,0,1,2,3,4,5,6,7,8,9,10,11,12,13,14,15,16,17,18,19,20,21,22,23,24,25,26,27,28,29,30,31,32,33,34,35,36,37,38,39,40,41,42,43,44,45,46,47,48,49,50,51,52,53,54,55,56,57,58,59,60,61,62,63,64,65,66,67,68,69,70,71,72,73,74,75,76,77,78,79,80,81,82,83,84,85,86,87,88,89,90,91,92,93,94,95,96,97,98,99,100,101,102,103,104,105,106,107,108
0,0.0,3.684438,7.2798457,10.209303,13.014448,15.533348,18.672514,21.019386,25.103155,26.901962,32.534256,31.959345,35.27305,38.96074,34.969704,30.847094,29.372791,26.405434,22.570463,22.202435,18.135878,19.121359,14.382035,14.423019,14.485958,19.275148,17.325525,17.469263,17.23981,22.320015,20.166475,27.78485,26.922525,32.40779,32.90218,35.892574,37.503174,36.11984,36.44601,33.737564,34.136,28.643448,29.514542,25.024029,27.64387,23.489407,26.200836,24.451004,26.393152,29.426813,31.140947,30.806828,36.025272,38.749756,35.72277,32.98036,36.46964,37.592445,43.25865,42.377422,38.93909,40.351128,37.339363,39.71838,36.803715,41.475227,39.681175,35.42136,32.690357,34.52058,30.7496,35.359352,33.596096,38.086258,36.43008,42.211792,41.70984,44.222076,43.967438,47.6229,46.493496,44.199146,39.763855,37.937534,34.75244,33.631516,31.360523,27.39284,28.540375,25.558586,26.81902,30.626787,28.728039,33.101067,31.779089,35.140514,37.049946,38.208477,42.03314,41.28523,45.86951,47.891132,47.254677,44.901234,45.381645,39.84948,41.773514,37.70523,40.308285
1,3.684438,0.0,3.6600723,6.949903,9.602114,12.149195,15.264404,17.347929,21.472054,23.224035,28.867102,28.29108,31.592712,35.309364,31.369848,27.26915,25.819925,23.016092,19.194551,19.227226,15.086874,16.725866,12.367647,12.364582,13.662307,18.234583,16.645134,16.100088,14.951475,20.192701,17.359215,25.069784,23.759212,29.426498,29.584513,32.679276,34.133434,32.72657,33.262486,30.501127,31.279507,25.674425,26.944899,22.298096,25.552645,21.876234,24.800776,23.683395,25.248917,28.796247,29.729574,29.894548,35.01937,37.254093,34.110733,31.160732,34.458504,35.288918,40.979347,39.995857,36.502285,38.25909,35.477684,37.96562,35.54938,39.9928,38.450848,34.51955,31.4717,32.78566,28.725853,33.20497,31.119455,35.60962,33.652367,39.452156,38.691692,41.2393,40.808258,44.39398,43.137596,40.8154,36.506958,34.62093,31.670263,30.364265,28.49716,24.54244,26.02471,23.266651,24.967857,28.780994,26.359566,30.598568,28.879051,32.391487,33.974136,35.253796,38.841816,38.22988,42.788525,44.834858,44.409798,42.066326,42.904083,37.288364,39.450077,35.496227,38.24844
2,7.2798457,3.6600723,0.0,4.757177,6.3646464,9.489296,11.900375,13.910876,18.00414,19.722599,25.419138,24.733885,28.028542,31.693727,27.71302,23.659584,22.16081,19.464529,15.612077,15.965845,11.796036,14.067212,10.316103,10.413692,12.931489,17.081833,16.115665,15.025068,12.962447,18.342798,14.977561,22.76297,21.062395,26.838425,26.588669,29.850105,31.035017,29.503765,30.237865,27.362967,28.559315,22.718489,24.37431,19.531195,23.390106,20.222622,23.164658,22.833485,24.116047,28.13021,28.305813,29.112545,34.07467,35.76801,32.66066,29.535826,32.50191,33.075512,38.78766,37.588116,34.04373,36.036713,33.4722,35.972427,34.068768,38.15801,36.82037,33.23381,29.854795,30.658424,26.457453,30.790585,28.474348,32.967625,30.780678,36.61782,35.649544,38.295536,37.696747,41.17648,39.785828,37.357986,33.177654,31.17049,28.424711,26.887173,25.363474,21.383184,23.143435,20.609682,22.706373,26.465906,23.579653,27.660416,25.613222,29.246706,30.580448,31.976362,35.405415,34.953457,39.506176,41.611095,41.348755,38.977562,40.13286,34.412712,36.745705,32.897587,35.730953
3,10.209303,6.949903,4.757177,0.0,4.1253943,5.631368,9.340904,11.763937,15.426331,18.23867,22.99626,23.348423,26.210648,29.751297,26.276075,21.62282,21.041471,17.877943,15.384196,15.808855,12.234171,15.622707,12.350371,10.347342,13.96681,17.223862,15.330367,13.028086,10.143224,14.848462,10.7942095,18.361534,16.815731,22.504858,22.703554,25.746916,27.303282,26.016317,26.502592,23.889421,24.741327,19.541903,21.23953,16.860455,20.921967,18.408863,22.291346,21.585228,21.89156,26.074291,25.591316,26.119026,30.973795,32.513763,28.950989,25.746595,28.982279,29.32734,34.929153,34.14272,30.661032,33.130203,30.81102,33.736847,32.088177,36.584606,35.761494,32.509125,29.438278,29.843063,24.770788,28.821352,25.998112,30.280281,27.81119,33.42117,32.361523,34.718708,34.225807,37.887535,36.717926,34.729794,30.362581,28.839487,26.036161,25.16099,23.777348,20.545433,22.756124,20.826263,23.463242,27.479218,24.758795,28.019075,25.429781,28.818073,29.53021,30.653223,33.62491,32.766247,37.131355,38.972286,38.826736,36.735268,37.972115,32.61906,35.33093,31.769497,35.07942
4,13.014448,9.602114,6.3646464,4.1253943,0.0,5.713571,5.676755,9.321954,12.572701,15.559323,20.375412,20.397417,23.23031,26.486786,22.730076,18.097271,17.34479,13.912937,11.475883,11.759148,8.407354,12.306748,9.991765,8.1050625,12.707218,15.275363,14.501526,12.051233,8.344205,13.311906,9.27615,17.00457,15.380528,20.939106,20.62941,23.996962,25.027548,23.339352,23.931456,21.020563,22.31094,16.444616,18.446953,13.651605,18.270966,16.220955,19.73886,20.127052,20.42626,25.027557,23.884308,25.397823,30.001108,30.923965,27.750507,24.430315,27.033985,27.255505,32.935246,31.644108,28.085629,30.508265,28.316854,31.050417,29.89242,33.80729,33.05302,30.124464,26.663698,26.614557,21.670288,25.628466,22.786114,27.154179,24.644497,30.415588,29.311882,31.945387,31.337234,34.841785,33.541435,31.251532,26.939095,25.149994,22.36345,21.214703,19.876804,16.505566,18.855927,17.116444,20.04583,23.95313,21.007969,24.044552,21.322573,24.737717,25.440908,26.632719,29.70664,29.011515,33.46455,35.45423,35.315723,33.086308,34.504986,28.950459,31.683807,28.15255,31.422602
5,15.533348,12.149195,9.489296,5.631368,5.713571,0.0,7.3239536,7.480765,10.88902,14.021708,18.027937,19.142887,21.683228,25.374586,22.534376,17.797298,17.918127,15.434048,14.033324,15.734486,12.950304,17.453682,15.646182,13.519102,18.118412,20.437979,18.842777,15.597192,11.410257,14.720571,8.820134,15.166636,12.096739,18.25713,17.833164,20.845303,22.395761,21.434265,22.41105,20.011675,21.61514,17.077349,19.722498,15.788787,20.922058,19.880033,24.126316,24.09844,23.402126,27.970911,26.13747,27.052858,31.455387,32.170807,28.193844,24.764719,27.766407,27.345472,32.69025,32.11758,28.699244,32.090443,30.42399,33.667507,32.95649,37.173836,36.974327,34.42026,31.212126,30.690758,25.044107,28.46,24.860723,28.788952,25.561203,30.838633,29.103144,31.228638,30.367296,33.95206,32.609295,30.919296,26.884052,25.57925,23.52234,22.574774,22.454279,19.895983,22.854418,21.77009,25.08342,28.867039,25.43014,28.006462,24.52479,27.98565,27.6297,28.888824,30.930475,30.216803,34.295673,35.98943,36.41295,34.565308,36.55194,31.409893,34.672768,31.593271,35.225643
6,18.672514,15.264404,11.900375,9.340904,5.676755,7.3239536,0.0,6.639705,7.969358,12.070582,15.820434,16.29882,18.618088,21.383238,17.799646,12.765415,12.729838,8.756548,8.371571,9.032592,7.6382356,12.392185,12.232871,10.042645,15.272983,16.20589,16.241117,13.116099,8.420208,11.727139,7.2550116,13.679369,11.70284,16.848808,15.900038,19.518269,20.014256,18.008867,18.746674,15.645691,17.624567,11.492014,14.37227,9.648111,15.464368,15.132649,18.610968,20.208618,19.636875,24.669344,22.051733,24.585972,28.571756,28.432844,25.404665,21.926723,23.756033,23.422398,28.975155,27.372135,23.809483,26.744009,25.116146,27.916437,27.817453,31.107552,30.9306,28.840286,25.170496,24.049097,18.705452,22.016445,18.5915,22.749681,19.745079,25.448425,23.997383,26.745436,25.926819,29.306517,27.909601,25.576805,21.322582,19.541252,17.013956,15.88779,15.250403,12.5973015,15.679041,15.035493,18.694695,22.32093,19.073145,20.982103,17.48718,20.733198,20.613716,21.768848,24.344988,23.668781,28.026428,30.00413,30.138397,27.984093,29.94244,24.459227,27.619299,24.517075,28.072165
7,21.019386,17.347929,13.910876,11.763937,9.321954,7.480765,6.639705,0.0,4.6932917,6.6366606,11.521577,11.728562,14.53247,18.427973,15.394266,11.340845,11.009318,10.356238,9.181651,12.840874,11.271668,16.15995,16.648413,15.917265,20.986637,22.502583,22.604815,19.483425,14.740643,17.524488,11.748747,16.342436,11.67558,17.609348,15.022673,18.61208,18.800238,17.40561,19.574495,16.80606,20.355843,15.349139,19.25885,15.2154045,21.47411,21.715197,25.039877,26.845272,26.092325,31.120388,28.117184,30.489376,34.296852,33.78728,30.338755,26.776398,28.541649,27.451597,32.56602,31.24398,27.83811,31.604591,30.561924,33.457203,33.966484,36.878815,36.93839,35.162827,31.256584,29.665749,24.513285,27.28064,23.408344,27.106379,23.324503,28.493557,25.997818,28.47259,26.877665,29.885939,27.868725,25.638916,22.434198,20.46028,19.664581,17.372576,19.080608,16.584288,20.104965,19.790709,23.553768,26.560236,21.92457,24.053488,19.800076,23.60966,22.403107,24.267412,25.626635,25.833754,29.814777,31.793531,32.823,30.830843,33.8466,28.436234,31.943506,29.25451,32.68145
8,25.103155,21.472054,18.00414,15.426331,12.572701,10.88902,7.969358,4.6932917,0.0,5.7855067,7.9011383,9.415608,11.221935,14.517096,12.003449,7.3044963,8.594122,8.085901,9.731187,13.0787525,13.051736,17.807919,19.122686,17.866476,23.06756,23.627136,23.970104,20.553991,15.717032,17.161263,11.899001,14.395515,9.573209,14.559859,11.172353,14.943986,14.532448,12.889176,15.359785,12.594275,16.885626,12.456906,16.88144,13.672095,20.081932,21.517403,24.75799,27.091793,25.724083,30.823675,26.900597,29.807983,33.054493,31.784698,28.492247,24.957758,26.08908,24.522806,29.319042,27.865576,24.595894,28.773384,28.26621,31.188679,32.47513,34.948185,35.503723,34.38539,30.549908,28.252565,22.926111,24.974562,20.7335,23.967468,19.803013,24.606194,21.746304,24.190012,22.383816,25.270481,23.19081,21.063345,17.995445,16.21332,15.965249,13.88559,16.530626,15.159735,18.97915,19.575397,23.60386,26.350077,21.892447,22.879051,18.153927,21.511818,19.40612,21.112986,21.73183,21.889551,25.61222,27.475302,28.801275,26.999784,30.452635,25.373373,29.198507,27.02008,30.637156
9,26.901962,23.224035,19.722599,18.23867,15.559323,14.021708,12.070582,6.6366606,5.7855067,0.0,7.059104,5.2907786,8.627939,13.086368,10.335628,8.468024,7.556189,10.616656,10.177659,14.983553,14.702399,18.989925,20.961327,21.149668,26.115488,27.157068,28.141,25.164589,20.429653,22.620068,17.29345,20.087006,14.770784,19.610973,15.358307,18.845411,17.724695,16.298592,19.653372,17.04234,22.059757,17.626472,22.125317,18.637037,25.068144,26.216068,28.822422,31.67757,30.83114,35.97383,32.243835,35.37255,38.672523,37.30316,34.20046,30.679802,31.563232,29.894304,34.499187,32.775604,29.588776,33.66404,33.25093,35.836823,37.319176,39.18105,39.511307,38.4177,34.14094,31.734993,27.192146,29.197788,25.242115,28.404554,24.254433,28.847523,25.606709,28.132915,25.80486,28.04176,25.33624,22.76749,20.899979,18.433475,19.400854,15.848742,19.660471,17.653936,21.325897,21.757803,25.58268,27.684944,22.138443,23.670233,18.858246,22.754599,20.47963,22.946651,23.176283,24.454908,28.007051,30.13193,31.894373,29.930264,33.947136,28.61669,32.26504,30.13371,33.24956
10,32.534256,28.867102,25.419138,22.99626,20.375412,18.027937,15.820434,11.521577,7.9011383,7.059104,0.0,5.7712817,4.8566375,8.492535,8.78798,7.3461304,9.759268,12.683721,15.233172,19.099712,19.899624,24.216597,26.373869,25.548292,30.695192,30.894196,31.557514,28.069895,23.28311,23.803099,18.89252,18.739872,13.346626,16.271023,10.989938,13.846852,11.867423,10.987647,15.131486,13.416731,19.100996,16.822361,21.505672,19.616426,25.729607,28.212584,31.085215,33.987923,32.18248,37.22199,32.45196,35.705868,38.247738,36.037083,32.845512,29.488323,29.822746,27.37328,31.138855,29.751333,27.000753,31.85859,32.310246,35.105396,37.508904,39.116657,40.241997,39.9641,36.072094,32.924683,27.974342,28.917036,24.449915,26.616707,21.93583,25.366858,21.385063,23.330912,20.549278,22.458355,19.632309,17.859203,16.809937,15.268415,17.574415,14.9789,20.002262,19.82342,23.64343,25.079517,29.105047,31.047804,26.06775,26.098137,20.90842,23.85499,20.142939,22.143976,20.635101,21.733854,24.391943,26.021643,28.50927,27.164322,31.84494,27.469542,31.589306,30.354588,33.79236
11,31.959345,28.29108,24.733885,23.348423,20.397417,19.142887,16.29882,11.728562,9.415608,5.2907786,5.7712817,0.0,4.0380726,8.542102,6.427913,7.6293845,6.923199,12.0181,12.828875,17.377647,18.15686,21.881435,24.715237,25.121376,29.991913,30.470566,31.985235,29.064573,24.408234,26.005312,21.240635,22.775824,17.655941,21.2478,16.229599,19.39334,17.19296,15.671713,19.588634,17.253305,22.987335,19.22452,23.840683,21.009697,27.237778,29.1275,31.215273,34.769703,33.755096,38.901978,34.594467,38.297894,41.110268,39.043346,36.322903,32.919514,33.046097,30.999317,35.098297,33.039883,30.120176,34.300194,34.411243,36.71001,38.972984,39.990135,40.610703,40.147537,35.744133,32.69404,28.65059,29.932913,26.02644,28.611128,24.354527,28.295273,24.626207,27.144886,24.34676,25.851236,22.679882,19.858559,19.218708,16.507753,18.890074,14.732412,19.947212,18.71586,22.286684,23.41314,27.18247,28.59156,22.841362,23.470978,18.432882,21.95977,18.748974,21.480593,20.632719,22.699875,25.735325,27.905853,30.200281,28.337,33.044945,28.006649,31.699297,30.1472,33.009865
12,35.27305,31.592712,28.028542,26.210648,23.23031,21.683228,18.618088,14.53247,11.221935,8.627939,4.8566375,4.0380726,0.0,4.9820266,5.5787706,7.756802,8.874246,13.5320425,15.781779,19.778635,21.106937,24.820013,27.768929,27.69122,32.63512,32.648148,34.069286,30.93301,26.284199,27.074537,22.628937,22.78083,17.859516,20.322083,14.953664,17.653027,14.838383,13.511544,17.73342,15.906941,21.914532,19.262785,23.876846,21.89155,27.862822,30.447922,32.57677,36.228992,34.757893,39.832546,34.98501,38.829815,41.20088,38.63905,35.988144,32.71067,32.436363,30.00207,33.584858,31.6041,28.96742,33.46648,34.06828,36.390892,39.20226,39.953304,40.99929,41.025883,36.817352,33.338562,29.204563,29.858593,25.77225,27.756586,23.303934,26.518694,22.470488,24.707602,21.62307,22.743874,19.403423,16.885391,17.017277,14.732955,18.041681,14.358955,20.251722,20.042051,23.61406,25.294271,29.125225,30.388838,25.011538,24.747868,19.588434,22.481718,18.434765,20.90082,18.943316,21.06474,23.507381,25.43344,28.178062,26.650438,31.777658,27.305407,31.202473,30.201593,33.16729
13,38.96074,35.309364,31.693727,29.751297,26.486786,25.374586,21.383238,18.427973,14.517096,13.086368,8.492535,8.542102,4.9820266,0.0,5.3591037,8.877374,10.76545,14.838126,18.267025,21.412508,23.577335,26.863953,30.246033,29.953018,34.74813,34.078323,35.81243,32.73479,28.328434,28.426102,24.854797,23.980627,19.975618,21.039156,15.786732,18.03382,14.395086,12.747698,16.738087,15.283482,21.300987,19.446203,23.749256,22.605865,27.97915,31.252424,32.94521,37.04983,35.34298,40.27221,34.93992,39.26587,41.07113,37.875862,35.741493,32.698425,31.643145,28.993229,32.01157,29.681406,27.393633,31.791033,32.884922,34.902847,38.399044,38.42198,39.822674,40.49449,36.412117,32.406216,28.692007,28.5628,24.656513,25.93345,21.62584,24.030382,19.842302,22.062723,18.753134,19.134264,15.51734,12.725613,14.077638,11.90302,16.332699,12.946012,19.40478,20.269,23.54711,25.876442,29.577225,30.406353,25.544617,24.14526,19.112324,21.11637,16.285748,18.481037,15.354144,17.866283,19.642918,21.50166,24.618465,23.294535,28.85979,24.955273,28.842422,28.50247,31.314545
14,34.969704,31.369848,27.71302,26.276075,22.730076,22.534376,17.799646,15.394266,12.003449,10.335628,8.78798,6.427913,5.5787706,5.3591037,0.0,5.7636995,5.8129916,10.587559,13.367201,16.544806,18.793598,21.769749,25.418543,25.638376,30.246895,29.716278,31.90096,29.194471,24.915602,25.799976,22.370539,23.068228,19.290987,21.42654,16.591019,19.670158,16.57788,14.180406,17.653261,15.210987,21.013308,17.382801,21.666454,19.544617,25.110037,27.766794,29.074282,33.448544,32.336956,37.362972,32.563343,37.08079,39.305195,36.548477,34.633194,31.464935,30.589432,28.514814,32.278255,29.506496,26.804268,30.570919,31.041178,32.84458,35.8248,35.860844,36.729168,36.96291,32.556408,28.861706,25.492865,26.005033,22.444607,24.51351,20.563515,24.117622,20.599695,23.50669,20.687492,21.65047,18.35035,14.7078,14.590189,11.269067,14.501399,9.843269,15.98324,15.842003,19.092312,21.106497,24.745478,25.562344,20.38215,19.525566,14.428107,17.124146,13.085158,15.834241,14.45633,17.077938,19.977245,22.389193,24.692488,22.710117,27.724161,22.874182,26.477001,25.451248,28.086063
15,30.847094,27.26915,23.659584,21.62282,18.097271,17.797298,12.765415,11.340845,7.3044963,8.468024,7.3461304,7.6293845,7.756802,8.877374,5.7636995,0.0,4.657374,6.2664423,10.5432415,13.236464,15.290034,18.965504,21.872139,21.138475,25.995623,25.431797,26.984146,23.952904,19.560747,20.176512,16.688337,17.491756,14.01584,16.51382,12.24102,15.803077,13.501952,10.788662,13.714049,10.750599,16.258087,12.101125,16.607342,14.332241,20.224993,22.849148,24.88184,28.637127,27.225737,32.2954,27.551083,31.70467,34.14919,31.7621,29.464952,26.175959,25.8091,23.902216,28.149858,25.724367,22.72267,26.698023,26.848034,29.134893,31.618044,32.602383,33.497017,33.348648,29.239643,25.902445,21.509855,22.470905,18.445107,20.995365,16.808113,21.101768,17.892435,20.840322,18.54511,20.590446,17.977882,14.912815,12.723194,9.981748,11.390985,7.936474,12.89083,12.786992,16.520626,18.343718,22.329933,24.08685,19.582125,19.01313,13.839425,16.61241,13.247146,15.247933,14.97075,16.016735,19.559572,21.750406,23.468695,21.52431,25.826534,20.82227,24.717138,23.242413,26.543108
16,29.372791,25.819925,22.16081,21.041471,17.34479,17.918127,12.729838,11.009318,8.594122,7.556189,9.759268,6.923199,8.874246,10.76545,5.8129916,4.657374,0.0,5.9732985,7.568926,11.164296,13.029472,16.221224,19.675646,20.121887,24.713884,24.589186,26.803942,24.313324,20.071703,21.860521,18.310373,20.782,17.205688,20.595766,16.526196,20.204762,18.076471,15.443155,18.241302,15.094676,20.206602,14.943584,19.142735,15.825367,21.738117,23.486332,24.891275,29.028955,28.42309,33.53746,29.448895,33.73172,36.54039,34.522987,32.485153,29.164711,28.907505,27.445747,31.988855,29.228325,26.094532,29.413162,29.110445,31.007162,33.089874,33.77747,34.096233,33.574303,29.0163,25.999182,22.422865,23.943144,20.547148,23.582645,19.938515,24.64614,21.837091,25.048447,22.837688,24.64787,21.882523,18.274174,16.430763,12.98194,14.006742,9.259306,13.619957,11.904695,15.387056,16.63819,20.406075,21.818924,16.437773,16.821617,11.763394,15.4633045,13.074057,15.808429,16.568861,18.345963,22.200642,24.769312,26.195515,23.823002,27.884897,22.26797,25.64921,23.6883,26.442732
17,26.405434,23.016092,19.464529,17.877943,13.912937,15.434048,8.756548,10.356238,8.085901,10.616656,12.683721,12.0181,13.5320425,14.838126,10.587559,6.2664423,5.9732985,0.0,6.1084886,7.1611524,9.71841,13.131374,16.045227,15.344056,19.97734,19.312103,21.318222,18.756342,14.7338505,16.274267,13.693605,16.705503,14.657059,17.85281,15.176002,18.982443,17.607578,14.626359,16.051373,12.502997,16.33325,9.934513,13.725782,9.947289,15.85625,17.55024,19.232,23.160427,22.451721,27.564316,23.595516,27.90086,30.814417,29.091318,27.170652,23.87246,23.779358,22.820538,27.823496,25.026188,21.653715,24.565647,23.80131,25.85859,27.463724,28.75084,29.002035,28.20313,23.892508,21.166885,16.909822,18.91598,15.49969,19.111063,15.832891,21.29107,19.347311,22.738016,21.317116,23.850897,21.871645,18.559145,15.056447,12.132536,10.724123,7.6214843,9.238709,7.3522286,11.210021,12.439928,16.508362,18.816496,14.791386,14.952295,10.312192,13.538822,12.275863,13.991704,16.19545,16.510832,20.930204,23.373108,23.919075,21.45428,24.505407,18.701683,22.08128,19.631968,22.89725
18,22.570463,19.194551,15.612077,15.384196,11.475883,14.033324,8.371571,9.181651,9.731187,10.177659,15.233172,12.828875,15.781779,18.267025,13.367201,10.5432415,7.568926,6.1084886,0.0,5.2262206,5.6134663,9.119739,12.200931,13.38096,17.726078,18.37655,20.774185,18.915806,15.099732,18.539293,15.335544,20.48491,17.815865,22.33978,19.708042,23.61054,22.61394,19.99054,21.726902,18.233301,21.798367,15.036613,18.328516,13.497777,19.142508,19.117311,20.424397,24.095442,24.488657,29.5313,26.778904,30.612597,34.18364,33.285564,31.278807,27.934092,28.476175,27.98335,33.277813,30.570156,27.092545,29.497288,28.126478,29.956388,30.654793,32.137836,31.593166,29.954308,25.28781,23.513906,20.065151,22.989439,20.280409,24.33313,21.531265,27.200016,25.442142,28.815762,27.374311,29.855505,27.685722,24.193552,21.076487,17.881952,16.568142,12.894768,13.666687,9.594705,12.580466,12.068452,15.654515,17.973597,12.805759,15.331122,11.571132,15.840272,16.030155,18.285385,21.169418,22.0338,26.542458,29.167624,29.560432,26.858955,29.53897,23.34544,26.089787,22.998987,25.624577
19,22.202435,19.227226,15.965845,15.808855,11.759148,15.734486,9.032592,12.840874,13.0787525,14.983553,19.099712,17.377647,19.778635,21.412508,16.544806,13.236464,11.164296,7.1611524,5.2262206,0.0,4.335471,6.1127787,9.599685,10.289332,14.083591,13.810501,16.953041,15.672449,12.757736,16.156338,14.80668,20.210577,19.195873,22.990719,21.357098,25.150871,24.335314,21.401691,22.137396,18.567396,20.94252,13.696276,15.825877,10.80666,15.35256,14.852944,15.425219,19.561726,20.40998,25.296343,22.931267,27.125431,30.639795,29.91583,28.542128,25.424665,25.715385,25.853355,31.30427,28.244669,24.747898,26.216497,24.377186,25.85026,26.135508,27.552504,26.684937,24.837084,20.13055,18.679752,15.61529,18.993397,17.048899,21.411514,19.512194,25.453424,24.61275,28.18037,27.338112,29.973345,28.300991,24.76298,20.980764,17.979702,15.266912,12.652045,10.849405,5.972243,8.190605,7.0988784,10.820714,13.751148,10.069259,12.368628,9.753547,13.321726,14.950258,16.472027,20.594744,20.752619,25.508068,28.143913,27.739088,24.85534,26.566265,20.238064,22.488121,18.930874,21.502321
20,18.135878,15.086874,11.796036,12.234171,8.407354,12.950304,7.6382356,11.271668,13.051736,14.702399,19.899624,18.15686,21.106937,23.577335,18.793598,15.290034,13.029472,9.71841,5.6134663,4.335471,0.0,4.9752784,6.6898446,8.164654,12.224221,13.489894,15.893317,14.685874,11.662204,16.227346,13.9949665,20.609537,19.130297,23.819174,22.38563,26.19001,25.894812,23.325327,24.222687,20.744173,22.968586,15.84779,18.006672,12.652348,17.306759,15.744455,17.023424,20.006525,21.175238,25.984169,24.3779,27.727932,31.765778,31.739185,29.846647,26.633915,27.72602,27.9864,33.621162,31.048422,27.472242,29.123747,27.013395,28.782892,28.368958,30.558079,29.442678,26.962921,22.488861,21.840298,18.48027,22.308636,20.24241,24.746552,22.696795,28.706932,27.74823,31.096395,30.245209,33.12469,31.4369,28.149122,24.302149,21.49872,18.883997,16.404474,14.88762,10.212909,12.139361,10.132944,13.171611,16.429255,12.671253,16.128477,13.823655,17.571466,19.146149,20.760628,24.636835,24.742859,29.462143,31.987278,31.675863,28.908083,30.507782,24.285341,26.523304,22.810928,25.370016
21,19.121359,16.725866,14.067212,15.622707,12.306748,17.453682,12.392185,16.15995,17.807919,18.989925,24.216597,21.881435,24.820013,26.863953,21.769749,18.965504,16.221224,13.131374,9.119739,6.1127787,4.9752784,0.0,5.170154,8.935879,10.936882,11.9896345,15.835039,15.974948,14.319656,18.945747,18.031374,24.645031,23.814966,28.121437,26.853409,30.642017,30.14211,27.338701,27.985434,24.451466,26.323904,19.056583,20.44237,15.276584,18.577906,16.263979,15.9586115,19.53922,21.761663,26.146181,25.334446,28.990826,32.961006,33.112907,31.962631,29.019955,29.746492,30.480722,36.09048,33.065353,29.573717,30.273851,27.812105,28.892939,28.092506,29.66509,27.892319,25.106277,20.353962,20.30768,18.487524,22.528847,21.537012,26.062847,24.832737,30.838238,30.413923,33.981667,33.327023,35.998928,34.37583,30.74858,26.99733,23.949482,21.047716,18.489714,15.981864,10.883393,11.201781,8.049559,9.774298,12.779621,9.675348,14.14565,13.476295,16.85873,19.773645,21.282696,25.982996,26.23434,31.018997,33.725037,32.945587,29.91536,30.92415,24.553865,25.989592,21.932854,23.720564
22,14.382035,12.367647,10.316103,12.350371,9.991765,15.646182,12.232871,16.648413,19.122686,20.961327,26.373869,24.715237,27.768929,30.246033,25.418543,21.872139,19.675646,16.045227,12.200931,9.599685,6.6898446,5.170154,0.0,5.5922213,6.8935194,9.832469,12.468721,13.023995,12.105816,17.45353,16.69698,24.11371,23.702856,28.333683,27.83268,31.46524,31.653488,29.156286,29.458595,26.093142,27.196032,20.209305,21.105303,15.932276,18.694784,15.183845,15.780097,17.63866,20.190727,24.278442,24.47727,27.104246,31.569237,32.609028,31.062296,28.181711,29.742699,30.830385,36.60377,34.132153,30.603548,31.256176,28.392675,29.8277,28.075485,30.780432,28.833963,25.316683,21.212105,22.154188,19.673025,24.196009,23.158665,27.822807,26.693707,32.766182,32.569,35.872353,35.509354,38.585457,37.247734,34.03796,29.828217,27.248323,23.870707,22.120056,19.113546,14.45704,14.837695,11.505599,12.747634,16.419174,14.598361,18.842207,18.22301,21.32475,24.121391,25.286627,29.930782,29.613121,34.398445,36.86704,35.911434,33.073696,33.59556,27.508848,28.968071,24.760685,26.838974
23,14.423019,12.364582,10.413692,10.347342,8.1050625,13.519102,10.042645,15.917265,17.866476,21.149668,25.548292,25.121376,27.69122,29.953018,25.638376,21.138475,20.121887,15.344056,13.38096,10.289332,8.164654,8.935879,5.5922213,0.0,5.233657,7.2473683,7.984185,7.5340705,6.8033967,12.130639,12.284727,19.606602,20.255838,24.398584,24.816195,28.169945,28.860117,26.52893,26.167547,23.057274,23.180506,16.691074,16.951147,12.136649,14.374531,10.585939,12.781832,13.447294,15.274308,19.548822,19.598082,21.781809,26.37724,27.66289,25.789125,22.931599,24.92895,26.189404,31.995226,29.96659,26.462782,27.247229,24.285744,26.240469,24.21391,27.913948,26.421705,22.915455,19.489315,20.440254,16.591967,21.210428,19.826492,24.453613,23.37353,29.349226,29.446419,32.45766,32.48839,35.91458,35.031815,32.36122,27.61489,25.720959,21.732391,21.243822,17.597853,13.979672,14.730585,12.122684,13.983345,18.323408,17.48663,20.38597,19.27961,21.806736,24.084475,24.639748,29.046976,27.900236,32.56445,34.681366,33.551945,31.027899,31.178228,25.56671,27.352705,23.30159,26.100473
24,14.485958,13.662307,12.931489,13.96681,12.707218,18.118412,15.272983,20.986637,23.06756,26.115488,30.695192,29.991913,32.63512,34.74813,30.246895,25.995623,24.713884,19.97734,17.726078,14.083591,12.224221,10.936882,6.8935194,5.233657,0.0,4.9980736,6.4765587,8.912595,10.7435055,15.381241,16.861942,23.921005,25.205841,29.033743,29.814249,33.068436,33.809395,31.405127,30.73886,27.685118,27.2551,20.971167,20.391632,16.110779,16.610989,11.658663,12.370357,12.153115,15.515595,18.774042,20.487766,22.269567,26.917156,28.900017,27.6825,25.275055,27.238453,29.120073,34.822884,32.676785,29.333162,29.126879,25.675602,27.068905,24.07013,27.793549,25.56516,21.303432,18.280268,20.522055,17.974836,22.807291,22.481918,27.008257,26.758968,32.60931,33.287643,36.333733,36.665905,40.052177,39.356583,36.58954,31.776674,29.873955,25.558247,25.264023,20.838411,17.227135,16.870192,13.682766,14.02854,18.233158,18.837255,22.00818,22.077324,24.135586,27.286188,27.599785,32.564312,31.297453,35.95413,38.08827,36.47024,33.85415,33.208176,27.765638,28.80195,24.497883,26.702795
25,19.275148,18.234583,17.081833,17.223862,15.275363,20.437979,16.20589,22.502583,23.627136,27.157068,30.894196,30.470566,32.648148,34.078323,29.716278,25.431797,24.589186,19.312103,18.37655,13.810501,13.489894,11.9896345,9.832469,7.2473683,4.9980736,0.0,5.706448,8.361853,10.853248,14.01568,17.06624,23.03002,25.22138,28.090364,29.133867,32.254406,32.766636,30.13677,28.969078,26.00182,25.022997,18.975752,17.572521,13.998879,13.003487,7.9894843,7.4506936,8.260855,11.979958,15.255523,16.693958,19.394861,23.55877,25.133993,24.67786,22.53158,23.801842,25.974878,31.514046,28.995075,25.797073,24.907732,21.319778,22.351368,19.348341,22.816725,20.580528,16.43018,13.423575,15.784905,13.550151,18.369825,18.712402,23.068806,23.497322,29.146852,30.369064,33.46729,34.114346,37.39207,36.990715,34.255287,29.316715,27.635225,22.882648,23.299679,17.987017,15.171023,14.144286,11.440853,11.471572,15.796215,17.773499,19.742039,20.261063,21.452087,24.849922,24.610355,29.823492,28.15334,32.684116,34.72455,32.69631,30.10653,28.895382,23.729103,24.441015,20.155064,22.383402
26,17.325525,16.645134,16.115665,15.330367,14.501526,18.842777,16.241117,22.604815,23.970104,28.141,31.557514,31.985235,34.069286,35.81243,31.90096,26.984146,26.803942,21.318222,20.774185,16.953041,15.893317,15.835039,12.468721,7.984185,6.4765587,5.706448,0.0,4.418636,8.775077,11.433746,14.964502,20.841282,23.644304,26.438715,28.356415,31.116932,32.3568,30.176094,28.661304,26.072987,24.284687,19.162672,17.426811,14.4653635,13.168942,7.7604065,10.273538,7.1270547,9.862668,12.826122,15.096581,15.990289,20.795483,23.365593,22.050129,19.975292,22.403135,24.734047,30.257725,28.662369,25.534046,25.101852,21.45297,23.30341,19.670145,24.699272,22.991167,18.763567,17.051939,19.43659,15.727288,20.349413,20.007277,24.160261,24.31336,29.727875,30.954266,33.574562,34.469456,38.134434,38.03693,35.90793,30.655226,29.579762,24.720116,25.84686,20.843763,18.642874,18.438707,16.225534,16.944368,21.356884,22.827738,24.675098,24.438581,25.756416,28.403294,28.008276,32.657364,30.493715,34.84453,36.52043,34.596794,32.403103,31.107094,26.50806,27.686012,23.730963,26.541996
27,17.469263,16.100088,15.025068,13.028086,12.051233,15.597192,13.116099,19.483425,20.553991,25.164589,28.069895,29.064573,30.93301,32.73479,29.194471,23.952904,24.313324,18.756342,18.915806,15.672449,14.685874,15.974948,13.023995,7.5340705,8.912595,8.361853,4.418636,0.0,4.8832064,7.271313,10.701941,16.494143,19.35866,22.133823,24.20888,26.869167,28.31049,26.32025,24.79409,22.336958,20.521902,15.683617,14.266136,11.365734,11.047003,6.7451763,11.3060055,8.797798,9.174389,13.195864,13.721003,14.606066,19.498383,21.60633,19.432991,16.919767,19.741596,21.617529,27.261738,26.014048,22.76895,23.28051,20.043905,22.600573,19.753204,25.034664,24.0872,20.56974,18.712305,20.02918,14.956057,19.296309,17.931005,22.069378,21.540743,26.951405,27.794006,30.230986,31.0244,34.838234,34.746414,32.910984,27.598753,26.800034,22.100258,23.485132,19.049398,17.291557,17.936031,16.339556,18.057104,22.554173,23.13751,24.627195,23.494492,25.005785,26.830088,26.473667,30.535849,28.250328,32.5102,34.038986,32.48086,30.48996,29.738369,25.218645,27.071758,23.425272,26.815403
28,17.23981,14.951475,12.962447,10.143224,8.344205,11.410257,8.420208,14.740643,15.717032,20.429653,23.28311,24.408234,26.284199,28.328434,24.915602,19.560747,20.071703,14.7338505,15.099732,12.757736,11.662204,14.319656,12.105816,6.8033967,10.7435055,10.853248,8.775077,4.8832064,0.0,5.7268114,6.382956,13.239374,15.013711,18.511187,19.95427,22.869675,24.189957,22.243324,21.251926,18.614956,17.759165,12.398484,12.359992,8.52982,10.971717,8.644544,13.387092,12.781826,12.210837,16.906067,15.627929,17.202606,21.758438,22.888487,20.080328,16.98859,19.664185,20.651037,26.428595,25.170958,21.711763,23.376205,20.781437,23.685865,22.033245,26.71877,26.24208,23.384293,20.80422,21.004852,15.285246,19.310091,16.854769,21.124495,19.554026,25.185379,25.22681,27.725052,28.036894,31.837847,31.393667,29.52076,24.390804,23.436108,19.257914,20.147507,16.778257,14.88331,16.520803,15.337719,18.013815,22.393347,21.633043,23.150852,21.07587,23.133125,24.186092,24.23609,27.746136,25.817951,30.12936,31.748423,30.788918,28.796194,29.031824,24.173597,26.68078,23.239716,26.917377
29,22.320015,20.192701,18.342798,14.848462,13.311906,14.720571,11.727139,17.524488,17.161263,22.620068,23.803099,26.005312,27.074537,28.426102,25.799976,20.176512,21.860521,16.274267,18.539293,16.156338,16.227346,18.945747,17.45353,12.130639,15.381241,14.01568,11.433746,7.271313,5.7268114,0.0,6.505769,9.587035,13.649362,15.224714,17.922073,20.18784,21.841562,20.095411,18.076115,16.073132,13.589401,10.076553,8.655092,7.4990597,8.170855,8.157798,13.6972275,12.523357,9.700646,14.3388405,11.493959,12.970237,17.042265,17.748508,14.502355,11.306925,14.288408,15.306323,21.000029,20.23604,16.94561,18.93812,16.649082,20.18457,18.928505,24.173517,24.556145,22.441702,20.736576,20.38037,13.733924,16.843512,13.942688,17.543877,16.099129,21.125338,21.598116,23.634504,24.48934,28.498348,28.666159,27.48699,22.06466,22.07674,17.584322,20.01977,16.467432,16.375786,18.027971,17.905159,20.656303,24.849485,24.753248,25.001284,22.750986,23.956835,24.343763,23.696875,26.611887,23.856037,27.691776,28.809929,27.689651,26.19443,26.081802,22.192865,24.973858,22.177723,26.333775
30,20.166475,17.359215,14.977561,10.7942095,9.27615,8.820134,7.2550116,11.748747,11.899001,17.29345,18.89252,21.240635,22.628937,24.854797,22.370539,16.688337,18.310373,13.693605,15.335544,14.80668,13.9949665,18.031374,16.69698,12.284727,16.861942,17.06624,14.964502,10.701941,6.382956,6.505769,0.0,7.950301,8.7790165,12.806972,14.307374,17.036901,18.831799,17.456192,16.752975,14.53146,14.17311,10.174638,11.657205,8.9683485,13.18833,13.340422,18.380205,18.091488,16.053305,20.731415,17.856255,19.11493,23.097439,23.409597,19.50994,16.038624,18.97245,18.783165,24.274534,23.752876,20.372263,23.638681,22.019108,25.578302,25.05388,29.651316,30.035093,28.002283,25.493855,24.653975,18.159948,21.141926,17.385357,21.039778,18.208797,23.340372,22.430832,24.436924,24.385063,28.333323,27.810085,26.559944,21.647186,21.24332,17.959385,19.043116,17.461544,16.545925,19.247782,19.023829,22.4213,26.467146,24.642414,25.623173,22.391623,24.636726,24.225143,24.434332,26.608452,24.700144,28.6027,29.911728,29.736576,28.18647,29.404165,24.981712,28.309921,25.57024,29.689472
31,27.78485,25.069784,22.76297,18.361534,17.00457,15.166636,13.679369,16.342436,14.395515,20.087006,18.739872,22.775824,22.78083,23.980627,23.068228,17.491756,20.782,16.705503,20.48491,20.210577,20.609537,24.645031,24.11371,19.606602,23.921005,23.03002,20.841282,16.494143,13.239374,9.587035,7.950301,0.0,6.455868,5.8997297,9.861925,11.172808,13.7729435,13.188316,11.188973,10.535167,8.4373045,9.300679,10.450574,11.481202,14.439354,17.0471,22.060564,21.801819,18.128637,22.238865,17.577127,18.683443,21.223078,20.253485,15.636127,12.251849,14.896651,13.405504,18.091848,18.671032,15.807557,20.491562,20.118523,24.25545,24.951733,29.460531,31.011694,30.137949,28.351774,26.58016,19.593546,20.916912,16.403572,18.523819,15.09251,18.684063,17.475456,18.447819,18.737547,22.934671,23.10984,23.154356,18.314198,19.454613,16.729517,19.465025,18.759855,19.962183,22.799866,23.771814,27.322058,30.990097,29.486628,29.047047,25.398846,26.75375,25.055576,24.620066,25.313362,22.650404,25.561977,26.073338,26.283337,25.606684,27.103838,24.11873,27.976345,26.359531,30.895216
32,26.922525,23.759212,21.062395,16.815731,15.380528,12.096739,11.70284,11.67558,9.573209,14.770784,13.346626,17.655941,17.859516,19.975618,19.290987,14.01584,17.205688,14.657059,17.815865,19.195873,19.130297,23.814966,23.702856,20.255838,25.205841,25.22138,23.644304,19.35866,15.013711,13.649362,8.7790165,6.455868,0.0,6.4099607,6.5539937,8.98657,11.291026,11.117312,11.501926,10.389429,11.895157,11.17176,14.406499,13.633403,18.566994,20.716259,25.387268,25.925053,23.050089,27.59394,23.217329,24.692358,27.54365,26.476093,22.057419,18.646858,20.815805,18.89574,23.27491,23.445532,20.524586,25.528429,25.334148,29.168602,30.205465,34.054462,35.346107,34.374847,31.778412,29.733316,23.109404,24.660559,19.90193,22.33369,18.111576,21.914665,19.429771,20.631985,19.731516,23.508135,22.699274,22.385445,18.416376,18.792076,17.516254,18.518913,19.666044,20.018373,23.495834,24.347553,28.25401,31.671196,28.783436,28.941723,24.605516,26.829386,24.548048,24.99585,25.099989,23.54763,26.563068,27.432718,28.505985,27.59246,30.250301,26.56271,30.667927,28.951591,33.276512
33,32.40779,29.426498,26.838425,22.504858,20.939106,18.25713,16.848808,17.609348,14.559859,19.610973,16.271023,21.2478,20.322083,21.039156,21.42654,16.51382,20.595766,17.85281,22.33978,22.990719,23.819174,28.121437,28.333683,24.398584,29.033743,28.090364,26.438715,22.133823,18.511187,15.224714,12.806972,5.8997297,6.4099607,0.0,5.539445,5.4460354,8.576526,9.089893,7.481178,8.357986,7.9330873,11.341313,13.5589905,15.183681,18.639202,22.090128,26.632341,27.135391,23.349707,27.401684,22.04697,23.57977,25.290148,23.274527,18.863363,15.865159,17.32306,14.558586,17.961348,18.851408,16.521183,22.206514,22.88438,26.911732,28.725399,32.40315,34.465466,34.301296,32.337284,29.797619,23.058994,23.450115,18.55009,19.706505,15.461741,17.75607,15.289155,15.537973,15.133609,19.135693,19.182648,20.030958,16.054974,17.85595,16.696762,19.30373,20.341888,22.226276,25.415672,26.986382,30.78679,34.00015,31.875975,30.909058,26.699284,27.9594,25.121218,24.8192,24.063795,21.70378,23.836088,23.992285,25.13348,24.937735,27.478477,25.061968,29.322187,28.428198,32.951122
34,32.90218,29.584513,26.588669,22.703554,20.62941,17.833164,15.900038,15.022673,11.172353,15.358307,10.989938,16.229599,14.953664,15.786732,16.591019,12.24102,16.526196,15.176002,19.708042,21.357098,22.38563,26.853409,27.83268,24.816195,29.814249,29.133867,28.356415,24.20888,19.95427,17.922073,14.307374,9.861925,6.5539937,5.539445,0.0,3.9028907,4.753478,5.122352,6.6869802,6.740644,10.214156,11.667392,15.334541,15.840371,20.569729,24.015562,27.998207,29.54356,26.34809,30.854773,25.444977,27.832747,29.720364,27.367119,23.51451,20.386124,21.106007,18.210764,21.578194,21.492336,19.032782,24.701843,25.529024,29.13319,31.458351,34.242973,36.135677,36.112625,33.432465,30.44414,24.189276,24.560799,19.553885,20.923166,16.125486,18.706602,15.165736,16.01395,14.352919,17.75383,16.713432,16.973743,13.864051,14.94461,15.240449,16.461178,19.17208,20.75593,24.320868,26.079046,30.097254,32.885967,29.827631,28.920158,24.218866,25.89808,22.428755,22.770248,21.374744,20.028105,22.2256,22.797401,24.673523,24.190315,27.792728,24.778957,29.205904,28.363714,32.638832
35,35.892574,32.679276,29.850105,25.746916,23.996962,20.845303,19.518269,18.61208,14.943986,18.845411,13.846852,19.39334,17.653027,18.03382,19.670158,15.803077,20.204762,18.982443,23.61054,25.150871,26.19001,30.642017,31.46524,28.169945,33.068436,32.254406,31.116932,26.869167,22.869675,20.18784,17.036901,11.172808,8.98657,5.4460354,3.9028907,0.0,4.237059,6.650774,7.17916,8.948456,11.036441,14.470102,17.485022,18.852924,22.90152,26.622223,30.762041,31.942776,28.33073,32.51141,26.890215,28.842325,30.261362,27.691746,23.627344,20.816265,21.511576,18.22645,20.692501,21.398685,19.454407,25.453712,26.707346,30.46108,32.986893,35.896732,38.144783,38.382717,36.076702,33.018036,26.66562,26.600168,21.60276,22.293169,17.608736,19.046825,15.426684,15.277094,13.76205,17.090408,16.559181,17.905758,15.278534,17.191486,17.742422,19.57203,22.22843,24.267742,27.712101,29.609066,33.57268,36.359432,33.534164,32.34507,27.701609,29.060987,25.353613,25.408335,23.442019,21.79393,23.295952,23.333326,25.41854,25.457851,29.014416,26.784616,31.247879,30.799038,35.149376
36,37.503174,34.133434,31.035017,27.303282,25.027548,22.395761,20.014256,18.800238,14.532448,17.724695,11.867423,17.19296,14.838383,14.395086,16.57788,13.501952,18.076471,17.607578,22.61394,24.335314,25.894812,30.14211,31.653488,28.860117,33.809395,32.766636,32.3568,28.31049,24.189957,21.841562,18.831799,13.7729435,11.291026,8.576526,4.753478,4.237059,0.0,3.513703,6.030981,7.6331654,11.512233,14.333272,17.769484,19.017618,23.309229,27.361713,30.904667,32.92143,29.557308,33.91741,28.01998,30.793781,32.035072,28.93808,25.523775,22.727821,22.55336,19.140985,21.459866,21.304085,19.40362,25.30304,26.840767,30.203655,33.320812,35.386303,37.683167,38.289738,35.65528,32.136837,26.280838,25.839603,20.911514,21.379171,16.510141,17.742907,13.4839115,13.744553,11.374508,14.166914,12.966594,14.072844,12.196651,13.998526,15.638223,16.995356,20.597664,22.922428,26.37471,28.631693,32.608,34.956783,31.886045,30.29091,25.513786,26.720352,22.506199,22.713736,20.083431,18.939402,20.205479,20.39976,22.964634,22.940668,27.168007,24.878468,29.395498,29.243465,33.3826
