,0,1,2,3,4,5,6,7,8,9,10,11,12,13,14,15,16,17,18,19,20,21,22,23,24,25,26,27,28,29,30,31,32,33,34,35,36,37,38,39,40,41,42,43,44,45,46,47,48,49,50,51,52,53,54,55,56,57,58,59,60,61,62,63,64,65,66,67,68,69,70,71,72,73,74,75,76,77,78,79,80,81,82,83,84,85,86,87,88,89,90,91,92,93,94,95,96,97,98,99,100,101,102,103,104,105,106,107,108,109,110,111,112
0,0.0,3.7662442,7.3278446,9.775239,12.168953,15.679558,17.601686,22.509193,25.321037,27.300184,31.247988,32.47489,35.507492,35.797985,30.696024,29.473558,25.75502,25.292107,20.637197,21.150185,16.7489,17.548868,14.121645,18.99834,21.176155,22.941938,25.913652,29.060814,30.808764,34.745922,34.253494,40.906708,40.949757,43.65328,40.264465,36.09621,37.075684,39.92131,35.513523,32.5028,35.46531,35.529682,31.297731,30.184563,34.32202,31.945875,25.783714,29.142546,32.04676,34.760044,36.260925,31.03663,36.74786,39.03441,37.08711,36.716278,34.16222,36.593662,40.58718,39.16553,36.467392,41.294064,42.47714,45.937256,42.947506,39.852707,42.815426,41.571484,36.65037,38.629173,39.619564,37.336277,33.54389,35.345898,34.291462,35.57423,31.59541,30.887243,27.683645,27.893414,23.97802,22.553501,20.46789,22.423801,26.010061,23.190495,27.982138,28.215343,29.464752,31.520927,34.22556,32.3639,35.793404,36.07946,32.886944,36.537685,38.384674,35.521862,35.269035,29.586796,31.820301,33.61376,30.342098,26.245287,27.587132,28.509258,25.922853,24.62392,23.081411,23.58964,19.554163,21.099314,17.723661
1,3.7662442,0.0,5.2477922,6.1238027,8.780193,12.368072,14.245091,19.232363,21.780682,23.95538,27.807297,29.176842,32.09244,32.41851,27.306906,25.829468,22.210257,21.605442,17.170216,17.653885,13.442344,14.680116,12.271696,16.235083,18.22403,19.8251,22.521004,25.672802,27.221275,31.270288,30.543913,37.23527,37.293842,39.93217,36.505566,32.34219,33.384617,36.2281,31.801311,28.78347,31.86594,31.951672,27.66282,26.648895,30.895382,28.59048,22.437168,25.93796,28.974882,31.590475,32.925583,27.998909,33.74704,35.82537,33.914017,33.47292,30.726595,33.175972,37.242985,35.71004,32.82888,37.690742,38.830593,42.309982,39.29125,36.137947,39.09109,37.823692,32.908127,34.999504,35.966503,33.648216,29.865278,31.84713,30.718746,32.205555,28.25841,27.448313,24.526125,24.638592,20.81084,19.733667,17.217436,18.93173,22.372662,19.748716,24.342644,24.856031,26.032839,28.275867,30.829334,28.87894,32.452827,32.63011,29.371428,33.04068,34.97736,32.21689,32.07994,26.31031,28.888226,30.630857,27.139553,23.039429,24.774448,25.920862,23.183895,21.604721,20.028229,20.064226,16.0109,17.364147,14.009262
2,7.3278446,5.2477922,0.0,5.3927035,6.3020134,9.216592,11.283386,15.64002,18.91354,20.660055,24.64954,25.901764,29.23864,29.919792,25.430405,24.120308,20.688303,20.9272,16.257841,18.356693,14.923257,16.846554,15.23945,17.609747,18.655315,19.22208,22.416996,24.897171,26.47897,30.316555,29.498343,36.276276,35.415806,38.02905,34.936584,30.821207,31.212929,33.980225,29.889694,26.803099,29.12943,29.66437,25.642109,23.815706,27.823854,26.2419,19.695091,22.441753,25.658426,28.068438,30.106083,25.402666,30.818663,32.99737,31.722172,31.972708,29.158808,32.16483,35.76535,33.549995,31.480371,36.450012,37.975727,41.112175,37.59483,34.6728,38.227745,37.068283,32.06379,34.61791,35.93835,33.569553,29.702465,32.370113,30.488138,32.596157,28.734573,27.062641,24.73379,23.644075,19.771996,18.192875,15.330651,17.718494,21.351696,19.67907,24.201883,25.900293,27.195578,29.879852,32.035587,29.88859,33.8605,33.58279,29.883572,33.31558,35.68359,33.24188,33.61112,27.936398,31.206633,32.44353,28.363226,24.697203,27.318903,28.919743,26.111305,24.010553,22.379892,21.157742,17.128267,17.112568,13.231595
3,9.775239,6.1238027,5.3927035,0.0,3.8995638,6.6152544,8.915528,13.603663,15.783111,18.362894,22.014252,23.721294,26.583614,27.189993,22.381077,20.300459,17.07507,16.413774,12.619163,13.641978,10.529666,12.977223,13.107923,14.384052,15.490182,16.23664,18.387518,21.24143,22.278448,26.50829,25.112413,31.949047,31.661533,34.077156,30.624954,26.520956,27.451723,30.15335,25.756948,22.752468,25.768545,25.89364,21.610939,20.5409,24.848291,22.78837,16.555458,20.119637,23.351372,25.78775,27.025337,22.607672,28.290052,30.0881,28.410946,28.102766,25.066322,27.752468,31.735134,29.829477,27.008862,31.955997,33.217113,36.57482,33.345493,30.2282,33.43425,32.246727,27.249378,29.620039,30.788084,28.478899,24.578808,27.08854,25.462303,27.499308,23.652727,22.276758,20.061392,19.480724,15.81321,15.177514,11.789509,13.323884,16.65224,14.759431,19.06684,20.587362,21.805544,24.503,26.648043,24.5812,28.59192,28.45553,24.99183,28.62312,30.872904,28.468344,28.702341,22.80706,26.275639,27.82,23.77524,19.859562,22.609293,24.237072,21.197113,19.01096,17.171535,15.842948,11.739419,11.951251,8.2423115
4,12.168953,8.780193,6.3020134,3.8995638,0.0,5.4543943,5.4710755,10.604095,13.348337,15.180697,19.094576,20.414722,23.433058,23.984974,19.333466,17.853209,14.417164,14.744745,10.176395,12.888097,10.430866,13.005215,13.446615,13.37621,13.662714,13.654311,16.488897,18.799965,20.226469,24.091553,23.250732,29.99473,29.21319,31.952782,28.981724,24.762686,25.22624,28.312218,24.313889,21.020649,23.665085,24.736376,20.53211,18.729914,23.197117,22.268484,15.729527,18.56519,22.374054,24.267958,26.008131,22.479763,27.809225,29.320066,28.307467,28.38825,24.975065,27.999832,31.796642,29.157246,26.455292,31.534748,32.82374,36.05787,32.41706,29.21687,32.651157,31.233732,26.40002,29.483133,30.472769,27.821392,24.29483,27.531643,25.663025,28.344528,24.707533,22.903643,21.557762,20.28398,16.91602,16.482216,12.354275,13.739643,16.54334,15.867178,19.223413,21.704247,22.441452,25.541538,27.167433,24.613817,28.674704,28.0051,24.041708,27.316345,29.863197,27.620356,28.322552,22.904148,26.642712,27.408508,22.968004,19.7032,23.068838,25.137276,22.49054,19.834167,18.825836,16.178785,12.773545,11.850843,8.437359
5,15.679558,12.368072,9.216592,6.6152544,5.4543943,0.0,5.7744427,8.023985,10.373763,13.274083,16.669344,18.801506,21.977236,23.283606,19.563173,16.894487,14.634738,14.6112795,12.050057,14.564709,13.484149,16.607418,18.263288,17.334864,17.130045,16.366741,18.086983,19.924387,20.31316,24.41137,22.128946,29.02154,27.636124,29.644575,26.378864,22.51916,22.762602,25.033297,20.936653,18.046764,20.186651,20.471588,16.551027,14.688208,18.704336,17.32305,10.668955,13.6414795,17.108889,19.337053,21.071215,17.144144,22.457355,24.18556,23.197714,23.644554,20.475489,23.823938,27.195402,24.49787,22.672915,27.669468,29.432144,32.30628,28.550835,25.805843,29.761509,28.884779,23.77754,26.54704,28.3122,26.179773,22.100603,25.395208,22.684572,25.518387,21.974518,19.38067,18.287466,15.962044,12.603196,11.818366,7.5839796,9.765058,13.114879,12.961039,16.806812,20.02585,21.491947,24.621002,26.125473,24.084059,28.578228,27.963383,24.266214,27.57326,30.293718,28.516565,29.32312,23.627445,28.012625,29.150036,24.55573,21.285797,25.045929,27.086863,23.905416,21.26632,19.132914,16.255564,12.69089,10.538637,6.63547
6,17.601686,14.245091,11.283386,8.915528,5.4710755,5.7744427,0.0,5.640898,8.500508,9.733749,13.719791,14.946823,18.02801,18.76619,14.629192,13.232589,10.151222,11.595206,7.5748878,12.099148,11.645812,14.488617,16.418947,13.974985,12.861961,11.326115,13.948296,15.242441,16.498293,20.025896,19.16337,25.78344,24.298903,27.143942,24.634563,20.425812,20.339832,23.674868,20.164173,16.66105,18.849281,20.91749,16.928974,14.396133,19.005043,19.456478,13.046217,14.972881,19.378078,20.48716,22.510006,20.432539,25.168472,26.113277,25.871784,26.326553,22.479187,25.820227,29.312075,25.842396,23.290113,28.4083,29.747076,32.74434,28.67217,25.460123,29.184233,27.63488,23.02599,26.867403,27.788095,24.918688,21.797415,25.894579,23.584932,27.068174,23.85086,21.445354,21.403261,19.251709,16.613363,16.791142,12.024495,12.751269,14.494484,15.598414,17.480684,21.284298,21.586226,25.113018,25.97694,23.068094,27.273256,25.981495,21.622667,24.418558,27.361378,25.593819,26.900898,22.064367,26.375788,26.395199,21.499931,19.14151,23.369204,25.903774,23.516201,20.38396,19.91031,15.668148,13.377973,10.740143,8.39832
7,22.509193,19.232363,15.64002,13.603663,10.604095,8.023985,5.640898,0.0,4.628421,5.477534,9.166047,10.9262295,14.4478855,16.112566,13.705011,11.762872,10.449286,12.505665,10.824537,15.421141,16.293089,19.273577,21.881708,18.635288,16.859703,14.348926,16.037012,16.111153,16.499376,19.585575,17.80007,24.152143,21.424376,23.787039,21.630234,17.838432,16.818487,19.677807,16.763325,13.479644,14.328916,16.969973,13.687089,9.959896,14.135005,15.962628,9.957885,10.237694,14.998554,15.422591,18.068548,17.160908,21.04448,21.704174,22.361713,23.562618,19.704092,23.520958,26.258547,21.972591,20.527723,25.493769,27.267881,29.693428,25.135107,22.382046,26.774214,25.559938,21.065588,25.216387,26.643913,24.054207,20.978596,25.601221,22.435083,26.487572,23.725903,20.433773,21.43416,18.030407,16.124527,16.324034,11.813341,12.515969,13.585271,16.230646,17.319399,22.24441,22.742651,26.393167,26.704834,23.999529,28.415834,26.788584,22.483397,24.814236,28.061848,26.954445,28.671682,24.196314,29.018944,28.817104,23.755182,22.011997,26.686234,29.34921,26.859362,23.6367,22.807932,17.960323,16.251966,12.433814,10.80485
8,25.321037,21.780682,18.91354,15.783111,13.348337,10.373763,8.500508,4.628421,0.0,4.8784657,6.7100477,9.697337,12.243979,14.114226,12.028507,8.4798,8.733855,9.917042,10.815249,14.282141,16.38598,19.416895,23.158121,19.049248,17.08311,14.479018,14.510221,14.33329,13.550053,16.880909,13.845201,20.250797,17.712847,19.657927,17.118776,13.373961,12.672162,15.393071,12.211619,8.873804,10.382981,12.938534,9.484848,6.1911845,10.996221,12.985725,8.186678,8.859253,13.441995,13.504833,15.069491,15.345052,19.004135,18.966112,19.513409,20.326092,16.116718,19.74923,22.604334,18.264448,16.188591,21.148449,22.768248,25.252834,20.745707,17.81819,22.153963,20.973007,16.501722,20.81962,22.231915,19.747814,16.777887,21.654053,18.37073,22.735819,20.36109,16.98532,18.902245,15.514243,14.544553,15.813785,11.425586,10.733899,10.335942,14.090404,13.786956,19.249598,19.548931,23.233124,23.109346,20.52685,24.980461,23.266588,19.227417,21.462929,24.723654,23.993637,25.789675,21.52648,26.623274,26.488039,21.508396,20.062689,24.919323,27.60103,25.107595,21.882841,21.033197,15.728364,14.911478,10.540858,10.416972
9,27.300184,23.95538,20.660055,18.362894,15.180697,13.274083,9.733749,5.477534,4.8784657,0.0,4.3052597,5.5293903,8.992736,10.842386,9.742509,8.572153,8.659947,11.877772,11.618705,16.434296,18.511969,21.17256,24.45238,19.903625,17.321972,13.97255,14.98012,13.651689,13.823245,15.87541,14.597766,20.182117,16.664633,19.414015,18.217281,14.576428,12.691438,16.254972,14.478844,11.072701,11.130091,15.745223,13.152574,9.023966,12.937466,16.815142,12.450224,11.426796,16.213652,15.227789,17.745102,19.147596,21.963472,21.607157,23.104717,24.372507,20.163567,23.828852,26.265524,21.258982,19.58599,24.267387,25.748112,27.939623,23.089794,20.231998,24.506546,22.92947,19.208948,24.205872,25.107721,22.208244,20.17594,25.429792,22.353497,26.971567,24.84672,21.547173,23.73458,20.298727,19.360407,20.323898,15.927063,15.572326,15.043996,18.85982,18.038992,23.537378,23.262913,27.055012,26.55016,23.479687,27.57922,25.31492,20.820736,22.304321,25.776882,25.201721,27.471487,24.072119,28.945734,27.872778,22.76676,22.18506,27.186647,30.13105,28.188168,24.764162,24.82293,19.119938,18.729738,14.572285,14.425543
10,31.247988,27.807297,24.64954,22.014252,19.094576,16.669344,13.719791,9.166047,6.7100477,4.3052597,0.0,3.9350078,6.2174296,9.05082,10.065908,8.259747,10.384611,13.057396,14.591207,18.600996,21.41619,24.041853,27.900908,22.869337,20.123611,16.674355,16.52525,14.5400095,13.677768,15.126299,12.949635,17.755674,13.375347,15.632694,14.899686,11.851094,9.084396,12.441386,11.651134,8.753343,7.474491,13.215743,11.616353,7.5811186,10.54449,15.705564,13.0642,11.205004,15.439007,13.5278015,15.623442,18.727448,20.58315,19.469515,21.543226,22.939646,18.729027,22.264883,24.203064,18.755297,17.401794,21.655136,23.136276,24.922182,19.878569,17.272682,21.675455,20.232399,17.045458,22.26973,23.21594,20.54823,19.012556,24.468197,21.158096,26.059235,24.517551,21.024136,24.08419,20.407463,20.318333,21.720444,17.761515,16.845407,15.343751,19.915453,18.003473,23.860666,23.44723,27.153208,26.11327,23.242294,27.200884,24.717451,20.55531,21.514837,25.027609,25.043764,27.529924,24.677301,29.682112,28.461952,23.525993,23.478664,28.556484,31.505451,29.642246,26.271353,26.313778,20.417187,20.692968,16.323755,16.950588
11,32.47489,29.176842,25.901764,23.721294,20.414722,18.801506,14.946823,10.9262295,9.697337,5.5293903,3.9350078,0.0,4.2528195,6.7133794,8.896614,9.535421,11.027078,14.725435,15.314717,19.988642,22.67223,24.982409,28.465567,23.2185,20.145468,16.369,16.924387,14.256636,14.315434,14.64599,14.335044,18.294006,13.520048,16.64252,17.029022,14.080152,10.955178,14.912875,14.94611,12.075416,10.641301,16.908314,15.471813,11.503735,14.109273,19.607243,16.701118,14.618697,18.919022,16.734694,19.24106,22.483253,24.137962,22.970753,25.353374,26.836754,22.623192,26.073664,27.961737,22.386133,20.97816,25.055641,26.291878,28.01365,22.96946,20.333418,24.373646,22.552141,19.939466,25.468414,25.906672,22.886879,21.988127,27.554428,24.591877,29.525621,28.012634,24.734724,27.729118,24.227837,23.937883,25.18697,21.019455,20.275517,18.897535,23.284166,21.269825,26.977676,26.152979,29.920355,28.72988,25.477266,29.11541,26.301928,21.837797,22.27519,25.842167,25.86712,28.628235,26.394295,31.121605,29.224403,24.284855,24.80357,29.881334,32.988064,31.552597,28.066353,28.785015,22.697681,23.164162,19.002832,19.546656
12,35.507492,32.09244,29.23864,26.583614,23.433058,21.977236,18.02801,14.4478855,12.243979,8.992736,6.2174296,4.2528195,0.0,3.5562446,8.125437,9.093251,11.725694,15.006648,16.81836,20.721764,24.053352,26.11395,30.12166,24.286354,21.040266,17.284332,16.780426,13.469897,12.91363,12.173843,12.156056,14.821949,9.625299,13.187249,14.485555,11.989948,8.610718,13.080844,14.069915,11.636411,10.355864,17.010387,16.025457,13.040751,15.242527,20.897797,19.041962,17.21682,21.096989,18.583244,20.201763,24.4147,25.692835,23.886135,26.294655,27.40986,23.111734,26.083094,27.933754,22.42081,20.409363,24.021845,24.776663,26.425165,21.579075,18.824955,22.258905,20.118992,18.412518,24.214842,24.081945,20.95817,21.01295,26.648273,24.063196,29.088852,28.071589,25.111004,28.673023,25.542856,25.80151,27.594673,23.515085,22.12729,19.926334,24.59328,21.473446,27.110233,25.768559,29.425758,27.701357,24.377302,27.574583,24.444345,20.210016,19.925247,23.447214,23.952854,26.964228,25.613049,30.18082,27.849552,23.194506,24.473177,29.497005,32.63818,31.574871,28.134455,29.334236,23.059439,24.34694,20.304064,21.650513
13,35.797985,32.41851,29.919792,27.189993,23.984974,23.283606,18.76619,16.112566,14.114226,10.842386,9.05082,6.7133794,3.5562446,0.0,6.19928,9.069138,11.180083,14.698159,16.27247,20.0402,23.468122,25.138697,29.121988,22.968468,19.552872,15.803344,15.244067,11.440147,11.503254,9.688196,11.663055,13.642929,9.366261,13.91878,15.545954,12.848909,10.275136,15.263067,16.098642,13.491054,13.266191,19.656185,18.282751,15.7641945,18.417315,23.610268,21.47465,20.202658,24.236431,21.944023,23.30082,27.254492,28.874777,27.055714,29.148558,29.883726,25.442472,28.1294,30.359612,25.142628,22.326838,25.922096,26.212225,28.16558,23.640236,20.524912,23.262957,20.626703,19.345781,25.293121,24.473946,20.946014,21.62459,27.21095,25.23759,30.160902,29.155113,26.66523,30.127165,27.525911,27.677279,29.656584,25.343203,23.743412,21.420708,25.827642,22.386745,27.668064,25.808868,29.4446,27.583338,23.9049,26.68082,23.313316,18.909948,18.175322,21.642553,22.102272,25.28727,24.603148,28.800135,25.896053,21.388573,23.251417,28.145603,31.368586,30.77877,27.318338,29.243334,22.888596,24.598885,20.91461,22.543005
14,30.696024,27.306906,25.430405,22.381077,19.333466,19.563173,14.629192,13.705011,12.028507,9.742509,10.065908,8.896614,8.125437,6.19928,0.0,5.7744274,5.7851872,9.712119,10.530417,14.248783,17.545492,19.020348,23.043125,16.787613,13.384,9.716437,9.270957,5.705466,7.19831,7.0317426,10.010921,14.05524,12.418472,16.99907,16.887127,13.011485,12.270232,17.551811,16.528456,13.128475,15.047686,20.259363,17.561218,15.579552,19.555336,23.172153,19.914396,20.056358,24.460926,23.183693,24.232307,26.62695,29.4721,28.223595,29.279194,29.389402,24.758787,27.300817,30.461843,25.983128,22.018633,26.239586,26.309204,29.088427,24.956944,21.188133,23.597591,20.695284,18.533691,24.248352,23.152212,19.201143,19.376785,24.72042,23.342882,27.91029,26.348988,24.431402,27.127447,25.311495,24.905508,26.978977,22.329885,20.605785,18.628937,22.246265,19.23151,23.919342,21.852894,25.56773,24.205275,20.15981,23.046612,19.937996,15.010324,15.179283,18.636362,18.194992,21.097168,19.808447,23.872816,21.133375,16.310755,17.76759,22.648735,25.915077,25.387964,21.860018,24.19331,17.916136,19.607395,16.448603,18.15996
15,29.473558,25.829468,24.120308,20.300459,17.853209,16.894487,13.232589,11.762872,8.4798,8.572153,8.259747,9.535421,9.093251,9.069138,5.7744274,0.0,4.50107,6.0200343,9.759295,12.075982,15.956434,18.08049,22.912493,16.99619,14.240011,11.284687,9.053804,7.342241,5.5573816,8.482518,6.485414,12.660286,11.48517,14.783979,12.994133,8.629654,8.959723,13.685464,11.459123,7.8843856,11.175195,15.197689,12.123138,11.095359,15.342186,17.99453,15.332736,16.19401,20.196207,19.349463,19.53948,21.722994,24.789124,23.532816,24.031607,23.801353,19.150232,21.583223,24.942574,20.84881,16.483664,20.92796,21.163347,24.141075,20.12891,16.225788,18.954855,16.456017,13.386137,18.90638,18.400682,14.794791,14.065689,19.509232,17.71376,22.35439,20.799015,18.70048,21.64503,19.814856,19.807207,22.293554,17.937935,15.674236,13.138426,17.131145,13.731446,18.829426,17.211597,20.980219,19.709824,16.128553,19.72444,17.06241,12.528525,13.756344,17.236992,16.902111,19.374191,16.903624,21.698488,20.208063,15.308244,15.7134,20.788744,23.838161,22.521744,19.096361,20.333405,14.013215,15.720177,12.074865,14.370644
16,25.75502,22.210257,20.688303,17.07507,14.417164,14.634738,10.151222,10.449286,8.733855,8.659947,10.384611,11.027078,11.725694,11.180083,5.7851872,4.50107,0.0,4.798518,5.4956036,9.180893,12.39144,14.415676,18.78068,12.9546385,10.115337,7.0383763,6.3398447,5.7690783,6.638751,9.898336,10.087902,16.156157,15.568374,19.211714,17.383966,12.949473,13.40175,18.025337,15.346593,11.603838,14.884893,18.505518,14.826643,13.391364,18.145922,20.117865,16.07524,17.49908,21.88637,21.599873,22.320932,23.20669,26.985853,26.333166,26.48777,26.221058,21.638433,24.19365,27.915796,24.116562,19.768038,24.494347,24.775625,28.008087,24.129444,20.193441,22.82324,20.294601,16.901617,21.968197,21.395727,17.658165,16.48507,21.476706,20.060698,24.270658,22.113194,20.338531,22.280897,20.835026,19.968678,22.043844,17.310198,15.543491,14.068517,17.017502,14.87811,19.294788,17.715044,21.520397,20.902819,17.055523,20.620625,18.245953,13.340792,15.137377,18.409758,17.23558,19.421785,16.42667,20.893082,19.392595,14.255993,14.079906,19.09372,22.216835,20.980932,17.423677,19.053349,12.909588,13.988696,10.869427,12.499256
17,25.292107,21.605442,20.9272,16.413774,14.744745,14.6112795,11.595206,12.505665,9.917042,11.877772,13.057396,14.725435,15.006648,14.698159,9.712119,6.0200343,4.798518,0.0,6.441431,6.2877297,10.501203,12.682896,18.013971,12.440816,10.546764,9.065075,5.843218,7.457549,6.1943607,11.0059,9.02006,15.634966,16.512596,19.34458,16.348143,11.955612,13.894142,17.782507,14.148676,10.82867,15.439413,17.396164,13.30897,13.52869,18.287756,18.696129,15.288563,17.90374,21.693888,21.997892,21.65105,21.963308,26.158775,25.524128,24.778553,23.732738,19.23188,21.189001,25.451387,22.57965,17.277672,21.966072,21.937998,25.6074,22.377083,18.23393,20.292698,17.892561,14.098938,18.492714,17.83909,14.258464,12.578772,17.136217,16.221228,20.048567,17.818542,16.669233,18.457123,17.921778,17.33708,20.037195,15.652329,13.051799,11.006221,13.455194,10.728045,14.6527195,12.935743,16.736914,16.306522,12.600593,16.484217,14.626474,10.154612,13.02557,15.949847,14.550355,16.17254,12.236924,17.084276,16.58629,11.612561,10.493618,15.540184,18.47751,16.830715,13.360136,14.64386,8.345032,10.182449,7.4235163,10.386666
18,20.637197,17.170216,16.257841,12.619163,10.176395,12.050057,7.5748878,10.824537,10.815249,11.618705,14.591207,15.314717,16.81836,16.27247,10.530417,9.759295,5.4956036,6.441431,0.0,6.1573668,7.5687513,9.711623,13.501893,8.389153,6.3189983,4.7361517,6.53631,8.68375,10.588011,14.189993,14.67789,20.882195,20.982937,24.479332,22.120468,17.644585,18.546665,22.774223,19.375502,15.700351,19.275324,21.858625,17.637701,16.393896,21.401495,22.057928,16.940496,19.324205,23.686665,24.258911,25.133953,24.352669,28.968275,29.023973,28.500446,28.003363,23.673927,26.175026,30.317467,27.163366,22.770245,27.703848,28.057365,31.589079,28.01641,24.08837,26.606525,24.256147,20.374935,24.63729,24.216984,20.655685,18.742811,22.911263,21.891115,25.386652,22.570913,21.27979,21.894487,21.11948,19.333797,20.941687,16.137182,14.947288,14.801059,16.116364,15.708992,18.966646,17.756374,21.359375,21.685646,17.989635,21.54759,19.893526,15.231762,17.864832,20.629726,18.594845,20.03986,16.041965,20.006731,19.205843,14.257294,12.649613,17.139551,20.061474,18.608458,15.144884,16.707125,11.491369,11.345022,9.468177,10.015348
19,21.150185,17.653885,18.356693,13.641978,12.888097,14.564709,12.099148,15.421141,14.282141,16.434296,18.600996,19.988642,20.721764,20.0402,14.248783,12.075982,9.180893,6.2877297,6.1573668,0.0,4.763662,6.5734344,12.305428,7.4051304,7.2247305,8.367094,6.35522,10.346632,10.794399,15.170199,14.579772,20.593334,22.42467,25.354195,22.140461,17.90306,20.161688,23.859507,19.838026,16.73373,21.436928,22.590792,18.176495,18.637428,23.519402,22.681765,18.511856,22.015085,25.694056,26.75067,26.42922,25.199553,30.164663,30.129223,28.62184,27.12847,23.005224,24.58427,29.331505,27.339842,21.829824,26.452486,26.231436,30.242107,27.580126,23.45321,24.954271,22.616674,18.812384,22.092081,21.204182,17.848839,15.89705,18.994368,19.127584,21.78088,18.955692,18.910278,19.060966,19.858217,18.414265,20.778679,16.584349,14.421231,13.732676,13.813757,12.913668,14.513211,12.803916,16.074713,16.797483,13.2540245,16.577616,15.688559,11.840884,15.392935,17.42418,14.8895035,15.445934,10.505533,14.345985,14.6856165,10.233236,7.070087,11.383109,14.148958,12.477822,8.99553,11.113175,6.2288337,7.348419,7.589257,9.777312
20,16.7489,13.442344,14.923257,10.529666,10.430866,13.484149,11.645812,16.293089,16.38598,18.511969,21.41619,22.67223,24.053352,23.468122,17.545492,15.956434,12.39144,10.501203,7.5687513,4.763662,0.0,3.3458896,8.063857,5.5420737,7.2878394,9.667397,10.069548,14.005842,15.265436,19.368267,19.210018,25.29644,26.824156,29.82949,26.584238,22.303938,24.27172,27.882666,23.679785,20.50205,24.890017,25.812834,21.259703,21.310139,26.235876,24.917799,19.94452,23.677877,27.36266,28.88518,29.000889,26.66469,32.047894,32.58082,30.853292,29.497599,25.66843,27.42182,32.17984,30.390429,25.372446,30.114017,30.162481,34.149532,31.461916,27.503248,29.26739,27.145987,23.068357,25.931885,25.409187,22.31663,19.8874,22.435863,22.492683,24.641672,21.36808,21.388727,20.417713,21.389025,19.13145,20.748083,16.71904,15.479855,16.128586,15.004307,15.983137,16.781868,15.847712,18.667301,20.173216,17.114006,20.241865,19.85275,16.346983,19.895046,21.676725,18.83829,18.94334,13.7835455,16.674555,17.53338,13.718181,9.962998,12.798805,15.000272,13.111551,10.247043,11.664465,9.056087,7.8681335,9.440091,9.744196
21,17.548868,14.680116,16.846554,12.977223,13.005215,16.607418,14.488617,19.273577,19.416895,21.17256,24.041853,24.982409,26.11395,25.138697,19.020348,18.08049,14.415676,12.682896,9.711623,6.5734344,3.3458896,0.0,6.0812793,3.9112875,6.9267964,10.336708,10.799059,14.844784,16.528429,20.193892,20.87277,26.45821,28.506458,31.742783,28.68515,24.441845,26.553495,30.375713,26.320246,23.159294,27.653065,28.764334,24.246092,24.389471,29.337593,28.1162,23.267956,26.95088,30.676302,32.115932,32.168034,29.956675,35.32798,35.77121,33.996487,32.46383,28.636263,30.151695,35.02228,33.363632,28.03128,32.634518,32.392006,36.497517,34.008347,29.928469,31.265219,28.918316,25.207159,28.020058,27.020285,23.79527,21.887724,24.134588,24.76945,26.666151,23.537775,24.029575,22.991095,24.400745,22.229282,23.88878,19.992268,18.691172,19.13972,17.863419,18.474524,18.640497,17.22044,19.699144,21.185047,18.012466,20.46324,20.15359,16.86347,20.194183,21.597532,18.464237,18.315222,13.800999,15.675208,16.269346,13.0616,9.561176,11.399555,13.481292,12.428633,9.897808,12.603081,10.806365,10.397915,12.496947,13.049295
22,14.121645,12.271696,15.23945,13.107923,13.446615,18.263288,16.418947,21.881708,23.158121,24.45238,27.900908,28.465567,30.12166,29.121988,23.043125,22.912493,18.78068,18.013971,13.501893,12.305428,8.063857,6.0812793,0.0,6.7829504,10.070395,13.507043,15.814543,19.415236,21.843159,25.084085,26.444588,32.02915,33.65059,37.146774,34.30263,29.95663,31.651655,35.59603,31.583517,28.255537,32.330494,33.641956,29.090267,28.633913,33.585403,32.38829,26.857845,30.360868,34.19006,35.838207,36.4926,33.591187,39.143776,40.032417,38.322197,37.092728,33.444973,35.233227,39.99551,38.246815,33.419266,38.161533,38.15925,42.190956,39.510345,35.53336,37.175133,34.88142,31.029829,33.826668,33.04062,29.85289,27.76238,29.898996,30.347958,32.066765,28.690945,29.037638,27.347748,28.59251,25.819271,26.657076,22.956442,22.579132,23.91886,22.177109,23.889858,23.887306,22.93501,25.164324,26.993305,24.01336,26.289732,26.084705,22.791779,25.890928,27.235325,24.000446,23.768385,19.621311,20.740942,21.206697,18.502192,15.377246,16.21703,17.680521,16.936195,15.167424,17.265055,16.545883,15.096199,17.263851,16.536146
23,18.99834,16.235083,17.609747,14.384052,13.37621,17.334864,13.974985,18.635288,19.049248,19.903625,22.869337,23.2185,24.286354,22.968468,16.787613,16.99619,12.9546385,12.440816,8.389153,7.4051304,5.5420737,3.9112875,6.7829504,0.0,3.5770404,7.3978424,9.199896,12.729102,15.355319,18.3399,20.24302,25.517185,27.22682,30.9513,28.50535,24.156544,25.822123,30.117598,26.533108,23.11641,27.25945,29.29341,24.894918,24.431782,29.44899,29.176752,24.120897,27.202055,31.310968,32.311314,32.795753,31.226143,36.323986,36.572155,35.34414,34.158348,30.068094,31.873257,36.556446,34.28416,29.082417,33.76762,33.524216,37.50466,34.656773,30.495913,31.972075,29.332912,25.90576,29.412756,28.170088,24.558352,23.178068,26.094917,26.51601,28.955917,26.012499,26.101156,25.64821,26.454977,24.357903,25.933632,21.630754,20.447454,20.647123,20.231054,20.259136,21.284227,19.488485,22.28112,23.211876,19.538582,21.857437,20.875326,16.966352,19.692778,21.380318,18.36326,18.840986,15.351629,17.258911,16.50939,12.900835,10.807621,13.250952,15.77043,15.457233,12.643132,15.9822855,13.019038,13.120062,14.137668,14.677974
24,21.176155,18.22403,18.655315,15.490182,13.662714,17.130045,12.861961,16.859703,17.08311,17.321972,20.123611,20.145468,21.040266,19.552872,13.384,14.240011,10.115337,10.546764,6.3189983,7.2247305,7.2878394,6.9267964,10.070395,3.5770404,0.0,3.9418705,6.61016,9.537741,12.690646,15.286052,17.792904,22.920456,24.234644,28.21387,26.20001,21.822891,23.141539,27.716515,24.535192,20.990276,24.854095,27.562164,23.346544,22.517658,27.504505,28.02501,23.082579,25.641964,29.966146,30.533556,31.211782,30.38608,35.13291,35.104668,34.343906,33.423542,29.119045,31.129759,35.59618,32.81907,27.74133,32.43906,32.22308,36.042202,32.903767,28.724628,30.360762,27.559765,24.341572,28.41856,27.088085,23.23359,22.215405,25.770035,25.874538,28.850143,26.134914,25.797846,26.034369,26.266615,24.437603,26.134644,21.542503,20.233332,19.986773,20.4843,19.794445,21.719507,19.690552,22.832653,23.215645,19.206009,21.661705,20.079119,15.6341095,17.909033,20.014225,17.33275,18.471167,15.55652,18.031672,16.43136,12.192026,11.193346,14.595961,17.5126,17.312998,14.123981,17.546001,13.371682,14.004184,13.928162,14.778311
25,22.941938,19.8251,19.22208,16.23664,13.654311,16.366741,11.326115,14.348926,14.479018,13.97255,16.674355,16.369,17.284332,15.803344,9.716437,11.284687,7.0383763,9.065075,4.7361517,8.367094,9.667397,10.336708,13.507043,7.3978424,3.9418705,0.0,5.5645995,6.951044,10.574114,12.796845,15.5969305,20.75369,21.226,25.397177,23.824926,19.429443,20.16987,24.960196,22.212431,18.527605,21.890532,25.311193,21.34553,19.957172,24.847408,26.233444,21.360344,23.261616,27.78492,27.916227,28.91948,28.787252,33.127968,32.892063,32.673958,32.156094,27.700686,30.034195,34.163136,30.80399,26.125324,30.85886,30.834747,34.38707,30.84927,26.76061,28.792645,25.968424,22.830103,27.4635,26.302322,22.336885,21.458233,25.684969,25.215694,28.752295,26.221699,25.272842,26.14502,25.612787,24.00222,25.677353,20.868914,19.60238,19.063759,20.50829,19.368307,22.324282,20.362135,23.834085,23.769728,19.626019,22.406782,20.310423,15.420175,17.240042,19.880001,17.736988,19.507004,16.895275,20.061924,18.020805,13.276847,13.043351,17.198795,20.313406,19.905815,16.477465,19.449062,14.330818,15.080604,13.781127,14.663938
26,25.913652,22.521004,22.416996,18.387518,16.488897,18.086983,13.948296,16.037012,14.510221,14.98012,16.52525,16.924387,16.780426,15.244067,9.270957,9.053804,6.3398447,5.843218,6.53631,6.35522,10.069548,10.799059,15.814543,9.199896,6.61016,5.5645995,0.0,4.247741,6.1981077,9.432302,11.3336,16.400005,18.16664,21.964388,19.946537,15.702918,17.434626,22.023891,19.137772,15.833578,20.040646,22.86936,18.995924,18.805996,23.549477,24.501959,20.785393,23.103725,27.194225,27.25988,27.246866,27.703419,31.882076,31.174046,30.600607,29.488317,24.989952,26.70814,31.045425,28.153543,22.604408,27.009703,26.484146,30.246653,27.215021,22.921444,24.206724,21.200493,18.432547,22.929632,21.234451,17.16195,16.863806,20.972029,21.082676,24.545116,22.46055,22.024336,23.476667,23.527008,22.675026,25.166124,20.641157,18.373964,16.698257,18.431631,15.811258,18.549139,15.909892,19.342224,18.767202,14.44186,17.04965,14.778432,9.85629,11.911488,14.546985,12.504619,14.401797,12.0651,15.643069,13.583989,8.506737,8.941775,13.66084,16.931063,16.64169,13.1385565,16.55166,10.89275,13.24647,12.016499,14.457609
27,29.060814,25.672802,24.897171,21.24143,18.799965,19.924387,15.242441,16.111153,14.33329,13.651689,14.5400095,14.256636,13.469897,11.440147,5.705466,7.342241,5.7690783,7.457549,8.68375,10.346632,14.005842,14.844784,19.415236,12.729102,9.537741,6.951044,4.247741,0.0,4.502275,5.8944087,9.667498,13.934405,14.963111,19.29407,18.232435,14.151724,15.143136,20.181477,18.214506,14.912425,18.390434,22.305044,18.967562,18.231691,22.65724,24.812504,21.47948,22.900585,27.12476,26.527601,26.7905,28.321981,31.877377,30.776485,30.8951,30.177458,25.5496,27.467758,31.357353,27.815063,22.632122,26.850752,26.340359,29.74914,26.363518,22.162895,23.588295,20.370663,18.218441,23.404713,21.582813,17.343393,17.791388,22.506289,22.223854,26.209064,24.530136,23.607054,25.800009,25.177275,24.666607,27.136028,22.521473,20.308481,18.221842,20.905733,17.655226,21.21768,18.510054,22.02614,20.822556,16.444164,18.858006,15.908402,10.814924,11.486915,14.607616,13.41497,16.084393,14.987411,18.576733,15.65907,10.807191,12.579007,17.246347,20.547564,20.496119,17.03693,20.317438,14.317429,16.751059,14.680625,17.056494
28,30.808764,27.221275,26.47897,22.278448,20.226469,20.31316,16.498293,16.499376,13.550053,13.823245,13.677768,14.315434,12.91363,11.503254,7.19831,5.5573816,6.638751,6.1943607,10.588011,10.794399,15.265436,16.528429,21.843159,15.355319,12.690646,10.574114,6.1981077,4.502275,0.0,4.987653,5.377916,10.4540415,12.169001,15.8405905,14.146668,10.132958,11.98616,16.654274,14.545679,11.662575,15.704045,19.005722,15.90793,16.102066,20.208382,22.057741,19.788242,21.363518,25.11226,24.463793,23.950844,25.992887,29.275848,27.832493,27.767258,26.749218,22.15052,23.711355,27.573708,24.28432,18.682522,22.655397,21.94438,25.397482,22.25148,17.969381,19.115734,15.893205,13.841732,19.081612,17.185118,12.9642725,13.69346,18.589245,18.285738,22.409843,21.14831,20.260141,23.067923,22.520506,22.66703,25.607784,21.349846,18.562881,15.644564,18.811491,14.507155,18.343586,15.543293,19.051105,17.375912,13.181435,15.85457,12.775768,7.863637,8.691775,12.132011,11.613069,14.348587,13.127458,17.348886,15.064806,10.3664875,12.064225,16.894573,20.040699,19.598257,16.268333,18.934317,12.747167,15.815682,13.412496,16.55713
29,34.745922,31.270288,30.316555,26.50829,24.091553,24.41137,20.025896,19.585575,16.880909,15.87541,15.126299,14.64599,12.173843,9.688196,7.0317426,8.482518,9.898336,11.0059,14.189993,15.170199,19.368267,20.193892,25.084085,18.3399,15.286052,12.796845,9.432302,5.8944087,4.987653,0.0,7.2660575,8.773027,10.372723,14.9456215,14.989532,11.803883,12.690261,17.69084,17.003782,14.488384,17.409899,21.774038,19.391779,19.102554,22.691422,25.641136,23.70306,24.479145,28.294176,27.00299,26.755219,29.753803,32.43264,30.59324,31.158627,30.407154,25.82493,27.34892,30.771381,27.048449,21.799202,25.255075,24.295645,27.341585,24.140125,20.073227,20.803326,17.243736,16.562078,22.08454,19.657902,15.412306,17.394266,22.270403,22.11593,26.34633,25.530262,24.599705,27.789673,27.010208,27.337591,30.198574,25.887323,23.247725,20.232351,23.702938,19.13404,22.96637,19.881056,23.14803,20.970688,16.78593,18.505436,14.877868,10.463851,9.06612,12.391293,12.665241,16.00468,16.665443,20.100388,16.5714,12.586622,15.6894655,20.067802,23.237381,23.521574,20.319237,23.59033,17.552979,20.734785,18.336843,21.276203
30,34.253494,30.543913,29.498343,25.112413,23.250732,22.128946,19.16337,17.80007,13.845201,14.597766,12.949635,14.335044,12.156056,11.663055,10.010921,6.485414,10.087902,9.02006,14.67789,14.579772,19.210018,20.87277,26.444588,20.24302,17.792904,15.5969305,11.3336,9.667498,5.377916,7.2660575,0.0,6.9545608,8.50458,11.025648,8.817768,5.1228166,7.8908086,11.928232,10.329937,8.445294,12.386291,15.300231,13.122663,14.180082,17.353552,19.456678,18.828928,19.966297,23.027058,21.97547,20.684399,23.90509,26.391008,24.354761,24.499517,23.438786,18.950483,20.20662,23.600857,20.239408,14.600186,18.044855,17.220808,20.394323,17.260542,13.030525,14.105359,10.916669,9.369653,15.064519,13.342971,9.446527,10.791957,16.083668,15.24014,19.764212,19.27529,18.01816,21.858078,20.908579,21.977297,25.245478,21.542086,18.398193,14.605007,18.63461,13.2717,17.722998,15.240562,18.537165,16.17609,12.77109,15.577192,12.4803295,8.945425,9.11957,12.464059,13.230294,15.88924,14.879001,19.428745,17.798996,13.812606,15.327855,19.922924,22.750935,21.88811,18.875242,20.499302,14.540974,17.707071,14.772049,18.207054
31,40.906708,37.23527,36.276276,31.949047,29.99473,29.02154,25.78344,24.152143,20.250797,20.182117,17.755674,18.294006,14.821949,13.642929,14.05524,12.660286,16.156157,15.634966,20.882195,20.593334,25.29644,26.45821,32.02915,25.517185,22.920456,20.75369,16.400005,13.934405,10.4540415,8.773027,6.9545608,0.0,6.6624794,8.757469,9.252482,8.736838,10.541843,13.605185,14.296102,13.805013,16.238605,19.427048,18.54732,19.753891,21.847088,24.658813,25.108059,25.611649,28.261566,26.550058,24.908382,29.37973,30.926996,28.189783,28.799707,27.65687,23.54752,24.096836,26.812294,23.586521,18.22506,20.124495,18.418,20.9237,18.564459,14.949968,14.165204,10.462315,12.3296175,17.37911,14.437893,11.075444,14.86661,19.249891,19.216202,23.344658,23.878214,23.09568,27.437483,26.717394,28.319092,31.742195,28.28913,25.043056,20.9635,24.99236,19.054996,22.790073,19.779646,22.367882,19.119225,16.140482,17.211836,13.612101,11.702833,9.156502,11.633124,13.96955,17.01094,18.53218,22.011024,19.372608,16.703781,19.703978,23.566835,26.218157,26.22039,23.58209,25.900377,20.406616,24.119682,21.555258,25.126823
32,40.949757,37.293842,35.415806,31.661533,29.21319,27.636124,24.298903,21.424376,17.712847,16.664633,13.375347,13.520048,9.625299,9.366261,12.418472,11.48517,15.568374,16.512596,20.982937,22.42467,26.824156,28.506458,33.65059,27.22682,24.234644,21.226,18.16664,14.963111,12.169001,10.372723,8.50458,6.6624794,0.0,5.1963553,8.1696205,7.856118,6.3898025,9.956428,12.291149,11.723744,11.964327,16.849794,16.750721,16.574888,17.95267,22.449663,22.880987,22.085155,24.81869,22.35454,21.628222,26.992252,27.779284,24.924494,26.68416,26.633015,22.512964,24.023815,25.875372,21.34853,17.765518,19.943718,19.383823,20.988722,17.27384,14.326144,15.671261,12.943151,13.734658,19.361475,17.982996,15.132054,17.346394,22.475826,20.91063,25.677553,25.903908,23.891502,28.434042,26.383366,27.858692,30.745426,27.226612,24.588223,20.896864,25.662987,20.492567,25.424564,23.269255,26.310291,23.495102,20.614603,22.723043,19.32292,16.525213,14.878237,17.86326,19.661152,22.76485,23.070314,27.20794,24.730299,21.171167,23.512877,28.012959,30.885044,30.32024,27.322044,28.92908,22.95046,25.740536,22.260927,25.088413
33,43.65328,39.93217,38.02905,34.077156,31.952782,29.644575,27.143942,23.787039,19.657927,19.414015,15.632694,16.64252,13.187249,13.91878,16.99907,14.783979,19.211714,19.34458,24.479332,25.354195,29.82949,31.742783,37.146774,30.9513,28.21387,25.397177,21.964388,19.29407,15.8405905,14.9456215,11.025648,8.757469,5.1963553,0.0,5.4926276,8.078505,6.996253,7.247942,10.934136,12.044767,11.548018,14.993696,16.140509,16.873098,16.98173,21.174688,23.145725,22.18465,23.95203,21.33507,19.685204,25.85558,25.801353,22.43842,24.289879,24.17892,20.571892,21.596615,22.694933,18.414455,15.456781,16.479599,15.907306,16.735884,13.262751,11.162577,12.285802,10.456052,12.249824,17.05733,16.245186,14.576266,16.78067,21.384369,19.46058,24.050215,24.93618,22.78957,27.811155,25.620016,27.772303,30.804203,27.949652,25.16085,21.164623,26.060068,20.649916,25.48667,23.77532,26.425304,23.408215,21.415676,23.499262,20.533657,18.77183,17.362736,19.908531,22.103065,24.837921,24.9306,29.176767,27.4142,24.209108,26.14529,30.449533,33.04845,32.125507,29.405699,30.252169,24.719122,27.45354,23.9334,26.857141
34,40.264465,36.505566,34.936584,30.624954,28.981724,26.378864,24.634563,21.630234,17.118776,18.217281,14.899686,17.029022,14.485555,15.545954,16.887127,12.994133,17.383966,16.348143,22.120468,22.140461,26.584238,28.68515,34.30263,28.50535,26.20001,23.824926,19.946537,18.232435,14.146668,14.989532,8.817768,9.252482,8.1696205,5.4926276,0.0,4.4774637,6.093822,5.3295135,6.627939,8.4550905,9.753585,11.157496,11.863903,13.94284,14.454377,17.074469,19.427876,19.42938,20.906385,19.084242,16.526329,21.912043,22.516031,19.402458,20.245428,19.485886,15.74565,16.479357,18.240314,14.610204,10.319719,11.854853,11.267991,13.052714,9.5951,6.3009424,7.977322,6.3407555,6.8482857,11.789265,11.550485,10.215275,11.57032,16.157364,13.973135,18.612425,19.469557,17.397757,22.478056,20.612629,23.000406,26.313135,23.767435,20.66116,16.410954,21.13735,15.559971,20.294514,18.942343,21.507317,18.69854,17.164358,19.782684,17.372503,15.967473,15.664111,18.139696,19.96945,22.19785,21.254066,25.81007,25.028429,21.784119,22.869106,27.071955,29.450672,28.028898,25.490349,25.639826,20.50037,23.136244,19.782703,22.911177
35,36.09621,32.34219,30.821207,26.520956,24.762686,22.51916,20.425812,17.838432,13.373961,14.576428,11.851094,14.080152,11.989948,12.848909,13.011485,8.629654,12.949473,11.955612,17.644585,17.90306,22.303938,24.441845,29.95663,24.156544,21.822891,19.429443,15.702918,14.151724,10.132958,11.803883,5.1228166,8.736838,7.856118,8.078505,4.4774637,0.0,4.43527,6.9763904,5.7296953,5.330634,8.493754,10.884363,9.886555,11.45841,13.466097,15.951743,16.79724,17.292645,19.627779,18.218603,16.389576,20.665325,22.318424,19.853918,20.387466,19.654232,15.332725,16.723398,19.388807,15.585563,10.628402,13.813779,13.558526,16.158386,12.444558,8.448784,10.788331,8.539359,6.6094184,12.533902,12.161925,9.576499,10.037032,15.437808,13.285196,18.206676,18.170628,16.04396,20.618797,18.807766,20.545822,23.785788,20.665487,17.58882,13.5065565,18.249714,12.899955,18.043344,16.538956,19.631882,17.251015,14.939672,18.130108,15.576464,13.098303,13.446815,16.40967,17.577192,19.894613,18.297411,23.125837,22.260265,18.458284,19.274614,23.800085,26.385849,24.904737,22.08325,22.46969,16.876427,19.399628,15.910168,19.026777
