,0,1,2,3,4,5,6,7,8,9,10,11,12,13,14,15,16,17,18,19,20,21,22,23,24,25,26,27,28,29,30,31,32,33,34,35,36,37,38,39,40,41,42,43,44,45,46,47,48,49,50,51,52,53,54,55,56,57,58,59,60,61,62,63,64,65,66,67,68,69,70,71,72,73,74,75,76,77,78,79,80,81,82,83,84,85,86,87,88,89,90,91,92,93,94,95,96,97,98,99,100,101,102,103,104,105,106,107,108,109
0,0.0,4.716427,6.552042,9.769103,12.720261,14.012379,17.640163,21.353264,23.529541,27.063957,31.29961,34.48968,31.093088,29.67764,24.829893,24.026823,19.871626,19.949453,16.61429,15.954654,15.978505,10.332642,12.334819,15.074197,13.80802,16.099144,18.606937,20.645918,21.191763,25.381983,28.091637,30.187464,35.479618,37.14385,39.573273,42.69434,44.72886,42.743618,39.53411,35.63092,36.268185,31.55362,31.401094,25.834915,25.33269,21.837553,22.578842,16.930363,19.095272,19.719759,23.44955,21.136593,27.519245,27.979471,30.208525,33.03753,30.82555,34.702072,37.199184,31.830997,29.826067,30.675203,29.967318,31.041939,33.02572,33.78208,31.356,35.647415,32.349785,35.040375,31.134123,34.85778,32.63117,36.286762,35.621483,37.812775,38.23204,38.066265,40.39114,42.72283,38.7925,36.10178,34.06129,30.636847,29.577055,23.266468,24.713581,20.144958,21.098515,20.49824,21.95182,21.860025,23.519857,24.698786,20.120125,21.231138,24.120106,23.454433,29.00993,26.821177,32.380856,32.39564,33.80817,32.436443,32.119564,27.119047,30.2466,27.554142,27.613293,28.619295
1,4.716427,0.0,5.270867,6.2202864,8.975764,11.669569,14.060462,18.82944,20.269897,24.65876,28.35454,31.869188,29.035,27.575363,22.947437,21.390383,17.509184,16.668272,13.598516,12.141484,13.11517,8.120621,9.698323,11.208882,9.615646,11.592245,13.945731,15.9577875,16.79243,20.789776,24.03408,25.83245,31.411589,33.179405,35.44906,38.717716,40.54939,38.4412,35.281887,31.352524,31.89881,27.056015,27.15585,21.55072,20.704294,17.322008,17.991474,12.338829,14.8491125,16.030941,19.61214,17.497248,23.771204,24.636932,26.418339,29.426247,27.063955,30.979408,33.868427,28.460663,26.226954,26.821005,25.750504,26.825878,28.711128,29.25234,26.706627,30.942848,27.665178,30.37327,26.542862,30.404257,28.305729,32.145115,31.647282,34.057636,34.67508,34.515762,37.19421,39.49695,35.51486,32.499832,30.516983,26.9309,25.553356,19.45174,20.426651,15.85597,16.52412,16.041615,17.572603,17.845156,19.186743,20.436373,16.090832,17.405653,20.440912,20.19883,25.552137,23.71242,29.272015,29.70652,31.696491,30.143026,29.450747,24.580667,27.00071,24.467024,23.99363,25.292263
2,6.552042,5.270867,0.0,5.0774856,7.1421385,7.8439965,11.585503,14.911228,17.3278,20.59768,25.208935,28.285854,24.891104,23.756912,18.773401,18.101198,14.233302,14.424767,12.093579,12.104182,13.923296,8.770779,12.7002,13.928277,13.482828,13.716323,16.336777,17.063063,16.404339,21.280647,22.658052,25.569096,30.045677,32.244923,34.342735,37.47007,39.816807,37.730083,34.830006,31.139824,31.130888,26.75878,25.964231,20.451948,21.032583,17.196741,19.014128,13.4466305,16.325811,16.682583,19.474133,16.02466,22.625292,22.210087,24.372746,26.929054,24.699247,28.516146,30.775793,25.448473,23.579191,24.80689,24.559774,26.061312,28.735165,29.891523,28.137774,31.801607,29.487923,31.741718,28.19994,31.873096,29.171877,33.03233,31.837631,34.460957,34.475533,33.748905,36.20916,37.94487,33.619064,31.069376,28.558083,25.380945,24.94198,18.598822,20.795666,16.640162,18.25955,18.843292,20.87336,21.55772,21.868002,22.316158,18.358974,18.493622,20.733524,19.509949,24.778732,21.971548,27.706156,27.300695,28.81264,28.088602,27.809683,23.696678,26.619368,24.71719,24.77105,26.776646
3,9.769103,6.2202864,5.0774856,0.0,3.6611178,6.0741243,8.388793,13.035674,14.187248,18.878027,22.148355,25.728384,23.151129,21.592346,17.187187,15.238157,11.525573,10.485051,7.9164157,7.1150947,9.798003,6.0750155,9.686763,9.668222,10.164759,9.11008,12.540963,12.578158,11.834333,16.545433,18.341932,20.77784,25.726812,27.600132,29.86784,33.011696,35.155014,33.147488,30.062603,26.281252,26.717197,22.251442,21.803463,16.543673,16.934692,13.314638,15.581968,10.156599,14.093531,15.55518,17.848858,14.484885,20.865158,20.752884,21.90415,24.550072,21.668322,25.412308,28.233591,22.976221,20.644188,22.123632,21.314444,23.195509,25.876413,26.50073,24.331394,27.559645,25.080013,27.021793,23.372477,26.877214,24.11168,27.959461,26.852278,29.509775,29.69142,29.106253,31.78905,33.72026,29.535292,26.66541,24.464394,21.015938,20.139051,13.844305,15.762051,11.573489,13.473534,14.463143,16.990988,17.628082,17.254997,17.365847,13.615233,13.5423565,15.817987,14.960305,20.151165,17.84796,23.522474,23.738901,25.878689,24.619905,23.91699,19.704073,22.020983,20.153395,19.867142,22.068312
4,12.720261,8.975764,7.1421385,3.6611178,0.0,5.332541,5.086593,10.667336,11.487016,16.381416,19.912935,23.507702,21.18788,20.025816,15.66465,13.560057,10.620703,8.906831,8.158135,7.307394,11.663493,9.305266,12.507446,11.190641,11.385153,9.2237,11.575249,10.801003,9.378925,14.481778,15.76251,18.669373,23.185944,25.714687,27.4877,30.810722,33.00196,30.739927,28.002241,24.3762,24.02515,19.647108,18.8855,13.366007,14.252932,10.392745,13.1769,8.201363,12.187788,13.35711,14.937939,11.116591,17.446018,17.143423,18.259012,20.937595,18.235268,22.081966,24.940939,19.587112,17.29398,18.506521,17.852293,19.776243,22.727928,23.659416,22.043255,25.08135,23.33249,25.218225,22.005692,25.679674,22.894636,27.013529,25.785921,28.85473,28.955702,28.017569,31.001186,32.475548,27.977016,25.007547,22.424158,19.096064,18.477545,12.529999,14.471701,10.854229,12.612283,14.291281,16.724245,18.136765,17.105587,17.039787,14.151022,13.788253,15.625229,14.775085,19.366058,16.89155,22.568256,22.684065,25.128353,24.32942,23.490152,20.090237,21.759117,20.539299,19.863691,22.684294
5,14.012379,11.669569,7.8439965,6.0741243,5.332541,0.0,6.109874,7.546638,9.988593,13.318015,17.415195,20.504393,17.373222,16.074286,11.3089905,10.274457,6.667112,7.4176626,6.904787,8.845152,12.118157,9.701229,14.474499,14.217387,15.706335,13.239245,16.555147,14.967486,12.129209,17.484957,16.322472,20.194818,23.418125,25.698853,27.776915,30.62281,33.41805,31.548166,28.807426,25.456047,25.312483,21.716808,20.05592,15.451893,17.914755,14.171576,17.850891,13.361102,17.346437,18.07009,19.100386,14.327938,20.50805,18.61191,19.75004,21.59374,18.604902,22.025246,24.04977,19.058699,17.140133,19.885752,20.135466,22.748322,26.38761,27.573975,26.330755,28.533506,27.293095,28.460474,25.293377,28.297585,24.817663,28.482079,26.462461,29.300694,28.668571,27.336388,29.684769,30.841486,26.269438,24.073744,21.233418,18.444239,18.972153,12.776086,16.400072,13.396965,16.368525,18.497765,21.40093,22.326128,20.821411,19.8833,17.017275,15.409635,16.2647,14.049427,18.699892,15.093498,20.822664,19.915249,21.514069,21.367683,21.174055,18.286001,21.059885,20.227785,20.645992,23.670115
6,17.640163,14.060462,11.585503,8.388793,5.086593,6.109874,0.0,6.8531556,6.7024393,12.033399,15.361792,18.959328,17.132557,16.303253,12.42216,9.937099,8.533037,6.1815004,8.416828,8.529451,13.716776,13.024412,16.2726,14.109548,15.008875,11.467103,13.237125,10.657236,7.2016,12.620273,11.642709,15.601541,18.911114,22.072456,23.390858,26.704103,29.180126,26.832573,24.490133,21.22013,20.092203,16.307081,14.678565,9.522912,12.286569,8.576162,12.814292,9.657577,13.51516,14.422581,14.350309,9.632008,15.181548,13.73057,14.139087,16.389381,13.360885,17.109707,19.895061,14.60931,12.279349,14.218145,14.073806,16.739077,20.468164,21.68126,20.87023,22.843836,22.324778,23.511753,20.92415,24.252829,21.082329,25.209948,23.463905,26.90408,26.6028,25.086731,28.206354,29.008377,24.167439,21.32683,18.241873,15.279862,15.471891,10.232569,12.908599,10.790518,13.041218,15.823911,18.45037,20.301102,18.076965,17.164667,15.565782,14.161879,14.826417,13.545878,17.059591,14.149739,19.61403,19.410069,22.114176,21.9748,21.082722,19.023315,20.058733,19.889137,19.159058,22.792156
7,21.353264,18.82944,14.911228,13.035674,10.667336,7.546638,6.8531556,0.0,4.7613254,5.8500338,11.119049,13.693196,10.713224,10.42717,6.0286026,5.7751236,6.141525,7.2503214,10.719574,13.089721,17.182749,16.596037,20.932043,19.56911,21.30496,17.653873,20.005896,16.93314,12.545227,17.486843,12.965334,18.270195,18.984102,22.23618,23.472906,26.109938,29.443802,27.516651,25.571102,22.988192,21.55314,19.26226,16.203041,12.986459,17.59081,14.4355,19.083023,16.476263,20.038952,20.252356,19.482891,14.041967,18.676575,14.917502,15.359679,16.028181,13.006936,15.825458,17.00993,12.460037,11.136479,15.294556,16.773632,20.112204,24.627365,26.32906,26.32622,27.169172,27.658298,27.968304,25.779282,28.277765,24.423834,27.948545,25.192074,28.464596,27.149971,24.862856,27.226416,27.112768,21.980494,20.364414,16.599174,14.915756,17.082249,12.572761,16.893797,15.841803,18.963238,22.08831,25.009514,26.562733,23.879173,22.13925,20.818117,18.279781,17.674688,14.947971,17.640612,13.260692,18.263248,16.350857,17.95946,19.390669,19.349432,18.900414,20.771063,21.534012,21.919668,25.890139
8,23.529541,20.269897,17.3278,14.187248,11.487016,9.988593,6.7024393,4.7613254,0.0,7.0419993,8.6930685,12.370418,11.430852,10.649441,8.377434,5.134197,7.205375,5.6561527,10.389778,11.988822,16.508081,17.376162,20.791595,18.481558,20.50971,16.148878,18.210947,14.324066,9.467384,13.675221,8.226144,13.666917,14.351166,17.726973,18.868114,21.698656,24.841951,22.84033,20.859058,18.295797,16.86985,14.713782,11.61784,9.177767,14.254106,11.82713,16.822144,15.329529,19.029362,19.91421,18.56898,13.738475,17.435904,14.279634,13.151616,13.874771,9.779019,12.523188,14.778607,10.31241,8.041343,12.735087,13.550753,17.398582,21.889692,23.084618,22.960852,23.07925,23.853037,23.693377,21.777374,23.99866,20.11955,23.654179,20.917408,24.433796,23.273098,20.942766,23.783342,23.67471,18.500607,16.310154,12.573939,10.5850315,12.675881,9.146728,13.168101,13.199013,16.239374,19.786194,22.76376,24.432346,21.085495,18.958754,18.587324,15.806596,14.700219,12.484015,14.157038,10.419122,15.113323,14.094229,16.86364,17.706837,16.98716,17.010937,17.619476,18.880398,18.699554,23.008417
9,27.063957,24.65876,20.59768,18.878027,16.381416,13.318015,12.033399,5.8500338,7.0419993,0.0,8.025671,9.0178795,6.013625,7.5846276,5.6038747,7.2228837,10.216296,11.555955,15.674211,18.199068,22.141605,22.176739,26.443531,24.840466,26.760231,22.761984,24.738878,21.128017,16.382957,20.482391,13.918695,19.679216,17.958559,21.669128,22.1872,24.326965,28.134605,26.367895,25.17938,23.442772,21.170807,20.310036,16.323097,14.966857,20.498705,18.04806,22.825125,21.271029,24.454376,24.356583,22.656633,17.31641,20.397074,15.406465,15.210255,14.3782215,11.761783,13.254471,12.889579,9.696094,9.662198,14.947947,17.484703,21.12721,26.038784,28.039648,28.888866,28.669449,30.323174,29.954372,28.483807,30.419704,26.397966,29.529009,26.248638,29.574736,27.665924,24.698553,26.743885,25.496,20.163311,19.470535,15.184452,14.979177,18.416832,15.668953,20.039194,20.137753,23.240448,26.707336,29.598951,31.333492,28.115974,25.932337,25.405573,22.426933,20.993002,18.054296,19.189503,14.659488,18.308323,15.416269,16.500525,19.390364,19.677492,21.111948,22.494356,24.265512,24.830729,29.137321
10,31.29961,28.35454,25.208935,22.148355,19.912935,17.415195,15.361792,11.119049,8.6930685,8.025671,0.0,4.506093,7.195408,6.344619,9.312571,7.5335736,11.982765,12.101456,16.423824,18.757204,22.027876,24.06694,27.421085,25.235666,28.130451,23.423265,25.802616,21.35909,16.459751,18.889914,10.738798,15.69103,12.223145,14.774285,15.745499,17.11651,21.23513,20.211775,18.872202,17.773369,16.630465,17.185291,13.255465,14.832706,20.36449,19.158558,24.12403,23.557674,27.191828,28.15309,26.141907,21.581293,23.778576,19.706526,17.34221,16.098566,11.925546,11.7212515,12.208019,11.104493,10.180831,16.487495,17.975605,22.30097,26.963682,27.911093,28.268589,26.467781,28.327038,26.680523,25.54027,26.186245,21.815992,24.02637,20.169619,23.233599,20.805136,17.424791,19.285284,17.57256,12.199413,11.994753,7.78303,9.012848,13.53216,13.301385,17.46732,19.213747,22.577845,26.38919,29.576595,30.86922,26.762182,23.66364,24.309395,20.594658,17.93153,15.1422,13.956111,10.203896,11.7145405,8.987998,11.274719,13.959834,13.774995,17.116667,17.181057,20.109735,20.798151,25.279846
11,34.48968,31.869188,28.285854,25.728384,23.507702,20.504393,18.959328,13.693196,12.370418,9.0178795,4.506093,0.0,5.553276,6.398034,10.582947,10.788504,15.122993,16.08994,20.260473,22.90953,26.01243,27.72001,31.420153,29.496622,32.352234,27.740074,30.066067,25.68652,20.765211,23.256714,14.984784,19.862738,15.291682,17.8032,18.23639,18.922745,23.322773,22.572248,21.860008,21.382439,19.786694,21.043537,16.85912,18.715925,24.427217,23.179354,28.107437,27.546078,30.99878,31.573957,29.357767,24.621006,26.46661,21.70822,19.64122,17.6301,14.371853,13.316427,12.009971,12.447868,12.668479,18.84673,21.032581,25.21243,30.01923,31.313217,32.15977,30.12546,32.46507,30.684887,29.82523,30.290937,25.948788,27.85961,23.814646,26.644222,23.81874,20.161121,21.331644,18.71235,13.6729965,14.776943,10.881192,13.087886,17.768988,17.757282,21.963833,23.67026,27.041965,30.845764,34.001137,35.34649,31.26673,28.15601,28.752064,24.984064,22.249607,19.249107,17.882366,14.099404,14.723932,11.046478,11.715482,15.81347,16.300844,20.425602,20.825321,23.950878,24.972065,29.370783
12,31.093088,29.035,24.891104,23.151129,21.18788,17.373222,17.132557,10.713224,11.430852,6.013625,7.195408,5.553276,0.0,3.912136,6.387391,9.043652,12.568006,14.835195,18.53997,21.69584,24.682058,25.324297,29.692993,28.443193,31.0949,26.926746,29.571266,25.688745,20.772139,24.382158,16.888275,22.293348,19.25419,21.90559,22.785913,23.91674,28.190245,27.193499,26.059368,24.897015,23.402937,23.556118,19.456442,19.569195,25.214056,23.120749,28.070192,26.521578,30.03653,30.219427,28.538944,23.268831,26.126568,21.01939,20.248491,18.708872,15.873666,16.033525,14.622155,13.528277,13.835527,19.770704,22.266521,26.202017,31.133656,32.8384,33.549652,32.538353,34.29067,33.205494,31.781366,32.881943,28.483887,30.826542,26.951756,29.750662,27.107403,23.809729,24.868252,22.996288,18.039965,18.763723,14.8422785,15.869132,20.121235,18.23269,23.02914,23.65169,27.23782,30.812927,34.015667,35.298813,31.764687,29.012497,28.667847,25.080875,22.916132,19.444912,19.66897,14.981114,17.1737,13.059344,12.669809,16.893106,17.931633,20.780176,22.5387,24.877098,26.252138,30.459118
13,29.67764,27.575363,23.756912,21.592346,20.025816,16.074286,16.303253,10.42717,10.649441,7.5846276,6.344619,6.398034,3.912136,0.0,5.402924,6.836182,10.28497,12.7351055,16.02346,19.398478,21.803963,22.958036,27.155931,26.058516,29.185055,24.963402,28.183147,24.264303,19.389069,22.890882,15.655591,20.6554,18.344398,20.060007,21.768463,22.772314,26.97733,26.294157,24.5605,23.125126,22.721268,22.6047,18.924908,19.092745,24.427034,22.375925,27.404703,25.579067,29.508915,30.20356,28.895235,23.714987,27.085743,22.570658,21.4747,20.428732,16.796803,17.223124,16.798018,15.271631,14.753977,20.90146,22.723532,26.848295,31.615297,32.84123,32.906506,31.877697,33.016323,31.773472,29.97777,30.803135,26.224806,28.310335,24.35077,26.852571,24.148727,21.073805,21.91026,20.61939,15.863557,16.538176,13.096712,13.763187,17.875866,15.765565,20.809027,21.421585,25.317427,28.837807,32.261234,33.137444,29.556406,26.579456,26.131386,22.300442,19.938007,16.24018,16.537247,11.720034,13.948474,9.707775,9.303622,13.152279,14.294135,17.020992,19.13841,21.385672,23.124067,27.162937
14,24.829893,22.947437,18.773401,17.187187,15.66465,11.3089905,12.42216,6.0286026,8.377434,5.6038747,9.312571,10.582947,6.387391,5.402924,0.0,5.0224094,6.7927165,10.076549,13.009016,16.454403,19.238907,19.21325,23.869474,23.110758,25.720638,21.957878,25.122803,21.771301,17.123652,21.564114,15.612061,20.895712,20.201912,22.54395,24.235844,25.999552,29.872524,28.645145,26.6751,24.567476,23.853714,22.579052,19.1529,17.543041,22.530437,19.768812,24.621834,22.034348,25.879093,26.26071,25.45325,20.017344,24.257826,19.906902,19.861444,19.56207,16.288761,17.917776,17.989658,14.92418,14.178811,19.57981,21.387524,25.131445,29.826378,31.35455,31.300974,31.338928,31.96923,31.54801,29.357681,31.0151,26.665255,29.426622,25.9724,28.730886,26.623943,23.999352,25.38604,24.840748,19.950947,19.594809,15.986815,15.375545,18.612045,14.799276,19.89097,19.401682,23.165325,26.404196,29.687805,30.706408,27.71806,25.328163,24.093813,20.78172,19.311228,15.6920395,17.675236,12.619707,16.642643,13.314317,13.466302,16.076492,16.933792,17.703505,20.413807,21.707636,23.15314,27.047619
15,24.026823,21.390383,18.101198,15.238157,13.560057,10.274457,9.937099,5.7751236,5.134197,7.2228837,7.5335736,10.788504,9.043652,6.836182,5.0224094,0.0,4.4642987,5.9300838,9.670261,12.726134,15.809438,16.952305,20.888157,19.453732,22.392372,18.164515,21.439667,17.699553,12.951921,16.990866,11.173143,16.118443,16.286474,18.277925,20.355991,22.390858,25.949392,24.691153,22.311424,19.892492,19.79478,18.203356,15.216883,13.834411,18.577919,16.187872,21.155525,18.953932,23.10635,24.190771,23.348326,18.36734,22.494728,19.04702,18.068144,18.26969,14.08879,15.951798,17.348309,13.913315,12.159007,17.589985,18.505003,22.47283,26.925997,27.867622,27.308216,27.118652,27.431406,26.817202,24.515268,26.035141,21.66435,24.478655,21.166996,24.051079,22.254948,19.86033,21.783466,21.790838,16.88504,15.656283,12.311359,10.8685,13.693915,9.862396,14.983145,14.909303,18.77154,22.185978,25.585506,26.514936,23.174696,20.549278,19.735142,16.238691,14.533248,11.136273,12.985217,8.120486,12.786411,10.646914,12.499561,13.672071,13.667487,14.030608,15.964711,17.318459,18.361023,22.43703
16,19.871626,17.509184,14.233302,11.525573,10.620703,6.667112,8.533037,6.141525,7.205375,10.216296,11.982765,15.122993,12.568006,10.28497,6.7927165,4.4642987,0.0,4.545788,6.231505,9.893968,12.478649,12.804001,17.174461,16.448284,19.415691,15.735155,19.651485,16.642233,12.513256,17.164827,13.400381,17.67162,19.506485,21.073803,23.590706,25.816923,29.052107,27.754295,24.933336,21.990862,22.497805,19.981588,17.727,15.055944,18.810093,15.873008,20.485016,17.205372,21.602348,22.820457,22.854305,17.922516,23.058977,20.266129,20.025171,20.936033,16.980663,19.490717,21.220337,17.158388,15.190961,19.749252,20.224209,23.792744,27.913134,28.746756,27.593887,28.302742,27.655493,27.62596,24.701838,26.626955,22.432981,25.419151,22.551153,25.176546,23.798069,22.032238,23.8942,24.73108,20.217272,18.645393,15.880656,13.645154,15.2876215,9.833399,14.857241,13.450397,17.44118,20.375261,23.833693,24.413006,21.720495,19.51701,17.667814,14.527842,13.700426,10.283473,13.961952,9.455111,14.89178,13.377274,14.8696785,15.019251,15.069021,13.458193,16.425037,16.61477,17.843763,21.387655
17,19.949453,16.668272,14.424767,10.485051,8.906831,7.4176626,6.1815004,7.2503214,5.6561527,11.555955,12.101456,16.08994,14.835195,12.7351055,10.076549,5.9300838,4.545788,0.0,4.843471,6.93871,10.911384,12.288825,15.57711,13.667571,16.52015,12.238919,15.805746,12.357746,8.093272,12.623096,9.784598,13.594818,16.581274,18.332657,20.72833,23.421286,26.19388,24.592237,21.646696,18.39296,18.922403,15.85179,14.155719,11.164238,14.481687,11.817179,16.478077,13.756638,18.264963,20.00601,19.85017,15.48596,20.279325,18.387596,17.500109,18.929544,14.656951,17.479994,20.207644,15.83375,13.232099,17.135902,16.81357,20.349266,24.18002,24.626682,23.193241,23.910439,23.109934,23.161922,20.242874,22.4162,18.430962,21.82121,19.381056,22.38002,21.570896,20.051483,22.688715,23.814419,19.282984,16.74694,14.184953,11.117809,11.756715,5.906992,10.558408,9.340873,13.205545,16.417597,19.848469,20.70057,17.660427,15.469239,14.140867,11.146147,10.509782,8.055036,11.671458,8.237374,13.921428,13.812356,16.622253,15.901086,15.010359,13.032937,14.5205145,14.663986,14.84092,18.67908
18,16.61429,13.598516,12.093579,7.9164157,8.158135,6.904787,8.416828,10.719574,10.389778,15.674211,16.423824,20.260473,18.53997,16.02346,13.009016,9.670261,6.231505,4.843471,0.0,4.1318517,6.5016294,7.7585034,11.223698,10.323438,13.794508,10.282334,15.109993,12.771498,10.003407,14.260491,13.713133,16.232347,20.462818,21.274843,24.291029,26.853445,29.319727,27.959326,24.518732,20.921532,22.517654,18.925642,18.105045,14.692388,16.548002,13.748315,17.589931,13.761182,18.521044,20.666012,21.562815,17.641855,23.12786,21.97067,21.55078,23.378727,19.261616,22.225737,25.045546,20.568457,17.945375,21.30249,20.529003,23.638346,26.949396,27.037798,24.770819,26.192482,24.177095,24.630201,20.994024,23.224491,19.467972,22.634542,20.655106,23.050848,22.607946,21.837835,24.133787,26.137257,22.211256,19.658625,17.89698,14.550761,14.164991,7.6854606,11.4380665,8.640122,12.654545,15.025694,18.621359,18.650517,16.400677,14.586678,11.874936,9.23984,9.745822,7.5397186,12.824208,10.216865,15.818634,16.17862,18.533607,16.795559,16.00536,12.06579,14.66344,13.384785,13.999387,16.90208
19,15.954654,12.141484,12.104182,7.1150947,7.307394,8.845152,8.529451,13.089721,11.988822,18.199068,18.757204,22.90953,21.69584,19.398478,16.454403,12.726134,9.893968,6.93871,4.1318517,0.0,5.547774,7.3749914,9.032532,6.750706,10.054201,6.179093,11.214128,9.281376,7.84694,11.59692,13.492563,14.894708,20.446949,21.326294,24.155916,27.092531,28.9961,27.356594,23.83221,19.940596,21.604017,17.320862,17.411192,13.459823,13.884359,11.311582,14.439334,10.627862,15.42431,18.150253,19.354074,16.322645,21.62073,21.580261,21.013052,23.395914,19.433815,22.664707,26.114565,21.407028,18.51047,20.806686,19.274624,21.92501,24.640715,24.330132,21.535423,23.504639,20.831524,21.787384,17.911762,20.663189,17.477655,21.043814,19.854462,22.4017,22.702887,22.383944,25.226765,27.555489,23.783478,20.563051,19.120108,15.318391,13.711035,7.527857,9.276726,5.32703,8.8331175,10.936907,14.500415,14.624865,12.565406,11.343076,8.296284,6.7652164,8.718039,8.430122,13.472981,12.232644,17.519943,18.8105,21.781132,19.563532,18.216938,13.878186,15.223277,13.437763,12.828442,15.460794
20,15.978505,13.11517,13.923296,9.798003,11.663493,12.118157,13.716776,17.182749,16.508081,22.141605,22.027876,26.01243,24.682058,21.803963,19.238907,15.809438,12.478649,10.911384,6.5016294,5.547774,0.0,5.816776,6.2060504,6.368979,11.089677,8.93748,14.676584,13.660871,13.0299835,15.706184,17.763977,18.347227,24.035112,23.634188,27.246761,29.683178,31.467272,30.407877,26.405418,22.503582,25.499578,21.472927,21.91883,18.684635,18.721684,16.574049,19.134357,15.173075,19.756008,22.712643,24.456509,21.656437,27.082602,27.079218,26.491804,28.732224,24.54398,27.49096,30.808573,26.386614,23.512053,26.230453,24.617346,27.288866,29.754196,29.027618,25.607323,27.459972,23.935349,24.62506,20.283749,22.271809,19.124239,21.796162,20.747568,22.306679,22.672626,23.05192,25.181662,28.318924,25.334965,22.462706,21.8655,18.1849,16.342829,10.73848,12.228488,8.675116,11.866766,12.813544,16.408703,15.026357,13.709072,12.381576,8.350881,6.8709264,9.058111,8.810556,14.275346,13.71015,18.319818,19.893002,22.326199,19.14835,17.990011,12.21296,14.68727,11.602818,12.096519,13.26503
21,10.332642,8.120621,8.770779,6.0750155,9.305266,9.701229,13.024412,16.596037,17.376162,22.176739,24.06694,27.72001,25.324297,22.958036,19.21325,16.952305,12.804001,12.288825,7.7585034,7.3749914,5.816776,0.0,5.485665,7.933376,10.479897,10.056322,15.113318,15.231201,14.797274,18.627413,20.641808,22.217154,27.600382,28.158218,31.300566,33.99906,36.03634,34.608196,30.939568,27.042007,28.970007,24.653881,24.645954,20.274967,20.380938,17.375568,19.570026,14.456529,18.627968,20.824121,23.286062,20.253025,26.404547,26.316017,26.853111,29.295637,25.757195,29.147644,32.06676,27.170437,24.61936,26.87136,25.734423,27.964062,30.47729,30.422638,27.429148,30.244318,26.887632,28.37122,24.163527,26.923973,24.016314,27.144224,26.093605,27.953281,28.181055,28.196758,30.309479,33.00912,29.53504,26.861956,25.49959,21.958187,20.695478,14.422897,16.32658,12.060289,14.533681,14.958536,17.925789,17.0797,16.985533,16.72293,12.202273,11.927091,14.361949,13.5237875,19.185074,17.490656,22.720577,23.348907,25.18007,22.924953,22.304485,16.939182,20.062662,17.28489,17.783287,18.974651
22,12.334819,9.698323,12.7002,9.686763,12.507446,14.474499,16.2726,20.932043,20.791595,26.443531,27.421085,31.420153,29.692993,27.155931,23.869474,20.888157,17.174461,15.57711,11.223698,9.032532,6.2060504,5.485665,0.0,4.8541574,7.538395,8.645239,13.559746,14.668221,15.797225,18.250397,22.195107,22.373716,28.816315,28.806343,32.09149,34.866375,36.265865,34.880394,30.961428,26.890322,29.512585,24.857481,25.842642,21.666883,20.36241,18.101141,19.214693,14.636202,18.405346,21.382114,24.18459,22.303417,27.9459,28.926598,29.026764,31.816566,28.195986,31.575188,35.079308,30.214243,27.372057,28.991507,27.076378,28.929567,30.672571,29.897299,26.07018,29.18215,24.797596,26.555502,22.040123,24.7833,22.61316,25.556751,25.388273,26.902592,27.89239,28.624054,30.968319,34.275455,31.301596,28.149538,27.465664,23.609686,21.274775,15.807152,15.998745,11.651939,12.909562,12.062159,14.682341,12.862483,13.765118,14.292509,9.329835,10.73605,14.112502,14.789507,20.039509,19.726168,24.399155,26.035948,28.410545,25.316648,24.16682,18.22963,20.35113,16.861616,16.564217,16.668869
23,15.074197,11.208882,13.928277,9.668222,11.190641,14.217387,14.109548,19.56911,18.481558,24.840466,25.235666,29.496622,28.443193,26.058516,23.110758,19.453732,16.448284,13.667571,10.323438,6.750706,6.368979,7.933376,4.8541574,0.0,5.082712,4.2536407,9.430634,10.144081,11.875133,13.632061,18.531288,18.141754,25.01288,25.240969,28.20477,31.223143,32.339096,30.71955,26.919918,22.80153,25.218893,20.387182,21.787264,17.734009,15.867968,14.075967,15.046175,11.235724,15.179683,18.67071,20.953356,19.506174,24.54167,25.958483,25.512589,28.42639,24.773481,28.109093,32.00703,27.219929,24.206873,25.39781,23.054972,24.845556,26.390295,25.32725,21.374346,24.345644,19.987345,21.77493,17.323124,20.377136,18.412266,21.771465,21.893454,23.856098,25.160198,25.831238,28.749918,31.881573,28.774988,25.17418,24.520166,20.49752,17.64914,12.735193,11.826617,7.4533677,8.076055,7.4413767,10.53279,9.285213,9.270567,9.919149,5.0923834,7.3915606,11.213114,12.828714,17.493921,17.760735,22.317135,24.461552,27.537998,24.460426,22.823938,17.443033,18.237108,15.192812,13.766731,14.546946
24,13.80802,9.615646,13.482828,10.164759,11.385153,15.706335,15.008875,21.30496,20.50971,26.760231,28.130451,32.352234,31.0949,29.185055,25.720638,22.392372,19.415691,16.52015,13.794508,10.054201,11.089677,10.479897,7.538395,5.082712,0.0,5.0196366,6.9337087,9.9828615,13.097533,14.739556,20.73538,20.380863,27.405497,28.422823,30.752234,34.149345,35.034725,32.951233,29.530392,25.436787,26.890673,21.66616,23.291775,18.429794,15.514378,13.653308,13.080865,9.045611,11.799987,15.270604,18.300169,17.8931,22.758175,25.114431,25.260597,28.614084,25.681625,29.344477,33.33439,28.241495,25.368011,25.36973,22.859049,23.775589,24.662138,23.770329,19.854897,24.03155,19.49531,22.361462,18.243814,22.175917,21.023207,24.824446,25.428911,27.719376,29.310022,29.884417,33.147957,36.02678,32.639015,28.819914,27.796814,23.766134,20.855297,16.17914,14.650751,10.356154,9.02436,7.022174,8.385217,8.246848,10.114659,12.418607,8.492648,11.751253,15.567014,17.306728,21.731976,21.822886,26.57912,28.58004,31.745665,29.067026,27.421358,22.345913,22.831259,20.033941,18.088518,18.860872
25,16.099144,11.592245,13.716323,9.11008,9.2237,13.239245,11.467103,17.653873,16.148878,22.761984,23.423265,27.740074,26.926746,24.963402,21.957878,18.164515,15.735155,12.238919,10.282334,6.179093,8.93748,10.056322,8.645239,4.2536407,5.0196366,0.0,5.7409673,6.063817,8.395797,10.287455,15.784622,15.591178,22.461744,23.544481,25.876184,29.247581,30.327637,28.277615,24.86068,20.786371,22.22684,17.14915,18.553053,14.033056,11.811152,9.944604,10.8521595,7.3188033,11.461948,15.080592,16.945274,15.725528,20.419527,22.141525,21.6078,24.701756,21.320898,24.802168,28.866478,23.975264,20.96355,21.533901,19.039331,20.639132,22.171188,21.283834,17.656322,20.853685,17.031145,19.146545,15.075823,18.814484,16.97606,20.979113,21.101559,23.732246,25.039288,25.2847,28.692106,31.294184,27.754745,23.901909,22.799587,18.769213,15.936348,11.290033,9.848331,5.463879,5.0455947,5.4295382,8.552608,9.136881,8.189582,9.0866,5.7867365,7.8668456,11.299722,13.022946,17.130909,17.214369,21.931116,23.996704,27.437721,24.89884,23.105143,18.609718,18.637264,16.43213,14.324458,16.114998
26,18.606937,13.945731,16.336777,12.540963,11.575249,16.555147,13.237125,20.005896,18.210947,24.738878,25.802616,30.066067,29.571266,28.183147,25.122803,21.439667,19.651485,15.805746,15.109993,11.214128,14.676584,15.113318,13.559746,9.430634,6.9337087,5.7409673,0.0,4.841265,9.385878,9.871238,16.906282,16.242844,23.14414,25.117554,26.474524,30.27376,30.870216,28.243685,25.43363,21.562618,21.737417,16.341314,18.315062,13.370933,9.242655,8.197773,6.3716154,4.7803955,6.9261746,11.139105,12.960235,13.581948,17.094727,20.272345,19.82308,23.397627,20.888325,24.504538,28.856113,23.922005,21.054787,19.914062,16.866238,17.31811,17.84102,16.841642,13.173603,17.649706,13.8681,17.199814,13.8949175,18.624548,17.930145,22.386703,23.17239,26.236755,27.951235,28.088602,32.012436,34.22527,30.503458,26.323454,24.98929,21.101967,18.063805,14.7150955,12.071153,9.1580305,5.9447145,5.3188696,5.763091,8.899338,8.668074,11.042529,9.769614,12.4643,15.494498,17.62651,20.79213,21.118734,25.57304,27.744411,31.52216,29.361065,27.36547,23.559376,22.672934,20.989592,18.08163,19.976665
27,20.645918,15.9577875,17.063063,12.578158,10.801003,14.967486,10.657236,16.93314,14.324066,21.128017,21.35909,25.68652,25.688745,24.264303,21.771301,17.699553,16.642233,12.357746,12.771498,9.281376,13.660871,15.231201,14.668221,10.144081,9.9828615,6.063817,4.841265,0.0,4.955985,5.38311,12.094502,11.62525,18.358984,20.474472,21.806017,25.589354,26.436607,23.846651,21.03683,17.194891,17.274233,11.957803,13.678091,9.084974,5.766148,4.8706675,5.97941,5.7824426,9.245353,12.894037,13.196321,12.590501,15.821882,18.037674,16.69642,19.927496,16.810883,20.215923,24.67779,19.985535,16.936636,16.535427,13.477009,14.9535475,16.444626,15.486916,12.33983,15.264484,12.580508,14.761927,11.613043,15.975592,14.43913,19.070568,19.267296,22.676117,24.03253,23.787062,27.812862,29.696798,25.831028,21.647348,20.206577,16.369753,13.472233,10.558295,7.9155045,6.0550766,3.8576407,6.5462136,8.645616,11.265976,8.627973,9.107114,9.1036625,10.163092,12.240278,14.198515,16.704689,17.01549,21.269583,23.456795,27.452705,25.492022,23.396757,20.354103,19.004028,18.059103,15.129524,17.954777
28,21.191763,16.79243,16.404339,11.834333,9.378925,12.129209,7.2016,12.545227,9.467384,16.382957,16.459751,20.765211,20.772139,19.389069,17.123652,12.951921,12.513256,8.093272,10.003407,7.84694,13.0299835,14.797274,15.797225,11.875133,13.097533,8.395797,9.385878,4.955985,0.0,5.4584193,7.98138,9.554047,15.04983,17.613422,19.018503,22.657206,24.25684,21.803385,19.085423,15.430394,15.106599,10.423924,10.582184,5.9074135,6.6000395,4.512338,8.915304,8.125532,12.148115,14.763622,14.211037,11.733769,15.339523,15.814328,14.165657,16.823877,13.04535,16.414476,20.587145,15.902095,12.770069,13.833065,11.646661,14.39959,17.277977,17.075104,15.162205,16.60821,15.505365,16.431456,13.73356,17.161797,14.383665,18.832956,17.85496,21.50545,22.025267,21.077421,24.91426,26.262478,21.954842,18.105675,16.04509,12.349123,10.557481,6.9368873,6.64753,5.8063364,7.12475,10.709222,13.443082,15.482062,12.165121,10.970656,11.028779,9.9775305,10.689064,11.3881855,13.705504,13.010056,17.564676,19.141794,23.035189,21.665014,19.796726,17.60259,16.61727,16.493128,14.344184,18.07618
29,25.381983,20.789776,21.280647,16.545433,14.481778,17.484957,12.620273,17.486843,13.675221,20.482391,18.889914,23.256714,24.382158,22.890882,21.564114,16.990866,17.164827,12.623096,14.260491,11.59692,15.706184,18.627413,18.250397,13.632061,14.739556,10.287455,9.871238,5.38311,5.4584193,0.0,8.458515,6.440856,13.535014,15.486653,16.621553,20.427988,21.079384,18.505161,15.686573,11.916591,12.198929,6.9566627,9.439623,7.18671,4.9502845,6.658696,8.919523,10.778568,13.702546,16.955395,15.938118,15.117486,16.907532,18.483269,15.685315,18.294107,14.568391,17.206284,22.008171,18.122126,14.925568,15.111217,11.720483,14.069661,15.8804035,14.331225,11.516965,12.01143,10.52426,10.990382,8.466237,12.070019,10.048022,14.800462,14.786252,18.586958,19.895525,19.44134,23.786158,25.380264,21.686274,17.261549,16.20472,12.544479,9.195734,8.9376545,5.1232796,7.053944,6.1524525,9.666978,11.844815,14.027044,9.77823,8.40384,10.8199005,10.401112,10.8258705,13.077045,13.698106,14.876437,18.051502,20.759834,25.224913,23.244339,20.797634,18.934624,16.250954,16.36911,13.026637,16.562176
30,28.091637,24.03408,22.658052,18.341932,15.76251,16.322472,11.642709,12.965334,8.226144,13.918695,10.738798,14.984784,16.888275,15.655591,15.612061,11.173143,13.400381,9.784598,13.713133,13.492563,17.763977,20.641808,22.195107,18.531288,20.73538,15.784622,16.906282,12.094502,7.98138,8.458515,0.0,5.7958264,7.428704,10.901037,11.777384,15.243436,17.550175,15.285077,13.0515175,10.331176,9.1729,7.0905247,4.7038856,6.089394,10.386844,10.467766,14.917281,15.800846,19.15626,21.150885,19.140713,16.221191,17.85541,16.560516,13.046434,13.968745,9.009738,10.725369,14.972242,11.8312025,8.693842,12.062921,10.771638,14.942497,18.678082,18.50472,17.905317,16.35979,17.605484,16.341478,15.131836,16.661877,12.939051,16.532106,14.169395,18.22645,17.734085,15.640566,19.583706,19.730324,15.051871,11.339267,8.682479,5.771402,6.167018,7.2832813,8.462342,11.279744,13.329743,17.229162,19.97643,21.744429,17.342625,14.63788,16.440374,13.7541895,11.919905,11.693063,10.68152,10.029652,12.735916,14.185254,18.572266,18.001923,15.987006,16.579803,14.311364,16.325554,14.672582,19.271542
31,30.187464,25.83245,25.569096,20.77784,18.669373,20.194818,15.601541,18.270195,13.666917,19.679216,15.69103,19.862738,22.293348,20.6554,20.895712,16.118443,17.67162,13.594818,16.232347,14.894708,18.347227,22.217154,22.373716,18.141754,20.380863,15.591178,16.242844,11.62525,9.554047,6.440856,5.7958264,0.0,7.81514,9.09441,10.432495,14.053323,14.945567,12.740423,9.603779,5.924402,7.4051566,4.457673,6.4151797,8.911934,9.956307,11.767192,14.8529625,16.770325,19.817719,22.640238,20.86712,19.315037,20.316599,20.533575,16.615425,17.962133,13.513058,14.713639,19.401758,16.869143,13.814879,15.608099,12.901901,16.279636,18.71832,17.137487,15.35414,12.895694,13.362543,11.184502,10.057123,10.925954,7.438093,11.3387575,10.030558,14.287331,14.938472,13.853041,18.415026,19.46697,15.949509,11.385354,10.93746,7.85526,4.5032973,8.8035555,6.4500914,10.805836,11.664498,15.221287,17.665785,19.142334,14.263679,11.311935,14.662627,12.561576,10.793152,12.451866,10.351823,12.349668,13.703704,16.838825,21.64295,19.802572,17.109776,17.111103,13.169174,14.945711,12.019039,16.244331
32,35.479618,31.411589,30.045677,25.726812,23.185944,23.418125,18.911114,18.984102,14.351166,17.958559,12.223145,15.291682,19.25419,18.344398,20.201912,16.286474,19.506485,16.581274,20.462818,20.446949,24.035112,27.600382,28.816315,25.01288,27.405497,22.461744,23.14414,18.358984,15.04983,13.535014,7.428704,7.81514,0.0,6.1717224,4.6259346,8.2308,10.74938,8.566718,7.589238,7.3580165,5.05487,8.19052,6.042971,11.930205,15.434883,16.856157,20.52458,22.598934,25.398281,27.329899,24.602238,22.321236,22.23401,20.748245,16.137104,15.674104,11.402172,10.286649,14.131524,13.779417,11.709258,14.83547,13.814201,17.743376,21.037409,20.386654,20.527802,16.603592,19.52043,16.573435,17.045225,16.757092,13.419282,15.511666,12.721106,16.674788,15.716415,12.91222,16.965214,15.786077,11.662097,8.232848,6.6965284,7.050905,8.40188,13.365032,13.566214,17.578705,19.115467,22.834536,25.247587,26.918161,22.069267,18.968636,22.001951,19.177238,16.493841,16.552446,12.923076,13.650874,13.118411,14.961967,19.449364,19.23394,17.016973,19.756151,15.997368,19.305847,17.642715,22.07317
33,37.14385,33.179405,32.244923,27.600132,25.714687,25.698853,22.072456,22.23618,17.726973,21.669128,14.774285,17.8032,21.90559,20.060007,22.54395,18.277925,21.073803,18.332657,21.274843,21.326294,23.634188,28.158218,28.806343,25.240969,28.422823,23.544481,25.117554,20.474472,17.613422,15.486653,10.901037,9.09441,6.1717224,0.0,5.0886064,6.182829,8.286871,8.419814,5.0782995,5.3285437,9.048685,11.534201,11.218469,16.29479,18.817245,20.338932,23.837894,25.454857,28.736744,31.28527,29.151583,26.931063,27.553461,26.391375,21.984749,21.751526,17.225996,16.281187,19.653004,19.428759,17.21225,20.72549,19.27649,23.077501,25.88551,24.446548,23.422527,19.223402,20.797844,16.998978,16.960966,14.999426,11.232844,11.504631,7.858815,11.161453,9.8080435,7.099759,11.431601,11.167482,8.6212225,4.5827446,7.086936,7.493868,7.7101536,13.9098215,13.7822485,18.195862,20.05233,23.48891,26.185427,26.952581,21.917572,18.19687,21.571836,18.374872,15.037953,15.442053,10.33864,12.901672,10.226923,13.579938,18.194647,16.668139,13.992472,17.106512,12.29446,16.097935,14.76691,18.714905
34,39.573273,35.44906,34.342735,29.86784,27.4877,27.776915,23.390858,23.472906,18.868114,22.1872,15.745499,18.23639,22.785913,21.768463,24.235844,20.355991,23.590706,20.72833,24.291029,24.155916,27.246761,31.300566,32.09149,28.20477,30.752234,25.876184,26.474524,21.806017,19.018503,16.621553,11.777384,10.432495,4.6259346,5.0886064,0.0,4.243243,6.159479,4.546887,4.584528,6.9369035,6.2736363,10.826698,10.060391,16.130312,18.81691,20.782963,23.985455,26.470026,29.120281,31.259779,28.4615,26.622787,26.052599,24.884996,20.04302,19.352669,15.575991,13.792717,17.135202,17.797102,16.060204,18.713806,17.464613,20.979761,23.672544,22.465656,22.501263,17.55869,20.7216,16.890574,18.090433,16.580837,13.795621,14.614062,12.004641,15.441009,14.513462,11.839082,15.778586,14.24457,11.469743,8.531913,9.076332,10.265949,10.944523,16.896648,16.431248,20.845417,22.094164,25.584995,27.826542,29.258095,24.268044,21.027378,24.645716,21.88363,18.962778,19.42483,14.869869,16.62189,14.597302,16.999542,21.387503,20.846626,18.460201,21.774988,17.219717,20.85195,19.098719,23.11762
35,42.69434,38.717716,37.47007,33.011696,30.810722,30.62281,26.704103,26.109938,21.698656,24.326965,17.11651,18.922745,23.91674,22.772314,25.999552,22.390858,25.816923,23.421286,26.853445,27.092531,29.683178,33.99906,34.866375,31.223143,34.149345,29.247581,30.27376,25.589354,22.657206,20.427988,15.243436,14.053323,8.2308,6.182829,4.243243,0.0,4.5615125,5.9492006,6.489647,9.718986,10.480317,14.983528,14.094179,20.084913,22.935902,24.760458,28.09917,30.339014,33.18617,35.357468,32.609524,30.543613,30.103676,28.565023,23.785778,22.698608,18.989904,16.740158,19.235884,20.680828,19.258654,22.445807,21.537521,25.101732,27.82614,26.593489,26.568094,21.41428,24.402271,20.233696,21.398586,19.12426,16.30298,15.962031,12.94828,15.445512,13.8057785,10.856209,13.899029,11.483224,9.935793,8.496644,10.196575,12.403712,13.619816,19.627716,19.579409,24.01553,25.58457,29.034616,31.430742,32.528427,27.48394,23.975925,27.568548,24.499516,21.20546,21.373165,16.231352,18.122358,14.810416,17.058733,21.010683,20.576725,18.36812,22.596258,18.007576,22.035048,20.849442,24.587526
36,44.72886,40.54939,39.816807,35.155014,33.00196,33.41805,29.180126,29.443802,24.841951,28.134605,21.23513,23.322773,28.190245,26.97733,29.872524,25.949392,29.052107,26.19388,29.319727,28.9961,31.467272,36.03634,36.265865,32.339096,35.034725,30.327637,30.870216,26.436607,24.25684,21.079384,17.550175,14.945567,10.74938,8.286871,6.159479,4.5615125,0.0,4.0684657,5.523294,9.628584,10.99546,15.466037,15.808813,21.77853,23.589092,26.020422,28.698843,31.512878,34.0262,36.450157,33.69824,32.340885,31.436152,30.706648,25.732086,25.01001,21.573755,19.53315,22.510471,23.761847,22.16723,24.40767,22.84954,25.913454,27.884314,26.026182,25.74563,20.040228,23.033579,18.433413,20.274876,17.371845,15.586873,14.64718,12.797342,14.971079,14.370721,12.52111,15.799274,14.300212,13.840531,11.830396,14.057542,15.421046,15.343813,21.77149,20.623644,25.260141,26.166851,29.289043,31.29832,32.36532,27.365154,24.093006,28.22842,25.651943,22.63649,23.579891,18.418684,21.15792,17.938366,20.894798,25.034286,23.95995,21.449705,25.00849,19.782179,23.456522,21.63265,24.90306
