,0,1,2,3,4,5,6,7,8,9,10,11,12,13,14,15,16,17,18,19,20,21,22,23,24,25,26,27,28,29,30,31,32,33,34,35,36,37,38,39,40,41,42,43,44,45,46,47,48,49,50,51,52,53,54,55,56,57,58,59,60,61,62,63,64,65,66,67,68,69,70,71,72,73,74,75,76,77,78,79,80,81,82,83,84,85,86,87,88,89,90,91,92,93,94,95,96,97,98,99,100,101,102,103,104,105,106,107,108,109
0,0.0,4.0339603,5.705496,9.096516,12.286307,13.415754,17.763645,19.81308,23.252285,25.961588,29.00124,31.932215,34.825207,35.702583,37.07037,31.902287,34.401886,30.51145,36.334187,31.501698,34.8044,35.539253,39.793316,34.53067,31.15664,31.671494,27.983967,30.110703,26.879522,31.166533,25.619902,32.630016,30.930965,33.97965,31.270006,28.02693,31.986326,34.358257,31.896402,31.593508,36.526188,36.238716,33.705738,37.13648,40.20421,38.573673,37.043137,42.009537,44.36882,44.669613,42.19422,42.98589,46.420692,44.617035,42.441673,39.422447,36.0371,35.42818,40.393303,40.03296,34.43023,35.438892,32.378143,35.692516,33.70926,29.317501,28.138596,25.269606,22.85931,23.77367,21.090635,18.253273,18.136541,16.641205,19.212137,19.083715,15.819721,17.581865,19.076595,21.62082,22.103657,25.918058,22.195068,22.284344,19.45707,22.328365,21.119629,25.571577,25.200073,27.918774,27.825798,28.701286,32.851627,32.430843,35.87486,34.86172,34.027344,36.150604,30.20816,34.113796,28.816704,30.796225,31.832764,27.362087,26.242186,21.014536,22.21645,16.937197,18.272148,14.672711
1,4.0339603,0.0,5.261624,6.2850327,9.770043,12.070562,16.006012,17.337135,21.220995,23.36515,26.625753,29.385483,32.428864,33.60724,35.311707,30.408297,33.32346,29.760366,35.93002,31.548231,35.20734,36.187252,40.62598,35.502304,32.2778,32.645657,28.482624,30.418116,26.814253,31.032194,24.94838,31.81795,30.154507,32.6725,29.53092,26.260572,29.96929,32.809242,30.62879,30.036234,34.863976,35.30614,32.71083,35.72922,38.962105,37.995167,36.246475,40.79764,43.49222,43.536884,41.45898,42.55746,46.029625,44.177124,42.401375,39.737255,36.028717,35.923603,40.887733,39.963577,34.517605,36.020454,33.230587,36.412212,33.85989,29.516565,28.796776,25.60687,23.348484,25.131588,22.188774,18.70569,19.27767,18.791103,21.148682,21.760786,18.708782,20.070503,22.307106,24.190699,24.840986,28.548782,24.477324,24.065807,20.791912,23.32741,21.28384,25.440397,25.049953,28.172255,28.200443,29.570097,33.437057,32.648434,36.00472,34.80305,33.622147,35.31839,29.323832,32.70957,27.222118,28.610975,29.309406,24.743912,24.053518,18.441305,20.627985,15.71243,17.367126,14.534084
2,5.705496,5.261624,0.0,5.0330825,7.140952,7.9341664,12.131108,14.492028,17.673525,20.663366,23.67054,26.537188,29.470394,30.170008,31.792534,26.453327,29.076527,25.267881,31.295883,26.750132,30.23681,31.332361,35.64043,30.363222,27.16003,27.42479,23.295685,25.209623,21.707787,25.999903,20.402617,27.320648,26.098576,28.78616,25.92337,22.468906,26.450111,28.913363,26.310972,25.90448,30.879253,30.71409,28.100506,31.447714,34.562923,33.13075,31.538849,36.370525,38.8134,39.043037,36.723495,37.62904,41.09156,39.313976,37.335804,34.561546,30.962717,30.754116,35.78251,35.089672,29.624853,31.24284,28.584396,31.990648,29.462297,25.112154,24.829348,21.932274,18.960035,20.806314,18.640268,15.134383,14.815499,15.109799,16.630657,18.039656,14.98531,15.613476,18.649181,19.706747,20.685625,24.36505,20.18599,19.293575,15.80403,18.744553,16.29624,20.911404,20.945122,23.843456,24.390686,25.625217,29.559633,28.704987,31.854687,30.44183,29.467365,31.243866,25.466404,29.189714,23.72679,25.802977,26.855965,22.483625,21.24207,16.10772,16.85595,11.65388,12.688596,9.473932
3,9.096516,6.2850327,5.0330825,0.0,4.0374284,6.658734,10.116097,11.931304,15.709399,17.919167,21.39521,23.799505,27.128326,28.144005,30.567667,25.487709,28.726799,25.421043,31.861164,28.015766,31.813145,33.322895,37.692177,32.50337,29.564465,29.480194,24.892391,26.2482,22.227375,26.167791,19.56378,26.20693,24.694752,26.742239,23.377048,20.126715,23.742023,26.715914,24.763102,24.133284,28.79663,29.65876,27.20976,30.016962,33.16241,32.79311,31.141077,35.289516,38.08799,37.832397,35.9515,37.572098,40.833652,38.84703,37.507137,35.265045,31.209986,31.647728,36.491135,34.938046,29.720007,31.791952,29.444126,32.483696,29.26738,25.064428,25.186289,21.840336,19.477379,22.417583,19.672525,15.478516,16.528835,17.87749,19.443434,21.438585,18.937012,19.481161,23.19291,23.739887,25.051147,28.627329,24.306725,22.839567,18.962961,21.665833,17.95508,22.259277,22.485212,25.770329,26.648863,28.408491,31.9478,30.62228,33.52017,31.763403,30.38595,31.470427,25.823792,28.72501,22.968029,24.16744,24.63403,20.164167,19.634748,13.870332,16.022886,11.712544,12.658014,11.102144
4,12.286307,9.770043,7.140952,4.0374284,0.0,4.860649,6.7451596,7.9611797,11.696295,14.03205,17.422306,19.92028,23.1704,24.136854,26.556688,21.49778,24.8436,21.71635,28.261665,24.769289,28.753708,30.42854,34.8671,29.937117,27.21043,27.068819,22.176926,23.505215,19.403149,23.358833,17.133629,23.458523,22.760302,24.239786,20.599628,16.912827,20.477568,23.754436,21.500565,20.534975,25.341736,26.407223,23.68603,26.27644,29.643621,29.394579,27.474688,31.503363,34.47206,34.26221,32.664577,34.111206,37.580883,35.771915,34.55083,32.531033,28.40505,29.234701,34.143982,32.42626,27.452559,30.163588,28.273188,31.421885,27.816517,23.770351,24.800827,21.655151,18.733898,22.225258,20.256592,15.917972,16.437294,18.899796,19.460772,22.32332,19.906225,19.561832,23.769583,23.358875,24.706469,27.957241,23.443306,21.46683,17.398094,19.597181,15.217902,19.102652,19.484577,22.895634,24.087215,26.141134,29.363033,27.740385,30.414196,28.465155,26.92945,27.736366,22.223007,24.888227,19.083296,20.288465,20.810316,16.426264,15.78041,10.15855,12.124102,8.309302,9.352337,8.9257345
5,13.415754,12.070562,7.9341664,6.658734,4.860649,0.0,4.7572346,9.590148,11.676828,15.2145605,18.31724,20.52918,23.829136,24.031477,26.763346,21.011654,23.957443,20.46801,26.74217,22.974724,26.463593,28.379316,32.413082,26.96807,24.245049,23.717308,19.10633,19.921808,15.759625,19.548962,13.039632,19.786196,18.731112,20.954603,17.997204,14.627375,18.672045,20.99696,18.651058,18.448254,23.184208,23.319313,21.063011,24.329771,27.14929,26.451971,25.220318,29.555536,31.987999,31.784657,29.548681,31.322155,34.345062,32.294544,30.89875,28.691605,24.580465,25.092794,29.8912,28.31295,23.116365,25.4738,23.450554,26.61474,23.183662,19.05028,20.03972,17.052841,13.885654,17.479057,15.800202,11.527668,11.84065,15.02693,15.224511,18.56175,16.699608,16.196993,21.08579,20.259924,22.239014,25.58126,21.39794,19.000198,14.867863,18.1469,13.081931,18.053055,19.231615,22.090132,23.98518,25.597462,28.993021,27.448635,29.807749,27.566292,26.440125,27.330072,22.316599,25.363886,19.677366,21.680925,22.471577,18.528934,17.38029,12.7136965,12.426325,8.670431,7.3273487,6.8325653
6,17.763645,16.006012,12.131108,10.116097,6.7451596,4.7572346,0.0,6.2819967,7.285172,10.979003,13.973991,15.935333,19.292685,19.391727,22.556122,16.87596,20.157204,17.15683,23.60994,20.660746,24.384176,26.65853,30.696674,25.670975,23.390512,22.640549,17.624739,18.051456,13.6530285,17.136366,10.871374,16.82314,16.84538,17.939978,14.4313965,10.490492,14.392217,17.28027,14.779013,14.066788,18.882492,19.687128,17.184036,19.979818,23.052101,22.973467,21.441456,25.324867,28.080782,27.717697,25.991684,27.890017,31.042204,29.117151,28.152603,26.478107,22.121185,23.424007,28.13892,26.00118,21.314856,24.647375,23.394749,26.446278,22.341925,18.642218,20.913582,18.187174,14.836538,19.21756,18.326294,14.139487,14.299546,18.538054,17.76446,21.855724,20.272026,18.974543,24.177233,22.356905,24.348957,27.208765,22.944054,19.961798,15.793279,18.21089,12.152176,16.207249,17.726845,20.680132,23.056652,25.08979,27.901278,25.894218,27.805788,25.211786,23.79906,24.03116,19.460258,21.816242,16.120975,17.840836,18.468246,14.900426,13.856475,9.951885,9.167108,7.5131187,5.4306965,7.960894
7,19.81308,17.337135,14.492028,11.931304,7.9611797,9.590148,6.2819967,0.0,4.625946,6.173323,9.466665,12.123038,15.217953,16.38124,18.99841,14.4488,18.35343,16.205961,22.892115,20.785622,25.180405,27.219112,31.722433,27.711233,25.676294,25.403286,20.055824,21.13595,17.129753,20.633041,15.79394,20.44402,21.647144,21.3775,17.075043,12.634706,15.37409,19.63315,17.008356,14.879661,19.711018,21.836792,18.503223,20.000935,23.99232,24.515928,21.804846,25.080774,28.661167,28.410526,27.839241,28.972519,32.878304,31.520258,30.836285,29.58625,25.366896,27.269663,32.056084,29.790901,25.727648,29.789492,28.99919,32.092533,27.736837,24.349255,27.06779,24.399387,20.99607,25.2803,24.550095,20.319637,20.256588,24.146046,23.252,27.221743,25.093107,23.49877,28.153128,26.228575,27.49964,29.948887,25.326176,22.566954,18.584564,19.231588,13.913376,15.754394,16.368326,19.95953,21.71481,24.486217,26.661634,24.307426,26.307901,23.949121,21.866371,21.645226,16.70879,18.123743,12.286989,12.773815,13.099705,9.0178995,8.548385,3.8488362,6.2969694,6.8623376,8.015486,10.926067
8,23.252285,21.220995,17.673525,15.709399,11.696295,11.676828,7.285172,4.625946,0.0,4.88153,6.8582764,9.398852,12.234102,12.565385,15.475875,10.34667,14.27703,12.385401,18.982298,17.494293,21.756184,24.137552,28.386621,24.618206,23.01192,22.469843,17.134392,17.7884,13.982819,17.055454,13.478083,17.051888,19.429556,18.58491,14.496556,9.724597,12.285659,16.359713,13.151764,10.669444,15.712849,17.653166,14.067206,15.4612665,19.578419,20.06353,17.246359,20.47576,24.050491,23.893545,23.452925,24.453072,28.42605,27.240799,26.66081,25.700188,21.517847,23.833542,28.475779,26.114508,22.513016,27.115751,26.904278,29.9678,25.456057,22.502642,26.050926,23.885717,20.178585,24.60437,24.761135,20.89947,20.309536,24.882519,23.136929,27.653923,25.908497,23.693266,28.649998,25.863611,27.329266,29.36083,24.974459,21.709991,17.944784,18.29259,12.374462,13.537185,14.894233,18.02616,20.550592,23.291447,25.024162,22.400326,23.781092,20.997751,18.964457,18.252918,14.153647,15.24864,9.630847,10.8214035,11.519307,8.696587,7.4598475,6.5187154,4.574252,7.977491,7.492177,11.673846
9,25.961588,23.36515,20.663366,17.919167,14.03205,15.2145605,10.979003,6.173323,4.88153,0.0,3.9656618,6.0608797,9.302686,10.958968,14.413072,11.100998,15.561348,14.982473,21.206995,20.763988,25.158018,27.490166,31.774925,28.630259,27.27815,26.802273,21.512617,22.064388,18.436804,20.99507,17.408884,20.045877,22.434599,20.601036,16.006718,11.787381,12.875608,17.86619,15.55864,12.43729,16.51507,20.021599,16.5719,16.50595,20.84956,22.585852,19.374426,21.333801,25.493088,24.962387,25.526752,26.69732,30.673899,29.633684,29.680029,29.289793,25.090288,27.873894,32.225346,29.352512,26.295464,31.153543,31.186743,33.976513,29.159845,26.465933,30.104006,27.73876,24.49235,29.155956,28.924234,24.84738,24.819351,29.30012,27.85772,32.26387,30.421919,28.387062,33.217285,30.593021,31.874557,33.831593,29.343643,26.22967,22.537296,22.33445,16.899479,17.013227,17.808777,21.128056,23.226894,26.356539,27.569582,24.717453,25.946,23.28677,20.787964,19.315477,15.624528,15.111995,9.988937,8.651931,8.02004,5.295153,6.182491,6.1806297,7.8012137,11.615035,12.171991,16.028515
10,29.00124,26.625753,23.67054,21.39521,17.422306,18.31724,13.973991,9.466665,6.8582764,3.9656618,0.0,4.109573,5.8259587,7.591354,10.499388,8.071095,12.537313,12.911775,18.57685,19.050846,23.40244,25.712042,29.897713,27.480936,26.533043,26.150682,21.04485,21.662195,18.628153,20.858313,18.857904,20.462563,23.89146,21.568052,17.30084,13.168453,13.599483,18.345291,15.60837,12.013542,15.794094,19.266651,15.442519,14.600475,19.312742,20.969137,17.192308,18.766495,23.179703,22.948885,24.105005,24.531633,28.897251,28.3513,28.441269,28.333807,24.465765,27.529942,31.75187,29.037336,26.540451,31.784443,32.253166,35.09217,30.313128,27.95644,32.06245,30.070292,26.527302,31.041983,31.432257,27.603733,27.049475,31.697828,29.724836,34.331635,32.510315,30.029154,34.74937,31.629726,32.728912,34.23729,29.882805,26.668175,23.3337,22.356476,17.327513,16.118017,16.895004,19.886984,22.099209,25.35263,25.933954,22.861574,23.623985,20.90723,18.227808,16.166529,13.2931385,11.754987,7.4664984,5.5102115,5.1360197,4.815133,5.1551857,8.6467495,8.467147,13.415549,13.958755,17.97547
11,31.932215,29.385483,26.537188,23.799505,19.92028,20.52918,15.935333,12.123038,9.398852,6.0608797,4.109573,0.0,4.2635655,6.051089,11.182218,9.78213,14.081881,15.246184,20.307526,21.551947,25.544271,28.158754,31.95068,29.606236,28.956795,28.20136,23.281319,23.16109,20.119131,21.523235,19.393877,19.881351,23.306639,20.126064,15.819435,12.523173,11.643092,16.599998,14.836842,11.174333,13.686755,18.383701,15.228899,13.334581,17.681236,20.719904,17.347122,17.571394,22.14549,21.256876,23.004715,24.315632,28.096708,27.372984,28.205141,28.72242,24.712538,28.225883,31.946209,28.551548,26.631117,32.038624,32.856552,35.275684,30.202192,28.277636,32.646194,30.679264,27.637938,32.47334,32.748608,28.949383,28.893438,33.834175,31.910307,36.655773,35.162613,32.784496,37.789967,34.563995,35.954674,37.49513,33.269848,29.853998,26.48394,25.860928,20.432365,19.475342,20.605139,23.321688,25.825315,28.997137,29.392786,26.233932,26.565742,23.622858,21.015076,18.321657,16.559464,14.204234,10.96734,8.425957,6.8130665,7.9457655,9.192672,11.949378,12.100008,16.87583,16.75875,21.025461
12,34.825207,32.428864,29.470394,27.128326,23.1704,23.829136,19.292685,15.217953,12.234102,9.302686,5.8259587,4.2635655,0.0,3.8420439,7.6364956,8.644153,12.291743,14.592148,18.648874,20.85586,24.725863,27.153524,30.83639,29.375683,29.09559,28.554043,23.910543,24.034443,21.653666,22.879591,22.200844,22.032747,26.260487,22.884438,19.017551,15.810181,14.703384,19.100866,16.91688,13.111231,15.163618,19.456646,15.997325,13.318839,17.894545,20.62037,16.639526,16.311396,21.114456,20.683817,23.136425,23.384773,27.634012,27.550898,28.337976,29.076479,25.548103,29.188288,32.791862,29.730183,28.321014,33.96778,35.099144,37.620537,32.69711,30.998955,35.63891,33.96355,30.603483,35.199635,35.965828,32.34096,31.779596,36.718426,34.403248,39.226192,37.63756,34.903503,39.677734,36.11531,37.22361,38.335503,34.228462,30.85897,27.865469,26.449512,21.689802,19.51266,20.40307,22.76947,25.140175,28.401075,28.129475,24.839725,24.73051,21.916468,19.152994,15.873463,15.18166,11.5963125,10.125359,7.0442753,5.686429,9.04095,9.85376,14.313068,13.743842,18.984291,19.170189,23.352415
13,35.702583,33.60724,30.170008,28.144005,24.136854,24.031477,19.391727,16.38124,12.565385,10.958968,7.591354,6.051089,3.8420439,0.0,6.728071,6.873344,9.961818,12.647958,16.105461,18.787235,22.227867,24.920347,28.207993,26.799795,26.8317,26.034206,21.707066,21.383213,19.389185,20.04368,20.410072,19.367956,24.210218,20.707191,17.41146,14.468404,13.191271,16.818913,14.332894,10.625058,12.316513,16.14467,12.750069,9.669756,14.287699,16.963661,13.067964,12.484918,17.275805,16.935701,19.42197,19.629198,23.809628,23.82788,24.676804,25.636898,22.261633,26.07537,29.423578,26.381342,25.376516,31.155634,32.614826,35.046505,30.214378,28.85733,33.808224,32.50296,29.081015,33.56389,34.813637,31.516834,30.68622,35.85037,33.153053,38.15223,36.861523,33.902256,38.80182,34.86111,36.161892,37.08833,33.25978,29.663212,26.873579,25.611994,20.69126,18.524206,19.985334,21.82471,24.744234,27.719145,27.368969,24.078735,23.511684,20.364483,17.925959,14.410549,14.719281,11.448245,10.500631,9.216029,8.962182,11.773845,11.665364,16.121046,14.090085,19.407387,18.835903,23.171362
14,37.07037,35.311707,31.792534,30.567667,26.556688,26.763346,22.556122,18.99841,15.475875,14.413072,10.499388,11.182218,7.6364956,6.728071,0.0,6.4452744,7.1993585,10.998822,12.860894,16.318956,19.774939,21.751581,25.22825,25.1476,25.423346,25.343803,21.421865,22.177488,21.140888,22.336708,24.258066,23.675787,29.04124,26.179518,23.211887,19.734009,19.297802,22.463083,19.000048,15.519406,17.837957,19.911598,15.829498,13.457008,18.101305,18.627861,13.752124,14.192029,18.606884,19.68678,22.167679,19.919662,25.247417,26.268831,26.20652,26.728716,24.249865,27.59895,31.22158,29.363846,28.376518,34.09687,35.52491,38.421417,34.103798,32.592136,37.474514,36.432568,32.32901,36.187584,38.010117,34.89845,33.161472,37.94633,34.83889,39.689495,38.01414,34.61488,38.85282,34.676373,35.30621,35.600323,31.914753,28.67684,26.54454,23.92636,20.588587,16.564484,17.27397,18.597488,20.955982,24.016,22.760597,19.406328,18.46003,15.806008,13.082301,9.071859,10.728681,5.9413385,8.540069,8.171331,9.566834,12.99072,11.882444,17.719011,14.947516,20.266201,20.54424,24.303104
15,31.902287,30.408297,26.453327,25.487709,21.49778,21.011654,16.87596,14.4488,10.34667,11.100998,8.071095,9.78213,8.644153,6.873344,6.4452744,0.0,4.5219126,5.9707966,10.628656,12.230838,16.151155,18.609278,22.410162,20.817345,20.580591,20.234043,15.785011,16.471954,14.915725,16.620296,18.136065,18.400778,23.517475,21.443354,18.54954,14.587086,15.238519,18.148148,13.948185,10.694341,14.485642,15.558774,10.989126,10.480629,15.379842,14.959516,10.350407,13.127349,17.125317,18.14534,19.09522,17.59983,22.807533,23.117014,22.496088,22.32201,19.312002,22.367899,26.493023,24.749584,22.913002,28.446009,29.521994,32.599846,28.367828,26.531038,31.240913,30.196644,25.952251,29.763826,31.613058,28.600159,26.740206,31.585424,28.461315,33.364346,31.835182,28.494532,33.009647,28.86469,29.854969,30.521902,26.758186,23.254488,20.795444,19.000227,14.696366,11.769909,13.390922,14.992406,18.14093,20.956879,20.828217,17.621098,17.333963,14.10132,11.789393,9.234194,8.526283,7.365338,5.7192774,8.231183,10.264734,11.513849,9.382576,14.131004,9.826266,15.000842,14.525714,18.42667
16,34.401886,33.32346,29.076527,28.726799,24.8436,23.957443,20.157204,18.35343,14.27703,15.561348,12.537313,14.081881,12.291743,9.961818,7.1993585,4.5219126,0.0,4.6136427,6.371206,9.489428,12.792748,15.150961,18.615023,17.998037,18.358213,18.19445,14.576317,15.45615,15.195543,16.461744,19.990288,19.573746,25.301733,23.457226,21.337185,17.708715,18.376598,20.308033,15.758605,13.131481,16.347225,15.920852,11.434919,11.155207,15.497465,13.474415,8.460802,11.926098,15.259913,17.281946,18.14385,14.918555,20.746696,21.796925,20.634584,20.396599,18.273794,21.122198,25.052391,24.119572,22.805088,28.29224,29.683064,32.85539,29.09137,27.58324,32.44166,31.911058,27.39728,30.653984,33.2292,30.688862,28.180386,32.91485,29.265724,34.155865,32.74629,29.006409,33.18155,28.566298,29.348518,29.410872,26.113695,22.645924,20.925907,18.506014,15.30026,11.284836,13.07049,13.449482,16.882675,19.291151,18.501104,15.323801,14.149861,10.700022,8.823095,5.8518147,7.8750486,7.185718,8.357965,11.633557,14.0206995,15.594712,13.138918,18.005533,12.987713,17.625961,16.960001,20.402954
17,30.51145,29.760366,25.267881,25.421043,21.71635,20.46801,17.15683,16.205961,12.385401,14.982473,12.911775,15.246184,14.592148,12.647958,10.998822,5.9707966,4.6136427,0.0,6.696644,6.3326654,10.518012,12.923803,16.988794,15.084986,14.749966,14.7367325,10.535111,12.164358,11.687137,13.978473,17.229784,18.100431,23.32559,22.476637,20.4333,16.425404,18.16267,19.890541,14.860759,12.780057,17.042522,15.622714,10.975043,12.63851,16.729294,13.595309,9.345229,14.526819,17.190634,19.200853,18.748297,15.875069,21.51406,22.072577,20.150236,18.94582,16.615377,18.760649,23.332935,22.924908,20.64765,25.738125,26.61601,30.124624,26.64791,24.680595,29.15833,28.61227,23.800142,26.743765,29.390057,26.96293,24.08283,28.603088,24.910719,29.708881,28.212572,24.432844,28.572426,24.012093,24.836184,25.0997,21.679974,18.139107,16.315569,14.151331,10.749143,7.0920486,9.584246,10.06847,13.978572,16.15987,16.336632,13.425862,13.138007,9.640221,8.295256,7.8003445,6.7872443,9.216333,8.072927,12.667703,15.3558235,15.567867,12.541196,16.277607,10.3580265,14.144714,13.226743,16.275646
18,36.334187,35.93002,31.295883,31.861164,28.261665,26.74217,23.60994,22.892115,18.982298,21.206995,18.57685,20.307526,18.648874,16.105461,12.860894,10.628656,6.371206,6.696644,0.0,5.9652076,7.3433905,9.504547,12.416286,12.998087,14.167189,14.350425,12.380538,13.682101,15.271886,16.171919,21.852627,21.192133,27.14823,26.116497,24.980797,21.66752,22.79629,23.532549,18.641237,17.076918,20.009502,17.41456,13.52881,14.502785,17.57234,12.974819,8.934924,13.667818,15.138323,18.368143,18.202404,12.803466,19.066416,20.86635,18.473738,17.574379,16.90899,18.859432,22.61211,23.215616,22.217121,27.186981,28.730501,32.086105,29.216215,27.994461,32.723186,32.880943,28.05478,30.331638,33.83199,32.032272,28.640293,33.00831,28.749475,33.43826,32.24511,28.080044,31.66627,26.539717,27.073586,26.335773,23.865543,20.562658,19.992092,17.130642,15.630775,11.220491,13.25262,11.687827,15.460865,16.788923,15.532749,12.896612,10.608011,6.975597,7.20036,6.435162,10.036788,11.426014,13.359945,17.438385,20.128172,21.321835,18.43978,22.783026,16.988354,20.505623,19.480934,22.066843
19,31.501698,31.548231,26.750132,28.015766,24.769289,22.974724,20.660746,20.785622,17.494293,20.763988,19.050846,21.551947,20.85586,18.787235,16.318956,12.230838,9.489428,6.3326654,5.9652076,0.0,4.8066435,6.7469587,11.186902,9.494203,9.372666,10.218975,7.6648912,10.633092,12.195377,14.476316,19.524385,20.56569,25.676004,25.840136,24.673584,20.973307,23.181774,23.899992,18.67097,17.599596,21.597181,18.350811,14.39769,17.051786,20.11352,14.856038,11.774229,17.77216,18.977648,21.86182,20.382246,15.959474,21.664846,22.701971,19.481422,17.22901,16.30661,17.102402,21.749468,23.057722,20.73618,25.023788,25.771748,29.59325,27.163177,25.296951,29.37356,29.47746,24.305006,26.018877,29.57323,27.9481,24.042124,27.929428,23.644182,28.08203,26.68872,22.445635,25.783161,20.718815,21.139019,20.550816,17.921938,14.609924,14.229869,11.365511,10.62077,6.661178,9.224454,7.1433325,11.538536,12.357321,12.554639,10.445782,9.765975,6.532151,7.5610337,9.649205,9.511781,13.458164,13.386872,18.34595,21.293293,21.204678,17.895115,20.981773,14.763199,16.884478,15.815871,17.499197
20,34.8044,35.20734,30.23681,31.813145,28.753708,26.463593,24.384176,25.180405,21.756184,25.158018,23.40244,25.544271,24.725863,22.227867,19.774939,16.151155,12.792748,10.518012,7.3433905,4.8066435,0.0,3.6543705,6.6421185,5.837595,7.3651357,8.134532,8.42716,10.59033,13.722828,14.885155,21.481367,21.6563,26.932823,27.353756,27.00581,23.868462,25.92665,25.734768,20.646442,20.230604,23.5294,19.156994,16.029018,18.854061,20.939428,14.570124,12.662621,18.514061,18.50028,21.897957,19.883331,14.468285,19.857729,21.358156,17.461496,14.895489,15.354187,15.463596,19.52296,21.912655,20.253828,24.064594,25.170185,28.8617,27.123055,25.803726,29.875128,30.611525,25.54492,26.56987,30.822046,29.861973,25.608202,29.313173,24.624474,28.890211,27.970783,23.564043,26.525492,21.068054,21.545218,20.274923,18.727736,15.596329,16.232718,13.840762,13.980237,11.067815,13.460976,10.509585,14.479587,14.186365,14.001283,12.6939125,11.035132,8.445111,10.686096,12.639718,13.976704,17.430794,18.01553,22.839573,25.71204,25.860212,22.611973,25.638618,19.34043,21.142673,19.597229,20.957733
21,35.539253,36.187252,31.332361,33.322895,30.42854,28.379316,26.65853,27.219112,24.137552,27.490166,25.712042,28.158754,27.153524,24.920347,21.751581,18.609278,15.150961,12.923803,9.504547,6.7469587,3.6543705,0.0,5.1895747,6.535426,7.839998,9.769035,10.767289,13.619674,16.710653,18.24401,24.543602,25.160597,30.229113,30.868671,30.409935,27.086887,29.285055,29.285627,24.152657,23.611822,27.074253,22.807692,19.603983,22.302975,24.520245,18.157276,16.11965,21.771517,21.753834,25.311087,23.413458,17.623404,22.981453,24.707214,20.626013,17.866972,18.732756,18.357676,22.30574,25.202007,23.447905,26.846098,27.69309,31.511734,30.133835,28.667818,32.383698,33.14579,27.956171,28.521336,32.83225,31.98935,27.4379,30.622492,25.956142,29.814259,28.656197,24.187124,26.39313,21.050789,20.886578,19.020473,17.869614,15.39415,16.79071,13.595033,15.430418,12.030986,13.620989,9.976858,13.1397085,12.158659,11.558848,10.958283,9.232385,7.8520055,10.771802,13.649276,14.832199,18.640993,19.654875,24.552082,27.606516,27.684954,24.318363,27.359371,21.2113,22.616047,21.58116,22.384499
22,39.793316,40.62598,35.64043,37.692177,34.8671,32.413082,30.696674,31.722433,28.386621,31.774925,29.897713,31.95068,30.83639,28.207993,25.22825,22.410162,18.615023,16.988794,12.416286,11.186902,6.6421185,5.1895747,0.0,6.665974,9.572426,10.757361,13.6852,15.352704,19.273596,19.704464,27.05178,26.71397,31.909462,32.598763,32.851486,30.081371,32.017567,31.249453,26.37914,26.324055,29.060535,24.050297,21.648138,24.269228,25.583279,18.702538,17.733185,22.82187,21.717207,25.574778,23.372898,16.99759,21.623123,23.805367,19.375889,16.688751,18.882334,18.042097,20.944536,24.696728,23.83013,26.737675,28.032831,31.523546,30.757095,29.932499,33.682575,35.006638,30.081024,30.172962,34.997623,34.7068,30.064445,33.185448,28.279348,31.983845,31.358387,26.898327,28.873793,23.35989,23.396776,21.06639,20.968744,18.681286,20.54645,18.073715,19.747484,17.002256,18.792355,15.149745,18.100046,16.675121,15.778766,15.605869,13.253105,12.201186,15.18593,17.37269,19.603401,22.819742,24.227236,28.971506,31.905895,32.27139,28.995625,32.111557,25.852299,27.307045,25.812925,26.644167
23,34.53067,35.502304,30.363222,32.50337,29.937117,26.96807,25.670975,27.711233,24.618206,28.630259,27.480936,29.606236,29.375683,26.799795,25.1476,20.817345,17.998037,15.084986,12.998087,9.494203,5.837595,6.535426,6.665974,0.0,3.5500057,4.1430044,8.066869,9.748994,13.756813,14.59945,21.461123,21.979088,26.455479,27.935085,28.33011,25.641645,28.148243,27.137213,22.281578,22.78194,25.97663,20.580439,18.393728,22.134485,23.360756,16.439291,16.176147,22.139519,21.224485,24.417618,21.191889,16.597242,20.671268,21.675257,16.986532,13.263478,14.617606,13.005854,16.923473,20.647919,18.613935,21.150236,21.921015,25.688166,24.995121,23.796757,27.236229,28.544144,23.59654,23.515493,28.367657,28.24615,23.539494,26.693724,21.739553,25.58571,25.199114,20.795183,23.350203,17.695051,18.502235,16.971952,16.55515,13.616358,15.174303,14.215955,14.95809,14.174508,16.696297,13.693679,17.325964,15.9984045,16.891817,16.521427,15.542673,13.67908,16.08983,18.394299,18.903872,22.865078,22.614937,27.57864,30.375273,29.957043,26.682457,28.72677,22.404947,23.062502,20.939484,21.463463
24,31.15664,32.2778,27.16003,29.564465,27.21043,24.245049,23.390512,25.676294,23.01192,27.27815,26.533043,28.956795,29.09559,26.8317,25.423346,20.580591,18.358213,14.749966,14.167189,9.372666,7.3651357,7.839998,9.572426,3.5500057,0.0,3.296962,6.2900915,9.131742,12.437279,14.301446,20.026218,21.667131,25.554258,27.48913,27.578938,24.621151,27.562208,26.871664,21.954199,22.433428,26.172798,21.082865,18.647524,22.758553,24.355473,17.83055,17.32164,23.603811,23.187746,26.04181,22.691374,18.902697,22.967352,23.463337,18.925385,14.954339,15.417445,13.56918,18.128103,21.534935,18.5764,20.857878,20.961586,25.026257,24.302013,22.535912,25.540945,26.58154,21.446077,21.20784,25.851795,25.643284,20.752401,23.631779,18.759914,22.508858,21.868378,17.425201,19.974306,14.34669,15.163044,13.986997,13.184065,10.092728,11.740336,11.187334,12.290957,12.405383,14.85247,12.167391,15.655944,14.245805,16.058933,15.839257,15.769797,14.045577,16.17179,18.896074,18.202204,22.719051,21.713491,26.781492,29.597095,28.663706,25.340929,26.772114,20.595037,20.551805,18.522814,18.520422
25,31.671494,32.645657,27.42479,29.480194,27.068819,23.717308,22.640549,25.403286,22.469843,26.802273,26.150682,28.20136,28.554043,26.034206,25.343803,20.234043,18.19445,14.7367325,14.350425,10.218975,8.134532,9.769035,10.757361,4.1430044,3.296962,0.0,5.3761053,6.5475106,10.431122,11.5248375,17.861649,18.94228,22.862843,24.841413,25.345438,22.800795,25.625652,24.431229,19.709053,20.621944,24.002295,18.501255,16.590796,20.944468,22.042526,15.469542,15.73143,21.892143,21.143969,23.771465,20.018099,16.882355,20.404913,20.576595,16.019268,11.9007435,12.308172,10.273041,14.913035,18.279745,15.385405,17.73426,18.144009,22.083729,21.302752,19.836992,23.150517,24.414614,19.473577,19.434649,24.272177,24.215673,19.564482,22.923658,17.949022,22.04687,21.894863,17.605394,20.832525,15.190461,16.76154,16.101824,15.278786,11.8121395,12.717863,13.223927,12.7026825,13.584678,16.52466,14.300753,18.176008,17.161995,18.899403,18.305656,17.972475,15.725347,17.590353,19.659285,19.25637,23.358936,22.092413,26.990725,29.592907,28.728848,25.568611,26.881994,20.668446,20.854359,18.204275,18.641127
26,27.983967,28.482624,23.295685,24.892391,22.176926,19.10633,17.624739,20.055824,17.134392,21.512617,21.04485,23.281319,23.910543,21.707066,21.421865,15.785011,14.576317,10.535111,12.380538,7.6648912,8.42716,10.767289,13.6852,8.066869,6.2900915,5.3761053,0.0,4.600152,6.5034084,9.408095,14.248927,16.322113,20.307888,21.906872,21.528599,18.372341,21.427752,21.098698,16.095541,16.466986,20.591248,16.127419,13.310785,17.726854,19.73554,14.190288,13.368314,19.756107,20.15538,22.304462,19.123974,16.84858,20.984898,20.760605,17.078833,13.695305,12.148873,11.633243,16.95741,18.592813,14.974299,18.390265,18.5257,22.57941,20.614248,18.457874,22.0927,22.506624,17.29227,18.512012,22.46864,21.447744,17.219543,21.210926,16.633356,21.275286,20.541939,16.36743,20.456541,15.217203,16.861954,17.161522,14.792201,10.743626,9.931084,10.453037,7.877554,9.274065,12.609659,11.470158,15.673017,15.674472,17.72406,16.447157,16.72562,14.00355,14.9776125,16.758062,15.26277,19.420223,17.30804,22.131237,24.647022,23.511557,20.399475,21.532938,15.334055,15.728794,13.067825,14.071536
27,30.110703,30.418116,25.209623,26.2482,23.505215,19.921808,18.051456,21.13595,17.7884,22.064388,21.662195,23.16109,24.034443,21.383213,22.177488,16.471954,15.45615,12.164358,13.682101,10.633092,10.59033,13.619674,15.352704,9.748994,9.131742,6.5475106,4.600152,0.0,4.557607,5.194587,11.877347,12.539246,16.852861,18.399103,18.830854,16.51217,19.2346,17.905077,13.229299,14.472642,17.79989,12.473312,10.721675,15.540329,16.570177,10.986019,11.664263,17.62238,17.411446,19.163227,15.321046,14.262785,17.430079,16.662428,13.127284,9.854902,7.6663046,7.4840107,12.836627,14.006648,10.533269,14.435556,15.252236,18.968958,16.753918,15.223355,19.53039,20.334864,15.58473,17.211346,21.394724,20.659016,16.991695,21.596563,17.02402,21.950644,21.97606,18.164595,22.799608,17.660103,19.997568,20.52683,18.569233,14.495674,13.3827505,14.879672,11.109573,13.034377,16.572298,15.707083,20.057291,20.20159,21.955254,20.466654,20.216639,17.113447,17.936565,18.77083,18.095177,21.378033,19.21798,23.584259,25.712206,24.838457,22.078392,23.138477,17.135252,17.98779,14.517957,16.202692
28,26.879522,26.814253,21.707787,22.227375,19.403149,15.759625,13.6530285,17.129753,13.982819,18.436804,18.628153,20.119131,21.653666,19.389185,21.140888,14.915725,15.195543,11.687137,15.271886,12.195377,13.722828,16.710653,19.273596,13.756813,12.437279,10.431122,6.5034084,4.557607,0.0,4.815376,7.876655,10.300125,13.978923,15.59299,15.275715,12.545685,15.790528,15.100916,10.426473,11.590125,15.64245,11.551974,9.450755,14.422367,16.028404,12.227527,12.340992,17.902576,18.643385,19.585073,16.147087,16.60791,19.627031,18.214056,15.716429,13.189801,9.547864,10.310902,15.485186,15.072602,10.711437,14.909323,15.127898,18.795994,15.637815,13.3091135,17.646057,17.6295,12.823533,15.634297,18.847263,17.338621,14.330494,19.449059,15.478193,20.666943,20.449677,17.092491,22.35504,17.866323,20.413275,21.758812,19.011395,14.8814,12.518609,14.731466,9.230017,12.451711,15.919444,16.184212,20.340626,21.082975,23.22615,21.456203,21.796923,18.606611,18.707298,19.231556,17.462105,20.572454,17.30931,21.278992,23.10022,21.72897,19.232817,19.520975,13.95775,14.612583,10.699297,12.920838
29,31.166533,31.032194,25.999903,26.167791,23.358833,19.548962,17.136366,20.633041,17.055454,20.99507,20.858313,21.523235,22.879591,20.04368,22.336708,16.620296,16.461744,13.978473,16.171919,14.476316,14.885155,18.24401,19.704464,14.59945,14.301446,11.5248375,9.408095,5.194587,4.815376,0.0,8.582534,7.4296002,12.234244,13.379494,14.408581,13.041167,15.350261,13.143816,9.024292,11.2869215,13.76847,8.163817,7.890857,12.892987,13.034007,9.0247755,11.014007,15.773027,15.559495,16.231976,12.036147,13.625381,15.499187,13.648446,11.3945055,9.428621,5.054238,6.983081,11.448605,10.345793,6.717195,11.908828,13.387833,16.40259,13.06916,12.063894,17.243801,17.93552,14.001864,16.77752,20.371307,19.435303,16.973633,22.232134,18.219145,23.3367,23.811607,20.621227,25.856987,21.207127,24.004118,25.043718,22.90032,18.791973,16.93694,19.055298,13.952757,16.365967,19.944983,19.78217,24.165857,24.776243,26.434399,24.589396,24.22596,20.810085,21.098541,20.962574,20.472696,22.79729,20.208426,23.803339,25.35659,24.602625,22.388342,23.143057,17.762499,19.071905,15.06345,17.55962
30,25.619902,24.94838,20.402617,19.56378,17.133629,13.039632,10.871374,15.79394,13.478083,17.408884,18.857904,19.393877,22.200844,20.410072,24.258066,18.136065,19.990288,17.229784,21.852627,19.524385,21.481367,24.543602,27.05178,21.461123,20.026218,17.861649,14.248927,11.877347,7.876655,8.582534,0.0,7.0555596,7.360233,9.842025,9.366985,7.9490585,11.627192,10.615472,8.199292,10.495331,13.74393,11.723024,11.478397,15.639542,16.528757,15.873759,16.764353,20.511803,21.649946,20.998598,17.72206,21.143099,22.626999,19.923065,19.086712,17.639439,13.001435,14.349708,18.225288,15.531828,10.770639,14.321054,13.978247,16.603958,12.031785,9.119472,13.464145,12.289394,9.007921,13.913546,15.13188,12.853862,12.442048,18.126896,15.756923,20.72897,21.033266,19.112755,24.973827,21.782196,24.889067,27.189337,24.205818,20.40023,17.173391,20.55633,14.156544,18.430182,21.48025,22.78038,26.54934,27.717062,30.163235,28.214592,28.880919,25.61861,25.115063,24.932547,22.606676,24.817099,20.487175,23.102673,23.945362,22.029707,20.55802,19.206692,15.622847,15.770052,11.420778,13.992854
31,32.630016,31.81795,27.320648,26.20693,23.458523,19.786196,16.82314,20.44402,17.051888,20.045877,20.462563,19.881351,22.032747,19.367956,23.675787,18.400778,19.573746,18.100431,21.192133,20.56569,21.6563,25.160597,26.71397,21.979088,21.667131,18.94228,16.322113,12.539246,10.300125,7.4296002,7.0555596,0.0,6.605125,5.999734,8.140232,9.123654,10.31149,6.4696403,5.1249366,8.923681,9.385821,5.975788,8.456988,11.895844,10.875007,11.414729,13.832214,16.022919,16.35541,15.031029,11.502771,16.645601,16.817375,13.641285,14.089194,14.197443,9.421078,12.39648,14.696696,10.248926,7.799608,12.867691,14.600731,16.080954,11.007064,10.770716,16.365728,16.364271,14.276766,18.504889,20.531656,19.067465,18.698624,24.314035,21.451765,26.440018,27.213202,24.925854,30.631544,26.74726,29.849993,31.489618,28.981115,24.927158,22.307518,24.870913,18.735117,21.491793,24.861668,25.561415,29.798103,30.970306,32.606396,30.396614,30.109283,26.501268,26.119364,25.025675,24.426352,25.572033,22.40966,24.67528,25.294308,24.603455,23.33778,23.460224,19.528065,21.214106,17.091717,20.290833
32,30.930965,30.154507,26.098576,24.694752,22.760302,18.731112,16.84538,21.647144,19.429556,22.434599,23.89146,23.306639,26.260487,24.210218,29.04124,23.517475,25.301733,23.32559,27.14823,25.676004,26.932823,30.229113,31.909462,26.455479,25.554258,22.862843,20.307888,16.852861,13.978923,12.234244,7.360233,6.605125,0.0,5.6601057,8.504512,10.91184,12.603571,9.071805,10.266626,13.680808,14.144616,12.460138,14.745259,17.94878,16.921558,17.93187,20.317915,22.43263,22.774506,21.044508,17.483887,23.057167,22.535254,18.85117,19.357676,18.983591,14.557882,16.105707,17.956184,13.623207,10.256456,12.616056,13.0092325,13.603101,8.117598,7.380058,11.898369,11.295645,11.228105,15.817484,16.456804,15.19566,16.444355,21.70121,19.986073,24.391357,25.67282,24.422754,30.214916,27.30157,30.79616,33.100815,30.648258,26.909473,23.997665,27.665434,21.435255,25.486433,28.656582,29.74931,33.694656,34.757023,37.025993,35.030155,35.281124,31.834667,31.414108,30.68811,29.168287,30.676184,26.693514,28.659445,28.960854,27.478527,26.571825,25.210583,22.353981,22.79184,18.564766,21.001574
33,33.97965,32.6725,28.78616,26.742239,24.239786,20.954603,17.939978,21.3775,18.58491,20.601036,21.568052,20.126064,22.884438,20.707191,26.179518,21.443354,23.457226,22.476637,26.116497,25.840136,27.353756,30.868671,32.598763,27.935085,27.48913,24.841413,21.906872,18.399103,15.59299,13.379494,9.842025,5.999734,5.6601057,0.0,4.9610524,8.962408,8.647433,4.065893,7.7211485,10.799709,9.53263,9.949919,12.702843,14.4358635,13.090017,16.224392,18.329847,18.973635,19.798979,17.315693,14.946277,21.279572,20.682028,17.114548,18.882078,19.705526,15.137181,18.04513,19.537886,14.155709,12.595829,16.40948,17.80476,18.1999,12.67444,12.7784815,17.550346,16.801374,16.378532,21.178316,21.801512,19.948557,21.163998,26.6371,24.743343,29.41438,30.288857,28.685902,34.54127,31.266691,34.486122,36.527363,33.769672,29.824808,26.78882,29.59555,23.069763,26.034908,29.157345,30.400633,34.436386,35.933716,37.632404,35.252853,35.12924,31.494791,30.715643,29.189968,28.328243,28.803848,25.2603,26.489012,26.372559,25.616016,25.140467,24.6057,22.063147,23.741169,19.87405,23.211939
34,31.270006,29.53092,25.92337,23.377048,20.599628,17.997204,14.4313965,17.075043,14.496556,16.006718,17.30084,15.819435,19.017551,17.41146,23.211887,18.54954,21.337185,20.4333,24.980797,24.673584,27.00581,30.409935,32.851486,28.33011,27.578938,25.345438,21.528599,18.830854,15.275715,14.408581,9.366985,8.140232,8.504512,4.9610524,0.0,4.846668,4.458193,3.9517426,6.717392,8.266639,8.391805,11.136379,12.126272,13.338242,13.666406,17.19037,17.908745,18.70343,20.691734,18.385944,17.024897,22.412758,23.055872,20.06056,21.536379,22.091215,17.266289,20.353704,22.812283,17.92706,15.688505,19.943647,20.786161,21.886719,16.362164,15.2875805,19.711617,18.106947,17.044027,22.31223,22.326307,19.536901,20.914854,26.401436,24.79851,29.531319,29.767633,28.185272,34.052017,30.997925,33.91057,36.114307,32.82098,28.949032,25.512777,27.929636,21.171423,23.897398,26.68247,28.477285,32.216278,34.121426,35.813686,33.26524,33.46172,29.910337,28.693645,27.052729,25.576769,25.785393,21.798151,22.494453,22.109945,21.129553,20.990229,20.21368,18.428513,20.37589,16.987638,20.696804
35,28.02693,26.260572,22.468906,20.126715,16.912827,14.627375,10.490492,12.634706,9.724597,11.787381,13.168453,12.523173,15.810181,14.468404,19.734009,14.587086,17.708715,16.425404,21.66752,20.973307,23.868462,27.086887,30.081371,25.641645,24.621151,22.800795,18.372341,16.51217,12.545685,13.041167,7.9490585,9.123654,10.91184,8.962408,4.846668,0.0,4.3492455,7.0612364,5.836897,5.700743,8.891051,11.277742,10.279374,11.983651,13.962804,16.291698,15.820217,17.713404,20.330238,18.838842,17.653122,21.530823,23.477222,21.111053,21.720852,21.65838,16.826962,19.773478,23.218676,19.263903,16.274603,20.924015,21.39461,23.388361,18.14603,16.176603,20.535322,18.716824,16.395489,21.610275,21.828753,18.574343,19.188084,24.662062,22.839985,27.70654,27.352917,25.462503,31.206728,28.090866,30.658232,32.813595,29.196854,25.380684,21.796516,23.767754,16.994444,19.494818,22.092485,24.146965,27.70133,29.780252,31.507544,28.93365,29.407452,25.98141,24.593103,23.201052,21.117132,21.635883,17.26147,18.255142,18.198307,16.859858,16.399734,15.687009,13.581899,15.751947,12.593384,16.627874
36,31.986326,29.96929,26.450111,23.742023,20.477568,18.672045,14.392217,15.37409,12.285659,12.875608,13.599483,11.643092,14.703384,13.191271,19.297802,15.238519,18.376598,18.16267,22.79629,23.181774,25.92665,29.285055,32.017567,28.148243,27.562208,25.625652,21.427752,19.2346,15.790528,15.350261,11.627192,10.31149,12.603571,8.647433,4.458193,4.3492455,0.0,5.442201,6.512987,5.7984853,6.2172866,11.055106,10.809368,10.694494,12.217141,16.41443,16.026802,16.260057,19.137808,16.927906,16.773836,21.350441,22.83591,20.493807,22.075878,22.905254,18.20839,21.77631,24.53577,19.8704,18.056252,22.988592,24.0613,25.537285,20.090223,18.917576,23.549267,21.914099,20.137022,25.362297,25.596035,22.47001,23.352446,28.859417,27.013546,31.903048,31.665545,29.730156,35.47573,32.19181,34.730892,36.697598,33.132195,29.240715,25.785076,27.341763,20.679077,22.36221,24.909418,26.88064,30.491121,32.748806,34.01667,31.227558,31.296303,27.75469,26.192097,24.089674,22.841955,22.327444,18.623299,18.75257,18.148924,17.716738,17.820251,17.93115,16.339653,19.311874,16.54772,20.75644
