,0,1,2,3,4,5,6,7,8,9,10,11,12,13,14,15,16,17,18,19,20,21,22,23,24,25,26,27,28,29,30,31,32,33,34,35,36,37,38,39,40,41,42,43,44,45,46,47,48,49,50,51,52,53,54,55,56,57,58,59,60,61,62,63,64,65,66,67,68,69,70,71,72,73,74,75,76,77,78,79,80,81,82,83,84,85,86,87,88,89,90,91,92,93,94,95,96,97,98,99,100,101,102,103,104,105,106,107,108
0,0.0,4.1673374,6.5255375,9.928684,12.63142,15.324512,18.514912,22.277689,25.784403,28.92891,32.900578,35.165817,35.54731,32.56819,31.121666,26.864136,24.47874,22.891062,18.671919,18.192053,14.153997,14.700652,11.532571,15.290196,18.837133,19.309816,24.615206,25.343203,25.603045,26.549595,29.745743,29.844873,37.135925,36.214516,39.97459,42.398716,43.584866,42.433765,38.252125,34.13923,37.734642,32.11787,33.33413,31.106144,32.213787,29.867897,27.535461,30.570755,33.224483,33.046696,31.435822,32.587082,28.9359,33.878872,32.758064,35.800747,32.2733,35.470203,36.886112,34.239544,32.475826,28.987072,24.76702,23.63975,17.904408,21.671371,19.639294,21.794731,24.029047,19.795216,20.430927,25.210135,25.577353,29.913298,31.209393,31.244331,35.496365,36.37467,38.595814,41.633736,40.277462,36.28312,36.577663,32.778152,29.036633,27.944065,24.017832,20.266685,20.931242,19.126125,22.207909,26.287285,27.851238,31.756935,31.099955,29.775904,27.017351,24.347317,21.436272,19.027037,15.420191,13.330806,16.953943,17.668606,22.862902,24.742823,28.118057,30.743248,33.43444
1,4.1673374,0.0,5.316422,6.415386,9.46822,13.072915,15.2702055,19.904224,22.869665,26.315397,30.432919,32.437542,32.997215,30.283144,28.639225,24.256483,21.984703,19.809973,16.199167,14.884287,10.983456,12.568212,8.751217,11.601756,15.707728,15.6854105,21.0266,21.45683,21.852554,22.542229,25.955095,25.865955,33.3338,32.513134,36.130135,38.68862,39.762794,38.481796,34.362003,30.236387,33.696136,28.0123,29.33637,27.005085,28.340033,26.053541,23.949768,27.050903,29.832342,29.866789,28.236586,29.796972,26.441244,31.349545,29.817413,32.93812,29.1897,32.281948,34.010548,31.303244,29.304152,26.339752,21.814146,20.791216,14.890991,18.514933,16.536617,18.428207,21.130213,17.442383,17.466694,22.264225,22.190472,27.028944,27.834833,28.30325,32.448986,33.20775,35.549942,38.45535,37.146423,33.15873,33.0481,29.269014,25.417393,24.42268,20.19373,16.437292,16.846338,15.056091,18.12502,22.171196,23.7952,27.757019,27.043032,25.633333,22.957787,20.192541,17.334251,14.911608,11.320209,9.822073,13.297351,13.740642,19.082657,20.725574,24.17141,26.708515,29.547258
2,6.5255375,5.316422,0.0,5.4562483,6.925433,8.953438,12.568238,15.776536,19.45878,22.458603,26.414682,28.792892,29.335976,26.395565,25.338457,20.830215,19.087147,17.476633,13.835515,13.879531,10.545792,12.288929,10.6241045,13.004661,18.048347,16.714468,22.844109,22.813503,21.443697,22.322948,24.896261,25.052856,31.781822,30.724663,34.68626,36.85347,38.3941,37.51069,33.284832,29.23912,33.07841,27.910376,28.79468,27.412455,28.045086,26.775185,24.44551,28.134838,30.572092,30.122969,27.91483,29.25489,25.445242,29.896069,28.201435,30.756,26.908321,29.943354,30.997095,28.09118,26.431393,22.592136,18.519663,17.325731,11.844048,16.267475,15.012057,17.972088,20.943987,16.393936,15.731939,20.505884,20.502958,24.828037,25.761131,25.372541,29.604889,30.34318,32.411003,35.51962,34.033802,30.051308,30.734509,26.937763,23.404598,22.260704,18.884544,15.596997,17.393217,16.75957,20.094633,23.839146,25.94019,30.103216,28.931948,26.903952,24.646036,21.02323,19.335981,15.363213,13.557175,13.648811,15.73042,15.256706,20.73767,21.074734,24.869427,26.8903,29.620378
3,9.928684,6.415386,5.4562483,0.0,3.8405719,7.642894,9.059009,14.132579,16.785622,20.285652,24.631948,26.604216,27.62849,25.227255,23.942307,19.16877,17.858583,15.018574,12.935732,11.214197,8.590997,12.216718,9.7118,9.789823,15.5565195,13.358883,19.259342,18.584253,17.56373,17.66113,20.782377,20.18247,27.423765,26.28907,30.110962,32.481133,33.686893,32.62473,28.407482,24.310472,28.143736,22.832348,24.134995,22.521826,23.826633,22.711885,20.954361,24.663761,27.361214,27.378315,25.211693,27.304495,24.115284,28.45332,26.024738,28.686079,24.384693,27.1555,28.765303,25.625475,23.467655,20.57858,15.895724,14.56839,8.596735,12.2979965,10.876007,13.278805,16.829489,13.303647,11.848624,16.631258,16.08093,21.167122,21.552574,22.002779,26.09688,26.795008,29.15567,32.044754,30.809202,26.820808,26.79912,23.089226,19.187418,18.51272,14.221123,11.291292,12.573981,12.13832,15.226909,18.789988,20.744211,24.964684,23.58215,21.518053,19.25459,15.655951,14.13665,10.011043,8.601847,9.958716,10.996352,9.998069,15.528132,15.659832,19.466494,21.523342,24.338694
4,12.63142,9.46822,6.925433,3.8405719,0.0,5.4918976,5.963261,10.931582,13.41772,17.003925,21.116438,23.020636,23.857763,21.406532,20.135551,15.349517,14.187274,11.481668,9.718956,8.621758,6.9959893,10.904705,10.137657,9.51168,15.517522,12.325608,18.597979,17.676832,15.244687,15.776406,18.144764,18.26489,24.868645,24.057354,27.856314,30.144115,31.783247,30.798615,26.692404,22.663809,26.296402,21.31956,22.017723,21.082165,21.591482,21.128283,19.1506,23.224216,25.598383,25.267118,22.738817,24.719925,21.380152,25.381187,22.803753,25.201174,20.879725,23.675549,25.071316,21.999338,20.002502,16.962454,12.357511,11.591298,6.0334077,11.097849,10.957978,13.875303,18.03991,14.647617,11.8404665,16.33622,15.04938,20.313095,19.910349,20.0305,24.008335,24.34671,26.503479,29.422705,27.838566,23.860409,24.034132,20.190016,16.636324,15.430917,12.058564,8.994841,11.545533,12.1494665,15.397594,18.593163,21.175993,25.37574,23.936586,21.341375,19.747492,15.306695,14.872912,9.75032,10.292483,12.966456,13.410226,11.572022,16.90219,15.4760065,19.640316,20.928835,23.988117
5,15.324512,13.072915,8.953438,7.642894,5.4918976,0.0,5.9804807,7.2570257,11.357216,13.902717,18.257936,20.91709,22.31736,19.816107,19.84508,14.753498,15.220741,13.126905,12.428299,12.709654,12.027499,15.446256,15.436168,14.882617,20.90504,17.281397,23.459702,22.038406,18.446644,18.451113,19.956501,19.345535,24.976648,23.199549,27.602114,29.184885,31.065153,30.760275,26.435808,22.661415,27.168999,23.07591,23.744421,23.844679,24.184374,24.92359,23.170519,27.497347,29.622606,29.065989,26.12118,28.027664,24.525696,27.801773,24.864132,26.37468,21.787968,24.14735,24.591238,20.856243,19.187641,14.80874,10.997004,8.719327,4.226784,9.006753,9.576491,13.562609,17.163338,12.892583,9.926391,13.966619,13.516125,17.333624,17.909906,16.785212,20.985842,21.716316,23.642387,26.854715,25.480417,21.521702,22.925833,19.382736,16.120007,15.604071,13.087107,12.153774,15.422414,16.81388,19.679571,22.344687,24.681871,28.905186,26.83489,24.008213,22.525593,18.107784,18.615953,12.988362,14.517019,17.029371,16.39051,14.435662,19.053453,17.11542,21.005491,22.068201,24.405323
6,18.514912,15.2702055,12.568238,9.059009,5.963261,5.9804807,0.0,6.843899,7.85971,11.70373,16.050722,17.745256,19.22984,17.37691,16.612585,11.522677,12.169935,8.694271,10.296268,9.087799,10.2074585,14.433257,14.72368,12.246597,18.05779,13.466631,19.115225,17.112766,12.91826,12.61374,14.038558,13.632432,19.471104,18.392042,22.371212,24.411192,26.309132,25.589485,21.489695,17.628006,21.527674,17.35295,17.786926,18.056517,18.29314,19.479603,18.105978,22.49499,24.566809,24.228367,21.247593,23.72546,20.891272,23.887512,20.312307,21.96851,17.056667,19.265074,20.496962,16.872871,14.632129,11.941863,7.060593,6.159436,2.5059085,7.312774,9.203398,12.139669,16.831213,14.462026,9.850837,13.197737,10.768939,16.20141,14.652569,14.751915,18.465889,18.515085,20.651218,23.50688,21.912394,17.936073,18.16985,14.389059,10.927666,10.070252,7.3515377,6.7880425,10.542739,12.940019,15.445346,17.493353,20.271929,24.332994,22.335754,19.120253,18.372524,13.335955,14.896594,8.955178,12.41645,16.43975,15.122199,12.327008,16.44664,12.90821,17.103434,17.364368,20.314495
7,22.277689,19.904224,15.776536,14.132579,10.931582,7.2570257,6.843899,0.0,5.2441225,6.7886505,11.022031,13.889859,15.681506,13.541907,14.678743,9.697277,12.484702,11.049328,12.949972,14.097869,15.457898,18.65881,20.154814,18.50716,24.131077,19.495935,25.141687,23.107214,17.589113,17.57643,17.22611,17.14127,20.537212,18.859404,23.25682,24.265503,26.909369,27.058468,23.072191,19.86075,24.13197,21.432148,21.160309,22.877083,22.10666,24.532936,23.02228,27.563004,29.048988,28.114506,24.666847,26.54629,23.351984,25.293367,21.734507,22.073717,17.35967,19.04865,18.592344,14.4355545,13.227321,7.95727,5.6272287,3.6052918,6.376155,9.484599,12.426124,16.078842,19.952864,16.862501,12.392594,14.452882,12.787416,15.804881,14.779884,12.594317,16.192673,16.227346,17.584837,20.857025,18.98618,15.158898,17.517199,14.215311,12.247642,11.508635,11.866827,12.810001,16.985819,19.68683,22.096764,23.726688,26.513357,30.434013,28.115637,24.670567,24.302542,19.329674,21.521141,15.590269,19.099796,22.744963,21.25625,18.577208,22.197334,18.218584,21.968805,21.622435,23.836216
8,25.784403,22.869665,19.45878,16.785622,13.41772,11.357216,7.85971,5.2441225,0.0,4.336603,8.387651,10.058865,12.310285,11.209138,11.979176,7.34451,11.263202,9.20769,13.406669,13.7669525,16.388336,19.77379,21.51884,18.753576,23.82346,18.669514,23.435862,20.918785,14.681571,14.3504305,12.975135,13.20246,15.479273,14.416562,18.443264,19.600441,22.53391,22.524258,18.890656,15.941111,19.566473,17.545061,16.711926,19.243443,18.014462,21.404974,20.375174,24.819653,26.025545,25.187305,21.657654,23.941645,21.490473,22.717798,18.46181,18.431023,13.376508,14.50109,14.421119,9.980342,8.220524,4.613632,2.0614412,3.5666008,8.662334,10.303309,13.940689,16.617914,20.902544,19.214533,13.999639,15.078295,11.972844,15.59778,12.395705,11.093949,13.7718115,12.84373,14.200468,17.121468,14.849305,10.979612,12.601325,9.130599,7.9078355,6.8156075,9.223614,11.437961,15.520702,18.919119,20.764215,21.557228,24.566288,28.129017,25.835142,22.100594,22.569408,17.429955,20.61228,15.044788,19.644098,24.04489,22.076466,19.000244,21.83954,16.641214,20.212425,18.869837,21.31877
9,28.92891,26.315397,22.458603,20.285652,17.003925,13.902717,11.70373,6.7886505,4.336603,0.0,5.045563,7.861019,10.988468,10.304678,12.787024,9.163621,13.9728155,12.959457,16.914526,17.908522,20.419014,23.545732,25.52533,23.015963,28.106834,22.970295,27.663355,25.078663,18.643316,18.192604,16.21277,16.129936,16.649551,14.95273,19.093643,19.335287,22.636892,23.316036,19.890406,17.605703,21.42639,20.487352,19.497387,22.689877,21.241201,25.203804,24.28118,28.66537,29.613352,28.594103,24.95314,26.979855,24.540646,25.087158,20.876402,19.939167,15.2838125,15.682905,14.32687,9.516878,8.8269825,3.9493,6.062092,6.0337186,11.90488,12.6187725,16.383984,19.170843,22.87849,21.08791,16.140085,16.3339,13.851558,15.652738,12.866816,10.081418,12.141288,11.143354,11.721212,14.88543,12.538034,8.981766,12.523587,10.094946,10.241832,9.968739,13.04859,15.766598,19.776625,23.208374,24.947021,25.52623,28.3569,31.808027,29.27662,25.532701,26.114567,21.220463,24.614588,19.082539,23.661528,27.907202,25.704659,22.690056,25.194517,19.969307,23.133192,21.564548,23.38171
10,32.900578,30.432919,26.414682,24.631948,21.116438,18.257936,16.050722,11.022031,8.387651,5.045563,0.0,4.029672,7.042822,7.1978073,11.0269985,9.495959,14.68916,14.969315,19.044712,20.73212,23.616327,26.126808,28.860075,26.443098,31.038048,25.91057,30.237047,27.77901,20.801077,20.938248,17.844696,18.962133,17.39227,16.696095,19.978626,19.753183,23.696936,24.55651,21.888988,20.284285,23.06315,23.045803,21.185135,25.058533,22.57698,27.05721,26.033503,30.25297,30.625063,29.191946,25.444868,26.965126,24.718262,24.211172,20.219727,18.22194,14.449167,14.175952,11.397634,7.1594377,8.316684,4.607186,9.434301,10.914393,16.55723,17.630499,21.41583,24.099026,27.811687,26.112486,21.181421,21.162897,18.54277,19.909542,16.589434,13.740615,14.506276,12.644468,11.993577,14.62837,11.326777,8.958753,13.103557,11.491659,13.358638,12.292348,16.887012,19.256754,23.327272,26.880737,28.57907,28.880762,31.993282,35.18578,32.863564,28.999296,30.069649,25.074438,28.691978,23.320768,28.013475,32.400276,30.403622,27.321672,29.783545,24.208374,27.273602,25.170479,27.029146
11,35.165817,32.437542,28.792892,26.604216,23.020636,20.91709,17.745256,13.889859,10.058865,7.861019,4.029672,0.0,4.664289,6.884803,9.931455,9.842179,14.846362,15.117454,19.886784,21.217882,24.598906,27.010958,29.91429,27.055882,31.105625,25.913668,29.527428,26.97195,19.848095,20.06414,16.210367,18.012268,14.978299,15.408596,17.792437,17.657585,21.909277,22.5499,20.515871,19.34326,21.055126,21.699295,19.233778,23.585182,20.542997,25.51002,24.751669,28.694454,28.721743,27.27361,23.59234,25.172722,23.550097,22.353893,18.114134,15.595107,12.15827,11.053701,8.046261,4.0085406,6.0686026,6.209312,10.746541,13.181871,18.695612,19.619114,23.473808,25.690367,29.624979,28.539726,23.349684,23.153988,19.927794,21.763306,17.364017,15.42988,15.400338,12.7521105,11.859785,13.718543,9.745551,8.120715,11.179079,10.03965,13.058199,11.595822,17.143816,19.609386,23.381218,27.102463,28.481106,28.307178,31.554329,34.401417,32.28327,28.359884,29.961529,25.017056,28.966175,24.021233,29.010897,33.68985,31.640934,28.439188,30.565765,24.557308,27.448996,24.79645,26.840332
12,35.54731,32.997215,29.335976,27.62849,23.857763,22.31736,19.22984,15.681506,12.310285,10.988468,7.042822,4.664289,0.0,3.8836007,6.6831627,8.898207,13.079101,14.656752,18.850273,20.898783,24.358675,25.995417,29.601557,27.1228,30.615938,25.71207,29.211927,27.144161,19.828875,21.105757,16.877697,20.2848,17.365253,19.032436,20.78708,21.106314,25.438885,25.632605,23.92348,22.600286,23.437103,23.687983,20.598745,24.725483,20.733753,25.304977,24.035406,27.834568,27.41481,25.457392,21.754494,22.580347,20.840647,19.042622,15.457324,12.407319,10.198666,9.473075,5.287589,4.4676723,7.66759,7.9471116,12.274636,15.681992,20.489141,22.522972,26.234411,28.644276,32.899837,31.455181,26.259209,26.709675,23.351067,25.856424,21.436995,19.715282,19.990923,17.329456,16.467398,18.08215,13.92639,12.622999,14.690872,13.12572,15.999811,13.303402,19.181925,20.443417,24.325375,27.85626,29.48801,29.513977,33.1704,35.96413,34.311455,30.372564,32.07837,26.869722,30.501266,25.613663,30.313896,34.95593,33.52682,30.361446,32.98634,27.057713,30.274656,27.649097,30.196331
13,32.56819,30.283144,26.395565,25.227255,21.406532,19.816107,17.37691,13.541907,11.209138,10.304678,7.1978073,6.884803,3.8836007,0.0,4.9213147,6.563443,10.506014,12.820526,16.10564,18.84733,21.943716,23.26695,27.097343,25.175617,28.85523,24.152527,28.269474,26.54255,19.281374,21.029106,17.368807,20.96763,19.546661,20.883354,23.183863,23.80164,27.93125,27.99067,25.794779,23.921024,25.269772,24.600296,21.77741,25.29831,21.437172,25.281069,23.492147,27.521198,27.302612,25.173828,21.400902,21.897964,19.386665,18.283585,15.223457,12.920978,10.555834,11.181933,7.8636007,6.732529,9.086058,6.874766,10.849391,14.332979,18.561602,21.44651,24.959852,27.775167,32.102654,30.036234,25.03383,26.092455,23.016947,25.817137,22.041996,20.04571,21.115896,18.918371,18.41886,20.544308,16.624449,14.619237,16.922527,14.602726,16.523752,13.428099,18.708403,19.158302,23.347479,26.620085,28.673075,29.245916,33.015556,36.104053,34.538364,30.640688,31.933214,26.51987,29.672087,24.485884,28.76237,33.14872,32.146637,29.105194,32.301655,26.782269,30.355198,28.213268,30.965025
14,31.121666,28.639225,25.338457,23.942307,20.135551,19.84508,16.612585,14.678743,11.979176,12.787024,11.0269985,9.931455,6.6831627,4.9213147,0.0,5.214674,7.095787,9.906188,13.214568,15.769881,19.18281,20.10106,24.205385,22.150633,25.106037,20.622452,24.292437,22.902054,15.738435,18.314745,14.585175,19.495966,18.76105,21.201841,22.95563,24.380363,28.287619,27.659058,25.636187,23.483559,23.972368,22.655996,19.461422,22.484495,18.063406,21.355036,19.266968,23.133568,22.726116,20.418415,16.669388,16.985443,14.541791,13.491146,10.458209,8.782919,6.630331,8.499629,7.003778,7.582379,9.014634,8.843833,10.851212,15.210714,18.331596,21.806545,25.058865,27.582811,32.289417,30.454386,25.371357,26.9483,23.420588,27.35024,23.079212,22.051434,23.350897,21.034758,21.037327,22.94939,19.021135,16.791412,17.5293,14.679734,16.231886,12.178288,17.39906,16.77645,20.67723,23.757982,25.805523,26.395899,30.458845,33.386696,32.318604,28.49488,29.951225,24.47092,27.354607,22.616022,26.688616,31.144938,30.589142,27.586008,30.944365,25.49762,29.237865,27.089043,30.408237
15,26.864136,24.256483,20.830215,19.16877,15.349517,14.753498,11.522677,9.697277,7.34451,9.163621,9.495959,9.842179,8.898207,6.563443,5.214674,0.0,5.228858,6.3792987,10.16204,12.373859,15.5509405,17.358028,20.789545,18.646206,22.571772,17.785297,22.328585,20.663574,13.636689,15.584709,12.920846,16.59827,17.686539,18.963533,21.673563,23.227365,26.731659,26.184359,23.397806,20.687262,22.378138,20.26593,17.962523,20.48934,17.241226,20.210321,18.201857,22.543156,22.952753,21.199907,17.44564,18.612139,15.720313,16.346838,12.831604,12.597287,8.533549,10.778358,10.346509,8.154963,8.010465,5.5809913,5.936497,10.262504,13.138933,16.784994,19.952953,22.671263,27.33254,25.27941,20.266186,22.102236,18.799385,22.93262,19.23786,18.176947,20.213531,18.47082,19.073227,21.50472,18.11781,15.024463,16.008488,12.501574,12.791898,9.006324,13.256464,12.777736,17.06756,20.181578,22.437479,23.414864,27.243982,30.562677,29.148087,25.35836,26.289055,20.750603,23.47384,18.276981,22.335863,26.720102,25.961582,22.977558,26.517738,21.35679,25.266565,23.620739,26.842163
16,24.47874,21.984703,19.087147,17.858583,14.187274,15.220741,12.169935,12.484702,11.263202,13.9728155,14.68916,14.846362,13.079101,10.506014,7.095787,5.228858,0.0,4.7168355,6.1424274,9.24546,12.280668,13.038732,17.181797,15.609109,18.768633,14.58979,19.22201,18.406351,12.016025,15.3086605,13.408202,18.185387,20.495125,22.478855,24.793661,26.956411,30.166023,29.056202,26.34535,23.298521,24.369114,21.25909,18.904459,20.308357,16.783232,18.243677,15.410042,19.632608,20.01939,17.969473,14.401433,14.958754,11.317401,13.122441,10.7166815,12.069093,9.084551,12.499701,13.245587,12.523284,12.129142,10.710401,9.345608,13.412588,14.133205,18.832914,21.335653,23.958559,28.836521,26.566357,21.904324,24.579447,21.294312,26.285866,22.775549,22.310955,24.694468,23.088472,23.97319,26.315676,22.978094,19.856989,19.964573,16.2038,15.78998,11.5215025,14.470448,11.818979,15.769631,18.201096,20.833012,22.331305,26.464912,29.76186,28.98678,25.432817,26.175331,20.623564,22.470707,17.735899,20.913671,24.997522,25.208767,22.49092,26.607296,22.091383,26.263329,25.021524,28.770332
17,22.891062,19.809973,17.476633,15.018574,11.481668,13.126905,8.694271,11.049328,9.20769,12.959457,14.969315,15.117454,14.656752,12.820526,9.906188,6.3792987,4.7168355,0.0,6.0037384,6.257533,9.998152,12.351456,15.221988,12.494923,16.286425,11.408751,16.188526,14.741549,8.313254,10.957209,9.947235,13.967493,17.636454,19.261011,21.764921,24.264645,26.998787,25.689802,22.695246,19.34732,20.750654,17.064802,15.303764,16.277758,13.70495,15.154219,12.837121,17.353098,18.4197,17.167852,13.735903,15.632026,12.780867,15.237648,11.786071,13.758877,9.474614,12.585879,14.421854,12.655327,11.032907,10.451556,7.1676817,10.926626,11.025033,15.222296,17.60469,19.792765,24.784271,23.075808,18.277458,20.921436,17.36967,22.932434,19.267788,19.57894,22.127127,20.74925,22.169939,24.480026,21.631506,18.199387,17.529995,13.523725,12.161095,8.124966,9.94482,7.2349367,11.301207,14.095246,16.540264,17.946413,21.955997,25.364191,24.393398,20.836462,21.494238,15.929668,17.97358,13.222231,16.86967,21.316397,21.035782,18.1752,22.02496,17.407982,21.582327,20.456154,24.292536
18,18.671919,16.199167,13.835515,12.935732,9.718956,12.428299,10.296268,12.949972,13.406669,16.914526,19.044712,19.886784,18.850273,16.10564,13.214568,10.16204,6.1424274,6.0037384,0.0,5.067507,6.556828,7.219453,11.219683,10.590923,14.227145,10.745108,16.495106,16.362984,11.863618,15.110683,15.297379,19.051418,23.561827,24.920412,27.626162,30.154375,32.73871,31.378183,28.18544,24.582933,26.229694,21.856188,20.531162,20.417997,18.224766,17.882889,14.685762,18.856348,20.095245,18.573053,15.656841,16.433784,12.394644,16.233915,14.618064,17.238089,14.200608,17.720076,19.13862,17.82708,16.69612,14.667769,11.441632,14.10928,12.119061,17.608812,19.087778,21.713787,26.492107,23.789663,19.873,23.489668,20.750322,26.299143,23.771448,23.713186,26.829485,25.882732,27.330048,29.911945,27.1112,23.561687,23.389078,19.349394,17.511366,13.924241,14.166473,9.709218,13.172721,14.517393,17.762693,20.265314,24.181309,27.787458,27.243011,24.12559,24.015385,18.731499,19.26674,14.743415,16.531895,19.96494,21.070108,18.815351,23.647982,20.425425,24.790499,24.553865,28.43472
19,18.192053,14.884287,13.879531,11.214197,8.621758,12.709654,9.087799,14.097869,13.7669525,17.908522,20.73212,21.217882,20.898783,18.84733,15.769881,12.373859,9.24546,6.257533,5.067507,0.0,4.229231,7.335728,9.16529,6.40929,10.542281,6.134135,12.169262,11.67907,8.275988,11.088064,12.66368,15.748174,21.501947,22.862991,25.35319,28.316507,30.329903,28.590914,25.37025,21.585495,23.068886,18.020924,17.310036,16.253815,15.092667,14.014757,11.242634,15.454441,17.393307,16.731094,14.213511,16.184391,13.226434,17.443604,15.097,18.32844,14.73472,17.988293,20.443022,18.82,16.878332,16.129677,11.893008,14.095135,11.243325,15.857132,16.913929,18.722837,23.627377,21.79632,17.889938,21.478733,18.430914,24.662666,21.868904,22.843908,25.91755,25.092789,26.987326,29.345484,26.969305,23.349863,22.156,18.13719,15.590482,12.515297,11.119909,5.659052,8.278774,9.519677,12.701141,15.284214,19.171497,22.779766,22.354582,19.400793,19.216587,14.089432,14.387751,10.415823,12.301013,16.222506,17.083591,14.765429,19.330984,16.288904,20.572393,20.530773,24.630043
20,14.153997,10.983456,10.545792,8.590997,6.9959893,12.027499,10.2074585,15.457898,16.388336,20.419014,23.616327,24.598906,24.358675,21.943716,19.18281,15.5509405,12.280668,9.998152,6.556828,4.229231,0.0,4.8182664,5.316323,4.67895,9.513693,6.919923,13.320416,13.585908,12.015776,14.306249,16.630323,18.873032,25.273804,26.099049,28.898642,31.811888,33.586437,31.906351,28.425821,24.468489,26.449476,21.03876,20.929558,19.252296,18.841309,16.929214,14.135127,17.853046,20.091219,19.58612,17.525246,19.095684,15.824256,20.558065,18.875004,22.21304,18.823164,22.138334,24.3487,22.541182,20.659895,19.068054,14.670523,15.944231,11.7056875,16.63311,16.82586,18.783922,23.322498,20.889431,17.868887,22.056845,19.757433,25.837063,24.021852,24.83518,28.313374,27.916142,29.9403,32.498795,30.342562,26.57329,25.712023,21.689009,18.702461,16.160051,13.728015,8.308553,9.947737,9.697257,13.321756,16.725798,20.1185,23.897032,23.58017,21.091215,20.117447,15.546498,14.553737,10.955665,10.907773,13.752774,15.667668,13.992114,19.185846,17.519405,21.745607,22.521044,26.422201
21,14.700652,12.568212,12.288929,12.216718,10.904705,15.446256,14.433257,18.65881,19.77379,23.545732,26.126808,27.010958,25.995417,23.26695,20.10106,17.358028,13.038732,12.351456,7.219453,7.335728,4.8182664,0.0,5.455928,7.748839,9.75789,9.176209,14.625406,15.995803,14.709834,17.942778,19.673672,22.96258,28.764791,30.151909,32.677994,35.62963,37.6534,35.870598,32.632427,28.780073,30.220776,24.92216,24.278042,22.587818,21.361382,18.851559,15.413824,18.601885,20.375214,19.336863,17.605019,18.073515,14.305623,19.428984,19.029774,22.597992,20.199883,23.806381,25.850336,24.797544,23.383366,21.68645,17.908161,19.713062,15.866303,21.176973,21.407911,23.521585,27.948975,25.182318,22.41185,26.687582,24.450817,30.39902,28.521065,29.050909,32.472973,31.87171,33.661602,36.21927,33.712772,30.060007,29.330002,25.278706,22.765831,19.661236,18.141273,12.598234,14.062882,13.365132,16.853216,20.240997,23.780186,27.264944,27.466558,25.125536,24.305456,19.898539,18.602804,15.636487,14.976125,16.948038,19.747515,18.44334,23.652922,22.197012,26.37228,27.036966,31.06897
22,11.532571,8.751217,10.6241045,9.7118,10.137657,15.436168,14.72368,20.154814,21.51884,25.52533,28.860075,29.91429,29.601557,27.097343,24.205385,20.789545,17.181797,15.221988,11.219683,9.16529,5.316323,5.455928,0.0,5.2952547,7.852994,8.5751,13.751919,15.126737,15.855766,17.963621,20.990133,22.879301,29.822517,30.610498,33.28989,36.385902,37.80049,35.909607,32.43772,28.414799,30.274637,24.449005,24.786741,22.188753,22.418701,19.242247,16.509352,19.301924,21.817108,21.654417,20.38858,21.65848,18.607416,23.834162,22.89323,26.629587,23.660875,27.032955,29.45361,27.823565,25.901733,24.336994,19.882572,20.720974,15.770468,20.266832,19.555233,21.073376,25.075327,22.601954,20.67571,25.154655,23.383991,29.43416,28.193113,29.258562,32.885124,32.726048,34.90152,37.451183,35.471695,31.675884,30.609419,26.647139,23.407743,21.172201,18.028591,12.664849,12.738631,10.757145,14.181368,18.117441,20.933498,24.508911,24.743393,22.98292,21.4141,17.854853,15.369526,13.433774,11.033386,11.965934,15.510258,14.896301,20.117067,20.05847,23.912981,25.378595,29.207535
23,15.290196,11.601756,13.004661,9.789823,9.51168,14.882617,12.246597,18.50716,18.753576,23.015963,26.443098,27.055882,27.1228,25.175617,22.150633,18.646206,15.609109,12.494923,10.590923,6.40929,4.67895,7.748839,5.2952547,0.0,6.121032,4.097861,9.841218,10.280777,11.240133,12.847344,16.323332,17.922956,25.07364,26.03944,28.432432,31.707287,32.930935,30.86272,27.533907,23.565374,25.125225,19.22097,19.70491,16.931055,17.586025,14.597905,12.400022,15.503508,18.320433,18.634003,17.246626,19.484081,17.189034,22.045605,20.162504,23.902681,20.487013,23.550732,26.471918,24.708694,22.405428,21.857178,17.156017,18.20607,13.772541,17.479433,17.142082,18.055422,22.47685,21.036331,18.325008,22.318039,19.866003,26.34289,24.32488,26.030792,29.330385,28.98659,31.291588,33.577564,31.73865,28.04712,26.325603,22.494276,19.18623,17.157143,13.657928,8.299207,7.547706,5.7711673,9.318821,13.056891,16.218002,19.852798,19.949896,17.924011,16.759342,12.877914,10.934467,9.090219,8.025015,10.976992,13.104614,11.731953,16.46435,15.527766,19.395136,20.479397,24.524525
24,18.837133,15.707728,18.048347,15.5565195,15.517522,20.90504,18.05779,24.131077,23.82346,28.106834,31.038048,31.105625,30.615938,28.85523,25.106037,22.571772,18.768633,16.286425,14.227145,10.542281,9.513693,9.75789,7.852994,6.121032,0.0,5.386217,6.703747,9.461501,12.968261,15.308657,18.60885,21.194157,27.870537,29.816603,31.365181,35.009136,36.08966,33.52033,30.792484,27.084063,27.337317,21.419394,21.513,17.939531,18.247494,13.491932,11.124331,12.581308,15.401762,16.065512,15.907101,17.753292,16.353989,21.474356,20.587732,24.924929,22.538422,25.63013,29.105213,28.239048,26.056513,26.447313,22.079706,23.771843,19.774323,23.286879,22.938433,23.319267,27.583326,26.685507,24.147543,27.930164,25.210098,31.861996,29.29994,31.42143,34.40039,33.73159,35.970177,37.953217,35.926003,32.476257,30.067305,26.395649,23.537947,21.126297,18.274187,12.996385,11.105578,8.537057,10.65207,13.828918,16.965183,19.659698,21.0095,19.60112,18.898376,15.968922,13.509478,13.898063,12.295008,14.159449,17.025925,16.218016,20.043104,19.499664,22.828228,23.673838,27.965178
25,19.309816,15.6854105,16.714468,13.358883,12.325608,17.281397,13.466631,19.495935,18.669514,22.970295,25.91057,25.913668,25.71207,24.152527,20.622452,17.785297,14.58979,11.408751,10.745108,6.134135,6.919923,9.176209,8.5751,4.097861,5.386217,0.0,6.478441,6.9262223,8.066197,10.456993,13.602803,16.264824,22.838781,24.67136,26.4251,29.93565,31.256363,28.893772,26.024338,22.28187,22.835993,17.074135,16.948963,14.102955,14.110461,10.709661,8.315799,11.497323,14.266229,14.683917,13.425578,16.018835,14.413769,19.056036,17.055464,21.035513,17.945602,20.916943,24.322615,23.103786,20.791416,21.344864,16.954685,18.829937,15.467612,18.874914,19.15673,19.756496,24.442213,23.647118,20.307066,23.783808,20.643702,27.328396,24.332417,26.376091,29.22332,28.427652,30.61591,32.599888,30.544142,27.09182,24.759033,21.038149,18.23305,15.7443285,13.131899,7.79924,6.5717697,5.7310047,8.468244,11.33806,15.191554,18.39676,18.891924,16.622196,16.382149,12.264891,11.275434,10.028025,10.527419,14.13091,15.547553,13.773184,17.663757,15.649485,19.392193,19.685263,24.06746
26,24.615206,21.0266,22.844109,19.259342,18.597979,23.459702,19.115225,25.141687,23.435862,27.663355,30.237047,29.527428,29.211927,28.269474,24.292437,22.328585,19.22201,16.188526,16.495106,12.169262,13.320416,14.625406,13.751919,9.841218,6.703747,6.478441,0.0,4.0108714,9.746542,11.611288,14.780729,17.623077,23.616293,26.3698,26.975637,30.905571,31.749653,28.772558,26.714012,23.444668,22.388706,16.784271,16.580847,12.553507,12.969081,7.356777,6.2964,6.7604446,10.168662,11.957841,12.315547,15.392487,15.710271,19.817335,18.114414,22.397078,20.120049,22.589382,26.768316,26.255135,23.848341,25.859371,21.809198,23.966187,21.18617,23.643785,23.876106,23.536547,27.97759,28.289583,25.036192,27.937305,24.451271,31.21921,27.528688,30.36889,32.64879,31.561949,33.771595,35.223125,33.27193,30.229744,26.81893,23.604109,21.250565,18.992773,16.716623,12.614921,9.755424,8.462643,8.564455,9.767124,13.439154,15.33189,17.135334,15.57918,16.162544,13.493185,12.420939,13.837192,14.185004,17.321602,18.526571,17.114283,19.470684,17.683123,20.472015,20.349115,24.852236
27,25.343203,21.45683,22.813503,18.584253,17.676832,22.038406,17.112766,23.107214,20.918785,25.078663,27.77901,26.97195,27.144161,26.54255,22.902054,20.663574,18.406351,14.741549,16.362984,11.67907,13.585908,15.995803,15.126737,10.280777,9.461501,6.9262223,4.0108714,0.0,7.322187,7.946193,11.622466,13.754774,19.97412,22.541353,23.144987,27.08512,27.79947,24.847343,22.72411,19.474693,18.50471,12.7923355,12.889611,8.709016,9.997939,5.3269124,5.823201,7.499586,10.868892,12.815155,12.443981,16.284054,16.692595,20.20898,17.478996,21.329294,18.390766,20.471205,24.726133,23.796701,21.128405,23.542994,19.48531,21.465086,19.199326,20.924618,21.409262,20.79668,25.29967,26.092852,22.51131,24.947498,21.215143,27.926987,23.935734,27.050442,29.11483,28.022596,30.308123,31.637281,29.902155,26.92379,23.265017,20.21795,17.795906,15.985937,13.502515,10.3869,7.129995,7.099555,6.3924065,6.5624175,10.772405,12.977083,14.141351,12.050678,13.114965,10.074885,10.166832,11.411946,13.05824,17.00281,17.059,15.177577,16.956211,14.314776,17.024927,16.512781,21.062956
28,25.603045,21.852554,21.443697,17.56373,15.244687,18.446644,12.91826,17.589113,14.681571,18.643316,20.801077,19.848095,19.828875,19.281374,15.738435,13.636689,12.016025,8.313254,11.863618,8.275988,12.015776,14.709834,15.855766,11.240133,12.968261,8.066197,9.746542,7.322187,0.0,4.8164825,5.7240124,10.428466,15.317369,18.205702,19.287605,22.831278,24.616442,22.237276,19.902563,16.65303,16.176966,11.472648,9.789348,8.915052,6.841197,7.0305595,5.875042,10.213233,11.965389,12.154757,9.685539,13.502672,13.046085,15.705548,11.853585,15.085397,11.3908,13.662953,17.606316,16.597027,14.104212,16.631544,13.126684,16.053572,15.350536,17.682121,19.390574,19.860584,24.852924,24.8896,20.296545,22.477156,18.283594,24.699978,20.08032,22.33619,24.260191,22.719427,24.615015,26.129652,23.815561,20.801308,17.746496,14.296981,12.60754,9.546647,9.43672,6.7433767,7.1742816,9.990434,10.942059,11.126566,15.500295,18.221367,18.01426,14.66984,16.201126,11.24801,13.506996,11.272745,15.021243,19.815191,19.241432,16.488886,19.007343,14.342039,17.87516,16.338976,20.81916
29,26.549595,22.542229,22.322948,17.66113,15.776406,18.451113,12.61374,17.57643,14.3504305,18.192604,20.938248,20.06414,21.105757,21.029106,18.314745,15.584709,15.3086605,10.957209,15.110683,11.088064,14.306249,17.942778,17.963621,12.847344,15.308657,10.456993,11.611288,7.946193,4.8164825,0.0,5.183221,6.210709,12.778931,14.823426,16.062855,19.734457,20.89606,18.463924,15.813546,12.37896,12.462605,7.0722857,6.9206142,5.6630826,6.800653,8.347052,9.286295,12.74214,14.899069,15.891884,13.814896,17.958025,17.826233,20.10199,15.747953,18.260248,13.948839,15.305099,19.15742,17.242558,14.199696,17.071392,13.328117,15.211255,14.719879,15.394924,17.006927,16.67942,21.467033,22.443176,17.857256,19.348946,14.986179,21.391262,16.598171,19.663794,21.38161,20.113674,22.377747,23.709242,22.076584,19.081928,15.454118,12.389569,9.965476,8.681497,6.77934,6.881013,6.0658727,9.553993,9.349728,8.434404,12.287658,15.121552,14.1223345,10.452602,12.289787,7.406378,10.995756,9.207666,13.840683,18.868345,17.103985,14.177616,15.542271,10.228572,13.386666,11.5441675,16.037077
30,29.745743,25.955095,24.896261,20.782377,18.144764,19.956501,14.038558,17.22611,12.975135,16.21277,17.844696,16.210367,16.877697,17.368807,14.585175,12.920846,13.408202,9.947235,15.297379,12.66368,16.630323,19.673672,20.990133,16.323332,18.60885,13.602803,14.780729,11.622466,5.7240124,5.183221,0.0,6.995878,9.681564,13.215166,13.867115,17.329077,19.44857,17.242699,15.236947,12.55037,11.567416,8.576798,5.5157323,7.9825335,5.060595,9.727876,10.269478,13.795799,14.775289,14.943502,12.180056,16.079006,16.223944,17.181442,12.199603,13.841885,9.473162,10.26399,14.314646,12.954032,10.146485,14.403673,11.979617,14.97721,16.272629,17.249975,19.744339,20.015902,24.823483,25.48275,20.394163,21.402445,16.77755,22.482414,16.856678,19.267374,20.32873,18.300974,19.999012,21.087477,18.792738,16.192766,12.443673,9.463269,8.989573,6.3322988,8.664494,9.563753,10.645641,14.233755,14.413653,13.294757,17.07662,19.40084,18.407595,14.6257715,17.023882,12.285565,16.147974,13.588024,18.479904,23.559282,21.850319,18.768387,20.224632,14.3035145,17.241865,14.473363,18.524761
31,29.844873,25.865955,25.052856,20.18247,18.26489,19.345535,13.632432,17.14127,13.20246,16.129936,18.962133,18.012268,20.2848,20.96763,19.495966,16.59827,18.185387,13.967493,19.051418,15.748174,18.873032,22.96258,22.879301,17.922956,21.194157,16.264824,17.623077,13.754774,10.428466,6.210709,6.995878,0.0,8.417424,8.906035,10.711026,14.1310835,15.048542,13.064725,9.820673,6.248383,8.033837,4.4265966,5.7846727,7.696042,9.771976,13.5815525,15.167271,18.289537,20.065722,21.03395,18.725416,22.827139,22.755064,24.122671,19.132364,20.363289,15.565234,15.672524,18.8376,15.951845,12.646796,16.014547,13.068962,13.9404,15.151415,13.669796,15.879143,15.09285,19.369638,21.22656,16.382156,16.30321,11.646735,17.123184,11.473291,15.204371,16.156359,14.908275,17.36873,18.381166,17.473577,14.741423,10.624436,8.47434,6.031923,7.69361,6.3333874,10.586372,10.671745,14.264223,13.575145,11.842486,14.178649,16.69135,14.340042,10.437842,12.668147,8.761527,13.677204,11.51142,16.86493,21.83541,18.715387,15.620922,15.542116,9.067279,11.1646,7.9139495,11.632826
32,37.135925,33.3338,31.781822,27.423765,24.868645,24.976648,19.471104,20.537212,15.479273,16.649551,17.39227,14.978299,17.365253,19.546661,18.76105,17.686539,20.495125,17.636454,23.561827,21.501947,25.273804,28.764791,29.822517,25.07364,27.870537,22.838781,23.616293,19.97412,15.317369,12.778931,9.681564,8.417424,0.0,6.1063786,4.612284,7.83881,10.503256,8.995562,8.175741,8.138552,6.348866,9.593576,7.482348,12.650167,11.7716055,17.681654,19.400036,22.043663,22.567226,22.987064,20.482983,24.143543,24.804554,24.274738,18.969631,18.409384,14.489885,12.568441,15.123631,13.02488,10.555211,16.133219,15.768551,17.505407,20.965078,19.493904,22.529552,22.185637,25.995808,27.83424,22.723724,21.594126,17.10932,20.515165,13.855833,16.579754,15.471881,12.763315,14.009327,13.686737,12.296186,11.306575,5.598344,6.5847936,9.064691,10.135492,13.26978,17.348598,18.351145,22.07534,21.42815,19.178616,21.479637,22.998943,20.915195,17.328995,20.345757,17.076405,21.981462,19.687193,25.129229,30.161314,27.063265,23.931093,23.61807,17.138615,18.330994,14.200729,16.330425
33,36.214516,32.513134,30.724663,26.28907,24.057354,23.199549,18.392042,18.859404,14.416562,14.95273,16.696095,15.408596,19.032436,20.883354,21.201841,18.963533,22.478855,19.261011,24.920412,22.862991,26.099049,30.151909,30.610498,26.03944,29.816603,24.67136,26.3698,22.541353,18.205702,14.823426,13.215166,8.906035,6.1063786,0.0,5.163073,6.2367454,8.164844,8.466159,5.2147145,5.199567,8.5245495,11.174424,11.4119625,15.493095,16.292896,21.530441,23.10957,26.167229,27.268845,27.804575,25.13869,28.830664,28.764624,28.837877,23.514196,22.982746,18.40297,16.914446,18.414799,14.86207,12.278533,15.930137,15.384238,15.463825,19.21613,16.243055,19.246557,18.732874,21.835384,23.977497,19.16714,17.019165,13.052197,15.096074,8.523225,11.590637,10.053664,8.0315695,10.100148,10.103947,10.352587,8.937626,4.645355,6.56315,7.643963,11.152923,12.667788,18.00273,19.184454,22.859076,22.296116,20.411417,21.93704,23.894533,20.90129,17.480457,19.672512,16.845709,21.774498,19.053654,24.48711,29.2376,25.433788,22.391243,21.580095,15.365177,16.041737,12.314484,13.063929
34,39.97459,36.130135,34.68626,30.110962,27.856314,27.602114,22.371212,23.25682,18.443264,19.093643,19.978626,17.792437,20.78708,23.183863,22.95563,21.673563,24.793661,21.764921,27.626162,25.35319,28.898642,32.677994,33.28989,28.432432,31.365181,26.4251,26.975637,23.144987,19.287605,16.062855,13.867115,10.711026,4.612284,5.163073,0.0,4.183765,5.9183464,4.847529,5.099102,7.3685956,5.9826,11.177573,10.587956,15.101906,15.520603,21.129238,23.28351,25.6412,26.322319,27.074455,24.800896,28.582243,29.36431,28.836096,23.54739,22.84375,19.032284,16.91019,18.980461,16.60309,14.322782,19.340528,19.094198,19.975607,23.526949,20.964293,23.797714,22.908596,26.01951,28.597958,23.840643,21.830929,17.75371,20.012617,13.537548,16.692633,14.681389,12.293346,13.551927,12.384641,12.409652,12.2788,6.8975134,9.528327,11.527829,13.898019,15.98169,20.720001,21.318386,24.89355,23.83101,21.220976,22.696163,23.823792,21.30599,18.126715,21.141485,18.859734,23.848768,22.032427,27.399584,32.24506,28.587435,25.606365,24.367098,18.190872,18.35592,14.05254,14.918757
35,42.398716,38.68862,36.85347,32.481133,30.144115,29.184885,24.411192,24.265503,19.600441,19.335287,19.753183,17.657585,21.106314,23.80164,24.380363,23.227365,26.956411,24.264645,30.154375,28.316507,31.811888,35.62963,36.385902,31.707287,35.009136,29.93565,30.905571,27.08512,22.831278,19.734457,17.329077,14.1310835,7.83881,6.2367454,4.183765,0.0,4.591796,6.3968024,7.0079117,9.9482765,10.036034,15.128773,14.629748,19.20901,19.422668,25.15632,27.108986,29.635754,30.210295,30.74331,28.281721,31.835928,32.39935,31.562672,26.279232,24.988396,21.278685,18.830368,19.949926,17.326302,15.55794,20.051638,20.598625,21.074945,25.286184,22.336208,25.343092,24.656315,27.32476,29.823166,25.188124,22.595745,19.000498,19.879623,13.820625,16.183031,13.212494,10.743096,11.340174,9.324896,10.242494,11.226633,7.279611,11.017015,13.539192,16.237434,18.67016,23.724756,24.738361,28.391508,27.509514,25.080025,26.397738,27.606497,24.829102,21.746428,24.47984,22.253448,27.242313,25.026041,30.441383,35.211212,31.343819,28.36783,27.078518,21.025423,21.024094,16.953268,16.949802
36,43.584866,39.762794,38.3941,33.686893,31.783247,31.065153,26.309132,26.909369,22.53391,22.636892,23.696936,21.909277,25.438885,27.93125,28.287619,26.731659,30.166023,26.998787,32.73871,30.329903,33.586437,37.6534,37.80049,32.930935,36.08966,31.256363,31.749653,27.79947,24.616442,20.89606,19.44857,15.048542,10.503256,8.164844,5.9183464,4.591796,0.0,3.9230452,5.654302,9.685869,9.794601,15.130812,15.774918,19.51264,20.965605,26.200838,28.627981,30.807983,31.681908,32.69552,30.57033,34.43928,35.211746,34.75193,29.460014,28.637436,24.813894,22.60718,24.193336,21.492887,19.394697,23.664434,23.523943,23.495296,27.052221,23.407627,25.907942,24.49105,26.586838,29.914536,25.756008,22.777052,19.501167,20.098299,14.564941,17.810844,14.912363,13.347641,14.478967,12.500697,14.340181,15.015586,11.046567,14.246557,15.678848,18.946102,20.090721,25.311302,25.613976,28.976143,27.599438,24.81646,25.370678,26.136496,23.161184,20.60532,23.312456,22.131636,26.986933,25.593437,30.736536,35.258957,31.038141,28.30847,26.12744,20.62921,19.674057,15.678759,14.747954
