,0,1,2,3,4,5,6,7,8,9,10,11,12,13,14,15,16,17,18,19,20,21,22,23,24,25,26,27,28,29,30,31,32,33,34,35,36,37,38,39,40,41,42,43,44,45,46,47,48,49,50,51,52,53,54,55,56,57,58,59,60,61,62,63,64,65,66,67,68,69,70,71,72,73,74,75,76,77,78,79,80,81,82,83,84,85,86,87,88,89,90,91,92,93,94,95,96,97,98,99,100,101,102,103,104,105,106,107,108,109,110
0,0.0,4.3638387,6.430167,8.9345875,12.043553,13.139817,17.059387,19.179678,23.32761,26.20092,29.44669,31.990374,35.349144,34.840702,33.750656,29.236746,27.28104,25.221682,22.377153,21.456465,18.14606,18.76314,13.878682,14.1641035,17.642834,14.893248,19.276108,15.597842,21.448996,18.205708,23.538158,21.916296,30.245895,28.008207,32.64089,34.598648,36.405495,37.862324,33.68579,30.879889,34.3738,29.67663,33.978176,31.668983,26.491198,27.79883,22.471174,24.196342,20.854939,21.892931,17.94154,18.585873,14.472472,19.796427,17.153906,18.552788,22.435186,23.813166,27.332012,29.614388,27.373411,31.071877,27.6349,30.03837,28.722036,30.207338,33.09488,30.838734,35.179905,34.871296,30.846466,34.27787,32.05615,36.058342,34.27041,39.422073,37.73951,40.66708,41.818073,38.967373,40.99986,38.7639,34.737064,33.286858,29.4274,30.571463,26.180195,24.358059,24.770113,23.294939,24.989626,21.902655,22.634945,24.808546,25.385666,27.360847,28.198341,32.148624,32.78737,35.561737,38.015587,38.218487,42.054848,43.659973,43.55569,41.42187,42.446346,36.974888,38.752106,35.13564,38.03512
1,4.3638387,0.0,5.2630725,6.1813445,9.161841,12.12279,15.037377,17.204458,21.461674,24.023512,27.569881,29.7058,33.07522,32.607704,31.11858,26.911362,24.4547,22.665033,19.294765,18.588663,14.7262125,15.701257,10.996168,11.754336,16.025148,13.99385,17.951523,15.06212,20.327726,18.029243,22.560295,21.956757,30.135733,27.765696,32.71828,34.469166,36.69381,38.112434,33.99549,30.949724,34.863796,29.975313,34.128536,31.78265,26.94051,27.80852,22.811045,24.136705,21.249727,22.337244,18.977661,20.431684,16.56332,22.151194,19.249758,21.06974,24.298725,25.672174,29.668884,31.358877,28.734343,32.568638,28.845682,30.816849,29.672956,30.379164,33.10051,30.523527,34.57267,34.06075,29.97317,33.508865,31.162914,35.401096,33.40933,38.91446,36.87711,40.137547,41.125935,38.026047,39.77524,37.224464,33.32624,31.82176,27.995243,28.578846,24.704739,22.205803,23.021097,21.569248,23.558912,20.070683,20.72686,22.811,22.643026,24.680231,25.54561,29.44236,30.258211,33.32709,35.865868,36.42565,40.44433,42.33162,42.30515,39.95588,41.30295,35.464638,37.261787,33.57728,36.301384
2,6.430167,5.2630725,0.0,5.191636,6.647015,7.570382,11.929108,13.099974,17.741634,20.236994,23.621971,25.911026,29.466831,29.268599,28.166874,24.033983,22.048737,20.690283,17.90192,18.058485,14.685221,17.527563,13.066284,15.200648,19.075485,16.200256,19.02776,15.286524,19.430222,16.17263,20.123178,18.522264,26.456305,23.397863,28.523323,29.96149,32.3393,34.001507,30.18797,27.411167,31.972094,27.501858,31.87928,30.32508,25.555693,27.205585,22.986782,24.938166,22.433447,24.45699,20.907137,22.264828,17.813055,22.376356,18.605843,19.65618,22.93344,23.505093,27.597763,29.348614,26.674133,31.414316,28.276632,30.426588,30.301123,30.707657,33.915104,32.01856,35.733517,34.585217,29.738678,32.961903,29.953772,33.91564,31.363655,36.57595,34.153618,37.129215,37.812786,34.65987,36.23529,33.801846,30.151663,29.194496,25.596043,26.7277,23.232872,21.816704,23.277493,22.714874,25.308687,22.02155,21.820217,22.916601,23.28295,24.35865,24.482273,28.367981,28.343426,31.52711,33.477318,34.234848,37.892418,39.644638,40.01683,37.92005,39.779358,34.167763,36.53339,33.21885,36.472027
3,8.9345875,6.1813445,5.191636,0.0,3.7701166,7.5181656,8.9579735,11.818655,15.533523,18.279955,21.75265,24.037283,27.192133,26.54604,25.129303,20.763496,18.464779,16.586359,13.505874,13.11763,9.73173,12.473947,8.260818,11.210079,14.95919,12.401608,14.528641,11.582735,15.311986,13.353267,16.878101,16.957886,24.818588,22.575247,27.606857,29.323524,31.759693,33.046265,28.982689,25.76299,30.079857,25.20043,29.249048,27.270441,22.852415,23.794392,19.809063,21.29317,19.284039,21.410894,18.554325,20.732502,16.729572,21.46552,17.750992,19.620352,21.866146,22.839485,27.382336,28.283825,25.244587,29.610247,26.018015,27.63258,27.518862,27.203932,30.18592,28.055788,31.497744,30.246885,25.514133,28.869335,26.022398,30.243025,27.860786,33.45831,31.09231,34.478615,35.327927,32.111217,33.752083,31.118547,27.24646,25.786867,22.036125,22.60066,19.098846,16.968779,18.476276,17.900244,20.690104,17.277353,16.91877,18.020878,18.116022,19.388628,19.816147,23.728317,24.21926,27.334007,29.726757,30.39333,34.36899,36.32085,36.43586,34.086422,35.812553,29.91954,32.06567,28.608337,31.656002
4,12.043553,9.161841,6.647015,3.7701166,0.0,5.9764585,6.6295123,8.516872,12.654568,14.95799,18.627794,20.605665,23.938028,23.562597,22.05877,18.087603,15.646302,14.512742,11.403427,12.196886,8.855534,13.480471,10.250595,13.876995,17.56647,15.23295,16.263935,13.615272,15.737638,14.006126,16.099392,16.322145,23.567734,20.732792,26.055813,27.33133,30.180798,31.602837,27.878225,24.742382,29.746532,25.143744,29.144585,27.729172,23.717772,24.85107,21.70611,23.257944,21.78244,24.28867,21.683313,24.000483,19.95439,24.185041,20.098501,21.63191,23.558184,24.01655,28.709139,29.339573,26.143518,31.026741,27.72028,29.165379,29.716904,28.827045,31.919062,30.035187,33.033016,31.296696,26.151608,29.285322,25.953089,30.066135,27.165215,32.735107,29.837042,33.236786,33.720444,30.287153,31.535236,28.728205,25.203661,24.152811,20.682987,21.14867,18.547846,16.750326,19.048374,19.143885,22.37743,18.991589,18.04445,18.288305,18.106016,18.60773,18.417019,22.201014,22.156216,25.63021,27.609682,28.757008,32.58153,34.65631,35.132603,32.81547,35.155365,29.212477,31.751585,28.563545,31.781616
5,13.139817,12.12279,7.570382,7.5181656,5.9764585,0.0,6.1153083,6.6563373,10.720974,13.574025,16.518147,19.331938,22.70422,22.452208,21.920097,17.613693,16.547619,15.413292,13.995919,15.031088,13.297983,17.900059,14.581827,18.113451,20.991518,17.556307,18.171455,14.214324,15.709267,12.055935,14.218105,12.165816,19.44595,16.020115,21.334513,22.60029,25.23097,26.90491,23.329506,20.611376,25.947292,21.91181,26.268824,25.68379,21.51585,23.77919,21.19863,23.596786,22.152737,25.354223,22.27858,24.013033,19.531267,22.488731,17.852146,18.375849,20.499846,20.109695,24.606274,25.569042,22.575674,28.236471,25.739782,27.633234,29.021753,28.444162,32.070267,31.069109,33.994034,31.906519,26.213226,28.910078,25.115545,28.686106,25.46807,30.383535,27.483624,30.281075,30.659985,27.43022,28.865559,26.538906,23.061993,22.596964,19.341171,21.056091,18.242737,18.373583,20.641943,21.420565,24.73483,21.956131,20.512829,20.07057,21.219769,20.880318,20.042015,23.72779,22.714314,25.800062,27.116585,27.972025,31.227852,32.850735,33.595604,31.75574,34.19899,28.910612,31.912836,29.173994,32.99101
6,17.059387,15.037377,11.929108,8.9579735,6.6295123,6.1153083,0.0,5.2255507,6.737605,10.011127,13.086462,15.845594,18.647625,17.826355,16.894793,12.232776,10.882548,9.321131,8.207761,9.5915575,9.11395,14.516141,12.732314,16.951199,19.200396,16.373493,15.235933,12.653333,11.826537,10.335659,10.195071,11.105038,17.446821,15.045017,20.191925,21.58392,24.463903,25.643417,21.981367,18.726757,24.062801,19.73201,23.530506,22.805815,19.499943,20.96955,19.442015,21.286985,20.855944,24.297136,22.217579,24.747038,20.906616,23.67403,19.19077,20.433363,21.108719,20.95581,25.868948,25.622152,22.183508,27.505634,24.712366,25.803242,27.619598,25.846603,29.231016,28.212612,30.45153,27.906942,22.082327,24.706337,20.743486,24.528362,21.144293,26.548653,23.36253,26.73557,27.11816,23.660265,24.969788,22.25336,18.613798,17.701006,14.38545,15.369812,13.255041,13.123575,16.09692,17.551872,21.297878,18.670221,16.538473,15.197542,16.111101,15.119793,13.997631,17.638914,16.753815,19.974314,21.58724,22.602251,26.199791,28.162102,28.801163,26.656546,29.349583,23.685558,26.736525,24.065197,27.8057
7,19.179678,17.204458,13.099974,11.818655,8.516872,6.6563373,5.2255507,0.0,5.5349426,7.2073064,10.65039,12.868635,16.456179,16.599686,15.86695,12.433561,11.320316,11.7940445,10.994313,13.761632,12.845557,18.967623,17.128864,21.300406,24.071053,21.319052,20.455698,17.70016,16.698223,14.670459,13.647226,13.139384,18.193735,14.116982,19.737844,20.120615,23.614157,25.297337,22.427244,19.77543,26.042192,22.5074,26.343466,26.521826,23.461945,25.456549,24.305742,26.362509,25.879215,29.356089,27.005432,29.2558,25.104017,27.693514,22.976053,23.53597,24.618649,23.78577,28.44899,28.50938,25.243206,31.169128,28.913374,30.179949,32.386517,30.654936,34.166748,33.357376,35.445904,32.666744,26.638575,28.93328,24.577156,27.935902,23.985737,28.872253,25.051245,28.01908,27.738817,24.09061,24.695858,21.925951,19.179049,19.391584,16.860138,18.046307,17.229837,17.67839,21.0014,22.657682,26.456434,23.758738,21.609034,19.967113,20.50088,18.968155,17.149645,20.310032,18.410751,22.020082,22.61885,24.375425,27.391909,29.327637,30.637138,28.77535,32.24299,26.883793,30.377338,28.131737,31.98659
8,23.32761,21.461674,17.741634,15.533523,12.654568,10.720974,6.737605,5.5349426,0.0,4.0868874,6.378297,9.638553,12.289001,11.739754,11.589833,7.4829335,7.989115,8.453992,9.949199,12.786125,13.865382,19.721947,18.94985,23.27197,25.095276,22.382626,20.119999,17.997225,14.8426895,13.827894,10.352213,11.208732,14.267875,11.06268,16.198063,16.676067,20.226894,21.488707,18.751337,15.9571295,22.33112,19.149632,22.450798,23.176077,21.087858,22.985126,23.243412,25.20463,25.599377,29.479822,27.748878,30.23275,26.506506,28.203842,23.550646,24.131046,24.038912,22.944523,27.6441,26.775064,23.370895,29.230995,27.318539,28.078768,31.107178,28.573656,32.069405,31.823317,33.185093,29.848446,23.590086,25.35861,20.661179,23.627842,19.321486,24.026262,19.877684,22.942827,22.532192,18.782578,19.339636,16.493898,13.683028,14.089452,12.033198,13.431921,13.714029,15.433096,19.05723,21.588442,25.535093,23.464085,20.651354,17.93828,19.043474,16.422674,13.873864,16.523973,13.838381,17.13967,17.33633,19.076513,21.900858,23.834896,25.279821,23.51343,27.33873,22.263712,26.091223,24.375664,28.441835
9,26.20092,24.023512,20.236994,18.279955,14.95799,13.574025,10.011127,7.2073064,4.0868874,0.0,4.081608,5.8917274,9.251227,9.650326,9.229229,7.2274194,7.5584536,10.073202,11.417193,15.05613,15.894799,22.161163,21.746334,26.117645,28.222206,25.869629,23.559866,21.807714,18.476072,17.89286,13.981861,14.959164,16.654928,12.9043045,17.815681,17.358238,21.407438,22.81047,20.84808,18.477816,25.122238,22.44821,25.41255,26.523743,24.861595,26.629734,27.160294,28.953218,29.47755,33.26933,31.633726,34.192093,30.440325,32.27658,27.605812,28.100723,28.053541,26.79952,31.394949,30.469603,27.117882,33.031868,31.24775,31.864471,35.010174,32.219482,35.58777,35.291504,36.3818,32.88025,26.697906,28.267258,23.496292,26.222794,21.673326,26.066082,21.433517,24.366425,23.374376,19.455814,19.11345,15.978574,14.3028965,15.484769,14.309942,15.0738125,16.712992,18.149658,22.060925,24.672573,28.673285,26.502321,23.66725,20.761454,21.203333,18.246508,15.31143,17.330326,14.063271,17.745054,17.162725,19.778994,22.204721,24.323475,26.257244,24.566586,29.046705,24.100243,28.08084,26.676584,30.565876
10,29.44669,27.569881,23.621971,21.75265,18.627794,16.518147,13.086462,10.65039,6.378297,4.081608,0.0,4.430607,6.582736,7.0085588,8.216287,7.0337863,9.393287,11.75379,14.308038,17.618341,19.233639,25.179722,24.983042,29.34033,31.003916,28.475063,25.677015,23.937914,19.788155,19.226168,14.3813715,15.139373,14.67802,11.153064,15.281497,14.349378,18.525295,19.812555,18.479986,16.553816,23.30769,21.434948,23.980066,25.86595,24.869038,26.882322,28.290756,30.20346,31.104391,35.148674,33.67096,36.139725,32.513226,33.638607,28.985634,29.173832,28.626457,26.961563,31.305801,30.0062,26.79004,32.776745,31.53698,32.001553,35.766273,32.71754,36.15206,36.39404,37.066505,33.228184,26.94474,27.973381,23.000458,25.073828,20.25526,23.913084,18.985367,21.498564,20.087246,16.185537,15.447358,12.477794,11.528955,13.663143,13.479851,14.754697,17.160326,19.691818,23.510727,26.555027,30.520655,28.780903,25.671795,22.281351,23.247799,19.752184,16.45753,17.833065,13.767399,16.800182,15.246599,17.894178,19.572659,21.441154,23.79014,22.503761,27.368467,23.117134,27.394865,26.594143,30.658592
11,31.990374,29.7058,25.911026,24.037283,20.605665,19.331938,15.845594,12.868635,9.638553,5.8917274,4.430607,0.0,4.305653,6.57402,6.7854443,8.666014,9.973056,13.635653,15.619901,19.446407,20.72115,26.917273,27.08355,31.45554,33.41598,31.328623,28.552788,27.244509,23.141392,23.09515,18.236656,19.479837,18.889858,15.339718,19.180046,17.666344,22.007591,23.307772,22.489328,20.753086,27.403637,25.63122,27.912777,29.74599,28.954672,30.63127,32.005688,33.65323,34.608814,38.4749,37.121532,39.755062,36.127068,37.644974,33.001534,33.331646,32.90266,31.341885,35.72129,34.409454,31.16484,37.047905,35.659504,35.966156,39.593266,36.31417,39.54349,39.530476,40.024036,36.152355,30.069195,31.092989,26.231615,28.312098,23.50972,27.107357,21.97102,24.508133,22.717852,18.808804,17.19796,13.96008,14.1790495,16.454159,16.709465,17.031357,20.298626,22.097687,26.14325,29.109255,33.10638,31.17902,28.13597,24.73704,24.911526,21.33689,17.940222,18.78838,14.663601,18.071814,16.096674,19.594828,21.065508,23.220655,25.84284,24.479656,29.77069,25.461653,29.662294,28.97753,32.705364
12,35.349144,33.07522,29.466831,27.192133,23.938028,22.70422,18.647625,16.456179,12.289001,9.251227,6.582736,4.305653,0.0,3.4628203,5.1460257,8.69016,11.071922,14.494378,17.345074,20.830505,22.907457,28.669395,29.38259,33.716515,35.174988,33.226677,29.829697,28.985443,24.036783,24.652285,18.984337,20.943764,18.857483,16.450523,19.210438,17.655125,21.738213,22.563084,22.167181,20.603037,26.782366,25.490753,27.086628,29.257385,29.272623,30.6997,32.89165,34.352924,35.803375,39.75673,38.80914,41.554222,38.225822,39.32171,34.836945,35.22256,34.181145,32.5722,36.834976,34.97212,31.767353,37.333065,36.1747,36.0966,40.104053,36.350826,39.40692,39.71611,39.651463,35.49628,29.58194,30.127554,25.321444,26.888659,22.080652,25.151178,19.863165,22.28595,20.194601,16.38161,14.152646,10.795466,12.101733,14.771624,16.021112,16.04677,20.319786,22.591509,26.55679,29.874022,33.7884,32.277462,29.000364,25.153625,25.490696,21.436964,17.815775,17.799551,13.207558,15.953687,13.110191,16.920362,17.794214,19.982794,22.872831,21.693035,27.355873,23.585304,27.853601,27.742079,31.357452
13,34.840702,32.607704,29.268599,26.54604,23.562597,22.452208,17.826355,16.599686,11.739754,9.650326,7.0085588,6.57402,3.4628203,0.0,3.8768284,6.470242,9.693061,12.416089,15.916771,18.947636,21.649567,26.956974,27.97379,32.234318,33.255783,31.364656,27.5706,27.048168,21.607674,22.755774,16.68587,19.443066,17.135878,15.811602,18.225323,17.349422,21.059832,21.473295,20.653345,18.759262,24.493366,23.038301,24.339254,26.352358,26.702612,27.852556,30.404818,31.710999,33.443073,37.412617,36.75375,39.59051,36.529922,37.42384,33.116688,33.69843,32.24326,30.812485,35.112663,32.89906,29.63722,34.86919,33.64704,33.32472,37.40585,33.411907,36.356197,36.783306,36.49854,32.260445,26.429966,26.842424,22.099506,23.621468,18.885437,22.125446,16.893618,19.683086,17.896168,14.013517,12.197787,8.49558,9.211548,11.537016,13.008086,12.839031,17.468967,20.003523,23.84895,27.343704,31.180939,29.953018,26.549568,22.48607,23.096432,18.838005,15.1650715,14.912063,10.145084,12.577779,9.7779255,13.506052,14.706764,17.075323,19.721523,18.361376,23.966543,20.133938,24.404041,24.389112,28.020557
14,33.750656,31.11858,28.166874,25.129303,22.05877,21.920097,16.894793,15.86695,11.589833,9.229229,8.216287,6.7854443,5.1460257,3.8768284,0.0,5.6996303,7.185098,10.7572,13.576281,16.908476,19.333519,24.704237,26.051104,30.274149,31.519268,30.077507,26.393026,26.316433,21.174389,22.867134,17.156988,20.610876,19.682083,18.190132,21.258333,20.643229,24.416124,24.895264,23.61114,21.303568,26.946573,24.810982,26.276033,27.577461,27.628834,28.305708,30.349665,31.339552,32.97765,36.674507,36.132362,39.184483,36.1704,37.680073,33.430347,34.386898,33.151917,32.120895,36.674644,34.581535,31.150888,36.196434,34.446667,34.051136,37.627052,33.572723,36.30081,36.20324,36.028805,31.99346,26.38295,27.198694,22.69713,24.802694,20.329395,24.299196,19.289368,22.5767,21.139215,17.248875,15.724719,11.914907,11.8921795,13.138486,13.859114,12.604452,17.311441,18.676783,22.721794,25.961075,29.821156,28.306273,25.056442,21.19328,20.994291,16.89876,13.318105,13.078212,8.837628,12.302171,10.56041,14.622548,16.684097,19.459324,21.665606,19.789942,25.164606,20.58613,24.528103,24.064096,27.343033
15,29.236746,26.911362,24.033983,20.763496,18.087603,17.613693,12.232776,12.433561,7.4829335,7.2274194,7.0337863,8.666014,8.69016,6.470242,5.6996303,0.0,4.425186,6.020018,9.8081,12.579896,15.47187,20.614395,21.591307,25.820246,26.79449,24.945435,21.23588,20.838427,15.643191,17.192537,11.516348,15.370922,15.61083,14.643404,18.109676,18.503908,21.90228,22.31666,20.042007,17.154207,22.683895,19.862501,21.784517,22.627369,22.186956,22.991953,24.768759,25.94841,27.460993,31.282333,30.621706,33.598816,30.613892,31.992077,27.783916,28.842909,27.552658,26.708082,31.37458,29.351454,25.83542,30.858267,28.927668,28.698788,32.158943,28.374544,31.32514,31.262886,31.489532,27.596212,21.661959,22.81437,18.16528,20.76709,16.335377,21.054176,16.43817,20.114588,19.469189,15.550115,15.458109,11.910821,9.585708,9.706852,9.062079,8.524861,12.079705,13.9264345,17.907053,21.190195,25.110218,23.651745,20.330568,16.506872,17.155214,13.207705,9.695728,10.799515,6.9598975,10.533429,10.375225,13.005576,16.035707,18.590422,20.117018,18.017601,22.600372,17.477453,21.450478,20.416552,24.157663
16,27.28104,24.4547,22.048737,18.464779,15.646302,16.547619,10.882548,11.320316,7.989115,7.5584536,9.393287,9.973056,11.071922,9.693061,7.185098,4.425186,0.0,4.5903454,6.415069,10.020919,12.16267,17.695326,18.886341,23.115028,24.583162,23.24984,19.970755,19.966444,15.671939,17.595865,13.063631,17.167479,19.130634,17.664648,21.777727,22.216938,25.726206,26.3297,23.7576,20.649319,26.076946,22.619625,24.830927,24.868183,23.849781,24.200817,25.027538,25.883413,27.06181,30.484753,29.810627,32.98128,29.965305,32.206882,28.066359,29.518517,28.714005,28.331963,33.208035,31.52853,27.908295,32.746433,30.217228,30.05114,32.76093,29.145388,31.872463,31.091084,31.662045,28.167992,22.558695,24.302744,20.06998,23.315987,19.328787,24.592068,20.310402,24.217382,23.784678,19.906801,19.826199,16.204098,13.9008665,13.378718,11.909779,10.352604,13.10084,12.981476,17.176266,19.900122,23.85552,21.84865,18.854572,15.585878,15.045327,11.677606,8.620517,10.377403,8.12867,12.499741,13.381812,16.116512,19.655844,22.435862,23.626434,21.16471,25.345833,19.575333,23.026083,21.33971,24.622856
17,25.221682,22.665033,20.690283,16.586359,14.512742,15.413292,9.321131,11.7940445,8.453992,10.073202,11.75379,13.635653,14.494378,12.416089,10.7572,6.020018,4.5903454,0.0,4.715446,6.5885763,10.043387,14.652888,15.947341,20.05838,20.895168,19.394106,15.681085,15.911284,11.188483,13.823655,9.476103,14.63973,17.487036,17.138367,20.982592,22.297298,25.221106,25.532072,22.257597,18.733252,23.404963,19.354254,21.602669,20.960556,19.771286,19.802212,20.553328,21.313402,22.630983,26.105347,25.637129,28.880878,26.14959,28.227139,24.327078,26.084751,24.949728,24.94907,29.874174,28.024437,24.35234,28.760798,25.959711,25.692707,28.232351,24.611677,27.34231,26.56106,27.27193,23.885172,18.222063,20.24363,16.18736,19.861263,16.315264,22.083784,18.472845,22.642775,22.913715,19.307512,20.175356,16.915878,13.450037,11.696544,9.099162,7.555304,8.819136,8.573657,12.728627,15.599259,19.574024,17.802355,14.626874,11.215512,11.505725,8.201685,5.5036745,8.5577755,7.6696634,11.243599,13.432095,14.891156,19.017519,21.614504,22.10256,19.449049,22.75154,16.645721,19.823164,17.665813,21.137054
18,22.377153,19.294765,17.90192,13.505874,11.403427,13.995919,8.207761,10.994313,9.949199,11.417193,14.308038,15.619901,17.345074,15.916771,13.576281,9.8081,6.415069,4.715446,0.0,4.310926,5.8254395,11.39084,12.578495,16.749115,18.424725,17.421583,14.696759,15.073598,12.277573,14.638535,12.299836,16.717642,21.11517,20.016615,24.47292,25.712448,28.781717,29.37812,25.931805,22.369932,27.079094,22.611032,25.257572,23.98459,22.009167,21.807756,21.20297,21.730982,22.382349,25.328554,24.632841,27.966967,25.105162,28.201677,24.38689,26.459118,26.073843,26.49737,31.520327,30.236628,26.57388,30.863173,27.540585,27.533777,29.154474,26.051056,28.594366,27.013903,28.333874,25.569685,20.380291,23.00123,19.479286,23.56958,20.454504,26.413458,23.053743,27.210808,27.549551,23.928457,24.726152,21.38875,18.075077,16.372093,13.4883585,11.853029,11.831495,9.319512,13.208881,14.982118,18.885958,16.283745,13.776766,11.657534,10.456301,8.8468685,7.735241,11.140518,11.534199,15.313893,17.772943,19.381329,23.623535,26.286448,26.648327,23.867188,26.796896,20.422453,23.043484,20.287289,23.235039
19,21.456465,18.588663,18.058485,13.11763,12.196886,15.031088,9.5915575,13.761632,12.786125,15.05613,17.618341,19.446407,20.830505,18.947636,16.908476,12.579896,10.020919,6.5885763,4.310926,0.0,4.8929143,8.070075,9.94628,13.795944,14.655303,13.885998,10.653997,11.964066,9.379134,12.877474,11.588631,16.662039,21.643124,21.542788,25.586609,27.451042,30.005165,30.311222,26.391502,22.594208,26.336271,21.401638,23.893578,21.755724,19.645615,18.770224,17.7695,17.874119,18.637049,21.376802,21.093529,24.627829,22.250486,25.409113,22.059162,24.611128,23.921106,24.9208,29.901583,28.46523,24.830923,28.38109,24.633837,24.430323,25.537539,22.438532,24.752262,22.874327,24.377548,21.942472,17.13679,20.14609,17.264671,21.7028,19.362621,25.562151,22.974463,27.262836,28.169828,24.873854,26.271822,23.213474,19.338108,16.799675,13.405702,11.658779,9.989678,5.8586683,9.269668,10.695169,14.579849,12.024425,9.473801,7.797642,6.7627997,6.4436626,7.108194,10.918533,12.703154,15.571839,18.918867,19.598694,24.169333,26.68804,26.403646,23.471699,25.4491,18.933336,20.914793,17.626558,20.355318
20,18.14606,14.7262125,14.685221,9.73173,8.855534,13.297983,9.11395,12.845557,13.865382,15.894799,19.233639,20.72115,22.907457,21.649567,19.333519,15.47187,12.16267,10.043387,5.8254395,4.8929143,0.0,6.653976,7.1633263,11.248104,13.727924,13.209257,12.0109415,12.536234,12.5302,14.511317,14.80518,18.482166,24.526415,23.40564,28.065302,29.68347,32.472157,33.1701,29.262486,25.585117,29.753532,24.73608,27.7349,25.534973,22.65429,22.119854,19.849054,20.093306,19.864885,22.075203,21.14908,24.505432,21.73191,25.877052,22.478079,25.02909,25.343666,26.46369,31.426723,30.73482,27.20186,30.976933,27.045992,27.341732,27.744734,25.473043,27.787703,25.37852,27.57676,25.723299,21.22248,24.488821,21.752274,26.240541,23.8653,30.008377,27.31523,31.445795,32.202965,28.77265,29.99488,26.838942,23.159185,21.073532,17.632675,16.30098,14.395136,10.334438,12.925385,13.061195,16.52339,13.097389,11.753936,11.747586,9.895474,10.939869,11.6922455,15.315226,16.826452,20.146124,23.154222,24.21709,28.66895,31.19359,31.116732,28.25177,30.299362,23.810425,25.707487,22.259724,24.735962
21,18.76314,15.701257,17.527563,12.473947,13.480471,17.900059,14.516141,18.967623,19.721947,22.161163,25.179722,26.917273,28.669395,26.956974,24.704237,20.614395,17.695326,14.652888,11.39084,8.070075,6.653976,0.0,4.893947,6.8347297,7.976706,9.378191,8.611476,11.326378,12.851048,15.949267,17.597673,21.744284,28.079054,28.069246,32.183426,34.404537,36.639717,36.97393,32.631107,28.775959,31.623056,26.205708,28.792528,25.423145,22.52517,20.825851,17.656773,16.823238,16.472164,17.567707,17.547136,21.22494,19.573513,24.145973,21.85718,25.159716,25.174854,27.22642,31.927813,31.105011,27.76862,30.164452,25.583467,25.532526,24.64217,22.628546,24.170427,20.850275,23.440092,22.574133,19.46883,23.149996,21.755451,26.432194,25.26048,31.45746,29.757692,33.99717,35.364983,32.334213,34.074406,31.157198,27.07954,24.192202,20.545368,18.892353,15.847814,10.473003,10.890893,9.0517235,11.463869,7.597595,7.8791614,10.305417,7.9325547,11.552457,14.058341,17.319075,20.237982,22.608906,26.472015,26.676672,31.40914,33.819267,32.965584,29.924183,30.729786,24.310686,25.060207,21.045652,22.612808
22,13.878682,10.996168,13.066284,8.260818,10.250595,14.581827,12.732314,17.128864,18.94985,21.746334,24.983042,27.08355,29.38259,27.97379,26.051104,21.591307,18.886341,15.947341,12.578495,9.94628,7.1633263,4.893947,0.0,4.37728,7.6488924,7.1985607,8.914219,9.251954,12.969734,14.1506195,17.290968,19.989386,27.269629,26.678349,31.071514,33.316204,35.47542,36.1076,31.67215,27.96631,31.07087,25.642145,28.851759,25.664837,21.886766,21.058191,16.89327,16.89613,15.441641,16.675978,15.398054,18.647257,16.234879,21.34555,18.802416,21.918911,22.821262,24.827765,29.440641,29.351841,26.165699,29.007122,24.540535,25.22071,24.163616,23.170822,25.24992,22.176908,25.49987,24.802662,21.231167,24.96769,23.232841,27.84374,26.443214,32.483006,30.76755,34.70404,36.055454,33.02006,34.917107,32.15421,27.948093,25.41303,21.514404,20.831148,17.030178,12.79871,13.212956,11.3905115,13.677495,9.830104,10.379116,12.905137,12.023129,14.937622,16.809887,20.49449,22.615337,25.178337,28.650574,28.824743,33.360035,35.54292,34.899464,32.104977,32.97312,26.756628,27.88817,23.929882,26.052116
23,14.1641035,11.754336,15.200648,11.210079,13.876995,18.113451,16.951199,21.300406,23.27197,26.117645,29.34033,31.45554,33.716515,32.234318,30.274149,25.820246,23.115028,20.05838,16.749115,13.795944,11.248104,6.8347297,4.37728,0.0,5.050621,6.4391856,9.9858465,10.981098,15.782181,16.996029,20.848244,23.378933,30.829124,30.540022,34.747837,37.201668,39.11976,39.665295,35.06623,31.364939,33.858242,28.327816,31.396175,27.676353,23.775743,22.499783,17.57358,17.036152,15.025847,15.024934,13.991142,17.122238,15.488417,21.144278,19.512335,22.937788,24.025532,26.55595,30.83454,30.958012,28.030294,30.059027,25.301298,25.97812,23.86563,23.520983,25.094961,21.426758,25.217337,25.351593,22.74717,26.612768,25.617878,30.206352,29.394102,35.34914,34.104755,38.013622,39.615154,36.755966,38.846264,36.177498,31.854311,29.084047,25.143808,24.388233,20.23916,15.77155,15.17425,12.30845,13.339248,9.615845,11.605324,15.230633,14.243169,17.917673,20.295988,23.781162,26.362299,28.630085,32.373344,32.259636,36.86827,38.98433,38.03105,35.19878,35.48318,29.410437,29.980555,25.825031,27.41435
24,17.642834,16.025148,19.075485,14.95919,17.56647,20.991518,19.200396,24.071053,25.095276,28.222206,31.003916,33.41598,35.174988,33.255783,31.519268,26.79449,24.583162,20.895168,18.424725,14.655303,13.727924,7.976706,7.6488924,5.050621,0.0,4.781736,7.448584,10.133987,14.557132,16.729387,20.5831,23.716547,30.67916,31.41928,34.99902,37.86234,39.340675,39.50018,34.71948,30.951258,32.43053,26.846754,29.400457,25.088387,21.562387,19.475191,14.544397,13.171622,11.515777,10.908649,11.20289,14.779975,14.411766,19.35366,18.543127,22.350906,22.543507,25.524893,29.576225,29.185734,26.39233,27.38386,22.377916,22.594719,19.94279,19.496122,20.583652,16.60929,20.526056,21.151762,19.425512,23.308245,23.157578,27.624306,27.59483,33.369083,32.815002,36.703186,38.69672,36.18982,38.633644,36.21726,31.676723,28.438688,24.538157,23.718775,19.10204,14.688644,12.796341,9.168917,9.00552,5.952896,8.945201,13.351326,13.155307,17.194508,20.075891,23.253616,26.317486,27.834576,31.945004,31.17544,35.802956,37.74162,36.29757,33.47269,32.947567,27.202145,27.13702,22.883049,24.080713
25,14.893248,13.99385,16.200256,12.401608,15.23295,17.556307,16.373493,21.319052,22.382626,25.869629,28.475063,31.328623,33.226677,31.364656,30.077507,24.945435,23.24984,19.394106,17.421583,13.885998,13.209257,9.378191,7.1985607,6.4391856,4.781736,0.0,5.684191,5.8772216,11.731276,12.601479,17.384754,19.631142,26.94966,27.62483,31.128012,34.106285,35.392406,35.652412,30.813366,27.162897,28.714235,23.16712,26.147398,22.120289,17.97266,16.742718,11.298751,11.104615,8.719751,9.594686,8.337132,11.874481,10.466134,15.322001,13.949653,17.676722,18.099625,20.961168,25.071363,24.963108,22.182035,23.72271,18.911259,19.710606,17.626919,17.660196,19.661531,16.608868,20.756504,20.8604,18.096434,21.902168,21.17853,25.531738,25.21544,30.80354,30.243301,33.8512,35.854347,33.421547,36.05818,33.86915,29.201065,26.190454,22.151955,22.183886,16.948822,13.745784,12.110551,9.390057,10.209357,7.678508,9.1746645,12.7885475,14.04799,17.190887,19.484943,22.99188,25.333426,26.830034,30.594584,29.668825,34.06979,35.75908,34.49541,31.930906,31.543564,26.023623,26.500301,22.440243,24.488739
26,19.276108,17.951523,19.02776,14.528641,16.263935,18.171455,15.235933,20.455698,20.119999,23.559866,25.677015,28.552788,29.829697,27.5706,26.393026,21.23588,19.970755,15.681085,14.696759,10.653997,12.0109415,8.611476,8.914219,9.9858465,7.448584,5.684191,0.0,5.3529587,7.331422,10.6718025,13.72437,17.591534,23.792007,25.291893,28.352055,31.409632,32.66773,32.569386,27.796041,23.970428,25.279413,19.707796,22.118467,18.02576,14.809973,12.795286,9.105394,8.366684,8.403899,10.73933,11.116397,14.928192,13.917347,16.988497,15.217624,18.795177,17.740606,20.268038,24.667723,23.443035,20.312822,21.831861,17.097418,17.01134,16.166534,14.371505,16.463545,13.895835,17.0483,16.223295,12.8880415,16.731665,15.935353,20.431667,20.203272,25.962288,25.439484,29.274088,31.348654,28.99005,31.650436,29.490088,24.799189,21.428255,17.525219,17.181818,11.981714,8.662024,6.4685473,4.3582277,6.6658807,4.9161367,4.227426,7.3312845,9.723243,12.395317,14.817949,18.050507,20.620035,21.62961,25.608711,24.405138,28.874063,30.608786,29.166199,26.497377,26.05935,20.427578,20.867777,16.810396,19.05993
27,15.597842,15.06212,15.286524,11.582735,13.615272,14.214324,12.653333,17.70016,17.997225,21.807714,23.937914,27.244509,28.985443,27.048168,26.316433,20.838427,19.966444,15.911284,15.073598,11.964066,12.536234,11.326378,9.251954,10.981098,10.133987,5.8772216,5.3529587,0.0,6.991438,6.746542,11.935559,13.864789,21.113916,22.011644,25.299784,28.384884,29.54396,29.781565,24.94055,21.308115,23.11788,17.605696,20.924202,17.487589,13.065019,12.8892975,8.350001,9.799841,8.351007,11.679439,9.940216,13.02548,10.511325,13.588527,10.77417,14.078107,13.884055,16.138956,20.688854,20.24878,17.146578,19.780176,15.454649,16.510166,16.230413,15.650688,18.701889,17.069466,20.582819,19.5312,15.255224,18.749962,17.051847,21.246672,20.388948,25.832075,25.084377,28.485329,30.424862,28.040201,30.81264,28.855513,24.113382,21.31748,17.253096,18.1532,12.51467,11.142769,10.237831,9.527751,11.742715,10.047352,9.268652,10.849656,13.711039,15.3473835,16.77894,20.394693,21.8604,23.188017,26.509953,25.424416,29.532667,30.99595,29.974665,27.676643,27.6516,22.366243,23.584986,19.940601,22.971008
28,21.448996,20.327726,19.430222,15.311986,15.737638,15.709267,11.826537,16.698223,14.8426895,18.476072,19.788155,23.141392,24.036783,21.607674,21.174389,15.643191,15.671939,11.188483,12.277573,9.379134,12.5302,12.851048,12.969734,15.782181,14.557132,11.731276,7.331422,6.991438,0.0,6.0208898,6.564467,11.434802,16.648306,18.605644,21.31468,24.389551,25.634487,25.441254,20.78843,16.89629,18.834938,13.387303,16.045856,13.135177,10.35391,9.823486,9.366104,10.531158,11.858362,15.848019,15.545912,18.666468,16.703894,17.910126,14.818912,17.341627,15.389807,16.646126,21.42434,19.505096,15.939282,19.011896,15.3701105,15.300369,17.185013,14.325048,17.555258,17.023182,18.865797,16.276535,10.580534,13.636293,10.849616,15.231856,13.831187,19.66483,18.573929,22.335087,24.227158,21.801548,24.556995,22.604107,17.80439,14.61829,10.617852,11.450551,5.5584445,6.2191415,6.417216,8.718636,12.042733,11.410014,8.453974,6.654105,10.979784,10.653882,11.363877,14.583928,15.72119,16.480814,19.810244,18.461887,22.59987,24.139044,23.116629,20.736237,21.128813,15.646177,17.445238,14.210314,17.964748
29,18.205708,18.029243,16.17263,13.353267,14.006126,12.055935,10.335659,14.670459,13.827894,17.89286,19.226168,23.09515,24.652285,22.755774,22.867134,17.192537,17.595865,13.823655,14.638535,12.877474,14.511317,15.949267,14.1506195,16.996029,16.729387,12.601479,10.6718025,6.746542,6.0208898,0.0,6.6996665,7.2013516,14.501598,15.5242,18.578455,21.753847,22.801643,23.107088,18.30983,14.741365,17.356764,12.118501,16.1073,14.170414,9.751831,11.765429,10.049975,12.864713,12.610916,16.893965,14.987489,17.177563,14.05931,14.827498,10.657069,12.37369,11.457564,12.098318,17.100508,16.288496,12.807577,17.36528,14.390626,15.758801,17.840872,16.679855,20.558916,20.501637,23.067629,20.83609,15.160237,17.740034,14.597658,18.161112,16.260473,21.243965,20.028788,23.004133,24.710726,22.35079,25.224928,23.619469,18.916853,16.737068,12.87612,15.265538,9.895217,11.778088,12.27259,13.681367,16.559225,15.506034,13.391642,12.53318,16.29161,15.962763,15.963646,19.379122,19.38001,20.527948,22.9283,21.793947,25.296728,26.414886,25.901663,24.081839,24.767982,20.054188,22.34745,19.575296,23.591803
30,23.538158,22.560295,20.123178,16.878101,16.099392,14.218105,10.195071,13.647226,10.352213,13.981861,14.3813715,18.236656,18.984337,16.68587,17.156988,11.516348,13.063631,9.476103,12.299836,11.588631,14.80518,17.597673,17.290968,20.848244,20.5831,17.384754,13.72437,11.935559,6.564467,6.6996665,0.0,6.735619,10.591186,12.3166895,15.083726,17.92379,19.476982,19.476254,15.123706,11.236932,15.016211,10.377296,13.574959,13.081233,11.075354,12.716824,14.099292,16.158882,17.421099,21.760695,20.80769,23.346039,20.629282,20.916634,16.94544,18.133562,16.203758,15.817963,20.616518,18.57581,14.918851,19.766079,17.616531,17.910965,21.39799,18.515867,22.176867,22.68394,23.86604,20.480923,14.056159,15.778829,11.306957,14.593716,11.316405,16.668692,14.3315525,17.785276,19.076157,16.311409,18.922407,17.097046,12.347444,10.146201,6.3292866,9.3302145,5.558266,9.929582,11.955511,15.003167,18.477484,17.755087,14.591236,11.594556,15.263061,13.0501175,11.748283,14.539003,13.514963,14.465004,16.37336,15.44455,18.863962,20.198788,20.10238,18.24132,20.059807,15.211296,18.45627,16.473494,20.942097
31,21.916296,21.956757,18.522264,16.957886,16.322145,12.165816,11.105038,13.139384,11.208732,14.959164,15.139373,19.479837,20.943764,19.443066,20.610876,15.370922,17.167479,14.63973,16.717642,16.662039,18.482166,21.744284,19.989386,23.378933,23.716547,19.631142,17.591534,13.864789,11.434802,7.2013516,6.735619,0.0,8.390352,8.549901,11.691545,14.729987,15.896525,16.620161,12.160458,9.011821,13.782259,10.123389,14.567168,15.24662,12.035144,15.659654,16.057045,19.163975,19.316523,23.7488,21.635193,23.216955,19.74241,19.278366,14.711278,14.470329,13.583348,11.899587,16.503286,15.68616,12.433722,18.782312,17.684008,19.22764,22.842655,21.46993,25.610964,26.519224,28.364872,25.38499,19.146652,20.61503,16.373165,18.69598,15.478463,19.27271,17.140802,19.248386,20.268936,17.860495,20.533802,19.394196,15.228244,14.56271,11.755049,15.56667,12.193637,16.128925,17.71644,20.043087,23.198711,22.253372,19.670963,17.606327,21.207705,19.47212,18.100851,20.973186,19.241856,20.37694,21.278383,20.501928,22.946833,23.636711,24.04229,22.933163,24.731014,20.949905,24.28124,22.585108,27.137777
32,30.245895,30.135733,26.456305,24.818588,23.567734,19.44595,17.446821,18.193735,14.267875,16.654928,14.67802,18.889858,18.857483,17.135878,19.682083,15.61083,19.130634,17.487036,21.11517,21.643124,24.526415,28.079054,27.269629,30.829124,30.67916,26.94966,23.792007,21.113916,16.648306,14.501598,10.591186,8.390352,0.0,6.3243446,4.988477,8.727313,9.0736685,8.920837,4.817008,1.9109454,9.0357275,8.80568,11.459014,15.008808,14.641272,18.27751,21.266243,24.059063,25.328823,29.921864,28.537382,30.08523,27.192228,25.49585,21.505657,20.718277,18.470844,15.840941,19.154358,16.90468,14.315821,20.309265,20.848814,21.575445,26.69073,24.342926,28.307459,30.34219,30.91119,27.098942,20.894745,20.847048,16.18937,16.54182,12.568674,14.067625,11.347851,12.091074,12.562547,10.691662,13.66088,13.79075,10.526006,11.388413,11.039373,15.542813,14.612642,20.12037,21.923761,25.15898,28.269392,28.055405,24.924479,21.708345,25.501087,22.535423,20.305176,21.863735,18.903463,18.835646,18.163158,16.983599,17.75313,17.577343,18.668425,18.608503,21.116756,19.151741,23.106157,22.920338,27.664383
33,28.008207,27.765696,23.397863,22.575247,20.732792,16.020115,15.045017,14.116982,11.06268,12.9043045,11.153064,15.339718,16.450523,15.811602,18.190132,14.643404,17.664648,17.138367,20.016615,21.542788,23.40564,28.069246,26.678349,30.540022,31.41928,27.62483,25.291893,22.011644,18.605644,15.5242,12.3166895,8.549901,6.3243446,0.0,5.7010474,6.792127,9.557171,11.290867,9.052212,7.9803123,15.039884,14.280551,17.594921,20.487497,18.966364,22.65701,24.280104,27.218723,27.761572,32.227966,30.174728,31.680048,28.041342,27.337622,22.769915,21.721022,20.97022,18.221472,21.75565,20.836918,18.25993,24.885317,24.964634,26.220978,30.650434,28.753307,32.810234,34.14821,35.271774,31.660368,25.232977,25.843336,20.988617,22.147167,17.827902,20.041018,16.498903,17.459074,16.922594,14.284695,15.768342,15.085029,12.716069,14.528761,13.820361,17.75561,17.237585,21.737339,24.24603,27.172783,30.64781,29.617054,26.665415,23.740973,26.722504,23.864882,21.341501,23.33413,19.93589,21.193045,20.13751,20.341467,21.313835,21.690786,23.458687,23.112165,26.453552,23.617786,27.765577,27.118866,31.805887
34,32.64089,32.71828,28.523323,27.606857,26.055813,21.334513,20.191925,19.737844,16.198063,17.815681,15.281497,19.180046,19.210438,18.225323,21.258333,18.109676,21.777727,20.982592,24.47292,25.586609,28.065302,32.183426,31.071514,34.747837,34.99902,31.128012,28.352055,25.299784,21.31468,18.578455,15.083726,11.691545,4.988477,5.7010474,0.0,4.266052,4.4570594,5.626645,4.2813525,5.7202,11.711881,13.106155,15.392139,19.524609,19.141376,23.066769,25.826319,28.797926,29.79449,34.37464,32.644615,33.907787,30.724432,28.88944,24.786417,23.361681,21.702404,18.49155,21.103752,19.49039,17.523533,23.728352,24.879639,25.903934,31.067669,29.065767,33.080116,35.221096,35.830185,32.012333,25.856773,25.65448,21.030346,20.96464,16.965784,17.352482,14.427541,13.9325485,13.355405,11.871368,13.895766,14.645633,12.885566,15.010487,15.346706,19.639042,19.354042,24.683022,26.730259,29.917173,33.1053,32.698696,29.614254,26.42651,29.96061,26.858458,24.337633,25.7593,22.243317,22.414059,20.867762,20.249771,20.131384,19.6172,21.41696,21.880562,24.862432,23.468904,27.569544,27.671436,32.394836
35,34.598648,34.469166,29.96149,29.323524,27.33133,22.60029,21.58392,20.120615,16.676067,17.358238,14.349378,17.666344,17.655125,17.349422,20.643229,18.503908,22.216938,22.297298,25.712448,27.451042,29.68347,34.404537,33.316204,37.201668,37.86234,34.106285,31.409632,28.384884,24.389551,21.753847,17.92379,14.729987,8.727313,6.792127,4.266052,0.0,4.540503,6.843095,8.158622,9.7897005,15.71957,17.251871,19.329361,23.53879,23.221422,26.998703,29.636795,32.5436,33.47981,38.03755,36.195854,37.53323,34.111996,32.64828,28.36021,26.869736,25.634848,22.38226,24.941519,23.628422,21.71746,27.984825,29.077051,30.087553,35.188095,33.061737,37.031765,39.006912,39.544003,35.602253,29.363684,29.169987,24.380466,24.332455,20.019857,20.286024,16.724606,16.0482,14.495647,12.777546,13.511601,14.252193,13.790188,16.80901,17.641985,21.53185,22.132597,27.184309,29.66118,32.91668,36.30733,35.638256,32.494995,29.161207,32.24232,28.89143,26.032387,27.247698,23.239388,23.77738,21.526041,21.681747,21.10455,20.697433,23.148363,23.730661,27.437862,26.031586,30.346083,30.60038,35.267136
