,0,1,2,3,4,5,6,7,8,9,10,11,12,13,14,15,16,17,18,19,20,21,22,23,24,25,26,27,28,29,30,31,32,33,34,35,36,37,38,39,40,41,42,43,44,45,46,47,48,49,50,51,52,53,54,55,56,57,58,59,60,61,62,63,64,65,66,67,68,69,70,71,72,73,74,75,76,77,78,79,80,81,82,83,84,85,86,87,88,89,90,91,92,93,94,95,96,97,98,99,100,101,102,103,104,105,106,107,108,109
0,0.0,3.9604619,5.3045864,9.207028,11.06916,13.77208,16.431574,18.82381,23.755081,25.030529,29.797369,33.713467,36.980923,36.64045,34.664715,30.681473,28.401491,24.516293,23.367239,19.315378,16.451002,14.879565,11.324257,12.944142,8.571338,12.079774,15.745192,16.876377,17.412903,18.971415,19.230267,22.22498,22.17338,29.209845,26.896229,31.266216,33.247124,34.306873,33.909706,29.405106,25.480764,29.845835,25.66513,27.47621,25.064816,23.582157,22.27398,22.676422,20.334032,23.152208,27.477718,29.149284,29.144434,32.203373,35.03664,32.6838,35.74724,34.234665,36.056038,40.99869,38.669304,35.26847,37.59798,34.72529,37.276382,34.645916,39.32704,37.50037,38.03782,37.561424,35.29734,35.620384,36.03317,33.114956,37.027767,35.172077,39.32071,40.42436,42.960014,45.60993,46.605183,41.877083,39.333595,36.137386,32.197563,31.400248,26.782156,24.056293,19.267176,18.691652,16.067007,15.595788,16.468283,17.461458,21.590607,22.53757,25.345451,23.571892,25.275433,22.19231,22.976038,22.48726,23.545366,26.088232,28.519318,27.689222,28.732788,27.96548,31.034435,30.846489
1,3.9604619,0.0,4.645199,6.905058,8.328983,11.598012,13.450474,16.57235,21.023867,22.324064,27.094013,30.785955,34.305355,33.56735,31.406984,27.479925,25.178614,21.167992,20.24434,15.968502,13.600663,11.387406,9.180757,10.415057,7.013443,10.664686,13.988263,15.875622,15.339077,16.879812,16.268963,19.482082,18.679756,25.74845,23.21222,27.593954,29.553963,30.450449,30.101896,25.55805,21.655605,26.29988,22.317532,24.335142,22.52502,21.046497,20.218246,20.840343,19.209671,22.189272,26.571308,27.641912,27.426485,30.164053,32.741966,29.978544,32.84102,31.466892,33.036633,37.957256,35.948162,32.596897,35.35901,32.722126,35.61769,33.327145,38.218884,36.829994,37.71229,37.2628,34.502964,34.59582,35.147427,31.852694,35.731213,33.54262,37.667656,38.50724,40.829998,43.278225,44.152184,39.684887,37.286415,34.026237,30.107685,29.458317,24.67516,22.529753,17.5136,17.772192,15.694664,15.773897,17.520002,18.467955,23.213617,24.594482,26.988749,24.704615,26.337341,22.509462,23.816214,22.349857,23.993162,26.984898,29.080448,27.963263,29.521452,27.943352,31.28198,30.731758
2,5.3045864,4.645199,0.0,5.09773,6.40904,8.589919,11.743754,13.611173,18.72953,19.971682,24.728271,28.754204,31.83111,31.747122,29.95458,25.984703,23.707655,20.005173,18.742483,15.049114,12.193835,11.717647,8.58412,12.015434,8.443891,13.101478,15.658477,15.934663,15.510608,15.91082,16.702597,18.295992,18.806887,25.183884,22.971117,27.37428,29.2596,30.838575,30.453226,26.073753,22.267662,26.428911,22.631582,23.771254,21.684393,21.363512,19.737549,21.27425,18.61706,22.277527,26.475536,27.881132,26.870934,30.54843,32.578545,30.101383,32.953598,30.868586,32.453583,37.300007,34.738907,31.31674,33.998493,31.473177,34.069496,32.189484,36.37849,35.259155,35.627804,34.660244,31.943438,31.882164,31.963224,28.738169,32.41722,30.29646,34.36162,35.311405,37.92201,40.48918,41.717014,37.027958,34.356354,31.062374,27.217945,26.685596,21.782494,19.59307,14.903741,14.53735,12.605019,11.8451805,14.026917,14.105836,19.13522,20.491404,22.69731,20.250702,22.115942,18.387491,20.120462,19.047815,21.17989,24.522644,26.020369,24.665815,25.63634,23.965889,27.062662,26.42554
3,9.207028,6.905058,5.09773,0.0,4.975323,6.878802,7.805291,11.378496,15.039479,17.182001,21.014112,25.734951,28.618025,28.056492,26.346605,21.952147,20.33767,16.372059,16.088518,12.424054,11.180703,10.529896,10.43809,13.601604,11.5192375,15.8568125,17.964811,18.881367,17.1513,16.977213,16.774881,17.641376,17.084448,22.662073,19.458181,24.203733,25.532064,27.196411,27.328503,22.873339,19.408049,24.373938,21.438206,22.454395,21.707016,22.02562,20.947044,23.07725,21.149483,25.054083,29.182499,29.90971,28.370506,31.818882,33.211086,30.144455,32.534004,30.366005,31.335491,36.018566,33.81844,30.490887,34.026363,32.059586,35.017345,33.912872,37.962387,37.591022,38.1064,36.85994,33.550762,33.010876,32.847572,29.078968,32.3452,29.572998,33.399643,33.749928,36.294285,38.36523,39.941895,35.703976,32.984135,29.421005,25.86842,25.995312,20.456354,19.867735,15.30799,15.935635,15.139416,14.336968,17.591259,16.5766,22.171427,23.489094,25.233057,22.25727,24.482588,20.29725,23.029251,21.297634,24.367413,28.214926,29.018562,27.212196,28.112356,25.398417,28.386717,27.000694
4,11.06916,8.328983,6.40904,4.975323,0.0,3.6792817,6.1945624,8.350401,13.185392,14.0526285,19.224022,22.653736,26.113766,25.730587,23.734158,20.03742,17.424612,13.765859,12.38539,8.663695,6.335623,6.5679355,6.504139,10.373017,9.431237,13.688967,14.711254,15.076737,12.779198,12.120617,12.286466,12.77518,12.968333,18.847609,16.759096,21.065477,23.038603,24.827333,24.329542,20.093216,16.394073,20.403776,17.105118,17.895052,16.762169,17.374891,16.138693,18.679567,16.821432,20.93336,24.894096,25.405016,23.541603,27.155056,28.329319,25.379316,27.83928,25.54175,26.707941,31.458542,29.111528,25.747124,29.108276,27.093012,30.102863,29.087957,33.208534,33.016193,33.750015,32.63706,29.09986,28.557234,28.725185,24.89356,28.41176,25.766115,29.76579,30.344992,32.65099,34.985588,36.053535,31.68588,29.198278,25.828772,22.018602,21.750473,16.578472,15.51971,10.711005,11.978557,11.595643,11.857502,15.467286,15.408388,21.024256,23.131727,24.405737,21.176918,22.714073,17.817945,20.477268,17.70561,20.9758,25.05053,25.673294,23.778168,25.534136,22.399534,25.869123,24.610449
5,13.77208,11.598012,8.589919,6.878802,3.6792817,0.0,5.315426,5.0558734,10.693029,11.43147,16.57542,20.27141,23.313807,23.498245,21.869549,18.213446,15.675067,12.518148,10.862942,8.329169,6.211797,8.67702,8.640882,13.182118,12.402608,16.72919,17.230623,16.59721,14.251526,12.41946,13.648413,12.14176,13.543541,18.132158,16.396187,20.54878,22.344254,24.761372,24.27932,20.369452,17.021784,20.418776,17.640036,17.45554,16.454012,18.318974,16.593609,19.930845,17.563314,22.055716,25.693712,26.26474,23.647106,27.885967,28.398962,25.638813,27.916876,25.000774,26.012585,30.575167,27.829876,24.473965,27.930607,26.211502,29.012377,28.611315,32.029137,32.310863,32.68123,31.081255,27.39957,26.56182,26.266472,22.318932,25.52557,22.738443,26.634457,27.166212,29.686909,32.033005,33.447853,28.991001,26.266064,22.806484,19.119772,19.143349,13.676311,13.194463,9.011716,10.157502,10.707918,10.395924,14.666887,13.643072,19.430943,21.61526,22.400648,18.854664,20.508322,15.463999,18.831446,16.010386,19.99851,24.424576,24.27544,22.041391,23.398676,19.717524,22.992485,21.390564
6,16.431574,13.450474,11.743754,7.805291,6.1945624,5.315426,0.0,6.050023,7.686289,9.922796,13.709274,18.089058,21.184834,20.326456,18.545616,14.287788,12.570991,8.690103,8.918303,6.2253323,7.641945,8.629622,11.903993,15.049344,15.271067,19.024038,19.478975,20.04634,16.738626,15.11505,14.478977,13.027425,12.171633,15.789856,12.469388,17.155075,18.27949,20.58829,20.755053,16.673382,13.767476,18.389404,16.738407,16.806417,17.690704,19.595257,18.905756,22.218231,21.034521,25.278002,28.886234,28.69591,26.024475,29.486418,29.584654,26.099174,27.810507,25.194601,25.43966,29.785894,27.78859,24.647585,29.064184,27.939253,31.206982,31.376637,34.94213,35.780907,36.518753,34.948853,30.796703,29.603098,29.3162,24.920937,27.674559,24.216026,27.747295,27.498358,29.720295,31.376665,32.98502,29.249434,26.682941,23.00293,19.760496,20.526089,14.662318,16.207405,12.470935,14.684747,15.728227,15.658407,19.979437,18.656939,24.504524,26.498127,27.165117,23.467657,25.324219,20.226717,23.91938,20.704084,24.922716,29.423613,29.096312,26.705402,28.16897,23.885307,27.01265,24.84212
7,18.82381,16.57235,13.611173,11.378496,8.350401,5.0558734,6.050023,0.0,6.7728724,6.725211,12.103813,15.576377,18.379198,19.006779,17.689323,14.401715,11.787815,9.635907,7.6874433,7.513661,7.1039724,10.974252,12.302574,16.568033,16.734755,20.669098,20.333693,19.19007,16.249067,13.245388,14.775013,10.861566,13.069184,15.408517,14.2693,17.920221,19.492956,22.613848,22.105238,18.806814,16.13947,18.59092,16.882874,15.476905,15.416657,18.820175,17.082602,21.278038,19.123861,23.766527,26.865599,27.010115,23.452955,27.97589,27.424417,24.655289,26.435232,22.904135,23.434175,27.623768,24.686304,21.473341,25.40177,24.365898,27.133287,27.821037,30.46234,31.681183,31.928812,29.866646,25.692078,24.293396,23.591944,19.236925,21.869307,18.57131,22.224836,22.399988,24.92515,27.092691,28.779943,24.494331,21.655952,18.048216,14.611707,15.270415,9.325838,10.911062,8.327164,10.274463,12.430636,12.23486,16.868362,15.216423,20.77532,23.185694,23.128311,19.193445,20.654594,15.329315,19.470222,15.98136,20.810883,25.58388,24.393568,21.707588,23.053667,18.23489,21.338387,19.060003
8,23.755081,21.023867,18.72953,15.039479,13.185392,10.693029,7.686289,6.7728724,0.0,4.7294745,6.074028,11.481053,13.69032,13.325855,12.364974,8.145029,7.4257174,5.9073577,7.166389,8.9201355,11.743833,14.389046,17.905922,21.232613,22.08352,25.654045,25.22963,24.928799,21.242128,18.324257,18.356174,14.089373,14.2694025,13.659773,11.029547,14.656641,14.870016,18.53656,18.941,16.123383,14.778548,17.756575,18.047117,16.318682,18.619572,22.41422,21.618729,25.882446,24.738165,29.15834,32.06461,31.456093,27.61556,31.446505,30.070213,26.68104,27.573797,24.12849,23.501835,27.042162,24.891039,22.15362,27.221739,27.187454,30.267696,31.961613,34.285282,36.3802,36.834938,34.591602,29.944086,27.999338,27.027084,22.293377,23.87859,19.707174,22.478115,21.378208,23.571856,24.614738,26.939838,23.784262,21.063732,17.194042,14.923158,16.971104,11.06084,15.601611,14.148199,16.668184,19.13464,18.902185,23.56544,21.34575,26.840185,28.95408,28.60998,24.55433,26.279701,21.204603,25.719185,22.100935,27.1662,32.006706,30.372747,27.480509,28.633825,23.166948,25.749256,22.694548
9,25.030529,22.324064,19.971682,17.182001,14.0526285,11.43147,9.922796,6.725211,4.7294745,0.0,7.1687975,8.871049,12.219035,12.606689,11.262368,9.050898,5.8975844,6.2570043,4.7033954,8.351524,10.537672,14.080762,17.224148,20.472675,21.888458,25.095007,23.911922,22.977821,19.19528,15.692232,16.356499,10.80124,12.452041,10.97504,10.756215,13.196305,14.425116,18.2473,17.69689,15.474405,14.097837,15.186105,15.431762,12.791945,14.932374,19.52007,18.527723,23.152336,22.072847,26.41768,28.880074,28.102827,23.818672,27.869862,26.024467,22.94368,23.788975,19.942205,19.457952,22.99307,20.424837,17.636284,22.582382,22.688442,25.701601,27.75014,29.826933,32.24391,32.802746,30.60616,25.750944,23.69796,22.967361,18.131922,19.85822,15.731061,18.749493,17.987423,19.933226,21.482376,23.159441,19.648989,17.123941,13.406111,10.671865,12.467968,6.8364987,11.973485,11.475602,14.443893,17.457811,17.93208,22.436853,20.95381,26.06502,28.694288,27.98768,23.921827,24.942572,19.562246,23.834806,19.494473,24.599646,29.44167,27.516441,24.582623,26.419806,20.642933,23.562405,20.712126
10,29.797369,27.094013,24.728271,21.014112,19.224022,16.57542,13.709274,12.103813,6.074028,7.1687975,0.0,7.916473,8.247406,8.225807,8.737367,5.512417,7.267355,8.917669,10.671164,13.934855,17.068699,19.870989,23.591318,26.771194,27.953722,31.34715,30.53424,29.98411,26.134953,22.814568,22.924763,17.749031,18.098331,14.6576805,12.8160715,14.857359,13.96138,18.333553,19.065783,17.575476,17.588324,19.301765,21.04644,18.44919,21.695114,26.256449,25.600292,30.152416,29.231167,33.567497,36.00311,35.052334,30.655586,34.42503,32.085392,28.795382,28.969976,25.215504,23.810057,26.405237,24.445976,22.30477,27.726244,28.608852,31.488768,34.252453,35.679173,38.65838,38.98011,36.362747,31.473885,29.029543,27.612751,22.867687,23.282015,18.687849,20.386686,18.259098,20.187603,20.285418,23.349321,21.159927,18.52521,14.764728,14.013877,17.117126,12.316388,18.41015,18.42484,20.929739,23.915594,23.652544,28.274443,25.689772,30.765781,32.850067,31.920336,27.819088,29.40442,24.625122,29.388994,25.678284,30.995312,35.883472,33.508373,30.405981,31.339,25.327188,27.349716,23.781527
11,33.713467,30.785955,28.754204,25.734951,22.653736,20.27141,18.089058,15.576377,11.481053,8.871049,7.916473,0.0,5.5984483,5.6836805,5.1546583,7.8976765,6.566866,10.843923,10.910804,15.41133,18.372416,21.35039,25.238409,27.698755,29.918154,32.504135,30.644936,29.785715,25.64419,22.02193,22.089224,16.140621,17.052345,10.922693,12.527375,11.762703,11.837072,16.264517,15.71871,15.9280205,16.74768,15.435851,18.290981,14.645634,18.705753,23.896225,23.634218,28.267763,28.138826,31.961977,33.588436,31.943344,27.104067,30.396975,27.002296,23.965845,23.400255,19.462465,17.430115,19.207464,17.454641,15.938136,21.634941,23.412235,26.305492,30.000597,31.024353,34.821903,35.607235,33.27784,28.004887,25.308487,24.494211,19.781681,19.8709,15.335394,16.590223,14.221672,14.763245,14.806489,16.510366,14.960053,13.40089,10.415995,10.37542,13.361704,11.120426,17.4504,18.709599,21.804502,25.21249,26.017433,30.303951,28.884539,33.462986,36.20709,34.884304,30.843157,31.441395,26.355637,30.553532,25.83164,30.89354,35.596043,32.936245,29.902367,31.997433,25.693464,28.101814,24.90569
12,36.980923,34.305355,31.83111,28.618025,26.113766,23.313807,21.184834,18.379198,13.69032,12.219035,8.247406,5.5984483,0.0,5.478284,8.101549,10.093804,11.063493,14.874495,15.484772,19.808805,22.606188,25.852785,29.365679,32.345978,34.077457,37.077847,35.48746,34.317932,30.443071,26.632372,27.198778,21.046696,22.308773,16.459368,17.177603,16.74569,15.806939,20.335167,20.451687,20.805387,21.819162,20.984344,23.83208,20.146301,23.763388,29.16089,28.521809,33.31651,32.65186,36.68751,38.276875,36.929077,31.872877,35.57076,31.984692,29.268566,28.62859,24.479067,22.406242,23.55325,21.5904,20.427736,25.652071,27.68263,30.05941,34.15488,34.292484,38.38608,38.62447,35.741096,30.673956,27.724186,26.073837,21.671667,20.639761,16.049366,16.117382,12.8004055,13.753378,12.672908,16.25367,15.463092,13.443885,10.643501,12.283004,15.981677,13.992782,20.61824,22.406588,24.901878,28.423132,28.573683,32.896294,30.611008,34.928734,37.318726,35.65188,31.649855,32.52186,28.018234,32.5828,28.495527,33.77888,38.51891,35.313393,32.126114,33.316986,26.89865,28.490482,24.830372
13,36.64045,33.56735,31.747122,28.056492,25.730587,23.498245,20.326456,19.006779,13.325855,12.606689,8.225807,5.6836805,5.478284,0.0,3.7066915,6.731783,8.974373,12.753855,14.583063,18.558228,22.268953,24.621014,29.165495,31.449488,33.598965,36.25881,34.74194,34.462788,30.135572,26.82705,26.184687,20.903637,20.50785,14.09337,13.776005,12.994118,11.083411,15.498595,16.230532,16.869205,18.618158,18.42634,22.045792,19.040684,23.73676,28.473381,28.604357,33.038624,33.173378,36.996647,38.822975,37.0104,32.3945,35.23516,31.865448,28.464514,27.528812,24.127281,21.566856,22.76202,21.968403,20.881294,26.776733,28.785294,31.766542,35.527397,36.58978,40.471863,41.279736,38.886093,33.63293,30.874613,29.846247,25.206457,24.856087,20.25434,20.817635,17.700489,18.025833,16.65223,19.159859,19.008806,17.63986,14.914045,15.678312,18.92315,16.313704,22.772245,23.569725,26.64123,29.898367,30.358978,34.834057,32.900005,37.71708,40.1393,38.90564,34.818188,35.855785,30.936842,35.408028,30.980074,36.14791,40.92031,38.288784,35.2043,36.8775,30.5528,32.622257,29.105623
14,34.664715,31.406984,29.95458,26.346605,23.734158,21.869549,18.545616,17.689323,12.364974,11.262368,8.737367,5.1546583,8.101549,3.7066915,0.0,5.4401693,6.3869877,10.272081,12.116627,15.963451,19.901567,21.875038,26.777739,28.620195,31.103138,33.45137,31.80579,31.859539,27.34861,24.290216,23.127441,18.265995,17.246536,10.597668,10.430726,9.29204,7.7320275,12.238035,12.669003,13.258612,15.094441,14.8310375,18.62437,15.898585,20.994316,25.387348,25.877718,30.100183,30.666126,34.302647,36.18335,34.153038,29.789024,32.231316,29.06469,25.380346,24.458054,21.386755,18.807276,20.39186,19.954332,18.700033,24.832764,26.641438,29.95586,33.37896,35.05845,38.695568,39.863956,37.847893,32.52069,29.959974,29.442194,24.686771,24.977678,20.475298,21.639894,19.013275,19.16404,18.379892,19.901001,19.370573,18.26222,15.503084,15.42445,18.150387,15.404032,21.44613,21.766687,25.182936,28.28408,29.134071,33.560364,32.16103,37.13698,39.74222,38.749687,34.65905,35.558983,30.329304,34.54952,29.795542,34.77041,39.48523,37.24775,34.286415,36.474773,30.279638,32.8031,29.565302
15,30.681473,27.479925,25.984703,21.952147,20.03742,18.213446,14.287788,14.401715,8.145029,9.050898,5.512417,7.8976765,10.093804,6.731783,5.4401693,0.0,5.0510507,6.965707,10.200171,13.20147,17.406164,19.127508,24.080566,26.257574,28.170607,30.95924,29.972912,30.316044,25.938742,23.13426,21.88421,17.596746,16.115875,11.698559,8.813786,10.449811,8.71705,13.009397,14.231013,13.022335,13.941872,16.05332,18.76922,16.785336,21.279015,25.215189,25.476252,29.621965,29.741407,33.689857,36.14722,34.567192,30.543491,33.3154,30.979313,27.102444,26.849339,23.842018,21.896608,24.362413,23.513914,21.621391,27.602886,28.676327,32.0734,34.74983,36.89504,39.891354,40.853138,38.762215,33.635075,31.293144,30.56219,25.686966,26.452475,21.875565,23.623869,21.344854,22.40557,22.078726,24.240805,22.816164,20.95473,17.539211,16.666567,19.364594,15.008258,20.794474,20.16564,23.368263,26.13719,26.503633,31.09953,29.245739,34.574127,36.849327,36.21951,32.117702,33.54031,28.372944,32.80756,28.540323,33.59954,38.41496,36.5133,33.55496,35.2444,29.29426,31.791876,28.479582
16,28.401491,25.178614,23.707655,20.33767,17.424612,15.675067,12.570991,11.787815,7.4257174,5.8975844,7.267355,6.566866,11.063493,8.974373,6.3869877,5.0510507,0.0,4.401857,5.8294716,9.661686,13.561203,15.679327,20.429579,22.48655,24.768303,27.297106,25.857042,25.906845,21.474136,18.502752,17.455397,12.737915,11.869047,7.4482193,6.5485687,8.031653,8.614823,12.703108,12.49847,10.976444,11.03575,12.051288,14.249222,11.890096,16.253094,20.396912,20.596424,24.832066,25.04908,28.900846,31.207375,29.579987,25.49631,28.360939,26.072668,22.302216,22.313793,19.134687,17.586296,20.61384,19.371738,17.138836,23.009098,23.80917,27.311625,29.7733,32.199566,35.039303,36.200413,34.379143,29.216768,27.041233,26.771688,21.8767,23.251173,18.924782,21.295319,19.719456,20.679712,21.259928,22.482777,20.281597,18.586388,15.254252,13.462607,15.484928,11.321814,16.611979,15.986029,19.519339,22.35664,23.29822,27.726223,26.635265,31.83012,34.49185,33.869762,29.811325,30.762264,25.297482,29.356245,24.62231,29.487139,34.21674,32.482353,29.636559,31.96891,26.11113,29.081808,26.181807
17,24.516293,21.167992,20.005173,16.372059,13.765859,12.518148,8.690103,9.635907,5.9073577,6.2570043,8.917669,10.843923,14.874495,12.753855,10.272081,6.965707,4.401857,0.0,4.4650574,6.289898,10.783068,12.17089,17.332384,19.295166,21.334723,23.998928,23.06674,23.675436,19.270315,16.863047,15.256698,11.835598,9.836916,8.6622505,5.1777124,9.186055,10.017208,13.165048,13.296555,10.239626,9.062731,12.424724,13.387883,12.292696,15.990746,19.180489,19.462067,23.32978,23.491865,27.403227,30.22046,28.843138,25.351816,28.112309,26.726519,22.737984,23.303032,20.590637,19.606377,23.255531,22.057741,19.460281,25.01826,25.110216,28.761387,30.346758,33.4788,35.609947,36.832443,35.2398,30.310627,28.493744,28.390411,23.546686,25.545761,21.442371,24.312998,23.163975,24.486607,25.38014,26.609997,23.960382,22.044611,18.549593,16.090939,17.59734,12.568737,16.690958,14.737992,18.233671,20.520815,21.359486,25.802656,24.806107,30.322697,32.81907,32.679985,28.692205,29.934092,24.422112,28.353226,23.89506,28.551886,33.23541,32.09876,29.409521,31.66142,26.250568,29.419159,26.740088
18,23.367239,20.24434,18.742483,16.088518,12.38539,10.862942,8.918303,7.6874433,7.166389,4.7033954,10.671164,10.910804,15.484772,14.583063,12.116627,10.200171,5.8294716,4.4650574,0.0,4.610719,7.7950535,10.461708,14.692902,16.994276,19.170744,21.785267,20.359634,20.193014,15.892791,12.937262,12.303246,7.660711,7.7899494,7.7538605,7.6236415,10.421631,12.64205,15.644941,14.638125,11.8462925,9.802595,11.292971,11.044085,9.232554,11.942595,15.744531,15.499088,19.736048,19.553377,23.569092,26.202282,25.005846,21.238537,24.536638,23.150599,19.567226,20.55584,17.392408,17.067822,21.126116,19.187695,16.245394,21.33757,21.082571,24.622507,26.055407,29.172321,31.185776,32.379593,30.858234,25.963062,24.27469,24.410542,19.642765,22.108644,18.36209,21.692753,21.221432,22.607096,24.256771,24.963554,21.584724,19.683235,16.361206,13.188998,13.96887,9.149341,12.493012,10.691115,14.42837,16.937145,18.245197,22.520758,22.109207,27.350182,30.190077,29.91248,25.988356,26.759527,21.07962,24.715658,19.894936,24.472511,29.126083,27.949783,25.311554,27.996756,22.655935,26.130812,23.812641
19,19.315378,15.968502,15.049114,12.424054,8.663695,8.329169,6.2253323,7.513661,8.9201355,8.351524,13.934855,15.41133,19.808805,18.558228,15.963451,13.20147,9.661686,6.289898,4.610719,0.0,4.8498445,6.115431,11.141522,13.107835,15.183062,17.82397,16.934137,17.586168,13.302057,11.364953,9.751626,7.798768,6.1719394,10.279939,8.600606,12.496681,14.80485,16.84176,16.02343,12.189358,8.918419,12.405649,10.612303,10.6945505,12.286309,14.417532,14.403359,17.933605,17.85197,21.779064,24.988926,24.035618,21.16023,24.103527,23.830732,20.086945,21.635872,19.22459,19.448032,23.92549,22.247536,19.146475,23.735664,22.748175,26.393408,26.764917,30.718767,31.883934,33.241325,32.11906,27.579268,26.368528,26.815004,22.294144,25.332684,21.962175,25.60477,25.471874,27.010227,28.823626,29.416805,25.837307,23.91109,20.613941,17.126421,17.349825,12.417371,13.88479,10.384907,13.92958,15.497198,16.89395,20.98368,21.017542,26.494593,29.187212,29.508753,25.776098,26.744799,21.104504,24.326115,19.844418,23.911276,28.367672,28.0273,25.688776,28.41749,23.781403,27.466133,25.541115
20,16.451002,13.600663,12.193835,11.180703,6.335623,6.211797,7.641945,7.1039724,11.743833,10.537672,17.068699,18.372416,22.606188,22.268953,19.901567,17.406164,13.561203,10.783068,7.7950535,4.8498445,0.0,4.8446136,6.915806,10.033742,11.557171,14.572141,13.641681,13.328173,9.630702,7.502191,7.829148,6.461329,7.9261646,13.534111,13.263551,16.616554,19.357517,21.314396,20.018875,16.351995,12.712713,14.996743,11.607588,11.742677,10.690667,12.415114,11.282888,14.837686,13.694681,17.935686,21.352863,21.127,18.456831,22.143059,22.556778,19.532,21.831228,19.261427,20.442915,25.205061,22.808256,19.44681,22.945618,21.168804,24.444592,24.00478,28.122515,28.591652,29.745594,28.755896,24.643656,23.873417,24.499363,20.399286,24.041101,21.35844,25.41677,26.059507,27.871248,30.351309,30.72319,26.428196,24.376194,21.298206,17.311968,16.663128,12.159528,11.225577,6.6401415,9.824683,10.868515,12.690919,16.463032,17.26131,22.498058,25.382715,25.88036,22.3842,23.042402,17.432634,20.10044,15.718773,19.404902,23.74742,23.794058,21.681417,24.598137,20.601528,24.538946,23.225111
21,14.879565,11.387406,11.717647,10.529896,6.5679355,8.67702,8.629622,10.974252,14.389046,14.080762,19.870989,21.35039,25.852785,24.621014,21.875038,19.127508,15.679327,12.17089,10.461708,6.115431,4.8446136,0.0,6.561592,7.241849,9.598319,11.841044,11.4514065,13.223142,9.283489,9.389381,6.705625,9.325762,7.3114214,14.602716,13.242786,16.900602,19.604248,20.585394,19.49016,15.300278,11.234544,14.976524,11.200817,13.141846,12.699941,12.256541,12.443653,14.572925,14.700227,18.168293,21.9655,21.399181,19.870096,22.290337,23.529669,20.008856,22.337164,20.843319,21.939919,26.791231,25.22365,22.0126,25.599028,23.663624,27.252262,26.189182,31.139692,31.147493,32.78156,32.34197,28.383856,27.874094,28.904915,24.905727,28.65508,25.969042,29.971891,30.43285,31.99736,34.22505,34.355766,30.416752,28.627234,25.578478,21.7011,21.058958,16.730352,15.835026,11.094083,13.916609,13.983982,15.901875,19.140566,20.425154,25.669556,28.324656,29.336287,26.071854,26.870253,21.477442,23.656029,19.569324,22.510036,26.414639,27.271027,25.501295,28.595312,25.088287,29.06718,27.904106
22,11.324257,9.180757,8.58412,10.43809,6.504139,8.640882,11.903993,12.302574,17.905922,17.224148,23.591318,25.238409,29.365679,29.165495,26.777739,24.080566,20.429579,17.332384,14.692902,11.141522,6.915806,6.561592,0.0,5.3261304,4.945951,8.561515,8.772159,8.615918,6.9970536,7.7372313,8.707148,11.30831,12.561926,19.6606,19.302166,22.695187,25.59736,26.904371,25.508547,21.585249,17.536877,20.015423,15.39462,16.749237,13.752315,12.85276,11.272215,12.874759,10.855662,14.638898,18.770489,19.59519,18.53763,21.992853,24.075644,21.722813,24.784464,22.979954,24.997164,29.950813,27.496195,24.11107,26.351349,23.582266,26.43915,24.337143,29.202087,28.18737,29.338366,29.001896,25.86711,25.961294,27.015793,23.755753,27.968336,26.140455,30.431442,31.694445,33.65336,36.539085,36.65081,31.96448,29.944178,27.127512,22.943142,21.578867,17.81293,14.597577,9.541143,10.543112,9.0211115,11.188837,13.428512,15.850138,20.504307,23.218102,24.594244,21.849443,22.325682,17.433956,18.605354,15.320584,17.30815,20.825542,22.397251,21.081524,24.063591,21.773466,25.788713,25.451706
23,12.944142,10.415057,12.015434,13.601604,10.373017,13.182118,15.049344,16.568033,21.232613,20.472675,26.771194,27.698755,32.345978,31.449488,28.620195,26.257574,22.48655,19.295166,16.994276,13.107835,10.033742,7.241849,5.3261304,0.0,4.815814,4.8492417,4.6328425,7.974211,5.9569764,9.231002,7.348807,12.943216,12.303538,20.187153,19.911434,22.90157,26.067446,26.477226,24.86446,20.963007,16.843342,19.33254,14.282891,16.982397,14.283757,11.1520405,11.149664,10.844683,11.048415,13.36238,17.629622,17.790865,18.055641,19.918695,22.87589,20.232996,23.36487,22.703176,24.798807,29.775187,28.097513,24.917269,27.028465,24.105265,27.293201,24.588537,30.390469,29.015608,30.922354,31.35836,28.266506,28.606428,30.328358,27.154339,31.51808,29.747957,34.00877,35.186104,36.698357,39.462784,38.9838,34.63393,33.07575,30.456337,26.294123,24.729013,21.473015,18.407366,13.59552,15.159424,13.617746,16.250177,17.821945,20.92292,25.210846,27.925411,29.480846,26.944645,27.163965,22.357986,22.964518,19.429,20.6077,23.484348,25.740303,24.79685,28.441961,26.369974,30.556099,30.373896
24,8.571338,7.013443,8.443891,11.5192375,9.431237,12.402608,15.271067,16.734755,22.08352,21.888458,27.953722,29.918154,34.077457,33.598965,31.103138,28.170607,24.768303,21.334723,19.170744,15.183062,11.557171,9.598319,4.945951,4.815814,0.0,4.840841,7.3979897,8.990155,9.112083,11.630194,11.568135,15.814604,16.03253,23.671307,22.839325,26.361599,29.198238,29.973307,28.70794,24.582668,20.443794,23.452349,18.587648,20.744295,17.669249,15.295131,14.2673025,14.180388,12.618978,15.225465,19.628016,20.79856,21.046669,23.675526,26.726427,24.49205,27.734753,26.62272,28.802904,33.792515,31.648458,28.336508,30.241255,27.157326,29.92331,27.00819,32.360035,30.565128,31.85871,32.004093,29.398466,29.88108,31.159975,28.231947,32.573757,30.960157,35.277237,36.622044,38.57728,41.472103,41.487957,36.81376,34.85401,32.07057,27.878157,26.413862,22.752707,19.277441,14.331844,14.719192,12.295475,14.065604,15.11981,18.08539,22.220339,24.514036,26.532486,24.329718,24.878365,20.660028,21.031511,18.657478,19.515797,22.196817,24.77343,23.990177,26.822258,25.465319,29.353765,29.37963
25,12.079774,10.664686,13.101478,15.8568125,13.688967,16.72919,19.024038,20.669098,25.654045,25.095007,31.34715,32.504135,37.077847,36.25881,33.45137,30.95924,27.297106,23.998928,21.785267,17.82397,14.572141,11.841044,8.561515,4.8492417,4.840841,0.0,4.382955,8.410365,9.052417,12.941217,11.7585335,17.500525,17.035192,24.951904,24.586546,27.590168,30.729273,30.885572,29.30281,25.390972,21.302422,23.803568,18.629019,21.520403,18.297636,14.385243,14.247227,12.4925995,12.438878,13.5427685,17.877329,18.731327,20.217924,21.61791,25.485624,23.371347,26.72863,26.490505,28.889067,33.82741,32.15396,29.031689,30.510084,27.1987,30.044304,26.48715,32.53373,30.289297,32.176853,33.04003,30.608868,31.392273,33.279587,30.567295,35.099876,33.7108,38.038895,39.474926,41.06938,44.00497,43.43842,38.925373,37.36521,34.843155,30.62062,28.828197,25.79377,22.071001,17.369253,18.091532,15.705596,18.109406,18.580727,22.314339,25.948858,28.384604,30.417202,28.428186,28.54772,24.38669,24.147772,21.469093,21.54422,23.57233,26.744827,26.343027,29.866358,28.774466,32.85542,33.14393
26,15.745192,13.988263,15.658477,17.964811,14.711254,17.230623,19.478975,20.333693,25.22963,23.911922,30.53424,30.644936,35.48746,34.74194,31.80579,29.972912,25.857042,23.06674,20.359634,16.934137,13.641681,11.4514065,8.772159,4.6328425,7.3979897,4.382955,0.0,5.801986,5.7805777,10.181407,8.943896,14.952473,14.966333,22.616354,23.285862,25.624294,29.14593,29.293953,27.222342,23.744987,19.7726,21.065067,15.649439,18.488724,14.840276,10.357514,10.489925,8.184932,9.20283,9.949407,14.179973,14.530848,16.063282,17.244534,21.148315,19.200891,22.669535,22.585493,25.207996,30.085491,28.446743,25.435886,26.580551,23.204014,26.120886,22.52689,28.827183,26.754911,29.033527,30.154354,27.526136,28.339405,30.626537,27.985924,32.58864,31.378147,35.66588,37.21078,38.49113,41.52411,40.480022,36.04519,34.81426,32.59191,28.384089,26.282656,23.969576,20.044617,15.788719,16.97539,15.106745,18.265408,18.86837,22.9846,26.484438,29.386122,30.945757,28.7859,28.425104,23.926521,23.607752,20.090755,20.164576,22.256113,25.171036,24.740345,28.992523,27.560343,31.86385,32.205643
27,16.876377,15.875622,15.934663,18.881367,15.076737,16.59721,20.04634,19.19007,24.928799,22.977821,29.98411,29.785715,34.317932,34.462788,31.859539,30.316044,25.906845,23.675436,20.193014,17.586168,13.328173,13.223142,8.615918,7.974211,8.990155,8.410365,5.801986,0.0,4.9615517,7.806969,10.17251,13.827286,16.345596,23.166595,24.757433,26.876225,30.536074,31.427645,29.102327,25.945799,22.0628,22.254074,16.849539,18.341858,13.242475,10.291867,8.117248,6.9370613,4.2040977,6.3815036,10.713939,12.457952,13.055153,16.213861,19.673676,18.797796,22.527145,21.45988,24.557064,29.351797,26.761559,23.651993,23.916454,20.183716,22.428762,18.608416,24.351662,22.003073,23.780785,24.717619,22.450476,23.529104,25.780998,23.658073,28.398806,27.79592,32.129047,34.185905,35.651096,39.116375,38.074238,33.16996,31.828419,29.884573,25.627583,23.081202,21.487677,16.3868,12.85402,13.097767,11.014655,14.608151,14.554443,19.33746,22.127115,25.366354,26.574375,24.61084,23.683102,19.424461,18.49759,14.982038,14.509597,16.560286,19.430264,19.16022,23.668093,22.66878,26.972778,27.773808
28,17.412903,15.339077,15.510608,17.1513,12.779198,14.251526,16.738626,16.249067,21.242128,19.19528,26.134953,25.64419,30.443071,30.135572,27.34861,25.938742,21.474136,19.270315,15.892791,13.302057,9.630702,9.283489,6.9970536,5.9569764,9.112083,9.052417,5.7805777,4.9615517,0.0,4.461357,5.227865,9.600507,11.415446,18.364952,19.950943,21.966038,25.653477,26.474396,24.15002,21.000946,17.15872,17.405672,12.023095,13.772444,9.456204,6.563358,5.3248553,5.936465,5.8989754,8.886561,12.76125,12.800704,12.243517,15.051046,17.646902,15.674771,19.11866,17.998764,20.658804,25.5884,23.387331,20.219227,21.554764,18.365763,21.396152,18.67651,24.463327,23.279915,25.361414,25.929071,22.703596,23.14638,25.297176,22.396965,26.936441,25.65443,29.921541,31.4964,32.752583,35.875324,34.848396,30.306023,29.058475,26.917978,22.71018,20.517227,18.50131,14.540166,10.636214,12.412724,11.532737,15.158748,16.554243,20.284098,24.017128,27.3211,28.221437,25.635246,25.07411,20.055214,20.330927,15.849852,16.929176,19.891125,21.704126,20.751139,25.266598,22.985146,27.404324,27.49301
29,18.971415,16.879812,15.91082,16.977213,12.120617,12.41946,15.11505,13.245388,18.324257,15.692232,22.814568,22.02193,26.632372,26.82705,24.290216,23.13426,18.502752,16.863047,12.937262,11.364953,7.502191,9.389381,7.7372313,9.231002,11.630194,12.941217,10.181407,7.806969,4.461357,0.0,5.9145155,6.129544,10.313008,16.018427,18.211765,20.048695,23.68798,25.19773,22.836945,19.982094,16.414007,15.959215,11.149948,11.357263,6.57517,7.1353436,4.2253313,8.1766405,6.6353593,10.842097,13.926109,13.936293,11.427354,15.683975,16.83966,14.968753,18.136963,15.854828,18.383865,23.257965,20.424807,17.085398,18.710459,15.849073,18.84064,17.183674,22.095552,21.7847,23.44417,23.320219,19.585955,19.58954,21.393803,18.179209,22.623901,21.210918,25.487053,27.085653,28.447462,31.658054,30.827394,26.114223,24.709433,22.554575,18.322527,16.113651,14.193765,10.175367,6.65564,9.059674,9.417547,13.086004,15.216512,18.274061,22.157007,25.663761,26.017162,23.094292,22.462193,17.085062,18.035112,12.880573,15.097465,18.80929,19.504965,18.01466,22.47913,19.40878,23.845762,23.650066
30,19.230267,16.268963,16.702597,16.774881,12.286466,13.648413,14.478977,14.775013,18.356174,16.356499,22.924763,22.089224,27.198778,26.184687,23.127441,21.88421,17.455397,15.256698,12.303246,9.751626,7.829148,6.705625,8.707148,7.348807,11.568135,11.7585335,8.943896,10.17251,5.227865,5.9145155,0.0,6.9840274,6.3933268,13.706604,15.125165,16.989424,20.69861,21.29119,18.994522,15.80529,12.008395,12.535697,7.2498293,9.772895,7.7346287,5.5770297,6.8220916,8.6374035,10.478386,13.16726,16.422556,15.099147,13.749694,15.599866,17.095638,13.787591,16.577005,15.617828,17.480883,22.456776,20.967129,17.87651,20.56641,18.22773,21.969128,20.464758,26.07837,25.973862,28.303734,28.581951,24.610899,24.427376,26.406355,22.814213,26.936966,24.905432,28.953852,29.887215,30.847013,33.463226,32.45868,28.492651,27.40828,25.069227,21.082897,19.476784,16.986807,14.879083,11.072506,14.202504,14.436844,17.659882,20.101976,22.777967,27.201845,30.439575,31.103895,28.04354,27.865559,22.389486,23.668684,18.696362,20.865467,24.329273,25.374353,23.928566,28.278294,24.949604,29.31236,28.69165
31,22.22498,19.482082,18.295992,17.641376,12.77518,12.14176,13.027425,10.861566,14.089373,10.80124,17.749031,16.140621,21.046696,20.903637,18.265995,17.596746,12.737915,11.835598,7.660711,7.798768,6.461329,9.325762,11.30831,12.943216,15.814604,17.500525,14.952473,13.827286,9.600507,6.129544,6.9840274,0.0,6.607541,10.200295,13.037804,14.422222,18.013248,19.981577,17.643692,15.187565,12.218061,11.126338,7.7737594,6.274249,4.752013,8.838824,7.935601,12.492336,12.420221,16.199276,18.58167,17.45233,13.739956,17.464518,16.761663,13.838473,15.947805,12.897803,14.313787,19.106926,16.520174,13.143077,16.617287,15.112712,18.710829,19.016533,23.066904,24.320871,25.988382,25.246725,20.601213,19.633324,20.953178,16.81157,20.528957,18.100306,22.075777,22.912704,23.99779,26.708017,26.04539,21.849903,20.517347,18.097237,14.101248,12.69153,10.224544,9.237353,6.9900317,10.995986,13.036602,15.849744,19.124949,20.673243,25.133621,28.548038,28.387547,24.909258,24.659664,18.904554,21.16964,15.624542,19.200418,23.421011,22.906548,20.76201,24.803583,20.315191,24.500202,23.3375
32,22.17338,18.679756,18.806887,17.084448,12.968333,13.543541,12.171633,13.069184,14.2694025,12.452041,18.098331,17.052345,22.308773,20.50785,17.246536,16.115875,11.869047,9.836916,7.7899494,6.1719394,7.9261646,7.3114214,12.561926,12.303538,16.03253,17.035192,14.966333,16.345596,11.415446,10.313008,6.3933268,6.607541,0.0,7.9839907,8.811265,10.753337,14.32252,15.144474,13.126536,9.755497,6.1165547,7.6863337,4.653182,6.664501,9.138868,10.022205,11.627128,14.456175,16.227016,19.201057,21.99555,20.066278,17.654352,19.247967,19.060884,14.797057,16.264349,14.881494,15.242213,19.931906,19.097357,16.21312,20.64891,19.599222,23.706944,23.809553,28.588615,29.719175,31.913462,31.575712,26.933075,25.973013,27.387695,23.100258,26.449675,23.495426,27.108414,27.162703,27.9043,29.796648,29.171656,25.945702,24.880278,22.22967,18.747541,18.193794,14.992595,15.575089,12.502041,16.434025,17.782246,20.282747,23.71045,25.03806,30.046263,33.129642,33.43373,29.894337,30.185028,24.431553,26.838957,21.659943,24.977642,29.004179,29.091276,27.082827,30.925676,26.5033,30.576664,29.096704
33,29.209845,25.74845,25.183884,22.662073,18.847609,18.132158,15.789856,15.408517,13.659773,10.97504,14.6576805,10.922693,16.459368,14.09337,10.597668,11.698559,7.4482193,8.6622505,7.7538605,10.279939,13.534111,14.602716,19.6606,20.187153,23.671307,24.951904,22.616354,23.166595,18.364952,16.018427,13.706604,10.200295,7.9839907,0.0,6.4025726,4.614447,8.5445795,10.606344,8.136934,7.3555384,7.410892,4.720517,8.110917,6.061284,11.995457,15.334093,16.723518,20.312836,22.00864,24.989954,26.869663,24.381268,20.733974,22.298468,19.941864,15.669509,15.360447,13.109535,11.434429,15.012299,14.816371,12.692444,18.630121,19.341167,23.408098,25.508139,28.914478,31.590908,33.661774,32.768543,27.541584,25.7641,26.739824,22.139853,24.28024,20.70046,23.386887,22.494501,22.493765,23.553114,22.83581,20.768337,20.222002,17.834957,15.517289,16.013361,13.769869,17.080395,16.185213,20.252697,22.729944,24.851303,28.70612,29.13988,34.04269,37.183723,36.746838,32.903225,33.135193,27.389198,30.495043,25.003195,29.059937,33.36473,32.258934,29.815182,33.44984,28.018135,31.645172,29.4864
34,26.896229,23.21222,22.971117,19.458181,16.759096,16.396187,12.469388,14.2693,11.029547,10.756215,12.8160715,12.527375,17.177603,13.776005,10.430726,8.813786,6.5485687,5.1777124,7.6236415,8.600606,13.263551,13.242786,19.302166,19.911434,22.839325,24.586546,23.285862,24.757433,19.950943,18.211765,15.125165,13.037804,8.811265,6.4025726,0.0,5.054292,6.416057,8.421264,8.443806,5.103098,5.1417747,9.068168,11.373637,11.2420225,16.24278,18.562887,19.95556,23.208662,24.603186,27.890781,30.524694,28.426239,25.374823,26.921362,25.478746,20.957264,20.99293,19.25201,17.742657,21.177725,21.1813,18.98109,24.826178,25.161116,29.19911,30.751738,34.437008,36.6399,38.472115,37.393646,32.325832,30.604149,31.103163,26.315369,28.410717,24.429707,27.137306,25.842854,26.437098,27.006332,27.41289,25.468431,24.272875,21.222048,18.974903,20.145838,16.150917,19.863276,17.81551,21.685684,23.756033,25.199364,29.390568,29.10339,34.561478,37.23238,37.210903,33.290142,34.26605,28.600927,32.130375,27.249071,31.517096,35.990772,35.197594,32.686237,35.59333,30.261803,33.688225,31.202772
35,31.266216,27.593954,27.37428,24.203733,21.065477,20.54878,17.155075,17.920221,14.656641,13.196305,14.857359,11.762703,16.74569,12.994118,9.29204,10.449811,8.031653,9.186055,10.421631,12.496681,16.616554,16.900602,22.695187,22.90157,26.361599,27.590168,25.624294,26.876225,21.966038,20.048695,16.989424,14.422222,10.753337,4.614447,5.054292,0.0,4.2896347,6.100542,4.5265884,4.609491,7.116395,6.7721233,11.266633,10.419889,16.427677,19.073929,20.887169,24.097559,26.11129,28.981335,31.006111,28.325424,25.028387,25.962431,23.66412,19.116594,18.275936,16.796782,14.4449,17.148508,18.025225,16.468319,22.576384,23.617523,27.708801,29.918022,33.331173,36.11076,38.247818,37.32866,32.066727,30.183796,30.972868,26.2985,28.048914,24.173004,26.437696,24.931036,24.750744,25.004112,24.632942,23.46731,23.007914,20.547186,18.848412,19.944422,17.322609,21.288122,20.145685,24.180748,26.555374,28.39352,32.434864,32.484825,37.652184,40.584213,40.248528,36.31867,36.884975,31.169687,34.53289,29.221584,33.39209,37.752434,36.688587,34.187572,37.551155,31.997808,35.44419,32.99103
36,33.247124,29.553963,29.2596,25.532064,23.038603,22.344254,18.27949,19.492956,14.870016,14.425116,13.96138,11.837072,15.806939,11.083411,7.7320275,8.71705,8.614823,10.017208,12.64205,14.80485,19.357517,19.604248,25.59736,26.067446,29.198238,30.729273,29.14593,30.536074,25.653477,23.68798,20.69861,18.013248,14.32252,8.5445795,6.416057,4.2896347,0.0,4.5934896,5.9968147,6.648263,9.866794,11.008633,15.422151,14.552366,20.450712,23.207926,24.880375,28.17134,29.95312,33.0095,35.163166,32.579224,29.219187,30.249691,27.851831,23.344044,22.302362,20.773544,18.114208,20.176765,21.234028,19.940266,26.186867,27.510172,31.475016,33.968044,37.047424,40.034176,41.96897,40.765465,35.457813,33.371475,33.743607,28.970093,30.240864,26.048374,27.889956,25.814922,25.674583,25.221367,25.545622,25.004568,24.39169,21.780506,20.682743,22.430693,19.410168,24.151863,23.088083,26.979965,29.437813,30.844131,35.11383,34.556667,39.890358,42.582577,42.206467,38.185005,39.09068,33.496277,37.236084,32.18317,36.63554,41.144737,39.869286,37.21806,40.115654,34.359245,37.50089,34.690254
