,0,1,2,3,4,5,6,7,8,9,10,11,12,13,14,15,16,17,18,19,20,21,22,23,24,25,26,27,28,29,30,31,32,33,34,35,36,37,38,39,40,41,42,43,44,45,46,47,48,49,50,51,52,53,54,55,56,57,58,59,60,61,62,63,64,65,66,67,68,69,70,71,72,73,74,75,76,77,78,79,80,81,82,83,84,85,86,87,88,89,90,91,92,93,94,95,96,97,98,99,100,101,102,103,104,105,106,107,108,109,110,111,112,113,114,115,116,117,118,119,120,121,122,123,124,125,126,127,128,129,130,131,132,133,134,135,136,137,138,139,140,141,142,143,144,145,146,147,148,149,150,151,152,153,154,155,156,157,158,159,160,161,162,163,164,165,166,167,168,169,170,171,172,173,174,175,176,177,178,179,180,181,182,183,184,185,186,187,188,189,190,191,192,193,194,195,196,197,198,199,200,201,202,203,204,205,206,207,208,209,210
0,0.0,3.298277,6.512134,9.998763,13.395798,16.95078,18.793142,23.27606,24.618004,28.06338,30.886444,33.25481,34.510914,32.79236,32.23573,26.638212,26.207005,22.414297,23.255919,17.843307,15.857895,16.466436,15.277638,11.712742,12.556144,13.663702,17.90994,20.360493,23.569063,26.38714,30.150375,33.192574,36.38499,39.76369,37.792168,34.21757,36.984924,41.206497,38.406662,35.918446,40.72073,42.54553,38.758133,39.782516,44.383316,44.03096,40.733116,44.033115,47.713604,48.49068,47.43241,46.39169,51.691303,50.90829,48.82109,46.173756,42.412148,41.834785,46.885178,46.561195,39.277374,42.4512,40.835285,45.266968,44.15939,39.846024,39.095734,36.160492,34.170036,36.084145,33.49456,30.606678,29.911367,30.309628,32.827667,34.093136,34.961708,37.347702,37.524055,40.43505,39.99251,42.76994,39.16336,37.05456,36.018993,34.738213,31.818256,30.761877,27.564371,28.364424,24.737013,28.356808,24.510963,25.27496,27.139643,28.524939,25.879179,28.326885,22.40399,24.2214,20.710793,20.999771,19.666998,22.19983,24.94897,24.869385,27.068098,31.198292,32.077396,36.134377,37.637142,36.09023,36.381996,29.683685,30.590391,27.692396,26.504086,24.200682,23.336489,24.722677,21.878862,25.178316,27.462261,26.393114,29.083788,28.174297,29.672302,31.95326,31.387579,37.066956,33.457176,39.84871,41.45189,38.583794,34.14178,35.15326,38.87202,34.750248,31.36346,34.903736,35.893284,31.422972,30.400108,35.189484,33.89818,27.598042,30.96246,34.67234,36.749718,38.0618,33.79897,39.830166,41.377533,39.32789,38.024708,34.83798,36.689606,41.374992,40.07375,35.732403,40.423275,40.769104,44.80851,42.039215,38.378876,40.40848,38.411022,34.12972,36.559357,36.578068,33.600925,30.592606,32.92325,32.38863,33.80789,31.235317,31.154076,28.828392,29.20078,26.048159,25.928112,22.517895,23.320778,25.888054,23.822706,26.66876,27.549648,27.518044,30.560163,29.820919,33.918293,31.849125,34.44347,31.054375,28.055204,27.177107,27.588917,22.882442,23.722334,21.159885,20.808805,19.77705,17.476227,17.280014,16.007849,16.772196,19.156647,22.722635,22.55028,26.82565,27.47716
1,3.298277,0.0,3.5590568,7.0920973,10.783648,14.612713,16.64292,21.153606,22.854982,25.965187,29.066547,31.197166,32.738583,31.039074,31.117388,25.465563,25.47058,21.863707,23.186275,18.14632,16.26563,17.534708,16.448433,12.09547,12.907591,13.237974,17.316174,19.63848,22.46364,25.524933,28.696255,32.337757,35.100037,38.77473,37.138638,33.45185,35.903706,40.385174,37.804703,35.136375,39.70875,42.038975,38.270588,38.92414,43.557465,43.70597,40.181583,43.197258,47.093483,47.6665,46.922028,46.092937,51.355526,50.535267,48.76365,46.39316,42.422733,42.14103,47.145775,46.375896,39.2106,42.587833,41.07602,45.441593,43.9771,39.59927,39.12729,36.03808,34.021435,36.440865,33.864864,30.657877,30.061062,31.06089,33.269093,34.97069,35.65414,37.65954,38.058475,40.566113,40.06024,42.78173,38.917744,36.929012,35.853046,34.981102,31.916765,31.452087,28.298325,29.422482,25.960627,29.791122,26.230959,26.995178,29.246794,30.66461,28.122753,30.273287,24.564373,25.891077,22.158005,22.386139,20.390465,22.517029,25.119,24.482489,26.095846,30.334623,30.766323,34.91083,36.200058,34.404594,34.900806,28.060072,29.595388,26.79746,26.05868,23.892134,23.699,25.410831,22.806524,26.389479,28.524279,27.335032,29.806097,28.3841,29.670132,31.569567,30.901346,36.19173,32.37988,38.63453,39.864853,36.966515,32.57598,33.420063,36.90139,32.727226,29.384932,32.705036,33.515194,29.104046,27.92482,32.594852,31.222273,24.783861,28.097261,31.727928,33.912296,35.360195,30.904783,36.906097,38.60411,36.606953,35.501812,32.40252,34.462288,38.988388,37.57798,33.635193,38.412876,39.01674,42.92614,39.9873,36.48349,38.868004,37.068874,32.560905,34.97271,35.40707,32.56413,29.22648,31.718636,30.734983,32.2342,29.428764,28.986895,26.563549,26.581385,23.279547,22.92309,19.55463,20.650427,23.482756,21.499254,24.776638,26.036858,26.391891,29.635578,29.316555,33.457916,31.78109,34.465572,31.319643,28.193338,27.025026,27.019388,22.429106,22.563543,20.043686,19.123646,17.913465,14.986637,14.40662,13.498574,14.647953,17.291847,20.971481,21.428814,25.46573,26.63621
2,6.512134,3.5590568,0.0,4.016476,7.656975,11.715737,13.394932,18.097322,19.842716,22.769987,25.992607,27.928667,29.583698,27.848265,28.394913,22.715395,23.054327,19.693699,21.426558,16.88998,15.235115,17.171293,16.491505,11.334177,11.969221,11.476191,15.199434,17.34208,19.772116,23.019575,25.683773,29.754251,32.193367,36.081474,34.758778,31.058487,33.26019,37.914047,35.608448,32.862953,37.21469,39.978786,36.322926,36.73287,41.31068,41.956963,38.44319,41.149815,45.17871,45.48936,44.928207,44.48719,49.587692,48.634647,47.18612,45.056942,40.906948,40.84457,45.737053,44.556656,37.502804,40.979706,39.516,43.787167,42.03606,37.620125,37.336205,34.103477,32.1606,35.058056,32.43862,28.940323,28.558672,30.138538,32.091045,34.26538,34.84926,36.48953,37.2728,39.386093,38.97357,41.748375,37.681236,35.681908,34.403267,34.030945,30.612207,30.72833,27.532434,28.89936,25.615906,29.561134,26.364414,27.102207,29.812521,31.279215,28.937225,30.77433,25.418818,26.31383,22.33793,22.812326,20.008604,21.804825,23.96526,22.727985,23.99329,28.164276,28.29738,32.498222,33.703476,31.813541,32.59496,25.755045,27.732983,25.266829,24.754238,23.205765,23.350079,25.582659,23.360243,27.38675,28.927021,27.434612,29.736631,27.702078,29.01428,30.440596,29.983883,34.650566,31.009752,37.12945,37.92755,35.279575,30.920042,31.370192,34.79189,30.790356,27.386698,30.287188,31.364954,27.076786,25.431074,30.000965,29.055151,22.341839,25.297848,29.076645,31.121809,32.942898,28.658335,34.50209,36.241676,34.5981,33.883915,30.706928,33.130493,37.423203,35.56932,32.06179,36.960915,37.825035,41.552372,38.26106,34.865005,37.654816,35.91115,31.311485,34.029106,34.736423,31.844812,28.431644,31.393835,29.911068,31.797657,28.836523,27.813036,25.653637,24.968208,21.603077,21.03465,17.402239,18.840841,21.769526,20.385298,23.727655,25.754389,26.291542,29.78639,29.799244,33.892647,32.620533,35.520653,32.74675,29.503471,28.292923,28.006285,23.439325,23.049894,20.222214,19.190195,17.129908,13.6489105,12.4473,11.369493,13.224045,15.290047,19.663578,20.478104,24.320656,25.926872
3,9.998763,7.0920973,4.016476,0.0,3.9284182,8.011059,10.520862,14.669059,17.024881,19.515242,22.985409,24.848629,26.854057,25.42802,26.4114,20.990961,22.074236,18.809559,21.618067,17.438837,16.60912,19.022287,19.16631,13.313704,13.182976,12.261157,14.746911,17.124758,18.641012,22.460352,23.957554,28.607435,30.216919,34.263996,33.107277,29.155228,30.962412,35.83849,33.58664,30.592478,34.68777,37.85972,34.159317,34.110928,38.746414,39.791523,35.927956,38.3731,42.59652,42.79886,42.629467,42.205353,47.321884,46.45541,45.295235,43.51307,39.19225,39.535557,44.385033,42.748535,35.965214,39.75824,38.593105,42.760918,40.54649,36.130684,36.390343,33.16073,30.898533,34.243244,31.972347,28.273054,27.610575,29.859074,31.224833,33.77493,33.993618,35.134438,35.99648,37.614,37.043377,39.666817,35.375664,33.593464,32.407013,32.416748,29.114399,29.915947,27.031906,28.884398,26.030998,30.313517,27.676579,28.707418,31.590414,32.842495,30.531378,31.733707,26.774416,26.802616,22.795261,22.915207,19.568747,20.676464,22.767387,21.037804,21.392988,25.700193,25.320791,29.53448,30.469269,28.34271,29.2046,22.295671,24.84128,22.47445,22.512323,21.124174,22.071856,24.58436,22.763456,27.01602,28.272738,26.71115,28.653522,26.102879,27.085821,28.067163,27.498566,31.698847,27.925447,33.854187,34.34401,31.738022,27.447168,27.727272,30.996367,27.041424,23.653246,26.377089,27.48867,23.267584,21.453348,25.998825,25.261953,18.475124,21.33739,25.217588,27.152544,29.022375,24.99454,30.75398,32.387486,30.951807,30.435095,27.138153,29.778246,33.92695,31.786654,28.486343,33.441208,34.473713,38.063736,34.57226,31.260607,34.321484,32.68219,27.997179,30.883896,31.84494,29.003445,25.479923,28.793016,26.89392,29.119108,26.090816,24.611628,22.838959,21.633556,18.388979,17.996857,13.953195,15.378054,18.213305,17.40829,20.604094,23.29171,23.970339,27.655712,28.024061,32.02121,31.214413,34.293705,31.97901,28.647419,27.392538,26.810637,22.350733,21.45652,18.327023,17.365591,14.394297,10.6611595,9.136431,7.6811504,10.052716,11.838255,16.43303,17.723516,21.235699,23.298407
4,13.395798,10.783648,7.656975,3.9284182,0.0,4.219661,7.0325522,10.756983,13.375905,15.658967,19.1968,21.080748,23.21964,22.033836,23.22381,18.088839,19.780653,16.704216,20.415512,16.786356,16.780882,19.575422,20.567553,14.298144,13.487787,12.19061,13.251722,15.743734,16.344788,20.608746,21.09416,26.078915,27.03052,31.137537,30.112131,26.02522,27.534143,32.5385,30.399193,27.274885,31.151075,34.643116,30.999788,30.658823,35.26447,36.69091,32.76003,34.93424,39.2591,39.291832,39.339844,39.136436,44.135082,43.236874,42.35417,40.85396,36.399597,37.038208,41.77291,39.74597,33.197624,37.171318,36.21584,40.25512,37.688248,33.295303,33.958004,30.737911,28.297209,32.04318,30.02541,26.168663,25.389606,28.25246,29.125614,32.07523,32.050385,32.733112,33.858383,35.016094,34.47451,37.080853,32.635162,30.907337,29.617153,30.103235,26.664074,28.117926,25.436954,27.644539,25.217136,29.66065,27.619116,28.837751,31.946104,33.04175,30.889524,31.52308,27.107185,26.430426,22.404324,22.533453,18.543432,19.056644,20.71334,18.427595,18.14245,22.391737,21.680914,25.898855,26.736074,24.559515,25.601158,18.764406,21.649021,19.666246,19.977999,19.33056,20.663017,23.632484,22.343618,26.912735,27.46236,25.653824,27.302975,24.158474,25.093575,25.539976,25.229805,28.714327,25.25461,31.008385,31.149733,28.912622,24.664139,24.510952,27.866867,24.23757,20.738123,23.051662,24.766552,20.710697,18.36168,22.906944,23.013634,16.126268,18.450825,22.689058,24.179762,26.3539,23.069197,28.533304,29.913834,29.014427,28.870123,25.31174,28.266518,32.1845,29.441854,26.360569,31.366343,32.53124,35.933918,32.08204,28.794472,32.1301,30.42435,25.843164,29.22585,30.233606,27.250143,23.947758,27.856894,25.589634,28.396772,25.445824,23.400707,22.389296,20.443392,17.534798,17.39755,12.831502,14.130958,16.500156,16.838123,19.337063,22.91874,23.471804,27.310272,27.868927,31.665134,31.25294,34.571514,32.747555,29.379957,28.318146,27.645052,23.232754,22.169373,18.548927,18.152494,13.936384,10.502781,8.7537365,6.1073337,9.093663,9.129876,14.664064,15.994277,19.2116,21.565136
5,16.95078,14.612713,11.715737,8.011059,4.219661,0.0,5.5453043,7.0650516,10.437119,12.310117,15.866878,17.966408,20.313845,19.690975,20.849537,16.38181,18.835613,15.897166,20.686518,17.50263,18.4763,21.37214,23.214403,16.776186,15.258497,14.048232,13.475031,16.231337,15.720517,20.45016,19.637577,24.794207,24.801828,28.812529,27.74947,23.400923,24.541252,29.6361,27.4208,24.075413,27.726988,31.44089,27.751572,27.005526,31.655863,33.33947,29.129492,31.091251,35.53681,35.52599,35.890255,35.646454,40.641743,39.85756,39.197933,38.02678,33.47248,34.503864,39.155807,36.757843,30.563023,34.824635,34.23909,38.132107,35.14961,30.835562,32.106293,29.044218,26.175032,30.213484,28.724127,24.859121,23.620132,27.066866,27.246454,30.480524,30.05553,30.204996,31.390606,32.031723,31.372467,33.839584,29.244614,27.706047,26.501307,27.383968,24.137064,26.284376,24.06444,26.727053,24.894491,29.548168,28.190855,29.741777,32.85908,33.656445,31.585184,31.502653,27.685959,26.116154,22.26802,22.084389,17.71193,17.38212,18.783697,16.076233,14.697491,19.006361,17.841621,22.02129,22.664103,20.382586,21.430307,14.608697,17.868856,16.171,16.968775,16.904629,18.871159,22.136839,21.447937,26.154066,26.104156,24.187685,25.406466,21.73392,22.413092,22.304462,22.114008,24.926535,21.680685,27.241428,27.147465,25.217861,21.015877,20.526127,24.023966,20.721478,17.111073,19.173067,21.548306,17.656034,14.931311,19.565119,20.574337,13.943575,15.761913,20.340937,21.255018,23.47689,21.236418,26.344275,27.269655,26.871685,26.955856,23.07918,26.20571,29.941105,26.661903,23.567608,28.546751,29.732168,32.976875,28.854698,25.53338,29.007603,27.200941,22.81131,26.695616,27.639587,24.523838,21.559206,26.028164,23.513525,26.910994,24.182573,21.70804,21.654617,19.179367,16.899849,17.366629,12.438355,13.108379,14.56766,16.157442,17.522165,21.897902,22.192785,26.088757,26.790384,30.302498,30.298925,33.823463,32.55165,29.205418,28.394306,27.683296,23.399294,22.29664,18.225098,18.628645,13.281885,10.820956,9.47965,5.788847,8.4891815,6.090058,12.376826,13.605664,16.3827,18.965809
6,18.793142,16.64292,13.394932,10.520862,7.0325522,5.5453043,0.0,5.8069496,6.8214355,9.516305,12.708553,14.5561495,16.337646,15.01844,16.518553,11.569328,14.030862,11.879677,16.453627,14.656124,15.714357,19.015154,21.085938,14.999346,13.603557,11.473582,9.917026,11.696595,10.579633,15.205824,14.31858,19.675953,20.06988,24.32635,23.745977,19.841528,21.02864,26.140186,24.607176,21.619482,25.118355,29.155224,25.977968,25.559492,29.807682,32.026505,28.79724,30.37887,34.64643,34.11913,34.110176,34.969,39.35736,38.024174,37.66688,36.482716,31.873209,32.69435,37.020817,34.42961,28.138472,32.004642,31.056606,34.81353,31.924868,27.570356,28.422546,25.062424,22.945187,27.42122,25.35247,21.176067,20.995346,24.796257,25.215551,28.947908,28.918459,28.981422,31.074852,31.585184,31.591185,34.48322,29.992521,27.961987,25.956573,27.49284,23.089771,25.496046,22.762207,25.118109,23.2689,27.42986,26.32706,27.43256,31.094372,32.183212,30.605556,30.670113,27.344757,26.151188,22.122847,23.127445,18.111504,18.102278,18.058435,14.59452,14.184285,17.538002,16.714426,20.883896,21.99316,20.223328,21.980688,15.974517,18.79904,18.267113,18.277126,19.952995,20.815514,24.639526,24.217447,29.245258,28.187237,25.71827,27.119179,23.05231,24.544249,24.020906,24.879574,26.648367,24.685034,29.980572,29.392334,28.400564,24.376085,23.016443,26.694221,24.203611,20.587807,21.516188,24.922373,21.564236,17.919544,21.984982,24.204414,17.554035,18.05912,22.800817,23.148315,26.32345,24.630657,29.122807,30.110065,30.46868,31.181099,27.371725,30.821941,34.125633,30.215086,27.841934,32.751022,34.10882,37.05437,32.52027,29.37422,33.092533,31.145464,27.1057,31.413918,32.264557,28.948114,26.441795,31.206835,28.571667,32.202274,29.491146,26.689857,26.772953,23.763485,21.425823,21.258333,16.644928,17.94154,19.435812,21.409794,22.753433,27.371967,27.576784,31.4586,32.045715,35.462524,35.397736,39.008617,37.71879,34.382854,33.73894,33.16162,28.76105,27.814466,23.705559,24.061535,18.82575,16.098415,14.219939,11.178032,14.021697,10.885168,17.51458,18.193428,20.892008,23.232487
7,23.27606,21.153606,18.097322,14.669059,10.756983,7.0650516,5.8069496,0.0,4.7348433,5.385031,8.93094,11.122007,13.606603,13.63841,15.321611,12.182069,15.854643,14.125756,19.835518,18.452394,20.448402,23.5805,26.308796,20.168287,18.213547,16.592371,13.806526,15.832932,13.338811,18.149103,15.003566,20.479826,18.952639,22.991972,22.420252,18.075705,18.367767,23.659485,22.015717,18.576124,21.498005,26.046335,22.785774,21.45232,25.795732,28.543123,24.682846,25.804613,30.345552,29.744389,30.443047,31.128975,35.550808,34.49291,34.54606,33.978004,29.240755,30.787083,34.95376,31.717802,26.177206,30.544119,30.290869,33.74979,30.138477,25.994198,27.961937,24.976318,22.109074,26.942413,25.86831,21.866566,20.811403,25.358624,24.621735,28.63262,27.9029,27.076046,29.09821,28.715212,28.412386,30.937344,26.223576,24.662235,22.952614,25.103743,21.321177,24.783545,22.95804,25.951172,25.00337,29.403658,29.148003,30.727213,34.18115,34.816513,33.246235,32.38704,29.758516,27.410318,23.807121,24.084723,19.01336,17.770407,17.537422,13.652982,10.874468,14.165275,12.114486,16.193913,16.757402,14.614662,16.504694,10.713065,14.490744,14.6019535,15.6343975,17.95287,19.902271,23.804893,24.124104,29.03135,27.494076,25.098932,25.780523,21.142237,22.000032,20.580507,21.444662,21.992413,20.305304,25.02544,23.946547,23.410837,19.6649,17.728518,21.386856,19.496628,15.969419,16.225632,20.483948,17.62139,13.563048,17.405546,20.836233,15.069323,14.701096,19.608116,19.107048,22.23208,22.02476,25.863577,26.204735,27.206654,28.197428,24.15903,27.714445,30.644615,26.146366,23.95585,28.654146,30.06677,32.691113,27.882349,24.848381,28.741007,26.810825,23.126753,27.865477,28.745293,25.47838,23.417784,28.642073,25.704596,29.887077,27.502756,24.255713,25.444473,21.942486,20.489298,21.032068,16.408867,16.913351,17.236452,20.48917,20.53789,25.8507,25.867605,29.666775,30.522564,33.49665,34.021774,37.75968,37.182777,33.941833,33.49204,32.777073,28.735907,27.607904,23.296211,24.306477,18.315659,16.672731,15.312066,12.065659,14.202065,9.485093,15.409705,16.104568,17.77412,20.408747
8,24.618004,22.854982,19.842716,17.024881,13.375905,10.437119,6.8214355,4.7348433,0.0,4.6673493,6.2844496,9.1093445,10.301861,9.900233,10.724258,7.561658,11.502203,10.470742,16.267136,16.015963,18.477388,21.591522,24.813997,19.177858,17.070438,15.336657,11.417245,12.867931,9.537771,14.21618,10.760391,15.820861,14.565999,18.535727,17.9603,13.834769,14.445021,19.68932,18.371,15.293514,18.388445,22.862875,19.991941,19.266457,23.264938,26.117998,23.305525,24.334528,28.541468,27.655046,27.760084,29.274057,33.215206,31.706615,31.817886,31.104553,26.38392,27.65792,31.59671,28.37662,22.649382,26.690407,26.18091,29.574604,26.101349,21.900024,23.57728,20.457977,17.998932,23.10067,21.744118,17.622948,17.195066,22.01774,21.35976,25.70843,25.282345,24.434118,27.17542,26.813517,27.144403,30.086943,25.632545,23.53884,21.105137,23.673658,18.931963,22.519278,20.39043,23.147799,22.393456,26.371836,26.544882,27.934242,31.627834,32.327057,31.159023,30.21024,28.185398,25.959393,22.4039,23.532019,18.14394,17.123783,15.614653,11.254483,9.790699,11.861951,10.761904,14.704766,16.07818,14.932225,17.1182,12.59995,14.833991,15.88432,15.790184,19.484415,20.207933,24.452578,24.993399,30.077084,27.65151,24.829817,25.673279,20.886486,22.554523,21.007135,22.875965,22.852907,22.49758,27.111937,26.062859,26.330555,22.704987,20.380245,24.397491,23.193617,19.694685,19.513506,24.521225,21.944666,17.780703,21.240488,25.307114,19.719202,18.907854,23.751997,22.831112,26.27361,26.522379,30.012875,30.228449,31.61746,32.768856,28.699402,32.23515,35.064648,30.317509,28.16312,32.709938,33.977165,36.510693,31.612234,28.55477,32.22489,29.991282,26.790388,31.844402,32.282513,28.72389,27.246208,32.600742,29.930428,34.241375,32.004684,28.862558,30.127676,26.676271,25.175005,25.54139,20.94542,21.589258,21.907703,25.08692,24.938652,30.148966,29.827852,33.56616,34.08141,36.988434,37.268112,41.090435,40.43613,37.222355,37.06217,36.64848,32.358074,31.692642,27.159765,28.498156,22.494867,20.883532,19.468714,16.00703,18.180878,13.230257,19.48782,19.317389,21.291275,23.304735
9,28.06338,25.965187,22.769987,19.515242,15.658967,12.310117,9.516305,5.385031,4.6673493,0.0,4.2623916,5.740962,8.584996,9.186414,12.229968,10.743261,15.074795,14.863172,20.408407,20.610863,22.87397,26.089281,29.049496,23.38896,21.492744,19.531206,15.92034,16.884962,13.170432,17.322233,12.140132,17.883232,14.884048,19.107151,19.432178,15.528265,14.762077,20.1642,19.522467,16.293137,18.132305,23.613413,21.07237,19.271666,22.995663,26.901024,23.726204,23.883442,28.357231,27.035738,27.991611,29.812605,33.46757,32.02824,32.825455,32.77984,28.002474,29.86064,33.42862,29.469137,24.644592,28.819563,28.704405,31.667261,27.619867,23.729954,26.06742,23.11031,20.72044,26.149315,25.193436,21.15901,20.736862,25.90383,24.67269,29.199486,28.41595,26.90458,29.691982,28.539385,28.662876,31.218178,26.602175,25.015486,22.824703,25.967386,21.721506,25.949738,24.305592,27.250767,26.816261,30.746407,31.135517,32.51113,36.2324,36.884018,35.74326,34.59041,32.71532,30.197601,26.780838,27.540556,22.25283,20.759277,19.337912,14.93061,11.843135,13.345927,10.621265,14.076574,14.522293,12.730428,15.605033,11.819136,15.485837,17.032068,18.009977,21.614647,23.297024,27.411686,28.191349,33.11723,30.783875,28.131628,28.5479,23.526056,24.56255,22.349508,23.93043,22.727013,22.33687,26.098568,24.126108,24.723406,21.600248,18.661577,21.97237,21.261412,18.169706,16.819519,21.980059,20.087515,15.434652,18.058912,22.879143,17.906857,16.043253,20.663387,19.236404,23.112873,24.053988,26.811798,26.925209,28.908665,30.604177,26.738192,30.529722,32.75909,27.573456,26.403149,30.760868,32.409363,34.47579,29.286726,26.702747,30.870005,29.031143,25.878437,30.862288,31.835827,28.659906,27.0658,32.49792,29.29372,33.72772,31.470884,27.801926,29.432909,25.366188,24.239452,24.527718,20.359058,21.054094,21.086424,24.888472,24.64508,30.269785,30.302582,34.004066,34.99483,37.680702,38.488457,42.274143,42.00961,38.830486,38.47679,37.69909,33.82052,32.561996,28.303701,29.295166,23.278599,21.659962,20.092714,17.268074,19.413593,14.573896,19.913353,20.521742,21.538599,24.14032
10,30.886444,29.066547,25.992607,22.985409,19.1968,15.866878,12.708553,8.93094,6.2844496,4.2623916,0.0,4.0097346,5.1858854,6.977098,9.019189,9.606172,14.00479,14.558976,20.06286,21.091421,23.868612,26.888826,30.35368,25.081284,22.947872,21.188362,16.82193,17.510303,13.251015,16.85426,10.832397,15.567812,11.547106,15.328435,15.705062,11.976007,10.637767,16.016754,15.742954,12.721981,14.089698,19.833912,17.742563,15.961812,19.27339,23.592684,21.151089,20.910242,25.139553,23.496307,24.284695,26.793123,29.959972,28.260212,29.341887,29.510225,24.774128,26.75707,29.951582,25.68922,21.28158,25.331219,25.396133,28.053873,23.774513,20.073143,22.77118,20.043734,17.711649,23.341202,22.738682,18.93723,18.60653,24.085154,22.379696,27.14399,26.287058,24.335255,27.62252,26.051126,26.576466,29.2521,24.877602,23.113705,20.514605,24.239965,19.703285,24.367453,23.000534,25.917078,26.041939,29.623484,30.667974,32.077667,35.782257,36.27006,35.439693,33.864285,32.74832,29.928024,26.82961,27.874039,22.575182,20.854694,18.531576,14.044663,11.150593,11.029805,8.550016,11.324335,12.248604,11.498761,14.588121,12.5619135,14.934576,17.456612,17.925388,22.590118,23.7049,27.939764,29.126392,34.02367,30.90264,28.040936,28.27457,23.098429,24.45312,21.843433,24.185406,22.011843,22.92618,26.255037,24.212872,25.691683,22.86129,19.532652,23.07952,23.198969,20.260067,18.503397,24.406864,22.905415,18.372,20.59595,26.085217,21.67922,19.531057,23.972755,21.994,25.80712,27.598215,29.885435,29.59783,32.002254,33.78149,29.833418,33.51169,35.578014,30.135447,28.907492,32.974754,34.429314,36.313644,31.083117,28.521544,32.40263,30.313234,27.785847,33.089916,33.630962,30.26994,29.35947,34.954456,31.972956,36.63332,34.65771,31.056225,33.08406,29.0783,28.203306,28.67357,24.484081,24.942923,24.600218,28.600164,27.753433,33.39052,33.047955,36.62371,37.39007,39.84392,40.63015,44.495865,44.413273,41.314144,41.273796,40.71933,36.77206,35.875587,31.390785,32.893726,26.680082,25.473867,24.10432,20.974424,22.898624,17.603745,22.84722,22.751202,23.676838,25.779972
11,33.25481,31.197166,27.928667,24.848629,21.080748,17.966408,14.5561495,11.122007,9.1093445,5.740962,4.0097346,0.0,4.1384716,6.021632,10.857842,11.756742,16.029772,17.32018,22.213394,23.843113,26.218884,29.399342,32.47665,27.379524,25.596468,23.434385,19.400208,19.38983,14.990915,17.947851,11.027091,16.376535,11.538957,15.7679405,17.387691,14.480258,12.333263,17.4395,18.230223,15.604576,15.839798,22.185795,20.68694,18.527424,21.206308,26.31458,24.125463,23.201881,27.37167,25.21835,26.398418,29.522587,32.166958,30.280745,31.917885,32.433113,27.776281,29.87141,32.658424,27.99975,24.17793,27.91829,27.92793,30.221403,25.812853,22.396107,25.010176,22.211493,20.581753,26.36709,25.534399,21.681675,22.00319,27.497494,25.87178,30.73716,29.962524,27.848684,31.334892,29.479868,30.066957,32.599407,28.256023,26.674593,24.077799,28.034355,23.493277,28.216064,26.764917,29.525774,29.55525,32.909122,33.878265,35.010612,38.92012,39.59227,38.88119,37.506466,36.337936,33.75828,30.56337,31.746635,26.402414,24.804615,22.4752,17.963015,15.101789,14.768827,11.943497,14.036254,14.3361225,13.306091,16.842745,15.334953,18.426441,20.977238,21.798481,26.239542,27.6203,31.82674,32.941353,37.842094,34.86892,32.03472,32.246998,27.05396,28.249475,25.477936,27.629042,24.976696,25.77335,28.56852,25.853,27.491154,25.025003,21.408861,24.219225,24.579113,21.983715,19.43109,25.036978,24.008337,19.177757,20.61039,26.333378,22.154448,19.293318,23.35471,21.19249,25.555698,27.426546,29.134422,29.051304,31.868036,34.14352,30.518932,34.425938,36.01034,30.347242,30.096992,34.059372,35.877167,37.408813,31.998417,29.888884,34.1783,32.45159,29.82508,34.906754,35.930256,32.870586,31.676298,37.19837,33.83232,38.407284,36.267647,32.323418,34.248913,29.815544,28.928955,28.991928,25.239727,26.07906,25.944174,30.044067,29.625124,35.41031,35.451862,39.055668,40.131863,42.580315,43.59251,47.40304,47.375862,44.25099,43.97773,43.163044,39.399883,38.060013,33.849163,34.8149,28.814499,27.189672,25.484142,22.92384,25.090912,20.216166,25.209723,25.732843,26.325235,28.828812
12,34.510914,32.738583,29.583698,26.854057,23.21964,20.313845,16.337646,13.606603,10.301861,8.584996,5.1858854,4.1384716,0.0,3.7434404,7.5831733,10.153869,14.015063,16.093271,20.52416,22.982067,25.63088,28.608671,32.013397,27.41854,25.547087,23.51369,19.014729,18.599667,13.9696245,16.173834,8.953492,13.069538,7.540021,11.635442,13.576118,11.307862,8.951207,13.846703,15.283989,13.286422,13.299888,19.50547,18.580368,17.044886,19.163807,24.305214,23.189337,22.2023,25.903578,23.51952,24.077106,27.957785,30.079012,27.781963,29.487278,29.913652,25.390059,27.249943,29.695713,25.045328,21.319544,24.63578,24.500147,26.575258,22.253569,18.951893,21.406834,18.667086,17.553518,23.403393,22.514482,18.847588,19.691952,25.202051,23.544693,28.530615,27.968195,25.79828,29.794157,27.940643,29.045498,31.848835,27.846888,25.895584,22.814621,27.003996,21.959373,26.657427,25.153332,27.643175,27.947098,30.828205,32.215256,33.21885,37.16398,37.8102,37.42955,35.92324,35.317986,32.799953,29.802862,31.466227,26.135757,24.678177,21.608416,17.188848,15.335396,13.895317,12.139227,13.667354,14.741924,14.799187,18.136894,17.399244,19.209614,22.174461,22.24111,27.364742,27.947489,32.258057,33.518475,38.44918,34.89658,31.841856,32.130424,26.98861,28.691166,25.935366,28.719387,25.864109,27.547535,30.373869,27.948387,30.020948,27.537283,23.912138,27.109928,27.742558,25.049515,22.696817,28.650663,27.55017,22.853088,24.44346,30.25236,25.995222,23.337408,27.461905,25.23671,29.483833,31.477049,33.224636,33.018326,35.865345,38.03302,34.285484,38.08918,39.79791,34.12112,33.52468,37.426487,39.019028,40.6097,35.25731,32.99434,36.965282,34.946514,32.64663,37.951622,38.546642,35.228523,34.445076,40.05253,36.9768,41.64451,39.626984,35.868156,37.832462,33.58778,32.628674,32.731617,28.785574,29.580605,29.428722,33.42389,32.80557,38.489727,38.22077,41.7941,42.56774,44.986095,45.771046,49.647743,49.550694,46.448074,46.416546,45.861557,41.876717,40.93857,36.49711,37.80722,31.695158,30.179842,28.542526,25.632214,27.781015,22.64334,27.999039,27.910414,28.81869,30.849035
13,32.79236,31.039074,27.848265,25.42802,22.033836,19.690975,15.01844,13.63841,9.900233,9.186414,6.977098,6.021632,3.7434404,0.0,7.1320043,8.161911,11.656356,14.263308,17.96948,20.917913,23.163042,26.217133,29.310076,25.050684,23.502764,21.18072,16.95208,15.856696,11.260955,12.95912,5.506129,10.678172,6.659003,11.657063,13.880829,12.03617,10.768483,15.44766,16.971241,15.281891,16.018007,21.67338,20.725855,19.88543,22.067217,26.726051,25.901772,25.340897,28.912647,26.64978,26.686876,30.618282,32.7733,30.286057,31.682957,31.661936,27.188581,28.53361,31.09921,26.907059,22.542418,25.479137,24.757809,27.04946,23.277668,19.757246,21.261915,18.070004,17.713758,23.51037,21.794533,17.835032,19.541452,24.75972,23.833408,28.776632,28.67879,27.063084,31.167837,29.885122,31.16161,34.22176,30.248442,27.996822,24.72215,28.553703,23.00887,27.166119,25.062395,27.188444,27.013376,29.668985,30.680624,31.324656,35.499676,36.447113,36.159855,35.1606,34.27214,32.37159,29.1298,31.253872,25.8412,24.934837,21.850721,17.428988,16.648212,15.70107,14.605842,16.673054,18.04664,17.953175,21.170082,19.491766,21.312426,23.833035,23.517706,28.403727,28.572128,32.949768,33.872387,38.93983,35.58497,32.436684,33.10989,28.139584,30.180248,27.862669,30.598475,28.524174,29.800238,33.141216,30.963816,32.616093,29.815525,26.461628,29.768618,29.884409,26.968716,25.016361,30.59129,29.1145,24.350729,26.277618,31.561537,26.655973,24.296734,28.534294,26.77524,31.21047,32.381653,34.52409,34.73429,37.272377,39.377003,35.68272,39.56285,41.481934,36.005627,35.344,39.502335,41.150345,42.95455,37.632294,35.252632,39.300846,37.274597,34.609917,39.79554,40.47545,37.086548,35.956963,41.468723,38.410347,42.89224,40.641426,36.96276,38.428555,34.252758,32.868,32.60422,28.647558,29.830746,30.194962,33.781178,33.77779,39.316277,39.190464,42.884224,43.5912,46.274296,46.809532,50.664494,50.22067,47.036057,46.878834,46.343193,42.17695,41.240486,36.860126,37.83499,31.949156,29.937838,28.038183,25.246395,27.699993,22.926231,28.800007,28.822113,30.204813,32.274517
14,32.23573,31.117388,28.394913,26.4114,23.22381,20.849537,16.518553,15.321611,10.724258,12.229968,9.019189,10.857842,7.5831733,7.1320043,0.0,5.9709845,8.329158,10.83846,14.751781,17.77621,20.997417,23.447716,27.517849,23.64775,21.49202,20.061308,14.967593,14.561575,10.3176775,11.897689,7.251571,7.662314,5.394427,8.03422,7.693746,5.2915673,6.1900406,10.448053,10.961409,9.886223,12.081672,16.137377,15.148435,15.780703,17.9526,21.32839,21.511522,21.733406,24.697874,22.942938,21.765648,25.601929,27.80534,25.19061,25.857887,25.251587,20.89882,21.754566,24.475769,20.927053,15.801524,18.634691,17.806904,20.451921,16.977262,13.073485,14.502348,11.417399,10.583035,16.383993,14.985043,11.309069,12.814279,18.100006,16.94223,21.92013,21.965155,20.498163,24.934202,24.030333,25.823107,29.268637,25.794157,22.992506,19.246008,22.940327,16.910435,20.861074,18.883709,20.860723,21.304678,23.664694,25.448944,26.418001,30.273554,30.84542,30.792202,29.229797,29.217834,26.966173,24.22467,26.664549,21.522387,20.617334,16.635159,12.713379,13.592651,11.433818,12.507708,14.167476,16.758213,17.908522,20.25896,19.155039,18.769056,21.548277,20.023834,25.692745,24.658329,29.012304,30.228895,35.158962,30.985167,27.633448,28.348804,23.630432,26.344847,24.292988,27.820383,26.033916,28.339756,32.024776,30.8245,32.74041,29.733784,26.726374,30.91075,31.156534,27.99254,26.875368,32.985058,31.149921,26.900541,29.498186,34.757263,29.87522,28.233194,32.80633,30.995665,34.75337,36.22983,38.82965,38.592842,40.83845,42.357975,38.250935,41.7423,44.179672,38.89313,36.99798,41.072884,42.109573,44.252052,39.22542,36.330982,39.580418,36.95714,34.853977,40.385197,40.125755,36.272675,35.94991,41.517105,39.188374,43.8197,41.95963,38.83499,40.581013,37.04085,35.77978,36.104324,31.61881,32.220333,32.18195,35.629036,34.816555,40.026764,39.15993,42.68263,42.759377,45.297035,45.409058,49.33459,48.858273,45.800392,46.18786,46.20346,41.7433,41.705746,36.884853,38.848206,32.71185,31.455713,30.111921,26.490309,28.477655,23.18218,29.198235,27.965328,29.823233,30.916498
15,26.638212,25.465563,22.715395,20.990961,18.088839,16.38181,11.569328,12.182069,7.561658,10.743261,9.606172,11.756742,10.153869,8.161911,5.9709845,0.0,4.435564,6.1180534,10.594906,12.946728,15.706486,18.52913,22.211077,18.004395,16.07319,14.292935,9.4277935,8.981344,4.6081123,7.88486,5.5888696,8.583098,9.794313,13.36812,12.775736,9.955009,11.849924,16.211561,15.717671,14.019048,17.310202,20.928295,19.014133,19.791424,22.840538,25.38829,24.611254,25.649313,28.995554,27.780146,26.62155,29.400951,32.43029,30.14858,30.147001,28.930033,24.523355,24.907848,28.372158,25.63286,19.486237,22.428679,21.053345,24.393755,21.6906,17.446066,17.766258,14.174862,13.302622,18.479939,15.999749,11.621378,13.304977,17.939165,18.070377,22.652319,23.114037,22.700056,26.475412,26.562374,27.944216,31.481327,27.698181,24.822538,21.413576,24.121256,18.028679,21.008184,18.109901,19.928038,19.189278,22.034204,22.664125,23.438307,27.545416,28.520794,28.101753,27.397902,26.223324,24.754915,21.36127,23.990536,18.643333,18.50559,15.359596,11.33121,13.152983,13.116103,14.120549,17.113441,19.507694,19.71572,21.911335,18.818777,19.135357,20.782742,19.169113,23.844624,22.738092,27.105145,27.657467,32.783047,29.446947,26.167288,27.443573,22.991598,25.788506,24.513376,27.411564,27.194914,28.164846,32.73665,31.924831,32.8432,29.295473,26.854618,31.139044,30.383955,26.892052,26.567423,31.947405,29.458735,25.298244,28.543964,32.832386,27.122055,26.18826,30.951216,29.896978,33.62374,33.883495,37.24094,37.515575,39.094658,40.320866,36.257584,39.75795,42.61458,37.781628,35.58413,40.054348,41.149387,43.69117,38.796844,35.68117,39.050842,36.508675,33.70618,38.93337,38.897007,35.045166,34.03623,39.370544,37.068798,41.35769,39.18122,36.26056,37.313457,34.03326,32.263103,32.303154,27.742603,28.673037,29.260056,32.07412,32.061028,36.984398,36.364918,40.04269,40.101772,43.042797,42.859283,46.707497,45.750923,42.57522,42.698772,42.674255,38.043053,37.943638,33.27032,34.774986,28.994122,27.196049,25.659485,22.135641,24.413082,19.72543,26.300095,25.370186,27.861275,29.162512
16,26.207005,25.47058,23.054327,22.074236,19.780653,18.835613,14.030862,15.854643,11.502203,15.074795,14.00479,16.029772,14.015063,11.656356,8.329158,4.435564,0.0,4.574056,6.583055,10.413245,13.097797,15.534142,19.382149,16.202835,14.489868,12.96385,8.335737,6.8463817,4.137948,5.0636168,7.373646,7.189087,11.479747,14.106477,13.0180645,11.292526,14.168872,17.502161,16.983864,16.078245,19.704212,22.228912,20.578888,22.28958,25.035559,26.794315,26.805655,28.23327,31.110449,30.068138,28.1587,31.023798,33.849243,31.361786,30.913807,29.127264,25.073198,24.678406,28.078554,26.153276,19.58441,21.727736,19.64427,23.165504,21.430458,17.246342,16.1806,12.37663,12.631654,17.0023,13.486402,9.117668,12.205697,15.854643,17.061956,21.278904,22.442093,22.777733,26.67593,27.464828,29.21925,33.015816,29.628025,26.399239,22.783155,24.968836,18.522114,20.460505,16.943443,17.931566,16.787325,18.918552,19.406511,19.733795,24.03777,25.267948,25.182886,24.934237,23.925941,23.242706,19.914074,23.349968,18.330263,18.987068,15.57755,12.436396,15.938084,15.740391,17.682894,20.45756,23.184084,23.718113,25.641653,22.524595,22.102577,23.480194,21.14739,25.688831,23.616343,27.84177,28.149153,33.195194,29.73682,26.35777,28.037157,24.105549,27.41839,26.671791,29.766245,30.138737,31.255302,36.110477,35.710983,36.535046,32.83621,30.66828,35.15557,34.227318,30.629053,30.68724,35.949806,33.221107,29.244116,32.714756,36.678078,30.703316,30.124407,34.918827,34.087975,37.74722,37.62362,41.257763,41.65698,43.00072,44.031776,39.94479,43.33573,46.433548,41.80336,39.27958,43.81503,44.748272,47.485012,42.730705,39.450474,42.57699,39.869576,37.086903,42.266468,41.962063,37.961792,37.0264,42.207417,40.217964,44.35215,42.16995,39.543324,40.29377,37.33123,35.317764,35.244446,30.645674,31.671328,32.50313,34.87712,35.06917,39.64766,38.876873,42.514843,42.2618,45.316788,44.742867,48.543175,47.265816,44.119095,44.360676,44.590794,39.749542,40.033096,35.34637,36.903027,31.399261,29.507183,28.001661,24.437336,26.699308,22.39937,29.126543,27.83856,30.789976,31.70426
17,22.414297,21.863707,19.693699,18.809559,16.704216,15.897166,11.879677,14.125756,10.470742,14.863172,14.558976,17.32018,16.093271,14.263308,10.83846,6.1180534,4.574056,0.0,6.398679,7.029163,10.454401,12.90682,17.16805,13.1270075,10.7993355,9.904665,4.709146,5.838065,5.0674114,8.215141,10.858262,11.658793,15.114301,17.626852,15.595923,12.789131,16.05201,19.647797,17.923162,16.433247,20.873838,22.900782,20.422007,22.211199,25.632742,26.560846,25.767878,27.890497,30.958313,30.513004,28.661304,30.413198,34.002213,31.984077,30.953297,28.845644,24.735718,24.285505,28.346436,26.903688,19.824142,22.521309,20.678892,24.670898,23.026777,18.657179,17.916773,14.4854,13.303709,17.040651,13.955662,9.804856,11.096765,14.32837,15.811418,19.602339,20.64381,21.494444,24.660172,26.00942,27.35125,31.104952,27.612984,24.41443,21.19705,22.628098,16.55493,17.941923,14.21998,15.526333,13.894484,16.988655,16.933945,17.83251,21.851297,22.910662,22.28386,22.052275,20.372078,19.551373,15.9362755,19.130531,14.045077,14.984042,12.230045,9.453879,13.642536,14.570279,16.79711,20.038406,22.758904,23.030157,24.446966,20.5344,19.829117,20.487524,17.906124,21.858727,19.589264,23.730467,23.801474,28.863922,25.758265,22.476404,24.368135,20.683327,24.00533,23.793049,26.567095,27.956394,28.498247,33.832424,33.999374,34.293808,30.332138,28.692171,33.40883,32.016884,28.280552,29.097187,34.037445,30.926315,27.38567,31.33734,34.7351,28.664309,28.751862,33.639805,33.117374,36.298748,35.84849,39.947346,40.310352,41.17937,41.770176,37.581326,40.724594,44.188362,39.942276,36.772434,41.36682,42.065422,45.093018,40.614197,37.080708,39.901337,37.08548,34.20125,39.249676,38.72432,34.651768,33.685066,38.68655,37.015736,41.000504,38.89771,36.637257,37.276287,34.773014,32.740295,32.957172,28.176527,28.916409,29.711523,31.754105,31.835028,36.080723,35.1307,38.71117,38.25686,41.38526,40.596706,44.357418,42.940098,39.81296,40.129936,40.51421,35.58848,36.164974,31.42018,33.241028,27.825796,26.220839,25.038633,21.191814,23.190193,19.057522,25.749199,24.146881,27.461658,28.117176
18,23.255919,23.186275,21.426558,21.618067,20.415512,20.686518,16.453627,19.835518,16.267136,20.408407,20.06286,22.213394,20.52416,17.96948,14.751781,10.594906,6.583055,6.398679,0.0,6.2381296,8.001537,9.6953745,13.598329,11.99517,10.869993,10.0159645,7.3822746,5.38956,7.6961946,6.702164,13.135449,11.866195,17.663614,19.652182,17.986954,16.737686,20.235321,22.913261,21.853535,21.26175,25.434399,26.830732,24.98946,27.42399,30.280825,30.87754,31.064686,33.21393,35.806908,35.254177,32.763214,35.002865,38.066696,35.68132,34.452595,31.880695,28.2871,26.994911,30.630259,29.950554,22.876913,24.329815,21.58607,25.43091,24.99399,20.992296,18.529276,15.047946,15.853938,18.410881,13.932357,10.514689,13.86971,15.235267,18.216017,21.284006,23.287558,24.921524,28.271952,30.233871,32.023098,35.97015,32.92322,29.46723,26.048975,27.087685,20.845385,20.996767,16.689238,16.472555,14.033597,15.417324,14.634511,14.193009,18.76955,20.572952,20.59795,21.567747,19.956545,20.864836,17.461554,21.73012,17.502232,19.465387,16.73971,15.067873,19.907984,20.421862,22.954327,25.915249,28.779709,29.241465,30.743568,26.923365,26.052158,26.582565,23.641195,27.234844,24.191381,27.976519,27.62575,32.441776,29.46424,26.211857,28.549734,25.576788,29.262735,29.488884,32.339596,34.057682,34.6809,40.12214,40.389145,40.640957,36.619183,35.0734,39.75901,38.2296,34.46519,35.32843,40.063885,36.83264,33.273224,37.21881,40.317875,33.9091,34.11363,38.926785,38.659084,42.05043,41.044857,45.29653,45.975037,46.700092,47.28631,43.22489,46.382465,49.940334,45.840252,42.74434,47.43289,48.146885,51.27102,46.833168,43.290607,46.090496,43.262547,40.273994,45.162247,44.612568,40.52366,39.419292,44.190304,42.664017,46.387024,44.14016,42.053825,42.178818,39.84406,37.432026,37.220695,32.639385,33.771137,35.049347,36.566593,37.242603,41.139473,40.272953,43.83107,43.18145,46.48189,45.310863,48.943443,47.085705,43.98989,44.269863,44.810974,39.74619,40.51189,35.984856,37.43796,32.588146,30.530384,29.138258,25.677553,27.84435,24.482449,31.21827,29.655876,33.286434,33.791325
