,0,1,2,3,4,5,6,7,8,9,10,11,12,13,14,15,16,17,18,19,20,21,22,23,24,25,26,27,28,29,30,31,32,33,34,35,36,37,38,39,40,41,42,43,44,45,46,47,48,49,50,51,52,53,54,55,56,57,58,59,60,61,62,63,64,65,66,67,68,69,70,71,72,73,74,75,76,77,78,79,80,81,82,83,84,85,86,87,88,89,90,91,92,93,94,95,96,97,98,99,100,101,102,103,104,105,106,107,108
0,0.0,4.2393756,6.343906,8.526635,11.736944,12.807606,14.476088,17.742048,19.472992,23.333551,25.667225,29.307047,32.104065,30.670761,30.550898,25.384277,24.409136,21.607618,20.025835,19.02517,16.984262,20.204762,15.609181,18.770308,18.92282,20.458897,17.249393,19.504906,17.166874,16.935785,18.03064,17.142988,23.075638,19.867903,24.837227,22.655518,26.18206,24.930737,22.508028,20.847359,15.521912,13.389546,13.690972,11.741942,9.200605,13.225149,14.482496,18.172613,20.05776,23.968607,26.62961,30.094378,31.727201,32.044502,33.607597,37.04809,34.5905,36.614445,40.938576,37.938385,34.66034,36.28405,32.368347,31.552498,34.085976,28.768358,29.828836,28.73127,25.623522,24.52193,23.785213,26.044062,25.894735,29.17914,28.321321,33.942707,30.815144,35.64053,35.897038,32.553165,34.08557,32.09579,28.865694,25.565815,24.45578,23.445282,21.712345,23.102049,22.506432,24.305384,23.459103,26.990582,26.600859,27.10554,24.765207,28.07803,28.35605,26.152477,28.312193,28.480824,29.524742,33.901802,31.492645,29.447456,32.140568,29.571884,29.473364,30.766544,30.044437
1,4.2393756,0.0,5.3314676,6.175673,9.399029,12.048008,13.796106,17.122238,19.70955,23.359566,26.217392,29.442263,32.511745,31.202303,30.56613,25.549006,23.929913,21.06428,18.74162,17.364489,14.571805,17.270344,12.543332,15.388247,16.218271,18.488354,15.624714,18.889061,16.930836,17.882559,18.8801,19.404547,25.289494,22.817228,27.503258,25.405275,28.676985,27.282116,24.465805,22.378357,18.043322,15.017889,16.388445,14.030775,10.113689,14.232533,13.837847,18.048307,19.247787,22.84824,25.912655,29.077814,31.094208,30.815113,32.908447,36.312473,33.8746,36.273613,40.3891,37.502186,34.378696,35.3213,31.107748,30.023346,31.982456,26.583965,27.264738,25.693712,22.643196,22.193638,22.130974,24.770185,25.261951,28.656769,28.420788,34.06179,31.541044,36.39173,37.02791,33.906178,35.922653,34.23339,30.640142,27.334812,25.629889,24.95557,22.10226,23.140387,21.878538,23.161766,21.64865,24.803469,24.000359,24.431614,22.37475,25.681414,26.53926,24.934278,27.020386,28.055954,29.331404,33.79982,31.959272,29.810007,33.101326,30.318527,30.829203,32.07739,31.907183
2,6.343906,5.3314676,0.0,5.4154797,7.0699325,7.5183587,11.203346,13.232507,16.458813,19.782711,22.627977,25.700003,29.020075,28.143639,27.534136,22.936779,21.081348,19.057476,16.485746,16.317413,13.172055,17.542404,13.986244,17.668211,19.138248,21.131927,17.161942,20.830034,17.10599,18.981552,17.9663,19.100977,23.362265,20.81484,24.968204,22.322123,25.19625,23.377974,20.868061,19.152105,15.174475,12.788614,15.059825,14.482732,11.0970125,16.204395,17.20319,21.056072,22.739178,26.24378,28.821009,31.900503,33.401875,32.4908,34.123646,37.14632,34.04424,36.1497,39.985836,36.533695,33.56677,34.0823,30.30267,28.809977,31.48384,25.853516,26.170183,25.400461,21.475708,20.49881,21.05391,22.793388,23.716805,26.428885,26.53609,31.6807,29.27539,33.934616,34.819897,31.88815,33.668404,32.225616,29.067139,26.140713,24.526901,24.758606,21.825733,24.107811,22.661587,24.49689,22.963598,26.172598,26.4482,25.526817,23.008673,26.055754,27.177198,25.22079,28.204271,28.54312,30.623291,35.38704,33.145428,30.64981,33.630047,29.891405,30.498125,30.972744,30.83484
3,8.526635,6.175673,5.4154797,0.0,3.6012197,7.5359073,8.14181,11.624918,14.550235,17.946875,21.171658,24.021732,27.21156,26.013163,24.983606,20.191624,18.118444,15.398904,12.660519,11.547437,8.588851,12.358162,8.765584,12.809263,14.208055,16.063711,11.98478,16.216492,12.834517,15.7186365,15.001815,17.579166,22.374847,21.15209,25.095253,23.306847,26.086073,24.734694,21.199114,18.530123,15.9974785,11.915404,14.90298,13.166317,8.584416,13.314562,13.362716,17.181332,18.572142,21.741978,24.255817,27.09203,28.641123,27.333052,29.209099,32.22067,29.246267,31.638487,35.42566,32.264435,29.335516,29.68221,25.579918,24.208765,26.475594,20.929674,21.535753,20.550978,17.135494,16.194096,16.326534,18.740122,19.671053,22.87838,23.16771,28.621037,26.656784,31.425451,32.484764,29.694881,32.169132,30.964499,27.137545,24.073452,21.77683,22.058043,18.067028,19.819674,17.908003,19.415936,17.629675,20.763996,21.217598,20.151146,17.63895,20.748545,21.869884,20.1751,23.025621,23.891308,26.063044,30.860332,29.081287,26.537338,30.057535,26.3674,27.548687,28.251226,28.730135
4,11.736944,9.399029,7.0699325,3.6012197,0.0,5.612488,6.696128,9.104012,12.988484,15.841036,19.38974,21.7571,25.210028,24.34712,22.963263,18.647924,15.969019,13.853898,10.37722,10.010451,6.177778,11.115813,9.053143,13.238464,15.355626,17.200594,12.79596,17.55421,13.39867,17.401274,15.377726,19.043789,22.685732,21.998838,25.333157,23.461927,25.777134,24.233606,20.608583,17.878328,16.520784,12.4772625,16.299322,15.375768,11.074458,15.755333,15.903677,19.43453,20.739748,23.539848,25.810476,28.341335,29.682444,27.630484,29.428162,32.089497,28.718046,31.094952,34.51317,31.08916,28.40763,28.026474,24.089132,22.276058,24.686033,18.990725,19.108688,18.520351,14.499332,13.480641,14.561535,16.52157,18.220036,20.973883,21.934484,26.984915,25.561226,30.145428,31.591742,29.118006,31.751177,30.912827,27.168137,24.414045,21.856703,22.902582,18.329105,20.624594,18.266376,19.792103,17.68032,20.500393,21.596624,19.425762,16.772814,19.563477,21.199701,19.662054,23.05026,23.902605,26.711731,31.639746,29.956635,27.190176,30.771236,26.429916,28.02798,28.212204,29.062561
5,12.807606,12.048008,7.5183587,7.5359073,5.612488,0.0,6.3054943,5.979918,10.243315,12.857339,16.00317,18.581629,22.173407,21.730667,20.822943,16.892698,14.530457,13.642275,10.844958,12.399816,9.722562,15.680793,14.37638,18.733278,20.545248,21.79259,16.768381,20.734594,15.196839,18.785328,15.113099,18.2608,20.133068,18.968292,21.790825,19.293318,21.2618,19.321127,16.241426,14.227158,12.9351015,10.30955,14.404377,15.445568,12.604651,17.691954,19.628613,22.705372,24.714067,27.733086,29.487316,32.190655,32.935463,30.97974,32.00314,34.367363,30.49006,32.26436,35.564316,31.5569,28.928347,28.72086,25.547216,23.622477,27.135632,21.519428,21.60944,22.148602,17.571081,15.513525,16.509369,16.990412,18.499784,20.310516,21.08877,25.528791,23.722448,28.069103,29.481977,27.042166,29.045826,28.254366,25.25856,22.936512,20.963865,22.631298,18.984547,22.564837,20.700321,23.010035,21.517212,24.58078,26.508879,23.751822,20.702713,23.173073,24.459839,22.186083,26.208315,25.784985,28.971945,33.97771,31.565042,28.647825,31.451542,26.484285,27.668564,27.13291,27.587135
6,14.476088,13.796106,11.203346,8.14181,6.696128,6.3054943,0.0,5.126943,6.653813,10.002572,13.2811,16.077326,19.12778,17.91965,16.863213,12.1563425,10.146126,7.8919735,5.930208,7.038526,6.885177,12.306622,11.780168,16.33204,17.256004,17.418377,11.94809,15.452925,9.349446,13.878667,9.691076,14.501116,16.741098,17.232506,19.818624,18.655008,20.66403,19.659431,15.265845,11.9296055,12.431158,7.836517,12.43679,12.627849,9.830489,13.891197,16.0884,18.33792,20.521471,23.187996,24.319365,26.863527,27.183369,25.10277,25.820171,28.120281,24.248592,26.027607,29.475899,25.658354,22.882603,23.143127,19.815079,18.366905,22.1313,16.760365,17.871159,18.818058,15.142162,12.072854,11.140022,12.018363,12.669497,15.23618,15.604052,20.705624,18.91907,23.545792,24.905834,22.448784,25.165834,24.511467,20.75148,18.255245,15.6257515,17.426182,12.952299,16.597437,14.636145,17.196741,16.15832,19.463348,22.264713,19.261734,15.871517,18.289635,18.841002,16.122702,20.29096,19.50272,22.855425,27.881653,25.544912,22.549517,25.564184,20.55865,22.164837,21.84715,22.841404
7,17.742048,17.122238,13.232507,11.624918,9.104012,5.979918,5.126943,0.0,5.555968,7.1892056,10.79139,12.894504,16.558939,16.252981,14.998596,11.581478,8.810974,9.074291,6.7656593,10.029437,9.248188,15.209422,15.731598,20.115213,21.681671,22.051584,16.65917,20.257204,13.863446,18.440218,13.048262,17.805557,17.819094,18.373802,19.91804,18.197208,19.346895,17.80778,13.901758,11.250427,13.163497,10.272049,15.031873,16.693863,14.562927,18.781345,21.206585,23.408802,25.580399,28.092607,29.058437,31.390284,31.452074,28.829369,29.240566,31.023119,26.645742,28.079124,30.941912,26.594797,24.25081,23.62602,21.04926,18.98088,23.27798,18.0002,18.290876,20.092405,15.623641,12.288054,12.889032,12.042058,13.7540655,14.766381,16.03781,19.920471,18.697151,22.782694,24.61567,22.641174,25.035229,24.845486,21.823256,20.054111,17.70217,20.47439,16.33626,20.701784,18.67224,21.276083,20.097868,22.96281,26.216215,22.286886,18.912785,20.75666,21.814543,19.23087,23.892885,22.727001,26.656128,31.665003,29.198969,26.05901,28.665049,22.90839,24.621012,23.355934,24.441675
8,19.472992,19.70955,16.458813,14.550235,12.988484,10.243315,6.653813,5.555968,0.0,4.1263695,6.686396,10.0274725,12.804785,11.711592,11.266576,6.9190736,6.1713405,6.415966,7.494056,10.6380825,12.279422,17.344868,17.936678,22.337708,22.902971,22.191864,16.642809,18.790354,11.897157,15.819181,9.24102,14.2059965,12.824314,14.631909,15.469258,14.761961,15.767455,15.104517,10.28283,6.7459626,10.857841,8.121535,12.480076,14.802478,14.156173,17.309273,20.953054,22.16159,24.87226,27.296001,27.451075,29.832619,29.159384,26.952032,26.459635,28.045828,23.550293,24.360615,27.411524,22.913902,20.372683,20.908371,18.950613,17.65097,22.803492,18.200489,19.582115,22.018139,18.449234,14.249793,12.576332,11.015119,10.75666,11.595975,11.525066,15.639972,13.526568,17.831087,19.316666,17.144743,19.573912,19.401001,16.318237,14.7777405,12.587294,15.875724,12.532079,17.717072,16.438429,19.701567,19.58804,22.780807,26.791115,22.991282,19.3696,21.016878,20.895758,17.413895,22.175499,19.592196,23.542448,28.4004,25.361307,22.215954,24.130173,18.12453,19.578333,17.97883,19.024927
9,23.333551,23.359566,19.782711,17.946875,15.841036,12.857339,10.002572,7.1892056,4.1263695,0.0,4.020518,6.109352,9.42414,9.154752,8.18464,5.849289,4.5381327,7.5927873,8.734907,12.601129,14.315671,19.178633,20.700163,24.908165,25.767208,25.011408,19.604387,21.840553,15.088824,19.342585,12.501684,17.67397,14.721502,17.231445,16.860975,16.312437,16.294815,15.591673,11.161374,8.359489,13.943318,12.085885,16.199345,18.821632,18.225172,21.19978,24.625816,25.658398,28.220255,30.3183,30.215517,32.262573,31.3095,28.515299,27.741491,28.76044,23.90096,24.405264,26.79045,21.938013,19.919256,19.576963,18.428524,16.761017,22.309551,18.14753,19.140205,22.348791,18.713923,14.282866,13.260818,10.2866745,10.746628,9.864203,10.855605,13.456616,12.387425,15.958332,18.08111,16.668163,19.144106,19.680933,17.125162,16.424417,14.264447,18.307814,14.928546,20.219002,18.748137,21.849546,21.646759,24.381792,28.908497,24.345533,20.789822,21.854027,21.97423,18.712122,23.74543,20.96636,25.401592,30.123772,27.216513,24.003714,25.693426,19.17034,21.008974,18.604622,20.112185
10,25.667225,26.217392,22.627977,21.171658,19.38974,16.00317,13.2811,10.79139,6.686396,4.020518,0.0,4.4681573,6.554496,6.302282,6.9161158,5.8834534,7.1622524,10.187744,12.416626,16.000996,18.147371,22.833431,24.21267,28.443745,28.944199,27.796833,22.416817,23.86513,17.147024,20.534008,13.467953,17.746267,12.91865,16.007875,14.448621,14.412093,13.654065,13.465475,9.225922,7.173077,13.945923,13.296507,16.588703,19.934315,20.309916,22.83565,26.96465,27.543207,30.407547,32.51431,31.984314,34.066425,32.652645,30.195992,28.77179,29.524307,24.625177,24.464397,26.724808,21.70647,19.79864,20.174221,19.892149,18.700945,24.623068,21.040512,22.34994,25.840054,22.491571,17.936962,16.285305,12.981593,12.326978,10.61467,10.492287,11.928761,10.131906,13.187854,15.093405,13.831393,15.757736,16.554161,14.788613,14.860128,13.468596,17.846573,15.773732,21.380882,20.536396,23.917793,24.28934,27.112604,31.899286,27.457521,23.878223,24.792206,24.360239,20.731026,25.655193,21.957855,26.270884,30.729174,27.36581,24.259888,25.102818,18.485382,19.842175,16.787949,18.014496
11,29.307047,29.442263,25.700003,24.021732,21.7571,18.581629,16.077326,12.894504,10.0274725,6.109352,4.4681573,0.0,4.163851,5.9872594,5.1228223,7.686131,7.853699,12.047978,13.806218,17.649008,19.72047,24.059948,26.271894,30.25561,31.095064,30.017178,24.832163,26.610798,20.120747,24.122555,17.110361,21.959152,16.99814,20.38682,18.367645,18.399107,17.027544,16.707949,13.1845455,11.614585,18.293148,17.46955,20.99214,24.089474,24.036608,26.555477,30.168716,30.736876,33.31955,35.077858,34.44485,36.14727,34.63126,31.48991,30.032274,30.251997,25.122278,24.857681,26.306469,21.115978,19.901903,18.994492,19.450691,17.838684,23.775967,20.720842,21.539495,25.594671,22.327663,17.844387,16.958664,12.819853,13.134682,9.989884,11.409268,10.840254,11.117314,12.876571,15.664066,15.499021,17.647219,19.182905,17.719683,18.298693,16.636108,21.306625,18.66279,24.013645,22.769243,25.804281,25.899975,28.19387,33.32659,28.20068,24.79308,25.15552,25.107954,21.941725,26.988892,23.541243,28.256428,32.577667,29.618963,26.480284,27.434652,20.579462,22.513779,19.055521,20.898493
12,32.104065,32.511745,29.020075,27.21156,25.210028,22.173407,19.12778,16.558939,12.804785,9.42414,6.554496,4.163851,0.0,3.472531,4.481064,8.589177,10.383987,14.094857,16.77423,20.2384,22.957108,26.854334,29.113235,33.00594,33.42611,31.86554,26.852976,27.871586,21.677776,25.105856,18.202805,22.621912,16.656807,20.854822,17.97135,18.897026,17.079882,17.51112,14.188947,12.91711,19.99846,19.50747,22.414133,25.604624,26.16943,28.051308,32.00905,32.030575,34.75393,36.326546,35.19052,36.763596,34.75829,31.816936,29.71976,29.550661,24.46643,23.538631,24.692177,19.476921,18.538,18.290173,19.682568,18.697006,24.811869,22.52832,23.819597,28.090105,25.375366,20.765923,19.038189,14.831183,14.048362,10.391748,10.779046,8.419306,8.796059,9.283062,12.186182,12.722901,14.733607,16.836908,15.936875,17.307209,16.089529,20.918995,19.136644,24.439972,23.674076,26.803438,27.444033,29.69169,35.14991,30.119623,26.755337,26.88232,26.225683,22.831335,27.65346,23.451328,28.04404,31.9803,28.81803,25.84043,26.094057,19.30318,21.061562,17.072206,19.039396
13,30.670761,31.202303,28.143639,26.013163,24.34712,21.730667,17.91965,16.252981,11.711592,9.154752,6.302282,5.9872594,3.472531,0.0,3.7734864,6.351919,9.411354,12.275437,15.70361,18.70921,21.968575,25.538145,27.57261,31.419828,31.430054,29.542477,24.63794,25.132265,19.156937,22.233261,15.514865,19.911781,14.155344,18.939373,16.28393,17.8347,16.538782,17.433798,13.463688,11.548623,18.635683,17.75467,20.37181,23.241158,24.064444,25.452255,29.542784,29.23901,32.043797,33.56749,32.22365,33.83823,31.685339,29.06302,26.76421,26.729162,21.757648,20.737919,22.341341,17.21099,15.855747,16.635532,17.805853,17.35907,23.535671,21.31703,23.191038,27.248623,24.90631,20.174238,17.509472,13.705316,11.845764,8.747354,7.807746,6.3902473,5.4269204,7.119544,9.743711,9.761999,12.476674,14.403425,12.8335085,14.115677,12.773467,17.62853,16.083897,21.349298,20.884346,24.137028,25.151844,27.569136,33.0497,28.3861,24.985903,25.234955,24.068953,20.372822,25.026077,20.439528,24.864166,28.742332,25.43286,22.490189,22.637405,15.861912,17.606415,13.685061,15.838448
14,30.550898,30.56613,27.534136,24.983606,22.963263,20.822943,16.863213,14.998596,11.266576,8.18464,6.9161158,5.1228223,4.481064,3.7734864,0.0,5.640533,7.1518598,10.639254,13.57262,16.684645,19.882416,23.146868,25.762054,29.40751,29.741402,28.055902,23.274466,24.373062,18.50867,22.50397,15.856396,21.263239,16.69329,21.25328,19.271326,20.39886,19.3966,19.82571,15.621111,13.183917,20.05539,18.349945,21.62123,23.940811,23.97498,25.568764,28.94257,28.870474,31.322979,32.617012,31.465803,32.829697,30.919882,27.630123,25.75916,25.617905,20.461452,19.942236,21.223043,16.0184,14.926182,14.276174,15.2634535,14.273899,20.418509,18.207806,19.785778,24.05234,21.772789,17.104801,14.92103,10.688938,9.81882,5.9163585,7.1901526,5.9171557,7.4727817,9.284615,12.487587,12.726186,16.012743,17.86709,15.627369,16.350122,14.154713,18.987951,16.071571,21.033976,19.899952,22.787819,23.325476,25.378422,30.965702,25.829918,22.53409,22.513475,21.82412,18.579315,23.430569,19.57777,24.400934,28.438768,25.714064,22.634089,23.588198,16.689339,19.224863,15.732637,18.432745
15,25.384277,25.549006,22.936779,20.191624,18.647924,16.892698,12.1563425,11.581478,6.9190736,5.849289,5.8834534,7.686131,8.589177,6.351919,5.640533,0.0,4.4084854,5.986859,9.817256,12.486544,15.99054,19.45015,21.26354,25.12451,25.121305,23.395584,18.369156,19.327024,13.129256,17.018234,10.273152,16.005,12.860864,17.150814,16.385712,17.441633,17.544996,17.981894,12.992668,9.506371,15.678031,13.177845,16.491772,18.386625,18.413033,19.95203,23.529333,23.55104,26.186571,27.824175,26.930538,28.720142,27.128136,24.452902,22.950354,23.677052,18.791977,18.86653,21.403118,16.5955,14.363243,15.15498,14.439579,13.800919,19.732857,16.53843,18.693352,22.139297,19.765326,15.032975,11.83057,8.834625,6.7059693,5.870334,5.0697703,8.799455,7.3527985,11.559919,13.557654,12.156529,15.675573,16.465652,13.078929,12.588157,9.8419695,14.388366,11.039257,16.3468,15.337695,18.60631,19.289202,21.98499,27.143364,22.748177,19.215322,19.936316,18.930443,15.145732,20.013113,16.208729,20.732847,25.182232,22.194649,19.006279,20.435133,13.6935835,15.994461,13.45739,15.759433
16,24.409136,23.929913,21.081348,18.118444,15.969019,14.530457,10.146126,8.810974,6.1713405,4.5381327,7.1622524,7.853699,10.383987,9.411354,7.1518598,4.4084854,0.0,4.5325546,6.46731,9.934803,12.7632065,16.499573,18.852434,22.666712,23.364704,22.277845,17.209703,19.431416,13.210657,18.24115,11.841633,18.179867,16.280756,19.648159,19.532734,19.72458,19.9676,19.686602,14.887263,11.436822,16.811674,13.710249,17.862688,19.333174,18.214155,20.501217,23.160295,23.859615,26.063818,27.659414,27.336803,28.99629,27.97586,24.64282,23.97266,24.809065,19.888212,20.70595,22.955105,18.263735,16.317001,15.436847,13.954444,12.248406,17.836523,13.91203,15.317994,18.78272,15.86108,11.151732,9.308648,5.8986926,6.6142344,6.037578,8.145762,11.431605,11.493268,15.225315,17.668653,16.533432,19.988659,20.750904,17.353054,16.469532,13.410783,17.487373,12.869651,17.638828,15.689808,18.449228,18.17221,20.553612,25.508163,20.574205,17.079506,17.779337,17.821758,14.764453,19.888363,17.445673,22.20587,26.892185,24.536627,21.270674,23.547459,17.004515,19.695915,17.600033,19.956835
17,21.607618,21.06428,19.057476,15.398904,13.853898,13.642275,7.8919735,9.074291,6.415966,7.5927873,10.187744,12.047978,14.094857,12.275437,10.639254,5.986859,4.5325546,0.0,4.643659,6.515208,10.407395,13.536272,15.350091,19.149475,19.334768,17.98139,12.864007,14.912594,8.753875,14.117237,8.415972,15.27208,15.3872385,18.576782,19.49744,19.934551,21.02488,20.964611,15.827663,11.82402,15.858974,11.633255,15.616902,15.980442,14.539118,16.362028,18.7581,19.354994,21.537334,23.188805,22.96803,24.807495,24.01855,21.067038,20.742613,22.186354,17.669298,19.009315,22.032236,17.918098,15.345334,15.510547,12.822243,11.771643,16.734428,12.421272,14.653106,17.219688,14.849845,10.368268,6.7555404,5.8127007,4.919496,7.6193385,8.189279,13.389434,12.5430765,16.987482,18.794119,16.999207,20.72467,20.904934,16.695118,14.936742,11.38222,14.629822,9.125165,13.517057,11.422066,14.301565,14.168453,17.013391,21.71959,17.468073,13.8417425,15.114652,14.66892,11.258979,16.233492,14.115327,18.552927,23.43246,21.18996,17.940796,20.808596,14.846807,17.565952,16.51855,18.788717
18,20.025835,18.74162,16.485746,12.660519,10.37722,10.844958,5.930208,6.7656593,7.494056,8.734907,12.416626,13.806218,16.77423,15.70361,13.57262,9.817256,6.46731,4.643659,0.0,4.2148914,6.328637,10.454968,12.568527,16.456034,17.625734,17.32755,12.242852,15.926092,10.224428,16.119589,11.35416,17.815334,18.828474,20.954885,22.436632,22.01136,23.246841,22.529438,17.765654,14.076119,16.98679,12.546856,17.08142,17.106215,14.41814,17.251768,18.5616,20.130556,21.809612,23.56445,24.16608,25.97258,25.941166,22.617374,23.251438,24.899485,20.601788,22.522783,25.302794,21.392738,19.095142,18.06028,14.780513,12.798174,16.760939,11.491909,12.569279,14.554929,11.17664,7.0513716,6.1255555,6.3213916,8.473916,10.726179,12.578976,17.160704,16.885916,21.111378,23.171263,21.465565,24.970686,25.07428,21.04858,19.102865,15.697368,18.449032,12.683078,16.20177,13.410427,15.524823,14.14821,16.66889,20.653667,16.128225,12.640088,14.203233,15.169803,12.875083,17.645638,17.12676,21.37683,26.3412,24.629107,21.452873,24.84317,19.236723,21.932919,21.117605,23.193365
19,19.02517,17.364489,16.317413,11.547437,10.010451,12.399816,7.038526,10.029437,10.6380825,12.601129,16.000996,17.649008,20.2384,18.70921,16.684645,12.486544,9.934803,6.515208,4.2148914,0.0,5.0238304,7.118347,9.137152,12.773937,13.559635,13.151865,8.268184,12.438902,7.9498377,14.110434,11.133236,17.478497,20.178568,22.214796,24.346626,24.208387,25.932205,25.432602,20.537062,16.640955,18.558245,13.436602,17.478376,16.152594,12.812582,14.956923,15.156912,16.742544,18.005352,19.578537,20.436258,22.202671,22.59029,19.363226,20.638073,22.742035,19.018433,21.508293,24.653284,21.429525,18.909168,18.294674,14.131072,12.68293,15.4836645,10.110027,11.853494,12.635831,10.309263,7.182978,4.8067927,7.918034,9.194742,12.763597,14.034184,19.275513,18.857748,23.280607,25.035275,23.107286,26.868689,26.697039,22.164614,19.740948,16.089674,17.91652,11.600274,13.740696,10.494063,12.02553,10.220074,12.935926,16.562836,12.579794,9.063607,11.267475,12.131021,10.218048,14.442765,15.032633,18.79603,23.74743,22.552853,19.54581,23.583366,18.813467,21.62106,21.671623,23.801525
20,16.984262,14.571805,13.172055,8.588851,6.177778,9.722562,6.885177,9.248188,12.279422,14.315671,18.147371,19.72047,22.957108,21.968575,19.882416,15.99054,12.7632065,10.407395,6.328637,5.0238304,0.0,6.175665,7.2996955,11.209843,13.4174185,14.605917,10.211553,15.434799,11.465121,17.014053,14.488397,19.962517,23.018875,23.947096,26.524565,25.524551,27.376999,26.273937,21.899351,18.462543,19.23595,14.435799,18.688236,17.440435,13.251185,16.611649,16.076757,18.79439,19.690971,21.607265,23.356812,25.250078,26.323872,23.218449,25.100458,27.360615,23.830208,26.464882,29.465904,26.214577,23.83798,22.6565,18.511044,16.493391,18.552984,12.840462,13.042919,12.772451,9.043881,7.625762,8.907227,11.434357,13.825096,16.726974,18.454071,23.34594,22.928759,27.313326,29.176739,27.18047,30.569195,30.254099,26.040636,23.527472,20.215107,21.835924,15.990076,17.974972,14.816499,15.880175,13.302935,15.588947,17.780582,14.211182,11.353771,13.766813,15.821951,14.784264,18.475937,19.84432,23.252663,28.163914,27.088808,24.185898,28.24393,23.601336,26.093172,26.11883,27.866364
21,20.204762,17.270344,17.542404,12.358162,11.115813,15.680793,12.306622,15.209422,17.344868,19.178633,22.833431,24.059948,26.854334,25.538145,23.146868,19.45015,16.499573,13.536272,10.454968,7.118347,6.175665,0.0,5.3992295,6.9709144,9.333198,10.733958,8.441204,13.877572,12.659816,18.04084,17.282066,22.8489,26.85309,28.330368,31.029337,30.609234,32.590267,31.828684,27.165472,23.41816,24.291733,19.065378,22.769205,20.295223,15.844604,17.687284,15.107886,17.460232,17.181473,18.108881,20.098698,21.316446,22.96658,19.337818,22.213354,24.574333,21.832972,25.145552,27.995228,25.68834,23.508179,22.005716,17.179104,15.55198,15.572686,10.439747,10.9128275,8.686816,7.561215,8.286567,8.940329,13.049004,15.212809,18.707434,20.515085,25.481789,25.646437,29.899595,31.753738,29.931303,33.839993,33.595398,28.877825,26.225412,22.532969,23.574316,17.195738,17.302362,13.615906,13.077309,9.435644,10.598017,12.09855,8.54204,6.554844,9.209838,12.012477,12.6555805,15.08423,18.382723,21.276878,25.788267,25.867388,23.28281,28.082836,24.336504,27.309696,27.980885,30.19415
22,15.609181,12.543332,13.986244,8.765584,9.053143,14.37638,11.780168,15.731598,17.936678,20.700163,24.21267,26.271894,29.113235,27.57261,25.762054,21.26354,18.852434,15.350091,12.568527,9.137152,7.2996955,5.3992295,0.0,4.597729,6.5842414,9.112613,6.8354187,12.355343,11.822215,15.911179,16.573948,20.792738,26.108269,26.58413,30.08967,29.387257,31.926395,31.109962,26.715935,23.182095,22.463224,17.30066,20.352472,17.171583,12.266599,14.321181,11.117558,14.454284,14.241876,16.106333,18.895073,20.874067,23.025404,20.804674,23.761848,26.776524,24.476936,27.665081,31.160946,28.925339,26.283192,25.955116,21.114273,19.982857,20.430643,15.418081,16.275469,13.909709,12.472644,12.866624,12.656305,16.699183,17.908012,21.818865,22.683577,28.247894,27.396479,32.02612,33.384644,31.01698,34.50822,33.716305,29.044153,25.949697,22.70088,22.83773,17.287046,17.034128,14.055436,13.836435,10.8130245,13.026682,12.757513,11.989068,10.2907095,13.543775,15.198398,15.075041,16.858997,19.846746,21.812328,26.313066,25.987213,23.63346,28.264532,25.194351,27.417236,28.646997,30.162754
23,18.770308,15.388247,17.668211,12.809263,13.238464,18.733278,16.33204,20.115213,22.337708,24.908165,28.443745,30.25561,33.00594,31.419828,29.40751,25.12451,22.666712,19.149475,16.456034,12.773937,11.209843,6.9709144,4.597729,0.0,4.461318,8.382025,9.069176,13.883651,15.249096,18.8516,20.450531,24.50883,30.22306,30.830439,34.40799,33.863327,36.447086,35.69141,31.25347,27.652401,26.925364,21.735542,24.509981,20.831884,16.001463,17.14472,12.426156,15.505676,14.076495,15.075584,18.387589,19.8042,22.6551,20.3362,24.088598,27.156685,25.548098,29.103422,32.411095,30.79939,28.353666,27.738491,22.674416,21.705698,20.831806,16.526606,17.161974,13.62165,13.617191,15.222114,15.282327,19.673676,20.988514,24.977047,26.011198,31.47532,30.98472,35.498653,36.890026,34.640446,38.347557,37.59308,32.73514,29.604837,26.241282,26.059624,20.447674,19.095217,16.047235,14.686699,11.19907,12.186229,9.948022,10.701456,10.477807,13.421705,15.45371,16.537245,17.139809,21.408495,22.807842,26.829525,27.355864,25.330364,30.321272,27.901762,30.316946,31.885605,33.598057
24,18.92282,16.218271,19.138248,14.208055,15.355626,20.545248,17.256004,21.681671,22.902971,25.767208,28.944199,31.095064,33.42611,31.430054,29.741402,25.121305,23.364704,19.334768,17.625734,13.559635,13.4174185,9.333198,6.5842414,4.461318,0.0,4.4368606,7.1509604,10.557639,13.710252,16.25685,19.17358,22.646074,29.013212,29.806509,33.52181,33.456776,36.24491,35.877094,31.288881,27.576212,26.68259,21.408993,23.519495,19.201223,14.855612,14.63361,9.161781,11.635471,9.75189,10.641024,14.122138,15.76807,18.807137,17.3596,21.147846,24.5865,23.562962,27.085629,30.76569,29.587637,26.925468,27.272202,22.191254,21.9667,21.172789,17.421944,19.045528,15.904583,16.604406,17.370943,15.857702,20.451633,20.715176,25.1051,25.38264,31.134972,30.241028,34.809597,35.81371,33.392197,37.107414,36.151077,31.12797,27.842958,24.60376,23.737682,18.588045,16.215446,13.663399,11.951976,9.191406,10.691141,7.895577,10.704026,10.507607,13.595681,14.250014,15.028253,14.66841,18.990377,19.544035,23.292107,23.947668,22.243319,27.260202,25.692524,27.866554,29.988058,31.573797
25,20.458897,18.488354,21.131927,16.063711,17.200594,21.79259,17.418377,22.051584,22.191864,25.011408,27.796833,30.017178,31.86554,29.542477,28.055902,23.395584,22.277845,17.98139,17.32755,13.151865,14.605917,10.733958,9.112613,8.382025,4.4368606,0.0,5.5885253,6.9259095,11.58398,13.6582985,17.11814,20.621063,26.927794,28.366346,31.809853,32.343925,35.067932,35.114517,30.29445,26.421955,26.062263,20.727655,22.503578,18.05802,14.5121355,13.0031,8.092769,8.851571,7.0777884,7.4001236,10.093826,11.855863,14.520711,13.372336,16.935106,20.548262,19.8167,23.262577,27.1627,26.298626,23.532393,24.61807,19.655575,20.11661,19.567038,16.437632,18.982958,16.597717,17.833046,17.691175,14.728359,19.282104,18.604471,23.193193,22.907513,28.707338,27.692715,32.159595,32.92685,30.531199,34.37785,33.44261,28.26943,25.032158,21.76042,20.616436,15.619452,12.3787365,10.091452,7.9765744,6.1883507,8.375952,7.0380335,10.019792,9.476648,12.382457,11.564674,11.907113,10.838802,15.052668,15.17649,18.861317,19.609367,18.033472,23.137583,22.051912,24.266706,26.67818,28.40249
26,17.249393,15.624714,17.161942,11.98478,12.79596,16.768381,11.94809,16.65917,16.642809,19.604387,22.416817,24.832163,26.852976,24.63794,23.274466,18.369156,17.209703,12.864007,12.242852,8.268184,10.211553,8.441204,6.8354187,9.069176,7.1509604,5.5885253,0.0,5.70942,6.6257906,10.346469,12.180526,16.464157,22.15008,23.573778,26.855663,27.16481,29.761103,29.68616,24.852785,20.979029,20.888144,15.463012,17.787003,14.038345,10.311745,10.092539,7.7144527,9.223357,9.820995,11.625381,13.275617,15.590483,16.99472,15.4108095,17.72104,21.02,18.984102,21.981453,25.994614,24.108805,21.127014,22.226929,17.479088,17.500065,18.558609,14.36907,16.941236,15.68638,15.426033,14.156134,10.867175,15.068756,14.369712,18.916277,18.598728,24.567127,23.241053,27.903736,28.784575,26.28181,29.966837,29.074303,24.059614,20.85669,17.521126,17.068968,11.576221,10.291768,7.5689254,7.717215,6.219266,9.982372,11.398575,11.154186,8.765558,12.039182,11.392061,10.024754,11.418423,13.6230345,15.1593685,19.743416,19.170946,16.88467,21.572962,19.112005,21.281496,23.061823,24.675539
27,19.504906,18.889061,20.830034,16.216492,17.55421,20.734594,15.452925,20.257204,18.790354,21.840553,23.86513,26.610798,27.871586,25.132265,24.373062,19.327024,19.431416,14.912594,15.926092,12.438902,15.434799,13.877572,12.355343,13.883651,10.557639,6.9259095,5.70942,0.0,6.9137416,7.3228,11.633505,14.547702,20.863379,22.73608,25.96761,27.112816,29.85728,30.408133,25.536537,21.709005,21.570448,16.524273,17.554502,13.2552185,11.345652,8.344863,7.066331,5.3776,7.0149417,8.712133,8.932608,11.899973,12.613859,12.821153,14.343563,18.114202,16.9195,19.540113,24.108942,22.856398,19.594002,22.346354,18.03772,19.189444,20.458332,17.415611,20.80353,20.01911,20.44343,18.63328,14.028459,17.713085,15.396704,20.066307,18.458164,24.51816,22.558123,27.10451,27.31218,24.602625,28.208237,27.035358,21.865469,18.529316,15.557909,13.830341,9.672367,6.065642,5.395877,5.8653927,7.5903664,11.388642,13.005026,14.126949,12.14453,14.777972,12.216367,9.969031,9.818396,10.79147,10.705588,15.0284,14.16684,12.333829,16.956234,15.991195,17.640196,20.3588,21.736938
28,17.166874,16.930836,17.10599,12.834517,13.39867,15.196839,9.349446,13.863446,11.897157,15.088824,17.147024,20.120747,21.677776,19.156937,18.50867,13.129256,13.210657,8.753875,10.224428,7.9498377,11.465121,12.659816,11.822215,15.249096,13.710252,11.58398,6.6257906,6.9137416,0.0,6.235949,5.611995,10.8151865,15.612466,17.65172,20.490734,21.246782,23.703718,24.01923,19.027477,15.086761,15.742474,10.508084,12.718246,10.12419,8.361115,8.204123,10.482688,10.6842575,13.268916,15.528822,15.665433,18.349028,18.208714,17.144045,17.543833,20.44771,17.51503,19.479134,23.792116,21.099167,17.76185,20.053608,16.243158,16.591452,19.684814,15.604684,18.6413,19.120264,17.940004,14.950086,10.399038,12.973764,10.685304,15.048432,13.51761,19.729895,17.440285,22.27887,22.818336,20.03412,23.476053,22.49232,17.562872,14.361734,11.113394,11.114412,5.6988063,7.3971524,6.081002,9.262963,10.083031,14.140879,17.286037,15.824628,12.610975,15.170411,13.467212,9.869071,12.837904,11.565988,13.894578,18.845394,16.616285,13.844232,17.494516,13.984851,15.715326,17.060686,18.401405
29,16.935785,17.882559,18.981552,15.7186365,17.401274,18.785328,13.878667,18.440218,15.819181,19.342585,20.534008,24.122555,25.105856,22.233261,22.50397,17.018234,18.24115,14.117237,16.119589,14.110434,17.014053,18.04084,15.911179,18.8516,16.25685,13.6582985,10.346469,7.3228,6.235949,0.0,7.068895,7.3345575,14.527089,15.801764,19.36458,20.640343,23.679207,24.5158,19.990953,16.624537,15.614964,11.421465,11.066089,7.1137047,8.024394,4.4973664,9.37336,8.078118,11.842739,14.723679,14.43224,17.852558,17.47562,18.63424,18.45825,21.814848,19.877127,21.274515,26.119436,23.985807,20.395279,24.255287,20.89201,21.953693,24.930285,21.425873,24.70273,24.893272,23.990948,21.176298,16.508276,18.814463,15.663624,19.750729,16.932123,23.020525,19.58294,24.308205,23.848612,20.50496,23.216675,21.434185,16.685642,12.993594,11.128617,8.47097,7.3091416,7.2196436,8.941527,11.871522,13.964431,18.035574,20.174665,20.442259,17.717545,20.316603,17.782827,14.123642,15.517427,13.33787,13.567264,17.79743,14.679501,12.684679,15.323221,13.867703,13.878414,16.514563,16.626451
30,18.03064,18.8801,17.9663,15.001815,15.377726,15.113099,9.691076,13.048262,9.24102,12.501684,13.467953,17.110361,18.202805,15.514865,15.856396,10.273152,11.841633,8.415972,11.35416,11.133236,14.488397,17.282066,16.573948,20.450531,19.17358,17.11814,12.180526,11.633505,5.611995,7.068895,0.0,7.01487,10.029654,12.591718,14.947922,16.061268,18.399906,19.082169,14.070105,10.243466,11.600667,7.309899,9.065375,8.766785,9.564513,9.943388,14.631802,14.45189,17.750196,20.245064,19.779467,22.583582,21.628876,21.0231,20.19632,22.594448,19.159227,20.033968,24.301607,20.929932,17.526787,20.628557,17.977608,18.384953,22.745308,18.875288,21.808443,23.245712,21.3779,17.600239,13.18591,13.917403,10.771774,14.035887,11.316852,17.249958,13.7370405,18.658628,18.761927,15.590652,18.46123,17.266125,12.662753,9.479837,6.831991,7.736642,4.902633,9.709956,10.032739,13.857746,15.309436,19.212156,22.823362,20.90342,17.487465,19.62358,17.709108,13.452543,16.910997,13.553434,16.093426,20.788696,17.298542,14.450635,16.461164,12.029335,12.771948,13.307434,13.960791
31,17.142988,19.404547,19.100977,17.579166,19.043789,18.2608,14.501116,17.805557,14.2059965,17.67397,17.746267,21.959152,22.621912,19.911781,21.263239,16.005,18.179867,15.27208,17.815334,17.478497,19.962517,22.8489,20.792738,24.50883,22.646074,20.621063,16.464157,14.547702,10.8151865,7.3345575,7.01487,0.0,8.464145,8.639593,12.528182,13.88563,17.163746,18.327784,14.42988,12.032291,10.130721,8.278084,5.663036,5.641783,9.944955,9.132696,15.513709,14.940975,18.84117,21.953808,21.49027,24.877186,23.921,25.070477,23.95338,26.708021,24.086687,24.474497,29.092552,26.13336,22.614172,26.821598,24.465462,25.237976,29.438793,25.693438,28.652796,29.67724,27.750923,24.261097,20.06176,20.89693,17.583857,20.474548,16.993002,22.336658,17.701984,22.21386,21.189228,17.40858,18.763296,16.378107,12.7338915,9.176684,9.465355,7.312724,10.014428,12.9586935,14.863384,18.430996,20.415655,24.508087,27.14561,26.566034,23.415552,25.84458,23.56296,19.35943,21.754,18.09195,18.960249,22.8884,18.597645,16.600237,17.118126,14.746407,13.167268,14.681031,13.190379
32,23.075638,25.289494,23.362265,22.374847,22.685732,20.133068,16.741098,17.819094,12.824314,14.721502,12.91865,16.99814,16.656807,14.155344,16.69329,12.860864,16.280756,15.3872385,18.828474,20.178568,23.018875,26.85309,26.108269,30.22306,29.013212,26.927794,22.15008,20.863379,15.612466,14.527089,10.029654,8.464145,0.0,6.105836,5.5347176,8.725116,10.510261,12.666159,8.88341,7.6164603,9.735724,10.664722,9.570045,13.235362,16.749868,17.16749,23.21963,22.59309,26.359062,29.006203,27.917112,30.787622,28.973547,29.161568,27.002993,28.67889,25.137367,24.42668,28.246206,24.4133,21.399984,25.468365,24.61995,25.197826,30.55884,27.239277,29.970846,32.273136,29.870502,25.591639,21.676134,20.615911,17.170595,18.132486,14.2816305,17.795086,12.466058,16.151203,14.825839,11.113517,11.246929,9.0347805,7.000902,5.643587,7.9950886,9.417223,12.752586,17.576698,19.142567,23.075504,25.078556,28.838993,32.731346,30.641462,27.16062,28.908043,26.726988,22.18367,25.58889,20.585817,22.686975,26.436357,21.687405,19.410576,18.45277,14.242327,12.43595,11.171614,9.140575
33,19.867903,22.817228,20.81484,21.15209,21.998838,18.968292,17.232506,18.373802,14.631909,17.231445,16.007875,20.38682,20.854822,18.939373,21.25328,17.150814,19.648159,18.576782,20.954885,22.214796,23.947096,28.330368,26.58413,30.830439,29.806509,28.366346,23.573778,22.73608,17.65172,15.801764,12.591718,8.639593,6.105836,0.0,5.4492087,5.7235613,9.399024,10.790336,8.696417,9.038421,6.2996316,9.669994,6.771084,11.682347,15.701712,16.941504,23.238304,23.3583,27.200916,30.451649,30.083677,33.386494,32.201893,32.865833,31.319363,33.493015,30.17398,29.885511,33.925953,30.147217,27.016165,30.755455,29.345854,29.560558,34.668606,30.683218,33.046413,34.802334,31.867332,27.990696,24.786528,24.209188,21.475143,22.797466,19.53809,23.329718,18.222416,21.900532,20.680717,17.068342,16.380434,13.768775,12.873744,11.16677,13.249086,13.333431,16.502537,20.825798,22.296936,26.101933,27.696367,31.704762,34.749187,33.24781,29.801685,32.031784,30.284193,25.940596,29.199942,24.965694,26.619368,30.472954,25.783306,23.693188,23.046558,19.634623,17.527061,17.054123,14.467442
34,24.837227,27.503258,24.968204,25.095253,25.333157,21.790825,19.818624,19.91804,15.469258,16.860975,14.448621,18.367645,17.97135,16.28393,19.271326,16.385712,19.532734,19.49744,22.436632,24.346626,26.524565,31.029337,30.08967,34.40799,33.52181,31.809853,26.855663,25.96761,20.490734,19.36458,14.947922,12.528182,5.5347176,5.4492087,0.0,4.67799,5.942501,8.767976,7.3255277,8.86375,9.869548,13.24705,11.681666,16.510338,20.21534,21.330795,27.551376,27.317577,31.14295,34.04679,33.178406,36.17138,34.43639,34.68087,32.51055,34.075596,30.416706,29.497915,33.028404,28.957008,26.201975,29.917397,29.418808,29.67185,35.27038,31.749846,34.096294,36.546432,33.609764,29.337376,26.105562,24.601519,21.714832,21.975595,18.581139,21.024826,15.8343725,18.588455,17.130247,13.903673,12.125999,9.804435,10.6971035,10.684986,13.403097,14.750206,18.173561,23.040916,24.500404,28.432974,30.205236,33.994133,37.76176,35.544365,31.993523,33.784504,31.923342,27.438265,31.02613,26.076454,28.199146,31.8457,26.978582,24.8334,23.437868,19.417084,17.283974,15.520228,12.859779
35,22.655518,25.405275,22.322123,23.306847,23.461927,19.293318,18.655008,18.197208,14.761961,16.312437,14.412093,18.399107,18.897026,17.8347,20.39886,17.441633,19.72458,19.934551,22.01136,24.208387,25.524551,30.609234,29.387257,33.863327,33.456776,32.343925,27.16481,27.112816,21.246782,20.640343,16.061268,13.88563,8.725116,5.7235613,4.67799,0.0,4.073983,5.2304187,5.3803964,8.314439,7.4330726,12.160297,11.005223,16.4318,19.615522,21.781109,27.785667,28.29504,32.018417,35.218895,34.92611,38.069458,36.81016,36.794483,35.156326,36.92878,33.085922,32.582405,36.099792,31.804024,29.04673,32.023582,31.153906,30.892565,36.418335,32.35267,34.222057,36.474503,32.985523,28.958338,26.547503,25.090702,23.011553,23.285337,20.654758,23.282358,18.553297,21.52705,20.688673,17.6766,16.202618,14.279542,14.8498335,14.347557,16.299574,17.73478,20.101274,25.092379,26.057072,29.915949,31.143005,34.9796,38.39855,36.097683,32.515358,34.51341,33.233986,28.958591,32.80534,28.490728,30.848516,34.85273,30.208708,27.881948,27.138187,22.819752,21.13165,19.47735,17.207098
36,26.18206,28.676985,25.19625,26.086073,25.777134,21.2618,20.66403,19.346895,15.767455,16.294815,13.654065,17.027544,17.079882,16.538782,19.3966,17.544996,19.9676,21.02488,23.246841,25.932205,27.376999,32.590267,31.926395,36.447086,36.24491,35.067932,29.761103,29.85728,23.703718,23.679207,18.399906,17.163746,10.510261,9.399024,5.942501,4.073983,0.0,3.4704459,5.530289,9.322511,10.810655,15.109254,14.705438,20.074593,22.985106,25.20492,31.101961,31.515938,35.19501,38.20359,37.696445,40.639664,39.12033,38.706406,36.786514,38.158325,34.04125,33.21959,36.298008,31.760563,29.338572,31.986631,31.709501,31.32553,37.132725,33.32192,35.028122,37.7427,34.161217,29.94589,27.759838,25.645302,23.733967,23.191898,20.804598,22.348,17.938787,20.127073,19.430103,16.99041,14.953716,13.694046,15.287264,15.724429,17.697504,19.899849,22.075066,27.378937,28.193264,32.08163,33.287354,36.940945,40.792156,37.94544,34.310394,36.010468,34.814102,30.5435,34.65834,30.062073,32.805637,36.74826,32.099396,29.69168,28.675386,23.897207,22.42077,19.977259,17.97091
