,0,1,2,3,4,5,6,7,8,9,10,11,12,13,14,15,16,17,18,19,20,21,22,23,24,25,26,27,28,29,30,31,32,33,34,35,36,37,38,39,40,41,42,43,44,45,46,47,48,49,50,51,52,53,54,55,56,57,58,59,60,61,62,63,64,65,66,67,68,69,70,71,72,73,74,75,76,77,78,79,80,81,82,83,84,85,86,87,88,89,90,91,92,93,94,95,96,97,98,99,100,101,102,103,104,105,106,107,108
0,0.0,4.029111,7.791546,10.278875,13.369721,16.876057,18.62751,23.181711,26.189928,29.31788,34.103046,33.761707,36.689087,37.97882,33.356922,29.40212,28.11464,23.012651,22.7754,17.024136,17.625998,13.862687,14.234242,15.803348,12.359768,10.853586,15.501154,18.586386,20.150106,23.135225,25.213255,31.32516,32.251415,35.965454,36.23201,39.71851,39.54249,36.480957,35.899265,32.54082,32.458874,26.575636,24.767075,21.493774,19.991339,15.469387,14.150325,14.615368,19.159948,20.72672,22.433273,26.172087,29.280516,30.122002,31.456816,29.625834,29.482021,31.871105,36.978848,33.627052,30.534288,29.264883,25.502602,25.650372,26.24177,24.973269,21.165293,19.09635,15.147886,13.538589,18.115883,17.498238,22.106348,22.675953,26.981134,29.710669,33.40551,35.97288,38.253532,42.10469,41.03024,42.39851,38.865574,34.921757,32.210392,29.1517,25.125813,21.023031,18.920433,14.875786,15.078874,11.525192,14.935588,19.38555,23.209133,22.568748,28.640072,27.100618,32.717293,31.251585,36.537918,39.677246,37.67913,34.429455,32.67493,27.708963,26.77466,22.474138,22.03236
1,4.029111,0.0,5.135485,6.668821,9.530934,13.375676,14.665938,19.464024,22.26682,25.594606,30.165436,29.998066,32.824703,34.080204,29.553135,25.455505,24.339497,19.090467,19.177542,13.46222,14.295114,11.090646,12.073009,13.314638,10.981451,8.877274,14.22421,16.538023,17.290642,20.386158,22.085533,28.038475,28.790806,32.417305,32.491875,35.99567,35.670372,32.558224,32.03262,28.639992,28.787704,22.785242,21.253101,17.8588,16.868235,12.722326,12.020441,13.510056,17.503815,19.918573,20.532425,24.828213,27.949915,28.347143,29.269655,27.175354,26.870338,28.926533,34.150814,30.696898,27.471981,26.730095,23.191751,23.694685,25.005445,23.752707,19.353329,18.01126,14.18826,11.639893,15.393562,14.174528,18.644842,18.98043,23.344051,25.952515,29.573427,32.060825,34.3207,38.180187,37.05278,38.377945,34.841423,30.895493,28.205647,25.129423,21.147089,16.999268,15.032595,11.048047,11.7884,8.722028,12.876611,16.618275,20.330957,19.509945,25.435196,23.632446,29.29266,27.519169,32.81357,35.92231,33.90385,30.614622,29.146946,23.932686,23.24264,18.8996,18.728195
2,7.791546,5.135485,0.0,5.321484,6.847268,10.892631,12.2130995,16.068493,19.462196,21.913984,27.232803,26.45573,29.611708,31.328417,26.540709,22.835884,20.9972,16.38777,15.24529,9.540416,10.250408,6.2207355,8.224596,11.060659,10.424407,10.20255,15.716361,17.669992,17.447906,21.604479,21.763071,28.233637,27.82858,32.029472,31.251633,34.957504,34.244514,31.100218,31.288433,27.7123,28.935263,22.391792,22.033688,17.891254,18.718504,14.906418,15.664288,17.124964,20.76395,23.90866,23.938108,28.297768,31.669638,31.890799,32.1692,29.685888,29.450388,30.951271,36.342037,32.803246,29.40547,29.487991,26.334251,27.124798,29.140293,27.646395,22.805523,22.368866,18.477306,15.030867,17.971418,16.108667,19.929892,19.624386,24.033716,26.12953,29.352493,31.402172,33.312096,37.27172,35.595093,36.76126,32.78636,28.964558,26.881723,23.062986,20.068846,15.627632,14.386712,11.012358,11.903091,8.822869,12.730323,16.016932,19.369717,19.413277,24.731064,23.571465,28.87514,27.089085,32.179302,35.046352,32.488052,29.273577,27.782452,22.505106,21.415705,17.405602,16.35842
3,10.278875,6.668821,5.321484,0.0,4.204128,6.708124,9.359354,13.2591095,16.328648,19.847635,24.462473,24.711338,27.498386,29.25617,24.966782,20.457235,19.4403,14.163843,13.929041,8.60322,8.422822,7.128393,7.7470336,7.8166733,8.147898,6.66821,12.01163,13.014063,12.262166,16.395357,16.528347,22.953705,22.78376,26.926527,26.481186,30.12838,29.74967,26.732742,26.731056,23.21103,24.1411,17.577997,17.163746,12.78981,14.040657,10.263216,12.363082,13.745975,16.666899,20.49502,19.93848,24.187672,27.751438,28.060232,27.696247,24.988976,25.136505,26.471659,32.04321,28.90579,25.359888,26.156553,23.114767,24.620674,26.621956,26.163683,21.185818,20.373045,17.675348,14.4987545,15.914463,12.617149,16.538961,15.377559,20.12578,21.792685,25.015606,27.191341,28.993275,32.99104,31.472445,33.18875,29.272938,25.414112,23.42423,19.664795,16.890495,12.297199,11.936179,8.991852,11.701593,10.4010105,14.977678,16.93278,20.003471,19.10767,24.192371,21.815626,27.366808,24.507929,29.707972,32.623886,30.4588,27.082426,26.665287,20.701567,20.711948,16.603363,16.726885
4,13.369721,9.530934,6.847268,4.204128,0.0,5.8090677,5.5359874,10.018929,12.863817,16.12851,20.798685,20.732573,23.568577,25.2676,20.844099,16.538094,15.322228,10.142311,10.034842,4.7646914,5.983967,6.008285,8.735444,9.454219,11.644887,10.572161,15.522539,15.65284,13.645094,17.659172,16.845062,22.681929,21.905746,25.855019,24.735708,28.435139,27.504803,24.305689,24.614128,21.003979,22.722603,16.039633,16.5308,12.210999,14.633276,12.351919,14.506423,17.017994,19.178293,23.325113,21.668344,26.468306,29.705456,29.292707,28.73548,25.884363,25.50811,26.283947,31.725998,28.26454,24.732077,25.97612,23.44169,24.943104,27.84285,26.779188,21.472237,21.956684,19.02251,15.070788,15.648498,12.431255,15.294073,14.074298,18.439775,19.969927,22.904354,24.75341,26.53794,30.510267,28.752655,30.003288,26.008028,22.17207,20.251429,16.29334,13.73833,9.114272,9.074301,7.057329,9.823586,9.466699,13.543826,14.424476,17.019693,16.47698,20.980476,18.98768,24.214647,21.479141,26.498365,29.266235,26.797123,23.486488,23.003284,17.05839,16.91981,13.050599,13.015
5,16.876057,13.375676,10.892631,6.708124,5.8090677,0.0,7.0567684,7.8047376,11.257337,14.839909,19.391855,20.225126,22.876488,25.301813,21.501429,16.700788,15.868666,11.240533,10.380761,7.405955,5.000216,8.103225,7.8108335,5.736904,10.034417,10.019937,13.306022,12.521516,9.648156,14.681323,12.259499,19.018028,17.355412,22.209864,20.956915,24.760208,24.29812,21.487076,22.295439,18.720028,20.78537,13.850187,15.226481,10.033589,14.283315,11.902864,15.974708,16.994864,18.548084,23.224163,21.682936,25.514658,29.295877,29.51315,27.86711,24.663279,25.299963,25.751776,31.427643,28.77825,25.09212,27.436975,25.075645,27.374922,29.858578,30.05706,24.896744,24.545107,22.772982,19.459045,19.088306,14.539012,17.150461,14.374173,18.982836,19.26729,21.723986,23.353529,24.439156,28.52954,26.482384,28.693554,24.320381,20.708256,19.863869,15.258012,14.682838,10.230713,12.275762,11.450536,15.044246,15.190129,19.32045,19.706923,21.866045,21.027706,24.826588,22.07499,27.09521,23.201168,27.986668,30.545673,28.269258,24.952293,25.785318,19.396708,20.213821,16.886377,17.272142
6,18.62751,14.665938,12.2130995,9.359354,5.5359874,7.0567684,0.0,6.5046825,7.803402,11.693127,15.506184,15.877041,18.374018,19.904615,15.765305,11.100559,10.513445,4.8802247,6.824747,4.9925075,6.9853883,9.815223,12.721185,12.570923,16.069786,14.804876,18.918604,17.787178,14.424252,17.725359,15.908421,20.41927,19.112343,22.500378,20.736538,24.36983,22.894638,19.5437,20.100286,16.484226,19.076574,12.570554,14.332894,10.533678,14.432498,14.222933,16.772614,20.096046,21.02183,25.575531,22.537039,27.665842,30.504827,29.322754,28.221504,25.193579,24.39463,24.336613,29.544392,26.010536,22.538105,24.735252,23.010452,24.839579,28.613512,27.487385,22.034739,23.674477,21.289186,17.096842,15.87011,12.340297,13.376699,11.561716,15.189518,16.12198,18.534826,19.968246,21.668283,25.579464,23.65322,24.58949,20.5938,16.767044,14.970256,10.856725,8.916562,4.5094805,6.4590244,7.378683,10.432616,12.104563,15.22181,14.012723,15.479118,14.771063,17.93565,15.659229,20.369322,17.069958,21.795557,24.359419,21.80143,18.505186,18.792858,12.523714,13.169294,9.996496,10.819131
7,23.181711,19.464024,16.068493,13.2591095,10.018929,7.8047376,6.5046825,0.0,4.755678,7.0418787,12.182597,12.54499,15.337328,18.275482,14.572758,10.349268,9.000045,6.6750846,4.8030057,7.4343834,6.534576,11.367654,13.022125,12.560898,17.542137,17.767542,20.865126,19.315718,15.3066025,19.408098,15.379589,20.229265,16.904406,21.31267,18.295631,22.095812,20.411186,17.454763,19.452753,15.922067,20.015003,13.591849,17.05695,12.813065,18.461248,18.14008,21.884855,24.057123,24.770885,29.664894,26.80747,31.139706,34.39914,33.63063,31.574297,28.236328,28.18275,27.57481,32.78801,29.891727,26.40546,29.63964,28.23106,30.529322,34.165936,33.63311,28.236614,29.518444,27.537846,23.510002,22.086369,17.98605,18.587643,15.655947,18.896856,18.302616,19.588596,20.135164,20.684559,24.620926,21.78041,23.223577,18.392532,15.139688,15.464003,9.936408,12.075491,9.074314,12.500813,13.869495,16.794725,18.05543,20.958933,19.620518,20.460318,20.348986,22.263235,20.326889,24.077208,20.234142,24.118448,26.074865,23.19551,20.235704,21.571888,15.628985,16.511824,14.713543,14.78833
8,26.189928,22.26682,19.462196,16.328648,12.863817,11.257337,7.803402,4.755678,0.0,5.834064,8.214032,9.970679,11.882051,14.302687,11.32182,6.3857536,6.9601264,5.477921,7.105542,10.656234,10.940152,15.481694,17.494946,16.527498,21.285246,20.696085,23.5483,21.324608,16.858082,19.728123,15.8101425,18.746618,15.5777025,18.80311,15.43835,19.00786,16.76078,13.56563,15.576955,12.17846,16.876734,11.3087635,15.4586935,12.437256,18.162992,19.30431,22.781498,25.69618,25.575489,30.508987,26.676193,31.289356,34.033226,32.587143,30.341784,27.051384,26.513952,25.315826,30.125853,27.205317,23.931011,27.683693,26.920277,29.333462,33.48869,32.908302,27.60862,29.633451,28.080746,24.083944,21.58684,17.652603,16.95984,13.950523,16.12082,15.010432,15.70706,15.855662,16.431349,20.257292,17.438797,18.540854,13.841617,10.457337,10.902105,5.2620482,8.984733,7.8464413,11.83667,14.47289,17.306742,19.606089,22.057514,19.590551,19.709381,19.1892,20.03695,17.710499,20.8409,16.52064,19.967628,21.738056,19.04686,16.15693,18.43233,12.595359,14.4700985,13.500011,14.563947
9,29.31788,25.594606,21.913984,19.847635,16.12851,14.839909,11.693127,7.0418787,5.834064,0.0,7.0640893,5.795586,8.947308,12.686521,9.354725,7.4022784,5.2645755,8.4679985,6.8870296,12.440313,12.668159,16.883354,19.208591,19.382412,24.461134,24.762737,27.852583,26.038208,21.720938,25.175554,20.68229,23.84608,19.721127,23.18081,18.91244,22.250982,19.413786,16.648367,19.621964,16.666914,22.01531,16.967775,21.279087,18.145111,23.880383,24.559229,27.972502,30.736897,31.046774,35.9676,32.394463,36.982994,39.830235,38.384365,36.16169,32.861813,32.28244,30.955389,35.56349,32.54524,29.410007,33.08602,32.414703,34.57654,38.935783,37.82876,32.44475,34.81063,32.692123,28.346893,26.38428,22.926273,22.208496,19.608868,21.42203,20.258833,20.35268,19.752802,19.712742,23.103186,19.601168,19.856333,14.847567,12.568954,14.317019,9.1547365,13.612677,12.815482,16.13114,18.58189,20.651098,22.460827,24.245895,21.73116,21.328163,21.92831,21.881048,21.038738,23.14294,19.836216,22.369694,23.505001,20.049757,17.811106,19.498976,14.943653,15.642704,15.803489,15.493565
10,34.103046,30.165436,27.232803,24.462473,20.798685,19.391855,15.506184,12.182597,8.214032,7.0640893,0.0,5.5480676,4.692906,7.705769,7.5788774,6.252678,8.180481,11.504643,12.974218,17.95082,18.534044,22.94087,25.180107,24.40794,29.375095,28.864878,31.4283,28.801405,24.082937,26.114588,21.770304,22.443806,18.579437,20.205595,15.546626,18.107718,14.4404125,11.849962,15.070558,13.028965,18.875923,15.903306,20.63717,19.111822,24.655748,26.82837,30.090244,33.36486,32.6337,37.54101,32.954037,37.54461,39.772095,37.642212,35.027325,31.860977,30.899166,28.774982,32.62051,29.91912,27.237705,31.650867,31.866892,34.25021,39.010708,38.16224,33.09465,36.05711,34.7197,30.663548,27.445705,24.126265,22.032383,19.370295,19.616175,17.526451,16.336557,14.742641,14.205009,17.011326,13.360168,12.958885,8.013589,6.645596,9.966563,6.871519,12.969144,14.474522,17.964396,21.386827,23.510319,26.327408,27.84207,24.265594,23.112146,22.987705,21.492811,20.001709,20.868622,16.899015,18.130566,18.621689,15.732224,14.0322895,17.641693,14.000839,16.19004,17.426842,18.472593
11,33.761707,29.998066,26.45573,24.711338,20.732573,20.225126,15.877041,12.54499,9.970679,5.795586,5.5480676,0.0,3.9312868,7.7909703,5.281836,7.168951,5.959127,11.4976845,11.385969,16.942835,17.994747,21.768667,24.642378,25.037434,29.980461,29.940687,33.189716,31.19938,26.748922,29.54851,25.295507,27.130962,23.188663,25.454582,20.848967,23.572458,19.957802,17.375084,20.420412,18.124252,23.736242,19.965029,24.347738,22.181414,27.54629,29.016943,31.9531,35.366154,35.341816,40.182384,35.98865,40.91319,43.27869,41.166756,39.052116,35.908264,34.72281,32.941048,36.919388,33.708557,30.971647,34.721287,34.650913,36.577774,41.499268,39.85138,34.607857,37.888035,35.711388,31.23796,28.826895,26.057617,24.366457,22.317928,22.94823,21.699429,21.062588,19.740294,19.588453,22.261984,18.696466,17.40506,12.995963,11.792183,13.926881,10.520129,15.148064,15.941344,18.753675,21.822966,23.215477,25.528923,26.44039,23.003517,21.612682,22.555069,20.862423,20.914822,21.482979,18.964342,20.172146,20.5616,16.742773,15.35117,17.165045,14.384079,14.957717,16.709492,16.46084
12,36.689087,32.824703,29.611708,27.498386,23.568577,22.876488,18.374018,15.337328,11.882051,8.947308,4.692906,3.9312868,0.0,4.7999864,5.5844464,8.1032,8.862317,13.838972,14.80644,20.158014,21.225245,25.19156,27.949118,27.874928,32.822098,32.454266,35.422607,33.048763,28.41819,30.582485,26.371313,27.047384,23.229445,24.589848,19.863657,22.072016,18.098465,15.802569,18.889832,17.201496,22.89663,20.238794,24.750462,23.327898,28.589039,30.724808,33.621246,37.224228,36.70447,41.533333,36.876102,41.753918,43.816544,41.383152,39.06271,36.003296,34.65209,32.470123,35.996246,32.990044,30.531015,34.633286,35.024784,37.055637,42.15203,40.65269,35.59863,39.14538,37.373184,33.06643,30.059305,27.354975,25.03254,22.969566,22.821741,21.129604,19.815811,17.948273,17.48881,19.636103,16.064344,14.120214,10.143437,9.936027,12.729865,10.719559,15.79659,17.572838,20.458118,23.9214,25.371387,28.12902,28.949326,25.048721,23.309141,23.869007,21.401983,21.161253,20.94042,18.205923,18.491375,18.36289,14.860719,14.003785,16.87216,14.844601,16.166536,18.416166,18.845156
13,37.97882,34.080204,31.328417,29.25617,25.2676,25.301813,19.904615,18.275482,14.302687,12.686521,7.705769,7.7909703,4.7999864,0.0,5.3521924,8.8381195,10.792388,15.134685,17.432081,22.22985,23.94732,27.60426,30.773777,30.668045,35.288635,34.329235,37.47559,35.006092,30.423246,31.892538,28.419334,28.165117,25.242002,25.51559,21.306028,23.075022,18.929888,16.554533,18.746864,17.51332,22.626368,20.950586,24.990795,24.455517,28.983652,31.773567,34.063347,38.279972,37.459324,42.074085,36.925842,42.13338,43.6667,40.63444,38.649387,35.84733,33.863216,31.485231,34.4337,31.172478,29.107553,32.987633,33.838,35.592403,41.048008,39.148056,34.357113,38.57822,36.897682,32.683426,29.261694,27.23839,24.200632,22.808554,21.706701,20.332104,18.828518,16.834167,16.945816,18.50834,15.675532,12.221677,9.853076,9.935415,11.493787,11.632707,15.390505,18.225595,20.479376,24.267603,25.265678,28.497747,28.807999,24.289165,21.998556,22.348106,18.84094,18.871868,17.521322,15.429899,14.662289,14.071366,10.507079,10.3798065,13.575274,13.0579,14.664462,17.68334,18.687075
14,33.356922,29.553135,26.540709,24.966782,20.844099,21.501429,15.765305,14.572758,11.32182,9.354725,7.5788774,5.281836,5.5844464,5.3521924,0.0,5.6676755,6.0099525,10.894027,12.775875,17.478422,19.560078,22.804985,26.334852,26.820623,31.283155,30.50415,34.13586,32.158997,27.821629,29.952557,26.664825,27.782927,24.920898,26.219027,22.229818,24.71929,20.970493,18.048635,20.090427,17.948893,22.927015,19.754915,23.52953,22.178055,26.659758,28.738108,30.879744,35.084106,34.877197,39.467937,34.81351,40.241634,42.078793,39.345375,37.764347,34.883213,32.956074,31.138632,34.700993,31.018253,28.571472,31.867758,32.11284,33.64619,38.98038,36.722977,31.654593,35.718193,33.43881,28.949657,26.237135,24.308895,21.950905,20.772537,20.604565,20.012686,19.549667,18.39828,19.099178,21.505579,18.679075,16.237186,12.936774,11.392047,11.814055,10.158351,12.96726,14.839333,16.78433,20.239195,20.99501,23.852745,24.117008,19.928465,17.913048,18.786388,16.157722,16.72907,16.539227,14.857175,15.701798,16.110737,11.956659,10.689268,11.9990835,10.273949,10.79978,13.519503,13.81768
15,29.40212,25.455505,22.835884,20.457235,16.538094,16.700788,11.100559,10.349268,6.3857536,7.4022784,6.252678,7.168951,8.1032,8.8381195,5.6676755,0.0,4.502584,6.4562225,9.862594,13.917849,15.706395,19.40252,22.490103,22.235435,26.616447,25.520555,28.866512,26.68052,22.303461,24.286333,21.171158,22.489923,19.992115,21.564177,18.056173,20.943232,17.73807,14.416565,16.063957,13.336938,18.11979,14.243714,18.039963,16.520235,21.184732,23.315687,25.7623,29.758898,29.375134,34.051277,29.45406,34.71655,36.729942,34.30395,32.53431,29.54374,27.942865,26.307716,30.338299,26.839676,24.056654,27.583107,27.532368,29.445465,34.43679,32.86755,27.698183,31.121962,29.278233,25.017288,22.028519,19.368216,17.27929,15.500278,15.935412,15.234468,15.320185,14.824132,15.872159,19.026241,16.417347,15.480521,11.562283,8.51708,8.142584,4.9169207,8.030613,9.6527605,12.376418,15.953213,17.598846,20.644634,21.853153,18.064283,16.942589,16.773832,15.723111,14.39853,16.004646,12.562754,15.023386,16.392353,13.115347,10.543133,12.829431,8.189438,10.219678,11.181144,12.55605
16,28.11464,24.339497,20.9972,19.4403,15.322228,15.868666,10.513445,9.000045,6.9601264,5.2645755,8.180481,5.959127,8.862317,10.792388,6.0099525,4.502584,0.0,5.966866,6.7738104,11.67178,13.57753,16.905863,20.337227,21.019943,25.502676,25.072273,28.846184,27.233292,23.107698,26.031328,22.644363,25.295706,22.297577,24.852942,21.136179,24.306225,21.225437,18.035774,20.09486,17.138578,21.939692,17.16514,20.81385,18.322403,23.120178,24.24966,26.734194,30.433603,30.7727,35.447014,31.492357,36.74633,39.118587,37.06133,35.51049,32.451664,31.065584,29.817598,34.14769,30.504478,27.559278,30.624754,30.111998,31.78522,36.605835,34.674713,29.324343,32.544556,30.023466,25.453173,23.443933,20.91196,19.689568,18.085228,19.34888,19.073854,19.543167,19.198301,20.046087,23.275322,20.35396,19.478848,15.235752,12.542894,12.615253,8.569373,10.955578,10.894663,13.210842,16.054825,17.312212,19.575193,20.608208,17.392336,16.482384,17.333372,16.807657,16.684494,18.498266,16.112991,18.708937,20.020626,16.22932,13.9175625,14.577675,10.39032,10.496228,11.254457,10.969144
17,23.012651,19.090467,16.38777,14.163843,10.142311,11.240533,4.8802247,6.6750846,5.477921,8.4679985,11.504643,11.4976845,13.838972,15.134685,10.894027,6.4562225,5.966866,0.0,5.6630464,7.7596874,10.102112,13.311425,16.654425,16.79832,20.75542,19.660877,23.568768,22.041681,18.18628,20.972092,18.50972,21.732126,19.81657,22.541624,19.932932,23.368132,21.093943,17.636463,18.662273,15.244124,18.889746,13.220428,16.008745,13.196465,17.507044,18.428648,20.771692,24.566053,24.983479,29.576838,25.805073,31.146372,33.59285,31.767996,30.489704,27.472029,26.177559,25.446226,30.19008,26.479202,23.265486,25.93533,24.932997,26.682398,31.153612,29.554834,24.129002,26.82464,24.449696,20.036703,18.07143,15.1588745,14.608846,12.976406,15.217436,15.667279,17.259497,17.975658,19.531673,23.205471,20.971163,21.060772,17.060272,13.429341,11.913318,7.72672,7.129747,5.2314453,7.7290673,10.403954,12.431095,14.870988,16.82054,14.169168,14.375713,14.165221,15.5963745,13.999528,17.614325,14.49266,18.548857,20.732708,17.718615,14.622101,15.160745,9.163747,9.963932,8.311953,9.208225
18,22.7754,19.177542,15.24529,13.929041,10.034842,10.380761,6.824747,4.8030057,7.105542,6.8870296,12.974218,11.385969,14.80644,17.432081,12.775875,9.862594,6.7738104,5.6630464,0.0,5.751462,7.028793,10.403547,13.656701,14.905596,19.36073,19.638062,23.621065,22.70103,19.117073,23.18162,19.82885,24.502523,21.505161,25.457342,22.309652,25.981995,23.799715,20.655746,22.561357,19.086763,23.214933,17.008698,20.065443,16.160076,20.99102,20.552486,23.418161,26.218801,27.415379,32.062443,29.230207,34.09572,37.117695,35.97385,34.53657,31.367933,30.699358,30.200123,35.2233,31.745964,28.391775,30.999987,29.59237,31.326307,35.350124,33.82287,28.334637,30.34917,27.525557,23.030489,22.206526,19.100151,19.56676,17.63946,20.523302,20.660635,22.057068,22.502865,23.400963,27.144587,24.296354,24.685093,20.047855,16.880922,16.696497,11.599262,12.710182,9.939081,12.152942,13.424542,15.234153,16.221315,18.2905,16.834734,17.40344,18.225782,19.908873,19.281092,22.65765,20.01829,23.745905,25.62526,22.177755,19.407892,19.474314,14.224846,13.807523,12.36006,11.229752
19,17.024136,13.46222,9.540416,8.60322,4.7646914,7.405955,4.9925075,7.4343834,10.656234,12.440313,17.95082,16.942835,20.158014,22.22985,17.478422,13.917849,11.67178,7.7596874,5.751462,0.0,4.174097,5.590101,9.612023,11.459338,14.863938,14.850071,19.505198,19.375446,16.694187,20.98362,18.911171,24.502485,22.622778,26.739395,24.640245,28.404938,26.869043,23.63364,24.6933,21.054504,23.93436,17.262966,18.959377,14.66498,18.268381,16.711494,19.070591,21.70037,23.622398,27.938509,25.87665,30.757341,33.92258,33.181126,32.34204,29.350449,28.78045,29.029018,34.315804,30.715162,27.244564,28.963737,26.886381,28.34981,31.814323,30.27338,24.835842,26.156675,22.96624,18.592606,18.835163,15.914006,17.692972,16.304678,20.05937,21.112917,23.438019,24.680994,26.128523,30.042263,27.751259,28.515385,24.191132,20.596537,19.33218,14.769535,13.537051,9.39553,10.179116,9.657926,11.552691,11.511915,14.442883,14.462621,16.275673,16.724895,20.157082,19.146492,23.608847,21.204899,25.734198,28.143667,25.089336,22.003292,21.355364,15.749871,15.038148,12.014495,10.913049
20,17.625998,14.295114,10.250408,8.422822,5.983967,5.000216,6.9853883,6.534576,10.940152,12.668159,18.534044,17.994747,21.225245,23.94732,19.560078,15.706395,13.57753,10.102112,7.028793,4.174097,0.0,5.0404325,6.828534,8.142302,12.459101,13.463784,17.422825,17.27537,14.607049,19.637007,16.799088,23.240301,20.796202,25.685541,23.554039,27.420916,26.28677,23.345068,24.757515,21.11722,24.095428,17.185707,19.168852,14.248409,18.531353,16.32584,19.64838,21.128473,23.122192,27.613647,26.074278,30.25513,33.888596,33.779778,32.417625,29.253952,29.428518,29.701754,35.221035,32.137993,28.529423,30.688341,28.465544,30.343868,33.299862,32.568268,27.220306,27.653774,24.979055,21.041655,21.246765,17.520195,19.702099,17.491983,21.650152,22.081108,24.234903,25.420732,26.40461,30.432142,27.926847,29.417755,24.765556,21.3168,20.789566,15.7153015,15.65267,11.339938,13.069081,12.419822,15.013969,14.667393,18.09714,18.507885,20.405556,20.596546,23.996046,22.462725,26.99666,23.90989,28.406122,30.738817,27.818964,24.70581,24.791328,18.896984,18.730955,15.838776,15.001758
21,13.862687,11.090646,6.2207355,7.128393,6.008285,8.103225,9.815223,11.367654,15.481694,16.883354,22.94087,21.768667,25.19156,27.60426,22.804985,19.40252,16.905863,13.311425,10.403547,5.590101,5.0404325,0.0,5.0836763,9.012914,11.322535,12.64167,17.43004,18.494244,17.007618,22.010298,20.296291,27.037418,25.246742,30.03053,28.299519,32.14538,31.090357,28.053879,29.113934,25.4544,27.878487,20.990778,22.069714,17.306276,20.22019,17.081196,19.388266,20.70981,23.646883,27.57424,26.878948,31.124224,34.749687,34.84266,34.209007,31.300827,31.30789,32.115513,37.629044,34.257042,30.707146,31.93688,29.280212,30.61124,33.223083,31.96136,26.760807,26.924654,23.48313,19.580557,21.175266,18.338718,21.262207,19.939054,24.248114,25.441196,28.029455,29.503368,30.839962,34.85171,32.55407,33.756626,29.284615,25.726944,24.624195,19.939987,18.66751,14.189062,14.469131,12.537327,14.141704,12.339187,15.695915,17.500395,20.013653,20.612848,24.804054,23.893412,28.663223,26.41503,31.12723,33.636112,30.634773,27.532804,26.603344,21.132566,20.117718,16.807287,15.239716
22,14.234242,12.073009,8.224596,7.7470336,8.735444,7.8108335,12.721185,13.022125,17.494946,19.208591,25.180107,24.642378,27.949118,30.773777,26.334852,22.490103,20.337227,16.654425,13.656701,9.612023,6.828534,5.0836763,0.0,5.2818856,7.5136895,10.52131,14.271778,15.756214,14.956409,20.514729,18.583744,26.123634,24.211449,29.596584,28.204344,32.044098,31.58503,28.883728,30.021568,26.438745,28.559933,21.644285,22.582212,17.45252,20.453665,16.443676,19.562431,19.309212,22.466808,26.354744,26.538301,29.835165,33.96924,34.89689,33.843376,30.867548,31.718834,32.7202,38.436802,35.65027,31.998613,33.48385,30.586634,32.305405,34.167755,33.89106,28.913927,27.911942,25.161257,21.95956,23.538523,19.990883,23.427183,21.463198,26.166672,26.916664,29.478022,31.049799,32.054752,36.142433,33.829414,35.80283,31.170727,27.703339,27.038488,22.148762,21.474272,16.84641,17.72612,15.648829,17.961966,16.106352,19.974691,22.061905,24.731491,24.869516,29.224577,27.623058,32.637383,29.705694,34.515316,37.05451,34.305916,31.105986,30.844397,24.979563,24.549925,21.139236,20.052372
23,15.803348,13.314638,11.060659,7.8166733,9.454219,5.736904,12.570923,12.560898,16.527498,19.382412,24.40794,25.037434,27.874928,30.668045,26.820623,22.235435,21.019943,16.79832,14.905596,11.459338,8.142302,9.012914,5.2818856,0.0,5.484745,8.024255,10.34791,10.987529,10.0203905,15.795631,13.714054,21.53026,19.901686,25.392628,24.559288,28.290462,28.406445,25.963846,26.846153,23.425257,25.028666,18.330027,19.095707,13.898664,17.14435,13.123616,17.310146,16.309677,18.803469,23.021584,23.115076,25.828629,30.191366,31.473852,29.834536,26.746939,28.203884,29.160757,34.95566,32.741962,29.051277,31.04289,28.206837,30.47773,31.986475,32.751385,27.9261,26.29554,24.632738,21.973797,22.624443,18.197887,21.660242,18.98166,23.841145,24.107325,26.626915,28.358597,29.198286,33.28106,31.215342,33.88993,29.399153,25.95309,25.411533,20.744791,20.337208,15.853835,17.409426,15.68917,18.952435,17.966354,22.332844,23.848295,26.449722,25.762644,30.056112,27.40259,32.612606,28.799946,33.66233,36.256527,34.00369,30.68803,31.361115,25.03748,25.56676,22.061626,21.985891
24,12.359768,10.981451,10.424407,8.147898,11.644887,10.034417,16.069786,17.542137,21.285246,24.461134,29.375095,29.980461,32.822098,35.288635,31.283155,26.616447,25.502676,20.75542,19.36073,14.863938,12.459101,11.322535,7.5136895,5.484745,0.0,4.9432454,7.282724,10.104986,11.535738,16.496016,16.392664,24.039816,23.602806,28.688822,28.681622,32.25804,32.731,30.28397,30.568275,27.241129,27.864758,21.500883,21.016964,16.342295,17.622263,12.39658,15.591294,13.296788,16.902422,20.267344,21.816757,24.00158,28.48523,30.41044,29.439114,26.737967,28.375322,30.045254,35.78746,33.638607,30.058937,31.132656,27.775375,29.709833,30.307373,31.313185,26.957962,24.238539,22.599232,20.750996,22.433174,18.599716,22.902779,20.911705,25.914354,26.812391,29.803802,31.961924,33.159885,37.201317,35.552532,38.25271,34.04185,30.435904,29.28437,25.10824,23.583523,19.039112,19.586355,16.902454,19.733047,17.956432,22.469557,24.991446,28.122326,27.208387,32.258507,29.521904,35.109993,31.629993,36.77307,39.61462,37.59399,34.19369,34.407303,28.196753,28.520447,24.569078,24.539665
25,10.853586,8.877274,10.20255,6.66821,10.572161,10.019937,14.804876,17.767542,20.696085,24.762737,28.864878,29.940687,32.454266,34.329235,30.50415,25.520555,25.072273,19.660877,19.638062,14.850071,13.463784,12.64167,10.52131,8.024255,4.9432454,0.0,5.633633,7.997375,9.719256,13.479051,15.009807,21.804146,22.555395,26.789846,27.422876,30.833666,31.390255,28.806997,28.38374,25.16668,24.95934,18.984663,17.5365,13.5030575,13.36337,7.85997,10.657587,8.846081,12.478584,15.935644,17.125347,19.864563,24.071112,25.70719,25.12487,22.5927,23.911259,25.848438,31.500578,29.248526,25.754623,26.429863,22.954838,24.85896,25.369865,26.540655,22.305958,19.386353,18.139713,16.665684,18.065123,14.300055,18.892067,17.309078,22.259205,23.620502,26.966444,29.481644,31.116306,35.06047,33.918583,36.503716,32.75663,28.985432,27.134207,23.69635,21.13152,16.847479,16.835892,13.943018,16.931854,15.670717,20.352615,22.644403,25.866432,24.308052,29.606422,26.347704,32.143986,28.643253,33.923347,36.944817,35.336006,31.88008,32.124794,25.945885,26.616108,22.43312,23.12781
26,15.501154,14.22421,15.716361,12.01163,15.522539,13.306022,18.918604,20.865126,23.5483,27.852583,31.4283,33.189716,35.422607,37.47559,34.13586,28.866512,28.846184,23.568768,23.621065,19.505198,17.422825,17.43004,14.271778,10.34791,7.282724,5.633633,0.0,4.500806,8.618968,11.606847,13.677125,20.37791,21.575405,25.85462,27.214205,30.32936,31.640368,29.546618,28.982618,26.124763,25.285294,20.032707,18.316826,14.758755,14.385021,9.116525,12.673191,8.266814,11.061269,14.248128,16.541632,17.401602,22.196196,24.951574,23.657778,21.18514,23.687986,25.743958,31.332369,30.023016,26.630877,27.718912,24.294163,26.713175,26.288286,28.87702,25.207096,21.202978,21.369951,20.83936,21.558876,17.341404,21.697172,19.497824,24.298391,25.018654,28.134363,30.69471,31.975456,35.79492,34.855865,38.178265,34.54385,30.994246,29.538967,26.279108,24.35988,20.441963,21.053474,18.65664,21.987696,21.120638,25.810673,27.843872,30.934904,29.015718,34.098885,30.220402,35.983025,31.832834,36.98622,39.953964,38.726604,35.26944,36.254448,29.887306,31.13555,27.084755,28.156374
27,18.586386,16.538023,17.669992,13.014063,15.65284,12.521516,17.787178,19.315718,21.324608,26.038208,28.801405,31.19938,33.048763,35.006092,32.158997,26.68052,27.233292,22.041681,22.70103,19.375446,17.27537,18.494244,15.756214,10.987529,10.104986,7.997375,4.500806,0.0,4.8590775,7.367936,9.499528,15.914896,17.39856,21.455013,23.101513,26.067514,27.608421,25.696548,24.99151,22.33502,21.278946,16.411655,14.808678,11.524994,11.758091,7.7218404,12.503904,9.131979,9.778956,13.95492,14.7394495,15.632871,20.411888,22.851753,20.714123,17.906858,20.727114,22.36106,27.996641,27.039486,23.615665,25.521189,22.519749,25.480555,25.44667,28.49016,24.72209,21.183834,22.050753,21.366901,20.836124,15.954465,19.662418,16.803755,21.401423,21.556025,24.434713,26.952288,28.067757,31.79933,31.00082,34.62232,31.16955,27.762213,26.488327,23.523258,22.036657,18.585882,19.819979,18.201725,22.009327,22.031216,26.703255,27.876762,30.597557,28.350674,32.924503,28.539862,34.112537,29.404049,34.35946,37.222992,36.27157,32.85726,34.53048,28.064075,29.91269,26.121237,27.712616
28,20.150106,17.290642,17.447906,12.262166,13.645094,9.648156,14.424252,15.3066025,16.858082,21.720938,24.082937,26.748922,28.41819,30.423246,27.821629,22.303461,23.107698,18.18628,19.117073,16.694187,14.607049,17.007618,14.956409,10.0203905,11.535738,9.719256,8.618968,4.8590775,0.0,5.9285045,5.36411,12.550755,13.187471,17.566076,18.61498,21.798044,23.022675,21.000603,20.602318,17.792267,17.467571,12.07755,11.574545,7.557076,10.194211,7.920253,13.434695,12.252657,11.973092,16.856087,15.675967,17.697773,21.993856,23.380247,20.70319,17.446295,19.77291,20.602816,26.357794,25.171589,21.590239,24.407461,21.95435,25.17022,26.22118,28.750687,24.490246,22.230143,22.815777,21.304193,19.850735,14.429025,17.284237,13.68375,18.221046,17.80225,20.374325,22.638063,23.575386,27.40667,26.354382,29.959122,26.375837,23.01749,22.053873,18.920399,18.124887,14.9043865,16.942781,16.201057,20.344767,21.075146,25.59378,25.923193,28.200006,26.018944,29.962204,25.529617,30.806734,25.763468,30.521109,33.22056,32.170624,28.807404,30.917122,24.3737,26.531628,23.099089,24.8664
29,23.135225,20.386158,21.604479,16.395357,17.659172,14.681323,17.725359,19.408098,19.728123,25.175554,26.114588,29.54851,30.582485,31.892538,29.952557,24.286333,26.031328,20.972092,23.18162,20.98362,19.637007,22.010298,20.514729,15.795631,16.496016,13.479051,11.606847,7.367936,5.9285045,0.0,6.546512,9.47236,13.001259,15.311596,18.025465,20.477085,22.337002,20.621935,19.018307,16.927841,14.635758,11.332718,8.969573,7.9518437,7.8280826,8.135575,12.649313,11.825971,9.114852,13.850088,11.4918785,12.989758,16.924623,18.26206,14.993888,11.710575,14.691001,15.649273,21.243454,20.798882,17.472002,20.498104,18.343185,22.019053,22.602818,26.239874,22.6548,20.040274,22.088009,21.498951,18.982988,13.77006,15.946254,12.509539,16.186174,15.66749,18.332043,21.032833,22.264582,25.686787,25.571259,29.40941,26.714546,23.519705,21.999268,20.303217,18.813225,16.734478,18.38659,18.052439,22.083355,23.5143,27.813374,27.667116,29.758698,26.826536,30.555006,25.317131,30.470133,25.096487,29.654612,32.41221,32.188465,28.919188,31.54255,25.287933,28.109596,24.803123,27.400118
30,25.213255,22.085533,21.763071,16.528347,16.845062,12.259499,15.908421,15.379589,15.8101425,20.68229,21.770304,25.295507,26.371313,28.419334,26.664825,21.171158,22.644363,18.50972,19.82885,18.911171,16.799088,20.296291,18.583744,13.714054,16.392664,15.009807,13.677125,9.499528,5.36411,6.546512,0.0,8.078878,7.924273,12.605262,13.70054,16.727562,18.345514,16.794563,16.60739,14.210307,14.17759,9.7157345,10.6344795,7.707823,11.947159,12.05216,17.346144,16.8231,15.267495,20.147242,17.776056,19.452793,23.31902,24.246336,20.514572,17.016369,19.57293,19.428041,24.921097,24.34137,20.898455,24.92306,23.27125,26.919079,28.410862,31.242302,27.037922,25.445889,26.530365,24.879017,22.349602,16.754938,18.230097,13.872199,17.510065,15.777712,17.459442,19.300016,19.599695,23.286053,22.196554,26.39816,22.954346,20.040298,19.86538,17.062574,17.702637,15.527966,18.49415,18.8958,23.15353,24.626236,28.863056,28.288374,29.980509,27.690517,30.690239,25.943071,30.62462,24.933178,29.123978,31.495495,30.729631,27.563278,30.671099,24.245594,27.065945,24.280077,26.410872
31,31.32516,28.038475,28.233637,22.953705,22.681929,19.018028,20.41927,20.229265,18.746618,23.84608,22.443806,27.130962,27.047384,28.165117,27.782927,22.489923,25.295706,21.732126,24.502523,24.502485,23.240301,27.037418,26.123634,21.53026,24.039816,21.804146,20.37791,15.914896,12.550755,9.47236,8.078878,0.0,6.483976,6.0067596,9.984613,11.504667,14.180951,13.492344,11.754507,11.0289545,8.754566,9.056168,9.620276,10.850025,13.514074,16.480122,20.615984,21.13877,17.802004,22.102488,17.986475,19.323198,21.857553,21.768574,16.944162,13.59711,16.097033,14.656945,19.275406,19.88733,17.067234,22.309721,21.902653,25.977867,27.705755,31.215004,27.664902,26.735256,28.993044,27.820162,23.820807,18.739641,18.381369,14.135818,15.5906725,12.556499,13.113378,14.886566,14.959886,17.86968,18.008574,22.75699,20.70273,18.502365,18.257057,17.658066,18.460503,18.296124,21.205458,22.634193,26.65895,29.14475,32.89811,31.284594,32.33274,29.400156,31.356073,25.86309,29.710632,23.447124,26.745127,28.811283,29.151365,26.370693,30.622025,24.886366,28.668774,26.583496,29.627428
32,32.251415,28.790806,27.82858,22.78376,21.905746,17.355412,19.112343,16.904406,15.5777025,19.721127,18.579437,23.188663,23.229445,25.242002,24.920898,19.992115,22.297577,19.81657,21.505161,22.622778,20.796202,25.246742,24.211449,19.901686,23.602806,22.555395,21.575405,17.39856,13.187471,13.001259,7.924273,6.483976,0.0,6.5392704,6.396048,9.21385,11.276746,10.784559,11.508038,10.218956,11.628022,9.870105,13.068049,12.106725,17.110071,19.043407,23.885307,24.300728,22.013716,26.751,23.156414,24.841867,27.86516,27.858095,23.30188,19.868912,21.968637,20.355953,24.951939,24.959372,21.969976,27.308353,26.823576,30.679394,32.961464,35.661636,31.493685,31.058716,32.334957,30.325489,26.759127,21.423023,21.110369,16.480188,18.328007,14.8620825,14.576524,15.172331,14.071492,17.345613,15.954434,20.968334,17.820627,15.976094,17.369669,15.346184,18.292183,17.821901,21.601036,23.337944,27.415539,29.680113,33.379284,31.650558,32.459106,30.26021,31.752714,27.008575,30.496244,24.27984,27.290628,28.976246,28.536533,25.870884,30.256908,24.433758,27.920813,26.264107,28.658268
33,35.965454,32.417305,32.029472,26.926527,25.855019,22.209864,22.500378,21.31267,18.80311,23.18081,20.205595,25.454582,24.589848,25.51559,26.219027,21.564177,24.852942,22.541624,25.457342,26.739395,25.685541,30.03053,29.596584,25.392628,28.688822,26.789846,25.85462,21.455013,17.566076,15.311596,12.605262,6.0067596,6.5392704,0.0,5.538617,5.6904807,8.903679,9.307141,7.9321465,8.758661,8.036129,10.687496,13.031184,14.620994,18.138836,21.653858,25.6264,26.818815,23.532175,27.8207,23.138472,24.817225,26.76169,25.858124,20.956068,17.914705,19.492006,16.955618,20.50837,21.276943,18.946033,24.895887,25.348206,29.321512,31.797853,34.800735,31.18412,31.281528,33.30542,31.688808,27.194057,22.432194,20.926851,16.76474,16.875467,12.732925,11.359119,11.786457,10.578931,12.932643,13.055505,18.334541,16.806824,15.601219,16.4902,16.685526,19.031717,19.991022,23.351988,25.6202,29.428795,32.361866,35.687466,33.29485,33.683,30.961172,31.745052,26.496498,29.299776,22.861774,25.094637,26.54446,27.115273,24.81178,29.900455,24.799818,28.912197,27.706865,30.80444
34,36.23201,32.491875,31.251633,26.481186,24.735708,20.956915,20.736538,18.295631,15.43835,18.91244,15.546626,20.848967,19.863657,21.306028,22.229818,18.056173,21.136179,19.932932,22.309652,24.640245,23.554039,28.299519,28.204344,24.559288,28.681622,27.422876,27.214205,23.101513,18.61498,18.025465,13.70054,9.984613,6.396048,5.538617,0.0,3.884654,4.886635,5.2299995,6.9783287,7.1310735,10.242137,10.895267,14.985704,15.288467,20.238651,23.302462,27.551622,29.091082,26.532927,31.214556,26.61697,29.00138,31.237953,30.13246,25.654596,22.451727,23.461454,20.895052,24.58985,24.466408,21.941666,27.822697,28.225977,31.938248,35.071404,37.173233,33.02176,33.793495,34.94456,32.58973,28.334393,23.558743,21.88806,17.61837,17.88064,13.626867,11.649549,10.866135,8.587934,11.496614,9.792653,15.148053,12.576699,11.75537,14.139301,13.466206,17.56341,18.62069,22.511679,25.177717,28.853796,31.761967,34.84317,32.166008,32.21295,30.097754,30.306509,25.776102,28.121756,21.855556,23.750326,24.842545,24.70669,22.56014,27.751354,22.782417,26.667328,25.991049,28.631933
35,39.71851,35.99567,34.957504,30.12838,28.435139,24.760208,24.36983,22.095812,19.00786,22.250982,18.107718,23.572458,22.072016,23.075022,24.71929,20.943232,24.306225,23.368132,25.981995,28.404938,27.420916,32.14538,32.044098,28.290462,32.25804,30.833666,30.32936,26.067514,21.798044,20.477085,16.727562,11.504667,9.21385,5.6904807,3.884654,0.0,4.350577,6.7526875,7.5275903,9.33399,11.219872,13.818582,17.32897,18.461758,22.785831,26.260973,30.295122,31.831947,28.848,33.286274,28.455605,30.462751,32.29579,31.01047,26.251966,23.316557,24.335606,21.38174,24.305902,24.828613,22.766525,28.889992,29.735283,33.51578,36.57142,38.97497,35.14793,35.980595,37.546963,35.433853,30.852554,26.291166,24.238867,20.200674,19.733318,15.25204,12.59353,11.35745,8.449395,10.033816,9.206698,14.934022,13.575924,13.663787,16.09153,16.47021,20.389362,21.944658,25.657038,28.450495,32.038986,35.137436,38.109093,35.209305,35.068672,32.78073,32.598415,27.930637,29.797535,23.516386,24.761805,25.532187,25.960735,24.167498,29.751131,25.280525,29.380524,28.969517,31.819914
36,39.54249,35.670372,34.244514,29.74967,27.504803,24.29812,22.894638,20.411186,16.76078,19.413786,14.4404125,19.957802,18.098465,18.929888,20.970493,17.73807,21.225437,21.093943,23.799715,26.869043,26.28677,31.090357,31.58503,28.406445,32.731,31.390255,31.640368,27.608421,23.022675,22.337002,18.345514,14.180951,11.276746,8.903679,4.886635,4.350577,0.0,3.5792265,6.3114133,7.9501157,11.740863,13.691073,17.871641,18.752281,23.487003,27.051846,30.884869,33.06859,30.433176,35.040215,29.936499,32.73232,34.48155,32.694866,28.416317,25.446152,25.708702,22.642088,25.544884,25.264135,23.180456,29.187117,30.1772,33.677,37.356705,38.96094,34.871098,36.462463,37.463234,34.8881,30.296495,26.041338,23.561016,19.781399,18.967936,14.576285,11.467235,9.305783,5.7896104,7.7098904,5.3626404,10.998381,9.308009,9.921113,13.109831,13.702362,18.337147,20.38778,24.151804,27.337236,30.622992,33.886417,36.471527,33.17579,32.64964,30.685638,29.880318,25.715048,27.027964,20.997492,21.795225,22.273434,22.383177,20.811378,26.50663,22.459276,26.476105,26.59862,29.305521
