,0,1,2,3,4,5,6,7,8,9,10,11,12,13,14,15,16,17,18,19,20,21,22,23,24,25,26,27,28,29,30,31,32,33,34,35,36,37,38,39,40,41,42,43,44,45,46,47,48,49,50,51,52,53,54,55,56,57,58,59,60,61,62,63,64,65,66,67,68,69,70,71,72,73,74,75,76,77,78,79,80,81,82,83,84,85,86,87,88,89,90,91,92,93,94,95,96,97,98,99,100,101,102,103,104,105,106,107,108,109,110,111
0,0.0,4.309268,6.0573497,9.612682,12.179957,14.496811,17.665817,21.681442,24.912645,27.356167,31.718313,29.724072,28.157269,27.331724,22.475422,22.49736,17.297676,18.053946,14.393804,14.931137,14.264473,9.939566,13.834585,15.510664,14.215829,15.122602,18.503681,21.179928,19.676191,24.06972,24.611853,28.810287,32.996284,35.668198,38.329052,39.986057,43.056152,41.754795,39.14712,35.795677,36.37611,31.836323,29.583767,27.164585,25.181465,22.39147,18.43382,17.904457,16.174404,14.498584,15.239383,12.153658,15.591101,14.518535,18.84434,22.812008,23.938179,25.161413,29.965616,29.597954,26.180534,31.577677,31.910887,32.092857,36.955593,33.66195,37.094875,34.27268,38.95332,35.08608,30.657488,30.631165,28.894518,28.731318,29.086079,24.977812,27.702843,30.429033,31.066723,34.668613,33.54456,30.041891,32.835014,29.123266,28.254719,24.234491,24.88051,19.551224,21.132744,20.674068,22.139647,22.537256,24.044733,26.166033,28.135391,29.437052,32.936096,31.0748,30.597715,33.33279,32.508884,34.07986,35.908928,36.84638,39.743996,41.87977,40.659836,41.880466,40.476482,43.343094,41.249775,45.343754
1,4.309268,0.0,5.3179655,6.704026,9.0801,12.4563055,14.716875,19.56916,22.06918,24.922907,28.832802,27.086016,26.01265,24.84868,20.279808,19.536425,14.482147,14.458935,10.758605,10.718723,10.097115,6.167412,10.165281,11.324644,10.89541,11.142366,15.329281,17.618887,15.91656,20.112534,21.03814,24.79212,29.488169,31.864107,34.733402,36.44141,39.358067,38.063515,35.260605,31.79007,32.671635,27.965202,25.993803,23.54441,21.871443,19.200089,15.395829,15.299449,13.906511,13.017267,13.50786,11.5036955,14.6744375,13.732972,17.215832,21.239367,21.599808,23.219982,27.959831,27.4521,23.789864,28.972288,28.850634,28.826561,33.556,29.990654,33.27327,30.25042,34.94779,31.102745,26.613323,26.40646,24.647501,24.43619,24.88157,20.831135,23.790258,26.590837,27.4806,31.10806,30.211731,26.582518,29.251663,25.444334,24.256525,20.41731,20.66036,15.281684,16.950953,16.686764,18.510231,18.991158,20.020649,22.225119,24.45737,25.593533,28.978998,27.017134,26.37338,29.118658,28.20354,29.859015,31.667315,32.73659,35.767445,37.721733,36.44333,37.602467,36.177868,39.037994,36.983704,41.10921
2,6.0573497,5.3179655,0.0,5.1133604,6.981848,8.663522,12.038796,15.647576,19.104782,21.368681,25.880127,23.917673,22.26483,21.708023,16.795122,17.195852,12.337242,13.390918,11.368384,11.999695,13.067861,10.198811,14.641891,14.440601,14.291948,13.109001,16.755835,18.52201,15.426543,20.035555,19.621826,24.45696,27.660973,30.776758,33.06116,34.671368,37.90217,36.63236,34.347244,31.29514,31.427082,27.459887,24.706314,23.10138,20.339523,18.626526,14.597344,14.960594,14.3655405,12.305077,11.697332,8.5974,10.953293,8.891345,13.226803,17.000187,18.365156,19.887886,24.481424,24.65003,21.411589,27.179003,27.227772,27.974213,32.449,29.82973,33.391407,30.719028,35.77904,32.464897,27.791773,28.184837,25.745214,26.470346,25.690119,21.917881,24.277843,26.481152,26.907896,30.462206,28.856424,25.341677,27.792454,24.232279,23.949968,19.641508,21.351137,16.55078,18.70816,19.249935,20.843761,22.303354,22.903242,24.232927,27.07759,28.53834,31.732664,30.08864,28.891533,31.786598,29.990772,31.999737,32.874557,34.138634,37.42549,39.25212,37.741383,39.50737,37.354,40.51988,38.251965,42.402832
3,9.612682,6.704026,5.1133604,0.0,3.922621,6.1791215,9.0783825,13.437166,15.828678,18.990152,22.67914,20.512577,19.44605,18.152798,13.623619,12.956872,7.8959827,8.624885,6.42596,7.7149324,9.416999,7.9845805,12.489429,11.660576,13.650585,11.020888,16.04714,16.82567,12.4100485,16.603079,16.285654,20.334986,23.875072,26.389166,29.154058,30.58352,33.8433,32.84383,30.23427,27.07823,27.888496,24.03472,21.56962,20.576368,17.94208,17.208754,13.571416,14.971329,15.121081,14.10899,12.947061,11.393826,12.756245,10.161004,13.1780615,16.527023,17.113258,19.496735,23.705933,24.121443,20.713741,26.265697,25.409304,26.093138,30.07279,27.263716,30.523684,27.409336,32.635464,29.534359,24.700237,24.570063,21.809582,22.161362,20.91437,17.027248,19.189312,21.437101,21.904106,25.48531,24.107428,20.55289,23.295372,19.664045,19.273266,14.977815,16.880375,12.491905,15.498141,16.777655,19.133963,20.610195,20.100258,21.650475,25.022278,26.010921,28.866608,26.807138,25.149208,27.729431,25.624533,27.411966,28.089241,29.179932,32.451828,34.34567,32.88642,34.963753,32.878807,36.243656,34.244614,38.551136
4,12.179957,9.0801,6.981848,3.922621,0.0,5.280795,5.6477227,10.985329,13.053496,15.946544,19.777098,18.366419,17.588612,16.664618,12.38688,11.550301,7.679863,7.0683746,7.771403,7.1533012,10.249142,10.238129,13.65574,11.260935,13.020288,9.400054,13.710424,13.952651,9.021551,13.475068,12.796945,17.546339,20.845478,23.88685,26.213068,27.920435,31.013262,29.732204,27.368023,24.33211,24.561089,20.72081,18.006027,17.008371,14.118562,13.623512,10.083494,11.969633,12.843176,11.984895,10.203661,9.721755,10.2702,8.438828,10.012794,13.459912,13.397105,15.8380785,20.056328,20.306326,16.857372,22.384203,21.518103,22.327948,26.309729,23.763748,27.174105,24.356659,29.652782,26.79194,21.958809,22.452108,19.489056,20.925621,19.406487,16.164293,18.55965,20.401058,21.099546,24.62992,23.040651,19.294216,21.183044,17.544481,17.20304,12.931347,14.946417,10.818115,13.492413,15.167892,17.140879,19.380737,18.703773,19.397139,23.074215,24.389812,27.112095,25.591805,23.72959,26.69588,24.123491,26.576265,26.719059,28.44082,32.15081,33.452908,31.662075,33.640404,30.952078,34.26041,31.919798,36.10385
5,14.496811,12.4563055,8.663522,6.1791215,5.280795,0.0,5.9184866,7.624505,11.06607,13.689944,17.84765,15.336632,13.686664,13.085673,8.185521,9.172898,5.526587,7.9102144,9.614239,11.085733,14.1987095,13.949685,18.077553,16.102594,18.27683,14.57049,18.663647,18.488121,12.451155,16.424215,14.163567,19.197733,20.467384,23.79489,25.792309,27.01424,30.645504,29.774595,27.83329,25.32852,25.286102,22.668589,19.341997,19.882116,15.980434,17.153873,13.93459,16.132833,17.378386,15.809496,13.431912,12.010449,11.279236,7.1392155,9.478526,11.642756,13.253786,15.955623,19.477165,21.00052,18.281124,24.197727,23.145947,24.802044,28.068121,26.532206,29.907665,27.220255,32.757854,30.493416,25.618093,26.10394,22.584898,24.064146,21.228968,18.11834,19.265726,20.462172,20.306643,23.625103,21.315474,18.012552,20.270176,17.150408,18.124554,13.521523,17.445427,14.578339,17.879906,20.055773,22.128302,24.50985,23.384941,23.890642,27.884647,29.081207,31.526556,29.849148,27.538366,30.141,26.980839,29.139853,28.52495,29.870708,33.414772,35.001232,33.26075,36.074566,33.106735,36.795715,34.634052,38.89032
6,17.665817,14.716875,12.038796,9.0783825,5.6477227,5.9184866,0.0,6.5528073,7.6725454,10.4698105,14.229988,13.422137,13.067663,12.565434,9.115616,8.278275,7.3780584,6.1162796,10.676877,9.772424,13.839846,15.20649,17.909416,14.369051,16.648949,12.010538,15.206544,14.000517,7.3103747,11.022364,8.393997,14.095282,15.726483,19.494219,21.162992,22.914059,26.094652,24.77475,22.88948,20.344915,19.829506,16.938011,13.538449,14.087753,10.108422,12.032706,9.612959,12.625293,14.806847,14.159282,11.393797,12.151496,10.679196,8.932145,7.576727,9.658719,8.86994,12.100065,15.525261,16.469797,13.45758,18.941174,17.452284,19.007792,22.1974,20.670877,24.07576,21.611147,27.153086,25.166685,20.377666,21.467754,17.817257,20.53738,17.659714,15.533492,17.253412,18.07892,18.61051,21.855179,19.710041,16.021698,16.872675,13.578196,14.143072,9.913064,13.425244,11.252296,13.958578,16.6204,18.333376,21.404696,19.860168,19.403208,23.707165,25.098984,27.247684,26.173452,23.655975,26.649254,23.059692,26.026403,24.921997,27.138962,31.229261,31.95195,29.810253,32.259384,28.676704,32.185154,29.648005,33.730083
7,21.681442,19.56916,15.647576,13.437166,10.985329,7.624505,6.5528073,0.0,5.408043,6.3463492,11.151216,9.296799,7.4945664,8.636852,5.433423,7.965917,9.333286,10.549448,15.269424,15.76288,19.701517,20.678263,24.000925,20.797523,23.064053,18.552023,21.288439,19.900377,13.197959,15.930914,11.606013,17.26499,15.420729,19.910599,20.538624,21.708817,25.469854,24.560677,23.625443,22.09029,20.69843,19.79325,15.66855,18.14874,13.24066,16.860916,14.977666,17.856161,20.247816,18.830017,15.63976,15.54718,12.782023,9.649836,7.986786,6.931115,8.776784,11.915587,13.786968,16.6516,15.071604,20.642624,19.144905,21.870537,23.94943,24.078411,27.377136,25.429594,31.011097,29.883139,25.29687,26.612764,22.545893,25.530382,21.366934,19.762789,20.09074,19.872843,19.386549,22.081223,18.88134,16.009857,16.562458,14.433826,16.824247,12.855234,18.07364,17.221088,20.13822,23.035105,24.616209,27.876358,26.112757,25.298285,29.765446,31.164165,33.00157,31.99528,29.099558,31.779259,27.573587,30.356745,28.255184,30.22836,34.18245,34.96045,32.78811,36.077076,31.998161,35.80614,33.371307,37.342026
8,24.912645,22.06918,19.104782,15.828678,13.053496,11.06607,7.6725454,5.408043,0.0,4.8067684,6.871905,6.1025257,7.040792,6.9274936,6.839555,6.3476768,10.2657585,9.7808,15.649302,15.533806,19.644258,21.80974,24.265785,20.464346,23.591381,18.544,21.288996,18.93207,11.896733,13.035443,8.24664,12.77004,10.148353,14.5188,15.286654,16.491201,20.202606,19.41506,18.296959,16.890112,15.805906,15.516148,11.66348,15.456875,10.986291,16.041664,15.273596,18.66746,21.470316,21.00031,17.911087,18.96851,16.388931,14.250905,11.448906,10.22371,9.317049,13.043145,13.909326,16.51827,14.934898,19.41458,16.727594,19.331852,20.490232,20.70819,23.537542,21.42588,27.001406,26.42751,22.012457,23.170826,18.84378,22.172272,17.332548,16.697708,16.639654,15.759322,15.505115,17.937065,14.85116,11.899289,11.412284,9.505132,12.319506,9.1456175,14.696285,15.481035,18.345867,21.763283,23.518923,26.853785,24.242105,23.092625,27.83763,28.89347,30.18031,29.215584,25.915457,28.346972,23.654463,26.56845,23.777895,26.03346,30.177986,30.482378,28.144861,31.613937,27.207827,31.095842,28.769842,32.701035
9,27.356167,24.922907,21.368681,18.990152,15.946544,13.689944,10.4698105,6.3463492,4.8067684,0.0,5.9289365,7.140193,7.1787877,9.37553,9.633885,10.859702,14.332995,14.169719,19.898539,19.49958,23.690321,25.527718,28.053787,24.063812,26.360376,21.522326,23.171455,20.868038,14.610194,15.754594,10.549345,15.731315,11.21311,16.68827,15.814806,17.182407,20.685345,19.542957,19.572083,18.963058,16.23563,16.942356,12.538852,16.590805,11.658356,16.976858,16.567617,19.683,22.710688,21.832514,18.51465,19.639742,16.286753,14.711045,10.907034,8.004631,7.651903,10.645175,10.186685,13.817089,13.37693,17.691961,15.548856,18.966858,19.733677,21.286316,24.294334,23.092398,28.419727,28.29955,24.22547,26.183554,21.995028,26.117466,21.409702,21.220243,21.233538,20.03111,19.679382,21.69495,18.282928,15.877858,14.304319,13.284012,16.24668,13.627065,18.682331,19.369177,21.6202,24.835327,25.97042,29.712008,27.499933,25.67606,30.288015,31.762686,33.018612,32.641403,29.438408,32.146763,27.338167,30.644444,27.51327,30.127108,34.38759,34.289314,31.757975,35.100163,30.188726,33.874302,31.204826,34.778713
10,31.718313,28.832802,25.880127,22.67914,19.777098,17.84765,14.229988,11.151216,6.871905,5.9289365,0.0,5.5306687,8.43404,9.341432,12.19446,11.883606,16.757833,15.99616,21.998821,21.590324,25.666132,28.317383,30.287653,26.10466,29.266169,24.124916,26.010021,22.989065,16.750135,16.251759,11.328062,13.927746,6.861905,11.945763,10.510189,11.409986,15.146691,14.56593,14.868349,15.084465,12.6561,15.2017,11.636662,17.23432,13.352688,19.548967,19.995756,23.380325,26.558952,26.354382,23.195162,24.804031,21.72702,20.199892,16.457998,13.866878,12.316868,15.2894535,13.762401,17.01153,16.800049,19.594181,16.207706,19.414375,18.578117,20.589647,22.74862,21.465836,26.549706,27.296204,23.621578,25.188545,20.851229,24.94509,19.439634,20.350664,19.498947,17.3434,16.868088,18.087374,14.701749,13.054396,9.969891,10.4486885,14.098156,13.01602,18.030169,20.415745,22.68646,26.283218,27.680435,31.283442,28.224512,26.270004,31.038813,32.02048,32.605183,32.14316,28.516043,30.678661,25.397192,28.513884,24.460388,27.084053,31.285305,30.760506,28.162817,31.969057,26.7565,30.566065,28.24032,31.671759
11,29.724072,27.086016,23.917673,20.512577,18.366419,15.336632,13.422137,9.296799,6.1025257,7.140193,5.5306687,0.0,4.041656,4.0374603,8.034241,8.557512,13.612593,14.226845,19.637465,20.455202,24.306076,26.517519,29.179052,25.700777,29.35564,24.261997,27.295464,24.751421,17.700274,18.076729,13.391799,15.995429,10.669078,14.089843,14.333563,14.263627,18.619165,18.852724,18.358294,18.0252,17.195202,18.873102,15.466645,20.435116,16.28445,21.872988,21.35646,24.755625,27.567678,26.978605,23.83038,24.51163,21.735916,18.93919,16.58952,14.290087,14.33694,17.671288,17.12444,20.672403,19.95679,23.819592,20.750038,23.709518,23.573778,24.718727,26.969028,24.95855,30.314663,30.496304,26.374557,27.138914,22.649694,25.51079,19.679993,19.56645,18.008457,16.058,14.698263,16.132874,12.19133,10.797519,10.164214,10.306277,14.511926,12.412636,18.481352,20.365063,23.541431,27.157915,29.153027,32.33373,29.240831,28.19708,33.037052,33.74736,34.61416,33.39456,29.739872,31.52641,26.45703,28.777815,25.131786,26.802738,30.538242,30.97719,28.804579,33.175255,28.685675,32.841717,31.012299,34.83457
12,28.157269,26.01265,22.26483,19.44605,17.588612,13.686664,13.067663,7.4945664,7.040792,7.1787877,8.43404,4.041656,0.0,4.0663676,6.195676,9.021113,12.99667,14.712503,19.611183,20.911266,24.714901,26.22287,29.479069,26.35759,29.585945,24.7382,27.82918,25.79524,18.699148,20.017845,15.242469,18.970846,14.282768,18.043758,18.19151,18.21113,22.535202,22.610365,22.251154,21.752674,20.612684,21.800129,17.990469,22.339138,17.697853,22.736092,21.615952,24.78286,27.392298,26.238825,23.02503,23.017057,20.128187,16.756342,15.102809,12.575124,14.100634,17.153234,16.949282,20.877525,20.260826,24.827902,22.433638,25.591476,26.044027,27.195776,29.822433,27.897207,33.36512,33.19067,28.874115,29.770386,25.337292,28.048191,22.54822,21.735945,20.421652,18.967625,17.4374,19.139202,15.137661,13.699359,14.002723,13.619226,17.527805,14.619514,20.802656,21.720324,25.038456,28.429453,30.361917,33.53955,30.9133,30.060587,34.81347,35.74703,36.975056,35.70379,32.251823,34.222477,29.401373,31.660782,28.45875,29.933413,33.542732,34.354713,32.29454,36.587746,32.28708,36.430534,34.501915,38.389954
13,27.331724,24.84868,21.708023,18.152798,16.664618,13.085673,12.565434,8.636852,6.9274936,9.37553,9.341432,4.0374603,4.0663676,0.0,5.1069517,6.1610236,10.792077,12.456813,17.118877,18.793856,22.359903,24.197283,27.288511,24.39071,28.30666,23.379927,27.177301,25.043064,17.70884,18.722271,14.525911,17.15166,13.563663,16.154697,17.48034,17.25446,21.67769,22.104057,20.971506,20.054459,20.139824,20.91444,17.66732,21.938618,17.804195,22.70679,21.539783,24.849903,27.312668,26.546827,23.53918,23.612293,21.270597,17.727192,16.550247,14.929276,15.707748,19.193087,19.535423,22.904055,21.68659,26.165154,23.314104,25.971874,26.472244,26.85522,29.219875,26.719666,32.22859,31.877481,27.465212,27.70372,23.250477,25.213736,19.527086,18.514965,16.764982,15.3537855,13.621194,15.486025,11.617988,10.055716,11.524207,10.900206,14.807798,11.937255,18.278404,19.54238,23.238476,26.743902,29.115644,31.92988,28.922878,28.55867,33.348114,33.889748,35.01431,33.296516,29.747097,31.345955,26.609934,28.414902,25.352629,26.410301,29.82449,30.962616,29.102268,33.59805,29.720854,34.004112,32.43704,36.5218
14,22.475422,20.279808,16.795122,13.623619,12.38688,8.185521,9.115616,5.433423,6.839555,9.633885,12.19446,8.034241,6.195676,5.1069517,0.0,4.8874702,7.0452065,9.804695,13.837384,15.777888,19.29215,20.37615,23.993185,21.450743,24.837967,20.253925,24.230635,22.769257,15.540426,17.790222,13.948926,17.924393,16.183376,19.30688,20.89985,21.296244,25.479486,25.358978,23.927767,22.339098,22.284035,21.718801,18.19395,21.205492,16.824047,20.61678,18.650421,21.662912,23.765104,22.599508,19.697489,19.158197,17.129879,13.096767,12.9874115,12.291234,13.892774,17.257967,18.795784,21.769665,20.050936,25.331545,23.188738,25.640755,27.252832,26.991945,29.850533,27.257196,32.909084,31.813158,27.113638,27.465937,23.230396,25.02174,20.239368,18.229492,17.496344,17.18675,15.977023,18.594439,15.29945,12.861758,14.962297,13.074022,15.948127,11.949921,17.905102,17.626749,21.387152,24.511686,26.826824,29.535479,27.182186,27.149086,31.73776,32.544613,34.203484,32.44795,29.30198,31.296816,27.081646,29.008238,26.879469,27.989817,31.455936,32.894794,31.091272,35.036446,31.488499,35.620842,33.804413,38.021103
15,22.49736,19.536425,17.195852,12.956872,11.550301,9.172898,8.278275,7.965917,6.3476768,10.859702,11.883606,8.557512,9.021113,6.1610236,4.8874702,0.0,5.469684,6.376085,11.156173,12.688854,16.209543,18.273981,21.155039,18.336048,22.543713,17.674957,22.10437,20.212854,12.869856,14.358097,11.275146,13.910078,13.734229,15.863366,18.472122,18.994686,22.931877,22.861002,20.6775,18.574844,19.586002,18.462536,15.652542,18.574009,14.996694,18.81163,17.248737,20.507748,22.64542,22.285122,19.645905,19.888704,18.382166,15.127781,14.493249,14.560187,14.442222,18.187263,19.923733,22.13376,19.875055,24.605616,21.840994,23.679314,25.211979,24.172117,26.69586,23.60704,29.225523,28.037573,23.334425,23.159805,18.908262,20.301483,15.404106,13.426301,12.712566,12.593816,11.861082,14.870037,12.229614,9.026225,11.612884,9.000995,11.358639,7.319376,13.353827,13.7524605,17.735228,21.10648,23.777748,26.251045,23.339325,23.53626,28.201046,28.630924,30.062876,28.06277,24.770393,26.548914,22.312197,24.126087,22.081436,23.211016,26.790571,28.155285,26.363111,30.222603,26.89376,31.047415,29.425514,33.758106
16,17.297676,14.482147,12.337242,7.8959827,7.679863,5.526587,7.3780584,9.333286,10.2657585,14.332995,16.757833,13.612593,12.99667,10.792077,7.0452065,5.469684,0.0,4.671652,6.818531,9.500565,12.517168,13.551042,17.206964,15.287298,19.1942,14.955163,20.089205,19.17955,12.438962,15.267934,13.396983,16.625853,18.389454,20.464735,23.377928,24.18029,27.900156,27.553768,25.052029,22.388813,23.591923,21.200739,18.53919,19.838284,16.530685,18.581795,16.024633,18.743912,20.158106,19.519087,17.328382,16.738504,16.206633,12.570806,13.737549,15.2140255,15.709337,19.089628,21.98174,23.600243,20.77835,26.0808,24.030443,25.409294,28.005857,26.104765,28.938902,25.639095,31.205984,29.145193,24.24366,23.822538,20.076452,20.624018,17.132324,13.813626,14.213878,15.475432,15.156123,18.547237,16.617292,13.332027,16.555145,13.383503,14.326168,9.82277,14.250804,12.501971,16.654896,19.379412,22.214104,24.192745,22.015982,23.025229,27.289175,27.798845,29.82229,27.521471,24.799068,26.754488,23.412792,24.951326,24.200182,25.010826,28.316328,30.226213,28.70676,31.985733,29.381851,33.316055,31.678968,36.121098
17,18.053946,14.458935,13.390918,8.624885,7.0683746,7.9102144,6.1162796,10.549448,9.7808,14.169719,15.99616,14.226845,14.712503,12.456813,9.804695,6.376085,4.671652,0.0,6.118976,6.342461,10.110149,12.552324,14.97101,11.978832,16.316998,11.545282,16.622095,15.185804,8.426664,10.824225,9.882633,12.586125,16.006674,17.860008,21.033806,22.305845,25.526684,24.827467,21.971508,18.89039,20.356764,17.183138,15.031131,15.7769165,13.21623,15.049611,13.015439,15.976047,17.62336,17.829453,15.805077,16.413357,16.033598,13.780991,13.6378145,15.5033655,14.412881,17.88039,20.882895,21.715677,18.512665,23.226805,20.874083,21.712511,24.442062,21.936907,24.661074,21.197767,26.705267,24.507109,19.60353,19.197094,15.497516,16.440187,13.364589,10.280417,11.817799,13.3744755,14.064159,17.603477,16.286009,12.452826,14.8182955,11.087869,10.847179,6.4028196,9.83203,8.068024,12.201704,15.217529,18.102757,20.233398,17.702726,18.48823,22.869461,23.343422,25.25843,23.155117,20.384083,22.630497,19.235579,21.300014,20.663095,22.111938,25.85207,27.192806,25.43529,28.189688,25.443684,29.190147,27.354738,31.767796
18,14.393804,10.758605,11.368384,6.42596,7.771403,9.614239,10.676877,15.269424,15.649302,19.898539,21.998821,19.637465,19.611183,17.118877,13.837384,11.156173,6.818531,6.118976,0.0,4.89484,6.1231294,7.480628,10.751939,9.917602,14.567051,11.202671,17.387999,17.148481,12.182525,14.932532,15.437049,17.309849,21.879822,22.953644,26.69245,27.797358,30.933214,30.390247,27.119661,23.690742,25.903955,22.07282,20.51535,20.093634,18.295897,18.440569,15.730074,17.791819,18.305132,18.509619,17.385242,17.051134,18.034882,15.577866,17.241032,19.926352,19.45692,22.533358,26.146326,26.605717,23.084898,27.922874,26.011028,26.295311,29.59047,26.248251,28.858122,25.037498,30.192972,27.225641,22.409765,21.11241,18.275324,17.26747,15.837464,11.44768,13.40963,16.163214,16.863531,20.473627,19.910414,16.416876,19.865711,16.175356,15.149741,11.410471,12.73095,9.253495,13.294732,15.205717,18.572302,19.4672,17.551523,19.846907,23.488089,23.578955,25.937197,23.06772,20.993225,22.830992,20.739477,21.782454,22.67503,23.196426,26.203812,28.432943,27.250656,29.593275,28.086489,31.6146,30.21073,34.706158
19,14.931137,10.718723,11.999695,7.7149324,7.1533012,11.085733,9.772424,15.76288,15.533806,19.49958,21.590324,20.455202,20.911266,18.793856,15.777888,12.688854,9.500565,6.342461,4.89484,0.0,4.2291327,7.424951,8.766541,5.8259897,10.671745,6.61558,12.810953,12.397478,8.393809,11.136823,12.834166,14.715893,20.506624,21.844969,25.34499,27.00216,29.61188,28.543602,25.233385,21.552378,23.458765,18.788935,17.610205,16.082518,15.097059,14.29847,11.914828,13.893185,14.491969,15.497201,14.639857,15.465769,16.58602,15.559884,16.126959,19.203161,17.617811,20.440058,24.257942,23.888893,20.07493,24.387705,22.596325,22.337334,26.042906,22.169199,24.854939,21.148252,26.141607,22.861477,18.070875,17.181602,14.683712,14.523435,14.189643,10.391207,13.7934885,16.542486,18.069132,21.657118,21.309605,17.461843,19.72878,15.792585,13.828229,10.585265,10.027878,5.115877,8.603613,10.462925,13.723959,14.952476,13.143878,15.115468,18.759718,19.148827,21.674812,19.329565,17.472218,20.041044,18.079126,20.038431,21.125944,22.588444,26.128853,27.5346,26.000416,27.523266,25.705828,28.862942,27.005554,31.346027
20,14.264473,10.097115,13.067861,9.416999,10.249142,14.1987095,13.839846,19.701517,19.644258,23.690321,25.666132,24.306076,24.714901,22.359903,19.29215,16.209543,12.517168,10.110149,6.1231294,4.2291327,0.0,4.8043065,5.0272803,4.622153,9.877484,7.770823,14.067051,14.408891,12.102177,14.389837,16.816124,17.834455,24.2732,24.98811,28.877548,30.436636,32.897285,31.939543,28.322866,24.443468,26.932533,21.953411,21.321098,19.254171,18.931324,17.332624,14.946657,16.224516,16.007969,17.270662,17.146265,17.6104,19.48541,18.543715,19.789207,23.120272,21.681278,24.319761,28.316113,27.689587,23.759792,27.855461,26.207745,25.508501,29.379837,24.947481,27.364761,23.437584,27.992573,24.252363,19.75618,18.106789,16.446177,14.7694,15.811401,11.602818,15.180246,18.504528,20.146324,23.672846,23.885223,20.236347,22.96882,19.08755,16.675474,13.994577,12.33963,7.4549565,9.96722,10.607636,14.153093,14.073418,12.701297,15.932496,18.776932,18.698093,21.434134,18.49939,17.296604,19.45676,18.635221,19.824326,22.049887,22.943903,25.960716,27.80597,26.671448,27.72813,26.861332,29.749863,28.254423,32.56445
21,9.939566,6.167412,10.198811,7.9845805,10.238129,13.949685,15.20649,20.678263,21.80974,25.527718,28.317383,26.517519,26.22287,24.197283,20.37615,18.273981,13.551042,12.552324,7.480628,7.424951,4.8043065,0.0,5.235426,7.566229,10.1109295,9.696322,15.4388,16.87502,14.935813,18.12984,19.973234,22.051676,27.836138,29.079453,32.71631,34.241966,36.960712,35.96438,32.582066,28.822832,30.845684,25.943945,24.79602,22.533422,21.66617,19.50081,16.382998,16.995182,16.05187,16.518164,16.804274,16.127092,18.69562,17.520144,19.99099,23.677315,23.120985,25.408808,29.792404,29.255205,25.367947,29.996798,28.973774,28.501553,32.78286,28.57664,31.313614,27.658798,32.21565,28.30365,23.84655,22.57608,21.028744,19.521072,20.48252,16.137024,19.259855,22.518759,23.729456,27.307007,27.162071,23.599741,26.650452,22.788385,20.911364,17.676786,16.903015,11.766698,13.886417,13.810467,16.70375,16.398243,16.331732,19.520367,21.860662,22.145884,25.242018,22.48563,21.742943,23.926397,23.408632,24.426477,26.783312,27.419588,30.155205,32.344616,31.342398,32.42077,31.665205,34.515553,32.954136,37.20745
22,13.834585,10.165281,14.641891,12.489429,13.65574,18.077553,17.909416,24.000925,24.265785,28.053787,30.287653,29.179052,29.479069,27.288511,23.993185,21.155039,17.206964,14.97101,10.751939,8.766541,5.0272803,5.235426,0.0,5.250309,7.9910903,8.867376,14.0189,15.451947,15.391933,17.620762,20.729252,21.657085,28.651155,29.32955,33.17407,34.92475,37.093525,35.916603,32.229748,28.213844,30.660744,25.158075,24.893063,21.80113,22.169573,19.26674,16.90105,17.181284,15.99645,17.614775,18.439772,18.839243,21.51322,21.309937,22.882154,26.635386,25.129162,27.302706,31.627594,30.40798,26.336452,30.101849,28.960655,27.726503,32.07852,27.107685,29.449516,25.676867,29.630043,25.31064,21.294676,19.57209,18.993814,16.878056,19.477186,15.57562,19.45824,22.957941,24.809141,28.252178,28.741169,25.125946,27.697817,23.811281,21.024117,18.727348,16.10981,11.046936,11.783669,10.666329,13.651131,12.2402,12.41514,16.365,17.954613,17.850899,21.028875,18.164682,18.110695,20.322403,20.785917,21.790728,24.994469,25.859707,28.56047,30.361534,29.41769,29.563768,29.345343,31.682335,30.191175,34.242523
23,15.510664,11.324644,14.440601,11.660576,11.260935,16.102594,14.369051,20.797523,20.464346,24.063812,26.10466,25.700777,26.35759,24.39071,21.450743,18.336048,15.287298,11.978832,9.917602,5.8259897,4.622153,7.566229,5.250309,0.0,6.196071,4.3623667,10.016898,10.569203,10.492045,12.496146,15.90507,16.97687,24.095146,25.129025,28.621613,30.639917,32.614494,31.170177,27.658484,23.689407,25.703138,20.068226,19.810207,16.55464,17.144804,14.349705,12.435398,13.218413,12.83347,14.964303,15.302133,16.76686,18.764038,19.0899,19.499075,23.056581,20.835913,23.048756,27.160921,25.753391,21.673407,25.137932,23.79689,22.527979,26.82893,21.932024,24.40944,20.769112,24.973381,20.84685,16.553486,15.479027,14.50684,13.845274,16.066597,12.811783,17.147537,20.22571,22.355663,25.789934,26.038553,22.20573,23.942284,20.029064,17.097202,14.959956,11.950498,6.518905,6.748968,6.295324,9.609708,9.663605,8.96911,11.970752,14.493225,14.877099,17.962427,15.779144,15.098681,18.097881,17.593891,19.702568,22.051788,23.815834,27.239965,28.268242,26.816364,27.008799,25.844564,28.252462,26.275677,30.3185
24,14.215829,10.89541,14.291948,13.650585,13.020288,18.27683,16.648949,23.064053,23.591381,26.360376,29.266169,29.35564,29.585945,28.30666,24.837967,22.543713,19.1942,16.316998,14.567051,10.671745,9.877484,10.1109295,7.9910903,6.196071,0.0,5.2486444,6.8801107,9.811397,12.706194,15.376495,18.648762,20.966192,27.681938,29.592428,32.36821,34.766476,36.54322,34.594368,31.534517,27.72582,28.661642,22.717266,22.172188,17.677828,18.461273,13.7598505,11.575227,10.582061,8.733693,11.234575,12.850251,14.475633,17.275612,18.999332,19.54462,23.614506,21.497995,22.758154,27.341488,25.147243,21.051247,24.319813,24.171074,22.61513,27.769787,22.889484,25.770199,22.982018,26.67373,22.165792,18.40997,18.585325,18.332766,18.82005,21.513575,18.743603,23.131262,25.983688,28.085712,31.537931,31.443052,27.501863,28.705519,24.812939,22.098312,19.796947,16.988829,11.582865,10.037249,7.699775,8.360503,8.462694,11.000887,12.910443,14.035678,15.609428,19.30372,18.390017,18.721724,22.302475,22.280085,24.917704,27.331707,29.549557,33.075397,33.725624,32.11143,31.63589,30.244654,32.142162,29.64361,33.240074
25,15.122602,11.142366,13.109001,11.020888,9.400054,14.57049,12.010538,18.552023,18.544,21.522326,24.124916,24.261997,24.7382,23.379927,20.253925,17.674957,14.955163,11.545282,11.202671,6.61558,7.770823,9.696322,8.867376,4.3623667,5.2486444,0.0,6.3930283,7.1818066,7.6516633,10.587655,13.571925,16.103207,22.537926,24.56148,27.316837,29.638464,31.596079,29.77198,26.757505,23.032385,23.946905,18.297108,17.433802,13.699993,13.933228,10.424337,8.197059,8.878995,8.842974,11.056938,11.229778,13.353765,15.101906,16.235943,16.034678,19.731592,17.301374,19.147488,23.434456,21.74722,17.635815,21.2552,20.392097,19.311485,24.035925,19.545519,22.551634,19.514236,23.923143,19.978016,15.567078,15.883642,14.548806,15.799974,17.2548,14.6335335,18.847008,21.367659,23.395159,26.83426,26.50664,22.528362,23.541004,19.658768,17.162828,14.683283,12.405736,6.979895,6.361288,6.2157145,8.123643,9.989257,10.088345,11.226888,14.110571,15.529278,18.693846,17.608389,16.769432,20.397831,19.168184,22.149632,23.644234,26.064777,29.925453,30.45378,28.611998,28.868458,26.802746,29.192364,26.635185,30.506332
26,18.503681,15.329281,16.755835,16.04714,13.710424,18.663647,15.206544,21.288439,21.288996,23.171455,26.010021,27.295464,27.82918,27.177301,24.230635,22.10437,20.089205,16.622095,17.387999,12.810953,14.067051,15.4388,14.0189,10.016898,6.8801107,6.3930283,0.0,4.2109914,9.842766,11.990925,15.105693,18.136423,24.184381,26.897488,28.69661,31.527979,32.88889,30.40971,27.957542,24.526648,24.194452,18.262278,17.562412,12.249399,13.549562,7.75384,6.8889737,5.4532943,5.121941,8.902224,9.947263,13.53695,15.099952,18.11914,16.785006,20.43834,17.28827,17.981558,22.25643,19.328104,15.308376,17.764603,18.005943,16.242281,21.73468,17.200241,20.490625,18.614471,22.252678,18.173342,14.591243,16.60002,16.146318,19.01301,21.024342,19.524054,23.845928,25.902641,28.140995,31.378042,30.88631,26.905237,26.779392,23.17588,20.67675,18.795902,16.118355,11.863947,9.066891,7.6166906,5.808361,9.213334,11.227951,10.10519,11.874729,14.682117,17.96507,18.618256,18.469208,22.760704,21.722893,25.561228,26.79886,30.035599,34.201405,33.874447,31.694565,31.125494,28.517134,30.23484,26.99437,30.225395
27,21.179928,17.618887,18.52201,16.82567,13.952651,18.488121,14.000517,19.900377,18.93207,20.868038,22.989065,24.751421,25.79524,25.043064,22.769257,20.212854,19.17955,15.185804,17.148481,12.397478,14.408891,16.87502,15.451947,10.569203,9.811397,7.1818066,4.2109914,0.0,7.3787475,8.260944,11.831398,14.301851,20.497297,23.068218,24.773962,27.685022,28.836817,26.312153,23.843222,20.455847,20.106941,14.08061,13.698256,8.245,10.322325,5.226644,6.20312,6.7507086,8.321642,11.60018,11.507568,15.493778,16.083357,18.711853,16.407028,19.445267,15.524898,16.645208,20.334982,17.507298,13.521652,15.431749,14.771865,12.845986,18.011148,13.301687,16.581507,14.557435,18.541075,14.827023,10.8938465,13.382354,12.521975,16.377491,17.900995,17.14759,21.33549,22.999598,25.381054,28.421288,27.983217,24.075327,23.384384,19.96013,17.345024,16.027481,13.088303,9.997548,6.8509984,6.883368,5.5676603,9.923034,10.037355,7.609051,10.751487,13.368823,16.04392,16.891422,16.041876,20.420084,18.665083,22.932068,23.517023,27.127386,31.536064,30.799757,28.406288,28.001657,24.882639,26.705835,23.322796,26.606995
28,19.676191,15.91656,15.426543,12.4100485,9.021551,12.451155,7.3103747,13.197959,11.896733,14.610194,16.750135,17.700274,18.699148,17.70884,15.540426,12.869856,12.438962,8.426664,12.182525,8.393809,12.102177,14.935813,15.391933,10.492045,12.706194,7.6516633,9.842766,7.3787475,0.0,4.768878,5.9766736,10.193607,15.215685,18.156248,20.19261,22.63668,24.743753,22.830107,20.33014,17.080175,17.031277,12.183566,10.243172,8.234066,6.8574257,6.8182993,5.95167,9.227641,11.681032,13.068111,11.272327,14.168283,13.694349,14.425752,12.056119,14.540893,11.096742,13.697672,17.135439,16.131681,12.318396,16.1168,14.223674,14.193123,18.06893,14.863064,18.168343,15.438145,20.724148,18.167698,13.375216,14.81769,11.759487,15.376341,14.211534,12.940094,16.214151,17.4775,19.280653,22.457075,21.42666,17.4719,17.27761,13.668697,12.047965,9.48644,9.166663,6.677838,7.461762,10.275664,11.675577,15.139123,13.329363,12.171924,16.57416,18.078997,20.170599,19.659103,17.408094,21.002413,17.805119,21.579296,21.042982,24.130646,28.572533,28.466654,26.10114,27.345688,23.803928,26.726818,23.825579,27.743893
29,24.06972,20.112534,20.035555,16.603079,13.475068,16.424215,11.022364,15.930914,13.035443,15.754594,16.251759,18.076729,20.017845,18.722271,17.790222,14.358097,15.267934,10.824225,14.932532,11.136823,14.389837,18.12984,17.620762,12.496146,15.376495,10.587655,11.990925,8.260944,4.768878,0.0,5.2446117,6.2210307,12.81984,14.909437,17.12114,19.767834,21.255959,19.230354,16.374374,12.895595,13.396402,7.92105,7.4369435,5.731442,6.6848235,8.171304,9.477379,12.48202,15.049487,17.086666,15.480825,18.779818,18.06972,18.875565,15.875672,17.53885,13.2888155,15.914733,18.310652,17.09641,13.681867,15.827871,12.80389,12.1289015,15.107652,11.345594,14.100469,10.921386,16.36922,14.273362,9.479162,11.038883,7.580975,12.499936,11.231473,11.531125,14.775789,15.573224,17.900072,20.67585,20.15821,16.396404,15.200198,11.92169,9.413644,8.791114,6.694516,7.220914,7.0009146,10.4202585,11.774539,15.21819,12.212245,10.174745,14.989608,16.060125,17.35022,17.129108,14.364856,17.918634,14.153956,18.48255,17.361324,21.072443,25.77063,24.94331,22.327267,23.353516,19.372448,22.210985,19.188345,23.086432
30,24.611853,21.03814,19.621826,16.285654,12.796945,14.163567,8.393997,11.606013,8.24664,10.549345,11.328062,13.391799,15.242469,14.525911,13.948926,11.275146,13.396983,9.882633,15.437049,12.834166,16.816124,19.973234,20.729252,15.90507,18.648762,13.571925,15.105693,11.831398,5.9766736,5.2446117,0.0,6.9526877,9.394977,13.235183,14.493208,17.0115,19.239603,17.345373,15.361517,12.792654,11.818534,8.60873,5.3464866,7.462278,4.4105024,9.4091,10.164219,13.670767,16.72494,17.684702,15.215527,18.038794,16.279036,16.425611,12.743184,13.363491,9.249234,12.461251,14.234977,14.23918,11.432181,14.569561,11.333184,12.494473,14.643481,13.131962,16.161194,13.850946,19.451721,18.391054,13.954268,15.803885,11.8419285,16.573393,13.365599,13.619402,15.529589,15.4180355,16.902536,19.544601,17.986107,14.366633,12.6767025,9.758064,9.424857,7.712089,9.547057,10.494313,11.724832,15.127159,16.353464,20.016253,17.322445,15.295186,20.031612,21.285576,22.475307,22.230541,19.195093,22.344296,17.937157,21.924204,19.730568,23.15643,27.831104,27.19696,24.514408,26.56639,22.00245,25.27832,22.332806,26.137505
31,28.810287,24.79212,24.45696,20.334986,17.546339,19.197733,14.095282,17.26499,12.77004,15.731315,13.927746,15.995429,18.970846,17.15166,17.924393,13.910078,16.625853,12.586125,17.309849,14.715893,17.834455,22.051676,21.657085,16.97687,20.966192,16.103207,18.136423,14.301851,10.193607,6.2210307,6.9526877,0.0,8.641006,8.943476,11.999457,14.329716,15.7093525,14.270741,10.749239,7.0591826,9.445197,5.913676,6.854513,9.384165,9.989262,13.8343525,15.370091,18.564533,21.239155,23.057968,21.12932,24.085426,22.87151,22.7907,19.598394,20.119366,16.048746,19.116678,20.152437,19.911245,17.374048,18.735245,14.502259,14.374583,14.914731,12.294548,13.656081,10.025536,15.48871,15.021779,10.997774,11.38583,6.992243,11.706664,7.8572254,10.300811,11.905028,11.374437,13.805968,15.891792,15.692747,12.46764,10.13569,7.6650586,4.9698,7.278433,6.2051616,10.650698,11.569362,15.239036,17.052628,19.917902,15.800055,14.053514,18.790512,18.9299,19.064432,18.40201,14.688592,17.070782,11.977554,16.043802,13.102498,17.02096,21.86977,20.590082,17.751066,19.842728,15.129714,18.638336,16.125204,20.221342
32,32.996284,29.488169,27.660973,23.875072,20.845478,20.467384,15.726483,15.420729,10.148353,11.21311,6.861905,10.669078,14.282768,13.563663,16.183376,13.734229,18.389454,16.006674,21.879822,20.506624,24.2732,27.836138,28.651155,24.095146,27.681938,22.537926,24.184381,20.497297,15.215685,12.81984,9.394977,8.641006,0.0,6.147158,5.4460373,7.738936,10.445094,9.36423,8.403255,8.267931,6.6588097,9.585577,7.7008157,13.777723,11.842715,17.943623,19.386717,22.817047,26.009562,26.82958,24.109451,26.6174,24.162054,23.454449,19.49853,18.0763,14.737557,17.73999,16.729107,18.27354,17.366476,18.684467,14.207901,16.252121,14.671791,15.810193,17.167217,15.504524,20.386211,21.557198,18.304073,19.630754,15.463474,19.938562,14.633294,16.893637,16.411535,14.083493,14.767042,15.778081,13.784635,11.823516,6.9737434,7.556467,9.794258,10.90364,14.022255,17.811281,19.39365,23.078064,24.478083,27.881155,24.201115,21.96584,26.664087,27.23286,27.217106,26.935114,23.154718,25.129793,19.673101,23.123732,18.69297,22.016447,26.521317,25.173477,22.305477,25.675526,20.150595,23.817955,21.466482,24.852505
33,35.668198,31.864107,30.776758,26.389166,23.88685,23.79489,19.494219,19.910599,14.5188,16.68827,11.945763,14.089843,18.043758,16.154697,19.30688,15.863366,20.464735,17.860008,22.953644,21.844969,24.98811,29.079453,29.32955,25.129025,29.592428,24.56148,26.897488,23.068218,18.156248,14.909437,13.235183,8.943476,6.147158,0.0,5.544746,6.1572204,8.196788,8.803455,5.5426655,5.2882085,8.521578,11.247199,11.727982,16.907188,16.350643,21.72341,23.213459,26.622778,29.541393,30.835539,28.420027,30.905338,28.956982,27.941763,24.581804,23.610107,20.349857,23.52673,22.833721,24.04451,22.771002,23.665064,18.90767,19.946114,17.892115,17.915878,18.06339,15.533637,19.806896,21.316198,18.522882,18.455778,14.55523,17.685047,11.88993,15.23213,13.789128,10.758262,11.774563,11.825831,11.259554,10.208938,5.1258397,7.1623454,8.402143,11.628966,13.521309,18.613214,20.324396,24.043152,25.972847,28.687534,24.240543,22.63605,27.16861,26.886778,26.227396,25.349907,21.267345,22.199831,16.592356,19.234507,13.99646,17.014856,21.30449,19.673367,16.881472,20.917717,15.622831,19.638763,18.234064,21.758533
34,38.329052,34.733402,33.06116,29.154058,26.213068,25.792309,21.162992,20.538624,15.286654,15.814806,10.510189,14.333563,18.19151,17.48034,20.89985,18.472122,23.377928,21.033806,26.69245,25.34499,28.877548,32.71631,33.17407,28.621613,32.36821,27.316837,28.69661,24.773962,20.19261,17.12114,14.493208,11.999457,5.4460373,5.544746,0.0,3.5484514,5.046815,4.677539,5.2071996,7.8015223,6.3638906,11.839903,11.5640745,17.452513,16.490746,22.40953,24.329504,27.65216,30.874018,31.923706,29.279535,31.965115,29.446344,28.830414,24.740871,23.0007,19.653402,22.28824,20.465723,21.94975,21.60938,21.713997,17.008,18.774338,15.540636,17.538395,17.723919,16.63619,20.481121,22.81388,20.51379,21.655027,17.95232,22.240475,16.93288,20.155102,19.07091,16.091215,16.685362,16.54258,15.086721,14.381734,8.794064,11.107916,13.007294,15.368303,17.645245,22.20325,23.451504,27.064056,28.351204,31.604723,27.5908,25.135937,29.581923,29.835913,29.145546,29.079468,25.187223,26.599512,21.032574,24.224932,18.947317,22.307272,26.564905,24.462215,21.526037,25.072624,19.176184,22.603151,20.614433,23.395704
35,39.986057,36.44141,34.671368,30.58352,27.920435,27.01424,22.914059,21.708817,16.491201,17.182407,11.409986,14.263627,18.21113,17.25446,21.296244,18.994686,24.18029,22.305845,27.797358,27.00216,30.436636,34.241966,34.92475,30.639917,34.766476,29.638464,31.527979,27.685022,22.63668,19.767834,17.0115,14.329716,7.738936,6.1572204,3.5484514,0.0,4.5889854,6.6714106,7.1583023,9.9145775,9.865861,15.0721245,14.752636,20.68303,19.448824,25.449507,27.071924,30.488392,33.654945,34.558388,31.834217,34.207256,31.664549,30.542503,26.782743,24.832766,22.025026,24.828707,22.902609,24.868193,24.5977,25.05196,20.419573,22.293062,19.05137,20.992958,21.01733,19.677803,23.397062,25.762161,23.430769,24.043936,20.274107,23.80877,18.025238,21.15548,19.277866,15.866629,15.873244,15.056218,13.50534,13.747291,8.417574,11.711882,14.213914,16.591974,19.403934,24.147015,25.83878,29.552109,31.148396,34.210358,29.992098,27.927425,32.42548,32.431435,31.663212,31.200586,27.17333,28.112862,22.51878,25.075111,19.511812,22.20969,26.07032,24.233341,21.550913,25.77502,20.217464,23.849127,22.450666,25.237087
