,0,1,2,3,4,5,6,7,8,9,10,11,12,13,14,15,16,17,18,19,20,21,22,23,24,25,26,27,28,29,30,31,32,33,34,35,36,37,38,39,40,41,42,43,44,45,46,47,48,49,50,51,52,53,54,55,56,57,58,59,60,61,62,63,64,65,66,67,68,69,70,71,72,73,74,75,76,77,78,79,80,81,82,83,84,85,86,87,88,89,90,91,92,93,94,95,96,97,98,99,100,101,102,103,104,105,106,107,108,109,110,111
0,0.0,4.324905,6.698044,9.94778,12.63047,15.018477,18.049942,22.153812,25.17809,28.890175,30.979445,35.906124,33.77608,32.492462,27.718338,25.97557,23.235744,20.865234,19.539272,16.817537,17.561281,15.391192,19.621273,19.730965,20.81972,23.297806,18.695583,23.192825,23.297083,25.5951,27.026077,29.055387,32.848225,34.400154,37.58746,39.864956,42.81165,42.36939,39.85308,37.83857,36.30444,34.27122,32.034584,29.571249,29.844004,23.96884,28.659348,25.467127,24.220781,27.948803,30.081697,29.120651,31.692408,34.507595,36.7941,37.024853,33.98028,37.754276,36.702812,38.629852,32.98306,34.903084,31.681452,32.923912,26.529364,26.652582,22.624022,19.544256,15.982303,10.968399,14.086092,17.183256,18.338718,21.342304,24.413475,27.33072,30.719856,31.477173,36.27911,36.581474,38.971184,42.4785,39.22634,35.261875,31.489426,30.827436,25.555937,23.45617,19.874949,18.319933,16.148653,16.68085,17.270512,21.3995,23.171883,26.617945,27.632015,34.095592,34.66436,38.629364,39.566925,35.9147,33.3959,37.5861,39.60149,35.75483,33.421406,29.953566,26.680683,23.705927,20.765606,17.757788
1,4.324905,0.0,5.3361087,6.2393594,9.164498,12.183623,14.723511,19.221771,21.741402,25.96766,27.582445,32.79423,30.636906,29.075901,24.64769,22.362062,19.627846,16.939693,15.481497,12.549349,13.461743,11.545583,15.833748,16.45289,17.444336,19.651789,14.75164,18.978863,18.983896,21.287794,22.764746,24.850378,28.747591,30.439402,33.587887,36.007504,38.790928,38.275826,35.641956,33.61239,32.00533,29.99514,27.723885,25.310398,25.667406,20.012386,24.777777,21.986547,21.165703,24.862474,26.55092,25.80303,28.72747,31.278248,33.334263,33.361572,30.17331,33.755436,32.588127,34.436806,28.696424,30.61639,27.421335,28.823244,22.524725,22.60168,18.861431,16.146395,12.450972,8.180817,10.01904,13.566582,14.471489,17.88989,20.728605,23.94508,27.183155,27.663288,32.653355,32.738785,35.28975,38.78226,35.704018,31.71176,27.73952,27.402323,21.852222,20.167465,16.341255,15.250384,13.739045,15.08242,16.124962,19.675577,20.88335,24.513828,24.92566,31.704292,31.689953,35.95402,36.406666,32.566418,30.451984,34.911377,37.167366,33.593815,31.000954,28.046854,24.054333,21.627241,18.220104,15.717498
2,6.698044,5.3361087,0.0,5.3890233,7.002133,8.967324,11.943117,15.647772,18.94883,22.326899,24.717016,29.38463,27.551199,26.572119,21.864311,20.308111,18.190258,15.799015,15.824439,13.554746,15.932146,15.110891,19.409971,20.716528,21.280285,23.078848,17.153929,21.117817,20.07923,22.44575,22.664734,25.478096,28.048943,30.16422,32.785767,35.103016,38.146954,37.50246,35.45623,33.22018,32.484962,29.894749,28.726753,25.689552,27.315134,21.596153,26.708904,24.377968,23.03845,27.398369,28.78693,26.801943,30.415443,33.446312,34.737938,34.997017,31.165083,34.833435,33.242455,34.48047,29.233587,30.60955,27.264933,28.114937,21.78855,22.969814,19.260656,16.482834,14.110628,9.981978,10.68939,12.703302,12.924185,15.526484,18.513676,21.10241,24.552565,25.685495,30.167082,30.920448,33.204193,36.88484,33.696842,29.961447,26.410107,26.141214,20.780056,19.317034,16.164925,15.638109,13.932032,14.367734,13.923345,17.215693,18.491789,21.609516,22.611382,28.590858,29.045113,32.853985,33.877216,29.987879,27.234869,31.430367,33.528824,29.735737,27.277046,24.256605,20.69843,17.77097,15.067103,11.78071
3,9.94778,6.2393594,5.3890233,0.0,3.8256006,6.4644246,9.11446,13.228216,15.60754,19.9321,21.36637,26.674744,24.453423,22.882181,18.623198,16.190517,13.763378,10.983148,10.540485,8.193305,10.923003,10.863025,15.034551,17.089033,17.755505,19.07117,13.200209,16.165886,15.001562,17.122643,17.612087,20.129082,23.09972,25.138163,27.91818,30.360619,33.22667,32.617317,30.335861,28.211273,27.22059,24.930643,23.624033,20.869282,22.553635,17.540142,22.611958,21.022972,20.594646,24.575188,25.250454,23.981688,27.941542,30.352991,31.444979,31.274963,27.363836,30.580023,28.812849,29.908367,24.312767,25.620325,22.19481,23.170618,16.832863,17.722275,14.280753,12.00287,9.616411,7.2379403,5.405941,8.050533,8.509054,11.679427,14.581995,17.72594,21.00639,21.782393,26.656733,27.103264,29.796312,33.493534,30.693686,26.920387,22.938015,23.390272,17.449623,16.9345,13.351577,13.773245,13.337377,15.038496,15.464994,17.745354,18.044464,21.388596,21.305183,27.744736,27.142601,31.458405,31.590284,27.291855,25.31813,29.99368,32.509743,29.217035,26.330017,24.281382,19.507576,17.666388,14.237777,12.0692005
4,12.63047,9.164498,7.002133,3.8256006,0.0,5.88299,5.56484,10.716726,12.809164,17.264301,18.847359,23.891865,22.451225,21.119799,17.366716,14.587924,13.1890745,9.778595,10.915718,8.61218,12.347593,12.853,16.331013,18.58123,18.4802,19.432467,12.847206,15.9648285,14.041742,16.608162,16.003494,19.712084,21.715195,24.607527,26.747398,29.442574,32.124065,31.144085,29.049734,26.574802,26.105183,23.091658,22.373611,19.013485,21.431461,16.174498,21.376276,20.07014,19.212837,23.609364,24.06931,21.839436,26.239985,28.9771,29.49744,29.555576,25.264116,28.642756,26.723955,27.62733,22.589195,23.826382,20.612402,21.772484,15.8423395,17.678774,15.119864,13.630336,12.087274,10.831767,7.017071,8.685126,6.182759,10.123974,12.073125,15.282133,18.353456,18.906961,23.670086,24.065847,26.502089,30.173788,27.195518,23.451473,19.682978,19.997578,14.232992,13.777397,10.689756,11.657384,11.512979,13.033115,13.060324,14.599066,14.547402,17.756443,17.6079,23.936493,23.364716,27.639017,27.881355,23.69807,21.589943,26.231058,28.730167,25.472769,22.571302,20.597462,15.696546,14.025668,10.490681,8.704834
5,15.018477,12.183623,8.967324,6.4644246,5.88299,0.0,7.0770454,7.7224374,11.24881,14.365649,16.400469,21.36473,18.769173,17.714987,12.904061,11.731499,9.949057,8.602813,10.416799,10.348845,14.149043,15.561066,19.354414,22.205118,22.81685,23.48804,17.455446,18.868113,16.495926,17.903042,16.808104,19.405174,20.461515,22.541334,24.751884,26.816889,30.12755,29.600271,28.214493,26.12995,26.293964,23.797049,24.152943,21.109951,24.474684,20.494968,25.520594,25.017561,24.68434,28.849667,28.768892,26.78532,31.517063,33.92732,34.05504,33.806328,29.232655,31.991238,29.539284,29.492517,24.414623,24.57943,20.823406,20.523129,14.256367,16.522612,13.234101,11.178056,11.529801,10.507617,7.9439273,6.223638,7.09681,6.937042,10.850331,12.776951,16.516176,18.622465,22.728416,24.346216,27.029177,31.0682,28.62624,25.42276,21.888325,23.23496,17.444891,18.244263,15.692998,17.301771,17.301132,18.454805,17.603832,18.74909,18.439493,20.852322,20.858906,25.965048,25.212082,29.04615,29.327799,24.524035,22.191853,26.754236,29.3564,26.197294,23.20711,22.129025,17.237486,15.639465,13.329412,11.013465
6,18.049942,14.723511,11.943117,9.11446,5.56484,7.0770454,0.0,6.669392,7.8276553,12.431621,13.986829,18.715252,18.151081,17.136705,14.334491,11.254706,11.617806,8.13923,11.582541,10.465087,14.906392,16.447708,19.042854,21.80624,21.143053,21.357563,14.6696,16.634089,13.5478115,16.006456,13.55822,18.456095,18.62632,22.477415,23.637627,26.499392,29.003609,27.631516,26.04161,23.235115,23.76058,19.962671,20.61911,16.645416,20.56542,16.083942,21.051493,20.815767,19.945118,24.450235,24.131866,20.939081,26.075447,28.845741,28.288738,28.406622,23.502296,26.614576,24.204065,24.315447,20.155207,20.76622,17.745451,18.662313,13.599069,16.839783,15.576766,15.198257,15.15222,15.326619,10.202028,9.848925,4.28698,7.5475187,7.6624446,10.646547,13.372435,13.952481,18.386423,19.074688,21.31997,25.118032,22.213251,18.760168,15.350303,16.242876,10.741778,11.629876,10.010923,12.421083,13.203039,14.45279,13.777047,13.442438,12.232802,14.664746,13.992036,19.58283,18.530128,22.734653,22.823978,18.385122,16.255873,21.023281,23.709557,20.77522,17.638748,16.666876,11.034221,10.41532,7.25904,7.045109
7,22.153812,19.221771,15.647772,13.228216,10.716726,7.7224374,6.669392,0.0,4.90183,6.765206,9.461466,13.805791,12.371246,12.144738,8.731725,7.878387,9.474504,8.754546,13.222333,14.138731,18.5207,20.814157,23.556995,26.84235,26.69152,26.6017,20.423273,20.826225,17.302671,18.499603,15.136982,19.012896,17.204372,20.556967,21.176035,23.355028,26.450884,25.390753,24.925884,22.46106,24.152308,20.721018,23.01111,19.38216,24.443634,21.441126,26.04437,26.67438,26.24135,30.509165,29.611397,26.534172,31.961136,34.418823,33.26851,33.121918,27.93314,30.273294,27.256891,26.084362,22.3883,21.571302,18.18196,17.231209,12.608219,16.82243,15.584504,15.299622,17.149792,17.75888,13.471851,10.56004,7.9602885,5.1423855,6.2119904,6.143498,9.785242,12.804646,15.840499,18.375568,20.701746,24.890957,22.745203,20.267916,17.585,19.719957,14.923773,17.141312,16.270569,19.006733,19.784971,20.638905,19.123013,18.32937,16.890514,18.037369,17.58634,21.0028,19.716244,23.072699,23.238134,18.13952,15.717468,20.162554,22.942612,20.333193,17.154358,17.7354,12.530975,12.36332,11.449383,10.818192
8,25.17809,21.741402,18.94883,15.60754,12.809164,11.24881,7.8276553,4.90183,0.0,6.100764,6.1768727,11.408241,10.794418,9.862141,8.976393,5.9066443,9.207609,7.95688,12.885361,14.033129,18.293251,21.031712,22.858238,26.34568,25.795506,25.147133,19.4205,18.856672,14.931707,15.922888,11.559586,16.188814,13.381203,17.730513,17.634216,20.30082,22.837162,21.340351,20.803555,18.054008,20.129078,16.254599,19.229351,15.508848,21.206459,19.200222,23.267504,24.74221,24.747643,28.622492,27.070965,24.086832,29.719732,31.768803,30.0702,29.735683,24.423328,26.299894,23.051647,21.449652,18.24289,17.110195,14.046217,13.3897705,10.067298,14.852611,15.212271,16.195553,18.213495,20.045012,14.604856,11.958609,7.9658117,5.983789,2.608633,3.0908797,5.6490912,7.926274,11.490651,13.609492,16.242273,20.444448,18.653849,16.294518,13.523904,16.527878,12.009844,15.43887,15.156144,18.558626,20.175777,21.515482,20.600836,18.955189,16.703722,17.70817,16.090687,19.489952,16.971842,20.765789,19.870632,14.430789,13.20427,18.060371,21.228258,19.432877,15.963227,17.71882,11.708317,13.26173,11.994673,13.02203
9,28.890175,25.96766,22.326899,19.9321,17.264301,14.365649,12.431621,6.765206,6.100764,0.0,5.0271134,7.2109227,7.3335557,8.774253,8.290571,9.019323,12.689736,13.186595,17.976324,19.587494,23.825848,26.571388,28.710274,32.235615,31.823904,31.23549,25.430765,24.873184,20.942305,21.562374,17.015,20.877829,16.576378,20.355547,19.398033,21.245373,24.119211,22.771538,23.51077,21.05757,24.192556,20.500458,24.480917,20.927288,26.967335,25.196121,29.148478,30.683985,30.388954,34.443954,32.895233,29.393084,35.099907,37.358734,35.253174,35.06583,29.630592,31.294754,27.852045,25.496365,23.255022,21.32802,18.51217,16.56608,14.352438,19.282412,19.413555,20.04713,22.760468,24.10405,19.561848,16.176414,13.49161,9.8990135,8.424997,4.696886,6.2520065,10.766787,11.318221,15.407,17.238852,21.444118,20.07936,18.834959,17.392086,20.356846,17.069456,20.28633,20.585527,23.786827,24.98484,25.661264,23.853754,21.939651,19.849335,19.750984,18.922749,20.038189,18.13662,20.540918,20.431137,15.170184,13.059041,16.812952,19.675087,18.067715,14.989536,17.724442,13.196544,14.523824,15.082848,15.581753
10,30.979445,27.582445,24.717016,21.36637,18.847359,16.400469,13.986829,9.461466,6.1768727,5.0271134,0.0,6.231214,5.5754666,5.380711,8.049321,7.1424646,11.585949,12.332517,16.89272,18.994537,22.848717,26.015203,27.44669,31.195292,30.747208,29.687057,24.633158,22.878914,18.878702,18.849775,13.945512,17.418259,12.090137,16.253328,14.686539,16.799417,19.317656,17.79167,18.619566,16.21571,19.731796,16.262926,20.891209,17.81358,24.135584,23.68178,27.030111,29.373388,29.788473,33.25856,31.077143,28.273827,33.997597,35.598244,33.218376,32.624825,27.282076,28.211573,24.542538,21.639914,19.599712,17.051764,14.415992,12.063782,11.423824,16.430716,17.80983,19.4415,22.471737,24.924604,19.761576,16.359972,13.736742,10.258843,7.4116797,3.6608279,2.0445647,7.2404313,7.8037086,11.8972225,14.481523,18.693842,18.17531,17.167269,15.480884,19.453575,16.224913,20.37105,20.673595,24.28519,26.130928,27.419014,26.321278,24.18167,21.629889,21.80989,19.951248,21.485447,18.282646,21.207256,19.690496,14.044867,13.7477455,17.826658,21.056808,20.330921,17.057009,20.522907,15.261419,17.579325,17.32239,18.569582
11,35.906124,32.79423,29.38463,26.674744,23.891865,21.36473,18.715252,13.805791,11.408241,7.2109227,6.231214,0.0,6.6638107,9.151363,12.488607,13.240242,17.569357,18.447365,23.090805,25.048351,29.010103,32.08616,33.5159,37.1854,36.496075,35.398952,30.195108,28.718107,24.656538,24.752695,19.572092,23.157743,16.951273,20.969212,18.282822,19.795202,21.89542,20.125814,22.086613,19.781662,24.189634,20.492506,25.830833,22.667559,29.196796,28.791151,31.887962,34.320484,34.31792,37.93379,35.70894,32.123524,37.88731,39.736588,36.744884,36.433685,31.010853,31.806784,28.093414,24.613554,24.083536,21.2015,19.385544,16.900068,17.501183,22.427334,23.911924,25.406626,28.5302,30.623283,25.66628,22.236025,19.359158,15.97019,13.239122,9.381036,7.268439,10.8809185,7.716234,13.07186,14.138327,17.911514,17.880646,18.215612,18.138443,21.796175,20.127127,24.069145,25.203362,28.727398,30.40573,31.157246,29.473093,26.742277,24.115032,23.221539,21.75173,20.955753,18.103586,19.489012,18.46816,13.562496,12.978611,15.453576,18.278654,18.367785,15.713672,20.37268,16.650549,19.248796,20.315874,21.7365
12,33.77608,30.636906,27.551199,24.453423,22.451225,18.769173,18.151081,12.371246,10.794418,7.3335557,5.5754666,6.6638107,0.0,3.8575945,7.0585623,9.571104,13.218472,15.608464,19.647205,22.440706,26.026176,29.3337,31.053255,34.958473,34.990685,33.974865,29.158653,26.970827,23.1627,22.475103,18.116606,19.95509,14.248971,16.647228,14.952355,15.711727,18.92772,18.199986,20.113152,18.586477,22.411331,20.047394,24.904613,22.467825,28.656101,28.650581,31.97733,34.406975,35.02956,38.42397,36.18187,33.74261,39.437748,40.867443,38.544758,37.75974,32.51275,33.06927,29.29494,25.974989,23.905273,20.75952,17.97021,14.227601,13.948803,18.439363,19.386057,20.765707,24.573637,26.99345,22.729345,18.595484,17.716377,12.934825,11.8855505,7.7586837,7.474478,12.389047,11.441428,16.263506,18.639488,22.6179,22.76143,22.324106,20.933786,24.986906,21.740288,25.790049,25.818773,29.321453,30.945555,32.12931,30.744944,28.90902,26.607834,26.615648,25.173157,26.008364,23.135317,25.35599,24.097315,18.6759,18.173454,21.488241,24.432285,23.85591,20.914757,24.576569,19.971157,21.771667,21.957645,22.519499
13,32.492462,29.075901,26.572119,22.882181,21.119799,17.714987,17.136705,12.144738,9.862141,8.774253,5.380711,9.151363,3.8575945,0.0,5.988609,6.957618,10.506355,13.0885315,16.733675,19.79569,23.067333,26.54413,27.97151,31.961842,32.11582,30.950651,26.594656,23.820997,20.14233,19.058315,14.969078,16.19898,10.617356,12.891333,11.598881,12.714645,16.053478,15.46141,16.851315,15.453124,18.895996,16.990505,21.610601,19.575409,25.562426,26.075829,29.216837,31.86728,32.94093,35.99875,33.57235,31.804888,37.392685,38.444016,36.331493,35.27278,30.196764,30.507864,26.745232,23.544447,20.883003,17.686382,14.6243305,10.606376,10.435741,14.762055,16.165092,18.034552,21.912504,24.934067,20.430176,16.369392,15.847946,11.213332,10.102799,6.8790755,6.6374173,10.914585,11.296972,15.244309,18.305489,22.292477,22.542105,21.698374,19.659298,24.007326,20.249958,24.53103,24.178505,27.766495,29.651808,31.260578,30.389235,28.749891,26.373837,26.900185,25.01492,26.86438,23.515444,26.429052,24.563457,18.92882,19.07388,22.9745,26.156973,25.557266,22.355492,25.74059,20.42423,22.360949,21.770254,22.475449
14,27.718338,24.64769,21.864311,18.623198,17.366716,12.904061,14.334491,8.731725,8.976393,8.290571,8.049321,12.488607,7.0585623,5.988609,0.0,5.547451,7.290433,10.612283,14.054435,17.080534,20.514164,23.668854,25.997955,29.860273,30.453175,29.844795,24.980026,23.0931,19.682556,18.998938,15.867715,16.930557,13.732274,15.099252,15.700932,16.654737,20.540413,20.421824,20.974329,19.597805,21.864294,20.092106,23.402948,21.116152,26.494135,25.740957,29.633162,31.393482,32.15493,35.607506,33.85136,32.108368,37.574932,39.030033,37.65217,36.76086,31.722198,32.766308,29.281523,26.968481,23.158424,20.851877,17.101292,13.763705,10.351043,14.279616,13.615791,14.204321,18.108288,20.283098,16.7337,12.225752,13.175669,7.5369563,9.202702,6.67777,9.394645,13.910454,15.677621,19.290785,22.319885,26.525827,25.88485,24.28082,21.663807,25.27559,20.552301,24.006283,22.910612,26.051445,27.351421,28.77673,27.683651,26.88176,25.123423,26.09764,24.954145,27.609547,25.197245,28.294556,27.349531,21.70979,20.649267,24.815445,27.831833,26.244482,23.04985,25.191425,19.95694,20.690022,19.904282,19.520327
15,25.97557,22.362062,20.308111,16.190517,14.587924,11.731499,11.254706,7.878387,5.9066443,9.019323,7.1424646,13.240242,9.571104,6.957618,5.547451,0.0,4.492278,6.1542864,10.153536,12.930635,16.467012,19.788456,21.533627,25.429382,25.657085,24.806898,20.095226,17.921206,14.327821,13.830006,10.378931,12.437006,9.875124,12.700797,13.556035,15.742219,18.90041,18.216034,17.673717,15.764453,17.449598,15.202967,18.080992,15.624996,20.982462,20.386341,24.127296,26.10217,27.120337,30.333094,28.390762,26.915003,32.333847,33.578125,32.23828,31.262157,26.293568,27.360155,23.9684,22.045925,17.83708,15.993789,12.138414,9.915044,5.637647,10.33999,10.758441,12.333955,15.543009,18.489164,13.548572,9.787189,9.153513,4.822847,4.7180433,4.737412,7.205616,10.051857,13.528988,15.785764,19.227625,23.355867,22.498814,20.359297,17.12292,20.848213,15.781088,19.529247,18.327612,21.701696,23.490108,25.391945,24.98153,23.993725,21.933874,23.378017,21.53617,25.254597,22.261738,26.137096,24.544489,18.884142,18.561735,23.321945,26.584644,25.110783,21.653841,23.609682,17.58267,18.882164,17.160751,17.561878
16,23.235744,19.627846,18.190258,13.763378,13.1890745,9.949057,11.617806,9.474504,9.207609,12.689736,11.585949,17.569357,13.218472,10.506355,7.290433,4.492278,0.0,4.6578445,6.837262,10.280648,13.321726,16.634636,18.813183,22.725521,23.579205,23.00831,18.652702,16.406153,13.481663,12.659817,11.057489,11.454614,11.54764,12.7092495,15.157185,17.00896,20.42955,20.338072,19.165422,17.750044,18.20114,16.959713,18.451094,16.600204,20.876453,20.05458,23.987274,25.519464,26.841124,29.864782,28.224293,27.596918,32.670685,33.731747,33.12047,31.966894,27.366135,28.54311,25.450891,24.178902,18.940962,17.680939,13.487405,11.622457,5.455519,8.253818,6.7950187,7.874561,11.425908,14.650303,10.39664,6.1894736,8.541768,4.582809,7.514327,8.855601,11.671485,13.934368,17.896336,19.643635,23.233719,27.269655,26.250986,23.701607,19.96037,23.291756,17.548029,20.681986,18.56242,21.50785,23.057777,25.216501,25.157839,24.995953,23.390106,25.43235,23.811407,28.395927,25.699955,29.83358,28.370464,22.816133,22.327799,27.215553,30.417904,28.567738,25.127697,26.299393,20.250061,20.835428,18.529736,18.224545
17,20.865234,16.939693,15.799015,10.983148,9.778595,8.602813,8.13923,8.754546,7.95688,13.186595,12.332517,18.447365,15.608464,13.0885315,10.612283,6.1542864,4.6578445,0.0,4.9314218,6.83834,10.729697,13.813115,15.845738,19.588753,19.88883,19.394213,14.411416,13.013573,9.829038,10.250826,8.554942,11.138958,12.267263,14.903048,17.059465,19.700623,22.429365,21.713997,19.82555,17.75746,17.693876,15.489476,16.129776,13.564301,17.591845,15.767721,20.035175,21.20747,22.260487,25.489874,24.08332,23.143242,28.194052,29.522696,29.055603,28.136435,23.51137,25.249302,22.42476,21.88797,16.482405,16.242374,12.326994,12.334344,6.1000347,8.865857,7.9503436,8.968745,10.579567,13.52076,7.7413435,5.3014297,4.31546,4.2211637,5.715179,9.155157,11.762582,12.599676,17.499601,18.230892,21.660269,25.556728,23.94829,20.857613,16.761316,19.53452,13.470185,16.25548,13.936526,16.901567,18.624952,20.975971,21.301155,21.105225,19.474072,21.898638,20.094337,25.49815,22.897501,27.428707,26.007717,20.76217,20.272257,25.371485,28.544678,26.512451,23.05375,23.637575,17.37688,17.986713,15.019262,15.136031
18,19.539272,15.481497,15.824439,10.540485,10.915718,10.416799,11.582541,13.222333,12.885361,17.976324,16.89272,23.090805,19.647205,16.733675,14.054435,10.153536,6.837262,4.9314218,0.0,4.151997,6.492807,9.92607,12.022353,15.90609,17.00158,16.64049,12.81046,10.672058,8.865351,8.539164,9.776722,9.91045,13.861842,14.990013,18.368687,20.792826,23.425339,23.195948,20.608301,19.11566,17.672625,16.787485,15.779546,14.3830595,16.717882,15.282096,19.2824,20.19064,21.96947,24.54537,23.278004,23.784925,28.228935,29.004604,29.345825,28.071348,24.103668,25.642637,23.229456,23.350304,17.037195,17.392038,13.498709,13.951897,7.69711,7.2080464,4.741591,5.7393394,6.403621,10.697896,5.4748454,4.722112,7.4068966,8.4527855,10.569184,13.903957,16.319954,16.684252,21.77023,21.9444,25.573174,29.23751,27.757559,24.455965,20.008638,22.532162,16.278479,18.48057,15.305417,17.659071,19.32758,22.152304,23.19612,23.739902,22.470995,25.415934,23.567064,29.655733,27.03317,31.806591,30.153387,25.071363,24.882893,30.032066,33.199097,31.109327,27.676416,27.837114,21.62519,21.916655,18.461931,18.230574
19,16.817537,12.549349,13.554746,8.193305,8.61218,10.348845,10.465087,14.138731,14.033129,19.587494,18.994537,25.048351,22.440706,19.79569,17.080534,12.930635,10.280648,6.83834,4.151997,0.0,4.511672,7.0480356,9.528748,13.012995,13.708076,13.793711,9.130278,8.870507,7.652538,9.051966,10.752844,12.386285,16.683615,18.56368,21.652477,24.412493,26.69946,26.11069,23.177029,21.301102,19.508717,17.977528,16.007286,14.132598,15.527941,12.515502,16.972519,16.982323,18.391554,21.210068,20.52868,20.884737,25.056078,26.183184,26.982851,26.006456,22.227814,24.454521,22.505003,23.485373,17.198986,18.56496,15.166903,16.76363,10.929899,10.622223,8.632187,8.663441,6.777787,9.727574,3.5959885,6.3911,6.737351,10.309828,11.87404,15.803807,18.186472,17.853926,23.269703,22.840204,26.164532,29.644695,27.623583,23.915026,19.347813,20.9892,14.682956,15.8898115,12.2021675,14.032681,15.585759,18.603067,20.118176,21.022493,20.051706,23.407265,21.687439,28.44153,26.213312,31.151041,29.7698,25.126854,24.727295,29.854729,32.867767,30.51461,27.204468,26.605356,20.602957,20.56134,16.636843,16.42867
20,17.561281,13.461743,15.932146,10.923003,12.347593,14.149043,14.906392,18.5207,18.293251,23.825848,22.848717,29.010103,26.026176,23.067333,20.514164,16.467012,13.321726,10.729697,6.492807,4.511672,0.0,3.8088124,5.8427877,9.542291,11.267786,11.43094,9.035145,7.7321835,8.63063,9.131256,12.868745,12.640284,18.53228,19.415085,23.138748,25.73621,27.77665,27.506104,24.073023,22.674423,19.856354,19.42877,16.198011,15.5360365,15.206748,13.062268,16.715582,16.58089,18.848818,20.69457,20.062689,21.97915,25.39859,25.81456,27.332277,25.983414,22.987444,24.848722,23.335468,24.814417,18.088852,19.862997,16.74383,18.62158,13.338807,11.22943,9.219379,9.332291,6.1234126,9.880467,6.3176947,9.5262985,11.241187,14.360877,15.986771,19.837978,22.008516,21.367348,26.83666,26.000166,29.471027,32.71816,30.919498,27.17305,22.470697,24.045193,17.959784,18.901115,14.967277,16.194435,17.742195,21.064445,23.186678,24.470116,23.671843,27.243774,25.373566,32.422665,30.025808,35.111187,33.40985,28.894606,28.88054,34.026234,37.065968,34.812405,31.50902,30.830917,24.861574,24.830606,20.749773,20.513771
21,15.391192,11.545583,15.110891,10.863025,12.853,15.561066,16.447708,20.814157,21.031712,26.571388,26.015203,32.08616,29.3337,26.54413,23.668854,19.788456,16.634636,13.813115,9.92607,7.0480356,3.8088124,0.0,4.731126,7.050311,9.265093,10.436541,8.471505,9.364903,11.12378,12.318036,16.113901,16.275642,22.24298,23.192394,26.922039,29.5384,31.523294,31.202385,27.642504,26.170727,23.14679,22.576797,18.804152,18.071259,16.79424,13.593593,17.203999,15.923678,17.869074,19.626059,19.81717,21.961224,24.737602,25.342365,27.560982,26.439638,23.912676,26.22588,25.19829,27.288437,20.695974,22.983238,20.139732,22.32974,17.04007,15.021507,12.703725,12.024183,7.7269473,9.5441885,7.778731,11.977168,13.416001,17.13533,18.894787,22.84979,25.158869,24.398403,29.944534,28.918064,32.185238,35.31996,33.1912,29.236315,24.568811,25.446404,19.55019,19.535255,15.319582,15.608214,16.648994,19.954615,22.462774,24.349047,24.025301,27.856434,26.304186,33.69567,31.741755,36.82866,35.43518,31.234901,30.961311,36.016056,38.896786,36.38601,33.229267,31.905867,26.305134,25.825241,21.60008,21.080185
22,19.621273,15.833748,19.409971,15.034551,16.331013,19.354414,19.042854,23.556995,22.858238,28.710274,27.44669,33.5159,31.053255,27.97151,25.997955,21.533627,18.813183,15.845738,12.022353,9.528748,5.8427877,4.731126,0.0,4.1259866,6.1905417,6.4295425,7.6199985,6.747206,10.006447,10.902251,15.571365,15.350161,21.925047,22.942766,26.541822,29.379284,30.715551,30.254753,26.202696,24.843935,21.108355,20.97754,16.18087,16.31353,13.547739,11.605996,14.019665,13.261696,16.348959,16.91645,16.574982,20.121265,22.395569,22.11898,24.569805,23.055529,21.180874,23.029934,22.409409,24.976908,18.401173,21.230974,19.051662,22.006245,17.833246,15.225568,14.4098215,14.926949,11.369284,14.168657,11.566619,15.287143,15.783404,19.706709,20.52358,24.638935,26.331728,24.74358,30.345234,28.56618,31.851484,34.587746,32.72573,28.807028,24.101328,25.038258,19.632147,19.855953,15.937483,16.360239,18.101013,21.760279,24.793732,26.173544,25.47947,29.299377,27.139227,34.654873,32.172276,37.452953,35.44422,31.5069,31.960766,37.012386,39.969585,37.868168,34.680695,33.704876,27.929306,28.074968,23.707443,23.934664
23,19.730965,16.45289,20.716528,17.089033,18.58123,22.205118,21.80624,26.84235,26.34568,32.235615,31.195292,37.1854,34.958473,31.961842,29.860273,25.429382,22.725521,19.588753,15.90609,13.012995,9.542291,7.050311,4.1259866,0.0,4.111388,5.8571973,8.893602,9.900274,13.427727,14.715349,19.272297,19.315422,25.899439,26.976036,30.541487,33.41606,34.60358,34.07785,29.882095,28.491655,24.556068,24.361149,19.12805,19.3099,15.593521,13.037405,14.825635,12.87322,15.783346,15.7102585,16.270859,20.391932,21.653206,21.298496,24.605898,23.282019,22.193785,24.343344,24.346468,27.537102,21.294174,24.564163,22.741188,25.977493,21.90252,19.338034,18.36937,18.500357,14.461826,16.194233,14.584543,18.743021,19.0007,23.309305,24.118057,28.320488,30.032682,28.241465,33.877357,31.82321,34.90033,37.429897,35.337284,31.285427,26.686926,26.979149,21.991772,21.404263,17.48613,17.030804,18.38255,21.968412,25.437256,27.208988,26.877544,30.858107,28.883963,36.637047,34.470985,39.74385,37.90124,34.343285,34.709255,39.63973,42.448914,40.21964,37.18219,35.71325,30.294756,30.185041,25.739464,25.887403
24,20.81972,17.444336,21.280285,17.755505,18.4802,22.81685,21.143053,26.69152,25.795506,31.823904,30.747208,36.496075,34.990685,32.11582,30.453175,25.657085,23.579205,19.88883,17.00158,13.708076,11.267786,9.265093,6.1905417,4.111388,0.0,3.1964953,6.7746663,9.1504755,12.537944,14.646646,18.571505,19.836546,25.849491,27.785902,30.79461,34.008408,34.875813,33.919846,29.667486,27.890003,24.138609,23.212812,17.860064,17.601858,13.467323,10.041592,11.518153,8.880321,11.868106,11.615172,12.4294615,16.519333,17.546478,17.361233,20.75793,19.693651,18.745852,21.332294,21.680151,25.343208,19.640839,23.400614,22.081184,25.915064,22.304358,20.385365,20.099367,20.592129,16.818676,18.456463,15.736343,19.925116,18.750624,23.630943,23.68139,28.015049,29.392794,27.034595,32.642456,30.111055,32.882763,35.128937,32.8362,28.718197,24.288166,24.075867,19.664413,18.674637,15.093106,14.42577,16.13085,19.8179,23.602018,24.980654,24.514864,28.461475,26.282778,34.09632,31.941385,37.217953,35.32611,32.2146,32.7502,37.51532,40.21578,38.123566,35.209827,33.657635,28.4373,28.581482,24.106434,24.787457
25,23.297806,19.651789,23.078848,19.07117,19.432467,23.48804,21.357563,26.6017,25.147133,31.23549,29.687057,35.398952,33.974865,30.950651,29.844795,24.806898,23.00831,19.394213,16.64049,13.793711,11.43094,10.436541,6.4295425,5.8571973,3.1964953,0.0,7.0254,7.2586846,10.946297,12.7330475,16.785402,17.892141,23.89657,25.911694,28.727571,32.02558,32.57036,31.530186,27.136923,25.416933,21.465363,20.731562,15.07386,15.29042,10.577483,8.571031,9.139244,7.891257,11.957275,11.075617,10.666756,15.5424595,16.828537,15.949937,18.94304,17.455837,16.555841,18.635244,18.97124,22.647385,16.967388,20.844187,19.86297,23.957315,21.026262,18.98794,19.502596,20.628881,17.403286,19.871578,16.396301,20.127508,18.677567,23.354856,22.926409,27.220598,28.230415,25.531315,31.065804,28.24827,31.090313,33.172176,31.182991,27.206036,22.768784,22.948137,18.734129,18.400427,15.165098,15.181946,17.469791,21.26568,24.950884,25.77585,24.875412,28.647903,26.024673,33.66696,31.02665,36.375023,34.027607,30.903517,31.9155,36.70064,39.510254,37.74923,34.754772,33.71088,28.23853,28.881382,24.445148,25.54829
26,18.695583,14.75164,17.153929,13.200209,12.847206,17.455446,14.6696,20.423273,19.4205,25.430765,24.633158,30.195108,29.158653,26.594656,24.980026,20.095226,18.652702,14.411416,12.81046,9.130278,9.035145,8.471505,7.6199985,8.893602,6.7746663,7.0254,0.0,6.6822853,7.932583,11.361038,13.677126,16.808058,21.510353,24.45971,26.886742,30.298094,31.465918,30.17538,26.430958,24.093954,21.42753,19.20711,15.1816635,13.284542,11.562222,5.7730355,10.078148,8.2272415,9.815114,12.222395,12.377725,13.49823,16.602425,17.784208,19.595407,18.994783,16.221226,19.443123,18.853104,21.796759,16.213142,19.591068,17.868925,21.567251,17.597479,17.061092,16.883255,17.476706,14.421233,16.061514,11.503309,15.325413,12.595748,17.894693,17.492392,21.856298,23.261679,21.014944,26.615173,24.420944,27.089296,29.66421,27.092749,22.902185,18.416887,18.319494,13.299232,12.548051,8.704846,9.015549,11.376403,15.190372,18.440796,19.235409,18.394323,22.250736,20.031029,27.764517,25.654896,30.89958,29.27879,25.934393,26.134396,30.948742,33.677174,31.508196,28.532942,27.143269,21.734383,22.013676,17.551657,18.523716
27,23.192825,18.978863,21.117817,16.165886,15.9648285,18.868113,16.634089,20.826225,18.856672,24.873184,22.878914,28.718107,26.970827,23.820997,23.0931,17.921206,16.406153,13.013573,10.672058,8.870507,7.7321835,9.364903,6.747206,9.900274,9.1504755,7.2586846,6.6822853,0.0,4.095361,5.5936093,9.738401,11.019992,16.739508,19.012886,21.701147,25.037785,25.854836,24.83003,20.720926,18.894125,15.454318,14.513881,9.786866,9.5914545,7.5393753,7.1309977,9.489086,11.021338,14.523105,15.328752,13.407466,16.259941,19.641928,19.228796,20.276089,18.5606,15.79011,17.255068,16.062868,18.290773,11.731014,14.7659645,13.016032,16.803238,13.857115,12.1537285,13.470281,15.444765,13.579791,17.330988,12.286439,14.788974,13.243207,17.164284,16.451271,20.58594,21.469032,19.047758,24.581663,22.271822,25.55422,28.105536,26.52949,22.793842,18.099117,19.661856,14.552598,15.992188,12.914919,14.703403,17.512766,21.239176,23.995056,24.118687,22.568243,25.96697,23.042463,30.152342,26.929707,32.27911,29.65307,25.745117,26.910614,31.932238,35.020668,33.482918,30.212852,30.103271,23.9959,25.134438,20.928782,22.20012
28,23.297083,18.983896,20.07923,15.001562,14.041742,16.495926,13.5478115,17.302671,14.931707,20.942305,18.878702,24.656538,23.1627,20.14233,19.682556,14.327821,13.481663,9.829038,8.865351,7.652538,8.63063,11.12378,10.006447,13.427727,12.537944,10.946297,7.932583,4.095361,0.0,4.080897,6.0521355,9.349583,13.692873,16.873846,19.0214,22.52554,23.545935,22.265388,18.588102,16.322617,13.90012,11.864238,8.758649,6.9944825,8.130582,7.357205,10.649031,12.691475,15.301438,17.088236,14.949482,16.043941,20.393675,20.609737,20.662752,19.226826,15.416431,16.989424,15.005546,16.344637,9.911234,12.303304,10.058822,13.749116,10.689387,10.332232,12.104425,14.361146,13.464686,17.227736,11.220381,12.772443,10.148934,13.865261,12.546467,16.66478,17.423363,15.024766,20.600534,18.564589,21.914417,24.7465,23.153316,19.49703,14.759307,16.875317,11.397544,13.750983,11.116915,13.821223,16.789059,20.25052,22.415323,22.007061,20.10194,23.19046,20.166187,26.896727,23.513685,28.8,26.20479,21.995995,23.103052,28.179575,31.343128,29.884588,26.536964,26.832867,20.53572,21.976053,18.000975,19.527721
29,25.5951,21.287794,22.44575,17.122643,16.608162,17.903042,16.006456,18.499603,15.922888,21.562374,18.849775,24.752695,22.475103,19.058315,18.998938,13.830006,12.659817,10.250826,8.539164,9.051966,9.131256,12.318036,10.902251,14.715349,14.646646,12.7330475,11.361038,5.5936093,4.080897,0.0,5.5682335,5.5703244,11.310577,13.480295,16.15147,19.449724,20.421984,19.556738,15.671456,14.029258,10.988627,10.550266,7.530778,7.7297835,8.974969,10.898818,13.022475,15.819205,19.008183,20.146475,17.518469,19.49216,23.640692,23.155151,23.076668,21.12733,17.636238,18.087381,15.807436,16.359577,9.4889145,10.887259,8.210494,11.381381,8.976788,7.214772,10.169789,13.286012,13.279286,17.988699,12.468194,13.088591,12.107515,14.35051,13.35802,16.96985,17.539213,15.503616,20.768515,19.019976,22.752087,25.601522,24.711021,21.4927,16.897467,19.824463,14.57929,17.552904,15.108325,17.869547,20.739964,24.171005,26.15902,25.747385,23.745098,26.620886,23.516527,29.770546,25.995228,31.166563,28.173794,23.639385,25.124136,30.211555,33.51786,32.333588,28.88483,29.764511,23.300442,24.923729,21.19731,22.535711
30,27.026077,22.764746,22.664734,17.612087,16.003494,16.808104,13.55822,15.136982,11.559586,17.015,13.945512,19.572092,18.116606,14.969078,15.867715,10.378931,11.057489,8.554942,9.776722,10.752844,12.868745,16.113901,15.571365,19.272297,18.571505,16.785402,13.677126,9.738401,6.0521355,5.5682335,0.0,6.925074,8.083191,12.544931,13.634633,17.34835,18.362913,16.804363,13.738193,11.109596,10.3188305,7.364404,7.9648466,5.6131926,10.728407,11.989315,14.515715,17.641127,19.855122,21.847113,19.047405,19.033077,24.039564,24.250902,22.986584,21.483864,16.96812,17.554884,14.448019,13.709793,7.9990954,8.047215,4.7787323,8.121718,6.6857634,8.349866,11.787462,14.891897,15.912058,20.05687,13.793559,13.195755,10.323625,11.84359,9.205962,12.51681,12.411084,9.943973,15.243146,13.662862,17.447826,20.58798,19.73829,16.78111,12.3985615,16.130098,11.170157,15.284067,13.954909,17.488983,20.47275,23.434332,24.71584,23.4462,20.950062,23.19433,19.898989,25.319715,21.235495,26.227186,23.150297,18.346678,19.992708,25.02584,28.40032,27.502996,24.02365,25.610285,19.095623,21.347391,18.179342,20.070133
31,29.055387,24.850378,25.478096,20.129082,19.712084,19.405174,18.456095,19.012896,16.188814,20.877829,17.418259,23.157743,19.95509,16.19898,16.930557,12.437006,11.454614,11.138958,9.91045,12.386285,12.640284,16.275642,15.350161,19.315422,19.836546,17.892141,16.808058,11.019992,9.349583,5.5703244,6.925074,0.0,7.4696217,8.031432,11.282585,14.214521,15.40643,15.153022,11.564521,10.86703,8.23423,9.787935,9.273781,10.506711,13.075895,16.26043,17.920063,21.242294,24.45001,25.502926,22.509851,24.381023,28.714975,27.947765,27.322432,25.114935,21.561893,21.019129,18.180752,17.197582,11.02737,10.071147,6.717383,7.559464,6.8139167,3.9753644,9.050767,13.061545,14.835546,20.08605,15.128595,14.063137,14.4623995,14.505669,13.718007,16.19767,16.416195,15.220924,19.65422,18.728308,22.786362,25.764217,25.74396,23.235859,19.06994,22.950706,18.005621,21.768904,19.74167,22.826576,25.590391,28.7997,30.272137,29.628952,27.423647,29.848246,26.743696,32.09238,27.940195,32.772705,29.47571,24.503862,26.269394,31.239643,34.676693,33.85629,30.331608,32.07063,25.524826,27.414164,24.225548,25.407995
32,32.848225,28.747591,28.048943,23.09972,21.715195,20.461515,18.62632,17.204372,13.381203,16.576378,12.090137,16.951273,14.248971,10.617356,13.732274,9.875124,11.54764,12.267263,13.861842,16.683615,18.53228,22.24298,21.925047,25.899439,25.849491,23.89657,21.510353,16.739508,13.692873,11.310577,8.083191,7.4696217,0.0,6.177444,5.6152906,9.380916,10.673988,9.53971,7.8593245,6.3278527,8.336838,7.890569,12.059425,11.796364,16.958708,19.917952,21.670763,25.416388,27.842966,29.537104,26.266973,26.424627,31.454477,31.192293,29.279243,27.42643,23.083498,22.25581,18.617128,15.668203,11.918474,8.387845,5.2406645,0.10713964,6.57355,8.643963,13.163289,16.846985,19.758598,24.391844,18.968204,16.528278,15.612887,13.926339,11.653963,12.353178,11.162335,10.3883915,13.371039,13.434393,17.523005,20.694527,21.441196,19.937748,16.762768,21.560093,17.653515,22.358963,21.56476,25.243906,28.04002,30.697895,31.328386,29.755182,27.061289,28.532047,25.350979,29.064482,24.508923,28.699594,25.169725,19.939623,22.093388,26.63839,30.109165,29.932774,26.484028,29.458454,23.178326,25.795465,23.612604,25.241825
33,34.400154,30.439402,30.16422,25.138163,24.607527,22.541334,22.477415,20.556967,17.730513,20.355547,16.253328,20.969212,16.647228,12.891333,15.099252,12.700797,12.7092495,14.903048,14.990013,18.56368,19.415085,23.192394,22.942766,26.976036,27.785902,25.911694,24.45971,19.012886,16.873846,13.480295,12.544931,8.031432,6.177444,0.0,5.1568375,6.5544467,8.955498,10.116761,8.798715,9.893779,10.2186365,12.79623,15.395544,16.503284,20.297783,23.78485,25.38099,29.006756,31.947258,33.234657,30.01369,31.251467,35.934902,35.19973,33.858852,31.628918,27.828333,26.599718,23.245771,20.552101,16.266256,13.028449,10.171558,6.237881,8.922108,8.21174,12.306269,16.060875,19.597124,24.657177,20.426397,17.64842,18.96936,16.50491,15.918481,16.295599,15.920925,16.30142,18.787663,19.429073,23.456182,26.513948,27.546705,26.112963,22.830265,27.49753,23.13323,27.533651,26.085093,29.494984,32.09152,34.912724,35.639595,34.634556,32.228165,33.955894,31.020987,34.93514,30.561968,34.67222,31.262056,25.960262,27.83724,32.35442,35.806065,35.478798,32.01801,34.832497,28.531624,30.670628,28.375092,29.370771
34,37.58746,33.587887,32.785767,27.91818,26.747398,24.751884,23.637627,21.176035,17.634216,19.398033,14.686539,18.282822,14.952355,11.598881,15.700932,13.556035,15.157185,17.059465,18.368687,21.652477,23.138748,26.922039,26.541822,30.541487,30.79461,28.727571,26.886742,21.701147,19.0214,16.15147,13.634633,11.282585,5.6152906,5.1568375,0.0,4.0531983,5.417473,5.5382533,6.2602115,7.226261,10.199812,11.725658,16.192675,16.8328,21.554844,25.291096,26.599213,30.640228,33.29395,34.699127,31.178381,31.65568,36.57493,35.941696,33.80563,31.720947,27.667683,26.097664,22.439054,18.750921,16.140415,11.928302,10.1291485,5.5844793,11.095385,12.217203,16.503561,20.15386,23.69055,28.480286,23.658,20.717602,20.724386,18.081001,16.311552,15.850389,14.294924,14.398624,15.549616,16.366667,20.136425,22.933653,24.619139,23.922543,21.400732,26.413673,23.010036,27.825882,27.165533,30.854988,33.617348,36.21636,36.66811,35.013042,32.267292,33.435734,30.302336,33.224068,28.51362,32.19159,28.439898,23.335398,25.74049,29.814236,33.21759,33.485664,30.166565,33.741905,27.727251,30.442245,28.663162,30.15668
35,39.864956,36.007504,35.103016,30.360619,29.442574,26.816889,26.499392,23.355028,20.30082,21.245373,16.799417,19.795202,15.711727,12.714645,16.654737,15.742219,17.00896,19.700623,20.792826,24.412493,25.73621,29.5384,29.379284,33.41606,34.008408,32.02558,30.298094,25.037785,22.52554,19.449724,17.34835,14.214521,9.380916,6.5544467,4.0531983,0.0,4.612,6.901389,9.0675125,10.935255,13.579605,15.732611,19.946384,20.807089,25.307638,29.061148,30.432049,34.402874,37.113518,38.514137,35.030304,35.65428,40.557568,39.8588,37.801014,35.64304,31.684017,29.987934,26.368864,22.584076,20.086071,15.8909025,14.091831,9.366643,13.826476,14.531796,18.202267,21.595552,25.558062,30.30577,26.074495,22.749275,23.602133,20.27974,19.162113,18.135258,16.83608,17.78223,18.266726,19.769503,23.343346,26.100788,28.027481,27.588001,25.243452,30.271261,26.792122,31.567162,30.784391,34.432175,37.0537,39.589874,39.866505,38.346626,35.692097,36.774803,33.842735,36.454937,31.878206,35.273167,31.680979,26.544455,28.725124,32.594307,35.930256,36.231968,32.978466,36.698307,30.831007,33.36514,31.795794,32.98457
