,0,1,2,3,4,5,6,7,8,9,10,11,12,13,14,15,16,17,18,19,20,21,22,23,24,25,26,27,28,29,30,31,32,33,34,35,36,37,38,39,40,41,42,43,44,45,46,47,48,49,50,51,52,53,54,55,56,57,58,59,60,61,62,63,64,65,66,67,68,69,70,71,72,73,74,75,76,77,78,79,80,81,82,83,84,85,86,87,88,89,90,91,92,93,94,95,96,97,98,99,100,101,102,103,104,105,106,107,108,109,110,111,112,113,114,115,116
0,0.0,4.340952,7.219888,9.999101,12.353142,15.416201,17.644035,21.796305,24.616856,27.818039,31.252565,34.856094,36.05966,34.163948,31.692848,28.134966,25.55027,22.691631,20.85564,17.847767,14.257209,13.542683,9.202825,10.012328,13.798326,13.226042,18.2565,15.829046,21.90412,21.266209,27.315903,28.989521,32.453575,34.382633,34.8098,39.95777,39.275032,34.943436,32.136463,28.873655,28.18649,22.984102,23.085747,18.285381,21.205297,14.918924,17.39795,19.150164,21.630692,23.873074,27.262794,29.09955,32.830395,36.341526,34.452152,31.021217,30.64176,27.438934,30.15414,30.253056,26.866007,23.75015,26.018734,22.332785,19.669714,15.991399,16.955818,13.888925,14.912028,14.912554,17.883049,19.22365,23.399109,25.175234,28.971357,30.7305,35.34676,36.538982,39.942966,42.592693,41.808315,43.42378,38.504368,35.38499,32.332836,29.658262,27.850786,25.945808,23.472776,20.915857,21.824484,20.109152,23.400051,27.32881,30.729437,29.088879,33.20957,32.67157,37.344154,38.695538,39.261494,38.762238,42.679035,39.981575,35.13932,36.540867,32.393192,31.736876,29.747587,27.962996,29.83943,31.345335,33.59714,32.450016,36.509224,35.805172,40.45689
1,4.340952,0.0,5.4501233,6.2370553,8.661817,12.894418,13.816131,18.56809,21.000961,24.259575,27.610157,31.22132,32.105904,30.222198,27.553019,23.946535,21.326931,18.392246,16.702084,13.527185,10.207952,9.701232,5.2962327,7.647191,11.367417,10.772363,15.083444,12.205538,18.640524,17.596552,24.24753,25.479448,29.592098,31.086966,31.953608,36.951183,36.66899,32.6235,29.257437,25.69082,25.547873,19.951038,20.46475,15.50409,18.731112,12.802006,15.913692,17.358269,20.568996,22.245056,25.769611,26.964756,30.69671,34.123737,31.899374,28.378325,28.105207,25.290201,28.658087,28.787493,26.069717,22.176046,25.117895,21.804256,19.68752,15.016365,16.92045,13.839198,13.419904,12.95382,15.421781,16.09893,20.355127,21.551622,25.746153,26.99397,31.837862,32.84149,36.090008,38.747227,38.13229,39.620865,34.78086,31.49261,28.432156,25.603876,23.943943,21.701899,19.437344,16.809511,18.011919,16.624609,20.0735,23.654154,26.803787,25.27941,29.378365,28.9809,33.590076,35.02551,35.65174,34.949867,38.75263,35.869507,31.099571,32.32981,28.388163,27.466429,25.56923,23.836922,25.6215,27.04668,29.338655,28.121616,32.21837,31.6032,36.271317
2,7.219888,5.4501233,0.0,5.208884,6.373228,8.2343,11.475042,14.777425,17.988047,20.997757,24.619293,28.066284,29.73557,27.926634,26.091507,22.589346,20.412159,18.00871,16.589731,14.755452,11.50548,12.899584,9.323198,12.798741,16.325178,15.558119,19.068277,15.196979,21.264048,19.094202,25.566837,25.9265,30.092049,30.82062,31.506405,36.37731,35.624092,31.392076,28.090328,24.7885,25.152773,19.71239,21.242172,16.564758,20.87329,15.488144,19.859522,21.853657,24.930147,25.878412,29.49065,30.482737,33.820595,37.518566,34.70926,31.306952,30.59598,28.010334,31.748608,30.959173,28.958727,24.32333,26.553833,23.484552,21.251366,16.259424,16.971643,13.240306,12.7734,10.827647,14.185843,13.732021,18.068233,19.553059,23.290894,25.275936,29.613716,31.306217,34.467175,37.46944,37.175404,39.219364,34.820763,31.23736,28.704445,25.649538,24.826775,22.468874,21.674057,19.113932,21.017988,20.02469,23.357653,26.477457,29.198101,28.130152,32.093426,31.720455,36.166843,37.488754,37.88773,36.601482,40.279488,37.130795,32.718758,33.6568,30.61728,28.613888,27.13852,25.32442,26.32898,27.690828,28.90448,27.860981,31.40301,30.39657,34.938026
3,9.999101,6.2370553,5.208884,0.0,3.5870605,8.008993,7.8991823,13.020349,14.888883,18.414865,21.457573,25.274836,26.348803,24.755756,22.445833,18.449553,16.448309,13.360492,13.031726,10.109784,8.533219,9.771989,6.765585,11.087586,13.835421,12.728462,15.06787,10.679714,16.565496,14.058087,20.914722,21.03937,25.715736,26.265192,27.387287,32.149612,31.935528,28.085966,24.224976,20.552723,21.28036,15.455005,17.182238,12.4648905,16.853666,12.22733,16.98818,18.737823,22.231968,22.515839,26.141314,26.527483,29.770815,33.358685,30.290592,26.87352,26.252285,24.063536,28.31937,27.646824,26.30191,21.087486,24.068005,21.464626,19.954824,14.263614,16.293205,13.126462,10.899769,9.006473,11.057139,10.259522,14.607586,15.472192,19.759796,21.011902,25.767885,26.981447,30.151226,32.977848,32.608658,34.38736,29.887608,26.306988,23.62798,20.579853,19.6519,17.357983,16.73177,14.491542,16.900473,16.668383,20.216614,22.69551,24.904854,23.473959,27.34387,26.775764,31.166113,32.41745,32.779144,31.409704,35.073803,31.966782,27.553192,28.660002,25.702663,23.750006,22.651289,21.180956,22.221806,23.223194,24.90364,23.219374,26.994177,25.99005,30.601706
4,12.353142,8.661817,6.373228,3.5870605,0.0,6.20195,5.475566,10.05199,12.613141,15.616872,19.264454,22.620014,23.73758,21.88533,19.786043,16.282148,14.055062,11.832756,10.714381,9.584104,7.4721107,10.263324,8.747806,13.204224,15.776399,15.2027,16.87493,12.650905,18.483519,15.442325,22.642296,21.945444,27.246145,27.000038,28.50178,32.959484,32.91147,29.286354,25.02581,21.257748,22.802887,16.930244,19.357094,14.927669,19.470652,15.420308,20.140394,21.507017,25.308989,25.455229,29.050407,29.04234,32.23664,35.669388,32.410297,28.996958,28.477339,26.662,31.214228,30.502808,29.533066,24.057352,27.117954,24.734936,23.347582,17.557623,19.40302,16.122763,13.690583,11.012344,12.9415245,10.478164,14.757069,14.755123,19.289091,20.216373,24.921543,26.348978,29.108864,32.201984,32.34455,34.198193,30.090033,26.13373,23.739912,20.32447,20.101265,16.921843,17.091133,14.53217,17.00911,16.749489,19.942408,22.176527,24.274471,23.690884,27.432354,27.428577,31.586748,33.0559,33.562145,31.85714,35.215744,31.677273,27.555887,27.997313,25.611465,22.848099,21.61414,19.877325,20.429258,21.653515,22.604103,21.608158,25.081005,24.236826,28.803373
5,15.416201,12.894418,8.2343,8.008993,6.20195,0.0,6.946852,7.348359,10.938251,13.6480465,17.25336,20.558485,23.040834,21.591267,20.922607,17.51048,16.465761,14.917773,14.917939,14.854796,13.443643,16.461733,14.497152,18.872253,21.660498,20.696297,22.424515,17.713316,22.603762,18.951458,24.980755,23.671494,28.31094,27.468674,28.395452,32.682095,31.830994,27.926231,24.174719,21.107243,22.852365,17.788097,20.951809,17.253012,22.428106,18.83793,24.296757,26.41906,29.697042,29.344677,32.936737,33.068806,35.768436,39.541958,35.843513,32.687855,31.595438,29.83243,34.375965,32.647617,32.207954,26.386385,28.348492,26.196796,24.626678,19.093508,19.469154,15.953207,13.917861,10.096274,12.772188,9.35663,13.126338,14.051942,17.270443,19.631859,23.275915,25.68303,28.462831,31.856375,32.17442,34.77903,31.220852,27.236366,25.593887,22.31076,22.89202,20.4097,21.948864,19.905859,22.78018,22.821281,25.910711,27.785393,29.40145,28.855978,32.356598,32.017056,35.976627,37.11025,37.21477,35.036762,38.31989,34.82782,31.17036,31.633104,30.15794,26.667686,26.14867,24.581196,24.35818,25.269733,25.020374,23.894882,26.489351,24.930021,29.142614
6,17.644035,13.816131,11.475042,7.8991823,5.475566,6.946852,0.0,6.4376297,7.3733606,10.690842,13.92748,17.467407,18.50631,16.982096,15.184846,11.273613,9.970759,7.9741616,9.047113,9.01957,9.732364,12.892104,12.696995,17.11466,18.861528,18.102833,18.186428,13.716845,18.123642,14.112703,20.923897,18.973366,24.853878,23.49231,25.463348,29.424114,29.702255,26.588432,21.748663,17.91144,20.582691,14.948114,18.379461,14.872528,19.573372,17.172018,22.242483,23.523176,27.3988,26.59338,30.054873,29.305452,32.015614,35.35227,31.536577,28.340963,27.677418,26.595125,31.687235,30.556908,30.710697,24.566788,27.708027,26.055052,25.301792,19.306917,21.338785,18.505316,15.029765,11.884879,12.4678955,8.045303,11.503488,10.124797,14.95479,15.278676,19.95996,21.440159,23.905947,27.154797,27.68246,29.672321,26.048288,21.797007,19.90658,16.28538,17.070944,13.725943,15.805511,13.959109,17.178001,17.97666,20.88943,21.902086,22.928946,22.54979,25.832075,25.785793,29.515015,30.829891,31.149506,28.853601,31.907682,28.157154,24.567636,24.730762,23.484795,19.734032,19.402859,18.082747,17.755272,18.420948,18.64372,17.182405,20.21663,19.048857,23.535925
7,21.796305,18.56809,14.777425,13.020349,10.05199,7.348359,6.4376297,0.0,5.4649267,6.537321,11.114657,13.562665,16.048487,14.498113,14.640914,12.141903,11.8323345,12.140363,12.6213,14.895512,14.816557,18.635578,18.481153,22.940414,24.975563,24.378271,24.58162,20.148176,24.20323,19.894596,25.90902,23.123125,28.76463,26.388012,28.215532,31.63009,31.483831,28.484966,23.84977,20.668795,23.982498,19.18658,23.22786,20.311745,25.281757,23.07873,28.430965,29.920391,33.680378,32.72686,36.174026,35.375954,37.803738,41.2007,37.09982,34.090305,33.190628,32.313286,37.456993,35.762505,36.300663,29.9577,32.437244,30.951569,30.040878,24.223888,25.257307,22.190392,19.158216,15.306005,16.37363,11.054518,13.346153,11.795184,15.1943445,16.182428,19.544497,22.040333,23.839792,27.568031,28.855322,31.426916,28.769756,24.304821,23.372885,19.759268,21.665234,18.282997,21.480297,19.694777,22.785639,23.439379,25.890726,26.640945,27.370836,27.843546,30.778412,31.067366,34.377888,35.667686,35.878586,33.07373,35.687103,31.649399,28.800936,28.273422,28.18999,23.42407,23.356943,21.903023,20.560621,21.269642,19.556911,19.125196,20.776989,19.31355,23.202454
8,24.616856,21.000961,17.988047,14.888883,12.613141,10.938251,7.3733606,5.4649267,0.0,4.5516667,6.67278,10.586381,12.618469,12.055673,12.184072,8.5128565,10.061938,9.871892,13.0355015,14.466319,16.475124,19.707617,19.927101,24.270536,25.650707,24.710241,23.841625,19.39947,21.99656,17.3577,22.44804,18.893154,24.682392,21.609035,23.80189,26.7933,27.07633,24.649345,19.56095,16.373583,20.418835,16.147392,20.567116,18.603731,23.24466,22.436165,27.777052,29.222076,32.85699,31.135101,34.367897,33.039585,34.993046,38.270645,33.8352,31.10199,30.080513,29.785034,35.181404,33.262234,34.67045,28.027666,30.641613,29.804195,29.535156,23.752014,25.268927,22.85152,19.025726,15.559076,15.178453,9.52934,10.284015,7.223873,10.724426,10.8303795,14.35043,16.623014,18.427673,22.117378,23.429169,26.020546,23.603783,19.12073,18.602007,15.158711,17.693619,14.997341,19.376001,18.542442,22.081568,23.638699,26.092077,25.926249,25.710842,25.684803,28.180319,28.00783,30.969477,31.922802,31.846823,28.71882,31.193813,27.328917,24.880116,24.618256,25.26782,20.300497,21.323132,20.59688,18.934534,18.76286,17.157429,15.300429,16.683994,14.578126,18.4608
9,27.818039,24.259575,20.997757,18.414865,15.616872,13.6480465,10.690842,6.537321,4.5516667,0.0,5.570233,7.118829,9.742027,8.805691,10.453271,8.924526,10.582582,12.319094,14.280299,17.319092,18.799547,22.475803,23.21958,27.537218,28.912804,28.330582,27.330425,23.203331,25.946955,21.360209,26.49667,22.555746,28.521166,24.855177,27.30433,29.74532,30.195507,28.156603,23.061647,20.140951,24.533905,20.54281,24.999525,23.088873,27.629148,26.785528,31.993114,33.170803,37.011463,35.390293,38.595318,37.072292,39.034035,42.113644,37.667652,34.97347,34.110126,34.029465,39.499382,37.67064,39.157173,32.51766,35.17194,34.353054,34.035583,28.236692,29.629128,27.0541,23.416527,19.799004,19.678556,14.005276,14.507248,11.177956,13.805046,13.276623,15.838491,18.278067,19.031507,22.943794,25.06818,27.627628,25.98978,21.374067,21.356485,17.881893,20.963478,17.61439,22.277054,21.227432,24.467724,25.860407,27.829168,27.401096,27.02032,27.936785,30.148138,30.611002,33.185078,34.35575,34.461147,31.10038,33.061832,28.820103,26.943035,25.80231,27.206774,21.568802,22.438019,21.520382,19.178267,19.205475,16.15578,15.717114,16.005205,14.276782,17.559471
10,31.252565,27.610157,24.619293,21.457573,19.264454,17.25336,13.92748,11.114657,6.67278,5.570233,0.0,5.2836814,8.094097,9.381194,11.600813,9.392601,12.893183,13.862072,17.742302,19.683466,22.448105,25.57352,26.229527,30.441204,31.432238,30.45548,28.80366,24.655432,25.950605,21.263784,24.853064,20.238274,25.710533,21.222372,23.73933,25.465889,26.087616,24.722937,19.606483,17.268002,22.175554,19.340021,23.95993,23.167982,27.328646,27.713108,32.927685,34.267292,37.770832,35.424847,38.375515,36.49987,37.84425,40.868046,36.089245,33.807564,32.67266,33.114216,38.640476,36.360725,38.722202,31.927067,34.316956,34.150932,34.347054,28.834354,30.264236,28.282059,24.274834,21.021563,19.91635,14.585771,13.389523,9.60465,10.549722,9.381453,10.721866,13.367504,13.84976,17.830194,20.13221,23.022226,22.063917,17.687288,18.568375,15.737864,19.454689,17.442575,22.982372,22.889359,26.429485,28.503029,30.537888,29.430069,28.205439,28.474245,30.181122,29.994665,32.127567,32.785084,32.43892,28.717203,30.463482,26.62565,25.40536,24.697412,26.969114,21.368387,23.438494,23.291313,20.774036,19.852448,16.935614,14.839884,14.227153,11.328807,13.963187
11,34.856094,31.22132,28.066284,25.274836,22.620014,20.558485,17.467407,13.562665,10.586381,7.118829,5.2836814,0.0,5.3869452,6.837635,11.087898,11.493344,14.591336,17.025854,19.697323,22.936642,25.184935,28.679022,29.82541,34.017654,35.003124,34.392193,32.645897,28.800072,30.404827,25.806623,29.695436,24.911343,30.578653,25.74636,28.49787,29.700201,30.542557,29.554379,24.522573,22.34333,27.364565,24.536697,29.117258,28.163345,32.275074,32.47423,37.558945,38.59967,42.35495,40.18101,43.124634,41.072742,42.49752,45.288055,40.570705,38.29175,37.380165,37.981968,43.571,41.486366,43.81632,37.048645,39.574154,39.343742,39.453804,33.84725,35.247,33.050213,29.187433,25.755228,24.979362,19.494652,18.613602,14.796112,15.64126,14.030135,14.506912,16.886587,15.998369,19.929678,23.105188,25.727968,25.611488,21.25272,22.456224,19.616123,23.590786,20.82633,26.384808,26.011734,29.21034,31.082924,32.622963,31.273676,29.916168,31.169363,32.583595,33.114395,34.83634,35.765644,35.672237,31.806217,32.95611,28.746098,28.134682,26.453842,29.421324,23.286774,25.080349,24.736181,21.630783,20.950281,16.619389,16.265642,14.374414,12.306564,13.775337
12,36.05966,32.105904,29.73557,26.348803,23.73758,23.040834,18.50631,16.048487,12.618469,9.742027,8.094097,5.3869452,0.0,3.6702728,7.461737,9.400853,12.634069,15.70758,18.40352,21.881613,24.738003,27.932173,29.864172,33.719753,34.155323,33.804466,31.317152,28.124336,29.28752,24.988876,28.983658,24.036707,30.300817,25.334545,28.824371,29.717037,31.49166,31.049349,25.529991,22.933218,28.155836,25.145704,29.442135,28.572664,32.094463,32.744785,37.275227,37.720387,41.696934,39.490524,42.243324,39.726135,41.17503,43.50081,38.942127,36.713905,36.22643,37.23775,42.919933,41.416958,43.84522,37.221966,40.394062,40.285854,40.68687,34.999268,37.119473,35.089092,30.909721,27.830011,26.608353,21.335983,20.580883,15.923177,17.676222,14.269022,15.584377,16.559397,14.88412,18.462152,22.011189,23.740116,23.796017,19.372435,20.517448,17.68999,21.81965,18.530537,24.184254,24.062017,26.956133,29.10264,30.168995,28.13483,26.215466,27.960463,28.89612,29.921717,31.155394,32.301838,32.49349,28.604624,29.257551,24.73289,24.584116,22.183704,25.77415,19.410486,21.391293,21.350904,17.898733,16.900234,12.123203,12.244538,9.541258,8.430052,9.699631
13,34.163948,30.222198,27.926634,24.755756,21.88533,21.591267,16.982096,14.498113,12.055673,8.805691,9.381194,6.837635,3.6702728,0.0,5.099601,8.450481,10.5241165,14.378603,15.870911,20.13496,22.38143,25.802479,27.984198,31.792416,32.32594,32.26964,30.01883,26.978579,28.899374,24.697683,29.613995,25.026047,31.681412,27.18407,30.69982,32.071655,33.795227,32.955303,27.323189,24.312674,29.331003,25.642527,29.8428,28.376484,32.0229,32.061657,36.48243,36.726562,40.93849,39.15644,42.034954,39.665154,41.500732,43.811565,39.473774,36.98682,36.713676,37.458492,43.129253,41.967285,43.89648,37.374138,40.792915,40.33362,40.49447,34.64269,36.86,34.55396,30.523619,27.341183,26.52347,21.13735,21.145954,16.52424,19.177118,16.01038,18.212252,19.205578,18.001436,21.557291,24.84591,26.371527,25.854769,21.238028,21.752993,18.485636,22.24138,18.048113,23.181662,22.509766,25.143044,26.918526,27.814348,26.060678,24.59893,26.897718,28.109362,29.644814,31.134228,32.65736,33.18269,29.54894,30.351994,25.535244,24.911198,22.15427,25.1737,18.730162,19.868698,19.328566,15.842541,15.510637,10.360634,12.060453,10.2850065,10.246303,12.321687
14,31.692848,27.553019,26.091507,22.445833,19.786043,20.922607,15.184846,14.640914,12.184072,10.453271,11.600813,11.087898,7.461737,5.099601,0.0,5.525029,6.484534,10.734818,12.004934,16.206076,18.879639,21.917873,24.643106,28.10524,28.24517,28.394848,25.765907,23.249899,25.196613,21.358238,26.844582,22.643156,29.777737,25.854572,29.695557,31.429348,33.596264,32.68889,26.782915,23.219732,27.97639,23.763382,27.540277,25.8056,29.012821,29.051676,32.956177,32.74597,37.132286,35.554188,38.36065,35.865665,37.958096,40.0321,35.97823,33.34418,33.44068,34.192593,39.830345,39.262924,40.89302,34.6244,38.58624,38.00844,38.26301,32.386406,35.193718,32.985836,28.84107,26.050955,25.042757,20.080727,20.60988,15.765038,19.54909,15.7079935,19.235828,19.378712,18.69336,21.885544,24.658175,25.532246,24.221313,19.545475,19.262415,15.736148,18.996439,14.006496,18.69995,17.965672,20.360203,22.251013,22.978277,21.005283,19.515121,21.993925,23.277262,25.159164,26.77302,28.601488,29.457996,26.141884,27.094007,22.06992,20.943453,17.979189,20.470821,14.065752,14.8057995,14.242729,10.780725,10.556991,5.895533,8.158269,8.0971365,9.291667,12.548254
15,28.134966,23.946535,22.589346,18.449553,16.282148,17.51048,11.273613,12.141903,8.5128565,8.924526,9.392601,11.493344,9.400853,8.450481,5.525029,0.0,4.451852,6.3615932,10.309888,12.634572,16.280336,18.954868,21.04077,24.669086,24.869501,24.497189,21.930445,18.84797,20.450182,16.303709,21.67062,17.563177,24.643497,21.081059,24.705412,26.93801,28.869461,27.635834,21.726084,17.958227,22.557074,18.239264,22.066849,20.466393,23.784958,24.063477,28.237923,28.445314,32.580864,30.727732,33.59596,31.282402,33.27419,35.697178,31.461006,28.794024,28.58473,29.165745,34.818417,33.96104,35.679356,29.290703,33.112648,32.616577,32.96978,27.159164,30.00826,28.02978,23.71474,21.134468,19.758226,15.024661,15.438023,10.561296,14.870447,11.154452,15.624661,15.767128,16.301435,19.51577,21.442966,22.648172,20.46362,15.689603,14.963673,11.172279,14.307804,9.874027,15.108447,14.793723,17.939997,20.222961,21.791595,20.202402,18.883356,19.783966,21.549154,22.32935,24.559004,25.974838,26.436888,23.1782,24.924017,20.371153,18.422325,16.920538,18.524342,12.685712,14.1150255,13.922575,11.511364,10.712469,9.075258,7.059766,9.022244,8.406696,12.870478
16,25.55027,21.326931,20.412159,16.448309,14.055062,16.465761,9.970759,11.8323345,10.061938,10.582582,12.893183,14.591336,12.634069,10.5241165,6.484534,4.451852,0.0,4.8733215,6.0825753,9.77877,12.644486,15.5443535,18.18913,21.6467,21.886883,21.993443,19.730057,17.044207,19.854797,16.134726,22.742615,19.46233,26.721197,23.976686,27.498703,30.211416,32.080208,30.446291,24.620857,20.529736,24.556047,19.484623,22.876661,20.415152,23.696562,23.058563,26.877035,26.696352,31.163431,29.979181,32.969944,30.889465,33.42736,35.75892,31.950865,28.96293,29.11404,29.301449,34.815285,34.535755,35.497364,29.419764,33.595543,32.618916,32.665916,26.742718,29.807108,27.532604,23.502928,20.987305,20.18259,15.72118,17.271334,13.004002,17.995214,14.897341,19.740774,19.872055,20.64409,23.708735,25.38139,26.280373,23.571402,18.914806,17.41161,13.45063,15.5196495,9.868915,13.559005,12.193716,14.894306,16.627779,18.043371,16.9628,16.503256,18.090746,20.353252,21.847164,24.461803,26.382578,27.314413,24.574396,26.483124,21.764755,19.16151,17.334785,17.742441,12.271822,12.047945,10.943567,8.959885,9.469192,8.688336,8.79361,11.770342,12.295646,16.669737
17,22.691631,18.392246,18.00871,13.360492,11.832756,14.917773,7.9741616,12.140363,9.871892,12.319094,13.862072,17.025854,15.70758,14.378603,10.734818,6.3615932,4.8733215,0.0,6.572627,6.3965287,10.868281,12.918809,14.973251,18.427916,18.558723,18.138653,15.794688,12.632655,15.198569,11.32714,18.20959,15.454572,22.59839,20.611856,23.87927,27.11232,28.84773,26.923878,21.22284,16.899048,20.396675,15.038429,18.151716,15.624452,18.826288,18.377573,22.27631,22.363987,26.648613,25.269978,28.309069,26.389019,28.935217,31.52358,27.675957,24.603632,24.591642,24.564219,30.060163,29.727617,30.635288,24.549976,28.796423,27.841368,28.017912,22.166466,25.516283,23.537281,19.334978,17.295591,16.056562,12.34062,14.07621,10.352669,15.778403,13.0875025,18.552954,18.436834,20.211376,22.977484,23.754028,24.684385,21.109636,16.70067,14.489191,10.549904,11.685343,6.549243,10.024505,9.096042,12.594885,14.784982,17.053286,16.360167,16.095022,15.954488,18.68984,19.120369,22.344267,23.918844,24.569016,22.112059,24.731323,20.593462,17.176567,16.801764,16.059649,11.78908,12.051486,11.481227,10.933479,10.8380995,12.299451,9.879485,13.841434,13.529649,18.20986
18,20.85564,16.702084,16.589731,13.031726,10.714381,14.917939,9.047113,12.6213,13.0355015,14.280299,17.742302,19.697323,18.40352,15.870911,12.004934,10.309888,6.0825753,6.572627,0.0,6.3449697,7.0401335,10.269753,13.403161,16.602022,17.111996,17.775234,16.441622,14.17732,18.75838,15.811504,23.573624,21.598555,28.611805,27.090528,30.204273,33.631382,35.1924,32.925774,27.427603,23.107512,26.161316,20.368195,23.02898,19.50031,22.707716,20.672209,24.00838,23.530382,28.245747,28.027489,31.189512,29.691713,32.897232,35.273796,32.061077,28.703064,29.14193,28.613916,33.758392,34.08559,33.94856,28.410612,32.81301,31.170332,30.749025,24.86746,28.06804,25.486237,22.034332,19.805483,19.811598,16.205053,19.04029,15.969527,21.386782,19.280851,24.497255,24.734488,26.121086,29.05092,30.166084,30.944588,27.467007,23.083252,20.753925,16.876722,17.487276,11.688297,12.518544,9.561353,11.498754,12.006265,13.706437,14.198663,15.550515,17.182693,20.30058,22.110023,25.41986,27.693022,28.976152,27.012167,29.383295,24.905039,21.384731,19.97725,18.423964,14.493802,12.345293,10.096286,10.043815,11.957529,12.943907,13.756648,17.424616,18.195765,22.634718
19,17.847767,13.527185,14.755452,10.109784,9.584104,14.854796,9.01957,14.895512,14.466319,17.319092,19.683466,22.936642,21.881613,20.13496,16.206076,12.634572,9.77877,6.3965287,6.3449697,0.0,5.913272,6.6421723,9.218729,12.206003,12.274188,12.217377,10.579308,7.868056,12.684589,10.199576,18.290678,17.426582,23.96904,23.610437,26.371508,30.301334,31.804554,29.319092,24.143497,19.71666,21.81002,15.853085,17.661888,13.924044,16.631271,14.672235,17.773233,17.4141,22.029879,21.69268,24.89293,23.597452,26.920776,29.508858,26.422558,22.943996,23.340076,22.492163,27.511518,28.03257,27.674229,22.330446,26.997164,25.343369,25.135326,19.436243,23.24214,21.165474,17.572638,16.310642,15.744687,13.712538,16.68107,14.580179,20.02878,18.307276,23.913258,23.70292,25.99221,28.446629,28.563734,29.18766,24.819695,20.985674,17.901134,14.492161,13.599979,9.080359,7.9751425,5.1238256,8.186043,9.494746,12.589507,13.509357,14.976749,14.189171,17.877834,18.372536,22.393206,24.264751,25.277279,23.845537,26.96146,23.276236,18.9027,19.162085,16.160742,14.05978,12.5604725,11.311987,12.762471,13.654156,16.673466,15.053684,19.537355,19.66409,24.311344
20,14.257209,10.207952,11.50548,8.533219,7.4721107,13.443643,9.732364,14.816557,16.475124,18.799547,22.448105,25.184935,24.738003,22.38143,18.879639,16.280336,12.644486,10.868281,7.0401335,5.913272,0.0,4.401401,6.8891654,10.069662,11.485072,12.321668,13.007903,10.771392,17.12603,15.177514,23.277136,22.864363,28.989597,28.911684,31.257683,35.462307,36.442966,33.43704,28.614304,24.344004,26.069069,19.940245,21.616083,17.140106,20.239388,16.523268,19.45967,19.171534,23.77534,24.553709,27.90931,27.383316,31.10324,33.7805,31.138735,27.529861,27.946812,26.456926,30.980785,31.63735,30.298803,25.452398,29.72343,27.370008,26.388832,20.804995,23.952812,21.199875,18.614676,17.03686,17.908491,15.921173,19.737408,18.358944,23.67412,22.843624,28.20914,28.626905,30.874165,33.64409,33.959084,34.861732,30.581606,26.648949,23.70227,20.204472,19.426676,14.899845,13.235447,9.604417,10.806451,9.73648,12.621848,15.312493,18.19511,18.432076,22.29666,23.399776,27.479076,29.609901,30.831165,29.628927,32.688072,28.876766,24.534004,24.318571,21.075274,19.024588,16.449852,14.234761,15.752738,17.64947,19.790213,19.74045,23.856281,24.18163,28.79988
21,13.542683,9.701232,12.899584,9.771989,10.263324,16.461733,12.892104,18.635578,19.707617,22.475803,25.57352,28.679022,27.932173,25.802479,21.917873,18.954868,15.5443535,12.918809,10.269753,6.6421723,4.401401,0.0,4.854595,6.4775715,7.153213,8.326453,9.256649,8.212835,14.743556,13.987933,21.86952,22.400127,28.099808,28.856207,31.089468,35.457134,36.605755,33.629135,29.04111,24.763977,25.794107,19.785679,20.512829,15.992627,18.109678,14.250189,16.06791,15.231126,19.937546,21.1693,24.409452,24.064217,28.057856,30.567297,28.41081,24.73429,25.450495,23.734982,27.890305,29.182016,27.349316,23.135174,27.771988,25.315538,24.466421,19.306557,23.02734,20.738485,18.355032,17.749672,18.25553,17.532623,21.225946,20.235794,25.48223,24.534931,30.073372,30.02702,32.54097,34.93383,34.766144,35.303368,30.591152,27.107681,23.728275,20.66928,18.953726,15.157777,11.765347,8.277522,8.625217,7.1507874,10.693768,13.962533,17.247908,16.482449,20.564417,21.322706,25.661808,27.756529,29.06452,28.456001,31.752827,28.40584,23.673975,24.097061,19.837025,19.193733,16.491825,14.662906,17.09143,18.73714,22.032629,21.319181,25.845594,26.23748,30.864109
22,9.202825,5.2962327,9.323198,6.765585,8.747806,14.497152,12.696995,18.481153,19.927101,23.21958,26.229527,29.82541,29.864172,27.984198,24.643106,21.04077,18.18913,14.973251,13.403161,9.218729,6.8891654,4.854595,0.0,4.5029497,7.274544,7.0085607,10.279725,7.865623,14.71496,13.971675,21.27957,22.418892,27.22724,28.581469,30.090193,34.858753,35.33433,31.827658,27.85272,23.880909,24.150038,18.264639,18.670528,13.768867,16.34977,11.2549925,13.774211,14.173861,18.249155,19.663048,23.128984,23.60145,27.50858,30.559395,28.358557,24.722506,24.910315,22.547894,26.351973,27.122232,24.829311,20.712238,24.718754,21.858053,20.531794,15.4841,18.766531,16.320763,14.562239,14.31355,15.45242,15.754143,19.737362,19.94364,24.713184,24.854328,30.136993,30.4994,33.52933,35.961994,35.39374,36.370552,31.443974,28.170065,24.838121,22.008007,20.066675,17.440313,14.464002,11.729841,12.766357,11.639029,15.292481,18.60629,21.65865,20.017487,24.129904,23.948856,28.52487,30.15155,31.017931,30.444828,34.12824,31.188158,26.33705,27.489079,23.26021,22.725313,20.679012,19.109913,21.26535,22.599072,25.594704,24.224953,28.638079,28.400948,33.087612
23,10.012328,7.647191,12.798741,11.087586,13.204224,18.872253,17.11466,22.940414,24.270536,27.537218,30.441204,34.017654,33.719753,31.792416,28.10524,24.669086,21.6467,18.427916,16.602022,12.206003,10.069662,6.4775715,4.5029497,0.0,3.8671107,4.645892,9.287422,9.131603,15.332137,15.9442425,22.694977,24.631691,29.012941,31.036167,32.492363,37.29634,37.9572,34.536396,30.796991,26.877504,26.61426,21.02557,20.535948,15.855637,17.144094,11.985239,12.423349,11.909935,15.927313,18.376446,21.578756,22.425539,26.675264,29.387886,27.941317,24.301477,24.917332,22.304617,25.421265,27.068819,23.970284,20.96679,25.225382,22.174526,20.86363,16.704683,20.292414,18.35145,17.19889,17.782862,18.714743,19.793297,23.586245,23.862656,28.589212,28.495438,33.871246,33.874714,36.934044,39.099808,38.28507,38.882736,33.71791,30.799274,27.190136,24.693962,22.157225,19.85545,15.642942,13.098649,12.950789,11.165168,14.571363,18.44449,21.977722,19.986427,24.100256,23.939991,28.56216,30.274239,31.351799,31.39913,35.124104,32.515144,27.47227,28.84414,23.844242,24.424152,21.986063,20.511057,23.273685,24.680954,28.34383,27.027088,31.663486,31.708124,36.3565
24,13.798326,11.367417,16.325178,13.835421,15.776399,21.660498,18.861528,24.975563,25.650707,28.912804,31.432238,35.003124,34.155323,32.32594,28.24517,24.869501,21.886883,18.558723,17.111996,12.274188,11.485072,7.153213,7.274544,3.8671107,0.0,3.3251498,6.5084915,8.457465,13.672335,15.155971,21.613716,23.79605,28.238222,30.42855,32.18045,36.782543,37.931007,34.904522,31.009886,27.006311,26.744385,21.350399,20.45354,16.226036,16.473541,12.389575,11.47849,9.628537,14.120367,16.618671,19.541265,19.970184,24.378057,26.658796,25.54756,21.909391,22.998732,20.67591,23.733671,26.079496,23.101955,20.454226,25.298965,22.597666,21.840178,17.949923,22.158022,20.735664,19.147558,20.047504,20.243572,21.412655,24.829088,24.67415,29.496773,28.757944,34.269096,33.764153,36.69884,38.567085,37.641216,37.78453,32.533924,29.874702,26.073292,23.852415,20.9285,18.797127,13.722377,11.585616,10.715927,9.175281,12.454568,16.06481,19.515718,17.070919,21.100096,20.952139,25.524153,27.321472,28.594393,29.012016,32.662457,30.265966,25.160698,26.679302,21.215,22.657032,20.158665,19.016396,22.188047,23.406952,27.738459,26.205505,31.012136,31.319914,35.86682
25,13.226042,10.772363,15.558119,12.728462,15.2027,20.696297,18.102833,24.378271,24.710241,28.330582,30.45548,34.392193,33.804466,32.26964,28.394848,24.497189,21.993443,18.138653,17.775234,12.217377,12.321668,8.326453,7.0085607,4.645892,3.3251498,0.0,5.629126,6.4895887,11.409077,13.041524,19.012556,21.569376,25.512579,28.048752,29.478584,34.22334,35.153584,32.010067,28.392302,24.556139,23.882671,18.689856,17.463163,13.280011,13.395467,9.122203,8.428466,7.4652348,11.838679,13.935147,17.102139,17.783169,22.054821,24.747341,23.37297,19.75238,20.47742,17.891197,21.00777,22.99892,20.085896,17.21939,21.988564,19.303394,18.641766,14.762157,19.152706,18.02669,16.362617,17.687517,17.627144,19.44054,22.670908,22.98666,27.49892,27.109896,32.48147,32.007862,35.23166,37.003223,35.772717,36.082485,30.693026,28.243559,24.448442,22.473064,19.32825,18.076494,13.3376465,11.864659,11.943819,11.368068,14.933169,17.942915,20.791397,17.563395,21.546535,20.551632,25.25994,26.63986,27.52804,27.883833,31.796436,29.709108,24.552145,26.665848,21.363638,22.807392,20.994555,20.194235,23.139153,23.95947,28.2666,26.011627,30.79215,30.688643,35.233448
26,18.2565,15.083444,19.068277,15.06787,16.87493,22.424515,18.186428,24.58162,23.841625,27.330425,28.80366,32.645897,31.317152,30.01883,25.765907,21.930445,19.730057,15.794688,16.441622,10.579308,13.007903,9.256649,10.279725,9.287422,6.5084915,5.629126,0.0,5.1924343,7.8273516,10.098697,16.052702,18.246603,22.845795,24.985632,27.111794,31.385595,33.118298,30.695896,26.544865,22.515242,22.42392,17.430046,16.30498,13.033699,12.256503,10.685599,9.851419,7.552564,12.468468,13.091414,15.91301,15.0880785,19.254822,21.452024,19.791405,16.114025,17.387688,15.81475,19.688202,22.051464,20.368385,16.999037,22.541346,20.759377,21.040981,16.956182,21.899645,21.165802,18.436255,19.540041,18.371454,19.57627,22.115871,21.474812,26.118559,24.639471,30.133286,28.987936,31.899412,33.33865,32.150616,31.916231,26.577175,24.281343,20.33789,18.614244,15.189605,14.035034,8.519642,8.1408615,8.214551,9.343035,12.664525,14.26546,16.219402,12.197408,16.08101,14.937003,19.639112,21.11581,22.18579,22.602907,26.381504,24.336086,19.158306,21.424654,15.911991,18.028542,16.598444,16.462177,19.560146,19.877575,24.841799,22.099575,26.980476,27.140158,31.492052
27,15.829046,12.205538,15.196979,10.679714,12.650905,17.713316,13.716845,20.148176,19.39947,23.203331,24.655432,28.800072,28.124336,26.978579,23.249899,18.84797,17.044207,12.632655,14.17732,7.868056,10.771392,8.212835,7.865623,9.131603,8.457465,6.4895887,5.1924343,0.0,6.9102554,6.8563147,14.002335,15.574806,20.418884,22.123693,23.979786,28.534512,29.726,26.890173,22.674154,18.590548,18.717167,13.1756315,12.86939,8.841027,10.0139885,7.6596766,9.944285,10.035428,14.336253,14.054059,17.410103,16.854147,20.475742,23.478256,20.840286,17.214441,17.482286,15.7247095,20.24808,21.180082,20.070263,15.340421,20.360905,18.509007,18.534594,13.501958,18.171286,17.061186,13.844711,14.531183,13.388467,14.434921,17.167616,16.925835,21.518034,20.714247,26.131592,25.542784,28.744595,30.543283,29.42362,29.885332,24.626467,21.91633,18.22696,16.093208,13.183175,12.139539,8.58124,7.954751,10.082733,11.423621,15.189667,16.6875,18.254574,14.746168,18.598824,17.136013,21.802958,22.934595,23.475775,23.037752,26.977161,24.647274,19.637388,21.904613,17.497225,17.971666,17.214573,16.897232,19.19706,19.387829,23.471594,20.357315,25.03119,24.569727,29.082989
28,21.90412,18.640524,21.264048,16.565496,18.483519,22.603762,18.123642,24.20323,21.99656,25.946955,25.950605,30.404827,29.28752,28.899374,25.196613,20.450182,19.854797,15.198569,18.75838,12.684589,17.12603,14.743556,14.71496,15.332137,13.672335,11.409077,7.8273516,6.9102554,0.0,4.738046,8.236966,11.073699,15.046611,17.58955,19.532536,23.764454,25.617167,23.564411,19.581984,15.876211,15.383364,11.390213,9.6718,8.413048,6.3394175,9.101458,9.927593,9.927232,12.969142,10.431535,13.182637,11.357537,14.316934,17.345137,14.144943,10.611134,10.845652,9.978231,15.166843,16.228157,16.596138,11.75332,17.410831,16.8635,18.258265,14.299054,19.375994,19.574938,15.945476,17.450014,14.737641,16.625925,17.758734,17.466509,21.119743,19.67961,24.699202,23.153679,26.520945,27.47998,25.580465,25.467533,19.855015,18.234837,14.326023,13.661381,9.523451,11.709044,8.687072,10.941459,13.090247,15.75345,18.909214,18.886839,18.90355,13.660527,16.575027,13.16367,17.653732,17.84401,17.737667,17.659924,21.976929,20.770859,15.823823,19.63785,15.381795,17.227821,18.037163,18.964222,21.102236,20.185976,24.863926,20.259348,24.75465,23.976997,28.01219
29,21.266209,17.596552,19.094202,14.058087,15.442325,18.951458,14.112703,19.894596,17.3577,21.360209,21.263784,25.806623,24.988876,24.697683,21.358238,16.303709,16.134726,11.32714,15.811504,10.199576,15.177514,13.987933,13.971675,15.9442425,15.155971,13.041524,10.098697,6.8563147,4.738046,0.0,8.142261,8.7301035,14.221148,15.345527,17.598948,21.875132,23.506735,21.281008,16.62945,12.478164,13.189487,8.166416,8.508438,6.8129144,7.842236,9.826843,12.984921,13.7738905,17.007849,14.518661,17.451021,15.736865,18.114721,21.317354,17.444136,14.2462,13.786551,13.2791195,18.773842,18.562,19.587729,13.651776,18.539286,18.024096,19.096077,14.161871,18.6993,18.321157,14.045468,14.583102,11.666568,12.439883,13.461851,12.771043,16.708876,15.302866,20.502302,19.377203,22.78859,24.222334,22.745466,23.240366,17.90774,15.424456,11.775991,10.249267,6.999806,8.704971,8.096937,9.982098,13.262089,16.061459,19.326576,19.121601,18.8918,14.693784,17.629799,14.892173,19.091034,19.406542,19.165764,17.976604,22.07553,20.123922,15.508039,18.680874,15.640697,15.608612,16.844063,17.576136,18.970749,17.97175,21.822292,17.058493,21.350204,20.184364,24.386705
30,27.315903,24.24753,25.566837,20.914722,22.642296,24.980755,20.923897,25.90902,22.44804,26.49667,24.853064,29.695436,28.983658,29.613995,26.844582,21.67062,22.742615,18.20959,23.573624,18.290678,23.277136,21.86952,21.27957,22.694977,21.613716,19.012556,16.052702,14.002335,8.236966,8.142261,0.0,5.516161,6.8172603,10.300956,11.653932,15.832023,17.770142,16.361067,12.8843,10.257919,8.916756,8.256978,6.1472764,9.469422,7.338241,13.214058,15.204551,16.649364,17.852324,13.435363,15.224952,12.992439,13.27876,16.870764,12.0340395,10.0615015,7.988357,8.8915,14.344739,12.852581,16.262005,10.495726,14.666996,15.9890785,18.450748,15.404633,19.514832,20.666342,16.692854,18.282415,14.337596,16.620058,15.663548,15.990095,17.610437,16.541523,20.284832,18.343111,22.212498,22.465984,19.549868,19.79055,14.099973,13.822877,10.790164,12.070842,8.589753,14.203656,14.491173,17.447348,20.293522,23.389109,26.395462,25.545065,24.361616,19.124014,20.851086,16.268183,19.532629,18.256245,16.620005,15.704177,20.13756,20.102161,16.361078,21.138811,18.948538,20.001032,22.584682,24.133291,25.262466,23.433695,27.243408,21.304575,24.804207,22.938824,26.244623
31,28.989521,25.479448,25.9265,21.03937,21.945444,23.671494,18.973366,23.123125,18.893154,22.555746,20.238274,24.911343,24.036707,25.026047,22.643156,17.563177,19.46233,15.454572,21.598555,17.426582,22.864363,22.400127,22.418892,24.631691,23.79605,21.569376,18.246603,15.574806,11.073699,8.7301035,5.516161,0.0,7.4665394,6.8048987,10.02652,13.473059,16.050163,15.289238,10.286845,6.9729714,8.769638,7.9050665,8.969469,11.626773,11.72843,16.461668,19.493517,20.697687,22.684288,18.622936,20.557442,17.948303,18.174803,21.208925,16.151737,14.442929,12.868528,14.360226,19.806335,18.00509,21.660776,15.543353,19.108446,20.369305,22.457802,18.567375,22.189066,22.683746,18.189768,18.59655,14.565015,14.997537,13.216542,12.248381,13.673687,11.510032,15.263978,13.019197,16.756336,17.225061,14.774874,15.365115,9.898476,8.605058,5.9200206,7.384781,5.572674,11.495502,14.111974,17.076649,20.417675,23.813082,26.56835,25.101463,23.284475,18.998014,20.37385,16.51283,19.194565,18.119543,16.50797,14.187459,18.108614,17.281248,14.261317,18.37345,17.773903,17.247946,20.589403,22.272528,22.578749,20.380074,23.382555,17.089142,20.030733,17.799845,20.923418
32,32.453575,29.592098,30.092049,25.715736,27.246145,28.31094,24.853878,28.76463,24.682392,28.521166,25.710533,30.578653,30.300817,31.681412,29.777737,24.643497,26.721197,22.59839,28.611805,23.96904,28.989597,28.099808,27.22724,29.012941,28.238222,25.512579,22.845795,20.418884,15.046611,14.221148,6.8172603,7.4665394,0.0,6.2704005,5.674357,9.616418,11.483298,11.153927,9.049383,8.949011,6.7873197,10.621919,9.45104,14.180977,12.843313,18.617113,20.992462,22.970745,23.381268,18.55131,19.665592,17.630646,16.22808,19.64472,14.523812,14.198314,11.271621,12.939373,17.108852,13.698998,18.913754,13.672585,15.480775,18.095291,20.957836,18.894213,21.768623,23.457859,19.699589,21.12517,16.921822,19.116049,16.66088,17.525042,16.989183,16.571655,18.464134,16.39991,20.4517,19.972792,16.107862,16.895866,11.955632,13.310887,12.102618,14.599299,12.75014,18.877766,20.596943,23.620087,26.704836,29.920464,32.862823,31.665543,29.941896,24.950747,26.054811,21.260918,23.54657,21.482817,18.97252,17.483932,21.375582,22.223547,19.805798,24.64407,23.877148,24.312693,27.708086,29.486868,29.989136,27.736954,30.733335,24.310158,26.795624,24.185266,26.638956
33,34.382633,31.086966,30.82062,26.265192,27.000038,27.468674,23.49231,26.388012,21.609035,24.855177,21.222372,25.74636,25.334545,27.18407,25.854572,21.081059,23.976686,20.611856,27.090528,23.610437,28.911684,28.856207,28.581469,31.036167,30.42855,28.048752,24.985632,22.123693,17.58955,15.345527,10.300956,6.8048987,6.2704005,0.0,4.85985,6.799871,10.056435,11.013457,6.730824,6.695221,8.57769,11.565839,12.846349,16.681818,16.871073,21.906374,25.128212,26.79771,28.097946,23.562317,25.007736,22.488937,21.464733,24.370344,19.101027,18.5697,16.319376,18.330608,23.007475,19.917131,24.84301,19.060785,20.998299,23.197424,25.597837,22.514706,25.127361,26.06437,21.815893,22.085634,17.947989,18.283937,15.039556,14.61053,13.360409,11.871273,12.949938,10.355959,14.270547,13.775212,10.082526,11.613564,7.331728,8.280464,8.77616,11.475087,11.644733,17.208239,20.702765,23.648853,27.062046,30.501312,33.16946,31.410395,29.122427,25.091637,25.844332,21.808252,23.511139,21.699226,19.310238,16.5098,19.640446,19.751516,18.317556,22.297138,23.11517,22.11746,26.119608,27.988308,27.680298,25.122118,27.14999,20.608896,22.204762,19.184042,21.111635
