,0,1,2,3,4,5,6,7,8,9,10,11,12,13,14,15,16,17,18,19,20,21,22,23,24,25,26,27,28,29,30,31,32,33,34,35,36,37,38,39,40,41,42,43,44,45,46,47,48,49,50,51,52,53,54,55,56,57,58,59,60,61,62,63,64,65,66,67,68,69,70,71,72,73,74,75,76,77,78,79,80,81,82,83,84,85,86,87,88,89,90,91,92,93,94,95,96,97,98,99,100,101,102,103,104,105,106,107,108,109,110,111,112,113
0,0.0,4.24764,6.718915,9.443527,12.201515,13.969823,17.417007,22.220383,24.75059,27.054388,31.617863,34.079483,37.42139,35.883125,30.4311,29.770956,25.748335,25.847958,18.71775,19.655106,16.167452,14.59398,13.248969,17.838978,20.250427,20.906845,23.389914,23.038288,27.410688,24.71058,32.786945,28.06211,34.9704,33.1083,35.833126,38.271885,36.469933,35.956028,31.930197,29.439245,33.042633,29.346493,33.357826,31.88203,27.21679,29.993013,25.546041,27.492,25.432747,28.411758,31.44009,32.87154,36.78195,39.226913,39.75589,35.880272,37.59018,39.292732,43.89563,43.744804,40.758892,38.697323,43.612698,43.32162,47.93868,45.31133,41.39665,46.47302,45.01913,41.533478,42.272034,38.12963,38.357906,36.023155,40.985046,38.224667,43.749306,42.97657,42.79555,46.48544,40.64215,44.30886,39.706207,36.475945,32.85496,31.889875,27.822617,27.969093,23.290981,24.274654,22.922256,22.760313,22.887226,21.314575,17.201982,19.22762,16.065605,16.988613,20.175926,19.597427,23.540958,24.960468,28.495686,32.742794,32.08705,36.37917,39.148964,39.623493,36.423637,39.035954,32.72449,33.811203,31.226456,31.231655
1,4.24764,0.0,4.7263374,6.179461,8.337697,11.431319,13.685347,19.043934,21.272717,23.540688,28.20048,30.535002,33.67355,31.863031,26.400173,25.586157,21.55396,21.620718,14.492642,15.525505,12.246759,10.852645,10.049079,14.514092,16.77344,17.29734,19.380518,18.908445,23.196978,20.545912,28.604328,24.004036,30.974669,29.32133,32.127865,34.705677,33.153664,32.51069,28.403961,25.73576,29.209545,25.396368,29.295654,27.75208,23.228704,25.885376,21.704765,23.688963,22.022102,24.918125,27.813223,28.980375,33.01909,35.292408,35.912106,32.02622,33.521652,35.173153,39.841393,39.574787,36.543762,34.513863,39.500576,39.313484,43.8928,41.128323,37.33006,42.52595,41.06198,37.564682,38.512794,34.42024,34.520542,31.993713,36.98655,34.077705,39.586155,38.847347,38.620262,42.367477,36.547985,40.34919,35.837185,32.459297,28.876772,27.829208,23.869467,23.991627,19.32632,20.615343,19.407618,19.730093,20.11372,18.966013,15.009748,17.039865,13.764609,13.660308,17.381788,16.721165,20.758722,21.735167,25.245993,29.28283,28.472841,32.725075,35.407307,35.876617,32.74529,35.369278,28.98934,30.299818,27.607344,27.998549
2,6.718915,4.7263374,0.0,4.97261,6.9615927,7.680854,11.802649,15.637637,18.609055,20.58932,25.157942,27.917286,31.373789,30.337996,24.914368,24.655745,20.866497,21.196905,15.164454,16.194748,14.389235,12.720452,13.327405,17.524984,19.177004,19.858913,20.859074,20.128025,23.759125,21.026463,28.391314,23.562498,30.221796,27.83407,31.006407,32.974194,31.625353,31.530622,27.215899,24.74848,28.957268,25.6613,29.388273,28.309341,24.495398,27.014347,23.740013,25.731062,24.833307,27.27493,29.90622,30.61805,35.00967,36.77446,37.764362,33.90522,34.72051,36.113045,41.03911,40.17432,36.788326,35.106266,40.32817,40.35304,44.76873,41.437943,37.9292,43.33185,41.316616,37.821575,38.76243,34.808163,34.433296,31.967396,36.52979,33.485226,38.97248,37.720375,37.49064,40.874516,34.968994,38.27557,33.536335,30.608215,26.968256,26.424303,22.0566,23.16405,18.783678,20.484072,20.169735,20.465868,21.582071,21.321268,16.742678,17.795605,13.576053,13.191035,15.638395,14.0496645,18.279146,19.020504,23.079906,26.632479,26.551212,30.547644,33.27691,34.192543,31.110205,34.420055,28.160242,29.950361,27.844915,28.46423
3,9.443527,6.179461,4.97261,0.0,3.7431264,6.221642,8.168155,13.788697,15.527884,18.390661,22.71174,24.807442,28.157364,26.794907,21.419424,21.350985,17.397106,18.375917,11.851536,14.1417055,12.265695,11.912243,12.528809,15.995225,17.860512,17.72126,18.399176,16.885696,20.453987,17.096586,24.484385,19.336966,25.988316,23.74974,26.59952,28.867374,27.260468,26.91434,22.718998,20.255127,24.333725,21.13006,25.070387,24.276255,20.412666,23.498499,20.236887,23.106342,22.51131,25.403915,27.832693,28.044157,32.260418,34.015842,34.597244,30.604113,31.44653,32.503517,37.57216,36.501995,33.152973,31.925875,37.38863,37.78566,42.135056,38.577038,35.552315,41.2163,39.53008,36.032146,37.582233,33.751408,33.210556,30.145428,34.86439,31.222116,36.591553,35.389454,34.735466,38.159878,32.248104,35.63897,30.99739,28.002777,24.694963,24.313995,20.152111,21.73036,17.52406,20.042643,19.82146,21.046467,22.196325,22.019379,18.263348,19.682005,15.838987,13.920029,17.17659,15.271091,19.569138,19.180552,23.375345,26.009995,25.944359,29.63692,32.074776,33.213997,30.374487,33.76752,27.40862,29.654413,27.19449,28.524588
4,12.201515,8.337697,6.9615927,3.7431264,0.0,6.1433787,5.424731,11.407561,13.074512,15.470363,20.06025,22.252983,25.337234,23.723232,18.270538,17.937365,14.04364,14.79978,8.926399,10.97379,10.289506,9.96834,11.715106,14.535748,15.782874,15.749999,15.585671,14.113739,17.30072,14.287665,21.456627,16.61812,23.34614,21.31057,24.485672,26.792198,25.736677,25.339994,20.963402,18.219852,22.208597,18.865362,22.467606,21.516394,18.102818,20.676548,18.110332,20.599728,20.620308,23.029081,25.229574,25.18623,29.61982,31.055305,31.964499,28.074564,28.497646,29.578442,34.67505,33.474056,30.014053,28.689613,34.153732,34.562424,38.844833,35.15526,32.142525,37.849003,35.982735,32.492706,34.08523,30.331793,29.631128,26.54411,31.173143,27.53834,32.9237,31.706964,31.15515,34.63107,28.731636,32.272396,27.699537,24.51762,21.118208,20.603064,16.476751,18.030767,13.9331665,16.740099,16.90661,18.470045,19.976213,20.413082,16.861835,17.918793,14.16092,11.278346,14.582094,12.630793,16.790861,16.000542,20.066,22.593521,22.351492,26.041258,28.45195,29.52885,26.720888,30.133476,23.79172,26.22443,23.854546,25.471481
5,13.969823,11.431319,7.680854,6.221642,6.1433787,0.0,6.9032106,8.866637,11.737392,14.205855,18.218336,20.910255,24.730358,24.619434,19.497591,20.383867,17.073023,18.47805,14.301977,16.318253,16.401772,15.749571,17.570282,20.648172,21.751196,21.828018,21.17565,19.446512,21.818974,18.589556,24.436493,19.204613,25.028957,21.690222,25.05389,26.306076,25.100796,25.627949,21.220127,19.181366,24.239157,21.99508,25.454271,25.389853,22.773903,25.472141,23.615294,26.307457,26.666887,28.895924,30.914116,30.523249,35.066116,36.102432,37.154015,33.306923,33.20247,33.858818,39.1625,37.271,33.49688,32.826965,38.494514,39.197914,43.236412,38.94049,36.426777,42.28027,39.905483,36.483482,38.06314,34.5237,33.329433,30.359398,34.36095,30.532347,35.72621,33.800335,33.094776,35.91996,29.97441,32.55766,27.635416,25.409653,22.16705,22.650627,18.068077,21.219316,17.776987,20.798437,21.738457,22.95694,24.888538,25.679594,21.484245,21.855232,17.375824,15.079285,16.47511,13.305811,17.476706,16.305054,21.17806,22.65832,23.755703,26.85916,29.244913,31.085463,28.443808,32.758743,26.751581,29.664364,28.02825,29.700823
6,17.417007,13.685347,11.802649,8.168155,5.424731,6.9032106,0.0,7.625016,7.85548,10.916306,15.112637,16.927338,20.053995,18.73858,13.398113,13.904026,10.3589735,12.238761,8.720908,11.56254,12.708611,13.300854,15.660967,17.298393,17.975424,17.420835,15.786275,13.455227,15.259674,11.871263,17.592287,12.429434,18.632639,16.078154,19.463976,21.48379,20.703796,20.565098,16.043602,13.391814,17.9342,15.352572,18.656132,18.511436,16.281027,18.883791,17.745853,20.709003,21.828327,23.940115,25.53635,24.549,28.987974,29.804432,30.7345,26.926212,26.573885,27.037409,32.392796,30.402588,26.663181,26.16238,31.94352,32.905834,36.85641,32.45644,30.282305,36.298225,34.257988,30.863646,33.02374,29.661863,28.354881,24.813263,29.010923,24.706594,29.815428,28.178175,27.198694,30.349104,24.42232,27.605173,22.984,20.134562,17.129786,17.35046,13.283006,16.44018,13.406192,17.226114,18.326546,20.594362,22.574883,23.724138,20.6867,21.280767,17.669432,13.75167,16.205416,13.527082,17.211353,14.875941,19.163841,19.947275,20.376646,23.295635,25.329983,27.025053,24.640461,28.644566,22.597826,25.859308,23.803982,26.271452
7,22.220383,19.043934,15.637637,13.788697,11.407561,8.866637,7.625016,0.0,5.1154995,5.5567527,9.64214,13.070889,16.794207,17.615738,13.119543,14.903604,13.100675,14.807953,14.979728,16.40665,19.0994,18.83733,21.946888,23.630999,23.555315,23.585257,20.956898,19.061756,19.329086,16.97819,19.925585,15.6290455,19.907606,15.99253,20.159191,20.453648,20.72111,21.861483,17.352251,15.530105,20.815535,19.626709,21.779749,22.36752,21.849335,23.435764,23.900503,26.046124,27.937984,29.084387,30.244158,28.830963,33.5408,33.457603,35.129,31.718418,30.219917,30.342073,35.68811,32.83726,28.683733,28.68223,34.356407,35.50293,38.962906,33.833435,32.18656,38.143448,35.119865,31.936058,33.8419,30.939783,28.864399,25.835907,28.794,24.647818,29.363625,26.722836,25.915554,28.11475,22.28304,24.189783,19.160442,17.58281,14.631101,16.18944,11.728284,16.911753,15.325935,19.083017,21.470034,23.30634,26.03643,28.134787,24.567888,23.981047,19.938314,16.287407,16.116318,12.317639,15.094236,11.673967,16.544365,15.491746,17.745064,19.68913,21.673191,24.311172,22.233397,27.407784,22.159996,26.059574,25.309912,27.89059
8,24.75059,21.272717,18.609055,15.527884,13.074512,11.737392,7.85548,5.1154995,0.0,5.010697,7.5764947,9.336809,13.0154705,13.511697,9.209901,11.931492,10.534938,13.366981,14.326972,16.635878,19.407782,20.116823,23.003733,23.933905,23.909899,23.254879,20.222404,17.62579,17.177065,14.403579,16.114643,11.593772,15.168428,10.976376,15.055318,15.543376,15.791448,16.805174,12.312156,10.627821,16.042019,15.56076,17.535145,18.834017,18.970728,20.890135,21.935734,24.756277,27.057314,28.433155,29.246061,27.231554,31.591581,31.354868,32.58933,29.19263,27.527777,27.1074,32.55302,29.303234,25.164774,25.94121,31.816908,33.45433,36.710274,31.279533,30.391495,36.543804,33.941486,30.852125,33.456184,30.815374,28.588573,24.926752,27.89541,23.026031,27.395336,24.798346,23.324228,25.4801,19.6928,21.621067,16.78158,15.236207,13.1331,15.122169,11.514406,17.134285,16.156626,20.42013,22.708895,25.227764,27.784088,29.789896,26.945997,26.77102,23.189636,18.930382,19.658602,16.301483,18.844135,14.871489,19.09923,16.929758,18.950737,20.2535,21.640953,24.492855,22.887487,27.891268,22.819893,27.03665,25.931028,29.128683
9,27.054388,23.540688,20.58932,18.390661,15.470363,14.205855,10.916306,5.5567527,5.010697,0.0,5.1472836,8.817389,11.875576,12.952483,9.262208,11.553589,11.324393,13.064177,16.135342,17.156412,20.970427,21.115206,24.589691,25.330536,24.641712,24.520655,20.889019,18.983942,17.794186,16.303444,16.86796,13.811227,16.608994,12.8647375,17.386177,17.267076,18.7697,19.978027,15.73772,14.062318,18.754406,18.234266,19.257132,20.181545,21.115734,21.845526,23.788355,25.528517,28.281034,28.78465,29.331516,27.263245,31.856699,31.072126,33.031914,30.004244,27.667997,27.41749,32.641235,29.253109,24.971994,25.43603,30.978495,32.434414,35.454082,29.877253,28.907553,34.84222,31.588058,28.629732,30.873188,28.48762,25.906473,22.762957,24.999708,20.57907,24.830923,21.821775,20.857224,22.72253,16.98392,18.6377,13.604088,12.286309,9.765606,12.206827,8.554053,14.837543,14.854688,18.810778,21.794655,24.0741,27.01969,29.678423,26.81868,25.948736,22.547815,18.322384,17.815504,14.48801,16.016129,11.477287,15.331123,12.176881,14.86696,15.722989,17.176302,20.288965,18.785795,24.239073,19.69371,24.131456,23.805122,27.006973
10,31.617863,28.20048,25.157942,22.71174,20.06025,18.218336,15.112637,9.64214,7.5764947,5.1472836,0.0,4.724311,8.162656,11.512727,9.953019,13.427929,14.348866,16.569647,20.381872,21.724163,25.562248,26.021944,29.394367,29.899284,29.198698,28.79844,24.903692,22.701916,20.789244,19.314505,17.845564,15.402355,15.980536,11.518832,15.7405,14.245598,16.456427,18.417866,14.855232,14.23354,18.768604,19.619081,19.94168,21.792349,23.706646,24.43392,27.078382,29.09783,32.192394,32.653114,32.85108,30.28261,34.56515,33.346382,35.169266,32.373383,29.553411,28.671938,33.79467,29.703732,25.411253,26.869804,32.311848,34.24941,36.755123,30.677515,30.728174,36.606762,33.30049,30.647264,33.25458,31.385433,28.420975,25.19162,26.622385,21.909933,25.283201,21.75134,20.241375,21.096684,15.889001,16.061453,11.110632,11.649014,10.816972,14.330857,12.029364,18.518702,19.350943,23.301472,26.428127,28.85456,31.828033,34.583866,31.904766,30.993559,27.658335,23.423723,22.69799,19.355524,20.459288,15.743399,19.030867,14.1579,17.634985,17.053839,17.670889,21.529537,20.813736,26.48829,22.823666,27.521856,27.52334,31.028307
11,34.079483,30.535002,27.917286,24.807442,22.252983,20.910255,16.927338,13.070889,9.336809,8.817389,4.724311,0.0,4.534183,8.730469,8.890218,13.062649,14.566309,17.390453,21.431124,23.3199,26.972654,28.044556,31.153294,31.195318,30.602602,29.706026,25.698004,23.06655,20.657597,19.005308,16.016792,13.998371,12.743385,8.013352,11.722127,9.655683,12.447396,14.529331,11.65073,11.804502,15.754519,17.698378,17.513638,20.160347,22.755264,23.699137,26.769201,29.284426,32.592167,33.25946,33.179146,30.16337,33.996235,32.645355,34.003654,31.314959,28.374414,26.91235,31.980768,27.469606,23.305952,25.668112,31.135042,33.546623,35.764038,29.461369,30.35571,36.28307,33.4483,30.962101,34.155685,32.556522,29.551748,25.862118,27.223764,21.98491,24.774263,21.357538,19.081747,19.657864,14.848357,14.689421,10.39198,11.400644,11.981266,15.561131,14.293744,20.471972,21.574127,25.721354,28.627357,31.462717,34.23795,36.82552,34.61919,34.05359,30.961523,26.431389,26.387823,23.255749,24.492289,19.721172,22.660862,17.578564,20.519749,19.525244,19.531937,23.36625,23.099459,28.369614,24.948149,29.711891,29.382858,33.25541
12,37.42139,33.67355,31.373789,28.157364,25.337234,24.730358,20.053995,16.794207,13.0154705,11.875576,8.162656,4.534183,0.0,6.113002,8.989599,12.670628,15.316059,17.771637,23.073914,24.615837,28.650896,29.935343,33.12621,32.569435,31.632849,30.641296,26.2248,23.753004,20.501143,19.665928,14.7431555,14.466512,11.3429365,8.226666,11.24298,9.120416,13.281996,14.835598,12.867076,13.0978,15.439221,17.822737,16.46239,19.24745,22.894772,23.088428,27.090984,29.199419,32.95801,33.17897,32.638584,29.226345,32.717922,30.859337,32.317383,30.067755,26.571018,24.760649,29.484716,24.594276,20.540157,23.419281,28.512691,31.190578,32.925926,26.409872,28.050005,33.753193,30.983997,28.814726,32.30046,31.199287,27.994905,24.294327,25.01475,19.713118,21.681196,18.188953,15.530106,15.623803,11.401007,10.781869,7.346461,9.071849,11.182058,14.774715,14.948345,20.544989,22.499407,26.449108,29.444056,32.48072,35.223656,38.02159,36.365482,35.734386,33.12168,28.403273,28.396547,25.688126,26.411095,21.548985,23.606668,17.97505,20.486671,18.735437,18.044035,21.826473,22.168177,27.04223,24.38861,29.175602,29.006872,33.16392
13,35.883125,31.863031,30.337996,26.794907,23.723232,24.619434,18.73858,17.615738,13.511697,12.952483,11.512727,8.730469,6.113002,0.0,5.4853735,7.976129,11.297123,13.557187,19.46395,20.890955,24.941841,26.668987,29.690132,28.429129,27.331167,26.072905,21.496996,19.056686,15.249871,15.019678,8.841609,10.101971,6.6528497,6.609276,9.488998,10.250851,13.922483,13.76678,11.689933,10.812776,11.424983,13.114835,10.980903,13.443809,17.675892,17.361168,21.894226,23.82153,27.8029,27.90986,27.131071,23.504587,26.756386,24.922487,26.22161,24.024714,20.501211,18.67309,23.501497,18.806414,14.664408,17.492657,22.78496,25.530487,27.476528,21.130714,22.68277,28.549389,26.368647,24.092426,27.990734,26.81085,23.906124,19.69538,21.090101,15.342515,17.622011,15.026958,12.074944,13.803462,8.995441,11.325264,8.780059,7.2204685,9.347525,11.694818,12.884268,17.201767,19.290964,23.16047,25.758892,29.160173,31.585426,34.222244,33.30679,33.023735,31.026371,26.064564,26.955158,24.902765,25.696657,21.101303,22.608469,18.141901,19.083717,18.072515,17.465967,20.231375,20.397858,24.312057,21.339794,25.87461,25.058004,29.439777
14,30.4311,26.400173,24.914368,21.419424,18.270538,19.497591,13.398113,13.119543,9.209901,9.262208,9.953019,8.890218,8.989599,5.4853735,0.0,4.3548408,6.364428,9.202428,14.342678,15.964807,19.896765,21.48156,24.532452,23.667372,22.782051,21.663115,17.337086,14.771614,11.831658,10.835825,7.938425,6.5593596,7.896789,6.663246,10.770971,12.540078,14.7024555,14.363069,10.793602,8.572447,10.9180565,10.767349,10.426681,11.892547,14.566268,14.890117,18.361336,20.518314,24.070257,24.569641,24.370268,21.314419,25.18734,24.096079,25.447336,22.626528,19.91036,18.935196,24.224483,20.469677,16.235405,17.64029,23.433706,25.57684,28.35834,22.57252,22.636986,28.805721,26.58163,23.782057,27.241503,25.274782,22.763323,18.4811,21.084066,15.500096,19.267569,17.058525,14.999222,17.701324,12.046733,15.298366,11.550737,8.5637865,7.9884334,9.671081,9.133712,13.774215,14.828894,19.022793,21.446606,24.785847,27.195631,29.627493,28.34318,28.21249,25.96856,21.009714,22.279482,20.155396,21.492477,17.124447,19.303473,16.160273,16.778309,17.156498,17.54884,19.950943,19.163242,23.253895,19.026346,23.457722,22.192324,26.29635
15,29.770956,25.586157,24.655745,21.350985,17.937365,20.383867,13.904026,14.903604,11.931492,11.553589,13.427929,13.062649,12.670628,7.976129,4.3548408,0.0,4.1806297,5.6060615,12.265127,13.067422,17.408846,19.057337,22.17978,20.72959,19.427952,18.406313,13.709054,11.624553,8.022143,8.50001,6.101052,6.554812,9.4335375,10.340883,13.7546835,16.310759,18.334139,17.305296,13.924775,11.135705,12.065301,10.301203,9.651976,9.454082,12.143217,11.325403,15.320452,16.651255,20.490784,20.526278,20.176071,17.130459,21.185123,20.098017,21.78544,19.022177,16.262001,15.86842,21.109495,17.998615,13.831738,14.108776,19.91383,21.711126,24.810963,19.432297,18.754519,24.971167,22.902494,19.938393,23.38554,21.244394,18.992329,14.527405,17.771807,12.305729,16.673779,15.250866,13.748404,17.425676,11.868178,16.42364,13.281789,8.971678,7.640049,7.337064,7.7630424,10.488156,11.824225,15.74319,17.975042,21.510126,23.760195,26.269238,25.561724,25.494617,23.87959,18.854313,20.568668,19.200544,20.259115,16.356792,17.724104,15.754813,14.997415,16.06146,16.643845,18.076546,17.035307,20.297441,15.812112,19.948679,18.294846,22.504078
16,25.748335,21.55396,20.866497,17.397106,14.04364,17.073023,10.3589735,13.100675,10.534938,11.324393,14.348866,14.566309,15.316059,11.297123,6.364428,4.1806297,0.0,3.9795167,8.258801,9.817941,13.661651,15.452538,18.399448,17.313353,16.469206,15.34288,11.179925,8.612758,6.717259,5.471462,7.9715743,5.4818134,11.271916,11.490696,14.845055,17.826168,18.810843,17.633589,13.7496805,10.456175,12.241767,9.228697,10.445768,9.656618,10.139677,10.59996,12.878315,14.907692,18.075499,18.865385,19.17611,16.7848,21.083529,20.8792,22.188295,18.874683,17.22375,17.357132,22.72157,20.354235,16.482962,16.095621,21.977325,23.375578,26.984146,22.22987,20.71387,26.918072,25.140694,21.926271,25.004328,22.26783,20.567917,16.217686,20.311815,15.322533,20.14196,19.042082,17.81798,21.583376,15.966675,20.358147,16.788107,12.681854,10.46817,9.759879,8.327033,10.564952,10.090443,14.303907,15.991165,19.504993,21.562738,23.616968,22.602797,22.929491,21.055378,16.049948,18.539627,17.133646,18.953636,15.545401,17.641468,17.040203,16.12917,18.218231,19.398159,20.589735,18.930412,22.095352,16.734053,20.46083,18.224869,22.00362
17,25.847958,21.620718,21.196905,18.375917,14.79978,18.47805,12.238761,14.807953,13.366981,13.064177,16.569647,17.390453,17.771637,13.557187,9.202428,5.6060615,3.9795167,0.0,8.14765,7.6847367,12.502609,13.848312,17.154556,15.650172,14.083704,13.528193,8.795598,7.5686,5.4016113,6.8057075,9.621246,9.0336,14.252964,15.078238,18.42861,21.335346,22.659225,21.421743,17.672058,14.3944435,15.556796,12.075149,12.715063,10.676386,10.964926,9.783053,12.347028,12.751882,16.190157,16.108606,16.35044,14.255849,18.968761,18.66892,20.67538,17.600025,15.835124,16.74793,21.75279,20.029766,16.345001,14.685929,20.17165,20.993753,24.825329,20.542175,18.095695,24.143042,22.151953,18.799698,21.494349,18.529844,17.030855,12.90322,17.408316,13.076228,18.34218,17.710497,17.25217,21.426348,16.017902,20.946285,17.687592,13.056548,10.290975,8.121243,7.261441,7.0643754,6.834172,10.720188,12.522559,16.12745,18.246323,20.672783,20.04712,20.132353,18.868176,13.879847,16.365774,15.756998,17.010166,14.116592,15.271053,15.760945,13.737776,16.446112,17.87386,18.255249,16.294252,18.827742,13.21428,16.647312,14.252475,18.05429
18,18.71775,14.492642,15.164454,11.851536,8.926399,14.301977,8.720908,14.979728,14.326972,16.135342,20.381872,21.431124,23.073914,19.46395,14.342678,12.265127,8.258801,8.14765,0.0,4.627703,5.6969423,8.046869,10.323096,9.865793,10.13833,9.006819,7.3296566,5.201671,8.783554,6.4604106,14.5292,11.147464,18.19397,18.298685,21.059704,24.488783,24.165947,22.666077,18.715284,15.315885,17.187946,12.693887,15.720413,13.605552,10.006826,11.863702,9.731339,12.114088,13.170988,15.342468,17.061409,16.49417,20.833372,22.250553,23.0487,19.191319,19.658833,20.964125,25.898716,25.168901,22.055092,20.245583,25.586683,26.016705,30.364641,27.049004,24.00136,29.726679,28.562286,25.108686,27.313694,23.699572,23.236343,19.527176,24.704855,20.901033,26.159357,25.829216,25.213821,29.339725,23.823929,28.408775,24.672356,20.497,17.541441,15.92178,13.424079,13.109905,9.573706,12.708869,12.473573,15.568271,16.773685,17.573072,16.342617,17.754328,15.9819,11.622452,16.111355,15.520707,18.393585,16.861122,19.290699,21.500278,19.791588,23.354254,25.27831,25.614101,23.128094,25.402527,19.166193,21.496,18.241919,20.74197
19,19.655106,15.525505,16.194748,14.1417055,10.97379,16.318253,11.56254,16.40665,16.635878,17.156412,21.724163,23.3199,24.615837,20.890955,15.964807,13.067422,9.817941,7.6847367,4.627703,0.0,5.4772253,6.247293,9.66529,8.706183,7.490896,7.835022,5.417663,6.0595613,9.013569,9.162815,16.070486,14.056444,20.639889,21.058496,24.17659,27.388695,27.69359,26.308079,22.325195,18.881758,20.467497,15.954552,18.099024,15.299768,12.412757,12.346899,10.97057,10.875297,12.1677885,12.97828,14.764065,14.785059,19.559183,20.781933,22.43595,18.976337,19.157667,21.120779,25.639774,25.36078,22.340899,19.549986,24.352089,24.168537,28.62412,25.756838,21.87403,27.259846,25.750118,22.248016,23.818663,19.971874,19.792267,16.69214,21.963099,19.050615,24.501474,24.45144,24.530783,28.84094,23.51773,28.392632,24.85964,20.38022,17.038807,14.60298,12.4284,10.158751,6.0731845,8.309277,7.8636937,11.090309,12.511106,13.985423,13.030585,14.005772,12.97717,8.503675,13.095122,13.539929,15.7013,14.88074,16.34099,19.702583,17.121353,21.202103,23.36049,23.004362,20.242844,21.916124,15.58338,17.348915,14.010113,16.199757
20,16.167452,12.246759,14.389235,12.265695,10.289506,16.401772,12.708611,19.0994,19.407782,20.970427,25.562248,26.972654,28.650896,24.941841,19.896765,17.408846,13.661651,12.502609,5.6969423,5.4772253,0.0,3.7937608,4.8975406,4.6015315,5.911328,5.570447,7.3008733,7.6169505,12.318365,11.193994,19.370485,16.590376,23.561872,23.96811,26.556883,30.130655,29.597908,27.93698,24.127848,20.77377,22.245625,17.420208,20.433048,17.619572,13.099995,14.446642,10.465311,11.484646,10.589882,13.180755,15.80507,16.744835,20.81934,23.06878,23.811745,20.062473,21.58978,23.66581,27.98121,28.322533,25.722992,22.96421,27.583603,27.257847,31.899576,29.646032,25.649332,30.751093,29.947367,26.50178,27.978365,23.990105,24.397404,21.390724,26.903862,24.072039,29.391304,29.605436,29.47207,33.841465,28.519777,33.362717,29.743172,25.373777,22.165756,19.955465,17.577219,15.598723,11.340613,12.64843,10.72771,13.053314,13.243205,12.886786,12.016397,14.377152,13.470764,10.399606,15.870079,16.428265,19.270851,19.162672,21.053272,24.822546,22.420683,26.609032,28.816889,28.441292,25.620298,26.991716,20.706276,21.842512,18.127886,19.491947
21,14.59398,10.852645,12.720452,11.912243,9.96834,15.749571,13.300854,18.83733,20.116823,21.115206,26.021944,28.044556,29.935343,26.668987,21.48156,19.057337,15.452538,13.848312,8.046869,6.247293,3.7937608,0.0,4.183258,6.010074,6.546572,8.019912,9.488272,10.607351,14.772751,14.095273,21.899078,19.1317,26.087667,26.039639,29.039255,32.2398,31.897326,30.584887,26.525011,23.190487,25.202703,20.554604,23.404926,20.63863,16.575638,17.373438,13.982307,13.964297,13.018398,14.705643,17.445856,18.80378,23.125257,25.167059,26.45495,22.932863,24.145094,26.416182,30.634974,30.95867,28.214863,25.177328,29.60093,28.966753,33.60223,31.410791,27.027006,31.915468,30.628174,27.168676,28.029919,23.894608,24.365255,21.969591,27.263996,24.964394,30.42684,30.464977,30.716791,34.98776,29.60467,34.30927,30.516645,26.242544,22.667772,20.395977,17.631762,15.373663,10.728722,11.223587,9.190505,10.579413,10.943695,10.761483,8.672602,10.880709,9.752947,7.321312,12.904504,13.93206,16.7277,17.449224,19.247595,23.871012,21.433777,25.964062,28.46725,27.94287,24.85618,26.270414,19.945953,20.738127,17.393423,18.075933
22,13.248969,10.049079,13.327405,12.528809,11.715106,17.570282,15.660967,21.946888,23.003733,24.589691,29.394367,31.153294,33.12621,29.690132,24.532452,22.17978,18.399448,17.154556,10.323096,9.66529,4.8975406,4.183258,0.0,4.6732893,7.1795435,7.996928,11.421444,12.368051,17.105474,16.013031,24.260489,21.307594,28.344255,28.49771,31.078447,34.57277,33.751232,32.1802,28.348577,25.095987,26.791191,21.990347,25.197252,22.357872,17.525248,18.932762,14.298961,14.77251,12.492052,15.187262,18.292585,20.153303,23.88545,26.562014,27.225372,23.618103,25.674135,28.020098,32.015755,32.806698,30.399567,27.345549,31.586412,30.862265,35.589775,33.861748,29.43209,34.10159,33.37868,29.981161,30.87521,26.716291,27.568272,25.130825,30.621174,28.3281,33.679497,33.985313,34.085583,38.459427,33.129654,37.9185,34.17309,29.874159,26.457354,24.204435,21.5591,19.289083,14.755581,15.028926,12.380236,13.377733,12.734775,10.998227,9.643919,12.86837,12.28239,11.088346,16.57924,17.640984,20.599867,21.520458,23.3842,28.03264,25.582317,30.092442,32.53912,31.94143,28.892456,29.990133,23.761786,24.205547,20.563347,20.897482
23,17.838978,14.514092,17.524984,15.995225,14.535748,20.648172,17.298393,23.630999,23.933905,25.330536,29.899284,31.195318,32.569435,28.429129,23.667372,20.72959,17.313353,15.650172,9.865793,8.706183,4.6015315,6.010074,4.6732893,0.0,3.5843282,3.6427963,8.130454,9.779898,14.399971,14.192247,22.0146,20.028423,26.731544,27.783936,30.083464,33.942947,33.420338,31.438084,27.908472,24.5496,25.258818,20.206863,22.929901,19.560905,14.777574,15.478491,10.751083,10.408315,7.849077,10.691412,13.824157,15.855775,19.332533,22.220535,22.756342,19.264212,21.62629,24.215715,27.86846,29.128263,27.091639,23.692799,27.581848,26.733244,31.48873,30.199219,25.681604,30.16235,29.948902,26.642315,27.774565,23.720032,24.849361,22.2517,27.930662,25.762365,30.874931,31.695322,31.804909,36.396564,31.411486,36.55708,33.27474,28.68069,25.580248,22.915865,21.123272,18.005692,14.058459,14.126026,11.07213,12.903476,11.888988,10.326315,11.178534,14.256737,14.774721,12.783247,18.31277,19.688244,22.093355,22.574339,23.743328,28.09769,25.082365,29.410889,31.578676,30.612911,27.788456,28.202389,22.233585,22.452225,18.327408,19.01259
24,20.250427,16.77344,19.177004,17.860512,15.782874,21.751196,17.975424,23.555315,23.909899,24.641712,29.198698,30.602602,31.632849,27.331167,22.782051,19.427952,16.469206,14.083704,10.13833,7.490896,5.911328,6.546572,7.1795435,3.5843282,0.0,3.4708617,6.267222,9.163367,13.006723,13.947888,21.000954,19.800776,26.209248,27.522081,30.050985,33.798832,33.798435,31.87029,28.296818,24.85214,25.371294,20.350056,22.459782,18.79632,14.806315,14.276728,10.812894,8.707943,7.2492414,8.331071,11.337816,13.506664,17.38556,19.891596,21.105814,17.919064,19.754568,22.618668,26.092983,27.420063,25.374458,21.53036,25.142118,24.034897,28.785221,27.613905,22.764767,27.10677,26.67435,23.374704,24.285587,20.194721,21.427927,19.09831,24.734072,22.998188,28.081406,29.069237,29.494972,34.144955,29.361534,34.645325,31.593369,26.862295,23.744059,20.725328,19.381887,15.423099,11.858037,11.290876,8.00706,10.195002,9.298774,8.738307,10.363527,12.820024,13.994497,11.673916,16.874016,18.68026,20.473677,20.981188,21.473494,25.995674,22.543737,26.890053,29.020185,27.704285,24.89899,24.900076,19.10142,19.042528,14.832719,15.547885
25,20.906845,17.29734,19.858913,17.72126,15.749999,21.828018,17.420835,23.585257,23.254879,24.520655,28.79844,29.706026,30.641296,26.072905,21.663115,18.406313,15.34288,13.528193,9.006819,7.835022,5.570447,8.019912,7.996928,3.6427963,3.4708617,0.0,5.170827,7.1159534,11.393602,11.845697,19.121645,17.846361,24.18899,25.82048,27.941422,31.973186,31.727903,29.528675,26.21434,22.825357,22.888905,17.779295,20.068054,16.417294,11.907132,12.021325,7.6166034,6.826844,5.0841594,7.9931273,10.811047,12.389657,15.933481,18.734295,19.234692,15.702552,17.990318,20.60151,24.229725,25.533724,23.618946,20.162294,24.04787,23.339941,28.077677,26.758684,22.416965,27.023338,27.050566,23.778988,25.342089,21.463266,22.505054,19.547293,25.300962,22.950014,27.88063,28.93107,28.931551,33.608242,28.843697,34.153477,31.190847,26.47148,23.682474,20.87039,19.70214,16.351538,13.051012,13.443874,10.724655,13.419486,12.720768,12.023696,13.570352,16.12356,16.787357,13.96128,19.262539,20.517939,22.607353,22.484331,23.334688,27.091816,23.886337,27.910265,29.8061,28.772692,26.200802,26.397755,20.626053,21.057083,16.730083,18.103966
26,23.389914,19.380518,20.859074,18.399176,15.585671,21.17565,15.786275,20.956898,20.222404,20.889019,24.903692,25.698004,26.2248,21.496996,17.337086,13.709054,11.179925,8.795598,7.3296566,5.417663,7.3008733,9.488272,11.421444,8.130454,6.267222,5.170827,0.0,3.8897557,6.763077,8.577425,14.811388,14.30618,20.266449,22.082485,24.495506,28.317972,28.718212,26.673315,23.293882,19.851418,19.837029,14.945745,16.491278,12.763217,9.676013,8.4162035,6.932998,5.468506,7.644471,8.278628,9.79584,9.761929,14.294278,15.977183,17.276876,13.822086,14.658416,17.072206,21.153063,21.716738,19.347874,15.95328,20.328707,19.984135,24.605043,22.483017,18.421698,23.598333,23.076656,19.695276,21.718718,18.023293,18.411621,14.962065,20.664167,17.908854,22.93465,23.804283,23.798244,28.46346,23.720676,29.086584,26.285896,21.485771,18.83131,15.897,15.249689,11.82478,9.363384,10.56388,9.165473,12.824071,13.281924,14.283088,15.354133,16.827623,17.10602,13.170533,17.729504,18.659624,20.276321,19.337603,19.892809,22.847836,19.60678,23.28455,24.971653,24.058079,21.698296,22.17354,16.438868,17.612019,13.490106,15.998591
27,23.038288,18.908445,20.128025,16.885696,14.113739,19.446512,13.455227,19.061756,17.62579,18.983942,22.701916,23.06655,23.753004,19.056686,14.771614,11.624553,8.612758,7.5686,5.201671,6.0595613,7.6169505,10.607351,12.368051,9.779898,9.163367,7.1159534,3.8897557,0.0,5.007178,4.9014487,12.236038,10.855618,17.148176,18.830736,21.030367,24.99739,25.090939,22.969812,19.626917,16.202557,16.258837,11.300165,13.413149,10.152505,6.5041184,7.042486,5.414103,7.4049945,9.601212,11.422467,12.595835,11.558096,15.711514,17.225836,17.851894,14.011993,14.696853,16.311016,20.992153,20.834784,18.175508,15.83569,20.926012,21.310972,25.725319,22.882023,19.76923,25.384108,24.901676,21.556412,24.175959,20.76106,20.605106,16.57206,22.04322,18.339148,23.275251,23.728102,23.113052,27.603214,22.622974,27.754599,24.766191,20.177378,17.792686,15.504242,14.555726,12.783634,10.448355,12.9402275,12.289112,15.952393,16.711517,17.56236,17.926247,19.45629,18.879894,14.55476,19.03589,19.13453,21.231825,19.588161,20.920073,22.889706,20.375753,23.645437,25.16073,24.924196,22.7731,24.037565,18.266325,20.240887,16.466602,19.391027
28,27.410688,23.196978,23.759125,20.453987,17.30072,21.818974,15.259674,19.329086,17.177065,17.794186,20.789244,20.657597,20.501143,15.249871,11.831658,8.022143,6.717259,5.4016113,8.783554,9.013569,12.318365,14.772751,17.105474,14.399971,13.006723,11.393602,6.763077,5.007178,0.0,4.851933,8.086669,8.884454,13.827331,16.325851,18.538082,22.375885,23.315933,21.200203,18.160074,14.879681,14.132403,9.819614,10.245328,6.7534113,6.5773067,4.4170027,7.886249,8.710268,12.615371,12.94695,12.830973,10.209743,14.421615,14.660967,15.836235,12.452799,11.404266,12.519984,17.527058,16.57816,13.5346985,11.490248,17.028137,17.969288,22.04074,18.435865,16.047033,22.046066,21.338726,18.108927,21.394957,18.545044,17.738602,13.154617,18.231445,13.931663,18.61443,19.074808,18.26509,22.805027,18.085674,23.39624,20.911894,16.206276,14.446025,12.096954,12.48693,10.966317,10.621937,13.450917,13.919897,17.824898,19.077261,20.77553,21.348728,22.2019,21.710249,17.004417,20.489185,20.388945,21.784458,19.33977,20.097853,20.801647,18.285587,20.763687,21.772383,21.626013,20.004221,21.283657,16.16204,18.757019,15.461078,19.255417
29,24.71058,20.545912,21.026463,17.096586,14.287665,18.589556,11.871263,16.97819,14.403579,16.303444,19.314505,19.005308,19.665928,15.019678,10.835825,8.50001,5.471462,6.8057075,6.4604106,9.162815,11.193994,14.095273,16.013031,14.192247,13.947888,11.845697,8.577425,4.9014487,4.851933,0.0,8.532208,6.013812,12.546169,14.080959,16.15015,20.166317,20.221392,18.113548,14.785541,11.381623,11.557366,6.8250794,9.333411,7.2957597,5.020132,7.260636,7.8294616,11.33657,13.97623,15.833871,16.414848,14.289572,18.066801,18.866863,19.158443,15.347719,15.116237,15.546121,20.819517,19.443682,16.295794,15.4878235,21.243843,22.50214,26.467325,22.605368,20.769072,26.7951,26.114613,22.895628,26.136734,23.173847,22.27416,17.744673,22.61676,17.912436,22.542215,22.384954,21.056347,25.185009,20.042725,24.763136,21.673876,17.470285,15.641689,14.307019,13.353628,13.680918,12.214981,15.749166,16.098951,19.797462,21.041191,22.189482,21.951118,23.166939,21.835968,17.13077,20.93467,20.111235,22.355879,19.73558,21.663464,22.106922,20.510807,23.01147,24.177752,24.761963,23.014757,25.159397,19.65616,22.548111,19.353687,22.834251
30,32.786945,28.604328,28.391314,24.484385,21.456627,24.436493,17.592287,19.925585,16.114643,16.86796,17.845564,16.016792,14.7431555,8.841609,7.938425,6.101052,7.9715743,9.621246,14.5292,16.070486,19.370485,21.899078,24.260489,22.0146,21.000954,19.121645,14.811388,12.236038,8.086669,8.532208,0.0,5.9646707,6.2920814,10.338231,11.733137,15.526809,17.238808,15.065641,12.984465,10.57494,8.322283,6.928369,4.121871,4.648127,9.550471,8.873844,13.761894,15.921191,19.908222,20.364006,19.514738,15.790556,18.685831,17.627659,18.170439,15.507325,12.803085,11.34418,16.75904,13.351811,9.483832,11.202689,17.146803,19.676962,22.505543,17.265856,17.752262,23.863832,23.078485,20.456984,24.701792,22.967705,21.107332,16.202251,19.504337,13.844518,17.027836,16.605312,14.253069,18.012037,13.647183,18.221163,16.349966,12.564586,12.845507,12.390713,13.794023,15.196713,16.38343,19.893633,21.316769,25.147356,26.810461,28.775702,28.930187,29.457415,28.313234,23.333597,25.861855,24.772886,26.024733,22.352867,23.472382,21.532433,20.42223,21.11494,21.124685,22.194519,21.649452,23.868984,19.974712,23.582558,21.324968,25.656288
31,28.06211,24.004036,23.562498,19.336966,16.61812,19.204613,12.429434,15.6290455,11.593772,13.811227,15.402355,13.998371,14.466512,10.101971,6.5593596,6.554812,5.4818134,9.0336,11.147464,14.056444,16.590376,19.1317,21.307594,20.028423,19.800776,17.846361,14.30618,10.855618,8.884454,6.013812,5.9646707,0.0,7.1322794,8.12466,10.275022,14.157108,14.526738,12.673087,9.2905445,6.0212035,6.8278623,4.5083327,6.3333845,7.5571537,8.820452,10.934235,13.216839,16.80762,19.826044,21.400537,21.4865,18.595266,21.998266,21.900915,22.122932,18.72532,17.323336,16.428242,21.93656,19.036331,15.376336,16.540623,22.572357,24.680504,27.952293,22.985258,22.663242,28.876583,27.821947,24.867989,28.586199,26.206358,24.510138,19.783094,23.610302,18.087364,22.041374,21.013433,18.854553,22.238255,17.073483,20.951138,17.817402,14.455225,13.648206,13.82268,13.101555,15.775258,15.461467,19.561783,20.831974,24.46782,26.188755,27.74688,27.002653,27.777697,25.837845,20.936216,23.741508,22.04879,24.167278,20.55987,22.913143,21.430035,21.038754,22.398954,23.043524,24.628517,23.471231,26.552727,21.664225,25.394627,22.978094,26.896158
32,34.9704,30.974669,30.221796,25.988316,23.34614,25.028957,18.632639,19.907606,15.168428,16.608994,15.980536,12.743385,11.3429365,6.6528497,7.896789,9.4335375,11.271916,14.252964,18.19397,20.639889,23.561872,26.087667,28.344255,26.731544,26.209248,24.18899,20.266449,17.148176,13.827331,12.546169,6.2920814,7.1322794,0.0,5.6066327,5.652264,9.4959755,11.391476,9.425449,8.23701,7.3484035,5.0789137,7.9783397,5.6606903,9.599198,13.705085,14.672643,18.577518,21.741684,25.334366,26.357014,25.672937,21.974377,24.52486,23.422312,23.44522,20.888218,18.332567,16.027227,21.077017,16.715874,13.121622,16.56179,22.125763,25.140112,27.365313,21.62779,23.275745,29.21561,28.270811,25.90785,30.232365,28.7634,26.519615,21.76127,24.251995,18.36128,20.719322,19.342468,16.173307,18.547733,14.486086,17.334694,15.408123,13.32649,14.621902,15.813208,16.584393,19.8583,20.938591,24.899944,26.624094,30.334663,32.206383,34.104885,33.648117,34.1348,32.30617,27.308403,29.434303,27.564299,29.102724,24.906303,26.782557,23.552414,23.755835,23.649872,23.328756,25.440094,25.257261,28.388115,24.766497,28.834541,27.007114,31.346165
33,33.1083,29.32133,27.83407,23.74974,21.31057,21.690222,16.078154,15.99253,10.976376,12.8647375,11.518832,8.013352,8.226666,6.609276,6.663246,10.340883,11.490696,15.078238,18.298685,21.058496,23.96811,26.039639,28.49771,27.783936,27.522081,25.82048,22.082485,18.830736,16.325851,14.080959,10.338231,8.12466,5.6066327,0.0,4.5847335,6.3447437,8.128591,8.058203,5.181947,5.135735,7.789017,10.592674,10.386183,13.84422,16.612648,18.300264,21.273876,24.692314,27.925411,29.207544,28.997759,25.702545,28.873804,27.958548,28.326609,25.465126,23.100145,21.215849,26.413668,22.097713,18.263153,21.189844,26.919754,29.66681,32.06572,26.119783,27.299843,33.388622,31.743164,29.190025,33.08023,31.343847,28.864124,24.374466,26.741177,20.915323,23.743603,21.486212,18.55881,20.28224,15.58462,17.300915,14.179202,13.108571,13.911717,16.14227,15.608061,20.38116,21.030735,25.331524,27.41535,30.82608,33.023415,35.006428,33.65913,33.91236,31.356462,26.493872,28.051098,25.504576,27.316809,22.89269,25.597883,21.888575,23.187222,23.023432,22.995867,25.857548,25.45203,29.588875,25.63866,30.049366,28.611155,32.742775
34,35.833126,32.127865,31.006407,26.59952,24.485672,25.05389,19.463976,20.159191,15.055318,17.386177,15.7405,11.722127,11.24298,9.488998,10.770971,13.7546835,14.845055,18.42861,21.059704,24.17659,26.556883,29.039255,31.078447,30.083464,30.050985,27.941422,24.495506,21.030367,18.538082,16.15015,11.733137,10.275022,5.652264,4.5847335,0.0,5.01274,5.816661,4.34101,4.602192,6.4083233,6.2755885,10.862001,10.247486,14.476723,17.456604,19.556095,22.443874,26.36177,29.487684,31.088978,30.713894,27.215988,29.726896,28.894972,28.555468,25.835587,23.72084,21.283518,26.184898,21.729166,18.435608,22.165966,27.644758,30.744184,32.85857,27.054697,28.91916,34.835464,33.799793,31.447687,35.686527,34.144566,31.80234,27.12618,29.469696,23.565023,25.793789,23.911312,20.581816,22.05647,18.191154,19.618935,17.385977,16.630836,17.982162,19.976547,19.887634,24.16418,24.782604,29.012598,30.781685,34.347782,36.29658,37.995377,36.989853,37.550472,35.150238,30.283497,32.24494,29.800592,31.736364,27.389212,29.999765,26.300713,27.404427,27.095558,26.803675,29.538837,29.354795,33.110676,29.356506,33.624287,31.921612,36.14046
