,0,1,2,3,4,5,6,7,8,9,10,11,12,13,14,15,16,17,18,19,20,21,22,23,24,25,26,27,28,29,30,31,32,33,34,35,36,37,38,39,40,41,42,43,44,45,46,47,48,49,50,51,52,53,54,55,56,57,58,59,60,61,62,63,64,65,66,67,68,69,70,71,72,73,74,75,76,77,78,79,80,81,82,83,84,85,86,87,88,89,90,91,92,93,94,95,96,97,98,99,100,101,102,103,104,105,106,107,108,109,110
0,0.0,4.0705414,6.2218585,9.726253,11.953137,14.667275,16.953648,21.273043,24.626944,26.345963,30.236145,31.319712,34.298252,31.968,35.846,31.582077,31.948507,31.53536,31.208519,33.643806,32.918964,34.144016,36.430866,37.67091,37.899918,36.274757,37.44708,37.78989,36.707302,40.139618,34.861706,41.30559,36.53689,38.728508,36.533405,33.091095,31.385721,33.404545,31.078209,28.36514,27.584686,29.495714,27.342764,23.16096,25.087957,26.520628,20.739033,19.436514,22.236652,23.218523,27.768648,24.935814,27.748308,30.078917,31.23686,33.702972,31.457766,35.62228,37.048885,33.211845,34.560017,38.914104,41.831123,43.007576,38.21471,37.03806,42.303772,41.87921,37.430183,40.64849,43.212883,41.13242,37.563274,41.24456,37.058662,39.99081,36.6879,32.685642,32.181423,27.627264,24.979227,22.059004,20.749739,24.16518,26.588448,28.539019,31.9206,36.237026,39.19211,42.938812,44.60684,48.243332,49.380882,50.227497,48.429096,48.626408,42.329197,44.807587,43.170887,43.512955,39.660057,35.1924,35.4697,35.440037,30.883837,30.092432,24.516626,25.453815,21.182533,20.19568,18.052605
1,4.0705414,0.0,5.002996,6.4706454,8.834481,12.590012,13.87798,18.801823,21.696327,23.663403,27.433077,28.517502,31.232006,28.748499,32.24055,27.932852,28.086699,27.647594,27.155653,29.628838,28.902468,30.122585,32.524082,33.654003,33.844227,32.21909,33.482456,33.886887,32.948547,36.450245,31.39961,38.022755,33.57718,35.932854,33.472664,29.863205,28.507767,30.697802,27.998602,25.150862,24.940546,26.681614,24.130041,20.183367,22.657988,23.678894,17.48929,16.859215,20.058468,21.312584,25.463114,22.374249,25.84757,28.068913,28.807634,30.882263,28.408474,32.483288,34.31824,30.65203,31.409336,35.959236,38.73025,40.1949,35.500557,34.038837,39.164814,38.6273,34.07451,37.267212,39.699776,37.542065,33.942497,37.546864,33.506485,36.391685,33.046,29.199783,28.59387,24.235874,21.413254,18.658224,16.94902,20.334915,22.872728,24.65067,28.1249,32.367638,35.296837,39.038746,40.63735,44.344112,45.465908,46.270226,44.538033,44.647854,38.32983,40.913918,39.216103,39.72578,35.910328,31.342028,31.566923,31.504574,26.945591,26.16153,20.534208,21.503473,17.275345,16.310326,14.465969
2,6.2218585,5.002996,0.0,5.458718,6.4739847,8.607506,11.16823,15.088534,18.623928,20.249914,24.133942,25.324112,28.4025,26.298063,30.536293,26.295942,27.19338,26.94433,27.487896,30.003359,30.016674,31.586266,34.291374,34.493843,34.43249,32.507305,33.111973,33.089176,31.651474,34.865036,29.307205,35.51953,30.485947,32.682346,30.763226,27.354286,25.403875,27.63337,25.628283,22.815414,21.8324,24.512758,22.43147,17.894814,20.045921,22.513407,16.822985,14.983558,18.58597,18.853788,23.451546,21.845854,24.584332,26.229595,27.792805,30.192127,27.413937,31.638811,33.18905,28.764101,29.790277,34.21844,36.926807,38.127888,33.134464,31.772625,37.025726,36.413513,32.191105,35.901234,38.202587,35.969223,32.76819,36.92175,32.759735,36.20479,33.16936,29.065346,29.368454,24.624958,22.41766,20.371649,18.083353,20.83237,22.49681,25.279,27.662579,32.547806,35.068794,38.91269,40.47692,43.966084,44.800133,45.67523,43.624123,44.270603,38.22397,40.543045,39.509163,39.462475,35.29875,31.12661,32.14948,32.58174,28.032999,26.648756,21.713467,21.278755,17.209303,15.751964,12.978878
3,9.726253,6.4706454,5.458718,0.0,3.858134,7.298711,8.452151,13.3888235,15.733553,18.352514,21.775562,23.342384,25.856485,23.657503,26.994373,22.298025,22.98172,22.191418,22.842026,24.883924,24.873474,26.648653,29.146193,29.314045,29.43785,27.777876,28.268505,28.642002,27.220984,30.82484,25.340174,31.875975,27.636211,29.7111,27.09027,23.606619,22.27261,24.284306,21.54137,18.770367,18.557114,20.318527,17.780958,13.718884,16.416897,17.812876,11.6608515,10.823712,14.68048,15.673471,19.570139,17.250002,20.84667,22.553827,23.402351,25.367083,22.515411,26.64715,28.562708,24.584436,25.130068,29.711802,32.405434,33.882153,29.130058,27.594425,32.741413,32.2342,27.733753,31.075785,33.50551,31.420525,27.892199,31.776531,27.621141,30.884264,27.773895,23.733074,23.918089,19.25324,16.996645,15.179749,12.70269,15.416157,17.218979,19.898483,22.495583,27.221199,29.916033,33.721832,35.442444,38.897404,40.002792,41.063946,39.299652,39.94883,33.921196,36.713455,35.553272,36.07034,31.961397,27.536879,28.448128,28.689335,24.190071,22.881313,17.784863,17.123026,13.444642,11.216606,9.442867
4,11.953137,8.834481,6.4739847,3.858134,0.0,5.5205784,5.0681376,10.195716,12.898945,14.940782,18.611217,19.86169,22.55529,20.310614,24.164062,19.84525,20.756205,20.600845,21.466454,24.088818,24.568157,26.298857,29.36202,28.809776,28.511395,26.409271,26.811632,26.646667,25.222172,28.418922,23.037718,29.445768,24.757448,27.25561,25.062933,21.362656,19.85998,22.545685,20.109316,16.964312,16.907572,19.79156,17.086199,12.769429,16.072323,18.442629,12.40332,11.4951,16.034504,16.28812,20.024593,18.81797,22.356064,23.41983,24.51148,26.222223,22.846546,26.892557,29.108803,24.70854,24.579937,29.329025,31.675625,33.330853,28.418386,26.495838,31.502968,30.597893,26.338154,30.300385,32.235455,29.779799,26.755095,31.061544,27.1657,30.808266,27.891735,24.033468,24.657913,20.247824,18.160313,17.077972,13.669946,15.66119,16.879335,19.916842,21.72503,26.817749,29.015928,32.894844,34.2831,37.797348,38.43645,39.253887,37.15812,37.9075,31.972301,34.343918,33.55408,33.53066,29.263699,25.1356,26.526934,27.18438,22.730711,20.99409,16.601454,15.137097,11.399969,9.541648,6.5906487
5,14.667275,12.590012,8.607506,7.298711,5.5205784,0.0,5.7849827,7.457205,10.840918,13.032372,16.45393,18.382263,21.402275,20.002851,24.44066,19.967882,21.995651,21.537336,23.972595,25.944382,27.151676,29.369522,32.23472,30.919878,30.622662,28.549507,27.892136,27.534054,25.26652,28.288967,22.007153,27.699814,22.540365,24.280169,22.592747,19.531813,17.122124,19.21097,17.795723,15.16404,13.458246,17.150845,15.582566,10.599528,12.672107,16.898975,12.443352,9.467002,13.845032,12.752863,17.053398,17.75547,19.936663,20.375189,22.557917,24.863018,21.5109,25.688223,27.15448,21.94955,22.756147,27.0458,29.515036,30.581745,25.375557,23.949265,29.21277,28.547377,24.714134,28.932339,31.03771,28.84892,26.131369,30.864624,26.670658,30.795135,28.33714,24.100977,25.810547,20.91301,19.876823,19.407148,16.35299,17.57496,17.593084,21.773726,22.260595,27.851913,29.722107,33.574223,35.178627,38.191772,38.793995,39.96171,37.7194,39.25572,33.834995,36.163506,36.10612,35.77467,31.2193,27.596554,29.751226,30.738396,26.495121,24.337317,20.736605,17.843666,15.014366,12.210808,9.246248
6,16.953648,13.87798,11.16823,8.452151,5.0681376,5.7849827,0.0,5.874826,8.032519,10.044379,13.602431,14.904462,17.522106,15.428986,19.549688,15.369782,16.870705,17.093111,18.908134,21.644993,22.959993,24.900368,28.346487,26.684225,26.000212,23.566591,23.390762,22.728338,21.019514,23.877436,18.392466,24.618782,19.750017,22.505774,20.557713,16.71681,15.185479,18.464191,16.25768,12.818332,13.1633,17.028265,14.208443,10.004851,13.978499,17.161886,11.901038,11.170382,16.065216,15.609245,18.59653,18.767204,22.204208,22.407331,23.589592,24.866932,20.942911,24.75338,27.282137,22.559225,21.547466,26.380655,28.29465,30.15242,25.192575,22.837175,27.607876,26.34454,22.373993,26.917677,28.353302,25.622753,23.151476,27.902237,24.288446,28.371264,25.831076,22.19971,23.590975,19.523312,18.033329,18.121586,14.004998,14.684692,14.750674,18.437983,18.868341,24.384878,25.940723,29.836752,30.982388,34.359615,34.593094,35.347527,32.986797,34.127644,28.528534,30.661978,30.51169,30.084375,25.579052,21.891808,24.08851,25.24034,21.071907,18.735659,15.665329,12.406591,9.635,7.447006,3.7944639
7,21.273043,18.801823,15.088534,13.3888235,10.195716,7.457205,5.874826,0.0,4.795465,5.609155,9.2091,10.979364,14.187313,13.188635,18.394005,14.762037,17.605398,18.117256,21.457178,23.85992,26.077538,28.298067,31.810291,29.080847,28.110216,25.476297,24.235382,22.918146,20.433699,22.548264,16.448812,21.54045,15.670639,18.160295,17.341484,14.052474,11.3125925,14.891134,14.275145,11.20511,10.099805,15.856922,14.174085,9.964645,12.910698,18.04349,14.7064495,12.764047,17.23792,15.35434,18.116007,20.56195,22.769491,21.950562,24.059395,25.505924,21.38934,24.999004,27.06654,21.552467,20.675497,25.032078,26.618975,28.09229,22.886608,20.624754,25.290703,23.843325,20.705942,25.955315,26.997917,24.228762,22.682098,28.021944,24.53513,29.191698,27.306473,23.69,26.203176,22.15073,21.635063,22.460052,18.480606,18.21893,16.919786,21.457003,20.109104,26.02562,26.80059,30.58325,31.604288,34.477394,34.255516,35.105797,32.35595,34.323242,29.468847,31.127417,31.999096,30.843517,26.079576,23.349783,26.541996,28.241371,24.520277,21.676157,20.014462,15.397504,13.899295,11.712378,8.725259
8,24.626944,21.696327,18.623928,15.733553,12.898945,10.840918,8.032519,4.795465,0.0,4.7396975,6.3334017,9.02732,11.1237335,10.371764,14.543259,10.470944,13.835531,14.039059,18.319418,20.192198,22.937479,25.372833,28.800844,25.407082,24.36414,21.82322,19.96572,18.650448,15.830736,18.08486,11.716829,17.099321,11.955651,14.481072,12.967089,9.361862,7.2577896,11.307151,10.116409,6.7952137,7.251668,12.789491,10.779485,7.88964,11.402877,15.829522,13.439882,12.585537,16.68565,15.04945,16.373867,19.136843,21.649996,20.376457,21.878258,22.619213,18.224783,21.409546,23.92564,18.742128,16.715897,21.190012,22.412275,24.27854,19.314407,16.527805,20.906614,19.274578,16.080856,21.493511,22.276676,19.436056,18.054192,23.498142,20.270813,25.045458,23.44987,20.1839,23.111406,19.618298,19.60522,21.27641,17.224504,15.954721,13.777566,18.474321,16.08497,22.029665,22.42197,26.128246,27.129759,29.831608,29.597,30.608301,27.960577,30.223671,25.68434,27.619482,28.774097,27.917469,23.164206,20.605694,24.096107,25.855257,22.537325,19.569283,18.769236,13.2174,13.1618,10.630082,9.2537
9,26.345963,23.663403,20.249914,18.352514,14.940782,13.032372,10.044379,5.609155,4.7396975,0.0,4.3142214,5.3715644,8.768116,8.236286,14.148547,11.840838,15.171179,16.665987,20.399467,23.088192,25.950172,28.026264,31.9322,28.239082,26.734718,23.717918,22.122936,19.956196,17.503948,18.572405,13.176169,17.469622,11.068223,14.633038,14.712778,11.315847,8.859172,13.760664,13.762564,10.723593,10.89125,17.070574,15.333932,12.587733,15.698337,20.541174,17.994078,16.949036,21.153122,19.177544,20.764809,23.841448,26.136143,24.682507,26.472204,27.181635,22.748163,25.701504,28.237175,22.929935,20.649197,24.8684,25.614288,27.482212,22.603481,19.667847,23.459751,21.283585,18.91184,24.764526,24.771677,21.506973,21.10719,26.665976,23.994598,28.806894,27.398111,24.496119,27.34641,24.159304,23.918655,25.469603,21.143219,19.989822,17.987864,22.272104,19.69794,25.454042,25.293444,28.87722,29.320024,32.066017,31.107872,31.599026,28.436083,30.676014,26.398844,27.394793,29.041212,27.189575,22.367907,20.576262,24.533773,26.759964,23.65454,20.422218,20.471298,14.99766,14.816965,13.541157,11.345598
10,30.236145,27.433077,24.133942,21.775562,18.611217,16.45393,13.602431,9.2091,6.3334017,4.3142214,0.0,3.890872,5.8525295,7.0082583,12.069382,10.333542,14.3651495,15.726816,20.408316,22.464914,25.881935,28.12504,31.874163,27.452702,25.831566,22.919985,20.488056,18.055868,15.108451,15.61214,10.144106,13.394131,6.763695,10.546833,11.150253,8.2449875,5.9330277,11.171477,11.89351,9.590057,10.194809,16.11533,14.861597,13.370722,15.971051,20.606089,19.302565,18.552752,22.200594,20.066181,20.628132,24.456593,26.443062,24.422806,26.075682,26.352505,21.894384,24.291937,26.848824,21.71953,18.767632,22.57585,22.781874,24.722027,20.152243,16.96894,20.144066,17.681885,16.014622,22.106762,21.598186,18.317177,18.716066,24.368898,22.131481,27.06,26.189163,23.688126,27.076784,24.379442,24.737598,26.900595,22.735872,20.867214,18.10544,22.445372,18.706656,24.274471,23.4757,26.803463,27.12833,29.435389,28.22578,28.856766,25.618414,28.47008,24.927706,25.865543,28.160315,26.267735,21.511154,20.396645,24.7823,27.16117,24.592299,21.272438,22.23454,16.209723,17.149261,15.699221,14.452593
11,31.319712,28.517502,25.324112,23.342384,19.86169,18.382263,14.904462,10.979364,9.02732,5.3715644,3.890872,0.0,4.1162715,4.93518,11.232191,11.165545,14.54315,16.975302,20.745506,23.589333,26.911589,28.755945,32.921955,28.444195,26.456635,23.167131,21.31825,18.307592,16.115915,15.749996,11.889285,14.670086,8.117316,12.899209,14.088169,11.081064,9.621192,14.881775,15.418567,12.873581,14.013525,19.809685,18.143248,16.605036,19.621012,24.004608,22.056913,21.607332,25.557308,23.59219,24.35364,27.742558,30.07326,28.206514,29.688522,29.78315,25.251545,27.533234,30.40157,25.472902,22.102993,25.990646,25.901407,28.091732,23.74501,20.344074,23.012629,20.152842,18.769222,24.881546,23.80183,20.134764,21.004679,26.496853,24.753895,29.50669,28.577097,26.430912,29.436699,27.075462,27.031067,29.070234,24.613134,22.865013,20.46431,24.263063,20.790644,26.068113,24.993744,28.23578,28.038813,30.589708,28.832521,28.878227,25.289637,27.77483,24.273983,24.434925,26.928799,24.302147,19.579111,19.022532,23.6157,26.301846,23.950518,20.523277,22.169184,16.42235,17.337704,16.87533,15.365173
12,34.298252,31.232006,28.4025,25.856485,22.55529,21.402275,17.522106,14.187313,11.1237335,8.768116,5.8525295,4.1162715,0.0,3.7434595,7.983429,9.292943,12.642173,15.282205,19.305939,21.812454,25.47774,27.273165,31.3891,26.354387,24.163267,20.90458,18.658321,15.287876,13.180951,12.014765,9.36739,11.404784,6.0990233,11.480294,12.476799,9.691519,9.749488,14.749887,15.00751,12.899972,15.120184,19.989538,18.22369,17.817759,20.87457,24.428255,23.042805,23.274635,26.915878,25.222492,25.13896,28.453236,30.97923,28.918749,29.86644,29.35123,24.824831,26.52024,29.735806,25.388672,21.073343,24.766241,24.108717,26.687962,22.902098,19.113413,20.918299,17.661152,16.739737,22.765705,21.003452,17.119862,18.71646,23.990726,22.936548,27.513727,26.936104,25.41464,28.495754,26.854565,27.058628,29.5622,25.179907,22.876015,20.127085,23.497837,19.348385,24.125034,22.449823,25.406443,24.880295,27.25397,25.147102,25.072165,21.384491,24.13579,21.19571,21.234083,24.220045,21.612673,17.0278,17.118793,21.9912,24.787611,23.043436,19.631466,22.243279,16.291508,18.236944,17.921883,17.317097
13,31.968,28.748499,26.298063,23.657503,20.310614,20.002851,15.428986,13.188635,10.371764,8.236286,7.0082583,4.93518,3.7434595,0.0,6.805007,7.799613,10.312654,13.570247,16.612814,19.856117,23.157726,24.700794,29.090029,24.475687,22.222425,18.734276,17.369968,14.082888,12.739398,12.253956,9.992395,13.801117,9.312854,14.540204,14.453572,10.759777,11.209237,16.435429,15.609835,12.788885,15.690117,20.307468,17.77767,17.107855,20.875671,23.901484,21.571022,22.27572,26.25981,25.030218,25.252752,27.628235,30.788813,29.194014,29.786804,29.212671,24.613657,26.538628,30.125574,25.982975,21.542812,25.762993,25.398602,28.258081,24.37868,20.459368,22.630795,19.493254,17.70977,23.513962,22.024878,17.981981,18.834265,23.935867,22.778404,27.14391,26.10212,24.580889,27.06257,25.484785,25.157492,27.416803,22.826748,20.766636,18.563879,21.495653,18.160238,22.904575,21.6222,24.798878,24.213087,27.157412,25.237944,24.917738,21.349201,23.298656,19.493267,19.664154,21.99885,19.530905,14.765344,14.1690855,18.879372,21.654097,19.667015,16.224623,18.798534,13.081178,14.925892,15.197928,14.652744
14,35.846,32.24055,30.536293,26.994373,24.164062,24.44066,19.549688,18.394005,14.543259,14.148547,12.069382,11.232191,7.983429,6.805007,0.0,5.762439,6.6325073,10.163875,13.110129,15.615486,19.34003,20.722557,24.92834,19.514742,16.932981,13.554924,11.751698,7.847783,7.5459385,6.1772103,7.8197007,11.426889,11.063096,15.509327,14.094721,10.851157,13.603931,17.749104,15.886074,13.823826,18.21266,20.838854,17.980804,19.108007,22.90148,24.139,22.550077,24.488691,27.872076,27.328342,26.322664,28.022026,31.666042,30.047459,29.539858,27.9195,23.51654,24.453398,28.712427,25.863066,20.04184,24.031034,22.963083,26.54893,23.723408,19.370527,20.247055,16.839582,15.213176,20.180515,17.821058,13.520477,14.978823,19.234291,19.330708,23.03735,22.39262,22.087793,24.300533,24.130516,24.078077,26.997244,22.755905,19.880507,17.412292,19.12546,15.091167,18.539928,16.383574,19.09946,17.932613,20.933006,18.694069,18.160587,14.690414,16.651896,13.233186,13.875998,16.62026,14.978771,10.560867,10.555467,15.389945,18.091055,17.264353,14.149875,18.202204,12.725772,16.285007,16.70438,17.81263
15,31.582077,27.932852,26.295942,22.298025,19.84525,19.967882,15.369782,14.762037,10.470944,11.840838,10.333542,11.165545,9.292943,7.799613,5.762439,0.0,4.498989,5.9952626,10.8320055,12.612088,16.331814,18.438658,22.247993,17.37257,15.539653,12.65504,10.372992,8.250206,6.174435,8.574902,5.311064,11.946012,10.952441,14.504891,11.577045,7.42715,10.350181,14.133606,11.15735,8.6656,13.597712,15.647523,12.39058,13.617582,17.585331,18.47791,16.845951,18.916399,22.191978,21.899536,20.903334,22.284927,26.06371,24.687418,24.108759,22.74138,18.24126,19.70531,23.908998,20.87678,15.439301,20.002075,19.74482,23.18861,19.854809,15.653253,17.789448,15.101082,11.968702,17.000744,16.0404,12.1861105,11.729791,16.59277,15.368796,19.500088,18.351524,17.18932,19.618444,18.741522,18.811888,21.751472,17.616728,14.668344,11.921633,14.473766,10.471447,15.141913,14.111089,17.549057,17.594713,20.70601,19.853806,20.389647,17.794025,19.785524,15.461907,17.751038,19.220636,18.979914,14.565796,12.456751,16.382235,18.360666,16.453087,13.449644,15.6156435,9.474797,12.903781,12.083179,13.680758
16,31.948507,28.086699,27.19338,22.98172,20.756205,21.995651,16.870705,17.605398,13.835531,15.171179,14.3651495,14.54315,12.642173,10.312654,6.6325073,4.498989,0.0,4.7084723,6.803032,9.744641,13.092863,14.654408,18.914211,14.215422,12.021676,8.678887,8.077031,6.185859,6.8273993,9.363208,9.120076,15.233175,15.155998,18.806078,15.651629,11.731331,14.782727,18.325075,14.742968,12.243928,17.419401,18.631283,14.785509,16.220152,20.576534,20.277945,17.871826,20.859764,24.152704,24.553202,23.540314,23.601852,28.122986,27.248005,25.946129,24.1378,19.864033,21.063156,25.776577,23.569443,17.827744,22.487112,22.189468,25.991707,23.116673,18.91831,20.65333,18.066986,14.721529,18.709875,17.626467,13.836268,12.920245,16.64577,16.076887,19.323175,17.777378,17.363005,18.632442,18.672276,18.073668,20.908546,16.761442,13.85983,12.081785,12.88284,10.177197,13.630962,12.77405,16.137648,15.724503,19.580278,18.775906,18.790663,16.52159,17.291346,12.000957,14.757853,15.310385,15.809917,11.721889,8.675017,12.09262,13.91706,12.299192,9.491285,12.579763,7.2783055,11.59065,11.899533,14.274287
17,31.53536,27.647594,26.94433,22.191418,20.600845,21.537336,17.093111,18.117256,14.039059,16.665987,15.726816,16.975302,15.282205,13.570247,10.163875,5.9952626,4.7084723,0.0,6.779922,6.7738194,10.624022,13.140711,16.462704,11.743837,10.478404,8.467775,6.3576074,7.0075235,6.2054696,10.67068,8.877171,15.353905,16.200644,18.667463,14.421353,10.970717,14.381198,16.695614,12.281638,10.456814,15.844361,15.421608,11.494309,14.036484,17.996496,16.49233,14.931689,18.411459,21.020006,21.84224,20.156158,19.801691,24.39895,23.619705,21.78017,19.657936,15.545924,16.558908,21.425962,19.808529,13.954715,18.682705,18.724058,22.56432,19.935436,15.963538,17.943655,16.055155,11.901682,15.028698,14.881615,11.811287,9.333213,12.895002,11.689424,14.9460745,13.216611,12.67017,14.211214,14.411757,14.389045,17.735193,14.182604,10.642217,8.190491,9.098985,5.4687467,9.520563,9.433089,13.2077875,13.902914,17.509577,17.894283,18.928148,17.522875,18.724277,13.796611,17.715288,17.826384,19.495953,15.879364,12.6027,14.941963,15.889864,14.1163025,12.040483,13.465875,8.561636,12.620094,11.501403,14.675463
18,31.208519,27.155653,27.487896,22.842026,21.466454,23.972595,18.908134,21.457178,18.319418,20.399467,20.408316,20.745506,19.305939,16.612814,13.110129,10.8320055,6.803032,6.779922,0.0,5.7922,7.2036834,8.102484,12.795188,9.542806,7.8151183,5.120773,8.288235,9.269874,11.450836,14.695453,15.035789,21.209078,21.749866,24.952433,21.067558,17.34139,20.368773,23.208992,18.726429,16.391827,21.560442,21.270565,16.915363,18.608538,23.081764,20.900795,17.696861,21.869555,24.788824,26.30314,25.241909,23.215117,28.64549,28.650185,26.313862,24.103786,20.454527,21.481188,26.554478,25.537607,20.077538,24.787083,24.928312,28.877485,26.459417,22.629082,24.432014,22.52331,18.527393,20.83657,20.542847,17.56865,15.204523,17.112955,16.660336,18.424023,16.002655,16.246414,15.4880085,16.660023,15.073827,17.559525,13.97492,11.435101,11.539463,9.393086,10.073661,11.373054,12.079103,15.222808,15.097807,19.637003,19.93703,19.938208,18.902246,18.02137,11.722596,15.774435,13.921197,16.606153,13.828456,9.221205,9.408544,9.531279,7.7370863,6.6848197,8.779337,6.979107,11.07567,12.013744,15.531718
19,33.643806,29.628838,30.003359,24.883924,24.088818,25.944382,21.644993,23.85992,20.192198,23.088192,22.464914,23.589333,21.812454,19.856117,15.615486,12.612088,9.744641,6.7738194,5.7922,0.0,4.446466,7.2049522,9.830409,5.2288456,5.0659723,5.558037,6.104832,9.554342,10.897011,15.0048065,15.12432,20.763697,22.755285,24.834824,20.186539,17.340778,20.860884,22.417261,17.582602,16.336138,21.500996,19.454721,15.532717,18.59642,22.266678,18.684954,17.129948,21.67546,23.540413,25.409763,23.281185,20.986006,26.254248,26.18791,23.062689,20.116146,17.027267,17.169697,22.43119,22.61401,16.88679,21.072233,21.16919,25.217522,23.607325,20.09817,21.405752,20.161358,16.026712,16.76022,17.012701,15.016799,11.721475,12.2301,12.061129,12.922753,10.540685,11.805425,10.951536,13.521547,13.007592,16.369698,14.0238,10.615605,9.952124,6.723948,6.694204,5.6944566,7.265847,10.396211,11.397563,15.578036,17.174543,18.271135,18.286642,18.073374,12.959116,18.06544,16.506025,20.164982,17.850174,14.093564,14.2028885,13.71847,12.818033,12.414095,13.399159,11.478812,15.300606,14.743058,18.692343
20,32.918964,28.902468,30.016674,24.873474,24.568157,27.151676,22.959993,26.077538,22.937479,25.950172,25.881935,26.911589,25.47774,23.157726,19.34003,16.331814,13.092863,10.624022,7.2036834,4.446466,0.0,3.5563648,6.0228744,4.9660234,6.223731,7.6931095,10.246704,13.546346,15.282717,19.247972,19.32752,25.179115,26.819214,29.003164,24.300583,21.30102,24.523296,26.072872,21.049114,19.610874,24.522089,22.200634,18.136223,20.76509,24.493792,20.238153,17.924303,22.858782,24.590273,27.038721,25.237844,21.65562,27.369287,27.948692,24.438139,21.576803,19.028278,19.334349,24.443224,25.078695,20.041908,24.182495,24.666512,28.550125,26.981167,23.784176,25.354778,24.390583,20.085018,20.301167,21.020287,19.345846,15.73976,15.506499,15.129483,15.007199,12.031207,13.324698,10.592374,13.686536,12.192577,14.850457,13.181884,10.657798,11.680311,6.7582717,10.044787,8.071272,10.76499,13.163193,14.216354,18.408764,20.412659,21.280708,21.697813,20.581493,15.177026,20.25691,17.537977,21.844616,20.036793,15.765535,14.437827,12.941298,11.956468,12.691418,12.459754,12.709038,15.763375,15.618311,19.737638
21,34.144016,30.122585,31.586266,26.648653,26.298857,29.369522,24.900368,28.298067,25.372833,28.026264,28.12504,28.755945,27.273165,24.700794,20.722557,18.438658,14.654408,13.140711,8.102484,7.2049522,3.5563648,0.0,5.2399683,6.037898,6.679734,8.0591135,12.100053,14.969967,17.48852,20.925892,21.837706,27.566658,29.166397,31.724363,27.23463,24.070099,27.299812,29.210897,24.267187,22.594921,27.578335,25.620277,21.454224,23.773329,27.7194,23.622332,20.827967,25.762018,27.705538,30.20603,28.647715,24.846807,30.681362,31.396843,27.88235,25.042362,22.570107,22.840126,27.94585,28.624155,23.534044,27.652342,27.976517,31.946104,30.437468,27.130465,28.504759,27.32643,23.217222,23.510347,23.836666,21.977402,18.81464,18.3384,18.475613,18.034727,15.240981,16.82365,13.71644,16.91138,14.968054,17.031445,15.376648,13.453416,14.934232,10.028633,13.415477,11.155952,13.240497,15.109428,15.442466,19.843864,21.503078,21.768808,22.292727,20.270596,14.707629,19.532759,15.984513,20.728788,19.557129,15.291182,12.879924,10.719455,10.463304,12.072184,12.302319,13.885217,16.765902,17.468283,21.433832
22,36.430866,32.524082,34.291374,29.146193,29.36202,32.23472,28.346487,31.810291,28.800844,31.9322,31.874163,32.921955,31.3891,29.090029,24.92834,22.247993,18.914211,16.462704,12.795188,9.830409,6.0228744,5.2399683,0.0,6.644093,9.164922,12.051729,14.825377,18.464346,20.5217,24.24287,24.92511,30.326313,32.571873,34.478893,29.600376,26.94916,30.266006,31.380753,26.298147,25.22197,29.960955,26.870092,23.114555,25.957014,29.293608,24.128607,22.236708,27.34059,28.431795,31.372587,29.297287,24.797224,30.497555,31.487562,27.306076,24.083252,22.52177,22.192467,27.05468,28.858767,24.188385,27.698893,28.175346,31.97598,31.114855,28.295788,29.41535,28.846869,24.749584,23.741503,24.650738,23.670435,20.028088,18.23435,18.50542,16.720394,13.963015,16.272549,12.156673,16.521002,15.050544,17.079128,16.89745,15.091267,16.654116,11.264486,15.051777,11.195752,14.011436,15.026526,16.141125,19.82698,22.553095,23.450346,24.813744,22.965288,18.345789,23.490753,19.980257,25.208345,24.340279,20.351349,17.933249,15.568483,15.5688095,17.280422,16.765947,18.366167,20.974094,20.97303,25.103395
23,37.67091,33.654003,34.493843,29.314045,28.809776,30.919878,26.684225,29.080847,25.407082,28.239082,27.452702,28.444195,26.354387,24.475687,19.514742,17.37257,14.215422,11.743837,9.542806,5.2288456,4.9660234,6.037898,6.644093,0.0,3.319984,6.9686627,8.514344,12.374776,14.528345,17.97781,19.442804,24.22603,27.171368,29.02005,24.317198,21.941448,25.695679,26.885946,22.108404,21.28092,26.39098,23.688606,20.08544,23.486362,26.843737,22.48405,21.416813,26.188349,27.556353,29.76741,27.231327,24.351963,29.612116,29.719545,25.954868,22.446125,20.165575,19.42992,24.666851,26.02389,20.267628,23.727455,23.496876,27.642895,26.917065,23.639101,24.102043,23.100302,19.457523,18.827732,18.835976,17.525845,14.583792,12.976574,14.203573,13.141252,11.207954,14.121335,12.066176,16.261436,15.834728,18.99037,17.628422,14.590043,14.453417,10.184961,10.933795,6.6856117,7.9439926,9.1756735,9.886467,14.000673,16.269592,17.294924,18.455189,17.32715,13.071106,18.528803,16.198816,21.055468,19.879627,16.605686,15.564624,14.279551,14.716587,15.309042,16.655874,16.077545,19.765665,19.575686,23.608347
24,37.899918,33.844227,34.43249,29.43785,28.511395,30.622662,26.000212,28.110216,24.36414,26.734718,25.831566,26.456635,24.163267,22.222425,16.932981,15.539653,12.021676,10.478404,7.8151183,5.0659723,6.223731,6.679734,9.164922,3.319984,0.0,3.9590888,6.5360255,9.785344,12.681458,15.6,17.892752,22.541248,25.402988,27.688652,23.344154,20.76042,24.598822,26.316765,21.778496,20.667076,25.975958,24.061203,20.331825,23.491983,27.156078,23.57132,22.175459,26.730545,28.571074,30.420424,28.101923,25.842691,31.047506,30.887585,27.544302,24.210472,21.443453,20.90988,26.219334,26.958347,20.819485,24.482502,23.936832,28.220041,27.256857,23.620794,23.93367,22.413189,19.046028,19.258451,18.521555,16.556093,14.401624,13.593035,15.136354,14.896484,13.297032,15.860563,14.538856,18.088583,17.527643,20.66709,18.571238,15.45889,15.011649,11.419005,11.207053,8.20169,8.000712,9.485965,9.01058,13.644435,14.863236,15.247348,15.916537,14.537257,9.824316,15.256229,13.112178,17.78686,16.62985,13.629394,12.901252,12.073561,12.935883,13.207418,15.716317,14.704534,18.748053,19.037397,22.847876
25,36.274757,32.21909,32.507305,27.777876,26.409271,28.549507,23.566591,25.476297,21.82322,23.717918,22.919985,23.167131,20.90458,18.734276,13.554924,12.65504,8.678887,8.467775,5.120773,5.558037,7.6931095,8.0591135,12.051729,6.9686627,3.9590888,0.0,5.558253,7.2460318,10.7056675,13.2505665,15.712105,20.670519,22.807451,25.694765,21.780886,18.73659,22.420124,24.84341,20.545404,18.918514,24.308744,23.433554,19.49528,22.09627,26.151476,23.537592,21.51418,25.752321,28.190962,29.657846,27.819466,26.120325,31.302814,30.97426,28.220161,25.31819,21.978914,22.0097,27.28629,27.092175,20.884447,24.968052,24.397596,28.662968,27.108524,23.164833,23.796373,21.771704,18.452887,19.921396,18.793959,16.018427,14.4305105,15.081632,16.172672,17.091146,15.443667,17.12068,16.447706,18.960686,18.107845,21.088772,18.149057,15.129779,14.522787,11.870766,11.114459,10.220199,9.504518,11.7362385,10.717342,15.448644,15.542972,15.310241,14.878111,13.568735,7.7177663,12.733007,10.968934,14.777228,13.021937,9.792903,9.816946,9.835206,10.406396,9.961807,13.483664,11.81943,16.107918,16.887468,20.366348
26,37.44708,33.482456,33.111973,28.268505,26.811632,27.892136,23.390762,24.235382,19.96572,22.122936,20.488056,21.31825,18.658321,17.369968,11.751698,10.372992,8.077031,6.3576074,8.288235,6.104832,10.246704,12.100053,14.825377,8.514344,6.5360255,5.558253,0.0,4.308404,6.250368,9.500465,11.687743,16.008272,19.20082,21.308615,17.155542,14.834298,18.926407,20.657837,16.62807,15.801682,21.138588,19.847902,16.53762,19.924442,23.351507,20.970745,20.422997,24.215149,26.217592,27.239767,24.72644,24.199438,28.684359,27.737034,25.162542,22.072758,18.642225,18.184341,23.353868,23.155756,16.477673,20.1632,19.180805,23.515966,22.263987,18.260866,18.374418,16.354292,13.317724,14.748099,13.26785,10.5044,9.250518,10.356298,11.814273,13.449931,12.700574,14.438595,15.39939,17.667707,18.02707,21.67239,18.890963,15.188152,13.053464,11.929473,8.214971,7.918072,5.4334354,8.22903,7.8122277,11.885714,12.12853,13.078869,12.54188,13.4152565,9.451999,14.259036,14.473297,17.293882,14.919199,12.782297,14.506679,15.167658,15.240114,13.94205,16.97329,13.436314,17.877598,17.477648,20.800928
27,37.78989,33.886887,33.089176,28.642002,26.646667,27.534054,22.728338,22.918146,18.650448,19.956196,18.055868,18.307592,15.287876,14.082888,7.847783,8.250206,6.185859,7.0075235,9.269874,9.554342,13.546346,14.969967,18.464346,12.374776,9.785344,7.2460318,4.308404,0.0,4.5091705,6.011466,9.784807,13.685476,16.464958,19.306858,16.001858,13.423141,17.410315,19.970018,16.647207,15.425958,20.68822,20.743187,17.535048,20.288792,23.930515,22.810375,21.902483,25.13995,27.67652,28.138472,26.048708,26.381878,30.610563,29.349213,27.463102,24.787863,20.947159,20.869078,25.795471,24.70058,18.021084,21.778835,20.507364,24.731022,23.062607,18.760866,18.79681,16.027338,13.695502,16.542473,14.208886,10.489476,10.925503,13.324168,14.647796,17.080936,16.559929,17.683783,19.144367,20.63567,20.82411,24.265574,20.851576,17.352098,15.02541,14.897992,10.840422,12.04814,9.315145,11.71173,10.367997,14.009988,12.655968,12.6687355,10.711374,12.0479765,8.16658,11.705436,13.189624,14.556763,11.632239,10.457968,13.505009,15.106736,15.249521,13.240511,17.30794,13.015034,17.513577,17.599354,20.286682
28,36.707302,32.948547,31.651474,27.220984,25.222172,25.26652,21.019514,20.433699,15.830736,17.503948,15.108451,16.115915,13.180951,12.739398,7.5459385,6.174435,6.8273993,6.2054696,11.450836,10.897011,15.282717,17.48852,20.5217,14.528345,12.681458,10.7056675,6.250368,4.5091705,0.0,4.9432955,5.6920805,10.1047945,13.01196,15.217432,11.553716,9.263956,13.46543,15.584199,12.492472,11.761574,16.82099,16.878428,14.189708,17.189093,20.341284,19.775114,19.727896,22.399984,24.709194,24.750807,22.44243,23.741547,27.376097,25.716892,24.268192,21.859241,17.838182,17.89472,22.47132,20.852184,14.215212,17.934357,16.710764,20.755009,18.78021,14.418536,14.752104,11.946047,9.441468,13.215324,11.13528,7.122338,7.72111,11.693611,12.123865,15.621827,15.414144,15.742588,18.372587,19.029165,19.886307,23.51569,20.172775,16.502537,13.279144,14.652143,9.20514,11.967323,9.407724,12.233889,12.035001,14.695828,13.840827,14.913131,12.891372,15.633578,12.615199,15.745017,17.653969,18.468233,15.002984,13.785851,17.249529,18.872149,18.209799,15.851646,18.849056,13.5676775,17.706184,16.781565,19.186808
29,40.139618,36.450245,34.865036,30.82484,28.418922,28.288967,23.877436,22.548264,18.08486,18.572405,15.61214,15.749996,12.014765,12.253956,6.1772103,8.574902,9.363208,10.67068,14.695453,15.0048065,19.247972,20.925892,24.24287,17.97781,15.6,13.2505665,9.500465,6.011466,4.9432955,0.0,7.3611317,8.459271,12.138696,14.853323,12.754638,11.151705,14.981849,17.557968,15.716718,15.051976,19.583912,20.631025,18.400475,20.952713,23.975832,24.249557,24.206564,26.457813,28.975597,28.568077,26.405127,28.3757,31.670452,29.681522,28.629375,26.290674,22.308296,22.156668,26.449293,24.605846,18.046621,21.134771,19.233223,23.122667,21.43299,17.06893,16.380838,12.86257,12.237428,16.224194,12.839799,8.615772,11.559572,14.99939,16.327162,19.577963,19.88006,20.536278,23.198072,23.964323,24.757784,28.293577,24.726267,21.204357,18.084707,19.413174,14.139828,16.315687,13.00864,14.900692,13.553375,15.651114,13.158734,13.278098,10.1097765,13.645221,12.138385,13.677234,17.016815,16.585693,13.343298,13.942906,18.082788,20.28087,20.291668,17.744013,21.84001,16.581165,20.673388,20.367321,22.206274
30,34.861706,31.39961,29.307205,25.340174,23.037718,22.007153,18.392466,16.448812,11.716829,13.176169,10.144106,11.889285,9.36739,9.992395,7.8197007,5.311064,9.120076,8.877171,15.035789,15.12432,19.32752,21.837706,24.92511,19.442804,17.892752,15.712105,11.687743,9.784807,5.6920805,7.3611317,0.0,7.13871,7.836058,10.036356,6.7524257,3.8699105,7.9627686,10.611347,8.686871,7.9723663,12.230783,13.873228,11.999358,14.15786,16.847961,18.156553,18.455116,19.872427,22.379992,21.516876,19.66106,22.494719,25.263687,23.121416,22.854393,21.374239,17.034935,17.890547,21.595139,18.48464,12.776599,16.517601,15.671844,18.964237,15.908721,11.576441,13.056555,10.075139,7.8745356,13.605924,12.194131,8.4578905,9.367634,14.759796,13.712968,18.285545,18.106127,17.039581,20.629526,19.774136,20.917904,24.279562,20.71069,17.403917,13.701909,16.932344,11.362589,15.833918,14.036497,16.99952,17.351603,19.332113,18.446045,19.705206,17.173964,20.546556,17.715717,19.965118,22.323975,22.040379,17.913492,16.842278,20.916689,22.862751,21.38572,18.530334,20.6654,14.551358,17.773584,16.140026,17.523333
31,41.30559,38.022755,35.51953,31.875975,29.445768,27.699814,24.618782,21.54045,17.099321,17.469622,13.394131,14.670086,11.404784,13.801117,11.426889,11.946012,15.233175,15.353905,21.209078,20.763697,25.179115,27.566658,30.326313,24.22603,22.541248,20.670519,16.008272,13.685476,10.1047945,8.459271,7.13871,0.0,7.3296056,7.384001,6.9912105,8.420834,11.104186,12.232138,12.881646,13.691774,16.28303,17.911327,17.549742,19.902369,21.388786,23.23896,24.81558,25.629618,27.572834,26.092876,23.69272,27.792336,29.495275,26.60096,26.73856,25.112022,21.312414,21.216967,24.1463,21.306852,15.864922,17.693205,15.50984,18.319925,16.403732,12.580106,11.513254,7.699767,9.635643,14.621612,11.543306,8.533751,12.463259,16.895454,17.117722,21.29678,22.302612,21.919102,26.034136,25.617609,27.355253,30.925776,27.646482,24.20798,20.257946,23.330275,17.18586,20.499813,17.598883,19.398329,19.238882,19.747032,17.887886,19.230911,16.446081,21.188313,20.549822,21.822088,25.458612,24.497768,20.932236,21.484623,25.907312,28.123173,27.384457,24.533884,27.45949,21.408026,24.685938,23.191162,24.208843
32,36.53689,33.57718,30.485947,27.636211,24.757448,22.540365,19.750017,15.670639,11.955651,11.068223,6.763695,8.117316,6.0990233,9.312854,11.063096,10.952441,15.155998,16.200644,21.749866,22.755285,26.819214,29.166397,32.571873,27.171368,25.402988,22.807451,19.20082,16.464958,13.01196,12.138696,7.836058,7.3296056,0.0,5.398754,7.52254,6.8809915,6.692767,10.247009,11.96812,11.423361,12.712462,17.034163,16.548145,16.968172,18.740139,22.519377,22.873487,22.64834,25.42535,23.298157,22.379753,26.901007,28.46826,25.762316,27.012665,26.51711,22.273819,23.55579,26.113243,21.690876,17.675203,20.466911,19.54576,21.63795,18.03449,14.560068,16.01326,12.936387,13.075866,19.131409,17.477776,14.286399,16.403772,21.79723,20.592855,25.402105,25.482922,23.859562,27.8368,26.092995,27.226963,30.136154,26.318518,23.6108,20.064444,24.05194,18.857395,23.624655,21.729654,24.404339,24.432373,25.873123,24.162037,24.98516,21.696293,25.559322,23.493456,24.249447,27.52299,25.645113,21.307867,21.358028,26.090672,28.588781,26.934868,23.681892,25.850027,19.56391,21.754705,20.29635,20.086905
33,38.728508,35.932854,32.682346,29.7111,27.25561,24.280169,22.505774,18.160295,14.481072,14.633038,10.546833,12.899209,11.480294,14.540204,15.509327,14.504891,18.806078,18.667463,24.952433,24.834824,29.003164,31.724363,34.478893,29.02005,27.688652,25.694765,21.308615,19.306858,15.217432,14.853323,10.036356,7.384001,5.398754,0.0,5.4304028,8.067839,7.457273,7.7345552,11.178844,12.329698,12.302185,15.581209,16.514193,17.545998,17.894518,21.750887,23.65544,22.961615,24.812,22.331242,20.688135,26.240747,26.768885,23.501663,25.103651,24.739086,20.983545,21.860779,23.538595,19.109114,15.863579,17.434856,16.35948,17.656088,14.300205,11.592999,12.664443,10.276099,11.679515,17.16916,15.941282,13.922939,16.151659,21.282139,19.86319,24.678272,25.327267,23.579002,28.207485,26.335274,28.22056,31.324072,28.100853,25.239178,21.2674,25.609898,19.93581,24.480513,22.603891,24.93969,25.525305,26.107327,24.922537,26.516403,23.745567,28.247955,26.78497,28.061016,31.372261,30.041498,25.903557,25.826365,30.351091,32.588306,30.9456,27.858238,29.572317,23.267275,25.448072,23.244038,23.253628
34,36.533405,33.472664,30.763226,27.09027,25.062933,22.592747,20.557713,17.341484,12.967089,14.712778,11.150253,14.088169,12.476799,14.453572,14.094721,11.577045,15.651629,14.421353,21.067558,20.186539,24.300583,27.23463,29.600376,24.317198,23.344154,21.780886,17.155542,16.001858,11.553716,12.754638,6.7524257,6.9912105,7.52254,5.4304028,0.0,4.553756,6.1820197,5.3884244,6.629622,8.509634,9.917605,11.3580675,11.925248,14.106905,14.726812,17.226948,19.507864,19.589024,21.137384,19.357414,16.969084,21.805937,22.910666,19.88919,20.6455,19.796986,15.927625,16.671793,18.89702,14.977705,10.707687,12.9678755,12.175801,14.268535,10.7620325,7.071461,9.058057,6.8938346,6.4913907,12.30155,11.810954,9.918561,11.043589,16.341497,14.506135,19.410814,19.935768,18.178782,22.855259,21.206182,23.30556,26.645342,23.727465,20.59525,16.435247,20.66641,14.837671,19.348381,17.820873,20.341177,21.450378,22.211979,21.84689,23.926311,21.738281,25.961506,23.972992,26.223343,28.864178,28.535011,24.45903,23.574297,27.612669,29.433456,27.725021,24.914066,26.214931,20.076311,22.572723,19.980732,20.809523
35,33.091095,29.863205,27.354286,23.606619,21.362656,19.531813,16.71681,14.052474,9.361862,11.315847,8.2449875,11.081064,9.691519,10.759777,10.851157,7.42715,11.731331,10.970717,17.34139,17.340778,21.30102,24.070099,26.94916,21.941448,20.76042,18.73659,14.834298,13.423141,9.263956,11.151705,3.8699105,8.420834,6.8809915,8.067839,4.553756,0.0,4.3461895,6.985549,5.7796636,5.3665776,8.601602,11.116286,10.007882,11.575884,13.677893,16.114769,16.832466,17.366718,19.78803,18.400547,16.808575,20.547707,22.685898,20.317223,20.79472,20.008251,15.630082,17.08702,20.088924,16.043983,11.431163,15.164086,14.962701,17.557835,13.667061,9.704316,12.511563,10.176948,7.791684,13.892335,13.54193,10.639488,10.759363,16.448753,14.342162,19.316916,19.028547,17.04738,21.10181,19.276712,20.664825,23.79694,20.358454,17.373672,13.522213,17.748672,12.470849,17.635714,16.518606,19.616892,20.514084,22.243364,21.79051,23.363197,20.936396,24.408895,21.424341,23.69543,25.890627,25.501953,21.17035,19.76964,23.766829,25.624987,23.61527,20.707731,21.891026,15.676525,18.114414,15.771717,16.603327
