,0,1,2,3,4,5,6,7,8,9,10,11,12,13,14,15,16,17,18,19,20,21,22,23,24,25,26,27,28,29,30,31,32,33,34,35,36,37,38,39,40,41,42,43,44,45,46,47,48,49,50,51,52,53,54,55,56,57,58,59,60,61,62,63,64,65,66,67,68,69,70,71,72,73,74,75,76,77,78,79,80,81,82,83,84,85,86,87,88,89,90,91,92,93,94,95,96,97,98,99,100,101,102,103,104,105,106,107,108,109,110
0,0.0,4.093129,8.063932,9.925425,12.800501,14.979962,18.9374,23.051748,25.204798,27.88488,32.085804,35.14936,36.746464,32.9289,27.613544,26.89011,22.954805,22.154488,16.843557,18.48414,15.822947,15.942257,14.971856,18.441307,20.868692,20.386154,22.3438,21.231945,25.359383,22.045296,29.923805,25.021605,31.819695,30.24598,32.203243,35.068214,32.602314,31.693974,28.236267,25.905146,29.231052,25.772694,30.03497,28.96717,24.45023,27.94391,23.611183,26.480833,25.241138,26.00588,29.277843,30.000023,34.543896,36.1724,37.138252,33.318512,34.068516,35.325478,40.095875,39.42659,35.753143,34.39574,39.77589,40.457703,43.928738,39.18669,37.19131,42.89565,39.51461,37.28788,40.095715,41.275578,38.357452,35.871265,39.20113,36.665943,40.47148,40.800285,40.750446,44.417995,39.288574,43.314823,40.43715,35.793797,32.053513,30.89159,27.001644,26.861864,22.356464,22.100113,22.027287,18.973303,19.693771,17.436316,13.2357645,13.078147,17.108078,17.934303,18.482445,22.842552,26.06777,27.110569,30.687887,33.513134,34.79489,31.967394,36.18931,29.914673,32.34834,30.196976,31.045858
1,4.093129,0.0,3.98962,6.66209,9.268184,11.211919,15.602577,19.177797,21.662056,24.083645,28.360975,31.514772,33.45312,29.736206,24.377796,23.641258,19.85533,19.101965,14.437513,15.920723,14.177563,14.012107,14.125861,17.449635,19.31089,19.069363,20.210913,19.01019,22.751123,19.578415,27.176184,22.285484,29.121754,27.318405,29.684578,32.350353,30.263342,29.57617,25.778442,23.323502,27.032806,23.628088,27.70565,26.685099,22.665743,25.824144,22.159897,24.783258,24.00484,24.064247,27.296448,27.683012,32.442726,33.666134,35.065647,31.39564,31.636923,32.93727,37.6153,36.893635,33.184044,31.541328,36.71179,37.20515,40.65174,35.977226,33.73566,39.307793,35.722713,33.490974,36.180557,37.464123,34.56888,32.254574,35.75709,33.410187,37.397717,37.88416,37.84375,41.353485,36.15838,39.968758,36.89448,32.293293,28.552212,27.510862,23.419949,23.698637,19.450815,19.167269,19.64636,16.504194,18.182787,15.281628,10.808148,10.394846,13.847882,14.167113,14.536827,18.992062,22.014708,23.21928,26.682138,29.516365,30.880491,28.10156,32.55488,26.397577,29.100208,27.248785,28.37748
2,8.063932,3.98962,0.0,4.9212546,6.729516,7.6870522,12.772474,15.4991665,18.439056,20.56515,24.840015,28.150124,30.483578,27.006805,21.637096,20.997622,17.500023,16.95523,13.367044,14.63193,14.124841,13.667496,14.938188,17.901272,19.082224,19.080776,19.23809,17.913473,21.034664,18.053474,25.071493,20.218689,26.929123,24.78186,27.583033,29.924189,28.247387,27.874702,23.764065,21.271225,25.430857,22.2454,26.04977,25.185114,21.857414,24.61986,21.822725,24.173786,23.940704,23.240175,26.345203,26.306372,31.240463,31.968166,33.833374,30.369968,29.999357,31.286036,35.838524,34.995274,31.247992,29.353468,34.22745,34.5131,37.87647,33.254246,30.778822,36.15136,32.284775,30.086617,32.613518,34.073555,31.229319,29.181253,32.91399,30.830896,35.03335,35.7072,35.660522,38.93933,33.676697,37.16969,33.83324,29.302694,25.614515,24.791515,20.447325,21.366161,17.577007,17.259567,18.438677,15.289831,18.009834,14.453276,10.069899,9.203481,11.54126,10.951604,11.059103,15.611929,18.216227,19.760906,22.987803,25.824596,27.34616,24.656414,29.445171,23.507895,26.543592,25.131432,26.569426
3,9.925425,6.66209,4.9212546,0.0,3.7442317,6.3527217,9.063148,13.576307,15.298289,18.181047,22.278294,25.25544,26.883217,23.292154,17.89853,17.62225,13.959878,14.507037,10.649087,13.281579,12.98906,13.773801,15.106548,16.955015,18.05467,17.225985,16.883904,14.735723,17.647243,14.020962,20.971561,15.851547,22.548063,20.668795,23.127468,25.839651,23.99845,23.294518,19.31993,16.756674,20.689745,17.574224,21.552029,20.997313,17.736668,21.017803,18.481073,21.697386,22.07914,21.696115,24.476707,23.880337,28.692543,29.334282,30.830738,27.257174,26.716585,27.564964,32.39358,31.0974,27.19412,25.92452,31.03559,31.780674,34.89446,29.84703,28.12443,33.731533,30.22542,28.32648,31.502459,33.164112,30.789856,28.303158,32.50682,29.695713,34.250065,34.432858,33.82669,36.90272,31.403461,34.831646,31.562468,26.868895,23.47752,23.140776,18.936747,20.660753,17.057692,17.909725,19.476053,17.14882,20.172852,17.469456,12.751586,13.057155,14.4416,13.344139,11.589481,16.747002,17.783638,19.82154,22.594234,25.082647,27.165821,24.825426,29.821676,24.0542,27.621883,25.988928,28.130758
4,12.800501,9.268184,6.729516,3.7442317,0.0,6.139194,7.548164,11.293527,13.10295,15.330533,19.902107,22.613358,24.54429,20.575014,15.264495,14.43397,10.8134165,10.973164,8.064377,10.343064,11.191727,11.848657,14.061702,15.354476,15.789625,15.219378,14.06824,12.058216,14.59013,11.513672,18.36558,13.701663,20.603624,19.072859,21.942173,24.768955,23.565237,22.778559,18.560335,15.629828,19.366104,15.935568,19.50029,18.57968,15.757235,18.344046,16.447329,19.091097,19.840786,18.84147,21.502289,20.699345,25.61116,26.007524,27.83927,24.446777,23.62787,24.69643,29.320402,28.284863,24.521685,22.742678,27.7233,28.277483,31.529425,26.750675,24.651035,30.264671,26.843859,24.812115,28.025682,29.557001,27.204792,24.597189,28.834633,25.97322,30.585518,30.78879,30.198273,33.24558,27.771658,31.218195,27.99029,23.316933,19.817268,19.40423,15.202021,17.073652,13.752488,14.910714,16.914984,15.035958,18.649305,16.152464,11.705703,12.53454,12.727765,11.378163,8.652083,13.853028,14.719748,16.459126,19.312593,21.75492,23.745775,21.448187,26.363007,20.667793,24.417265,22.81394,25.296495
5,14.979962,11.211919,7.6870522,6.3527217,6.139194,0.0,6.5907307,8.508498,11.481434,14.054003,17.63606,21.284878,23.738008,21.204887,15.886003,16.380753,13.777001,15.198674,13.90418,15.805826,17.19745,17.312443,19.723087,21.376839,21.615294,21.257206,19.577429,17.36075,18.780767,15.641554,20.58971,15.564507,21.346567,18.267086,21.527296,23.13393,21.938198,22.2143,17.801643,15.627293,20.69487,18.620148,21.907103,22.02218,20.332884,22.875961,21.959194,24.637293,25.74058,24.266794,26.736227,25.450434,30.375902,30.08387,32.356846,29.243603,27.565336,28.221737,32.7487,31.03382,27.050318,25.55459,29.895386,30.2513,33.008873,27.956795,25.961773,30.975471,26.705387,25.048851,27.7594,29.96871,27.772371,26.09148,30.720463,28.645304,33.51784,34.121544,33.530735,36.04641,30.484821,33.071033,29.162745,24.7114,21.648155,21.979317,17.335138,20.525377,18.09833,18.63836,21.123518,18.743616,22.766062,19.099009,15.202772,14.445805,14.322848,11.596047,9.535095,14.169138,13.500854,16.821615,18.618439,21.022547,23.628181,21.613516,27.335962,22.319998,26.339598,25.73094,28.131128
6,18.9374,15.602577,12.772474,9.063148,7.548164,6.5907307,0.0,6.778475,6.4610815,10.379166,13.681527,16.569075,18.014627,15.224024,9.853263,11.178395,8.961541,12.457975,12.281754,15.156065,17.1779,18.36638,20.897478,21.148647,20.96328,19.860527,17.194136,14.144273,14.368453,10.879076,14.4519005,9.221834,14.782744,12.049857,15.239551,17.445015,16.532385,16.332945,11.810737,9.251347,14.23474,12.551605,15.573482,16.280638,15.581991,18.205603,18.474989,21.749775,23.810888,22.450245,24.252598,22.09122,26.668573,26.015118,27.954027,24.952702,22.735458,22.747774,27.455124,25.110271,20.96347,20.23654,24.67866,25.61274,27.963732,22.382832,21.449629,26.69791,23.051537,21.883598,25.526188,27.930426,26.505686,24.24128,29.385517,26.396032,31.629185,31.584738,30.24273,32.347603,26.569239,28.917215,25.135935,20.56097,18.113005,19.283098,15.158491,19.488356,17.770103,19.67334,22.505457,21.227978,25.426207,22.798897,18.798635,19.194532,18.352243,15.692381,11.894276,16.352957,13.519634,17.090937,18.046858,19.711912,22.989256,21.615095,27.270075,22.77502,27.288534,26.438726,29.65663
7,23.051748,19.177797,15.4991665,13.576307,11.293527,8.508498,6.778475,0.0,5.096843,5.8759894,9.476632,13.19553,16.62615,14.810878,10.3517685,11.413464,11.017725,13.573381,15.812778,17.052616,20.288141,20.445412,23.8217,24.234518,23.270178,23.07516,19.631098,17.4336,16.523266,14.773862,16.281675,12.720235,16.76382,13.425127,17.69534,18.530146,19.080877,19.83037,15.247702,13.208929,18.146618,17.034954,18.718662,19.267204,19.873335,20.951014,22.411129,24.264538,26.542181,23.962694,25.55563,23.178894,27.771032,26.25643,29.253288,26.934181,23.855064,24.21585,28.077988,26.048874,22.312399,20.4721,23.669273,23.681042,25.938404,21.09673,18.94256,23.306866,18.669014,17.446236,20.235828,23.014666,21.587233,20.331898,25.609278,23.748926,29.009243,29.631617,28.67239,30.31362,24.786652,26.314371,21.931717,17.851194,15.5846815,17.102642,12.744412,18.032347,17.676762,18.886784,22.342619,21.128841,25.97542,22.743147,19.82084,19.583813,17.336397,13.790868,10.112845,12.814384,7.8798485,12.59717,12.3753,13.976595,17.579834,16.550024,22.687862,19.160343,23.862253,24.09829,27.38677
8,25.204798,21.662056,18.439056,15.298289,13.10295,11.481434,6.4610815,5.096843,0.0,5.008691,7.3130045,10.182154,12.287097,10.5545,6.1117454,8.827606,9.285822,13.56146,16.057802,18.114544,21.280827,22.250023,25.375149,24.995926,23.994284,23.141306,19.322445,16.51097,14.706661,12.718781,12.298535,8.8651705,11.796932,8.379409,12.707965,13.873698,14.709154,15.195468,10.722615,8.766219,13.495203,13.237428,14.435502,15.805038,17.361109,18.607796,20.89344,23.3727,26.244389,24.052689,25.136122,22.13845,26.306953,24.578657,27.095093,24.846964,21.380789,20.994701,25.062386,22.255781,18.307428,17.506119,20.778809,21.49519,23.213467,17.626457,16.902046,21.468002,17.54557,17.00491,20.727894,23.666147,23.016016,21.219837,26.797321,24.081913,29.54608,29.529074,27.865063,29.1205,23.419785,24.67766,20.45113,16.291264,14.851453,17.19213,13.598036,19.404682,19.310795,21.44019,24.845137,24.201464,28.886312,26.320803,23.045345,23.409878,21.382805,18.18895,13.986662,16.902609,11.4989395,15.721633,14.948492,15.709956,19.74126,19.272785,25.054867,21.903524,26.751312,26.628712,30.342552
9,27.88488,24.083645,20.56515,18.181047,15.330533,14.054003,10.379166,5.8759894,5.008691,0.0,5.5093527,7.9568863,12.003934,10.163859,7.3162575,8.383271,10.180053,13.164126,17.298912,18.176939,22.12035,22.52629,26.1438,25.612846,23.99305,23.753738,19.424345,17.400148,14.879429,14.476661,13.115757,11.5873995,13.860172,11.456387,15.955626,16.722588,18.60521,19.148352,14.984584,13.030966,16.710302,16.089462,16.315458,16.935528,19.142488,19.023813,22.064495,23.301186,26.306206,23.278864,24.09135,20.996454,25.043367,22.74101,26.028746,24.351883,20.418783,20.527119,23.777744,21.638824,18.278742,16.198349,18.49394,18.387989,20.28948,15.627549,13.493625,17.589325,13.110963,12.316582,15.762109,18.771034,18.216581,16.819963,22.460562,20.310528,25.739216,26.074823,24.663761,25.650116,20.189714,21.021471,16.489456,12.63983,11.308084,13.910757,10.606143,16.909554,17.96151,19.856426,23.553545,23.325628,28.264397,25.779768,23.296492,23.682198,20.727808,17.454748,13.295793,14.703718,8.212186,12.198373,10.481704,10.825179,15.019915,14.971703,20.680359,18.359163,23.24661,23.672209,27.547743
10,32.085804,28.360975,24.840015,22.278294,19.902107,17.63606,13.681527,9.476632,7.3130045,5.5093527,0.0,4.5889244,8.9666395,10.340912,9.511136,12.177518,14.6130085,18.31444,22.293835,23.538221,27.35246,27.94218,31.460215,30.843798,29.272652,28.79266,24.376371,22.064365,19.078213,18.484835,15.086465,14.118664,13.710307,10.32388,14.60967,13.733815,16.52551,17.95402,14.457574,13.739659,17.342009,18.327547,17.855444,19.584719,22.69479,22.696238,26.31744,27.900808,31.198494,28.296452,28.784567,25.314636,28.884115,26.116915,29.245026,27.919432,23.460337,22.802616,25.707874,22.670029,19.439342,18.462284,19.642647,19.741798,20.406342,15.541047,14.86865,17.574213,13.0205965,13.638484,16.699438,20.395857,20.779015,20.118439,25.778965,23.948988,29.304842,29.53968,27.766996,27.899654,22.73259,22.301962,17.560322,14.679832,14.851565,18.16276,15.599746,22.024702,23.400871,25.30117,29.027607,28.763748,33.73058,31.062315,28.541533,28.649035,25.786264,22.268805,18.413967,19.554182,12.509571,16.783777,13.859077,13.228048,17.870964,18.6312,24.200407,22.931686,27.750008,28.600658,32.504547
11,35.14936,31.514772,28.150124,25.25544,22.613358,21.284878,16.569075,13.19553,10.182154,7.9568863,4.5889244,0.0,5.674762,7.7792025,9.4928255,11.853204,15.235726,18.930904,23.546371,24.678532,28.66777,29.504,33.009933,31.781023,29.914452,29.308706,24.56607,22.395647,18.610533,18.831144,13.535446,14.345037,12.256125,10.473662,14.159901,13.537836,17.175243,18.101652,15.320976,14.682592,16.771746,18.086208,16.488672,18.263329,22.350088,21.60962,26.120344,27.370777,31.058996,28.11133,28.029575,24.175446,27.10714,23.9,26.945074,26.131144,21.236347,20.21873,22.530554,19.297405,16.551542,15.813593,16.032328,16.304592,16.31186,11.501075,11.759738,13.932977,10.302197,11.773198,15.431427,18.991285,20.19052,19.228811,24.81328,22.573547,27.821804,27.64188,25.416191,24.967445,20.036228,18.95319,14.428641,12.132517,13.529804,17.366909,15.960331,22.316374,24.296576,26.64601,30.333008,30.663889,35.53355,33.442352,31.047848,31.609531,28.538254,25.301529,21.169897,22.018826,15.115568,18.441513,15.285003,13.886697,18.312443,19.604937,24.408371,23.804972,28.522161,29.246893,33.43682
12,36.746464,33.45312,30.483578,26.883217,24.54429,23.738008,18.014627,16.62615,12.287097,12.003934,8.9666395,5.674762,0.0,6.27683,9.777886,12.939631,16.263472,20.73451,24.754135,26.602377,30.152807,31.629974,34.732685,33.040024,31.38968,30.166948,25.548733,22.932041,18.919302,18.787098,11.87679,13.471831,8.665542,8.115098,10.2798,9.81358,13.958463,14.418202,12.880122,12.9935,13.5337,16.131426,13.753233,16.554407,21.287476,20.92386,25.74858,27.720549,31.683712,29.418306,29.005318,24.865978,27.223701,24.150291,26.267635,25.465124,20.58094,18.54866,21.054512,16.67174,13.836362,15.128682,15.461414,16.98628,16.105097,10.256457,13.455053,15.748228,14.024563,15.858622,20.044653,23.243586,24.771282,23.154905,28.625189,25.513655,30.692976,29.808662,26.938414,26.258356,21.377602,20.287127,16.618647,14.45253,16.358139,20.25685,19.323685,25.394861,27.016998,29.921373,33.395576,33.91253,38.537586,36.854145,33.995632,34.900913,32.276596,29.248201,24.828842,26.423866,19.91538,23.099838,20.476276,19.171041,23.396963,24.589287,29.08566,28.174953,32.882538,33.06533,37.399628
13,32.9289,29.736206,27.006805,23.292154,20.575014,21.204887,15.224024,14.810878,10.5545,10.163859,10.340912,7.7792025,6.27683,0.0,5.432336,7.3180914,10.88971,15.092645,19.317484,21.02848,24.571798,26.209705,29.217014,27.177164,25.41923,24.154024,19.467594,17.003555,12.7463665,13.209028,6.0703654,8.882064,6.2626853,8.210751,10.79504,13.024772,15.824337,14.927116,12.555848,11.070321,10.821266,11.583469,9.070691,10.811544,15.580835,14.750801,19.721687,21.452553,25.450909,23.260225,22.808294,18.685722,21.22866,18.487413,20.557907,19.432724,14.721012,13.089328,16.298418,12.578873,9.135198,9.517834,11.616084,13.481572,14.11412,7.719179,10.033914,14.491807,13.289549,13.924154,18.902761,21.335333,22.252579,19.586876,24.968388,21.022985,26.27342,25.1011,22.214113,22.357292,16.95947,17.360228,14.099978,10.681488,11.749118,15.287832,14.593405,20.170639,21.587723,24.866753,28.124413,28.993187,33.36572,32.264114,29.408728,30.844704,28.281666,25.760157,21.105782,22.9676,17.48562,19.771404,18.242228,17.43198,21.106325,21.753674,25.90723,24.19068,28.807468,28.3367,32.731285
14,27.613544,24.377796,21.637096,17.89853,15.264495,15.886003,9.853263,10.3517685,6.1117454,7.3162575,9.511136,9.4928255,9.777886,5.432336,0.0,4.45028,6.645009,11.616058,15.028931,17.164948,20.484253,22.071821,25.042953,23.56603,22.200636,20.935638,16.592857,13.710598,10.538581,9.552128,6.2967916,5.0303516,7.242845,7.042451,10.658928,13.40307,14.863526,14.0192995,10.334596,7.799025,9.789358,9.209316,9.036433,10.311938,13.269653,13.7135515,17.28524,19.649092,23.160082,21.145517,21.509085,17.932638,21.508305,19.59738,21.707228,19.678717,15.864837,15.042973,19.187881,16.19236,12.207551,11.793864,15.478339,16.891468,18.577148,12.63232,12.951324,18.16356,15.73279,15.385017,20.09008,22.521505,22.43387,19.692572,25.187159,21.396957,26.82888,26.06151,23.759233,24.862953,19.101967,20.603024,17.046768,12.729101,11.900209,14.635079,12.403916,18.000837,18.408436,21.480106,24.713575,25.018425,29.42206,27.935383,24.726238,25.99424,23.816843,21.261295,16.598509,19.275099,14.340957,17.116123,16.49399,16.640251,20.324472,20.183084,25.033245,22.146517,26.896286,26.203554,30.338015
15,26.89011,23.641258,20.997622,17.62225,14.43397,16.380753,11.178395,11.413464,8.827606,8.383271,12.177518,11.853204,12.939631,7.3180914,4.45028,0.0,4.1175094,7.8319283,12.410055,13.762778,17.500721,18.928743,22.07501,20.269508,18.496635,17.551151,12.8523,10.584411,6.925862,7.631879,6.162927,6.4257145,10.320446,11.420825,14.640638,17.756058,19.123953,17.872223,14.289508,11.307903,12.335319,9.960322,9.756785,8.955914,11.459468,10.697156,14.464773,15.853821,19.397112,16.966084,17.265224,13.745668,17.589563,15.81216,18.306314,16.256927,12.642946,12.813653,16.814829,15.096614,11.584983,9.314312,13.651402,14.664175,17.34563,12.34267,11.099551,16.985207,14.991264,13.819119,18.600542,20.320953,19.848473,16.485043,21.70306,17.533688,22.887177,22.072315,19.971382,21.624063,15.795377,18.229126,15.104007,10.399425,8.559367,10.653069,8.77392,13.869445,14.509074,17.854288,21.004324,21.80137,26.087492,25.136549,22.287683,24.011314,21.542803,19.480038,14.772048,17.06684,13.226765,14.685964,14.875449,15.236744,18.156614,17.727243,21.979708,18.793352,23.361166,22.305956,26.524393
16,22.954805,19.85533,17.500023,13.959878,10.8134165,13.777001,8.961541,11.017725,9.285822,10.180053,14.6130085,15.235726,16.263472,10.88971,6.645009,4.1175094,0.0,5.4362626,8.541779,10.618836,13.8905945,15.5766735,18.483713,16.94768,15.640862,14.466819,10.293238,7.4811807,5.684278,4.5015254,8.123303,5.8346972,12.150497,12.832892,15.768372,19.317638,19.720745,18.219294,14.3885765,10.987564,12.5385475,8.939042,10.507261,9.160704,9.370058,9.970086,11.952835,14.100507,17.105242,15.219846,16.233295,13.444518,17.838745,17.074577,19.08489,16.295343,13.91346,14.486878,19.005255,17.65541,14.003417,12.056105,17.097649,18.154263,21.15667,16.265345,14.902004,20.880106,18.709335,17.154137,21.603128,23.095875,21.978327,18.48264,23.366991,19.18741,24.332321,23.609715,21.886074,24.217087,18.461042,21.614258,18.741,13.970658,11.289672,12.154923,9.427993,13.36921,12.591701,15.9431095,18.788677,19.216269,23.275835,22.339321,19.0422,20.931631,19.05765,17.338232,12.71182,15.985436,13.558264,14.893445,16.221544,17.31578,19.871702,18.757868,23.116278,18.881834,23.281517,21.720709,25.616858
17,22.154488,19.101965,16.95523,14.507037,10.973164,15.198674,12.457975,13.573381,13.56146,13.164126,18.31444,18.930904,20.73451,15.092645,11.616058,7.8319283,5.4362626,0.0,6.309797,6.050771,10.253962,11.304396,14.628456,12.962217,11.025662,10.802772,6.3966894,5.664381,5.635827,7.013561,12.184858,11.098185,17.221912,18.191618,21.167257,24.688211,25.132452,23.580936,19.76635,16.328447,17.550821,13.282884,14.709234,11.926222,10.756318,9.955758,10.723629,10.876882,13.266812,10.5546055,12.123832,10.315964,15.284179,15.17811,17.64594,14.844298,13.541553,15.530172,19.36481,19.629099,16.794727,13.315859,18.193827,18.49741,22.350645,18.776588,15.883018,21.795351,19.852728,17.4852,21.35739,21.957664,20.107155,16.219458,20.285086,16.133701,20.812885,20.351892,19.37857,22.549173,17.196367,21.302677,19.007402,14.457223,10.725993,9.655337,7.1783543,8.652096,7.28342,10.967163,13.618399,14.615055,18.508955,18.243713,15.572433,18.04434,15.847973,15.037495,10.888614,13.474715,13.378954,12.785219,15.479744,17.023367,18.332767,16.623854,20.079643,15.135996,19.03925,16.874617,20.651518
18,16.843557,14.437513,13.367044,10.649087,8.064377,13.90418,12.281754,15.812778,16.057802,17.298912,22.293835,23.546371,24.754135,19.317484,15.028931,12.410055,8.541779,6.309797,0.0,4.5478454,5.5899167,8.050686,10.163458,9.077743,8.926023,7.63762,6.2544346,4.6996293,8.832654,7.212521,15.358512,12.573397,19.620478,20.308262,22.627687,26.561604,25.865637,23.993687,20.348822,16.918379,18.282778,13.470281,16.438267,13.857214,9.995521,11.708634,8.927947,11.094688,11.959948,11.415933,13.955742,13.525396,18.233994,19.4303,20.65623,17.056154,17.322985,18.989124,23.433632,23.453613,20.319157,18.075075,23.542444,24.347755,28.051249,23.96906,21.900944,27.921213,25.908638,23.650661,27.433697,28.094412,25.945814,22.198912,25.844942,21.803833,25.989178,25.433733,24.624224,28.148178,22.97656,27.346472,25.220465,20.617815,17.016949,15.800243,13.114509,13.183861,9.513041,12.387149,13.785112,13.829698,16.723778,16.649982,12.863713,15.704359,15.259912,15.258374,11.989878,15.980872,17.318916,17.19429,20.486624,22.482035,23.775267,21.612543,25.146023,19.41991,22.76375,20.011896,22.932064
19,18.48414,15.920723,14.63193,13.281579,10.343064,15.805826,15.156065,17.052616,18.114544,18.176939,23.538221,24.678532,26.602377,21.02848,17.164948,13.762778,10.618836,6.050771,4.5478454,0.0,4.759262,5.309529,8.681307,7.671215,6.25107,6.996237,5.5132675,6.7854514,10.106975,10.480917,17.59148,15.749328,22.488754,23.240946,25.98245,29.674128,29.46045,27.78422,23.97,20.499104,21.885063,17.113033,19.389301,16.278835,13.076732,13.094967,10.809929,10.411622,10.649784,8.733626,11.752075,12.167723,17.02122,18.274221,20.167244,16.990835,17.452522,19.927172,23.630873,24.59543,21.983591,18.615982,23.574205,23.71336,27.847202,24.67273,21.523808,27.271217,25.29411,22.592293,25.84082,25.941647,23.371264,19.62117,22.592701,18.93154,22.664362,22.490927,22.337349,26.221075,21.468987,26.130116,24.256325,19.958847,15.95588,13.760054,11.452701,9.630812,5.2967052,8.128234,9.401166,10.112264,13.164233,13.635236,10.871679,14.125883,12.903097,13.587367,10.881544,13.708785,16.42958,14.975954,18.90072,21.04378,21.478977,19.04399,21.824224,15.869281,18.725052,15.674967,18.477297
20,15.822947,14.177563,14.124841,12.98906,11.191727,17.19745,17.1779,20.288141,21.280827,22.12035,27.35246,28.66777,30.152807,24.571798,20.484253,17.500721,13.8905945,10.253962,5.5899167,4.759262,0.0,3.7633867,4.7119107,4.1847515,5.3060164,5.2332745,7.4230866,8.492589,13.061607,12.443948,20.470701,18.11038,25.075693,25.896544,28.15101,32.1333,31.292269,29.347477,25.795523,22.404768,23.566414,18.584534,21.469555,18.383984,13.900717,15.014289,10.723424,11.238259,9.961105,10.201698,13.501331,14.82068,19.165352,21.27441,22.264328,18.709055,20.231281,22.53764,26.479753,27.436558,24.78807,22.079918,27.376942,27.852139,31.92412,28.539717,25.896872,31.75738,29.926628,27.30125,30.598484,30.658571,28.013672,24.255867,26.892962,23.183973,26.488277,26.123697,26.00859,30.094572,25.527475,30.402155,28.763805,24.439661,20.554184,18.372952,16.198238,13.982935,9.32948,11.118893,10.889504,11.001056,12.419161,13.622165,10.327169,13.962321,14.319008,15.772669,13.937899,17.24338,20.547241,19.328217,23.404907,25.674072,26.083427,23.502958,26.11156,19.960838,22.262697,18.835674,20.879328
21,15.942257,14.012107,13.667496,13.773801,11.848657,17.312443,18.36638,20.445412,22.250023,22.52629,27.94218,29.504,31.629974,26.209705,22.071821,18.928743,15.5766735,11.304396,8.050686,5.309529,3.7633867,0.0,4.181486,5.8594136,6.1428485,7.975628,9.574584,11.243876,15.2297945,15.076641,22.722382,20.39956,27.378895,27.798954,30.474726,34.122097,33.490005,31.871603,28.036482,24.642015,26.322895,21.48646,24.2049,21.128103,17.157503,17.682625,14.049644,13.446268,11.872915,11.010629,14.521487,16.209553,20.651386,22.528227,24.130808,20.915545,22.187088,24.820698,28.396688,29.661243,27.123728,23.8173,28.721643,28.697329,32.95203,29.964077,26.597363,32.186924,30.02007,27.135538,29.881443,29.739445,26.699005,23.294773,25.509615,22.511265,25.514843,25.694006,26.155365,30.349855,26.018335,30.835402,29.081617,24.93716,20.808556,18.21251,15.882838,12.866899,7.9829073,8.398644,7.6691136,7.316471,8.847642,9.994807,7.3448033,11.205509,11.324957,13.42849,12.4917755,15.09148,19.554577,17.751772,22.228632,24.732693,24.633827,21.779158,24.108217,17.756851,19.60796,16.230452,17.788763
22,14.971856,14.125861,14.938188,15.106548,14.061702,19.723087,20.897478,23.8217,25.375149,26.1438,31.460215,33.009933,34.732685,29.217014,25.042953,22.07501,18.483713,14.628456,10.163458,8.681307,4.7119107,4.181486,0.0,4.587173,6.982331,8.054506,11.548733,13.125989,17.67599,17.112371,25.181099,22.70822,29.734013,30.365217,32.62951,36.541767,35.496517,33.618263,30.057499,26.732798,28.064528,23.099854,26.108124,22.98387,18.273525,19.352505,14.592609,14.450362,11.882991,12.639436,16.095886,18.328695,22.2993,24.80623,25.689693,22.2622,24.323534,26.852222,30.539907,31.869293,29.381474,26.525229,31.681667,31.938826,36.161068,33.06745,30.105421,35.81663,33.89455,31.079426,33.964478,33.75267,30.748888,27.220343,29.201082,26.004976,28.682405,28.600878,29.013502,33.351753,29.177227,34.199474,32.70891,28.543331,24.520681,21.941156,19.8483,16.676224,11.871106,12.237717,10.606773,10.1663475,9.653458,11.772317,9.153228,12.930314,14.3084135,16.772734,16.225142,19.060736,23.569345,21.923384,26.3902,28.885324,28.797808,25.93591,28.049908,21.725609,23.187714,19.546452,20.586134
23,18.441307,17.449635,17.901272,16.955015,15.354476,21.376839,21.148647,24.234518,24.995926,25.612846,30.843798,31.781023,33.040024,27.177164,23.56603,20.269508,16.94768,12.962217,9.077743,7.671215,4.1847515,5.8594136,4.587173,0.0,3.517387,3.8320577,8.232528,10.412634,14.84885,15.011948,22.659737,21.026419,27.681593,29.1056,31.091326,35.333576,34.540764,32.298878,29.02742,25.63293,26.06728,20.919222,23.470804,19.919971,15.226682,15.726564,10.831663,10.131646,7.3565626,8.927295,12.149992,14.538238,18.148354,21.006407,21.438099,17.980356,20.531416,23.138876,26.661026,28.301065,26.147192,23.356705,28.556196,29.046741,33.245853,30.38311,27.755684,33.523037,32.275986,29.579433,32.84423,32.44888,29.821331,25.808786,27.766378,23.85172,26.46758,25.821575,25.866762,30.223936,26.181131,31.409473,30.397814,26.345598,22.575485,19.999983,18.688086,15.369775,11.039422,12.731666,11.4406,12.47615,12.451271,15.20079,12.835596,16.71826,17.180191,19.169651,17.642988,20.355646,23.995146,22.170017,26.347984,28.475906,28.45138,25.906408,27.669586,21.701742,23.335638,19.391724,21.089592
24,20.868692,19.31089,19.082224,18.05467,15.789625,21.615294,20.96328,23.270178,23.994284,23.99305,29.272652,29.914452,31.38968,25.41923,22.200636,18.496635,15.640862,11.025662,8.926023,6.25107,5.3060164,6.1428485,6.982331,3.517387,0.0,3.6622214,6.188592,9.373355,13.059957,14.2619505,21.180021,20.227116,26.612759,28.241518,30.470102,34.610737,34.289436,32.12453,28.75446,25.286951,25.601086,20.489256,22.487753,18.671211,14.741547,14.121128,10.3733225,8.075204,5.84842,5.6790533,9.113625,11.62482,15.399697,18.040318,18.968882,15.81427,18.102188,21.060076,24.195305,26.21964,24.33153,20.968039,25.863539,26.08812,30.415453,27.99684,24.986498,30.594574,29.541355,26.758251,29.928911,29.309793,26.738237,22.611912,24.40154,20.408115,22.959908,22.319542,22.4563,26.85882,22.949196,28.232903,27.384134,23.52328,19.753418,16.921934,16.096958,12.271099,8.387582,10.581316,9.63173,11.639353,12.345617,15.173169,13.397099,17.269583,16.737625,18.517918,16.66207,18.753635,22.211504,19.917513,24.015993,25.970833,25.707825,23.290903,24.681078,18.959696,20.589197,16.58255,18.699396
25,20.386154,19.069363,19.080776,17.225985,15.219378,21.257206,19.860527,23.07516,23.141306,23.753738,28.79266,29.308706,30.166948,24.154024,20.935638,17.551151,14.466819,10.802772,7.63762,6.996237,5.2332745,7.975628,8.054506,3.8320577,3.6622214,0.0,5.08447,7.326376,11.552675,12.138739,19.350739,18.268663,24.581507,26.502172,28.293142,32.702957,32.118362,29.680326,26.611042,23.210663,23.062693,17.877602,20.084219,16.340576,11.794366,11.962134,7.1755466,6.641004,4.981438,6.8603334,9.6209135,11.374425,14.995852,17.81024,17.995956,14.374598,16.906288,19.389185,23.021315,24.56657,22.48442,19.885742,25.203482,25.977585,30.042118,27.10087,24.898792,30.751211,29.888674,27.39853,31.04984,30.748165,28.527176,24.22874,26.54213,22.043306,24.981739,23.893242,23.404404,27.57953,23.369526,28.57795,27.715816,23.653465,20.162207,17.902733,16.984407,14.308326,10.62033,13.435764,13.014689,14.556032,15.449602,17.81913,15.224038,18.985857,18.834295,20.175716,17.7883,20.605232,23.173605,21.578167,25.318468,27.127712,27.4241,25.211336,27.091877,21.48371,23.603064,19.773935,22.183681
26,22.3438,20.210913,19.23809,16.883904,14.06824,19.577429,17.194136,19.631098,19.322445,19.424345,24.376371,24.56607,25.548733,19.467594,16.592857,12.8523,10.293238,6.3966894,6.2544346,5.5132675,7.4230866,9.574584,11.548733,8.232528,6.188592,5.08447,0.0,3.9145937,6.9007835,8.751153,15.028973,14.607682,20.613916,22.657242,24.770672,28.991283,28.982481,26.722616,23.499226,20.046213,19.906624,14.895691,16.460571,12.606078,9.399716,8.313805,6.2410946,5.1932974,6.9708104,5.7249904,7.7719307,7.6997294,12.244768,14.035817,15.098707,11.657908,12.841694,15.399257,19.08746,20.42162,18.247513,15.149552,20.407736,21.103785,25.152225,22.175634,19.830105,25.719662,24.87406,22.480152,26.3453,26.220383,24.320717,19.92012,22.813164,18.02671,21.636246,20.491482,19.59669,23.46329,18.822235,23.82604,22.734222,18.598343,15.18691,13.233193,12.492695,10.835422,8.251133,12.100507,13.056761,14.90123,17.226307,18.71971,16.185764,19.584574,18.335014,18.813812,15.553529,18.089167,19.468422,18.017702,21.240488,22.741302,23.331717,21.466908,23.636894,18.479507,21.289017,17.95218,21.213863
27,21.231945,19.01019,17.913473,14.735723,12.058216,17.36075,14.144273,17.4336,16.51097,17.400148,22.064365,22.395647,22.932041,17.003555,13.710598,10.584411,7.4811807,5.664381,4.6996293,6.7854514,8.492589,11.243876,13.125989,10.412634,9.373355,7.326376,3.9145937,0.0,4.944437,4.9893394,12.267179,11.05217,17.360401,19.26497,21.18515,25.508976,25.24799,22.932373,19.75152,16.315788,16.255445,11.197385,13.295864,9.938437,6.3335347,7.0376954,5.311474,7.70194,10.043881,9.576579,11.111182,9.816368,14.217406,15.417086,16.218643,12.553376,12.863859,14.493169,18.96688,19.171867,16.334398,14.185715,19.85604,21.048223,24.673044,20.774384,19.25517,25.356373,24.232668,22.204815,26.450186,26.923628,25.320705,21.09507,24.746677,19.927305,24.114521,22.909655,21.516068,24.889666,19.757954,24.26945,22.686075,18.225454,15.103872,14.138748,12.662468,12.930418,10.50063,14.303898,15.792705,16.896042,19.658348,20.325047,17.055746,20.069502,19.068872,18.901793,15.140974,18.46786,18.748346,18.383614,21.109533,22.539574,23.899143,22.218452,25.255074,20.18957,23.59226,20.710821,24.133188
28,25.359383,22.751123,21.034664,17.647243,14.59013,18.780767,14.368453,16.523266,14.706661,14.879429,19.078213,18.610533,18.919302,12.7463665,10.538581,6.925862,5.684278,5.635827,8.832654,10.106975,13.061607,15.2297945,17.67599,14.84885,13.059957,11.552675,6.9007835,4.944437,0.0,4.844643,8.1857395,8.943155,14.015876,16.579952,18.635029,22.80369,23.357677,21.126528,18.095644,14.793628,14.120431,9.698141,10.201796,6.6215124,6.5146303,4.6766443,7.8840237,9.114364,12.810372,11.211138,11.448043,8.334435,12.434401,12.299536,13.6927595,10.666333,9.07351,10.400061,14.873162,14.7357,11.899229,9.329737,15.006196,16.37779,19.811186,15.859395,14.632246,20.744036,20.051563,18.350939,22.972498,23.598722,22.644037,18.340979,22.444778,17.303469,21.911158,20.432482,18.407549,21.171846,15.75175,19.855566,18.2456,13.833878,11.327188,11.282387,10.62944,12.463423,11.928366,15.994068,18.182482,19.682127,23.01635,23.417854,20.53792,23.233032,21.39682,20.564018,16.257584,18.888798,17.564444,17.411402,19.153637,19.948963,21.665049,20.622982,23.646648,19.560032,23.357183,21.024263,25.014534
29,22.045296,19.578415,18.053474,14.020962,11.513672,15.641554,10.879076,14.773862,12.718781,14.476661,18.484835,18.831144,18.787098,13.209028,9.552128,7.631879,4.5015254,7.013561,7.212521,10.480917,12.443948,15.076641,17.112371,15.011948,14.2619505,12.138739,8.751153,4.9893394,4.844643,0.0,8.492271,6.1378,12.7138,14.421322,16.23155,20.577156,20.27492,17.998293,14.796102,11.378982,11.502379,6.660732,9.237788,7.188541,5.17718,7.5615444,8.24851,11.912773,14.81198,14.229605,15.232325,12.800234,16.848011,17.039808,17.874796,14.474817,13.285258,13.635784,18.681229,17.393286,13.765436,12.854156,18.566587,20.241846,23.198315,18.263763,17.813093,23.914434,22.491611,21.034792,25.647652,26.84421,25.743896,21.85326,26.315248,21.584015,26.360102,25.134476,23.203136,25.832531,20.270876,23.931568,21.744816,17.103985,14.632402,15.017326,13.01316,15.500214,13.8372135,17.492107,19.634464,20.215685,23.55567,23.31819,19.642979,22.01531,20.936886,19.850052,15.550109,19.292116,17.811255,18.77161,20.545126,21.680853,23.966373,22.703209,26.595648,22.012743,26.038242,23.817442,27.515364
30,29.923805,27.176184,25.071493,20.971561,18.36558,20.58971,14.4519005,16.281675,12.298535,13.115757,15.086465,13.535446,11.87679,6.0703654,6.2967916,6.162927,8.123303,12.184858,15.358512,17.59148,20.470701,22.722382,25.181099,22.659737,21.180021,19.350739,15.028973,12.267179,8.1857395,8.492271,0.0,5.74881,6.274834,10.217745,11.616809,15.70387,17.043043,14.839613,12.6132345,10.188109,8.15155,6.732284,4.1259537,4.7874384,9.701566,9.267739,14.085902,16.516935,20.522373,19.184027,18.74678,14.793153,17.366814,15.6842,16.712538,14.762696,10.994034,9.309956,13.975993,10.731104,6.513437,7.568169,12.3076935,14.862958,16.511349,10.699921,12.612746,18.11967,17.693764,17.440952,22.594751,24.262566,24.54122,20.93384,25.876785,21.009335,26.03556,24.350065,21.389097,22.507763,16.976665,19.066458,16.865616,12.872115,12.642655,14.997897,14.423569,18.701174,19.170176,22.947104,25.68121,26.772184,30.595201,30.20342,27.014816,29.044546,27.071047,25.223003,20.520033,23.161377,19.241714,20.7694,20.648005,20.52457,23.536377,23.47581,27.233969,24.41481,28.774488,27.35884,31.642704
31,25.021605,22.285484,20.218689,15.851547,13.701663,15.564507,9.221834,12.720235,8.8651705,11.5873995,14.118664,14.345037,13.471831,8.882064,5.0303516,6.4257145,5.8346972,11.098185,12.573397,15.749328,18.11038,20.39956,22.70822,21.026419,20.227116,18.268663,14.607682,11.05217,8.943155,6.1378,5.74881,0.0,7.218881,8.309978,10.299392,14.457383,14.505492,12.556222,9.167798,5.872885,6.8063583,4.5269675,6.3930187,7.670138,9.270464,11.368495,13.855106,17.480236,20.77275,19.798151,20.370844,17.149431,20.716578,19.774883,20.86314,18.124432,15.394738,14.398997,19.37943,16.397459,12.114604,12.754247,17.642324,19.663076,21.587297,15.599532,16.520567,22.145405,20.351774,19.750595,24.555307,26.590147,26.176088,22.897259,28.059477,23.683023,28.902271,27.754257,25.373192,27.029701,21.276808,23.638203,20.755474,16.284767,14.946385,16.836706,14.6163645,19.04364,18.338285,21.71659,24.439693,24.678572,28.565424,27.509912,23.766275,25.417217,24.052649,22.024302,17.451933,21.060337,17.47585,19.852823,20.246893,20.84827,24.127207,23.496922,28.120155,24.388454,28.91581,27.497435,31.443184
32,31.819695,29.121754,26.929123,22.548063,20.603624,21.346567,14.782744,16.76382,11.796932,13.860172,13.710307,12.256125,8.665542,6.2626853,7.242845,10.320446,12.150497,17.221912,19.620478,22.488754,25.075693,27.378895,29.734013,27.681593,26.612759,24.581507,20.613916,17.360401,14.015876,12.7138,6.274834,7.218881,0.0,5.535696,5.608106,9.6951475,11.291159,9.327855,8.002381,7.215552,5.0716953,8.084596,5.8844175,9.835755,14.0663595,15.085596,19.14353,22.435629,26.26595,25.203156,24.960947,21.063255,23.48862,21.623577,22.410828,20.623413,16.838516,14.349049,18.540222,13.850251,9.7428665,12.820049,16.002413,18.712587,19.032732,12.46568,15.98464,20.423538,19.4966,20.136002,25.083904,27.53485,28.216496,25.314817,30.63109,26.274258,31.45942,29.949987,26.879625,27.335344,21.966908,22.858625,20.115858,16.637018,17.161028,20.163591,18.960442,24.071531,24.40125,27.880125,30.813072,31.352934,35.39289,34.341885,30.795206,32.29141,30.574905,28.17928,23.535347,26.480293,21.482727,24.241837,23.306213,22.961187,26.735483,26.977774,31.426311,28.91635,33.552547,32.590374,36.833523
33,30.24598,27.318405,24.78186,20.668795,19.072859,18.267086,12.049857,13.425127,8.379409,11.456387,10.32388,10.473662,8.115098,8.210751,7.042451,11.420825,12.832892,18.191618,20.308262,23.240946,25.896544,27.798954,30.365217,29.1056,28.241518,26.502172,22.657242,19.26497,16.579952,14.421322,10.217745,8.309978,5.535696,0.0,4.545482,6.4990788,8.041538,7.99374,4.9670496,5.190832,7.84662,10.808492,10.583421,14.075017,17.172552,18.811506,22.059408,25.480701,28.96622,27.593664,27.91848,24.26981,27.404549,25.487898,26.906462,24.913939,21.123014,19.202503,23.345373,18.952667,14.882042,16.802195,19.693806,21.687366,22.06555,15.548215,17.955648,22.059668,19.710253,20.372711,24.803762,27.829575,28.242931,26.039669,31.655157,28.059637,33.48254,32.582836,29.952265,30.463753,24.92275,25.499655,21.894123,18.297497,18.426561,21.521906,19.277954,24.9975,25.111319,28.040361,31.218613,31.09644,35.446224,33.56029,29.922869,30.764107,29.126608,26.237648,21.851646,24.910315,19.357794,23.112455,21.823793,21.70066,25.924826,26.08949,31.30341,28.722786,33.556152,33.082424,37.13017
34,32.203243,29.684578,27.583033,23.127468,21.942173,21.527296,15.239551,17.69534,12.707965,15.955626,14.60967,14.159901,10.2798,10.79504,10.658928,14.640638,15.768372,21.167257,22.627687,25.98245,28.15101,30.474726,32.62951,31.091326,30.470102,28.293142,24.770672,21.18515,18.635029,16.23155,11.616809,10.299392,5.608106,4.545482,0.0,5.1994786,5.764113,4.288251,4.437116,6.3956766,6.2618117,10.938278,10.385703,14.650127,17.79591,19.90839,23.04271,27.025322,30.557531,29.792871,29.90761,26.221285,28.867397,27.182552,27.83568,25.831495,22.34385,19.787313,23.992,19.017101,15.086504,18.418163,21.31352,23.898254,23.809328,17.228424,20.815392,24.754662,23.180597,24.09175,28.694754,31.607536,32.24176,29.792633,35.303696,31.310436,36.61716,35.325493,32.365273,32.740856,27.365639,27.914558,24.802698,21.436167,21.876982,24.931646,23.057018,28.44341,28.33996,31.52153,34.484386,34.46657,38.552635,36.960724,33.079445,34.113033,32.83359,30.1426,25.752346,29.093594,23.808098,27.398458,26.24741,26.04355,30.20205,30.398678,35.412556,32.768036,37.54282,36.785202,40.867424
35,35.068214,32.350353,29.924189,25.839651,24.768955,23.13393,17.445015,18.530146,13.873698,16.722588,13.733815,13.537836,9.81358,13.024772,13.40307,17.756058,19.317638,24.688211,26.561604,29.674128,32.1333,34.122097,36.541767,35.333576,34.610737,32.702957,28.991283,25.508976,22.80369,20.577156,15.70387,14.457383,9.6951475,6.4990788,5.1994786,0.0,4.729631,6.846986,7.345708,10.065946,11.450502,15.9090605,15.217417,19.354843,22.704515,24.519032,27.85101,31.548973,35.104954,33.933422,34.091747,30.304708,33.030502,30.90852,32.020645,30.302435,26.377348,23.86253,27.569448,22.463493,18.859787,21.839348,23.775652,25.967978,25.301062,18.98318,22.52333,25.515667,23.427595,24.833176,28.918148,32.289444,33.204193,31.446775,37.089012,33.70686,39.076458,38.098045,35.22823,35.147278,29.925604,29.648876,26.110626,23.239197,24.095364,27.499111,25.456402,31.350485,31.59556,34.452297,37.668224,37.41289,41.78503,39.682022,35.953808,36.522026,35.035374,31.933823,27.75766,30.710522,24.700289,28.838102,26.94954,26.472225,30.944584,31.47402,36.75629,34.674976,39.542595,39.33247,43.393776
