,0,1,2,3,4,5,6,7,8,9,10,11,12,13,14,15,16,17,18,19,20,21,22,23,24,25,26,27,28,29,30,31,32,33,34,35,36,37,38,39,40,41,42,43,44,45,46,47,48,49,50,51,52,53,54,55,56,57,58,59,60,61,62,63,64,65,66,67,68,69,70,71,72,73,74,75,76,77,78,79,80,81,82,83,84,85,86,87,88,89,90,91,92,93,94,95,96,97,98,99,100,101,102,103,104,105,106,107,108
0,0.0,4.278173,6.4044814,9.863304,12.884388,14.377858,17.810122,20.389746,23.69362,25.970455,29.334341,31.774609,34.06797,32.878662,36.154808,31.124527,32.899464,30.129642,34.721943,32.11629,33.82242,37.195316,39.209377,39.277046,41.12894,41.064022,37.163204,38.985447,35.530624,39.58503,33.282215,39.295288,35.129356,36.58351,34.043293,30.440313,28.412436,31.348125,29.575699,26.427088,25.770544,29.288774,26.767015,22.318205,24.943792,27.68625,23.967499,20.15527,23.716293,24.441652,29.032211,26.475962,30.869905,32.51467,33.723373,35.60926,32.630363,36.665894,39.07332,35.412792,35.494072,40.966892,43.160156,42.77119,39.740685,40.362053,45.87555,46.213093,41.777008,45.43427,47.015972,46.61632,41.064262,42.508255,37.554146,38.792126,35.822445,31.413055,30.361748,25.696415,23.409058,20.37619,19.913881,21.418823,24.752651,24.81299,29.614681,32.51111,36.253193,38.936565,41.97721,44.72538,43.99211,41.056362,37.79451,37.423214,32.08746,33.879192,27.30573,30.177372,26.449667,24.784971,28.963497,30.371893,34.581894,34.431286,38.955452,39.91828,44.45576
1,4.278173,0.0,5.2302957,6.2723083,9.907447,12.807046,14.902598,18.479921,21.239727,23.873693,27.199844,29.51114,31.581772,30.067461,32.948265,27.981705,29.398214,26.634674,30.887291,28.406685,29.967342,33.27229,35.528015,35.629143,37.455894,37.37616,33.729748,35.643932,32.417,36.572224,30.637743,36.91693,32.999493,34.85272,31.996672,28.146206,26.643305,29.774776,27.440659,24.12861,24.28934,27.436956,24.388006,20.35205,23.62524,25.657232,21.449612,18.619461,22.503807,23.710077,27.677055,24.658026,29.65236,31.318836,31.917637,33.320988,30.280506,34.096394,36.917774,33.730263,33.304646,38.69439,41.16751,41.118042,37.98501,38.204998,43.622944,43.723526,39.12723,42.755352,44.060234,43.38874,37.93135,39.02186,34.12732,35.043106,32.02233,27.766834,26.412382,21.975618,19.489681,16.311945,16.104755,17.585423,21.152454,21.167967,26.043747,29.011118,32.63795,35.46276,38.352005,41.216316,40.45828,37.46788,34.228657,33.616737,28.38848,29.834932,23.2,26.009014,22.191616,20.520185,24.743767,26.14802,30.48099,30.370722,34.90148,36.032917,40.516186
2,6.4044814,5.2302957,0.0,5.396583,7.014349,8.381565,11.737312,14.037474,17.448177,19.581387,23.024904,25.381481,27.732233,26.59714,30.233435,25.377728,27.461018,25.186426,30.075706,28.1762,30.486658,33.932495,36.49468,35.621162,37.076206,36.559948,32.54373,33.885998,30.250439,34.03251,27.703894,33.46886,28.994516,30.785782,28.474009,24.669317,22.732273,26.21777,24.50623,21.121359,20.897976,25.078772,22.327717,17.96891,21.228012,24.481716,20.565086,17.276236,21.67923,22.03343,26.045237,24.475431,29.007086,30.009293,31.039907,32.488697,28.922586,32.787346,35.709663,31.876423,31.109005,36.811344,39.019512,38.65669,35.13023,35.421665,40.975853,41.01116,36.804142,40.824818,41.97973,41.641827,36.36068,37.91286,33.003162,34.27102,31.08329,26.474247,25.487667,20.686363,18.475636,15.8381405,15.17803,17.521336,20.399231,21.75686,25.59997,29.447289,32.891075,35.949345,38.981487,41.9333,41.69039,38.868374,35.97134,35.231606,30.164486,31.121243,24.829035,26.796085,23.138971,21.27645,24.942244,26.39806,29.862131,29.954899,34.248993,35.074955,39.676697
3,9.863304,6.2723083,5.396583,0.0,4.0201735,8.453384,8.821613,13.257196,15.362582,18.340204,21.500622,23.755663,25.602486,23.934628,26.689617,21.796541,23.2573,20.782084,25.20426,23.278357,25.351326,28.723541,31.480768,30.755585,32.255516,31.827986,28.146011,29.761375,26.500254,30.542055,24.785917,31.075087,27.242195,29.476032,26.520424,22.437233,21.39486,24.89412,22.232119,18.707054,19.740225,22.977446,19.480314,15.88207,19.948553,21.865791,17.313404,15.605535,20.161484,21.322128,24.387259,21.970526,27.248867,28.402163,28.546844,29.363161,25.864563,29.414528,32.802017,29.756975,28.453762,33.92584,36.53734,36.688263,33.196754,32.973644,38.34082,38.132713,33.61186,37.46194,38.362316,37.632664,32.39151,33.449486,28.596329,29.469244,26.280306,21.886005,20.589201,15.997913,13.590126,10.838514,10.22264,12.431676,15.683796,16.860863,20.880684,24.691463,28.02248,31.196936,34.04966,37.10387,36.78984,33.913532,31.045195,30.079035,25.14676,25.789059,19.4973,21.41517,17.779623,16.058136,19.852758,21.146208,24.974133,24.852922,29.261618,30.24403,34.790913
4,12.884388,9.907447,7.014349,4.0201735,0.0,5.507893,5.0153413,9.299917,11.4441395,14.324817,17.515238,19.769749,21.698864,20.175205,23.387894,18.610302,20.53472,18.567856,23.408257,22.135048,24.815624,28.221968,31.29672,29.720541,30.853382,30.025522,26.14665,27.26181,23.74696,27.488955,21.580185,27.555237,23.392656,25.80683,23.140026,18.949392,17.886848,21.808449,19.382637,15.712798,16.982088,20.854696,17.385788,13.906276,18.236076,20.768486,16.395916,14.98725,19.887438,20.527643,23.174112,21.860985,26.852814,27.436121,27.644726,28.247507,24.31264,27.729956,31.368418,28.049726,26.183287,31.831459,34.332714,34.38809,30.53515,30.154932,35.563953,35.1805,30.933882,35.097065,35.729534,35.168163,30.152447,31.456657,26.654312,27.7018,24.365139,19.738785,18.707918,13.901587,11.796679,9.859858,8.7471485,11.855882,14.273799,16.79817,19.651651,24.247581,27.284489,30.674324,33.54895,36.68466,36.808884,34.10136,31.589964,30.448996,25.82441,25.886309,20.122032,21.13406,17.79676,16.00901,19.096052,20.355795,23.327982,23.364147,27.5089,28.249111,32.857533
5,14.377858,12.807046,8.381565,8.453384,5.507893,0.0,6.2777305,6.6926994,9.873782,12.306481,15.158318,18.008268,20.149317,19.474907,23.331793,18.484646,21.41369,19.632212,25.359297,24.111725,27.460915,31.000622,33.744072,31.447649,32.367798,31.35713,26.853132,27.485691,23.413715,26.747433,20.045778,25.35439,20.792248,22.406624,20.299986,16.58825,14.412428,18.227793,16.936535,13.541092,13.311113,18.421907,15.960253,11.750628,15.257435,19.532883,16.182749,13.389157,18.277466,17.762804,20.831827,21.255722,25.206842,25.178902,26.284489,27.420639,23.216902,26.89443,30.05364,25.764536,24.238787,30.158766,32.13253,31.608002,27.619617,27.791908,33.391014,33.327396,29.538498,33.92063,34.913998,35.004547,29.979034,32.17335,27.36395,29.26856,26.131083,21.196556,21.359621,16.1029,15.177719,14.424448,12.175687,15.027879,16.250406,19.444347,21.331104,26.176634,29.19371,32.421078,35.59807,38.552303,39.123356,36.682854,34.45911,33.654263,29.056587,29.458202,24.288517,24.924417,22.256527,20.75371,23.365932,24.293354,26.590555,26.188614,30.101814,30.120697,34.78666
6,17.810122,14.902598,11.737312,8.821613,5.0153413,6.2777305,0.0,6.0647426,6.6810045,10.053889,12.885309,15.113725,16.786167,15.206244,18.520182,13.894352,16.19053,14.894765,20.01062,19.604301,22.89567,26.228325,29.659538,27.11861,27.790363,26.511433,22.556862,23.11274,19.464178,22.884981,17.105368,22.860003,18.668798,21.500422,18.906233,14.50177,13.9868355,18.35175,15.828636,12.044152,14.324059,18.331045,14.71854,12.146751,16.818438,19.331373,15.214743,15.039903,19.960798,20.305298,21.897898,21.596167,26.336954,26.301579,26.201523,26.25777,21.9323,24.936079,29.002949,25.777647,23.00157,28.649702,31.152514,31.319557,27.101902,26.287418,31.59938,30.898846,26.89517,31.32895,31.524899,31.023905,26.35298,27.768011,23.125032,24.253153,20.80847,16.058456,15.419102,10.583401,9.233998,9.03066,7.181706,10.876471,11.929378,15.978934,17.178135,22.575407,25.10957,28.71748,31.504875,34.715202,35.340515,32.868874,30.846346,29.471111,25.384125,24.687729,19.840923,19.685276,17.013548,15.42853,17.45239,18.437193,20.350433,20.361311,24.129715,24.535044,29.15155
7,20.389746,18.479921,14.037474,13.257196,9.299917,6.6926994,6.0647426,0.0,4.875088,5.6790714,9.113929,11.502678,14.043313,13.6108675,18.65008,14.773169,18.21932,17.971987,23.475803,23.780897,27.602812,30.87234,34.301712,30.929094,31.148214,29.404945,25.138996,24.748901,20.620922,23.064896,16.789732,21.031492,15.503913,18.165253,17.00627,12.999767,11.3118105,16.37155,15.548602,12.148368,13.166451,18.832195,16.368973,13.60732,17.299057,21.541399,18.506006,17.349783,22.12497,21.256126,22.99047,24.585546,28.258932,27.444696,28.154259,28.501425,23.830797,26.790726,30.571547,26.430368,23.505276,29.358686,31.25226,30.806778,26.132177,25.602438,30.995455,30.284214,27.142788,32.019577,32.0799,32.2041,27.995642,30.121952,25.74639,27.379478,24.0102,19.253605,19.290562,14.838289,14.242285,14.580325,12.950871,16.476686,16.559551,21.224352,21.319704,27.055124,29.302183,32.865116,35.7312,38.846195,39.931023,37.707424,36.004116,34.693485,30.827202,29.975325,25.625795,24.956457,22.585606,20.920979,22.244091,23.28865,23.9386,24.32712,27.444677,27.407595,31.90254
8,23.69362,21.239727,17.448177,15.362582,11.4441395,9.873782,6.6810045,4.875088,0.0,4.783824,6.3057213,9.035176,10.508701,9.658942,13.930424,9.922624,13.554205,13.689969,19.208818,19.984194,24.083527,27.214052,30.736609,26.82082,26.765867,24.827198,20.593594,19.94998,15.859672,18.25914,12.263549,16.878284,12.055813,15.238071,13.380786,8.969669,8.718855,13.820223,12.186566,8.820277,11.569756,16.215952,13.413225,12.091466,16.061672,19.26926,16.39183,16.823915,21.298143,20.748522,21.237286,22.96942,26.674406,25.616867,25.649117,25.34201,20.586975,23.037615,27.229342,23.671358,19.93188,25.561598,27.671432,27.622616,22.848969,21.732376,26.94269,25.950865,22.722689,27.635729,27.386929,27.39746,23.370697,25.438232,21.221407,22.89647,19.616049,14.94247,15.602864,11.41606,11.920056,13.662265,11.429112,14.533932,13.519449,18.829557,17.694323,23.698408,25.513618,29.126196,31.864788,34.972816,36.358963,34.337116,33.014202,31.602245,28.216002,26.962044,23.503757,22.114063,20.552341,19.366817,19.997911,20.511995,20.646202,20.501257,23.37341,22.933619,27.391
9,25.970455,23.873693,19.581387,18.340204,14.324817,12.306481,10.053889,5.6790714,4.783824,0.0,4.3911653,5.870837,8.80602,8.867468,15.006601,12.570612,16.30436,17.537958,22.514957,24.102793,28.195736,31.129076,34.933342,30.695833,30.28898,27.96213,24.026667,22.6759,18.70152,20.0799,14.671797,17.453432,11.219585,14.981856,14.843351,11.045816,10.361076,15.779034,15.417396,12.614363,14.550626,19.861877,17.662746,16.321428,19.740116,23.60593,21.061565,21.058592,25.499126,24.455566,25.089226,27.487217,30.802265,29.417067,29.771654,29.478241,24.655071,26.862703,30.990387,27.155743,23.19969,28.69763,30.45499,30.11884,25.044641,23.87453,28.857832,27.573215,25.151121,30.298344,29.534328,29.732277,26.409595,28.479578,24.685472,26.119778,22.77361,18.497366,18.68582,15.381626,15.428711,16.808165,15.548144,18.966816,18.046553,23.446533,22.036436,28.15351,29.676687,33.35436,35.916565,39.05474,40.593803,38.638554,37.439648,35.823883,32.657597,30.93505,27.537888,25.843098,24.032555,22.489674,22.635838,23.551441,22.678062,23.523937,25.751379,25.493313,29.676699
10,29.334341,27.199844,23.024904,21.500622,17.515238,15.158318,12.885309,9.113929,6.3057213,4.3911653,0.0,3.8983114,5.4912367,6.722309,12.417318,10.595005,14.754332,16.445139,21.43878,23.310852,27.704685,30.497374,34.091515,29.230537,28.497007,25.976866,21.918568,20.010159,15.962364,16.642477,11.425804,13.19843,6.8308263,10.877388,11.109305,7.869357,7.900193,12.96054,13.048984,11.095794,13.267839,17.998314,16.37867,16.062248,18.894043,22.525099,20.745874,21.347364,25.28507,24.0272,23.775158,27.001537,29.737032,27.877762,28.113539,27.543528,22.720026,24.473309,28.542233,24.803377,20.392004,25.600166,27.135813,26.788448,21.577742,20.175951,24.945208,23.550539,21.584837,26.821587,25.928677,26.47443,23.520952,26.010153,22.563862,24.438232,21.467873,17.468185,18.723118,15.770636,16.91226,19.180948,17.27442,20.097368,18.242836,23.870426,21.368439,27.449453,28.58799,32.098717,34.63834,37.60791,39.554737,37.907513,37.122803,35.6296,32.85151,31.096348,28.565426,26.410763,25.42348,24.350906,24.038439,24.406523,23.021523,23.172579,24.97514,23.996002,27.991528
11,31.774609,29.51114,25.381481,23.755663,19.769749,18.008268,15.113725,11.502678,9.035176,5.870837,3.8983114,0.0,3.7674065,5.282424,12.04346,11.865024,15.450378,18.102816,22.213778,24.953606,29.17299,31.68165,35.676407,30.646847,29.598171,26.746384,23.298512,20.941505,17.409685,17.375002,13.58078,14.192191,7.782606,12.731557,13.745616,10.895732,11.612362,16.37362,16.410982,14.589247,17.124538,21.529835,19.735455,19.72734,22.71714,25.985287,24.025402,25.007408,29.004322,27.882236,27.461618,30.48698,33.38009,31.508635,31.476662,30.557734,25.7961,27.138617,31.455442,28.10816,23.29327,28.134182,29.700647,29.532658,24.26718,22.413157,26.701918,24.800938,23.291689,28.525307,26.878769,27.183935,24.972813,26.95791,23.972012,25.219927,22.141962,18.686357,19.237356,17.294455,18.082373,20.31481,19.211264,22.218525,20.425442,26.146933,23.367048,29.533958,30.29071,33.932323,36.14662,39.207466,41.20924,39.59186,38.944374,37.12149,34.70862,32.286884,29.983988,27.402176,26.3305,25.078775,24.159084,24.765305,22.449018,23.48332,24.651354,24.008766,27.680048
12,34.06797,31.581772,27.732233,25.602486,21.698864,20.149317,16.786167,14.043313,10.508701,8.80602,5.4912367,3.7674065,0.0,3.4344578,8.951524,9.852236,13.25984,16.42122,20.122948,23.234829,27.52568,29.81565,33.718464,28.285181,26.950592,23.932478,20.653801,17.869123,14.600203,13.942774,11.158198,11.049033,5.720304,11.180363,11.8736,9.555103,11.513939,15.497298,15.219482,14.017097,17.153069,20.51073,18.837523,19.786324,22.583763,25.096394,23.499807,25.28111,28.8991,27.942057,26.735361,29.884094,32.591034,30.548603,30.099298,28.74383,24.124825,24.923058,29.356388,26.526619,21.24157,25.617062,27.224487,27.343655,22.130692,19.78424,23.688904,21.493122,20.191288,25.3745,23.378593,23.695219,21.911823,23.901415,21.314594,22.63221,19.862293,16.873894,18.072416,16.722446,18.256638,21.144442,19.7149,22.199734,19.77669,25.525768,21.910175,27.93828,28.277111,31.802734,33.86717,36.82004,39.084625,37.699806,37.396027,35.584373,33.602196,31.009779,29.490702,26.495329,26.116673,25.278618,23.937868,24.071888,21.353106,21.832079,22.58067,21.435253,24.890966
13,32.878662,30.067461,26.59714,23.934628,20.175205,19.474907,15.206244,13.6108675,9.658942,8.867468,6.722309,5.282424,3.4344578,0.0,7.008421,7.8345385,10.686683,14.118355,17.401796,20.79053,24.877783,27.100016,31.28155,26.085066,24.827547,21.822351,18.852793,16.386204,13.397023,13.415698,11.031865,12.532214,8.415342,13.74394,13.215342,10.095724,12.62565,16.767864,15.412726,13.731653,17.679308,20.579672,18.178547,19.27614,22.656996,24.458656,22.307146,24.624468,28.395294,27.946405,26.716736,28.996368,32.284748,30.607742,29.70416,28.085424,23.534878,24.288082,29.086348,26.764147,21.360643,25.724697,27.786007,28.309452,23.259727,20.648033,24.572008,22.254198,20.284292,25.322966,23.161947,22.889223,20.91185,22.265162,19.542097,20.292772,17.227076,14.295088,14.881549,13.984721,15.351578,18.361153,17.282413,19.75011,17.44814,23.165594,19.638985,25.726585,26.010487,29.704992,31.617502,34.720917,36.787445,35.268696,34.87476,32.853657,30.958582,28.047115,26.518589,23.385042,22.951227,22.114466,20.57469,20.745731,17.957464,18.70064,19.534151,18.795511,22.403828
14,36.154808,32.948265,30.233435,26.689617,23.387894,23.331793,18.520182,18.65008,13.930424,15.006601,12.417318,12.04346,8.951524,7.008421,0.0,5.6417675,6.0729933,10.569824,12.239886,16.416473,20.377003,22.071892,26.08703,20.314491,18.568365,15.291993,12.948517,9.906994,8.177772,7.697073,8.897645,10.83107,11.151708,15.320299,13.179699,11.065089,15.105297,17.528101,14.937495,14.2655945,19.12108,19.60795,17.102097,19.886581,23.018867,22.83059,21.120369,25.048735,28.030678,28.23465,25.71261,27.449371,30.67861,29.056953,27.084333,24.510183,20.536081,20.1465,25.286554,24.471617,18.481447,21.686281,24.196985,25.602163,21.133503,17.61423,20.636227,17.858677,15.487188,20.007692,17.179045,16.27433,14.856231,15.592801,13.611716,14.103139,11.668486,10.172725,12.122864,12.869785,15.583686,19.53468,17.98292,19.105026,15.810075,21.031605,16.033876,21.51757,20.90136,24.379581,25.899807,28.85045,31.27302,30.13975,30.361582,28.332695,27.352896,24.116047,24.251013,20.417913,21.49824,21.62672,19.432426,18.494585,15.365443,14.457209,14.549678,12.685258,16.056894
15,31.124527,27.981705,25.377728,21.796541,18.610302,18.484646,13.894352,14.773169,9.922624,12.570612,10.595005,11.865024,9.852236,7.8345385,5.6417675,0.0,4.4655604,6.60328,11.075254,13.424289,17.840937,20.322021,23.979311,18.817715,17.968622,15.491353,11.651425,10.250365,6.729236,9.260459,6.2214036,11.680417,11.09313,14.552123,11.04508,7.672018,11.492544,14.158208,10.64795,9.222027,14.458033,15.080415,11.965208,14.427004,17.939402,17.885527,15.752164,19.492214,22.677605,23.033972,20.961658,22.328608,25.920658,24.61529,22.882555,20.838799,16.507586,17.13279,22.25298,20.821049,15.389128,19.656757,22.409325,23.594152,19.156218,16.387379,20.551615,18.728176,15.11914,19.770136,18.498669,17.862417,14.430675,15.928141,12.333153,13.860682,11.010539,7.2884235,10.16558,8.551053,11.77205,15.745333,13.234091,14.284172,10.929545,16.450293,12.133474,18.106415,18.505627,22.102274,24.311771,27.347898,29.39988,27.921967,27.58507,25.935846,23.997555,21.760393,20.869837,17.863447,18.561567,18.70063,17.668943,16.712545,15.582207,13.69455,15.634325,13.941806,18.208532
16,32.899464,29.398214,27.461018,23.2573,20.53472,21.41369,16.19053,18.21932,13.554205,16.30436,14.754332,15.450378,13.25984,10.686683,6.0729933,4.4655604,0.0,4.925583,6.899737,10.5511055,14.541584,16.584497,20.67079,15.489438,14.441546,11.8106785,9.03196,8.107818,6.575587,9.425922,9.371953,14.430113,15.051089,18.495628,14.778496,11.91704,15.814762,17.971216,13.905039,12.715697,18.125,17.568184,14.056281,17.065847,20.718904,19.210125,16.782846,21.534489,24.41743,25.457832,22.976252,23.187922,27.21759,26.307259,23.737,21.00899,17.290506,17.187166,22.642805,22.48047,16.995396,20.353342,23.554628,25.38931,21.48724,18.27573,21.689257,19.562157,15.614613,19.53788,17.703882,16.078499,12.9863205,13.0056095,9.732896,9.927228,6.7492485,4.125702,7.0361533,7.834683,11.24549,15.509542,13.582071,13.83394,10.361559,15.199621,10.203997,15.794354,15.50305,19.256596,20.973955,24.15833,26.144712,24.691086,24.581873,22.570255,21.315903,18.304672,18.392214,14.708339,16.217184,16.86681,15.1387005,13.60939,12.177528,9.5549135,11.28108,9.581493,13.99754
17,30.129642,26.634674,25.186426,20.782084,18.567856,19.632212,14.894765,17.971987,13.689969,17.537958,16.445139,18.102816,16.42122,14.118355,10.569824,6.60328,4.925583,0.0,6.51602,6.9160433,11.427909,14.233255,17.664263,13.184504,13.182353,11.739215,7.7807603,9.147719,7.189655,11.712502,9.920069,16.471504,17.275408,19.776243,15.144095,12.23381,15.554339,17.08947,12.229755,10.923924,16.18246,14.674852,10.621836,13.793719,17.506151,15.050286,12.277142,17.565693,20.178408,21.74327,19.307226,18.575537,23.015026,22.58561,19.79463,17.26012,13.671164,14.19163,19.564646,19.52536,14.840927,18.49008,21.982216,23.873476,20.479033,17.893122,21.735508,20.42715,15.573014,19.02813,18.566755,17.097414,12.461595,12.940697,8.368328,9.699536,6.9963217,2.2986622,7.259046,5.7227197,9.938522,14.069501,11.049701,10.179603,6.1303105,10.674054,5.6154246,11.608582,12.266668,16.025263,18.391335,21.561619,23.219103,21.528242,21.011871,19.486567,17.477028,15.668296,15.319878,12.531336,14.318517,15.44645,14.943849,13.010008,13.946235,9.79861,13.120476,11.389656,15.98056
18,34.721943,30.887291,30.075706,25.20426,23.408257,25.359297,20.01062,23.475803,19.208818,22.514957,21.43878,22.213778,20.122948,17.401796,12.239886,11.075254,6.899737,6.51602,0.0,5.9708414,8.531071,9.886674,14.406808,9.7959385,9.118139,7.369671,7.0006785,8.800239,10.10007,13.338726,14.822778,20.04303,21.759798,24.689806,20.375978,17.918772,21.64614,23.029148,18.289623,17.364279,22.632593,20.4841,16.698578,20.11424,23.676311,20.137589,17.512835,23.342451,25.521584,27.579931,24.695301,23.020594,27.562689,27.418327,23.768036,20.357407,17.898317,17.085102,22.497515,24.07668,19.266464,21.383099,25.118114,27.709581,24.843048,21.610046,24.204021,22.292559,17.74507,20.120842,18.488516,15.675529,12.555594,10.197359,7.424594,4.7803674,1.3268013,4.4725704,6.3522997,9.541777,12.605863,16.518476,15.003841,13.576625,10.478868,12.885016,7.683414,11.300679,9.986768,13.8465605,14.889751,18.295578,19.933907,18.422953,18.555815,16.194191,15.96201,12.238838,14.308792,10.070991,13.466208,15.315951,13.363937,10.533219,10.551627,4.7904773,7.3402033,5.6205363,10.095413
19,32.11629,28.406685,28.1762,23.278357,22.135048,24.111725,19.604301,23.780897,19.984194,24.102793,23.310852,24.953606,23.234829,20.79053,16.416473,13.424289,10.5511055,6.9160433,5.9708414,0.0,4.726111,7.79838,10.84407,7.635003,9.054506,9.567465,7.5504637,11.370079,11.785219,16.11253,15.905212,22.163906,23.972565,26.001642,20.996765,18.668303,21.753847,22.421553,17.280931,16.467175,21.120367,17.960669,14.104224,17.448061,20.679865,15.968084,13.282505,19.504387,21.05386,23.732674,20.898178,17.942482,22.821201,23.315327,19.370354,16.196991,14.350361,14.136765,19.116302,20.995209,17.410757,19.574461,23.491234,26.079096,23.897139,21.442844,24.403097,23.43808,18.160728,19.93486,19.985725,17.683372,12.960856,11.663811,7.6639767,7.6159053,6.845514,6.5662165,9.397406,9.755447,12.962267,16.339506,13.769659,10.934173,7.941347,8.162482,3.0776658,5.525498,5.8131127,9.8222275,12.062125,15.405199,16.545393,14.661767,14.180167,12.707628,11.283513,9.85582,11.579346,9.100391,12.862568,15.267305,15.04598,12.057335,14.808168,8.772307,12.555315,11.003656,14.834115
20,33.82242,29.967342,30.486658,25.351326,24.815624,27.460915,22.89567,27.602812,24.083527,28.195736,27.704685,29.17299,27.52568,24.877783,20.377003,17.840937,14.541584,11.427909,8.531071,4.726111,0.0,3.6913679,7.194009,6.8896937,9.220829,10.904071,10.990738,14.958524,16.192053,20.19349,20.596685,26.67792,28.580858,30.71262,25.708364,23.369844,26.385342,27.039625,21.875795,21.001276,25.48986,22.10714,18.318457,21.34477,24.517834,19.224443,16.464886,22.589172,23.788845,26.964123,24.266222,20.136824,25.223038,26.27656,21.959074,18.704174,17.828686,17.34386,21.805769,24.49484,21.46528,22.95066,26.925787,29.768553,28.063454,25.636002,28.14361,27.193308,21.984913,22.996428,22.984911,20.190317,16.102812,13.609187,10.910542,9.278825,9.408173,10.656912,11.722879,13.135588,15.3961,18.089514,16.32227,13.033156,11.321912,9.3308935,7.2085075,5.26939,4.6362615,8.107579,9.383657,12.904149,13.128992,10.826514,10.17396,8.110461,7.7369003,5.719507,9.703233,7.621242,12.356895,15.3541155,15.149592,11.840675,15.468694,9.461345,12.959825,12.303607,15.180582
21,37.195316,33.27229,33.932495,28.723541,28.221968,31.000622,26.228325,30.87234,27.214052,31.129076,30.497374,31.68165,29.81565,27.100016,22.071892,20.322021,16.584497,14.233255,9.886674,7.79838,3.6913679,0.0,5.599135,6.374551,8.407951,10.534839,12.3591795,16.091125,18.195255,21.661423,23.11374,28.689959,31.026716,33.261745,28.362207,26.22796,29.491165,30.047487,24.942888,24.264956,28.863205,25.263666,21.666983,24.919716,27.970387,22.465408,20.023418,26.208342,27.20167,30.40719,27.430033,23.318718,28.12646,29.155594,24.565681,20.97023,20.567877,19.451256,23.750132,27.103897,23.95463,24.734133,28.703661,31.8241,30.360378,27.666983,29.577463,28.412,23.471628,23.935835,23.478548,20.240206,17.064728,13.545975,12.174839,9.412934,10.475966,13.089454,13.721893,16.17354,18.261839,20.908781,19.624935,16.4905,14.851482,12.908891,10.633519,8.0301485,5.6502886,7.9318686,7.515462,11.060454,11.158168,9.153242,9.445044,6.692218,8.8762,5.5957127,11.672087,9.2092285,14.284229,17.383938,16.524168,13.079916,16.038202,10.192136,12.518638,12.022301,13.814219
22,39.209377,35.528015,36.49468,31.480768,31.29672,33.744072,29.659538,34.301712,30.736609,34.933342,34.091515,35.676407,33.718464,31.28155,26.08703,23.979311,20.67079,17.664263,14.406808,10.84407,7.194009,5.599135,0.0,6.7349257,9.740134,13.112836,14.530005,18.67056,20.820047,24.300127,25.650406,31.168966,34.16934,35.657394,30.480124,28.89961,31.931107,31.640131,26.613619,26.466312,30.469322,25.875744,22.917706,26.333906,28.595533,22.205227,20.667658,26.797915,26.769003,30.259954,26.916714,22.251637,26.4438,27.825203,22.8604,19.248354,20.149637,18.731012,21.989742,26.276089,24.17237,24.020676,27.877642,31.17087,30.633839,28.3746,29.834982,29.28396,24.29367,23.713055,24.279575,21.378834,17.987951,15.041158,14.1191025,12.863389,14.841307,17.046766,18.704538,20.169134,22.535933,25.023623,23.109861,19.47631,17.833063,14.767486,13.131944,7.970084,5.7575994,4.513382,3.6857646,6.493163,5.9355206,4.0578,5.7076306,5.4391465,8.5454235,9.104919,14.808039,13.845843,18.646944,21.833357,21.66085,18.29921,21.611752,15.619259,17.802526,16.526672,17.80601
23,39.277046,35.629143,35.621162,30.755585,29.720541,31.447649,27.11861,30.929094,26.82082,30.695833,29.230537,30.646847,28.285181,26.085066,20.314491,18.817715,15.489438,13.184504,9.7959385,7.635003,6.8896937,6.374551,6.7349257,0.0,3.4086995,6.7674136,8.18388,12.112943,14.754849,17.794767,20.016123,24.920626,28.46398,29.923431,24.949167,23.755066,27.2124,26.792786,21.95643,22.222464,26.5634,22.01742,19.284746,23.437115,25.643747,19.815044,18.737463,25.171684,25.511768,28.291328,24.335379,21.489067,25.185747,25.580956,20.741354,16.546968,16.572353,14.405499,18.583118,22.630545,19.334711,19.112286,23.014528,26.390427,25.379782,22.596865,23.870474,22.91617,18.081642,17.859627,17.810375,14.844467,11.515665,8.383817,7.706824,6.94488,9.77834,12.495818,15.481774,17.140879,20.366663,23.73914,21.399378,18.393656,15.470375,14.612573,10.16124,7.5880537,3.498133,4.921259,5.617659,8.674885,11.033777,10.51225,12.167406,11.262522,12.866965,11.65426,16.59192,14.036887,18.848656,21.66636,20.72511,17.3248,19.044079,12.647433,14.229669,11.49651,13.154543
24,41.12894,37.455894,37.076206,32.255516,30.853382,32.367798,27.790363,31.148214,26.765867,30.28898,28.497007,29.598171,26.950592,24.827547,18.568365,17.968622,14.441546,13.182353,9.118139,9.054506,9.220829,8.407951,9.740134,3.4086995,0.0,3.7647462,6.9631515,10.019033,13.471854,15.751678,19.105255,23.263018,27.191484,28.799704,24.124533,23.167803,26.939466,26.564491,21.960842,22.414543,26.970013,22.64319,20.08271,24.489292,26.703297,21.350895,20.460106,26.859629,27.415787,29.825153,25.645317,23.687061,27.06652,26.990477,22.295765,17.91536,17.566412,14.91769,19.341852,23.30577,19.3148,18.813385,22.597443,26.055338,24.814375,21.587694,22.418524,20.996103,16.587395,16.40371,15.421924,12.048158,9.775762,5.5059886,6.489735,4.9475155,8.649644,12.216687,15.352714,17.619022,21.007257,24.6872,22.507277,19.963648,16.684053,16.86295,11.580655,10.521419,6.6670966,8.082316,7.9967,10.573593,13.4757185,13.3819275,15.340189,14.068741,15.955132,13.785122,18.722418,15.44674,20.173275,22.783607,21.21513,17.879988,18.407814,12.283441,12.803474,9.339506,10.472153
25,41.064022,37.37616,36.559948,31.827986,30.025522,31.35713,26.511433,29.404945,24.827198,27.96213,25.976866,26.746384,23.932478,21.822351,15.291993,15.491353,11.8106785,11.739215,7.369671,9.567465,10.904071,10.534839,13.112836,6.7674136,3.7647462,0.0,5.533687,7.1897683,11.135189,12.826467,16.932455,20.580963,24.440004,26.422337,22.104403,21.101147,25.126347,25.120049,20.732492,21.11317,25.945488,22.266684,19.645134,24.064217,26.513296,21.968884,20.915417,27.140732,28.194908,30.19872,26.110285,24.981709,28.34991,27.85574,23.545338,19.272696,18.088196,15.525599,20.399332,23.638966,18.862213,18.818659,22.468048,25.743097,23.877127,20.25728,21.170633,19.18362,15.116998,15.765775,13.703525,10.10311,8.581566,3.7918975,5.335537,2.6149766,6.4435453,10.494112,13.665831,16.375002,19.837187,23.781067,21.79446,19.864283,16.322382,17.725525,11.832438,12.67073,9.387061,11.590782,11.700382,14.298404,17.164936,16.90649,18.570446,16.87236,18.354055,15.362768,19.63693,15.738027,20.056765,22.304646,20.222746,17.119188,16.469494,10.867496,10.620512,6.3869686,7.906257
26,37.163204,33.729748,32.54373,28.146011,26.14665,26.853132,22.556862,25.138996,20.593594,24.026667,21.918568,23.298512,20.653801,18.852793,12.948517,11.651425,9.03196,7.7807603,7.0006785,7.5504637,10.990738,12.3591795,14.530005,8.18388,6.9631515,5.533687,0.0,4.4405127,6.6305623,9.7944975,12.151669,16.78415,20.434896,21.945993,17.216425,16.24127,20.06515,19.801924,15.29557,15.855349,20.509624,16.75532,14.226279,18.799948,21.060562,16.872437,16.0734,22.10388,23.212133,24.914839,20.861347,20.427954,23.65076,22.902054,18.992216,15.064352,13.04548,11.032565,16.36538,18.65345,13.711035,14.727198,18.47764,21.38823,19.13894,15.83383,17.850422,16.38363,11.469989,13.259507,12.502738,10.32199,5.7732754,5.399885,0.7049195,5.1467257,6.402552,7.5288444,12.476832,13.269536,17.291496,21.371605,18.503714,16.708218,12.65844,14.873999,8.469517,10.883034,9.194946,11.899824,13.70646,16.314915,19.066185,18.416138,19.336573,18.233395,18.089636,16.362167,18.98789,15.73482,19.356998,21.30472,20.058796,17.255322,17.358839,11.746215,13.169652,9.232857,12.446097
27,38.985447,35.643932,33.885998,29.761375,27.26181,27.485691,23.11274,24.748901,19.94998,22.6759,20.010159,20.941505,17.869123,16.386204,9.906994,10.250365,8.107818,9.147719,8.800239,11.370079,14.958524,16.091125,18.67056,12.112943,10.019033,7.1897683,4.4405127,0.0,4.6064377,5.776426,10.270699,13.403014,17.578959,19.309862,15.234182,14.709866,18.894022,18.783512,14.988752,15.8170595,20.511068,17.532455,15.49144,20.014935,22.166819,19.138199,18.61686,24.111385,25.534597,26.589582,22.516933,23.3749,26.095747,24.727516,21.363274,17.632807,15.083021,12.9432955,18.129122,19.714039,13.956799,14.991608,18.251297,20.923649,18.070618,14.173897,15.874251,13.598383,9.560223,12.296661,10.044147,8.129314,5.446448,6.086084,4.8373423,7.238371,7.7875633,8.781548,13.472802,14.551564,18.521265,22.790833,20.152521,19.17359,15.024459,18.34326,11.945584,15.2509165,13.543887,16.129917,17.564028,19.992285,23.01784,22.567184,23.648327,22.31544,22.298195,19.978735,22.315123,18.626375,21.779428,23.292551,21.507833,19.07586,17.73706,13.233676,13.528277,9.251459,12.103006
28,35.530624,32.417,30.250439,26.500254,23.74696,23.413715,19.464178,20.620922,15.859672,18.70152,15.962364,17.409685,14.600203,13.397023,8.177772,6.729236,6.575587,7.189655,10.10007,11.785219,16.192053,18.195255,20.820047,14.754849,13.471854,11.135189,6.6305623,4.6064377,0.0,4.8848834,5.811215,10.522394,13.83126,15.477836,11.061307,10.170751,14.308208,14.458068,10.623468,11.347801,16.061451,13.825735,11.747885,16.021582,18.253084,16.317635,15.7146015,20.577839,22.406534,23.020725,19.387098,21.00881,23.719385,22.129362,19.516478,16.540533,12.957881,12.023249,17.249292,17.293592,11.333497,14.093107,17.142065,19.118088,15.482774,11.99374,15.217026,13.422959,9.094257,13.264117,12.195995,11.671271,7.784806,10.296279,7.182778,10.448871,9.529994,7.8403416,12.95268,12.346384,16.41922,20.61753,17.505518,17.049313,12.844269,17.061575,11.160037,15.708694,15.2100935,18.100933,20.267756,22.820255,25.540625,24.711937,25.17677,24.035122,22.943193,21.22041,22.159203,18.985592,21.278503,22.355885,21.178267,19.206816,18.330687,14.398882,15.725018,12.248927,15.8854065
29,39.58503,36.572224,34.03251,30.542055,27.488955,26.747433,22.884981,23.064896,18.25914,20.0799,16.642477,17.375002,13.942774,13.415698,7.697073,9.260459,9.425922,11.712502,13.338726,16.11253,20.19349,21.661423,24.300127,17.794767,15.751678,12.826467,9.7944975,5.776426,4.8848834,0.0,7.3199825,7.877375,12.773406,14.331856,11.2215185,11.606045,15.815098,15.700894,13.234054,14.5044775,18.675669,16.881924,15.735757,19.860779,21.593552,20.305716,20.269787,24.718266,26.429296,26.54374,22.68415,25.259468,27.253662,25.141117,22.792412,19.742563,16.46096,14.838921,19.504498,19.5749,13.344803,15.0452385,17.386372,19.256914,15.468528,11.329321,13.359232,10.524434,8.072574,12.457397,9.790022,9.889396,8.662366,11.246827,10.222379,12.815197,12.427762,11.893553,16.272993,16.445932,20.237314,24.450823,21.719025,21.663157,17.549763,21.8938,15.883571,20.076628,18.965118,21.526943,23.216728,25.493814,28.62291,28.17915,29.094673,27.839502,27.31612,25.117975,26.529564,22.94479,25.272255,26.193958,24.435085,22.60415,20.490751,17.309963,17.36308,13.587573,16.235867
30,33.282215,30.637743,27.703894,24.785917,21.580185,20.045778,17.105368,16.789732,12.263549,14.671797,11.425804,13.58078,11.158198,11.031865,8.897645,6.2214036,9.371953,9.920069,14.822778,15.905212,20.596685,23.11374,25.650406,20.016123,19.105255,16.932455,12.151669,10.270699,5.811215,7.3199825,0.0,7.2372737,8.974291,10.150066,5.574405,4.620004,8.757649,9.254942,6.4815774,7.4261703,11.508416,11.170886,9.947754,13.236648,15.113239,15.541949,15.258381,18.506668,20.789114,20.383364,17.480623,20.73059,22.878017,20.750275,19.525438,17.765184,13.335532,13.804349,18.237467,16.101274,10.384848,14.802889,16.96421,17.73514,13.056917,10.442145,15.084185,13.858005,10.54619,15.633069,15.392615,16.151272,12.46037,15.951973,12.668708,16.080458,14.514531,11.318475,15.71472,13.386899,16.997786,20.78065,17.3315,17.834618,14.063208,19.004908,14.316513,19.464025,19.90498,22.782425,25.399437,27.896032,30.45539,29.43395,29.450998,28.527586,26.565825,25.403227,24.996271,22.416586,23.646185,24.084898,23.490711,22.197422,21.427177,18.551622,20.281975,17.432331,21.234829
31,39.295288,36.91693,33.46886,31.075087,27.555237,25.35439,22.860003,21.031492,16.878284,17.453432,13.19843,14.192191,11.049033,12.532214,10.83107,11.680417,14.430113,16.471504,20.04303,22.163906,26.67792,28.689959,31.168966,24.920626,23.263018,20.580963,16.78415,13.403014,10.522394,7.877375,7.2372737,0.0,7.0890875,7.0110188,6.4014072,8.863239,11.83797,11.434701,11.779738,13.545405,15.96181,16.14538,16.456038,19.423962,20.252071,21.46927,22.089176,24.726072,26.628542,25.456352,22.286839,26.868614,27.846119,24.961552,24.223722,22.441305,18.558544,18.080738,21.624239,19.42768,13.795613,16.601103,17.472883,17.71272,12.824619,9.786233,12.850863,10.789611,10.748324,15.78108,14.440789,16.342943,15.067445,18.822994,17.21799,20.371534,19.376152,17.348543,21.347595,19.97905,23.309504,27.068487,24.076473,24.92522,21.185152,26.144444,21.047264,25.808834,25.560686,28.085316,30.29434,32.461666,35.538555,34.9731,35.518906,34.540623,33.180584,31.578186,31.76543,28.71331,30.076323,30.373802,29.149483,27.974394,25.894419,23.692574,24.178398,20.97404,23.808376
32,35.129356,32.999493,28.994516,27.242195,23.392656,20.792248,18.668798,15.503913,12.055813,11.219585,6.8308263,7.782606,5.720304,8.415342,11.151708,11.09313,15.051089,17.275408,21.759798,23.972565,28.580858,31.026716,34.16934,28.46398,27.191484,24.440004,20.434896,17.578959,13.83126,12.773406,8.974291,7.0890875,0.0,5.4732456,7.2456746,6.9709024,8.46507,11.062003,12.168477,12.226912,14.2176075,17.293705,16.900364,18.148586,19.768002,22.761425,22.312708,23.693151,26.662811,25.128208,23.508644,27.903486,29.574266,26.997213,27.047739,26.035912,21.493187,22.295965,26.040812,22.635307,17.637705,21.934898,22.924795,22.537403,17.239979,15.384679,19.45384,17.819899,17.069187,22.30371,21.136927,22.420588,20.402672,23.578148,21.008644,23.529566,21.406073,18.261675,20.935892,18.778374,21.10171,24.195051,21.718584,23.664364,20.757473,26.290098,22.36947,28.018091,28.482141,31.576862,33.98728,36.59241,39.16348,38.052242,37.936623,36.665947,34.557796,32.800907,31.580046,28.876932,29.019476,28.563711,27.680424,27.335196,25.291487,24.474796,25.484144,23.399889,26.834785
33,36.58351,34.85272,30.785782,29.476032,25.80683,22.406624,21.500422,18.165253,15.238071,14.981856,10.877388,12.731557,11.180363,13.74394,15.320299,14.552123,18.495628,19.776243,24.689806,26.001642,30.71262,33.261745,35.657394,29.923431,28.799704,26.422337,21.945993,19.309862,15.477836,14.331856,10.150066,7.0110188,5.4732456,0.0,5.463459,8.226573,8.316232,8.220787,11.307936,12.728678,12.953093,15.54431,16.682293,17.986074,18.164711,21.675251,22.425377,23.18863,25.379436,23.217516,21.310854,26.936832,27.426004,24.321062,25.04477,24.548578,20.28431,21.15427,23.90506,19.812033,15.583277,19.61827,19.761766,18.628069,13.39072,12.56349,16.682844,15.985383,15.923805,20.855145,20.771708,22.971159,20.753975,24.892143,22.406757,25.850403,24.305326,21.13669,24.704435,21.975487,24.69851,27.77837,24.61131,26.096266,22.99954,28.092556,24.189295,29.27765,29.908371,32.523098,35.22341,37.45794,40.227367,39.35748,39.366077,38.614243,36.370155,35.414124,34.36645,32.02024,32.492496,32.297745,31.827143,31.181095,29.72035,28.033613,29.274315,26.597746,29.94489
34,34.043293,31.996672,28.474009,26.520424,23.140026,20.299986,18.906233,17.00627,13.380786,14.843351,11.109305,13.745616,11.8736,13.215342,13.179699,11.04508,14.778496,15.144095,20.375978,20.996765,25.708364,28.362207,30.480124,24.949167,24.124533,22.104403,17.216425,15.234182,11.061307,11.2215185,5.574405,6.4014072,7.2456746,5.463459,0.0,4.6035814,6.284102,5.1577363,6.249577,8.320276,9.651293,10.74864,11.564912,13.73594,14.174525,16.616516,17.381659,18.968002,20.971872,19.415905,16.903543,21.965916,22.873238,20.045702,20.150356,19.391798,14.992655,15.99319,19.154612,15.424208,10.693136,15.353598,16.280659,15.798704,10.538736,9.300979,14.408574,13.996752,12.1968155,17.232702,17.784483,19.640291,16.354027,20.635248,17.648045,21.470463,20.079756,16.740347,20.913134,17.91319,21.115442,24.440722,20.796576,21.675957,18.300634,23.098259,19.093153,23.95698,24.733915,27.276743,30.135572,32.36286,35.017326,34.10367,34.059864,33.478935,31.174746,30.577986,29.720486,27.554804,28.39731,28.566422,28.3405,27.32637,26.601345,24.054895,25.778563,22.90523,26.526915
35,30.440313,28.146206,24.669317,22.437233,18.949392,16.58825,14.50177,12.999767,8.969669,11.045816,7.869357,10.895732,9.555103,10.095724,11.065089,7.672018,11.91704,12.23381,17.918772,18.668303,23.369844,26.22796,28.89961,23.755066,23.167803,21.101147,16.24127,14.709866,10.170751,11.606045,4.620004,8.863239,6.9709024,8.226573,4.6035814,0.0,4.3521547,6.9561644,5.687893,5.367198,8.545554,10.974389,9.965148,11.482837,13.490485,15.972754,15.350237,17.051231,19.978703,18.925518,17.2298,21.015163,23.14914,20.997654,20.816381,20.018322,15.261371,16.827374,20.731115,17.234146,12.529725,17.789492,19.465029,19.391838,14.367598,12.930374,18.102884,17.307013,14.548182,19.646019,19.770947,20.7422,16.965801,20.416796,16.781923,19.954344,17.838503,13.852225,17.330147,13.943111,16.80321,19.993488,16.553461,17.878094,14.832186,20.054127,16.581902,22.083576,23.176506,26.198896,29.045765,31.64953,33.909863,32.607445,32.17124,31.271603,28.654675,27.765062,26.243406,24.168787,24.480038,24.382551,24.301283,23.588907,23.090645,21.048191,23.19177,20.985044,25.033697
36,28.412436,26.643305,22.732273,21.39486,17.886848,14.412428,13.9868355,11.3118105,8.718855,10.361076,7.900193,11.612362,11.513939,12.62565,15.105297,11.492544,15.814762,15.554339,21.64614,21.753847,26.385342,29.491165,31.931107,27.2124,26.939466,25.126347,20.06515,18.894022,14.308208,15.815098,8.757649,11.83797,8.46507,8.316232,6.284102,4.3521547,0.0,5.427858,6.5474653,5.8423805,5.9555235,10.867714,10.718424,10.456561,11.815325,16.190798,15.783804,15.757986,18.863993,17.046772,16.45734,20.933033,22.636766,20.407612,21.288471,21.437693,16.680563,19.036798,22.196218,17.568287,14.134163,19.777803,20.94634,20.112852,15.161965,14.94254,20.382116,20.199791,17.744267,22.66816,23.428917,24.729485,20.708275,24.426441,20.571077,23.910797,21.707008,17.367668,20.463978,16.306486,18.569317,21.079607,17.521263,19.190405,16.811823,21.743757,19.314297,24.655645,26.276783,29.186974,32.29604,34.835117,36.90333,35.471416,34.72336,34.06007,30.912594,30.589544,28.320314,26.849789,26.604218,26.215334,26.730062,26.340422,26.334866,24.553263,27.05465,25.08981,29.252596
