,0,1,2,3,4,5,6,7,8,9,10,11,12,13,14,15,16,17,18,19,20,21,22,23,24,25,26,27,28,29,30,31,32,33,34,35,36,37,38,39,40,41,42,43,44,45,46,47,48,49,50,51,52,53,54,55,56,57,58,59,60,61,62,63,64,65,66,67,68,69,70,71,72,73,74,75,76,77,78,79,80,81,82,83,84,85,86,87,88,89,90,91,92,93,94,95,96,97,98,99,100,101,102,103,104,105,106,107,108,109,110
0,0.0,4.371021,6.727539,9.697691,13.077379,15.484169,18.432297,21.872452,25.065481,28.603168,31.164677,35.221806,36.98634,35.38419,36.79459,31.742123,32.623775,31.175901,26.470507,30.877707,29.885168,30.067577,30.349018,32.22667,29.442715,26.507648,25.19634,21.587362,21.848516,18.537006,22.497631,16.347866,22.98694,19.571527,23.962618,22.766687,26.867252,31.115326,28.514875,28.355852,23.3683,26.275219,20.863956,24.586222,20.30396,23.818405,22.709383,27.550066,29.72325,29.948599,35.73677,34.454594,32.42787,32.901627,26.535345,24.113567,22.99438,18.190575,16.515461,18.95246,15.178434,20.359211,19.86106,23.378887,20.854229,25.46494,25.384033,27.306044,29.361969,28.744555,29.070879,31.33975,29.260141,34.211056,32.39911,36.91297,36.273846,33.470306,37.91317,35.32098,35.88414,39.732067,35.534126,35.780792,33.94885,34.414227,33.392136,32.090645,34.150524,33.0249,36.12555,35.568794,40.048977,36.57298,38.553226,39.239243,36.857437,39.30345,37.22469,39.027027,39.9464,38.322586,40.436996,41.185616,41.816475,40.323112,41.331055,36.69225,39.07989,34.997986,38.251026
1,4.371021,0.0,5.307491,6.289902,9.6652775,12.922949,15.060023,19.246805,22.12775,26.024506,28.48587,32.811962,34.3695,32.54679,34.273624,29.158194,30.279566,28.694963,24.201479,28.965511,28.521378,28.80457,29.800613,31.401772,28.864515,26.143385,24.122478,21.085278,20.731104,17.848211,21.385803,15.936241,22.560795,19.316105,23.52351,22.277163,25.98367,29.98943,27.020247,26.66186,21.549229,24.022903,18.506132,21.70006,17.774109,20.563684,20.290289,24.38742,27.308006,27.142496,33.0205,32.117416,30.590513,31.33968,24.852999,22.972279,20.964226,16.419184,14.402894,16.01063,11.902198,16.608606,15.830701,19.334808,16.519876,21.252054,21.040161,23.075123,25.201067,24.912355,25.470907,27.809917,25.511757,30.567331,28.804335,33.253506,32.557148,29.817064,34.03417,31.68166,32.094257,36.044456,32.01999,32.57389,30.862408,31.723211,30.81596,30.026299,32.367428,31.691633,35.056995,34.751377,39.438942,35.972164,37.620224,37.958855,35.477463,37.314842,35.061626,36.48146,37.037003,35.32075,37.15841,37.714085,38.2536,36.96472,37.77303,33.508965,35.996403,32.04229,35.535797
2,6.727539,5.307491,0.0,5.2549586,7.313688,9.36676,12.5678425,15.585818,19.26258,22.27282,25.281378,28.953379,31.21193,29.822592,31.906172,27.080526,28.645088,27.781744,23.879812,28.934065,28.92994,29.964693,30.723917,33.130676,31.004456,28.558846,25.983585,22.487516,21.373108,18.030497,20.65052,14.405249,20.012674,15.734049,19.688892,17.863216,21.563358,25.503214,23.137623,23.329174,18.092138,21.597185,16.841188,20.66836,17.910944,21.641914,22.062849,26.795626,29.7047,30.185303,35.758797,35.429512,33.87254,35.108707,28.5308,26.849182,24.814905,20.37879,17.670052,19.83501,14.4324255,18.675829,17.11641,19.965912,17.479692,21.085913,21.307339,22.627443,24.209572,22.88547,22.864466,25.112349,23.65459,28.456444,27.129023,31.584639,31.554132,29.281145,33.877907,31.970528,33.06765,37.26867,33.123608,33.568443,31.198244,32.549904,30.58618,29.982164,31.675407,30.765162,33.830647,33.05245,37.801785,35.101055,36.83025,37.453094,35.56936,36.982426,35.359886,36.294914,37.659363,35.31345,37.63045,38.406487,38.34601,36.839558,37.052258,32.661285,34.40209,30.214073,33.259964
3,9.697691,6.289902,5.2549586,0.0,3.9101367,7.022072,8.909737,13.191483,15.843031,19.9344,22.236214,26.7204,28.125322,26.28997,28.253729,23.22181,24.723244,23.481676,19.611053,24.862906,25.287407,26.323715,27.79176,29.834476,27.996666,25.840178,22.605415,19.80303,18.132078,15.462978,17.683968,12.846906,18.566381,15.385596,19.115238,17.873411,21.026697,24.745197,21.447186,20.986647,15.833007,18.188828,12.992049,16.137072,13.42355,16.545933,17.582615,21.8708,25.161116,25.565102,31.028826,31.08389,29.87716,31.464457,24.902098,23.792183,21.129063,17.150288,14.034255,15.854272,9.884921,13.629174,11.957894,14.79196,12.838784,16.383858,17.228794,19.099468,20.327269,19.930986,20.048767,21.992277,19.57801,24.531788,22.76439,27.253746,26.81578,24.322506,28.834364,26.79885,27.817331,32.01441,27.895784,28.447834,26.205666,27.729553,26.01774,25.773773,27.854443,27.436699,30.827608,30.491602,35.375885,32.431732,33.785187,33.989334,31.887743,32.859203,30.973259,31.72229,32.711674,30.425516,32.528545,33.214676,33.23539,31.828487,32.191345,27.93115,30.045841,26.02584,29.448902
4,13.077379,9.6652775,7.313688,3.9101367,0.0,4.609159,5.559976,10.065769,13.018857,16.721226,19.421185,23.610014,25.401495,23.681446,26.325462,21.539429,23.640903,22.82996,19.769226,25.322166,26.445501,27.92485,29.698544,31.89417,30.437386,28.57451,24.824064,22.29183,19.966486,17.547853,18.748634,14.4227,18.940474,15.432576,18.50667,16.83469,19.38438,22.649422,19.566538,19.365206,14.163335,16.769146,12.435336,15.199924,14.101099,16.799847,19.053194,22.728233,26.549122,26.901403,32.12975,32.742264,31.930584,33.833595,27.36486,26.678791,23.582693,20.036776,16.754253,17.963854,11.891591,14.211768,11.698729,13.684606,11.604994,14.118555,15.015038,16.298061,17.218443,16.278616,16.240204,18.290573,16.405718,21.311543,20.053497,24.444565,24.5115,22.522902,26.971237,25.611784,26.897663,31.298878,27.389898,28.197334,25.70999,27.91385,25.677643,26.056786,27.908688,27.739506,31.063747,30.63313,35.6099,33.200985,34.328613,34.432255,32.652744,32.843227,31.235575,31.308199,32.440163,29.693676,31.783556,32.39026,31.905188,30.601055,30.286299,26.432747,28.058075,24.046207,27.354637
5,15.484169,12.922949,9.36676,7.022072,4.609159,0.0,4.669087,6.409348,9.957692,13.172007,15.930088,19.901796,21.886797,20.521658,23.030272,18.481255,20.749329,20.622005,18.121143,23.623981,25.002419,27.109423,28.55308,31.432007,30.38024,28.825188,24.760483,21.919954,19.051926,16.459904,16.627144,12.3150215,15.392649,11.609675,14.186614,12.448069,14.794637,18.096191,15.051754,15.094461,9.811223,13.284532,9.9036255,13.416612,13.443163,17.303099,19.562723,24.153214,27.33307,28.582129,33.29819,34.292397,33.231903,35.526066,29.133078,28.515396,25.773666,22.342098,18.70092,20.85618,14.263294,16.4395,13.948776,15.133453,14.536844,15.483818,17.524157,18.414421,18.221779,16.697342,15.682662,16.971087,15.449273,19.82341,18.538996,22.95924,23.439476,21.717997,26.680258,25.360899,27.425133,31.812874,27.683548,28.069519,24.938236,27.269945,24.056599,24.372393,25.52631,25.079243,28.073969,27.280478,32.236916,30.441053,31.62382,31.995014,30.768278,30.746368,29.778263,29.601095,31.648407,28.461187,31.160963,32.14069,31.249437,29.56687,29.035793,24.724821,25.709291,21.454954,24.265879
6,18.432297,15.060023,12.5678425,8.909737,5.559976,4.669087,0.0,5.8299565,7.7700086,11.873302,14.225095,18.692434,20.160604,18.351475,21.469568,16.962618,19.639082,19.302792,17.44785,23.13669,25.207006,27.280712,29.502972,31.856045,31.073631,29.776936,25.273798,23.298103,20.07073,18.33086,17.986965,15.337954,18.035145,15.258836,17.169065,15.72019,17.054415,19.555347,16.109348,15.7158575,11.001074,12.89386,10.017999,11.757906,13.056594,15.254269,18.84382,22.024134,26.023336,26.759453,31.314873,32.781895,32.357407,34.850136,28.66698,28.639751,25.2089,22.425316,18.850735,19.878262,13.738696,14.238724,11.191555,11.51897,11.0641,11.016493,13.361007,14.215486,13.653594,12.70567,11.9777355,13.289117,11.179845,15.906122,14.744378,19.106075,19.566,18.066109,22.657627,21.87339,23.782406,28.289675,24.518421,25.378603,22.46419,25.418575,22.44923,23.604225,25.139896,25.400967,28.643423,28.283573,33.290474,31.472776,32.178143,32.047436,30.683258,29.82607,28.618603,27.85101,29.296946,25.993452,28.216005,28.886662,27.790815,26.455143,25.514818,21.923874,23.02741,19.06758,22.296682
7,21.872452,19.246805,15.585818,13.191483,10.065769,6.409348,5.8299565,0.0,5.0144825,6.780297,10.052665,13.599493,16.028067,15.046316,18.505352,14.789788,18.007147,18.934984,18.248814,23.61701,26.033499,28.840849,30.588224,33.72407,33.385643,32.400562,27.72003,25.390322,21.741478,19.82326,18.271221,15.771537,16.10533,13.017958,13.534183,11.73011,11.988649,13.935387,11.050947,11.487268,7.177988,10.584045,10.383775,12.596772,15.499652,18.711348,22.1467,26.08785,29.38428,30.960236,34.93005,36.774426,36.115234,38.932495,32.865444,32.821667,29.798826,27.027372,23.245098,25.064846,18.64412,19.239176,16.375587,15.977013,16.516294,15.007583,17.907522,17.91008,16.233246,14.008424,11.842421,12.026966,11.539614,14.89775,14.338327,18.369894,19.826172,19.11869,24.056278,23.700397,26.508059,30.907578,27.099,27.527977,23.894527,27.072277,22.844095,24.044178,24.50582,24.42589,27.057049,26.117188,30.991858,30.254791,30.993286,31.233034,30.72407,29.423723,29.175896,27.90242,30.524912,26.611189,29.520317,30.586077,28.818178,27.098478,25.538698,21.700209,21.503061,17.318647,19.523726
8,25.065481,22.12775,19.26258,15.843031,13.018857,9.957692,7.7700086,5.0144825,0.0,6.0814548,6.5707555,11.923455,12.443082,10.718995,14.140446,10.355599,13.888629,14.902571,15.277063,20.439384,23.556742,26.566555,28.839975,31.72949,31.89915,31.385206,26.270607,24.720835,20.626474,19.639076,17.15225,16.785732,16.307234,15.038034,14.906666,14.280582,13.59224,14.761038,10.71694,9.909627,7.300087,7.5677314,8.987057,9.272055,13.93184,16.24518,20.345716,23.674387,26.86827,28.699457,32.01376,34.419483,34.069546,37.26159,31.600874,32.105812,28.90074,26.855997,23.074953,24.675417,18.671793,18.08887,15.436803,14.016237,16.153473,13.248753,17.351639,17.68699,14.939788,14.022554,11.753354,10.547662,8.409584,11.221179,9.794242,13.917137,15.150948,14.536182,19.621155,19.337074,22.574055,26.833918,23.126453,23.47094,19.660318,23.236605,18.74124,20.59183,21.054066,21.580282,24.308252,23.81267,28.640764,27.965002,28.203579,28.019117,27.59583,25.487928,25.336292,23.508358,26.15257,22.007328,24.94731,26.08848,24.071554,22.284485,20.617735,16.787392,16.535318,12.405653,14.945482
9,28.603168,26.024506,22.27282,19.9344,16.721226,13.172007,11.873302,6.780297,6.0814548,0.0,5.1806893,6.9140434,10.360761,10.3966255,15.012295,13.121814,17.08307,19.239716,20.489365,25.197826,28.41171,31.767998,33.633446,36.981068,37.294037,36.825153,31.789637,29.887716,25.796854,24.450424,21.657515,20.655407,18.77908,16.701948,15.315644,13.883687,11.740429,11.270654,9.369407,10.3515,9.197527,11.197029,14.208055,14.954544,19.724356,22.296793,26.311377,29.686665,32.81634,34.735218,37.88092,40.434975,40.07194,43.301853,37.62367,38.007725,34.90314,32.658043,28.843607,30.513353,24.369965,23.979324,21.121935,19.611004,21.05832,17.770164,21.138504,20.376312,17.379093,14.752829,11.540807,9.770676,11.076191,11.936628,12.557088,15.415208,18.122797,18.757996,23.300198,23.991043,27.482664,31.639082,28.299171,28.656193,24.665588,28.444319,23.354076,25.296745,24.904884,25.135946,27.150862,26.04476,30.552237,31.036222,31.315634,31.469063,31.791489,29.261002,29.878021,27.526272,30.787342,26.267456,29.35509,30.534449,27.860283,26.112019,23.433313,20.335798,18.490358,14.768521,15.678202
10,31.164677,28.48587,25.281378,22.236214,19.421185,15.930088,14.225095,10.052665,6.5707555,5.1806893,0.0,6.419103,6.0162473,5.38923,9.903723,8.6501665,12.777648,15.391453,17.816063,21.89257,25.601711,29.182627,31.291105,34.540386,35.3625,35.360344,30.080788,28.772268,24.405642,23.821724,20.201967,21.00596,18.269114,17.901234,16.05136,15.882365,13.294071,12.420445,9.154846,8.648746,9.677381,8.852134,13.474158,12.901523,18.64082,20.76159,24.841345,28.000217,30.606287,33.000473,35.399136,38.380848,38.116302,41.667103,36.43677,37.208206,34.195812,32.533554,28.750727,30.540613,24.745552,23.742374,21.309307,19.236076,22.026133,18.05129,22.360954,22.119558,18.445541,17.2074,14.219234,11.383488,10.865021,10.475826,9.942058,12.409428,14.816274,15.568444,20.22101,20.746542,24.745352,28.556988,25.262945,25.265268,21.048534,24.9197,19.433672,21.75764,21.042826,21.691574,23.572958,22.802084,27.136354,27.830935,27.667845,27.532406,28.123892,24.911945,25.880457,23.065208,26.702368,21.993628,25.33821,26.767828,23.883856,21.878311,19.258835,15.900918,13.568667,9.910122,10.49945
11,35.221806,32.811962,28.953379,26.7204,23.610014,19.901796,18.692434,13.599493,11.923455,6.9140434,6.419103,0.0,6.5316787,8.842793,13.456841,14.1773205,18.035955,21.232311,23.952457,27.699797,31.337791,35.106194,36.843895,40.437595,41.317467,41.300747,36.129692,34.49236,30.196602,29.251919,25.601585,25.68031,22.128288,21.019363,18.315857,17.48449,13.82303,11.002151,10.818423,12.0534935,13.744491,14.505763,19.25954,19.26558,24.789713,27.135359,31.169533,34.36127,37.012867,39.385494,41.73719,44.789215,44.51938,48.063744,42.76944,43.41044,40.44178,38.555195,34.728832,36.535866,30.559744,29.757475,27.087166,25.046066,27.162771,23.063112,26.690956,25.605425,21.922062,19.409643,15.986216,13.055139,15.169195,13.516107,14.82595,15.945761,19.431057,21.106415,25.061495,26.402548,30.415964,34.118526,31.19252,31.273106,27.064709,30.9996,25.281342,27.556095,26.225073,26.56127,27.74437,26.421068,30.269016,32.042854,31.94438,32.136753,33.351948,29.910036,31.474176,28.337269,32.324905,27.468895,30.77305,32.154057,28.798117,26.9521,23.525072,21.120335,17.61065,14.887608,13.752285
12,36.98634,34.3695,31.21193,28.125322,25.401495,21.886797,20.160604,16.028067,12.443082,10.360761,6.0162473,6.5316787,0.0,3.542817,7.4764667,9.755281,13.284243,16.729036,20.609531,23.510551,27.621004,31.464853,33.563343,36.84494,38.24138,38.71703,33.35754,32.48596,28.015116,27.955751,23.670092,25.620241,21.718784,22.337475,19.662102,20.061628,16.627466,14.402674,12.143735,11.524207,14.5785265,12.650905,18.21371,16.848215,22.96235,24.60318,28.63012,31.382528,33.47802,36.239487,37.754677,41.22306,41.116383,44.94722,40.22111,41.30561,38.416702,37.214764,33.510418,35.313778,29.862188,28.399225,26.22937,23.71042,27.088663,22.50238,26.997402,26.60032,22.411589,21.503004,18.479906,14.929671,14.809658,12.330391,12.172784,12.625391,15.412788,17.115213,20.955282,22.025198,26.430222,29.647902,26.854807,26.566917,22.29943,26.232166,20.36597,23.077368,21.548306,22.493393,23.609085,22.884491,26.500637,28.252417,27.573437,27.295803,28.67242,24.440441,26.279074,22.633099,26.847933,21.921831,25.37444,26.988068,23.498764,21.416754,18.17909,15.640251,11.5296135,9.408121,7.3618355
13,35.38419,32.54679,29.822592,26.28997,23.681446,20.521658,18.351475,15.046316,10.718995,10.3966255,5.38923,8.842793,3.542817,0.0,6.055642,7.236169,11.0286255,13.98414,17.910622,20.981495,25.26174,28.924679,31.40613,34.329777,35.702724,36.19771,30.74491,30.210714,25.715488,25.961607,21.783659,24.183914,20.983578,21.899628,19.806952,20.379953,17.5505,16.17778,12.828954,11.41675,13.851483,10.882448,16.07904,13.993374,20.296051,21.38706,25.642143,27.993298,30.238377,32.84984,34.3388,37.86373,37.918488,41.759487,37.125298,38.376328,35.340668,34.371395,30.752758,32.309124,27.138155,25.317945,23.275686,20.590843,24.320053,19.643452,24.401897,24.360737,20.13312,19.982992,17.285028,13.777411,12.375755,10.198747,9.058767,9.915758,12.163049,13.601697,17.649315,18.51919,22.91506,26.18743,23.34176,23.149164,18.951149,23.059368,17.434633,20.467379,19.475695,20.827572,22.4522,22.198364,26.078917,27.096798,26.286844,25.667189,26.577019,22.260637,23.626646,19.95194,23.733366,18.816622,22.13002,23.67132,20.312952,18.249159,15.207032,12.409884,8.839466,6.2227707,5.681531
14,36.79459,34.273624,31.906172,28.253729,26.325462,23.030272,21.469568,18.505352,14.140446,15.012295,9.903723,13.456841,7.4764667,6.055642,0.0,5.3219104,6.939945,10.675857,15.553004,17.15898,21.483856,25.3853,27.600473,30.676311,32.554173,33.51808,28.179214,27.97998,23.535934,24.390404,19.587536,23.527235,19.454556,21.99996,19.69033,21.38812,18.74002,17.74527,13.751244,11.303409,15.058442,10.633251,16.193516,13.8760805,19.700626,21.141495,24.383842,27.353264,28.27809,31.797558,32.50823,36.09667,35.784985,39.823563,35.687393,37.023136,34.588623,33.9722,30.47647,32.702324,27.82607,26.270077,24.93691,22.488106,27.041756,22.880678,28.094744,28.748661,24.696795,25.22313,22.743912,19.463526,16.951672,15.361054,12.81215,13.661423,14.1772785,14.528502,18.766973,18.26767,22.988338,25.612732,22.44676,21.282871,16.808968,20.085997,13.912925,16.527996,14.628732,16.064646,17.196753,17.235895,20.71535,21.997824,20.845407,20.165451,21.612886,17.030704,19.202301,15.571019,20.557375,15.78651,19.948427,22.154432,19.233454,16.427513,14.942223,10.563325,7.1628447,5.1233335,2.4357033
15,31.742123,29.158194,27.080526,23.22181,21.539429,18.481255,16.962618,14.789788,10.355599,13.121814,8.6501665,14.1773205,9.755281,7.236169,5.3219104,0.0,4.236552,7.113352,10.977002,13.873799,18.041569,21.766035,24.173515,27.163652,28.588982,29.207266,23.795374,23.398954,18.90167,19.613245,15.138774,18.880337,15.904535,18.286285,16.876205,18.52699,16.841991,17.109074,12.06941,9.013812,11.343407,6.023243,11.018146,8.606045,14.459277,16.276735,19.50864,22.971094,24.172348,27.557827,28.977066,32.178856,31.696821,35.572823,31.031855,32.186214,29.671934,28.814508,25.255398,27.578417,22.54253,21.26959,19.987438,17.889193,22.433933,18.902636,24.186583,25.290592,21.711355,22.499567,20.329357,17.680159,14.164863,14.229023,10.743797,13.26624,13.002305,12.040657,17.287897,15.867155,20.329996,23.478003,19.66073,18.608746,13.996161,17.219799,11.191681,13.516351,12.664894,13.983339,16.218119,16.427107,20.744884,20.650263,19.970335,19.31711,19.762451,16.282742,17.343405,14.693019,19.05469,14.502621,18.67397,20.776695,18.591583,15.77594,15.207626,9.604018,8.85282,4.672641,6.7737656
16,32.623775,30.279566,28.645088,24.723244,23.640903,20.749329,19.639082,18.007147,13.888629,17.08307,12.777648,18.035955,13.284243,11.0286255,6.939945,4.236552,0.0,4.220871,8.935748,10.34294,14.611459,18.49114,20.80851,23.8146,25.616209,26.606651,21.295912,21.300276,16.918924,18.29533,13.462547,18.639889,15.451851,19.102468,17.861195,20.230103,18.940763,19.58707,14.40403,10.974171,13.573865,7.900685,11.868044,9.370738,14.053683,15.973317,18.152782,22.049171,22.113173,26.193808,27.029644,30.198252,29.415594,33.411175,29.297657,30.530527,28.511812,27.999266,24.640821,27.40807,22.83046,21.76151,21.142288,19.33381,24.313133,21.312181,26.706736,28.282532,24.915983,26.178658,24.224342,21.724527,17.72782,17.985428,14.060858,16.343868,15.114985,13.384876,18.436247,15.921141,20.339676,22.938374,18.87772,17.03933,12.362353,14.593941,8.188183,9.90295,8.497973,10.111656,12.436152,13.238206,17.412767,16.890846,15.95288,15.110722,15.623006,12.212212,13.600738,11.426791,16.597683,12.461836,17.19325,19.738934,18.191635,14.956476,15.857623,9.410647,9.856513,6.951544,8.554616
17,31.175901,28.694963,27.781744,23.481676,22.82996,20.622005,19.302792,18.934984,14.902571,19.239716,15.391453,21.232311,16.729036,13.98414,10.675857,7.113352,4.220871,0.0,5.650483,7.121904,11.710322,15.167985,18.19731,20.531822,22.26819,23.298906,17.867765,18.535465,14.260621,16.326588,12.01418,17.879574,16.19485,19.98123,19.655323,21.999443,21.463186,22.737453,17.284431,13.799913,15.121625,9.386521,11.132018,7.754751,11.423767,12.50197,14.416379,18.064604,17.910547,22.05204,22.858433,25.977394,25.256063,29.278257,25.303762,26.750084,24.677774,24.5525,21.416172,24.001682,20.047287,18.711487,18.629772,16.9925,22.297283,19.830004,25.207468,27.320276,24.326408,26.323425,24.865547,22.769535,17.929403,18.931345,14.467503,17.064053,14.784518,11.974914,16.969837,13.3873415,17.409777,19.907969,15.496574,13.4231205,8.833073,10.659751,4.551464,6.5473924,7.1440926,9.563526,12.895322,14.510575,18.695177,16.718977,15.724124,14.320441,13.579477,10.711231,10.643739,9.293437,13.537789,9.969469,14.536697,17.058804,16.379042,13.200057,15.374991,8.657156,11.327323,8.901549,11.79386
18,26.470507,24.201479,23.879812,19.611053,19.769226,18.121143,17.44785,18.248814,15.277063,20.489365,17.816063,23.952457,20.609531,17.910622,15.553004,10.977002,8.935748,5.650483,0.0,5.6988626,8.625181,11.5467,14.570987,16.89278,17.859844,18.364006,12.873132,13.176787,8.86927,11.111836,7.6914344,13.680052,13.960192,17.621672,18.523445,20.821978,21.470474,23.800955,18.22806,14.937212,14.588732,10.00508,8.4528,6.437789,6.564816,9.131924,9.446488,14.964863,14.477415,18.775688,20.64099,22.839403,21.494062,25.211794,20.636553,21.63926,19.839794,19.291822,16.115032,19.39424,15.37857,15.104456,15.572948,15.078142,19.926575,18.995407,23.943998,26.574759,24.464106,26.493164,25.427816,24.15614,19.071959,21.42968,16.973345,20.429363,17.977392,14.392609,19.505814,15.197892,18.171616,20.938381,15.996823,14.035663,10.33296,10.657759,7.233917,6.302752,8.769189,9.878977,13.932429,15.417234,19.905615,16.476414,16.369017,15.411726,13.376025,13.260944,11.73584,12.743893,15.529885,13.303584,17.078783,19.243204,19.609365,16.838657,19.55761,13.211543,16.539026,13.61506,16.892796
19,30.877707,28.965511,28.934065,24.862906,25.322166,23.623981,23.13669,23.61701,20.439384,25.197826,21.89257,27.699797,23.510551,20.981495,17.15898,13.873799,10.34294,7.121904,5.6988626,0.0,4.8398514,8.296227,11.405651,13.563918,15.677024,17.210257,12.174397,13.691119,10.2825165,13.62069,10.0982895,17.31184,16.608406,21.426962,21.894968,24.797504,25.204298,27.262394,21.824562,18.367676,19.165277,14.313526,13.846767,11.891283,11.633102,13.13787,11.861933,16.7969,14.120539,19.499668,19.799925,22.131418,20.43373,24.404036,21.031223,22.319422,21.444992,21.734703,19.202837,22.672125,19.776869,19.421658,20.495092,19.923052,25.034052,24.018892,29.025082,31.776278,29.491793,31.808517,30.687376,29.083517,23.953861,25.631105,21.036903,23.784534,20.915379,17.414328,21.79236,16.983086,19.8817,21.539795,16.86745,13.814312,10.63931,8.773308,6.116661,1.6504613,4.911607,6.740343,10.658511,13.256858,16.836693,12.682996,11.926333,10.332325,7.767996,8.528268,6.983872,9.725343,13.314094,12.205781,16.286865,18.949104,19.892418,16.833014,20.70841,14.37372,17.838484,15.971158,18.46403
20,29.885168,28.521378,28.92994,25.287407,26.445501,25.002419,25.207006,26.033499,23.556742,28.41171,25.601711,31.337791,27.621004,25.26174,21.483856,18.041569,14.611459,11.710322,8.625181,4.8398514,0.0,4.2910995,6.5785446,9.349356,11.388839,13.068981,8.696,10.264699,8.083226,11.815828,9.53783,16.593956,16.687756,21.746685,22.77362,25.858099,26.926573,29.512848,24.23922,20.98249,21.307728,17.327412,15.756335,15.016008,12.729894,15.025779,11.676306,17.719738,13.713517,19.501024,19.982628,21.283428,18.618895,22.228682,19.028202,19.782682,20.00586,20.159472,18.056025,22.303228,19.882072,20.592379,22.144459,22.368422,26.977938,26.930645,31.577034,34.573746,32.78418,34.999874,34.004326,32.760876,27.672937,29.830032,25.278519,28.312113,25.434895,21.730068,26.055254,20.977947,23.269482,24.730797,20.035412,16.942743,14.613812,11.607038,10.812116,6.205991,8.14056,7.9709573,11.339919,13.795345,16.887875,11.409864,11.532217,10.647902,7.1124606,11.330965,9.527957,13.747312,16.603598,16.48914,20.095278,22.604654,24.130949,21.237858,25.398132,19.161814,22.652714,20.598656,22.98419
21,30.067577,28.80457,29.964693,26.323715,27.92485,27.109423,27.280712,28.840849,26.566555,31.767998,29.182627,35.106194,31.464853,28.924679,25.3853,21.766035,18.49114,15.167985,11.5467,8.296227,4.2910995,0.0,5.140046,5.410943,7.5017524,9.638285,5.9555864,9.285796,8.852072,12.89202,12.273094,18.540857,19.892328,24.590336,26.145502,29.063927,30.51756,33.34669,28.052155,24.860258,24.6578,20.905285,18.468203,17.686964,14.282581,15.625149,11.06978,16.529495,11.365083,17.237085,17.532976,18.100088,14.940687,18.367409,15.744277,16.563423,17.447731,18.196552,16.856459,20.927456,19.739029,20.546095,22.687675,23.311792,27.66288,28.279537,32.5595,35.873806,34.49794,37.092613,36.44022,35.482727,30.135193,32.611126,27.99303,31.048296,27.804811,23.820595,27.6767,22.28099,23.770565,24.833292,20.32671,17.290302,16.063484,12.163905,13.486804,9.320258,12.04871,12.139031,15.180528,17.715818,20.34568,14.392465,14.554245,13.441136,9.124335,13.993004,11.107813,16.006813,17.358625,18.319756,21.1021,23.298582,25.557116,23.015524,27.656446,21.85611,25.883926,24.029432,26.739027
22,30.349018,29.800613,30.723917,27.79176,29.698544,28.55308,29.502972,30.588224,28.839975,33.633446,31.291105,36.843895,33.563343,31.40613,27.600473,24.173515,20.80851,18.19731,14.570987,11.405651,6.5785446,5.140046,0.0,5.6433606,7.2164845,9.191613,7.778714,8.909757,9.736981,12.8272505,12.588688,18.22075,19.090527,24.092712,25.626936,28.818886,30.5391,33.580597,28.65737,25.709309,25.673054,22.643478,20.328508,20.635548,16.951954,19.703697,14.805124,21.178642,16.060522,21.715902,22.228113,22.156374,18.357683,21.120882,18.597967,18.46572,20.39809,20.395288,19.11926,24.01673,22.374746,24.210451,26.181274,27.163843,31.134293,32.03743,36.24278,39.43788,38.153652,40.232204,39.35235,38.447815,33.46999,35.997604,31.513186,34.740852,31.866644,28.039387,32.258934,27.004911,28.74976,29.926794,25.371712,22.30493,20.70332,17.0202,17.316166,12.695162,13.910172,12.568927,14.639954,16.611788,18.639257,12.356407,13.513671,13.591629,10.184663,16.404156,14.737335,19.647284,21.945993,22.630726,25.827135,28.189205,30.207218,27.45605,31.86856,25.72144,29.188951,27.046026,29.255627
23,32.22667,31.401772,33.130676,29.834476,31.89417,31.432007,31.856045,33.72407,31.72949,36.981068,34.540386,40.437595,36.84494,34.329777,30.676311,27.163652,23.8146,20.531822,16.89278,13.563918,9.349356,5.410943,5.6433606,0.0,4.003645,7.385932,7.360104,11.009407,12.576392,16.161785,16.666033,22.121489,23.971287,28.599566,30.430233,33.38574,35.155357,38.180027,33.016724,29.924534,29.57901,26.15329,23.375341,22.886353,18.860159,19.888422,14.607805,19.233212,13.117118,18.528084,18.281189,17.666168,13.668632,16.329185,15.158208,15.631189,17.962692,19.178343,18.846678,22.833845,22.807467,24.002245,26.5489,27.563873,31.539955,32.74119,36.671413,40.185005,39.148525,41.888695,41.41296,40.639206,35.23037,37.85355,33.225792,36.24856,32.832054,28.762777,32.24116,26.706137,27.608109,28.148046,24.022203,21.013657,20.625023,16.178335,18.53641,14.4574995,16.843641,16.613808,18.960125,21.462791,23.27824,16.983608,17.356483,16.445011,12.159853,17.891495,14.981739,20.288069,20.880926,22.715868,24.934261,26.931866,29.72201,27.403658,32.397896,26.888794,31.051167,29.377907,32.024296
24,29.442715,28.864515,31.004456,27.996666,30.437386,30.38024,31.073631,33.385643,31.89915,37.294037,35.3625,41.317467,38.24138,35.702724,32.554173,28.588982,25.616209,22.26819,17.859844,15.677024,11.388839,7.5017524,7.2164845,4.003645,0.0,3.477118,5.8303905,9.061678,11.862447,14.915156,16.677153,21.000631,23.950226,27.9928,30.357965,33.04486,35.276546,38.646774,33.568424,30.674856,29.664762,26.838688,23.2587,23.3183,18.408808,19.686113,13.830072,18.826525,13.158401,17.869164,18.727642,17.19254,12.71206,14.62448,12.790872,12.4639015,15.502969,16.320667,16.407318,20.626143,20.9532,22.829967,25.515198,27.07389,30.44752,32.35947,35.86385,39.47181,38.893894,41.52382,41.23614,40.844112,35.51234,38.60183,34.09028,37.429714,34.10583,29.915806,33.522476,28.034391,28.604315,29.480051,25.261103,22.678,22.388214,18.29405,20.690605,16.756483,19.42144,18.928102,21.521803,23.629215,25.822681,19.524818,20.372028,19.806076,15.622026,21.196463,18.112194,23.193838,23.460274,25.110277,27.147852,28.897358,31.73784,29.574593,34.34759,28.833973,33.088028,31.04351,33.966232
25,26.507648,26.143385,28.558846,25.840178,28.57451,28.825188,29.776936,32.400562,31.385206,36.825153,35.360344,41.300747,38.71703,36.19771,33.51808,29.207266,26.606651,23.298906,18.364006,17.210257,13.068981,9.638285,9.191613,7.385932,3.477118,0.0,5.571516,7.517098,11.214154,13.561765,16.360737,19.540148,23.399347,26.844557,29.638376,32.050392,34.649326,38.283485,33.325386,30.64084,29.069006,26.81889,22.628084,23.213427,17.684978,19.325077,13.23413,18.66146,13.808279,17.80335,19.737148,17.694172,13.141543,14.42131,11.539505,10.256764,13.72068,13.830661,14.13553,18.663868,19.039392,21.593485,24.276028,26.286554,29.092321,31.565134,34.706127,38.329094,38.119797,40.56416,40.401608,40.330917,35.14745,38.60748,34.249245,37.855152,34.696682,30.472216,34.24655,28.891794,29.301628,30.560627,26.237696,24.032684,23.659405,20.019875,22.181307,18.421696,21.202991,20.502253,23.289112,25.033678,27.598202,21.422253,22.610518,22.31261,18.266605,23.62803,20.518293,25.322845,25.518324,26.848476,28.84434,30.426807,33.17063,31.098469,35.571884,30.034481,34.26422,31.879694,34.988453
26,25.19634,24.122478,25.983585,22.605415,24.824064,24.760483,25.273798,27.72003,26.270607,31.789637,30.080788,36.129692,33.35754,30.74491,28.179214,23.795374,21.295912,17.867765,12.873132,12.174397,8.696,5.9555864,7.778714,7.360104,5.8303905,5.571516,0.0,5.1080937,6.758691,10.161171,12.009823,16.296461,19.768824,23.381128,25.887499,28.293438,30.506561,33.89533,28.708866,25.853243,24.419365,21.678122,17.6896,17.80181,12.6177225,14.272932,8.388274,14.804223,10.463566,15.246387,17.413551,16.691591,13.00944,15.614985,11.54751,11.417334,12.71909,12.752623,11.753001,16.363674,15.6211815,17.534761,19.978502,21.546288,24.93763,26.762772,30.34685,33.85744,33.246933,35.733936,35.438354,35.135796,29.86941,33.15893,28.751495,32.319313,29.206184,25.020805,28.998695,23.717001,24.541956,26.149704,21.544374,19.32135,18.445356,15.242949,16.891205,13.384596,16.540321,16.27143,19.605255,21.473656,24.650328,18.768063,19.613297,18.994747,14.93629,19.372526,16.186121,20.534273,21.022778,21.795868,24.06994,25.762724,28.149242,25.966394,30.207523,24.575361,28.778187,26.355429,29.577171
27,21.587362,21.085278,22.487516,19.80303,22.29183,21.919954,23.298103,25.390322,24.720835,29.887716,28.772268,34.49236,32.48596,30.210714,27.97998,23.398954,21.300276,18.535465,13.176787,13.691119,10.264699,9.285796,8.909757,11.009407,9.061678,7.517098,5.1080937,0.0,4.502222,6.05731,9.366545,12.079259,16.15247,19.359041,22.226822,24.544138,27.212666,30.957018,26.119364,23.642635,21.792187,20.135675,15.776261,17.337,11.727039,15.498425,10.114861,17.849081,14.849411,19.065115,22.052202,21.246964,17.59258,19.677952,14.800217,13.524271,14.8690815,13.127429,11.372173,17.09632,14.801361,18.106752,19.970676,21.96736,24.724236,26.85934,30.285927,33.52842,33.081776,34.814465,34.298237,34.213203,29.478916,33.03292,28.918,32.859806,30.340052,26.370686,30.967955,26.070791,27.34425,29.566494,24.726698,22.735397,21.055004,18.682508,18.795794,15.196658,17.471386,16.249403,19.357878,20.382298,23.869648,18.394192,20.00816,20.250692,16.978855,21.514381,19.172346,23.074095,24.568455,24.478584,27.308872,29.114147,30.923574,28.54108,32.12758,26.10555,29.70158,26.666164,29.657757
28,21.848516,20.731104,21.373108,18.132078,19.966486,19.051926,20.07073,21.741478,20.626474,25.796854,24.405642,30.196602,28.015116,25.715488,23.535934,18.90167,16.918924,14.260621,8.86927,10.2825165,8.083226,8.852072,9.736981,12.576392,11.862447,11.214154,6.758691,4.502222,0.0,4.1893325,5.4731975,9.959532,13.1881,16.716345,19.159689,21.551449,23.773502,27.261738,22.19091,19.52474,17.908852,15.757147,11.708858,13.049649,8.016582,12.555226,8.332577,16.4831,14.336051,18.78808,21.670076,21.876953,18.936031,21.700329,16.600178,16.12333,16.120384,14.491317,11.764702,17.097464,13.595963,16.19071,17.568752,19.013052,22.328648,23.672255,27.57379,30.612598,29.701347,31.354187,30.613857,30.239845,25.506557,28.830286,24.691498,28.607653,26.251076,22.425726,27.2998,22.61689,24.429226,26.954212,21.970118,19.996122,17.650467,15.994946,15.043956,11.796128,13.995308,13.017167,16.524952,17.520239,21.547974,16.609226,17.91972,18.000938,15.102732,18.56988,16.545519,19.754705,21.801174,21.015377,24.21207,26.1487,27.471807,24.94411,28.168947,21.99944,25.369123,22.218546,25.205868
29,18.537006,17.848211,18.030497,15.462978,17.547853,16.459904,18.33086,19.82326,19.639076,24.450424,23.821724,29.251919,27.955751,25.961607,24.390404,19.613245,18.29533,16.326588,11.111836,13.62069,11.815828,12.89202,12.8272505,16.161785,14.915156,13.561765,10.161171,6.05731,4.1893325,0.0,5.2440577,6.1546965,10.866996,13.441107,16.489126,18.574488,21.361532,25.246769,20.572908,18.413218,16.075895,15.330217,10.755811,13.644722,8.545073,14.319775,10.887806,19.063162,17.851768,21.653135,25.194046,25.145914,22.19425,24.543013,18.941626,17.795069,17.762434,15.021176,11.954045,17.65282,13.111011,16.8091,17.639673,19.517326,21.991467,23.742287,27.279902,30.059732,29.434757,30.413242,29.572287,29.52284,25.359764,28.989666,25.256348,29.460321,27.654545,24.092606,29.26314,25.035904,26.950922,29.905407,24.908175,23.299345,20.666256,19.673916,18.012754,15.1351185,16.69525,15.168865,18.327745,18.516851,22.753256,18.430637,20.228521,20.86764,18.546476,21.836037,20.277887,23.031633,25.40645,24.121496,27.442629,29.297668,30.243418,27.733692,30.334465,24.15327,26.998756,23.382074,26.214468
30,22.497631,21.385803,20.65052,17.683968,18.748634,16.627144,17.986965,18.271221,17.15225,21.657515,20.201967,25.601585,23.670092,21.783659,19.587536,15.138774,13.462547,12.01418,7.6914344,10.0982895,9.53783,12.273094,12.588688,16.666033,16.677153,16.360737,12.009823,9.366545,5.4731975,5.2440577,0.0,7.3818135,8.121162,12.368807,14.102494,16.8284,18.659304,22.011093,16.99824,14.369451,13.274493,11.376882,8.525797,10.883951,8.101329,14.0218525,11.965306,19.73576,18.469463,22.900059,25.585646,26.504906,23.953253,26.9656,21.818108,21.43834,20.933662,18.934002,15.632873,20.674694,15.76432,18.11496,18.49676,19.357445,22.784637,23.187702,27.469973,29.94921,28.50291,29.411695,28.116203,27.392836,23.257778,26.174603,22.310709,26.242208,24.604042,21.335096,26.741262,22.694782,25.398968,28.302214,23.288975,21.348139,17.963173,17.40971,14.323107,11.553641,12.195526,10.543626,13.752639,13.879205,18.454182,14.786162,16.282158,16.940453,15.375996,17.783804,17.067762,19.202477,22.639158,20.73653,24.665962,26.864697,27.282251,24.445906,26.832232,20.336449,22.685144,19.11159,21.524176
31,16.347866,15.936241,14.405249,12.846906,14.4227,12.3150215,15.337954,15.771537,16.785732,20.655407,21.00596,25.68031,25.620241,24.183914,23.527235,18.880337,18.639889,17.879574,13.680052,17.31184,16.593956,18.540857,18.22075,22.121489,21.000631,19.540148,16.296461,12.079259,9.959532,6.1546965,7.3818135,0.0,7.27129,7.605645,11.326289,12.845476,16.17642,20.420975,16.409822,15.107443,11.9496975,13.390358,9.234873,13.833189,10.519804,17.017069,15.436026,23.092464,23.104185,26.388721,30.305674,30.557106,27.951801,30.24088,24.290216,22.980556,22.386415,18.941515,15.483201,20.646893,14.741163,18.710169,18.4033,20.18875,21.828133,23.312578,26.589184,28.697556,28.066715,27.913977,26.693134,26.834972,23.729326,27.393574,24.377306,28.754858,27.905912,24.986343,30.510473,27.149126,29.511726,33.01278,28.080137,26.88042,23.635365,23.754124,20.791138,18.686632,19.32196,17.459276,20.111414,19.258236,23.78487,20.868006,22.896917,24.030434,22.663977,25.041107,24.28042,26.050837,29.102795,26.901344,30.514698,32.342346,32.49632,29.961025,31.482363,25.40592,27.231867,23.098099,25.493221
32,22.98694,22.560795,20.012674,18.566381,18.940474,15.392649,18.035145,16.10533,16.307234,18.77908,18.269114,22.128288,21.718784,20.983578,19.454556,15.904535,15.451851,16.19485,13.960192,16.608406,16.687756,19.892328,19.090527,23.971287,23.950226,23.399347,19.768824,16.15247,13.1881,10.866996,8.121162,7.27129,0.0,6.0487614,6.565226,9.948656,11.902702,15.602575,11.729098,10.384282,9.693893,10.920807,10.438359,14.471121,13.951008,20.304981,19.49895,26.98584,26.465664,30.583416,33.497944,34.529755,32.0012,34.851192,29.434746,28.608316,28.085821,25.286085,21.752094,26.729162,20.746393,23.561897,22.904564,23.618832,26.174355,26.11801,30.142656,31.739914,30.114275,29.510157,27.523327,26.748781,24.209618,26.714247,23.840965,27.726866,27.418777,25.133062,30.866713,27.870596,31.167406,34.483215,29.61468,27.948057,23.941328,24.354528,19.841082,17.81903,16.675272,14.1501875,15.694888,13.840666,18.312624,17.070755,19.135386,20.8713,20.943464,22.60113,23.28589,24.374,28.905022,26.065275,30.437302,32.72169,32.18667,29.223843,30.328642,23.96604,24.607256,20.553186,21.730661
33,19.571527,19.316105,15.734049,15.385596,15.432576,11.609675,15.258836,13.017958,15.038034,16.701948,17.901234,21.019363,22.337475,21.899628,21.99996,18.286285,19.102468,19.98123,17.621672,21.426962,21.746685,24.590336,24.092712,28.599566,27.9928,26.844557,23.381128,19.359041,16.716345,13.441107,12.368807,7.605645,6.0487614,0.0,4.513568,5.4239626,9.189466,13.701619,11.033298,11.25562,8.336453,12.472622,11.230479,16.089567,15.6356325,21.898512,21.846004,28.915255,29.541662,32.800606,36.524178,37.35456,35.06135,37.58921,31.627934,30.492317,29.513641,26.036707,22.401384,26.915777,20.405708,23.66813,22.365488,23.418821,24.720434,25.090525,28.339548,29.462503,28.34117,26.825531,24.857275,24.744797,23.201517,26.175848,24.12117,28.239874,28.590202,26.665627,32.361362,30.026659,33.07389,36.868294,32.12969,31.102352,27.193659,28.277596,23.906635,22.56173,21.945236,19.852427,21.58088,19.636776,24.06507,23.118643,25.142202,26.738276,26.599342,27.857855,28.210611,28.87363,32.89241,29.763725,33.786125,35.719704,34.913895,32.270615,32.60107,26.775902,27.105669,22.737213,24.086103
34,23.962618,23.52351,19.688892,19.115238,18.50667,14.186614,17.169065,13.534183,14.906666,15.315644,16.05136,18.315857,19.662102,19.806952,19.69033,16.876205,17.861195,19.655323,18.523445,21.894968,22.77362,26.145502,25.626936,30.430233,30.357965,29.638376,25.887499,22.226822,19.159689,16.489126,14.102494,11.326289,6.565226,4.513568,0.0,3.9621222,5.7544565,9.920388,7.735799,8.56965,7.662301,11.731494,12.757186,16.935509,17.931181,23.925953,24.37144,31.21377,31.7144,35.298138,38.524124,39.817116,37.65854,40.49879,34.7667,33.932262,32.868225,29.731894,26.009949,30.386559,23.84999,26.439514,24.956764,25.38245,27.178812,26.61475,30.240723,31.019945,29.289888,27.5053,25.078009,24.36445,23.315538,25.469627,23.666231,27.376602,28.160276,26.735703,32.427162,30.45914,33.982468,37.68227,33.070137,31.892754,27.63586,29.01446,23.899347,22.855753,21.41425,19.26396,20.35204,17.946032,22.158106,22.387218,24.22208,25.984724,26.6119,27.192448,28.287003,28.383287,33.067524,29.550756,33.87363,35.98565,34.717663,31.920603,31.83764,26.080032,25.57763,21.340488,21.86241
35,22.766687,22.277163,17.863216,17.873411,16.83469,12.448069,15.72019,11.73011,14.280582,13.883687,15.882365,17.48449,20.061628,20.379953,21.38812,18.52699,20.230103,21.999443,20.821978,24.797504,25.858099,29.063927,28.818886,33.38574,33.04486,32.050392,28.293438,24.544138,21.551449,18.574488,16.8284,12.845476,9.948656,5.4239626,3.9621222,0.0,4.519653,9.0563755,8.223344,10.124134,7.84759,13.223453,13.849635,18.150433,19.292437,25.012335,25.982893,32.42315,33.627632,36.686317,40.327156,41.571342,39.624092,42.31912,36.317493,35.398556,33.993313,30.584442,26.836857,30.783401,24.067549,26.689978,24.80561,25.314953,26.35575,25.90819,29.01011,29.398184,27.939322,25.523054,23.08706,22.78814,22.521255,24.874596,23.69335,27.4505,28.672907,27.535776,33.10246,31.612064,34.964905,38.92683,34.455524,33.685997,29.520025,31.317945,26.324594,25.703253,24.622946,22.773727,24.09173,21.789772,26.045135,26.261696,28.018225,29.61628,30.057323,30.358494,31.213884,31.03377,35.35275,31.673922,35.73396,37.60649,36.155266,33.594532,33.002357,27.690609,27.015188,22.684265,23.348238
