,0,1,2,3,4,5,6,7,8,9,10,11,12,13,14,15,16,17,18,19,20,21,22,23,24,25,26,27,28,29,30,31,32,33,34,35,36,37,38,39,40,41,42,43,44,45,46,47,48,49,50,51,52,53,54,55,56,57,58,59,60,61,62,63,64,65,66,67,68,69,70,71,72,73,74,75,76,77,78,79,80,81,82,83,84,85,86,87,88,89,90,91,92,93,94,95,96,97,98,99,100,101,102,103,104,105,106,107,108
0,0.0,4.31045,6.4061046,9.165104,12.183845,14.256821,17.427647,20.28318,23.828106,27.561613,29.63268,35.023163,32.141384,30.12727,25.554127,23.885838,19.741291,19.08415,13.946999,14.093816,11.446666,9.149954,12.366788,8.8989935,14.342026,16.361795,18.830162,17.515863,21.820292,21.731102,18.365194,21.533934,25.767042,23.740084,24.31865,27.58708,28.503311,28.264868,26.559492,26.325657,24.561525,26.32486,31.84836,30.819181,35.849747,38.299335,40.225548,41.958668,45.44851,45.70672,44.52826,46.722202,50.009205,49.04317,50.66263,48.724155,44.594975,46.767513,46.80565,46.438297,40.093246,42.655804,41.45467,39.925137,39.71048,35.70161,38.993484,36.822956,32.43088,32.919548,32.291496,28.684328,28.31021,28.091373,28.06304,26.491695,29.082317,27.969343,32.783825,31.249422,35.395195,38.4061,33.96557,31.115147,30.01608,25.741156,25.595663,20.886126,20.928165,18.256798,20.438152,22.157068,20.491858,24.72595,26.596241,30.302267,31.481646,29.125494,28.758024,33.23062,35.39037,37.252415,38.566902,36.93416,39.676132,35.878258,40.27052,38.58266,42.55116
1,4.31045,0.0,5.271724,6.3922124,8.861326,11.976761,14.28608,18.047598,21.1542,25.28821,27.26736,32.642586,30.33671,28.479004,24.065163,22.040092,18.29906,16.931494,12.996161,11.566506,9.923798,7.2754664,11.894819,8.908462,13.667425,15.403545,16.605742,14.861644,19.294395,19.959549,16.957842,19.242876,23.861576,22.799812,23.105211,25.997623,27.640245,27.950844,26.003569,25.67157,23.429855,24.592958,30.0393,28.404318,33.895084,35.85754,38.313755,39.50306,43.39423,43.62769,41.97687,44.16994,47.75947,46.66711,47.878593,45.868042,41.608437,43.517548,43.56863,42.87737,36.61974,39.215553,37.786564,36.08784,35.912815,31.702488,34.921707,32.739967,28.406837,29.220016,28.813107,25.304325,24.52404,24.702116,24.367718,23.191734,25.647327,24.844587,29.554832,28.403128,32.378002,35.30781,30.856026,27.76442,26.420368,22.24961,21.843359,17.352684,16.991373,14.37691,16.261389,17.93565,16.19946,20.433712,22.455692,26.288372,27.418772,24.88103,24.491829,29.076025,31.206402,33.12504,34.54371,32.87448,35.876522,32.11403,36.57156,35.11815,39.09929
2,6.4061046,5.271724,0.0,5.012997,7.0074263,8.17388,11.663846,14.023599,17.841,21.248896,23.601576,28.769955,26.194195,24.474083,19.618414,18.385727,14.381397,14.17595,9.661298,10.39342,9.992057,9.083383,13.822927,12.666453,17.462326,18.523027,20.19687,17.528389,21.980259,22.742119,18.47036,20.50184,26.051815,24.804508,24.032894,27.111668,28.88079,29.046297,26.19209,25.18225,23.268625,23.884642,29.664446,27.880209,33.265198,34.673946,37.04542,38.99351,42.562344,42.09287,40.642624,43.6299,46.629284,45.01759,46.73834,44.5037,40.642494,42.868816,43.50331,42.705177,36.535343,39.80361,38.66103,36.817425,37.506298,32.97094,36.688957,34.917313,30.578455,32.11619,31.6751,28.127724,26.453783,26.218609,25.174006,23.483149,25.20715,23.48538,28.12542,26.15248,30.188559,32.898117,28.372488,25.80174,25.340338,20.681496,21.743248,17.34309,18.01672,16.371317,18.237144,18.826733,17.216715,21.217709,22.079212,25.565483,26.620308,25.124895,25.130255,29.065279,30.927574,32.534332,33.555145,32.176662,34.438347,31.095518,35.433277,33.866085,37.998585
3,9.165104,6.3922124,5.012997,0.0,3.7626946,6.363355,8.7378,12.428571,15.138726,19.6611,21.159117,26.808882,24.261068,22.290577,18.254923,15.755362,12.243366,10.561505,7.5311794,5.683176,6.2484803,5.9309044,11.134498,11.513525,15.159238,15.496512,16.55606,13.264365,17.61804,18.77365,14.478344,15.814581,21.700886,21.088356,19.935026,22.718847,25.002277,25.610271,22.576239,21.562292,19.24496,19.50767,25.161371,23.13408,28.730434,30.127533,32.711853,34.244133,38.033207,37.79931,36.14746,38.86918,42.12829,40.700706,42.15252,40.01725,35.982746,38.13878,38.60242,37.941483,31.696936,34.848328,33.787884,32.073673,32.782787,28.418262,32.365562,30.835205,26.355291,27.912197,27.275606,23.685236,21.832325,21.306046,20.31781,18.499765,20.430298,18.988947,23.736675,22.19704,26.271513,29.273266,24.855722,21.96799,21.016468,16.645533,17.085379,12.473286,13.422242,11.966847,14.344371,14.914339,14.386219,18.171457,19.089134,21.870995,23.70441,22.211674,21.452389,25.161346,27.611818,29.569527,30.312119,28.568874,30.843002,26.959467,31.2821,29.53269,33.564865
4,12.183845,8.861326,7.0074263,3.7626946,0.0,4.6032944,5.4417005,9.983472,12.454611,16.970709,18.725706,24.079687,22.30417,20.745949,16.641308,14.385165,11.546864,9.712863,8.8080225,6.2834206,9.060032,9.091996,14.300503,14.810258,17.993847,18.135246,18.17116,14.537757,18.673462,20.532856,16.569891,16.798983,23.05458,23.270134,21.664333,24.027424,26.913061,27.887936,24.515972,23.22299,20.703781,20.071102,25.58265,22.806337,28.781479,29.280056,32.433666,33.667953,37.733147,37.127865,35.01317,38.112,41.42242,39.58444,40.781555,38.438194,34.46559,36.408806,37.18419,36.00046,29.966791,33.47265,32.20831,30.167536,31.301857,26.506826,30.468534,29.050854,24.772633,27.047602,26.760136,23.412952,20.704191,20.64876,18.84153,17.450378,18.65213,17.140093,21.618595,20.142097,23.953773,26.636694,22.119457,19.191355,18.46624,13.868065,14.9702635,10.99987,11.833858,11.251166,12.789542,12.483307,11.723016,15.270836,15.669372,18.648075,20.161118,18.976896,18.618673,22.1883,24.286222,26.074102,26.856798,25.303614,27.610094,24.135433,28.517788,27.117779,31.271223
5,14.256821,11.976761,8.17388,6.363355,4.6032944,0.0,4.6286426,6.1592517,9.684869,13.466607,15.479483,20.814823,18.450058,16.910131,12.341298,10.830619,7.6491275,7.4974566,6.5771885,7.238627,10.543102,11.784049,16.33425,17.731812,21.124224,20.926846,21.706316,17.764017,21.687994,23.27901,18.3833,18.657623,25.304945,25.097872,22.698391,25.233583,27.98478,28.714191,24.67334,22.808151,20.762302,19.722628,25.40604,22.729189,28.322407,28.413162,31.290436,33.39195,36.984608,35.73128,33.97131,37.784824,40.420517,38.154766,39.957466,37.455864,33.946735,36.282406,37.580956,36.48065,30.588276,34.63294,33.781414,31.75899,33.630512,28.809761,33.173798,32.18069,27.964298,30.578096,30.13419,26.78728,23.666422,23.017578,20.83471,18.798857,19.276567,16.688494,21.002241,18.50366,22.422428,24.936499,20.410406,18.209581,18.569586,13.642325,16.398792,12.777505,14.790655,14.979765,16.609741,15.542664,15.1792345,18.167582,17.374302,19.539852,21.131367,21.141163,21.017467,23.673967,25.58048,27.058361,27.286507,26.001326,27.335665,24.23847,28.351189,26.698149,30.910492
6,17.427647,14.28608,11.663846,8.7378,5.4417005,4.6286426,0.0,5.8701754,7.2652817,12.00588,13.628486,18.825317,17.657898,16.518208,12.796956,10.671274,9.29126,7.5744433,9.981316,8.022904,12.483393,13.584364,18.18805,19.759142,22.338371,21.869968,21.425985,17.27304,20.782896,23.117718,18.967236,17.983656,24.703585,25.582058,22.968758,24.866106,28.32983,29.613503,25.537493,23.675863,21.201887,19.311562,24.538313,21.015665,27.078821,26.335262,29.960077,31.266653,35.3471,34.038174,31.601402,35.43856,38.431713,35.9784,37.19217,34.579052,30.936596,32.89084,34.286224,32.69215,26.99207,31.18785,30.07955,27.79929,29.943785,24.849108,29.20055,28.38043,24.379782,27.569143,27.404373,24.366632,20.514404,20.322353,17.440382,15.999458,15.832273,13.579016,17.574955,15.685103,19.236757,21.575838,16.98942,14.361286,14.515112,9.5375805,12.6045475,9.93683,11.743359,12.904505,13.78499,11.86056,11.96682,14.289007,12.984713,14.922592,16.618362,16.874155,16.717638,19.116175,20.98363,22.52209,22.722965,21.388687,22.954023,19.935675,24.16378,22.870907,27.14136
7,20.28318,18.047598,14.023599,12.428571,9.983472,6.1592517,5.8701754,0.0,4.915633,7.315597,9.859271,14.750266,12.888091,12.092184,7.362774,7.409434,6.555018,7.9901,10.329334,11.55816,15.702967,17.509916,21.621565,23.691786,26.678474,26.050812,26.444906,22.15924,25.55257,27.499054,22.503176,21.805183,28.70642,29.011963,25.723421,27.819735,30.991138,31.928577,27.233278,24.783155,22.97179,20.737816,25.968096,22.702011,28.069954,26.74053,29.94145,32.364273,35.756844,33.542725,31.593992,36.374023,38.414833,35.344353,37.356297,34.530178,31.616587,34.028275,36.119465,34.594543,29.251266,34.030575,33.41138,31.175879,34.109802,29.079077,33.713776,33.31124,29.474895,32.910854,32.61315,29.59665,25.52543,24.775223,21.672184,19.628994,18.626652,15.140531,18.515203,15.1682825,18.603394,20.450962,15.988859,14.765717,16.619822,11.751156,16.582886,14.4896,17.106758,18.549507,19.556763,17.283484,17.39981,19.238438,16.827204,17.811438,19.245613,20.905418,21.20462,22.497566,23.873634,24.854197,24.390911,23.576689,23.756918,21.577501,25.257626,23.754467,27.991869
8,23.828106,21.1542,17.841,15.138726,12.454611,9.684869,7.2652817,4.915633,0.0,6.0348964,6.37867,11.923479,10.77986,10.124036,7.8344483,6.1592717,8.107262,7.8905354,12.874553,12.618917,17.322794,19.418657,23.081652,25.841356,27.969784,26.85073,26.588818,22.112032,24.846018,27.171188,22.564753,20.802742,27.631313,28.708553,24.929728,26.407326,30.09758,31.46445,26.584423,24.004837,22.028036,18.872786,23.456709,19.582241,24.9949,22.765001,26.47983,28.484533,32.064476,29.64294,27.259302,32.243084,34.331852,31.04672,32.773712,29.859821,27.009218,29.330902,31.661184,29.980581,24.877363,29.929417,29.471731,27.2359,30.72087,25.805485,30.672768,30.779919,27.155485,30.941534,30.611391,27.886274,23.28746,22.33709,18.76875,16.774942,14.863364,11.095954,13.876357,10.511781,13.736708,15.625281,11.133278,9.976536,12.342008,7.916124,13.610065,12.771624,15.787011,18.131657,18.9283,16.062235,17.312065,18.189898,15.109832,14.461995,16.724146,19.181952,18.942528,19.144716,20.841532,21.94947,20.826933,19.829014,19.411741,17.07036,20.53951,18.932384,23.14718
9,27.561613,25.28821,21.248896,19.6611,16.970709,13.466607,12.00588,7.315597,6.0348964,0.0,4.926898,7.6199946,7.7143445,8.986824,6.3347316,8.907432,11.184362,13.001232,16.815052,18.014288,22.436434,24.511864,28.301355,30.81932,33.438942,32.476883,32.479595,28.031254,30.865269,33.101078,28.233307,26.709816,33.544254,34.373337,30.41699,31.980606,35.487823,36.63976,31.510015,28.647997,27.109196,23.866049,28.209997,24.477472,29.267138,26.254934,29.749115,32.34756,35.41416,32.091106,29.901403,35.70668,36.982433,32.952656,35.10218,31.927593,29.910812,32.27625,35.29865,33.252613,28.869408,34.311176,33.967155,31.56664,35.599174,30.553192,35.26976,35.537853,32.275284,36.433544,36.30618,33.732094,28.900719,28.126411,24.29819,22.481516,19.991022,16.033478,17.598614,13.617186,15.689058,16.186193,12.331204,13.003835,16.658762,12.966478,19.10017,18.757322,21.540918,23.891048,24.314278,21.19188,21.74643,22.32872,18.531612,17.920286,18.985819,22.451027,23.158781,22.742737,23.344288,23.609879,22.212793,22.109224,20.616442,19.977552,22.742176,21.600521,25.59448
10,29.63268,27.26736,23.601576,21.159117,18.725706,15.479483,13.628486,9.859271,6.37867,4.926898,0.0,6.403251,5.238992,6.065062,7.155509,7.5189867,11.407644,12.420823,17.49377,18.202717,22.683115,25.178871,28.282566,31.604265,33.53714,32.091454,32.02477,27.481806,29.734764,31.939283,27.145733,25.093063,31.697094,32.78259,28.362131,29.528194,33.171116,34.496986,29.197437,26.189302,24.778112,20.981762,24.686386,20.912249,25.23835,21.736343,25.221048,27.937109,30.797682,27.26238,25.12084,31.13174,32.15377,28.046034,30.364313,27.216078,25.40591,28.032915,31.21292,29.533545,25.288502,30.84245,30.97631,28.887972,33.28944,28.723137,33.75222,34.50953,31.266037,35.32575,34.894115,32.43471,27.558538,26.158781,22.40791,20.207645,17.300564,13.0003195,13.910714,9.427087,11.39011,12.243632,8.730599,10.201107,14.250275,11.579661,17.61346,17.816448,21.134678,23.868273,24.611681,21.449673,23.072025,23.25673,19.438974,17.28041,19.540438,23.26814,23.075863,21.781015,23.117863,23.73325,21.585218,21.049202,18.718384,17.458199,19.729939,17.95342,21.73259
11,35.023163,32.642586,28.769955,26.808882,24.079687,20.814823,18.825317,14.750266,11.923479,7.6199946,6.403251,0.0,6.7695665,9.951193,11.466586,13.673729,17.300364,18.745256,23.461086,24.349586,28.89097,31.227827,34.57585,37.64346,39.73379,38.378635,38.04855,33.530716,35.71635,38.12192,33.501366,31.253395,37.76294,39.091434,34.603397,35.565914,39.31133,40.694183,35.33304,32.24107,30.959938,26.956161,30.126862,26.19665,30.068851,25.517584,29.114351,31.691877,34.28136,29.965635,27.598093,34.201588,34.621414,29.734867,31.93765,28.533472,27.636976,29.89843,33.775314,31.423744,28.274044,34.09319,34.185387,31.861858,36.83376,32.170277,36.88423,37.903225,35.22247,39.783863,39.679398,37.561966,32.29779,31.324335,27.1742,25.537996,21.990755,18.105984,17.61232,13.737023,13.716135,12.425943,10.502403,13.430099,18.0921,16.307198,22.442635,23.457703,26.352602,29.317097,29.47215,25.93019,27.15645,26.734833,22.26311,19.87139,21.011023,25.700764,26.28219,24.167536,24.359953,24.115768,21.57961,21.99192,18.521832,19.356798,20.655418,19.789925,23.071238
12,32.141384,30.33671,26.194195,24.261068,22.30417,18.450058,17.657898,12.888091,10.77986,7.7143445,5.238992,6.7695665,0.0,3.5936768,6.933119,9.233766,12.910629,15.22195,19.333735,21.388056,25.383348,28.171432,30.842684,34.452564,36.591953,35.06628,35.703938,31.166048,33.422356,35.191326,29.886757,28.307507,34.806656,35.27141,30.582262,31.95585,35.11209,36.05381,30.517225,27.231974,26.481785,22.882124,26.382908,23.373753,26.650284,23.257576,25.767153,29.626253,31.540562,27.385063,26.176271,32.63972,32.62434,28.254309,31.521952,28.4416,27.426107,30.514788,33.96958,32.77726,28.834538,34.399277,35.004494,33.19281,37.753777,33.491787,38.63417,39.53139,36.23049,40.103096,39.444664,36.86757,32.228867,30.364265,26.936636,24.268368,21.549103,17.01238,17.671394,12.762136,14.361553,14.851186,12.558264,14.86131,18.965998,16.572037,22.373688,22.183477,25.800556,28.30765,29.41164,26.443272,27.983625,28.40053,24.625095,22.453545,24.625765,28.469126,28.300486,26.866415,28.148926,28.585384,26.204271,25.850178,22.848333,21.904915,23.56024,21.46628,24.78126
13,30.12727,28.479004,24.474083,22.290577,20.745949,16.910131,16.518208,12.092184,10.124036,8.986824,6.065062,9.951193,3.5936768,0.0,5.97053,6.6786485,10.450011,12.719219,16.76458,19.009502,22.723291,25.714834,27.9698,31.900013,33.87333,32.21468,33.187134,28.684172,30.87236,32.370995,26.87992,25.519371,31.93301,32.102463,27.35376,28.856054,31.803082,32.62267,27.059412,23.74234,23.13174,19.708052,23.384403,20.773813,23.915407,21.263657,23.371918,27.585222,29.384468,25.611454,24.799776,30.920208,31.010654,27.11973,30.62502,27.764635,26.430897,29.801008,32.875965,32.22945,27.831627,33.153225,33.93544,32.38462,36.63135,32.618153,37.912243,38.741367,35.167213,38.645824,37.7169,34.96,30.68102,28.403147,25.39563,22.283228,20.068974,15.403907,16.725666,11.659639,14.152941,15.643168,13.107174,14.759801,18.282866,15.751813,21.068205,20.338903,24.242569,26.529087,28.087782,25.459063,27.283958,28.024738,24.702894,22.558073,25.31079,28.634754,27.97395,26.876158,28.765497,29.610601,27.336658,26.532888,23.935646,22.022112,23.9281,21.307077,24.652313
14,25.554127,24.065163,19.618414,18.254923,16.641308,12.341298,12.796956,7.362774,7.8344483,6.3347316,7.155509,11.466586,6.933119,5.97053,0.0,5.531053,7.1101403,10.685374,13.266014,16.281597,19.932438,22.530922,25.555292,28.637014,31.404243,30.295038,31.438105,27.01604,29.936993,31.434557,25.781986,25.116087,31.887728,31.71078,27.584871,29.642603,32.450523,33.0748,27.776535,24.722912,23.797018,21.143883,25.846554,23.169502,27.244104,25.416687,27.772148,31.556622,33.887516,30.719177,29.634916,35.276073,36.04453,32.473293,35.55355,32.68005,30.734283,33.78609,36.49894,35.479874,30.598345,35.76691,35.949104,34.062206,37.75386,33.19421,38.241695,38.457306,34.69533,38.141605,37.467,34.474697,30.344873,28.67287,25.65323,22.837135,21.22898,16.807928,19.24579,14.587077,17.673306,19.190577,15.601539,16.16028,19.252552,15.384897,20.82157,19.223856,22.699818,24.47096,25.909037,23.484516,24.341457,25.716614,22.701674,22.108152,24.05504,26.788948,26.76922,26.797302,28.280128,29.02629,27.573742,26.93925,25.443113,23.643322,26.385935,24.281828,28.118486
15,23.885838,22.040092,18.385727,15.755362,14.385165,10.830619,10.671274,7.409434,6.1592717,8.907432,7.5189867,13.673729,9.233766,6.6786485,5.531053,0.0,4.500925,6.100127,10.592285,12.345315,16.187113,19.086292,21.616259,25.341396,27.382317,25.895874,26.85165,22.367184,24.929749,26.436981,20.924894,19.86684,26.570198,26.661152,22.372185,24.230759,27.25888,28.14125,22.86101,19.885063,18.651028,15.755827,20.534477,17.793818,22.168678,20.871223,23.353302,26.775265,29.426132,26.918112,25.718967,30.769875,32.08994,29.101551,31.89922,29.256418,26.752254,29.867138,32.09143,31.517141,26.198626,31.06165,31.37188,29.768267,33.16653,28.969448,34.18589,34.486465,30.523895,33.60777,32.645847,29.60148,25.705416,23.574291,20.904455,17.696024,16.49653,12.089272,15.222921,10.870938,14.797781,17.405088,13.659362,13.2950535,15.475385,11.825082,16.468206,14.622502,18.518578,20.36205,22.248585,20.090036,21.82614,23.192644,20.693377,19.523302,22.532286,24.721281,23.766914,23.850956,26.248003,27.606426,26.08625,24.77693,23.70059,20.642708,23.602491,20.972034,24.803387
16,19.741291,18.29906,14.381397,12.243366,11.546864,7.6491275,9.29126,6.555018,8.107262,11.184362,11.407644,17.300364,12.910629,10.450011,7.1101403,4.500925,0.0,4.7267485,6.42337,9.712675,12.932383,15.741879,18.462603,21.796766,24.417068,23.289204,24.859385,20.559723,23.67221,24.80526,18.957499,18.923489,25.654934,25.044933,21.319685,23.78222,26.330564,26.847597,21.867336,19.16827,17.939829,16.169388,21.635313,19.47873,24.01,23.870604,25.969572,29.397282,32.07802,30.14913,29.207737,33.692986,35.293907,32.78195,35.559235,33.087357,30.254637,33.31722,35.08942,34.6821,28.985815,33.447178,33.524933,31.945475,34.675766,30.416996,35.44891,35.26818,31.037193,33.68273,32.681274,29.343302,26.024105,24.035707,21.884735,18.661968,18.478312,14.597704,18.50996,14.713495,18.865282,21.619211,17.625927,16.599426,18.013603,13.75494,17.562689,14.519744,18.113638,19.139631,21.381992,19.84976,20.969776,23.118206,21.350025,21.362059,24.037046,25.376717,24.55811,25.661613,28.073399,29.547266,28.615572,27.235746,26.966618,23.67467,27.056086,24.53355,28.462425
17,19.08415,16.931494,14.17595,10.561505,9.712863,7.4974566,7.5744433,7.9901,7.8905354,13.001232,12.420823,18.745256,15.22195,12.719219,10.685374,6.100127,4.7267485,0.0,6.536866,6.321291,10.376422,13.213659,15.8770895,19.539026,21.386774,19.984201,20.866219,16.421963,19.300507,20.784388,15.380811,14.625606,21.479229,21.55301,17.875122,20.009924,23.085178,24.08575,19.330158,16.949234,14.99188,12.946952,18.465065,15.854128,21.09358,21.221697,23.824715,26.324345,29.611341,28.346483,26.91664,30.753712,33.106464,31.03324,33.166294,30.844692,27.45105,30.252085,31.568201,31.216188,25.23902,29.38086,29.302805,27.806131,30.1994,26.083778,31.11668,30.921667,26.595224,29.069513,27.986311,24.661098,21.38959,19.32353,17.326815,14.074807,14.367948,11.027156,15.52372,12.714362,17.085983,20.358978,16.306122,14.329531,14.63875,10.591929,13.293987,9.945441,13.750838,14.919519,17.376389,16.02154,17.864212,19.889133,18.613758,18.356483,21.66087,22.45265,20.957127,22.238958,25.232811,27.139107,26.313946,24.47787,24.804943,20.728168,24.36007,21.76644,25.68993
18,13.946999,12.996161,9.661298,7.5311794,8.8080225,6.5771885,9.981316,10.329334,12.874553,16.815052,17.49377,23.461086,19.333735,16.76458,13.266014,10.592285,6.42337,6.536866,0.0,6.2078743,7.3790364,10.055694,12.710272,15.675928,18.749285,18.03263,20.414274,16.58724,20.219742,20.742207,14.772025,16.199392,22.532003,21.0827,18.419632,21.519245,23.418795,23.576246,19.388535,17.446848,16.021444,15.967171,21.8742,20.514364,25.173527,26.616423,28.338606,31.33337,34.19852,33.339794,32.571613,35.977108,38.20362,36.55133,39.03667,36.902546,33.49061,36.39681,37.356754,37.32615,31.154978,34.826313,34.645267,33.273857,34.911697,30.899662,35.599182,34.834183,30.284157,32.03666,30.861158,27.199156,24.982832,23.074854,21.964787,18.817368,20.149729,17.331863,21.981472,19.18717,23.571108,26.75253,22.634,20.70052,20.808023,16.507223,18.410093,14.018678,16.921768,16.61422,19.518438,19.20617,19.89732,22.944,22.54112,23.653112,26.286913,26.246517,25.14201,27.466774,30.230722,32.07758,31.817247,30.09793,30.923887,26.966413,30.767786,28.25042,32.150673
19,14.093816,11.566506,10.39342,5.683176,6.2834206,7.238627,8.022904,11.55816,12.618917,18.014288,18.202717,24.349586,21.388056,19.009502,16.281597,12.345315,9.712675,6.321291,6.2078743,0.0,4.9091063,7.1065264,10.55253,13.522359,15.475586,14.530814,15.380483,11.191074,14.871181,16.235806,11.273639,11.524593,18.105293,17.980928,15.700351,18.196898,21.007118,21.991768,18.327194,16.974771,14.429572,14.015301,19.649525,17.50525,23.098804,24.498877,27.054455,28.618784,32.355133,32.172028,30.590504,33.263847,36.461655,35.161118,36.679554,34.65318,30.630522,32.99895,33.456436,33.200104,26.869896,30.10793,29.50232,28.081541,29.207563,25.209375,29.71921,28.802122,24.193832,25.84226,24.7538,21.129519,18.90157,17.347656,16.37107,13.715152,15.705715,14.059944,18.956442,17.513727,21.743076,25.159233,21.02135,18.128948,16.96617,13.071319,13.269804,8.419552,10.911915,10.481189,13.609706,13.666302,15.018698,17.968925,18.317234,19.471111,22.4876,21.654089,19.917948,22.676897,25.887133,28.14623,28.17605,26.05726,27.745022,23.218365,27.299265,25.02652,28.890568
20,11.446666,9.923798,9.992057,6.2484803,9.060032,10.543102,12.483393,15.702967,17.322794,22.436434,22.683115,28.89097,25.383348,22.723291,19.932438,16.187113,12.932383,10.376422,7.3790364,4.9091063,0.0,3.5478783,5.9199414,9.287714,11.51206,10.813909,13.267139,9.920444,13.818872,14.016572,8.721682,11.1442585,16.689747,15.2484665,14.042124,17.1841,18.963745,19.391016,16.527699,15.86369,13.613443,14.911613,20.449575,19.482409,24.40692,27.072798,28.869532,30.598063,34.005424,34.447056,33.40193,35.39701,38.63125,37.943623,39.620544,37.897125,33.776714,36.244812,36.204178,36.508034,30.039183,32.64193,32.14298,31.093422,31.466654,28.015135,32.245857,31.034391,26.29183,26.95338,25.533688,21.692654,20.784658,18.974234,19.176394,16.452553,19.346733,18.145863,23.074314,21.788116,26.092064,29.705694,25.708105,22.825901,21.343014,17.798796,17.090372,12.015427,13.765807,12.057684,15.728579,16.889435,17.913351,21.28424,22.413633,23.90434,26.880703,25.42468,23.506712,26.715666,30.10269,32.49892,32.734802,30.482752,32.410065,27.610659,31.641294,29.18517,32.845966
21,9.149954,7.2754664,9.083383,5.9309044,9.091996,11.784049,13.584364,17.509916,19.418657,24.511864,25.178871,31.227827,28.171432,25.714834,22.530922,19.086292,15.741879,13.213659,10.055694,7.1065264,3.5478783,0.0,5.501809,6.4472575,9.393691,9.674537,11.745594,9.164045,13.465389,13.7208605,9.776126,12.410458,17.199352,15.92945,15.839274,18.811447,20.472965,20.937176,18.864397,18.685722,16.300142,17.84035,23.11395,22.025116,27.140245,29.842283,31.861406,33.078922,36.759422,37.454056,36.151825,37.84272,41.431293,40.857933,42.180813,40.477135,36.152046,38.321648,38.04644,38.128357,31.67131,33.967667,33.087868,31.930634,31.76528,28.251003,32.033806,30.396935,25.706635,26.06032,24.868961,21.056995,20.631752,19.525293,19.950283,17.91319,21.04588,20.39011,25.274483,24.380302,28.549915,32.04727,27.94151,24.784456,22.971148,19.428679,18.158262,13.15409,13.7905,11.251734,14.682445,16.500938,16.863327,20.568254,22.38356,24.636864,27.178907,25.03875,23.31085,27.167536,30.36297,32.773716,33.470192,31.245836,33.765182,29.067453,33.276028,31.147482,34.835407
22,12.366788,11.894819,13.822927,11.134498,14.300503,16.33425,18.18805,21.621565,23.081652,28.301355,28.282566,34.57585,30.842684,27.9698,25.555292,21.616259,18.462603,15.8770895,12.710272,10.55253,5.9199414,5.501809,0.0,5.9701743,6.5882554,5.8605466,10.471657,8.992959,12.159851,10.755961,6.5235534,11.024559,14.257291,11.473923,12.264428,15.620676,16.164518,16.144909,14.9479265,15.542117,13.556469,16.496315,21.216253,21.397884,25.532827,29.4808,30.62359,32.008854,35.2036,36.58069,35.91467,36.84146,40.348866,40.50615,42.031208,40.732624,36.40899,38.79744,38.032345,38.96718,32.45279,34.12868,33.71636,33.16491,32.567657,29.952581,33.765182,32.322453,27.564737,26.975204,25.133186,21.249695,21.974632,19.920847,21.490406,18.939407,22.715504,22.29744,27.105528,26.389458,30.612036,34.465694,30.722641,27.676628,25.586422,22.689547,20.74175,15.820747,16.802423,14.212985,18.138079,20.313503,21.45281,24.853346,26.794373,28.286825,31.44603,29.316788,26.933313,30.433456,34.17191,36.829746,37.224586,34.701775,36.973015,31.734102,35.654728,33.049683,36.370594
23,8.8989935,8.908462,12.666453,11.513525,14.810258,17.731812,19.759142,23.691786,25.841356,30.81932,31.604265,37.64346,34.452564,31.900013,28.637014,25.341396,21.796766,19.539026,15.675928,13.522359,9.287714,6.4472575,5.9701743,0.0,5.4958086,7.839038,11.192305,11.172642,14.73403,13.709616,11.734225,15.590513,18.118196,15.844883,17.750368,20.756664,21.22929,21.165325,20.71692,21.494724,19.470495,22.177496,26.87979,26.613613,31.158342,34.772278,36.319157,37.284622,40.812603,42.19109,41.157425,42.05863,45.875256,45.905067,47.099113,45.682266,41.187565,43.229706,42.38867,42.820633,36.36171,37.895657,36.91144,36.05093,34.92263,31.99598,35.156025,33.0759,28.506529,27.701693,26.3901,22.680233,23.79308,22.924719,24.351818,22.695843,26.399546,26.29032,31.11096,30.548523,34.68224,38.27638,34.248455,30.964895,28.77661,25.551529,23.5032,18.690178,18.484938,15.146636,18.318777,21.067106,20.972036,24.813173,27.44925,30.127993,32.456432,29.571007,27.788351,32.138256,35.35651,37.870605,38.928402,36.609947,39.580067,34.72529,38.930458,36.8338,40.331455
24,14.342026,13.667425,17.462326,15.159238,17.993847,21.124224,22.338371,26.678474,27.969784,33.438942,33.53714,39.73379,36.591953,33.87333,31.404243,27.382317,24.417068,21.386774,18.749285,15.475586,11.51206,9.393691,6.5882554,5.4958086,0.0,3.4577196,7.1041026,8.797926,10.9997,9.167583,9.501348,13.193482,13.829254,11.802613,14.940841,17.367073,17.648739,17.951069,18.589823,20.11332,17.887766,20.96082,24.759682,24.907698,29.054554,33.26059,34.65048,34.89095,38.49558,40.618015,39.572502,39.55688,43.773045,44.438595,45.217155,44.15092,39.45362,41.29078,39.849804,40.73654,34.357735,35.113926,34.229774,33.82406,32.03562,29.93544,32.862743,30.879282,26.359789,24.63771,22.87727,19.25146,21.49767,20.287628,22.725885,21.238495,25.507074,26.168377,30.744999,30.912256,34.847298,38.665966,34.99395,31.514202,28.6853,26.301485,23.09429,18.673428,18.185156,14.764304,18.165106,21.357122,22.190845,25.52166,28.514475,30.513407,33.39624,30.25576,27.695965,31.826048,35.571148,38.40963,39.329586,36.65811,39.765396,34.41235,38.399494,36.165806,39.274334
25,16.361795,15.403545,18.523027,15.496512,18.135246,20.926846,21.869968,26.050812,26.85073,32.476883,32.091454,38.378635,35.06628,32.21468,30.295038,25.895874,23.289204,19.984201,18.03263,14.530814,10.813909,9.674537,5.8605466,7.839038,3.4577196,0.0,6.1040444,7.1673007,8.684897,6.2567687,6.4243555,10.245039,10.6657915,8.495439,11.537858,13.917361,14.315517,14.870192,15.418816,17.06074,14.743612,17.92629,21.445278,21.85462,25.745049,30.195574,31.40577,31.639673,35.138718,37.407513,36.495,36.309162,40.48077,41.317795,42.143436,41.19572,36.537384,38.48651,36.97266,38.17664,31.790506,32.474907,31.894968,31.723335,30.110552,28.307106,31.547655,29.936165,25.331953,23.624578,21.493982,17.776722,19.974833,18.054613,20.776033,18.90257,23.31071,24.017889,28.492697,28.769325,32.66373,36.62079,33.17101,29.773952,26.869,24.838314,21.452824,17.135275,17.1411,14.139023,17.905605,20.835228,22.409773,25.423143,28.105656,29.405458,32.76724,29.976048,27.00965,30.6544,34.72894,37.679825,38.24913,35.427864,38.2142,32.608307,36.404797,33.918236,36.858044
26,18.830162,16.605742,20.19687,16.55606,18.17116,21.706316,21.425985,26.444906,26.588818,32.479595,32.02477,38.04855,35.703938,33.187134,31.438105,26.85165,24.859385,20.866219,20.414274,15.380483,13.267139,11.745594,10.471657,11.192305,7.1041026,6.1040444,0.0,4.551455,4.8993173,5.3522406,9.048886,9.708342,9.634366,11.031513,13.650191,14.604111,16.5546,18.25513,18.664394,20.134745,17.118784,19.038023,21.972597,21.261799,25.884283,29.508213,31.666323,30.574385,34.88247,37.30532,35.507027,34.982105,39.883347,40.658085,40.566433,39.59076,34.609295,35.894447,34.102425,34.768246,28.585844,28.84954,27.657389,27.326694,25.098743,23.334202,26.04391,24.177094,19.705284,17.692295,15.790357,12.156973,14.886675,13.9767475,16.956663,16.322521,20.808905,22.567524,26.63411,27.862843,31.29255,35.050888,31.73041,27.939877,24.375551,22.99246,18.499817,15.058623,13.751337,10.592907,13.73173,17.134806,19.013817,21.485407,24.74519,26.075409,29.320389,25.957825,22.679285,26.551105,30.647696,33.74529,34.610573,31.673082,35.10493,29.527912,33.3481,31.369272,34.17137
27,17.515863,14.861644,17.528389,13.264365,14.537757,17.764017,17.27304,22.15924,22.112032,28.031254,27.481806,33.530716,31.166048,28.684172,27.01604,22.367184,20.559723,16.421963,16.58724,11.191074,9.920444,9.164045,8.992959,11.172642,8.797926,7.1673007,4.551455,0.0,4.481925,6.4700513,6.8303766,6.525605,9.65456,11.245643,11.958745,13.24453,16.067669,17.9091,16.925444,17.663136,14.38844,15.577137,19.18511,17.880793,23.05966,26.120398,28.562397,27.920504,32.286156,34.117195,32.22547,32.457302,37.08293,37.353848,37.547413,36.308308,31.447329,32.983223,31.726042,32.160812,25.791534,26.866802,25.832806,25.21054,23.971655,21.510973,24.978416,23.49373,18.760857,18.020462,16.247631,12.358002,13.242494,11.813612,13.930511,12.680427,16.993732,18.306244,22.587141,23.499155,27.062471,30.824781,27.392246,23.683434,20.373444,18.698092,14.646516,10.760181,10.174794,7.424249,11.299248,14.047255,16.36657,18.856075,21.478474,22.494192,25.975544,23.21023,19.964699,23.514791,27.655806,30.679575,31.247448,28.37059,31.410645,25.862787,29.77033,27.655973,30.705717
28,21.820292,19.294395,21.980259,17.61804,18.673462,21.687994,20.782896,25.55257,24.846018,30.865269,29.734764,35.71635,33.422356,30.87236,29.936993,24.929749,23.67221,19.300507,20.219742,14.871181,13.818872,13.465389,12.159851,14.73403,10.9997,8.684897,4.8993173,4.481925,0.0,4.1963916,7.9709334,6.134229,6.0970173,9.653799,10.894794,10.910217,14.017918,16.472946,16.299,17.569675,14.280008,15.478193,17.754967,16.83202,21.434046,24.948305,27.237461,25.760572,30.21202,32.745193,30.827015,30.11634,35.129093,36.00662,35.76032,34.88704,29.885382,31.186716,29.314503,30.25017,24.053051,24.253605,23.39479,23.334541,21.453993,20.048853,23.309422,22.116047,17.55653,15.86587,13.4136305,9.625841,11.897025,9.73209,13.259094,12.290609,16.96916,19.081043,22.81174,24.445341,27.643879,31.51048,28.569693,24.863104,21.086748,20.451075,15.526622,12.705116,12.035613,10.055638,13.361384,16.054932,19.097635,20.865757,23.542711,23.716566,27.63666,24.86556,20.988533,23.982862,28.54161,31.780659,32.124855,28.978802,31.978601,26.076464,29.598326,27.36078,29.903212
29,21.731102,19.959549,22.742119,18.77365,20.532856,23.27901,23.117718,27.499054,27.171188,33.101078,31.939283,38.12192,35.191326,32.370995,31.434557,26.436981,24.80526,20.784388,20.742207,16.235806,14.016572,13.7208605,10.755961,13.709616,9.167583,6.2567687,5.3522406,6.4700513,4.1963916,0.0,6.5690746,7.2041574,4.7892165,6.06627,9.050558,9.66679,11.301038,13.270645,14.120523,16.050972,13.247424,15.742054,17.881433,18.210058,21.875298,26.407295,27.825514,26.949106,30.78053,33.649,32.421024,31.402311,36.086483,37.383453,37.5845,36.932724,32.0955,33.729107,31.702475,33.24744,27.058363,27.039015,26.618982,26.90861,24.939491,24.00083,27.21437,26.055834,21.59295,19.406538,16.706026,13.152015,15.999936,13.381266,17.080957,15.461942,20.175308,21.800068,25.683662,26.885855,30.31579,34.35217,31.436464,27.946976,24.45079,23.580385,19.131893,15.841895,15.745951,13.513535,17.096022,19.853447,22.587664,24.705925,27.3215,27.544703,31.50956,28.83681,25.083601,28.038052,32.612072,35.818584,36.063305,32.931126,35.652046,29.66396,33.07393,30.51366,32.95779
30,18.365194,16.957842,18.47036,14.478344,16.569891,18.3833,18.967236,22.503176,22.564753,28.233307,27.145733,33.501366,29.886757,26.87992,25.781986,20.924894,18.957499,15.380811,14.772025,11.273639,8.721682,9.776126,6.5235534,11.734225,9.501348,6.4243555,9.048886,6.8303766,7.9709334,6.5690746,0.0,5.2028813,8.434515,6.7436204,6.34758,9.256897,10.856184,11.974197,10.507674,11.431042,8.641356,11.512304,15.391474,15.819283,19.716284,24.079477,25.194534,25.950846,29.28623,31.195755,30.454393,30.73649,34.541954,35.15741,36.356483,35.344116,30.900045,33.244423,32.116386,33.565487,27.109116,28.367067,28.357208,28.278881,27.699068,25.817171,29.903484,29.045664,24.316866,23.527596,21.13595,17.331146,18.169632,15.001839,17.297157,14.330731,18.534492,18.738829,23.16219,23.187578,27.124563,31.23221,28.036678,24.953972,22.336521,20.56409,17.650665,13.400333,14.861434,13.116313,17.27504,19.17666,21.741926,24.281033,25.981821,26.133682,30.152666,28.34736,25.072556,27.725044,32.105392,35.050213,34.937042,32.053757,34.01729,28.234938,31.758223,28.826046,31.702425
31,21.533934,19.242876,20.50184,15.814581,16.798983,18.657623,17.983656,21.805183,20.802742,26.709816,25.093063,31.253395,28.307507,25.519371,25.116087,19.86684,18.923489,14.625606,16.199392,11.524593,11.1442585,12.410458,11.024559,15.590513,13.193482,10.245039,9.708342,6.525605,6.134229,7.2041574,5.2028813,0.0,6.9123173,8.932861,6.8972025,7.72106,11.596418,13.959028,11.879404,12.2706,8.747731,9.467139,12.6639805,11.858899,16.608032,20.21989,22.185415,21.935276,25.959116,27.890429,26.447979,26.619804,30.920053,31.427393,32.0287,30.984108,26.312887,28.368336,27.177343,28.43859,21.987635,23.246675,23.19338,23.12465,22.785637,20.976734,25.3035,24.852865,20.19735,19.842743,17.40073,13.749688,13.817796,10.078537,12.446968,9.443496,13.891157,14.865693,18.912231,19.764956,23.314318,27.417547,24.525473,21.26279,18.144146,17.252394,13.508083,10.16256,11.720361,11.01881,14.861569,16.28216,19.773655,21.528925,22.987614,22.285023,26.730366,25.15257,21.385616,23.442995,28.123161,31.205475,30.848103,27.78283,29.718458,23.714994,27.078604,24.195467,26.901712
32,25.767042,23.861576,26.051815,21.700886,23.05458,25.304945,24.703585,28.70642,27.631313,33.544254,31.697094,37.76294,34.806656,31.93301,31.887728,26.570198,25.654934,21.479229,22.532003,18.105293,16.689747,17.199352,14.257291,18.118196,13.829254,10.6657915,9.634366,9.65456,6.0970173,4.7892165,8.434515,6.9123173,0.0,5.962038,7.340074,5.9974055,8.659391,11.630355,12.425703,14.442666,11.701906,13.69415,14.392549,15.183557,18.080313,22.96972,24.131596,22.785454,26.530859,29.850883,28.737415,27.111967,31.894861,33.62296,33.67091,33.31447,28.531054,30.194593,27.870707,30.022879,24.022896,23.584064,23.728203,24.554981,22.767683,22.64219,26.117918,25.63828,21.383886,19.212448,16.031818,12.896402,15.5561695,11.800432,15.996189,14.05467,18.673317,20.586622,23.899242,25.503756,28.59462,32.71517,30.333933,27.063736,23.463062,23.449257,18.797848,16.35322,16.832012,15.59721,18.9999,21.16626,24.67391,26.167501,28.300547,27.453306,31.954193,29.801878,25.598475,27.634518,32.558167,35.857376,35.603687,32.30198,34.52742,28.287619,31.212847,28.352987,30.324633
33,23.740084,22.799812,24.804508,21.088356,23.270134,25.097872,25.582058,29.011963,28.708553,34.373337,32.78259,39.091434,35.27141,32.102463,31.71078,26.661152,25.044933,21.55301,21.0827,17.980928,15.2484665,15.92945,11.473923,15.844883,11.802613,8.495439,11.031513,11.245643,9.653799,6.06627,6.7436204,8.932861,5.962038,0.0,5.440144,6.9371834,5.978007,7.264395,9.1418295,11.880148,10.098957,13.99268,15.564847,17.659407,19.729116,25.461243,25.566805,25.783825,28.55872,31.667477,31.504587,30.316648,34.255943,36.00952,37.006153,36.637108,32.216633,34.466938,32.489635,34.932026,28.810932,28.84971,29.302383,30.047628,28.63483,28.149511,31.80875,31.148232,26.71914,24.668768,21.64768,18.305819,20.750864,17.069445,20.662859,17.955744,22.418661,23.281374,27.099648,27.701292,31.286407,35.53005,32.889084,29.907894,26.9261,26.05719,22.399952,18.94428,20.03397,18.296885,22.202423,24.447338,27.36525,29.551386,31.551655,31.170963,35.518097,33.51535,29.733744,32.0577,36.801636,39.95533,39.691334,36.553783,38.462933,32.331905,35.38874,32.227764,34.443527
34,24.31865,23.105211,24.032894,19.935026,21.664333,22.698391,22.968758,25.723421,24.929728,30.41699,28.362131,34.603397,30.582262,27.35376,27.584871,22.372185,21.319685,17.875122,18.419632,15.700351,14.042124,15.839274,12.264428,17.750368,14.940841,11.537858,13.650191,11.958745,10.894794,9.050558,6.34758,6.8972025,7.340074,5.440144,0.0,3.9841328,5.3616533,7.2818503,5.4409127,7.223084,4.8665633,8.652292,10.578811,12.865699,14.916713,20.54733,20.57448,21.53424,24.165236,26.732874,26.726027,26.2543,29.761696,31.122713,32.57524,32.041233,27.860779,30.53077,29.092394,31.593891,25.424322,26.218555,27.123014,27.787413,27.460674,26.637974,30.974522,30.849335,26.36798,25.337666,22.390005,19.025646,20.009007,15.617188,18.439781,14.871233,18.841892,19.091509,22.78828,23.029242,26.627295,30.921486,28.475683,25.856619,23.301874,22.557833,19.614813,16.382702,18.52731,17.734491,21.693321,23.088066,26.45133,28.348778,29.530338,28.402431,33.07506,31.893663,28.11142,29.683071,34.47904,37.520294,36.75608,33.682384,34.874462,28.776127,31.609915,28.120386,30.350002
35,27.58708,25.997623,27.111668,22.718847,24.027424,25.233583,24.866106,27.819735,26.407326,31.980606,29.528194,35.565914,31.95585,28.856054,29.642603,24.230759,23.78222,20.009924,21.519245,18.196898,17.1841,18.811447,15.620676,20.756664,17.367073,13.917361,14.604111,13.24453,10.910217,9.66679,9.256897,7.72106,5.9974055,6.9371834,3.9841328,0.0,5.1490407,8.483484,7.684292,9.433844,7.2238874,9.33353,9.111067,11.515533,13.028903,18.853981,19.006699,18.849733,21.764122,24.982471,24.72033,23.393316,27.388802,29.226484,30.12179,29.876936,25.553865,27.956175,26.044403,28.908298,22.97148,23.12489,24.252806,25.331553,24.772432,24.678894,28.882452,29.084784,24.864635,23.567451,20.383375,17.426968,18.666874,13.920686,17.272238,14.0395155,18.00809,18.997602,22.070526,23.07782,26.204517,30.47606,28.471727,25.817554,22.872171,22.994366,19.397007,17.06428,18.93243,18.541073,22.162287,23.47387,27.305925,28.681463,29.88412,28.167994,33.094826,31.92682,27.760443,28.874264,33.897366,37.062805,36.137676,32.897163,34.070637,27.795471,30.282913,26.789629,28.566652
36,28.503311,27.640245,28.88079,25.002277,26.913061,27.98478,28.32983,30.991138,30.09758,35.487823,33.171116,39.31133,35.11209,31.803082,32.450523,27.25888,26.330564,23.085178,23.418795,21.007118,18.963745,20.472965,16.164518,21.22929,17.648739,14.315517,16.5546,16.067669,14.017918,11.301038,10.856184,11.596418,8.659391,5.978007,5.3616533,5.1490407,0.0,3.631866,6.0640697,9.275909,8.7416,12.524796,12.18461,15.860664,15.931649,22.554653,21.51737,22.204113,24.046232,27.582752,28.231659,26.563738,29.945278,32.27436,33.674694,33.69574,29.704878,32.32341,30.281141,33.597008,27.843924,27.71929,29.04391,30.3225,29.464357,29.647448,33.637833,33.664383,29.446604,27.618578,24.324152,21.381662,23.340132,18.814898,22.31303,19.055704,23.00326,23.598717,26.79795,27.334656,30.626339,34.930878,32.905636,30.43768,27.75276,27.510983,24.237534,21.41977,23.273558,22.358017,26.19997,27.835588,31.305794,33.06617,34.438534,33.049953,37.868492,36.570187,32.535435,33.91125,38.881973,42.025696,41.158043,37.95733,39.056667,32.821823,35.27438,31.652863,33.35072
