,0,1,2,3,4,5,6,7,8,9,10,11,12,13,14,15,16,17,18,19,20,21,22,23,24,25,26,27,28,29,30,31,32,33,34,35,36,37,38,39,40,41,42,43,44,45,46,47,48,49,50,51,52,53,54,55,56,57,58,59,60,61,62,63,64,65,66,67,68,69,70,71,72,73,74,75,76,77,78,79,80,81,82,83,84,85,86,87,88,89,90,91,92,93,94,95,96,97,98,99,100,101,102,103,104,105,106,107,108,109,110,111,112
0,0.0,3.9537878,7.172297,9.376627,12.391834,13.982376,17.868416,21.789877,24.774305,28.657194,30.692867,34.464195,36.66885,35.732723,37.434822,33.18422,35.378273,31.33548,33.294956,30.899117,32.346287,32.46652,30.079256,30.515612,26.774847,24.4707,23.92655,24.379723,25.028027,27.287392,26.99525,31.577665,33.235065,38.283638,38.382618,42.03359,42.345695,40.453735,35.878242,32.217,30.562365,26.590137,24.080744,22.53118,19.880672,20.263182,16.358831,18.959753,19.92412,15.122515,12.82632,16.596775,11.836095,14.7043705,14.988465,16.749073,17.931694,21.868607,25.128922,30.210331,29.222416,34.309612,35.242023,40.352535,39.17726,33.846355,38.39035,37.102997,38.636833,36.237934,37.90602,38.397903,32.481125,37.608498,34.110413,37.048897,36.4128,31.676062,35.50702,30.542543,31.968584,31.835623,28.23515,24.882387,24.335835,20.162039,20.762024,16.862299,16.661243,16.270857,16.3619,16.8118,14.37348,13.338988,15.334146,14.30637,18.167774,19.178207,21.587297,20.970665,25.546856,24.70208,23.386545,26.892935,29.312695,30.548172,32.999954,31.105595,35.068657,31.02992,35.533062,34.48097,38.46361
1,3.9537878,0.0,5.3034115,6.585441,8.993374,11.816965,14.495076,19.113308,21.817253,25.99131,27.918858,31.843397,33.95756,32.78652,34.80683,30.40268,32.65323,28.715899,30.728085,28.654951,30.115599,30.62158,28.148104,29.04615,25.574553,22.958061,22.561157,22.07044,22.434269,24.388054,23.816961,28.350248,29.612001,34.789238,34.669983,38.32878,38.68347,36.800385,32.288845,28.537058,27.186705,23.021338,21.039934,19.442118,17.461494,18.726416,14.88843,18.711432,20.158842,15.959788,12.65542,16.894503,13.490991,15.217143,15.345196,16.644272,16.681543,20.882442,23.855656,29.260424,27.437569,32.643528,33.588074,38.755165,37.895336,32.556458,37.008694,36.047073,37.11542,34.77866,35.97708,36.218616,30.2892,35.302658,31.69037,34.722862,33.92962,29.160572,33.164665,28.06355,29.730515,29.719187,26.169558,22.565306,21.718323,17.928303,17.8411,14.334232,13.609946,13.766737,13.610967,13.593505,11.440166,10.538348,11.93546,11.045311,14.731081,15.319023,17.847881,17.192694,21.788054,20.762136,19.463417,23.056091,25.437563,26.815645,29.21992,27.291307,31.450111,27.46058,31.978867,31.165964,35.118504
2,7.172297,5.3034115,0.0,5.3594184,7.028277,8.15353,12.041711,15.394009,18.956026,22.210768,24.826517,28.044998,30.90546,30.187084,32.640137,28.736895,31.601076,28.029423,30.81938,29.120169,31.316725,32.21196,30.34988,31.738636,28.510445,26.027266,24.417671,24.07583,23.532104,25.708435,24.036312,29.367586,29.590738,35.150265,34.830246,38.32904,39.27253,37.739243,33.17529,29.360355,28.668299,23.82495,22.701296,20.087412,19.58496,19.764957,17.06527,20.727873,21.447315,18.13885,14.391174,16.307154,14.014885,16.636705,14.734036,14.955719,15.041134,18.44935,21.847227,27.166521,25.847233,30.711468,32.27407,37.416046,37.255226,32.32605,37.27092,36.851845,37.96681,36.42848,36.90942,36.66907,30.323833,34.832493,30.770117,33.325714,32.055252,27.036877,30.4047,25.067764,26.186926,25.621954,22.472015,19.043997,19.166773,14.910918,16.408587,13.770283,14.273337,15.589683,16.366795,16.446468,15.212173,14.550431,14.519579,12.892826,15.849129,15.981804,16.865433,15.429208,20.143314,20.20235,19.081251,21.600925,23.897871,24.769117,27.075024,25.431166,28.884636,25.37965,29.915142,29.001081,33.194862
3,9.376627,6.585441,5.3594184,0.0,3.8598926,5.8184595,8.84709,12.948648,15.454773,19.771496,21.455769,25.563683,27.45159,26.386402,28.350788,24.129707,26.671764,22.926357,25.527857,23.780346,25.97463,26.954798,25.229174,26.857378,23.858559,21.400423,19.441925,18.940807,18.217484,20.555807,18.963839,24.429413,25.163576,30.497456,30.635244,34.11047,35.035095,33.63213,28.82924,25.232353,24.121426,19.356894,17.770195,14.931879,14.56643,14.706326,12.357605,16.655352,17.77712,15.321175,10.850258,13.503208,12.879476,13.574131,12.166948,12.350154,11.048153,15.172905,17.931282,23.511967,21.324057,26.44899,27.656296,32.833145,32.524456,27.466227,32.220406,31.890604,32.76877,31.26609,31.586529,31.339804,25.052006,29.679623,25.75868,28.549099,27.54703,22.687696,26.586952,21.48783,23.229212,23.467932,19.751297,16.097637,15.159295,11.39071,11.626163,8.522656,9.076986,10.540858,11.958077,12.802186,12.666333,13.27372,13.669171,13.381655,15.951977,14.491467,16.404335,14.2339325,19.28269,18.154272,15.980285,18.66212,21.895126,23.747406,25.134037,22.915005,26.349852,21.951921,26.399714,25.14988,29.175962
4,12.391834,8.993374,7.028277,3.8598926,0.0,5.706862,5.5095654,10.699032,13.058543,17.419147,19.265356,23.24742,25.35625,24.109764,26.753744,22.525272,25.33936,21.938896,24.783543,23.628147,25.923244,27.421486,25.719534,27.861467,25.267702,22.59297,20.814878,19.202343,17.93164,19.74123,17.434004,22.900312,22.644445,28.280062,27.959312,31.400352,32.52039,31.191378,26.55749,22.811718,22.428831,17.265448,16.923943,13.865026,15.015838,16.100126,14.262131,19.275808,20.628605,18.715767,14.04437,16.41801,16.60311,16.893263,15.241853,14.800061,12.466821,16.201122,18.575298,24.252495,21.2912,26.304453,27.69455,32.8284,33.072975,28.22387,32.86525,32.99078,33.3543,32.069782,31.733324,31.087294,24.830465,29.07317,24.935978,27.660942,26.28452,21.352274,25.201067,19.853027,21.69357,21.829817,18.481916,14.597876,13.619805,10.553357,10.1552515,8.655308,8.636513,11.292202,12.345412,12.340269,12.806054,13.399584,12.521441,12.144922,13.868315,11.770851,13.014698,10.475106,15.546309,14.641497,12.679611,15.059704,18.109154,19.90855,21.317144,19.197577,22.77285,18.711056,23.241238,22.40699,26.49197
5,13.982376,11.816965,8.15353,5.8184595,5.706862,0.0,7.1248493,8.072009,11.5957775,14.801682,17.085896,20.537815,23.050606,22.596737,24.830227,21.344261,24.582644,21.390942,24.92428,23.66504,26.746513,28.122766,27.292942,29.404661,26.8228,24.705969,21.337736,21.223406,19.423147,22.02223,19.182028,25.461416,25.13071,30.639566,30.773602,33.935116,35.56845,34.684372,29.85028,26.430208,25.933664,20.703964,19.987682,16.059917,17.46055,16.000402,15.465748,19.027147,19.231558,18.170343,13.770588,13.263014,14.652222,15.768646,12.200208,10.703582,8.953297,11.596763,14.678465,20.05676,18.462326,23.04543,24.998632,30.060352,30.61445,26.199913,31.44819,31.814644,32.74038,32.30437,31.743162,30.921972,24.289906,28.136545,23.757433,25.85431,24.324783,19.23904,22.310032,17.022585,18.142233,17.949436,14.449368,11.002609,11.359094,6.8201685,9.942772,8.672289,11.232586,13.703162,16.068638,17.136585,17.828484,18.62253,18.16548,17.53109,19.323349,17.232618,17.537762,14.300911,19.1866,19.005829,16.780622,17.794388,21.223812,22.770401,23.477587,21.445951,23.640339,19.56491,23.845514,22.182446,26.414824
6,17.868416,14.495076,12.041711,8.84709,5.5095654,7.1248493,0.0,6.6804338,8.06165,12.66826,14.28955,18.345587,20.352343,18.970005,22.211569,18.191961,21.426924,18.648981,22.04308,21.721281,24.483883,26.637838,25.512913,28.356955,26.451649,23.888477,21.492023,19.176794,16.831306,18.286972,14.678273,20.524025,18.939907,24.78434,24.282543,27.468903,29.163137,28.28937,23.726465,20.155357,20.60119,15.022638,16.15779,12.336389,15.808769,16.76385,16.394524,21.527647,22.780882,22.132187,17.333551,18.589407,20.453089,20.010756,17.77473,16.4409,12.81919,15.596541,17.137764,22.635975,18.791565,23.415752,25.078457,30.02648,31.090246,26.759726,31.3162,32.19335,32.00951,31.45165,30.052494,28.771265,22.542587,25.999966,21.577288,23.985825,22.133856,17.205866,20.86016,15.408941,17.450657,17.78896,14.789973,10.819605,9.614438,8.166812,7.1098337,8.621116,9.113432,12.841236,14.324021,14.273409,15.9969015,17.127737,15.41015,15.391207,15.796019,12.325636,12.344487,8.498587,13.173391,12.397495,9.99441,10.695359,14.340628,16.526793,16.86032,14.5685625,17.52447,13.381793,17.896814,17.095215,21.268238
7,21.789877,19.113308,15.394009,12.948648,10.699032,8.072009,6.6804338,0.0,4.9912496,6.8875422,9.775445,12.743807,15.801598,15.560806,18.972738,16.292727,20.35683,18.409431,22.78743,22.828257,26.51046,28.776054,28.702257,31.703148,30.04325,28.01254,24.138325,22.983572,19.926083,21.906242,17.495508,23.92429,21.647093,27.220552,27.007381,29.649832,32.123394,31.908287,27.395874,24.33217,25.039679,19.562979,20.768574,16.23642,20.262415,19.034204,20.096415,23.975607,24.191275,24.588486,20.102596,18.69847,21.898392,22.00646,18.178728,15.68581,12.293358,12.830498,14.359649,19.087194,16.360363,19.96786,22.563799,27.208591,29.211489,25.780163,30.849524,32.363064,32.479504,33.118317,31.021362,29.244911,22.801826,25.222382,20.42469,21.74021,19.26683,14.179015,16.354738,10.666473,11.603749,11.287193,8.65128,5.001506,6.6956854,5.32514,8.711609,11.42993,13.953756,17.459635,19.894653,20.559013,22.3976,23.574167,21.970913,21.565674,21.93467,18.666431,17.427433,13.237416,16.968805,17.423058,15.25422,13.763432,17.290367,18.830805,18.082811,16.228764,16.774572,13.269889,17.128397,15.410306,19.75951
8,24.774305,21.817253,18.956026,15.454773,13.058543,11.5957775,8.06165,4.9912496,0.0,6.185869,6.2686853,11.121738,12.3299055,11.261729,14.690225,11.615525,15.694522,14.131058,18.591553,19.24237,22.979967,25.644218,25.897575,29.304438,28.242184,26.332651,22.415508,20.63183,17.055214,18.665598,13.753227,20.068344,17.484827,22.775951,22.867262,25.299461,27.966385,28.065495,23.557013,20.927021,21.727468,16.53685,18.221897,13.634068,18.753544,17.865744,19.726206,23.794146,24.362808,25.555038,21.09405,20.195807,24.205347,23.067106,19.978,17.615318,13.192979,13.724314,13.728686,18.205286,13.832374,17.330948,19.568794,24.050783,26.320694,23.11442,27.698654,29.632318,29.14031,30.059689,27.310736,25.194555,19.058077,20.996773,16.208925,17.606339,15.057058,10.128211,13.049324,7.5864744,10.001315,11.291295,8.47982,5.261574,3.8187656,6.718537,6.7793183,11.166223,13.267672,16.822405,19.302595,20.121973,22.744421,24.498343,22.951244,23.277874,23.203474,19.077389,18.420544,14.166443,17.327805,16.71666,13.845465,11.668705,16.001097,18.526983,16.475504,14.035593,14.135933,9.432078,12.996894,10.773658,15.05803
9,28.657194,25.99131,22.210768,19.771496,17.419147,14.801682,12.66826,6.8875422,6.185869,0.0,5.0451307,5.8734326,9.994875,10.719077,15.037794,14.124164,18.66791,18.26893,23.083885,24.110756,28.184515,30.89166,31.616102,35.042057,34.048862,32.316254,27.935043,26.644552,22.947458,24.555824,19.45715,25.494812,21.971003,27.002417,26.75261,28.65968,31.88843,32.392513,28.3133,25.89882,27.313248,22.208645,24.340862,19.773705,24.855059,23.251266,25.361143,28.849007,28.79773,30.175869,25.898163,23.591625,27.775064,27.49452,23.41973,20.4783,16.915295,15.818635,16.026587,19.25073,16.443558,18.363153,21.509165,25.3424,28.620953,26.405622,31.18648,33.58972,33.266148,34.959297,31.74795,29.260532,23.367641,24.185863,19.400673,19.512398,16.225737,11.910752,12.033601,6.9774265,6.7247233,6.156247,6.071171,5.537983,8.234559,10.120337,12.76232,16.709011,19.24684,22.766006,25.322449,26.006676,28.360815,29.762545,27.832232,27.572582,27.30672,23.61746,21.645086,17.42601,19.748674,20.59885,18.636236,15.30202,18.44566,19.784908,17.445599,16.029778,13.966266,11.700185,14.0674515,11.9390745,15.928967
10,30.692867,27.918858,24.826517,21.455769,19.265356,17.085896,14.28955,9.775445,6.2686853,5.0451307,0.0,6.1751976,6.1349125,6.090472,10.10979,9.295689,13.853869,14.057928,18.890795,20.386972,24.536133,27.440205,28.627594,32.267433,31.796091,30.33219,25.757122,24.348438,20.3506,21.800276,16.628035,22.37197,19.069355,23.457531,23.835432,25.45362,28.805027,29.645521,25.535769,23.707096,24.858536,20.315548,22.347033,17.894638,23.392483,21.665945,24.521646,27.822502,27.935642,30.077696,25.96771,23.911566,28.815813,27.486439,24.021893,21.229397,17.004581,15.883764,14.741567,17.494354,13.377902,14.909388,17.69653,21.286396,24.795177,22.919863,27.23762,30.013529,29.262564,31.341276,27.601574,24.843756,19.350916,19.529718,14.855677,14.770162,11.371847,7.409485,7.947321,3.4238987,5.5759764,8.000437,6.944276,6.9899635,7.102674,11.139064,11.929508,16.393442,18.792046,22.050322,24.760437,25.805742,28.706623,30.6267,29.030478,29.404716,29.055363,24.773481,23.650242,19.443157,21.662565,21.379812,18.717806,15.336506,19.20026,21.504656,18.16924,16.140936,13.740438,10.147753,11.603416,8.259519,11.923045
11,34.464195,31.843397,28.044998,25.563683,23.24742,20.537815,18.345587,12.743807,11.121738,5.8734326,6.1751976,0.0,6.562222,8.884745,13.329381,14.511953,18.902025,19.841318,24.644571,26.320492,30.539799,33.444653,34.77925,38.404564,37.88846,36.429466,31.724981,30.497227,26.519663,27.88669,22.634586,28.109682,23.983124,28.250298,28.087757,29.286617,33.017853,34.100914,30.46094,28.66144,30.425674,25.81062,28.32206,23.892807,29.358114,27.437258,30.170628,33.272602,33.004906,35.02925,30.959417,28.087904,32.835133,32.31242,28.140585,25.011272,21.515957,19.552025,18.908314,20.685282,18.183935,18.425774,21.811352,24.650978,28.902983,27.821457,32.202217,35.23834,34.62789,37.142574,33.174595,30.217875,25.04074,24.480852,20.070307,19.02665,15.3054,12.52469,10.230871,7.8403754,6.067672,5.6231084,8.492456,10.2646885,12.524801,15.303386,17.542637,21.767838,24.32151,27.724607,30.36659,31.133318,33.762,35.31667,33.28985,33.13852,32.578163,28.701277,26.464611,22.37543,23.879965,24.845943,23.020182,18.927107,21.626913,22.786507,19.455378,18.473274,14.491914,13.621633,14.114387,11.790769,14.65293
12,36.66885,33.95756,30.90546,27.45159,25.35625,23.050606,20.352343,15.801598,12.3299055,9.994875,6.1349125,6.562222,0.0,3.8381634,7.0851,9.635928,13.476622,15.476488,19.975124,22.197134,26.372616,29.411259,31.334225,35.11395,35.23113,34.147808,29.28865,28.046457,23.885143,25.045721,20.012955,24.84519,21.221033,24.425312,25.129793,25.890446,29.697836,31.198166,27.596756,26.585415,27.924406,24.148832,26.368488,22.253109,27.896809,25.819683,29.310577,32.08006,31.979454,34.836124,31.033792,28.476295,33.932384,32.26331,28.831692,25.932941,21.857735,19.9576,17.922832,18.96102,15.190019,14.57054,17.355906,19.584974,24.175383,23.707516,27.350521,30.842228,29.717379,32.75132,28.168741,24.90214,20.52395,18.908773,14.9762535,13.329832,9.501554,8.462824,5.5486255,6.584762,7.0799985,9.92685,10.7017,12.427194,12.57151,16.785707,17.331652,21.757738,24.120138,27.113615,29.882887,31.068958,34.230865,36.34098,34.75446,35.29365,34.723083,30.256985,29.036423,24.95466,26.529585,26.213991,23.637968,19.761204,23.222464,25.472168,21.266752,19.56685,15.633578,13.294307,12.527449,8.912885,10.483761
13,35.732723,32.78652,30.187084,26.386402,24.109764,22.596737,18.970005,15.560806,11.261729,10.719077,6.090472,8.884745,3.8381634,0.0,6.1705894,7.1237745,10.902913,12.98826,17.24714,19.802721,23.682716,26.952204,28.634552,32.578396,32.88561,31.666658,27.313051,25.372427,21.185793,21.91096,16.83685,21.278944,17.448376,20.605385,21.32187,22.141214,25.889982,27.374277,23.790573,22.903238,24.33597,20.785618,23.336613,19.51193,25.451643,24.1733,27.525955,30.752775,31.124905,33.857784,29.93453,28.298811,33.576584,31.434149,28.607965,26.01466,21.48623,20.397812,18.198963,19.940865,14.86558,15.12955,17.194422,19.72883,23.85718,22.88805,26.13805,29.543009,27.954237,30.589708,25.906399,22.596985,18.386112,16.967474,13.033209,12.1733055,8.508037,7.4283733,7.138481,7.2546906,9.440064,12.513336,12.282977,12.877597,11.726838,16.492563,15.604044,20.25951,22.040707,25.01963,27.507061,28.527853,31.893982,34.14016,32.53177,33.37445,32.616074,27.914177,27.074835,23.139177,24.564877,23.659533,20.914394,17.11697,20.793901,23.564753,19.11822,17.050173,13.632759,10.443726,9.426094,5.391797,7.046374
14,37.434822,34.80683,32.640137,28.350788,26.753744,24.830227,22.211569,18.972738,14.690225,15.037794,10.10979,13.329381,7.0851,6.1705894,0.0,5.391081,7.451382,10.485294,14.327649,16.848604,20.91877,23.883778,26.462936,30.214176,30.92228,30.344166,25.33487,24.422852,20.330359,21.482986,17.24004,21.32614,19.30416,21.21032,23.24945,23.828829,27.259043,28.927015,25.144266,24.901203,25.21799,22.505913,23.726797,20.13259,25.338938,22.925827,27.10359,29.263159,29.325838,32.965168,29.645678,27.546833,33.480064,30.65211,28.200018,25.753016,21.387905,19.837357,16.578684,16.972141,11.846352,10.664676,12.071912,13.8485365,18.274223,18.197208,20.984936,24.793045,23.232521,26.715195,21.712824,18.279497,14.742504,12.10767,8.85592,6.561721,2.9240544,5.842045,5.249898,8.975425,11.287107,15.28149,14.157542,15.301426,13.504106,18.190845,17.131603,21.078688,23.214,25.463333,28.358953,30.129642,33.652905,36.29122,35.413437,36.623962,36.29726,31.484207,31.535963,27.575933,29.563839,27.93727,24.572369,21.63956,25.87463,29.093716,24.735931,22.295288,19.502478,15.457836,14.453999,10.196267,10.28394
15,33.18422,30.40268,28.736895,24.129707,22.525272,21.344261,18.191961,16.292727,11.615525,14.124164,9.295689,14.511953,9.635928,7.1237745,5.391081,0.0,4.561015,5.9429917,10.363978,12.741686,16.763754,19.915813,21.902048,25.77095,26.295845,25.417582,20.855135,19.30636,15.153417,16.263372,11.893649,16.458359,15.026421,17.58569,19.731596,21.002907,23.974586,25.160175,20.888752,20.291775,20.228954,17.344028,18.353601,14.769145,20.117912,18.435017,22.315739,25.086943,25.69464,28.928984,25.404648,24.40001,29.931152,26.755497,24.9223,22.866695,18.056194,17.668959,14.627903,16.62126,9.956412,11.365815,12.045523,15.293817,18.255419,16.526903,19.525438,22.712849,21.022932,23.474443,18.954126,15.853406,11.266791,10.535241,6.18254,6.9402533,4.8317766,3.960925,8.152445,8.539493,12.206801,16.13503,13.768209,13.470815,10.252447,15.119295,12.58281,16.521954,18.178741,20.382904,23.10729,24.848444,28.44909,31.187101,30.465044,31.920586,31.67005,26.786049,27.455667,23.63736,25.946917,23.685802,19.980547,17.770115,22.46274,26.148306,22.214188,19.293348,17.941187,12.565844,12.695073,8.519312,9.763144
16,35.378273,32.65323,31.601076,26.671764,25.33936,24.582644,21.426924,20.35683,15.694522,18.66791,13.853869,18.902025,13.476622,10.902913,7.451382,4.561015,0.0,4.505076,7.0514674,10.216379,13.781377,17.01579,19.517557,23.421892,24.599796,24.113571,19.816631,18.233582,14.344877,15.05352,11.819966,14.887214,14.811959,15.852824,18.997171,19.942507,22.540812,23.907946,19.78272,19.99208,19.239601,17.597832,17.975445,15.298805,20.076962,18.596878,22.750263,25.111135,25.965748,29.61976,26.517883,26.061924,31.652258,27.737837,26.7397,25.09304,20.33808,20.271238,16.760134,18.179317,11.264569,12.240229,11.366969,13.871285,16.215115,14.76103,16.50251,19.91435,17.507175,20.201927,15.106465,11.707288,8.455091,6.5384326,3.6342297,5.3589134,5.8842926,7.7840395,11.467436,12.923317,16.460672,20.513296,18.007149,17.66747,14.0509205,18.627024,15.244161,18.522062,19.669996,21.199806,23.739952,25.715395,29.509142,32.535713,32.208668,34.091244,33.866623,28.872078,30.219885,26.673996,28.908157,25.976652,22.061693,20.43019,25.14231,29.201143,25.161674,22.076822,21.127613,15.684668,15.291754,11.641581,11.485035
17,31.33548,28.715899,28.029423,22.926357,21.938896,21.390942,18.648981,18.409431,14.131058,18.26893,14.057928,19.841318,15.476488,12.98826,10.485294,5.9429917,4.505076,0.0,4.9657493,6.8153415,10.913365,13.9885845,16.06629,19.887377,20.61401,19.994154,15.527364,14.136073,10.202044,11.663488,8.743802,12.938811,14.293183,16.17794,19.323137,21.025064,23.039768,23.770035,19.063787,18.670544,17.104946,15.1061,14.367535,11.465657,15.7760315,14.130586,18.25627,20.721113,21.789183,25.248278,22.149565,22.219702,27.568583,23.446762,22.85356,21.534624,16.731258,17.410656,14.142856,16.547192,9.225113,12.103808,11.022248,14.777745,15.806653,12.789291,15.288492,17.87619,15.999383,17.748835,13.677528,11.1237135,5.746122,7.4307866,3.7270641,7.671279,8.520437,7.972044,13.016056,12.919347,16.733377,20.604174,17.255995,16.168562,11.965802,15.932851,11.947112,14.556788,15.659097,16.881258,19.586487,21.888882,25.589613,28.691723,28.757563,30.733603,30.874924,26.029924,27.94906,24.47971,27.295115,24.053558,19.841394,19.159636,24.211445,28.388172,25.03362,21.710136,21.856077,15.721628,16.575449,13.105433,14.151179
18,33.294956,30.728085,30.81938,25.527857,24.783543,24.92428,22.04308,22.78743,18.591553,23.083885,18.890795,24.644571,19.975124,17.24714,14.327649,10.363978,7.0514674,4.9657493,0.0,4.098281,6.749283,10.167808,12.603501,16.532612,18.11206,17.876583,14.3346195,12.498225,9.370949,9.962215,9.315212,10.939547,14.369304,14.618484,18.671654,20.20729,21.475288,22.140457,17.62788,18.042473,15.505181,15.190166,13.584002,12.312284,15.478203,14.754377,18.68233,20.839281,22.422548,26.001524,23.414173,24.5113,29.517931,24.66668,25.210838,24.476423,19.896086,21.12594,17.814594,19.891464,12.939573,15.478382,13.189849,16.096085,15.859633,12.735602,13.364842,15.62378,12.710159,13.90144,9.45653,7.061313,3.953239,6.365237,6.3304806,10.2228985,12.254836,12.831917,17.548006,17.876694,21.673885,25.568655,22.1731,20.927109,16.544626,20.117615,15.41039,17.155886,17.34895,17.686983,19.857492,22.255718,26.06424,29.413515,29.913874,32.361088,32.49852,27.660316,30.32709,27.287323,29.943073,26.021736,21.74857,21.788704,26.695269,31.187107,27.887732,24.453566,25.166162,19.06921,19.601633,16.718157,16.933033
19,30.899117,28.654951,29.120169,23.780346,23.628147,23.66504,21.721281,22.828257,19.24237,24.110756,20.386972,26.320492,22.197134,19.802721,16.848604,12.741686,10.216379,6.8153415,4.098281,0.0,4.702113,7.2170396,9.850921,13.40529,14.601826,14.676576,10.455121,9.9678955,7.490642,9.395076,10.034517,12.275796,16.86749,17.608852,21.53188,23.45916,24.305822,24.507147,19.735983,19.69262,16.34625,15.895921,12.675828,11.518199,13.07851,11.422459,15.554023,17.045343,18.658567,22.393871,20.216244,21.552904,26.411966,21.23703,22.325329,21.99738,17.800512,19.417437,16.289284,18.557312,12.205186,15.484541,12.922477,16.34077,14.845498,10.540235,11.638241,12.896089,10.836647,11.192677,8.347152,7.584087,2.91961,8.365736,8.244558,12.195904,14.45746,14.246304,19.167685,19.00425,22.684322,26.43691,22.548342,21.079071,16.705572,19.400438,14.897186,15.467934,15.807672,15.394109,17.83412,20.804169,24.3523,27.767365,28.858955,31.34295,31.967123,27.426653,30.563875,27.595886,30.785099,26.784662,22.375185,23.164968,28.224318,32.653923,29.90129,26.398853,27.618654,21.261143,22.484715,19.508709,20.349136
20,32.346287,30.115599,31.316725,25.97463,25.923244,26.746513,24.483883,26.51046,22.979967,28.184515,24.536133,30.539799,26.372616,23.682716,20.91877,16.763754,13.781377,10.913365,6.749283,4.702113,0.0,3.8446403,6.2038884,9.971344,12.206658,12.55011,10.418479,8.893912,8.1620035,8.6566,11.532102,11.26125,17.39675,17.053137,21.301966,23.206127,23.217636,23.128242,18.673492,19.149767,14.977341,16.079737,12.217224,12.881313,13.137205,13.236939,16.400345,17.89224,20.174292,23.501947,21.755178,24.321241,28.471937,22.878578,25.019402,25.2292,21.26528,23.447384,20.593273,22.918362,16.845448,20.02209,17.137959,19.974909,17.736917,13.585654,12.961697,13.231071,10.327641,8.597465,6.8229256,7.6172748,7.057483,11.302267,12.406814,16.229109,18.65283,18.704102,23.659428,23.432325,27.20555,30.904596,27.01004,25.269949,20.751192,23.21901,18.135067,18.179182,17.512613,16.387436,17.966269,20.767082,24.27322,27.803667,29.23923,32.119987,32.692955,28.281672,32.041546,29.55627,32.533092,28.006258,23.699686,25.14202,29.948673,34.568077,32.005432,28.462763,30.285044,24.015182,25.14054,22.712053,23.177437
21,32.46652,30.62158,32.21196,26.954798,27.421486,28.122766,26.637838,28.776054,25.644218,30.89166,27.440205,33.444653,29.411259,26.952204,23.883778,19.915813,17.01579,13.9885845,10.167808,7.2170396,3.8446403,0.0,4.755801,7.1627455,9.745569,11.079213,9.076556,9.542663,10.16651,11.239542,14.716,14.4992485,21.007318,20.617218,24.85171,26.79871,26.51213,26.217785,21.868,22.262762,17.680725,18.947596,14.202533,15.173546,13.808699,13.183076,16.140207,16.441225,18.692272,22.194284,21.218721,23.958208,27.834497,21.942148,24.753777,25.38674,22.008455,24.282011,21.557987,23.583868,18.362226,21.49728,18.326876,20.973413,17.707108,13.330176,12.136943,11.106703,8.882184,5.363428,6.6403704,9.148709,9.280207,13.640113,15.110464,18.701912,21.413061,21.418497,26.257135,26.05982,29.679317,33.327038,29.21492,27.498083,23.126936,25.018692,20.332321,19.537796,18.979012,17.13345,18.703093,21.874546,25.00864,28.53399,30.532797,33.45765,34.40321,30.306784,34.40019,32.026165,35.285732,30.726845,26.421352,28.271648,33.100056,37.66191,35.38279,31.82846,33.824287,27.472185,28.810839,26.267065,26.876974
22,30.079256,28.148104,30.34988,25.229174,25.719534,27.292942,25.512913,28.702257,25.897575,31.616102,28.627594,34.77925,31.334225,28.634552,26.462936,21.902048,19.517557,16.06629,12.603501,9.850921,6.2038884,4.755801,0.0,4.302017,6.6882296,7.1582694,8.22991,6.628562,8.994499,9.345741,14.035151,13.111307,20.18669,20.188498,23.929688,26.308952,25.45734,24.554792,20.204933,20.21637,15.1650095,16.828474,11.433778,13.643959,11.030857,12.676376,14.141063,15.476845,18.589325,20.92622,19.812933,23.998968,26.880184,21.018745,24.517822,25.567837,22.247,25.34772,23.279192,26.19358,20.833675,24.70834,21.981241,25.14878,22.095047,17.263813,16.773438,15.320205,13.554323,8.988133,11.125904,13.284213,12.54759,17.379084,18.05416,22.006578,24.224665,23.467794,28.697887,27.64422,31.37663,34.735466,30.518763,28.24578,23.775562,25.213436,20.009533,18.6884,17.143568,14.828967,15.511948,18.421728,21.376883,24.888962,27.124222,30.269508,31.245424,27.43597,32.024273,30.130587,33.344154,28.507494,24.393137,27.02106,31.575144,36.117805,34.39608,30.864832,33.68682,27.402105,29.185394,27.18379,28.122404
23,30.515612,29.04615,31.738636,26.857378,27.861467,29.404661,28.356955,31.703148,29.304438,35.042057,32.267433,38.404564,35.11395,32.578396,30.214176,25.77095,23.421892,19.887377,16.532612,13.40529,9.971344,7.1627455,4.302017,0.0,4.169804,6.3870378,8.884561,9.438832,12.5732765,13.274712,18.038485,17.163668,24.319386,24.255974,27.933224,30.331478,29.19465,28.092127,23.950226,23.898119,18.683859,20.453814,14.662969,17.018827,13.047071,14.151011,14.92479,14.959334,18.097878,20.200287,20.043749,24.581278,26.849924,20.842588,25.130732,26.673052,24.041595,27.25544,25.436703,28.129667,23.566275,27.395863,24.523064,27.526775,23.750828,18.897287,18.072678,15.55468,14.646257,9.052072,13.2850275,16.198936,15.886094,20.71501,21.631092,25.432028,27.837236,27.032116,32.17226,31.096853,34.69117,37.962296,33.581295,31.300602,27.005816,27.89048,23.10489,21.051111,19.564157,16.616453,17.07333,20.151306,22.507458,25.879543,28.722248,31.880959,33.23202,29.875334,34.771244,33.082214,36.50173,31.674019,27.670057,30.675014,35.159748,39.603027,38.205067,34.695652,37.71379,31.403605,33.363564,31.307207,32.355816
24,26.774847,25.574553,28.510445,23.858559,25.267702,26.8228,26.451649,30.04325,28.242184,34.048862,31.796091,37.88846,35.23113,32.88561,30.92228,26.295845,24.599796,20.61401,18.11206,14.601826,12.206658,9.745569,6.6882296,4.169804,0.0,3.5212588,6.8507648,8.683621,12.297836,13.761629,18.19737,18.45989,25.240543,26.118015,29.355957,32.096806,31.104782,29.760595,25.331467,24.592442,19.504349,20.368986,14.145925,16.145939,10.978694,11.869155,11.681627,11.4743805,14.946502,16.363646,16.440163,21.543339,23.167063,17.24221,21.963919,23.85775,21.695396,25.276394,24.042522,27.16174,23.143288,27.44138,24.98768,28.506254,24.760614,19.423855,19.744255,16.992878,17.081081,11.98413,16.195896,18.83534,17.121492,22.492855,22.628717,26.483656,28.57511,27.068708,32.265446,30.603184,34.031982,36.997425,32.46209,29.965902,25.918194,26.073805,21.701801,18.893301,17.440712,14.04094,14.5246105,17.902124,19.778095,23.016518,26.231367,29.219532,30.970045,28.002731,32.99091,31.379374,35.137646,30.536186,26.62012,29.98198,34.44062,38.652676,37.740364,34.289585,37.58207,31.259398,33.72618,31.658506,33.243206
25,24.4707,22.958061,26.027266,21.400423,22.59297,24.705969,23.888477,28.01254,26.332651,32.316254,30.33219,36.429466,34.147808,31.666658,30.344166,25.417582,24.113571,19.994154,17.876583,14.676576,12.55011,11.079213,7.1582694,6.3870378,3.5212588,0.0,7.0695057,6.541497,10.597276,11.75822,16.214806,16.581434,23.096703,24.48771,27.28275,30.263103,29.227903,27.648088,23.144903,22.006187,17.03119,17.612434,11.351792,13.719734,8.140501,10.968259,9.78447,11.437852,15.358306,15.907488,15.174654,21.015036,22.257391,16.62995,21.197433,23.040266,20.590773,24.58088,23.680126,27.42139,22.995565,27.681705,25.60775,29.502726,26.312714,20.793442,21.691359,19.459927,19.217691,14.457158,17.717644,19.824667,17.405697,22.941273,22.49148,26.527489,28.21353,26.258999,31.633158,29.458138,32.947506,35.721127,31.242413,28.43671,24.358265,24.413391,19.702814,16.872765,14.790509,11.36189,11.272377,14.460961,16.398838,19.691235,22.80933,25.87936,27.537865,24.612818,29.716173,28.302067,31.985838,27.33624,23.551126,27.202137,31.48201,35.628956,34.984913,31.592466,35.243736,29.054235,31.752851,30.005966,31.806616
26,23.92655,22.561157,24.417671,19.441925,20.814878,21.337736,21.492023,24.138325,22.415508,27.935043,25.757122,31.724981,29.28865,27.313051,25.33487,20.855135,19.816631,15.527364,14.3346195,10.455121,10.418479,9.076556,8.22991,8.884561,6.8507648,7.0695057,0.0,6.8988667,8.547283,11.813737,14.53995,17.15382,22.82909,24.70902,27.840942,30.61793,30.570627,29.653372,24.66917,23.470041,19.098286,18.274174,12.408443,12.26461,8.263796,5.473663,7.679388,7.583616,10.48991,13.231159,12.25499,15.917277,18.959646,13.02365,16.504011,17.822903,15.263971,18.55404,17.19381,20.503801,16.584627,21.150545,19.161226,23.24333,20.088924,14.350754,16.44668,14.582668,15.29426,12.315036,14.73547,16.411905,12.5854645,18.312117,17.47658,21.174511,22.96716,21.012869,26.058617,24.283752,27.529766,30.459051,25.867832,23.57223,19.709827,19.800125,16.042408,13.290615,13.13224,10.326538,12.652842,16.651384,18.971838,22.249176,24.860458,27.354956,29.142998,25.768728,29.996677,27.664959,31.776072,27.73646,23.540285,26.188593,31.04107,35.099487,33.91332,30.46847,33.1167,26.678738,29.304493,26.72951,28.725079
27,24.379723,22.07044,24.07583,18.940807,19.202343,21.223406,19.176794,22.983572,20.63183,26.644552,24.348438,30.497227,28.046457,25.372427,24.422852,19.30636,18.233582,14.136073,12.498225,9.9678955,8.893912,9.542663,6.628562,9.438832,8.683621,6.541497,6.8988667,0.0,4.192597,5.637583,9.692691,11.016363,17.023945,18.969816,21.708664,24.714388,24.302961,23.081764,18.139462,16.84339,12.297137,12.00645,5.902549,7.6813784,4.625218,8.636011,9.159093,12.942094,16.391535,17.684376,15.314132,20.085836,22.597134,17.32734,20.26488,21.166618,17.502108,21.251648,19.944326,24.028177,18.460726,23.245256,21.52006,25.668098,23.58704,18.216156,19.737473,18.902348,17.811607,14.543368,15.380051,16.269878,12.779603,18.213001,17.08517,21.256155,22.52992,20.467056,25.972073,23.738867,27.430481,30.336735,26.0799,23.2749,18.88387,19.832289,14.347782,12.763318,10.621466,8.502092,9.291427,12.335321,15.550392,19.0863,20.996685,23.966467,24.990433,21.154478,25.664011,23.734327,27.212564,22.5737,18.441952,21.445953,26.006062,30.344885,29.1348,25.657747,28.958,22.698063,25.25074,23.502623,25.295042
28,25.028027,22.434269,23.532104,18.217484,17.93164,19.423147,16.831306,19.926083,17.055214,22.947458,20.3506,26.519663,23.885143,21.185793,20.330359,15.153417,14.344877,10.202044,9.370949,7.490642,8.1620035,10.16651,8.994499,12.5732765,12.297836,10.597276,8.547283,4.192597,0.0,4.141555,6.1037436,9.342014,14.31083,16.769178,19.516918,22.415236,22.701847,21.931675,16.750465,15.403154,11.693274,10.276527,5.6479845,5.0184083,6.148699,8.386805,10.409046,14.410405,17.190945,19.071684,16.058441,19.553156,22.972042,18.089329,19.797285,19.991257,15.664924,18.931234,17.25907,21.376202,15.183909,19.922632,18.502878,22.787802,21.514223,16.425156,18.502813,18.62439,17.268654,15.379081,14.613448,14.520115,9.99856,15.193451,13.41295,17.580433,18.55478,16.41027,21.944902,19.78146,23.566427,26.60922,22.498758,19.847176,15.291759,16.967285,11.226477,10.861292,9.441057,8.823589,10.583102,13.331233,16.952208,20.384748,21.509596,24.176502,24.867079,20.535809,24.322308,21.864838,25.261095,20.893503,16.529408,18.683268,23.546373,27.938501,26.21296,22.686152,25.433216,19.04642,21.461718,19.453585,21.299349
29,27.287392,24.388054,25.708435,20.555807,19.74123,22.02223,18.286972,21.906242,18.665598,24.555824,21.800276,27.88669,25.045721,21.91096,21.482986,16.263372,15.05352,11.663488,9.962215,9.395076,8.6566,11.239542,9.345741,13.274712,13.761629,11.75822,11.813737,5.637583,4.141555,0.0,5.4016504,5.5359616,11.517136,13.421438,16.148384,19.110983,18.943264,17.990799,12.897235,11.8831215,7.7390203,7.73042,4.017954,6.0572133,8.110113,12.379356,13.546331,17.983664,21.062172,22.538887,19.482576,23.495167,26.529074,21.753605,23.629562,23.822649,19.372318,22.644567,20.94485,25.001797,18.38358,22.776052,21.264101,25.176743,24.174997,19.492216,20.723873,21.046682,18.835506,16.589272,15.362154,15.069075,11.929539,16.303576,14.991979,19.153643,20.014177,18.30218,23.800568,21.749868,25.681643,28.724985,24.957417,22.224977,17.589052,19.752277,13.4978075,13.864838,11.486034,11.209853,11.629421,13.307084,17.197424,20.615643,21.344076,24.321608,24.451963,19.930845,23.879221,21.845797,24.572369,19.73104,15.564734,17.845165,22.336515,26.959246,25.096455,21.577438,24.69762,18.600351,20.63715,19.321934,20.66542
30,26.99525,23.816961,24.036312,18.963839,17.434004,19.182028,14.678273,17.495508,13.753227,19.45715,16.628035,22.634586,20.012955,16.83685,17.24004,11.893649,11.819966,8.743802,9.315212,10.034517,11.532102,14.716,14.035151,18.038485,18.19737,16.214806,14.53995,9.692691,6.1037436,5.4016504,0.0,6.7669363,8.776966,12.471495,14.487425,17.434666,18.458115,18.045622,12.817099,11.190533,9.409958,6.48966,6.68855,4.6176157,10.393583,13.148327,14.967774,19.724224,22.152128,23.776733,20.027998,22.774406,26.39335,22.380766,22.853735,22.280994,17.341757,20.049517,18.354086,22.589119,15.64539,19.931803,19.246195,23.380783,23.583775,19.350796,21.548822,22.7758,20.72151,19.893505,17.432726,16.021412,11.586897,15.086488,12.436037,16.263987,16.22102,13.942232,19.348839,16.930117,20.875946,23.831028,20.38223,17.7048,13.097895,16.024633,9.722669,11.860199,10.344657,11.842582,13.073223,14.322504,18.293566,21.38547,21.155182,23.573324,23.35438,18.423643,21.24023,18.55495,21.184637,16.925722,12.5970335,13.61456,18.4889,23.055079,20.693213,17.137566,19.67802,13.401902,15.58905,14.101117,15.914979
31,31.577665,28.350248,29.367586,24.429413,22.900312,25.461416,20.524025,23.92429,20.068344,25.494812,22.37197,28.109682,24.84519,21.278944,21.32614,16.458359,14.887214,12.938811,10.939547,12.275796,11.26125,14.4992485,13.111307,17.163668,18.45989,16.581434,17.15382,11.016363,9.342014,5.5359616,6.7669363,0.0,7.3881693,8.038886,10.961078,13.758644,13.452931,12.767273,7.757464,7.9437723,4.7246547,6.9586835,7.8235373,9.773105,13.305451,17.704428,18.927624,23.51037,26.502045,28.013103,24.766571,28.5076,31.67959,27.141607,28.614628,28.463928,23.707647,26.567162,24.611757,28.39162,21.26944,24.982237,23.535692,26.88491,26.644909,22.762306,23.296585,24.321415,21.191387,19.493847,17.007057,15.925321,14.216359,16.954632,16.037365,19.81271,20.369526,19.390976,24.520676,22.903837,26.896454,29.990002,26.83593,24.303999,19.740665,22.765352,16.388544,18.003414,15.525515,16.059961,15.919033,16.444534,20.423847,23.58235,23.459991,26.456123,25.750875,20.942242,24.34291,22.550922,24.208355,19.228024,15.526742,16.969913,20.89398,25.696692,23.204142,19.81016,22.742819,17.27621,18.363997,17.86039,18.291027
32,33.235065,29.612001,29.590738,25.163576,22.644445,25.13071,18.939907,21.647093,17.484827,21.971003,19.069355,23.983124,21.221033,17.448376,19.30416,15.026421,14.811959,14.293183,14.369304,16.86749,17.39675,21.007318,20.18669,24.319386,25.240543,23.096703,22.82909,17.023945,14.31083,11.517136,8.776966,7.3881693,0.0,6.093494,5.9643025,9.096134,10.689192,10.803593,6.495654,5.8553324,8.412356,7.445807,12.472074,12.409034,17.941992,21.886871,23.154102,28.315514,30.899815,32.193417,28.251848,31.126904,34.464375,30.848257,31.073444,30.231283,25.187685,27.476353,25.764782,29.632812,22.445848,25.663261,25.207502,28.479124,29.690645,26.463207,27.724415,29.591234,26.495947,25.92146,22.417683,20.29769,17.91116,19.22379,17.234161,20.13121,19.385414,18.17233,22.518114,20.594532,24.309689,26.966393,24.76157,22.380297,18.431528,22.099224,16.269943,19.466455,17.400497,19.412447,19.38799,18.921782,22.785364,25.363348,23.848673,26.222822,24.638067,19.55332,21.318924,19.371279,19.858591,15.575485,12.625917,12.055772,15.3450365,20.078314,16.758492,13.581256,16.092588,11.612691,12.0016775,12.850352,13.087989
33,38.283638,34.789238,35.150265,30.497456,28.280062,30.639566,24.78434,27.220552,22.775951,27.002417,23.457531,28.250298,24.425312,20.605385,21.21032,17.58569,15.852824,16.17794,14.618484,17.608852,17.053137,20.617218,20.188498,24.255974,26.118015,24.48771,24.70902,18.969816,16.769178,13.421438,12.471495,8.038886,6.093494,0.0,4.981128,6.190374,6.920848,8.222619,5.5747075,8.5593605,9.794914,11.950495,15.500847,16.515226,21.130136,24.966774,26.616997,31.170238,33.859875,35.667545,32.18708,35.17305,38.787655,34.555115,35.310097,34.625526,29.588558,31.690922,29.39445,32.588287,25.232473,27.787127,26.599848,29.03424,29.98986,27.351767,27.301344,29.304625,25.423798,24.9072,20.949648,18.812704,18.548656,18.88056,18.399765,21.084272,21.09849,21.280458,25.354208,24.618116,28.383797,31.45689,29.313719,27.34804,23.2316,27.19385,21.301222,24.187891,22.131756,23.446407,23.3179,23.150154,27.059889,29.853104,28.771776,31.472935,29.8961,24.949728,27.079245,25.382576,25.620869,21.218506,18.47587,18.047842,20.877565,25.488235,21.86738,19.000967,20.737932,16.83894,15.974795,16.594765,15.302249
34,38.382618,34.669983,34.830246,30.635244,27.959312,30.773602,24.282543,27.007381,22.867262,26.75261,23.835432,28.087757,25.129793,21.32187,23.24945,19.731596,18.997171,19.323137,18.671654,21.53188,21.301966,24.85171,23.929688,27.933224,29.355957,27.28275,27.840942,21.708664,19.516918,16.148384,14.487425,10.961078,5.9643025,4.981128,0.0,3.7845166,5.194205,6.180296,5.1251035,7.1285706,10.898067,12.115285,17.183033,18.039906,23.021734,27.47325,28.549795,33.716274,36.483727,37.714508,33.87623,37.04079,40.230587,36.52351,36.978806,36.189655,31.15164,33.381428,31.550827,35.155872,27.89529,30.63388,29.98887,32.69122,34.045273,31.265556,31.756945,33.745377,30.090384,29.426931,25.68628,23.522234,22.510267,22.997547,21.797924,24.302864,23.631203,23.195082,27.001625,25.614378,29.15505,31.725718,30.004993,27.829958,24.1081,27.89005,22.180801,25.346441,22.998297,24.808355,24.2499,23.266933,26.941996,29.30929,27.507881,29.962883,27.829687,23.04249,24.531048,23.276947,22.625856,18.51568,16.6679,15.847835,17.597847,21.95874,18.458067,16.01504,18.212866,15.518673,14.612212,16.528994,15.497737
35,42.03359,38.32878,38.32904,34.11047,31.400352,33.935116,27.468903,29.649832,25.299461,28.65968,25.45362,29.286617,25.890446,22.141214,23.828829,21.002907,19.942507,21.025064,20.20729,23.45916,23.206127,26.79871,26.308952,30.331478,32.096806,30.263103,30.61793,24.714388,22.415236,19.110983,17.434666,13.758644,9.096134,6.190374,3.7845166,0.0,4.4320683,7.2404504,8.180013,10.851288,14.234793,15.771287,20.571642,21.317696,26.362825,30.429436,31.84931,36.769314,39.416172,40.96316,37.191154,40.033665,43.52571,39.726944,40.057114,39.12493,34.02703,35.920345,33.816635,37.00796,29.742874,31.923317,31.202276,33.391975,35.050056,32.81607,32.890568,35.19596,31.242832,31.01302,26.801374,24.380035,24.127129,23.758192,23.010075,25.054235,24.409227,24.66812,27.974163,27.231424,30.639181,33.302906,31.921518,30.105682,26.520086,30.619717,25.135633,28.533163,26.446701,28.257427,27.866499,27.013376,30.712673,33.093502,31.253119,33.650772,31.419022,26.660627,27.819227,26.504597,25.554152,21.811522,20.157576,18.772255,20.207216,24.290047,20.33595,18.242802,19.462063,17.484238,15.618204,17.622406,15.671537
