,0,1,2,3,4,5,6,7,8,9,10,11,12,13,14,15,16,17,18,19,20,21,22,23,24,25,26,27,28,29,30,31,32,33,34,35,36,37,38,39,40,41,42,43,44,45,46,47,48,49,50,51,52,53,54,55,56,57,58,59,60,61,62,63,64,65,66,67,68,69,70,71,72,73,74,75,76,77,78,79,80,81,82,83,84,85,86,87,88,89,90,91,92,93,94,95,96,97,98,99,100,101,102,103,104,105,106,107,108,109,110
0,0.0,4.3438888,8.025195,9.931273,12.987047,14.680214,17.749857,21.638203,24.43037,27.7631,29.010715,33.99846,35.01992,32.10707,35.891083,32.631336,33.26439,33.30677,34.347427,34.90844,34.51323,37.933434,37.023388,32.92291,32.76459,29.855349,30.049042,29.45421,28.056673,31.036394,28.142796,35.493008,32.832623,38.174393,37.342983,39.78709,40.24845,36.8601,35.85546,34.014526,29.7149,29.900858,25.219147,24.87469,21.860518,25.38408,23.0061,23.94993,27.878233,29.90658,32.44366,35.48956,36.914677,40.710297,40.745613,39.89824,38.55234,34.719692,31.622364,31.51498,26.837456,26.771837,22.911493,19.418005,18.9918,12.259041,13.120014,15.753052,16.027319,15.943902,20.226227,19.331255,23.36438,24.781677,27.017797,29.556257,30.001604,36.006653,32.466,37.21361,37.97894,34.697704,35.212963,33.7623,31.576696,31.07511,34.827583,32.380043,37.172596,37.665287,40.191734,42.478508,41.412693,44.95765,44.48331,44.6829,42.996994,43.700584,40.055424,40.096825,40.110985,38.045177,39.681557,39.688644,39.783978,39.942417,39.228653,37.429947,40.33415,37.848423,40.89398
1,4.3438888,0.0,3.748904,6.951797,9.49831,10.972303,14.319671,17.704653,20.964968,24.119852,25.34517,30.747328,31.316702,28.228642,31.962175,28.842815,29.421913,29.728472,30.60938,31.532436,31.214138,34.727844,33.99868,29.997034,29.869776,26.790781,26.810698,25.835424,24.370129,27.075779,24.092457,31.359177,28.59109,34.058,33.111526,35.509777,35.91313,32.51853,31.53782,29.754333,25.386423,25.731445,21.062805,20.953365,18.225418,22.044338,20.181738,21.645643,25.817245,27.740137,30.645586,33.353424,35.313778,39.173687,39.020042,37.823032,36.62406,32.636803,29.948423,29.93411,25.517534,24.398602,21.088455,16.876846,16.78827,9.64245,11.039482,14.704935,15.675936,15.317893,19.247322,18.084564,22.116081,22.737858,25.69737,27.49942,28.555054,34.12365,30.73586,35.67077,36.213287,32.832985,32.849182,31.029846,28.742014,28.37406,31.800716,29.465666,34.209793,34.699577,37.442577,39.554092,38.220974,41.895164,41.139584,41.180107,39.323177,40.108356,36.166885,36.51332,36.203712,34.46031,36.00591,36.03139,36.409966,36.52069,36.2771,34.274975,37.488277,35.14195,38.43912
2,8.025195,3.748904,0.0,5.095121,6.7369804,7.635255,11.330755,14.085217,17.693428,20.689936,21.863647,27.543182,27.799301,24.617334,28.363434,25.406223,26.051657,26.62999,27.586477,28.804226,28.744991,32.30936,31.87348,27.95152,27.734093,24.572565,24.212755,22.887146,21.19686,23.703524,20.459335,27.720003,24.8442,30.328327,29.372828,31.79837,32.241768,28.892979,27.937353,26.21125,21.773714,22.420938,17.604998,17.96702,15.640297,19.457811,18.45896,20.24601,24.616924,26.224962,29.510836,31.7574,34.13874,38.10841,37.646202,36.136803,35.0011,30.89389,28.603594,28.547428,24.49537,22.437395,19.862694,15.114697,15.649214,8.504355,10.732807,15.218456,16.427567,15.666928,19.035574,17.481527,21.303774,21.100538,24.568815,25.635582,27.122805,32.19427,28.90397,33.92415,34.221287,30.755976,30.349188,28.260479,25.95283,25.77077,28.905516,26.823969,31.543648,32.131527,35.05424,37.069664,35.55272,39.39196,38.42612,38.375385,36.310223,37.093956,32.85815,33.359478,32.745678,31.183634,32.574516,32.568703,33.15739,33.281536,33.394833,31.34947,34.80636,32.665924,36.1787
3,9.931273,6.951797,5.095121,0.0,3.7662797,6.3862267,8.009211,12.444483,14.596837,17.982048,19.687506,24.419893,25.375086,22.582546,26.309242,23.000135,24.033098,24.219725,26.338507,26.868961,27.588974,30.966057,30.982256,26.770456,25.93271,23.163235,21.988173,21.203379,18.983303,22.29999,18.901943,26.474195,24.335148,29.096031,29.022238,31.838234,32.452602,29.480923,28.111586,26.117203,22.165024,22.734503,17.205378,17.989809,15.527985,17.639795,17.713453,18.391327,22.88943,23.614408,27.155653,28.925062,30.961632,35.29544,34.256367,32.81963,31.320019,27.1975,24.762562,24.22445,20.336401,18.63069,16.441011,12.148005,13.904601,7.0457125,10.984791,15.83558,15.418385,13.654472,16.44461,13.990442,17.424044,17.064308,20.047102,21.20133,22.244352,27.418007,23.982918,28.969698,29.440506,26.170322,26.11096,24.201715,21.845787,21.50132,25.052784,23.091265,28.038094,28.975807,31.726612,34.15598,33.08521,37.067356,36.55051,36.919643,34.82468,35.182858,31.300596,30.866447,30.797731,28.354603,29.841578,29.83748,29.854113,30.046305,29.462078,27.824888,30.933811,28.836103,32.218838
4,12.987047,9.49831,6.7369804,3.7662797,0.0,5.9997554,4.8751044,9.967466,12.273149,15.388239,17.64073,22.57455,22.891624,19.861145,23.187508,19.681,20.447483,20.621874,22.57523,23.21252,23.981783,27.377546,27.536373,23.39507,22.540699,19.710781,18.416101,17.46423,15.331459,18.605516,15.647766,23.074831,21.429361,26.203566,26.303822,29.111277,29.414526,26.5447,24.828428,22.660389,19.02216,19.234083,13.643621,14.421007,12.108614,14.027643,14.710109,15.658884,20.231256,20.821693,24.596888,26.086529,28.566854,32.846947,31.758814,30.062498,28.775627,24.59049,22.56781,22.31927,18.72169,15.971835,14.30403,9.423551,11.597954,5.7499595,9.952911,15.084216,15.032525,13.148589,15.194861,12.739352,15.94885,14.8221855,18.626118,19.075846,20.97191,25.749067,22.831192,27.98483,28.528755,25.517418,25.002014,22.549599,19.793898,19.237513,22.415112,20.129307,24.922615,25.695457,28.582735,30.815163,29.553867,33.5602,32.896236,33.199734,31.076647,31.4857,27.59714,27.327425,27.275747,25.072157,26.802282,27.041046,27.209272,27.131073,26.961111,24.79054,28.115456,25.960674,29.487612
5,14.680214,10.972303,7.635255,6.3862267,5.9997554,0.0,7.2415237,7.391022,10.839141,13.815366,14.430769,20.113543,20.626616,17.756157,22.0761,19.707905,21.253721,22.458385,24.75572,26.20931,27.450617,30.885582,31.449347,27.62751,26.74919,23.848658,21.882198,20.100565,17.14999,19.617731,14.756411,22.348158,19.086407,23.91817,23.427292,26.242052,27.38835,24.446743,23.739742,22.27211,17.799635,19.860182,14.302957,16.67472,15.621193,17.808613,19.615946,21.070757,25.63502,25.880537,29.942234,30.848623,33.6015,38.01909,36.442265,34.439064,33.048,28.79281,27.210648,26.433739,23.476192,20.091934,19.64581,14.803316,17.375652,11.530634,15.293144,20.41323,20.838823,19.052393,21.127155,18.370377,21.167051,19.288054,22.833841,22.41026,23.927458,27.719133,24.170776,29.021904,28.533098,24.690401,23.656866,21.502401,19.671888,20.324306,23.10821,22.43202,27.299505,28.627289,31.76259,33.961586,32.45106,36.78564,35.69994,35.75311,33.109108,33.50537,28.673706,28.756353,27.536074,25.61454,26.218391,25.778887,26.473349,27.048485,27.346712,26.142591,29.83937,28.49609,32.347828
6,17.749857,14.319671,11.330755,8.009211,4.8751044,7.2415237,0.0,7.047531,7.9224825,10.925984,13.880154,18.31167,18.510172,15.6377,18.746555,15.095612,16.221172,16.44887,19.424038,19.92716,21.635696,24.846302,25.70147,21.652348,20.269922,17.768183,15.276174,14.252896,11.310507,14.958957,11.730079,19.176136,18.243515,22.31985,23.1495,26.19391,26.568178,24.139742,22.112331,19.839235,16.809086,17.217894,11.262881,13.052121,11.622942,11.588805,14.547954,15.050679,19.518702,19.028782,23.295834,23.77074,26.557226,31.053963,29.259663,27.207392,25.833658,21.575495,20.180328,19.620295,16.949364,12.905063,13.107273,8.507317,12.21882,9.049577,13.155494,18.092028,17.616955,15.243203,15.946137,12.889334,14.980988,12.358601,16.50838,15.657554,18.064293,21.938591,19.302061,24.466394,24.834793,22.016687,21.052275,18.193214,15.213085,14.708876,17.62436,15.72246,20.586037,21.723227,24.732996,27.064152,25.853897,30.129316,29.491467,29.956678,27.57804,27.682564,23.720688,22.969778,22.947155,20.353561,22.036503,22.324293,22.36935,22.264357,22.178995,20.085096,23.5491,21.709698,25.449781
7,21.638203,17.704653,14.085217,12.444483,9.967466,7.391022,7.047531,0.0,5.552289,7.1905513,8.288456,14.626342,13.805588,10.550747,14.725503,12.760382,14.635334,16.566366,19.371529,21.299715,23.383041,26.586313,27.938547,24.585266,23.413084,20.794598,17.77545,15.32612,11.687892,13.448509,7.59442,15.169332,12.308256,16.72441,16.859465,19.940062,21.047071,18.616163,17.57084,16.133785,12.289473,15.02895,9.484211,13.492004,14.057243,14.713375,18.829079,20.397127,24.627987,23.99427,28.46374,28.206276,31.651653,36.01575,33.8575,31.280962,30.131056,25.940268,25.481306,24.74395,23.025272,17.855377,19.45106,14.844059,18.225573,14.966623,18.528198,23.52034,24.051418,22.003883,22.724813,19.828466,21.570017,18.107473,22.298502,20.062647,22.646025,24.797813,22.070286,26.781643,25.92365,22.428547,20.229254,17.13902,15.123627,16.16,17.695646,17.777029,22.16683,23.69747,27.087349,28.964594,27.140818,31.70157,30.259117,30.206585,27.155638,27.407133,22.098398,22.325983,20.462353,18.903511,19.17405,18.795109,20.012142,20.470137,21.812572,20.37089,24.563274,23.804228,27.97671
8,24.43037,20.964968,17.693428,14.596837,12.273149,10.839141,7.9224825,5.552289,0.0,3.6797757,6.6073966,10.458456,11.000646,8.89339,12.886055,10.539861,13.417783,14.80452,19.507137,20.424603,23.631931,26.396807,28.358568,24.894873,22.98245,21.074478,16.933676,15.319497,10.919263,13.69404,8.160465,15.117419,13.970485,16.366613,18.144318,21.58658,22.905064,21.277773,19.759602,18.11579,15.619542,17.840528,12.388765,16.254944,16.668528,15.057074,20.317644,20.670565,24.653318,22.87161,27.503784,26.40486,29.466377,34.138916,31.166317,28.589886,27.020584,22.93959,22.705645,21.268742,20.432163,15.314158,18.238379,14.823368,19.124372,16.970907,20.971323,25.838463,25.26673,22.661509,22.573412,19.099161,19.816538,15.733291,19.15243,16.17871,18.36499,19.690727,16.924608,21.447218,20.485231,17.232147,14.975794,11.727204,9.618647,11.00619,12.801417,13.92525,18.54124,20.799877,23.953613,26.346151,25.140366,29.870668,29.004786,29.50887,26.426916,26.011713,21.294285,19.985077,18.866016,15.751033,15.906077,15.413292,15.667505,16.388563,16.789894,16.278027,20.105566,19.774515,23.872265
9,27.7631,24.119852,20.689936,17.982048,15.388239,13.815366,10.925984,7.1905513,3.6797757,0.0,4.7760315,8.512573,7.5918612,5.342134,9.308411,7.722582,11.10504,13.167191,18.037077,19.334562,22.920294,25.46253,27.814508,24.78312,22.84784,21.14562,16.661652,14.654356,10.1801195,11.965533,6.173906,12.044094,11.351785,12.891395,15.222119,18.720856,20.083876,18.91325,17.371788,15.9503355,14.144917,16.723034,12.063553,16.379595,17.60913,15.570276,21.51453,22.078382,25.735905,23.691465,28.354488,26.701044,30.119884,34.619205,31.43877,28.564505,27.22039,23.316568,23.773117,22.467773,22.300322,16.526596,20.22008,17.023695,21.208105,19.818188,23.51752,28.2419,27.948833,25.430456,24.973759,21.69117,22.050217,17.515242,21.090332,17.293236,19.973795,20.138788,18.044102,22.176525,20.892782,17.945217,14.898914,11.139769,9.258973,11.07308,11.413215,13.4286585,17.374771,19.738659,23.001442,25.070583,23.621191,28.416733,27.255453,27.623377,24.28151,23.790388,18.713955,17.578611,15.778667,13.006736,12.589487,12.005066,12.854744,13.596057,15.062041,14.515312,18.701147,18.931612,23.159946
10,29.010715,25.34517,21.863647,19.687506,17.64073,14.430769,13.880154,8.288456,6.6073966,4.7760315,0.0,7.31841,6.6804295,5.28411,10.621646,11.1507015,14.617831,17.326399,21.661686,23.551722,26.963299,29.552923,31.881262,29.036932,27.313313,25.433708,21.168856,18.768524,14.478358,15.307881,8.6601305,13.525564,10.641454,11.876172,13.43297,16.943436,19.360723,18.219439,17.887878,17.328388,14.824529,18.828255,14.632692,19.394173,20.91019,19.8273,25.42246,26.394224,30.197052,28.387308,33.044636,31.462303,34.889294,39.393623,36.163242,33.266148,31.887486,28.025867,28.437223,26.925068,26.692457,21.191675,24.607136,21.068838,25.10921,22.713387,26.489576,31.420313,31.427025,29.002634,29.018793,25.662273,26.315056,21.99069,25.30046,21.67543,23.763397,23.583803,20.950552,24.610014,22.458826,18.797253,15.350172,12.360791,12.076498,14.846268,14.92266,17.96287,21.658812,24.168428,27.41219,29.353653,27.756994,32.546143,31.084532,31.186953,27.6157,27.233355,21.600409,21.050127,18.16711,16.142275,14.312725,12.722061,14.334688,15.9131775,17.751205,18.302273,22.391987,23.18083,27.356346
11,33.99846,30.747328,27.543182,24.419893,22.57455,20.113543,18.31167,14.626342,10.458456,8.512573,7.31841,0.0,5.9042134,8.554302,11.663529,12.697004,16.733438,18.71133,24.549026,25.38748,29.802164,31.772799,34.712555,31.9516,29.58818,28.518784,23.459354,21.962345,17.580317,18.896353,13.732785,16.554148,15.896969,14.089845,17.520798,20.940817,23.503925,23.389538,22.704987,22.075605,20.924047,24.241123,20.300634,24.727901,26.071547,23.374355,29.626326,29.56681,32.956913,30.077007,34.677242,32.14104,35.020004,39.677208,35.509235,32.671906,30.878294,27.481644,28.30659,26.018167,27.02273,22.075024,26.582287,24.338842,28.87555,27.338596,31.378603,36.162586,35.247917,32.411648,31.72952,28.01897,27.627697,23.034668,25.072859,20.77104,21.968937,19.860037,17.485441,19.905714,16.930004,13.728355,9.469148,6.8749905,8.744608,12.55048,11.849652,17.122393,20.198162,23.557447,26.236439,28.604132,27.81208,32.56385,31.757275,32.450897,28.921894,27.726944,23.054205,20.728905,18.648703,14.96289,12.095964,9.712925,9.693185,12.443125,12.999685,16.031965,19.120476,21.063303,24.780596
12,35.01992,31.316702,27.799301,25.375086,22.891624,20.626616,18.510172,13.805588,11.000646,7.5918612,6.6804295,5.9042134,0.0,4.0623536,6.3095846,9.009041,12.744074,15.615963,20.53058,22.212944,26.407284,28.327173,31.352327,29.129572,27.11881,25.944775,21.118368,18.920286,14.970567,14.864679,10.226991,11.094927,10.878787,8.303709,12.247078,15.621454,17.83002,18.051228,17.257696,16.894651,16.460361,19.889719,17.046118,21.61114,23.750216,21.308392,27.781555,28.40978,31.558174,29.001104,33.568787,30.962585,34.558105,38.815514,35.053387,31.860867,30.67675,27.304014,28.696814,27.191322,28.154503,22.187693,26.790676,24.120323,28.235151,27.337769,30.874731,35.489258,35.330826,32.81215,31.993736,28.755959,28.555447,23.663725,26.750248,22.047997,24.566513,22.54995,21.176352,24.02277,21.68341,19.114784,14.88142,11.412056,11.519259,14.349087,12.322834,16.705961,19.029493,21.802559,24.827953,26.425934,24.89578,29.592258,28.090363,28.303461,24.54668,23.689125,18.312124,17.190832,13.834837,11.815111,8.490674,6.2853236,8.805388,10.627466,13.8497715,14.894063,18.864996,20.677185,24.677378
13,32.10707,28.228642,24.617334,22.582546,19.861145,17.756157,15.6377,10.550747,8.89339,5.342134,5.28411,8.554302,4.0623536,0.0,5.39187,7.02519,10.405953,13.64446,17.799202,19.970507,23.645542,25.909735,28.60288,26.289612,24.582348,23.012222,18.577871,15.93047,12.028902,11.689603,6.315999,8.630599,7.719493,7.624278,10.552612,14.068209,15.761717,15.297604,14.219891,13.582628,12.62467,16.101265,13.089646,17.77159,20.02204,18.189919,24.408068,25.493938,28.788177,26.748201,31.32632,29.219284,33.086384,37.25291,34.01414,30.81698,29.855738,26.240137,27.41361,26.361132,26.714409,20.451998,24.535654,21.335188,25.16606,24.177364,27.490292,32.07657,32.327682,30.019114,29.418308,26.422419,26.65954,21.894737,25.644514,21.282703,24.331675,23.371443,21.928974,25.475641,23.696634,20.975498,17.150448,13.367818,12.3539715,14.506133,13.077786,15.951955,18.673584,20.915718,24.241375,25.654001,23.723063,28.439219,26.66239,26.615355,22.897537,22.498669,16.680237,16.492245,13.014813,11.823763,9.920751,8.885284,11.468605,12.331371,15.709862,15.2001095,19.658415,20.649828,24.874294
14,35.891083,31.962175,28.363434,26.309242,23.187508,22.0761,18.746555,14.725503,12.886055,9.308411,10.621646,11.663529,6.3095846,5.39187,0.0,5.046671,7.5306754,10.952229,14.950181,17.0921,21.162416,22.850256,26.019958,24.361675,22.596153,21.595312,17.04667,14.528648,11.540098,9.9719,8.153304,5.4511485,8.870932,6.368922,10.8991995,13.832826,14.361688,14.928894,12.831453,12.011801,13.341895,15.509817,14.062987,18.053215,20.780577,17.980337,24.599466,25.549429,28.148085,25.751097,30.105135,27.34326,31.508131,35.263817,31.942305,28.492826,27.956717,24.775232,26.76788,26.130861,27.19842,20.543959,25.234098,22.695633,26.25219,26.690687,29.55394,33.68868,33.98848,31.769648,30.508163,27.88188,27.580355,22.55997,26.413029,21.458298,25.213057,23.381971,23.19526,26.411293,25.04967,23.339575,19.424475,15.325355,13.847976,15.171003,12.251426,14.791711,16.039263,17.953945,21.1838,21.987284,19.81808,24.36843,22.363768,22.270525,18.430595,17.829645,12.083048,11.980508,7.82317,7.777458,5.9317193,6.3243046,9.616028,9.267376,14.235082,12.571992,17.098797,18.388823,22.44412
15,32.631336,28.842815,25.406223,23.000135,19.681,19.707905,15.095612,12.760382,10.539861,7.722582,11.1507015,12.697004,9.009041,7.02519,5.046671,0.0,4.0381875,6.707116,11.895518,13.239179,17.479437,19.402218,22.413769,20.211828,18.196985,17.193096,12.356072,10.237204,6.8421903,6.8261876,6.3021674,6.934281,10.944611,10.954524,14.53949,17.51152,17.336542,17.102648,14.0777235,12.08522,13.154076,13.832036,11.353417,14.763251,16.932133,13.326628,20.135286,20.687191,23.310244,20.82,25.250202,22.692728,26.801893,30.701382,27.547894,24.205397,23.598848,20.176645,21.942062,21.526377,22.346987,15.587948,20.250515,17.957676,21.549755,22.60381,25.400188,29.36767,29.363134,27.095469,25.601685,23.062513,22.667953,17.665195,21.769365,16.9853,21.181341,20.22139,20.212187,24.000776,23.481686,22.05585,18.803623,14.431902,11.667997,11.856754,9.683445,10.425756,12.391936,14.109494,17.548971,18.748634,16.76709,21.515789,19.98776,20.2907,16.812151,16.183304,11.190384,10.094941,8.376974,6.380229,7.8165264,9.262806,10.613469,9.40244,12.993604,9.786085,14.574741,14.813534,19.061497
16,33.26439,29.421913,26.051657,24.033098,20.447483,21.253721,16.221172,14.635334,13.417783,11.10504,14.617831,16.733438,12.744074,10.405953,7.5306754,4.0381875,0.0,4.0624022,7.913338,9.75255,13.754891,15.629845,18.663698,16.842861,15.110031,14.1685095,9.790665,7.302832,5.6506896,3.8978882,7.7043357,6.4847846,11.936265,12.639076,15.644451,18.09925,16.836237,16.579838,12.713909,10.138312,12.415283,11.465142,10.296028,12.670213,15.178098,11.393172,18.036896,18.902945,21.03654,18.859024,23.03762,20.559591,25.113667,28.565708,25.947935,22.490728,22.453957,19.21168,21.28559,21.654081,22.34694,15.389825,19.697815,17.538414,20.447477,22.500593,24.655153,28.14615,28.528,26.573309,24.831934,22.890032,22.530178,17.736177,22.316631,17.75484,22.605152,22.04749,22.66027,26.571476,26.597132,25.537716,22.523403,18.134054,14.9927435,14.338419,12.187886,10.972953,11.958575,12.503604,16.067087,16.543856,13.934452,18.517445,16.571815,16.604986,13.189615,12.984317,7.925758,8.112964,6.9644094,7.103469,10.056125,12.242593,13.656333,11.63648,15.44036,10.67816,15.304541,14.806017,18.85651
17,33.30677,29.728472,26.62999,24.219725,20.621874,22.458385,16.44887,16.566366,14.80452,13.167191,17.326399,18.71133,15.615963,13.64446,10.952229,6.707116,4.0624022,0.0,7.1315002,6.708549,11.530034,13.0862,16.303268,14.204795,11.912208,11.650831,6.707951,5.904695,5.4797435,6.086514,10.708676,10.470968,15.889886,16.53716,19.705929,22.133623,20.64979,20.352642,16.227053,13.3446,15.647823,13.512338,12.094118,13.216337,14.929606,9.730963,16.403614,16.423021,18.06769,15.337105,19.430035,16.605577,21.127848,24.575232,21.890186,18.43417,18.47006,15.323269,17.651436,18.349459,19.333452,12.501245,17.073824,15.88942,18.670458,21.853931,23.80548,26.874235,26.761717,24.74815,22.438137,20.71524,19.837166,15.118236,19.559458,15.022338,20.25106,19.900581,21.195438,25.110199,25.861944,25.438501,22.954273,18.64855,14.993182,13.284048,11.436959,8.301306,8.743151,8.693412,12.311026,13.000227,10.736123,15.42949,14.210633,14.921148,12.122179,11.495136,8.6158085,6.8364005,8.881163,7.4327645,11.834398,14.421946,14.710536,12.16381,14.808955,8.941138,13.041965,11.643472,15.520434
18,34.347427,30.60938,27.586477,26.338507,22.57523,24.75572,19.424038,19.371529,19.507137,18.037077,21.661686,24.549026,20.53058,17.799202,14.950181,11.895518,7.913338,7.1315002,0.0,5.08406,6.5474772,8.595969,11.229751,10.416951,9.888146,9.009982,7.5965,5.4508333,8.894842,6.452108,13.404643,11.652206,16.86354,18.762724,20.523365,22.062078,19.226768,18.657566,13.975106,10.818308,14.246883,9.851402,11.492508,10.617322,13.13646,9.885697,14.606876,16.14972,17.002104,16.003128,19.230103,17.476822,22.657478,24.98561,23.885654,20.534256,21.65866,18.95924,21.17063,23.030125,23.171959,16.717014,19.541468,17.81102,18.941776,22.79238,23.497313,25.761568,26.91442,25.724016,23.664804,23.07714,22.93351,19.110847,24.176142,20.609026,26.0983,26.567211,27.895851,32.012337,32.922653,32.297398,29.76447,25.418001,21.807753,20.154673,18.557886,14.893965,14.606748,12.772625,15.889139,14.879086,11.245741,14.652579,11.909117,11.145819,8.763915,10.17223,7.3864837,10.274437,11.091329,13.267643,17.128784,19.728996,20.98517,18.375572,21.768486,15.707006,19.370905,17.511223,20.721298
19,34.90844,31.532436,28.804226,26.868961,23.21252,26.20931,19.92716,21.299715,20.424603,19.334562,23.551722,25.38748,22.212944,19.970507,17.0921,13.239179,9.75255,6.708549,5.08406,0.0,5.496417,6.459677,9.823901,8.383892,6.4040904,7.300549,5.165868,6.314098,9.7219305,9.646992,15.994488,15.158581,20.697502,21.986467,24.497564,26.361391,23.853767,23.431402,18.806215,15.642034,18.63196,14.406024,14.647353,13.383625,14.634989,9.526391,14.207914,14.194364,14.265912,12.156452,15.237357,12.69114,17.842615,20.218075,18.836576,15.456838,16.701967,14.300471,16.901,19.070377,19.73683,13.787881,16.95588,16.647842,17.842878,22.818417,23.5588,25.434752,25.672266,24.265415,21.449406,20.983013,20.047989,16.385468,20.93435,17.445082,23.048412,23.508095,25.545408,29.454317,31.019974,31.090708,29.063108,24.879154,20.977732,18.53266,17.17145,12.321099,11.249585,8.540036,11.330768,10.486074,7.4216056,11.004153,9.686245,10.401108,9.131077,9.363396,9.643949,9.43339,12.880636,13.115758,17.844868,20.718252,20.921356,17.987745,20.22505,13.717084,16.472183,13.853477,16.544317
20,34.51323,31.214138,28.744991,27.588974,23.981783,27.450617,21.635696,23.383041,23.631931,22.920294,26.963299,29.802164,26.407284,23.645542,21.162416,17.479437,13.754891,11.530034,6.5474772,5.496417,0.0,3.6865199,4.965631,4.3155107,5.146739,5.2366014,7.7719793,8.346653,12.820795,12.197902,18.734518,18.158575,22.944916,25.267233,26.850313,28.303038,25.222471,24.351187,19.71648,16.538681,19.340286,13.942831,15.360847,12.435316,13.3972025,10.1845665,12.152283,13.177391,12.440507,12.351112,14.370847,13.544288,18.746359,20.18438,20.458227,17.585903,19.419767,17.290926,19.213348,22.126698,21.829296,16.610765,18.009184,17.385973,17.099863,22.587694,22.25877,23.264715,24.364098,23.676422,21.140638,21.66666,21.41306,18.750444,23.59348,21.154512,26.705006,28.129911,29.923483,34.10561,35.863075,35.69891,33.81228,29.634968,25.64232,23.178038,22.328691,17.155079,16.507038,13.44636,15.648847,14.228314,11.1343565,12.950743,11.13294,10.806633,10.795068,12.346242,12.83504,14.474371,17.030125,18.299072,22.77229,25.528763,26.112703,23.28548,25.622753,19.164015,21.834082,18.88112,21.190022
21,37.933434,34.727844,32.30936,30.966057,27.377546,30.885582,24.846302,26.586313,26.396807,25.46253,29.552923,31.772799,28.327173,25.909735,22.850256,19.402218,15.629845,13.0862,8.595969,6.459677,3.6865199,0.0,4.2431755,5.9816794,6.3911343,8.17117,10.114425,11.296015,15.52248,14.761708,21.509356,20.044403,25.453444,27.073988,29.015446,30.335287,27.077911,26.644968,21.931604,18.917816,22.307522,17.017376,18.745226,16.072382,17.056185,13.412218,15.344364,15.697735,14.103061,13.4312315,14.678564,13.056626,18.162966,18.896349,19.249527,16.349337,18.69905,17.329954,19.833206,22.920479,23.25579,18.412844,20.17016,20.29552,20.031267,25.903128,25.536549,26.23422,27.044998,26.350016,23.419376,24.075315,23.308199,20.70895,25.071354,22.458033,28.006413,28.873804,31.270575,35.09878,37.040676,37.334976,35.460476,31.310991,27.367891,24.737967,23.476189,18.321362,16.624779,13.074033,14.5993395,12.349126,9.281027,9.934818,8.22805,8.187726,9.358679,10.7440605,13.151875,14.37747,17.663248,19.054344,23.69418,26.677366,27.055355,23.965527,26.2732,19.677383,21.757357,18.862026,20.56855
22,37.023388,33.99868,31.87348,30.982256,27.536373,31.449347,25.70147,27.938547,28.358568,27.814508,31.881262,34.712555,31.352327,28.60288,26.019958,22.413769,18.663698,16.303268,11.229751,9.823901,4.965631,4.2431755,0.0,4.5750895,7.093846,8.116369,12.067565,13.182715,17.665619,17.092308,23.608583,22.849316,27.595398,29.96809,31.36852,32.56684,29.151855,28.297955,23.710855,20.69261,23.562248,17.82127,19.72951,16.141811,16.566908,14.150489,14.053565,14.851057,12.676565,13.547412,13.92489,13.900182,18.68264,18.846931,20.448446,18.099264,20.57317,19.230959,21.037048,24.52318,24.09783,19.90458,20.406464,20.437874,19.174017,25.3086,24.203493,24.169884,25.447546,25.272861,22.57623,23.925304,23.626783,21.812504,26.26837,24.477861,29.904495,31.600151,33.730858,37.800064,39.93266,40.047478,38.3819,34.276546,30.214962,27.498322,26.763227,21.253456,20.137484,16.589664,17.968544,15.968817,13.323628,13.378049,11.990082,11.552132,13.088802,14.839139,16.760786,18.44766,21.359781,22.8138,27.396082,30.258854,30.721565,27.755194,29.87495,23.324404,25.42528,22.198772,23.798811
23,32.92291,29.997034,27.95152,26.770456,23.39507,27.62751,21.652348,24.585266,24.894873,24.78312,29.036932,31.9516,29.129572,26.289612,24.361675,20.211828,16.842861,14.204795,10.416951,8.383892,4.3155107,5.9816794,4.5750895,0.0,3.5631232,3.9146733,8.661904,10.380833,14.646806,15.159725,21.063393,21.6953,25.98479,28.735231,30.228943,31.845312,28.931913,27.716757,23.215292,19.959192,21.993784,16.534828,17.107021,13.461064,13.128105,10.187517,9.975725,10.345302,8.634199,9.591604,10.830736,11.391121,16.238195,17.442575,18.650137,16.35736,18.237583,16.21993,17.42283,20.832993,19.917448,15.785974,15.898185,15.928704,14.736074,21.0326,20.15682,20.422375,21.290516,20.881275,18.158,19.368528,19.202183,17.497532,22.10962,20.676178,26.001972,28.330673,30.071177,34.37084,36.59091,36.5336,35.138664,31.156591,26.985952,24.146912,24.045889,18.200933,17.99672,14.8071785,16.533024,15.596883,13.4074545,14.653557,13.936123,14.139896,14.756953,15.999476,16.96153,17.786797,20.844194,21.270617,25.911774,28.587362,28.76343,26.022654,27.556501,21.21219,23.438637,19.89419,21.805628
24,32.76459,29.869776,27.734093,25.93271,22.540699,26.74919,20.269922,23.413084,22.98245,22.84784,27.313313,29.58818,27.11881,24.582348,22.596153,18.196985,15.110031,11.912208,9.888146,6.4040904,5.146739,6.3911343,7.093846,3.5631232,0.0,3.6605406,6.203414,9.067523,12.8633795,14.113021,19.796556,20.641788,25.268097,27.516186,29.55638,31.466105,28.904205,27.883593,23.34887,20.024462,22.061913,17.136217,16.836918,13.966924,13.579662,8.98915,10.561577,9.672787,8.343237,7.286979,9.497191,8.759445,13.870145,15.829937,16.039682,13.461625,15.060168,12.842498,14.373156,17.625084,17.222147,12.854582,13.873149,14.520352,14.246568,20.585436,20.401772,21.188883,21.235441,20.280733,17.13329,17.780096,17.006138,14.830578,19.24595,17.433924,22.828363,24.872892,26.834,30.99871,33.31307,33.49947,32.208443,28.298098,24.102245,21.071938,20.974625,14.947136,14.646123,11.494873,13.238498,12.820335,11.095888,12.990467,12.957902,13.90374,14.164758,14.705218,15.890723,15.514135,19.216852,18.769783,23.58224,26.28948,26.05852,23.292177,24.39092,18.09273,20.075567,16.405964,18.310953
25,29.855349,26.790781,24.572565,23.163235,19.710781,23.848658,17.768183,20.794598,21.074478,21.14562,25.433708,28.518784,25.944775,23.012222,21.595312,17.193096,14.1685095,11.650831,9.009982,7.300549,5.2366014,8.17117,8.116369,3.9146733,3.6605406,0.0,5.513649,7.174508,11.140262,12.347099,17.666811,19.261354,23.118443,26.114395,27.628544,29.530926,27.048222,25.617878,21.258202,17.908236,19.325935,14.33303,13.836926,10.527141,9.990574,6.2789865,7.464878,7.9849286,8.070428,8.4867735,11.276081,11.681986,16.50787,18.794785,19.110931,16.643751,17.803234,14.9894495,15.827944,18.755865,17.546148,12.740322,13.096255,12.448189,11.92844,17.785011,17.495155,18.600315,19.271835,18.456844,15.964496,16.544338,16.624231,14.433994,19.47314,17.879738,23.198627,25.759106,27.003746,31.524408,33.52698,33.14704,31.744463,27.784958,23.613466,20.912558,21.142933,15.406659,16.135994,13.594617,15.920639,15.810525,13.678834,16.085434,15.333418,15.661382,15.306827,16.275105,15.971116,16.45086,19.139528,19.000086,23.467068,25.919252,26.080095,23.599453,24.98546,18.916338,21.561611,18.098362,20.58387
26,30.049042,26.810698,24.212755,21.988173,18.416101,21.882198,15.276174,17.77545,16.933676,16.661652,21.168856,23.459354,21.118368,18.577871,17.04667,12.356072,9.790665,6.707951,7.5965,5.165868,7.7719793,10.114425,12.067565,8.661904,6.203414,5.513649,0.0,4.09636,6.8208323,9.106818,13.992855,15.745061,20.051243,22.234402,24.515856,26.822336,24.930803,23.854641,19.563412,16.247066,17.725203,13.952938,12.23381,10.940122,11.114467,4.9554915,10.504165,10.040055,11.387893,9.295921,13.380549,11.876276,16.610516,19.92454,18.49271,15.509503,15.896809,12.512188,13.936646,15.881395,15.609249,9.405474,12.17552,11.512158,13.133711,17.911472,18.997839,21.266947,21.1139,19.451118,16.832249,16.027943,15.434918,11.752818,16.797436,13.888185,19.403748,21.100199,22.35846,26.770088,28.469316,28.143068,26.533976,22.50814,18.36234,15.717181,15.647654,10.1203985,11.245101,9.549707,12.575844,13.329456,11.450593,15.198351,14.67361,15.536333,14.146207,14.236988,13.1846895,12.24506,15.160888,13.9019375,18.401022,20.815325,20.680826,18.262667,19.510653,13.560629,16.531872,13.411163,16.540865
27,29.45421,25.835424,22.887146,21.203379,17.46423,20.100565,14.252896,15.32612,15.319497,14.654356,18.768524,21.962345,18.920286,15.93047,14.528648,10.237204,7.302832,5.904695,5.4508333,6.314098,8.346653,11.296015,13.182715,10.380833,9.067523,7.174508,4.09636,0.0,4.546231,5.396113,10.805916,12.407792,16.33297,19.056711,20.842405,23.031313,21.083164,19.829092,15.592174,12.264613,13.672119,9.999471,8.595257,7.905644,9.372259,4.8634963,10.9900465,12.153098,14.170296,13.047504,17.04772,15.901154,20.693125,23.882132,22.539003,19.458588,19.838537,16.390385,17.710014,19.237425,18.704575,12.127042,14.711981,12.537428,14.258826,17.753643,18.962215,21.73618,22.391977,20.879436,19.018482,18.000492,18.125746,14.247917,19.58915,16.446327,21.766762,23.214878,23.876978,28.406094,29.4637,28.531574,26.423195,22.220005,18.333128,16.469162,16.038126,11.780618,13.286763,12.189151,15.575202,15.95672,13.331424,17.283026,15.72583,15.795354,13.66109,14.284267,11.374279,12.051033,13.251115,13.156134,17.032429,19.229065,19.92189,17.753803,20.018278,14.379966,18.184452,15.83696,19.421755
28,28.056673,24.370129,21.19686,18.983303,15.331459,17.14999,11.310507,11.687892,10.919263,10.1801195,14.478358,17.580317,14.970567,12.028902,11.540098,6.8421903,5.6506896,5.4797435,8.894842,9.7219305,12.820795,15.52248,17.665619,14.646806,12.8633795,11.140262,6.8208323,4.546231,0.0,4.875489,7.270878,10.775728,13.921279,16.457666,18.607086,21.301193,20.272085,18.996777,15.333103,12.347326,12.701357,11.08382,7.611804,9.31574,10.647144,6.5090714,13.307613,14.031045,16.89649,15.169434,19.630413,18.185936,22.471218,26.30695,24.149593,21.092329,20.735008,16.920834,17.942392,18.456347,18.058697,11.186638,14.623737,11.945724,14.985012,16.954393,19.19983,22.81151,22.984892,20.982128,19.478067,17.499577,17.624533,13.131952,18.24129,14.617066,19.484081,20.66503,20.634617,25.225735,25.797253,24.449066,22.185898,17.993223,14.239382,12.903806,12.731765,9.695552,12.533234,12.864006,16.421494,17.655254,15.56214,20.037333,18.764317,19.08819,16.409245,16.457344,12.57129,12.180592,12.57269,11.144552,14.310996,16.014246,16.608498,14.999735,17.011343,12.357426,16.602283,14.895669,18.95982
29,31.036394,27.075779,23.703524,22.29999,18.605516,19.617731,14.958957,13.448509,13.69404,11.965533,15.307881,18.896353,14.864679,11.689603,9.9719,6.8261876,3.8978882,6.086514,6.452108,9.646992,12.197902,14.761708,17.092308,15.159725,14.113021,12.347099,9.106818,5.396113,4.875489,0.0,6.9645796,7.1121554,11.225735,13.795251,15.515522,17.721342,16.006905,14.990775,10.900026,7.812381,9.660101,7.7564397,6.946403,8.980982,11.917993,9.389969,15.423572,17.16691,19.515976,18.297377,22.381094,20.785656,25.546734,28.81768,26.952375,23.64007,23.836683,20.411705,22.007332,22.82882,22.683638,15.784022,19.031448,16.133844,18.439438,20.323847,22.055302,25.451374,26.461084,24.845663,23.500921,21.938528,22.231682,17.870827,22.99974,19.148848,24.107433,24.567831,24.794933,29.102852,29.265594,27.832275,24.997145,20.663858,17.392286,16.655436,15.345729,13.260637,14.753624,14.627413,18.224766,18.44993,15.470853,19.726368,17.409908,16.934282,13.779219,14.432896,9.19496,11.165021,9.796922,10.999654,13.663218,15.520769,17.233997,15.4511595,18.998636,14.16367,18.684359,17.56589,21.54881
30,28.142796,24.092457,20.459335,18.901943,15.647766,14.756411,11.730079,7.59442,8.160465,6.173906,8.6601305,13.732785,10.226991,6.315999,8.153304,6.3021674,7.7043357,10.708676,13.404643,15.994488,18.734518,21.509356,23.608583,21.063393,19.796556,17.666811,13.992855,10.805916,7.270878,6.9645796,0.0,7.7214932,7.442887,11.028514,12.328707,15.384364,15.567539,14.006712,11.767121,9.985555,8.405455,10.6449995,6.8286095,11.476896,13.78498,12.669637,18.460297,20.13593,23.527287,22.270658,26.754333,25.438963,29.613857,33.560665,31.171352,28.062988,27.468884,23.620808,24.457561,24.218632,23.70317,17.179167,20.332918,16.54083,19.784914,19.205965,22.00009,26.366276,27.135468,25.169712,24.69982,22.236357,23.016037,18.589678,23.27164,19.576967,23.436876,24.004467,22.79506,27.155483,26.403553,23.89537,20.826244,16.798174,14.324416,15.012345,14.498527,14.619745,17.694788,18.940342,22.525434,23.678911,21.327677,25.90839,23.95619,23.678513,20.293156,20.533846,14.766079,15.623051,13.030262,12.660907,13.193898,13.573144,15.592067,15.241369,18.29427,15.650946,20.351706,19.99335,24.295189
31,35.493008,31.359177,27.720003,26.474195,23.074831,22.348158,19.176136,15.169332,15.117419,12.044094,13.525564,16.554148,11.094927,8.630599,5.4511485,6.934281,6.4847846,10.470968,11.652206,15.158581,18.158575,20.044403,22.849316,21.6953,20.641788,19.261354,15.745061,12.407792,10.775728,7.1121554,7.7214932,0.0,6.928809,7.1237903,9.543758,11.711194,10.62554,10.896109,7.7919755,6.7370596,9.407336,10.924234,11.30866,14.807408,18.208244,16.384743,22.393291,24.205463,26.575676,24.993391,29.098291,26.853096,31.53036,34.80998,32.316505,28.797567,28.855207,25.678217,27.697401,27.86417,28.379091,21.440783,25.391727,22.391273,25.146408,25.965147,28.12995,31.912676,33.01915,31.259233,30.138159,28.126074,28.281069,23.545504,28.155458,23.610435,28.02573,27.054955,27.077255,30.740046,29.841917,28.099648,24.411285,20.206244,18.134912,18.757664,16.236687,16.880459,17.782309,18.557272,21.979414,21.982944,18.980417,23.194496,20.389383,19.545427,15.681177,16.03179,9.364196,12.083529,7.165687,10.365805,10.352143,11.490097,14.747389,13.644352,18.734228,15.478705,20.139668,20.573832,24.588036
32,32.832623,28.59109,24.8442,24.335148,21.429361,19.086407,18.243515,12.308256,13.970485,11.351785,10.641454,15.896969,10.878787,7.719493,8.870932,10.944611,11.936265,15.889886,16.86354,20.697502,22.944916,25.453444,27.595398,25.98479,25.268097,23.118443,20.051243,16.33297,13.921279,11.225735,7.442887,6.928809,0.0,6.5169625,5.1437063,8.0354185,9.0637455,7.7197695,7.6267157,8.278445,6.722116,11.746992,11.119086,15.648211,18.893654,19.043648,24.238642,26.682844,29.8223,28.915224,33.207256,31.746706,36.25056,39.850624,37.547733,34.218967,33.94366,30.341732,31.59213,31.411575,31.11996,24.500149,27.630537,23.605242,26.368885,25.275023,27.695255,31.974771,33.527847,31.87748,31.718466,29.455856,30.41993,26.01544,30.662329,26.723238,30.46838,30.226484,29.013992,32.890636,31.354652,28.526146,24.785627,21.0596,19.713528,21.242325,19.750462,21.07152,23.216352,24.369635,27.914179,28.362709,25.47164,29.764013,26.959646,25.926613,22.18303,22.832144,16.107784,18.76832,13.94285,16.012236,14.743247,14.398017,17.980482,18.085112,22.5284,20.549623,25.296082,25.744295,29.975206
33,38.174393,34.058,30.328327,29.096031,26.203566,23.91817,22.31985,16.72441,16.366613,12.891395,11.876172,14.089845,8.303709,7.624278,6.368922,10.954524,12.639076,16.53716,18.762724,21.986467,25.267233,27.073988,29.96809,28.735231,27.516186,26.114395,22.234402,19.056711,16.457666,13.795251,11.028514,7.1237903,6.5169625,0.0,5.3364177,8.050622,9.899818,11.097594,10.966003,11.911898,12.723999,16.601158,16.299763,20.64226,23.881466,22.523533,28.575203,30.313822,33.07612,31.26502,35.569386,33.131138,37.510998,41.10175,38.061943,34.564125,34.202503,31.002522,32.895924,32.32208,33.048782,26.370068,30.573189,27.349335,30.60459,30.161924,32.88313,37.15385,38.129112,36.15282,35.416325,32.870937,33.07662,28.215605,32.270203,27.546354,31.088634,29.326914,28.65394,31.718916,29.718678,27.39409,23.159655,19.571678,18.995892,20.96396,18.273281,21.102137,22.31073,23.983627,27.217716,27.58774,24.998161,29.25595,26.595366,25.82493,21.847584,21.806526,15.402223,17.143003,11.603243,13.727112,10.777729,9.896032,14.160171,14.589097,19.776102,18.8186,23.196165,24.709784,28.699919
34,37.342983,33.111526,29.372828,29.022238,26.303822,23.427292,23.1495,16.859465,18.144318,15.222119,13.43297,17.520798,12.247078,10.552612,10.8991995,14.53949,15.644451,19.705929,20.523365,24.497564,26.850313,29.015446,31.36852,30.228943,29.55638,27.628544,24.515856,20.842405,18.607086,15.515522,12.328707,9.543758,5.1437063,5.3364177,0.0,3.5618582,6.795931,7.1463475,9.132316,11.212813,10.742787,15.738553,16.120033,20.426321,23.856373,23.949467,29.195164,31.671635,34.64202,33.583874,37.82487,36.026638,40.593723,44.078434,41.56989,38.11831,37.910686,34.508007,36.068783,35.74911,35.824394,29.154799,32.602192,28.70326,31.4975,30.332249,32.746105,37.007027,38.660587,37.01273,36.826332,34.507053,35.327297,30.779825,35.22846,30.979048,34.568756,33.585945,32.46289,35.878284,33.841187,30.998924,26.89665,23.469519,22.845135,24.821688,22.739536,24.932556,26.53945,27.838175,31.24308,31.422688,28.466162,32.578415,29.51183,28.255304,24.381784,24.974611,18.222506,21.187468,15.54196,18.381227,15.984488,15.122586,19.28594,19.74169,24.720104,23.425121,27.990063,29.06378,33.1715
35,39.78709,35.509777,31.79837,31.838234,29.111277,26.242052,26.19391,19.940062,21.58658,18.720856,16.943436,20.940817,15.621454,14.068209,13.832826,17.51152,18.09925,22.133623,22.062078,26.361391,28.303038,30.335287,32.56684,31.845312,31.466105,29.530926,26.822336,23.031313,21.301193,17.721342,15.384364,11.711194,8.0354185,8.050622,3.5618582,0.0,4.767794,6.0678906,9.267998,12.109584,12.1683235,16.879946,18.304125,22.20858,25.853708,26.32416,31.246033,34.020504,36.80681,35.98678,40.074173,38.32817,43.059372,46.300125,44.006893,40.499992,40.522095,37.229626,38.930523,38.82242,38.88335,32.12973,35.451595,31.48766,33.980156,32.930992,35.045162,39.1183,41.12534,39.666687,39.51975,37.41416,38.31945,33.826107,38.424484,34.171574,37.931076,36.897778,35.937206,39.317665,37.27697,34.493267,30.340286,26.935905,26.31545,28.198769,25.936432,27.9357,29.202837,30.228811,33.591076,33.405804,30.216837,34.052837,30.661236,29.062944,25.27015,26.13789,19.45385,23.149097,17.265432,20.943895,18.610754,17.911076,22.208319,22.49733,27.763832,26.237572,30.761364,31.840256,35.867065
