,0,1,2,3,4,5,6,7,8,9,10,11,12,13,14,15,16,17,18,19,20,21,22,23,24,25,26,27,28,29,30,31,32,33,34,35,36,37,38,39,40,41,42,43,44,45,46,47,48,49,50,51,52,53,54,55,56,57,58,59,60,61,62,63,64,65,66,67,68,69,70,71,72,73,74,75,76,77,78,79,80,81,82,83,84,85,86,87,88,89,90,91,92,93,94,95,96,97,98,99,100,101,102,103,104,105,106,107,108
0,0.0,4.240078,6.0167003,9.912607,12.692364,15.157684,18.617374,22.57611,25.262304,28.552717,31.908041,35.429092,38.342052,41.755074,42.95195,42.964493,39.901768,35.95342,39.940968,35.369877,39.380302,35.928905,38.20071,38.224445,32.915627,28.905247,29.927805,30.50052,33.67951,31.586552,37.666954,38.302654,43.421436,42.753456,47.604538,47.738716,49.450115,48.073124,44.003216,41.14769,38.858746,35.259365,33.304546,29.470612,25.956217,22.957888,18.58194,17.126177,11.940362,8.578258,13.56309,11.78028,14.940543,16.400879,17.50751,21.49282,21.842463,24.818945,28.725657,31.411047,27.62357,23.381535,20.764206,19.812193,17.78144,16.72612,12.2690735,15.045495,14.017205,17.171478,20.338713,19.345335,24.043594,24.41015,28.71166,31.197884,34.59948,37.722992,41.31535,42.37605,45.898243,42.466393,41.4415,38.1521,33.712875,34.851902,29.262526,28.250141,25.626703,23.27743,22.790546,24.259832,23.367971,22.745037,22.517035,23.807777,28.266888,29.924988,31.446684,30.538258,34.445347,36.57192,38.197514,35.677082,40.31426,34.50871,38.02855,36.063633,38.529858
1,4.240078,0.0,5.05824,6.7555146,10.12305,13.005683,15.746048,20.47423,22.562117,26.33137,29.242071,32.91065,35.500774,39.116814,40.44541,40.878334,38.127045,34.399593,38.853207,34.636547,38.832306,35.955204,38.2683,38.892185,33.666126,29.964344,30.43179,30.33812,33.322014,30.683039,36.813274,36.549423,41.945408,40.712666,45.816597,45.56909,47.036858,45.618633,41.376713,38.765434,36.09062,32.790073,30.747692,26.803635,23.761564,20.203167,16.582933,14.286767,10.354836,6.3224897,10.375857,8.725412,12.674638,13.738843,13.877705,17.962748,18.403217,21.109715,25.23175,27.71416,24.418459,20.035122,17.328367,16.8393,15.3886795,14.907647,10.903483,14.436127,14.303296,17.353148,19.919569,18.675596,22.911377,23.499416,27.131626,30.061401,32.942844,36.338997,39.67659,40.38107,44.1296,40.924168,39.631813,36.620155,32.083893,33.80725,28.11651,27.751513,25.456577,23.662704,23.441225,25.144058,23.34902,23.725561,22.877895,24.163445,28.21497,29.326956,31.548567,29.892815,34.1323,36.360115,37.500336,34.80903,38.944008,32.94869,36.137222,33.81072,36.009403
2,6.0167003,5.05824,0.0,5.160213,7.742187,9.199381,13.216942,16.989239,19.662476,23.000114,26.32608,29.807909,32.90196,36.343628,37.83268,37.6934,34.89701,30.868286,35.116592,30.749886,34.693085,31.853092,33.784218,34.376015,29.131655,25.529493,25.627684,25.86707,28.676844,26.475796,32.349712,32.667458,37.8161,36.983612,41.97243,41.94931,43.59507,42.102657,38.068607,35.191223,33.03257,29.28736,27.530548,23.561417,20.128038,17.165634,12.780121,11.811029,6.181616,4.590055,10.460271,10.960292,14.391843,16.752256,16.459957,19.780432,19.072931,21.77393,25.660147,27.71223,23.339586,19.821487,16.830645,16.792921,13.628563,13.808523,9.834997,11.694228,10.970774,13.501202,15.6397505,13.928273,18.506536,18.746012,22.82418,25.427942,28.652218,31.867865,35.378944,36.376194,39.942173,36.597042,35.60079,32.37898,27.952026,29.27814,23.79903,23.031408,20.864866,18.878485,19.029242,21.095287,20.041931,20.572289,20.329779,22.382664,26.318922,26.992987,28.568419,26.781782,30.695156,32.665627,34.01467,31.57777,35.831985,29.996134,33.593937,31.363832,34.036804
3,9.912607,6.7555146,5.160213,0.0,4.04714,6.8038535,9.050592,14.01491,15.841078,19.78031,22.540857,26.221594,28.859068,32.514915,34.05932,34.490776,32.034775,28.36937,33.1826,29.339884,33.55478,31.458517,33.582024,34.960983,29.951868,26.831482,26.397467,25.525364,28.147566,25.065418,31.075829,30.128944,35.66061,34.11157,39.34564,38.909096,40.307087,38.938328,34.671055,32.08745,29.343296,26.142673,24.00801,20.120758,17.158104,13.469678,10.227007,7.637743,5.189909,3.2133284,6.3366685,8.285292,11.946758,14.166067,12.621326,15.481847,14.470291,16.862036,20.86865,22.678776,18.682198,15.097679,11.967159,12.615488,10.0601845,11.221901,8.456623,11.063564,11.840348,14.027535,15.270806,13.668989,17.15389,18.089594,20.942215,24.32941,26.76376,30.294651,33.535927,33.94643,37.77381,34.654343,33.14581,30.322496,25.747303,27.923796,22.23331,22.536076,20.744255,19.74691,20.02807,22.157942,19.706593,21.54018,20.382507,22.27614,25.556902,25.531376,28.05921,25.357471,29.690039,31.821432,32.4876,29.811745,33.390625,27.345701,30.46017,27.819593,30.134306
4,12.692364,10.12305,7.742187,4.04714,0.0,5.353104,6.134862,10.541222,12.766053,16.280827,19.346094,22.945179,25.66985,29.123701,30.43705,30.761982,28.133516,24.499725,29.29611,25.523245,29.863926,27.900412,30.254984,31.912806,27.071575,24.208467,23.7786,22.237255,25.004543,21.493557,27.759705,26.702063,32.28517,30.861006,35.905956,35.701466,37.30471,36.336075,32.125286,29.40547,26.657316,23.69887,21.00752,17.786015,14.129572,11.068893,7.3227634,4.598705,4.080078,4.21178,5.1471286,8.926729,11.246923,14.479611,13.077779,14.785231,12.742844,15.326704,18.78222,20.608473,15.676195,12.646205,9.637633,10.11655,6.3008647,8.087447,6.4475517,8.0290785,9.579701,11.257077,12.090926,11.301581,14.066998,15.933067,18.300247,22.106909,24.459055,27.864674,31.334026,31.535288,35.246902,31.914228,30.080898,27.257452,22.600548,24.899115,18.91656,19.648119,17.710781,17.309195,17.372326,19.38191,16.249304,18.774609,17.289227,19.345457,22.201504,21.761456,24.451696,21.447227,25.86037,28.044434,28.542814,25.818146,29.362268,23.313517,26.480785,23.965147,26.428782
5,15.157684,13.005683,9.199381,6.8038535,5.353104,0.0,5.7230706,8.6283655,10.978293,14.442096,17.547388,20.956638,24.26623,27.741798,29.700703,29.440742,27.227194,23.258558,28.067749,24.377495,28.209742,26.782797,28.204607,30.043024,25.265774,22.787891,21.1652,20.19646,22.170115,19.395788,24.848286,24.080847,29.404743,28.064188,33.319324,32.947674,34.45591,32.91703,28.876907,26.00714,23.89885,20.10483,18.464832,14.412156,11.119557,8.204424,4.1787243,5.0569897,3.8081405,8.173898,10.202072,14.017604,16.586555,19.630213,17.552761,19.06641,16.583754,18.396133,21.737185,22.499474,17.242977,15.645868,12.452093,14.269351,9.644118,12.473933,11.227033,10.822838,11.4267235,11.814442,10.9155035,7.9831314,10.980752,11.5013,14.226297,17.540691,20.03148,23.508207,26.833424,27.434235,31.144077,27.969929,26.747284,23.801476,19.336927,21.387873,16.081491,16.41707,15.447339,14.9467325,16.224112,18.996819,17.201078,19.997583,19.423937,22.270376,24.821482,23.674316,25.539494,22.1005,25.947216,27.636929,28.214771,25.923592,29.16037,23.39304,26.869547,24.140669,27.037477
6,18.617374,15.746048,13.216942,9.050592,6.134862,5.7230706,0.0,6.133859,6.8513293,11.117159,13.506683,17.226149,19.83218,23.486631,25.227694,25.774971,23.800114,20.455114,25.85546,22.894306,27.126545,26.452991,28.417688,31.040998,26.716904,24.77419,23.159903,20.639547,22.608929,18.510458,24.272223,21.83024,27.649212,25.496555,30.844652,30.159323,31.509157,30.514969,26.192717,23.672335,20.623722,17.995504,15.154775,11.999489,8.982911,5.3459697,4.742852,1.5415821,8.025665,10.307974,8.656876,13.365348,14.9932995,17.936768,15.208368,15.393016,12.137296,13.4984665,16.411592,16.939423,11.553497,10.465876,7.476302,10.173791,6.3952303,10.409526,11.253697,11.293174,13.379926,13.570074,12.188036,10.957049,11.47778,13.720243,14.14706,18.610634,19.909931,23.540865,26.621216,26.280529,30.174131,27.153814,24.973925,22.615068,17.988539,21.179947,15.539385,17.5172,16.699848,17.53537,18.322666,20.62025,17.0081,20.970324,19.262957,21.605106,23.27585,21.435036,24.492077,20.196981,24.526375,26.491852,26.19639,23.558207,25.981739,19.992811,22.755949,19.626717,22.047302
7,22.57611,20.47423,16.989239,14.01491,10.541222,8.6283655,6.133859,0.0,4.595516,6.024108,9.967533,13.064316,16.663847,19.666117,21.346413,20.865868,18.636745,14.83899,20.062847,17.11861,21.143915,20.945505,22.617188,25.667982,21.762743,20.56136,18.341501,15.105431,16.772516,12.458271,18.184568,16.178324,21.848618,20.372858,25.38157,25.291391,27.154848,26.566612,22.648771,19.57578,17.376863,14.478153,11.263142,9.569516,4.262025,5.4103804,4.5589437,7.062184,10.867973,14.499862,13.674198,18.384687,19.115744,22.775047,20.66502,20.144016,16.249273,17.494461,19.150118,19.206112,12.507353,13.66674,11.716528,13.677721,8.839475,12.508428,14.128806,11.824312,13.560266,12.136304,8.873705,8.4321995,6.2970123,9.896384,9.232146,14.031041,15.455577,18.625814,22.209915,21.947353,25.436256,21.946337,19.672394,17.007135,12.306502,15.3473625,9.519198,12.160485,11.833848,13.7821665,14.865783,17.19841,13.9485855,18.660484,17.424095,20.379189,21.21723,18.436777,20.688011,15.878927,19.626637,21.21847,20.865784,18.593174,20.943972,15.301035,18.675207,15.91397,19.197857
8,25.262304,22.562117,19.662476,15.841078,12.766053,10.978293,6.8513293,4.595516,0.0,5.171926,6.7245483,10.41877,13.307659,16.910873,19.100613,19.510347,18.255074,15.287285,21.111046,19.249645,23.11384,23.963926,25.43532,29.052607,25.569033,24.790909,22.13043,18.511135,19.456707,14.840798,19.66689,15.661638,21.63037,18.863493,24.360504,23.392324,24.697691,23.977215,19.691082,17.17508,14.0186615,11.940872,8.356317,6.581346,4.1851287,3.8699934,7.734508,8.323776,13.878251,16.966372,14.914024,19.696064,20.513683,23.527807,20.54901,19.437248,15.428026,15.6482725,17.053135,16.077208,10.111019,12.408745,10.796894,13.915769,10.696789,14.794875,16.918167,15.576926,17.69452,16.595753,13.455125,12.578789,10.0088215,12.774002,10.234161,15.278983,15.167857,18.692583,21.458637,20.412672,24.282013,21.442812,18.703903,16.909986,12.483956,16.669636,11.866092,15.376896,15.865078,18.098997,19.371859,21.64264,17.96349,22.945745,21.276339,23.846237,24.215794,20.987486,23.94666,18.588604,22.355345,23.899416,22.751657,20.447895,21.491343,16.0056,18.341187,14.768311,17.405807
9,28.552717,26.33137,23.000114,19.78031,16.280827,14.442096,11.117159,6.024108,5.171926,0.0,4.899946,7.2531657,11.186854,13.790316,15.646727,15.038532,13.449584,10.20884,16.014767,14.53597,18.21884,19.736479,21.112104,25.196617,22.34027,22.330585,19.454765,14.960271,15.566055,10.470003,15.099543,10.953394,16.949574,14.807251,19.83238,19.588991,21.528286,21.576054,17.80001,14.7814045,12.508878,10.823231,6.283574,7.924973,4.436441,8.387084,10.441926,12.36443,16.890741,20.336811,18.619123,23.36808,23.508163,27.022507,24.646942,23.129225,18.849323,19.246927,19.663332,18.695814,12.15454,15.548029,14.65785,16.847057,13.237301,16.742641,19.319075,16.791155,18.70788,16.743351,12.863012,13.118594,8.750189,12.396745,8.601797,13.571758,13.285425,16.029308,19.234962,18.050646,21.361485,18.018456,14.802834,12.888683,8.496883,12.804585,8.237406,12.71625,13.598385,16.786558,17.946917,19.882328,16.371328,21.72096,20.278008,23.026506,22.571178,18.613174,20.988935,15.28335,18.389648,19.602013,18.144585,16.179735,16.84057,11.83307,14.537352,11.432468,14.886173
10,31.908041,29.242071,26.32608,22.540857,19.346094,17.547388,13.506683,9.967533,6.7245483,4.899946,0.0,3.8706079,6.8442283,10.296055,13.02289,13.591125,13.593237,11.854971,17.812088,17.704763,20.929375,23.482292,24.56655,29.083263,26.682543,27.015516,23.808495,19.237757,19.13638,14.258141,17.431746,11.040492,16.985802,13.128241,18.636187,17.224413,18.44107,18.489588,14.328042,12.11275,8.491474,8.696996,3.1774576,6.9837837,7.499712,9.965385,13.990288,14.960806,20.418158,23.543617,21.03315,25.74787,25.947226,28.895287,25.864626,23.835312,19.612139,19.03536,18.959188,16.825392,11.648663,16.099304,15.683475,18.569195,16.226019,19.9504,22.805786,20.964975,23.139807,21.44428,17.695475,17.484627,13.2774315,16.087202,11.248701,15.8555,13.90743,16.747057,18.82059,16.605139,20.205933,17.780535,14.002115,13.474419,10.085595,15.168479,12.231018,16.861168,18.30013,21.5052,22.829079,24.751062,20.996298,26.449133,24.696152,27.11689,26.293304,22.05326,24.965887,19.015568,21.960773,23.049519,20.838287,18.995596,18.056602,13.759187,14.924814,11.027827,13.454054
11,35.429092,32.91065,29.807909,26.221594,22.945179,20.956638,17.226149,13.064316,10.41877,7.2531657,3.8706079,0.0,4.873645,7.176652,10.374747,10.308719,11.26755,10.3273,15.851347,16.800137,19.352432,22.86308,23.53655,28.44562,26.724258,27.69804,24.197512,19.360252,18.581734,14.009056,15.805623,8.26215,13.869116,9.525012,14.931254,13.452448,14.868428,15.548546,11.821528,9.594786,6.646547,8.269458,3.5061312,9.316196,10.226938,13.510892,17.226326,18.653873,23.78471,27.112759,24.735838,29.446154,29.43635,32.49501,29.58888,27.35925,23.092154,22.42064,21.837608,19.463816,14.6753,19.512152,19.372646,22.013882,19.64079,23.155296,26.141315,23.8912,25.92609,23.87742,19.843557,19.877272,15.115757,17.751818,12.262228,16.14797,13.4597,15.533035,17.254343,14.519159,17.666098,15.400475,11.057151,11.3713255,9.128861,14.152673,12.683094,17.467926,19.392633,22.95685,24.34467,26.093264,22.660015,28.150772,26.580343,29.027054,27.684612,23.048836,25.539341,19.55044,21.73948,22.408432,19.774588,18.438265,16.430313,13.333413,13.989008,10.498687,12.917736
12,38.342052,35.500774,32.90196,28.859068,25.66985,24.26623,19.83218,16.663847,13.307659,11.186854,6.8442283,4.873645,0.0,4.406167,7.9382567,10.333326,12.525113,13.275822,18.460266,20.24555,22.777948,26.574566,27.57902,32.61955,31.124855,32.118603,28.893282,23.801636,23.159554,18.380524,20.01538,11.938732,16.725872,11.485762,16.19083,13.829498,14.373581,15.788699,12.065369,11.426805,7.1787076,11.344705,7.396095,12.496747,14.274224,16.500113,20.779837,21.276018,27.092072,29.858345,26.645805,31.16497,30.887419,33.488132,30.332113,27.516617,23.413527,22.07434,20.73733,17.678677,14.481738,19.837305,20.359268,23.05858,21.879206,25.283928,28.665411,26.982279,29.378157,27.628574,23.938385,24.168726,19.632833,22.404535,16.982176,20.847672,17.710701,19.687363,20.627056,17.179665,20.178118,18.760128,14.140906,15.475551,13.887807,18.801607,17.425922,22.271168,23.95344,27.538836,28.664387,30.204588,26.098759,31.709518,29.627853,31.600948,29.885109,25.15728,28.385693,22.340134,24.684242,25.52329,22.30014,20.81723,17.712322,15.171901,14.189894,10.401962,11.093867
13,41.755074,39.116814,36.343628,32.514915,29.123701,27.741798,23.486631,19.666117,16.910873,13.790316,10.296055,7.176652,4.406167,0.0,4.5759225,6.831408,10.323309,12.444015,16.565784,19.452188,21.328115,25.836222,26.69912,31.967577,31.183537,32.72005,29.544521,24.17241,23.20672,18.703878,19.325,11.15038,14.762046,9.764246,13.108036,11.133807,12.119447,15.014206,12.414774,11.954934,9.346138,13.7740755,10.404092,16.059267,17.298073,20.250578,24.007181,24.87974,30.394625,33.270557,30.166285,34.667156,34.04534,36.862595,34.03655,31.03727,26.871098,25.694448,23.886301,21.056868,17.814238,23.274279,24.034584,26.284498,24.980713,28.0791,31.638132,29.524624,31.826998,29.776512,25.979738,26.689053,21.771967,24.677315,19.108513,22.450752,19.202028,20.326544,21.148548,17.494087,19.615885,18.268717,13.304512,15.299546,14.772554,19.082983,18.630545,23.446762,25.23282,29.10855,30.075743,31.300423,27.362494,32.93624,30.954765,32.84154,30.554293,25.535261,28.37186,22.494102,24.070612,24.55661,20.901257,19.92193,15.686982,14.724226,13.002599,10.252767,10.721179
14,42.95195,40.44541,37.83268,34.05932,30.43705,29.700703,25.227694,21.346413,19.100613,15.646727,13.02289,10.374747,7.9382567,4.5759225,0.0,5.6303806,8.521611,12.0215645,15.31306,18.707142,20.691444,25.063133,26.599966,31.793888,31.32028,32.927933,30.438452,24.641706,24.189064,19.365456,20.440521,13.1081295,16.223217,12.546725,14.248514,13.602244,15.13953,18.895985,16.793797,16.170084,13.8488455,17.878716,13.844765,19.525928,19.710777,22.761929,25.85405,26.491886,31.946688,34.44635,31.057905,35.34996,34.136375,37.054794,34.726513,31.38277,27.238848,26.283129,23.836494,21.571928,18.299568,23.725727,24.977945,26.51716,25.594913,28.160097,32.065044,29.87317,32.311832,30.270622,26.837187,28.36764,23.45926,26.997478,21.838224,25.329624,22.655716,23.516016,24.813446,21.384224,23.056772,21.294603,16.217945,17.864042,17.244696,21.090742,20.171167,24.971796,26.176846,30.199852,30.600239,31.320948,26.911043,32.417915,30.130903,31.579462,28.716312,23.61624,26.684261,21.075764,22.451159,23.06512,18.966616,17.947647,12.939104,12.941368,9.949139,8.266068,7.8812175
15,42.964493,40.878334,37.6934,34.490776,30.761982,29.440742,25.774971,20.865868,19.510347,15.038532,13.591125,10.308719,10.333326,6.831408,5.6303806,0.0,5.006195,8.612659,10.680986,14.73548,15.806742,20.866655,21.750238,27.08712,27.158295,29.320002,26.541391,20.876719,19.843937,15.784035,15.589765,9.052685,11.092429,9.005109,9.583434,10.68376,13.553126,17.4645,16.147167,14.590734,14.123826,16.947966,13.608321,19.40634,18.930635,22.986746,25.357628,26.998955,31.604141,34.6995,32.185944,36.64871,35.587173,39.013935,36.976265,34.101192,29.770004,29.36076,27.452265,25.59277,21.069622,26.208853,26.949041,28.36031,26.30277,28.821072,32.386837,29.413649,31.379084,28.846598,25.042595,26.64611,21.42807,24.695267,19.599863,22.318907,19.939508,19.981915,21.65654,18.728935,19.668556,17.331486,12.4054365,13.864016,14.120601,17.004135,17.214369,21.646578,23.212288,27.362139,27.932926,28.605125,25.19002,30.461058,28.86786,30.77838,27.911293,22.693085,24.469713,19.11813,19.430037,19.375135,15.446032,15.297383,10.214586,11.5491085,10.13127,9.740567,11.4817295
16,39.901768,38.127045,34.89701,32.034775,28.133516,27.227194,23.800114,18.636745,18.255074,13.449584,13.593237,11.26755,12.525113,10.323309,8.521611,5.006195,0.0,4.799753,6.908488,10.426883,12.382447,16.644907,18.428745,23.506866,23.34885,25.297493,23.236494,17.251106,17.1,12.504941,13.836528,9.316256,12.095455,11.844263,12.5582485,14.767057,18.006,21.348206,19.641373,17.31611,16.699484,18.299015,14.222541,19.52581,17.546305,21.798897,23.081892,24.8373,28.906868,31.836395,29.578007,33.888126,32.53075,36.28459,34.826054,32.11908,27.771223,27.97735,26.200264,25.215734,19.733553,24.356087,25.063566,25.818829,23.419006,25.46149,29.017624,25.72789,27.603754,25.000309,21.511652,23.871275,18.835846,22.711554,18.461472,21.442085,20.224806,20.393114,23.093903,20.931978,22.0183,18.736204,14.165576,14.151424,13.408308,15.737403,14.741691,18.972065,19.780735,23.955406,24.007193,24.30555,20.709478,25.857704,24.251553,26.097862,23.111162,17.896053,19.479744,14.229657,14.517246,14.716891,10.733547,10.30305,5.743618,6.9413385,6.7054667,7.6190376,10.671001
17,35.95342,34.399593,30.868286,28.36937,24.499725,23.258558,20.455114,14.83899,15.287285,10.20884,11.854971,10.3273,13.275822,12.444015,12.0215645,8.612659,4.799753,0.0,6.071531,7.074457,10.04079,13.505694,15.22812,20.172073,19.315115,20.989332,18.718056,12.748303,12.868847,7.797796,10.513082,7.49466,11.440802,11.975949,13.925665,16.155624,19.492256,21.753931,19.655872,16.581888,16.245102,16.315367,12.359273,16.831656,13.902086,18.513256,19.086922,21.412945,24.84505,28.108566,26.5215,30.912468,29.893484,33.90132,32.53974,30.38029,26.00569,26.643625,25.613821,24.980171,18.625435,22.677938,22.816769,23.60023,20.312597,22.449993,25.578346,21.927517,23.505486,20.711464,16.977673,19.273628,14.237532,18.161928,14.411291,17.427303,17.05301,17.449032,20.88849,19.480688,20.91294,16.972536,12.986213,11.611316,9.883161,11.922055,10.083683,14.249129,15.009788,19.18613,19.418573,19.993025,16.884125,22.038105,20.869186,23.26087,20.948622,15.955024,16.951847,11.459388,12.105863,12.390468,9.507694,8.777516,7.591126,5.890318,8.76968,8.814343,12.93513
18,39.940968,38.853207,35.116592,33.1826,29.29611,28.067749,25.85546,20.062847,21.111046,16.014767,17.812088,15.851347,18.460266,16.565784,15.31306,10.680986,6.908488,6.071531,0.0,5.42999,5.6952987,10.554725,12.035209,17.053383,17.745285,20.420553,18.666794,12.983027,12.713223,9.795759,10.040711,10.533241,11.247411,14.315709,13.663748,17.580236,21.454865,24.367376,23.314863,20.268782,21.065462,21.102547,17.938635,22.363705,19.284174,24.114944,23.962435,26.672125,29.268162,32.57904,31.469807,35.64827,34.336334,38.587757,37.742455,35.62717,31.324444,32.220913,30.978275,30.621021,24.302298,28.143818,28.36384,28.645206,25.184072,26.735867,29.688118,25.544514,26.662966,23.564579,20.120562,22.919348,18.14492,21.670702,18.569536,20.381107,20.426598,19.659973,23.145899,22.17384,22.429585,18.344858,15.078308,13.798602,13.664084,13.58428,13.492334,16.302677,16.910536,20.966152,20.818745,20.676718,18.701513,23.002604,22.457043,24.710173,21.813137,17.011402,16.24447,12.31035,10.353196,9.261462,6.1023793,7.7896075,6.2820463,8.9868555,11.310357,13.311698,16.89376
19,35.369877,34.636547,30.749886,29.339884,25.523245,24.377495,22.894306,17.11861,19.249645,14.53597,17.704763,16.800137,20.24555,19.452188,18.707142,14.73548,10.426883,7.074457,5.42999,0.0,4.974483,6.447906,9.181098,13.601528,13.116032,15.256558,14.036724,8.120346,9.363577,6.1937675,9.301855,12.117617,14.015595,17.095966,17.757122,21.23633,24.979406,26.998516,25.38927,21.873528,22.43797,21.259367,18.054338,21.319061,17.111559,21.80319,20.462194,23.485935,25.13122,28.462837,28.040545,32.048622,30.870583,35.359707,34.893276,33.31135,29.143145,30.588575,29.959032,30.210272,23.27055,26.249378,26.053633,25.993256,21.876537,23.1079,25.580702,21.087927,21.829588,18.598879,15.365256,18.6037,14.387038,18.11049,16.346846,18.205534,19.56999,19.231846,23.486935,23.299511,24.04802,19.460115,16.888876,14.321691,12.92622,12.160274,10.425964,12.354148,12.05175,15.962723,15.487689,15.249018,13.770442,17.826765,17.748465,20.431273,18.209066,13.9117365,12.254881,8.571586,6.727566,5.970488,5.3804016,6.209612,9.223589,8.873817,13.044918,14.562629,18.677933
20,39.380302,38.832306,34.693085,33.55478,29.863926,28.209742,27.126545,21.143915,23.11384,18.21884,20.929375,19.352432,22.777948,21.328115,20.691444,15.806742,12.382447,10.04079,5.6952987,4.974483,0.0,6.3680177,6.42843,11.521827,12.90563,16.289053,14.503445,9.794171,9.140785,8.964001,7.9311924,12.828025,12.417574,17.068184,16.284754,20.59554,24.58053,26.756647,26.001484,22.51419,24.15508,22.950617,20.661179,24.116714,20.500418,25.487234,24.338774,27.774149,29.09673,32.760334,32.69707,36.751415,35.722916,40.238247,39.70125,38.17855,33.975624,35.292778,34.627975,34.570477,27.780235,31.00411,30.724777,30.873205,26.6064,27.930166,30.176537,25.52386,25.902851,22.499695,19.112593,21.822233,17.592815,20.37611,18.462986,19.108856,20.278522,18.907948,22.906858,23.033201,22.838535,18.32089,16.492529,14.192574,14.375631,12.230145,13.01488,14.070844,14.660603,18.273771,18.229118,17.963148,17.948793,21.265575,21.867147,24.601223,22.31141,18.276335,15.580272,13.120695,9.838977,7.4607754,7.4271393,9.967597,11.355231,13.062663,16.428879,18.224274,22.126114
21,35.928905,35.955204,31.853092,31.458517,27.900412,26.782797,26.452991,20.945505,23.963926,19.736479,23.482292,22.86308,26.574566,25.836222,25.063133,20.866655,16.644907,13.505694,10.554725,6.447906,6.3680177,0.0,5.5240283,7.9426656,8.253157,11.093429,11.470486,7.5919776,9.608695,9.929993,11.862252,17.543776,18.239155,22.459003,22.468525,26.466457,30.342848,32.09128,30.81851,27.096273,28.214115,26.290363,23.680098,26.129387,21.436615,25.913828,23.339386,26.758568,26.854708,30.146933,30.774435,34.345085,33.16512,37.89447,38.100647,37.051884,33.148636,35.108204,34.831657,35.6094,28.443531,30.6423,30.162437,29.583109,25.007475,25.527325,27.233433,22.313812,22.160982,18.79176,16.394012,19.926533,16.933071,19.889963,19.805862,20.551535,23.072157,22.223427,26.784306,27.492477,27.745865,22.975208,21.538612,18.477814,17.455984,15.010596,13.8557005,13.433177,12.243285,15.0600605,13.953126,12.79771,13.855469,15.955051,17.282032,20.080194,18.319391,15.411383,11.052343,10.707826,6.836687,4.501029,8.168263,9.91292,14.342969,14.565431,18.765162,20.689657,24.723713
22,38.20071,38.2683,33.784218,33.582024,30.254984,28.204607,28.417688,22.617188,25.43532,21.112104,24.56655,23.53655,27.57902,26.69912,26.599966,21.750238,18.428745,15.22812,12.035209,9.181098,6.42843,5.5240283,0.0,5.465445,7.62027,11.851293,10.083315,8.063701,7.2861943,10.661514,9.316043,16.876356,16.19082,21.315416,20.93861,25.092754,28.961985,30.25086,29.57329,25.770508,27.914394,25.50584,24.039715,26.27637,22.236225,27.022673,24.816103,28.84688,28.687883,32.612446,33.72161,37.531036,36.891804,41.572193,41.344185,40.517525,36.519135,38.24657,38.237617,38.496098,31.36732,33.84813,33.036106,33.06878,28.102444,29.166803,30.522774,25.541422,25.050964,21.508326,18.446062,20.796474,17.656582,19.342915,19.120703,18.517508,21.035809,19.350573,23.73621,25.038969,24.65639,19.96562,19.62927,16.4841,16.590754,12.800614,13.977503,12.673545,13.0376625,15.565043,15.711764,15.427162,17.909756,19.815119,21.747175,24.937777,23.620043,20.662827,16.475817,15.630708,12.17963,9.623857,12.189961,14.375941,17.401224,18.05269,22.095236,23.552818,27.697378
23,38.224445,38.892185,34.376015,34.960983,31.912806,30.043024,31.040998,25.667982,29.052607,25.196617,29.083263,28.44562,32.61955,31.967577,31.793888,27.08712,23.506866,20.172073,17.053383,13.601528,11.521827,7.9426656,5.465445,0.0,5.3503017,9.678499,9.852046,10.581972,10.932947,14.843591,14.326828,22.125805,21.497913,26.65441,26.302969,30.46729,34.302166,35.3432,34.636093,30.746782,32.875526,30.021345,28.671824,30.267023,25.823952,30.228836,27.136183,31.23389,29.947071,33.6667,35.518898,38.908886,38.28999,43.06633,43.35806,42.95817,39.213905,41.3298,41.60761,42.316864,35.03352,36.875763,35.8769,35.501747,30.330465,30.853214,31.607525,26.527569,25.40805,22.003792,19.82258,22.280485,20.30964,21.52174,22.647,21.62202,24.942322,23.308092,27.784798,29.61319,29.186127,24.541334,24.724531,21.34693,21.169966,17.09153,17.714615,15.185196,14.632435,15.856231,15.488675,14.607892,18.771832,19.077766,21.932825,25.063454,24.30556,22.424612,17.168869,18.066446,14.466151,12.117719,15.8418455,17.853767,21.838503,22.228165,26.485237,28.100466,32.260735
24,32.915627,33.666126,29.131655,29.951868,27.071575,25.265774,26.716904,21.762743,25.569033,22.34027,26.682543,26.724258,31.124855,31.183537,31.32028,27.158295,23.34885,19.315115,17.745285,13.116032,12.90563,8.253157,7.62027,5.3503017,0.0,4.556539,5.5159197,7.4472218,9.400426,12.749048,14.325226,21.534325,22.28436,26.566626,27.430128,30.96,34.58778,35.140236,33.779556,29.766228,31.328814,27.988611,26.487661,27.281502,22.412703,26.355684,22.6645,26.762627,24.917337,28.596947,30.83099,34.086735,33.716717,38.466534,38.80805,38.765575,35.19988,37.51104,38.22211,39.172237,31.822382,33.094563,31.819738,31.398018,26.00417,26.453718,26.792841,21.733082,20.35397,16.985115,15.042034,17.487467,16.29397,17.487776,19.623735,19.008883,22.993032,22.154545,26.958155,28.889833,29.241453,24.460468,24.496012,20.663631,19.4196,15.786748,14.869658,11.660886,10.175742,10.75761,10.26167,9.69174,14.682837,14.77213,17.964903,21.481956,21.581776,20.110302,15.264553,15.924539,13.662585,12.334321,16.216494,17.228958,22.055721,20.943783,25.657827,26.695272,30.97496
25,28.905247,29.964344,25.529493,26.831482,24.208467,22.787891,24.77419,20.56136,24.790909,22.330585,27.015516,27.69804,32.118603,32.72005,32.927933,29.320002,25.297493,20.989332,20.420553,15.256558,16.289053,11.093429,11.851293,9.678499,4.556539,0.0,6.022048,8.75217,11.930787,14.121747,17.308088,23.669458,25.358057,28.948668,30.535954,33.64688,37.10363,37.37583,35.52165,31.494366,32.48318,28.867903,27.135006,27.194687,21.932743,25.17978,20.711864,24.57797,21.882143,25.226894,27.96311,30.842428,30.585823,35.310673,35.977146,36.340527,33.080475,35.69569,36.782578,38.14791,30.826365,31.351328,29.875725,29.152336,23.691187,23.73388,23.508951,18.545893,16.71601,13.59554,12.641073,15.274312,15.381078,16.594917,19.848711,19.719624,24.162975,24.023098,28.930964,30.895273,31.80162,27.034246,26.911776,22.901558,20.82802,17.840004,15.479918,11.960249,9.150004,8.289153,6.844097,6.019737,12.332158,11.326918,15.101969,18.750402,19.805006,19.209007,14.664919,15.803466,14.726819,14.336215,18.269812,18.486063,23.965433,21.822678,26.715822,27.44014,31.666018
26,29.927805,30.43179,25.627684,26.397467,23.7786,21.1652,23.159903,18.341501,22.13043,19.454765,23.808495,24.197512,28.893282,29.544521,30.438452,26.541391,23.236494,18.718056,18.666794,14.036724,14.503445,11.470486,10.083315,9.852046,5.5159197,6.022048,0.0,6.173867,7.3211503,11.09399,12.907278,19.608784,21.046543,24.593922,26.511227,29.279436,32.557503,32.325756,30.676754,26.612997,28.185976,24.173813,23.318537,23.225212,18.626171,22.347744,18.752296,23.26309,21.22918,25.476053,28.053284,31.550488,31.850668,36.422832,36.198837,36.46657,32.916893,35.04138,36.242973,36.854412,29.615208,30.786795,29.085077,29.292007,23.572844,24.667658,24.649445,19.779222,18.310629,14.92056,12.139471,13.188919,12.301749,12.421386,15.237414,14.202283,18.696623,18.286093,23.13563,25.403389,26.235407,21.574604,22.047647,17.925074,16.266672,12.6677475,11.629315,7.301964,6.7295394,6.772904,8.331465,9.779672,14.646848,15.550236,18.53946,22.50709,23.262629,21.512766,17.916002,17.070889,16.171862,15.3542,18.396095,18.830385,23.208586,21.064848,25.901472,26.020147,30.385553
27,30.50052,30.33812,25.86707,25.525364,22.237255,20.19646,20.639547,15.105431,18.511135,14.960271,19.237757,19.360252,23.801636,24.17241,24.641706,20.876719,17.251106,12.748303,12.983027,8.120346,9.794171,7.5919776,8.063701,10.581972,7.4472218,8.75217,6.173867,0.0,4.7195554,5.4820733,9.373815,14.936129,17.089745,20.270826,22.170881,25.032106,28.465227,28.983734,27.116182,23.1394,24.162174,21.054678,19.116873,20.221474,15.377355,19.708017,16.893236,20.966862,20.64136,24.636568,25.891232,29.752745,29.477041,34.088467,33.686035,33.208645,29.334925,31.228683,31.809326,32.298542,25.013437,26.852955,25.661945,25.82017,20.512896,21.804926,22.888174,17.983973,17.574827,14.010679,10.478295,12.891221,9.972186,12.35198,13.093187,13.760906,17.119223,17.007929,21.904268,23.127533,24.200619,19.365559,18.497044,14.6331625,12.521934,10.017489,7.643587,5.9527636,5.137027,8.481133,8.968334,9.85674,11.672955,14.52763,16.154877,19.8924,19.620049,16.814333,14.042996,11.793338,11.1130905,10.575911,12.802792,12.97952,17.148468,14.943472,19.746862,20.046263,24.408466
28,33.67951,33.322014,28.676844,28.147566,25.004543,22.170115,22.608929,16.772516,19.456707,15.566055,19.13638,18.581734,23.159554,23.20672,24.189064,19.843937,17.1,12.868847,12.713223,9.363577,9.140785,9.608695,7.2861943,10.932947,9.400426,11.930787,7.3211503,4.7195554,0.0,6.047778,5.6120443,12.726361,13.750131,17.564114,19.190937,22.103241,25.52919,25.776335,24.458117,20.443102,22.439966,19.15771,18.26564,19.61659,15.812718,20.579672,18.779749,23.1684,23.248795,27.69666,28.907743,33.042046,33.09363,37.55201,36.63159,36.072903,32.055626,33.5328,34.07703,33.925686,26.877136,29.308655,28.044092,28.836544,23.561092,25.427244,26.552626,21.842476,21.483116,17.965233,13.899078,14.939079,11.357377,12.424675,11.998811,11.342165,14.252422,13.249555,18.047974,19.585178,20.143177,15.3054495,15.19816,11.278321,10.458937,6.4492908,7.5926204,5.969776,8.194054,11.215988,12.900151,14.250335,16.247362,19.197636,20.815521,24.535728,24.039352,20.79374,18.198689,15.474155,14.266175,12.9961605,14.473049,15.32577,18.032198,16.68938,21.051374,21.11183,25.444798
29,31.586552,30.683039,26.475796,25.065418,21.493557,19.395788,18.510458,12.458271,14.840798,10.470003,14.258141,14.009056,18.380524,18.703878,19.365456,15.784035,12.504941,7.797796,9.795759,6.1937675,8.964001,9.929993,10.661514,14.843591,12.749048,14.121747,11.09399,5.4820733,6.047778,0.0,7.1430917,9.906001,13.220452,15.387858,17.893318,20.280334,23.6034,24.38016,22.269463,18.419228,19.06479,16.616997,14.130648,16.233381,11.893455,16.77361,15.492971,19.189127,20.629946,24.627737,24.745003,29.044868,28.707203,33.07815,32.03206,30.974754,26.812777,28.16021,28.34852,28.25474,21.176878,23.901037,23.010176,23.729994,18.917742,20.93945,22.847065,18.429377,18.970835,15.666854,11.43493,13.405487,8.736586,12.062223,10.305346,12.287581,14.163027,14.467805,19.05808,19.358606,20.823109,16.131838,14.167275,10.682554,8.067273,7.4400897,4.29569,6.7707634,7.699297,11.857425,12.720577,13.921066,13.129567,17.509087,17.80136,21.204235,20.277624,16.38525,15.431778,11.11409,11.421039,11.291332,11.428979,11.128613,13.712651,11.093906,15.57426,15.313712,19.681446
30,37.666954,36.813274,32.349712,31.075829,27.759705,24.848286,24.272223,18.184568,19.66689,15.099543,17.431746,15.805623,20.01538,19.325,20.440521,15.589765,13.836528,10.513082,10.040711,9.301855,7.9311924,11.862252,9.316043,14.326828,14.325226,17.308088,12.907278,9.373815,5.6120443,7.1430917,0.0,8.401279,8.170441,12.602192,13.635492,16.786,20.372503,21.115643,20.339108,16.513899,19.119526,16.772314,16.119625,18.788282,16.232626,21.386503,21.089258,25.128119,26.526691,30.962212,31.302488,35.737286,35.66105,39.92668,38.5177,37.398975,33.153637,34.06819,34.091774,33.270763,26.665197,30.030212,29.129374,30.364834,25.639124,27.954702,29.730698,25.325657,25.564405,22.158905,17.775671,18.58578,13.983322,15.253123,12.465713,12.017068,12.772933,11.0185175,15.167757,15.878431,15.917816,11.120908,10.429078,7.1870894,8.292775,4.7946353,8.877035,9.920226,12.81336,16.314114,17.983744,19.224974,19.865076,23.6126,24.484467,27.88994,26.630177,22.56957,20.787199,17.111788,15.722769,14.199514,14.04392,15.291699,15.888662,15.683448,19.144526,19.150826,23.219498
31,38.302654,36.549423,32.667458,30.128944,26.702063,24.080847,21.83024,16.178324,15.661638,10.953394,11.040492,8.26215,11.938732,11.15038,13.1081295,9.052685,9.316256,7.49466,10.533241,12.117617,12.828025,17.543776,16.876356,22.125805,21.534325,23.669458,19.608784,14.936129,12.726361,9.906001,8.401279,0.0,6.0817194,5.5036397,9.307331,10.494066,13.703244,14.979134,13.356833,9.90392,11.497458,11.072398,9.528454,14.060989,13.321919,18.191143,20.07688,23.045835,26.499514,30.550694,29.436403,34.143528,34.01602,37.746666,35.538834,33.715027,29.348167,29.405388,28.909843,27.195246,21.5046,25.870913,25.442923,27.388603,23.767902,26.766027,29.34596,25.85505,27.094767,24.213982,19.70304,20.151257,14.847906,16.9205,11.691925,13.490671,11.3819065,11.202446,13.81756,12.107179,13.466083,9.805872,5.5268145,5.0135303,5.6428943,8.300657,10.109898,14.071187,16.813177,20.696888,22.292004,23.78506,22.075264,27.02798,26.537495,29.46328,27.804811,23.039011,23.515491,18.244732,18.494583,18.005074,15.81215,15.926446,14.039702,13.178733,15.045416,13.726451,17.166222
32,43.421436,41.945408,37.8161,35.66061,32.28517,29.404743,27.649212,21.848618,21.63037,16.949574,16.985802,13.869116,16.725872,14.762046,16.223217,11.092429,12.095455,11.440802,11.247411,14.015595,12.417574,18.239155,16.19082,21.497913,22.28436,25.358057,21.046543,17.089745,13.750131,13.220452,8.170441,6.0817194,0.0,6.2822003,5.6130605,9.045717,12.877905,14.738008,15.0667515,12.136845,15.526401,15.310252,15.17412,19.40946,18.960283,23.910835,25.47917,28.81695,31.717342,35.987617,35.25442,39.927376,39.749523,43.61914,41.553654,39.747974,35.37045,35.44886,34.79133,32.992893,27.46477,31.895504,31.49567,33.30979,29.520235,32.314327,34.7632,30.914248,31.803427,28.649086,24.126438,24.603285,19.467587,20.797298,16.059175,16.112461,13.940616,11.865022,13.661104,12.373414,11.53726,8.163676,5.580288,6.53472,10.182331,9.97909,14.307419,17.007399,20.106606,23.831892,25.516556,26.750675,26.068956,30.521368,30.566492,33.54366,31.57302,26.81446,26.240435,21.735083,20.596354,19.199766,17.18714,18.464594,15.975084,17.191023,18.70339,18.393652,21.526918
33,42.753456,40.712666,36.983612,34.11157,30.861006,28.064188,25.496555,20.372858,18.863493,14.807251,13.128241,9.525012,11.485762,9.764246,12.546725,9.005109,11.844263,11.975949,14.315709,17.095966,17.068184,22.459003,21.315416,26.65441,26.566626,28.948668,24.593922,20.270826,17.564114,15.387858,12.602192,5.5036397,6.2822003,0.0,6.1812572,5.1627913,8.2229185,10.081074,9.426881,7.022375,9.770159,11.180293,11.078459,15.9091625,17.001621,21.305378,24.233377,26.852573,30.841227,34.864243,33.374954,38.136066,38.129963,41.53466,38.863632,36.779427,32.465202,31.932915,31.158669,28.68318,24.051874,28.889168,28.65006,31.045418,27.974054,31.229206,33.94604,30.803375,32.19546,29.448092,24.905077,24.876768,19.68205,21.143515,15.421049,16.650005,13.01996,12.422128,13.013378,9.901914,10.732181,8.947084,4.084427,7.452555,9.857658,12.435401,15.273351,19.046577,22.127499,25.87624,27.691732,29.270693,27.46864,32.502316,31.858961,34.6421,32.77621,27.842916,28.630651,23.289318,23.413403,22.77093,20.109606,20.429724,17.176012,17.244154,17.79713,16.223896,18.657032
34,47.604538,45.816597,41.97243,39.34564,35.905956,33.319324,30.844652,25.38157,24.360504,19.83238,18.636187,14.931254,16.19083,13.108036,14.248514,9.583434,12.5582485,13.925665,13.663748,17.757122,16.284754,22.468525,20.93861,26.302969,27.430128,30.535954,26.511227,22.170881,19.190937,17.893318,13.635492,9.307331,5.6130605,6.1812572,0.0,5.3185916,9.279359,12.954773,14.172723,12.6184025,15.637049,17.295506,16.979837,21.960785,22.39674,26.997478,29.346483,32.122185,35.803654,39.79999,38.37044,43.059906,42.658085,46.276432,43.978672,41.685963,37.311436,36.926006,35.700558,33.436314,28.771915,33.721233,33.760498,35.6942,32.622356,35.48293,38.36382,34.840683,36.10389,33.108845,28.68455,29.294611,24.026,25.655006,20.409801,20.952032,17.896538,16.138477,16.592846,14.049061,12.853433,11.42825,8.195224,11.119679,14.438334,15.35923,19.02718,22.276497,25.16966,29.041763,30.518654,31.587105,30.14013,34.880604,34.425327,37.034985,34.575127,29.537155,29.62691,24.908014,23.865961,22.61327,19.732218,20.950203,16.829922,19.006483,19.059624,18.810505,20.975136
35,47.738716,45.56909,41.94931,38.909096,35.701466,32.947674,30.159323,25.291391,23.392324,19.588991,17.224413,13.452448,13.829498,11.133807,13.602244,10.68376,14.767057,16.155624,17.580236,21.23633,20.59554,26.466457,25.092754,30.46729,30.96,33.64688,29.279436,25.032106,22.103241,20.280334,16.786,10.494066,9.045717,5.1627913,5.3185916,0.0,4.076211,8.165683,9.54938,9.1955595,12.111081,14.808852,15.252791,20.076305,21.861761,25.858334,29.180674,31.56374,35.825634,39.763645,37.99117,42.737465,42.649254,45.880222,43.03555,40.683064,36.420002,35.536804,34.3947,31.508017,27.685852,32.808666,32.822933,35.315784,32.659485,35.92476,38.814705,35.798347,37.286793,34.560223,30.04732,30.009165,24.835775,26.134653,20.3614,21.21001,17.138298,16.091564,15.350321,11.700698,11.31442,11.457251,8.002698,12.013483,14.959743,17.112131,20.409328,24.048162,27.187155,30.942299,32.73723,34.20106,32.33086,37.37881,36.633465,39.246532,37.05358,31.981756,32.842163,27.598412,27.396696,26.563843,23.549738,24.156294,19.930012,21.030094,20.638725,19.335531,20.92619
36,49.450115,47.036858,43.59507,40.307087,37.30471,34.45591,31.509157,27.154848,24.697691,21.528286,18.44107,14.868428,14.373581,12.119447,15.13953,13.553126,18.006,19.492256,21.454865,24.979406,24.58053,30.342848,28.961985,34.302166,34.58778,37.10363,32.557503,28.465227,25.52919,23.6034,20.372503,13.703244,12.877905,8.2229185,9.279359,4.076211,0.0,5.5792665,7.796652,9.21694,11.768611,15.21422,16.354824,20.762337,23.5124,26.95967,30.900747,32.979805,37.57014,41.43484,39.441223,44.176594,44.293056,47.218376,44.0008,41.59802,37.470234,36.201927,35.080532,31.728497,28.711086,33.892853,33.918976,36.768127,34.46302,37.945328,40.821274,38.1569,39.763416,37.21735,32.70005,32.250107,27.238672,28.238,22.304981,23.180271,18.572645,17.901512,16.167707,12.006535,11.947293,13.470204,10.662345,14.817616,17.505262,20.090225,23.231344,26.937868,30.19841,33.826614,35.801907,37.46456,35.41323,40.57844,39.68405,42.265182,40.19343,35.128845,36.376743,30.936394,31.090275,30.41793,27.33529,27.708542,23.367678,24.087383,23.344011,21.555887,22.606962
