,0,1,2,3,4,5,6,7,8,9,10,11,12,13,14,15,16,17,18,19,20,21,22,23,24,25,26,27,28,29,30,31,32,33,34,35,36,37,38,39,40,41,42,43,44,45,46,47,48,49,50,51,52,53,54,55,56,57,58,59,60,61,62,63,64,65,66,67,68,69,70,71,72,73,74,75,76,77,78,79,80,81,82,83,84,85,86,87,88,89,90,91,92,93,94,95,96,97,98,99,100,101,102,103,104,105,106,107,108,109,110
0,0.0,3.9036067,5.626068,9.639662,11.520761,14.9361515,17.44322,20.160004,24.700478,26.355637,30.156792,35.08749,37.78637,37.126736,35.448193,31.230068,29.395489,25.943314,24.662472,21.218313,19.345259,18.43578,13.4053135,14.235424,11.826027,15.078617,17.805105,19.338781,21.930824,22.582464,26.764946,28.732359,32.185875,38.093044,39.528538,41.904694,45.200428,46.82571,44.670933,41.496582,37.22889,38.23756,33.249596,33.62913,27.913673,26.89191,23.485441,23.270977,18.285706,19.280254,20.023788,24.431541,23.599718,29.197851,30.962242,32.104202,34.747627,32.907536,35.62794,39.502506,35.668385,32.942303,30.284773,26.156254,25.132257,19.728916,22.571323,16.515074,19.611101,16.562304,18.12399,20.788336,21.486328,23.025066,26.639328,29.593773,30.962883,34.71353,34.927174,37.927135,39.844246,39.074577,40.109383,38.857803,34.725624,33.654125,28.61528,27.223291,22.513083,22.342457,20.2333,22.13182,24.907333,27.163382,32.62835,35.054493,37.909225,38.703754,36.345493,36.08004,31.31218,30.742857,27.071407,26.130013,26.671629,30.094013,29.350948,34.94676,33.233883,37.39811,37.88697
1,3.9036067,0.0,4.596723,7.223296,8.6359825,12.288912,14.116042,17.347393,21.54204,23.230223,27.087282,31.768223,34.712074,33.770035,31.928957,27.769037,25.823626,22.26047,21.024187,17.409292,15.736463,14.619414,9.652698,11.361939,9.255665,13.358618,15.238337,17.61444,19.506407,19.726295,24.049667,25.614971,29.098356,34.864777,36.098682,38.649166,41.813633,43.58231,41.57553,38.312607,34.077568,35.30739,30.462568,30.682596,25.178717,24.657358,21.11904,21.5997,16.364475,18.292074,19.465317,23.491926,22.022434,27.91752,29.224243,30.1085,32.50104,30.43299,32.886333,36.814316,32.79006,29.946259,27.553307,23.571167,22.475283,17.562628,19.860878,13.966934,16.539986,13.311934,14.386778,16.921812,17.649353,19.285477,22.78316,25.799692,27.081545,30.856697,31.104942,34.047123,36.05772,35.401955,36.410004,35.30427,31.149748,30.082092,25.02074,23.92223,19.162075,19.500462,17.763535,20.133266,22.714064,25.486162,30.676062,33.115253,36.213226,36.642303,34.129982,33.73269,28.8011,28.482794,24.334433,23.805569,24.72781,27.614517,26.627274,32.330864,30.253277,34.46865,34.884254
2,5.626068,4.596723,0.0,5.211233,6.537998,9.552435,12.691641,14.835667,19.584831,21.189186,24.949015,30.045324,32.487606,32.178387,30.72133,26.583155,24.798183,21.70746,20.366314,17.625626,15.823389,16.232822,11.690224,13.316717,9.609721,13.776693,15.313173,16.390898,18.341524,18.289158,23.089527,24.205418,28.376362,33.705444,35.721085,37.725334,41.10668,42.942394,40.60513,37.743584,33.60713,33.955853,29.143461,29.056774,23.181444,22.770489,19.03589,19.405388,14.037383,15.488138,15.849421,19.971083,18.428167,24.376955,25.633686,27.06045,29.679205,27.56498,30.369808,34.081947,30.266422,27.676344,24.790155,20.616348,19.71619,14.193036,17.68606,12.027727,15.936185,14.012284,15.760348,18.29297,19.639385,20.924362,24.303741,26.95007,27.921036,31.474337,31.20976,34.442276,35.770546,34.838978,36.242504,34.77891,30.722286,30.100895,24.714243,23.987686,19.389305,19.683933,18.37549,20.193266,22.274134,25.418573,29.821753,32.797676,35.654564,36.21626,33.456318,33.61975,28.496006,28.784868,24.69534,24.89481,26.496527,29.189123,27.873737,33.28891,30.680225,35.0065,34.893158
3,9.639662,7.223296,5.211233,0.0,5.238882,7.3966513,8.790659,12.387599,15.667728,18.136894,20.907642,26.547644,28.769999,28.027489,26.702682,22.180616,21.026367,17.72562,17.259624,14.730412,14.1333685,14.439713,10.892316,14.499571,11.432486,16.3885,16.44881,18.30418,18.94023,17.616673,23.014801,22.573318,27.427242,31.87623,33.91748,36.01158,39.137127,41.458424,39.299175,36.51768,32.580513,32.83279,28.487692,27.659155,22.071804,23.04819,18.961407,20.64517,15.010588,17.562302,17.72862,21.12975,18.20022,24.702593,24.698673,26.43897,28.693338,25.759668,28.255451,31.610023,27.29712,24.871693,21.534025,17.650558,15.893822,10.96542,12.932088,6.979589,10.783698,9.4417305,11.985463,14.868491,17.133297,19.202778,21.720087,24.679632,24.915653,28.509024,27.994371,30.896532,32.036045,31.760008,33.52899,32.388992,28.36489,28.149887,22.461218,23.05693,18.565369,20.071459,19.657822,21.990534,23.516037,27.465548,31.080462,34.230793,37.32243,37.365143,34.289597,34.444603,29.053244,29.97423,25.167353,26.229494,28.358065,30.188047,28.46461,33.915657,30.524252,34.913395,34.45993
4,11.520761,8.6359825,6.537998,5.238882,0.0,3.7567124,6.814413,8.725248,13.598914,14.844133,19.132448,23.67269,26.463932,26.09784,24.474682,20.68604,18.463627,15.655193,13.95843,11.759902,10.034845,11.853413,8.738893,11.245044,7.5582333,12.344022,11.668292,13.375614,13.70858,12.530901,17.836195,17.949368,22.52829,27.400106,29.522755,31.481014,34.7887,36.835045,34.555843,31.77281,27.76331,27.998297,23.459932,22.965475,17.294569,17.906757,13.885286,15.671253,10.047712,13.254019,14.230797,17.224487,14.427608,20.757746,21.165365,22.14025,24.352547,21.906088,24.36772,28.194078,24.221481,21.43965,19.07303,15.057724,14.503732,9.967009,13.377217,9.133409,12.530093,11.654991,12.214937,13.903409,15.518713,16.240515,19.31501,21.517252,22.226269,25.547354,25.008173,28.452753,29.496836,28.362272,29.883928,28.372364,24.351278,23.991396,18.423687,18.39106,13.991197,15.187966,15.050011,17.181927,18.413765,22.596455,25.881918,29.10903,32.19393,32.184032,29.069223,29.325016,23.911245,25.026888,20.285591,21.73301,24.366215,25.925896,24.019993,29.237387,25.725975,30.128895,29.559448
5,14.9361515,12.288912,9.552435,7.3966513,3.7567124,0.0,5.314711,5.3101153,10.608489,11.709158,15.934871,20.670334,23.117767,23.194553,21.869785,18.247025,16.14748,13.985032,12.29783,11.427268,10.119922,13.257514,11.379328,13.87039,10.181183,14.392178,12.794411,13.697501,13.176317,11.054733,16.80255,15.76287,21.104733,25.182037,27.924261,29.440355,32.803463,35.035526,32.58836,30.178528,26.392012,25.882954,21.646563,20.592424,14.847095,16.30568,12.095238,14.598134,9.238669,12.659794,13.078166,15.313419,11.599874,18.15612,17.85277,19.179504,21.323849,18.521284,21.085052,24.70011,20.742153,18.142021,15.4539385,11.355631,11.067949,6.6812267,11.011906,8.359558,12.085045,12.701269,13.348513,14.636559,16.708353,17.125458,19.681107,21.436357,21.683258,24.660528,23.614876,27.210667,27.596315,26.30891,28.21819,26.499416,22.652271,22.82202,17.067863,17.858194,14.003923,15.59133,16.255728,18.033194,18.49098,23.155739,25.322351,28.935287,31.89638,31.71781,28.33634,28.99909,23.473915,25.323109,20.510336,22.842415,26.078499,27.07788,24.828405,29.649654,25.49934,29.890919,28.773123
6,17.44322,14.116042,12.691641,8.790659,6.814413,5.314711,0.0,6.1225853,7.5121284,9.964789,13.092182,17.962183,20.736204,19.692656,18.085514,13.96284,12.267403,9.29789,8.833921,7.760342,8.559626,10.807873,10.563931,14.665291,12.567876,17.091738,14.574936,17.013313,15.305226,12.14783,17.761292,15.202056,20.653126,23.95389,26.089743,28.121986,31.01019,33.729565,31.747068,29.143887,25.556074,25.640282,22.023327,20.381126,15.608545,18.476042,14.423966,18.068527,13.136636,17.292927,18.084173,19.690662,15.277073,21.67889,20.224314,21.270945,22.696861,19.139616,20.867743,24.211676,19.538702,16.8901,14.357744,11.141152,9.596777,7.875192,8.132744,6.659501,7.9487205,9.155834,9.230437,10.267507,13.114769,14.406373,15.877851,18.104816,17.616848,20.780579,19.734207,22.853275,23.480825,23.104248,25.162542,24.08067,20.188305,20.539097,14.64429,16.924702,13.280764,16.299528,17.610987,20.140131,20.387604,25.396894,27.290545,30.614801,33.911106,33.133553,29.670366,29.920244,24.377462,26.430935,20.96258,23.692291,26.99716,27.198002,24.7465,29.667536,25.061459,29.377844,28.244055
7,20.160004,17.347393,14.835667,12.387599,8.725248,5.3101153,6.1225853,0.0,6.8806033,6.6228366,11.738842,15.695813,18.239368,18.769041,17.537146,14.699474,12.168589,11.298125,9.167892,10.464143,9.704235,14.255466,14.182818,16.39589,13.38427,16.706573,13.733149,14.259576,12.087217,8.512414,14.298283,11.426628,17.546864,20.535265,23.852127,24.917454,28.272497,30.709929,28.176874,26.150248,22.704172,21.499931,17.816519,16.015469,10.595519,13.657495,9.5977545,13.527916,9.4962015,13.39663,13.880984,14.412827,9.574454,15.735771,14.221631,15.21418,16.854982,13.581611,15.886251,19.50588,15.5283785,12.841828,10.682046,6.830733,7.87157,6.505582,10.344777,10.86849,13.383955,15.24561,15.022238,15.2165165,17.319769,16.936338,18.77637,19.632896,19.429808,21.763386,20.148798,24.007551,23.641188,21.907993,24.135437,22.159319,18.587116,19.380583,13.664723,15.548726,12.817856,15.013384,16.85854,18.326399,17.674997,22.901903,23.483803,27.358255,30.258944,29.629492,25.95744,26.955275,21.42592,24.223469,19.313982,22.832197,26.8153,26.819178,24.128902,28.299152,23.32995,27.58339,25.796068
8,24.700478,21.54204,19.584831,15.667728,13.598914,10.608489,7.5121284,6.8806033,0.0,4.6803904,5.651683,11.110243,13.259615,12.657863,11.7081375,8.078793,7.153399,6.9290066,7.6178045,10.470085,12.328309,15.781374,17.223946,20.767366,18.818981,22.521072,19.00988,20.542501,17.515785,13.150997,18.20246,12.809608,19.205637,19.973793,23.064915,24.262009,26.90121,30.175873,28.14597,26.361158,23.569498,22.381811,20.083288,17.02372,13.55698,18.453676,14.987475,19.64337,16.187561,20.193747,20.444353,20.394638,14.990009,20.449936,17.0542,18.318773,18.874895,14.283723,15.311213,17.779964,12.682211,10.589036,7.6367965,6.2000823,4.670226,8.577644,7.0480328,11.0604,11.139979,14.584618,14.369204,14.138514,17.129034,17.66568,17.637014,18.64882,16.929749,18.936823,16.688879,19.786749,18.75469,18.416798,21.427046,20.22364,17.032154,18.724892,13.168752,17.576122,15.720571,19.243773,21.710087,23.694437,22.712414,28.177376,28.027779,31.691494,34.756947,33.46586,29.67209,30.4615,25.091805,28.334972,22.968073,27.025778,31.114614,30.197975,27.260983,31.214876,25.575155,29.552399,27.414251
9,26.355637,23.230223,21.189186,18.136894,14.844133,11.709158,9.964789,6.6228366,4.6803904,0.0,6.9995203,9.088314,12.188265,12.6845665,11.417213,9.927536,6.9719095,8.530146,6.924618,10.962483,11.756333,16.351223,18.151878,20.548246,18.643232,21.435656,17.447151,18.35337,14.708238,10.153744,14.533784,8.521944,15.159187,15.780692,19.44886,20.185556,23.153843,26.166426,23.865784,22.277967,19.547945,17.84161,15.611598,12.411859,9.183241,14.602774,11.693002,16.651388,14.341799,18.305359,18.958649,18.039705,12.890448,17.448805,14.144728,14.378762,14.611791,10.347051,11.20483,14.472393,9.879185,6.9396415,6.474904,5.499137,7.355695,10.761596,11.501531,14.82431,15.393809,18.175491,17.102089,16.145023,18.256409,17.438227,17.804386,17.691202,16.512774,17.86871,15.453522,19.284601,17.902607,16.069483,18.889389,16.981737,13.933188,15.797961,10.578433,14.704502,13.777542,16.914337,19.841291,21.296497,19.677229,25.187695,24.124123,27.893616,30.80212,29.404543,25.539484,26.60747,21.377592,25.072565,20.05631,24.645193,29.129719,27.845943,24.760088,28.123098,22.260307,26.107353,23.600763
10,30.156792,27.087282,24.949015,20.907642,19.132448,15.934871,13.092182,11.738842,5.651683,6.9995203,0.0,7.760642,8.101726,7.9904346,8.503703,6.0920973,7.5087347,9.685496,11.288846,15.103764,17.314695,20.751635,22.70683,26.185968,24.328533,27.759983,23.989626,25.106651,21.671978,17.12875,21.395386,14.762374,21.044867,19.595282,23.21576,23.678482,25.876225,29.583197,27.651178,26.629387,24.649277,22.557552,21.53394,17.589073,15.655806,21.340181,18.511913,23.298159,20.707708,24.36634,24.205566,23.304783,17.737934,22.107056,17.415062,18.956545,18.732256,13.5623665,13.686575,14.633766,9.278009,8.669866,5.328159,7.417562,6.3101883,12.368465,9.83498,15.477417,14.973071,19.105469,19.01175,18.458015,21.471731,21.889292,20.949717,21.350882,18.837717,19.870428,16.884699,19.428543,16.926613,17.05408,20.803947,19.74224,17.49694,20.11009,15.496821,20.826101,20.00836,23.603369,26.470594,28.185322,26.658812,32.175312,30.879328,34.629513,37.47561,35.878952,31.987658,33.0806,28.025728,31.833134,26.690702,31.277042,35.64109,34.14906,31.034367,34.34931,28.272854,31.862799,29.149538
11,35.08749,31.768223,30.045324,26.547644,23.67269,20.670334,17.962183,15.695813,11.110243,9.088314,7.760642,0.0,5.587008,5.717333,5.091265,8.4436655,7.3449693,11.747051,12.049328,16.798836,18.72247,22.504213,25.590475,28.112621,27.060974,29.470348,24.984694,26.119072,21.776928,17.356354,19.64263,12.2350645,17.024122,13.253707,16.892326,16.841007,18.576788,22.525751,20.902376,20.350353,19.288992,17.012299,17.606918,13.206027,14.218553,20.31626,18.836216,23.823597,22.764208,26.535316,27.174025,25.285288,20.371206,23.123121,18.518345,18.082726,16.49769,12.208972,10.0718,10.961777,6.4974613,5.7312045,8.892859,12.039885,13.2276535,18.6852,17.137983,22.0881,21.076818,24.417578,22.86112,21.056139,22.976513,21.998835,20.527344,19.288578,16.781961,16.217665,12.719494,15.533372,11.8413105,10.398284,14.403204,13.11714,12.080491,15.495336,12.857862,18.58703,19.609615,23.116697,26.648623,28.016617,25.698214,31.040445,28.34829,31.706266,34.423782,32.19163,28.396185,29.464422,25.120684,29.451637,24.796698,30.034956,34.73635,32.158047,28.869932,31.038267,24.619013,27.505848,24.256498
12,37.78637,34.712074,32.487606,28.769999,26.463932,23.117767,20.736204,18.239368,13.259615,12.188265,8.101726,5.587008,0.0,5.5464206,8.086191,10.542385,11.684677,15.625852,16.620708,21.213142,23.18602,27.011215,29.616173,32.440224,30.818571,33.49522,29.286985,29.830513,25.826235,21.411219,24.114801,16.793009,21.94222,17.565292,21.79652,20.916603,22.457096,26.407013,24.611334,24.835344,24.165897,20.87227,21.793343,17.18624,17.825317,23.845844,22.25068,26.963564,25.87046,29.14253,28.979464,26.864597,21.76291,24.115807,18.612545,19.391863,17.829567,13.131353,11.340964,9.8054,5.8752337,8.004205,8.58793,12.795125,13.579936,19.56041,17.788115,23.54988,22.895678,26.951633,26.294613,25.05046,27.500616,27.042622,25.546644,24.685593,21.922323,21.40524,17.837786,19.94775,15.58079,15.070507,19.250381,18.044449,17.527517,21.024523,18.300783,23.852737,24.558569,27.894192,31.27718,32.455864,30.121513,35.47266,32.47006,36.132534,38.559658,36.52656,32.674232,34.16325,29.851587,34.329105,29.837029,35.067093,39.809563,37.473415,34.188583,36.317364,29.898283,32.740463,29.277393
13,37.126736,33.770035,32.178387,28.027489,26.09784,23.194553,19.692656,18.769041,12.657863,12.6845665,7.9904346,5.717333,5.5464206,0.0,3.708438,6.725043,9.102993,12.730481,14.881847,19.07492,21.898155,24.772667,27.917395,31.305252,30.366312,33.396206,29.073612,30.686209,26.545935,21.98731,24.835241,17.51951,22.295542,18.406988,21.20671,21.520317,22.498726,26.794956,25.677368,25.149954,24.31967,22.501577,23.23608,18.8986,19.55546,25.64967,23.72643,28.76641,27.002539,30.88814,31.19729,29.706429,24.421362,27.714664,22.678534,23.125298,21.707655,17.031033,15.176943,14.748231,10.325308,10.795853,11.322804,14.726771,14.297409,20.319315,16.882584,22.52939,20.61086,24.456972,23.417467,21.899908,24.39302,24.475002,22.159002,21.659472,18.267124,17.813679,14.333379,15.5730715,11.431232,12.869137,17.088892,16.984756,16.195677,19.497221,16.84853,23.052685,23.594704,27.539825,30.906214,32.690147,30.702684,36.12059,33.881466,37.154724,39.995792,37.703785,33.94612,34.79336,30.39935,34.513893,29.53769,34.53908,39.01446,36.45968,33.228584,35.711952,29.355623,32.20093,29.176413
14,35.448193,31.928957,30.72133,26.702682,24.474682,21.869785,18.085514,17.537146,11.7081375,11.417213,8.503703,5.091265,8.086191,3.708438,0.0,5.4561095,6.3379464,10.1251955,12.110203,16.23652,19.168592,21.818542,25.33714,28.593922,28.100466,30.989702,26.531536,28.61612,24.3304,19.841599,22.43015,15.314555,19.663412,16.372726,18.461143,19.477888,20.468763,24.731983,23.816093,22.732283,21.646841,20.688337,21.17283,17.14818,17.935926,23.903461,22.0306,27.1662,25.361744,29.545301,30.348566,29.054916,23.929966,27.467142,22.99429,22.804089,21.427622,17.062334,15.138736,15.829425,11.269694,10.529434,12.054694,14.7518835,14.484347,20.048254,16.719063,21.727854,19.484371,22.784475,21.085196,19.140852,21.281672,21.11969,18.658398,17.991962,14.599195,14.149308,10.695143,12.26269,8.676773,10.061735,14.100343,14.231569,13.050094,16.157974,13.605579,19.94579,20.618492,24.721645,28.131304,30.09739,28.19706,33.559788,31.634722,34.652977,37.68705,35.27871,31.604784,32.115383,27.735159,31.657537,26.560532,31.478144,35.86098,33.152443,29.949038,32.505615,26.219957,29.07494,26.288412
15,31.230068,27.769037,26.583155,22.180616,20.68604,18.247025,13.96284,14.699474,8.078793,9.927536,6.0920973,8.4436655,10.542385,6.725043,5.4561095,0.0,5.088563,6.7874203,10.207079,13.513859,16.889038,19.02766,21.982368,25.97226,25.212656,28.785866,24.760563,27.145699,23.401333,18.86927,22.658121,16.096363,21.349775,19.864471,21.93323,23.446823,24.91717,28.942053,27.783773,26.191715,24.321554,23.693527,22.98605,19.301174,18.301886,23.973944,21.258745,26.307299,23.45533,27.730717,28.291616,27.774637,22.386345,27.01211,22.791254,23.44886,22.874685,18.093697,17.334166,18.524958,13.25251,12.097864,11.112133,12.668592,10.971044,16.190191,11.761041,16.74507,14.198661,17.812216,16.792366,15.547557,18.470844,19.388733,17.231144,17.89664,14.569514,15.59943,12.799612,14.369896,12.507232,14.40102,17.962584,18.055813,15.791533,18.187948,14.122531,20.193813,19.576439,23.853426,26.810658,29.143015,27.846228,33.31009,32.496414,35.681248,38.8981,36.87575,33.15569,33.549854,28.660612,32.13787,26.626192,31.035011,35.12264,33.133533,30.070732,33.507004,27.499454,30.883516,28.568682
16,29.395489,25.823626,24.798183,21.026367,18.463627,16.14748,12.267403,12.168589,7.153399,6.9719095,7.5087347,7.3449693,11.684677,9.102993,6.3379464,5.088563,0.0,4.462199,5.8594995,10.050529,12.911295,15.768558,19.080564,22.316847,21.80921,24.841438,20.50321,22.965187,18.911877,14.442424,17.775198,11.368708,16.3824,15.789045,17.71659,19.539463,21.432596,25.121162,23.820076,21.826553,19.578094,19.395094,18.284792,14.970952,14.048052,19.561815,17.121204,22.243776,19.812992,24.28091,25.4487,24.788986,19.796381,24.20262,20.703121,20.385168,19.795862,15.624908,14.824365,17.26148,12.285114,9.865494,10.756029,11.564208,11.302049,15.647524,13.094271,16.906443,15.035779,17.70402,15.656865,13.7322235,15.85972,15.627964,14.065455,14.004347,11.400105,12.487517,9.793082,12.845645,11.73332,11.707773,14.756589,14.282257,11.389066,13.52728,9.0988655,15.157995,14.885306,19.114397,22.287067,24.503967,23.037973,28.464155,27.599627,30.660402,33.93753,31.878597,28.199894,28.487686,23.605392,27.087574,21.627419,26.193996,30.431442,28.29153,25.17073,28.494469,22.464424,25.931122,23.667845
17,25.943314,22.26047,21.70746,17.72562,15.655193,13.985032,9.29789,11.298125,6.9290066,8.530146,9.685496,11.747051,15.625852,12.730481,10.1251955,6.7874203,4.462199,0.0,4.5758066,6.771367,10.475291,12.254103,15.461687,19.389784,19.155094,22.717173,18.749212,21.97257,18.444416,14.282377,18.265541,13.169937,17.978407,19.031013,20.244102,22.735537,24.697073,28.138306,26.938263,24.38652,21.601658,22.280142,20.311558,17.713343,15.6714,20.40861,17.421188,22.283998,18.937798,23.614498,24.946312,25.124687,20.252716,25.480812,22.631153,22.587223,22.570772,18.54163,18.41166,21.208397,16.137268,13.5384,13.212844,12.718656,11.465632,14.477673,11.322071,13.902832,11.401147,13.484209,11.21678,9.4437895,12.060474,12.849725,11.453326,12.770684,10.433961,12.895617,11.252266,13.892104,14.336506,15.005798,17.37122,17.247765,13.785209,14.9075,9.822746,15.062247,13.568046,18.020164,20.689205,23.425264,22.657032,27.9725,28.335005,31.221481,34.7267,32.899075,29.35747,29.257193,24.153969,26.965014,21.177773,25.049654,28.839048,27.21142,24.316483,28.397207,22.86503,26.616148,25.017704
18,24.662472,21.024187,20.366314,17.259624,13.95843,12.29783,8.833921,9.167892,7.6178045,6.924618,11.288846,12.049328,16.620708,14.881847,12.110203,10.207079,5.8594995,4.5758066,0.0,4.8391485,7.0633135,10.499895,13.6891165,16.50223,16.201866,19.127249,14.815966,17.856577,14.047451,9.927544,13.706016,9.188604,13.912394,16.235926,17.639542,20.092478,22.586908,25.534155,24.017141,21.252792,18.034666,18.834816,16.232492,14.19213,11.755823,16.081081,13.289171,18.144772,15.251888,20.016802,21.84216,21.830965,17.444757,22.342182,20.246897,19.445286,19.562225,16.257877,16.36052,20.034893,15.523152,12.248414,13.068438,11.916335,12.126263,14.167142,13.310597,14.9358225,13.815368,15.101388,12.33352,10.280161,11.737905,10.83941,10.893649,11.246227,10.354951,12.675069,11.321646,15.1089735,15.710947,14.558739,16.345118,15.398121,11.489392,12.1140995,6.3239393,10.861151,9.410455,13.720642,16.638292,19.124916,18.144043,23.498913,23.78026,26.705462,30.19518,28.470388,24.925875,24.89167,19.686516,22.560806,16.8468,20.952522,25.019138,23.418215,20.434275,24.439665,18.892664,22.838867,21.237522
19,21.218313,17.409292,17.625626,14.730412,11.759902,11.427268,7.760342,10.464143,10.470085,10.962483,15.103764,16.798836,21.213142,19.07492,16.23652,13.513859,10.050529,6.771367,4.8391485,0.0,4.3241343,5.8039765,9.263109,12.733929,13.204805,16.574614,12.787381,17.010323,14.04776,10.961181,14.822331,12.552884,16.174522,19.997828,20.478756,23.565765,25.994265,28.60411,27.292889,23.99153,20.365623,22.198637,18.922842,17.833027,14.757867,17.70573,14.65121,18.790878,15.075403,19.921703,22.125072,23.059603,19.197184,24.610365,23.386263,22.670807,23.255537,20.324842,20.837753,24.708508,20.216232,16.933617,17.082575,15.110714,14.650578,15.021657,14.140602,13.768758,12.360285,12.055452,8.450087,6.2955823,7.395096,7.2983656,8.444197,10.381862,10.475472,13.892094,13.718467,16.95402,18.843502,18.238188,19.322374,18.785025,14.676952,14.172839,8.853223,11.250168,8.172462,12.490513,14.577481,17.762053,17.759426,22.716286,24.546001,27.05964,30.771048,29.30431,26.067503,25.479958,20.267754,22.125017,16.22065,19.213705,22.606657,21.631918,19.025702,23.867054,19.188477,23.289194,22.58604
20,19.345259,15.736463,15.823389,14.1333685,10.034845,10.119922,8.559626,9.704235,12.328309,11.756333,17.314695,18.72247,23.18602,21.898155,19.168592,16.889038,12.911295,10.475291,7.0633135,4.3241343,0.0,5.6031995,7.690535,9.466654,9.652032,12.466658,8.485169,12.801027,10.116284,7.888929,11.6857,11.432746,14.512794,19.756182,20.485222,23.333233,26.227325,28.253696,26.597971,23.206402,19.18572,21.007614,16.932043,16.727978,12.914757,14.53837,11.553991,15.110227,11.502071,16.30645,19.014025,20.11337,17.035357,22.183773,21.97422,20.835987,21.802153,19.679203,20.656742,25.040728,21.110455,17.607576,18.072939,15.481053,15.917647,15.097659,16.166435,14.908423,14.938832,14.1272955,10.932525,9.450498,9.347382,7.5691056,10.742402,11.8338175,13.231607,16.293102,16.29741,20.050165,21.83171,20.137705,20.819563,19.61593,15.45308,14.4211855,9.328224,9.223207,4.9929256,8.599416,10.468353,13.5492525,13.774261,18.657766,21.010593,23.575869,27.238043,26.131388,22.985674,22.47107,17.13085,18.675337,12.92952,15.6766205,19.198418,18.776644,16.255209,21.277767,17.023598,21.347292,20.862753
21,18.43578,14.619414,16.232822,14.439713,11.853413,13.257514,10.807873,14.255466,15.781374,16.351223,20.751635,22.504213,27.011215,24.772667,21.818542,19.02766,15.768558,12.254103,10.499895,5.8039765,5.6031995,0.0,5.0865426,8.490594,10.740303,13.9015,11.149077,16.53428,14.759342,13.359861,16.39559,16.56401,18.701681,23.953741,23.524414,27.113863,29.50662,31.571966,30.463198,26.65587,22.704449,25.585438,21.74269,21.742613,18.442066,19.766623,16.948353,19.948069,16.01926,20.530888,23.294127,25.045515,22.138046,27.550812,27.402775,26.436834,27.365238,25.082024,25.846954,30.035196,25.778343,22.379251,22.514084,20.028444,19.50887,18.433064,18.130423,15.819366,14.615103,12.195067,7.921393,6.228583,4.636583,4.86267,8.362574,11.230726,12.869501,16.640461,17.580496,20.388447,23.31888,22.7127,22.964128,22.624374,18.510641,16.931622,12.711821,12.499788,8.500092,11.649236,12.353716,16.156006,17.322678,21.380281,24.92392,26.76607,30.624683,29.470001,26.73838,25.492579,20.601395,21.106441,15.470988,16.763357,19.08762,18.944778,17.001066,22.575153,19.270844,23.30098,23.678356
22,13.4053135,9.652698,11.690224,10.892316,8.738893,11.379328,10.563931,14.182818,17.223946,18.151878,22.70683,25.590475,29.616173,27.917395,25.33714,21.982368,19.080564,15.461687,13.6891165,9.263109,7.690535,5.0865426,0.0,5.751611,7.1015453,11.17746,10.109085,15.016256,14.733631,14.205726,17.835514,18.99553,21.583883,27.363125,27.574926,30.770218,33.532265,35.380207,33.891853,30.230354,26.071463,28.394686,23.972427,24.23907,19.891903,20.258984,17.081015,19.104345,14.469451,18.369455,20.913998,23.519318,21.165257,26.864391,27.414438,26.981283,28.517986,26.408293,27.875946,32.126488,27.958788,24.653484,23.89631,20.676792,20.039282,17.378654,18.221823,14.341313,14.528377,11.361418,8.78694,9.292569,8.768598,9.6343,13.392931,16.229673,17.892973,21.641846,22.34082,25.276516,27.875471,27.1082,27.583736,26.856905,22.689117,21.210373,16.639963,15.618228,10.961976,12.620224,12.004984,15.570433,17.549578,21.149435,25.661507,27.699287,31.345173,30.834398,28.209461,27.219143,22.249208,22.256195,17.149817,17.468391,19.198544,20.47979,18.985418,24.799833,22.152594,26.31171,26.82308
23,14.235424,11.361939,13.316717,14.499571,11.245044,13.87039,14.665291,16.39589,20.767366,20.548246,26.185968,28.112621,32.440224,31.305252,28.593922,25.97226,22.316847,19.389784,16.50223,12.733929,9.466654,8.490594,5.751611,0.0,4.9803886,6.3906775,6.512606,11.596661,12.356811,13.651819,15.808519,19.1999,20.412182,27.307402,27.323812,30.386333,33.39338,34.518703,32.895638,29.11307,24.769154,27.423292,22.5511,23.898273,19.643152,18.329313,15.97625,16.707918,13.106678,16.308922,19.682,22.27293,21.224566,26.00836,27.721949,26.509094,28.189627,27.13624,28.715212,33.393093,29.905262,26.410576,26.473875,23.125551,23.462845,20.463743,22.71996,18.970697,19.948483,17.029152,14.436059,14.269022,12.592196,11.217192,15.971152,17.628386,20.35223,23.63554,24.592299,27.975708,30.621902,28.824415,28.713228,27.523344,23.499586,21.447113,17.733107,14.566911,10.218983,9.621695,7.495839,10.888139,13.669211,16.28116,21.830011,23.423079,26.959099,26.853456,24.662718,23.47369,18.926659,17.994753,13.771061,12.806073,14.087512,16.318586,15.314076,21.104263,19.560722,23.567074,24.592842
24,11.826027,9.255665,9.609721,11.432486,7.5582333,10.181183,12.567876,13.38427,18.818981,18.643232,24.328533,27.060974,30.818571,30.366312,28.100466,25.212656,21.80921,19.155094,16.201866,13.204805,9.652032,10.740303,7.1015453,4.9803886,0.0,5.15044,6.0243154,9.043928,10.688256,11.921848,15.235688,18.275608,20.691103,27.23282,28.3716,30.750751,34.120453,35.366547,33.250183,29.944502,25.619686,27.056273,21.968397,22.963793,17.792322,16.321997,13.398858,13.72295,9.27032,12.135624,15.067167,18.080526,17.144556,22.18568,24.114073,23.535349,25.66815,24.553755,26.715132,31.2601,27.899609,24.615602,23.943735,20.172373,20.680151,16.84561,20.31497,16.380312,18.64918,16.46483,15.101236,15.663739,15.224802,14.2757,18.699192,20.273106,22.416105,25.614824,25.897509,29.60044,31.465818,29.471653,29.95664,28.31174,24.283184,22.851711,18.382544,15.802379,11.316505,10.544134,8.803764,11.067824,13.474199,16.58671,21.514242,23.944994,27.136404,27.412994,24.88629,24.51649,19.587639,19.404522,15.36131,15.302818,17.263523,19.658213,18.336512,23.72098,21.549173,25.767204,26.09887
25,15.078617,13.358618,13.776693,16.3885,12.344022,14.392178,17.091738,16.706573,22.521072,21.435656,27.759983,29.470348,33.49522,33.396206,30.989702,28.785866,24.841438,22.717173,19.127249,16.574614,12.466658,13.9015,11.17746,6.3906775,5.15044,0.0,4.9081926,6.6694202,9.66068,12.724717,14.11367,19.082012,20.033867,27.323622,28.20553,30.425709,33.917725,34.4974,32.3177,28.971554,24.616737,26.337849,21.02455,23.019876,18.30984,15.229495,13.513155,12.34297,9.852407,11.536888,15.347119,17.977425,18.43012,22.192543,25.145252,23.69618,25.81712,25.748457,27.835848,32.661007,29.966326,26.584324,26.794952,23.184591,24.448557,20.842672,24.874905,21.3441,23.631922,21.483288,19.641722,19.616394,18.37663,16.20168,20.996536,21.70762,24.54402,27.315845,27.83027,31.77647,33.713833,30.947905,30.900738,28.940052,25.164719,23.29593,19.78632,15.641146,12.022836,9.21718,6.1228395,7.127416,10.367034,12.175074,18.092207,20.060534,23.066101,23.76685,21.711832,21.21191,16.869919,15.802449,13.035681,11.844364,13.475295,16.614433,15.766066,20.71224,19.599953,23.503347,24.243715
26,17.805105,15.238337,15.313173,16.44881,11.668292,12.794411,14.574936,13.733149,19.00988,17.447151,23.989626,24.984694,29.286985,29.073612,26.531536,24.760563,20.50321,18.749212,14.815966,12.787381,8.485169,11.149077,10.109085,6.512606,6.0243154,4.9081926,0.0,5.8455057,5.981909,8.443522,9.865975,14.431597,15.42917,22.598707,23.455086,25.759007,29.193306,30.006989,27.89978,24.50831,20.145744,21.965574,16.79303,18.548843,14.184441,11.95647,10.1354685,10.582716,8.2277565,11.589533,15.529732,17.14648,16.569248,20.446743,22.577408,20.69168,22.364933,22.05832,23.729553,28.618935,25.847555,22.339542,23.177105,19.96855,21.481388,18.944708,22.443535,19.960781,21.645624,20.096842,17.60853,16.857718,15.638276,12.746981,17.312614,17.50612,20.241478,22.774868,23.135933,27.22728,28.996075,26.062298,26.034431,24.049694,20.261332,18.481007,14.934327,10.880429,7.271278,4.7917624,3.5338235,5.858761,7.724387,11.479756,15.907365,18.229633,21.618069,21.570396,19.008291,18.537216,13.576983,13.607017,9.48232,10.260435,13.470125,14.918913,13.183353,18.155245,15.809927,20.000671,20.27802
27,19.338781,17.61444,16.390898,18.30418,13.375614,13.697501,17.013313,14.259576,20.542501,18.35337,25.106651,26.119072,29.830513,30.686209,28.61612,27.145699,22.965187,21.97257,17.856577,17.010323,12.801027,16.53428,15.016256,11.596661,9.043928,6.6694202,5.8455057,0.0,4.8714595,8.853921,9.710277,15.0267935,16.269817,23.118698,25.135067,26.371479,30.234581,30.668875,27.951002,25.259548,21.116364,21.449343,16.045044,18.107592,13.210014,9.097658,8.000041,5.729667,5.4344783,6.701085,11.06488,12.347465,13.365416,16.041933,19.411867,17.466608,19.691149,20.334963,22.6218,27.458624,25.521526,22.32438,23.054504,19.68556,22.016613,19.020988,24.023169,21.870575,24.64876,23.807676,22.135605,21.736002,21.080523,18.235722,22.515223,22.241842,24.70068,26.796364,26.610685,31.032263,31.982107,28.381453,28.642025,25.98749,22.583456,21.316706,17.906927,13.932724,11.528481,8.363739,7.5421753,6.1195235,6.861198,10.083199,13.543294,16.73969,19.360767,20.11447,17.492588,18.159155,13.475038,14.029458,11.692584,12.796112,16.135637,17.956003,16.343534,20.098652,17.872503,21.781002,21.449514
28,21.930824,19.506407,18.341524,18.94023,13.70858,13.176317,15.305226,12.087217,17.515785,14.708238,21.671978,21.776928,25.826235,26.545935,24.3304,23.401333,18.911877,18.444416,14.047451,14.04776,10.116284,14.759342,14.733631,12.356811,10.688256,9.66068,5.981909,4.8714595,0.0,4.60797,5.229561,10.282544,11.650771,18.376696,20.44276,21.735783,25.556063,26.269276,23.625563,20.882456,16.734884,17.102102,11.766173,13.557545,8.997885,5.984164,4.8061247,5.8631887,6.0276446,9.346162,13.16513,13.170425,12.647667,15.436491,17.580225,15.009747,16.594025,16.934347,18.672905,23.6462,21.61089,18.238136,19.806608,16.988037,19.592232,17.913496,22.131405,21.08559,23.130257,22.8308,20.60726,19.55219,18.956121,15.639155,19.375237,18.523525,20.758688,22.495548,22.1084,26.640818,27.372524,23.564907,23.853048,21.140144,17.767223,16.684376,13.339355,9.67603,8.044372,5.8190207,7.4789762,7.0620418,5.6604443,10.866773,12.269823,15.764063,18.799242,18.602568,15.4016905,16.08778,10.742122,12.730646,9.121783,12.281189,16.653187,16.91817,14.558243,18.101068,14.542403,18.662579,17.743248
29,22.582464,19.726295,18.289158,17.616673,12.530901,11.054733,12.14783,8.512414,13.150997,10.153744,17.12875,17.356354,21.411219,21.98731,19.841599,18.86927,14.442424,14.282377,9.927544,10.961181,7.888929,13.359861,14.205726,13.651819,11.921848,12.724717,8.443522,8.853921,4.60797,0.0,5.878833,6.720177,10.466742,15.920033,18.494377,19.79228,23.49527,24.95807,22.379986,19.809305,15.861854,15.696815,10.941299,11.134357,6.0137224,6.8465476,3.9232345,8.362974,7.0027037,11.357888,14.153718,13.760271,11.307775,15.074508,15.5564575,13.487068,14.691394,13.785956,15.320168,20.17971,17.534813,14.065196,15.552431,12.979739,15.530189,14.854099,18.36887,18.290089,19.915438,20.352093,18.19661,16.991615,17.101841,14.264407,17.155788,16.408653,17.815687,19.526884,18.632998,23.169992,23.47922,20.009323,20.899918,18.305408,14.7481575,14.398158,10.033351,8.668527,7.061765,7.7575274,10.488978,11.24875,9.659764,15.134536,15.337258,18.969398,22.066412,21.264603,17.685892,18.469349,12.927912,15.850133,11.253673,15.372512,19.919554,19.388763,16.59379,20.19169,15.433099,19.666157,18.092564
30,26.764946,24.049667,23.089527,23.014801,17.836195,16.80255,17.761292,14.298283,18.20246,14.533784,21.395386,19.64263,24.114801,24.835241,22.43015,22.658121,17.775198,18.265541,13.706016,14.822331,11.6857,16.39559,17.835514,15.808519,15.235688,14.11367,9.865975,9.710277,5.229561,5.878833,0.0,7.412969,6.586949,13.691732,15.5536,16.710073,20.533676,21.059895,18.468138,15.667547,11.561605,12.224336,6.947912,9.489656,7.2335553,5.3433666,6.64253,8.939342,10.726627,13.800475,17.258762,16.040625,15.110989,16.711573,18.019377,14.266686,14.750027,15.596505,16.301584,21.363358,19.848356,16.434784,19.591375,17.804773,20.80888,20.62889,23.987572,24.074226,25.321476,25.430767,22.587225,20.737925,19.856558,15.784666,18.720552,16.674637,18.909746,19.763071,19.293383,23.94057,24.420313,19.876425,19.748423,16.746132,13.840154,12.728898,10.812637,6.804965,8.098116,6.769388,9.964294,9.456613,6.2677197,11.419368,10.1071415,13.489939,16.694273,15.512725,11.923923,12.670926,7.1997924,10.878653,7.3102956,12.287785,17.28125,15.878891,13.01134,15.336518,10.659194,14.585171,12.94207
31,28.732359,25.614971,24.205418,22.573318,17.949368,15.76287,15.202056,11.426628,12.809608,8.521944,14.762374,12.2350645,16.793009,17.51951,15.314555,16.096363,11.368708,13.169937,9.188604,12.552884,11.432746,16.56401,18.99553,19.1999,18.275608,19.082012,14.431597,15.0267935,10.282544,6.720177,7.412969,0.0,6.773189,9.550198,12.984115,13.745832,17.360493,19.378714,16.854763,14.756834,11.533556,10.442385,7.3883843,5.4178185,4.0985775,8.993132,8.349372,13.089804,13.281841,17.08816,19.255499,17.511621,14.323702,16.7137,15.348703,12.422041,11.9257,10.63733,10.461685,15.300453,12.961804,9.398844,13.299199,12.672821,15.67028,17.516867,19.528131,21.41067,21.956198,23.330996,20.782051,18.761545,19.031094,15.935139,17.151447,15.143431,15.644767,16.051664,14.381111,19.061676,18.375685,14.082401,15.273487,12.256145,9.258515,10.185115,6.8845425,8.439962,9.936028,11.922769,15.565111,16.213299,13.547101,18.82679,16.553701,20.013918,22.958506,21.164984,17.318426,18.340256,13.407582,17.649385,13.301927,18.634642,23.568138,21.479095,18.260643,20.550892,14.528339,18.150414,15.376046
32,32.185875,29.098356,28.376362,27.427242,22.52829,21.104733,20.653126,17.546864,19.205637,15.159187,21.044867,17.024122,21.94222,22.295542,19.663412,21.349775,16.3824,17.978407,13.912394,16.174522,14.512794,18.701681,21.583883,20.412182,20.691103,20.033867,15.42917,16.269817,11.650771,10.466742,6.586949,6.773189,0.0,7.925025,9.014111,10.406942,14.033029,14.788762,12.588473,9.436461,5.4014277,7.398086,4.4594274,6.4808307,9.002663,10.294729,11.875835,15.029833,16.748325,20.05028,23.087738,21.205805,19.459223,20.5038,20.345552,16.09645,15.065914,15.726012,14.747461,19.406033,18.266787,15.048433,19.835936,19.431768,22.386286,23.908127,25.869236,27.191906,27.364859,27.948236,24.560446,21.934875,20.942982,16.607615,18.01363,14.678371,16.434145,15.951318,15.308897,19.835958,19.959648,14.667899,13.95413,10.700622,8.662624,7.78089,8.680094,6.6314397,10.728271,11.309603,14.99906,15.066142,11.838003,16.039852,12.764742,15.13765,18.24148,15.690833,12.133255,12.501406,8.478321,13.024212,9.844841,15.44773,20.40972,17.219687,14.026705,14.798371,8.611463,11.666677,8.625466
33,38.093044,34.864777,33.705444,31.87623,27.400106,25.182037,23.95389,20.535265,19.973793,15.780692,19.595282,13.253707,17.565292,18.406988,16.372726,19.864471,15.789045,19.031013,16.235926,19.997828,19.756182,23.953741,27.363125,27.307402,27.23282,27.323622,22.598707,23.118698,18.376696,15.920033,13.691732,9.550198,7.925025,0.0,6.268237,4.480129,8.149805,10.495958,8.200061,7.4392953,7.256345,4.9628243,8.225178,6.02189,11.921069,15.538351,16.88929,20.652548,22.328741,25.52576,27.655775,24.94122,22.322147,22.635714,20.619106,16.64872,14.147045,14.237536,11.382723,14.656827,14.516066,12.389138,18.446768,19.789799,22.795988,26.090372,27.020927,29.998156,29.652506,31.328287,28.25794,25.505083,25.28837,21.708801,21.499376,17.909464,17.945562,16.033537,14.132807,18.06709,16.247272,10.163971,10.337837,6.3289666,7.356684,9.440522,11.488101,13.373168,17.195562,18.84711,22.654749,22.822344,19.475698,23.619207,18.948572,21.343855,23.689213,20.7365,17.356411,18.395382,15.706612,20.444296,17.708992,23.274033,28.155249,24.482565,21.311087,21.186644,15.024206,16.606966,12.513642
34,39.528538,36.098682,35.721085,33.91748,29.522755,27.924261,26.089743,23.852127,23.064915,19.44886,23.21576,16.892326,21.79652,21.20671,18.461143,21.93323,17.71659,20.244102,17.639542,20.478756,20.485222,23.524414,27.574926,27.323812,28.3716,28.20553,23.455086,25.135067,20.44276,18.494377,15.5536,12.984115,9.014111,6.268237,0.0,5.1040297,6.261494,8.317998,8.42516,5.1647916,5.619829,9.101382,11.522908,11.175879,16.203947,18.993513,20.32073,23.917648,25.27136,28.84627,31.592632,29.436298,26.984524,27.861025,26.343288,22.30012,20.10554,20.125051,17.430857,20.59024,19.815937,17.443768,23.169863,24.24636,26.652084,29.760172,29.950157,32.416878,31.288904,32.26807,28.450104,25.170256,24.130236,20.180086,19.451597,15.146522,15.709683,13.054036,12.374015,15.682721,15.352623,9.600293,7.1321254,4.4484854,6.473231,6.7173295,11.703933,12.830561,17.291138,19.071083,22.752655,23.37568,20.414015,23.972853,20.151533,21.29857,24.03219,20.517614,17.812727,17.475775,15.669749,19.536514,16.931751,21.995739,26.403696,21.877745,18.900185,18.212614,12.43318,13.060072,9.612243
35,41.904694,38.649166,37.725334,36.01158,31.481014,29.440355,28.121986,24.917454,24.262009,20.185556,23.678482,16.841007,20.916603,21.520317,19.477888,23.446823,19.539463,22.735537,20.092478,23.565765,23.333233,27.113863,30.770218,30.386333,30.750751,30.425709,25.759007,26.371479,21.735783,19.79228,16.710073,13.745832,10.406942,4.480129,5.1040297,0.0,4.2277637,6.0492187,4.4556823,4.5839305,7.0834846,6.354298,10.873021,10.013127,16.061169,18.873919,20.74037,24.070194,26.175787,29.213938,31.550102,28.71593,26.498652,26.293201,24.545044,20.258558,17.533354,18.262747,15.185157,17.7895,18.319595,16.583414,22.724747,24.243841,27.190279,30.549843,31.298992,34.25864,33.654465,35.147106,31.772812,28.76543,28.148552,24.29385,23.829105,19.760965,20.000738,17.410751,15.979898,19.283518,17.629211,11.497472,10.372167,6.974704,9.675243,11.052274,14.763701,15.94865,20.2801,21.609863,25.316145,25.311165,21.894402,25.362411,20.1858,21.783453,23.842903,20.45061,17.634459,18.364847,16.960638,21.411898,19.533318,24.82648,29.475588,25.242,22.282377,21.044325,15.4412565,15.806714,11.60344
