,0,1,2,3,4,5,6,7,8,9,10,11,12,13,14,15,16,17,18,19,20,21,22,23,24,25,26,27,28,29,30,31,32,33,34,35,36,37,38,39,40,41,42,43,44,45,46,47,48,49,50,51,52,53,54,55,56,57,58,59,60,61,62,63,64,65,66,67,68,69,70,71,72,73,74,75,76,77,78,79,80,81,82,83,84,85,86,87,88,89,90,91,92,93,94,95,96,97,98,99,100,101,102,103,104,105,106,107,108,109,110,111
0,0.0,4.3354034,6.4939237,9.557744,12.073609,14.251488,17.762274,20.927507,24.384674,26.75529,30.918062,29.59431,26.520784,27.47795,22.743471,24.40517,21.657434,21.756937,23.073547,22.123266,26.057978,25.836643,29.832708,29.699526,30.112469,29.684101,29.07763,30.527868,25.368391,28.618683,26.261133,30.279354,33.025265,33.69213,36.92391,37.765446,41.645573,41.91542,38.88707,35.76783,38.26662,35.48499,33.00866,33.594868,30.20256,31.576221,27.729118,32.728134,30.117037,34.22469,33.59496,32.074234,30.680935,31.859438,27.910873,26.408613,24.353699,26.2507,24.59984,27.047462,24.955267,31.371145,31.493681,33.988422,38.23115,37.037094,40.72808,40.513832,44.00438,40.607533,36.843613,39.175575,35.28361,39.604008,36.341225,34.99822,36.92917,36.130547,36.977623,38.68737,36.281834,33.60999,30.08813,28.874445,27.498917,27.607767,24.273544,23.96745,20.323673,20.232304,18.491879,19.712107,16.62916,19.287643,20.506323,18.933538,19.946972,14.889059,12.245829,11.795825,13.888598,13.530479,15.139081,14.782002,18.348991,16.983503,15.345153,17.791168,17.768923,17.746424,21.215721,20.603281
1,4.3354034,0.0,5.3361044,6.4889317,8.586812,11.916109,14.338506,18.503769,21.309109,24.019234,28.0506,27.105463,24.383104,24.939957,20.210037,21.135948,18.464209,17.988623,19.482937,18.102728,22.07506,22.184917,25.94238,25.53704,26.128191,25.630209,24.960188,26.252604,21.112373,24.341396,22.176601,26.18541,29.399368,30.116167,33.380424,34.491905,38.20826,38.280907,35.15372,31.878246,34.378983,31.338398,28.983871,29.37484,26.161478,27.456068,23.70416,28.806395,26.37078,30.603628,30.029911,28.982416,27.93981,29.364637,25.561108,24.273773,21.544167,23.747166,22.235756,24.060755,21.535973,27.993809,27.781239,30.104855,34.32119,32.907246,36.58091,36.27783,39.74461,36.339813,32.53312,34.841736,30.967867,35.361904,32.213184,30.939049,33.039284,32.35449,33.41851,35.226574,33.06593,30.18879,26.806507,25.332075,23.63361,23.755415,20.134575,19.73937,16.065857,16.147339,14.797962,16.314627,13.343668,16.100254,18.144236,16.732214,17.057224,12.775231,9.219692,8.935134,9.824503,9.456672,10.852351,10.839968,14.79686,13.5904255,11.608653,14.934761,14.135535,14.976972,18.230267,18.313421
2,6.4939237,5.3361044,0.0,5.203533,6.796286,8.181058,11.98596,14.54072,18.303406,20.365257,24.71594,23.620169,20.773203,22.036287,17.659779,19.617155,17.866072,17.836857,20.567314,19.946646,24.23722,25.195415,28.837622,27.949734,29.260807,28.454214,27.087805,27.787045,21.637104,24.565844,21.442072,25.56643,27.238014,28.220636,31.118124,31.854095,35.89376,36.21979,33.519707,30.731884,32.84215,30.722458,27.904093,29.320213,25.434458,27.734694,24.282265,29.709904,27.71485,31.742464,30.280422,29.221375,28.702019,29.204157,24.953985,22.922586,20.213253,21.631226,19.26985,21.75995,19.932184,26.411625,26.366756,29.324463,33.062645,32.56293,36.164974,36.090565,39.855938,36.95774,33.41758,35.825188,31.722918,36.4459,32.543987,31.908422,33.477833,32.20722,33.109077,34.400925,32.273346,29.867985,25.70513,24.994095,23.409227,24.55973,20.603722,21.642805,18.392954,19.20677,18.787394,20.409689,17.093552,19.17237,21.961773,19.47784,19.103413,14.040503,11.63942,8.853649,10.775386,12.299168,12.202118,13.883303,18.313314,15.930481,13.270816,15.028266,13.49698,12.899843,15.707175,14.667361
3,9.557744,6.4889317,5.203533,0.0,3.8546262,5.98198,8.9302435,12.704675,15.249434,18.26415,21.887245,20.698807,17.99766,18.45572,13.779022,14.989291,12.842421,12.781408,15.391526,15.113229,19.459953,20.676928,24.406614,23.697336,25.684313,25.229433,24.24398,24.408854,18.383488,20.694164,18.017267,21.359009,23.894785,24.169079,27.571129,28.353262,32.154476,32.516605,29.418701,26.416754,29.172459,26.806675,24.502985,25.9429,22.540236,25.061241,22.052326,27.70944,26.150955,30.413244,29.146034,29.03535,29.05739,29.996014,26.04954,24.338257,20.597569,22.330862,19.93173,21.352598,18.80597,25.339806,24.35835,27.10766,30.357927,29.55333,33.011337,32.43915,36.35839,33.613346,29.817444,31.707397,27.448069,31.781282,27.743893,26.926296,28.397678,27.19174,28.069687,29.526657,27.37382,24.810015,20.897825,19.933943,18.465822,19.423904,15.832592,17.199139,14.487689,16.116547,16.064548,18.531193,16.125586,18.561607,21.993599,20.347675,19.305628,15.721897,12.198152,10.078765,9.04543,10.501782,8.130203,9.905541,14.322319,11.258826,8.378805,10.082586,8.505701,8.583298,11.802018,12.001044
4,12.073609,8.586812,6.796286,3.8546262,0.0,5.3034854,5.7587805,10.612373,12.849681,15.651904,19.659576,19.287642,17.224676,17.709415,13.576731,14.131185,13.038882,11.914332,15.601524,14.631507,18.941467,20.867947,23.910454,22.419773,24.450748,23.516403,21.884415,21.874846,15.377736,17.910978,14.77509,18.784412,20.959366,21.997942,24.952803,26.094563,29.894901,29.948418,27.108187,24.141985,26.267483,23.94437,21.272573,22.77742,19.052841,21.728899,18.769478,24.495567,23.149906,27.276274,25.66419,25.689186,26.0723,26.781244,22.860205,21.126123,17.058805,18.773746,16.436834,17.558718,14.960666,21.489717,20.589024,23.429081,26.801126,26.169899,29.681158,29.405502,33.28224,30.5994,27.038345,29.302841,25.122364,29.99328,25.992498,25.709158,27.342947,26.080595,27.312723,28.626165,26.97188,24.354555,20.259228,19.310192,17.149292,18.777004,14.1985855,15.933631,13.211843,14.9171505,15.772928,17.906046,15.240718,17.00888,21.11599,18.95526,17.20772,14.049915,11.013875,8.117703,6.6028666,9.363083,6.8445234,10.450916,15.086703,12.581298,9.2240505,11.595546,7.75908,8.736702,10.5831375,11.049071
5,14.251488,11.916109,8.181058,5.98198,5.3034854,0.0,6.117105,6.993391,10.541336,12.931913,16.751995,15.468235,12.811647,14.051446,10.117973,12.533828,12.253303,12.609834,16.79789,17.386526,21.69479,23.933723,27.214058,25.90232,28.69525,27.925758,26.2329,25.581312,18.723799,20.312082,16.612274,19.706047,20.180698,20.689241,23.617329,23.94259,28.080332,28.738548,26.172356,23.843496,26.115358,24.984901,22.261501,25.026571,21.030462,24.808575,22.46793,28.298315,27.442837,31.37398,29.175367,29.387875,30.18636,30.233013,26.073328,23.752954,19.793436,20.59781,17.240644,18.856363,17.067532,23.277193,22.16206,25.560291,27.91858,28.23002,31.45987,31.070868,35.31176,33.303394,29.903938,31.76871,27.348358,31.928276,27.056852,27.136051,27.897322,25.978708,26.696016,27.445019,25.514614,23.600637,18.778875,18.881144,17.54287,19.91911,16.104277,19.254772,17.38549,19.692917,20.632063,23.067081,20.535198,22.26616,26.369364,23.965313,22.168001,18.532495,16.025648,12.447553,11.774318,14.640371,11.16432,14.425303,18.729902,15.0009575,11.881705,11.40414,8.469944,6.2614574,7.91054,6.574042
6,17.762274,14.338506,11.98596,8.9302435,5.7587805,6.117105,0.0,6.7308517,7.4325056,10.418434,14.263593,14.687943,13.595646,13.862018,10.88694,10.70983,11.622437,9.890991,15.072377,14.527995,18.5131,21.593117,23.86701,21.657364,24.607525,23.429466,21.215002,20.135576,13.029101,14.539889,10.551744,14.300933,15.296439,16.71281,19.307798,20.536686,24.371447,24.367117,21.810572,19.171822,20.880362,19.287941,16.36997,18.962145,14.920283,18.83698,16.867296,22.707184,22.340422,26.150206,23.829716,24.766413,26.195261,26.402699,22.683508,20.80259,15.993021,17.139904,14.321487,14.461672,11.9550085,18.023378,16.373186,19.588188,22.017536,22.11796,25.385675,25.119955,29.282766,27.284082,24.045986,26.181263,21.891771,27.003693,22.41417,23.03619,24.22446,22.513712,23.892979,24.739162,23.63723,21.327469,16.805542,16.39683,13.867752,16.84109,11.814826,15.3085985,13.8354435,16.38987,18.452478,20.687794,18.507069,19.566628,24.418413,22.090712,19.363384,17.327393,14.982167,11.761144,9.326771,12.780653,8.769867,13.401461,17.505161,14.723435,11.380013,12.458691,6.824324,7.776055,6.90271,8.103055
7,20.927507,18.503769,14.54072,12.704675,10.612373,6.993391,6.7308517,0.0,5.414302,6.138643,10.483741,10.139866,8.843844,10.813539,9.430592,11.723934,14.05197,13.992278,19.317808,20.147314,24.006327,27.262379,29.684069,27.576023,31.00581,29.84234,27.406624,25.87555,18.692987,19.319674,14.80533,17.418484,15.108568,16.387524,18.270947,18.320877,22.720171,23.465887,21.744213,20.31662,21.550446,21.924805,18.767654,22.909386,18.506533,23.48557,22.164528,27.790586,27.858889,31.236103,28.124195,28.94268,30.730007,29.941202,25.934563,23.285902,19.069965,18.851824,14.822133,15.90489,15.072044,20.175806,18.761812,22.67545,23.80378,25.41418,28.236757,28.139019,32.56214,31.457472,28.701612,30.566395,26.240847,31.079424,25.648848,26.902103,27.049469,24.526575,25.307478,25.231932,24.035788,22.804026,17.42659,18.548193,17.033955,20.84928,16.812632,21.32214,20.384642,23.105494,25.060905,27.33602,24.90367,25.843845,30.59178,27.705576,25.06265,22.147903,20.525919,16.440857,15.551555,19.146162,15.226207,19.422726,23.445805,19.792212,16.673532,15.497637,11.3417225,9.083554,6.765868,4.307006
8,24.384674,21.309109,18.303406,15.249434,12.849681,10.541336,7.4325056,5.414302,0.0,4.5745854,6.87091,7.8835506,8.457931,8.58826,8.569212,8.543871,12.249358,11.46492,17.039047,17.983461,21.259975,25.110086,26.895283,24.526808,28.57184,27.515106,25.159552,22.866493,16.121063,15.53848,11.358139,12.610271,10.135869,11.038712,13.209703,13.616151,17.80308,18.387438,16.38758,14.920106,16.42464,17.002897,14.28537,18.942364,15.111824,20.571545,20.182705,25.623344,26.388285,29.655571,26.63696,28.483538,30.867464,30.412146,26.947325,24.799927,19.915213,19.987688,16.528187,15.941092,14.495957,18.81591,16.193995,19.773722,19.920225,21.51815,24.006208,23.488111,28.076668,27.422802,24.732012,26.11307,21.788065,26.390024,20.732832,22.45433,22.355633,19.7157,20.714697,20.51696,19.885622,18.645668,13.446264,14.641183,12.870492,17.30913,13.5343895,18.792217,18.896997,22.098562,24.649483,27.146885,25.459108,26.261036,31.365147,29.023462,25.880688,24.28021,22.308878,18.898355,16.532223,19.890255,15.129092,19.36867,22.739315,19.301395,16.48837,15.232686,10.541145,9.652622,5.4871287,6.5147357
9,26.75529,24.019234,20.365257,18.26415,15.651904,12.931913,10.418434,6.138643,4.5745854,0.0,5.5713983,7.955118,9.444,10.8498955,12.026369,12.8577175,16.708586,16.017721,21.609812,22.360003,25.580954,29.516287,31.06864,28.352058,32.187477,30.772131,27.889225,25.615557,18.788239,18.384306,13.772732,15.469901,10.430231,12.759155,13.222235,13.310133,17.737247,18.324703,17.50282,16.98048,16.978224,18.77473,15.462815,20.653807,16.345385,22.081161,21.887571,26.997204,27.951666,30.758442,27.101429,28.68957,31.333897,30.112837,26.584558,24.050508,19.650547,18.834291,14.965467,14.739009,14.571904,17.961473,15.97911,19.995398,19.699892,22.409893,24.693018,24.797203,29.250048,29.016724,26.923538,28.669888,24.64164,29.521381,23.924637,26.190489,25.924574,23.103134,24.075079,23.362637,23.099129,22.353823,17.127829,18.770498,17.028515,21.661581,17.71564,22.835821,22.732609,25.643425,28.317022,30.453968,28.3428,28.718813,33.85962,30.91658,27.663282,25.755053,24.557617,20.629162,19.215988,22.930943,18.84839,23.364447,26.976421,23.655857,20.695457,19.512276,14.861996,13.503379,9.605472,8.765126
10,30.918062,28.0506,24.71594,21.887245,19.659576,16.751995,14.263593,10.483741,6.87091,5.5713983,0.0,5.0030813,8.659954,8.797353,12.086763,12.222051,16.86066,16.643818,21.752483,23.337627,25.965458,30.151875,31.447786,28.947117,33.480415,32.425907,29.919334,26.962854,20.893114,19.167984,15.450931,14.813642,8.652362,9.063742,9.412789,8.253785,12.813462,14.159333,13.508081,13.983677,14.512272,17.59345,15.340888,21.158922,17.863527,23.859163,24.563421,29.380741,30.904776,33.60422,30.094902,32.458332,35.469566,34.45643,31.27862,29.001749,24.373022,23.663078,20.097172,19.09736,18.664946,21.16176,18.227472,21.734741,19.823038,22.827108,24.400772,23.860132,28.485987,29.089964,27.136236,27.956892,23.993488,27.972849,21.892902,24.5563,23.38584,20.12704,20.711315,19.33126,19.440441,19.479914,14.495706,16.96313,16.031696,20.914219,18.282738,23.971455,24.846903,28.201244,31.021807,33.53137,32.033855,32.580124,37.81989,35.362885,31.969303,30.612394,28.985447,25.42917,23.233925,26.619036,21.77806,25.859459,28.836994,25.264027,22.779865,20.621662,16.773027,15.337883,11.01745,11.181356
11,29.59431,27.105463,23.620169,20.698807,19.287642,15.468235,14.687943,10.139866,7.8835506,7.955118,5.0030813,0.0,4.2089577,4.8481317,8.95207,10.811878,15.009079,16.139843,20.747927,23.301113,26.169998,29.941875,31.967049,30.188452,34.89686,34.271706,32.29036,29.523481,23.340923,21.74771,18.264132,17.337564,12.930756,11.3460865,13.227939,11.116027,15.4288435,17.57214,16.234386,16.466717,18.488052,21.032001,19.255095,24.725607,21.568024,27.365795,27.619015,32.813118,33.953453,37.046394,33.83839,35.92269,38.529076,37.734707,34.2346,31.794079,27.223257,26.700315,22.802755,22.557661,21.856028,25.265535,22.447956,25.9638,24.453892,26.933529,28.64041,27.673574,32.409256,32.773335,30.345898,30.767054,26.51,29.899698,23.505327,25.455883,23.874762,20.433374,20.294758,18.906765,18.009846,18.456463,13.078745,16.130539,16.309027,20.743294,19.024189,24.77513,25.587273,29.123535,31.429974,34.318398,32.86151,33.95066,38.94963,36.697563,33.695423,31.70947,29.628325,26.052534,23.959742,27.11433,21.882769,25.397772,28.307201,24.064192,21.822435,18.47023,15.953856,13.274235,9.578969,9.013863
12,26.520784,24.383104,20.773203,17.99766,17.224676,12.811647,13.595646,8.843844,8.457931,9.444,8.659954,4.2089577,0.0,3.9655573,6.29957,10.135019,13.3106365,15.278907,19.594099,22.46614,25.727585,29.032412,31.69324,30.37143,34.882156,34.447426,32.750435,30.39668,23.971544,22.939228,19.415318,19.08904,16.073175,14.356359,16.976849,15.135706,19.345282,21.451294,19.610353,19.20282,21.837023,23.533363,21.68708,26.674873,23.333378,28.83049,28.466583,33.977646,34.630783,38.043484,35.079784,36.722317,38.868908,38.25403,34.466515,31.915564,27.486273,27.17705,23.119186,23.556461,22.638737,26.911503,24.416113,28.020388,27.3245,29.296696,31.359087,30.33223,35.08167,34.930183,32.10988,32.61927,28.15395,31.519579,25.196272,26.459366,25.09404,21.836632,21.482521,20.554567,18.837048,19.008657,13.455154,16.254549,16.767132,20.646467,19.04313,24.487358,24.864992,28.326977,30.148003,33.170544,31.568937,33.026516,37.746784,35.556942,32.946404,30.365921,28.040907,24.450645,22.665352,25.649353,20.452272,23.586447,26.648445,22.031,19.825064,15.949969,14.299139,10.605291,7.96063,6.289507
13,27.47795,24.939957,22.036287,18.45572,17.709415,14.051446,13.862018,10.813539,8.58826,10.8498955,8.797353,4.8481317,3.9655573,0.0,5.0479074,7.2780833,10.905261,12.968575,16.873108,20.139965,22.995415,26.4143,28.899292,27.771095,32.626423,32.471607,31.13888,28.488825,22.607916,20.954462,18.124256,16.68773,14.743569,11.735138,15.244146,13.495059,17.289864,19.438118,16.959942,16.307787,19.848003,21.242142,20.09385,24.902035,22.22081,27.584406,27.563564,32.968494,33.830357,37.31635,34.68766,36.824802,39.093655,38.90456,35.38264,33.17837,28.366295,28.456661,24.753841,24.495531,23.015293,27.174889,24.077457,27.272984,26.255447,27.776766,29.655575,28.145115,32.927475,32.875565,29.900965,29.889854,25.411928,28.240707,21.817156,22.959787,21.327234,18.022964,17.542503,16.691847,14.904957,15.072899,9.556844,12.606036,13.597688,17.41042,16.624252,22.236242,23.228891,26.942232,28.87259,32.12478,31.063814,32.63829,37.415195,35.729904,33.00119,31.078688,28.344883,25.257587,22.627035,25.272295,19.60416,22.401886,24.917953,20.355991,18.527834,14.40056,13.071224,10.166346,7.299112,7.9514885
14,22.743471,20.210037,17.659779,13.779022,13.576731,10.117973,10.88694,9.430592,8.569212,12.026369,12.086763,8.95207,6.29957,5.0479074,0.0,5.4237027,7.1796875,9.842092,13.620668,16.808931,20.189016,23.112755,26.197025,25.424738,29.877886,29.859156,28.827612,26.739674,20.709738,19.853348,17.106592,16.688393,16.739317,14.352686,18.361393,17.500296,21.250643,22.870314,19.844084,18.145786,22.016476,22.036161,20.71279,24.647297,21.82765,26.601097,25.840631,31.511198,31.795553,35.63227,33.429443,35.148777,36.88914,37.102478,33.432182,31.343895,26.57507,27.159922,23.629332,23.751778,21.764296,26.838865,24.047525,27.166042,27.313063,28.01323,30.386967,28.905405,33.59046,32.746334,29.316906,29.60533,24.967915,28.045837,22.051947,22.356922,21.51428,18.789513,18.58004,18.701061,16.367142,15.452571,10.139216,11.846346,12.504108,15.515875,14.354975,19.37122,19.776371,23.346973,24.8146,28.158245,27.038782,28.966572,33.456757,31.985483,29.62826,27.424593,24.323563,21.514212,18.853634,21.182522,15.544769,17.9631,20.67612,15.895967,13.988825,9.729214,8.914412,5.313355,4.190613,5.5709834
15,24.40517,21.135948,19.617155,14.989291,14.131185,12.533828,10.70983,11.723934,8.543871,12.8577175,12.222051,10.811878,10.135019,7.2780833,5.4237027,0.0,4.846741,5.82678,9.9400835,12.910062,15.742799,19.239975,21.675756,20.669945,25.511333,25.610178,24.793484,22.282022,16.957886,15.318773,13.510065,11.92225,13.922311,10.952388,15.64152,15.669591,18.78958,19.855156,16.152496,13.689973,18.24865,17.428001,16.814587,20.282227,18.284227,22.76392,22.506712,27.915625,28.551365,32.35343,30.523895,32.915848,34.919888,35.609264,32.425373,30.869818,25.662891,26.713634,23.825752,22.869184,20.227255,24.888773,21.422207,23.925217,23.87957,23.909788,26.14149,24.243034,28.87902,28.019878,24.46181,24.376776,19.739948,22.623898,16.685814,17.008902,16.405998,13.90683,14.270249,14.933471,13.15463,11.321871,6.3121967,7.0096855,7.097447,10.54917,9.641762,15.088285,16.395214,20.264534,22.240364,25.662868,25.229485,26.991276,31.693007,30.755518,28.046108,27.052156,23.716843,21.611631,17.782562,19.768845,13.734606,16.134697,18.169321,14.056405,12.4470005,9.376804,7.348541,7.1842103,5.1956477,9.273208
16,21.657434,18.464209,17.866072,12.842421,13.038882,12.253303,11.622437,14.05197,12.249358,16.708586,16.86066,15.009079,13.3106365,10.905261,7.1796875,4.846741,0.0,4.519148,6.4875436,10.305329,13.473421,16.06295,19.42604,19.357065,23.866575,24.458832,24.39532,22.48387,17.651924,16.695093,15.595926,14.593506,18.264753,15.420518,20.247482,20.441109,23.336077,24.290558,20.27528,17.320124,22.232616,20.35998,19.99627,22.370596,20.675104,24.26031,23.367588,28.827791,28.889677,33.03221,31.833027,33.89608,35.32396,36.543644,33.3181,31.96382,26.892492,28.437025,25.799322,25.182915,22.122868,27.399164,24.202118,26.421825,27.21358,26.409315,28.892044,26.833044,31.238436,29.735586,25.729494,25.55211,20.940466,23.38557,18.139902,17.183424,17.151766,15.437403,15.634879,17.144453,14.640425,12.148639,8.63163,7.682531,8.300989,9.384647,9.435899,13.528286,14.482773,18.239096,19.44347,23.193516,23.083494,25.429476,29.640217,29.283888,27.104034,25.989386,22.073029,20.652369,16.62754,17.775558,11.735514,12.782234,14.406084,9.780524,8.800189,4.8618555,5.655508,6.2537622,7.468023,11.14044
17,21.756937,17.988623,17.836857,12.781408,11.914332,12.609834,9.890991,13.992278,11.46492,16.017721,16.643818,16.139843,15.278907,12.968575,9.842092,5.82678,4.519148,0.0,5.700953,7.224523,10.587245,13.983364,16.56467,15.636897,20.098963,20.350088,20.00197,18.00681,13.209801,12.325148,11.586289,11.041,16.038994,14.174769,18.692955,19.810968,22.515615,22.756666,18.710052,15.179485,19.621605,16.860613,16.417728,18.157644,16.643528,19.852858,19.00616,24.373817,24.535976,28.640799,27.583979,29.886126,31.449083,32.878098,29.958916,28.950546,23.699333,25.54635,23.439451,22.210508,18.766758,23.844498,20.529488,22.39849,23.610855,22.315325,24.965963,23.041124,27.308218,25.486156,21.434027,21.647709,17.042646,20.23817,15.431378,14.72762,15.683661,14.457469,15.637693,17.453161,15.907687,12.7484865,9.788302,7.6642675,5.8016872,7.326903,5.074164,9.595785,10.746179,14.661041,16.566088,20.088938,20.120878,22.08307,26.599596,26.289494,23.74738,23.46403,19.676477,18.591904,13.904465,15.080351,9.0134325,10.905603,12.650614,9.298075,7.769727,7.416899,4.4015846,8.006322,8.095538,12.349321
18,23.073547,19.482937,20.567314,15.391526,15.601524,16.79789,15.072377,19.317808,17.039047,21.609812,21.752483,20.747927,19.594099,16.873108,13.620668,9.9400835,6.4875436,5.700953,0.0,5.361205,7.501585,9.7323265,13.220423,14.028831,18.563274,19.872967,20.925909,19.219044,16.277193,15.202646,16.034302,14.543302,20.820074,18.045692,22.914927,23.92224,26.005877,26.315025,21.82476,18.090548,23.340876,19.896286,20.488283,21.151114,20.759947,22.915195,22.069622,26.94111,26.877123,31.110453,30.911875,33.327312,34.5131,36.606735,33.953114,33.318882,28.172405,30.417522,28.64243,27.356169,23.62947,28.616016,25.197395,26.439053,27.696245,25.553211,27.978111,25.467249,29.376694,27.298805,22.900772,22.21474,17.935007,19.539822,15.631943,13.249937,14.428268,14.205441,15.006002,17.684715,15.622088,11.964619,11.295435,8.009421,7.921377,5.297557,7.486398,9.132463,11.085326,14.743837,15.738046,19.714054,20.853231,23.38069,27.197699,27.9916,25.968243,26.157713,21.816393,21.802391,16.863459,16.702377,11.268386,10.497198,10.064172,7.0286627,7.9042444,7.5010104,8.606164,11.785506,13.112302,17.106394
19,22.123266,18.102728,19.946646,15.113229,14.631507,17.386526,14.527995,20.147314,17.983461,22.360003,23.337627,23.301113,22.46614,20.139965,16.808931,12.910062,10.305329,7.224523,5.361205,0.0,4.3801627,7.2097507,9.946317,9.811095,13.706989,14.727219,15.823641,14.659269,12.366031,12.238381,13.776373,13.632755,20.91228,19.515896,23.778624,25.617334,27.643501,27.229887,22.935493,18.783724,23.084347,18.554642,18.879679,18.202473,18.05462,19.053923,17.786594,22.39197,22.01914,26.318737,26.611021,28.95766,29.929186,32.455795,30.161526,30.008442,24.96248,27.668743,26.631725,24.99775,20.919556,25.771172,22.649347,23.368896,25.611147,22.677736,25.427757,23.280827,26.76287,23.916632,19.385416,19.471983,15.471083,18.075865,15.472864,13.164837,15.893344,16.408772,18.126421,20.931622,19.69379,15.762606,15.15393,11.613859,9.461466,7.0099134,5.8472047,4.1528897,5.9982495,9.602329,11.117529,14.879244,16.37573,18.645662,22.51585,23.610819,21.484873,22.61137,18.35532,19.127295,13.7469015,13.000641,8.558147,7.776208,7.1284437,6.9638047,7.311426,10.612222,9.351883,13.922485,15.012735,18.973816
20,26.057978,22.07506,24.23722,19.459953,18.941467,21.69479,18.5131,24.006327,21.259975,25.580954,25.965458,26.169998,25.727585,22.995415,20.189016,15.742799,13.473421,10.587245,7.501585,4.3801627,0.0,4.759339,6.0094275,6.79381,11.423477,13.279428,15.407419,13.930388,13.829483,12.843297,15.760185,14.440597,22.541842,20.764584,24.962887,27.015419,28.378254,27.72251,23.261282,18.999832,23.516268,18.466583,19.765118,18.233032,19.325626,19.54843,18.937618,22.706905,22.671497,26.718248,27.579884,30.451014,31.547194,34.451,32.648308,32.87973,27.811872,30.647835,29.966179,27.819391,23.641413,27.793564,24.348032,24.367025,26.237375,22.668806,25.005598,22.3704,25.438536,22.595024,17.994442,17.194818,13.706823,15.046325,13.651811,10.442945,13.845368,15.342225,17.281109,20.490244,19.681839,15.569465,16.458271,12.500438,10.649821,6.788568,7.9773364,4.75318,8.289293,11.09616,12.628531,16.085688,18.564323,20.59256,24.139109,25.92513,23.778828,25.807468,21.657694,22.909771,17.429777,16.290737,12.640523,11.35826,9.114028,10.3287115,11.477835,14.239738,13.495809,17.91987,18.647291,22.825176
21,25.836643,22.184917,25.195415,20.676928,20.867947,23.933723,21.593117,27.262379,25.110086,29.516287,30.151875,29.941875,29.032412,26.4143,23.112755,19.239975,16.06295,13.983364,9.7323265,7.2097507,4.759339,0.0,5.2836585,8.79067,11.497375,14.219286,17.39978,16.930365,17.486937,17.224148,20.032995,19.180061,27.198214,25.305063,29.63903,31.536049,32.936962,32.400887,27.87826,23.658781,28.26988,23.13613,24.393847,22.475029,23.570824,23.195639,22.076317,25.532091,24.913765,29.032705,30.488714,32.929325,33.428326,36.75102,34.995975,35.397083,30.638475,33.713467,33.17668,31.378117,27.143925,31.578367,28.471918,28.394005,30.705118,26.855122,29.237772,26.644348,29.357597,26.164898,21.57217,20.725012,17.791924,18.350925,17.834518,14.022219,17.286833,19.108875,20.629904,24.0307,22.780104,18.750284,20.000767,16.086046,14.955776,10.633153,12.3302555,8.264115,10.16419,11.773086,11.767777,15.270928,18.435186,20.966545,23.563442,26.177896,24.750298,26.748877,22.325872,24.315165,19.135134,17.078058,14.455822,11.489909,7.568683,10.229948,12.4628105,15.544232,16.164293,20.345007,21.899038,25.816357
22,29.832708,25.94238,28.837622,24.406614,23.910454,27.214058,23.86701,29.684069,26.895283,31.06864,31.447786,31.967049,31.69324,28.899292,26.197025,21.675756,19.42604,16.56467,13.220423,9.946317,6.0094275,5.2836585,0.0,5.0594554,7.9372087,11.118415,14.884959,14.098997,16.753183,15.984953,19.865543,18.581177,27.086718,25.57958,29.405994,31.80691,32.64099,31.574898,27.206581,22.940546,27.020607,21.338755,23.189295,20.239502,22.421572,21.116512,20.692156,23.142614,22.998781,26.680964,28.59724,31.62952,32.43859,36.009563,34.87621,35.721863,30.943916,34.10978,34.09474,31.607376,27.319702,30.827597,27.53299,26.67743,28.819925,24.344183,26.367992,23.628902,25.724533,22.409157,17.972734,16.730776,14.678043,14.666844,15.888927,12.164093,16.282352,18.82865,20.93334,24.367739,24.00284,19.938452,21.81954,17.792051,16.038677,12.01747,13.386851,8.730722,11.513161,12.580189,13.589108,16.18078,19.811707,21.54247,24.237944,27.069788,25.235691,28.374407,24.41372,26.581392,21.220098,19.306803,17.195826,15.209432,11.822417,14.893819,16.488388,19.81954,19.2738,23.80869,24.582085,28.734407
23,29.699526,25.53704,27.949734,23.697336,22.419773,25.90232,21.657364,27.576023,24.526808,28.352058,28.947117,30.188452,30.37143,27.771095,25.424738,20.669945,19.357065,15.636897,14.028831,9.811095,6.79381,8.79067,5.0594554,0.0,5.8572884,7.6258817,10.482031,9.095467,12.474745,11.706298,15.988749,15.204083,23.690008,23.11608,26.344011,29.209005,30.04801,28.540997,24.51354,20.208988,23.388264,17.36724,18.986746,15.453052,17.876104,16.151222,16.046597,18.29776,18.54784,22.095245,23.815857,27.18329,28.401573,31.806158,30.898046,31.872648,27.040733,30.159382,30.448748,27.540005,23.289549,26.247856,22.954939,21.800343,24.147438,19.466719,21.626469,19.214687,21.25778,17.67091,13.1680975,12.75715,10.654828,12.447534,13.806081,11.366668,15.932277,18.164288,20.856052,23.934752,24.178831,20.149614,21.326418,17.494581,14.670005,11.979595,11.345787,6.675895,9.667749,10.749722,13.186213,15.201419,18.308212,19.262081,22.676971,24.874372,22.411285,26.063192,22.616924,24.487362,19.08354,17.739325,15.818531,15.262553,13.204997,16.028637,16.596134,20.398544,18.288116,23.096523,23.161509,27.295004
24,30.112469,26.128191,29.260807,25.684313,24.450748,28.69525,24.607525,31.00581,28.57184,32.187477,33.480415,34.89686,34.882156,32.626423,29.877886,25.511333,23.866575,20.098963,18.563274,13.706989,11.423477,11.497375,7.9372087,5.8572884,0.0,3.8244324,8.677887,9.80637,14.554737,15.358575,19.303043,19.92775,28.07432,28.293335,31.162592,34.266766,35.2338,33.46233,29.71607,25.447763,27.852682,21.61564,22.683773,18.179295,20.477434,17.219831,16.299444,17.354296,16.693607,20.032423,22.89194,25.683048,26.14891,30.248487,29.876858,31.44537,27.245455,30.746933,31.770548,28.985361,24.751867,27.492933,25.01332,23.387781,26.845646,21.660887,24.008665,22.312714,23.455605,19.002298,15.01268,15.748569,14.859301,16.901659,19.312778,17.055456,21.684475,24.009724,26.70607,29.789497,29.979559,25.922457,26.85564,23.04336,20.064585,17.474659,16.024525,10.510496,11.352903,10.20939,11.9165745,12.473097,16.295158,16.805008,19.218897,22.289703,20.34858,24.931398,21.867687,24.714424,19.842638,17.692192,17.786604,16.721123,14.490142,18.669792,19.251972,24.079374,21.90279,26.83923,27.294312,31.113506
25,29.684101,25.630209,28.454214,25.229433,23.516403,27.925758,23.429466,29.84234,27.515106,30.772131,32.425907,34.271706,34.447426,32.471607,29.859156,25.610178,24.458832,20.350088,19.872967,14.727219,13.279428,14.219286,11.118415,7.6258817,3.8244324,0.0,5.0023904,7.163704,12.331271,13.846981,17.513697,19.046564,26.683502,27.724968,30.099014,33.44839,34.550785,32.531734,29.147018,24.980938,26.562637,20.337309,20.852297,15.966867,18.035995,14.139293,13.000192,13.655346,12.89808,16.21717,19.137236,21.931255,22.517075,26.601223,26.445318,28.19636,24.146112,27.670385,29.052765,26.100773,21.97491,24.323769,22.188978,20.364141,24.365305,19.132404,21.723194,20.638329,21.625566,16.825958,13.099279,15.082796,14.320962,17.671383,19.837568,18.424112,23.021536,24.99705,27.904064,30.712292,31.13171,27.155535,27.48956,23.914917,20.432714,18.716057,16.032095,10.988286,11.113758,9.529658,12.056073,11.827018,14.954253,14.657894,17.533587,20.0441,17.686321,22.74494,20.238146,22.952282,18.348227,16.571411,17.24816,17.122702,15.890995,19.80798,19.734596,24.849169,21.78833,26.740421,26.859644,30.471037
26,29.07763,24.960188,27.087805,24.24398,21.884415,26.2329,21.215002,27.406624,25.159552,27.889225,29.919334,32.29036,32.750435,31.13888,28.827612,24.793484,24.39532,20.00197,20.925909,15.823641,15.407419,17.39978,14.884959,10.482031,8.677887,5.0023904,0.0,4.5079556,9.12581,11.532322,14.514959,17.210266,23.88469,25.94967,27.665249,31.239075,32.547962,30.299768,27.42076,23.489868,24.020878,18.064768,17.71944,12.688788,14.162791,9.677849,8.227879,8.835731,8.254828,11.81776,14.230933,17.244709,18.35383,22.09076,22.013844,23.807148,19.756199,23.189741,24.880436,21.658281,17.70406,19.5444,17.758312,15.827866,20.472345,15.443509,18.43648,18.196632,19.278904,14.348302,11.058529,14.619591,13.68212,18.60215,19.985067,19.679232,23.994991,25.390642,28.46214,30.839756,31.512976,27.740486,27.268349,24.124998,20.14247,19.65236,15.597373,11.831857,11.34701,9.979734,13.422018,12.779211,14.429973,13.155117,16.990208,18.18638,15.027373,20.294466,18.548714,20.647831,16.420462,15.550555,16.456602,17.732336,17.809519,20.963953,20.054928,25.153141,21.017876,25.806105,25.380625,28.6808
27,30.527868,26.252604,27.787045,24.408854,21.874846,25.581312,20.135576,25.87555,22.866493,25.615557,26.962854,29.523481,30.39668,28.488825,26.739674,22.282022,22.48387,18.00681,19.219044,14.659269,13.930388,16.930365,14.098997,9.095467,9.80637,7.163704,4.5079556,0.0,7.3295894,7.931849,11.855886,13.403445,20.360296,22.170149,23.798756,27.447023,28.440105,26.11663,23.202698,19.308664,19.889252,13.770009,14.013933,8.828705,11.325814,7.5651174,8.081692,9.390996,10.599274,13.695944,14.978486,18.95758,20.979385,24.01296,23.712942,25.075129,20.459734,23.470078,24.653643,20.978523,17.027761,18.490517,15.692269,13.66903,17.22193,12.072557,14.866266,14.057616,15.635534,11.136135,7.184947,10.590995,9.288261,14.712247,15.8288965,16.108154,20.244524,21.549112,24.7496,26.96088,27.994751,24.37624,24.104046,21.09225,17.046135,16.988262,13.164794,10.543805,11.527131,11.72201,15.593423,15.974543,17.494585,16.635073,20.958342,21.700033,18.194437,22.755688,20.778118,22.05729,17.379288,17.22183,16.527378,18.302197,18.39597,20.72536,19.765171,24.06467,19.742367,24.439205,23.428555,27.014439
28,25.368391,21.112373,21.637104,18.383488,15.377736,18.723799,13.029101,18.692987,16.121063,18.788239,20.893114,23.340923,23.971544,22.607916,20.709738,16.957886,17.651924,13.209801,16.277193,12.366031,13.829483,17.486937,16.753183,12.474745,14.554737,12.331271,9.12581,7.3295894,0.0,4.8683314,5.563017,9.88858,15.561514,17.979568,19.765398,23.05486,25.076178,23.280785,20.481804,16.740108,17.346172,12.40872,10.647652,8.5025,7.132743,7.2342343,5.9476767,11.177618,11.754645,15.554835,14.699923,17.738918,19.905779,21.820234,20.190983,20.519947,15.276633,17.994732,18.268522,15.074395,10.860469,14.1752615,11.34425,11.453687,15.356919,12.265445,15.852009,15.583858,18.676876,15.357126,11.862928,15.105779,11.882788,18.095184,16.332434,17.164665,20.340498,20.3942,23.23863,24.965698,25.460938,22.11638,20.231924,17.895876,13.589385,15.099796,9.352804,9.318875,9.069999,10.556523,14.612698,15.704397,15.500126,15.027643,20.286505,19.51664,15.671653,18.438114,16.42738,16.359161,11.748487,13.033073,11.325223,14.766706,16.605509,17.379179,15.38086,19.299736,13.967035,18.267292,16.99687,20.172281
29,28.618683,24.341396,24.565844,20.694164,17.910978,20.312082,14.539889,19.319674,15.53848,18.384306,19.167984,21.74771,22.939228,20.954462,19.853348,15.318773,16.695093,12.325148,15.202646,12.238381,12.843297,17.224148,15.984953,11.706298,15.358575,13.846981,11.532322,7.931849,4.8683314,0.0,5.0805693,5.73039,12.846084,14.425349,16.373293,19.783512,21.23163,19.354645,16.238869,12.320603,13.495862,8.061296,7.6839914,6.099923,6.681311,8.3256645,9.55399,13.621313,15.312729,18.52664,17.542519,21.419035,24.108263,25.780453,24.325588,24.48152,19.101799,21.283045,21.06115,17.498497,13.691655,16.021025,11.96142,11.79981,13.576835,10.518753,13.445329,12.109699,15.830229,13.441656,9.74437,11.744235,7.858238,14.072442,11.712338,13.252157,16.105633,16.116028,19.149296,20.769302,21.760439,18.552645,17.247734,14.9525585,10.638307,12.574491,7.83426,9.387385,11.203586,13.638637,17.603704,19.310715,19.743517,19.619953,24.740585,24.30899,20.523508,23.114985,20.828857,20.456749,15.617846,16.928638,13.809423,16.893518,18.065357,18.250166,16.651232,19.3891,14.445369,18.531506,16.607414,20.299738
30,26.261133,22.176601,21.442072,18.017267,14.77509,16.612274,10.551744,14.80533,11.358139,13.772732,15.450931,18.264132,19.415318,18.124256,17.106592,13.510065,15.595926,11.586289,16.034302,13.776373,15.760185,20.032995,19.865543,15.988749,19.303043,17.513697,14.514959,11.855886,5.563017,5.0805693,0.0,6.3819923,10.19149,13.042571,14.593936,17.732016,20.113262,18.58881,16.042967,12.757098,13.131244,9.7112875,6.875441,8.434561,5.161154,9.546477,9.758394,14.872088,16.180204,19.40582,17.238579,20.352753,23.122686,23.92141,21.758638,21.214504,15.69496,17.372803,16.49311,13.255492,9.666391,12.971191,9.169504,10.844737,12.90514,11.832805,15.070215,14.726357,18.749994,16.86494,13.936948,16.428493,12.601988,18.681423,15.162605,17.02547,19.040083,18.100634,20.702694,21.739433,22.371002,19.61332,16.843872,15.456511,11.274755,14.512543,8.812657,11.935769,12.441455,14.969574,18.729036,20.40108,19.673994,19.492825,24.894278,23.406878,19.522177,20.906744,19.044724,17.568396,13.444404,15.873595,12.550869,16.77125,19.159775,18.375988,15.983176,18.267233,12.473932,15.810184,13.378386,16.443209
31,30.279354,26.18541,25.56643,21.359009,18.784412,19.706047,14.300933,17.418484,12.610271,15.469901,14.813642,17.337564,19.08904,16.68773,16.688393,11.92225,14.593506,11.041,14.543302,13.632755,14.440597,19.180061,18.581177,15.204083,19.92775,19.046564,17.210266,13.403445,9.88858,5.73039,6.3819923,0.0,8.579209,8.787808,11.315066,14.41495,15.841871,14.431227,10.892536,6.931266,9.506718,5.8565545,6.2908072,8.888217,8.829805,12.8750305,14.613249,18.711246,20.715097,23.67036,21.962818,25.849648,28.850437,29.845665,27.980791,27.49294,21.994734,23.413836,22.195433,18.889292,15.768283,17.978434,13.3513155,14.197948,13.534959,12.4601145,14.432009,12.406526,16.991907,16.314878,13.262009,13.64011,9.341896,14.15655,9.395643,12.071898,13.263041,12.112943,14.900571,15.863389,17.11288,14.512195,12.782902,11.400854,7.5579214,11.233417,7.9541807,12.267055,14.738626,17.983812,21.591267,23.923088,24.156567,24.460106,29.658712,28.923447,25.197388,26.775537,24.32832,23.09321,18.469036,20.339005,15.860054,19.081137,20.384914,19.159325,17.56094,18.423637,13.855119,16.892462,14.067076,17.877586
32,33.025265,29.399368,27.238014,23.894785,20.959366,20.180698,15.296439,15.108568,10.135869,10.430231,8.652362,12.930756,16.073175,14.743569,16.739317,13.922311,18.264753,16.038994,20.820074,20.91228,22.541842,27.198214,27.086718,23.690008,28.07432,26.683502,23.88469,20.360296,15.561514,12.846084,10.19149,8.579209,0.0,6.198482,4.831468,8.10979,10.705234,9.5507965,8.579885,8.14763,6.563976,9.38897,7.1562867,13.24601,10.949661,16.796946,18.713,22.662025,24.983511,27.21996,23.976011,27.442797,31.019392,30.541971,28.313564,26.975334,21.906864,21.860727,19.745783,16.716028,15.454415,16.386509,12.181572,14.625817,11.821869,14.530062,15.82194,15.261814,19.8446,20.679743,19.180122,20.152449,16.719126,21.25232,16.056534,19.613028,19.316496,16.861794,18.734417,17.972776,19.506424,18.53684,15.174547,16.06689,13.557219,18.340843,15.095834,20.13324,21.675888,24.772692,28.323769,30.405254,29.569061,29.486956,34.917393,32.955082,29.038385,29.484165,27.965443,25.349318,22.117485,25.11075,20.75204,24.914745,27.24525,25.035467,22.76276,22.393642,17.48736,18.507471,14.346604,16.520681
33,33.69213,30.116167,28.220636,24.169079,21.997942,20.689241,16.71281,16.387524,11.038712,12.759155,9.063742,11.3460865,14.356359,11.735138,14.352686,10.952388,15.420518,14.174769,18.045692,19.515896,20.764584,25.305063,25.57958,23.11608,28.293335,27.724968,25.94967,22.170149,17.979568,14.425349,13.042571,8.787808,6.198482,0.0,5.2212067,6.256658,8.40486,8.908075,5.622206,5.191424,8.5318365,10.909757,11.080239,16.286343,15.236182,20.559837,22.387882,26.570755,28.728523,31.411877,28.826233,32.433857,35.707493,35.751343,33.37578,32.048462,26.77111,27.08616,24.650091,22.105555,20.294931,22.160524,17.76947,19.758085,16.844337,18.440594,19.345316,17.428259,22.163631,23.186886,21.042408,20.542002,16.733984,19.604012,13.374591,16.570135,15.046054,11.907469,13.132472,11.997492,13.456532,13.023605,9.95695,11.574493,10.505228,15.196208,14.058041,19.621958,21.9748,25.610386,28.789736,31.534327,31.279608,31.885494,37.150063,35.835876,32.205875,32.48833,30.15355,27.821856,24.005188,26.525152,21.224129,24.551268,26.2352,23.43943,21.776272,20.121675,16.60992,17.23025,13.320362,16.16019
34,36.92391,33.380424,31.118124,27.571129,24.952803,23.617329,19.307798,18.270947,13.209703,13.222235,9.412789,13.227939,16.976849,15.244146,18.361393,15.64152,20.247482,18.692955,22.914927,23.778624,24.962887,29.63903,29.405994,26.344011,31.162592,30.099014,27.665249,23.798756,19.765398,16.373293,14.593936,11.315066,4.831468,5.2212067,0.0,4.227831,5.887667,5.2225895,5.2756224,7.360974,5.999949,11.088584,10.583065,16.397057,15.170876,20.68115,23.070807,26.631945,29.249077,31.294674,28.132908,31.881733,35.613804,35.081055,32.98124,31.612463,26.644297,26.397835,24.140734,21.224667,20.233747,20.645515,16.427647,18.40279,14.223396,17.277884,17.598331,16.466803,20.933502,22.769657,21.616129,21.605345,18.500978,21.806189,16.307844,20.237364,18.906359,16.041824,17.437641,15.841115,17.964071,17.919565,15.1193495,16.742031,15.248179,19.921982,18.041695,23.283504,25.388315,28.706373,32.192265,34.51264,33.964016,34.036064,39.43976,37.6704,33.77238,34.22379,32.534695,29.914354,26.571243,29.434351,24.680325,28.49441,30.4553,27.956055,26.005537,24.788979,20.664392,21.185522,16.945953,19.019697
35,37.765446,34.491905,31.854095,28.353262,26.094563,23.94259,20.536686,18.320877,13.616151,13.310133,8.253785,11.116027,15.135706,13.495059,17.500296,15.669591,20.441109,19.810968,23.92224,25.617334,27.015419,31.536049,31.80691,29.209005,34.266766,33.44839,31.239075,27.447023,23.05486,19.783512,17.732016,14.41495,8.10979,6.256658,4.227831,0.0,4.5672674,6.682958,7.102324,9.907674,10.05023,15.012212,14.60096,20.441898,18.960129,24.627241,26.70974,30.581947,33.002995,35.22191,31.979351,35.461086,39.060093,38.353012,35.938786,34.24133,29.371014,28.881035,26.100733,23.808775,23.077019,23.957235,20.032682,22.370647,18.305483,21.493475,21.793972,20.525753,24.969885,26.897749,25.581715,25.246359,21.965973,24.679438,18.729465,22.314783,20.255587,16.902851,17.488993,15.238002,16.973738,17.80193,14.631909,17.168251,16.656275,21.333557,20.134455,25.735662,27.817026,31.343336,34.56912,37.15824,36.497196,36.862915,42.22601,40.37161,36.637047,36.496513,34.66394,31.747953,28.633102,31.581255,26.469906,30.13035,32.16395,29.072357,27.190466,25.035189,21.59855,21.207716,16.967413,18.501858
