,0,1,2,3,4,5,6,7,8,9,10,11,12,13,14,15,16,17,18,19,20,21,22,23,24,25,26,27,28,29,30,31,32,33,34,35,36,37,38,39,40,41,42,43,44,45,46,47,48,49,50,51,52,53,54,55,56,57,58,59,60,61,62,63,64,65,66,67,68,69,70,71,72,73,74,75,76,77,78,79,80,81,82,83,84,85,86,87,88,89,90,91,92,93,94,95,96,97,98,99,100,101,102,103,104,105,106,107,108,109,110
0,0.0,4.36294,5.9991894,9.595301,11.926921,15.537504,17.098742,21.577871,25.041306,27.069702,32.840492,31.905512,35.202347,38.89513,34.639595,31.387537,28.917427,26.597857,22.355106,21.309511,16.576342,16.476288,11.679386,14.146885,13.061679,17.80402,18.644176,18.662888,17.499197,22.96391,20.59113,28.360186,26.61764,32.41204,32.336662,35.43056,37.031113,35.97078,36.551765,34.048286,34.45479,28.937605,30.17143,25.566431,28.405777,24.1844,27.320715,26.144306,27.911333,31.36257,31.820425,33.406746,38.280754,40.430206,38.047188,34.91891,37.545822,38.29563,44.142,42.34103,38.715553,40.125515,37.445293,39.081192,37.45486,40.90137,37.660503,34.05818,31.199518,33.219604,29.637579,34.051353,32.481472,37.078026,35.273796,41.24774,40.922947,43.343292,44.256092,48.029675,47.012775,45.57345,40.424446,40.04897,34.777325,37.328247,30.64651,31.379873,27.533974,26.869759,25.96334,22.54526,25.862911,29.3149,28.530262,30.010204,33.097626,36.560444,36.104816,35.316116,40.9126,39.29506,44.167747,44.71985,43.762325,40.58811,39.12926,34.241272,32.617245,28.75152,27.006144
1,4.36294,0.0,4.9233994,6.4268885,9.755308,12.13541,15.163065,18.970634,22.512188,24.919188,30.347227,30.035679,33.120716,36.914642,33.072052,29.548317,27.526762,25.17436,21.323933,20.640947,15.871114,17.092167,12.331583,13.349948,13.512053,18.279434,18.268232,17.278929,15.262386,20.507517,17.37914,25.01057,23.076393,28.967386,29.09881,31.98265,33.88539,33.12643,33.681595,31.437582,31.763493,26.797325,28.192974,23.955133,27.002462,23.247202,27.096405,25.743166,26.72557,30.395475,30.23178,31.687113,36.49576,38.65533,35.761875,32.525753,35.422127,35.89121,41.66641,40.238934,36.615345,38.596455,36.142372,38.21804,36.72746,40.603813,37.778854,34.294785,31.61624,33.27455,28.838865,33.107895,30.978455,35.472412,33.29057,39.113873,38.52843,40.683937,41.640846,45.475727,44.664303,43.63192,38.44865,38.38799,33.139248,36.135082,29.519936,30.88502,27.213331,27.199648,26.599255,23.814728,27.63532,31.35136,30.115444,31.39841,34.341816,37.50282,36.504837,35.494816,40.870934,38.848095,43.52294,43.919807,43.226048,39.907547,39.10892,33.748554,32.59921,28.774647,27.246765
2,5.9991894,4.9233994,0.0,4.9088807,6.941463,10.421485,12.067581,15.866996,19.598902,21.244612,27.169394,26.195972,29.543316,33.45457,29.37782,26.397682,23.866917,22.23277,17.750502,17.852715,13.159736,14.4557905,10.664538,13.123535,14.450686,18.47266,19.7341,18.682066,16.137022,21.183802,17.600119,24.87798,22.205374,28.226734,27.478268,30.6768,32.04181,31.0572,32.117527,29.582146,30.773472,25.223043,27.253937,22.586214,26.553019,23.299578,26.91468,26.679127,27.75129,31.848598,30.998007,33.328453,37.893715,39.322327,36.64838,33.281773,35.555244,35.730225,41.46562,39.583424,35.93905,37.992386,35.833206,37.68008,36.914406,40.021263,37.103386,34.259823,30.89969,32.016193,27.809065,31.788147,29.594969,34.018616,31.63263,37.563892,36.729404,39.189335,39.755806,43.492016,42.28452,41.0452,35.9333,35.985085,30.649654,33.82283,27.295183,28.694134,25.355661,25.225307,25.189024,22.236351,25.77277,29.144516,27.123735,28.001911,31.488205,34.164345,33.216515,32.64173,37.7771,36.04639,40.72552,40.872265,39.880352,36.586,35.516685,30.400524,28.848213,25.281725,23.271313
3,9.595301,6.4268885,4.9088807,0.0,4.0695252,5.9435306,9.256823,12.574577,16.124407,18.663542,23.93174,23.836378,26.799679,30.63075,27.009996,23.495907,21.664814,19.668827,15.983528,16.218424,11.740124,14.617246,11.167392,11.555743,14.318375,17.98031,18.421635,16.33369,12.86132,17.422962,13.098228,20.189278,17.459978,23.516075,23.060163,26.103909,27.755032,26.985767,27.87858,25.590113,26.57897,21.596405,23.723127,19.518637,23.630632,20.996624,25.283888,24.96886,25.19472,29.512867,27.923916,30.255112,34.64665,35.95673,32.86119,29.407839,31.840225,31.744505,37.394566,35.847206,32.222347,34.80625,32.894722,35.173958,34.583797,38.092564,35.66523,32.99939,29.896563,30.609463,25.515707,29.292274,26.544024,30.832903,28.126177,33.88366,32.881577,35.079964,35.76781,39.5728,38.633564,37.769985,32.61763,32.9085,27.646614,31.187677,24.780209,26.841301,23.717104,24.362938,24.618013,22.537569,26.607956,30.292728,27.979467,28.738464,31.768324,34.19256,32.598633,31.636454,36.532146,34.289814,38.720108,38.78929,38.183475,34.759182,34.515415,28.848204,28.02638,24.46456,23.008862
4,11.926921,9.755308,6.941463,4.0695252,0.0,5.632469,5.419403,10.042505,13.142402,15.796303,21.07557,20.654293,23.630959,27.240864,23.347427,19.836334,17.828243,15.767957,11.936558,12.320179,8.012684,11.489039,9.242518,9.904315,13.782263,16.449934,17.74927,15.645827,12.013384,16.153769,12.106621,18.784218,16.045181,21.849087,20.899893,24.270517,25.410906,24.24121,25.24618,22.649061,24.044847,18.46902,20.896284,16.360123,21.04259,18.869183,22.933697,23.518639,23.771751,28.36681,26.249386,29.322062,33.44371,34.13133,31.375847,27.896154,29.731058,29.529852,35.15321,33.178654,29.554106,32.026493,30.296072,32.375893,32.313503,35.26398,32.849495,30.693048,27.19625,27.464891,22.47842,26.03534,23.316977,27.577957,24.8891,30.759687,29.80158,32.28215,32.8217,36.558037,35.40023,34.24614,29.109013,29.280964,23.968937,27.460167,21.072906,23.140484,20.239405,20.968372,21.64904,19.814018,23.837975,27.408804,24.633163,25.192379,28.211128,30.374582,28.640896,27.742855,32.528866,30.342651,34.781948,34.81415,34.139874,30.727226,30.454681,24.791237,23.98418,20.451687,19.085966
5,15.537504,12.13541,10.421485,5.9435306,5.632469,0.0,7.1618276,7.7497525,11.226587,14.224812,18.773611,19.549528,22.10569,26.013332,23.080214,19.469397,18.35,16.858217,14.099896,15.514626,12.16974,16.537992,14.5788965,13.720931,17.964346,20.614687,20.790384,17.711857,13.207472,16.193714,10.513329,16.060867,12.210812,18.449076,17.553158,20.509277,22.204382,21.757631,22.973978,20.95246,22.508554,18.27341,21.122328,17.598846,22.448624,21.22874,25.946846,26.201653,25.410233,30.04706,27.13719,29.872984,33.745876,34.411873,30.87893,27.305628,29.491714,28.705105,34.04645,32.742756,29.21754,32.6625,31.400328,34.066124,34.222637,37.652115,35.8425,33.878075,30.756037,30.579268,24.701468,27.78395,24.226309,28.074665,24.68095,30.086418,28.49659,30.46102,30.928953,34.722275,33.85234,33.500095,28.435251,29.3117,24.216162,28.487593,22.604603,25.612688,23.242075,24.756804,25.7533,24.616693,28.826157,32.44652,29.349014,29.61333,32.48053,34.119907,31.81504,30.785124,34.99073,32.365547,36.334095,36.021988,35.691273,32.164486,32.847824,26.814146,26.639902,23.535406,22.382772
6,17.098742,15.163065,12.067581,9.256823,5.419403,7.1618276,0.0,6.544142,8.431892,11.4748955,16.319132,15.85253,18.633183,21.976717,18.030657,14.429831,12.514335,10.63252,7.096988,8.7397375,6.1759214,10.9519205,11.190722,11.282803,16.298628,17.441322,19.274666,16.835936,12.932065,15.555533,11.63321,16.593573,13.563282,18.786037,17.007738,20.685429,21.144707,19.591955,20.899849,18.028734,20.25137,14.316231,17.515244,13.012898,18.704433,17.883999,21.762909,23.53313,23.318764,28.208765,24.990522,28.933619,32.4741,32.209255,29.658445,26.164213,27.18548,26.539448,31.92066,29.581982,26.03947,28.778072,27.597572,29.617393,30.504854,32.77362,30.711275,29.48363,25.63128,24.93022,19.747599,22.59869,19.514275,23.471628,20.459476,26.277628,25.085331,27.804136,28.047283,31.683731,30.284985,29.011562,23.922312,24.241806,18.924309,22.762953,16.69778,19.314093,17.191713,18.512112,20.091822,19.126654,23.00965,26.319008,22.681797,22.717682,25.58321,26.982725,24.696472,23.84792,28.106403,25.783197,29.994959,29.778713,29.15884,25.690397,25.885368,20.002844,19.590075,16.386124,15.346902
7,21.577871,18.970634,15.866996,12.574577,10.042505,7.7497525,6.544142,0.0,4.520858,6.526362,11.435965,11.81359,14.450505,18.58711,15.785872,13.018267,11.782238,12.297213,10.010015,13.71813,12.50306,17.217691,17.64313,17.406342,22.505537,23.754326,25.027384,21.977308,17.487307,18.964914,13.766306,16.348751,11.389371,16.64924,13.601875,17.047808,17.392092,16.573603,18.949697,16.59658,20.10261,15.685949,19.804636,16.52186,22.576416,22.942198,27.094072,28.926506,27.89672,32.835045,28.717785,32.598835,35.706104,35.03262,31.882774,28.344654,29.273214,27.761204,32.57908,30.706596,27.398634,31.20829,30.800182,33.201344,34.727005,36.937153,35.454876,34.773636,31.017948,29.622692,23.986795,25.950567,22.034933,25.201965,21.231771,26.31607,24.018812,26.3453,25.991255,29.527687,28.033606,27.62643,22.81752,24.264124,19.3396,24.272821,19.312952,22.89869,21.786755,23.682043,25.786934,25.268373,28.94754,31.94718,27.6356,27.036753,30.126135,30.484743,27.703531,27.188623,30.353703,27.887423,31.390944,30.456999,29.946684,26.437443,27.553644,21.709652,21.655462,19.522161,18.240276
8,25.041306,22.512188,19.598902,16.124407,13.142402,11.226587,8.431892,4.520858,0.0,5.7297635,8.162545,9.550944,11.310805,14.831351,12.343614,8.90845,8.866097,9.356912,9.16505,12.869851,13.205188,17.996647,19.329796,18.407904,23.858303,24.20891,25.508308,22.315655,17.985443,18.241323,13.817135,14.497416,10.014854,13.95737,10.25991,13.98178,13.632388,12.34992,14.868237,12.35388,16.487764,12.35852,16.870502,14.286067,20.4665,21.89835,25.828941,28.23348,26.78726,31.736305,26.922054,31.251328,33.82832,32.483578,29.527416,26.10108,26.400764,24.557735,29.057976,27.01331,23.863277,27.893911,27.953176,30.363056,32.493645,34.337906,33.286026,33.22145,29.522833,27.49887,21.73649,22.997839,18.802195,21.491632,17.275211,22.098457,19.630663,22.068262,21.582464,25.083942,23.545794,23.138885,18.339834,19.962717,15.230366,20.45304,16.155403,20.225965,19.839691,22.276056,24.798166,25.096073,28.69931,31.59122,27.080544,26.291039,28.80069,28.711224,25.41914,24.684278,27.305355,24.533777,27.662949,26.613474,26.412254,22.894276,24.781172,18.73365,19.50217,17.744219,17.275894
9,27.069702,24.919188,21.244612,18.663542,15.796303,14.224812,11.4748955,6.526362,5.7297635,0.0,6.852135,5.5167823,8.651202,13.300476,10.795085,10.249483,8.702357,12.286643,10.830912,15.844065,16.247986,20.366592,22.150803,22.500847,27.689417,28.198212,30.147133,27.296461,23.046686,23.815536,19.250248,20.028578,15.080621,18.718557,14.150653,17.448603,16.293524,15.21397,18.694908,16.29974,21.342054,17.277105,21.942717,19.130371,25.496979,26.814352,30.311735,33.1337,32.086784,37.059345,32.352577,36.856056,39.40135,37.809864,35.060265,31.685728,31.658031,29.66698,33.830994,31.537346,28.583992,32.469902,32.74967,34.79002,37.318504,38.44722,37.196148,37.504402,33.33956,31.092043,26.09195,27.048416,23.179054,25.514664,21.332926,25.72862,22.82645,25.39108,24.126322,27.182299,24.981226,24.513512,20.297764,22.325932,17.984442,23.19661,19.578272,23.268671,23.316628,25.241854,28.065783,27.87716,30.884623,33.19155,28.021223,26.636883,29.949413,29.05464,26.0477,26.220556,28.18613,26.127518,29.03133,27.412464,26.594187,23.261831,24.62886,19.48446,19.327866,18.525827,16.994709
10,32.840492,30.347227,27.169394,23.93174,21.07557,18.773611,16.319132,11.435965,8.162545,6.852135,0.0,5.5698013,4.474116,8.309326,8.686113,8.426611,9.9258795,13.382519,14.724097,19.0161,20.547369,24.86892,27.00613,26.271303,31.764042,31.608091,33.075516,29.838509,25.633236,24.911606,20.916128,18.990522,14.617089,15.930092,10.57991,13.177229,10.825105,9.94176,14.133218,12.480735,18.305569,16.261639,20.959343,19.778767,25.671776,28.326237,31.748055,34.824978,32.973778,37.795296,32.187466,36.826454,38.568665,36.226814,33.419052,30.310228,29.677633,27.005573,30.254644,28.255222,25.804615,30.340406,31.467781,33.727905,36.9614,37.88956,37.477226,38.49394,34.726913,31.747131,26.465025,26.325964,22.011324,23.188738,18.591496,21.677973,18.00749,20.153078,18.34463,21.126726,18.958916,19.341564,15.692972,18.682913,15.492018,21.10582,19.22229,23.55802,24.61032,27.288565,30.427326,31.270763,34.300606,36.562847,31.357088,29.81228,32.221497,30.688036,26.954172,26.771036,27.561562,24.99237,26.83094,24.799984,24.685715,21.51982,24.524374,19.432253,20.706635,20.661247,20.324305
11,31.905512,30.035679,26.195972,23.836378,20.654293,19.549528,15.85253,11.81359,9.550944,5.5167823,5.5698013,0.0,4.0448666,8.582196,6.4711657,8.704738,7.5884132,12.915033,12.846101,17.843462,19.50313,23.102343,25.82612,26.252747,31.490395,31.269995,33.61486,30.924917,26.968542,27.09033,23.268951,22.849052,18.510311,20.681566,15.567014,18.542593,16.135979,14.623635,18.533884,16.185642,21.995852,18.377542,23.092255,20.856676,27.08901,29.19182,32.073017,35.644188,34.546955,39.447815,34.315712,39.2887,41.298553,38.93038,36.651997,33.50474,32.631958,30.365885,33.902027,31.223795,28.659931,32.408443,33.25257,34.933353,38.26232,38.468025,37.506153,38.67016,34.33255,31.3884,27.023647,27.064554,23.41848,24.928247,20.857399,24.466358,21.310858,24.074947,22.128786,24.636457,21.834047,21.130907,17.633898,19.983095,16.48692,21.548998,19.388477,22.984436,24.047333,26.04164,29.3474,29.645391,32.113377,33.876663,28.248466,26.328098,29.409258,27.486237,24.219923,24.821182,25.60007,23.85282,26.073359,23.91971,22.95024,19.880615,21.67592,17.321114,17.419249,17.87358,16.66612
12,35.202347,33.120716,29.543316,26.799679,23.630959,22.10569,18.633183,14.450505,11.310805,8.651202,4.474116,4.0448666,0.0,5.0328965,5.7030683,8.421238,9.276389,14.082778,15.456048,19.958946,22.115925,25.855211,28.692148,28.522478,33.91458,33.35962,35.422176,32.529854,28.605429,27.96424,24.461065,22.710333,18.77444,19.710379,14.411805,16.869738,13.789568,12.335908,16.480099,14.599878,20.709593,18.251675,22.881144,21.563318,27.455416,30.26834,33.09071,36.78086,35.251156,40.043636,34.444088,39.472446,41.02047,38.224937,35.95728,32.990154,31.754915,29.13135,32.085785,29.55794,27.331064,31.385963,32.724228,34.499287,38.229763,38.294086,37.82572,39.397423,35.31051,31.965343,27.488077,26.889547,23.05507,23.84343,19.626099,22.3573,18.794003,21.318665,18.983189,21.203392,18.315681,18.074278,15.087279,18.027056,15.390915,20.565695,19.537134,23.437872,25.065891,27.469185,30.91436,31.786848,34.27585,36.02393,30.441113,28.472677,30.973606,28.704018,25.028341,25.397425,25.416195,23.380108,24.876282,22.438803,21.922619,19.01332,21.873707,17.65524,18.674221,19.544504,19.092695
13,38.89513,36.914642,33.45457,30.63075,27.240864,26.013332,21.976717,18.58711,14.831351,13.300476,8.309326,8.582196,5.0328965,0.0,5.521104,8.872465,10.991109,15.112129,17.82662,21.589043,24.566885,27.990795,31.318663,30.81174,36.19085,34.971653,37.09055,34.30358,30.746368,29.406683,26.790508,24.081345,21.168537,20.746433,15.787047,17.780691,13.923254,11.956604,15.661415,14.045193,20.10413,18.435148,22.64742,22.161743,27.461836,30.991646,33.284527,37.42219,35.72232,40.29919,34.376812,39.66755,40.63236,37.173264,35.393692,32.751156,30.763832,27.982693,30.23205,27.441786,25.69451,29.53159,31.398806,32.903706,37.242577,36.64722,36.6313,38.898212,34.965027,31.086374,27.093046,25.619015,22.071571,21.922949,18.065908,19.71251,16.158451,18.767889,15.965759,17.56796,14.203497,13.678294,11.631093,14.820546,13.555014,18.176449,18.809328,22.555225,25.000168,27.605177,31.255531,32.772667,34.97177,36.45512,30.914768,28.81424,30.568335,27.754042,23.736044,24.00499,22.950632,20.861193,21.453543,18.683094,18.542303,15.9854355,19.86192,16.2761,18.201393,19.764015,20.193714
14,34.639595,33.072052,29.37782,27.009996,23.347427,23.080214,18.030657,15.785872,12.343614,10.795085,8.686113,6.4711657,5.7030683,5.521104,0.0,5.7091455,5.968712,10.892518,12.949855,16.852076,19.956207,22.963835,26.605453,26.673206,31.864304,30.5914,33.247147,30.855474,27.517054,26.870918,24.43538,23.240921,20.352884,21.140512,16.440144,19.362968,16.138645,13.547797,16.796436,14.142227,19.908125,16.28106,20.585104,18.951174,24.638123,27.520607,29.571522,33.909843,32.826775,37.513214,32.12752,37.601757,39.03947,35.911106,34.425564,31.608137,29.77613,27.572886,30.664772,27.336779,25.110746,28.263203,29.49802,30.688627,34.7146,33.988827,33.336727,35.33704,31.003006,27.399786,23.784035,22.898376,19.758402,20.527496,17.023762,20.139332,17.465229,20.763052,18.684708,20.816996,17.587189,15.791232,12.580124,14.491625,11.703778,16.156519,15.449037,18.765972,20.854424,23.027489,26.693958,27.81732,29.864073,31.28408,25.643742,23.55225,25.696173,23.1742,19.403355,19.898537,19.781374,17.987799,19.764174,17.473,16.627361,13.593789,16.20135,12.074222,13.262188,14.577767,14.702448
15,31.387537,29.548317,26.397682,23.495907,19.836334,19.469397,14.429831,13.018267,8.90845,10.249483,8.426611,8.704738,8.421238,8.872465,5.7091455,0.0,4.62567,6.3557377,10.031525,13.029822,16.172016,19.743912,22.967312,22.111095,27.4606,26.126823,28.25797,25.623793,22.297926,21.268013,19.162268,17.883144,15.654941,16.4323,12.410969,15.752193,13.189712,10.162212,12.619696,9.425164,14.774979,10.644767,15.101069,13.577559,19.324831,22.33434,24.833359,28.800728,27.400957,32.120064,26.645634,32.000763,33.558716,30.72275,28.991453,26.065128,24.549042,22.480907,26.106411,22.94064,20.33862,23.75633,24.702522,26.343012,29.938332,30.06229,29.498981,30.997805,27.024954,23.686619,19.079403,18.594519,14.878392,16.241999,12.358814,16.484043,14.179585,17.56897,16.405458,19.33088,16.94114,15.303286,10.708647,12.156973,7.9337735,13.220311,11.168655,15.292323,16.86732,19.628572,23.038795,24.515692,27.254095,29.37965,24.37232,22.980177,24.540653,23.18342,19.170055,18.529202,19.684288,16.864977,19.309076,17.885717,17.82872,14.374703,17.34655,11.532728,13.68789,13.3723545,14.381313
16,28.917427,27.526762,23.866917,21.664814,17.828243,18.35,12.514335,11.782238,8.866097,8.702357,9.9258795,7.5884132,9.276389,10.991109,5.968712,4.62567,0.0,5.996873,6.982961,11.139367,14.014923,17.10143,20.638868,20.91621,26.028215,24.963846,27.789467,25.587791,22.329233,22.409565,19.990173,20.43434,17.643486,19.748625,15.735972,19.344694,17.16896,14.448838,16.991886,13.689515,18.58753,13.213456,17.528788,14.62337,20.74644,22.749846,25.024069,29.100798,28.446465,33.262127,28.46081,33.820282,35.866657,33.418156,31.867863,28.8164,27.577286,25.960781,29.999443,26.600769,23.80046,26.581247,26.98854,28.244587,31.503893,31.379631,30.12249,31.34483,26.857222,23.908417,19.981293,20.199406,17.147346,19.218122,15.909041,20.54688,18.649624,22.136574,20.99418,23.805899,21.179626,19.11439,14.793016,15.636708,11.15066,15.518352,12.388788,15.572456,16.580523,18.517185,21.92952,22.57741,25.008646,26.888342,21.508913,19.90816,22.393454,21.0704,17.641798,17.730755,19.500536,17.519445,20.67538,19.337917,18.384436,14.960417,16.236792,10.789532,11.228665,10.78397,10.598501
17,26.597857,25.17436,22.23277,19.668827,15.767957,16.858217,10.63252,12.297213,9.356912,12.286643,13.382519,12.915033,14.082778,15.112129,10.892518,6.3557377,5.996873,0.0,5.6329446,6.81045,10.462816,13.742942,17.13643,16.310492,21.463717,19.884657,22.413391,20.231386,17.401894,17.10116,15.847799,16.745691,15.463713,17.416964,14.869723,18.57854,17.187803,14.201778,15.225603,11.640316,14.885346,8.270134,12.10102,8.686835,14.80396,16.825497,19.221928,23.211058,22.479866,27.274155,22.579954,27.98882,30.139717,27.929348,26.54066,23.494715,22.392069,21.290098,25.878935,22.39762,19.27196,21.667065,21.56517,22.990675,25.792416,26.273605,24.984436,25.779806,21.587305,18.906189,14.244345,15.043194,11.928247,14.899921,12.053041,17.664282,16.834024,20.357372,20.244753,23.452862,21.582548,19.304459,14.362695,14.071269,8.768553,12.550494,7.5118194,11.074841,11.367742,13.923219,17.079346,18.330858,21.408651,23.98232,19.51411,18.801094,20.237364,20.236155,16.682129,15.451022,18.56448,15.745189,19.553751,19.241077,18.982384,15.468095,16.886765,10.401985,11.935601,9.631908,11.088206
18,22.355106,21.323933,17.750502,15.983528,11.936558,14.099896,7.096988,10.010015,9.16505,10.830912,14.724097,12.846101,15.456048,17.82662,12.949855,10.031525,6.982961,5.6329446,0.0,5.370783,7.182213,10.399252,13.676592,14.506343,19.381884,18.755543,21.883802,20.090765,17.085646,18.517054,16.266233,19.29581,16.928143,20.527828,17.802343,21.689201,20.765043,18.280174,19.854698,16.407515,19.622656,12.846466,16.401854,11.816639,17.945396,18.283813,20.813757,24.3126,24.399773,29.26255,25.528461,30.517838,33.372288,31.930649,30.359808,27.129671,26.755293,25.990135,30.9395,27.637821,24.349756,26.468037,25.77023,27.02648,29.082933,29.766193,27.709177,27.752998,23.183529,21.418102,17.370644,19.231047,16.701714,20.179804,17.547585,23.264181,22.28072,25.671286,25.431623,28.671728,26.627121,24.447475,19.639484,19.52706,14.307369,17.698675,12.197588,14.454176,13.501475,14.734597,17.431244,17.115843,20.120176,22.66541,17.983912,17.295746,20.146393,20.601252,18.042868,17.647873,21.444702,19.532396,23.7808,23.416998,22.41187,19.021324,18.847637,13.176352,12.540594,9.691025,8.898345
19,21.309511,20.640947,17.852715,16.218424,12.320179,15.514626,8.7397375,13.71813,12.869851,15.844065,19.0161,17.843462,19.958946,21.589043,16.852076,13.029822,11.139367,6.81045,5.370783,0.0,4.790047,7.0242453,10.765799,10.85738,15.440836,13.908714,17.34945,16.08821,14.069017,15.540626,15.031881,18.79961,18.036873,21.240696,19.751745,23.505964,22.973883,20.287825,20.736374,17.29996,18.926384,11.665076,13.822747,8.572427,13.826233,13.450861,15.586245,19.235731,19.794277,24.514935,21.363188,26.39849,29.389435,28.207119,27.155329,24.089516,23.739939,23.715914,28.972914,25.484234,22.097275,23.281612,21.926418,22.9436,24.433134,25.337511,22.957483,22.56125,18.049246,16.805256,12.895011,15.5974045,13.911483,18.015652,16.449812,22.471556,22.542933,25.933945,26.383055,29.681103,28.063278,25.508675,20.634516,19.531376,14.405019,16.429115,10.001979,11.175271,8.94625,10.033011,12.32412,12.342401,15.886421,19.02975,15.372625,15.633869,17.407642,19.165434,16.838722,15.50065,20.412891,18.258139,22.960833,23.446539,22.778938,19.554361,19.094337,13.3834095,13.268809,9.221638,10.017989
20,16.576342,15.871114,13.159736,11.740124,8.012684,12.16974,6.1759214,12.50306,13.205188,16.247986,20.547369,19.50313,22.115925,24.566885,19.956207,16.172016,14.014923,10.462816,7.182213,4.790047,0.0,5.1364064,6.7979064,7.6145773,12.244288,12.262689,15.382041,14.0865755,11.709756,14.740123,13.323376,18.838991,17.601759,21.93006,20.813036,24.528625,24.701183,22.518127,23.054966,19.863106,21.144175,14.268793,16.271084,10.936281,15.739754,13.926015,16.863125,19.169682,19.993958,24.701138,22.324978,26.584536,30.219156,29.966848,28.373747,25.133266,25.756907,25.908667,31.479927,28.531393,24.982033,26.416918,24.635279,25.989302,26.536804,28.371069,25.733286,24.298786,20.155989,19.968006,15.792398,19.258114,17.404747,21.782425,19.970898,26.070526,25.922571,28.998695,29.600069,33.113007,31.69995,29.58628,24.556185,23.804043,18.557474,20.961737,14.383954,15.575377,12.579567,13.077816,14.234837,12.95711,16.944395,20.477299,17.490053,18.167217,20.526329,22.870178,21.09402,19.933788,25.067036,23.026604,27.746243,28.201714,27.475266,24.226734,23.53754,18.012672,17.35131,13.32529,12.946295
21,16.476288,17.092167,14.4557905,14.617246,11.489039,16.537992,10.9519205,17.217691,17.996647,20.366592,24.86892,23.102343,25.855211,27.990795,22.963835,19.743912,17.10143,13.742942,10.399252,7.0242453,5.1364064,0.0,5.307528,8.627176,11.149381,10.461277,15.075015,15.289544,14.429336,17.839035,17.623878,23.383837,22.644073,26.729158,25.706087,29.430895,29.389761,26.959034,27.33598,24.023882,25.026686,17.946022,19.188833,13.810042,17.37729,14.598548,16.064608,18.68663,20.75602,24.997648,23.731556,27.954601,31.66975,31.532059,30.723186,27.760565,28.115204,28.816462,34.35671,31.002377,27.572605,27.92882,25.715528,26.299929,26.504189,27.674067,24.325033,22.678967,18.163206,18.694977,16.321129,20.054842,19.471647,23.853287,22.93805,28.975554,29.380335,32.671535,33.316246,36.649525,35.07679,32.39935,27.600662,26.246937,21.274998,22.56055,16.173752,15.785804,12.312585,11.161886,11.597185,8.896929,12.459871,15.94693,13.618682,14.922415,17.363617,20.575243,19.779123,18.856125,24.55667,23.22216,28.259005,29.108507,28.022509,25.110794,23.24495,18.688618,17.220863,12.980121,12.4607725
22,11.679386,12.331583,10.664538,11.167392,9.242518,14.5788965,11.190722,17.64313,19.329796,22.150803,27.00613,25.82612,28.692148,31.318663,26.605453,22.967312,20.638868,17.13643,13.676592,10.765799,6.7979064,5.307528,0.0,5.759427,7.189372,8.961574,12.459941,12.727864,11.973519,16.59837,16.034283,22.999727,22.312738,27.010326,26.654488,30.182192,30.871752,28.895197,29.075048,26.072058,26.445896,19.923347,20.842983,15.713394,18.652487,14.801977,17.192577,18.039036,20.133274,24.188005,23.715263,26.964613,31.24577,32.09569,30.727118,27.685305,29.017687,29.9162,35.697838,32.96851,29.415379,30.068687,27.489391,28.565018,27.787172,30.15731,26.852531,24.131804,20.451925,21.877903,18.774101,23.058657,22.126837,26.731651,25.609303,31.685816,32.00661,34.926285,35.87116,39.43339,38.22346,36.021008,31.014978,29.912567,24.819351,26.484886,19.845575,19.919563,16.013449,15.211283,14.656041,11.692417,15.643097,19.50409,18.272182,19.90125,22.195196,25.771072,25.0151,23.840359,29.612255,27.96479,32.929237,33.818752,32.971268,29.944372,28.44822,23.581312,22.363829,18.135817,17.438189
23,14.146885,13.349948,13.123535,11.555743,9.904315,13.720931,11.282803,17.406342,18.407904,22.500847,26.271303,26.252747,28.522478,30.81174,26.673206,22.111095,20.91621,16.310492,14.506343,10.85738,7.6145773,8.627176,5.759427,0.0,5.5679736,6.9034915,8.257007,7.2487483,6.4418583,11.029194,11.504088,18.47394,18.937975,23.109064,23.739273,26.949684,28.10088,26.28939,25.747581,23.102407,22.383131,16.609962,16.758575,12.287733,14.314896,10.275374,13.956554,13.878174,15.076289,19.346928,18.546656,21.525335,25.883604,27.041039,25.301266,22.243057,24.05042,25.094582,30.951176,28.696875,25.125938,26.036171,23.338573,25.025635,23.82917,27.285652,24.576754,21.508837,18.69171,20.117434,15.660504,20.163263,18.831154,23.481586,22.421146,28.32031,28.893805,31.426294,32.8534,36.524498,35.858585,34.028816,28.954258,27.822172,22.920717,24.594242,17.977968,18.638597,14.598489,14.980095,14.234216,12.992456,17.720648,22.064095,21.170113,22.886156,24.084036,27.665556,26.161304,24.15692,29.812616,27.378103,32.062798,33.142384,32.95312,29.828035,29.408337,23.861784,23.81955,19.505007,19.885683
24,13.061679,13.512053,14.450686,14.318375,13.782263,17.964346,16.298628,22.505537,23.858303,27.689417,31.764042,31.490395,33.91458,36.19085,31.864304,27.4606,26.028215,21.463717,19.381884,15.440836,12.244288,11.149381,7.189372,5.5679736,0.0,5.1494694,6.2886586,8.118044,9.934448,14.592912,16.028542,23.16917,24.056683,28.163622,29.161003,32.249653,33.55811,31.763437,31.001791,28.43178,27.216433,21.692984,21.134773,17.010683,17.552402,12.341562,14.745952,13.265435,15.845115,19.079563,20.254787,22.235222,26.933218,28.920286,27.66582,24.991283,27.098112,28.766848,34.57275,32.39497,28.961115,29.033941,25.77762,27.029173,24.777246,28.44464,25.241001,21.184631,18.980417,21.675314,18.544952,23.341501,22.917854,27.530973,27.120668,32.87659,33.871544,36.35347,37.98273,41.604675,41.028095,39.001995,34.020527,32.5454,27.831501,28.833012,22.366035,22.110556,17.716492,17.11541,15.156345,13.0138445,17.285494,21.665289,22.227184,24.553825,25.46748,29.84915,29.05931,27.05373,33.074776,30.9871,35.80846,37.236816,36.946114,34.027374,32.99904,27.987488,27.57976,23.170935,23.449528
25,17.80402,18.279434,18.47266,17.98031,16.449934,20.614687,17.441322,23.754326,24.20891,28.198212,31.608091,31.269995,33.35962,34.971653,30.5914,26.126823,24.963846,19.884657,18.755543,13.908714,12.262689,10.461277,8.961574,6.9034915,5.1494694,0.0,5.6577682,8.346242,11.061366,14.206106,17.09743,23.147356,24.760693,27.995989,28.984707,32.107006,32.97217,30.776192,29.672018,26.985676,25.484571,19.812025,18.602783,14.68554,14.235623,8.88933,9.978452,9.658742,13.0067625,16.232052,17.35437,20.163813,24.404558,25.745695,25.359718,22.955414,24.257128,26.236044,31.874912,29.210527,25.935225,25.18921,21.785612,22.523603,20.406122,23.5269,20.154554,16.2543,13.834261,16.714796,14.367441,19.176811,19.59136,24.07305,24.413145,29.99385,31.542593,34.197594,35.9243,39.34766,38.757282,36.317986,31.565565,29.564133,25.2243,25.344809,19.22893,18.203167,13.724222,12.8905525,10.445682,9.19146,13.647655,18.192226,19.183348,21.731058,21.67362,26.291353,25.477398,23.098236,29.188364,27.119587,31.899073,33.66964,33.519066,30.82582,29.766954,25.048897,25.007378,20.61292,21.713528
26,18.644176,18.268232,19.7341,18.421635,17.74927,20.790384,19.274666,25.027384,25.508308,30.147133,33.075516,33.61486,35.422176,37.09055,33.247147,28.25797,27.789467,22.413391,21.883802,17.34945,15.382041,15.075015,12.459941,8.257007,6.2886586,5.6577682,0.0,4.4502363,8.902356,11.625757,15.377731,21.33553,23.78738,26.734596,28.7143,31.378864,32.899982,31.12938,29.509531,27.34658,24.834576,20.411982,18.5567,15.768906,14.116603,8.596172,11.172434,7.753335,10.071547,12.90253,14.795347,16.16946,20.916866,23.378464,22.344994,20.050787,22.426258,24.644302,30.271175,28.474028,25.262331,24.904821,21.324436,22.848711,19.750486,24.49609,21.871649,17.274467,16.481964,19.461134,15.918255,20.6797,20.560564,24.885786,25.115408,30.336554,31.934835,34.033123,36.19284,39.731052,39.69456,37.815536,33.026062,31.244335,27.094713,27.499773,21.588556,21.313644,17.051172,17.224571,14.89466,14.649766,19.057379,23.595327,24.68385,27.138084,26.805212,31.264378,30.00073,27.234282,33.063583,30.433956,34.88094,36.672626,36.99869,34.198948,33.951862,28.744507,29.32959,24.977367,26.274044
27,18.662888,17.278929,18.682066,16.33369,15.645827,17.711857,16.835936,21.977308,22.315655,27.296461,29.838509,30.924917,32.529854,34.30358,30.855474,25.623793,25.587791,20.231386,20.090765,16.08821,14.0865755,15.289544,12.727864,7.2487483,8.118044,8.346242,4.4502363,0.0,4.8505144,7.4496384,11.110058,17.046202,19.589586,22.532692,24.750294,27.261534,29.041668,27.52381,25.87557,23.9311,21.337605,17.391079,15.807247,13.353962,12.354124,7.8233833,12.255429,9.443357,9.475355,13.284166,13.332716,14.936255,19.683485,21.958328,19.975939,17.25592,20.064781,21.797659,27.547829,26.130905,22.782623,23.438908,20.289444,22.562874,20.061094,25.184698,23.187582,19.24545,18.293682,20.29522,15.258882,19.771486,18.619303,22.92687,22.500359,27.70182,28.908957,30.778246,32.95228,36.60646,36.728848,35.28925,30.399788,29.041794,24.808533,25.92203,19.982672,20.706291,16.78971,17.906162,16.438099,16.70884,21.452326,26.003132,26.126255,28.153797,28.10754,31.972523,30.12458,27.3157,32.79372,29.753038,33.989456,35.476707,36.008358,33.007267,33.44359,27.714441,28.689112,24.456358,25.760038
28,17.499197,15.262386,16.137022,12.86132,12.013384,13.207472,12.932065,17.487307,17.985443,23.046686,25.633236,26.968542,28.605429,30.746368,27.517054,22.297926,22.329233,17.401894,17.085646,14.069017,11.709756,14.429336,11.973519,6.4418583,9.934448,11.061366,8.902356,4.8505144,0.0,5.5069656,6.5587597,13.455187,15.101518,18.747295,20.620977,23.238659,25.144918,23.86001,22.662746,20.717531,18.851305,14.801036,14.389465,11.597685,12.715397,9.77768,14.958888,13.551882,12.605386,16.986456,15.249098,17.453377,21.843119,23.473038,20.67179,17.448315,20.246431,21.097176,26.929008,25.634104,22.10274,23.934658,21.45935,24.14666,22.678404,27.424587,25.703447,22.57968,20.903818,21.93403,15.960223,20.070398,17.788763,22.114117,20.67197,26.07375,26.538288,28.386225,30.261072,34.054436,34.04694,32.97605,27.920313,27.16446,22.608854,24.740387,18.623552,20.366346,16.872252,18.544418,18.039572,18.187258,23.054003,27.48015,26.497997,28.012964,28.662954,31.853168,29.617,27.106403,32.23729,29.054758,33.199757,34.204575,34.66749,31.436563,32.245777,26.12476,27.104246,23.0526,23.978437
29,22.96391,20.507517,21.183802,17.422962,16.153769,16.193714,15.555533,18.964914,18.241323,23.815536,24.911606,27.09033,27.96424,29.406683,26.870918,21.268013,22.409565,17.10116,18.517054,15.540626,14.740123,17.839035,16.59837,11.029194,14.592912,14.206106,11.625757,7.4496384,5.5069656,0.0,6.354866,9.855594,13.49986,15.378049,18.19749,20.320557,22.302624,21.05498,19.01098,17.570192,14.449449,11.977125,10.524071,9.828755,9.58881,8.878116,14.26866,13.138199,10.2570305,14.751825,11.227259,13.824853,17.583239,18.728624,15.483598,12.118441,15.058638,15.785665,21.56217,20.66447,17.237896,19.552515,17.43179,20.748474,19.605463,24.794516,23.998718,21.461285,20.455885,20.753391,13.965416,17.323643,14.562423,18.37147,17.041555,21.841026,22.594091,24.028492,26.321606,30.045155,30.52609,29.755873,24.9319,24.143347,20.219643,22.165592,16.914028,19.1821,16.440948,19.06354,18.945295,20.43943,25.206474,29.527355,28.411299,29.742418,29.629833,32.410515,29.592958,26.615538,31.166542,27.455584,31.04035,32.118633,33.164368,30.026903,31.7892,25.513683,27.4569,23.748526,25.468163
30,20.59113,17.37914,17.600119,13.098228,12.106621,10.513329,11.63321,13.766306,13.817135,19.250248,20.916128,23.268951,24.461065,26.790508,24.43538,19.162268,19.990173,15.847799,16.266233,15.031881,13.323376,17.623878,16.034283,11.504088,16.028542,17.09743,15.377731,11.110058,6.5587597,6.354866,0.0,7.888072,8.691021,12.79734,14.756598,17.134092,19.477446,18.776617,17.870022,16.40263,15.100238,12.362833,13.293832,11.606737,14.355175,13.936322,19.325766,18.798128,16.524195,21.035364,17.414473,19.862734,23.462519,24.31742,20.482409,16.936665,19.700325,19.308954,24.832294,24.106167,20.622957,24.06259,22.621937,25.92986,25.556372,30.112436,29.142796,26.984695,25.126734,24.981201,18.095047,21.124462,17.447535,21.173573,18.461563,23.475353,22.953085,24.38677,26.025333,29.923403,30.06083,29.80164,24.767733,24.938955,20.482626,23.85152,18.347237,21.493826,19.06341,21.617155,22.15988,22.776245,27.542778,31.70732,29.619957,30.461807,31.47647,33.661663,30.75096,28.42754,32.699566,29.154465,32.75936,33.162434,33.852795,30.44976,32.241665,25.724424,27.184917,23.714176,24.512104
31,28.360186,25.01057,24.87798,20.189278,18.784218,16.060867,16.593573,16.348751,14.497416,20.028578,18.990522,22.849052,22.710333,24.081345,23.240921,17.883144,20.43434,16.745691,19.29581,18.79961,18.838991,23.383837,22.999727,18.47394,23.16917,23.147356,21.33553,17.046202,13.455187,9.855594,7.888072,0.0,6.067217,5.7323236,9.735946,10.898413,13.698447,13.579721,11.65182,11.561383,9.204571,10.559055,11.478544,12.882555,15.038994,17.316435,22.253933,22.405558,18.754446,22.88427,17.424652,20.08986,22.172842,21.802137,17.28969,13.908005,16.087416,14.320795,19.007526,19.184118,16.159258,21.105927,20.937565,24.839397,25.525267,29.918154,30.166246,29.11438,27.72919,26.442003,19.127234,20.50884,15.929513,18.184505,14.803267,18.349112,17.307808,17.803524,19.731604,23.565687,24.412457,25.114132,20.58002,21.393888,18.081715,21.814188,18.14491,22.221,21.195805,24.675892,25.890865,27.695051,32.22456,36.116623,33.56231,33.962273,34.363342,35.660366,31.984623,29.406788,32.473408,28.367495,30.915611,31.018768,32.43778,29.181627,32.426533,25.883377,28.497805,25.833633,27.34445
32,26.61764,23.076393,22.205374,17.459978,16.045181,12.210812,13.563282,11.389371,10.014854,15.080621,14.617089,18.510311,18.77444,21.168537,20.352884,15.654941,17.643486,15.463713,16.928143,18.036873,17.601759,22.644073,22.312738,18.937975,24.056683,24.760693,23.78738,19.589586,15.101518,13.49986,8.691021,6.067217,0.0,6.302043,6.9552827,9.0729065,11.8017,12.151999,12.327836,11.736497,12.527034,12.134856,14.971646,14.719403,18.816113,20.55032,25.522589,26.179039,23.282299,27.779667,22.657024,25.619518,28.040207,27.55994,23.285736,19.864605,21.612661,19.582535,24.019146,23.712292,20.659668,25.670267,25.655525,29.184309,30.308258,34.016273,33.786423,32.90363,30.669964,29.207912,22.136053,23.602526,18.830187,21.264957,17.093664,21.026777,18.875929,19.780657,20.64872,24.48995,24.600872,25.468235,20.797556,22.391014,18.505178,23.276367,19.275278,23.663868,22.745235,25.915281,27.563328,28.610916,33.011143,36.684193,33.368965,33.347027,34.726467,35.53527,31.949005,30.06748,32.96536,29.249453,31.952438,31.465172,32.344944,28.911676,31.85807,25.339449,27.292477,24.920372,25.541475
33,32.41204,28.967386,28.226734,23.516075,21.849087,18.449076,18.786037,16.64924,13.95737,18.718557,15.930092,20.681566,19.710379,20.746433,21.140512,16.4323,19.748625,17.416964,20.527828,21.240696,21.93006,26.729158,27.010326,23.109064,28.163622,27.995989,26.734596,22.532692,18.747295,15.378049,12.79734,5.7323236,6.302043,0.0,5.4230433,5.2985992,8.494926,9.349492,7.9064035,9.068593,8.597133,11.901852,13.961948,15.905103,18.817242,21.997822,26.53878,27.456514,23.764833,27.840576,21.813057,24.810888,26.117958,24.782461,20.40147,17.408577,18.479542,15.620491,19.066578,19.454996,16.974098,22.735493,23.571827,27.376305,29.07611,32.676872,33.33943,33.128735,31.445845,29.381174,22.279732,22.624636,17.643589,18.80127,14.595904,16.940945,14.604786,14.540208,15.850435,19.590181,20.502459,22.104538,18.043425,19.884354,17.291355,21.750347,19.365932,23.992025,23.928644,27.625448,29.464422,31.441319,35.695576,39.24491,35.989273,35.869137,36.454987,36.872334,32.83399,30.583338,32.662567,28.536182,30.37099,29.871181,31.436613,28.264101,32.249115,25.911242,28.821642,26.928497,28.354153
34,32.336662,29.09881,27.478268,23.060163,20.899893,17.553158,17.007738,13.601875,10.25991,14.150653,10.57991,15.567014,14.411805,15.787047,16.440144,12.410969,15.735972,14.869723,17.802343,19.751745,20.813036,25.706087,26.654488,23.739273,29.161003,28.984707,28.7143,24.750294,20.620977,18.19749,14.756598,9.735946,6.9552827,5.4230433,0.0,3.8904965,4.915683,5.6151133,7.0708637,7.2487063,10.462797,11.7849865,15.346416,16.215801,20.56482,23.759533,28.001547,29.807924,26.72438,31.169357,25.135128,28.880579,30.308474,28.45793,24.682213,21.629084,21.879736,18.92027,22.22337,21.639866,19.146185,24.700558,25.78474,29.092178,31.506598,34.119133,34.465992,34.772583,32.297817,29.782734,23.105127,23.17327,18.13534,19.237799,14.453657,17.12173,13.830977,14.604813,14.625004,18.298986,18.212366,19.692339,15.545659,18.086206,15.200221,20.470293,18.281479,23.135454,23.552477,27.07857,29.468338,31.146015,35.076157,38.249725,34.26726,33.667114,34.818398,34.56083,30.485607,28.826609,30.441715,26.662802,28.448614,27.392223,28.54458,25.3046,29.232555,23.091513,25.698313,24.350998,25.335596
35,35.43056,31.98265,30.6768,26.103909,24.270517,20.509277,20.685429,17.047808,13.98178,17.448603,13.177229,18.542593,16.869738,17.780691,19.362968,15.752193,19.344694,18.57854,21.689201,23.505964,24.528625,29.430895,30.182192,26.949684,32.249653,32.107006,31.378864,27.261534,23.238659,20.320557,17.134092,10.898413,9.0729065,5.2985992,3.8904965,0.0,4.3079023,6.925623,7.522991,9.333049,11.430507,14.669752,17.588406,19.290764,22.93393,26.401386,30.682415,32.17669,28.669449,32.829178,26.611061,29.903666,30.91576,29.022478,24.92011,22.141378,22.499733,19.187529,21.694767,21.937246,19.894505,25.836733,27.255993,30.796345,33.201935,36.062603,36.828068,37.1925,35.107697,32.538048,25.778082,25.534878,20.483,20.984655,16.341772,17.808624,14.278374,13.9671335,14.089909,17.507149,18.09695,20.481882,17.007936,19.836657,17.797558,22.809784,21.330713,26.18979,26.769358,30.439444,32.748688,34.64287,38.62524,41.84282,37.95997,37.369087,38.30674,37.958767,33.757076,31.97694,33.244205,29.32366,30.628815,29.503172,30.976492,27.907652,32.273808,26.293192,29.167133,27.985579,29.108389
