,0,1,2,3,4,5,6,7,8,9,10,11,12,13,14,15,16,17,18,19,20,21,22,23,24,25,26,27,28,29,30,31,32,33,34,35,36,37,38,39,40,41,42,43,44,45,46,47,48,49,50,51,52,53,54,55,56,57,58,59,60,61,62,63,64,65,66,67,68,69,70,71,72,73,74,75,76,77,78,79,80,81,82,83,84,85,86,87,88,89,90,91,92,93,94,95,96,97,98,99,100,101,102,103,104,105,106
0,0.0,4.3092604,6.3165092,9.442559,11.999802,14.273905,17.62421,21.559599,24.712563,27.514793,31.394688,31.652147,30.788605,31.537157,27.817068,28.423407,26.613703,25.419716,27.201178,24.190979,27.511871,25.776007,30.314312,30.279533,29.77354,26.400576,30.053415,31.609783,27.060856,30.884558,29.726263,33.46967,37.24972,36.39137,39.72295,41.142025,44.594265,44.19117,40.81381,37.571148,40.11593,36.255653,34.729324,31.72644,34.870075,30.007978,31.945274,29.967764,32.010647,33.76835,33.55521,37.027214,35.701244,39.400505,37.85644,41.670044,38.010887,40.58786,41.49558,40.440567,37.070904,37.16462,33.234703,31.160027,28.902761,25.574942,25.822853,21.57067,21.23718,16.551657,17.331945,20.993456,21.052244,26.975063,26.981468,30.428879,33.050293,34.2252,37.438183,38.715355,39.09313,35.766773,33.15589,30.56359,26.583923,26.903606,21.655367,21.623222,18.588589,20.4922,17.832836,17.925406,17.297218,14.183017,11.091554,11.896821,13.411961,15.883743,17.12119,20.239576,20.472649,18.31841,21.755178,20.33702,20.558935,23.073824,22.711372
1,4.3092604,0.0,5.314915,6.505679,8.713254,12.113016,14.411413,19.266413,21.709362,24.943848,28.440315,29.150248,28.247286,28.582182,24.907402,24.977497,23.13275,21.55021,23.357155,20.089226,23.406586,21.94746,26.360926,26.177176,25.965715,22.638172,26.11046,27.478298,22.76583,26.583326,25.456625,29.231003,33.167877,32.46381,35.745434,37.351,40.693764,40.15254,36.76352,33.455505,35.9286,31.96595,30.507132,27.46353,30.611347,25.801697,27.8623,26.04135,28.233854,30.000435,29.679583,33.3096,32.18157,35.712986,33.922123,37.700302,33.966312,36.466396,37.483223,36.624016,33.220516,33.591717,29.573011,27.830961,25.728312,22.611141,23.25183,19.00558,18.980875,14.147716,13.923369,17.379347,17.40524,23.20627,23.552479,26.711805,29.634315,30.755129,33.99807,35.511177,35.683956,32.204777,29.806364,26.980848,22.99524,23.0122,17.772232,17.36366,14.353264,16.405985,14.116688,14.536425,14.472412,10.790684,7.407379,7.795603,9.443082,11.679174,13.425412,16.777966,17.055458,14.667626,18.647945,16.718462,17.613684,19.95206,20.262897
2,6.3165092,5.314915,0.0,5.181661,6.71241,8.453363,11.874665,15.406672,18.816137,21.356743,25.546772,25.889019,25.528814,26.46171,23.302643,23.867249,23.074526,21.735514,24.66614,21.913,25.696072,25.040564,29.471325,29.043257,29.55274,26.182606,28.919912,29.959919,24.379213,28.137619,26.040457,30.364689,33.10424,32.80038,35.62143,37.00877,40.73211,40.215843,37.285435,34.38807,36.262833,32.85221,30.680672,28.066063,31.798542,27.238605,29.73141,28.22069,30.207258,31.40117,30.547497,33.894432,32.03086,35.405594,33.795254,37.318535,33.50798,36.15028,36.620544,35.28748,31.934313,31.971666,28.416811,26.129519,24.774685,20.831287,21.648735,17.261168,18.334667,13.16565,12.841188,17.053205,16.17747,22.433235,21.397713,25.122597,27.319096,28.473473,31.636631,32.71875,33.337425,30.153929,27.57076,25.155085,21.10494,22.077724,16.731052,18.074154,15.6544895,18.351212,16.66054,17.99839,17.426397,13.057151,10.841399,9.8335905,13.218145,13.716936,16.289186,19.707125,18.920382,16.068718,18.703693,16.027313,15.9203205,17.742775,17.040165
3,9.442559,6.505679,5.181661,0.0,3.8643868,6.048375,9.017052,13.273349,15.658616,18.922453,22.213104,22.703182,21.75926,22.238144,18.731846,19.12522,17.955341,16.750425,19.605347,17.226774,21.20758,20.760048,25.419321,25.334396,26.499863,23.675062,26.370644,26.829287,20.799519,24.096716,22.073393,25.836346,28.528961,27.8304,30.866228,32.139343,35.819584,35.46847,32.414356,29.561184,31.754862,28.645378,26.600695,24.476492,28.462975,24.247896,27.121086,26.053654,28.446379,29.74046,28.643652,32.342422,30.875393,33.770653,31.493547,34.759438,30.539997,32.85566,33.287823,32.517952,28.98896,29.96435,26.491226,24.876312,24.287653,20.55381,22.231228,17.943745,19.712759,14.534366,11.995066,15.864538,14.257141,20.41782,19.214872,22.371407,24.905287,25.571089,28.671827,29.911505,29.949974,26.718863,23.812124,21.316402,17.577337,17.894825,13.228664,14.38433,12.782996,16.103891,15.487063,17.070631,17.661892,12.9324665,10.339311,8.404447,10.361266,9.539112,11.952624,15.259742,13.989922,11.037522,13.598681,11.147903,11.338851,13.66544,13.808837
4,11.999802,8.713254,6.71241,3.8643868,0.0,5.29645,5.7103205,11.09311,13.085251,16.40301,19.925364,21.030664,20.723593,21.027687,18.195612,17.895325,17.595663,15.673933,19.270733,16.552845,20.502602,20.844902,24.939253,24.249903,25.734749,22.716578,24.674665,25.047846,18.722025,22.219154,19.644903,24.157988,26.506647,26.593668,29.133478,30.713978,34.40644,33.707687,30.954168,28.177338,29.69573,26.483717,24.086437,21.789965,25.89711,21.738464,24.735094,23.815275,25.999632,26.930254,25.576565,29.105,27.364359,30.204792,28.067636,31.3196,27.217995,29.705128,30.08621,29.025326,25.566404,26.225044,22.77177,21.034197,20.633997,16.79173,18.69816,14.497547,16.844845,11.790816,8.459789,12.446144,10.527175,16.791185,15.511781,18.844887,21.354208,22.285158,25.475294,26.840889,27.136969,23.774307,21.401888,18.695135,14.6103115,15.393798,10.078884,11.984205,10.518721,14.002862,13.870125,16.149109,16.520016,11.522582,10.111375,7.322064,11.007016,9.196271,12.9688835,16.382452,15.018324,11.675872,14.247549,10.015275,10.886604,11.955244,12.429874
5,14.273905,12.113016,8.453363,6.048375,5.29645,0.0,6.1022058,7.53522,11.014252,13.494459,17.39331,17.455921,17.178541,18.335184,15.715592,16.678478,17.169502,16.377234,20.574774,19.116503,23.363886,23.976814,28.38758,28.066868,30.130472,27.478273,29.256336,29.176317,22.339928,25.22652,22.090519,26.212572,27.17765,26.981451,29.324413,30.267374,34.354557,34.06116,31.667599,29.45662,30.851124,28.656046,25.791666,24.505104,29.132254,25.532114,28.894552,28.359632,30.552176,31.186573,29.422916,32.79148,30.654379,33.062344,30.796259,33.540276,29.168673,31.472982,31.156555,30.010633,26.559391,27.4998,24.808073,22.87271,23.674541,19.235922,21.489729,17.442957,20.654188,15.688281,12.359525,16.388256,13.420834,19.537281,16.321375,19.845604,21.393576,21.830122,24.724985,25.412525,25.816406,23.035067,19.77666,17.93195,14.408292,15.939891,11.932009,15.408004,15.042925,18.802988,19.091875,21.421957,21.772749,16.77143,15.252886,12.593347,15.452494,13.0278425,15.9281025,18.87365,16.478985,13.375622,13.639832,10.188544,8.717416,9.89112,8.590089
6,17.62421,14.411413,11.874665,9.017052,5.7103205,6.1022058,0.0,6.9177732,7.6806965,11.153011,14.600675,16.304632,16.713774,16.878029,15.160824,14.316115,15.647466,13.478764,18.2978,16.241186,20.201729,21.80671,25.318201,24.267202,26.768217,24.113607,24.92548,24.595148,17.559906,20.527138,16.857815,21.81483,22.702457,23.586084,25.351322,26.938906,30.81991,29.946712,27.80256,25.538544,26.140863,23.625523,20.491652,18.942581,23.627323,20.246054,23.754026,23.550192,25.580584,25.846956,23.774712,27.057127,24.917791,27.08313,24.72258,27.444853,23.138378,25.566858,25.397966,24.15942,20.708693,21.621864,18.791582,17.172216,18.386955,14.2734165,17.174747,13.58957,17.436972,13.17229,8.190124,11.409328,7.743741,13.565753,10.536998,13.930996,15.974687,16.722258,19.862303,21.135593,21.55909,18.283947,16.086756,13.478356,9.293429,11.094542,6.2141776,10.664811,11.004817,14.746847,16.042345,19.015228,19.566498,14.695351,14.438493,11.192088,14.77479,11.309033,15.448956,18.383638,16.24128,12.871061,13.909623,8.070502,8.916085,7.8031282,8.684739
7,21.559599,19.266413,15.406672,13.273349,11.09311,7.53522,6.9177732,0.0,5.3951693,6.122507,10.96099,11.205739,12.611146,14.1994915,13.729592,14.463515,17.33417,16.577799,21.918499,21.27438,25.343042,27.245953,30.922514,30.156736,33.17241,30.810232,31.351461,30.618399,23.321384,25.548466,21.283913,25.724703,24.554771,25.406197,26.543356,27.303926,31.643536,31.188284,29.783312,28.403889,28.494236,27.39379,23.655159,23.418936,28.493483,25.89357,29.637945,29.818449,31.695007,31.513771,29.000343,31.846937,29.114439,30.677013,28.409918,30.344976,25.967604,28.145779,26.93005,25.366,22.17438,23.144552,21.649319,19.677584,22.421137,17.76561,20.800577,17.696257,22.291292,18.309095,14.188562,17.281733,13.185766,17.961882,12.438666,15.885934,15.983493,16.056664,18.571812,18.635244,19.549374,17.365202,14.164254,13.23733,10.414675,13.588684,11.342386,16.739248,17.797724,21.52577,22.913622,25.89536,26.217363,21.309975,20.899456,17.781986,21.08348,17.481012,20.830713,23.338173,20.33107,17.345211,15.960654,11.445821,9.471118,7.2828712,4.5258203
8,24.712563,21.709362,18.816137,15.658616,13.085251,11.014252,7.6806965,5.3951693,0.0,4.6005936,6.94299,9.117818,10.514631,10.760697,11.197946,10.445665,14.288894,13.088417,18.741793,18.493023,22.22138,24.89455,27.968044,27.074883,30.730682,28.87029,28.776018,27.460888,20.079437,21.625963,17.043983,21.26069,19.361506,20.70182,21.397583,22.363115,26.623493,25.971102,24.812246,23.674454,23.315245,22.651588,18.720839,19.19399,24.429272,22.569307,26.54066,27.285498,29.23685,28.879148,26.062096,28.958645,26.589556,27.480864,24.647642,26.146856,21.483892,23.330746,21.96121,20.884636,17.575037,19.591543,18.41148,17.406206,21.06816,17.164888,20.85157,18.358593,23.12298,19.712347,14.510371,16.397943,11.955267,15.329576,9.542546,11.77763,12.126621,11.516732,14.045035,14.591463,14.821906,12.305818,9.144275,7.8432436,5.4795237,8.867778,8.695291,14.258964,16.50621,20.109459,22.473925,25.618084,26.525808,21.880232,21.826488,18.529398,21.163033,16.785221,20.115873,22.1588,19.064583,16.328743,14.677802,9.562065,8.856685,4.6554413,5.3957677
9,27.514793,24.943848,21.356743,18.922453,16.40301,13.494459,11.153011,6.122507,4.6005936,0.0,5.927998,7.209514,10.470712,11.803078,13.576777,13.633775,18.076174,17.359016,23.005474,23.037981,26.69209,29.468912,32.450466,31.444351,35.148502,33.195976,32.835194,31.523981,24.234777,25.676874,20.846941,25.085115,22.129686,23.84612,23.863194,24.469536,28.828924,28.22828,27.717361,27.103722,26.104906,26.065254,21.829771,22.666906,27.847956,26.293097,30.204626,31.017157,32.68553,31.953026,28.93601,31.359667,28.459465,29.092966,26.67831,27.739979,23.407837,25.243454,23.242626,21.584263,18.732052,20.12604,19.876047,18.3961,22.734203,18.561821,22.107983,20.015724,25.133383,22.036346,17.493439,19.43572,15.06058,17.920034,11.208067,13.584702,12.238006,11.541023,13.418828,12.868591,14.057645,12.604589,9.6667185,9.975349,8.857939,12.762298,12.864412,18.589727,20.663568,24.131102,26.323502,29.56818,30.088282,25.433308,25.570642,22.30325,25.42006,21.219007,24.568377,26.63095,23.402794,20.721933,18.546146,14.001974,12.455196,8.58401,7.0936627
10,31.394688,28.440315,25.546772,22.213104,19.925364,17.39331,14.600675,10.96099,6.94299,5.927998,0.0,4.755984,7.6170363,7.564097,11.095846,10.499363,15.814547,15.62638,20.986544,22.10203,25.31102,28.60397,31.172335,30.456694,34.829018,33.6237,32.91663,30.912497,23.759876,24.082523,19.335049,22.345474,17.928404,19.58874,19.034863,19.192749,23.587725,23.22515,23.199469,23.293665,22.027494,23.255102,19.054577,21.301332,26.500685,25.969177,30.048594,31.460117,33.321545,32.570652,29.354387,31.865597,29.547398,29.329847,26.189558,26.478636,21.82105,22.862783,20.401955,19.767282,16.989618,20.06481,20.463045,20.229168,25.245205,21.901318,25.813766,24.082636,29.096579,26.204395,20.95998,22.115423,17.736742,19.322016,13.118441,13.49584,12.163749,9.822335,10.748415,10.111932,9.64186,8.898474,4.4620247,6.7265577,8.596161,11.252008,14.211383,19.225182,22.283201,25.641277,28.561228,31.727665,32.903297,28.442543,28.47333,25.176743,27.221262,22.516594,25.222939,26.572819,23.107243,21.03627,17.950277,14.3552265,13.1613455,9.135923,9.547334
11,31.652147,29.150248,25.889019,22.703182,21.030664,17.455921,16.304632,11.205739,9.117818,7.209514,4.755984,0.0,4.7167406,7.0424576,10.462844,11.974511,16.823414,17.753262,22.85166,24.491245,27.982882,30.810184,33.962105,33.71175,37.981407,36.786892,36.59996,34.680813,27.393713,27.748468,23.276834,25.775955,21.415447,22.025827,21.933899,21.291973,25.850544,26.130844,26.002684,26.267448,25.65939,27.194586,23.231146,25.54048,30.798,30.028145,34.14169,35.37861,37.394775,36.84558,33.74378,36.375225,33.979637,33.96402,30.88879,31.234446,26.558834,27.528713,25.008461,24.439362,21.734491,24.630222,24.986574,24.38645,29.139845,25.350004,29.067503,26.939138,31.929638,28.561794,23.589893,25.420588,20.970165,23.43445,17.087088,18.054806,16.636347,14.453107,15.086477,13.733176,13.355045,13.42303,8.56663,11.053049,12.496646,14.861918,17.3274,22.376333,25.15003,28.792816,31.363642,34.380493,35.509926,30.798325,30.330486,27.099104,28.91171,24.38385,26.593225,27.857138,24.052351,22.166105,18.16062,15.828132,13.257252,10.261672,8.948382
12,30.788605,28.247286,25.528814,21.75926,20.723593,17.178541,16.713774,12.611146,10.514631,10.470712,7.6170363,4.7167406,0.0,3.9604793,6.5190806,9.415436,13.547091,15.514157,20.014772,22.385506,25.878218,28.363918,31.860077,32.208855,36.527073,35.711967,36.014145,33.94879,26.727535,26.734072,22.842033,24.330263,20.411251,19.72017,20.46704,19.326345,23.936611,24.789091,24.121296,24.322727,24.746176,26.445677,23.007284,25.553587,30.779118,29.979382,34.129288,35.36442,37.730915,37.605743,34.714314,37.766567,35.88733,35.96617,32.453133,32.94988,27.96202,28.651958,26.484692,26.675886,23.706236,27.323517,27.175648,26.962431,31.255478,27.601185,31.34474,28.828583,33.484604,29.709833,24.464607,26.418251,22.060608,24.912123,19.287182,19.981392,19.525581,17.163488,17.96959,17.177301,15.773869,15.4839,9.922846,11.905905,13.510879,14.586933,17.570042,21.87562,24.778542,28.541628,31.139301,33.861965,35.430325,30.721272,29.718044,26.619759,27.429617,22.905775,24.282932,25.0932,21.076109,19.695183,14.866066,14.123068,11.136366,9.433919,8.851892
13,31.537157,28.582182,26.46171,22.238144,21.027687,18.335184,16.878029,14.1994915,10.760697,11.803078,7.564097,7.0424576,3.9604793,0.0,5.0842323,6.33359,10.965505,12.843368,17.129982,19.850288,22.989475,25.821028,28.918938,29.299927,33.894043,33.443493,33.505188,31.140137,24.129139,23.621534,19.916319,20.802774,16.609272,15.819709,16.537176,15.459376,20.072577,20.89202,20.163826,20.468803,20.930403,22.920895,19.67389,22.670967,27.777935,27.400679,31.550003,33.044106,35.490288,35.40968,32.514835,35.658424,34.19559,33.995327,30.136301,30.468977,25.367563,25.738012,23.712294,24.497824,21.483381,25.789425,25.587893,25.995066,30.329151,27.190514,31.096268,28.77375,33.288105,29.736404,24.115303,25.511637,21.292385,23.47335,18.48751,18.360256,18.430904,15.764448,16.51017,16.31744,14.056524,13.459664,7.9190025,9.669058,12.102691,12.18912,16.343727,20.028744,23.386013,26.947714,29.947676,32.625195,34.541267,30.069399,29.194792,26.109974,26.439617,21.687439,22.90093,23.366997,19.463985,18.36038,13.67512,12.957225,11.092492,9.173422,10.451796
14,27.817068,24.907402,23.302643,18.731846,18.195612,15.715592,15.160824,13.729592,11.197946,13.576777,11.095846,10.462844,6.5190806,5.0842323,0.0,4.975563,7.27137,10.107556,13.924563,16.742046,20.218567,22.32381,26.114655,26.987816,31.218452,30.769337,31.603924,29.491526,22.5072,22.310448,19.277338,19.87229,17.5751,15.541904,17.753185,16.915794,21.322258,22.328548,20.50938,19.974087,21.795448,22.837069,20.187057,22.444052,27.461903,26.41555,30.479986,31.620077,34.361164,34.796684,32.28684,35.85483,34.71429,35.072742,31.135723,32.098198,26.864267,27.436872,26.117884,27.055717,23.708576,27.881474,26.796371,27.08538,30.49658,27.272638,30.96666,28.115692,32.148434,28.130457,22.582605,24.372667,20.416134,23.514935,19.353365,19.716381,20.789177,18.65518,20.071238,20.409075,18.286816,16.826963,11.572455,11.740059,12.75497,11.941428,15.129886,18.047039,21.038055,24.743698,27.410545,29.746122,31.881945,27.399446,25.958326,23.087606,22.646637,18.134108,18.6688,19.006609,14.941175,14.069634,8.835482,9.692308,7.430115,7.6226954,9.414189
15,28.423407,24.977497,23.867249,19.12522,17.895325,16.678478,14.316115,14.463515,10.445665,13.633775,10.499363,11.974511,9.415436,6.33359,4.975563,0.0,5.50685,6.5522265,11.033119,13.557852,16.666138,19.573807,22.61378,23.052622,27.617731,27.33683,27.587067,25.20432,18.303331,17.753141,14.561473,15.204348,12.899324,11.62865,13.666405,13.757045,18.03905,18.40645,16.473633,15.673353,17.110708,17.924946,15.216602,17.679783,22.6596,21.998222,26.087421,27.519133,30.210472,30.53327,27.949278,31.507532,30.681479,30.781096,26.616745,27.507433,22.239138,22.682302,21.632238,22.92144,19.5267,24.125757,22.93463,23.819775,27.284655,24.690872,28.532349,26.083487,30.020378,26.508215,20.619324,21.578901,17.817871,19.917671,16.530197,16.030495,17.723078,15.571173,17.127537,18.233683,15.726378,13.578005,9.234993,8.281954,9.7268505,7.72992,12.299906,14.659062,18.248018,21.62265,24.835527,27.297688,29.641401,25.487955,24.576002,21.646828,21.23771,16.384823,17.426777,17.719156,14.118431,13.116106,9.430551,8.335216,8.598763,7.392589,11.035237
16,26.613703,23.13275,23.074526,17.955341,17.595663,17.169502,15.647466,17.33417,14.288894,18.076174,15.814547,16.823414,13.547091,10.965505,7.27137,5.50685,0.0,4.556364,6.686596,10.175991,13.30173,15.317898,19.051994,20.378782,24.63574,24.757605,25.896685,23.62558,17.260826,16.605484,14.907114,14.232722,14.472837,11.305908,15.107476,15.245791,18.855997,19.58843,16.454573,14.759729,18.079092,18.044092,16.586992,18.35689,22.800732,21.698,25.512098,26.662207,29.72947,30.714027,28.664726,32.651062,32.458134,32.954712,28.64318,30.004683,24.783096,25.151842,24.894598,26.617357,23.12959,27.715483,25.773754,26.795305,29.229988,26.892487,30.436573,27.61527,30.82247,27.017262,21.323292,22.36991,19.257162,21.839462,19.826284,19.46956,22.030893,20.281258,22.0952,23.529179,20.940527,18.500109,14.649974,13.078873,13.465069,10.409075,13.695676,14.14822,17.327751,20.539656,23.485518,25.357641,28.201023,24.330383,22.772446,20.28578,18.343803,13.898615,13.481208,13.014736,9.353255,9.393861,5.681607,7.7893367,8.913212,10.182932,13.836409
17,25.419716,21.55021,21.735514,16.750425,15.673933,16.377234,13.478764,16.577799,13.088417,17.359016,15.62638,17.753262,15.514157,12.843368,10.107556,6.5522265,4.556364,0.0,5.685675,7.012564,10.389038,13.1948805,16.384138,16.900522,21.223288,21.02455,21.744013,19.536917,12.858801,12.629334,10.620708,11.165962,12.674357,11.081367,14.472633,15.857536,19.179558,18.979074,15.756793,13.310014,16.032043,14.72352,13.123807,14.086449,18.6004,17.21936,21.08652,22.238737,25.242752,26.167488,24.130278,28.154491,28.06381,28.697073,24.439972,26.124487,20.992123,21.65494,21.865583,23.414604,19.852348,24.174519,21.818949,23.013273,25.109585,23.17329,26.678074,24.08641,27.117094,23.69688,17.89405,18.372473,15.561232,17.675568,16.586954,16.02007,19.232058,17.967236,20.160074,22.156643,19.869522,16.739433,14.002965,11.331898,10.889836,7.129568,10.134248,9.8476925,13.383601,16.398829,19.689209,21.767406,24.606186,20.941362,19.93331,17.36527,15.912385,11.166905,11.925323,12.087125,9.286386,8.3881645,7.7226834,6.1908712,9.466287,9.705831,14.060337
18,27.201178,23.357155,24.66614,19.605347,19.270733,20.574774,18.2978,21.918499,18.741793,23.005474,20.986544,22.85166,20.014772,17.129982,13.924563,11.033119,6.686596,5.685675,0.0,5.293606,7.0691257,9.19689,12.503173,14.349247,18.642328,19.52424,20.865032,18.425339,13.309245,12.021769,12.425029,10.137111,13.861847,10.426375,15.053465,16.330769,18.643953,18.82989,14.64042,11.536219,16.182396,14.642298,14.829868,15.725938,19.082737,18.013239,21.312637,22.470486,25.777388,27.300318,25.816158,30.063215,30.848412,31.436058,26.9471,28.646042,23.755629,23.918398,24.746367,27.050972,23.684618,28.3155,25.714592,27.377602,28.808,27.47843,30.718374,28.142706,30.447573,27.135023,21.694506,21.81523,19.831352,21.520561,21.66822,20.685658,24.256178,22.967915,24.955553,27.133852,24.412247,21.425787,18.996147,16.515726,16.39375,12.293825,14.896532,12.607218,15.594865,17.806103,20.9529,22.240808,25.722328,22.773651,21.355095,19.460342,16.193542,12.421182,11.082566,9.566749,7.8319764,9.011527,9.375498,10.771291,13.837117,15.099893,19.218128
19,24.190979,20.089226,21.913,17.226774,16.552845,19.116503,16.241186,21.27438,18.493023,23.037981,22.10203,24.491245,22.385506,19.850288,16.742046,13.557852,10.175991,7.012564,5.293606,0.0,4.33497,6.552752,9.971962,10.784758,14.550058,14.662185,16.25101,14.3991165,9.072169,9.35104,10.181803,10.08552,15.640364,14.017389,17.912853,20.078875,22.254128,21.613363,17.55118,13.795144,17.525011,14.0266075,14.256835,13.198787,16.242128,14.0044,17.112267,17.779768,21.142202,22.925909,21.78886,26.18852,27.079348,28.260263,24.129713,26.552534,21.985548,22.751015,24.21603,25.97095,22.568924,26.341524,23.021349,24.49418,24.937729,23.94046,26.817438,24.264065,25.989338,22.933681,17.846506,17.61264,16.425526,18.150463,19.607353,18.987818,23.133217,22.620567,25.082693,27.617832,25.516031,21.958134,20.322454,17.076561,15.700314,11.845176,12.430254,8.519863,10.906784,12.701171,15.814639,17.050938,20.596334,17.969883,16.87856,15.192357,12.031689,8.517897,8.2334795,7.850703,7.7665553,7.710799,11.137668,10.241789,14.379025,15.42357,19.562227
20,27.511871,23.406586,25.696072,21.20758,20.502602,23.363886,20.201729,25.343042,22.22138,26.69209,25.31102,27.982882,25.878218,22.989475,20.218567,16.666138,13.30173,10.389038,7.0691257,4.33497,0.0,4.8232756,5.9998384,7.319834,11.682568,13.03142,14.277201,11.892693,8.646817,7.478986,10.473908,8.454208,15.568921,13.937971,17.771679,20.296314,21.593864,20.716312,16.379017,12.212777,16.389389,12.360038,13.992911,12.869194,14.621712,13.121045,15.597626,16.581835,20.003601,22.040102,21.257563,25.631725,27.304926,28.18363,23.889639,26.165962,21.972036,22.297832,24.300436,26.618011,23.512598,27.511751,24.196554,26.260468,26.43918,26.233406,28.968693,26.840227,28.131268,25.646284,20.835102,19.84791,19.280296,19.872993,22.294989,20.994654,25.332512,24.80595,27.048384,29.849457,27.47509,23.95519,22.975302,19.733337,18.804691,14.677691,15.790763,11.168389,13.35854,13.988439,17.248806,18.012861,21.878801,20.1337,19.380856,18.144197,14.573225,12.008744,11.210136,9.98334,11.033163,11.718022,14.993471,14.476295,18.603058,19.400814,23.675163
21,25.776007,21.94746,25.040564,20.760048,20.844902,23.976814,21.80671,27.245953,24.89455,29.468912,28.60397,30.810184,28.363918,25.821028,22.32381,19.573807,15.317898,13.1948805,9.19689,6.552752,4.8232756,0.0,5.7173767,8.679414,10.930204,12.369105,15.351565,13.966781,11.944012,11.826404,14.921895,13.192364,20.183252,17.802738,22.07748,24.184214,25.453323,24.97494,20.43218,16.351835,21.03282,17.056446,18.783916,17.203182,18.54141,16.303837,18.136623,18.331133,21.822876,24.409863,24.202711,28.652077,30.419893,31.81583,27.82821,30.454521,26.424374,26.937038,29.034191,31.15216,27.9808,31.603624,27.964777,29.623,29.07402,28.683918,31.03539,28.51892,29.202326,26.404383,22.210554,21.730122,21.567455,23.040117,25.580685,24.891132,29.258884,28.894861,31.305513,33.977966,31.732647,28.20173,26.740692,23.546318,22.188112,18.33217,18.416286,13.594335,14.545581,14.976073,17.191494,17.087425,21.16954,19.789677,18.30994,17.764606,12.833998,11.72678,9.270637,7.251552,9.923228,11.358076,15.488483,16.14143,19.930542,21.643915,25.547775
22,30.314312,26.360926,29.471325,25.419321,24.939253,28.38758,25.318201,30.922514,27.968044,32.450466,31.172335,33.962105,31.860077,28.918938,26.114655,22.61378,19.051994,16.384138,12.503173,9.971962,5.9998384,5.7173767,0.0,4.5288067,7.505353,10.729518,12.394895,10.34937,11.217423,9.929544,14.542238,11.899118,19.77473,18.257015,21.843424,24.54856,24.92204,23.857567,19.459097,15.230169,19.430075,14.803505,17.708595,15.877736,15.625268,14.370596,15.306618,15.983095,19.302967,21.953804,22.08108,26.31104,28.908346,29.873444,25.83742,28.262348,24.83985,24.957891,27.652695,30.202196,27.455141,31.12702,27.566137,29.893566,29.169327,29.765032,32.01022,30.178831,30.55757,28.642096,24.603119,23.0978,23.502691,23.472687,27.063221,25.584555,30.120829,29.855564,32.045376,35.06179,32.68479,29.13529,28.668747,25.357409,24.347128,20.311638,20.907988,15.598619,16.763422,16.04848,18.698626,18.482115,22.592838,22.137869,21.553085,21.139769,16.955801,15.954642,14.573259,12.947691,15.389998,16.500053,20.370625,20.177036,24.323318,25.279196,29.487917
23,30.279533,26.177176,29.043257,25.334396,24.249903,28.066868,24.267202,30.156736,27.074883,31.444351,30.456694,33.71175,32.208855,29.299927,26.987816,23.052622,20.378782,16.900522,14.349247,10.784758,7.319834,8.679414,4.5288067,0.0,5.5241246,8.092446,8.205568,5.828916,8.114847,7.48334,12.2803,11.229303,19.198261,19.124454,21.913729,25.182833,25.632116,23.903818,19.978762,15.748277,18.601551,12.951063,15.728889,12.812055,11.810483,10.271912,10.806464,11.6160965,14.878279,17.46258,17.68966,21.86683,24.65054,25.679003,21.857164,24.545366,21.527138,21.920418,24.987692,27.220125,24.66324,27.812191,24.081284,26.540554,25.486828,26.630756,28.713316,27.326601,27.533226,26.241632,22.417444,20.241205,21.145247,20.272758,24.686415,23.049736,27.706186,27.84013,30.107613,33.334286,31.308018,27.566862,27.862402,24.291649,22.982538,19.256304,19.367575,13.825189,14.833016,13.3677635,16.35612,16.458784,20.323158,20.22642,20.476183,19.978785,16.950258,15.846676,15.876038,15.223037,17.42263,17.680246,21.887356,20.2968,24.761461,25.06235,29.30122
24,29.77354,25.965715,29.55274,26.499863,25.734749,30.130472,26.768217,33.17241,30.730682,35.148502,34.829018,37.981407,36.527073,33.894043,31.218452,27.617731,24.63574,21.223288,18.642328,14.550058,11.682568,10.930204,7.505353,5.5241246,0.0,4.6992893,7.026818,7.4851036,11.755149,12.600931,16.948355,16.737312,24.669523,24.523623,27.432938,30.65801,31.087849,29.3813,25.436874,21.205553,24.033821,18.189014,20.817568,17.122833,15.45696,12.961954,12.02645,11.385362,14.320546,17.659592,18.95929,22.92272,26.000486,27.728617,24.637562,27.843193,25.427467,26.179424,29.518408,31.314444,28.857906,31.18507,27.025581,29.074997,26.817995,28.259855,29.64667,28.244823,27.398546,26.43435,23.699492,21.544134,23.353905,22.836143,27.92574,26.831734,31.571575,32.13349,34.616436,37.863445,36.169186,32.28411,32.579403,28.86195,26.97502,23.613935,22.528017,16.71696,16.313545,13.917351,15.574437,14.544655,18.36933,19.509853,19.79418,20.189655,16.902348,17.396452,17.204824,16.816975,19.91228,20.141783,25.169443,23.648592,28.0642,28.74481,32.700672
25,26.400576,22.638172,26.182606,23.675062,22.716578,27.478273,24.113607,30.810232,28.87029,33.195976,33.6237,36.786892,35.711967,33.443493,30.769337,27.33683,24.757605,21.02455,19.52424,14.662185,13.03142,12.369105,10.729518,8.092446,4.6992893,0.0,5.557054,7.972178,10.830567,13.393147,16.620491,18.212343,25.716494,26.098673,28.853207,32.15358,33.138733,31.296627,27.548481,23.329248,25.605227,19.477446,21.193012,16.693504,15.584247,11.715605,10.785107,8.971255,11.885863,15.377117,16.847307,20.857136,23.419651,25.850433,23.28745,27.027933,24.692131,26.075706,29.318665,30.3818,27.83341,29.35707,24.84905,26.33109,23.391863,24.736887,25.75365,24.27186,23.01507,22.190264,20.055902,17.917921,20.269564,20.155315,25.529503,25.049477,29.768095,30.768631,33.517506,36.706318,35.519627,31.467363,31.809307,27.933226,25.398867,22.616217,20.34319,14.633043,13.218108,10.239727,11.230993,10.0685425,13.742575,15.224825,15.948956,16.570244,14.2025795,15.231479,16.049786,16.660955,19.650738,19.151802,24.652468,22.285822,26.679388,27.251997,30.894777
26,30.053415,26.11046,28.919912,26.370644,24.674665,29.256336,24.92548,31.351461,28.776018,32.835194,32.91663,36.59996,36.014145,33.505188,31.603924,27.587067,25.896685,21.744013,20.865032,16.25101,14.277201,15.351565,12.394895,8.205568,7.026818,5.557054,0.0,4.103476,9.4116,11.552513,14.659172,16.760891,23.812656,25.372227,27.225166,30.955723,31.634657,29.22742,26.04556,22.082705,23.126886,16.696976,18.508171,13.633248,11.233011,7.9952793,5.697497,4.459316,7.3298254,10.641175,12.191107,16.019678,19.207945,21.151726,18.627794,22.26618,20.567013,21.865232,25.468857,26.55319,24.44651,25.768356,21.464632,23.558561,20.836266,23.118162,24.246052,23.642097,22.693663,22.802849,20.426813,17.268255,19.750118,17.90272,23.971327,22.762901,27.417482,28.557877,31.07629,34.47909,33.3742,29.373295,30.660131,26.779322,24.572182,21.920925,20.240038,14.852961,14.275942,10.960398,13.102292,13.086952,15.992023,17.399746,19.108658,19.105938,18.057047,17.947575,19.655182,20.332691,22.645582,21.857067,26.791782,23.563713,28.13336,27.837317,31.67777
27,31.609783,27.478298,29.959919,26.829287,25.047846,29.176317,24.595148,30.618399,27.460888,31.523981,30.912497,34.680813,33.94879,31.140137,29.491526,25.20432,23.62558,19.536917,18.425339,14.3991165,11.892693,13.966781,10.34937,5.828916,7.4851036,7.972178,4.103476,0.0,7.4338403,8.082882,11.87921,13.062761,20.189087,21.799847,23.492674,27.277702,27.721525,25.26969,22.121744,18.224491,19.222689,12.834501,15.147013,10.854746,8.193351,6.3595386,5.2531905,6.5270815,9.430125,11.843419,12.382309,16.347775,19.579485,20.66839,17.328568,20.39659,18.274029,19.063486,22.645926,24.34762,22.228651,24.439333,20.551725,23.207747,21.60088,23.703234,25.443075,24.845955,24.732332,24.503866,21.215364,18.078266,19.754179,17.483479,23.049114,21.19929,25.841494,26.552563,28.829727,32.275448,30.76894,26.904793,28.255999,24.509497,22.904345,19.825377,19.316275,14.036385,14.6679945,12.16734,15.292815,15.819565,18.979824,19.510035,20.917877,20.37802,19.003609,17.930025,19.397175,19.627235,21.51949,20.977278,25.2939,22.29329,26.896008,26.396824,30.519232
28,27.060856,22.76583,24.379213,20.799519,18.722025,22.339928,17.559906,23.321384,20.079437,24.234777,23.759876,27.393713,26.727535,24.129139,22.5072,18.303331,17.260826,12.858801,13.309245,9.072169,8.646817,11.944012,11.217423,8.114847,11.755149,10.830567,9.4116,7.4338403,0.0,4.7713685,5.8441195,9.609313,15.749316,17.396744,19.299088,22.810667,24.370674,22.247412,19.12765,15.350042,16.343704,10.524908,10.823868,6.52262,8.319076,4.942929,8.337955,9.531743,12.620013,14.002483,12.826112,17.242666,18.69201,19.910015,16.039692,19.095537,15.424272,16.749573,19.33082,20.60361,17.70221,20.40766,16.51542,18.684294,18.29187,18.980246,21.527216,20.22294,21.413374,20.10048,15.581697,13.113843,13.504441,12.31604,16.622204,15.16643,19.887524,20.389538,22.954523,26.17795,24.758217,20.75375,21.439262,17.590292,15.686319,12.610794,12.061529,6.970311,8.986218,8.337883,12.599767,14.446144,17.484613,16.076296,17.12979,15.577097,14.939824,12.305821,14.738498,15.596685,16.32087,15.092241,18.907774,15.147462,19.72702,18.986252,23.110104
29,30.884558,26.583326,28.137619,24.096716,22.219154,25.22652,20.527138,25.548466,21.625963,25.676874,24.082523,27.748468,26.734072,23.621534,22.310448,17.753141,16.605484,12.629334,12.021769,9.35104,7.478986,11.826404,9.929544,7.48334,12.600931,13.393147,11.552513,8.082882,4.7713685,0.0,5.230316,5.3680167,12.455621,13.952235,15.74929,19.412086,20.364761,18.177162,14.904961,11.042701,12.324637,6.4428577,8.298965,6.0856194,7.292521,7.2807827,10.205299,12.445643,15.3484125,16.485775,15.109289,19.193838,21.124014,21.316288,16.802847,18.87661,15.0245695,15.296598,17.890295,20.272667,17.584274,21.482567,18.374775,21.260164,21.834494,22.66545,25.519144,24.434437,25.975264,24.65767,19.80204,17.442053,17.19728,15.41774,18.922405,16.515575,20.97173,20.776936,22.828024,26.09254,23.968296,20.289286,21.07742,17.582361,16.895203,13.11747,14.724453,10.439377,13.3191185,13.0676985,17.257511,18.83066,22.097973,20.712906,21.417751,19.80155,18.37448,15.36634,16.765564,16.667322,17.113651,16.633694,19.456238,16.664501,21.066366,20.24246,24.667767
30,29.726263,25.456625,26.040457,22.073393,19.644903,22.090519,16.857815,21.283913,17.043983,20.846941,19.335049,23.276834,22.842033,19.916319,19.277338,14.561473,14.907114,10.620708,12.425029,10.181803,10.473908,14.921895,14.542238,12.2803,16.948355,16.620491,14.659172,11.87921,5.8441195,5.230316,0.0,6.8283286,10.475872,13.320497,14.273646,17.901104,19.772888,17.479113,15.033758,12.008784,11.684933,7.0675707,5.438242,3.481261,8.239066,7.92416,11.928182,14.083812,16.544594,16.788565,14.438831,18.287018,19.019419,19.089338,14.522594,16.465027,11.824906,12.696917,14.484823,16.23172,13.128434,17.169443,14.319569,17.026957,18.692726,18.911077,22.23303,21.190447,23.642609,22.192673,16.845612,14.65768,13.46928,11.514037,13.995923,11.417412,15.8169775,15.616465,17.830269,21.070301,19.248262,15.386072,16.409704,12.760629,11.993054,8.597586,10.722047,8.164218,11.92829,12.708031,17.106281,19.517542,22.15872,19.901136,20.866991,18.602055,18.568758,14.698129,17.221382,17.858192,17.256985,15.965725,17.971807,13.905772,18.072021,16.363525,20.681826
31,33.46967,29.231003,30.364689,25.836346,24.157988,26.212572,21.81483,25.724703,21.26069,25.085115,22.345474,25.775955,24.330263,20.802774,19.87229,15.204348,14.232722,11.165962,10.137111,10.08552,8.454208,13.192364,11.899118,11.229303,16.737312,18.212343,16.760891,13.062761,9.609313,5.3680167,6.8283286,0.0,8.030736,8.808585,10.749521,14.280675,15.0814085,13.200269,9.6185055,5.7661676,8.045332,4.6396456,6.8095565,8.604122,10.699113,12.225403,15.255842,17.747663,20.503143,21.280682,19.462198,23.204885,24.816935,24.255468,19.346254,20.326513,15.972753,15.307436,17.018637,20.265388,17.600426,22.703123,20.54582,23.613447,25.415472,25.725016,29.028715,27.826036,30.062475,28.318594,22.91774,21.101788,19.851528,18.336538,20.199097,17.318453,21.168892,20.066652,21.56966,24.57681,21.69781,18.546335,18.86629,16.008232,16.664202,12.445953,16.159126,13.224554,16.891897,17.570604,21.776608,23.460821,26.782722,24.819277,25.044386,23.09905,21.313505,17.630602,18.310944,17.549133,17.086,17.144142,18.346838,16.588009,20.431278,19.52137,24.052013
32,37.24972,33.167877,33.10424,28.528961,26.506647,27.17765,22.702457,24.554771,19.361506,22.129686,17.928404,21.415447,20.411251,16.609272,17.5751,12.899324,14.472837,12.674357,13.861847,15.640364,15.568921,20.183252,19.77473,19.198261,24.669523,25.716494,23.812656,20.189087,15.749316,12.455621,10.475872,8.030736,0.0,6.162365,3.9942844,8.009295,9.725738,7.524213,6.5135107,6.7715626,4.3461413,8.061268,6.5533857,11.919755,15.141652,17.585129,21.020266,23.801592,26.040533,25.840233,23.129765,26.109959,26.715647,25.146671,20.194126,19.669147,14.954992,13.49968,13.16359,16.89344,14.546807,20.733938,20.273306,23.385567,27.076109,26.822062,30.645424,29.743925,33.09464,31.302952,25.495079,24.046095,21.627361,19.7804,19.311224,15.7683735,18.108725,15.879499,16.315762,18.874052,15.248115,13.110562,13.727622,12.218253,14.971447,11.645248,17.449467,17.160645,21.404394,22.921871,27.22717,29.542496,32.359337,29.64013,29.972141,27.423367,26.676636,22.193884,23.369637,22.868078,21.057344,20.77336,19.779894,17.838453,20.469097,18.412283,22.53791
33,36.39137,32.46381,32.80038,27.8304,26.593668,26.981451,23.586084,25.406197,20.70182,23.84612,19.58874,22.025827,19.72017,15.819709,15.541904,11.62865,11.305908,11.081367,10.426375,14.017389,13.937971,17.802738,18.257015,19.124454,24.523623,26.098673,25.372227,21.799847,17.396744,13.952235,13.320497,8.808585,6.162365,0.0,5.105138,6.404633,8.360686,8.6691265,5.1885076,5.183292,8.422531,11.419435,11.396007,15.713584,18.83358,20.479988,23.870518,26.283611,29.028473,29.524609,27.247038,30.721682,31.549038,30.511745,25.538969,25.49694,20.707502,19.4556,19.31735,22.873129,20.252121,26.255995,25.298216,27.98645,31.179852,30.42209,34.197372,32.614784,35.769886,33.25959,27.359358,26.600176,24.066427,23.584696,22.863314,20.143364,22.657349,20.295258,20.950806,23.017294,19.196268,17.337675,16.00812,14.829372,17.341162,13.468188,19.097025,18.332155,22.410307,24.285532,28.293474,30.173727,33.405632,30.530151,30.041277,27.683472,25.725676,21.399242,21.26768,19.978012,17.960348,18.579012,16.825205,17.004953,19.223627,18.41027,22.513222
34,39.72295,35.745434,35.62143,30.866228,29.133478,29.324413,25.351322,26.543356,21.397583,23.863194,19.034863,21.933899,20.46704,16.537176,17.753185,13.666405,15.107476,14.472633,15.053465,17.912853,17.771679,22.07748,21.843424,21.913729,27.432938,28.853207,27.225166,23.492674,19.299088,15.74929,14.273646,10.749521,3.9942844,5.105138,0.0,4.257981,5.9257975,4.7781343,4.640177,7.185523,5.9615374,11.298888,10.507314,15.858171,18.804638,21.388613,24.726772,27.520498,29.838284,29.72318,27.064068,29.98429,30.617245,28.86073,23.924646,23.016493,18.501978,16.686272,15.869713,19.800518,17.733292,24.050722,23.980341,27.005627,30.936256,30.471226,34.363834,33.334293,36.815815,34.790215,28.889954,27.734753,25.09249,23.60029,22.556656,19.162153,20.983309,18.327965,18.267784,20.30788,16.227312,14.984093,14.8781595,14.301417,17.63961,14.459716,20.561361,20.506014,24.762955,26.472065,30.705866,32.908783,35.856327,33.011368,33.03582,30.482613,29.335886,24.820055,25.42849,24.523962,22.446249,22.59045,20.733936,19.853918,21.90204,20.119059,24.01079
35,41.142025,37.351,37.00877,32.139343,30.713978,30.267374,26.938906,27.303926,22.363115,24.469536,19.192749,21.291973,19.326345,15.459376,16.915794,13.757045,15.245791,15.857536,16.330769,20.078875,20.296314,24.184214,24.54856,25.182833,30.65801,32.15358,30.955723,27.277702,22.810667,19.412086,17.901104,14.280675,8.009295,6.404633,4.257981,0.0,4.6165013,6.364436,6.886963,10.060266,10.08391,15.434597,14.553605,19.80788,22.977163,25.294313,28.733885,31.405436,33.839565,33.806095,31.125668,34.0842,34.49794,32.77859,27.912483,26.895384,22.346899,20.573692,19.260616,22.962917,20.922525,27.211184,27.395052,30.115562,34.30702,33.39347,37.37479,36.094643,39.80086,37.409138,31.41935,30.736204,27.741077,26.873663,25.012112,21.990993,23.304626,20.294395,19.933754,21.330927,17.02597,16.574148,15.399888,15.738626,19.466242,16.591507,22.8369,23.289814,27.528036,29.604895,33.694443,35.868885,38.842896,35.705875,35.373333,32.75598,31.3931,26.80533,26.982267,25.858498,23.353615,23.7673,20.897179,21.004581,22.269604,20.77175,24.259144
36,44.594265,40.693764,40.73211,35.819584,34.40644,34.354557,30.81991,31.643536,26.623493,28.828924,23.587725,25.850544,23.936611,20.072577,21.322258,18.03905,18.855997,19.179558,18.643953,22.254128,21.593864,25.453323,24.92204,25.632116,31.087849,33.138733,31.634657,27.721525,24.370674,20.364761,19.772888,15.0814085,9.725738,8.360686,5.9257975,4.6165013,0.0,3.9941564,5.685303,9.888699,9.7555,15.68329,15.93465,21.220291,23.44472,26.462168,29.472036,32.371544,34.715153,34.718403,32.22847,35.026188,35.987175,33.910652,28.964651,27.597475,23.542538,21.207264,20.307325,24.599722,22.998201,29.37219,29.62008,32.77794,36.760616,36.39019,40.279552,39.246414,42.67689,40.581684,34.664867,33.565437,30.95465,29.48236,28.400568,24.979845,26.492455,23.6269,23.086987,24.702183,20.376528,19.990034,19.608015,19.71106,23.29746,20.16023,26.279123,26.010744,30.204107,31.828196,36.02223,37.985886,41.155586,38.425583,38.208233,35.77708,34.047585,29.696974,29.601593,28.140398,26.12182,26.854563,24.48777,24.768106,26.414186,25.046988,28.704733
37,44.19117,40.15254,40.215843,35.46847,33.707687,34.06116,29.946712,31.188284,25.971102,28.22828,23.22515,26.130844,24.789091,20.89202,22.328548,18.40645,19.58843,18.979074,18.82989,21.613363,20.716312,24.97494,23.857567,23.903818,29.3813,31.296627,29.22742,25.26969,22.247412,18.177162,17.479113,13.200269,7.524213,8.6691265,4.7781343,6.364436,3.9941564,0.0,4.778324,8.730557,6.4293723,12.763049,13.04701,18.40648,20.282127,23.736246,26.59586,29.664284,31.77266,31.536785,28.985638,31.554033,32.627422,30.323204,25.401672,23.848812,20.03342,17.487394,16.806032,21.329697,19.962502,26.298613,26.616756,30.051342,33.98836,34.039917,37.853195,37.16682,40.491447,38.814575,33.017265,31.483154,29.137426,26.966862,26.422043,22.63195,24.27622,21.654352,21.124666,23.146965,19.002079,18.283663,18.94593,18.608074,22.027832,18.938486,24.914377,24.461636,28.652237,29.948376,34.267982,36.331284,39.377323,36.88318,37.06946,34.643906,33.31252,28.983795,29.409315,28.240011,26.497086,26.8893,25.218718,24.531437,26.665125,24.874538,28.727377
