,0,1,2,3,4,5,6,7,8,9,10,11,12,13,14,15,16,17,18,19,20,21,22,23,24,25,26,27,28,29,30,31,32,33,34,35,36,37,38,39,40,41,42,43,44,45,46,47,48,49,50,51,52,53,54,55,56,57,58,59,60,61,62,63,64,65,66,67,68,69,70,71,72,73,74,75,76,77,78,79,80,81,82,83,84,85,86,87,88,89,90,91,92,93,94,95,96,97,98,99,100,101,102,103,104,105,106,107,108,109,110
0,0.0,4.413981,6.939095,9.548848,12.936612,14.072545,18.244194,21.78766,24.23876,28.077663,31.758251,35.137577,34.764626,33.13444,29.740711,27.134329,24.239275,22.240591,19.770494,16.163073,17.808504,12.636237,17.34421,13.784408,17.136822,19.26021,19.028385,19.676916,20.336515,21.747768,23.419647,24.287367,30.5476,28.275204,32.720787,34.54576,36.024345,35.630535,31.256216,27.389936,31.610191,27.72297,28.819273,25.930685,25.543669,23.79089,24.768496,20.94985,25.038198,26.697853,29.855204,27.651642,31.838985,33.633976,32.029984,35.0764,33.692116,35.074074,40.02144,36.845394,33.525776,34.456776,31.770878,33.099777,30.727726,34.59524,32.557487,27.352169,27.90056,25.950983,30.509016,30.773666,29.69238,34.3769,34.0701,38.393314,39.166775,42.280518,44.394093,42.233242,37.463314,33.800518,31.752693,27.76795,26.91819,21.668858,19.273392,15.572373,14.656164,12.412117,12.431204,10.269788,14.168883,17.008354,13.92682,14.976189,14.729322,17.609085,19.401022,20.701777,24.815607,24.235764,29.089514,31.980232,29.237358,26.468935,22.276161,20.507078,17.568249,14.4752245,12.435604
1,4.413981,0.0,5.280795,5.837259,9.254916,11.353328,14.718376,19.058659,20.927074,25.576773,28.760399,32.398838,32.342842,30.627838,27.800222,24.650143,22.127827,19.49928,17.20606,13.073138,15.234822,9.491651,14.5023985,11.5276,14.494774,15.917776,15.027197,15.620979,16.064793,17.978148,19.498167,20.980766,27.312376,25.75807,29.893768,32.092766,33.667038,32.8804,28.684937,24.715466,28.252668,24.130167,25.066181,21.772476,21.50096,19.505814,20.678598,16.685799,20.951473,22.644224,25.621815,23.256096,27.560543,29.258537,27.781044,30.928001,29.488361,31.050877,36.00992,32.808777,29.497616,30.216545,27.42935,28.810125,26.41416,30.478264,28.638891,23.641226,24.246391,21.9617,26.44387,26.961426,25.8379,30.587381,30.420994,34.70778,35.72619,38.788887,41.122894,39.2606,34.618458,30.79637,28.695093,24.669403,23.441149,18.64982,15.380197,11.723696,10.420849,8.007977,8.484237,6.8070865,11.181822,14.363229,12.0506935,12.620579,13.122088,15.0419,18.057127,18.313173,23.204597,22.185219,27.26506,30.391916,28.189764,25.335403,21.77411,19.744093,17.660223,14.188904,13.434388
2,6.939095,5.280795,0.0,5.087077,7.1347456,8.624232,12.07265,15.863797,18.427774,22.414913,26.727509,29.626911,30.001347,28.822609,25.76815,23.104086,21.072811,18.52017,17.432377,13.780123,17.21335,12.351601,18.100384,15.996677,19.091486,19.921131,18.07042,18.092108,17.20125,19.910357,19.539219,21.915693,27.061422,25.563803,29.688972,31.528204,33.75681,33.17328,29.160336,25.481827,28.808752,25.25543,25.279726,22.28287,23.406788,20.99827,23.177309,18.800219,23.470251,24.721855,27.383455,24.187653,29.300781,30.00476,28.76531,31.79398,29.539501,30.83342,35.500725,31.796518,28.598043,29.255648,26.887302,27.910809,26.401955,29.490732,27.877565,22.904734,22.32894,20.31935,24.775908,24.478886,23.493973,28.024061,27.77812,32.080944,32.82518,36.008614,37.950108,35.780994,31.09197,27.473808,25.88353,21.766552,21.3339,16.036442,13.772015,11.011279,9.96724,9.473187,9.135879,10.252425,13.08013,14.751881,10.675596,10.230736,9.290393,11.438517,13.118156,13.7770815,18.18698,17.51498,22.40903,25.419708,23.075838,20.329512,16.512371,14.929241,12.766677,9.742232,9.738308
3,9.548848,5.837259,5.087077,0.0,3.7860072,6.0602736,8.978078,13.464161,15.110414,20.079548,23.236279,26.794878,27.101492,25.552061,23.135567,19.752075,17.875118,14.726709,13.460195,9.332892,13.078076,8.288983,14.022036,12.910492,15.775524,16.018593,14.015435,13.307775,12.237989,14.894909,14.639902,17.129183,22.586208,21.623177,25.478067,27.730354,29.803484,28.856173,24.956451,21.162672,24.03436,20.273144,20.402102,17.310362,18.387117,16.126455,18.519922,14.567128,19.408222,21.183214,23.346235,19.903353,24.691341,25.321827,23.820463,26.793766,24.74757,26.078545,30.879955,27.438087,24.158987,25.092855,22.70585,24.252708,22.84137,26.629116,25.572414,21.130259,20.672195,17.690914,21.833979,21.919178,20.34181,25.103827,24.686459,28.998095,29.916124,32.9747,35.315506,33.496803,28.890541,25.020935,22.92182,18.875961,17.662338,12.949762,9.725031,6.2702365,5.7011495,5.7010546,7.3787704,8.955424,12.496196,14.933672,12.575567,11.611306,11.852926,12.175956,15.316004,13.864895,19.37214,17.359621,22.62601,25.917545,24.192226,21.214457,18.798492,16.108215,15.313768,11.596561,12.629154
4,12.936612,9.254916,7.1347456,3.7860072,0.0,5.2389627,5.5470166,11.10232,12.35708,17.868225,21.211235,24.4803,25.44688,24.205568,22.285688,18.784172,17.733759,14.14115,14.040079,10.234585,14.717457,10.7127,16.048967,15.722458,18.008732,17.452581,14.453596,13.546294,11.291473,15.046532,13.203317,17.039646,21.558788,21.43179,24.838272,27.17912,29.669838,28.50111,24.984108,21.4114,23.345839,19.804247,19.123407,15.764671,17.90988,15.133035,18.250706,14.028635,18.954453,20.289774,22.079227,18.07061,23.458004,23.37537,22.280643,25.273266,22.636976,24.025944,28.602983,24.775335,21.60677,22.130033,19.881195,21.145592,20.274328,23.5236,22.758718,18.601185,17.439936,14.330227,18.38451,18.210524,16.76317,21.469536,21.24169,25.531713,26.585226,29.68135,31.99499,30.307724,25.837164,21.94176,20.210531,16.060642,14.976249,10.658667,6.738023,4.933856,3.7517145,6.1883426,7.287698,10.761678,12.990734,14.499366,12.238388,10.37694,10.652255,9.667425,13.262002,10.769393,16.687666,14.55324,19.771364,23.160452,21.969692,19.12235,17.273277,14.922526,14.977676,11.780807,13.949762
5,14.072545,11.353328,8.624232,6.0602736,5.2389627,0.0,6.117959,7.7900715,10.392432,14.232782,18.125904,21.213305,21.497925,20.300987,17.666517,14.724583,13.373038,10.479242,10.925813,8.482825,13.219304,11.09986,16.65146,16.850061,20.079039,19.971024,17.899277,15.752842,13.3463745,15.58156,12.961134,15.559291,19.187946,17.975372,21.817768,23.535728,26.253216,25.658998,22.01605,18.772062,21.646034,19.049402,18.20765,16.564116,19.281603,17.387463,20.854372,17.67662,22.621607,24.548302,25.776548,21.328447,26.166893,25.419344,23.604794,25.960848,23.234333,23.754427,28.175152,24.576738,21.418434,23.271645,21.87504,23.698008,23.899422,26.99929,26.938583,23.246473,21.293129,17.807997,21.152903,20.122074,17.662415,22.184835,20.91293,25.26167,25.508514,28.588188,30.62383,28.400269,23.604225,19.891172,17.687082,13.739224,13.276556,7.639364,7.723289,5.573292,7.9980063,10.493588,12.323105,14.897292,17.922491,19.591541,16.627798,14.701569,13.768555,13.132284,14.3182125,11.292031,16.480322,12.864473,18.204348,21.454622,19.75163,16.546717,15.655498,11.598459,12.29804,8.5403805,11.204524
6,18.244194,14.718376,12.07265,8.978078,5.5470166,6.117959,0.0,6.8885417,7.229812,13.317528,16.627121,19.537336,21.197731,20.347488,19.192003,15.661907,15.871259,12.023012,13.734593,11.2213335,16.14875,13.998686,18.671394,19.555954,21.590256,20.331085,16.905508,14.98198,11.313682,15.316988,10.929626,15.949861,18.539602,19.357306,22.07809,24.339128,27.394129,26.087631,23.186235,20.169828,20.986681,18.294647,16.38341,13.681325,17.576937,14.823254,18.959438,15.446803,20.17174,21.389088,22.1197,17.168905,22.724773,21.206701,20.236094,22.801607,19.339737,20.316803,24.454979,20.261234,17.273254,18.014874,16.571934,17.922314,18.673304,21.166283,21.51924,18.46402,15.861521,12.050505,15.10234,14.044272,11.830306,16.454645,15.828505,20.155252,21.05407,24.165054,26.45332,24.828411,20.446175,16.497372,14.947975,10.780055,9.916024,6.3700666,3.2255025,5.5760674,6.4766884,10.4417925,11.680972,15.774143,17.296614,18.054152,16.106215,13.474677,13.371777,10.758591,13.503937,8.666834,14.695444,11.155234,16.226994,19.697695,19.338297,16.576073,16.573078,13.834117,15.583382,13.004756,16.373829
7,21.78766,19.058659,15.863797,13.464161,11.10232,7.7900715,6.8885417,0.0,4.515214,6.802079,11.777589,13.843911,15.132464,14.828558,13.167421,10.731147,11.776163,9.204761,12.742192,12.600225,17.243748,17.24058,21.776787,23.221457,26.007936,25.1026,22.49399,19.513197,15.829796,18.097893,12.599171,16.093473,16.241753,16.163107,18.888151,20.124552,23.823448,23.245922,20.649696,18.531448,19.867628,18.89967,16.358002,16.241898,20.903023,19.199888,23.609585,21.210775,25.81757,27.509047,27.58307,22.264011,27.071074,24.541418,22.882597,24.441795,20.713264,20.340494,23.836733,19.900213,17.234106,19.728539,19.754028,21.589561,23.853848,25.771889,27.027828,24.65916,21.149113,17.351238,19.124224,16.777,13.338193,17.039238,14.73544,18.910778,18.421284,21.479902,23.20543,20.743538,15.884128,12.267666,10.2021885,6.3570027,7.5393844,2.3448462,8.319978,9.884115,12.758238,16.464813,18.138794,21.690666,23.854288,24.684767,21.961037,19.263266,18.0308,15.888442,15.811652,10.608353,14.726196,8.904346,13.551159,16.686226,16.10043,13.081232,15.349555,10.854962,14.209003,12.103121,16.021389
8,24.23876,20.927074,18.427774,15.110414,12.35708,10.392432,7.229812,4.515214,0.0,7.417603,9.577002,12.494333,14.4742565,13.905899,13.947231,10.50845,12.53302,9.181813,13.033554,12.935658,17.323225,17.74472,21.395363,23.533049,25.628643,24.07812,21.156538,17.90334,13.771586,16.247297,9.743577,14.300395,13.654659,15.284122,17.01783,18.90797,22.561676,21.318369,19.283894,17.32596,17.101103,16.21158,12.988125,12.846117,18.174337,16.506104,21.176218,19.341167,23.543636,25.20916,24.635498,19.11425,23.648378,20.54281,19.016817,20.416576,16.408373,16.065073,19.498783,15.436699,12.757305,15.343888,15.686143,17.845606,20.665226,22.704082,24.594353,23.020967,19.54511,15.193093,16.122799,14.061517,9.883577,13.680901,11.227379,15.443585,15.428535,18.373175,20.706945,18.977081,14.535652,10.513965,7.9638634,4.084114,3.2455933,3.2571046,7.0530295,9.999579,12.71454,16.644567,18.582512,22.315233,24.141077,24.985294,23.276863,20.510063,20.065517,17.147753,18.423716,12.577476,17.132668,11.556422,15.6311245,18.760086,19.163826,16.501173,19.11589,15.205312,18.543264,16.330877,20.128305
9,28.077663,25.576773,22.414913,20.079548,17.868225,14.232782,13.317528,6.802079,7.417603,0.0,7.5047755,7.526951,9.172695,10.128912,9.407939,8.852632,11.82771,11.069989,15.694728,17.29425,21.152397,22.702993,26.514265,28.62065,31.42546,30.379896,28.040411,24.462244,20.661798,21.99168,15.808596,18.29084,15.3289585,15.432092,17.026926,17.192953,21.54522,21.427721,19.878162,19.118402,19.738329,20.600006,17.327068,19.202196,24.435215,23.431732,28.004227,26.532566,30.772575,32.607,31.910753,26.362059,30.468563,26.889896,25.008818,25.553728,21.613596,20.06127,22.387293,18.903324,17.019842,20.645733,22.048115,24.100561,27.696283,28.986065,31.184523,29.753023,25.624107,21.811975,22.257446,19.206284,15.135846,17.345474,13.704153,17.026669,15.135957,17.790062,18.941917,15.9286585,11.016723,8.288623,5.7616196,4.983422,8.097403,7.548884,14.064726,15.991067,19.200125,22.95687,24.825382,28.332361,30.526863,31.258286,28.587084,25.761591,24.316967,21.967216,20.933502,15.646209,17.992758,11.587857,14.114058,16.363672,16.485018,14.020924,18.586456,13.899603,18.188103,16.923412,20.769142
10,31.758251,28.760399,26.727509,23.236279,21.211235,18.125904,16.627121,11.777589,9.577002,7.5047755,0.0,5.669509,6.2275877,5.638903,9.073998,7.0775375,11.375639,10.717223,15.249442,17.779589,20.496988,23.499949,25.747223,28.91866,31.099386,29.580252,27.689363,23.435701,19.844397,19.92272,13.755547,15.174191,9.521431,11.624445,11.159065,11.814941,16.130611,15.335422,15.00926,15.260068,13.97598,16.282051,12.5767975,16.364542,21.56657,21.59961,25.972782,26.025724,29.523434,31.836798,30.182014,24.799675,27.449356,23.33039,20.880272,20.38703,16.940916,14.367371,16.16467,13.895875,12.418256,17.674969,19.870956,22.865643,26.889202,28.893751,31.904709,31.410336,27.847094,23.336117,22.767475,20.55683,15.70292,17.473728,13.288927,15.803746,14.01844,15.789158,17.943146,16.195204,12.534164,10.103304,5.703477,7.7134748,7.5994873,10.912663,15.84872,17.802534,21.332302,24.900774,27.486221,30.583084,32.997917,34.270752,32.72853,30.040163,29.426817,26.663778,27.1222,21.36311,24.623764,18.364992,20.884377,23.096624,23.812712,21.47242,25.836134,20.99358,24.951525,22.901894,26.396967
11,35.137577,32.398838,29.626911,26.794878,24.4803,21.213305,19.537336,13.843911,12.494333,7.526951,5.669509,0.0,5.3718734,7.9217615,10.772177,11.187565,15.3820305,15.375795,20.091791,22.516495,25.593592,28.22169,31.000086,33.873405,36.24451,34.77093,32.540623,28.544659,24.698097,25.355705,18.908058,20.777815,15.004524,16.514761,15.930614,15.463777,20.006062,19.799212,19.930685,20.582703,19.410807,21.923418,18.060972,21.419167,26.915426,26.560717,31.104053,30.685623,34.287575,36.187557,34.56733,29.030165,32.13778,27.573433,25.672012,25.104593,21.218685,18.599976,19.259995,16.720959,16.049803,20.471342,23.17212,25.455503,30.1486,31.024405,34.22099,33.949863,29.638308,25.700054,24.753809,21.677204,17.29403,17.869402,13.428385,15.086569,12.039957,13.566954,14.507643,11.864041,8.359621,7.655937,5.331649,9.032288,11.056297,13.886584,19.474485,21.863646,25.113287,28.92009,31.041088,34.565365,36.63115,37.360023,35.29998,32.384136,31.272223,28.4424,27.762127,22.16272,24.043152,17.938612,19.02131,20.506407,21.712185,19.978495,25.381662,21.08078,25.520273,24.39844,28.143412
12,34.764626,32.342842,30.001347,27.101492,25.44688,21.497925,21.197731,15.132464,14.4742565,9.172695,6.2275877,5.3718734,0.0,3.6712658,6.715104,8.616798,12.4767685,13.902926,18.19818,21.536299,23.825407,27.38435,29.797117,32.79288,35.518356,34.47076,33.034355,28.665781,25.361534,24.847982,19.30209,19.375114,13.363741,13.211634,12.832531,11.238238,15.806118,16.445715,16.504042,17.758047,17.795416,20.95547,17.872936,22.23045,27.03502,27.37525,31.598673,31.688932,35.349335,37.82527,36.297848,30.949017,33.459526,29.407742,26.738163,25.892372,22.82105,19.853712,20.925566,19.359789,18.344833,23.657507,26.053213,28.913494,33.05452,34.79594,37.775272,37.094368,33.2453,28.97467,28.519941,25.853104,21.20638,22.490526,18.090752,20.021858,17.20692,18.510948,19.542011,16.93561,13.575146,12.728716,9.473267,12.055063,13.2963705,14.943608,20.982038,22.371073,26.185917,29.649513,32.226505,35.117,37.882504,39.19459,36.99856,34.324665,33.130657,30.81321,30.058527,24.781916,26.989164,20.630613,22.343964,23.883009,24.17214,22.053019,27.090666,21.897808,26.002403,24.431818,27.665375
13,33.13444,30.627838,28.822609,25.552061,24.205568,20.300987,20.347488,14.828558,13.905899,10.128912,5.638903,7.9217615,3.6712658,0.0,5.495078,6.083523,9.858148,11.45056,15.38835,19.048046,20.840326,24.873682,26.821064,30.031816,32.68842,31.7002,30.649805,26.094847,23.12035,21.965912,16.974974,16.1774,10.142371,9.627444,9.277322,7.8981047,12.498543,13.028788,12.839737,14.160108,14.501001,17.798895,15.139771,19.936024,24.293463,25.037506,29.0223,29.52334,33.067772,35.859528,34.31242,29.15849,31.223896,27.54196,24.463106,23.55715,20.995466,18.014086,19.640633,18.505968,17.140322,22.873444,24.960384,28.227592,31.91495,34.342335,37.20188,36.388985,33.026684,28.458641,28.226534,26.073317,21.237453,23.085629,18.841185,21.103115,18.845556,20.224302,21.854313,19.67813,16.198849,14.615145,10.598962,12.4352255,12.60471,14.148229,19.725872,20.643595,24.65629,27.870417,30.768288,33.275322,36.335896,38.037846,36.145355,33.65059,32.739697,30.53286,30.404594,25.109856,28.057127,21.639593,24.106014,26.020906,26.036957,23.585888,28.006338,22.471151,26.226345,24.071877,27.049492
14,29.740711,27.800222,25.76815,23.135567,22.285688,17.666517,19.192003,13.167421,13.947231,9.407939,9.073998,10.772177,6.715104,5.495078,0.0,5.0456915,6.987329,9.937848,13.486063,17.243729,19.166864,22.919022,25.61786,28.185286,31.500566,31.131746,30.355595,26.00596,23.310087,22.172857,17.816502,16.616716,12.908705,9.819611,11.945344,10.255859,14.307963,15.669526,13.986895,14.458338,17.124405,19.417158,17.503454,21.515734,25.4499,25.947073,29.831226,29.69483,33.725067,36.592754,35.72693,30.608892,33.237083,30.245052,27.088911,26.808203,24.297323,21.871214,24.266006,22.594767,20.685394,25.98323,27.41139,30.497341,33.5575,36.152355,38.378696,36.754726,33.466858,29.096151,29.731344,27.445314,22.87562,25.360403,21.373615,24.265327,22.066914,23.947128,25.234003,22.37953,18.190704,16.380163,12.656037,13.120494,13.910322,12.951914,19.19781,19.265774,23.440529,26.415852,29.214632,31.423662,34.85052,36.66757,34.09522,31.771288,30.403475,28.87002,27.998722,23.407001,26.096655,19.80077,22.611357,24.521387,23.576984,20.865902,24.780453,18.797548,22.191442,20.042158,22.641752
15,27.134329,24.650143,23.104086,19.752075,18.784172,14.724583,15.661907,10.731147,10.50845,8.852632,7.0775375,11.187565,8.616798,6.083523,5.0456915,0.0,4.3562036,5.519038,9.587336,13.146784,15.262064,18.972202,21.387613,24.266523,27.19536,26.505085,25.596224,21.15994,18.421059,17.293104,12.810497,11.883094,8.818788,6.7012033,9.290276,9.558901,13.377498,13.548143,11.314258,10.826059,13.034941,14.662066,12.70589,16.510933,20.43058,20.932167,24.819818,24.842447,28.756884,31.692291,30.753992,25.717993,28.235882,25.453278,22.23119,22.204437,19.791218,17.719603,20.79943,18.989756,16.665287,21.92556,22.984062,26.300245,28.99643,32.07429,34.23891,32.669426,29.810507,25.169397,25.879742,24.144682,19.470787,22.473059,18.809814,22.057299,20.632605,22.703127,24.725792,22.489431,18.209633,15.480354,11.177375,10.781876,10.225778,9.702344,15.063514,15.149502,19.361383,22.318722,25.340942,27.530775,30.888498,32.880527,30.9125,28.646322,27.830273,26.01376,26.30013,21.336536,25.07109,18.828503,22.420694,24.880299,24.241844,21.309946,24.567616,18.75981,21.933502,19.14213,21.888237
16,24.239275,22.127827,21.072811,17.875118,17.733759,13.373038,15.871259,11.776163,12.53302,11.82771,11.375639,15.3820305,12.4767685,9.858148,6.987329,4.3562036,0.0,4.460674,6.612792,10.73643,12.2076845,16.259777,18.737978,21.295504,24.679602,24.57325,24.331287,19.973995,17.964607,16.149384,13.260041,10.9435835,10.608235,6.1793447,10.619888,10.922843,13.671588,14.265611,10.817716,9.43287,13.890227,14.6415205,13.979225,17.241484,20.10919,20.824942,24.23571,24.198027,28.255264,31.488892,31.028896,26.350906,28.756516,26.856064,23.363396,23.683771,21.874382,20.23814,23.876389,22.217093,19.567663,24.570465,24.977509,28.361198,30.221313,33.863934,35.497738,33.33689,31.003952,26.401993,27.799215,26.423512,22.000515,25.536728,22.238642,25.779264,24.626633,26.843782,28.900831,26.563545,22.087873,19.192053,15.056932,13.825467,13.008659,10.73789,15.370019,14.157698,18.517826,20.88273,24.1058,25.596886,29.499147,31.934898,29.81421,27.897997,27.056646,25.873978,26.220945,21.922478,25.928564,20.03847,24.151257,26.734074,25.40702,22.232714,24.524128,18.43401,20.818233,17.512907,19.559084
17,22.240591,19.49928,18.52017,14.726709,14.14115,10.479242,12.023012,9.204761,9.181813,11.069989,10.717223,15.375795,13.902926,11.45056,9.937848,5.519038,4.460674,0.0,4.7859926,7.6558585,10.372121,13.500646,16.264555,18.92723,21.88275,21.305256,20.453245,16.168262,13.728818,12.71763,9.0908575,8.404498,9.534188,7.6321034,11.422603,13.140674,15.86685,15.338181,11.949739,9.496479,12.607659,12.0869055,11.055863,13.245982,16.486765,16.707127,20.39371,20.02303,24.165007,27.21573,26.794422,22.023918,24.822412,22.992363,19.777042,20.61001,18.508032,17.47528,21.594622,19.40978,16.449093,20.89964,20.903568,24.21745,25.826563,29.587767,31.113491,28.97203,26.817822,22.129066,23.644388,22.595367,18.302372,22.202623,19.3576,23.159534,22.637667,25.058786,27.48659,25.53516,21.043104,17.597834,13.555994,11.481235,9.803749,7.532579,11.102983,10.141101,14.47538,17.079235,20.318209,22.162748,25.739435,28.070776,26.372606,24.383087,23.959927,22.401897,23.63148,19.010006,23.701712,18.03255,22.553982,25.482134,24.537949,21.34327,23.224026,17.641373,19.99272,16.477634,18.92616
18,19.770494,17.20606,17.432377,13.460195,14.040079,10.925813,13.734593,12.742192,13.033554,15.694728,15.249442,20.091791,18.19818,15.38835,13.486063,9.587336,6.612792,4.7859926,0.0,4.68865,5.796357,9.934692,12.172225,14.813812,18.067663,18.06379,18.233093,13.981077,12.849335,10.486785,9.872721,6.971442,11.52114,8.584867,12.990423,15.008467,16.505682,15.985569,11.76627,8.230321,13.084289,11.37603,12.200601,13.684986,15.125565,15.872846,18.677954,18.629885,22.650639,26.154455,26.148666,22.057735,24.290169,23.621038,20.081093,21.201086,20.0883,19.542747,24.10818,22.387924,19.257952,23.399548,22.703705,26.157333,26.702156,31.256664,32.26063,29.672138,28.40014,23.752707,25.819288,25.445889,21.495178,25.754053,23.347063,27.218756,27.052938,29.457867,32.06954,30.258099,25.777235,22.23834,18.255503,15.931864,13.8459215,11.082578,12.557005,9.932625,14.06661,15.597113,19.235653,19.97977,24.20738,27.219378,25.828651,24.366232,24.276295,23.327435,25.14908,21.252588,26.33564,21.238565,26.129429,29.168385,27.800997,24.48246,25.320507,19.81442,21.187098,17.116083,18.611814
19,16.163073,13.073138,13.780123,9.332892,10.234585,8.482825,11.2213335,12.600225,12.935658,17.29425,17.779589,22.516495,21.536299,19.048046,17.243729,13.146784,10.73643,7.6558585,4.68865,0.0,4.996278,5.8505945,9.48953,11.455898,14.609052,14.537845,14.225294,10.548094,9.642951,8.602583,8.988802,8.393898,14.48016,12.94623,16.87018,19.347116,20.839832,19.842213,15.780424,11.877818,15.536137,12.288356,13.2395315,12.467704,13.359179,13.1966305,15.840488,14.815418,19.160063,22.44724,23.053658,19.216896,22.095745,22.152184,19.145449,21.11628,19.906641,20.288168,25.204258,22.94608,19.614288,22.60915,21.101978,24.169043,23.830584,28.58744,28.984337,25.92749,25.189867,20.780659,23.485065,23.585464,20.277338,24.915659,23.26401,27.355042,27.78297,30.410213,33.1528,31.525803,27.011702,23.168474,19.676043,16.587881,14.283669,10.939956,9.963383,6.269703,9.904276,10.973221,14.68519,15.31989,19.537018,22.670055,21.553242,20.307083,20.63982,19.835232,22.515335,19.052862,24.629183,20.334486,25.55141,28.809118,27.451143,24.163057,24.007479,19.252888,20.00938,15.7719145,17.139042
20,17.808504,15.234822,17.21335,13.078076,14.717457,13.219304,16.14875,17.243748,17.323225,21.152397,20.496988,25.593592,23.825407,20.840326,19.166864,15.262064,12.2076845,10.372121,5.796357,4.996278,0.0,6.2485743,6.688475,9.556902,12.776853,13.358232,14.850418,11.010367,11.844802,8.226195,11.529471,7.901739,15.075885,12.772384,16.656456,19.184704,19.557802,18.634098,14.28792,10.2035265,14.951033,11.642912,14.185773,14.221443,13.268572,14.465474,15.877984,16.256784,19.82923,23.73918,24.219858,21.169903,22.664888,23.476141,19.891817,21.48148,21.436592,21.66958,26.605623,25.246792,22.021141,25.444885,23.911087,27.359816,26.60012,31.98051,32.378033,29.452627,29.334108,24.851885,27.381853,27.893017,24.460701,28.998728,27.225618,31.11434,31.511965,33.903145,36.8107,35.32908,30.942657,27.208311,23.35839,20.7484,18.151754,15.512549,14.597005,10.955189,13.966594,13.97153,17.876804,17.220251,21.916441,25.65914,25.06744,24.266056,24.850344,24.36864,27.222996,24.01534,29.556845,25.216013,30.39121,33.59119,32.093338,28.758415,28.553411,23.572893,24.028923,19.657234,20.268904
21,12.636237,9.491651,12.351601,8.288983,10.7127,11.09986,13.998686,17.24058,17.74472,22.702993,23.499949,28.22169,27.38435,24.873682,22.919022,18.972202,16.259777,13.500646,9.934692,5.8505945,6.2485743,0.0,5.9735627,5.990312,9.541963,10.438516,11.091014,8.988725,10.263747,9.463164,12.789544,12.278114,19.536478,18.115784,21.933323,24.597612,25.47789,24.34332,20.172205,16.04085,19.646656,15.40504,17.320839,15.054759,13.88639,13.456886,14.563485,12.980086,17.059767,20.376596,21.961657,19.304426,21.967112,23.548893,20.917408,23.485096,22.96538,24.112799,29.236849,27.051208,23.690819,25.712503,23.340208,26.035204,24.240858,29.519419,28.995728,25.295088,25.778364,21.91122,25.306149,26.16653,23.67128,28.49109,27.554071,31.672016,32.57467,35.26472,38.12571,36.665462,32.182808,28.22978,25.045563,21.66008,19.273628,15.809671,12.875977,8.553396,9.859594,8.555578,12.244764,11.033817,15.917252,19.823381,19.335331,18.959679,19.937965,19.934841,23.495846,21.204403,26.948654,23.764881,29.120338,32.44855,30.843475,27.623253,26.176865,22.239498,21.865255,17.55959,17.868103
22,17.34421,14.5023985,18.100384,14.022036,16.048967,16.65146,18.671394,21.776787,21.395363,26.514265,25.747223,31.000086,29.797117,26.821064,25.61786,21.387613,18.737978,16.264555,12.172225,9.48953,6.688475,5.9735627,0.0,4.7174544,6.2750726,7.2121725,10.358947,7.966117,11.208078,7.881495,13.988314,11.732007,19.657152,18.689968,21.805202,24.892616,24.780573,23.227528,19.309483,15.253557,18.379885,13.745962,17.008554,15.0501585,11.685077,12.79997,12.236837,12.90975,15.572392,19.675491,20.772755,19.16208,19.940468,22.459251,19.367508,21.642775,22.457708,23.712809,28.829268,27.597025,24.40006,26.609293,24.152615,27.307795,25.062271,31.118414,30.81887,27.720856,28.94566,24.853241,27.710602,29.229374,26.565502,31.213446,30.28558,34.093983,35.207573,37.58289,40.80246,39.788155,35.597897,31.652164,28.108955,25.20856,22.170893,19.981026,16.784925,13.124834,14.245563,12.594659,16.296257,14.243792,18.810228,23.125399,23.87012,23.751656,25.28581,24.993153,29.15006,26.512383,32.451283,28.99837,34.30313,37.667603,36.338924,33.104965,32.030895,27.906397,27.752829,23.406395,23.608507
23,13.784408,11.5276,15.996677,12.910492,15.722458,16.850061,19.555954,23.221457,23.533049,28.62065,28.91866,33.873405,32.79288,30.031816,28.185286,24.266523,21.295504,18.92723,14.813812,11.455898,9.556902,5.990312,4.7174544,0.0,4.870242,7.847844,10.999266,10.493415,13.709872,11.965393,17.34664,15.90631,23.73461,22.281816,25.850657,28.659443,28.73303,27.494085,23.35904,19.271376,22.866455,18.26048,21.163507,18.621334,15.524406,15.71735,14.913062,14.146675,16.95512,20.499224,22.559523,21.349504,22.832016,25.770271,23.179247,25.812775,26.304512,27.790892,32.954807,31.292763,28.016516,29.710949,26.919584,29.576757,26.761156,32.595592,31.579481,27.780842,29.370857,25.84281,29.323885,30.833122,28.676819,33.47031,32.83581,36.82984,37.99474,40.578186,43.62749,42.38511,38.002777,34.019844,30.768808,27.480007,24.837334,21.754225,18.265816,14.179429,14.425884,11.744905,14.8107,11.554819,16.514801,21.082087,21.589762,22.035297,23.556454,24.048672,28.118883,26.465084,32.20606,29.495777,34.85381,38.18886,36.480747,33.294147,31.312054,27.70001,26.764189,22.515045,22.025446
24,17.136822,14.494774,19.091486,15.775524,18.008732,20.079039,21.590256,26.007936,25.628643,31.42546,31.099386,36.24451,35.518356,32.68842,31.500566,27.19536,24.679602,21.88275,18.067663,14.609052,12.776853,9.541963,6.2750726,4.870242,0.0,4.065793,8.607915,9.495061,13.6535635,12.173247,18.321617,17.428808,25.297356,24.87015,27.787016,31.045174,30.893606,29.122334,25.40207,21.389078,23.756485,18.692587,21.805395,18.475391,14.229672,14.472231,12.288471,12.185075,13.726352,17.33746,19.49731,19.407204,20.04526,23.92818,21.726566,24.581377,25.654486,27.662855,32.760242,31.350864,28.228651,29.249493,26.071293,28.599806,25.02985,31.25078,30.058107,26.60453,29.02322,25.661285,28.928041,31.119719,29.326376,33.97782,33.79873,37.565166,39.180023,41.61957,44.92973,44.143738,40.04455,35.987545,32.842533,29.632013,26.583609,24.35528,19.858374,16.408405,15.845339,12.833668,15.5510025,12.085235,16.064243,20.707777,22.55603,23.196346,25.428661,25.531837,30.493513,28.684769,34.66262,32.19078,37.4902,40.910294,39.60818,36.520912,34.56449,31.325457,30.551403,26.415169,26.21612
25,19.26021,15.917776,19.921131,16.018593,17.452581,19.971024,20.331085,25.1026,24.07812,30.379896,29.580252,34.77093,34.47076,31.7002,31.131746,26.505085,24.57325,21.305256,18.06379,14.537845,13.358232,10.438516,7.2121725,7.847844,4.065793,0.0,5.346069,6.587987,10.996615,10.126538,16.166727,16.183285,23.734419,24.320984,26.68887,30.284237,30.310904,28.09594,24.770916,20.839727,22.004559,16.682997,19.52433,15.555921,10.992815,11.006368,8.331914,8.72887,9.814558,13.719924,15.523789,15.593557,16.011396,20.071392,18.150675,21.21683,22.345545,24.686531,29.703588,28.306568,25.303486,25.887136,22.568178,25.089083,21.390282,27.799889,26.842155,23.88159,26.427805,22.935526,25.84903,28.375154,26.693073,31.181763,31.24747,34.816975,36.71031,39.030624,42.49639,42.05366,38.2166,34.145267,31.12491,28.035534,24.710615,23.291553,18.19509,15.464071,14.62073,12.049563,14.824003,12.383558,15.497439,19.81023,22.318867,22.623636,25.197527,24.610888,30.088806,27.731754,33.888042,31.331104,36.513515,39.980095,39.139275,36.1426,34.58916,31.482592,31.183384,27.144245,27.561342
26,19.028385,15.027197,18.07042,14.015435,14.453596,17.899277,16.905508,22.49399,21.156538,28.040411,27.689363,32.540623,33.034355,30.649805,30.355595,25.596224,24.331287,20.453245,18.233093,14.225294,14.850418,11.091014,10.358947,10.999266,8.607915,5.346069,0.0,4.9314194,7.9114156,10.05301,14.097353,16.346495,23.139418,24.591307,26.745808,30.44875,31.198687,28.776966,25.702942,21.811144,22.018764,16.661306,18.313633,13.127605,9.989575,7.9533906,6.4974256,3.6823814,6.337716,9.613368,11.811234,11.222748,13.45216,17.011583,16.00998,19.645906,19.796585,22.588182,27.51734,25.404133,22.436848,22.064571,18.402082,20.409382,16.469894,22.677307,21.581188,18.589848,21.139496,17.78864,20.824265,23.54221,22.374668,26.793829,27.362043,30.890932,33.09889,35.50042,38.92523,38.64549,34.972588,30.882738,28.359468,25.092323,21.854784,20.775866,14.745201,12.959584,11.087412,8.914406,11.219018,10.364998,12.221967,15.905248,18.828352,18.764647,21.669788,20.468115,26.465067,23.909096,30.093298,27.924288,32.905785,36.380386,35.94782,33.157837,31.660961,29.15012,29.128824,25.436289,26.477743
27,19.676916,15.620979,18.092108,13.307775,13.546294,15.752842,14.98198,19.513197,17.90334,24.462244,23.435701,28.544659,28.665781,26.094847,26.00596,21.15994,19.973995,16.168262,13.981077,10.548094,11.010367,8.988725,7.966117,10.493415,9.495061,6.587987,4.9314194,0.0,4.5113573,5.1519246,9.787333,11.431391,18.308205,19.767838,21.830276,25.554214,26.284487,23.866001,20.805933,16.959805,17.192408,11.86941,13.70895,9.23174,6.2240906,5.241137,5.669208,5.577195,8.870456,12.779446,13.402951,11.223941,13.022773,15.359007,13.209309,16.413141,16.550081,18.790422,23.888437,22.047016,18.939884,19.776869,16.765774,19.655006,17.121857,23.307764,23.226727,20.75721,22.12543,17.921148,20.416212,22.568657,20.412636,24.895884,24.735363,28.312809,30.134912,32.45337,35.91426,35.517162,31.776846,27.720188,24.740807,21.764545,18.289408,17.540022,12.3800125,10.481395,10.312732,9.537996,12.963787,12.900454,15.690513,19.19475,21.040203,20.379684,22.635956,21.111256,26.405428,23.01445,29.258118,26.10995,31.151253,34.615795,34.19677,31.249823,30.567295,27.234243,27.771814,23.862576,25.224833
28,20.336515,16.064793,17.20125,12.237989,11.291473,13.3463745,11.313682,15.829796,13.771586,20.661798,19.844397,24.698097,25.361534,23.12035,23.310087,18.421059,17.964607,13.728818,12.849335,9.642951,11.844802,10.263747,11.208078,13.709872,13.6535635,10.996615,7.9114156,4.5113573,0.0,5.903272,6.3470707,10.489353,16.062374,18.192337,20.0484,23.706099,25.155329,22.716171,19.928558,16.328098,15.844472,11.038497,11.312659,6.1835675,6.7548914,4.082702,7.8450093,6.439867,10.549982,13.525575,13.556409,9.614313,13.055064,13.606047,11.741569,14.983793,13.798196,15.958613,21.006893,18.483528,15.276928,16.05958,13.28964,16.22386,14.765352,20.379206,20.845675,18.660378,18.994528,14.373005,16.635506,18.376425,15.964244,20.501974,20.27591,23.936789,25.744438,28.149197,31.542381,31.130377,27.432596,23.366941,20.596804,17.571249,14.095861,13.828699,8.389608,7.778258,7.9936204,9.071438,12.308496,13.971466,16.170486,18.83089,20.094063,18.760593,20.715586,18.512272,23.58129,19.521013,25.731998,22.325506,27.197126,30.644981,30.562134,27.720457,27.584127,24.323923,25.433365,21.807758,23.865135
29,21.747768,17.978148,19.910357,14.894909,15.046532,15.58156,15.316988,18.097893,16.247297,21.99168,19.92272,25.355705,24.847982,21.965912,22.172857,17.293104,16.149384,12.71763,10.486785,8.602583,8.226195,9.463164,7.881495,11.965393,12.173247,10.126538,10.05301,5.1519246,5.903272,0.0,7.073195,6.456109,13.637509,14.996377,16.87636,20.64394,21.170649,18.747486,15.695593,11.931452,12.305693,7.070808,9.634076,7.3529806,5.0788364,6.7850804,8.423479,10.250266,13.048321,17.10749,16.6413,13.677558,14.496524,15.479831,12.040855,14.232934,14.613159,15.893319,21.036991,19.795254,16.666616,19.102093,17.08119,20.747671,19.641638,25.562521,26.36969,24.431118,24.855719,20.12098,21.917366,23.425293,20.281853,24.601475,23.564564,27.05542,28.354576,30.489899,33.956745,33.440235,29.689734,25.775253,22.22628,19.791628,16.134098,15.894749,12.526033,10.704484,12.463563,12.834599,16.656313,16.914213,20.237734,23.619509,24.665808,23.618868,25.242199,23.564253,27.978848,23.924725,30.000938,25.877176,30.849522,34.222515,33.789745,30.715115,30.91942,26.72769,27.820662,23.773893,25.337969
30,23.419647,19.498167,19.539219,14.639902,13.203317,12.961134,10.929626,12.599171,9.743577,15.808596,13.755547,18.908058,19.30209,16.974974,17.816502,12.810497,13.260041,9.0908575,9.872721,8.988802,11.529471,12.789544,13.988314,17.34664,18.321617,16.166727,14.097353,9.787333,6.3470707,7.073195,0.0,6.758494,10.072309,12.899197,14.273789,17.85211,19.809713,17.422873,15.031093,12.044444,10.890494,7.573169,6.01325,4.2700253,8.638875,8.198128,12.470389,12.625296,16.13509,19.050127,17.982096,13.17999,15.854692,14.137756,11.257661,13.095635,11.026399,11.700961,16.698835,14.289791,10.937495,13.973643,12.931688,16.646484,17.54423,22.205202,23.893118,22.502607,21.320278,16.23307,17.311863,17.832083,13.983924,18.190252,16.68488,20.29455,21.379055,23.63805,26.989594,26.395416,22.682188,18.763372,15.350866,13.007231,9.162453,10.281364,7.967089,8.555011,11.188503,13.692903,16.968666,19.168413,21.689423,23.944256,24.15447,22.240171,23.28266,20.734905,24.422907,19.365194,25.121542,20.42747,24.998388,28.276646,28.400768,25.51541,26.79026,22.642975,24.740532,21.25031,23.88086
31,24.287367,20.980766,21.915693,17.129183,17.039646,15.559291,15.949861,16.093473,14.300395,18.29084,15.174191,20.777815,19.375114,16.1774,16.616716,11.883094,10.9435835,8.404498,6.971442,8.393898,7.901739,12.278114,11.732007,15.90631,17.428808,16.183285,16.346495,11.431391,10.489353,6.456109,6.758494,0.0,7.929489,8.614684,10.597575,14.216702,14.930851,12.802898,9.524727,5.878992,7.388325,4.424409,6.57495,8.964965,9.784652,11.861418,14.41409,16.212488,19.178871,23.020111,21.978811,18.191227,18.931606,18.14183,14.04706,14.706722,14.586284,14.150411,18.917246,18.143768,15.158182,19.510965,18.882956,22.939577,23.497307,28.650566,30.248644,28.657248,27.89833,22.870092,24.034863,24.494358,20.389223,24.331656,22.163492,25.525167,25.94417,27.898811,31.135365,30.262575,26.456913,22.8674,18.725191,17.084177,13.69822,13.86958,13.509438,12.144227,15.526137,16.993244,20.846745,21.649786,25.293427,28.377213,28.381376,26.887016,27.675457,25.903437,29.013798,24.392199,29.94263,24.803444,29.486681,32.627308,32.135155,29.001211,30.31023,25.241543,27.0352,23.092138,24.952003
32,30.5476,27.312376,27.061422,22.586208,21.558788,19.187946,18.539602,16.241753,13.654659,15.3289585,9.521431,15.004524,13.363741,10.142371,12.908705,8.818788,10.608235,9.534188,11.52114,14.48016,15.075885,19.536478,19.657152,23.73461,25.297356,23.734419,23.139418,18.308205,16.062374,13.637509,10.072309,7.929489,0.0,6.348362,4.588563,8.474826,10.54678,8.077288,7.33359,7.388496,4.5977583,7.990464,5.9613504,11.901645,15.15398,16.919529,20.246246,22.11217,24.835854,28.14314,26.173613,21.697065,22.343952,19.422947,15.552698,14.529219,13.385984,10.851815,14.202282,14.108388,11.980591,17.96487,19.155884,23.287512,25.81133,29.7825,32.508045,31.925554,29.971273,24.876392,24.714182,24.235073,19.44013,22.203587,18.996647,21.571224,21.145962,22.533161,25.608248,24.865017,21.646124,18.759697,14.366112,14.565771,11.696723,14.282592,16.437054,16.859226,20.531738,23.060078,26.528849,28.340027,31.45727,33.835155,33.43099,31.353535,31.650198,29.234526,31.376974,25.92873,30.633623,24.715664,28.442436,31.159023,31.331276,28.51262,31.460419,26.178976,29.104221,25.841755,28.45246
33,28.275204,25.75807,25.563803,21.623177,21.43179,17.975372,19.357306,16.163107,15.284122,15.432092,11.624445,16.514761,13.211634,9.627444,9.819611,6.7012033,6.1793447,7.6321034,8.584867,12.94623,12.772384,18.115784,18.689968,22.281816,24.87015,24.320984,24.591307,19.767838,18.192337,14.996377,12.899197,8.614684,6.348362,0.0,5.0072045,6.494296,8.29143,8.2003975,4.7915487,4.774697,8.775161,11.100683,11.011916,15.911864,18.174847,20.003492,22.974272,24.37712,27.648026,31.26958,30.062052,25.733068,26.738264,24.719349,20.678404,20.132652,19.297478,17.124891,20.510225,20.15327,17.818039,23.535812,24.273438,28.2262,30.19699,34.347523,36.489395,35.03229,33.11218,28.144424,28.851063,28.043749,23.321644,26.532442,23.143253,26.153088,25.198023,26.875301,29.40895,27.80454,23.978779,21.216028,16.698954,16.412214,14.492037,14.558283,17.905216,17.0061,21.211246,23.35065,26.967106,28.152628,32.037357,34.785503,33.596516,31.7524,31.525524,29.914661,31.20532,26.42451,30.847597,24.839273,28.81219,31.42569,30.684198,27.628683,30.221577,24.30956,26.798326,23.353819,25.333448
34,32.720787,29.893768,29.688972,25.478067,24.838272,21.817768,22.07809,18.888151,17.01783,17.026926,11.159065,15.930614,12.832531,9.277322,11.945344,9.290276,10.619888,11.422603,12.990423,16.87018,16.656456,21.933323,21.805202,25.850657,27.787016,26.68887,26.745808,21.830276,20.0484,16.87636,14.273789,10.597575,4.588563,5.0072045,0.0,4.292821,6.0464096,4.4454646,4.5663614,7.0872564,6.6409416,11.123103,10.307884,16.289642,18.83506,21.022848,23.975157,26.093973,28.790703,32.325764,30.408314,26.127758,26.370832,23.648212,19.590368,18.115854,17.547413,14.631649,17.133873,17.789606,16.100641,22.27324,23.685556,27.810278,30.387976,34.337574,37.08053,36.39009,34.35551,29.291485,29.179436,28.452927,23.576738,26.116875,22.560741,24.892567,23.881714,25.013365,27.720444,26.679089,23.554926,21.173618,16.71251,17.453318,15.29743,17.19827,20.28318,20.216888,24.176126,26.527737,30.11394,31.57953,35.092182,37.670376,36.940216,34.932583,34.937935,32.8291,34.39854,29.137775,33.482086,27.33118,30.86158,33.346134,33.22015,30.387606,33.59962,27.899223,30.81599,27.5899,29.902214
35,34.54576,32.092766,31.528204,27.730354,27.17912,23.535728,24.339128,20.124552,18.90797,17.192953,11.814941,15.463777,11.238238,7.8981047,10.255859,9.558901,10.922843,13.140674,15.008467,19.347116,19.184704,24.597612,24.892616,28.659443,31.045174,30.284237,30.44875,25.554214,23.706099,20.64394,17.85211,14.216702,8.474826,6.494296,4.292821,0.0,4.6021285,5.996754,6.6682496,9.879427,10.899591,15.30208,14.398312,20.259584,22.973299,25.014715,28.061377,29.901455,32.833122,36.337086,34.548477,30.119806,30.621117,27.74679,23.796846,22.244707,21.42348,18.268534,20.148863,20.762388,19.338799,25.590704,27.290577,31.248972,34.13705,37.73898,40.524494,39.716354,37.30938,32.353565,32.260246,31.054962,26.118237,28.397917,24.484503,26.657679,25.015783,26.024384,28.22014,26.736324,23.656044,21.81437,17.487919,18.718397,17.418856,18.818884,22.983875,22.846846,27.011795,29.47061,32.974022,34.472645,38.14615,40.65026,39.4092,37.33328,36.922405,35.00762,35.79572,30.682278,34.46048,28.13742,31.287733,33.464237,33.132404,30.394068,34.013138,28.08557,31.14018,28.201176,30.421116
