,0,1,2,3,4,5,6,7,8,9,10,11,12,13,14,15,16,17,18,19,20,21,22,23,24,25,26,27,28,29,30,31,32,33,34,35,36,37,38,39,40,41,42,43,44,45,46,47,48,49,50,51,52,53,54,55,56,57,58,59,60,61,62,63,64,65,66,67,68,69,70,71,72,73,74,75,76,77,78,79,80,81,82,83,84,85,86,87,88,89,90,91,92,93,94,95,96,97,98,99,100,101,102,103,104,105,106,107,108,109,110,111,112
0,0.0,4.343906,6.8370605,9.459338,12.664697,15.154114,18.5315,20.981865,24.09925,27.137444,28.822914,33.868946,30.396832,27.928478,23.048111,22.725857,18.341764,19.758966,15.456067,17.626001,16.995636,17.29879,19.913883,22.266195,25.566048,24.904123,23.552197,22.54309,24.073992,21.913776,26.508324,24.662472,30.518826,30.258945,34.487717,37.487587,33.530315,33.587074,26.99678,29.915897,25.984718,28.558863,25.981554,27.119335,27.408175,27.796726,29.358828,31.329428,31.248077,33.770817,32.650497,30.668594,30.154863,34.368446,32.126247,36.880318,34.607918,34.36516,40.410378,37.343826,39.55785,33.876774,35.652817,32.7684,35.03029,33.416416,32.64571,35.801704,38.138252,36.899323,38.238335,34.25596,37.87858,34.0841,39.2049,35.347286,41.59622,39.207428,42.36326,42.52239,40.727676,44.34996,41.058567,36.502644,33.44486,32.027065,28.237104,27.495201,21.215935,19.94628,16.095375,14.071183,14.00973,16.196354,18.90202,18.948204,20.347525,22.920433,24.072506,23.088148,25.857918,27.942936,29.307512,27.684738,28.137228,28.047672,28.720482,28.289722,30.850578,29.061874,33.311,33.46693,37.890205
1,4.343906,0.0,5.2877126,6.6203218,9.2593775,12.588805,15.395673,18.478292,21.669216,24.65114,27.007378,31.80926,28.884916,26.834446,21.62575,21.238148,17.230747,18.03633,14.931744,15.823186,16.079996,15.863131,19.278246,21.033255,23.8717,23.714241,21.728275,21.61099,22.425705,21.563328,25.583784,24.513393,29.899828,30.400051,34.55556,37.827656,34.189537,34.27982,27.603937,30.040562,26.278307,28.072422,25.424881,25.89464,26.227718,25.980862,27.927118,29.322502,28.884888,31.956755,31.086697,29.608921,29.572165,33.37884,31.517664,36.50151,33.96324,33.22813,38.955997,35.59504,37.32617,31.65334,32.814175,29.74894,31.594013,29.950853,28.806335,32.019802,34.45923,33.381676,34.948235,31.31022,35.199837,31.76499,37.027214,33.623928,40.02859,38.033825,41.426052,41.805336,39.875984,43.30797,40.0584,35.438248,32.129528,30.357037,26.885208,25.473742,19.116167,17.302296,13.537461,11.001096,10.121721,13.053021,16.052261,15.578686,16.588934,19.389297,21.002771,19.410484,21.910696,24.461218,26.14221,24.335125,24.311064,24.006308,24.901829,24.72507,27.476902,26.237122,30.480158,31.11983,35.444138
2,6.8370605,5.2877126,0.0,5.459543,7.3345966,9.012909,12.921914,14.421418,18.112873,20.721497,22.705202,27.795242,24.653929,22.547201,17.200686,17.763577,13.906409,15.916237,13.284812,15.609891,16.89689,17.6518,21.28625,23.648495,26.25613,25.413858,22.446459,22.244532,21.858843,20.136862,23.719461,21.646862,27.10935,26.950865,31.571083,34.578197,30.851486,31.448313,24.942574,27.68861,24.540623,26.315218,24.875706,25.446302,26.638538,26.46614,29.741596,31.15674,30.109503,33.10388,31.440407,30.419918,29.861824,33.101933,30.626497,35.527054,32.35116,31.557076,37.292816,33.683575,35.837627,30.128382,31.465616,28.84558,30.481482,29.917128,28.47202,32.117073,34.046833,33.22964,34.32444,30.970453,34.458916,30.931746,36.154884,32.421604,38.973923,36.33341,39.67704,39.61759,37.221004,40.30107,36.692757,32.176643,28.791939,27.671976,23.576235,23.158665,16.77462,15.8014765,12.839745,11.51649,11.799197,15.940627,18.444525,16.885942,18.300924,21.377594,22.384123,19.807297,23.07592,26.131416,26.955729,24.290678,24.4241,23.962158,23.921864,23.849123,25.483152,24.42959,28.358696,28.681877,33.19325
3,9.459338,6.6203218,5.459543,0.0,3.8311565,6.6843405,9.190888,12.865257,15.315376,18.658438,20.981377,25.544054,22.768782,20.92484,15.8310995,14.913253,11.2515,11.709929,9.979861,10.579323,12.472498,12.964757,17.069963,19.133266,21.353035,20.61396,17.246115,17.61183,16.928053,16.560905,19.802776,19.15672,24.028215,25.167786,29.192959,32.668583,29.437172,29.593214,23.00245,24.936495,21.648195,22.656048,20.679316,20.714827,21.772812,21.24507,24.756838,25.922752,24.702261,27.840569,26.326149,25.5679,25.397404,28.426523,26.428783,31.501083,28.427963,27.331493,32.875015,29.285378,31.065159,25.36624,26.601414,23.788446,25.76095,24.76688,23.80438,27.232151,29.209377,28.156342,29.274643,25.696264,29.304956,25.833801,31.11021,27.660444,34.213238,32.08579,35.588585,35.935333,33.788593,37.03234,33.80137,29.169432,25.751848,23.869907,20.52848,18.948639,12.564211,10.903866,7.553658,6.103263,7.387446,11.450764,13.47212,11.6520605,13.516922,16.447048,17.024168,14.739274,18.395708,21.022463,21.559044,19.052366,19.590511,19.578106,19.603655,19.097208,21.399052,19.826374,24.01595,24.531252,28.898348
4,12.664697,9.2593775,7.3345966,3.8311565,0.0,4.493225,6.224489,10.086215,12.916801,15.88035,18.922512,23.261292,21.117912,19.81822,14.441787,14.055483,11.3581085,11.589953,11.868416,11.58996,14.62735,14.915649,19.378872,20.980064,22.602192,22.157492,18.00532,19.213505,17.326496,17.962532,20.228859,19.923092,24.149807,25.652203,29.71619,33.218796,30.281193,30.692543,24.328684,25.926685,23.175323,23.44243,21.996908,21.422663,22.821957,21.696331,25.93022,26.503506,24.722,28.317358,26.801174,26.72317,26.8019,29.156624,27.329737,32.437046,28.93542,27.354074,32.45718,28.490862,29.896378,24.276718,24.802074,22.016169,23.273771,22.832487,21.169472,24.901278,26.75078,26.059599,27.236315,24.289904,27.986721,24.964075,30.294418,27.264051,33.927437,31.953701,35.608253,35.96601,33.507984,36.343746,33.01844,28.451149,24.785522,22.87928,19.681152,17.848627,11.638382,9.739863,7.6045003,6.5515957,7.0712385,12.177661,14.073321,11.156869,12.507353,15.714315,16.58223,12.934575,16.52472,19.990742,20.524036,17.367483,17.264488,16.813097,16.600903,16.573195,18.470224,17.861065,21.816753,22.806139,27.10181
5,15.154114,12.588805,9.012909,6.6843405,4.493225,0.0,4.6710343,6.199737,9.2126465,12.111251,14.646317,19.285707,16.834606,15.489608,9.98808,10.344395,8.174236,9.64115,10.904404,12.023475,15.663798,16.860495,21.07036,23.218824,24.684193,23.524277,18.781218,19.70124,16.769707,16.51069,18.12955,16.998426,21.068039,22.133007,26.47527,29.77051,26.888985,27.683556,21.621412,23.315582,21.248636,21.374598,21.1667,20.737305,22.931948,22.033066,27.305761,28.02107,25.818987,29.070715,26.77194,27.061337,26.595846,28.373821,25.981617,30.898405,26.866066,25.266565,30.340483,26.2201,28.125345,22.545155,23.45399,21.27728,22.535826,23.219124,21.612753,25.572258,26.783182,26.252258,26.790443,24.033447,27.124754,23.95496,29.105595,25.702276,32.386333,29.777742,33.33395,33.287224,30.44093,32.978683,29.36769,24.891394,21.171432,19.894749,16.102911,15.351575,9.336621,8.888427,8.345764,9.241208,11.095838,15.8376255,17.062044,13.783175,15.595918,18.58777,18.548069,14.610218,18.866434,22.247028,21.715767,17.94223,18.371412,18.025566,16.629614,16.45116,16.956274,16.177649,19.73678,20.205898,24.69092
6,18.5315,15.395673,12.921914,9.190888,6.224489,4.6710343,0.0,6.4441986,7.38804,10.619148,14.111726,17.727135,16.352097,15.826638,11.015445,10.14127,9.535518,8.781198,12.296365,11.111861,15.563141,16.25909,20.67619,22.143732,22.859898,22.085003,16.749208,18.72488,14.838068,16.650663,17.158659,17.699968,20.54984,22.970205,26.643925,30.25489,28.020348,28.555864,22.7852,23.537947,21.730385,20.730932,20.351877,19.015842,21.202393,19.56276,25.300663,25.36243,22.679296,26.3287,24.267948,25.240112,25.325687,26.452053,24.70887,29.676813,25.586607,23.397587,27.860313,23.522833,24.700598,19.246119,19.372938,17.01549,17.951908,18.722818,16.990677,20.981209,22.119867,21.669943,22.287354,19.876947,23.159792,20.471382,25.672354,22.949903,29.624989,27.683628,31.445948,31.79868,29.03274,31.405363,28.145962,23.70455,19.867517,17.793922,15.121538,12.827143,7.513942,6.0631256,7.2205396,8.582031,10.362911,14.711411,15.295009,11.318937,12.930119,15.678241,15.420795,10.756182,15.170404,18.666903,17.838284,13.681281,13.97089,13.72542,12.027386,11.805665,12.581273,12.212473,15.839889,17.012587,21.246672
7,20.981865,18.478292,14.421418,12.865257,10.086215,6.199737,6.4441986,0.0,5.3845196,6.3994737,9.641789,14.134507,12.553303,12.281798,6.95665,9.5176525,10.084969,11.859756,15.114618,16.170444,20.447735,21.853565,25.98853,28.02268,28.909311,27.613512,22.174006,23.526403,19.165571,19.215168,19.192266,17.835123,20.58528,21.55569,25.943247,28.905666,26.546764,27.94476,22.773838,24.079733,23.267588,22.535547,23.804338,22.948425,25.858063,24.63407,30.953022,31.22284,28.327423,31.621037,28.861948,30.027357,29.433218,30.07265,27.532084,32.102367,27.364786,25.301855,29.582243,25.054857,26.881311,21.768717,22.082796,20.699709,20.929384,23.315298,21.038412,25.293484,25.70146,25.790432,25.78726,24.124773,26.596458,24.009956,28.776459,25.701973,32.21662,29.323084,32.825497,32.421974,28.935314,30.569477,26.648262,22.556059,18.649588,18.16624,14.292502,14.541318,10.410758,11.168411,12.790852,14.450517,16.114132,20.877136,21.65925,17.760132,19.226908,22.034624,21.694855,16.807531,20.939667,24.778461,23.535671,18.965376,19.073324,18.345781,15.6909275,16.033436,14.310174,14.921405,17.292482,17.827873,22.133045
8,24.09925,21.669216,18.112873,15.315376,12.916801,9.2126465,7.38804,5.3845196,0.0,4.4175944,6.9812584,10.4203005,9.213714,9.5788965,6.238127,6.394028,9.169615,9.550933,14.547278,14.823028,19.43497,21.08361,24.865286,26.851,27.209526,25.548717,19.730797,21.303698,15.9671955,16.777111,15.38199,15.150783,16.500952,18.692204,22.326717,25.546423,23.904167,25.032337,20.39669,20.748732,20.548792,18.798634,20.696352,19.408499,22.739412,21.414507,28.454008,28.591282,25.326536,28.265848,25.081036,26.817232,26.166365,25.97905,23.56012,27.914541,22.963696,20.558168,24.422606,19.807768,21.67677,16.728106,17.334373,16.512754,17.22804,20.19282,18.777742,22.73343,22.555557,22.461433,21.791023,20.085617,21.937407,19.353666,23.840782,20.811743,27.185307,24.322926,27.85329,27.55649,24.064993,25.628128,21.966135,17.846344,13.87014,12.993188,9.808773,9.647611,7.421049,9.2210245,12.381972,15.071667,17.624537,21.46496,21.327208,17.416735,19.325392,21.524128,20.097383,15.768533,20.368914,23.355661,20.945683,16.289963,17.424664,17.440228,13.938227,13.417748,10.913649,10.366363,12.392002,12.487864,16.850065
9,27.137444,24.65114,20.721497,18.658438,15.88035,12.111251,10.619148,6.3994737,4.4175944,0.0,5.2901735,8.163445,8.48841,10.0966215,7.601905,9.932074,12.973706,13.934229,18.703373,19.211859,23.83241,25.407312,29.262419,31.145689,31.378557,29.859636,23.966343,25.677004,20.16632,20.877846,19.08781,18.361382,19.1202,20.716928,24.439672,27.196617,25.785942,27.40293,23.38462,23.785442,24.18901,22.328772,24.807869,23.452085,26.900936,25.42899,32.60493,32.486942,29.005255,32.06173,28.86591,30.910862,30.253946,29.636908,27.191906,31.249004,26.046936,23.502426,26.68558,21.947222,23.587551,19.264088,19.139482,18.8321,18.405836,22.379736,20.194899,24.284111,23.689625,24.176826,23.35669,22.65959,24.185293,22.23354,26.316895,23.714127,29.755957,26.800764,30.173494,29.584984,25.680935,26.414278,22.51173,18.948599,15.073055,15.131407,12.122048,12.926273,11.80738,13.450416,16.560053,18.936274,20.94219,25.1462,25.198227,21.0823,22.542238,24.822243,23.747026,18.843857,22.914541,26.417044,24.131348,19.238674,19.656116,19.132029,15.292076,15.538228,11.587162,12.90847,13.62426,13.993338,17.804043
10,28.822914,27.007378,22.705202,20.981377,18.922512,14.646317,14.111726,9.641789,6.9812584,5.2901735,0.0,5.5526586,3.4752944,5.539899,6.10999,8.938137,12.677702,14.525859,18.80609,20.54849,24.778566,27.004517,30.326124,32.788666,33.203873,30.965097,25.26478,26.181356,20.695263,19.896809,17.697039,15.771285,16.033302,16.62128,20.446198,22.719885,21.443377,23.463184,20.272661,20.770609,22.039654,20.383192,24.076347,23.309032,27.20056,26.405092,33.825443,34.21828,30.844547,33.147697,29.249882,31.172016,29.804832,28.911415,25.774464,29.30589,23.872025,21.774857,25.038261,20.64058,23.332952,19.3407,20.50291,20.9423,21.373629,25.514862,24.21023,27.998941,27.03437,27.24322,25.766838,24.650003,25.3027,22.872574,26.409735,23.082285,28.733192,24.828564,27.788532,26.561922,22.342783,22.835476,18.517344,15.206999,11.634181,13.300557,9.437609,12.790562,12.8438835,15.651651,18.723059,21.61761,24.351725,28.25389,28.057703,24.294695,26.300865,28.424639,26.6735,22.590868,27.1112,29.961012,27.00094,22.378466,23.710796,23.670414,19.685148,19.26878,15.206671,14.844771,15.068691,13.831345,17.608139
11,33.868946,31.80926,27.795242,25.544054,23.261292,19.285707,17.727135,14.134507,10.4203005,8.163445,5.5526586,0.0,5.394856,9.067534,11.455739,12.700997,17.074978,17.78072,22.856886,23.6522,28.023933,30.084997,33.236053,35.33842,35.171074,33.0067,27.149548,28.520565,22.455648,22.740274,19.30491,18.661013,16.95166,18.614885,21.203644,23.30949,23.176876,25.062748,22.96561,22.426392,24.466871,21.775599,25.931696,24.603346,28.608913,27.481277,35.242958,35.183987,31.428425,33.580536,29.613476,32.264034,31.094372,29.148388,26.46574,29.455698,23.914503,21.337133,23.173769,18.760891,20.920954,18.07135,18.596954,19.987158,19.814734,24.92489,23.80359,27.190186,25.466599,25.98174,23.898417,23.733454,23.534477,21.940907,24.636164,22.1163,27.029846,23.459679,26.239477,25.04294,20.636684,20.079317,16.116056,13.708459,10.6223,12.482443,10.815847,13.508336,15.800005,18.464388,22.176414,25.223501,27.915495,31.420298,30.765476,26.915129,28.744524,30.447584,28.343811,24.361242,28.555393,31.092346,27.555536,22.97813,24.383816,24.495028,20.060549,19.592875,14.489543,14.648516,13.174368,11.846707,14.477917
12,30.396832,28.884916,24.653929,22.768782,21.117912,16.834606,16.352097,12.553303,9.213714,8.48841,3.4752944,5.394856,0.0,3.702104,7.520634,9.052845,13.150712,14.904011,19.043623,21.088135,25.039835,27.566116,30.464575,33.14633,33.52151,30.880219,25.344595,25.879768,20.383163,19.016586,16.28974,14.130602,13.522105,13.944661,17.4332,19.527834,18.620256,20.700586,18.232271,18.419504,20.344624,18.537659,22.965467,22.431553,26.539957,26.103231,33.63999,34.263668,30.937122,32.714947,28.425577,30.371498,28.644253,27.412457,23.995424,27.105223,21.586697,19.715803,22.865097,18.767864,22.0458,18.40466,20.358587,21.28014,22.301565,26.448639,25.824913,29.318813,28.110506,28.090277,26.187546,24.80797,24.849459,22.19841,25.27175,21.605244,26.875124,22.494709,25.181747,23.64208,19.298264,19.699524,15.243912,12.060051,8.776044,11.445381,7.579144,12.2506075,13.488632,16.78207,19.933075,23.141531,26.308249,29.800442,29.292168,25.786911,28.096098,29.981504,27.714645,24.262642,28.994978,31.28718,27.818586,23.46485,25.41857,25.768723,21.693707,20.801836,16.810534,15.372266,15.262986,13.045342,16.616608
13,27.928478,26.834446,22.547201,20.92484,19.81822,15.489608,15.826638,12.281798,9.5788965,10.0966215,5.539899,9.067534,3.702104,0.0,5.801905,7.2317004,10.666265,13.252228,16.438005,19.420431,22.96211,25.782959,28.468536,31.530268,32.29679,29.3719,24.166178,24.086256,19.175121,16.562052,14.611926,11.192301,11.866891,11.210185,15.489201,17.642159,15.984221,18.11117,15.131118,16.00632,17.644693,16.656837,21.065819,21.140669,25.203665,25.255705,32.48486,33.572727,30.599209,32.130047,27.725504,29.1145,27.04287,26.422956,22.56812,25.79042,20.441238,19.135962,23.174889,19.390993,23.204079,19.113092,21.83322,22.380669,24.091394,27.524652,27.216156,30.72102,29.875807,29.521595,27.799973,25.676908,25.939877,22.673212,25.984241,21.672367,27.121006,22.373724,24.987177,23.330574,19.235958,20.399729,15.897432,12.295673,9.201818,11.847029,6.705228,12.207132,12.40707,15.966839,18.543856,21.776882,25.225105,28.624117,28.22819,25.043585,27.641743,29.614864,27.28766,24.283333,29.271648,31.35781,28.021252,23.919088,26.174068,26.676779,22.944757,21.810629,18.665554,16.3661,17.12051,14.621887,18.574617
14,23.048111,21.62575,17.200686,15.8310995,14.441787,9.98808,11.015445,6.95665,6.238127,7.601905,6.10999,11.455739,7.520634,5.801905,0.0,5.5560923,7.467796,10.796067,13.664359,16.576632,20.375116,22.811588,26.12405,28.994398,30.052677,27.67862,22.413343,22.673328,18.17614,16.104792,15.586092,12.52999,15.192877,14.996063,19.700052,22.289705,19.877802,21.63678,17.09946,18.641,18.75477,18.335814,21.170353,21.092682,24.673172,24.360704,31.147202,32.10911,29.299137,31.555988,27.80474,28.835426,27.275423,27.57855,24.115377,28.135424,23.115145,21.62836,26.21708,22.092121,25.195839,20.313282,22.25707,21.79329,23.160412,25.941006,24.91674,28.798027,28.620901,28.327074,27.40274,25.147614,26.525629,23.252726,27.44129,23.386343,29.541319,25.515884,28.58481,27.510485,23.797989,25.460564,21.212095,17.201822,13.630956,14.546273,9.410538,12.532003,9.896281,12.72128,14.686495,17.418915,20.406164,24.386534,24.56586,21.197586,23.536772,25.935072,24.390194,20.767199,25.607489,28.354029,25.937643,21.65901,23.20374,23.283264,20.067955,19.396624,17.047216,15.565001,17.431862,16.18275,20.626034
15,22.725857,21.238148,17.763577,14.913253,14.055483,10.344395,10.14127,9.5176525,6.394028,9.932074,8.938137,12.700997,9.052845,7.2317004,5.5560923,0.0,4.633651,6.0706577,10.179949,12.253559,16.086021,18.675762,21.64662,24.494959,25.319096,22.661465,17.370695,17.584297,12.794935,11.219435,10.232767,8.784488,11.186068,13.0064125,16.807867,20.21223,18.1811,19.007803,14.035516,14.670524,14.3774185,13.292895,15.819786,15.555602,19.224825,19.030884,25.961735,27.048536,24.301643,26.207405,22.305536,23.353111,21.818916,22.068308,18.77386,23.027136,18.17804,16.610403,21.60538,17.646969,20.869831,15.680492,18.438103,17.856771,20.35863,22.398928,22.485205,25.908825,25.799706,24.956108,23.879648,20.820328,22.099077,18.344305,22.622223,18.278913,24.583069,20.816578,24.082605,23.492357,20.308304,22.781282,19.136814,14.618632,11.055003,10.517915,5.870537,7.733932,5.3649626,8.997294,11.420321,14.819398,18.569843,21.54836,21.036383,18.029034,20.858345,22.750893,20.389738,17.846292,23.03811,24.791935,21.771082,17.965595,20.525858,21.371454,18.295292,16.707394,15.3817215,11.956236,14.495205,12.790861,17.403263
16,18.341764,17.230747,13.906409,11.2515,11.3581085,8.174236,9.535518,10.084969,9.169615,12.973706,12.677702,17.074978,13.150712,10.666265,7.467796,4.633651,0.0,4.991182,6.220956,9.93292,13.120876,15.880137,18.88083,22.095577,23.586477,20.929182,16.268267,15.799749,12.509267,9.634121,11.094959,8.82593,13.398777,14.304621,18.472515,21.866577,19.027504,19.565294,13.553068,15.204316,13.511791,13.908119,15.045125,15.507841,18.558968,18.79923,24.80151,26.367373,24.233362,26.1458,22.62014,22.750101,21.162355,22.647089,19.287306,23.84715,19.66332,18.707367,24.380747,20.81657,24.009527,18.52899,21.416801,20.13771,22.960024,23.920305,24.03772,27.454943,27.973536,26.872217,26.339098,22.676826,24.56784,20.466396,25.06987,20.508028,26.900827,23.301062,26.509289,26.072372,23.38182,26.411592,22.90449,18.340822,15.129501,14.310542,9.924582,10.84856,5.971737,8.53604,9.085628,12.102333,16.01327,18.966208,18.89367,16.405066,19.422066,21.540388,19.567028,17.52532,22.689838,24.385296,22.09905,18.777397,21.210852,22.019203,19.761276,18.226477,18.168459,14.719625,18.053041,16.725958,21.335358
17,19.758966,18.03633,15.916237,11.709929,11.589953,9.64115,8.781198,11.859756,9.550933,13.934229,14.525859,17.78072,14.904011,13.252228,10.796067,6.0706577,4.991182,0.0,6.2803993,6.206655,10.311501,12.666472,15.80115,18.457863,19.374714,16.8971,11.691671,12.101592,7.9073305,8.043292,8.711088,9.992786,13.045424,16.194822,19.111631,23.075775,20.990112,20.77573,14.944477,15.186005,13.100293,12.119567,12.01702,11.454717,14.371036,14.057638,20.40785,21.631104,19.300047,21.3934,18.097553,18.595448,17.641422,18.908382,16.38616,21.319782,17.42111,15.917694,21.400406,17.811834,20.349087,14.683694,17.474525,15.812804,19.222832,19.474182,20.294575,23.320765,23.959213,22.52497,22.085318,18.006033,20.162722,16.020744,20.891157,16.709522,23.290144,20.596552,24.12956,24.428284,22.234392,25.560205,22.724588,18.057796,14.872583,12.436654,9.925664,7.8205166,2.5622053,4.6998057,6.2249455,9.902307,14.168092,16.161224,15.317564,12.851063,16.102736,17.701994,15.090299,13.738371,19.029455,20.018496,17.309427,14.300425,17.369696,18.744251,16.694479,14.548666,15.535002,11.123171,15.031261,14.108677,18.514341
18,15.456067,14.931744,13.284812,9.979861,11.868416,10.904404,12.296365,15.114618,14.547278,18.703373,18.80609,22.856886,19.043623,16.438005,13.664359,10.179949,6.220956,6.2803993,0.0,6.5257807,7.6848354,10.891884,13.29578,17.011736,19.174404,16.272266,12.899749,11.244234,10.556221,6.8576994,11.085317,10.175784,15.4017515,16.753736,20.063358,23.711296,20.672482,20.1848,13.566269,15.241737,11.674182,13.254306,11.909496,13.189202,15.124258,16.109058,20.633291,22.918777,21.72714,23.192112,20.167665,19.09807,17.541124,20.49644,17.483568,22.27704,19.330462,19.056297,25.250437,22.442204,25.467772,19.951462,23.292318,21.41297,25.109537,24.476376,25.454062,28.32433,29.44483,27.757124,27.64238,23.02349,25.297775,20.78029,25.431076,20.750628,26.90429,23.89185,26.992447,27.091753,25.3914,29.256897,26.408155,21.828304,19.176468,17.448112,14.278224,13.63186,8.719314,9.518884,7.6906433,10.013602,14.319604,15.798898,15.569204,14.486247,17.899248,19.612333,17.46953,17.291807,22.221495,22.851767,21.0083,18.943312,21.838596,23.12924,21.898321,19.924397,21.563532,17.288347,21.26821,20.069807,24.389957
19,17.626001,15.823186,15.609891,10.579323,11.58996,12.023475,11.111861,16.170444,14.823028,19.211859,20.54849,23.6522,21.088135,19.420431,16.576632,12.253559,9.93292,6.206655,6.5257807,0.0,4.8775697,6.490987,10.057274,12.423922,13.7304945,11.672537,7.247619,7.800892,6.6106787,8.866478,11.409215,14.079394,17.338982,20.824081,23.085976,27.224064,25.0619,24.104067,17.98871,18.084026,14.590665,14.175607,10.940832,10.287037,11.320877,10.965164,15.606621,17.117313,15.682757,17.955263,15.839481,15.292333,15.231031,17.946344,16.551231,21.742231,19.21498,18.051268,23.543047,20.607805,22.346867,16.83419,19.288109,16.677025,20.579775,18.796501,20.283203,22.684017,24.189287,22.21684,22.585167,17.724358,20.729736,16.60197,21.620344,17.984486,24.252403,22.737892,26.253159,27.282217,26.010159,29.877014,27.666628,23.071869,20.268572,17.050592,15.702184,12.225692,7.872599,6.324946,4.2765145,6.652235,11.040608,11.189115,9.937625,8.893511,12.540929,13.645992,10.999206,11.788292,16.567244,16.481176,14.667584,13.209877,16.394836,18.18231,17.598082,15.247142,18.35622,13.961051,18.385145,18.177246,22.041027
20,16.995636,16.079996,16.89689,12.472498,14.62735,15.663798,15.563141,20.447735,19.43497,23.83241,24.778566,28.023933,25.039835,22.96211,20.375116,16.086021,13.120876,10.311501,7.6848354,4.8775697,0.0,3.7879586,5.7915764,9.346929,11.776784,9.109915,7.4841423,5.5750604,8.703521,9.209995,13.226904,15.615323,19.336056,22.368849,24.244062,28.27842,25.90013,24.423492,18.2979,18.612396,14.235712,14.972045,10.223291,10.8031025,10.422132,11.374064,13.721051,16.320686,16.157637,17.485426,15.805803,13.774509,13.51313,17.655869,16.402224,21.339928,19.933788,19.611126,25.364544,23.215954,25.15976,19.99284,22.98062,20.387589,24.706675,22.14702,24.197758,26.119133,27.871626,25.573204,26.048098,20.723309,23.5531,19.217073,23.782127,19.955204,25.600111,24.221722,27.378826,28.539272,27.917995,32.25521,30.353308,25.874428,23.544497,20.449907,19.196825,16.208174,12.399305,11.198153,8.436196,9.286439,13.07244,11.658315,10.347584,11.32762,14.807451,15.403831,12.828102,15.330447,19.441391,18.381336,17.024668,16.803862,20.091585,22.043573,22.008335,19.583385,23.085897,18.405846,22.735743,22.204477,25.83205
21,17.29879,15.863131,17.6518,12.964757,14.915649,16.860495,16.25909,21.853565,21.08361,25.407312,27.004517,30.084997,27.566116,25.782959,22.811588,18.675762,15.880137,12.666472,10.891884,6.490987,3.7879586,0.0,4.7278633,6.5362773,9.052456,7.8829207,7.1237636,6.9810085,10.358947,12.778646,16.18496,19.177025,22.529015,25.956102,27.716906,31.837141,29.603088,28.088522,22.041893,22.122608,17.832233,18.091871,12.88636,12.608151,11.251229,11.27847,12.21491,14.314522,14.550809,16.52213,16.040077,14.035602,14.912734,19.04752,18.743734,23.648945,22.560928,21.903051,27.184301,24.99603,26.18763,21.16875,23.374502,20.314669,24.368673,20.97147,23.000399,24.617258,26.820251,24.448341,25.47381,20.244215,23.63333,19.788036,24.428505,21.381144,26.89106,26.326841,29.600409,31.133486,30.65623,34.911175,33.18067,28.707916,26.245596,22.748913,21.92987,18.146664,14.329116,12.17899,9.1266985,8.7319,11.528592,8.73943,7.1039443,9.250227,12.359171,12.545282,10.453317,13.804945,17.163034,15.69905,15.255604,15.7588415,18.613226,20.58433,21.307686,19.030264,23.339417,19.181314,23.606188,23.719687,27.103228
22,19.913883,19.278246,21.28625,17.069963,19.378872,21.07036,20.67619,25.98853,24.865286,29.262419,30.326124,33.236053,30.464575,28.468536,26.12405,21.64662,18.88083,15.80115,13.29578,10.057274,5.7915764,4.7278633,0.0,4.688785,8.023607,5.585701,8.3521185,6.1246448,11.923291,13.436413,17.112318,20.321419,23.428503,26.82915,27.898142,31.925945,29.837484,27.790422,22.187126,22.00533,17.418974,18.11481,12.073394,12.591782,10.115715,11.464422,10.124119,13.483855,14.883555,15.3846,15.105955,11.829997,12.53762,17.5983,17.612396,22.011522,22.019989,22.036499,27.298563,25.923862,27.320713,22.78243,25.652044,22.894802,27.4867,23.774075,26.572939,27.679012,29.760986,27.0806,27.852959,22.24179,25.078543,21.045685,25.032171,21.841516,26.56047,26.185911,29.056267,30.765085,30.960838,35.576748,34.2887,30.025951,28.085676,24.608534,24.185627,20.666664,17.715277,16.142462,13.464001,13.401213,16.105776,12.71508,10.811923,13.651784,16.555841,16.12628,13.557608,17.963827,21.027609,18.551893,17.717264,19.077494,22.415323,24.688864,25.384563,22.815718,27.094257,22.315268,26.520283,26.158003,29.226622
23,22.266195,21.033255,23.648495,19.133266,20.980064,23.218824,22.143732,28.02268,26.851,31.145689,32.788666,35.33842,33.14633,31.530268,28.994398,24.494959,22.095577,18.457863,17.011736,12.423922,9.346929,6.5362773,4.688785,0.0,4.0812335,4.979256,8.87076,8.920293,13.830335,17.266424,20.113962,24.143677,26.654076,30.690153,31.527946,35.695435,33.915226,31.828333,26.382414,25.767675,21.452782,21.357386,15.178425,14.591046,11.364391,11.436968,7.9178324,10.406968,12.553165,13.632944,15.005794,12.141777,14.360155,18.846916,20.040257,24.306295,24.580923,24.125313,28.667406,27.307262,27.779642,23.603992,25.611149,22.501045,26.818401,22.207678,25.210035,25.737207,28.190363,25.394207,26.67546,21.261276,24.520237,21.180103,25.03555,22.882254,27.275066,27.943901,30.925112,33.100044,33.474007,37.944424,36.938404,32.733803,30.700647,26.747116,26.955843,22.57201,19.94883,17.700947,15.241182,14.563818,16.284975,11.721948,9.253126,12.983124,15.15113,13.881052,11.64613,17.074102,19.08543,15.740914,15.699829,18.100346,21.062874,23.452187,24.84252,22.364674,27.346783,23.04287,27.166607,27.43669,30.090912
24,25.566048,23.8717,26.25613,21.353035,22.602192,24.684193,22.859898,28.909311,27.209526,31.378557,33.203873,35.171074,33.52151,32.29679,30.052677,25.319096,23.586477,19.374714,19.174404,13.7304945,11.776784,9.052456,8.023607,4.0812335,0.0,4.8426104,8.318864,9.9700575,13.699808,18.69105,20.474846,25.431787,27.043137,31.818472,32.214104,36.503773,35.208595,33.049107,27.96611,26.709303,22.852041,21.811594,15.770565,14.200459,10.659493,9.654049,5.212664,6.4692154,8.947378,10.352323,12.802191,10.775161,14.072797,17.598083,19.742445,23.835629,24.21903,23.328611,27.115002,25.86791,25.614834,21.937515,23.439598,20.316128,24.624344,19.537643,23.099522,23.03439,25.448925,22.486576,23.835747,18.518984,21.777126,18.983923,22.524424,21.22613,25.221556,26.741005,29.777649,32.34049,32.891052,37.18628,36.54368,32.508137,30.55643,26.214657,27.223328,22.186514,20.474329,18.089775,16.435059,16.050964,17.60856,12.960835,9.759106,13.117437,14.920564,12.877185,10.013341,16.19247,17.708649,13.399939,12.970962,16.232716,19.362095,22.064745,23.550276,20.915453,26.134308,21.905628,25.724024,26.295216,28.433636
25,24.904123,23.714241,25.413858,20.61396,22.157492,23.524277,22.085003,27.613512,25.548717,29.859636,30.965097,33.0067,30.880219,29.3719,27.67862,22.661465,20.929182,16.8971,16.272266,11.672537,9.109915,7.8829207,5.585701,4.979256,4.8426104,0.0,6.0937314,5.7378335,10.663806,14.639904,16.622597,21.490858,23.092394,27.692947,27.85021,32.068336,30.787054,28.459421,23.57417,22.230076,18.306774,17.510195,11.237375,10.341886,6.611537,7.3456163,4.7455387,8.339462,9.987517,9.830816,10.273187,7.2301893,9.624636,13.880559,15.399026,19.537209,20.034683,19.635921,23.99339,23.032074,23.678244,19.841187,22.524641,19.921707,24.855135,20.673622,24.443901,24.79689,26.648773,23.667608,24.247128,18.487934,21.001577,17.341003,20.782606,18.416405,22.486238,23.227783,26.097633,28.419146,29.079437,33.62001,32.977764,28.987606,27.32882,23.259035,24.135035,19.708784,18.342358,16.747663,15.290423,15.803166,18.480497,14.734689,11.687037,14.26966,16.962095,15.59667,11.889959,17.385374,20.117512,16.425512,14.58317,16.939821,20.867228,23.662748,24.278683,21.317425,25.802694,20.705927,24.495886,24.26277,26.60525
26,23.552197,21.728275,22.446459,17.246115,18.00532,18.781218,16.749208,22.174006,19.730797,23.966343,25.26478,27.149548,25.344595,24.166178,22.413343,17.370695,16.268267,11.691671,12.899749,7.247619,7.4841423,7.1237636,8.3521185,8.87076,8.318864,6.0937314,0.0,4.887917,5.428281,11.598764,12.538416,17.795303,19.10299,24.109728,24.763165,29.134817,27.926949,26.1481,21.01618,19.593859,16.278719,14.502131,9.450827,7.1083846,5.792088,4.30544,8.8356,10.168939,8.976196,10.749424,9.458877,9.045301,10.675411,13.181716,13.8839035,18.775974,17.59956,16.269672,20.788822,18.784552,19.457293,14.876266,17.333876,14.635013,19.508774,16.176659,19.539118,20.546608,22.077045,19.367144,19.700962,14.034492,16.873724,12.949261,17.376482,14.748233,20.09813,20.290312,23.713236,25.751554,25.565418,29.705343,28.620861,24.426825,22.30089,18.072403,18.912924,13.994975,12.716015,11.079331,10.60061,12.024597,15.282869,12.979704,9.883536,10.521354,13.673338,12.90265,8.481358,12.6571865,16.395622,13.787536,10.863695,11.804454,16.104702,18.87945,18.807304,15.732803,19.84961,14.703417,18.66215,18.61567,21.307892
27,22.54309,21.61099,22.244532,17.61183,19.213505,19.70124,18.72488,23.526403,21.303698,25.677004,26.181356,28.520565,25.879768,24.086256,22.673328,17.584297,15.799749,12.101592,11.244234,7.800892,5.5750604,6.9810085,6.1246448,8.920293,9.9700575,5.7378335,4.887917,0.0,6.49468,8.9050665,11.414934,15.784102,17.85779,22.076471,22.631498,26.838427,25.292908,23.193218,18.00052,16.94412,12.91855,12.443076,6.403912,6.5062275,4.9976845,7.11899,9.757694,12.853305,12.797846,12.823303,10.625067,8.301956,8.134096,12.353109,11.933143,16.714062,16.124735,15.926021,21.288511,19.905823,21.695597,17.188648,20.804281,18.643341,23.725164,20.902212,24.171995,25.360035,26.713522,24.025349,23.992634,18.228033,20.309826,15.815762,19.698734,15.953053,20.912209,20.14889,23.1368,24.811474,24.921955,29.505209,28.372274,24.208847,22.483767,18.879732,19.053215,15.466521,13.890998,13.195382,12.017195,13.595474,17.344263,15.176671,12.677661,13.855847,17.26868,16.904758,12.992439,16.80986,20.789251,18.408512,15.744185,16.431276,20.681875,23.264147,22.941166,19.925898,23.416578,17.836311,21.708536,20.778687,23.717852
28,24.073992,22.425705,21.858843,16.928053,17.326496,16.769707,14.838068,19.165571,15.9671955,20.16632,20.695263,22.455648,20.383163,19.175121,18.17614,12.794935,12.509267,7.9073305,10.556221,6.6106787,8.703521,10.358947,11.923291,13.830335,13.699808,10.663806,5.428281,6.49468,0.0,7.8274565,7.353078,12.987947,13.816343,19.043873,19.786652,24.179543,23.111692,21.615057,16.669645,15.015187,12.451099,9.9085655,6.84616,4.2863646,6.7809196,6.4110055,13.321493,14.683068,12.539321,13.6990385,10.249487,10.920375,10.705841,11.870969,10.93519,16.094624,13.579046,12.004473,17.188337,14.688421,16.485134,11.350285,14.99181,13.178354,18.223173,16.712803,19.707548,21.34533,22.045298,19.690857,19.084904,13.695128,15.548293,10.867945,15.457884,11.521019,17.655994,16.481441,20.05517,21.541195,20.775883,24.821968,23.402666,19.106552,16.94841,12.927348,13.618948,9.133411,8.867084,8.813375,9.838947,12.706893,16.766058,16.156193,13.696603,12.784552,16.194313,16.224909,11.928754,13.83854,18.538877,17.115099,13.218256,12.316626,16.929329,19.486576,18.127798,14.937527,17.521126,11.57114,15.321024,14.337053,17.495613
29,21.913776,21.563328,20.136862,16.560905,17.962532,16.51069,16.650663,19.215168,16.777111,20.877846,19.896809,22.740274,19.016586,16.562052,16.104792,11.219435,9.634121,8.043292,6.8576994,8.866478,9.209995,12.778646,13.436413,17.266424,18.69105,14.639904,11.598764,8.9050665,7.8274565,0.0,5.612151,6.979503,10.587692,13.443711,15.047357,19.079855,16.927395,15.471061,9.598481,9.529171,5.7431316,6.706635,5.9853873,8.32096,11.096745,13.186484,18.33773,21.02954,19.793863,19.87328,15.770588,14.830635,12.227753,14.563269,10.867631,15.476684,12.724658,13.086334,19.545036,17.609999,21.288363,16.392174,21.082714,20.015678,24.681034,24.156948,26.4426,28.647526,29.167809,27.101171,26.172602,21.110477,22.201977,17.237534,21.014854,15.6805525,21.195639,17.825758,20.625689,20.833527,19.78854,24.193195,22.081873,17.757902,16.04733,14.029172,12.335813,11.732706,10.221717,12.027875,11.957796,14.952388,19.491282,19.784555,18.335268,17.671997,21.321098,22.143929,18.6145,19.740805,24.781912,24.129124,20.857615,19.427097,23.507551,25.517756,23.781223,21.050571,22.372593,16.672749,20.02958,17.77869,21.504015
30,26.508324,25.583784,23.719461,19.802776,20.228859,18.12955,17.158659,19.192266,15.38199,19.08781,17.697039,19.30491,16.28974,14.611926,15.586092,10.232767,11.094959,8.711088,11.085317,11.409215,13.226904,16.18496,17.112318,20.113962,20.474846,16.622597,12.538416,11.414934,7.353078,5.612151,0.0,6.970811,6.603316,12.010846,12.468362,16.85313,15.99039,14.64426,10.430008,8.150538,7.3687243,3.7035496,6.8385797,7.1383777,11.297703,12.575989,19.266615,21.163322,19.021738,18.987875,14.13609,14.864339,12.463941,12.317806,8.551886,12.983615,8.784208,8.076717,14.381178,12.124707,16.184921,11.599329,16.851646,16.671663,21.407099,21.813753,24.41819,26.427635,26.233086,24.291498,22.638243,17.990007,18.113125,13.228476,16.528511,10.94593,16.62343,12.8688545,15.996238,16.251822,14.859097,19.09551,17.25081,12.949283,11.428367,8.84634,8.792558,7.8722787,9.689225,12.2114725,13.959197,17.469955,21.911198,22.416622,20.498177,19.121881,22.57365,23.122831,19.073765,19.747286,24.820665,24.089283,19.796959,17.988922,22.421099,24.610182,22.144434,19.184738,19.586115,13.431846,15.923696,13.007936,16.371996
31,24.662472,24.513393,21.646862,19.15672,19.923092,16.998426,17.699968,17.835123,15.150783,18.361382,15.771285,18.661013,14.130602,11.192301,12.52999,8.784488,8.82593,9.992786,10.175784,14.079394,15.615323,19.177025,20.321419,24.143677,25.431787,21.490858,17.795303,15.784102,12.987947,6.979503,6.970811,0.0,6.429269,6.8169045,10.067141,13.658953,11.1056795,10.933613,5.3651175,6.577585,6.545751,7.5462103,11.644231,13.510862,17.19056,18.876652,24.91681,27.254025,25.396975,25.552824,20.84565,20.789242,17.757967,18.506317,13.838098,17.264343,13.0612,13.5244875,19.585682,17.33396,22.002169,17.520128,22.353106,22.255367,26.2123,27.346752,28.93736,31.625021,31.467966,29.930784,28.382608,24.208906,24.492954,19.825275,23.067553,17.430326,22.650976,17.731512,20.10572,18.990894,16.730865,20.450525,17.407433,13.226445,11.693804,11.938395,8.437422,11.628159,11.287658,14.608775,15.666623,19.027304,23.45198,25.03487,24.00855,22.40489,25.858145,27.162374,23.878883,23.521643,28.814566,29.08215,25.47842,22.990854,26.713736,28.28338,25.605068,23.259403,22.74918,17.630905,19.95346,16.817259,20.690102
32,30.518826,29.899828,27.10935,24.028215,24.149807,21.068039,20.54984,20.58528,16.500952,19.1202,16.033302,16.95166,13.522105,11.866891,15.192877,11.186068,13.398777,13.045424,15.4017515,17.338982,19.336056,22.529015,23.428503,26.654076,27.043137,23.092394,19.10299,17.85779,13.816343,10.587692,6.603316,6.429269,0.0,6.932129,6.773783,10.975903,10.913135,10.374824,8.616774,5.8310943,9.055996,6.294229,12.50175,13.273548,17.433044,18.76835,25.527126,27.34831,24.96834,24.62075,19.400835,20.513681,17.553541,16.203424,11.721053,14.108945,8.869931,8.842896,14.020802,12.078232,17.3176,13.972718,19.31572,20.30735,24.34087,26.19194,28.361027,30.579481,29.684425,28.188171,25.85538,22.153452,21.176966,16.883905,18.96646,13.387648,17.778938,12.221741,14.443783,13.059965,10.394645,14.171405,11.615693,7.5467815,7.2429395,7.778504,7.0277452,10.32672,13.429414,16.856848,19.119278,22.773571,27.155937,28.408598,26.758648,24.931356,28.248676,29.069845,25.180481,24.97348,30.119507,29.914742,25.37386,22.971062,27.096899,28.966595,25.757826,23.130398,21.860046,16.383314,17.436186,13.429869,16.367765
33,30.258945,30.400051,26.950865,25.167786,25.652203,22.133007,22.970205,21.55569,18.692204,20.716928,16.62128,18.614885,13.944661,11.210185,14.996063,13.0064125,14.304621,16.194822,16.753736,20.824081,22.368849,25.956102,26.82915,30.690153,31.818472,27.692947,24.109728,22.076471,19.043873,13.443711,12.010846,6.8169045,6.932129,0.0,5.675759,7.752118,5.2499757,6.9188643,6.1849117,7.1872807,10.601415,11.283857,16.995087,18.87416,22.742805,24.552048,30.762402,33.070038,31.02899,30.71711,25.586191,25.90224,22.43382,22.102116,17.087976,18.850594,14.459669,15.486924,20.38187,18.743639,24.047007,20.688356,25.675144,26.505966,30.085726,32.20793,33.713425,36.39987,35.642406,34.368984,32.21877,28.658264,27.973307,23.68988,25.887606,20.297968,24.32076,18.363464,19.720453,17.297049,14.421083,17.285486,13.841839,10.900762,10.955222,13.6408205,10.414342,15.703878,16.904072,20.576439,22.135681,25.54913,29.86617,31.758858,30.733097,28.912304,32.26648,33.596466,30.207735,29.50331,34.79607,35.20295,31.192497,28.465818,32.143806,33.59127,30.361937,28.170029,26.473063,21.780388,22.92382,19.070784,22.271564
34,34.487717,34.55556,31.571083,29.192959,29.71619,26.47527,26.643925,25.943247,22.326717,24.439672,20.446198,21.203644,17.4332,15.489201,19.700052,16.807867,18.472515,19.111631,20.063358,23.085976,24.244062,27.716906,27.898142,31.527946,32.214104,27.85021,24.763165,22.631498,19.786652,15.047357,12.468362,10.067141,6.773783,5.675759,0.0,4.42071,5.802999,5.0099907,8.265905,6.0236664,10.969856,10.427066,16.643349,18.446617,22.172749,24.272654,30.252403,32.587585,30.641445,29.48384,24.098206,24.635569,20.92494,19.614319,14.7041445,15.027988,11.083407,12.910988,16.97307,16.605183,22.161545,19.908455,25.427385,26.784115,30.808775,32.767654,35.079624,37.199074,36.13727,34.624268,32.046597,28.405737,26.859901,22.70952,23.799198,18.277613,20.926182,14.657165,15.134031,12.310685,10.198627,13.673417,11.551374,9.712139,11.5577545,13.785851,12.8492,17.068245,19.787987,23.282488,25.099112,28.62853,33.090294,34.272083,32.703518,31.21482,34.641655,35.47057,31.52028,31.619432,36.79259,36.411087,31.82889,29.67554,33.864372,35.72582,32.472218,29.891361,28.350866,23.06325,23.697008,19.431633,21.68079
35,37.487587,37.827656,34.578197,32.668583,33.218796,29.77051,30.25489,28.905666,25.546423,27.196617,22.719885,23.30949,19.527834,17.642159,22.289705,20.21223,21.866577,23.075775,23.711296,27.224064,28.27842,31.837141,31.925945,35.695435,36.503773,32.068336,29.134817,26.838427,24.179543,19.079855,16.85313,13.658953,10.975903,7.752118,4.42071,0.0,4.8453937,5.451869,11.007529,9.943396,14.648806,14.765881,20.836958,22.816565,26.45314,28.660688,34.487194,36.917942,35.02225,33.7201,28.314692,28.761011,24.898996,23.549303,18.695929,18.270805,14.918283,16.920858,20.19845,20.185568,25.72911,23.911564,29.292152,30.874348,34.6685,36.9504,39.110043,41.301517,40.083042,38.69808,35.982304,32.586086,30.812061,26.856936,27.601864,22.280666,24.290716,17.935223,17.669106,14.207186,12.178113,14.531488,12.496717,12.073976,14.444736,17.492392,16.291647,21.097725,23.712088,27.315407,29.084423,32.574505,37.00349,38.385136,36.9462,35.418434,38.83504,39.772015,35.894108,35.817608,41.018448,40.784477,36.205883,33.941288,38.022865,39.767143,36.36911,33.92415,31.988926,27.021166,27.34038,23.000727,24.994516
