,0,1,2,3,4,5,6,7,8,9,10,11,12,13,14,15,16,17,18,19,20,21,22,23,24,25,26,27,28,29,30,31,32,33,34,35,36,37,38,39,40,41,42,43,44,45,46,47,48,49,50,51,52,53,54,55,56,57,58,59,60,61,62,63,64,65,66,67,68,69,70,71,72,73,74,75,76,77,78,79,80,81,82,83,84,85,86,87,88,89,90,91,92,93,94,95,96,97,98,99,100,101,102,103,104,105,106,107,108,109,110,111
0,0.0,4.2858624,6.892599,9.713488,12.450833,15.095771,18.252737,22.407175,25.725893,28.774776,33.305153,34.090263,35.406162,36.232803,34.011585,34.193546,33.820843,31.544153,35.041813,31.50296,34.998295,34.867496,38.390812,35.74878,36.51681,32.401512,34.238224,35.514565,30.102001,33.943256,32.335392,36.311474,38.700615,39.414814,42.04643,43.63092,47.39042,46.617832,43.9083,40.82881,42.319115,38.752342,36.237648,33.56319,37.205868,32.48406,34.84819,33.21059,35.269302,36.944786,37.031773,40.05266,38.31391,42.316814,40.849575,44.397465,40.341503,42.92424,43.55062,41.34941,38.268703,37.532516,34.29371,31.401138,30.146894,25.661665,25.836956,21.754337,22.614597,18.183537,18.809118,23.41399,22.13706,27.653627,25.916504,30.400112,31.430235,32.861595,35.88725,36.37068,37.833202,35.01685,32.866352,31.218283,27.752037,29.678814,24.238163,26.137177,23.20972,24.763386,21.834568,23.118973,21.69976,24.472153,24.424202,23.211136,23.848568,18.734396,19.912313,16.892769,16.920626,18.186134,20.908121,22.726658,26.036924,25.606361,23.491787,28.072596,25.33597,26.197107,27.889343,27.770304
1,4.2858624,0.0,5.2206836,6.6059437,8.858812,12.5284395,14.660007,19.591524,22.405228,25.787611,30.114355,31.334759,32.703335,33.226963,31.219913,30.946531,30.766354,28.142235,31.783627,28.068953,31.490267,31.728329,34.97893,32.102444,33.146458,29.045177,30.519508,31.663034,26.049393,29.908556,28.146435,32.32013,34.672577,35.651924,38.124447,39.879463,43.57749,42.651783,40.021683,36.934002,38.227787,34.61046,32.04247,29.329025,33.021866,28.3722,30.852173,29.37495,31.471632,33.03309,32.956898,36.022633,34.268814,38.1791,36.608257,40.129932,36.060497,38.64996,39.327644,37.166584,34.074524,33.407703,30.092983,27.320864,26.160337,21.686499,22.13125,17.928715,19.141176,14.440029,14.637496,19.203644,17.856722,23.432703,21.86577,26.280102,27.543802,29.03146,32.141544,32.86235,34.233715,31.246836,29.401901,27.551641,23.886581,25.912558,20.276379,22.27364,19.336082,21.028639,18.367226,19.838396,18.980915,22.078133,21.983036,20.441725,20.932611,15.78806,16.890186,13.554191,14.684782,16.07823,18.559517,21.168747,24.663944,23.986912,21.472805,25.887901,22.376545,23.430523,24.626184,24.696606
2,6.892599,5.2206836,0.0,5.412899,6.8808603,9.038894,12.347065,16.039953,19.734743,22.444914,27.310637,28.172256,30.031288,31.014542,29.48883,29.62978,30.203644,27.88155,32.1801,29.015057,32.746414,33.423714,36.89749,34.07662,35.872406,32.0358,33.115818,33.701748,27.348526,30.718712,28.495955,32.353203,33.600994,34.43161,36.774788,38.078033,42.082775,41.454357,39.08688,36.449802,37.583252,34.765156,31.763466,29.872671,34.12658,29.946058,32.912212,31.925756,34.15066,35.403793,34.803955,37.865543,35.712025,39.27172,37.37883,40.45466,36.036346,38.397804,38.515923,36.311584,33.191902,32.902966,30.172956,27.386444,27.44181,22.550974,23.705372,19.635098,22.046003,17.359194,16.572626,20.491444,18.146059,23.497227,20.4713,25.05748,25.511597,26.729067,29.599554,29.810572,31.41094,28.862095,26.640514,25.409353,22.288748,24.755964,19.802706,23.010563,20.914963,23.383661,21.523283,23.497585,23.123537,26.274065,25.680096,23.660456,23.383938,18.764587,18.576813,14.340241,16.073708,15.961486,17.730227,20.35676,23.717209,22.226517,19.754662,23.316843,20.36879,20.430376,21.939861,21.299
3,9.713488,6.6059437,5.412899,0.0,3.8050256,6.369228,8.968598,13.376719,16.136162,19.49671,23.717134,24.78415,26.104197,26.71833,24.838305,24.771338,24.999714,22.633406,26.79876,23.671337,27.476034,28.124546,31.75737,29.152575,31.181826,27.592882,28.861063,29.14704,22.774292,25.960852,24.15516,27.549866,29.434284,29.875576,32.582333,33.996567,37.806732,37.21577,34.517467,31.664505,33.260292,30.274017,27.622902,25.758844,29.986176,25.817448,28.912296,28.055216,30.600761,32.093204,31.456486,34.896946,33.24885,36.57445,34.21379,37.310802,32.749794,34.897606,35.339226,33.6741,30.364107,30.811861,27.725636,25.582335,25.573116,21.094307,22.705248,18.436323,20.727938,15.600251,13.559529,17.701323,15.01204,20.999126,18.13239,22.37823,23.491905,24.326452,27.286613,27.859299,28.788925,25.869299,23.394535,21.621267,18.306347,20.158428,15.138263,17.963259,16.09708,18.848211,17.454988,20.009874,19.759031,22.73876,21.547964,19.172112,18.416409,14.242411,13.375562,8.982051,11.173549,11.0574045,12.793085,15.956469,19.463856,18.152554,15.393103,19.418997,15.868544,16.860237,18.278057,18.599419
4,12.450833,8.858812,6.8808603,3.8050256,0.0,5.3798203,5.837927,11.191342,13.69742,17.1351,21.477318,23.036905,24.822569,25.275219,24.059126,23.520603,24.453127,21.72195,26.317831,23.171404,26.86062,28.152315,31.342104,28.395649,30.872135,27.368649,27.926373,27.97284,21.178267,24.225664,21.843706,25.596067,26.747202,27.710535,29.98092,31.456642,35.367996,34.63184,32.272892,29.652565,30.70402,27.995293,24.959457,23.352419,27.838743,23.998293,27.318268,26.809158,29.250614,30.365965,29.36871,32.661076,30.681278,33.829323,31.433348,34.32408,29.697105,31.86262,32.055943,30.211746,26.946198,27.34362,24.515995,22.326368,22.943953,18.308271,20.359423,16.287086,19.397255,14.532129,11.956089,15.334207,12.178688,17.834265,14.4941,18.852365,19.769938,20.736376,23.730822,24.35673,25.497496,22.592218,20.563791,18.90119,15.516118,18.020699,13.012627,16.736221,15.236241,18.283932,17.49228,20.052435,20.5905,23.827778,22.780329,20.177462,19.23745,15.389925,14.269392,9.510977,13.245497,12.776968,13.666319,17.539845,20.969849,19.084375,16.024895,19.102402,14.808931,15.319776,15.978491,15.957949
5,15.095771,12.5284395,9.038894,6.369228,5.3798203,0.0,5.934984,7.380174,11.239886,13.752014,18.504646,19.156548,21.043179,22.16157,21.016562,21.427862,22.782192,20.909409,25.863283,23.689316,27.735947,29.019173,32.79042,30.39565,33.412342,30.372864,31.103653,30.56222,23.523716,25.766157,23.544487,26.132196,26.559814,26.603962,29.210663,29.985758,34.115704,33.97201,31.568235,29.357924,30.855856,29.047222,26.007368,25.432703,30.236948,26.902075,30.528841,30.378716,33.075108,34.20564,32.91853,36.379528,34.474773,37.162422,34.254875,36.680492,31.706738,33.37878,33.175426,31.759613,28.410162,29.747335,27.40415,25.651623,27.148605,22.61056,25.11504,21.222643,24.576366,19.724207,16.590767,19.508238,15.691375,21.031017,16.35212,20.347633,20.550598,20.671343,23.223095,23.215502,24.06033,21.659912,18.443375,17.436983,15.109592,17.29918,13.847814,18.160849,17.80683,21.36394,21.198393,24.219398,24.572945,27.452337,25.698105,22.853083,21.12806,18.168646,15.7005415,10.9508,13.8343935,11.5393915,11.5098,14.833251,17.90585,15.293101,12.499836,14.8251705,11.851451,11.3964615,13.271142,12.928211
6,18.252737,14.660007,12.347065,8.968598,5.837927,5.934984,0.0,6.855394,8.113625,11.839121,15.914247,17.98322,20.05337,20.276789,19.833326,18.896236,20.793932,17.99884,23.187916,20.626575,24.303747,26.37452,29.339699,26.451735,29.864925,26.956114,26.843426,26.067102,18.748924,20.908476,18.134533,21.333904,21.46576,22.414656,24.497095,25.782267,29.815084,29.207779,27.06336,24.83968,25.689215,23.76672,20.447186,19.878973,24.818121,21.815693,25.602703,25.835085,28.420979,29.203323,27.591177,30.96624,28.97966,31.432074,28.424305,30.761166,25.788593,27.52902,27.386711,25.93555,22.56429,23.981453,21.59759,20.141954,22.040625,17.806007,20.818575,17.287918,21.129692,16.752655,12.827286,14.628365,10.398871,15.378706,10.663616,14.527731,15.242557,15.56641,18.434475,19.096205,19.848831,16.91721,14.750606,13.12679,10.020088,12.965474,9.026903,14.134241,14.144733,17.849293,18.48645,21.464895,22.779219,25.852688,24.325268,21.288095,19.513882,17.030285,14.651311,10.07124,14.822414,13.291226,12.650477,17.12063,20.160862,17.545477,14.283735,15.812705,10.7081175,10.764695,10.443566,10.601204
7,22.407175,19.591524,16.039953,13.376719,11.191342,7.380174,6.855394,0.0,5.324433,6.4557996,11.680111,12.4842005,15.277511,16.551228,16.866999,17.191511,20.13496,18.604172,24.178207,23.04275,26.938787,29.110434,32.55127,30.318342,34.344486,32.01848,31.953733,30.50835,23.163284,24.164598,21.549992,23.113363,21.70112,21.49041,23.726402,23.862167,28.243105,28.486498,26.559568,25.190851,26.344404,25.965656,22.622303,23.602789,28.761383,26.604866,30.623129,31.306198,34.043373,34.713745,32.735962,36.12124,34.116505,35.92464,32.42598,34.002827,28.746037,29.768051,28.912058,27.98171,24.696465,27.218065,25.739126,24.781502,27.76353,23.696632,27.036263,23.810888,27.896732,23.605824,19.563974,20.877724,16.419476,20.355232,14.346519,17.260485,16.6068,15.625407,17.546505,17.072622,17.469187,15.618691,11.651707,11.626989,10.948775,13.424965,12.612422,17.975048,19.279474,23.264893,24.435354,27.712564,28.844042,31.600506,29.477468,26.280296,23.808565,22.21046,18.75351,14.544868,18.148304,14.957905,13.076912,16.557417,18.779757,15.089108,12.448815,11.528082,8.588749,5.6854315,6.9382105,5.6708846
8,25.725893,22.405228,19.734743,16.136162,13.69742,11.239886,8.113625,5.324433,0.0,4.709352,7.8074226,10.241345,12.602738,12.786177,13.661796,12.826689,16.368876,14.466509,20.17848,19.320744,22.920652,25.639149,28.640669,26.466839,30.96531,29.131374,28.643711,26.695112,19.459852,19.730753,17.188398,18.111027,16.483864,16.222166,18.503492,18.8628,23.14007,23.273148,21.254581,19.916487,21.098913,20.9886,17.782892,19.37149,24.503881,22.958817,27.069637,28.188393,30.982876,31.5417,29.324415,32.80378,31.162416,32.48042,28.561697,29.885849,24.55855,25.229168,24.543415,24.229176,20.866972,24.269775,22.756538,22.655771,25.854244,22.549667,26.208847,23.358376,27.340363,23.438183,18.805733,19.235897,14.803021,18.07092,12.489723,14.201892,14.246156,12.619614,14.507412,14.760134,14.097832,11.61472,7.5410504,6.5037456,6.2430825,8.390899,9.274138,14.620931,16.915304,20.918236,22.98302,26.353287,27.980814,30.52412,28.22614,24.899237,22.099901,21.514776,17.744568,14.363849,18.484179,15.619349,13.128052,17.089203,19.030802,15.590033,12.825029,11.211952,6.446898,4.90445,2.3429396,4.425205
9,28.774776,25.787611,22.444914,19.49671,17.1351,13.752014,11.839121,6.4557996,4.709352,0.0,5.746932,7.070236,10.806691,11.9663315,14.057563,14.148307,18.464407,17.462372,23.087929,23.034529,26.543205,29.335558,32.38578,30.476578,35.202374,33.604057,32.990005,30.80021,23.690605,23.435358,20.839325,21.037949,17.947466,17.195702,19.075275,18.433733,22.946712,23.671799,22.187613,21.738405,22.681717,23.77775,20.500978,22.954466,28.07265,27.068792,31.205889,32.54698,35.278164,35.635044,33.190357,36.48475,34.634644,35.58498,31.577974,32.340805,27.009008,27.265932,25.924858,25.753271,22.653358,26.412123,25.664898,25.642107,29.521566,26.179214,29.954882,27.313679,31.582487,27.779345,23.280012,23.472973,19.016464,21.57157,15.425693,16.674541,15.535475,13.239355,14.143816,13.315191,12.566661,11.463226,6.289604,7.8111963,9.796472,11.62658,13.848041,19.035486,21.574274,25.568161,27.688026,31.060564,32.653595,35.17082,32.765835,29.428352,26.489653,26.029642,22.0774,18.688395,22.351568,18.940353,16.170288,19.336126,20.709717,16.754688,14.658609,11.157558,9.016342,5.050862,3.7493594,2.1205235
10,33.305153,30.114355,27.310637,23.717134,21.477318,18.504646,15.914247,11.680111,7.8074226,5.746932,0.0,4.704701,7.4131465,7.3353224,10.948443,10.375114,15.533226,15.074625,20.28978,21.242113,24.27284,27.402504,30.124527,28.710024,33.869793,33.010464,32.178913,29.386042,22.903042,21.510746,19.500048,18.03934,14.3426695,12.400202,14.515761,13.273361,17.667599,18.878353,17.316652,17.448483,18.786562,20.892336,18.241806,21.7013,26.435318,26.313633,30.36596,32.144238,34.93061,35.243366,32.624424,35.979023,34.662647,34.94726,30.469795,30.737532,25.495924,25.025557,23.781652,24.668358,21.712898,26.573627,25.966146,26.907936,30.863594,28.35022,32.266155,29.95301,33.942394,30.444376,25.60733,25.221127,21.064087,22.920406,17.647432,17.46614,16.914122,13.863176,14.059847,13.748523,11.176252,10.216755,4.726475,6.156301,10.026983,9.970183,14.607002,18.749975,22.2093,25.996279,28.853785,32.292114,34.113487,36.24621,33.539593,30.17873,26.887695,27.553802,23.288689,20.898918,24.359074,21.065125,17.845007,20.72886,21.458807,17.863024,16.188242,11.838583,10.037152,8.00217,5.5106297,7.3048644
11,34.090263,31.334759,28.172256,24.78415,23.036905,19.156548,17.98322,12.4842005,10.241345,7.070236,4.704701,0.0,4.679273,7.03803,10.262388,11.810341,16.45804,17.16581,22.076656,23.613974,26.90804,29.501148,32.840416,31.89447,36.922306,36.095566,35.7828,33.033802,26.63832,25.316154,23.718826,21.838385,18.67799,15.783512,18.346386,16.427439,20.532318,22.372366,20.643896,20.899761,22.886038,25.068521,22.731009,26.041533,30.7171,30.352348,34.381935,35.976215,38.905643,39.44652,36.97637,40.45265,39.193863,39.596825,35.116016,35.418293,30.18542,29.650162,28.37153,29.296238,26.38079,31.148445,30.52474,31.244736,35.07039,32.251377,36.07629,33.464157,37.392044,33.522896,28.754433,28.96276,24.674515,27.12034,21.560457,21.876629,21.040878,18.06414,18.081503,17.112488,14.834285,14.6018095,9.0152855,10.700521,14.070075,13.663159,17.888983,21.832312,25.165422,29.039509,31.625237,35.225742,36.61578,38.609936,35.619717,32.275475,28.821615,29.495087,24.931187,22.524895,25.173653,21.294056,17.926662,19.81877,19.967714,16.10698,15.211876,9.676545,10.736182,7.9395742,8.138864,9.141142
12,35.406162,32.703335,30.031288,26.104197,24.822569,21.043179,20.05337,15.277511,12.602738,10.806691,7.4131465,4.679273,0.0,3.8580565,6.3959975,9.142345,13.202169,15.008718,19.20464,21.569992,24.757671,26.97338,30.610731,30.326008,35.311707,34.907944,35.024277,32.093594,26.298601,24.586832,23.885239,20.928099,19.01366,14.802821,18.330805,16.376097,19.84035,22.01936,19.561106,19.55805,22.6639,24.656044,23.140371,26.362848,30.63558,30.305004,34.159042,35.712124,38.810238,39.662285,37.39836,41.113472,40.41558,40.74527,36.05673,36.473934,31.34954,30.597706,29.850786,31.336113,28.365921,33.450237,32.403683,33.473198,36.77433,34.280922,37.999104,35.257225,38.71951,34.743626,29.849676,30.307308,26.238577,29.042635,24.15729,24.275488,24.183609,21.227156,21.406425,20.941423,18.131525,17.433739,12.133842,12.621313,15.638777,13.8049965,18.48354,21.308884,24.928888,28.604969,31.369036,35.078598,36.23319,37.80439,34.454044,31.18289,27.481089,28.912153,24.091915,22.520517,24.442778,20.583944,17.041994,18.240778,17.734976,14.423308,14.132655,8.608457,10.705542,9.808095,10.517031,12.884994
13,36.232803,33.226963,31.014542,26.71833,25.275219,22.16157,20.276789,16.551228,12.786177,11.9663315,7.3353224,7.03803,3.8580565,0.0,5.1403623,6.009743,10.696237,12.314268,16.288492,18.889946,21.711412,24.253786,27.484644,27.269737,32.425415,32.33651,32.221703,29.064857,23.654783,21.481394,21.090883,17.511887,15.879237,11.179657,15.074165,13.39957,16.598465,18.66146,15.884034,15.797395,19.199627,21.24824,20.129883,23.54133,27.529442,27.558544,31.302843,33.041824,36.107063,36.920216,34.62499,38.34344,37.94289,38.038815,33.220978,33.56496,28.570234,27.62848,27.180508,29.06052,26.132982,31.495989,30.326504,31.816326,34.967167,32.95147,36.67636,34.152092,37.415222,33.71946,28.717896,28.79179,24.993597,27.428303,23.202356,22.760326,23.21102,20.227253,20.456068,20.590206,17.312767,16.154448,11.561462,11.206622,14.227229,11.582832,16.992619,19.182924,23.15199,26.613628,29.759548,33.39117,34.79463,36.227356,32.896458,29.648222,25.913252,27.841711,23.113077,22.051561,24.247574,20.87979,17.360556,19.037832,18.690813,15.901615,15.233934,10.72058,10.915141,11.223081,10.648966,13.827018
14,34.011585,31.219913,29.48883,24.838305,24.059126,21.016562,19.833326,16.866999,13.661796,14.057563,10.948443,10.262388,6.3959975,5.1403623,0.0,5.0079207,7.09531,9.875586,13.343677,16.143473,19.361105,21.048326,25.095165,25.346897,30.077797,29.946747,30.656757,27.755907,22.660036,20.91689,21.320011,17.7479,18.396065,13.5711565,18.258892,17.37911,20.095943,21.822691,18.226631,16.99029,21.390245,22.100742,21.513088,23.934906,27.69127,26.99113,30.557207,31.864248,35.139828,36.452026,34.606804,38.629143,38.611305,39.150864,34.423954,35.371075,30.423609,29.820885,30.016714,31.784252,28.638058,33.62493,31.748892,33.039013,35.347813,33.24997,36.682423,33.771774,36.496365,32.4715,27.56375,28.403116,24.790407,28.184195,24.442604,24.593706,25.678999,23.14175,23.97853,24.38512,21.459251,19.644564,14.990306,13.656404,15.307027,11.992578,16.276209,17.464434,21.17207,24.487686,27.351889,31.095709,31.986465,33.08619,29.447834,26.303173,22.438166,24.697233,19.796091,19.38168,20.620173,17.288187,13.823994,14.826566,14.151508,12.06014,11.762858,8.568613,9.326366,11.382625,12.078072,15.8246565
15,34.193546,30.946531,29.62978,24.771338,23.520603,21.427862,18.896236,17.191511,12.826689,14.148307,10.375114,11.810341,9.142345,6.009743,5.0079207,0.0,5.4775677,6.400618,10.458528,12.9176,15.7276745,18.306618,21.538652,21.390705,26.473341,26.514666,26.622847,23.47434,18.497246,16.282803,16.736528,12.791873,13.808242,9.132974,14.037821,14.001571,16.57421,17.697124,13.853376,12.168079,16.597029,17.103891,16.710352,19.294945,22.896786,22.608976,26.155788,27.749456,30.922659,32.042248,30.057253,34.01317,34.14929,34.46059,29.656122,30.55341,25.714638,25.045328,25.53023,27.516228,24.418861,29.548239,27.59108,29.285067,31.546427,29.972576,33.44561,30.8964,33.546528,29.980227,24.976912,25.141035,21.8399,24.59014,21.591942,21.100306,22.74115,20.300913,21.260738,22.328125,19.181253,16.807499,13.249029,10.976879,12.3548,8.27934,13.404828,14.114511,18.274593,21.400951,24.779419,28.357092,29.780596,30.946352,27.572752,24.401257,20.64738,23.185781,18.617262,18.477314,20.637583,18.11033,14.888337,17.11209,17.197836,15.395726,14.168113,12.016803,9.785499,12.424918,11.330267,15.533967
16,33.820843,30.766354,30.203644,24.999714,24.453127,22.782192,20.793932,20.13496,16.368876,18.464407,15.533226,16.45804,13.202169,10.696237,7.09531,5.4775677,0.0,4.6671443,6.302233,9.706612,12.614337,14.057663,18.165697,18.905272,23.456818,23.784925,24.853691,21.910072,17.987114,16.052536,17.842218,13.689052,17.373108,12.868133,17.957016,18.490173,20.239897,21.090937,16.644516,13.938501,19.28207,18.371632,18.979362,20.385923,23.255672,22.375483,25.462078,26.6103,29.958138,31.64724,30.229767,34.44389,35.21543,35.83378,31.167273,32.59908,28.076468,27.624859,28.860441,30.907913,27.76896,32.515324,29.885872,31.547054,32.78521,31.43413,34.50133,31.717031,33.577698,29.888063,25.104256,25.918884,23.142342,26.581703,24.504326,24.354683,26.651638,24.645735,25.994518,27.317173,24.3574,21.629396,18.301048,15.556846,15.705552,11.323252,14.688066,13.405933,17.197952,19.761051,22.964687,26.536655,27.435398,28.005796,24.252846,21.31443,17.419662,20.849854,16.327711,17.525412,18.473223,16.561453,13.8027935,15.250593,15.022415,14.641343,13.811019,13.618349,11.737344,15.616836,15.392985,19.73985
17,31.544153,28.142235,27.88155,22.633406,21.72195,20.909409,17.99884,18.604172,14.466509,17.462372,15.074625,17.16581,15.008718,12.314268,9.875586,6.400618,4.6671443,0.0,5.717676,6.5992913,9.931018,12.395927,15.871284,15.550897,20.34967,20.25578,20.843729,17.96844,13.428077,11.789698,13.366206,10.074818,14.640689,11.567917,16.23029,17.71271,19.707678,19.716434,15.396349,11.968457,16.694448,14.760852,15.097577,15.933247,19.006647,17.855576,21.10858,22.293905,25.6196,27.204489,25.737345,29.964367,30.635653,31.431072,26.879747,28.606936,24.064999,23.984577,25.464178,27.193857,23.98282,28.376774,25.485573,27.125462,28.160486,26.96807,29.998121,27.35795,29.198572,25.747887,20.929562,21.42797,18.865591,22.156591,20.665985,20.459911,23.225458,21.618631,23.339474,25.10184,22.46516,19.200018,16.70834,13.286853,12.427763,8.0209255,10.695707,8.951057,13.020372,15.648306,19.140842,22.638575,23.993757,24.88748,21.511427,18.435915,14.737041,17.890722,13.725231,14.80834,16.825235,15.617016,13.225759,16.00032,16.788155,16.16279,14.384974,14.935935,10.915927,15.064645,13.920629,18.2987
18,35.041813,31.783627,32.1801,26.79876,26.317831,25.863283,23.187916,24.178207,20.17848,23.087929,20.28978,22.076656,19.20464,16.288492,13.343677,10.458528,6.302233,5.717676,0.0,5.2267475,6.731567,8.222079,11.935726,13.265762,17.670223,18.679432,19.9132,16.88674,14.753936,12.57187,15.843727,11.483766,17.739662,14.311785,18.891733,20.55341,21.386536,21.341593,16.639242,12.863302,18.37263,15.864734,17.733633,18.030159,19.666977,18.799568,21.189116,22.234575,25.532965,27.507353,26.516842,30.782242,32.34003,32.930916,28.438736,30.242481,26.339277,26.015583,28.168404,30.42073,27.464235,31.837763,28.673233,30.700415,30.962973,30.471153,33.129223,30.666744,31.690607,28.582577,24.127209,24.657137,22.886087,25.939945,25.514952,24.974882,28.152428,26.647223,28.275517,30.259605,27.366798,24.14234,22.061247,18.664267,17.807022,13.380017,15.489932,11.877216,15.338823,16.736246,20.283087,23.433033,24.493948,24.523754,20.897482,18.339817,14.776927,19.24833,15.704218,18.2477,19.127943,18.729792,16.872837,18.67693,18.902481,19.421455,18.250547,19.334309,16.215899,20.519897,19.603676,23.993782
19,31.50296,28.068953,29.015057,23.671337,23.171404,23.689316,20.626575,23.04275,19.320744,23.034529,21.242113,23.613974,21.569992,18.889946,16.143473,12.9176,9.706612,6.5992913,5.2267475,0.0,4.33936,6.4102926,9.934353,9.704157,13.96627,14.094177,15.442165,12.92224,10.341573,9.495383,12.812228,10.583522,17.752928,16.010427,19.988983,22.388153,23.629206,22.828918,18.457273,14.168539,18.604683,14.557751,16.041464,14.862427,16.509794,14.567569,16.949919,17.585886,20.992174,23.178923,22.472977,26.860693,28.376608,29.524418,25.39953,27.863598,24.037071,24.407803,26.884996,28.501755,25.454384,29.013393,25.334784,27.034687,26.597168,26.158958,28.519741,26.025276,26.68698,23.702898,19.463682,20.14441,18.878586,22.204437,22.614159,22.44597,26.089294,25.22089,27.345795,29.627111,27.316792,23.633072,22.142141,18.331997,16.252102,12.540009,12.571519,7.6644287,10.513802,11.5370245,15.159381,18.241558,19.5096,19.760536,16.437532,13.775131,10.477566,14.819617,11.974021,14.85601,16.266876,16.88065,15.745465,18.422329,19.572588,20.1059,18.252216,20.426775,15.997287,20.50273,19.330427,23.510916
20,34.998295,31.490267,32.746414,27.476034,26.86062,27.735947,24.303747,26.938787,22.920652,26.543205,24.27284,26.90804,24.757671,21.711412,19.361105,15.7276745,12.614337,9.931018,6.731567,4.33936,0.0,4.8040676,5.9631743,6.551966,11.157153,12.557562,13.514189,10.523559,10.538435,8.792487,13.211269,10.377116,18.329586,16.945456,20.408918,23.176863,23.628504,22.461658,18.15688,13.742164,18.044804,13.51309,16.141401,14.71683,14.965668,13.790677,15.344648,16.21941,19.404184,21.607006,21.090197,25.346832,27.54799,28.303156,24.234358,26.621088,23.430197,23.579987,26.578684,28.6036,25.87955,29.424648,25.715939,27.909876,27.095915,27.488,29.635689,27.635191,27.8398,25.547735,21.639437,21.68444,21.122952,23.561956,24.92471,24.139097,28.076124,27.28552,29.264421,31.839241,29.345009,25.671545,24.889143,21.054943,19.125715,15.430974,15.78394,10.529702,12.9523325,12.827054,16.661415,19.105595,20.664099,20.450794,17.492626,15.400431,12.810736,17.47297,15.507479,18.67423,20.058699,21.069277,20.068813,22.604435,23.576979,24.28382,22.544626,24.46394,20.064001,24.415043,22.827156,26.981493
21,34.867496,31.728329,33.423714,28.124546,28.152315,29.019173,26.37452,29.110434,25.639149,29.335558,27.402504,29.501148,26.97338,24.253786,21.048326,18.306618,14.057663,12.395927,8.222079,6.4102926,4.8040676,0.0,5.9334674,8.442629,10.760528,12.294861,15.020366,13.050186,13.938863,13.244826,17.513647,15.12043,22.95197,21.072474,24.895102,27.379612,27.82219,26.944054,22.487265,18.183832,22.782751,18.292088,20.82628,18.98557,19.01632,17.127317,18.12201,18.186556,21.353842,24.0946,24.211637,28.475712,30.921444,32.05678,28.3123,30.98742,27.953413,28.268675,31.329102,33.20282,30.420591,33.659096,29.701607,31.547312,30.125416,30.32705,32.101864,29.783833,29.390902,26.848972,23.348671,24.25402,23.863281,27.031841,28.374807,28.12162,32.03552,31.337286,33.451614,35.870674,33.46552,29.794643,28.47366,24.682474,22.598888,18.915743,18.603336,13.118076,14.55713,13.899766,16.844898,19.160198,19.790182,18.803684,15.386624,13.814359,11.391955,16.708458,15.108054,19.155373,19.21238,20.7075,20.215307,21.94144,22.686905,24.236275,22.879663,25.616983,21.866825,26.526163,25.66057,29.861895
22,38.390812,34.97893,36.89749,31.75737,31.342104,32.79042,29.339699,32.55127,28.640669,32.38578,30.124527,32.840416,30.610731,27.484644,25.095165,21.538652,18.165697,15.871284,11.935726,9.934353,5.9631743,5.9334674,0.0,4.90235,7.1463976,10.476806,11.852808,9.498246,13.329138,12.076067,16.807798,14.646695,22.728714,21.883005,24.763414,27.812017,27.582722,26.046144,22.036886,17.779324,21.46944,16.411243,19.787664,17.531961,15.974164,15.02955,14.942849,15.377151,18.053656,20.595531,20.881224,24.822422,27.96472,28.635767,25.128933,27.73511,25.560642,25.780954,29.383074,31.500755,29.157228,32.14026,28.209194,30.573116,28.784138,30.010723,31.55993,29.981846,29.226042,27.69,24.546906,24.427992,24.847706,26.773348,29.287773,28.31279,32.557877,32.087654,34.0951,36.91355,34.483498,30.767458,30.511015,26.642378,24.513748,21.106369,20.894869,15.255636,16.507765,14.927275,18.220291,19.674213,21.098188,20.035454,17.64142,16.58489,15.143381,19.954302,19.242651,22.99019,23.880432,25.663628,25.166866,27.422432,28.354414,29.562122,27.934832,30.24686,25.887754,30.289831,28.654222,32.727016
23,35.74878,32.102444,34.07662,29.152575,28.395649,30.39565,26.451735,30.318342,26.466839,30.476578,28.710024,31.89447,30.326008,27.269737,25.346897,21.390705,18.905272,15.550897,13.265762,9.704157,6.551966,8.442629,4.90235,0.0,5.647774,7.5523086,7.4804626,4.7959075,9.043846,8.693279,13.054753,12.668029,20.612003,20.990013,23.3255,26.787949,27.008427,24.986032,21.377157,17.014303,19.650408,13.77945,16.629604,13.4384775,11.801547,10.228697,10.180413,10.709278,13.576442,16.044128,16.229382,20.325977,23.249735,24.228897,20.884834,23.900337,21.691448,22.420918,26.099764,27.713932,25.366905,27.8052,23.675451,25.917326,23.910755,25.309177,26.791098,25.427944,24.716515,23.519863,20.490026,19.920006,20.744024,22.292442,25.407282,24.443705,28.87315,28.801897,31.01616,34.00896,31.983076,28.088057,28.407883,24.448748,21.809515,19.08272,18.020649,12.460219,13.221296,11.293255,14.891673,16.131935,18.311623,17.934645,16.20293,14.903748,13.891636,17.820652,17.61574,20.821205,22.629787,24.635632,24.287373,27.283474,28.76925,29.4977,27.388353,29.76619,24.618364,28.784666,26.747564,30.522787
24,36.51681,33.146458,35.872406,31.181826,30.872135,33.412342,29.864925,34.344486,30.96531,35.202374,33.869793,36.922306,35.311707,32.425415,30.077797,26.473341,23.456818,20.34967,17.670223,13.96627,11.157153,10.760528,7.1463976,5.647774,0.0,4.622502,6.8740535,7.326588,13.018645,13.934476,17.802286,18.268185,26.112532,26.62626,28.9262,32.43083,32.576027,30.471315,26.946623,22.620283,25.060854,19.017279,21.722914,17.810114,15.49539,13.200974,11.632494,10.657153,12.877987,16.061785,17.491507,21.191002,24.660593,26.14329,23.702429,27.172794,25.650112,26.752533,30.6549,31.911549,29.726732,31.3195,26.88383,28.727407,25.550526,27.260153,27.946257,26.680912,24.825207,24.111183,22.097012,22.03929,23.667046,25.415571,29.217857,28.658987,33.206722,33.518215,35.930317,38.961483,37.206993,33.22523,33.54921,29.552002,26.542292,24.116396,22.134031,16.42804,15.829033,12.730794,14.975615,15.106524,16.69233,15.379301,14.393764,14.309199,14.62991,18.294136,19.394432,23.13014,24.173239,26.99347,27.303392,29.970985,31.556826,32.826477,30.797462,33.92154,28.866169,33.191895,31.477707,35.150524
25,32.401512,29.045177,32.0358,27.592882,27.368649,30.372864,26.956114,32.01848,29.131374,33.604057,33.010464,36.095566,34.907944,32.33651,29.946747,26.514666,23.784925,20.25578,18.679432,14.094177,12.557562,12.294861,10.476806,7.5523086,4.622502,0.0,5.455075,7.6933684,11.455214,13.913504,16.881485,18.806026,26.270756,27.237322,29.534575,33.06839,33.819954,31.664892,28.24124,23.853027,25.94238,19.678762,21.462803,16.900995,15.404315,11.702038,10.466439,8.429327,10.99923,14.527513,16.189495,20.038137,22.90978,25.174871,23.067852,27.002552,25.158638,26.819128,30.486689,31.066374,28.701544,29.659674,24.95752,26.170431,22.539478,23.845358,24.257431,22.73557,20.602419,19.774601,18.147547,18.555708,20.47971,22.717112,26.649998,26.68488,31.210638,31.887798,34.58157,37.540447,36.24486,32.146908,32.429714,28.43556,24.924059,23.119001,20.01398,14.581795,12.8534565,9.188611,10.713212,10.50451,12.261899,11.37727,10.9787035,10.933262,12.054304,14.698306,16.616335,20.094486,21.337278,24.557575,25.280077,28.236284,30.258158,31.398602,29.115093,32.684998,27.32425,31.533283,29.961838,33.34605
26,34.238224,30.519508,33.115818,28.861063,27.926373,31.103653,26.843426,31.953733,28.643711,32.990005,32.178913,35.7828,35.024277,32.221703,30.656757,26.622847,24.853691,20.843729,19.9132,15.442165,13.514189,15.020366,11.852808,7.4804626,6.8740535,5.455075,0.0,4.1883464,9.385664,11.602053,13.984791,16.754461,23.562017,25.581306,26.998327,30.867353,31.45418,28.821817,25.997736,21.8895,22.824038,16.396765,18.145971,13.254957,10.763909,7.629838,5.2419486,3.814013,6.4252987,9.555745,10.945195,14.806453,17.941818,19.864851,17.837591,21.80736,20.436852,22.219166,26.07833,26.607979,24.579193,25.276497,20.698078,22.392,18.878258,21.084112,21.648855,20.955685,19.246765,19.364223,17.64006,16.524906,18.90228,19.646557,24.395718,23.716837,28.366142,29.220278,31.773272,34.98881,33.77948,29.73664,30.940786,27.030903,23.611965,22.23827,19.486637,14.670414,13.475225,10.213088,12.634946,12.187563,15.274491,15.423981,15.604984,15.01425,15.705626,17.723125,19.254412,21.822767,24.245424,27.01027,27.31203,30.859003,32.99489,33.503487,30.947,33.789955,27.938265,31.7187,29.419792,32.56212
27,35.514565,31.663034,33.701748,29.14704,27.97284,30.56222,26.067102,30.50835,26.695112,30.80021,29.386042,33.033802,32.093594,29.064857,27.755907,23.47434,21.910072,17.96844,16.88674,12.92224,10.523559,13.050186,9.498246,4.7959075,7.326588,7.6933684,4.1883464,0.0,7.4714494,8.119844,11.323462,12.986908,20.071016,21.837152,23.267277,27.11654,27.476856,24.904442,21.978254,17.872704,19.03392,12.669065,15.019753,10.816188,8.202851,6.4333663,5.445702,6.544965,9.201724,11.33268,11.457997,15.54587,18.55338,19.655792,16.681938,20.096575,18.33264,19.568542,23.4504,24.601126,22.50616,24.186419,19.93289,22.236805,19.852215,21.904491,23.183582,22.420444,21.630026,21.270388,18.64551,17.15505,18.73213,19.242643,23.37626,22.160957,26.763805,27.165316,29.468641,32.693977,31.071325,27.11855,28.304808,24.402514,21.439377,19.575989,17.89813,13.018911,13.148614,10.851754,14.360849,14.905329,17.954865,18.209957,17.50204,16.28839,15.949631,18.691328,19.132812,21.606256,24.263996,26.416044,26.181576,29.738127,31.609835,31.90533,29.440388,31.682087,25.950813,29.70679,27.181782,30.541357
28,30.102001,26.049393,27.348526,22.774292,21.178267,23.523716,18.748924,23.163284,19.459852,23.690605,22.903042,26.63832,26.298601,23.654783,22.660036,18.497246,17.987114,13.428077,14.753936,10.341573,10.538435,13.938863,13.329138,9.043846,13.018645,11.455214,9.385664,7.4714494,0.0,4.7549944,5.648745,9.563675,15.616975,17.659952,19.367992,22.968643,24.496464,22.243542,19.323086,15.307875,16.354513,10.494639,10.672576,6.3959465,8.236678,4.687028,8.202575,9.421958,12.549118,13.933057,12.732578,17.111166,18.143475,19.7543,16.131662,19.429987,15.924618,17.512968,20.418985,20.93269,18.110596,20.17927,15.916516,17.655209,16.59588,17.115555,19.334644,17.790846,18.524319,16.959625,13.119205,11.694642,11.996022,13.480545,16.423384,15.754192,20.23425,20.590399,23.171494,26.17862,24.857965,20.760708,21.589561,17.669695,14.2592,13.0072775,10.57091,6.5832376,7.3858833,7.2876573,11.526596,13.47963,16.728098,18.267445,17.051336,14.674364,13.43947,15.074386,14.500847,15.684203,19.449085,20.916546,20.390785,24.543293,26.755991,26.323126,23.52175,25.502993,19.351706,22.76344,20.144094,23.289701
29,33.943256,29.908556,30.718712,25.960852,24.225664,25.766157,20.908476,24.164598,19.730753,23.435358,21.510746,25.316154,24.586832,21.481394,20.91689,16.282803,16.052536,11.789698,12.57187,9.495383,8.792487,13.244826,12.076067,8.693279,13.934476,13.913504,11.602053,8.119844,4.7549944,0.0,4.821755,5.289448,12.382971,14.020673,15.691462,19.384634,20.36355,18.108467,14.989574,10.8711405,12.335615,6.4571095,8.135898,5.981729,7.319416,7.1315613,10.128494,12.355137,15.17639,16.120382,14.384883,18.51528,19.8854,20.376862,16.010592,18.383837,14.809865,15.404234,18.420742,20.002962,17.335997,20.688385,17.125814,19.740385,19.71393,20.555346,23.140644,21.910452,23.023262,21.545933,17.465786,15.660036,15.31295,15.9302635,18.11695,16.4486,20.698236,20.345982,22.400959,25.453026,23.422417,19.539991,20.474783,16.62169,14.255622,11.996095,12.029643,8.44206,11.0901375,11.520566,15.919603,17.99853,21.02811,22.153996,20.449566,18.028885,16.122799,18.714518,17.226109,18.522861,22.070946,22.851168,21.667685,25.5561,27.265635,26.695105,24.167315,25.232943,19.485203,22.820726,19.866028,23.332952
30,32.335392,28.146435,28.495955,24.15516,21.843706,23.544487,18.134533,21.549992,17.188398,20.839325,19.500048,23.718826,23.885239,21.090883,21.320011,16.736528,17.842218,13.366206,15.843727,12.812228,13.211269,17.513647,16.807798,13.054753,17.802286,16.881485,13.984791,11.323462,5.648745,4.821755,0.0,6.7101097,10.448204,13.741308,14.471091,18.23122,19.970722,17.500677,15.262445,11.957656,11.60334,6.6621513,5.1723676,2.667559,7.3417096,7.160603,11.062979,13.4137745,15.848216,16.006983,13.540524,17.358494,17.519112,18.148249,13.722239,16.024017,11.646887,12.815631,15.205691,16.028036,13.076746,16.320122,12.895788,15.415122,16.391218,16.852217,19.908766,18.87454,20.907244,19.536592,15.310237,12.640326,11.874516,11.584376,13.643629,11.677015,16.017021,15.961821,18.199726,21.379286,19.836714,15.8426,17.547527,13.869323,11.170466,10.389063,9.952244,8.753643,11.117784,12.39154,16.40722,18.458452,21.84428,23.711727,22.428982,19.804338,18.073517,19.413042,17.94194,17.973837,22.433968,22.87903,21.620014,26.007164,28.045631,26.816793,23.974537,24.625036,18.454187,21.015913,17.536806,20.395807
31,36.311474,32.32013,32.353203,27.549866,25.596067,26.132196,21.333904,23.113363,18.111027,21.037949,18.03934,21.838385,20.928099,17.511887,17.7479,12.791873,13.689052,10.074818,11.483766,10.583522,10.377116,15.12043,14.646695,12.668029,18.268185,18.806026,16.754461,12.986908,9.563675,5.289448,6.7101097,0.0,8.131347,8.868701,10.796178,14.308679,15.221016,13.321807,9.854984,5.750866,8.191363,4.7133193,6.5682073,8.414291,10.578984,11.974711,15.031154,17.54504,20.182121,20.70224,18.450636,22.188892,23.131554,22.844152,17.957058,19.121351,15.063072,14.543832,16.805439,19.245264,16.583742,21.307974,18.734787,21.679113,23.039322,23.485926,26.597046,25.343523,27.224188,25.41184,20.900892,19.025278,17.645618,17.9639,18.580479,16.311241,19.863682,18.619062,20.057487,22.890009,20.153181,16.647272,17.35481,13.803691,12.856124,9.816106,12.607015,10.66288,14.493256,15.930284,20.29892,22.786987,25.595915,26.753553,24.579456,21.886562,19.30319,22.092833,19.562542,20.344793,23.903368,23.678583,21.746407,25.412165,26.654835,25.611301,23.347649,23.166744,18.005775,20.8885,17.64559,21.253464
32,38.700615,34.672577,33.600994,29.434284,26.747202,26.559814,21.46576,21.70112,16.483864,17.947466,14.3426695,18.67799,19.01366,15.879237,18.396065,13.808242,17.373108,14.640689,17.739662,17.752928,18.329586,22.95197,22.728714,20.612003,26.112532,26.270756,23.562017,20.071016,15.616975,12.382971,10.448204,8.131347,0.0,6.139614,4.2513494,8.056055,10.190421,8.136575,7.2074823,7.186025,4.8146467,8.140603,6.199214,11.58265,14.832304,17.192747,20.559177,23.411325,25.540617,25.077835,21.97941,24.856007,24.473022,23.399004,18.412367,17.961397,13.303419,11.819467,11.884927,14.68629,12.249893,18.304426,17.580303,20.65839,24.152956,24.16458,27.887213,27.081173,30.212856,28.54582,23.954975,21.29473,19.06823,17.875042,16.736893,13.355788,15.422312,13.252363,13.5766,16.293312,13.067646,10.304771,12.503453,10.296974,11.502968,10.23318,14.755905,15.963415,19.74419,21.999298,26.043009,28.564451,31.624516,33.398033,31.434713,28.499132,25.846529,27.657637,24.739008,24.048393,28.340633,27.134022,24.662092,28.51061,29.681711,27.525793,25.25364,23.313313,18.643913,19.695581,15.533287,18.066341
33,39.414814,35.651924,34.43161,29.875576,27.710535,26.603962,22.414656,21.49041,16.222166,17.195702,12.400202,15.783512,14.802821,11.179657,13.5711565,9.132974,12.868133,11.567917,14.311785,16.010427,16.945456,21.072474,21.883005,20.990013,26.62626,27.237322,25.581306,21.837152,17.659952,14.020673,13.741308,8.868701,6.139614,0.0,5.1269593,6.3887954,8.431849,8.671658,5.289976,5.4501762,8.146426,11.266416,11.04946,15.575107,18.581633,20.342503,23.67965,26.232462,28.816402,29.00493,26.325037,29.644066,29.762352,28.917141,23.856949,23.638988,19.177898,17.564405,17.813839,20.7912,18.306242,24.276978,23.211096,25.976086,29.034178,28.60251,32.286808,30.8459,33.751617,31.367245,26.475853,24.827114,22.154232,22.452454,20.497149,18.05544,19.798822,17.135046,17.311087,19.183418,15.351401,13.16273,12.732426,10.68216,12.835085,9.750312,15.656787,16.34213,20.688963,23.210684,27.287233,30.267822,32.740524,34.10302,31.440506,28.415857,25.189604,27.724148,24.042929,23.805632,27.221899,25.4627,22.571928,25.652672,26.159319,24.18163,22.489244,20.005814,16.555859,17.998276,14.700243,18.01298
34,42.04643,38.124447,36.774788,32.582333,29.98092,29.210663,24.497095,23.726402,18.503492,19.075275,14.515761,18.346386,18.330805,15.074165,18.258892,14.037821,17.957016,16.23029,18.891733,19.988983,20.408918,24.895102,24.763414,23.3255,28.9262,29.534575,26.998327,23.267277,19.367992,15.691462,14.471091,10.796178,4.2513494,5.1269593,0.0,4.2441177,6.0117803,4.77979,4.758291,7.3068542,5.5706515,11.034758,10.209998,15.603722,18.308384,21.045643,24.21069,27.144667,29.268612,28.807156,25.710644,28.43587,28.210585,26.705076,21.704569,20.600191,16.42477,14.2078905,13.736343,17.179136,15.271967,21.583157,21.409134,24.570446,28.295881,28.314915,32.077797,31.271132,34.453236,32.68484,28.015442,25.50796,23.120687,21.998598,20.373539,17.00666,18.352324,15.669711,15.178478,17.328156,13.438138,11.813782,13.434,12.14245,14.499927,12.79469,18.164677,19.33522,23.377604,25.688572,29.801966,32.442165,35.356693,36.95,34.72224,31.766909,28.861984,31.02918,27.755255,27.164995,31.126087,29.519997,26.740181,30.15633,30.88051,28.633957,26.744823,24.015198,20.303194,21.009918,17.09455,19.544178
35,43.63092,39.879463,38.078033,33.996567,31.456642,29.985758,25.782267,23.862167,18.8628,18.433733,13.273361,16.427439,16.376097,13.39957,17.37911,14.001571,18.490173,17.71271,20.55341,22.388153,23.176863,27.379612,27.812017,26.787949,32.43083,33.06839,30.867353,27.11654,22.968643,19.384634,18.23122,14.308679,8.056055,6.3887954,4.2441177,0.0,4.629006,6.262562,6.843011,10.211601,9.669829,15.1607485,14.230619,19.577497,22.498384,25.005276,28.28298,31.122433,33.35942,32.97896,29.890612,32.617447,32.214466,30.708494,25.767117,24.446037,20.292229,17.99975,16.88043,20.155283,18.369932,24.704914,24.91088,27.800348,31.881903,31.486803,35.372917,34.36363,37.801052,35.70876,30.91793,28.730745,25.917517,25.159035,22.59425,19.560371,20.088484,16.929016,15.848995,17.185328,12.888398,12.384528,12.977668,12.758726,16.127977,14.45179,20.364958,22.062721,26.243176,28.874125,32.882534,35.746647,38.442898,40.041393,37.55892,34.49615,31.34169,33.500496,29.817423,28.985687,32.701138,30.551226,27.48265,30.496304,30.861898,28.339973,26.801943,23.209541,20.55016,20.624647,17.070738,19.217947
