,0,1,2,3,4,5,6,7,8,9,10,11,12,13,14,15,16,17,18,19,20,21,22,23,24,25,26,27,28,29,30,31,32,33,34,35,36,37,38,39,40,41,42,43,44,45,46,47,48,49,50,51,52,53,54,55,56,57,58,59,60,61,62,63,64,65,66,67,68,69,70,71,72,73,74,75,76,77,78,79,80,81,82,83,84,85,86,87,88,89,90,91,92,93,94,95,96,97,98,99,100,101,102,103,104,105,106,107,108,109,110,111,112
0,0.0,4.2924023,6.836459,9.52394,12.389066,14.625265,18.748882,22.719528,24.996044,27.723097,32.194145,34.759773,36.914803,33.13921,27.890675,26.99779,23.12795,22.107706,16.581432,18.116798,15.501039,15.050233,14.182242,18.105265,20.480375,20.34331,22.343315,21.495712,25.565561,22.573584,30.415337,25.622423,32.47468,30.707716,33.16523,35.701492,33.6901,33.058064,29.178297,26.765347,30.41111,26.902447,30.92813,29.696398,25.303034,28.340511,24.184355,26.622665,24.9709,27.458426,30.319546,31.235996,35.5781,37.505047,38.44439,34.563427,35.59077,37.102024,41.84096,41.351757,37.811157,36.23338,41.617023,41.84745,45.938557,41.837975,38.851265,44.617012,40.85715,38.028248,39.05625,38.690895,34.929455,32.91611,37.707664,34.61997,40.029507,40.18665,39.02512,42.779194,37.631554,42.102818,38.478943,34.425694,31.302288,30.316984,26.29331,26.884256,22.196022,23.407867,21.769615,22.255783,23.158848,21.076458,18.062828,14.230122,15.55771,16.81053,17.536945,20.902494,21.439478,25.657866,29.460274,29.829922,33.77832,36.634586,38.08487,35.188595,39.11334,32.787827,35.269154,32.786064,34.154938
1,4.2924023,0.0,4.6365104,6.376858,8.52942,11.952191,15.321289,19.362427,21.4866,24.032953,28.67075,30.954157,33.152225,29.17353,23.949366,22.831484,18.975151,17.834919,12.473018,14.051894,11.926866,11.587182,11.536427,15.109005,17.106323,16.974728,18.422777,17.53202,21.442305,18.626326,26.419628,21.833748,28.790497,27.244316,29.898783,32.54257,30.918049,30.18116,26.134706,23.476124,27.025747,23.346516,27.185322,25.815195,21.65648,24.416426,20.66164,22.965166,21.773394,23.976412,26.669712,27.33829,31.82588,33.529747,34.656975,30.83262,31.576708,33.09681,37.8388,37.291412,33.7269,32.058903,37.419476,37.679863,41.71643,37.56372,34.624107,40.41668,36.70158,33.90169,35.121826,34.83611,31.122547,28.882856,33.644737,30.39592,35.791443,35.89828,34.742645,38.53097,33.424618,37.987408,34.494793,30.338205,27.198397,26.093939,22.173363,22.696783,18.05505,19.552801,18.159098,19.09158,20.204,18.69653,15.669316,11.577632,12.777696,13.035109,14.662752,17.711447,17.776402,22.039434,25.720291,25.919909,29.877596,32.68226,34.110226,31.266386,35.179585,28.87561,31.562092,29.094723,30.7989
2,6.836459,4.6365104,0.0,5.028115,7.096583,8.2668,13.178583,16.114868,18.93471,21.309084,25.837326,28.615795,31.251604,27.94262,22.613455,22.036661,18.543076,18.107588,13.758309,15.511109,14.718225,14.080431,15.1333275,18.445152,19.8395,19.86745,20.250835,19.043823,22.16876,19.261932,26.183014,21.359125,27.939217,25.60145,28.615902,30.631182,29.171719,29.015287,24.745707,22.335533,26.667643,23.594475,27.251766,26.40826,23.05693,25.685675,22.893497,25.225786,24.762402,26.457905,28.836283,29.01414,33.764557,34.914757,36.42448,32.70731,32.724613,33.97882,38.88521,37.772076,33.922405,32.546776,37.895016,38.329773,42.052025,37.43286,34.90338,40.606667,36.658184,34.16324,35.590054,35.839302,32.085472,29.606354,34.49438,30.719902,35.836582,35.491306,33.982845,37.329426,32.064198,36.194256,32.311226,28.506187,25.347898,24.837793,20.481937,22.114311,17.836037,19.647053,19.106165,19.860533,22.094433,19.882734,16.42005,12.644868,12.194208,12.498641,12.287047,15.164012,15.21236,19.808796,23.010563,23.931522,27.567638,30.403948,32.163673,29.389843,33.851223,27.761784,30.70035,28.826563,30.587776
3,9.52394,6.376858,5.028115,0.0,3.7755797,6.5237207,9.233626,13.978931,15.58495,18.722647,22.937132,25.486794,27.461733,23.98315,18.69465,18.441391,14.7946415,15.352639,10.651436,13.795523,13.21251,13.813148,14.994578,17.229477,18.556988,17.806143,17.678858,15.677421,18.59743,15.078662,21.943117,16.81897,23.401243,21.278378,23.994774,26.354347,24.729069,24.273829,20.104185,17.63055,21.79948,18.805178,22.632833,22.0857,18.800549,21.926777,19.337603,22.494242,22.487534,24.567783,26.69364,26.319515,30.927433,32.029266,33.15561,29.323055,29.274029,30.148798,35.267906,33.841763,29.936993,29.11753,34.746315,35.59891,39.232048,34.37626,32.405186,38.397293,34.95573,32.44722,34.490173,34.567436,31.10302,28.047453,32.485504,28.308458,33.52957,32.889507,31.099895,34.60483,29.169,33.355133,29.57881,25.665873,22.931063,22.551697,18.567482,20.628208,16.719488,19.426895,19.196472,20.907694,22.7234,21.88297,18.764679,14.830764,14.663954,13.029762,14.444514,16.417917,14.952798,19.944624,21.93751,23.096258,26.333641,28.857672,31.00923,28.550375,33.176758,27.26906,30.746075,28.855059,31.292715
4,12.389066,8.52942,7.096583,3.7755797,0.0,6.141638,7.142973,11.4313965,13.053052,15.688151,20.251612,22.451672,24.696451,20.992369,15.686565,15.066706,11.529195,11.954685,8.262872,11.179256,11.812682,12.318928,14.444583,16.091208,16.737764,16.199371,15.16308,13.234073,15.623911,12.571112,19.099451,14.376688,21.043814,19.149553,22.269905,24.637749,23.667582,23.178453,18.786282,15.994617,20.068188,16.917189,20.319181,19.568928,16.847803,19.336817,17.551971,20.224876,20.827177,22.314001,24.160501,23.51648,28.28494,29.034292,30.515835,26.854208,26.358309,27.2946,32.34644,30.876692,26.936525,25.8966,31.405605,32.21506,35.75665,30.855314,28.871183,34.80197,31.305595,28.884888,31.052061,31.31182,27.90132,24.685823,29.127113,24.790663,29.911674,29.222754,27.465422,30.953121,25.579395,29.868315,26.212496,22.175398,19.308283,18.799187,14.834818,16.940176,13.243744,16.26934,16.525959,18.546492,20.691216,20.257914,17.306843,13.674313,13.085289,10.321225,12.463943,13.8047495,11.735647,16.673399,18.554024,19.494242,22.763317,25.274189,27.342415,24.911428,29.512688,23.674032,27.30938,25.532625,28.22297
5,14.625265,11.952191,8.2668,6.5237207,6.141638,0.0,6.7221403,8.727449,11.487341,14.285013,18.181225,21.506289,24.17386,21.910698,16.711367,17.446138,14.818838,16.517694,14.095146,16.879705,17.917774,18.052483,20.247602,22.1977,22.738611,22.294283,20.829203,18.652443,20.097303,16.884983,21.668468,16.598896,22.090021,18.716003,22.057503,23.273447,22.161133,22.702545,18.25299,16.297455,21.538406,19.718254,22.894377,23.173601,21.426582,24.01055,23.024952,25.899832,26.849955,28.128386,29.736393,28.692524,33.499607,33.7524,35.42244,31.893946,30.758558,31.21633,36.403313,34.169724,29.952007,29.596981,35.018093,36.122623,39.190346,33.73212,32.47971,38.198994,34.552074,32.568977,34.928646,35.74858,32.36653,29.024715,33.440903,28.607748,33.23177,31.892042,29.578695,32.312614,26.740189,30.141153,25.814644,22.565275,19.966623,20.647238,16.256062,20.097227,17.186516,20.234386,21.19943,22.710999,25.729965,24.30092,20.960316,17.691,15.850637,13.987065,13.217939,14.125112,12.051783,17.291046,17.87633,20.297684,22.748175,25.172878,27.897919,25.70313,31.077087,25.748007,29.591875,28.629196,31.203314
6,18.748882,15.321289,13.178583,9.233626,7.142973,6.7221403,0.0,7.080901,6.5533404,10.543332,14.074888,16.609795,18.378168,15.611103,10.417628,11.69641,9.343918,12.774924,11.529369,15.148621,16.93555,18.117802,20.564968,21.088173,21.154055,20.065437,17.57305,14.665735,15.018868,11.556371,15.205956,10.008618,15.406612,12.466237,15.813393,17.657333,16.92969,16.929531,12.341741,9.914441,14.989347,13.389976,16.299694,17.003708,16.132797,18.722618,18.812815,22.1486,23.957403,25.22291,26.27985,24.441378,28.969423,28.923439,30.29369,26.851479,25.33264,25.288269,30.61156,27.957525,23.681065,23.9889,29.59319,31.192854,34.04874,28.348648,27.857023,33.794178,30.859556,28.944191,32.05186,32.699352,29.80779,25.831293,29.511623,24.23644,28.799694,27.082373,24.449875,27.393461,21.689978,25.25948,21.265532,17.751858,15.833229,16.626865,13.168305,17.392336,15.468787,19.385927,20.781967,23.296438,25.754118,25.951113,23.20011,20.03515,18.705769,14.992214,16.47055,16.264156,12.473837,17.379116,16.268625,18.600891,20.41386,22.279997,25.352388,23.666649,28.951773,24.064093,28.449121,27.471369,30.836775
7,22.719528,19.362427,16.114868,13.978931,11.4313965,8.727449,7.080901,0.0,5.1546845,5.8346357,9.98528,13.345549,17.00304,15.744091,11.311559,12.78468,12.243339,15.0303135,16.12051,18.169394,21.112638,21.272694,24.520863,25.282904,24.637102,24.375347,21.132141,18.999735,18.217457,16.274603,17.644327,14.021561,17.621758,13.8461,18.11459,18.33381,19.028883,20.131748,15.631343,13.9037285,19.038784,18.28686,19.881495,20.701641,21.21491,22.427135,23.796516,25.901625,28.240253,28.357788,29.027243,27.007856,31.728193,30.813429,33.11999,30.234669,27.69581,27.686848,32.611668,29.615442,25.293463,25.320684,30.168129,31.570232,33.836773,27.886438,27.630371,32.871716,29.391405,28.11399,31.0917,32.637703,29.7507,25.949636,29.794573,24.316364,27.970177,25.807623,22.98217,24.87473,19.357597,22.018274,17.42507,14.756761,12.530169,14.463994,10.500659,16.272171,15.535958,19.059547,21.499596,23.394892,27.051397,26.382914,23.583357,21.319742,18.638311,15.277661,14.631112,13.082265,9.0358305,13.276323,10.6303425,14.325588,15.332909,17.283539,20.694412,19.159744,25.07736,20.895103,25.337797,25.41671,28.60877
8,24.996044,21.4866,18.93471,15.58495,13.053052,11.487341,6.5533404,5.1546845,0.0,4.9962177,7.5325565,10.364183,12.728505,11.439077,7.2020097,10.079644,10.215157,14.531537,15.96415,18.753689,21.664124,22.648983,25.675678,25.634752,24.949247,24.066532,20.446642,17.710474,16.149292,13.926748,13.686543,10.073264,12.665476,8.695725,12.994572,13.507891,14.415146,15.270885,10.850345,9.235088,14.250622,14.294333,15.523945,17.105227,18.420914,19.86019,21.89793,24.607283,27.379665,27.78651,28.108564,25.501114,29.831118,28.793161,30.603516,27.747995,25.025946,24.40201,29.489252,25.973175,21.581419,22.567957,27.638094,29.611296,31.661448,25.438278,26.087019,31.55217,28.860714,27.617275,31.23539,32.495358,30.048178,25.770758,28.87107,23.067795,26.660202,24.08391,20.829115,22.866728,17.14803,19.772594,15.410728,12.678942,11.637034,13.865418,11.222738,16.955013,16.86245,20.883045,23.281883,25.83739,28.82251,29.221992,26.726034,24.246872,22.203627,18.077047,18.912687,17.347046,12.797464,16.607027,12.808624,16.210028,16.456879,17.657143,21.453619,20.502645,26.18955,22.46443,27.217043,27.154211,30.861473
9,27.723097,24.032953,21.309084,18.722647,15.688151,14.285013,10.543332,5.8346357,4.9962177,0.0,5.422548,7.718147,12.035998,11.320466,8.284708,10.182271,11.592411,14.899938,17.951944,19.580112,23.265736,23.687563,27.218216,27.085646,25.819668,25.499743,21.364733,19.321575,17.04687,16.184494,14.7574415,12.894545,14.581981,11.354278,15.872003,15.715137,17.853268,18.8935,14.851465,13.318351,17.407896,17.346401,17.582485,18.690334,20.76927,20.984299,23.867243,25.484604,28.634935,28.142046,28.12215,25.432785,29.809155,28.156534,30.685936,28.320724,24.935705,24.518028,29.126755,25.650734,21.404152,21.825378,26.17635,27.879948,29.543411,23.322792,23.97662,28.87434,25.858973,25.065697,28.595604,30.417501,28.087837,23.968296,27.045017,21.24565,24.118092,21.338854,18.107742,19.490768,14.00611,16.249027,11.627581,9.210293,7.8196926,10.859075,8.483759,14.829098,15.859013,19.502668,22.550104,24.835598,28.340569,28.592339,26.343216,24.563934,21.9944,17.856174,18.188578,15.70483,11.118553,13.600184,8.355492,12.256489,11.717123,12.835089,16.795326,16.057098,21.956198,18.872807,23.647387,24.239979,27.93525
10,32.194145,28.67075,25.837326,22.937132,20.251612,18.181225,14.074888,9.98528,7.5325565,5.422548,0.0,4.789095,8.693296,10.85022,9.974701,13.171207,15.342612,19.381767,22.456816,24.477732,28.055864,28.794903,32.19058,31.802084,30.552517,29.922394,25.628029,23.268593,20.426445,19.468203,16.01389,14.808578,13.884912,9.987457,14.007904,12.334939,15.369421,17.147957,13.983079,13.664707,17.354147,18.821707,18.327879,20.471441,23.481943,23.788351,27.276434,29.25854,32.701756,32.310265,31.968079,28.816208,32.748837,30.722116,32.969425,30.87127,27.078241,25.92358,30.371506,26.097286,21.959015,23.56656,27.549906,29.797493,30.744019,24.238913,26.219137,30.72221,28.393919,28.061155,32.00182,33.939133,32.054462,27.759977,30.096663,24.142117,26.253532,22.776133,18.984379,19.364758,14.263584,14.788888,9.955462,9.60871,10.428488,14.21736,13.207303,19.34783,20.950481,24.609064,27.738192,30.124683,33.52287,33.979095,31.764227,29.953485,27.378265,23.269556,23.395653,20.826174,16.399996,18.420122,12.061977,16.272978,14.203311,14.143423,18.698418,18.902071,24.675385,22.741165,27.518074,28.5483,32.36538
11,34.759773,30.954157,28.615795,25.486794,22.451672,21.506289,16.609795,13.345549,10.364183,7.718147,4.789095,0.0,5.621362,7.9475284,9.240359,11.859082,15.071291,18.87534,22.974415,24.569214,28.470266,29.369907,32.849762,31.829695,30.187529,29.54632,24.841381,22.730986,19.067413,19.071285,13.889467,14.5105,12.311473,10.249223,13.843476,12.707335,16.646074,17.700497,15.105918,14.554367,16.70489,18.198778,16.608015,18.586937,22.536482,21.964231,26.3641,27.819925,31.703053,30.88354,30.062906,26.557083,30.077274,27.592459,29.932646,28.298605,24.024813,22.646141,26.675304,22.228954,18.328413,20.118904,23.570148,26.000896,26.525711,19.989334,22.64441,26.8385,25.063072,25.016525,29.287384,31.22906,29.832916,25.436676,27.046513,21.123577,22.603846,18.794888,14.8079815,14.9197235,10.01043,10.307822,5.902235,5.9613585,8.451835,12.190208,12.881589,18.215984,20.746796,24.299007,27.574152,30.229383,33.27349,34.497574,32.733444,31.202152,28.91075,24.347168,25.404,22.57112,18.03386,19.172737,12.656647,15.766778,13.097245,12.199557,16.58863,17.389202,22.518484,21.338402,26.106134,27.208012,31.314528
12,36.914803,33.152225,31.251604,27.461733,24.696451,24.17386,18.378168,17.00304,12.728505,12.035998,8.693296,5.621362,0.0,6.1601615,9.728024,12.96729,16.215204,20.68072,24.355444,26.551012,30.049276,31.580967,34.677143,33.154285,31.684082,30.47226,25.849232,23.309963,19.369781,19.098248,12.343558,13.725112,8.894977,8.055474,10.066742,9.014325,13.545445,14.115981,12.813278,13.004269,13.586792,16.326754,13.9823,16.925573,21.53948,21.295683,25.988382,28.073145,32.08215,31.737022,30.7027,26.816772,29.693052,27.280134,28.789558,27.23556,23.046898,20.839706,24.872185,19.774506,16.053425,19.361221,22.900335,26.011177,26.273432,19.74836,23.464138,27.779264,27.066368,26.931847,31.616796,33.049423,32.070534,27.42694,28.226164,22.363665,23.79288,19.818213,15.658255,16.027372,11.691674,11.725685,9.2724,9.416079,12.596124,15.516106,16.85337,21.472956,23.873432,27.668047,30.600334,33.673714,36.064613,37.986046,36.329216,34.465862,32.687294,27.82567,29.671032,27.173811,22.447832,24.025877,17.977621,20.576956,18.182575,17.014282,21.05071,22.064047,26.588924,25.511335,30.269678,30.973696,35.318367
13,33.13921,29.17353,27.94262,23.98315,20.992369,21.910698,15.611103,15.744091,11.439077,11.320466,10.85022,7.9475284,6.1601615,0.0,5.3336043,7.5142207,10.939259,15.211172,19.117315,21.152668,24.607023,26.350967,29.324524,27.430002,25.880194,24.576998,19.908867,17.446373,13.299486,13.469751,6.3746796,8.854162,5.6829386,7.492392,9.9925375,11.783963,14.989427,14.14413,11.981086,10.618738,10.346242,11.476533,8.938388,11.07697,15.754771,15.165825,19.99563,21.92534,25.972763,25.666681,24.66527,20.80739,23.824867,21.749504,23.196358,21.347218,17.394615,15.543441,20.098051,15.579036,11.360731,14.068074,18.51759,21.47687,22.623653,16.188654,18.95123,24.090132,23.272028,22.51532,27.201511,28.132303,27.036915,22.274553,23.20442,17.31944,19.72998,16.38173,12.619889,14.893108,9.843029,12.724157,10.874885,8.154742,10.262523,11.777898,13.435515,16.979439,19.136139,22.998934,25.591822,28.965422,30.797327,33.316013,31.920248,30.004704,28.788204,23.621523,26.62166,24.446497,19.704288,21.44269,16.798027,18.198174,17.119856,16.626778,19.92478,20.280983,24.371048,22.34007,27.075151,27.019466,31.494509
14,27.890675,23.949366,22.613455,18.69465,15.686565,16.711367,10.417628,11.311559,7.2020097,8.284708,9.974701,9.240359,9.728024,5.3336043,0.0,4.4091806,6.6032667,11.525128,14.637097,17.087786,20.38314,22.0073,24.990393,23.651941,22.433123,21.202145,16.846046,14.10272,10.957277,9.9629965,6.6822376,5.492317,7.326268,6.8924828,10.652329,12.899904,14.780497,14.067884,10.447776,7.9884467,10.033921,9.631242,9.312753,10.694184,13.591137,13.996579,17.5402,19.91398,23.443851,23.545794,23.216232,19.946835,23.768967,22.43068,24.004465,21.435558,18.301233,17.33389,22.39849,18.783571,14.389117,15.718883,20.924253,23.265394,25.282015,19.094288,20.243773,25.932732,24.133823,22.819069,27.014624,27.849735,26.02343,21.361652,23.477495,17.57529,21.138626,18.511637,15.256744,18.119986,12.502153,16.174326,13.203722,9.444665,9.41985,10.6001005,10.376667,14.513477,15.520353,19.669403,22.035763,25.309994,27.358,29.333368,27.592249,25.362844,24.130894,19.088774,21.998827,20.224857,15.466644,18.140171,14.480484,16.112894,16.23603,16.77336,20.03975,19.516249,24.181885,20.880905,25.684685,25.231895,29.487192
15,26.99779,22.831484,22.036661,18.441391,15.066706,17.446138,11.69641,12.78468,10.079644,10.182271,13.171207,11.859082,12.96729,7.5142207,4.4091806,0.0,4.095226,7.7505274,12.188193,13.715379,17.439993,18.926092,22.081402,20.387403,18.758545,17.819614,13.103166,10.9546795,7.3299146,7.9277797,6.1329007,6.5364337,10.115347,11.156343,14.465726,17.15624,18.933687,17.764147,14.234727,11.287165,12.319038,10.145105,9.75449,9.156161,11.6848,10.904625,14.7431135,16.161718,19.87652,19.470543,19.05917,15.900012,20.006865,18.724693,20.728529,18.179699,15.090469,14.919655,19.849411,17.137295,12.930464,12.722847,18.047657,19.893024,22.43736,16.676056,16.705984,22.654432,20.588825,18.927448,22.969786,23.619009,21.706556,17.052748,19.400112,13.618329,17.742516,15.783994,13.2449465,16.962994,11.6537075,16.459694,14.232888,9.643001,8.523711,7.8926888,8.243433,10.757086,11.940252,15.965432,18.266445,21.720537,23.465937,25.951426,24.59702,22.664196,21.773506,16.47888,20.356346,18.620651,14.147815,16.234161,13.943343,14.120508,15.176827,16.051014,18.424892,17.516562,21.530512,17.781055,22.405266,21.506903,25.828474
16,23.12795,18.975151,18.543076,14.7946415,11.529195,14.818838,9.343918,12.243339,10.215157,11.592411,15.342612,15.071291,16.215204,10.939259,6.6032667,4.095226,0.0,5.4037085,8.267803,10.586612,13.834752,15.563872,18.484465,17.072855,15.912192,14.760713,10.589287,7.9260697,6.082725,4.9078946,8.094433,5.8579874,11.959775,12.515972,15.625769,18.766806,19.5481,18.170198,14.294472,10.918192,12.583247,9.201827,10.572401,9.398192,9.680209,10.191902,12.276692,14.4121065,17.46318,17.783125,18.058968,15.5628395,20.002588,19.623207,21.249826,18.1021,16.141087,16.473917,21.603024,19.556053,15.513597,14.863236,20.518585,22.011658,25.128172,19.853535,18.960663,25.138325,22.764418,20.6163,24.145384,24.38625,22.01322,17.620129,20.627077,15.35963,20.21348,18.942135,16.893124,20.84441,15.627404,20.480719,17.977198,13.393947,11.569002,10.502216,9.293378,11.14151,10.543318,14.726834,16.352806,19.85987,21.3359,23.66099,22.086872,19.689089,19.219843,14.017264,18.376947,17.375254,13.214206,16.211946,15.381899,15.460422,17.5151,18.960468,21.104353,19.63357,23.650093,19.003647,23.38843,21.900612,25.932894
17,22.107706,17.834919,18.107588,15.352639,11.954685,16.517694,12.774924,15.0303135,14.531537,14.899938,19.381767,18.87534,20.68072,15.211172,11.525128,7.7505274,5.4037085,0.0,6.447469,6.1028132,10.306795,11.437677,14.761567,13.137846,11.319555,11.043053,6.575869,5.9009676,5.5702252,6.999639,11.828444,10.948008,16.879095,17.858797,20.945923,24.09837,24.941687,23.466616,19.639238,16.215467,17.42693,13.299466,14.51099,11.821548,10.811334,9.848581,10.9993925,11.156471,13.947251,13.436739,14.0325,12.430747,17.389986,17.410477,19.659153,16.603775,15.252549,16.855839,21.33134,20.637527,17.207808,14.675782,19.811687,20.311655,24.045649,19.741247,17.109634,23.175146,20.197105,17.557907,20.322485,20.302153,17.49044,13.527188,17.377544,12.994926,18.382374,18.279034,17.371431,21.70368,17.20915,22.559835,20.587183,15.800457,13.105306,10.483193,9.300628,7.921904,6.2090006,9.980392,11.202178,14.920314,16.044233,18.877674,17.80194,15.8667755,15.938774,10.657118,16.298744,15.589107,12.442662,14.529659,15.945271,14.374534,17.63853,19.535378,20.52725,18.477459,21.555113,16.195791,19.97844,17.745207,21.565786
18,16.581432,12.473018,13.758309,10.651436,8.262872,14.095146,11.529369,16.12051,15.96415,17.951944,22.456816,22.974415,24.355444,19.117315,14.637097,12.188193,8.267803,6.447469,0.0,4.938464,5.973639,8.312669,10.498799,9.7680645,9.803302,8.578305,7.1058197,5.2942367,9.017574,7.071623,15.110656,12.071226,19.12263,19.517885,22.091822,25.613503,25.201714,23.540634,19.689192,16.277452,18.013866,13.407803,16.34429,14.013574,10.365666,12.102916,9.730619,11.984772,12.823357,14.423678,16.220665,15.6947565,20.290844,21.547594,22.705566,18.965046,19.174494,20.662142,25.40242,24.914349,21.529068,19.66863,25.15183,25.72062,29.725058,25.634645,23.011698,29.14271,26.283552,23.400738,25.649529,25.074163,22.007145,18.681124,22.611496,18.91477,24.495325,24.56517,23.549112,27.890188,23.105564,28.253141,25.779388,21.109182,18.482784,16.52364,14.2474985,13.684205,10.120542,13.154795,12.716259,16.003662,16.38162,18.577492,16.93909,13.802456,14.900689,10.63994,16.239288,16.975275,14.562497,18.017593,20.193531,19.39524,22.935368,25.100494,26.395922,24.102114,27.445747,21.634262,25.049719,22.403698,25.567719
19,18.116798,14.051894,15.511109,13.795523,11.179256,16.879705,15.148621,18.169394,18.753689,19.580112,24.477732,24.569214,26.551012,21.152668,17.087786,13.715379,10.586612,6.1028132,4.938464,0.0,4.796032,5.393272,8.777842,7.8038793,6.481788,7.11641,5.515469,6.7396746,9.938231,10.341646,17.298496,15.562763,22.1915,22.903492,25.79964,29.138975,29.288633,27.716076,23.815514,20.351717,21.8058,17.13737,19.260042,16.21012,13.116703,12.9845915,11.079742,10.67306,11.359354,11.502855,13.482166,13.802576,18.645716,19.867619,21.787983,18.482813,18.696928,20.982098,25.05151,25.362986,22.36859,19.278488,24.0647,23.86274,28.091923,24.697638,20.985435,26.722708,23.385637,20.329052,21.850998,21.240332,17.857473,15.1382475,19.640778,16.777258,22.312744,23.123516,22.865616,27.255554,23.05719,28.424442,26.367992,21.630228,18.550024,15.777719,13.810429,11.223598,7.1212525,9.006548,7.9560633,11.4517565,11.608236,14.384396,13.381262,11.064299,12.550168,8.301643,14.871584,15.530847,14.009201,16.242365,19.77537,17.783121,21.925259,24.280144,24.7078,22.11759,24.637249,18.584959,21.374018,18.272726,21.16359
20,15.501039,11.926866,14.718225,13.21251,11.812682,17.917774,16.93555,21.112638,21.664124,23.265736,28.055864,28.470266,30.049276,24.607023,20.38314,17.439993,13.834752,10.306795,5.973639,4.796032,0.0,3.7963817,4.785643,4.312963,5.4886265,5.287539,7.403582,8.291926,12.852667,12.182697,20.182003,17.807844,24.73577,25.4631,27.901484,31.554441,31.021128,29.201586,25.500513,22.115889,23.426651,18.522602,21.330774,18.301182,13.878156,14.910104,10.889982,11.410367,10.204976,12.068629,14.825863,15.958581,20.229479,22.349224,23.439701,19.820717,21.183508,23.469566,27.514738,28.178762,25.381002,22.561356,27.463518,27.262083,31.696138,28.623024,24.87343,30.613262,27.558235,24.333578,25.536,24.379152,21.065178,18.853128,23.05455,20.775335,26.401337,27.42003,27.211388,31.742607,27.488989,32.864635,30.729206,25.98422,23.046259,20.448017,18.32442,16.006128,11.754353,12.975726,10.767255,13.539483,12.401412,15.029955,14.01388,11.039368,13.789488,10.987611,17.077831,18.632582,17.630175,20.338573,24.10894,22.397408,26.582397,28.979017,29.48645,26.846931,29.279305,23.154486,25.60632,22.213984,24.619125
21,15.050233,11.587182,14.080431,13.813148,12.318928,18.052483,18.117802,21.272694,22.648983,23.687563,28.794903,29.369907,31.580967,26.350967,22.0073,18.926092,15.563872,11.437677,8.312669,5.393272,3.7963817,0.0,4.1894083,5.9373093,6.2960596,7.972458,9.575474,11.153882,15.111336,14.935867,22.497663,20.217749,27.11953,27.46002,30.306856,33.615128,33.307636,31.812052,27.851141,24.46932,26.267666,21.522047,24.13001,21.113441,17.206366,17.634258,14.297559,13.736935,12.550099,13.252837,16.034346,17.573685,22.020405,23.863096,25.568947,22.26182,23.27713,25.816183,29.621769,30.39792,27.584393,24.31538,28.840258,28.240997,32.64315,29.717985,25.507278,30.892862,27.276762,24.123333,24.729563,23.881277,20.215366,18.581482,23.328726,21.358528,26.763935,27.99049,28.003466,32.31366,28.210855,33.510387,31.27579,26.618118,23.291685,20.600286,18.123837,15.411174,10.76416,10.968764,8.239572,10.287362,9.628098,11.33246,10.242756,7.472163,10.591828,8.668124,14.600285,16.449017,16.358751,18.591722,23.33712,21.295296,25.846563,28.49475,28.634802,25.723938,27.97217,21.648275,23.645369,20.200638,22.088724
22,14.182242,11.536427,15.1333275,14.994578,14.444583,20.247602,20.564968,24.520863,25.675678,27.218216,32.19058,32.849762,34.677143,29.324524,24.990393,22.081402,18.484465,14.761567,10.498799,8.777842,4.785643,4.1894083,0.0,4.650139,7.0667357,8.015889,11.548785,12.973288,17.534618,16.916927,24.965998,22.469166,29.461218,29.983023,32.435753,36.023518,35.266777,33.524075,29.798378,26.487183,27.98522,23.093008,26.040783,22.969471,18.299814,19.316689,14.786182,14.673819,12.193218,14.048592,17.232006,19.294659,23.203283,25.702824,26.756178,23.300219,25.16356,27.721292,31.426867,32.540577,29.942726,26.818846,31.389032,30.785175,35.348083,32.731457,28.486547,33.879368,30.584196,27.291754,27.72959,26.393766,22.909098,21.58499,25.965054,24.444931,29.93011,31.345232,31.440472,35.9228,31.830189,37.199123,35.015728,30.309813,27.143585,24.469381,22.097876,19.41182,14.876108,14.958198,11.830501,13.405271,11.468632,13.272299,12.500559,9.671467,13.514676,12.560603,17.926071,20.197382,20.251884,22.705462,27.395638,25.473145,29.984358,32.590492,32.76447,29.882969,31.971512,25.692297,27.476007,23.821293,25.431515
23,18.105265,15.109005,18.445152,17.229477,16.091208,22.1977,21.088173,25.282904,25.634752,27.085646,31.802084,31.829695,33.154285,27.430002,23.651941,20.387403,17.072855,13.137846,9.7680645,7.8038793,4.312963,5.9373093,4.650139,0.0,3.531264,3.7204227,8.215337,10.227719,14.706886,14.821816,22.479403,20.830494,27.46745,28.816193,30.96594,34.8875,34.38661,32.25353,28.841265,25.451342,26.019293,20.9211,23.435808,19.921095,15.254315,15.699268,11.038109,10.294201,7.5442266,9.808693,13.026313,15.179376,18.780048,21.5676,22.303234,18.867794,21.13673,23.830719,27.278784,28.782356,26.542013,23.266455,27.70711,27.117023,31.772753,29.522707,25.27831,30.71732,27.98347,24.56889,25.286695,23.490967,20.406288,18.859764,22.641129,21.425571,26.948885,28.568056,28.894184,33.61973,29.840363,35.371628,33.70436,28.911642,26.090202,23.091816,21.56854,18.262873,14.402908,14.754134,11.816987,14.356731,11.528391,15.368905,15.305422,13.03826,16.485586,14.247491,20.462059,22.046104,21.357002,23.479326,27.545473,25.28079,29.537323,31.829779,31.892706,29.280901,30.945763,24.991507,26.889645,23.062698,25.174833
24,20.480375,17.106323,19.8395,18.556988,16.737764,22.738611,21.154055,24.637102,24.949247,25.819668,30.552517,30.187529,31.684082,25.880194,22.433123,18.758545,15.912192,11.319555,9.803302,6.481788,5.4886265,6.2960596,7.0667357,3.531264,0.0,3.5720448,6.207977,9.308987,13.013393,14.209112,21.083458,20.190994,26.520996,28.121683,30.48118,34.29195,34.291286,32.210167,28.747147,25.282185,25.665829,20.607632,22.535324,18.748552,14.856287,14.147381,10.705011,8.347167,6.708717,7.140176,10.2055025,12.430414,16.333235,18.773184,20.09299,16.959759,18.779179,21.749464,24.935442,26.609394,24.489305,20.717117,24.832298,23.996479,28.654987,26.600164,22.051027,27.344687,24.525816,21.098436,21.757753,20.007462,16.90164,15.360085,19.23642,18.222696,23.651539,25.478456,26.08033,30.788895,27.325249,32.90172,31.533327,26.758688,23.91941,20.621027,19.5519,15.534071,12.125202,12.178002,9.40255,12.396908,9.527105,14.325345,14.697389,13.101966,16.09843,13.273647,19.830727,20.886427,20.080597,21.56925,25.630358,22.903296,27.136843,29.334755,29.087948,26.53343,27.813625,22.02354,23.814564,19.926243,22.234428
25,20.34331,16.974728,19.86745,17.806143,16.199371,22.294283,20.065437,24.375347,24.066532,25.499743,29.922394,29.54632,30.47226,24.576998,21.202145,17.819614,14.760713,11.043053,8.578305,7.11641,5.287539,7.972458,8.015889,3.7204227,3.5720448,0.0,5.1569433,7.252181,11.520408,12.082372,19.31095,18.22024,24.524939,26.380318,28.331846,32.413925,32.12955,29.791742,26.592802,23.189676,23.168896,18.025679,20.201258,16.483606,11.976457,12.0615015,7.559342,6.801639,4.9286547,7.6136737,10.454852,11.974654,15.625604,18.361141,18.903057,15.325407,17.562548,20.164078,23.701012,25.141287,22.976324,19.824593,24.408659,24.084538,28.70408,26.36946,22.451473,28.101233,25.80583,22.403496,23.699974,21.812012,19.075739,16.913456,20.20506,18.697836,24.286285,25.760666,26.017862,30.862919,27.165226,32.731213,31.336008,26.53548,24.051651,21.003092,20.057592,16.766401,13.576416,14.588332,12.365698,15.620793,13.091316,17.609322,17.571442,15.38124,18.230406,14.979368,21.511152,22.528482,21.10388,23.175318,26.438454,24.195955,28.09494,30.10955,30.31102,27.978373,29.633537,23.98893,26.2571,22.573696,25.255302
26,22.343315,18.422777,20.250835,17.678858,15.16308,20.829203,17.57305,21.132141,20.446642,21.364733,25.628029,24.841381,25.849232,19.908867,16.846046,13.103166,10.589287,6.575869,7.1058197,5.515469,7.403582,9.575474,11.548785,8.215337,6.207977,5.1569433,0.0,3.9052415,6.8258605,8.718055,14.914124,14.580659,20.518702,22.547607,24.787308,28.66382,28.997398,26.814184,23.520782,20.065016,19.979162,15.032086,16.503916,12.681986,9.551908,8.318268,6.629908,5.343853,7.376288,7.6706486,9.127058,8.930413,13.525334,15.166949,16.494287,13.0378,13.838376,16.31427,20.192287,21.045135,18.556057,15.304129,20.13617,20.099625,24.522118,21.612146,18.025707,23.967857,21.646557,18.40893,20.467325,19.109356,16.488218,13.330339,16.641861,14.118057,19.808523,20.882532,20.92542,25.74582,22.014057,27.588854,26.32703,21.537352,19.196146,16.075813,15.652326,12.421278,10.14762,12.048885,11.197619,15.079762,13.850035,18.334818,18.114288,16.20152,17.941614,13.547065,20.115707,20.271767,18.087992,19.857187,22.276537,20.013336,23.54782,25.341171,25.67252,23.58195,25.429346,20.078459,22.890932,19.639938,23.00432
27,21.495712,17.53202,19.043823,15.677421,13.234073,18.652443,14.665735,18.999735,17.710474,19.321575,23.268593,22.730986,23.309963,17.446373,14.10272,10.9546795,7.9260697,5.9009676,5.2942367,6.7396746,8.291926,11.153882,12.973288,10.227719,9.308987,7.252181,3.9052415,0.0,4.9682236,5.0018816,12.270997,11.084611,17.347067,19.235723,21.274408,25.28337,25.325459,23.07624,19.822445,16.38531,16.376966,11.369841,13.398611,10.05374,6.419739,6.9987564,5.323715,7.541881,9.715381,11.162534,12.275875,11.052695,15.367728,16.724052,17.502277,13.709096,14.127951,15.730768,20.34551,20.26958,17.289465,15.212514,20.721277,21.429691,25.536877,21.848337,19.327818,25.573904,23.52002,20.535084,23.220987,22.15472,19.708696,16.029573,19.000834,15.50777,21.14471,21.43855,20.738546,25.467377,21.188713,26.583393,24.956425,20.20901,18.19755,15.722433,15.020471,13.400012,11.261783,14.185197,13.905013,17.746473,17.182623,20.94206,20.11666,17.618376,18.948973,14.277004,20.382574,20.484713,17.644175,20.217075,21.6488,20.264252,23.361103,25.026453,26.064116,24.181667,26.800694,21.572453,24.967724,22.16663,25.769499
28,25.565561,21.442305,22.16876,18.59743,15.623911,20.097303,15.018868,18.217457,16.149292,17.04687,20.426445,19.067413,19.369781,13.299486,10.957277,7.3299146,6.082725,5.5702252,9.017574,9.938231,12.852667,15.111336,17.534618,14.706886,13.013393,11.520408,6.8258605,4.9682236,0.0,4.845158,8.123994,8.98786,13.978308,16.57149,18.69465,22.52978,23.41425,21.218853,18.184507,14.875762,14.184937,9.808078,10.226682,6.6679735,6.5103664,4.52271,7.8719196,8.963264,12.761256,12.820059,12.621623,9.79212,14.022456,14.106662,15.38812,12.113072,10.763201,11.866409,16.743929,15.949603,12.675448,10.786628,16.537638,17.758106,21.4619,17.223902,15.5199375,21.890148,20.257128,17.639744,21.15509,20.504826,18.604803,14.225073,16.42953,11.980116,17.317467,17.031633,16.02639,20.772165,16.602901,21.995796,20.802572,16.134686,14.706134,12.266949,12.830046,11.6119995,11.3926935,14.715933,15.598248,19.543497,19.590445,23.485085,22.790724,20.77218,21.32545,16.137178,21.81095,21.014042,17.487015,19.438463,19.516947,18.158978,20.462763,21.623941,22.809093,21.438162,24.02626,19.587278,23.382732,21.158495,25.281044
29,22.573584,18.626326,19.261932,15.078662,12.571112,16.884983,11.556371,16.274603,13.926748,16.184494,19.468203,19.071285,19.098248,13.469751,9.9629965,7.9277797,4.9078946,6.999639,7.071623,10.341646,12.182697,14.935867,16.916927,14.821816,14.209112,12.082372,8.718055,5.0018816,4.845158,0.0,8.507572,6.1489496,12.679379,14.378795,16.305573,20.34974,20.341553,18.123396,14.860454,11.440808,11.59901,6.8121343,9.29291,7.222302,5.074368,7.400743,8.008271,11.667181,14.31402,15.798556,16.340721,14.06205,18.034733,18.610188,19.159437,15.474819,14.810652,15.182005,20.449848,18.99798,15.375657,14.910655,20.874632,22.436766,25.94799,21.293064,20.209154,26.58017,24.830902,22.296919,25.711327,25.14108,22.954807,18.722445,21.252886,16.6915,21.91905,21.176247,19.536427,23.930851,19.107405,24.087746,22.083767,17.562084,16.168818,14.691512,13.968501,14.424892,13.110023,16.87096,17.47759,21.230635,21.529804,24.62215,23.292673,20.537043,21.06833,16.130205,21.288578,20.971329,17.275772,20.418625,20.244751,19.959019,22.224712,23.57285,25.45245,23.976648,27.409687,22.63775,26.668945,24.556654,28.48204
30,30.415337,26.419628,26.183014,21.943117,19.099451,21.668468,15.205956,17.644327,13.686543,14.7574415,16.01389,13.889467,12.343558,6.3746796,6.6822376,6.1329007,8.094433,11.828444,15.110656,17.298496,20.182003,22.497663,24.965998,22.479403,21.083458,19.31095,14.914124,12.270997,8.123994,8.507572,0.0,5.849147,6.342289,10.311394,11.769247,15.493632,17.18801,15.005685,12.826914,10.366847,8.301522,6.8475904,4.1648293,4.7295113,9.639684,9.094357,13.92502,16.253119,20.217442,20.449903,19.572891,15.771052,18.679634,17.466175,18.174667,15.714174,12.656545,11.110231,16.406382,12.921553,8.640496,10.720194,16.352007,19.13423,21.362286,15.744556,17.201822,23.125374,22.541859,20.94919,25.457983,25.467201,24.317863,19.54673,20.425316,15.010545,18.696112,16.536535,13.88276,17.735817,13.182305,17.48381,16.344063,12.557001,13.18777,12.75206,14.250998,15.865614,17.132368,20.950653,22.740171,26.500465,27.31791,30.66859,29.571283,27.418562,27.122448,21.812037,26.165829,24.668346,20.211697,22.319952,19.583181,19.790691,20.179914,20.32939,22.729996,22.42135,25.772154,22.74759,27.181557,26.09275,30.560877
31,25.622423,21.833748,21.359125,16.81897,14.376688,16.598896,10.008618,14.021561,10.073264,12.894545,14.808578,14.5105,13.725112,8.854162,5.492317,6.5364337,5.8579874,10.948008,12.071226,15.562763,17.807844,20.217749,22.469166,20.830494,20.190994,18.22024,14.580659,11.084611,8.98786,6.1489496,5.849147,0.0,7.162723,8.268274,10.324558,14.206104,14.521636,12.593387,9.20964,5.9091177,6.7888165,4.4962177,6.318227,7.599669,9.074984,11.203723,13.56528,17.253376,20.307678,21.482742,21.521477,18.496626,22.07875,21.706667,22.27238,19.079403,17.15652,16.206482,21.676382,18.60687,14.426359,15.923129,21.775549,24.149178,26.767017,21.146818,21.783266,27.921,26.496553,24.611269,28.651566,28.698828,26.819016,22.216291,24.252218,18.847803,23.200588,21.259295,18.541496,22.148003,16.880356,20.957167,18.497963,14.622308,14.307418,14.386822,13.873253,16.596088,16.40106,20.572481,22.04133,25.605692,26.748438,29.231197,27.528778,24.775002,24.41254,19.432066,23.27665,22.343039,17.912745,21.256926,18.990562,20.057987,21.049984,21.861172,24.706198,23.842543,28.059462,24.100916,28.658838,27.413519,31.585186
32,32.47468,28.790497,27.939217,23.401243,21.043814,22.090021,15.406612,17.621758,12.665476,14.581981,13.884912,12.311473,8.894977,5.6829386,7.326268,10.115347,11.959775,16.879095,19.12263,22.1915,24.73577,27.11953,29.461218,27.46745,26.520996,24.524939,20.518702,17.347067,13.978308,12.679379,6.342289,7.162723,0.0,5.5571866,5.6576667,9.440658,11.330738,9.34398,8.101962,7.2348495,4.998647,7.9717393,5.738725,9.710989,13.899727,14.919579,18.862885,22.151825,25.780455,26.53474,25.821299,22.051058,24.681316,23.394176,23.663969,21.32154,18.365997,16.002718,20.978157,16.408451,12.399195,16.1863,21.19786,24.445484,25.900232,19.89193,22.60922,28.082256,27.705446,26.546373,31.199707,31.524715,30.396091,25.597874,26.411198,20.828163,23.825583,20.885736,17.445112,20.049492,15.357983,18.002779,16.218481,13.756969,15.414037,16.55967,17.455143,20.757257,21.920399,26.002748,27.988243,31.571527,32.847042,35.570503,34.011166,31.534422,30.814627,25.725262,29.054367,27.490599,22.751959,25.405909,21.323559,22.934898,22.381329,22.14969,25.481241,25.591074,29.695595,27.120579,31.82598,31.262922,35.704445
33,30.707716,27.244316,25.60145,21.278378,19.149553,18.716003,12.466237,13.8461,8.695725,11.354278,9.987457,10.249223,8.055474,7.492392,6.8924828,11.156343,12.515972,17.858797,19.517885,22.903492,25.4631,27.46002,29.983023,28.816193,28.121683,26.380318,22.547607,19.235723,16.57149,14.378795,10.311394,8.268274,5.5571866,0.0,4.5268717,6.255628,8.025915,7.943394,5.0231175,5.1501317,7.7544823,10.705416,10.467744,13.978118,16.969255,18.641565,21.74085,25.237652,28.525541,29.364542,29.072866,25.640348,28.917574,27.681366,28.432467,25.85151,22.939754,21.024197,26.074682,21.577772,17.399733,20.504396,25.523651,28.479988,29.938972,23.60114,25.975315,31.408056,30.234749,29.175604,33.59317,34.37046,32.75838,28.035824,29.675797,23.800703,26.886719,23.751455,20.027027,21.9982,16.751364,18.730457,15.585396,13.614997,14.882113,17.019733,16.669458,21.361765,22.118078,26.331821,28.53435,31.753914,33.765633,35.499702,33.444145,30.817383,29.525457,24.831076,26.983437,25.417412,20.674456,23.850965,19.249105,21.999382,21.251749,21.283003,25.212873,25.1675,30.136421,27.34968,32.2164,32.02181,36.244728
34,33.16523,29.898783,28.615902,23.994774,22.269905,22.057503,15.813393,18.11459,12.994572,15.872003,14.007904,13.843476,10.066742,9.9925375,10.652329,14.465726,15.625769,20.945923,22.091822,25.79964,27.901484,30.306856,32.435753,30.96594,30.48118,28.331846,24.787308,21.274408,18.69465,16.305573,11.769247,10.324558,5.6576667,4.5268717,0.0,4.9814944,5.757001,4.265475,4.538239,6.429387,6.2569942,10.916551,10.357555,14.615449,17.711626,19.825748,22.803919,26.812637,30.018087,31.290968,30.896479,27.325977,30.027088,28.969172,28.987257,26.462067,23.873503,21.414684,26.329824,21.590618,17.81483,21.839022,26.762037,30.071465,31.352135,25.247303,28.16258,33.5415,33.013874,31.935715,36.525238,36.980022,35.647743,30.868486,31.973755,26.304958,29.270348,26.123302,22.439272,24.402708,19.632414,21.279774,18.799028,17.211067,18.919683,20.812614,20.870302,25.089392,25.789654,30.012005,31.957806,35.35859,36.924355,39.05014,37.0758,34.26972,33.321667,28.596064,31.091482,29.721899,25.0075,28.250616,23.715733,26.293575,25.457272,25.247065,29.111069,29.253593,33.940395,31.320673,36.148495,35.786964,40.10288
35,35.701492,32.54257,30.631182,26.354347,24.637749,23.273447,17.657333,18.33381,13.507891,15.715137,12.334939,12.707335,9.014325,11.783963,12.899904,17.15624,18.766806,24.09837,25.613503,29.138975,31.554441,33.615128,36.023518,34.8875,34.29195,32.413925,28.66382,25.28337,22.52978,20.34974,15.493632,14.206104,9.440658,6.255628,4.9814944,0.0,4.9224954,6.8228707,7.3521485,9.915107,11.214297,15.633428,14.875507,19.002699,22.332146,24.106977,27.33216,31.042746,34.365055,35.31843,34.861183,31.22631,34.078888,32.61216,33.04752,30.757921,27.692984,25.192566,29.846678,24.758192,21.028082,25.07731,29.540369,32.867317,33.662117,27.31065,30.673012,35.636936,34.950855,34.268837,38.878185,39.79597,38.455357,33.69889,34.88297,29.024296,31.444548,27.860598,23.866219,24.883347,20.294113,20.72199,17.84602,17.439754,19.55648,22.259382,22.191355,27.18988,28.227827,32.40743,34.731686,37.88642,40.009045,41.621395,39.462154,36.801632,35.322174,30.803753,32.389587,30.70599,26.017391,29.052395,23.635565,26.942732,25.355322,24.845549,29.112093,29.58262,34.61296,32.535656,37.41961,37.612118,41.853256
