,0,1,2,3,4,5,6,7,8,9,10,11,12,13,14,15,16,17,18,19,20,21,22,23,24,25,26,27,28,29,30,31,32,33,34,35,36,37,38,39,40,41,42,43,44,45,46,47,48,49,50,51,52,53,54,55,56,57,58,59,60,61,62,63,64,65,66,67,68,69,70,71,72,73,74,75,76,77,78,79,80,81,82,83,84,85,86,87,88,89,90,91,92,93,94,95,96,97,98,99,100,101,102,103,104,105,106,107,108,109,110,111
0,0.0,4.73518,6.7338195,9.114067,12.316324,13.731613,17.362213,21.56222,22.542397,27.39243,30.209076,34.273376,32.07238,29.931927,25.974442,23.869411,19.66672,19.467894,15.1572075,14.251995,11.681874,12.591289,13.202096,11.524306,14.196246,17.05871,19.419464,17.592957,18.634617,16.681173,19.425928,16.945446,23.516754,19.779797,24.382322,25.798967,26.142143,26.39252,21.732145,18.23667,24.139645,21.075144,23.171219,22.985891,21.779789,21.776785,23.124855,22.084267,26.086727,29.718058,30.307203,28.547438,30.18327,31.873518,28.452753,31.102057,29.002987,30.342363,34.974403,31.941206,28.281448,29.013706,26.248436,25.940268,23.004848,23.662266,23.432625,28.3696,29.852242,31.215715,30.357,33.388645,30.70175,35.03665,33.160023,37.066284,37.75488,37.86659,41.603294,42.25916,38.52399,37.43163,34.9666,30.914713,27.949852,26.177927,21.87704,17.081718,16.624584,14.283946,11.125245,12.683351,12.717814,11.797829,12.245827,14.44106,14.869437,16.521309,18.231253,20.669945,23.498571,26.576023,26.295565,28.523674,33.17653,33.45899,32.793564,35.692463,31.675142,36.20189,34.904846,39.231297
1,4.73518,0.0,5.291184,6.145201,8.718595,11.718273,13.906045,19.124859,19.620235,24.945982,27.719252,31.833567,30.09011,28.18538,24.311913,21.83271,17.944124,16.88619,12.815355,10.773695,9.349682,8.74939,10.978548,8.790644,12.718198,15.115117,16.20326,14.5419035,14.956026,14.253038,16.165337,15.146062,21.861301,19.02299,23.509346,25.334955,26.316317,26.091837,21.594513,17.810436,22.834724,19.331728,20.809347,19.83254,19.23113,18.463411,20.346846,18.509779,22.896795,26.160246,27.019081,24.83951,27.23199,28.674633,25.521442,28.347101,25.804598,27.514133,31.950533,28.968897,25.381666,25.866003,22.770876,22.884802,19.614738,21.36837,20.727575,25.41222,26.257168,27.668941,26.35713,29.467709,26.758495,31.122795,29.353182,33.1625,34.0267,33.97663,37.92048,38.458363,34.496574,33.16121,30.607624,26.61765,23.745258,21.908825,17.285648,12.629455,11.910565,9.605095,6.605256,8.729719,9.615045,9.752628,11.384164,12.684695,12.08645,13.5622,14.575839,16.649519,19.205196,22.028654,21.579868,23.858631,28.571507,28.739103,28.061098,31.011213,27.09368,31.668718,30.581875,34.942898
2,6.7338195,5.291184,0.0,5.046812,6.9795804,7.953961,11.613751,15.4888935,17.085196,21.34482,25.167171,28.940704,26.483215,24.832806,20.43359,18.799782,14.72571,14.771176,11.199825,10.889443,10.459565,12.056655,14.824798,13.614155,17.467464,19.227654,20.141169,17.631138,16.984833,16.077492,16.216505,14.864334,20.061184,16.214819,21.104557,22.190514,23.618267,24.012115,19.54262,16.307076,21.92084,19.556116,20.379818,20.665531,21.298569,20.664862,23.399912,21.825136,26.313635,29.343023,29.741459,26.849134,29.168268,29.62688,26.036707,28.282,25.349749,26.32147,30.53636,26.907108,23.415407,23.214172,20.268274,19.502655,16.458591,16.970379,16.819784,21.825062,23.434874,24.708153,24.234287,27.321257,25.042704,29.524412,28.158491,32.239292,33.40545,33.939068,37.866474,39.07074,35.577023,34.074295,31.193378,27.004688,24.541073,21.524477,17.926182,13.553265,13.102397,12.197556,9.304959,12.889849,13.322217,12.644624,13.533177,13.421407,12.716166,13.053961,14.371376,15.807773,19.340916,22.921669,22.460865,25.759384,30.745205,30.15938,29.070547,31.248446,26.695751,30.988123,29.202599,33.434673
3,9.114067,6.145201,5.046812,0.0,3.7176495,6.119581,8.454902,13.306438,13.615973,19.05666,21.607046,25.711504,24.035803,22.09225,18.387388,15.702668,11.916258,10.7975855,6.880448,5.9086413,5.923788,8.363816,11.401179,11.380566,15.080128,15.811968,16.408772,13.27927,12.233262,11.358821,11.242605,10.337972,16.122242,13.514619,17.941843,19.836718,21.36771,20.996727,16.726593,13.087662,17.758371,14.929935,15.622471,15.620467,16.485159,15.837062,18.89376,17.636017,22.007542,24.985884,25.035603,22.043228,24.202452,24.590963,21.022085,23.38605,20.576187,21.835354,26.218534,23.027664,19.423565,20.04531,17.3178,17.545176,15.473795,16.84281,17.406872,22.159567,22.694103,23.222134,22.234951,24.741484,21.764603,26.010862,24.121624,28.10615,28.94798,29.343922,33.158092,34.262394,30.866589,29.619106,26.920568,22.696465,20.020464,17.578455,14.327934,9.562874,10.366828,10.100539,8.797396,11.983273,14.077166,14.768874,16.596056,16.539782,15.0266,15.262189,15.468273,15.881087,18.865957,21.586243,20.112696,23.293705,28.178095,27.179653,26.408978,28.897865,24.06005,28.507013,26.913452,31.140184
4,12.316324,8.718595,6.9795804,3.7176495,0.0,5.324195,5.1904573,10.952035,11.216856,16.599983,19.703072,23.626421,22.102951,20.621796,16.811548,14.243388,11.009464,9.372957,6.781948,5.3864455,8.025052,9.285212,13.446048,13.249818,17.335367,17.640049,17.065914,14.096425,11.904702,12.504811,10.281195,11.271673,15.848062,13.915078,18.10469,19.93817,22.186766,21.704447,17.832657,14.499079,18.220806,15.672609,15.287226,15.008947,17.102324,15.736976,19.50691,17.615034,22.1811,24.588514,24.752693,21.100752,23.984169,23.664011,20.280708,22.490166,19.00608,20.288418,24.25861,20.784655,17.36465,17.207478,14.074152,14.363227,11.969342,14.158156,14.446817,18.93661,19.0972,19.626585,18.529707,21.165804,18.407694,22.805668,21.29807,25.321903,26.551392,27.05789,31.091518,32.37334,28.959658,27.347387,24.383194,20.151909,17.866934,14.591715,11.616025,7.5069385,8.204714,9.23557,8.721037,12.436762,14.589776,15.523876,17.56427,16.553719,14.418142,13.973943,13.554016,13.07663,16.141579,18.89866,17.276873,21.006464,25.98779,24.549286,23.543041,25.658773,20.626715,24.978636,23.253502,27.473776
5,13.731613,11.718273,7.953961,6.119581,5.324195,0.0,6.0629907,7.8577013,9.649119,13.66536,17.37515,21.035912,18.588821,16.939913,12.657988,10.920758,7.0111346,7.678354,5.773892,8.227378,9.825624,13.632491,16.701582,17.347944,20.844877,20.944622,21.253353,17.537106,15.374057,14.492291,11.752442,10.826677,13.364064,9.855653,14.5104,15.518725,17.957926,18.172264,14.328339,11.786162,16.384613,15.406715,14.861869,16.647419,19.162737,18.698545,22.55159,21.690674,25.87899,28.421211,27.869055,24.130049,26.065552,25.09182,21.134815,22.55957,19.31483,19.462694,23.412899,19.435879,16.038202,15.860958,13.639508,12.864985,12.139056,11.710806,13.806528,18.638666,19.679853,19.500944,19.60614,21.65982,19.099613,23.27425,21.828373,26.064264,27.202614,28.37958,32.030434,33.992756,31.351933,30.00183,27.025648,22.717905,20.71351,16.96808,15.691939,12.045849,13.328232,14.548728,13.617891,17.418385,19.183285,19.441275,20.853682,19.76534,18.079746,17.251467,17.352676,16.615185,20.253048,23.365517,21.642876,25.790323,30.751667,28.78265,27.64474,29.174316,23.582436,27.522778,25.08235,28.99838
6,17.362213,13.906045,11.613751,8.454902,5.1904573,6.0629907,0.0,6.864916,6.5584736,11.947195,15.241085,18.928923,17.708347,16.665997,13.145,10.568044,8.60121,6.4186196,6.8100476,6.8615885,10.961181,12.676534,16.850885,17.389826,21.207514,20.63458,19.327951,16.037355,12.642959,13.982391,9.018739,11.612844,13.619107,12.849029,16.255613,18.001465,21.07768,20.392113,17.32052,14.713269,16.936426,15.369599,13.503535,13.831284,17.640965,16.041756,20.594385,18.860966,23.136618,24.87592,24.579542,20.15698,23.195791,21.605293,18.246994,19.828783,15.692524,16.530474,19.954847,16.091213,12.923507,12.070751,8.910831,9.558748,8.6229,11.160565,12.424374,16.29352,15.724145,15.286323,14.403551,16.432318,13.600886,17.96481,16.70282,20.862951,22.381824,23.34732,27.368979,29.201967,26.296726,24.533981,21.351965,17.099878,15.4831505,11.082268,10.323633,8.031742,9.665434,12.307382,12.923912,16.480427,18.875647,20.028221,22.125765,20.419445,17.875584,16.660938,15.531342,13.492267,16.408525,18.766315,16.396126,20.813566,25.653572,23.168064,21.996078,23.399437,17.666574,21.656723,19.438559,23.438023
7,21.56222,19.124859,15.4888935,13.306438,10.952035,7.8577013,6.864916,0.0,4.733481,5.8690248,11.21074,14.071167,11.512063,10.908848,6.6079087,6.0505285,5.5946693,6.752133,9.546245,12.389682,15.545376,18.95734,22.392092,23.551647,26.983078,26.156754,25.439102,21.580534,18.182337,18.37651,12.854425,13.907928,11.968535,10.54321,13.286937,13.693002,17.638159,17.678228,15.516506,14.523485,16.433538,17.146326,14.562818,17.222376,21.697819,20.900135,25.540632,24.731802,28.542393,30.169676,29.109886,24.506737,26.588934,23.859335,20.114754,20.38599,16.418064,15.436847,18.148298,13.335321,10.729162,8.814312,7.5910873,6.0861664,9.185613,7.7446394,11.935721,15.409264,15.681903,13.836799,14.945793,15.757895,13.645222,17.336905,16.580124,20.826391,22.421282,24.428545,27.861473,30.720356,28.992624,27.461094,24.295605,20.26854,19.407406,14.522263,16.150759,14.662317,16.454838,19.126223,19.321018,23.117065,25.173964,25.775843,27.371317,25.368315,23.120083,21.417538,20.667316,18.247715,21.57975,24.20123,21.823385,26.646282,31.30218,28.088676,26.71529,27.10733,20.88567,23.93596,20.726694,24.005714
8,22.542397,19.620235,17.085196,13.615973,11.216856,9.649119,6.5584736,4.733481,0.0,7.06632,8.686839,12.467265,11.842963,10.6868305,8.5548315,5.189156,6.2376204,4.260267,8.430668,10.614908,14.209441,17.302885,20.516237,22.247528,25.299414,23.789188,22.665613,18.738733,14.996805,15.640884,9.252237,11.68422,9.527683,10.688716,12.304266,14.029457,17.741274,16.695383,14.961535,13.648297,13.745239,14.053518,10.755203,13.064321,18.113297,17.200243,21.991686,21.441881,24.871576,26.237545,24.89005,20.19487,22.18416,19.184246,15.574082,15.896586,11.731688,11.17301,14.232089,9.944754,6.8014627,6.726512,5.949635,7.5371513,11.06338,11.842,15.198244,18.135252,17.008957,14.619597,14.530364,14.530249,11.123616,14.487816,12.771844,17.019793,18.209198,20.02163,23.435328,26.14131,24.460205,23.190004,20.238297,16.194494,15.226182,11.014236,13.5937605,12.553207,15.202023,18.152071,19.247929,22.447895,25.232523,26.515415,28.593164,26.916958,24.385447,22.981436,21.700924,19.02101,21.584257,23.266123,20.081202,24.494535,28.8622,25.397549,24.423073,25.244051,18.972795,22.205074,19.487642,22.77253
9,27.39243,24.945982,21.34482,19.05666,16.599983,13.66536,11.947195,5.8690248,7.06632,0.0,8.022032,9.236077,6.477981,7.542157,5.076218,6.6706133,9.373104,10.521167,14.441322,17.312115,20.614557,24.006556,27.315548,28.830212,32.059998,30.744701,29.697285,25.792326,22.046555,22.49186,16.25774,17.803185,13.315346,13.450297,14.28386,14.059548,18.547216,18.506922,17.786524,17.902405,18.042536,19.949018,16.494678,19.68951,24.901342,24.151236,28.946934,28.417847,31.7785,32.86422,31.376917,26.502892,28.313835,24.4838,21.078985,20.315498,16.373924,14.270405,15.462001,10.23292,9.183714,5.722196,7.297326,5.6819344,11.754777,9.667929,14.4556265,16.311096,15.958052,12.558712,14.638634,13.787783,12.340549,14.815507,14.70245,18.564041,20.328333,23.067297,25.98553,29.577337,28.818165,27.36036,24.300892,20.795906,20.819777,15.87489,19.347935,19.018145,21.02066,24.121193,24.752901,28.42304,30.622616,31.358868,32.99755,30.703117,28.301949,26.302862,25.236616,22.168736,25.108067,27.256498,24.539598,29.468498,33.72552,29.776323,28.36564,27.956186,21.61537,23.704006,20.042242,22.445375
10,30.209076,27.719252,25.167171,21.607046,19.703072,17.37515,15.241085,11.21074,8.686839,8.022032,0.0,4.5902996,6.9702945,5.784647,8.886341,6.9544916,11.235773,10.880869,15.28659,18.087275,20.894846,24.642462,26.901274,29.5376,31.80167,29.48262,28.581387,24.401281,20.809757,20.78394,14.724102,16.281263,9.715435,13.400654,11.541367,12.762663,16.62443,15.076407,15.920726,16.594315,13.604048,16.420149,12.336574,16.283411,21.657429,21.586662,26.039095,26.732862,29.020992,29.877367,27.42326,22.937199,23.355045,18.824612,15.583248,13.698352,10.846221,7.3780375,8.37536,4.1609826,4.0393834,6.7806745,10.528027,12.177564,17.986189,17.38579,21.769035,23.577196,22.014887,18.059778,18.744392,16.35915,13.192795,13.813859,11.721211,14.926238,15.188931,18.183058,20.087833,23.96735,24.297234,23.88811,21.65512,18.573793,18.525963,15.694986,20.362293,20.185665,23.261633,26.30454,27.725351,30.612097,33.69974,35.11649,37.20387,35.58622,33.056343,31.551083,30.153467,27.095003,29.295765,30.337084,26.608858,30.720377,34.42009,30.170284,29.495644,29.723188,23.505621,25.596315,22.701574,24.731588
11,34.273376,31.833567,28.940704,25.711504,23.626421,21.035912,18.928923,14.071167,12.467265,9.236077,4.5902996,0.0,5.52061,6.5034323,10.5353365,10.570445,14.914418,15.174133,19.604263,22.460838,25.37934,29.052872,31.464788,33.995205,36.36361,34.050507,32.993484,28.910685,25.21379,25.369984,19.220247,20.805418,13.877212,17.021206,14.8337,15.062658,19.016455,17.909067,19.396536,20.62383,17.596077,20.85065,16.791716,20.626791,26.087952,25.936989,30.397114,31.000666,33.19111,33.73989,31.241617,26.675726,27.109255,22.122023,19.360563,16.960804,14.414936,10.705823,9.499223,6.0176067,8.090421,8.449747,12.783775,13.728866,20.046366,18.834007,23.3909,24.432213,22.877142,18.42468,19.824389,16.710487,14.61277,14.207697,13.173254,15.623253,16.15647,19.66443,21.01364,25.422464,26.480894,25.99889,23.834932,21.272476,21.863337,18.76944,23.919691,24.23301,27.077196,30.301077,31.683123,34.73281,37.656464,38.947594,40.931545,39.00314,36.44102,34.665752,33.227627,29.888393,32.07746,33.12386,29.503775,33.78046,37.29022,32.705673,31.875832,31.437847,25.334988,26.672586,23.474388,24.779045
12,32.07238,30.09011,26.483215,24.035803,22.102951,18.588821,17.708347,11.512063,11.842963,6.477981,6.9702945,5.52061,0.0,3.881625,6.3886595,8.881306,12.64672,14.424538,18.483397,22.000158,24.668966,28.853838,31.430784,33.617985,36.29668,34.556515,33.97495,29.71959,26.196045,25.847149,19.984934,20.570436,13.909669,14.866886,13.667146,12.558017,16.938309,16.997707,17.895212,19.371508,18.226986,21.653156,18.15632,22.494833,27.6182,27.584366,32.112118,32.511456,35.2599,36.313858,34.109264,29.522226,30.163338,25.785234,22.41121,20.550474,17.755156,14.322437,14.493492,10.112703,10.503081,9.3302965,12.8004875,11.954095,18.180899,15.311386,20.471722,21.922539,21.603867,17.608374,19.967152,17.883146,16.451214,17.32172,16.857811,19.968815,20.98265,24.289593,26.12846,30.322447,30.769035,29.961405,27.39886,24.324318,24.531813,20.528637,24.763237,24.377306,26.846405,29.856535,30.559254,34.063847,36.498367,37.259815,38.85309,36.809418,34.53439,32.63196,31.664354,28.636417,31.482328,33.361332,30.312216,35.01779,39.00678,34.74533,33.57328,33.04174,26.749977,28.343412,24.690578,26.35001
13,29.931927,28.18538,24.832806,22.09225,20.621796,16.939913,16.665997,10.908848,10.6868305,7.542157,5.784647,6.5034323,3.881625,0.0,5.408079,6.5034146,10.300613,12.243652,16.078566,19.94134,22.089954,26.775805,28.838339,31.38106,33.705647,31.858301,31.751524,27.273703,24.080336,23.060993,17.75553,17.517717,10.413303,11.614177,9.8496685,9.035445,13.344447,13.146312,14.181683,15.87798,14.584694,18.365294,15.193078,20.115494,24.831553,25.264772,29.543327,30.452026,33.025993,34.414246,31.974676,27.723042,27.760546,23.759483,20.032372,18.222692,15.985959,12.460113,13.759827,9.82824,9.245267,10.173936,13.383195,13.113994,18.955748,16.291327,21.511087,23.720625,23.457481,19.774351,21.555313,19.774721,17.456974,18.613258,17.202887,20.494505,20.912973,23.964684,25.710806,29.652855,30.000647,29.568628,27.200834,23.893106,23.56203,20.188381,24.033817,23.02932,25.828259,28.555817,29.220713,32.532784,35.174488,36.016937,37.659153,36.055458,33.8975,32.312122,31.47918,28.793636,31.686192,33.52538,30.30218,34.756023,38.82734,34.81769,33.883926,33.948288,27.59409,29.711954,26.355696,28.419977
14,25.974442,24.311913,20.43359,18.387388,16.811548,12.657988,13.145,6.6079087,8.5548315,5.076218,8.886341,10.5353365,6.3886595,5.408079,0.0,4.961996,7.0769286,10.124538,13.403716,17.367447,19.636515,24.194357,26.764265,28.663982,31.502531,30.298296,30.222565,25.887781,22.728542,21.853361,16.650215,16.271708,11.12316,9.795947,10.608811,9.436112,13.936529,14.563384,13.883406,14.744388,15.7504,18.497221,15.796212,20.165356,24.65264,24.718336,29.142675,29.370125,32.605152,34.277355,32.444195,28.04589,28.901148,25.543072,21.58537,20.705976,17.68251,15.130633,17.211868,12.48852,10.814446,9.95437,11.524043,9.915529,14.92177,11.429578,16.793205,19.594038,20.182962,17.296701,19.365028,18.800898,16.897463,19.300789,18.399626,22.264027,23.335344,26.036987,28.575424,32.131496,31.549881,30.582216,27.767235,24.043098,23.443079,19.181501,21.956577,20.505718,22.762707,25.325731,25.461151,29.14469,31.307741,31.765642,33.155247,31.36401,29.362265,27.675951,27.14841,24.7416,28.078493,30.559689,27.912334,32.66196,37.10971,33.496166,32.256855,32.3335,25.971937,28.43533,24.91153,27.47459
15,23.869411,21.83271,18.799782,15.702668,14.243388,10.920758,10.568044,6.0505285,5.189156,6.6706133,6.9544916,10.570445,8.881306,6.5034146,4.961996,0.0,4.3608837,5.834931,9.679949,13.49893,15.813554,20.35844,22.655674,24.96117,27.502039,25.914158,25.778313,21.352514,18.201338,17.282942,11.969453,11.887083,6.8281145,7.40272,8.0419235,9.057811,13.095808,12.458044,11.412826,11.463447,11.575706,13.802873,10.882146,15.252908,19.767294,19.91541,24.29862,24.786451,27.811394,29.539877,27.571686,23.320255,23.988405,20.873549,16.792246,16.251545,13.28162,11.221234,14.372327,10.172447,7.3616824,8.782617,10.063677,10.332825,14.853129,13.358938,17.93878,21.070213,20.76144,17.972818,18.826986,18.2341,15.147558,17.659061,15.737038,19.706884,20.296852,22.58642,25.229,28.383667,27.53029,26.832264,24.222546,20.355774,19.315256,15.843564,18.54523,16.873274,19.684643,22.200796,22.816364,26.06682,28.765306,29.718113,31.49353,30.116585,27.94573,26.630573,25.823116,23.490093,26.414612,28.36127,25.246399,29.57406,33.915234,30.431616,29.546907,30.284275,23.963179,26.913393,23.935406,26.841787
16,19.66672,17.944124,14.72571,11.916258,11.009464,7.0111346,8.60121,5.5946693,6.2376204,9.373104,11.235773,14.914418,12.64672,10.300613,7.0769286,4.3608837,0.0,4.518676,6.484515,10.900023,12.615361,17.592928,19.820137,21.846449,24.514603,23.459778,23.842218,19.408682,16.751328,15.25042,11.050613,9.688741,7.578901,5.027819,8.384786,9.435917,12.741007,12.611145,9.986318,9.033575,11.689727,12.896164,11.202159,15.14643,18.742435,19.00126,23.132675,23.46238,26.862545,29.10249,27.500116,23.560575,24.375053,22.246864,17.960558,18.245956,15.422604,14.261598,18.070316,14.108086,10.852672,11.942842,11.743542,11.4779215,14.246852,12.659374,16.78331,20.761566,21.12276,19.268515,19.915134,20.348244,17.310513,20.544657,18.620296,22.757748,23.40239,25.234423,28.200245,30.868082,29.354208,28.55161,25.852007,21.704502,20.090092,16.655735,17.83562,15.127913,17.65802,19.631828,19.678606,23.046741,25.495777,26.179085,27.775854,26.68678,24.791395,23.73498,23.343513,21.660862,24.916607,27.317827,24.632656,28.871075,33.495213,30.60396,29.681906,30.839066,24.687756,28.123804,25.319717,28.67708
17,19.467894,16.88619,14.771176,10.7975855,9.372957,7.678354,6.4186196,6.752133,4.260267,10.521167,10.880869,15.174133,14.424538,12.243652,10.124538,5.834931,4.518676,0.0,4.5344667,7.699518,10.443211,14.547519,17.07309,19.241314,21.914246,20.42428,20.109356,15.788534,12.661769,12.069975,6.7481136,7.5463758,7.2039475,7.850618,10.189572,12.634808,15.562224,14.317451,11.817105,9.784458,10.805723,10.508462,8.185898,11.000998,15.126853,14.867823,19.293623,19.349808,22.73197,24.741917,23.250334,19.138111,20.427965,18.378603,14.295121,15.1669035,11.8965845,11.801065,15.968764,12.549343,8.891444,10.790486,9.980449,11.339848,13.602363,14.153587,17.308102,20.993113,20.308475,18.49054,18.07826,18.474092,14.731193,18.03512,15.610455,19.70817,20.23923,21.614634,24.860588,27.114012,25.188675,24.361486,21.725107,17.519342,15.669239,12.714502,13.895976,11.407618,14.45643,16.70709,17.553717,20.49001,23.483305,24.789328,26.866875,25.85763,23.605064,22.720392,21.79304,19.872103,22.51653,24.257732,21.122078,25.045732,29.509989,26.61074,25.931765,27.491314,21.47499,25.178375,22.874264,26.405779
18,15.1572075,12.815355,11.199825,6.880448,6.781948,5.773892,6.8100476,9.546245,8.430668,14.441322,15.28659,19.604263,18.483397,16.078566,13.403716,9.679949,6.484515,4.5344667,0.0,4.829171,6.276433,11.228989,13.3919935,15.45052,18.099924,17.138597,17.603676,13.249947,11.074036,9.422567,6.7322545,5.294916,9.328125,8.106782,11.711944,14.229243,16.176003,15.1619005,11.529533,8.2542925,11.507529,9.7446785,9.423866,11.29671,13.720655,13.760562,17.5969,17.659922,21.317059,23.982983,22.858932,19.398672,20.586952,19.848022,15.757312,17.424559,14.797155,15.402624,19.959888,16.956316,13.246949,15.125888,13.604238,14.560401,15.149999,15.852592,18.247383,22.560854,22.382128,21.424799,20.725502,21.90351,18.244972,21.8726,19.37942,23.388533,23.772392,24.644638,27.992376,29.672253,27.179396,26.422836,23.9048,19.622393,17.127108,14.85573,14.097479,10.175564,12.955713,14.243202,14.524511,17.298325,20.225077,21.411879,23.416328,23.009615,21.093573,20.739182,20.250666,19.245869,22.008875,24.018501,21.32303,24.82358,29.451668,27.3312,26.762848,28.914858,23.304218,27.437363,25.48397,29.342579
19,14.251995,10.773695,10.889443,5.9086413,5.3864455,8.227378,6.8615885,12.389682,10.614908,17.312115,18.087275,22.460838,22.000158,19.94134,17.367447,13.49893,10.900023,7.699518,4.829171,0.0,4.7438974,6.878353,10.186279,11.668215,14.807146,13.907119,13.392042,9.59245,7.1709433,7.445635,5.5120816,7.1769958,12.982701,12.884854,16.086267,18.936537,20.754646,19.35085,15.814038,12.12854,14.414885,10.942339,10.83868,9.884647,11.771408,10.666199,14.556452,13.513137,17.660856,20.256804,19.870329,16.465513,18.74102,18.771221,15.368397,17.93386,15.047868,16.887655,21.305134,18.781736,15.1976795,16.781809,14.38245,16.055449,15.234523,17.72446,18.783272,22.842012,22.028193,21.690193,20.010132,21.698368,17.93113,21.74513,19.250555,23.016518,23.51285,23.686337,27.431334,28.401173,25.086668,24.070368,21.575623,17.357828,14.484827,12.874801,10.449132,5.8474917,8.776539,9.85201,10.903756,13.130591,16.55172,18.384388,20.876175,20.610678,18.421108,18.418116,17.512495,16.71219,18.799154,20.303007,17.597166,20.575294,25.168316,23.54373,23.160988,25.895866,20.844666,25.325195,24.046432,28.144876
20,11.681874,9.349682,10.459565,5.923788,8.025052,9.825624,10.961181,15.545376,14.209441,20.614557,20.894846,25.37934,24.668966,22.089954,19.636515,15.813554,12.615361,10.443211,6.276433,4.7438974,0.0,6.5376763,7.3307977,9.732601,11.906888,11.349186,12.840176,8.734019,8.61994,5.7121983,8.294552,6.145026,13.763266,12.830209,16.158463,19.07983,19.874878,18.553719,14.559297,10.450745,13.954138,10.003956,11.822344,11.455182,11.027916,11.333319,13.846018,13.9924965,17.665009,21.085043,20.492195,18.203753,19.24252,20.359375,16.783625,19.470743,17.697485,19.371778,24.202253,22.05646,18.360806,20.698578,18.727306,20.074692,19.32741,20.960133,22.236292,26.691908,26.395844,26.156687,24.692938,26.350016,22.498688,26.13257,23.309166,26.96291,26.982521,27.035109,30.405815,31.137247,27.927685,27.41557,25.30821,21.226017,18.01057,17.354488,14.637096,9.733407,12.087319,11.712772,11.876534,13.358568,16.67178,18.256319,20.48782,21.230345,19.680399,20.305607,20.034904,20.128056,22.29581,23.90638,21.510475,23.87501,28.310747,27.25711,27.116522,30.213366,25.417921,29.962172,28.780933,32.8854
21,12.591289,8.74939,12.056655,8.363816,9.285212,13.632491,12.676534,18.95734,17.302885,24.006556,24.642462,29.052872,28.853838,26.775805,24.194357,20.35844,17.592928,14.547519,11.228989,6.878353,6.5376763,0.0,5.3625655,5.1496086,8.859165,8.939702,8.172752,6.3170166,6.7348895,7.940735,10.466556,11.747172,19.030336,18.89555,22.086136,25.12363,26.262192,24.721302,20.95707,16.881813,19.27338,14.528453,15.733265,12.700033,11.743298,10.100651,12.129892,9.870356,14.375317,17.500484,18.334503,16.26971,19.014477,20.91061,18.467258,21.86081,19.629993,22.342602,26.724436,24.872791,21.4351,23.05732,20.235802,22.05725,19.859669,23.212107,23.007225,26.960989,26.016197,26.562933,24.13648,26.40289,22.771755,26.52571,24.012741,27.2866,27.610678,26.906385,30.729643,30.635244,26.43185,25.451118,23.3863,19.664646,16.34675,16.387766,11.714398,7.155567,8.221196,6.5721316,7.9513593,7.8223205,11.962285,14.610989,17.535894,18.393215,16.526628,17.650665,16.8483,17.354816,18.43458,19.315144,17.274113,18.653297,22.919298,22.784918,22.847647,26.583637,22.822575,27.569773,27.237368,31.491789
22,13.202096,10.978548,14.824798,11.401179,13.446048,16.701582,16.850885,22.392092,20.516237,27.315548,26.901274,31.464788,31.430784,28.838339,26.764265,22.655674,19.820137,17.07309,13.3919935,10.186279,7.3307977,5.3625655,0.0,4.7994866,4.907439,4.4457755,7.319225,5.2430677,8.615099,6.824665,12.583806,11.858129,19.778198,19.795816,22.50464,25.810253,26.03858,24.25395,20.567297,16.481756,18.749245,13.606854,16.21029,13.480594,10.106641,10.174826,10.111628,10.053813,13.21806,17.2584,17.56081,16.963608,18.02866,21.112373,18.700592,22.192963,21.18084,23.850056,28.575039,27.353495,23.85391,26.510902,24.273779,26.210554,24.685705,27.393644,27.7476,31.92742,31.113462,31.33795,29.02709,30.87749,26.874882,30.258917,27.190401,30.259983,29.92051,29.047,32.339226,31.935524,28.009226,27.777676,26.293585,22.794554,19.173117,20.390652,16.376158,12.026233,13.5463085,11.6138115,12.38748,11.226445,15.045005,17.482393,20.091919,21.955631,20.669338,22.209486,21.792383,22.639418,23.666086,24.28605,22.115095,22.805058,26.560295,26.718868,27.198105,31.243885,27.593643,32.307472,32.07735,36.235714
23,11.524306,8.790644,13.614155,11.380566,13.249818,17.347944,17.389826,23.551647,22.247528,28.830212,29.5376,33.995205,33.617985,31.38106,28.663982,24.96117,21.846449,19.241314,15.45052,11.668215,9.732601,5.1496086,4.7994866,0.0,4.9010153,7.3729453,8.299564,8.4576235,10.923744,10.974588,15.277237,15.367566,23.17027,22.505955,25.837444,28.794859,29.358034,27.966738,23.983082,19.839123,22.8033,17.853477,19.92529,16.882223,14.324443,13.317283,13.5056305,11.514617,15.322778,18.900188,20.255764,19.412579,21.662865,24.589489,22.420553,25.97728,24.291002,27.066824,31.573795,29.899727,26.42023,28.157534,25.292524,26.875301,24.206568,27.355547,26.776955,30.87464,30.276945,31.248657,28.798147,31.333374,27.826576,31.581142,29.047735,32.186314,32.35554,31.388123,35.080456,34.55723,30.13904,29.340315,27.572363,24.135899,20.733458,21.301615,16.190237,12.019041,12.059298,9.011612,9.152411,6.998154,10.518995,13.116787,15.857216,17.9685,16.87121,18.832392,18.601986,20.178038,20.99268,21.8467,20.55481,21.004555,24.871511,25.753477,26.00724,30.093142,27.00219,31.760523,31.719492,36.011593
24,14.196246,12.718198,17.467464,15.080128,17.335367,20.844877,21.207514,26.983078,25.299414,32.059998,31.80167,36.36361,36.29668,33.705647,31.502531,27.502039,24.514603,21.914246,18.099924,14.807146,11.906888,8.859165,4.907439,4.9010153,0.0,4.421367,8.140771,8.805689,12.71766,11.488256,17.386131,16.60707,24.56619,24.327038,27.113316,30.337896,30.250689,28.564682,24.819685,20.7832,23.239346,18.06906,20.938776,17.870363,13.736257,13.760496,12.200488,11.815346,14.213701,18.329226,19.363897,19.807684,20.836792,24.728413,22.821451,26.457409,25.704805,28.562105,33.22923,32.16862,28.70766,31.254095,28.81696,30.677486,28.586409,31.481573,31.33166,35.49658,34.776386,35.421574,32.912468,35.052883,31.189533,34.59311,31.598877,34.485756,34.111076,32.909294,36.164703,35.27401,31.03701,30.848,29.608627,26.431055,22.8138,24.432169,19.808954,15.815498,16.479553,13.685548,14.045234,11.5304575,14.709632,17.150778,19.598532,22.304377,21.514853,23.633507,23.467587,25.018389,25.633429,26.041101,24.442015,24.268545,27.592672,28.666174,29.334372,33.72245,30.766582,35.49781,35.63961,39.83746
25,17.05871,15.115117,19.227654,15.811968,17.640049,20.944622,20.63458,26.156754,23.789188,30.744701,29.48262,34.050507,34.556515,31.858301,30.298296,25.914158,23.459778,20.42428,17.138597,13.907119,11.349186,8.939702,4.4457755,7.3729453,4.421367,0.0,5.822909,5.761389,10.207744,8.844945,15.0903225,14.722325,22.32768,23.158741,25.24041,28.845795,28.766281,26.572895,23.307463,19.403765,20.57802,15.177604,18.025393,14.5418215,9.769314,10.169822,7.934893,8.868359,10.563569,14.934499,15.335369,16.104746,16.52881,20.690834,19.028051,22.726906,22.44301,25.476116,30.077997,29.574785,26.266384,29.41302,27.385023,29.751585,28.433187,31.459616,31.788439,35.7605,34.537563,34.629185,31.973972,33.54745,29.333256,32.31389,28.956223,31.579529,30.821018,29.488052,32.458023,31.444454,27.439196,27.654476,26.739328,23.72197,20.0108,22.45646,18.608124,14.99099,16.563013,14.607526,15.913068,13.803261,17.676815,20.454718,23.150902,25.326923,24.071312,25.798565,25.167162,25.980133,26.420925,26.313276,23.944565,23.717594,26.805267,27.339018,28.284462,32.725433,29.576357,34.215187,34.435738,38.465008
26,19.419464,16.20326,20.141169,16.408772,17.065914,21.253353,19.327951,25.439102,22.665613,29.697285,28.581387,32.993484,33.97495,31.751524,30.222565,25.778313,23.842218,20.109356,17.603676,13.392042,12.840176,8.172752,7.319225,8.299564,8.140771,5.822909,0.0,4.905234,7.825664,10.084696,14.0342,16.138496,23.089226,24.666069,26.68698,30.384941,31.098562,28.721767,25.679392,21.77522,22.086807,16.63902,18.147802,13.202419,10.014407,7.968209,6.820033,3.8130784,7.1130095,10.656202,12.315932,12.367743,14.920997,18.656816,17.801874,21.738317,20.673695,24.283978,28.351608,27.948078,24.934633,27.511335,25.130533,27.938768,26.264135,30.331669,30.077906,33.447445,31.513577,31.740723,28.514973,30.135406,26.079067,28.933184,25.856947,28.15802,27.71557,25.985447,29.339235,27.975277,23.347864,23.07969,22.124283,19.431026,15.874684,18.781475,14.5578985,12.169579,13.442971,11.978861,14.553389,12.133988,16.458576,19.904459,23.071524,24.46935,22.608044,24.05606,22.706455,22.994465,22.627304,21.680626,19.070839,18.271576,21.093523,21.714783,22.847637,27.498348,24.905777,29.456688,30.180567,34.115887
27,17.592957,14.5419035,17.631138,13.27927,14.096425,17.537106,16.037355,21.580534,18.738733,25.792326,24.401281,28.910685,29.71959,27.273703,25.887781,21.352514,19.408682,15.788534,13.249947,9.59245,8.734019,6.3170166,5.2430677,8.4576235,8.805689,5.761389,4.905234,0.0,4.48236,5.198408,9.81602,11.277383,18.29709,19.915565,21.810358,25.539038,26.21211,23.82476,20.8096,16.954533,17.269808,11.847269,13.552589,9.330171,6.236251,5.064764,5.869186,5.7191734,9.023469,12.732141,12.721082,11.7228565,13.278636,16.271652,14.391201,18.153051,17.144468,20.357244,24.79182,24.177517,20.963182,23.975565,21.982445,24.689104,23.789188,27.154242,27.674225,31.330816,29.670773,29.402014,26.667206,27.956627,23.646265,26.554636,23.219318,25.909561,25.342402,24.170708,27.412634,26.780855,22.799982,22.723583,21.485275,18.208052,14.497836,16.789001,13.493613,10.176601,12.606118,11.882635,14.12044,13.098615,17.503134,20.485209,23.46614,24.587837,22.669851,23.739418,22.568745,22.468178,22.93571,22.689302,19.663166,20.138582,23.557367,23.146753,23.94155,28.075962,24.445473,29.022936,29.083076,33.03214
28,18.634617,14.956026,16.984833,12.233262,11.904702,15.374057,12.642959,18.182337,14.996805,22.046555,20.809757,25.21379,26.196045,24.080336,22.728542,18.201338,16.751328,12.661769,11.074036,7.1709433,8.61994,6.7348895,8.615099,10.923744,12.71766,10.207744,7.825664,4.48236,0.0,5.832844,6.3320284,10.159278,16.051678,18.170177,19.984358,23.636087,25.03114,22.648237,19.87,16.231625,15.9925375,11.102197,11.264765,6.562544,7.0019307,4.049597,8.155225,6.716977,10.619948,13.1103525,12.905904,10.003928,12.870371,14.237679,12.142101,15.74449,13.7090025,17.017406,21.204014,20.29404,17.17519,19.810814,17.733528,20.703857,20.085972,23.778965,24.379358,27.710022,25.699917,25.172314,22.38174,23.500238,19.167223,22.124647,18.930157,21.77847,21.559896,20.626394,24.22049,24.04367,20.10266,19.573137,17.870157,14.24684,10.629085,12.344661,9.609734,6.7862167,10.032537,10.708678,13.510296,13.548996,17.9337,20.872631,23.92994,24.181417,21.80329,22.276682,20.69317,19.786688,20.311602,20.042507,16.535662,17.82152,21.551052,20.277283,20.81356,24.545149,20.439226,24.958035,24.815302,28.720716
29,16.681173,14.253038,16.077492,11.358821,12.504811,14.492291,13.982391,18.37651,15.640884,22.49186,20.78394,25.369984,25.847149,23.060993,21.853361,17.282942,15.25042,12.069975,9.422567,7.445635,5.7121983,7.940735,6.824665,10.974588,11.488256,8.844945,10.084696,5.198408,5.832844,0.0,7.0572224,6.268899,13.565349,15.057426,16.792822,20.539259,21.032467,18.673084,15.628978,11.83146,12.386603,7.079579,9.450733,7.46106,5.336114,6.594446,8.696818,10.421197,13.062734,16.585117,15.305809,13.650289,13.75472,15.632524,12.472595,15.661729,14.897081,17.28828,22.151365,21.240566,17.799465,21.354847,19.959953,22.35277,22.435947,24.703402,26.186337,30.155668,28.94771,28.144255,26.11568,27.018028,22.571516,25.46736,21.939764,25.023476,24.310387,23.861473,26.820528,27.031614,23.924019,24.078207,22.62512,18.931337,15.3887615,16.696674,14.725388,10.802606,13.993289,13.941922,15.439636,15.736287,19.803625,22.145178,24.767519,25.674633,23.85701,24.55792,23.705065,23.31892,24.651453,25.140617,21.9508,23.4918,27.296194,26.099651,26.557281,30.088833,25.55938,30.019394,29.353537,33.23087
30,19.425928,16.165337,16.216505,11.242605,10.281195,11.752442,9.018739,12.854425,9.252237,16.25774,14.724102,19.220247,19.984934,17.75553,16.650215,11.969453,11.050613,6.7481136,6.7322545,5.5120816,8.294552,10.466556,12.583806,15.277237,17.386131,15.0903225,14.0342,9.81602,6.3320284,7.0572224,0.0,6.4424467,10.169881,12.791112,14.271396,17.80794,19.753126,17.46598,15.037727,11.979018,11.2866,7.9414954,6.2915397,4.977054,9.0934105,8.153012,12.781861,12.830879,16.00566,18.052038,16.670338,12.807181,14.481167,13.577424,10.004927,12.479162,9.681518,11.910827,16.437508,14.7959795,11.360966,14.436934,13.102754,15.949771,16.922956,19.489367,21.331423,24.731945,23.017878,21.613007,19.71471,20.167425,15.667448,18.623003,15.31866,18.79983,18.688362,18.874905,22.290861,23.406061,20.634686,20.133415,17.99003,13.87247,10.976126,10.59415,10.604933,7.9879084,11.888283,13.776441,15.795935,17.422478,21.288383,23.517868,26.18832,25.80079,23.365358,23.124071,21.709627,20.061932,21.566942,22.117496,18.415136,21.163687,25.219995,22.784412,22.787481,25.441257,20.149078,24.313309,23.148146,26.85572
31,16.945446,15.146062,14.864334,10.337972,11.271673,10.826677,11.612844,13.907928,11.68422,17.803185,16.281263,20.805418,20.570436,17.517717,16.271708,11.887083,9.688741,7.5463758,5.294916,7.1769958,6.145026,11.747172,11.858129,15.367566,16.60707,14.722325,16.138496,11.277383,10.159278,6.268899,6.4424467,0.0,8.017833,8.828204,10.75103,14.31771,15.0867405,13.061069,9.776804,6.0861883,7.8455167,4.781094,6.481317,8.918312,9.923316,11.4373865,14.462478,16.152912,18.856232,21.9134,20.052774,17.474686,17.106369,17.102655,12.844864,14.700882,13.602688,14.466073,19.51267,17.76821,14.137178,17.792633,17.10502,18.812355,20.078253,20.860043,23.478413,27.638872,27.038372,25.678947,24.641174,25.178297,20.924963,23.853666,20.518366,24.083101,23.559494,24.111628,26.871359,28.198463,26.015293,26.06695,24.201529,20.180153,17.23997,16.821903,16.369864,12.487887,15.853694,16.637531,17.38416,19.106218,22.588448,24.182144,26.351685,26.683075,24.916542,25.019426,24.462517,23.641933,25.88366,27.198584,24.033546,26.744226,30.951174,28.956745,28.921406,31.59707,26.204063,30.367739,28.817297,32.52855
32,23.516754,21.861301,20.061184,16.122242,15.848062,13.364064,13.619107,11.968535,9.527683,13.315346,9.715435,13.877212,13.909669,10.413303,11.12316,6.8281145,7.578901,7.2039475,9.328125,12.982701,13.763266,19.030336,19.778198,23.17027,24.56619,22.32768,23.089226,18.29709,16.051678,13.565349,10.169881,8.017833,0.0,6.374266,4.5318923,8.462211,10.474501,7.9873047,7.313223,7.3157716,4.7528987,8.062886,6.006185,11.880884,15.242263,16.664614,20.240005,22.179453,24.348528,26.537046,23.85645,20.560904,19.544962,17.207888,12.703518,12.235443,11.285499,9.626823,14.189599,12.222673,9.154335,13.7239895,15.02919,16.526325,20.254301,19.625097,23.710855,27.20144,26.508947,23.86796,23.814886,23.017475,18.968597,20.92012,17.662626,21.121618,20.421692,22.12377,24.129223,26.722153,26.061258,26.326159,24.46033,20.7183,18.860752,17.578327,19.769873,17.360552,20.875713,22.742868,23.650574,26.043291,29.344997,30.710741,32.712624,32.265537,30.265823,29.626112,28.859877,27.058989,29.55507,30.904287,27.342066,30.780212,34.837566,31.726809,31.468971,33.136215,27.120214,30.479546,28.20897,31.23214
33,19.779797,19.02299,16.214819,13.514619,13.915078,9.855653,12.849029,10.54321,10.688716,13.450297,13.400654,17.021206,14.866886,11.614177,9.795947,7.40272,5.027819,7.850618,8.106782,12.884854,12.830209,18.89555,19.795816,22.505955,24.327038,23.158741,24.666069,19.915565,18.170177,15.057426,12.791112,8.828204,6.374266,0.0,5.070045,6.403457,8.345112,8.397742,5.104072,5.137322,9.127564,11.383968,11.072553,16.04622,18.458551,19.814898,23.208565,24.626118,27.513735,30.23643,28.15648,24.951601,24.491507,22.923565,18.36732,18.464275,16.986422,15.538272,19.77698,16.673016,13.502511,16.039858,16.466478,16.392942,19.173885,17.131655,21.355106,25.54387,26.135303,24.227625,24.860039,25.038885,21.703041,24.521717,22.037088,25.931229,25.889599,27.64627,30.07342,32.63832,31.466791,31.261118,28.96773,24.893234,22.886053,20.505787,21.436108,18.10926,20.90095,22.253654,22.061853,25.012434,27.56825,28.165516,29.60624,29.216608,27.705114,27.077568,27.028326,25.864847,29.107262,31.430178,28.657187,32.4821,37.02285,34.36837,33.724533,35.271034,29.200554,32.75281,30.109173,33.424126
34,24.382322,23.509346,21.104557,17.941843,18.10469,14.5104,16.255613,13.286937,12.304266,14.28386,11.541367,14.8337,13.667146,9.8496685,10.608811,8.0419235,8.384786,10.189572,11.711944,16.086267,16.158463,22.086136,22.50464,25.837444,27.113316,25.24041,26.68698,21.810358,19.984358,16.792822,14.271396,10.75103,4.5318923,5.070045,0.0,4.295267,6.0467253,4.4541817,4.614779,7.0692534,6.713051,11.169567,10.294114,16.226488,18.904892,20.733557,23.964209,26.150042,28.325865,30.771105,28.018137,24.97923,23.54315,21.36197,16.884272,16.015781,15.546071,13.222577,17.171246,14.941923,12.373648,16.176643,17.801407,18.333807,22.28907,20.326069,24.952915,28.626444,28.668652,26.013563,26.65734,25.897644,22.306376,24.231308,21.344276,24.795954,24.149338,26.162392,27.859737,30.726824,30.413124,30.735155,28.841057,25.108915,23.34738,21.66629,23.708282,20.970247,24.220047,25.857082,26.196442,28.844946,31.789415,32.707127,34.34166,33.97332,32.286964,31.607525,31.252678,29.686628,32.614594,34.437267,31.160843,34.819443,39.037716,35.97032,35.556717,37.01123,30.86427,34.100292,31.486134,34.404804
35,25.798967,25.334955,22.190514,19.836718,19.93817,15.518725,18.001465,13.693002,14.029457,14.059548,12.762663,15.062658,12.558017,9.035445,9.436112,9.057811,9.435917,12.634808,14.229243,18.936537,19.07983,25.12363,25.810253,28.794859,30.337896,28.845795,30.384941,25.539038,23.636087,20.539259,17.80794,14.31771,8.462211,6.403457,4.295267,0.0,4.5572124,5.9905276,6.639452,9.844414,10.9492235,15.34156,14.418161,20.245941,23.04795,24.727076,28.065056,29.99402,32.412357,34.85793,32.22322,29.005632,27.796753,25.385534,20.965212,19.841415,19.063204,16.278198,19.532465,16.708557,14.599774,17.247261,19.080599,18.661383,22.860058,19.683037,24.750414,28.352758,29.042183,26.35896,27.731056,27.007965,24.02214,25.971848,23.657772,27.1781,26.873135,29.245426,30.905146,34.12696,34.007828,34.118176,32.017887,28.26946,26.779867,24.370893,26.503288,23.80304,26.721035,28.401663,28.32294,31.359652,33.896038,34.39336,35.698288,35.097042,33.587822,32.681904,32.596916,31.043297,34.342762,36.61293,33.635735,37.66348,42.045197,38.874866,38.198864,39.24191,32.95934,35.95725,32.945183,35.699585
