,0,1,2,3,4,5,6,7,8,9,10,11,12,13,14,15,16,17,18,19,20,21,22,23,24,25,26,27,28,29,30,31,32,33,34,35,36,37,38,39,40,41,42,43,44,45,46,47,48,49,50,51,52,53,54,55,56,57,58,59,60,61,62,63,64,65,66,67,68,69,70,71,72,73,74,75,76,77,78,79,80,81,82,83,84,85,86,87,88,89,90,91,92,93,94,95,96,97,98,99,100,101,102,103,104,105,106,107,108
0,0.0,4.7857842,7.711888,9.98861,12.953989,15.860651,17.093637,21.78755,23.997078,27.38133,31.164518,31.283846,32.03595,31.560598,26.854359,25.147442,22.65603,21.22164,19.799644,17.482264,18.509491,14.180923,18.36667,21.068974,20.221016,16.513939,21.53607,23.922867,23.132357,27.590277,28.101988,33.184677,36.41551,39.87864,41.824696,44.612854,48.046566,44.690098,43.539772,40.764874,39.320465,34.95936,33.075024,31.593632,28.218761,26.405987,21.3377,26.344193,30.193079,32.079334,33.492527,37.293877,38.914986,41.607845,39.947384,44.03992,43.181572,39.449364,42.711597,39.72005,34.074516,37.01543,32.368595,34.307167,29.35513,31.833399,29.050491,31.644485,28.829483,33.166454,30.340218,33.811836,35.19875,37.648193,39.110413,40.892952,44.555458,44.008442,45.24256,45.154976,40.49288,40.30615,35.221275,32.462433,31.139069,26.875866,28.848751,25.545105,27.381891,25.3271,28.212408,25.64315,23.34731,29.409569,27.306839,22.795563,26.808279,24.205763,30.016312,29.407558,32.918385,36.06705,34.651363,31.757948,34.64859,30.47301,30.881418,31.487722,29.86961
1,4.7857842,0.0,6.0954304,6.571229,10.013489,13.4534445,14.665528,18.932465,21.829678,24.73251,28.47249,29.318687,30.345192,30.391947,25.94687,24.38925,22.678637,20.843716,20.519722,17.720688,19.61976,15.75582,19.599491,21.286282,19.743023,15.462462,19.868837,22.74992,21.649286,26.66235,26.551138,32.24074,34.70973,38.78951,40.111435,43.20106,46.66435,43.07483,42.218853,39.653057,37.654984,33.668945,31.270754,29.96759,26.184752,24.3475,18.742287,23.202011,27.371674,29.23756,31.143393,34.64134,36.70136,39.439186,38.3236,42.44085,42.018776,38.786346,41.94188,39.453163,33.34452,36.835175,32.105694,33.828594,28.906778,32.088356,29.715134,32.66767,29.515717,33.821716,30.714342,34.414833,35.35581,38.378708,39.27109,41.305992,44.900696,44.39871,45.377075,44.97449,40.283142,40.183723,35.4588,32.61074,31.994616,27.33796,30.029186,26.507324,28.811886,26.990019,29.983242,27.704876,25.789877,32.16004,30.022398,25.336994,28.861925,25.988499,31.773466,30.488907,34.22954,37.320656,35.420242,32.444115,34.610355,30.224405,30.05059,30.238394,28.079575
2,7.711888,6.0954304,0.0,5.134744,8.536839,9.047191,12.925841,15.497743,18.875769,21.842144,24.766214,25.768652,26.078955,26.017845,21.553816,20.891998,19.022984,18.391739,18.582113,16.942118,19.768785,16.804564,21.424038,22.745483,22.530022,17.861609,21.955954,23.840343,21.492134,26.719011,25.184801,30.523106,32.915863,36.795486,38.02133,40.734226,44.4768,41.368095,40.943264,38.441868,36.650284,33.26208,30.665771,30.302042,26.06553,26.042015,20.01178,24.757504,28.876738,29.559076,31.958832,34.77836,37.526474,39.245155,38.31606,42.16475,42.042664,38.537518,42.525383,40.275707,34.32456,38.325768,34.015156,36.290062,31.660246,35.141262,32.554398,34.84922,31.202738,34.70156,31.208733,34.41003,34.677555,37.581783,37.815224,39.386917,42.741833,41.737316,42.42749,41.789524,36.924812,37.654552,32.74184,30.41838,30.106125,26.521801,29.272144,26.519922,29.408497,28.263023,31.735394,30.124283,27.008678,33.12037,29.96618,25.070353,27.736753,24.293232,29.538694,27.795275,31.025814,33.906364,31.607924,28.911915,30.632484,27.041998,26.33952,27.229439,24.768307
3,9.98861,6.571229,5.134744,0.0,4.0385203,7.2605257,8.90754,12.365699,15.63703,18.329504,21.9088,23.030823,24.094357,24.460997,20.29058,19.059326,18.1308,16.378332,17.455563,14.965273,18.263489,15.791135,19.713724,20.054274,19.292078,14.371415,17.776669,19.9682,17.600018,23.125114,21.534386,27.41928,29.28714,33.65847,34.509094,37.591568,41.20192,37.73466,37.32919,34.96029,32.730095,29.430874,26.55761,26.098907,21.718765,21.500505,15.255884,19.720257,23.92589,24.699615,27.24757,30.02533,32.861053,34.790012,34.134727,38.050358,38.142242,35.092304,38.789715,36.906113,30.62895,34.964127,30.617708,32.692406,28.177412,32.18724,29.98308,32.548134,28.681253,32.18464,28.560667,32.031326,32.078167,35.514297,35.46093,37.44508,40.82018,40.125378,40.74002,39.973934,35.23443,35.546326,31.118294,28.471745,28.712315,24.39306,27.771898,24.639479,27.788513,26.790821,30.242855,28.935087,26.397642,32.77699,29.901203,25.000572,27.35446,23.967548,29.305115,27.11086,30.839834,33.744118,31.25256,28.317848,29.61512,25.332836,24.492855,24.577047,21.962017
4,12.953989,10.013489,8.536839,4.0385203,0.0,6.107418,4.894924,9.503582,11.943872,14.756107,18.87108,19.538115,21.026361,21.470716,17.492163,15.82983,15.523142,13.19159,15.028485,12.40961,16.258053,14.752074,18.24158,17.698397,17.364643,12.405846,15.068946,16.749016,13.883077,19.531729,17.552414,23.553421,25.269114,29.732716,30.515465,33.668045,37.23336,33.709763,33.329136,31.006943,28.71169,25.549677,22.582481,22.354956,17.844526,18.360498,12.087384,16.758682,20.744053,21.046875,23.639843,26.26008,29.216726,30.872334,30.258524,34.11473,34.322693,31.36634,35.195484,33.56416,27.258427,31.918634,27.803219,30.035284,25.810596,30.175146,28.112986,30.457146,26.288403,29.379065,25.573496,28.973053,28.667942,32.352562,31.959154,34.065483,37.389694,36.799877,37.34402,36.510807,31.85839,31.997417,27.847696,25.116598,25.77327,21.34056,25.103333,22.05097,25.539188,24.961058,28.531725,27.788805,25.192087,31.507067,28.50367,23.658018,25.39881,21.973915,27.10098,24.518929,28.450235,31.301697,28.68083,25.649977,26.66659,22.044235,21.18142,20.869886,18.33986
5,15.860651,13.4534445,9.047191,7.2605257,6.107418,0.0,7.403803,6.7099667,10.718741,13.234064,15.7309265,17.110556,17.461569,17.974833,14.080859,14.118323,13.864937,13.517489,16.035938,15.097544,19.436983,18.580208,22.632856,22.11319,22.792809,17.96694,20.308352,21.05455,17.140009,22.599592,18.879927,24.219217,25.594524,29.820631,30.302237,32.969185,36.87441,33.97878,34.222134,32.07266,29.98728,27.73784,24.56647,25.484879,20.672045,23.008158,16.884426,21.110054,24.870855,23.917994,27.061665,28.721592,32.43931,32.93575,32.678097,36.12709,36.734943,33.61031,38.21265,36.876667,30.904217,35.886723,32.24137,34.847134,30.938828,35.323246,33.095776,34.88341,30.487886,32.8071,28.78,31.554625,30.543879,33.99256,32.839645,34.35007,37.320663,36.10211,36.236572,35.04985,30.193632,31.487488,27.204363,25.23951,26.298695,23.32861,26.956299,24.849346,28.69734,28.661276,32.506184,32.15162,28.621166,34.53355,30.692492,25.808542,26.727661,22.817703,27.13471,24.05437,27.219048,29.734722,26.559875,23.970297,24.17958,20.793007,18.947279,19.639584,16.43564
6,17.093637,14.665528,12.925841,8.90754,4.894924,7.403803,0.0,7.286721,7.5728483,10.690401,15.519163,15.302389,17.34486,17.830898,14.24004,11.991791,12.711708,9.708146,12.777827,10.427263,14.865203,14.882654,17.673935,15.974752,16.524235,11.9920635,13.313518,13.819488,9.961929,15.646261,12.774271,18.841408,20.380405,24.897362,25.628736,28.803194,32.343723,28.828022,28.520027,26.256876,23.954985,21.077536,17.994362,18.307108,13.607756,15.705228,9.872779,14.605814,17.99657,17.339712,19.970524,22.231783,25.39979,26.460838,25.879469,29.58855,29.96936,27.071127,31.214529,29.946995,23.73609,28.832012,25.17802,27.685713,23.992802,28.701511,26.811132,28.697857,24.17256,26.507137,22.470575,25.615713,24.723412,28.68124,27.737022,29.926924,33.137054,32.627472,33.048653,32.112988,27.579205,27.568485,23.803675,21.04919,22.33467,18.011093,22.22657,19.50531,23.43058,23.518913,27.204062,27.26445,24.500137,30.519365,27.296432,22.650576,23.42399,19.992046,24.605703,21.49272,25.564224,28.275963,25.483557,22.398672,22.969696,17.992521,17.07449,16.24287,13.895099
7,21.78755,18.932465,15.497743,12.365699,9.503582,6.7099667,7.286721,0.0,5.9771867,6.897436,9.544474,11.71395,12.917012,14.473455,11.95883,12.172642,14.093176,13.218661,17.362593,16.508158,21.231062,21.642092,24.712473,22.816792,23.609293,19.178288,19.750084,19.832655,15.208894,20.449226,15.143828,20.586184,20.547771,25.384386,24.902245,27.80432,31.69196,28.715214,29.513319,27.792706,25.16704,23.997694,20.259678,22.131073,17.045998,20.948338,15.383209,18.368393,21.596561,19.385763,23.149952,23.732492,28.206202,27.897758,28.402689,31.518091,32.814106,30.382042,35.059277,34.608204,28.639996,34.25087,31.138878,33.689697,30.457508,35.426403,33.70489,35.310055,30.608923,32.15694,27.946812,30.486313,28.572136,32.571472,30.377548,32.077663,34.714962,33.60184,33.300873,31.663883,27.054937,28.413782,25.124075,23.300064,25.58186,22.745697,27.01587,25.197105,29.445004,30.046274,33.855724,34.24985,31.0127,36.7099,32.877907,28.270588,28.151777,24.341135,27.900665,24.00512,27.221502,29.38837,25.728418,23.23109,22.052761,18.557943,15.757275,15.466886,11.434591
8,23.997078,21.829678,18.875769,15.63703,11.943872,10.718741,7.5728483,5.9771867,0.0,4.275911,9.053222,7.7330112,10.184764,11.1761265,8.994986,7.6276546,10.810556,9.201457,14.062026,13.707449,18.328856,20.031717,22.347422,19.721205,21.534615,17.87262,17.643976,16.337576,11.244358,15.643913,9.587016,14.630527,15.009288,19.54842,19.598307,22.436775,26.27472,23.316278,23.859371,21.999409,19.761698,18.58564,15.149277,17.520378,12.774404,18.210945,13.944459,17.198465,19.395666,16.409784,19.536484,20.07122,24.21414,23.304968,23.3356,26.302107,27.430126,24.745504,29.785265,29.43263,23.88278,29.581173,27.034582,29.921665,27.261614,32.17829,30.507961,31.506878,26.659561,27.403332,23.14689,25.281372,22.938446,27.007374,24.501068,26.28023,28.904245,27.989773,27.772057,26.261032,21.777115,22.634195,19.62848,17.685625,20.431717,17.84515,22.276495,20.911514,25.336626,26.535534,30.323954,31.446886,28.093658,33.31369,29.42845,25.206938,24.229542,20.663357,23.652935,19.465818,22.909441,25.004654,21.471954,18.80954,17.600775,13.315691,10.928052,9.831101,6.492201
9,27.38133,24.73251,21.842144,18.329504,14.756107,13.234064,10.690401,6.897436,4.275911,0.0,5.795666,6.3872886,9.4653425,11.685371,11.156289,10.847537,14.588662,13.255298,18.200026,17.744045,22.273857,24.01716,26.030552,23.003977,24.367138,20.83924,19.813307,18.659773,13.727195,17.749947,11.009196,15.752651,14.322985,19.503897,18.280941,21.344572,25.154768,22.161173,23.392345,22.067297,19.187967,19.21378,15.24533,18.310833,13.538915,19.433903,15.532215,17.36879,19.299202,15.49666,19.323805,18.732332,23.660004,22.159384,23.142658,25.764635,27.599386,25.711052,30.560875,30.930912,25.404503,31.39225,29.115517,31.737207,29.430292,34.636658,33.336067,34.432404,29.581575,30.063559,25.853903,27.870739,25.054638,29.3803,26.205042,28.03257,30.29021,29.386414,28.750736,26.815088,22.644941,23.773577,21.67552,20.052597,23.443867,21.063969,25.629469,24.367691,28.791397,30.118563,33.779552,35.03968,31.991909,37.14946,33.372883,29.279987,28.056242,24.602674,27.173168,22.746239,25.914928,27.680101,23.873709,21.525753,19.245596,15.594334,12.358702,10.581626,6.292399
10,31.164518,28.47249,24.766214,21.9088,18.87108,15.7309265,15.519163,9.544474,9.053222,5.795666,0.0,6.352678,7.3168173,10.670101,11.835009,13.648995,17.357014,17.509298,22.39415,22.671213,27.274979,29.000422,31.390905,28.567114,30.107613,26.443174,25.591223,24.398087,19.417397,23.084734,15.942109,19.340576,17.073914,21.685596,19.612078,21.96844,25.9316,23.801447,25.912191,25.069155,22.378386,23.592096,19.728956,23.418697,18.923702,25.081793,21.182713,22.552996,24.394121,20.124342,24.193571,22.6206,28.012327,25.542618,27.12519,29.118391,31.445251,29.788633,34.92029,35.674843,30.550224,36.572636,34.61549,37.29329,35.159344,40.34625,39.012085,39.90591,35.028683,35.11588,30.91439,32.47596,29.199192,33.231945,29.387611,30.639141,32.34574,30.899965,29.687344,27.235918,23.20531,25.58819,23.886808,23.167757,26.87756,25.668045,29.954773,29.281359,33.765865,35.300106,39.049213,40.409233,36.96064,41.90072,37.71604,33.657143,32.014168,28.388334,30.231218,25.549734,27.86347,29.122604,24.848083,23.165861,19.630716,17.79903,13.429198,12.730798,8.095107
11,31.283846,29.318687,25.768652,23.030823,19.538115,17.110556,15.302389,11.71395,7.7330112,6.3872886,6.352678,0.0,4.3401055,6.4805083,8.353696,9.194357,13.512405,13.731151,18.551634,19.55055,23.778828,26.401098,28.347765,25.317442,27.869934,24.840069,23.854235,21.535717,16.523483,19.049839,11.745235,13.673588,12.310416,16.03379,15.049109,17.010353,21.14031,19.279675,20.98909,19.833763,18.035408,19.099884,15.965608,20.000647,16.202227,23.272308,20.387217,22.49472,23.589458,19.067259,22.133451,20.902925,25.561605,22.560055,23.241583,25.062037,26.935455,24.651274,30.31363,30.87588,26.405928,32.222385,30.801098,33.87709,32.161343,37.011272,35.542316,35.76822,30.89427,30.232605,26.107948,27.101006,23.515287,27.292759,23.239067,24.321106,26.020683,24.596647,23.516253,21.251999,17.112396,19.270002,17.618538,17.070889,21.062124,20.612337,24.662569,24.639671,29.11173,31.131233,34.835217,36.747402,33.026062,37.38234,33.082737,29.445103,27.066767,23.71072,24.854958,20.04358,22.327864,23.483545,19.364742,17.619385,14.040744,11.828916,7.5764165,6.494709,2.39869
12,32.03595,30.345192,26.078955,24.094357,21.026361,17.461569,17.34486,12.917012,10.184764,9.4653425,7.3168173,4.3401055,0.0,3.5754318,6.851339,9.852024,13.435612,15.179153,19.611643,21.329718,25.573391,28.03614,30.52087,28.00051,30.857456,27.58581,27.227531,24.957415,19.869694,22.486462,15.433445,16.666819,15.94422,18.647562,17.982677,19.061184,23.287205,22.248198,24.127087,22.981606,21.764877,22.85507,20.04576,24.007837,20.238798,27.129631,23.818897,26.344584,27.723646,23.351759,26.409155,25.228891,29.840925,26.658113,27.195606,28.817654,30.57204,27.935585,33.89396,34.23511,30.038023,35.66308,34.262173,37.521755,35.652267,40.298294,38.55174,38.583847,33.73432,32.984894,28.880812,29.57462,26.007977,29.244982,25.166113,25.592415,27.028471,24.998695,23.691027,21.28524,16.960981,20.328337,18.254803,18.46757,22.141134,22.7209,26.303791,26.744633,31.19075,33.247215,37.083035,38.927834,34.66576,38.831257,34.09952,30.441343,27.88824,24.324766,24.99077,20.180294,21.646982,22.49423,18.045486,16.856802,12.67358,12.3631525,7.4966226,8.847878,5.871228
13,31.560598,30.391947,26.017845,24.460997,21.470716,17.974833,17.830898,14.473455,11.1761265,11.685371,10.670101,6.4805083,3.5754318,0.0,4.8629203,8.158902,11.214727,13.779737,17.708216,20.09773,24.049816,26.756235,29.29824,27.063868,30.474983,27.40132,27.40775,24.776411,19.810919,21.992804,15.459251,15.824384,16.356514,18.054155,18.4652,19.028547,23.239079,22.552444,24.01061,22.56666,22.10388,22.712036,20.492048,24.24154,20.827642,27.667336,24.55544,27.679602,28.968376,24.835018,27.378796,26.661985,30.758202,27.617367,27.50227,29.113182,30.400105,27.17884,33.41499,33.36131,29.554392,34.864918,33.605743,37.108265,35.258675,39.566597,37.583385,37.257736,32.4861,31.492447,27.479368,27.837158,24.359735,27.125328,23.240656,23.28491,24.757923,22.481037,21.345634,19.201044,14.583748,18.242725,15.577144,16.150673,19.515997,20.90141,24.038548,24.950884,29.300024,31.508951,35.364555,37.342495,32.714836,36.52615,31.569807,28.094246,25.224754,21.6998,21.903172,17.127829,18.2414,19.024403,14.541264,13.469617,9.347796,9.737872,5.0352726,8.116639,6.8752246
14,26.854359,25.94687,21.553816,20.29058,17.492163,14.080859,14.24004,11.95883,8.994986,11.156289,11.835009,8.353696,6.851339,4.8629203,0.0,4.815773,6.9252667,9.982309,13.686504,16.08682,20.16386,22.448624,25.433565,23.722065,27.098017,23.762337,24.512615,22.230148,17.323454,20.176369,14.398636,15.969979,17.763527,19.8501,21.028093,22.12461,26.256037,24.944221,25.696808,23.747656,23.227135,22.552927,20.35474,23.288713,19.578926,25.589458,21.902887,25.821157,27.609858,24.274832,26.684088,26.930182,30.667936,28.530672,27.89508,30.122673,30.883846,27.183474,33.262054,32.528843,28.283867,33.40609,31.579971,35.11663,32.736683,36.888664,34.628872,34.54751,29.810963,29.502935,25.416735,26.258667,23.522213,26.266047,23.38446,23.71945,25.839159,23.800575,23.322294,21.78244,16.863997,19.632141,15.726365,15.471452,17.898357,18.496124,21.635588,22.061773,26.395418,28.211475,32.1918,33.751,28.991255,33.176086,28.205395,24.353676,22.153208,18.309687,19.538658,15.05321,16.867687,18.400665,14.2811575,12.420983,10.528495,9.148107,5.942255,9.101468,7.6770034
15,25.147442,24.38925,20.891998,19.059326,15.82983,14.118323,11.991791,12.172642,7.6276546,10.847537,13.648995,9.194357,9.852024,8.158902,4.815773,0.0,4.5122104,5.6276145,9.79131,11.960873,15.919676,18.691925,21.147223,19.128796,22.758514,19.830244,20.392893,17.734308,13.01823,15.545365,10.475353,12.36337,15.266635,17.412985,19.369942,20.930191,24.821611,22.907465,22.934553,20.607813,20.19274,18.585512,16.729128,19.132883,15.737063,21.525711,18.393812,22.645208,24.150127,21.217964,23.022211,23.94311,27.052927,25.469933,24.245018,26.804443,27.111631,23.146294,29.07085,28.030663,23.690998,28.70215,26.808275,30.3933,28.055115,32.12777,29.893381,29.781048,25.022701,24.787771,20.665333,21.742302,19.280712,22.298874,19.92902,20.83712,23.473457,22.053047,22.122639,21.073225,16.240122,17.5128,13.312711,11.985141,14.265974,13.864597,17.359146,17.445618,21.851414,23.70206,27.638079,29.337137,24.851772,29.139095,24.486034,20.66185,18.540453,14.860046,16.747797,12.307913,15.355677,17.44563,14.009092,11.251663,10.97845,6.7071238,5.768499,7.273344,7.334253
16,22.65603,22.678637,19.022984,18.1308,15.523142,13.864937,12.711708,14.093176,10.810556,14.588662,17.357014,13.512405,13.435612,11.214727,6.9252667,4.5122104,0.0,5.1176205,7.063305,10.331864,13.855927,16.269455,19.360476,18.380203,22.363045,19.413893,21.064953,18.646965,14.529362,17.042711,13.613016,15.291458,19.196177,20.706373,23.362242,24.651949,28.409557,26.657082,26.237257,23.631798,23.705614,21.288937,19.954676,21.564243,18.435923,23.141083,19.76287,24.758362,26.567308,24.392721,25.824717,27.447262,30.0325,29.013674,27.23599,29.977016,29.714771,25.196684,31.024256,29.249022,25.104717,29.511684,27.347359,31.061844,28.34412,31.880856,29.206877,28.973267,24.445538,24.596174,20.672136,21.751328,20.123535,22.41677,21.09605,21.681875,24.562868,23.022644,23.544458,23.010801,18.152971,19.327171,14.158943,12.833771,13.500592,13.4272175,16.070452,16.253984,20.364746,21.925755,25.95963,27.329653,22.271845,26.498837,21.522688,17.498257,15.779276,11.753308,14.2012205,10.454457,13.4743805,16.018095,13.173928,10.258828,12.025415,8.477342,9.14461,11.437451,11.796962
17,21.22164,20.843716,18.391739,16.378332,13.19159,13.517489,9.708146,13.218661,9.201457,13.255298,17.509298,13.731151,15.179153,13.779737,9.982309,5.6276145,5.1176205,0.0,5.005319,6.342045,10.41142,13.169271,15.546535,13.815103,17.577686,14.800712,16.030127,13.544841,9.519335,12.369894,9.858517,12.90756,16.966293,19.249947,21.884888,23.943323,27.438772,24.851475,23.962706,21.202255,20.774054,17.540047,16.12754,17.025827,13.913254,18.091465,15.030955,20.147722,21.822927,20.151411,21.25303,23.47265,25.668276,25.43127,23.471313,26.652845,26.220884,21.91231,27.241516,25.39893,20.65345,25.237007,22.713026,26.274683,23.446447,27.276598,24.819614,24.999151,20.307749,20.967762,16.862251,18.73166,17.465557,20.552986,19.675137,21.220451,24.507309,23.774488,24.577202,24.199293,19.643387,19.40415,14.786484,12.154097,12.949255,10.308022,14.01664,12.955062,17.303076,18.649338,22.641132,23.978882,19.719921,24.546873,20.32791,16.164745,15.116684,11.516043,15.199828,11.807267,16.0346,18.825647,16.515623,13.199002,15.078929,9.623627,10.874123,11.0703125,11.562064
18,19.799644,20.519722,18.582113,17.455563,15.028485,16.035938,12.777827,17.362593,14.062026,18.200026,22.39415,18.551634,19.611643,17.708216,13.686504,9.79131,7.063305,5.005319,0.0,4.6155744,6.8897676,9.895626,12.518859,12.131862,16.64411,14.51124,16.819876,14.395393,11.893473,13.697714,13.623063,15.659824,20.718977,22.071419,25.548122,27.281275,30.500885,28.089554,26.594402,23.55869,23.841713,19.776323,19.288866,19.227451,17.008282,19.754545,17.209599,22.815876,24.425228,23.609322,23.94286,26.897974,28.20049,28.53189,25.816826,29.070015,27.870731,22.972704,28.014685,25.27604,21.097208,24.66815,22.019953,25.728565,22.68081,25.628546,22.662271,22.494032,18.18639,19.187672,15.5181055,17.306204,17.233166,19.370287,19.924946,21.248344,24.813766,24.230322,25.618017,25.88863,21.546713,20.77623,15.558208,12.821283,11.593944,8.933158,11.278572,10.186008,14.018794,15.075229,19.143013,20.281431,15.364691,20.085627,15.668797,11.304853,10.896572,7.226031,12.173123,10.252421,14.661605,17.854124,16.651014,13.304253,16.985466,12.000976,14.536503,15.242514,16.388563
19,17.482264,17.720688,16.942118,14.965273,12.40961,15.097544,10.427263,16.508158,13.707449,17.744045,22.671213,19.55055,21.329718,20.09773,16.08682,11.960873,10.331864,6.342045,4.6155744,0.0,4.7579956,7.002465,9.395362,8.625991,12.353118,9.899053,12.520957,10.853926,9.029275,11.762437,12.855326,16.409403,20.909195,23.198473,26.206127,28.606678,31.682016,28.586632,26.9253,23.923124,23.466703,18.863457,18.02858,17.078897,14.682625,16.007637,13.249559,19.066616,20.931906,20.968462,21.226355,24.779837,25.864067,27.171762,24.579662,28.274544,27.080402,22.673044,26.95379,24.1912,19.164001,22.856436,19.461811,22.801289,19.232523,22.564436,19.76987,20.503635,16.123657,18.309711,14.597267,17.493122,17.959955,20.804972,21.686216,23.730906,27.449419,27.357496,28.759129,28.938917,24.727146,23.38641,18.769022,15.452285,14.6064415,9.695138,12.828026,9.918624,13.601448,13.819967,17.783154,18.341986,14.5681095,20.246672,16.912281,12.408203,13.454773,10.613714,16.063051,14.411038,19.058857,22.23167,20.980341,17.566431,20.69946,15.084631,17.10814,16.796354,17.348185
20,18.509491,19.61976,19.768785,18.263489,16.258053,19.436983,14.865203,21.231062,18.328856,22.273857,27.274979,23.778828,25.573391,24.049816,20.16386,15.919676,13.855927,10.41142,6.8897676,4.7579956,0.0,4.892694,5.6908774,6.459229,11.157377,10.451454,13.3723955,11.566846,11.716958,12.646709,15.895136,18.393406,23.542719,25.04492,28.707151,30.911606,33.605835,30.561468,28.289394,25.116573,25.257847,19.989614,20.127836,18.297024,17.121138,17.142775,15.739613,21.389414,22.762114,23.50608,22.819374,26.955027,27.001549,28.832073,25.52592,29.210587,27.276287,22.53713,26.246666,22.691261,18.377079,20.86598,17.44657,20.838373,17.272371,19.56847,16.33969,16.702326,12.782448,15.467478,12.442196,15.405322,17.165369,19.251755,21.487438,23.5747,27.47374,27.792887,29.6853,30.409597,26.589804,24.474802,19.896893,16.432209,14.305762,9.017959,10.674841,7.05039,9.67618,9.307932,13.283711,13.775758,9.83763,15.655374,12.902808,8.652776,10.869742,9.318041,15.111546,14.878082,19.501862,22.759783,22.464373,19.130087,23.193743,17.678917,20.581703,20.239573,21.489183
21,14.180923,15.75582,16.804564,15.791135,14.752074,18.580208,14.882654,21.642092,20.031717,24.01716,29.000422,26.401098,28.03614,26.756235,22.448624,18.691925,16.269455,13.169271,9.895626,7.002465,4.892694,0.0,5.1849093,8.359389,10.753206,9.264825,13.755162,13.697592,14.157346,16.26857,19.248722,22.692507,27.372272,29.462746,32.726242,35.17388,38.00182,34.75767,32.636753,29.53529,29.2068,23.93342,23.571928,21.43704,19.749516,18.438019,16.065872,21.867422,23.961445,25.480846,25.153688,29.554543,29.744513,32.20872,29.219044,33.129826,31.320734,26.91066,30.146135,26.53203,21.82305,24.073444,20.008142,22.805288,18.504534,20.565203,17.257326,18.621687,15.3795595,19.206244,16.58307,19.885109,21.942263,23.99869,26.375532,28.4399,32.326885,32.52432,34.351967,34.96273,30.941092,29.186659,24.442705,21.103226,18.983444,13.894899,15.324589,11.600082,13.22734,11.518097,14.950777,13.811305,10.61397,17.070549,14.998365,10.565361,14.402918,12.792442,18.885963,18.911774,23.252234,26.569118,26.14703,22.878208,26.870459,21.592798,23.92164,23.781754,24.255508
22,18.36667,19.599491,21.424038,19.713724,18.24158,22.632856,17.673935,24.712473,22.347422,26.030552,31.390905,28.347765,30.52087,29.29824,25.433565,21.147223,19.360476,15.546535,12.518859,9.395362,5.6908774,5.1849093,0.0,5.0139494,7.7339187,8.895139,12.170669,11.73382,13.962521,14.496045,19.332731,22.24387,27.023739,28.800585,32.305885,34.86239,37.220734,33.73989,31.093582,27.980154,27.822031,22.04285,22.40132,19.391493,18.900604,16.464382,15.966815,21.161217,22.41815,24.503468,23.196648,28.075422,27.246086,30.299067,26.829983,30.761238,28.453608,24.215736,26.593138,22.623264,18.25305,19.656748,15.474125,18.12138,13.93052,15.471168,12.086812,13.587928,10.606657,15.167,13.183877,16.885181,19.750698,21.786304,24.874866,27.39453,31.360277,32.194458,34.282814,35.1751,31.636059,28.913992,24.820374,21.13132,18.878567,12.912409,14.01247,9.507671,10.013664,7.6131053,10.589625,9.632065,8.244246,14.661703,14.07783,10.838361,14.513978,14.155874,19.758165,20.15985,24.732555,27.959692,27.977528,24.667841,28.735868,23.016014,25.85354,24.997662,26.066828
23,21.068974,21.286282,22.745483,20.054274,17.698397,22.11319,15.974752,22.816792,19.721205,23.003977,28.567114,25.317442,28.00051,27.063868,23.722065,19.128796,18.380203,13.815103,12.131862,8.625991,6.459229,8.359389,5.0139494,0.0,5.75314,7.4920106,8.620362,6.96449,9.864033,9.713163,15.222986,18.256607,22.652588,24.70668,27.946774,30.754677,32.965088,29.21488,26.555246,23.537659,23.072428,17.244514,17.600796,14.392606,14.246743,12.089418,12.628066,17.425188,18.098948,19.897123,18.326317,23.18367,22.292114,25.300854,21.892628,25.896414,23.77794,19.85777,22.24122,18.754683,13.684877,16.06328,11.845223,14.805143,10.931329,13.95684,11.323608,12.821744,8.634668,12.669374,9.931306,14.16941,16.395561,19.369291,21.755642,24.750887,28.660675,29.752209,31.645994,32.327538,28.967352,25.89471,22.468697,18.514349,17.233051,10.382081,12.818186,7.979011,9.726474,8.814616,11.777937,12.367064,11.578364,17.229012,16.40437,13.409313,15.371229,14.787876,19.826021,19.31822,24.189995,27.25664,26.890818,23.495705,26.849474,20.68192,23.379124,21.7708,23.009373
24,20.221016,19.743023,22.530022,19.292078,17.364643,22.792809,16.524235,23.609293,21.534615,24.367138,30.107613,27.869934,30.857456,30.474983,27.098017,22.758514,22.363045,17.577686,16.64411,12.353118,11.157377,10.753206,7.7339187,5.75314,0.0,4.98317,5.814208,7.718768,11.618726,12.655956,17.868547,22.064173,25.370285,28.362707,30.793152,34.13312,36.265697,32.009834,29.511654,26.781778,25.401945,19.748882,19.417149,15.549318,15.133348,10.108277,10.725334,14.740093,15.831065,19.145159,17.693499,22.997314,21.960945,26.194092,23.413204,27.683456,25.89279,23.03451,24.269854,21.226608,15.483831,17.724836,12.680459,14.146271,9.231987,12.923752,11.191143,14.637735,11.532211,16.537104,14.408058,18.925533,21.11142,24.461485,26.639095,29.920944,33.757942,34.98016,36.707153,37.151367,33.75821,30.745104,27.637512,23.639296,22.834408,15.866635,18.53017,13.677718,14.7970295,13.011,14.909506,14.145688,15.314073,21.154083,21.234632,18.242186,20.924929,20.19779,25.480848,24.791723,29.693007,32.77748,32.102947,28.66244,31.549616,25.260592,27.281286,25.284868,25.73397
25,16.513939,15.462462,17.861609,14.371415,12.405846,17.96694,11.9920635,19.178288,17.87262,20.83924,26.443174,24.840069,27.58581,27.40132,23.762337,19.830244,19.413893,14.800712,14.51124,9.899053,10.451454,9.264825,8.895139,7.4920106,4.98317,0.0,5.349448,8.144804,9.840454,13.100295,16.314058,21.48385,24.448984,28.057766,30.04877,33.456146,36.064354,31.897417,29.991472,27.308117,25.53601,20.438341,19.125435,16.23425,14.183605,10.513677,7.9774036,13.196236,15.576533,18.248764,18.128891,22.860907,23.15339,26.740572,24.622034,28.915487,27.774296,24.822878,27.00167,24.426811,18.235554,21.553724,16.768536,18.549063,13.860274,17.891073,16.01411,19.052044,15.433368,19.811626,16.890985,21.200792,22.568058,26.17432,27.559578,30.570786,34.35349,35.048008,36.461304,36.537563,32.691044,30.516802,26.974731,23.170574,22.77879,16.16602,19.449854,14.88859,17.073034,15.6411085,18.346945,17.468788,17.129097,23.47229,22.448742,18.585712,21.198175,19.513866,25.101492,23.81825,28.650707,31.778702,30.538313,27.086197,29.576826,23.477045,24.816988,23.156908,22.842823
26,21.53607,19.868837,21.955954,17.776669,15.068946,20.308352,13.313518,19.750084,17.643976,19.813307,25.591223,23.854235,27.227531,27.40775,24.512615,20.392893,21.064953,16.030127,16.819876,12.520957,13.3723955,13.755162,12.170669,8.620362,5.814208,5.349448,0.0,4.9322867,7.9759674,10.382442,14.120167,19.33474,21.43277,25.389843,26.897955,30.640242,32.902046,28.362953,26.408941,23.993082,21.699379,16.734707,15.307194,11.868828,10.379367,5.192093,5.28996,9.135943,10.5568,13.638057,12.999238,17.990992,17.96232,22.001265,20.128746,24.48856,23.600086,21.477133,23.070648,21.21316,14.5533495,18.524643,13.937519,15.346747,11.304499,16.471308,15.605569,18.650026,14.844567,18.575268,15.651936,20.025269,20.866087,25.10446,25.933598,29.383501,32.993816,34.07222,35.324574,35.25363,31.795916,29.137667,26.535658,22.61831,23.063627,16.198809,20.038082,15.6293545,17.968134,17.2222,19.546303,19.56269,19.928846,25.718334,24.96025,21.582611,23.22025,21.780176,26.701023,24.943909,29.874939,32.77742,31.379736,27.956976,29.766306,23.402231,24.590506,22.02097,21.90256
27,23.922867,22.74992,23.840343,19.9682,16.749016,21.05455,13.819488,19.832655,16.337576,18.659773,24.398087,21.535717,24.957415,24.776411,22.230148,17.734308,18.646965,13.544841,14.395393,10.853926,11.566846,13.697592,11.73382,6.96449,7.718768,8.144804,4.9322867,0.0,5.154662,5.529067,10.612194,14.892896,17.699749,20.988665,23.107523,26.570189,28.732521,24.402714,22.16283,19.536396,17.835135,12.443705,11.736363,8.323158,7.727455,5.8949428,7.747876,11.4691925,11.566417,12.947486,11.578039,16.362064,16.074308,19.17418,16.58585,20.844381,19.65991,16.915083,19.250143,17.310434,10.759465,15.346939,11.463354,13.968808,10.925864,15.99197,14.900297,16.713417,12.257726,14.778772,11.398306,15.534512,15.985189,20.365349,21.008253,24.503265,28.09956,29.291695,30.618473,30.692139,27.44972,24.429398,22.064081,18.087835,18.70615,11.891008,15.963771,11.978355,14.783868,15.018,17.604204,18.76708,18.373318,23.579659,22.40196,19.359081,19.959887,18.723778,23.004704,21.11612,26.036695,28.794493,27.571833,24.202293,26.060717,19.60309,21.339325,18.599386,19.391176
28,23.132357,21.649286,21.492134,17.600018,13.883077,17.140009,9.961929,15.208894,11.244358,13.727195,19.417397,16.523483,19.869694,19.810919,17.323454,13.01823,14.529362,9.519335,11.893473,9.029275,11.716958,14.157346,13.962521,9.864033,11.618726,9.840454,7.9759674,5.154662,0.0,5.815385,6.5061297,12.113048,14.645238,18.520098,20.257671,23.67103,26.409775,22.350368,20.869629,18.303846,16.367008,12.023941,10.046261,8.983742,5.7407174,8.661409,7.310967,11.682528,12.625764,12.0208235,12.394333,15.810004,17.28752,18.820578,16.988981,20.967636,20.598341,17.631521,21.350382,20.042273,13.806563,19.123205,15.9752655,18.788837,16.061357,21.006536,19.616188,20.909,16.151188,17.687962,13.672853,17.025269,16.195286,20.740402,20.170225,23.24673,26.666876,27.23751,28.146412,27.776834,24.093979,22.012163,19.335333,15.667614,17.135729,11.273774,16.024792,12.952629,16.799202,17.624134,20.860594,22.16587,20.39018,25.678217,23.339407,19.74504,19.614239,17.45415,21.47106,18.67792,23.434181,26.088581,24.191662,20.864996,22.025059,15.688148,16.716877,14.07869,14.388063
29,27.590277,26.66235,26.719011,23.125114,19.531729,22.599592,15.646261,20.449226,15.643913,17.749947,23.084734,19.049839,22.486462,21.992804,20.176369,15.545365,17.042711,12.369894,13.697714,11.762437,12.646709,16.26857,14.496045,9.713163,12.655956,13.100295,10.382442,5.529067,5.815385,0.0,7.399207,9.762798,13.316441,15.735698,18.49444,21.598331,23.656307,19.61816,17.171717,14.334374,13.380351,7.7692685,8.123495,5.911546,6.693636,9.587817,11.780348,14.77059,13.877609,13.124983,11.414766,15.072551,14.860972,16.224886,13.018387,16.91163,15.647344,12.169381,15.875939,14.34122,8.549429,13.949182,11.792605,15.120059,13.703623,18.201775,17.122984,17.413397,12.682056,12.827561,8.931736,12.008246,11.136311,15.945634,15.73579,19.30578,22.772436,24.059113,25.327799,25.441887,22.513487,19.106573,17.32129,13.396445,14.76055,8.740176,13.15013,10.554235,13.931404,15.56869,18.275717,20.644804,19.333788,23.555695,21.74114,19.19808,18.197695,17.114902,20.147585,17.823088,22.540573,24.968649,23.792295,20.603954,22.132944,15.740601,17.947239,14.893117,16.820002
30,28.101988,26.551138,25.184801,21.534386,17.552414,18.879927,12.774271,15.143828,9.587016,11.009196,15.942109,11.745235,15.433445,15.459251,14.398636,10.475353,13.613016,9.858517,13.623063,12.855326,15.895136,19.248722,19.332731,15.222986,17.868547,16.314058,14.120167,10.612194,6.5061297,7.399207,0.0,6.7303224,8.469584,12.636516,14.047716,17.34533,20.35845,16.609812,15.809163,13.484913,11.567689,9.099096,6.476404,8.922227,5.9164453,13.05672,12.496718,15.1257305,15.094361,11.840723,12.779225,14.002356,16.589357,15.6618395,14.386583,17.571365,18.063402,15.240099,20.223377,20.058743,14.888764,20.738329,19.07392,22.150686,20.658106,25.473827,24.306707,24.62806,19.80403,19.436209,15.3442545,17.245207,14.525292,19.277994,16.815287,19.60337,22.488026,22.7742,23.117302,22.260387,18.724476,17.042158,15.32138,12.292598,15.517951,11.853922,16.64632,15.346915,19.542755,21.448738,24.708347,26.882507,24.411684,28.829119,25.789282,22.592989,20.819681,18.512186,20.880495,17.089054,21.25407,23.318373,20.876003,17.929256,17.636522,11.636525,12.071841,8.416127,9.619703
31,33.184677,32.24074,30.523106,27.41928,23.553421,24.219217,18.841408,20.586184,14.630527,15.752651,19.340576,13.673588,16.666819,15.824384,15.969979,12.36337,15.291458,12.90756,15.659824,16.409403,18.393406,22.692507,22.24387,18.256607,22.064173,21.48385,19.33474,14.892896,12.113048,9.762798,6.7303224,0.0,6.379911,6.8355217,10.55184,12.625664,15.322099,12.481535,11.1225195,8.401859,9.023689,7.699579,8.077612,11.23034,11.138647,17.929985,18.782885,21.09899,20.073666,16.435629,16.1062,16.487474,18.026312,15.330304,13.068898,15.0092535,15.078448,11.397058,17.625362,17.770407,14.770682,19.915285,19.871584,23.343079,23.036842,27.040997,25.89063,24.924168,20.402063,18.064905,14.474576,14.519112,10.312396,14.654683,10.775555,13.388064,15.955204,16.471104,16.846619,16.264633,13.458332,10.650523,10.340814,7.8643703,12.191427,11.125773,14.840133,15.416793,19.220716,22.113115,25.060102,28.201145,25.351042,28.410591,25.177757,22.989176,19.715052,18.159473,18.554892,14.7611885,18.208542,19.630657,17.696016,15.2649765,14.761351,9.467894,11.359976,7.8596835,11.7617035
32,36.41551,34.70973,32.915863,29.28714,25.269114,25.594524,20.380405,20.547771,15.009288,14.322985,17.073914,12.310416,15.94422,16.356514,17.763527,15.266635,19.196177,16.966293,20.718977,20.909195,23.542719,27.372272,27.023739,22.652588,25.370285,24.448984,21.43277,17.699749,14.645238,13.316441,8.469584,6.379911,0.0,6.309291,5.621645,9.435148,12.263974,8.466465,9.08216,8.102398,5.8283143,8.723954,7.0441647,11.948292,11.357724,18.836704,19.717197,20.398811,18.975403,14.021245,14.691621,12.914448,15.959233,11.638749,11.669968,12.878363,14.92278,13.672395,18.93123,20.678843,17.414074,23.072498,23.16123,25.95951,25.978703,30.582506,30.029589,29.607992,25.142366,23.059484,19.646467,20.001514,15.685441,20.162266,15.531551,17.97366,19.582512,20.02036,19.457844,17.914274,15.727032,13.997784,15.308781,13.808238,18.452377,17.189453,21.14633,21.256752,25.04513,27.678871,30.4989,33.446247,31.095259,34.48098,31.430141,29.02345,26.010868,24.19509,24.671747,20.547712,23.557653,24.589706,21.991768,19.98972,17.733194,13.610665,13.292137,8.863049,11.227813
33,39.87864,38.78951,36.795486,33.65847,29.732716,29.820631,24.897362,25.384386,19.54842,19.503897,21.685596,16.03379,18.647562,18.054155,19.8501,17.412985,20.706373,19.249947,22.071419,23.198473,25.04492,29.462746,28.800585,24.70668,28.362707,28.057766,25.389843,20.988665,18.520098,15.735698,12.636516,6.8355217,6.309291,0.0,5.843698,6.3941746,8.5702505,6.824786,6.427618,5.2676153,7.6251283,10.419234,11.428884,15.360917,16.163359,23.108765,24.609571,25.84059,24.089226,19.62803,19.186462,17.816605,19.356178,14.51335,13.117271,12.943932,14.033335,11.887978,17.886282,19.552597,18.334137,22.95293,24.182398,27.317331,28.027533,31.812836,31.117874,29.678396,25.57616,22.165205,19.353918,18.243418,13.260207,16.657284,10.9908085,12.807306,13.727378,14.427344,13.85516,12.690366,11.735087,8.752081,12.051295,11.61683,16.301664,17.085537,19.861088,21.30308,24.609158,27.844799,30.390186,33.971207,31.282837,33.537113,30.39411,28.826454,24.850275,23.703709,22.68376,18.943312,21.12377,21.534985,19.65075,18.250654,16.185078,13.223223,14.266906,10.992698,14.9332485
34,41.824696,40.111435,38.02133,34.509094,30.515465,30.302237,25.628736,24.902245,19.598307,18.280941,19.612078,15.049109,17.982677,18.4652,21.028093,19.369942,23.362242,21.884888,25.548122,26.206127,28.707151,32.726242,32.305885,27.946774,30.793152,30.04877,26.897955,23.107523,20.257671,18.49444,14.047716,10.55184,5.621645,5.843698,0.0,4.593577,7.1616354,4.316204,7.4384522,8.382532,7.4054995,12.5961685,11.921519,16.632631,16.719889,23.96107,25.168245,25.300781,23.481676,18.22875,18.752714,15.771375,18.634563,12.733559,13.613449,12.942131,15.78611,15.595188,20.538063,23.178299,21.23028,26.382402,27.324081,29.972689,30.639965,34.99882,34.656425,33.82261,29.606983,26.759567,23.7883,23.326262,18.53877,22.328209,16.78702,18.537302,19.007654,19.38114,18.093864,16.059578,15.216668,13.912911,17.043484,16.700811,21.578957,21.628897,25.002613,25.821049,29.367895,32.307915,34.931656,38.21512,35.80232,38.615845,35.49946,33.494793,29.901657,28.316803,27.793428,23.668892,25.826027,26.17423,23.608828,22.326836,19.09179,16.614347,15.965508,12.220878,14.6639595
35,44.612854,43.20106,40.734226,37.591568,33.668045,32.969185,28.803194,27.80432,22.436775,21.344572,21.96844,17.010353,19.061184,19.028547,22.12461,20.930191,24.651949,23.943323,27.281275,28.606678,30.911606,35.17388,34.86239,30.754677,34.13312,33.456146,30.640242,26.570189,23.67103,21.598331,17.34533,12.625664,9.435148,6.3941746,4.593577,0.0,4.2346315,5.725006,8.786609,9.970416,11.036958,15.8140135,15.916145,20.422913,20.724365,27.997559,29.1326,29.675102,27.91431,22.75823,23.068316,20.257017,22.67303,16.613018,16.938173,15.560248,17.925426,17.297153,22.52127,25.050049,24.089039,28.724667,30.145836,33.01497,33.88627,37.865093,37.346966,35.992268,31.917648,28.460043,25.73571,24.50958,19.471804,22.378038,16.324968,17.118437,16.695656,16.705454,14.879902,12.557496,12.79816,12.048676,16.230223,16.937769,21.77147,23.23166,25.951136,27.565779,30.951677,34.19484,36.781277,40.33962,37.521633,39.747032,36.37091,34.73066,30.563326,29.166203,27.6741,23.657427,24.982065,24.752241,22.377855,21.733198,18.0783,17.007109,16.589504,13.796,16.796759
36,48.046566,46.66435,44.4768,41.20192,37.23336,36.87441,32.343723,31.69196,26.27472,25.154768,25.9316,21.14031,23.287205,23.239079,26.256037,24.821611,28.409557,27.438772,30.500885,31.682016,33.605835,38.00182,37.220734,32.965088,36.265697,36.064354,32.902046,28.732521,26.409775,23.656307,20.35845,15.322099,12.263974,8.5702505,7.1616354,4.2346315,0.0,5.258492,8.021826,10.235071,11.898221,17.019665,17.844646,21.9237,23.062334,29.874271,31.761705,31.883444,29.597443,24.61422,24.311327,21.296915,22.924618,16.564447,16.861828,14.460035,16.88692,17.178736,21.605753,24.72137,24.720278,28.819904,30.88545,33.50219,34.985786,38.693733,38.489765,36.898365,33.160007,29.262527,27.033113,25.455143,20.482674,23.052238,17.085155,17.916178,16.936798,17.630335,15.911939,14.054376,15.5317335,13.825763,18.831335,19.51743,24.0642,25.5241,27.907028,29.626137,32.6275,35.964603,38.196304,41.990673,39.56512,41.363476,38.375572,37.152058,32.8748,31.912056,30.150637,26.507486,27.73767,27.341734,25.463104,24.941189,21.655062,20.585815,20.634329,17.765142,20.870096
