,0,1,2,3,4,5,6,7,8,9,10,11,12,13,14,15,16,17,18,19,20,21,22,23,24,25,26,27,28,29,30,31,32,33,34,35,36,37,38,39,40,41,42,43,44,45,46,47,48,49,50,51,52,53,54,55,56,57,58,59,60,61,62,63,64,65,66,67,68,69,70,71,72,73,74,75,76,77,78,79,80,81,82,83,84,85,86,87,88,89,90,91,92,93,94,95,96,97,98,99,100,101,102,103,104,105,106,107,108,109,110,111,112,113
0,0.0,4.511316,6.777834,9.896884,13.079932,15.31168,18.177902,22.698463,24.639038,28.376192,31.650928,34.850716,34.277397,31.58718,32.662422,27.24047,26.782581,22.823208,23.634254,19.605286,18.297625,19.368986,17.058905,21.309933,23.451286,24.639244,24.70423,22.469547,27.11841,23.790295,31.286545,28.411316,35.581318,33.120327,36.843246,39.5908,41.813297,40.082672,34.337635,30.088274,33.58496,27.951872,30.83523,27.3529,30.474382,28.241987,31.25514,29.466036,34.313747,34.185314,36.534523,33.875603,36.953846,37.572834,35.522198,32.57795,34.573368,35.24163,39.860104,42.084816,40.460926,39.178528,41.805817,38.7351,41.28842,34.74606,38.745026,36.270115,33.12181,31.52119,32.31491,28.922483,31.639713,27.741209,31.541695,28.54596,30.805231,30.254442,28.318953,29.424381,30.81341,29.773327,24.488987,25.026957,21.46999,21.99613,18.283411,20.021791,18.218344,18.794586,20.086142,21.20984,24.589281,27.509882,22.655222,20.681393,17.233234,13.857383,13.421435,9.999741,9.232427,11.210268,10.98134,11.659622,15.413863,17.660797,20.758682,21.303991,18.546638,22.305775,19.53828,19.426922,20.865503,21.871168
1,4.511316,0.0,5.5341606,6.6511745,9.59232,13.317908,14.674834,19.895561,21.440922,25.089952,28.555044,31.390474,30.446413,27.599184,28.466343,23.138117,22.4477,18.66593,19.228764,15.550058,14.273367,15.89217,14.402263,18.691587,20.375114,21.49391,20.867462,18.89111,23.071941,19.928963,27.359325,24.583687,31.85058,29.679163,33.492638,36.275665,38.736504,37.126682,31.364334,27.000687,30.28012,24.662592,27.253748,23.961004,26.671545,24.919006,27.594414,25.703718,30.490599,30.110058,32.32623,29.50784,32.51768,33.070274,31.061983,28.145403,30.23488,31.006077,35.56292,37.914536,36.487663,35.24144,38.08508,35.17545,37.99317,31.581615,35.8857,33.712708,30.450981,29.273703,29.695747,26.83282,29.597717,25.631462,29.960276,26.701494,29.696049,28.91146,27.574963,28.625414,29.328838,28.383083,23.307491,23.081993,19.619732,19.605925,16.61585,17.212883,16.301983,16.396364,18.359072,19.378885,23.17721,25.749344,21.615084,20.160637,16.807652,13.887642,12.827847,10.544869,7.2304487,9.478543,7.417591,10.024123,12.161388,15.156869,18.393827,18.362804,15.321721,18.428034,15.608973,15.069674,16.56777,17.442793
2,6.777834,5.5341606,0.0,5.2987094,7.396432,9.072163,12.437608,16.401499,19.123257,22.489527,26.185303,29.40542,29.358126,26.62101,28.5601,23.357155,23.484234,19.98891,21.495398,18.487116,18.111746,20.329227,19.263645,23.701635,25.166851,26.04177,24.70452,22.608307,25.679056,22.152582,28.724781,25.025684,32.415188,29.272604,33.47552,35.506565,38.386925,37.435913,31.445417,27.319965,31.24593,26.200428,29.174644,26.642693,29.338762,28.545996,31.350075,29.613459,34.219032,33.178917,35.148006,31.793476,34.217705,34.415817,32.17226,29.673027,31.725279,33.168686,37.861126,40.04997,39.387638,37.355316,40.84698,38.287777,41.166286,35.03745,39.51337,37.630096,33.982468,32.767677,32.639233,29.590008,31.76056,27.314701,31.343056,27.319447,29.961287,28.458677,26.675337,26.964895,27.601727,25.77223,21.366194,21.923536,19.03625,19.949005,17.135456,18.97272,19.445618,20.229872,22.681368,24.214392,27.96996,30.862516,26.946981,25.502575,22.156694,19.052305,17.519823,15.259705,12.388904,13.111469,10.202863,11.238758,12.536651,13.812571,16.539892,16.344643,13.949915,17.130968,16.095812,15.672926,18.313889,19.715374
3,9.896884,6.6511745,5.2987094,0.0,3.7997766,7.3757644,8.367021,13.382608,14.887557,18.571524,22.00993,25.018692,24.556019,21.887156,23.545485,18.215622,18.523973,14.861081,17.140263,14.000451,14.851526,17.089592,16.502562,21.00751,22.274897,22.637842,20.883974,18.433083,20.870277,17.133825,23.471987,19.743734,27.128498,24.158136,28.31396,30.532478,33.382538,32.384586,26.415092,22.21816,26.034086,21.067255,24.011393,21.775385,24.422226,24.160666,27.144352,25.817383,30.229265,28.737667,30.765097,27.356361,29.620514,30.165445,27.509579,24.986115,26.797937,28.30645,33.20272,35.089012,34.65015,32.236294,35.8985,33.49745,36.3961,30.482393,35.09089,33.510098,29.64941,28.66837,28.107239,25.390356,27.417255,22.913609,27.274998,23.06407,26.336031,24.717363,23.621813,24.048044,24.049751,22.685654,18.264547,17.861845,15.004757,15.361886,13.3195,14.27279,15.883864,16.62055,19.711613,21.5232,25.369858,28.316263,25.3093,24.390373,21.327717,18.606342,16.125662,15.196841,11.135691,10.653239,6.3724675,8.18129,7.4468923,9.400983,12.385964,11.911819,9.076751,12.518246,10.822265,10.919623,13.44904,15.482439
4,13.079932,9.59232,7.396432,3.7997766,0.0,6.2419634,5.324511,10.634926,12.641324,15.816007,19.837181,22.546432,22.191832,19.306807,21.42817,16.46396,16.89201,13.972321,16.12252,14.299078,15.26481,18.207441,18.568882,22.730167,23.420311,23.776587,21.145954,19.27126,20.537344,17.141493,22.645327,18.621195,26.059635,22.95361,27.406754,29.170263,32.54937,32.071712,26.08437,22.008081,25.785378,21.304106,23.936075,22.344337,24.334446,24.96932,27.397856,25.920452,30.074965,28.166056,29.816183,26.013556,27.868544,27.98324,25.439404,23.258554,25.23968,27.2159,31.923645,33.983013,34.093693,31.53958,35.65406,33.604187,36.7755,31.212765,36.06268,34.857525,30.92471,30.343513,29.331236,27.124258,28.934637,24.371826,28.90033,24.309752,27.91932,25.837807,25.061821,25.03605,24.370274,22.591661,19.029766,18.330341,16.132057,16.391184,15.35826,15.655721,18.381617,18.834488,22.259706,23.909088,27.882202,30.452717,27.912243,27.240295,24.27254,21.814972,19.387026,18.688126,14.1480055,13.877621,8.898362,11.320146,8.449184,9.829132,12.228267,10.618151,8.095967,9.816799,10.031212,9.171422,12.670927,14.516743
5,15.31168,13.317908,9.072163,7.3757644,6.2419634,0.0,6.8981457,7.938788,11.398014,14.481204,17.96615,21.61927,22.708735,20.510729,23.78378,19.046862,20.745508,17.857138,21.40141,19.285385,21.147173,23.672369,23.396708,27.889593,28.966219,28.988285,26.626055,24.069582,24.961573,20.984367,25.470648,20.607883,27.602457,23.215576,27.747301,28.706062,32.07831,32.121304,26.072338,22.536325,27.111246,23.389912,26.708471,25.71152,28.240831,29.23089,32.35498,31.397762,35.399128,33.074085,34.76191,30.837074,32.158188,32.35957,29.30297,27.50183,29.018785,31.372923,36.338737,37.776985,38.416588,34.874,39.298843,37.458492,40.290916,34.979603,39.632126,38.490685,34.23884,33.238464,31.945927,29.131805,30.208517,25.31419,29.005901,23.90069,26.56854,23.886332,22.370289,21.53613,21.155252,18.419868,15.56567,16.262917,14.837,16.548977,15.323299,17.75686,20.937775,22.399742,25.787851,28.09541,31.74859,35.03688,32.34623,31.456266,28.434103,25.552782,22.729225,21.807936,18.333794,16.880165,13.050875,12.63537,10.762403,8.927656,10.107736,9.280802,8.551594,11.731799,13.284887,13.913639,17.383045,19.987535
6,18.177902,14.674834,12.437608,8.367021,5.324511,6.8981457,0.0,6.3827457,7.579927,10.545778,14.706149,17.255432,17.165413,14.423929,17.297703,12.732083,14.194098,12.057282,15.480082,14.691286,17.087227,20.059387,21.050991,24.940126,25.257019,25.068663,21.756401,19.82176,19.342695,15.959098,19.732594,15.067087,22.24696,18.647512,23.337282,24.531307,28.333715,28.467533,22.537428,18.811165,22.70049,19.183477,21.729326,21.276815,22.849169,24.78577,27.168657,26.20568,29.806974,27.062286,28.445866,24.314651,25.382412,25.511381,22.445633,20.773638,22.39603,24.982803,29.761433,31.376444,32.353535,28.947147,33.652485,32.13211,35.328693,30.421843,35.3701,34.721497,30.531424,30.26494,28.495222,26.754532,27.94649,23.31712,27.770767,22.700705,26.619091,23.955559,23.770117,23.261124,21.639456,19.710453,17.283867,15.951458,14.806583,14.978423,15.457884,15.294616,19.683475,20.2845,24.149866,26.072569,29.90713,32.491245,30.845085,30.572945,27.892677,25.705305,22.73372,22.795973,18.10173,16.876425,11.922504,13.658828,8.676601,8.544803,9.712714,6.75783,5.2982063,5.107357,8.135612,7.8591614,11.760057,14.292438
7,22.698463,19.895561,16.401499,13.382608,10.634926,7.938788,6.3827457,0.0,5.5834126,6.9535685,11.133111,14.396362,16.269485,14.396419,18.854662,15.402958,18.09721,16.74271,20.89585,20.498835,23.372353,26.2415,27.085361,31.058237,31.422623,30.995182,27.585047,25.456287,24.12894,20.675852,22.66733,17.328674,23.498749,18.620333,23.421093,23.239748,27.459146,28.61886,22.87089,20.042788,24.42484,22.237383,25.03438,25.558195,27.127525,29.811943,32.399452,31.817686,35.046314,31.765944,32.895668,28.567799,28.778084,28.692026,25.328146,24.402132,25.570126,28.72756,33.430435,34.497437,36.34716,32.002094,37.18446,36.14611,39.1384,34.81293,39.6299,39.291447,34.86929,34.501717,32.253822,30.37999,30.770113,25.996656,29.689415,24.101673,27.337729,23.875296,23.442877,21.864588,19.769281,16.676746,16.20789,15.754863,16.065737,17.29238,18.257034,19.349886,24.34248,25.537025,29.438358,31.748957,35.376358,38.309975,36.766216,36.436695,33.7393,31.337017,28.126106,28.080544,23.869537,22.050236,17.637934,17.87551,13.424016,10.807662,9.964538,7.035537,8.582079,8.117366,13.027016,13.54162,17.218834,19.975857
8,24.639038,21.440922,19.123257,14.887557,12.641324,11.398014,7.579927,5.5834126,0.0,4.4199467,7.202878,10.407353,11.605201,10.20869,14.39041,10.983931,14.51306,13.338842,18.557074,18.150042,22.147955,24.511604,25.543243,29.21769,29.491533,28.519426,25.108858,22.641947,20.443506,16.969883,17.752687,12.240195,18.035929,13.043325,17.849691,17.94103,22.07652,23.150843,17.462374,14.766199,19.02658,17.451736,20.166723,21.36054,22.849676,26.122505,28.93981,29.018343,31.837238,28.159134,29.40017,25.276258,25.223484,25.821476,21.79262,20.896969,21.44581,24.590405,29.518047,29.952568,32.02877,27.09358,32.35864,31.540806,34.35087,30.471453,35.17389,35.167316,30.666172,30.501009,27.819763,26.378094,26.417603,21.85784,25.586317,20.032,23.815369,20.36402,20.916279,19.668459,16.751383,14.769213,14.41242,12.434984,13.31871,13.765035,16.067087,16.142965,21.970327,23.130802,27.173565,29.63191,32.994026,35.932537,35.21682,35.28363,32.96184,30.935532,27.29238,28.11404,23.796923,21.293077,17.235054,17.356407,11.928403,9.363412,7.79354,4.338881,6.8501945,5.9941583,10.25991,12.001815,14.680008,18.037233
9,28.376192,25.089952,22.489527,18.571524,15.816007,14.481204,10.545778,6.9535685,4.4199467,0.0,5.362014,7.5202174,9.876821,8.817761,14.06506,12.309853,15.889639,15.96446,20.575302,21.2766,25.060421,27.724953,29.240398,32.639618,32.536907,31.592878,27.690252,25.777573,22.67789,19.86779,19.270336,14.005475,18.70878,13.753324,18.470915,17.424603,22.243471,24.220818,19.073635,17.103828,20.849823,20.26442,22.38978,24.265844,25.014862,28.996426,31.22518,31.239506,33.642826,29.623413,30.379135,26.041115,25.268698,25.35652,21.507841,21.34728,21.842165,25.468367,29.920435,30.346113,33.151268,28.061579,33.688274,33.362423,36.30448,33.00172,37.73831,38.102158,33.67289,33.842308,30.858376,29.908081,29.715384,25.37977,28.955545,23.416185,27.153683,23.452995,24.24013,22.55836,19.11986,16.767147,17.778763,15.916191,17.391775,17.770924,20.398134,20.145063,26.139788,27.083406,31.173536,33.46382,36.858532,39.502304,39.05376,39.235416,36.943462,35.018936,31.484852,32.27525,27.75176,25.532652,21.22491,21.72097,16.15781,13.770333,11.985196,8.73931,11.126699,8.212159,13.750718,14.608737,17.404129,20.252619
10,31.650928,28.555044,26.185303,22.00993,19.837181,17.96615,14.706149,11.133111,7.202878,5.362014,0.0,4.7924356,8.708732,9.765217,14.524723,13.528437,17.796612,17.830961,23.277592,23.50416,28.07041,30.1394,31.360706,34.691597,34.779972,33.36055,29.824661,27.367086,23.8744,20.932829,18.879421,13.726101,16.655159,10.843691,15.032178,13.090246,17.78696,20.335579,15.691705,14.849973,18.60819,19.384819,21.660746,24.287025,25.288605,29.596348,32.34305,33.10007,35.125988,30.805887,31.705198,27.730751,26.581692,27.339714,22.912941,22.952944,22.59148,26.105085,30.685349,30.122372,33.28589,27.278637,32.898685,32.887768,35.33241,32.66056,37.00741,37.652225,33.121773,33.19481,29.81841,28.923168,27.972193,23.91035,26.730257,21.244724,24.611334,20.659937,21.99201,20.055159,15.909074,14.095512,16.40276,14.216047,16.785496,17.248535,20.58966,20.586864,26.87904,28.200504,32.20032,34.83116,37.813316,40.779736,40.803673,41.13936,39.09308,37.250977,33.33945,34.58087,30.439894,27.477333,23.887943,23.464308,18.207449,15.167116,12.532818,10.505282,13.498515,12.040365,16.00526,18.00683,19.902401,23.223959
11,34.850716,31.390474,29.40542,25.018692,22.546432,21.61927,17.255432,14.396362,10.407353,7.5202174,4.7924356,0.0,5.359488,7.491568,12.141104,13.067681,17.081882,18.356756,23.133802,24.438124,28.935091,31.100967,32.94579,35.766903,35.374718,33.87766,29.890083,28.052692,23.521404,21.477404,17.907888,13.566191,15.07105,10.404227,14.118285,11.497046,16.878878,20.003374,16.213976,15.87664,18.44426,20.092579,21.395329,24.697971,24.71961,29.777348,31.777798,32.598877,34.036083,29.39284,29.820898,25.854544,24.003347,24.565498,20.232136,20.958158,20.343655,24.15351,28.174234,27.496655,31.329914,25.30676,31.176384,31.70359,34.307632,32.347286,36.70008,37.80844,33.489094,34.10657,30.439636,30.399214,29.438913,25.851055,28.870117,23.76599,27.591476,23.879135,25.8208,24.13547,19.703194,18.483027,20.775965,17.988832,20.42818,20.146696,23.949165,22.808397,29.249123,30.080467,34.111946,36.424095,39.389362,41.842224,42.44267,43.067146,41.212265,39.703648,35.895634,37.401207,32.906868,30.24935,26.42693,26.765453,20.994143,18.78863,16.525074,14.087618,16.558012,13.516939,17.70404,19.06293,20.586437,23.403366
12,34.277397,30.446413,29.358126,24.556019,22.191832,22.708735,17.165413,16.269485,11.605201,9.876821,8.708732,5.359488,0.0,3.7878232,6.9463196,9.172126,12.810001,14.935309,19.202673,21.132889,25.668217,27.6599,29.977915,32.255207,31.50946,29.895138,25.713974,24.30273,19.062654,17.785904,13.289669,9.821894,10.95623,8.177006,11.785586,10.717873,15.931111,18.253094,14.626076,13.840941,15.256578,16.890194,17.286032,20.85812,20.110525,25.579906,27.043406,27.971062,29.04991,24.28434,24.59683,20.75559,18.788132,19.714064,15.126127,15.89968,15.046726,18.881853,22.826607,22.202417,26.069199,20.264772,26.211432,26.848797,29.69136,27.938318,32.385937,33.70942,29.614836,30.703445,26.978533,27.692411,27.0872,23.921812,27.519476,22.924852,27.528332,24.410425,26.89855,25.98345,21.672873,21.391485,22.447752,18.762869,20.534872,19.219805,23.352814,20.77946,27.145988,27.395424,31.373823,33.31912,36.230267,38.174217,39.321426,40.247784,38.660995,37.576427,33.898273,35.79794,31.059195,28.676165,24.871008,26.012203,19.869545,18.897907,17.328194,14.712184,16.275612,12.454239,15.595793,16.64796,17.333078,19.797121
13,31.58718,27.599184,26.62101,21.887156,19.306807,20.510729,14.423929,14.396419,10.20869,8.817761,9.765217,7.491568,3.7878232,0.0,5.584293,6.891087,10.096303,12.462345,16.17823,18.545424,22.635746,25.001245,27.5661,29.855011,28.964796,27.655462,23.183193,22.150349,17.136753,15.95267,12.785443,9.097655,12.362762,10.134504,14.220706,14.116479,19.057573,20.714802,16.4962,14.697764,16.327662,16.630209,16.997187,19.876244,18.984713,24.172743,25.294237,25.67527,27.095963,22.550156,22.832253,18.630749,17.095886,17.585014,13.282014,13.719322,13.683671,17.629948,21.644712,21.92084,25.31771,20.334381,26.210955,26.47368,29.707806,27.330181,32.095634,33.14585,29.10953,30.234303,26.840511,27.45288,27.430172,24.030418,28.17874,23.518343,28.376234,25.411062,27.548914,26.820166,22.904158,22.322128,22.592329,19.013018,20.118118,18.68081,22.398502,19.531897,25.699108,25.653002,29.695318,31.396559,34.589294,36.308086,37.161232,38.010437,36.291794,35.201954,31.765366,33.4494,28.457685,26.550562,22.344204,24.145227,17.794245,17.441048,16.428593,13.3069315,14.297913,9.495569,13.160853,13.428666,14.500593,16.646564
14,32.662422,28.466343,28.5601,23.545485,21.42817,23.78378,17.297703,18.854662,14.39041,14.06506,14.524723,12.141104,6.9463196,5.584293,0.0,5.6253314,7.2291512,10.81164,13.601374,16.571089,20.759314,22.593576,25.599285,27.105162,25.835629,24.241295,19.724955,19.156637,13.134163,13.251995,8.490413,7.285274,9.231784,10.208902,13.064307,14.515498,18.56193,19.27001,15.778082,13.899054,13.790549,14.213552,13.188182,16.442577,14.449442,20.198854,20.683313,21.449406,22.256851,17.470201,17.686277,13.825393,12.145102,13.639061,8.686324,9.014302,8.253295,12.184427,16.248339,16.378166,19.776678,14.990688,20.866777,21.304127,24.719,22.771343,27.505009,28.87996,25.184984,26.875195,23.415695,24.992903,25.240366,22.59103,27.03563,23.221909,28.57426,26.315958,29.030169,29.013025,25.23168,25.628616,25.109217,20.868158,21.463587,19.053497,23.01467,18.730394,24.502365,23.826736,27.635374,28.925137,31.864197,33.01087,34.67092,35.920017,34.630665,34.094154,30.787006,33.019817,28.014412,26.286318,22.523352,24.881086,18.650158,19.49019,19.053558,16.393238,16.537415,12.222478,13.450306,13.619381,13.044122,14.634132
15,27.24047,23.138117,23.357155,18.215622,16.46396,19.046862,12.732083,15.402958,10.983931,12.309853,13.528437,13.067681,9.172126,6.891087,5.6253314,0.0,4.474461,5.825368,10.532495,11.993224,16.6582,18.488008,20.955225,23.136797,22.428694,20.947987,16.831158,15.317545,10.700965,9.070003,7.8333626,4.1924944,10.570961,9.877945,13.684616,16.040646,19.624859,19.464155,14.669389,11.427031,12.813268,11.057151,11.473923,13.388522,12.940123,17.536537,19.17105,19.684675,21.657438,17.513842,18.661493,14.791159,14.827327,16.48475,11.913728,10.481224,10.65437,13.607588,18.65247,19.198503,21.12741,16.723234,22.0253,21.407576,24.740324,21.37209,26.342543,26.95764,22.909693,23.969278,20.96071,21.53709,22.22181,18.902382,23.739582,19.608679,24.99242,22.856457,25.074375,25.324389,22.142496,22.480682,20.906866,16.790913,16.681906,14.245361,17.787518,13.628387,19.446667,19.010607,22.99348,24.566694,27.738903,29.430767,30.37369,31.336359,29.800299,28.968271,25.544476,27.626911,22.699526,20.788284,17.01213,19.269041,13.039425,14.260795,14.34394,11.848544,11.360377,8.022546,7.8528643,8.80231,8.311051,11.072471
16,26.782581,22.4477,23.484234,18.523973,16.89201,20.745508,14.194098,18.09721,14.51306,15.889639,17.796612,17.081882,12.810001,10.096303,7.2291512,4.474461,0.0,4.7686763,6.530145,9.659935,13.531121,15.533185,18.785383,20.306309,19.03612,17.803053,13.107465,12.7361965,7.6939707,7.759314,8.119979,7.3616595,12.844188,13.828713,16.979307,19.823011,23.072865,22.385996,18.00327,14.565274,14.960826,12.296706,11.587674,12.532325,10.960964,15.310245,15.813073,15.730984,17.766489,13.861038,14.925906,10.8938875,11.792742,13.4273,9.500595,7.1020136,8.375884,10.831029,15.67583,17.285025,18.497084,15.604639,20.456875,19.558487,23.368158,19.702755,24.886204,25.414352,21.809393,23.301176,20.743395,21.866747,23.283302,20.403172,25.641184,22.129946,27.69836,26.070393,28.22665,28.861963,26.036354,26.48299,24.288795,20.235193,19.421808,16.594255,19.550682,14.482503,19.330748,18.021444,21.790392,22.67047,25.990652,26.91677,28.07504,29.228706,27.843834,27.420403,24.475475,26.617584,21.43229,20.386766,16.54409,19.965006,14.054544,16.593914,17.438892,14.971939,13.600625,10.039383,8.707896,7.9055195,6.2165995,7.4948883
17,22.823208,18.66593,19.98891,14.861081,13.972321,17.857138,12.057282,16.74271,13.338842,15.96446,17.830961,18.356756,14.935309,12.462345,10.81164,5.825368,4.7686763,0.0,6.63472,6.2007627,11.225948,12.801983,15.158591,17.501312,17.06439,15.767827,12.035966,10.016437,7.420638,4.6369467,9.116611,7.245452,14.0825205,14.01689,17.333849,20.676346,23.387878,22.07104,17.050327,12.9155035,14.327214,10.045709,10.844889,10.327587,10.845171,13.605217,15.71491,15.759722,18.756907,15.6376295,17.570345,14.182654,15.961585,17.871798,14.134219,11.341828,12.314853,13.789231,19.08177,20.334753,20.56076,17.5791,21.803473,20.136625,23.536688,18.843363,23.97636,23.829578,19.89517,20.669666,18.53705,18.640564,20.356464,17.00631,22.406136,18.831203,24.265863,22.889256,24.662899,25.622784,23.405024,24.01328,20.9248,17.055079,15.549474,12.64412,15.079856,10.001484,14.793917,13.801209,17.759174,19.085325,22.520039,24.182106,24.710938,25.60263,24.034107,23.314434,20.086882,22.258593,17.275904,15.757542,12.187467,15.318092,9.668861,12.811756,14.218588,12.421662,10.38127,9.072417,4.7630863,5.713892,2.972783,6.738235
18,23.634254,19.228764,21.495398,17.140263,16.12252,21.40141,15.480082,20.89585,18.557074,20.575302,23.277592,23.133802,19.202673,16.17823,13.601374,10.532495,6.530145,6.63472,0.0,6.1320095,7.610956,10.127582,14.21281,15.178204,13.450055,13.044012,7.8640833,9.134727,6.9586525,8.101518,12.591188,12.875268,18.46341,19.771536,22.709862,26.054958,28.861034,27.448915,23.012054,19.085388,19.402597,15.18371,14.404268,12.999063,11.557328,13.437586,12.958016,11.27083,14.532853,12.290666,13.759418,10.350621,13.378531,14.568074,12.615342,9.299518,11.781131,12.403343,16.492716,19.442698,18.79382,18.313644,21.792723,19.963537,23.987633,19.242424,24.459522,24.248287,21.246561,22.699621,21.297096,22.237644,24.733603,22.093609,27.660946,24.783192,30.233168,29.238749,30.89334,32.01999,29.994055,30.420527,27.140915,23.524923,21.640827,18.73213,20.361677,14.989112,17.879452,15.573922,18.858858,18.79746,22.473112,22.61932,23.330713,24.463093,23.07785,23.02128,20.890928,22.82025,17.475605,17.832785,14.143669,18.941835,14.211886,18.249294,20.145185,18.031355,15.57376,13.082463,10.102997,7.6363525,4.8986177,1.869781
19,19.605286,15.550058,18.487116,14.000451,14.299078,19.285385,14.691286,20.498835,18.150042,21.2766,23.50416,24.438124,21.132889,18.545424,16.571089,11.993224,9.659935,6.2007627,6.1320095,0.0,5.8509526,6.6838484,9.192701,11.514441,11.367024,10.530355,7.6902003,5.2828865,7.539614,5.554733,13.243379,12.900556,19.053099,19.599527,22.404167,26.300999,28.368546,26.22301,21.419817,17.088516,18.118406,12.593798,13.226186,10.156598,11.36005,11.033161,13.204158,12.405198,16.53908,15.091723,17.626513,15.205168,18.408142,20.345434,17.702488,14.269008,15.743904,15.755442,20.584364,22.513758,21.042149,19.898783,22.729092,20.109291,23.43275,17.614029,22.599121,21.569874,18.168015,18.680386,17.873531,17.623562,20.49785,17.600311,23.162561,20.570333,25.707449,25.209839,26.513083,28.130758,26.853441,27.684486,23.463263,20.10045,17.47316,14.488277,15.274939,9.887238,11.835286,9.624991,13.149814,13.727492,17.5374,18.843164,18.8586,19.728205,18.194613,17.83207,15.153351,17.46075,12.478336,12.063694,9.336613,13.699071,10.143521,14.831321,17.260021,16.22498,13.293699,13.547763,7.976717,7.8515167,4.27844,5.4987793
20,18.297625,14.273367,18.111746,14.851526,15.26481,21.147173,17.087227,23.372353,22.147955,25.060421,28.07041,28.935091,25.668217,22.635746,20.759314,16.6582,13.531121,11.225948,7.610956,5.8509526,0.0,4.3827004,8.198865,9.5904665,8.696649,9.738779,7.0238414,7.8297644,11.422828,11.182393,18.3524,18.322266,24.409718,25.1436,28.071396,31.815601,34.100063,32.001408,27.259554,22.929209,23.82615,18.34025,18.512712,15.081692,15.454012,13.936629,14.304604,11.679482,16.38656,16.385822,18.526495,16.422953,20.251064,21.354837,20.07025,16.650072,18.945826,18.59119,22.380356,25.404715,23.257376,23.792767,26.012947,23.196455,26.724392,20.770048,25.520185,24.113117,21.546532,22.162298,22.203827,22.019445,25.389967,22.77153,28.239128,25.940191,30.802309,30.469666,31.325012,32.95268,32.02667,32.45749,28.000715,25.16617,22.226366,19.660019,19.497522,14.93284,15.068862,12.226541,14.635468,13.841593,17.94646,18.06101,17.205462,17.871866,16.16111,16.156704,14.942834,16.409258,11.246972,13.261264,10.5860615,16.108093,13.825408,18.777237,21.588428,20.339838,17.12192,16.891413,12.49355,10.483966,8.485687,6.433908
21,19.368986,15.89217,20.329227,17.089592,18.207441,23.672369,20.059387,26.2415,24.511604,27.724953,30.1394,31.100967,27.6599,25.001245,22.593576,18.488008,15.533185,12.801983,10.127582,6.6838484,4.3827004,0.0,4.884648,5.419677,5.3149366,5.9226894,5.8467126,5.4380107,11.229561,11.079075,18.516483,19.2555,24.68426,25.923841,28.263004,32.524853,34.126514,31.40551,27.043922,22.81367,23.24594,17.522514,17.582254,13.324611,14.295077,11.091824,12.215605,10.271625,15.126927,15.857266,18.601053,17.47503,21.580698,23.440372,21.913034,18.299662,20.000124,18.83403,22.69056,25.198011,22.216331,23.072224,24.419188,21.132719,24.238533,17.911446,22.286165,20.457355,18.201136,18.65874,19.32951,19.171297,22.915207,20.913734,26.209627,24.752934,29.468855,29.762812,30.78588,32.90234,32.276176,33.319782,28.479666,25.50583,22.338444,19.445948,19.097395,14.17716,12.898551,9.424067,11.066573,9.733517,13.709808,13.741448,13.333294,14.404165,13.254797,13.926853,12.704075,15.068911,10.864512,12.445047,11.602006,16.25737,15.033598,20.048218,22.886965,22.260897,19.073631,19.754623,14.339244,13.58003,10.6500435,9.5118265
22,17.058905,14.402263,19.263645,16.502562,18.568882,23.396708,21.050991,27.085361,25.543243,29.240398,31.360706,32.94579,29.977915,27.5661,25.599285,20.955225,18.785383,15.158591,14.21281,9.192701,8.198865,4.884648,0.0,4.888645,7.7369404,7.9501624,10.26709,7.6997094,14.447439,12.996023,20.851345,21.106672,26.600145,27.255074,29.473288,33.875633,35.01517,31.93199,27.481098,23.243841,24.161142,18.10952,19.077246,14.290634,16.764336,12.5041485,15.325133,14.273481,18.947832,19.8212,22.866972,21.92477,25.893736,28.003454,26.0401,22.424417,23.761421,22.587936,26.796633,28.705046,25.534504,25.8266,26.837458,23.242455,25.67482,18.971884,22.76967,20.25498,17.921198,17.35156,18.772339,17.418516,21.368616,19.360376,24.228197,23.19944,27.289495,28.045443,28.623606,31.07987,31.153965,32.40396,27.005798,24.52108,20.929409,18.364552,17.001404,13.110277,9.772409,6.4970965,7.143477,6.144431,10.400155,11.950437,10.034199,10.5635805,9.115048,9.518005,7.985837,10.866638,7.860033,9.108298,10.396698,13.853011,14.567041,19.391777,22.419853,22.586004,19.367481,21.533285,15.558876,15.869467,13.321561,13.405208
23,21.309933,18.691587,23.701635,21.00751,22.730167,27.889593,24.940126,31.058237,29.21769,32.639618,34.691597,35.766903,32.255207,29.855011,27.105162,23.136797,20.306309,17.501312,15.178204,11.514441,9.5904665,5.419677,4.888645,0.0,3.879064,4.637132,8.869923,8.209927,14.693189,14.809598,21.886065,23.278034,27.960964,29.635733,31.397192,36.05748,36.98382,33.65723,29.787617,25.772306,25.749037,20.044147,19.95831,15.121126,16.507534,11.419575,12.79617,11.462521,15.883505,17.877424,20.911629,20.901402,25.210001,27.472603,26.104425,22.460747,23.755985,21.817425,25.270464,27.430105,23.45421,25.094456,25.197582,21.435167,23.864807,17.369205,20.792889,18.232557,16.927954,17.069605,18.935932,18.737581,22.908333,21.81899,26.608315,26.270428,30.534727,31.586454,32.586517,35.19776,35.051132,36.585102,31.346582,28.49805,25.097872,22.155416,21.322205,16.718191,13.47616,9.740958,9.183749,6.1267147,9.476458,8.57769,8.367955,10.069927,10.024307,11.998439,11.7133665,14.610597,12.283252,13.943107,15.057037,18.693483,18.912699,23.793169,26.677605,26.607069,23.451635,24.826784,18.989382,18.825623,15.712078,14.797657
24,23.451286,20.375114,25.166851,22.274897,23.420311,28.966219,25.257019,31.422623,29.491533,32.536907,34.779972,35.374718,31.50946,28.964796,25.835629,22.428694,19.03612,17.06439,13.450055,11.367024,8.696649,5.3149366,7.7369404,3.879064,0.0,3.3995595,6.344494,8.116303,13.368582,14.671204,21.101263,22.975576,27.417696,29.61285,31.382301,35.941402,37.15376,34.065067,30.351511,26.400034,25.94697,20.585278,19.753769,15.387728,15.478395,11.13634,10.555019,8.191272,12.6980505,15.088698,17.82838,18.013712,22.476694,24.535254,23.710531,20.136942,21.672754,19.558508,22.44457,25.14644,21.107042,23.558292,23.682114,20.153677,23.077387,17.019907,20.739717,18.74532,17.71133,18.675049,20.035378,20.742338,24.753353,23.733316,28.768755,28.196646,32.855797,33.627346,34.917213,37.319424,36.72228,38.126083,33.246864,30.094728,26.96143,23.826143,23.584078,18.404919,16.29793,12.461911,12.610671,9.755481,12.727664,10.594947,11.58895,13.464136,13.479742,15.441688,15.271338,17.856213,14.766569,16.710987,16.724648,21.052896,20.221085,25.189617,27.952234,27.37617,24.265068,24.63514,19.299183,18.42275,15.171137,13.331429
25,24.639244,21.49391,26.04177,22.637842,23.776587,28.988285,25.068663,30.995182,28.519426,31.592878,33.36055,33.87766,29.895138,27.655462,24.241295,20.947987,17.803053,15.767827,13.044012,10.530355,9.738779,5.9226894,7.9501624,4.637132,3.3995595,0.0,5.634009,6.051267,11.287563,12.653412,18.68461,20.96766,24.879805,27.371046,28.776585,33.528984,34.41259,31.116985,27.685104,23.90966,23.107141,17.89948,16.877428,12.420917,12.680569,7.8180337,8.161025,7.2796116,11.497288,13.397562,16.55193,16.97008,21.27031,23.898922,22.533827,18.935596,19.959074,17.608364,20.859913,22.93701,18.828619,20.839966,20.804558,17.145699,19.915274,13.701818,17.52795,15.622221,14.370543,15.513947,16.721054,17.782534,21.730019,21.023464,26.002995,25.704374,30.451918,31.360699,32.978287,35.49419,34.761505,36.5168,31.750656,28.317675,25.354519,21.96186,22.14737,16.560469,14.718246,10.862962,11.164589,8.765535,11.402686,9.812792,12.084675,14.271674,14.553463,16.411602,15.425146,18.633383,15.629691,16.517385,16.785765,20.566393,19.468523,24.244719,26.788113,26.388077,23.468254,24.008245,18.333189,18.132542,14.385802,13.228681
26,24.70423,20.867462,24.70452,20.883974,21.145954,26.626055,21.756401,27.585047,25.108858,27.690252,29.824661,29.890083,25.713974,23.183193,19.724955,16.831158,13.107465,12.035966,7.8640833,7.6902003,7.0238414,5.8467126,10.26709,8.869923,6.344494,5.634009,0.0,5.356454,7.617181,10.050259,15.564639,17.674791,21.982574,24.463263,26.350363,30.65447,32.305183,29.72138,26.002789,22.155775,21.457462,16.614477,15.186941,11.8438015,10.595702,8.78853,7.357305,4.967025,9.650036,10.099862,12.778892,12.095676,16.414871,18.620914,17.415916,13.816744,15.413895,13.662794,17.016006,19.835447,16.771584,18.464588,19.751413,16.827946,20.50313,14.973858,19.680645,18.784084,16.849768,18.522133,18.423277,19.868189,23.269873,21.848896,27.252066,25.917517,31.153023,31.286661,33.05459,35.030323,33.662968,34.933334,30.77203,27.112757,24.571632,21.18955,22.10097,16.168293,16.423325,12.936687,14.7878065,13.368841,16.556854,15.446099,17.14756,18.91284,18.438824,19.555166,18.165003,20.843885,16.533112,17.466846,15.923044,20.511799,17.789118,22.493942,24.825373,23.671171,20.873045,20.091404,15.316821,14.182679,10.481454,8.367407
27,22.469547,18.89111,22.608307,18.433083,19.27126,24.069582,19.82176,25.456287,22.641947,25.777573,27.367086,28.052692,24.30273,22.150349,19.156637,15.317545,12.7361965,10.016437,9.134727,5.2828865,7.8297644,5.4380107,7.6997094,8.209927,8.116303,6.051267,5.356454,0.0,6.911462,6.7504907,13.741124,15.20434,19.845531,21.645731,23.456755,28.020082,29.226255,26.285906,22.2966,18.292578,18.120335,12.584209,12.267495,7.943261,9.195476,6.3740997,9.186785,9.295865,13.393135,12.92119,16.11806,15.140451,18.857718,21.593998,19.16518,15.547759,16.399426,15.029989,19.548231,21.10777,18.381624,18.226923,19.740889,16.516901,19.544537,13.279156,18.01806,16.692453,13.783255,14.619066,14.4851465,15.005127,18.45481,16.743412,22.145987,20.866476,25.953724,26.29247,28.002811,30.205334,29.137451,30.741133,26.261862,22.636896,19.90753,16.435232,17.216013,11.201911,11.288199,7.9946046,10.469092,10.265982,13.55287,14.2787895,15.590441,17.134304,16.487402,17.098097,14.682816,17.909882,13.965622,13.518503,12.802395,16.36984,14.135641,18.7026,21.032984,20.550926,17.79435,18.443266,12.548057,13.041477,9.029973,9.286281
28,27.11841,23.071941,25.679056,20.870277,20.537344,24.961573,19.342695,24.12894,20.443506,22.67789,23.8744,23.521404,19.062654,17.136753,13.134163,10.700965,7.6939707,7.420638,6.9586525,7.539614,11.422828,11.229561,14.447439,14.693189,13.368582,11.287563,7.617181,6.911462,0.0,4.941717,7.9498158,10.731617,14.369869,17.250753,18.880013,23.181025,24.85709,22.569963,19.013613,15.503964,14.350275,10.405711,8.320199,7.0266137,4.61865,7.817368,8.562737,9.622911,11.856325,8.805031,11.5032425,9.699643,12.6041975,15.834807,12.711781,9.248194,9.553272,8.5959635,13.754233,15.065739,13.804944,12.51639,15.532404,13.4494915,17.247265,12.644405,17.904165,18.132944,14.9762745,16.923714,15.018659,17.022442,19.316303,17.658838,23.040218,21.14099,26.772985,26.394855,28.85875,30.505005,28.356012,29.902952,26.61515,22.31769,20.680597,17.008827,19.472317,13.0931835,16.00731,13.677681,16.671444,16.917627,19.702168,20.052078,22.299768,24.004353,23.38029,23.814964,21.09955,24.132029,19.635738,18.679832,16.578186,19.995209,15.712298,19.378609,20.853182,19.567356,17.552256,16.28641,11.868321,12.113225,7.946129,8.318869
29,23.790295,19.928963,22.152582,17.133825,17.141493,20.984367,15.959098,20.675852,16.969883,19.86779,20.932829,21.477404,17.785904,15.95267,13.251995,9.070003,7.759314,4.6369467,8.101518,5.554733,11.182393,11.079075,12.996023,14.809598,14.671204,12.653412,10.050259,6.7504907,4.941717,0.0,8.109768,8.477614,13.8121805,14.984157,17.211489,21.480309,23.152636,20.84113,16.372534,12.274606,12.643893,7.4149556,7.7958136,5.8511987,7.3660097,9.234825,12.464518,13.473084,16.427322,13.724884,16.410683,14.15202,16.526747,19.380423,15.653539,12.472554,12.693398,12.79373,18.295168,18.97656,18.179117,15.450512,18.77751,16.554611,19.658182,14.499653,19.559168,19.238922,15.286694,16.12112,14.153635,14.620026,16.74513,14.077751,19.619322,17.063217,22.614676,22.053284,24.19961,25.833237,23.95361,25.442516,21.819477,17.668217,15.798727,12.185173,14.583575,8.3226385,12.208581,10.755642,14.432574,15.735723,18.749224,20.454206,21.692905,22.925697,21.858252,21.615437,18.270084,21.20237,16.822964,14.928249,12.873551,15.507275,11.173017,14.685871,16.241024,15.403273,13.313277,13.440138,7.921475,9.750142,5.8036985,8.577391
30,31.286545,27.359325,28.724781,23.471987,22.645327,25.470648,19.732594,22.66733,17.752687,19.270336,18.879421,17.907888,13.289669,12.785443,8.490413,7.8333626,8.119979,9.116611,12.591188,13.243379,18.3524,18.516483,20.851345,21.886065,21.101263,18.68461,15.564639,13.741124,7.9498158,8.109768,0.0,5.593007,6.4208183,10.236513,11.195419,15.471323,17.15584,15.460321,12.33693,9.892259,7.821061,7.2777414,4.778378,8.679672,7.0862584,12.893329,14.783341,17.007505,17.832638,13.413129,15.160306,12.985623,13.183556,16.79909,11.9607,10.173836,8.150229,9.175566,14.679483,13.548481,15.007647,9.565071,14.606669,14.142856,17.152946,14.683273,19.323927,20.606688,16.79773,18.579231,15.021573,17.214329,17.692907,15.949769,20.56792,18.063282,23.727516,22.670963,25.913519,27.0353,23.935022,25.808826,23.899788,19.099785,18.913673,15.428823,19.458067,13.936725,18.8992,18.010916,21.345613,22.70367,24.970232,26.296148,28.739326,30.324005,29.618738,29.560194,26.063005,29.147331,24.863628,22.564484,20.336393,22.173473,17.058796,18.83705,18.996891,17.747465,17.099213,15.5439,12.753267,14.535152,11.667724,13.848764
31,28.411316,24.583687,25.025684,19.743734,18.621195,20.607883,15.067087,17.328674,12.240195,14.005475,13.726101,13.566191,9.821894,9.097655,7.285274,4.1924944,7.3616595,7.245452,12.875268,12.900556,18.322266,19.2555,21.106672,23.278034,22.975576,20.96766,17.674791,15.20434,10.731617,8.477614,5.593007,0.0,7.478017,6.963938,10.206216,13.498993,16.27067,15.531977,10.721322,7.460181,8.702293,7.5563703,8.450583,11.193348,11.5661745,16.23922,18.878551,20.320972,22.06407,17.874132,19.489305,16.354889,16.408403,18.956635,13.99813,12.489336,11.538669,13.803778,19.221567,18.642931,20.436499,15.027246,20.161251,19.53141,22.325026,19.202301,23.860092,24.59189,20.32342,21.20624,17.824049,18.414404,18.590734,15.479536,20.053215,16.144836,21.621614,19.704227,22.440742,22.98923,19.725166,20.91241,19.29319,14.6969795,14.879929,12.045753,16.244497,11.956936,18.017584,17.977139,21.820166,23.783943,26.496305,28.613281,29.950064,31.029957,29.752935,28.997599,25.219837,27.753006,23.341112,20.662798,17.80718,19.071426,13.378603,14.169588,13.904336,12.389794,12.239329,10.861318,9.076633,11.630406,10.209128,13.531986
32,35.581318,31.85058,32.415188,27.128498,26.059635,27.602457,22.24696,23.498749,18.035929,18.70878,16.655159,15.07105,10.95623,12.362762,9.231784,10.570961,12.844188,14.0825205,18.46341,19.053099,24.409718,24.68426,26.600145,27.960964,27.417696,24.879805,21.982574,19.845531,14.369869,13.8121805,6.4208183,7.478017,0.0,6.4192667,5.4995265,9.538386,11.1386,10.523027,8.580782,8.569301,5.914064,9.9407015,8.741691,13.6674,12.850404,18.482426,20.676762,23.2486,23.538786,18.861101,20.065674,17.980917,16.763853,20.097898,14.946383,14.580726,11.853819,13.64115,18.199715,15.562683,18.601109,11.454885,16.803188,17.504896,19.533798,18.719252,22.470325,24.296291,20.433662,21.920383,17.726683,19.735191,18.76392,17.213064,20.56772,17.80719,22.930592,21.316128,25.07787,25.65006,21.804554,23.916119,23.449997,18.629246,19.770496,16.925623,21.61968,17.396255,22.96862,22.905071,26.223738,28.096785,30.02396,31.8391,34.347862,35.847385,35.113285,34.78741,30.936043,33.974648,29.938782,26.984451,24.831976,25.606441,20.441021,20.716742,19.806232,18.769047,19.280756,17.780458,16.506605,18.885021,16.96395,19.599648
33,33.120327,29.679163,29.272604,24.158136,22.95361,23.215576,18.647512,18.620333,13.043325,13.753324,10.843691,10.404227,8.177006,10.134504,10.208902,9.877945,13.828713,14.01689,19.771536,19.599527,25.1436,25.923841,27.255074,29.635733,29.61285,27.371046,24.463263,21.645731,17.250753,14.984157,10.236513,6.963938,6.4192667,0.0,4.870853,6.817171,10.06882,10.9137335,6.4749756,6.297288,8.123092,10.932336,12.314817,16.187363,16.923115,21.753654,24.799929,26.808142,28.025757,23.53681,24.877865,21.994766,20.984486,23.47447,18.283508,17.862825,16.087578,18.615978,23.51328,21.61857,24.487167,17.677738,22.931984,23.112291,25.050564,23.219986,27.114399,28.289507,23.93217,24.500479,20.557669,20.910755,19.601355,16.723623,19.729097,15.506202,20.135628,17.473574,20.74749,20.570427,16.364464,17.866129,18.156157,13.667763,15.659596,13.85526,18.59374,16.096058,22.358496,23.179932,26.844402,29.323849,31.583914,34.227776,35.694473,36.701553,35.460155,34.463043,30.340149,32.851227,28.919302,25.520208,23.080292,22.939503,17.731836,16.58057,14.883743,13.988196,15.413291,14.6394205,14.548547,17.585857,16.937191,20.395401
34,36.843246,33.492638,33.47552,28.31396,27.406754,27.747301,23.337282,23.421093,17.849691,18.470915,15.032178,14.118285,11.785586,14.220706,13.064307,13.684616,16.979307,17.333849,22.709862,22.404167,28.071396,28.263004,29.473288,31.397192,31.382301,28.776585,26.350363,23.456755,18.880013,17.211489,11.195419,10.206216,5.4995265,4.870853,0.0,5.4142857,6.151488,6.5294027,4.786264,7.376715,6.5030503,11.713557,12.270211,16.799036,17.33645,22.22269,25.34575,28.054493,28.644047,24.138597,25.518438,23.38864,22.148382,25.227583,20.031263,19.780188,17.254732,19.114464,23.648132,20.662365,23.65828,16.254837,21.022377,21.669092,22.904057,22.200525,25.397007,27.037804,22.929314,23.673265,19.394894,20.424019,18.425514,16.669857,18.80437,15.692914,20.008877,17.936506,21.90722,22.092295,17.919634,20.389519,20.863384,16.309078,18.410604,16.332144,21.168192,18.40768,24.159782,24.9423,28.21724,30.674397,32.382343,34.948956,37.097702,38.3579,37.502434,36.809998,32.629154,35.55473,31.964125,28.347836,26.558508,26.157259,21.466173,20.513521,18.85615,18.49667,19.786617,19.346043,18.488401,21.647434,20.303867,23.57223
