,0,1,2,3,4,5,6,7,8,9,10,11,12,13,14,15,16,17,18,19,20,21,22,23,24,25,26,27,28,29,30,31,32,33,34,35,36,37,38,39,40,41,42,43,44,45,46,47,48,49,50,51,52,53,54,55,56,57,58,59,60,61,62,63,64,65,66,67,68,69,70,71,72,73,74,75,76,77,78,79,80,81,82,83,84,85,86,87,88,89,90,91,92,93,94,95,96,97,98,99,100,101,102,103,104,105,106
0,0.0,4.080221,6.360903,9.713297,12.017293,15.060118,17.337118,21.670479,24.410107,26.764467,30.545675,32.007698,34.54776,32.558002,30.497936,28.484255,24.769224,25.577168,19.768261,23.516895,20.749529,20.942917,21.920403,26.498636,28.734785,28.842731,32.275,34.106766,34.11171,38.60008,35.294888,42.620678,40.523785,43.10917,39.115612,35.15586,36.012478,38.194748,33.759945,31.053541,33.595356,32.96894,29.043266,27.785032,31.309511,28.433662,22.451694,25.49522,27.581205,30.911798,32.537857,26.129152,32.021942,34.832817,32.705326,32.56007,31.004992,33.45474,36.855515,36.100464,34.752945,39.706715,42.306767,44.61096,41.463158,39.414032,43.22837,42.5454,37.42871,38.780815,41.282814,39.21386,35.05521,36.473034,33.703197,33.916092,30.26189,28.626295,25.040257,23.885279,19.727655,16.786003,16.472,19.602541,24.071016,21.620113,27.633492,28.943306,31.91149,34.97936,35.46689,32.523914,33.651733,31.805433,26.978579,28.646814,21.829676,25.39877,21.699356,19.922565,24.112309,25.554794,30.15043,29.892788,34.29378,35.870758,39.920048
1,4.080221,0.0,5.241352,6.2524242,9.010456,12.093551,14.677457,19.256441,21.52777,24.174744,27.80282,29.409729,31.664104,29.716063,27.323374,25.008003,21.258133,21.751999,15.965616,19.465826,16.692482,17.030905,18.18359,22.491524,24.724367,24.828432,28.215767,30.126898,30.195196,34.707508,31.582394,38.897694,37.131393,39.68882,35.557156,31.64338,32.78325,34.922115,30.332022,27.693716,30.598227,29.759039,25.67529,24.842165,28.54794,25.40606,19.52988,23.080976,25.281271,28.614668,29.791626,23.551514,29.661541,32.209103,29.82941,29.343134,27.610703,29.897112,33.568577,32.944607,31.175755,36.144527,38.59809,41.071262,38.02093,35.807106,39.447414,38.70652,33.606094,34.922913,37.30227,35.22535,31.08307,32.462543,29.794296,30.043968,26.428633,24.931623,21.39014,20.500319,16.338024,13.881283,13.144443,15.933882,20.322588,17.682484,23.672152,24.912048,27.836483,30.93266,31.430231,28.54307,29.830877,28.098616,23.269907,25.060696,18.520733,21.896297,18.577404,17.090984,21.231592,22.349607,27.078217,26.302473,30.836864,32.179714,36.289944
2,6.360903,5.241352,0.0,5.3975067,6.534028,9.413716,11.285168,15.358021,18.32572,20.496527,24.315279,25.753386,28.4424,26.575747,24.976406,22.978588,19.548147,20.839987,15.494041,20.17464,18.465525,19.466864,21.342087,24.517365,26.509554,25.939945,28.730844,30.175413,29.584425,34.073425,30.11161,37.39811,34.78881,37.38218,33.665333,29.602812,30.122557,32.529427,28.353577,25.424063,27.742428,27.813286,23.868698,22.073883,25.821947,23.85953,17.346815,20.061617,22.821562,25.715605,27.727924,22.123024,28.020231,30.45171,28.904697,29.101995,26.892832,29.801682,33.234955,31.611162,30.229296,35.50578,38.069996,40.21914,36.629093,34.50984,38.645824,37.822235,32.801407,34.818287,37.253895,34.95,31.03388,33.279785,30.154354,31.22409,27.573925,25.278223,22.649479,20.56634,16.537687,13.979641,12.203669,15.470252,19.715862,18.372635,23.749329,26.192556,28.973684,32.461346,32.909466,30.13285,32.130314,30.280615,25.468111,26.458887,19.912085,22.343657,18.573679,16.379599,19.945417,21.664253,25.433443,25.590012,29.783974,31.327158,35.483932
3,9.713297,6.2524242,5.3975067,0.0,3.8268118,6.009534,9.243992,13.561325,15.378888,18.32911,21.753109,23.588348,25.75704,24.056879,21.862345,19.05324,15.626157,16.115095,10.948715,15.040313,13.307258,14.740059,16.624496,19.329033,21.408646,20.949713,23.573973,25.29608,24.7826,29.403934,25.710339,33.00653,31.084751,33.503235,29.418972,25.496126,26.545532,28.704805,24.177322,21.46273,24.399607,23.821676,19.63933,18.726147,22.66256,19.968023,13.789346,17.514408,20.209932,23.228699,24.347645,18.850447,25.042542,27.134144,25.059732,24.684944,22.340218,24.944782,28.739328,27.499582,25.534887,30.762598,33.164005,35.562683,32.224274,29.919239,33.768787,32.95803,27.888638,29.681612,32.057774,29.853897,25.822412,27.904314,24.882256,25.906803,22.298761,20.202906,17.598787,15.919929,11.912263,10.231832,7.7306705,10.4565115,14.69821,13.017898,18.476892,20.799084,23.634678,27.125479,27.730139,25.142012,27.356312,25.83447,21.114021,22.464949,16.65538,18.667469,15.791461,14.265733,17.615297,18.640816,22.631983,21.685156,26.167141,27.179867,31.48948
4,12.017293,9.010456,6.534028,3.8268118,0.0,5.1024423,5.7371097,10.639623,13.04202,15.295419,19.014963,20.450342,22.677876,20.744345,18.699999,16.588783,13.024878,14.493576,9.276967,14.561906,13.969899,15.460914,18.354908,19.945904,21.506527,20.358353,22.812954,23.932783,23.212627,27.620638,23.718025,31.030132,28.555475,31.367006,27.696714,23.503622,24.354538,27.097797,22.847992,19.731289,22.712973,23.147854,18.829746,17.406013,21.78033,20.193563,13.626294,16.917744,20.396227,22.820047,24.309612,19.81515,25.841253,27.510704,25.943956,25.713966,22.754156,25.569248,29.515533,27.591366,25.285177,30.80108,32.97669,35.39035,31.68917,29.116364,33.078842,31.923334,27.061272,29.559353,31.525532,28.919983,25.370893,28.06581,25.100769,26.756346,23.325663,21.054838,19.250978,17.282173,13.66258,12.680477,8.920861,11.051495,14.60471,13.860236,18.334208,21.302822,23.612133,27.324879,27.52079,24.821037,27.412052,25.568964,20.943577,21.401976,15.57455,16.88126,13.594436,11.600007,14.533051,15.971339,19.452562,19.278181,23.477127,24.856947,29.070602
5,15.060118,12.093551,9.413716,6.009534,5.1024423,0.0,5.959207,8.400255,9.6591425,13.078258,16.18145,18.408152,20.752914,19.568062,18.211763,14.756812,12.328261,12.999439,9.906751,14.3311615,14.20495,16.675032,18.831394,19.729326,21.546078,20.456245,21.79157,23.166769,21.655,26.328705,21.562881,28.688673,26.260542,28.337452,24.436974,20.561695,21.095778,23.184397,18.951414,16.126596,18.578976,18.560423,14.513766,12.893981,16.950012,15.315173,8.601043,11.933721,15.310916,17.798298,19.275948,14.919017,20.830511,22.464243,21.162607,21.36797,18.383904,21.616058,25.144424,22.857895,21.191082,26.671417,29.163094,31.20224,27.38309,25.212084,29.548191,28.785122,23.804348,26.245,28.79726,26.548956,22.702599,25.763533,22.155293,24.199318,20.715416,17.63187,16.569323,13.446725,10.248664,9.500967,5.1731644,7.706444,11.211207,11.750193,15.81329,19.710026,22.390482,26.21658,27.040934,24.987095,28.146223,26.941618,22.611073,23.36916,18.694675,19.036625,16.759714,15.152247,17.09227,18.158958,20.653982,19.896807,23.986506,24.589344,29.051128
6,17.337118,14.677457,11.285168,9.243992,5.7371097,5.959207,0.0,5.4470806,8.488541,9.742859,13.701201,14.810545,17.227514,15.314774,14.055819,12.50619,9.602859,12.365114,9.054909,14.929429,16.076248,18.043118,21.554207,21.430529,22.394758,20.383505,21.85763,22.167625,20.676323,24.784048,20.107012,27.210093,23.856401,26.887543,23.8332,19.443369,19.747822,23.092323,19.438597,15.896777,18.581148,20.465233,16.289429,14.010462,18.731676,18.925428,12.386938,14.639501,19.010439,20.418987,22.369213,19.618767,25.067448,26.048523,25.361382,25.519869,21.821548,25.00025,28.83935,25.835144,23.398312,29.152534,31.103031,33.304226,29.08048,26.358528,30.59853,29.145243,24.653858,28.112886,29.735361,26.77546,23.894714,27.583506,24.463223,27.121666,24.00914,21.229877,20.84806,18.164057,15.446559,15.355464,10.693764,11.851974,13.965891,15.091971,17.714188,21.878738,23.577572,27.54351,27.513668,25.096764,28.450748,26.592855,22.420515,21.826488,17.028702,16.59521,13.630662,11.39335,12.5015135,14.314279,15.995826,16.820597,20.33758,21.812145,25.954288
7,21.670479,19.256441,15.358021,13.561325,10.639623,8.400255,5.4470806,0.0,4.6645703,5.273154,9.105501,10.611152,13.674523,12.6075735,13.167326,11.261978,10.395503,13.141993,12.502578,17.555428,19.454195,21.957375,25.162962,24.172318,25.02515,22.754295,22.986382,22.969715,20.472242,24.386337,18.566671,25.113195,20.944487,23.488586,20.921993,16.740889,15.994673,19.305151,16.443901,12.857691,14.311006,17.372665,13.899304,10.330937,14.795433,16.815186,10.8270445,11.306276,16.156914,16.578297,19.211664,18.037832,22.585882,23.10416,23.456972,24.352852,20.372412,24.030045,27.25095,23.199265,21.461159,27.173162,29.221106,30.859692,26.172134,23.803135,28.535921,27.225868,23.040274,27.039633,28.86722,26.019201,23.460478,27.896025,24.31392,27.70268,24.813278,21.3106,22.122707,18.46203,16.664734,16.880648,12.397296,13.203993,14.196668,16.978434,18.242256,23.41049,24.993753,29.032328,29.289978,27.457233,31.381086,29.89615,26.132391,25.306791,21.529121,20.09047,17.854074,15.822505,15.632966,17.331385,17.16136,18.340918,21.082367,22.073345,26.161102
8,24.410107,21.52777,18.32572,15.378888,13.04202,9.6591425,8.488541,4.6645703,0.0,4.83233,6.6378193,9.483429,11.734055,11.566859,12.015185,8.305368,8.985634,10.546026,12.166941,15.861708,18.314564,21.240263,24.097338,22.204926,22.988882,20.73041,20.013763,20.113243,17.08063,21.106941,14.832706,21.24052,17.586641,19.551596,16.549868,12.561305,11.998258,14.89543,11.789317,8.267579,10.109541,12.9473,9.46998,6.2131386,11.054168,13.253774,8.473274,9.103722,13.795046,13.862529,15.60865,15.551271,19.72217,19.639975,19.960953,20.676317,16.405016,20.008856,23.205702,18.994835,16.972862,22.667505,24.634687,26.248606,21.556086,19.141094,23.926321,22.739382,18.559553,22.657835,24.59413,21.935162,19.395914,24.111082,20.373457,24.141954,21.526514,17.845089,19.559938,15.826066,14.998306,16.20298,11.865042,11.454308,11.068552,14.892488,14.862924,20.508736,21.987305,25.9783,26.554808,25.271254,29.557005,28.590326,25.25041,24.65788,22.085752,19.969055,18.900738,17.591642,16.900312,17.776356,17.191982,17.130568,19.799578,19.858395,24.096956
9,26.764467,24.174744,20.496527,18.32911,15.295419,13.078258,9.742859,5.273154,4.83233,0.0,4.31928,5.3920803,8.496537,7.9440637,9.992547,8.910313,9.944499,12.9774065,14.468452,18.720165,21.644176,24.210377,27.696745,25.453934,25.735174,22.954727,22.256536,21.467543,18.391832,21.632168,15.40411,21.234129,16.286274,19.04985,17.33509,13.189017,11.816856,15.919103,14.064705,10.363607,11.474333,16.198027,13.319116,9.797601,14.014263,17.620886,13.188246,12.828214,17.650322,16.887115,19.220497,20.06419,23.721886,23.31538,24.238346,25.09513,20.669603,24.14866,27.269651,22.589493,20.427063,25.982714,27.530125,29.043905,24.101286,21.507288,26.132523,24.46575,20.989923,25.758493,26.981215,23.888592,22.279398,27.325113,23.987206,28.03531,25.680431,22.243465,24.117123,20.614567,19.712797,20.746367,16.240824,15.970246,15.43852,19.103899,18.55342,24.101122,24.945353,28.914255,28.92374,27.467577,31.812138,30.439194,27.286474,25.791218,23.275135,20.662443,19.26874,17.657412,16.048105,17.424269,15.425195,17.03146,18.723112,19.465885,23.218086
10,30.545675,27.80282,24.315279,21.753109,19.014963,16.18145,13.701201,9.105501,6.6378193,4.31928,0.0,3.8316894,6.102454,7.4687095,10.58525,8.915889,11.715465,13.828858,16.992926,20.162477,23.496046,26.286516,29.500381,26.520784,26.631851,23.799978,22.112345,21.11668,17.417166,20.238218,13.473732,18.343304,13.076595,15.204018,13.963045,10.32365,7.9761963,12.149333,11.341012,8.099603,8.131496,13.946384,12.042154,8.775127,12.08264,16.823563,14.039704,12.933488,17.280462,15.638943,17.562517,20.043299,22.757166,21.633554,23.077015,24.070377,19.535065,22.90794,25.616915,20.441668,18.411953,23.617441,24.946007,26.122753,21.014933,18.570036,23.252962,21.637615,18.707062,23.805737,24.932726,22.018429,20.924803,26.331121,22.963573,27.441257,25.50329,21.945105,24.703787,21.113144,21.057161,22.598356,18.418009,17.538725,15.96794,20.339851,18.531883,24.35114,24.912256,28.721437,28.921415,28.029713,32.67443,31.70288,29.022324,27.521675,26.007545,22.827206,22.2457,21.05932,18.978071,19.839962,17.03552,18.06567,19.120422,19.071648,22.61183
11,32.007698,29.409729,25.753386,23.588348,20.450342,18.408152,14.810545,10.611152,9.483429,5.3920803,3.8316894,0.0,4.0610633,4.917214,9.49842,10.242504,12.692246,15.661399,18.384878,21.941093,25.492851,27.97241,31.657564,28.536781,28.30139,25.145672,23.702469,22.106895,18.664572,20.82838,14.624315,18.98382,12.899608,15.96213,15.798825,12.160492,9.851685,14.685633,14.47012,11.27826,11.494708,17.58802,15.662489,12.585494,15.817917,20.631792,17.521425,16.487547,20.957628,19.222694,21.340168,23.785433,26.544243,25.38885,26.89393,27.777493,23.18068,26.37815,29.238956,24.084187,21.74549,26.853754,27.834621,29.109358,24.038906,21.379074,25.685791,23.660433,21.224596,26.59906,27.115068,23.855286,23.380243,28.814514,25.849764,30.350317,28.5251,25.260653,27.87213,24.56366,24.249273,25.68281,21.253769,20.473827,19.045551,23.093147,21.24408,26.819063,26.95556,30.72599,30.43844,29.32213,33.899216,32.577423,30.022945,27.887465,26.403908,22.967508,22.18008,20.866938,18.207752,19.350103,15.61396,17.885744,18.167646,18.765553,21.806875
12,34.54776,31.664104,28.4424,25.75704,22.677876,20.752914,17.227514,13.674523,11.734055,8.496537,6.102454,4.0610633,0.0,3.583898,8.035908,9.433937,12.689457,15.220603,18.948448,21.615255,25.635914,28.012129,31.78564,27.898413,27.23825,23.882812,21.923468,19.821207,16.294138,17.716707,11.895743,15.463369,9.133348,12.886529,13.350445,9.9479065,8.126987,13.430051,13.672442,10.919443,11.853622,17.764267,16.030205,14.1089945,17.138643,21.673767,19.420132,18.865406,23.022816,21.192753,22.424913,25.448366,28.020449,26.39694,27.655767,28.054384,23.343973,26.025778,29.06396,24.14246,21.035025,25.830578,26.231714,27.724504,22.88085,19.82803,23.536875,21.10952,19.33233,24.974834,24.784534,21.339926,21.68057,27.183844,24.728636,29.392225,28.017227,25.190863,28.194683,25.44544,25.540472,27.512852,23.07948,21.641413,19.47699,23.54271,20.68403,26.004583,25.532078,29.080843,28.541811,27.700443,32.39034,31.210999,29.200788,26.768785,26.359907,22.306654,22.356205,21.58452,18.355251,18.89851,14.429147,16.257778,15.748029,15.899713,18.561392
13,32.558002,29.716063,26.575747,24.056879,20.744345,19.568062,15.314774,12.6075735,11.566859,7.9440637,7.4687095,4.917214,3.583898,0.0,5.3709455,8.699941,10.847379,14.212252,17.003525,20.220472,24.185148,26.25363,30.411783,26.777231,26.008549,22.515934,21.305674,19.074957,16.155436,17.704563,12.616062,17.065067,11.303894,15.741394,15.709549,11.769069,10.950868,16.304974,15.647087,12.418722,14.328505,19.721281,17.22638,15.335101,19.082827,22.898361,19.735416,19.812454,24.281307,22.978615,24.315693,26.372644,29.623737,28.378363,29.181557,29.309267,24.572493,27.202276,30.696922,26.174377,22.662365,27.751234,28.167353,30.054047,25.358301,22.018248,25.550283,22.929226,20.802822,26.300207,25.925358,22.19108,22.359066,27.606016,25.383318,29.76921,28.20498,25.65733,28.09453,25.661758,25.2476,27.056332,22.36614,21.084732,19.385687,22.886309,20.603075,25.601234,25.064106,28.693157,27.785576,26.46811,30.939747,29.36027,27.174635,24.428097,23.639856,19.662806,19.363064,18.48696,15.070047,15.8575535,11.260473,13.99373,13.586081,14.64713,17.370264
14,30.497936,27.323374,24.976406,21.862345,18.699999,18.211763,14.055819,13.167326,12.015185,9.992547,10.58525,9.49842,8.035908,5.3709455,0.0,6.214391,7.0996604,10.550142,13.136299,15.866282,20.017302,21.731388,26.167032,22.308302,21.247318,17.617039,16.996101,14.655931,12.573467,14.381483,10.614245,16.235361,12.339778,17.139032,15.953488,11.662037,12.774101,17.78239,15.8368025,12.592648,16.260365,20.167328,16.847982,16.192568,20.525425,22.729553,19.376205,20.813173,25.143473,24.639812,25.16329,26.22094,30.194336,29.15797,28.962688,28.278341,23.597847,25.68338,29.875816,26.323729,21.810547,26.990292,27.176968,29.773127,25.59943,21.731306,24.646545,21.774305,19.288239,24.39699,23.604988,19.588991,19.652208,24.39433,22.75625,26.722101,25.20987,23.397684,25.33423,23.84614,23.230442,25.359804,20.610004,18.857508,17.128822,19.78749,17.533316,21.796028,20.923037,24.496443,23.188267,21.528465,25.836226,24.081066,21.987595,19.080564,18.76659,14.47199,14.813888,14.581169,10.955082,10.990207,6.8064075,8.642955,8.908654,10.334586,13.6214695
15,28.484255,25.008003,22.978588,19.05324,16.588783,14.756812,12.50619,11.261978,8.305368,8.910313,8.915889,10.242504,9.433937,8.699941,6.214391,0.0,4.5503855,5.789722,10.488349,12.236004,16.320953,18.802134,22.411352,18.527222,18.122478,15.029998,13.633938,12.5882635,9.571485,13.142505,7.6926184,14.731765,12.1802,15.44028,12.440459,7.8895245,9.832758,13.783934,10.562771,7.2840114,11.996445,14.516394,10.851834,11.1278515,15.488284,16.771442,14.084756,16.04141,19.899883,19.757648,19.564194,20.48196,24.465023,23.44974,22.87472,22.0683,17.401878,19.573275,23.775238,20.462015,15.928104,21.343918,21.984709,24.589619,20.472445,16.723059,20.128887,17.839617,14.348203,19.147095,19.343887,15.798938,14.657033,19.591438,17.213,21.310734,19.60128,17.366186,19.668545,17.931704,17.81541,20.371264,15.945802,13.644468,11.249025,14.605359,11.942108,16.97076,16.846222,20.670849,20.359598,19.213423,23.847158,22.879684,20.519598,19.03159,18.713905,14.98094,15.805007,15.787192,13.619797,13.1270485,11.569525,10.00159,12.194,11.611699,15.902692
16,24.769224,21.258133,19.548147,15.626157,13.024878,12.328261,9.602859,10.395503,8.985634,9.944499,11.715465,12.692246,12.689457,10.847379,7.0996604,4.5503855,0.0,4.6698055,6.4057684,9.658758,13.3721,15.479608,19.612177,16.549894,16.303764,13.279366,13.600978,13.001668,11.411896,15.238609,11.355384,18.5627,16.393435,19.935247,16.775578,12.325063,14.283989,18.050627,14.295457,10.981235,15.644335,17.450274,13.1408,13.233112,18.058796,18.232553,14.216193,17.071386,21.083687,21.727703,21.796278,21.119583,25.962963,25.61145,24.455578,23.404055,19.03025,21.140442,25.727064,23.074478,18.575048,24.116076,24.967884,27.857714,24.018517,20.31413,23.528263,21.324802,17.434431,21.50369,21.795877,18.256351,16.499208,20.613686,18.469473,21.799864,19.648062,17.823217,18.888899,17.63373,16.555946,18.714418,14.038779,12.128586,11.035703,12.980264,12.10216,16.323463,16.51919,20.444288,19.825321,17.848265,22.011683,20.497847,17.48915,16.034863,14.5539055,11.379711,11.515185,11.411622,9.898072,9.55249,9.910676,8.369944,11.908301,12.444915,16.819227
17,25.577168,21.751999,20.839987,16.115095,14.493576,12.999439,12.365114,13.141993,10.546026,12.9774065,13.828858,15.661399,15.220603,14.212252,10.550142,5.789722,4.6698055,0.0,6.573228,6.5614157,10.653257,13.273523,16.657824,12.877307,12.866543,10.270507,9.855276,10.369943,8.778044,13.431292,10.006853,17.2574,16.739923,19.370052,15.225491,11.393768,14.300368,16.889153,12.407311,10.008563,15.256364,15.276596,10.908054,12.74937,17.076185,15.825274,13.110933,16.709269,19.89431,20.903505,19.840694,19.030394,23.806704,23.32647,21.448994,19.735905,15.532392,17.062899,21.952578,20.130514,15.0688,20.404121,21.218662,24.415554,21.110497,17.35362,20.186092,18.280277,13.954868,17.355286,17.927282,14.743429,12.252189,16.085304,13.91577,17.134583,15.082545,13.598641,14.928642,14.366922,13.982562,16.936483,12.885312,9.873635,7.6020327,9.500903,7.507216,11.821303,12.236213,16.240936,16.216127,14.752451,19.16105,18.423223,15.696615,15.349209,15.036622,12.073613,13.531368,14.200163,13.393119,12.126528,13.319224,9.468872,13.405079,12.467933,17.073421
18,19.768261,15.965616,15.494041,10.948715,9.276967,9.906751,9.054909,12.502578,12.166941,14.468452,16.992926,18.384878,18.948448,17.003525,13.136299,10.488349,6.4057684,6.573228,0.0,6.199725,8.113473,9.9475155,14.185411,12.847147,13.444571,11.49426,13.872723,14.75661,14.623112,18.889553,16.2884,23.55309,22.420454,25.532385,21.631016,17.547102,19.80633,22.71459,18.16685,15.329809,19.9752,20.067183,15.388135,16.028004,20.742085,18.858158,14.173458,18.314686,21.746393,23.572733,23.37294,20.568487,26.279879,26.769257,24.58493,23.051138,19.44095,21.212929,26.090544,24.691385,20.4137,25.79172,27.02849,30.193327,26.951113,23.511734,26.469507,24.739435,20.241266,22.925797,23.78199,20.771223,17.859652,20.544651,18.54769,20.544115,17.814457,16.639368,15.855633,15.564366,13.4037,15.143321,10.881714,9.360761,10.222975,9.493958,11.587392,14.211009,15.389288,19.181786,18.811241,16.150331,19.40228,17.72562,13.6976795,13.679361,10.379409,9.482623,8.905997,9.098212,10.311758,9.770957,13.531114,10.992612,15.678469,16.348114,20.65368
19,23.516895,19.465826,20.17464,15.040313,14.561906,14.3311615,14.929429,17.555428,15.861708,18.720165,20.162477,21.941093,21.615255,20.220472,15.866282,12.236004,9.658758,6.5614157,6.199725,0.0,4.686195,6.9138393,10.467261,7.0094423,7.5375776,6.1966057,8.775437,10.966617,11.8413725,16.154919,15.184257,21.838053,22.60485,25.094059,20.602808,17.366785,20.636074,22.596605,17.765953,16.020233,21.171553,19.725494,15.394019,17.879929,21.911455,18.729921,16.071833,20.679863,23.157326,25.12223,23.515593,20.968952,26.3169,26.437037,23.3647,20.73476,17.55204,18.061005,23.353321,23.257647,18.10501,22.757517,23.526533,27.205118,24.89138,21.300373,23.200974,21.603748,17.209818,18.809288,19.351795,16.74684,13.573368,15.113734,14.001032,15.306984,13.054459,13.33616,12.570387,14.214969,13.198654,16.114779,13.063886,10.0476,9.265443,7.2246866,7.8009315,8.466974,9.408595,13.069225,12.980898,10.656688,14.143887,13.437412,10.09731,11.512078,11.256496,9.951736,12.11799,13.713804,14.467175,12.524308,16.235765,11.281858,15.985994,15.224905,19.42877
20,20.749529,16.692482,18.465525,13.307258,13.969899,14.20495,16.076248,19.454195,18.314564,21.644176,23.496046,25.492851,25.635914,24.185148,20.017302,16.320953,13.3721,10.653257,8.113473,4.686195,0.0,3.5628955,6.2458496,6.0767875,8.267565,8.950798,12.303492,15.12928,16.284786,20.574537,19.652695,26.242924,27.08934,29.310478,24.563976,21.464966,24.515354,26.071651,21.016794,19.423529,24.222212,22.010487,17.745922,20.129356,23.92399,19.685028,16.804539,21.80708,23.771687,26.419666,24.806519,20.87455,26.575878,27.333652,23.711504,20.956776,18.608246,18.968357,24.07309,24.778425,20.30647,24.65905,25.838434,29.422598,27.458532,24.304497,26.22537,25.111021,20.477213,21.089218,22.2828,20.297676,16.47925,16.860231,15.680057,15.675446,12.9298525,13.641861,11.028984,13.51082,11.75129,14.120637,12.129177,9.813944,10.68514,6.4554706,10.087749,9.110865,11.339693,14.334791,14.815803,12.368952,14.515437,13.97356,9.981649,13.038658,11.414739,12.233392,13.515534,14.932458,16.944221,15.347755,19.984064,15.457774,20.27229,19.762714,23.822971
21,20.942917,17.030905,19.466864,14.740059,15.460914,16.675032,18.043118,21.957375,21.240263,24.210377,26.286516,27.97241,28.012129,26.25363,21.731388,18.802134,15.479608,13.273523,9.9475155,6.9138393,3.5628955,0.0,5.3604136,6.476435,8.081934,9.221467,13.681764,16.267035,18.216005,22.045567,22.004154,28.426584,29.437231,31.982563,27.407581,24.266727,27.44881,29.25459,24.274906,22.59148,27.516262,25.506315,21.22194,23.50365,27.421871,23.237993,20.181692,25.168161,27.21996,29.913294,28.367676,24.278618,30.031967,30.860672,27.131142,24.226482,22.054394,22.142265,27.272915,28.24465,23.6088,27.76968,28.704607,32.45841,30.692888,27.409004,28.960754,27.663387,23.295538,23.762278,24.468744,22.405266,19.003994,18.805199,18.374184,17.852118,15.46914,16.842806,13.882305,16.846731,14.903491,16.843214,15.056915,13.17948,14.227592,9.958512,13.238776,11.198459,12.704311,15.079926,14.902998,11.863159,12.899122,11.849002,7.486264,11.219332,9.506618,11.420911,12.839584,14.688646,17.073576,15.280801,20.59204,16.115425,20.856855,20.71766,24.409191
22,21.920403,18.18359,21.342087,16.624496,18.354908,18.831394,21.554207,25.162962,24.097338,27.696745,29.500381,31.657564,31.78564,30.411783,26.167032,22.411352,19.612177,16.657824,14.185411,10.467261,6.2458496,5.3604136,0.0,6.727264,9.65963,12.337675,15.8525305,19.271002,21.069244,25.006422,24.961529,31.021072,32.666836,34.50244,29.507494,26.900768,30.11016,31.06313,25.948544,24.880997,29.492233,26.297638,22.466465,25.267515,28.521519,23.220224,21.16324,26.282955,27.407927,30.537323,28.4123,23.66152,29.159338,30.273233,25.908188,22.627926,21.489819,20.974245,25.740913,27.835371,23.74446,27.176804,28.35147,31.997185,30.902296,28.130255,29.402315,28.741093,24.2793,23.49755,24.883577,23.706364,19.682423,18.258932,17.861586,16.00007,13.5911455,15.701754,11.631432,15.756706,14.207045,16.08854,15.888007,14.09618,15.303103,10.305414,14.184263,10.765819,13.313426,14.843629,15.857296,13.790423,14.020336,14.318359,11.009782,15.694556,14.626257,16.694193,18.130608,19.769257,22.31735,20.584364,25.680563,20.871052,25.542583,24.799623,28.5016
23,26.498636,22.491524,24.517365,19.329033,19.945904,19.729326,21.430529,24.172318,22.204926,25.453934,26.520784,28.536781,27.898413,26.777231,22.308302,18.527222,16.549894,12.877307,12.847147,7.0094423,6.0767875,6.476435,6.727264,0.0,3.4780874,6.4710956,9.314839,12.925717,15.057584,18.642296,19.479588,24.967854,27.358675,29.153593,24.311987,22.062998,25.767794,26.726507,21.87422,21.136429,26.15336,23.220789,19.55297,23.052511,26.297531,21.711002,20.576292,25.448956,26.874144,29.257454,26.618336,23.598577,28.575907,28.758625,24.679914,21.025728,19.10822,18.092464,23.328747,25.10444,19.882938,23.197147,23.62389,27.64737,26.648336,23.372852,24.004147,22.9162,18.917727,18.459934,18.89982,17.423813,14.021784,12.718328,13.205634,12.164253,10.665703,13.393405,11.494484,15.609647,15.315773,18.430714,17.080963,13.996866,13.140694,9.511348,9.9913025,5.6588063,6.810582,8.762368,9.510067,7.8089504,9.757694,10.763479,8.674044,12.584969,14.24997,14.1001835,17.12778,19.293999,20.478395,18.073416,22.170357,16.438553,20.691261,19.16505,22.714914
24,28.734785,24.724367,26.509554,21.408646,21.506527,21.546078,22.394758,25.02515,22.988882,25.735174,26.631851,28.30139,27.23825,26.008549,21.247318,18.122478,16.303764,12.866543,13.444571,7.5375776,8.267565,8.081934,9.65963,3.4780874,0.0,3.8980339,7.378487,10.509524,13.455396,16.396664,18.317976,23.401718,26.105621,28.219418,23.722649,21.528465,25.472672,26.763004,22.196474,21.414206,26.65226,24.27662,20.640266,24.151045,27.553337,23.609919,22.493425,27.16533,28.9221,30.934286,28.308622,26.00972,30.823387,30.646084,26.835096,23.165354,20.86974,19.739017,25.061972,26.536287,20.7906,24.0347,23.919594,28.138922,27.149069,23.519962,23.690136,22.131874,18.669813,18.654224,18.08469,16.176273,13.760763,12.610915,13.990327,13.485461,12.725635,15.515046,14.479439,18.275534,18.136286,21.350882,19.467127,16.238525,14.830913,12.014611,11.064606,7.105399,5.9065895,7.574686,6.8272395,4.3965135,7.123837,8.069551,7.0379057,10.251851,13.606629,12.590741,16.451813,18.999857,19.579832,16.784142,20.57747,14.518716,18.388914,16.74936,19.929768
25,28.842731,24.828432,25.939945,20.949713,20.358353,20.456245,20.383505,22.754295,20.73041,22.954727,23.799978,25.145672,23.882812,22.515934,17.617039,15.029998,13.279366,10.270507,11.49426,6.1966057,8.950798,9.221467,12.337675,6.4710956,3.8980339,0.0,5.3948627,7.4266095,10.5098,13.417068,15.313565,20.6551,22.890242,25.489922,21.35643,18.82081,22.756405,24.632584,20.293898,19.142952,24.525457,23.064775,19.267284,22.417889,26.137417,23.13452,21.588825,25.9624,28.259613,29.860458,27.617788,25.974155,30.780855,30.35298,27.096308,23.815275,20.828218,20.22308,25.614769,26.161844,20.155272,23.902866,23.644457,27.810928,26.258348,22.295313,22.755848,20.690947,17.3711,18.537275,17.485355,14.754317,13.031824,13.390325,14.387226,15.199281,14.366743,16.242317,16.047287,18.85733,18.627048,21.856346,19.158998,15.888434,14.11123,12.354462,10.5093155,8.641727,6.665633,9.30241,7.5860786,4.7339373,8.9091835,8.608705,7.392377,8.466901,12.215911,9.8424425,14.086576,16.655119,16.5181,13.584647,16.856003,10.677144,14.513153,13.001358,16.358494
26,32.275,28.215767,28.730844,23.573973,22.812954,21.79157,21.85763,22.986382,20.013763,22.256536,22.112345,23.702469,21.923468,21.305674,16.996101,13.633938,13.600978,9.855276,13.872723,8.775437,12.303492,13.681764,15.8525305,9.314839,7.378487,5.3948627,0.0,4.2034225,6.441351,9.4119215,11.540687,16.048151,19.267193,21.145506,16.9026,15.171255,19.401196,20.637358,16.689857,16.330034,21.541933,19.826096,16.727768,20.517803,23.612679,21.031029,20.866034,24.712639,26.69118,27.744959,24.945784,24.666435,28.651318,27.56543,24.59503,21.25546,18.068743,17.080442,22.287937,22.659864,16.244328,19.54746,18.802837,23.029758,21.661173,17.576942,17.545288,15.374021,12.440615,13.822033,12.24444,9.360106,8.227066,9.450055,10.697979,12.661196,12.673113,14.312759,15.836616,18.172844,19.048113,22.79434,20.152182,16.39339,13.217476,13.113389,8.563311,7.8497543,4.5677857,7.5457387,6.8139067,6.9956694,11.926554,12.828809,12.682252,13.149379,17.10348,13.834156,17.967102,20.160381,19.187023,16.402712,17.908474,11.621889,14.458242,11.441789,14.849498
27,34.106766,30.126898,30.175413,25.29608,23.932783,23.166769,22.167625,22.969715,20.113243,21.467543,21.11668,22.106895,19.821207,19.074957,14.655931,12.5882635,13.001668,10.369943,14.75661,10.966617,15.12928,16.267035,19.271002,12.925717,10.509524,7.4266095,4.2034225,0.0,4.5076075,6.0010624,9.608275,13.6532,16.679865,19.278076,15.887377,14.00593,18.224167,20.210964,16.943403,16.261316,21.437965,20.965054,17.961426,21.200113,24.498793,23.089893,22.56417,25.93944,28.426153,28.97049,26.58986,27.062294,30.896423,29.521034,27.1614,24.215982,20.581005,19.99237,25.000648,24.53634,18.039011,21.473707,20.33571,24.407398,22.635406,18.25215,18.148125,15.238537,13.218395,15.854973,13.286411,9.492047,10.334593,12.620056,13.854379,16.478863,16.607334,17.685041,19.594799,21.27441,21.985994,25.583557,22.362404,18.782753,15.540781,16.184196,11.520259,11.9904995,8.689985,11.017096,9.105032,8.921439,13.722421,13.849991,14.113206,12.950401,17.447449,13.176185,17.506472,19.70657,17.82157,14.94557,15.266685,9.146713,10.893417,7.437814,10.662419
28,34.11171,30.195196,29.584425,24.7826,23.212627,21.655,20.676323,20.472242,17.08063,18.391832,17.417166,18.664572,16.294138,16.155436,12.573467,9.571485,11.411896,8.778044,14.623112,11.8413725,16.284786,18.216005,21.069244,15.057584,13.455396,10.5098,6.441351,4.5076075,0.0,4.970187,5.2787843,10.283099,12.837144,15.110065,11.484806,9.539875,13.812178,15.73224,12.68934,12.161908,17.153456,17.082567,14.411325,17.558308,20.59346,19.986458,19.87396,22.659433,25.171999,25.260897,22.984276,24.351538,27.74036,26.061708,24.291273,21.855215,17.812828,17.760118,22.446838,21.09225,14.73975,18.540215,17.605545,21.318085,18.916916,14.457528,15.134175,12.138008,9.829593,13.747972,11.770151,7.6289,8.49328,12.644243,12.54756,16.334187,16.244162,16.176481,19.039116,19.63267,20.718685,24.349384,20.964455,17.395088,13.605923,15.65491,10.218079,12.765254,10.460674,13.331076,12.620908,12.866866,17.81276,18.012915,17.582207,16.4939,19.725885,15.370977,18.862314,20.440113,18.276596,15.988118,15.181639,10.023482,11.445477,7.7314405,11.528564
29,38.60008,34.707508,34.073425,29.403934,27.620638,26.328705,24.784048,24.386337,21.106941,21.632168,20.238218,20.82838,17.716707,17.704563,14.381483,13.142505,15.238609,13.431292,18.889553,16.154919,20.574537,22.045567,25.006422,18.642296,16.396664,13.417068,9.4119215,6.0010624,4.970187,0.0,7.141745,8.290418,12.27022,14.734375,12.58902,11.74488,15.743046,17.717752,15.910409,15.74472,20.168106,20.706688,18.667068,21.62038,24.33575,24.365675,24.587982,26.994005,29.52476,29.190462,26.858898,28.95213,31.897554,29.833363,28.338848,25.86214,21.961157,21.513908,25.85098,24.494617,18.155811,21.059507,19.252249,22.89564,20.929811,16.48001,15.9017725,12.279608,12.103184,15.920725,12.355761,8.170957,11.529998,14.963155,15.995215,19.56124,20.184343,20.576931,23.60892,24.440193,25.667877,29.318861,25.893358,22.3593,18.547964,20.510054,14.961249,16.655323,13.471005,15.291173,13.76181,14.508302,19.085587,19.328115,19.956007,18.097897,22.498007,17.682066,21.60605,23.408827,20.6066,18.125172,16.265059,11.634417,11.041161,6.509274,8.439129
30,35.294888,31.582394,30.11161,25.710339,23.718025,21.562881,20.107012,18.566671,14.832706,15.40411,13.473732,14.624315,11.895743,12.616062,10.614245,7.6926184,11.355384,10.006853,16.2884,15.184257,19.652695,22.004154,24.961529,19.479588,18.317976,15.313565,11.540687,9.608275,5.2787843,7.141745,0.0,7.344461,7.923012,10.341321,7.2449985,4.763477,8.850202,11.425469,9.493906,8.853511,13.137868,14.656876,12.659692,14.920557,17.63224,18.80217,18.841656,20.502872,23.286804,22.547289,20.833576,23.509241,26.257174,24.187271,23.51344,22.003582,17.542782,18.375004,22.338093,19.528479,13.905235,17.994854,17.292099,20.194458,16.804255,12.455894,14.2892,11.205206,9.385744,14.781301,13.432419,9.601475,10.79864,16.059635,14.800637,19.38355,19.054577,17.725761,21.308182,20.53922,21.778208,25.152485,21.47995,18.295069,14.401072,17.830252,12.534576,16.667658,15.150716,18.140125,17.82968,18.093199,23.043169,23.015583,22.169498,20.6864,22.910877,18.416893,20.977406,21.85839,19.187643,17.654526,15.264162,12.023519,12.428497,9.279455,12.750165
31,42.620678,38.897694,37.39811,33.00653,31.030132,28.688673,27.210093,25.113195,21.24052,21.234129,18.343304,18.98382,15.463369,17.065067,16.235361,14.731765,18.5627,17.2574,23.55309,21.838053,26.242924,28.426584,31.021072,24.967854,23.401718,20.6551,16.048151,13.6532,10.283099,8.290418,7.344461,0.0,6.9920387,7.189054,7.1970944,8.936854,11.5448265,12.526912,13.2351055,14.16578,16.637188,18.200546,17.88829,20.278893,21.665953,23.544992,25.003487,25.917725,28.114412,26.630524,24.417294,28.606447,30.106829,27.23595,27.087868,25.587914,21.610146,21.666616,24.673615,21.925013,16.730558,18.872797,16.848007,19.227686,16.662134,12.780367,12.53982,8.882334,10.879729,15.817177,12.93312,9.977408,13.794352,18.394108,18.149973,22.672348,23.408745,22.52967,26.782532,26.242882,28.150024,31.706905,28.376795,25.084145,20.84778,24.340317,18.357134,21.62915,19.370392,21.26619,20.893164,22.190456,26.91774,27.418684,27.625372,25.91574,29.318497,24.502392,27.55287,28.631153,25.50592,23.811651,20.489986,17.666977,16.38779,12.618281,13.839035
32,40.523785,37.131393,34.78881,31.084751,28.555475,26.260542,23.856401,20.944487,17.586641,16.286274,13.076595,12.899608,9.133348,11.303894,12.339778,12.1802,16.393435,16.739923,22.420454,22.60485,27.08934,29.437231,32.666836,27.358675,26.105621,22.890242,19.267193,16.679865,12.837144,12.27022,7.923012,6.9920387,0.0,5.5133557,7.737359,7.2002926,7.4917717,10.895779,12.437405,11.977669,13.473056,17.565031,16.989634,17.56378,19.357183,22.980158,23.155083,23.175247,26.182827,24.184605,23.433283,27.763315,29.436234,26.824787,27.640371,27.15218,22.679178,24.042917,26.90858,22.734873,18.558651,21.939064,21.009012,22.690134,18.734934,15.263705,17.243856,14.221689,14.53786,20.245173,18.69074,15.462931,17.743038,23.091667,21.691002,26.543919,26.357307,24.421291,28.41537,26.719112,27.992245,30.960567,27.072771,24.47252,20.868475,24.948067,19.996761,24.50686,22.972004,25.70419,25.187984,25.530573,30.388823,30.088211,29.37711,27.109264,29.040545,24.256119,26.145994,26.473694,23.010092,22.197077,17.782187,17.091688,15.543853,13.385217,15.044223
33,43.10917,39.68882,37.38218,33.503235,31.367006,28.337452,26.887543,23.488586,19.551596,19.04985,15.204018,15.96213,12.886529,15.741394,17.139032,15.44028,19.935247,19.370052,25.532385,25.094059,29.310478,31.982563,34.50244,29.153593,28.219418,25.489922,21.145506,19.278076,15.110065,14.734375,10.341321,7.189054,5.5133557,0.0,5.5212555,8.159785,7.686606,8.037824,11.332317,12.503734,12.53758,15.741399,16.638285,17.706142,18.060719,21.875505,23.60862,23.081394,25.196484,22.761494,21.36602,26.854185,27.397764,24.231943,25.4902,25.258629,21.206022,22.329956,24.252945,19.892887,16.533781,18.818207,17.730429,18.608524,14.762677,12.0701275,13.939329,11.650929,12.993765,18.292679,17.255157,15.128439,17.41678,22.66842,20.97893,25.932722,26.111256,23.940002,28.570194,26.633072,28.617994,31.726885,28.425701,25.717781,21.743359,26.20108,20.822285,25.380726,24.14418,26.560802,26.796375,27.834742,32.7477,33.064423,32.483383,30.877188,32.954617,28.388973,30.431974,30.773499,27.696009,26.80426,22.92074,21.513638,20.478619,17.671768,19.369385
34,39.115612,35.557156,33.665333,29.418972,27.696714,24.436974,23.8332,20.921993,16.549868,17.33509,13.963045,15.798825,13.350445,15.709549,15.953488,12.440459,16.775578,15.225491,21.631016,20.602808,24.563976,27.407581,29.507494,24.311987,23.722649,21.35643,16.9026,15.887377,11.484806,12.58902,7.2449985,7.1970944,7.737359,5.5212555,0.0,4.6194544,6.286261,5.5039215,6.6381245,8.550823,9.957384,11.346676,11.882183,14.093543,14.697492,17.180796,19.297358,19.522888,21.350708,19.599804,17.435677,22.274784,23.28535,20.339916,20.79854,20.116116,15.978584,16.985846,19.392088,15.505516,11.290693,14.241826,13.575935,15.161565,11.147582,7.535615,10.348574,8.262591,7.8643513,13.411295,13.206446,11.149935,12.33436,17.76814,15.619417,20.624308,20.644508,18.430079,23.10539,21.356907,23.539772,26.861105,23.84898,20.876371,16.671618,21.080027,15.565288,20.21431,19.399767,21.9837,22.733328,23.836023,28.773668,29.358103,28.530073,27.62683,29.531372,25.355747,27.53032,28.020258,25.553955,24.43894,21.726042,19.176003,19.34501,16.181519,18.906147
35,35.15586,31.64338,29.602812,25.496126,23.503622,20.561695,19.443369,16.740889,12.561305,13.189017,10.32365,12.160492,9.9479065,11.769069,11.662037,7.8895245,12.325063,11.393768,17.547102,17.366785,21.464966,24.266727,26.900768,22.062998,21.528465,18.82081,15.171255,14.00593,9.539875,11.74488,4.763477,8.936854,7.2002926,8.159785,4.6194544,0.0,4.3543525,7.0199637,5.7812376,5.3489375,8.565669,11.117934,9.9407,11.469177,13.564096,16.046532,16.530224,17.169533,19.874746,18.540731,17.210157,20.867828,22.98414,20.701632,20.906443,20.279194,15.679891,17.3574,20.55379,16.57839,12.087428,16.465979,16.46981,18.49005,14.196143,10.416909,13.832583,11.569933,9.407409,15.109712,15.126411,12.188682,12.412842,18.075855,15.640463,20.572025,19.889318,17.45872,21.495152,19.551668,21.018936,24.121084,20.57044,17.785498,13.961838,18.359552,13.520765,18.680077,18.102116,21.276358,21.649776,21.976675,26.944141,26.98182,25.621283,24.467258,25.664516,21.563156,23.304613,23.592913,21.148378,20.265512,17.658098,15.504298,16.125452,13.6498785,17.04319
36,36.012478,32.78325,30.122557,26.545532,24.354538,21.095778,19.747822,15.994673,11.998258,11.816856,7.9761963,9.851685,8.126987,10.950868,12.774101,9.832758,14.283989,14.300368,19.80633,20.636074,24.515354,27.44881,30.11016,25.767794,25.472672,22.756405,19.401196,18.224167,13.812178,15.743046,8.850202,11.5448265,7.4917717,7.686606,6.286261,4.3543525,0.0,5.3861666,6.550721,5.847186,5.994207,10.966125,10.725644,10.508814,11.930779,16.290192,16.634079,15.970917,18.843317,16.706366,16.36744,20.879513,22.374325,19.98372,21.283827,21.615395,17.086573,19.467459,21.870804,16.829645,13.902569,18.141869,18.598312,19.703785,14.788861,11.999933,16.162905,14.427835,12.682163,18.200796,18.761908,16.223078,16.282827,21.953274,19.039389,24.004206,23.074911,19.990658,24.055868,21.222841,22.574919,25.209236,21.640146,19.465437,16.139927,20.936285,16.827162,22.383947,22.208218,25.468237,25.954908,26.150812,31.099571,30.960688,29.296343,28.007036,28.4835,24.537107,25.584776,25.361708,22.858501,22.565887,19.405922,18.505795,18.838228,17.00355,20.129787
37,38.194748,34.922115,32.529427,28.704805,27.097797,23.184397,23.092323,19.305151,14.89543,15.919103,12.149333,14.685633,13.430051,16.304974,17.78239,13.783934,18.050627,16.889153,22.71459,22.596605,26.071651,29.25459,31.06313,26.726507,26.763004,24.632584,20.637358,20.210964,15.73224,17.717752,11.425469,12.526912,10.895779,8.037824,5.5039215,7.0199637,5.3861666,0.0,5.1773396,7.527329,5.7494,8.085414,10.078257,11.05659,10.294649,14.378383,16.93245,15.896682,17.387787,14.937538,13.361986,19.226603,19.423813,16.351763,17.99699,18.552721,14.546258,16.645874,18.00671,12.690329,10.79329,13.984878,14.65405,14.943359,9.821792,8.040195,12.751889,12.178914,10.788196,15.540437,16.998268,15.654054,15.385707,20.75284,17.485786,22.426048,21.864016,18.576187,23.289217,20.329609,22.557825,25.389145,22.671507,20.322512,16.616701,21.579014,17.076105,22.436726,22.605825,25.480783,26.739124,27.616201,32.530052,33.03568,31.57183,30.997347,31.788176,28.095835,29.465096,29.407982,27.332598,26.79362,24.235952,22.423119,23.09021,20.546198,23.63451
