,0,1,2,3,4,5,6,7,8,9,10,11,12,13,14,15,16,17,18,19,20,21,22,23,24,25,26,27,28,29,30,31,32,33,34,35,36,37,38,39,40,41,42,43,44,45,46,47,48,49,50,51,52,53,54,55,56,57,58,59,60,61,62,63,64,65,66,67,68,69,70,71,72,73,74,75,76,77,78,79,80,81,82,83,84,85,86,87,88,89,90,91,92,93,94,95,96,97,98,99,100,101,102,103,104,105,106,107,108,109
0,0.0,4.440831,6.4157214,9.199503,11.451429,14.3799305,16.865723,21.80365,23.927628,27.46909,30.99306,35.67509,33.101147,31.554419,27.34653,25.563055,21.400797,21.608223,15.276089,14.782315,13.727216,11.261748,14.329937,15.209541,15.609455,19.327145,18.846823,20.114086,19.239586,18.236597,22.250208,19.671799,27.401068,23.050728,27.948719,27.373026,29.643496,31.003082,27.195843,25.175922,29.093279,26.176607,26.909784,27.901749,25.852928,26.65059,27.629538,29.085472,28.670975,32.031094,30.350079,28.035295,32.721916,34.86173,31.098314,32.13463,36.53538,35.548004,33.972282,36.67664,41.063026,37.677517,38.49742,42.347233,44.133293,40.689133,41.999943,41.961803,37.23886,33.813477,32.398594,27.921587,27.430605,22.387999,24.93848,19.742289,21.08233,21.917063,16.812214,20.195044,15.10543,15.618378,15.708477,17.13397,14.966558,19.301489,14.883909,20.901888,20.25879,24.074125,26.91961,28.58518,33.449104,32.26221,36.550526,35.43069,32.026123,33.48538,28.02286,31.556906,27.11399,29.466904,31.052727,29.865631,27.686483,31.63143,27.363747,30.125185,27.354048,29.10488
1,4.440831,0.0,4.798834,6.4192095,7.375466,11.0038,12.616918,17.812561,19.779907,23.343477,26.989296,31.52666,29.258873,27.849092,23.72006,21.839272,17.881933,17.861908,12.52195,11.452569,11.522075,9.581143,13.011368,14.937726,16.630285,19.454927,18.00551,19.31591,16.997011,16.601849,19.298573,16.905567,24.358135,20.279177,25.080463,24.495813,27.275259,28.584343,25.098934,23.166855,26.597498,24.235947,24.178078,25.556011,24.353407,24.489555,26.441572,27.620258,27.048317,30.132488,28.404774,25.624716,30.33028,32.355297,28.168095,29.204224,33.58908,32.373867,30.500193,33.326027,37.776737,34.03484,34.774296,38.627766,40.284588,36.61539,37.855633,37.916874,33.0709,29.6588,28.457819,23.910242,23.800997,18.75453,21.89416,16.919264,18.851618,20.640911,15.851155,20.163113,15.7285385,15.997184,15.819569,16.074574,13.038743,16.9122,11.6819935,17.504412,16.254412,20.033457,22.68144,24.312197,29.181255,27.89853,32.226803,31.285965,27.976038,29.498907,24.115873,27.608025,23.50357,25.877167,27.772425,26.080223,23.744358,27.426617,23.048649,25.707472,22.92042,24.724741
2,6.4157214,4.798834,0.0,5.0675573,7.750626,8.449881,12.591693,16.234734,18.995743,22.103773,25.787369,30.424074,27.248745,25.779875,21.322746,20.028553,15.723541,16.843359,10.5595665,11.744282,11.031133,10.493251,14.931666,16.003088,18.029425,20.527174,20.034302,19.972893,17.965826,16.264517,19.193295,15.051016,22.426842,17.415236,22.279297,21.233732,23.74831,25.434,22.013466,20.462091,24.42646,22.528593,23.314634,25.226372,24.51174,25.238646,27.160439,29.096533,29.343544,31.823458,29.501287,27.41161,32.422726,33.557625,29.453938,31.41158,35.260426,33.430614,32.00398,35.212555,39.068874,34.982018,36.449474,40.23133,41.436234,37.664204,39.359955,40.015053,35.004696,31.749334,30.792515,26.456455,26.959202,22.031078,25.823017,21.003828,23.360998,25.23953,20.622614,24.91708,20.305357,20.309975,19.715609,19.95683,16.74157,20.085299,14.835703,19.622616,18.03418,21.104187,23.69009,24.567095,29.398798,27.798975,32.001945,30.896622,27.356009,29.332357,24.208166,28.276388,24.656134,27.760891,30.272839,28.246729,25.590475,29.10187,23.921946,26.63581,23.301651,25.077898
3,9.199503,6.4192095,5.0675573,0.0,4.4331355,6.406655,9.35329,14.038663,15.674818,19.443024,22.298136,27.318178,24.702436,22.749092,18.990776,16.674583,12.511939,12.686348,6.1830907,6.8233833,6.164323,6.432622,11.092601,12.546093,15.70849,17.150211,16.234098,15.805215,13.1185,11.599527,14.147628,10.636072,18.24473,14.131888,18.969742,18.851522,21.257265,22.317446,18.72615,16.756105,20.255623,18.100557,18.428465,20.242357,19.791376,20.286879,22.603302,24.514498,24.999138,27.109879,24.639814,22.65609,27.756342,28.581715,24.516996,26.833258,30.425953,28.486763,27.3107,30.604292,34.210026,30.25641,32.016705,35.758896,36.942207,33.464012,35.503254,36.433247,31.625782,28.534914,27.198011,23.399334,23.95929,19.25711,23.573729,18.77767,22.213987,23.655104,19.999788,24.779198,20.440119,19.39474,18.005547,17.434776,13.882956,16.389366,11.497873,15.278673,14.120386,16.90015,19.888144,20.856152,25.637983,24.670221,28.66669,27.032047,23.426888,25.050804,19.75408,23.837118,19.963173,23.333418,26.025694,24.210657,21.558315,25.549904,20.343588,23.687737,20.772156,23.345139
4,11.451429,7.375466,7.750626,4.4331355,0.0,5.974316,5.5320387,11.445759,12.602316,16.54333,19.732899,24.437723,22.55544,20.938904,17.336224,14.815534,11.220932,10.581897,7.1962795,5.4567885,7.6969743,8.085373,11.745788,14.479118,18.090628,19.045826,16.819437,17.203516,12.844791,12.933245,13.200905,10.937484,17.696526,14.403808,18.873913,18.737658,21.93456,22.879568,19.870638,18.047983,20.572382,19.117483,17.999668,20.078312,20.46882,19.852552,23.229843,24.386654,24.232676,26.317818,24.164984,21.293333,26.145657,27.289022,22.67858,24.476961,28.29739,26.37745,24.550514,27.802876,31.792336,27.505539,28.772707,32.553055,33.7726,29.976809,31.661116,32.416008,27.483149,24.324598,23.247942,19.223999,20.077234,15.442036,20.0996,15.784773,19.43691,21.816702,18.503891,23.718079,20.167492,19.320202,18.141428,16.66259,12.634558,14.579358,8.977248,12.497652,10.371813,13.381029,16.03921,17.25663,22.117943,21.02668,25.200205,23.987957,20.619001,22.212936,16.931463,20.71152,17.195826,20.220425,23.027563,20.63023,17.884104,21.484797,16.399668,19.511196,16.711998,19.295506
5,14.3799305,11.0038,8.449881,6.406655,5.974316,0.0,6.739395,8.262526,11.18265,14.009595,17.53219,22.189594,18.873623,17.340347,12.991409,11.665693,7.4193387,9.397562,5.9256873,8.608097,9.704412,11.841052,16.16413,17.890987,21.649391,22.295042,21.092134,19.995749,16.050716,14.574115,14.448147,9.240392,15.218108,10.273314,14.807609,13.651302,17.031733,18.66916,16.133612,15.154812,18.143917,17.995935,17.777855,20.858335,22.291746,22.264847,25.74215,27.702202,28.433563,29.711815,26.900866,24.854883,29.864061,29.84467,25.340092,28.191694,31.221222,28.454458,27.119967,30.8,33.954235,29.09814,31.234217,34.817444,35.32489,31.281988,33.44167,34.962776,29.845858,26.989418,26.504217,22.80734,24.513035,20.282362,25.34766,21.461365,25.073637,27.78077,24.335691,29.467249,25.692474,24.969519,23.683212,22.39763,18.417418,19.943048,14.685855,16.76185,14.104127,15.64332,17.718584,17.55018,22.163057,20.362545,24.314255,23.105818,19.499733,21.948166,17.414228,21.906475,19.608196,23.419706,26.968061,23.998701,20.918842,23.774805,17.721922,20.495356,16.842016,19.098997
6,16.865723,12.616918,12.591693,9.35329,5.5320387,6.739395,0.0,7.1117563,7.2991147,11.348251,14.644414,19.079735,17.783457,16.431513,13.284868,10.552308,8.118193,6.8049674,8.522753,6.822215,10.569035,12.198008,15.031633,18.110628,22.343061,22.325521,19.508596,19.582512,13.891072,14.738675,12.011952,10.342175,14.989999,12.765328,16.350128,16.233507,20.131588,20.910427,18.85896,17.51601,18.798016,18.756481,16.303923,19.13845,21.173351,19.630901,24.243803,25.052462,24.893822,26.190529,23.970608,20.780495,25.328966,25.902195,20.835585,22.855408,26.203876,23.718899,21.551167,25.05121,28.787441,23.805033,25.174631,28.83399,29.615637,25.405819,27.14461,28.350548,23.243443,20.312431,19.802744,16.11256,18.05257,14.206186,19.6398,16.530453,20.657995,23.890757,21.437696,26.913233,24.183578,23.241241,21.948492,19.558846,15.369949,15.800509,10.689624,11.4907055,7.8398366,9.484102,11.373087,12.008097,16.862345,15.512374,19.709906,18.766205,15.5428505,17.428867,12.585944,16.411175,14.217409,17.429209,20.975174,17.544256,14.445566,17.180958,11.453218,14.451235,11.472944,14.471672
7,21.80365,17.812561,16.234734,14.038663,11.445759,8.262526,7.1117563,0.0,5.095853,5.9903884,10.789732,14.4928055,11.614595,11.089917,6.8788047,6.608149,5.5959487,7.622006,11.575418,12.728783,15.550868,18.13051,21.4524,23.926691,28.286518,28.015408,25.825562,24.864666,19.417583,19.238138,15.661905,12.0001545,13.735245,10.857465,13.163965,11.537451,16.339903,17.825693,17.254364,17.219816,18.047033,20.125097,18.001976,21.921047,25.325197,24.019619,28.942268,30.243301,30.716366,31.15702,28.46945,25.902952,30.291956,29.710016,24.726793,27.542627,29.936886,26.547062,24.68069,28.4868,31.261621,25.494286,27.57323,30.8298,30.626827,25.931238,27.95522,30.043783,24.793465,22.41842,23.019217,19.886612,22.89459,19.867085,25.395021,23.063488,26.892048,30.749456,28.174234,33.61635,30.890537,30.223728,28.973175,26.655773,22.472075,22.619328,17.774721,17.506815,13.555536,13.128576,13.380525,11.75372,15.769627,12.961671,16.844028,16.528822,13.391,16.624603,13.598084,17.73761,17.827507,21.434969,25.656113,21.410927,18.149286,19.149027,12.719201,14.394781,10.25346,12.360057
8,23.927628,19.779907,18.995743,15.674818,12.602316,11.18265,7.2991147,5.095853,0.0,4.8376565,7.4349475,11.8471365,11.118393,9.874101,8.259918,5.1895213,6.5101066,5.201689,12.278543,11.993434,15.392397,18.071844,20.431147,23.199825,27.90141,26.860306,24.11975,23.269394,17.204613,17.993435,12.737683,11.397755,11.622313,11.408454,12.845665,12.942398,17.250763,17.662806,17.2131,16.782179,16.275585,18.406757,14.912048,18.702734,22.746687,20.683077,26.206652,27.030172,27.414637,27.393702,24.861382,22.130522,26.172695,25.366623,20.305801,23.190609,25.23175,21.721834,19.805193,23.65552,26.248667,20.411867,22.623718,25.82489,25.594023,21.05205,23.397844,25.784834,20.784203,18.68354,18.963951,16.702911,19.894548,17.610304,23.323467,21.51483,25.958334,29.430557,27.82827,33.35646,31.0749,29.840643,28.244764,25.33175,21.281527,20.36411,16.527733,14.440275,10.733702,8.921918,8.946365,6.9965854,11.181604,9.448287,13.192697,12.155666,8.903372,11.733835,8.612738,12.659368,13.2857895,16.932123,21.401827,17.107082,13.876305,14.999664,8.448574,11.094893,8.072627,11.726781
9,27.46909,23.343477,22.103773,19.443024,16.54333,14.009595,11.348251,5.9903884,4.8376565,0.0,5.942062,8.559495,7.086803,7.41386,6.0037155,6.064559,8.823118,9.419408,16.06195,16.60892,19.754524,22.566023,25.184542,27.826338,32.498985,31.508762,28.933002,27.862701,21.939894,22.390038,17.10807,15.009233,13.576777,13.210773,13.41544,12.428015,17.141302,17.98115,18.702402,19.105862,18.247746,21.544254,18.308697,22.429016,26.987646,24.985142,30.582724,31.496689,31.984344,31.656452,29.06434,26.495272,30.26702,29.05747,24.108402,27.030394,28.612993,24.788662,22.868708,26.654022,28.755531,22.54835,24.816086,27.634283,26.761295,21.847952,24.042564,26.832006,21.834381,20.171951,21.373074,19.362408,23.071735,21.254425,26.809992,25.521038,29.598272,33.62912,31.882544,37.390244,35.233612,34.310467,32.88726,30.006737,25.926134,25.06318,21.09538,19.062954,15.153033,13.003358,11.797358,8.652331,11.278238,7.9760118,11.262937,11.415586,8.936561,12.665041,11.641437,15.010717,17.157366,20.486658,25.038845,20.292742,17.20517,16.812065,10.748975,11.562953,8.095387,10.416312
10,30.99306,26.989296,25.787369,22.298136,19.732899,17.53219,14.644414,10.789732,7.4349475,5.942062,0.0,5.699391,6.6668696,5.147089,8.272637,6.4178724,10.766697,10.056041,17.703089,18.140768,20.963503,24.148777,26.095438,28.435995,33.35249,31.477982,29.022596,27.366514,21.60206,22.168032,15.8692665,15.168503,10.897172,13.38514,11.882271,12.719226,16.292974,15.922863,17.312412,17.792124,15.3256,19.378328,15.472678,19.581331,25.05822,22.842175,28.644873,29.5563,30.57387,29.294907,26.532585,24.660542,28.026329,25.749313,21.311302,25.019197,25.464615,21.092495,19.990568,23.878284,24.781202,18.585436,21.928919,24.316807,22.849596,18.541372,21.788704,25.509281,21.24922,20.34218,21.041218,20.532137,24.18047,23.131197,28.704212,27.650743,32.326717,35.589256,34.649128,40.160984,38.075203,36.47743,34.560062,31.3799,27.551748,25.78191,23.009388,19.367006,16.487906,13.014383,11.851371,8.001702,8.773354,7.7921557,8.949011,6.891902,4.0898113,8.070492,9.031628,12.023112,15.366155,18.968426,23.765335,19.481451,16.729876,16.5377,11.218936,12.904389,11.359514,14.506841
11,35.67509,31.52666,30.424074,27.318178,24.437723,22.189594,19.079735,14.4928055,11.8471365,8.559495,5.699391,0.0,6.622412,7.942163,11.447607,11.580579,15.826322,15.498468,23.11599,23.384363,26.45442,29.484646,31.370464,33.9362,38.837784,37.00058,34.265236,32.892097,26.940088,27.809875,21.318962,20.812681,16.223206,18.57468,16.539368,16.62475,20.199493,20.034601,22.22504,23.104628,20.347477,24.817501,20.78175,24.711071,30.394157,27.837341,33.829025,34.379402,35.080364,33.640347,31.186268,29.044563,31.82707,29.56876,25.209229,28.331839,28.443676,24.138609,22.64209,26.122072,26.716402,20.372366,23.12175,24.923206,22.803114,18.120407,20.805578,24.833141,20.875303,20.644966,22.34816,22.299406,26.384893,26.080553,31.33419,31.106474,35.412933,39.275352,38.49507,43.969948,42.322247,41.00911,39.315216,35.955208,32.1418,30.233864,27.470871,23.741402,20.548508,16.95144,14.604496,10.576125,9.054239,7.0575256,5.9363503,6.66099,7.14913,10.299876,13.280787,14.651303,19.321806,22.021006,26.615791,21.879856,19.487347,17.51543,13.546586,13.2526245,12.368591,14.174161
12,33.101147,29.258873,27.248745,24.702436,22.55544,18.873623,17.783457,11.614595,11.118393,7.086803,6.6668696,6.622412,0.0,3.9306452,6.203798,8.814241,12.516534,14.158877,20.391102,22.132593,24.546946,27.883781,30.636673,32.693115,37.45239,36.047653,34.110943,32.115128,26.75975,26.424849,21.135857,18.358837,14.246497,14.621479,12.522784,11.146004,15.057116,15.86934,18.34885,19.857433,18.19222,23.021742,20.471098,24.907204,30.231829,28.671318,34.097538,35.515766,36.755436,35.604305,32.601437,30.982924,34.576717,32.18071,27.856102,31.624874,32.1114,27.661123,26.635847,30.479345,31.215214,25.000576,28.245634,30.434254,28.597786,24.09557,26.925322,30.637383,26.214348,25.315104,26.717752,25.608269,29.473394,28.059666,33.622658,32.421635,36.643475,40.473145,38.800285,44.318943,41.94044,40.81991,39.150204,36.337948,32.309277,31.217194,27.615122,25.032454,21.636929,18.84322,17.53075,13.686187,14.237931,11.465728,12.2348385,12.09485,10.520701,14.424128,15.573414,18.604383,21.841694,25.441162,30.198141,25.647657,22.788713,21.945246,16.551147,16.953455,14.304935,15.759023
13,31.554419,27.849092,25.779875,22.749092,20.938904,17.340347,16.431513,11.089917,9.874101,7.41386,5.147089,7.942163,3.9306452,0.0,5.475138,6.2391405,10.262473,11.616592,17.824368,19.754185,21.835096,25.376457,27.981113,29.759865,34.570583,32.88092,31.209269,28.837368,23.768013,23.18368,17.933186,15.215365,10.3886175,11.532159,9.009615,8.79077,12.298163,12.539674,14.844516,16.229073,14.283082,19.190466,16.775915,21.255095,26.647654,25.328672,30.578909,32.240105,33.844757,32.49735,29.282658,28.113327,31.86175,29.132042,25.050158,29.32145,29.612968,25.043468,24.54275,28.535547,29.011583,23.035177,26.844965,29.139236,27.44835,23.399912,26.779375,30.600813,26.306343,25.316715,26.057991,25.154411,28.717402,27.130033,32.816776,31.228317,35.807346,39.037228,37.52346,43.04279,40.434875,38.940556,36.99382,34.22652,30.295742,29.052774,25.811106,22.920424,20.051811,17.136024,16.529146,12.86175,13.849518,12.193631,13.090354,11.400794,8.929176,12.646197,13.296041,16.838102,19.53655,23.583776,28.402466,24.326012,21.453466,21.560923,15.89356,17.412828,14.984602,17.397781
14,27.34653,23.72006,21.322746,18.990776,17.336224,12.991409,13.284868,6.8788047,8.259918,6.0037155,8.272637,11.447607,6.203798,5.475138,0.0,5.065501,7.0624785,10.17137,14.874286,17.37672,19.383442,22.721771,26.002869,27.817482,32.380497,31.450644,29.917664,27.832245,22.867294,21.889776,17.80161,13.507829,11.620494,9.576577,9.2420225,6.8431783,11.76676,13.367913,14.560611,15.770143,15.648626,19.586401,17.96982,22.453718,26.936367,26.00282,30.925188,32.766384,34.10182,33.551697,30.362717,28.799936,33.041145,31.117582,26.660881,30.523846,31.747478,27.580212,26.599566,30.620682,32.055405,26.097784,29.295015,32.047367,30.93911,26.514708,29.322165,32.440594,27.593203,25.948376,26.743671,24.701212,28.07917,25.68267,31.355312,29.258875,33.42847,36.971626,34.70644,40.17496,37.28016,36.242912,34.614483,32.247692,28.152227,27.756449,23.596638,22.12019,18.74223,16.956745,16.7853,13.753694,16.227333,13.552857,15.937322,15.102079,12.145653,15.97371,14.844599,19.01125,20.488188,24.583504,29.240131,25.038956,21.883297,22.369434,16.063078,17.513132,13.926938,15.838542
15,25.563055,21.839272,20.028553,16.674583,14.815534,11.665693,10.552308,6.608149,5.1895213,6.064559,6.4178724,11.580579,8.814241,6.2391405,5.065501,0.0,4.461117,5.6027336,11.870926,13.567414,15.793627,19.21833,21.95524,23.882172,28.648478,27.280539,25.49219,23.448624,18.226704,17.698744,12.89478,9.741173,7.825218,7.5116467,7.8377037,8.136529,12.228386,12.623423,12.785441,13.060137,12.400098,15.714169,13.2702875,17.660082,22.224697,21.00957,26.121872,27.783,29.135035,28.489641,25.331985,23.77426,28.03497,26.119629,21.667534,25.696003,26.913994,22.825222,22.014168,26.093271,27.599564,21.880274,25.257534,28.17027,27.402266,23.346762,26.481342,29.546728,24.881945,23.169556,23.254488,21.565334,24.62999,22.305006,28.055285,25.832243,30.467287,33.398712,31.654413,37.147327,34.33386,32.81012,30.88346,28.279541,24.305334,23.434872,19.882133,17.646044,14.796889,12.693794,13.205199,10.584559,13.622417,12.261966,14.847132,12.824838,9.173668,12.4399,10.293054,14.857983,15.707935,20.0707,24.73508,20.952984,17.837648,19.257046,12.896174,15.585073,12.705739,15.905258
16,21.400797,17.881933,15.723541,12.511939,11.220932,7.4193387,8.118193,5.5959487,6.5101066,8.823118,10.766697,15.826322,12.516534,10.262473,7.0624785,4.461117,0.0,4.7074704,7.9071875,10.569893,12.321174,15.716703,19.062456,20.774044,25.320396,24.503872,23.092344,21.062588,16.306656,15.1070795,11.976201,6.96922,8.910021,5.4679704,8.527233,8.198452,12.133406,13.13205,11.884503,11.631121,12.795836,14.743563,13.459681,17.53984,21.00025,20.424728,24.909931,26.903887,28.248344,28.234396,25.026455,23.483356,28.200556,26.839336,22.402597,26.25527,28.11892,24.457087,23.625727,27.64821,29.710316,24.377764,27.462158,30.67638,30.419298,26.462908,29.354687,31.885628,27.029003,24.838709,24.569906,22.121244,24.669634,21.538301,27.192783,24.221655,28.6679,31.37026,29.052681,34.455273,31.195417,29.805456,27.966753,25.824347,21.811022,21.714664,17.591145,16.709738,13.9874325,13.22154,14.671755,13.089839,16.974041,15.520038,18.713093,16.850643,13.100019,15.927407,12.448431,17.276424,16.580143,21.019417,25.361317,21.971682,18.784761,21.05268,14.565441,17.576473,14.255247,17.2738
17,21.608223,17.861908,16.843359,12.686348,10.581897,9.397562,6.8049674,7.622006,5.201689,9.419408,10.056041,15.498468,14.158877,11.616592,10.17137,5.6027336,4.7074704,0.0,8.069365,8.247192,10.956391,14.1327305,16.496809,18.736416,23.553434,22.210752,20.035122,18.486425,12.880137,12.987523,8.187867,6.41181,8.340651,8.151407,10.607231,11.9641285,15.251378,15.173822,13.578315,12.42071,12.4689045,13.557814,10.60591,14.334508,17.98027,16.569944,21.637663,23.044168,24.074152,23.99874,21.041836,19.061325,23.640535,22.517536,17.860771,21.557234,23.52181,20.044216,19.039894,23.028198,25.344444,20.1847,23.101067,26.425673,26.501486,22.792553,25.737152,28.12847,23.497576,21.325583,20.527834,18.511312,20.856672,18.0613,23.752018,21.013966,25.90121,28.233543,26.66685,32.115612,29.26832,27.454414,25.394966,22.743717,18.83075,17.953423,14.577724,12.455002,10.121703,8.873529,10.917066,10.038634,14.185051,13.860841,17.049904,14.65705,10.893105,12.823878,8.353333,13.169769,11.891135,16.381002,20.722391,17.56126,14.4587345,17.385225,11.218479,15.1101055,12.764947,16.644672
18,15.276089,12.52195,10.5595665,6.1830907,7.1962795,5.9256873,8.522753,11.575418,12.278543,16.06195,17.703089,23.11599,20.391102,17.824368,14.874286,11.870926,7.9071875,8.069365,0.0,5.538421,4.9080467,8.403172,12.343509,13.396314,17.657446,17.390146,16.70911,14.626956,11.248641,8.870238,9.803665,4.5101604,12.145844,8.429079,13.125771,13.865139,15.91799,16.483492,12.954794,10.954926,14.122078,12.633759,12.991952,15.565356,16.56646,17.11459,20.144745,22.574635,24.014822,24.9252,21.783136,20.588036,25.799168,25.289858,21.364643,24.926443,27.537996,24.802355,24.323109,28.02068,30.661577,26.462599,29.224403,32.74687,33.38074,30.122343,32.908253,34.692646,30.057108,27.417479,26.059902,23.207558,24.434994,20.434633,25.510937,21.292585,25.681747,27.016953,24.378586,29.430641,25.445362,23.65224,21.566343,20.194094,16.531256,17.400833,13.484131,14.435221,13.365782,14.535694,17.56697,17.697845,22.114035,21.575994,25.038336,22.691187,18.885553,20.561148,15.626745,20.194096,16.955873,21.21672,24.66903,22.67948,19.841208,23.822128,18.074072,21.917446,19.132107,22.37103
19,14.782315,11.452569,11.744282,6.8233833,5.4567885,8.608097,6.822215,12.728783,11.993434,16.60892,18.140768,23.384363,22.132593,19.754185,17.37672,13.567414,10.569893,8.247192,5.538421,0.0,4.355998,6.1576543,8.766229,11.46009,15.975445,15.56066,13.195978,12.820293,7.7505145,8.25324,7.946853,7.6197515,14.296626,12.680883,16.75207,17.999207,20.482595,20.528112,17.238045,14.85146,16.731333,14.596431,13.038809,14.70659,15.204811,14.47876,18.116108,19.41386,19.8336,21.357904,18.902504,16.509626,21.579182,22.16415,17.829168,20.389248,23.737556,21.692516,20.538498,23.912401,27.388687,23.5141,25.411896,29.113245,30.334314,27.181425,29.508331,30.69023,26.215212,23.394308,21.581013,18.647593,19.342266,15.303158,20.231703,16.01872,20.73477,21.909546,19.870346,25.078188,21.6673,19.615469,17.492458,15.4161625,11.564346,12.037313,8.1766615,9.196983,8.649844,10.834548,14.353202,15.6779375,20.260365,20.318188,23.964125,21.768478,18.297977,19.202696,13.63878,17.450283,13.212471,16.805887,19.785921,18.105698,15.506628,20.067207,15.170355,19.288782,17.31744,20.868202
20,13.727216,11.522075,11.031133,6.164323,7.6969743,9.704412,10.569035,15.550868,15.392397,19.754524,20.963503,26.45442,24.546946,21.835096,19.383442,15.793627,12.321174,10.956391,4.9080467,4.355998,0.0,3.9813342,7.5596576,8.586472,13.009008,12.735884,11.932809,10.320847,7.6190248,5.5000615,9.032603,7.3685484,14.92633,12.687324,17.03271,18.476255,20.032127,20.029425,16.0356,13.303241,16.213419,12.960127,13.239345,14.379957,13.645894,14.406639,16.634352,18.876566,20.10148,21.625656,18.809738,17.5868,22.847166,23.066616,19.512781,22.586933,25.62058,23.64091,23.268137,26.585411,29.590078,26.21443,28.587423,32.193817,33.395706,30.65675,33.30704,34.62128,30.327707,27.583784,25.526909,22.799809,23.155434,19.047606,23.553648,18.88107,23.35101,23.579018,21.29679,26.088047,21.996439,19.622723,17.185535,15.995274,12.745601,13.807729,10.831552,12.390864,12.820977,14.801753,18.45009,19.527445,23.944513,24.116434,27.564045,24.97186,21.335138,22.214767,16.806026,20.765247,16.255384,20.02333,22.734472,21.763647,19.361937,24.197304,19.315615,23.529762,21.429213,24.911514
21,11.261748,9.581143,10.493251,6.432622,8.085373,11.841052,12.198008,18.13051,18.071844,22.566023,24.148777,29.484646,27.883781,25.376457,22.721771,19.21833,15.716703,14.1327305,8.403172,6.1576543,3.9813342,0.0,4.806083,6.429611,10.230116,11.057671,9.834592,9.9008875,8.136168,7.3995705,11.696629,11.320664,18.774141,16.57105,20.985413,22.236898,23.915169,23.99303,19.924458,17.128088,20.02945,16.309238,16.41209,16.794615,14.823967,15.469009,16.955334,18.65138,19.131624,21.583134,19.388494,17.672428,22.737309,23.984488,20.549076,22.664976,26.332272,25.076778,24.361406,27.273443,30.87168,27.935703,29.629885,33.332767,34.993134,32.348255,34.570927,35.30018,31.100893,28.146605,25.851078,22.794102,22.460518,18.072405,21.86889,16.765343,20.809269,20.46451,17.955336,22.48423,18.201694,15.769284,13.414966,12.715115,9.77416,11.89189,9.0701475,12.366981,13.349163,16.262314,19.974926,21.696623,26.218193,26.430069,30.079124,27.745832,24.276463,24.90602,19.294361,22.758583,17.676231,20.689137,22.663933,22.195322,20.106369,25.162169,20.917614,24.979456,23.10359,26.382044
22,14.329937,13.011368,14.931666,11.092601,11.745788,16.16413,15.031633,21.4524,20.431147,25.184542,26.095438,31.370464,30.636673,27.981113,26.002869,21.95524,19.062456,16.496809,12.343509,8.766229,7.5596576,4.806083,0.0,4.416443,8.249082,8.140608,5.227182,7.379643,6.3236275,7.8814235,11.935569,14.177799,20.751015,19.902376,23.85419,25.754568,27.236383,26.760899,22.70732,19.618591,21.721613,17.356243,16.760748,15.932846,12.820482,13.002748,13.900548,14.786138,14.735918,17.759848,16.184242,14.267726,19.037611,21.035154,18.09128,19.543175,23.42904,22.96499,22.371412,24.778656,28.556448,26.494438,27.800655,31.428516,33.537373,31.504206,33.63154,34.029762,30.368225,27.544523,24.612106,22.141731,21.050856,17.146248,20.228846,15.222052,19.502436,17.80381,16.522823,20.707697,16.931404,13.483776,10.399954,9.231633,7.263595,8.616423,8.471882,10.953182,13.552396,16.468204,20.368002,22.68835,26.87618,27.843655,31.234226,28.654243,25.482786,25.359535,19.762377,22.41137,16.635176,18.900627,20.031965,20.685534,19.20834,24.784788,21.590727,25.865423,24.80873,28.363535
23,15.209541,14.937726,16.003088,12.546093,14.479118,17.890987,18.110628,23.926691,23.199825,27.826338,28.435995,33.9362,32.693115,29.759865,27.817482,23.882172,20.774044,18.736416,13.396314,11.46009,8.586472,6.429611,4.416443,0.0,4.9813924,4.6677666,5.6496353,5.2135887,8.255625,7.3330054,13.598656,14.971011,21.563246,20.494642,24.400364,26.487034,27.201921,26.61185,22.191908,18.97767,21.615408,16.514729,17.383938,16.115107,11.828048,13.684248,12.756293,14.834491,15.962292,18.599,16.611216,16.2302,20.953197,22.253685,20.177267,22.320656,25.59412,25.028673,25.224586,27.653694,30.77158,29.078295,30.961342,34.44212,36.397625,34.701656,37.210403,37.89087,34.349277,31.649313,28.6423,26.420975,25.37554,21.556751,24.531713,19.483715,23.48653,21.163643,19.768015,23.362524,19.083656,15.459247,12.210153,12.271144,11.257037,12.615579,12.832649,14.89634,17.5444,20.027916,24.007818,25.959515,30.052183,31.082108,34.305027,31.357557,28.02019,27.943449,22.511381,25.42382,19.72435,22.354904,23.51133,24.511177,23.04744,28.703756,25.230543,29.656748,28.39536,32.007122
24,15.609455,16.630285,18.029425,15.70849,18.090628,21.649391,22.343061,28.286518,27.90141,32.498985,33.35249,38.837784,37.45239,34.570583,32.380497,28.648478,25.320396,23.553434,17.657446,15.975445,13.009008,10.230116,8.249082,4.9813924,0.0,5.031949,7.900751,8.688138,13.01229,12.079754,18.556723,19.620565,26.350515,24.911892,28.937159,30.830275,31.336908,30.87736,26.298752,23.129677,26.104856,20.74399,22.140457,20.511805,15.4170065,17.672562,15.33649,17.191154,17.974365,21.207354,19.796555,19.68933,23.871082,25.722038,24.199686,25.731043,29.164244,29.147114,29.372925,31.432018,34.684326,33.484093,35.04811,38.491177,40.70704,39.199886,41.50113,41.82319,38.419605,35.627815,32.498077,30.123154,28.583885,24.706335,26.84717,21.650093,24.81063,21.512377,19.964703,22.522532,17.934057,14.255545,11.244203,12.952491,13.2801285,15.423352,16.085512,19.03081,21.788397,24.628822,28.568802,30.716078,34.85655,35.82711,39.149715,36.290794,32.975307,32.861683,27.41025,30.15051,24.296928,26.473013,27.023771,28.497648,27.279247,32.95987,29.78958,34.07908,32.80883,36.220367
25,19.327145,19.454927,20.527174,17.150211,19.045826,22.295042,22.325521,28.015408,26.860306,31.508762,31.477982,37.00058,36.047653,32.88092,31.450644,27.280539,24.503872,22.210752,17.390146,15.56066,12.735884,11.057671,8.140608,4.6677666,5.031949,0.0,5.692058,4.535588,10.447571,9.772602,15.881508,18.200354,23.921244,23.668898,27.119417,29.709648,29.863436,28.819302,24.367197,21.035997,23.253197,17.58377,18.7714,16.438442,10.78857,13.407014,10.360877,12.663121,14.444945,16.916912,15.195771,16.031197,20.170311,21.342508,20.429195,22.572062,25.337221,25.256693,26.13064,28.165163,30.785208,30.013332,32.03241,35.268513,37.362125,36.3611,39.06287,39.759155,36.713833,34.250668,30.852318,29.26638,27.882462,24.565752,27.071505,22.30574,26.2656,22.880869,22.372805,25.323992,21.352589,17.18344,13.642125,13.97604,14.131946,14.667612,16.449287,17.539236,20.914812,22.999804,27.01756,29.036016,32.768806,34.320038,37.210625,33.891975,30.708164,30.170383,25.019491,27.49646,21.657822,23.970371,24.59625,26.503908,25.462912,31.34153,28.381384,32.97602,32.111374,35.92789
26,18.846823,18.00551,20.034302,16.234098,16.819437,21.092134,19.508596,25.825562,24.11975,28.933002,29.022596,34.265236,34.110943,31.209269,29.917664,25.49219,23.092344,20.035122,16.70911,13.195978,11.932809,9.834592,5.227182,5.6496353,7.900751,5.692058,0.0,5.792834,7.5379176,9.864297,13.738796,17.5922,23.142357,23.431837,26.864744,29.407747,30.393652,29.359228,25.291052,21.99925,23.461119,18.461094,17.760641,15.574553,10.997677,11.269178,10.479525,10.684211,10.630827,14.056483,13.110845,11.950747,16.111649,18.494843,16.744257,17.84546,21.420013,21.770857,21.81555,23.628012,27.077261,26.200195,27.44269,30.812035,33.234566,32.07367,34.325344,34.61092,31.651249,29.139793,25.613914,24.061485,22.388285,19.31038,21.601429,17.102991,21.3589,18.110481,18.315292,21.714613,18.52993,14.193197,10.507981,9.325248,9.414144,9.111234,11.96982,12.709683,16.535255,18.889685,22.807554,25.35178,29.031836,30.750786,33.713425,30.725906,27.828009,27.006977,21.732174,23.629995,17.528656,19.139763,19.375479,21.404612,20.615479,26.521158,24.24524,28.702477,28.318825,32.13117
27,20.114086,19.31591,19.972893,15.805215,17.203516,19.995749,19.582512,24.864666,23.269394,27.862701,27.366514,32.892097,32.115128,28.837368,27.832245,23.448624,21.062588,18.486425,14.626956,12.820293,10.320847,9.9008875,7.379643,5.2135887,8.688138,4.535588,5.792834,0.0,6.7869554,6.0923934,11.622693,14.599458,19.693474,20.13007,23.235756,26.160238,26.338139,25.032518,20.787193,17.418116,19.091034,13.549119,14.26351,11.977258,6.7985444,9.417616,7.700228,10.6193905,13.163465,14.628984,12.075925,13.101636,17.755753,18.042706,16.790781,19.819336,22.165129,21.465988,22.560719,24.963692,27.22365,26.076624,28.579113,31.783468,33.56893,32.51777,35.52989,36.66399,33.57975,31.29642,27.995396,26.747944,25.876612,22.793362,26.025587,21.572847,26.203257,23.659832,23.334938,27.017765,23.317595,19.277508,15.695667,14.820075,13.960424,13.482183,15.044709,14.74855,18.070549,19.510418,23.518772,25.252132,28.797663,30.52415,33.190086,29.666256,26.493198,25.896358,20.902376,23.488672,17.877348,20.699896,21.946926,23.48589,22.263288,28.089985,24.896992,29.638437,28.854523,32.88336
28,19.239586,16.997011,17.965826,13.1185,12.844791,16.050716,13.891072,19.417583,17.204613,21.939894,21.60206,26.940088,26.75975,23.768013,22.867294,18.226704,16.306656,12.880137,11.248641,7.7505145,7.6190248,8.136168,6.3236275,8.255625,13.01229,10.447571,7.5379176,6.7869554,0.0,5.342071,6.2376485,10.988323,15.867599,16.786741,19.853203,22.59972,23.870056,22.72682,19.11171,16.002987,16.80957,12.780232,10.881251,9.937851,8.440922,7.4967685,10.616342,11.704928,12.784299,14.067939,11.576548,10.057271,15.324042,15.876507,12.699479,15.672686,18.603163,17.334267,17.373695,20.246891,23.210487,20.950829,23.152534,26.620249,28.310152,26.566284,29.363186,30.537859,27.111025,24.759174,21.72446,20.341766,20.005968,17.006779,21.037918,17.039326,22.26474,21.221943,20.957928,25.547192,22.48692,18.989523,15.817058,13.386974,11.021109,9.478041,10.153669,8.38151,11.466167,12.733715,16.749352,18.64384,22.324808,23.98522,26.800627,23.606188,20.51907,19.973574,14.65505,17.275824,11.621307,14.771364,16.796904,17.310757,15.733249,21.445774,18.12961,22.861502,22.24534,26.35867
29,18.236597,16.601849,16.264517,11.599527,12.933245,14.574115,14.738675,19.238138,17.993435,22.390038,22.168032,27.809875,26.424849,23.18368,21.889776,17.698744,15.1070795,12.987523,8.870238,8.25324,5.5000615,7.3995705,7.8814235,7.3330054,12.079754,9.772602,9.864297,6.0923934,5.342071,0.0,7.4295945,8.538864,14.351064,14.100138,17.479239,20.146042,20.643305,19.664047,15.463457,12.190725,14.335988,9.570457,10.400142,10.131062,8.320055,10.153095,11.536439,14.54248,16.926805,17.67672,14.3931465,14.634106,19.859417,19.268698,16.73379,20.624588,22.852991,20.944122,21.664545,24.838789,27.016933,24.501913,27.50182,30.84841,32.04948,30.193487,33.387684,35.01982,31.333632,28.984783,26.341164,24.672075,24.755186,21.344707,25.625324,21.223814,26.123428,25.205114,24.01295,28.483757,24.596888,21.328972,18.200016,16.84753,14.460742,14.222341,13.554614,13.085063,15.025114,16.067942,19.953491,21.014149,24.821922,25.960915,28.775492,25.386137,21.89222,22.011065,16.936804,20.467165,15.595208,19.46994,21.944489,22.019567,20.06112,25.405823,21.103737,25.775038,24.367527,28.324232
30,22.250208,19.298573,19.193295,14.147628,13.200905,14.448147,12.011952,15.661905,12.737683,17.10807,15.8692665,21.318962,21.135857,17.933186,17.80161,12.89478,11.976201,8.187867,9.803665,7.946853,9.032603,11.696629,11.935569,13.598656,18.556723,15.881508,13.738796,11.622693,6.2376485,7.4295945,0.0,7.3649497,9.999906,12.304644,14.470627,17.641623,19.036814,17.616966,14.770434,12.121897,11.675887,9.47883,5.6872377,7.192965,10.034089,8.47626,13.514541,15.015645,16.770567,16.349638,13.08815,12.048183,17.01245,15.656455,11.822785,16.362741,18.071383,15.197918,15.518608,19.209967,21.201485,17.714336,21.043486,24.342066,25.139788,22.99397,26.422892,28.568335,24.924702,22.956831,20.57251,19.686214,20.648806,18.187716,23.180548,20.001764,25.463722,25.746838,25.32932,30.361046,27.481949,24.474339,21.593746,18.84507,15.81381,13.851381,13.173889,9.524635,10.790301,9.969311,13.564187,14.287638,17.654276,19.346962,21.76185,18.175066,14.885296,14.638618,9.63563,13.17524,9.040676,13.669047,17.203215,16.30799,14.124131,19.054472,14.76969,19.599358,18.806782,23.15341
31,19.671799,16.905567,15.051016,10.636072,10.937484,9.240392,10.342175,12.0001545,11.397755,15.009233,15.168503,20.812681,18.358837,15.215365,13.507829,9.741173,6.96922,6.41181,4.5101604,7.6197515,7.3685484,11.320664,14.177799,14.971011,19.620565,18.200354,17.5922,14.599458,10.988323,8.538864,7.3649497,0.0,7.850916,5.864754,9.734924,11.81864,13.29352,13.021271,9.643643,7.4699054,9.737148,8.912153,8.987795,12.22169,14.594771,15.051097,18.593414,21.25579,23.346771,23.294844,19.742876,19.233568,24.318195,22.764639,19.108692,23.556257,25.308424,22.024849,22.189978,26.085403,27.893312,23.66522,27.189693,30.469954,30.712545,27.786652,31.140232,33.519695,29.182173,26.962816,25.512173,23.535744,25.085556,21.75025,27.080334,23.343136,28.224575,29.352333,27.451437,32.58185,28.878513,26.625622,24.160254,22.323812,18.800272,18.5679,15.671819,14.63265,13.940793,13.737418,16.672394,16.221758,20.083849,20.142103,22.991995,19.969307,16.120468,17.597834,13.147462,17.857994,15.195158,19.949575,23.799566,21.879646,19.091747,23.024498,17.265697,21.414946,19.046873,22.729431
32,27.401068,24.358135,22.426842,18.24473,17.696526,15.218108,14.989999,13.735245,11.622313,13.576777,10.897172,16.223206,14.246497,10.3886175,11.620494,7.825218,8.910021,8.340651,12.145844,14.296626,14.92633,18.774141,20.751015,21.563246,26.350515,23.921244,23.142357,19.693474,15.867599,14.351064,9.999906,7.850916,0.0,6.6504498,5.3075485,9.61823,10.295976,8.404331,7.726908,7.3903003,4.7441883,8.842864,7.2652426,11.779557,16.88521,16.621614,21.005692,23.500326,26.139166,24.542011,20.728294,20.962341,25.267317,21.993105,18.782326,24.20507,24.328094,19.956161,20.931997,25.030289,25.219603,20.56836,25.281237,27.916182,27.106623,24.48502,28.643166,32.12967,28.276302,26.914165,25.870222,25.235968,27.572657,25.419521,30.990906,28.288256,33.502056,34.93099,33.803986,39.08282,35.892353,33.440483,30.803358,28.36299,24.928125,23.486132,21.459665,18.247631,17.380589,15.023415,16.770483,14.839843,17.074532,17.749672,19.18277,15.320594,11.769123,13.269614,11.190455,15.580581,15.370989,20.32183,24.781105,22.478577,19.845932,22.68289,17.16871,20.980795,19.219322,23.03994
33,23.050728,20.279177,17.415236,14.131888,14.403808,10.273314,12.765328,10.857465,11.408454,13.210773,13.38514,18.57468,14.621479,11.532159,9.576577,7.5116467,5.4679704,8.151407,8.429079,12.680883,12.687324,16.57105,19.902376,20.494642,24.911892,23.668898,23.431837,20.13007,16.786741,14.100138,12.304644,5.864754,6.6504498,0.0,4.9103084,6.052049,7.8297954,8.523462,6.5060697,6.6817737,8.868641,11.169323,11.940675,16.031776,19.440727,20.00755,23.631271,26.523497,28.862152,28.315035,24.56929,24.340258,29.19663,26.922165,23.315762,28.091135,29.266241,25.352268,25.613846,29.702599,30.868422,26.035954,30.006758,33.01466,32.533894,29.248085,32.781223,35.724205,31.22036,29.26716,28.567184,26.6449,28.905735,25.783117,31.363092,27.993141,32.663975,34.52036,32.276127,37.50463,33.76318,31.921343,29.680378,27.91193,24.210352,24.068815,20.653435,19.53269,17.889395,16.9235,18.851585,17.157524,20.460924,19.686043,22.14158,19.406506,15.609622,18.067368,15.026307,19.918781,18.928545,23.7937,28.097635,25.434536,22.438488,25.259415,18.990492,22.385134,19.410715,22.543224
34,27.948719,25.080463,22.279297,18.969742,18.873913,14.807609,16.350128,13.163965,12.845665,13.41544,11.882271,16.539368,12.522784,9.009615,9.2420225,7.8377037,8.527233,10.607231,13.125771,16.75207,17.03271,20.985413,23.85419,24.400364,28.937159,27.119417,26.864744,23.235756,19.853203,17.479239,14.470627,9.734924,5.3075485,4.9103084,0.0,4.784504,5.2975917,4.8317194,5.8445477,7.654113,7.209569,11.945555,12.304052,16.676329,21.20251,21.54083,25.43852,28.315262,30.99523,29.655811,25.771326,26.008303,30.462154,27.2879,24.031054,29.28004,29.573637,25.15224,25.884445,30.017294,30.245409,25.291521,29.871502,32.466766,31.362967,28.299526,32.253613,35.819138,31.628263,30.175974,29.703598,28.516874,31.155472,28.644962,34.33247,31.45871,36.33348,38.27101,36.44463,41.75269,38.239227,36.22806,33.840843,31.77323,28.12475,27.368525,24.449652,22.25617,20.64918,18.68037,19.993372,17.528275,19.787174,19.275455,20.785263,17.699915,14.259887,16.781551,15.256616,19.793306,20.058567,24.95028,29.50768,26.713226,23.839989,26.055254,20.021456,23.13457,20.527521,23.639544
35,27.373026,24.495813,21.233732,18.851522,18.737658,13.651302,16.233507,11.537451,12.942398,12.428015,12.719226,16.62475,11.146004,8.79077,6.8431783,8.136529,8.198452,11.9641285,13.865139,17.999207,18.476255,22.236898,25.754568,26.487034,30.830275,29.709648,29.407747,26.160238,22.59972,20.146042,17.641623,11.81864,9.61823,6.052049,4.784504,0.0,5.082095,7.537556,8.845931,10.974626,11.885435,16.035646,16.539618,20.940641,25.050283,25.367514,29.280224,32.08942,34.3968,33.53335,29.788626,29.488096,34.07527,31.411207,27.733795,32.52115,33.30283,28.979898,29.105928,33.24995,33.979797,28.631607,32.726604,35.435493,34.30854,30.653196,34.147217,37.51392,32.93157,31.28351,31.35565,29.523596,32.400265,29.594868,35.294456,32.406105,36.84859,39.440052,37.008785,42.33143,38.734257,37.27472,35.262756,33.405983,29.534704,29.36544,25.584085,24.315886,21.933975,20.412956,21.31546,18.655619,21.164152,19.520462,21.42462,19.352764,16.040367,19.272188,17.75565,22.372652,22.870344,27.580572,32.176983,28.833073,25.749245,27.387203,21.020554,23.424402,20.09211,22.435472
36,29.643496,27.275259,23.74831,21.257265,21.93456,17.031733,20.131588,16.339903,17.250763,17.141302,16.292974,20.199493,15.057116,12.298163,11.76676,12.228386,12.133406,15.251378,15.91799,20.482595,20.032127,23.915169,27.236383,27.201921,31.336908,29.863436,30.393652,26.338139,23.870056,20.643305,19.036814,13.29352,10.295976,7.8297954,5.2975917,5.082095,0.0,3.8330321,6.133469,9.293762,10.385028,14.715579,16.722092,20.756905,24.684029,25.80049,28.9427,32.337425,35.352654,34.058914,30.002468,30.698536,35.272873,31.937056,28.995773,34.36743,34.60191,30.177101,31.12743,35.250057,35.267933,30.437704,35.134956,37.65888,36.39742,33.358284,37.313507,40.946365,36.670864,35.17947,34.86391,33.417435,36.05342,33.256023,38.918346,35.754326,40.406704,42.344524,40.04575,45.239166,41.338158,39.510433,37.19931,35.580315,31.969404,31.706152,28.480162,26.994314,25.329882,23.724506,25.024134,22.467342,24.661215,23.673433,25.083328,22.346317,19.118923,21.833942,20.535303,25.065529,25.269356,30.18662,34.69659,31.928822,29.004265,31.121864,24.944408,27.7489,24.736898,27.338875
