,0,1,2,3,4,5,6,7,8,9,10,11,12,13,14,15,16,17,18,19,20,21,22,23,24,25,26,27,28,29,30,31,32,33,34,35,36,37,38,39,40,41,42,43,44,45,46,47,48,49,50,51,52,53,54,55,56,57,58,59,60,61,62,63,64,65,66,67,68,69,70,71,72,73,74,75,76,77,78,79,80,81,82,83,84,85,86,87,88,89,90,91,92,93,94,95,96,97,98,99,100,101,102,103,104,105,106,107,108,109,110
0,0.0,4.5584044,6.5393853,9.2082615,12.192094,14.236865,16.522093,20.971518,23.077631,26.442791,29.141806,32.48233,34.43766,34.617203,31.977833,27.084492,25.67104,22.493814,22.090858,18.29661,15.960591,17.279469,13.637363,17.238688,20.697426,20.751234,19.81569,20.242931,22.208242,20.178003,27.110353,24.036707,31.43025,29.852964,33.86377,36.651375,39.44674,37.830643,32.145016,27.726347,30.777313,25.539038,27.574362,24.96882,26.41828,26.025345,26.839436,24.395382,29.187647,29.373674,32.15521,30.432833,34.00725,35.906162,33.478657,30.056625,31.346628,30.684736,35.106567,35.898987,35.845303,31.801136,33.745277,30.810379,33.78375,28.07682,32.43672,30.639809,27.01996,26.16174,25.44119,23.608185,26.317558,22.491646,26.458937,23.98687,26.701262,27.092604,26.554062,29.326962,32.470425,33.36154,31.100801,26.428972,24.617865,21.046999,21.454594,17.094042,15.036128,15.425957,14.938048,18.605358,16.360186,13.764392,18.529247,20.509987,17.115246,17.733923,14.680783,15.887409,11.624046,15.144168,12.712668,13.338584,15.439642,16.804453,18.364063,17.750317,21.985277,22.184072,26.65501
1,4.5584044,0.0,5.597031,6.1149235,8.8671465,12.660893,13.3588085,18.409021,20.314419,23.550611,26.48254,29.48422,31.139301,31.034267,28.08291,23.325857,21.645844,18.414375,17.933643,13.830439,11.741,12.88473,9.315106,13.2760935,16.492796,16.575567,15.280886,16.011808,17.986595,16.384823,23.532253,21.164322,28.331764,27.519096,31.229015,34.42197,37.022923,35.16035,29.731392,25.24,27.70167,22.314194,23.892382,21.104818,22.259922,21.764744,22.310125,19.848095,24.653898,24.94997,27.793148,26.333567,30.062376,32.164886,29.844666,26.322,27.539137,26.56368,30.825409,31.726248,31.408726,27.458143,29.701002,26.872461,30.14808,24.57116,29.196415,27.752922,24.181278,23.918364,22.847944,21.866537,24.576616,20.629265,25.215353,22.245735,25.73608,25.624199,25.57603,28.048754,30.751255,31.324173,28.461374,23.989853,21.658125,18.18452,17.928791,13.617652,10.80507,11.3692255,11.099721,14.981125,13.46653,10.756745,15.282487,17.744848,15.20401,16.007298,12.916734,14.903083,10.690685,13.368798,10.261874,11.48964,14.597814,15.963247,19.085768,17.675207,22.377256,22.820465,27.152962
2,6.5393853,5.597031,0.0,5.274693,6.894037,8.306597,11.66882,15.030341,18.012056,20.864222,24.197006,26.934423,29.410275,29.526215,27.287767,22.741383,21.026941,18.698318,17.288164,15.107465,11.675446,14.409168,12.411678,16.573088,19.422684,20.15465,17.743465,19.637938,20.142317,19.46944,25.628422,23.203217,30.136147,29.4831,33.41479,36.091988,39.33393,38.059425,32.609135,28.25594,30.52161,25.689299,26.712055,24.57036,24.69502,25.074673,24.46827,21.210718,25.750528,26.268347,28.638288,26.796469,30.627604,31.977793,30.32647,26.902914,28.765364,28.095078,32.008442,33.858444,33.31877,30.12611,32.87658,30.507938,34.023884,28.935719,33.780293,32.693497,28.955671,28.879082,27.312986,26.334503,28.572212,24.182663,28.411077,24.701038,27.661251,26.94448,26.047234,28.097319,31.262108,31.253307,28.96748,24.664248,22.494286,19.575518,18.829165,16.401133,13.282884,15.364385,15.760877,19.717598,18.659897,16.03882,20.179628,23.045752,20.725212,21.295147,18.118881,19.449085,14.925023,16.296936,12.007149,11.344922,14.098956,16.475605,19.031054,19.455833,23.91346,25.157862,29.390486
3,9.2082615,6.1149235,5.274693,0.0,3.6266303,7.450796,7.3785048,12.482564,14.233069,17.514256,20.428175,23.481464,25.309126,25.412647,22.877502,18.04619,16.688026,13.830504,13.599134,10.809177,9.014537,12.028262,10.431303,15.000256,17.17668,17.464035,14.130162,15.65072,15.191077,14.60382,20.394175,18.160805,24.944487,24.64795,28.417217,31.260218,34.420345,33.135735,27.842953,23.540384,25.486485,20.861147,21.638794,19.873384,19.72918,20.795088,20.340714,17.322927,21.734818,21.611185,23.963333,21.879656,25.569695,27.09986,25.188042,21.748678,23.530964,22.989046,27.102245,28.829952,28.67096,25.521399,28.105612,25.972271,29.445063,24.812233,29.757303,29.079926,25.14075,25.40985,23.283062,22.776726,24.675251,20.124237,24.572714,20.393099,23.83543,22.699446,22.26314,24.104944,26.848572,26.739346,24.026035,19.812054,17.382164,14.51369,13.571686,11.487353,8.566326,11.49451,12.961468,17.032526,17.033972,13.62561,16.838886,20.486063,18.694426,18.790667,15.681214,16.852116,12.589911,12.452413,7.5786576,7.289236,10.957841,13.089777,17.185287,16.698765,21.424297,22.946617,26.91506
4,12.192094,8.8671465,6.894037,3.6266303,0.0,6.216909,5.5134406,9.813737,12.319957,14.977544,18.603638,20.914238,23.013197,22.870144,20.43373,16.024586,14.134641,12.074933,10.640152,9.324269,6.5613146,10.515054,10.422832,14.761843,16.396095,17.177303,13.151715,15.79157,14.6413555,15.246604,20.451145,19.070734,25.230648,25.747868,29.239702,32.1444,35.354107,34.112293,29.153154,24.978502,26.247206,21.86893,21.884985,20.244722,19.229076,20.464523,18.95614,15.401654,19.58619,19.9187,22.02113,20.124752,24.085348,25.363407,24.077122,20.627413,22.698637,21.920301,25.50488,27.917933,27.216557,24.655796,27.839365,26.05161,29.870821,25.618807,30.719343,30.416983,26.660698,27.413767,25.049116,25.165655,26.916029,22.352915,26.930056,22.338858,25.97693,24.286648,23.846176,25.18305,27.715303,27.014856,24.108364,20.345057,17.561615,15.323847,13.280774,12.684352,8.951574,12.528727,14.136448,17.956139,18.50147,15.633558,18.393297,22.127798,21.04002,21.347803,18.39216,19.875454,15.840013,15.0865555,9.973555,9.249769,12.971303,15.354557,19.791246,19.5929,24.257122,26.059004,29.854982
5,14.236865,12.660893,8.306597,7.450796,6.216909,0.0,7.015524,7.462674,10.966062,13.4569645,16.789406,19.467936,22.549797,23.121317,21.928625,17.68778,16.649277,15.532458,14.306009,14.802079,12.123596,16.450405,16.537117,20.85654,22.515585,23.382677,19.11692,21.63726,19.399443,19.962025,23.819353,21.655169,27.575928,27.519608,31.398329,33.378773,37.340927,36.933987,31.821365,27.934822,29.525541,25.938604,25.986156,25.230135,23.817238,26.03056,24.271528,20.548569,24.159424,24.141851,25.611755,22.943195,26.471344,26.729052,25.89276,22.854507,25.496933,25.537357,28.981218,31.933367,31.625053,29.643337,32.67792,31.239021,34.824127,30.98151,36.012276,35.768696,31.709116,32.14391,29.52374,29.002882,30.260862,25.416891,29.17056,24.271242,26.807552,24.834658,23.246815,24.256552,27.486965,26.448635,24.751062,21.124836,19.18673,17.53428,16.05701,16.899595,14.370806,18.210642,20.035357,23.97748,24.276367,21.026659,23.883425,27.76744,26.108965,25.989405,22.872055,23.38262,19.075356,17.77835,12.65936,9.953357,12.102341,15.287406,18.347984,20.204533,24.24367,26.729155,30.336714
6,16.522093,13.3588085,11.66882,7.3785048,5.5134406,7.015524,0.0,6.592295,7.1090717,10.3601,13.322567,16.19802,17.952602,18.182549,16.095228,11.328715,10.535883,8.649252,9.180122,9.258461,9.208828,13.206328,14.006157,18.116594,18.84006,19.232723,14.152938,16.328506,12.803076,14.018927,17.137117,15.870168,21.272089,22.17242,25.55847,28.078136,31.641537,30.939672,26.250566,22.474485,23.290607,19.950176,19.382713,19.006245,17.043144,19.95108,18.212173,14.88636,18.204235,17.460333,18.96321,16.162842,19.726404,20.503836,19.31831,16.08615,18.59008,18.526114,22.123636,24.93683,24.885487,22.994913,25.956373,24.84882,28.447433,25.246386,30.286133,30.573547,26.57111,27.581818,24.470715,24.858744,25.81029,21.08474,25.232155,19.947142,23.408394,20.90719,20.381905,21.055302,23.333885,22.104282,19.287773,15.956255,13.2282095,11.930121,9.400539,11.559197,9.349688,13.804143,16.519325,20.09177,21.553757,18.075123,19.606165,24.000492,23.25823,22.874424,20.127111,20.814556,17.269194,14.561453,9.565354,7.949267,11.180599,13.492304,18.62365,18.652594,22.962774,25.41236,28.65944
7,20.971518,18.409021,15.030341,12.482564,9.813737,7.462674,6.592295,0.0,5.457612,6.237206,10.64296,12.168145,15.570516,16.062534,15.580625,12.298572,11.53047,12.285229,10.93126,14.205311,12.852621,17.291039,19.118822,22.905806,23.338217,24.323364,19.022318,22.101597,18.003448,20.100288,21.816742,21.007439,25.252882,26.585209,29.797607,31.651583,35.68304,35.592865,31.273197,27.909231,28.27145,25.720768,24.52011,24.67703,21.809113,25.095516,22.145203,18.31536,20.65424,20.434685,20.980364,18.092333,21.433836,20.862482,21.154743,18.516588,21.667324,21.876465,24.369297,28.367792,27.83092,27.144918,30.60811,30.07066,33.799988,31.170172,36.209343,36.78618,32.88256,34.05838,30.789051,31.25169,31.912243,27.14122,30.843756,25.268633,28.062885,25.011827,23.696035,23.553259,25.99998,23.815138,21.877424,19.47634,17.254648,17.130451,14.295874,17.9581,15.66963,20.116898,22.62286,26.070917,27.531397,24.422703,26.03584,30.349867,29.726526,29.445766,26.65011,27.220547,23.508612,20.718819,15.762348,13.212904,15.26043,18.064089,22.191597,23.706312,27.511986,30.475492,33.49352
8,23.077631,20.314419,18.012056,14.233069,12.319957,10.966062,7.1090717,5.457612,0.0,4.3998966,6.2889752,9.800847,11.906034,13.028026,12.632383,8.687968,9.892032,10.214987,11.687838,14.2715435,15.081106,19.016098,20.662384,24.420303,24.443752,24.828075,19.235271,21.32669,15.966264,17.976591,17.917982,17.102764,20.52625,22.016098,25.0447,26.603252,30.765526,31.049229,27.005447,24.071623,24.156155,22.533722,21.117537,22.288343,19.138668,23.570753,21.170437,18.093771,19.842304,18.31068,18.49274,14.706145,17.309986,16.493177,16.388672,14.068928,17.37248,18.395153,21.176313,24.943102,25.372833,24.880762,27.714489,27.604286,30.893873,29.068584,33.866497,34.796856,30.747343,31.998257,28.289122,28.891487,28.929733,24.27137,27.518488,21.703922,24.348227,20.803722,19.713053,19.054512,21.043598,18.576357,16.610262,14.683918,12.730483,13.528216,10.874191,16.066046,15.238319,19.72048,22.8595,26.092716,28.097267,24.47534,25.173038,29.844557,29.39159,28.554783,26.025637,26.013206,22.904892,18.939287,14.7352085,12.316167,13.764474,15.924238,20.609343,21.669544,25.095715,28.310453,30.797798
9,26.442791,23.550611,20.864222,17.514256,14.977544,13.4569645,10.3601,6.237206,4.3998966,0.0,5.533831,6.0822773,9.43681,10.308968,11.01788,8.99314,9.709278,11.915553,11.983794,16.257017,16.62685,20.516401,22.961176,26.335735,25.953596,26.697979,20.984386,23.751936,18.256292,21.076519,20.471237,20.593508,23.026524,25.292788,27.84838,29.342089,33.408794,33.7655,30.22259,27.530897,26.9806,25.66766,23.63304,24.859665,21.064173,25.42584,22.094086,18.802277,19.746593,18.745169,18.26584,14.884946,17.43621,15.837183,17.100603,15.217412,18.694773,19.460686,21.150663,25.765814,25.553156,25.976198,29.31078,29.607841,33.10193,31.688211,36.484703,37.696297,33.896942,35.477192,31.72897,32.75087,32.76938,28.235912,31.536972,25.684792,28.366655,24.590572,23.529875,22.414188,24.034319,20.9665,19.071575,18.028772,16.016521,17.33597,14.10103,19.67565,18.32399,22.774382,25.763025,28.762932,30.977718,27.782139,28.35887,32.929737,32.88463,32.27657,29.806763,30.105858,26.999037,23.156006,18.873608,16.579979,18.103474,20.313608,24.838345,26.064041,29.422228,32.68679,35.088573
10,29.141806,26.48254,24.197006,20.428175,18.603638,16.789406,13.322567,10.64296,6.2889752,5.533831,0.0,6.0294495,7.516023,10.009086,11.725226,9.741205,12.517516,13.964238,16.113527,19.3595,20.8408,24.502937,26.489199,29.98833,29.545761,29.803362,24.078543,25.867664,19.647383,21.943512,19.561995,19.26175,20.58828,22.573902,24.990973,25.64012,30.083776,31.199732,27.955713,25.902649,25.318455,25.186768,23.21197,25.497877,21.74645,27.052202,24.479416,21.927866,22.450745,20.254433,19.360249,15.118547,16.270489,13.852,14.838013,13.877717,17.388664,19.326311,21.21814,25.418406,26.391737,26.993765,29.473116,30.161398,33.032253,32.377827,36.82758,38.25573,34.27182,35.697968,31.627237,32.442078,31.776066,27.407784,29.866064,23.974892,25.923061,21.73991,20.472132,18.616964,19.915218,16.35875,15.360175,15.215588,14.238828,16.510328,14.237071,20.548052,20.578283,24.896658,28.272179,31.2026,33.60201,29.89398,29.932796,34.72464,34.530914,33.369728,31.081535,30.63099,27.98373,23.322435,19.883392,17.468662,17.94902,19.60511,23.81836,25.21742,27.849882,31.438768,33.20819
11,32.48233,29.48422,26.934423,23.481464,20.914238,19.467936,16.19802,12.168145,9.800847,6.0822773,6.0294495,0.0,5.1253295,6.6010575,9.913645,10.71532,12.284092,15.524735,15.950419,20.780773,21.758554,25.227371,28.12998,31.102333,30.163786,30.874407,25.113451,27.78217,21.696033,24.984179,22.64807,23.626123,24.234592,27.286398,29.095722,30.11638,34.109318,34.91932,32.245693,30.244287,28.883408,28.667023,25.970697,27.938557,23.514517,28.376514,24.646166,21.857676,21.46872,20.169268,18.602285,15.335895,16.707462,13.69188,16.522488,15.829177,19.283903,20.426062,20.836369,26.05317,25.89677,27.554781,30.807735,31.86916,35.128883,34.772247,39.274197,40.990757,37.404655,39.299633,35.296825,36.741875,36.303497,32.06683,34.966045,29.089434,31.514141,27.295937,26.36833,24.433496,25.269384,21.422174,19.9089,20.335226,18.74853,21.066465,17.818014,24.18536,23.29015,27.566021,30.688406,33.31164,35.958405,32.879307,32.840355,37.443794,37.832554,37.092094,34.855835,35.036,32.302963,27.99029,24.180267,22.042318,23.179335,25.033194,29.47672,30.687077,33.61604,37.062634,38.9783
12,34.43766,31.139301,29.410275,25.309126,23.013197,22.549797,17.952602,15.570516,11.906034,9.43681,7.516023,5.1253295,0.0,3.4090705,7.283011,9.259417,11.969324,14.961217,16.84021,21.00479,23.23416,26.105677,28.988487,31.657337,30.29229,30.607822,24.929821,26.936405,20.372366,23.767729,19.970531,21.74302,20.914968,24.703192,25.801798,26.863274,30.47698,31.325579,29.34473,27.861134,25.81306,26.431097,23.300013,25.91395,21.23408,26.598276,23.199024,21.249224,20.098864,17.89831,15.788899,12.300724,12.541684,8.89918,12.323325,12.456256,15.6594715,17.191132,17.146696,22.261736,22.684416,24.828636,27.626469,29.20033,32.094536,32.607384,36.752415,38.852634,35.456448,37.58957,33.40861,35.286537,34.480904,30.653538,33.332832,27.606245,30.180405,25.779375,25.537254,23.283741,23.165545,19.137499,17.09015,18.520605,17.001366,19.989717,16.805218,23.602058,23.441807,27.37496,30.704906,32.90684,36.00293,32.90272,32.074116,36.69429,37.49263,36.53464,34.64836,34.71969,32.5827,27.820377,24.717571,23.145695,24.25478,25.49569,30.393862,30.776926,33.514183,36.836502,38.36499
13,34.617203,31.034267,29.526215,25.412647,22.870144,23.121317,18.182549,16.062534,13.028026,10.308968,10.009086,6.6010575,3.4090705,0.0,4.852316,8.629672,10.434354,14.078681,15.313016,19.870798,22.136951,24.640047,27.911419,30.184563,28.499798,28.95411,23.386166,25.718773,19.390102,23.286472,19.812807,22.35539,21.484354,25.839556,26.660366,28.304964,31.458342,31.793968,30.012892,28.39151,25.956564,26.246044,22.765486,25.004864,20.060398,25.005653,21.086475,19.179726,17.523508,15.775339,13.410025,10.716201,11.474186,8.354211,12.361466,12.211653,15.173885,15.911148,15.11377,20.698708,20.352676,22.907917,26.169617,27.838491,30.995005,31.550865,35.714207,37.92929,34.819935,37.23463,33.17491,35.47325,34.912914,31.21032,34.308952,28.672724,31.762794,27.493128,27.646675,25.647394,25.358335,21.543545,18.7626,20.047283,17.953407,20.720484,16.987991,23.54958,22.92209,26.668552,29.82249,31.746483,35.01479,32.32191,31.353045,35.79663,36.994015,36.300568,34.51401,35.025085,32.939926,28.446516,25.242542,24.04269,25.663141,26.918234,32.191914,32.11958,35.18043,38.27255,39.98764
14,31.977833,28.08291,27.287767,22.877502,20.43373,21.928625,16.095228,15.580625,12.632383,11.01788,11.725226,9.913645,7.283011,4.852316,0.0,5.4774528,6.700762,10.199457,11.911406,15.885121,18.836803,20.771507,24.05671,26.023348,24.120108,24.417583,18.974495,21.18273,14.993625,19.204803,16.191668,19.413992,18.915358,23.642267,24.362291,26.859182,29.5048,29.103392,27.226753,25.299706,22.673555,22.393713,18.731712,20.557196,15.513319,20.215694,16.26892,14.620982,12.903553,10.943219,8.804405,6.2862606,8.400693,7.355352,10.249206,9.112787,11.799081,11.652002,11.121542,16.710468,16.017387,18.206669,21.744726,23.245388,26.641428,26.99449,31.220575,33.426502,30.492975,33.093597,29.171663,31.825336,31.544022,28.004211,31.577044,26.136513,29.891874,25.922092,26.700068,25.222858,24.790668,21.569529,17.697542,18.445786,15.622851,17.994877,13.813288,19.950443,19.17211,22.58317,25.653524,27.289988,30.74627,28.303171,27.05545,31.362816,32.884323,32.348713,30.73515,31.612284,29.755732,25.510197,22.491385,21.96116,24.129728,25.15592,30.955809,30.027458,33.445282,36.148445,38.06543
15,27.084492,23.325857,22.741383,18.04619,16.024586,17.68778,11.328715,12.298572,8.687968,8.99314,9.741205,10.71532,9.259417,8.629672,5.4774528,0.0,4.397208,5.801432,9.501464,12.119965,15.448355,17.779375,20.307642,22.909517,21.623955,21.634544,15.981097,17.706202,11.219749,14.823177,12.690852,14.825384,15.974509,19.786127,21.347418,23.977295,27.000374,26.533815,23.70445,21.241564,19.508425,18.532026,15.592173,17.267958,12.8152075,17.878326,14.961925,12.997577,13.094023,10.526292,10.049784,6.077169,9.158652,9.4244,9.577336,6.9485292,10.148001,10.479975,12.528696,16.787743,17.024286,17.434584,20.52241,21.24593,24.626583,24.071125,28.589628,30.334894,26.90964,29.092026,25.15016,27.26041,27.101673,23.213482,26.895893,21.32336,25.140453,21.374023,22.058395,21.076057,21.200188,18.546316,14.4957905,14.062451,10.912195,12.836115,8.597102,14.941534,14.499516,18.219912,21.54286,23.658548,26.818981,23.833185,22.909565,27.47764,28.429138,27.691248,25.886028,26.499228,24.493538,20.16314,17.085789,16.559555,18.767727,19.750792,25.654005,24.628553,28.183998,30.850203,32.95878
16,25.67104,21.645844,21.026941,16.688026,14.134641,16.649277,10.535883,11.53047,9.892032,9.709278,12.517516,12.284092,11.969324,10.434354,6.700762,4.397208,0.0,4.706289,5.4728684,9.504475,12.165036,14.326567,17.52433,19.79033,18.341818,18.838728,13.143047,16.024954,10.557466,14.794215,14.693719,17.101782,19.114368,22.899496,24.516697,27.643003,30.327738,29.2776,26.309998,23.406755,21.755445,19.709463,16.80492,17.21637,12.832361,16.540277,12.570205,9.679193,10.167781,9.303559,9.4864235,7.5071077,11.757337,12.671629,13.203981,10.287444,12.821788,11.675842,13.182653,17.675428,16.45991,16.697777,20.726473,21.046373,25.020262,23.758299,28.533144,30.086279,26.949211,29.301369,25.747894,28.078804,28.53463,24.638186,28.93726,23.570911,27.818113,24.442755,25.16063,24.6324,25.062983,22.696396,18.512367,17.480133,13.926501,14.8439,10.141819,15.091637,13.175606,16.814068,19.681337,21.705816,24.796688,22.442093,21.915504,26.179756,27.405838,27.225855,25.339188,26.688772,24.392197,20.907553,17.291336,17.05573,19.988075,21.308382,27.278856,26.124866,30.146507,32.51812,35.068604
17,22.493814,18.414375,18.698318,13.830504,12.074933,15.532458,8.649252,12.285229,10.214987,11.915553,13.964238,15.524735,14.961217,14.078681,10.199457,5.801432,4.706289,0.0,6.335237,6.449851,10.6581335,12.48615,14.653861,17.278902,16.238638,16.124296,10.456238,12.2773695,6.4677324,10.220645,11.251718,13.097231,16.324839,19.486376,21.460602,24.943745,27.493277,26.123251,22.6284,19.342201,18.248045,15.508344,13.20558,13.310552,9.657667,13.549912,11.104775,8.765391,10.793589,8.939322,10.482984,8.110589,12.1881485,14.186558,12.908042,9.355376,11.337371,10.266752,13.588164,16.57673,16.304792,14.981996,18.349043,18.033588,21.877878,19.997751,24.89376,26.14673,22.717596,24.83862,21.297857,23.432365,24.022621,20.081827,24.59096,19.39978,23.956238,20.984629,22.074875,22.11492,22.639835,21.044065,16.516321,14.600315,10.729817,10.798028,6.078856,10.403137,8.974889,12.598707,15.796444,17.998194,21.059134,18.252794,17.591543,22.063265,23.040512,22.653538,20.799095,22.043568,19.95034,16.426453,13.185802,13.6341505,16.776333,17.685436,23.924294,22.054749,26.217207,28.30001,30.939314
18,22.090858,17.933643,17.288164,13.599134,10.640152,14.306009,9.180122,10.93126,11.687838,11.983794,16.113527,15.950419,16.84021,15.313016,11.911406,9.501464,5.4728684,6.335237,0.0,6.4177737,7.1295605,9.494184,13.152474,15.391718,14.333159,15.464403,9.955665,14.157451,10.850008,14.691393,17.346508,19.123625,22.626637,25.725391,27.777231,31.254786,33.80494,32.25946,28.756311,25.254913,24.27488,20.910183,18.714474,17.622175,14.251331,16.029022,11.83356,7.647025,10.165238,11.375063,12.783793,12.143998,16.680712,18.08881,18.195358,14.929147,16.99349,15.117308,16.925606,20.745481,18.665037,17.862654,22.335728,21.770266,26.165405,23.615635,28.664465,29.643555,26.644913,28.82515,25.855867,27.962126,29.173717,25.17781,30.024439,24.982347,29.48019,26.707682,27.293285,27.445543,28.466429,26.629992,22.50861,20.506361,16.788208,16.417397,11.965637,14.6309595,10.99069,14.461391,16.613197,18.84864,21.426712,19.660133,20.068705,23.920368,25.01721,25.453426,23.348492,25.403704,22.644043,20.375956,16.19771,16.250603,19.850792,21.527744,27.297411,26.110283,30.5932,32.588562,35.694965
19,18.29661,13.830439,15.107465,10.809177,9.324269,14.802079,9.258461,14.205311,14.2715435,16.257017,19.3595,20.780773,21.00479,19.870798,15.885121,12.119965,9.504475,6.449851,6.4177737,0.0,5.7436824,6.349158,8.294975,10.912095,10.398267,10.568001,5.016315,8.258283,6.701563,9.320757,14.439703,15.6396055,20.371881,22.701439,24.945139,28.955755,31.02531,28.863533,24.913277,20.977106,20.66046,16.165943,14.944884,12.714032,10.970292,11.652541,9.676507,6.650468,11.092452,11.356647,14.134098,13.5291195,17.77753,20.36,18.817427,15.188218,16.314829,14.236307,17.553907,19.507496,18.254675,15.490824,19.17808,17.622643,21.906258,18.29128,23.45934,23.942541,20.801037,22.755991,20.115187,22.124355,23.794947,20.010757,25.26072,20.8537,25.80407,23.81419,25.012402,25.947538,26.940329,26.119368,21.62006,18.775454,14.950376,13.295461,9.728335,9.40028,5.1442223,8.06089,10.379597,12.781329,15.427127,13.376961,13.689475,17.617483,18.635294,19.100498,17.120554,19.518518,17.127817,15.466288,12.018815,13.499902,17.462132,18.478403,24.455225,22.044664,26.747904,28.09775,31.371946
20,15.960591,11.741,11.675446,9.014537,6.5613146,12.123596,9.208828,12.852621,15.081106,16.62685,20.8408,21.758554,23.23416,22.136951,18.836803,15.448355,12.165036,10.6581335,7.1295605,5.7436824,0.0,4.5718555,7.0927076,10.196115,10.846845,12.304688,8.1892805,12.504791,12.432787,14.402432,19.95531,20.39286,25.654312,27.474033,30.152206,33.84015,36.28992,34.322998,30.04417,25.929544,26.136667,21.437996,20.614166,18.122202,16.68816,16.571697,13.985088,10.08783,14.48651,16.122694,18.53092,18.057978,22.510126,24.4311,23.562523,19.990711,21.601282,19.642912,22.416706,24.955215,23.037743,20.638033,24.65883,22.914103,27.280281,23.101753,28.250269,28.265175,25.23851,26.793417,24.647867,26.005886,28.063519,24.044342,29.24156,24.868277,29.384638,27.568493,28.021032,29.115562,30.814838,29.868073,25.967777,22.816614,19.277765,17.39542,14.150844,13.486985,8.444588,11.117535,12.114841,14.988245,16.347898,14.961571,16.941986,20.204916,20.567247,21.60035,19.185934,21.853485,18.586397,18.104244,13.74308,14.384334,18.442965,20.240616,25.428612,24.049406,28.888226,30.27824,33.97679
21,17.279469,12.88473,14.409168,12.028262,10.515054,16.450405,13.206328,17.291039,19.016098,20.516401,24.502937,25.227371,26.105677,24.640047,20.771507,17.779375,14.326567,12.48615,9.494184,6.349158,4.5718555,0.0,4.773476,6.102023,6.3054843,8.103919,5.365042,10.063465,12.168812,14.003174,20.268019,21.376108,26.38861,28.488224,30.73911,34.9481,36.739685,34.152283,30.178745,26.05742,25.988123,20.847492,20.049162,16.64087,15.856901,14.04159,11.797121,8.637073,13.319085,15.575054,18.467737,18.988413,23.413776,26.01875,24.88891,21.3115,22.255259,19.613012,22.189987,24.020155,21.606253,18.661629,22.764301,20.655329,25.15376,20.616106,25.614769,25.520205,23.074402,24.90614,23.261703,25.16185,27.600056,24.143515,29.642948,25.85439,30.804394,29.33892,30.39866,31.6855,32.975933,32.32056,27.925867,24.871315,21.146082,19.066835,15.953783,14.067215,9.022086,9.833883,9.789661,11.722625,13.346094,13.201334,14.788675,17.329248,18.511768,20.094454,18.151934,21.581896,18.952177,19.160019,15.694594,17.291636,21.435234,22.733381,28.090324,25.7831,30.685839,31.545467,35.245
22,13.637363,9.315106,12.411678,10.431303,10.422832,16.537117,14.006157,19.118822,20.662384,22.961176,26.489199,28.12998,28.988487,27.911419,24.05671,20.307642,17.52433,14.653861,13.152474,8.294975,7.0927076,4.773476,0.0,4.5791516,7.2262764,7.8091803,7.122964,9.397427,13.060513,13.140466,20.582771,20.66436,26.542067,27.675703,30.270184,34.4678,36.17875,33.458282,29.029654,24.674953,25.468504,19.788326,20.0681,16.241055,16.870853,14.6650095,14.379983,12.17852,17.034584,18.42706,21.604927,21.644506,25.78474,28.61076,26.730686,23.09405,23.783484,21.500072,24.882132,25.805765,24.206276,20.343592,23.539433,20.786724,24.84892,19.450659,24.324087,23.539951,20.887732,22.089367,20.954777,22.168983,25.02081,21.68264,27.177666,23.995625,28.814796,28.024149,29.124607,30.960627,32.506786,32.4959,28.305984,24.687393,21.28139,18.45055,16.430538,12.615502,7.9605794,7.338968,6.1906815,8.947254,9.418633,9.058478,11.814918,14.048342,14.398531,16.179256,14.091873,17.774979,15.122236,16.474707,13.608679,15.817023,19.843174,20.83513,25.757029,23.030602,27.948252,28.334326,32.232384
23,17.238688,13.2760935,16.573088,15.000256,14.761843,20.85654,18.116594,22.905806,24.420303,26.335735,29.98833,31.102333,31.657337,30.184563,26.023348,22.909517,19.79033,17.278902,15.391718,10.912095,10.196115,6.102023,4.5791516,0.0,3.903706,5.062658,7.556968,9.731801,14.845057,15.247863,22.552382,23.472826,28.736286,30.355448,32.443413,37.02316,38.162964,34.944695,31.001278,26.804472,27.102768,21.336472,21.360601,16.92167,17.823826,14.048168,13.806042,12.394898,16.831312,18.969795,22.277128,23.262684,27.381985,30.575996,28.825697,25.282839,25.539858,22.653084,25.461336,26.01286,23.709234,19.73599,23.115791,20.20466,24.370573,18.882908,23.414907,22.602213,20.83159,22.420427,21.856897,23.729616,26.821548,24.116247,29.727365,27.002892,32.09495,31.427683,32.93839,34.738075,35.907368,35.908184,31.346983,28.031977,24.464579,21.813105,19.597696,15.730476,11.483577,9.667498,7.3629723,7.863943,8.530721,10.50477,12.381537,13.293153,14.871699,17.314796,15.94362,20.204378,18.295975,19.990793,17.75272,20.231457,24.241335,25.009998,30.01245,26.817062,31.671288,31.710579,35.51606
24,20.697426,16.492796,19.422684,17.17668,16.396095,22.515585,18.84006,23.338217,24.443752,25.953596,29.545761,30.163786,30.29229,28.499798,24.120108,21.623955,18.341818,16.238638,14.333159,10.398267,10.846845,6.3054843,7.2262764,3.903706,0.0,3.1604493,5.95402,8.773803,13.588719,14.931023,21.407354,23.307018,27.712729,30.10258,31.695618,36.473114,37.33449,33.96788,30.56097,26.621094,26.14821,20.732412,20.017569,15.618775,15.917018,11.669602,10.656593,9.73897,13.678349,16.24535,19.513603,21.159506,25.233501,28.601469,27.113344,23.709202,23.746296,20.434027,22.658236,23.282284,20.419567,16.75102,20.602291,18.029572,22.47016,17.633242,22.130983,21.913185,20.521505,22.750975,21.898422,24.559967,27.364553,24.85965,30.508331,27.607347,32.947205,31.930786,33.73776,35.202854,35.92809,35.650013,30.753744,27.933077,24.155142,21.992527,19.253958,16.260649,12.215343,10.637649,9.154724,8.62146,10.811957,12.721568,13.152177,14.229076,16.836777,19.046728,18.025309,22.176706,20.656555,21.516586,19.350542,21.818172,25.876862,26.549248,32.0161,28.63481,33.44164,33.643932,37.19725
25,20.751234,16.575567,20.15465,17.464035,17.177303,23.382677,19.232723,24.323364,24.828075,26.697979,29.803362,30.874407,30.607822,28.95411,24.417583,21.634544,18.838728,16.124296,15.464403,10.568001,12.304688,8.103919,7.8091803,5.062658,3.1604493,0.0,5.779752,6.42025,12.298764,12.948925,19.606207,21.479746,25.835783,28.05491,29.505623,34.419056,34.993294,31.423283,28.07371,24.182064,23.774252,18.223814,17.821882,13.121303,14.218954,9.441499,10.06748,10.22763,14.072824,15.765857,19.235348,20.734142,24.500336,28.175543,26.18172,22.835295,22.49623,19.25824,21.908266,21.760492,19.502092,15.156038,18.385273,15.468972,19.722645,14.597262,19.073816,18.769663,17.393803,19.682743,18.93884,21.784107,24.622417,22.433832,28.064894,25.521212,30.951197,30.164011,32.29331,33.881992,34.392574,34.417664,29.41806,26.579517,22.906992,20.608437,18.31345,14.672549,11.405775,8.904124,7.342589,5.919033,8.966886,10.78858,10.381116,11.40219,14.442574,16.5292,15.849434,20.017782,19.041346,19.864075,18.402426,21.287037,25.201557,25.480373,31.013306,27.10334,31.79191,31.770306,35.174137
26,19.81569,15.280886,17.743465,14.130162,13.151715,19.11692,14.152938,19.022318,19.235271,20.984386,24.078543,25.113451,24.929821,23.386166,18.974495,15.981097,13.143047,10.456238,9.955665,5.016315,8.1892805,5.365042,7.122964,7.556968,5.95402,5.779752,0.0,5.4034004,7.8751445,10.0200405,15.966965,17.946579,22.26026,24.846123,26.548975,31.121563,32.38242,29.46615,25.930803,22.031616,21.39037,16.351133,15.2037115,11.587158,10.899559,8.71494,7.2826233,5.6698527,10.349967,11.600613,14.93235,15.745158,19.830479,23.106504,21.408047,17.920773,18.18601,15.226702,18.095867,19.105064,17.101898,13.548811,17.420313,15.318369,19.860035,15.703018,20.73394,21.092077,18.72719,21.07026,19.118736,21.810106,23.982782,20.956858,26.501781,22.907038,28.23804,26.732655,28.510614,29.6803,30.285563,29.800257,24.898478,22.211447,18.354576,16.495905,13.410782,11.415266,7.5307055,7.4426885,8.335926,9.296306,12.506013,11.975383,11.6535,14.644966,16.759624,17.910662,16.537973,19.848026,18.177502,17.5489,15.123196,17.417162,21.400774,22.006199,27.91949,24.672249,29.402752,30.125986,33.42518
27,20.242931,16.011808,19.637938,15.65072,15.79157,21.63726,16.328506,22.101597,21.32669,23.751936,25.867664,27.78217,26.936405,25.718773,21.18273,17.706202,16.024954,12.2773695,14.157451,8.258283,12.504791,10.063465,9.397427,9.731801,8.773803,6.42025,5.4034004,0.0,6.909374,6.656104,13.434178,15.170635,19.569809,21.645086,23.134026,28.009657,28.70346,25.348892,21.794233,17.88826,17.527966,11.964093,11.7196,7.2034564,8.847619,5.822981,8.619981,9.483532,13.181729,12.669331,16.206964,16.647337,19.928335,23.758568,20.989393,17.684423,17.110357,14.45815,18.248453,17.543009,16.93439,12.043029,14.326987,11.433552,15.508112,10.661472,15.769704,15.935753,13.334235,15.730196,13.844215,16.87421,19.140268,16.702847,22.281075,19.45309,24.990828,24.043049,26.477127,27.977629,28.20178,28.422192,23.369518,20.559929,17.011086,14.741636,12.922432,9.104871,7.5703855,5.082307,6.38355,6.353969,10.398154,9.218669,6.987276,10.412679,12.942607,13.637319,12.908856,16.12746,15.580362,14.936507,14.163994,17.32142,20.897606,20.668882,26.573004,22.26064,26.742336,26.96627,30.00299
28,22.208242,17.986595,20.142317,15.191077,14.6413555,19.399443,12.803076,18.003448,15.966264,18.256292,19.647383,21.696033,20.372366,19.390102,14.993625,11.219749,10.557466,6.4677324,10.850008,6.701563,12.432787,12.168812,13.060513,14.845057,13.588719,12.298764,7.8751445,6.909374,0.0,4.906959,8.190298,10.852777,14.438768,17.477638,18.97723,23.444254,24.897808,22.447844,19.015444,15.465172,14.28174,10.290322,8.30758,6.9696364,4.601845,7.8107514,8.161684,8.25,10.8382435,8.282721,11.264401,10.302557,13.555507,17.095785,14.332063,10.888578,10.854416,8.806096,13.277715,13.802542,14.162133,10.746596,13.299217,12.119775,16.004374,13.546858,18.503946,19.691322,16.413692,18.835476,15.480135,18.359625,19.305273,16.08719,21.113834,16.899254,22.237396,20.132854,22.36738,23.083666,23.031057,22.51989,17.329798,15.097587,11.212111,10.136804,7.0295906,7.3204503,7.193454,8.58645,11.808565,13.095039,16.735691,14.126205,12.106962,16.479548,18.130161,17.711292,16.523808,18.204115,17.221308,14.209354,12.721219,14.895382,18.117647,18.023083,24.433674,20.887379,25.097605,26.31595,28.89364
29,20.178003,16.384823,19.46944,14.60382,15.246604,19.962025,14.018927,20.100288,17.976591,21.076519,21.943512,24.984179,23.767729,23.286472,19.204803,14.823177,14.794215,10.220645,14.691393,9.320757,14.402432,14.003174,13.140466,15.247863,14.931023,12.948925,10.0200405,6.656104,4.906959,0.0,8.102803,8.547526,13.800557,15.212928,17.245937,21.785278,23.094564,20.429308,16.197142,12.102732,12.36214,7.060419,7.5378947,5.575141,7.0634317,9.086511,11.959449,12.464771,15.494339,12.883899,15.807107,14.400354,16.881166,20.406677,16.749725,13.564593,13.095734,12.023972,17.098854,16.232904,17.714079,13.325735,14.162823,12.036654,15.0272255,11.492165,16.366749,16.86054,12.895471,14.654602,11.265741,13.578536,14.776459,11.499441,16.81547,13.188325,18.719069,17.450018,20.022919,21.451258,21.588884,22.058458,17.181847,14.1139145,10.854196,8.411774,7.800801,3.972748,6.63318,6.4862733,9.931824,11.431385,14.571683,11.056432,8.667182,13.421855,14.326645,13.31243,12.248852,13.516281,13.1387615,10.225864,10.26933,13.338855,16.202482,15.406475,21.577663,17.150183,21.316938,22.049635,24.677109
30,27.110353,23.532253,25.628422,20.394175,20.451145,23.819353,17.137117,21.816742,17.917982,20.471237,19.561995,22.64807,19.970531,19.812807,16.191668,12.690852,14.693719,11.251718,17.346508,14.439703,19.95531,20.268019,20.582771,22.552382,21.407354,19.606207,15.966965,13.434178,8.190298,8.102803,0.0,5.943598,6.321263,10.335708,10.978744,15.542127,16.856152,14.91338,11.949929,9.540539,7.0717463,6.702709,3.948492,8.195944,6.5815535,12.4093075,14.397794,15.652821,16.460705,11.8438835,13.24995,10.693826,11.000255,14.562408,9.9519415,7.852337,6.221163,7.3397,12.70373,11.4220085,15.187783,12.561889,12.037463,12.230625,13.951566,14.173243,17.824505,19.723373,16.109758,18.231997,13.89351,16.669365,15.812027,13.247553,16.739613,12.52656,17.420588,14.837185,18.030676,18.160923,16.747187,16.61956,11.051974,10.08971,7.35792,8.202075,7.8296027,10.093224,13.451199,14.531916,17.969393,18.938879,22.446173,19.031673,15.954674,20.310867,21.53309,19.824003,19.242235,19.136791,19.382107,14.705055,15.23132,17.04125,18.713375,17.509653,23.632187,19.680004,22.692472,24.155487,25.548235
31,24.036707,21.164322,23.203217,18.160805,19.070734,21.655169,15.870168,21.007439,17.102764,20.593508,19.26175,23.626123,21.74302,22.35539,19.413992,14.825384,17.101782,13.097231,19.123625,15.6396055,20.39286,21.376108,20.66436,23.472826,23.307018,21.479746,17.946579,15.170635,10.852777,8.547526,5.943598,0.0,7.509686,7.135505,10.280167,13.839871,16.347082,15.293732,10.387588,6.9804516,8.266831,7.2454495,8.26696,11.125963,11.319598,16.151196,18.576414,18.972733,20.863314,16.772505,18.344246,15.055784,15.587385,18.116392,13.457678,11.428639,11.102421,12.960881,18.334929,17.326689,21.00578,17.926897,17.140299,16.427889,17.606068,16.501158,20.085423,21.020859,16.611483,17.443403,13.1241865,13.939104,12.771155,9.088376,12.17372,7.036964,11.907117,9.550865,12.67549,13.618961,13.146804,14.125032,9.675576,6.490614,5.0772295,4.1578517,7.411809,8.218082,12.925264,14.235885,17.769777,19.59233,22.193201,17.832127,15.695408,20.269659,20.063786,17.719833,16.73539,15.398438,15.514919,10.105124,11.584257,13.233444,14.013531,12.201229,18.0073,13.954752,16.77458,18.454382,19.899883
32,31.43025,28.331764,30.136147,24.944487,25.230648,27.575928,21.272089,25.252882,20.52625,23.026524,20.58828,24.234592,20.914968,21.484354,18.915358,15.974509,19.114368,16.324839,22.626637,20.371881,25.654312,26.38861,26.542067,28.736286,27.712729,25.835783,22.26026,19.569809,14.438768,13.800557,6.321263,7.509686,0.0,6.3506756,5.533051,9.543779,11.2367115,10.777665,8.713047,8.668137,5.8151107,10.016359,8.692253,13.672312,12.58369,18.282017,20.380753,21.694698,21.933662,16.959309,17.377325,14.19136,12.457105,14.918562,9.77816,9.824153,8.068376,11.333241,15.636092,13.844632,19.010866,17.364925,15.463461,16.46988,16.559662,18.33825,20.80002,22.898335,19.3533,20.897783,16.459202,18.4479,16.187595,14.381575,15.729572,11.946558,15.319094,12.283605,15.877952,15.223316,12.408541,12.60526,7.4809237,8.672709,8.54058,10.78214,12.077538,14.95859,19.034246,20.228024,23.68097,24.690472,27.958374,24.187239,21.059456,25.23,25.994589,23.66877,23.309685,22.069798,22.821177,17.535383,18.916481,20.127207,20.587793,18.843416,24.137384,20.494339,22.241535,23.996935,24.292412
33,29.852964,27.519096,29.4831,24.64795,25.747868,27.519608,22.17242,26.585209,22.016098,25.292788,22.573902,27.286398,24.703192,25.839556,23.642267,19.786127,22.899496,19.486376,25.725391,22.701439,27.474033,28.488224,27.675703,30.355448,30.10258,28.05491,24.846123,21.645086,17.477638,15.212928,10.335708,7.135505,6.3506756,0.0,4.7915506,7.0114055,10.02686,10.631609,6.059111,6.116013,7.711884,10.972222,12.244285,16.272617,16.720018,21.697058,24.569056,25.496431,26.682463,22.032846,22.926615,19.439236,18.304636,20.225689,15.236358,14.875583,13.923676,16.953474,21.710918,19.776693,24.783503,22.271763,20.008883,20.02574,19.574123,20.184061,22.364473,23.566229,19.48205,19.776806,15.591488,15.732591,12.766982,10.930447,10.49621,7.106144,9.21115,6.8006983,11.12025,11.383335,8.923614,11.372682,8.406416,7.6520395,9.563596,10.445803,13.9151535,15.123752,20.018087,20.969152,24.287563,25.722738,28.216616,23.845036,21.278286,25.33631,24.955515,22.03271,21.6411,19.201729,20.320452,14.986522,17.600504,18.732855,18.1469,15.648769,19.884611,16.007034,16.79422,18.475224,18.23556
34,33.86377,31.229015,33.41479,28.417217,29.239702,31.398329,25.55847,29.797607,25.0447,27.84838,24.990973,29.095722,25.801798,26.660366,24.362291,21.347418,24.516697,21.460602,27.777231,24.945139,30.152206,30.73911,30.270184,32.443413,31.695618,29.505623,26.548975,23.134026,18.97723,17.245937,10.978744,10.280167,5.533051,4.7915506,0.0,5.476407,6.1661983,6.5736456,4.9280477,7.595718,6.318409,11.812084,12.180892,16.784449,17.046118,21.97393,25.010036,26.621456,27.06433,22.127712,22.68018,19.70053,17.69234,19.885323,14.8663645,15.314797,13.459653,16.492462,20.587847,17.781347,23.422241,21.364494,18.278168,19.021013,17.772255,19.93387,21.313873,23.15462,19.731455,20.545015,16.435753,17.62962,14.404309,13.904348,13.314481,11.315685,13.320554,11.333875,15.540811,15.187545,11.641646,13.456922,10.149055,11.260822,12.572701,14.058183,16.612434,18.135206,22.832764,23.428654,26.63811,27.453962,30.371902,26.4612,23.157055,26.883585,27.242798,24.436895,24.521837,22.485746,24.073051,19.011171,21.602837,22.973549,22.727844,20.33968,24.670197,20.603632,21.258667,22.570942,21.930662
35,36.651375,34.42197,36.091988,31.260218,32.1444,33.378773,28.078136,31.651583,26.603252,29.342089,25.64012,30.11638,26.863274,28.304964,26.859182,23.977295,27.643003,24.943745,31.254786,28.955755,33.84015,34.9481,34.4678,37.02316,36.473114,34.419056,31.121563,28.009657,23.444254,21.785278,15.542127,13.839871,9.543779,7.0114055,5.476407,0.0,5.627969,9.653168,8.902128,11.86165,11.770331,16.900684,17.376017,22.005522,21.93309,27.193869,29.838558,31.056366,31.449612,26.462265,26.607729,23.100391,20.658165,21.78323,17.215801,18.292244,17.103724,20.737436,24.484291,22.320768,28.005457,26.467316,23.565948,24.476137,23.156351,25.32368,26.583618,28.25841,24.748077,25.092543,21.147919,21.413553,17.818178,17.227173,15.161623,13.416621,13.148605,10.943764,14.335587,13.19441,8.831212,11.17339,10.332184,12.345547,15.001797,16.920551,19.842403,22.004593,26.748398,27.800512,31.125032,32.31017,34.982376,30.747032,27.884598,31.711786,31.554771,28.5318,28.407133,25.743877,27.12153,21.831768,24.360926,25.048368,23.95206,21.516434,24.803774,21.715656,21.285667,23.061258,21.586742
