,0,1,2,3,4,5,6,7,8,9,10,11,12,13,14,15,16,17,18,19,20,21,22,23,24,25,26,27,28,29,30,31,32,33,34,35,36,37,38,39,40,41,42,43,44,45,46,47,48,49,50,51,52,53,54,55,56,57,58,59,60,61,62,63,64,65,66,67,68,69,70,71,72,73,74,75,76,77,78,79,80,81,82,83,84,85,86,87,88,89,90,91,92,93,94,95,96,97,98,99,100,101,102,103,104,105,106,107,108,109,110,111,112
0,0.0,4.3254747,6.349196,9.568057,12.2769575,14.412468,17.586033,20.071646,24.059174,24.112963,28.290323,26.64889,27.969738,25.043438,31.207687,29.551853,31.824524,33.95218,36.354042,39.870384,42.261753,44.886765,47.09517,45.878944,46.943882,45.797535,44.010563,44.483105,40.914948,44.628906,37.577473,42.244083,37.704887,38.012234,36.5463,34.09826,31.33655,32.319008,31.464201,29.519941,26.866394,29.28141,28.669058,24.000757,24.040667,27.29821,23.580055,19.90071,21.52068,21.013018,26.30572,25.466173,26.374432,28.097128,31.0044,34.659225,32.695583,37.069164,37.12314,32.108624,34.863194,39.04991,42.302547,41.624218,36.9844,37.272995,42.86752,43.132626,39.36029,42.396156,45.820835,44.45367,41.03763,45.092167,40.411434,43.82224,40.9207,36.420624,37.210625,31.959475,30.630133,28.533554,27.262688,29.939735,30.973122,34.612022,36.237186,41.428696,43.986446,47.885654,50.36176,53.75216,54.50789,55.846577,55.151344,50.703995,50.75735,51.61779,49.402416,44.864227,47.40099,48.687553,44.28005,40.634243,44.454758,46.72821,43.615112,41.310696,39.05989,36.37035,32.610394,30.288315,26.280468
1,4.3254747,0.0,5.331312,6.2170587,9.262349,12.709494,14.484498,17.900646,21.437666,21.787418,25.943516,24.138046,24.940762,21.766953,27.495218,25.934113,27.911999,30.206696,32.272835,36.018158,38.31107,40.85377,43.121513,42.108902,43.209793,42.08838,40.575386,41.20941,37.83887,41.762295,34.88715,40.027218,35.649616,36.338665,34.520718,31.685612,29.300735,30.597393,29.159922,26.949804,24.96456,27.170683,25.987255,21.416368,22.154774,24.808052,20.364592,17.295305,19.414541,19.472826,24.585,22.952934,24.79506,26.70739,29.02636,32.318214,30.183147,34.556255,35.10933,30.345718,32.54975,37.07869,40.33156,40.064377,35.416798,35.312965,40.867332,40.96594,36.896584,39.933434,43.266773,41.743088,38.19538,42.077854,37.510914,40.76257,37.699844,33.356,33.810867,28.739779,27.074417,24.865137,23.419575,26.26085,27.588264,30.931849,32.903835,37.947945,40.63138,44.548134,47.0187,50.470577,51.285625,52.478214,51.913486,47.413532,47.350754,48.331245,46.429222,41.623493,44.013477,45.645363,41.40226,37.496395,41.151634,43.281624,39.99772,37.84802,35.269043,32.93776,28.988165,26.840698,22.690052
2,6.349196,5.331312,0.0,5.3912616,6.5858364,8.36512,11.799417,13.733706,17.842413,17.7992,21.976265,20.505226,22.035978,19.216078,25.796438,24.007023,26.744259,28.766403,31.840277,34.920856,37.72211,40.346344,42.860233,41.02381,41.823574,40.44064,38.501266,38.67095,35.030502,38.600296,31.551859,36.15964,31.43073,31.958769,30.62262,28.023113,25.202131,26.574615,25.79345,23.642893,21.081419,24.220385,23.40692,18.511833,19.056328,23.054161,19.13755,15.321347,17.955214,16.950415,22.235193,22.160463,23.585701,24.70235,27.602764,30.913486,28.3254,32.718056,33.245876,27.866924,29.912281,34.415398,37.39992,36.97797,32.0806,31.954834,37.523983,37.49135,33.838287,37.317497,40.387554,38.77709,35.679283,40.04313,35.524487,39.265938,36.50083,32.102325,33.32976,28.156137,26.988663,25.534359,23.428762,25.600681,26.153067,30.15562,31.083895,36.53933,38.746277,42.715866,44.949196,48.43086,48.947758,50.207752,49.33822,44.895435,44.919926,45.62891,43.28851,38.863335,41.4683,42.522087,38.05729,34.534927,38.468163,40.873947,37.94435,35.468372,33.64307,30.551237,27.004328,24.615627,20.733248
3,9.568057,6.2170587,5.3912616,0.0,3.8893921,7.758392,8.510288,12.672,15.6432495,16.730825,20.812618,19.451044,20.100683,16.661655,22.427202,20.201385,22.478687,24.402464,27.064873,30.342375,32.857254,35.524086,37.836487,36.364693,37.38099,36.251328,34.503426,35.11907,31.688177,35.628185,28.75694,34.037174,29.971931,30.70028,28.583698,25.647104,23.501495,24.844597,23.082602,20.810219,19.153141,21.29878,19.852877,15.276652,16.47935,19.167093,14.498439,11.458218,14.377507,14.457717,19.35322,17.932478,20.414446,21.988277,24.038902,26.995176,24.45856,28.838335,29.78539,24.94922,26.613707,31.380583,34.519917,34.532978,29.821247,29.407373,34.91939,34.909657,30.756514,33.900826,37.115295,35.53622,32.019276,35.994797,31.48598,34.89721,31.917288,27.606987,28.387875,23.320988,21.853233,20.221958,18.205,20.631458,21.610716,25.261341,26.817465,32.008766,34.545326,38.47929,40.90615,44.355347,45.123486,46.382015,45.791763,41.324795,41.398663,42.430794,40.400753,35.705997,38.28284,39.849583,35.57289,31.769312,35.63361,37.886482,34.623535,32.325195,29.875305,27.112337,23.385294,20.886166,16.973616
4,12.2769575,9.262349,6.5858364,3.8893921,0.0,5.4307103,5.419567,9.010976,12.1946335,12.893163,16.993979,15.584219,16.436533,13.17946,19.48016,17.445576,20.191032,22.22438,25.43171,28.413372,31.340637,33.915386,36.60852,34.616707,35.333935,33.89274,32.117615,32.361954,28.892136,32.676273,25.8259,31.039797,26.58096,27.657942,25.825832,22.657917,20.404053,22.327347,20.722454,18.121733,16.653427,19.747425,18.038464,13.213709,15.13729,18.588602,13.722328,10.828848,14.735378,14.265417,18.928879,18.335344,21.122837,22.082396,24.133102,26.72417,23.622648,27.956121,29.330223,24.202396,25.122055,30.158611,32.988052,33.210358,28.272594,27.442415,32.89513,32.538692,28.55976,32.211433,35.007885,33.121902,29.994944,34.29134,29.9962,33.70992,30.859238,26.724083,27.84636,22.986921,21.607058,20.562754,17.71245,19.62386,20.157696,24.06424,24.942726,30.37718,32.54393,36.562847,38.696255,42.27477,42.76906,43.870705,43.084103,38.586983,38.52457,39.345566,37.267353,32.597935,35.14082,36.496506,32.17727,28.41428,32.295063,34.6373,31.569605,29.142042,27.13347,24.115301,20.490862,18.122402,14.170667
5,14.412468,12.709494,8.36512,7.758392,5.4307103,0.0,6.300288,6.619572,10.371169,11.317653,15.287924,15.005529,16.900545,14.197464,21.022085,18.15646,21.703358,22.843924,27.21124,29.130388,32.38804,35.174778,37.731632,34.921253,35.458508,33.98958,31.434782,31.309671,27.4022,30.70782,23.52674,27.863941,23.40332,23.709349,22.262106,19.824617,16.924376,18.253658,17.63323,15.592373,12.759032,16.598608,15.947248,10.92655,11.667833,16.854383,13.747942,9.579108,13.166201,11.196642,15.955373,17.527916,19.112942,19.162481,22.075987,24.92516,21.683813,25.959854,26.833063,21.058825,22.377224,27.01922,29.67759,29.449183,24.353872,23.894188,29.41583,29.231358,25.792284,29.6176,32.410305,30.763603,28.005318,32.73901,28.352633,32.536106,30.153687,25.848166,27.981113,22.94735,22.514791,22.298073,19.463766,20.46721,19.914892,24.618343,24.232744,30.001942,31.68629,35.62577,37.680927,41.100777,41.414852,42.85666,41.794624,37.483707,37.807407,38.44075,35.606346,31.672752,34.693302,35.259346,30.602535,27.575066,31.978682,34.70598,32.065727,29.217896,28.089802,23.92381,21.159473,18.103853,15.13845
6,17.586033,14.484498,11.799417,8.510288,5.419567,6.300288,0.0,6.1140113,7.404647,9.451159,13.1244545,12.373203,12.757737,9.244467,15.274649,12.431603,15.609718,17.209663,21.130342,23.510908,26.719196,29.341084,32.14681,29.651323,30.216003,28.708506,26.767302,26.955976,23.479519,27.32395,20.558355,26.090363,21.998878,23.346659,21.126736,17.627312,15.869627,18.13455,15.948077,13.038968,12.558149,15.679653,13.313916,8.668883,11.910963,15.101191,10.023356,8.198953,12.997002,12.652199,16.256489,15.937315,19.479084,19.93058,21.362484,23.250727,19.625374,23.796627,25.819048,20.850578,20.700335,26.067528,28.646086,29.338026,24.405499,23.000135,28.286861,27.674759,23.571209,27.43506,29.94474,27.877207,24.854034,29.239147,25.149643,29.00325,26.261744,22.363636,23.782522,19.256918,18.084415,17.902613,14.299656,15.4016905,15.399145,19.541044,19.80759,25.36978,27.303951,31.348726,33.361427,36.976494,37.386864,38.476246,37.66881,33.18209,33.197384,34.07135,31.95378,27.316458,30.007133,31.366533,27.064041,23.33863,27.394188,29.831858,26.787066,24.227875,22.380013,18.909315,15.567712,12.832525,9.24708
7,20.071646,17.900646,13.733706,12.672,9.010976,6.619572,6.1140113,0.0,4.8799343,4.7315793,8.680096,8.668645,10.954145,9.081021,16.17911,13.837812,17.98222,19.240833,24.237228,25.607319,29.429834,31.915218,35.084,31.57134,31.570389,29.568632,27.172974,26.39767,22.60053,25.638374,18.741013,23.154242,17.937757,19.352385,18.36462,15.175215,12.341986,15.368855,14.760737,11.89246,10.357681,15.827778,14.298917,9.727655,12.398107,17.631687,14.234088,11.798755,16.268528,14.389735,17.69213,19.702206,22.19402,21.528028,23.73024,25.535631,21.471954,25.36307,27.26118,21.60461,21.028189,26.143503,28.10598,28.562737,23.301748,21.742569,26.881,25.87911,22.709944,27.404644,29.239635,26.91264,24.936481,30.017492,26.264088,30.72179,28.54632,24.86845,27.223597,22.973484,22.487473,23.074915,19.183283,19.305021,18.14652,22.770254,21.32877,27.202194,28.211744,32.219715,33.681683,37.32579,37.166756,38.20477,36.864243,32.507717,32.495823,32.780533,30.050919,26.059626,28.909357,29.226606,24.59373,21.562279,25.89193,28.707167,26.421839,23.426678,23.109179,18.656126,16.271055,13.728585,11.216974
8,24.059174,21.437666,17.842413,15.6432495,12.1946335,10.371169,7.404647,4.8799343,0.0,4.744014,6.8257384,8.058532,9.147191,7.3487506,13.065316,9.842298,14.27551,14.914922,20.45901,21.166618,25.158764,27.635277,30.83502,26.960627,26.835865,24.815966,22.308664,21.543638,17.771193,20.99623,14.181277,19.262747,14.666553,16.56611,14.854191,11.007521,9.13457,12.753386,11.132762,7.7134566,8.228859,13.245868,10.877854,7.387022,11.337408,15.481021,12.301591,11.454166,15.927778,14.613253,16.53773,18.332745,21.498724,20.591894,21.909649,22.886503,18.479033,22.026928,24.632656,19.500786,17.653667,23.069983,24.765432,25.834127,20.74977,18.470257,23.325825,22.019344,18.587688,23.438704,24.953518,22.398563,20.478485,25.537518,22.081879,26.539974,24.46672,21.186441,23.654638,19.982962,19.66138,20.942972,16.717688,16.014627,14.337257,18.885502,16.82901,22.674513,23.462097,27.470938,28.832703,32.514477,32.331696,33.339104,32.053535,27.67727,27.742683,28.171124,25.493126,21.41596,24.427391,24.907938,20.320341,17.221077,21.75278,24.624853,22.286762,19.200153,18.968391,14.045955,12.155326,9.23447,7.8867292
9,24.112963,21.787418,17.7992,16.730825,12.893163,11.317653,9.451159,4.7315793,4.744014,0.0,4.1835947,4.237578,7.199996,6.966185,13.664662,12.365526,16.674053,18.137575,23.301443,24.295546,28.464891,30.59943,34.249588,30.314947,29.854849,27.393642,25.30419,23.939835,20.411882,23.111843,16.801334,21.11253,15.211446,17.797634,17.388536,13.661375,11.212815,15.565246,15.043581,11.770498,11.683121,17.579056,15.544477,11.963549,15.368406,20.124794,16.681463,15.392505,19.966831,18.267513,20.749498,22.784168,25.704645,24.737625,26.460457,27.578985,23.16375,26.635876,29.169085,23.813501,22.003874,27.240545,28.635906,29.576256,24.392693,22.092926,26.703638,25.045116,22.231003,27.447071,28.441465,25.571781,24.33492,29.513325,26.389708,30.888258,28.892141,25.814793,28.154703,24.61091,24.017595,25.01009,20.613527,20.215986,18.801777,23.013412,20.91905,26.609926,27.057846,31.035072,31.950115,35.747704,35.1825,35.803295,34.235695,29.874884,29.478588,29.40712,26.893024,22.827898,25.376701,25.490633,20.971182,17.899117,21.99058,24.825706,22.913578,19.86104,20.34362,15.919358,13.938883,12.347816,10.465667
10,28.290323,25.943516,21.976265,20.812618,16.993979,15.287924,13.1244545,8.680096,6.8257384,4.1835947,0.0,3.9421566,6.6432157,8.26508,13.132243,12.313122,16.605701,17.68228,23.156118,23.366407,27.787897,29.677086,33.551487,29.071243,28.188004,25.413055,23.324757,21.357702,18.010052,20.166645,14.504545,18.350456,12.0476675,15.55201,15.689965,11.836214,9.916337,15.018592,14.7653,11.608995,12.5301285,18.417559,16.322775,13.839776,17.339071,21.75237,18.867382,18.260605,22.652891,20.9523,22.608368,24.993536,27.973642,26.613255,28.003605,28.545597,23.93801,26.91798,29.832767,24.780678,22.020184,27.11454,27.941181,29.226328,24.230938,21.394468,25.400581,23.229095,20.93041,26.49151,26.722792,23.500755,23.054007,28.299355,25.775738,30.321043,28.660948,26.130562,28.675611,25.76637,25.378994,26.880808,22.305704,21.266815,19.392712,23.30891,20.34843,25.769676,25.569307,29.399265,29.81767,33.6322,32.688034,33.076782,31.258106,27.010958,26.459848,26.047253,23.460196,19.675652,22.149372,21.783419,17.274647,14.562733,18.635622,21.623968,20.251226,17.034239,18.599627,13.856587,12.927388,11.990976,11.473218
11,26.64889,24.138046,20.505226,19.451044,15.584219,15.005529,12.373203,8.668645,8.058532,4.237578,3.9421566,0.0,4.2248793,6.2508354,11.882843,12.380814,16.253908,18.346245,23.003084,24.158241,28.431248,30.137608,34.246807,30.342216,29.563972,26.71895,25.307432,23.602669,20.62155,23.13805,17.737516,22.077631,15.867618,19.493626,19.449907,15.352454,13.611544,18.546864,17.831436,14.363293,15.313087,20.976145,18.46269,15.422108,19.265924,23.421001,19.493523,18.940456,23.655848,22.282356,24.559856,26.082956,29.472181,28.597797,29.928658,30.644049,26.119617,29.3481,32.349323,27.332224,24.838348,30.176193,31.272047,32.59564,27.555754,24.805834,28.973806,26.85764,24.19467,29.58583,29.985176,26.686037,25.892395,30.88987,28.284933,32.588852,30.57221,27.983265,29.940058,26.935892,25.968853,26.937431,22.251139,21.831127,20.675583,24.22446,22.201313,27.51203,27.707527,31.633862,32.113537,36.061165,35.225235,35.32618,33.677437,29.28851,28.339918,27.983057,26.079014,21.671154,23.58903,23.871368,19.748835,16.316605,19.708437,22.313929,20.614344,17.781687,18.655876,15.068746,13.035325,12.876434,11.068638
12,27.969738,24.940762,22.035978,20.100683,16.436533,16.900545,12.757737,10.954145,9.147191,7.199996,6.6432157,4.2248793,0.0,3.9957411,7.7963142,9.485835,12.753246,15.4302635,19.439297,20.997839,25.1654,26.633963,30.951675,27.412666,26.651377,23.759825,23.029997,21.642359,19.191694,22.17508,17.378233,22.612972,17.201593,21.263124,20.471605,15.851363,15.19208,20.129381,18.379484,14.653508,16.878368,21.571602,18.297379,15.83112,20.332321,23.270678,18.70175,19.235886,24.02145,23.373703,25.295807,25.746851,29.886753,29.36159,29.964281,30.22359,25.726034,28.793232,32.315243,27.900835,24.857697,30.439878,31.574234,33.37731,28.577143,25.474768,29.430267,27.186325,24.04828,29.194347,29.486057,25.99788,24.948408,29.492958,27.15719,31.05746,28.81445,26.606684,27.947657,25.445911,24.033983,24.950209,20.09792,19.706005,19.015585,21.809742,20.37229,25.266502,25.667858,29.598932,30.054531,34.115086,33.410446,33.20839,31.831875,27.307335,26.040667,25.936739,24.809687,19.67247,21.160152,22.364351,18.704018,14.427651,17.303051,19.555914,17.345852,14.847692,14.972022,12.384315,9.666673,10.604868,8.676543
13,25.043438,21.766953,19.216078,16.661655,13.17946,14.197464,9.244467,9.081021,7.3487506,6.966185,8.26508,6.2508354,3.9957411,0.0,7.4661665,7.626924,10.999048,13.839953,17.702742,19.877611,23.771763,25.581,29.551716,26.49483,26.210955,23.759903,22.867838,22.189066,19.503391,23.083954,17.641525,23.490505,18.667206,22.048697,20.491522,15.855707,15.159563,19.499168,17.147943,13.340193,15.428347,19.499578,16.016262,13.146045,17.805546,20.32427,15.20138,15.817069,20.655413,20.389496,22.558878,22.344017,26.706429,26.57302,27.079416,27.580553,23.264631,26.633911,30.001429,25.634584,23.113205,28.840643,30.44141,32.12555,27.310911,24.513376,28.878841,27.069271,23.353704,28.100597,29.072021,25.920494,24.068432,28.461246,25.624884,29.405693,26.854897,24.250256,25.346586,22.430563,20.816196,21.408817,16.640387,16.69833,16.43675,19.401604,18.77607,23.870033,24.913998,28.96791,29.9695,33.976845,33.71224,33.841255,32.772884,28.155247,27.225313,27.604664,26.397545,21.092482,22.91176,24.561625,20.779764,16.345646,19.562849,21.754906,18.942947,16.541952,15.394512,12.783623,9.142985,9.013998,5.6447864
14,31.207687,27.495218,25.796438,22.427202,19.48016,21.022085,15.274649,16.17911,13.065316,13.664662,13.132243,11.882843,7.7963142,7.4661665,0.0,5.751094,6.1573267,9.934275,12.236667,14.592564,18.36612,19.46817,24.002604,21.293966,20.756773,18.079401,18.647236,18.318138,17.014103,20.850927,17.384798,23.825495,20.42511,24.52474,22.366835,17.448162,18.531088,22.822739,19.46871,15.884792,19.823397,22.353642,18.094995,17.113739,22.138832,22.622995,17.537876,20.087261,24.468086,25.102047,26.102633,24.698753,29.929325,29.97482,29.186798,28.537169,24.351624,26.915043,31.227844,28.157663,24.322342,30.019144,31.234842,33.801456,29.647858,26.155903,29.5941,27.370802,23.444225,27.72415,27.980043,24.46051,22.7657,26.159517,24.352554,27.280561,24.671465,23.297726,23.401047,22.071268,19.973265,20.932522,16.105206,15.568007,15.819657,16.779585,16.702042,20.431734,21.379053,25.180727,25.782518,29.895107,29.642586,29.07919,28.400532,23.762484,22.196743,22.89491,23.137836,16.98594,17.81705,20.90815,18.298172,13.046498,14.855675,16.23067,12.680601,11.183758,8.539505,8.761705,4.5173593,7.981085,7.0016026
15,29.551853,25.934113,24.007023,20.201385,17.445576,18.15646,12.431603,13.837812,9.842298,12.365526,12.313122,12.380814,9.485835,7.626924,5.751094,0.0,4.561843,6.2218885,10.991781,12.372484,16.33697,18.386082,22.142487,18.934492,18.866253,16.804216,15.939513,16.1718,13.925463,18.294447,13.6612215,20.565804,18.006844,21.180239,18.184114,13.422951,14.758189,18.270891,14.33908,10.911324,15.18296,16.819565,12.436943,12.007284,16.989586,16.996212,12.458269,15.355126,19.411575,20.152918,20.614115,19.39721,24.515392,24.428452,23.509071,22.85008,18.616982,21.302086,25.50281,22.467783,18.736008,24.487646,25.97232,28.429417,24.325968,21.020876,24.759472,22.972044,18.592955,22.646776,23.56018,20.464695,18.047617,21.714846,19.266417,22.519617,19.886019,17.984356,18.69593,16.879082,15.34035,16.895184,12.055304,10.803712,10.352374,12.370653,11.807677,16.426607,17.733213,21.771711,23.04513,27.02069,27.156176,27.421125,26.835058,22.183168,21.595,22.74808,21.915697,16.289545,18.407133,21.003746,17.683844,13.046105,16.366095,18.372225,14.87683,12.665226,10.109791,7.2988286,3.448255,2.6157987,3.2872303
16,31.824524,27.911999,26.744259,22.478687,20.191032,21.703358,15.609718,17.98222,14.27551,16.674053,16.605701,16.253908,12.753246,10.999048,6.1573267,4.561843,0.0,4.73021,6.765385,9.58316,13.005184,14.726366,18.701576,16.476353,16.680843,14.900574,15.328121,16.400574,15.2532,19.81396,16.463188,23.492691,21.754738,25.01767,21.697104,17.08991,18.97546,22.155539,17.785486,14.74129,19.266344,19.845327,15.249826,15.494445,20.344358,18.951233,14.138957,17.982422,21.630295,23.10787,23.260336,20.73614,26.414906,26.801767,25.092232,23.930033,20.147825,22.416428,26.982384,24.879368,20.944479,26.52818,28.040152,30.865614,27.233578,23.86381,27.158142,25.412228,20.79971,24.099636,24.93678,21.91037,19.195398,21.799877,19.841793,22.16601,19.225851,18.04798,17.501179,16.69707,14.426752,15.732619,11.152686,10.129362,10.96019,10.846952,12.055978,15.2856245,17.131643,20.931984,22.276917,26.217625,26.669264,26.577047,26.500034,21.906048,21.012175,22.614775,22.845545,16.809813,18.185804,21.874971,19.431578,14.540273,16.719625,17.951725,13.853397,12.661599,8.141934,8.411213,4.696268,6.2587,6.7901664
17,33.95218,30.206696,28.766403,24.402464,22.22438,22.843924,17.209663,19.240833,14.914922,18.137575,17.68228,18.346245,15.4302635,13.839953,9.934275,6.2218885,4.73021,0.0,6.672544,6.4076495,10.333239,12.733397,16.11355,12.868058,13.219579,11.906594,11.298149,12.98659,11.742834,16.523838,13.522648,20.544294,20.16281,22.863354,18.961628,14.829685,17.49979,19.90546,15.162672,12.849171,17.890776,17.274784,12.789936,14.536426,18.925507,16.655258,13.36765,17.635359,20.583746,22.108404,21.19245,19.034119,24.476135,24.51054,22.288832,20.48047,16.737606,18.422354,23.289684,21.832035,17.266605,22.589437,23.912098,27.020613,23.840094,20.333273,23.181585,21.560705,16.805399,19.669867,20.507345,17.695839,14.692506,17.072107,15.261667,17.562769,14.824629,14.042639,13.995481,13.868024,12.49414,14.948709,10.893903,8.2534075,7.847989,7.4528623,7.4774494,10.715245,12.555812,16.44309,18.098516,21.944067,22.615288,23.00756,23.056849,18.562025,18.38607,20.389383,20.117765,14.647874,16.769775,20.19981,17.736628,13.619952,16.353872,17.849352,14.070228,12.593453,8.839617,7.323295,6.3335075,5.856518,8.890455
18,36.354042,32.272835,31.840277,27.064873,25.43171,27.21124,21.130342,24.237228,20.45901,23.301443,23.156118,23.003084,19.439297,17.702742,12.236667,10.991781,6.765385,6.672544,0.0,6.0565844,7.322835,8.833317,12.511923,12.096264,13.133461,12.603945,14.405158,16.961355,17.140095,21.664501,19.903122,26.756237,26.580776,29.485895,25.554737,21.489603,24.112206,26.470768,21.592001,19.338585,24.13568,23.013536,18.518053,19.999516,24.321342,20.995296,16.981499,21.769735,24.420053,26.731237,26.005089,22.166498,28.156826,28.969387,26.076256,24.03243,21.135798,22.486496,27.385448,26.861908,22.697935,27.67643,29.15972,32.44091,29.704376,26.390102,28.907974,27.44121,22.64291,24.528809,25.387453,22.838823,19.658733,20.451303,19.282333,20.01855,16.8791,17.01476,14.74676,15.909613,13.286717,14.676174,11.583915,10.333324,12.188109,8.847022,12.282355,12.785761,15.458885,18.543346,20.234375,23.779978,24.925968,24.697487,25.503149,21.333426,20.585089,22.998594,24.2296,18.490417,19.298166,23.924145,22.541979,18.15294,19.30088,19.66057,15.388663,15.42742,9.839031,12.36165,10.6157,11.833118,13.130728
19,39.870384,36.018158,34.920856,30.342375,28.413372,29.130388,23.510908,25.607319,21.166618,24.295546,23.366407,24.158241,20.997839,19.877611,14.592564,12.372484,9.58316,6.4076495,6.0565844,0.0,4.5942554,6.7150493,10.2306,6.901877,7.5170517,7.2351823,8.576123,11.726085,12.589237,16.794727,16.423212,22.697948,23.897291,26.5354,22.456835,18.991095,22.408258,24.307291,19.53238,18.024767,23.267477,21.57897,17.491613,20.247597,24.143568,20.663664,18.428846,23.141644,25.36345,27.28362,25.518314,22.833838,28.23891,28.329576,25.155437,22.313221,19.362564,19.72518,24.991594,25.086353,19.928455,24.354504,25.17279,28.884148,26.721716,23.06368,24.632174,22.967571,18.563519,20.118706,20.240063,17.672552,14.978694,15.255448,15.13807,15.722965,13.33503,14.671081,13.419773,15.73659,14.575027,17.316277,14.552939,11.692615,11.64256,8.254183,8.907571,7.920331,9.721006,12.685964,14.183353,17.793835,18.8849,18.867844,19.73236,15.694541,15.519986,18.300528,19.298962,14.285075,15.572506,19.918354,18.88949,15.499457,16.789652,17.344881,13.711064,13.523137,9.45101,10.571429,11.344844,12.021085,15.19854
20,42.261753,38.31107,37.72211,32.857254,31.340637,32.38804,26.719196,29.429834,25.158764,28.464891,27.787897,28.431248,25.1654,23.771763,18.36612,16.33697,13.005184,10.333239,7.322835,4.5942554,0.0,3.5439272,5.819788,5.4738693,7.601175,9.166811,11.302532,15.103191,16.472906,20.370945,20.506655,26.506025,28.255148,30.5955,26.271185,23.12722,26.57067,28.016592,23.08116,21.884615,26.947184,24.446407,20.533846,23.502903,27.086823,22.635279,20.641323,25.670969,27.345755,29.774343,27.744968,24.149195,29.638124,30.131313,26.340607,23.155535,21.013054,20.890326,26.054417,27.117561,22.30233,26.203379,27.148897,30.938171,29.33413,25.972166,27.207745,25.92165,21.494463,21.948172,22.339996,20.387085,17.34912,16.174822,16.48021,15.628736,13.143429,15.3289385,12.670212,16.218431,14.862371,17.31479,15.685806,13.233563,14.006679,9.232443,11.698883,8.650185,11.238073,13.101786,15.012763,17.934725,19.72169,19.70509,21.296082,17.886618,17.893278,21.03353,22.563553,18.05361,18.896852,23.507391,22.992949,19.862787,20.642712,20.704847,17.143078,17.56037,13.165321,15.148674,15.582704,16.161629,18.876852
21,44.886765,40.85377,40.346344,35.524086,33.915386,35.174778,29.341084,31.915218,27.635277,30.59943,29.677086,30.137608,26.633963,25.581,19.46817,18.386082,14.726366,12.733397,8.833317,6.7150493,3.5439272,0.0,5.231601,6.3023524,7.59221,8.989969,12.619538,16.077597,18.198603,21.700264,22.677368,28.452475,30.165485,32.870594,28.79832,25.559048,29.086666,30.850624,26.044252,24.702555,29.89578,27.741411,23.771393,26.590132,30.358088,26.121078,23.872177,28.872698,30.741705,33.12733,31.21033,27.62392,33.1661,33.653786,29.879269,26.63934,24.499058,24.251625,29.447298,30.558542,25.561226,29.375042,30.065887,33.983635,32.457436,28.930182,29.864471,28.322765,24.20609,24.7431,24.594103,22.444603,20.002941,18.561766,19.502296,18.39826,16.267965,18.784557,16.04367,19.72432,18.189764,20.341272,18.658482,16.491024,17.36637,12.706029,14.835568,11.533037,13.2907095,14.55089,15.691609,18.459295,20.023403,19.285585,21.096449,17.972345,17.413364,20.54445,22.98298,18.46416,18.478546,23.527344,23.709368,20.602968,20.48157,19.949345,16.538036,17.662973,13.284668,16.525475,17.106857,18.46187,21.084631
22,47.09517,43.121513,42.860233,37.836487,36.60852,37.731632,32.14681,35.084,30.83502,34.249588,33.551487,34.246807,30.951675,29.551716,24.002604,22.142487,18.701576,16.11355,12.511923,10.2306,5.819788,5.231601,0.0,6.7405624,9.327935,12.268862,14.802312,18.858318,20.883492,24.182158,25.289371,30.696136,33.260265,35.31528,30.864601,28.19101,31.812933,32.80177,27.891548,27.124306,32.08114,28.873217,25.322624,28.646606,31.829872,26.663168,25.320576,30.447582,31.536165,34.262924,31.791882,27.774115,33.014626,33.683086,29.330431,25.690536,24.433857,23.525549,28.450119,30.635502,25.992775,29.048647,29.81811,33.737522,32.921043,29.793121,30.319761,29.319416,25.220692,24.525448,24.798487,23.489271,20.60396,17.860207,19.09254,16.679611,14.797074,18.066734,14.633132,19.33706,18.266407,20.485563,20.005995,17.81132,18.753788,13.601876,16.263119,11.61802,13.888417,14.110465,15.985648,17.779285,20.195095,20.102495,22.480846,20.060835,20.323692,23.731596,25.801617,22.131294,22.541061,27.19902,27.380993,24.79819,25.021624,24.61505,21.457005,22.37968,18.268755,20.662653,21.36086,21.926027,24.607395
23,45.878944,42.108902,41.02381,36.364693,34.616707,34.921253,29.651323,31.57134,26.960627,30.314947,29.071243,30.342216,27.412666,26.49483,21.293966,18.934492,16.476353,12.868058,12.096264,6.901877,5.4738693,6.3023524,6.7405624,0.0,3.2848277,6.677713,8.173968,12.3155,14.525207,17.520266,19.25973,24.222855,27.219398,29.243107,24.991552,22.586502,26.5073,27.515268,22.938967,22.424726,27.575876,24.757967,21.414845,25.143986,28.286837,23.950153,23.30413,28.068323,29.432066,31.467426,28.702614,26.181313,31.013754,30.886538,26.993599,23.227753,21.208447,20.101147,25.343258,26.99296,21.51799,24.601479,24.800556,28.925539,27.997217,24.457172,24.595207,23.176832,19.463448,19.343521,18.827242,17.084026,14.880631,12.660101,14.536236,13.175432,11.987035,15.417163,13.966011,18.127851,17.948584,21.104132,19.582075,16.40101,15.869505,11.88668,11.728763,6.893503,7.640114,8.275816,9.852726,12.530877,14.44849,14.653244,16.54517,13.718701,14.474907,17.909935,19.300276,16.072218,17.13183,21.183662,21.2087,19.274303,19.95533,20.075321,17.406033,17.717278,14.919137,15.877714,17.819735,18.128923,21.753471
24,46.943882,43.209793,41.823574,37.38099,35.333935,35.458508,30.216003,31.570389,26.835865,29.854849,28.188004,29.563972,26.651377,26.210955,20.756773,18.866253,16.680843,13.219579,13.133461,7.5170517,7.601175,7.59221,9.327935,3.2848277,0.0,3.8810768,6.428408,10.000865,12.975266,15.46728,18.154184,22.74321,25.749285,28.114916,24.243864,21.816639,25.867462,27.228935,22.96574,22.357622,27.649748,25.449074,22.124918,25.759937,29.06806,25.402777,24.68799,29.228252,30.927505,32.60738,29.932917,28.050419,32.777164,32.334846,28.774582,25.085707,22.66987,21.598923,26.892437,28.129538,22.265047,25.393316,25.173378,29.389215,28.340467,24.497646,24.342295,22.461699,19.229517,19.71058,18.363182,16.104929,14.895528,13.205783,15.584341,14.866661,14.142452,17.398535,16.651695,20.378649,20.26098,23.477226,21.425163,18.14153,17.194715,13.882643,12.526974,8.490931,7.5538793,8.098414,8.25191,11.426306,12.561757,12.121677,13.798496,10.821606,11.256082,14.706172,16.507442,13.406863,14.158805,18.23715,18.719206,17.108873,17.345678,17.336506,15.102364,15.5511465,13.598697,14.637993,17.243217,18.014347,21.913582
25,45.797535,42.08838,40.44064,36.251328,33.89274,33.98958,28.708506,29.568632,24.815966,27.393642,25.413055,26.71895,23.759825,23.759903,18.079401,16.804216,14.900574,11.906594,12.603945,7.2351823,9.166811,8.989969,12.268862,6.677713,3.8810768,0.0,5.449074,7.66055,10.963439,13.447492,16.254982,20.980534,23.267323,26.21728,22.792418,19.959217,23.933313,25.949532,21.940067,20.912298,26.316702,25.07314,21.562654,24.75496,28.42021,25.635288,24.388948,28.65891,30.900448,32.229244,29.978302,28.577915,33.37464,32.753265,29.708612,26.390541,23.385946,22.825722,28.150429,28.53438,22.497183,26.111897,25.787811,29.905935,28.310974,24.187706,24.32153,21.95552,18.902452,20.502752,18.761927,15.747417,15.204708,14.882119,16.846657,17.212925,16.353971,18.867857,18.638632,21.544085,21.201626,24.309067,21.530842,18.32769,17.181433,14.653659,12.57798,10.272875,8.774183,10.279268,9.52835,13.289912,13.378415,12.299142,13.119116,9.329899,8.739579,11.889569,14.014186,10.026459,10.493727,14.930999,15.470466,13.563575,13.490665,13.510702,11.319178,11.76389,10.445006,11.667734,14.671489,16.061022,20.017319
26,44.010563,40.575386,38.501266,34.503426,32.117615,31.434782,26.767302,27.172974,22.308664,25.30419,23.324757,25.307432,23.029997,22.867838,18.647236,15.939513,15.328121,11.298149,14.405158,8.576123,11.302532,12.619538,14.802312,8.173968,6.428408,5.449074,0.0,4.4047003,6.661534,9.380542,11.897515,16.344938,19.521929,21.721342,17.983986,15.787205,19.976961,21.308163,17.479328,17.12737,22.342064,20.69371,17.738766,21.483393,24.58101,22.012712,21.932695,25.79688,27.678885,28.641447,25.918545,25.505789,29.67034,28.571442,25.737928,22.383915,19.239752,18.422327,23.6236,23.909101,17.635708,20.98262,20.448835,24.564316,23.069359,18.926973,18.872616,16.577135,13.550913,15.256762,13.463239,10.406664,9.91136,10.384343,12.251302,13.563769,13.26295,15.454923,16.652925,19.040623,19.636322,23.26048,20.546186,16.824543,14.556035,13.310796,9.101172,7.660519,4.632867,7.2313795,7.181815,11.278004,11.371244,11.965518,12.104555,8.02459,9.443193,12.271926,11.901113,9.053498,11.666974,14.289666,13.578044,12.619718,14.37582,15.596143,13.8539095,12.858115,12.655846,10.78829,14.46022,14.408545,18.920832
27,44.483105,41.20941,38.67095,35.11907,32.361954,31.309671,26.955976,26.39767,21.543638,23.939835,21.357702,23.602669,21.642359,22.189066,18.318138,16.1718,16.400574,12.98659,16.961355,11.726085,15.103191,16.077597,18.858318,12.3155,10.000865,7.66055,4.4047003,0.0,4.4680066,5.7968936,9.8989525,13.496906,16.430653,19.162481,16.249498,14.103226,18.270905,20.159914,17.13406,16.657887,21.730764,21.24472,18.553232,21.864206,25.014442,23.673819,23.531994,26.808037,29.094793,29.457855,27.019342,27.594788,31.442745,29.926853,27.763603,24.778187,21.199768,20.661114,25.596224,25.068417,18.670038,22.031956,21.021233,24.956923,23.117151,18.705568,18.466383,15.46329,13.440096,16.366205,13.636258,9.74447,11.137008,12.985229,14.737419,16.930376,16.943018,18.540379,20.40634,22.06448,22.706816,26.2534,23.019133,19.401274,16.752968,16.57683,11.590491,11.733246,8.380803,10.507852,9.111163,13.0355,11.803815,11.880565,10.771234,6.2266927,7.2431893,9.101547,7.822731,5.147984,8.611259,10.123599,9.316136,9.3414545,11.246784,12.96794,12.221776,10.688983,12.5384445,9.729905,14.256087,14.5555725,19.151697
28,40.914948,37.83887,35.030502,31.688177,28.892136,27.4022,23.479519,22.60053,17.771193,20.411882,18.010052,20.62155,19.191694,19.503391,17.014103,13.925463,15.2532,11.742834,17.140095,12.589237,16.472906,18.198603,20.883492,14.525207,12.975266,10.963439,6.661534,4.4680066,0.0,4.8434906,5.5276833,10.340873,12.864418,15.278513,12.018158,9.698667,13.921833,15.728558,12.76108,12.386912,17.32843,17.13551,14.662771,17.889635,20.846212,20.162624,20.326458,23.103628,25.416761,25.429111,23.102188,24.373472,27.890018,26.151043,24.495167,21.971859,18.016964,17.997633,22.669052,21.34891,15.082052,18.879465,18.149786,21.753529,19.311335,14.856215,15.465547,12.493893,9.961108,14.012489,12.045904,7.971137,8.839499,12.542347,12.889154,16.281816,16.08394,16.57118,19.284397,19.893211,20.841656,24.40876,21.006083,17.387203,14.170358,15.376998,9.53718,11.779709,9.143821,12.177328,11.952069,15.661512,14.773946,15.733663,14.394971,10.212305,11.487996,12.681057,9.719338,7.191264,11.477298,11.893696,9.070749,8.82731,12.587716,15.12189,14.036599,11.52845,13.312175,8.39365,12.7026415,11.852495,16.512016
29,44.628906,41.762295,38.600296,35.628185,32.676273,30.70782,27.32395,25.638374,20.99623,23.111843,20.166645,23.13805,22.17508,23.083954,20.850927,18.294447,19.81396,16.523838,21.664501,16.794727,20.370945,21.700264,24.182158,17.520266,15.46728,13.447492,9.380542,5.7968936,4.8434906,0.0,7.310836,8.1131525,12.247179,14.410437,12.305,11.463981,15.46007,16.938795,15.273362,15.530264,19.783838,19.94601,18.305632,21.506624,23.931263,23.827276,24.659393,26.989603,29.136406,28.703688,26.139305,28.29732,31.196274,28.982933,27.602966,24.99318,21.255974,20.689213,24.94511,23.749302,17.470034,20.202164,18.516489,22.075,20.173922,15.741071,14.939562,11.349927,11.056401,14.931321,11.416407,7.236489,10.801777,14.07894,15.456515,18.659575,19.324852,20.216978,23.30512,24.119307,25.414867,29.08741,25.786472,22.127066,18.732033,19.992275,13.9517355,15.374749,11.77305,13.568725,12.140626,15.212841,13.309412,14.24815,12.025391,8.752663,10.55598,10.819323,6.0599003,7.211216,11.383026,9.671018,7.4081826,10.009663,13.084084,15.622207,15.889413,13.531714,16.753431,12.214414,16.820944,16.252918,20.779758
30,37.577473,34.88715,31.551859,28.75694,25.8259,23.52674,20.558355,18.741013,14.181277,16.801334,14.504545,17.737516,17.378233,17.641525,17.384798,13.6612215,16.463188,13.522648,19.903122,16.423212,20.506655,22.677368,25.289371,19.25973,18.154184,16.254982,11.897515,9.8989525,5.5276833,7.310836,0.0,7.114044,8.334199,10.2035675,6.8570766,4.34215,8.588179,10.46786,8.406624,8.325684,12.534906,13.502867,11.837945,14.47299,16.917547,17.860016,18.518255,20.150925,22.546118,21.759645,19.762558,22.452145,25.20746,23.002445,22.40329,20.756702,16.417036,17.17559,21.049797,18.352087,12.694224,16.763945,16.259233,19.064138,15.682038,11.315319,13.166587,10.278797,7.985296,13.548105,12.509142,9.007913,9.677158,14.948177,13.780118,18.284325,18.0204,17.104483,20.765865,19.935457,21.241745,24.62522,21.07244,17.756126,14.042878,17.04984,11.031077,15.130506,13.280121,16.460125,16.772154,20.092651,19.223864,20.672667,18.967403,15.191959,16.501268,16.992954,12.858999,11.165619,15.511231,14.620925,10.312897,10.362465,15.273666,18.40146,17.440542,14.256177,16.334772,10.051036,13.378814,11.249494,15.363563
31,42.244083,40.027218,36.15964,34.037174,31.039797,27.863941,26.090363,23.154242,19.262747,21.11253,18.350456,22.077631,22.612972,23.490505,23.825495,20.565804,23.492691,20.544294,26.756237,22.697948,26.506025,28.452475,30.696136,24.222855,22.74321,20.980534,16.344938,13.496906,10.340873,8.1131525,7.114044,0.0,7.278912,6.932433,6.402399,8.485814,11.061843,11.378573,12.255372,13.588354,15.822317,17.02681,17.083996,19.632252,20.75568,22.560085,24.519901,25.325096,27.164011,25.624557,23.203484,27.410336,28.89848,25.8966,25.890877,24.277264,20.465412,20.396227,23.292614,20.723879,15.560891,17.579733,15.645341,17.938051,15.396251,11.501702,11.123681,7.503604,9.5340185,14.489626,11.937245,9.276697,12.690444,17.479662,17.274958,21.62648,22.480244,21.949799,26.247004,25.591236,27.521427,31.065596,27.82554,24.439754,20.487516,23.523996,17.156696,20.27152,17.42146,19.439535,18.927034,21.333872,19.691975,21.499407,19.06198,16.61319,18.522543,18.149368,12.511777,14.213911,18.37322,15.273433,11.445046,14.340727,18.58645,21.737791,22.075335,19.000982,22.373955,16.408901,20.099169,18.218872,22.04637
32,37.704887,35.649616,31.43073,29.971931,26.58096,23.40332,21.998878,17.937757,14.666553,15.211446,12.0476675,15.867618,17.201593,18.667206,20.42511,18.006844,21.754738,20.16281,26.580776,23.897291,28.255148,30.165485,33.260265,27.219398,25.749285,23.267323,19.521929,16.430653,12.864418,12.247179,8.334199,7.278912,0.0,5.446103,7.5631046,6.9814143,7.2168603,10.431562,12.111715,11.788034,13.223447,17.250702,16.801548,17.452085,19.230064,22.82174,23.251438,23.229269,26.06697,24.014088,23.136576,27.4129,29.19355,26.471008,27.417894,26.809954,22.437407,23.724737,26.508087,22.422455,18.218365,21.584688,20.711449,22.271309,18.31188,14.854353,16.74034,13.775303,14.068078,19.814545,18.405104,15.361779,17.31887,22.700087,21.466784,26.209085,26.110786,24.652475,28.580517,26.886208,28.073994,30.990456,27.0767,24.396685,20.891472,24.628466,19.04779,23.4548,21.434605,24.308125,23.947212,27.02418,25.390282,26.439873,23.949709,20.72646,21.41276,20.550795,15.805089,15.402896,19.048468,16.16181,11.351043,12.764271,17.398684,20.86329,21.054667,17.583038,21.214474,15.053705,17.693363,16.107613,18.842852
33,38.012234,36.338665,31.958769,30.70028,27.657942,23.709349,23.346659,19.352385,16.56611,17.797634,15.55201,19.493626,21.263124,22.048697,24.52474,21.180239,25.01767,22.863354,29.485895,26.5354,30.5955,32.870594,35.31528,29.243107,28.114916,26.21728,21.721342,19.162481,15.278513,14.410437,10.2035675,6.932433,5.446103,0.0,5.2214546,8.12273,7.542825,7.615685,11.128115,12.382917,12.233049,15.4543705,16.480255,17.510275,17.829235,21.714077,23.623318,22.991411,24.957151,22.472141,21.018297,26.436739,27.093513,23.833443,25.251028,24.906477,20.960499,21.980831,23.831966,19.609634,16.207256,18.467075,17.380287,18.16053,14.329528,11.651854,13.423499,11.225189,12.627311,17.855389,16.990244,15.078502,16.940216,22.365871,20.76147,25.666138,26.009146,24.224384,28.805714,26.804281,28.68534,31.741962,28.388308,25.619133,21.765085,25.951677,20.151901,24.545177,22.599123,25.17173,25.253334,27.807278,26.45862,28.2935,25.901165,23.146406,24.638023,24.087626,18.725876,19.301992,23.32316,20.29289,15.738195,17.551105,22.302738,25.728495,25.761868,22.319347,25.432045,18.992477,21.485653,18.98157,21.671152
34,36.5463,34.520718,30.62262,28.583698,25.825832,22.262106,21.126736,18.36462,14.854191,17.388536,15.689965,19.449907,20.471605,20.491522,22.366835,18.184114,21.697104,18.961628,25.554737,22.456835,26.271185,28.79832,30.864601,24.991552,24.243864,22.792418,17.983986,16.249498,12.018158,12.305,6.8570766,6.402399,7.5631046,5.2214546,0.0,4.9253054,6.2704325,5.0350223,6.6456847,8.710071,9.751308,11.185757,11.9897375,14.102108,14.567568,17.214293,19.54953,19.6041,21.251585,19.387365,17.206882,22.051115,23.118347,20.056496,20.741257,19.99316,15.973484,16.90497,19.193636,15.38512,11.21172,14.084638,13.4477215,14.88791,10.872438,7.3028746,10.038588,8.094787,7.7793183,13.240946,13.172145,11.399051,12.148433,17.72611,15.677208,20.665388,20.874224,19.012316,23.656061,21.786015,23.864525,27.11811,24.05149,21.046255,17.03556,21.17117,15.338026,19.783897,18.219637,20.968864,21.670446,24.285643,23.517197,25.706818,23.808184,20.755447,22.604248,22.798073,17.742622,17.569834,21.911919,19.94682,15.433394,16.414822,21.4234,24.725397,24.0507,20.71379,22.849464,16.36007,18.798603,15.728403,18.85482
35,34.09826,31.685612,28.023113,25.647104,22.657917,19.824617,17.627312,15.175215,11.007521,13.661375,11.836214,15.352454,15.851363,15.855707,17.448162,13.422951,17.08991,14.829685,21.489603,18.991095,23.12722,25.559048,28.19101,22.586502,21.816639,19.959217,15.787205,14.103226,9.698667,11.463981,4.34215,8.485814,6.9814143,8.12273,4.9253054,0.0,4.304506,6.8859344,5.702441,5.3647113,8.544072,11.070749,9.983916,11.536141,13.659913,16.126198,16.768833,17.377274,19.958256,18.56539,17.194332,20.738634,23.018171,20.660978,20.992708,20.257095,15.735445,17.37816,20.523289,16.598375,12.065604,16.474081,16.565268,18.491278,14.194265,10.407159,13.746315,11.5416155,9.259603,15.021934,15.085796,12.332713,12.19091,17.824005,15.581951,20.487148,19.901035,17.94024,21.880466,19.923357,21.243984,24.267525,20.636232,17.804337,14.115078,18.205194,12.801542,17.854008,16.762352,20.138273,20.869995,24.107424,23.415773,25.002125,23.277689,19.524462,20.673027,20.978968,16.777866,14.89668,19.036476,17.98195,13.228295,12.766369,17.96132,21.25258,20.09346,16.686993,18.456367,11.907658,13.981887,11.054752,14.213764
