,0,1,2,3,4,5,6,7,8,9,10,11,12,13,14,15,16,17,18,19,20,21,22,23,24,25,26,27,28,29,30,31,32,33,34,35,36,37,38,39,40,41,42,43,44,45,46,47,48,49,50,51,52,53,54,55,56,57,58,59,60,61,62,63,64,65,66,67,68,69,70,71,72,73,74,75,76,77,78,79,80,81,82,83,84,85,86,87,88,89,90,91,92,93,94,95,96,97,98,99,100,101,102,103,104,105,106,107,108,109,110
0,0.0,4.143543,6.1945143,9.617354,12.150029,14.31115,17.305447,20.759907,23.94128,25.64185,29.514177,30.798674,33.887398,31.856936,32.55633,29.558004,28.222485,27.790756,25.901566,28.038488,26.785238,27.712027,30.65956,32.195606,32.518536,31.488214,33.285725,34.279873,34.07084,37.479843,33.366898,40.092655,35.467533,38.968964,37.135452,32.56878,31.88755,35.509037,32.56342,28.994947,30.30038,32.989853,29.413908,26.041964,29.969267,30.889526,24.237024,24.960165,29.0248,30.172415,33.500336,30.711607,34.921032,36.737415,36.944096,38.14871,34.96949,38.630722,41.55955,38.001377,37.01448,42.05349,44.195374,46.33449,41.669292,39.291363,43.860447,42.40087,38.05945,41.984528,43.21233,40.210396,37.12474,40.865456,38.185574,41.53676,38.24962,35.55244,35.449486,32.437733,29.389244,27.981352,24.164669,25.348919,27.032898,27.895706,29.68827,32.375214,35.771297,37.978676,39.66131,37.74088,36.215034,40.62923,37.249043,35.12824,32.889954,26.8705,28.19229,31.160313,29.578405,24.083748,23.66656,23.543488,20.434986,20.135077,17.722057,20.15675,16.644295,19.94663,17.472889
1,4.143543,0.0,5.1838245,6.146525,9.106226,12.247132,14.222369,18.445053,21.143517,23.105156,26.928751,28.186302,31.014975,28.814896,28.97722,26.109102,24.466358,24.086111,21.849453,24.138353,22.875872,23.743303,26.92305,28.260958,28.480095,27.404192,29.38814,30.398287,30.417366,33.842007,30.092464,36.918407,32.722614,36.340637,34.2639,29.585844,29.333675,33.036045,29.785007,26.182405,28.087152,30.517485,26.65411,23.741528,28.03047,28.527279,21.884226,23.256548,27.42734,28.72848,31.53163,28.72207,33.280197,34.928307,34.767563,35.560417,32.231373,35.687927,38.961338,35.65062,34.073242,39.20936,41.154724,43.550163,39.05695,36.423122,40.758358,39.18327,34.819862,38.675858,39.714615,36.64615,33.604576,37.21389,34.790195,38.057945,34.741093,32.29679,32.222736,29.536324,26.510836,25.530678,21.427263,22.185905,23.75179,24.370964,26.059752,28.526358,31.875061,33.99744,35.63724,33.723804,32.125195,36.511143,33.126167,31.034502,28.776234,22.72876,24.131685,27.15076,25.567827,20.031813,19.65776,19.640596,16.432772,16.001482,13.832693,16.242302,13.070994,16.764986,14.843304
2,6.1945143,5.1838245,0.0,5.491596,6.7264357,8.399328,11.622477,14.612865,18.036194,19.519379,23.406961,24.701859,27.877972,26.00526,27.235044,24.129683,23.283125,23.088543,22.071283,24.515965,24.195312,25.637394,29.02344,29.323442,29.315168,27.861422,29.014591,29.630623,29.0305,32.23225,27.838593,34.363564,29.437658,33.030933,31.496918,26.930805,26.071333,29.970947,27.351912,23.670376,24.93769,28.306715,24.811638,21.28144,25.408989,27.146603,20.782173,21.159325,25.693607,26.265303,29.450638,27.822315,31.776356,32.998436,33.56059,34.70971,31.110352,34.784237,37.761913,33.74025,32.45055,37.501617,39.42727,41.5393,36.72592,34.205128,38.74072,37.106068,33.037876,37.437923,38.41465,35.25658,32.586304,36.80338,34.10816,37.899063,34.94167,32.148678,32.906837,29.629782,27.142685,26.388144,22.15192,22.530605,23.298166,25.1252,25.65478,29.0986,32.06185,34.632195,35.899937,33.62927,32.343925,37.04414,33.973976,32.17784,30.33996,23.908672,26.317526,28.927147,26.506502,21.06258,21.918184,22.560947,19.128998,17.817333,15.714514,16.262037,12.6543045,15.340285,12.369895
3,9.617354,6.146525,5.491596,0.0,3.8123107,7.2231936,8.388672,12.918522,15.127748,17.442144,21.079239,22.527395,25.159534,23.076075,23.170471,20.03375,18.664213,18.239567,16.77682,19.146893,18.753235,20.205801,23.728575,23.86991,23.8544,22.510918,23.88274,24.745247,24.460335,27.898607,23.95313,30.778946,26.712315,30.320642,28.188553,23.472351,23.380335,27.195415,23.92661,20.255573,22.514593,25.123804,21.162308,18.46272,23.073925,23.836866,17.494759,19.029306,23.503843,24.50619,26.835491,24.867193,29.377432,30.502773,30.388096,30.939058,27.245317,30.617798,34.06234,30.568336,28.510372,33.693275,35.42962,37.908585,33.41339,30.584005,34.81731,33.12893,28.88087,33.00463,33.863968,30.70906,27.88773,31.818653,29.411037,32.996517,29.936605,27.466455,28.126062,25.319008,22.812372,22.584846,18.068964,17.91866,18.651117,20.043507,20.648607,23.744078,26.759968,29.216318,30.572397,28.443106,27.178896,31.924488,28.8625,27.185316,25.185192,18.653883,21.206257,24.137617,21.830273,16.277468,17.150747,17.831306,14.112262,12.600046,10.447895,10.905224,7.5733705,11.027297,9.23713
4,12.150029,9.106226,6.7264357,3.8123107,0.0,5.5153093,5.205264,9.777942,12.449404,14.083811,17.969866,19.100424,21.923546,19.786709,20.560093,17.708782,16.665651,16.947355,15.985294,19.074724,19.48994,21.095774,25.042997,24.18974,23.720255,21.820147,22.853827,23.1131,22.659039,25.661524,21.759583,28.299477,23.829851,27.77228,26.109035,21.331966,21.107748,25.387552,22.549774,18.745707,21.035164,24.437782,20.602427,17.862822,22.572563,24.142418,18.294443,19.420254,24.147923,24.574244,26.77804,25.870426,30.041893,30.653309,30.870743,31.345299,27.32676,30.612698,34.11212,30.247322,27.821987,32.985676,34.42478,36.919796,32.315815,29.287832,33.376575,31.397688,27.52744,32.15325,32.601242,29.187279,26.955576,31.26411,29.036953,32.939846,30.183722,27.8034,29.123484,26.294508,24.272936,24.54765,19.916199,19.074486,18.91108,20.960697,20.305666,23.852396,26.35266,28.981009,29.84251,27.303617,25.9901,30.758566,27.888056,26.33048,24.832502,18.277657,21.522066,23.724068,20.727692,15.47724,17.453257,18.828646,15.457546,13.173996,12.260814,10.664781,8.109328,10.671855,8.58517
5,14.31115,12.247132,8.399328,7.2231936,5.5153093,0.0,6.0919833,7.011468,10.091433,12.217579,15.605984,17.5682,20.569515,19.296255,20.930504,17.065453,17.361216,16.830448,17.960161,19.901491,21.01866,23.344337,26.70688,25.377748,25.181301,23.539274,23.259554,23.680063,22.182331,25.396664,20.144758,26.492878,21.425634,24.725798,23.25636,18.828785,17.69852,21.643347,19.340157,15.638085,16.768644,20.761568,17.524805,13.855618,18.136858,20.839844,15.355901,15.212345,20.095493,19.933132,22.666344,22.655905,26.10984,26.516039,27.473974,28.561827,24.561808,28.21823,31.08487,26.56498,25.074146,30.020094,31.786343,33.75734,28.812815,26.255606,30.846405,29.214674,25.391481,30.215996,31.139578,28.032848,25.691332,30.482124,27.55768,31.872599,29.469105,26.431656,28.366259,24.672245,23.167627,23.282513,18.940948,18.248423,17.62091,20.992651,19.778976,24.398489,26.74022,29.871834,30.736755,28.260164,27.789873,32.98364,30.586725,29.56033,28.13266,21.40278,25.224874,27.708437,24.43541,19.434431,21.80513,23.107645,19.278877,16.953497,14.738181,12.376062,8.852922,9.156331,5.358014
6,17.305447,14.222369,11.622477,8.388672,5.205264,6.0919833,0.0,5.900878,7.6288366,9.3253,13.040884,14.210463,16.809975,14.748371,15.699578,12.743531,12.252829,12.956667,13.251124,16.552025,18.124731,20.13162,24.24235,22.043194,21.175974,18.862488,19.080284,18.861727,18.032492,20.782047,16.798103,23.174067,18.757286,22.87286,21.339636,16.517012,16.530209,21.115406,18.483171,14.664786,17.428955,21.193056,17.456163,15.24169,20.048006,22.025698,17.149008,18.249084,22.956568,22.919847,24.445126,24.683538,28.545929,28.496834,28.79788,28.951918,24.618322,27.634008,31.26491,27.257874,24.189014,29.280645,30.341413,32.9329,28.39166,25.092075,28.908037,26.68612,23.155647,28.168991,28.225315,24.641294,22.961292,27.613644,25.586582,29.781227,27.446436,25.217646,27.355505,24.618715,23.322605,24.38136,19.763987,17.942762,16.593267,19.42578,17.175856,21.295233,23.129639,26.0292,26.392818,23.539959,22.563457,27.537912,25.130682,24.068737,23.064219,16.54943,20.803234,22.520052,18.818928,14.228972,17.50184,19.479597,16.288017,13.26859,13.137901,8.953753,7.8458285,8.558082,7.292884
7,20.759907,18.445053,14.612865,12.918522,9.777942,7.011468,5.900878,0.0,4.797063,5.271427,8.84788,10.608188,13.802418,12.849722,15.848249,12.384978,13.902669,14.452344,17.020206,19.537188,21.9961,24.496077,28.222265,25.237343,24.351406,22.003534,20.77016,20.140406,18.114527,20.414358,15.159959,20.7015,14.9888315,18.854221,18.266499,13.908071,12.584775,17.430086,16.10662,12.468211,13.818944,19.064575,16.319057,13.392566,17.46603,21.230394,17.449474,17.013672,21.711853,20.594622,22.411552,24.387665,27.16502,26.474684,27.767033,28.431726,23.999445,27.177898,30.144407,25.265856,22.85808,27.552061,28.61032,30.63685,25.713936,22.756117,26.842424,24.69383,21.757359,27.351532,27.463102,24.022097,22.91455,28.20764,25.749685,30.461048,28.752882,26.078917,29.132336,25.726938,25.207006,26.33048,22.080297,20.16821,17.969572,22.143099,18.724401,23.861496,25.095373,28.441813,28.413422,25.389603,25.161524,30.292524,28.510944,27.978632,27.402603,21.113878,25.84682,27.281729,23.157263,19.252407,23.010237,25.103918,21.847597,18.7764,18.120241,13.391243,11.9747305,10.478001,8.255993
8,23.94128,21.143517,18.036194,15.127748,12.449404,10.091433,7.6288366,4.797063,0.0,4.8343205,6.434271,9.117021,11.135058,10.491674,12.33071,8.035148,10.315675,10.39784,14.311534,16.16494,19.304241,22.053873,25.533884,21.794168,20.843864,18.59996,16.562449,15.998865,13.540187,16.123037,10.482092,16.461039,11.638986,15.327931,13.995167,9.369572,8.94596,13.788591,11.948903,8.33674,10.964985,15.574426,12.711604,11.006565,15.175968,18.333118,15.563506,15.787306,20.04674,19.052769,19.770266,22.125032,24.93777,23.87228,24.7345,24.874256,20.311234,23.117405,26.345615,21.794117,18.589123,23.2976,24.100819,26.388098,21.709496,18.416523,22.26606,20.049631,17.046585,22.681862,22.668938,19.240164,18.222803,23.594397,21.271746,26.03796,24.591425,22.119343,25.60447,22.495142,22.505507,24.262424,20.222948,17.620134,14.644832,19.11298,14.733703,20.108002,20.91585,24.409601,24.23512,21.280685,21.605444,26.906637,25.535664,25.50572,25.01933,19.013647,24.103167,25.621538,21.504976,18.173773,22.17793,24.307478,21.116877,17.967514,17.421747,11.819279,11.56873,8.842142,8.542154
9,25.64185,23.105156,19.519379,17.442144,14.083811,12.217579,9.3253,5.271427,4.8343205,0.0,4.356614,5.3512516,8.652227,7.9487324,12.29221,9.804236,12.250351,13.856705,17.131067,19.967184,23.189161,25.626516,29.505451,25.458618,24.05081,21.241522,19.409727,17.843842,15.593788,16.812716,12.153873,16.614443,10.603893,15.205877,15.437184,11.38322,10.415188,15.760998,15.247726,12.13109,13.897016,19.353945,17.064562,15.2766075,18.89645,22.802794,20.280804,19.99552,24.276224,22.775686,23.685104,26.704481,29.104576,27.722124,29.00031,29.181646,24.604412,27.193148,30.283073,25.492546,22.219612,26.555239,26.902275,29.059952,24.427952,21.116676,24.450476,21.813137,19.79722,25.77617,25.077482,21.387342,21.457434,26.865862,25.018507,29.801188,28.638273,26.461332,30.134438,27.204138,27.302982,29.087112,24.995419,22.377031,19.333822,23.606468,18.852686,23.915436,24.219336,27.542404,26.77712,23.391317,23.306377,28.175152,26.939064,26.816286,26.93208,21.333849,26.46551,27.054506,22.484615,19.708887,24.206858,26.742971,24.03867,20.676153,21.084044,15.393328,15.424489,13.409935,12.492878
10,29.514177,26.928751,23.406961,21.079239,17.969866,15.605984,13.040884,8.84788,6.434271,4.356614,0.0,3.8830383,5.8098617,6.9530387,11.493503,8.903423,12.595985,13.818297,18.359697,20.384686,24.158335,26.811922,30.307882,25.613754,24.186178,21.533665,18.653812,16.904394,13.879391,14.635624,9.442276,12.810419,6.3256035,10.891122,11.647422,8.312345,7.1397023,12.419974,12.820045,10.527714,11.974139,17.410645,15.896087,14.864345,17.702019,21.860456,20.651892,20.141819,23.873686,21.992836,22.206694,26.229748,28.034899,26.083355,27.525188,27.558672,23.036125,25.264547,28.092035,23.255312,19.829325,23.681244,23.701431,25.68016,21.187706,17.904654,20.926022,18.246067,16.902678,23.049294,22.163095,18.66478,19.371632,24.918497,23.116974,28.007092,27.409328,25.301466,29.550245,26.664883,27.42237,29.561043,25.865438,22.935549,19.302023,23.976595,18.419153,23.696829,23.37837,26.846512,25.765255,22.446926,23.08087,27.922235,27.296764,27.7274,28.075407,22.924866,28.255672,28.789959,24.218243,22.077946,26.701944,29.230494,26.560062,23.22316,23.485151,17.503222,17.920868,15.056339,14.784682
11,30.798674,28.186302,24.701859,22.527395,19.100424,17.5682,14.210463,10.608188,9.117021,5.3512516,3.8830383,0.0,4.0317483,4.5876946,10.863037,10.200121,13.280233,15.657106,19.303497,22.188585,25.919323,28.231852,32.110504,27.237827,25.411663,22.309124,19.933565,17.453499,15.079406,14.72951,11.3477955,13.56495,7.446156,12.664434,14.182824,11.215754,10.684632,15.752385,16.306398,14.124144,15.828866,21.115856,19.479113,18.628033,21.583015,25.560291,24.150955,23.865053,27.696985,25.86305,26.047447,29.945515,31.885807,29.909151,31.232115,31.036516,26.493507,28.461348,31.495798,26.873253,23.023895,26.748592,26.344429,28.494757,24.313364,20.859903,23.205751,20.13549,19.391745,25.503576,23.957,20.18569,21.610374,26.917635,25.725683,30.433512,29.87759,28.199512,32.360962,29.87002,30.513039,32.76639,28.901798,25.845623,22.260248,26.48514,20.812576,25.578222,24.956207,28.140684,26.627907,22.99616,23.106937,27.481123,26.903715,27.22191,28.039995,23.33943,28.61046,28.384039,23.569351,21.996586,26.917824,29.743134,27.552355,24.085646,25.224737,19.136353,20.023159,17.767738,17.49364
12,33.887398,31.014975,27.877972,25.159534,21.923546,20.569515,16.809975,13.802418,11.135058,8.652227,5.8098617,4.0317483,0.0,3.6656048,8.897307,9.212277,12.611744,15.055371,19.115587,21.602829,25.680395,27.95237,31.619907,26.179144,24.175077,21.09774,18.179825,15.308016,12.802094,11.531767,9.246869,10.016217,5.2924795,10.592436,12.134409,9.929625,10.518208,14.910139,15.570136,14.121319,16.328028,20.75565,19.377987,19.5433,22.19277,25.602787,25.031948,25.12785,28.518095,26.771263,26.14642,30.292265,32.12681,29.84652,30.838495,30.16565,25.716967,27.111748,30.255322,26.103422,21.597559,24.93778,23.987694,26.333641,22.680124,19.006752,20.519024,17.16658,17.135782,23.106148,21.001192,17.225044,19.466957,24.542236,23.869896,28.3945,28.246294,27.013605,31.430702,29.40842,30.45687,33.12662,29.51821,26.09913,22.160122,26.20692,19.976744,24.403572,23.130997,26.200508,24.272865,20.644066,21.153555,25.285742,25.257048,26.049374,27.172161,23.145527,28.464207,27.999115,23.261065,22.481955,27.484537,30.343296,28.411592,24.985376,26.394705,20.102758,21.671375,19.139782,19.655735
13,31.856936,28.814896,26.00526,23.076075,19.786709,19.296255,14.748371,12.849722,10.491674,7.9487324,6.9530387,4.5876946,3.6656048,0.0,6.7747,8.127456,10.438958,13.749204,16.709799,20.022459,23.826683,25.800451,29.842281,24.616882,22.410759,19.017027,16.991268,13.920934,12.340242,11.25526,10.043124,12.266009,8.566829,13.886853,14.530525,11.404233,12.562319,17.294767,16.97177,14.933854,17.920086,22.106373,19.99659,20.115494,23.437647,26.283768,24.933018,25.568901,29.259472,27.939339,27.471931,30.781315,33.230816,31.328615,31.917461,31.061602,26.522598,27.979792,31.576078,27.70524,22.840975,26.634274,25.7747,28.506,24.89344,20.959784,22.524517,19.075686,18.426502,24.232164,22.039627,17.947727,19.831682,24.680578,24.290564,28.630531,28.057428,27.058422,31.042301,29.317133,29.93626,32.580627,28.69556,25.261925,21.612955,25.109045,19.213757,23.19696,22.165825,25.0073,23.133038,19.31297,19.099062,23.166262,22.732588,23.185667,24.352888,20.328138,25.554047,24.817593,19.979845,19.253668,24.346436,27.335533,25.6745,22.200079,24.206425,17.95784,19.900938,18.022741,18.681877
14,32.55633,28.97722,27.235044,23.170471,20.560093,20.930504,15.699578,15.848249,12.33071,12.29221,11.493503,10.863037,8.897307,6.7747,0.0,5.5082097,5.7875905,9.619516,11.895315,14.981321,18.891855,20.55252,24.449467,18.781172,16.260704,12.78321,10.942868,7.3916454,7.235233,6.2962904,8.281264,11.653669,11.76664,15.9880495,14.599745,11.347152,14.471827,18.232958,16.328487,14.646662,19.128641,21.32861,18.599133,20.144283,23.761686,24.719055,23.617733,25.558325,28.800608,28.337337,26.942736,29.164322,32.301754,30.65827,30.102777,28.362436,24.006765,24.775831,29.093933,26.455212,20.463615,24.392715,23.230698,26.73492,23.915442,19.542757,20.353529,16.835857,15.6264105,20.557646,17.960829,13.637873,15.413545,19.45298,19.989136,23.704891,22.981178,22.854807,26.45069,25.78704,26.406334,29.547419,25.88019,22.023403,18.415121,20.776905,14.812492,17.589737,16.114193,18.586035,16.531599,12.631589,12.384246,16.665165,16.395649,17.296223,18.476868,15.242985,20.406,19.724216,15.273596,15.478336,20.350426,23.21338,21.99922,18.7709,21.334473,15.235898,18.501383,16.912289,19.029652
15,29.558004,26.109102,24.129683,20.03375,17.708782,17.065453,12.743531,12.384978,8.035148,9.804236,8.903423,10.200121,9.212277,8.127456,5.5082097,0.0,4.4722886,5.856166,10.634559,12.40135,16.538177,18.975107,22.443996,17.170155,15.451931,12.780312,9.8772335,8.296485,5.9310036,8.33952,5.006907,11.318279,10.164738,13.852051,11.455614,7.1405263,10.24575,14.041054,11.45012,9.301124,14.044798,16.234827,13.292633,14.641454,18.366055,19.474264,18.307528,20.066273,23.323963,22.87881,21.673002,23.902874,27.000408,25.496187,25.140173,23.8279,19.313503,20.711525,24.828674,21.70676,16.256748,20.692211,20.32223,23.567472,20.085766,15.867645,17.992502,15.040735,12.528496,17.91407,16.581047,12.568318,12.735799,17.680649,16.857199,21.194536,20.207342,19.10838,22.926737,21.38797,22.045815,24.96388,21.316683,17.594826,13.779445,17.169016,11.091439,15.427443,14.838551,18.109768,17.082964,13.799028,14.519842,19.7096,19.072086,19.83899,19.976418,15.335434,20.70588,21.499357,17.396013,15.927239,20.353971,22.76121,20.521658,17.357338,18.377632,12.139278,14.617976,12.151177,14.361276
16,28.222485,24.466358,23.283125,18.664213,16.665651,17.361216,12.252829,13.902669,10.315675,12.250351,12.595985,13.280233,12.611744,10.438958,5.7875905,4.4722886,0.0,4.7276654,6.592482,9.815766,13.513202,15.430926,19.43172,14.391636,12.307766,9.125607,8.1037,6.675433,6.962665,9.531552,8.950583,14.891119,14.474234,18.248327,15.571065,11.356074,14.499056,18.11687,14.800701,12.456985,17.565472,19.008047,15.374797,16.862999,21.086828,21.083244,19.064495,21.727543,25.068161,25.289679,24.122723,25.050617,28.90498,27.914473,26.884527,25.202951,20.850365,22.075779,26.699656,24.29102,18.555986,23.196934,22.848167,26.469723,23.358913,19.09145,20.902348,18.02427,15.136202,19.635271,18.196299,14.163371,13.7695465,17.782566,17.609413,21.30144,19.70921,19.211613,22.161974,21.378107,21.41276,24.363647,20.498423,16.741592,13.603329,15.560719,10.3632555,13.328119,13.147411,15.896915,15.082634,11.72008,11.337986,16.605127,15.326914,15.713529,15.6629925,10.942291,16.321764,17.058126,13.069024,11.691041,16.095234,18.5902,16.77653,13.628305,15.659065,9.626692,13.231675,12.02006,14.782863
17,27.790756,24.086111,23.088543,18.239567,16.947355,16.830448,12.956667,14.452344,10.39784,13.856705,13.818297,15.657106,15.055371,13.749204,9.619516,5.856166,4.7276654,0.0,6.64849,6.6654024,10.8507395,13.581135,16.725222,11.811663,10.675877,8.9367285,6.5258417,7.6544247,6.6861997,11.12738,8.593938,15.338311,15.36204,18.035534,14.293626,10.213646,13.462763,16.102978,11.838549,9.729298,15.109946,15.270497,11.3360195,13.510975,17.612555,16.668814,14.973514,18.094458,21.004707,21.630636,20.112486,20.55008,24.569254,23.783213,22.39043,20.657352,16.36071,17.75254,22.432175,20.29185,14.722863,19.634577,19.841616,23.416008,20.277475,16.23783,18.643843,16.4481,12.490746,16.510355,16.14041,12.710065,10.635886,14.842127,13.760827,17.645252,15.7881775,14.746064,17.783468,16.677572,16.874777,19.947262,16.340408,12.413459,8.966857,11.43317,5.8578753,10.095157,10.668401,14.038017,14.213786,11.796546,12.685595,18.306019,17.14536,17.791367,16.883898,11.804149,16.848837,18.96634,15.838687,13.714324,17.095732,18.874592,16.29692,13.626024,13.924111,8.352557,11.490917,9.410435,12.986824
18,25.901566,21.849453,22.071283,16.77682,15.985294,17.960161,13.251124,17.020206,14.311534,17.131067,18.359697,19.303497,19.115587,16.709799,11.895315,10.634559,6.592482,6.64849,0.0,5.961573,7.9192047,9.198508,13.7726,10.051319,8.331579,5.8380594,8.483831,9.468717,11.42052,14.704872,14.577692,20.792557,20.795103,24.1692,20.770971,16.589752,19.614954,22.684118,18.38573,15.972852,21.177628,21.336632,17.029253,18.617584,23.159956,21.466368,18.397406,22.248066,25.388323,26.654497,25.576313,24.454697,29.274817,29.161953,27.21383,25.25667,21.374924,22.58256,27.57949,26.128208,20.659883,25.51504,25.653196,29.474976,26.684175,22.679562,24.64097,22.34345,18.595478,21.708204,20.991814,17.580994,15.607997,18.218594,18.177515,20.87644,18.242046,18.151628,19.489601,19.530619,18.526562,21.265419,17.340769,13.906561,12.341883,11.8817625,9.525942,10.185708,11.693539,13.608595,14.177941,11.921438,10.557629,15.627017,13.16266,12.745458,11.194812,5.2504416,10.387805,12.708673,10.10525,7.613388,10.576443,12.515495,10.722804,8.074046,10.692259,6.3792,11.065415,11.653565,15.098383
19,28.038488,24.138353,24.515965,19.146893,19.074724,19.901491,16.552025,19.537188,16.16494,19.967184,20.384686,22.188585,21.602829,20.022459,14.981321,12.40135,9.815766,6.6654024,5.961573,0.0,4.5563083,7.4375343,10.068571,5.7142,5.7719455,6.450866,6.857882,10.268586,11.287394,15.639534,14.669788,20.854965,21.882055,24.05189,19.723978,16.247255,19.482338,21.22132,16.295296,14.731951,19.84955,18.160252,13.984476,16.703745,20.614994,17.35989,15.295828,19.797321,21.987202,23.804142,21.946064,20.10515,25.043715,25.112122,22.42115,20.026127,16.57766,17.439495,22.557201,22.018087,16.657726,21.34664,21.856848,25.67164,23.343473,19.723764,21.733173,20.224302,15.810731,17.659975,17.94726,15.465986,11.960457,13.861406,13.292824,15.60421,12.587354,12.448137,13.544852,13.984144,13.306909,16.58267,13.388258,9.537371,8.026313,6.510143,4.9343233,4.853547,7.7479763,10.222789,12.130864,11.323875,11.948271,17.111593,15.423729,15.886726,13.735507,9.281563,12.907754,16.519846,15.116972,13.013927,14.452484,15.20315,12.788806,11.350111,11.229486,8.472168,12.066197,11.529317,15.711456
20,26.785238,22.875872,24.195312,18.753235,19.48994,21.01866,18.124731,21.9961,19.304241,23.189161,24.158335,25.919323,25.680395,23.826683,18.891855,16.538177,13.513202,10.8507395,7.9192047,4.5563083,0.0,3.5633032,6.3439636,5.4859366,6.8470035,8.620748,10.949616,14.274654,15.786348,19.960094,19.140886,25.408886,26.190115,28.449356,24.096777,20.53106,23.476227,25.204987,20.140194,18.420164,23.2376,21.280146,17.00346,19.241543,23.199703,19.247017,16.328856,21.27648,23.323772,25.743595,24.236973,20.979239,26.432508,27.174553,24.074598,21.759127,18.880411,19.830324,24.816298,24.76827,20.070148,24.655178,25.489546,29.203747,26.9938,23.672602,25.802637,24.554474,20.009747,21.20631,21.862946,19.725174,15.911523,16.86201,16.32311,17.723343,14.10199,14.155552,13.443538,14.494454,12.661579,15.361388,12.294743,9.403728,10.040132,5.9844937,8.752606,6.5555077,10.486073,11.7104845,14.462056,14.377795,14.237844,18.66784,16.356396,16.182962,13.130925,8.996954,10.834654,15.631095,15.441865,12.885816,12.600607,12.364417,9.920491,9.721904,9.106845,9.204813,12.343292,13.145704,17.103785
21,27.712027,23.743303,25.637394,20.205801,21.095774,23.344337,20.13162,24.496077,22.053873,25.626516,26.811922,28.231852,27.95237,25.800451,20.55252,18.975107,15.430926,13.581135,9.198508,7.4375343,3.5633032,0.0,5.215548,6.2325745,7.188842,9.050372,12.814502,15.778989,18.05745,21.769506,21.869793,27.899351,28.899967,31.401588,27.154478,23.567968,26.643284,28.547298,23.538992,21.782925,26.689102,24.815151,20.554514,22.72898,26.74972,22.713175,19.672853,24.652876,26.70334,29.228556,27.752848,24.208706,29.750591,30.611153,27.327593,24.840528,22.199112,22.856152,27.893696,28.186327,23.342974,27.767899,28.382671,32.23393,30.278141,26.880674,28.641771,27.264816,22.961203,23.88196,24.181461,22.027342,18.589731,18.861992,19.034983,19.801157,16.177866,16.948511,15.559125,17.39612,15.339817,17.778566,14.987464,12.60899,13.591737,9.093395,12.005323,8.549909,11.983847,12.104206,14.8682995,15.053629,14.116504,17.728067,15.02303,14.450332,10.941229,8.0976515,8.171017,13.374726,14.237346,12.263294,10.846039,10.10405,8.801703,9.457288,10.189762,11.29615,14.645164,16.143564,19.896444
22,30.65956,26.92305,29.02344,23.728575,25.042997,26.70688,24.24235,28.222265,25.533884,29.505451,30.307882,32.110504,31.619907,29.842281,24.449467,22.443996,19.43172,16.725222,13.7726,10.068571,6.3439636,5.215548,0.0,6.6531157,9.287185,12.581066,15.15828,18.814627,20.696732,24.64841,24.521648,30.269344,31.884657,33.677395,29.00444,25.971151,29.05975,30.108593,24.938427,23.784729,28.369059,25.293242,21.443163,24.115812,27.484514,22.29213,20.076086,25.308105,26.44767,29.465595,27.5182,23.080067,28.608913,29.801718,25.832613,23.020037,21.273584,21.444355,26.242455,27.597878,23.262094,27.158258,28.024914,31.720066,30.342207,27.436743,29.02689,28.28572,23.84633,23.49887,24.497995,23.215696,19.128187,18.225977,18.287079,17.935392,14.07228,15.236569,12.361237,15.341575,13.240601,15.656659,14.208304,12.46412,14.266555,8.586373,13.355934,8.846863,12.532805,12.082616,15.775274,17.15768,17.216642,20.388096,18.306759,18.276375,14.774029,13.191464,12.5534725,17.712212,19.127193,17.475101,15.658704,14.243869,12.934607,14.210629,13.355669,15.295568,17.875675,18.864346,22.721054
23,32.195606,28.260958,29.323442,23.86991,24.18974,25.377748,22.043194,25.237343,21.794168,25.458618,25.613754,27.237827,26.179144,24.616882,18.781172,17.170155,14.391636,11.811663,10.051319,5.7142,5.4859366,6.2325745,6.6531157,0.0,3.3178833,7.1431155,8.728406,12.4958935,14.489725,18.223103,18.8159,24.049072,26.367558,28.093966,23.50397,20.74416,24.323978,25.382515,20.447401,19.601412,24.613842,21.804596,18.105263,21.488306,24.845919,20.395634,19.213892,24.078945,25.467321,27.74046,25.22324,22.58975,27.571661,27.82232,24.235914,21.038427,18.547085,18.272028,23.515203,24.48904,18.9644,22.870852,23.054049,27.0889,25.822128,22.440044,23.451323,22.299074,18.251234,18.308584,18.503057,16.864897,13.36751,12.775565,13.620387,13.964735,10.690345,12.453239,11.9869995,14.696835,14.113713,17.642874,15.626485,12.287848,11.816847,7.8224497,8.719492,3.0699804,6.0957065,6.383858,9.680926,10.733097,11.587013,15.527472,14.17849,15.089172,12.544669,10.854362,12.477318,16.302885,16.418459,15.660756,15.829853,15.858004,14.571753,14.253622,14.566308,13.551558,17.101416,16.959112,21.157183
24,32.518536,28.480095,29.315168,23.8544,23.720255,25.181301,21.175974,24.351406,20.843864,24.05081,24.186178,25.411663,24.175077,22.410759,16.260704,15.451931,12.307766,10.675877,8.331579,5.7719455,6.8470035,7.188842,9.287185,3.3178833,0.0,4.051285,6.791472,9.915082,12.66196,15.877481,17.41956,22.397682,24.835789,26.953037,22.68091,19.798435,23.585983,25.092566,20.423164,19.413874,24.675549,22.561775,18.827484,22.113987,25.706434,22.00467,20.741035,25.332275,27.123962,29.007193,26.565084,24.698877,29.504385,29.41296,26.193869,23.04047,20.150051,19.858128,25.180557,25.716768,19.683924,23.64887,23.38084,27.58002,26.235918,22.497854,23.17897,21.520586,17.90688,18.60916,17.949928,15.736857,13.197143,13.046639,14.549407,15.327996,12.633312,14.509379,14.901346,17.24747,16.878803,20.424454,17.967556,14.359582,13.163184,10.238258,9.173857,4.674185,5.585691,5.792234,7.8315725,8.051523,8.321254,12.516974,11.138296,12.234818,10.188309,8.902462,11.202406,14.093563,13.781859,13.767942,14.653253,15.32403,14.545644,13.680553,15.217533,13.187181,17.308874,17.197124,21.310215
25,31.488214,27.404192,27.861422,22.510918,21.820147,23.539274,18.862488,22.003534,18.59996,21.241522,21.533665,22.309124,21.09774,19.017027,12.78321,12.780312,9.125607,8.9367285,5.8380594,6.450866,8.620748,9.050372,12.581066,7.1431155,4.051285,0.0,5.684463,7.226231,10.659674,13.330766,15.446356,20.426983,22.420649,25.165178,21.410133,18.16122,21.949932,24.175455,19.873098,18.451918,23.857712,22.83772,19.003103,21.838442,25.773224,23.140715,21.483408,25.651217,28.028372,29.441034,27.353773,26.29364,30.936874,30.554388,27.93107,25.101454,21.679613,21.741148,27.017519,26.723711,20.456598,24.655462,24.129253,28.335747,26.573626,22.49878,23.21684,20.96771,17.739155,19.610762,18.248291,15.220807,13.727607,14.759709,16.243105,17.882313,15.620888,16.999977,18.214714,19.7477,19.407665,22.817179,19.74531,15.977184,14.15926,12.544294,9.851049,7.7011714,7.605848,8.485002,8.651836,6.8902097,5.7498393,10.8106165,9.08346,9.988414,8.78309,6.7310567,10.4831705,12.150476,10.66116,11.051285,13.172052,14.72852,14.162483,12.473053,15.152409,11.870186,16.412083,16.373377,20.205648
26,33.285725,29.38814,29.014591,23.88274,22.853827,23.259554,19.080284,20.77016,16.562449,19.409727,18.653812,19.933565,18.179825,16.991268,10.942868,9.8772335,8.1037,6.5258417,8.483831,6.857882,10.949616,12.814502,15.15828,8.728406,6.791472,5.684463,0.0,4.2760677,5.939008,9.539282,10.926646,15.610428,18.390999,20.338959,16.247871,13.644886,17.738968,19.254326,15.134785,14.466798,19.768415,18.34446,15.104167,18.647263,21.956034,19.625921,19.354752,23.013494,24.996748,25.959372,23.302425,23.442654,27.384207,26.41176,24.056183,21.158024,17.551105,17.34412,22.486671,22.007517,15.36356,19.35928,18.612732,22.813992,21.128532,16.99249,17.541468,15.337204,12.110365,14.273428,12.859078,9.7285385,8.288493,10.412229,11.591954,14.130712,12.715977,13.688278,16.463564,17.353004,18.128256,21.9083,19.196867,15.034148,11.904,12.162744,6.846235,7.116969,5.239229,8.234015,7.7274804,5.643858,7.973976,13.323746,13.129797,14.864233,14.316871,11.79367,16.030945,17.650635,15.419236,15.362292,18.174473,19.755407,18.300543,16.26223,17.510193,13.148644,17.020456,15.442362,19.318073
27,34.279873,30.398287,29.630623,24.745247,23.1131,23.680063,18.861727,20.140406,15.998865,17.843842,16.904394,17.453499,15.308016,13.920934,7.3916454,8.296485,6.675433,7.6544247,9.468717,10.268586,14.274654,15.778989,18.814627,12.4958935,9.915082,7.226231,4.2760677,0.0,4.4764166,6.1145487,9.668743,13.45791,16.30982,18.894152,15.650798,13.049975,17.189598,19.374815,16.086208,15.240163,20.43981,20.196049,17.220228,20.284515,23.675198,22.4747,22.09673,25.204674,27.593815,28.019302,25.607918,26.640224,30.24773,28.907106,27.119198,24.45174,20.606335,20.474014,25.369478,24.291132,17.540646,21.317978,20.042475,24.16791,22.359756,17.97689,18.068995,15.121724,13.0382395,16.175837,13.651542,9.738941,10.526313,13.141714,14.708647,17.483759,16.634594,17.558462,20.68073,21.275246,22.096523,25.754417,22.731672,18.587076,15.190702,16.10536,10.392802,11.298635,9.014644,11.256574,9.261923,5.595074,6.9382944,12.062059,12.250314,14.085581,14.614905,12.504802,17.129639,17.423388,14.353422,15.127703,18.830942,21.01858,19.991693,17.484518,19.683422,14.548769,18.55551,17.01675,20.41269
28,34.07084,30.417366,29.0305,24.460335,22.659039,22.182331,18.032492,18.114527,13.540187,15.593788,13.879391,15.079406,12.802094,12.340242,7.235233,5.9310036,6.962665,6.6861997,11.42052,11.287394,15.786348,18.05745,20.696732,14.489725,12.66196,10.659674,5.939008,4.4764166,0.0,4.955702,5.449616,9.908054,12.638108,14.712166,11.205467,8.775997,13.043709,14.9347515,11.929006,11.461703,16.40956,16.382511,13.9032,17.026947,19.988678,19.517868,19.825012,22.284002,24.558418,24.524643,22.041138,24.069168,27.095263,25.376453,24.127773,21.830822,17.749971,17.908154,22.408072,20.6456,14.049406,17.865791,16.728859,20.584553,18.314013,13.879369,14.493822,11.490737,9.22569,13.531129,11.406858,7.245998,8.1865425,12.445851,12.815377,16.587675,16.193745,16.166925,20.203331,19.818539,21.15767,24.737167,21.82957,17.70719,13.663724,16.112432,9.452607,12.465941,10.445703,13.614657,12.074657,9.115407,11.37387,16.39202,16.722738,18.448282,18.727882,15.606562,20.54914,21.365768,18.00371,17.801903,21.68597,23.793966,22.017193,19.336317,20.445684,14.867313,18.054638,15.523586,18.64398
29,37.479843,33.842007,32.23225,27.898607,25.661524,25.396664,20.782047,20.414358,16.123037,16.812716,14.635624,14.72951,11.531767,11.25526,6.2962904,8.33952,9.531552,11.12738,14.704872,15.639534,19.960094,21.769506,24.64841,18.223103,15.877481,13.330766,9.539282,6.1145487,4.955702,0.0,7.403282,8.118001,12.143832,14.472087,12.363223,10.998787,14.953708,17.004364,15.300249,15.112354,19.479342,20.162458,18.268122,21.123781,23.80872,24.007507,24.559296,26.627775,28.958532,28.510082,26.006323,28.718443,31.343246,29.24776,28.300848,25.94847,22.014719,21.770515,25.976612,24.201338,17.60829,20.607626,18.647175,22.373787,20.591574,16.220758,15.556311,11.909609,11.805154,15.938085,12.462105,8.259225,11.680841,15.108763,16.478277,19.788599,20.012877,20.526648,24.629154,24.563143,26.047918,29.677563,26.767647,22.644413,18.616247,20.876942,14.335251,16.54865,13.75735,16.153198,13.454062,10.040617,11.839787,15.715883,16.826725,18.857828,20.119562,18.091784,22.9096,22.52529,18.857708,19.803331,24.111082,26.58928,25.410763,22.573656,24.541578,18.759457,22.116451,19.791348,22.505215
30,33.366898,30.092464,27.838593,23.95313,21.759583,20.144758,16.798103,15.159959,10.482092,12.153873,9.442276,11.3477955,9.246869,10.043124,8.281264,5.006907,8.950583,8.593938,14.577692,14.669788,19.140886,21.869793,24.521648,18.8159,17.41956,15.446356,10.926646,9.668743,5.449616,7.403282,0.0,7.1445518,7.6731877,9.775426,6.728158,3.666156,7.8086123,10.278052,8.484212,8.003417,12.105064,13.701875,12.016579,14.228899,16.75344,18.141346,18.71965,19.918657,22.42375,21.522038,19.535456,23.011837,25.220556,23.058456,22.961243,21.572212,17.211775,18.15705,21.794811,18.603958,13.007999,16.782064,16.040302,19.085638,15.767391,11.495527,13.315603,10.310435,8.4615555,14.354934,12.970516,9.301105,10.344282,15.708915,14.631734,19.241827,19.149408,17.921398,22.561234,20.853058,22.418564,25.562222,22.570576,18.79399,14.447758,18.495129,11.811838,16.489346,15.131551,18.642433,17.379145,14.552325,16.593964,21.56037,21.752167,23.156096,23.413528,19.362858,24.597467,25.529556,21.671492,20.619516,24.831213,27.031435,24.664623,21.716845,22.040245,16.090101,18.10168,14.751525,16.9189
31,40.092655,36.918407,34.363564,30.778946,28.299477,26.492878,23.174067,20.7015,16.461039,16.614443,12.810419,13.56495,10.016217,12.266009,11.653669,11.318279,14.891119,15.338311,20.792557,20.854965,25.408886,27.899351,30.269344,24.049072,22.397682,20.426983,15.610428,13.45791,9.908054,8.118001,7.1445518,0.0,7.3543406,7.207898,6.785452,8.495074,11.078105,11.832255,12.677623,13.746076,16.110525,17.577951,17.474194,19.889355,21.131372,23.03316,24.937937,25.521307,27.40433,25.884884,23.342615,28.080809,29.218115,26.276295,26.57484,25.004576,21.214266,21.184088,24.028116,21.15457,15.808006,17.651915,15.553696,18.089548,15.91487,12.196409,11.540028,7.891752,10.090318,15.142193,12.348844,9.524275,13.389145,17.75991,17.673586,21.712624,22.837564,22.245323,27.30447,26.021717,28.259417,31.605804,29.093092,25.2909,20.83586,24.686756,17.874277,21.69139,19.180063,22.180527,19.942104,17.274895,19.792995,23.656752,24.921682,26.907492,27.940863,25.05627,30.149504,30.248129,26.3259,26.373802,30.822577,33.21675,31.2874,28.316448,29.077988,23.093025,25.21541,21.806746,23.662205
32,35.467533,32.722614,29.437658,26.712315,23.829851,21.425634,18.757286,14.9888315,11.638986,10.603893,6.3256035,7.446156,5.2924795,8.566829,11.76664,10.164738,14.474234,15.36204,20.795103,21.882055,26.190115,28.899967,31.884657,26.367558,24.835789,22.420649,18.390999,16.30982,12.638108,12.143832,7.6731877,7.3543406,0.0,5.4016423,7.549261,6.8853483,6.7468038,10.142934,11.942899,11.529146,12.735014,16.966652,16.603546,17.069494,18.712914,22.51419,23.1196,22.680851,25.466059,23.344675,22.313828,27.368862,28.447987,25.749598,27.114613,26.666054,22.421093,23.764963,26.28483,21.861696,17.929983,20.732971,19.907822,21.739197,17.926352,14.642032,16.458872,13.546193,13.854262,19.886877,18.364334,15.256722,17.34851,22.673979,21.358734,26.094656,26.408333,24.750692,29.62948,27.190186,28.806364,31.478554,28.37541,25.0427,20.8337,25.522972,19.12508,24.108902,22.755787,26.163013,24.505083,21.378637,22.925888,27.385145,27.688593,28.869747,29.62762,25.416323,30.79465,31.0627,26.61653,25.507988,30.20868,32.74285,30.335323,27.087236,27.482094,21.342142,22.43776,19.042305,19.648912
33,38.968964,36.340637,33.030933,30.320642,27.77228,24.725798,22.87286,18.854221,15.327931,15.205877,10.891122,12.664434,10.592436,13.886853,15.9880495,13.852051,18.248327,18.035534,24.1692,24.05189,28.449356,31.401588,33.677395,28.093966,26.953037,25.165178,20.338959,18.894152,14.712166,14.472087,9.775426,7.207898,5.4016423,0.0,5.2184873,8.085397,7.3966494,7.4736824,11.040004,12.285598,12.102607,15.30883,16.388643,17.405067,17.601315,21.51372,23.617517,22.699883,24.559547,22.075026,20.372684,26.42693,26.508009,23.24593,24.969767,24.650955,20.890347,21.8614,23.503744,19.060205,15.911958,17.529112,16.5838,17.617731,14.013922,11.542578,13.094892,10.960172,12.3431635,17.804173,16.784739,14.808301,16.980278,22.066422,20.36863,25.01155,26.002048,24.150194,29.417374,26.797483,29.070498,31.775705,29.337757,26.1293,21.799545,26.77764,20.427479,25.480606,23.876568,27.365637,25.834576,23.29427,25.7007,30.111872,30.855375,32.430676,33.030342,29.00743,34.30251,34.982666,30.823374,29.740915,34.176716,36.456093,33.82282,30.782862,30.49693,24.651257,25.480555,21.551237,22.30642
34,37.135452,34.2639,31.496918,28.188553,26.109035,23.25636,21.339636,18.266499,13.995167,15.437184,11.647422,14.182824,12.134409,14.530525,14.599745,11.455614,15.571065,14.293626,20.770971,19.723978,24.096777,27.154478,29.00444,23.50397,22.68091,21.410133,16.247871,15.650798,11.205467,12.363223,6.728158,6.785452,7.549261,5.2184873,0.0,4.9019446,6.299438,5.164138,6.69368,8.725602,9.88691,11.249649,12.033605,14.19619,14.624197,17.202122,19.694853,19.56034,21.104603,19.296013,16.826698,22.232332,22.839403,19.797352,20.7057,19.912203,16.04279,16.87048,19.038265,15.089082,10.945731,13.21141,12.526557,14.338832,10.590875,7.113332,9.503069,7.5039387,7.336109,13.081415,12.667528,10.791417,12.015438,17.255419,15.214515,19.964193,20.836802,18.939947,24.225782,21.775356,24.189781,27.105646,24.89411,21.552399,17.155241,22.002163,15.71806,20.747725,19.278408,22.88944,21.797808,19.676977,22.51655,27.237587,27.89238,29.575588,29.751486,25.725779,30.853788,32.114758,28.37517,27.135574,31.160233,33.13639,30.387197,27.602045,26.939034,21.397667,22.438719,18.359365,19.887228
35,32.56878,29.585844,26.930805,23.472351,21.331966,18.828785,16.517012,13.908071,9.369572,11.38322,8.312345,11.215754,9.929625,11.404233,11.347152,7.1405263,11.356074,10.213646,16.589752,16.247255,20.53106,23.567968,25.971151,20.74416,19.798435,18.16122,13.644886,13.049975,8.775997,10.998787,3.666156,8.495074,6.8853483,8.085397,4.9019446,0.0,4.346683,6.973734,5.775063,5.402619,8.592926,11.099239,10.038308,11.596868,13.65677,16.120667,16.964422,17.334822,19.824741,18.459562,16.801622,21.032867,22.722769,20.4006,20.991806,20.272661,15.864625,17.42737,20.42857,16.357939,11.84582,15.642566,15.5638,17.944027,13.835687,10.009856,13.126123,10.813638,8.656511,14.784629,14.421731,11.4880085,11.664047,17.332426,15.21448,20.170773,20.096516,18.050295,22.872112,20.30711,21.985693,24.769129,21.894835,18.485273,14.169153,19.046824,12.790827,18.224377,17.41708,21.151436,20.34146,17.811144,19.94377,25.06231,25.075851,26.310465,26.274103,21.660439,26.891918,28.261194,24.401894,22.67807,26.741327,28.777494,25.945251,23.04153,22.521368,16.781813,17.851868,13.972699,15.547239
