,0,1,2,3,4,5,6,7,8,9,10,11,12,13,14,15,16,17,18,19,20,21,22,23,24,25,26,27,28,29,30,31,32,33,34,35,36,37,38,39,40,41,42,43,44,45,46,47,48,49,50,51,52,53,54,55,56,57,58,59,60,61,62,63,64,65,66,67,68,69,70,71,72,73,74,75,76,77,78,79,80,81,82,83,84,85,86,87,88,89,90,91,92,93,94,95,96,97,98,99,100,101,102,103,104,105,106,107,108,109,110,111,112
0,0.0,4.359287,7.5846734,10.242072,12.465794,16.271067,18.340855,22.274845,25.96718,28.24535,33.219143,35.514732,31.877796,28.917856,25.925133,23.43634,18.800512,20.382582,14.228108,17.864805,13.145776,14.822562,11.53174,14.211609,15.570604,17.814987,21.67174,23.677011,22.33352,27.56582,26.847881,33.24265,32.168747,36.57163,37.78039,39.04351,40.63552,41.752472,36.37709,35.622887,31.712246,32.30675,26.9759,28.958578,23.818054,28.397243,24.162754,26.206364,26.735468,29.772633,30.01961,32.0242,36.027508,34.319775,38.904877,37.197594,36.435844,36.32433,40.233166,37.20815,42.71692,37.02314,40.80668,40.69222,44.06484,42.412643,45.0013,44.36349,41.312523,40.272392,38.352432,41.368706,40.944702,36.779507,39.772076,36.48541,41.229614,35.631775,40.8136,38.583096,38.42088,33.74613,31.59843,29.817526,27.260738,28.84967,24.143892,28.458141,25.054018,27.525372,28.42695,26.728926,32.93734,31.823347,33.775684,28.278635,30.58135,26.572088,28.928776,28.126352,27.581705,32.495014,32.403522,34.118984,38.10991,40.50928,41.599857,38.69758,42.27068,36.23671,38.88732,36.46233,38.40838
1,4.359287,0.0,4.672362,5.9901414,8.319597,12.363086,14.295746,18.487484,21.83376,24.34799,29.248228,31.534325,28.115683,25.30248,22.295368,19.404934,15.020121,16.193531,10.221664,13.867852,9.272266,11.63254,8.685519,11.244556,13.392392,15.060318,19.328522,20.954336,19.321295,24.613705,23.922071,29.765018,28.895302,32.94212,34.248425,35.24276,36.95537,38.061718,32.765247,31.79677,28.143234,28.382437,23.212029,25.140629,20.034996,24.840145,20.839083,23.339624,24.337168,27.310019,27.631575,29.333725,33.659653,31.97744,36.32393,34.290028,33.30623,32.987793,36.74185,33.566948,38.95466,33.155636,36.74988,36.597797,39.870216,38.364586,40.804745,40.274113,37.278717,36.1223,34.151634,37.084084,36.67493,32.569233,35.63186,32.43208,37.333065,31.898525,37.25213,35.257874,35.056187,30.495886,28.363804,26.30377,23.49766,24.850805,20.100382,24.265749,20.934898,23.424503,24.56196,23.229038,29.173565,27.755507,29.528423,23.953497,26.247595,22.234316,24.697462,24.04713,23.685986,28.521883,28.782215,30.12169,34.272438,36.73738,37.602837,34.63153,38.049393,31.984344,34.54938,32.12409,34.059887
2,7.5846734,4.672362,0.0,5.1729956,6.105761,8.9711895,11.442062,14.825905,18.898779,20.918491,25.91487,28.500862,25.138939,22.01002,19.755121,17.055288,13.274182,15.21466,9.808838,14.664878,10.996383,14.290647,11.890979,13.307434,15.964062,16.794624,21.647955,23.261358,21.63262,26.779322,26.393076,31.316628,30.72492,34.173027,35.54457,36.005795,37.807175,38.63696,33.584576,32.341545,29.327585,28.99471,24.341776,26.064907,21.160513,25.951782,21.749674,24.9172,25.996395,29.304625,30.028982,31.515669,36.15001,34.761402,38.67665,36.220066,35.107628,34.317642,37.77127,34.419823,39.661556,33.80926,36.904556,36.640697,39.50543,38.251286,40.058186,39.587177,36.810936,35.420044,33.62941,36.190094,36.00113,32.219852,35.42755,32.37784,37.53244,32.227364,37.920307,36.145237,35.297596,31.33121,28.625217,26.757761,23.657211,24.860294,20.17122,24.124012,21.143969,23.290415,24.664867,23.233702,28.865122,26.996567,28.33843,22.618855,25.200611,20.595448,23.49039,22.269241,22.41614,27.063068,28.071108,29.443863,33.84327,36.563072,37.166252,34.00096,37.226727,31.148752,33.277565,30.94283,32.29525
3,10.242072,5.9901414,5.1729956,0.0,3.7818868,7.246465,9.370055,13.534684,16.323862,19.237215,23.955187,26.49561,23.703613,21.081776,18.534794,14.775636,11.574516,11.688817,7.1030474,10.276427,6.5057015,10.187531,8.357781,9.106982,12.280768,12.532408,17.392784,18.597157,16.863882,21.896175,21.757526,26.333605,26.207432,29.302721,30.953932,31.342535,33.392635,34.53481,29.48955,28.003263,24.992521,24.250658,19.547743,20.965187,16.065512,20.806509,16.885212,20.210974,21.719744,24.761389,25.446972,26.70476,31.474968,30.14542,33.84795,31.244423,30.049898,29.195114,32.61495,29.250675,34.507492,28.708103,31.95448,31.877703,34.88162,33.935863,35.942654,35.744984,32.93457,31.444149,29.293415,31.893225,31.42917,27.423458,30.495445,27.342548,32.437454,27.15158,32.8145,31.128042,30.532791,26.428333,24.031853,21.819273,18.65545,19.784018,15.061312,19.225763,16.440979,19.0726,20.89938,20.483637,25.627512,23.406439,24.538544,18.645924,20.700533,16.391588,18.91793,18.168896,18.098698,22.80441,23.638258,24.669058,29.037577,31.669107,32.274284,29.174246,32.498257,26.42836,28.89149,26.675064,28.467836
4,12.465794,8.319597,6.105761,3.7818868,0.0,4.790083,6.002391,10.535686,13.562935,16.13223,20.976765,23.26478,20.1453,17.455038,14.851732,11.397493,8.120205,9.238009,4.9752245,9.800161,8.0499935,11.818644,11.089459,12.217325,15.592412,15.475734,20.226337,20.859144,18.65557,23.5887,22.859589,26.712317,26.140903,29.102964,30.413168,30.511002,32.33846,33.051353,28.189054,26.738297,24.19964,23.513186,19.347652,21.209265,16.676449,21.917711,18.78626,22.465694,24.401543,27.196121,27.77947,28.664045,33.566853,32.019653,35.622227,32.825733,31.278666,30.346016,33.477673,29.918318,34.73377,28.677458,31.347282,30.872705,33.58885,32.312153,33.972828,33.54289,30.822311,29.35393,27.604223,30.139309,30.081902,26.490763,29.908972,27.189081,32.60797,27.858316,33.672962,32.426235,31.82053,27.991856,25.681347,23.148867,19.65004,20.093666,15.481824,18.573586,15.5741825,17.441584,19.03024,18.116243,23.226707,21.021109,22.234627,16.539375,19.381273,14.966255,18.327293,17.767382,18.451189,22.75258,24.526833,24.811441,29.48201,32.21804,32.287914,29.043644,31.764217,25.63144,27.482742,24.950106,26.340769
5,16.271067,12.363086,8.9711895,7.246465,4.790083,0.0,3.9298766,6.3790994,10.073025,12.365049,17.204771,20.150236,17.678545,14.796302,13.656189,9.930474,9.075415,9.957713,8.584855,12.411432,11.65754,15.482377,14.920272,14.7046,18.076818,17.159,22.110126,22.808262,20.946487,25.35542,25.337242,28.01891,28.164845,30.142475,31.727154,31.176056,33.252052,33.849876,29.418781,27.530487,25.82425,24.194225,20.829348,21.984713,18.012749,22.575342,19.2537,23.420265,25.30017,28.369331,29.433485,30.10958,35.19275,34.146374,37.10807,33.905235,32.36207,30.85634,33.574486,29.961143,34.593296,28.774254,30.904621,30.506973,32.709705,32.103085,32.98864,32.872963,30.498857,28.651108,26.915133,28.834328,28.847866,25.620474,28.96739,26.36569,31.844088,27.256218,33.286217,32.248184,30.866253,27.855467,24.945152,22.80219,19.200981,19.564085,15.434601,18.310162,16.32317,17.937872,20.065311,19.698387,23.815588,20.827982,21.114033,15.256424,17.918139,12.809202,16.363342,14.9801,16.256756,20.154928,22.717257,23.118065,27.898188,30.861998,30.728565,27.350273,29.96069,23.991446,25.445822,23.302002,24.028877
6,18.340855,14.295746,11.442062,9.370055,6.002391,3.9298766,0.0,5.332094,7.872409,10.23206,15.051471,17.28455,14.405836,11.831596,9.976378,6.0822763,5.7612867,6.927069,7.330572,11.033447,12.013694,15.514232,15.930664,16.345995,19.85059,18.859827,23.415602,23.388245,20.983185,25.277332,24.47899,26.59164,26.16948,28.148935,29.323944,28.644371,30.438906,30.693916,26.414114,24.647272,23.28285,21.90283,19.034422,20.761856,17.230286,22.332914,20.195257,24.382704,26.803556,29.329975,30.042297,30.331766,35.424694,33.985783,36.982845,33.74722,31.822882,30.477627,32.981815,29.237097,33.355373,27.270798,28.943634,28.115461,30.192799,29.063732,29.886776,29.485758,27.104328,25.391264,24.023787,26.084898,26.471094,23.587093,27.273403,25.169432,30.873497,26.955498,32.922653,32.342934,31.429585,28.369469,26.034342,23.299679,19.504307,19.040579,15.11322,16.61656,14.250797,15.048928,16.84368,16.21891,20.16071,17.306072,17.884018,12.413515,15.94532,11.353303,15.657814,15.218611,17.036364,20.415026,23.589703,22.868336,27.819675,30.702671,30.021402,26.621216,28.516285,22.514725,23.447756,20.807774,21.44547
7,22.274845,18.487484,14.825905,13.534684,10.535686,6.3790994,5.332094,0.0,5.5549273,6.238471,11.192091,14.367843,12.327781,9.379245,10.299431,7.4850416,9.954456,11.146264,12.649961,15.909916,16.936272,20.501348,20.708096,20.338776,23.73717,22.31031,26.989155,27.14877,25.117558,28.949345,28.761692,29.903868,30.06421,31.142803,32.488884,31.184895,33.116493,33.147434,29.444014,27.356773,26.865932,24.726423,22.738544,23.79775,20.888618,25.178755,22.845873,27.292654,29.514862,32.311783,33.45662,33.61839,38.7895,37.813507,40.239723,36.691437,34.82065,32.965015,35.01218,31.295982,35.108902,29.403803,30.392076,29.596346,30.977295,30.519758,30.34376,30.217793,28.33192,26.274004,25.124382,26.366014,26.950722,24.703157,28.231174,26.395058,32.01587,28.408836,34.452633,34.09421,32.360924,30.233522,27.316494,25.121464,21.412252,20.905218,17.717302,18.850208,17.614487,17.98952,20.051865,19.728935,22.52309,19.088755,18.587849,13.568027,16.764837,11.835037,16.073793,14.661841,17.170979,19.745605,23.79367,23.223442,28.132626,31.203808,30.26536,26.794914,28.394554,22.80993,23.037987,20.912079,20.464413
8,25.96718,21.83376,18.898779,16.323862,13.562935,10.073025,7.872409,5.5549273,0.0,4.347433,7.8747697,10.777296,10.269135,9.008342,9.991609,6.3438354,11.163215,10.158133,14.241632,15.402242,17.870691,20.886616,21.996225,21.267162,24.589655,22.637754,26.681171,26.097618,23.958206,27.043127,26.85004,26.586414,27.116116,27.268156,28.669634,26.854097,28.907578,28.928831,25.719706,23.296204,23.63019,20.805443,19.905226,20.59945,18.751966,22.587727,21.53856,25.985458,28.708368,30.896461,31.924742,31.54503,36.67818,35.74053,37.653175,33.903976,31.76409,29.74521,31.291048,27.555452,30.738876,25.18101,25.536148,24.635921,25.686903,25.59615,25.07415,25.250694,23.576553,21.270935,20.043812,20.958883,21.611963,19.757698,23.322203,21.972782,27.616222,24.825623,30.703983,30.91323,29.414051,27.667109,25.295391,22.696451,19.003258,17.632607,15.379033,15.004699,14.669127,14.506672,16.978096,17.898203,19.154327,15.021353,13.625529,8.943818,11.973352,7.756124,12.2431345,11.841422,14.972669,16.518236,21.306583,19.450312,24.3793,27.34661,25.824736,22.38225,23.311586,17.902952,17.6408,15.505273,14.916793
9,28.24535,24.34799,20.918491,19.237215,16.13223,12.365049,10.23206,6.238471,4.347433,0.0,5.0714297,8.30338,7.7206326,6.0857315,9.41112,8.082232,12.974087,13.408279,17.016413,19.107521,21.490364,24.647236,25.597153,25.120533,28.49328,26.670359,30.882349,30.405973,28.218735,31.370934,30.974384,30.568668,30.77381,30.88904,31.978107,29.97031,31.728712,31.268318,28.443571,26.192831,26.93999,24.351145,23.829168,24.737646,23.01802,26.891518,25.796692,30.270773,32.88878,35.193066,36.26749,35.880867,41.008137,40.038445,41.92677,38.148212,35.953194,33.891537,35.238358,31.527874,34.356422,28.916727,28.732693,27.542805,28.07344,27.786568,26.576715,26.503,25.182032,22.955252,22.413094,22.917784,24.073532,22.943523,26.519007,25.597752,31.150414,28.749598,34.5444,34.922073,33.177082,31.780884,29.234768,26.846893,23.216726,21.80427,19.719755,19.007736,18.604002,17.812235,19.733276,19.874556,20.860834,17.069023,15.6274605,12.243283,15.533565,11.867482,16.119577,15.355406,18.66266,19.730768,24.87377,23.047518,27.848534,30.830868,29.037796,25.646002,26.013893,21.078018,19.976116,17.893217,16.253494
10,33.219143,29.248228,25.91487,23.955187,20.976765,17.204771,15.051471,11.192091,7.8747697,5.0714297,0.0,4.8820524,7.8815737,8.4062,12.502783,11.912014,17.319069,17.062647,21.519997,22.75864,25.673317,28.570738,29.847443,29.070944,32.336166,30.198263,34.054058,33.25746,31.16331,33.687855,33.437893,31.836937,32.37917,31.555319,32.60955,30.018402,31.751492,31.049805,29.051811,26.60842,28.31517,25.2192,25.808718,26.294443,25.50083,28.695396,28.319633,32.723743,35.477467,37.481594,38.612423,37.861866,42.88527,42.10399,43.430565,39.48284,37.17059,34.868046,35.60209,32.02456,34.06788,29.13739,28.02573,26.716066,26.42745,26.686756,24.47394,24.699291,24.01654,21.58402,21.415073,21.015074,22.488619,22.3624,25.673183,25.452932,30.680506,29.22941,34.684444,35.582745,33.671246,33.026024,30.67397,28.378265,24.998257,23.125572,22.021708,20.279469,20.779356,19.453737,21.380585,22.16134,21.59881,17.561316,15.085448,13.390812,15.905343,13.545109,17.057316,16.588915,20.194643,19.989988,25.725334,23.187468,27.646418,30.49747,28.128359,24.925972,24.353659,20.309711,18.133968,16.547218,13.726027
11,35.514732,31.534325,28.500862,26.49561,23.26478,20.150236,17.28455,14.367843,10.777296,8.30338,4.8820524,0.0,5.6377306,8.316061,11.811017,12.647851,18.026041,17.886423,22.84635,23.81996,27.483385,30.03752,31.811232,31.586483,34.902657,32.901894,36.46716,35.177406,32.68696,35.09809,34.063484,31.99807,31.813526,30.99994,31.418072,28.713068,29.90151,28.59978,27.143763,25.027798,27.301325,24.72926,26.019863,27.07796,26.763659,30.306082,30.876984,35.11913,38.225983,39.758667,40.496708,39.467533,44.363876,43.148617,44.5749,40.74605,38.108006,36.119743,36.645226,33.062813,34.398144,29.366407,27.62296,25.691183,25.054913,24.445734,21.883692,21.546669,21.117535,19.013847,19.785065,19.403711,21.604689,22.257652,25.810226,26.335854,31.543707,30.929037,36.075157,37.39771,36.136204,35.2911,33.587715,30.796938,27.399284,24.941628,24.039255,21.120676,21.29169,18.98204,20.137989,20.58419,19.071693,15.615042,13.435719,13.685557,16.80812,15.747169,19.411852,19.959127,23.54103,23.123293,28.876116,25.427412,29.806156,32.40843,29.51875,26.490326,24.915688,21.217709,18.2414,15.991762,12.787235
12,31.877796,28.115683,25.138939,23.703613,20.1453,17.678545,14.405836,12.327781,10.269135,7.7206326,7.8815737,5.6377306,0.0,3.8510666,6.773848,9.425549,13.965755,15.18395,19.35289,21.371643,24.906937,27.530792,29.213888,29.785812,33.240776,31.73312,35.55075,34.36811,31.515785,34.624676,32.875626,31.9852,30.832762,31.238369,31.236313,29.186438,29.998571,28.515356,26.36023,24.775787,26.224688,24.717144,25.115236,27.100073,25.98989,30.545399,30.81181,35.042767,38.161686,39.80559,40.26797,39.511154,44.4615,42.759167,44.9221,41.350674,38.65845,37.112534,38.20969,34.463932,36.302414,30.621273,29.56751,27.407948,27.518093,25.692705,24.153032,23.027512,21.93532,20.370789,21.305801,22.02408,24.245766,24.180756,28.172083,28.307554,33.88668,32.65145,38.04326,39.013042,38.18208,36.479206,34.832264,31.737377,28.060604,25.797968,23.942556,21.46934,20.331644,17.882109,18.319382,17.28025,17.274948,14.738489,14.275793,13.695241,18.1169,16.355984,20.84004,21.467525,24.803358,25.472849,30.75461,27.65546,32.381954,35.04708,32.505154,29.323149,28.28424,23.783045,21.541,18.472237,16.36497
13,28.917856,25.30248,22.01002,21.081776,17.455038,14.796302,11.831596,9.379245,9.008342,6.0857315,8.4062,8.316061,3.8510666,0.0,5.530164,8.059529,12.009534,14.148199,17.314878,20.28668,23.11545,26.078115,27.291174,27.89848,31.396946,30.066057,34.244038,33.491524,30.75634,34.28093,32.758926,32.7081,31.644365,32.527737,32.77396,31.03483,32.04971,30.873255,28.155539,26.563637,27.322882,25.895737,25.453403,27.440622,25.638834,30.402462,29.85107,34.17802,37.031326,39.070908,39.68574,39.253746,44.305634,42.69223,45.103535,41.56725,39.077797,37.50686,38.958622,35.164448,37.624435,31.78958,31.35037,29.485888,29.99736,28.333992,27.224821,26.218525,24.836815,23.221567,23.674128,24.646578,26.492146,25.786968,29.767904,29.331898,35.034496,33.056175,38.71931,39.276276,38.184376,36.275604,34.211823,31.345116,27.577526,25.8135,23.394434,21.94121,20.462376,18.67052,19.347193,17.892586,19.220903,16.660986,16.494762,14.464169,18.950161,16.111889,20.802292,20.802185,23.980896,25.262772,30.275625,27.939577,32.811974,35.643036,33.547344,30.223415,29.928371,25.004576,23.408945,20.482906,18.773691
14,25.925133,22.295368,19.755121,18.534794,14.851732,13.656189,9.976378,10.299431,9.991609,9.41112,12.502783,11.811017,6.773848,5.530164,0.0,5.2310343,7.699877,10.336901,13.37243,16.302282,19.56704,22.142908,23.742197,25.122707,28.608854,27.652882,31.559946,30.504164,27.370275,31.165901,28.844671,29.453667,27.557968,29.323631,29.184565,28.019884,28.732655,27.574562,24.317421,23.163652,23.25855,22.771223,21.820662,24.619003,22.541065,28.016031,27.915947,31.96748,35.0438,36.733517,36.890694,36.480644,41.409256,39.28005,42.20594,38.976013,36.353855,35.301056,37.099888,33.266396,35.8564,29.608276,29.66384,27.608362,28.787558,26.180481,26.133883,24.669134,22.691475,21.529665,21.944006,23.857855,25.625683,24.399057,28.63582,28.08436,33.908916,31.803915,37.367516,37.820324,37.525753,34.818665,33.338497,29.954977,26.12126,24.225155,21.356031,19.734125,17.191244,15.169439,15.149914,12.795441,15.343361,13.615182,14.91813,12.722058,17.86718,15.455451,20.348776,21.179964,23.936354,25.835531,30.241451,27.63823,32.59043,35.2516,33.298443,30.021852,29.889288,24.536007,23.513807,19.923615,19.351965
15,23.43634,19.404934,17.055288,14.775636,11.397493,9.930474,6.0822763,7.4850416,6.3438354,8.082232,11.912014,12.647851,9.425549,8.059529,5.2310343,0.0,5.644955,6.1061034,10.221071,12.25629,15.481989,18.204046,19.791252,20.541658,24.012333,22.773872,26.67409,25.707428,22.805342,26.52542,24.867216,25.565731,24.52213,26.028915,26.5841,25.443815,26.802706,26.412924,22.705845,21.025288,20.698296,19.437721,17.968954,20.223042,17.894035,23.15084,22.752333,26.877739,29.913687,31.697206,32.041718,31.703604,36.7208,34.91258,37.66803,34.334015,31.895985,30.650759,32.60727,28.769995,31.869768,25.650501,26.292675,24.772549,26.376564,24.600924,24.993143,24.207453,21.990643,20.403421,19.779732,21.800453,22.884645,20.87787,24.96365,23.834696,29.687874,27.03298,32.74802,32.948994,32.527813,29.745152,28.149305,24.824978,20.976582,19.304708,16.265888,15.299797,12.988533,11.967432,13.169665,12.456923,15.185932,12.298498,13.024444,8.914859,13.722971,10.639957,15.535056,16.357735,18.899258,21.133947,25.21827,22.903957,27.89941,30.615416,29.03401,25.695051,26.292063,20.573229,20.388636,17.090538,17.279451
16,18.800512,15.020121,13.274182,11.574516,8.120205,9.075415,5.7612867,9.954456,11.163215,12.974087,17.319069,18.026041,13.965755,12.009534,7.699877,5.644955,0.0,5.402516,5.712213,9.881766,12.249681,14.938202,16.24331,18.173988,21.61451,21.171444,25.15064,24.439512,21.297047,25.770138,23.475262,25.884007,23.99792,26.898296,27.197788,26.950144,28.040813,27.815144,23.393024,22.322502,20.693697,20.691792,17.875252,20.925768,17.588947,23.611446,22.724318,26.491293,29.338495,31.188202,31.205086,31.283978,36.16699,33.921726,37.4566,34.556396,32.253902,31.554298,34.11513,30.332806,33.958363,27.481848,28.987202,27.538958,29.813026,27.35399,28.703537,27.552303,24.895327,23.797453,23.073887,25.788845,26.640814,24.00956,28.06843,26.495607,32.280853,28.997097,34.650925,34.371284,34.424046,30.802284,29.369709,25.952238,22.15828,21.03151,17.124771,17.262161,13.634882,13.296989,13.70725,11.477365,16.49107,14.931504,16.961954,12.710779,17.25034,14.099252,18.61728,19.40846,21.19293,24.359724,27.466175,25.787823,30.719461,33.334213,32.27306,29.006695,30.18518,24.200302,24.7704,21.317535,22.254213
17,20.382582,16.193531,15.21466,11.688817,9.238009,9.957713,6.927069,11.146264,10.158133,13.408279,17.062647,17.886423,15.18395,14.148199,10.336901,6.1061034,5.402516,0.0,6.347246,6.202372,10.214738,12.399214,14.566138,15.689507,19.031624,18.03145,21.482483,20.224098,17.045586,21.045631,19.042189,20.756962,19.557255,21.899181,22.660831,22.276348,23.832634,24.170877,19.639687,18.076183,16.437803,15.67391,12.8602295,15.594963,12.571492,18.486622,18.369179,22.09801,25.30867,26.737837,26.70456,26.475552,31.393261,29.289078,32.481216,29.438812,27.054579,26.26546,28.73699,24.94826,28.582718,22.124512,23.857227,22.68556,25.247616,23.307096,25.036081,24.383959,21.604666,20.265715,18.819956,21.67935,22.061758,18.985495,22.937239,21.217604,26.965067,23.76219,29.325663,29.17381,29.525915,25.852577,24.868166,21.115582,17.351198,15.863658,12.181778,11.91017,8.311722,8.619553,10.152643,10.311219,14.270318,11.817045,13.466519,8.534061,12.487138,9.9868965,14.089605,15.739357,17.29542,20.294903,23.163282,20.96579,25.806334,28.279171,27.225496,24.04999,25.377697,19.32658,20.428024,17.089155,18.84323
18,14.228108,10.221664,9.808838,7.1030474,4.9752245,8.584855,7.330572,12.649961,14.241632,17.016413,21.519997,22.84635,19.35289,17.314878,13.37243,10.221071,5.712213,6.347246,0.0,6.425788,6.868639,9.736319,10.600549,13.030565,16.356344,16.414236,20.372456,20.043562,17.053545,22.018742,20.009695,23.89795,22.325317,25.882706,26.639786,27.044895,28.467257,28.998869,23.997633,22.94651,20.14402,20.334944,16.149973,19.024044,14.723764,20.803904,19.162891,22.534605,25.093647,27.067907,27.003529,27.527666,32.299984,30.074299,34.00765,31.40816,29.46553,29.027782,32.13813,28.521177,32.893158,26.516197,29.087172,28.210052,31.142033,29.032495,31.188452,30.366959,27.427052,26.345457,24.856527,27.891518,28.050093,24.547428,28.228573,25.916847,31.420156,27.282005,32.83469,31.950804,32.249287,27.991581,26.628237,23.327408,19.773417,19.438042,14.925667,16.735212,12.774033,14.084639,14.954146,13.587174,19.189566,17.705233,19.782324,14.76137,18.144926,14.8546915,18.449303,19.138058,19.954498,23.92271,25.807344,24.971106,29.657251,32.150085,31.83082,28.69725,30.83159,24.685404,26.364119,23.265997,25.072914
19,17.864805,13.867852,14.664878,10.276427,9.800161,12.411432,11.033447,15.909916,15.402242,19.107521,22.75864,23.81996,21.371643,20.28668,16.302282,12.25629,9.881766,6.202372,6.425788,0.0,5.5292053,6.452011,9.427129,11.101361,14.070298,13.578006,16.38137,14.966772,11.528041,16.113026,13.878984,17.503183,16.346958,19.757719,20.884096,21.494991,23.266438,24.474483,19.304733,18.000553,14.736429,14.655811,9.916883,12.857873,8.617655,15.027342,14.829732,17.812727,21.003313,22.113201,21.659039,21.760042,26.495323,24.117758,27.912918,25.317623,23.196503,22.982662,26.127823,22.570341,26.910362,20.547207,23.602015,23.018381,26.427748,24.598194,27.46141,27.029367,23.929459,22.859947,20.700891,24.039236,23.657696,19.655996,23.070076,20.637295,25.897018,21.950617,27.158264,26.418764,27.52145,22.885601,22.501379,18.575935,15.232935,14.461042,10.2419405,11.67017,7.3989954,9.905134,11.4345045,12.375164,16.86973,15.151773,17.13416,12.36571,14.514641,12.72418,15.209706,17.145721,17.429962,21.114286,22.37529,20.797028,25.163717,27.306694,27.036272,24.176107,26.39846,20.398409,22.75072,19.795883,22.61616
20,13.145776,9.272266,10.996383,6.5057015,8.0499935,11.65754,12.013694,16.936272,17.870691,21.490364,25.673317,27.483385,24.906937,23.11545,19.56704,15.481989,12.249681,10.214738,6.868639,5.5292053,0.0,3.8786252,4.3748817,6.6222672,9.727211,10.098948,13.711359,13.721433,11.164584,16.432814,15.424475,20.583525,20.105371,23.727007,25.289165,26.198935,28.180897,29.696917,24.431444,23.160864,19.49071,19.310051,14.030409,15.935792,10.8700905,16.256,13.856117,16.565853,18.867802,20.825676,20.73194,21.698467,26.338982,24.389889,28.472855,26.14143,24.702215,24.447779,28.067352,24.770952,29.902456,23.982506,27.685707,27.629015,31.140879,29.83144,32.678066,32.450375,29.38849,28.203773,25.799038,28.919302,28.202263,23.864267,26.83673,23.736885,28.629194,23.648304,28.87517,27.334154,27.959318,23.081783,21.99695,18.866785,15.874333,16.524288,11.851861,15.567201,12.176568,15.297018,16.948341,17.349281,22.326698,20.568914,22.221792,16.86301,18.439709,15.609957,17.534311,18.304865,17.839304,22.322557,22.59499,22.614544,26.736433,28.955345,29.503231,26.680744,29.842937,23.856262,26.753408,24.310299,27.009333
21,14.822562,11.63254,14.290647,10.187531,11.818644,15.482377,15.514232,20.501348,20.886616,24.647236,28.570738,30.03752,27.530792,26.078115,22.142908,18.204046,14.938202,12.399214,9.736319,6.452011,3.8786252,0.0,4.111117,7.2143245,9.25997,10.14488,12.32897,11.665311,8.690762,14.064219,12.331452,18.474125,17.653564,21.87842,23.34272,24.810274,26.676386,28.494522,23.098547,22.127056,17.841757,18.316475,12.638617,14.812664,9.897761,15.172318,13.747901,15.532749,18.01865,19.215637,18.491953,19.445818,23.769186,21.346441,25.869282,23.952705,22.513325,22.840462,26.66969,23.588125,28.663784,22.867813,26.980932,27.009705,30.868156,29.31573,32.75906,32.493103,29.292324,28.379467,25.855324,29.272015,28.361183,23.852741,26.595928,23.515833,28.027601,23.210238,27.920963,26.326445,27.765636,22.389757,22.16968,18.749294,16.214611,16.75463,12.524521,15.847863,12.310335,15.565333,16.865656,17.612226,22.453691,21.20823,23.198318,18.411861,19.56522,17.70195,19.064806,20.472713,19.661486,23.945734,23.62503,23.333893,27.072124,28.942207,29.618498,27.083273,30.221022,24.46755,27.648273,25.177528,28.365501
22,11.53174,8.685519,11.890979,8.357781,11.089459,14.920272,15.930664,20.708096,21.996225,25.597153,29.847443,31.811232,29.213888,27.291174,23.742197,19.791252,16.24331,14.566138,10.600549,9.427129,4.3748817,4.111117,0.0,5.069948,6.9939904,8.803079,11.858998,12.673112,10.834513,16.14747,15.577282,21.922934,21.609198,25.619093,27.323961,28.70368,30.707994,32.54633,27.172113,26.098902,21.92228,22.071724,16.440609,17.973272,12.876848,17.315052,14.240809,15.974149,17.586672,19.633976,19.40861,20.967905,25.199974,23.307943,27.765461,25.92677,24.964663,25.04807,29.015818,26.068075,31.54585,26.023312,30.271599,30.534904,34.294384,33.099083,36.294304,36.14093,33.00869,31.930298,29.340721,32.532494,31.536135,26.950178,29.541285,26.135128,30.528748,25.128569,29.949812,27.89763,28.72124,23.474327,22.508,19.824083,17.464294,18.810217,14.391596,18.764496,15.654949,19.048065,20.550966,20.913998,26.04146,24.562809,26.285797,21.00793,22.098822,19.420357,20.70244,21.237688,20.142866,24.83502,24.12365,24.902088,28.56667,30.577696,31.682886,29.093609,32.7285,26.93924,30.26208,28.058262,30.985332
23,14.211609,11.244556,13.307434,9.106982,12.217325,14.7046,16.345995,20.338776,21.267162,25.120533,29.070944,31.586483,29.785812,27.89848,25.122707,20.541658,18.173988,15.689507,13.030565,11.101361,6.6222672,7.2143245,5.069948,0.0,3.5176053,4.0199614,8.380791,10.232325,9.736962,14.385289,15.889454,21.298864,22.562593,25.382479,27.863993,28.778381,31.358805,33.5654,28.456827,26.799208,23.104177,21.984247,16.678284,16.724123,11.794713,14.70466,10.091532,12.108176,13.316108,16.142496,16.77411,18.518934,23.007137,22.129519,25.785885,23.556973,23.00989,22.437412,26.351248,23.53193,29.42937,24.429817,28.849874,29.680725,33.295776,33.1639,36.022648,36.447277,33.530598,32.04881,28.983328,31.702526,30.272146,25.49674,27.601498,23.746693,27.828539,21.853966,26.783495,24.387703,24.520306,19.57348,17.962711,15.886075,13.824015,16.038681,11.908895,17.498524,15.657795,19.664192,22.035475,23.442747,27.719376,25.407465,26.249027,20.602661,20.642141,17.74732,18.063496,18.042738,16.332092,21.148554,19.764404,21.446678,24.828764,26.902992,28.481844,25.958841,30.237833,24.669374,28.43237,26.917032,29.83728
24,15.570604,13.392392,15.964062,12.280768,15.592412,18.076818,19.85059,23.73717,24.589655,28.49328,32.336166,34.902657,33.240776,31.396946,28.608854,24.012333,21.61451,19.031624,16.356344,14.070298,9.727211,9.25997,6.9939904,3.5176053,0.0,3.4768445,6.15787,9.079827,9.746867,13.750926,16.01792,21.86848,23.529005,26.334095,29.019815,30.200817,32.867893,35.3842,30.297941,28.702862,24.776373,23.722794,18.375126,17.963158,13.395768,15.112989,10.258302,10.969262,11.361333,14.22433,14.866008,17.122135,21.187717,20.615856,24.310497,22.470972,22.412762,22.053709,26.160109,23.734547,29.827526,25.337965,30.142385,31.29306,35.063244,35.164085,38.270176,38.843624,35.9144,34.48208,31.22072,33.93593,32.229633,27.302269,28.990908,24.940866,28.44767,22.248693,26.659775,23.845577,24.186491,19.019678,17.674828,16.088455,14.822082,17.48486,13.9362335,19.65841,18.150944,22.315216,24.660595,26.289814,30.451183,28.24783,29.056114,23.574617,23.135239,20.607693,20.313526,20.289219,18.090002,22.781765,20.486835,22.684917,25.50103,27.298494,29.355837,27.127934,31.745148,26.496527,30.596693,29.345123,32.486973
25,17.814987,15.060318,16.794624,12.532408,15.475734,17.159,18.859827,22.31031,22.637754,26.670359,30.198263,32.901894,31.73312,30.066057,27.652882,22.773872,21.171444,18.03145,16.414236,13.578006,10.098948,10.14488,8.803079,4.0199614,3.4768445,0.0,5.2602754,7.9669166,8.988586,12.4506855,15.596951,20.330511,22.766426,24.748861,27.779007,28.534784,31.48345,34.07833,29.220278,27.26775,23.807714,21.976568,17.031893,15.878107,11.590324,12.597914,7.0203104,8.547553,9.367435,12.581617,13.790411,15.700953,20.181944,20.085056,23.115402,20.764772,20.652748,19.758097,23.674715,21.150738,27.316904,22.96474,27.648705,28.994923,32.59515,33.225525,36.049488,36.910744,34.138523,32.484226,29.038006,31.466917,29.607494,24.683134,26.202286,22.03281,25.54029,19.20068,23.863535,21.116642,21.058044,16.133255,14.437454,12.8595495,11.538468,14.476854,11.18682,17.265041,16.487371,20.812893,23.604242,25.829603,29.385468,26.715794,27.026192,21.49919,20.524252,18.06003,17.273333,17.173609,14.776559,19.3921,17.01788,19.325277,22.143942,24.043476,26.12197,23.860184,28.63637,23.486513,27.69709,26.762535,29.86599
26,21.67174,19.328522,21.647955,17.392784,20.226337,22.110126,23.415602,26.989155,26.681171,30.882349,34.054058,36.46716,35.55075,34.244038,31.559946,26.67409,25.15064,21.482483,20.372456,16.38137,13.711359,12.32897,11.858998,8.380791,6.15787,5.2602754,0.0,4.3982086,7.472896,9.132252,13.473309,18.394016,21.463877,23.256495,26.542143,27.712378,30.739553,33.8289,29.134895,27.309082,23.59791,21.91597,17.149748,15.372218,12.113571,11.216763,7.242354,5.5833597,6.188036,8.107106,8.8644085,11.271296,15.290644,15.463978,18.505442,16.674885,17.101883,16.743162,20.937077,19.025568,25.240128,21.65699,26.879467,28.63377,32.513012,33.355556,36.69251,37.746788,34.963287,33.490135,29.787615,32.30151,30.046358,24.978254,25.848684,21.618422,24.158157,17.932486,21.53123,18.415943,19.45568,13.878822,13.712494,12.153055,12.201085,15.102656,13.060832,18.46225,18.11892,22.513313,25.16528,27.974289,31.030855,28.644041,29.003126,24.112507,22.43122,21.121595,19.519604,20.156633,17.381609,21.320562,17.907387,19.941137,21.808012,23.05924,25.580069,23.900227,28.803688,24.28124,28.90309,28.231972,31.840193
27,23.677011,20.954336,23.261358,18.597157,20.859144,22.808262,23.388245,27.14877,26.097618,30.405973,33.25746,35.177406,34.36811,33.491524,30.504164,25.707428,24.439512,20.224098,20.043562,14.966772,13.721433,11.665311,12.673112,10.232325,9.079827,7.9669166,4.3982086,0.0,4.0742445,4.848674,9.356601,14.086341,17.271124,18.997723,22.272932,23.597937,26.584995,29.815811,25.230083,23.472412,19.725082,18.158998,13.568475,11.730495,9.162943,8.042839,7.1795926,5.320849,8.185239,7.6980724,7.0134296,8.388411,12.895262,12.202957,15.556735,13.578231,13.391975,13.51317,17.81395,15.758887,21.716902,17.90977,23.264267,24.935865,29.00139,29.609663,33.275463,34.29105,31.476946,30.181683,26.46341,29.17568,26.89064,21.826752,22.67962,18.709097,21.234335,15.615896,18.981747,16.391373,18.60862,12.589843,13.903575,11.04306,11.0267725,12.956536,11.472668,15.76646,15.471548,19.727488,22.227604,25.51802,28.032188,25.875706,26.381668,22.116562,20.256107,19.939627,18.254848,19.903816,17.454287,20.872551,17.91716,18.494059,20.355196,21.343878,23.405869,21.864408,26.267975,21.871452,26.465624,25.613058,29.560415
28,22.33352,19.321295,21.63262,16.863882,18.65557,20.946487,20.983185,25.117558,23.958206,28.218735,31.16331,32.68696,31.515785,30.75634,27.370275,22.805342,21.297047,17.045586,17.053545,11.528041,11.164584,8.690762,10.834513,9.736962,9.746867,8.988586,7.472896,4.0742445,0.0,5.4057236,6.6163917,12.2789345,14.209624,16.844217,19.594856,21.087246,23.765097,26.70977,21.852776,20.313158,16.25243,15.322819,10.170265,9.653663,6.3072977,8.066955,8.72664,8.652584,11.994601,11.532218,10.31786,10.807079,15.308701,13.370845,17.330042,15.29698,14.148373,14.623516,18.73528,16.14936,21.625053,16.837229,21.914417,22.99416,27.168364,26.960106,30.802631,31.427572,28.447186,27.349806,23.915712,27.010359,25.110062,20.140871,21.66052,18.112337,21.420479,16.454134,20.24551,18.389343,20.854975,14.970065,16.317749,12.598256,11.474616,12.309887,10.098296,13.525548,12.261743,16.339594,18.510086,21.59403,24.334883,22.51656,23.520136,19.435282,18.273718,18.12727,17.257483,19.450123,17.648872,21.114876,19.279335,18.767036,21.331297,22.51408,23.806648,21.970985,25.678068,20.837395,25.018019,23.53834,27.519041
29,27.56582,24.613705,26.779322,21.896175,23.5887,25.35542,25.277332,28.949345,27.043127,31.370934,33.687855,35.09809,34.624676,34.28093,31.165901,26.52542,25.770138,21.045631,22.018742,16.113026,16.432814,14.064219,16.14747,14.385289,13.750926,12.4506855,9.132252,4.848674,5.4057236,0.0,6.6186385,9.720524,13.747055,14.757467,18.24468,19.684408,22.733562,26.28451,22.082064,20.337332,16.826578,15.1569805,11.47087,9.0733595,8.6772175,6.164738,9.520552,7.5709066,11.110723,8.575726,6.5730824,5.7896757,10.4021845,8.947755,12.075159,9.902431,8.959212,9.808701,14.089185,12.153798,17.636347,14.046296,19.58298,21.3683,25.589306,26.232286,30.243294,31.381384,28.646944,27.535685,23.733816,26.496992,24.038065,19.098082,19.573265,16.006174,18.009357,13.43547,15.973733,14.06789,17.688553,11.663958,14.696889,11.040321,11.43841,12.086447,11.99761,14.409356,14.65969,18.485527,20.811077,24.814026,26.335888,24.39482,24.854193,21.577387,19.239813,20.260887,18.228426,20.837675,18.691355,21.19477,18.538185,17.628658,19.032408,19.500288,21.136478,20.006063,23.808514,19.981373,24.539116,23.740889,28.0436
30,26.847881,23.922071,26.393076,21.757526,22.859589,25.337242,24.47899,28.761692,26.85004,30.974384,33.437893,34.063484,32.875626,32.758926,28.844671,24.867216,23.475262,19.042189,20.009695,13.878984,15.424475,12.331452,15.577282,15.889454,16.01792,15.596951,13.473309,9.356601,6.6163917,6.6186385,0.0,8.106607,8.491128,12.258468,14.306423,16.758533,18.897842,22.092558,17.398787,16.533403,11.969839,12.574853,8.326907,9.142919,8.626205,10.275187,14.284296,13.617705,17.181242,15.020356,12.436608,11.50853,14.828769,11.0759,15.5718155,14.268129,12.120252,14.105781,17.747156,15.464163,19.51585,14.728593,19.63466,20.280249,24.770006,23.622108,28.304892,28.620264,25.545448,25.0752,21.928204,25.478912,23.720587,19.175516,20.605625,18.07867,20.866928,17.745012,20.308176,19.438671,23.433867,17.700235,20.590904,16.325483,15.516674,14.7932,13.826321,14.317532,12.788562,15.692845,16.847116,20.315357,22.150274,21.352638,22.964323,20.473839,19.430056,20.882748,20.17046,23.436764,22.147772,24.72291,23.401484,21.25478,23.413313,23.990135,24.539968,23.17349,25.682781,21.48189,25.209526,23.336117,27.717377
31,33.24265,29.765018,31.316628,26.333605,26.712317,28.01891,26.59164,29.903868,26.586414,30.568668,31.836937,31.99807,31.9852,32.7081,29.453667,25.565731,25.884007,20.756962,23.89795,17.503183,20.583525,18.474125,21.922934,21.298864,21.86848,20.330511,18.394016,14.086341,12.2789345,9.720524,8.106607,0.0,6.862634,5.052267,8.907305,10.19395,13.303526,17.171532,13.848709,12.055862,9.816559,7.92956,8.044002,6.50322,10.461813,9.5796,16.2154,15.980184,19.964334,17.16506,15.17254,12.559512,15.560827,12.913841,14.522648,12.171342,8.668584,10.127315,12.174579,9.784273,12.087498,7.2915144,11.990995,13.022225,17.513655,17.394436,22.038197,23.081724,20.486452,19.857721,16.308327,19.366304,17.148317,13.050625,13.65509,12.155936,14.233315,13.469013,15.075342,15.855158,20.461304,16.015253,19.879469,15.332884,14.969094,12.665943,14.189938,11.829366,12.642878,14.479662,16.052681,21.126812,20.369751,19.013597,19.53976,18.733587,16.34875,19.758835,18.136395,22.284683,21.433086,22.362473,21.692526,17.682657,19.139845,19.14831,18.702074,17.912432,19.253157,16.298384,19.75146,18.470352,23.115181
32,32.168747,28.895302,30.72492,26.207432,26.140903,28.164845,26.16948,30.06421,27.116116,30.77381,32.37917,31.813526,30.832762,31.644365,27.557968,24.52213,23.99792,19.557255,22.325317,16.346958,20.105371,17.653564,21.609198,22.562593,23.529005,22.766426,21.463877,17.271124,14.209624,13.747055,8.491128,6.862634,0.0,6.7995567,6.4298663,9.718557,10.820271,13.896984,9.512253,9.462696,5.169104,8.208482,7.7689962,10.389145,12.4818535,14.752646,20.386456,20.602411,24.576782,22.177446,19.721535,17.740227,20.425262,16.441298,19.58341,18.167233,14.862414,16.894844,18.94193,16.56023,17.98569,12.800522,15.835285,15.131148,19.516123,16.736012,22.066784,21.835142,18.755077,19.05116,16.68052,20.642628,19.570873,16.25726,18.122772,17.508564,20.381227,19.891212,21.8868,22.66998,27.057343,22.347591,25.64773,20.904247,19.66083,17.16942,17.190632,14.16586,12.677709,13.141777,12.911913,16.985613,16.717768,17.037592,19.153244,19.047071,18.50507,21.614035,21.506903,25.722084,25.4572,26.917175,27.083298,22.966825,25.224443,25.568422,24.597927,23.417442,23.85246,20.349031,22.743813,20.216385,24.587141
33,36.57163,32.94212,34.173027,29.302721,29.102964,30.142475,28.148935,31.142803,27.268156,30.88904,31.555319,30.99994,31.238369,32.527737,29.323631,26.028915,26.898296,21.899181,25.882706,19.757719,23.727007,21.87842,25.619093,25.382479,26.334095,24.748861,23.256495,18.997723,16.844217,14.757467,12.258468,5.052267,6.7995567,0.0,4.637117,5.3546224,8.511655,12.586527,10.304726,8.572387,8.235932,6.647043,9.859311,9.523046,13.916924,13.801993,20.49107,20.731897,24.774092,22.039236,20.131134,17.348488,19.884144,17.161192,18.169613,16.002258,12.3543,13.560777,14.1903105,12.023433,11.770957,7.1830244,9.547916,9.507025,13.946582,13.015366,18.07189,18.977873,16.553806,16.343567,13.243234,16.381094,14.572035,11.660896,12.4136,12.694321,14.62238,15.945284,17.048004,18.895618,23.403824,19.83025,23.624886,19.063974,18.409584,15.298587,17.168076,12.985839,13.917308,14.210435,15.070885,20.375397,18.127861,17.264305,17.801718,18.66056,16.558966,20.899279,19.685604,24.222673,24.015928,24.235825,24.52963,19.481535,20.928825,20.786737,19.241217,18.644913,18.334532,16.149872,18.48858,16.916368,21.452545
34,37.78039,34.248425,35.54457,30.953932,30.413168,31.727154,29.323944,32.488884,28.669634,31.978107,32.60955,31.418072,31.236313,32.77396,29.184565,26.5841,27.197788,22.660831,26.639786,20.884096,25.289165,23.34272,27.323961,27.863993,29.019815,27.779007,26.542143,22.272932,19.594856,18.24468,14.306423,8.907305,6.4298663,4.637117,0.0,4.3299775,4.9592276,8.925096,6.875586,6.711007,6.787756,8.188581,11.594044,13.016068,16.672369,17.836018,24.228712,24.640064,28.716196,26.05055,23.861687,21.255787,23.528574,20.143167,21.742529,20.099764,16.495512,18.099796,18.671782,16.64255,15.729706,11.4922085,12.373419,10.921426,14.875623,11.735828,17.399931,17.38146,14.78419,15.465927,13.485659,17.061861,16.175695,14.274437,15.6513,16.662016,18.79369,20.46919,21.581749,23.518908,28.010279,24.376839,28.00929,23.338865,22.308142,19.052824,20.297522,15.62585,15.495072,14.655008,14.236926,18.935774,16.204382,16.611088,18.035397,19.86055,18.817896,23.151667,22.756365,27.361866,27.536728,27.872929,28.680788,23.4603,25.223047,25.175547,23.249859,22.549953,21.446371,19.271908,20.702976,18.427286,22.644604
35,39.04351,35.24276,36.005795,31.342535,30.511002,31.176056,28.644371,31.184895,26.854097,29.97031,30.018402,28.713068,29.186438,31.03483,28.019884,25.443815,26.950144,22.276348,27.044895,21.494991,26.198935,24.810274,28.70368,28.778381,30.200817,28.534784,27.712378,23.597937,21.087246,19.684408,16.758533,10.19395,9.718557,5.3546224,4.3299775,0.0,4.108775,7.82682,7.274222,5.4188604,8.401252,7.1863084,12.298893,12.900874,17.109926,17.890472,24.289162,25.192795,29.324574,26.955112,25.2865,22.53522,25.168818,22.49575,23.30548,21.02885,17.396461,18.080803,17.93366,15.698384,14.002265,9.782405,8.92613,6.7754345,10.568055,7.9407635,13.388888,13.958291,11.706657,11.964074,9.726948,12.940151,12.06509,10.919573,12.312998,14.213252,16.492073,19.04439,20.32448,22.807362,26.740461,23.889475,27.220995,22.658457,21.522932,17.842562,19.697262,14.201685,15.083827,13.775153,13.9039955,19.139141,15.260308,14.822837,15.303771,17.919018,16.433035,21.32867,20.766857,25.461218,25.983562,25.655102,27.07441,21.28679,23.039783,23.051977,20.48536,19.788054,17.855637,16.174118,17.00128,14.941375,19.030525
