,0,1,2,3,4,5,6,7,8,9,10,11,12,13,14,15,16,17,18,19,20,21,22,23,24,25,26,27,28,29,30,31,32,33,34,35,36,37,38,39,40,41,42,43,44,45,46,47,48,49,50,51,52,53,54,55,56,57,58,59,60,61,62,63,64,65,66,67,68,69,70,71,72,73,74,75,76,77,78,79,80,81,82,83,84,85,86,87,88,89,90,91,92,93,94,95,96,97,98,99,100,101,102,103,104,105,106,107,108,109,110,111
0,0.0,4.3152065,6.6761346,9.662411,12.194971,14.642912,17.514095,21.232225,24.60404,28.285322,30.607185,36.156902,32.71785,30.998848,26.359688,24.60491,20.84808,19.525028,16.382914,14.283888,13.582802,10.963496,15.201457,14.74848,17.62404,20.148872,17.743065,20.232622,20.505892,21.590736,23.89183,23.439648,28.317541,27.657345,31.86624,33.007523,36.08062,36.523777,33.28602,32.675583,29.755537,29.85398,27.31162,26.337362,26.319395,23.422342,26.51672,24.399675,24.204054,28.042767,30.250376,29.19556,32.432148,35.222797,37.04884,37.064137,33.33377,37.359825,35.588158,40.05818,33.749886,36.34325,35.85174,37.019085,38.53005,33.987743,37.690536,38.922905,35.094967,38.065067,33.35344,36.934685,31.82415,36.362038,34.35298,36.227497,37.77812,34.44644,39.615173,36.412323,38.996014,41.236088,36.544533,33.036674,29.281164,28.515678,23.339497,20.523222,17.907883,15.5592,16.494287,16.034998,20.304052,22.134104,23.329247,26.353798,27.424543,32.51731,32.364506,37.090046,35.235245,32.39799,33.962994,38.61813,41.91201,39.052235,36.135487,34.63017,29.354265,28.79142,24.536226,23.87616
1,4.3152065,0.0,5.3500686,6.3949594,8.627363,12.2373905,14.01781,18.48702,21.310547,25.533037,27.46104,33.092037,30.153738,28.30533,24.120628,21.715847,18.321898,16.279533,13.416595,10.659218,10.439035,7.881359,12.193286,12.399895,14.78863,17.112663,13.827679,16.599941,16.599463,18.113953,20.11175,20.451292,25.205826,25.281961,29.216736,30.763958,33.686913,33.758198,30.475687,29.520437,26.69851,26.265818,23.71673,22.39628,22.549723,19.298267,22.665703,20.688488,20.347273,24.44698,26.432907,25.088598,28.614902,31.43623,32.987232,33.024086,29.141966,33.19845,31.403006,35.975647,29.69488,32.518814,32.15967,33.615356,35.252277,30.953825,34.96261,36.355335,32.831783,35.97392,30.873161,34.175266,28.671791,33.195747,30.832188,32.737774,34.046505,30.51191,35.695206,32.315536,34.928402,37.11437,32.46327,28.862669,25.100168,24.373682,19.110601,16.499168,13.834278,11.570515,12.945029,13.07626,17.062836,18.533026,19.475712,22.376673,23.224457,28.390852,28.322382,32.977947,31.00741,28.222948,29.981321,34.60054,37.944717,35.291927,32.338036,31.233679,25.683327,25.56091,21.234533,21.097586
2,6.6761346,5.3500686,0.0,5.2860584,6.7929206,8.586725,11.57227,14.716417,18.39751,21.712637,24.318403,29.713398,26.32044,24.87545,20.066084,18.608559,15.097191,13.940293,11.854316,10.235883,11.542977,10.575984,15.262519,16.582014,19.074379,20.912498,17.05591,18.824493,17.73603,18.7955,19.779202,20.002228,23.523521,23.356028,27.043344,28.162851,31.614317,31.932846,29.32229,28.404072,26.395031,25.841969,24.585331,22.910723,24.48411,21.632156,25.476706,24.262833,23.565903,28.148687,29.672487,27.466228,31.674538,34.69251,35.515537,35.593372,31.09383,35.013897,32.735497,37.08326,30.331034,33.26076,32.337757,34.195606,34.75673,30.753054,34.222076,35.044308,31.26904,33.6781,28.592363,31.7416,26.688175,30.731823,28.85116,30.339357,32.074028,28.992981,33.99682,31.253534,33.810547,36.40022,31.688417,28.502636,24.576803,24.349482,19.074924,16.19962,14.858088,13.977412,14.796825,14.103193,17.559664,19.58338,19.187092,22.944027,23.282305,28.210337,27.375721,32.331455,30.655481,27.610493,28.515594,33.233116,36.520832,33.21299,30.322407,28.443077,23.420835,22.427038,18.289822,17.288683
3,9.662411,6.3949594,5.2860584,0.0,3.8010786,6.320393,8.881372,12.712556,15.385785,19.733957,21.368496,27.11828,24.010687,21.983988,18.072523,15.3728895,12.014326,9.956717,7.2773066,5.0182447,6.675018,6.713784,11.0298605,13.364622,15.578533,16.838701,13.012692,13.825539,12.525809,13.5340185,14.696705,15.082351,19.052969,19.368155,23.034172,24.643528,27.682945,27.678759,24.732868,23.661535,21.417528,20.77504,19.301123,17.725445,19.347092,17.109123,20.820513,20.471577,20.27042,24.700523,25.587395,23.80295,28.364075,30.896608,31.481207,31.242481,26.565962,30.262243,27.851315,32.00532,25.235188,28.01651,27.143053,28.959564,29.772844,25.767225,29.535055,30.651255,27.174908,30.059143,24.733698,27.869223,22.4172,26.860506,24.696714,26.638783,28.208412,25.079363,30.40917,27.563053,30.47738,33.165073,28.614006,25.151396,20.900045,21.3199,15.400181,13.655796,12.498642,11.827169,13.812477,14.402352,17.184086,18.30427,17.240263,20.61203,19.974749,25.19385,24.353592,29.1793,26.826027,23.517864,24.93838,29.821865,33.506565,30.432528,27.295933,26.406618,20.645458,20.451973,16.323715,15.993868
4,12.194971,8.627363,6.7929206,3.8010786,0.0,5.9303055,5.443467,10.34256,12.746132,17.213217,18.977493,24.550814,22.109774,20.420225,16.655287,13.845177,11.344048,8.550105,7.922511,5.403395,8.956587,9.490344,13.142196,15.7346525,17.185944,18.250065,13.166858,14.570785,12.397762,14.0714855,13.838128,15.780408,18.512777,19.847265,22.818863,24.655787,27.819813,27.460032,24.938393,23.367188,21.813854,20.168808,19.396524,16.934416,19.415724,16.332928,20.644796,20.202284,19.26884,24.155964,24.969296,22.120695,26.995852,29.932636,30.008825,30.070484,25.155844,28.96921,26.489067,30.862324,24.066448,27.401695,26.561172,29.031078,29.54665,26.133837,29.985298,30.98568,27.80907,30.385479,24.656332,27.188107,21.478195,25.391136,22.898037,24.402912,25.766983,22.397306,27.47839,24.563435,27.25326,29.9066,25.273697,21.989859,17.886705,18.12931,12.514938,10.313438,9.926316,10.377244,11.856899,12.265361,14.355186,15.551806,13.812917,17.530344,16.915459,21.943306,20.96742,25.886986,23.936275,20.82237,21.909132,26.667088,30.139647,27.052797,24.03213,22.913624,17.282999,17.10724,12.8491335,12.930486
5,14.642912,12.2373905,8.586725,6.320393,5.9303055,0.0,6.9448743,7.321588,10.965012,14.230433,16.366331,21.940094,18.139935,16.377703,11.907637,10.129505,6.5486975,6.238066,5.7500587,6.872018,10.093433,11.978729,15.566061,18.733728,20.838732,21.438084,17.517889,16.819525,14.251315,14.33751,13.800094,13.951335,15.656355,15.804641,18.904894,20.048204,23.691774,23.914528,21.9555,20.912193,19.971176,19.165821,19.702124,17.832094,21.304756,20.054846,23.936949,24.721495,24.329597,28.973125,29.127354,26.636356,31.877659,34.36241,34.013474,33.69671,28.388092,31.64676,28.638699,32.21863,25.05215,27.753452,26.10121,28.3903,27.694485,24.261808,27.214918,27.572702,23.933834,25.85581,20.47973,23.322361,18.50299,22.31523,20.876286,22.389652,24.577978,22.282953,27.402637,25.586744,28.549522,31.818523,27.412975,24.54133,20.09809,21.588573,15.856418,14.607847,15.353873,16.187878,17.714176,17.844114,19.617226,20.903992,18.058426,22.047174,20.309874,25.022163,23.106874,28.100204,25.875088,22.158897,22.478836,27.47763,31.234785,27.35754,24.230978,22.766096,17.573347,16.406696,12.878456,11.354108
6,17.514095,14.01781,11.57227,8.881372,5.443467,6.9448743,0.0,6.421105,7.8102026,12.476866,14.112504,19.46728,17.827105,16.495089,13.3706045,10.351123,9.561701,6.2924128,8.945647,7.79517,12.308365,13.900407,16.620993,19.818207,20.638031,21.07729,15.442255,16.157019,12.805766,14.520711,12.171703,15.643389,16.155449,18.719254,20.55791,22.602612,25.85319,25.076973,23.334358,21.221224,20.881613,18.117573,18.891321,15.540533,19.614065,16.636272,21.26795,21.60441,20.193024,25.283035,25.434052,21.518158,26.985315,30.012094,29.079828,29.273737,23.873987,27.418627,24.583202,28.762997,21.881924,25.637337,24.53214,27.806015,27.484663,24.99595,28.630526,29.311085,26.573969,28.586803,22.493153,24.141747,18.375433,21.434835,18.74358,19.667797,20.957956,17.652714,22.45728,19.919035,22.513617,25.464483,20.887657,18.04151,13.912768,14.877408,9.726058,8.114324,10.146445,12.450263,13.445069,13.82954,14.233391,15.122071,11.363484,15.463928,13.7745695,18.286434,16.53308,21.58824,19.906275,16.726229,17.023306,21.766308,25.196894,21.785065,18.78886,17.535591,11.947989,11.723894,7.513729,8.197144
7,21.232225,18.48702,14.716417,12.712556,10.34256,7.321588,6.421105,0.0,4.971015,7.0864024,9.885841,15.032579,12.057708,11.202093,7.18104,6.0499697,6.2279687,6.2419753,10.199268,11.554479,15.713006,18.088387,20.85863,24.450024,25.747478,25.854605,21.024277,20.204866,16.539425,16.89572,13.8348255,15.9683895,14.1887865,16.122095,17.239416,18.522835,22.38353,22.037533,21.44984,19.662798,20.594559,18.27189,20.85694,17.932186,23.09552,21.674469,25.916754,27.246738,26.164562,31.0709,30.65517,26.860914,32.597713,35.298733,33.811253,33.748997,28.014755,30.929775,27.589512,30.878128,23.803255,27.008337,25.029417,28.385628,26.474827,24.461344,26.98682,26.79036,23.835497,24.699097,18.8819,20.221607,15.624816,17.781986,16.34891,16.715517,19.013348,17.178167,21.5975,20.651924,23.295948,26.917795,22.755754,20.754358,16.66424,18.893587,14.420779,13.741905,16.463255,18.860683,19.745415,19.692415,19.86243,20.958456,16.371607,20.546488,17.914772,21.547976,18.634329,23.55862,21.946518,18.343773,17.230877,21.972086,25.472826,21.006767,18.08195,15.989523,11.649775,9.559778,7.037889,4.73397
8,24.60404,21.310547,18.39751,15.385785,12.746132,10.965012,7.8102026,4.971015,0.0,6.067404,6.316265,11.898723,10.700342,9.455683,8.434057,5.127708,8.05912,6.678914,11.60234,12.737132,16.880363,19.607586,21.401768,25.273754,25.909836,25.499233,20.6027,19.318073,15.236611,15.757167,11.395784,15.036647,11.845749,15.525982,15.508612,17.569443,20.809547,19.680178,19.328745,16.874475,18.511934,15.073581,18.482656,15.046528,20.92475,19.816458,23.89423,25.895727,24.813328,29.483692,28.450918,24.44411,30.386633,32.799404,30.68792,30.558228,24.6835,27.217203,23.725456,26.75259,19.87442,23.300444,21.357122,25.265396,23.213236,22.012228,24.736166,24.712233,22.551138,23.561007,17.37256,17.793756,12.592709,14.277938,12.0122795,12.289605,14.214935,12.220882,16.798183,15.957981,18.836111,22.641111,18.76455,16.897846,12.794448,15.9868355,12.04014,12.868623,16.302843,19.225643,20.34824,20.938194,20.229925,20.53238,15.218982,18.718636,14.9649,18.141794,14.872473,19.519815,17.539913,13.7877245,12.508183,17.365335,21.188177,16.883924,13.710435,12.897832,7.7541313,7.12304,5.7190084,6.0635104
9,28.285322,25.533037,21.712637,19.733957,17.213217,14.230433,12.476866,7.0864024,6.067404,0.0,5.0002117,8.379692,6.3502135,7.434572,6.235176,7.4320097,10.679167,11.584255,16.150797,17.923546,21.982294,24.704414,26.916832,30.764015,31.705538,31.382105,26.547798,25.179031,21.145147,21.214201,16.930994,19.517555,14.925267,17.682299,16.734564,17.72662,21.475548,20.783014,21.808046,19.737068,22.421879,19.426207,23.750113,20.613441,26.71538,25.861565,29.903822,31.923567,30.651648,35.4203,34.386047,30.04383,35.97873,38.531414,36.09666,36.0681,30.171473,32.417477,28.816011,31.322802,24.721876,27.829721,25.423,29.376146,26.083878,25.51536,27.151136,26.238981,24.036304,23.603458,18.09398,17.710253,14.485224,14.165425,13.546693,12.295499,14.9958,14.675815,17.754025,18.54281,20.7677,24.796976,21.387148,20.61177,17.291075,20.395174,17.551498,17.801817,21.476654,24.532808,25.147686,25.072475,24.21394,25.003918,19.471497,23.218134,19.743912,21.877455,17.993254,22.245747,21.16655,17.841095,15.014247,19.006039,22.159746,16.942652,14.4772835,11.843358,9.944302,6.6791425,8.058642,5.9985657
10,30.607185,27.46104,24.318403,21.368496,18.977493,16.366331,14.112504,9.885841,6.316265,5.0002117,0.0,5.9692435,6.0190763,5.640201,8.404879,7.2295012,11.625767,11.909226,16.56995,18.443037,22.19222,25.267076,26.635199,30.712421,31.258669,30.438293,26.033903,23.882853,19.761686,19.581245,14.71888,17.74964,11.97631,15.928638,13.930021,15.6325035,18.620043,17.231384,18.520079,16.031654,19.395931,15.862153,20.950485,17.878225,24.32162,24.322977,27.887499,30.712723,29.787636,34.12295,32.445347,28.465897,34.469856,36.475735,33.62875,33.320415,27.403265,29.079983,25.315607,27.226465,20.906437,23.77257,21.235199,25.431488,21.837793,21.996334,23.601854,22.812109,21.35595,21.139584,15.42195,14.196951,10.666731,9.718847,8.655567,7.390443,10.291916,10.663368,14.004603,15.321687,18.013754,22.26997,19.38279,18.636387,15.310589,19.394287,16.744997,18.34881,22.12814,25.244717,26.328735,26.919333,25.731993,25.820248,20.071169,23.059044,18.595182,20.434437,16.428162,20.119047,18.259102,14.67527,11.910242,15.967513,19.704714,14.791387,11.977487,11.59876,9.004035,8.01097,9.918196,9.737151
11,36.156902,33.092037,29.713398,27.11828,24.550814,21.940094,19.46728,15.032579,11.898723,8.379692,5.9692435,0.0,6.7429805,8.745883,12.42526,12.933305,17.227777,17.851093,22.50849,24.367361,28.160036,31.210003,32.540077,36.615196,37.01299,36.107674,31.57797,29.524696,25.385468,25.229328,20.179724,23.234682,16.723806,20.498123,17.44177,18.582119,21.179073,19.666445,22.1647,19.740995,23.95469,20.292133,25.921976,22.843018,29.382793,29.379234,32.843845,35.751644,34.55914,38.827187,36.95432,32.528065,38.442894,40.470192,37.049294,36.89747,31.118626,32.34127,28.631668,29.95536,24.461214,27.176973,24.561005,28.984879,24.571777,25.86333,26.692059,25.353575,24.575758,23.256317,18.462181,15.785785,14.3098545,10.762492,10.911271,7.4441576,9.988494,12.230668,13.017759,16.202892,17.956388,22.193861,20.252314,20.753086,18.55792,22.555832,21.300762,22.880877,26.989935,30.40182,31.122839,31.481123,29.77084,29.854061,23.864515,26.56116,22.13463,22.642378,18.290548,20.989985,20.058138,17.344788,13.319665,15.713668,18.51568,13.230971,11.591053,10.74214,11.64361,10.248808,13.811688,13.584461
12,32.71785,30.153738,26.32044,24.010687,22.109774,18.139935,17.827105,12.057708,10.700342,6.3502135,6.0190763,6.7429805,0.0,3.8875284,6.7748623,9.280321,12.825407,15.011824,19.032347,21.70774,25.15569,28.326548,30.104574,34.190056,35.29467,34.567574,30.62261,28.025581,24.103102,23.211414,19.042582,20.275023,14.165766,16.146563,13.838113,13.970278,17.58118,17.188082,19.557718,18.025719,21.77412,19.561245,24.916166,22.588978,28.888723,29.518044,32.938244,35.89206,35.186794,39.557697,37.92929,34.265156,40.275166,42.21149,39.496784,39.03439,33.108513,34.61744,30.74936,32.159718,25.873137,28.017225,24.971527,28.595827,23.985731,24.108374,24.463299,22.736504,20.847618,19.181679,14.589853,13.29976,12.481942,10.563799,12.179677,10.773269,14.423699,16.181879,18.69241,20.932495,23.352394,27.644188,25.015898,24.56549,21.310427,25.23515,22.320871,23.400822,26.973019,29.840633,30.87656,31.072628,30.31987,30.867462,25.253445,28.63294,24.460787,26.302275,22.203732,25.779766,24.14596,20.604168,17.639381,21.184399,24.51258,19.247004,17.007092,15.510544,14.520081,12.128533,14.163566,12.263054
13,30.998848,28.30533,24.87545,21.983988,20.420225,16.377703,16.495089,11.202093,9.455683,7.434572,5.640201,8.745883,3.8875284,0.0,6.033524,6.7012854,10.365775,12.5573225,16.263405,19.184551,22.284676,25.645926,27.074299,31.242441,32.35301,31.444826,27.99022,24.838512,21.039244,19.7849,15.833921,16.576868,10.33888,12.408666,10.161921,10.781666,14.362075,13.882465,15.80902,14.323457,17.922606,16.028467,21.36554,19.41189,25.593018,26.849796,29.964104,33.27314,32.981567,37.107204,35.297054,32.240635,38.235527,39.829113,37.314846,36.582397,30.675928,32.08155,28.15641,29.434605,22.973871,24.798758,21.654757,25.024115,20.576561,20.334934,20.867582,19.384884,17.361238,16.358593,11.158906,10.492969,8.879167,8.301693,9.836653,9.8161955,13.595774,15.087098,18.561245,20.275034,23.233263,27.53417,24.79924,23.783573,20.075779,24.29249,20.698448,22.246698,25.51103,28.103182,29.573095,30.15814,29.663254,29.958012,24.542463,27.729912,23.266212,25.650568,21.817585,25.484406,23.083714,19.13326,17.014795,21.074419,24.964401,20.097338,17.3773,16.979778,14.470732,13.014468,14.181318,12.698916
14,26.359688,24.120628,20.066084,18.072523,16.655287,11.907637,13.3706045,7.18104,8.434057,6.235176,8.404879,12.42526,6.7748623,6.033524,0.0,5.4686885,7.019343,10.247931,13.557403,16.472153,19.782671,22.755407,25.129814,29.016684,30.633675,30.303448,26.512552,24.16974,20.546618,19.585686,16.467163,16.738653,12.757158,13.388158,13.390243,13.463877,17.812336,18.114016,18.92149,17.826723,20.020638,18.66945,22.729017,20.678032,26.34073,26.659101,30.26783,32.673283,32.154354,36.69423,35.62844,32.40474,38.30688,40.428097,38.546783,38.05803,32.168884,34.315216,30.582342,32.730637,25.780603,28.014513,25.193102,28.248976,24.724682,23.25421,24.303741,23.095837,20.032026,19.47582,14.429592,15.458371,13.061185,14.12901,14.774357,14.92144,18.311108,18.472986,22.370697,23.082867,25.880781,29.983538,26.514082,25.0992,21.101168,24.402018,20.183428,20.471758,23.332102,25.622412,26.809425,26.854008,26.987495,27.934868,22.9995,26.884718,23.38856,26.447441,22.89957,27.299154,25.339863,21.417145,19.57422,24.027039,27.68156,22.651936,19.894823,18.015615,15.11895,12.527374,12.374123,9.485899
15,24.60491,21.715847,18.608559,15.3728895,13.845177,10.129505,10.351123,6.0499697,5.127708,7.4320097,7.2295012,12.933305,9.280321,6.7012854,5.4686885,0.0,4.489212,5.88255,9.866235,12.541955,15.900395,19.117588,20.840122,24.91074,26.113083,25.510393,21.777521,19.140392,15.362761,14.54497,11.030368,12.229383,8.568651,10.896901,11.273027,12.877083,16.484922,15.993932,15.70557,13.99201,15.673155,13.683437,17.478525,15.219554,20.953402,21.439093,24.906769,27.606712,27.318417,31.634138,30.333063,27.432125,33.337864,35.189873,33.35619,32.727257,26.860544,29.004436,25.299864,27.622799,20.551485,22.958082,20.408697,23.60482,20.9083,19.19271,21.239063,20.851164,18.138947,18.999199,12.982607,14.2936125,9.731299,12.383843,11.535786,12.791553,15.635433,14.882547,19.697021,19.532698,22.790314,26.772728,23.207397,21.19961,16.828657,20.42356,15.693034,16.808712,19.536951,21.78,23.445133,24.163553,24.177427,24.548378,19.688375,23.10627,19.16649,22.673952,19.494547,23.889677,21.214474,17.02214,16.170145,21.06492,25.215109,20.819883,17.602453,17.178375,12.537849,11.615618,10.584162,9.407294
16,20.84808,18.321898,15.097191,12.014326,11.344048,6.5486975,9.561701,6.2279687,8.05912,10.679167,11.625767,17.227777,12.825407,10.365775,7.019343,4.489212,0.0,4.53684,6.582908,9.883509,12.815824,15.914322,18.189625,22.07303,23.847656,23.57751,20.279768,17.70753,14.466215,13.372399,11.49647,11.036433,10.121542,10.41436,12.694061,13.812114,17.595604,17.786135,16.589163,15.579335,15.882825,15.131897,17.54495,15.924498,20.699104,21.164055,24.57348,26.857004,26.857515,31.169277,30.30292,27.979921,33.658913,35.538525,34.39334,33.68988,28.014076,30.48991,26.977922,29.599142,22.374622,24.531387,22.159328,24.633125,22.647232,19.836756,22.052055,21.893568,18.430695,19.822035,14.242938,16.844967,12.500302,16.15222,15.466594,17.17324,19.91077,18.73398,23.82704,23.079489,26.378613,30.151842,26.274223,23.804585,19.20922,22.164066,16.655327,17.056755,18.912449,20.446255,22.302267,22.907812,23.762964,24.454016,20.38834,24.037773,20.787964,24.972612,22.285545,26.94396,24.182491,19.988382,19.805819,24.848158,28.98749,24.758232,21.506365,20.748047,15.770577,14.676095,12.537159,10.84567
17,19.525028,16.279533,13.940293,9.956717,8.550105,6.238066,6.2924128,6.2419753,6.678914,11.584255,11.909226,17.851093,15.011824,12.5573225,10.247931,5.88255,4.53684,0.0,4.928535,6.7220182,10.474674,13.468742,15.412161,19.344738,20.560717,20.277842,16.278078,14.31906,10.74194,10.68273,8.319237,10.111536,10.33193,12.433287,14.5543165,16.639776,19.756643,19.195522,17.311245,15.578389,15.291091,13.416057,14.993296,12.598826,17.30692,16.892529,20.62463,22.628521,22.417706,26.823076,26.046804,23.47956,29.153889,31.174513,30.081081,29.533047,23.897697,26.687468,23.362452,26.565207,19.339846,22.126749,20.33992,23.166267,22.222029,19.437239,22.673702,23.218904,20.309816,22.492783,16.471025,18.667568,13.034157,16.991442,14.964717,16.853292,18.812933,16.547934,21.950691,20.265272,23.592964,27.064962,22.99678,20.117619,15.427196,18.088161,12.285159,12.931551,14.71395,16.389725,18.41083,19.441803,20.058147,20.37817,16.439758,19.817793,16.6177,21.13685,18.908089,23.61139,20.735245,16.674099,17.216915,22.348415,26.516676,22.853119,19.488106,19.329248,13.451776,13.450041,10.531901,10.326351
18,16.382914,13.416595,11.854316,7.2773066,7.922511,5.7500587,8.945647,10.199268,11.60234,16.150797,16.56995,22.50849,19.032347,16.263405,13.557403,9.866235,6.582908,4.928535,0.0,4.072093,6.2378173,9.4722185,11.647261,15.490303,17.385279,17.295116,14.485922,12.012749,9.574688,8.794689,9.302042,8.475122,11.943318,12.230274,15.824592,17.649136,20.474258,20.410528,17.548918,16.583109,14.740032,14.472992,14.284253,13.16866,16.249126,16.472422,19.63629,21.484612,22.012283,26.023563,25.525433,24.179771,29.41726,31.102116,30.824057,29.996439,24.761166,27.633049,24.574568,27.769241,20.666763,22.808561,21.231588,23.044426,22.974548,19.097082,22.517664,23.449896,20.068241,22.9998,17.557152,20.794336,15.46914,20.303259,18.570772,21.058203,23.001808,20.711512,26.329,24.30008,27.75629,31.00182,26.899828,23.601177,18.865778,21.04284,14.723717,15.085358,15.476108,15.922869,18.49113,19.741632,21.324429,21.68618,18.925407,22.042915,19.429668,24.444548,22.818356,27.434128,24.209995,20.187416,21.506912,26.641506,30.905033,27.54842,24.14129,24.174925,18.14248,18.256815,14.994304,14.569917
19,14.283888,10.659218,10.235883,5.0182447,5.403395,6.872018,7.79517,11.554479,12.737132,17.923546,18.443037,24.367361,21.70774,19.184551,16.472153,12.541955,9.883509,6.7220182,4.072093,0.0,4.537957,6.8742194,9.347937,12.918085,14.429429,14.740924,10.9554205,10.086334,7.9408894,8.848403,9.711958,10.719385,14.747319,15.910686,19.256676,21.422226,24.011782,23.578142,20.440655,19.07581,16.832228,15.822891,14.468881,12.788752,14.986809,13.667614,17.259249,18.17971,18.409414,22.626999,22.636288,21.090527,26.101524,28.119175,28.20521,27.647934,22.663574,26.022291,23.35439,27.227295,20.35658,23.05084,22.134459,24.100958,24.972189,21.156149,25.20358,26.550947,23.501593,26.728973,21.124178,24.046495,18.195301,22.906902,20.44526,22.79025,24.177887,21.091745,26.668196,23.856997,27.108133,29.93511,25.637543,22.03736,17.49929,18.8072,12.436473,12.298467,11.882625,11.928462,14.660369,16.188545,17.961964,18.201674,16.199137,19.089931,17.213345,22.505955,21.520779,26.12922,23.117493,19.51257,21.345991,26.33377,30.380184,27.510216,24.183348,24.295052,18.008873,18.622705,14.823099,15.183549
20,13.582802,10.439035,11.542977,6.675018,8.956587,10.093433,12.308365,15.713006,16.880363,21.982294,22.19222,28.160036,25.15569,22.284676,19.782671,15.900395,12.815824,10.474674,6.2378173,4.537957,0.0,3.7186222,5.640558,9.270526,11.518091,11.835789,10.20237,8.296363,8.099915,8.087917,11.375935,10.355058,16.290392,16.416315,20.452326,22.519405,24.61607,24.432802,20.590296,19.80551,16.418259,16.70625,13.904053,13.6371155,14.033296,13.892792,16.398642,17.461426,18.712341,22.139393,22.184608,22.148207,26.596144,28.001856,28.780891,27.842793,23.37281,26.537819,24.14253,27.743736,21.237595,23.16343,22.464409,23.459328,25.14066,20.600866,24.754547,26.492079,23.337183,27.190125,22.154638,25.662254,20.100927,25.365175,23.116034,25.966343,27.33807,24.401245,30.125685,27.213932,30.628326,33.312344,29.178188,25.348248,20.86595,22.112654,15.744642,15.93752,14.596524,13.487581,16.699326,18.563326,20.882603,20.902906,19.792513,22.128044,20.42538,25.833012,25.233997,29.575583,26.13995,22.548838,24.941244,29.889168,34.088665,31.492584,28.103865,28.6429,22.230581,23.052258,19.33613,19.606209
21,10.963496,7.881359,10.575984,6.713784,9.490344,11.978729,13.900407,18.088387,19.607586,24.704414,25.267076,31.210003,28.326548,25.645926,22.755407,19.117588,15.914322,13.468742,9.4722185,6.8742194,3.7186222,0.0,4.736065,6.8151774,9.544409,10.83257,9.331935,9.492698,10.320648,11.116475,14.533476,13.942736,19.976088,20.056343,24.164627,26.161236,28.278866,28.12785,24.188583,23.410482,19.8119,20.032286,16.597166,16.280144,15.638186,14.382172,16.809603,16.616982,17.795397,21.12096,21.924665,22.113222,25.982292,27.617607,29.03135,28.302794,24.323679,27.811941,25.847548,29.822727,23.66024,25.73912,25.436916,26.28104,28.494566,23.880173,28.165106,30.039629,26.873934,30.789001,25.848581,29.37524,23.758083,28.95134,26.525978,29.242798,30.438221,27.160164,32.785686,29.48398,32.689014,35.065285,30.804066,26.856913,22.647835,23.103443,17.025509,16.499308,14.218857,12.162195,15.2988405,17.112957,20.01774,20.18072,20.14362,22.300356,21.525711,26.991425,26.864769,31.182158,28.035387,24.79814,27.359468,32.169662,36.146416,33.780544,30.493395,30.809996,24.458645,25.269852,21.267788,21.637968
22,15.201457,12.193286,15.262519,11.0298605,13.142196,15.566061,16.620993,20.85863,21.401768,26.916832,26.635199,32.540077,30.104574,27.074299,25.129814,20.840122,18.189625,15.412161,11.647261,9.347937,5.640558,4.736065,0.0,4.2851415,6.1692586,6.495721,7.480481,6.0481157,8.634925,9.310155,13.76169,13.112539,19.823757,20.270767,24.192638,26.592585,27.964676,27.480171,23.044144,22.257471,18.008314,18.455002,13.791625,14.306004,12.043646,11.955282,13.169883,13.763019,16.050476,18.409164,18.675001,20.24243,23.77002,24.581068,26.246475,25.098022,21.541061,24.69258,22.996828,26.713385,21.123936,22.717157,22.877983,23.191698,26.377722,21.679977,26.373352,28.78858,26.154312,30.665724,25.896849,29.339354,23.6157,29.053602,26.37223,29.50553,30.333103,27.022041,32.69197,29.18737,32.550312,34.719322,30.802336,26.662212,22.589668,23.288927,17.388918,17.977161,15.611743,13.449702,17.07675,19.637186,22.038467,21.428543,21.522432,22.808355,21.586142,26.971266,27.2112,31.040953,27.345383,24.219189,27.473389,32.104572,36.245216,34.41204,31.079397,32.324863,25.705704,27.245022,23.497028,24.406649
23,14.74848,12.399895,16.582014,13.364622,15.7346525,18.733728,19.818207,24.450024,25.273754,30.764015,30.712421,36.615196,34.190056,31.242441,29.016684,24.91074,22.07303,19.344738,15.490303,12.918085,9.270526,6.8151774,4.2851415,0.0,4.0772734,6.0612216,8.726815,9.37891,12.509033,13.459081,17.914488,17.254501,24.092009,24.305836,28.369442,30.66672,31.980726,31.58456,27.02136,26.36491,21.89365,22.505953,17.401484,18.06997,14.807884,14.000811,14.592531,13.789847,16.30554,17.988054,19.066885,21.362734,23.944101,24.702225,27.216274,26.18439,23.42616,26.703993,25.55409,29.425041,24.409922,25.910723,26.448677,26.410881,30.13249,25.33981,30.03627,32.595486,29.956017,34.57802,30.017889,33.564632,27.890072,33.333263,30.584322,33.67638,34.37731,30.859869,36.435146,32.635937,35.825226,37.684204,33.745502,29.52645,25.76152,25.809738,20.320898,20.408667,17.307377,14.312009,17.706642,20.22088,23.07112,22.498306,23.661572,24.62128,24.22395,29.546515,30.242573,33.944393,30.455349,27.669392,31.093199,35.56854,39.52536,37.945892,34.699722,35.836533,29.274736,30.811853,26.88292,27.823624
24,17.62404,14.78863,19.074379,15.578533,17.185944,20.838732,20.638031,25.747478,25.909836,31.705538,31.258669,37.01299,35.29467,32.35301,30.633675,26.113083,23.847656,20.560717,17.385279,14.429429,11.518091,9.544409,6.1692586,4.0772734,0.0,3.2460988,6.697326,8.602186,12.098423,13.840983,17.871502,18.398336,24.881992,25.956518,29.554562,32.2389,33.264896,32.42223,27.822893,26.767672,22.373724,22.276052,16.739876,17.125223,12.990125,11.394548,11.415176,9.996353,12.9742985,14.052251,15.209824,18.080292,20.198843,20.738935,23.526423,22.53376,20.270613,23.61162,22.915794,27.021536,22.63246,24.349726,25.455389,25.58865,29.926006,25.553782,30.634401,33.47412,31.34169,36.11836,31.328865,34.458942,28.474003,33.746723,30.543316,33.606155,33.83859,30.012974,35.38638,31.216883,34.260143,35.741356,32.01381,27.719915,24.358305,24.087383,19.182941,19.70216,16.427443,13.41554,16.895863,19.924086,22.238838,21.068708,22.610367,22.799995,22.550703,27.643187,28.834007,32.109066,28.595375,26.237743,30.079514,34.223026,38.03309,37.01189,33.879772,35.51722,28.93654,31.025814,27.208588,28.731562
25,20.148872,17.112663,20.912498,16.838701,18.250065,21.438084,21.07729,25.854605,25.499233,31.382105,30.438293,36.107674,34.567574,31.444826,30.303448,25.510393,23.57751,20.277842,17.295116,14.740924,11.835789,10.83257,6.495721,6.0612216,3.2460988,0.0,7.053401,6.7728395,10.749044,12.170387,16.368132,16.840483,23.29858,24.586056,27.94475,30.8052,31.44266,30.413954,25.697628,24.628471,20.100525,20.081629,14.183366,15.0591545,10.227027,10.08136,9.09421,9.376265,13.079703,13.633342,13.752325,17.358574,19.693468,19.554169,22.039984,20.632935,18.323723,21.263193,20.509003,24.265362,20.112045,21.459923,22.70338,22.603964,27.265839,22.991226,28.178854,31.213396,29.418629,34.379063,29.703701,32.70548,26.791994,32.098064,28.875597,32.14525,32.258087,28.60683,33.98418,29.932678,33.131344,34.659317,31.18998,26.896006,23.505987,23.753517,18.855915,20.171165,17.387293,14.929758,18.590017,21.829779,23.678894,22.185831,23.135202,23.081528,22.11716,27.090574,28.199717,31.226727,27.314243,24.875559,28.94626,33.023132,36.9974,36.122417,32.94733,35.096344,28.43497,30.817825,27.264263,28.935797
26,17.743065,13.827679,17.05591,13.012692,13.166858,17.517889,15.442255,21.024277,20.6027,26.547798,26.033903,31.57797,30.62261,27.99022,26.512552,21.777521,20.279768,16.278078,14.485922,10.9554205,10.20237,9.331935,7.480481,8.726815,6.697326,7.053401,0.0,6.684077,8.081644,11.442662,13.615814,16.42958,21.51419,23.882517,26.753836,29.7435,31.11754,29.832817,25.815052,23.987602,20.611567,18.886284,14.444927,13.003205,10.762871,6.173184,9.009959,7.5418177,8.722218,12.045758,12.878565,13.10809,16.707975,18.37651,19.917362,19.470083,16.043034,20.000618,18.870054,23.687796,18.659676,21.604198,22.60536,24.092522,27.668242,24.09339,29.343994,31.890718,29.969357,34.26459,28.758957,31.192953,24.740097,29.467419,25.797382,28.408607,28.370386,24.16529,29.352497,24.988283,27.863512,29.349161,25.460482,21.190636,17.864876,17.426937,12.569969,13.288813,10.36138,8.252018,11.990405,15.3829565,16.798258,15.302797,16.146336,16.3515,15.89121,21.056656,22.204584,25.598885,22.369368,20.150187,23.854006,27.908892,31.560905,30.572746,27.539923,29.158325,22.669338,25.036583,21.314613,23.379456
27,20.232622,16.599941,18.824493,13.825539,14.570785,16.819525,16.157019,20.204866,19.318073,25.179031,23.882853,29.524696,28.025581,24.838512,24.16974,19.140392,17.70753,14.31906,12.012749,10.086334,8.296363,9.492698,6.0481157,9.37891,8.602186,6.7728395,6.684077,0.0,4.1969666,5.691177,9.612458,10.781065,16.678604,18.60946,21.573885,24.622631,25.425303,24.207064,19.791029,18.356537,14.352211,13.683585,8.510791,8.789502,6.1665654,7.549443,8.460333,11.349071,13.891026,16.040426,14.9132595,16.486479,20.62043,20.909634,21.69082,20.232698,16.209635,19.018013,17.074785,20.689108,15.137955,16.90829,17.395264,18.19184,21.763235,17.72494,22.947546,25.670252,23.880247,28.54205,23.451185,26.18753,20.107084,25.354973,22.171553,25.47477,25.800694,22.437618,28.017986,24.452942,27.955317,30.06344,26.555223,22.408628,18.43679,19.828209,14.231561,16.388754,14.936417,13.9260025,17.68501,20.77095,21.98117,20.587652,19.759968,20.357143,18.002073,23.091616,23.356089,26.683294,22.461485,19.365454,23.119291,27.512451,31.79844,30.42154,27.098127,29.34752,22.632128,24.997793,21.780289,23.410809
28,20.505892,16.599463,17.73603,12.525809,12.397762,14.251315,12.805766,16.539425,15.236611,21.145147,19.761686,25.385468,24.103102,21.039244,20.546618,15.362761,14.466215,10.74194,9.574688,7.9408894,8.099915,10.320648,8.634925,12.509033,12.098423,10.749044,8.081644,4.1969666,0.0,4.087015,5.8175116,8.953733,13.548871,16.33924,18.814959,21.992943,23.166727,21.76336,17.883825,15.949125,12.937739,11.065381,7.6658287,6.0558047,7.1467795,7.60869,10.19501,13.194112,14.572982,17.681168,16.345934,16.14708,21.158829,22.026735,21.846687,20.68028,15.76481,18.654306,16.070854,19.808275,13.37567,15.926364,15.857738,17.724712,20.160234,16.667963,21.740305,24.049198,22.243578,26.419115,20.840883,23.185211,16.806744,21.793222,18.45495,21.547907,21.965954,18.581957,24.245699,20.8924,24.467657,26.900846,23.26545,19.270813,14.966249,16.92999,10.995141,13.54599,13.121284,13.22474,16.69755,19.531734,20.230358,18.96681,17.038843,18.111696,15.056574,20.156813,19.87456,23.481344,19.330233,15.883878,19.270332,23.866257,28.227942,26.506353,23.130548,25.265139,18.552788,20.902002,17.854788,19.581022
29,21.590736,18.113953,18.7955,13.5340185,14.0714855,14.33751,14.520711,16.89572,15.757167,21.214201,19.581245,25.229328,23.211414,19.7849,19.585686,14.54497,13.372399,10.68273,8.794689,8.848403,8.087917,11.116475,9.310155,13.459081,13.840983,12.170387,11.442662,5.691177,4.087015,0.0,5.506038,5.2280617,11.139321,13.005571,15.898861,18.938696,19.842684,18.74059,14.49371,13.141251,9.459906,9.20273,5.9302335,6.560282,7.966688,11.237953,12.641599,16.488808,18.412518,21.037413,19.312183,19.874712,24.774275,25.097315,24.848213,23.257668,18.40985,20.566187,17.678276,20.3831,13.845932,15.199586,14.409505,15.546218,17.561005,13.403814,18.256062,20.56157,18.536621,22.973577,17.772964,20.635763,14.741709,20.229788,17.596384,21.137505,22.049152,19.504555,25.282845,22.665525,26.491611,29.281437,25.87168,22.113838,17.636787,20.313898,14.341988,16.923248,16.814983,16.861797,20.325682,22.912184,23.848906,22.833166,20.537693,21.915977,18.42879,23.320953,22.528887,26.107365,21.65988,17.801374,20.836023,25.571451,30.191849,28.09478,24.614532,26.789423,20.20866,22.169174,19.449648,20.54964
30,23.89183,20.11175,19.779202,14.696705,13.838128,13.800094,12.171703,13.8348255,11.395784,16.930994,14.71888,20.179724,19.042582,15.833921,16.467163,11.030368,11.49647,8.319237,9.302042,9.711958,11.375935,14.533476,13.76169,17.914488,17.871502,16.368132,13.615814,9.612458,5.8175116,5.506038,0.0,6.8861284,8.296797,12.486966,13.845315,17.287176,18.518927,16.786892,13.678514,11.154739,9.848369,6.5258293,7.190201,4.4284363,9.974648,11.757659,14.273436,18.105642,18.92115,22.201777,20.17984,18.953333,24.541952,25.372051,23.989267,22.77478,17.193161,19.27999,15.827725,18.627993,11.437127,14.003751,12.744882,15.650618,16.219564,13.607256,18.157272,19.909864,18.359045,21.934301,15.987573,17.727116,11.166105,15.982933,12.719295,15.964524,16.728546,14.073033,19.879793,17.523499,21.40312,24.49926,21.14798,17.730251,13.123094,16.655106,11.094729,14.402053,15.697161,17.056417,19.970552,22.321356,22.32725,21.24282,17.696653,19.236816,14.83293,19.264082,17.831648,21.446476,17.074068,12.897031,15.485152,20.312796,24.992683,22.68762,19.19306,21.601913,15.130891,17.411825,15.27357,16.819056
31,23.439648,20.451292,20.002228,15.082351,15.780408,13.951335,15.643389,15.9683895,15.036647,19.517555,17.74964,23.234682,20.275023,16.576868,16.738653,12.229383,11.036433,10.111536,8.475122,10.719385,10.355058,13.942736,13.112539,17.254501,18.398336,16.840483,16.42958,10.781065,8.953733,5.2280617,6.8861284,0.0,7.44912,7.8641186,11.240404,13.967346,14.977368,14.404746,10.267404,9.706848,6.425083,8.196048,8.076613,9.400956,12.300131,16.268623,17.583408,21.711037,23.505651,26.229946,24.294369,24.603512,29.730495,29.97396,29.300245,27.580372,22.518982,24.103539,20.781158,22.477625,15.80731,16.267296,14.237685,15.089964,15.22451,10.762401,14.5878105,16.283947,13.66355,17.936735,12.937807,16.400864,11.324503,17.119255,15.642285,19.365316,21.062437,19.67283,25.372988,23.845032,27.811031,31.118174,27.883766,24.587936,19.947176,23.37953,17.4578,19.918478,20.529686,20.976336,24.178877,26.29889,27.254206,26.63459,23.572035,25.531437,21.553621,26.120691,24.5206,28.206966,23.766676,19.484102,21.60956,26.471762,31.254574,28.480412,24.964512,26.844973,20.716412,21.97212,19.819859,20.07783
32,28.317541,25.205826,23.523521,19.052969,18.512777,15.656355,16.155449,14.1887865,11.845749,14.925267,11.97631,16.723806,14.165766,10.33888,12.757158,8.568651,10.121542,10.33193,11.943318,14.747319,16.290392,19.976088,19.823757,24.092009,24.881992,23.29858,21.51419,16.678604,13.548871,11.139321,8.296797,7.44912,0.0,6.1028657,5.604038,9.1961355,10.584814,9.158577,7.5144067,5.5410075,7.6791615,6.7230315,11.665637,11.224079,16.625013,19.970348,21.8607,26.251957,27.213062,30.357523,27.968718,26.85596,32.515923,33.01916,31.115948,29.623281,24.04383,25.065088,21.189035,22.110231,15.427974,16.18564,13.044918,15.533948,12.589299,10.705973,12.954574,13.282426,11.409522,13.965262,7.787502,9.73338,3.9589908,9.697361,8.9341135,12.5942545,14.908835,14.937752,20.126986,20.04574,23.959648,27.79493,25.052137,22.662506,18.294449,22.760822,17.87973,20.769642,22.843937,24.493887,27.099651,28.83854,28.864952,28.29792,23.875988,26.05261,21.168552,24.682259,22.047987,25.451794,21.267315,16.802132,17.53108,22.152622,26.936617,23.60358,20.23553,22.264618,17.11944,18.110878,17.401144,17.498434
33,27.657345,25.281961,23.356028,19.368155,19.847265,15.804641,18.719254,16.122095,15.525982,17.682299,15.928638,20.498123,16.146563,12.408666,13.388158,10.896901,10.41436,12.433287,12.230274,15.910686,16.416315,20.056343,20.270767,24.305836,25.956518,24.586056,23.882517,18.60946,16.33924,13.005571,12.486966,7.8641186,6.1028657,0.0,5.1132665,6.4004245,8.43796,9.342111,7.3814955,8.4759,8.851133,11.454929,14.650937,15.607591,19.684227,23.614428,25.165651,29.391735,30.813656,33.839478,31.752308,31.39928,36.851505,37.21825,35.93536,34.24316,28.907057,29.985497,26.270933,26.965092,20.510279,20.35408,17.121822,17.997932,14.930026,11.664231,12.351791,11.99645,8.140721,10.862048,6.085314,10.659618,8.46513,13.428361,14.350435,17.631783,20.468868,20.891607,25.943296,26.055616,29.917814,33.79917,30.881947,28.385473,23.84343,27.944727,22.481628,24.651463,26.165543,27.197945,29.936773,31.425322,32.21619,32.078156,28.097006,30.696957,26.303146,30.22932,27.635761,31.326996,27.248396,22.76218,23.383694,28.077477,32.789566,29.114264,25.789051,27.010412,22.083338,22.178867,21.129435,20.193092
34,31.86624,29.216736,27.043344,23.034172,22.818863,18.904894,20.55791,17.239416,15.508612,16.734564,13.930021,17.44177,13.838113,10.161921,13.390243,11.273027,12.694061,14.5543165,15.824592,19.256676,20.452326,24.164627,24.192638,28.369442,29.554562,27.94475,26.753836,21.573885,18.814959,15.898861,13.845315,11.240404,5.604038,5.1132665,0.0,3.9382315,5.376603,5.19693,6.1390834,6.5216727,9.954061,11.099045,16.121939,16.526691,21.473047,25.44124,27.00083,31.615334,32.75925,35.773613,33.24798,32.39408,38.018497,38.299488,36.299362,34.63036,29.173647,29.73061,25.81494,25.830555,19.79452,19.528648,15.849073,17.457403,12.68932,11.478623,11.079738,9.765712,7.4314137,8.52509,2.1984093,5.590723,5.0929003,8.904193,10.924024,14.028663,17.024908,18.549572,22.955816,23.998646,27.750872,31.78568,29.408632,27.476904,23.318968,27.954014,23.289637,25.94762,28.136208,29.750174,32.287083,33.781357,33.935215,33.59979,28.994698,31.389751,26.450653,29.62506,26.628195,29.833523,25.822828,21.460943,21.459545,25.688925,30.323067,26.615414,23.510628,25.182692,21.025717,21.257742,21.208504,20.501078
35,33.007523,30.763958,28.162851,24.643528,24.655787,20.048204,22.602612,18.522835,17.569443,17.72662,15.6325035,18.582119,13.970278,10.781666,13.463877,12.877083,13.812114,16.639776,17.649136,21.422226,22.519405,26.161236,26.592585,30.66672,32.2389,30.8052,29.7435,24.622631,21.992943,18.938696,17.287176,13.967346,9.1961355,6.4004245,3.9382315,0.0,4.6708527,6.80978,8.82957,10.205097,13.16174,14.985505,19.67771,20.246119,25.009129,28.916609,30.556757,35.00523,36.139812,39.27768,36.91473,36.040817,41.68983,42.070023,40.170895,38.518734,33.053783,33.662746,29.751928,29.689169,23.728567,23.302597,19.56864,20.751373,15.657796,14.408712,12.809834,10.481754,7.326265,6.1803217,2.4323559,6.2926555,8.627031,10.925399,13.9712925,16.419176,19.789341,21.72569,25.811962,27.253794,30.862251,35.00671,32.59568,30.8336,26.667501,31.204966,26.462795,28.707916,30.895363,32.441357,34.86661,36.08081,36.452976,36.419655,31.786318,34.510593,29.749773,32.925827,29.73471,33.079437,29.331596,24.984566,24.550043,28.714376,33.188038,29.119873,26.154585,27.17911,23.537876,23.085766,23.18647,21.820936
