,0,1,2,3,4,5,6,7,8,9,10,11,12,13,14,15,16,17,18,19,20,21,22,23,24,25,26,27,28,29,30,31,32,33,34,35,36,37,38,39,40,41,42,43,44,45,46,47,48,49,50,51,52,53,54,55,56,57,58,59,60,61,62,63,64,65,66,67,68,69,70,71,72,73,74,75,76,77,78,79,80,81,82,83,84,85,86,87,88,89,90,91,92,93,94,95,96,97,98,99,100,101,102,103,104,105,106,107,108,109,110,111,112
0,0.0,4.143583,6.4478683,9.3602915,12.691666,14.660553,18.493107,24.168829,26.00901,29.501213,33.70371,35.738766,37.988007,33.582764,28.352436,27.199299,23.284508,23.58879,16.83126,17.939747,15.2890215,15.050766,14.019727,17.757328,20.126776,19.891743,21.905235,21.202421,25.39433,22.541615,30.606352,25.975203,32.969074,31.60728,33.794865,36.655743,34.463795,33.544315,29.829071,27.367052,30.72082,27.055069,31.134878,29.743505,25.26911,28.241129,24.09204,26.20643,24.715221,24.91199,28.368834,29.367857,34.098045,36.0822,37.234947,33.750202,34.10539,35.872353,40.048294,39.966843,36.60523,34.05513,38.842037,38.619137,42.510563,39.187286,35.12808,40.270576,36.91273,33.5371,33.830193,34.394352,30.739597,28.98229,29.379395,29.47641,29.488737,32.232292,31.26036,35.465256,35.99337,37.881847,39.13511,36.126728,32.416748,30.396328,27.581676,25.228952,21.771252,20.21022,19.52726,18.869875,23.616608,22.45702,24.424967,28.618294,28.002579,24.916395,24.634594,20.430956,22.474949,20.39388,22.54673,19.184958,23.930267,26.095156,24.418938,22.561552,20.537832,19.411343,19.573124,17.295778,20.808605
1,4.143583,0.0,4.646966,6.0939355,9.036571,12.225104,15.039254,21.232508,22.98988,26.281002,30.697783,32.872555,34.87945,30.178288,25.069883,23.565191,19.610994,19.687485,12.782929,13.82109,11.256226,11.196673,10.558824,14.035532,16.207146,15.970547,17.783833,17.188425,21.416424,18.826836,27.001446,22.690086,29.828249,28.885798,31.169313,34.262,32.42178,31.278435,27.461853,24.725279,27.770395,23.805222,27.713554,26.035494,21.59595,24.281933,20.265142,22.175348,20.866783,20.87764,24.304121,25.228668,29.978233,31.941486,33.11947,29.678143,30.016117,31.876476,35.97009,36.046715,32.793533,30.071655,34.86814,34.671993,38.61946,35.388046,31.31544,36.570698,33.460762,30.062828,30.724966,31.228699,27.752338,25.58191,26.192598,25.794825,26.08336,28.576984,27.59629,31.91047,32.13161,34.17284,35.232018,32.106533,28.410757,26.338594,23.638294,21.212023,17.919224,16.540989,16.201624,16.123732,20.943369,20.668844,23.055727,27.334366,27.097532,24.261143,24.337374,19.954212,21.231806,19.400282,21.271788,17.589,22.419025,24.909647,23.281424,21.020432,19.801744,17.426786,18.074091,15.322436,18.925997
2,6.4478683,4.646966,0.0,5.2474146,7.606023,8.629974,13.170759,18.150099,20.594254,23.67254,27.979671,30.42198,33.043743,28.7549,23.512522,22.164871,18.55007,18.57329,13.211457,13.823959,12.803424,11.9644,12.82792,16.24022,17.616663,17.853987,18.518164,17.820942,21.318237,18.894701,26.398478,21.99984,28.988575,27.434837,30.244717,32.823112,31.323359,30.682323,26.507893,23.82006,27.59396,23.987938,27.63524,26.23109,22.603775,24.864782,21.885662,23.457438,22.787096,21.826405,25.120098,25.544895,30.515228,31.807526,33.586918,30.434097,29.989197,31.795471,35.72804,35.5908,32.268097,29.35639,33.718315,33.20028,37.025505,33.977386,29.544819,34.38844,30.905708,27.518757,27.538183,28.028128,24.331831,22.776796,23.115454,23.600187,23.680702,26.70682,26.22674,30.593569,31.22046,33.665527,35.040604,32.085567,28.148676,25.73132,23.335798,20.210398,16.76918,14.481647,13.8597145,12.833766,17.627777,16.604654,18.643599,22.93385,22.83265,20.019844,19.867176,15.364575,16.643682,14.885437,16.979822,14.0786705,18.966606,21.558668,20.659336,18.676407,18.464876,16.334127,18.046295,16.127628,20.275204
3,9.3602915,6.0939355,5.2474146,0.0,3.8216615,7.174935,9.189021,15.499284,16.925884,20.409414,24.705729,26.783918,28.84132,24.298054,19.099232,17.858316,14.002269,14.554108,8.851747,10.834709,10.173002,10.7388115,11.980293,14.05454,15.229388,14.665718,14.720642,13.286742,16.745827,13.866016,21.540676,17.048996,24.13084,22.991096,25.549583,28.505259,27.02204,26.023783,21.95323,19.106853,22.509893,18.782818,22.518541,21.200312,17.55574,20.172346,17.356977,19.66916,19.596577,18.923859,21.983866,21.898617,26.861153,28.09408,29.597403,26.253016,25.7547,27.252083,31.506912,31.032785,27.577148,25.111814,29.864948,29.812305,33.499355,29.922106,26.07725,31.343403,27.898684,24.582596,25.342243,26.294643,22.808475,20.574303,22.091494,21.524002,22.793507,25.28044,25.033916,29.700716,29.384642,32.32031,33.004726,29.551985,25.764143,23.005806,21.307365,17.428993,15.034697,12.709357,13.532794,13.526393,18.274162,18.457586,20.55668,24.85311,25.525967,23.115398,22.911898,18.122791,17.940855,15.821154,16.932878,12.498422,17.188828,19.869612,18.279947,15.715377,15.687975,12.208866,13.970966,11.603709,15.70382
4,12.691666,9.036571,7.606023,3.8216615,0.0,6.061975,6.146705,12.735494,14.448321,17.378756,21.97812,24.431032,26.437424,21.657162,16.629154,14.802808,11.083576,11.064408,6.4224906,7.798067,8.693869,9.029039,11.472856,12.835223,13.162159,12.956262,12.003595,10.81448,13.801632,11.645025,19.009832,15.119434,22.226492,21.445526,24.33818,27.317392,26.464529,25.41985,21.18422,18.067225,21.239017,17.32171,20.556278,18.899208,15.803809,17.6023,15.598788,17.222569,17.662539,16.237503,19.114752,18.736525,23.778921,24.70003,26.52641,23.424494,22.573004,24.24083,28.24507,27.984812,24.6935,21.795618,26.33383,26.11561,29.879509,26.59193,22.46099,27.697382,24.474209,21.10394,22.092094,22.871023,19.575073,16.99879,18.623241,17.73712,19.24092,21.596521,21.522337,26.265846,25.803328,29.001434,29.636345,26.192614,22.343605,19.414108,17.994734,13.727591,11.565951,9.0567255,10.448718,11.0138035,15.508395,16.625507,19.036743,23.214964,24.240961,22.201628,22.388632,17.78409,16.81483,15.316147,16.11945,12.115945,16.54848,19.555061,18.488504,15.73334,17.099192,12.570701,15.2265415,12.905621,16.8164
5,14.660553,12.225104,8.629974,7.174935,6.061975,0.0,6.9528236,9.74013,12.533613,15.518449,19.556793,22.134321,25.259842,21.569223,16.344397,15.502931,12.742164,13.243229,11.801774,12.769901,14.586739,14.170492,16.95314,18.700945,18.67168,18.782074,17.015985,15.541283,17.144785,14.9375515,20.518349,16.251404,22.589561,20.431448,23.938927,25.903019,25.2465,25.135687,20.56556,17.90047,22.37493,19.540604,22.458664,21.710415,19.870188,21.485237,20.716206,22.31091,23.280342,21.218653,23.77948,22.76065,27.806475,27.792578,30.241003,27.521408,25.654573,26.93271,30.781128,29.880772,26.405092,23.749664,27.579538,27.031195,30.364157,27.090881,22.782522,27.243658,23.10627,19.879871,19.541578,20.670631,16.822544,15.691825,17.190374,18.048307,19.381573,22.570381,23.370691,28.028141,28.13712,31.810783,32.820198,29.659088,25.667645,22.356482,21.519207,16.456951,14.464542,10.567407,11.499974,10.0878525,14.115853,13.535237,14.77882,18.907299,20.349337,18.417654,17.805984,12.982156,11.416831,9.37932,10.109939,6.834337,11.459829,14.541229,14.519782,12.423168,15.022019,11.823627,15.561487,14.896276,19.19497
6,18.493107,15.039254,13.170759,9.189021,6.146705,6.9528236,0.0,7.632492,8.491252,11.456711,15.995027,18.414518,20.385088,15.73,10.7008295,9.04359,5.8514447,6.6843553,7.435571,9.20735,12.241804,13.033892,16.166279,16.105553,15.340534,14.8582735,11.74566,9.675918,10.335392,8.449046,13.870079,10.251984,16.91885,16.094654,19.427252,22.176788,22.094393,21.227701,16.821096,13.602467,16.925478,13.579087,16.044157,14.904134,13.622474,14.763663,15.017629,16.739998,18.673037,16.591288,18.565584,16.793253,21.712671,21.527767,23.755865,21.004168,18.941256,20.036797,24.088938,23.106602,19.63486,17.0848,21.410894,21.406828,24.749762,21.027237,17.260273,22.491024,18.883543,15.666251,17.025509,18.475725,15.4243555,12.60774,15.820675,14.466083,17.51569,19.546204,20.487888,25.345285,24.142025,28.298645,28.401657,24.713379,21.022835,17.36918,17.580153,11.696636,11.645184,8.405769,11.470332,12.237038,15.506546,17.322536,19.160566,22.89801,24.91125,23.5506,23.516659,19.07776,16.412203,15.007898,14.508983,10.365181,13.497232,16.570663,15.830011,12.897972,16.176203,10.62414,14.488535,13.147171,16.606909
7,24.168829,21.232508,18.150099,15.499284,12.735494,9.74013,7.632492,0.0,5.0568933,6.0470886,10.099193,13.454265,17.004984,14.057888,9.878615,9.404211,9.509751,10.04879,14.753916,15.322795,19.192896,19.15037,22.821774,22.899908,21.503223,21.605495,17.686092,16.033894,14.589467,13.9512,15.198492,12.762116,17.00314,14.884961,19.212128,20.401133,21.547758,21.839432,17.313236,14.835074,18.94431,17.279343,18.32179,18.164503,19.113314,19.108212,21.28725,22.219017,24.803087,21.768425,23.042406,20.459929,24.908352,23.198318,26.370096,24.570093,21.036617,21.64108,24.864277,23.26127,20.011768,17.590675,20.18344,19.55372,22.10197,18.86111,14.787263,18.5123,13.731294,10.8165655,10.462206,12.671446,9.298042,8.3721,12.283818,12.841222,16.176289,18.722567,21.037712,25.51412,24.742796,29.595606,29.982298,26.817057,23.224283,19.258312,20.575209,14.226891,14.920845,11.018733,13.613118,13.137752,14.43002,15.666483,16.19982,19.02756,22.05265,21.565462,21.15824,17.479847,13.159409,12.531446,10.748548,9.38377,10.082813,13.102856,14.449867,12.551798,18.12614,13.870759,18.626492,18.83532,22.14729
8,26.00901,22.98988,20.594254,16.925884,14.448321,12.533613,8.491252,5.0568933,0.0,5.024035,7.9970818,9.995951,12.776518,9.76003,5.235274,6.682224,7.6648836,9.803032,15.020643,16.699776,20.317888,21.174393,24.49401,23.866045,22.558893,21.910131,17.702055,15.236649,12.978614,11.799355,11.261438,8.680775,12.065388,9.903764,14.2066555,15.638034,16.942898,17.039694,12.6614685,10.268625,14.228058,13.336535,14.038013,14.768699,16.579096,16.994316,19.821352,21.664135,24.757591,22.348236,23.232859,20.089077,24.199253,22.345472,24.992992,23.026102,19.307936,19.069124,22.833002,20.259619,16.596987,15.520747,18.639223,18.967546,20.968113,16.463144,14.034074,18.255587,13.402401,11.091407,12.152056,15.223213,12.763069,11.148546,16.17193,15.3007765,19.683157,21.395565,23.703106,28.217182,26.480522,31.567656,31.187124,27.555918,24.351768,20.237537,22.269953,15.687494,17.480667,14.156893,17.402485,17.566896,19.14431,20.666943,21.170298,23.950584,27.044998,26.496906,25.847065,21.939137,17.69792,16.319113,14.061478,11.009158,10.692932,13.051244,13.2100525,10.989541,16.56987,11.826921,16.331934,16.930462,19.501402
9,29.501213,26.281002,23.67254,20.409414,17.378756,15.518449,11.456711,6.0470886,5.024035,0.0,5.128561,9.003598,11.974783,9.397171,7.325189,7.22015,9.899057,10.457276,17.457842,18.025171,22.302357,22.692858,26.40891,25.522963,23.603748,23.48767,18.795597,17.123243,13.950221,14.44812,12.190137,11.923219,13.853242,12.6368,16.923328,17.850468,20.231476,20.420294,16.48453,14.328925,17.191147,16.373068,15.868301,16.089737,18.84526,17.819138,21.664371,22.302784,25.701305,22.555851,22.908033,19.461285,23.109674,20.404604,23.702341,22.536415,18.122242,18.04137,20.786728,18.58645,15.621842,13.766298,15.439484,15.153615,16.914404,13.34139,10.163132,13.552542,8.48724,6.204499,7.5468044,10.762509,9.20097,7.6979423,13.161321,12.30302,17.011648,18.37902,21.293783,25.419777,23.676798,29.052048,28.713762,25.473997,22.478037,18.387777,21.098738,14.728184,17.178585,14.267005,17.403685,17.785654,18.087433,20.364832,20.883736,23.000902,26.414003,26.460735,26.272625,23.060987,18.39362,18.135904,15.880712,14.632172,13.922346,16.20957,17.41556,15.6230545,21.483877,16.830078,21.305246,21.638296,24.082258
10,33.70371,30.697783,27.979671,24.705729,21.97812,19.556793,15.995027,10.099193,7.9970818,5.128561,0.0,4.6532307,8.794236,9.176726,9.170069,10.865958,14.045996,15.18335,22.130728,23.039738,27.21136,27.756283,31.400661,30.429102,28.539572,28.21707,23.450104,21.503033,17.926632,18.196747,13.977353,14.230024,13.639571,11.689217,15.83597,15.44145,18.699554,19.58407,16.253664,15.077427,17.822775,18.441866,17.221342,18.502016,22.152224,21.237467,25.604752,26.578346,30.230114,27.25064,27.29849,23.537348,26.659445,23.417574,26.588465,25.76109,20.963251,20.066942,22.486462,19.316683,16.534527,16.105753,16.747179,16.81595,17.215647,13.358375,12.137206,13.849403,8.2873125,8.095068,8.42953,12.455151,11.775887,11.74039,16.864113,16.490093,21.151283,22.310802,25.573349,29.358633,27.448635,32.994675,32.41299,29.278597,26.64633,22.624523,25.788883,19.564135,22.254898,19.359451,22.370161,22.43745,22.395868,24.153048,23.967642,25.539062,29.285559,29.628702,29.024889,26.10499,21.130022,20.70675,17.875486,17.112968,14.924335,16.301186,17.847887,16.748106,22.888247,19.070232,23.365623,24.458376,26.491913
11,35.738766,32.872555,30.42198,26.783918,24.431032,22.134321,18.414518,13.454265,9.995951,9.003598,4.6532307,0.0,5.47789,8.50901,9.648052,12.762098,15.891482,17.836266,24.29625,25.894121,29.731243,30.734524,34.10787,32.93651,31.268764,30.474539,25.789871,23.346346,19.66706,19.346813,13.990101,14.222861,11.5884695,9.074585,12.672782,11.38282,15.195154,16.437674,13.849875,13.596284,16.00095,17.893631,16.346663,18.675465,22.76359,22.410467,26.88077,28.606813,32.410095,29.960865,29.897303,25.951418,28.804102,25.61002,28.23356,27.266691,22.553013,20.895536,23.647877,19.509718,16.528475,17.695045,18.590487,19.472763,19.183346,14.380753,15.092234,16.774052,11.797535,12.228783,12.9579115,16.991606,16.396229,16.221054,21.4744,20.729637,25.615387,26.558136,29.698751,33.52851,31.198025,36.76943,35.7782,32.384647,29.98732,25.961435,29.29745,23.013987,25.911577,23.050772,26.260115,26.3596,26.732351,28.226824,27.86061,29.521057,33.27043,33.469254,32.506603,29.361408,24.468395,23.426785,20.342844,18.817469,15.988985,16.596832,17.451769,16.63069,22.38782,19.09478,22.870962,24.504122,25.936491
12,37.988007,34.87945,33.043743,28.84132,26.437424,25.259842,20.385088,17.004984,12.776518,11.974783,8.794236,5.47789,0.0,6.150343,9.957461,12.996646,16.44322,18.502022,25.007343,26.864475,30.518564,32.019444,35.13471,33.28907,31.549189,30.370453,25.632511,23.102037,18.918728,18.95443,11.750135,13.631499,8.62264,8.561997,10.584019,10.079585,14.451635,14.759077,13.364453,13.347727,13.604938,16.172632,13.477047,16.257002,21.202007,20.592457,25.634378,27.532902,31.633305,29.64977,29.093733,24.890732,27.01929,23.76267,25.740849,24.934328,20.302786,17.86194,20.603289,15.698482,12.894038,15.648267,16.594011,18.480293,17.617455,11.908998,14.844275,16.862001,13.304274,14.148336,16.45139,20.116102,20.106457,18.876322,24.431383,22.41352,27.798388,27.93742,30.841188,34.553936,31.388481,36.92448,35.221996,31.581573,29.726015,25.883583,29.68416,23.757881,27.35522,25.148603,28.714441,29.474203,30.022436,32.2148,32.340874,34.202274,37.849033,37.95134,37.23733,33.868446,29.119036,27.97933,25.066,22.649473,20.352076,21.002043,20.87745,19.625893,24.58655,20.735567,23.804375,25.092472,25.66203
13,33.582764,30.178288,28.7549,24.298054,21.657162,21.569223,15.73,14.057888,9.76003,9.397171,9.176726,8.50901,6.150343,0.0,5.4076667,7.428387,10.948623,12.868095,19.391443,21.191057,24.78669,26.447762,29.456495,27.3466,25.560051,24.326761,19.569904,17.120726,12.7976265,13.230217,5.898076,8.744755,5.9522495,8.155177,10.633428,12.675346,15.686854,14.733822,12.412324,10.89282,10.5695095,11.405131,8.728881,10.564486,15.441288,14.541915,19.62265,21.391624,25.483456,23.59112,23.089834,18.955269,21.388386,18.622555,20.506178,19.262127,14.839667,12.804222,16.37759,12.120223,8.468132,10.415004,13.039809,15.126129,15.638785,9.420957,11.245613,15.296976,12.229606,11.808527,15.372121,18.480427,18.133795,15.579406,21.254614,18.24343,23.799671,23.710636,26.130598,30.094608,26.701838,32.058594,30.279793,26.3488,24.355482,20.49882,24.120935,18.277948,22.041834,20.266033,24.038385,25.361069,26.307144,29.119871,29.982325,32.340096,35.639904,35.44715,35.16752,31.495138,27.104858,26.037125,23.631378,20.472197,19.49928,20.989258,20.36304,18.256144,22.859175,17.787046,20.882887,21.207973,21.912518
14,28.352436,25.069883,23.512522,19.099232,16.629154,16.344397,10.7008295,9.878615,5.235274,7.325189,9.170069,9.648052,9.957461,5.4076667,0.0,4.4643583,6.728144,9.541972,15.18873,17.378036,20.790432,22.379053,25.36623,23.829416,22.418112,21.193476,16.734472,13.903689,10.612927,9.702658,6.3206205,5.0961637,7.2582927,7.2037473,10.784939,13.301292,14.954522,14.114233,10.411541,7.859075,9.9056,9.372672,9.050564,10.326087,13.378293,13.652578,17.399397,19.689404,23.291271,21.43813,21.750608,18.137413,21.65715,19.75183,21.770422,19.751265,15.989091,14.980845,19.190409,15.949582,11.985299,12.199552,15.969067,17.317745,18.971529,13.444327,12.786775,17.627605,13.692617,11.974005,14.736847,17.785046,16.271948,13.660663,19.158419,16.730484,21.853558,22.578655,24.689789,29.110826,26.379435,31.525703,30.33999,26.327387,23.652506,19.611477,22.309717,15.983586,18.859308,16.473772,20.183434,21.194696,22.826847,25.131464,26.045307,28.841782,31.88821,31.32952,30.892845,26.89567,22.815556,21.375563,19.198034,15.423912,15.130231,17.020424,16.125633,13.640695,18.244566,12.856117,16.425701,16.679808,18.149734
15,27.199299,23.565191,22.164871,17.858316,14.802808,15.502931,9.04359,9.404211,6.682224,7.22015,10.865958,12.762098,12.996646,7.428387,4.4643583,0.0,4.1357136,5.531438,12.509225,13.891858,17.734364,19.114676,22.30907,20.51278,18.705015,17.844145,13.050107,10.859078,7.116915,7.8537393,6.2220154,6.5367036,10.4154825,11.604976,14.809017,17.668467,19.236677,18.004805,14.374497,11.386976,12.522143,10.24454,9.943683,9.163554,11.724006,10.784079,14.755359,16.023743,19.679035,17.349258,17.58469,13.999326,17.772972,16.009628,18.366697,16.40222,12.676193,12.612139,16.590958,14.591927,11.056409,9.269522,13.482006,14.428888,16.980383,12.29781,10.129283,15.752244,12.69585,10.314479,13.838798,16.020267,14.703371,11.044256,16.304441,13.000947,18.18942,18.58728,20.447783,24.894749,22.082554,27.135347,26.008991,22.007067,19.220114,15.175016,17.875887,11.618688,14.871716,13.05265,16.905296,18.541077,20.003824,23.135963,24.687193,27.551323,30.370901,29.837261,29.976454,26.118631,22.270283,21.432009,19.784088,16.395393,17.11808,19.571228,19.008183,16.278242,20.65245,14.698251,18.283998,17.52713,19.283617
16,23.284508,19.610994,18.55007,14.002269,11.083576,12.742164,5.8514447,9.509751,7.6648836,9.899057,14.045996,15.891482,16.44322,10.948623,6.728144,4.1357136,0.0,3.8520842,8.616929,10.71795,14.105079,15.756975,18.703133,17.150368,15.794941,14.690692,10.382598,7.6731906,5.715711,4.7102766,8.163548,5.9766536,12.270971,13.071426,15.982677,19.315107,19.890606,18.399235,14.509753,11.126003,12.76094,9.269637,10.719433,9.36053,9.648502,10.011293,12.231046,14.177556,17.267607,15.386933,16.36327,13.522482,17.93336,17.291649,19.212444,16.534742,13.96734,14.4916525,18.86964,17.444006,13.864653,11.858211,16.72246,17.51727,20.562729,16.158611,13.542648,19.329542,16.3278,13.539647,16.464464,18.292044,16.285576,12.5589695,17.07068,13.982721,18.453892,19.25511,20.447994,25.161118,22.70153,27.2815,26.424131,22.304886,19.188457,15.322058,16.942387,10.814516,13.075816,11.159116,14.963048,16.673567,19.045704,21.907158,23.774635,27.110538,29.510578,28.541143,28.673649,24.469437,21.231482,20.034996,18.87828,14.701192,16.492264,19.169432,18.051655,14.992195,18.493439,12.228315,15.582912,14.196603,16.337431
17,23.58879,19.687485,18.57329,14.554108,11.064408,13.243229,6.6843553,10.04879,9.803032,10.457276,15.18335,17.836266,18.502022,12.868095,9.541972,5.531438,3.8520842,0.0,8.123314,8.50076,12.682502,13.770979,17.123425,15.421398,13.459075,13.088799,8.344935,7.0850086,5.1004596,6.754368,10.185874,9.613293,15.282049,16.453941,19.482584,22.679134,23.59049,22.117115,18.289349,14.939243,16.162518,12.394941,13.274768,10.859994,10.910294,9.701033,12.012906,12.286857,15.3421335,12.577321,13.505464,10.810238,15.485978,14.877536,17.308645,14.957549,12.441489,13.928967,17.595568,17.30691,14.38805,10.8352,15.312256,15.488113,19.124773,15.7978,11.9913645,17.806818,15.560055,12.494664,15.629439,16.625257,14.910564,10.579419,14.480849,10.750791,15.071157,15.623979,16.628181,21.345259,18.976807,23.497206,22.849545,18.888025,15.566966,11.679361,13.218923,6.972228,9.656216,8.407193,12.303519,14.638482,16.572948,20.243324,22.602203,25.812458,28.055204,27.23851,27.912676,24.04326,20.948181,20.481192,19.711338,16.43162,18.579636,21.52569,20.988237,18.031109,21.67329,15.510259,18.898775,17.07643,19.38381
18,16.83126,12.782929,13.211457,8.851747,6.4224906,11.801774,7.435571,14.753916,15.020643,17.457842,22.130728,24.29625,25.007343,19.391443,15.18873,12.509225,8.616929,8.123314,0.0,4.564741,5.7426972,8.201869,10.334016,9.181736,8.958384,7.6830187,6.086022,4.620386,8.714721,7.24829,15.372005,12.707099,19.75168,20.601366,22.868216,26.650457,26.094852,24.201105,20.502398,17.112097,18.486126,13.745404,16.643965,14.027035,10.245015,11.735769,9.263845,11.057326,11.954959,11.111299,13.715931,13.287431,18.149467,19.66257,20.816885,17.414505,17.294268,19.108534,23.235268,23.399742,20.39457,17.515734,22.631195,22.972414,26.845732,23.442417,19.989204,25.813025,23.565605,20.370226,22.782656,23.523235,21.066574,17.27123,19.683296,16.795069,19.28119,20.315226,19.858755,24.566557,22.872423,26.048021,25.77652,21.825647,18.411982,15.63744,14.670097,10.808063,10.307877,9.763424,12.340942,14.65134,18.351322,21.105114,23.945267,27.863392,29.136822,27.443684,28.07658,23.706293,22.170431,20.996578,21.230764,16.835184,20.50648,23.433931,21.85558,18.689013,20.034185,14.276184,16.239498,12.992526,15.615807
19,17.939747,13.82109,13.823959,10.834709,7.798067,12.769901,9.20735,15.322795,16.699776,18.025171,23.039738,25.894121,26.864475,21.191057,17.378036,13.891858,10.71795,8.50076,4.564741,0.0,4.7954316,5.359931,8.745321,7.738189,6.3126493,7.051523,5.437557,6.840165,10.054524,10.56778,17.576744,15.918527,22.633173,23.603151,26.26206,29.815722,29.754211,28.02896,24.18806,20.745535,22.090063,17.386631,19.576124,16.431053,13.308576,13.114776,11.221856,10.4854,10.914765,8.550792,11.498764,11.80888,16.740982,18.315664,20.011713,17.146477,17.076336,19.65142,22.93343,24.05127,21.603512,17.620863,22.04123,21.70719,25.957558,23.622974,19.250195,24.707064,23.058962,19.746975,22.01929,21.955965,19.750368,15.83338,17.137356,14.192421,15.759163,16.726835,15.790564,20.411867,19.218178,22.054815,22.301342,18.760622,15.059403,12.652367,10.750192,7.8718634,6.155287,6.9737396,9.0009985,12.114322,15.34794,18.894049,22.267155,25.980797,27.013329,25.507156,26.777786,22.90503,21.56347,21.264948,21.864738,18.63513,22.395752,25.562288,24.732286,21.72787,23.70056,18.09962,20.512728,17.41723,20.172071
20,15.2890215,11.256226,12.803424,10.173002,8.693869,14.586739,12.241804,19.192896,20.317888,22.302357,27.21136,29.731243,30.518564,24.78669,20.790432,17.734364,14.105079,12.682502,5.7426972,4.7954316,0.0,3.7903068,4.738595,4.1469135,5.2199163,5.1605005,7.3231435,8.544529,13.082253,12.611656,20.58795,18.384912,25.334557,26.34387,28.531933,32.378853,31.679695,29.69758,26.102299,22.753592,23.889574,18.967812,21.79186,18.66143,14.242205,15.1600485,11.193264,11.275838,10.002421,9.666423,13.096112,14.491493,18.985577,21.497597,22.385359,19.10375,20.138174,22.645727,26.158808,27.352102,24.862986,21.362822,26.14292,26.078829,30.319847,27.755743,23.792286,29.376429,27.737835,24.442839,26.660816,26.665564,24.28402,20.54654,21.604202,18.893793,19.94762,20.886396,19.348722,23.64377,22.608139,24.611528,24.85253,21.38465,18.025047,16.35396,13.679288,12.361021,10.149173,11.19051,12.207405,14.875658,18.669981,21.538414,24.978254,28.91421,29.437084,27.506065,28.705206,24.682121,24.174791,23.471506,24.452276,20.710707,24.905264,27.927685,26.527767,23.500364,24.216747,19.078094,20.49659,16.804024,19.323336
21,15.050766,11.196673,11.9644,10.7388115,9.029039,14.170492,13.033892,19.15037,21.174393,22.692858,27.756283,30.734524,32.019444,26.447762,22.379053,19.114676,15.756975,13.770979,8.201869,5.359931,3.7903068,0.0,4.188192,5.8858647,6.1504374,7.9690685,9.522135,11.329392,15.236885,15.253852,22.800999,20.688261,27.639528,28.290646,30.898895,34.433346,33.95596,32.28385,28.41261,25.044333,26.670444,21.888401,24.505547,21.372726,17.492584,17.783995,14.538877,13.542703,12.132174,10.617152,14.113852,15.783339,20.29432,22.529043,23.97209,21.128294,21.819971,24.626474,27.67442,29.19507,26.870258,22.805443,27.033167,26.420597,30.810308,28.863792,24.212145,29.378984,27.790926,24.400213,26.113182,25.640362,23.19654,19.798977,19.87763,17.851778,17.876518,19.23116,17.469412,21.618538,21.457933,23.155071,24.123972,21.191483,17.563469,16.134829,12.736611,12.063192,8.49758,9.762243,9.628769,12.266094,15.937095,18.808249,22.514513,26.341364,26.545166,24.62891,26.19357,22.5411,22.417131,22.260792,23.626192,20.790203,25.128374,28.283821,27.465887,24.634535,25.776365,20.935194,22.84274,19.467707,22.428036
22,14.019727,10.558824,12.82792,11.980293,11.472856,16.95314,16.166279,22.821774,24.49401,26.40891,31.400661,34.10787,35.13471,29.456495,25.36623,22.30907,18.703133,17.123425,10.334016,8.745321,4.738595,4.188192,0.0,4.632,6.9904075,8.051669,11.531054,13.216637,17.732027,17.308321,25.323793,23.014746,30.027857,30.8488,33.057983,36.847744,35.94503,34.029713,30.41657,27.130253,28.438782,23.5277,26.472502,23.301985,18.663748,19.555773,15.122329,14.58815,12.059909,12.129453,15.686371,17.995491,22.097841,25.007662,25.803223,22.696835,24.198896,26.954954,30.144665,31.758434,29.450874,25.724667,30.2479,29.89537,34.279243,32.146942,27.859915,33.19534,31.702902,28.34341,30.195024,29.81083,27.342113,23.92015,24.050335,21.905842,21.856623,22.97949,20.841137,24.667164,24.420359,25.484608,26.300186,23.401346,20.153282,19.226889,15.574537,15.736086,12.496123,13.926683,13.645798,15.96167,19.76928,22.205286,25.86683,29.773518,29.634445,27.456995,28.946741,25.247595,25.662897,25.191307,26.729128,23.476036,27.997551,31.014551,29.737064,26.883675,27.097775,22.598566,23.702696,19.944357,22.531704
23,17.757328,14.035532,16.24022,14.05454,12.835223,18.700945,16.105553,22.899908,23.866045,25.522963,30.429102,32.93651,33.28907,27.3466,23.829416,20.51278,17.150368,15.421398,9.181736,7.738189,4.1469135,5.8858647,4.632,0.0,3.4796133,3.7852948,8.217322,10.463371,14.890215,15.127799,22.727415,21.226204,27.859924,29.463915,31.358007,35.451355,34.796745,32.512928,29.213144,25.872454,26.271847,21.191586,23.725653,20.156374,15.494615,15.896001,11.280445,10.237556,7.454811,8.321141,11.736217,14.248533,18.02325,21.338348,21.650743,18.441063,20.484278,23.285505,26.398111,28.264048,26.230764,22.61704,27.289732,27.284142,31.61303,29.448751,25.676401,31.214056,30.244179,27.0624,29.637112,29.351082,27.336025,23.346304,24.117441,20.890066,21.641375,21.924997,19.741125,23.553223,22.30737,23.507881,23.545172,20.231153,17.361618,16.585203,13.3905,13.921521,11.992033,14.180519,14.887741,17.932142,21.298494,24.593634,28.286318,32.0848,32.392376,30.513456,32.039692,28.255177,27.936066,27.455364,28.50935,24.852873,29.004791,32.024467,30.532982,27.454678,27.946632,22.760561,23.773394,19.809496,21.73766
24,20.126776,16.207146,17.616663,15.229388,13.162159,18.67168,15.340534,21.503223,22.558893,23.603748,28.539572,31.268764,31.549189,25.560051,22.418112,18.705015,15.794941,13.459075,8.958384,6.3126493,5.2199163,6.1504374,6.9904075,3.4796133,0.0,3.6046865,6.178186,9.401222,13.057881,14.310704,21.143326,20.35012,26.69893,28.543459,30.650534,34.64348,34.46823,32.24159,28.868456,25.44897,25.690722,20.650011,22.621422,18.790325,14.880003,14.175298,10.726681,8.169042,6.1578016,5.1479874,8.698717,11.2555275,15.135441,18.247097,18.928022,16.045986,17.813656,20.89596,23.61598,25.82673,24.066742,19.99359,24.334822,24.14124,28.54016,26.793419,22.821066,28.206388,27.613203,24.505972,27.27499,26.768385,25.091248,20.903776,21.620983,17.974539,18.836922,18.738083,16.54836,20.386652,18.883497,20.322508,20.271225,16.897202,13.910848,13.144469,9.9760895,10.910968,9.452279,12.319046,13.308827,16.811823,19.598112,23.552092,27.329748,30.90797,31.463833,29.903849,31.638737,28.053894,27.273483,27.16844,28.021544,24.743952,28.61828,31.73931,30.602873,27.508587,28.769386,23.197636,24.760042,21.031708,23.009293
25,19.891743,15.970547,17.853987,14.665718,12.956262,18.782074,14.8582735,21.605495,21.910131,23.48767,28.21707,30.474539,30.370453,24.326761,21.193476,17.844145,14.690692,13.088799,7.6830187,7.051523,5.1605005,7.9690685,8.051669,3.7852948,3.6046865,0.0,5.1306477,7.3960037,11.647018,12.2381115,19.435452,18.432901,24.737305,26.809238,28.495502,32.7348,32.277756,29.802416,26.710722,23.370543,23.20388,18.091942,20.328066,16.593117,12.034866,12.1880865,7.638981,6.7848554,4.9866004,6.3074646,9.339509,11.245915,15.06796,18.351223,18.416445,14.9753275,17.060715,19.698029,23.014711,24.714668,22.697731,19.348558,24.263935,24.631401,28.808216,26.343283,23.084236,28.820423,27.992414,24.972454,28.028023,28.021818,26.25932,21.954428,23.49057,19.594936,21.277016,21.126612,19.332195,23.31623,21.22262,23.024105,22.375168,18.552647,15.870018,14.707335,12.520001,12.294003,11.748326,13.874003,15.51547,18.790709,21.93395,25.596401,29.119553,32.86258,33.62763,31.957924,33.318478,29.376694,28.406239,27.78817,28.38719,24.388208,28.151077,31.110985,29.466047,26.266634,27.061039,21.41488,22.474215,18.561094,20.07169
26,21.905235,17.783833,18.518164,14.720642,12.003595,17.015985,11.74566,17.686092,17.702055,18.795597,23.450104,25.789871,25.632511,19.569904,16.734472,13.050107,10.382598,8.344935,6.086022,5.437557,7.3231435,9.522135,11.531054,8.217322,6.178186,5.1306477,0.0,3.8971078,6.905901,8.709026,14.980686,14.629489,20.645172,22.847973,24.850378,28.891956,29.01851,26.716661,23.474556,20.064232,19.909437,14.968021,16.562147,12.727463,9.486147,8.400873,6.566139,5.3220572,7.1452804,5.613289,7.7167344,7.6204734,12.307502,14.5136795,15.341149,12.066616,12.831847,15.427966,18.867723,20.247202,18.116451,14.469147,19.401836,19.80361,23.909246,21.30935,18.012428,23.836084,22.963535,20.03092,23.374985,23.557678,22.048487,17.52773,19.769306,15.4061365,18.087778,17.772448,16.787853,21.125853,18.500969,21.431742,20.495262,16.310005,13.342792,11.104054,10.41701,8.191651,9.338866,11.05325,13.722116,17.110165,19.73176,23.801788,27.067953,30.600983,31.939493,30.645454,31.886412,27.977398,26.158663,25.687555,25.782719,21.984,25.18913,28.173428,26.871157,23.670088,25.523733,19.4032,21.277468,17.938574,19.60107
27,21.202421,17.188425,17.820942,13.286742,10.81448,15.541283,9.675918,16.033894,15.236649,17.123243,21.503033,23.346346,23.102037,17.120726,13.903689,10.859078,7.6731906,7.0850086,4.620386,6.840165,8.544529,11.329392,13.216637,10.463371,9.401222,7.3960037,3.8971078,0.0,4.9925265,4.987484,12.315117,11.121228,17.44901,19.483248,21.303438,25.446135,25.305742,22.95882,19.747128,16.359669,16.311066,11.323278,13.466401,10.132322,6.4793386,7.1583304,5.545778,7.6829996,9.978154,9.440225,11.076885,9.858076,14.403237,15.979195,16.655525,13.076362,13.157435,14.856226,19.134382,19.382984,16.592276,13.944627,19.408476,20.290096,24.013617,20.433207,17.789528,23.85113,22.265142,19.395731,22.713985,23.57215,21.78227,17.449646,20.560719,16.517073,19.89487,19.973846,19.62286,24.160553,21.439373,24.854961,23.753738,19.406818,16.516811,13.71245,13.8371935,10.08427,11.542015,11.872313,15.030425,17.851137,20.835047,24.316866,27.147238,30.811922,32.41578,31.033545,31.776745,27.532852,25.44142,24.407595,24.167316,19.706316,22.680737,25.475063,23.7609,20.498047,22.17004,15.942899,17.687534,14.503745,16.040682
28,25.39433,21.416424,21.318237,16.745827,13.801632,17.144785,10.335392,14.589467,12.978614,13.950221,17.926632,19.66706,18.918728,12.7976265,10.612927,7.116915,5.715711,5.1004596,8.714721,10.054524,13.082253,15.236885,17.732027,14.890215,13.057881,11.647018,6.905901,4.9925265,0.0,4.773829,8.118702,8.898318,14.022471,16.710772,18.681181,22.633114,23.349169,21.094938,18.029837,14.746293,14.100775,9.736704,10.282371,6.7300243,6.5501566,4.657569,7.9736624,9.078314,12.825737,11.301755,11.561059,8.48394,12.628912,12.78114,13.981125,10.9550705,9.303861,10.525142,14.943939,14.686171,11.822835,9.119657,14.712053,15.952111,19.359879,15.475455,13.37219,19.50581,18.144815,15.634768,19.581207,20.71723,19.534302,15.0252905,19.029436,14.42103,18.887253,18.46391,18.932785,23.352491,19.974157,24.180714,22.596281,18.128458,15.554612,12.159237,14.073489,9.312318,12.628284,12.668339,16.37665,19.14069,21.246935,25.109219,27.612965,30.885038,33.02808,32.099106,32.788002,28.75921,25.849625,25.05467,24.214561,20.16432,22.200647,24.873991,23.542545,20.397427,23.167608,16.743647,19.107004,16.7779,17.985502
29,22.541615,18.826836,18.894701,13.866016,11.645025,14.9375515,8.449046,13.9512,11.799355,14.44812,18.196747,19.346813,18.95443,13.230217,9.702658,7.8537393,4.7102766,6.754368,7.24829,10.56778,12.611656,15.253852,17.308321,15.127799,14.310704,12.2381115,8.709026,4.987484,4.773829,0.0,8.555022,6.200246,12.797821,14.610985,16.354362,20.502739,20.337086,18.04884,14.795379,11.419167,11.592095,6.8351035,9.408202,7.340906,5.293536,7.5373893,8.276527,11.7893095,14.663022,14.130751,15.203851,12.851421,17.020771,17.489328,18.289112,14.879497,13.68208,14.125498,19.054035,17.808363,14.264131,13.015795,18.650822,20.028086,23.109167,18.455004,16.751417,22.802828,20.413761,17.813166,21.085182,22.783768,20.885956,16.939516,21.102737,17.465603,21.67033,22.033745,22.524273,27.169233,24.287556,28.359743,27.069016,22.637012,19.856878,16.479921,17.64074,12.585852,14.647484,13.674194,17.25937,19.378025,22.297241,25.205332,27.377972,30.96998,33.03622,31.756079,31.930069,27.487461,24.809546,23.259012,22.387627,17.416634,19.633987,22.107391,20.074593,16.816135,18.811253,12.409416,14.390924,12.048306,13.35752
30,30.606352,27.001446,26.398478,21.540676,19.009832,20.518349,13.870079,15.198492,11.261438,12.190137,13.977353,13.990101,11.750135,5.898076,6.3206205,6.2220154,8.163548,10.185874,15.372005,17.576744,20.58795,22.800999,25.323793,22.727415,21.143326,19.435452,14.980686,12.315117,8.118702,8.555022,0.0,5.8010097,6.396274,10.401907,11.796377,15.583093,17.17665,14.98968,12.719222,10.274288,8.309785,6.8703494,4.2508974,4.7122846,9.684594,9.049944,13.974081,16.296234,20.343002,19.186586,18.749464,14.855476,17.439035,15.836749,16.842215,14.712457,11.321747,9.558914,14.431988,11.059629,6.8866115,8.475316,13.367508,15.824164,17.464855,11.573508,12.612677,18.030867,15.946983,14.620128,18.730028,21.152014,20.430166,16.807907,22.130749,18.132095,23.536287,23.127872,24.699574,28.866327,25.10721,29.998476,27.925703,23.562271,21.618269,17.99561,21.162895,15.806482,19.58153,18.520845,22.428608,24.390696,26.047102,29.281448,30.841583,33.732483,36.56711,35.956882,35.970142,31.927837,28.151802,26.8916,25.052341,20.89634,21.201035,23.095825,21.594288,18.85547,22.261715,16.387774,18.743696,17.995707,18.281593
31,25.975203,22.690086,21.99984,17.048996,15.119434,16.251404,10.251984,12.762116,8.680775,11.923219,14.230024,14.222861,13.631499,8.744755,5.0961637,6.5367036,5.9766536,9.613293,12.707099,15.918527,18.384912,20.688261,23.014746,21.226204,20.35012,18.432901,14.629489,11.121228,8.898318,6.200246,5.8010097,0.0,7.235962,8.429953,10.386585,14.327963,14.542813,12.598021,9.154279,5.876402,6.888346,4.6568823,6.423202,7.6474533,9.285614,11.245834,13.813258,17.36086,20.660065,19.83231,20.428545,17.26108,20.881458,20.081701,21.16677,18.346338,15.784442,14.8267355,19.83882,16.852655,12.68695,13.358343,18.352623,20.140862,22.20301,16.515875,16.161024,21.645414,18.342438,16.366873,19.358517,22.039185,20.239431,17.10187,22.200434,19.232903,24.090204,24.674713,26.063295,30.652487,27.687412,32.38693,30.96318,26.60651,23.992945,20.21687,22.315422,16.451988,18.986017,17.045475,20.771036,22.130297,24.616234,26.908537,28.232327,31.508017,34.136257,33.123455,32.697746,28.281385,24.86228,22.922482,21.192635,16.187078,16.886059,18.758026,16.616526,13.649971,16.564487,10.601095,13.092344,12.6503,13.540315
32,32.969074,29.828249,28.988575,24.13084,22.226492,22.589561,16.91885,17.00314,12.065388,13.853242,13.639571,11.5884695,8.62264,5.9522495,7.2582927,10.4154825,12.270971,15.282049,19.75168,22.633173,25.334557,27.639528,30.027857,27.859924,26.69893,24.737305,20.645172,17.44901,14.022471,12.797821,6.396274,7.235962,0.0,5.544446,5.6580806,9.429567,11.300723,9.364577,8.02347,7.2075624,5.1055784,8.067534,5.7627797,9.712666,14.005377,14.923475,18.997204,22.261978,26.09079,25.279104,25.054258,21.239016,23.679686,21.860235,22.677017,20.666445,17.336325,14.837762,19.336937,14.635951,10.628094,14.077847,17.801605,20.386007,20.9491,14.474972,16.808094,21.174795,18.119091,17.46552,20.669922,23.926645,23.002766,20.414253,26.031044,22.9919,28.40493,28.47168,30.426556,34.633568,31.089836,36.156147,34.144684,29.85784,27.908274,24.180384,27.305452,21.567554,24.935623,23.11371,26.931988,28.206036,29.993011,32.345444,33.184288,35.955875,39.05531,38.443943,37.800407,33.6601,29.651577,27.784681,25.406971,21.04264,20.162643,21.186235,19.258083,17.07349,20.330814,15.652402,17.58715,18.240309,17.96719
33,31.60728,28.885798,27.434837,22.991096,21.445526,20.431448,16.094654,14.884961,9.903764,12.6368,11.689217,9.074585,8.561997,8.155177,7.2037473,11.604976,13.071426,16.453941,20.601366,23.603151,26.34387,28.290646,30.8488,29.463915,28.543459,26.809238,22.847973,19.483248,16.710772,14.610985,10.401907,8.429953,5.544446,0.0,4.5322304,6.2635975,7.979241,7.953299,4.995411,5.235332,7.892081,10.876835,10.527671,14.058128,17.227562,18.770317,22.080416,25.495573,29.006567,27.875761,28.189758,24.570183,27.684046,25.788013,27.186543,25.084614,21.563858,19.565678,23.903793,19.400074,15.409337,17.832235,21.156116,23.058128,23.656216,17.50316,18.74096,22.621418,18.34492,17.563763,19.477118,23.16869,21.63518,20.03687,25.520369,23.703999,28.758087,29.637697,31.874414,36.258163,33.430912,38.621395,37.206154,33.095123,30.644447,26.664143,29.392769,23.12056,25.767199,23.093882,26.634722,27.124113,28.999407,30.40272,30.610052,33.290863,36.488632,35.85102,34.69278,30.578669,26.489857,24.24995,21.565546,17.39362,15.66277,16.183876,14.362908,12.691641,16.585659,12.994829,15.517316,17.31872,17.80946
34,33.794865,31.169313,30.244717,25.549583,24.33818,23.938927,19.427252,19.212128,14.2066555,16.923328,15.83597,12.672782,10.584019,10.633428,10.784939,14.809017,15.982677,19.482584,22.868216,26.26206,28.531933,30.898895,33.057983,31.358007,30.650534,28.495502,24.850378,21.303438,18.681181,16.354362,11.796377,10.386585,5.6580806,4.5322304,0.0,4.9706783,5.7352667,4.2788606,4.525665,6.4598713,6.278406,10.91164,10.282884,14.552872,17.738394,19.78021,22.890211,26.874224,30.37151,29.882809,30.024557,26.433971,29.10598,27.482464,28.191017,25.965984,22.917282,20.409674,24.913078,19.995987,16.145739,19.701183,23.227594,25.667742,25.96993,19.523375,21.803843,25.735928,21.98776,21.443714,23.737911,27.387093,26.032461,24.168758,29.712383,27.440329,32.63393,33.20172,35.234753,39.58907,36.35705,41.43272,39.61509,35.318695,33.177742,29.366682,32.16374,26.185863,29.01059,26.66132,30.291561,31.009148,33.115902,34.618355,34.935368,37.724594,40.845024,40.082973,38.871033,34.61052,30.717913,28.244598,25.640137,21.027037,19.434015,19.606825,17.056158,15.499891,18.00083,14.909816,16.128666,17.999495,17.367067
35,36.655743,34.262,32.823112,28.505259,27.317392,25.903019,22.176788,20.401133,15.638034,17.850468,15.44145,11.38282,10.079585,12.675346,13.301292,17.668467,19.315107,22.679134,26.650457,29.815722,32.378853,34.433346,36.847744,35.451355,34.64348,32.7348,28.891956,25.446135,22.633114,20.502739,15.583093,14.327963,9.429567,6.2635975,4.9706783,0.0,4.885238,6.8116293,7.3982334,9.996153,11.23548,15.671813,14.825317,18.985098,22.43237,24.134789,27.513437,31.206327,34.77557,33.892075,34.029182,30.287783,32.976627,30.848877,31.969627,30.086933,26.545265,23.973045,27.99007,22.819263,19.255716,22.757053,25.40393,27.57459,27.316124,21.139751,23.559294,26.556303,22.366135,22.32242,23.81542,27.76402,26.512568,25.499718,30.979149,29.432777,34.536312,35.361874,37.80098,42.052814,39.08769,44.3829,42.759014,38.669186,36.46158,32.5238,35.4913,29.26507,32.010113,29.272018,32.747883,33.009785,34.7543,35.779175,35.525146,37.928196,41.289024,40.760506,39.219284,35.249886,31.09198,28.633469,25.667622,21.869705,19.208158,18.682163,16.78113,16.130882,19.219353,17.353188,18.943773,21.528547,21.280577
