,0,1,2,3,4,5,6,7,8,9,10,11,12,13,14,15,16,17,18,19,20,21,22,23,24,25,26,27,28,29,30,31,32,33,34,35,36,37,38,39,40,41,42,43,44,45,46,47,48,49,50,51,52,53,54,55,56,57,58,59,60,61,62,63,64,65,66,67,68,69,70,71,72,73,74,75,76,77,78,79,80,81,82,83,84,85,86,87,88,89,90,91,92,93,94,95,96,97,98,99,100,101,102,103,104,105,106,107,108
0,0.0,3.87706,5.171922,8.947548,10.823999,13.491582,16.237099,18.365753,23.349157,24.344618,29.361,33.016953,36.13751,36.019024,34.043953,30.652802,27.843853,24.238344,22.49483,18.750904,15.40254,14.401929,10.3441,12.552492,7.910929,11.864698,15.197427,15.722157,16.392813,17.519217,18.400753,20.947947,21.58148,28.632614,26.705935,30.96786,33.09039,34.427612,33.86958,29.487045,25.346537,29.382702,25.019028,26.350193,23.456549,22.374886,20.5927,21.599699,19.454855,23.151474,25.788439,28.467762,28.635656,31.853434,35.10378,33.076946,34.814663,33.703667,36.119995,41.024986,38.24734,34.95043,36.996353,34.016968,36.56618,33.844948,38.89985,37.564507,33.27764,28.614952,29.402254,29.148767,31.588934,31.580667,35.150787,35.887783,39.571682,42.164394,43.365864,45.636974,44.99913,40.730064,38.346584,35.243073,31.56745,30.421724,27.157824,24.379854,19.693115,20.142317,18.301394,16.952126,22.417465,21.231533,25.434656,27.630974,27.425571,28.07299,25.788288,25.091003,25.758572,25.183228,26.528587,29.852842,29.814995,31.226486,31.626545,34.22669,33.358513
1,3.87706,0.0,4.59466,6.8056407,8.091492,11.347335,13.254768,16.181143,20.65222,21.812254,26.685406,30.272789,33.62986,33.085526,30.936954,27.508753,24.69496,20.927666,19.434307,15.424208,12.566725,10.925704,8.181094,10.091765,6.264358,10.563232,13.623742,14.957216,14.4839525,15.58263,15.572943,18.3095,18.184658,25.282938,23.06824,27.391607,29.463152,30.65618,30.182037,25.739426,21.64215,25.990652,21.82268,23.366196,21.09716,20.005161,18.714996,19.960382,18.574932,22.21325,25.388618,27.531307,27.275122,30.272451,33.24141,30.777533,32.225224,31.326754,33.526215,38.50021,36.033638,32.775486,35.361,32.694138,35.622513,33.221317,38.564297,37.700855,33.683296,28.894196,29.046003,28.685516,30.60404,30.38973,33.700638,34.237816,37.784435,40.13353,41.136074,43.158524,42.34015,38.12732,36.00509,32.831543,29.331312,28.33538,25.288935,23.045301,18.39034,19.643064,18.390913,17.32109,23.099012,21.517462,26.140018,27.948887,27.199642,28.132929,25.245354,25.297428,25.336472,25.487535,27.476173,30.368177,29.931694,31.470955,31.085781,33.83935,32.559235
2,5.171922,4.59466,0.0,5.130253,6.3381596,8.442467,11.803656,13.278421,18.523623,19.358385,24.495157,28.115723,31.093273,31.228556,29.404821,26.147377,23.292435,19.942211,17.964605,14.665429,11.141356,11.398657,7.53139,11.641115,8.131803,12.990313,15.139848,14.756277,14.474862,14.352606,15.903706,16.973381,18.32161,24.68265,23.022715,27.212362,29.292084,31.12834,30.517717,26.321074,22.314754,25.991728,21.996466,22.612137,19.991499,20.111166,17.973183,20.158152,17.794556,22.02099,24.761208,27.193045,26.36323,30.274206,32.724514,30.772171,32.230095,30.59058,32.669827,37.516056,34.499756,31.171764,33.59655,30.91212,33.586876,31.59217,36.334526,35.50187,31.02878,26.739145,26.892948,25.94713,28.28596,27.692942,31.396143,31.69526,35.47281,37.86406,38.912125,41.18619,40.38064,35.94029,33.486332,30.311195,26.67502,25.753014,22.16698,19.795841,14.999579,15.662543,14.259566,12.765428,18.532808,16.981945,21.575413,23.394218,22.788183,23.708065,21.152054,21.075354,21.680187,21.866724,23.96401,26.54416,26.105951,27.206413,27.12799,29.661747,28.503685
3,8.947548,6.8056407,5.130253,0.0,4.986634,6.745804,8.032145,11.222723,14.936339,16.835545,20.85663,25.415915,28.08437,27.789894,26.136843,22.277843,20.101524,16.42958,15.415151,12.2075405,10.208384,10.442746,9.684145,13.544316,11.297799,15.994355,17.890493,18.214941,16.631596,15.899863,16.479008,16.669258,17.03579,22.556839,19.877851,24.462719,25.939064,27.956194,27.894608,23.615942,20.061644,24.446327,21.314075,21.751474,20.515936,21.30514,19.714605,22.498894,20.883007,25.071165,28.21979,30.10707,28.56161,32.41766,34.234207,31.791021,32.68826,31.098928,32.599483,37.452408,34.70228,31.439322,34.74913,32.61046,35.64105,34.33114,39.02337,38.742596,34.324165,30.270428,29.750952,28.289042,30.166086,28.909416,32.461357,32.114788,35.81339,37.678555,38.26871,40.177216,38.793358,34.10915,31.978043,28.489655,25.312105,25.103964,21.10812,20.212357,15.476558,16.803062,16.240744,14.017727,19.735695,16.953072,21.822361,23.715008,22.571484,24.30761,21.606619,22.646015,23.225447,24.448765,27.216991,28.978735,28.069721,28.531382,27.741072,29.969057,28.097057
4,10.823999,8.091492,6.3381596,4.986634,0.0,3.7107465,6.109083,8.224848,12.977048,13.729962,18.995705,22.25821,25.623102,25.3123,23.262749,20.177916,17.082113,13.731953,11.718088,8.354662,5.3435597,6.391654,5.959187,10.253642,9.51005,13.870461,14.653361,14.639778,12.321024,11.133072,11.859718,11.749767,12.65883,18.47609,16.810839,20.942034,23.032007,25.040913,24.400599,20.328388,16.489351,20.123055,16.702261,17.002508,15.530935,16.57019,14.960833,18.135439,16.787746,20.934723,24.253572,25.774939,23.858957,27.774658,29.331516,26.916222,27.806463,26.118013,27.680782,32.545696,29.824043,26.561176,29.911005,27.865053,31.076807,29.925581,34.806698,34.861076,30.807209,26.642633,25.6204,24.234833,25.680922,24.509542,27.822609,27.612823,31.199362,33.14008,33.84373,35.784775,34.684246,30.256695,28.125345,24.839415,21.456945,20.847334,17.528748,16.278767,11.730282,13.976509,13.966422,13.290588,19.02654,17.001122,22.070215,22.903366,21.260328,22.626286,18.99834,20.405956,19.854555,21.49327,24.72083,26.285982,25.102068,26.319902,24.782085,27.522287,25.651909
5,13.491582,11.347335,8.442467,6.745804,3.7107465,0.0,5.322778,4.893357,10.494441,10.9234085,16.372292,19.71386,22.692478,22.957354,21.255436,18.35384,15.327473,12.571983,10.186768,8.207753,5.404871,8.693717,8.333117,13.136177,12.669089,16.985119,17.229856,16.224287,13.894023,11.50299,13.332194,11.129559,13.345991,17.765669,16.606226,20.469494,22.413939,25.033808,24.360125,20.670729,17.214756,20.110462,17.25077,16.51607,15.211749,17.57851,15.49053,19.450357,17.636475,22.005884,24.9871,26.507116,23.939539,28.493608,29.385546,27.332544,28.056662,25.749018,26.997845,31.669842,28.559952,25.300423,28.745537,26.91017,29.981804,29.441568,33.74242,34.04048,29.742754,26.147478,24.860027,22.81177,24.376806,22.631622,26.18107,25.53219,29.266003,31.066387,31.674421,33.732864,32.50703,27.831493,25.478382,22.117485,18.724918,18.412216,14.440577,13.685941,9.143851,11.301829,11.802262,10.873185,16.300205,14.015853,19.12347,19.665573,17.780218,19.39607,15.804543,17.707994,17.441,19.628082,23.222933,24.117922,22.703512,23.394566,21.687849,24.193865,22.1447
6,16.237099,13.254768,11.803656,8.032145,6.109083,5.322778,0.0,6.1673417,7.5561047,9.775252,13.521261,17.794413,20.809292,19.979147,18.144714,14.429473,12.093218,8.459247,7.882199,5.626928,6.613964,8.273604,11.39437,14.767394,15.150584,19.036716,19.335155,19.619753,16.299932,14.247969,14.058054,11.965144,11.8101425,15.337491,12.5713,17.029491,18.31084,20.8772,20.851849,16.963203,14.053907,18.06253,16.27907,15.856716,16.52432,18.789436,17.82252,21.659536,21.03999,24.958313,28.447199,29.319025,26.460402,30.36294,30.87175,28.080408,28.180786,26.384445,27.039017,31.715578,29.29379,26.228168,30.623568,29.391834,32.895786,32.755764,37.301792,38.07158,34.151997,30.497744,28.689688,26.6326,27.454136,25.398357,28.398916,27.277626,30.661621,31.839949,31.917149,33.376022,31.534552,26.816893,25.125847,21.49054,18.85037,19.30765,15.627009,16.65691,12.885415,15.743443,16.798698,15.650881,20.722162,17.677828,22.716364,23.254707,20.88701,23.108374,19.347301,22.131683,21.46569,24.31729,28.212088,28.693987,26.951513,27.40868,24.9,27.207026,24.464773
7,18.365753,16.181143,13.278421,11.222723,8.224848,4.893357,6.1673417,0.0,6.8850665,6.2492523,12.2042055,15.081462,17.928335,18.59636,17.134163,14.789055,11.65988,10.028051,7.1993937,7.6893764,6.669593,11.025424,12.000535,16.374329,16.883038,20.759758,20.202131,18.742628,15.86325,12.413283,14.481662,9.909598,12.981224,15.129983,14.770478,17.994896,19.785578,23.038568,22.268457,19.231064,16.45863,18.282742,16.486887,14.524954,14.204166,18.074568,16.037743,20.736874,19.147291,23.339666,26.157627,27.201715,23.692574,28.602163,28.45049,26.572744,26.841564,23.996012,24.621496,28.99815,25.73225,22.602793,26.55348,25.32264,28.453117,28.896338,32.649357,33.59078,29.437904,26.497456,24.469692,21.722956,22.816383,20.269081,23.677887,22.31413,25.993034,27.3684,27.682981,29.65744,28.172318,23.29479,20.908022,17.435297,14.225156,14.4895,10.059271,10.95865,7.479565,10.306452,12.101158,11.715715,15.989552,13.595736,18.458202,18.035475,15.354,17.347265,13.2801075,16.498016,15.754166,19.122728,23.373346,23.147062,21.181139,21.474644,18.740396,21.088778,18.464727
8,23.349157,20.65222,18.523623,14.936339,12.977048,10.494441,7.5561047,6.8850665,0.0,4.725307,6.040784,11.211468,13.404016,12.966086,11.9014635,8.386529,6.9980507,5.863127,6.351563,8.794282,11.282846,14.2436905,17.551882,20.98675,22.045105,25.680082,25.14998,24.63319,20.994389,17.77728,18.178467,13.407535,14.204976,13.397098,11.538896,14.769218,15.191761,19.038216,19.18885,16.6021,15.30774,17.56103,17.779186,15.595319,17.804962,21.875887,20.882198,25.521368,24.937046,28.701733,31.84959,32.236893,28.239847,32.603954,31.663923,29.198994,28.602716,26.07902,25.670553,29.717339,27.173048,24.456697,29.51608,29.206415,32.642197,33.868275,37.47449,39.04587,35.242443,32.57831,29.978064,26.999285,27.29012,24.14993,26.852785,24.598083,27.747665,28.075771,27.518297,28.671118,26.14698,21.018805,19.525368,15.640037,13.987312,15.847658,11.777071,15.54656,13.539122,16.405968,18.588697,17.63779,21.146057,17.833437,22.226301,21.767462,18.570408,21.409096,17.687893,21.879614,21.051466,25.134016,29.640272,28.67321,26.329775,25.909742,22.299772,23.975178,20.38909
9,24.344618,21.812254,19.358385,16.835545,13.729962,10.9234085,9.775252,6.2492523,4.725307,0.0,7.347744,8.840973,12.071503,12.601351,11.196231,9.944844,6.646166,7.4340615,5.161617,8.995818,10.564031,14.384774,17.011133,20.43946,22.000612,25.280529,24.031296,22.767954,19.17499,15.376403,16.605589,10.576272,13.087783,11.563373,12.153218,14.160466,15.560936,19.466286,18.680664,16.694014,15.200837,15.685668,15.779552,12.647196,14.485025,19.401175,18.093904,23.062143,22.334024,25.938526,28.777681,28.986425,24.575245,29.27749,27.871445,25.882057,25.352938,22.282274,21.865204,25.772264,22.826387,20.085085,25.005913,24.820433,28.179836,29.775131,33.10595,34.939835,31.363422,28.995066,26.04153,22.884264,22.905085,19.582598,22.206518,19.878342,23.08138,23.565601,23.231224,24.7187,22.650276,17.587132,15.626302,11.887679,9.551511,11.144179,7.312041,11.447574,10.509337,13.744036,16.444721,16.717428,19.70616,17.400059,21.601187,20.150818,16.665257,18.931025,14.515659,19.019392,17.3217,21.803596,26.551092,25.216978,22.654804,22.753553,18.50659,20.615759,17.154
10,29.361,26.685406,24.495157,20.85663,18.995705,16.372292,13.521261,12.2042055,6.040784,7.347744,0.0,7.692128,8.110121,7.660898,8.051413,5.3570037,6.8187046,8.738388,10.225767,13.862131,16.802488,19.730387,23.31193,26.526258,27.935911,31.370428,30.488564,29.80594,25.999397,22.490488,22.83904,17.351658,18.086176,14.432463,13.2517805,14.935009,14.237757,18.725426,19.211668,17.925001,18.053432,19.099087,20.83697,17.920382,21.183477,25.881254,25.119606,29.92532,29.5731,33.067017,36.03619,36.0189,31.440193,35.788765,33.89013,31.5782,30.41095,27.653593,26.362823,29.698614,27.384619,25.16293,30.638754,31.119171,34.460556,36.617153,39.563847,41.71947,38.169716,36.163235,33.076435,29.665382,29.446175,25.705843,27.891335,24.819654,27.48731,26.922096,25.679512,26.305048,23.037104,17.763245,16.867441,13.029201,13.067169,16.152933,12.707319,18.128809,17.52901,20.145174,22.774288,21.974253,24.356327,21.061886,24.66797,23.580748,20.01257,23.12207,19.762215,24.618841,23.66633,28.342402,33.069416,31.185207,28.50598,27.488018,23.158236,24.177036,20.028028
11,33.016953,30.272789,28.115723,25.415915,22.25821,19.71386,17.794413,15.081462,11.211468,8.840973,7.692128,0.0,5.602216,5.7573943,5.076995,8.499875,7.2484245,11.483597,11.247106,15.776013,18.428818,21.539812,25.021664,27.59259,29.968523,32.628853,30.738564,29.614477,25.645136,21.859861,22.339682,16.10244,17.600712,11.562287,13.782608,12.869053,13.215388,17.602152,16.797533,17.088556,17.738016,15.958847,18.649578,14.712739,18.571302,23.902433,23.427307,28.230804,28.360529,31.143877,33.79825,33.058723,27.86522,32.01491,29.01585,27.132582,25.545656,22.396866,20.386671,23.010075,20.848003,19.141636,24.897942,26.22133,29.564571,32.583904,35.124096,38.021145,35.321213,33.77232,29.934797,26.53881,25.255812,21.330523,22.49328,18.993364,20.965502,19.801535,18.23801,18.631577,15.406112,10.178582,9.663499,6.078656,7.64167,11.1392145,10.519152,16.330986,17.65437,20.672567,23.808529,24.621002,26.398998,24.425245,27.724798,25.305298,21.421074,23.59538,19.444622,24.567728,22.076542,27.22599,32.189713,29.722376,26.692184,26.604815,21.041986,22.572132,18.584333
12,36.13751,33.62986,31.093273,28.08437,25.623102,22.692478,20.809292,17.928335,13.404016,12.071503,8.110121,5.602216,0.0,5.4860845,8.052815,10.41699,11.441496,15.231289,15.618381,20.030924,22.52156,25.90744,29.049118,32.16575,34.04042,37.126972,35.52628,34.120575,30.419975,26.45423,27.399765,21.015194,22.76805,17.005144,18.257612,17.707867,17.061975,21.608978,21.458843,21.850243,22.755531,21.469439,24.161114,20.238293,23.684946,29.183884,28.344362,33.31266,32.94966,36.013237,38.425266,37.968822,32.716213,37.220142,34.071053,32.512344,30.93997,27.559017,25.4099,27.531792,25.143593,23.666628,29.012964,30.424314,33.342327,36.72217,38.521393,41.41387,38.373352,37.41052,33.749813,29.888628,29.022533,24.712677,26.13088,22.198898,24.130463,22.564928,20.665218,20.947187,17.225616,11.962377,11.488973,8.564819,11.005782,14.932622,13.201321,19.425472,20.782122,23.006927,26.109388,26.201038,27.1297,24.761387,27.336119,24.954493,21.123022,23.779644,20.703167,25.962473,24.453524,29.638958,34.49492,31.459818,28.427279,27.154346,21.898222,22.330006,18.003414
13,36.019024,33.085526,31.228556,27.789894,25.3123,22.957354,19.979147,18.59636,12.966086,12.601351,7.660898,5.7573943,5.4860845,0.0,3.7668395,6.7297335,8.9894905,12.833953,14.474082,18.606096,22.079165,24.596027,28.82091,31.23252,33.50034,36.283882,34.75321,34.234398,30.03786,26.553354,26.285872,20.6752,20.806509,14.358805,14.66151,13.7801285,12.251968,16.738556,17.149202,17.817518,19.522472,18.747225,22.220615,18.943686,23.496616,28.346169,28.285086,32.907867,33.352833,36.148148,39.07282,38.245182,33.170143,36.91078,33.9317,31.595201,29.64893,27.083563,24.726568,27.077204,25.66223,24.25885,30.248804,31.777258,35.194897,38.224247,40.832947,43.775005,41.0457,39.41986,35.634613,32.27239,30.98443,27.07441,28.074594,24.473448,26.086704,24.374943,22.270336,21.819012,17.736921,13.076109,13.8544855,10.950484,13.323146,16.88417,15.850748,21.782927,22.558586,25.493195,28.48964,28.5626,30.443926,27.753145,30.959057,29.034924,25.213013,27.911654,24.279984,29.454782,27.494009,32.59971,37.530415,35.049953,32.051163,31.41068,26.08507,27.065063,22.816675
14,34.043953,30.936954,29.404821,26.136843,23.262749,21.255436,18.144714,17.134163,11.9014635,11.196231,8.051413,5.076995,8.052815,3.7668395,0.0,5.537794,6.258151,10.337931,11.899734,15.923359,19.631655,21.790617,26.351978,28.312653,30.917913,33.38977,31.71087,31.495865,27.107729,23.857464,23.098385,17.833904,17.427,10.679713,11.312975,10.074623,9.040518,13.558442,13.605459,14.228274,15.945724,15.019161,18.649363,15.587124,20.53522,25.079504,25.365868,29.785223,30.62995,33.20819,36.327415,35.305176,30.351408,33.74395,30.934984,28.290194,26.30269,24.054808,21.803768,24.49903,23.378906,21.86206,28.068747,29.51397,33.196503,35.920444,39.03769,41.945232,39.445377,37.415894,33.568256,30.570023,29.040424,25.466505,26.282509,23.048088,24.636063,23.19224,21.316668,20.883135,17.16344,12.748297,13.574701,10.582259,12.313934,15.3516,14.957168,20.399668,21.024654,24.40987,27.35879,27.820436,30.24012,27.767796,31.396612,29.493292,25.674068,28.099644,23.910067,28.928488,26.442757,31.440596,36.38514,34.305733,31.34723,31.39611,25.975422,27.550695,23.511295
15,30.652802,27.508753,26.147377,22.277843,20.177916,18.35384,14.429473,14.789055,8.386529,9.944844,5.3570037,8.499875,10.41699,6.7297335,5.537794,0.0,5.0276237,7.0910897,10.241125,13.483725,17.55546,19.37075,24.177197,26.401741,28.438768,31.342772,30.351875,30.563034,26.233717,23.264883,22.257868,17.653673,16.546759,11.895868,9.612628,10.913553,9.273404,13.717521,14.768237,13.776995,14.921658,16.342228,19.050589,16.799736,21.285597,25.304317,25.45628,29.8212,30.42742,33.451084,36.84613,36.30102,31.820879,35.311867,33.380535,30.397144,28.7892,26.827734,25.227724,28.577484,27.234331,25.24665,31.27163,32.05943,35.80962,37.841053,41.389214,43.762688,40.725826,38.25309,34.904602,31.985937,31.130133,27.738424,29.266102,26.386114,28.55214,27.676388,26.163414,26.10462,22.586754,17.932272,18.08169,14.54444,15.114679,17.922348,15.913098,20.999916,20.365133,23.64874,26.231527,25.806646,28.819881,25.62889,29.575714,28.546476,24.966928,27.835468,23.945114,28.719582,27.028551,31.685183,36.47572,34.92129,32.20203,31.894123,27.207392,28.676422,24.602818
16,27.843853,24.69496,23.292435,20.101524,17.082113,15.327473,12.093218,11.65988,6.9980507,6.646166,6.8187046,7.2484245,11.441496,8.9894905,6.258151,5.0276237,0.0,4.406893,5.8429894,9.71263,13.552515,15.653747,20.267828,22.346447,24.75049,27.391582,26.004911,25.981934,21.606789,18.53532,17.676239,12.748504,12.168279,7.720526,7.1547866,8.473882,9.02564,13.204335,12.958354,11.535045,11.643357,12.340694,14.475509,11.92053,16.263174,20.432789,20.530512,24.94813,25.606293,28.518452,31.885826,31.281715,26.801624,30.35719,28.551895,25.658272,24.290617,22.170713,20.938377,24.670158,23.069315,20.82553,26.741785,27.304943,31.151321,32.95341,36.76368,39.075085,36.207504,33.531982,30.123335,27.439459,26.463068,23.342775,24.866648,22.37517,24.705462,24.340218,23.301344,23.698631,20.899597,16.31661,15.912551,12.360661,11.842662,13.919097,12.464282,16.892036,16.371504,20.066078,22.700607,23.051544,26.329262,23.790287,28.014612,26.646805,23.062935,25.399725,20.886152,25.468683,23.125914,27.69669,32.501118,31.213524,28.523712,28.981731,24.169353,26.28219,22.56157
17,24.238344,20.927666,19.942211,16.42958,13.731953,12.571983,8.459247,10.028051,5.863127,7.4340615,8.738388,11.483597,15.231289,12.833953,10.337931,7.0910897,4.406893,0.0,4.504078,6.487458,10.921996,12.287756,17.378275,19.354578,21.464287,24.269524,23.411758,23.974503,19.605762,17.075283,15.64314,11.9705305,10.255452,8.928543,5.6936913,9.492793,10.188029,13.523575,13.69414,10.784043,9.824724,12.789189,13.731181,12.399427,16.08581,19.323877,19.504639,23.608158,24.284811,27.397213,31.058546,30.764402,26.879168,30.233952,29.314754,26.07791,25.081285,23.442411,22.86113,27.07718,25.512573,22.976547,28.594776,28.578087,32.50292,33.538265,37.891018,39.72388,36.61877,33.396015,30.439743,28.121037,27.579626,24.922827,26.825268,24.888927,27.508694,27.646555,26.951355,27.550238,25.034292,20.556543,19.904814,16.312914,15.028513,16.453793,14.320603,17.649784,15.924594,19.656889,21.817657,21.714495,25.769646,22.93102,27.554922,26.892248,23.636429,26.02274,21.59375,25.667736,23.712128,27.76282,32.32568,31.735016,29.331808,29.91933,25.766064,28.040623,24.556746
18,22.49483,19.434307,17.964605,15.415151,11.718088,10.186768,7.882199,7.1993937,6.351563,5.161617,10.225767,11.247106,15.618381,14.474082,11.899734,10.241125,5.8429894,4.504078,0.0,4.557976,7.739824,10.354283,14.465323,16.832117,19.086628,21.853111,20.545788,20.340254,16.116928,13.0612545,12.625103,7.8066764,8.216292,8.173425,8.017248,10.801106,12.900963,16.032536,15.090976,12.347455,10.227016,11.750857,11.462003,9.419437,12.069401,15.935385,15.541433,20.018013,20.276323,23.517519,26.954588,26.808914,22.806269,26.652445,25.786545,23.002897,22.422626,20.244665,20.125692,24.53164,22.361881,19.554953,24.767149,24.439795,28.269846,29.202065,33.510715,35.249554,32.11931,28.924967,25.96192,23.640722,23.219362,20.681622,22.822504,21.187138,24.090483,24.754526,24.540993,25.704552,23.84957,19.39907,18.062832,14.629933,12.31749,12.9469,10.929249,13.408035,11.783701,15.771574,18.039263,18.697575,22.694162,20.560926,25.213013,24.137974,20.92393,22.807251,17.990847,21.87168,19.489109,23.487778,28.07459,27.561586,25.186077,26.261595,22.117413,24.805086,21.697395
19,18.750904,15.424208,14.665429,12.2075405,8.354662,8.207753,5.626928,7.6893764,8.794282,8.995818,13.862131,15.776013,20.030924,18.606096,15.923359,13.483725,9.71263,6.487458,4.557976,0.0,4.8596463,6.017858,11.014492,12.956671,15.123757,17.890984,17.074598,17.697914,13.43936,11.36042,9.9104595,7.658696,6.325939,10.356532,8.727867,12.603753,14.873961,17.037342,16.244898,12.476918,9.129871,12.562185,10.724399,10.520383,12.055785,14.301553,14.159897,17.999754,18.459925,21.756556,25.547197,25.662636,22.484953,25.867683,26.047832,22.903692,22.757954,21.271095,21.858093,26.62401,24.68167,21.721006,26.472353,25.559618,29.438944,29.447454,34.405464,35.62971,32.444496,28.580936,26.139671,24.461521,24.377895,22.57589,24.872087,23.95571,26.943487,28.06179,28.16786,29.417858,27.86827,23.683718,22.335278,19.039728,16.406431,16.35912,14.340934,15.2472515,12.454625,16.347149,17.903845,18.35453,23.192348,21.059956,26.03311,25.614882,22.855526,24.547348,19.859442,22.93039,20.781067,23.988382,28.171831,28.548948,26.552755,28.016466,24.588663,27.50043,24.787796
20,15.40254,12.566725,11.141356,10.208384,5.3435597,5.404871,6.613964,6.669593,11.282846,10.564031,16.802488,18.428818,22.52156,22.079165,19.631655,17.55546,13.552515,10.921996,7.739824,4.8596463,0.0,4.830552,6.7471747,10.0046625,11.564141,14.749773,13.95249,13.595382,9.997745,7.655487,8.225933,6.487206,8.223573,13.719343,13.420562,16.791895,19.47283,21.558916,20.315386,16.687277,12.831072,15.288929,11.934378,11.716477,10.587328,12.585516,11.232045,15.20227,14.578245,18.41261,21.920631,22.707676,19.972746,23.943493,24.785442,22.287354,22.909641,21.027025,22.395805,27.245283,24.639778,21.422285,25.177004,23.526342,27.066912,26.463438,31.434935,32.126987,28.609764,24.558428,22.65163,21.16481,21.794836,20.45766,23.319376,23.01059,26.37875,28.192495,28.863855,30.710073,29.773819,25.62419,23.628616,20.561352,17.144844,16.254454,13.937849,12.91186,9.254247,12.831681,13.856438,14.759569,19.87458,18.435379,23.419271,23.094654,20.79978,21.929335,17.337202,19.53011,17.560156,20.055635,23.92017,24.872362,23.220917,25.06914,22.398056,25.56514,23.502598
21,14.401929,10.925704,11.398657,10.442746,6.391654,8.693717,8.273604,11.025424,14.2436905,14.384774,19.730387,21.539812,25.90744,24.596027,21.790617,19.37075,15.653747,12.287756,10.354283,6.017858,4.830552,0.0,6.539708,7.2213345,9.540095,11.997507,11.701079,13.383807,9.443016,9.298803,6.8249207,9.050034,7.277602,14.573284,13.163187,16.888145,19.558273,20.679462,19.634207,15.462515,11.177586,15.074913,11.2562895,12.893073,12.303387,12.056607,12.051006,14.612009,15.221751,18.401134,22.457468,22.967913,21.055775,23.825678,25.420427,22.197218,22.824808,22.0408,23.61721,28.625076,26.78971,23.711636,27.52556,25.828814,29.586203,28.368483,34.025238,34.5523,31.456553,26.81611,25.12107,24.417242,24.72532,23.995024,26.381191,26.460552,29.495586,31.272533,31.90116,33.41375,32.47504,28.678267,27.143076,24.14893,21.034615,20.083988,18.441347,17.395899,13.880656,17.30168,17.881466,18.606012,24.061356,22.516869,27.572374,27.638254,25.501465,26.613256,22.08869,23.95595,21.859888,23.879698,27.36732,28.900969,27.444086,29.644726,27.07757,30.350552,28.313341
22,10.3441,8.181094,7.53139,9.684145,5.959187,8.333117,11.39437,12.000535,17.551882,17.011133,23.31193,25.021664,29.049118,28.82091,26.351978,24.177197,20.267828,17.378275,14.465323,11.014492,6.7471747,6.539708,0.0,5.4643116,5.2397175,8.907081,9.08256,8.784482,7.0928845,7.403417,8.63665,10.903787,12.428464,19.516382,19.21375,22.590393,25.496103,26.921875,25.529087,21.653149,17.30942,19.944221,15.301864,16.319578,13.127117,12.587036,10.714809,12.924815,11.430218,15.420277,18.795557,20.50524,19.44275,22.99873,25.419703,23.279308,24.820005,23.439508,25.780508,30.682531,28.012468,24.745564,27.183601,24.585232,27.67979,25.632252,31.079544,30.763287,27.149557,22.33887,21.669165,21.28224,22.694431,22.583652,25.650555,26.395496,29.826921,32.339672,33.564205,35.748405,35.41238,31.573757,29.33264,26.5704,22.798794,21.168026,19.127031,16.152916,12.0623455,14.250636,13.742809,14.863795,20.367167,19.803963,24.57401,24.88374,23.511395,23.894564,19.915329,20.385384,18.884972,19.600445,22.330559,24.759668,23.913246,26.431322,25.087847,28.455114,27.279827
23,12.552492,10.091765,11.641115,13.544316,10.253642,13.136177,14.767394,16.374329,20.98675,20.43946,26.526258,27.59259,32.16575,31.23252,28.312653,26.401741,22.346447,19.354578,16.832117,12.956671,10.0046625,7.2213345,5.4643116,0.0,4.860455,5.088718,4.784912,7.963836,5.7095227,8.8346615,6.9448633,12.4649315,11.9445305,19.906137,19.625334,22.636177,25.816626,26.30998,24.71109,20.817444,16.332075,19.09613,13.967934,16.455667,13.5377445,10.540691,10.359874,10.500751,11.083192,13.682126,17.727003,18.773941,18.635363,20.641987,23.86343,21.099993,22.768747,22.52487,25.174446,30.123753,28.272541,25.220896,27.590216,25.031076,28.385126,25.753963,31.989386,31.700195,28.959585,23.583645,22.833353,23.433928,24.092903,24.708199,27.00449,28.24902,31.1973,33.716377,34.989586,36.87434,36.773018,33.495052,31.688549,29.17933,25.617434,23.71023,22.78492,19.845333,16.446371,19.045612,18.663673,20.255209,25.639734,25.258205,30.007242,30.148329,28.657873,28.875154,24.571022,25.051622,22.763159,23.312807,25.79157,28.547348,27.73792,30.949327,29.240963,32.90995,31.747059
24,7.910929,6.264358,8.131803,11.297799,9.51005,12.669089,15.150584,16.883038,22.045105,22.000612,27.935911,29.968523,34.04042,33.50034,30.917913,28.438768,24.75049,21.464287,19.086628,15.123757,11.564141,9.540095,5.2397175,4.860455,0.0,4.890474,7.457455,9.1597805,9.102625,11.468691,11.362446,15.5670805,15.817233,23.558826,22.683514,26.233263,29.068754,29.897545,28.660349,24.536861,20.10086,23.355028,18.424377,20.396225,17.162943,14.921893,13.7569475,14.074054,13.038887,16.223661,19.575466,21.557041,21.828539,24.368078,27.816757,25.517864,27.3614,26.733133,29.416164,34.33769,32.03272,28.85668,30.874157,27.980724,30.91781,28.02016,33.847717,32.972927,29.586674,24.32312,24.407507,24.826876,26.359497,26.893158,29.778608,30.970564,34.258156,36.933247,38.27768,40.40229,40.19227,36.533916,34.41563,31.69398,27.96424,26.227177,24.364058,21.153017,17.09627,18.781902,17.658098,18.402573,23.940794,23.48069,28.07249,28.92744,27.97804,28.211866,24.627335,24.443033,23.253857,23.118605,25.032766,28.26526,27.853878,30.569868,29.795992,33.15552,32.22894
25,11.864698,10.563232,12.990313,15.994355,13.870461,16.985119,19.036716,20.759758,25.680082,25.280529,31.370428,32.628853,37.126972,36.283882,33.38977,31.342772,27.391582,24.269524,21.853111,17.890984,14.749773,11.997507,8.907081,5.088718,4.890474,0.0,4.3540335,8.433873,8.9513235,12.79204,11.563529,17.299284,16.873974,24.884174,24.474203,27.508,30.656307,30.855421,29.297594,25.379133,20.938251,23.743242,18.489717,21.231596,17.800056,13.951048,13.691503,12.182568,12.392291,14.233029,17.773357,19.382113,20.673315,21.980684,26.199835,23.770754,25.895308,26.034418,29.0744,33.895107,32.09477,29.118036,30.716398,27.726358,30.674334,27.172188,33.527878,32.54883,29.929974,24.253872,24.425152,25.736082,26.78451,28.035975,30.35109,32.084538,35.000378,37.81762,39.335636,41.355526,41.51787,38.37077,36.46096,34.051785,30.366072,28.246508,27.303026,23.768133,20.293331,22.203259,21.16557,22.644041,27.936256,27.929716,32.424175,32.946728,31.943079,31.845312,27.980192,27.643404,25.740795,25.322311,26.935293,30.485296,30.170675,33.60544,32.630314,36.299595,35.554993
26,15.197427,13.623742,15.139848,17.890493,14.653361,17.229856,19.335155,20.202131,25.14998,24.031296,30.488564,30.738564,35.52628,34.75321,31.71087,30.351875,26.004911,23.411758,20.545788,17.074598,13.95249,11.701079,9.08256,4.784912,7.457455,4.3540335,0.0,5.8031583,5.708842,10.123744,8.835237,14.845799,14.8889065,22.603407,23.223566,25.58588,29.116154,29.29268,27.246317,23.759884,19.35828,21.050934,15.583872,18.282524,14.426705,10.006697,10.005095,7.870354,8.986617,10.312291,14.280816,15.365506,16.504616,17.678589,21.853418,19.51797,21.798712,21.938452,25.154795,29.878494,28.158535,25.280119,26.68524,23.752218,26.819437,23.38087,29.960907,29.326645,27.186409,21.456732,21.10756,22.680958,23.211964,24.72979,26.654226,28.625128,31.310545,34.19555,35.837006,37.868046,38.345604,35.556164,33.697994,31.612677,27.933458,25.480515,25.336761,21.581785,18.794168,21.059021,20.43792,22.809734,27.772814,28.173996,32.62972,32.476627,31.196442,30.841135,26.547018,26.421642,23.678204,23.512434,25.405169,28.663712,28.151518,32.108986,30.61931,34.54896,33.87116
27,15.722157,14.957216,14.756277,18.214941,14.639778,16.224287,19.619753,18.742628,24.63319,22.767954,29.80594,29.614477,34.120575,34.234398,31.495865,30.563034,25.981934,23.974503,20.340254,17.697914,13.595382,13.383807,8.784482,7.963836,9.1597805,8.433873,5.8031583,0.0,4.955485,7.761977,10.103758,13.756415,16.300835,23.147236,24.744736,26.83741,30.515987,31.425922,29.10069,25.9652,21.6275,22.201996,16.79548,18.10305,12.841227,10.147688,7.7613955,6.9614625,4.218754,7.448192,10.473756,12.749684,13.506012,16.518118,20.271202,19.22259,21.866703,20.752676,24.158947,28.658392,25.998224,22.987665,23.515774,20.088259,22.630491,19.114515,25.204403,24.286657,21.641388,16.007246,16.007587,17.494635,18.74935,20.450714,22.887518,25.09114,28.078232,31.36577,33.350693,35.89379,36.72175,33.839325,31.458912,29.604122,25.591284,22.770271,22.54476,17.796211,15.374779,16.916912,16.059254,19.245628,23.5497,24.801298,28.834305,28.277487,27.261925,26.352127,22.289589,21.528532,18.762064,18.011526,19.679611,23.084017,22.783152,27.025404,25.988731,29.962454,29.816763
28,16.392813,14.4839525,14.474862,16.631596,12.321024,13.894023,16.299932,15.86325,20.994389,19.17499,25.999397,25.645136,30.419975,30.03786,27.107729,26.233717,21.606789,19.605762,16.116928,13.43936,9.997745,9.443016,7.0928845,5.7095227,9.102625,8.9513235,5.708842,4.955485,0.0,4.502784,5.1615744,9.567637,11.377521,18.375154,19.92946,21.942465,25.639856,26.47338,24.16401,21.017159,16.70287,17.385311,11.984528,13.574177,9.071113,6.323422,4.831829,5.8684616,6.0975885,9.027494,13.073075,13.896723,13.089683,15.961848,18.810383,16.751324,18.78259,17.83251,20.822458,25.614712,23.345467,20.281918,22.082178,19.360332,22.678848,20.18026,26.409428,26.411167,23.974417,18.693869,17.406162,18.15496,18.499615,19.44794,21.565928,23.189108,26.060482,28.88072,30.480978,32.656487,33.10197,30.170479,28.136536,26.11093,22.342457,19.803068,19.813507,16.065351,13.689013,16.398188,16.410559,19.355099,24.007322,24.494131,28.946276,28.185343,26.539417,26.195625,21.520287,21.952978,18.67992,19.324186,22.033138,24.480366,23.531206,27.440548,25.358864,29.353954,28.524788
29,17.519217,15.58263,14.352606,15.899863,11.133072,11.50299,14.247969,12.413283,17.77728,15.376403,22.490488,21.859861,26.45423,26.553354,23.857464,23.264883,18.53532,17.075283,13.0612545,11.36042,7.655487,9.298803,7.403417,8.8346615,11.468691,12.79204,10.123744,7.761977,4.502784,0.0,5.9389815,6.1166806,10.319487,16.066992,18.217257,20.06428,23.697664,25.2402,22.903559,20.04401,16.006903,16.005342,11.22041,11.204161,6.2930365,7.2289586,4.0437675,8.442683,7.259286,11.020338,14.35817,15.164176,12.728231,17.057245,18.539097,16.915052,18.54171,16.454952,18.990473,23.73872,20.827097,17.57195,19.801743,17.346573,20.725508,19.260141,24.797247,25.265003,22.365606,17.771446,15.825235,15.44069,15.877583,15.957583,18.526295,19.59903,22.796696,25.51213,27.021788,29.373365,29.66579,26.420052,24.122633,22.02967,18.114645,15.609709,15.364161,11.627286,9.462921,12.572977,13.218619,16.45817,20.767063,21.23477,25.633924,24.444885,22.514854,22.26178,17.33623,18.323969,14.824132,16.32569,19.76941,21.39776,20.05627,23.659441,21.149761,25.108448,24.105867
30,18.400753,15.572943,15.903706,16.479008,11.859718,13.332194,14.058054,14.481662,18.178467,16.605589,22.83904,22.339682,27.399765,26.285872,23.098385,22.257868,17.676239,15.64314,12.625103,9.9104595,8.225933,6.8249207,8.63665,6.9448633,11.362446,11.563529,8.835237,10.103758,5.1615744,5.9389815,0.0,6.976602,6.4043336,13.794955,15.112494,17.031393,20.731377,21.348967,19.097197,15.875587,11.574673,12.633995,7.308648,9.685054,7.4409337,5.255254,6.405313,8.476085,10.608076,12.729051,17.041012,16.742195,14.80882,17.047737,18.815561,15.619436,16.698132,16.187283,18.457514,23.463575,21.860199,18.900343,22.117035,20.312283,24.231676,22.726082,28.894352,29.67401,27.508461,22.620296,20.443539,20.586077,20.047379,20.208626,21.818352,22.727812,25.317585,27.485964,28.569695,30.212397,30.157207,27.229061,25.725525,23.515556,20.220615,18.200092,18.50818,16.300325,14.186087,17.835175,18.62747,21.07978,25.887203,25.567278,30.306118,29.421598,27.200392,27.468468,22.390297,23.960983,20.425285,22.246048,25.656807,27.27631,25.799786,29.256786,26.23044,30.107042,28.56614
31,20.947947,18.3095,16.973381,16.669258,11.749767,11.129559,11.965144,9.909598,13.407535,10.576272,17.351658,16.10244,21.015194,20.6752,17.833904,17.653673,12.748504,11.9705305,7.8066764,7.658696,6.487206,9.050034,10.903787,12.4649315,15.5670805,17.299284,14.845799,13.756415,9.567637,6.1166806,6.976602,0.0,6.5755086,10.245604,13.005352,14.420308,17.9966,19.992464,17.687168,15.206074,11.781977,11.161315,7.825024,6.117836,4.639411,8.864498,7.850582,12.610423,12.896378,15.858794,19.233313,19.017933,15.176592,19.260569,19.02803,16.712582,17.107515,14.706747,15.996239,20.809675,18.205118,15.01734,19.089565,17.926636,21.831196,21.93092,26.920137,28.39314,25.725863,21.965334,18.975311,17.539188,16.930773,15.597972,17.659351,17.463991,20.46289,22.299826,23.134771,25.005621,24.62591,21.121454,19.22654,16.83919,13.348512,11.55357,11.626044,10.384825,9.1898155,13.435693,15.313825,17.909883,21.929226,21.485,26.009039,24.418507,21.679125,22.19477,16.813738,19.475645,15.714669,18.910368,23.200417,23.480755,21.406296,24.210545,20.365017,24.060026,22.105978
32,21.58148,18.184658,18.32161,17.03579,12.65883,13.345991,11.8101425,12.981224,14.204976,13.087783,18.086176,17.600712,22.76805,20.806509,17.427,16.546759,12.168279,10.255452,8.216292,6.325939,8.223573,7.277602,12.428464,11.9445305,15.817233,16.873974,14.8889065,16.300835,11.377521,10.319487,6.4043336,6.5755086,0.0,8.090117,8.772981,10.803944,14.350013,15.203984,13.245011,9.8316345,5.6893754,7.810115,4.65686,6.5881968,8.959323,9.745839,11.335267,14.294275,16.460909,18.570175,22.719463,21.877138,18.807325,20.989727,21.192713,17.38676,17.079355,16.539305,17.382097,22.30926,21.253965,18.526638,23.327135,22.630697,26.87841,26.655193,32.279083,33.809803,31.620392,27.374002,24.491034,23.694078,22.585217,21.577322,22.845633,22.590336,24.926193,26.135117,26.436333,27.423754,26.490383,23.320715,22.454401,19.899612,17.405472,16.457634,16.704138,16.779417,15.104474,19.33308,20.92193,22.644539,27.306444,26.050573,30.902458,29.891361,27.070911,28.109257,22.879309,25.700394,22.258745,25.286972,29.373905,29.98507,27.969494,30.588156,26.65767,30.144089,27.753471
33,28.632614,25.282938,24.68265,22.556839,18.47609,17.765669,15.337491,15.129983,13.397098,11.563373,14.432463,11.562287,17.005144,14.358805,10.679713,11.895868,7.720526,8.928543,8.173425,10.356532,13.719343,14.573284,19.516382,19.906137,23.558826,24.884174,22.603407,23.147236,18.375154,16.066992,13.794955,10.245604,8.090117,0.0,6.413752,4.5871525,8.5113535,10.60248,8.14391,7.3623185,7.245908,4.700603,8.116692,6.08584,12.037013,15.242645,16.633728,20.243917,22.27413,24.101738,27.713753,26.215326,21.848366,24.214474,22.291931,18.772444,17.05186,15.824785,14.646776,18.752396,18.218227,16.167526,22.309538,23.090813,27.377924,28.85351,33.455185,36.015865,34.17689,30.982452,27.186907,25.49899,23.478943,21.327291,21.738062,20.153519,21.779186,21.691288,21.045574,21.214067,19.448683,16.389242,16.495253,14.15325,13.202698,13.4922285,14.91327,17.471403,17.553658,21.817953,24.312119,26.023375,29.650814,28.146288,32.558083,30.752974,27.292149,28.701271,23.428307,27.433544,23.65754,27.86025,32.521767,31.761555,29.147675,31.146973,26.013481,29.045042,25.981747
34,26.705935,23.06824,23.022715,19.877851,16.810839,16.606226,12.5713,14.770478,11.538896,12.153218,13.2517805,13.782608,18.257612,14.66151,11.312975,9.612628,7.1547866,5.6936913,8.017248,8.727867,13.420562,13.163187,19.21375,19.625334,22.683514,24.474203,23.223566,24.744736,19.92946,18.217257,15.112494,13.005352,8.772981,6.413752,0.0,5.0704236,6.437616,8.435769,8.470748,5.1147256,5.412172,9.015752,11.231387,11.141421,16.125462,18.258928,19.693848,23.00957,24.9373,27.22257,31.224104,30.203793,26.496964,28.678675,27.69258,23.741653,22.25336,21.681736,20.856485,25.024162,24.602518,22.422789,28.376837,28.718195,32.979122,33.891693,38.788273,40.887966,38.515858,34.930412,31.673147,29.986729,28.658953,26.507433,27.546194,25.945482,27.917519,27.823729,27.000456,27.006239,24.61223,21.063879,21.252447,18.24064,17.428207,18.385658,17.96642,20.82581,19.554459,23.676867,25.801456,26.3565,30.619,28.174097,32.87714,31.989408,28.686226,30.725468,25.879095,29.824429,27.028587,30.98756,35.519672,35.16539,32.73187,34.084866,29.53478,32.200558,28.840563
35,30.96786,27.391607,27.212362,24.462719,20.942034,20.469494,17.029491,17.994896,14.769218,14.160466,14.935009,12.869053,17.707867,13.7801285,10.074623,10.913553,8.473882,9.492793,10.801106,12.603753,16.791895,16.888145,22.590393,22.636177,26.233263,27.508,25.58588,26.83741,21.942465,20.06428,17.031393,14.420308,10.803944,4.5871525,5.0704236,0.0,4.2961283,6.11896,4.5432706,4.6013656,7.238812,6.7204814,11.192546,10.423526,16.40769,18.867369,20.711721,23.917751,26.31836,28.01351,31.825834,30.175497,26.0324,27.78902,25.882046,21.947697,19.7987,19.36803,17.745596,21.374868,21.675022,20.029688,26.337664,27.392778,31.71199,33.231014,37.88404,40.527,38.761494,35.50428,31.732595,30.083372,27.991924,25.786808,25.99244,24.19434,25.482817,24.853806,23.713825,23.175272,20.75864,17.975922,18.90652,16.562248,16.535378,17.49119,18.554638,21.733929,21.55184,25.771166,28.223635,29.426085,33.196404,31.184752,35.643635,34.11144,30.580317,32.36354,27.288332,31.480936,27.99927,32.264107,36.940205,36.146812,33.500145,35.160973,29.983946,32.72789,29.36064
36,33.09039,29.463152,29.292084,25.939064,23.032007,22.413939,18.31084,19.785578,15.191761,15.560936,14.237757,13.215388,17.061975,12.251968,9.040518,9.273404,9.02564,10.188029,12.900963,14.873961,19.47283,19.558273,25.496103,25.816626,29.068754,30.656307,29.116154,30.515987,25.639856,23.697664,20.731377,17.9966,14.350013,8.5113535,6.437616,4.2961283,0.0,4.629658,6.0094175,6.6536255,10.190872,10.966992,15.34207,14.543244,20.424631,22.986692,24.693895,27.993946,30.224545,32.127033,35.96316,34.426952,30.257456,32.081516,30.084436,26.167072,23.87781,23.459553,21.53154,24.76251,25.176107,23.701866,30.12098,31.342764,35.585484,37.31979,41.74966,44.446995,42.483685,39.375404,35.638237,33.712414,31.768724,29.236027,29.551336,27.348633,28.589195,27.524935,25.9601,25.031847,21.925854,18.999977,20.364817,17.861729,18.556828,20.241554,20.6657,24.604856,24.2795,28.33069,30.826073,31.455698,35.129524,32.607517,36.96634,35.654312,32.05598,34.25648,29.502462,33.959198,30.933313,35.375034,40.125538,39.106045,36.390553,37.474987,32.29498,34.62109,30.92619
