,0,1,2,3,4,5,6,7,8,9,10,11,12,13,14,15,16,17,18,19,20,21,22,23,24,25,26,27,28,29,30,31,32,33,34,35,36,37,38,39,40,41,42,43,44,45,46,47,48,49,50,51,52,53,54,55,56,57,58,59,60,61,62,63,64,65,66,67,68,69,70,71,72,73,74,75,76,77,78,79,80,81,82,83,84,85,86,87,88,89,90,91,92,93,94,95,96,97,98,99,100,101,102,103,104,105,106,107,108
0,0.0,4.261121,6.3706217,9.454322,12.069751,14.216767,17.50244,21.116533,24.352865,26.515339,31.157936,29.410864,27.034363,26.191103,21.223246,21.783182,16.818045,17.702492,15.577778,15.489118,17.98645,14.714154,20.34237,23.263998,23.041155,26.304367,27.07285,27.803514,21.927217,25.1499,22.30748,25.827143,27.382381,26.702852,30.16571,30.25292,34.164253,35.559155,32.52722,30.073574,34.245113,31.587175,31.279207,31.698736,30.723656,30.912838,29.165625,31.288246,28.651878,34.014717,30.937666,33.10563,34.335426,32.838497,27.66094,28.214304,25.94105,27.875628,24.702074,25.799116,28.426899,29.470795,30.284092,34.294697,36.939545,38.604027,36.53523,35.95509,41.187603,41.208576,36.674957,39.47282,36.138382,42.67798,38.531284,41.068974,42.27285,39.831577,41.32463,40.988117,39.52717,38.129738,33.15068,31.554646,29.24291,28.44887,25.788044,24.34651,20.667019,20.529327,17.658297,16.991247,17.116148,17.046175,14.042436,12.002615,14.120502,15.065033,18.531403,20.013763,23.17139,24.913342,25.787193,26.339464,27.476568,27.389595,30.967564,31.975239,36.21515
1,4.261121,0.0,5.1956105,6.606183,8.71469,12.121431,14.201792,18.770561,21.434706,23.905128,28.299828,27.062796,25.145735,24.12793,19.315994,19.177128,14.444153,14.415377,12.826053,11.813906,14.672625,11.803982,17.572868,20.163954,20.072922,22.934801,23.260796,23.928194,17.955929,21.459383,18.572887,22.634094,24.461693,24.405497,27.703983,28.29586,32.06704,33.077873,29.993378,27.324415,31.12113,28.1166,27.551353,27.871326,26.662264,26.81973,24.972143,27.174978,24.609875,30.064955,27.235588,29.481504,31.022945,29.63981,24.420202,24.992529,22.246466,24.260708,21.30985,22.069527,24.454098,25.809566,26.401884,30.531046,33.309956,34.75171,32.53536,31.932627,37.203396,37.08023,32.466312,35.27435,32.02044,38.606228,34.66327,37.176323,38.582317,36.267956,37.94074,37.8385,36.35705,34.70129,29.83053,27.940203,25.46274,24.51505,21.74185,20.099386,16.421267,16.413631,13.702832,13.653876,13.920383,14.603086,11.365979,8.579631,10.868777,10.989444,14.837685,16.114023,19.542778,21.837692,22.435595,23.011768,24.40844,23.76307,27.576008,28.5325,32.71838
2,6.3706217,5.1956105,0.0,5.2332854,6.8397303,8.277507,11.906727,14.895052,18.444307,20.263823,25.146078,23.567266,21.177464,20.720446,15.710751,16.725517,12.410586,13.385505,13.1689,13.411295,17.047945,15.336623,21.030367,23.686415,24.313683,26.760809,26.507498,26.700932,20.059877,23.290363,19.580496,23.693905,23.663157,24.129744,26.682377,26.935085,31.05848,32.255554,29.817665,27.746237,31.061453,29.003277,27.965525,29.293056,27.395245,28.630163,26.828537,29.521095,27.240507,32.812626,30.542446,32.611412,34.710926,33.02836,27.915106,27.963308,24.762218,26.24501,22.874714,22.97616,25.41635,25.64059,25.908813,29.771746,31.67482,34.017853,32.25929,31.258062,36.37843,37.0061,32.638756,35.25436,31.565847,37.932865,33.34751,36.19227,37.04377,34.664875,36.129337,35.596924,34.53937,33.22698,27.97791,26.73085,24.231945,24.216614,21.149225,20.908794,17.539295,18.234917,16.562891,16.81552,18.036135,18.660765,14.628292,11.978587,12.811358,12.216179,15.942135,15.738871,19.179161,20.981384,20.951117,21.068413,21.555723,21.793425,25.068596,26.132643,30.379932
3,9.454322,6.606183,5.2332854,0.0,3.760628,6.2335286,8.51334,12.915894,15.2702265,18.097332,22.131662,20.609135,18.8494,17.585667,12.890668,12.596437,7.985881,8.42692,8.106506,8.643667,12.445936,11.767979,17.089077,19.7186,21.23277,23.34291,23.08799,22.642094,15.663338,18.421234,14.55581,18.506344,18.634272,19.209034,21.841013,22.442451,26.377634,27.35842,24.771183,22.587074,25.87849,23.815424,22.910843,24.377375,22.75281,24.28846,23.001371,25.974754,24.229486,30.008999,28.159092,30.70555,32.958794,31.955736,26.82643,27.317526,23.433153,25.289965,22.63004,22.034626,23.687107,24.706211,24.12871,28.256208,29.96436,32.17212,30.072615,28.611992,33.825836,34.25917,29.387829,31.64807,27.939674,34.16918,29.619297,32.023476,32.99612,30.446514,31.877851,31.550787,30.11967,28.72782,23.699116,22.237034,20.125109,19.655445,17.49023,17.246393,14.558536,16.105873,14.748154,16.471176,17.039648,18.967852,15.48539,11.998496,13.408586,10.7276535,15.403004,14.067634,18.417795,21.369215,20.406118,20.235134,20.47247,19.214027,22.831123,23.168322,27.50852
4,12.069751,8.71469,6.8397303,3.760628,0.0,5.3749194,5.510672,10.6640835,12.811006,15.432116,19.65306,18.884762,17.466383,16.574701,12.133447,11.665992,8.377274,7.5057096,9.572596,8.963117,13.270089,13.396814,18.393349,20.424482,21.845194,23.325605,22.232058,21.811777,14.843538,18.001465,13.856625,18.672647,18.271338,20.040567,21.964666,23.025595,26.873087,27.43901,25.157059,23.00492,25.445435,23.28706,21.68378,23.374,20.91001,22.757744,21.107782,24.231174,22.51547,28.211893,26.776403,29.044455,31.765387,30.492058,25.543695,25.631462,21.41692,22.904026,20.17832,19.101072,20.695549,21.28067,20.568249,24.615974,26.233727,28.546616,26.587334,25.127892,30.299692,30.92798,26.295202,28.66037,24.881979,31.18062,26.635529,29.387737,30.389843,28.098679,29.757122,29.523546,28.4321,26.80407,21.6632,20.098936,17.450424,17.451445,14.429939,14.712645,12.02775,13.851281,13.390948,15.363376,16.723923,18.710117,14.889832,11.553803,11.949697,8.492318,12.884385,10.652089,15.035612,18.076036,16.750673,16.49931,16.83718,15.658614,19.31341,19.96596,24.235842
5,14.216767,12.121431,8.277507,6.2335286,5.3749194,0.0,5.9769926,7.115022,10.618611,12.642535,17.184902,15.295642,13.070974,12.572868,7.6643486,9.156744,6.5093374,8.276695,10.843906,12.514047,16.544697,17.188013,21.917608,24.29826,26.408226,27.898983,26.89859,25.934507,18.729696,20.954094,16.389534,20.194086,17.594093,19.312143,20.502617,20.836739,25.06362,26.08109,24.541933,23.249846,25.480333,24.742289,23.106361,25.872938,23.314655,26.2208,25.053244,28.49972,27.21058,32.90482,31.822596,34.116398,36.994095,35.732735,30.84817,30.796867,26.46293,27.688667,24.820078,23.357664,24.812626,24.549189,23.34213,26.999763,27.406118,30.727531,29.21624,27.162594,32.041454,33.424076,28.945114,30.820322,26.634218,32.36971,27.045105,29.820488,30.03228,27.448114,28.602959,27.734056,26.931013,25.981613,20.526428,20.02922,17.97861,18.931927,16.577473,18.37748,16.492008,18.788027,18.708345,20.647118,22.06284,23.901197,19.889376,16.710127,16.848972,13.637423,17.609789,14.399668,18.514406,20.985054,18.920467,17.996332,16.737318,16.314829,19.055784,19.323431,23.685497
6,17.50244,14.201792,11.906727,8.51334,5.510672,5.9769926,0.0,6.841696,7.5170994,10.584209,14.291241,14.121779,13.480261,12.606308,9.187152,7.9833217,7.513048,5.6552153,10.637889,10.470376,14.577946,16.359644,20.306421,21.8319,24.040594,24.645039,22.801231,21.636688,14.715491,17.14051,12.531321,17.346739,15.129584,18.382614,19.046757,20.525507,24.201586,24.33891,22.755404,21.089708,22.30362,20.906157,18.538095,21.268835,17.960743,21.100998,19.796967,23.405336,22.45539,28.002665,27.548632,29.791357,33.09178,32.024834,27.443682,27.335236,22.480272,23.603642,21.341736,19.105177,19.863565,19.986263,18.123281,21.930777,22.489328,25.417294,23.661257,21.454128,26.428799,27.601654,22.993696,24.860079,20.725258,26.634422,21.626791,24.482561,25.153564,22.870632,24.511896,24.213724,23.411978,21.793493,16.497065,15.235612,12.531151,13.484716,10.601826,12.855412,11.672271,14.628839,15.62344,18.465948,20.058786,22.560175,18.901314,15.705811,15.413865,10.828535,14.492368,9.977143,14.465279,17.88005,15.030976,13.999071,13.196149,11.080479,14.526063,14.6586485,19.005096
7,21.116533,18.770561,14.895052,12.915894,10.6640835,7.115022,6.841696,0.0,5.2248607,5.6131516,10.709098,9.49032,7.7346263,8.652222,5.849046,8.099154,9.902438,10.666627,15.381155,16.766043,20.670921,22.516582,26.462406,28.23096,30.758995,31.365248,29.435322,28.003086,21.17157,22.898108,18.167099,21.92425,17.134775,20.633533,19.967272,20.63062,24.583042,25.084457,24.715017,24.17905,24.683334,24.994982,22.387972,26.229239,22.583138,26.721401,25.670189,29.430727,28.753754,34.085796,33.998436,35.989944,39.540646,38.18064,33.754604,33.233845,28.433191,29.015932,26.389875,23.874153,24.716646,23.35189,21.211086,24.148342,22.992382,27.3394,26.45691,23.733252,28.026352,30.361898,26.467068,27.805775,23.307522,28.257761,22.34461,25.526812,25.00425,22.643595,23.671452,22.42644,22.522041,21.809149,16.174967,16.6549,14.585171,17.214437,14.7559,18.626883,17.960268,20.870735,22.16355,24.541077,26.554594,28.596191,24.48945,21.587345,20.763605,16.929535,19.85942,14.935203,18.371363,20.554968,17.055576,15.223285,12.117212,12.143474,13.549373,13.596255,17.767624
8,24.352865,21.434706,18.444307,15.2702265,12.811006,10.618611,7.5170994,5.2248607,0.0,4.656113,6.8796067,7.134471,7.92756,7.561153,7.3799877,6.5729885,10.552367,9.886407,15.312808,16.345297,19.7173,22.558884,25.540668,26.80214,29.825739,29.785246,27.52535,25.543833,19.202732,20.218729,15.695408,19.134613,13.713926,18.374933,16.882582,18.334002,21.724411,21.56182,21.484417,21.075958,20.552643,21.14725,18.124252,22.452414,18.55027,23.365107,22.809273,26.737394,26.741262,31.857105,32.425205,34.586563,38.33491,37.47513,33.323772,33.013424,27.823889,28.491455,26.62374,23.490059,23.426123,22.64933,19.55851,22.451376,20.85713,25.022633,23.919743,20.603033,24.757435,27.036366,22.871002,23.646492,19.086517,23.62981,17.594784,20.463638,19.949715,17.488539,18.625917,17.676605,17.63326,16.659725,11.035049,11.5478115,9.821505,12.897428,11.54509,16.224691,16.8267,20.300875,22.188925,25.35828,27.051033,29.74908,26.131557,23.08033,22.409027,17.714434,20.55836,14.933607,18.516865,21.5117,17.271242,15.204903,11.996264,9.551681,10.996556,9.628294,13.918656
9,26.515339,23.905128,20.263823,18.097332,15.432116,12.642535,10.584209,5.6131516,4.656113,0.0,6.004761,7.007758,7.2469425,9.103258,9.417947,10.605431,14.260608,14.147063,19.480963,20.454557,24.075775,26.594505,29.916048,31.17259,33.8994,33.839287,31.283522,29.562517,23.363993,24.687105,20.198402,23.77745,18.022673,22.65262,20.743193,21.82802,25.226921,25.141436,25.59337,25.510712,24.600695,25.526588,22.2503,26.645226,22.303314,27.150639,26.236471,30.068724,29.907742,34.784496,35.47435,37.223927,41.196484,39.862705,35.879704,35.093678,30.06079,30.206656,27.978773,24.760696,24.974829,22.98701,20.078314,22.254734,19.73066,24.757273,24.387583,21.13555,24.741627,27.794931,24.497406,25.291666,20.722916,24.772228,18.547586,22.018766,20.900452,18.908197,19.898218,18.472727,19.45614,18.83172,13.450283,14.7101345,12.760327,16.609062,14.358903,19.434412,19.773668,22.927906,25.072687,27.73828,29.999434,32.22144,28.244238,25.546307,24.264967,20.149273,22.284103,16.618965,19.280302,21.28374,16.859682,14.448422,10.030757,10.013272,9.675241,9.264093,12.984516
10,31.157936,28.299828,25.146078,22.131662,19.65306,17.184902,14.291241,10.709098,6.8796067,6.004761,0.0,5.343494,8.646439,9.333208,12.200202,11.791138,16.739199,16.200226,21.460264,22.585333,25.50495,28.846426,31.182209,32.0731,35.404728,34.801636,32.121227,29.753754,24.242285,24.513159,20.49556,23.037449,16.281786,21.622906,18.496517,19.987307,22.578852,21.898966,23.190279,23.72467,21.499163,23.463749,19.994473,25.052643,20.782122,26.3949,26.254423,30.165863,30.822987,35.36035,36.74392,38.692165,42.780952,42.019104,38.325474,37.79667,32.48269,32.731396,31.240248,27.550224,26.870667,25.441917,21.639143,23.459818,20.044783,24.974174,24.56715,20.57738,23.533018,26.742992,23.406477,23.173119,18.683517,21.396563,14.859805,17.658627,15.796126,13.599949,14.176266,12.522568,13.912479,13.6456375,8.813335,11.331377,10.872911,15.136305,14.844926,20.390486,21.969921,25.523533,28.015284,31.319426,33.165726,35.95005,32.405308,29.53294,28.529959,23.82838,25.999514,20.021978,22.712439,25.267715,20.377604,17.857798,13.529655,11.388835,10.193232,7.3115273,10.178541
11,29.410864,27.062796,23.567266,20.609135,18.884762,15.295642,14.121779,9.49032,7.134471,7.007758,5.343494,0.0,4.122821,4.6030397,8.634155,9.426559,14.315323,15.221723,19.712126,22.019953,24.885803,27.984055,30.551153,32.044376,35.680035,35.65804,33.677402,31.19211,25.048313,25.014835,20.738531,22.492395,14.975682,19.257137,16.235432,16.720858,19.86677,20.04525,21.465212,22.453224,21.218666,23.904327,21.246578,26.441963,23.05243,28.552345,28.705666,32.705963,33.19102,38.169334,39.042603,41.33303,45.096107,44.452805,40.3488,40.10294,34.862267,35.48815,33.674446,30.412651,30.141699,29.025545,25.607344,27.881184,24.951384,29.810707,29.173952,25.341116,28.648357,31.573788,27.763945,27.643698,23.125109,26.089912,19.5948,21.760927,19.831814,16.995613,16.843678,14.626172,15.212311,15.849092,10.912403,13.72546,14.029799,17.41873,17.735384,22.703468,23.783134,27.359108,29.166264,32.38447,33.89084,36.64377,32.97494,29.825144,29.309212,24.722885,27.660583,22.020512,25.344908,27.921745,23.44609,21.073345,16.789507,15.194069,14.810822,12.371347,15.518045
12,27.034363,25.145735,21.177464,18.8494,17.466383,13.070974,13.480261,7.7346263,7.92756,7.2469425,8.646439,4.122821,0.0,3.9580495,6.3384786,9.300825,13.115287,15.0257015,19.079947,21.804192,24.984047,27.496155,30.672827,32.575024,35.977863,36.436867,34.74827,32.56303,25.94169,26.333311,21.797165,23.78186,16.696112,20.056927,17.82614,17.624102,21.346054,22.158735,23.189795,24.017145,23.75777,26.126717,23.790045,28.676743,25.475288,30.578194,30.439455,34.40505,34.449265,39.679882,40.07573,42.34184,45.945496,45.03316,40.68513,40.378155,35.346817,36.004425,33.7276,30.859053,31.13731,29.782045,26.903757,29.349731,26.799973,31.761848,31.164362,27.67354,31.25748,34.147285,30.323662,30.649921,26.070635,29.587479,23.129532,25.560175,23.83218,21.030798,20.947947,18.708513,19.144787,19.77551,14.659043,16.98697,16.76069,19.85304,19.438162,24.01297,24.353006,27.682419,29.067404,31.867771,33.469387,35.867413,31.937479,28.821405,28.339663,24.209026,27.332996,22.080515,25.47353,27.671013,23.632439,21.392752,17.158691,16.69636,16.616796,15.0769825,18.5214
13,26.191103,24.12793,20.720446,17.585667,16.574701,12.572868,12.606308,8.652222,7.561153,9.103258,9.333208,4.6030397,3.9580495,0.0,5.064136,6.3889637,10.705495,12.66624,16.305927,19.402506,22.153059,24.97525,27.701036,29.634274,33.38755,33.849117,32.477844,30.006943,23.446768,23.314095,18.923006,20.256153,12.958403,16.130568,13.9304905,13.792351,17.58641,18.456327,19.28904,20.152166,20.167238,22.713072,20.76927,25.689314,23.058931,28.155891,28.450054,32.43487,32.7066,38.023808,38.39128,40.980194,44.388878,43.90704,39.487087,39.564068,34.440044,35.470886,33.5233,30.690624,30.700325,30.168365,27.102425,29.929634,27.83762,32.281734,31.228659,27.638046,31.47164,33.870075,29.50483,29.672771,25.177076,28.777557,22.48832,24.32775,22.907793,19.725662,19.577368,17.621872,17.19035,17.790728,12.758951,14.864921,15.290463,17.681923,18.306387,22.475458,23.10424,26.615213,27.784954,30.962948,32.05993,34.842056,31.250364,27.882072,27.897268,23.396046,26.976284,21.8194,25.722023,28.558006,24.562616,22.482817,18.791199,16.99199,17.677385,15.508825,19.176004
14,21.223246,19.315994,15.710751,12.890668,12.133447,7.6643486,9.187152,5.849046,7.3799877,9.417947,12.200202,8.634155,6.3384786,5.064136,0.0,5.0077033,6.996699,9.776301,13.135837,16.228758,19.476528,21.557766,25.071835,27.321058,30.582453,31.524984,30.391258,28.425068,21.404785,22.091562,17.441957,19.65693,14.00787,16.375595,15.800283,15.652826,19.899576,21.039993,20.772734,20.76293,21.970657,23.243408,21.503077,25.67049,23.124098,27.457888,27.239021,31.093792,30.769045,36.333584,36.102306,38.643032,41.830414,41.07369,36.414345,36.479126,31.621859,32.767307,30.432426,28.104101,28.682182,28.234838,25.83809,29.05405,27.89091,32.014484,30.770054,27.719559,32.061043,34.096783,29.58764,30.450363,25.975784,30.549423,24.522064,26.781116,26.03203,23.021124,23.417713,21.899548,21.237429,21.187372,15.811191,16.769218,16.137705,17.965572,17.461159,20.850142,20.546988,23.70861,24.375658,27.140265,28.291653,30.749268,26.997143,23.651188,23.780695,19.694118,23.524351,18.96375,23.064163,25.776587,22.423582,20.698889,17.716263,16.50103,18.07013,16.894505,21.048885
15,21.783182,19.177128,16.725517,12.596437,11.665992,9.156744,7.9833217,8.099154,6.5729885,10.605431,11.791138,9.426559,9.300825,6.3889637,5.0077033,0.0,5.349953,6.3673015,10.288575,13.051895,15.820161,18.728872,21.455378,23.356482,27.005934,27.565893,26.407673,24.06212,17.278568,17.431559,12.882,14.909428,9.389096,12.571994,12.10541,13.020808,16.903975,17.4717,16.713266,16.285717,17.350605,18.255156,16.548721,20.72776,18.453611,22.87752,23.084583,26.983917,27.059706,32.5721,32.58993,35.40046,38.545788,38.297386,33.752544,34.17071,29.09424,30.542124,28.833038,26.28664,26.279226,26.774921,23.961143,27.45574,26.69433,30.14968,28.430248,25.242178,29.734701,31.226788,26.231514,26.888893,22.579058,27.21279,21.54515,23.279228,23.054007,19.904978,20.549995,19.653912,18.269844,17.712584,12.544298,12.73597,12.512707,13.541659,14.189009,17.267118,17.669115,21.167768,21.985615,25.42096,26.095226,29.167841,25.947865,22.401413,22.89185,18.099804,22.136662,17.433975,21.91893,25.465347,21.936543,20.343555,18.00065,14.960219,17.25465,15.395302,19.592554
16,16.818045,14.444153,12.410586,7.985881,8.377274,6.5093374,7.513048,9.902438,10.552367,14.260608,16.739199,14.315323,13.115287,10.705495,6.996699,5.349953,0.0,4.605921,6.174142,9.778162,12.798042,14.678588,18.235023,20.746859,23.999117,25.335941,24.890524,23.050709,15.878673,16.686565,12.229974,14.565522,11.756769,12.8138275,14.43271,14.873498,18.96671,20.04338,18.185837,16.94615,19.676598,19.393581,18.486088,21.517109,20.003403,23.23679,23.135727,26.742514,26.205347,31.9815,31.18478,34.128273,36.791725,36.485443,31.611225,32.2826,27.60781,29.423807,27.434242,25.656849,26.22341,27.19991,25.180845,29.08956,29.365631,32.29543,30.286707,27.708948,32.606167,33.55761,28.355753,29.596413,25.519005,30.841623,25.631763,27.409906,27.720577,24.664663,25.515934,24.854687,23.17085,22.377707,17.425667,16.809809,16.033415,15.984821,15.932952,17.449543,16.726332,19.675402,19.487001,22.51698,22.798014,25.656225,22.51357,18.83876,19.970242,15.723414,20.344929,16.840345,21.60344,25.119946,22.536081,21.476713,20.09886,17.580685,20.598192,19.509754,23.86444
17,17.702492,14.415377,13.385505,8.42692,7.5057096,8.276695,5.6552153,10.666627,9.886407,14.147063,16.200226,15.221723,15.0257015,12.66624,9.776301,6.3673015,4.605921,0.0,5.7382927,6.8330455,10.177849,12.836532,15.997387,17.831194,20.974072,21.751677,20.766233,18.91061,11.745861,13.008854,8.330278,12.158631,10.7932415,13.157063,14.725775,16.347,19.833374,20.076303,17.836876,15.859625,18.00569,16.527472,15.11671,17.737215,15.807,18.849226,18.568647,22.215128,21.77246,27.502058,26.949928,29.886724,32.72726,32.54814,27.839512,28.5475,23.650742,25.518059,23.9619,21.927856,22.106434,23.633886,21.442514,25.517118,26.286236,28.620249,26.321,23.874113,28.904215,29.44293,24.079653,25.475256,21.584116,27.233253,22.511398,24.306177,25.221498,22.454794,23.822252,23.765343,21.9891,20.467684,15.716268,14.091303,12.735241,12.060703,11.823433,12.891704,12.500917,15.724192,15.983026,19.561981,19.853966,23.133505,20.300442,16.63553,17.636185,12.707354,17.198364,13.4785385,18.378448,22.458641,19.788061,18.912512,18.268526,14.709142,18.333271,17.29888,21.56787
18,15.577778,12.826053,13.1689,8.106506,9.572596,10.843906,10.637889,15.381155,15.312808,19.480963,21.460264,19.712126,19.079947,16.305927,13.135837,10.288575,6.174142,5.7382927,0.0,5.24198,7.0716796,8.92681,12.150649,14.949498,18.333567,20.047014,20.473093,18.71229,11.845452,12.521315,8.982138,10.965357,12.150454,11.674014,15.163235,16.17458,19.537825,20.360415,17.170147,14.699111,18.709848,16.800138,16.931313,18.478338,18.306599,20.163858,20.341047,23.51889,22.90295,28.689848,27.405283,30.772188,32.84016,33.138176,28.192759,29.554926,25.165922,27.636017,26.219126,24.974628,25.348888,27.695473,25.986595,30.275307,31.63593,33.468582,30.855238,28.721888,33.85038,33.82372,28.16745,29.597984,26.092651,31.717813,27.429115,28.64045,29.780394,26.816748,27.950186,27.96686,25.591303,24.28338,20.106455,18.378485,17.707481,15.952859,16.594118,16.065435,15.187288,17.695396,16.605473,19.92981,19.055344,22.434486,20.266327,16.44699,18.658854,14.526854,19.485317,17.283447,22.199087,26.287565,24.391205,23.886581,23.699839,20.28168,24.042757,22.947721,27.158688
19,15.489118,11.813906,13.411295,8.643667,8.963117,12.514047,10.470376,16.766043,16.345297,20.454557,22.585333,22.019953,21.804192,19.402506,16.228758,13.051895,9.778162,6.8330455,5.24198,0.0,4.3649263,6.3142548,9.872416,11.810491,14.385501,15.771011,15.692528,14.49514,7.5135403,9.941587,6.863514,11.164379,14.437498,15.148673,18.366268,20.209827,23.106354,23.211905,19.766506,16.568302,19.903261,16.330704,15.972883,16.300148,15.758894,16.487926,15.984697,18.907953,17.894178,23.711746,22.251741,25.554937,27.664669,27.913326,23.007643,24.433771,20.049747,22.682323,21.594479,20.518763,20.814518,23.830019,22.468609,26.910517,29.16341,30.174454,27.278587,25.69728,30.957584,30.352594,24.726358,26.645782,23.54545,29.651798,26.11062,27.53012,29.353998,26.869549,28.573828,29.1257,26.882057,24.865046,20.9026,18.268976,16.722713,14.34101,14.039982,12.01798,10.667065,12.8255205,11.616798,15.330407,14.345853,18.104454,16.347797,12.612375,14.892191,10.5447855,15.310466,13.859543,18.602331,23.012796,21.584805,21.539179,22.440376,18.690653,22.953852,22.37048,26.381573
20,17.98645,14.672625,17.047945,12.445936,13.270089,16.544697,14.577946,20.670921,19.7173,24.075775,25.50495,24.885803,24.984047,22.153059,19.476528,15.820161,12.798042,10.177849,7.0716796,4.3649263,0.0,4.7997203,5.846477,7.9768248,11.553964,13.062257,14.088455,12.451925,6.7039175,7.6449914,6.64538,9.001306,14.672474,14.301222,18.218277,20.223738,22.478184,22.442644,18.39619,14.682684,18.68712,14.417381,15.179914,14.452099,15.501691,15.325063,15.671475,18.166157,17.59079,23.140497,21.591642,25.35608,26.931816,27.997057,23.26854,25.34726,21.227146,24.28165,23.879995,22.98553,22.82338,26.664644,25.191113,29.633541,32.089867,32.5765,29.379362,27.826822,32.9685,31.827682,25.936901,27.56903,24.927168,30.70181,27.721457,28.439524,30.560493,28.023094,29.636982,30.487833,27.743988,25.688318,22.468073,19.578825,18.734505,15.456387,16.505865,13.687503,13.0836315,14.917872,13.3413,17.198803,15.101061,19.287352,18.564627,15.053735,17.873201,13.91443,18.326433,17.398315,21.938112,26.55956,25.229519,25.267342,26.299555,21.977678,26.253649,25.256624,29.05529
21,14.714154,11.803982,15.336623,11.767979,13.396814,17.188013,16.359644,22.516582,22.558884,26.594505,28.846426,27.984055,27.496155,24.97525,21.557766,18.728872,14.678588,12.836532,8.92681,6.3142548,4.7997203,0.0,5.7812567,8.754255,10.373649,13.310835,15.165039,14.7950325,9.92724,11.9591255,11.20972,13.59625,18.987085,17.963764,22.252869,23.740202,26.282713,26.64903,22.532103,18.91295,23.347942,19.083569,19.919043,18.755718,19.738615,18.751186,18.395224,20.306831,18.85766,24.294243,21.791119,25.369267,26.36389,27.1037,22.115742,24.313114,20.94938,24.151075,23.348265,23.35374,23.908613,27.69214,27.034756,31.532444,34.532333,34.863483,31.711248,30.67917,35.93816,34.675663,29.039124,31.135815,28.582449,34.68225,31.749107,32.809887,34.956036,32.48888,34.15349,34.86353,32.274265,30.271427,26.742058,23.954546,22.666052,19.695324,19.670916,16.38347,14.543671,15.310641,12.510213,15.301944,12.646255,16.320993,15.923153,12.606641,16.130632,13.508782,17.861147,18.339367,22.57806,26.747396,26.285376,26.682535,28.169333,24.664843,29.037533,28.596165,32.52366
22,20.34237,17.572868,21.030367,17.089077,18.393349,21.917608,20.306421,26.462406,25.540668,29.916048,31.182209,30.551153,30.672827,27.701036,25.071835,21.455378,18.235023,15.997387,12.150649,9.872416,5.846477,5.7812567,0.0,3.9596107,7.6792374,10.174259,13.291755,12.175398,9.716205,9.772185,11.320253,11.678493,19.047096,17.500645,21.988792,23.8831,25.49462,25.431314,20.880415,16.843786,21.400383,16.424362,18.297014,15.954577,18.564964,16.693417,17.433273,18.841904,18.249336,23.112995,20.942163,25.01917,25.553793,27.43602,22.966263,25.810593,22.533703,26.027462,26.213966,25.98729,25.722345,30.357475,29.267204,33.691105,36.733536,36.49049,33.018646,31.88698,36.911068,35.077114,29.188978,30.821093,28.830614,34.3926,32.181267,32.4122,34.910217,32.485542,34.093952,35.22678,32.153008,30.031403,27.453173,24.353695,23.78637,19.968695,21.393051,17.602955,16.977621,17.8632,15.507569,18.802532,15.425727,19.600306,20.23926,17.281157,20.702126,17.766838,21.647612,21.922924,26.034245,30.608862,29.863981,30.212858,31.723473,27.307032,31.670372,30.676035,34.280727
23,23.263998,20.163954,23.686415,19.7186,20.424482,24.29826,21.8319,28.23096,26.80214,31.17259,32.0731,32.044376,32.575024,29.634274,27.321058,23.356482,20.746859,17.831194,14.949498,11.810491,7.9768248,8.754255,3.9596107,0.0,5.468015,6.6211886,10.045245,8.89772,8.815886,8.727064,11.641394,12.241378,20.224882,19.431356,23.459208,25.857212,27.050928,26.44989,21.935852,17.708008,21.452013,15.63304,17.405521,13.967317,16.944908,13.985586,14.890995,15.74589,15.468183,19.881453,17.931454,22.170387,22.610567,25.017956,20.961718,24.053537,20.84644,24.42398,25.296331,24.97328,24.2233,29.409708,28.26661,32.5663,35.91312,35.056076,31.398705,30.495052,35.33027,33.01474,27.18694,28.789478,27.32008,32.711826,31.219471,31.21847,34.122646,32.012867,33.84903,35.362774,32.27915,29.815681,27.732174,24.244486,23.609053,19.41069,20.993021,16.589977,16.49027,17.134077,15.178044,18.713196,15.201876,19.649921,20.857828,18.256403,21.38099,18.390408,21.630962,22.066977,25.797758,30.536163,29.821701,30.302427,32.182728,27.374119,31.765745,30.77154,34.049404
24,23.041155,20.072922,24.313683,21.23277,21.845194,26.408226,24.040594,30.758995,29.825739,33.8994,35.404728,35.680035,35.977863,33.38755,30.582453,27.005934,23.999117,20.974072,18.333567,14.385501,11.553964,10.373649,7.6792374,5.468015,0.0,4.472475,8.82251,10.145237,11.428318,13.108688,15.594003,17.432102,25.0604,24.565641,28.571783,30.92158,32.36353,31.78992,27.336658,23.11782,26.626268,20.551464,21.761328,17.901411,20.120792,16.085075,15.775792,15.574898,14.170495,17.995733,14.882025,18.896845,18.54513,20.908909,16.91382,20.375217,18.192749,21.945204,23.00755,23.570883,23.223413,28.696619,28.419071,32.639812,36.811882,35.33342,31.640688,31.52379,36.34457,33.61534,28.243124,30.447569,29.355188,35.08404,34.0444,34.46367,37.635525,35.85046,37.974026,39.568596,36.760338,34.059265,31.754047,28.080673,26.746723,22.754805,23.082075,17.926298,16.908222,16.272478,13.604156,16.119673,11.961153,16.02478,18.328356,16.564142,19.769522,18.055304,20.434174,22.335077,25.357483,29.71379,29.909405,30.863707,33.51755,29.249296,33.772007,33.416,36.61726
25,26.304367,22.934801,26.760809,23.34291,23.325605,27.898983,24.645039,31.365248,29.785246,33.839287,34.801636,35.65804,36.436867,33.849117,31.524984,27.565893,25.335941,21.751677,20.047014,15.771011,13.062257,13.310835,10.174259,6.6211886,4.472475,0.0,5.2085667,6.661683,10.637771,11.968631,15.223098,17.171438,24.869392,25.169128,28.604677,31.424837,32.496674,31.404564,27.14257,22.903229,25.469505,18.949759,19.847008,15.299024,17.553976,12.6751795,12.552975,11.755387,11.010979,14.317665,11.9487915,16.242802,16.2535,19.249813,15.887282,19.37124,16.867538,20.523739,22.379017,22.434769,21.343554,27.250286,26.64272,30.652344,34.870033,32.892563,29.05862,29.010208,33.54878,30.432331,25.128944,27.167833,26.584991,31.986744,31.62987,31.782694,35.268513,33.80471,36.10161,38.034943,35.267742,32.29205,30.519299,26.581263,25.288748,21.06558,21.70488,16.309967,16.190735,15.690538,14.058383,17.1267,13.552128,17.83337,20.106722,18.482956,21.058987,18.821108,20.619675,22.081154,24.774359,29.34792,29.243155,30.172718,32.954906,28.20615,32.622116,32.1375,34.94481
26,27.07285,23.260796,26.507498,23.08799,22.232058,26.89859,22.801231,29.435322,27.52535,31.283522,32.121227,33.677402,34.74827,32.477844,30.391258,26.407673,24.890524,20.766233,20.473093,15.692528,14.088455,15.165039,13.291755,10.045245,8.82251,5.2085667,0.0,4.3354826,9.253145,11.560176,14.281318,17.540691,24.24855,25.819496,28.472395,31.644165,32.822456,31.372093,27.57645,23.517654,24.965393,18.409771,18.119236,13.772038,14.506794,9.255626,7.918507,6.8088756,5.9011283,9.857113,8.427482,12.687269,14.099431,16.600744,13.458676,16.371061,13.080308,16.469917,18.789246,18.257364,16.62551,22.720634,21.9704,25.804768,30.16802,27.856157,23.988398,24.148077,28.571032,25.324883,20.195883,22.500164,22.141151,27.664612,27.671741,28.144438,31.820656,30.761387,33.35997,35.452274,33.085175,29.8064,28.064005,23.942358,22.141422,18.158663,18.112362,12.485893,12.8624115,12.317491,11.974911,15.481589,13.0792675,17.381342,19.129719,17.68603,19.349335,16.72165,17.713638,18.80992,20.992483,25.637373,25.345003,26.321861,29.369267,24.53725,28.83469,28.591438,31.065334
27,27.803514,23.928194,26.700932,22.642094,21.811777,25.934507,21.636688,28.003086,25.543833,29.562517,29.753754,31.19211,32.56303,30.006943,28.425068,24.06212,23.050709,18.91061,18.71229,14.49514,12.451925,14.7950325,12.175398,8.89772,10.145237,6.661683,4.3354826,0.0,7.268703,7.953171,11.42234,13.895911,20.73856,22.397179,24.810728,28.148102,29.003979,27.3631,23.62567,19.617363,20.782862,14.155672,14.10713,9.512999,11.095128,6.0356426,6.7310104,7.128877,8.285255,12.319042,12.245716,16.371391,18.111822,20.692677,17.593306,20.206429,16.28648,19.41261,21.474432,20.189999,18.170023,23.937275,22.31523,26.184214,29.760397,27.951967,24.092142,23.458221,27.853521,24.911247,19.263966,20.878752,20.276325,25.442415,25.2155,25.178808,28.768007,27.487514,29.909815,32.06034,29.431488,26.233635,24.85973,20.750162,19.592014,15.212855,16.551186,11.543623,13.098135,13.828162,13.985315,18.174774,15.974521,20.551197,21.628962,19.551603,21.276676,17.680141,19.427013,19.221842,22.024511,26.990082,25.874256,26.417011,28.784536,23.34647,27.526869,26.65381,29.122944
28,21.927217,17.955929,20.059877,15.663338,14.843538,18.729696,14.715491,21.17157,19.202732,23.363993,24.242285,25.048313,25.94169,23.446768,21.404785,17.278568,15.878673,11.745861,11.845452,7.5135403,6.7039175,9.92724,9.716205,8.815886,11.428318,10.637771,9.253145,7.268703,0.0,5.0181,5.288825,10.102236,15.653901,17.50463,20.060482,23.016218,24.791698,23.76814,20.1776,16.392214,18.325453,12.829454,12.16771,10.436114,10.242128,9.206376,8.992668,11.774088,11.609506,17.17406,16.53463,20.192932,22.510271,23.661175,19.443714,21.307676,16.626638,19.51886,20.003002,18.437393,17.37158,21.888977,20.089085,24.411722,27.282782,26.95362,23.497684,22.18407,27.199848,25.548578,19.650887,21.462566,19.31596,25.242044,23.171053,23.956066,26.743683,24.846867,27.04634,28.507765,26.064608,23.261236,20.560764,16.855865,15.3362255,11.492391,12.185801,8.052511,8.74732,10.831101,10.810748,15.5020685,14.052942,18.621368,18.189547,15.214889,17.006664,12.471894,15.648426,14.381145,18.329882,23.361464,21.805872,22.003752,23.706074,18.629728,23.015923,22.184929,25.435005
29,25.1499,21.459383,23.290363,18.421234,18.001465,20.954094,17.14051,22.898108,20.218729,24.687105,24.513159,25.014835,26.333311,23.314095,22.091562,17.431559,16.686565,13.008854,12.521315,9.941587,7.6449914,11.9591255,9.772185,8.727064,13.108688,11.968631,11.560176,7.953171,5.0181,0.0,4.757217,6.074434,13.089061,14.469089,17.008242,20.223454,21.263807,19.948092,16.117458,12.141128,14.117752,8.21023,8.850294,6.826376,9.00748,8.802423,10.847896,13.559198,14.71557,19.59856,19.60105,23.531338,25.597055,27.486847,23.622963,25.763636,21.147865,24.016703,24.824154,22.965528,21.412016,25.90471,23.46401,27.566902,29.729332,29.570372,26.106684,24.197792,28.86836,27.23459,21.089245,21.960863,19.956083,24.979504,22.995808,22.788322,25.490793,23.297682,25.139238,26.754738,23.73766,21.128302,19.284885,15.68497,15.554258,11.121938,14.28447,11.3724575,13.265047,15.705674,15.804858,20.450033,18.637705,23.281643,23.014574,19.9005,21.876795,17.182125,20.538689,18.608324,22.680363,27.780539,25.671741,25.504108,26.49754,20.839388,24.868477,23.167294,26.224937
30,22.30748,18.572887,19.580496,14.55581,13.856625,16.389534,12.531321,18.167099,15.695408,20.198402,20.49556,20.738531,21.797165,18.923006,17.441957,12.882,12.229974,8.330278,8.982138,6.863514,6.64538,11.20972,11.320253,11.641394,15.594003,15.223098,14.281318,11.42234,5.288825,4.757217,0.0,6.2870092,10.393081,12.662202,14.854004,17.835554,19.738922,18.834452,15.505034,12.107222,14.051593,9.8735485,9.148336,9.877012,9.5525465,11.436567,12.352028,15.786321,16.312298,21.728691,21.627895,25.17917,27.717194,28.75767,24.51259,26.070555,21.119791,23.630196,23.613895,21.503506,20.442501,23.974089,21.432316,25.625772,27.286491,28.014977,24.89894,22.666054,27.581974,26.76476,20.731903,21.803091,18.926983,24.369137,21.265453,21.81472,23.945387,21.490683,23.263542,24.378069,21.726091,19.344929,16.396723,13.149255,12.553321,8.932415,11.354594,9.775705,11.218222,14.347236,14.719484,19.313034,18.325096,22.65831,21.411573,17.988008,19.611351,14.481195,18.331112,15.535655,20.046797,25.002493,22.554228,22.122255,22.619762,17.287487,21.319338,19.717337,23.220108
31,25.827143,22.634094,23.693905,18.506344,18.672647,20.194086,17.346739,21.92425,19.134613,23.77745,23.037449,22.492395,23.78186,20.256153,19.65693,14.909428,14.565522,12.158631,10.965357,11.164379,9.001306,13.59625,11.678493,12.241378,17.432102,17.171438,17.540691,13.895911,10.102236,6.074434,6.2870092,0.0,8.50493,8.601797,11.520068,14.534018,15.403953,14.454923,10.32636,6.335791,9.86994,6.311251,8.519361,9.437476,11.966179,13.937001,16.433422,19.412304,20.718122,25.598713,25.661089,29.583195,31.60583,33.425777,29.361286,31.396284,26.677559,29.407967,29.69221,27.65231,26.326052,30.050598,27.208895,31.217297,32.355137,33.169033,30.036062,27.42649,31.948904,31.063082,24.91796,25.121237,22.551556,26.859585,23.91212,23.267101,25.104124,22.223024,23.306723,24.421318,20.954346,19.175,17.385895,14.761225,16.010578,12.277838,16.672535,15.607082,17.443207,20.39699,20.354654,24.849478,23.146095,27.602577,26.772858,23.262598,25.376991,20.469126,24.508398,21.766851,26.3048,31.247213,28.600191,27.95326,27.853788,22.320786,25.879583,23.467854,26.725866
32,27.382381,24.461693,23.663157,18.634272,18.271338,17.594093,15.129584,17.134775,13.713926,18.022673,16.281786,14.975682,16.696112,12.958403,14.00787,9.389096,11.756769,10.7932415,12.150454,14.437498,14.672474,18.987085,19.047096,20.224882,25.0604,24.869392,24.24855,20.73856,15.653901,13.089061,10.393081,8.50493,0.0,6.185688,4.878254,8.333356,10.20416,9.490657,7.9408355,7.5840096,8.126511,10.292564,9.969664,14.573959,14.39092,18.998217,20.977654,24.667477,25.988148,31.00554,31.628836,35.07139,37.856274,38.903744,34.750866,36.00196,30.812239,32.839344,32.404224,29.66071,28.49514,30.620556,27.135843,30.676636,30.147345,32.470436,30.091362,26.592157,30.741674,31.272709,25.59975,25.217018,21.686016,25.221106,20.665916,20.34085,20.695087,17.175041,17.4757,17.609755,14.389459,13.675974,11.015902,10.322135,12.783635,11.421655,15.962944,17.837776,19.886187,23.561646,24.358307,28.692003,28.154581,32.17674,30.156595,26.4883,27.763144,22.477617,26.530092,22.204357,26.759556,31.220446,27.585108,26.185871,24.49933,19.428015,21.90792,18.762527,22.069431
33,26.702852,24.405497,24.129744,19.209034,20.040567,19.312143,18.382614,20.633533,18.374933,22.65262,21.622906,19.257137,20.056927,16.130568,16.375595,12.571994,12.8138275,13.157063,11.674014,15.148673,14.301222,17.963764,17.500645,19.431356,24.565641,25.169128,25.819496,22.397179,17.50463,14.469089,12.662202,8.601797,6.185688,0.0,5.328561,6.5074363,8.324188,9.335746,6.0564737,5.7137175,10.210305,12.23394,13.993241,17.15356,18.678844,22.066269,24.316624,27.637579,28.724657,33.8583,33.815285,37.605675,39.744328,41.136536,36.734715,38.457855,33.63351,36.105064,35.581814,33.43227,32.59904,35.174267,32.13418,35.95693,35.896107,38.029606,35.45018,32.234554,36.58011,36.762455,30.880209,30.682404,27.392925,31.042288,26.776554,26.177164,26.592749,23.015306,22.969473,22.91296,19.424265,19.245146,17.042015,16.466072,18.71357,16.787409,21.024347,21.8153,23.185528,26.462358,26.30561,30.396122,29.118582,33.109875,31.438349,27.652655,29.676094,24.853155,29.413382,25.933727,30.75887,35.217743,32.11132,30.93825,29.481127,24.819775,27.56406,24.678576,28.154322
34,30.16571,27.703983,26.682377,21.841013,21.964666,20.502617,19.046757,19.967272,16.882582,20.743193,18.496517,16.235432,17.82614,13.9304905,15.800283,12.10541,14.43271,14.725775,15.163235,18.366268,18.218277,22.252869,21.988792,23.459208,28.571783,28.604677,28.472395,24.810728,20.060482,17.008242,14.854004,11.520068,4.878254,5.328561,0.0,4.0940533,5.3974676,5.615227,5.4349437,7.654244,8.407349,12.885475,13.561861,18.070934,18.653828,23.188568,25.535728,29.107513,30.587273,35.509335,36.121174,39.687782,42.301266,43.542583,39.35419,40.732918,35.600338,37.689766,37.197483,34.500854,33.3668,35.366474,31.807732,35.213013,34.239822,36.855625,34.61681,30.928043,34.80278,35.535328,29.970905,29.20335,25.75827,28.539383,23.911993,23.060246,22.784266,19.042635,18.480589,18.11743,14.61857,15.087823,13.3597145,13.839788,16.962769,15.984318,20.68962,22.709148,24.695913,28.3282,28.902943,33.1446,32.41045,36.398045,34.376442,30.632236,32.09128,26.94383,31.16394,26.848335,31.433737,35.757645,32.03508,30.490667,28.333292,23.607115,25.607286,22.175182,25.233006
35,30.25292,28.29586,26.935085,22.442451,23.025595,20.836739,20.525507,20.63062,18.334002,21.82802,19.987307,16.720858,17.624102,13.792351,15.652826,13.020808,14.873498,16.347,16.17458,20.209827,20.223738,23.740202,23.8831,25.857212,30.92158,31.424837,31.644165,28.148102,23.016218,20.223454,17.835554,14.534018,8.333356,6.5074363,4.0940533,0.0,4.5300765,7.19424,7.763451,10.461841,12.170416,16.684,17.593472,21.91899,22.56426,26.958626,29.143837,32.724823,33.95234,39.055767,39.372555,42.962315,45.459152,46.564472,42.17217,43.53636,38.496582,40.60634,39.777313,37.263687,36.45832,38.168507,34.786892,38.21205,37.068707,40.05802,37.967484,34.278217,38.194347,39.176632,33.687313,33.02811,29.417843,32.224976,27.279512,26.639135,25.957958,22.147398,21.22752,20.287842,17.13122,18.239119,16.225348,17.293552,20.186382,19.613428,23.779829,25.910381,27.4491,30.998264,31.267962,35.25201,34.51506,38.28423,36.064083,32.266068,33.83559,28.94242,33.38463,29.167212,33.843227,37.924583,34.295357,32.6885,30.214853,26.113848,27.922073,24.632774,27.822355
36,34.164253,32.06704,31.05848,26.377634,26.873087,25.06362,24.201586,24.583042,21.724411,25.226921,22.578852,19.86677,21.346054,17.58641,19.899576,16.903975,18.96671,19.833374,19.537825,23.106354,22.478184,26.282713,25.49462,27.050928,32.36353,32.496674,32.822456,29.003979,24.791698,21.263807,19.738922,15.403953,10.20416,8.324188,5.3974676,4.5300765,0.0,3.8084733,5.9147577,9.896295,10.591498,16.160551,17.657051,21.810558,23.165802,27.486603,30.232616,33.627407,35.327045,40.07374,40.716686,44.42799,46.82872,48.369133,44.21417,45.784096,40.721596,42.918156,42.509487,39.857723,38.652515,40.72688,37.088566,40.395985,39.157284,41.842373,39.645008,35.837387,39.44756,40.20145,34.698353,33.56597,30.34146,32.41056,27.99815,26.55331,25.896275,22.15103,20.907316,20.30525,16.670654,18.012266,17.409557,18.424658,21.966377,21.00103,25.992613,27.932043,29.976974,33.552246,33.943043,38.16115,37.154213,41.173725,39.294464,35.514107,37.181316,32.136356,36.456825,32.228905,36.82854,41.12474,37.364433,35.754086,33.35988,28.764303,30.458935,26.819204,29.562984
