,0,1,2,3,4,5,6,7,8,9,10,11,12,13,14,15,16,17,18,19,20,21,22,23,24,25,26,27,28,29,30,31,32,33,34,35,36,37,38,39,40,41,42,43,44,45,46,47,48,49,50,51,52,53,54,55,56,57,58,59,60,61,62,63,64,65,66,67,68,69,70,71,72,73,74,75,76,77,78,79,80,81,82,83,84,85,86,87,88,89,90,91,92,93,94,95,96,97,98,99,100,101,102,103,104,105,106,107,108,109,110,111
0,0.0,4.331703,6.5513277,9.319326,12.132732,13.818274,17.144352,20.081888,23.104626,25.312597,28.783249,30.345066,33.43298,31.818075,31.623854,29.289711,27.614878,28.020954,24.421942,28.853495,27.899454,29.531443,30.992876,33.621284,35.120342,35.072247,35.19365,36.839287,35.149532,39.480057,34.51697,41.317463,38.754692,40.82845,37.24928,33.597332,33.21114,35.19985,31.595858,28.88548,29.875338,30.18584,27.017206,24.266863,27.049585,25.824863,19.57384,20.775263,22.943886,25.531294,28.659256,23.299725,28.02484,30.976103,30.50264,32.05278,30.397034,34.045513,36.1498,33.82223,34.226368,39.155766,42.68199,43.448193,39.720314,38.91885,43.866276,43.813168,38.744427,40.509304,44.086674,42.42381,38.20595,39.808743,35.930214,37.127426,33.3905,30.212757,28.140974,24.518341,21.175047,17.501648,17.347866,21.245445,25.127306,25.285692,29.8856,33.495544,36.872955,40.61013,43.351067,46.97462,48.257,47.979805,49.6857,46.906036,49.58288,46.659805,43.654037,47.983196,48.172203,43.750496,40.47003,44.439766,46.804558,43.678432,41.069187,40.071815,35.98172,33.91874,32.20545,29.17409
1,4.331703,0.0,5.1897388,6.636704,8.8866825,12.027295,14.035573,17.69521,20.620794,22.770054,26.423767,27.800222,30.653524,28.785103,28.08329,26.019562,23.952974,24.528343,20.45739,25.110147,24.0878,25.546394,27.326458,29.893072,31.25423,31.087208,31.521505,33.154343,31.758575,36.05079,31.543018,38.450108,36.06607,38.490868,34.798546,30.970137,31.015818,33.27922,29.369114,26.522331,28.218004,28.47585,24.859291,22.556845,25.920958,24.347208,17.831892,19.9031,22.487879,25.158175,27.752258,22.382124,27.708857,30.37934,29.46348,30.463377,28.492258,31.947535,34.6101,32.472393,32.109344,37.264946,40.60488,41.734295,37.94949,36.708946,41.48182,41.146606,36.048702,37.990368,41.223053,39.309357,35.253834,36.817616,33.199192,34.344368,30.606588,27.804205,25.54805,22.364883,18.693645,15.312829,14.411817,18.243807,22.276684,22.047085,26.795431,30.168179,33.488976,37.19688,39.80382,43.55397,44.68725,44.20751,45.960213,43.181145,45.85517,43.117226,39.80501,44.111645,44.57938,40.255245,36.73638,40.592323,42.85741,39.609016,37.078697,35.876118,31.963453,29.73155,28.094994,24.933575
2,6.5513277,5.1897388,0.0,5.338662,6.7221155,7.704031,11.479689,13.6836405,17.113815,18.898731,22.500301,23.878197,27.059977,25.440226,25.712545,23.617558,22.242113,23.216455,20.19989,25.144632,25.067375,26.872427,29.25738,30.728815,31.752182,31.139048,31.079613,32.1078,30.21066,34.262016,29.151054,35.806828,32.72057,35.089046,31.844824,27.958029,27.448801,29.988283,26.57894,23.50709,24.677761,25.941183,22.509378,19.404009,22.836102,22.625357,15.852373,16.967459,20.278145,22.224392,25.426294,21.237537,26.166307,28.404903,28.276587,29.697102,27.20162,31.020275,33.538795,30.48514,30.296358,35.62656,38.838985,39.633995,35.45864,34.35569,39.42959,39.05545,34.20215,36.658115,39.872887,37.88607,34.096447,36.413986,32.53833,34.43522,30.858099,27.667904,26.35555,22.493353,19.275309,16.476797,14.604314,17.96757,21.29287,22.195078,25.919214,30.10683,32.965096,36.883934,39.22008,43.25373,43.95198,43.581505,44.992092,41.88048,44.2883,41.214806,38.328724,42.47164,42.35496,37.87383,34.75175,38.741173,41.23119,38.394268,35.66158,35.315716,30.95881,29.312424,27.945312,25.30503
3,9.319326,6.636704,5.338662,0.0,3.8140652,6.8030915,8.162825,12.295811,14.433607,17.273687,20.548239,22.391745,25.039415,23.556648,22.898453,20.108944,18.61735,18.8233,15.968345,20.360813,20.28309,22.411224,24.544886,25.828949,27.037745,26.73017,26.373795,27.770609,25.881868,30.200407,25.23228,32.08796,29.868696,32.022068,28.243637,24.530582,24.576553,26.67245,22.74164,19.948502,21.694023,21.93694,18.270355,15.986587,19.559492,18.209091,11.466581,13.822341,16.883066,19.36424,21.677973,16.96067,22.452736,24.64702,23.86495,24.842829,22.403618,26.03453,28.798988,26.25553,25.71344,31.004135,34.24958,35.325623,31.403206,30.14027,35.004818,34.707077,29.672077,31.807024,35.09292,33.250893,29.22834,31.265152,27.413609,29.142035,25.540075,22.413654,21.031092,17.270124,13.976668,11.415219,9.272482,12.714926,16.25683,16.974,20.94184,24.988386,28.028187,31.899488,34.448467,38.278664,39.277256,39.09388,40.646076,37.803127,40.487335,37.447445,34.764137,39.239998,39.20533,34.75858,31.704721,35.967373,38.5338,35.59191,32.742485,32.135044,27.440577,25.943441,23.982069,21.646112
4,12.132732,8.8866825,6.7221155,3.8140652,0.0,5.5007777,5.189005,9.421631,11.964785,14.221731,17.82159,19.270145,21.896782,20.142591,19.52714,17.28084,15.62423,16.572527,13.642079,18.682453,19.075346,21.02924,23.914896,24.587751,25.369835,24.575626,24.459553,25.400358,23.637629,27.706665,22.991695,29.80849,27.220491,29.870605,26.332235,22.30438,22.50749,25.226381,21.330378,18.16593,20.45627,21.42863,17.395222,15.166728,19.410574,18.663897,11.845481,14.387878,18.150324,20.114445,22.219566,18.407606,23.954973,25.599146,24.870947,25.497711,22.481163,26.012774,29.247503,26.42496,25.126816,30.713732,33.630657,34.893276,30.694605,29.009476,33.826122,33.13782,28.26114,30.950422,33.756863,31.526342,27.932076,30.35715,26.743832,28.794851,25.339573,22.553009,21.468225,18.063866,14.817736,13.145594,9.669718,12.329957,15.434769,16.300678,19.71762,23.87657,26.517424,30.450157,32.622887,36.795258,37.314266,36.875763,38.28143,35.194855,37.671413,34.684227,31.74917,36.036224,36.046417,31.618282,28.416616,32.544956,35.08477,32.211315,29.381247,29.02415,24.402954,22.960238,21.421019,19.143774
5,13.818274,12.027295,7.704031,6.8030915,5.5007777,0.0,6.245317,6.5988855,9.721031,11.807928,15.022881,16.836277,19.992628,18.898699,19.851023,17.217106,16.93517,17.965378,16.935223,21.560583,22.848055,25.184336,28.145504,27.907276,28.498425,27.461287,26.527262,26.867874,24.329054,28.094936,22.366014,28.712866,25.305775,27.510975,24.530165,20.660795,19.831015,22.58198,19.524836,16.270405,17.283476,19.479862,16.112766,12.490164,16.393284,17.57077,10.955302,11.479948,15.884296,16.876099,19.967104,17.6451,22.257069,23.534618,23.953396,25.384941,22.09553,26.090607,28.708317,24.79384,24.274082,29.800598,32.695004,33.329475,28.780006,27.600302,32.83732,32.36003,27.82279,30.852438,33.897522,31.861177,28.452536,31.62472,27.604782,30.410585,27.20468,23.801455,23.835022,19.553776,17.204037,15.894379,12.633267,14.598071,16.52696,18.896252,20.93073,25.978483,28.132246,32.19598,34.18996,38.434376,38.67154,38.556118,39.568775,36.230312,38.434746,34.97195,32.86826,36.97977,36.124718,31.50417,29.049452,33.392826,36.227604,33.93036,30.86777,31.534283,26.404037,25.793804,24.43235,22.915154
6,17.144352,14.035573,11.479689,8.162825,5.189005,6.245317,0.0,6.0775075,7.223094,9.935572,13.21665,14.883153,17.127663,15.591592,14.877429,12.186524,11.069353,12.126602,10.766623,15.552877,17.095377,19.374031,22.751629,22.028646,22.404457,21.238798,20.559305,20.99105,18.887655,22.803688,17.898281,24.658472,22.09998,24.836164,21.319105,17.191898,17.640562,20.594316,16.66663,13.328567,16.233604,17.57348,13.298223,11.455537,16.237724,16.016764,9.789097,12.5615,16.742092,18.112751,19.566957,17.099823,22.458233,23.31614,22.658373,22.941496,19.293043,22.726915,26.291164,23.135544,21.12137,26.900545,29.479986,30.852112,26.45569,24.445225,29.223633,28.313406,23.61133,26.771772,29.272291,26.876095,23.617983,26.616117,23.063475,25.715618,22.579327,19.907898,19.759604,16.448938,13.920403,13.731471,9.224085,10.148846,11.961622,13.784801,15.809752,20.482107,22.549173,26.575901,28.451498,32.827168,32.97797,32.642128,33.808067,30.573103,32.95387,29.769838,27.241488,31.567509,31.209522,26.708986,23.840652,28.236486,30.99384,28.429144,25.369883,25.63794,20.444817,19.7684,18.205168,16.884678
7,20.081888,17.69521,13.6836405,12.295811,9.421631,6.5988855,6.0775075,0.0,4.868206,5.2545714,8.915097,10.306423,13.485166,12.375704,14.156463,12.156662,12.682425,14.745156,15.174407,19.73691,22.11878,24.3387,28.11227,26.47996,26.347967,24.578875,23.495825,22.823488,20.167381,23.244204,17.67053,23.569563,19.411259,22.292356,19.912252,15.662182,14.881593,18.732817,16.10394,12.346875,14.127532,17.78936,14.263508,11.017958,15.650963,18.012245,12.54139,13.103756,17.95286,17.908188,20.200354,19.797836,24.07351,24.248018,24.802313,25.664017,21.565367,25.23421,28.376028,24.010908,22.310411,28.06088,30.272636,31.092634,26.15322,24.36012,29.440958,28.381264,24.366344,28.315119,30.551256,28.033377,25.51077,29.462616,25.847408,29.313246,26.59209,23.704226,24.579933,20.873596,19.092834,19.14011,14.861749,15.195914,15.624578,18.600077,18.90698,24.16937,25.359531,29.400208,30.687325,35.3418,34.752174,34.45168,35.04976,31.33644,33.11371,29.548414,27.611847,31.370344,30.14359,25.510117,23.329494,27.625618,30.588518,28.759459,25.600758,27.20666,21.92127,22.083805,21.358253,20.70227
8,23.104626,20.620794,17.113815,14.433607,11.964785,9.721031,7.223094,4.868206,0.0,4.849507,6.4460654,9.164678,11.287307,11.021501,12.115324,8.579851,10.3307705,11.419747,13.821285,17.139372,20.20869,22.8025,26.37065,23.83786,23.64609,21.994009,20.05848,19.276146,16.096073,19.246962,13.131073,19.131126,15.671015,18.116476,15.247603,11.094711,10.6825485,14.238119,11.290647,7.508224,10.049803,13.438081,9.885184,7.406227,12.251334,14.597187,10.487756,11.316547,15.820473,15.531531,16.788979,17.351322,21.340548,20.93065,21.329243,21.868286,17.495655,20.989546,24.226841,19.839039,17.675163,23.428051,25.481098,26.395336,21.46704,19.513071,24.572998,23.570366,19.562359,23.586573,25.843351,23.48164,20.970682,25.204037,21.544132,25.37362,22.966036,20.099892,21.752256,18.17243,17.20052,18.229612,13.972301,13.083944,12.203311,15.966133,14.993542,20.578428,21.411839,25.434885,26.72464,31.244877,30.719233,30.786753,31.293676,27.732197,29.675745,25.872486,24.702953,28.759644,27.155901,22.465466,20.867804,25.614376,28.799316,27.188778,23.810314,25.66178,19.773428,20.707344,19.461536,19.762022
9,25.312597,22.770054,18.898731,17.273687,14.221731,11.807928,9.935572,5.2545714,4.849507,0.0,4.310392,5.125454,8.26752,7.527108,10.67814,9.405349,11.215956,13.859921,15.916092,19.780434,22.983673,25.097473,29.249163,26.478832,25.776842,23.495573,22.116865,20.491056,17.682398,19.893484,14.527168,19.608107,14.681655,18.12005,16.500462,12.133037,11.3290415,16.082489,14.20709,10.427223,12.613369,17.310268,14.158058,11.710013,16.125978,19.289978,15.269625,15.630677,20.282322,19.486362,21.04452,22.149933,25.879885,25.213858,25.929516,26.403942,21.893927,25.142733,28.477634,23.854658,21.35978,26.99986,28.55671,29.438707,24.308283,22.102346,26.908464,25.397963,22.05252,26.684528,28.199554,25.386436,23.759073,28.324118,25.120245,29.08002,26.88923,24.442818,26.047342,22.831127,21.662796,22.571838,18.071909,17.302334,16.44558,19.791292,18.49855,23.72299,23.976652,27.853098,28.490427,33.35707,32.06576,31.711779,31.873808,27.88286,29.225735,25.509512,24.022137,27.4021,25.634583,21.002193,19.378014,23.65306,26.777605,25.543974,22.298414,24.910711,19.52073,20.616245,20.412289,20.722498
10,28.783249,26.423767,22.500301,20.548239,17.82159,15.022881,13.21665,8.915097,6.4460654,4.310392,0.0,3.8376627,5.930369,7.213424,11.081682,9.199396,12.478634,14.389637,18.04279,20.806313,24.538574,26.863756,30.833082,27.277254,26.425407,24.143925,21.989674,19.900278,16.551937,18.173227,12.299551,16.399694,11.00262,14.041963,13.014476,9.030468,7.441351,12.537259,11.705715,8.391647,9.9259,15.421347,13.153525,11.114401,14.719809,18.768938,16.219666,15.940916,20.179064,18.676727,19.756123,22.291674,25.205582,23.863337,24.983213,25.479994,20.84901,23.893234,26.927412,21.918158,19.393637,24.696735,25.870878,26.483795,21.239134,19.129976,23.89427,22.40452,19.645071,24.546349,25.906345,23.285862,22.119926,27.161552,24.000422,28.419245,26.684471,24.226814,26.647686,23.442911,23.029615,24.475773,20.212725,18.781708,16.88854,20.84961,18.255514,23.630737,23.268532,26.980726,27.357931,32.08622,30.561966,30.573881,30.380003,26.391459,27.53426,23.46277,23.108303,26.357182,23.758581,19.12289,18.610834,23.07447,26.414797,25.781872,22.42058,25.72389,20.042257,22.01276,21.676373,22.82401
11,30.345066,27.800222,23.878197,22.391745,19.270145,16.836277,14.883153,10.306423,9.164678,5.125454,3.8376627,0.0,4.021517,4.5554967,10.066258,10.296466,13.016818,15.929118,18.984072,22.164085,25.853317,27.767092,32.149567,28.552307,27.349592,24.6408,23.108858,20.544127,17.773806,18.735468,14.043879,17.49254,11.367694,15.440018,15.237715,11.27533,10.220334,15.590954,14.996775,11.785775,13.639925,19.086699,16.649492,14.836917,18.556488,22.409805,19.497366,19.493946,23.87396,22.445564,23.579552,25.87828,29.001215,27.68665,28.678104,28.945742,24.269543,27.08674,30.388416,25.559418,22.62104,27.883017,28.742704,29.54639,24.350348,21.922716,26.281376,24.344439,21.969666,27.140566,27.872429,24.847374,24.276861,29.314299,26.585207,30.890585,29.222837,27.172228,29.312256,26.47824,25.749998,27.112473,22.5916,21.264175,19.618145,23.071507,20.6029,25.541103,24.898159,28.463959,28.381802,33.35624,31.29826,30.86522,30.49444,26.230639,26.921211,23.109674,22.211521,24.879675,22.39612,17.913006,17.155165,21.090002,24.296213,23.88891,20.715902,24.460888,19.355581,21.307362,21.757383,22.827814
12,33.43298,30.653524,27.059977,25.039415,21.896782,19.992628,17.127663,13.485166,11.287307,8.26752,5.930369,4.021517,0.0,3.5970526,8.42812,9.234807,12.467522,15.147914,19.075655,21.362753,25.404682,27.212057,31.608967,27.323742,25.79586,22.91434,21.166742,18.053518,15.397973,15.538986,11.690116,14.180881,8.00745,12.836137,13.014098,9.3856325,9.321116,14.599455,14.24985,11.66255,14.148798,19.048594,16.848768,16.173084,19.599293,23.038155,21.051468,21.435863,25.428005,23.985455,24.26581,26.987967,29.955353,28.249956,28.935705,28.693785,23.972383,26.235071,29.746231,25.26552,21.594896,26.567749,26.901619,27.986708,22.979994,20.09665,23.882597,21.54763,19.71501,25.134712,25.19838,21.978235,22.12661,27.312332,25.082493,29.474916,28.233696,26.689869,29.130745,26.870476,26.503944,28.403557,23.895987,21.950176,19.670334,22.99239,19.650038,24.139431,22.850697,26.1244,25.582895,30.56561,28.09649,27.65314,27.023458,22.698135,23.165716,19.297184,18.852816,21.361649,18.522831,14.049135,13.90217,17.921253,21.257357,21.259071,18.0456,22.313967,17.211496,19.88621,20.464363,22.282833
13,31.818075,28.785103,25.440226,23.556648,20.142591,18.898699,15.591592,12.375704,11.021501,7.527108,7.213424,4.5554967,3.5970526,0.0,6.209124,8.610849,10.654951,14.233949,17.05502,20.046787,23.781212,25.269974,29.952486,26.085337,24.493816,21.426529,20.470179,17.530142,15.525562,16.028786,12.953813,16.375483,11.024405,16.080275,15.591704,11.514116,12.106345,17.336536,16.08558,13.0624,16.271803,20.6964,17.78994,17.102257,21.144508,23.880545,21.05286,22.042667,26.273582,25.329084,25.753635,27.513214,31.119507,29.822351,30.091326,29.654612,24.95961,27.246195,31.14002,27.034775,23.12284,28.39324,28.93569,30.357979,25.437685,22.32573,26.058306,23.590538,21.294022,26.578732,26.5748,23.065935,22.993782,27.801876,25.714056,29.731998,28.218908,26.898201,28.720068,26.704779,25.815454,27.49005,22.77151,21.096111,19.417082,22.12469,19.57204,23.75685,22.787586,26.13445,25.648073,30.826595,28.399313,27.506443,27.157635,22.771729,23.354311,19.92588,18.190058,20.748812,18.849977,14.431669,12.930645,16.73508,19.883018,19.347744,16.210016,20.087639,15.308039,17.412283,18.402275,19.754732
14,31.623854,28.08329,25.712545,22.898453,19.52714,19.851023,14.877429,14.156463,12.115324,10.67814,11.081682,10.066258,8.42812,6.209124,0.0,5.652525,5.9191604,9.775187,12.376865,14.718143,18.458473,19.642614,24.422901,20.331894,18.517815,15.301092,14.886633,12.083363,11.080981,12.058951,10.824191,15.306148,12.6402645,17.565508,15.624579,11.607336,14.136395,18.445639,15.810816,13.189005,17.88819,20.373388,16.839067,17.669407,21.963596,22.817223,20.259348,22.5984,26.371609,26.269394,25.720636,26.433598,30.674961,29.600988,28.766695,27.44275,22.948378,24.584465,29.164322,26.251547,21.371483,26.64775,27.158924,29.39849,25.017864,21.270412,24.371197,21.642057,18.817505,23.727575,23.315704,19.455326,19.279877,23.430164,21.95447,25.381914,23.910416,23.434036,24.726168,23.768396,22.762306,24.88089,20.203033,18.020782,16.366308,17.977427,15.598601,18.775389,17.81393,21.04155,20.582623,25.874418,23.65902,22.424389,22.574991,18.404154,19.664839,16.738312,13.722761,17.246363,16.715942,12.384831,9.234391,13.658072,16.726389,15.172598,11.793736,14.65466,9.308291,11.489527,12.291782,14.142898
15,29.289711,26.019562,23.617558,20.108944,17.28084,17.217106,12.186524,12.156662,8.579851,9.405349,9.199396,10.296466,9.234807,8.610849,5.652525,0.0,4.462288,5.913712,10.721,12.239384,16.364315,18.50278,22.571165,18.41188,17.301188,14.972727,12.969147,11.138299,8.410896,11.142104,7.02429,13.3138275,11.656093,15.270538,11.976566,7.738178,10.601279,14.119023,10.637992,8.038868,13.211988,14.863646,11.217121,12.584816,16.720478,17.222593,15.281821,17.669188,21.079865,21.080318,20.171444,21.01752,25.09722,23.999662,23.126968,21.951105,17.39577,19.327549,23.738535,20.719524,16.065603,21.586277,22.582262,24.664358,20.23756,16.749578,20.490732,18.397072,14.725251,19.388546,20.0456,16.775257,15.420027,19.80819,17.470848,21.270508,19.616888,18.461782,20.303553,18.78295,18.286322,20.70643,16.292282,13.673909,11.31399,13.953917,10.974311,15.358814,14.912752,18.644554,19.115368,24.056822,22.814726,22.499357,22.926966,19.262886,21.293425,17.76017,16.241371,20.595295,19.457317,14.914653,13.009958,18.045443,21.255102,19.653675,16.168505,18.201113,11.943479,14.027403,12.922319,14.881324
16,27.614878,23.952974,22.242113,18.61735,15.62423,16.93517,11.069353,12.682425,10.3307705,11.215956,12.478634,13.016818,12.467522,10.654951,5.9191604,4.462288,0.0,4.728137,6.8140388,9.545161,13.129834,14.831878,19.335531,15.868897,14.767097,12.315066,11.753591,10.756684,9.61744,12.794662,10.601088,16.901888,15.793632,19.619637,16.148876,12.1110935,14.972128,18.295004,14.285914,11.682335,16.90861,17.776215,13.553618,14.964414,19.474133,18.767262,15.872512,19.196396,22.612774,23.353996,22.528704,21.901363,26.757938,26.249056,24.716078,23.191793,18.97761,20.729422,25.536486,23.306774,18.564846,24.105837,25.327705,27.79533,23.711893,20.143421,23.541706,21.406755,17.387444,21.43855,21.983162,18.541365,16.856503,20.263107,18.300194,21.225363,19.174093,18.542885,19.217548,18.355305,17.042456,19.205406,14.619737,12.334506,11.213506,12.253152,11.071121,14.4432,14.729901,18.423025,19.119413,24.119196,23.160017,22.285347,23.229532,19.766214,22.062782,19.257536,16.206297,20.70992,20.831171,16.631514,13.337608,17.918135,20.718699,18.242903,14.990791,15.696651,9.775551,10.567065,9.357339,10.590471
17,28.020954,24.528343,23.216455,18.8233,16.572527,17.965378,12.126602,14.745156,11.419747,13.859921,14.389637,15.929118,15.147914,14.233949,9.775187,5.913712,4.728137,0.0,6.7036514,6.5261364,10.727665,13.261052,16.87094,12.898022,12.359006,10.912522,8.79081,9.09542,7.2795744,11.707804,9.110276,15.843289,16.46898,19.1596,14.734754,11.489909,14.81958,16.790508,12.115293,10.487732,15.817663,14.906558,10.782286,13.58596,17.482317,15.47203,13.850623,17.641453,20.21829,21.320566,19.591013,18.752016,23.514229,22.972649,20.845053,18.857496,14.844179,16.232115,21.217075,19.702023,14.701038,20.09827,21.542484,24.250101,20.62427,17.099665,20.337994,18.636044,14.023248,17.385546,18.481579,15.519445,12.882566,15.973318,13.709709,16.605629,14.527491,13.932441,14.960338,14.431472,13.799277,16.701576,12.703569,9.451268,7.2894545,8.441798,6.353879,10.150738,10.913768,14.876604,16.360811,20.936495,20.85539,20.65774,21.920156,19.104475,22.041185,19.121065,17.068722,22.111105,22.076645,18.04115,15.516698,20.35478,23.168968,20.726076,17.504286,17.6191,11.465081,12.516454,9.668777,11.545682
18,24.421942,20.45739,20.19989,15.968345,13.642079,16.935223,10.766623,15.174407,13.821285,15.916092,18.04279,18.984072,19.075655,17.05502,12.376865,10.721,6.8140388,6.7036514,0.0,6.121784,7.573844,9.264994,13.625333,12.16346,12.12262,10.955048,11.776229,13.189889,13.203137,17.21945,15.688406,22.305511,22.252798,25.49526,21.288893,17.66288,20.460075,22.89848,18.115414,15.887747,20.86374,20.062288,15.517617,17.212059,21.6003,18.838661,15.287377,19.810236,22.610193,24.537827,23.587675,20.73371,26.439775,26.867455,24.33397,22.457884,19.116098,20.670856,25.624968,24.659605,20.349255,25.679338,27.525202,30.293074,26.837082,23.565758,26.754723,25.12574,20.419552,23.086058,24.241745,21.288761,18.45904,20.150429,18.244144,19.695677,16.89691,16.634401,15.437803,15.4293585,13.047457,14.804712,10.64594,9.019923,10.173666,8.434224,10.946544,12.839541,14.94978,18.471205,20.210876,24.571411,24.857954,23.90876,25.703796,23.095705,26.019825,23.901653,20.168392,24.92755,26.144712,22.394392,18.548676,22.56184,24.793322,21.406757,18.715359,17.113945,12.415439,10.878695,8.087511,6.952357
19,28.853495,25.110147,25.144632,20.360813,18.682453,21.560583,15.552877,19.73691,17.139372,19.780434,20.806313,22.164085,21.362753,20.046787,14.718143,12.239384,9.545161,6.5261364,6.121784,0.0,4.5873823,7.205871,10.435277,6.7687054,7.0254364,7.157104,6.714232,9.800562,10.439041,14.651509,14.45925,20.439775,22.376408,24.82929,20.138151,17.579035,21.115774,22.376791,17.472445,16.494478,21.577324,19.18051,15.285555,18.595423,22.085407,18.150162,16.810127,21.483551,23.23641,25.263752,22.991774,20.453564,25.665892,25.726099,22.390604,19.4914,16.652138,16.962366,22.25378,22.587904,17.566425,22.138918,23.675493,26.991354,24.3697,20.883192,23.0981,21.580914,16.898521,18.640493,19.515081,16.88372,13.810636,14.488,13.338635,14.142256,11.774018,12.872275,11.922877,13.686685,12.61398,15.672034,12.724683,9.661989,9.147633,6.155125,7.387,6.9791503,9.443525,12.714206,14.998695,18.87732,19.900324,19.413092,21.581738,19.802837,23.313332,21.451756,18.514788,23.692791,25.003954,21.719984,18.548973,22.648344,24.814707,21.597195,18.997955,16.977959,12.18997,11.682628,7.3776927,8.729722
20,27.899454,24.0878,25.067375,20.28309,19.075346,22.848055,17.095377,22.11878,20.20869,22.983673,24.538574,25.853317,25.404682,23.781212,18.458473,16.364315,13.129834,10.727665,7.573844,4.5873823,0.0,3.6280713,6.309666,5.880452,7.5122504,8.9569845,10.177938,13.781913,14.945849,18.992188,19.00821,24.985184,26.90252,29.35302,24.574493,21.987057,25.33149,26.501255,21.457329,20.404705,25.263084,22.480957,18.561747,21.568956,25.0118,20.30755,18.494446,23.517996,24.968067,27.57683,25.463526,21.657223,27.222342,27.891277,24.105642,21.145567,19.073032,19.266947,24.338308,25.374685,20.898054,25.156662,26.982573,30.334917,28.055315,24.83549,26.91946,25.651577,20.907003,21.882717,22.976856,20.691086,17.36955,16.812235,15.944615,15.396378,12.655811,14.1376505,11.398799,14.079539,12.242273,14.686759,12.607346,10.553454,11.697093,7.0735483,10.959777,9.276188,12.610697,15.147158,17.784111,20.96444,22.64109,21.953497,24.520542,23.214983,26.802084,25.418425,21.9589,26.96313,28.892567,25.839073,22.26876,25.921417,27.717543,24.064274,21.874123,18.755846,15.145979,13.381694,9.205693,8.689818
21,29.531443,25.546394,26.872427,22.411224,21.02924,25.184336,19.374031,24.3387,22.8025,25.097473,26.863756,27.767092,27.212057,25.269974,19.642614,18.50278,14.831878,13.261052,9.264994,7.205871,3.6280713,0.0,5.335945,6.336919,7.335856,8.6342945,11.581796,14.931668,16.959427,20.476864,21.454533,27.12657,29.007414,31.836504,27.279732,24.597412,28.072481,29.553032,24.60291,23.406298,28.428905,25.94817,21.965967,24.83666,28.466515,23.919224,21.831617,26.856903,28.474817,31.081873,29.069016,25.196966,30.818695,31.518938,27.695763,24.63509,22.637695,22.625515,27.737736,28.919798,24.248423,28.388172,29.970137,33.487617,31.275637,27.859394,29.626873,28.081043,23.62511,24.665903,25.17819,22.651684,19.901608,19.01466,18.856115,17.901724,15.527007,17.5368,14.53567,17.567293,15.522187,17.544323,15.518098,13.911933,15.223498,10.6913805,14.208843,11.794828,14.561433,16.498806,18.65832,21.762829,23.19819,21.943472,24.673788,23.525858,26.985497,26.175852,21.973783,26.666983,29.298395,26.61243,22.604164,25.657032,27.035349,23.072111,21.33144,17.347322,14.954862,12.380256,8.721275,7.4524074
22,30.992876,27.326458,29.25738,24.544886,23.914896,28.145504,22.751629,28.11227,26.37065,29.249163,30.833082,32.149567,31.608967,29.952486,24.422901,22.571165,19.335531,16.87094,13.625333,10.435277,6.309666,5.335945,0.0,6.726795,9.2913885,12.176461,14.089773,18.196814,20.045319,23.686155,24.593575,30.058653,32.711895,34.907207,30.016941,27.85025,31.307985,32.01738,26.981337,26.32272,31.001831,27.470137,23.940355,27.176647,30.189878,24.655197,23.408798,28.51808,29.28934,32.31887,29.853569,25.310781,30.68226,31.687592,27.272446,23.88316,22.8996,22.302763,27.031067,29.33188,25.129128,28.51134,30.28706,33.87958,32.386566,29.335958,30.690498,29.655724,25.157724,25.012512,25.928238,24.168804,20.912634,18.660143,18.791292,16.476906,14.177002,16.782484,12.824999,17.049137,15.436779,17.440708,16.880838,15.446604,16.915598,11.854728,15.903097,12.356768,15.783425,16.998339,19.870474,21.775618,24.370901,23.649078,26.688795,26.343307,30.092081,29.423182,25.870098,30.640583,33.231762,30.72454,27.130821,30.225126,31.54093,27.670914,26.0418,21.88649,19.668695,17.451609,13.635601,12.777278
23,33.621284,29.893072,30.728815,25.828949,24.587751,27.907276,22.028646,26.47996,23.83786,26.478832,27.277254,28.552307,27.323742,26.085337,20.331894,18.41188,15.868897,12.898022,12.16346,6.7687054,5.880452,6.336919,6.726795,0.0,3.2811885,6.853872,7.6791177,11.962407,14.126801,17.380262,19.190285,23.968773,27.314056,29.363888,24.64416,22.927576,26.789412,27.340282,22.610344,22.385956,27.303404,23.89728,20.662819,24.56925,27.439468,22.54167,22.320553,27.109795,28.052773,30.396366,27.379313,24.45322,29.30393,29.422094,25.273994,21.50555,19.846842,18.74135,23.912245,25.932243,20.784277,24.067417,25.198267,29.05268,27.550339,24.059542,24.912878,23.501287,19.387014,19.636427,19.770845,17.683199,15.015826,13.177022,14.005614,12.519096,11.072163,14.385613,12.454104,16.519104,16.012312,19.157341,17.580011,14.7770195,14.374671,10.337335,11.562116,6.933544,9.394962,10.585664,13.251959,15.733593,17.898119,17.357227,20.265038,19.887262,23.754084,22.960278,20.041626,24.997662,27.20207,24.847166,21.827364,25.137568,26.685389,23.299046,21.413574,18.059141,15.041764,14.220721,10.015791,11.554236
24,35.120342,31.25423,31.752182,27.037745,25.369835,28.498425,22.404457,26.347967,23.64609,25.776842,26.425407,27.349592,25.79586,24.493816,18.517815,17.301188,14.767097,12.359006,12.12262,7.0254364,7.5122504,7.335856,9.2913885,3.2811885,0.0,3.8757176,5.93549,9.632494,12.596282,15.239095,18.036974,22.389416,25.709335,28.111559,23.7298,21.969149,26.021923,26.933537,22.44649,22.116562,27.255713,24.442865,21.165186,25.035765,28.117683,23.880224,23.545748,28.161499,29.485937,31.475796,28.526209,26.269169,31.034395,30.822166,26.989788,23.2724,21.139189,20.05564,25.367025,26.932837,21.331282,24.737556,25.435009,29.371172,27.659126,23.829287,24.475113,22.58592,18.875519,19.78736,19.122509,16.470171,14.711282,13.560662,14.849545,14.091717,13.141489,16.366438,15.162553,18.752977,18.250645,21.428068,19.244665,16.27936,15.418409,12.050763,12.084528,7.807592,8.733149,9.756067,11.454248,14.641932,15.888078,14.812987,17.650131,17.054228,20.813208,20.268908,16.960793,21.819954,24.280653,22.151245,19.019968,22.076231,23.514587,20.171726,18.389137,15.037185,12.266008,11.777305,7.884082,10.419894
25,35.072247,31.087208,31.139048,26.73017,24.575626,27.461287,21.238798,24.578875,21.994009,23.495573,24.143925,24.6408,22.91434,21.426529,15.301092,14.972727,12.315066,10.912522,10.955048,7.157104,8.9569845,8.6342945,12.176461,6.853872,3.8757176,0.0,5.3361015,7.3282466,10.853345,13.005636,16.28572,20.547245,23.246296,26.22952,22.268904,20.150635,24.237396,25.796667,21.546469,20.82967,26.168625,24.296278,20.81153,24.33556,27.793776,24.44807,23.599894,27.987146,29.883265,31.497166,28.906923,27.230402,32.042603,31.599474,28.269245,24.875654,22.099308,21.461515,26.862606,27.571274,21.720484,25.584866,26.052176,29.85666,27.616552,23.521143,24.415884,22.050064,18.596008,20.556908,19.440125,16.10076,15.120881,15.303222,16.315691,16.635118,15.687022,18.279634,17.637814,20.378204,19.642214,22.686785,19.748343,16.794659,15.711972,13.152331,12.427462,9.654958,9.469664,10.999536,11.54326,15.758663,15.656046,13.965603,16.37359,14.918363,18.356907,17.757553,13.695613,18.538057,21.11885,18.908815,15.380251,18.370173,19.86684,16.481678,14.573966,11.487725,8.405856,8.237817,4.740027,8.473269
26,35.19365,31.521505,31.079613,26.373795,24.459553,26.527262,20.559305,23.495825,20.05848,22.116865,21.989674,23.108858,21.166742,20.470179,14.886633,12.969147,11.753591,8.79081,11.776229,6.714232,10.177938,11.581796,14.089773,7.6791177,5.93549,5.3361015,0.0,4.533028,6.7978024,9.707666,12.345131,16.4938,20.111551,22.242115,17.918985,16.472364,20.668905,21.426575,17.275858,17.284262,22.369204,19.895378,16.973831,21.10073,23.944086,20.626554,21.006453,25.028172,26.49919,27.82527,24.714924,23.902979,28.105371,27.235476,24.005304,20.51054,17.636015,16.69599,22.052322,22.755547,16.702524,20.346674,20.71981,24.532188,22.437738,18.367033,19.180971,17.04123,13.367264,15.2598295,14.433074,11.287765,9.802078,10.678383,11.388489,12.63329,12.107739,14.486381,15.218516,17.581367,17.84379,21.458035,18.710072,15.084212,12.700144,11.334302,8.354598,5.845531,4.4485593,7.142389,8.453919,12.91327,13.2526045,12.938774,15.009702,13.589111,17.383154,15.781941,13.798058,19.063284,20.246262,17.641108,15.425172,19.341112,21.467125,18.931446,16.440052,15.120087,10.414294,11.994491,8.432986,12.287542
27,36.839287,33.154343,32.1078,27.770609,25.400358,26.867874,20.99105,22.823488,19.276146,20.491056,19.900278,20.544127,18.053518,17.530142,12.083363,11.138299,10.756684,9.09542,13.189889,9.800562,13.781913,14.931668,18.196814,11.962407,9.632494,7.3282466,4.533028,0.0,4.4857187,5.716991,10.023239,13.284669,16.636454,19.295378,15.692773,14.215993,18.53872,19.883354,16.421162,16.270945,21.38025,20.094248,17.348629,21.11006,24.086538,22.070353,22.310656,25.77618,27.745026,28.437578,25.601631,25.884727,29.775753,28.446253,25.916891,22.809565,19.354828,18.739536,23.899683,23.637815,17.358858,21.145065,20.944578,24.544828,21.9761,17.581583,18.358427,15.5059805,12.6894,15.94485,14.196703,10.186848,10.510514,13.063636,13.717458,16.038113,15.857266,17.615282,19.077072,20.610836,20.882738,24.374344,21.038242,17.446949,14.618407,14.483699,10.45642,9.865403,7.099586,9.312076,8.648657,13.920159,12.435771,11.709079,12.892467,10.315302,13.713819,11.688987,9.7773695,15.099074,15.822986,13.108714,11.193293,15.309307,17.714931,15.758278,13.003719,13.1656275,7.9289594,11.100562,9.003374,13.4274845
28,35.149532,31.758575,30.21066,25.881868,23.637629,24.329054,18.887655,20.167381,16.096073,17.682398,16.551937,17.773806,15.397973,15.525562,11.080981,8.410896,9.61744,7.2795744,13.203137,10.439041,14.945849,16.959427,20.045319,14.126801,12.596282,10.853345,6.7978024,4.4857187,0.0,4.845062,5.737536,10.1719675,13.3810835,15.534575,11.467738,10.0193405,14.351641,15.432966,11.971136,12.070904,17.016474,15.856963,13.37663,17.187061,19.894535,18.486887,19.164164,22.12247,24.073782,24.403343,21.59556,22.665182,26.16495,24.569723,22.534515,19.875702,15.9920845,15.89341,20.811981,19.734966,13.555404,17.789415,17.826122,21.036308,17.957064,13.621822,15.307465,12.71892,9.277172,13.404684,12.665035,8.954571,8.429163,12.603713,11.857908,15.411207,15.033525,15.655763,18.078085,18.531082,19.225843,22.764505,19.368925,15.638094,12.064988,13.452326,8.17713,9.988991,7.5719376,10.742867,10.866669,15.727024,14.630893,14.911022,15.568045,12.774125,15.795092,12.571553,12.3762,17.476103,16.738989,13.222584,12.34323,17.196857,20.113012,18.661379,15.498144,16.730486,10.724794,13.933836,11.700626,15.532552
29,39.480057,36.05079,34.262016,30.200407,27.706665,28.094936,22.803688,23.244204,19.246962,19.893484,18.173227,18.735468,15.538986,16.028786,12.058951,11.142104,12.794662,11.707804,17.21945,14.651509,18.992188,20.476864,23.686155,17.380262,15.239095,13.005636,9.707666,5.716991,4.845062,0.0,7.3621464,7.9872694,12.089508,14.440554,11.766215,11.261901,15.485071,16.69199,14.551248,14.937742,19.381983,19.015345,17.206503,20.732676,23.151203,22.580616,23.551098,26.044682,28.07614,27.911518,25.07064,27.007956,30.00693,27.965036,26.294025,23.63245,19.84029,19.331911,23.884083,22.6836,16.465649,19.851416,18.885618,22.063688,19.21516,14.700752,15.209727,11.754993,10.426352,14.903954,12.4538555,8.190507,10.473341,14.68929,15.035768,18.522188,18.891779,19.926132,22.57978,23.231602,24.06477,27.603378,24.120735,20.449606,16.836922,18.234089,12.882496,13.806803,10.273501,12.037683,10.377578,15.293091,12.584479,12.643195,12.338341,8.918093,11.392984,7.786179,9.061106,13.686186,12.3035145,9.289389,9.822003,14.242184,17.152483,16.638838,13.69633,16.09877,10.959657,15.139793,14.042596,18.319214
30,34.51697,31.543018,29.151054,25.23228,22.991695,22.366014,17.898281,17.67053,13.131073,14.527168,12.299551,14.043879,11.690116,12.953813,10.824191,7.02429,10.601088,9.110276,15.688406,14.45925,19.00821,21.454533,24.593575,19.190285,18.036974,16.28572,12.345131,10.023239,5.737536,7.3621464,0.0,7.046343,8.68418,10.389174,6.188095,4.3835416,8.734161,10.068131,7.441624,7.6835136,12.042943,12.361647,10.608481,13.676488,16.005394,16.540985,17.472494,19.205328,21.4411,20.865055,18.531553,21.180866,23.916925,21.824345,21.004932,19.38277,14.95355,15.864564,19.928453,17.133926,11.683455,16.320492,16.448704,18.662066,14.552278,10.5258255,13.692421,11.439036,8.366118,13.671723,13.914062,10.999163,10.472279,15.8402195,13.800386,18.393309,17.877123,17.026674,20.364532,19.266354,20.259892,23.49567,19.940443,16.494669,12.510504,15.7730255,10.228602,14.21251,12.322392,15.50599,15.6524515,20.06187,18.752068,19.51968,19.453491,16.254477,18.408188,14.228219,15.48554,19.878942,17.533295,13.377339,13.834333,18.962643,22.300077,21.60218,18.193544,20.764223,14.546221,17.881058,16.207066,19.421156
31,41.317463,38.450108,35.806828,32.08796,29.80849,28.712866,24.658472,23.569563,19.131126,19.608107,16.399694,17.49254,14.180881,16.375483,15.306148,13.3138275,16.901888,15.843289,22.305511,20.439775,24.985184,27.12657,30.058653,23.968773,22.389416,20.547245,16.4938,13.284669,10.1719675,7.9872694,7.046343,0.0,7.2352195,7.0492973,6.0286565,8.239431,11.146627,11.248657,11.668061,13.128894,15.626297,16.359722,16.29516,19.163797,20.30127,21.722692,23.798306,24.749777,26.54118,25.220364,22.502594,26.602247,28.146957,25.257608,24.96376,23.28185,19.351166,19.319662,22.52427,19.82951,14.680958,17.324663,15.781746,17.693834,14.269749,10.332613,11.319679,8.106575,8.977604,14.240261,12.6228695,10.106127,12.476481,17.8844,17.049484,21.657953,22.264074,21.978157,25.908257,25.209341,26.76442,30.187775,26.873257,23.325966,19.095343,22.214159,16.132288,18.832998,15.640632,17.455038,16.265303,19.993074,17.52585,18.811102,17.59568,14.583094,15.687691,11.0888195,15.326624,18.507427,14.573993,11.451252,14.571062,18.831692,22.054575,22.69192,19.676487,23.337639,18.034649,22.204952,21.17811,25.01038
32,38.754692,36.06607,32.72057,29.868696,27.220491,25.305775,22.09998,19.411259,15.671015,14.681655,11.00262,11.367694,8.00745,11.024405,12.6402645,11.656093,15.793632,16.46898,22.252798,22.376408,26.90252,29.007414,32.711895,27.314056,25.709335,23.246296,20.111551,16.636454,13.3810835,12.089508,8.68418,7.2352195,0.0,5.5633497,7.2898912,6.6500688,7.4671535,10.599069,11.887865,11.577303,13.4071045,17.076973,16.452106,17.409771,19.258287,22.528677,22.97577,23.148672,25.997799,24.13264,22.967808,27.198046,29.01352,26.38599,27.077225,26.407665,21.93908,23.254782,26.305634,22.125008,18.045383,21.818733,21.147839,22.144617,17.580616,14.5339575,17.354303,14.8562975,14.601853,20.119238,19.52427,16.814867,18.097448,23.680817,21.941246,26.728096,26.463083,25.291761,28.82824,27.057344,27.871925,30.60853,26.69124,23.831665,20.252245,23.931952,18.8108,22.798193,20.436865,23.044828,22.067179,26.427317,23.748018,24.206215,23.006077,19.128323,19.485409,14.981275,17.419733,19.93282,15.656467,11.632585,14.199106,18.402073,21.86074,22.686272,19.506735,24.058523,18.7211,22.531578,22.364113,25.41061
33,40.82845,38.490868,35.089046,32.022068,29.870605,27.510975,24.836164,22.292356,18.116476,18.12005,14.041963,15.440018,12.836137,16.080275,17.565508,15.270538,19.619637,19.1596,25.49526,24.82929,29.35302,31.836504,34.907207,29.363888,28.111559,26.22952,22.242115,19.295378,15.534575,14.440554,10.389174,7.0492973,5.5633497,0.0,5.3929887,8.052517,7.7353153,7.787172,11.05282,12.332613,12.432605,15.394817,16.332466,17.583397,17.932695,21.59457,23.53415,23.010506,25.0078,22.655334,20.954887,26.392435,27.035164,23.834793,25.040422,24.661348,20.5961,21.65808,23.744234,19.314865,16.06134,18.717854,17.67757,17.901846,13.502275,11.31484,13.99731,12.340833,13.125107,18.068632,17.974926,16.429663,17.624044,23.247622,21.269077,26.29293,26.452269,24.950596,29.213247,27.199982,28.770142,31.68492,28.352608,25.337505,21.296484,25.450516,19.812197,23.872217,21.447441,23.762888,23.091032,26.66216,24.505018,25.852285,24.540113,21.35349,21.91252,17.282833,21.169703,23.784332,19.106655,15.716627,18.947432,23.123217,26.507675,27.455961,24.31538,28.561338,23.019402,26.8894,26.065023,29.27773
34,37.24928,34.798546,31.844824,28.243637,26.332235,24.530165,21.319105,19.912252,15.247603,16.500462,13.014476,15.237715,13.014098,15.591704,15.624579,11.976566,16.148876,14.734754,21.288893,20.138151,24.574493,27.279732,30.016941,24.64416,23.7298,22.268904,17.918985,15.692773,11.467738,11.766215,6.188095,6.0286565,7.2898912,5.3929887,0.0,4.609921,6.2988935,5.291027,6.3623767,8.377938,9.781781,11.002342,11.577812,13.893566,14.497402,16.891977,19.166542,19.355467,21.08283,19.398605,17.032528,21.778812,22.943043,20.010397,20.457312,19.686474,15.489649,16.556189,19.167818,15.161422,11.083,14.583911,14.228326,15.181984,10.521654,7.383212,11.225692,9.8094,8.622614,13.733377,14.51779,12.979706,12.94735,18.588747,16.15742,21.219757,21.161093,19.57229,23.828856,21.93541,23.636583,26.74417,23.628382,20.399332,16.169899,20.31472,14.588347,18.85545,16.84977,19.52485,19.586363,23.181679,21.874126,23.394949,22.738516,19.824358,21.369902,16.794336,19.910448,23.562447,19.885258,16.078926,18.165432,22.960567,26.378876,26.475996,23.146515,26.436127,20.416645,23.949263,22.394663,25.526608
35,33.597332,30.970137,27.958029,24.530582,22.30438,20.660795,17.191898,15.662182,11.094711,12.133037,9.030468,11.27533,9.3856325,11.514116,11.607336,7.738178,12.1110935,11.489909,17.66288,17.579035,21.987057,24.597412,27.85025,22.927576,21.969149,20.150635,16.472364,14.215993,10.0193405,11.261901,4.3835416,8.239431,6.6500688,8.052517,4.609921,0.0,4.3654585,6.986407,5.704158,5.307571,8.586791,11.054903,9.857948,11.494763,13.63429,16.028454,16.640497,17.269327,19.897854,18.59102,17.08358,20.683336,22.928852,20.661245,20.904501,20.254765,15.642654,17.443316,20.733292,16.609081,12.439938,17.197073,17.606909,18.843899,13.98526,10.8565,15.0785265,13.393795,10.875461,16.105553,17.04698,14.698816,14.002163,19.486778,16.7842,21.626905,20.845596,19.094063,22.63602,20.492178,21.427036,24.215769,20.566868,17.612478,13.876244,17.987083,13.028154,17.876423,16.461597,19.737417,19.975733,24.237509,22.876108,23.700855,23.37607,19.963331,21.60357,17.175835,18.679615,22.561071,19.516523,15.129962,16.000818,21.032187,24.510122,24.137882,20.667362,23.819092,17.618477,20.754198,19.4311,22.107618
