,0,1,2,3,4,5,6,7,8,9,10,11,12,13,14,15,16,17,18,19,20,21,22,23,24,25,26,27,28,29,30,31,32,33,34,35,36,37,38,39,40,41,42,43,44,45,46,47,48,49,50,51,52,53,54,55,56,57,58,59,60,61,62,63,64,65,66,67,68,69,70,71,72,73,74,75,76,77,78,79,80,81,82,83,84,85,86,87,88,89,90,91,92,93,94,95,96,97,98,99,100,101,102,103,104,105,106,107,108,109
0,0.0,4.259528,6.71513,9.458676,12.154935,14.504076,17.917719,21.756878,24.88689,27.065033,31.455635,30.626509,28.628618,27.621675,22.850697,22.504023,17.449276,17.103773,14.319095,12.788078,13.020142,10.472726,14.689365,10.580633,15.961473,18.488388,17.154198,18.193975,17.600136,19.076223,22.142973,21.151937,28.199398,25.617516,30.789015,31.698013,34.506077,34.674107,30.385868,26.586803,29.992954,25.668266,26.674932,25.137537,24.135082,22.417088,23.700123,24.705173,26.750824,30.565506,30.465355,33.762894,31.909573,35.973087,32.88725,36.227753,33.40951,33.919117,36.903706,38.7744,36.573566,37.78576,33.217953,34.763706,31.39064,33.545452,31.83486,28.775286,26.8589,30.089909,27.899467,32.852898,31.475157,38.180138,34.517715,39.63612,39.012897,37.113976,38.5875,39.243317,36.934593,33.441517,31.590464,27.357866,26.10102,22.417309,22.292278,16.66367,17.939491,16.42092,20.48127,21.838966,24.70301,28.076488,27.519226,31.781683,32.549828,37.288975,37.103943,33.324886,32.383705,37.25135,39.787796,36.789017,33.984,32.691456,27.393368,25.51999,21.582106,20.76751
1,4.259528,0.0,5.268886,6.657557,8.698994,12.22229,14.507977,19.190434,21.81233,24.238482,28.363358,28.001284,26.44679,25.257761,20.75661,19.789335,15.128995,13.875786,11.561553,8.943135,9.374917,6.606469,11.625994,8.585885,13.827923,15.555525,13.75455,14.416422,13.399176,15.249062,17.997896,17.646404,24.670502,22.68112,27.650763,28.93015,31.57462,31.407278,27.199652,23.35932,26.275988,21.818249,22.570824,20.938639,20.282433,18.426998,20.025826,21.223026,23.385267,26.935244,26.67196,29.794613,27.91505,31.827692,28.756897,32.17946,29.345667,30.019676,32.981606,34.67205,32.455433,33.54994,28.96613,30.51808,27.276194,29.421608,27.906742,25.001556,23.180786,26.11543,23.715933,28.654612,27.305397,34.008366,30.471565,35.52783,35.10974,33.36931,35.011112,35.76557,33.67765,30.279846,28.036135,23.886513,22.317001,18.801077,18.299566,12.484832,13.839554,12.577967,16.649311,17.849718,21.040474,24.389662,23.559435,27.830116,28.576918,33.328632,33.116394,29.59083,28.716879,33.536736,36.048916,33.13248,30.342817,29.137775,23.708748,22.15352,18.035204,17.870983
2,6.71513,5.268886,0.0,5.1963005,6.796205,8.4262295,12.20518,15.251956,18.709341,20.502579,25.169844,24.491388,22.4878,21.869535,17.093874,17.22402,12.739031,12.3723755,11.694083,9.83781,12.313055,10.439607,16.097752,13.718411,18.743515,19.905222,17.039026,17.710234,15.351263,18.24968,19.105356,19.191751,25.366491,23.941702,28.495386,29.690237,32.84412,32.73577,28.976496,25.48668,27.663414,24.068449,23.837757,22.599133,23.270306,20.828579,23.051764,24.11996,25.648336,29.37036,29.167528,31.790537,30.233028,33.54879,30.607166,34.172966,30.86787,31.790892,34.248734,35.7857,33.143726,34.418446,29.82322,31.003624,28.127531,29.267248,27.84758,25.506603,22.607891,25.349113,23.387815,28.28615,26.998487,33.664967,30.138748,35.546898,35.00031,32.8826,34.289196,34.50836,32.508575,29.170904,26.917843,22.828133,21.275116,18.135641,17.36016,12.668174,13.584572,12.677491,16.532516,17.118301,19.40344,22.607252,22.101496,26.362413,27.220894,31.771885,32.010406,28.015049,26.550325,31.333103,33.821293,30.698593,27.901907,26.579748,21.429142,19.276543,15.653371,14.311773
3,9.458676,6.657557,5.1963005,0.0,3.8048007,6.150093,8.821498,13.364246,15.781162,18.595522,22.39269,21.599642,20.076382,18.661394,14.236129,13.198035,8.524373,7.71891,6.5602007,5.526827,8.765782,8.990572,14.353811,13.506182,18.201008,18.78864,16.63761,15.885863,12.915727,14.95894,15.192577,14.352244,20.35376,18.828398,23.334446,24.503551,27.702421,27.668978,24.008593,20.688816,22.91095,19.952642,19.785187,19.613941,20.7349,18.92431,21.581175,23.31086,25.48577,28.33088,27.555893,29.879925,27.787401,30.712694,27.278582,30.483997,26.79634,27.445242,29.73863,31.655954,28.988829,30.922369,26.589859,28.2917,26.318365,27.363024,26.815018,24.986671,22.355509,23.93661,20.830046,25.450985,23.475655,30.085182,26.032316,31.451658,30.474958,28.25831,29.581196,29.98323,27.77949,24.360575,22.37814,18.164965,17.051361,13.429011,13.848932,9.544086,11.855846,12.441531,16.08557,15.701359,18.743782,21.682524,19.68809,24.278383,23.960146,28.86395,28.334936,24.125917,23.367062,28.413029,31.164598,28.563097,25.47056,25.07544,19.096865,18.126198,14.500089,14.155654
4,12.154935,8.698994,6.796205,3.8048007,0.0,5.3464923,5.845564,11.048314,13.15439,15.819965,19.682953,19.614128,18.515795,17.321815,13.277347,11.980207,8.62025,6.3717794,7.851793,5.0889115,9.2285795,9.258917,14.664511,14.663798,18.69936,18.477196,15.438805,14.699936,10.895052,14.107395,13.041712,13.893074,19.304535,18.984394,22.916302,24.567257,27.594854,27.088774,23.72884,20.519161,21.67575,18.701689,17.705948,17.197292,19.172903,16.832834,19.862003,21.472229,23.265099,26.034655,25.299076,27.280912,25.502237,28.112497,24.980598,28.436615,24.76563,25.834446,27.96051,29.403149,26.593369,28.153763,23.722542,25.093147,23.14728,23.825193,23.307058,21.77029,18.852398,20.240978,17.365198,22.046963,20.38499,27.019676,23.357605,28.80958,28.26548,26.2017,27.731897,28.032528,26.281134,23.084417,20.363651,16.376148,14.521311,11.608913,10.655635,6.672445,8.474065,9.545222,12.8252,12.07001,14.996824,17.88701,16.029093,20.56101,20.668451,25.42799,25.307955,21.38455,20.23063,25.134375,27.75999,25.0027,22.015913,21.387,15.518597,14.478035,10.734411,10.851459
5,14.504076,12.22229,8.4262295,6.150093,5.3464923,0.0,6.0196047,7.5821004,10.891778,13.118503,17.340523,16.1594,14.255622,13.455883,8.788334,9.224953,5.85636,6.5634017,9.1933155,9.369669,13.6607895,14.322585,19.696268,19.37731,23.774448,23.754612,20.754509,19.946901,15.885874,18.785387,16.632624,16.603548,20.762682,20.381136,23.887636,25.029047,28.671879,28.590263,25.741482,23.088346,24.034576,22.392597,20.939526,21.40114,24.057213,21.788076,25.01288,26.627026,28.173632,30.89862,30.104055,31.699106,29.972109,31.991756,28.78614,32.006084,27.841185,28.790758,30.317062,31.9615,28.82741,31.003468,26.877258,28.135057,26.93487,26.647167,26.524794,25.634392,21.969269,22.764862,20.050753,24.26951,22.30915,28.586441,24.614014,30.319416,29.18402,26.541056,27.534859,27.218504,25.250427,22.054285,20.014513,16.129305,15.110323,12.461777,12.584399,10.998879,12.586265,13.995456,16.754232,15.2759285,17.096622,19.489885,17.446133,21.895018,21.35986,25.92513,25.84183,21.073393,19.642796,24.598253,27.34733,24.690271,21.546812,21.37917,15.683943,14.456305,11.957385,10.427491
6,17.917719,14.507977,12.20518,8.821498,5.845564,6.0196047,0.0,7.0541115,7.562285,10.8914175,14.017012,14.332037,13.992739,12.6093645,9.660192,7.58237,7.159381,4.1660643,9.326298,8.137252,12.42924,13.805026,18.363636,19.59285,22.913624,21.819471,18.663017,17.102573,12.349721,15.549111,11.643525,13.260285,16.482977,17.65821,20.382877,22.263733,25.41372,24.657568,22.164003,19.710754,19.364958,17.957928,15.649092,16.374355,20.053213,17.811485,21.441427,23.26703,24.837517,26.787092,25.687147,26.740305,25.02193,26.484598,23.370092,26.597849,22.39071,23.663958,24.998337,26.259174,23.054565,25.08509,21.043371,22.315014,21.728998,21.173494,21.70553,21.416214,18.037312,17.719378,14.324235,18.355951,16.291515,22.612814,18.81236,24.481058,23.755293,21.434633,22.82941,22.757816,21.328192,18.398594,15.2750435,11.618479,9.574454,7.746337,6.603076,6.9763618,8.668834,11.542809,13.292436,10.762007,13.109017,15.135986,11.88633,16.523607,15.616681,20.388401,20.15528,15.838129,14.589499,19.617804,22.402426,19.979048,16.757263,17.020887,10.639142,10.776355,8.138447,8.966653
7,21.756878,19.190434,15.251956,13.364246,11.048314,7.5821004,7.0541115,0.0,5.0221953,5.631624,10.449024,9.823391,8.376693,8.903535,6.1377935,7.931269,9.474362,9.752438,14.762278,14.735392,19.176224,20.106422,25.116652,25.686153,29.409386,28.50538,24.793592,23.815386,19.018888,22.586515,18.13553,19.655912,21.41705,22.91792,24.873281,26.325867,29.933012,29.419409,27.647902,25.779325,24.862766,24.506649,21.589151,22.505735,26.739058,24.112576,27.781326,29.237165,30.073357,32.321392,31.476692,32.068146,30.878414,31.688372,29.016317,32.182617,27.797556,29.228354,29.828733,30.803555,27.282791,29.376993,25.701223,26.268198,26.136864,24.21802,24.782112,25.225136,20.776731,20.181633,18.14811,21.42012,19.780817,25.202791,21.841574,27.508188,26.591333,23.797865,24.57978,23.441822,22.300455,19.818768,17.177044,14.444932,13.096643,12.785355,11.703983,13.714275,14.151541,16.397512,17.538935,14.819932,14.923051,16.114353,13.985794,17.725105,17.05282,20.805935,21.502632,16.62611,14.094282,18.559736,21.145119,18.48096,15.430197,15.6516485,10.831626,9.762527,9.743527,7.7401342
8,24.88689,21.81233,18.709341,15.781162,13.15439,10.891778,7.562285,5.0221953,0.0,4.7001257,6.6115675,7.215828,8.038439,7.3476205,7.3531427,6.6026354,10.553602,9.824215,15.336536,15.4725275,19.583185,21.312561,25.574457,27.132494,30.229477,28.737467,25.369081,23.646137,18.67401,21.735691,16.105387,17.930334,18.096159,20.675129,21.656782,23.388115,26.729967,25.917028,24.760563,23.43442,21.523884,22.17027,18.699295,20.515793,25.445456,23.245047,27.107332,28.848118,29.880383,31.274075,30.04267,30.069355,28.720968,28.782837,26.052017,28.852776,24.267464,25.717695,25.809483,26.697718,23.07504,25.56235,22.368917,23.106136,24.115211,21.726086,23.286308,24.473253,20.451717,18.405756,15.548441,17.981153,15.847827,20.792986,17.267979,22.876257,21.819881,18.999535,19.782799,18.590406,17.793753,15.63362,12.516967,10.431728,9.102895,10.142958,9.4003315,13.569668,14.301853,17.451035,17.853811,14.327771,14.700444,15.132807,11.273318,14.900473,12.729543,16.632084,16.746183,11.645983,9.471133,14.258444,17.149035,15.188939,11.786812,13.49812,7.9994683,9.384984,10.120398,10.221692
9,27.065033,24.238482,20.502579,18.595522,15.819965,13.118503,10.8914175,5.631624,4.7001257,0.0,5.884508,7.2513475,7.604688,9.159331,9.459483,10.727161,14.178298,13.867358,19.335312,19.026844,23.2889,24.337917,28.937532,30.101309,33.284004,31.798798,27.805038,26.697811,21.725904,25.485605,19.895193,22.430233,22.600067,25.373339,26.211037,27.941069,31.258083,30.343584,29.348423,28.020319,25.818823,26.244125,22.478527,23.594236,28.683025,25.962465,29.765862,31.0912,31.462957,33.21467,32.329704,32.156418,31.38942,31.270214,29.11774,32.14552,27.81757,29.588665,29.52136,29.870802,26.212006,28.062439,24.896862,24.884972,25.631681,22.537481,23.708721,25.19615,20.548761,18.7259,17.35757,19.533659,18.330383,22.69139,20.135138,25.441994,24.889324,22.22708,22.919865,21.234238,21.013002,19.347912,16.17495,14.795797,13.169665,14.725364,12.8079405,16.731356,16.4844,19.061384,19.02865,15.712039,14.594922,14.518666,12.407122,15.010051,14.274735,16.96793,18.431334,13.986798,10.431177,14.013238,16.326475,13.736911,10.91905,11.675863,8.456442,8.191552,10.569281,9.38942
10,31.455635,28.363358,25.169844,22.39269,19.682953,17.340523,14.017012,10.449024,6.6115675,5.884508,0.0,5.1677394,8.442675,8.891242,11.840305,11.70561,16.606844,16.122631,21.533018,21.786942,25.682579,27.536678,31.449917,33.40213,36.1264,34.220337,30.732212,28.893808,23.922413,26.904942,20.461826,22.746265,20.94118,24.608889,24.184029,25.927301,28.977255,27.92089,27.851572,27.335266,24.178928,26.033546,21.892881,24.14746,29.757729,27.635067,31.534332,33.16692,33.78717,34.61405,33.30385,32.487095,31.520792,30.443996,28.248442,30.634586,26.108088,27.744446,26.861404,27.17069,23.45947,25.947227,23.677385,23.854198,26.111296,22.428404,24.802103,27.11591,23.051731,19.6939,17.563742,18.288881,16.512995,19.52622,16.923285,21.796421,20.823484,18.028313,18.335108,16.166744,16.543474,15.683633,12.655357,12.80253,11.974856,14.769777,13.879358,19.254175,19.465355,22.689724,22.165594,18.31589,17.520863,16.597023,12.861495,14.677996,11.697265,13.81297,14.451728,9.807341,6.797416,9.890999,12.565852,11.538018,8.543271,11.947204,9.257656,11.625031,14.318071,14.570691
11,30.626509,28.001284,24.491388,21.599642,19.614128,16.1594,14.332037,9.823391,7.215828,7.2513475,5.1677394,0.0,4.067889,4.5399656,8.611742,9.71953,14.6046715,15.542492,20.440105,21.8351,25.869045,28.031597,32.237583,33.754646,37.043663,35.64763,32.52637,30.588623,25.65453,28.158257,22.278685,23.024235,21.469513,24.047602,23.949068,24.982674,28.612106,28.25268,28.076952,27.643341,25.433504,27.619772,24.0961,26.853415,32.005466,30.132439,34.026714,35.870617,36.88206,37.97726,36.587708,36.185417,34.795704,34.11821,31.380548,33.57768,28.723341,29.855875,29.054073,30.142084,26.455614,29.690077,27.360102,28.06361,30.121756,26.95671,29.123161,30.944662,26.800428,24.04738,21.412256,22.631731,20.24021,23.594692,20.067827,25.118498,23.174982,19.809092,19.489786,17.163948,16.43287,15.086397,13.750798,13.203143,13.755737,15.220721,16.02672,20.581528,21.508408,24.6366,24.906511,21.272585,21.006739,20.701813,16.906536,19.428223,16.04484,18.690062,18.41438,12.937544,11.329903,14.71851,17.458147,16.681017,13.700265,16.764267,13.286883,14.924508,16.863194,16.177261
12,28.628618,26.44679,22.4878,20.076382,18.515795,14.255622,13.992739,8.376693,8.038439,7.604688,8.442675,4.067889,0.0,3.968709,6.282311,9.443475,13.239926,15.113328,19.65515,21.32259,25.551315,27.414845,32.064953,32.956387,36.718544,35.764603,32.561836,30.96689,26.101515,28.764183,23.554956,23.833328,23.357761,25.045345,25.715132,26.451225,30.404716,30.376034,29.71403,28.915558,27.51998,29.13431,26.005318,28.390352,33.118828,31.061863,34.88115,36.636707,37.64729,39.270992,38.06535,38.0816,36.667614,36.532063,33.668964,36.098854,31.242887,32.287354,31.876318,33.18971,29.525152,32.669716,29.939796,30.677137,32.038,29.230614,30.82511,32.14927,27.740416,25.828432,23.428188,25.332535,23.051105,27.022501,23.33583,28.620882,26.642736,23.21289,22.914843,20.774899,19.53728,17.715124,16.771143,15.360308,15.901154,16.366827,17.28491,20.796831,21.781607,24.498365,25.2918,22.040264,21.782095,21.97458,18.875126,21.789469,19.180342,22.098967,22.073603,16.5159,14.694761,18.318075,20.95686,19.603037,16.665174,18.796253,15.147473,15.635241,17.138298,15.456573
13,27.621675,25.257761,21.869535,18.661394,17.321815,13.455883,12.6093645,8.903535,7.3476205,9.159331,8.891242,4.5399656,3.968709,0.0,5.046082,6.44013,10.931523,12.816155,17.066757,19.290941,23.257696,25.7001,29.95833,31.20828,34.822968,33.833733,31.170626,29.091736,24.330065,26.318092,21.148733,20.65697,19.83291,21.322714,21.902391,22.514194,26.525116,26.647442,26.020796,25.395763,24.195694,26.2271,23.380135,26.376932,30.955614,29.367506,33.179897,35.23185,36.69762,37.965603,36.490753,36.569397,34.7511,34.631355,31.391054,33.5312,28.518145,29.254236,28.841988,30.579332,26.991343,30.653658,28.062473,29.309399,30.98126,28.582949,30.516565,31.735788,27.78633,25.603607,22.313318,24.17644,21.289152,25.384348,21.06372,26.396877,23.945993,20.363995,19.988348,18.163881,16.386604,14.1970005,13.757837,12.070488,13.377327,13.422261,15.555728,19.144163,20.77374,23.837059,24.814762,21.442589,22.007103,22.379908,18.276928,21.61067,18.039124,21.569433,20.573967,14.663299,13.949437,18.150822,21.14506,20.238043,16.961298,19.712729,14.999194,16.399364,17.22544,16.361671
14,22.850697,20.75661,17.093874,14.236129,13.277347,8.788334,9.660192,6.1377935,7.3531427,9.459483,11.840305,8.611742,6.282311,5.046082,0.0,5.0248303,7.114387,9.79224,13.71386,15.858663,20.026787,22.009739,26.72354,27.324589,31.357216,30.81538,28.065792,26.408054,21.810356,24.062605,19.874952,19.204432,20.267916,20.793783,22.633863,23.271135,27.390236,27.613783,26.096367,24.721981,24.504347,25.310915,22.982868,25.219843,29.16036,27.331417,30.98934,32.917164,34.42916,36.29277,35.055756,35.71698,33.88441,34.573635,31.245388,33.796535,28.95924,29.716885,30.030346,31.866133,28.374641,31.62463,28.400164,29.690699,30.318508,28.614124,29.78904,30.258846,26.235748,25.142704,22.02259,24.863468,22.219513,27.298979,22.937609,28.578247,26.487715,23.126102,23.215067,21.954388,19.906097,17.12741,16.238283,13.349625,13.94602,12.685296,14.49483,16.49861,18.218084,20.78394,22.421522,19.605692,20.513815,21.633747,18.241163,22.158163,19.68964,23.741508,23.118862,17.39272,16.279287,20.96345,23.922066,22.21693,18.887676,20.48619,15.207711,15.465171,15.263983,13.754137
15,22.504023,19.789335,17.22402,13.198035,11.980207,9.224953,7.58237,7.931269,6.6026354,10.727161,11.70561,9.71953,9.443475,6.44013,5.0248303,0.0,5.4696755,6.5813675,10.817978,13.090328,16.889519,19.632786,23.65517,25.085613,28.59345,27.68414,25.46052,23.131514,18.573925,20.139143,15.610076,14.589486,15.249886,16.098139,17.809599,18.771088,22.690287,22.713,21.17371,19.88298,19.493359,20.61731,18.376974,21.248049,25.232397,23.913857,27.605686,29.854599,31.800276,33.06985,31.506926,32.083874,29.889385,30.470852,26.848265,29.144245,24.216726,24.799507,25.161705,27.23632,23.842693,27.426529,24.349382,26.121014,27.167332,25.856535,27.501266,28.01324,24.648577,23.014204,18.919277,21.607874,18.4158,23.630045,18.805294,24.44237,22.193544,18.93351,19.281336,18.605846,16.366133,13.261625,12.089539,8.653004,9.628213,7.8939147,11.018157,13.530329,15.921067,19.079418,20.58039,17.504942,19.32991,20.454454,15.885308,20.100607,16.736807,21.358711,19.863598,14.183101,14.150572,19.250504,22.44728,21.175966,17.628538,19.818737,13.615872,15.164003,14.354058,14.404946
16,17.449276,15.128995,12.739031,8.524373,8.62025,5.85636,7.159381,9.474362,10.553602,14.178298,16.606844,14.6046715,13.239926,10.931523,7.114387,5.4696755,0.0,4.5551085,6.6719537,9.738807,13.504762,15.989246,20.389404,20.993032,25.085331,24.89872,23.00432,21.021004,16.985014,18.30635,15.652899,13.606828,16.734081,15.814879,19.09093,19.768724,23.727694,24.09532,21.554798,19.456894,20.680553,20.437204,19.2849,21.380728,24.197035,22.905521,26.259586,28.46995,30.697182,32.54045,31.175901,32.50568,30.135637,31.6877,27.87429,30.405739,25.77228,26.139967,27.304192,29.662504,26.55314,29.820444,26.252134,28.21717,28.177261,27.846247,28.7096,28.283676,25.131838,24.729046,20.75106,24.305212,21.337902,27.230927,22.392427,28.022106,25.955873,22.966295,23.556276,23.384449,20.804214,17.367222,16.433184,12.368383,12.874036,9.454229,12.458036,12.191464,15.058014,17.468699,19.955233,17.779139,20.231792,22.167284,18.407684,23.000137,20.620537,25.52263,24.187016,18.895304,18.751686,23.960947,27.068068,25.302263,21.831385,23.07434,16.688917,17.152884,15.099758,14.684841
17,17.103773,13.875786,12.3723755,7.71891,6.3717794,6.5634017,4.1660643,9.752438,9.824215,13.867358,16.122631,15.542492,15.113328,12.816155,9.79224,6.5813675,4.5551085,0.0,5.6131897,6.515391,10.4808,13.060643,17.178167,18.55422,22.04352,21.288162,19.21173,16.984203,12.69458,14.344864,11.245866,10.475538,14.215009,14.231671,17.517632,19.007982,22.38254,22.087873,19.320253,16.851553,17.53056,16.530962,15.130819,16.853056,19.865677,18.484419,21.944273,24.198341,26.463911,28.077217,26.660063,27.951187,25.615011,27.25051,23.534227,26.297424,21.86182,22.523445,23.984003,26.00169,22.969429,25.775293,21.988916,23.96743,23.739174,23.732069,24.592056,24.097673,21.332966,20.847631,16.598293,20.379683,17.561947,23.796043,19.223824,24.816114,23.361423,20.843878,22.0133,22.276787,20.169708,16.853287,14.71636,10.522675,9.82559,6.206383,8.373866,7.8549333,10.996581,13.829382,16.071169,13.812972,16.853268,18.889984,14.894437,19.610037,17.574291,22.673538,21.417147,16.772686,16.66656,21.893639,24.913736,23.039553,19.646393,20.633158,13.962568,14.817693,12.163787,13.016187
18,14.319095,11.561553,11.694083,6.5602007,7.851793,9.1933155,9.326298,14.762278,15.336536,19.335312,21.533018,20.440105,19.65515,17.066757,13.71386,10.817978,6.6719537,5.6131897,0.0,5.3384066,7.5526905,10.971216,14.470382,15.42816,19.25527,19.325987,18.610062,16.159075,13.152753,13.004275,12.65649,9.157793,14.8004875,12.478013,17.129562,18.036509,21.332907,21.63047,18.041887,15.066126,17.819847,16.15149,16.491205,18.205349,19.56066,19.023985,21.880407,24.372215,27.337208,28.97371,27.475569,29.423489,26.563782,28.941996,24.800772,27.233313,23.076242,23.070028,25.124647,27.806196,25.250156,28.275139,24.54111,27.063917,26.403181,27.4368,28.024168,26.804508,24.775862,24.919882,20.39907,24.302446,21.294744,27.522272,22.649895,27.878252,26.084661,23.728,24.823853,25.611448,22.936417,19.36732,18.2356,13.929045,14.035091,9.536907,12.736184,9.964019,13.725238,15.748483,18.744013,17.396343,21.091415,23.507288,19.692978,24.415426,22.302717,27.548819,25.733524,21.31449,21.881826,27.101667,30.158236,28.43637,25.062752,25.993954,19.310051,20.015366,16.809284,17.57245
19,12.788078,8.943135,9.83781,5.526827,5.0889115,9.369669,8.137252,14.735392,15.4725275,19.026844,21.786942,21.8351,21.32259,19.290941,15.858663,13.090328,9.738807,6.515391,5.3384066,0.0,4.468233,6.611933,10.867452,12.089563,15.583937,15.186226,13.558913,11.553227,8.304944,9.7015085,9.953744,9.506767,15.96867,15.006561,19.39384,21.13703,23.746624,23.231537,19.44915,15.935067,17.880606,14.455844,14.499145,14.501886,15.658524,14.364504,17.222233,19.437458,22.161903,24.18042,22.989649,25.189219,22.726702,25.601675,21.945856,25.037153,21.455051,22.085802,24.60692,26.50573,24.057451,25.949383,21.698797,23.805288,22.153322,23.680405,23.621113,21.921385,20.140488,21.01826,17.042156,21.503445,19.300228,25.898874,21.851248,26.973434,26.229876,24.44962,26.133703,27.062586,25.078056,21.78491,19.330677,15.243166,13.764463,10.0558195,10.502233,5.5575395,9.067188,10.66085,13.818045,13.114441,17.151903,19.91371,16.975815,21.57067,20.809513,25.899172,24.85009,21.276852,21.195513,26.173306,28.930765,26.715418,23.641996,23.65415,17.32804,17.504753,13.624519,15.05058
20,13.020142,9.374917,12.313055,8.765782,9.2285795,13.6607895,12.42924,19.176224,19.583185,23.2889,25.682579,25.869045,25.551315,23.257696,20.026787,16.889519,13.504762,10.4808,7.5526905,4.468233,0.0,4.815242,6.9869323,9.08824,11.967858,11.779296,11.773504,9.152591,7.824028,6.865879,10.218384,8.801664,16.206583,14.432929,19.255486,21.00722,22.990955,22.457155,18.147846,14.189119,17.200579,12.712381,14.229461,13.8951435,13.335616,13.039186,15.179088,17.668833,21.100473,22.773174,21.44195,24.125853,21.244028,24.727415,20.887314,23.722866,20.68621,20.942392,24.035864,26.154303,24.234268,25.960913,21.83802,24.342384,22.394587,24.90187,24.747963,22.561186,21.818466,22.901768,18.704628,23.002182,20.801462,27.203995,23.23226,27.832235,27.188305,25.83395,27.683641,29.121588,27.06053,23.804264,21.564737,17.651928,16.356836,12.594525,13.3747,8.076228,11.341094,12.33111,15.418082,15.394426,19.884459,22.683125,19.735142,24.103273,23.300781,28.386742,26.936722,23.92405,24.37837,29.207527,31.907475,29.898731,26.93546,26.97412,20.753317,21.21682,17.174591,19.051624
21,10.472726,6.606469,10.439607,8.990572,9.258917,14.322585,13.805026,20.106422,21.312561,24.337917,27.536678,28.031597,27.414845,25.7001,22.009739,19.632786,15.989246,13.060643,10.971216,6.611933,4.815242,0.0,5.809445,5.876041,9.466727,9.851712,8.578428,7.9912505,7.649416,8.900911,12.789278,13.335132,20.54257,19.221548,23.913357,25.79067,27.688995,26.946293,22.654377,18.620312,21.18182,15.879553,17.03539,14.964236,13.725189,12.326939,13.908878,15.636073,18.561403,21.28205,20.631094,23.7986,21.58169,25.663706,22.523329,25.898346,23.46623,24.190847,27.470327,28.972261,27.107374,27.872456,23.368282,25.231329,22.056505,24.919512,23.762215,20.831598,20.111498,22.471184,19.418455,24.16111,22.821129,29.368666,26.090925,30.662975,30.661379,29.490784,31.520132,32.79042,31.025082,27.844517,25.099955,21.248962,19.264322,16.030073,15.153104,8.883028,10.612696,9.946046,13.511563,14.701262,18.86764,22.044027,20.512928,24.622103,25.170197,29.954103,29.349802,26.656115,26.351074,30.974648,33.413822,30.857077,28.16966,27.259388,21.666115,21.129866,16.77499,18.317091
22,14.689365,11.625994,16.097752,14.353811,14.664511,19.696268,18.363636,25.116652,25.574457,28.937532,31.449917,32.237583,32.064953,29.95833,26.72354,23.65517,20.389404,17.178167,14.470382,10.867452,6.9869323,5.809445,0.0,5.317871,5.226985,5.2515144,7.786724,5.9524345,8.85438,6.96404,13.455133,13.591606,20.721745,19.14328,23.725578,25.733524,26.728226,25.775444,21.230284,17.064249,20.173157,13.981754,16.558918,14.22041,10.734187,11.052297,11.325898,13.47343,17.417511,19.165579,18.217169,21.82167,19.092892,23.738111,20.530933,23.455301,21.881329,22.228235,26.03474,27.616392,26.451641,26.935616,22.800354,25.104202,21.902443,25.802351,24.830572,21.653013,22.358511,24.412134,20.992271,25.22437,23.871859,29.938133,26.87504,30.679605,30.882086,30.291433,32.52559,34.362583,32.659203,29.648388,27.015017,23.506737,21.673212,18.590261,18.110518,12.421573,14.153917,13.660522,16.334875,17.7338,22.269192,25.191513,23.290377,27.0369,27.300026,31.994173,30.860783,28.91682,29.291067,33.67191,36.029236,33.864582,31.313137,30.667545,25.165972,25.31957,21.038904,23.321316
23,10.580633,8.585885,13.718411,13.506182,14.663798,19.37731,19.59285,25.686153,27.132494,30.101309,33.40213,33.754646,32.956387,31.20828,27.324589,25.085613,20.993032,18.55422,15.42816,12.089563,9.08824,5.876041,5.317871,0.0,5.4689937,8.36823,9.515023,10.070644,12.233497,11.898928,17.593023,17.35402,24.802633,22.631392,27.631733,29.247658,30.74381,30.19422,25.566416,21.397234,24.890497,19.046835,21.266407,18.76798,15.647304,15.056859,15.1450615,16.442379,19.621761,22.510044,22.1733,25.994762,23.755022,28.53246,25.579155,28.689356,26.993277,27.391808,31.084911,32.69574,31.31185,31.77276,27.418196,29.35803,25.612162,29.27388,27.661669,24.086725,24.186413,27.16599,24.435268,29.06051,27.900536,34.248043,31.11695,35.29963,35.36923,34.436592,36.496273,38.027344,36.111687,32.88797,30.446297,26.611036,24.848816,21.462973,20.891323,14.6540785,16.000713,14.521935,17.891874,19.830713,23.87532,27.125875,26.041592,29.925968,30.703224,35.410053,34.71002,32.268326,32.136738,36.688217,39.06124,36.487617,33.904736,32.786205,27.419224,26.699736,22.298204,23.639177
24,15.961473,13.827923,18.743515,18.201008,18.69936,23.774448,22.913624,29.409386,30.229477,33.284004,36.1264,37.043663,36.718544,34.822968,31.357216,28.59345,25.085331,22.04352,19.25527,15.583937,11.967858,9.466727,5.226985,5.4689937,0.0,4.329128,8.277475,8.793981,12.875915,11.590293,18.177166,18.718946,25.722155,24.03816,28.604462,30.56245,31.267252,30.27625,25.690256,21.569338,24.750805,18.220097,20.968388,17.74346,13.131128,13.381754,12.157038,13.306547,16.977522,19.19667,18.88852,23.04437,20.79837,26.019428,23.463203,26.390385,25.659622,26.06905,30.09094,31.34671,30.529213,30.302826,26.20202,28.158867,24.107103,28.59394,26.90723,23.0756,24.409168,27.30884,24.687944,28.914494,28.108713,33.993565,31.424885,34.911106,35.504066,35.16999,37.511776,39.418568,37.817814,34.849613,32.110806,28.669401,26.644583,23.733118,22.746162,16.888826,17.819258,16.332125,18.824816,21.075937,25.273012,28.29845,27.284304,30.69076,31.690643,36.12938,35.34371,33.755127,33.896053,38.08359,40.24863,37.86402,35.53929,34.36926,29.353388,29.037832,24.688402,26.783781
25,18.488388,15.555525,19.905222,18.78864,18.477196,23.754612,21.819471,28.50538,28.737467,31.798798,34.220337,35.64763,35.764603,33.833733,30.81538,27.68414,24.89872,21.288162,19.325987,15.186226,11.779296,9.851712,5.2515144,8.36823,4.329128,0.0,5.951332,5.509583,10.344317,9.1269455,15.4302225,17.2013,23.608574,22.880009,26.887999,29.274773,29.656878,28.18116,23.862837,19.866201,22.114254,15.273477,17.7492,13.973479,9.019991,9.447467,7.936348,9.492061,13.648021,15.212719,14.653768,18.753967,16.478537,21.736256,19.381905,22.46534,22.045273,22.753162,26.789427,27.629955,26.939499,26.278389,22.224113,24.12285,20.095587,24.815195,23.328003,19.66524,21.534412,24.002016,21.335703,25.290096,24.722692,30.342482,28.191797,31.356335,32.3686,32.368824,34.91355,36.923798,35.688717,32.970863,29.815527,26.728136,24.366314,22.018574,20.482033,15.182158,15.796924,14.695499,16.44259,18.550444,22.850672,25.613586,24.464746,27.549929,28.647966,32.865677,32.11968,31.095705,31.312828,35.199234,37.21141,34.980213,32.83282,31.719238,26.954657,27.036476,22.847652,25.576302
26,17.154198,13.75455,17.039026,16.63761,15.438805,20.754509,18.663017,24.793592,25.369081,27.805038,30.732212,32.52637,32.561836,31.170626,28.065792,25.46052,23.00432,19.21173,18.610062,13.558913,11.773504,8.578428,7.786724,9.515023,8.277475,5.951332,0.0,4.7353225,7.672546,10.120435,14.187368,17.814116,23.969149,24.21245,27.980886,30.61376,31.530529,29.842672,25.864223,21.951426,23.033123,16.484932,17.287783,12.527032,9.807875,7.264296,7.067744,7.55403,10.305189,13.519307,13.65536,17.424088,16.191391,21.079233,19.33168,23.239187,22.402145,23.880974,27.493294,27.702414,26.447315,25.271997,20.680376,21.729134,16.93251,21.11678,18.915966,14.983917,16.18114,19.468813,17.822062,22.270267,22.385845,28.318113,26.639135,30.249311,31.689222,31.508905,34.118763,35.66394,34.778526,32.131794,28.347147,25.283268,22.24474,20.461245,17.479036,12.123513,11.405583,9.425612,11.010556,13.783612,17.633032,20.56781,20.490452,23.408016,25.600529,29.547445,29.732697,28.695728,28.055782,31.765978,33.574005,30.84643,28.90672,27.086065,22.886612,22.26402,18.095806,20.72459
27,18.193975,14.416422,17.710234,15.885863,14.699936,19.946901,17.102573,23.815386,23.646137,26.697811,28.893808,30.588623,30.96689,29.091736,26.408054,23.131514,21.021004,16.984203,16.159075,11.553227,9.152591,7.9912505,5.9524345,10.070644,8.793981,5.509583,4.7353225,0.0,5.001791,5.5347166,10.358791,13.613548,19.61078,19.89843,23.502785,26.206892,26.90462,25.166481,21.187042,17.31407,18.448,11.819651,13.1409025,9.157623,6.16157,5.129891,6.131166,8.588811,12.474296,13.876856,12.861139,16.239801,13.915197,18.534409,15.90602,19.491297,18.27985,19.4562,23.150036,23.79444,22.601677,22.11644,17.731483,19.590206,15.986399,20.107044,19.075857,16.000896,17.246962,19.061531,15.990461,20.121555,19.469912,25.358435,23.158403,26.68204,27.756329,27.616735,30.207556,32.011875,30.999525,28.38346,24.832825,21.858131,19.153587,17.21619,15.104235,10.201335,10.760473,10.504221,11.941018,13.41053,17.944292,20.578854,18.998137,22.207209,23.188051,27.461018,26.82918,25.750465,25.82682,29.70045,31.738632,29.531687,27.338907,26.392157,21.520071,21.895958,17.833784,20.966366
28,17.600136,13.399176,15.351263,12.915727,10.895052,15.885874,12.349721,19.018888,18.67401,21.725904,23.922413,25.65453,26.101515,24.330065,21.810356,18.573925,16.985014,12.69458,13.152753,8.304944,7.824028,7.649416,8.85438,12.233497,12.875915,10.344317,7.672546,5.001791,0.0,5.830781,6.8337674,11.324929,16.894098,17.916058,21.2497,24.031586,25.3196,23.600561,19.998081,16.379038,16.640762,11.094972,10.770469,7.594104,8.438744,6.1132526,9.3140135,11.5550785,14.384902,15.903997,14.738843,17.099627,14.980674,18.4655,15.578503,19.394775,17.072247,18.564182,21.656624,22.313755,20.41603,20.493885,15.848029,17.583948,14.754103,17.609715,17.08951,14.859092,14.721579,15.857819,12.289354,16.833364,15.872634,22.245909,19.699461,23.905106,24.746506,24.17496,26.65971,28.092592,27.140259,24.503653,20.695927,17.624647,14.637598,12.908161,10.215038,5.3742266,6.240399,7.420327,8.935321,9.264104,14.036432,16.658262,14.516098,18.185217,18.910442,23.411009,22.931108,21.337988,21.12733,25.21558,27.398064,25.109484,22.717972,21.96678,16.716944,17.228203,13.215655,16.50394
29,19.076223,15.249062,18.24968,14.95894,14.107395,18.785387,15.549111,22.586515,21.735691,25.485605,26.904942,28.158257,28.764183,26.318092,24.062605,20.139143,18.30635,14.344864,13.004275,9.7015085,6.865879,8.900911,6.96404,11.898928,11.590293,9.1269455,10.120435,5.5347166,5.830781,0.0,7.126402,8.390475,14.544489,14.446701,18.116499,20.737625,21.436417,19.892197,15.767945,11.834249,13.572089,7.296409,9.640215,8.46439,6.861737,8.117927,10.075683,13.230094,17.28031,17.499538,15.590879,18.126347,14.779216,18.4311,14.56331,17.374023,15.141958,15.615928,19.243988,20.846754,19.541725,20.51029,16.593582,19.44211,17.668102,21.06674,21.346388,19.317738,20.046513,20.378042,15.802651,19.434961,17.534761,23.363659,20.132517,23.786488,23.976936,23.59111,25.97848,28.005365,26.610186,23.900919,20.95141,17.92045,16.01165,13.537949,13.283424,9.364621,11.725296,13.124155,14.689563,14.655611,19.494493,21.795982,18.521786,22.177094,21.425812,26.15352,24.43998,22.874699,23.849895,28.045433,30.444897,28.850965,26.269583,26.437729,20.736914,22.110312,18.32353,21.536118
30,22.142973,17.997896,19.105356,15.192577,13.041712,16.632624,11.643525,18.13553,16.105387,19.895193,20.461826,22.278685,23.554956,21.148733,19.874952,15.610076,15.652899,11.245866,12.65649,9.953744,10.218384,12.789278,13.455133,17.593023,18.177166,15.4302225,14.187368,10.358791,6.8337674,7.126402,0.0,7.291707,10.546511,13.159401,15.2918415,18.45711,19.590593,17.55531,14.657802,11.829081,10.423896,6.856371,4.7507033,6.132442,10.002132,9.726618,13.258399,16.084118,18.994684,18.776047,16.639154,17.572529,14.682799,16.359367,12.430209,15.476485,11.784359,13.103491,15.576998,16.764446,14.473033,16.079094,12.067791,14.873094,14.841691,16.472187,17.988274,17.517303,17.194828,15.722263,10.117625,13.426668,10.858289,17.065248,13.529366,17.892157,18.107542,17.467718,19.969284,21.657244,20.762823,18.36029,14.535779,11.944179,9.305504,8.206424,7.163396,6.9508467,9.248353,12.506289,12.898775,10.923896,15.406642,16.969542,12.318303,16.083876,14.400724,19.287643,17.478443,15.824965,16.850355,20.995611,23.48028,22.174713,19.495928,20.35837,14.494442,16.92606,13.977373,17.753723
31,21.151937,17.646404,19.191751,14.352244,13.893074,16.603548,13.260285,19.655912,17.930334,22.430233,22.746265,23.024235,23.833328,20.65697,19.204432,14.589486,13.606828,10.475538,9.157793,9.506767,8.801664,13.335132,13.591606,17.35402,18.718946,17.2013,17.814116,13.613548,11.324929,8.390475,7.291707,0.0,7.5394845,6.595866,10.61621,12.903738,14.639474,13.858416,9.974679,6.661769,9.054213,7.6680813,9.026222,12.576729,14.018197,15.211581,17.96926,21.142544,24.7908,24.624996,22.309568,23.683495,20.068548,21.858984,17.1609,18.780968,14.632241,14.123517,16.509642,19.55383,17.568165,20.987394,17.968746,21.418259,21.957638,23.600657,25.27245,24.57644,24.05653,22.79032,17.05169,19.8365,16.259687,21.751478,16.82786,21.089651,19.45875,18.052927,19.756065,21.689686,19.490034,16.454733,14.799342,11.483815,11.509045,8.001153,11.6526375,10.625305,14.403833,17.301687,18.941122,17.171112,21.585207,23.34367,18.23426,22.366276,19.172663,24.351969,21.33866,18.399952,20.474985,25.12978,28.055286,27.256035,24.129719,25.857893,19.31405,21.766459,18.816782,21.536499
32,28.199398,24.670502,25.366491,20.35376,19.304535,20.762682,16.482977,21.41705,18.096159,22.600067,20.94118,21.469513,23.357761,19.83291,20.267916,15.249886,16.734081,14.215009,14.8004875,15.96867,16.206583,20.54257,20.721745,24.802633,25.722155,23.608574,23.969149,19.61078,16.894098,14.544489,10.546511,7.5394845,0.0,6.267077,5.05257,8.541601,9.796071,8.229956,6.948507,7.2513165,4.8852344,9.76834,9.171872,15.068177,18.135172,19.60743,22.573683,25.75073,29.056871,27.815897,25.076164,25.159607,21.564444,21.425093,16.714458,17.02419,11.998397,10.954193,11.442128,15.183982,12.974307,18.1257,16.632856,20.367788,23.136465,23.567114,26.632553,27.252682,26.70698,23.693613,17.507172,18.419563,13.938503,17.6768,12.045647,15.692319,12.796178,11.215108,12.696391,15.129755,13.067506,10.7076845,9.711446,8.31323,9.966369,8.838738,13.309333,15.606829,18.77295,22.385511,22.997396,20.220985,23.917912,24.663261,18.398336,21.755007,16.573444,21.269035,16.877213,14.283567,17.875248,21.861252,24.803125,25.221176,22.20659,25.343895,19.29403,23.10202,21.406237,24.419119
33,25.617516,22.68112,23.941702,18.828398,18.984394,20.381136,17.65821,22.91792,20.675129,25.373339,24.608889,24.047602,25.045345,21.322714,20.793783,16.098139,15.814879,14.231671,12.478013,15.006561,14.432929,19.221548,19.14328,22.631392,24.03816,22.880009,24.21245,19.89843,17.916058,14.446701,13.159401,6.595866,6.267077,0.0,5.573996,6.6423845,8.953089,9.602203,6.2365117,5.4390697,9.024987,11.62568,13.223551,18.17046,19.570667,21.42818,23.966711,27.265615,31.072796,30.373726,27.766224,28.72653,24.806011,25.768919,20.814129,21.113235,16.68237,14.976601,16.326391,20.532766,18.81761,23.643898,21.769615,25.584507,27.324415,28.485006,30.862936,30.667356,30.089798,28.09224,22.047447,23.85217,19.59392,23.858347,18.262894,21.883602,18.766226,16.95158,17.784815,19.962215,16.96142,13.997579,14.602,12.07495,14.218893,11.111734,16.50267,16.785583,20.617142,23.705256,25.288944,23.11913,27.214977,28.591675,22.793327,26.703655,22.074205,27.039114,22.928974,19.63674,22.796513,27.260532,30.352884,30.381369,27.141565,29.89364,23.356531,26.39911,24.063305,26.429317
34,30.789015,27.650763,28.495386,23.334446,22.916302,23.887636,20.382877,24.873281,21.656782,26.211037,24.184029,23.949068,25.715132,21.902391,22.633863,17.809599,19.09093,17.517632,17.129562,19.39384,19.255486,23.913357,23.725578,27.631733,28.604462,26.887999,27.980886,23.502785,21.2497,18.116499,15.2918415,10.61621,5.05257,5.573996,0.0,3.7836168,5.1361804,5.2657857,5.2643256,7.7866907,7.65991,13.273715,13.813257,19.692122,21.99645,23.996603,26.66034,29.957296,33.54657,32.124126,29.261843,29.404999,25.55097,25.31132,20.506622,19.924953,15.2748165,13.232991,13.162633,17.714142,16.107218,21.797485,21.00604,24.895264,27.934397,28.431122,31.623957,32.214466,31.743187,28.711176,22.52562,23.139263,18.575815,21.423395,15.77191,18.5222,14.597547,12.87572,13.351077,15.964231,13.146671,11.013089,12.3992605,11.558095,14.343525,12.859509,18.069109,20.017227,23.453777,26.951773,27.848953,25.154373,28.851091,29.598217,23.255472,26.543285,20.909063,25.331459,20.437689,17.713297,21.742964,25.543673,28.522982,29.37329,26.332209,29.870184,23.837328,27.656921,26.04957,28.720778
35,31.698013,28.93015,29.690237,24.503551,24.567257,25.029047,22.263733,26.325867,23.388115,27.941069,25.927301,24.982674,26.451225,22.514194,23.271135,18.771088,19.768724,19.007982,18.036509,21.13703,21.00722,25.79067,25.733524,29.247658,30.56245,29.274773,30.61376,26.206892,24.031586,20.737625,18.45711,12.903738,8.541601,6.6423845,3.7836168,0.0,4.6459966,7.19018,7.473606,10.037633,11.340781,16.528341,17.420868,23.161867,25.139503,27.174286,29.771694,33.09562,36.79614,35.566673,32.739475,33.05782,29.136833,29.043926,24.204674,23.496046,18.979755,16.744442,16.556368,21.233936,19.722254,25.523018,24.782177,28.64402,31.598425,32.050938,35.16483,35.655018,34.97766,32.104416,25.960342,26.704498,22.095192,24.867937,19.128965,21.833406,17.485224,15.425099,15.201899,17.470055,14.069457,11.888004,14.633544,13.68685,17.04502,15.128674,20.854626,22.521353,26.167906,29.575739,30.7953,28.136532,31.799227,32.647717,26.326971,29.76547,23.992826,28.400677,23.462254,20.265583,24.27522,28.160679,31.22785,32.146168,28.99844,32.678654,26.53036,30.181292,28.59577,30.858866
36,34.506077,31.57462,32.84412,27.702421,27.594854,28.671879,25.41372,29.933012,26.729967,31.258083,28.977255,28.612106,30.404716,26.525116,27.390236,22.690287,23.727694,22.38254,21.332907,23.746624,22.990955,27.688995,26.728226,30.74381,31.267252,29.656878,31.530529,26.90462,25.3196,21.436417,19.590593,14.639474,9.796071,8.953089,5.1361804,4.6459966,0.0,3.9006588,5.914574,9.795291,10.538948,16.150322,17.561768,23.332092,24.86576,27.514639,29.742428,33.118076,36.971863,35.080544,32.051838,32.156406,28.063513,27.674871,22.903423,21.382824,17.46384,14.640814,14.308236,19.251986,18.5152,24.276718,24.211048,28.294926,31.574762,32.39498,35.729553,36.274986,36.253353,33.15018,26.942673,27.169434,22.698204,24.68748,19.435768,21.015486,16.894974,15.821779,15.906333,18.81753,16.103378,14.698955,16.850773,16.55634,19.370502,17.95953,23.050484,24.670794,28.136755,31.491787,32.399757,29.886616,33.701427,34.41025,28.061968,31.111847,25.358124,29.4443,24.212017,22.090181,26.40324,29.83709,32.685047,33.89596,30.993338,34.68566,28.820498,32.730892,31.086222,33.820927
