,0,1,2,3,4,5,6,7,8,9,10,11,12,13,14,15,16,17,18,19,20,21,22,23,24,25,26,27,28,29,30,31,32,33,34,35,36,37,38,39,40,41,42,43,44,45,46,47,48,49,50,51,52,53,54,55,56,57,58,59,60,61,62,63,64,65,66,67,68,69,70,71,72,73,74,75,76,77,78,79,80,81,82,83,84,85,86,87,88,89,90,91,92,93,94,95,96,97,98,99,100,101,102,103,104,105,106,107,108,109,110,111,112
0,0.0,4.0628877,6.344217,9.814142,12.264944,15.330369,17.4401,21.804024,24.61084,26.886522,30.732769,32.287323,35.165943,33.096348,36.69204,32.203876,33.08725,31.496674,32.61695,34.653355,35.267372,38.093113,39.223392,40.384506,42.120983,41.17963,39.521202,40.30444,36.95991,40.950935,34.648975,40.57735,36.26315,38.14406,35.630318,31.926867,30.141554,32.87017,30.823742,27.687565,27.22083,30.233013,27.707405,23.33083,25.945614,28.214931,22.104244,20.869244,24.406448,24.89288,29.407011,27.09439,30.554325,32.34795,33.75531,35.980892,33.418842,37.65307,39.356922,35.191364,35.97253,41.205498,44.020424,43.589928,39.41417,39.41971,44.986015,44.852863,40.790974,44.29024,46.949184,44.31696,41.77358,44.454433,40.319855,43.394085,40.18946,36.31419,36.667328,31.901325,29.766397,27.579165,25.014156,26.655596,27.569242,30.544722,30.824875,36.143375,36.344814,39.906757,40.08921,44.195137,44.646553,45.155678,48.279903,49.82446,47.95605,47.468758,43.9378,41.88043,40.075787,36.106327,36.471462,30.682693,28.448492,26.536995,23.262884,25.35251,20.049257,25.349373,24.27984,26.067547,27.758095
1,4.0628877,0.0,5.0335484,6.422571,9.232641,13.175471,14.286246,19.206896,21.570938,23.962362,27.706059,29.156729,31.82895,29.57955,32.903996,28.476957,29.168995,27.666973,28.607113,30.822424,31.501669,34.294044,35.666866,36.727654,38.376926,37.336243,35.81964,36.529495,33.288944,37.29114,31.196404,37.257404,33.098587,35.255775,32.566986,28.679373,27.24024,30.191286,27.800764,24.513145,24.63882,27.562866,24.642853,20.52169,23.692907,25.634096,19.242208,18.64245,22.557114,23.241318,27.319399,24.876083,28.873632,30.524752,31.540195,33.372936,30.585447,34.72471,36.84039,32.839222,33.076862,38.467678,41.37251,41.19502,36.898617,36.544556,42.04348,41.696846,37.576572,41.183086,43.589054,40.800537,38.43287,41.0345,37.06775,40.132584,36.859615,33.15576,33.556244,28.962744,26.773611,24.912003,21.912853,23.240122,24.034195,26.90582,27.056013,32.26367,32.373955,35.936626,36.077545,40.24955,40.675224,41.299,44.33774,45.834595,43.929863,43.414165,39.8879,37.8208,36.02663,32.051147,32.484573,26.64009,24.531637,22.757837,19.336329,21.32812,15.999093,21.325558,20.381008,22.311075,24.164703
2,6.344217,5.0335484,0.0,5.43537,6.5055447,9.297924,11.565348,15.523486,18.609665,20.714512,24.606073,26.243233,29.26915,27.452208,31.539625,27.0975,28.525297,27.205627,29.153881,31.325882,32.720192,35.72058,37.42132,37.598408,38.94005,37.612545,35.51102,35.85849,32.194996,35.881687,29.341846,34.89805,30.251802,32.11594,29.948318,26.265535,24.219355,27.231285,25.580404,22.350334,21.717258,25.56649,23.163435,18.554438,21.3754,24.652273,18.881674,17.201874,21.403612,21.169685,25.549942,24.524523,27.815205,28.890041,30.602245,32.71249,29.61624,33.87704,35.737713,31.044239,31.44644,36.885933,39.398487,38.827667,34.346237,34.254597,39.85101,39.583565,35.870457,39.751163,42.18457,39.568325,37.407333,40.61977,36.58166,40.156113,37.212524,33.321327,34.514057,29.634977,28.089903,26.707842,23.717697,24.455406,24.384405,28.042244,27.10286,32.629288,32.39778,35.770916,35.833405,39.627655,40.08507,40.12701,43.586617,45.312805,43.70886,43.57009,40.105568,38.325394,36.875275,32.89879,33.92273,27.778976,26.476685,25.117828,21.435057,22.80037,17.054335,21.358595,19.97797,21.013414,22.72765
3,9.814142,6.422571,5.43537,0.0,3.7692,7.754871,8.352799,13.4349985,15.304696,18.112562,21.606833,23.336983,25.841675,23.760746,27.063803,22.433851,23.565786,22.008234,23.862736,25.908125,27.300392,30.323528,32.102474,32.189312,33.527637,32.23418,30.267014,30.749502,27.264664,31.161665,24.878363,30.875269,26.836468,28.900871,26.146854,22.271748,20.869053,23.889912,21.483597,18.132141,18.435427,21.642735,18.650726,14.495575,18.086084,20.470383,14.304856,13.699639,18.219677,18.546696,22.183538,20.637451,24.695143,25.756653,26.777681,28.375027,25.142567,29.272793,31.605072,27.344181,27.146605,32.70297,35.463154,35.318436,30.836966,30.303827,35.799236,35.36841,31.384079,35.20774,37.487015,34.73087,32.549713,35.525555,31.612478,35.06857,32.026237,28.29826,29.457289,24.775684,23.186344,22.179104,18.827885,19.223993,19.069883,22.656826,21.743708,27.239367,27.15834,30.607328,30.878132,34.70321,35.472504,35.73201,39.098892,40.598526,38.889343,38.613068,35.0382,33.43413,31.738064,27.98024,28.742504,22.699131,21.41769,20.125563,16.56302,17.815979,12.403617,16.430328,15.806062,16.910818,19.365725
4,12.264944,9.232641,6.5055447,3.7692,0.0,5.52203,5.176037,10.049222,12.50276,14.772127,18.526709,20.1227,22.9316,21.02714,25.056385,20.685843,22.271433,21.250015,23.58771,25.998417,27.970018,30.987354,33.265366,32.712494,33.690727,32.02487,29.821215,29.802332,26.072876,29.580057,23.151463,28.67584,24.05535,26.29698,24.066904,20.122934,18.426136,21.953135,20.057568,16.548492,16.74619,20.958395,18.12531,13.873757,17.589249,20.930887,15.356748,14.379788,19.189505,18.810188,22.278662,21.904402,25.620724,26.080948,27.39903,28.887144,25.248922,29.319046,31.766014,27.079111,26.509548,32.214935,34.651997,34.347565,29.578808,28.93384,34.429493,33.806137,30.22785,34.449936,36.422024,33.627556,31.925516,35.331753,31.599022,35.41448,32.58848,28.966099,30.699282,26.098766,24.922806,24.464037,20.922112,20.635921,19.698503,23.596527,21.645855,27.098093,26.478987,29.702936,29.666029,33.31137,33.79212,33.680218,37.25369,39.00796,37.52265,37.557827,34.144157,32.579018,31.35559,27.458609,28.94855,22.661226,22.225533,21.474176,17.604263,18.188358,12.476447,15.566264,14.2059,14.688892,16.776762
5,15.330369,13.175471,9.297924,7.754871,5.52203,0.0,5.9675517,7.52805,10.356876,13.146178,16.494205,18.931837,21.808107,20.719885,24.981752,20.296383,22.831018,21.424978,25.178894,26.717453,29.238586,32.514343,34.612812,33.18662,33.99567,32.35034,29.323486,29.273779,25.128164,28.419353,21.413555,26.441498,21.884188,23.111916,21.131388,17.86166,15.27153,18.126858,17.149694,14.163794,12.76193,17.630625,15.875295,11.050218,13.682085,18.512945,14.303822,11.726973,16.338596,14.906498,18.683523,19.921078,22.507286,22.410086,24.563593,26.55408,22.910028,27.094728,28.879547,23.521883,23.634602,29.114399,31.155306,30.35359,25.61985,25.593985,31.201212,31.003288,27.746004,31.897486,34.297157,31.979193,30.075384,34.04427,30.062967,34.298515,31.96134,28.017113,30.512854,25.56685,25.236168,25.083906,22.138351,21.574045,19.929523,24.664572,21.976402,27.787872,27.297611,30.282024,30.627426,33.543736,34.67247,33.88895,37.978146,39.707893,38.543144,38.86979,35.419537,34.55091,33.312542,29.915926,31.366922,25.328598,25.329178,24.677122,21.264885,21.479046,16.456316,17.889515,17.06629,16.126408,18.60474
6,17.4401,14.286246,11.565348,8.352799,5.176037,5.9675517,0.0,5.833411,7.587361,9.787826,13.426498,15.031013,17.770027,15.991814,20.333761,16.136404,18.221706,17.68668,20.739407,23.305622,25.996838,28.994276,31.816885,30.36883,30.888466,28.833387,26.365747,25.825035,21.913975,25.030298,18.608484,23.78224,18.942228,21.481367,19.487455,15.386767,13.824704,17.94568,16.217896,12.538576,13.360509,18.208416,15.323751,11.653659,15.773146,19.479013,14.849705,14.231266,19.112602,18.307997,20.841545,21.56459,25.167973,24.898188,26.079628,27.07553,22.96873,26.76545,29.576408,24.775505,23.36263,29.199377,31.363623,31.151379,26.123192,25.052021,30.409119,29.469769,26.250301,30.858746,32.369564,29.496191,28.361221,32.125298,28.726152,32.86063,30.315548,26.975042,29.380245,25.102419,24.488386,24.909094,21.170347,19.884092,17.91724,22.070219,18.83427,24.113827,22.973757,25.89582,25.704222,29.010746,29.487375,28.98768,32.81001,34.680443,33.435963,33.779335,30.49194,29.241283,28.401936,24.663744,26.772799,20.49464,21.165825,21.117393,17.315964,16.930462,11.821612,12.7146225,11.234891,10.4305105,12.776195
7,21.804024,19.206896,15.523486,13.4349985,10.049222,7.52805,5.833411,0.0,4.78967,5.765306,9.438831,11.632731,14.881321,14.263791,19.620413,15.847452,19.089872,18.944616,23.228807,25.391134,28.809895,31.847826,34.87007,32.377922,32.435593,30.104242,26.927605,25.824299,21.509842,23.807379,17.064854,20.899761,15.286393,17.257523,16.402016,12.955062,10.19528,14.568251,14.490232,11.399646,10.875768,17.143229,15.469634,12.033835,14.995821,20.202036,17.336597,15.696263,20.133562,18.187931,20.3909,23.111387,25.5563,24.370502,26.272495,27.409222,23.095613,26.691027,29.090662,23.620762,22.240076,27.845188,29.283195,28.558823,23.332739,22.54433,27.80774,26.928162,24.577387,29.481604,30.869732,28.366556,27.705816,32.2046,28.950918,33.585648,31.648792,28.33037,31.61822,27.358494,27.575548,28.492805,25.12105,23.34853,20.531841,25.162226,20.78912,25.914999,24.383287,26.738768,26.491909,28.922062,29.52812,28.084288,32.443592,34.542946,33.815083,34.693874,31.655197,30.9762,30.625246,27.262432,29.894045,23.908495,25.42687,25.767372,22.233496,21.286766,16.865837,15.994471,14.421474,11.8834715,13.64956
8,24.61084,21.570938,18.609665,15.304696,12.50276,10.356876,7.587361,4.78967,0.0,4.7924285,6.620782,9.465065,11.671513,11.007608,15.436052,11.314328,14.872071,14.614762,19.48654,21.27595,25.027294,28.037546,31.186172,28.18045,28.026642,25.615725,22.287037,21.0898,16.739006,19.083128,12.306016,16.596052,11.70334,13.896592,12.219288,8.355922,6.4223614,11.218477,10.371699,7.1299415,8.256357,13.900897,11.885585,9.753972,13.137852,17.455488,15.372567,14.717574,18.83008,17.251127,18.210867,20.99969,23.717838,22.265285,23.501303,24.00141,19.485317,22.742695,25.598064,20.561493,18.276632,23.971195,25.509811,25.22543,19.956411,18.546488,23.695309,22.577908,20.071426,25.087221,26.23117,23.616411,23.113403,27.61718,24.595783,29.266188,27.4681,24.43391,28.004837,24.152985,24.712107,26.238037,22.888508,20.509037,17.136591,21.72841,16.739986,21.667614,20.119844,22.33017,22.372364,24.506922,25.663404,24.18706,28.649202,30.506397,29.79883,30.674501,27.56258,27.353422,26.87011,23.998549,26.488937,20.932987,22.911707,23.561222,20.545197,19.132471,15.92743,13.404097,12.931807,9.546399,12.366116
9,26.886522,23.962362,20.714512,18.112562,14.772127,13.146178,9.787826,5.765306,4.7924285,0.0,4.377916,5.86946,9.332692,9.111126,15.246682,12.685721,16.23208,17.263334,21.596296,24.164778,28.095354,30.81223,34.45922,31.279654,30.754284,27.946892,24.878437,22.938242,18.769876,20.110615,14.172434,16.820662,10.455522,13.6362915,13.692219,10.183619,8.346417,13.643353,13.884378,11.137125,12.111363,18.040506,16.318094,14.519234,17.558416,22.102726,20.108622,19.403929,23.522398,21.670185,22.625021,25.770163,28.299377,26.588127,27.958824,28.284792,23.697872,26.61644,29.569237,24.506678,21.841387,27.313616,28.376589,27.96585,22.61693,20.97885,25.654016,24.082808,22.464231,27.794216,28.188293,25.479109,25.92265,30.55575,28.054598,32.753647,31.108742,28.460724,32.11051,28.581356,29.091305,30.720139,27.149376,24.625395,21.20243,25.366287,20.023987,24.2154,21.887606,23.613808,22.868443,24.852716,25.014818,23.097206,27.592007,29.927485,29.535725,30.819527,28.169806,27.68935,28.03939,24.881002,28.310642,22.70797,25.327791,26.394262,23.05776,21.299175,17.918337,15.200311,13.435843,9.6982565,10.682377
10,30.732769,27.706059,24.606073,21.606833,18.526709,16.494205,13.426498,9.438831,6.620782,4.377916,0.0,3.9275885,6.055343,7.2285314,12.757151,10.802585,14.878292,16.11514,21.060175,23.08877,27.412338,30.01794,33.760166,29.840235,28.930689,25.986517,22.602062,20.26451,16.10835,16.705542,11.171213,12.655463,6.0973587,9.566928,10.169204,7.31514,6.208484,11.288378,12.060345,10.254152,11.656826,16.895807,15.681686,15.1298065,17.621717,21.764473,20.991968,20.586342,24.141487,22.22739,22.178816,25.952824,28.133276,25.942024,27.067745,26.949852,22.34436,24.711405,27.735067,22.946428,19.64901,24.771923,25.456432,25.17429,19.886507,17.841507,22.069664,20.24466,19.21645,24.666962,24.637638,22.081522,23.068539,27.929052,25.840563,30.64287,29.439854,27.150164,31.24376,28.151262,29.175207,31.322487,27.991451,25.023348,21.12979,25.184164,19.245699,22.87567,20.39433,21.56843,20.99641,22.139828,22.77914,20.285492,25.094706,27.32503,27.260895,28.817572,26.331573,26.523642,27.024508,24.527155,27.971325,23.03022,26.161692,27.51605,24.702557,22.57223,20.260582,16.287058,15.382215,11.072442,12.317305
11,32.287323,29.156729,26.243233,23.336983,20.1227,18.931837,15.031013,11.632731,9.465065,5.86946,3.9275885,0.0,4.1571865,5.1942735,11.874014,11.508145,14.9356165,17.238686,21.267143,24.091103,28.370413,30.650734,34.823124,31.020435,29.88456,26.654455,23.8467,21.025723,17.33767,17.327267,13.095765,13.773452,6.9933076,11.731486,12.968397,10.134631,10.014234,14.955473,15.427648,13.477065,15.493358,20.471352,18.849653,18.471142,21.352839,25.102747,23.898146,23.90492,27.653978,25.944536,25.890669,29.244795,31.779999,29.688047,30.535772,30.105658,25.470346,27.594389,30.975193,26.52047,22.774569,27.81925,28.464285,28.413113,23.219032,20.77714,24.507227,22.191881,21.518257,27.04641,26.2877,23.438822,25.142567,29.72532,28.12807,32.720142,31.430643,29.553593,33.42842,30.705704,31.468498,33.684135,30.054405,26.969988,23.184925,26.681578,20.712587,23.624153,20.531473,21.382044,20.051573,21.340136,20.918741,18.359789,22.968246,25.571045,25.633333,27.406809,25.314766,25.122463,26.288036,23.534542,27.685953,22.80128,26.395262,28.105213,25.131975,22.72473,20.562065,16.420044,14.779558,10.58859,10.407262
12,35.165943,31.82895,29.26915,25.841675,22.9316,21.808107,17.770027,14.881321,11.671513,9.332692,6.055343,4.1571865,0.0,3.6819298,8.590435,9.526283,12.824691,15.5436,19.594278,22.10118,26.575003,28.616922,32.93209,28.652782,27.166063,23.790474,21.05512,17.822004,14.507538,13.728334,10.812452,10.537629,4.88847,10.386848,11.412477,9.144264,10.588039,14.766852,14.864132,13.562067,16.3977,20.223688,18.619545,19.356144,22.123625,24.970299,24.445793,25.055819,28.404703,26.978691,26.087055,29.365286,31.955076,29.709576,30.00488,28.987947,24.433426,25.95729,29.644169,25.840794,21.362497,26.058695,26.609566,26.994505,22.05252,18.992115,22.074188,19.3104,18.966051,24.464373,23.05251,20.09967,22.454456,26.885134,25.855349,30.29303,29.262434,27.908781,31.906355,29.779228,30.79251,33.440754,29.9423,26.495575,22.488968,25.540081,19.279058,21.343512,18.030638,18.31019,17.009415,17.640444,17.542953,14.618129,19.445219,21.90455,22.170677,24.123436,22.197426,22.559486,23.87536,21.766644,25.90218,21.772213,25.805166,27.809431,25.378614,22.651522,21.619951,16.489862,15.746129,11.494883,11.764345
13,33.096348,29.57955,27.452208,23.760746,21.02714,20.719885,15.991814,14.263791,11.007608,9.111126,7.2285314,5.1942735,3.6819298,0.0,7.068525,7.7754493,10.352894,13.507627,16.776022,19.990921,24.223818,26.195963,30.666925,26.927595,25.637598,22.242973,20.064568,17.036144,13.903447,13.958467,11.017142,12.61189,7.918393,13.306078,13.079812,9.728557,11.601331,16.188688,15.1748295,13.158147,16.783722,20.399824,17.982635,18.608751,22.078901,24.374268,23.01326,24.149467,27.784077,26.81059,26.135654,28.495365,31.744215,29.932922,29.868713,28.736305,24.151632,25.860764,29.92891,26.38017,21.7976,26.85504,27.946768,28.631147,23.657934,20.449766,23.81808,21.037294,19.866373,25.294184,23.965788,20.584795,22.636837,26.613758,25.501738,29.690413,28.207214,26.893984,30.429869,28.366537,28.931356,31.453789,27.673025,24.27583,20.536322,23.232782,17.245699,19.289871,15.8132305,16.525211,14.923866,16.606958,16.062931,14.066274,18.490057,20.933142,20.7163,22.323767,20.170135,19.946144,21.182764,18.59689,22.89834,18.45498,22.5162,24.604895,22.055023,19.259472,18.340624,13.159969,12.277345,8.199248,8.505401
14,36.69204,32.903996,31.539625,27.063803,25.056385,24.981752,20.333761,19.620413,15.436052,15.246682,12.757151,11.874014,8.590435,7.068525,0.0,5.601486,6.051904,9.946181,12.589081,15.122142,19.48083,20.9627,25.621908,21.310236,19.526869,15.916892,14.31409,10.771159,8.9414625,8.43998,9.003065,10.8394785,10.654243,15.021947,13.291701,10.856729,14.575481,17.602264,15.342182,14.282581,19.011963,20.304525,17.64454,20.009604,23.348269,23.642683,23.125528,25.44944,28.342176,28.13315,26.251625,27.804306,31.386204,29.67667,28.441929,26.266249,22.057764,22.736765,27.442469,25.37409,19.7945,24.22378,25.605082,27.236801,22.949162,18.898775,21.23417,17.961008,16.490547,21.395134,19.151932,15.294748,18.052256,21.170334,21.039507,24.61553,23.309814,23.02608,26.380856,25.51229,26.290154,29.451794,25.973644,22.09861,18.312777,19.800869,13.78775,13.888694,10.046253,9.825052,8.539497,9.666071,10.55504,9.131041,13.479968,15.102378,14.675704,16.121374,13.776432,14.687171,15.673983,14.531861,18.306105,15.567338,20.128334,22.617683,21.315437,18.169807,19.547527,13.206678,14.477376,11.39032,12.902375
15,32.203876,28.476957,27.0975,22.433851,20.685843,20.296383,16.136404,15.847452,11.314328,12.685721,10.802585,11.508145,9.526283,7.7754493,5.601486,0.0,4.499901,6.0201173,10.934385,12.700609,17.182514,19.493948,23.53894,19.514381,18.475016,15.40279,12.786807,10.590856,7.04993,9.34803,5.7991595,11.086301,10.360088,13.888029,10.650692,7.1171937,10.850585,13.841773,10.638221,9.069816,14.1862335,15.328533,12.244207,14.495992,18.04118,18.335066,17.584398,19.863487,22.806156,22.713137,21.06568,22.424696,26.139336,24.65946,23.582333,21.844994,17.430532,18.869858,23.438766,20.894253,15.793721,20.936573,22.846329,24.269127,19.717276,16.112764,19.647976,17.165735,14.374164,19.379,18.64874,14.981928,15.971031,19.528524,18.136953,22.162361,20.474747,19.21718,22.717875,20.982504,21.779428,24.720846,21.300219,17.552301,13.538175,16.11168,9.799149,12.205417,9.644114,11.171984,11.489382,13.349309,15.466092,14.616511,18.75266,19.943476,19.060137,19.81124,16.641417,17.384304,16.92857,15.397761,17.960836,14.193921,17.81046,19.667206,18.220163,15.518218,16.264301,10.1806755,12.333994,9.045646,12.364826
16,33.08725,29.168995,28.525297,23.565786,22.271433,22.831018,18.221706,19.089872,14.872071,16.23208,14.878292,14.9356165,12.824691,10.352894,6.051904,4.499901,0.0,4.724935,6.9203324,9.852431,14.012992,15.868984,20.393831,16.876945,15.817699,12.584598,11.473073,9.4811535,7.738804,10.28424,9.385681,14.333543,14.437075,18.138597,14.789134,11.538478,15.247119,18.02188,14.2458725,12.630021,17.988285,18.275932,14.620243,17.141586,21.039515,20.084078,18.733421,21.935919,24.793959,25.38167,23.622055,23.683336,28.08432,27.087923,25.265993,23.00919,18.96629,20.006071,25.05232,23.46026,18.161674,23.000687,25.313364,27.247595,23.097776,19.279915,22.289976,19.632484,16.517536,20.887867,19.687681,15.635066,16.740034,19.087416,18.275887,21.478607,19.351833,18.820824,21.475266,20.558607,20.801031,23.846254,20.219736,16.362196,12.928503,13.967977,8.318413,9.046833,5.7352223,7.7908983,7.9423213,11.137691,13.042033,13.594167,16.773502,17.582466,16.103245,16.295496,12.837059,13.244657,12.483356,11.039364,13.590397,10.357747,14.473257,16.784712,15.890553,12.868331,15.161576,8.740479,11.75912,9.869221,12.929874
17,31.496674,27.666973,27.205627,22.008234,21.250015,21.424978,17.68668,18.944616,14.614762,17.263334,16.11514,17.238686,15.5436,13.507627,9.946181,6.0201173,4.724935,0.0,6.6878176,6.985658,11.3628435,14.018635,17.697104,14.1103115,13.710311,11.24203,9.169283,8.930736,6.674693,11.016757,8.759709,15.111403,15.97398,18.530842,14.117285,11.148833,14.663144,16.447788,11.832751,10.547138,15.867653,14.837316,10.92347,14.070983,17.749298,15.770888,14.76629,18.384502,20.764828,21.781952,19.72105,19.207472,23.760029,23.033064,20.860641,18.580395,14.663773,15.924829,20.988245,19.698593,14.711787,19.660227,22.494469,24.538116,20.650482,17.171906,20.585232,18.611515,14.4689245,18.330732,18.26811,14.536514,14.04883,16.309927,14.60619,17.928282,15.521513,14.39337,17.167093,15.889565,16.358236,19.54044,16.25136,12.268878,8.48301,10.194501,3.9029164,7.0658665,6.3743267,9.350452,11.279539,13.828639,17.064386,17.60325,20.7664,21.051914,19.45738,19.20047,15.358273,16.268679,14.163984,13.364249,13.93022,10.918155,13.626426,15.18945,14.896289,12.52532,14.928067,9.306079,13.395737,11.810179,15.829068
18,32.61695,28.607113,29.153881,23.862736,23.58771,25.178894,20.739407,23.228807,19.48654,21.596296,21.060175,21.267143,19.594278,16.776022,12.589081,10.934385,6.9203324,6.6878176,0.0,6.0091443,8.34047,9.871089,14.588726,12.889488,12.75888,10.431129,11.647993,11.711729,11.8174305,15.197572,15.010625,20.560883,21.228552,24.560402,20.5495,17.358957,20.776073,23.063292,18.448687,16.748817,22.045805,21.073154,16.823769,19.380547,23.504063,20.76208,18.485512,22.843771,25.356588,27.026415,25.32159,23.239254,28.560205,28.502666,25.750046,23.147648,19.902372,20.778248,26.048475,25.63335,20.80462,25.285666,28.35467,30.753002,27.164661,23.574741,26.44481,24.191738,20.219479,23.408798,22.651606,18.678518,18.640892,19.169842,18.40596,20.2343,17.184511,17.194775,18.09896,18.068794,17.234188,20.109814,16.402546,12.7962885,10.978022,9.356654,6.926301,5.7689605,4.801369,8.349472,9.453062,13.74042,15.707316,18.019608,19.652784,19.584898,17.172117,15.94962,11.980086,11.592587,8.611411,7.5213213,7.362145,5.138122,8.594019,11.115332,11.742894,8.994598,13.782158,8.876457,13.189943,13.554455,16.699549
19,34.653355,30.822424,31.325882,25.908125,25.998417,26.717453,23.305622,25.391134,21.27595,24.164778,23.08877,24.091103,22.10118,19.990921,15.122142,12.700609,9.852431,6.985658,6.0091443,0.0,4.760032,7.3414717,10.864322,7.566826,7.878337,6.625374,7.3004594,9.458889,10.310701,14.288917,14.549626,20.198483,22.467546,24.588243,19.867369,17.691256,21.234337,22.104866,17.201746,16.596994,21.530243,18.72842,15.0407505,18.711586,21.912046,17.708855,17.029697,21.668207,23.06791,25.126564,22.475328,20.05435,25.068995,25.058365,21.555809,18.341791,15.788707,15.896469,21.223185,21.976889,17.224491,20.90893,24.2948,27.10061,24.280449,20.842518,23.252392,21.534246,17.006203,19.083002,18.955776,15.453878,14.2075815,13.8649025,12.988361,14.326669,11.1825485,11.631287,12.648699,13.4757595,13.472342,17.1035,14.504847,10.6181555,8.659548,6.3068438,4.880552,2.137043,6.1291037,8.953717,12.2038,14.63047,18.637861,20.44966,22.301775,21.501848,19.332783,17.979485,13.93463,15.341122,11.52641,12.685702,10.250765,10.476861,11.903315,13.290269,15.13462,13.301184,17.80944,13.365674,18.060738,17.73978,21.500063
20,35.267372,31.501669,32.720192,27.300392,27.970018,29.238586,25.996838,28.809895,25.027294,28.095354,27.412338,28.370413,26.575003,24.223818,19.48083,17.182514,14.012992,11.3628435,8.34047,4.760032,0.0,3.591678,6.494828,6.247827,8.113283,8.632306,10.940163,13.659278,15.014311,18.843534,19.23753,24.933628,27.14198,29.270905,24.449064,22.196192,25.522833,26.323713,21.27553,20.538754,25.243008,22.069239,18.322935,21.640787,24.819685,19.814589,18.578682,23.62636,24.712547,27.381868,24.924347,21.142424,26.539558,27.19412,23.227768,19.98563,18.282103,18.27569,23.308802,24.796904,20.683947,23.914473,27.585623,30.532518,28.099443,24.934862,27.208622,25.745861,21.07957,22.386898,22.523762,19.326368,17.59448,15.992285,15.25466,15.164357,11.476744,12.475406,11.348585,13.262095,12.222735,15.505861,13.287473,10.202013,10.291777,5.428535,8.565885,6.0145802,9.847399,12.364741,15.325531,18.052395,21.667412,24.151274,25.289843,24.1482,21.62796,19.621916,15.747384,16.634378,12.040709,13.597689,9.109099,11.030647,10.737284,11.576172,14.727753,13.629142,18.886349,15.7208,20.460562,21.008036,24.652658
21,38.093113,34.294044,35.72058,30.323528,30.987354,32.514343,28.994276,31.847826,28.037546,30.81223,30.01794,30.650734,28.616922,26.195963,20.9627,19.493948,15.868984,14.018635,9.871089,7.3414717,3.591678,0.0,5.3827567,6.460435,7.9060535,8.755544,12.531489,14.94466,17.115906,20.358414,21.766712,26.960052,29.442263,31.780615,27.141804,24.9762,28.50572,29.399181,24.443333,23.750298,28.591766,25.45332,21.780405,25.156721,28.360556,23.319452,22.14078,27.206041,28.263094,30.961477,28.401546,24.577866,29.906212,30.558163,26.42294,22.945957,21.489603,21.045084,26.079714,27.982195,23.665722,26.51994,30.067982,33.22055,30.977789,27.611958,29.409014,27.722738,23.370806,24.408155,23.945412,20.739956,19.579561,17.244019,17.420914,16.556154,13.192141,15.148688,13.495477,16.296255,15.159555,18.247416,16.252913,13.531925,13.872755,8.884503,11.75904,7.707336,10.937908,12.70104,15.415886,18.03764,21.372156,24.380484,24.791319,23.283108,20.583078,18.155571,14.608489,15.493833,10.673634,13.217628,7.918622,11.935253,11.821228,13.015693,16.528193,15.337776,21.095675,17.943361,22.476929,23.253265,26.515907
22,39.223392,35.666866,37.42132,32.102474,33.265366,34.612812,31.816885,34.87007,31.186172,34.45922,33.760166,34.823124,32.93209,30.666925,25.621908,23.53894,20.393831,17.697104,14.588726,10.864322,6.494828,5.3827567,0.0,6.733822,9.609353,12.099441,15.134842,18.466454,20.527811,24.033272,25.055393,30.43265,33.274323,35.01542,30.04029,28.209646,31.47891,31.711302,26.676514,26.32219,30.658813,26.63045,23.343538,26.738214,29.374763,23.413712,22.68096,27.808758,28.063015,31.25478,28.536108,23.772783,28.932585,30.100039,25.494005,21.999401,21.609259,20.894203,25.332602,28.13638,24.653357,26.786816,30.597523,33.84362,32.236572,29.351679,31.01289,29.925507,25.280182,25.321363,25.682186,23.117298,20.8832,17.686281,17.527248,15.468881,11.9959,14.148824,10.763048,14.655169,13.339407,16.124784,15.4577055,13.705674,15.159682,9.965976,14.644685,11.805194,15.733499,17.47935,20.577118,22.704529,26.533714,29.354473,29.850199,28.11799,25.518715,23.02503,19.654467,20.776188,15.94708,18.436089,12.816315,16.424074,14.970255,15.03935,19.137299,18.767801,24.194422,21.872904,26.55426,27.40482,30.995632
23,40.384506,36.727654,37.598408,32.189312,32.712494,33.18662,30.36883,32.377922,28.18045,31.279654,29.840235,31.020435,28.652782,26.927595,21.310236,19.514381,16.876945,14.1103115,12.889488,7.566826,6.247827,6.460435,6.733822,0.0,3.3863938,6.4668508,8.905978,12.536059,15.0624275,18.154766,20.007523,24.680119,28.41952,29.711927,24.839132,23.70467,27.289818,27.022846,22.296133,22.62715,27.00836,22.687334,19.943037,24.160172,26.369623,20.731936,21.488888,26.229801,26.363998,28.940409,25.446852,22.278622,26.73122,27.005066,22.473074,18.411896,17.637781,16.1378,20.992592,23.89728,19.611742,21.384312,24.88105,28.325577,26.85171,23.642504,24.743439,23.511482,19.141804,19.070675,19.003649,16.50225,14.545759,11.269783,11.853587,10.228417,7.297648,10.5265,9.725724,13.581495,14.094421,17.949038,17.124634,14.130865,13.577203,9.879858,11.649906,7.9173,12.061891,13.09255,16.950308,17.869646,22.781761,24.854198,25.901268,24.09424,21.974394,20.070292,16.609539,19.070055,14.747822,17.821123,13.633923,16.608181,16.953503,17.763779,20.888525,19.657639,24.647665,20.799051,25.531092,25.296926,28.999586
24,42.120983,38.376926,38.94005,33.527637,33.690727,33.99567,30.888466,32.435593,28.026642,30.754284,28.930689,29.88456,27.166063,25.637598,19.526869,18.475016,15.817699,13.710311,12.75888,7.878337,8.113283,7.9060535,9.609353,3.3863938,0.0,3.7818637,7.099693,10.192514,13.475573,15.854004,18.798637,22.742214,26.923939,28.277786,23.694921,22.833231,26.68697,26.455214,22.00608,22.530317,27.076426,23.016834,20.457628,24.90759,27.105669,21.986452,23.097063,27.612444,27.930105,30.120167,26.41588,24.131302,28.277027,28.074923,23.753132,19.538317,18.400625,16.546473,21.568493,24.32706,19.442627,21.063528,24.178179,27.72973,26.226173,22.655275,23.25916,21.635983,17.75698,17.844395,16.866196,14.181456,13.242451,9.9672985,11.70479,10.487768,8.594199,12.114374,12.49364,16.003689,16.914316,20.894009,19.773365,16.421654,15.09389,12.021229,12.113457,7.3301134,10.72685,10.854726,14.848141,15.046169,20.277386,22.215418,23.164494,21.191648,19.26713,17.554506,14.292506,17.414577,13.564834,17.143328,13.766607,16.938791,18.241295,19.5648,22.303574,20.606766,25.574429,21.031717,25.574102,24.96397,28.421656
25,41.17963,37.336243,37.612545,32.23418,32.02487,32.35034,28.833387,30.104242,25.615725,27.946892,25.986517,26.654455,23.790474,22.242973,15.916892,15.40279,12.584598,11.24203,10.431129,6.625374,8.632306,8.755544,12.099441,6.4668508,3.7818637,0.0,5.296737,7.1100225,10.68445,12.764046,16.153145,19.880703,23.831043,25.611967,21.32266,20.256168,24.29744,24.551767,20.256546,20.5648,25.403343,22.111258,19.355026,23.708961,26.245977,21.964497,22.757183,27.080566,27.94939,29.737677,26.237692,24.679039,28.872002,28.322086,24.484604,20.494886,18.533516,17.075214,22.363808,24.23283,18.813868,21.084383,23.916496,27.277494,25.215755,21.297176,22.087698,19.944534,16.36166,17.493956,15.821897,12.45862,12.680682,10.81821,12.485266,12.68719,10.980823,13.632254,14.956626,17.464546,18.336702,22.30673,20.486814,16.748173,14.688724,12.300341,10.636646,5.1650248,7.424946,7.109884,11.190344,11.430197,16.659428,18.50152,19.65243,17.934269,16.060947,14.668915,11.208,14.51155,11.189605,14.578549,12.405235,14.983433,17.262714,19.085264,21.196709,19.03261,23.810255,18.680172,22.970451,22.100168,25.314426
26,39.521202,35.81964,35.51102,30.267014,29.821215,29.323486,26.365747,26.927605,22.287037,24.878437,22.602062,23.8467,21.05512,20.064568,14.31409,12.786807,11.473073,9.169283,11.647993,7.3004594,10.940163,12.531489,15.134842,8.905978,7.099693,5.296737,0.0,4.3158007,6.7057166,9.474592,11.948214,15.843509,20.20291,21.215143,16.655062,16.168615,20.093008,19.693165,15.587815,16.522655,20.980047,17.36493,15.201425,19.913496,21.889193,17.99351,19.82512,23.579893,24.224108,25.581045,21.765863,21.309174,24.871033,23.829165,20.34669,16.481194,14.093591,12.607449,17.92228,19.32253,13.668777,16.110136,18.874214,22.096899,19.919123,16.032135,17.106173,15.220132,11.193942,12.739758,11.774416,8.386484,7.8124886,7.858783,8.485962,10.612129,9.530719,10.979017,14.143903,15.461128,17.289808,21.3932,19.764538,15.846038,12.757421,12.392482,8.919078,6.4987154,8.384125,8.562561,12.677348,12.215493,17.989021,18.530005,20.944607,19.78483,18.511585,17.971127,14.523963,17.792435,15.077869,17.323038,16.06339,16.743599,19.049429,20.524649,21.944786,19.836128,23.521023,18.143324,22.338339,20.644726,24.25003
27,40.30444,36.529495,35.85849,30.749502,29.802332,29.273779,25.825035,25.824299,21.0898,22.938242,20.26451,21.025723,17.822004,17.036144,10.771159,10.590856,9.4811535,8.930736,11.711729,9.458889,13.659278,14.94466,18.466454,12.536059,10.192514,7.1100225,4.3158007,0.0,4.566923,5.7002306,10.008431,12.795894,17.242346,18.785774,14.913058,14.437708,18.656324,18.853075,15.340467,16.108568,20.770603,18.3324,16.223139,20.636023,22.863468,20.206375,21.729874,25.071182,26.277914,27.073982,23.519257,24.02221,27.401033,25.9223,23.084482,19.563845,16.567175,15.421012,20.556273,21.031548,14.949799,17.73491,19.794756,22.730972,20.045662,15.715965,16.598635,13.855451,10.922458,13.724684,11.377332,7.239194,9.326484,10.761595,11.856162,14.486479,13.813598,14.9619875,18.353191,19.180782,20.850222,24.814287,22.65401,18.584394,15.054866,15.209217,10.422688,7.998822,7.3760743,6.2942014,9.830164,8.548632,14.3928175,14.393592,17.17878,16.344929,15.454411,15.580515,12.457823,15.918135,14.336292,16.287045,16.53276,16.735806,20.040457,22.012688,22.779753,20.197645,23.538818,17.530079,21.135017,18.968752,22.055523
28,36.95991,33.288944,32.194996,27.264664,26.072876,25.128164,21.913975,21.509842,16.739006,18.769876,16.10835,17.33767,14.507538,13.903447,8.9414625,7.04993,7.738804,6.674693,11.8174305,10.310701,15.014311,17.115906,20.527811,15.0624275,13.475573,10.68445,6.7057166,4.566923,0.0,4.886836,5.55924,9.943032,13.519357,15.000906,10.763449,9.935867,14.117785,14.526387,10.987767,11.674396,16.319487,14.555951,12.4480095,16.617456,18.890081,17.237938,18.663761,21.455406,23.00733,23.362188,20.16044,21.451563,24.654892,22.947027,20.829601,17.996664,14.243001,14.108555,19.028915,18.176693,12.158737,16.079313,18.100939,20.442362,16.960184,12.7403345,14.948069,12.419602,9.018349,13.251855,12.116528,8.281634,9.363139,12.723773,12.132793,16.012598,15.114706,14.802401,18.84871,18.314047,20.084335,23.778627,21.368662,17.337317,13.222363,14.967784,9.008773,9.497475,8.511422,8.876201,11.448336,11.13944,15.94903,15.162921,18.910402,18.900455,18.165783,18.652498,15.406329,17.973167,16.624535,17.250736,18.126595,16.627888,19.833502,21.54845,21.546457,19.053894,21.288792,15.321482,18.62636,15.90318,19.297735
29,40.950935,37.29114,35.881687,31.161665,29.580057,28.419353,25.030298,23.807379,19.083128,20.110615,16.705542,17.327267,13.728334,13.958467,8.43998,9.34803,10.28424,11.016757,15.197572,14.288917,18.843534,20.358414,24.033272,18.154766,15.854004,12.764046,9.474592,5.7002306,4.886836,0.0,7.2960105,7.4181924,12.531285,13.941871,11.129538,11.47965,15.626282,15.945445,13.785961,14.867299,18.998257,17.83974,16.518242,20.47533,22.360165,21.411934,23.264837,25.623907,27.14162,27.038704,23.683102,25.834623,28.451294,26.267519,24.438396,21.531572,18.0027,17.2471,21.742708,20.951212,14.823008,17.754892,18.778574,21.075026,17.858103,13.332186,14.102491,10.633281,9.468643,13.705659,10.755229,6.9917283,10.788763,14.196621,14.906126,18.502844,18.4208,18.780233,22.938953,22.853779,24.815083,28.591215,26.234398,22.185432,18.105364,19.55765,13.726973,12.982551,11.067648,9.735037,11.460414,9.141124,14.063956,12.179993,16.223267,16.274311,16.33237,17.580463,15.186838,18.345211,18.059536,19.099031,20.78669,19.815262,23.633986,25.698357,25.569843,22.791937,24.970057,18.68667,21.307617,18.17643,20.729015
30,34.648975,31.196404,29.341846,24.878363,23.151463,21.413555,18.608484,17.064854,12.306016,14.172434,11.171213,13.095765,10.812452,11.017142,9.003065,5.7991595,9.385681,8.759709,15.010625,14.549626,19.23753,21.766712,25.055393,20.007523,18.798637,16.153145,11.948214,10.008431,5.55924,7.2960105,0.0,7.050857,8.825849,10.039006,5.680372,4.53733,8.715083,9.581551,6.984053,7.710159,11.815154,11.851968,10.412125,13.651806,15.682482,16.18017,17.578976,19.126904,21.14381,20.559193,17.97838,20.827995,23.361765,21.157831,20.33925,18.606062,14.246445,15.240622,19.27597,16.564264,11.187238,15.955973,17.370108,18.667635,14.186968,10.394581,13.991013,11.799993,9.157215,14.518733,14.318218,11.398378,12.096371,16.786497,15.158143,19.829174,19.060759,17.56184,22.07669,20.219666,22.086346,25.29924,22.72877,19.005938,14.58482,17.9008,11.566281,14.16209,12.75746,13.551038,14.994402,14.960292,18.558506,16.726818,21.297054,22.103388,21.752953,22.750055,19.726189,21.605553,20.837456,20.329634,22.04136,19.077053,22.189335,23.644457,22.657043,20.314716,20.907482,15.303137,17.601717,13.992551,17.308474
31,40.57735,37.257404,34.89805,30.875269,28.67584,26.441498,23.78224,20.899761,16.596052,16.820662,12.655463,13.773452,10.537629,12.61189,10.8394785,11.086301,14.333543,15.111403,20.560883,20.198483,24.933628,26.960052,30.43265,24.680119,22.742214,19.880703,15.843509,12.795894,9.943032,7.4181924,7.050857,0.0,7.1523247,6.9473724,6.399198,8.690616,11.582327,11.594115,11.984052,13.549502,16.026054,16.617628,16.648739,19.582438,20.616505,21.935228,24.226387,25.096056,26.776417,25.508852,22.638947,26.757803,28.22176,25.291174,24.939566,23.13506,19.258802,19.27798,22.55366,19.982801,14.784093,17.815882,17.603334,18.559448,14.606939,10.72187,12.105551,8.923549,10.009246,15.1156645,13.283697,11.347211,14.283908,19.193628,18.836195,23.319422,23.585466,22.812376,27.649767,26.346088,28.62781,32.01728,29.673782,25.901796,21.487648,24.417713,18.123186,19.308104,17.280836,16.598356,17.390701,15.426011,18.720436,15.347787,20.268967,21.282063,21.966286,23.826962,21.77634,24.278929,24.54895,24.55317,26.978334,24.657541,28.383461,30.180193,29.14869,26.527264,27.073385,21.21916,22.70632,18.661068,20.752996
32,36.26315,33.098587,30.251802,26.836468,24.05535,21.884188,18.942228,15.286393,11.70334,10.455522,6.0973587,6.9933076,4.88847,7.918393,10.654243,10.360088,14.437075,15.97398,21.228552,22.467546,27.14198,29.442263,33.274323,28.41952,26.923939,23.831043,20.20291,17.242346,13.519357,12.531285,8.825849,7.1523247,0.0,5.514709,7.3203316,6.827271,7.964378,10.894805,12.09499,11.948005,13.882725,17.331245,16.783327,17.918753,19.681705,22.816065,23.525541,23.646658,26.395878,24.606392,23.22793,27.468227,29.243515,26.546488,27.144768,26.281647,21.866642,23.209915,26.34993,22.335976,18.09674,22.37538,22.46277,22.541683,17.65338,14.834659,17.893452,15.475952,15.637802,21.093653,20.135979,17.832085,19.897814,24.879496,23.636444,28.380646,27.85672,26.280062,30.812984,28.529299,30.154215,32.941254,29.961355,26.508703,22.226156,25.801056,19.395744,21.835499,19.195992,19.381714,19.052753,18.7504,20.098831,16.780203,21.885412,23.868883,24.331478,26.271484,24.156305,25.333843,26.083073,24.628815,28.000116,24.195885,27.896744,29.61362,27.532127,25.008514,24.063433,18.910955,18.968603,14.562934,15.859821
33,38.14406,35.255775,32.11594,28.900871,26.29698,23.111916,21.481367,17.257523,13.896592,13.6362915,9.566928,11.731486,10.386848,13.306078,15.021947,13.888029,18.138597,18.530842,24.560402,24.588243,29.270905,31.780615,35.01542,29.711927,28.277786,25.611967,21.215143,18.785774,15.000906,13.941871,10.039006,6.9473724,5.514709,0.0,5.4020267,8.155335,8.101223,8.119623,11.234747,12.607263,12.852381,15.611842,16.603739,17.973457,18.273514,21.793528,23.918535,23.342289,25.271532,23.000853,21.13823,26.55558,27.170292,23.921179,25.036161,24.501862,20.459911,21.559998,23.74779,19.446844,15.9296255,19.356495,18.661404,18.117256,13.419607,11.363557,14.239593,12.655092,13.702274,18.706131,18.509962,17.300995,18.795685,24.254406,22.75262,27.714924,27.814775,25.9763,30.990652,28.52702,30.787674,33.6072,31.26605,27.957806,23.5845,27.606043,21.383257,24.129854,22.259876,22.373425,22.866293,21.798075,24.233246,20.712978,25.83586,27.391647,28.03367,29.931028,27.722654,29.532825,29.801105,28.88663,31.55156,28.060715,31.355322,32.74598,30.974499,28.717213,27.754286,22.837135,23.411335,19.047483,20.892506
34,35.630318,32.566986,29.948318,26.146854,24.066904,21.131388,19.487455,16.402016,12.219288,13.692219,10.169204,12.968397,11.412477,13.079812,13.291701,10.650692,14.789134,14.117285,20.5495,19.867369,24.449064,27.141804,30.04029,24.839132,23.694921,21.32266,16.655062,14.913058,10.763449,11.129538,5.680372,6.399198,7.3203316,5.4020267,0.0,4.6554155,6.280338,5.274666,6.350176,8.416726,9.779846,10.986117,11.643524,13.93632,14.469036,16.86967,19.264114,19.324062,21.012491,19.35629,16.925749,21.698889,22.816126,19.853498,20.300629,19.462828,15.272501,16.495682,19.164787,15.185974,11.016997,15.220767,15.504807,15.659252,10.674557,7.812406,11.976092,10.607983,9.60486,14.877148,15.46015,13.879145,14.314141,19.76565,17.76679,22.807291,22.661865,20.628435,25.618862,23.143015,25.470478,28.394701,26.22465,22.878407,18.489738,22.560526,16.523005,19.639593,18.43372,19.021456,20.274729,19.628468,22.984423,20.284094,25.21689,26.285578,26.405909,27.773571,25.034296,26.984423,26.472599,25.810925,27.676088,24.382305,27.26214,28.43675,27.091272,25.002697,24.573318,19.599724,21.135185,17.092154,19.98697
35,31.926867,28.679373,26.265535,22.271748,20.122934,17.86166,15.386767,12.955062,8.355922,10.183619,7.31514,10.134631,9.144264,9.728557,10.856729,7.1171937,11.538478,11.148833,17.358957,17.691256,22.196192,24.9762,28.209646,23.70467,22.833231,20.256168,16.168615,14.437708,9.935867,11.47965,4.53733,8.690616,6.827271,8.155335,4.6554155,0.0,4.301919,7.0011272,5.7276707,5.3567133,8.584428,11.116526,9.977766,11.58284,13.677223,16.124474,16.850748,17.33764,19.950914,18.665833,17.102058,20.726038,22.944662,20.645945,20.897654,20.153263,15.577795,17.53966,20.8677,16.80472,12.6546545,17.859606,19.003635,19.392773,14.285603,11.542246,16.046795,14.418561,12.29556,17.660877,18.137539,15.656932,15.900241,20.840618,18.577261,23.460205,22.499374,20.269497,24.72798,21.96864,23.605051,26.286762,23.517538,20.191843,15.890646,20.022408,13.881759,17.589746,16.037922,17.276627,18.089388,18.648125,21.26657,19.15905,23.959583,25.28965,24.994034,26.136152,23.160625,24.368351,23.852997,22.473196,24.635996,20.638426,23.49563,24.696669,22.947035,20.843803,20.064957,15.195301,16.523706,12.514976,15.661702
