,0,1,2,3,4,5,6,7,8,9,10,11,12,13,14,15,16,17,18,19,20,21,22,23,24,25,26,27,28,29,30,31,32,33,34,35,36,37,38,39,40,41,42,43,44,45,46,47,48,49,50,51,52,53,54,55,56,57,58,59,60,61,62,63,64,65,66,67,68,69,70,71,72,73,74,75,76,77,78,79,80,81,82,83,84,85,86,87,88,89,90,91,92,93,94,95,96,97,98,99,100,101,102,103,104,105,106,107
0,0.0,4.188833,7.145579,9.876524,12.863078,14.971122,18.636433,22.670376,25.517738,28.537174,31.535852,34.34864,37.85918,38.7752,39.42991,33.859665,36.726974,33.54759,35.926186,34.16903,35.2842,39.470337,35.61407,32.34077,31.774685,34.47641,29.666664,28.064814,33.44654,31.385159,35.481735,33.486217,38.549595,35.280148,37.44346,37.330128,35.716072,33.226532,29.632904,26.025127,23.248774,20.830616,23.594952,18.699623,23.83488,21.771889,24.955656,25.065447,27.14993,30.881886,31.102467,35.163113,37.02643,34.242516,36.98797,38.31983,33.83791,33.405853,35.291573,29.880203,28.505432,26.927156,26.557962,23.159618,27.020887,23.071877,18.04746,20.508278,14.287852,17.62471,15.799211,16.815897,21.761484,20.138914,25.02836,23.105207,28.124964,27.263166,31.420324,34.376587,35.87026,30.887144,33.186295,29.129862,28.404507,23.78087,24.857962,19.706268,20.488495,19.411205,19.463749,19.762096,22.564905,25.675726,25.880127,29.902977,30.003729,34.08905,33.6781,38.31325,40.85984,41.23748,38.865013,42.117447,36.406544,40.063816,37.21854,40.28572
1,4.188833,0.0,4.915218,6.9828825,9.235983,12.482311,14.972203,19.602385,22.238417,25.444374,28.453579,31.296804,34.776463,35.44656,36.20771,30.526579,33.26194,30.17771,32.40574,30.867384,31.862143,36.220543,32.35865,29.234003,29.144754,32.013668,27.58781,26.04182,31.196068,29.639872,33.57187,32.352398,37.25202,34.44975,36.710484,36.477818,35.34836,33.07554,29.420637,25.649782,22.797995,19.953438,21.900005,17.202461,21.598976,18.972391,21.752125,21.537071,23.433615,27.022224,27.137508,31.211838,33.060806,30.16763,33.038944,34.48813,29.902264,29.584745,31.400158,25.979336,24.657993,22.811775,22.423151,18.984373,22.956959,19.191706,14.246127,17.325844,11.038031,15.282569,13.043607,15.111448,19.81062,18.767431,23.46275,22.036316,26.833866,26.025211,30.122215,33.13836,34.249477,29.055403,30.928572,26.818632,25.991163,21.48267,22.105556,17.361189,17.836546,17.364689,17.21734,18.33402,20.910065,23.746275,23.97603,27.802155,27.68583,31.71734,31.012161,35.507217,37.749905,38.229588,36.040985,39.204586,33.761967,37.551895,34.81714,38.15332
2,7.145579,4.915218,0.0,5.767674,7.080382,8.526948,12.4967375,15.829689,19.090801,21.71439,25.035496,27.555914,31.243876,32.232094,33.438488,28.040716,31.258848,28.572704,31.32419,30.2022,31.818907,36.4198,33.10194,29.521667,30.24987,32.606953,28.334076,26.253635,30.486034,28.702488,32.020973,30.727396,34.88161,32.010563,33.82513,33.15769,32.06156,30.04707,26.170506,22.375055,19.576262,17.416922,19.735773,15.845451,20.27114,18.75193,20.830076,21.639578,22.565924,26.726257,25.973774,30.311146,31.50466,28.501656,30.877472,31.81286,27.487944,26.77174,28.923414,23.571533,21.95674,21.383726,21.286171,18.505136,23.466969,20.495579,15.774808,19.108427,12.703478,16.218527,12.534516,14.04041,17.980877,16.182817,20.627962,18.4931,22.995811,21.772018,25.852026,29.001564,29.965712,24.807846,27.158136,23.074558,22.913488,18.01744,19.81376,15.813738,17.300127,17.688784,18.493357,19.997944,22.668436,24.955198,24.406864,28.325274,27.310923,31.560072,29.987244,34.645336,37.040028,36.88733,34.564026,37.073933,31.531502,34.933514,31.813702,34.988747
3,9.876524,6.9828825,5.767674,0.0,4.3253098,6.923078,9.51794,13.9702215,16.051674,19.613466,22.123512,25.31175,28.521172,29.2745,29.615696,24.00959,26.900023,23.791437,26.439735,24.93587,26.605219,31.04821,27.8348,24.01946,24.655106,26.865396,22.599966,20.520628,24.896584,23.332039,26.90214,26.065556,30.66623,28.22976,30.576487,30.348925,29.71683,27.65205,24.102634,20.271038,17.431253,14.030396,15.209598,10.954449,14.923791,13.045776,15.512508,16.547659,17.909414,22.283321,22.097105,26.234158,27.876707,25.645222,27.984665,29.415495,25.262474,25.248678,28.120441,22.828905,20.63675,20.031069,18.470211,15.862914,20.312782,17.177076,12.253864,14.365695,8.090155,10.612586,6.7947545,8.887591,13.059997,12.395775,16.843525,16.153418,20.788776,20.477146,24.434853,27.278202,28.31811,23.082155,24.376242,20.289293,19.097717,14.822609,15.160475,10.553,11.602163,12.001974,12.964759,14.7814455,17.334827,19.343832,18.703873,22.5727,21.617693,25.833372,24.522984,29.168955,31.662352,31.704796,29.373695,32.373558,26.824417,30.574745,27.877588,31.261549
4,12.863078,9.235983,7.080382,4.3253098,0.0,5.780781,5.777328,10.886959,13.081578,16.539413,19.403524,22.341928,25.70641,26.234886,27.148424,21.51175,24.448969,21.76728,24.367025,23.480915,25.123241,29.887442,26.834732,23.260653,24.836481,27.128897,23.577888,21.537487,25.129793,24.206913,27.197968,27.277542,31.21842,29.298433,31.43304,30.819895,30.673187,29.007744,25.371841,21.54132,18.82448,15.698504,15.986589,12.867805,15.3581295,13.16856,14.333237,15.120522,15.553696,19.823336,18.948534,23.280567,24.542837,21.856436,24.25566,25.57408,21.255404,21.106472,23.81348,18.508303,16.401192,15.883998,14.729497,12.357527,17.52098,15.194418,10.973311,14.277487,8.827983,12.231536,7.7737536,10.992802,13.826903,13.612802,17.28194,16.768728,20.669811,20.069218,23.807945,26.776148,27.190794,21.805702,22.858429,18.7788,17.968904,13.743632,14.077567,11.080446,11.992141,13.691176,14.492554,17.207031,19.298645,20.76792,20.03669,23.47219,21.985819,26.056585,24.018547,28.423172,30.450346,30.405104,28.334991,30.836859,25.717999,29.405766,26.664076,30.29313
5,14.971122,12.482311,8.526948,6.923078,5.780781,0.0,7.2482896,8.156953,11.370597,13.845204,16.861446,19.528845,23.073814,24.346443,25.458534,20.421333,24.11209,21.83774,25.289421,24.620737,27.215849,31.905489,29.654783,25.381815,27.348375,28.718163,25.033445,22.293098,24.79249,23.064152,25.351454,24.667805,27.784523,25.455366,27.022669,26.009054,25.662289,24.176855,20.343325,16.548784,13.94416,11.891629,13.215592,11.357831,14.4333105,14.736346,15.443542,18.10691,17.597612,22.609928,20.942291,25.328665,25.803043,23.496946,24.903248,25.459381,21.885714,21.274113,24.772278,19.831396,17.09487,18.780283,17.672571,16.459654,21.991398,20.297337,16.346317,18.732191,13.49926,14.7618685,9.621717,10.298935,11.889606,10.031909,13.40444,11.672345,15.443095,14.475257,18.337938,21.414778,22.039087,16.729784,18.667261,14.572211,14.661652,9.644789,12.423444,10.238609,13.021491,15.016635,17.161585,19.37968,21.72475,22.746662,21.013004,24.6623,22.25785,26.575102,23.769686,28.478636,31.069891,30.069647,27.611088,29.381842,23.818903,26.851555,23.514645,26.683304
6,18.636433,14.972203,12.4967375,9.51794,5.777328,7.2482896,0.0,6.751052,7.817305,11.598379,14.240859,17.212345,20.412624,20.65391,21.791332,16.190744,19.197922,17.026175,19.789902,19.6405,21.659065,26.635641,24.28135,20.671404,23.546692,25.39986,22.834278,20.682323,22.813416,22.637856,24.714071,26.012024,29.057219,27.989979,29.9755,29.09044,29.753769,28.622248,25.201385,21.598745,19.241459,16.256723,14.965797,13.713794,13.888991,12.151982,11.276615,12.695416,11.418138,15.954186,14.0534525,18.52244,19.200743,16.647127,18.655878,19.91243,15.801031,15.888291,19.288713,14.313493,11.541901,12.309616,10.454,9.627605,15.236584,14.509122,11.888766,14.831961,11.501879,13.679265,9.14165,12.4145,13.011977,13.762528,15.919445,16.371578,19.042414,18.65799,21.792744,24.579702,24.287474,18.953716,19.045727,15.2076,14.43903,11.074608,10.736989,10.475975,11.322247,14.5283785,15.64943,19.077995,20.554657,20.981628,19.756521,22.524094,20.120468,23.911102,20.848593,24.914198,26.551228,26.162872,24.340242,26.20829,21.628763,25.196154,22.578127,26.468567
7,22.670376,19.602385,15.829689,13.9702215,10.886959,8.156953,6.751052,0.0,4.6543813,5.8877134,9.573673,11.751692,15.516413,16.646008,18.77602,14.266729,18.31999,17.317062,21.003075,21.627796,24.653423,29.497599,28.2427,24.18483,27.783087,28.638609,26.366528,23.62047,24.013014,23.368948,24.106823,25.195204,26.632984,25.615055,26.704924,25.046602,25.96719,25.46101,22.002476,18.78079,16.966446,15.572453,14.621863,15.485096,15.336049,16.186995,14.330887,17.491228,14.789167,19.580198,16.322676,20.597855,19.783323,17.523008,17.94208,17.824266,14.916592,14.091595,18.45426,14.373169,10.913476,15.085182,14.037351,14.877039,20.544468,20.775814,18.602844,21.070314,17.810093,18.693007,13.800555,15.071967,13.818838,13.364458,13.96162,13.520064,14.605233,13.615364,16.20756,19.075556,18.222845,12.978513,13.710745,10.064377,11.233898,7.70303,10.499152,12.6598625,15.037219,18.563644,20.708057,23.778936,25.361816,25.249344,23.093128,25.766092,22.245838,26.018911,21.743979,25.785316,27.702435,26.052485,24.02387,24.405529,19.82867,22.31824,18.933554,22.389568
8,25.517738,22.238417,19.090801,16.051674,13.081578,11.370597,7.817305,4.6543813,0.0,4.8424544,6.4300427,9.759733,12.690761,13.262691,14.616416,9.706122,13.681573,12.757094,16.525223,17.411276,20.66967,25.409739,24.660217,20.604406,24.768774,25.281012,23.71944,21.101667,20.627535,20.718739,21.02287,23.254208,24.516796,24.372967,25.799637,24.441433,26.065239,25.743835,22.79138,19.849014,18.29404,16.27687,13.686668,15.431562,13.385088,14.292216,11.300257,14.8545,11.396185,16.176561,12.792092,16.765337,15.92099,14.6317005,14.657955,15.036679,12.616476,12.817555,17.90484,14.440182,10.589966,14.790879,12.349889,14.120244,18.92657,19.746521,18.354576,19.906582,18.029348,18.009455,13.829758,15.270962,12.878869,13.901254,13.43604,14.781752,15.230199,15.27524,17.200253,19.483055,18.378506,13.520757,12.2400875,9.082103,8.945598,7.659561,7.8467927,11.896945,13.569777,17.573814,19.64888,22.971922,24.040445,23.266407,20.979998,23.030237,19.168814,22.55062,17.881708,21.575977,23.260145,21.560371,19.719606,20.079645,15.8981495,18.66856,15.813394,19.703394
9,28.537174,25.444374,21.71439,19.613466,16.539413,13.845204,11.598379,5.8877134,4.8424544,0.0,4.6034374,5.8837676,9.770436,11.109948,14.097794,10.874186,15.17626,15.536802,19.387436,20.936563,24.394768,28.979856,28.745344,24.809414,29.26964,29.449291,28.123463,25.362364,24.065092,23.971674,23.389637,25.469975,25.45578,25.398378,26.02176,23.980137,25.786694,26.005512,23.071592,20.530462,19.413488,18.616037,16.645016,19.10062,17.340853,19.015234,15.918676,19.509674,15.647814,19.9179,15.791023,19.408888,17.40424,15.91645,14.84573,13.8307,12.502306,11.686391,16.954014,14.414603,10.706341,16.580072,15.344796,17.607801,22.599482,23.918175,22.72937,24.673576,22.539185,22.679396,18.27246,19.182678,16.467197,16.584827,15.373804,15.7706,14.841223,14.190583,15.312587,17.571024,15.629114,11.23689,10.470309,8.212688,10.298761,9.381699,11.632319,16.03143,18.19012,22.105524,24.389576,27.578194,28.743324,27.897596,25.376108,27.346048,23.139128,26.338802,21.166063,24.518648,26.069487,23.6674,21.939026,20.940214,17.340502,18.956968,15.613047,18.963486
10,31.535852,28.453579,25.035496,22.123512,19.403524,16.861446,14.240859,9.573673,6.4300427,4.6034374,0.0,4.3259144,6.4097886,7.7474036,9.680666,7.149983,11.5977,12.511902,16.577053,18.355942,22.246946,26.42967,26.976019,22.941952,27.739082,27.267256,26.556047,23.812532,21.32692,21.645334,20.255621,23.178095,22.535826,23.331459,24.055481,22.233204,24.73349,25.230446,22.899437,20.813246,20.09141,19.107054,16.057592,19.49333,16.413994,18.75019,15.071835,19.187826,15.023547,19.074707,15.130884,18.011684,15.8297205,15.836926,13.917524,13.12029,13.077779,13.260338,18.942883,17.153275,13.411095,18.965769,16.670706,19.42862,23.542505,25.133121,24.343754,25.312546,24.099989,23.20521,19.43636,19.952532,16.225416,17.17712,14.826216,16.562273,14.840345,15.228431,15.539681,17.006004,14.919183,11.3850155,8.292852,7.3407564,8.435376,10.039773,10.724437,16.331924,18.177225,22.175865,24.595684,27.706,28.500862,27.051815,24.247555,25.648916,21.045683,23.769442,18.165009,21.072615,22.616104,19.707306,18.045757,16.478533,13.316322,14.635646,11.635188,15.203138
11,34.34864,31.296804,27.555914,25.31175,22.341928,19.528845,17.212345,11.751692,9.759733,5.8837676,4.3259144,0.0,4.325054,6.519341,10.709645,10.204424,14.120669,15.98837,19.695688,21.986876,25.7303,29.819607,30.601309,26.85613,31.850203,31.348328,30.838215,28.110628,25.329967,25.63878,23.786444,26.603035,25.078445,25.95113,26.029806,23.678164,26.272774,27.190155,24.891663,23.1066,22.638592,22.398066,19.883417,23.385862,20.653374,22.992344,19.279943,23.070116,18.67187,22.229378,17.775982,20.38931,17.34802,16.979507,14.325539,12.243935,13.260838,12.633417,18.063038,17.231586,13.904342,20.278662,18.955486,21.996838,26.260561,28.269268,27.70845,29.168287,27.777704,27.311018,23.314384,23.836807,20.235985,20.641504,18.184649,19.118166,16.633259,16.373453,15.967793,17.300806,14.357116,11.761982,9.385074,9.607386,12.050502,13.287928,14.970266,20.387907,22.38784,26.3793,28.776722,31.919117,32.7748,31.368567,28.569418,29.920977,25.265251,27.821024,22.075796,24.578402,25.77664,22.580969,21.22069,18.598927,16.399681,16.679161,13.623545,16.419895
12,37.85918,34.776463,31.243876,28.521172,25.70641,23.073814,20.412624,15.516413,12.690761,9.770436,6.4097886,4.325054,0.0,3.589315,7.4701424,9.344838,12.454668,15.182739,18.618803,21.241993,25.127998,28.708815,30.245632,26.658466,31.909399,30.884325,31.035198,28.438747,24.648754,25.41123,22.775385,26.3472,24.073591,25.803007,25.84404,23.661827,26.852234,28.070541,26.34146,24.992128,24.840914,24.510614,21.338717,25.388752,21.794817,24.415941,20.358595,24.231556,19.69136,22.729046,18.477179,20.229607,16.90221,17.784733,14.363439,12.3295555,14.68609,14.798511,20.186775,20.082878,16.895395,22.928368,21.033709,24.424105,27.956537,30.269547,30.116196,30.95101,30.286469,29.211805,25.715448,26.058376,21.903679,22.860937,19.727976,21.489008,18.493885,18.904863,17.844751,18.411114,15.326434,13.889341,10.026485,11.555769,13.159733,15.816276,16.435192,22.370188,24.042215,28.020748,30.413631,33.49692,34.031208,32.166134,29.244738,30.036894,25.193893,27.16017,21.206097,22.96935,23.898458,20.24193,19.210157,15.595468,14.65415,14.130065,11.839024,14.360615
13,38.7752,35.44656,32.232094,29.2745,26.234886,24.346443,20.65391,16.646008,13.262691,11.109948,7.7474036,6.519341,3.589315,0.0,6.0144544,8.180726,10.286404,13.661432,16.450884,19.565376,23.081099,26.577944,28.259054,25.167086,30.708197,29.843903,30.540455,28.286057,24.458252,25.927946,23.421268,27.741158,25.877754,27.973001,28.407862,26.53645,29.819542,30.888386,29.176582,27.645483,27.294334,26.403172,22.757175,26.510916,22.404112,24.27673,19.857248,23.0979,18.33896,20.631456,16.294178,17.5077,13.841363,15.1922865,11.394288,9.578135,12.571823,13.333423,18.571955,18.960745,16.02446,21.58906,19.505823,23.23396,26.159426,28.924652,29.373522,30.150244,30.152552,29.272491,26.114424,27.008726,22.98974,24.545557,21.658783,23.890318,21.36568,21.908516,21.163826,21.80379,18.856142,17.129028,13.051287,14.11254,14.871203,17.642591,17.121052,23.131172,24.204058,28.28264,30.287554,33.59599,33.845848,31.830893,29.20085,29.598152,24.944756,26.531029,20.662401,21.857439,22.091396,18.81175,18.338709,14.768284,14.86644,14.845537,13.479077,16.381258
14,39.42991,36.20771,33.438488,29.615696,27.148424,25.458534,21.791332,18.77602,14.616416,14.097794,9.680666,10.709645,7.4701424,6.0144544,0.0,5.990102,6.6502404,10.101086,12.870483,15.643531,19.58782,22.410706,24.827446,21.530104,26.979298,25.389814,26.604303,24.490095,19.693441,21.637878,18.617413,23.79414,21.966288,24.854475,25.829624,24.690681,28.336357,29.294378,28.169344,26.89811,26.706783,25.287018,20.801794,24.956146,19.894863,22.183044,17.763569,21.38007,17.073284,19.25304,16.08207,16.516165,13.9226885,16.989468,13.69503,13.563291,15.98524,17.705004,23.026812,22.835066,19.639116,24.18289,20.812729,24.309235,26.383501,28.794905,29.238686,28.799604,29.585829,27.572712,25.261087,25.730188,21.18569,23.562595,20.176016,23.638634,21.262417,22.814331,22.053404,22.159363,19.94048,18.431753,13.172857,14.511101,13.564884,17.695469,15.577256,21.732676,22.354311,26.162674,28.21081,31.224785,31.100342,28.568108,25.781742,25.57378,20.825298,21.782578,15.898769,16.4821,16.918875,13.099251,12.665288,8.766106,9.812201,9.898919,10.044766,13.237887
15,33.859665,30.526579,28.040716,24.00959,21.51175,20.421333,16.190744,14.266729,9.706122,10.874186,7.149983,10.204424,9.344838,8.180726,5.990102,0.0,4.5730968,5.9011035,9.744164,11.975619,15.946834,19.732311,20.995882,17.319483,22.666752,21.854004,22.383738,20.24275,16.863121,18.741375,17.19111,21.988544,21.950459,23.93955,25.584326,24.72082,27.721722,28.022272,26.310598,24.334091,23.565943,21.36114,16.775427,20.132093,15.177964,16.649216,12.115179,15.726202,11.379866,14.403128,11.301511,12.873687,11.345668,13.603746,11.705534,12.725172,13.101048,15.088211,20.532125,19.141762,15.683849,19.502632,15.620963,18.759987,21.10314,23.10347,23.288124,22.989143,23.637543,21.947378,19.569748,20.58661,16.552273,19.296227,16.815456,20.377943,19.260897,20.69949,21.048021,21.925623,20.30101,17.280405,12.741669,12.280082,10.40328,13.706128,10.566406,16.522398,16.852327,20.831003,22.679552,25.930998,25.928461,23.73565,21.203098,21.468222,16.95005,18.672604,12.979354,14.844599,15.69527,13.123067,12.078873,11.186613,9.393886,11.970254,11.185137,15.387597
16,36.726974,33.26194,31.258848,26.900023,24.448969,24.11209,19.197922,18.31999,13.681573,15.17626,11.5977,14.120669,12.454668,10.286404,6.6502404,4.5730968,0.0,4.4241743,6.34843,9.559057,13.10779,16.338093,18.363424,15.457216,21.190132,20.199427,21.880388,20.376945,16.48506,19.501598,17.83036,23.62643,23.739609,26.397589,28.359053,27.894531,31.12722,31.41368,30.021519,28.158834,27.404812,24.799406,19.773155,22.865585,17.276377,17.915527,13.220943,15.741736,11.5914955,12.963094,10.667671,10.55786,9.3730955,13.300305,11.381453,13.322996,14.204412,16.947304,21.865063,21.043295,18.037888,20.852468,16.519142,19.847967,20.84717,23.297085,24.311037,23.40656,25.251991,23.385767,21.880686,23.249214,19.357428,22.738369,20.329338,24.392065,23.421577,25.107645,25.367373,25.998726,24.393652,21.700663,16.85764,16.69758,14.325317,17.857716,13.690867,19.19055,18.618208,22.368633,23.67613,26.961552,26.414932,23.807169,21.665152,21.018318,16.890606,17.556847,12.249125,12.579226,12.204193,10.136313,10.250942,9.634039,10.154907,12.855333,13.612168,17.56425
17,33.54759,30.17771,28.572704,23.791437,21.76728,21.83774,17.026175,17.317062,12.757094,15.536802,12.511902,15.98837,15.182739,13.661432,10.101086,5.9011035,4.4241743,0.0,4.5989804,6.076327,10.249278,13.978898,15.280492,11.611008,17.141521,16.336845,17.592386,16.09941,12.949044,16.06496,15.421445,21.02413,22.397327,24.629442,27.147633,27.130842,29.984554,29.817705,28.342703,26.233437,25.233038,22.016296,16.780615,19.347153,13.549264,13.747277,9.17961,11.956975,8.486451,10.6802435,9.7265625,10.2934265,10.984894,14.284145,13.7026615,16.1954,15.746142,18.486925,23.337791,21.54206,18.395092,20.30931,15.332015,17.935818,18.7822,20.4625,21.070183,19.533323,21.580606,19.254938,18.243553,19.653,16.02884,19.913063,18.016987,22.45048,22.336948,24.264505,25.101778,25.931723,24.964735,21.718971,17.246368,16.292084,12.971065,16.158934,10.862376,15.689262,14.617474,18.195751,19.402445,22.622229,22.004265,19.388664,17.321098,16.76271,12.7772,13.798739,8.778352,10.144837,10.664963,9.604074,8.924661,10.906089,9.437482,13.47673,14.056492,18.250706
18,35.926186,32.40574,31.32419,26.439735,24.367025,25.289421,19.789902,21.003075,16.525223,19.387436,16.577053,19.695688,18.618803,16.450884,12.870483,9.744164,6.34843,4.5989804,0.0,4.2079277,6.8002205,10.241515,12.069117,9.820966,15.738222,15.235367,17.76928,17.22477,14.379557,18.458378,18.109663,24.188654,25.868101,28.42186,31.15987,31.381514,34.29508,34.061954,32.698353,30.565748,29.477911,25.949148,20.649544,22.619911,16.772444,15.665101,11.4028,12.121941,9.296736,8.899445,9.364377,7.958575,9.83096,14.075792,13.971746,17.220253,16.831501,20.08381,24.250195,22.885553,20.279818,21.054981,15.888257,18.51102,17.823689,19.983276,21.592054,19.653494,22.948578,20.895258,20.724903,22.702314,19.621216,23.815485,22.261637,26.78869,26.897293,28.814814,29.696419,30.499743,29.459068,26.270857,21.748701,20.858307,17.535944,20.506475,14.910196,18.947546,17.014294,20.210962,20.601374,23.881113,22.710037,19.889828,18.594927,17.133715,14.152662,13.992741,10.355752,9.83065,8.295423,9.23916,10.046427,12.584745,12.897199,16.710268,18.065266,22.05115
19,34.16903,30.867384,30.2022,24.93587,23.480915,24.620737,19.6405,21.627796,17.411276,20.936563,18.355942,21.986876,21.241993,19.565376,15.643531,11.975619,9.559057,6.076327,4.2079277,0.0,4.805979,8.290373,9.543062,6.048354,11.7924385,11.122466,13.610483,13.318117,11.091893,15.4238,15.990826,21.835285,24.523048,26.821585,30.013008,30.709034,33.335197,32.756733,31.510576,29.340872,28.163864,24.209515,18.831532,20.334368,14.412625,12.978632,9.517797,10.224503,9.071421,9.317278,11.373084,10.673096,13.498619,17.069857,17.58564,20.858194,19.859589,22.946596,27.139688,25.09163,22.358866,22.583977,17.094154,18.864115,17.96112,19.108143,20.194439,17.241043,20.888369,18.04113,18.703278,20.437817,17.642782,22.203604,21.00013,25.839264,26.53966,28.74609,29.943047,30.74359,30.25861,26.89079,22.601149,21.36161,17.41568,20.198236,14.010391,17.005175,14.544469,17.189034,17.427032,20.398926,18.990961,15.947092,14.781553,13.002712,10.461558,10.11864,7.602674,7.605577,7.251807,9.2903185,9.3699875,13.77535,12.884021,17.282217,18.674341,22.590828
20,35.2842,31.862143,31.818907,26.605219,25.123241,27.215849,21.659065,24.653423,20.66967,24.394768,22.246946,25.7303,25.127998,23.081099,19.58782,15.946834,13.10779,10.249278,6.8002205,4.805979,0.0,5.109799,5.2694545,4.828713,10.271163,10.94317,14.317446,15.17473,14.409966,18.942938,20.146774,25.823368,28.999128,31.210642,34.57185,35.38533,37.873516,37.126602,35.779446,33.429306,32.04442,27.786283,22.631155,23.260319,17.820662,14.878785,12.135194,10.359077,10.404003,8.145258,11.915611,10.153828,14.140736,17.55612,18.888329,22.683716,21.296438,24.626823,28.050879,26.11248,23.93769,22.849873,17.399727,18.79116,16.313587,17.61542,19.669683,16.437778,21.290154,19.126434,20.556105,23.006014,21.080345,25.709265,25.108694,29.775652,30.888277,32.930374,34.36692,35.336567,34.820583,31.239038,27.145128,25.680979,21.832323,24.08617,17.857996,19.948702,16.782473,18.921192,18.119242,21.134262,19.244524,16.392212,16.419731,14.112952,13.250015,12.2108,11.706888,10.793037,8.824177,12.63882,13.5032625,17.878109,17.6444,21.93632,23.450989,27.360048
21,39.470337,36.220543,36.4198,31.04821,29.887442,31.905489,26.635641,29.497599,25.409739,28.979856,26.42967,29.819607,28.708815,26.577944,22.410706,19.732311,16.338093,13.978898,10.241515,8.290373,5.109799,0.0,5.4335256,7.3108926,10.711221,10.272859,15.210207,16.821238,15.38923,20.377157,21.292019,27.293896,30.388023,33.096714,36.613255,37.805485,40.466156,39.759052,38.8517,36.79944,35.61042,31.338835,26.039106,26.84017,21.244726,18.746946,16.55398,14.9804945,15.481154,12.983393,16.737928,14.24675,17.942272,21.92895,22.903423,26.649574,25.804419,29.240955,32.589676,30.985455,28.879019,27.75909,22.385504,23.719597,20.676752,21.831219,24.00334,20.117832,25.409777,22.672728,24.755344,26.773685,24.7112,29.476446,28.58679,33.58865,34.5316,36.886623,38.08783,38.73228,38.3252,35.130356,30.694855,29.618217,25.565565,28.299873,21.971561,23.928354,20.685389,22.232517,21.29441,23.694216,21.34698,18.113947,18.412193,15.081328,15.038257,12.46534,13.426045,10.771094,7.709823,12.756945,14.342095,18.965155,19.776943,23.682734,25.966476,29.479048
22,35.61407,32.35865,33.10194,27.8348,26.834732,29.654783,24.28135,28.2427,24.660217,28.745344,26.976019,30.601309,30.245632,28.259054,24.827446,20.995882,18.363424,15.280492,12.069117,9.543062,5.2694545,5.4335256,0.0,5.5038123,7.6901712,9.869368,13.540066,15.583646,16.531538,20.922377,23.059185,28.204935,32.24824,34.179287,37.87172,39.039024,41.218094,40.14515,38.820576,36.363895,34.808167,30.183117,25.330622,25.022764,20.217333,16.283682,14.937532,11.772915,13.68015,10.880792,15.67568,14.003356,18.496052,21.319395,23.312252,27.291327,25.419657,28.706835,31.62476,29.386864,27.535374,25.34745,20.052462,20.522072,16.924936,17.36381,19.636145,15.540382,21.377628,19.308105,21.87513,24.535173,23.517675,28.211617,28.247847,32.859066,34.575638,36.651127,38.4111,39.47835,39.274002,35.490467,31.69204,29.932186,25.897821,27.674326,21.362295,22.142824,18.38079,19.526636,17.77514,20.328972,17.90154,15.289337,16.560635,13.794928,14.854638,13.336986,14.991458,14.040027,12.250426,16.815063,17.62492,22.581085,22.098835,26.511984,28.065702,31.888664
23,32.34077,29.234003,29.521667,24.01946,23.260653,25.381815,20.671404,24.18483,20.604406,24.809414,22.941952,26.85613,26.658466,25.167086,21.530104,17.319483,15.457216,11.611008,9.820966,6.048354,4.828713,7.3108926,5.5038123,0.0,5.952013,7.0531507,9.590677,10.736855,11.569401,15.699058,18.034777,22.931324,27.109943,28.797855,32.4944,33.671967,35.75184,34.6447,33.338997,30.939072,29.458286,24.887009,19.919579,19.942745,14.839454,11.587947,10.216805,8.726988,10.615637,10.180905,14.194614,13.7622795,17.7357,20.437315,22.022358,25.61784,23.726917,26.74015,30.405188,27.712538,25.278025,24.082373,18.53237,19.037909,17.08251,16.975344,17.942268,13.644219,18.468756,15.370842,17.622208,19.694883,18.227774,22.98747,22.8473,27.589458,29.304943,31.53193,33.296593,34.311043,34.348537,30.5858,26.89584,25.06641,20.832418,22.704832,16.310438,17.136608,13.594909,14.982696,14.059196,16.679012,14.628729,11.612716,11.87103,9.502515,9.571066,8.899445,10.044023,10.488586,10.524548,13.986592,13.819858,19.176905,17.52885,22.177567,23.38916,27.20709
24,31.774685,29.144754,30.24987,24.655106,24.836481,27.348375,23.546692,27.783087,24.768774,29.26964,27.739082,31.850203,31.909399,30.708197,26.979298,22.666752,21.190132,17.141521,15.738222,11.7924385,10.271163,10.711221,7.6901712,5.952013,0.0,4.9669437,6.5025997,9.453595,12.907531,16.220686,19.80798,23.555285,28.86701,30.042292,34.124973,35.827347,37.413155,35.866684,34.72254,32.33743,30.75613,25.867836,21.471422,20.412483,16.40699,12.71893,13.555331,11.651716,15.171563,14.980517,19.400671,19.264494,23.473122,25.724606,27.68693,31.291336,29.015978,31.85592,35.32908,32.16511,29.82462,27.985027,22.633335,22.155901,19.880713,18.414404,18.690325,13.15674,18.349846,14.594314,18.367493,20.057096,19.659185,24.300718,24.860037,29.489628,31.910524,34.276516,36.369293,37.392654,37.984283,34.13433,30.888565,28.796452,24.36316,25.71696,19.533098,18.585196,14.675198,14.350218,12.563678,13.982955,11.19237,8.209394,10.145735,7.1923304,10.400151,9.413412,13.326441,14.035091,14.798569,18.45198,17.950554,23.850517,21.640419,26.282566,27.448278,30.98748
25,34.47641,32.013668,32.606953,26.865396,27.128897,28.718163,25.39986,28.638609,25.281012,29.449291,27.267256,31.348328,30.884325,29.843903,25.389814,21.854004,20.199427,16.336845,15.235367,11.122466,10.94317,10.272859,9.869368,7.0531507,4.9669437,0.0,5.74082,8.254007,9.373365,13.239179,16.212032,20.459646,25.39997,27.136429,31.25383,33.226017,35.107506,33.762722,33.139725,31.213676,30.024809,25.43106,20.63905,20.66974,15.930549,14.134363,14.450666,14.355606,16.835886,17.212105,20.993727,20.593458,24.266401,27.254198,28.454771,31.789095,30.205723,33.073612,37.080902,34.196022,31.494421,30.636131,25.114567,25.230276,23.533916,22.516153,22.532963,17.196508,21.587051,16.877762,20.201727,20.869926,19.394533,24.119654,23.803278,28.906158,30.753956,33.52848,35.17267,35.75353,36.441208,33.134754,29.441582,27.89138,23.257893,25.474573,19.26903,19.11915,15.828232,15.6836815,15.066036,15.988069,13.444075,9.674211,9.959299,5.7289233,8.200125,5.3975315,10.503442,10.517506,12.090332,15.354054,14.718262,20.862007,18.949152,23.268604,24.970842,28.112614
26,29.666664,27.58781,28.334076,22.599966,23.577888,25.033445,22.834278,26.366528,23.71944,28.123463,26.556047,30.838215,31.035198,30.540455,26.604303,22.383738,21.880388,17.592386,17.76928,13.610483,14.317446,15.210207,13.540066,9.590677,6.5025997,5.74082,0.0,3.729088,9.1692295,10.873162,15.4292755,17.872488,23.896376,24.525532,28.78146,30.834282,32.067406,30.300467,29.434824,27.30532,25.912859,21.110498,16.989374,16.05334,12.488916,10.741953,12.820737,13.429751,16.65233,18.445612,21.849392,22.6102,26.147762,28.24743,29.716913,32.785843,30.63108,33.060013,37.167015,33.609516,30.760202,29.948122,24.686384,24.107086,23.407677,21.370955,20.090525,14.619974,17.832952,12.328038,16.115484,16.203165,15.562922,20.001495,20.480461,25.190956,27.779463,30.458725,32.549793,33.3686,34.541336,30.93079,28.044907,25.974539,21.387238,22.719023,17.030586,15.275947,12.079951,10.82785,10.481333,10.640098,8.364817,4.4680524,4.654627,1.297252,6.3650174,6.784544,11.361778,13.637309,16.398607,18.556282,16.94041,22.942675,19.424934,23.895384,24.692354,27.8062
27,28.064814,26.04182,26.253635,20.520628,21.537487,22.293098,20.682323,23.62047,21.101667,25.362364,23.812532,28.110628,28.438747,28.286057,24.490095,20.24275,20.376945,16.09941,17.22477,13.318117,15.17473,16.821238,15.583646,10.736855,9.453595,8.254007,3.729088,0.0,7.2319884,7.781524,12.690992,14.690361,20.769363,21.11697,25.311792,27.251871,28.433496,26.68394,25.749626,23.628286,22.29596,17.57903,13.336872,12.84653,9.049175,8.75631,10.919939,13.04707,15.642335,18.46677,21.094358,22.385315,25.42435,27.341967,28.510866,31.23192,29.162712,31.339514,35.75374,32.098106,28.99992,28.88198,23.74025,23.324839,23.578043,21.627014,19.796955,14.943836,16.945593,10.992776,13.950766,13.316228,12.091105,16.522171,16.79775,21.575365,24.101965,26.843409,28.90827,29.711151,30.996523,27.427221,24.707855,22.614653,18.040884,19.369658,13.948329,12.218906,9.647673,8.720314,9.752345,10.096506,8.863024,5.5065055,2.3973718,2.8507016,3.9295106,6.6223726,9.617097,13.079811,16.595072,17.733023,15.534573,21.202633,16.901405,21.318857,21.693558,24.752768
28,33.44654,31.196068,30.486034,24.896584,25.129793,24.79249,22.813416,24.013014,20.627535,24.065092,21.32692,25.329967,24.648754,24.458252,19.693441,16.863121,16.48506,12.949044,14.379557,11.091893,14.409966,15.38923,16.531538,11.569401,12.907531,9.373365,9.1692295,7.2319884,0.0,5.1563697,6.9367666,11.961553,16.173307,18.205038,22.135836,24.03085,26.232008,25.246214,24.978125,23.56476,22.93214,19.112827,13.885972,16.113766,10.536957,12.807799,12.302977,15.815378,16.393349,19.081026,20.790897,21.378492,23.538967,26.54572,26.582024,28.937532,28.057165,30.39582,35.33986,32.502895,29.11814,30.279842,24.991089,25.790413,26.214396,25.546545,24.479584,20.32002,22.357765,16.892265,18.2865,17.236408,13.749606,18.12728,16.329468,21.840172,22.758968,25.949244,27.021486,27.142845,28.025301,25.357214,21.483799,20.521778,15.849064,19.052485,13.593997,14.889636,13.517054,14.37022,16.166452,17.108215,16.061405,12.55505,9.443794,7.8908525,3.959026,4.034828,4.270143,7.362456,11.973303,11.6614895,9.084644,14.740628,11.114331,15.134555,16.541168,19.267473
29,31.385159,29.639872,28.702488,23.332039,24.206913,23.064152,22.637856,23.368948,20.718739,23.971674,21.645334,25.63878,25.41123,25.927946,21.637878,18.741375,19.501598,16.06496,18.458378,15.4238,18.942938,20.377157,20.922377,15.699058,16.220686,13.239179,10.873162,7.781524,5.1563697,0.0,5.535694,7.3841147,13.044895,13.951461,18.156494,20.381111,22.029797,20.709343,20.594946,19.374987,18.911201,15.32649,10.733806,13.217822,8.923139,13.060511,13.692961,18.034967,18.775576,22.425516,23.650755,25.008272,26.853422,29.237612,29.240696,31.158312,30.073223,31.933552,37.05649,33.81053,30.23879,31.829649,26.895117,27.315205,28.64832,27.400774,25.371769,21.500103,22.156946,16.251331,17.231255,14.820289,11.242318,14.90658,13.094363,18.430592,19.654137,23.034578,24.241146,24.28696,25.837523,23.289064,20.198956,19.076202,14.584872,17.262531,13.014442,13.227107,13.004132,13.195502,15.933444,16.084175,15.852333,13.082321,9.183224,9.660928,6.2520494,8.464466,8.361264,12.212197,16.9693,15.862139,12.754211,17.371069,12.365359,15.78524,16.199245,18.382734
30,35.481735,33.57187,32.020973,26.90214,27.197968,25.351454,24.714071,24.106823,21.02287,23.389637,20.255621,23.786444,22.775385,23.421268,18.617413,17.19111,17.83036,15.421445,18.109663,15.990826,20.146774,21.292019,23.059185,18.034777,19.80798,16.212032,15.4292755,12.690992,6.9367666,5.535694,0.0,7.045274,9.32796,12.167298,15.797313,17.829725,20.455622,19.962896,20.428358,19.905907,20.077904,17.561998,12.820785,16.878912,12.101297,16.879543,16.083138,20.897875,20.418285,23.924742,24.364336,25.33933,26.367193,29.30787,28.45086,29.911106,29.743788,31.578506,37.000862,34.38656,30.679409,33.212418,28.374384,29.55746,31.075596,30.615276,29.040825,25.647242,26.339092,20.89,21.01488,18.6675,14.067584,17.200045,13.867999,19.278162,18.960875,22.568644,22.8268,22.231415,23.408539,21.802095,17.87337,17.884293,13.750167,17.765625,14.136261,16.391287,16.795797,17.925116,20.782312,21.398693,21.14492,18.174881,14.369946,14.142157,9.929422,10.834347,8.463186,11.192314,15.993183,13.348208,10.042601,13.353458,8.808806,11.103307,12.277736,13.82945
31,33.486217,32.352398,30.727396,26.065556,27.277542,24.667805,26.012024,25.195204,23.254208,25.469975,23.178095,26.603035,26.3472,27.741158,23.79414,21.988544,23.62643,21.02413,24.188654,21.835285,25.823368,27.293896,28.204935,22.931324,23.555285,20.459646,17.872488,14.690361,11.961553,7.3841147,7.045274,0.0,7.27773,7.0135903,11.416161,14.353248,15.727813,14.514907,15.5140915,15.5492,16.11544,14.326069,11.506617,15.182156,12.984604,18.644163,19.290918,24.348894,24.4714,28.70948,29.051714,30.775524,31.819895,33.979427,33.37272,34.503395,33.8727,35.175976,40.606518,37.420933,33.631496,36.287514,31.866526,32.408497,34.67748,33.407207,30.799276,27.58816,26.92106,21.21047,21.133806,17.361631,13.466378,15.017132,12.1018,16.56554,16.840002,20.57666,21.098858,20.398277,22.730114,21.345655,18.994484,18.643734,15.190037,17.842146,16.067408,16.44144,17.889868,17.979979,21.424839,21.009022,21.54226,19.48034,15.518815,16.750736,13.557927,15.568641,14.442107,17.90525,22.776367,20.3634,16.999563,19.752617,14.441599,15.922729,15.558101,16.113121
32,38.549595,37.25202,34.88161,30.66623,31.21842,27.784523,29.057219,26.632984,24.516796,25.45578,22.535826,25.078445,24.073591,25.877754,21.966288,21.950459,23.739609,22.397327,25.868101,24.523048,28.999128,30.388023,32.24824,27.109943,28.86701,25.39997,23.896376,20.769363,16.173307,13.044895,9.32796,7.27773,0.0,5.357382,7.468283,10.0400915,13.052069,13.476928,15.441705,16.677864,18.162636,18.060493,15.4789095,20.368834,17.729012,23.747248,23.163239,28.63113,27.588251,31.766117,31.173485,32.664276,32.71611,35.188698,33.643307,34.044212,34.4205,35.485836,41.1599,38.68524,34.80224,38.58645,34.472897,35.760468,38.391758,37.892616,35.66241,33.04472,32.288624,27.10755,26.126429,22.585745,17.910303,18.737923,14.430341,18.210764,16.250631,20.022333,19.070705,17.296959,19.274158,19.57268,16.713465,17.94739,15.646152,19.318602,18.74177,20.980604,22.968805,23.990467,27.552156,27.706314,28.231,25.936853,21.893911,22.664387,18.64551,20.078686,17.36847,19.91483,24.413645,20.6687,17.507235,17.955538,13.670435,12.760093,12.451419,11.093793
33,35.280148,34.44975,32.010563,28.22976,29.298433,25.455366,27.989979,25.615055,24.372967,25.398378,23.331459,25.95113,25.803007,27.973001,24.854475,23.93955,26.397589,24.629442,28.42186,26.821585,31.210642,33.096714,34.179287,28.797855,30.042292,27.136429,24.525532,21.11697,18.205038,13.951461,12.167298,7.0135903,5.357382,0.0,4.454677,7.7742443,9.090373,8.6091585,10.761257,12.328997,14.063145,14.657069,13.652625,18.018864,17.084337,23.315344,23.550674,29.086288,28.441113,33.12954,32.505287,34.610744,34.81441,36.581516,35.42889,35.742493,35.523735,36.22365,41.78502,38.797554,34.92489,38.610363,34.83245,35.61331,38.77825,37.736145,34.841927,32.532536,30.829866,25.78971,24.512672,20.320292,16.312365,15.959443,12.2509365,14.963825,13.699186,17.375322,16.967226,15.508033,18.418852,18.340935,17.005787,17.465858,15.623181,17.953592,18.551865,19.540312,22.139566,22.69235,26.51735,26.267971,27.3418,25.714354,21.686342,23.40177,19.765272,22.071894,19.759407,23.200115,27.880037,24.545631,21.171034,22.11017,16.868723,16.677584,15.146331,14.201634
34,37.44346,36.710484,33.82513,30.576487,31.43304,27.022669,29.9755,26.704924,25.799637,26.02176,24.055481,26.029806,25.84404,28.407862,25.829624,25.584326,28.359053,27.147633,31.15987,30.013008,34.57185,36.613255,37.87172,32.4944,34.124973,31.25383,28.78146,25.311792,22.135836,18.156494,15.797313,11.416161,7.468283,4.454677,0.0,4.0348725,5.8278866,6.9026556,9.875342,12.49564,14.848541,16.778708,16.524212,21.06058,20.47059,26.776197,26.674595,32.357994,31.250679,36.04988,34.89179,37.104725,36.79639,38.39554,36.87641,36.688023,36.81315,37.174435,42.75216,40.011036,36.14755,40.429455,37.039852,38.030327,41.60021,40.786522,37.86855,36.0361,33.94562,29.317837,27.480295,23.313831,19.30309,18.190565,14.276418,15.76985,13.310688,16.626799,15.340721,13.202621,16.30486,17.404198,16.699911,17.827728,17.108383,19.277735,21.014242,22.480827,25.479137,26.334934,30.252287,30.173637,31.415302,29.896044,25.848085,27.641119,23.764648,26.091408,23.22869,26.512941,31.00393,27.216217,23.948145,23.850254,19.001272,17.837736,15.822381,13.900871
35,37.330128,36.477818,33.15769,30.348925,30.819895,26.009054,29.09044,25.046602,24.441433,23.980137,22.233204,23.678164,23.661827,26.53645,24.690681,24.72082,27.894531,27.130842,31.381514,30.709034,35.38533,37.805485,39.039024,33.671967,35.827347,33.226017,30.834282,27.251871,24.03085,20.381111,17.829725,14.353248,10.0400915,7.7742443,4.0348725,0.0,4.518716,7.0470314,9.065581,11.733788,14.246894,16.959284,17.0282,21.755356,21.30195,27.548111,27.0336,32.797085,31.198631,36.11403,34.39504,36.803646,36.031708,37.309525,35.561813,34.947792,35.243103,35.275356,40.79805,38.253197,34.4398,39.20499,36.23668,37.421635,41.398064,40.858555,37.991703,36.758553,34.325844,30.268513,27.782549,23.883995,19.801134,18.185259,14.103147,14.681907,11.133183,14.031255,12.046413,9.514092,12.6312275,14.418329,14.320939,15.831578,16.154348,18.070044,20.79538,22.810278,26.149181,27.479692,31.444946,31.770771,33.17069,31.76781,27.714787,29.684032,25.470304,28.044905,24.48657,27.859528,32.09128,28.040958,24.86011,23.994812,19.239475,17.67771,14.918011,12.795675
36,35.716072,35.34836,32.06156,29.71683,30.673187,25.662289,29.753769,25.96719,26.065239,25.786694,24.73349,26.272774,26.852234,29.819542,28.336357,27.721722,31.12722,29.984554,34.29508,33.335197,37.873516,40.466156,41.218094,35.75184,37.413155,35.107506,32.067406,28.433496,26.232008,22.029797,20.455622,15.727813,13.052069,9.090373,5.8278866,4.518716,0.0,3.3735683,6.1653013,9.747332,12.566093,16.098742,17.591242,21.517979,22.348402,28.48109,28.626978,34.27799,33.096092,38.24651,36.665928,39.40987,38.86626,39.711803,38.31848,37.744347,37.56676,37.382153,42.73773,39.795273,36.051174,40.57836,37.84247,38.586067,42.827282,41.834446,38.494514,37.40855,34.356197,30.43238,27.89516,23.602077,20.312395,17.834558,14.6981535,13.9969635,11.451055,13.828792,12.564828,10.648281,14.500498,15.786537,17.037815,17.747976,18.257074,19.01411,22.36018,23.276611,26.869516,27.724823,31.742275,31.679214,33.41108,32.480526,28.555433,31.010454,27.213587,30.142813,27.074686,30.85038,35.252113,31.533478,28.223598,27.921164,22.709194,21.718937,18.754751,17.101604
