,0,1,2,3,4,5,6,7,8,9,10,11,12,13,14,15,16,17,18,19,20,21,22,23,24,25,26,27,28,29,30,31,32,33,34,35,36,37,38,39,40,41,42,43,44,45,46,47,48,49,50,51,52,53,54,55,56,57,58,59,60,61,62,63,64,65,66,67,68,69,70,71,72,73,74,75,76,77,78,79,80,81,82,83,84,85,86,87,88,89,90,91,92,93,94,95,96,97,98,99,100,101,102,103,104,105,106,107,108
0,0.0,4.3409195,6.367382,9.753996,12.179325,14.362636,17.643532,21.196575,24.294909,27.144314,30.66192,29.557953,26.531555,25.587072,20.680376,21.407286,16.149948,17.621344,14.487854,15.445458,15.435091,11.189945,16.164938,18.18518,17.684551,20.738888,19.297134,23.17879,20.858719,25.242304,24.476377,29.433165,33.131577,35.85343,37.872795,40.031693,43.53443,42.613968,40.022778,36.598454,37.429985,33.43516,31.184984,29.434496,27.266754,25.488838,21.257263,21.681187,17.734821,18.327728,16.46209,15.78436,16.137405,13.362158,9.602405,11.441643,13.173689,16.44,17.827879,20.442274,19.196215,24.926373,25.960503,28.087234,33.18942,31.689056,35.614937,34.69219,39.608734,39.101288,34.469654,38.220673,35.06421,41.401054,36.948105,38.93933,40.245,38.316265,38.884464,40.44594,37.35426,33.992283,32.98305,29.63802,29.094872,24.82171,26.495523,21.457563,23.923199,23.548342,25.70965,27.690037,28.73034,32.724262,33.345097,33.000454,32.621128,29.742311,28.558798,28.784513,25.709919,26.756199,25.481695,26.546558,29.808416,31.358116,32.601532,35.836258,36.462852
1,4.3409195,0.0,5.346333,6.3291187,8.92765,11.984627,14.490628,18.848661,21.212503,24.487637,27.616688,26.972443,24.372555,23.043924,18.298655,18.200418,12.937994,13.735515,10.543665,11.1139555,11.24002,7.357432,12.695944,14.301287,14.776671,17.404772,16.114286,19.514435,16.949152,21.166006,20.666784,25.323788,29.50967,31.991928,34.17294,36.42726,39.77637,38.836796,36.071774,32.542885,33.6136,29.43599,27.436258,25.646378,23.742977,22.079737,17.969286,18.872452,15.051745,16.41516,14.684639,15.16366,16.085157,14.280388,9.500795,11.994354,11.825828,15.5700655,17.016691,18.848589,16.832972,22.717457,23.131578,25.08124,29.89562,28.190832,32.130238,30.959259,35.820194,35.09463,30.343527,33.982155,30.779158,37.082077,32.692436,34.657993,36.074005,34.258934,34.982784,36.671795,33.74843,30.25148,29.337032,25.848984,25.01571,20.876661,22.2167,17.12631,19.66575,19.450108,21.810658,23.88408,25.294905,29.094614,29.397835,28.896507,28.505047,25.4577,24.427282,24.525146,21.647892,23.081919,21.612284,22.457306,25.970396,27.194483,28.653124,31.771303,32.6225
2,6.367382,5.346333,0.0,5.2191195,6.798755,8.268558,11.795189,14.8747425,18.240362,20.849928,24.602442,23.462976,20.447495,19.789907,14.798357,15.957448,11.17698,12.966345,11.583232,12.674589,14.40849,11.703676,17.061375,17.468933,18.320362,20.128962,17.339691,20.737223,16.793459,21.257633,19.502254,24.89596,27.534958,30.552021,32.327076,34.315243,38.00935,37.20413,34.881207,31.728893,32.32606,28.969614,26.263798,25.433575,22.48838,21.802073,17.617744,19.034063,15.651411,16.869808,16.462404,15.605715,17.760977,14.728405,9.993081,10.560645,10.026897,13.191555,13.237211,15.979897,14.618491,20.83779,21.252722,23.980114,28.488583,27.750296,31.54121,31.026022,35.76174,35.57844,31.198765,34.790752,31.396158,37.750443,32.831738,35.277462,36.080036,33.773075,34.182606,35.37769,32.25517,29.113014,27.531576,24.443739,24.50155,19.965757,22.68977,18.359123,21.277683,21.939285,24.135275,26.815382,28.298506,31.54886,31.848202,30.814028,30.96824,27.31063,27.241581,26.768799,24.627068,26.647762,24.289103,24.711992,27.686895,28.293274,29.32622,32.18743,32.500153
3,9.753996,6.3291187,5.2191195,0.0,3.7788377,6.1952176,8.767754,12.936427,15.002189,18.455114,21.315933,20.730389,18.36304,16.895988,12.261676,11.952498,6.899576,8.001403,6.59703,7.979194,10.339847,9.107428,14.307189,14.184249,16.654491,17.785702,15.468602,17.803715,13.088684,17.122488,15.621258,20.396914,23.781826,26.197899,28.440908,30.431133,33.971275,33.287685,30.587307,27.243603,28.493004,24.916838,22.654545,22.000875,19.437595,19.229578,15.382926,17.688854,14.706451,16.976686,16.655556,17.307352,19.663437,17.828527,12.607654,13.9997,11.499633,14.978352,14.995855,16.499962,13.980419,20.289064,19.573875,22.051584,25.894594,24.90183,28.676388,27.722437,32.307835,31.680563,27.043123,30.295942,26.685558,32.87232,27.872158,30.149096,31.019249,28.83989,29.355597,30.783495,27.78043,24.431437,23.234781,19.896973,19.599997,15.177964,17.67775,13.500724,16.86155,17.947021,20.575903,23.26256,25.395618,28.328297,27.979368,26.682062,26.685804,22.66853,22.833023,21.82768,19.934082,22.295052,19.51149,19.703375,22.685411,23.076174,24.197392,27.028801,27.51784
4,12.179325,8.92765,6.798755,3.7788377,0.0,5.4144015,5.5756664,10.720909,12.601566,15.802881,19.20993,19.084505,16.997059,15.972298,11.456387,11.133207,7.3644257,7.2249904,8.455758,8.021229,11.361445,11.010493,15.40063,14.01073,16.42458,16.7576,13.4081,15.647328,10.414342,14.729301,12.719475,18.15875,20.97622,24.028975,25.748707,27.964844,31.469635,30.541409,28.166977,24.99853,25.580893,22.231525,19.572239,19.07997,16.078018,16.122139,12.293665,14.923358,12.439762,14.836704,15.433305,15.894171,19.027979,17.306581,12.220513,13.048686,9.288459,12.4071665,12.157706,13.106989,10.408706,16.731993,15.881768,18.56502,22.389952,21.723392,25.438805,24.843151,29.41238,29.193298,24.909506,28.36182,24.920498,31.309523,26.397915,29.176105,29.95758,27.656479,28.34248,29.515484,26.759394,23.512028,21.511251,18.318169,18.202589,13.72528,16.487555,12.667435,15.642161,17.159962,19.318354,22.462082,24.411652,26.884941,26.772703,25.217001,25.777462,21.66116,22.522469,21.75931,20.67653,23.745382,20.845219,20.453474,23.731575,23.050673,24.457006,26.756796,27.375431
5,14.362636,11.984627,8.268558,6.1952176,5.4144015,0.0,6.0507336,7.1600437,10.461576,13.205187,16.494379,15.232206,12.455401,11.656274,6.7167144,8.301067,5.2628884,7.983462,9.879034,11.741995,15.232559,15.083781,19.907122,18.826214,21.730991,21.992111,18.563877,20.311775,14.026501,17.656847,14.447962,19.60619,20.722351,23.501701,25.38668,26.844267,30.82736,30.491562,28.281113,25.501003,26.441423,24.138798,21.172977,22.13085,18.397436,19.923843,16.520044,19.606049,17.532354,19.757305,20.663918,20.463894,23.739485,21.231575,16.363789,16.284582,13.159424,15.510952,13.541053,15.461516,13.536218,19.74513,18.419239,21.74847,24.566149,24.876934,28.278503,28.025068,32.20329,32.08227,27.964905,30.83544,26.969463,32.885807,27.218435,29.96071,29.926676,27.131813,27.15042,27.911205,24.658617,21.874466,19.917227,17.25658,18.333258,13.647336,18.109016,15.613019,19.27302,21.409546,23.843596,27.00158,29.333534,31.494131,30.896326,28.937235,29.483976,24.79493,26.12557,24.259596,23.369247,26.229618,22.49541,22.157463,24.146595,23.728662,24.140175,26.52018,26.21908
6,17.643532,14.490628,11.795189,8.767754,5.5756664,6.0507336,0.0,6.6595407,7.379528,10.52459,14.064231,14.533983,13.170512,12.459671,8.899262,8.226723,7.6097226,6.49998,10.960627,10.203347,14.369258,15.515506,19.03259,16.449692,19.646997,18.744894,14.724257,15.636765,8.844492,12.336438,8.721009,14.533229,15.77439,19.267273,20.593973,22.705498,26.348022,25.493942,23.454638,20.673141,20.903889,18.471561,15.295947,16.261253,12.348659,14.316183,11.431909,15.148206,14.09897,16.776564,18.515985,18.988869,22.819242,21.288511,16.60312,16.686327,11.931209,13.835899,12.283711,12.228987,9.391456,15.036774,12.85813,16.050707,18.566534,18.918997,22.249725,22.128252,26.253803,26.394644,22.625011,25.706682,22.150972,28.337385,23.092363,26.407715,26.620249,23.9656,24.570656,25.282333,22.714846,19.795778,16.872625,14.104807,14.776426,10.336462,14.3472185,12.349197,15.260787,17.884968,19.743238,23.29343,25.523945,26.994036,26.51655,24.273863,25.433533,20.765066,22.898396,21.50154,21.682602,25.465315,21.886812,20.750196,23.547,21.573484,22.803694,24.370308,24.746199
7,21.196575,18.848661,14.8747425,12.936427,10.720909,7.1600437,6.6595407,0.0,5.3862095,6.311347,10.572197,9.340161,7.057035,7.8532014,5.0678124,7.656857,9.518988,10.794109,15.1385355,16.08679,20.19493,21.13865,25.19487,22.949272,26.227549,25.395576,21.176867,21.941385,14.916012,17.470915,12.828377,17.814114,15.968409,19.38954,20.431667,21.443878,25.711123,25.57445,24.132975,22.184462,22.391191,21.710459,18.105936,20.851124,16.19113,19.628578,17.300539,20.994553,20.24023,22.48875,24.559721,24.127583,28.17346,25.75962,21.366749,20.472523,16.478214,17.48673,14.139591,15.196738,13.804804,18.719362,16.40423,20.238705,21.436192,23.209116,25.943056,26.484583,29.977833,30.486292,27.243174,29.649511,25.844515,31.30998,25.378838,28.75771,27.870556,24.578049,24.322731,24.215641,21.176474,19.189457,15.823766,14.30499,16.7818,12.636573,18.31306,17.80516,21.068018,24.092035,26.034372,29.58881,31.996986,33.12748,32.344273,29.73444,30.998121,25.927805,28.53985,26.218487,26.659784,30.232239,25.955217,24.842854,26.270134,24.373863,24.472567,25.842104,25.068926
8,24.294909,21.212503,18.240362,15.002189,12.601566,10.461576,7.379528,5.3862095,0.0,4.6191244,6.6877666,7.832783,8.204507,7.5920763,7.3893924,6.375393,10.378448,9.774511,15.166642,15.386351,19.572552,21.696484,24.824327,21.921726,26.006603,24.411888,20.632381,20.126976,12.881199,14.061141,9.250191,13.089454,10.966099,14.028312,15.383646,16.521332,20.664259,20.582388,18.844917,16.867893,17.557772,17.124548,13.890077,17.455683,13.195937,17.628023,16.282635,20.518658,20.48868,23.270014,25.428352,25.978157,30.01577,28.466244,23.917677,23.632622,18.870628,20.024904,17.379576,17.000534,14.751807,18.807312,15.26473,18.530329,18.442513,20.214308,22.638788,22.900023,25.956882,26.18695,23.07704,24.965761,21.077553,26.214806,20.225239,23.773699,22.759953,19.468073,19.443203,19.36502,16.727669,14.625119,10.763486,9.248424,11.954885,8.435847,14.278882,15.211268,18.217262,21.767353,23.638863,27.150185,29.923122,30.395208,29.078459,26.106508,27.515598,22.239632,25.515945,22.80236,24.12344,28.127968,23.674093,22.004406,23.329256,20.397757,20.676174,21.40872,20.888206
9,27.144314,24.487637,20.849928,18.455114,15.802881,13.205187,10.52459,6.311347,4.6191244,0.0,5.9691343,6.654943,7.3618026,8.8431835,9.589194,10.396296,14.314606,14.230095,19.505915,19.658152,23.896017,25.727568,28.972624,25.905056,29.543625,27.823374,23.476679,23.14463,16.235783,17.335058,12.2554655,16.038961,11.353986,15.22868,15.312185,15.971023,20.318888,20.31011,19.593971,18.522724,18.06962,18.994133,15.215478,19.5142,14.695205,19.617905,18.594776,22.584944,22.944927,25.308897,27.992723,27.86658,32.230774,30.31243,26.181257,25.205843,20.615988,20.957867,17.523838,17.245335,15.95506,19.114628,15.749579,19.38029,18.638256,21.524406,23.452173,24.514889,27.160114,28.078691,25.722843,27.529303,23.967382,28.772396,22.946224,26.782465,25.280748,21.776102,21.481834,20.635649,18.224022,17.02423,12.348526,12.192004,15.506236,12.6826725,18.333548,19.539995,22.166342,25.727417,27.212711,30.88311,33.368114,33.54154,32.50147,29.414734,31.210913,26.056953,29.634869,27.073362,28.643002,32.72218,28.253529,26.510916,27.627075,24.416681,24.474035,24.770252,23.886856
10,30.66192,27.616688,24.602442,21.315933,19.20993,16.494379,14.064231,10.572197,6.6877666,5.9691343,0.0,4.688123,8.319714,8.120619,11.375153,10.513808,15.738133,15.370562,20.549023,21.155336,25.15384,27.75751,30.57239,27.536133,32.047024,30.063507,26.522404,25.23805,18.292778,18.058294,13.55611,14.898523,9.641362,11.247059,12.430945,11.907443,16.468575,17.438519,16.237417,15.5050335,16.650944,18.292746,15.585952,20.660315,16.801466,22.227919,21.823603,26.1423,26.648422,29.458143,31.8141,32.442783,36.576607,35.059616,30.585743,30.14643,25.386902,26.194736,23.151499,22.581205,20.685701,23.679756,19.616198,22.567322,20.566017,23.23338,24.746424,25.273256,27.216251,27.492626,25.155075,25.872614,22.01279,25.731462,19.494944,22.971851,20.71342,16.965303,16.148895,14.958181,12.48841,11.930178,7.3016686,8.541419,12.7591915,11.36443,17.004574,19.769985,22.526325,26.425884,28.20879,31.553,34.611633,34.359325,32.467743,29.081194,30.61385,25.196903,29.125475,25.61218,27.718174,31.708223,26.85242,24.878033,24.939133,21.377743,20.75568,20.522705,19.091085
11,29.557953,26.972443,23.462976,20.730389,19.084505,15.232206,14.533983,9.340161,7.832783,6.654943,4.688123,0.0,4.2435718,5.06887,9.100504,10.086981,14.974516,15.997924,20.559944,22.15221,26.124542,28.12318,31.66082,29.211132,33.54072,32.114193,28.44948,27.86135,20.61978,21.226303,16.569925,18.762451,14.233914,15.699091,17.078928,16.197758,20.800255,22.006475,20.841812,20.00944,21.283722,22.600965,19.696012,24.341637,20.14558,25.151104,24.050669,28.241592,28.187428,30.809223,32.975174,33.094086,37.157097,35.030403,30.524403,29.803656,25.610056,26.474092,22.954802,23.366991,21.873425,25.59723,22.114775,25.519157,24.302858,26.928131,28.734428,29.304459,31.574123,31.842863,29.185987,30.10586,26.05999,29.889202,23.42573,26.516344,24.166994,20.356525,19.021019,17.851776,14.640731,14.286519,10.983349,11.780454,15.962763,13.726078,19.894457,21.889868,25.199892,28.90085,31.00251,34.336105,37.396313,37.648823,35.861763,32.65219,33.903168,28.39606,31.8513,28.169167,29.588701,33.145958,28.120296,26.605755,26.218822,23.71347,22.512402,22.975843,20.926235
12,26.531555,24.372555,20.447495,18.36304,16.997059,12.455401,13.170512,7.057035,8.204507,7.3618026,8.319714,4.2435718,0.0,3.952439,6.3172874,9.341214,13.119143,15.163257,19.158419,21.238405,25.17,26.487675,30.596952,28.597271,32.51914,31.603794,27.773365,27.929752,20.639187,22.155613,17.44556,20.73846,17.178768,19.206879,20.607733,20.167969,24.758696,25.667427,24.404146,23.172073,24.229805,24.851814,21.646511,25.615875,21.1404,25.518686,23.740734,27.68898,27.11919,29.502037,31.488247,31.142696,35.103844,32.514103,28.065115,27.12223,23.45288,24.379082,20.645416,21.869587,20.688744,25.070124,22.240274,25.969336,25.781517,28.161453,30.370409,30.949053,33.731003,34.05482,31.05083,32.488068,28.384218,32.766415,26.292276,29.29596,27.338863,23.637163,22.404465,21.60914,18.126347,17.285217,14.454492,14.359019,18.077776,14.907295,21.215689,22.140364,25.740593,29.137394,31.380692,34.750427,37.635532,38.41832,36.956154,34.007355,35.099247,29.656376,32.61144,29.202581,29.946201,33.229668,28.324415,27.20723,27.07609,25.364202,24.23563,25.362452,23.397385
13,25.587072,23.043924,19.789907,16.895988,15.972298,11.656274,12.459671,7.8532014,7.5920763,8.8431835,8.120619,5.06887,3.952439,0.0,5.0237803,6.383954,10.741008,12.730984,16.46997,18.942322,22.672482,24.350922,28.273956,26.475052,30.87399,29.999277,26.768513,26.594494,19.261091,20.476238,16.226292,18.836214,16.59207,17.672731,20.005415,19.639257,24.090012,25.131428,23.183264,21.509884,23.54138,23.571733,20.9278,24.633924,20.708933,24.908707,23.135006,27.25101,26.511026,29.228634,30.808653,31.08026,34.764507,32.54386,27.766043,27.413445,23.589447,25.085783,21.936422,22.907099,21.064167,25.801767,22.67598,26.064558,25.913254,27.671797,30.039951,30.061117,32.896786,32.674267,29.25656,30.455564,26.122234,30.36653,23.744968,26.363827,24.533817,20.947891,19.695318,19.38853,15.641392,14.325584,12.457499,11.81874,15.305976,12.178401,18.441608,19.551523,23.415308,26.816977,29.375044,32.509014,35.70325,36.568665,34.72557,31.81108,32.553772,27.02619,29.79778,26.011265,26.64879,29.761892,24.727627,23.67377,23.2293,21.82107,20.500217,21.912924,19.93028
14,20.680376,18.298655,14.798357,12.261676,11.456387,6.7167144,8.899262,5.0678124,7.3893924,9.589194,11.375153,9.100504,6.3172874,5.0237803,0.0,5.0281515,6.9785748,9.856551,13.129481,15.668754,19.401524,20.378704,24.76007,23.278809,27.142372,26.739437,23.37035,23.98069,16.822132,19.104952,15.03439,18.974129,18.142227,20.13639,22.282984,22.767544,27.092237,27.512762,25.440416,23.227583,24.772062,23.784193,20.870565,23.525427,19.495192,22.742731,20.256702,24.046858,22.775513,25.29788,26.644855,26.652212,30.195728,27.766666,22.981222,22.639164,19.137163,20.887753,17.975576,19.451302,17.637075,23.062754,20.625446,24.14122,25.249907,26.48795,29.338808,29.2817,32.744946,32.58812,28.813976,30.764961,26.544098,31.609926,25.27929,27.986908,26.938452,23.651537,22.95572,23.16094,19.568357,17.485619,15.544438,13.808705,16.29923,12.136012,18.037218,17.632963,21.591076,24.555054,27.129486,30.316471,33.197487,34.626194,33.2834,30.73393,31.390247,26.108032,28.300093,25.214495,25.159924,28.165712,23.544394,22.825056,23.358324,22.480804,21.857542,23.826393,22.547886
15,21.407286,18.200418,15.957448,11.952498,11.133207,8.301067,8.226723,7.656857,6.375393,10.396296,10.513808,10.086981,9.341214,6.383954,5.0281515,0.0,5.4627857,6.432572,10.505699,12.647234,16.354752,18.380684,21.990719,20.19206,24.822235,24.010174,21.32977,21.078566,13.913976,15.40247,11.938727,14.8296995,15.533354,16.676857,19.570986,20.365911,24.34505,24.70863,22.002274,19.334951,21.726768,20.141245,17.937235,20.40563,17.162546,20.428051,18.383734,22.479872,21.455048,24.484621,25.596739,26.619768,29.972553,28.390816,23.349419,23.786575,19.66168,21.845974,19.796122,20.24716,17.540953,22.739704,19.646084,22.542002,23.271776,23.878454,26.736189,26.088104,29.449553,28.749874,24.687067,26.346954,21.98026,26.95058,20.637798,23.159376,22.4167,19.369274,19.029835,19.788761,16.419193,13.648757,12.301535,9.733594,11.580827,7.404388,13.229269,13.4025345,17.47605,20.668875,23.432976,26.434904,29.684832,30.879248,29.067854,26.424807,26.893715,21.488253,23.81663,20.390108,20.6885,23.953264,19.193926,18.153112,18.819082,17.508997,17.183239,19.119104,18.321407
16,16.149948,12.937994,11.17698,6.899576,7.3644257,5.2628884,7.6097226,9.518988,10.378448,14.314606,15.738133,14.974516,13.119143,10.741008,6.9785748,5.4627857,0.0,4.6220975,6.1642547,9.390464,12.693132,13.714106,18.076017,17.188587,21.308569,21.37944,19.072744,19.814173,13.367151,16.069498,13.56967,17.305792,19.704687,21.20979,24.044382,25.34056,29.118738,29.089241,26.212744,23.1,25.275223,22.592173,20.475359,21.478312,18.590284,20.333916,17.398018,20.902876,18.955553,21.806862,22.19412,23.188845,26.033834,24.333412,19.148466,20.02649,16.590555,19.429424,18.124863,19.18435,16.41415,22.387753,20.229359,22.990124,25.14789,24.916838,28.278421,27.331789,31.303741,30.44756,25.897026,28.20725,24.019657,29.534649,23.70666,25.897003,25.956993,23.376333,23.376545,24.614885,21.308464,18.169846,17.36571,14.271987,14.822351,10.347742,14.544274,12.480671,16.735916,19.07753,22.086815,24.877745,27.864336,29.91954,28.544386,26.494484,26.544739,21.599249,22.812712,20.132154,19.173313,21.889591,17.72604,17.429466,18.961811,18.956556,19.154226,21.864414,21.6155
17,17.621344,13.735515,12.966345,8.001403,7.2249904,7.983462,6.49998,10.794109,9.774511,14.230095,15.370562,15.997924,15.163257,12.730984,9.856551,6.432572,4.6220975,0.0,5.688763,6.238607,10.140949,12.466218,15.687455,13.797772,18.467728,17.823687,15.733054,15.70121,9.224985,11.571083,9.747783,13.224969,16.996254,18.530441,21.335863,23.215847,26.570423,26.137978,23.06017,19.642132,21.777641,18.456997,16.72141,17.21694,14.939772,16.468939,13.948152,17.702667,16.230474,19.494883,20.018225,21.841728,24.760422,23.93637,18.790045,20.119755,15.862331,18.724594,18.125854,18.006796,14.567992,20.013943,17.399511,19.592178,21.630194,20.873758,24.267656,22.996363,27.00176,25.967896,21.324003,23.785294,19.734028,25.554548,20.1208,22.531147,23.116749,20.862438,21.501451,23.020237,20.307724,16.782343,15.707289,12.124611,11.619711,7.221572,10.393465,8.084246,12.234805,14.868474,17.771326,20.683668,23.77583,25.517082,24.063215,21.920294,22.145216,17.183678,18.725826,16.374989,16.035852,19.514452,15.57825,14.658359,17.258743,16.140162,17.31025,19.573305,20.18769
18,14.487854,10.543665,11.583232,6.59703,8.455758,9.879034,10.960627,15.1385355,15.166642,19.505915,20.549023,20.559944,19.158419,16.46997,13.129481,10.505699,6.1642547,5.688763,0.0,5.3560357,7.136642,8.523598,12.489268,12.525367,16.980888,17.584452,16.862804,17.535439,12.753264,15.321631,14.823143,17.655087,22.48569,23.432495,26.649124,28.45481,31.658094,31.30586,27.893286,24.221926,26.85857,22.905605,21.722614,21.192522,19.687674,19.930061,16.938925,19.849224,17.417707,20.453156,19.74766,21.892298,23.823814,23.098375,17.868555,19.993492,16.910286,20.438496,20.61108,21.132723,17.810934,23.601435,21.750065,23.59283,26.410154,24.883898,28.500282,26.735344,30.96156,29.432663,24.318193,26.81038,22.868511,28.486172,23.450125,24.98771,26.079842,24.292755,24.880848,26.872675,23.998518,20.326395,20.451164,16.772842,15.629979,11.913063,13.354369,9.573931,13.673995,15.02216,18.463566,20.610023,23.704124,26.367136,24.913643,23.477434,22.80792,18.474165,18.433056,16.335386,14.231902,16.488384,13.112225,13.403346,16.130424,17.092798,18.172728,21.357635,22.106422
19,15.445458,11.1139555,12.674589,7.979194,8.021229,11.741995,10.203347,16.08679,15.386351,19.658152,21.155336,22.15221,21.238405,18.942322,15.668754,12.647234,9.390464,6.238607,5.3560357,0.0,4.2584696,7.1748905,9.517461,7.8280625,12.600492,12.487374,11.828487,12.231061,8.416523,11.237468,11.914804,14.955492,20.823708,22.368113,25.031294,27.54755,30.311949,29.329752,26.042793,22.218948,24.120504,19.45507,18.457462,16.792805,15.980183,15.203842,12.354942,15.065601,12.917954,16.252533,15.677655,18.612,20.670588,20.877567,15.878336,18.362104,14.550292,18.000134,19.058414,18.490395,14.737023,19.865513,18.090494,19.268906,22.534534,20.337759,24.0839,22.138794,26.608942,25.175592,20.096651,23.223413,19.790817,25.981709,21.748917,23.734156,25.47073,24.02856,25.312626,27.353891,25.1275,21.299822,20.645699,16.810175,14.836616,11.51595,11.253123,6.023591,9.206901,10.302402,13.409642,15.904109,18.732296,21.332272,20.345903,19.050253,18.775198,14.82981,14.892895,14.208873,12.755492,16.05768,13.641863,13.166725,17.528095,17.0138,19.323372,21.779171,23.428514
20,15.435091,11.24002,14.40849,10.339847,11.361445,15.232559,14.369258,20.19493,19.572552,23.896017,25.15384,26.124542,25.17,22.672482,19.401524,16.354752,12.693132,10.140949,7.136642,4.2584696,0.0,4.79841,5.728985,5.894146,10.711125,11.507194,12.756085,13.246132,11.600668,13.859381,15.599778,17.77251,24.479706,25.55316,28.44689,31.027338,33.507847,32.478992,28.94373,24.949203,27.176716,22.0193,21.648771,19.181425,19.270584,17.570917,14.884415,16.733746,14.231007,17.303278,15.663551,19.284506,20.36343,21.221912,16.513409,19.711723,16.702805,20.376066,22.126408,21.598402,17.925816,22.742996,21.370117,21.996342,25.557783,22.664618,26.416216,23.984907,28.460402,26.562107,21.245707,24.322657,21.206852,27.11831,23.533613,24.878105,27.162558,26.221167,27.664589,30.065586,27.970644,24.02654,24.04365,20.135933,17.610239,14.932529,13.3458,7.836038,9.941681,9.456564,12.838412,14.383833,17.188625,20.478764,19.481897,18.905548,17.860777,14.823353,13.380971,13.478572,10.73182,13.209188,12.036091,12.275611,17.178299,17.669325,20.256374,23.016832,25.051336
21,11.189945,7.357432,11.703676,9.107428,11.010493,15.083781,15.515506,21.13865,21.696484,25.727568,27.75751,28.12318,26.487675,24.350922,20.378704,18.380684,13.714106,12.466218,8.523598,7.1748905,4.79841,0.0,5.695581,8.112339,10.194536,12.62186,13.513355,15.594004,14.354766,17.557001,18.702618,21.877388,27.905111,29.520992,32.16566,34.715984,37.466137,36.393093,33.09574,29.20255,30.96504,25.954206,25.05096,22.436478,21.988974,19.777233,16.39231,17.444498,14.0703,16.403297,14.049118,17.013094,17.47125,17.886906,13.296753,16.793219,15.031792,18.918575,21.029427,21.276545,18.150564,23.33821,22.899708,23.830132,28.212566,25.469267,29.374144,27.300228,32.0255,30.503582,25.36454,28.777725,25.799492,31.849197,28.196632,29.632837,31.7725,30.63193,31.861658,34.10116,31.699787,27.849289,27.632391,23.795387,21.775276,18.53674,17.85743,12.296432,14.2297325,13.246634,16.033123,17.458393,19.38679,23.31219,23.089254,22.913727,21.933022,19.379549,17.553638,18.14262,14.892005,16.34211,15.708375,16.55276,20.996868,22.184916,24.398212,27.425186,29.115454
22,16.164938,12.695944,17.061375,14.307189,15.40063,19.907122,19.03259,25.19487,24.824327,28.972624,30.57239,31.66082,30.596952,28.273956,24.76007,21.990719,18.076017,15.687455,12.489268,9.517461,5.728985,5.695581,0.0,5.1218123,7.1468983,9.500451,12.808554,13.9079895,15.086835,17.248358,19.861551,21.873741,29.064953,30.309206,32.925785,35.832073,37.977474,36.59404,33.121063,29.082516,30.895367,25.245346,25.213835,21.56811,22.486437,19.360607,16.813303,17.23207,14.452752,16.823545,13.961789,18.319735,18.097273,20.081789,16.281378,20.15838,18.126507,21.738821,24.539198,23.81506,20.409286,24.506897,23.968676,23.884066,28.169294,24.503103,28.253178,25.560392,30.14168,28.144459,22.978647,26.414528,24.08995,29.898602,27.365742,28.444885,31.326572,30.846903,32.593674,35.151062,33.325752,29.34307,29.35641,25.453737,22.571493,20.28869,17.773624,12.249539,12.489529,10.031708,12.473781,12.886875,14.65641,18.94808,18.810001,19.365437,17.92466,16.631845,13.697801,15.827216,12.482703,13.858886,14.873987,15.532768,20.910227,21.714594,24.738426,27.390804,29.881393
23,18.18518,14.301287,17.468933,14.184249,14.01073,18.826214,16.449692,22.949272,21.921726,25.905056,27.536133,29.211132,28.597271,26.475052,23.278809,20.19206,17.188587,13.797772,12.525367,7.8280625,5.894146,8.112339,5.1218123,0.0,6.1122155,5.809983,8.7760515,8.902488,10.7193775,12.569777,15.662538,17.62289,24.883072,26.474226,28.664038,31.852674,33.79229,32.12497,28.863537,24.909286,26.200924,20.460726,20.450369,16.500431,17.740812,14.456912,12.377711,13.122213,11.160064,14.128272,12.336157,17.040838,17.874565,20.069324,16.196268,19.617807,16.379557,19.60936,22.320505,20.740776,17.04066,20.50608,19.553095,19.12521,23.196161,19.405869,23.13605,20.466675,25.104288,23.326874,18.30052,22.096144,19.95917,26.153505,23.805468,25.471119,28.360294,27.831453,29.859169,32.22425,30.753542,26.829832,26.189304,22.389313,19.37554,17.349491,14.414621,8.970004,8.146797,5.811051,7.991393,9.5912,11.616725,15.231132,15.224364,15.285689,14.671156,13.015484,11.255511,13.834858,12.12114,15.18771,15.378055,14.934538,20.718243,19.928137,23.399803,25.379726,28.10906
24,17.684551,14.776671,18.320362,16.654491,16.42458,21.730991,19.646997,26.227549,26.006603,29.543625,32.047024,33.54072,32.51914,30.87399,27.142372,24.822235,21.308569,18.467728,16.980888,12.600492,10.711125,10.194536,7.1468983,6.1122155,0.0,4.490222,8.159343,10.514971,14.379652,16.89705,19.743738,22.532946,29.213305,31.554705,33.13881,36.579712,38.485718,36.450394,33.615223,29.841827,30.167929,24.462975,24.064312,19.367624,20.557972,15.934708,13.5833435,12.276655,9.734693,11.280512,8.109214,13.319308,12.958638,16.273123,13.68683,17.44586,15.434834,18.329576,22.12009,20.567787,17.588987,20.290956,20.775755,19.991663,25.20627,21.188345,24.907677,22.64989,27.471766,26.28742,21.912022,26.252226,24.820469,31.094135,29.290352,31.152357,34.151672,33.62204,35.71257,37.924236,36.456566,32.59395,31.468588,27.76472,25.008749,22.705093,20.174358,14.791178,13.458194,10.620663,10.780266,11.806583,11.435968,15.926599,17.688402,18.637514,18.364737,18.019562,15.875844,19.53389,17.61914,19.921228,20.952238,20.831495,26.621803,26.011969,29.507412,31.457043,34.189266
25,20.738888,17.404772,20.128962,17.785702,16.7576,21.992111,18.744894,25.395576,24.411888,27.823374,30.063507,32.114193,31.603794,29.999277,26.739437,24.010174,21.37944,17.823687,17.584452,12.487374,11.507194,12.62186,9.500451,5.809983,4.490222,0.0,5.8618617,6.4786463,11.855701,13.5777445,17.019905,19.282831,26.097706,28.474298,29.755838,33.401398,34.980835,32.726307,30.016981,26.346437,26.343796,20.534649,20.427494,15.32227,17.195948,12.316563,10.890374,9.797558,8.686951,10.920577,9.337444,14.622709,15.341425,18.649809,15.96839,19.169582,16.015366,18.463919,21.981102,19.557884,16.268774,18.093758,17.988625,16.606682,21.411592,17.059235,20.672379,18.24074,23.01782,21.87273,17.690718,22.219538,21.132149,27.459587,26.067934,28.212175,31.289268,30.881046,33.225178,35.345154,34.27535,30.503996,29.064833,25.520948,22.573168,20.78878,17.709747,12.96966,10.564241,7.880332,6.915889,8.77251,8.447576,12.192413,14.096697,14.758142,15.146679,14.880561,13.597105,17.597212,16.857603,20.066784,20.736773,19.924768,25.874474,24.19125,28.00783,29.38708,32.369957
26,19.297134,16.114286,17.339691,15.468602,13.4081,18.563877,14.724257,21.176867,20.632381,23.476679,26.522404,28.44948,27.773365,26.768513,23.37035,21.32977,19.072744,15.733054,16.862804,11.828487,12.756085,13.513355,12.808554,8.7760515,8.159343,5.8618617,0.0,5.068858,8.678795,11.7027,13.728222,17.616034,22.893602,26.308435,26.942032,30.590668,32.567432,30.233885,28.090986,24.759176,23.794762,18.707682,17.353783,12.862577,13.193201,8.289426,5.6922793,4.4502726,3.3854086,6.526247,7.290638,11.264846,13.753818,15.967818,13.097153,15.341477,11.272581,13.215112,16.528767,13.756508,10.544085,12.417169,12.68372,11.9616785,17.527447,14.130405,18.002739,16.68969,21.738796,21.664719,18.01294,22.809877,21.381098,28.133558,25.932116,28.879183,31.257034,30.205914,32.300293,33.898643,32.636597,29.109442,26.718107,23.438202,21.323076,18.882357,17.348864,12.971342,11.484007,10.807951,10.059976,13.290866,13.198506,15.593501,17.524939,17.11032,18.503649,16.91797,17.24355,20.0351,19.903091,23.662447,23.091152,21.982456,27.45914,25.188244,28.600689,29.795498,32.24653
27,23.17879,19.514435,20.737223,17.803715,15.647328,20.311775,15.636765,21.941385,20.126976,23.14463,25.23805,27.86135,27.929752,26.594494,23.98069,21.078566,19.814173,15.70121,17.535439,12.231061,13.246132,15.594004,13.9079895,8.902488,10.514971,6.4786463,5.068858,0.0,7.3426685,8.207499,11.723761,13.995577,20.200289,23.03209,23.740204,27.560503,29.028637,26.579737,24.219053,20.813927,20.095032,14.509584,14.111411,8.917374,10.965534,6.223148,6.226957,6.899159,8.16534,11.218817,12.146739,16.26935,18.64857,21.03522,17.963902,20.12682,15.559785,17.31337,19.88374,16.569979,12.961215,13.93832,12.592173,10.920993,15.061642,10.841874,14.605844,12.447047,17.410324,16.819843,12.973862,17.793636,16.64933,23.309471,21.677685,24.619865,27.257898,26.569105,29.00027,30.723188,29.974947,26.475327,24.247108,21.06615,18.389307,16.952581,14.184161,10.865875,8.013853,7.8368926,6.289441,10.091324,10.790471,11.930348,13.204738,12.295744,14.159513,12.590104,13.753533,16.677208,17.640047,21.955828,21.32285,19.636679,25.182001,22.030153,25.817392,26.453484,29.315958
28,20.858719,16.949152,16.793459,13.088684,10.414342,14.026501,8.844492,14.916012,12.881199,16.235783,18.292778,20.61978,20.639187,19.261091,16.822132,13.913976,13.367151,9.224985,12.753264,8.416523,11.600668,14.354766,15.086835,10.7193775,14.379652,11.855701,8.678795,7.3426685,0.0,4.7691655,5.3915663,9.868775,14.996835,18.050188,19.258106,22.553831,24.93449,23.162565,20.65529,17.234068,17.244507,12.675216,10.897533,8.948012,7.710851,7.37541,5.682726,9.777642,10.020368,13.573123,15.122021,17.790215,21.10959,21.735968,17.527115,18.960344,13.663327,15.69089,16.53623,14.031977,9.954818,13.271968,10.438969,11.223835,14.1384535,12.212461,15.948798,14.660059,19.231773,18.813253,14.678741,18.519388,15.744893,22.516611,18.851118,22.194738,23.76821,22.184134,24.003164,25.406961,24.029716,20.605385,18.04975,14.785708,13.021948,10.449352,10.048681,7.3203416,7.7215133,10.296705,11.328511,15.122413,17.276218,18.235458,17.911715,15.791993,17.344189,13.375503,15.7247,15.934553,17.012655,21.559057,19.17117,17.369186,21.846596,18.661655,21.558186,22.440832,24.4172
29,25.242304,21.166006,21.257633,17.122488,14.729301,17.656847,12.336438,17.470915,14.061141,17.335058,18.058294,21.226303,22.155613,20.476238,19.104952,15.40247,16.069498,11.571083,15.321631,11.237468,13.859381,17.557001,17.248358,12.569777,16.89705,13.5777445,11.7027,8.207499,4.7691655,0.0,5.1088047,5.9378843,12.781477,14.964506,16.316061,19.846893,21.590574,19.688778,16.837328,13.224938,13.716912,8.450746,8.079477,6.18116,7.0749497,7.995142,8.802403,12.564148,13.780811,17.26854,18.792965,21.955269,25.085146,26.194593,22.132318,23.662344,18.334797,20.094526,20.763664,17.818745,13.914316,15.83948,12.085484,11.839294,12.735858,10.397182,13.61016,11.582198,15.660392,14.651982,10.348863,13.840982,11.043148,17.832766,14.592859,18.105074,19.926813,18.740927,21.019356,22.565588,21.878494,18.519657,16.153769,13.100951,10.500071,9.720749,7.382976,7.2189636,6.2037177,9.721194,10.392827,13.9674635,16.658916,16.434479,15.216277,12.397848,14.353959,10.04955,13.676081,13.565009,16.008419,20.967688,18.556839,16.114439,20.467056,16.116512,19.43341,19.526995,22.006058
30,24.476377,20.666784,19.502254,15.621258,12.719475,14.447962,8.721009,12.828377,9.250191,12.2554655,13.55611,16.569925,17.44556,16.226292,15.03439,11.938727,13.56967,9.747783,14.823143,11.914804,15.599778,18.702618,19.861551,15.662538,19.743738,17.019905,13.728222,11.723761,5.3915663,5.1088047,0.0,6.48811,9.678278,13.117326,14.116508,17.265825,19.905373,18.376213,16.060444,13.003787,12.966696,9.762771,7.114945,8.548533,5.668806,9.419823,9.311569,13.726694,14.71749,17.981558,20.131243,22.15826,25.908587,26.00347,21.760971,22.500042,17.002018,18.387878,17.885662,15.379053,11.810949,14.447629,10.209842,11.700366,12.118934,11.968072,14.926466,14.291243,17.994503,17.906,14.462842,17.347557,14.119064,20.41467,15.944672,19.878614,20.555626,18.44752,20.054413,20.94734,19.726055,16.711155,13.277104,10.540226,9.737406,7.6096206,9.038657,9.510853,10.55282,14.140275,15.16812,18.853231,21.375189,21.341957,20.314568,17.393738,19.336092,14.63225,18.265896,17.114101,19.222605,23.979887,20.695833,18.433943,21.79467,17.635084,19.950047,20.128218,21.606861
31,29.433165,25.323788,24.89596,20.396914,18.15875,19.60619,14.533229,17.814114,13.089454,16.038961,14.898523,18.762451,20.73846,18.836214,18.974129,14.8296995,17.305792,13.224969,17.655087,14.955492,17.77251,21.877388,21.873741,17.62289,22.532946,19.282831,17.616034,13.995577,9.868775,5.9378843,6.48811,0.0,8.656912,9.259376,11.351854,14.583618,16.17546,14.783724,11.356816,7.5445127,9.811815,5.918058,6.6946,8.81075,9.189195,12.747279,14.123869,18.109037,19.50433,22.936478,24.644299,27.522436,30.844599,31.585001,27.30396,28.518456,23.08695,24.640896,24.364058,21.641237,18.052153,19.746624,15.1824465,15.326118,13.589629,12.804144,14.736138,12.975923,15.454027,14.119592,10.543295,11.91092,8.118801,14.018404,9.584269,13.710032,14.6822195,13.200028,15.549189,16.904514,16.727678,13.713913,11.28468,8.864874,6.2843695,7.8657126,6.132041,10.0613575,10.119699,14.065442,15.061031,18.026833,21.234728,20.139708,17.798656,14.261726,16.1416,11.170259,15.904315,13.896381,17.470285,22.41438,19.144762,16.230345,19.122265,13.584755,16.338072,15.4124975,17.649614
32,33.131577,29.50967,27.534958,23.781826,20.97622,20.722351,15.77439,15.968409,10.966099,11.353986,9.641362,14.233914,17.178768,16.59207,18.142227,15.533354,19.704687,16.996254,22.48569,20.823708,24.479706,27.905111,29.064953,24.883072,29.213305,26.097706,22.893602,20.200289,14.996835,12.781477,9.678278,8.656912,0.0,6.0601354,4.860502,7.8455186,10.7976675,9.804812,8.639738,7.900421,7.074781,9.484302,7.2238145,13.162822,10.64924,16.4822,17.894482,21.986738,23.7842,26.696712,29.395262,30.953714,35.050602,34.83247,30.777826,30.844017,25.368263,25.910257,24.147758,21.650446,19.196901,20.09838,15.203947,16.600803,12.762937,15.348586,16.060524,16.575111,17.806236,18.364697,17.049686,17.70614,14.787011,18.68413,13.904935,18.432407,17.224419,14.454427,15.586892,14.962209,14.8898,13.631606,8.423315,8.959787,10.544183,11.32806,13.760346,17.42849,18.273264,22.199339,22.88615,26.202168,28.901196,27.497866,25.738382,22.113832,24.497576,19.767504,24.559866,22.18812,25.57792,30.33309,26.37959,23.642153,25.193192,19.77412,20.960104,19.43536,19.982685
33,35.85343,31.991928,30.552021,26.197899,24.028975,23.501701,19.267273,19.38954,14.028312,15.22868,11.247059,15.699091,19.206879,17.672731,20.13639,16.676857,21.20979,18.530441,23.432495,22.368113,25.55316,29.520992,30.309206,26.474226,31.554705,28.474298,26.308435,23.03209,18.050188,14.964506,13.117326,9.259376,6.0601354,0.0,5.1579394,6.115802,8.32703,8.994742,5.684404,4.907627,8.8564625,11.021314,11.22253,16.359737,15.318942,20.55545,22.006168,26.184628,27.703697,30.945892,33.095436,35.25668,39.00489,39.019012,34.615402,35.155396,29.739283,30.816858,29.228933,26.993408,24.143074,25.561499,20.635849,21.571684,17.62954,19.199694,19.685183,19.170296,19.65714,18.950521,17.365517,16.397335,13.017635,15.149679,9.652019,13.681636,11.587875,8.661588,9.856968,9.395437,10.27139,9.37405,5.7787757,7.3838506,8.587472,11.526488,13.007947,18.079815,19.098747,23.086535,24.230616,26.952608,30.272598,28.649054,25.867517,22.099041,23.871044,19.007336,23.88036,20.433348,24.281082,28.742653,24.57162,21.679153,22.122326,16.336075,16.969938,14.61015,15.041229
34,37.872795,34.17294,32.327076,28.440908,25.748707,25.38668,20.593973,20.431667,15.383646,15.312185,12.430945,17.078928,20.607733,20.005415,22.282984,19.570986,24.044382,21.335863,26.649124,25.031294,28.44689,32.16566,32.925785,28.664038,33.13881,29.755838,26.942032,23.740204,19.258106,16.316061,14.116508,11.351854,4.860502,5.1579394,0.0,4.2761126,6.0082273,5.230352,4.98594,6.696661,5.9266067,10.719045,10.069475,15.88248,14.464992,20.064644,22.0694,25.967022,28.074224,30.971176,33.686455,35.446705,39.49631,39.49898,35.510693,35.623302,30.117395,30.55335,28.802023,26.128595,23.791346,24.03805,19.130224,19.934061,14.910866,17.639753,17.344454,17.880634,17.742872,18.243654,17.986254,17.417616,15.104508,17.271372,13.252593,17.622906,15.799616,13.3362,14.515648,13.296201,14.519297,14.248288,9.681604,11.494977,12.882855,14.983089,16.530937,21.004147,21.430779,25.310953,25.774813,28.771439,31.527617,29.474619,27.345524,23.57193,26.042927,21.659918,26.751373,24.16872,28.123285,32.8328,28.933268,25.993122,27.00648,21.094028,22.064402,19.632729,20.136469
35,40.031693,36.42726,34.315243,30.431133,27.964844,26.844267,22.705498,21.443878,16.521332,15.971023,11.907443,16.197758,20.167969,19.639257,22.767544,20.365911,25.34056,23.215847,28.45481,27.54755,31.027338,34.715984,35.832073,31.852674,36.579712,33.401398,30.590668,27.560503,22.553831,19.846893,17.265825,14.583618,7.8455186,6.115802,4.2761126,0.0,4.6195636,6.658263,6.928673,9.362523,10.058477,14.7837105,14.160807,20.019972,18.288055,24.026915,25.702915,29.747595,31.606594,34.538017,37.19798,38.77586,42.877155,42.550304,38.396717,38.37032,32.981583,33.455547,31.256573,29.038036,26.864542,27.519821,22.680359,23.876883,18.948692,21.883081,21.569677,22.128492,21.781479,22.101404,21.785686,20.68115,18.135622,19.321867,14.894151,18.66674,15.819069,12.954739,13.179144,10.997027,12.424534,13.318041,9.1411915,12.181443,14.475873,16.668198,18.960762,23.718864,24.667522,28.64482,29.447687,32.355446,35.345703,33.399563,30.979572,27.175245,29.347916,24.754288,29.755768,26.521574,30.38052,34.838314,30.57126,27.738144,27.84286,22.220068,22.334942,19.735851,19.363089
36,43.53443,39.77637,38.00935,33.971275,31.469635,30.82736,26.348022,25.711123,20.664259,20.318888,16.468575,20.800255,24.758696,24.090012,27.092237,24.34505,29.118738,26.570423,31.658094,30.311949,33.507847,37.466137,37.977474,33.79229,38.485718,34.980835,32.567432,29.028637,24.93449,21.590574,19.905373,16.17546,10.7976675,8.32703,6.0082273,4.6195636,0.0,3.9524057,5.5273137,9.418857,9.806238,15.053796,15.535065,20.931765,20.220325,25.585133,27.863367,31.662382,33.88299,36.80657,39.459576,41.382328,45.373257,45.482895,41.461338,41.621277,36.11888,36.546253,34.706085,32.051884,29.787222,29.769583,24.899471,25.385216,19.796429,22.44119,21.428555,21.844954,20.475817,20.69335,21.298647,19.399296,17.712627,17.544823,14.585888,18.097359,15.402261,13.491355,14.311825,12.333458,14.986696,15.988932,12.789831,15.486187,16.8131,19.760424,20.809053,25.874233,26.15488,29.958775,30.382061,32.997124,35.881824,33.342323,30.768986,26.962181,29.283342,25.258451,30.419842,27.462587,31.79168,36.283245,32.382793,29.358206,29.55499,23.487839,23.951942,20.703863,20.89393
