,0,1,2,3,4,5,6,7,8,9,10,11,12,13,14,15,16,17,18,19,20,21,22,23,24,25,26,27,28,29,30,31,32,33,34,35,36,37,38,39,40,41,42,43,44,45,46,47,48,49,50,51,52,53,54,55,56,57,58,59,60,61,62,63,64,65,66,67,68,69,70,71,72,73,74,75,76,77,78,79,80,81,82,83,84,85,86,87,88,89,90,91,92,93,94,95,96,97,98,99,100,101,102,103,104,105,106,107,108
0,0.0,4.5263367,6.7249002,9.706958,13.024125,14.882485,17.212692,21.748415,23.015907,26.49498,30.486166,32.333633,29.885443,26.677439,26.677168,21.607971,20.495682,16.94164,16.950302,13.611151,10.944662,13.949326,12.836166,17.194223,18.413637,19.705297,19.330597,17.993353,22.267738,19.530735,27.135721,24.33834,31.62651,29.633818,33.222855,36.89999,38.110165,35.614098,30.862064,26.656134,30.075716,24.568638,27.10233,23.904425,26.294182,24.450294,26.49096,24.155027,28.077478,27.757414,29.41061,26.313934,29.171858,28.68543,27.824932,25.24325,28.104548,29.00714,32.553955,35.788105,36.358025,32.42838,37.686455,39.085323,37.78542,34.053207,38.51835,36.54875,33.13954,31.659382,32.157276,28.828255,30.39101,26.38897,31.213703,26.390291,30.924982,28.592552,28.837938,29.885283,29.055136,27.699846,22.975618,19.98149,16.751947,16.895248,12.211279,15.394082,11.75805,14.804537,15.432133,14.853686,17.634224,14.465761,18.60926,17.608335,19.35857,20.482674,22.237331,22.975576,23.161716,22.733784,22.234056,22.238678,21.440958,22.009733,23.918907,23.473883,27.857105
1,4.5263367,0.0,5.5601583,6.0865183,9.5744705,12.972538,13.715894,18.945055,20.00468,23.243248,27.37563,28.920155,26.071333,22.825718,22.447023,17.56821,16.120497,12.866319,12.530597,9.824331,7.490724,11.190967,11.500794,15.339405,15.847491,17.006165,15.64222,14.707667,18.25002,15.806069,23.303179,20.758345,28.04647,26.45744,30.122831,33.7537,35.299248,33.385315,28.179882,23.904001,26.960405,21.561016,23.660805,20.791538,22.602253,21.444118,23.02603,20.904074,24.499348,23.756153,25.243725,21.943026,24.679506,24.204971,23.305843,20.757124,23.68542,24.704626,28.198399,31.452473,32.182346,28.416101,33.671375,35.168873,33.994926,30.520945,35.196712,33.54774,30.024511,28.936352,29.108198,26.283571,27.72687,24.031433,28.868086,24.176683,29.046196,26.57141,27.464499,28.431726,27.021748,26.106655,20.98154,17.937212,14.283338,14.142532,9.980747,12.600909,9.9948,13.289666,15.042443,14.694918,16.843914,14.910715,17.794373,16.796402,19.656147,19.87001,20.773869,21.883492,23.07208,23.315609,22.742384,22.035238,21.728275,21.054876,23.27913,22.165209,26.717304
2,6.7249002,5.5601583,0.0,5.421009,7.452834,8.988454,12.103944,16.048632,18.445896,21.400095,25.777266,28.182638,26.039366,22.425842,23.249535,18.505304,17.802847,15.074446,15.465267,13.991902,12.443726,16.480743,17.003407,20.84118,21.10081,22.198954,20.071451,19.25431,21.526094,18.77794,25.346525,21.848724,29.231516,26.680073,30.854109,33.774815,35.866283,33.736145,29.107256,25.103756,28.733055,23.984152,26.373262,24.330791,26.026854,25.843758,27.445166,25.67062,28.863504,27.472595,28.569273,24.691956,26.638067,25.549427,24.558075,22.63706,25.56826,27.376463,30.878792,33.839394,35.351295,31.698149,36.616455,38.551613,37.78723,34.458336,39.242985,37.884056,34.06683,33.032307,32.692013,29.784477,30.559175,26.565594,30.895731,25.640127,29.990215,26.80986,27.20309,27.428053,25.759665,24.023876,18.857822,16.948124,13.956149,15.344534,11.043396,15.692305,14.582521,18.185747,19.675245,18.596529,20.013863,17.108452,19.385046,16.821384,19.520142,18.753803,20.580301,22.81634,23.525133,23.821573,24.173397,23.738455,24.695042,24.006155,26.880035,26.231514,30.87567
3,9.706958,6.0865183,5.421009,0.0,3.6705801,7.9353623,7.7096243,12.981919,14.396129,17.346771,21.688742,23.541464,20.958162,17.435783,17.900446,13.121823,12.47083,9.821607,10.999597,9.977484,10.280709,14.093695,15.48585,18.782494,18.617254,19.159502,16.254274,15.30758,16.529694,13.789275,20.022266,16.687115,24.040802,21.92267,26.048513,29.078026,31.298937,29.72633,24.627552,20.57533,23.83007,19.254614,21.32214,19.721973,21.048721,21.631893,23.178503,22.006819,24.887249,22.899874,24.038963,20.005825,21.782446,21.155743,19.584427,17.554388,20.311182,22.234823,26.002985,28.619015,30.457659,26.628002,31.37141,33.475067,32.95766,29.669554,34.507164,33.424927,29.452618,28.677465,27.973145,25.458206,26.02682,22.351559,26.60819,21.588202,26.24688,23.090887,24.25224,24.603298,22.454523,21.515966,16.037811,13.701821,10.172114,11.071857,7.802082,11.65512,12.226318,15.792747,18.071115,17.078186,17.654644,16.182854,17.001354,14.785699,18.62719,17.131315,17.672905,20.044668,21.899174,22.914911,23.014687,21.801575,23.198978,21.260786,24.409079,23.221298,27.903542
4,13.024125,9.5744705,7.452834,3.6705801,0.0,6.154239,5.1024036,10.055734,12.365308,14.698502,19.343803,21.52573,19.137291,15.340529,16.423626,12.207663,11.944544,10.437366,11.744202,12.256892,13.03768,16.86729,18.790142,21.711159,21.122072,21.575317,17.927069,17.404198,17.23626,14.777495,19.79708,16.14971,23.272078,20.883518,25.316652,27.760517,30.576006,29.345507,24.407309,20.64319,23.851051,19.99849,21.810389,21.046589,21.815739,23.39133,24.571592,23.756796,26.086798,23.52327,24.24536,19.843712,20.870691,19.838165,18.171434,16.751938,19.443394,21.968771,25.575893,27.942503,30.367167,26.837624,31.243797,33.64226,33.463783,30.52331,35.444725,34.74871,30.650814,30.176182,29.005644,26.858322,26.95051,23.458534,27.255842,22.189821,26.584648,22.999416,24.294615,24.110548,21.379509,20.311018,14.666506,13.32194,10.311205,11.977898,9.774997,13.697082,15.400374,18.872976,21.333057,20.216026,20.231342,18.942545,18.860804,15.996672,20.114773,17.611658,18.028997,21.183748,23.287678,24.643908,25.138315,23.758715,25.893658,23.463316,26.933813,25.681211,30.33206
5,14.882485,12.972538,8.988454,7.9353623,6.154239,0.0,6.967677,7.7414427,11.160412,13.75702,17.979706,21.266193,20.385305,16.75231,19.593113,15.353191,16.610098,14.691283,17.55662,17.021395,18.206465,21.86491,22.80958,26.397488,26.37943,26.589916,23.435217,22.017982,21.895712,18.604868,22.767126,18.000313,24.824064,20.987469,25.613386,27.431423,30.209398,28.142138,24.373943,21.10134,25.2222,22.02101,24.671139,24.317541,25.867273,27.51415,29.60567,29.142534,31.67647,28.903482,29.804455,25.36048,25.979925,25.08296,22.850948,21.721292,23.896343,26.73633,30.72825,32.348633,35.413433,31.399897,35.287514,38.0415,38.238426,34.89032,39.562653,38.789948,34.43871,33.515476,32.125877,29.317373,28.792088,24.759846,27.90549,22.28558,25.711823,21.634329,21.880756,21.026102,18.608799,16.383656,11.151151,11.181083,9.791631,13.10199,10.734184,16.37493,18.457766,22.137968,23.79672,21.846302,21.301401,18.837292,18.38905,14.112435,17.494963,14.241208,15.997308,19.978725,21.108925,22.350307,23.782745,22.901339,26.175411,24.233606,28.171581,27.817984,32.41192
6,17.212692,13.715894,12.103944,7.7096243,5.1024036,6.967677,0.0,6.244074,7.496793,9.738701,14.311949,16.440979,14.343834,10.546563,12.687024,8.733754,10.111632,9.306537,12.626502,13.41525,16.01801,19.129698,21.121216,23.726616,23.065819,22.834408,18.840975,17.796825,16.014153,13.318588,16.491823,12.227133,18.986732,16.20872,20.81163,22.862926,26.003754,25.115065,20.319275,16.939259,20.122746,17.25387,19.023966,19.37743,19.980097,22.69497,24.219978,24.36627,26.268002,22.896772,23.639233,19.122547,19.379505,18.948013,16.13648,15.065437,17.015839,20.051834,24.08929,25.438334,28.770344,24.886288,28.589588,31.44559,31.856499,28.859682,33.614292,33.271584,28.917171,28.548069,26.755428,24.818941,24.182606,20.907028,24.011782,19.036322,23.087881,19.229885,20.94339,20.459167,17.171925,16.631325,11.016519,10.204813,7.9159274,9.989971,9.904592,13.2148075,16.83487,20.041645,22.600214,21.17579,20.061657,19.577284,17.826296,14.751577,19.390997,15.843499,15.297524,19.047495,21.841488,23.834658,24.557829,22.709156,25.844557,22.498064,26.395514,25.13725,29.62091
7,21.748415,18.945055,16.048632,12.981919,10.055734,7.7414427,6.244074,0.0,5.571526,6.3875003,10.801469,14.477167,14.371379,10.916139,15.273715,12.625306,15.200921,14.902141,18.682867,19.4582,22.165178,25.292603,26.96523,29.793459,29.259407,28.876886,24.891155,23.58964,21.200628,18.360094,19.644884,14.655936,20.145466,15.967188,20.798725,21.478722,25.212015,24.126064,20.685135,18.300331,21.903301,20.4652,22.509644,23.798923,24.5159,27.837019,29.678667,30.25791,31.908789,28.125484,28.671303,24.095942,23.471666,22.87815,19.74277,19.503311,20.793003,24.330618,28.31718,28.778904,32.98583,29.117239,31.969378,35.267124,36.241344,33.304123,37.804638,37.730553,33.206318,32.76424,30.489681,28.455805,26.978676,23.653114,25.657446,20.535824,23.32369,18.821247,19.886156,18.24073,14.4512825,13.027848,8.049551,10.190586,10.341058,13.61797,14.053624,18.083313,22.175707,25.427658,27.575214,25.627335,23.878216,22.868073,20.299805,16.140902,20.235397,15.450996,15.453756,20.263428,22.578611,24.783773,26.381409,24.737856,29.077192,25.74879,30.063225,29.36785,33.678215
8,23.015907,20.00468,18.445896,14.396129,12.365308,11.160412,7.496793,5.571526,0.0,4.35471,7.474649,10.201793,10.224946,7.549911,12.308845,9.594925,13.40774,12.879456,18.079372,18.152878,22.1219,24.422977,25.852823,28.415464,28.076944,27.067162,23.39748,21.339977,18.427565,15.26599,15.287106,9.911613,15.019473,10.489419,15.304727,16.41558,19.809484,18.840094,15.133874,12.935945,16.54292,15.744147,17.934586,19.798721,20.80563,24.447569,26.918215,28.213295,29.842108,25.823864,26.80501,22.59843,22.048357,22.589203,18.496403,17.86635,18.361351,21.643738,26.214394,25.81992,30.291658,25.733658,28.101929,31.556166,32.81826,29.49127,33.652,33.603752,28.97542,28.394081,25.858347,23.794855,21.89376,18.764147,20.304787,15.432467,18.134798,13.74142,15.564925,14.344038,10.308251,10.529219,5.9306655,7.0398364,7.9242077,10.461933,12.731805,15.398134,20.56183,23.350805,25.46259,23.440079,20.88672,20.948595,17.13893,13.728721,18.222452,13.375248,11.692959,16.311687,19.505138,22.224707,23.523436,21.357502,26.046385,21.992422,26.389544,25.658953,29.678936
9,26.49498,23.243248,21.400095,17.346771,14.698502,13.75702,9.738701,6.3875003,4.35471,0.0,4.9594073,8.260893,8.901962,6.3955336,11.946471,11.153945,14.727973,15.482999,19.902763,21.102419,24.926668,27.313534,29.264574,31.446894,30.69083,29.731806,25.533482,24.10984,20.213524,17.858454,16.418688,11.770797,15.341621,11.2404785,15.908236,15.7689085,20.16069,20.186459,16.876516,15.438615,18.163282,18.40028,19.785273,22.37952,22.509922,26.937756,28.73281,30.237167,31.254831,26.855246,27.328976,23.047344,21.64048,21.864786,17.802485,18.043653,18.21721,21.948761,26.012598,25.242186,30.253004,26.325148,28.147327,31.812046,33.418682,30.707504,34.850704,35.28169,30.736929,30.63012,27.724297,26.384014,24.196833,21.714792,22.680027,18.452875,20.693419,16.347694,18.428246,16.670116,12.062428,12.486973,9.0619955,11.26731,12.205612,14.427593,16.817877,19.053598,24.305447,26.994228,29.373987,27.538574,24.974,25.275291,21.353064,18.02982,22.409418,17.341091,15.580295,20.199104,23.51096,26.33626,27.716002,25.461374,30.213781,25.891886,30.229027,29.241379,33.12287
10,30.486166,27.37563,25.777266,21.688742,19.343803,17.979706,14.311949,10.801469,7.474649,4.9594073,0.0,4.877619,8.452756,8.258981,13.793577,13.890252,17.960798,18.68091,23.659601,24.455185,28.826527,30.771128,32.453606,34.52632,33.931774,32.580563,28.657656,26.784916,22.521324,20.147411,17.037254,12.683099,13.976822,9.247612,13.25371,11.81521,16.52156,16.907316,14.802777,14.685734,17.050816,18.826899,20.177044,23.521593,23.793564,28.543598,30.761675,32.855385,33.704964,29.101465,29.727623,25.826685,24.14481,24.9949,20.476992,20.82619,20.179964,23.719618,27.906506,26.076609,31.565918,27.368254,28.232172,32.14251,34.242092,31.429924,35.057156,35.689083,31.13905,30.957766,27.684357,26.448837,23.570658,21.52348,21.287779,17.746256,18.772402,14.594477,16.787739,14.652399,9.870404,11.428323,10.30408,12.861707,14.829318,16.680075,19.83548,21.470491,27.182276,29.551693,31.701159,29.689476,26.506565,27.23942,22.469692,19.47243,23.464191,18.250711,15.825526,20.249317,23.69445,26.816332,28.341341,25.937698,31.250303,26.623293,30.997257,30.250051,33.698814
11,32.333633,28.920155,28.182638,23.541464,21.52573,21.266193,16.440979,14.477167,10.201793,8.260893,4.877619,0.0,5.3253884,7.492401,11.788633,13.174041,17.21821,18.440208,23.385777,24.329596,29.191523,30.525604,32.383427,33.876812,33.136517,31.436733,27.581463,25.723244,20.738829,18.957748,14.083307,10.948119,9.923693,6.540489,9.649578,8.019742,13.189198,15.068514,12.366122,12.894793,13.849692,16.773119,17.304064,21.376976,21.131104,26.395603,28.456148,31.103771,31.537003,26.753868,27.425262,24.015718,22.135603,23.756098,18.845314,19.214472,17.771936,21.003824,25.168457,22.534597,28.259266,24.01482,24.171156,28.189096,30.613613,27.971369,31.269726,32.214725,27.796026,27.918344,24.332428,23.79719,20.664017,19.550676,18.769247,16.405357,17.455667,14.124274,17.381994,16.038519,11.667305,14.626204,13.716133,14.944205,16.431452,17.159948,21.13002,21.304743,27.347109,29.193415,31.530565,29.8272,26.397923,28.158438,22.979446,21.039341,25.225794,20.527834,17.042873,20.56822,24.737652,28.06344,29.048666,26.224056,31.194141,25.98611,30.063145,28.914078,31.967697
12,29.885443,26.071333,26.039366,20.958162,19.137291,20.385305,14.343834,14.371379,10.224946,8.901962,8.452756,5.3253884,0.0,4.014502,6.5569324,9.005284,12.559214,14.531864,18.859972,20.422035,25.269955,26.383303,28.727053,29.717918,28.633163,26.975737,22.833319,21.489595,15.943282,14.898773,9.758123,7.6635356,7.6000695,7.0273347,10.250546,10.864227,15.256359,17.507622,12.852086,12.077692,12.127906,14.073785,13.683412,17.707476,16.62557,22.23146,23.617123,26.225378,26.401558,21.549255,22.112728,18.721958,16.89638,18.80393,13.748602,13.984701,12.450768,15.745645,19.931973,17.703783,23.231686,19.13547,19.880579,23.776707,25.931253,23.540659,27.257084,28.2741,23.925686,24.477613,20.999357,21.063007,18.580479,17.81961,18.123674,15.93982,18.510042,15.622525,19.470604,18.973017,14.835399,17.647804,15.19293,15.125368,15.271208,15.136195,19.187716,18.368309,24.280254,25.911646,28.704916,27.507088,24.50336,26.80633,22.130999,20.838158,25.541298,21.409393,17.693913,20.67696,25.311472,28.506538,28.881021,25.846104,29.89489,24.47231,28.22953,26.39504,29.590122
13,26.677439,22.825718,22.425842,17.435783,15.340529,16.75231,10.546563,10.916139,7.549911,6.3955336,8.258981,7.492401,4.014502,0.0,5.707822,6.716486,10.226141,12.171507,16.284676,18.13131,22.533937,24.189722,26.670843,27.98099,26.84278,25.57409,21.154367,20.084024,15.032995,13.664182,10.760185,7.526996,10.653604,9.077074,13.215675,14.21985,18.427387,19.727484,14.86159,13.077699,14.228503,14.569456,14.718504,17.823439,16.949656,22.08107,23.290848,25.255291,25.756842,21.092241,21.543518,17.571146,16.028612,17.151518,12.445984,12.568405,12.110939,15.783173,19.940392,18.904781,23.948456,20.051702,21.826674,25.464197,27.114202,24.686626,28.877743,29.589449,25.185814,25.601028,22.535679,22.124157,20.184122,18.643974,19.892998,16.694975,19.877829,16.45513,19.823803,19.17632,14.896819,16.790976,13.241244,13.238514,12.86186,13.265992,16.649887,16.69635,22.279379,24.344742,27.233406,26.01093,23.46062,25.123446,21.070974,19.207434,24.084387,19.85986,16.829271,20.288376,24.590538,27.558846,28.061653,25.265806,29.156397,24.134634,28.024078,26.227755,29.879007
14,26.677168,22.447023,23.249535,17.900446,16.423626,19.593113,12.687024,15.273715,12.308845,11.946471,13.793577,11.788633,6.5569324,5.707822,0.0,5.4907427,6.966974,10.377107,13.124558,15.848555,20.29553,21.278687,24.354523,24.733583,23.120358,21.737371,17.052504,16.749128,10.655482,10.967331,7.4826655,7.495353,10.131445,11.693066,14.61081,16.722088,20.208626,22.220064,16.342012,14.093781,13.640811,13.284741,11.862598,14.866318,12.581144,18.209978,18.379408,20.552092,20.486486,15.6409855,15.962051,12.254441,10.755761,12.823764,7.7059207,7.437268,6.43306,10.101019,14.298235,13.612866,18.318687,14.668756,16.959469,20.341251,21.74066,19.762114,24.221193,25.141998,21.013193,22.069735,19.1409,19.767157,18.569773,17.949722,19.8526,17.652792,21.684061,19.20447,23.100864,23.260906,19.46729,21.726494,17.893185,16.644968,15.12581,14.105541,17.53226,15.743862,20.936739,22.383131,25.74692,25.250948,23.125954,25.717728,22.151844,21.462248,26.491503,23.146023,19.73065,22.10366,26.817322,29.650782,29.40452,26.368261,29.124146,23.861843,27.110077,24.510502,27.967127
15,21.607971,17.56821,18.505304,13.121823,12.207663,15.353191,8.733754,12.625306,9.594925,11.153945,13.890252,13.174041,9.005284,6.716486,5.4907427,0.0,4.5073676,5.5961485,10.352628,11.530188,16.272133,17.566866,20.059797,21.26869,20.245848,18.967344,14.775332,13.434308,9.082108,7.2392883,7.891689,5.223129,11.590567,11.354933,14.976156,18.02097,20.732092,21.257711,15.185467,11.812236,13.072576,10.687405,10.9973955,12.517101,12.0365925,16.228392,17.638403,19.14081,20.349909,16.231087,17.368141,13.423924,13.618672,15.229374,10.884969,9.075218,9.705234,12.41523,17.24168,17.591997,21.21248,16.670498,20.00379,22.997385,23.749971,20.698217,25.309845,25.361824,20.968418,21.122257,18.818893,17.975101,17.218979,15.265983,18.190502,14.7522745,19.407064,16.672396,20.063341,20.54886,17.255322,18.963348,14.504071,12.300101,10.05523,8.868305,12.046362,10.747433,16.016846,17.91672,21.079012,20.29497,18.341324,20.436815,17.284098,16.471441,21.536781,18.577269,15.565767,17.893429,22.296959,24.885342,24.627949,21.803305,24.465284,19.631332,23.108501,20.869741,24.81637
16,20.495682,16.120497,17.802847,12.47083,11.944544,16.610098,10.111632,15.200921,13.40774,14.727973,17.960798,17.21821,12.559214,10.226141,6.966974,4.5073676,0.0,4.6717362,6.3139544,9.311314,13.350371,14.607434,17.950985,18.518541,16.894993,16.010502,11.128091,11.183326,6.7486696,6.8088946,9.565712,9.1389,14.788671,15.64673,18.857073,22.06109,24.660244,25.408104,19.080439,15.51802,16.111496,12.888198,12.295852,12.700625,11.172327,14.88385,14.948353,15.797403,16.818787,12.938164,13.80328,9.581323,10.573119,11.911164,8.491332,5.8488674,7.9271965,10.157483,14.437849,16.225405,18.82922,15.048554,19.348923,21.77769,21.89583,19.383535,24.38649,24.405857,20.40068,21.000109,19.231312,18.96839,19.137596,17.57563,21.142557,18.112804,23.16092,20.783323,24.10938,24.805225,21.654533,23.089445,18.260708,15.832858,12.827656,11.225837,13.218903,11.20424,15.17792,16.850588,20.484869,20.399755,19.359066,21.55021,19.491434,19.130697,24.106256,21.758467,19.152756,20.98686,25.209053,27.461782,26.804462,24.100111,25.68831,21.197033,24.09173,21.305155,25.289692
17,16.94164,12.866319,15.074446,9.821607,10.437366,14.691283,9.306537,14.902141,12.879456,15.482999,18.68091,18.440208,14.531864,12.171507,10.377107,5.5961485,4.6717362,0.0,6.5924726,5.9732714,10.922515,12.165951,14.54075,16.0449,15.314662,14.307517,10.605563,8.83586,7.2689524,4.4352927,10.570382,8.884188,15.703839,15.606748,18.846285,22.65283,24.489607,24.19015,17.97076,13.863118,15.513276,10.971735,11.877073,10.913844,11.43572,13.466417,15.157934,15.607114,17.88334,14.87958,16.596533,12.946043,14.860167,16.237682,13.139957,10.216166,12.020523,13.411825,18.081951,19.787106,21.878927,17.238419,21.744547,23.97596,23.80147,20.304539,25.101618,24.399105,20.230835,19.93514,18.696299,17.139946,17.640074,15.108582,19.334568,15.640241,20.958008,18.706787,21.556593,22.665821,20.20371,21.357328,16.504036,13.155367,9.614285,7.383024,8.925051,6.7243304,10.848431,12.897425,16.275991,15.897384,14.95787,16.904716,15.2515545,15.180829,19.996592,18.313969,16.005823,17.371782,21.271193,23.269653,22.469454,19.93507,21.309263,17.209864,20.205389,17.795282,22.106491
18,16.950302,12.530597,15.465267,10.999597,11.744202,17.55662,12.626502,18.682867,18.079372,19.902763,23.659601,23.385777,18.859972,16.284676,13.124558,10.352628,6.3139544,6.5924726,0.0,6.1457567,7.8976307,9.472479,13.657636,13.898945,11.839857,12.002877,6.910697,8.817008,8.045166,8.84295,14.613841,14.639153,20.560087,21.450205,24.532335,28.128529,30.288443,30.5275,24.131802,20.149662,20.947145,16.46008,16.064432,14.456699,13.271577,14.554096,13.643076,12.583747,14.39741,12.210875,13.125148,9.437713,12.3312435,12.673022,11.726268,8.775101,11.940752,12.635919,15.696456,19.29803,19.98334,17.031689,22.385937,23.849771,22.869713,20.555765,25.704067,25.138927,21.729536,22.215105,21.573706,21.075722,22.410486,20.62018,25.062563,21.949772,27.371021,25.276558,28.13003,29.152128,26.486969,27.345774,22.132101,19.21123,15.462258,13.665486,13.669539,11.598966,12.821008,14.376341,18.22685,18.928438,19.370493,21.090569,20.854242,20.928564,25.46577,24.17031,22.402418,23.605312,27.180607,28.788105,27.702925,25.43482,25.58955,22.133137,24.283752,21.28579,25.39746
19,13.611151,9.824331,13.991902,9.977484,12.256892,17.021395,13.41525,19.4582,18.152878,21.102419,24.455185,24.329596,20.422035,18.13131,15.848555,11.530188,9.311314,5.9732714,6.1457567,0.0,5.7607884,6.343718,8.750877,10.430518,10.113767,9.646499,7.323017,5.368131,8.753222,7.0015383,14.91812,14.248507,20.685335,20.961378,23.746107,28.022398,29.19024,28.431738,22.256166,17.955025,19.475758,13.903482,14.836939,11.745231,12.904912,12.069766,13.628067,12.534407,15.99685,14.719914,16.868687,14.125806,17.403536,18.558895,16.782917,13.437955,15.741287,15.852931,19.841362,22.655441,23.151743,18.833738,24.127378,25.4846,24.360317,20.715693,25.437418,24.009212,20.42157,19.793121,19.800838,17.892208,19.679129,17.098457,22.111063,18.726263,24.246536,22.63073,25.00513,26.629457,24.882381,25.685167,20.82961,16.945292,13.023724,10.439429,9.755383,6.6714005,6.704985,8.474389,12.188784,12.791073,13.578006,15.37021,15.8229265,16.775152,20.827833,20.641151,19.05928,19.281273,22.444906,23.694088,22.215351,20.134556,19.649616,16.736086,18.693626,16.05444,20.425339
20,10.944662,7.490724,12.443726,10.280709,13.03768,18.206465,16.01801,22.165178,22.1219,24.926668,28.826527,29.191523,25.269955,22.533937,20.29553,16.272133,13.350371,10.922515,7.8976307,5.7607884,0.0,4.4392886,7.556204,9.334387,8.734998,10.219218,8.676442,9.22604,13.405384,12.670343,20.364048,19.685547,26.242985,26.357965,29.387781,33.484516,34.86373,33.94307,27.898642,23.567873,25.23443,19.635122,20.435658,17.076187,17.805891,16.13632,16.410538,13.717794,17.281477,17.229206,18.814707,16.309168,19.876083,19.967232,19.610285,16.594524,19.55013,19.543533,22.471828,26.338207,25.992937,22.743132,28.407263,29.29876,27.617582,24.599289,29.34315,27.765348,24.743448,24.261242,24.795294,23.031183,25.199244,22.590658,27.71585,24.181307,29.622276,27.847458,29.793438,31.248344,29.53237,29.707247,24.546185,20.997173,16.973164,15.212505,12.953714,11.720718,8.864521,10.56983,13.722122,14.9152,17.160576,17.685728,19.789484,20.347069,23.839062,24.09574,23.475798,23.807198,26.184793,26.856007,25.39876,23.931196,22.582705,20.922848,22.327143,19.903847,24.123447
21,13.949326,11.190967,16.480743,14.093695,16.86729,21.86491,19.129698,25.292603,24.422977,27.313534,30.771128,30.525604,26.383303,24.189722,21.278687,17.566866,14.607434,12.165951,9.472479,6.343718,4.4392886,0.0,4.9554634,5.0481043,4.77709,6.025328,6.6192217,6.786195,12.463422,12.328236,19.941002,20.241972,26.132627,27.01316,29.411201,33.927494,34.738113,33.98114,27.791082,23.541424,24.563705,18.79827,19.203335,15.160309,15.988568,13.026411,13.345079,10.335994,14.529855,15.363666,17.52625,16.045546,20.148104,21.069801,20.57559,17.209778,19.694923,18.77602,21.65748,25.43742,24.33782,20.896978,26.638254,27.05795,25.009604,21.767971,26.222555,24.314323,21.685633,21.131857,22.240992,20.669497,23.437181,21.352654,26.604982,23.853426,29.367756,28.28293,30.484463,32.411064,31.003351,31.695805,26.866978,22.875774,18.941547,16.35183,14.870227,11.77526,8.304126,8.299526,11.686025,13.770742,16.210115,17.894716,19.951897,21.627476,24.933544,25.753216,24.561386,24.017015,26.634409,27.280205,25.231766,23.579742,21.308277,19.60051,20.2091,17.303898,21.12161
22,12.836166,11.500794,17.003407,15.48585,18.790142,22.80958,21.121216,26.96523,25.852823,29.264574,32.453606,32.383427,28.727053,26.670843,24.354523,20.059797,17.950985,14.54075,13.657636,8.750877,7.556204,4.9554634,0.0,4.9221315,7.6933117,8.1105385,10.883813,8.858203,15.513926,14.236214,22.064554,21.87454,27.809063,28.197193,30.366013,35.14663,35.309624,33.823498,28.071241,23.842323,25.338343,19.283812,20.540098,15.909512,18.156073,14.010003,16.027813,13.42204,18.088253,19.20028,21.794128,20.508064,24.556767,25.745928,24.770582,21.295269,23.468342,22.507326,25.851416,29.104874,28.081795,23.972916,29.44959,29.84191,27.806166,23.846334,27.781227,25.290125,22.718607,21.304262,22.931126,20.348465,23.349531,20.79185,26.154202,23.345737,28.595047,27.905672,29.565132,31.846012,31.161188,31.69991,27.291035,22.94381,19.246908,16.587406,14.565819,11.689593,6.23291,5.3855367,7.541042,10.0397625,13.451803,14.768228,17.915005,20.235731,22.70169,24.558807,23.75481,22.422777,24.334106,24.46428,22.073984,20.865213,17.62182,17.087824,17.119911,14.86869,18.59687
23,17.194223,15.339405,20.84118,18.782494,21.711159,26.397488,23.726616,29.793459,28.415464,31.446894,34.52632,33.876812,29.717918,27.98099,24.733583,21.26869,18.518541,16.0449,13.898945,10.430518,9.334387,5.0481043,4.9221315,0.0,3.8187406,4.379075,8.892137,8.378724,14.793249,15.0047,22.1261,23.152822,28.323538,29.73684,31.495531,36.372295,36.507385,35.712463,29.618336,25.547401,26.070293,20.281849,20.474493,15.790741,16.963955,12.287355,12.855925,9.558349,14.235374,16.377092,18.991034,18.691572,23.079563,24.575943,24.084318,20.585035,22.57776,20.842018,23.479708,27.084536,25.105,21.626234,27.23512,27.028486,24.511835,21.058062,24.871876,22.406672,20.503014,19.674675,21.681318,20.158947,23.611118,22.03323,27.288197,25.350681,30.72285,30.382097,32.58313,34.96864,34.028797,35.028732,30.579308,26.255816,22.514002,19.463396,18.317291,14.302603,10.153308,8.183132,10.727399,13.781758,16.65522,19.06337,21.47002,24.151245,26.925468,28.522646,27.097809,25.615808,28.093088,28.479124,25.839308,24.27314,20.747976,19.588,19.018179,15.899866,18.937302
24,18.413637,15.847491,21.10081,18.617254,21.122072,26.37943,23.065819,29.259407,28.076944,30.69083,33.931774,33.136517,28.633163,26.84278,23.120358,20.245848,16.894993,15.314662,11.839857,10.113767,8.734998,4.77709,7.6933117,3.8187406,0.0,3.3820393,6.2593675,8.069488,13.282341,14.542571,21.224741,22.697361,27.703403,29.52263,31.406693,36.06187,36.66103,36.41155,30.041086,26.000395,26.14031,20.653864,20.162525,16.008076,15.962581,12.277884,11.050038,7.0499945,11.308207,13.593846,15.809679,15.645044,20.112263,21.414873,21.44488,18.098665,20.26796,18.430342,20.48135,24.595993,22.347307,19.59867,25.41105,25.11793,22.499256,19.775625,23.961794,21.997543,20.170065,20.095348,21.710524,21.040369,24.297495,23.104649,28.226719,26.362616,31.878292,31.271788,33.826717,35.960423,34.52975,35.6246,30.913927,26.86937,23.014423,20.063305,19.2415,15.218247,12.143426,10.821908,13.991595,16.74318,19.124596,21.636402,23.45887,25.701202,28.981962,29.92775,28.284082,27.329245,30.229597,30.926367,28.51705,26.696817,23.798235,21.9496,21.790201,18.325956,21.397852
25,19.705297,17.006165,22.198954,19.159502,21.575317,26.589916,22.834408,28.876886,27.067162,29.731806,32.580563,31.436733,26.975737,25.57409,21.737371,18.967344,16.010502,14.307517,12.002877,9.646499,10.219218,6.025328,8.1105385,4.379075,3.3820393,0.0,5.6997366,5.9392276,11.350848,12.622834,18.906702,20.768993,25.303177,27.42773,28.931822,33.75279,34.02776,33.879124,27.518309,23.620022,23.424562,18.027195,17.38146,13.0483675,13.219062,8.974129,8.51978,5.4036455,10.182134,12.11935,14.935747,15.026228,19.446281,21.450222,20.789062,17.270016,18.930645,16.804184,19.36549,22.851084,20.771069,17.310997,22.95793,22.707968,20.226046,16.94298,21.020033,18.914948,16.933016,16.722069,18.419868,17.789906,21.170649,20.278603,25.312342,23.887747,29.341541,29.075117,31.817623,34.145176,32.849194,34.305103,29.889942,25.680065,22.010386,18.67703,18.560432,13.661289,11.382009,9.447553,12.772217,15.496582,17.298931,20.604328,21.781693,24.47644,27.810589,28.766638,26.658348,25.36723,28.568953,29.460659,26.893734,24.807499,21.982327,19.633656,19.358421,15.598314,18.513842
26,19.330597,15.64222,20.071451,16.254274,17.927069,23.435217,18.840975,24.891155,23.39748,25.533482,28.657656,27.581463,22.833319,21.154367,17.052504,14.775332,11.128091,10.605563,6.910697,7.323017,8.676442,6.6192217,10.883813,8.892137,6.2593675,5.6997366,0.0,5.304273,7.5545135,9.855391,15.770847,17.560007,22.355219,24.473732,26.502377,30.835411,31.988462,32.354042,25.759308,21.847271,21.644909,16.704325,15.587198,12.522185,11.206923,10.010482,8.069294,5.8738537,8.917035,8.807902,10.9889765,9.859283,14.194851,15.887539,15.321425,11.890767,14.034585,12.512149,15.103393,19.006153,17.761879,14.698343,20.56469,20.955183,19.01653,16.452251,21.322014,20.186602,17.54665,18.110777,18.568672,18.553844,21.060637,20.12649,24.897831,22.993952,28.560524,27.569075,30.627068,32.4124,30.383984,31.796867,27.032928,23.351667,19.615175,16.685493,16.972336,12.662271,12.288076,11.926615,15.87005,17.72702,18.737696,21.688347,21.966446,23.63524,27.697172,27.537373,25.298708,25.087431,28.745708,30.102108,28.139648,25.786205,24.37872,21.144638,22.01975,18.318949,21.762564
27,17.993353,14.707667,19.25431,15.30758,17.404198,22.017982,17.796825,23.58964,21.339977,24.10984,26.784916,25.723244,21.489595,20.084024,16.749128,13.434308,11.183326,8.83586,8.817008,5.368131,9.22604,6.786195,8.858203,8.378724,8.069488,5.9392276,5.304273,0.0,6.8738313,6.7835755,13.793899,14.967266,20.014566,21.632889,23.419024,28.167067,28.648455,28.376358,21.975676,17.947645,18.203773,12.634244,12.5450115,8.487577,9.450785,6.9813294,8.9151745,8.396118,12.254751,11.608989,14.575594,13.236699,17.052607,19.320442,17.425283,13.771033,15.245693,14.003705,17.9483,20.49872,20.11152,15.414302,20.794922,21.600378,20.116106,16.105955,20.599197,18.893429,15.611518,15.078113,15.661881,14.349997,16.955992,15.450296,20.509775,18.489851,24.045816,23.4034,26.265203,28.420881,26.956484,28.51606,24.189114,20.008171,16.45836,12.988615,13.635568,8.260437,8.331691,7.595163,11.541647,13.075245,13.606799,17.125648,17.09932,19.420233,23.245096,23.547277,21.112566,20.269161,23.902594,25.248692,23.097782,20.655533,19.25267,15.847227,16.820377,13.253542,17.026297
28,22.267738,18.25002,21.526094,16.529694,17.23626,21.895712,16.014153,21.200628,18.427565,20.213524,22.521324,20.738829,15.943282,15.032995,10.655482,9.082108,6.7486696,7.2689524,8.045166,8.753222,13.405384,12.463422,15.513926,14.793249,13.282341,11.350848,7.5545135,6.8738313,0.0,4.7881093,8.235546,10.812733,14.842369,17.481567,19.230448,23.467628,24.758379,25.711401,19.016777,15.480151,14.643718,10.654346,8.761536,7.720935,5.2494063,8.460487,8.571138,10.390654,11.697794,8.231848,10.670288,8.520032,11.3120775,14.410971,11.46159,7.8997536,8.553599,7.6790752,12.484726,14.232593,15.264952,10.338178,15.433477,17.097904,16.59185,13.303692,18.31652,17.93119,14.118538,14.865214,13.716835,14.0949745,15.3905735,14.89884,18.92637,17.37107,22.714973,21.688238,25.355156,26.986763,24.636503,26.778116,22.555298,19.143246,16.096647,12.958169,15.355526,10.508631,13.76214,13.870448,17.640453,18.382282,17.458866,21.173754,19.287704,20.749485,25.323803,24.1723,20.905712,21.084103,25.598032,27.708256,26.13507,23.175562,23.44208,18.72972,20.577908,16.991632,20.401112
29,19.530735,15.806069,18.77794,13.789275,14.777495,18.604868,13.318588,18.360094,15.26599,17.858454,20.147411,18.957748,14.898773,13.664182,10.967331,7.2392883,6.8088946,4.4352927,8.84295,7.0015383,12.670343,12.328236,14.236214,15.0047,14.542571,12.622834,9.855391,6.7835755,4.7881093,0.0,8.078951,8.202393,13.861135,14.981983,17.197353,21.668821,22.68867,22.656912,16.132559,12.097313,12.723263,7.6688046,8.06194,6.5100365,7.531332,9.490224,12.151787,13.536605,15.890807,12.953195,15.41435,12.768457,15.074873,17.60168,14.138884,10.832239,11.599655,11.862212,16.988369,18.063576,19.813295,14.341307,18.750618,20.810266,20.621511,16.514847,21.084248,20.205801,15.942831,15.511539,14.335619,12.884041,13.746768,11.823938,16.264212,13.600157,19.112362,17.807848,21.112135,22.840496,20.83424,22.752565,18.60614,14.785898,11.718923,8.28556,10.995298,6.090175,10.706696,11.534482,14.9275875,14.885151,13.437099,16.851728,14.632579,15.971773,20.547766,19.466959,16.304892,16.510633,20.904997,23.024939,21.651035,18.738098,19.61629,14.892866,17.442617,14.521597,18.496613
30,27.135721,23.303179,25.346525,20.022266,19.79708,22.767126,16.491823,19.644884,15.287106,16.418688,17.037254,14.083307,9.758123,10.760185,7.4826655,7.891689,9.565712,10.570382,14.613841,14.91812,20.364048,19.941002,22.064554,22.1261,21.224741,18.906702,15.770847,13.793899,8.235546,8.078951,0.0,5.6803184,6.6286764,10.386465,11.360874,15.4677305,16.863861,18.714825,12.1556015,9.790571,7.6332946,7.145621,4.5017147,8.621054,7.0753465,12.78398,14.661027,17.876797,18.394684,14.043765,15.873557,13.739125,13.978994,17.578367,12.791792,10.797148,8.929314,9.713506,15.071779,13.399506,17.165297,11.359231,13.472114,16.694254,18.073963,14.5230875,18.47971,18.922705,14.456159,15.021993,11.895029,12.481204,11.299008,11.572871,13.567681,12.797606,17.159811,16.19407,20.546116,21.899,19.291632,22.44155,19.450832,16.78404,15.321161,12.690708,17.006876,13.036641,18.480665,18.899815,21.9001,21.55834,18.868032,22.823574,18.756533,19.804197,24.436937,22.224905,17.88452,18.522232,23.683016,26.540173,25.552328,22.167654,24.347523,18.607779,21.326426,18.512772,21.367718
31,24.33834,20.758345,21.848724,16.687115,16.14971,18.000313,12.227133,14.655936,9.911613,11.770797,12.683099,10.948119,7.6635356,7.526996,7.495353,5.223129,9.1389,8.884188,14.639153,14.248507,19.685547,20.241972,21.87454,23.152822,22.697361,20.768993,17.560007,14.967266,10.812733,8.202393,5.6803184,0.0,7.3986845,6.967867,10.063309,13.825547,15.791445,16.282942,10.017837,6.8677654,8.1260395,7.0544596,8.096485,10.903739,11.509481,15.873055,18.621899,20.995739,22.318106,18.188896,19.881853,16.733862,16.860298,19.357376,14.507887,12.757205,12.031133,14.071939,19.369995,18.269945,22.30781,16.802786,19.071222,22.365551,23.639044,19.877602,23.814238,23.818144,19.183922,18.862703,16.077198,14.813563,13.091767,11.249642,13.30598,10.243456,14.582297,12.277358,16.227888,17.11688,14.231376,16.97516,13.772976,11.273095,10.275192,8.536334,13.121617,11.054124,17.13448,18.537634,21.158314,19.990648,16.991943,19.80847,15.351419,15.191684,20.001867,17.080051,12.979325,14.778952,19.69658,22.665855,22.374529,19.216503,22.555254,17.13518,20.797028,18.914944,22.407133
32,31.62651,28.04647,29.231516,24.040802,23.272078,24.824064,18.986732,20.145466,15.019473,15.341621,13.976822,9.923693,7.6000695,10.653604,10.131445,11.590567,14.788671,15.703839,20.560087,20.685335,26.242985,26.132627,27.809063,28.323538,27.703403,25.303177,22.355219,20.014566,14.842369,13.861135,6.6286764,7.3986845,0.0,6.184902,5.4938507,9.039828,10.774767,13.787583,8.250583,8.420122,5.5441465,9.801497,8.691015,13.631757,13.105971,18.470999,20.889126,24.383863,24.694265,20.209215,21.692017,19.576458,18.728413,22.075089,16.908571,16.017342,13.5968485,15.080884,19.835283,16.517227,21.466892,16.085993,15.906268,19.728045,22.129286,18.83824,21.665333,22.546743,18.207163,18.470503,14.647683,15.016067,11.941207,12.606234,11.905041,11.947696,14.329985,13.384534,17.985174,18.838076,16.116917,20.048273,18.569279,16.9969,17.101793,15.430091,20.246271,17.45259,23.43509,24.075281,26.51728,25.523993,21.978561,25.629364,20.403254,20.88132,25.151293,22.171747,17.404572,18.513208,23.673767,26.951605,26.574312,23.151258,26.694698,20.780828,23.93889,21.977428,24.30484
33,29.633818,26.45744,26.680073,21.92267,20.883518,20.987469,16.20872,15.967188,10.489419,11.2404785,9.247612,6.540489,7.0273347,9.077074,11.693066,11.354933,15.64673,15.606748,21.450205,20.961378,26.357965,27.01316,28.197193,29.73684,29.52263,27.42773,24.473732,21.632889,17.481567,14.981983,10.386465,6.967867,6.184902,0.0,4.8367796,7.3100557,9.895784,10.7627325,6.19121,6.4576697,7.9113894,10.934576,12.285054,16.134348,17.033562,21.553263,24.711994,27.55583,28.601374,24.252728,25.756422,22.806421,22.049784,24.512426,19.37689,18.537237,17.055738,19.35101,24.323889,21.793245,26.76914,21.369724,21.923254,25.682964,27.792397,24.137272,27.189867,27.553984,22.986946,22.462925,19.087992,17.771805,14.513996,13.122036,12.364899,10.010002,11.603383,8.897724,13.065648,13.166357,9.994431,13.913098,12.993196,12.193845,13.472579,13.06212,17.676413,16.763288,22.935263,24.339487,26.339071,24.599558,20.804022,23.2603,17.684204,16.896803,20.993309,17.214687,12.733035,15.102496,19.795513,23.192944,23.640919,20.547352,25.296381,19.867237,23.81841,22.804514,25.650242
34,33.222855,30.122831,30.854109,26.048513,25.316652,25.613386,20.81163,20.798725,15.304727,15.908236,13.25371,9.649578,10.250546,13.215675,14.61081,14.976156,18.857073,18.846285,24.532335,23.746107,29.387781,29.411201,30.366013,31.495531,31.406693,28.931822,26.502377,23.419024,19.230448,17.197353,11.360874,10.063309,5.4938507,4.8367796,0.0,5.432663,5.804316,8.430513,4.4519787,7.3051906,6.204445,11.484447,12.173862,16.522484,17.42477,21.868906,25.291014,28.695818,29.507324,25.272085,26.99029,24.763325,24.041914,27.133116,21.927668,21.017118,18.898521,20.465942,25.31749,21.90165,26.79929,21.192173,20.677301,24.397268,26.871613,23.107225,25.327742,25.852705,21.52045,20.95766,17.307968,16.442373,12.523482,12.502424,9.996853,10.109905,10.378715,9.641394,14.055981,14.810756,12.763107,17.197977,17.25582,16.147972,17.444979,16.35659,21.177427,19.241943,25.30424,26.090483,27.8732,26.290539,22.178001,25.406904,19.522526,19.764042,23.35849,20.236383,15.361329,16.429502,21.240358,24.68111,24.760714,21.485626,26.005638,20.33167,23.79224,22.784784,24.829626
35,36.89999,33.7537,33.774815,29.078026,27.760517,27.431423,22.862926,21.478722,16.41558,15.7689085,11.81521,8.019742,10.864227,14.21985,16.722088,18.02097,22.06109,22.65283,28.128529,28.022398,33.484516,33.927494,35.14663,36.372295,36.06187,33.75279,30.835411,28.167067,23.467628,21.668821,15.4677305,13.825547,9.039828,7.3100557,5.432663,0.0,5.692959,9.589902,9.048237,12.141079,11.558347,16.713524,17.1406,21.701584,22.04129,26.961885,29.877287,33.278,33.713737,29.152725,30.386032,27.924252,26.422922,29.101894,23.924877,23.782328,21.531374,23.673798,28.03544,24.17166,29.728502,24.82842,23.618664,27.581724,30.4744,27.372797,29.475588,30.451677,26.283758,26.06312,22.238882,21.805548,17.820162,17.854584,14.963215,14.866731,13.918946,12.504535,16.096811,15.610865,12.98926,17.283981,18.26481,18.574203,20.505098,20.280205,24.87804,23.821192,29.97537,31.07546,32.91434,31.1675,27.060669,29.733727,23.78733,23.136703,26.571249,22.695192,18.330463,20.306917,24.627916,28.120869,28.77794,25.73729,30.801775,25.33655,28.972252,28.154552,30.194492
36,38.110165,35.299248,35.866283,31.298937,30.576006,30.209398,26.003754,25.212015,19.809484,20.16069,16.52156,13.189198,15.256359,18.427387,20.208626,20.732092,24.660244,24.489607,30.288443,29.19024,34.86373,34.738113,35.309624,36.507385,36.66103,34.02776,31.988462,28.648455,24.758379,22.68867,16.863861,15.791445,10.774767,9.895784,5.804316,5.692959,0.0,5.982238,7.4795723,11.722839,10.648949,16.231972,17.045982,21.209717,22.415438,26.45879,30.195578,33.817337,34.588856,30.475315,32.245003,30.310501,29.449316,32.63136,27.419859,26.678186,24.34861,25.717228,30.34223,26.331015,31.263327,25.757235,24.305225,27.922007,30.718863,26.982939,28.316332,28.908903,24.939243,24.125917,20.536646,19.626066,15.326603,15.836066,11.614739,13.177599,10.789514,11.367291,14.796373,15.39526,14.462499,19.034801,20.658632,20.09453,22.07968,21.252329,25.93067,24.212345,30.104706,30.706484,32.031487,30.241692,25.826593,28.967722,22.81093,23.169554,25.924437,22.980663,18.305683,18.882572,23.068075,26.484297,26.792757,23.7294,28.622272,23.273865,26.474155,26.066559,27.381449
