,0,1,2,3,4,5,6,7,8,9,10,11,12,13,14,15,16,17,18,19,20,21,22,23,24,25,26,27,28,29,30,31,32,33,34,35,36,37,38,39,40,41,42,43,44,45,46,47,48,49,50,51,52,53,54,55,56,57,58,59,60,61,62,63,64,65,66,67,68,69,70,71,72,73,74,75,76,77,78,79,80,81,82,83,84,85,86,87,88,89,90,91,92,93,94,95,96,97,98,99,100,101,102,103,104,105,106,107,108,109
0,0.0,4.3176317,6.9890633,9.594982,12.437602,14.519678,17.20561,22.272276,24.496601,27.487337,31.444563,33.777843,34.227276,31.793894,26.764502,27.034933,23.514935,23.936224,18.925209,21.063955,19.211214,19.345798,19.150337,22.305744,24.33366,23.79784,24.90629,23.242992,26.795591,22.929447,30.066607,24.536972,30.697954,28.033844,30.109095,32.13332,29.48174,29.365198,25.762335,24.071548,28.428669,25.875969,30.112213,29.820456,25.956041,29.75059,26.066452,29.311852,28.853197,28.297068,31.484707,31.624397,36.62165,38.204445,39.388836,35.80947,35.840252,37.252876,41.73648,41.331493,37.34625,36.678295,42.183987,43.020798,46.588604,41.94798,39.85417,45.670303,42.262245,39.399696,41.14327,43.075428,40.11486,37.102936,39.761333,37.039062,39.631947,40.490665,38.43069,42.729893,38.989155,42.65594,43.96238,40.041878,36.218708,34.421246,30.8769,30.107006,25.548487,25.456833,26.620525,24.101866,20.473188,19.951845,17.204527,13.870121,16.93085,17.255392,22.022228,20.343616,26.06802,28.420975,31.062222,33.35966,30.812578,36.108597,30.746569,33.428818,33.241207,33.340034
1,4.3176317,0.0,4.649078,6.314533,8.495995,11.801873,13.562452,18.887661,21.008854,23.77283,27.978115,30.01829,30.603205,27.81961,22.724829,22.788319,19.244734,19.662663,14.845233,17.11291,15.726186,16.0279,16.424246,19.189999,20.878656,20.319855,20.949429,19.194794,22.59761,18.839954,26.010412,20.612122,27.024206,24.602749,26.927824,29.145693,26.90003,26.611584,22.732967,20.69782,25.005833,22.199724,26.311104,25.858196,22.172634,25.738665,22.3789,25.531063,25.390257,24.529835,27.613842,27.533743,32.56594,33.99476,35.3222,31.831495,31.677376,33.15792,37.559223,37.25719,33.329807,32.451164,37.947315,38.749836,42.365932,37.847,35.65441,41.50321,38.25687,35.37849,37.31679,39.1843,36.359978,33.157368,35.843494,32.903114,35.525364,36.25915,34.17571,38.48104,34.686287,38.420372,39.70737,35.847652,31.991957,30.31766,26.653574,26.177399,21.715797,21.809084,23.320604,21.248602,17.253298,17.476604,14.23302,10.527338,13.419502,13.1471815,18.058147,16.297518,21.911638,24.380568,27.050674,29.331549,26.777685,32.10434,26.68801,29.597944,29.417315,29.847614
2,6.9890633,4.649078,0.0,5.094641,7.009145,8.044492,11.622358,15.492811,18.283314,20.929556,24.952543,27.567034,28.682241,26.481083,21.345182,21.873611,18.851643,19.827389,16.247904,18.401503,18.165157,18.155502,19.456478,22.024668,23.125978,22.784925,22.465475,20.487524,23.080067,19.426346,25.583908,20.121544,26.069714,22.898762,25.676128,27.190832,25.260471,25.613224,21.47723,19.697474,24.722435,22.53242,26.300207,26.30526,23.522936,26.761692,24.382322,27.37772,27.755604,26.195776,29.059538,28.490229,33.562656,34.40901,36.294624,33.102184,32.24762,33.70055,37.9244,37.525684,33.534084,32.292274,37.42994,37.81889,41.505653,37.21069,34.44747,40.031536,36.5121,33.4701,34.865475,36.615833,33.48843,30.657045,33.14149,30.848606,33.42244,34.630016,32.848537,37.29675,34.00091,37.754333,39.55382,35.87778,32.00702,30.71978,26.849192,26.86867,22.836369,22.561108,24.462873,22.61339,18.020292,18.259499,14.47106,11.235181,12.699804,12.2579565,16.9474,14.234328,20.386639,22.106232,24.629505,27.074942,24.75314,30.369722,25.537949,28.452488,28.975647,29.42516
3,9.594982,6.314533,5.094641,0.0,3.7716563,6.580921,7.646864,13.59442,15.054945,18.372808,22.153164,24.30436,24.648912,22.468472,17.52678,18.489723,15.454636,17.456161,13.828223,16.961353,16.865385,17.848265,19.166199,20.761827,21.770725,20.7399,19.9929,17.360733,19.643011,15.490578,21.364365,15.660594,21.475296,18.544449,20.98046,22.914177,20.813759,20.803019,16.747473,14.905979,19.783386,17.756311,21.645914,21.987097,19.39013,23.023521,21.003456,24.702198,25.623617,24.390726,26.972244,25.88954,30.930445,31.512213,33.22977,29.959518,28.83973,29.857958,34.37155,33.45295,29.279541,28.62901,33.774376,34.466713,37.864304,33.135098,30.931063,36.590546,32.872738,30.059269,31.711603,33.86159,30.990383,28.045616,31.25078,28.424694,31.664194,32.41151,30.778528,35.352345,31.597929,35.87593,37.19254,33.83517,29.828909,28.924158,24.6332,25.66217,21.745007,22.338182,24.680655,23.574293,18.957466,20.3066,16.293581,12.605693,13.915221,11.658455,16.667122,12.9482975,18.9883,20.454575,22.674877,25.659485,23.62452,29.532043,24.675219,28.283892,28.68286,29.906544
4,12.437602,8.495995,7.009145,3.7716563,0.0,6.257424,5.376675,11.097362,12.727297,15.430095,19.688633,21.529158,22.355038,19.64624,14.498127,15.074364,12.099714,14.046595,11.293374,14.230599,15.031547,15.918754,17.93423,19.116886,19.578392,18.753857,17.309078,14.730624,16.59599,12.842598,18.577082,13.179705,19.363043,16.722414,19.683897,21.717117,20.365646,20.237787,15.825904,13.479776,18.282408,15.9201765,19.45057,19.499027,17.333073,20.375238,18.9479,22.194773,23.433079,21.687487,24.092863,22.790258,27.82079,28.19977,30.19418,27.127419,25.760462,26.984245,31.265406,30.634916,26.608044,25.449884,30.550175,31.080252,34.640892,30.218592,27.66361,33.352325,29.900595,26.976883,28.822855,30.762205,27.998312,24.80741,27.85829,24.879572,27.998274,28.718979,27.034384,31.598255,27.92565,32.157547,33.60735,30.275894,26.281654,25.506506,21.167303,22.444836,18.829412,19.431725,22.075998,21.435528,16.63887,18.573685,14.369133,10.955099,11.421417,8.348256,13.224405,9.288852,15.233376,16.82015,19.146048,22.006014,19.924707,25.818178,20.985518,24.726437,25.221907,26.685608
5,14.519678,11.801873,8.044492,6.580921,6.257424,0.0,6.4371176,8.38254,10.969024,14.075371,17.386644,20.518415,21.793335,20.70828,15.98769,17.770563,15.942013,18.695616,17.213629,19.846596,21.136583,21.656124,23.895487,25.270418,25.529325,24.85529,22.941395,20.236372,21.130651,17.555101,21.25145,15.923062,20.478725,16.353237,19.576197,20.179607,18.87612,19.98874,15.655636,14.392873,20.126945,19.250761,22.24537,23.275587,22.245966,25.105593,24.60023,27.835136,29.391344,27.28056,29.446627,27.71112,32.608665,32.299423,34.792446,32.067795,29.947767,30.888437,34.98245,33.94693,29.817642,28.604445,33.01815,33.04325,36.473072,32.202175,29.131409,34.2465,30.134212,27.10576,27.831686,29.799236,26.470776,24.18957,27.124012,25.372139,28.57239,30.013645,28.937761,33.642815,30.720245,34.97137,36.99455,34.026398,30.114086,29.848907,25.413784,27.183102,24.066484,24.19277,26.953207,26.225552,21.157663,22.547747,18.214909,15.444503,14.890575,12.416942,16.357119,11.209584,17.50625,17.458668,19.227985,22.536448,21.05577,27.28358,23.557247,27.14019,28.552958,29.878187
6,17.20561,13.562452,11.622358,7.646864,5.376675,6.4371176,0.0,7.8799915,7.7640038,11.289777,14.94133,16.707237,17.154444,15.123779,10.29617,12.2006855,10.302939,14.104388,13.112999,16.381319,18.025187,19.398438,21.723148,21.965574,21.915995,20.703571,18.196152,15.013083,15.342001,11.579659,14.993301,9.509839,14.645565,11.453119,14.670162,16.43793,15.520068,15.624638,11.010991,8.806757,14.160767,12.911378,15.859642,16.875679,16.212519,19.057087,19.171932,22.731363,24.857117,22.984892,24.755648,22.53619,27.306673,26.812185,29.094393,26.350035,24.04001,24.686378,28.98807,27.682821,23.477283,22.646164,27.248278,27.694454,30.9441,26.300533,23.828085,29.272924,25.321035,22.51665,24.11679,26.419994,23.697136,20.767752,24.499685,21.568523,25.415997,26.034624,24.892479,29.624454,26.012362,30.749325,32.106987,29.404182,25.398516,25.458721,20.707117,23.468204,20.623856,21.705894,24.8177,24.961105,20.16872,22.720694,18.461903,15.480878,14.955509,10.831733,14.641075,9.182162,14.497283,14.690044,16.259718,19.91248,18.576176,24.80465,20.791292,25.081942,26.03909,28.21637
7,22.272276,18.887661,15.492811,13.59442,11.097362,8.38254,7.8799915,0.0,5.208974,6.071426,9.831425,13.100089,15.97173,15.133551,11.087057,13.188114,13.291786,16.615198,18.12589,20.066645,22.983023,23.425652,26.614656,26.994112,26.166008,25.742546,22.343248,19.788265,18.747728,16.615543,17.305273,13.654171,16.68471,12.611079,16.91888,16.728077,17.560644,18.943968,14.523319,13.177165,18.367365,18.131136,19.513788,20.742573,21.701895,23.060804,24.588192,26.933374,29.379332,26.39578,27.725325,25.128065,29.493847,28.075077,31.353653,29.458622,26.233658,27.130981,30.446135,29.5509,25.82955,23.726274,27.177132,26.492025,29.970272,26.529547,22.475761,27.029234,23.005789,19.746218,20.052073,21.646387,18.216618,16.060938,18.870066,17.66855,20.971174,22.747986,22.276236,26.986343,24.831604,29.084373,31.578852,29.277288,25.630722,26.311144,21.879059,24.918657,23.18576,23.347137,26.656301,27.083534,22.09051,24.39864,20.162783,18.476418,16.128805,12.75844,14.373323,8.415605,12.790069,10.67232,11.601704,15.362745,14.788796,21.117117,18.843592,22.695534,24.952002,27.00246
8,24.496601,21.008854,18.283314,15.054945,12.727297,10.969024,7.7640038,5.208974,0.0,4.994171,7.222762,9.674695,11.17143,11.01912,7.803849,11.342087,12.153602,16.744177,18.4323,21.018522,23.81944,25.0106,27.945744,27.585474,26.744675,25.709887,22.027159,18.966478,17.183052,14.888218,13.7486515,10.36107,11.851234,7.457132,11.822763,11.7472315,12.990012,14.192312,9.9816885,8.982663,13.848919,14.608409,15.47433,17.537611,19.370495,20.874743,23.150814,26.070673,29.022366,26.5125,27.441366,24.301285,28.402143,26.564934,29.607674,27.751354,24.102104,24.286093,27.867226,26.1455,22.2081,20.979912,24.177525,23.866262,26.825098,22.731695,19.46348,24.00691,19.428247,16.531261,17.079546,19.505205,16.520765,14.370646,18.552006,16.592115,20.982424,21.997356,21.880455,26.62179,23.935555,28.815523,30.614532,28.849659,25.169338,26.365805,21.628836,25.744337,24.222065,25.205748,28.686678,29.588993,24.823292,27.687418,23.48631,21.386126,19.516783,15.333853,17.096579,11.155707,14.3822975,11.925494,11.9224205,16.38097,16.41372,22.614098,20.491125,24.897495,26.828548,29.548084
9,27.487337,23.77283,20.929556,18.372808,15.430095,14.075371,11.289777,6.071426,4.994171,0.0,5.377368,7.3830776,11.3946,10.546333,8.005527,10.375768,12.323049,16.076036,19.330694,20.99623,24.571774,25.304712,28.732578,28.205359,26.787415,26.259697,22.045877,19.582083,17.069288,16.13141,13.988898,12.3467,13.513695,10.453217,14.947018,14.606168,17.00437,18.064156,14.171656,12.855433,16.634731,16.932524,16.871073,18.278948,20.779978,21.060059,24.084335,25.958035,29.059175,25.884443,26.449053,23.168524,26.891375,24.597605,28.207096,26.93554,22.921648,23.509903,26.275854,25.247133,21.88828,19.462498,22.054047,21.03159,24.350939,21.343992,16.879704,21.075478,17.076101,13.746681,14.156503,15.7695055,12.641702,10.14731,13.731074,12.215581,16.250395,17.724922,17.850391,22.512278,20.598963,25.107199,27.491842,25.933458,22.550444,24.096138,19.722744,23.98333,23.299257,23.920067,27.476841,28.80394,24.230154,27.240978,23.300426,21.992628,19.276226,15.403791,15.600672,10.433031,11.711848,7.9612455,7.2617197,11.761918,12.343229,18.304197,17.183382,21.378222,23.817966,26.660063
10,31.444563,27.978115,24.952543,22.153164,19.688633,17.386644,14.94133,9.831425,7.222762,5.377368,0.0,4.965308,8.968309,11.137126,10.902257,14.160215,16.654581,20.878992,24.116976,26.057838,29.520588,30.492012,33.79909,33.07419,31.679857,30.886839,26.57523,23.889242,20.910072,19.9533,15.962731,15.081171,13.578209,10.101187,13.926844,11.979071,15.361273,17.137167,14.258602,14.151575,17.346828,19.10845,18.298885,20.654089,24.00688,24.30483,27.926151,30.093357,33.48333,30.52338,30.782387,27.157642,30.451822,27.57766,31.176666,30.218252,25.712868,25.613802,28.160515,26.361948,23.108597,21.368227,22.815046,21.576277,24.11986,21.177925,17.060104,20.062347,15.177369,12.316904,11.059765,13.324067,9.967776,9.377915,13.644117,13.38761,17.830166,19.298613,20.337822,24.67815,23.25853,27.841831,30.069447,29.257202,26.150108,28.226913,23.92892,28.73479,28.32466,29.129078,32.71326,34.1548,29.605253,32.593468,28.61702,27.196482,24.573807,20.694078,20.947475,15.7730255,16.745586,12.470508,10.599858,14.926373,16.453705,21.756985,21.704521,25.762049,28.425728,31.434704
11,33.777843,30.01829,27.567034,24.30436,21.529158,20.518415,16.707237,13.100089,9.674695,7.3830776,4.965308,0.0,5.9471526,7.5257893,9.359239,12.214586,15.532328,19.729694,23.676386,25.475489,29.110699,30.368507,33.649784,32.26928,30.587965,29.64388,25.020742,22.477276,18.732754,18.62217,12.884628,13.814066,11.068507,9.696412,12.993414,11.99078,16.059736,16.871765,14.529222,14.08308,15.619754,17.382303,15.507956,17.760975,21.99822,21.547226,26.009802,27.863695,31.595243,28.759642,28.50186,24.538279,27.274801,23.9528,27.50985,26.926485,22.071592,21.646063,23.852943,21.889128,18.957094,17.231276,18.091413,16.906057,19.21984,16.324469,12.283757,15.30991,10.3811245,7.5192127,7.4559884,10.302703,8.24051,6.559724,12.072736,10.41175,15.597638,16.09748,17.393116,21.529657,19.821617,24.675694,26.37128,26.092794,23.200632,25.756752,21.607275,27.098764,27.250465,28.530376,32.15846,34.151634,30.01403,33.482624,29.748001,28.406576,25.851421,21.658709,21.42694,16.97061,16.427885,12.388559,9.966256,14.0271225,15.922423,20.546225,20.7232,24.99474,27.303482,30.842375
12,34.227276,30.603205,28.682241,24.648912,22.355038,21.793335,17.154444,15.97173,11.17143,11.3946,8.968309,5.9471526,0.0,6.275737,9.767224,13.408987,16.278164,21.196127,24.221962,26.760052,29.76587,31.68643,34.450363,32.69525,31.36866,29.763014,25.443775,22.418941,18.737026,17.999054,11.271596,12.393251,6.9073753,6.712687,8.167158,7.654948,11.993559,12.158131,11.133049,11.48221,11.476772,14.63263,12.312055,15.711973,20.282116,20.517952,25.014362,27.766459,31.653336,29.658718,29.331907,25.228182,27.851439,24.653688,27.44382,26.548738,21.789347,20.389156,23.29664,20.032465,16.628746,16.884975,17.835604,17.785637,19.080158,14.57548,13.017267,16.133202,10.539923,9.283891,10.145674,14.04305,13.110636,11.801627,17.533117,14.938375,20.448374,19.958607,21.058414,25.038708,22.336586,27.688112,28.301014,28.251083,25.238579,27.780949,23.387707,29.238037,29.002157,30.957817,34.556854,36.5436,32.49874,36.148785,32.33428,30.388365,28.55772,23.943905,24.616438,19.89617,20.024889,16.922937,15.036718,19.136671,20.620905,25.296196,24.65119,29.271633,30.948866,34.713844
13,31.793894,27.81961,26.481083,22.468472,19.64624,20.70828,15.123779,15.133551,11.01912,10.546333,11.137126,7.5257893,6.275737,0.0,5.299596,7.71761,10.925393,15.478785,19.04121,21.23447,24.422491,26.36842,29.178333,27.08848,25.518345,24.014631,19.497232,16.743067,12.68063,12.765293,5.5404077,8.226352,5.4369216,7.831532,10.174725,12.200707,15.212264,14.158153,11.951095,10.451638,9.854058,10.809797,8.2173395,10.369042,15.096091,14.612078,19.396338,21.661787,25.60333,23.510044,23.070936,18.952965,21.683159,18.736782,21.54691,20.500013,15.83679,14.943306,18.135853,15.6498785,12.039617,11.359624,13.778421,14.207438,16.51397,11.762541,9.739957,14.838349,10.854832,8.8930025,12.297025,15.187243,14.610903,11.282923,16.639324,12.184087,17.591724,16.403719,16.636713,20.78787,17.160152,22.741415,23.060156,22.548775,19.324413,21.698322,17.255188,23.205603,23.119804,25.334919,28.887165,31.155275,27.485626,31.434408,27.92566,26.164692,24.41905,19.748518,20.056734,16.265272,15.412445,13.436635,12.214736,15.860581,16.717972,21.216671,19.708675,24.503515,25.609755,29.55148
14,26.764502,22.724829,21.345182,17.52678,14.498127,15.98769,10.29617,11.087057,7.803849,8.005527,10.902257,9.359239,9.767224,5.299596,0.0,4.459136,6.6267385,11.667054,14.678142,17.05476,20.209852,21.94874,24.856789,23.31982,21.978655,20.669594,16.363976,13.40511,10.309602,9.314653,6.2689295,5.081589,7.613542,7.6070523,11.213722,13.524539,15.337075,14.5185585,10.863032,8.310755,10.146064,9.428361,9.144381,10.31321,13.200839,13.607061,17.07334,19.575214,23.07216,20.737314,21.027988,17.410772,21.14651,19.145267,21.98106,20.23891,16.379215,16.494835,20.178581,18.624435,14.758663,13.359391,17.220406,17.580172,20.670036,16.251781,13.578843,19.13452,15.581785,12.949011,15.803512,18.175596,16.624804,12.89781,17.534266,13.224722,18.029755,17.549387,16.945557,21.546713,17.726734,23.089529,23.945637,22.361145,18.647882,20.165138,15.331925,20.458155,19.570276,21.495888,25.064358,26.876963,22.866985,26.630226,22.94329,21.026518,19.373003,14.636302,15.532382,11.302303,11.6988735,10.54583,10.562561,14.425579,14.305886,19.721731,17.029373,21.926317,22.966902,26.485788
15,27.034933,22.788319,21.873611,18.489723,15.074364,17.770563,12.2006855,13.188114,11.342087,10.375768,14.160215,12.214586,13.408987,7.71761,4.459136,0.0,4.0631104,7.8769016,12.235193,13.780677,17.427305,18.970438,22.097048,20.243439,18.4552,17.50253,12.808624,10.5047865,6.8939304,7.7011013,6.347298,6.801674,10.841721,11.989351,15.23054,17.89154,19.611338,18.413834,14.82393,11.85528,12.846525,10.464539,10.142748,9.281543,11.693401,10.849683,14.491352,15.9593,19.477453,16.719748,16.847433,13.246141,17.085022,15.353758,18.368778,16.673279,13.068027,14.085548,17.463837,17.065853,13.71406,10.997563,15.617619,16.030043,19.698076,15.979319,12.945938,18.923227,16.67981,14.010027,17.635279,19.256748,18.131464,13.730303,17.424534,12.312538,16.33072,15.408997,14.029203,18.534416,14.24311,19.469093,20.272749,18.242651,14.404941,15.724223,10.878555,16.102074,15.603585,17.664042,21.227623,23.441057,19.863884,23.93147,20.659348,19.205282,17.422863,12.905546,12.874917,10.313742,8.860425,9.242548,9.990204,12.701224,11.964696,16.805208,13.448505,18.392382,18.95933,22.664122
16,23.514935,19.244734,18.851643,15.454636,12.099714,15.942013,10.302939,13.291786,12.153602,12.323049,16.654581,15.532328,16.278164,10.925393,6.6267385,4.0631104,0.0,5.4361343,8.323686,10.488861,13.715066,15.481848,18.396656,16.777597,15.395568,14.272865,10.044221,7.2888436,5.508351,4.626017,8.271541,6.275555,12.566177,13.268784,16.28596,19.415438,20.179422,18.765345,14.882397,11.52709,13.089161,9.537521,10.887419,9.42138,9.607581,9.997887,11.884565,13.967637,17.004366,14.563631,15.443247,12.550787,17.120455,16.543152,18.921059,16.456924,14.024293,15.366572,19.283184,19.073067,15.52059,13.453295,18.749071,19.566437,23.19719,19.168112,16.78396,22.848124,20.610256,18.00962,21.490765,23.187834,21.789705,17.485273,20.923151,16.041933,19.575165,18.810797,16.945759,21.321682,16.749071,21.625032,22.243546,19.523933,15.482547,15.785472,10.862341,14.91606,13.270094,15.508221,18.952736,20.733189,17.05311,21.071733,17.748447,15.864791,14.747518,10.109947,11.234047,8.953233,9.130993,11.086318,12.753654,15.202559,13.636376,18.626032,14.059521,18.846624,18.845793,22.119305
17,23.936224,19.662663,19.827389,17.456161,14.046595,18.695616,14.104388,16.615198,16.744177,16.076036,20.878992,19.729694,21.196127,15.478785,11.667054,7.8769016,5.4361343,0.0,6.394535,6.150779,10.37658,11.455535,14.812727,13.065798,10.992554,10.88047,6.4324517,5.894412,5.8342586,7.403276,12.399324,11.523657,17.68751,18.67304,21.68334,24.816776,25.576397,24.092688,20.223354,16.82209,18.075703,13.8704605,15.142386,12.329108,11.178343,10.23148,10.870152,10.874107,13.294471,9.905774,11.1603155,9.236049,14.145301,14.681229,16.97867,14.500886,13.3475065,15.932068,19.087776,20.385513,17.70049,14.568548,20.039589,20.738825,24.769526,21.729954,19.04945,25.009249,23.892448,21.262684,24.996534,25.984945,24.795092,20.22008,22.488348,17.547894,19.72147,18.85662,16.155132,19.993612,15.413123,19.345661,20.085722,16.480396,12.489073,11.624172,7.188617,9.693572,7.9133587,10.250148,13.673979,15.862397,12.825104,17.18209,14.608406,13.576291,12.418551,8.890193,8.577726,9.684664,8.0495825,12.08504,14.449376,15.337296,12.913564,16.721428,11.047613,15.316598,14.398165,17.503899
18,18.925209,14.845233,16.247904,13.828223,11.293374,17.213629,13.112999,18.12589,18.4323,19.330694,24.116976,23.676386,24.221962,19.04121,14.678142,12.235193,8.323686,6.394535,0.0,4.4158816,5.5992,7.980928,10.229903,9.15875,8.856474,7.7823405,6.2536263,4.8519874,8.900079,7.2551923,15.363786,12.495834,19.599024,20.096315,22.534817,26.09489,25.641361,23.92536,20.112871,16.735643,18.391,13.687532,16.599096,14.060444,10.297758,11.950832,9.157191,11.164055,12.184245,10.648762,13.2168255,12.730071,17.747551,19.407455,20.516102,17.110481,17.294077,19.36223,23.345896,24.010078,20.838165,19.221584,25.069359,26.31672,29.993698,26.075583,24.335981,30.454304,28.74206,26.229198,29.773499,31.269234,29.744608,25.402185,28.125877,23.40851,25.900557,25.182085,22.546633,26.34482,21.592741,25.418016,25.688454,21.900219,18.05417,16.404125,12.667888,13.145901,9.159303,11.572851,14.131267,14.916835,11.817461,15.580873,12.929148,10.532445,11.542411,8.502035,11.098602,11.61812,13.073397,17.005346,19.576683,21.026539,18.420242,22.605202,16.57661,20.282076,18.91032,21.046003
19,21.063955,17.11291,18.401503,16.961353,14.230599,19.846596,16.381319,20.066645,21.018522,20.99623,26.057838,25.475489,26.760052,21.23447,17.05476,13.780677,10.488861,6.150779,4.4158816,0.0,4.7626786,5.3533225,8.750177,7.710584,6.190552,7.0503993,5.602717,6.911033,10.28228,10.5560875,17.705122,15.829178,22.672855,23.336334,26.095142,29.458797,29.436327,27.842297,23.932707,20.513512,22.052717,17.331635,19.60198,16.517803,13.238787,13.341171,10.817929,10.392855,10.706711,7.8931394,10.82462,11.315976,16.129543,18.290094,19.56571,16.53264,17.2539,20.072865,23.251446,24.941965,22.406845,19.815538,25.478474,26.423271,30.39691,27.322966,25.065636,31.014547,30.016146,27.404848,31.05285,32.003887,30.619019,26.120838,28.028164,23.401062,24.979746,24.305288,21.286125,24.644053,20.229933,23.23754,23.793627,19.550547,15.993201,13.611814,10.8087435,9.439768,4.9958944,7.23728,9.766321,11.022338,8.5611725,12.7671385,10.969004,9.915911,10.389094,8.740913,9.506954,12.348104,12.283464,16.976582,19.789045,20.257046,17.297281,20.51609,14.190691,17.203068,15.264365,17.097626
20,19.211214,15.726186,18.165157,16.865385,15.031547,21.136583,18.025187,22.983023,23.81944,24.571774,29.520588,29.110699,29.76587,24.422491,20.209852,17.427305,13.715066,10.37658,5.5992,4.7626786,0.0,3.794095,4.790219,4.182292,5.192257,5.2389555,7.39666,8.50574,13.110287,12.350543,20.425793,17.953802,24.974588,25.64813,27.912897,31.595156,30.895632,29.04976,25.386204,22.070509,23.449041,18.530176,21.460358,18.414965,13.854642,15.095666,10.609683,11.09884,10.007178,9.337248,12.70951,14.070491,18.58161,21.429071,21.817179,18.30053,19.952951,22.443241,26.00536,27.39705,24.739721,23.045712,28.913115,30.275639,33.991417,30.446999,28.890472,34.941154,33.757927,31.299381,34.99711,36.23959,34.808994,30.368155,32.585697,27.88937,29.692577,28.89519,25.88606,29.143019,24.488018,27.466099,27.51627,23.276556,19.895815,17.226753,14.860644,12.904036,8.16811,10.226682,11.419987,11.500359,9.981211,13.198591,11.977862,10.193802,12.443118,11.514445,13.515749,15.819513,16.835989,21.376251,24.18168,24.925236,21.97049,25.23663,18.881912,21.589346,19.30948,20.601007
21,19.345798,16.0279,18.155502,17.848265,15.918754,21.656124,19.398438,23.425652,25.0106,25.304712,30.492012,30.368507,31.68643,26.36842,21.94874,18.970438,15.481848,11.455535,7.980928,5.3533225,3.794095,0.0,4.2084284,5.900695,6.1358323,8.052134,9.691153,11.353918,15.412184,15.092307,22.81954,20.392162,27.463156,27.75608,30.428062,33.781273,33.268738,31.742228,27.808146,24.491407,26.362167,21.582327,24.343235,21.309958,17.22273,17.905647,14.007143,13.406382,11.931251,10.232187,13.69731,15.509898,19.849806,22.731882,23.502993,20.36307,21.963228,24.84087,27.929625,29.821608,27.371677,24.997112,30.672474,31.64299,35.628277,32.590843,30.404177,36.323994,35.33544,32.664955,36.161827,37.046947,35.459663,31.057673,32.66412,28.36512,29.54151,29.123709,25.979856,29.067804,24.955198,27.33058,27.950228,23.429405,20.270998,17.243233,15.473903,12.21216,7.446681,7.943573,8.560031,7.8726945,6.5653486,9.580345,9.059121,8.328638,10.449893,10.969159,12.230199,15.695201,16.504831,21.30895,24.346659,24.567,21.35643,24.210514,17.831892,19.823639,17.494238,18.048203
22,19.150337,16.424246,19.456478,19.166199,17.93423,23.895487,21.723148,26.614656,27.945744,28.732578,33.79909,33.649784,34.450363,29.178333,24.856789,22.097048,18.396656,14.812727,10.229903,8.750177,4.790219,4.2084284,0.0,4.59715,6.961506,8.111732,11.622405,13.213833,17.814476,17.078455,25.21221,22.599861,29.672688,30.14165,32.388092,36.02234,35.06237,33.283592,29.623852,26.397257,27.950958,23.05423,26.137697,23.06369,18.239384,19.493101,14.503054,14.3431015,11.92198,11.915373,15.407926,17.721687,21.748554,25.121868,25.185118,21.75021,24.050455,26.690542,29.997646,31.713524,29.260344,27.532717,33.347992,34.676304,38.442715,35.08728,33.49551,39.493755,38.45928,35.949448,39.579388,40.6827,39.153526,34.74037,36.619766,32.138332,33.51673,32.877743,29.719584,32.69915,28.310575,30.702593,30.819342,26.351938,23.333067,20.165085,18.64734,15.309253,10.70007,11.600977,11.328544,10.045763,10.0500555,11.872129,12.009185,10.825183,13.897986,14.491452,16.344965,19.3268,20.537348,25.255642,28.232029,28.641453,25.483131,28.311462,21.929777,23.8389,21.219088,21.586971
23,22.305744,19.189999,22.024668,20.761827,19.116886,25.270418,21.965574,26.994112,27.585474,28.205359,33.07419,32.26928,32.69525,27.08848,23.31982,20.243439,16.777597,13.065798,9.15875,7.710584,4.182292,5.900695,4.59715,0.0,3.502862,3.8608203,8.26542,10.451873,14.934007,14.925293,22.630758,20.863604,27.583323,28.856321,30.811607,34.765312,34.079414,31.914658,28.55408,25.239239,25.881378,20.784224,23.440987,19.938719,15.1153555,15.811692,10.682411,9.992878,7.4097743,8.286447,11.594568,14.021828,17.789085,21.400867,21.00501,17.456547,20.186834,22.771236,26.019411,27.81665,25.63963,24.136189,29.939947,31.57984,35.12177,31.784931,30.726273,36.680775,35.996613,33.767513,37.78233,38.94635,37.83896,33.27108,35.38931,30.41964,31.986452,30.783594,27.61058,30.383387,25.571268,28.1259,27.582298,23.32428,20.376398,17.314178,15.9017725,13.152805,8.980786,11.370789,11.569301,11.955301,12.210051,15.108904,14.948324,13.750831,16.05589,15.512433,16.869062,19.709538,19.942232,24.62448,27.32726,27.729353,24.801815,27.339846,21.05007,23.340607,20.386946,21.579699
24,24.33366,20.878656,23.125978,21.770725,19.578392,25.529325,21.915995,26.166008,26.744675,26.787415,31.679857,30.587965,31.36866,25.518345,21.978655,18.4552,15.395568,10.992554,8.856474,6.190552,5.192257,6.1358323,6.961506,3.502862,0.0,3.6344872,6.222745,9.375604,13.144961,14.172312,21.17343,20.114809,26.623487,28.134874,30.329782,34.16893,33.977047,31.870275,28.419538,25.008724,25.495813,20.414183,22.514595,18.742588,14.656677,14.246788,10.207346,7.9655147,5.8690786,4.999249,8.457948,11.075927,14.819509,18.412176,18.334122,15.091508,17.70327,20.663044,23.47019,25.748669,23.882807,21.750525,27.394066,28.848124,32.518353,29.648907,28.286371,34.1139,33.811577,31.577606,35.690174,36.593243,35.670643,31.023748,32.847595,27.82788,29.08806,27.775017,24.510815,27.084417,22.370422,24.702303,24.241081,19.90011,17.03313,13.851975,12.75421,9.708763,5.876965,8.820405,9.387643,10.944715,11.318631,14.864554,14.717221,14.124488,15.503062,14.774452,15.142971,18.526152,17.726713,22.504,25.132334,25.15676,22.267492,24.33626,18.15608,20.370218,17.247799,18.777933
25,23.79784,20.319855,22.784925,20.7399,18.753857,24.85529,20.703571,25.742546,25.709887,26.259697,30.886839,29.64388,29.763014,24.014631,20.669594,17.50253,14.272865,10.88047,7.7823405,7.0503993,5.2389555,8.052134,8.111732,3.8608203,3.6344872,0.0,5.0631924,7.349103,11.598766,12.052138,19.293892,18.10876,24.48894,26.277243,28.045162,32.15321,31.715616,29.342983,26.186758,22.846334,22.887287,17.739662,20.045856,16.337126,11.675551,12.01018,7.007806,6.4722495,5.078254,6.2569304,9.126494,10.862848,14.776557,18.1715,17.68348,13.958167,16.550352,18.97498,22.401077,24.00116,21.83048,20.538517,26.370533,28.21501,31.587122,28.113235,27.39864,33.34532,32.72881,30.68974,34.90344,36.18829,35.336063,30.725767,33.15092,27.874315,29.782166,28.225134,25.171766,27.987036,22.827412,25.81719,24.884016,20.923523,17.817307,15.203712,13.330724,11.9609375,8.366903,11.82321,12.891945,14.278098,13.909984,17.492973,16.696238,15.273097,16.942797,15.340999,16.515343,18.78606,18.489319,22.907402,25.326235,25.926859,23.280922,25.899261,19.806883,22.652994,19.827406,21.816515
26,24.90629,20.949429,22.465475,19.9929,17.309078,22.941395,18.196152,22.343248,22.027159,22.045877,26.57523,25.020742,25.443775,19.497232,16.363976,12.808624,10.044221,6.4324517,6.2536263,5.602717,7.39666,9.691153,11.622405,8.26542,6.222745,5.0631924,0.0,3.8746727,6.953749,8.669313,14.995249,14.521246,20.64564,22.60562,24.700243,28.595959,28.779884,26.566858,23.27032,19.850462,19.845993,14.857732,16.489761,12.668368,9.337827,8.417721,6.070667,5.1695747,7.076188,5.282027,7.2150993,7.0395474,11.81434,14.249546,14.740811,11.300264,12.560558,15.212221,18.61041,20.225475,17.964281,15.968951,21.80261,23.407917,26.957281,23.656218,22.479048,28.434738,27.856018,25.754812,30.002472,31.183681,30.444742,25.7952,28.239773,22.860397,24.91418,23.286045,20.339333,23.388601,18.150572,21.615622,20.951654,17.166307,13.643527,11.702277,8.772878,9.366621,6.720271,10.6496,12.942044,15.225533,13.847873,18.095715,16.56781,15.322663,15.75696,13.187897,13.62157,15.513716,14.295665,18.454033,20.650055,21.284792,18.879793,21.633759,15.8079405,19.260298,16.933216,19.731232
27,23.242992,19.194794,20.487524,17.360733,14.730624,20.236372,15.013083,19.788265,18.966478,19.582083,23.889242,22.477276,22.418941,16.743067,13.40511,10.5047865,7.2888436,5.894412,4.8519874,6.911033,8.50574,11.353918,13.213833,10.451873,9.375604,7.349103,3.8746727,0.0,4.9501514,4.91104,12.193201,10.918354,17.298527,19.091845,21.04491,25.02408,24.998255,22.761322,19.478014,16.073877,16.19527,11.190179,13.307996,9.983578,6.3798485,7.1294856,5.315792,7.7440104,10.214355,9.144516,10.6613,9.205884,14.035978,15.50028,16.249872,12.723514,12.8179,14.671406,18.848906,19.38819,16.37531,15.116588,21.085506,22.79413,26.169765,22.124743,21.1478,27.264933,25.954794,23.848646,27.928062,29.53696,28.606329,24.109238,27.19264,21.845123,24.668102,23.17988,20.623816,24.188633,18.862835,23.073694,22.517672,19.181442,15.363374,14.266238,10.31921,12.46997,9.766614,13.258044,15.931061,17.754013,15.409617,19.553413,17.237036,15.250199,15.711735,12.218959,13.664369,13.943858,13.779994,17.29811,19.310757,20.769402,18.634947,22.338287,16.747036,20.806795,19.191746,22.146479
28,26.795591,22.59761,23.080067,19.643011,16.59599,21.130651,15.342001,18.747728,17.183052,17.069288,20.910072,18.732754,18.737026,12.68063,10.309602,6.8939304,5.508351,5.8342586,8.900079,10.28228,13.110287,15.412184,17.814476,14.934007,13.144961,11.598766,6.953749,4.9501514,0.0,4.8720293,8.11543,8.949092,14.114228,16.645468,18.70968,22.499474,23.343609,21.15531,18.074503,14.783635,14.182167,9.804038,10.28026,6.7415366,6.6272817,4.811009,7.9149303,9.283674,12.989213,11.142158,11.241807,7.9353266,12.284614,12.224231,13.825482,11.047683,9.212837,10.869608,14.968031,15.296368,12.270917,10.376189,16.289154,17.92184,21.300575,17.366753,16.215685,22.323647,21.186237,19.2082,23.53969,25.104523,24.558678,20.011919,23.301044,17.647198,20.833914,18.965162,16.724522,20.378271,14.915181,19.7307,19.111362,16.4548,12.557542,12.769901,8.193003,12.801818,11.830764,15.1406,18.240084,20.731464,18.221767,22.586828,20.063437,18.472782,17.883945,13.862086,14.219267,13.819247,12.2249775,14.806251,16.164621,17.727854,16.231035,19.788702,15.116142,19.619064,18.556965,22.238781
29,22.929447,18.839954,19.426346,15.490578,12.842598,17.555101,11.579659,16.615543,14.888218,16.13141,19.9533,18.62217,17.999054,12.765293,9.314653,7.7011013,4.626017,7.403276,7.2551923,10.5560875,12.350543,15.092307,17.078455,14.925293,14.172312,12.052138,8.669313,4.91104,4.8720293,0.0,8.522444,6.061214,12.690698,14.264992,16.165745,20.143059,20.118671,17.944826,14.618872,11.221239,11.567897,6.8260655,9.350092,7.319992,5.351611,7.65622,8.264261,11.960442,14.918966,13.834506,14.870413,12.333101,16.868418,17.042847,18.305082,15.132631,13.636269,14.458284,19.148148,18.418825,14.601044,14.089745,19.81377,21.46122,24.582853,19.81433,18.91454,25.045877,22.82683,20.728653,24.50793,26.606337,25.488937,21.276686,25.110971,19.938644,23.657574,22.367643,20.426373,24.4834,19.308554,24.241016,23.916285,21.224264,17.25814,17.179752,12.526075,16.157526,13.8761015,16.880945,19.93314,21.54873,18.358023,22.33905,19.270908,16.814388,16.864035,12.455145,14.528644,12.673881,13.463625,15.710033,17.248001,19.698164,18.115387,22.726015,17.821573,22.427952,21.70497,24.903091
30,30.066607,26.010412,25.583908,21.364365,18.577082,21.25145,14.993301,17.305273,13.7486515,13.988898,15.962731,12.884628,11.271596,5.5404077,6.2689295,6.347298,8.271541,12.399324,15.363786,17.705122,20.425793,22.81954,25.21221,22.630758,21.17343,19.293892,14.995249,12.193201,8.11543,8.522444,0.0,5.9182897,6.576044,10.485792,11.947346,15.564126,17.296305,15.135777,12.902016,10.451073,8.431653,6.980434,4.3434057,4.8823657,9.795362,9.247546,14.095381,16.649252,20.635202,19.15366,18.708809,14.700314,17.6287,15.4765,17.503466,15.796542,11.751442,10.882838,15.145525,12.854133,8.676453,8.754436,13.162234,14.809477,17.252958,11.915228,11.513567,17.36229,14.758577,13.254136,17.42168,19.929699,19.642561,15.752025,20.483727,15.113155,19.891922,17.98717,17.227825,21.169449,16.330843,21.993097,21.401695,20.361946,16.891113,18.72706,14.204445,20.030323,19.622952,22.477722,25.83591,28.20975,25.019232,29.192226,26.002605,24.050987,22.981003,18.29346,18.952444,16.138622,15.162963,15.025731,14.845155,17.803535,17.750551,21.93932,19.113634,23.982605,24.116783,28.1159
31,24.536972,20.612122,20.121544,15.660594,13.179705,15.923062,9.509839,13.654171,10.36107,12.3467,15.081171,13.814066,12.393251,8.226352,5.081589,6.801674,6.275555,11.523657,12.495834,15.829178,17.953802,20.392162,22.599861,20.863604,20.114809,18.10876,14.521246,10.918354,8.949092,6.061214,5.9182897,0.0,7.2347293,8.227619,10.344876,14.107099,14.4791565,12.625087,9.156458,5.882774,6.959115,4.7269535,6.496642,7.7340436,9.2736,11.37795,13.767092,17.525915,20.827852,19.493183,20.111628,16.848299,20.862633,19.720207,21.5786,19.064695,16.095358,15.850866,20.479057,18.450405,14.088371,14.269737,18.98547,20.294926,22.989754,17.666943,16.670628,22.447008,19.025463,16.969593,20.126257,22.826933,21.49022,17.858822,22.554901,17.921553,22.586853,21.637018,20.60612,25.0086,20.393192,25.82446,25.86538,23.983322,20.110651,21.0364,16.128334,20.801413,19.08213,21.604265,24.940176,26.484205,22.679327,26.44044,22.822355,20.252972,19.66186,14.826807,16.936106,13.035277,14.482883,14.716837,15.335798,18.886566,18.198736,23.489872,19.78024,24.681612,24.944391,28.33726
32,30.697954,27.024206,26.069714,21.475296,19.363043,20.478725,14.645565,16.68471,11.851234,13.513695,13.578209,11.068507,6.9073753,5.4369216,7.613542,10.841721,12.566177,17.68751,19.599024,22.672855,24.974588,27.463156,29.672688,27.583323,26.623487,24.48894,20.64564,17.298527,14.114228,12.690698,6.576044,7.2347293,0.0,5.539423,5.622007,9.286285,11.229359,9.25683,8.01243,7.204993,4.9228115,7.9947624,5.8403087,9.87016,14.025539,15.139326,19.103024,22.640833,26.427708,25.241165,25.102255,21.214375,24.148743,21.792826,23.712942,22.042217,18.002357,16.3585,20.47433,16.893164,12.614036,14.263705,17.046787,18.354258,19.841532,13.926652,14.124569,18.80183,14.399316,13.314737,16.060078,19.563087,18.869226,16.212534,21.769823,17.603605,23.01938,21.758646,21.830826,25.914091,21.808887,27.493032,27.199852,26.567194,23.189613,25.154043,20.526007,26.18692,25.334846,27.922035,31.357079,33.268024,29.520523,33.349552,29.683249,27.272152,26.288986,21.442348,22.912952,18.600138,19.182308,17.760046,16.97725,20.899275,21.391527,26.259295,24.039831,28.95246,29.690254,33.495586
33,28.033844,24.602749,22.898762,18.544449,16.722414,16.353237,11.453119,12.611079,7.457132,10.453217,10.101187,9.696412,6.712687,7.831532,7.6070523,11.989351,13.268784,18.67304,20.096315,23.336334,25.64813,27.75608,30.14165,28.856321,28.134874,26.277243,22.60562,19.091845,16.645468,14.264992,10.485792,8.227619,5.539423,0.0,4.5376062,6.159767,7.8914213,7.837607,4.874897,5.104888,7.6928983,10.668076,10.528897,14.080227,17.017384,18.831413,21.87229,25.580734,29.017931,27.429478,27.839512,24.223166,27.768179,25.606474,27.961493,26.10631,22.202774,21.181356,25.19929,22.119768,17.889439,18.57185,21.38809,21.963663,23.88257,18.595444,17.363493,21.761978,16.686172,14.886467,16.174715,19.682262,17.879738,15.850015,21.266424,18.240028,23.545544,23.317158,23.498484,27.961533,24.469702,29.961813,30.54873,29.49858,25.917631,27.59483,22.753113,27.864975,26.534763,28.522686,32.017128,33.38751,29.07334,32.448994,28.423153,25.890951,24.735277,20.03947,21.999691,16.677122,18.707508,16.65509,15.984104,20.437803,20.886929,26.502462,24.363928,29.173595,30.475204,33.839558
34,30.109095,26.927824,25.676128,20.98046,19.683897,19.576197,14.670162,16.91888,11.822763,14.947018,13.926844,12.993414,8.167158,10.174725,11.213722,15.23054,16.28596,21.68334,22.534817,26.095142,27.912897,30.428062,32.388092,30.811607,30.329782,28.045162,24.700243,21.04491,18.70968,16.165745,11.947346,10.344876,5.622007,4.5376062,0.0,4.9556875,5.705411,4.1464496,4.4933147,6.4115314,6.141698,10.811142,10.360466,14.634392,17.650875,19.883436,22.870544,27.089045,30.574911,29.628962,29.89353,26.245428,29.481125,27.347912,29.144127,27.217508,23.4678,21.743023,25.988148,22.082054,17.799911,19.881725,22.38833,23.513634,24.677877,18.787218,19.062967,23.06245,17.909393,16.950714,18.307707,22.182251,20.90884,19.21812,24.857788,21.653433,27.122017,26.43147,26.718723,30.955952,27.154377,32.792454,32.75232,32.01506,28.532574,30.287378,25.50842,30.793522,29.389692,31.764547,35.171894,36.582325,32.458862,35.900608,31.940845,29.141146,28.43139,23.67979,25.927338,20.787708,22.754694,20.96007,20.191786,24.545666,25.063007,30.450968,28.234251,33.117844,34.12405,37.636505
35,32.13332,29.145693,27.190832,22.914177,21.717117,20.179607,16.43793,16.728077,11.7472315,14.606168,11.979071,11.99078,7.654948,12.200707,13.524539,17.89154,19.415438,24.816776,26.09489,29.458797,31.595156,33.781273,36.02234,34.765312,34.16893,32.15321,28.595959,25.02408,22.499474,20.143059,15.564126,14.107099,9.286285,6.159767,4.9556875,0.0,4.8740535,6.734636,7.2894335,9.861588,11.061973,15.490144,14.814152,18.98244,22.246738,24.156103,27.358377,31.294264,34.809807,33.435177,33.70064,29.948368,33.156197,30.63356,32.885357,31.268227,27.141108,25.525488,29.292536,25.463144,21.48107,22.971392,24.688461,25.155382,26.18818,20.951265,20.452526,23.567585,17.854105,16.888645,16.797771,20.759283,19.104431,18.508179,24.009907,21.967516,27.367308,27.261452,28.058977,32.292316,29.24506,34.713207,35.217148,34.703915,31.338234,33.329723,28.581165,33.90725,32.685104,34.662235,38.165375,39.481068,35.07636,38.302975,34.178196,31.556759,30.422903,25.8502,27.85751,22.29002,24.412722,21.712868,20.479448,24.988512,25.959417,31.40156,29.955832,34.67212,36.249477,39.64466
36,29.48174,26.90003,25.260471,20.813759,20.365646,18.87612,15.520068,17.560644,12.990012,17.00437,15.361273,16.059736,11.993559,15.212264,15.337075,19.611338,20.179422,25.576397,25.641361,29.436327,30.895632,33.268738,35.06237,34.079414,33.977047,31.715616,28.779884,24.998255,23.343609,20.118671,17.296305,14.4791565,11.229359,7.8914213,5.705411,4.8740535,0.0,4.020093,5.5578723,8.987883,10.840955,15.140488,15.707255,19.82863,21.970272,24.858953,27.047714,31.618107,34.788418,33.890053,34.542168,31.133696,34.69701,32.76313,34.60323,32.472782,28.92685,27.34839,31.666676,27.771357,23.473207,25.46863,27.948198,28.824047,29.984499,24.28182,24.220627,27.8576,22.323835,21.254293,21.517132,25.403234,23.530537,22.604362,28.022789,25.700054,31.038582,30.929977,31.31663,35.71366,32.214344,37.762306,38.088444,37.14783,33.54894,35.081287,30.193436,35.05707,33.198036,35.25305,38.603065,39.50854,35.056843,38.0373,33.864544,30.826275,30.30839,25.843222,28.664248,22.977098,26.08752,24.05208,23.39704,27.96122,28.42871,34.215767,32.002186,36.769505,38.052284,41.216255
