,0,1,2,3,4,5,6,7,8,9,10,11,12,13,14,15,16,17,18,19,20,21,22,23,24,25,26,27,28,29,30,31,32,33,34,35,36,37,38,39,40,41,42,43,44,45,46,47,48,49,50,51,52,53,54,55,56,57,58,59,60,61,62,63,64,65,66,67,68,69,70,71,72,73,74,75,76,77,78,79,80,81,82,83,84,85,86,87,88,89,90,91,92,93,94,95,96,97,98,99,100,101,102,103,104,105,106,107,108
0,0.0,4.307232,6.3904915,9.703458,12.300974,14.525614,18.085733,21.383924,24.76822,27.134466,30.919483,30.616886,26.829409,26.09256,21.096334,21.678497,17.085417,18.726097,16.668879,17.360044,20.139643,17.633522,23.230913,26.203264,27.943798,27.755373,31.79204,31.635162,25.273014,27.6135,24.506535,27.23558,28.985413,26.625074,30.452963,30.039286,33.87466,35.36179,31.979744,29.682161,33.78384,32.035645,31.558424,32.96379,31.541021,32.78471,30.915142,33.274517,30.382856,35.61436,32.806866,34.077763,36.288094,33.31813,28.699339,28.251028,26.336084,27.791574,23.69695,25.821365,28.14243,29.831455,30.896076,34.710785,38.238266,38.923405,36.804134,37.036358,42.14604,42.193092,38.498886,42.033928,38.80016,44.79424,41.398163,42.201767,44.27849,41.76651,42.91641,43.179737,40.625362,38.83249,34.472187,32.760586,29.948496,28.719757,26.071938,23.828676,21.482101,22.250727,19.15485,21.459198,16.361423,13.910601,12.97244,15.089497,15.165958,20.01114,19.292929,23.259813,25.019812,26.116066,28.862593,27.64614,31.63656,29.58915,33.828045,33.68669,38.22243
1,4.307232,0.0,5.270328,6.684888,8.902341,12.29744,14.760512,19.05783,21.803759,24.597214,28.146305,28.389107,24.964718,23.940779,18.987469,18.75575,14.1996355,15.088341,13.137783,13.201753,16.142342,13.867013,19.522676,22.193518,24.062387,23.760912,27.61401,27.371824,20.974312,23.432215,20.381456,23.419117,25.647076,23.678907,27.549854,27.618937,31.350063,32.4673,28.961569,26.36148,30.30464,28.13394,27.602736,28.783598,27.406267,28.495749,26.679804,29.069582,26.283817,31.639826,28.94875,30.455221,32.77278,30.113194,25.313864,25.102617,22.745247,24.42835,20.646532,22.518831,24.481873,26.661148,27.412296,31.39913,35.03646,35.48964,33.157246,33.323807,38.513912,38.37647,34.49342,37.972378,34.80507,40.701626,37.440643,38.09426,40.302986,37.88395,39.126766,39.575848,37.015797,35.016182,30.802752,28.840284,25.991846,24.568127,22.004309,19.570255,17.37273,18.280306,15.4835825,18.039482,13.141961,10.645127,9.379275,11.027451,11.710897,16.254202,16.2743,20.07228,22.436111,24.23343,26.388714,24.8038,28.903084,26.237608,30.57869,30.254377,34.77221
2,6.3904915,5.270328,0.0,5.198753,6.970805,8.430458,12.313741,15.056153,18.687452,20.797842,24.825478,24.434008,20.726053,20.254711,15.186658,16.262663,12.146631,13.994578,13.65662,14.649238,18.344154,17.298826,22.795427,24.900156,27.385344,26.77024,29.967045,29.218613,22.351582,24.420532,20.54664,23.696531,24.100185,22.604229,25.730482,25.444372,29.569656,30.875233,27.95813,25.958185,29.220692,28.025543,26.944263,29.114769,26.989317,29.103384,27.289223,30.12338,27.638165,33.030163,31.001247,32.30355,35.232414,32.360615,27.794048,27.055912,24.152744,25.219507,21.188875,22.286203,24.428005,25.44173,26.018147,29.766535,32.686184,33.97948,32.066383,31.891647,36.927696,37.514816,33.967342,37.33478,33.794582,39.949753,36.224216,37.501385,39.34372,36.82364,38.0668,38.096794,35.897144,34.247498,29.477661,28.090319,25.028252,24.58974,21.359377,20.395151,18.003963,19.687239,17.20638,20.703,15.403279,14.300081,11.169513,12.122677,11.5133705,15.476176,14.744202,17.754383,19.601664,20.62767,23.019156,21.807734,25.449085,23.66555,27.77308,27.788376,32.305527
3,9.703458,6.684888,5.198753,0.0,3.834908,6.2347484,9.007554,13.08014,15.537689,18.589855,21.681427,21.99346,18.700865,17.368063,12.519799,12.12092,7.615131,9.187073,8.51221,10.089406,13.795286,13.637805,18.76489,20.658312,23.79717,23.608198,26.308157,25.132965,18.19477,19.664585,15.851916,18.557314,19.396801,17.736155,21.170994,21.236633,25.141405,26.23084,23.065002,20.853304,24.338264,23.016596,22.275965,24.42759,22.80553,25.096432,23.868208,26.939878,24.924946,30.621834,28.821787,30.717121,33.639095,31.500156,26.644632,26.501078,22.904753,24.43196,21.11119,21.595783,22.889383,24.695017,24.38259,28.434166,31.114645,32.362957,30.086502,29.440632,34.637943,35.10796,31.058195,34.055782,30.392609,36.22762,32.271427,33.21759,34.951397,32.30358,33.395657,33.533504,31.103422,29.42721,24.861557,23.41331,20.710348,20.0094,17.648487,16.95082,15.363873,17.63804,16.08263,19.733255,15.269586,13.848111,10.829814,10.168423,10.987035,13.466115,14.515769,16.368252,19.435854,21.35282,22.553946,20.72659,23.955528,21.023993,25.138926,24.450333,29.036627
4,12.300974,8.902341,6.970805,3.834908,0.0,5.3537407,5.8654995,10.853961,13.009548,16.00285,19.494923,20.147776,17.27683,16.25671,11.5141945,10.919184,7.446055,7.6186113,9.145111,9.3523855,13.598834,14.117081,18.941586,20.024137,23.069067,22.23638,24.535103,23.284056,16.239763,18.106733,13.880638,17.653746,18.11865,17.735518,20.553944,21.164816,25.118645,25.72963,22.834606,20.52514,23.117464,21.547363,20.119587,22.37511,20.03684,22.463638,20.924126,24.089197,22.13409,27.737623,26.325975,28.053411,31.334414,29.141731,24.484827,24.091139,20.131874,21.378553,18.189487,18.182482,19.40608,20.976028,20.573544,24.605137,27.32958,28.544142,26.328876,25.733843,30.904762,31.440657,27.563736,30.679861,27.044622,33.080055,29.323603,30.531439,32.436733,30.009577,31.399643,31.621489,29.519655,27.62676,22.915253,21.291246,18.088995,17.76815,14.490273,14.231075,12.354917,14.970931,13.763924,17.92613,13.609448,13.321259,9.280538,7.8351665,8.108569,9.835154,11.020451,12.556251,15.821595,18.140724,19.025084,17.055597,20.556396,17.561886,21.808144,21.425478,25.961468
5,14.525614,12.29744,8.430458,6.2347484,5.3537407,0.0,6.0506663,7.1426516,10.645028,12.9133215,16.481329,16.16136,12.680024,11.965645,6.9148474,8.507692,5.915818,8.55049,11.049693,13.164725,17.174423,18.415882,22.885736,23.869558,27.519907,26.933466,28.661028,26.883703,19.834396,20.66502,16.0384,18.781897,16.854546,16.39761,18.389246,18.219637,22.56406,23.664837,21.469389,20.136374,22.268482,22.295094,20.72994,24.16658,21.581966,25.196424,24.115543,27.646969,26.194214,31.739119,30.856556,32.551556,36.10634,33.929146,29.444311,28.838884,24.64792,25.483139,22.288523,21.623049,22.781925,23.246119,22.3752,26.047195,27.590382,29.918276,28.145086,26.91027,31.822533,33.20603,29.57991,32.263912,28.16633,34.15722,29.631624,31.368464,32.583282,29.867254,30.973066,30.583174,28.723358,27.506187,22.295038,21.685308,18.795954,19.581738,16.529762,18.043385,16.54334,19.62249,18.746119,23.103086,18.712248,18.59759,14.413428,12.979606,12.541044,13.215251,13.824428,13.673231,16.3628,17.574215,18.352253,16.827353,19.059845,17.044333,20.712982,20.336567,24.865505
6,18.085733,14.760512,12.313741,9.007554,5.8654995,6.0506663,0.0,6.805574,7.400947,10.796218,13.998379,15.257358,13.258727,12.213748,8.432729,7.12486,6.6135297,5.3913565,10.269025,10.483495,14.541857,16.749302,20.412327,20.31354,23.919289,22.832668,23.828104,21.857452,14.969265,16.026749,11.150583,15.204683,13.828365,15.208111,16.760468,17.948135,21.864983,21.939926,19.720318,17.794579,18.923935,17.981256,15.713997,18.940546,15.790347,19.43026,18.304642,21.958685,20.86425,26.335762,25.960497,27.79988,31.572947,29.848589,25.526669,25.098238,20.340714,21.202967,18.837793,17.359255,17.732552,18.72691,17.156359,21.061249,22.814594,24.68871,22.6052,21.254526,26.318623,27.42733,23.599293,26.271614,22.258219,28.294205,24.106422,25.786255,27.385046,24.974504,26.479443,26.509256,24.848076,23.076239,18.002897,16.766966,13.319285,14.254289,10.52861,12.781106,11.688171,15.27183,15.480543,19.999273,16.67296,17.390053,13.04861,10.284684,10.283119,8.49259,10.785514,9.229623,13.275606,15.977452,15.350109,12.990597,15.58141,12.057926,16.148155,15.605034,20.158365
7,21.383924,19.05783,15.056153,13.08014,10.853961,7.1426516,6.805574,0.0,5.3222194,5.865197,10.377038,9.788763,7.0911636,7.7049165,4.7001004,7.733114,9.436724,10.641214,15.403662,16.955648,20.811693,23.197334,26.798956,26.663385,30.545864,29.466938,30.023346,27.72268,21.138588,21.409767,16.483957,19.388103,14.822849,16.690544,16.535606,16.772009,21.086903,21.615822,20.705729,20.172203,20.143864,21.296055,18.63495,23.13437,19.46106,24.24193,23.367943,27.172337,26.487762,31.571451,31.796595,33.29333,37.407215,35.43711,31.494314,30.57714,25.849474,26.002214,23.456406,21.423428,22.043587,21.189585,19.417194,22.453377,22.511522,25.957094,24.75434,22.79575,27.201416,29.542746,26.49355,28.685865,24.279089,30.241516,25.337479,27.96143,28.680338,26.128654,27.399998,26.565794,25.591124,24.728296,19.09631,19.319977,16.265844,18.759544,15.107605,18.911346,17.804977,21.39174,21.499268,26.187735,22.461014,23.493624,18.774025,16.601107,15.5148945,13.779581,14.364121,11.289157,13.543855,14.329562,13.618718,12.3008795,12.807157,11.804438,14.656093,14.757887,19.006098
8,24.76822,21.803759,18.687452,15.537689,13.009548,10.645028,7.400947,5.3222194,0.0,4.7203693,6.628245,8.472036,8.163821,7.286303,6.9328523,6.2975903,10.062467,9.545545,15.004385,16.11947,19.380547,22.678823,25.279352,24.383785,28.541967,27.558884,27.212408,24.460146,18.466852,17.961376,13.26083,15.862476,10.571544,14.068583,13.091211,14.44135,18.213688,17.906696,17.239925,16.67548,15.530852,16.788595,13.767076,18.672565,14.97385,20.341976,20.150686,24.112986,24.174992,29.141855,29.903032,31.77653,35.890034,34.637707,30.770233,30.284664,25.12907,25.497158,23.885115,21.210287,20.801792,20.596416,17.71282,20.804333,20.371454,23.714294,22.203947,19.569614,23.979555,26.283346,22.865004,24.481127,19.897757,25.489853,20.270536,22.832129,23.38815,20.808563,22.126247,21.39566,20.529282,19.571941,13.930287,14.319865,11.482328,14.6480665,11.777621,16.787575,16.700674,20.576511,21.695652,26.20168,23.486443,24.587849,20.224998,17.22793,16.955389,13.569203,15.702957,11.287555,14.664424,16.603445,14.188803,12.068093,11.602533,8.458295,11.045072,10.011506,14.448717
9,27.134466,24.597214,20.797842,18.589855,16.00285,12.9133215,10.796218,5.865197,4.7203693,0.0,6.067785,6.0086436,6.3946114,7.889257,8.628274,10.370864,13.882257,14.01092,19.393581,20.491352,23.950352,27.030375,29.85385,28.903519,32.863197,31.53233,31.11533,28.450436,22.642298,22.381498,17.731224,20.432964,14.346588,18.03629,16.189249,17.004549,20.77426,20.589462,20.777855,20.818417,18.90718,20.843344,17.44937,22.510214,18.232386,23.717384,23.201979,27.045918,27.11378,31.653732,32.770187,34.187557,38.57668,36.973915,33.492878,32.518703,27.502474,27.263792,25.499243,22.522524,22.454586,20.851515,18.157036,20.45589,18.967125,23.302752,22.564327,19.859365,23.624369,26.743364,24.20179,25.739813,21.184647,26.816109,21.658422,24.979376,25.2051,22.901453,24.298285,23.133726,23.029854,22.4742,16.856394,17.81583,14.976196,18.708447,15.172098,20.415127,19.86972,23.584162,24.496288,29.14603,26.157137,27.750189,23.004206,20.395712,19.28112,16.058615,16.953358,12.042632,13.873752,14.579899,11.976224,10.801824,8.721958,8.592703,9.902058,10.357744,14.051561
10,30.919483,28.146305,24.825478,21.681427,19.494923,16.481329,13.998379,10.377038,6.628245,6.067785,0.0,4.628318,7.838899,7.309597,10.730406,10.621954,15.301095,15.164864,20.195341,21.784521,24.439354,28.25699,30.129366,28.816315,33.274693,32.5055,31.288195,28.074158,23.017967,21.429613,17.446342,18.491426,10.83709,15.378687,12.0372715,13.273833,16.258024,15.570715,16.716782,17.592607,14.443382,17.850863,14.839311,20.490707,17.071766,23.150505,23.779951,27.71055,28.588196,33.07208,34.541676,36.480297,40.68311,39.84652,36.269352,35.845024,30.548925,30.705708,29.600346,26.391666,25.485386,24.691298,21.114714,23.3391,21.051752,25.375248,24.386938,20.849209,24.274582,27.45406,24.512064,24.980183,20.242533,24.798576,18.797943,21.946487,21.244629,18.568388,19.431831,17.775467,17.847174,18.016579,12.559356,14.778814,13.375651,17.558746,16.046938,21.911491,22.428476,26.310818,27.879995,32.282516,29.934416,31.096066,26.81094,23.701519,23.461746,19.622732,21.698978,16.503263,19.108328,20.33864,16.975567,15.425655,12.25581,10.441085,10.169026,8.369696,11.526644
11,30.616886,28.389107,24.434008,21.99346,20.147776,16.16136,15.257358,9.788763,8.472036,6.0086436,4.628318,0.0,4.496817,5.9826427,9.858989,11.961807,16.111742,17.140244,21.90864,24.071415,27.090145,30.508526,32.972393,32.138634,36.603596,35.839622,35.093174,32.03658,26.510664,25.209042,20.92398,21.964489,14.227411,17.513718,14.377181,14.307143,17.745234,17.96456,19.311407,20.600986,18.196793,21.960112,19.220444,24.84248,21.388674,27.348515,27.623104,31.560713,32.062366,36.644043,37.894127,39.601063,43.890526,42.599987,38.984043,38.2499,33.13308,33.08042,31.411152,28.440792,28.132256,26.657314,23.635843,25.657286,23.189594,28.006401,27.410742,24.145987,27.3928,30.90206,28.342318,29.071789,24.376823,29.113663,23.217459,26.5295,25.708601,23.033998,23.705389,21.739637,21.849644,22.37474,16.949535,19.229326,17.67877,21.623438,19.586922,25.097847,25.068293,28.909613,29.931755,34.524403,31.52031,32.63313,28.087177,25.408234,24.687305,21.628305,22.811888,18.017107,19.759815,19.882843,17.318146,16.51226,13.116076,13.318158,13.075554,12.436855,15.230503
12,26.829409,24.964718,20.726053,18.700865,17.27683,12.680024,13.258727,7.0911636,8.163821,6.3946114,7.838899,4.496817,0.0,3.9987342,6.420123,10.252774,13.4633465,15.4615,19.78469,22.391249,25.712095,28.629007,31.696789,31.455061,35.87085,35.225414,35.166218,32.361282,26.230278,25.327055,20.744102,21.97345,15.027436,16.94837,15.000546,14.208339,18.320961,19.27914,19.820038,20.787977,19.779135,23.043913,20.671637,26.039982,22.766031,28.380068,28.305061,32.258175,32.22094,37.150303,37.84444,39.512188,43.692005,42.03937,38.16801,37.356705,32.453415,32.529255,30.27853,27.856144,28.088896,26.766787,24.36752,26.787836,25.208673,29.692379,28.920769,26.14846,29.860128,33.014893,30.229261,31.518154,26.843323,32.044483,26.322514,29.3135,28.908472,26.080915,26.745995,25.023863,24.51859,24.786438,19.186981,20.925346,19.018032,22.31658,19.93925,24.69406,24.2158,27.973862,28.418943,33.068,29.495844,30.296934,25.73407,23.441883,22.594093,20.489468,21.235796,17.366602,19.037825,18.845848,17.4313,16.718353,14.629926,14.824698,15.772799,15.370775,18.812622
13,26.09256,23.940779,20.254711,17.368063,16.25671,11.965645,12.213748,7.7049165,7.286303,7.889257,7.309597,5.9826427,3.9987342,0.0,5.0750623,7.297536,11.007798,13.037293,16.980696,20.014477,22.941952,26.129938,28.831097,28.64662,33.33172,33.121674,32.960598,29.989616,23.965881,22.519625,18.181068,18.587029,11.566773,12.996922,11.2092,10.40644,14.659976,15.7196665,15.93756,16.950455,16.415455,19.867393,18.067059,23.41999,20.87221,26.465977,26.86604,30.872559,31.001291,36.15979,36.692383,38.754395,42.700485,41.43461,37.299885,36.915585,31.891287,32.41411,30.38059,28.089842,27.967564,27.561014,24.860207,27.700125,26.503426,30.50453,29.258392,26.341892,30.357573,33.08462,29.721989,30.819622,26.103651,31.014696,25.080599,27.5354,27.073193,23.961735,24.355715,22.746433,21.702635,22.009691,16.51268,18.306057,16.934803,19.855772,18.505598,23.109362,23.12863,26.973158,27.644577,32.12314,28.839832,29.172178,24.996733,22.40849,22.269861,20.03078,21.663872,17.953539,20.569918,21.213833,19.549099,18.216713,16.57014,15.111673,16.395473,14.935729,18.662863
14,21.096334,18.987469,15.186658,12.519799,11.5141945,6.9148474,8.432729,4.7001004,6.9328523,8.628274,10.730406,9.858989,6.420123,5.0750623,0.0,5.4501224,7.2184415,9.988866,13.722748,16.668882,20.094715,22.627884,26.061285,26.363827,30.731203,30.38773,30.988909,28.452078,21.851732,21.278753,16.615885,18.019815,13.037204,13.468114,13.630679,13.044039,17.549952,18.732166,17.706696,17.63426,18.45701,20.411995,18.669577,23.356054,20.710073,25.626387,25.411968,29.311459,28.794655,34.18661,34.153954,36.08295,39.91125,38.258896,33.956795,33.469887,28.718893,29.352938,26.8289,25.115519,25.513332,25.391754,23.387735,26.63296,26.569956,29.963892,28.492773,26.241253,30.725464,32.93617,29.420025,31.23601,26.696215,32.194572,26.79353,28.97365,29.269875,26.285177,27.014477,25.95707,24.488834,24.082878,18.5625,19.259407,17.1064,19.202559,17.044748,20.603323,20.034866,23.687565,23.787733,28.278156,24.540668,24.710262,20.497414,18.27341,18.008154,16.71528,17.987843,15.415818,18.128948,18.934572,18.269112,16.83397,16.839014,15.126856,17.64304,16.702097,20.96769
15,21.678497,18.75575,16.262663,12.12092,10.919184,8.507692,7.12486,7.733114,6.2975903,10.370864,10.621954,11.961807,10.252774,7.297536,5.4501224,0.0,4.862128,5.873482,9.969025,12.782195,15.65458,18.904482,21.573883,21.528006,26.178038,26.173931,26.388056,23.615181,17.2726,16.086472,11.659849,12.571763,8.459453,9.082572,10.111676,10.839563,14.89032,15.406038,13.525843,12.667688,13.935576,15.157929,13.85974,18.293411,16.393606,21.156492,21.519804,25.439367,25.267124,30.796469,30.754528,33.170727,36.744495,35.73674,31.26055,31.359634,26.38179,27.542427,25.665789,23.880192,23.545856,24.6572,22.114073,25.758547,26.135052,28.778862,26.718126,24.318462,29.07731,30.667173,26.500576,28.080072,23.629974,28.757196,23.406904,24.895273,25.40336,22.316278,23.001976,22.419004,20.407906,19.584848,14.346024,14.5349,12.777708,14.27958,13.401171,16.878717,17.194475,20.961725,21.727404,25.911394,23.019646,22.876837,19.246714,16.318855,17.165234,15.037505,17.835205,15.137185,19.07343,21.164242,19.696133,17.459192,17.837547,14.061606,16.894346,14.8699255,19.298195
16,17.085417,14.1996355,12.146631,7.615131,7.446055,5.915818,6.6135297,9.436724,10.062467,13.882257,15.301095,16.111742,13.4633465,11.007798,7.2184415,4.862128,0.0,4.5873585,6.5583963,10.114637,13.333366,15.62887,19.17277,20.044298,24.414875,24.625065,25.819174,23.565556,16.790068,16.410234,12.1783695,13.4613,12.167687,10.776221,13.627923,13.840964,17.804398,18.778315,16.007599,14.409087,17.331728,17.359127,16.688917,20.06373,18.64238,22.364527,22.268843,25.931948,25.07215,30.848661,30.036533,32.43686,35.69286,34.387943,29.61763,29.793533,25.237621,26.713903,24.32469,23.408304,23.601725,25.237938,23.470394,27.426886,28.780685,30.8295,28.558685,26.804956,31.849459,32.909824,28.594057,30.706738,26.541113,31.889828,27.037004,28.105362,29.099546,26.097012,26.825903,26.58305,24.17365,23.011929,18.196705,17.59677,15.615833,15.833108,14.742973,16.418245,16.212461,19.57326,19.585754,23.570253,20.192852,19.361351,16.093884,13.684703,14.874199,14.308646,16.821684,15.83523,19.715195,21.83577,21.406456,19.226082,20.814573,17.165297,20.63965,19.009693,23.554451
17,18.726097,15.088341,13.994578,9.187073,7.6186113,8.55049,5.3913565,10.641214,9.545545,14.01092,15.164864,17.140244,15.4615,13.037293,9.988866,5.873482,4.5873585,0.0,5.709709,7.008296,10.33072,13.370356,16.345612,16.437143,20.747293,20.643534,21.46636,19.15081,12.353506,12.249586,7.7724833,10.451288,10.848047,10.971182,13.764015,15.269666,18.684393,18.71885,15.672942,13.165421,15.58765,14.173531,13.168481,15.97696,14.463054,17.8305,17.737297,21.394299,20.69284,26.465948,25.811455,28.381908,31.643427,30.69303,25.980425,26.400412,21.600004,23.266886,21.481703,20.298063,19.938595,22.294426,20.2286,24.365717,26.15082,27.559313,24.95773,23.303616,28.478544,29.071339,24.501356,26.676626,22.720673,28.038244,23.628803,24.399652,25.882475,23.14754,24.225649,24.502584,22.097162,20.27823,15.754252,14.260898,11.883807,11.567763,10.494422,12.029821,12.34472,15.860804,16.582344,20.467533,17.930529,17.492811,14.38493,11.190692,13.004069,11.257945,14.907805,13.656996,18.229742,21.286615,20.213623,17.548346,19.587782,14.832918,18.60148,16.781116,21.283264
18,16.668879,13.137783,13.65662,8.51221,9.145111,11.049693,10.269025,15.403662,15.004385,19.393581,20.195341,21.90864,19.78469,16.980696,13.722748,9.969025,6.5583963,5.709709,0.0,5.3206806,7.3454194,9.561986,12.841205,14.355841,18.740208,19.733883,21.410414,19.493385,13.115321,12.826604,10.02205,10.733351,13.833164,11.368862,15.828558,16.801477,19.720657,20.252523,16.300976,13.304029,17.770527,15.7797165,16.352188,17.927132,18.046614,20.200647,20.39721,23.583572,22.556889,28.448841,26.946,29.856058,32.40925,31.67604,26.582148,27.56671,23.343004,25.64561,23.742643,23.51206,23.298763,26.512068,24.8861,29.184837,31.506525,32.38846,29.506264,28.169565,33.42522,33.4548,28.562256,30.738228,27.115366,31.9744,27.815092,27.788553,29.34277,26.49255,27.177078,27.68252,24.61734,22.82553,19.159279,17.434252,15.995164,14.2043915,14.714255,14.157912,14.686741,17.375332,17.551361,20.595592,18.172127,16.245916,14.61363,12.122261,14.954618,14.835964,18.362507,18.52188,22.970194,25.974234,25.488785,22.883139,25.251057,20.45974,24.223192,22.12993,26.522726
19,17.360044,13.201753,14.649238,10.089406,9.3523855,13.164725,10.483495,16.955648,16.11947,20.491352,21.784521,24.071415,22.391249,20.014477,16.668882,12.782195,10.114637,7.008296,5.3206806,0.0,4.35142,6.579404,10.008263,10.8052225,14.510659,14.772511,16.777828,15.357895,8.753038,10.258731,7.893559,11.05341,15.81743,15.018757,18.946684,20.744764,23.444313,23.227037,19.312277,15.682729,19.255276,15.56745,15.577463,15.8475685,15.690792,16.552372,16.1304,18.96377,17.557384,23.435541,21.689884,24.618347,27.091274,26.447878,21.35215,22.535416,18.353342,20.935076,19.468285,19.440695,18.997883,23.032337,21.682169,26.080942,29.247562,29.207714,26.054716,25.299528,30.621134,29.970186,25.03556,27.633167,24.521862,29.48983,26.258482,25.97982,28.30361,25.97274,27.185095,28.261072,25.414995,22.869238,19.620148,16.861061,14.745965,12.06877,11.913737,9.51884,10.127555,12.393424,12.927987,15.672401,14.100264,12.5481205,11.363095,8.395,12.013901,11.611656,15.718458,16.537565,21.160578,24.875954,24.281715,21.449533,24.65597,19.427507,23.51397,21.770487,25.991951
20,20.139643,16.142342,18.344154,13.795286,13.598834,17.174423,14.541857,20.811693,19.380547,23.950352,24.439354,27.090145,25.712095,22.941952,20.094715,15.65458,13.333366,10.33072,7.3454194,4.35142,0.0,4.83217,6.015528,7.138919,11.427955,12.932164,14.78958,13.386046,8.167402,8.76263,8.667176,10.033127,16.823053,15.466351,19.789854,21.83494,23.808876,23.35997,19.05275,14.997741,19.187395,14.696631,15.838962,14.888363,16.300568,16.179722,16.547384,18.923021,17.890123,23.555542,21.584677,25.017946,26.866203,27.006907,21.880579,23.790428,19.897785,22.929522,22.113764,22.220387,21.257517,25.994904,24.415447,28.779324,31.997534,31.520683,28.099077,27.293758,32.505573,31.375357,26.117678,28.335821,25.57524,29.794136,26.849195,25.774519,28.153133,25.872608,26.839138,28.266514,25.037365,22.347935,20.08398,17.041895,15.882314,12.182661,13.982917,10.939175,12.608462,14.212104,15.227702,16.916773,16.533817,14.384065,14.551733,11.877617,15.810413,15.201388,19.595697,20.301989,25.063707,28.989765,28.09313,25.121777,28.103699,22.403305,26.22653,23.991806,27.933388
21,17.633522,13.867013,17.298826,13.637805,14.117081,18.415882,16.749302,23.197334,22.678823,27.030375,28.25699,30.508526,28.629007,26.129938,22.627884,18.904482,15.62887,13.370356,9.561986,6.579404,4.83217,0.0,5.664526,8.842179,11.162579,12.710723,16.177275,15.9180565,11.306261,13.1656275,13.050659,14.820805,21.304796,19.43862,24.03712,25.656404,27.855276,27.761171,23.366549,19.435873,23.939209,19.509169,20.523903,19.29762,20.432083,19.59351,19.203115,21.006624,19.136265,24.587961,21.734522,24.87921,26.220299,25.931269,20.65726,22.62926,19.624159,22.84984,21.589088,22.695734,22.369366,27.251566,26.497324,30.871433,34.730663,33.883102,30.49058,30.286127,35.53667,34.107628,29.068892,31.74551,29.268885,33.69748,31.168951,30.115486,32.737106,30.587408,31.634775,33.08928,29.86639,27.157375,24.84298,21.763065,20.254606,16.604801,17.395493,13.15469,13.79532,14.345254,14.244854,15.103299,14.547309,11.307245,12.927867,11.459305,15.475378,16.485458,20.09574,22.146927,26.47878,30.24207,30.109922,27.335497,30.965483,25.704105,29.810705,28.01157,32.059277
22,23.230913,19.522676,22.795427,18.76489,18.941586,22.885736,20.412327,26.798956,25.279352,29.85385,30.129366,32.972393,31.696789,28.831097,26.061285,21.573883,19.17277,16.345612,12.841205,10.008263,6.015528,5.664526,0.0,4.5910788,7.370431,10.736045,13.247415,12.926563,10.703807,11.445327,13.45692,13.858433,21.801111,20.116377,24.595903,26.727776,28.079811,27.456295,22.94394,18.72362,23.15029,17.896059,19.795563,17.261528,19.878355,18.052307,18.648624,19.947258,18.86292,23.849714,21.180979,24.92671,25.675722,26.583796,21.57207,24.311987,21.336452,24.847874,24.624687,25.335056,24.14985,29.662092,28.354027,32.616314,36.3304,35.045948,31.382442,30.983454,36.009594,34.09934,28.754835,30.856184,28.818624,32.275154,30.172138,28.265442,30.94721,29.001226,29.856754,31.747581,28.304232,25.395079,24.265497,20.897787,20.332396,15.92564,18.521898,14.2713175,16.192322,16.522697,17.535692,17.604265,18.62193,15.829254,17.767124,15.829404,19.94523,19.786736,24.05839,25.358704,30.01089,34.15516,33.322887,30.306358,33.53456,27.63622,31.367208,29.037699,32.65861
23,26.203264,22.193518,24.900156,20.658312,20.024137,23.869558,20.31354,26.663385,24.383785,28.903519,28.816315,32.138634,31.455061,28.64662,26.363827,21.528006,20.044298,16.437143,14.355841,10.8052225,7.138919,8.842179,4.5910788,0.0,5.4213095,8.329701,9.230325,8.420547,7.6482215,8.284166,11.470372,12.349332,20.552408,20.094505,23.888996,26.62103,27.725334,26.476948,22.268372,17.936932,21.288586,15.281996,16.949606,13.516139,16.463348,13.911517,14.95087,16.073648,15.640262,20.419506,18.350218,22.380697,23.314968,24.828623,20.126955,23.022078,19.636728,23.09225,23.658157,23.740845,21.87494,27.627258,25.880367,29.976048,33.56687,31.977339,28.2012,27.708149,32.53352,30.376421,24.941643,26.783321,25.044662,28.098492,26.436186,24.242603,27.188211,25.57592,26.657412,28.869904,25.65981,22.38792,21.77266,18.015585,17.592392,12.878469,16.079247,11.97171,14.740727,15.146713,17.196983,17.31816,19.195255,17.431646,18.7715,16.225481,20.194761,18.833794,23.55595,24.135536,28.919847,33.387978,31.940191,28.780285,31.78952,25.565664,29.02191,26.599236,29.840218
24,27.943798,24.062387,27.385344,23.79717,23.069067,27.519907,23.919289,30.545864,28.541967,32.863197,33.274693,36.603596,35.87085,33.33172,30.731203,26.178038,24.414875,20.747293,18.740208,14.510659,11.427955,11.162579,7.370431,5.4213095,0.0,4.82613,7.4820385,9.13755,10.607159,12.787033,15.851904,17.626434,25.652151,25.454792,29.18464,31.951225,33.129395,31.799358,27.656155,23.325748,26.35558,20.06534,21.28722,17.19218,19.708069,15.728499,15.912006,15.737753,14.686037,18.514633,15.571187,19.56569,19.52034,21.49107,17.088928,20.565533,18.264898,21.965534,23.046118,23.78288,21.974138,28.216742,27.116945,31.003378,35.334442,32.854603,29.009924,29.288778,33.887592,30.986252,25.867876,28.06021,27.118237,29.961737,29.392094,27.005678,30.459871,29.361652,30.720467,33.21046,30.235336,26.714169,26.384987,22.363968,21.559599,16.891245,19.115425,13.830005,16.064053,15.097312,16.955471,15.591875,18.804132,17.144098,19.588095,17.75108,21.564865,20.74565,25.015717,26.424875,30.838345,35.46378,34.294804,31.217457,34.801815,28.764988,32.321983,30.336697,33.370193
25,27.755373,23.760912,26.77024,23.608198,22.23638,26.933466,22.832668,29.466938,27.558884,31.53233,32.5055,35.839622,35.225414,33.121674,30.38773,26.173931,24.625065,20.643534,19.733883,14.772511,12.932164,12.710723,10.736045,8.329701,4.82613,0.0,5.5107946,8.328926,9.640608,13.367102,15.646474,19.003868,26.206495,26.928555,30.19786,33.12016,34.685516,33.19687,29.36613,25.110249,27.30959,20.970219,21.126863,17.156317,18.369621,13.866015,12.855673,12.137676,10.369074,14.090592,10.866508,14.797993,15.133189,16.895819,12.547898,16.019384,13.743646,17.424559,18.965822,19.6934,17.811312,24.205198,23.470655,27.177078,31.954021,29.006672,25.203688,26.021112,30.514868,27.355804,22.56975,25.288483,24.669024,27.936148,27.953325,26.005924,29.865726,29.121754,30.952637,33.460606,30.962257,27.221098,26.490732,22.278881,20.674154,16.418653,17.199398,11.349969,13.160849,11.445273,13.678866,11.9791765,16.031898,15.482956,17.582071,15.821361,19.171501,18.105846,22.086287,23.712357,27.78676,32.537987,31.39816,28.41311,32.37312,26.625113,30.238981,28.814352,31.711048
26,31.79204,27.61401,29.967045,26.308157,24.535103,28.661028,23.828104,30.023346,27.212408,31.11533,31.288195,35.093174,35.166218,32.960598,30.988909,26.388056,25.819174,21.46636,21.410414,16.777828,14.78958,16.177275,13.247415,9.230325,7.4820385,5.5107946,0.0,3.996076,9.156361,11.657623,14.907985,17.796265,24.813118,26.416908,28.979584,32.360485,33.434193,31.385748,27.954325,23.836782,24.991596,18.367325,18.470636,13.63099,15.443623,10.003679,10.205766,9.04561,9.313801,12.337013,10.938728,15.261007,15.962621,18.792093,15.335888,18.600996,15.619657,18.835451,21.230812,20.814516,17.953205,24.25802,22.607475,26.003387,30.16748,27.107763,23.196308,23.543282,27.657108,24.295715,19.275717,21.255693,21.04679,23.391212,23.904636,21.430958,25.42209,25.077982,26.982367,29.797434,27.551533,23.630692,23.749111,19.432077,18.42053,14.197589,16.09721,11.60904,14.523779,13.645859,16.934977,16.03324,20.000702,20.091274,21.224308,18.738264,21.866169,19.374805,23.854324,24.168081,28.433018,33.365196,31.35996,28.233137,31.492035,25.383003,28.411013,26.651608,28.95799
27,31.635162,27.371824,29.218613,25.132965,23.284056,26.883703,21.857452,27.72268,24.460146,28.450436,28.074158,32.03658,32.361282,29.989616,28.452078,23.615181,23.565556,19.15081,19.493385,15.357895,13.386046,15.9180565,12.926563,8.420547,9.13755,8.328926,3.996076,0.0,7.07815,8.2537155,11.958411,14.380165,21.234106,23.132631,25.390118,28.913551,29.799603,27.592117,24.318712,20.305166,21.105139,14.460497,14.680737,9.675011,12.106448,7.1174226,8.799441,8.978535,10.320052,14.034572,13.657957,17.850248,19.271204,21.761852,18.159079,20.971577,17.168453,20.120169,22.23205,21.16584,18.08742,23.98785,21.629698,25.123587,28.5873,26.174648,22.27799,21.872581,26.102343,23.284449,17.887655,19.366848,18.587395,20.877079,20.668682,18.112032,21.87414,21.291964,23.094385,25.87072,23.560984,19.65423,19.878714,15.584606,14.988924,10.658798,13.671774,10.442009,14.027776,14.254086,17.808208,17.932407,21.053205,21.138466,21.515945,18.492,21.639133,18.467812,23.354137,22.793037,27.359627,32.23674,29.822174,26.59293,29.280127,22.900011,25.700994,23.524738,25.806839
28,25.273014,20.974312,22.351582,18.19477,16.239763,19.834396,14.969265,21.138588,18.466852,22.642298,23.017967,26.510664,26.230278,23.965881,21.851732,17.2726,16.790068,12.353506,13.115321,8.753038,8.167402,11.306261,10.703807,7.6482215,10.607159,9.640608,9.156361,7.07815,0.0,5.1693673,6.119769,10.640471,16.777489,18.36077,21.005922,24.103985,25.869135,24.294239,20.834389,16.837358,18.350933,12.544173,12.0186,9.60245,9.9936285,8.33158,8.467731,10.955213,10.701175,16.269764,15.430735,19.014801,21.474678,22.22964,17.752728,19.663279,15.043126,17.855526,18.528463,17.502903,15.28365,20.594612,18.414349,22.530476,25.946838,24.635603,20.961315,20.311718,25.316051,23.628462,18.270857,20.560032,18.34628,22.489962,20.622995,19.470596,22.695118,21.244331,23.024843,25.026121,22.586975,19.080475,17.321472,13.294048,11.374872,7.2084875,8.619592,4.9318204,8.536546,10.159797,13.230616,14.91487,16.260763,16.272165,15.63058,12.193815,15.445697,12.43549,17.525908,17.133526,21.969496,26.612522,24.690825,21.47435,24.47741,18.262136,21.78976,19.828217,23.102104
29,27.6135,23.432215,24.420532,19.664585,18.106733,20.66502,16.026749,21.409767,17.961376,22.381498,21.429613,25.209042,25.327055,22.519625,21.278753,16.086472,16.410234,12.249586,12.826604,10.258731,8.76263,13.1656275,11.445327,8.284166,12.787033,13.367102,11.657623,8.2537155,5.1693673,0.0,4.95807,6.2727585,13.392827,14.893143,17.364405,20.735739,21.826588,19.96951,16.465082,12.410661,13.946223,7.7694225,8.670788,6.158206,8.940365,8.91012,11.240199,13.991386,14.943097,20.034876,19.812141,23.57625,25.893051,27.123487,22.78617,24.77967,20.0718,22.687153,23.343836,21.882,19.45162,24.190468,21.245167,25.18807,27.526428,26.92206,23.359442,21.76837,26.548185,25.349201,19.774832,20.978456,18.347849,21.62778,18.834051,17.186327,19.724968,17.796288,19.049944,21.047031,18.156204,14.794526,13.6442995,9.770149,9.5696125,4.853683,9.979317,9.36092,12.966495,15.180289,18.112312,19.99914,20.929008,20.484015,19.638649,16.027863,19.237364,15.891124,21.1002,19.6274,24.67376,29.06794,26.626757,23.364277,25.275904,18.74,21.654514,18.756788,21.85239
30,24.506535,20.381456,20.54664,15.851916,13.880638,16.0384,11.150583,16.483957,13.26083,17.731224,17.446342,20.92398,20.744102,18.181068,16.615885,11.659849,12.1783695,7.7724833,10.02205,7.893559,8.667176,13.050659,13.45692,11.470372,15.851904,15.646474,14.907985,11.958411,6.119769,4.95807,0.0,6.407391,10.7978945,12.820571,15.067153,18.149721,20.15795,18.737719,15.524042,11.927271,13.198883,8.767481,7.8369637,8.584081,8.20289,10.548375,11.568535,15.130988,15.455194,20.988663,20.86657,24.080015,27.0736,27.347713,22.90234,24.138163,19.073399,21.215338,21.085323,19.376064,17.504335,21.361029,18.470165,22.581602,24.694155,24.877243,21.62778,19.887165,24.969633,24.565973,19.315807,21.027613,17.638952,22.127796,18.543571,18.192347,20.414062,18.168777,19.60809,20.923737,18.400143,15.479325,12.469075,9.171433,7.2306952,4.320828,6.6481504,7.7926836,10.5234995,13.700006,16.183308,19.126268,18.833935,18.795145,16.822943,13.003301,15.697377,12.123349,17.200785,15.359008,20.447,24.590649,22.326431,19.132011,21.096525,14.804884,18.150335,15.590431,19.338749
31,27.23558,23.419117,23.696531,18.557314,17.653746,18.781897,15.204683,19.388103,15.862476,20.432964,18.491426,21.964489,21.97345,18.587029,18.019815,12.571763,13.4613,10.451288,10.733351,11.05341,10.033127,14.820805,13.858433,12.349332,17.626434,19.003868,17.796265,14.380165,10.640471,6.2727585,6.407391,0.0,8.59879,8.8673935,11.717981,14.8942585,15.772301,14.281684,10.383125,6.2328258,9.335417,5.383833,8.01036,8.994757,11.589704,14.137639,16.628733,19.842062,20.786427,26.020683,25.882362,29.489445,31.988625,32.84614,28.303144,29.975689,25.108652,27.470846,27.369362,25.783152,23.819164,27.596836,24.385828,28.293968,29.597263,30.225878,27.045023,24.714243,29.43155,29.235527,23.849182,24.532595,21.103058,24.283466,19.966991,18.829456,19.999645,17.109701,17.460733,18.61765,15.142124,12.877632,10.952826,8.749027,9.932961,7.41708,12.506035,13.879318,16.764713,19.68704,21.965416,24.521338,24.231812,23.295828,21.884163,18.30779,21.271267,18.253614,23.144152,21.045465,26.075811,29.82531,27.402575,24.317225,25.24956,19.059736,21.58967,18.067352,21.440594
32,28.985413,25.647076,24.100185,19.396801,18.11865,16.854546,13.828365,14.822849,10.571544,14.346588,10.83709,14.227411,15.027436,11.566773,13.037204,8.459453,12.167687,10.848047,13.833164,15.81743,16.823053,21.304796,21.801111,20.552408,25.652151,26.206495,24.813118,21.234106,16.777489,13.392827,10.7978945,8.59879,0.0,6.2796035,4.729889,8.460025,10.21334,8.734664,7.241627,6.8495603,5.4958615,8.619068,8.280556,13.336494,13.0767355,18.316893,20.380278,24.19861,25.358358,30.418207,31.132229,34.140182,37.464573,37.659134,33.40838,34.201084,28.919544,30.376854,29.776117,27.352606,25.72873,27.615078,23.916285,27.269175,26.833796,29.193565,26.838436,23.590734,27.859173,29.251274,24.652056,24.870974,20.511852,24.059729,18.17729,18.868582,18.557426,15.06752,15.118899,14.614086,12.090246,11.595391,6.8815746,8.305077,9.331061,11.122096,13.681441,18.021614,19.988998,23.693466,25.714333,29.315367,27.898878,27.73709,24.858778,21.290176,22.951096,19.377409,23.377878,19.644932,24.056889,26.833025,23.92401,21.29372,20.437666,15.318152,16.753506,12.932037,16.35005
33,26.625074,23.678907,22.604229,17.736155,17.735518,16.39761,15.208111,16.690544,14.068583,18.03629,15.378687,17.513718,16.94837,12.996922,13.468114,9.082572,10.776221,10.971182,11.368862,15.018757,15.466351,19.43862,20.116377,20.094505,25.454792,26.928555,26.416908,23.132631,18.36077,14.893143,12.820571,8.8673935,6.2796035,0.0,5.348343,6.6628866,8.487598,9.055063,5.392491,4.9522696,9.080361,11.489841,13.098158,16.773657,17.782663,22.008827,24.004574,27.648808,28.273808,33.73516,33.61892,36.85394,39.741173,39.84862,35.141342,36.20848,31.254356,33.15745,32.038204,30.400991,29.227724,31.599375,28.46222,32.17523,32.35022,34.502563,31.960993,29.114328,33.668232,34.721436,29.86224,30.404005,26.226368,29.734291,24.110544,24.177353,23.937546,20.355003,19.848982,19.374887,16.09544,15.973884,12.539533,13.337515,14.449561,14.57747,17.54006,20.305267,22.07291,25.524174,26.905905,30.247118,28.413614,27.234787,24.96769,21.82172,23.969086,21.707848,25.567324,23.01782,27.469742,30.013994,27.996033,25.462948,25.24494,20.449125,22.444313,18.948996,22.563192
34,30.452963,27.549854,25.730482,21.170994,20.553944,18.389246,16.760468,16.535606,13.091211,16.189249,12.0372715,14.377181,15.000546,11.2092,13.630679,10.111676,13.627923,13.764015,15.828558,18.946684,19.789854,24.03712,24.595903,23.888996,29.18464,30.19786,28.979584,25.390118,21.005922,17.364405,15.067153,11.717981,4.729889,5.348343,0.0,4.1380124,5.632016,5.2980347,4.948485,7.2970743,6.881621,12.0400715,12.656304,17.46072,17.71845,22.883139,25.080183,28.868872,29.994354,35.11039,35.703835,38.757805,42.006893,42.153526,37.771774,38.56651,33.346188,34.818474,33.92719,31.641834,30.246702,31.84941,28.23224,31.4677,30.57892,33.413967,31.261784,27.86246,31.90964,33.6304,29.17955,29.143553,24.74761,27.885506,21.70365,22.405283,21.328724,17.62432,16.867844,15.598761,12.991682,13.84948,9.982333,12.438701,13.999635,15.669548,18.305859,22.453125,24.250565,27.959484,29.67354,33.319363,31.52239,30.987522,28.142628,24.80849,26.40358,23.351126,26.997856,23.359137,27.47132,29.689695,27.024668,24.696653,23.277725,18.9849,19.954872,16.21283,19.255627
35,30.039286,27.618937,25.444372,21.236633,21.164816,18.219637,17.948135,16.772009,14.44135,17.004549,13.273833,14.307143,14.208339,10.40644,13.044039,10.839563,13.840964,15.269666,16.801477,20.744764,21.83494,25.656404,26.727776,26.62103,31.951225,33.12016,32.360485,28.913551,24.103985,20.735739,18.149721,14.8942585,8.460025,6.6628866,4.1380124,0.0,4.562779,6.9416623,7.1919174,10.107267,10.891151,15.972443,16.652592,21.418186,21.523495,26.681171,28.613598,32.455708,33.283,38.571415,38.927128,41.889816,45.15956,45.002277,40.480137,41.125317,36.005913,37.425705,36.0849,34.021694,33.028057,34.293755,30.957375,34.18712,33.18559,36.3913,34.418854,31.091267,35.14693,37.123867,32.820343,32.959316,28.464998,31.81091,25.53541,26.463072,25.226377,21.51602,20.58956,18.954512,16.556017,17.830622,14.009424,16.510675,17.692673,19.333788,21.414246,25.35487,26.754248,30.477577,31.748356,35.52872,33.187088,32.403362,29.46546,26.44941,27.834194,25.409204,28.575186,25.218195,28.999023,30.665897,28.482164,26.455183,24.912214,21.40744,22.389862,19.05421,22.166206
36,33.87466,31.350063,29.569656,25.141405,25.118645,22.56406,21.864983,21.086903,18.213688,20.77426,16.258024,17.745234,18.320961,14.659976,17.549952,14.89032,17.804398,18.684393,19.720657,23.444313,23.808876,27.855276,28.079811,27.725334,33.129395,34.685516,33.434193,29.799603,25.869135,21.826588,20.15795,15.772301,10.21334,8.487598,5.632016,4.562779,0.0,3.9428294,5.776132,9.940641,10.207839,15.982411,17.50054,21.827332,22.854393,27.782984,30.317669,33.99572,35.24654,40.33325,40.85404,44.063892,47.12951,47.450893,42.968494,43.922325,38.76504,40.354614,39.400227,37.23001,35.85254,37.45776,33.81553,36.957344,35.729332,38.774334,36.695545,33.145,36.946007,38.783295,34.359524,33.938602,29.646835,32.104565,25.826334,26.225315,24.45767,20.695972,19.105879,17.355762,14.6891165,16.678532,14.188507,17.081001,19.319979,20.692364,23.861332,27.750523,29.635643,33.268856,34.871605,38.391327,36.521294,35.58934,32.995914,29.822575,31.531229,28.81362,32.35658,28.835192,32.796795,34.69179,32.143967,29.996674,28.17147,24.33334,24.879725,21.106033,23.606224
