,0,1,2,3,4,5,6,7,8,9,10,11,12,13,14,15,16,17,18,19,20,21,22,23,24,25,26,27,28,29,30,31,32,33,34,35,36,37,38,39,40,41,42,43,44,45,46,47,48,49,50,51,52,53,54,55,56,57,58,59,60,61,62,63,64,65,66,67,68,69,70,71,72,73,74,75,76,77,78,79,80,81,82,83,84,85,86,87,88,89,90,91,92,93,94,95,96,97,98,99,100,101,102,103,104,105,106,107,108
0,0.0,3.951096,5.843839,9.9503975,11.906782,15.617154,18.032143,21.321001,25.989016,27.496107,32.86518,35.40729,38.69243,39.667892,38.82997,37.193935,34.192757,33.216377,30.062008,29.199383,24.888872,28.083796,22.189445,26.108734,22.252838,24.966162,25.691986,22.419115,25.150805,24.29662,28.898174,28.245829,32.59279,37.51051,37.608818,41.141117,43.420647,45.90893,44.83131,41.19054,37.418095,39.264404,35.100925,34.591,29.981638,30.71391,27.08048,28.279835,23.225954,26.426077,27.487215,30.976742,28.561768,34.892048,35.297127,36.5441,38.7966,35.80808,38.423748,42.555473,38.33916,35.18884,34.213547,30.437504,30.471285,26.831766,28.756023,23.403748,25.09122,22.763273,23.196362,26.67146,27.168737,27.966105,31.827162,32.98915,37.083015,39.163895,40.444866,43.599396,44.250248,40.22029,37.961926,34.849617,30.864067,29.685526,24.609526,21.684698,19.078918,15.72875,15.238806,12.852354,12.811909,9.994629,15.552802,18.361803,18.488466,17.361092,17.353842,13.940701,17.680452,15.03083,15.215424,19.300114,19.849659,19.993473,23.130598,23.566015,27.300392
1,3.951096,0.0,4.680418,7.336085,8.755835,12.6288805,14.498675,18.140215,22.402288,23.983768,29.171427,31.66235,34.935444,35.78625,34.95239,33.254044,30.315765,29.384129,26.29613,25.630823,21.462292,24.974936,19.334743,23.722227,20.254345,23.320675,23.89106,20.565733,22.671232,21.405312,25.992483,24.881092,29.229044,33.895176,33.878296,37.455597,39.627487,42.211967,41.226063,37.603603,33.91483,35.860916,31.910295,31.24779,26.958933,28.107904,24.51352,26.294449,21.270657,24.982332,26.267143,29.35547,26.471237,32.84349,32.914047,33.89261,35.93156,32.81633,35.204655,39.377422,35.118134,31.898575,31.30027,27.714315,27.989185,24.846865,26.885918,21.977186,23.710701,21.400496,21.191164,24.211515,24.608992,24.902447,28.91042,29.72067,33.8928,35.790962,36.931877,40.00306,40.503094,36.375477,34.078205,30.92971,26.954845,25.762499,20.668987,17.8522,15.302558,12.134376,12.244971,10.446634,10.552224,9.657595,15.009731,17.164371,16.463903,15.023991,14.123035,10.678866,13.833733,11.286858,12.147937,15.810494,16.116116,16.647007,19.382307,20.14477,23.795237
2,5.843839,4.680418,0.0,5.160569,7.020894,10.2764635,13.271024,16.092112,21.133642,22.6987,28.169695,31.173504,34.173405,35.726456,35.216763,34.085625,31.221972,30.947367,27.69272,27.730846,23.681978,27.660362,22.359953,26.49545,23.461712,26.061796,25.98764,21.891027,24.062296,22.204601,27.4194,25.476002,30.618612,34.56882,35.25108,38.421276,40.662518,43.546516,42.354527,39.07449,35.5607,36.714973,32.91747,31.685621,27.13829,28.882109,24.920855,26.94529,21.658024,25.11672,25.616516,28.614937,25.391718,32.01444,31.557426,33.225033,35.26671,31.778423,34.330822,38.15404,33.65331,30.690598,29.216684,25.536034,25.16682,21.934912,23.246105,18.103174,19.488173,17.097118,17.425198,20.86771,21.572607,22.546974,26.439917,27.86847,31.858974,34.205925,35.490555,38.87973,39.706184,35.990738,34.088432,31.12466,27.112202,26.10288,21.394638,18.387335,17.028728,13.626189,14.343211,11.957791,10.111394,9.686459,13.556613,15.475165,14.799317,14.48847,13.4989605,11.645907,14.810139,13.907139,15.990631,18.779879,18.373545,18.301357,20.09548,20.40617,23.596725
3,9.9503975,7.336085,5.160569,0.0,5.296807,7.719574,9.160986,13.165885,17.194208,19.511406,24.115366,27.883978,30.329329,32.02091,31.869099,30.550999,28.222061,28.19532,25.352716,26.019905,22.543436,27.012878,22.388243,27.203524,24.734116,27.806606,27.623844,23.600952,24.781345,22.174969,27.28087,24.225208,29.406773,32.46021,32.872944,36.110374,37.94641,41.16852,40.269157,37.105373,33.889023,35.202114,31.99971,30.28929,26.48551,29.149244,25.286333,28.22444,23.108332,27.087967,27.66506,30.015104,26.010847,32.657345,31.363432,32.84789,34.426735,30.486788,32.54514,36.18227,31.369658,28.46678,27.22893,24.03837,23.524311,21.524618,22.003662,17.773397,18.294212,15.335146,14.309908,17.470896,17.436977,18.154095,21.89797,23.154161,27.194176,29.398659,30.874557,34.144928,35.22255,31.697184,29.70587,27.00672,22.986336,22.471502,17.557709,15.76697,15.214879,12.753445,14.874543,13.645068,11.741721,13.603064,16.703892,17.616953,15.716347,15.464226,12.483258,11.711171,12.612586,12.452094,15.4281,17.482174,16.54405,17.685167,17.900496,19.042368,21.610704
4,11.906782,8.755835,7.020894,5.296807,0.0,3.928353,7.002753,9.433877,14.42101,15.731455,21.425732,24.172777,27.280632,28.886461,28.407187,27.668074,24.761332,25.009888,21.671337,22.483725,18.879679,23.47976,19.193098,23.496489,21.620775,24.23869,23.502121,19.150913,20.08396,17.202019,22.565744,19.39812,24.94111,28.06986,29.094097,31.990032,34.194504,37.2976,36.057926,33.04874,29.794462,30.544477,27.191124,25.433258,21.336773,24.083488,20.139317,23.271154,18.218334,22.296719,22.886723,24.95555,20.818598,27.42457,26.200195,27.58478,29.245512,25.459297,27.707226,31.509056,26.927767,23.90526,22.872763,19.483809,19.568956,17.297152,18.992468,14.994587,16.751188,14.964398,14.13822,16.212,17.268478,17.108364,21.508959,22.323755,26.394262,28.56774,29.382065,32.81521,33.24115,29.406103,27.758463,24.682705,20.73472,19.530293,15.46799,11.948286,11.881726,8.899905,11.173726,9.962444,7.381807,11.20918,13.16811,13.307087,10.80971,10.444378,7.275074,7.413691,9.0272,10.519229,14.528746,15.237254,13.780888,13.487843,13.766114,14.165449,16.885084
5,15.617154,12.6288805,10.2764635,7.719574,3.928353,0.0,5.199939,5.8211775,11.442562,12.656998,18.502148,21.609602,24.428234,26.59284,26.423496,26.249222,23.529995,24.46833,21.175537,22.786928,19.687061,24.57622,21.068918,25.161224,23.95053,26.304924,25.07695,20.469185,20.850573,17.303833,22.800142,18.58116,24.598373,26.6937,28.26877,30.730396,32.87254,36.252014,34.91893,32.303432,29.372211,29.453386,26.545115,24.166239,20.333534,23.914011,19.931877,23.609875,18.781286,22.761074,22.882246,24.362425,19.650291,26.211023,24.178156,25.885258,27.280596,23.075842,25.195324,28.652782,23.832542,21.03012,19.533255,16.339252,16.066563,14.5476,15.620652,12.386102,13.842033,12.363151,11.113324,12.542061,14.022811,13.742994,18.26284,19.225874,23.148949,25.547678,26.259016,29.908955,30.419346,26.900364,25.675938,22.789865,18.966024,17.929626,14.70403,11.319378,12.862018,10.578064,13.414579,12.556552,9.331327,14.002912,14.398568,13.550689,10.348048,10.947078,6.863533,9.470451,9.68565,12.826324,17.407434,17.11252,15.034778,14.495252,13.197531,13.365431,15.1511
6,18.032143,14.498675,13.271024,9.160986,7.002753,5.199939,0.0,6.069042,8.12085,10.788047,15.013316,18.883223,21.171137,23.017515,23.09891,22.286983,20.212206,21.097752,18.468176,20.509344,18.169577,23.263933,20.488571,25.286123,24.442326,27.413273,26.492191,22.549295,21.950438,18.13739,22.877642,17.971693,23.35945,24.757008,25.51042,28.32504,29.90841,33.52671,32.687656,29.998524,27.3401,28.13854,25.893503,23.351776,20.738806,24.84311,21.353043,25.638618,21.298065,25.726643,26.385946,27.373343,22.374126,28.540173,26.086733,27.054756,27.88711,23.522943,24.843452,28.276257,23.319063,20.443142,20.042862,17.73947,17.822123,17.882011,18.436787,16.499226,17.09997,15.16598,12.2735,12.71009,12.796874,11.241144,15.692433,15.74263,19.942064,21.78024,22.586893,25.88784,26.44979,22.79101,21.14253,18.388474,14.448366,13.964526,10.151363,8.880926,11.087252,10.539746,14.340294,14.842192,12.908671,17.868164,19.008081,18.0293,14.397613,14.17124,8.715197,10.986743,8.022371,11.455785,16.238579,15.270025,12.873415,14.239606,11.290159,13.084999,14.211086
7,21.321001,18.140215,16.092112,13.165885,9.433877,5.8211775,6.069042,0.0,6.807844,7.167642,13.452843,16.461884,19.129438,21.792995,21.889826,22.569197,20.040174,21.919994,18.787664,21.462633,19.30681,24.350658,22.22646,25.931274,25.813606,27.867846,26.083662,21.580122,20.822987,16.519352,21.644432,16.038305,22.307009,22.850065,25.108845,26.924156,28.961954,32.623886,31.196196,29.143171,26.73679,25.985594,23.86659,20.697346,17.70155,22.4229,18.770914,23.263716,19.211538,23.122671,23.027752,23.392338,17.99748,24.015657,20.87899,22.501505,23.316362,18.645258,20.309761,23.411915,18.369627,15.744977,14.32737,11.812489,11.785677,12.274897,13.119661,12.244477,13.547041,13.177215,11.025757,9.961145,12.065356,10.345585,15.108846,15.468499,19.139053,21.469799,21.588215,25.389671,25.554241,22.221087,21.637276,18.892065,15.47519,14.422312,13.071429,9.919097,13.511509,12.570456,15.850298,15.891787,12.9265995,18.493443,17.56267,15.483685,11.503906,12.4893465,7.7489915,12.320658,10.58579,15.388615,20.421312,18.577929,15.811885,14.987658,11.480569,11.424637,11.469069
8,25.989016,22.402288,21.133642,17.194208,14.42101,11.442562,8.12085,6.807844,0.0,4.500496,7.0894346,11.697281,13.280916,15.953751,16.685266,17.104174,15.715569,18.150867,16.146563,19.80242,19.098455,24.122633,23.376574,27.49096,28.061977,30.574413,29.000927,25.324276,23.362316,18.858221,22.70023,16.150488,21.333902,20.122416,21.635742,23.482649,24.674149,28.779434,27.957382,26.158829,24.44155,24.182629,23.351463,19.760462,18.8569,24.269554,21.466824,26.573896,23.35642,27.546461,27.958895,27.592394,22.043274,27.148867,23.377054,23.98654,23.836842,19.043371,19.286234,22.016571,16.886263,14.44948,14.836725,14.221774,14.70563,17.402649,17.466658,18.24537,18.539553,17.829235,14.244082,11.64446,11.967423,7.8843913,12.113171,10.570207,14.352463,15.783085,15.570716,19.034332,19.038893,15.596179,14.932437,12.51427,9.344554,9.268534,9.34794,9.553914,14.157005,15.222347,19.074749,20.338608,18.449755,24.227322,23.894018,21.73235,17.560472,17.766537,12.38616,16.306293,11.991756,16.85826,21.760977,18.911474,15.847649,16.763334,11.116821,12.790836,11.146284
9,27.496107,23.983768,22.6987,19.511406,15.731455,12.656998,10.788047,7.167642,4.500496,0.0,7.587969,9.36695,12.296041,14.985128,15.201724,16.834305,14.608381,17.556366,14.990346,18.828836,18.209106,23.00209,22.772789,26.025776,27.164562,29.052776,26.981098,23.244143,20.979439,16.325214,20.0591,13.198085,18.78554,17.209396,19.895054,21.026915,22.774181,26.708498,25.357182,23.911503,22.26277,20.93817,20.110357,16.190384,15.216321,20.949507,18.303799,23.514101,20.807512,24.667698,24.910578,24.014357,18.418552,23.069485,19.070156,19.619688,19.39741,14.549362,14.941044,17.844717,12.79586,10.121754,10.889104,10.422914,11.88817,14.822352,16.033213,17.415192,18.64575,18.993504,16.235931,13.177114,14.799207,11.026271,15.113368,13.641794,16.768244,18.180216,17.087364,20.596594,19.713215,16.118803,16.212416,13.4826355,11.007828,9.688622,11.554356,9.609983,14.529307,15.390928,18.75598,19.984863,18.027514,24.047361,22.785656,20.0709,15.88061,16.25183,11.686439,16.242744,12.696376,18.098291,23.049782,19.6252,16.46943,15.850146,10.227145,10.518141,7.8466177
10,32.86518,29.171427,28.169695,24.115366,21.425732,18.502148,15.013316,13.452843,7.0894346,7.587969,0.0,7.3075285,6.4900174,10.014459,11.886133,13.306014,13.479584,17.020061,16.361128,20.88413,21.747108,26.219152,27.060905,30.736853,32.20686,34.56432,32.83057,29.764193,26.867718,22.382393,24.895445,17.914387,21.750946,18.033712,19.529533,20.494444,20.808212,25.291338,24.856,23.94311,23.356792,22.66296,23.457832,19.40301,20.610075,26.448591,24.571604,29.935919,27.740612,31.70217,32.187473,30.92397,25.420425,29.265585,24.816248,24.685295,23.502342,18.91635,17.634697,19.376217,14.713966,13.162624,15.124629,16.472626,17.385574,21.646597,21.408276,23.704676,23.703781,23.477764,19.686394,15.952594,15.805484,11.021511,13.160857,9.691647,12.007747,11.992659,10.243377,13.242905,12.274567,8.962887,9.566762,8.208016,7.3938413,8.429946,12.027598,14.007753,18.74289,20.809778,24.520517,26.349836,24.873768,30.828388,30.156012,27.599422,23.388983,23.500349,18.488867,22.361576,17.455908,22.197721,26.761246,23.028305,19.949474,21.12801,14.717283,16.48842,13.248047
11,35.40729,31.66235,31.173504,27.883978,24.172777,21.609602,18.883223,16.461884,11.697281,9.36695,7.3075285,0.0,5.623866,6.5020127,6.601371,10.416086,9.303313,13.657872,12.869924,17.59142,19.292597,22.942621,25.134518,27.608284,30.08653,31.765999,29.670038,27.280968,23.572798,19.410637,20.56353,13.7905655,16.493376,11.295476,14.038482,13.862887,14.755338,19.04262,18.0681,17.708012,17.597404,15.849785,17.4821,13.260925,16.051628,21.798475,20.930103,26.221842,25.272205,28.83434,29.657,27.633505,22.635134,25.118973,20.971525,19.587845,17.84264,14.124591,11.910919,14.130942,10.777599,8.968432,13.748398,15.652316,18.213793,22.104021,23.713907,26.145678,27.400795,28.024427,24.973442,21.249996,22.153893,17.586843,20.17141,16.931087,18.757776,18.322578,15.519715,17.57243,14.4815445,10.283724,11.54639,9.284038,9.894187,8.547519,14.2496,14.370114,18.83164,21.216438,24.210386,26.458435,25.605999,31.675472,30.482704,27.545296,23.503397,23.1499,19.193693,22.916193,18.461477,23.330622,27.592207,22.912432,19.926771,19.814713,13.763945,14.564866,10.3973055
12,38.69243,34.935444,34.173405,30.329329,27.280632,24.428234,21.171137,19.129438,13.280916,12.296041,6.4900174,5.623866,0.0,5.4676933,8.310533,11.64955,12.830258,17.064182,17.330433,22.101534,24.07204,27.781857,29.931051,32.840946,35.13125,37.099396,35.146954,32.657986,29.078098,24.841698,26.11614,19.346678,21.769962,15.978678,17.807425,17.44985,17.104174,21.642668,21.353783,21.520908,22.059893,20.614006,22.856365,18.690939,21.623781,27.413582,26.453627,31.76677,30.595272,34.185326,34.75726,32.72806,27.557247,30.066717,25.397383,24.455297,22.417925,18.56057,15.957949,16.705809,13.366196,12.815428,16.339046,18.929443,20.500057,25.29577,25.500645,28.581064,28.875599,29.221584,25.673643,21.53235,21.664406,17.00794,18.279137,14.503505,15.268018,14.082182,10.713147,12.300238,9.026641,5.949628,8.8438225,8.68365,10.574535,11.1726675,16.527119,18.364862,22.922018,25.421041,28.781149,30.94913,29.813486,35.882343,34.80249,31.915258,27.787416,27.764261,23.325085,27.1602,22.277678,26.979216,31.255453,26.851643,23.871494,24.649801,18.302496,19.642172,15.633649
13,39.667892,35.78625,35.726456,32.02091,28.886461,26.59284,23.017515,21.792995,15.953751,14.985128,10.014459,6.5020127,5.4676933,0.0,3.6641815,7.0030346,9.145952,13.186307,14.527642,19.096283,21.97131,24.984175,28.039288,30.742706,33.42535,35.48535,33.82742,32.158432,28.083832,24.320055,24.430685,18.375725,19.120691,12.973914,13.423566,13.276617,12.1614485,16.762712,17.085487,17.1332,18.140615,17.736286,20.604055,17.112976,21.18372,26.399948,26.143793,31.314432,30.698656,34.402817,35.61625,33.551975,28.793068,30.85551,26.934519,24.932224,22.776371,19.822697,16.887627,18.313156,16.067034,14.988038,19.858727,22.086586,24.397661,28.523127,29.674109,32.1691,32.965073,33.137997,29.563993,25.830015,25.799099,20.993246,22.617393,18.531992,19.704811,17.891924,14.721607,15.093613,10.87685,6.2645526,7.7662024,7.087695,10.180268,10.245164,16.131262,18.385593,22.266977,25.404327,28.491644,31.214888,30.877869,36.87014,36.30104,33.5782,29.494171,28.774282,24.48843,27.588564,22.395315,26.539099,30.24994,25.410303,22.719711,23.896421,17.879004,19.674385,15.974881
14,38.82997,34.95239,35.216763,31.869099,28.407187,26.423496,23.09891,21.889826,16.685266,15.201724,11.886133,6.601371,8.310533,3.6641815,0.0,5.561984,6.3394284,10.465893,11.76062,16.1716,19.340712,21.942686,25.452124,27.744152,30.719799,32.598824,30.951227,29.673077,25.361813,21.902374,21.38632,15.805272,15.754686,9.53619,9.864245,9.746971,9.064984,13.646319,13.763191,13.534059,14.500876,14.309225,17.27341,14.133465,18.683756,23.521296,23.661077,28.673426,28.452753,32.0899,33.612576,31.505775,27.073797,28.828485,25.45249,22.879013,20.801231,18.408823,15.549688,17.680614,15.965273,14.420674,19.976028,21.846592,24.71574,28.252827,30.240488,32.345398,33.6922,33.995174,30.682228,27.2008,27.506363,22.739136,24.948221,21.052023,22.674042,21.131207,18.129864,18.687664,14.526053,9.7267275,10.264641,8.406385,10.862285,9.759717,15.754541,17.197273,20.678284,23.922567,26.65785,29.572325,29.631575,35.53361,35.018562,32.327324,28.37205,27.30292,23.427568,26.190964,21.230371,25.209803,28.679943,23.562845,21.015554,21.801348,16.239199,17.84118,14.335134
15,37.193935,33.254044,34.085625,30.550999,27.668074,26.249222,22.286983,22.569197,17.104174,16.834305,13.306014,10.416086,11.64955,7.0030346,5.561984,0.0,4.9877105,7.2377872,10.167814,14.021662,17.56674,20.027605,23.474764,26.53869,29.12371,31.682796,30.708881,29.860737,25.64931,22.506594,21.820103,16.917793,16.151266,12.089327,9.276915,11.610274,10.14086,14.303669,15.502695,13.916683,14.327018,16.675966,18.910301,16.70765,20.756334,25.029064,25.065437,29.963367,29.36462,33.451683,35.46882,33.95051,29.578588,31.983768,29.186073,26.542852,24.930738,22.538816,20.23544,22.915901,20.765722,18.700272,23.899261,25.092007,27.787498,30.796112,32.74283,34.073204,35.269833,34.904263,31.280273,28.385,28.00894,23.263056,25.49952,21.40636,23.518948,21.61289,19.326199,19.401497,15.847864,10.51937,8.81085,6.5152936,8.951668,8.372143,13.236174,16.243843,18.86418,22.663935,25.48795,28.775301,29.417042,35.06029,35.533337,33.32936,29.362825,27.77504,23.491716,25.358578,19.842388,22.887291,25.764225,20.783121,18.59501,20.832418,15.581205,18.365126,15.903811
16,34.192757,30.315765,31.221972,28.222061,24.761332,23.529995,20.212206,20.040174,15.715569,14.608381,13.479584,9.303313,12.830258,9.145952,6.3394284,4.9877105,0.0,4.4801207,5.664683,9.992971,13.318951,15.926981,19.392939,22.051273,24.831928,27.082115,25.889435,25.02656,20.727007,17.65092,16.867373,12.030632,11.380144,8.380809,6.4073124,9.3891735,9.886929,13.629091,13.733374,11.408383,10.70943,12.88773,14.284301,12.205186,15.967519,20.076702,20.15221,24.991913,24.537985,28.561735,30.713234,29.245268,25.089558,27.484976,25.17509,22.348713,21.104193,18.948383,17.197977,20.69249,18.60248,15.981227,21.371275,22.014277,25.173578,27.472033,30.272585,31.19422,33.028145,32.960453,29.817152,27.166113,27.456964,22.900164,25.929546,22.35135,24.960049,23.810839,21.607018,22.552404,19.193533,13.746517,12.4179735,9.015292,9.594426,7.077907,11.904237,12.891936,15.37485,18.981686,21.445211,24.731043,25.527903,31.132195,31.389616,29.146902,25.335373,23.542694,19.786625,21.564796,16.583805,19.882318,22.894157,17.61897,15.334338,16.531258,11.651998,13.956507,11.746669
17,33.216377,29.384129,30.947367,28.19532,25.009888,24.46833,21.097752,21.919994,18.150867,17.556366,17.020061,13.657872,17.064182,13.186307,10.465893,7.2377872,4.4801207,0.0,4.4712057,6.971723,11.031856,12.886306,16.752039,19.639719,22.319233,24.949284,24.364546,24.24124,19.974634,17.639303,16.151672,12.91242,10.831716,10.574957,6.130636,10.857505,11.232371,13.910877,14.538315,11.051005,9.539496,14.048614,14.668416,13.955792,17.243038,20.262302,20.585115,24.965979,24.562445,28.734795,31.42455,30.387703,26.668024,29.188654,27.695435,24.596735,23.751518,22.06121,20.73594,24.58437,22.636053,19.774506,25.004627,25.10526,28.323486,29.919834,33.08161,33.29912,35.32176,34.93291,31.841364,29.74414,29.819534,25.454447,28.658815,25.169474,28.098145,26.881588,25.064693,25.799152,22.683239,17.173637,15.0269,11.659057,11.67442,9.281201,12.079645,13.2522545,14.262096,18.219105,20.277384,23.92738,25.493784,30.655918,31.671062,29.866175,26.28572,23.920393,20.407606,21.092426,16.209131,18.348106,20.497694,15.178112,13.525494,15.520681,11.958599,14.774482,13.866763
18,30.062008,26.29613,27.69272,25.352716,21.671337,21.175537,18.468176,18.787664,16.146563,14.990346,16.361128,12.869924,17.330433,14.527642,11.76062,10.167814,5.664683,4.4712057,0.0,4.776723,7.6693306,10.568636,13.754344,16.528803,19.169415,21.547396,20.602266,20.014051,15.810538,13.209122,12.30002,8.663248,7.8883457,9.536902,7.620024,11.641061,13.453041,15.993995,15.510887,11.969022,9.288048,12.647782,11.870903,11.023293,13.201164,16.326267,16.262968,20.766638,20.138582,24.363256,27.005566,26.11311,22.39488,25.233719,23.995216,21.12579,20.746721,18.949795,18.33482,22.673834,20.489473,17.269678,22.149298,21.705944,25.086658,26.09793,29.755756,29.651102,32.081097,31.93021,29.260084,27.369211,27.979858,23.885616,27.609634,24.634638,27.855177,27.28827,25.586391,27.036888,24.203768,18.706673,16.937622,13.106991,12.023244,8.712674,10.992276,9.921204,11.000963,14.584897,16.468628,19.984331,21.448996,26.672478,27.386105,25.516062,22.022945,19.60438,16.457521,17.253784,12.920941,15.601581,18.240993,12.788287,10.782652,11.478953,8.122283,10.456619,10.054073
19,29.199383,25.630823,27.730846,26.019905,22.483725,22.786928,20.509344,21.462633,19.80242,18.828836,20.88413,17.59142,22.101534,19.096283,16.1716,14.021662,9.992971,6.971723,4.776723,0.0,4.751336,6.044272,10.13011,12.692275,15.452598,18.029696,17.728285,18.204988,14.089102,12.830819,10.765616,10.133479,7.5455317,12.359092,9.53013,13.929534,15.913314,17.31949,16.913109,12.636768,9.0278425,13.972607,12.067323,12.987997,14.344484,15.692544,16.075176,19.689482,19.360252,23.511883,26.773838,26.340483,23.403671,26.105972,25.96177,22.804142,22.913261,21.836838,21.696285,26.295109,24.45976,21.135033,25.808075,24.838654,28.325594,28.45528,32.666523,31.83754,34.6343,34.35231,31.98288,30.653055,31.290737,27.50524,31.430096,28.671478,32.1104,31.604633,30.12207,31.504246,28.75143,23.216148,21.114511,17.350945,16.044472,12.939818,13.55704,11.863648,10.836521,14.249034,15.116417,18.922266,21.346691,25.845274,27.21126,25.830542,22.835949,19.802975,17.534124,16.96396,13.594785,14.7518,16.186876,10.785341,9.901395,10.503762,10.010095,11.986742,13.102301
20,24.888872,21.462292,23.681978,22.543436,18.879679,19.687061,18.169577,19.30681,19.098455,18.209106,21.747108,19.292597,24.07204,21.97131,19.340712,17.56674,13.318951,11.031856,7.6693306,4.751336,0.0,5.15945,6.111976,9.715759,11.597595,14.495187,14.277852,14.224849,10.792361,9.736809,9.137386,9.341227,9.153749,15.231486,13.836996,17.750504,20.185297,21.684566,20.799181,16.700851,12.776651,16.468365,13.159599,14.080343,13.265475,14.071115,13.543542,16.866941,15.706166,20.119781,23.469782,23.71436,20.91643,24.390554,24.728865,22.198704,23.010504,21.700558,22.43845,27.285706,25.018997,21.47447,25.239105,23.493057,26.783737,26.004208,30.50129,28.92404,31.995575,31.651604,29.72519,28.98655,29.888157,26.627066,30.915813,28.76391,32.51401,32.56518,31.46314,33.359535,31.116829,25.665863,23.55814,19.623302,17.434914,14.261861,13.375986,9.926486,7.5252595,10.186705,10.47415,14.295446,17.050125,21.229761,22.896263,21.859747,19.158342,15.814785,14.0956135,12.712718,10.471002,11.148006,12.642234,7.502265,6.8571916,6.167696,8.190639,9.65465,12.323632
21,28.083796,24.974936,27.660362,27.012878,23.47976,24.57622,23.263933,24.350658,24.122633,23.00209,26.219152,22.942621,27.781857,24.984175,21.942686,20.027605,15.926981,12.886306,10.568636,6.044272,5.15945,0.0,6.231732,7.187041,10.325681,12.711686,13.163251,15.079678,11.48904,12.315116,9.246198,12.374991,9.380529,16.503891,14.331706,18.150309,20.615686,21.01286,20.220404,15.843286,11.770926,16.50328,13.117563,15.597447,15.460322,14.465974,15.254056,17.347538,17.46689,21.198378,25.083036,25.245533,23.449556,25.89745,27.1319,23.895554,24.714956,24.429272,25.02267,29.868015,28.384642,24.977556,29.189192,27.564451,31.150288,30.130993,35.075638,33.439953,36.789433,36.580433,34.813354,34.08896,35.043842,31.727077,35.959736,33.635548,37.28476,37.091118,35.777973,37.366302,34.723217,29.199686,27.08352,23.278368,21.632807,18.488678,18.044071,15.078389,12.384369,14.596136,13.781121,17.433447,20.803469,24.17839,25.976418,25.153734,22.988455,19.443815,18.729067,16.804043,15.43189,15.133291,15.167871,10.750481,11.292168,10.371024,13.236086,14.059766,16.499193
22,22.189445,19.334743,22.359953,22.388243,19.193098,21.068918,20.488571,22.22646,23.376574,22.772789,27.060905,25.134518,29.931051,28.039288,25.452124,23.474764,19.392939,16.752039,13.754344,10.13011,6.111976,6.231732,0.0,6.133093,5.907323,9.884224,11.091366,12.054053,10.356694,11.403088,11.0735445,13.876985,13.738595,20.82072,19.424824,23.269527,25.818499,26.773455,25.823694,21.589252,17.468811,21.21191,17.068882,18.847889,16.696566,15.615395,14.903914,16.519304,15.043402,19.122156,22.945204,24.195889,22.411825,26.069485,27.547556,25.337725,26.812996,25.896986,27.277466,32.2366,30.008589,26.42318,29.48268,27.063728,30.126427,28.187452,33.03723,30.433296,33.817276,33.279053,31.923922,32.033333,33.013237,30.38564,34.84621,33.195744,37.17382,37.515575,36.775337,38.824745,36.897934,31.482786,29.167833,25.268429,22.73141,19.802027,17.630934,13.823481,9.701468,10.5183115,8.668555,12.167402,16.14366,18.698004,21.419214,21.338232,19.621462,15.805057,15.602553,12.290281,12.508402,10.808089,10.208759,7.278728,8.764041,7.4476423,12.658263,13.346271,17.061705
23,26.108734,23.722227,26.49545,27.203524,23.496489,25.161224,25.286123,25.931274,27.49096,26.025776,30.736853,27.608284,32.840946,30.742706,27.744152,26.53869,22.051273,19.639719,16.528803,12.692275,9.715759,7.187041,6.133093,0.0,4.916511,5.569873,6.6287827,10.111207,8.220513,11.495204,9.069303,14.731195,13.3030615,21.173964,20.539028,23.534374,26.637234,26.736382,25.228731,21.27877,17.151098,20.121582,15.405714,18.399584,16.103981,12.870719,13.4607525,13.37562,13.745025,16.637815,20.951904,21.947075,21.51334,23.832088,26.492798,23.72641,25.470728,25.743687,27.340929,32.298286,30.987038,27.58384,30.851444,28.451527,31.96358,29.591099,35.257896,32.803608,36.78624,36.875694,36.00696,35.887558,37.42875,34.76895,39.339504,37.694843,41.50262,41.893803,40.74497,42.834564,40.42591,35.00723,33.138084,29.198183,27.073719,23.78251,22.725615,18.187933,14.896811,15.118431,12.445991,15.028939,18.872168,20.815401,22.519802,22.25266,21.251083,17.529547,18.929,16.125511,17.42446,16.530855,15.973101,13.374206,14.442166,11.153673,16.466036,15.729012,19.161741
24,22.252838,20.254345,23.461712,24.734116,21.620775,23.95053,24.442326,25.813606,28.061977,27.164562,32.20686,30.08653,35.13125,33.42535,30.719799,29.12371,24.831928,22.319233,19.169415,15.452598,11.597595,10.325681,5.907323,4.916511,0.0,4.8705482,7.699224,10.180861,10.430843,13.371479,12.905415,17.540277,17.38387,25.040977,24.238031,27.610756,30.527914,30.97921,29.66112,25.586678,21.413824,24.50963,19.737192,22.172329,19.087147,16.280268,15.757649,15.389208,14.321888,17.354609,21.501757,23.43335,22.959646,26.196722,28.8565,26.826365,28.858929,28.585934,30.515652,35.498863,33.621414,30.111343,32.681442,29.827272,32.86818,29.949648,35.33948,32.138718,35.995735,35.69152,35.04517,35.593636,36.96559,34.79357,39.40881,38.158203,42.178032,42.813065,42.10953,44.368458,42.456844,37.083996,34.92955,30.994497,28.386686,25.370935,23.147192,18.67089,14.567181,13.918572,10.550325,12.605319,16.978607,17.797224,20.612305,21.166193,20.60443,16.766762,18.407598,14.508068,16.823551,14.676626,13.18501,12.300465,14.046181,11.368976,17.518532,17.102943,21.13843
25,24.966162,23.320675,26.061796,27.806606,24.23869,26.304924,27.413273,27.867846,30.574413,29.052776,34.56432,31.765999,37.099396,35.48535,32.598824,31.682796,27.082115,24.949284,21.547396,18.029696,14.495187,12.711686,9.884224,5.569873,4.8705482,0.0,4.0719886,8.487383,9.41713,13.566092,12.481673,18.33412,18.000494,25.790516,25.832441,28.503159,31.838854,31.900166,30.094965,26.39091,22.312788,24.406933,19.293056,22.189533,18.698904,14.561992,14.6281595,12.696869,12.871849,14.666636,19.033398,20.920769,21.575893,23.893696,27.44736,25.312107,27.644907,28.117496,30.342371,35.241013,33.932053,30.59856,33.045773,30.128828,33.385735,30.051956,36.00317,32.89697,37.20458,37.434216,37.24129,37.63934,39.503628,37.393723,42.105843,40.97199,44.866768,45.655106,44.694523,47.10053,44.938652,39.623672,37.853306,33.8714,31.436298,28.170443,26.646631,21.496235,18.035004,16.98577,13.366089,14.605089,18.488651,18.898499,20.593124,20.967165,21.04564,17.470774,20.309155,17.011465,20.02236,18.716312,17.788767,16.664011,17.93623,13.950058,20.034237,18.603573,22.438316
26,25.691986,23.89106,25.98764,27.623844,23.502121,25.07695,26.492191,26.083662,29.000927,26.981098,32.83057,29.670038,35.146954,33.82742,30.951227,30.708881,25.889435,24.364546,20.602266,17.728285,14.277852,13.163251,11.091366,6.6287827,7.699224,4.0719886,0.0,5.5214257,6.309166,10.847524,9.978491,15.934591,16.214308,23.696516,24.691162,26.792736,30.438059,30.629385,28.410025,25.08878,21.117119,22.085546,16.764572,19.467379,15.48854,10.964374,11.051254,8.643182,9.498486,10.991019,15.44048,16.980791,17.839354,19.844738,23.573189,21.489288,23.97953,24.652222,27.088358,31.901566,30.80456,27.601294,29.899456,27.006483,30.410337,27.04817,33.28063,30.51615,35.043987,35.707443,35.68571,35.77194,38.003826,35.860043,40.601833,39.5422,43.28527,44.219826,43.05987,45.634796,43.36351,38.186005,36.802944,32.814945,30.467234,27.044598,26.15371,20.430885,17.767458,16.53634,13.166433,14.135636,17.309288,18.378199,18.844769,18.61257,18.686543,15.383,18.70518,16.297903,19.435062,19.247759,19.37848,17.583267,18.159573,13.096166,18.760586,16.533113,20.111286
27,22.419115,20.565733,21.891027,23.600952,19.150913,20.469185,22.549295,21.580122,25.324276,23.244143,29.764193,27.280968,32.657986,32.158432,29.673077,29.860737,25.02656,24.24124,20.014051,18.204988,14.224849,15.079678,12.054053,10.111207,10.180861,8.487383,5.5214257,0.0,4.9674664,7.903923,10.192256,14.008662,16.583326,23.20635,25.058453,26.997581,30.70837,31.649555,29.260403,26.196486,22.296701,22.322628,17.009842,18.427374,13.193344,10.139928,8.087221,6.6185665,4.4676123,7.3344793,11.355501,13.455303,13.483036,16.916807,20.064325,19.043375,21.818577,21.644365,24.567842,29.291582,27.599457,24.405712,25.798151,22.500051,25.571867,21.820053,28.01586,25.068079,29.674713,30.492887,30.765368,30.971697,33.47934,31.692417,36.477074,35.85356,39.57531,40.91122,39.936348,42.88015,41.00131,36.08271,34.92598,30.97333,28.288696,24.97684,23.912405,17.573643,15.579541,13.4282055,10.27574,10.276923,12.513011,14.10169,13.67488,13.131152,13.255534,10.149176,14.230923,12.43036,16.414698,17.111546,18.40155,16.79526,16.686762,10.81703,16.198717,13.304251,17.0866
28,25.150805,22.671232,24.062296,24.781345,20.08396,20.850573,21.950438,20.822987,23.362316,20.979439,26.867718,23.572798,29.078098,28.083832,25.361813,25.64931,20.727007,19.974634,15.810538,14.089102,10.792361,11.48904,10.356694,8.220513,10.430843,9.41713,6.309166,4.9674664,0.0,4.671871,5.2312818,9.852707,11.650865,18.441484,20.263329,22.09727,25.83943,26.691013,24.303598,21.24237,17.381931,17.472233,12.174101,13.882032,9.427361,6.3870993,5.422781,6.290612,6.3396215,9.737593,13.625644,14.154668,13.29605,16.029146,18.553904,16.45205,18.70884,18.741028,21.10882,25.989515,24.600428,21.336922,23.810902,21.139633,24.74869,22.086597,28.203777,26.156353,30.531073,31.3845,31.011747,30.523338,32.852135,30.409863,35.097885,33.907284,37.494003,38.436516,37.110676,39.774136,37.475155,32.434055,31.359316,27.404123,25.128315,21.621517,21.440569,15.36702,13.894112,13.045453,10.867289,12.38542,14.578034,17.646523,17.180218,15.840901,14.732633,11.590992,14.062651,13.101535,15.247825,16.683779,18.363947,15.350057,14.839382,8.961018,13.455862,10.631803,13.912872
29,24.29662,21.405312,22.204601,22.174969,17.202019,17.303833,18.13739,16.519352,18.858221,16.325214,22.382393,19.410637,24.841698,24.320055,21.902374,22.506594,17.65092,17.639303,13.209122,12.830819,9.736809,12.315116,11.403088,11.495204,13.371479,13.566092,10.847524,7.903923,4.671871,0.0,5.959657,6.2225113,10.515883,15.989508,18.362411,20.128084,23.741657,25.336462,23.000822,20.16593,16.550297,16.084875,11.347529,11.438025,6.4705167,7.094088,4.280428,8.563121,6.9496007,11.266645,14.057135,14.073187,11.350582,15.205229,16.179193,14.533618,16.47047,15.392837,17.716005,22.61849,20.60276,17.205378,19.593243,16.990318,20.591595,18.544561,24.31817,22.731966,26.836607,27.696867,27.016724,26.183847,28.517813,25.929249,30.582748,29.38459,32.907734,33.932556,32.614975,35.416645,33.281666,28.38452,27.485506,23.579166,21.197021,17.734774,17.871958,11.524277,11.294212,10.671056,9.919934,11.612235,12.734529,17.187576,16.29027,14.279502,12.060888,9.264754,10.4492855,10.929737,12.087025,14.886633,17.754868,14.226258,12.794394,6.8130765,9.595235,6.1280775,9.396701
30,28.898174,25.992483,27.4194,27.28087,22.565744,22.800142,22.877642,21.644432,22.70023,20.0591,24.895445,20.56353,26.11614,24.430685,21.38632,21.820103,16.867373,16.151672,12.30002,10.765616,9.137386,9.246198,11.0735445,9.069303,12.905415,12.481673,9.978491,10.192256,5.2312818,5.959657,0.0,7.120631,6.6202407,13.734714,15.470728,17.079142,20.878176,21.511345,19.10787,16.060308,12.281509,12.489318,7.2635384,9.712367,7.4541802,5.2640033,6.8006477,9.304052,10.7828455,13.798504,17.292112,16.55193,15.118765,16.720758,18.445501,15.130253,16.526033,16.949768,18.420568,23.335669,22.461977,19.25991,23.00091,21.200993,25.235992,23.785791,29.618183,28.501957,32.555252,33.438217,32.459373,31.274124,33.36344,30.274529,34.74,32.926975,36.282322,36.74129,35.00209,37.2764,34.459053,29.32477,28.379213,24.50148,22.857143,19.212425,20.222214,14.957057,14.247525,14.8871975,13.812876,16.237848,18.26444,22.156246,21.670042,19.856413,17.963606,15.096787,16.01328,15.866839,16.05124,18.065165,19.933401,15.728211,14.855425,10.039414,12.562748,10.317279,12.323614
31,28.245829,24.881092,25.476002,24.225208,19.39812,18.58116,17.971693,16.038305,16.150488,13.198085,17.914387,13.7905655,19.346678,18.375725,15.805272,16.917793,12.030632,12.91242,8.663248,10.133479,9.341227,12.374991,13.876985,14.731195,17.540277,18.33412,15.934591,14.008662,9.852707,6.2225113,7.120631,0.0,6.7462077,10.094516,13.010102,14.433304,17.92783,20.011805,17.778334,15.276567,12.23503,11.3008795,8.003571,6.380969,4.746057,8.990302,8.15377,13.22215,12.793141,16.570475,18.764006,17.52204,13.852776,16.699934,15.917004,13.361106,13.942306,12.373815,13.409173,18.361448,16.418583,12.95806,16.97391,15.653788,19.625809,19.508131,24.483068,24.262388,27.704584,28.562431,27.03601,25.209879,27.199762,23.78222,28.08328,26.136734,29.329031,29.834423,28.031673,30.488348,27.858711,22.912415,22.304216,18.49665,16.80598,13.182425,15.188041,10.077089,11.733615,13.00488,13.922924,16.350143,16.983057,22.275541,21.327621,18.830215,15.698304,13.679879,12.447017,14.310608,12.641635,16.508646,19.896063,15.194304,13.006521,9.175233,7.6345344,5.262069,5.381564
32,32.59279,29.229044,30.618612,29.406773,24.94111,24.598373,23.35945,22.307009,21.333902,18.78554,21.750946,16.493376,21.769962,19.120691,15.754686,16.151266,11.380144,10.831716,7.8883457,7.5455317,9.153749,9.380529,13.738595,13.3030615,17.38387,18.000494,16.214308,16.583326,11.650865,10.515883,6.6202407,6.7462077,0.0,7.909822,8.927822,10.660252,14.299389,15.10922,13.027316,9.741708,6.0799265,7.4865165,4.5244656,6.5589705,9.06805,10.106896,11.883656,15.437839,16.74153,19.929043,22.917437,21.420538,19.033714,20.161966,20.330374,16.336824,16.300787,16.454233,16.375948,21.044004,20.425459,17.396362,22.511454,21.860388,25.996967,26.10889,31.130415,30.999916,34.40952,35.111053,33.318752,31.40546,32.980988,29.185091,33.2106,30.634699,33.661903,33.455906,31.318165,33.015137,29.673922,24.4676,23.592457,19.932867,19.185753,15.625888,18.129251,14.633736,15.025322,17.23587,17.515388,20.602623,22.340866,27.034222,26.755377,24.625088,21.902224,19.369194,18.438156,19.085693,17.03519,19.587662,21.736706,16.56657,15.209076,12.604406,12.114865,11.433802,11.451657
33,37.51051,33.895176,34.56882,32.46021,28.06986,26.6937,24.757008,22.850065,20.122416,17.209396,18.033712,11.295476,15.978678,12.973914,9.53619,12.089327,8.380809,10.574957,9.536902,12.359092,15.231486,16.503891,20.82072,21.173964,25.040977,25.790516,23.696516,23.20635,18.441484,15.989508,13.734714,10.094516,7.909822,0.0,6.4215364,4.751852,8.5387,10.776987,8.45006,7.56817,7.499996,4.936202,8.075418,5.9038033,11.844974,15.356744,16.763641,21.055609,22.221655,25.177305,27.190725,24.754196,21.488861,21.957157,20.157745,16.188568,14.493242,14.122405,12.088115,15.79634,15.74293,13.521035,19.690926,20.609892,24.631489,26.543352,30.541645,31.89297,34.622578,35.587383,33.287045,30.34261,31.76751,27.461195,30.769873,27.66338,29.900602,29.232641,26.413923,27.713413,23.734835,19.020124,19.192661,16.240683,16.887362,13.886532,18.693718,16.853863,19.19664,21.832134,23.249321,26.14085,26.844067,32.288036,31.290298,28.539911,25.239214,23.645378,21.598936,23.75153,20.450901,24.155268,27.146502,21.74989,19.64351,18.103167,14.736472,14.499421,11.85012
34,37.608818,33.878296,35.25108,32.872944,29.094097,28.26877,25.51042,25.108845,21.635742,19.895054,19.529533,14.038482,17.807425,13.423566,9.864245,9.276915,6.4073124,6.130636,7.620024,9.53013,13.836996,14.331706,19.424824,20.539028,24.238031,25.832441,24.691162,25.058453,20.263329,18.362411,15.470728,13.010102,8.927822,6.4215364,0.0,5.087026,6.4029484,8.377957,8.437875,5.1588163,5.1750736,9.092333,11.43422,11.178789,16.183924,18.767313,20.202856,24.250662,25.093706,28.570488,31.213299,29.411568,26.23996,27.339287,26.03439,22.109179,20.752726,20.20099,18.306005,21.881388,21.29597,18.881409,24.866827,25.503534,29.242624,31.010853,34.720573,35.517876,37.95551,38.227295,35.456905,32.88181,33.534687,29.059608,32.21085,28.674929,31.135792,29.873821,27.371862,27.980684,24.039751,18.893936,17.911165,15.010298,15.952666,13.345397,17.428816,17.244913,18.584831,22.051004,23.536875,27.018038,28.496677,33.696198,33.862717,31.642883,28.269835,26.068083,23.441847,24.572418,20.499002,23.10578,25.27013,19.792324,18.20035,18.427065,15.361407,16.699263,15.0476
35,41.141117,37.455597,38.421276,36.110374,31.990032,30.730396,28.32504,26.924156,23.482649,21.026915,20.494444,13.862887,17.44985,13.276617,9.746971,11.610274,9.3891735,10.857505,11.641061,13.929534,17.750504,18.150309,23.269527,23.534374,27.610756,28.503159,26.792736,26.997581,22.09727,20.128084,17.079142,14.433304,10.660252,4.751852,5.087026,0.0,4.3017583,6.076816,4.515464,4.5569024,7.052995,6.675477,11.1314945,10.312288,16.360935,19.12373,21.015614,24.947617,26.444138,29.339842,31.581217,29.096384,26.11635,26.149881,24.50898,20.267956,18.265703,18.387722,15.821287,18.731585,19.264215,17.511559,23.815619,25.094215,28.998741,31.203228,34.95293,36.442528,38.96492,39.75241,37.164165,34.112114,35.15175,30.631798,33.575897,30.056065,32.02519,30.783422,27.782385,28.362976,23.94975,19.395208,19.482761,17.079315,18.579649,16.086967,21.04527,20.348633,22.344248,25.419472,26.830275,30.002834,31.042976,36.397133,35.753117,33.12796,29.824446,28.053034,25.81489,27.61677,23.908163,27.130905,29.662394,24.170984,22.351557,21.642653,18.353086,18.766075,16.284872
36,43.420647,39.627487,40.662518,37.94641,34.194504,32.87254,29.90841,28.961954,24.674149,22.774181,20.808212,14.755338,17.104174,12.1614485,9.064984,10.14086,9.886929,11.232371,13.453041,15.913314,20.185297,20.615686,25.818499,26.637234,30.527914,31.838854,30.438059,30.70837,25.83943,23.741657,20.878176,17.92783,14.299389,8.5387,6.4029484,4.3017583,0.0,4.613454,6.013784,6.688225,9.892204,10.943304,15.333271,14.378702,20.308258,23.281136,24.986605,29.053827,30.282656,33.39799,35.642532,33.23598,30.012592,30.276157,28.27984,24.25171,22.04981,21.787819,18.83765,21.146133,21.49544,20.026371,26.288868,27.904373,31.518665,34.214027,37.40109,39.097713,41.198757,41.714855,38.739002,35.54732,36.108906,31.409845,33.89918,30.015219,31.693775,29.926725,26.859638,26.786266,22.162512,17.853811,17.861551,16.135447,18.408722,16.618587,21.730448,22.323938,24.394003,27.840218,29.584303,32.918987,33.978195,39.425983,39.104958,36.552353,33.05514,31.297035,28.502602,30.27262,25.954365,28.984434,31.386847,25.93183,24.153526,24.423637,20.631823,21.755001,19.131989
