,0,1,2,3,4,5,6,7,8,9,10,11,12,13,14,15,16,17,18,19,20,21,22,23,24,25,26,27,28,29,30,31,32,33,34,35,36,37,38,39,40,41,42,43,44,45,46,47,48,49,50,51,52,53,54,55,56,57,58,59,60,61,62,63,64,65,66,67,68,69,70,71,72,73,74,75,76,77,78,79,80,81,82,83,84,85,86,87,88,89,90,91,92,93,94,95,96,97,98,99,100,101,102,103,104,105,106,107,108,109,110,111,112,113
0,0.0,4.5251193,7.822658,9.228796,12.474201,14.428663,17.65471,23.157593,24.412914,28.415762,30.25144,34.453983,32.08216,29.843323,26.006735,23.501223,19.523966,18.45858,12.311882,12.92037,10.880916,8.708948,9.8146,13.741548,15.044738,16.133715,17.808138,17.165462,21.190784,17.995718,25.442327,22.069065,29.145851,28.531528,29.485287,31.534803,27.928106,27.941162,23.339733,20.740448,25.311,20.844473,24.731937,24.539608,22.44983,25.775377,27.056917,29.133934,31.883781,32.65732,36.683086,37.960068,39.21986,42.93986,41.0938,40.120705,38.071617,33.716236,32.140575,30.287716,30.017141,25.92814,28.15208,25.835968,29.852396,24.92569,29.418392,29.715775,29.226282,26.294163,27.17272,22.786438,24.418673,21.710129,23.780252,23.49759,24.94176,29.155169,25.840023,31.212725,27.863138,33.638187,31.374851,26.978493,25.854836,22.279371,23.08662,19.0897,16.74627,18.747915,16.540716,19.961565,19.784882,18.393965,17.69628,15.6724205,19.462414,20.486277,22.179333,26.003132,23.334164,28.928299,25.734695,30.480171,29.347738,33.887157,35.360218,35.593845,33.20148,33.379955,28.164722,28.826616,25.055706,26.155296
1,4.5251193,0.0,5.0011396,5.3738008,8.144732,11.125522,13.376116,19.355953,20.529074,24.527754,26.638014,30.917648,28.530178,26.546171,22.570187,19.954,16.068495,14.639846,9.462076,9.494796,9.081989,6.7290893,9.687466,12.560901,12.8332615,14.294517,14.737323,14.416939,18.073364,15.255348,22.591072,19.359627,26.829998,25.753819,27.363504,29.49134,26.424858,26.684006,22.016771,19.363855,23.907202,19.879606,22.903177,23.09819,21.124737,23.377666,25.041855,26.244555,29.679516,29.968046,34.054504,35.402466,36.110443,40.1319,37.907574,37.04813,34.79059,30.585295,28.867443,26.741043,26.37954,22.035624,23.95159,21.466099,25.428106,20.582617,25.010263,25.53619,25.146591,22.219988,23.07419,18.64147,20.493269,17.720236,20.257015,20.063427,22.126234,26.51207,23.78779,29.19358,26.574812,32.376064,29.971027,25.351906,23.631924,20.441961,20.163225,17.015524,13.520824,15.677196,13.672349,16.801386,16.940071,14.912797,13.572217,11.305971,14.9482765,16.075176,17.87726,21.591066,18.809372,24.432194,21.398724,26.137234,25.341648,29.990932,31.41517,31.43192,29.104286,29.040234,23.926842,24.503086,20.665184,22.022253
2,7.822658,5.0011396,0.0,5.073663,6.960086,7.584603,11.626711,16.09915,18.261168,21.844992,24.666117,28.731789,25.46679,23.726616,19.254778,17.58195,13.825037,13.502891,8.977058,11.053049,11.668541,10.529097,13.65892,15.743429,15.698903,16.483706,15.645252,14.338377,17.167562,13.469358,20.461916,15.881301,23.648539,21.74327,23.389778,25.160614,22.13359,22.840527,18.290762,16.065733,21.05813,17.94195,21.099684,22.18201,21.20067,22.717253,25.589998,26.259512,30.172655,30.621222,34.357143,36.42957,36.71234,40.97326,38.82564,38.416103,36.049232,32.068607,30.674408,27.835524,28.083103,22.956644,24.584166,21.688725,25.283005,20.277386,23.938618,24.696505,25.355844,22.761787,24.049295,19.725925,22.12008,19.058382,22.391823,21.792585,24.831192,28.566603,26.581614,31.903555,29.53128,34.95828,31.91653,27.264793,25.21839,22.713022,21.53987,20.107061,15.943545,18.669432,17.16084,19.81534,20.095152,17.087145,14.745002,12.173512,14.399954,14.587048,15.317805,19.328138,17.64014,23.033249,20.649124,25.620651,24.98329,30.134918,31.011385,30.723055,28.102654,27.615063,22.391607,22.264309,18.422344,18.817719
3,9.228796,5.3738008,5.073663,0.0,3.7744553,6.5654974,8.5809555,14.379836,15.247417,19.309668,21.282183,25.547596,23.275343,21.237148,17.43453,14.592662,10.715358,9.40214,4.8091497,6.0309706,7.460498,7.019044,10.620004,11.552283,10.993447,11.785892,10.627032,9.814072,12.970713,10.225019,17.389103,14.557659,22.017063,21.088383,23.019154,25.432499,22.883625,23.054525,18.426939,15.646753,19.820784,16.25729,18.373585,18.98196,17.425589,18.658178,21.034904,21.605143,25.526516,25.752249,29.640226,31.47133,31.834389,36.03723,33.8953,33.419853,31.119347,27.072002,25.81405,22.99804,23.602516,18.390089,20.7007,18.344027,22.427921,18.535646,22.46684,23.879555,23.856077,20.98344,21.34811,16.831022,18.498383,14.830508,17.972027,16.938362,20.072134,23.509026,21.67172,26.945578,24.792278,30.157618,27.15372,22.450464,20.245638,17.837921,16.475805,15.381622,11.184856,14.421492,13.655087,16.571812,17.792667,15.297857,12.557443,8.992982,11.842189,13.515374,14.729694,18.137213,15.260565,20.30721,16.953556,21.910458,20.688837,25.643688,26.724106,26.772388,24.215298,24.33763,19.013033,19.773441,16.263222,17.597874
4,12.474201,8.144732,6.960086,3.7744553,0.0,5.9270687,5.239983,11.813047,12.741336,16.662313,19.220636,23.512001,21.066422,19.508276,15.459683,12.730333,9.285064,7.50457,6.4557786,6.504962,9.895838,9.468252,13.4507675,13.604936,12.092936,13.199519,10.472045,10.2022295,12.232424,10.285894,16.58358,13.850163,21.511831,19.80824,22.501894,24.805725,22.920988,23.465359,19.048456,16.532722,20.492413,17.755697,18.866714,19.965944,18.72034,18.599403,21.390348,20.82264,25.47669,25.116684,28.97179,30.85212,30.524862,35.038673,32.44638,32.10461,29.567928,25.801823,24.343153,21.243315,21.621666,16.195274,17.835716,15.139855,18.99609,15.144331,18.819248,20.465427,20.712345,17.988884,18.454655,14.080233,16.139307,12.615542,16.383638,15.603753,19.391243,22.970123,21.871136,26.959673,25.641026,30.885468,27.888018,23.154694,20.409758,18.580368,15.962854,16.001705,10.811558,13.796621,13.333839,15.4529085,16.810293,13.673477,10.171049,6.476763,8.302175,9.948749,11.151737,14.404306,11.541978,16.68442,13.785142,18.738588,18.179405,23.281101,24.250853,23.915287,21.456713,21.082598,15.929636,16.374043,12.6646805,14.308321
5,14.428663,11.125522,7.584603,6.5654974,5.9270687,0.0,6.936832,9.01112,11.276998,14.661452,17.497805,21.377783,17.950983,16.162811,11.726819,10.289854,6.804966,8.047457,6.5944414,10.334611,12.501202,13.262767,16.468977,16.505882,15.6761675,15.433683,12.5726795,10.275316,11.364745,7.4646554,13.417606,8.690509,16.657036,14.715758,16.924074,19.121649,17.006737,17.65011,13.289278,11.084954,15.438702,13.614211,15.229206,17.267727,17.343603,17.073904,21.239471,20.893837,25.396309,25.849436,29.061672,31.940897,31.69792,36.129284,34.22001,34.44332,32.091293,28.497442,27.876389,24.111805,25.809538,19.69393,21.721312,19.135466,22.595423,19.229181,21.806978,23.846518,25.096516,22.739332,23.347233,19.232967,21.256048,17.290127,21.172123,19.469027,23.730734,25.900003,25.221998,30.112677,28.384594,32.992184,29.169855,24.643007,22.0781,20.880955,18.339325,19.825548,15.39438,19.042309,19.003569,21.267757,22.735754,19.450418,15.750688,12.1314125,12.501084,13.123,12.430995,15.715237,14.424224,18.415398,15.897509,20.97789,19.717896,25.233032,25.407368,25.121275,22.115032,21.840134,16.3969,16.290451,13.220882,13.002395
6,17.65471,13.376116,11.626711,8.5809555,5.239983,6.936832,0.0,7.6826706,7.96376,11.743506,14.656967,18.894238,16.534477,15.416753,11.570288,8.757702,6.5083656,4.6034017,8.7562065,8.780711,13.090308,13.551006,17.313719,16.234741,14.01256,14.666266,10.151193,10.002363,9.928345,9.423002,13.657409,11.90486,19.012936,16.96201,20.449825,22.841768,21.99443,22.660215,18.744835,16.547262,19.62507,18.037918,17.538345,19.217455,18.588232,16.58602,20.077522,18.071234,23.502748,22.646006,26.174923,28.429138,27.306936,32.106297,29.306255,29.393589,26.71627,23.422873,22.286814,18.493124,19.59411,13.528829,14.890186,12.280923,15.808653,13.425964,16.04662,18.68838,19.398226,17.039282,17.034359,13.19016,15.05739,11.245882,15.548695,14.270582,19.062426,21.698948,21.86295,26.437859,26.041906,30.675825,27.376873,22.81253,19.511719,18.841528,14.722545,17.159397,11.778029,14.817481,15.451168,16.708263,18.723646,15.402953,11.142387,7.561217,6.4659123,8.482776,8.665362,10.837738,8.026865,12.068574,9.277323,14.341044,13.932747,19.339947,19.844578,19.216915,16.63229,16.023588,10.81193,11.215063,7.8430104,9.927294
7,23.157593,19.355953,16.09915,14.379836,11.813047,9.01112,7.6826706,0.0,4.8583903,6.229143,10.910784,14.215373,9.878446,9.52076,4.5823193,5.476222,6.3660016,8.60048,13.25096,15.432182,18.994518,20.220472,23.56481,22.215689,20.357033,19.932493,15.113102,13.440853,11.116375,10.156811,10.545828,7.5965924,13.5777445,9.980631,14.298828,16.354324,16.779861,17.918423,15.115714,14.077087,16.241335,17.055313,15.54432,18.67532,19.8695,16.35886,21.589178,18.785872,24.382555,23.992289,26.40286,29.91355,28.22291,33.034603,30.803137,31.786423,29.263206,26.6649,26.52162,21.930809,24.476938,18.06066,19.194494,16.900288,19.142822,17.949041,18.442696,21.69844,23.828123,22.24394,22.438866,19.439093,21.273552,17.56906,21.79642,19.773882,25.053513,25.976551,27.144146,31.14355,30.906672,34.563286,30.443394,26.328243,23.02891,23.52456,19.022366,23.401546,18.69237,22.016628,23.04702,24.115072,26.176193,22.57399,18.187214,15.108145,12.612525,12.839077,10.353213,11.370548,11.699463,12.703012,11.69696,15.913335,15.199341,20.7637,19.861998,18.88984,15.740504,14.703591,9.893542,8.647344,7.3814263,5.692108
8,24.412914,20.529074,18.261168,15.247417,12.741336,11.276998,7.96376,4.8583903,0.0,4.380743,6.9908533,11.017145,8.998133,7.976116,5.838603,2.9770415,5.6982636,6.7834105,13.141334,14.347658,18.07984,19.771315,22.804708,20.576704,18.380728,17.745106,12.479431,11.443865,8.036366,9.463213,8.344265,9.393431,13.731872,12.36436,16.30692,19.030142,19.68585,20.031301,17.29121,15.730633,16.752964,17.094639,14.200648,16.738739,17.524328,13.000349,17.838762,14.279856,20.151165,19.360497,21.780748,25.178934,23.365175,28.195581,25.972069,27.032269,24.586681,22.097546,22.330616,17.563309,20.902552,14.410303,16.327877,14.972722,17.567448,18.01184,18.719416,22.493828,23.7556,21.990593,21.18368,18.323776,19.214613,15.13363,18.9151,16.31111,21.702774,21.781038,23.529202,27.104898,27.326715,30.575163,26.501703,22.587004,19.101435,20.227232,15.224782,20.72232,16.566608,19.913269,21.703508,22.690155,25.407133,22.442034,18.120964,14.794832,12.557919,14.21256,12.702656,12.763457,11.468773,11.236355,8.6434355,12.64343,10.7374935,16.267006,15.358944,14.866499,11.540793,11.69894,6.3880277,7.439766,7.6254296,8.312056
9,28.415762,24.527754,21.844992,19.309668,16.662313,14.661452,11.743506,6.229143,4.380743,0.0,5.9561315,8.603229,5.39677,6.231489,5.309465,6.0361013,9.576918,11.161928,17.32941,18.712961,22.440369,24.120777,27.174786,24.906395,22.68345,21.964226,16.68493,15.581718,11.755079,13.126636,9.90678,10.9853,13.446381,11.1998,15.651596,17.934484,19.693747,20.356161,18.503386,17.666523,18.011139,19.605204,16.13531,19.17134,20.661142,15.395323,20.557255,16.29608,22.135397,21.200304,22.878056,26.682589,24.188108,29.018906,26.836706,28.369804,25.956457,24.133947,24.654736,19.731941,23.290052,17.137539,18.303272,17.069794,18.66783,19.835243,19.358362,23.384216,25.266071,24.000336,23.317171,21.089499,22.07185,18.477709,22.200272,19.709549,25.156038,24.712526,27.063623,30.191154,30.845621,33.594654,29.39962,25.834835,22.3356,23.993563,18.76635,24.801188,20.70977,23.814772,25.67442,26.288918,28.934494,25.7681,21.400946,18.507784,15.530147,16.437605,14.158361,13.274702,13.426977,11.436981,10.646412,13.32803,12.073258,17.047367,15.272938,14.25773,10.980737,10.417953,6.7320175,6.3130283,8.509173,7.764752
10,30.25144,26.638014,24.666117,21.282183,19.220636,17.497805,14.656967,10.910784,6.9908533,5.9561315,0.0,4.4265513,6.8203487,5.5741324,8.764383,7.227694,10.983893,12.183225,18.187584,19.315825,22.480824,24.821335,27.190493,24.13421,22.026323,20.662426,15.716301,14.750496,10.215386,13.281764,7.839918,12.864524,12.856423,13.818265,17.045076,20.051283,21.74859,21.379475,19.78587,18.587696,17.44416,18.804537,13.907525,16.241322,17.735846,11.450215,16.248604,11.458559,16.968493,16.166847,17.247398,21.478987,19.214487,23.750822,22.319561,24.20893,22.237982,20.61317,22.171911,17.17861,22.22475,16.328686,18.878105,18.892805,20.968325,23.363718,23.381115,27.612808,28.619196,27.07541,25.457968,23.212008,23.111076,19.060904,21.88596,18.49834,23.628286,21.483654,24.409718,26.83183,27.61854,29.453197,25.030323,22.050209,18.757727,21.321358,16.302307,23.438118,20.616943,23.896593,26.45058,27.338179,30.590174,28.19919,24.05505,20.776342,18.6655,20.671507,19.148813,18.241072,17.041143,14.580666,12.011008,13.888456,10.281542,14.404665,12.267305,12.617653,9.129638,11.329717,8.290196,10.574544,13.129336,13.550989
11,34.453983,30.917648,28.731789,25.547596,23.512001,21.377783,18.894238,14.215373,11.017145,8.603229,4.4265513,0.0,6.6192517,6.5582204,11.218686,11.153603,15.033006,16.573225,22.352945,23.700377,26.708961,29.164473,31.405134,28.248716,26.231415,24.673294,19.927103,18.827572,14.259016,17.084877,10.572422,15.607464,13.42841,14.757177,17.61768,20.327436,22.844315,22.408264,21.704086,21.033646,19.0165,21.327766,15.974894,18.451084,20.549973,14.028443,18.68085,13.771822,18.477482,17.808462,17.742914,22.429525,19.760359,23.914433,22.995441,25.428911,23.753351,22.838724,24.895342,19.992456,25.368338,19.936127,22.187109,22.458746,23.966183,26.91418,26.298624,30.653988,31.92455,30.656149,28.996056,27.1204,26.92962,23.120918,25.741302,22.327276,27.29603,24.41544,27.790352,29.652214,30.697891,31.809208,27.273956,24.864832,21.811562,24.84273,19.996586,27.433237,24.910048,28.098482,30.766018,31.520557,34.810646,32.405933,28.2505,25.106892,22.737892,24.452179,22.587448,21.272554,20.715023,17.400633,15.696117,16.602192,13.289539,16.278368,13.38338,13.72238,10.7265835,12.901165,11.548367,13.173246,16.45452,16.243713
12,32.08216,28.530178,25.46679,23.275343,21.066422,17.950983,16.534477,9.878446,8.998133,5.39677,6.8203487,6.6192517,0.0,3.8947036,6.345062,9.1392765,12.902671,15.442816,20.776672,22.99081,26.17459,28.23467,30.957989,28.609755,26.740467,25.452164,20.535381,18.754532,14.635547,15.582057,10.226161,11.719838,10.833369,9.124349,13.039349,15.11397,17.939531,18.428312,17.818726,17.767141,16.830093,19.87245,15.841725,19.374891,21.906712,16.353483,22.032494,18.003546,23.102377,22.832695,23.50308,28.080065,25.663952,30.074797,28.72756,30.785322,28.736536,27.28726,28.523588,23.515394,27.84534,21.802734,23.284346,22.342995,23.685274,25.078043,24.178255,28.195692,30.40904,29.295547,28.627012,26.480242,27.336046,23.607979,27.110527,24.214567,29.557976,28.112759,30.70648,33.474815,33.930904,35.97601,31.338432,28.247316,25.08648,27.207281,22.39127,28.884901,25.32656,28.700592,30.671673,31.506832,34.22129,31.068699,26.686195,23.637012,20.831682,21.47755,18.791552,17.94087,18.740595,16.31305,15.796838,17.848967,15.986844,20.273207,17.80051,17.111208,13.91217,13.920877,11.544404,11.01359,13.620508,11.694232
13,29.843323,26.546171,23.726616,21.237148,19.508276,16.162811,15.416753,9.52076,7.976116,6.231489,5.5741324,6.5582204,3.8947036,0.0,5.448377,6.948419,10.578145,13.434336,18.164148,20.725677,23.44233,25.823122,28.205576,25.748634,24.15917,22.496912,17.935623,15.758894,11.637666,12.539235,6.454565,9.330372,8.015254,8.556712,11.61154,14.525644,16.545414,16.351543,15.387459,14.929706,13.576667,16.317547,11.988419,15.485666,18.140703,12.761347,18.678684,15.3377495,20.098135,20.412481,21.208902,25.944096,24.266687,28.49106,27.60742,29.530182,27.666702,25.79368,27.284527,22.317135,27.07132,20.813797,23.195095,22.43296,24.503454,25.625883,25.524412,29.468252,31.222637,29.717907,28.826206,26.210054,26.797174,22.581991,25.884975,22.576366,27.75473,25.980635,28.247435,31.127775,31.077585,33.075214,28.235281,25.148186,22.225216,24.279247,19.95909,26.392305,23.310467,27.015507,29.068903,30.353563,33.23269,30.365015,26.0497,22.567377,20.484919,21.680464,19.409845,19.198587,19.094248,17.503845,15.682994,18.367136,15.428233,19.919645,17.789549,17.808603,14.343378,15.396954,11.95621,12.518419,14.412655,13.048352
14,26.006735,22.570187,19.254778,17.43453,15.459683,11.726819,11.570288,4.5823193,5.838603,5.309465,8.764383,11.218686,6.345062,5.448377,0.0,5.044846,7.6414227,10.912443,15.257825,18.114414,21.120615,22.956867,25.827082,24.092083,22.501234,21.369663,16.720715,14.421328,11.225025,10.50275,7.9268913,6.090359,9.508914,6.5561943,10.850084,13.291624,14.498957,15.22645,13.300003,12.766359,13.515558,15.604785,13.117661,16.777754,18.914062,14.763801,20.635891,17.829046,23.025696,23.164066,24.852762,29.04428,27.45652,32.004463,30.4644,31.897434,29.672043,27.326256,27.954931,23.113777,26.7359,20.23624,22.001009,20.317196,22.47334,22.17446,22.307922,25.831205,27.973637,26.448433,26.27127,23.377888,24.734306,20.701815,24.589777,21.903708,27.197681,26.896305,28.451313,32.06261,31.709593,34.66516,30.086233,26.372137,23.290108,24.41102,20.098272,25.38024,21.40077,25.052832,26.47776,27.76984,30.1479,26.804482,22.430779,19.089285,16.86054,17.37872,14.805343,15.331137,15.755326,15.531807,14.241062,17.891504,16.121313,21.390835,19.869595,19.28884,15.871338,15.64205,11.28885,10.610912,11.024117,8.878238
15,23.501223,19.954,17.58195,14.592662,12.730333,10.289854,8.757702,5.476222,2.9770415,6.0361013,7.227694,11.153603,9.1392765,6.948419,5.044846,0.0,3.9922218,6.551052,11.796752,13.94126,17.049646,19.127111,21.83106,19.622406,17.848776,16.689613,11.846847,9.909578,6.396119,7.122736,5.6937103,7.0346704,11.31572,10.96554,14.273188,17.33876,17.621279,17.585484,14.771368,13.073231,13.859134,14.192801,11.30293,14.031809,15.184225,10.973092,16.31772,13.591277,18.992334,18.930332,21.220589,24.953976,23.753395,28.322378,26.679495,27.780153,25.572931,22.84541,23.442019,18.717047,22.518017,15.935389,18.563133,17.335976,20.2703,20.349985,21.412119,25.01529,26.205265,24.253843,23.454432,20.260546,21.030132,16.576746,20.157003,17.147514,22.345308,21.990122,23.409004,27.087736,26.717676,29.842323,25.446693,21.568775,18.383945,19.437798,15.065777,20.476326,16.801115,20.57777,22.33887,23.824274,26.57907,23.76475,19.522488,15.81019,14.316826,16.057621,14.583249,15.243382,13.874271,14.1762295,11.119648,15.233969,12.502871,17.914011,17.004293,17.010357,13.555257,14.374607,9.1273775,10.343661,10.286471,10.353664
16,19.523966,16.068495,13.825037,10.715358,9.285064,6.804966,6.5083656,6.3660016,5.6982636,9.576918,10.983893,15.033006,12.902671,10.578145,7.6414227,3.9922218,0.0,4.104519,7.908445,10.629897,13.508035,15.471934,18.243664,16.493992,14.996724,13.975734,9.596192,7.191283,5.533741,4.1164575,7.449054,6.6207232,12.927118,12.585334,15.301656,18.338968,17.527933,17.444822,13.787931,11.47688,13.518503,12.475517,11.182886,13.402747,13.845862,11.38283,16.164259,14.708335,19.687004,19.921244,22.780466,26.062632,25.497074,29.958,28.281284,28.928785,26.708315,23.448679,23.613802,19.284302,22.424828,15.872091,18.739044,17.146183,20.641901,19.576693,21.518827,24.636436,25.546154,23.267754,22.726025,18.997795,19.986692,15.370163,19.006706,16.223717,21.105452,21.626734,22.126642,26.367754,25.349604,29.106245,24.89105,20.652023,17.685831,17.806698,14.162746,18.226427,14.374077,18.382149,19.707222,21.65395,24.17943,21.4075,17.328587,13.316591,12.804263,14.70748,13.802851,15.470236,13.514467,15.477874,11.952024,16.7257,14.201362,19.68761,19.441656,19.566946,16.304129,17.012953,11.424697,12.573138,11.093844,11.537235
17,18.45858,14.639846,13.502891,9.40214,7.50457,8.047457,4.6034017,8.60048,6.7834105,11.161928,12.183225,16.573225,15.442816,13.434336,10.912443,6.551052,4.104519,0.0,7.134703,7.5880356,11.3896265,13.036364,16.064741,14.009948,11.889338,11.585979,6.595214,5.9944053,5.4069,6.240137,10.254771,10.702397,16.75204,16.480427,19.396845,22.396593,21.53237,21.436224,17.590029,15.005754,17.13111,15.166335,13.873887,15.100459,14.299118,12.082563,15.511492,13.818739,19.022745,18.537138,22.020035,24.490648,23.875618,28.450584,26.2317,26.451393,24.067106,20.587149,20.212349,16.185614,18.689621,12.262359,15.293851,13.846312,17.802937,16.891775,19.485287,22.525188,22.698477,20.181393,19.25303,15.395406,16.073605,11.345875,14.946843,12.383454,17.260399,18.564884,18.908218,23.316269,22.653152,26.860863,23.194792,18.726954,15.483977,15.24494,11.175129,14.832291,10.525824,14.378535,15.888611,17.701668,20.446737,17.994497,14.040379,9.945165,9.957792,12.848669,13.024479,14.532959,11.252528,13.818602,9.435835,14.372626,12.056936,17.402363,17.85717,18.043123,15.167771,15.981954,10.4341,12.347093,10.3860855,12.417388
18,12.311882,9.462076,8.977058,4.8091497,6.4557786,6.5944414,8.7562065,13.25096,13.141334,17.32941,18.187584,22.352945,20.776672,18.164148,15.257825,11.796752,7.908445,7.134703,0.0,5.454933,6.306985,8.244688,10.732626,10.111828,9.718973,9.02617,7.5985703,5.4340253,8.944107,6.091449,13.42077,11.949668,18.525215,18.953758,20.46944,23.403557,21.010725,20.520262,15.999546,12.856091,16.161095,12.296194,13.871809,14.222883,12.71625,14.04411,16.619165,17.623203,21.215263,21.940096,25.581284,27.813225,28.52415,32.521004,30.97082,30.772484,28.733816,24.674385,24.214203,21.03236,22.99434,17.309961,20.701826,19.054703,23.34887,20.826443,24.350124,26.490314,26.42037,23.548435,23.152685,18.708927,19.570246,15.056743,17.916164,15.684929,19.126867,21.061686,19.589725,24.63163,22.24455,27.042688,23.46744,18.874298,16.764366,14.875125,13.632476,14.037101,10.84763,14.995377,15.388473,18.497578,20.59061,18.576502,15.510261,11.334447,13.646194,16.022438,16.683296,19.493591,16.40704,20.346678,16.161165,21.100885,18.64969,23.578691,24.399885,24.951513,22.126047,23.102903,17.555618,19.042784,16.373266,17.612797
19,12.92037,9.494796,11.053049,6.0309706,6.504962,10.334611,8.780711,15.432182,14.347658,18.712961,19.315825,23.700377,22.99081,20.725677,18.114414,13.94126,10.629897,7.5880356,5.454933,0.0,4.8439026,5.6863494,8.909398,7.566231,5.651505,6.965594,5.4667745,6.8423753,10.314728,10.089285,16.360605,16.269495,22.673784,22.92855,25.090366,28.058268,26.090538,25.717882,21.283907,18.177063,21.067919,17.17772,17.740438,17.449211,14.873856,15.692238,16.747066,17.183735,20.962706,20.679735,24.899214,26.08834,26.620117,30.687038,28.449802,27.722517,25.520605,21.32451,20.100067,17.59345,18.45065,13.508294,16.854551,15.538445,20.139221,17.92656,22.104103,24.079592,23.017437,19.905495,18.971506,14.500149,14.812725,10.499626,12.881609,11.288122,14.256623,17.526077,15.7351,20.969046,19.214832,24.61612,21.933826,17.178757,14.753709,12.31017,10.765649,9.70219,5.5518003,9.547982,10.123692,13.253854,15.72009,14.375319,11.767673,7.7539496,11.223088,14.594905,16.447798,18.795324,14.5306015,18.771786,14.1832,18.703196,16.724844,21.057644,22.621855,23.19335,20.938833,21.94997,16.875216,18.917257,16.099562,18.661163
20,10.880916,9.081989,11.668541,7.460498,9.895838,12.501202,13.090308,18.994518,18.07984,22.440369,22.480824,26.708961,26.17459,23.44233,21.120615,17.049646,13.508035,11.3896265,6.306985,4.8439026,0.0,3.6790228,4.786548,4.2162147,5.0569987,5.3162184,7.7569895,8.068368,12.537139,11.494914,18.190195,18.080986,23.9747,25.127062,26.431438,29.49858,26.879036,26.03293,21.527256,18.221464,21.04932,16.197989,17.861729,16.733976,13.573069,16.456293,16.659725,18.824339,21.31523,21.905334,26.037617,27.0933,28.612494,32.134323,30.589745,29.697142,27.896923,23.459835,22.599678,20.601105,21.741825,17.364326,21.207657,20.192669,24.844812,22.454533,26.812061,28.538837,27.312115,24.110147,23.193789,18.7267,18.732525,14.652047,16.074036,14.286558,15.984431,18.743786,15.832254,21.142393,18.036505,23.53053,20.915369,16.34176,14.97954,11.613128,12.526363,9.531842,8.249056,11.81268,11.951366,15.826559,17.973555,17.403093,15.613288,12.018491,15.893866,18.973454,20.747814,23.408358,19.32857,23.563305,18.808983,23.227633,20.641483,24.644293,26.260756,27.251205,24.92212,26.39697,21.229868,23.399084,20.680607,22.829155
21,8.708948,6.7290893,10.529097,7.019044,9.468252,13.262767,13.551006,20.220472,19.771315,24.120777,24.821335,29.164473,28.23467,25.823122,22.956867,19.127111,15.471934,13.036364,8.244688,5.6863494,3.6790228,0.0,4.223384,6.059337,6.4249864,8.320936,10.222084,11.102396,15.318443,14.095403,21.036732,20.141052,26.686071,27.052864,28.646097,31.450241,28.739477,28.272459,23.6453,20.480478,23.874763,19.177122,21.146883,20.298193,17.248287,19.850243,20.072813,21.791061,24.57886,24.746784,29.05107,29.76506,31.00603,34.66306,32.65049,31.510616,29.523046,25.114899,23.59196,21.97209,21.976381,18.119991,21.188772,19.784515,24.310495,21.102463,25.81729,27.00074,25.574854,22.332943,21.826368,17.348532,17.760921,14.425709,15.856016,15.127916,16.403418,20.478039,17.28584,22.689505,19.881302,25.77858,23.730778,19.173704,17.720913,14.103261,14.7528,10.502439,8.385312,10.889475,9.8632345,13.814857,15.284232,14.768257,13.606592,10.682792,15.104213,17.877892,20.135725,23.030548,18.955261,23.843075,19.568754,23.931328,22.180672,26.143696,27.989182,28.651657,26.539396,27.483635,22.48514,24.27593,21.080122,23.393364
22,9.8146,9.687466,13.65892,10.620004,13.4507675,16.468977,17.313719,23.56481,22.804708,27.174786,27.190493,31.405134,30.957989,28.205576,25.827082,21.83106,18.243664,16.064741,10.732626,8.909398,4.786548,4.223384,0.0,4.5720925,7.0288324,8.065131,11.996376,12.711801,17.207848,16.106611,22.824457,22.527304,28.377865,29.609509,30.658653,33.629364,30.636698,29.720612,25.184494,21.908283,24.869444,19.617638,21.907036,20.298775,16.74319,20.547836,19.802952,22.644012,24.373573,25.042345,29.268229,29.68652,31.700518,34.85301,33.375168,32.06304,30.44119,25.898699,24.710749,23.55644,23.89693,20.534607,24.172787,23.257427,27.882868,25.07763,29.845613,31.054926,29.344545,26.051792,25.222345,20.872759,20.71428,17.3903,17.973717,16.91941,17.195665,20.637905,16.678177,21.907728,18.143324,23.981556,22.211426,17.9977,17.427221,13.291082,15.685603,10.317349,10.639179,12.845032,12.099163,16.266512,17.798393,18.146412,17.479942,14.7070465,19.15403,22.078552,24.289368,27.121143,22.920948,27.514547,22.862118,27.038822,24.68061,28.234058,30.18993,31.268692,29.175997,30.650715,25.659636,27.816048,24.885685,27.157085
23,13.741548,12.560901,15.743429,11.552283,13.604936,16.505882,16.234741,22.215689,20.576704,24.906395,24.13421,28.248716,28.609755,25.748634,24.092083,19.622406,16.493992,14.009948,10.111828,7.566231,4.2162147,6.059337,4.5720925,0.0,3.5251539,3.838078,8.61124,10.024634,14.249618,14.381922,20.236498,21.364105,26.511086,28.362148,29.569614,32.847298,30.347961,29.179983,24.83289,21.454563,23.599224,18.524057,19.617945,17.662985,13.702805,17.028202,15.632292,18.437355,20.020252,20.538124,24.805891,25.114594,27.214773,30.290422,28.943373,27.699984,26.195326,21.637981,20.860695,19.620531,20.738358,17.297821,21.632294,21.352947,26.089874,24.459442,28.966833,30.74972,28.878887,25.597015,24.06032,19.854996,18.981247,15.130552,15.329595,13.437411,13.82514,16.317757,12.605024,17.837234,14.252171,19.970104,17.957611,13.586293,12.860051,8.757067,11.4081545,6.585793,8.148012,11.009184,11.710718,15.672344,18.196268,18.69779,17.514914,14.309799,18.357538,21.896797,23.98681,26.260965,21.698664,25.509567,20.346046,24.218302,21.22915,24.4349,26.418463,27.830439,25.8071,27.833702,23.01728,25.75231,23.383957,25.973646
24,15.044738,12.8332615,15.698903,10.993447,12.092936,15.6761675,14.01256,20.357033,18.380728,22.68345,22.026323,26.231415,26.740467,24.15917,22.501234,17.848776,14.996724,11.889338,9.718973,5.651505,5.0569987,6.4249864,7.0288324,3.5251539,0.0,3.715234,6.3352256,9.003864,12.697898,13.67936,19.142187,20.605093,25.95417,27.371073,29.13536,32.404373,30.354174,29.439102,25.120697,21.80967,23.918514,19.36712,19.628538,18.091513,14.349528,16.246168,15.101047,16.714546,19.1506,18.89865,23.369463,23.568945,25.03405,28.476498,26.57452,25.328838,23.546766,19.04445,17.92897,16.535255,17.401155,13.850247,18.110981,17.939238,22.67851,21.454288,25.88829,27.834232,25.84008,22.588598,20.7997,16.678993,15.619311,11.647104,11.94085,10.067089,11.019354,14.136422,11.062307,16.449947,14.03619,19.826448,17.873718,13.266647,11.604101,7.9752545,8.89301,4.5734744,4.7091846,7.9901643,9.388649,13.020408,16.004932,16.36161,14.907707,11.697643,15.545572,19.383583,21.626528,23.545765,18.729702,22.353245,17.162783,20.865446,18.14526,21.316652,23.432997,24.691164,22.833323,24.73006,20.125755,22.973726,20.686605,23.670937
25,16.133715,14.294517,16.483706,11.785892,13.199519,15.433683,14.666266,19.932493,17.745106,21.964226,20.662426,24.673294,25.452164,22.496912,21.369663,16.689613,13.975734,11.585979,9.02617,6.965594,5.3162184,8.320936,8.065131,3.838078,3.715234,0.0,5.5462875,7.0421863,10.883696,11.873875,16.931482,19.024746,23.581348,25.835169,27.122503,30.577484,28.48596,27.181274,23.046772,19.684496,21.214436,16.509373,16.62022,14.668065,10.727099,13.330889,12.063689,14.6507635,16.491682,17.04711,21.24129,21.979988,23.934666,27.14241,25.961143,25.059591,23.566862,19.07905,18.884287,17.021502,19.237038,15.136427,19.984678,19.999775,24.72001,23.897001,27.962177,30.261677,28.64763,25.4775,23.632101,19.52606,18.440992,13.983741,14.464433,11.564886,12.956672,14.086407,11.370763,16.435028,13.33359,18.486446,15.692759,11.059049,9.756498,6.4052973,8.259586,6.416039,7.6350307,11.372947,13.075794,16.595308,19.66843,19.742777,17.839499,14.174467,17.502645,21.259949,22.950266,24.84819,20.32361,23.41838,17.973082,21.780787,18.18977,21.465376,23.198818,24.796272,22.629082,25.02299,20.208487,23.252422,21.382511,23.938704
26,17.808138,14.737323,15.645252,10.627032,10.472045,12.5726795,10.151193,15.113102,12.479431,16.68493,15.716301,19.927103,20.535381,17.935623,16.720715,11.846847,9.596192,6.595214,7.5985703,5.4667745,7.7569895,10.222084,11.996376,8.61124,6.3352256,5.5462875,0.0,4.14422,6.5514007,8.852702,13.174652,15.564098,20.41464,21.913107,23.98401,27.373882,25.997648,25.122408,21.137835,18.01448,19.504604,15.971154,14.825604,14.095339,11.352454,11.016167,11.647634,11.767004,15.604058,15.285366,19.440903,20.864906,21.52079,25.503849,23.677057,23.257845,21.278929,17.120108,16.88319,13.838225,16.546713,11.137539,15.836944,15.649348,20.229536,19.942337,23.438845,26.210985,25.083433,22.138762,20.283903,16.301521,15.533902,10.523531,12.286112,8.90301,12.544306,13.55454,12.841044,17.56877,16.223663,20.807281,17.54996,12.861649,9.956041,8.779129,6.05626,8.741488,6.5084615,10.841575,13.0861025,15.707704,19.055285,18.148586,15.262619,11.258715,13.384044,17.23624,18.535034,19.96607,15.554624,18.114853,12.644795,16.68773,13.194115,17.21898,18.613916,19.834215,17.474401,19.59649,14.673516,17.747173,16.13143,18.83895
27,17.165462,14.416939,14.338377,9.814072,10.2022295,10.275316,10.002363,13.440853,11.443865,15.581718,14.750496,18.827572,18.754532,15.758894,14.421328,9.909578,7.191283,5.9944053,5.4340253,6.8423753,8.068368,11.102396,12.711801,10.024634,9.003864,7.0421863,4.14422,0.0,4.574107,5.0900135,10.336483,12.164925,16.953352,18.83157,20.382378,23.830263,22.188215,21.128893,17.14152,13.969841,15.46486,11.88262,11.17162,10.861446,8.911376,9.102552,11.410955,12.259364,15.846434,16.58147,20.152552,22.525227,23.373697,27.243465,26.040663,26.056389,24.239538,20.263783,20.570856,17.109648,20.39921,14.569309,18.991901,18.351553,22.721624,21.943361,25.085726,27.913916,27.488684,24.659403,23.313673,19.210232,19.050856,14.017818,16.29719,12.91268,16.64029,16.886786,16.236723,20.781487,18.78357,22.883223,18.899237,14.414336,12.007933,11.180189,9.3288965,12.182126,10.154279,14.612675,16.321669,19.164454,22.145,20.69832,17.484674,13.19338,14.9086075,18.105738,18.65645,20.477482,16.890457,19.415709,14.3544855,18.797098,15.086323,19.621626,20.352646,21.504375,18.658392,20.68295,15.334957,17.917965,16.357855,18.084976
28,21.190784,18.073364,17.167562,12.970713,12.232424,11.364745,9.928345,11.116375,8.036366,11.755079,10.215386,14.259016,14.635547,11.637666,11.225025,6.396119,5.533741,5.4069,8.944107,10.314728,12.537139,15.318443,17.207848,14.249618,12.697898,10.883696,6.5514007,4.574107,0.0,5.2076044,6.657768,10.488427,14.15314,16.174395,18.194715,21.744814,21.029846,20.050045,16.6713,13.9695,14.431153,12.474796,9.658908,10.376638,9.854825,6.6766176,10.736593,9.566704,14.270901,14.656509,17.700453,20.825195,20.880209,25.038126,23.832638,24.425293,22.543999,19.10489,19.959078,15.744052,19.997494,13.715753,17.988697,17.604116,21.509665,21.79011,24.065825,27.445965,27.439283,24.936687,23.39713,19.76459,19.544697,14.509624,17.0958,13.339284,17.87744,16.99784,17.771416,21.616302,20.593178,23.851412,19.485186,15.405437,12.452356,13.240357,9.708197,15.03627,12.696974,16.874344,19.069403,21.231401,24.444942,22.648415,18.96163,14.814652,15.127884,18.159334,18.023932,19.07859,15.975033,17.12109,12.216687,16.324383,12.125524,16.899328,16.957958,18.0815,14.956904,17.24752,12.025254,14.85786,14.296983,15.793923
29,17.995718,15.255348,13.469358,10.225019,10.285894,7.4646554,9.423002,10.156811,9.463213,13.126636,13.281764,17.084877,15.582057,12.539235,10.50275,7.122736,4.1164575,6.240137,6.091449,10.089285,11.494914,14.095403,16.106611,14.381922,13.67936,11.873875,8.852702,5.0900135,5.2076044,0.0,7.450108,7.1599097,12.681169,14.0421505,15.460129,18.807804,17.1636,16.332426,12.361997,9.407679,11.351974,8.936547,8.594946,10.182201,10.437783,9.72662,14.230342,14.4541025,18.370228,19.501247,22.35707,25.661621,26.028103,30.04996,29.025131,29.542902,27.648397,24.057053,24.554987,20.541979,24.023163,17.690626,21.355907,20.08533,23.968843,22.718468,25.166609,28.071938,28.620821,26.088398,25.392555,21.366266,22.000599,17.117695,20.187954,17.032007,21.308683,21.39549,21.228117,25.586012,23.674862,27.365347,22.93455,18.750685,16.39307,16.114035,13.821577,17.184227,14.388975,18.75742,20.03443,22.641645,25.217703,22.9309,19.234518,14.968645,15.622966,17.80468,17.291342,19.341454,17.021055,19.319614,15.227982,19.936668,16.643919,21.77313,21.734333,22.420961,19.162514,20.563492,15.008986,16.600208,15.131009,15.536351
30,25.442327,22.591072,20.461916,17.389103,16.58358,13.417606,13.657409,10.545828,8.344265,9.90678,7.839918,10.572422,10.226161,6.454565,7.9268913,5.6937103,7.449054,10.254771,13.42077,16.360605,18.190195,21.036732,22.824457,20.236498,19.142187,16.931482,13.174652,10.336483,6.657768,7.450108,0.0,7.5532684,7.8392124,11.204628,12.677951,16.404974,16.564476,15.356507,13.190244,11.495442,10.133969,10.985569,6.355773,9.395719,11.760968,7.183192,13.38983,11.828553,15.93379,17.173903,18.669134,23.15931,22.852474,26.770044,26.363804,27.780394,26.147564,23.439524,25.032951,20.399355,25.362017,19.005116,22.659111,22.108534,25.257864,25.782671,26.989052,30.650433,31.593342,29.495197,28.317282,25.008034,25.189514,20.372711,23.24752,19.476202,24.181343,22.28083,23.700583,26.940632,25.945442,28.182446,23.178673,19.876484,17.366177,18.966993,15.69818,21.555922,19.29532,23.43562,25.50886,27.51436,30.555775,28.241114,24.215487,20.18872,19.488369,21.541431,20.173414,20.92094,19.37518,19.315649,15.713215,19.291716,15.178416,19.820734,18.628927,19.545265,16.037338,18.151232,13.490863,15.34561,15.914666,15.656383
31,22.069065,19.359627,15.881301,14.557659,13.850163,8.690509,11.90486,7.5965924,9.393431,10.9853,12.864524,15.607464,11.719838,9.330372,6.090359,7.0346704,6.6207232,10.702397,11.949668,16.269495,18.080986,20.141052,22.527304,21.364105,20.605093,19.024746,15.564098,12.164925,10.488427,7.1599097,7.5532684,0.0,8.074937,7.1197643,8.909635,11.90902,10.973543,11.066217,7.9157324,6.7771335,8.8155155,10.239169,9.77527,13.478435,15.783941,13.729652,19.559858,18.69715,22.928703,24.102478,26.067947,30.233046,29.800724,33.982765,33.02262,34.134644,32.1343,29.137379,29.800692,25.274767,28.870838,22.27471,24.876404,23.056927,26.01243,24.558285,25.759584,28.753105,30.568039,28.591555,28.598883,24.992605,26.382807,21.918879,25.626898,22.752985,27.566074,27.461082,27.976694,32.05992,30.548538,33.78964,29.029861,25.18271,22.7062,23.043926,20.073145,24.138086,20.67464,24.786179,25.800705,27.9124,30.097534,26.96344,22.864826,19.056149,18.202295,18.910316,16.872328,18.732853,18.456053,19.890469,17.551836,21.96788,19.511797,24.90034,23.91765,23.913567,20.423496,20.824827,15.758105,15.703983,14.816081,13.031268
32,29.145851,26.829998,23.648539,22.017063,21.511831,16.657036,19.012936,13.5777445,13.731872,13.446381,12.856423,13.42841,10.833369,8.015254,9.508914,11.31572,12.927118,16.75204,18.525215,22.673784,23.9747,26.686071,28.377865,26.511086,25.95417,23.581348,20.41464,16.953352,14.15314,12.681169,7.8392124,8.074937,0.0,7.2012134,5.969793,9.751162,10.727434,9.244789,9.454387,9.914049,6.7621355,11.515611,8.510833,12.707325,16.70945,13.6407585,19.78354,18.924885,21.984056,23.963686,24.468763,29.587688,29.288954,32.82317,33.034195,34.851505,33.38176,30.990952,32.7707,28.048262,32.983173,26.546822,29.64973,28.616713,31.267282,31.180565,31.726742,35.219936,37.084835,35.274155,34.740025,31.47023,32.240997,27.584982,30.802755,27.214151,31.946594,29.987335,31.275585,34.471363,33.052673,34.910793,29.591175,26.709042,24.691969,26.163782,23.451096,28.839027,26.44082,30.675135,32.324226,34.437767,37.09358,34.27547,30.1194,26.212807,25.13582,26.127409,23.826174,24.788113,24.727026,24.518463,22.185091,25.635958,22.188961,26.754076,24.946636,25.4557,21.936674,23.264326,19.205423,19.612951,20.371225,18.307932
33,28.531528,25.753819,21.74327,21.088383,19.80824,14.715758,16.96201,9.980631,12.36436,11.1998,13.818265,14.757177,9.124349,8.556712,6.5561943,10.96554,12.585334,16.480427,18.953758,22.92855,25.127062,27.052864,29.609509,28.362148,27.371073,25.835169,21.913107,18.83157,16.174395,14.0421505,11.204628,7.1197643,7.2012134,0.0,5.0546355,6.780514,8.985444,10.307702,10.118332,11.327379,11.516068,15.548979,14.087481,18.343958,21.559162,18.298893,24.540146,22.649754,26.983932,27.984255,29.06716,33.81024,32.59337,36.778923,35.915894,37.59602,35.59678,33.289337,34.234005,29.382715,33.237247,26.702137,28.523764,26.658089,28.638512,27.73436,27.604492,30.788809,33.503887,32.11093,32.381493,29.392847,31.02585,26.95837,30.867348,28.07726,33.231026,32.62989,33.919746,37.56635,36.617607,39.29813,34.33492,30.86786,28.245537,29.274408,25.687716,30.637842,26.940289,30.822521,31.949198,33.561752,35.66683,32.12486,27.824104,24.478113,22.498726,22.327112,19.276833,20.243614,21.587831,21.55929,20.768042,24.312864,22.481318,27.563564,25.730598,25.213999,21.811287,21.508572,17.683704,16.430046,16.782585,13.438658
34,29.485287,27.363504,23.389778,23.019154,22.501894,16.924074,20.449825,14.298828,16.30692,15.651596,17.045076,17.61768,13.039349,11.61154,10.850084,14.273188,15.301656,19.396845,20.46944,25.090366,26.431438,28.646097,30.658653,29.569614,29.13536,27.122503,23.98401,20.382378,18.194715,15.460129,12.677951,8.909635,5.969793,5.0546355,0.0,3.9288647,5.5413136,5.8484783,7.54552,9.802938,8.773679,13.903089,13.241733,17.454702,21.278587,19.022665,25.180092,24.36357,27.74655,29.57144,30.314188,35.32898,34.7931,38.547977,38.39725,40.133358,38.42476,35.95784,37.27002,32.506275,36.77198,30.19459,32.608215,30.897232,33.223106,32.139225,32.37622,35.44873,38.014305,36.426132,36.63079,33.354446,34.824596,30.455614,34.14011,31.030067,35.910954,34.840385,35.79714,39.411987,37.826073,40.191406,34.96492,31.782877,29.680393,30.622679,27.868822,32.54152,29.467852,33.620316,34.710056,36.768166,38.903233,35.567226,31.399218,27.785233,26.43169,26.464725,23.630087,24.988295,25.991762,26.290918,24.92482,28.628874,26.137629,31.09102,29.277317,29.202143,25.714115,26.006435,21.99855,21.228916,21.449799,18.31264
