,0,1,2,3,4,5,6,7,8,9,10,11,12,13,14,15,16,17,18,19,20,21,22,23,24,25,26,27,28,29,30,31,32,33,34,35,36,37,38,39,40,41,42,43,44,45,46,47,48,49,50,51,52,53,54,55,56,57,58,59,60,61,62,63,64,65,66,67,68,69,70,71,72,73,74,75,76,77,78,79,80,81,82,83,84,85,86,87,88,89,90,91,92,93,94,95,96,97,98,99,100,101,102,103,104,105,106,107,108
0,0.0,4.297128,6.4895577,9.538762,12.114781,14.341281,17.657402,21.261137,24.39751,26.856464,30.850037,29.46282,26.495825,26.029642,20.970644,21.672123,17.379248,18.528212,17.059618,17.085108,19.826094,16.856535,22.436844,25.00695,25.777428,27.05508,30.464474,30.873545,25.041653,27.923508,25.977654,27.754028,31.061285,28.005077,32.23285,32.010944,35.583836,37.093903,33.603115,31.051718,35.785435,32.975113,32.81688,33.038708,32.009613,32.13607,29.955568,31.795403,28.580175,33.481873,30.482767,31.696423,34.071968,31.178905,26.543829,26.648975,24.362404,26.45277,23.030653,25.359251,27.164764,30.262634,31.096638,35.279682,39.144043,39.29705,36.884605,37.08649,42.34938,41.481255,37.220734,40.242306,37.23505,43.436108,39.36608,41.010345,42.373505,39.787136,40.86737,41.90726,38.3269,36.80358,33.23874,30.902023,29.359787,26.457329,25.841743,23.697872,20.17081,19.874125,17.04981,15.168068,17.57053,14.690794,10.907895,11.471831,10.416474,14.485385,14.657332,18.660286,19.90143,20.273346,23.931372,23.588955,27.566328,27.351967,31.368189,32.15188,36.500156
1,4.297128,0.0,5.264644,6.5079794,8.648384,12.047011,14.234569,18.762981,21.275385,24.056503,27.808496,26.932302,24.385643,23.649725,18.697233,18.625744,14.4935,14.88072,13.740125,13.084297,16.069834,13.500978,19.08181,21.242958,22.28779,23.349543,26.479622,26.779804,20.845335,23.892336,21.884058,24.069717,27.618044,25.035986,29.168404,29.378119,32.9044,34.07817,30.548323,27.791487,32.247253,29.146622,28.830227,28.946152,27.804901,27.875061,25.673212,27.587523,24.46998,29.509298,26.715132,28.129164,30.714626,28.104017,23.313587,23.538912,20.730625,22.92496,19.825542,21.801489,23.271158,26.71219,27.261183,31.51602,35.392574,35.410038,32.864704,33.005993,38.281002,37.30737,32.97119,35.979336,33.042164,39.2568,35.358143,36.98828,38.52968,36.08904,37.357952,38.551197,35.096706,33.290363,29.902718,27.293472,25.59346,22.570444,21.88303,19.483227,16.075556,15.945565,13.199302,12.085656,14.474193,12.510057,8.044826,7.6463604,6.872567,10.360203,11.35469,15.055857,17.016796,18.262444,21.250578,20.460737,24.739063,23.81511,28.011189,28.605146,32.983772
2,6.4895577,5.264644,0.0,5.201116,6.812978,8.277375,11.9199505,14.904572,18.388975,20.501217,24.778696,23.458244,20.498402,20.423557,15.377563,16.64884,13.074909,14.292947,14.700331,14.936466,18.644205,17.190155,22.704762,24.430698,26.189161,26.906096,29.3741,29.276766,22.699366,25.670877,22.745832,25.347628,27.333782,25.165243,28.704185,28.54077,32.50646,33.86439,30.89142,28.65711,32.609028,30.277552,29.340712,30.389322,28.385061,29.377134,27.017275,29.32946,26.435612,31.42463,29.269472,30.40123,33.57339,30.67067,26.160997,25.710438,22.538069,24.03899,20.421738,21.81402,23.604744,25.908566,26.391745,30.589144,33.860153,34.72859,32.61787,32.42683,37.68835,37.46397,33.31575,36.139652,32.702347,38.86911,34.297504,36.296387,37.245205,34.46838,35.44626,36.188553,32.72027,31.342323,27.36876,25.33374,23.80744,21.329422,20.769556,19.776876,16.580149,17.436163,15.95719,15.012097,18.285866,16.569145,11.76819,11.27327,8.95803,11.052388,11.206665,13.634271,14.869726,15.024347,18.25088,17.908777,21.363514,21.505825,25.29773,26.248043,30.521027
3,9.538762,6.5079794,5.201116,0.0,3.798236,6.1429305,8.71666,12.9315605,15.201285,18.272156,21.645493,20.547184,18.113802,17.165758,12.266526,12.254807,8.316367,9.329807,9.597197,10.321155,14.121109,13.505771,18.772652,20.377577,22.943434,23.895985,25.93897,25.318542,18.415419,20.936306,17.95032,20.226915,22.251383,20.075216,23.689476,23.76494,27.608505,28.816961,25.758295,23.471786,27.43845,25.196863,24.401203,25.637106,23.87095,25.245481,23.390358,26.071358,23.657125,29.057127,27.229792,28.974783,32.207314,30.06613,25.27748,25.349333,21.383564,23.192171,20.385445,20.973969,21.86161,24.841692,24.420517,28.815954,31.712608,32.634727,30.216345,29.54727,34.882366,34.502422,29.937498,32.37062,28.966146,34.85243,30.354944,31.926357,33.017986,30.326668,31.335598,32.416542,28.827723,27.28182,23.860704,21.50925,20.377607,17.335394,17.817068,16.630796,14.306252,15.823064,14.361313,15.049835,17.50068,17.054014,12.229113,10.130577,9.262885,8.936784,11.459945,12.242359,15.156962,16.545258,18.34332,17.108814,20.439325,19.066074,23.07247,23.221922,27.712746
4,12.114781,8.648384,6.812978,3.798236,0.0,5.3417125,5.5995364,10.696494,12.721062,15.583885,19.273434,18.874857,16.825577,16.18921,11.587183,11.304299,8.63338,8.279703,10.54586,10.067292,14.291581,14.487879,19.30492,20.062601,22.683388,22.988804,24.515785,23.903845,16.95543,19.932419,16.48123,19.880447,21.578154,20.48775,23.552656,24.075968,27.98849,28.78581,25.972677,23.62958,26.841394,24.383142,22.959414,24.276417,21.786896,23.224642,20.97112,23.684296,21.302252,26.512651,25.105011,26.6181,30.225735,27.990265,23.44689,23.138742,18.894348,20.30767,17.495476,17.625904,18.55109,21.176153,20.749071,25.115732,28.025198,29.008722,26.732304,26.11973,31.432253,31.258802,26.915339,29.497612,25.98352,32.0738,27.54592,29.527496,30.61398,27.985132,29.204535,30.170414,26.874472,25.082003,21.372179,18.920734,17.274652,14.582281,14.333882,13.579239,11.2373,13.28686,12.858393,13.906185,16.781294,16.909714,12.115875,9.943535,8.399532,6.406778,8.8288765,8.517237,11.681398,13.560661,14.802825,13.37758,16.971586,15.537379,19.63342,20.073946,24.481358
5,14.341281,12.047011,8.277375,6.1429305,5.3417125,0.0,6.0133066,7.1789722,10.608601,12.921886,16.772856,15.196693,12.403021,12.265236,7.3337574,9.368406,7.460694,9.327668,12.2213955,13.671424,17.736338,18.454958,23.153774,24.046267,27.2874,27.776575,28.905706,27.791916,20.528393,22.766516,18.764856,21.556936,21.295124,20.116268,22.581654,22.338223,26.639944,27.893091,25.723959,24.190777,27.135878,25.950804,24.286682,26.714851,23.858646,26.426985,24.528917,27.62993,25.693659,30.86629,29.923855,31.405453,35.226234,32.98089,28.588299,28.046015,23.695553,24.69597,21.722929,21.322044,22.253855,23.84058,23.01611,27.224129,29.09349,31.139002,29.265364,28.037186,33.231365,33.79688,29.51652,31.549767,27.584436,33.19945,27.911001,29.894848,30.193863,27.114798,27.748617,28.26673,24.70817,23.7,19.584501,18.049105,17.31994,15.150229,16.124245,17.021719,15.499856,18.14089,18.146494,19.110495,22.115229,22.013237,17.120693,15.151403,13.384378,11.507898,13.201052,11.505347,13.807642,14.271962,15.293345,14.301039,16.064478,15.631974,18.963667,19.333542,23.658432
6,17.657402,14.234569,11.9199505,8.71666,5.5995364,6.0133066,0.0,6.7213492,7.3459287,10.467038,13.860149,14.163221,12.922204,12.313161,8.785235,7.9360824,7.979521,6.615996,11.508703,11.225281,15.332293,17.155313,20.95982,20.75742,24.173544,24.011488,24.365458,23.119614,16.006603,18.602325,14.2512455,18.39798,18.42873,18.776068,20.734468,21.575726,25.593306,26.006704,23.865152,21.942211,23.961035,22.102472,19.807106,22.062119,18.561686,21.10975,19.00367,22.199354,20.586336,25.61732,25.269535,26.820515,30.905476,29.075222,24.909592,24.361494,19.50024,20.283945,18.065453,16.732294,16.992048,18.811659,17.405466,21.700022,23.634266,25.421896,23.398415,22.093714,27.328485,27.794552,23.525246,25.637827,21.711023,27.558714,22.553066,24.796835,25.499521,22.74494,23.943512,24.744743,21.62913,19.79973,15.852233,13.511761,11.958138,9.69612,10.168736,11.372852,10.696397,14.096594,15.193867,17.269958,19.950256,21.040365,16.5998,14.106408,12.785297,8.608384,11.161724,7.22215,10.991635,13.242737,12.44007,10.337057,12.818773,10.484466,14.430437,14.56275,19.013386
7,21.261137,18.762981,14.904572,12.9315605,10.696494,7.1789722,6.7213492,0.0,5.3376145,5.8936086,10.485541,9.388511,7.269201,8.538039,6.1180854,8.891149,10.731254,11.477045,16.331478,17.426613,21.353365,23.33621,27.154894,27.024267,30.759047,30.595095,30.58086,29.01593,21.948103,23.909079,19.176807,22.767216,20.36571,21.07878,21.90628,21.909336,26.301268,27.092518,25.97762,25.07854,26.374012,26.012737,23.270578,26.686913,22.616783,26.231041,24.33517,27.695835,26.465776,31.110811,31.29195,32.522053,36.87297,34.800663,30.984789,29.94845,25.246193,25.371727,22.79341,21.056387,21.641325,21.687674,20.149427,23.883654,24.376183,27.618801,26.39799,24.518978,29.33093,30.930185,27.162184,28.672699,24.263807,29.40623,23.487068,26.03929,25.529915,22.219412,22.630367,22.502342,19.344439,18.68554,13.76045,13.239317,12.819541,12.27539,13.5639925,16.835196,16.628208,20.17403,21.67798,23.236578,26.360723,27.005978,22.363752,20.295767,18.331266,14.952788,16.16148,11.846372,13.532591,13.718085,12.513335,11.451236,10.674591,10.86532,13.014578,13.583931,17.510311
8,24.39751,21.275385,18.388975,15.201285,12.721062,10.608601,7.3459287,5.3376145,0.0,4.6918254,6.5527735,7.445985,7.881256,7.451173,7.364991,6.938373,10.685954,10.028068,15.488966,16.304579,19.699846,22.671604,25.530222,24.755465,28.97347,28.661423,27.870892,25.814032,19.033792,20.430204,15.522296,19.289331,16.135525,18.11223,18.173483,18.895721,22.9904,23.186033,22.36144,21.549953,21.927723,21.766958,18.607435,22.471712,18.099024,22.375385,20.985115,24.608675,24.111355,28.699646,29.486095,31.086628,35.456776,34.10677,30.377172,29.678629,24.54854,24.71127,23.108086,20.554049,20.108063,20.54533,17.890215,21.561527,21.379272,24.736404,23.319635,20.796598,25.527628,27.131662,23.147013,24.096285,19.633753,24.384161,18.391745,20.739206,20.285355,17.037447,17.671669,17.941866,14.820256,13.617312,9.036907,7.972999,8.206693,7.691761,10.672048,14.52263,15.767442,19.72508,21.6159,24.177929,26.629143,28.173225,23.8774,21.24952,20.078592,15.513827,17.785263,12.428655,15.283357,16.813915,14.153849,12.050025,11.061749,8.213041,10.329834,9.356017,13.656519
9,26.856464,24.056503,20.501217,18.272156,15.583885,12.921886,10.467038,5.8936086,4.6918254,0.0,5.8653936,6.9944324,7.5192842,9.211767,9.955989,11.305231,14.82152,14.528992,19.978542,20.61051,24.169077,26.948122,29.961945,29.036854,33.01447,32.365185,31.429577,29.548569,23.049679,24.688185,19.764359,23.817709,20.132374,22.461998,21.996553,22.47602,26.581158,26.771992,26.45708,25.944796,25.784369,25.914194,22.40036,26.35523,21.492863,25.742682,23.995258,27.409185,26.876955,30.935242,32.03835,33.134922,37.74493,36.01574,32.708225,31.464436,26.601421,26.144712,24.230066,21.471767,21.499117,20.475765,18.153097,21.246052,20.339708,24.53483,23.856396,21.37381,25.668518,28.0799,24.840431,25.78689,21.181574,25.69909,19.448381,22.46694,21.326366,17.992153,18.346354,17.690775,15.207009,14.642792,9.134774,9.7287655,9.636448,11.009771,12.47003,17.283817,18.270304,22.178288,24.585478,26.660482,29.593416,30.883831,26.575356,24.380447,22.576887,18.377855,19.511194,13.992135,15.385769,15.890381,12.732085,11.421101,8.215307,8.057713,8.33554,8.800973,12.122507
10,30.850037,27.808496,24.778696,21.645493,19.273434,16.772856,13.860149,10.485541,6.5527735,5.8653936,0.0,5.0888953,8.558121,8.61759,11.7562475,11.534277,16.135725,15.607898,20.798317,21.85832,24.704424,28.249071,30.39115,29.15229,33.70584,33.198696,31.582874,29.07073,23.009394,23.585068,18.792532,22.085165,16.777618,20.17426,18.463133,19.179684,22.868769,22.671577,23.165663,23.301819,22.019781,23.234564,19.528536,24.301958,19.51179,24.706244,23.88178,27.547625,27.876215,31.88826,33.516106,35.073826,39.568687,38.599125,35.285908,34.479485,29.303902,29.02584,27.935047,24.68121,23.764786,23.193014,19.809605,22.567017,20.434298,24.981884,24.211704,20.827753,24.679384,27.259884,23.85354,23.70424,19.128094,22.381866,15.82807,18.206018,16.403383,12.812809,12.692628,12.077608,9.343308,9.168174,3.9076629,6.255955,8.718133,10.3746395,13.958606,18.790092,20.97357,25.043415,27.406147,30.23593,32.52551,34.399975,30.258991,27.578653,26.48766,21.700296,23.80194,18.00327,20.273056,21.456207,17.828766,15.976416,12.80658,10.266081,9.520324,7.2515073,10.084342
11,29.46282,26.932302,23.458244,20.547184,18.874857,15.196693,14.163221,9.388511,7.445985,6.9944324,5.0888953,0.0,4.1792474,4.768437,8.913952,10.512896,14.733358,15.682295,20.277554,22.419043,25.410849,28.545837,31.235142,30.719212,35.393326,35.39954,34.349903,31.838602,25.236425,25.627989,20.87518,23.20319,17.55505,19.584803,18.193851,17.778826,21.883959,22.552372,23.090977,23.648823,23.281889,25.124603,22.06888,26.989895,22.846113,28.032982,27.324373,31.093126,31.074903,35.5349,36.639915,38.313034,42.704185,41.48392,37.803875,37.084866,31.957468,31.982075,30.337484,27.641523,27.154243,26.861853,23.931898,26.990421,25.265812,29.719694,28.827393,25.643444,29.681076,32.063683,28.376514,28.325834,23.796906,27.026127,20.513428,22.311195,20.384367,16.641106,15.803522,15.068947,11.5718155,12.63521,8.505495,10.494437,13.043137,13.529422,17.43036,21.682657,23.20723,27.168232,28.90877,31.377825,33.84521,35.181435,30.686172,28.058142,26.848738,22.67319,24.806726,19.640457,21.790154,22.22851,19.619074,18.208338,15.120262,13.911096,13.747221,12.188189,15.029089
12,26.495825,24.385643,20.498402,18.113802,16.825577,12.403021,12.922204,7.269201,7.881256,7.5192842,8.558121,4.1792474,0.0,4.006431,6.3545,10.011905,13.197652,15.074659,19.319645,21.799223,25.126444,27.659187,30.995575,30.992348,35.432693,35.650444,35.192562,32.967678,25.972511,26.740213,22.009916,24.239782,19.453989,20.295223,19.837994,18.907904,23.316162,24.513784,24.533567,24.854256,25.489788,26.95126,24.280224,28.82989,24.961624,29.706251,28.686905,32.384647,31.850435,36.551266,37.147892,38.71762,43.0511,41.428444,37.555702,36.76017,31.822838,31.990587,29.791433,27.649557,27.694862,27.524424,25.200327,28.546139,27.554905,31.721922,30.731802,27.98397,32.332596,34.476826,30.66585,31.118269,26.585106,30.407705,23.988815,25.87167,24.287294,20.582314,19.888647,19.248064,15.681101,16.57232,12.254494,13.515974,15.27721,15.168478,18.469551,22.259716,22.98625,26.738447,28.087317,30.045555,32.805573,33.60249,28.895182,26.51074,25.005575,21.500929,23.310162,18.816778,20.635845,20.470266,18.817541,17.821909,15.202813,15.100868,15.625773,14.926428,18.128618
13,26.029642,23.649725,20.423557,17.165758,16.18921,12.265236,12.313161,8.538039,7.451173,9.211767,8.61759,4.768437,4.006431,0.0,5.077659,7.08663,10.74546,12.662394,16.51726,19.421993,22.347775,25.174963,28.140882,28.211527,32.935387,33.43667,32.916958,30.437656,23.477758,23.72242,19.17269,20.721304,15.712138,16.336632,15.908679,14.990332,19.429358,20.665657,20.558872,20.958178,21.782646,23.477865,21.136316,25.808426,22.432259,27.347494,26.81488,30.641571,30.34202,35.295727,35.823177,37.794388,41.92724,40.734425,36.636414,36.27729,31.145014,31.698252,29.897717,27.737305,27.308256,27.98949,25.267366,28.834042,27.99819,31.767677,30.35654,27.4258,31.898558,33.595005,29.353333,29.556166,25.188618,28.807402,22.59371,23.840714,22.57249,18.94009,18.29369,18.330702,14.291806,14.907177,11.562903,12.142925,14.5053,13.514212,17.876204,21.068762,22.191004,25.939375,26.950005,29.374191,31.63819,32.744072,28.139713,25.381065,24.485603,20.678217,23.342485,18.902395,21.627497,22.24664,20.51962,18.961382,17.193178,15.48214,16.597591,14.945145,18.542458
14,20.970644,18.697233,15.377563,12.266526,11.587183,7.3337574,8.785235,6.1180854,7.364991,9.955989,11.7562475,8.913952,6.3545,5.077659,0.0,5.4095516,7.052412,9.755796,13.360077,16.216776,19.606981,21.705444,25.3992,25.92558,30.218506,30.850906,31.028284,29.009258,21.718313,22.658253,18.22803,20.104385,17.098291,16.553865,17.670633,16.895124,21.418997,22.830214,21.682344,21.247963,23.272823,23.793169,21.841475,25.670273,22.594738,26.662296,25.65863,29.299139,28.357994,33.548805,33.44661,35.326298,39.322445,37.76422,33.455536,33.10852,28.200756,29.015102,26.772694,25.27403,25.316236,26.486744,24.431282,28.38172,28.680195,31.761065,30.077785,27.780659,32.66638,33.84628,29.436583,30.385887,26.13086,30.660465,24.774406,26.258713,25.731256,22.303627,22.235254,22.575996,18.652792,18.47793,14.761205,14.202007,15.276252,13.47456,16.835705,19.12594,19.31467,22.731508,23.26168,25.23727,27.694931,28.357355,23.620642,21.047516,19.98342,16.784958,19.332949,15.770073,18.52824,19.092518,18.378489,16.957136,16.536034,15.21204,17.447271,16.58422,20.714903
15,21.672123,18.625744,16.64884,12.254807,11.304299,9.368406,7.9360824,8.891149,6.938373,11.305231,11.534277,10.512896,10.011905,7.08663,5.4095516,0.0,4.8426495,5.6832194,9.766169,12.382605,15.281868,18.202616,21.10728,21.247387,25.905325,26.58478,26.403875,24.078098,16.90364,17.40149,13.011943,14.797546,12.276101,12.199541,13.581299,13.83613,18.065453,18.901588,17.275967,16.35777,18.356243,18.417582,16.575644,20.325356,17.582346,21.73301,21.216486,24.982351,24.442574,29.781462,29.816763,32.14172,35.95498,35.045456,30.646082,30.795006,25.605352,26.759697,25.321186,23.525518,22.770409,24.918465,22.27726,26.355646,26.839785,29.32206,27.16252,24.708637,29.662409,30.276321,25.462145,26.212929,22.234442,26.68389,21.275558,22.236153,22.384905,19.307446,19.728304,20.890303,16.972708,15.877412,13.2662325,11.460605,12.670282,9.735171,14.197869,15.725761,16.764532,20.248966,20.714493,23.580635,25.281733,26.735477,22.383936,19.249502,19.108078,14.991561,18.701162,14.8285475,18.770605,20.65853,19.269691,17.029852,17.530176,14.0366,16.870533,15.025686,19.444014
16,17.379248,14.4935,13.074909,8.316367,8.63338,7.460694,7.979521,10.731254,10.685954,14.82152,16.135725,14.733358,13.197652,10.74546,7.052412,4.8426495,0.0,4.554957,6.3502097,9.849426,12.962283,14.84854,18.594595,19.633476,23.8792,25.046843,25.784216,23.89746,16.594503,17.473646,13.795641,14.964583,14.711824,12.734778,15.717431,15.648796,19.68954,20.946371,18.431334,16.908379,20.372099,19.60761,18.672413,21.403133,19.571253,22.689632,21.997612,25.479149,24.33181,29.95964,29.189833,31.58813,35.05878,33.935547,29.19745,29.605822,24.726065,26.375984,24.597279,23.669924,23.306396,26.16742,24.182861,28.51347,29.93231,31.735998,29.290747,27.416557,32.590874,32.628017,27.647032,28.918556,25.25278,30.136238,25.197819,26.034233,26.676432,23.803741,24.380945,25.6935,21.759014,20.551846,17.995823,15.875009,16.3291,12.899786,16.23436,16.318087,16.288336,19.113064,18.566204,21.003925,22.596518,23.532803,19.091589,16.001232,16.144135,13.036784,16.98034,14.670907,18.673334,20.509754,20.292896,18.277096,19.928553,16.950363,20.396976,19.096,23.642096
17,18.528212,14.88072,14.292947,9.329807,8.279703,9.327668,6.615996,11.477045,10.028068,14.528992,15.607898,15.682295,15.074659,12.662394,9.755796,5.6832194,4.554957,0.0,5.688101,6.792736,10.140765,12.892954,16.026644,16.212856,20.517012,21.232628,21.574984,19.683098,12.320312,13.683592,9.737837,12.329482,13.334245,12.70843,15.527449,16.653189,20.271355,20.691929,17.92114,15.679463,18.59232,16.694471,15.385618,17.608736,15.498385,18.286512,17.445988,20.93993,19.913378,25.523062,24.96844,27.470545,30.996685,30.168688,25.538364,26.060854,20.962248,22.645382,21.4428,20.176207,19.328857,22.689281,20.477547,24.835846,26.590557,27.868124,25.189032,23.450724,28.666967,28.35848,23.30296,24.782383,21.309816,26.512188,22.034008,22.995003,24.225124,21.731665,22.901066,24.539621,21.013807,18.985106,16.713923,13.747688,13.462706,9.55242,12.581425,12.026175,12.543844,15.534168,15.4163475,18.580606,19.834589,21.55547,17.504534,14.106503,14.662427,10.402901,14.960245,12.122554,16.797956,19.619663,18.73052,16.205608,18.5777,14.440679,18.313396,16.863092,21.440838
18,17.059618,13.740125,14.700331,9.597197,10.54586,12.2213955,11.508703,16.331478,15.488966,19.978542,20.798317,20.277554,19.319645,16.51726,13.360077,9.766169,6.3502097,5.688101,0.0,5.292873,7.139346,8.998566,12.421045,14.041735,18.271301,20.076632,21.31992,19.564594,12.75802,13.3498125,11.171207,11.195769,14.398776,11.471532,15.824607,16.61833,19.66258,20.503532,16.836554,14.131624,18.75725,16.539492,16.827656,18.077063,17.813536,19.689493,19.498238,22.630331,21.4481,27.281548,25.936338,28.875349,31.700636,31.201817,26.191175,27.440615,22.746773,25.155405,24.108952,23.635511,22.753302,27.011747,25.071693,29.458487,31.657858,32.32295,29.289013,27.812906,32.980488,31.979248,26.65805,28.098036,25.200075,30.084816,26.258322,26.451164,28.07622,25.840773,26.909737,28.906736,25.188639,23.280144,21.774693,18.796349,18.809965,14.645019,17.555655,15.560827,15.553481,17.47104,15.824739,18.848482,19.167841,20.625088,16.954393,13.4212475,15.176242,12.395773,17.306261,16.244131,20.86808,23.646961,23.576668,21.206766,24.054922,20.021496,23.970192,22.353949,26.886173
19,17.085108,13.084297,14.936466,10.321155,10.067292,13.671424,11.225281,17.426613,16.304579,20.61051,21.85832,22.419043,21.799223,19.421993,16.216776,12.382605,9.849426,6.792736,5.292873,0.0,4.287326,6.460623,9.781009,10.429807,14.122996,15.315084,16.706999,15.507745,8.742201,10.933262,9.191566,11.36434,16.320126,14.909906,18.81387,20.49823,23.233503,23.318592,19.537718,16.131561,20.004196,16.164268,16.093546,15.992134,15.563872,16.08683,15.25217,18.011847,16.422346,22.253016,20.68744,23.620579,26.412464,25.970716,20.982145,22.371754,17.693583,20.316425,19.718973,19.391012,18.326258,23.243647,21.620668,25.967094,28.967398,28.771402,25.517076,24.65278,29.829056,28.299574,23.103321,25.191616,22.68453,28.14799,25.013914,25.60312,27.859255,26.05038,27.727068,29.83192,26.617062,24.017986,22.416252,18.865772,17.757866,13.650345,14.976894,11.577578,11.294829,12.687799,10.982829,14.635686,14.551024,16.771324,13.647376,9.903264,12.249694,8.930922,14.155538,13.575183,18.398256,21.963556,21.73665,19.175438,23.016487,18.594496,22.916214,21.679573,26.08225
20,19.826094,16.069834,18.644205,14.121109,14.291581,17.736338,15.332293,21.353365,19.699846,24.169077,24.704424,25.410849,25.126444,22.347775,19.606981,15.281868,12.962283,10.140765,7.139346,4.287326,0.0,4.8432255,5.892999,6.9503536,11.258802,13.280161,14.7517185,13.315631,7.7451897,8.700197,8.98583,9.3270235,16.104675,14.32922,18.526327,20.563517,22.53891,22.356142,18.138943,14.268911,18.5775,14.097373,15.144247,14.015166,15.182738,14.988013,15.129235,17.584864,16.475954,22.207909,20.49101,23.950703,26.132128,26.494633,21.51026,23.604258,19.179064,22.160511,22.303644,22.001488,20.396349,25.87533,24.005192,28.15677,31.142776,30.473026,26.940876,26.05834,30.983313,28.876507,23.508678,25.279768,23.398415,28.31825,25.95109,25.833704,28.530048,27.129078,28.891212,31.388174,28.263277,25.510153,24.780203,21.078445,20.288115,16.061966,17.790619,13.830773,14.175604,14.969598,12.8025,16.74654,15.4414625,18.142672,15.947032,12.324016,15.464693,12.642723,17.774227,17.43187,22.296883,26.075504,25.678585,22.978643,26.798925,21.839748,26.035944,24.338585,28.572346
21,16.856535,13.500978,17.190155,13.505771,14.487879,18.454958,17.155313,23.33621,22.671604,26.948122,28.249071,28.545837,27.659187,25.174963,21.705444,18.202616,14.84854,12.892954,8.998566,6.460623,4.8432255,0.0,5.644671,8.726689,10.818131,13.434779,16.42232,16.056623,11.518232,13.121331,13.685488,13.88776,20.590616,17.975492,22.603125,24.132214,26.190825,26.420605,22.040577,18.26647,23.110138,18.687336,19.965645,18.407158,19.720758,18.731255,18.323854,20.140715,18.220201,23.751358,21.08425,24.28803,25.978529,25.890593,20.698006,22.975943,19.307817,22.6288,22.30341,23.000727,22.064243,27.674717,26.58273,30.775087,34.388397,33.383114,29.870403,29.539394,34.523315,32.21942,27.084827,29.32916,27.550219,32.77806,30.450413,30.566202,33.245502,31.744307,33.461166,35.807354,32.563828,29.947756,28.74623,25.143831,24.03588,19.923723,20.820763,16.468597,15.506503,15.277356,11.830541,14.762453,13.077891,14.97941,13.189418,10.004062,13.717294,12.750717,17.301193,18.606148,22.974522,26.455648,26.997377,24.667498,29.008512,24.810326,29.207905,28.031406,32.360798
22,22.436844,19.08181,22.704762,18.772652,19.30492,23.153774,20.95982,27.154894,25.530222,29.961945,30.39115,31.235142,30.995575,28.140882,25.3992,21.10728,18.594595,16.026644,12.421045,9.781009,5.892999,5.644671,0.0,4.5585012,7.1902933,10.682847,13.206253,12.54213,10.281786,10.568296,13.138511,12.215605,20.216032,18.138702,22.445625,24.633932,25.802912,25.40094,20.863249,16.728481,21.211363,16.008564,18.160265,15.332268,18.153376,16.281305,16.957115,18.360357,17.288013,22.43875,20.017544,23.81302,24.896011,26.00915,21.137417,24.085297,20.528547,23.968718,24.748728,24.997744,23.221642,29.303679,27.730051,31.60271,35.061543,33.52258,29.745993,29.343674,33.92157,31.00133,25.806671,27.639473,26.645176,31.182638,29.869236,29.305595,32.51344,31.591656,33.52187,36.2819,33.34979,30.422411,30.189625,26.36296,25.436762,21.32965,22.532608,17.792065,17.926138,17.549585,14.588524,18.208603,15.432455,18.351936,17.623873,14.594399,18.460535,16.77054,21.428286,22.09804,26.719166,30.675432,30.531717,27.877577,32.11512,27.05688,31.270777,29.562208,33.59695
23,25.00695,21.242958,24.430698,20.377577,20.062601,24.046267,20.75742,27.024267,24.755465,29.036854,29.15229,30.719212,30.992348,28.211527,25.92558,21.247387,19.633476,16.212856,14.041735,10.429807,6.9503536,8.726689,4.5585012,0.0,5.581538,7.778949,9.006499,7.9880714,6.9851627,7.547211,10.872178,11.248787,19.331095,18.698622,22.244175,25.060724,26.11946,25.079426,20.855701,16.61588,19.86392,13.864541,15.5323515,11.827357,14.679877,11.970685,12.869525,14.100845,13.567955,18.559633,16.714594,20.742338,22.003237,23.656666,19.127071,22.090897,18.282364,21.526432,23.054655,22.729685,20.367542,26.571468,24.710041,28.308516,31.724792,29.830889,25.9658,25.61786,29.955181,26.77259,21.644585,23.488018,22.886864,27.346684,26.62244,26.101458,29.649998,29.107027,31.360075,34.213184,31.708937,28.412872,28.473295,24.463396,23.241962,19.41815,20.231083,15.2894535,16.223713,15.952845,13.9630165,18.253456,15.425169,19.226105,18.717106,15.646881,19.23199,16.589098,21.175018,21.109308,25.793741,30.156475,29.33687,26.47181,30.680607,25.140438,29.191479,27.383991,31.10476
24,25.777428,22.28779,26.189161,22.943434,22.683388,27.2874,24.173544,30.759047,28.97347,33.01447,33.70584,35.393326,35.432693,32.935387,30.218506,25.905325,23.8792,20.517012,18.271301,14.122996,11.258802,10.818131,7.1902933,5.581538,0.0,4.25527,8.154907,9.615785,11.116818,12.709904,15.901236,16.821499,24.889364,24.144567,27.816847,30.555387,31.604805,30.584826,26.309996,22.05926,25.257633,19.06122,20.616385,16.246363,18.960617,14.854978,14.950364,14.7572775,13.423242,17.456816,14.454001,18.368366,18.55438,20.48116,16.152262,19.750975,17.1575,20.718273,22.58208,23.096083,21.057796,27.552765,26.509699,29.823196,34.061695,31.28593,27.395903,27.93029,32.010014,28.257664,23.721117,26.196966,26.141283,30.819637,30.694996,30.483204,34.25593,33.899384,36.345665,39.123447,36.792896,33.355858,33.119778,29.041918,27.24608,23.698292,23.31271,17.7783,17.795977,16.21287,13.622752,17.156666,13.247518,17.16218,18.112806,15.899577,19.706419,18.265697,21.996986,23.180428,27.312798,31.72728,31.387247,28.764774,33.59495,28.487856,32.659775,31.366045,34.953873
25,27.05508,23.349543,26.906096,23.895985,22.988804,27.776575,24.011488,30.595095,28.661423,32.365185,33.198696,35.39954,35.650444,33.43667,30.850906,26.58478,25.046843,21.232628,20.076632,15.315084,13.280161,13.434779,10.682847,7.778949,4.25527,0.0,5.1247883,8.052737,10.743466,13.282956,16.037537,18.351833,25.914345,26.08416,29.281637,32.28264,33.512943,32.199375,28.22625,24.027382,26.384668,19.954845,20.69634,16.111437,17.973373,13.050312,12.375348,11.36408,9.783836,13.308519,10.273161,14.289998,14.610235,16.83377,12.859811,16.473852,14.019423,17.401562,19.910303,20.228825,17.971704,24.489105,23.651434,26.63459,31.182615,27.902561,24.034765,25.032772,28.882505,24.906244,20.77884,23.70113,23.934202,28.841301,29.106913,29.326656,33.232567,33.082024,35.78275,38.44319,36.482403,32.8133,32.429214,28.303308,26.004288,22.918509,21.613113,15.9491205,16.088875,14.180255,12.512068,16.17565,12.394922,16.889711,18.145681,16.214262,19.553871,17.754051,20.938456,21.91482,25.740482,30.376495,29.702827,27.09108,32.058006,26.979305,31.01769,30.007477,33.286877
26,30.464474,26.479622,29.3741,25.93897,24.515785,28.905706,24.365458,30.58086,27.870892,31.429577,31.582874,34.349903,35.192562,32.916958,31.028284,26.403875,25.784216,21.574984,21.31992,16.706999,14.7517185,16.42232,13.206253,9.006499,8.154907,5.1247883,0.0,4.0653286,9.574932,11.520845,14.478473,17.276457,24.220968,25.53628,27.926971,31.367687,32.336514,30.49475,26.964045,22.94441,24.086977,17.540678,17.802826,12.785152,14.55201,8.867056,8.8936205,7.462379,7.7800407,10.788014,9.71608,13.9895735,14.87289,17.902939,14.765408,17.861664,14.821086,17.508173,20.755201,19.959862,16.83604,23.11247,21.531672,24.104551,28.11422,24.701096,20.754723,21.467833,24.900026,20.673792,16.541172,19.12217,19.922945,24.331966,25.324339,25.357723,29.510782,29.804712,32.69627,35.46662,33.953377,30.074472,30.260471,26.139494,23.914064,21.229877,20.084206,14.896043,16.385187,15.320687,15.090181,19.290787,16.2315,20.942627,21.64265,19.38383,22.288713,19.336653,22.658852,22.316374,26.279789,31.132717,29.567934,26.704298,31.16619,25.5065,29.132254,27.765493,30.603447
27,30.873545,26.779804,29.276766,25.318542,23.903845,27.791916,23.119614,29.01593,25.814032,29.548569,29.07073,31.838602,32.967678,30.437656,29.009258,24.078098,23.89746,19.683098,19.564594,15.507745,13.315631,16.056623,12.54213,7.9880714,9.615785,8.052737,4.0653286,0.0,7.376543,8.059205,11.449407,13.867773,20.581684,22.264446,24.308294,27.910088,28.673382,26.652813,23.280933,19.374655,20.115969,13.574572,13.914912,8.733873,11.11644,5.823417,7.618404,7.7767205,9.360902,13.005028,12.986047,17.139551,18.59164,21.39484,18.094225,20.81349,17.018028,19.469143,22.425652,21.009228,17.58535,23.578371,21.210659,23.940105,27.1404,24.417162,20.461502,20.298885,23.833448,19.969341,15.21882,16.998049,17.605043,21.588682,22.431223,21.984922,26.152782,26.487226,29.292992,32.227463,30.678541,26.836807,27.514452,23.42635,21.723473,18.889904,18.79845,14.165677,16.546894,16.461632,16.480692,21.096607,18.505424,23.097837,23.01201,20.245697,23.096945,19.434593,23.344433,22.097576,26.471926,31.28114,29.320246,26.249434,30.163765,24.041924,27.496126,25.586735,28.442005
28,25.041653,20.845335,22.699366,18.415419,16.95543,20.528393,16.006603,21.948103,19.033792,23.049679,23.009394,25.236425,25.972511,23.477758,21.718313,16.90364,16.594503,12.320312,12.75802,8.742201,7.7451897,11.518232,10.281786,6.9851627,11.116818,10.743466,9.574932,7.376543,0.0,4.8219004,5.3714385,9.631123,15.781772,16.999796,19.487478,22.625437,24.325966,22.979385,19.519638,15.697831,17.402525,11.688265,11.170782,8.815305,8.868139,7.472295,7.526653,10.34079,10.309722,15.82556,15.463142,19.066538,21.745535,22.835793,18.602428,20.498987,15.612716,18.04192,19.550556,18.042845,15.249937,20.910376,18.396137,22.09011,25.022373,23.725412,20.00266,19.157993,23.788187,21.301296,15.92819,17.860073,16.491154,21.584402,20.183369,20.357117,23.712152,23.019073,25.470018,28.104103,25.867046,22.343779,22.10669,18.003796,16.440056,12.876792,13.583128,9.155541,11.49727,12.66274,12.663927,17.505384,16.17763,20.158607,18.603113,15.276115,17.741798,13.394844,17.992012,16.172749,21.019396,25.544788,23.809435,20.710604,24.472935,18.533262,22.41115,20.562174,24.175903
29,27.923508,23.892336,25.670877,20.936306,19.932419,22.766516,18.602325,23.909079,20.430204,24.688185,23.585068,25.627989,26.740213,23.72242,22.658253,17.40149,17.473646,13.683592,13.3498125,10.933262,8.700197,13.121331,10.568296,7.547211,12.709904,13.282956,11.520845,8.059205,4.8219004,0.0,4.927926,5.9196377,12.892777,14.222427,16.429817,19.897266,20.862543,19.185276,15.64367,11.735005,13.2694235,7.1598516,7.9933286,5.322212,7.9265547,7.9498415,10.317224,13.130247,14.22521,19.204557,19.245916,23.097645,25.392328,27.083748,22.979673,25.12218,20.343187,22.707901,24.328405,22.589178,19.574614,24.904766,21.812624,25.283998,27.323183,26.42285,22.748222,21.191936,25.431835,22.993864,17.452152,18.154224,17.093676,20.904545,19.81179,18.837984,22.290203,21.841219,24.08074,27.103243,24.803392,21.416313,22.282766,18.35415,17.880365,14.208799,16.583857,13.209744,16.017956,17.456722,17.199537,21.974432,20.390472,24.245588,22.615269,19.108164,21.766369,17.452961,22.332533,20.109232,25.101303,29.437555,27.463337,24.276573,27.324389,21.01262,24.472195,21.840864,25.300165
30,25.977654,21.884058,22.745832,17.95032,16.48123,18.764856,14.2512455,19.176807,15.522296,19.764359,18.792532,20.87518,22.009916,19.17269,18.22803,13.011943,13.795641,9.737837,11.171207,9.191566,8.98583,13.685488,13.138511,10.872178,15.901236,16.037537,14.478473,11.449407,5.3714385,4.927926,0.0,6.4886475,10.623151,12.700593,14.499687,17.736534,19.6259,18.26765,15.260021,11.968901,13.10192,8.674781,7.210322,7.9530406,6.7091227,9.327789,10.274972,13.945115,14.61565,19.874973,20.266348,23.598255,26.68208,27.538313,23.389652,24.78434,19.547289,21.431002,22.386066,20.239317,17.528112,22.112381,18.808905,22.573603,24.213604,24.21918,20.85764,18.875608,23.559065,22.066437,16.500973,17.330902,15.064966,19.583843,17.064352,16.882298,19.693243,18.596243,20.729504,23.426884,20.903502,17.58812,17.743824,13.785355,13.3239765,9.417302,12.49994,10.251972,13.375422,15.816201,16.289684,20.919077,20.412838,23.888214,21.420551,17.837519,19.716215,14.757361,19.577887,16.41351,21.43581,25.537897,23.310932,20.111412,22.729092,16.459557,19.933369,17.322851,21.080868
31,27.754028,24.069717,25.347628,20.226915,19.880447,21.556936,18.39798,22.767216,19.289331,23.817709,22.085165,23.20319,24.239782,20.721304,20.104385,14.797546,14.964583,12.329482,11.195769,11.36434,9.3270235,13.88776,12.215605,11.248787,16.821499,18.351833,17.276457,13.867773,9.631123,5.9196377,6.4886475,0.0,8.382793,8.481271,11.123866,14.354784,15.204369,13.9768,10.049421,6.0748134,9.304921,5.515942,7.6569614,8.591382,10.798701,13.280929,15.624665,18.824005,19.756233,24.933186,24.894714,28.639273,31.061638,32.39283,27.997091,29.957191,24.994684,27.30555,28.18904,26.460493,23.84364,28.591854,25.261635,28.943665,30.161613,30.329657,26.946615,24.709002,29.0248,27.363323,21.772991,21.71256,19.965458,23.024673,20.861937,19.279917,21.89326,20.890512,22.399515,25.452766,22.528059,19.844183,21.0688,17.660091,18.500994,14.552284,18.709717,16.579592,19.160536,21.190603,20.579443,25.038084,23.93031,27.117376,24.735321,21.013931,23.483747,19.290129,24.46554,21.91504,27.00984,30.781685,28.973967,25.887575,28.128357,22.070505,25.270033,22.160282,25.85093
32,31.061285,27.618044,27.333782,22.251383,21.578154,21.295124,18.42873,20.36571,16.135525,20.132374,16.777618,17.55505,19.453989,15.712138,17.098291,12.276101,14.711824,13.334245,14.398776,16.320126,16.104675,20.590616,20.216032,19.331095,24.889364,25.914345,24.220968,20.581684,15.781772,12.892777,10.623151,8.382793,0.0,6.2543755,4.300967,8.187967,9.677393,8.268201,6.9678817,6.913117,6.1862593,8.934163,8.21121,13.246429,12.730759,17.886215,19.952427,23.694904,25.017488,29.906052,30.77677,34.07352,37.20427,38.115795,33.957993,35.167484,29.816628,31.360422,31.76213,29.254097,26.796898,30.022245,26.052444,29.458942,28.961887,30.78149,28.115007,24.797457,28.791538,28.593504,23.381525,22.212795,19.498615,21.357248,17.649809,15.76805,16.762932,15.023126,15.562239,18.48467,15.189251,13.392753,15.515762,13.291334,16.037935,13.073647,18.97517,19.39833,22.487936,25.579805,25.93557,30.151632,30.099274,32.925808,29.695166,26.005419,27.44837,22.702772,27.441713,23.423864,28.126541,31.17755,28.66583,25.723848,26.147314,20.404228,22.425644,18.586588,21.863953
33,28.005077,25.035986,25.165243,20.075216,20.48775,20.116268,18.776068,21.07878,18.11223,22.461998,20.17426,19.584803,20.295223,16.336632,16.553865,12.199541,12.734778,12.70843,11.471532,14.909906,14.32922,17.975492,18.138702,18.698622,24.144567,26.08416,25.53628,22.264446,16.999796,14.222427,12.700593,8.481271,6.2543755,0.0,5.2246313,6.508476,8.369676,9.182881,5.818061,5.443424,9.716811,11.612152,12.798543,16.29191,17.028694,21.053526,22.90787,26.48726,27.10253,32.49314,32.438847,35.890366,38.68145,39.34849,34.715282,36.217285,31.08103,33.13776,33.035503,31.313896,29.335487,33.095985,29.702911,33.537388,33.799976,35.351536,32.470497,29.625961,34.013668,33.449097,28.009188,27.463894,24.816633,27.292421,23.622328,21.959688,22.971718,21.005903,21.23467,23.818468,20.033123,18.849419,19.948185,17.810589,20.161123,16.546427,22.06115,21.60797,23.710852,26.372969,25.680632,29.496227,29.285795,31.527388,28.191988,24.527792,26.29105,22.461052,27.424463,24.493196,29.264513,32.0169,30.49937,27.778212,28.757385,23.666183,26.282389,22.976547,26.760397
34,32.23285,29.168404,28.704185,23.689476,23.552656,22.581654,20.734468,21.90628,18.173483,21.996553,18.463133,18.193851,19.837994,15.908679,17.670633,13.581299,15.717431,15.527449,15.824607,18.81387,18.526327,22.603125,22.445625,22.244175,27.816847,29.281637,27.926971,24.308294,19.487478,16.429817,14.499687,11.123866,4.300967,5.2246313,0.0,4.2180557,5.551331,5.3338795,5.0265822,7.2926364,7.5461884,12.022425,12.228222,16.984066,16.99698,22.011465,24.148607,27.864893,29.062908,34.0725,34.736317,38.082462,41.13024,41.96457,37.637634,38.896782,33.57456,35.215527,35.327198,33.002483,30.764248,33.869556,29.983782,33.4333,32.701195,34.851574,32.293835,28.889208,32.81198,32.799007,27.642553,26.304737,23.577557,24.978485,21.121065,18.986755,19.319313,17.381378,17.129196,19.788591,16.178646,15.434347,17.632393,16.182976,19.404205,16.594799,22.652992,23.241499,25.998234,29.074915,29.08827,33.083485,33.09071,35.582397,32.157146,28.486162,29.905937,25.53541,30.274725,26.45827,31.049227,33.702576,31.484886,28.72843,28.776829,23.55755,25.360106,21.547709,24.74093
35,32.010944,29.378119,28.54077,23.76494,24.075968,22.338223,21.575726,21.909336,18.895721,22.47602,19.179684,17.778826,18.907904,14.990332,16.895124,13.83613,15.648796,16.653189,16.61833,20.49823,20.563517,24.132214,24.633932,25.060724,30.555387,32.28264,31.367687,27.910088,22.625437,19.897266,17.736534,14.354784,8.187967,6.508476,4.2180557,0.0,4.5647616,7.0194116,7.440941,10.227201,11.541111,16.018093,16.325466,20.986609,20.863533,25.836418,27.679888,31.450432,32.321205,37.52228,37.937134,41.193165,44.304955,44.81223,40.314426,41.456306,36.16143,37.81582,37.46429,35.35804,33.491695,36.353508,32.67722,36.252785,35.446003,37.97218,35.55817,32.16423,36.208668,36.47182,31.352747,30.16278,27.167898,28.701283,24.381046,22.536097,22.289764,19.951876,19.130005,21.268486,17.310154,17.46307,19.046642,18.226122,21.650345,18.953156,25.022844,25.887232,28.19301,31.315186,31.096836,34.737377,35.03299,37.06489,33.340633,29.778467,30.966661,27.00609,31.579657,27.958435,32.319313,34.466763,32.632175,30.136465,29.848099,25.341219,27.02746,23.463295,26.72862
36,35.583836,32.9044,32.50646,27.608505,27.98849,26.639944,25.593306,26.301268,22.9904,26.581158,22.868769,21.883959,23.316162,19.429358,21.418997,18.065453,19.68954,20.271355,19.66258,23.233503,22.53891,26.190825,25.802912,26.11946,31.604805,33.512943,32.336514,28.673382,24.325966,20.862543,19.6259,15.204369,9.677393,8.369676,5.551331,4.5647616,0.0,3.9120913,5.749501,9.783614,10.338532,15.782549,16.917536,21.229269,22.052357,26.82106,29.291773,32.88961,34.163223,39.174988,39.699707,43.19539,46.018547,47.015434,42.579956,44.03248,38.782127,40.575844,40.634624,38.457428,36.250725,39.413704,35.524662,38.930378,37.977016,40.241783,37.706516,34.21495,37.92919,37.90471,32.79538,31.136261,28.666283,29.349257,25.80259,23.151773,23.12362,21.383698,20.538507,23.025393,19.53577,19.610329,22.185114,21.290277,24.768847,22.093348,28.175661,28.680115,31.283686,34.22738,33.882374,37.762608,37.59399,39.89271,36.48573,32.840343,34.408623,30.412035,35.199226,31.65422,36.195477,38.610657,36.617027,33.9754,33.791958,28.876562,30.469542,26.62192,29.576893
