,0,1,2,3,4,5,6,7,8,9,10,11,12,13,14,15,16,17,18,19,20,21,22,23,24,25,26,27,28,29,30,31,32,33,34,35,36,37,38,39,40,41,42,43,44,45,46,47,48,49,50,51,52,53,54,55,56,57,58,59,60,61,62,63,64,65,66,67,68,69,70,71,72,73,74,75,76,77,78,79,80,81,82,83,84,85,86,87,88,89,90,91,92,93,94,95,96,97,98,99,100,101,102,103,104,105,106,107,108,109
0,0.0,3.5805883,7.803232,9.502858,12.869812,15.874146,17.820498,22.03672,24.471212,27.640606,31.093437,33.921783,32.402027,31.701366,25.396507,24.701597,21.650845,19.580875,17.847475,14.709273,15.729708,12.76175,16.585424,17.543722,16.2688,19.188276,19.655045,21.230957,24.49591,24.860525,29.796894,31.265898,37.12543,38.04685,34.882053,35.674694,38.579273,35.789555,32.319565,34.46293,36.75665,30.256126,30.50309,34.991505,34.27752,27.890867,30.526228,35.715714,33.35622,34.873512,29.139362,29.969868,27.602755,25.864359,22.87272,20.63187,24.174473,20.842377,22.52756,27.497149,29.019588,32.500698,34.92092,37.99768,38.47335,37.018208,41.313,41.176933,35.87548,38.478466,40.24399,37.430393,35.176487,37.683853,36.19254,37.296494,34.020462,34.961033,34.44645,36.172855,33.938953,35.50982,32.32477,30.311691,30.382309,27.138243,28.276182,24.953587,25.063854,25.128447,26.29958,26.378527,30.772556,32.112724,35.98371,37.17466,39.17436,36.59152,32.63072,33.72553,29.866941,30.786118,32.77318,35.720177,33.834663,38.07017,35.376427,39.378452,38.99888,43.273663
1,3.5805883,0.0,4.7387238,7.462729,10.477415,13.664581,15.521044,19.49709,22.214666,25.06723,28.723457,31.483755,30.2042,29.790348,23.424261,23.126308,20.389467,18.599857,17.299767,14.837288,16.73062,14.130986,18.50856,19.244898,17.644783,20.316477,19.87071,21.249426,24.073448,24.250153,28.996016,30.074108,36.185226,36.61439,33.526207,34.735928,37.40475,34.205875,31.120281,33.542854,35.385803,28.783443,29.566683,33.983036,32.796944,26.736187,29.889061,34.676197,32.08861,33.228718,27.449886,29.069172,26.093744,24.007318,21.590143,19.895868,23.42829,20.121414,20.950369,25.862528,27.891157,31.827118,34.461945,37.379284,37.440697,36.282917,40.8821,40.9502,35.788624,38.630974,40.686146,38.10979,35.7913,38.70977,36.873062,38.38144,35.00648,35.506355,35.06216,36.295128,33.86419,35.10649,31.737223,30.043938,30.292229,27.385466,28.690073,26.073904,26.152317,26.598753,27.404728,26.928759,31.45034,32.125877,36.209633,37.06859,39.003296,36.741703,32.761135,34.318752,30.462406,31.921274,34.185932,36.83014,34.70236,38.66141,35.474407,39.43421,38.651386,42.894466
2,7.803232,4.7387238,0.0,5.147306,6.6991,9.260354,11.658672,14.972449,18.087112,20.595192,24.40952,27.009771,25.72422,25.513187,19.048222,19.295519,16.748524,15.570147,14.45671,13.261406,15.944982,13.996357,18.810373,19.353733,17.620628,19.735672,18.318207,19.120026,21.461555,21.185938,25.89494,26.326479,32.674114,32.719795,29.911112,31.582134,34.13739,30.62571,28.001,30.747011,32.29037,25.771261,27.077303,31.54801,30.045567,24.598534,28.177593,32.66571,30.220364,30.816017,24.977087,27.712194,24.488981,21.807228,19.84903,18.419746,21.337418,17.754314,17.66928,22.280441,24.54035,29.010544,31.66676,34.273605,34.112953,33.43585,38.235584,38.6664,33.652752,36.543083,39.113693,36.968967,34.331703,37.632034,35.28282,37.198513,33.679646,33.63682,33.145184,33.81771,31.13858,31.981468,28.510025,27.25209,27.859966,25.26671,27.032137,25.381582,25.717285,26.842558,27.383272,26.325546,31.151873,31.157063,35.463634,35.93027,37.51028,35.582012,31.460056,33.674587,29.501633,31.723564,34.26124,36.411484,33.94612,37.714367,33.887157,37.887196,36.718903,40.825233
3,9.502858,7.462729,5.147306,0.0,3.7720919,8.521137,8.44052,13.379609,15.22544,18.64317,21.902498,24.943554,23.918324,23.293808,17.6448,16.338833,14.331952,12.006477,12.705601,10.190035,13.902411,12.807934,18.228004,17.02984,14.547222,16.58002,14.403956,15.924551,17.8311,18.527058,22.293575,23.866486,29.778353,29.859358,26.418905,27.680836,30.12011,26.833649,23.788239,26.308834,27.948545,21.341908,22.341326,26.750153,25.461983,19.668274,23.106424,27.723593,25.38204,26.260782,20.409716,22.698557,19.890778,17.405626,14.913801,13.284855,16.429512,13.234695,13.546116,18.535883,20.91428,24.931364,27.915081,30.888496,30.392916,29.240509,34.09103,34.25149,29.3141,32.54727,34.783142,32.537567,30.31231,33.906345,31.724295,34.000042,30.714535,30.498997,30.779388,31.110891,28.86077,30.038746,26.14064,24.417933,24.35976,22.323248,23.181107,21.788292,21.609121,22.76954,22.888136,21.507233,26.24897,26.047335,30.369743,30.80526,32.468323,30.57391,26.550303,28.789621,24.908787,27.255074,29.968306,31.972813,29.477283,32.95689,29.137753,33.0218,31.835384,36.00677
4,12.869812,10.477415,6.6991,3.7720919,0.0,5.4966545,5.065014,9.621423,11.7543,14.929697,18.335768,21.277306,20.307281,19.878805,14.248542,13.359373,11.779798,10.143127,11.437872,10.486639,14.676021,14.235187,19.603348,18.361786,15.937028,17.331099,14.25852,15.116077,16.333782,16.601402,20.138586,21.084698,27.198124,26.841597,23.640215,25.39141,27.67321,24.038033,21.498999,24.36022,25.640099,19.133757,20.734041,25.138248,23.49791,18.454529,22.310257,26.518377,24.334324,24.627949,18.782383,22.244383,19.222748,16.14819,14.297279,13.118454,15.407945,12.060973,11.084198,15.726777,18.452692,23.024605,26.047508,28.700699,27.920624,27.254988,32.304344,32.81545,28.082226,31.359278,34.058994,32.247726,29.77031,33.687016,31.058908,33.698063,30.334225,29.599957,29.864563,29.628141,27.180311,27.959225,23.952003,22.680614,22.952135,21.333925,22.584658,22.191088,22.243185,23.973257,23.84332,21.948,26.830679,25.96734,30.425922,30.468628,31.77675,30.244963,26.160759,28.998257,24.920713,27.931486,30.832825,32.35876,29.595844,32.82356,28.433752,32.297134,30.726313,34.73164
5,15.874146,13.664581,9.260354,8.521137,5.4966545,0.0,6.2526817,6.841626,10.350529,12.576882,16.21618,18.525892,16.68843,16.384344,9.793645,10.800466,8.470464,9.130068,8.616643,10.755223,14.2837715,14.277275,18.9702,18.683434,17.026648,17.627487,14.5877905,13.869982,14.992564,13.704427,18.266575,17.503744,24.088682,23.800724,21.59738,23.89452,26.475384,22.827364,20.91779,24.085234,25.518175,19.649382,21.495602,26.10323,24.60629,20.658218,24.358929,28.502,27.006155,26.723639,21.09308,25.416552,22.856653,19.387232,17.787542,16.293974,17.016699,12.880587,11.344967,14.726939,16.689034,21.939157,24.323574,26.288486,26.062052,26.278471,31.135487,32.25744,27.574177,30.258688,33.772175,32.54273,29.25656,33.057453,29.82894,32.40585,28.777918,27.715282,27.239311,26.81741,23.850153,24.062986,20.416945,19.927898,21.211239,19.347635,21.97334,22.33615,23.289736,25.680477,25.861492,23.984152,29.179369,28.276367,32.71427,32.57598,33.22104,31.803839,27.47244,30.773525,25.948519,29.461313,32.29468,33.40682,30.42334,33.86683,29.061008,33.11161,31.48742,35.1755
6,17.820498,15.521044,11.658672,8.44052,5.065014,6.2526817,0.0,6.079969,6.8449264,10.482826,13.498349,16.663897,16.11498,15.674355,11.189666,9.507972,9.559293,8.205886,11.709583,11.7794895,16.410528,17.002842,22.212746,20.11173,17.50235,18.10827,13.814089,14.326527,14.104448,14.592745,16.71158,17.694235,23.570177,22.581512,19.213352,21.32669,23.211733,19.243973,17.164543,20.295536,21.049501,14.677646,16.948563,21.159029,19.15502,15.065397,19.302637,22.89441,20.996168,20.68979,14.996473,19.648783,16.72801,13.156754,12.021119,11.559457,12.626862,9.863723,6.8909173,11.084319,14.554219,19.42561,22.73456,25.1954,23.710642,23.339464,28.65124,29.393938,25.083204,28.6387,31.59761,30.261805,27.865973,32.2853,29.323357,32.574486,29.368866,27.93237,28.71175,27.562317,25.250443,25.739498,21.398466,20.423899,20.585934,20.024284,20.995573,21.97401,21.900417,24.165007,23.46983,20.830366,25.592157,23.77401,28.29732,27.82256,28.754396,27.750011,23.788504,27.291601,23.367575,27.124496,30.272074,31.135435,28.118904,30.741829,25.75178,29.405258,27.331402,31.12635
7,22.03672,19.49709,14.972449,13.379609,9.621423,6.841626,6.079969,0.0,4.898408,5.7868834,9.740325,12.046474,11.12106,11.512965,6.637314,8.131032,8.934266,10.45052,12.682486,15.313287,19.326424,20.162243,24.772371,23.525011,21.520197,21.491802,17.185623,16.262457,15.391164,14.26278,16.475761,15.055196,21.361084,19.608099,17.543312,20.780197,22.481426,18.030464,17.453665,21.059599,21.249363,15.939917,19.020926,22.967312,20.61862,18.470062,22.713575,25.534933,24.15727,22.848356,17.816875,23.75372,20.866432,16.923092,16.85,16.705313,16.313812,13.440174,9.304134,10.81384,14.079981,19.837149,22.589567,24.031181,22.518328,23.467768,28.714245,30.230145,26.350199,29.437649,33.263508,32.689613,29.662546,34.11932,30.493107,33.882694,30.519064,28.494005,28.681894,26.905172,24.07857,23.613644,19.610628,19.878094,21.111511,20.822544,22.988997,25.008793,25.624891,28.442533,27.860744,25.088072,29.909155,27.683601,32.124947,31.243967,31.493803,30.928606,26.956898,31.019512,26.695393,31.004694,34.132935,34.46478,31.227354,33.713226,28.180433,31.773321,29.345814,32.64542
8,24.471212,22.214666,18.087112,15.22544,11.7543,10.350529,6.8449264,4.898408,0.0,4.795998,6.7443733,10.064316,9.971445,9.650336,7.895315,6.004022,9.040076,9.569881,13.923161,15.745564,20.028763,21.514658,26.146599,23.721886,21.374746,20.97394,15.987174,15.444136,13.362522,13.372202,13.397175,13.357725,18.793482,16.678272,13.681185,16.78952,18.073282,13.499741,12.906214,16.544533,16.401731,11.149715,14.5571165,18.226404,15.818413,14.362346,18.55402,20.953966,19.949295,18.461979,13.742254,19.960995,17.683352,13.851308,13.967058,14.212901,12.887068,11.156231,5.991886,6.33256,10.607477,16.05261,19.290112,20.965576,18.620535,19.29305,24.754292,26.145527,22.641808,26.152859,29.757301,29.356113,26.788624,31.621424,28.077322,31.953224,28.9444,26.536781,27.62258,25.219982,22.967018,22.744007,18.303783,18.240194,18.71694,19.537294,20.675913,23.501478,23.663033,26.61107,25.503187,22.252945,26.713423,23.86213,28.213251,27.025356,27.099579,26.88985,23.17644,27.52977,23.665731,28.298101,31.559698,31.462154,28.168186,30.042519,24.289455,27.593435,24.871449,28.0733
9,27.640606,25.06723,20.595192,18.64317,14.929697,12.576882,10.482826,5.7868834,4.795998,0.0,4.435658,6.569104,7.2354665,8.501246,7.8013253,8.98761,11.942691,13.744523,16.98929,19.803774,23.815077,25.158865,29.574007,27.779297,25.694593,25.193642,20.377476,19.277359,17.108604,16.160156,16.152918,14.202485,19.563263,16.43788,14.773724,18.776419,19.520197,14.5144,15.557067,19.307362,18.290838,14.235947,18.172344,21.221842,18.30315,18.272848,22.523254,24.030632,23.049984,20.795975,16.831644,23.762012,21.04472,17.08041,18.17408,18.901272,17.456861,15.835593,10.728187,9.558601,13.355585,18.938723,21.729582,22.537167,19.922142,21.636942,26.946075,28.827911,25.839668,29.054115,33.083084,33.140335,30.348534,35.157516,31.287514,35.205734,32.147213,29.418913,30.09856,27.295088,24.734238,23.736107,19.729088,20.630539,21.779015,22.733763,24.504427,27.707666,28.149065,31.236246,30.16857,26.87774,31.235939,28.081165,32.323742,30.844112,30.624397,30.8072,27.27207,31.829044,27.978897,32.778893,36.018486,35.680492,32.32628,33.988304,28.024048,31.107056,28.086063,30.863997
10,31.093437,28.723457,24.40952,21.902498,18.335768,16.21618,13.498349,9.740325,6.7443733,4.435658,0.0,3.7345178,5.933795,6.78482,9.839891,9.514174,13.509085,15.137063,19.094246,21.78173,25.688198,27.51181,31.71329,29.31148,27.200945,26.284021,21.226809,20.072685,17.022581,16.49796,14.617723,12.9843235,17.099089,13.205413,11.503681,15.788538,15.864952,10.703765,12.864334,16.511848,14.864842,12.163292,16.274225,18.6485,15.779261,17.326786,21.11865,21.88436,21.597021,18.921137,15.926447,22.940212,21.00907,17.367657,18.667532,19.569767,17.1583,16.443747,11.409502,8.227415,11.7599325,16.72245,19.471552,19.9378,16.535482,18.642149,23.86555,25.934204,23.622564,26.870584,30.931265,31.443192,28.884367,33.874855,29.941244,34.2112,31.48212,28.30617,29.52582,26.038908,23.913597,22.81214,18.77698,19.83294,20.66598,22.590551,23.846302,27.875772,28.181461,31.447796,30.065393,26.50726,30.458302,26.811815,30.786304,28.95692,28.287046,28.934286,25.74485,30.572016,27.068016,32.147366,35.394646,34.529613,31.144295,32.209282,26.05556,28.749077,25.43774,27.791897
11,33.921783,31.483755,27.009771,24.943554,21.277306,18.525892,16.663897,12.046474,10.064316,6.569104,3.7345178,0.0,4.470371,6.618474,10.884084,12.014235,15.689212,18.026056,21.261915,24.610569,28.22878,30.069614,33.986946,31.9774,30.12479,29.033607,24.156374,22.545475,19.489975,18.29661,16.521662,13.479975,17.129318,12.626027,12.516136,17.18356,17.017624,12.163479,15.279535,18.755556,16.891293,15.325997,19.299177,21.349339,18.585342,20.8362,24.398195,24.824594,24.80561,21.838888,19.365402,26.426167,24.551847,20.939926,22.39438,23.239418,20.626534,19.738295,14.918506,11.406849,13.955179,18.733913,20.872046,20.547476,17.280151,20.239553,25.04839,27.533215,25.619774,28.425861,32.84198,33.75744,30.937765,35.79295,31.61469,35.839764,33.112186,29.708809,30.582134,26.808023,24.52259,22.833868,19.31684,21.096502,22.451694,24.428581,26.197214,30.507957,31.113638,34.53304,33.261463,29.76832,33.698692,30.036388,33.868835,31.924042,30.929274,31.75565,28.650772,33.568657,29.940649,35.117756,38.28995,37.211983,33.8009,34.800285,28.584648,31.152252,27.796478,29.743093
12,32.402027,30.2042,25.72422,23.918324,20.307281,16.68843,16.11498,11.12106,9.971445,7.2354665,5.933795,4.470371,0.0,3.2332757,7.623843,9.869643,12.854482,16.022686,18.257673,22.34623,25.465809,27.390993,30.870474,29.31463,27.872456,26.564981,22.086906,19.853804,17.123156,15.042493,14.405338,9.937231,14.474016,10.8884,11.64716,16.232473,17.138607,13.014703,15.286738,18.756163,18.162743,16.330734,19.58732,22.386507,20.454376,21.811338,25.01008,26.455618,26.76157,24.330923,21.254711,27.753218,26.33294,22.691721,23.194046,23.150003,20.30764,18.523819,14.418226,11.103343,12.266572,17.448837,18.939781,18.371988,16.398783,19.578674,24.07177,26.766268,24.36032,26.585297,31.4092,32.35929,28.920729,33.450787,29.063969,32.97098,30.028746,26.72553,26.999828,23.462227,20.804733,18.911562,15.630552,17.807676,19.843792,21.299047,23.921125,28.134678,29.276325,32.866352,32.024284,28.901594,33.204086,30.215187,34.080708,32.48575,31.335512,31.680874,28.180939,32.997837,28.683378,33.805588,36.82133,35.842896,32.411457,34.016685,27.902615,30.895226,28.015646,30.059614
13,31.701366,29.790348,25.513187,23.293808,19.878805,16.384344,15.674355,11.512965,9.650336,8.501246,6.78482,6.618474,3.2332757,0.0,7.2046275,7.8573875,11.037788,14.082136,16.552927,20.500132,23.437117,25.661371,28.95727,27.045656,25.668299,24.117565,19.67285,17.326458,14.317222,12.373221,11.256187,6.9297304,11.603267,8.608124,8.966396,13.348416,14.773001,11.159786,12.848538,16.197706,16.320791,14.625048,17.322493,20.358429,19.059856,20.194294,22.930695,24.811226,25.530266,23.453876,20.323694,26.260893,25.503445,22.079994,21.982298,21.47856,18.187576,16.393229,12.878879,9.1749735,9.30977,14.411949,15.757346,15.330398,13.697613,16.74096,21.164686,23.840433,21.27472,23.395624,28.263899,29.242868,25.717953,30.23051,25.840939,29.794361,26.918669,23.558805,24.057959,20.432568,17.953602,16.349892,12.747795,14.731588,16.655542,18.34001,20.852057,25.286304,26.491842,30.17203,29.363403,26.3236,30.613346,27.843418,31.616358,30.145035,28.848341,29.026981,25.450043,30.24341,25.786049,30.932276,33.88511,32.81062,29.38173,31.069975,25.004637,28.103397,25.4382,27.512981
14,25.396507,23.424261,19.048222,17.6448,14.248542,9.793645,11.189666,6.637314,7.895315,7.8013253,9.839891,10.884084,7.623843,7.2046275,0.0,6.145492,6.538093,10.469824,11.17985,15.770307,18.701143,20.238749,23.791294,22.916132,21.68972,20.751326,16.839714,14.431504,13.203617,10.37857,13.261366,9.518398,16.18981,15.060176,14.464002,17.892744,20.234934,16.59249,16.412184,19.886066,20.876593,16.984112,19.396103,23.489712,22.11388,20.908638,24.188526,27.311575,27.107674,25.728285,21.233736,26.810545,25.234936,21.532722,20.758408,19.650875,17.721636,14.340891,11.311037,10.696941,11.507965,17.375444,18.971275,19.528276,19.146921,21.019688,25.611282,27.749737,23.980936,26.115763,30.725307,30.812742,26.961735,31.094597,26.943542,30.192083,26.73987,24.339958,23.892324,21.785557,18.59066,17.528248,13.968204,15.219032,17.547358,17.241486,20.661259,23.516598,25.01267,28.394003,28.181993,25.675035,30.632288,28.775005,32.947796,32.092133,31.541052,30.907331,26.762608,31.039423,25.990875,30.597353,33.497883,33.350067,30.01109,32.747993,27.095936,30.84221,28.704332,31.540154
15,24.701597,23.126308,19.295519,16.338833,13.359373,10.800466,9.507972,8.131032,6.004022,8.98761,9.514174,12.014235,9.869643,7.8573875,6.145492,0.0,4.533712,6.2901,10.1656475,12.955498,16.430502,18.617022,22.494781,19.99044,18.201801,17.036093,12.312328,10.640872,8.217112,7.5098143,8.369845,8.291825,14.104915,13.538005,10.824118,13.3048315,15.886908,12.65467,11.032727,14.366678,16.009285,11.649838,13.438547,17.824564,17.043648,15.34934,18.20144,21.745096,21.90449,21.03762,16.535303,21.342928,20.70081,17.434536,15.94706,14.497094,11.817804,8.91254,6.192483,5.474469,6.2395477,12.056098,14.503491,16.173187,15.295776,16.01403,20.95346,22.573488,18.584675,21.377579,25.472296,25.290785,21.967075,26.517586,22.695295,26.395952,23.26703,20.804,21.645025,19.329641,17.01879,17.06582,12.533597,12.293603,13.196159,13.812168,15.737019,19.013893,19.914192,23.327103,22.682873,19.867224,24.660799,22.66169,26.806635,25.985538,25.506159,24.793692,20.667877,25.0026,20.215214,24.97892,28.021124,27.738651,24.375578,26.848467,21.173222,24.92331,22.842283,25.939991
16,21.650845,20.389467,16.748524,14.331952,11.779798,8.470464,9.559293,8.934266,9.040076,11.942691,13.509085,15.689212,12.854482,11.037788,6.538093,4.533712,0.0,4.5713334,5.744153,9.680931,12.6363,14.651373,18.329552,16.605803,15.278793,14.237778,10.388188,8.02865,7.6465635,5.5580206,10.228967,9.688979,15.950349,16.59392,14.488561,16.31247,19.533484,16.91163,14.677142,17.5863,20.013546,15.389538,16.370457,21.157957,20.837847,17.974293,20.521883,24.930721,24.929285,24.606815,19.658512,23.633644,22.995281,19.844727,17.558111,15.192471,13.323623,9.018299,8.411815,9.676093,9.248605,14.371179,16.129303,17.927025,18.412819,18.829262,23.250082,24.709688,20.107931,22.309,26.383251,25.814054,21.999086,25.958822,22.238419,25.23956,21.72983,19.957237,19.901932,18.691645,15.940692,16.332798,12.244734,11.649448,13.160043,12.014933,15.087231,17.191523,18.706703,22.010698,22.069769,19.980686,25.17919,24.217327,28.358847,28.074171,27.8086,26.462126,22.014236,25.807013,20.404491,24.647615,27.450617,27.705002,24.482414,27.82047,22.679163,26.817183,25.376171,28.666298
17,19.580875,18.599857,15.570147,12.006477,10.143127,9.130068,8.205886,10.45052,9.569881,13.744523,15.137063,18.026056,16.022686,14.082136,10.469824,6.2901,4.5713334,0.0,6.39244,6.858001,10.82663,12.951123,17.271215,14.251167,12.124803,11.462067,6.8191876,6.296917,6.2371984,7.250025,10.40688,12.674592,17.984667,18.802933,15.434271,16.32262,19.451746,17.088459,13.715044,16.223043,18.974632,13.58449,13.875014,18.873169,18.833513,14.700245,17.081217,22.071405,21.835691,22.185562,16.97718,19.94005,19.622375,16.897783,13.805566,10.883116,9.529075,4.770663,6.0927444,9.287556,9.474189,13.582642,16.109715,18.902815,18.968801,18.172506,22.761734,23.508518,18.602758,21.443785,24.680471,23.459276,20.326721,24.460398,21.3563,24.4354,21.17275,19.826921,20.673319,19.828688,17.819895,19.05891,14.716187,12.851738,12.836962,11.850859,13.187108,14.572214,15.313277,18.320854,18.129606,15.952961,21.202692,20.442497,24.684752,24.655437,24.886229,23.245115,18.768303,22.248161,17.140915,21.13354,24.07471,24.675714,21.5533,24.905418,20.076344,24.256819,23.010424,26.712753
18,17.847475,17.299767,14.45671,12.705601,11.437872,8.616643,11.709583,12.682486,13.923161,16.98929,19.094246,21.261915,18.257673,16.552927,11.17985,10.1656475,5.744153,6.39244,0.0,6.0106807,7.6335015,9.270664,12.752185,12.066069,11.436717,10.83516,8.988181,6.6441402,9.410795,7.492386,14.005513,14.055076,19.851374,21.556042,19.55084,20.551132,24.206163,22.171818,19.207796,21.589687,24.723785,19.79597,19.90893,24.940182,25.130167,21.019287,23.086096,28.357025,28.166224,28.555576,23.263664,26.016207,25.536915,22.75342,19.584976,16.312813,15.5571995,10.596829,12.226604,14.815078,13.892358,17.901947,19.149368,21.286636,22.846792,22.62985,26.476574,27.51614,22.36488,24.023493,27.654148,26.455816,22.436043,25.540327,22.321814,24.313698,20.538126,19.940132,19.03885,19.485575,16.70217,17.824303,14.569452,13.192826,14.664338,11.510077,15.145368,15.17985,17.235432,20.083342,21.0299,19.982607,25.393112,25.724764,29.737135,30.122976,30.22073,28.146225,23.514751,26.439999,20.659763,23.951239,26.368603,27.398626,24.508764,28.75223,24.49145,28.91378,28.241117,31.770042
19,14.709273,14.837288,13.261406,10.190035,10.486639,10.755223,11.7794895,15.313287,15.745564,19.803774,21.78173,24.610569,22.34623,20.500132,15.770307,12.955498,9.680931,6.858001,6.0106807,0.0,4.832258,6.384505,11.192448,8.377513,6.363113,7.042209,5.6396585,6.5482316,10.028491,10.931228,15.688142,18.114986,23.126116,24.927881,21.748465,21.849466,25.34235,23.604591,19.654434,21.483006,24.880527,19.38217,18.68792,23.682566,24.210876,18.738571,20.376812,26.235813,25.708498,26.960745,21.54521,22.746235,22.632563,20.552202,16.485779,12.548085,13.087607,8.524608,12.0767,16.004433,15.631563,18.485683,20.392921,23.503704,24.63436,23.174696,27.042948,27.22375,21.817883,24.058113,26.531654,24.432476,21.34193,24.398304,22.14079,24.006622,20.618006,20.746384,20.907295,21.85937,19.993425,21.978361,18.433037,15.866782,15.674939,12.710572,14.060522,12.354143,13.397638,15.490823,16.460392,15.811893,21.158836,22.172712,26.133768,27.000965,27.78727,25.253792,20.724634,22.874203,17.58203,20.067822,22.494747,24.227352,21.643393,26.03083,22.51038,26.889872,26.61547,30.558517
20,15.729708,16.73062,15.944982,13.902411,14.676021,14.2837715,16.410528,19.326424,20.028763,23.815077,25.688198,28.22878,25.465809,23.437117,18.701143,16.430502,12.6363,10.82663,7.6335015,4.832258,0.0,3.5634675,6.656234,4.63988,5.0416255,5.337602,7.711713,7.6180573,12.07291,12.2895775,17.82365,19.915003,24.443712,27.125593,24.46951,24.125181,28.021801,26.936604,22.880238,24.322998,28.300997,23.349493,22.092302,27.052864,28.17251,22.8069,23.725487,29.887161,29.77102,31.236975,26.010487,26.599367,27.051674,25.208597,20.902195,16.659407,16.858341,12.517354,16.510073,19.875618,18.472994,20.636591,21.653063,24.577522,26.780815,25.302862,28.399944,28.541119,23.003653,24.321537,26.712017,24.522568,20.989964,23.042696,21.080637,21.952866,18.448446,19.465097,18.803772,20.942497,19.171404,21.55083,18.833529,16.085186,16.193583,12.0382395,14.136774,11.046247,13.145153,14.97684,16.961134,17.42517,22.56815,24.619324,28.151836,29.429403,30.014923,27.065987,22.55296,24.078112,18.413689,20.110508,21.933437,23.968405,21.72066,26.766182,23.981533,28.452637,28.837292,32.601456
21,12.76175,14.130986,13.996357,12.807934,14.235187,14.277275,17.002842,20.162243,21.514658,25.158865,27.51181,30.069614,27.390993,25.661371,20.238749,18.617022,14.651373,12.951123,9.270664,6.384505,3.5634675,0.0,5.5210857,6.125736,6.634872,8.248837,10.643179,10.928208,15.2719145,15.231308,21.008379,22.69139,27.619844,30.044922,27.42576,27.357954,31.139914,29.699873,25.754648,27.37395,31.086126,25.741518,24.783712,29.738895,30.516148,24.808706,26.078753,32.1877,31.612503,33.13271,27.681381,28.286322,28.176441,26.30794,22.122906,18.10264,19.145025,14.812373,18.390385,22.218742,21.385002,23.917377,25.112514,27.989819,30.02523,28.610647,31.878252,31.979275,26.440226,27.863735,30.112152,27.738214,24.406235,26.28068,24.520172,25.125578,21.652224,22.90131,21.919382,24.291262,22.323954,24.491611,21.903091,19.425312,19.717562,15.531383,17.627289,14.111354,15.85177,17.060549,19.157234,19.812916,24.836523,26.997902,30.584522,31.955938,32.85097,29.863575,25.426407,26.713758,21.36352,22.646053,24.353424,26.766216,24.700254,29.750738,27.136692,31.557306,31.894196,35.77523
22,16.585424,18.50856,18.810373,18.228004,19.603348,18.9702,22.212746,24.772371,26.146599,29.574007,31.71329,33.986946,30.870474,28.95727,23.791294,22.494781,18.329552,17.271215,12.752185,11.192448,6.656234,5.5210857,0.0,6.5194407,9.387486,10.037039,14.089585,13.636955,18.154385,17.60885,23.668627,25.006964,29.315336,32.513557,30.431648,29.980331,34.07888,33.258686,29.280117,30.564907,34.765358,29.98543,28.574451,33.477947,34.79145,29.319859,29.977688,36.282654,36.17306,37.80872,32.55602,32.766308,33.227047,31.503784,27.140438,22.87843,23.386065,19.164406,23.067104,26.345062,24.620281,26.535658,26.887272,29.465624,32.46337,31.107605,33.59446,33.711193,28.204763,28.68202,30.86388,28.561338,24.857407,25.618425,24.187693,23.685513,20.278784,22.371685,20.482784,23.97473,22.191885,24.612612,22.981852,20.518782,21.107973,16.259048,18.908833,14.709741,17.276093,18.243116,21.086365,22.573244,27.271364,30.203968,33.354244,35.02062,35.625008,32.349667,28.000937,28.800924,23.240108,23.857397,24.893127,27.409939,25.718283,31.208464,29.262232,33.679745,34.58602,38.211876
23,17.543722,19.244898,19.353733,17.02984,18.361786,18.683434,20.11173,23.525011,23.721886,27.779297,29.31148,31.9774,29.31463,27.045656,22.916132,19.99044,16.605803,14.251167,12.066069,8.377513,4.63988,6.125736,6.5194407,0.0,3.6702368,4.09741,9.077387,10.008086,14.198251,15.322904,19.893953,22.962229,26.59877,29.779114,26.85332,25.73002,29.670462,29.260735,24.749699,25.558128,29.97004,25.369623,23.314335,28.012228,29.773113,24.115807,24.1443,30.603083,30.763247,32.768234,27.855825,27.185112,28.444237,27.206152,22.44744,17.896427,18.187044,14.6787195,19.468498,22.763456,20.963816,21.951803,22.71503,25.955507,28.476019,26.345076,28.8283,28.444632,22.917776,23.91785,25.452646,22.761503,19.682598,20.964497,19.92682,20.110407,17.054071,18.973213,18.746258,21.590239,20.5983,23.57465,21.151163,17.827703,17.116041,13.023757,13.772239,8.902243,10.880027,11.870737,14.581375,16.13557,20.757378,23.864506,26.885044,28.665867,29.388962,25.994726,21.746254,22.329802,16.95166,17.488377,18.77943,21.331703,19.59629,24.984028,23.24951,27.58081,28.647676,32.380882
24,16.2688,17.644783,17.620628,14.547222,15.937028,17.026648,17.50235,21.520197,21.374746,25.694593,27.200945,30.12479,27.872456,25.668299,21.68972,18.201801,15.278793,12.124803,11.436717,6.363113,5.0416255,6.634872,9.387486,3.6702368,0.0,3.3209734,6.7181377,8.999584,12.745469,14.697776,18.5388,22.224977,26.035269,28.699085,25.244486,24.192915,27.851715,27.146172,22.505993,23.384975,27.517622,22.56306,20.593246,25.262566,26.796381,20.821648,21.057371,27.486347,27.368738,29.464777,24.50044,23.712824,24.840446,23.707123,18.88426,14.341546,15.073114,11.819085,16.73587,20.421015,19.238623,20.344465,21.791859,25.352552,27.11386,24.73166,27.710691,27.164282,21.651451,23.42391,24.771408,21.917362,19.36937,21.4523,20.364378,21.342333,18.434868,19.760908,20.34813,22.379211,21.439322,24.29504,21.236849,17.815014,16.607944,13.313918,13.075483,8.730607,9.50328,10.515197,12.532054,13.512863,18.352129,21.03894,24.332352,25.990583,27.011745,23.749187,19.486036,20.274832,15.207204,16.107798,17.924183,20.454985,18.512392,23.51081,21.44371,25.726496,26.46991,30.42144
25,19.188276,20.316477,19.735672,16.58002,17.331099,17.627487,18.10827,21.491802,20.97394,25.193642,26.284021,29.033607,26.564981,24.117565,20.751326,17.036093,14.237778,11.462067,10.83516,7.042209,5.337602,8.248837,10.037039,4.09741,3.3209734,0.0,5.3983526,6.8653007,10.566309,12.548027,16.199804,20.010157,23.32953,26.385984,23.145535,21.823605,25.6926,25.42721,20.793867,21.483883,25.96147,21.578775,19.329826,24.008114,25.92866,20.541563,20.388363,26.813496,27.262543,29.179895,24.47821,23.888706,25.52272,24.302185,19.54239,14.93476,14.507535,11.239237,16.310804,19.278564,17.311798,17.97861,18.9781,22.452612,24.646235,22.33684,24.978003,24.574656,19.030613,20.42245,22.071072,19.514568,16.46257,18.552296,17.177084,18.252916,15.240344,16.445753,17.144337,19.126326,18.379036,21.419432,18.490877,14.883161,13.599122,10.180028,10.084901,5.98513,7.84309,9.907054,11.955582,12.811082,17.742205,20.349699,23.514341,25.057398,25.589733,22.357183,17.971972,19.058037,13.397899,14.813551,16.632282,18.649998,16.492067,21.651342,19.407074,23.804071,24.672562,28.416174
26,19.655045,19.87071,18.318207,14.403956,14.25852,14.5877905,13.814089,17.185623,15.987174,20.377476,21.226809,24.156374,22.086906,19.67285,16.839714,12.312328,10.388188,6.8191876,8.988181,5.6396585,7.711713,10.643179,14.089585,9.077387,6.7181377,5.3983526,0.0,4.1608243,6.385637,9.490813,12.065447,16.400206,20.084116,22.320227,18.588108,17.68124,21.259743,20.442434,15.8662815,16.985258,21.044853,16.312727,14.507634,19.401478,20.864403,15.7094145,16.210367,22.3609,22.70498,24.223637,19.44173,19.775398,21.105204,19.547796,15.084131,10.706603,9.564946,5.904761,11.023472,14.000225,12.597027,13.934372,15.875057,19.507793,20.637285,18.45773,22.007362,21.854923,16.404463,18.843233,20.998695,18.8922,16.040222,19.542248,17.405626,19.859964,16.884554,16.659777,18.135948,18.523863,17.555063,20.084743,16.25109,12.863616,11.321391,9.45974,8.878823,8.169267,8.780245,11.706617,12.13013,11.077615,16.47665,17.496292,21.257603,22.133375,22.584461,19.954723,15.357949,17.686113,12.122732,15.195962,17.853622,19.049103,16.258331,20.506483,16.935349,21.357733,21.335775,25.221323
27,21.230957,21.249426,19.120026,15.924551,15.116077,13.869982,14.326527,16.262457,15.444136,19.277359,20.072685,22.545475,19.853804,17.326458,14.431504,10.640872,8.02865,6.296917,6.6441402,6.5482316,7.6180573,10.928208,13.636955,10.008086,8.999584,6.8653007,4.1608243,0.0,4.5237074,5.807634,10.224911,13.254703,17.26227,19.895258,17.02172,16.529099,20.497972,19.726522,15.727901,17.171265,21.309166,17.137207,15.78648,20.74264,22.131332,18.002298,18.709848,24.468266,25.155373,26.098763,21.40619,22.76752,23.883675,21.845228,17.91974,13.953282,11.937144,7.747908,11.591952,13.535926,11.136168,13.1510105,14.260594,17.25556,19.163105,17.8671,21.20009,21.731295,16.340158,18.014858,21.191872,19.824833,15.939128,19.269148,16.30585,18.701252,15.266144,14.617501,15.2121,15.487946,13.927685,16.237057,12.582252,9.499429,9.220429,6.430388,8.569115,9.243029,11.29062,14.683596,15.431914,14.432492,19.705708,20.445204,24.100266,24.700531,24.539583,22.17448,17.52687,20.305979,14.268401,17.755476,20.19058,20.87964,17.932999,22.253212,18.270027,22.769194,22.623087,26.128572
28,24.49591,24.073448,21.461555,17.8311,16.333782,14.992564,14.104448,15.391164,13.362522,17.108604,17.022581,19.489975,17.123156,14.317222,13.203617,8.217112,7.6465635,6.2371984,9.410795,10.028491,12.07291,15.2719145,18.154385,14.198251,12.745469,10.566309,6.385637,4.5237074,0.0,4.828664,5.872694,10.339371,13.765112,16.007114,12.659877,12.087347,15.985169,15.327007,11.339644,12.859131,16.975662,13.389413,12.082816,16.92478,18.389679,15.319285,15.956191,21.175602,22.337849,22.877487,18.680244,20.596283,22.04659,19.960825,16.543325,13.19547,9.723002,6.607106,9.453417,9.9600525,6.8299565,8.808596,10.460919,13.619681,14.796772,13.57265,17.361528,18.156702,13.056446,15.339316,18.925594,18.174948,14.494804,18.73951,15.325488,18.782894,15.759157,13.901878,15.581751,14.251123,13.052293,15.015497,10.6456175,7.661171,6.6428423,6.789591,7.6591268,11.051976,12.341581,16.091436,15.898428,13.871522,18.82594,18.421944,22.111069,22.147266,21.538332,19.752949,15.216407,18.873787,13.162377,17.66498,20.425182,20.249384,16.973486,20.393564,15.526594,19.86258,19.146358,22.476671
29,24.860525,24.250153,21.185938,18.527058,16.601402,13.704427,14.592745,14.26278,13.372202,16.160156,16.49796,18.29661,15.042493,12.373221,10.37857,7.5098143,5.5580206,7.250025,7.492386,10.931228,12.2895775,15.231308,17.60885,15.322904,14.697776,12.548027,9.490813,5.807634,4.828664,0.0,7.2886324,7.673523,12.543084,14.955309,13.215121,13.810819,17.808928,16.73112,13.987392,16.049595,19.649794,16.363022,16.019232,20.714855,21.643993,19.223606,20.436619,25.220093,26.23427,26.233795,21.899418,24.820395,25.549797,22.933706,20.035873,16.980669,13.951624,10.132547,11.449303,11.384694,8.104335,11.551263,12.038453,13.8140335,15.843049,16.075508,19.545456,21.101776,16.362421,17.648586,22.068657,21.854738,17.412308,21.04967,17.057684,19.990696,16.49163,14.49631,14.491084,13.215758,10.712189,11.848131,7.723558,6.2318497,8.209603,6.8753195,10.919765,13.9175415,16.153292,19.879734,20.223665,18.562723,23.572405,23.219437,26.883358,26.81091,25.955168,24.347904,19.876764,23.531403,17.625147,21.913757,24.40923,24.234335,21.029753,24.6401,19.774286,24.026173,23.202967,26.158552
30,29.796894,28.996016,25.89494,22.293575,20.138586,18.266575,16.71158,16.475761,13.397175,16.152918,14.617723,16.521662,14.405338,11.256187,13.261366,8.369845,10.228967,10.40688,14.005513,15.688142,17.82365,21.008379,23.668627,19.893953,18.5388,16.199804,12.065447,10.224911,5.872694,7.2886324,0.0,7.138035,8.732835,10.578012,7.131017,6.6106935,10.664043,10.564337,7.5431533,9.135972,13.004207,11.481631,10.643081,14.5851145,16.126266,15.521432,15.944245,19.767906,21.763224,21.464172,18.364334,21.192003,22.953815,20.797989,18.451519,16.217371,11.5972805,10.432502,10.891733,8.300105,3.0391154,4.577792,6.1764846,8.695427,9.042511,8.899225,13.027577,14.747429,10.772342,13.114321,17.578741,18.134724,14.590436,19.343475,15.333166,19.6588,17.205093,13.953371,16.306038,12.968399,12.194217,13.265491,8.644746,7.0339847,6.1793613,9.586347,10.030543,15.363211,16.375418,20.235712,19.40339,16.731853,20.81977,19.142271,22.48354,21.719038,20.190628,19.413757,15.480837,19.96005,15.037213,20.192242,22.963448,21.667622,18.255535,20.367342,14.665636,18.374964,16.887709,19.46164
31,31.265898,30.074108,26.326479,23.866486,21.084698,17.503744,17.694235,15.055196,13.357725,14.202485,12.9843235,13.479975,9.937231,6.9297304,9.518398,8.291825,9.688979,12.674592,14.055076,18.114986,19.915003,22.69139,25.006964,22.962229,22.224977,20.010157,16.400206,13.254703,10.339371,7.673523,7.138035,0.0,6.828872,7.873188,8.442772,10.846085,14.055429,12.779561,12.51435,14.930078,17.234993,15.979117,16.785574,20.392372,20.78355,20.96179,22.405462,25.53975,27.082518,25.935429,22.660776,26.99286,27.565447,24.649445,23.11666,21.28576,17.364595,15.003532,13.841401,10.760523,7.22292,11.063982,10.85489,10.334445,11.483685,14.08142,17.480717,20.215813,17.05286,18.093626,23.37839,24.495514,20.211006,24.20723,19.61049,23.252201,20.320955,16.929913,17.168455,13.57512,11.059279,9.903264,5.8577642,8.088289,10.802898,12.331521,15.63423,20.327543,22.22271,26.133408,25.833467,23.441046,27.823744,26.13752,29.575369,28.645988,26.982452,26.480152,22.617552,27.057467,21.868797,26.821247,29.408276,28.225748,24.879395,27.22746,21.612415,25.118095,23.403496,25.430676
32,37.12543,36.185226,32.674114,29.778353,27.198124,24.088682,23.570177,21.361084,18.793482,19.563263,17.099089,17.129318,14.474016,11.603267,16.18981,14.104915,15.950349,17.984667,19.851374,23.126116,24.443712,27.619844,29.315336,26.59877,26.035269,23.32953,20.084116,17.26227,13.765112,12.543084,8.732835,6.828872,0.0,5.6154594,7.84483,8.373897,11.276523,12.559958,12.915031,13.864013,16.429409,17.75732,17.60658,20.012577,21.457531,23.065256,23.249409,25.676369,28.345232,27.18358,25.165697,28.696627,30.451582,28.110975,26.590792,24.822607,20.10827,19.01801,18.48303,14.510089,10.047672,10.161806,7.859323,4.7839146,7.437692,11.065288,12.63243,16.07787,14.424971,14.344483,19.958183,22.217434,18.148067,21.915174,17.25299,21.252459,19.25983,15.033981,16.330387,11.205457,10.485121,9.358364,7.049603,9.146479,10.749493,14.125185,16.138224,21.872862,23.629984,27.586739,27.020027,24.668087,28.144712,26.310558,28.947495,27.786467,25.228748,25.182278,22.047832,26.44885,21.864813,26.83005,29.100533,26.970833,23.803919,25.262894,19.908665,22.667887,21.15155,22.099876
33,38.04685,36.61439,32.719795,29.859358,26.841597,23.800724,22.581512,19.608099,16.678272,16.43788,13.205413,12.626027,10.8884,8.608124,15.060176,13.538005,16.59392,18.802933,21.556042,24.927881,27.125593,30.044922,32.513557,29.779114,28.699085,26.385984,22.320227,19.895258,16.007114,14.955309,10.578012,7.873188,5.6154594,0.0,5.641085,8.824867,9.774605,9.336774,11.866923,13.608341,14.224966,15.996718,17.218966,19.003878,19.262362,22.091352,23.112738,24.36838,26.67231,24.704004,23.12159,27.817522,28.819664,26.211899,25.731949,24.922585,20.382078,19.797565,17.716984,12.900784,10.260544,11.766241,11.35206,9.068368,7.276688,11.973241,14.803451,18.235632,17.248695,18.386658,23.532675,25.692024,22.341356,26.649708,22.18399,26.485384,24.478846,20.314264,21.755672,16.780758,15.690476,14.04107,11.348232,13.563094,14.836362,18.286894,19.864843,25.571356,26.79513,30.6675,29.632645,26.661566,30.058447,27.199757,30.085403,28.367647,25.968224,26.635191,23.770514,28.596773,24.619806,29.875898,32.49652,30.383759,27.103554,27.899572,22.028967,24.376455,21.887957,22.757788
34,34.882053,33.526207,29.911112,26.418905,23.640215,21.59738,19.213352,17.543312,13.681185,14.773724,11.503681,12.516136,11.64716,8.966396,14.464002,10.824118,14.488561,15.434271,19.55084,21.748465,24.46951,27.42576,30.431648,26.85332,25.244486,23.145535,18.588108,17.02172,12.659877,13.215121,7.131017,8.442772,7.84483,5.641085,0.0,4.7680473,6.013882,4.856592,6.2281675,8.341849,9.312159,10.564001,11.595553,13.595346,14.013814,16.541243,17.49426,18.951052,21.227406,19.60266,17.90047,22.210608,23.523039,21.19676,20.510069,19.820158,15.141409,15.354659,13.399754,8.474026,6.1328735,7.356604,8.94893,9.036887,5.1519465,8.049438,12.609451,15.225858,13.642963,16.201014,20.638952,22.157848,19.49799,24.418318,20.396982,25.091187,23.15702,19.269629,21.732624,17.201954,16.5553,16.182241,12.24148,12.721192,12.495714,16.444077,16.611675,22.254007,22.780035,26.473074,25.027338,21.716446,24.989634,21.794691,24.871515,23.116594,21.066015,21.70782,18.791819,23.75881,20.166002,25.519691,28.38807,26.439924,23.097044,23.676554,17.543325,20.011227,17.236837,18.800581
35,35.674694,34.735928,31.582134,27.680836,25.39141,23.89452,21.32669,20.780197,16.78952,18.776419,15.788538,17.18356,16.232473,13.348416,17.892744,13.3048315,16.31247,16.32262,20.551132,21.849466,24.125181,27.357954,29.980331,25.73002,24.192915,21.823605,17.68124,16.529099,12.087347,13.810819,6.6106935,10.846085,8.373897,8.824867,4.7680473,0.0,4.4589176,7.182347,5.806023,5.5853143,8.84572,11.086153,10.084627,11.758031,13.895084,16.036318,15.547504,17.482594,20.590134,19.75787,18.480692,21.162743,23.72772,22.09263,20.639902,19.41975,14.331116,15.243092,14.830789,10.749472,7.213996,4.050093,5.382065,6.7775335,3.188699,3.469114,8.174186,10.535567,9.058143,11.795048,15.950631,17.663025,15.369938,20.373363,16.683733,21.612333,20.215326,16.305296,19.78694,15.268503,15.727982,16.330198,12.593965,11.854386,10.186123,14.995362,13.787591,19.788704,20.061457,23.682064,22.1024,18.967014,21.700493,18.828688,21.408464,19.82936,17.353561,17.829916,15.137061,19.962835,16.635279,21.908594,24.599747,22.254913,19.010178,19.268661,13.28337,15.652858,13.325936,14.781148
36,38.579273,37.40475,34.13739,30.12011,27.67321,26.475384,23.211733,22.481426,18.073282,19.520197,15.864952,17.017624,17.138607,14.773001,20.234934,15.886908,19.533484,19.451746,24.206163,25.34235,28.021801,31.139914,34.07888,29.670462,27.851715,25.6926,21.259743,20.497972,15.985169,17.808928,10.664043,14.055429,11.276523,9.774605,6.013882,4.4589176,0.0,5.4231796,6.5210752,5.8002315,6.1175394,10.888042,10.67038,10.469182,12.098208,16.193985,15.768117,15.937335,19.324852,17.862545,17.824747,20.851557,23.379927,21.960777,21.405758,21.09819,16.182543,18.002514,16.716303,12.184088,10.361551,7.8743277,9.515593,10.04255,4.09118,4.936195,9.064148,11.230558,11.607666,14.666355,18.01321,19.964413,18.65877,23.692514,20.36873,25.389275,24.334833,20.38626,24.060598,19.32796,19.896856,20.113632,16.585241,16.252544,14.590454,19.416378,17.77793,23.662651,23.444756,26.819845,24.788984,21.28841,23.33857,19.507757,21.783796,19.558695,16.884108,18.389511,16.602718,21.488392,19.31575,24.499205,27.2492,24.63472,21.558823,20.70868,14.795958,16.05826,12.813651,13.522698
