,0,1,2,3,4,5,6,7,8,9,10,11,12,13,14,15,16,17,18,19,20,21,22,23,24,25,26,27,28,29,30,31,32,33,34,35,36,37,38,39,40,41,42,43,44,45,46,47,48,49,50,51,52,53,54,55,56,57,58,59,60,61,62,63,64,65,66,67,68,69,70,71,72,73,74,75,76,77,78,79,80,81,82,83,84,85,86,87,88,89,90,91,92,93,94,95,96,97,98,99,100,101,102,103,104,105,106,107,108,109,110
0,0.0,4.258748,7.490916,9.851417,12.719933,14.96123,17.709572,22.880672,25.329865,27.862518,32.384014,34.281082,36.504066,32.541245,27.384233,26.65956,22.80173,22.17637,16.762634,18.602205,16.026892,16.316599,15.453283,18.704836,21.08007,20.249893,22.275263,21.108263,25.162811,21.860708,29.685032,24.769093,31.516222,29.84497,31.822994,34.638462,32.17275,31.370377,27.88014,25.595676,29.084118,25.71802,29.915607,28.87538,24.41172,27.8582,23.567858,26.325253,24.544035,27.02703,29.058872,29.821331,34.453827,35.91042,37.21677,33.560413,34.02403,35.470768,39.902782,39.721184,35.9804,34.565403,39.888157,40.386295,43.9537,39.333385,37.24563,42.912548,39.826744,37.24244,39.38907,41.433304,38.747143,37.123093,40.829445,39.574295,42.546783,43.722046,42.872066,47.329205,43.298027,46.942966,44.240433,39.655167,36.218132,34.949345,33.43944,29.076035,24.905003,23.61773,23.74245,21.438787,18.209957,15.310053,12.390952,11.547781,14.782652,17.22632,17.470007,21.777382,24.125242,26.204056,29.442616,32.396595,33.4249,30.52444,34.683144,28.939901,31.255209,29.927238,30.528511
1,4.258748,0.0,4.1932297,6.993725,9.079362,11.892727,14.429728,19.238281,21.921692,24.05369,28.778973,30.55017,33.17719,29.126461,23.909672,23.01659,19.27405,18.536795,13.681848,15.345148,13.612759,13.654422,13.821101,16.930141,18.748302,18.181906,19.456291,18.275543,22.007862,18.944263,26.572458,21.796978,28.656546,26.926048,29.326532,32.074497,30.048353,29.366158,25.52782,23.026367,26.74294,23.302292,27.261133,26.145603,22.131636,25.159655,21.506227,23.958374,22.779934,24.719727,26.406416,26.912127,31.703785,32.786358,34.491917,31.014856,31.011402,32.53698,36.811535,36.70489,33.015083,31.203135,36.33976,36.61929,40.259724,35.846478,33.41039,39.000263,35.905952,33.225136,35.30695,37.254807,34.52802,32.90043,36.57406,35.392963,38.373737,39.63802,38.92794,43.42797,39.572056,43.2944,40.68766,36.110867,32.540764,31.173656,29.712215,25.403997,21.47508,20.02389,20.567562,18.063284,14.567248,12.143244,9.415859,7.7248917,10.935194,13.086616,13.229109,17.536781,20.026566,21.954119,25.25759,28.237745,29.182894,26.273088,30.471117,24.783558,27.245804,26.079208,26.917744
2,7.490916,4.1932297,0.0,4.965114,6.9726415,8.0322275,11.823042,15.681627,18.732262,20.940338,25.422882,27.684994,30.399826,26.867165,21.577705,21.258976,17.83998,17.990034,14.081211,16.13466,15.521292,15.662904,16.71286,19.329672,20.612398,19.968588,20.223534,18.515572,21.511581,18.202412,25.019135,19.963478,26.471485,24.104122,26.741777,29.007643,27.092274,26.851412,22.833399,20.548758,24.911768,22.043428,25.870531,25.306217,22.0254,25.079725,22.298477,25.048084,24.599134,26.23754,27.590403,27.49221,32.419163,32.95543,34.936726,31.58433,30.876188,32.09346,36.41478,35.871113,31.999777,30.225033,35.057903,35.18682,38.643578,34.09295,31.559717,36.95579,33.39377,30.753983,32.46805,34.630753,31.884773,30.721601,34.493713,33.73068,36.94873,38.485523,38.176117,42.673565,39.180058,42.85371,40.164955,35.725647,31.992687,30.729708,29.528833,25.499226,22.094776,20.509054,21.741255,18.921429,15.149133,13.451,11.452156,8.208023,10.741643,11.661577,11.093588,15.573399,17.037113,19.74203,22.471106,25.369678,26.667007,23.973509,28.727612,23.533861,26.311485,25.772993,26.895498
3,9.851417,6.993725,4.965114,0.0,3.8478715,6.4301476,7.9147444,13.708215,15.553977,18.455698,22.774084,24.680157,26.695238,23.020462,17.83078,17.781818,14.211204,15.295636,11.162222,14.369912,13.950239,15.181931,16.330654,17.827194,18.954386,17.604118,17.390518,14.9855585,17.7943,13.9499035,20.753025,15.508156,22.048618,20.079987,22.379436,25.113293,23.095757,22.434126,18.53896,16.104412,20.138174,17.235876,21.216251,20.854778,17.588469,21.082788,18.475782,21.983202,21.89873,23.846556,25.275011,24.634893,29.495544,29.99199,31.586185,28.09701,27.308958,28.138783,32.75144,31.7851,27.750973,26.557457,31.579,32.12405,35.323795,30.342907,28.505888,34.069443,30.60741,28.26897,30.501684,32.98735,30.738363,29.287493,33.658604,32.291336,36.07984,37.18485,36.72648,40.944115,37.262352,40.523434,37.37955,33.08358,29.525444,28.851112,28.008266,24.390316,21.026133,20.308666,22.05573,19.911575,15.947208,15.476408,13.050734,10.568106,12.934544,13.102256,10.702243,15.872017,15.841419,18.926725,21.443947,24.119234,26.04201,23.635181,28.68629,23.527851,26.953064,26.202951,28.09521
4,12.719933,9.079362,6.9726415,3.8478715,0.0,6.186925,5.5814834,11.214303,13.123304,15.376769,20.101555,21.593073,24.125725,20.127354,14.873047,14.399939,10.922554,11.8762045,8.85315,11.775458,12.541608,13.577779,15.622378,16.681,17.121103,16.089085,14.960969,12.621636,14.900026,11.549093,18.085283,13.23063,19.97034,18.208315,21.025738,23.815845,22.462145,21.806347,17.584814,14.780657,18.778332,15.652596,19.185379,18.560743,15.897487,18.676598,16.903114,19.85906,20.424885,21.724579,22.75207,21.845243,26.77571,26.906988,28.887474,25.640173,24.408197,25.37785,29.754515,28.980825,25.085453,23.376894,28.229134,28.560827,31.888224,27.190449,24.956366,30.505388,27.172754,24.710396,27.042727,29.381527,27.150213,25.518381,29.91836,28.448406,32.27041,33.355747,32.95704,37.179142,33.6158,36.923996,33.88244,29.596987,25.943033,25.208338,24.443819,20.985365,17.975489,17.30192,19.5114,17.468344,13.49259,14.021693,12.117459,9.5367365,11.154991,10.543771,7.316472,12.5588,12.490981,15.247231,17.950357,20.649546,22.476252,20.070002,25.077562,19.96153,23.602629,22.916647,25.151936
5,14.96123,11.892727,8.0322275,6.4301476,6.186925,0.0,6.536344,8.559449,11.460734,14.296937,18.0532,21.001505,23.393147,20.860922,15.731677,16.799408,14.311716,16.648235,14.813456,17.665842,18.71729,19.514002,21.567118,22.859083,23.255629,22.205095,20.698067,18.005053,19.295645,15.67522,20.258816,14.944431,20.353085,17.012579,19.955048,21.512953,19.934822,20.328438,16.061464,14.201247,19.479862,17.890621,21.215195,21.801168,20.15204,23.164349,22.175293,25.525858,26.405207,27.649704,28.4665,27.11999,31.997507,31.596785,33.740158,30.65423,28.748096,29.170395,33.573433,32.0555,27.913088,26.592163,30.82179,30.944685,33.8262,28.870977,26.674892,31.70013,27.426432,25.137297,26.524471,29.295958,26.969719,26.44798,30.766447,30.278532,34.24964,35.878654,36.132423,40.323524,37.37379,40.602966,37.539402,33.545998,29.78302,29.138117,28.659292,25.557892,23.20103,22.10527,24.556114,21.967188,18.067474,18.239855,16.917622,13.220987,14.354529,12.837473,9.727476,14.171652,12.021572,16.46419,17.693762,20.12155,22.575079,20.647552,26.409357,22.349201,25.992006,26.29728,28.37923
6,17.709572,14.429728,11.823042,7.9147444,5.5814834,6.536344,0.0,7.8218856,8.009586,11.223493,15.361931,16.921616,18.814686,15.279688,10.080195,10.920286,8.234981,11.678859,10.694921,14.128522,15.849625,17.440794,19.780725,19.766056,19.62805,18.168892,15.775552,12.592076,13.163912,9.432753,13.87213,8.5973625,14.744795,12.6310835,15.575426,18.306772,17.250225,16.683754,12.287678,9.453981,13.942171,11.726216,14.897074,15.278021,14.069907,16.896746,16.687832,20.230625,21.790071,22.901897,23.570765,21.630713,26.337729,25.816408,27.687517,24.629253,22.538202,22.727299,27.26734,25.60891,21.438873,20.371874,24.881035,25.434956,28.23237,23.014675,21.41463,26.806688,23.088306,21.048363,23.496336,26.364557,24.709055,23.330118,28.295536,26.710642,31.20714,32.12973,32.017044,35.86403,32.600876,35.3978,31.931192,28.060116,24.536425,24.518759,24.41299,21.867626,19.708458,19.6883,22.599089,20.975574,17.201897,18.739727,17.187355,14.660414,15.586779,13.809368,9.268224,13.811066,10.700388,14.496558,15.978146,18.127123,20.95241,19.261469,24.802645,20.593473,24.826288,24.579308,27.512459
7,22.880672,19.238281,15.681627,13.708215,11.214303,8.559449,7.8218856,0.0,5.1406918,6.1306505,9.905567,13.087277,16.541868,14.797817,10.354725,12.227802,11.8865,15.253945,16.795874,18.889519,21.750519,22.382927,25.480145,25.796265,25.019358,24.325808,21.096832,18.465538,17.5325,15.264486,16.343786,12.494453,16.058094,12.219782,16.366854,17.02665,17.30743,18.3175,13.792549,12.108628,17.34991,16.80172,18.449736,19.54067,20.223223,21.765696,23.136253,25.69095,27.965374,28.06196,27.950666,25.641453,30.174402,28.588438,31.364225,29.05518,25.778296,25.81995,29.556795,27.71924,23.876589,22.065765,25.070395,24.657421,27.174133,22.669725,19.926064,24.260605,19.479137,17.261984,18.167261,21.199028,19.20885,19.237768,23.807238,23.685684,28.084614,29.860271,30.761213,34.626568,32.50115,35.42884,32.46817,29.027567,25.275085,24.93819,25.131971,23.217375,22.43975,21.639172,25.025515,22.833399,19.499294,21.397284,21.097523,17.613745,17.247932,14.017222,9.930673,12.030996,5.8700123,11.341463,10.622021,12.382459,15.772427,14.815491,21.038914,18.57585,22.726986,23.89483,26.785742
8,25.329865,21.921692,18.732262,15.553977,13.123304,11.460734,8.009586,5.1406918,0.0,5.0158424,7.4988866,9.977979,12.026237,10.43202,6.419688,9.796224,10.289399,14.996737,16.953573,19.593176,22.480547,23.806124,26.740631,26.211187,25.28396,24.081348,20.429256,17.34259,15.510536,13.197372,12.283761,8.747581,11.021487,7.1565423,11.434554,12.566345,13.252869,13.886642,9.467702,7.829087,12.702957,13.002388,14.058285,15.908824,17.558552,19.137579,21.315357,24.349188,27.05382,27.308222,27.176655,24.256493,28.439047,26.685165,28.967358,26.703117,23.15728,22.509785,26.459652,23.88528,19.856369,18.969751,21.911943,22.08589,24.051472,18.839573,17.307562,21.72228,17.008327,15.491518,17.251049,20.7781,19.777855,19.396807,24.609753,23.637493,28.653244,29.788294,30.495565,33.86791,31.60999,33.903824,30.397594,27.31368,23.93236,24.440012,25.13149,23.882248,23.27646,23.368744,26.942219,25.42568,22.141888,24.517027,23.802425,20.925331,20.850897,17.850246,13.224559,15.562065,9.06106,13.630948,12.553433,13.49562,17.56811,17.184378,23.126286,20.878607,25.37896,26.167202,29.602438
9,27.862518,24.05369,20.940338,18.455698,15.376769,14.296937,11.223493,6.1306505,5.0158424,0.0,5.49456,7.1601996,11.723381,10.07541,7.088529,9.197617,10.961578,14.643233,18.195587,19.76312,23.434103,24.17358,27.624994,27.081583,25.598677,25.025759,20.857927,18.455004,15.949017,15.058088,13.199879,11.490104,13.181337,10.283597,14.804839,15.400339,17.194872,17.978968,13.8877325,12.246239,16.105425,16.033516,16.137768,17.308392,19.645863,19.933126,22.917337,24.812603,27.954197,27.34345,26.636948,23.658688,27.664438,25.316042,28.313908,26.633251,22.52679,22.23919,25.372053,23.365322,19.932587,17.839754,19.866137,19.21559,21.414843,17.254288,14.287034,18.247826,13.35691,11.297156,12.637677,15.950515,14.7676525,14.579452,19.682362,19.109634,24.038145,25.466581,26.58332,29.993162,28.2864,30.76096,27.73518,24.808943,21.29752,21.493338,22.320942,21.552998,21.874048,21.73385,25.540325,24.071537,21.305895,24.23885,24.241526,21.423944,20.570896,17.051826,12.90807,13.488538,6.5070653,10.146864,8.023031,8.551685,12.78677,12.860091,18.687593,17.357555,21.795153,23.07986,26.651806
10,32.384014,28.778973,25.422882,22.774084,20.101555,18.0532,15.361931,9.905567,7.4988866,5.49456,0.0,5.359028,8.703334,10.272479,9.705365,12.983267,15.4026,19.595856,23.153973,24.989046,28.578728,29.53404,32.891193,32.13561,30.638224,29.834394,25.530224,22.90841,19.88186,18.968975,15.037463,14.125986,12.944877,9.366051,13.433455,12.346469,15.203358,16.786963,13.57953,13.236305,16.63932,18.162354,17.447966,19.662785,22.927744,23.239862,26.820673,29.022673,32.40528,31.854145,31.048256,27.674208,31.245676,28.516829,31.258556,29.868378,25.360964,24.33148,27.203005,24.338541,21.056782,19.8993,20.784916,20.21321,21.28995,17.077234,15.16945,17.754929,12.112751,11.3035,11.547517,15.58019,15.407776,16.341703,21.224953,21.140598,26.22686,27.625462,29.186401,32.010822,30.940784,32.799534,29.64104,27.438032,24.357153,25.089794,26.359741,26.25199,26.96272,27.013021,30.874933,29.484919,26.788944,29.682877,29.647615,26.693613,25.892935,22.308062,18.256754,18.649122,11.514682,14.942123,11.555543,10.651151,15.354661,16.47487,21.960909,21.86008,26.121502,27.785679,31.410585
11,34.281082,30.55017,27.684994,24.680157,21.593073,21.001505,16.921616,13.087277,9.977979,7.1601996,5.359028,0.0,6.3219705,6.7244697,8.354994,10.702247,14.1746,17.986586,22.538696,23.927492,27.856035,28.908686,32.3628,30.969238,29.035072,28.330791,23.595287,21.339853,17.47041,17.741507,12.198789,13.37442,11.414774,10.2538395,13.908789,14.026429,17.387539,17.969639,15.168384,14.2666445,15.959396,17.07689,15.248227,16.968689,21.136387,20.366917,24.893297,26.425997,30.282959,29.249687,28.08057,24.373049,27.414698,24.29251,27.059752,26.15256,21.262152,20.10024,22.419786,19.661928,16.881788,15.403915,15.58239,15.001177,15.935446,11.947615,10.020884,12.65796,7.3667264,7.009589,9.125851,12.99331,13.830779,13.59268,18.913664,17.6728,23.1274,23.828554,25.159964,27.562643,26.482317,27.91929,24.613482,22.765736,20.035362,21.2995,22.991993,23.687523,24.964584,25.645521,29.596035,28.889227,26.603601,30.107704,30.125814,27.838772,26.890242,23.420994,19.350069,19.330814,13.031983,14.725576,11.861095,10.493205,14.761464,16.127886,20.679152,20.751078,25.086452,26.335823,30.392231
12,36.504066,33.17719,30.399826,26.695238,24.125725,23.393147,18.814686,16.541868,12.026237,11.723381,8.703334,6.3219705,0.0,6.1978903,9.905628,13.273356,16.437977,21.069696,24.809706,26.970345,30.361233,32.0752,35.081783,33.22929,31.556278,30.20122,25.654753,22.903,18.910192,18.638126,11.502136,13.23665,8.01534,7.974183,9.775227,9.760478,13.70918,13.943241,12.636355,12.7770605,12.845875,15.6187725,13.0175295,16.054905,20.832888,20.642197,25.330488,27.737484,31.570972,31.147673,30.294128,26.250198,28.845865,25.959278,27.680273,26.641499,21.954237,19.713924,22.440477,18.31288,15.286734,16.106403,16.244585,16.981262,16.583097,11.232302,12.775578,14.911813,10.755453,12.044745,14.378633,18.214754,19.77182,19.401457,24.699518,22.880133,28.472977,28.536764,29.490202,31.27425,29.923304,30.514322,26.523945,25.196417,23.13046,25.233519,27.15749,28.02021,28.869627,30.116829,33.9733,33.543957,30.995066,34.34243,33.79496,31.678015,31.258528,28.096695,23.598473,24.570923,18.107197,20.419518,17.974758,16.784962,21.079859,22.34005,26.84619,26.533096,30.991884,31.826656,36.006668
13,32.541245,29.126461,26.867165,23.020462,20.127354,20.860922,15.279688,14.797817,10.43202,10.07541,10.272479,6.7244697,6.1978903,0.0,5.298371,7.548551,10.914916,15.268016,19.279013,21.217213,24.665504,26.438738,29.420553,27.317831,25.512653,24.218462,19.56573,16.998972,12.788601,13.104875,5.8507056,8.708488,6.0479,8.153617,10.685763,13.178391,15.7826185,14.831619,12.485008,10.9683895,10.577259,11.355215,8.738386,10.620933,15.386807,14.697015,19.530922,21.598251,25.500143,24.954535,24.121592,20.119987,22.951982,20.323948,22.145388,20.841507,16.269476,14.497931,17.758621,14.343558,10.811314,10.734872,12.536965,13.629116,14.623018,8.646313,9.473751,13.840899,10.815751,10.863863,14.842408,18.083534,19.044111,17.263433,22.938417,20.070763,25.70458,25.390228,25.655119,27.83943,25.605906,26.591984,22.413237,20.353395,18.026836,20.127638,21.876434,22.500816,23.074642,24.675241,28.43772,28.368494,25.924484,29.472826,28.81452,27.249313,26.899332,24.074022,19.573818,20.794178,15.382687,16.885786,15.829061,15.420275,19.152449,19.660809,23.927282,22.501743,27.078583,27.229347,31.519514
14,27.384233,23.909672,21.577705,17.83078,14.873047,15.731677,10.080195,10.354725,6.419688,7.088529,9.705365,8.354994,9.905628,5.298371,0.0,4.487814,6.684972,11.681215,15.008801,17.290993,20.592587,22.270552,25.26167,23.70687,22.234732,20.955898,16.61759,13.723793,10.505311,9.593654,6.241867,5.271779,7.4953527,7.4246697,11.04704,13.901663,15.305887,14.485317,10.826973,8.29117,10.154947,9.492677,9.139815,10.338571,13.305898,13.686288,17.198233,19.700449,23.076317,22.90737,22.470295,19.01724,22.769262,20.793076,22.883083,20.87134,16.990978,16.154715,20.064268,17.544731,13.599578,12.616354,15.916275,16.610458,18.686142,13.21137,12.284975,17.427418,13.938501,12.697436,16.197153,19.36395,19.157501,17.388245,23.044474,20.602392,25.95951,26.179316,26.32745,29.300993,26.6262,28.47167,24.585491,21.624535,18.588293,19.81935,20.912605,20.405548,20.180742,21.30132,24.991829,24.453663,21.615662,24.815172,24.024117,22.207266,22.039576,19.320463,14.646306,16.58159,11.3189745,13.614444,13.390954,13.992028,17.632973,17.337078,22.297775,19.83319,24.513742,24.570635,28.572973
15,26.65956,23.01659,21.258976,17.781818,14.399939,16.799408,10.920286,12.227802,9.796224,9.197617,12.983267,10.702247,13.273356,7.548551,4.487814,0.0,4.0754848,7.8041925,12.36352,13.809017,17.56156,19.02402,22.221167,20.40839,18.528904,17.643272,12.9395275,10.695119,7.0452623,7.8420076,6.3784213,6.857979,10.732766,11.835547,15.0895405,18.31528,19.58834,18.37906,14.787927,11.81089,12.83415,10.446193,10.132748,9.268738,11.750181,10.890275,14.63302,16.079472,19.685846,18.955471,18.263733,14.894355,18.821249,16.891823,19.40895,17.471573,13.658268,13.72299,17.391472,16.05795,12.578746,10.021708,14.068707,14.564877,17.544275,12.92984,10.927547,16.717108,14.382258,12.5701475,16.677359,19.0536,18.600113,15.81172,21.332218,18.160986,23.282627,23.194046,22.872656,26.06607,22.931383,25.109367,21.396664,17.960197,14.700436,15.710679,16.639229,16.07366,15.931665,17.388233,21.076612,20.981781,18.503378,22.13624,21.522684,20.345688,19.95884,17.497532,13.21566,14.714271,11.2357,11.775625,12.893596,13.893089,16.541111,15.761324,19.970407,16.853302,21.474424,20.980371,25.121166
16,22.80173,19.27405,17.83998,14.211204,10.922554,14.311716,8.234981,11.8865,10.289399,10.961578,15.4026,14.1746,16.437977,10.914916,6.684972,4.0754848,0.0,5.4500084,8.508085,10.673505,13.965603,15.69601,18.655588,17.07412,15.639289,14.484011,10.29583,7.5397987,5.653824,4.744946,8.196127,6.2249675,12.415823,13.12743,16.102823,19.743568,20.102045,18.648706,14.81816,11.441683,12.979337,9.430329,10.8041935,9.381301,9.648678,10.054591,12.063111,14.166598,17.102383,17.034143,16.961136,14.233532,18.716194,17.724503,19.882793,17.256817,14.562093,15.111458,19.29117,18.333261,14.655482,12.519375,17.372288,18.075705,21.262587,16.593803,14.833816,20.693426,18.3857,16.383095,20.180998,22.47134,21.496107,18.724371,23.97632,20.946606,25.667841,25.69246,25.041197,28.549118,24.935566,27.443554,23.81884,19.94096,16.597813,17.118399,17.41979,15.78569,14.438676,15.773423,19.15467,18.88962,15.999962,19.219555,18.147896,17.142277,17.237623,15.32704,10.992658,13.688121,11.382309,12.328536,14.485133,16.179646,18.4887,17.022577,21.374214,17.181398,21.674374,20.725826,24.521654
17,22.17637,18.536795,17.990034,15.295636,11.8762045,16.648235,11.678859,15.253945,14.996737,14.643233,19.595856,17.986586,21.069696,15.268016,11.681215,7.8041925,5.4500084,0.0,6.3876195,6.1495304,10.39634,11.436389,14.830253,13.196826,11.149344,11.002746,6.6210155,5.9962206,5.8178596,7.3822203,12.309335,11.471627,17.511904,18.528086,21.509586,25.154139,25.524511,24.00048,20.196857,16.777107,17.977072,13.765869,15.04188,12.235123,11.2308445,10.22157,11.224985,11.216338,13.962737,13.008672,12.707146,10.889336,15.7626095,15.274569,18.001831,15.49813,13.634419,15.588076,19.010338,19.662672,16.859884,13.377579,18.30253,18.550556,22.47611,19.075314,16.321888,22.120375,20.783627,18.334373,22.138798,23.544596,22.145597,18.65879,23.219475,19.813028,23.74133,23.607311,22.402103,26.270475,22.185,25.299717,22.28224,17.851274,14.32772,13.920445,13.467491,10.97478,9.02838,10.667103,13.920807,14.20432,11.854849,15.594194,14.86649,14.915338,14.668528,13.421038,10.395687,12.246984,12.954654,11.803216,15.434642,17.507174,18.46533,16.357952,19.51253,14.336539,18.371433,16.553183,20.244164
18,16.762634,13.681848,14.081211,11.162222,8.85315,14.813456,10.694921,16.795874,16.953573,18.195587,23.153973,22.538696,24.809706,19.279013,15.008801,12.36352,8.508085,6.3876195,0.0,4.573843,5.711667,8.14853,10.370841,9.280638,8.984095,7.6499043,6.2509894,4.7950144,8.804892,7.3378887,15.389494,12.699368,19.72043,20.378906,22.72878,26.731144,25.983019,24.170942,20.50245,17.086561,18.539333,13.794144,16.665272,14.064338,10.358597,11.858046,9.286483,11.131729,11.800398,12.908667,14.150911,13.615527,18.46806,19.367834,20.93514,17.547626,17.35257,19.103025,23.227745,23.586382,20.369604,18.233427,23.72554,24.502813,28.183393,24.090406,22.22527,28.133245,26.43389,24.105883,27.699188,29.43317,27.780546,24.684793,29.144361,26.075188,29.759993,29.736326,28.322775,32.22308,27.798632,30.86565,27.734642,23.255884,20.084097,19.638155,18.734701,15.375466,11.666651,12.803707,14.789317,14.674402,11.584717,13.688477,11.534376,12.165241,13.343808,13.54304,10.959852,14.687799,16.035555,16.220636,19.978165,22.422182,23.576584,21.11277,24.637417,18.848125,22.417437,20.263882,23.081007
19,18.602205,15.345148,16.13466,14.369912,11.775458,17.665842,14.128522,18.889519,19.593176,19.76312,24.989046,23.927492,26.970345,21.217213,17.290993,13.809017,10.673505,6.1495304,4.573843,0.0,4.768154,5.3444033,8.760328,7.7732363,6.2750645,6.980698,5.5568323,6.9288244,10.1596,10.687742,17.688211,16.02988,22.72194,23.539991,26.249617,30.081343,29.778303,28.105051,24.316732,20.859888,22.21217,17.468843,19.64522,16.486713,13.405886,13.228958,11.234552,10.528868,11.220302,10.876935,11.606703,11.980845,16.8039,17.758413,19.983353,17.092476,17.069708,19.636324,22.92577,24.314451,21.752024,18.54356,23.668053,23.951588,28.05033,24.930182,22.229176,27.9255,26.80304,24.1974,27.720324,28.821362,26.951958,23.474974,27.34041,24.15431,27.18536,27.116632,25.45241,29.545465,25.040165,28.533083,26.009727,21.32653,18.098883,16.919685,15.486609,11.588034,7.387297,8.555643,10.335957,10.798691,8.467544,11.376393,10.049017,11.687471,12.071104,12.598529,11.305567,13.631068,16.69665,15.377732,19.764565,22.272684,22.519882,19.803339,22.309175,16.181631,19.224192,16.50602,19.187824
20,16.026892,13.612759,15.521292,13.950239,12.541608,18.71729,15.849625,21.750519,22.480547,23.434103,28.578728,27.856035,30.361233,24.665504,20.592587,17.56156,13.965603,10.39634,5.711667,4.768154,0.0,3.7513814,4.806055,4.228674,5.237515,5.028547,7.3523636,8.551115,13.065364,12.581215,20.545336,18.304588,25.231737,26.082447,28.310188,32.39953,31.481236,29.553972,26.018152,22.644928,23.821302,18.871664,21.69211,18.559546,14.180009,15.103477,11.068586,11.1349535,9.830532,11.157538,13.047178,14.324272,18.74292,20.635128,21.973564,18.641804,19.778013,22.226742,25.8134,27.134659,24.474556,22.029348,27.483448,28.146078,32.099644,28.641144,26.531517,32.325897,31.171957,28.684381,32.240658,33.50031,31.59921,28.220716,32.063904,28.894989,31.800814,31.639265,29.750072,33.73466,28.968391,32.306076,29.696085,25.055626,22.173897,21.151896,19.591473,15.602444,10.948804,11.913917,12.311669,12.780462,10.51617,11.659582,9.125519,11.8360815,13.286141,14.949844,14.138884,17.213713,20.387522,19.693874,24.03717,26.652689,27.024776,24.204845,26.773813,20.491152,23.15353,20.211143,22.23999
21,16.316599,13.654422,15.662904,15.181931,13.577779,19.514002,17.440794,22.382927,23.806124,24.17358,29.53404,28.908686,32.0752,26.438738,22.270552,19.02402,15.69601,11.436389,8.14853,5.3444033,3.7513814,0.0,4.168869,5.855667,6.1311316,7.829899,9.572718,11.355351,15.286112,15.286346,22.848589,20.707636,27.640823,28.14509,30.775597,34.564873,33.852352,32.22549,28.424688,25.042198,26.675245,21.855553,24.478783,21.336382,17.463354,17.791739,14.432215,13.443415,12.293581,12.513089,13.857976,15.653096,19.997532,21.670486,23.618544,20.703682,21.599743,24.394966,27.503708,29.256914,26.820187,23.702038,28.795649,28.978355,33.18183,30.252146,27.414137,33.007656,31.88253,29.127302,32.345753,33.241863,30.997286,27.673227,30.98201,28.166557,30.51128,30.64074,28.826939,33.06618,28.499,32.262035,30.19471,25.461958,22.410852,20.715656,18.75013,14.289673,9.557298,9.48204,9.190394,9.393142,7.586612,8.542809,6.6551414,10.129733,11.065513,13.218365,13.593323,15.844621,20.255524,18.91226,23.562923,26.312346,26.076996,23.026419,25.071728,18.634388,20.720007,17.638512,19.146053
22,15.453283,13.821101,16.71286,16.330654,15.622378,21.567118,19.780725,25.480145,26.740631,27.624994,32.891193,32.3628,35.081783,29.420553,25.26167,22.221167,18.655588,14.830253,10.370841,8.760328,4.806055,4.168869,0.0,4.5999613,6.988615,7.9389906,11.570352,13.270759,17.767975,17.342035,25.34749,23.005857,29.98981,30.665363,32.893658,36.915516,35.79633,33.92803,30.39076,27.08369,28.41611,23.476278,26.41947,23.23751,18.621607,19.508812,15.006647,14.38972,11.88263,13.230089,15.316351,17.63776,21.567202,23.920113,25.158308,21.989782,23.737724,26.453499,29.721819,31.474232,29.038786,26.461765,31.803097,32.31083,36.40212,33.25421,30.907967,36.59547,35.554962,32.923443,36.277733,37.28673,35.111427,31.763151,35.122097,32.17131,34.484444,34.427437,32.383217,36.461918,31.65507,35.218636,33.050957,28.379725,25.639908,24.171247,22.201757,17.8821,13.075105,13.313912,12.2442665,12.70283,11.25807,10.874395,8.247849,12.240586,13.890282,16.58876,17.02724,19.719032,23.92746,22.962658,27.539955,30.303257,30.20611,27.15309,29.20532,22.757238,24.642694,21.407606,22.533468
23,18.704836,16.930141,19.329672,17.827194,16.681,22.859083,19.766056,25.796265,26.211187,27.081583,32.13561,30.969238,33.22929,27.317831,23.70687,20.40839,17.07412,13.196826,9.280638,7.7732363,4.228674,5.855667,4.5999613,0.0,3.512914,3.7595525,8.251793,10.517584,14.916649,15.154105,22.760908,21.209837,27.825338,29.28047,31.204233,35.569637,34.66303,32.421112,29.188232,25.819927,26.2561,21.13653,23.675228,20.093021,15.480758,15.841161,11.231549,10.035782,7.2916193,8.978135,11.468874,13.781673,17.462059,20.162693,20.910053,17.638897,19.86371,22.600164,25.816452,27.715405,25.539978,23.21777,28.664982,29.531374,33.47012,30.369116,28.575571,34.27569,33.742195,31.38433,35.21222,36.247597,34.53859,30.808273,34.47,30.854517,33.472683,32.857357,30.498291,34.20941,29.107565,32.241146,29.761995,25.217344,22.855778,21.941072,20.262478,16.530529,11.868606,13.518813,13.029905,14.541916,13.270561,14.264963,11.937482,15.413023,16.768064,18.710653,18.20709,20.869047,24.261822,23.103683,27.53651,30.032585,30.173086,27.392197,29.324139,23.063229,25.341484,21.878403,23.728739
24,21.08007,18.748302,20.612398,18.954386,17.121103,23.255629,19.62805,25.019358,25.28396,25.598677,30.638224,29.035072,31.556278,25.512653,22.234732,18.528904,15.639289,11.149344,8.984095,6.2750645,5.237515,6.1311316,6.988615,3.512914,0.0,3.6319792,6.144056,9.375414,13.029956,14.293157,21.158033,20.319752,26.662518,28.359865,30.505535,34.80809,34.352867,32.16448,28.849686,25.404692,25.670378,20.577177,22.554913,18.706827,14.862485,14.115962,10.711882,8.031205,6.6871963,6.4835467,8.381308,10.766729,14.587252,17.028727,18.257898,15.31423,17.204903,20.25639,23.073357,25.355543,23.484947,20.617163,25.833673,26.518261,30.567408,27.908976,25.840368,31.402641,31.211224,28.84569,32.761467,33.562054,31.980341,28.024422,31.580313,27.733124,30.277163,29.489931,27.04098,30.70906,25.598122,28.78059,26.426249,21.846363,19.489813,18.505074,16.824593,13.273063,8.791453,11.126547,11.049654,13.178099,12.321193,14.391028,12.78458,15.985293,16.69831,18.104256,17.470863,19.485403,22.89239,21.12645,25.57736,27.918325,27.851189,25.185104,26.719456,20.624363,22.933664,19.343594,21.580324
25,20.249893,18.181906,19.968588,17.604118,16.089085,22.205095,18.168892,24.325808,24.081348,25.025759,29.834394,28.330791,30.20122,24.218462,20.955898,17.643272,14.484011,11.002746,7.6499043,6.980698,5.028547,7.829899,7.9389906,3.7595525,3.6319792,0.0,5.112887,7.342121,11.605244,12.14443,19.402977,18.299425,24.617186,26.51244,28.246784,32.773533,32.038525,29.612682,26.566715,23.192923,23.103086,17.945242,20.214672,16.486559,11.980395,12.124605,7.6093354,6.6811657,4.8337464,6.947246,9.50977,10.919709,14.798476,17.36906,17.870312,14.363101,16.464596,18.996124,22.459398,24.099348,21.873178,19.842867,25.427053,26.583698,30.334162,27.020271,25.685734,31.432903,31.024536,28.899063,33.004257,34.213413,32.859566,29.02287,33.059486,29.109705,32.185184,31.309439,28.950583,32.42702,27.268396,30.04643,27.137138,22.698412,20.44729,20.109545,18.85885,15.695932,11.4455595,13.898854,14.352432,16.011547,14.435306,16.269768,14.037997,16.775885,17.978687,19.19939,17.795734,20.587332,23.004204,22.005842,26.140425,28.41307,28.934725,26.429968,28.610771,22.624561,25.416649,22.12852,24.628235
26,22.275263,19.456291,20.223534,17.390518,14.960969,20.698067,15.775552,21.096832,20.429256,20.857927,25.530224,23.595287,25.654753,19.56573,16.61759,12.9395275,10.29583,6.6210155,6.2509894,5.5568323,7.3523636,9.572718,11.570352,8.251793,6.144056,5.112887,0.0,3.9061007,6.9141827,8.762408,15.038846,14.682336,20.67538,22.753841,24.80071,29.178846,29.022663,26.75033,23.564325,20.12799,19.97173,14.971407,16.549189,12.682523,9.531482,8.375748,6.5700173,5.270473,7.341872,7.1362348,8.1290455,7.5995975,12.325173,13.767922,15.084371,11.809676,12.430651,14.9608555,18.470257,19.92536,17.623993,15.035064,20.564621,21.602816,25.386063,22.118128,20.574614,26.332415,25.958961,23.888786,28.125065,29.352793,28.24458,24.327812,28.619617,24.503946,27.987967,27.06777,24.941448,28.38362,23.434319,26.148607,22.994253,18.529829,15.976857,15.958797,15.158425,12.574897,9.221845,12.211873,13.988593,15.559732,13.826162,16.848417,15.280726,17.012835,17.55807,17.704845,15.519831,17.850416,19.413563,18.184486,22.017942,24.032616,24.741787,22.541082,24.85223,19.303602,22.619274,19.7182,22.957743
27,21.108263,18.275543,18.515572,14.9855585,12.621636,18.005053,12.592076,18.465538,17.34259,18.455004,22.90841,21.339853,22.903,16.998972,13.723793,10.695119,7.5397987,5.9962206,4.7950144,6.9288244,8.551115,11.355351,13.270759,10.517584,9.375414,7.342121,3.9061007,0.0,4.929543,4.99769,12.273601,11.097555,17.39195,19.297752,21.18293,25.629148,25.251648,22.948656,19.782211,16.3611,16.332275,11.301968,13.400933,10.037762,6.50369,7.1002793,5.471091,7.6463575,9.713081,10.636235,11.678928,10.112215,14.730439,15.615012,16.652903,13.134787,12.952023,14.526107,18.83985,19.148724,16.093916,14.349523,20.111998,21.427109,24.866581,20.712303,19.692032,25.62111,24.59303,22.694304,26.896183,28.64914,27.650068,24.132511,28.89891,25.060007,29.099125,28.415392,26.702742,30.098135,25.441128,27.911114,24.318405,20.067533,17.360743,17.794022,17.423399,15.083882,12.093032,14.510481,16.754543,17.57143,15.093415,17.871002,15.978491,16.838245,17.6829,17.410105,14.341407,17.447618,17.724741,17.571863,20.900778,22.864481,24.281734,22.272701,25.476559,20.179829,23.980913,21.660982,25.045595
28,25.162811,22.007862,21.511581,17.7943,14.900026,19.295645,13.163912,17.5325,15.510536,15.949017,19.88186,17.47041,18.910192,12.788601,10.505311,7.0452623,5.653824,5.8178596,8.804892,10.1596,13.065364,15.286112,17.767975,14.916649,13.029956,11.605244,6.9141827,4.929543,0.0,4.819158,8.180806,8.997372,14.084659,16.663498,18.689804,23.011106,23.428207,21.198948,18.179382,14.878238,14.207665,9.781689,10.2943945,6.712182,6.620266,4.746767,7.9563622,9.202729,12.859333,12.54218,12.437015,9.246546,13.475875,13.031672,14.524187,11.646787,9.582887,10.646149,14.985543,14.847414,11.733283,9.595423,15.317673,16.749893,20.016703,15.798795,14.992022,20.896984,20.117422,18.513151,23.044182,24.85013,24.392715,20.764614,25.83153,21.673714,26.189537,25.260277,23.76536,26.815248,22.471699,24.527344,20.587431,16.649796,13.97931,15.193534,15.602949,14.513637,13.057937,15.742272,18.685179,19.617517,17.414719,20.899956,19.612988,19.882198,20.118013,18.929306,15.31806,17.579401,16.5221,16.143585,18.729475,20.14855,21.887419,20.458351,23.617815,19.223934,23.370867,21.50504,25.460423
29,21.860708,18.944263,18.202412,13.9499035,11.549093,15.67522,9.432753,15.264486,13.197372,15.058088,18.968975,17.741507,18.638126,13.104875,9.593654,7.8420076,4.744946,7.3822203,7.3378887,10.687742,12.581215,15.286346,17.342035,15.154105,14.293157,12.14443,8.762408,4.99769,4.819158,0.0,8.491721,6.160782,12.720765,14.413746,16.21845,20.664652,20.276926,18.029604,14.82372,11.414684,11.595754,6.8037324,9.333953,7.2668223,5.2444305,7.5595884,8.120153,11.822857,14.249181,15.314053,16.015642,13.486314,17.786549,17.762415,18.75794,15.443269,13.957597,14.2625065,19.12704,17.996737,14.127036,13.390758,18.960464,20.480042,23.375322,18.272066,17.884855,23.790773,21.970106,20.386412,24.474337,26.843185,26.112726,23.156666,28.4107,24.941872,29.60275,29.170122,28.01854,31.25745,27.107569,29.239557,25.244162,21.400171,18.598228,19.552261,19.754147,17.97405,15.76379,17.70695,20.509796,20.683483,17.729717,20.4389,18.592714,18.286936,19.131468,18.066822,13.985718,17.481308,15.732723,16.867064,19.207712,20.891151,23.20909,21.649254,25.757097,21.150904,25.438559,23.901466,27.527027
30,29.685032,26.572458,25.019135,20.753025,18.085283,20.258816,13.87213,16.343786,12.283761,13.199879,15.037463,12.198789,11.502136,5.8507056,6.241867,6.3784213,8.196127,12.309335,15.389494,17.688211,20.545336,22.848589,25.34749,22.760908,21.158033,19.402977,15.038846,12.273601,8.180806,8.491721,0.0,5.7766495,6.3876977,10.287354,11.74635,15.9458685,17.191017,15.021478,12.760714,10.304372,8.320038,6.829004,4.2356944,4.811248,9.693203,9.241056,13.948719,16.52352,20.256899,20.242565,19.873661,15.939173,18.90075,17.174152,18.18751,16.146952,12.42351,10.724146,15.228553,12.168019,7.831274,8.591972,12.84585,14.916227,16.594364,10.5496235,12.041036,17.343819,15.6731615,15.243696,19.738605,22.494583,23.032959,20.348753,25.995018,22.28986,27.676577,26.849718,26.220991,28.541697,25.23811,26.279562,21.736639,19.08533,16.91608,19.187084,20.595963,20.71172,20.385422,22.602184,26.011707,26.40722,23.894747,27.308811,26.11462,25.275734,25.423473,23.318731,18.835064,20.96852,16.939068,18.078047,18.559977,18.971071,22.100164,21.790655,25.786629,23.007448,27.56428,26.789879,31.031729
31,24.769093,21.796978,19.963478,15.508156,13.23063,14.944431,8.5973625,12.494453,8.747581,11.490104,14.125986,13.37442,13.23665,8.708488,5.271779,6.857979,6.2249675,11.471627,12.699368,16.02988,18.304588,20.707636,23.005857,21.209837,20.319752,18.299425,14.682336,11.097555,8.997372,6.160782,5.7766495,0.0,7.1920934,8.277556,10.274048,14.533167,14.51284,12.592951,9.203327,5.9136133,6.8695755,4.6079226,6.3905478,7.669414,9.185506,11.345192,13.627711,17.445606,20.24283,21.088823,21.372313,18.17964,22.033934,21.024574,22.144903,19.375908,16.605762,15.632228,20.448616,17.78269,13.36329,13.74146,18.264116,19.795311,21.838282,15.867519,16.22028,21.649565,18.792767,17.748827,21.455364,24.540941,24.241558,22.147923,27.75674,24.884907,30.09558,29.974747,29.542372,32.504807,29.121515,30.846174,26.613707,23.40807,20.634653,22.031525,22.822748,21.746246,20.45347,21.958773,25.230194,24.888365,21.741953,24.449833,22.902132,21.523962,22.121923,20.176586,15.441728,18.68547,14.482058,17.001387,17.753407,18.836561,22.198317,21.377636,26.268549,22.809126,27.419998,26.80349,30.624887
32,31.516222,28.656546,26.471485,22.048618,19.97034,20.353085,14.744795,16.058094,11.021487,13.181337,12.944877,11.414774,8.01534,6.0479,7.4953527,10.732766,12.415823,17.511904,19.72043,22.72194,25.231737,27.640823,29.98981,27.825338,26.662518,24.617186,20.67538,17.39195,14.084659,12.720765,6.3876977,7.1920934,0.0,5.5135236,5.630071,9.825551,11.335604,9.385284,8.035033,7.2033715,5.0167265,7.997998,5.766943,9.779923,13.918464,15.041171,18.8559,22.400694,25.731356,26.272875,26.141678,22.283928,25.146069,23.350578,24.069204,22.067432,18.454987,16.06727,20.312449,16.03246,11.788574,14.094764,16.837326,18.811035,19.313622,12.716908,15.2394705,19.398052,16.457214,16.778122,20.320415,23.848124,24.662683,23.136267,28.83362,26.019018,31.620214,31.223574,31.193111,33.329403,30.645634,31.40174,26.83113,24.728325,22.650368,24.90724,26.423239,26.48534,26.124254,27.871164,31.378387,31.221594,28.311739,31.299591,29.973793,28.40078,28.735611,26.334978,21.53815,23.989826,18.453909,21.063837,20.324697,20.320768,24.31917,24.491076,29.246819,27.125412,31.79192,31.649574,35.776047
33,29.84497,26.926048,24.104122,20.079987,18.208315,17.012579,12.6310835,12.219782,7.1565423,10.283597,9.366051,10.2538395,7.974183,8.153617,7.4246697,11.835547,13.12743,18.528086,20.378906,23.539991,26.082447,28.14509,30.665363,29.28047,28.359865,26.51244,22.753841,19.297752,16.663498,14.413746,10.287354,8.277556,5.5135236,0.0,4.526543,6.6287856,8.067489,8.007935,4.9858932,5.1651573,7.7678313,10.738293,10.468707,14.024842,17.005434,18.78336,21.766634,25.487415,28.490456,29.11397,29.060606,25.523848,28.983528,27.14424,28.471104,26.318155,22.663263,20.818008,24.963007,21.074326,16.893366,18.080038,20.596682,21.759417,22.52928,16.367996,17.358229,21.262285,16.98503,16.868486,19.267128,23.167576,23.42008,22.846668,28.384699,26.64827,32.134304,32.516945,33.01733,35.60726,33.307835,34.615936,30.438972,28.063501,25.426445,27.017693,28.271559,27.81329,27.342405,28.321768,31.906954,31.03204,27.828676,30.408512,29.246279,26.903427,27.182829,24.48285,19.68747,22.200775,15.835651,19.61866,18.220211,18.305552,22.69675,22.905329,28.373058,26.498085,31.137192,31.594275,35.41952
34,31.822994,29.326532,26.741777,22.379436,21.025738,19.955048,15.575426,16.366854,11.434554,14.804839,13.433455,13.908789,9.775227,10.685763,11.04704,15.0895405,16.102823,21.509586,22.72878,26.249617,28.310188,30.775597,32.893658,31.204233,30.505535,28.246784,24.80071,21.18293,18.689804,16.21845,11.74635,10.274048,5.630071,4.526543,0.0,5.2394156,5.7861443,4.3001013,4.4027452,6.3192415,6.1553993,10.822711,10.287636,14.581152,17.568703,19.82328,22.628984,26.891405,29.7338,30.81129,30.997293,27.368744,30.456038,28.875183,29.467297,27.21948,23.933615,21.522758,25.853577,21.338978,17.160563,19.718971,22.224688,24.004936,24.194592,17.70893,20.09053,23.724665,19.95954,20.386745,22.971626,26.890574,27.51884,26.82748,32.414577,30.345985,35.92533,35.959843,36.24346,38.50242,36.034157,36.881603,32.37466,30.28955,28.064754,30.079435,31.44892,31.123236,30.435362,31.764364,35.2189,34.57187,31.308784,33.756042,32.24602,30.144695,30.752306,28.338514,23.502426,26.389135,20.247463,23.961851,22.709276,22.713097,27.10237,27.34347,32.684185,30.68467,35.351025,35.557762,39.445473
35,34.638462,32.074497,29.007643,25.113293,23.815845,21.512953,18.306772,17.02665,12.566345,15.400339,12.346469,14.026429,9.760478,13.178391,13.901663,18.31528,19.743568,25.154139,26.731144,30.081343,32.39953,34.564873,36.915516,35.569637,34.80809,32.773533,29.178846,25.629148,23.011106,20.664652,15.9458685,14.533167,9.825551,6.6287856,5.2394156,0.0,4.590418,6.727231,7.3055468,10.053222,11.390431,15.874374,15.202137,19.403318,22.576458,24.582708,27.565964,31.61058,34.549877,35.396046,35.387455,31.712715,34.84427,32.874344,33.855858,31.87183,28.17693,25.76855,29.657824,25.045021,21.183352,23.337708,24.93914,26.214548,25.99012,19.989927,21.956373,24.661491,20.186653,20.902029,22.397207,26.538397,27.273155,27.513613,32.801273,31.560726,37.07062,37.529343,38.357273,40.555813,38.71117,39.56197,35.30259,33.48702,31.166763,33.01504,34.47815,34.288063,33.959465,34.888893,38.49061,37.48443,34.212845,36.57772,35.35972,32.74741,33.115585,30.33988,25.643251,28.058762,21.255978,25.386665,23.20047,22.76975,27.41591,28.112103,33.636612,32.439785,37.00568,37.807384,41.592464
