,0,1,2,3,4,5,6,7,8,9,10,11,12,13,14,15,16,17,18,19,20,21,22,23,24,25,26,27,28,29,30,31,32,33,34,35,36,37,38,39,40,41,42,43,44,45,46,47,48,49,50,51,52,53,54,55,56,57,58,59,60,61,62,63,64,65,66,67,68,69,70,71,72,73,74,75,76,77,78,79,80,81,82,83,84,85,86,87,88,89,90,91,92,93,94,95,96,97,98,99,100,101,102,103,104,105,106,107,108,109,110,111
0,0.0,4.183454,7.486008,10.341052,12.77611,16.189348,18.380459,23.365166,26.00921,30.192335,32.199627,37.47258,36.649277,35.63885,32.393784,29.302523,27.743753,23.710506,22.982962,18.907757,19.485588,16.949883,18.679808,17.533571,16.387846,18.736439,14.6707735,21.011938,21.660439,25.384756,26.017164,30.575754,34.344627,37.164654,39.722313,42.680923,44.71806,43.254143,39.77423,35.7223,36.105755,31.017723,29.40408,25.282892,25.317196,18.831097,20.829218,16.738302,12.542211,16.914583,20.410086,17.421116,18.078264,22.196117,24.916824,26.280188,25.075256,28.569313,29.210707,34.069637,32.355858,35.742657,35.012337,39.69894,38.0733,33.083935,36.694195,37.19304,34.086212,35.433567,30.906496,32.709732,29.665077,34.79829,32.154865,35.914486,35.50873,31.139301,35.543026,30.139204,32.67281,32.351692,28.783447,24.894522,23.510607,20.022522,18.562353,14.570305,12.952947,12.717473,10.343713,14.190274,16.403585,16.4579,18.57034,17.709885,21.910507,18.841215,25.39482,24.303623,29.078247,30.368656,27.204014,26.925522,25.908085,22.98913,24.402676,20.066916,23.729418,22.194519,23.191692,24.29098
1,4.183454,0.0,5.394132,6.43963,9.058858,12.709838,14.778772,19.916643,22.22072,26.701889,28.383703,33.830452,32.81354,31.647598,28.468843,25.219854,23.62214,19.551382,18.845692,14.782997,15.676696,13.509521,15.549929,15.180642,14.168394,16.244003,11.400817,17.430368,17.747263,21.44667,21.937038,26.49742,30.216797,32.988216,35.565132,38.503403,40.566776,39.15555,35.688023,31.616837,32.169865,26.986496,25.714905,21.446415,22.109919,15.731053,18.074146,14.604972,10.7538185,15.736369,18.44684,15.286784,17.117785,21.135569,23.243225,24.421747,22.563063,25.984327,26.14308,30.789068,28.904116,32.085728,31.18051,35.75995,34.08819,29.141056,32.79021,33.278965,30.341778,31.815096,27.091331,28.683434,25.619133,30.687275,28.027025,31.824043,31.46019,27.201551,31.755203,26.460747,29.20419,29.206951,25.46902,21.528736,19.745867,16.673122,14.558039,10.69435,8.800692,8.980431,7.348791,11.479683,12.811561,12.604158,14.458258,13.958558,18.012495,15.527076,22.079315,21.646393,26.093077,26.97262,23.886057,24.18111,23.59116,20.529911,21.467827,17.131783,20.071838,18.648956,19.289051,20.622694
2,7.486008,5.394132,0.0,5.4085817,6.6985145,9.537459,11.786207,16.173735,19.29027,22.986517,25.43554,30.417612,29.93389,29.297577,26.291315,23.476671,22.711012,18.63566,19.294664,15.6276245,17.837358,16.68173,18.747303,19.21416,17.690924,19.08719,12.954412,18.815401,18.06816,22.000221,21.234577,26.71385,29.126095,32.55007,34.47774,37.481438,39.65854,37.965263,34.956005,30.997759,31.119404,26.054043,24.401266,20.557724,20.81697,15.610395,16.498777,13.856883,9.25454,14.5336895,16.84179,11.717586,14.055454,18.809767,20.014364,21.827824,19.562391,23.825315,24.083078,28.49829,27.818632,30.906834,30.483227,35.105484,34.21319,29.756165,33.912262,34.582253,32.254898,33.95211,28.673954,29.571068,25.795437,30.492828,27.099888,30.538454,29.576117,24.883722,28.861128,23.226017,25.473629,24.930695,21.527967,17.658157,16.833588,12.894097,12.652562,9.133432,9.394689,11.128532,11.283081,14.930979,15.536252,14.255007,14.951804,13.223095,16.598314,13.040152,18.854948,17.96683,22.2773,23.989485,21.589972,21.407299,20.683296,18.445354,19.534224,16.536617,19.280197,19.076077,19.822779,22.146212
3,10.341052,6.43963,5.4085817,0.0,3.8644826,6.5297256,9.304683,13.848466,16.075264,20.583082,22.14882,27.681639,26.408854,25.331093,22.10465,19.018818,17.729134,13.702742,13.998377,10.394303,13.001734,12.330687,15.044043,16.398895,15.606529,16.780779,10.49629,15.089704,13.948265,17.584064,16.877396,21.93262,24.70707,27.633234,29.940557,32.79376,35.104485,33.702576,30.564848,26.501747,27.280357,21.920677,21.303728,17.006447,18.842937,13.7308035,15.696326,14.08476,10.883084,16.238546,17.38795,12.962291,16.745834,20.79897,21.372255,22.62628,19.47931,23.220236,22.550053,26.54164,25.120956,27.774147,26.772516,31.089909,29.713705,25.14608,29.010101,29.4237,27.097366,28.679565,23.301268,24.23643,20.47044,25.280611,22.151722,25.775682,25.194288,20.809078,25.317465,20.071732,22.941118,23.263058,19.312798,15.398968,13.342044,10.586996,8.3083315,4.3757005,4.0968695,6.490364,8.1765175,11.211866,10.745054,9.0626955,9.555242,8.418816,11.900253,9.730766,15.9565935,16.321642,20.21321,20.799126,18.072235,18.965618,18.962143,16.126202,16.389713,12.905523,14.6086035,14.1739025,14.497301,16.879032
4,12.77611,9.058858,6.6985145,3.8644826,0.0,5.8303175,5.7516336,11.217703,13.287954,17.839947,19.509867,24.840328,24.277893,23.239489,20.774313,17.314714,16.815302,12.454486,13.584142,10.306635,13.32668,13.533667,15.377002,17.199406,15.758198,16.247505,9.415918,13.704094,12.01259,15.872568,14.592015,20.309113,22.455147,26.071299,27.858578,30.961906,33.006805,31.278929,28.26894,24.332563,24.494963,19.375267,18.086754,14.113161,15.421828,11.070443,12.283073,11.497367,8.871415,13.896109,14.288353,9.671411,14.125209,17.884987,17.920393,19.115702,15.695595,19.529894,18.84828,22.848513,21.854883,24.607073,23.992285,28.495537,27.715786,23.492178,27.875002,28.75425,26.955519,29.129513,23.695818,23.846386,20.351736,24.637804,21.123093,24.639309,23.613708,19.188692,23.46716,17.958794,20.638973,20.767927,17.189377,13.147807,11.369004,8.758303,6.4928255,5.0638795,5.686734,9.300525,11.35705,14.369951,12.63997,10.852837,9.958674,9.715093,11.768154,10.325087,15.259809,16.290497,19.31598,20.099718,18.298082,19.590649,19.927904,17.707117,17.551826,15.105378,15.457345,15.828857,15.314439,18.211107
5,16.189348,12.709838,9.537459,6.5297256,5.8303175,0.0,6.7599807,8.14874,11.207495,14.820522,16.922606,22.173685,20.77233,20.290691,16.8837,14.726327,14.421209,11.059379,13.488382,11.462089,15.599621,16.328585,19.20262,21.51992,20.78664,21.27626,14.656435,17.502594,14.824968,17.976124,15.357904,20.975677,21.790499,25.037788,26.66193,29.31614,32.011635,30.548315,28.127775,24.269026,25.109985,19.85707,19.862764,16.16196,18.772413,15.9537525,16.586084,16.884977,14.227115,19.099989,19.012613,13.124688,18.063454,22.15951,21.04961,22.681225,18.43399,22.726284,21.410526,24.383026,24.22399,26.163992,25.35267,29.226515,28.550743,24.795792,28.82648,29.126633,27.670362,29.193075,23.251247,23.306816,18.452478,22.5779,18.60845,21.609476,20.431463,15.566422,19.5035,14.109967,16.753881,17.088573,12.959832,9.205256,7.718004,4.3194814,5.2881465,3.703756,7.75597,10.569803,13.661763,15.370371,14.133967,11.312461,9.922922,6.724373,8.025951,4.8958783,9.704536,10.560938,13.804296,14.718416,12.833037,13.82866,14.315505,12.493236,12.19874,11.148509,11.493506,13.118842,13.531602,17.13889
6,18.380459,14.778772,11.786207,9.304683,5.7516336,6.7599807,0.0,6.6735587,8.110657,12.641811,14.308045,19.372314,19.540546,18.64844,17.226751,13.614402,14.482266,10.332151,13.122157,11.285974,14.993414,16.536482,17.79366,20.447958,18.82224,18.383177,11.84189,13.9395,10.91916,14.317668,11.40923,17.870495,18.364365,22.802439,23.725395,26.987461,28.873302,26.808117,24.255548,20.596493,20.173006,15.421221,13.868538,10.698211,12.222456,10.782817,10.4286585,12.198022,11.273228,14.907326,13.485102,8.7880335,14.332102,17.259916,15.61801,16.680857,12.129673,16.055191,14.666945,17.935022,17.9356,20.274954,20.083977,24.469664,24.609283,21.229502,26.082462,27.340864,26.505005,29.174824,23.611631,22.586412,19.152384,22.419313,18.31908,21.399794,19.70826,15.316537,19.088097,13.454202,15.89218,16.052336,12.955354,9.051759,7.66118,6.443457,5.0712757,7.889772,9.712189,13.574579,16.382214,18.754961,15.872295,13.71935,11.174354,11.418507,11.018256,11.020977,13.210118,15.516388,16.821886,17.539886,17.203403,19.19512,20.195404,18.867273,17.957926,17.175823,15.575338,17.220634,15.848514,19.446636
7,23.365166,19.916643,16.173735,13.848466,11.217703,8.14874,6.6735587,0.0,4.8344817,6.858066,9.867913,14.381472,14.355473,14.529832,12.954336,11.167785,13.385216,10.975601,15.34278,15.027114,19.420736,21.431358,23.327713,26.361164,25.163378,24.670845,18.315699,19.32298,15.582599,17.943777,13.489164,19.570736,17.654314,22.051975,22.155272,24.948572,27.397783,25.415104,23.90646,20.671762,20.583433,16.288635,16.032873,14.022928,16.426592,16.991076,15.842209,18.461086,17.363289,20.72847,18.894701,13.32928,18.784231,21.800049,18.752052,20.273634,15.10172,19.275354,17.274237,18.794943,20.407694,21.589462,21.51825,24.995235,25.78275,23.415087,27.960253,28.817144,28.710897,30.927368,25.030384,23.450577,18.922724,21.262495,16.453321,18.452934,15.999284,11.086902,13.627947,7.6546,9.548836,9.695841,6.2884517,2.4806857,4.0218062,4.1983676,7.7356205,10.914032,14.244142,17.593607,20.996265,22.520609,19.923523,17.12491,14.140911,12.597381,10.287193,10.105102,8.419393,11.425153,10.931213,12.119787,13.372685,15.280453,16.73751,16.706093,15.379078,16.919987,14.498297,17.682634,16.815248,21.009686
8,26.00921,22.22072,19.29027,16.075264,13.287954,11.207495,8.110657,4.8344817,0.0,5.959831,6.2387137,11.760406,11.520502,10.779583,10.504257,7.5089917,10.570597,8.651002,13.255569,13.986683,18.112875,20.83486,22.255499,25.760738,24.756184,23.781273,18.199472,17.475567,13.375167,14.835404,9.792894,15.522757,12.885094,17.578897,17.441229,20.411224,22.651793,20.621609,19.086226,15.946092,15.934541,11.7683115,12.380317,10.855298,14.455313,16.274008,15.524995,19.03133,19.1328,21.956337,19.315489,15.457995,20.982218,23.0467,19.838696,20.547422,15.16248,18.11438,15.1882715,15.859331,16.932089,17.480034,17.121386,20.28901,21.203365,19.302439,23.861021,24.92474,25.37655,27.962505,22.342628,20.01901,16.261187,17.782642,13.027418,15.021839,12.491117,8.330787,11.390417,6.257855,9.020866,10.661831,7.8431954,5.924572,4.5242505,8.211357,8.289213,12.837103,15.303165,18.598381,22.20319,23.352938,19.784678,17.240498,13.618844,13.788116,10.385767,12.76241,10.606608,14.954569,13.4065485,12.852717,14.528883,17.72986,19.811098,19.434189,17.370996,18.690058,14.651477,17.752874,15.774896,19.852196
9,30.192335,26.701889,22.986517,20.583082,17.839947,14.820522,12.641811,6.858066,5.959831,0.0,5.1274004,7.70687,9.102057,10.389083,11.1026945,10.802809,14.664807,14.0182,18.806606,19.75726,24.001986,26.651993,28.194351,31.632626,30.479967,29.49698,23.7335,23.309885,19.227621,20.48073,15.251322,20.378576,15.9168,20.574694,19.218063,21.702814,24.045887,21.860804,21.567518,19.26122,18.76617,15.911569,16.285934,16.048576,18.570068,21.377459,19.584242,23.35485,23.170242,25.63798,22.870766,18.304575,23.459658,25.537767,21.37901,22.561676,17.226582,20.494326,17.813532,17.249971,20.272003,20.210205,20.558474,23.003345,24.917313,24.017973,28.393587,29.38857,30.373487,32.74838,27.143381,24.508991,20.385462,20.94901,16.010092,16.549528,13.105698,9.276725,9.117235,4.4938617,4.035796,5.04804,4.555603,6.03111,8.239479,10.751157,13.496132,17.35692,20.476164,23.702965,27.323542,28.43541,25.314844,22.551619,19.088057,18.09275,14.471963,15.653557,11.02432,14.80602,11.360107,11.911872,15.445003,17.846437,19.91428,20.851168,18.923784,21.808325,18.04799,21.869072,20.50703,24.712158
10,32.199627,28.383703,25.43554,22.14882,19.509867,16.922606,14.308045,9.867913,6.2387137,5.1274004,0.0,6.188056,5.981995,5.8190794,8.465205,7.557888,11.951328,12.3244095,16.852325,18.755548,22.632202,25.780092,27.076708,30.870726,30.084711,28.810583,23.83342,21.950634,17.777431,18.01408,12.690462,16.641376,11.2236595,15.740865,14.113162,16.59893,18.948444,16.909792,16.733149,14.646219,14.713943,12.213413,14.142489,14.295535,18.088634,21.438435,20.389584,24.532022,25.106815,27.435284,24.252838,20.95231,26.261227,27.768642,23.83963,24.29912,18.944511,21.030993,17.546572,16.144894,18.1471,17.188652,16.936218,18.656916,20.473915,20.15146,24.182617,25.159185,26.678986,29.179768,23.947767,20.711271,17.332342,16.912611,12.24261,12.473843,8.947427,6.592514,6.9055376,4.969926,6.3577433,9.4172945,8.494714,9.557221,9.359625,13.518153,14.1156225,18.602196,21.085634,24.076414,27.855097,28.493711,24.7054,22.181482,18.401987,18.605507,14.327066,17.383753,13.026885,17.815046,14.269456,12.810057,16.146784,19.729061,22.31358,22.672058,20.119713,22.61916,17.603643,21.21455,19.040752,22.961712
11,37.47258,33.830452,30.417612,27.681639,24.840328,22.173685,19.372314,14.381472,11.760406,7.70687,6.188056,0.0,6.5975475,8.543288,12.708853,13.350535,17.759151,18.504042,22.969847,24.901897,28.70251,31.880621,32.945583,36.710873,35.6755,34.214672,29.301998,27.436508,23.352886,23.41736,18.199493,21.5981,15.01103,19.358023,16.265192,18.188322,20.009445,17.67527,18.967283,18.121233,17.219263,16.55599,17.738417,19.169983,21.78949,26.24499,24.329924,28.868399,29.616093,31.334518,27.819279,24.634071,29.49222,30.562286,25.892805,26.412382,21.37383,23.137844,19.864458,17.078262,20.785408,19.181303,19.816078,20.681282,23.740736,24.588446,28.465366,29.644526,31.781475,34.356018,29.44358,25.818275,22.810814,21.42436,17.172676,16.14301,12.29825,11.503859,8.49465,9.16031,7.361549,9.222946,11.174464,13.6286955,14.889064,18.297663,19.95345,24.294857,26.993202,30.095486,33.83519,34.590572,30.878372,28.330893,24.573118,24.458284,20.195652,22.605509,17.267614,21.414064,16.78709,16.087078,20.47895,23.44224,25.936998,27.13477,24.722748,28.011217,23.183155,27.04961,25.062094,28.947529
12,36.649277,32.81354,29.93389,26.408854,24.277893,20.77233,19.540546,14.355473,11.520502,9.102057,5.981995,6.5975475,0.0,3.8211124,6.9547396,9.571278,13.468946,15.62701,19.884687,22.48203,26.348024,29.562502,31.320742,35.251972,34.93442,33.779778,28.964832,26.70119,22.544125,22.196182,17.0947,19.530231,13.327876,15.986676,13.960942,15.051675,18.185583,16.981941,17.98301,16.668179,17.886684,16.089813,19.329649,19.51786,23.868847,27.057615,26.316597,30.33058,30.648428,33.273533,30.207872,26.583988,31.94167,33.662266,29.61934,30.182793,24.844673,26.846277,23.252134,21.181957,23.108946,21.336744,20.640804,20.996181,22.57583,22.999886,26.00539,26.274433,28.243082,30.008429,25.004559,21.672256,17.936665,16.274239,12.126167,10.352903,6.536227,6.627929,2.5554054,6.9725184,7.135724,11.077008,10.69218,13.206623,13.158025,17.401176,18.413673,22.435808,25.141312,27.62437,31.583612,31.550411,28.026144,25.378386,21.768078,21.3597,16.6872,19.922571,14.259374,19.00443,14.353439,11.734306,15.92521,19.601503,22.550726,23.434711,20.541553,24.0661,18.647148,22.61331,20.842377,24.532457
13,35.63885,31.647598,29.297577,25.331093,23.239489,20.290691,18.64844,14.529832,10.779583,10.389083,5.8190794,8.543288,3.8211124,0.0,6.003725,7.0185523,10.833509,13.277428,17.125933,20.084305,23.610987,27.019306,28.558546,32.59997,32.463306,31.189093,26.877289,23.936325,19.876524,19.052444,14.186866,15.908292,9.709513,12.218193,10.527616,11.960059,15.167423,14.095587,14.568636,13.024967,14.857118,12.879677,16.956566,17.006418,21.990894,25.080034,24.885864,28.899803,29.599703,32.183353,29.02789,26.113588,31.543129,33.018887,29.340368,29.523771,24.232595,25.721819,21.853752,19.905325,20.773125,18.83408,17.594162,17.81383,18.926434,19.316689,22.190317,22.495523,24.573465,26.53277,21.72137,18.119125,15.000025,13.026463,9.027983,7.623172,3.8576033,5.492706,5.066195,7.9878654,9.66316,13.643807,12.415915,13.918558,12.66521,17.437191,17.096617,21.375158,23.554325,25.923983,29.854765,29.6811,25.754436,23.35341,19.645533,20.156183,15.424267,19.637487,14.998165,20.173502,16.297066,13.038505,16.25409,20.574457,23.6198,23.789696,20.695045,23.394186,17.450588,20.979788,18.598017,22.040684
14,32.393784,28.468843,26.291315,22.10465,20.774313,16.8837,17.226751,12.954336,10.504257,11.1026945,8.465205,12.708853,6.9547396,6.003725,0.0,5.4684,7.7153583,10.804877,14.645132,17.462952,21.365782,24.365715,26.82357,30.703953,30.988098,30.270214,25.514118,23.373646,19.386787,19.115713,14.560404,16.711992,12.811324,14.102055,14.464414,15.488754,19.36505,18.938871,18.512056,16.029152,18.816774,15.262098,19.480953,18.024002,23.527636,24.94269,25.392784,28.552021,28.358349,31.823374,29.429018,25.515911,31.119303,33.468307,30.32882,30.953173,25.568546,27.925404,24.392954,23.656698,23.899689,22.75665,21.043446,21.912756,21.70288,20.734348,23.24846,22.730133,23.793816,24.845074,19.386667,16.950882,11.914101,11.564436,7.0170026,6.5439634,4.470397,2.2176719,5.415372,6.859998,9.833584,13.864158,10.911231,11.972022,10.02497,14.577029,14.439545,17.825686,20.326017,22.165575,26.186146,25.55879,22.329597,19.632582,16.338316,15.69246,10.938072,15.062691,10.497825,15.691838,12.54843,8.184737,10.528046,15.179856,18.354876,18.244337,14.985103,17.933712,12.047544,15.918522,14.388744,18.005398
15,29.302523,25.219854,23.476671,19.018818,17.314714,14.726327,13.614402,11.167785,7.5089917,10.802809,7.557888,13.350535,9.571278,7.0185523,5.4684,0.0,4.431644,6.311769,10.316053,13.151542,16.856062,20.128542,22.02391,25.998487,26.09429,25.141333,20.709568,18.083649,14.066214,13.729913,9.093742,11.84627,8.996273,11.522687,12.522273,14.733751,17.868673,16.955923,15.370785,12.126657,14.695931,10.31354,14.547915,12.699948,18.571217,19.911665,20.736862,23.962273,24.334175,27.520628,24.96114,21.98748,27.549194,29.479494,26.743029,26.950167,21.72021,23.600393,19.982601,19.793224,19.084972,18.362108,16.442553,18.112879,17.635988,15.995591,19.23983,19.357626,20.198778,22.131784,16.619085,13.892074,9.82233,10.42022,5.544966,7.846288,6.4605036,4.0756855,9.17874,7.7996035,11.546786,15.057676,11.839918,11.284012,7.9881535,12.962362,10.897673,15.051207,16.818645,19.014786,22.92906,22.726124,18.742476,16.353756,12.636407,13.676016,9.116522,14.228883,11.788882,17.091982,15.162721,11.81257,12.868817,17.5847,20.42354,19.446856,16.421103,17.695627,11.704914,14.720082,11.99558,15.665534
16,27.743753,23.62214,22.711012,17.729134,16.815302,14.421209,14.482266,13.385216,10.570597,14.664807,11.951328,17.759151,13.468946,10.833509,7.7153583,4.431644,0.0,4.6621842,7.12176,10.533374,13.941454,17.106836,19.513783,23.463745,24.171906,23.53912,19.548054,16.76279,13.209656,12.672361,9.39227,10.950211,10.823845,11.559923,14.221493,16.042746,19.3373,19.054369,16.783007,13.159456,16.719093,11.793674,16.45819,13.59543,19.981838,19.926987,21.778782,24.248056,24.38016,28.012367,25.964577,23.164019,28.64911,30.832047,28.8031,28.94509,23.946836,25.784725,22.326973,22.818066,20.960976,20.546623,17.97415,19.653574,17.820026,15.200662,17.704763,17.123318,17.166264,18.522821,12.693767,10.836853,5.7732944,8.265804,4.4257746,8.299694,8.918185,7.317758,12.673646,11.380653,15.323172,18.708948,14.883412,13.68145,9.5665865,13.918172,10.497908,13.763085,14.8825865,16.322212,20.2005,19.376915,15.42046,13.191202,9.811676,11.415579,7.318882,13.325463,12.641263,17.579107,16.82851,13.018781,12.300717,17.24443,20.00137,18.15007,15.047052,15.190853,8.867685,11.041692,7.884704,11.315757
17,23.710506,19.551382,18.63566,13.702742,12.454486,11.059379,10.332151,10.975601,8.651002,14.0182,12.3244095,18.504042,15.62701,13.277428,10.804877,6.311769,4.6621842,0.0,4.833662,6.8762465,10.888184,13.942674,16.127592,19.96221,20.199963,19.601622,15.081408,13.033654,9.339362,10.00439,6.7856765,10.644286,11.919096,14.192559,16.60086,19.172264,21.807434,20.889454,18.064453,14.060742,16.446072,10.899386,14.023326,10.328207,16.324373,15.50664,17.495085,19.66031,19.755339,23.418642,21.568823,18.878637,24.264093,26.489538,24.854132,25.01149,20.213976,22.273426,19.208155,20.676725,18.644508,19.195795,17.030588,19.8982,18.315264,14.8368845,18.370361,18.533361,17.931211,19.963797,14.122348,12.8125725,8.876984,12.304567,8.818487,12.667501,12.491902,9.599146,14.985687,11.810415,15.748895,18.354147,14.38791,12.025083,7.5503335,11.133729,6.3640475,10.087826,10.903498,13.016726,16.820116,16.834438,12.611796,10.33907,6.4801345,9.047049,5.9244123,11.359989,12.39806,16.843027,17.053041,14.506159,13.433106,17.689522,19.937231,17.79388,15.290758,14.411722,9.380451,10.930189,7.718416,11.444968
18,22.982962,18.845692,19.294664,13.998377,13.584142,13.488382,13.122157,15.34278,13.255569,18.806606,16.852325,22.969847,19.884687,17.125933,14.645132,10.316053,7.12176,4.833662,0.0,4.193438,6.8239193,10.140918,12.446267,16.379843,17.366987,16.943361,13.698538,10.782423,8.255667,8.259178,7.9436955,9.531952,13.673418,14.60371,18.134665,20.529896,22.881432,22.398947,18.888083,14.774841,17.760542,12.281369,15.617319,11.401835,17.502766,15.37447,18.637102,19.99638,20.33368,24.008505,22.570087,20.93293,25.896902,27.921535,27.138327,26.932892,22.671099,24.135088,21.232506,23.16224,19.739496,20.504488,17.72256,20.52074,17.66655,13.196258,15.993754,15.817085,14.208338,16.15751,10.505652,10.310012,7.8345137,12.272745,10.6381855,14.868383,15.748812,13.829162,19.287724,16.59516,20.557909,23.174625,19.143099,16.570728,12.081473,14.817273,9.009159,11.212387,10.253992,11.287696,14.659834,14.1133175,9.219726,7.902247,4.798042,9.782977,8.5583,13.76414,16.347649,20.293955,21.255476,18.461357,16.414797,20.584677,22.622679,19.703352,17.381966,14.946484,10.524841,10.017313,5.8650446,8.129817
19,18.907757,14.782997,15.6276245,10.394303,10.306635,11.462089,11.285974,15.027114,13.986683,19.75726,18.755548,24.901897,22.48203,20.084305,17.462952,13.151542,10.533374,6.8762465,4.193438,0.0,4.628311,7.129541,9.808912,13.372519,14.047181,14.054371,10.112289,8.973472,7.1876984,8.99791,9.467612,12.423964,16.836308,18.50915,21.746807,24.409832,26.539612,25.72195,22.07704,17.919777,20.022688,14.485548,16.233332,11.5241165,16.481539,12.81429,16.456186,16.892616,16.786402,20.757723,19.952797,18.253233,22.88068,25.181324,25.033215,24.984438,21.130873,22.964237,20.701008,23.559265,20.20047,21.823114,19.5231,23.060528,20.487913,15.626739,18.852112,19.03625,16.833656,18.826763,13.533728,14.096452,11.752893,16.441658,14.501775,18.675152,19.13843,16.40169,21.796738,18.13141,21.935856,23.924223,19.812944,16.593853,12.411371,13.750003,7.5558004,8.534996,6.482906,7.7790794,10.942296,11.2620125,6.340044,5.1322474,2.613105,8.404171,9.095115,12.691591,16.79825,19.925629,21.824163,19.922497,17.468424,20.871275,22.374298,19.196342,17.536634,14.193747,11.551663,10.437105,7.5103993,9.465051
20,19.485588,15.676696,17.837358,13.001734,13.32668,15.599621,14.993414,19.420736,18.112875,24.001986,22.632202,28.70251,26.348024,23.610987,21.365782,16.856062,13.941454,10.888184,6.8239193,4.628311,0.0,3.8397338,5.818304,9.612203,11.144434,11.223724,9.635413,7.3668265,7.8382454,8.804337,11.628262,12.782024,18.803087,19.795702,23.504997,26.121325,27.795166,27.180965,23.076633,19.06042,21.235468,16.144829,17.74259,13.152142,17.643433,13.214363,17.786266,17.567755,18.06272,21.53117,20.986303,20.72492,24.710567,26.486519,27.081873,26.570889,23.366941,24.407015,22.337238,25.44234,20.9856,22.782854,20.169748,23.635443,20.295256,14.912538,17.50015,17.739912,14.73818,16.932726,12.738707,14.03941,13.626637,18.14992,17.320667,21.55597,22.490192,20.405897,25.832594,22.486542,26.3043,28.342577,24.34754,21.11174,16.960266,18.187414,11.965039,12.344591,9.097821,9.134605,10.879291,10.954922,5.5640864,6.8497424,6.7105207,12.305229,13.511142,16.947166,21.38051,24.36818,26.428493,24.35735,21.693884,25.087719,26.483238,22.989584,21.467165,17.415411,15.237322,13.07592,10.072309,10.090681
21,16.949883,13.509521,16.68173,12.330687,13.533667,16.328585,16.536482,21.431358,20.83486,26.651993,25.780092,31.880621,29.562502,27.019306,24.365715,20.128542,17.106836,13.942674,10.140918,7.129541,3.8397338,0.0,4.8218875,7.2094445,9.382357,10.512617,9.420436,9.359752,10.754233,12.304761,15.179564,16.579102,22.609848,23.560417,27.330801,29.896378,31.615921,31.01611,26.888039,22.886402,24.89515,19.830229,20.863342,16.215487,19.82651,14.280876,19.037668,17.726185,17.608059,21.307617,21.606,21.287624,24.728,26.793837,28.061506,27.716166,24.963541,26.263046,24.707502,28.300201,23.918541,26.09169,23.671995,27.302034,23.918854,18.455967,20.755375,20.81965,17.297096,18.91898,15.174672,17.277534,16.608664,21.465958,20.68312,24.905226,25.861382,23.444265,28.878271,25.213331,28.970617,30.725187,26.602257,23.134995,19.218607,19.57903,13.746378,12.758035,8.832562,7.7029934,8.08623,8.38204,4.066047,6.746128,8.486958,13.022541,15.408273,17.733433,23.092947,25.37176,28.155334,26.456491,23.289415,26.10983,27.08563,23.299124,22.288893,17.48252,16.725706,13.908411,11.972327,11.368104
22,18.679808,15.549929,18.747303,15.044043,15.377002,19.20262,17.79366,23.327713,22.255499,28.194351,27.076708,32.945583,31.320742,28.558546,26.82357,22.02391,19.513783,16.127592,12.446267,9.808912,5.818304,4.8218875,0.0,4.197823,5.9932504,6.319828,8.141464,6.83662,9.955467,11.200999,15.267647,16.205816,22.770079,24.077908,27.594038,30.450226,31.489687,30.643248,26.247404,22.486977,23.7861,19.34438,19.516115,15.300135,17.960491,12.389975,17.532793,16.154373,17.252827,19.851768,19.884811,21.304655,24.17692,25.311874,26.994781,26.072216,23.966795,24.338512,23.01967,26.819326,21.74161,24.249619,21.999378,25.863216,22.572184,17.093132,19.655151,20.542587,17.234493,19.86976,17.062292,18.458931,19.202322,23.3851,22.770359,26.983198,27.776245,25.683332,30.99964,27.303179,30.931318,32.56512,28.831406,25.313341,21.536997,22.069435,16.06861,15.937083,12.000931,11.869393,11.725473,12.85604,8.856903,11.189582,11.923731,16.999344,18.82068,21.389162,26.32966,28.895456,31.29777,29.712881,27.08574,30.101543,31.164328,27.597715,26.506416,22.017378,20.758509,18.339584,15.77707,15.253247
23,17.533571,15.180642,19.21416,16.398895,17.199406,21.51992,20.447958,26.361164,25.760738,31.632626,30.870726,36.710873,35.251972,32.59997,30.703953,25.998487,23.463745,19.96221,16.379843,13.372519,9.612203,7.2094445,4.197823,0.0,4.079408,6.034658,9.51415,10.234486,13.682487,15.2135515,19.260416,20.326147,26.908976,28.23876,31.758362,34.623993,35.57902,34.699093,30.260122,26.570269,27.616913,23.332737,22.938793,18.860731,20.527414,14.268761,19.32286,16.872818,17.6587,19.982708,20.854185,22.67967,24.727663,25.831585,28.305782,27.406593,25.980793,26.358078,25.623653,29.834995,24.79655,27.646215,25.637516,29.623066,26.362097,20.92655,23.246923,24.106838,20.503347,22.803308,20.506504,22.341599,23.061888,27.411703,26.841234,31.06769,31.85122,29.552006,34.864105,30.909151,34.45766,35.82511,32.084805,28.393032,24.850906,24.75503,19.122065,18.201221,14.037991,13.37183,11.905566,13.446453,10.9704,13.663201,15.180504,19.59893,22.07549,23.871643,29.374619,31.416828,34.308037,33.05303,30.154854,32.741985,33.469532,29.758883,29.072765,24.148016,23.831745,21.077095,19.10489,18.247349
24,16.387846,14.168394,17.690924,15.606529,15.758198,20.78664,18.82224,25.163378,24.756184,30.479967,30.084711,35.6755,34.93442,32.463306,30.988098,26.09429,24.171906,20.199963,17.366987,14.047181,11.144434,9.382357,5.9932504,4.079408,0.0,3.1512978,7.0603595,9.312997,12.873781,15.08177,18.78588,20.795952,26.83026,29.002285,31.99293,35.17139,35.90744,34.60599,30.256401,26.622562,26.851887,22.774271,21.282621,17.485529,17.90133,11.323776,16.148272,13.271611,14.491926,16.205664,17.199556,19.725346,21.270952,22.029036,24.809875,23.819168,22.87754,23.166752,22.92437,27.51934,22.826517,26.14773,24.710306,29.148846,26.611774,21.40294,24.532692,25.964245,22.880976,25.73088,23.04233,24.206886,24.680763,28.851597,27.704292,31.888533,32.19469,29.593262,34.68958,30.331797,33.621174,34.59697,31.177868,27.37068,24.24287,23.78335,18.517656,17.86845,13.942432,14.252229,12.927589,15.503027,12.939624,15.0222845,15.965961,20.170927,22.510067,23.87301,29.205545,31.13917,33.930885,33.182674,30.709782,33.11819,33.749874,30.356947,29.799429,25.250135,24.951715,22.770405,20.734789,20.644358
25,18.736439,16.244003,19.08719,16.780779,16.247505,21.27626,18.383177,24.670845,23.781273,29.49698,28.810583,34.214672,33.779778,31.189093,30.270214,25.141333,23.53912,19.601622,16.943361,14.054371,11.223724,10.512617,6.319828,6.034658,3.1512978,0.0,6.8946652,7.415366,11.319525,13.217298,17.174925,18.989353,24.96606,27.35846,30.101368,33.400333,33.82008,32.379677,28.00573,24.544022,24.410131,20.713634,18.917446,15.483519,15.628306,9.680334,14.572544,12.443201,14.71127,15.745381,15.933511,19.30927,20.993732,21.124947,23.618633,22.244373,21.33553,21.012564,20.627934,25.08943,20.08153,23.432049,22.08902,26.571846,24.24918,19.238487,22.643482,24.5097,21.851515,25.243526,22.687002,23.259195,24.23855,27.962353,26.823156,30.926407,31.11926,28.78608,33.75539,29.552801,32.773327,33.815422,30.641445,26.956978,23.82934,23.812803,18.398657,18.58776,14.92235,15.815195,15.162388,17.60136,14.236392,16.058317,16.277042,20.941013,22.660397,24.543886,29.303558,31.65903,33.96057,33.092686,31.04114,33.768494,34.63601,31.439163,30.608246,26.460268,25.42955,23.601284,21.056034,21.200743
26,14.6707735,11.400817,12.954412,10.49629,9.415918,14.656435,11.84189,18.315699,18.199472,23.7335,23.83342,29.301998,28.964832,26.877289,25.514118,20.709568,19.548054,15.081408,13.698538,10.112289,9.635413,9.420436,8.141464,9.51415,7.0603595,6.8946652,0.0,6.806572,8.325489,11.937633,13.903898,17.860765,22.45561,25.638716,27.982523,31.366535,32.42063,30.737894,26.81374,23.004105,22.827354,18.313179,16.341457,12.271102,12.718989,5.7780213,10.379761,8.346133,9.286834,12.086324,12.301068,13.333314,16.052357,17.49249,19.205244,18.70532,16.777004,18.085533,17.60448,22.257141,18.758429,22.142458,21.164541,25.967035,24.395798,19.541536,23.761518,25.340887,23.076775,26.143673,22.096432,22.375463,21.527132,25.591639,23.38342,27.407055,27.066021,23.901077,28.713844,23.935968,26.998175,27.706604,24.449966,20.600765,17.831043,17.177038,12.285942,12.34203,9.246914,11.381358,11.719883,14.879683,11.613322,12.155524,11.832437,15.499228,17.303509,18.364977,23.128847,25.16481,27.605593,27.298538,25.411434,27.742046,28.467373,25.608665,24.957567,21.332481,20.617403,19.546328,17.491535,18.843653
27,21.011938,17.430368,18.815401,15.089704,13.704094,17.502594,13.9395,19.32298,17.475567,23.309885,21.950634,27.436508,26.70119,23.936325,23.373646,18.083649,16.76279,13.033654,10.782423,8.973472,7.3668265,9.359752,6.83662,10.234486,9.312997,7.415366,6.806572,0.0,4.1997085,5.9442167,9.837349,11.932667,17.603493,20.20979,22.814014,26.146265,26.780972,25.343102,21.078451,17.40739,17.6754,13.484756,12.754425,8.794421,11.487954,7.5644507,12.341648,12.842181,15.271983,17.088158,15.595083,17.622276,21.035559,21.467157,22.174166,20.903149,18.383905,18.227623,16.44434,20.01816,14.975699,17.629154,15.785399,20.178637,17.962122,12.952343,17.12462,19.075317,17.261637,21.071388,17.633171,17.145962,17.94706,21.175648,19.77796,23.775799,23.878197,21.88458,26.803423,23.067694,26.414646,27.959755,24.80894,21.495968,17.991673,19.201387,13.303116,15.13556,12.322799,14.132989,15.423943,17.089613,12.192567,12.947882,11.520847,16.857327,17.213562,20.379072,23.928549,27.187313,28.557571,27.128433,25.652683,29.058607,30.488665,27.62989,26.134922,22.926563,20.333906,19.321894,15.9570465,16.913757
28,21.660439,17.747263,18.06816,13.948265,12.01259,14.824968,10.91916,15.582599,13.375167,19.227621,17.777431,23.352886,22.544125,19.876524,19.386787,14.066214,13.209656,9.339362,8.255667,7.1876984,7.8382454,10.754233,9.955467,13.682487,12.873781,11.319525,8.325489,4.1997085,0.0,4.116054,5.939797,9.740104,14.264103,17.443789,19.715206,23.11535,24.105316,22.540007,18.588907,14.704299,15.100971,10.257037,10.113348,5.5094347,10.076915,7.859483,11.513751,13.267682,15.267003,17.553577,15.485065,16.157078,20.42395,21.258257,20.954668,20.027348,16.561922,17.013247,14.589428,17.649307,13.438533,15.647728,13.819589,18.21036,16.535255,11.935983,16.642157,18.442919,17.29646,20.976627,16.693884,15.519387,15.357157,18.375198,16.306929,20.202808,19.981026,17.807571,22.645405,18.909037,22.262613,23.946335,20.812513,17.676617,14.114536,15.884204,10.063049,12.964368,11.172391,13.662738,15.939592,17.394346,12.334363,12.032263,9.468841,14.504448,13.978383,17.545855,20.287472,23.909058,24.788345,23.288294,22.243532,25.83508,27.486357,24.976448,23.22873,20.787422,17.514084,17.310678,13.795902,15.676664
29,25.384756,21.44667,22.000221,17.584064,15.872568,17.976124,14.317668,17.943777,14.835404,20.48073,18.01408,23.41736,22.196182,19.052444,19.115713,13.729913,12.672361,10.00439,8.259178,8.99791,8.804337,12.304761,11.200999,15.2135515,15.08177,13.217298,11.937633,5.9442167,4.116054,0.0,5.3378043,6.0666137,11.893671,14.309564,16.93033,20.214731,20.916006,19.651114,15.390604,11.582337,12.715774,8.231563,9.913035,6.3486643,11.920918,11.300181,14.713499,16.931791,19.31047,21.239042,18.79646,19.960678,24.235617,24.64254,24.061794,22.791433,19.298899,18.924051,15.914777,17.95522,12.852809,14.117474,11.38325,15.155756,12.712797,7.8599696,12.559524,14.600906,13.945603,18.101307,14.400921,12.531401,13.865004,16.052536,14.838715,18.607746,18.85036,17.754772,22.523663,19.765491,23.206135,25.42312,22.425798,19.79555,15.985536,18.68591,12.870797,16.099113,14.38742,16.332567,18.702225,19.417002,14.007647,13.955944,11.275864,16.69927,15.457592,20.012735,22.029987,26.18367,26.483881,24.261608,23.418856,27.542685,29.539215,27.023151,24.865036,22.640648,18.468464,18.202625,14.088209,15.454842
30,26.017164,21.937038,21.234577,16.877396,14.592015,15.357904,11.40923,13.489164,9.792894,15.251322,12.690462,18.199493,17.0947,14.186866,14.560404,9.093742,9.39227,6.7856765,7.9436955,9.467612,11.628262,15.179564,15.267647,19.260416,18.78588,17.174925,13.903898,9.837349,5.939797,5.3378043,0.0,6.621061,8.6092615,12.542807,14.19222,17.658825,18.929638,17.293276,13.805934,9.824861,10.753191,5.188987,7.808785,4.461279,11.212485,12.327951,14.166663,17.394415,19.21877,21.459862,18.592722,18.213823,23.157763,23.99284,22.306412,21.535421,17.129725,17.614656,14.103882,15.376672,12.137347,12.80361,10.637887,14.322917,13.354216,10.06166,14.978214,16.674843,16.910078,20.526941,15.864557,13.228239,12.605516,14.282364,11.618172,15.069882,14.495671,12.948892,17.468163,14.590489,17.926874,20.235016,17.413826,15.150434,11.566206,14.985922,10.109961,14.45697,14.200954,16.8357,19.95774,20.727291,15.665368,14.466332,10.848785,14.985618,12.537208,17.199955,17.850733,22.36471,21.91731,19.803978,19.780504,23.967094,26.166769,24.280964,21.924225,20.90501,16.141016,17.168972,13.31407,15.97176
31,30.575754,26.49742,26.71385,21.93262,20.309113,20.975677,17.870495,19.570736,15.522757,20.378576,16.641376,21.5981,19.530231,15.908292,16.711992,11.84627,10.950211,10.644286,9.531952,12.423964,12.782024,16.579102,16.205816,20.326147,20.795952,18.989353,17.860765,11.932667,9.740104,6.0666137,6.621061,0.0,7.548151,8.432064,11.5628395,14.512725,15.300381,14.641975,10.35713,6.5248213,9.938982,6.2520375,11.380019,9.626391,15.88494,16.990057,19.621803,22.554823,24.814833,26.802511,23.93949,24.558388,29.237713,29.616444,28.229668,26.971571,22.99292,22.383083,18.64241,18.945923,14.224442,13.5121,9.73076,11.511932,8.155863,4.31191,8.442376,10.264559,11.362799,15.5322895,12.208827,8.547474,11.251951,11.474512,11.2553835,14.420588,15.21909,15.773085,20.100826,18.969904,22.367271,25.335901,22.587029,20.891117,17.02693,20.925713,15.729742,19.485004,18.541231,20.171888,23.037144,22.86613,17.494402,17.060644,14.014429,18.888428,16.377077,21.949705,22.453535,27.280636,26.550869,23.384571,23.112154,27.850067,30.353577,28.145815,25.40652,24.090979,18.6533,18.928299,14.480411,15.727814
32,34.344627,30.216797,29.126095,24.70707,22.455147,21.790499,18.364365,17.654314,12.885094,15.9168,11.2236595,15.01103,13.327876,9.709513,12.811324,8.996273,10.823845,11.919096,13.673418,16.836308,18.803087,22.609848,22.770079,26.908976,26.83026,24.96606,22.45561,17.603493,14.264103,11.893671,8.6092615,7.548151,0.0,6.134256,5.674069,9.402248,10.581208,9.055976,6.518507,3.505556,6.6631584,4.9055805,10.888307,11.336292,16.98798,20.329659,21.21909,25.282906,27.3561,29.158506,25.642658,25.251997,30.277359,30.64513,27.915209,26.965769,22.365376,22.039633,17.794487,16.185017,13.986494,11.677353,8.949871,9.248358,9.448214,10.007549,13.458106,14.999668,17.53082,20.946392,17.228443,12.753082,13.270919,11.288046,9.446727,10.761304,10.136783,11.807796,14.559517,14.742295,17.370922,20.60787,18.86434,18.408964,15.571282,20.23385,16.933777,21.542887,22.022148,24.30662,27.738468,27.740503,22.727856,21.362423,17.660847,20.921711,17.06523,22.434324,20.583303,25.833742,23.557281,20.397556,21.799307,26.57851,29.407166,28.259062,25.248745,25.721024,19.635267,21.506735,17.595823,20.01151
33,37.164654,32.988216,32.55007,27.633234,26.071299,25.037788,22.802439,22.051975,17.578897,20.574694,15.740865,19.358023,15.986676,12.218193,14.102055,11.522687,11.559923,14.192559,14.60371,18.50915,19.795702,23.560417,24.077908,28.23876,29.002285,27.35846,25.638716,20.20979,17.443789,14.309564,12.542807,8.432064,6.134256,0.0,5.120761,6.5163865,8.668763,9.564081,7.2515297,5.700188,11.18631,10.028657,16.387188,16.075487,22.241213,24.558502,26.307499,29.8459,31.715834,33.93074,30.758083,30.327293,35.440235,36.040993,33.674873,32.705624,28.168798,27.801065,23.60546,22.106264,19.105932,16.561398,13.05014,11.518492,9.161557,10.148529,10.787829,10.895771,14.180745,16.804295,14.0394945,9.155709,11.275561,7.417037,8.566265,9.228579,10.752191,14.022513,16.818098,18.333406,21.208485,24.946455,22.771414,22.522469,19.190582,24.002829,20.252737,24.261559,24.40158,25.861998,29.24283,28.3557,23.462347,22.398869,19.16854,22.568916,18.798412,24.746216,23.086264,28.375406,26.227375,22.102398,22.863611,27.975029,30.999125,29.50652,26.221773,26.472479,20.028543,21.329756,17.37245,18.7798
34,39.722313,35.565132,34.47774,29.940557,27.858578,26.66193,23.725395,22.155272,17.441229,19.218063,14.113162,16.265192,13.960942,10.527616,14.464414,12.522273,14.221493,16.60086,18.134665,21.746807,23.504997,27.330801,27.594038,31.758362,31.99293,30.101368,27.982523,22.814014,19.715206,16.93033,14.19222,11.5628395,5.674069,5.120761,0.0,3.9790528,5.377433,5.154413,5.1594834,5.9145155,9.430622,10.304803,15.891973,16.93084,22.266253,25.934704,26.738564,30.916142,33.01478,34.764538,31.124878,30.710789,35.752663,36.004593,32.991642,31.991037,27.429173,26.817942,22.49898,19.8937,18.148382,14.814859,12.200533,9.745897,10.1893635,12.90673,14.416731,15.365714,18.994139,21.860144,19.093885,14.236859,15.470133,11.481474,11.146732,10.479659,10.446844,14.18053,15.479154,17.66052,19.729855,23.314356,22.08794,22.4672,19.956207,24.858793,22.034565,26.51564,27.1493,29.136732,32.646374,32.186844,27.277641,25.93415,22.370996,25.302551,21.129694,26.663525,23.932745,29.294258,26.30295,22.585398,24.446499,29.367876,32.445583,31.585472,28.317608,29.366056,22.901041,24.91101,21.161963,23.170456
35,42.680923,38.503403,37.481438,32.79376,30.961906,29.31614,26.987461,24.948572,20.411224,21.702814,16.59893,18.188322,15.051675,11.960059,15.488754,14.733751,16.042746,19.172264,20.529896,24.409832,26.121325,29.896378,30.450226,34.623993,35.17139,33.400333,31.366535,26.146265,23.11535,20.214731,17.658825,14.512725,9.402248,6.5163865,3.9790528,0.0,4.573265,6.680813,8.115705,9.479677,13.250993,14.147007,19.864176,20.712505,26.212914,29.653313,30.593924,34.672745,36.584885,38.549057,34.99974,34.302395,39.451454,39.87228,36.796867,35.8926,31.249641,30.760326,26.440828,23.675081,22.067368,18.591642,15.949793,12.825593,12.700977,15.680875,15.9382305,16.06318,19.993156,22.131437,19.875437,15.150898,16.42404,11.498461,12.20971,10.4086685,11.116374,15.751223,16.412003,19.664526,21.559841,25.375952,24.192442,24.971745,22.507383,27.50459,24.893293,29.158287,29.898504,31.589005,35.16093,34.297333,29.580343,28.214117,24.814896,27.430355,23.145132,28.758139,25.643995,30.981077,27.729548,23.58241,25.48375,30.445896,33.652546,32.901176,29.490402,30.847979,24.242723,26.267618,22.755861,24.462477
