,0,1,2,3,4,5,6,7,8,9,10,11,12,13,14,15,16,17,18,19,20,21,22,23,24,25,26,27,28,29,30,31,32,33,34,35,36,37,38,39,40,41,42,43,44,45,46,47,48,49,50,51,52,53,54,55,56,57,58,59,60,61,62,63,64,65,66,67,68,69,70,71,72,73,74,75,76,77,78,79,80,81,82,83,84,85,86,87,88,89,90,91,92,93,94,95,96,97,98,99,100,101,102,103,104,105,106,107,108,109,110,111,112
0,0.0,4.137169,7.099807,10.253374,12.643892,14.701514,18.159405,19.75345,23.600172,24.44216,28.12637,29.621426,32.868523,33.789658,37.03376,36.112896,40.306087,39.70361,46.066833,44.967842,49.085045,51.27182,55.63228,50.527855,47.876225,46.962997,42.007763,43.845207,39.848183,43.420593,36.08051,41.908787,38.754143,39.48998,35.500244,33.029003,35.161083,39.43497,38.62566,37.093452,41.160805,43.768345,41.351963,42.746613,46.47844,47.7305,45.86887,48.48843,52.665398,53.924038,52.19243,53.16094,55.952625,55.174717,51.866364,49.743565,45.636753,44.9808,49.93177,49.126392,42.982136,46.036053,43.754715,46.639008,43.90256,39.688637,38.680515,34.937798,34.803513,36.991886,32.481773,29.254282,31.345598,28.592976,30.458895,27.660873,24.765965,26.580107,21.778303,26.119951,23.567535,24.242792,27.100058,30.902834,31.792229,36.319016,36.055706,41.745216,42.31661,45.555004,46.566708,49.193226,49.680706,50.86859,55.977215,56.571114,52.580383,49.40119,46.801003,44.53975,41.48979,38.52022,34.229958,32.771698,29.451618,26.87686,25.138685,28.020279,25.626343,30.103119,30.983423,33.311718,36.011955
1,4.137169,0.0,5.196236,6.6119137,9.103689,11.981643,14.6962,17.160942,20.573496,21.941439,25.539711,27.266544,30.446976,31.003456,34.447365,33.014427,37.232113,36.40258,42.852398,41.60104,45.59099,47.870598,52.10901,46.853966,44.236973,43.220478,38.320686,40.146725,36.122417,39.691883,32.36111,38.181763,35.11544,36.13763,32.29502,29.777948,32.214264,36.25227,35.298702,33.971725,38.188675,40.39674,38.066402,39.784214,43.399963,44.369244,42.76761,45.60352,49.60182,50.7841,48.792706,49.886242,52.43093,51.543835,48.164658,45.971912,41.889553,41.106205,45.990158,45.25233,39.04948,41.976196,39.64613,42.54682,39.901035,35.675762,34.579,30.861082,30.74935,32.88103,28.344868,25.14318,27.316633,24.570532,26.593763,23.843561,21.011976,23.023539,18.543583,23.097214,20.948074,22.165329,24.48156,28.192413,28.691525,33.4729,32.7638,38.49246,39.035873,42.159214,43.311012,45.6849,46.51599,47.73869,52.79417,53.496372,49.55795,46.435562,43.791542,41.63451,38.66235,35.597294,31.753262,29.884378,26.974924,24.629627,22.643053,25.252695,22.490356,26.76607,27.57275,29.631186,32.43059
2,7.099807,5.196236,0.0,5.3930383,6.4920607,8.129358,11.557135,12.724726,16.692034,17.368977,21.116713,22.575615,25.863647,26.727184,30.247768,29.35522,33.628185,33.320435,39.581154,38.90749,43.03336,45.35561,49.63534,44.770874,42.314533,41.265694,36.167973,37.66433,33.58115,36.993565,29.611958,35.499077,32.45099,32.823387,28.638014,26.084526,28.113897,32.507236,31.708687,30.089838,34.08802,36.875195,34.48396,35.725464,39.43405,40.919563,39.087666,41.492664,45.689533,46.904858,45.327038,46.415424,49.27292,48.557037,45.462112,43.61206,39.32059,39.07394,44.0777,42.912445,36.965168,40.50505,38.584454,41.426674,38.234116,34.045204,33.76722,29.993912,29.322704,32.120598,27.998028,24.320704,26.077906,24.246222,25.448166,23.584072,20.260279,21.199978,16.764076,20.425512,17.761961,18.373098,20.863312,24.806437,25.759684,30.23391,30.313354,35.905495,36.9494,40.233776,41.61506,44.40766,44.9802,45.80275,51.108994,51.25727,47.01178,43.985954,41.09124,39.26914,35.872513,33.34757,28.845448,27.518467,24.226608,21.672234,20.553856,23.274807,21.78843,25.297832,27.02546,28.95507,32.280514
3,10.253374,6.6119137,5.3930383,0.0,3.773661,6.299846,8.719551,11.624241,14.380056,16.476372,19.713179,21.868223,24.753149,25.031204,28.32021,26.549288,30.733913,29.802294,36.270123,35.022297,39.01083,41.324062,45.54597,40.3762,37.81076,36.782528,31.815315,33.613693,29.63308,33.302555,26.222391,32.340008,29.711674,30.707777,26.739351,23.804176,26.558193,30.562069,29.153412,27.78406,32.30247,34.16131,31.658287,33.57595,37.269936,37.906574,36.28444,39.363255,43.26628,44.555183,42.442234,43.34863,45.937004,45.13511,41.68331,39.495018,35.43726,34.742065,39.739864,39.068676,32.913696,36.12981,34.098804,37.178074,34.35942,30.07852,29.484777,25.864288,25.010805,27.312407,23.27615,19.843058,21.329737,19.042992,20.465199,18.284397,15.09021,16.599997,12.359229,16.745186,14.905658,16.659485,18.330595,21.938707,22.200615,27.100595,26.273691,31.98741,32.68918,35.81669,37.16098,39.6088,40.512413,41.562412,46.701054,47.227528,43.211754,40.167736,37.407333,35.451984,32.39926,29.455585,25.815783,23.740837,21.133226,19.023287,17.110502,19.42644,17.051058,20.664238,21.997293,23.821129,27.049072
4,12.643892,9.103689,6.4920607,3.773661,0.0,5.493613,5.6079865,9.23391,11.945325,13.772529,17.255625,19.12541,22.23851,22.31625,26.335577,24.439465,28.77936,28.130838,34.511875,33.68324,37.561565,40.092632,44.118366,39.040123,36.70865,35.42149,30.390535,31.744602,27.555145,30.90207,23.443624,29.337673,26.440424,27.267214,23.329866,20.695396,23.306171,27.239851,26.204023,24.990686,29.227045,31.312757,29.123909,30.939943,34.392857,35.44278,34.13251,36.854435,40.719063,41.76227,39.750393,41.13825,43.546665,42.63181,39.471855,37.573044,33.250347,32.889313,37.78028,36.609005,30.587414,34.035313,32.114307,34.95102,31.780636,27.572342,27.356655,23.613956,22.83634,25.774426,21.734343,17.928837,19.774813,18.397821,19.648668,18.322792,15.055283,15.980012,12.644312,16.261845,14.551904,16.221806,17.314865,21.002758,21.164957,26.065653,25.384417,30.97968,32.10144,35.160877,36.88464,39.23876,40.44416,41.239754,46.462772,46.704273,42.515556,39.646263,36.620365,35.11414,31.80674,29.261497,25.617296,23.587873,21.193983,19.203768,17.878578,19.878637,18.071829,20.691544,22.519123,23.74176,27.389116
5,14.701514,11.981643,8.129358,6.299846,5.493613,0.0,6.208004,5.897124,9.186466,10.822916,13.891748,16.116669,18.849472,19.560923,22.48413,21.453146,25.634369,25.320307,31.53917,30.9464,35.172672,37.434284,41.791412,37.204426,34.797657,33.863735,28.670452,30.168493,26.269686,29.87388,23.114706,29.489374,27.253532,27.36746,22.86034,19.497889,21.862892,26.40201,24.80202,22.87119,27.374388,29.801264,26.956627,28.30721,32.316,33.339264,31.195744,33.9506,38.128246,39.642826,38.016823,38.58238,41.730507,41.26675,38.056427,36.23113,32.045593,32.01649,37.2251,36.22608,30.468723,34.509888,33.149548,36.259117,32.8411,28.65029,29.234743,25.762571,23.82565,26.775167,23.694551,19.880627,20.202927,19.226091,19.110655,18.29474,14.557457,14.106865,10.0156,12.614491,9.946228,10.968724,12.825068,16.745934,17.718248,22.136127,22.462564,27.95052,29.254648,32.621147,34.159813,37.257412,37.643734,38.175415,43.611965,43.43542,39.06215,36.11393,33.09395,31.496382,27.92733,25.690584,21.15345,19.876036,16.720959,14.370987,13.790069,16.18922,16.009727,18.333275,21.012943,22.76003,26.549149
6,18.159405,14.6962,11.557135,8.719551,5.6079865,6.208004,0.0,6.0278554,6.980565,9.529141,12.560838,14.631137,17.504942,17.092884,21.495127,19.175047,23.57428,23.071316,29.348951,28.854654,32.632744,35.321255,39.185184,34.296165,32.19532,30.737862,25.64271,26.615139,22.339079,25.52074,18.05919,24.088318,21.47916,22.096762,18.038315,15.153621,18.000307,21.846527,20.607033,19.455256,23.786196,25.706297,23.568111,25.48938,28.849487,29.889141,28.76824,31.449617,35.203587,36.186333,34.148724,35.679695,38.026447,37.127167,34.11167,32.437046,27.960705,27.959007,32.858154,31.395359,25.56336,29.463772,27.953094,30.750626,27.187725,23.037033,23.656263,20.048521,18.524414,22.072468,18.739853,14.615515,15.825448,15.847092,16.166723,16.259827,12.9269285,12.568708,10.851262,12.975748,11.925559,13.874057,13.634552,17.064495,16.897724,21.754745,21.126524,26.493895,28.062204,31.035248,33.154964,35.499588,36.915546,37.37933,42.672012,42.56909,38.23459,35.5793,32.30821,31.313492,27.809286,25.737228,22.376272,20.301651,18.479467,16.95497,16.301054,17.605354,16.805044,17.803047,20.405102,20.922024,25.078405
7,19.75345,17.160942,12.724726,11.624241,9.23391,5.897124,6.0278554,0.0,4.7523685,4.944219,8.411963,10.293929,13.290626,14.063023,17.787758,17.13122,21.455887,21.937035,27.769793,28.101711,32.250908,34.708534,38.84952,34.751377,32.74683,31.58647,26.322613,27.07567,23.083555,26.173157,19.386646,25.50476,23.319569,22.601625,17.790363,14.491106,16.305187,21.158287,19.875462,17.723892,21.842564,24.939455,22.272144,23.085474,27.001781,28.77563,26.704773,28.791838,33.085228,34.443092,33.241,34.167286,37.41435,37.02522,34.323357,33.069286,28.574116,29.332771,34.438274,32.71212,27.467508,32.151684,31.326218,34.12808,30.084635,26.15467,27.803064,24.460337,22.039381,25.8622,23.460575,19.367346,19.324358,20.017736,18.963203,19.735348,16.084372,14.09562,11.899589,12.028864,9.564255,9.74202,10.391182,14.308279,15.540976,19.412636,20.619349,25.616655,27.730486,31.046068,33.092472,36.32995,36.805626,36.778225,42.366898,41.518257,36.820698,34.184666,30.76031,29.947351,25.886133,24.61246,19.82818,19.115229,16.230694,14.204333,15.135828,16.855015,18.246248,18.695602,22.324509,23.28878,27.581482
8,23.600172,20.573496,16.692034,14.380056,11.945325,9.186466,6.980565,4.7523685,0.0,4.693659,5.963734,8.876461,10.96443,10.730101,14.53267,12.801051,17.203201,17.423372,23.366482,23.62403,27.650658,30.225027,34.237785,30.10737,28.211206,26.950499,21.699648,22.32954,18.349249,21.504068,15.06578,21.444517,19.888466,19.35602,14.643984,10.690672,13.270575,17.75429,15.738818,13.690553,18.382114,20.68879,17.873016,19.25157,23.157902,24.328482,22.473848,25.03506,29.07811,30.472317,28.903454,29.774645,32.857468,32.44689,29.610798,28.317762,23.844433,24.647999,29.771305,28.143805,22.966383,27.813292,27.277666,30.160137,26.101442,22.242949,24.346468,21.336235,18.230175,22.105108,20.461506,16.548605,15.631355,17.22426,15.422405,17.213688,13.871987,10.980678,10.693797,9.424956,8.466165,9.663129,8.03448,11.253355,11.702584,15.772567,16.525822,21.382,23.680786,26.838938,29.160643,32.20152,32.99822,32.851532,38.386272,37.50832,32.83505,30.346786,26.809706,26.323294,22.315145,21.208202,17.255356,16.08318,14.241551,13.066162,14.084227,14.837048,16.606485,15.67313,19.636562,19.970993,24.468027
9,24.44216,21.941439,17.368977,16.476372,13.772529,10.822916,9.529141,4.944219,4.693659,0.0,4.2374496,5.394015,8.670945,9.584627,14.095287,14.007171,18.27637,19.610807,24.844397,26.08364,30.088978,32.64961,36.55587,33.017414,31.407974,30.111792,24.930784,24.979853,21.085276,23.59063,17.180176,22.846039,20.911093,19.264196,14.1972685,10.996532,11.958629,17.166933,16.162697,13.6986475,17.326344,21.144016,18.63427,18.776766,22.622086,25.132984,23.077005,24.454916,28.859983,30.111403,29.376032,30.543447,33.93033,33.670097,31.474514,30.781912,26.120024,27.631437,32.555763,30.228832,25.6304,30.830465,30.559572,33.06379,28.55303,24.989885,27.590544,24.532269,21.679487,26.040556,24.40025,20.340662,19.833647,21.792479,19.977526,21.905518,18.533792,15.559156,14.855752,13.194559,11.322158,10.77732,10.13634,13.404478,14.820334,17.786911,19.84617,24.133698,26.9176,30.111353,32.526493,35.87054,36.344402,35.820717,41.459583,40.013496,35.093117,32.78153,29.074924,28.982471,24.596869,24.257418,19.466022,19.338762,16.884068,15.332298,17.30555,18.400866,20.887688,19.958994,24.141706,24.519955,29.030947
10,28.12637,25.539711,21.116713,19.713179,17.255625,13.891748,12.560838,8.411963,5.963734,4.2374496,0.0,3.6995802,5.0874457,6.0362134,9.875759,10.17316,14.259523,16.030367,20.895456,22.527206,26.553213,29.019045,32.931488,29.83245,28.375408,27.210922,22.126232,21.983631,18.465294,20.894814,15.620344,21.261711,20.242374,18.224623,13.178162,9.356193,10.169633,15.344365,13.527428,10.475966,14.471417,18.120934,15.119879,15.01877,19.25684,21.522831,19.033484,20.5348,25.023598,26.587875,25.9794,26.62827,30.385199,30.41528,28.250313,27.722033,23.228008,25.099167,30.033802,27.798506,23.669664,29.184132,29.440063,32.004578,27.450806,24.138992,27.351114,24.747437,21.147991,25.369413,24.672462,20.945326,19.383076,21.968523,19.2652,21.946222,18.852493,15.02921,15.389377,12.226009,11.086741,10.39383,8.383657,10.664613,12.213822,14.317293,17.066137,20.770576,23.912086,27.064487,29.586329,33.151955,33.391693,32.54706,38.203945,36.397945,31.378815,29.22877,25.419971,25.7009,21.173063,21.455315,16.812677,17.112116,15.148963,14.197132,16.821194,17.293318,20.770924,18.750628,23.336662,23.47002,27.982075
11,29.621426,27.266544,22.575615,21.868223,19.12541,16.116669,14.631137,10.293929,8.876461,5.394015,3.6995802,0.0,4.023342,5.838682,10.77007,12.039776,15.762288,18.261696,22.396923,24.771908,28.556982,31.09118,34.722076,32.02009,30.871138,29.554337,24.641209,23.935305,20.452553,22.183327,16.8774,21.675972,20.303522,17.4578,12.390502,9.674207,8.838072,14.324029,13.658166,10.663286,13.241829,18.13705,15.781666,14.675525,18.492598,21.992651,19.75309,20.052038,24.660925,25.892097,25.92879,27.148746,30.859715,30.884497,29.345144,29.349043,24.699368,27.080008,31.70443,28.81644,25.189318,30.848005,31.253136,33.429295,28.549595,25.52969,29.06981,26.446815,23.17596,27.799109,27.03647,23.21071,22.131876,25.052937,22.530838,25.342154,22.28176,18.5976,18.91153,15.919153,14.556798,13.331449,11.869394,13.94486,15.616249,17.09021,20.236917,23.44906,26.882742,29.899391,32.57851,36.10795,36.384087,35.292404,40.917038,38.754894,33.6398,31.728058,27.816887,28.507069,23.870678,24.646452,19.902233,20.58534,18.558615,17.502682,20.356316,20.93348,24.431976,22.402315,26.975094,26.933876,31.483751
12,32.868523,30.446976,25.863647,24.753149,22.23851,18.849472,17.504942,13.290626,10.96443,8.670945,5.0874457,4.023342,0.0,3.804786,6.994211,9.400927,12.488126,15.601715,19.045647,21.916216,25.667934,28.03117,31.650229,29.499502,28.521418,27.395758,22.697863,21.813663,18.880213,20.458963,16.598194,21.17889,20.771805,17.68255,12.950231,9.933614,8.859384,13.824564,12.301829,8.709157,11.353169,16.045794,13.16821,11.463547,15.785082,19.061672,16.222967,16.490528,21.26445,22.906685,23.192327,23.733335,27.922209,28.313515,26.844294,27.04269,22.682169,25.404251,29.966232,27.241268,24.18281,30.035292,30.933771,33.16385,28.344181,25.607553,29.595362,27.40788,23.546701,27.891645,27.944946,24.467749,22.515394,25.798286,22.599382,25.900959,23.104063,18.88642,19.891146,15.92087,15.125076,13.8070345,11.563753,12.473779,14.238962,14.535024,18.406263,20.835659,24.56673,27.49632,30.206724,33.96082,33.92639,32.507126,38.10207,35.554085,30.367744,28.650831,24.69508,25.77316,21.067797,22.527496,18.011913,19.19121,17.63787,17.124199,20.421381,20.502998,24.755419,21.932749,26.727522,26.538822,30.979485
13,33.789658,31.003456,26.727184,25.031204,22.31625,19.560923,17.092884,14.063023,10.730101,9.584627,6.0362134,5.838682,3.804786,0.0,7.302581,7.153429,10.58924,13.386465,17.0352,19.798658,23.239305,25.913382,29.23551,26.779543,25.966673,24.53015,19.911303,18.6701,15.534539,16.856455,12.941011,17.403961,17.254467,14.378113,9.832023,6.557716,6.049471,10.578502,8.559638,5.055633,8.612472,12.613086,9.961334,9.205819,13.238633,16.166134,14.202266,14.949245,19.296907,20.617146,20.263512,21.445793,25.042696,25.12466,23.600557,23.815872,19.246622,22.03947,26.468933,23.55385,20.494541,26.367243,27.342907,29.455122,24.59939,21.986122,26.192413,24.213299,20.281202,24.739899,25.092722,21.813707,19.805906,23.639496,20.440243,24.20299,21.770058,17.612043,19.59256,15.6786585,15.782676,15.437586,12.263392,12.696699,13.323712,14.057757,16.8527,19.162079,22.955717,25.58551,28.620277,31.842365,32.476357,31.120531,36.5654,34.242146,29.184782,27.621458,23.581268,24.943275,20.488926,21.807583,18.437643,18.781675,18.179745,18.138767,20.877077,20.464132,24.169685,20.811325,25.419128,24.635977,29.124401
14,37.03376,34.447365,30.247768,28.32021,26.335577,22.48413,21.495127,17.787758,14.53267,14.095287,9.875759,10.77007,6.994211,7.302581,0.0,6.122326,7.0243096,10.735246,13.129917,16.273972,20.1632,22.04331,25.923346,24.515705,23.586094,23.030973,18.769726,18.133753,16.463657,18.291945,17.24134,21.748936,22.975496,20.394627,16.52424,12.980618,12.911001,16.231468,12.829982,9.159521,12.479726,14.847154,10.630136,9.111674,14.28519,15.4303255,10.977481,12.777477,17.471075,20.221178,20.291868,18.789824,23.915415,25.000402,23.080654,23.115261,19.646658,22.397535,26.970457,25.228554,22.839157,28.629496,30.16315,32.72067,28.423622,26.004229,30.225754,28.758821,24.008455,27.393906,28.71639,25.968622,22.530994,25.906519,21.71536,25.479727,23.240805,18.46198,20.444216,15.282973,15.651333,14.693359,11.391348,9.846917,11.419043,9.287086,14.296958,15.287766,19.279377,22.106964,24.666628,28.866995,28.162508,26.333946,31.883497,28.917696,23.670052,22.111969,18.176193,19.67449,14.97713,17.477804,13.789655,15.640829,15.23052,15.864748,19.42646,18.571236,23.7987,19.840979,24.734764,24.458632,28.480919
15,36.112896,33.014427,29.35522,26.549288,24.439465,21.453146,19.175047,17.13122,12.801051,14.007171,10.17316,12.039776,9.400927,7.153429,6.122326,0.0,4.483849,6.2924843,10.8616295,12.774125,16.541958,19.088057,22.805405,20.16982,19.123695,18.057518,13.4454775,12.802889,10.513102,12.890893,11.765797,16.79834,18.437685,16.983402,13.625691,9.61257,11.367544,13.62736,9.002554,6.270384,11.436341,11.41698,6.8618937,8.713942,13.228208,12.581191,9.760725,13.55411,17.205551,19.42679,17.82958,17.202276,21.136143,21.555729,18.87672,18.307867,14.422468,16.739174,21.56543,20.071846,16.992952,22.698137,24.096334,26.801847,22.718616,20.177162,24.307863,23.077215,18.122036,21.360092,23.024765,20.627684,16.883604,20.763296,16.543615,20.85673,19.140644,14.529312,17.900373,13.089898,14.83439,15.524333,11.088194,9.300784,8.454028,8.280934,10.398067,12.038764,15.92821,18.469063,21.544916,24.836054,25.39781,24.030077,29.44072,27.330982,22.386967,20.766459,16.74189,18.19343,14.058988,15.492215,13.88087,13.657038,14.778004,15.973196,18.29154,16.764076,20.809376,16.192862,20.750343,19.65249,23.809786
16,40.306087,37.232113,33.628185,30.733913,28.77936,25.634369,23.57428,21.455887,17.203201,18.27637,14.259523,15.762288,12.488126,10.58924,7.0243096,4.483849,0.0,4.6569996,6.674342,9.8232565,13.341816,15.596571,19.228292,17.621918,16.995443,16.298178,12.529966,11.48726,10.868583,12.547296,14.237853,18.102367,20.753124,19.1848,16.630281,13.285383,14.417143,15.617523,10.861331,8.744382,12.479703,11.168838,6.3828464,7.8575153,12.119221,9.973274,5.83704,10.85141,14.074596,16.957012,15.470434,13.354183,18.02537,19.063477,16.454205,16.21158,13.217373,15.983233,20.367056,19.287317,17.436277,22.96634,25.018429,27.613108,23.851288,21.920853,26.336021,25.702438,20.51931,23.133507,25.686003,23.83432,19.546629,23.532207,18.945883,23.468075,22.212877,17.583023,21.271297,16.153917,18.180098,18.682793,14.331269,11.544005,10.633876,8.197653,10.725984,10.039914,14.3732195,16.464243,19.604614,23.047674,23.233652,21.309204,26.55079,23.844896,18.835909,17.683014,13.598747,15.985264,12.133783,14.795226,14.359811,14.678996,16.576939,18.306845,20.775492,18.804016,23.266863,18.080542,22.432096,21.128807,24.81957
17,39.70361,36.40258,33.320435,29.802294,28.130838,25.320307,23.071316,21.937035,17.423372,19.610807,16.030367,18.261696,15.601715,13.386465,10.735246,6.2924843,4.6569996,0.0,6.603819,6.5711317,10.580361,13.058196,17.064442,14.203404,13.010184,12.371972,8.177823,8.295211,8.041295,11.004139,13.335836,17.685612,20.669031,20.29827,18.097837,14.463639,16.774559,17.578144,12.375098,11.172221,15.636888,12.760995,8.374517,11.769186,15.263642,11.281847,8.633995,14.676948,16.913532,19.57653,16.834677,14.530728,18.259476,18.93885,15.161179,13.692481,11.117083,12.663588,17.529379,17.678988,15.087163,20.105562,21.983988,25.02831,21.924452,19.809261,23.68417,23.341259,17.91917,19.649157,22.65942,21.353725,16.42441,20.177061,15.382917,20.001654,19.311687,14.9656515,19.381824,14.61494,17.543,18.986015,14.370831,11.251415,8.822211,7.4500623,6.970952,6.3221717,10.381554,12.419181,15.7512865,18.816463,19.599281,18.169748,23.390324,21.568762,16.909565,15.426738,11.523776,13.376073,10.282096,11.831592,13.3363085,12.247134,15.391828,17.620255,19.15265,16.62301,20.371153,14.73203,18.63436,16.966187,20.4419
18,46.066833,42.852398,39.581154,36.270123,34.511875,31.53917,29.348951,27.769793,23.366482,24.844397,20.895456,22.396923,19.045647,17.0352,13.129917,10.8616295,6.674342,6.603819,0.0,5.800626,7.7606525,9.609831,12.8518505,12.679191,12.871547,12.728134,11.032276,9.640283,11.769694,12.460734,17.59289,19.954903,23.84187,22.842463,21.502934,18.79366,19.979685,19.745522,15.026069,14.197177,16.700388,13.064228,9.632029,11.566426,13.893769,8.482879,5.078965,11.444268,12.381826,15.732517,13.491656,8.783994,13.706507,15.488127,12.497846,12.316971,11.461587,14.123563,17.47205,17.606445,17.437551,22.081009,24.894518,27.340307,24.451202,23.38865,27.800707,28.097,22.805767,24.249575,28.01307,27.109535,22.230427,26.245441,21.483734,26.167664,25.773485,21.501514,25.828905,20.845545,23.498726,24.341839,19.972645,16.537666,14.916685,11.652894,12.470808,8.546134,12.501413,13.187398,16.452417,19.355549,19.620846,17.08179,21.660048,18.506699,13.853302,13.728247,10.038204,13.869752,11.71644,15.120021,17.318695,17.357721,20.524805,22.887508,24.887112,22.282877,26.446863,20.673035,24.23543,22.38772,25.206255
19,44.967842,41.60104,38.90749,35.022297,33.68324,30.9464,28.854654,28.101711,23.62403,26.08364,22.527206,24.771908,21.916216,19.798658,16.273972,12.774125,9.8232565,6.5711317,5.800626,0.0,4.7614584,6.6104875,11.113949,8.833663,7.816414,8.451238,6.9883566,7.892469,10.747938,12.864098,17.970314,21.046799,24.966581,25.132418,23.796743,20.600916,22.85151,22.760214,17.644705,17.12622,20.740316,16.437868,13.003084,16.280077,18.708492,12.625261,10.63026,17.131878,17.796694,20.752773,17.441586,13.162108,16.481821,17.680859,13.20466,11.000646,11.19677,11.745661,15.604522,17.651276,16.453949,20.169842,22.627317,25.67887,23.711546,22.35035,25.87705,26.428152,21.032654,21.239145,25.382946,25.100393,19.648352,22.978111,18.156067,22.55151,22.790863,19.025457,23.717028,19.248772,22.585945,24.221294,19.819942,16.183426,13.577151,11.247771,9.324804,4.3293433,7.2455482,7.4912343,11.040379,13.735311,14.504122,12.603494,17.34064,15.528632,11.378823,10.566478,7.3296795,10.248424,9.549905,11.513006,15.927549,14.700273,18.948341,21.73965,22.7723,19.688328,23.075954,17.123228,19.920412,17.896389,20.120745
20,49.085045,45.59099,43.03336,39.01083,37.561565,35.172672,32.632744,32.250908,27.650658,30.088978,26.553213,28.556982,25.667934,23.239305,20.1632,16.541958,13.341816,10.580361,7.7606525,4.7614584,0.0,3.6399302,6.6263413,5.13497,6.025768,6.6466346,8.307128,8.027601,12.24747,12.959939,19.759045,21.427256,25.967903,26.413403,25.958328,23.400574,25.492292,24.432856,19.626625,19.854374,22.646269,17.302172,14.992432,18.363495,19.607986,12.566339,12.272538,18.230427,17.52487,20.080841,16.209732,11.742289,13.659144,14.902941,10.2774515,8.052276,10.347958,10.747618,13.032562,15.830179,16.160336,18.960228,21.98383,24.593044,23.231226,22.700108,26.27677,27.49912,22.388042,22.07157,26.879179,27.18722,21.892633,25.481133,21.00273,25.487108,26.22561,22.861866,27.865625,23.684187,27.145927,28.89601,24.424793,20.885195,18.12196,15.986242,13.664678,8.792705,10.291819,8.614596,12.106802,12.996217,14.887704,12.781357,16.203289,14.456436,11.435217,11.91914,9.852506,13.250553,13.714567,15.601611,20.59751,19.202894,23.63057,26.449398,27.273163,24.092058,26.918089,20.945986,23.09249,20.490929,22.14678
21,51.27182,47.870598,45.35561,41.324062,40.092632,37.434284,35.321255,34.708534,30.225027,32.64961,29.019045,31.09118,28.03117,25.913382,22.04331,19.088057,15.596571,13.058196,9.609831,6.6104875,3.6399302,0.0,5.284494,6.390444,7.104255,9.030121,11.202616,11.606619,15.734838,16.594507,23.282467,25.05722,29.595133,29.930914,29.32439,26.608105,28.595757,27.762619,22.93403,22.858286,25.611975,20.563944,18.058672,20.92697,22.3254,15.401085,14.358656,20.124903,19.284496,22.187902,18.787832,13.229539,15.564706,17.30472,13.093437,11.100493,13.943371,14.050941,15.87282,19.127968,19.68763,22.10599,25.093271,27.747276,26.6957,26.194506,29.547995,30.819069,25.695683,25.015728,29.862024,30.271955,24.80408,27.957016,23.396278,27.5533,28.359503,25.013945,29.7644,25.492914,28.901117,30.498209,26.234432,22.445637,19.968256,17.223587,15.313689,9.843188,10.489796,8.279637,10.835937,12.092117,12.830665,10.15939,13.1673975,10.916247,8.310962,9.494369,8.490983,12.042625,13.517699,15.709134,21.15876,20.163963,24.646568,27.61128,28.474379,25.222486,28.309925,22.44729,24.386396,22.153801,23.279945
22,55.63228,52.10901,49.63534,45.54597,44.118366,41.791412,39.185184,38.84952,34.237785,36.55587,32.931488,34.722076,31.650229,29.23551,25.923346,22.805405,19.228292,17.064442,12.8518505,11.113949,6.6263413,5.284494,0.0,6.713348,9.385932,10.513023,14.216724,13.518746,18.064949,17.65676,25.371908,25.777117,30.73652,31.215427,31.43339,29.37128,31.126225,29.416536,25.028282,25.584423,27.507101,21.769928,20.347836,23.16725,23.428808,16.214159,16.729713,21.600178,19.496962,21.762297,18.081837,12.97901,13.355917,15.079339,11.556223,10.374755,14.598155,14.839523,14.734946,18.187168,20.332373,21.868994,25.3209,27.319254,26.765362,27.111141,30.554928,32.377163,27.63855,26.750145,32.004734,32.823254,27.67182,31.172768,26.958294,31.265242,32.369083,29.266384,34.296516,30.189054,33.65969,35.319626,30.920034,27.263304,24.647877,22.121254,20.038572,14.841536,15.402544,12.634236,14.974753,14.395193,16.269463,13.79483,14.91168,12.864521,11.949497,14.036965,13.594139,17.17501,18.768312,20.919863,26.368853,25.241837,29.756382,32.673424,33.471825,30.203697,32.884956,26.996075,28.600475,25.878052,26.747269
23,50.527855,46.853966,44.770874,40.3762,39.040123,37.204426,34.296165,34.751377,30.10737,33.017414,29.83245,32.02009,29.499502,26.779543,24.515705,20.16982,17.621918,14.203404,12.679191,8.833663,5.13497,6.390444,6.713348,0.0,3.5153377,4.003978,8.661739,9.019802,13.38734,13.940717,20.942852,22.05009,26.724632,28.091677,28.20393,25.885946,28.437721,26.899832,22.26426,23.11018,25.989088,19.984367,18.381868,22.392448,23.124393,15.898251,16.86565,22.629206,21.431273,23.333967,18.70596,15.466895,15.348308,15.736972,10.614931,7.0057397,10.898495,9.3423815,10.343519,14.963171,15.415198,16.580217,19.553045,22.146862,21.918913,21.778833,24.621515,26.449306,21.765917,20.31655,25.634794,26.755234,21.57566,24.864965,20.942516,25.1616,26.617674,24.035702,29.337835,25.881369,29.680029,31.958208,27.473013,24.161331,20.857647,19.721283,15.936939,11.942829,11.85232,8.960334,12.144784,10.470338,14.495466,13.38302,15.486827,15.463744,14.003538,14.533659,13.48014,15.887117,17.281364,17.957588,23.841211,21.56163,26.388554,29.26554,29.35164,26.011898,27.692278,21.905352,23.012957,19.830946,20.719437
24,47.876225,44.236973,42.314533,37.81076,36.70865,34.797657,32.19532,32.74683,28.211206,31.407974,28.375408,30.871138,28.521418,25.966673,23.586094,19.123695,16.995443,13.010184,12.871547,7.816414,6.025768,7.104255,9.385932,3.5153377,0.0,3.3637004,6.8958178,8.992463,12.741516,14.48824,20.4061,22.546644,26.824083,28.358953,27.95753,25.170305,28.071503,27.125538,22.235586,22.7445,26.304234,20.746801,18.51736,22.702288,24.130201,17.225597,17.391703,23.596104,23.119751,25.281176,20.783224,17.480637,18.162907,18.508598,13.190529,9.210325,11.863464,9.591316,11.998546,16.639645,15.695702,17.054731,19.43772,22.587578,22.334698,21.545866,23.953821,25.469425,20.619751,18.885443,23.972664,25.036121,19.578936,22.350986,18.303883,22.257708,23.768425,21.308556,26.498667,23.228157,27.12682,29.585836,25.232204,21.934929,18.49991,17.731089,13.31626,9.7802,8.860106,5.9331584,9.281016,7.970131,12.113644,11.600202,14.431791,15.081322,13.357831,13.059855,12.030034,13.554126,15.137298,15.063455,21.300354,18.667439,23.64494,26.57691,26.365734,22.963789,24.465519,18.760399,19.68119,16.677896,17.450703
25,46.962997,43.220478,41.265694,36.782528,35.42149,33.863735,30.737862,31.58647,26.950499,30.111792,27.210922,29.554337,27.395758,24.53015,23.030973,18.057518,16.298178,12.371972,12.728134,8.451238,6.6466346,9.030121,10.513023,4.003978,3.3637004,0.0,5.277263,6.460998,10.238972,11.583756,17.72805,19.425926,23.780901,25.546925,25.504023,23.052776,26.008131,24.655645,19.962147,20.931349,24.31267,18.42638,16.719454,21.267187,22.296993,15.500976,16.615871,22.57826,22.003618,23.69436,18.826632,16.719023,16.645811,16.421143,10.96092,6.626407,8.9406395,6.255935,8.937738,13.449082,12.40113,13.819744,16.377956,19.406292,19.008045,18.377691,21.015343,22.664188,17.913551,16.437666,21.67347,22.776394,17.596703,20.952044,17.145525,21.467222,22.974157,20.59998,26.048079,22.946259,26.84378,29.412054,24.898912,21.916563,18.284245,18.10418,13.50765,10.794608,10.761985,8.64615,12.275252,10.732582,15.347639,14.893568,17.753937,18.207968,16.1682,15.873565,14.223722,15.972197,16.745281,16.636965,22.24255,19.372017,24.169561,26.908937,26.688263,23.413734,24.57967,18.863382,19.915209,16.436111,17.739277
26,42.007763,38.320686,36.167973,31.815315,30.390535,28.670452,25.64271,26.322613,21.699648,24.930784,22.126232,24.641209,22.697863,19.911303,18.769726,13.4454775,12.529966,8.177823,11.032276,6.9883566,8.307128,11.202616,14.216724,8.661739,6.8958178,5.277263,0.0,4.4769983,6.3577814,9.605041,13.865467,17.14866,20.848633,22.372501,21.530088,18.541407,21.77456,21.209131,16.246092,16.768902,20.9191,15.898515,13.371167,18.106737,20.01343,14.19905,14.44033,20.5832,21.161854,23.02935,18.583197,16.979378,18.133007,17.890724,12.716896,9.120954,8.248229,6.4299603,11.4742,14.095875,11.075561,14.222106,16.09055,19.5562,18.043013,16.35224,19.2357,20.009104,14.752547,14.327773,18.787638,19.076,13.645093,17.243876,12.9410515,17.63171,18.553658,15.710895,21.155626,17.89573,21.734184,24.330381,19.783066,17.033562,13.274762,13.822023,8.9532995,7.9184484,8.94277,8.879216,12.717064,13.123284,16.54742,16.179647,20.311771,20.33759,17.171953,15.988136,13.378118,14.606849,14.059601,13.581985,18.160484,15.096816,19.596195,22.14559,22.042381,18.93777,20.389446,14.565854,16.471628,13.250254,15.75216
27,43.845207,40.146725,37.66433,33.613693,31.744602,30.168493,26.615139,27.07567,22.32954,24.979853,21.983631,23.935305,21.813663,18.6701,18.133753,12.802889,11.48726,8.295211,9.640283,7.892469,8.027601,11.606619,13.518746,9.019802,8.992463,6.460998,4.4769983,0.0,4.5912795,5.702069,12.067345,13.963394,18.269356,19.406462,19.233822,16.985807,19.687107,18.229643,13.524545,14.695035,17.932816,12.148841,10.514898,15.369068,16.385262,10.318149,12.001132,17.55742,17.607222,19.006922,14.292073,13.726391,14.223322,13.710443,8.829105,6.1521544,3.9457107,4.651266,9.237236,10.372303,8.60788,12.676476,15.347616,18.057129,15.864605,14.878636,18.824944,19.800755,14.727236,15.367247,19.869286,19.93824,15.2015295,19.733019,15.764633,20.782684,21.405357,18.340994,23.763288,20.248312,23.751616,25.98189,21.280186,18.702442,15.315242,15.397182,11.953766,10.373854,12.565187,12.277279,16.288046,16.48351,19.936602,18.941227,22.816084,22.036741,18.69297,18.155712,15.189649,17.474123,16.382603,16.97376,20.657574,18.227152,22.235056,24.553164,24.994923,22.139435,23.915344,18.16226,20.468853,17.156069,19.925873
28,39.848183,36.122417,33.58115,29.63308,27.555145,26.269686,22.339079,23.083555,18.349249,21.085276,18.465294,20.452553,18.880213,15.534539,16.463657,10.513102,10.868583,8.041295,11.769694,10.747938,12.24747,15.734838,18.064949,13.38734,12.741516,10.238972,6.3577814,4.5912795,0.0,4.792958,7.748161,11.191995,14.688066,16.022655,15.394109,12.940465,16.148678,15.1037245,10.40357,11.726677,15.626428,10.702118,8.985442,14.18699,15.645206,11.376068,12.884998,17.869028,18.856354,19.9131,15.568036,16.39256,17.12759,16.187263,12.097892,10.125738,5.8835692,6.6468344,11.69008,11.239973,7.175589,12.403437,14.178099,17.05214,13.954846,11.9939785,16.11756,16.358156,11.114353,13.037085,16.64937,16.052547,11.698876,16.704632,12.995983,18.156752,18.341496,15.294114,20.641476,17.483826,20.792185,23.158813,18.504747,16.647192,13.221641,14.623255,11.238322,11.851564,14.287951,14.992339,18.82875,19.437412,22.74699,22.093412,26.41199,25.773905,22.06058,20.993298,17.67559,19.337986,17.388565,17.408657,19.83214,17.131842,20.512518,22.406752,22.757729,20.2769,21.694029,16.356388,19.009039,15.802482,19.348799
29,43.420593,39.691883,36.993565,33.302555,30.90207,29.87388,25.52074,26.173157,21.504068,23.59063,20.894814,22.183327,20.458963,16.856455,18.291945,12.890893,12.547296,11.004139,12.460734,12.864098,12.959939,16.594507,17.65676,13.940717,14.48824,11.583756,9.605041,5.702069,4.792958,0.0,8.391965,8.473763,13.131271,14.180298,14.936299,13.872177,16.18122,13.581422,9.706386,12.15726,14.329044,8.029914,8.515556,13.445508,13.259925,8.848262,12.520778,16.381636,16.366188,16.578999,11.730561,14.255266,13.614859,12.077782,8.865068,8.4388895,3.2610333,6.73036,9.7960005,7.233998,5.604466,11.144491,13.866044,15.61545,12.079869,11.525741,16.56657,17.380844,12.920216,15.204325,19.0229,18.641722,15.241073,20.587656,17.399467,22.522055,22.774324,19.85962,25.090355,21.888659,24.923525,26.96285,22.320406,20.527323,17.487167,18.19218,15.645067,15.170344,17.872335,17.939383,21.93932,21.982079,25.631884,24.571148,28.409904,27.335995,23.810385,23.400105,20.11544,22.578007,20.73113,21.492975,23.85705,21.614214,24.842077,26.647661,27.318222,24.929142,26.440374,21.14884,23.703457,20.289173,23.587664
30,36.08051,32.36111,29.611958,26.222391,23.443624,23.114706,18.05919,19.386646,15.06578,17.180176,15.620344,16.8774,16.598194,12.941011,17.24134,11.765797,14.237853,13.335836,17.59289,17.970314,19.759045,23.282467,25.371908,20.942852,20.4061,17.72805,13.865467,12.067345,7.748161,8.391965,0.0,6.8830743,7.858164,9.543185,8.856123,7.543628,11.117349,9.907932,7.0759478,9.497488,12.807171,10.131264,10.200614,14.399606,15.359417,14.606668,16.676289,19.57649,21.281557,21.262402,17.733936,21.01075,21.315435,19.692928,17.219454,16.489637,11.427904,12.79601,16.61766,13.647916,8.843339,14.166244,14.655743,16.619202,11.905176,9.065001,13.658964,12.529694,8.546419,13.368083,14.625551,12.642886,11.032967,16.459282,14.35759,18.940002,18.310602,15.838233,20.27744,18.134964,20.472677,22.64324,18.516026,18.289097,15.648354,18.363125,16.178717,18.461514,21.109186,22.385633,26.039675,26.740477,30.048958,29.5473,34.062454,33.336063,29.333668,28.074997,24.473463,25.858912,23.055838,22.837442,23.252182,20.73464,22.6544,23.579885,23.992273,22.449986,23.18534,19.16387,21.99184,19.159697,23.315748
31,41.908787,38.181763,35.499077,32.340008,29.337673,29.489374,24.088318,25.50476,21.444517,22.846039,21.261711,21.675972,21.17889,17.403961,21.748936,16.79834,18.102367,17.685612,19.954903,21.046799,21.427256,25.05722,25.777117,22.05009,22.546644,19.425926,17.14866,13.963394,11.191995,8.473763,6.8830743,0.0,5.27379,7.602568,10.609767,12.118098,13.866113,9.777813,9.294517,13.050581,13.551212,9.460269,12.417903,16.054014,14.663563,14.245551,18.429443,20.037985,20.345976,18.995562,15.105953,20.479727,18.864456,16.367687,15.39514,15.9647665,11.335786,13.529497,15.102746,10.045065,8.045721,12.416752,13.737424,13.859856,8.483425,8.326561,13.876849,14.039664,11.795656,16.003963,17.93594,16.945906,16.2819,21.803558,20.214405,24.796898,24.675995,22.543604,27.107157,24.958998,27.277727,29.227665,25.077795,24.592674,21.994097,23.8749,21.771658,22.749916,25.469667,25.919369,29.834663,29.630339,33.64112,32.84789,36.733566,35.805325,32.176064,31.601404,28.128773,30.292637,27.87318,28.243864,29.29298,26.96166,29.20218,30.258076,30.808388,29.11694,29.755592,25.512865,27.947975,24.578213,28.264269
32,38.754143,35.11544,32.45099,29.711674,26.440424,27.253532,21.47916,23.319569,19.888466,20.911093,20.242374,20.303522,20.771805,17.254467,22.975496,18.437685,20.753124,20.669031,23.84187,24.966581,25.967903,29.595133,30.73652,26.724632,26.824083,23.780901,20.848633,18.269356,14.688066,13.131271,7.858164,5.27379,0.0,5.32268,8.461284,11.075765,12.673699,9.294052,10.654031,13.9855995,14.39421,12.750626,15.3121805,18.234642,17.294329,18.48081,21.936747,22.988743,24.041925,22.5847,19.506193,24.989588,23.854603,21.445042,20.62428,20.996702,16.192799,17.932642,19.910881,15.152496,12.201053,15.951215,16.048363,16.028727,10.617823,9.443934,13.893909,12.833758,12.0290165,17.134323,17.34265,15.54437,16.546394,21.63901,20.916956,24.89988,24.340517,22.666891,26.492508,25.075672,26.827106,28.68906,25.052666,25.431211,23.211174,25.838238,24.035192,26.021841,28.723476,29.64211,33.41822,33.485092,37.3504,36.77433,40.953423,40.14128,36.286854,35.375313,31.762629,33.509007,30.68848,30.686655,30.793854,28.450182,29.951014,30.484894,30.923193,29.759958,29.94831,26.544487,28.992935,25.989502,29.941593
33,39.48998,36.13763,32.823387,30.707777,27.267214,27.36746,22.096762,22.601625,19.35602,19.264196,18.224623,17.4578,17.68255,14.378113,20.394627,16.983402,19.1848,20.29827,22.842463,25.132418,26.413403,29.930914,31.215427,28.091677,28.358953,25.546925,22.372501,19.406462,16.022655,14.180298,9.543185,7.602568,5.32268,0.0,5.135801,9.251187,8.946258,4.7166877,8.325362,11.340709,10.118973,10.554979,13.4591675,14.955517,13.73889,16.892319,19.92085,19.66085,21.162663,19.579082,17.723679,23.390503,23.059969,21.156647,21.146122,22.303125,17.339048,20.197975,22.394308,17.131453,15.244584,19.890713,20.656607,20.714188,15.204924,14.25721,19.0367,17.791098,16.225496,21.470701,21.789526,19.431257,19.831087,24.953608,23.532253,27.700968,26.572857,24.127972,27.54725,25.405106,26.633568,27.759846,24.274118,24.682793,23.184818,25.062963,24.61505,26.271723,29.57895,30.78643,34.598972,35.42216,38.553825,37.50845,41.966927,40.406593,36.1707,35.37471,31.525555,33.627804,30.308918,31.041885,30.271114,28.766932,29.743586,30.09239,31.305086,30.356245,31.588285,28.03098,31.196484,28.608192,32.819324
34,35.500244,32.29502,28.638014,26.739351,23.329866,22.86034,18.038315,17.790363,14.643984,14.1972685,13.178162,12.390502,12.950231,9.832023,16.52424,13.625691,16.630281,18.097837,21.502934,23.796743,25.958328,29.32439,31.43339,28.20393,27.95753,25.504023,21.530088,19.233822,15.394109,14.936299,8.856123,10.609767,8.461284,5.135801,0.0,4.759796,4.397119,4.1445065,6.6018167,8.084083,8.416841,10.947062,12.021103,13.064005,13.633162,17.094725,18.571201,18.657005,21.311945,20.667927,19.286835,23.620289,24.66377,23.364359,22.640175,23.299612,18.134348,20.857977,24.131945,19.688898,16.741676,21.998686,22.534044,23.491701,18.101707,16.054586,20.469896,18.522768,16.216055,21.626207,21.45569,18.375963,18.406595,23.124826,21.382837,25.323017,23.60882,20.794695,23.622272,21.32699,22.098791,22.925003,19.703176,20.513165,19.547667,21.613434,21.888561,24.200226,27.61986,29.411331,32.9988,34.598404,37.02196,36.01208,40.903885,39.236397,34.67401,33.493874,29.527025,31.22692,27.483784,28.125162,26.412388,25.247826,25.587334,25.638575,27.119648,26.500769,28.174917,24.949451,28.552929,26.579004,31.045975
35,33.029003,29.777948,26.084526,23.804176,20.695396,19.497889,15.153621,14.491106,10.690672,10.996532,9.356193,9.674207,9.933614,6.557716,12.980618,9.61257,13.285383,14.463639,18.79366,20.600916,23.400574,26.608105,29.37128,25.885946,25.170305,23.052776,18.541407,16.985807,12.940465,13.872177,7.543628,12.118098,11.075765,9.251187,4.759796,0.0,4.472476,7.2099895,5.7980256,5.540441,9.043759,11.056777,10.124662,11.775958,14.017454,16.237919,16.484884,17.828716,21.0452,21.363373,19.704102,22.57372,24.510706,23.634962,21.970716,21.942987,16.853487,19.168203,23.29461,19.902807,16.103024,21.663015,22.141241,23.95224,18.934296,16.169838,20.288364,18.187109,14.862766,19.923447,19.885506,16.626663,15.639916,20.073872,17.764185,21.702887,19.75296,16.494474,19.32408,16.657393,17.55779,18.534334,15.0637245,15.810422,14.863025,17.197596,17.58066,20.383162,23.721287,25.875008,29.253448,31.323332,33.29072,32.40317,37.52788,35.98198,31.316761,29.814505,25.862768,27.15793,23.29906,23.699354,21.752958,20.567066,20.833498,20.953728,22.461979,21.797277,23.813046,20.523376,24.397348,22.784676,27.339344
