,0,1,2,3,4,5,6,7,8,9,10,11,12,13,14,15,16,17,18,19,20,21,22,23,24,25,26,27,28,29,30,31,32,33,34,35,36,37,38,39,40,41,42,43,44,45,46,47,48,49,50,51,52,53,54,55,56,57,58,59,60,61,62,63,64,65,66,67,68,69,70,71,72,73,74,75,76,77,78,79,80,81,82,83,84,85,86,87,88,89,90,91,92,93,94,95,96,97,98,99,100,101,102,103,104,105,106,107,108,109,110,111,112,113
0,0.0,4.5842867,6.558598,9.609534,12.518016,14.78526,17.965588,19.399717,23.729088,25.70582,29.797474,32.70769,29.850677,28.572594,23.380566,23.896986,18.682577,21.469715,17.33588,19.665157,15.432646,15.48699,16.835966,16.29481,15.78817,18.984474,20.995203,21.971283,21.321732,26.045357,26.531647,30.864176,31.36159,36.02203,37.236443,38.97478,40.127182,41.787067,36.41585,36.28851,32.118774,32.872173,27.421827,29.347918,24.222446,28.3862,24.632246,25.6701,26.121323,28.708052,28.892933,31.262041,34.932957,33.92302,38.061325,36.3223,35.732357,36.872894,40.85276,37.759552,43.751694,37.923195,41.92271,41.92726,45.38445,44.16728,46.708702,46.259323,43.16994,41.99155,39.764038,42.7393,41.972607,37.592594,40.33434,36.65159,41.085426,35.35332,40.338943,37.667862,37.837555,32.63493,30.985207,29.865456,27.56825,29.562344,24.951681,29.557175,26.330276,28.826576,29.703804,30.469664,26.809044,33.90845,32.869408,28.563946,29.835144,35.096443,31.680588,28.005747,31.154013,27.623175,32.43474,29.470911,33.999214,36.401123,38.477238,40.80123,38.296974,42.61664,36.739548,40.060425,37.397587,40.407562
1,4.5842867,0.0,4.8117414,5.950342,8.609712,11.836279,14.350553,16.897873,20.599058,23.035318,26.999563,30.338753,27.945526,26.735088,21.601152,21.486307,16.605875,18.390572,15.232805,16.254541,12.42083,11.714454,13.780545,12.841796,11.906731,15.084033,16.601933,17.413795,16.89851,21.502966,22.340303,26.533833,27.575964,32.05364,33.532963,35.332302,36.713196,38.691967,33.33298,33.028717,28.719114,29.240345,23.660627,25.288416,20.195229,24.03969,20.431318,21.228327,21.782997,24.185581,24.312134,26.683222,30.366276,29.44176,33.494606,31.747997,31.213404,32.388275,36.39539,33.38848,39.44996,33.743168,37.95852,38.158398,41.749054,40.78699,43.535503,43.308468,40.209114,38.98588,36.478634,39.469254,38.455917,33.90077,36.43802,32.650013,36.89524,31.154148,35.963177,33.24273,33.661926,28.298777,26.984064,25.691694,23.552217,25.618351,21.12317,25.992514,22.929483,25.806389,26.859735,27.999002,25.12826,32.027084,30.252771,25.98577,27.648655,32.635746,28.648777,25.310987,28.40315,24.511763,29.147299,26.061197,30.288263,32.502365,34.43089,36.80656,34.439713,38.820152,33.104355,36.64165,34.119198,37.42816
2,6.558598,4.8117414,0.0,5.162731,6.9537416,8.537979,11.838111,13.03963,17.45362,19.270668,23.59711,26.403753,23.977184,23.061172,17.668356,18.409166,13.71407,16.383509,13.59643,15.685089,12.942625,12.9381,15.90792,15.874234,15.163181,18.108952,18.653143,18.461042,17.219814,21.801249,21.096134,25.942606,25.554716,30.732609,31.590115,33.698975,34.56652,36.306835,30.878584,31.064522,26.568579,28.027006,22.43444,24.939543,20.016314,24.585314,22.237528,22.903538,24.01682,25.601288,25.003353,27.141605,30.61254,28.881788,33.532154,32.16056,31.282927,32.937237,36.809605,33.76204,39.483093,33.439346,37.521523,37.314644,41.03629,39.285633,42.343876,41.707325,38.467003,37.593292,35.41402,38.764256,38.032375,33.60492,36.46454,33.008633,37.503902,32.30911,36.973927,34.551243,35.72556,30.097446,29.399677,27.381369,25.029465,26.448431,21.91813,25.91206,22.173801,24.520227,24.85285,26.203548,23.376577,30.372206,28.947638,25.167034,27.131802,32.117443,28.23445,25.634512,29.254042,25.793139,30.379114,28.096441,31.6591,34.223625,36.13365,38.081417,35.643272,39.464474,33.52735,36.856724,33.886703,37.180794
3,9.609534,5.950342,5.162731,0.0,3.7658575,6.575065,8.947382,11.818574,14.973166,17.798904,21.332842,25.056496,22.711166,21.403141,16.52421,15.807706,11.261869,12.502121,10.254216,10.861453,8.256495,7.8941097,11.366523,11.659776,11.362376,13.953892,14.332222,14.133307,12.480491,17.440521,17.046328,21.486462,21.828299,26.429121,27.703812,29.512405,30.787828,32.748035,27.386866,27.12343,22.785091,23.531693,17.941694,20.069866,15.043349,19.669666,17.36215,18.422302,20.01672,21.57102,21.09063,22.964966,26.887749,25.29204,29.665033,27.91376,26.86868,28.265491,32.099865,28.918728,34.662804,28.642374,32.69086,32.64225,36.30515,35.008938,37.93711,37.604828,34.44761,33.34857,30.9026,34.097115,33.19275,28.68863,31.45534,27.931257,32.468033,27.264656,32.102505,29.839472,30.97457,25.437817,24.68932,22.431309,19.93898,21.29553,16.75719,20.929798,17.455717,20.204834,21.059614,22.469711,20.236517,26.946138,24.850225,20.89312,23.017443,27.785372,23.549805,20.974503,24.473438,20.836576,25.3229,23.11953,26.512495,29.141516,31.101748,32.954628,30.486105,34.330845,28.433943,31.853308,29.04285,32.464256
4,12.518016,8.609712,6.9537416,3.7658575,0.0,4.7197237,5.812886,9.742257,12.396517,15.242136,19.057533,22.73237,21.143652,20.312674,15.413967,14.741462,11.239637,11.551699,11.386402,10.758072,9.97623,8.904199,13.215951,13.180876,12.25513,14.446837,13.497595,12.328115,10.6828165,15.082441,14.232776,19.039726,19.223282,24.174177,25.37982,27.588312,28.783846,31.016064,25.646822,25.554255,20.84306,22.019459,16.24559,18.484743,13.770812,18.087538,16.786306,17.107918,18.844456,19.635622,18.612598,20.484161,24.052553,22.129929,26.801939,25.426401,24.405813,26.219858,30.0385,27.067442,32.73603,26.772152,31.105246,31.104454,35.031956,33.570442,36.96935,36.643803,33.402584,32.50234,29.938807,33.345177,32.289577,27.661882,30.270071,26.797192,31.078278,26.158033,30.506798,28.22859,30.046434,24.227493,24.29957,21.666769,19.490627,20.637953,16.454052,20.380114,16.818115,19.656876,20.172287,22.201588,20.944962,27.292337,24.681904,21.203545,23.841867,28.186167,23.463324,21.770338,25.307077,21.573866,25.662539,23.635191,26.30634,28.702261,30.374947,32.162205,29.921242,33.573906,27.88919,31.442453,28.623343,32.344864
5,14.78526,11.836279,8.537979,6.575065,4.7197237,0.0,4.222461,5.274754,8.951266,11.286422,15.226248,18.578758,16.596115,15.8391285,10.749838,10.758937,7.593888,9.093638,9.465518,10.500107,11.043927,11.332923,15.5336685,16.613884,16.374758,18.303984,17.113722,15.3389845,12.7289295,16.968052,13.935896,19.233862,17.339462,22.950867,23.330214,25.67519,26.25339,28.051867,22.616892,23.047201,18.325718,20.549122,15.062675,18.472603,14.216099,19.479698,19.49274,20.124014,22.4456,22.603195,21.016714,22.352066,25.8102,23.010216,28.125713,26.981386,25.42645,27.540298,31.043547,27.938652,33.017784,26.679148,30.5412,29.965843,33.86318,31.507065,35.036407,34.22563,30.87603,30.321463,28.24576,31.961113,31.351398,27.055859,30.121023,27.178427,31.839155,27.674137,32.006664,30.259645,32.58584,26.846231,27.197292,23.950602,21.425953,21.700256,17.601553,20.114351,15.827006,17.75465,17.412289,19.507471,18.225384,24.559786,22.505152,19.617495,22.41545,26.726755,22.425177,21.470917,25.489902,22.523489,26.511127,25.53442,27.578672,30.485802,32.25379,33.436768,31.032225,33.938557,28.00274,31.118917,27.793396,31.292988
6,17.965588,14.350553,11.838111,8.947382,5.812886,4.222461,0.0,5.967911,6.7978177,10.00767,13.559602,17.446218,16.56015,16.13795,11.814675,10.7662325,9.44251,8.3363,11.288157,9.854868,11.9563465,11.357466,15.91985,16.649305,16.079288,17.424202,15.1651535,12.600697,9.9334,13.395617,9.949494,15.401485,13.916533,19.522226,20.179173,22.779997,23.603167,25.898926,20.551657,20.815905,15.796929,17.930302,12.30156,15.442356,11.671388,16.33167,17.34569,17.426487,19.98098,19.418821,17.418121,18.556507,21.831705,18.831713,24.029242,23.060736,21.489529,23.850952,27.306654,24.391636,29.427547,23.249346,27.427795,27.077776,31.20013,29.084522,32.9838,32.438793,29.096582,28.567322,26.159533,29.916805,28.99163,24.52446,27.273027,24.314291,28.629774,24.718647,28.589172,26.881674,29.741978,23.906172,24.956339,21.40723,19.243391,19.342945,15.782825,18.162113,14.194411,16.50152,16.232746,18.972057,19.07617,24.664505,21.677776,19.178272,22.423393,26.101494,21.163887,20.99802,24.772045,21.601023,25.061079,24.155386,25.479755,28.068249,29.545673,30.68067,28.538103,31.338985,25.753548,29.070127,25.95289,29.803104
7,19.399717,16.897873,13.03963,11.818574,9.742257,5.274754,5.967911,0.0,5.504231,6.3505287,10.769599,13.446282,11.7195425,11.671592,6.5884724,7.9965596,7.4721413,9.12042,11.372279,12.836642,14.92944,15.644558,19.778936,21.299862,21.206923,22.799105,20.982073,18.50513,15.51504,18.87288,13.884253,19.38662,15.239353,21.539349,20.91233,23.636093,23.425503,24.886213,19.535168,20.722492,15.940157,19.572615,14.761154,19.067404,15.858373,21.23052,22.760183,23.218996,25.920343,25.227116,22.983402,23.79767,26.778067,23.093481,28.593021,27.937262,25.981554,28.539316,31.631548,28.642197,32.966206,26.521368,29.97744,28.881004,32.821346,29.486725,33.40681,32.11363,28.66626,28.642195,27.057396,31.113064,30.85683,26.950754,30.233067,27.917011,32.602184,29.394684,33.290676,32.036556,35.101604,29.426517,30.4054,26.613941,24.103064,23.567165,19.998323,21.008017,16.37678,17.249432,15.706642,18.205696,17.721874,23.375813,21.641602,19.866827,22.957027,26.754383,22.750303,23.04411,27.287159,25.01155,28.539621,28.508446,29.611343,32.715378,34.354687,34.964912,32.618256,34.679436,28.83317,31.530703,27.843424,31.206726
8,23.729088,20.599058,17.45362,14.973166,12.396517,8.951266,6.7978177,5.504231,0.0,4.362546,6.768732,10.98562,10.651344,10.77814,8.054786,6.86637,9.384934,7.7204123,12.873598,12.1210375,15.975015,16.32081,20.432526,22.055912,22.06473,22.92591,20.293552,17.19643,13.91061,16.181084,9.808895,15.009396,9.815507,16.286318,15.5038185,18.460613,18.301037,20.187927,14.893754,16.027384,10.950073,15.00909,10.669361,15.162282,13.1875515,18.066517,21.138245,21.425142,24.599857,23.073786,20.408978,20.53371,23.354242,19.199629,24.632946,24.092745,21.76515,24.502138,27.224356,24.352669,28.147501,21.77104,25.126303,23.974207,28.063227,24.676443,28.996744,27.873478,24.426353,24.527008,22.764416,26.930296,26.532866,22.706902,25.834213,23.881788,28.347721,25.936907,29.34618,28.551397,32.228294,26.772606,28.415367,24.141434,21.856539,20.651455,17.929184,17.860405,13.542657,14.226641,12.403522,15.712625,17.18875,21.571306,18.820126,17.880949,21.455347,24.310987,19.861715,21.426163,25.424063,23.392088,26.153137,26.760815,26.75837,29.758001,31.154524,31.33133,29.191795,30.682981,25.208609,27.813147,24.202358,27.785097
9,25.70582,23.035318,19.270668,17.798904,15.242136,11.286422,10.00767,6.3505287,4.362546,0.0,5.629941,7.5852394,8.109128,9.640048,7.21453,8.531829,11.592658,11.449553,15.815725,16.209194,19.72497,20.287855,24.417837,26.041594,25.91895,26.987186,24.3317,21.15049,18.095833,20.03221,13.486627,18.531181,12.202108,18.86466,17.151754,20.427317,19.395512,20.780085,15.820248,17.810879,13.084149,18.108217,14.530719,19.130054,17.513647,22.200586,25.437187,25.500494,28.521265,26.787539,23.88005,24.01147,26.255806,21.729427,27.36668,27.336073,25.033718,28.05307,30.555317,27.911283,31.235334,25.028126,28.082098,26.593288,30.608137,26.43751,30.966925,29.370491,25.912123,26.505625,25.280323,29.58606,29.497463,26.04404,29.219713,27.635244,31.963654,29.97322,33.048393,32.358322,36.313602,30.839497,32.690712,28.402294,26.191683,24.875212,22.258005,21.794106,17.43149,17.418888,14.808362,17.976465,19.301374,23.38789,21.386446,21.057941,24.506632,27.240185,23.299265,25.165236,29.277164,27.54731,30.261505,31.083221,30.936445,33.946865,35.260487,35.274788,33.203033,34.313644,28.965855,31.276781,27.499454,30.83505
10,29.797474,26.999563,23.59711,21.332842,19.057533,15.226248,13.559602,10.769599,6.768732,5.629941,0.0,5.6219673,6.5325933,7.6751366,8.849572,8.055834,13.100588,11.643989,16.905905,16.756325,21.197762,22.086815,25.730162,27.899166,28.297188,28.862206,26.129093,22.88942,19.441284,20.908693,13.657299,17.495275,9.587552,15.51987,12.8677225,15.868403,14.236306,15.242196,10.460925,12.9294405,8.910755,14.684124,12.812368,17.580828,17.27647,21.79741,26.06206,26.545832,30.041878,27.965076,25.01504,24.385538,26.725933,21.972336,27.142979,26.946926,24.104773,26.925003,28.811052,26.11692,28.457941,22.297533,24.444613,22.419788,26.180162,21.376892,25.965248,24.127731,20.702951,21.623539,20.834269,25.203207,25.47226,22.651304,25.990553,25.191572,29.578234,28.65564,31.552488,31.612823,35.785515,30.850832,32.825558,28.171759,25.874939,23.724506,21.848112,19.763182,15.773864,14.653904,11.313661,14.637065,17.446415,19.944689,17.812521,18.703474,22.195522,23.981789,20.494438,23.528137,27.453505,26.558683,28.589401,30.458439,29.386131,32.647278,33.953526,33.249763,31.174036,31.339863,26.239931,27.939514,24.021168,27.046772
11,32.70769,30.338753,26.403753,25.056496,22.73237,18.578758,17.446218,13.446282,10.98562,7.5852394,5.6219673,0.0,5.7304,9.015655,10.700538,12.248681,16.872803,16.716234,21.178005,21.953947,25.985264,26.970896,30.750982,32.83385,33.030914,33.845337,31.06005,27.719578,24.499918,25.780874,18.576565,22.477186,14.400551,20.1054,16.784025,19.933378,17.40659,17.648582,13.961159,17.135418,13.940342,19.912758,18.410185,23.084656,22.792065,27.160147,31.412462,31.61404,34.915123,32.671886,29.500515,28.985481,30.724672,25.708189,31.036528,31.391247,28.68857,31.7869,33.49689,31.097984,33.01644,27.194006,29.087065,26.82858,30.4014,24.902657,29.569147,27.224203,23.9553,25.43316,25.268599,29.615604,30.177011,27.761587,31.022997,30.512825,34.659992,34.041237,36.577187,36.6499,41.078556,36.06188,38.242725,33.621685,31.421326,29.32169,27.421116,25.32983,21.326015,19.899681,16.227541,19.09302,21.3978,23.589193,22.403103,23.699093,26.95802,28.670097,25.734196,28.820156,32.825108,32.09127,34.15549,36.063416,34.9736,38.177002,39.381763,38.606457,36.632133,36.512363,31.613811,33.062107,29.089485,31.812729
12,29.850677,27.945526,23.977184,22.711166,21.143652,16.596115,16.56015,11.7195425,10.651344,8.109128,6.5325933,5.7304,0.0,3.7117698,6.5334487,8.730652,13.0430155,14.201128,17.346508,19.54994,23.046844,24.739954,28.089796,30.700903,31.403801,32.437347,30.419403,27.581875,23.96763,26.366804,19.426922,23.579918,15.920835,21.467125,18.527987,20.871689,18.652786,18.269281,14.068883,16.919262,14.069979,19.542841,17.7766,22.845291,21.808687,27.156008,30.598137,31.544308,34.95968,33.431355,30.704699,30.367989,32.938683,28.281,33.556705,33.23363,30.406685,33.04873,35.00878,32.096695,34.414726,28.10733,29.72186,27.282972,30.544542,25.107601,28.995037,26.444695,23.13215,24.292732,24.40937,28.66997,29.596525,27.246288,31.019535,30.367615,35.185745,34.068413,37.47921,37.520542,41.272987,36.312714,37.689465,33.176903,30.45166,28.391277,25.917273,23.819084,19.397041,17.540852,13.822797,15.853362,16.850677,19.679743,19.581476,20.49692,23.333975,25.670397,23.439709,25.844337,30.109392,29.734413,32.261227,34.313477,33.859657,37.56858,39.20604,38.44343,36.0458,36.12747,30.622816,31.87869,27.603662,29.93366
13,28.572594,26.735088,23.061172,21.403141,20.312674,15.8391285,16.13795,11.671592,10.77814,9.640048,7.6751366,9.015655,3.7117698,0.0,5.645336,6.4770575,10.778836,12.129104,14.67905,17.333925,20.711208,22.794949,25.733957,28.712183,29.811985,30.788237,29.19086,26.678583,22.835203,25.722246,19.07272,23.003893,15.840143,20.895203,18.317951,20.04852,18.210148,17.642628,13.209443,15.576538,13.124906,17.949371,16.289118,21.387938,20.152973,25.887056,28.984135,30.433224,33.9756,32.810566,30.395714,30.017189,33.091366,28.720547,33.771,32.98015,30.043316,32.313156,34.31815,31.126968,33.567883,27.078777,28.444408,25.953585,28.990685,23.80312,27.180065,24.67883,21.376144,22.221205,22.38913,26.52325,27.604845,25.327839,29.338684,28.664238,33.811066,32.53259,36.398514,36.527985,39.863075,35.095676,36.013477,31.555687,28.562157,26.424107,23.804384,21.505371,17.031168,14.856815,11.248607,12.711942,13.197878,16.272348,16.56769,17.302862,19.914738,22.47825,20.624416,22.752613,27.068117,26.990923,29.625015,31.885012,31.639109,35.617798,37.48284,36.64956,34.036972,34.16068,28.400719,29.507166,25.128212,27.236351
14,23.380566,21.601152,17.668356,16.52421,15.413967,10.749838,11.814675,6.5884724,8.054786,7.21453,8.849572,10.700538,6.5334487,5.645336,0.0,5.22815,7.1583714,10.035803,11.755575,14.940702,17.483288,19.322577,22.694311,25.21756,25.93055,27.32911,25.892212,23.53419,19.960413,23.37113,17.38906,22.220078,16.237297,22.121824,20.427877,22.630684,21.552057,21.885208,16.850925,18.660122,14.943762,19.305096,15.946283,20.93884,18.522799,24.463078,26.616005,27.799227,30.963442,30.191206,27.92131,28.149778,31.301529,27.228664,32.572067,31.776693,29.262243,31.638285,34.2252,31.016048,34.447193,27.817177,30.160715,28.271297,31.724281,27.363184,30.894663,28.900549,25.50313,25.876064,25.253635,29.376434,29.905256,26.821356,30.64432,29.13769,34.260025,31.932302,36.025944,35.478714,38.561687,33.331043,34.077446,29.948133,27.00888,25.638113,22.324142,21.611263,16.773386,15.951129,13.302652,15.099183,14.3094425,19.315292,18.985619,18.23083,20.97092,24.505919,21.777561,22.731522,27.202982,26.154812,29.450045,30.642435,31.2724,35.00106,36.88081,36.747803,34.138206,35.252506,29.238325,31.084433,26.910828,29.548067
15,23.896986,21.486307,18.409166,15.807706,14.741462,10.758937,10.7662325,7.9965596,6.86637,8.531829,8.055834,12.248681,8.730652,6.4770575,5.22815,0.0,5.5483646,5.6975236,9.172002,10.936618,14.525726,16.390196,19.468193,22.315207,23.418726,24.320248,22.836212,20.540802,16.62725,20.028238,14.083316,18.26979,12.781426,17.93496,16.746998,18.434542,17.988474,18.661442,13.380465,14.431082,10.808846,14.406731,11.2097,16.220253,14.118659,20.181845,22.685791,24.277939,27.783253,26.9887,24.910948,24.768133,28.35237,24.517035,29.426888,28.173695,25.433792,27.446533,29.912771,26.5114,29.885761,23.17639,25.351849,23.543516,26.944427,23.096092,26.445421,24.841114,21.444199,21.42473,20.431751,24.477533,24.870684,21.706099,25.594984,24.117453,29.396523,27.208454,31.492086,31.211937,34.154297,29.234354,29.87376,25.580507,22.52343,20.800568,17.741796,16.461033,11.659846,10.7616,8.411125,10.515203,10.795718,15.579845,14.221696,13.355923,16.43644,19.737167,16.61827,17.916826,22.304634,21.40771,24.427994,26.000956,26.2782,30.138044,32.08439,31.748568,29.07249,30.089016,24.03293,25.87451,21.735165,24.511566
16,18.682577,16.605875,13.71407,11.261869,11.239637,7.593888,9.44251,7.4721413,9.384934,11.592658,13.100588,16.872803,13.0430155,10.778836,7.1583714,5.5483646,0.0,5.676756,4.657316,8.910601,10.523498,12.876227,15.778606,18.64323,19.8772,21.294918,20.730223,19.19336,15.515565,20.02384,15.661043,20.145044,16.617651,21.560595,21.262323,22.734941,22.916233,23.771545,18.498682,18.948309,15.321316,17.575558,13.341971,17.646223,14.066747,20.473015,21.238607,23.153925,26.261457,26.40054,24.905758,25.385094,29.382174,26.222836,31.042933,29.425734,27.098108,28.779072,31.745596,28.18262,32.414825,25.700897,28.32589,26.989199,30.314457,27.318544,30.15868,28.886387,25.616653,25.08924,23.755028,27.432535,27.589375,24.03695,27.82905,25.653948,31.060356,27.753248,32.633736,31.78809,33.92803,28.84924,28.689875,24.96513,21.698458,20.852446,16.872736,17.311811,12.527532,12.843164,12.049699,13.157571,10.942145,17.461374,16.52332,13.97386,16.442427,20.90662,17.81375,17.18667,21.656387,20.136097,24.026392,24.626205,26.217365,30.059896,32.259224,32.545578,29.688148,31.64995,25.286367,27.524052,23.634565,26.398926
17,21.469715,18.390572,16.383509,12.502121,11.551699,9.093638,8.3363,9.12042,7.7204123,11.449553,11.643989,16.716234,14.201128,12.129104,10.035803,5.6975236,5.676756,0.0,6.5894885,5.3690767,9.7264,11.137744,14.264693,16.98204,18.18477,18.816895,17.444057,15.46672,11.437378,15.402662,10.79987,14.703529,11.919108,16.249056,16.601921,17.948315,18.823805,20.403963,15.110834,14.83364,10.939946,12.336504,7.7050767,12.005144,8.860719,15.230356,17.077236,18.949593,22.484758,22.096722,20.488514,20.497879,24.642767,21.547106,26.027596,24.218657,21.699162,23.284433,26.129845,22.551596,26.748259,20.046669,22.886557,21.833858,25.387728,22.998852,26.116718,25.390396,22.12722,21.347744,19.339394,23.031872,22.731215,18.833261,22.426628,20.174482,25.478447,22.42231,27.117708,26.493658,28.969366,24.012554,24.32515,20.193258,17.063301,15.773861,12.294409,12.28076,7.4804177,8.679127,8.656051,10.804397,11.197647,16.413376,13.5322695,11.09851,14.426049,18.05878,13.742814,14.098951,18.313416,16.506975,19.80628,20.673828,21.41548,25.11791,27.139063,27.266447,24.558273,26.43556,20.253819,22.792013,19.105116,22.434507
18,17.33588,15.232805,13.59643,10.254216,11.386402,9.465518,11.288157,11.372279,12.873598,15.815725,16.905905,21.178005,17.346508,14.67905,11.755575,9.172002,4.657316,6.5894885,0.0,6.667531,6.746636,9.921751,11.838761,15.244771,17.147434,18.46045,18.79472,18.0817,14.505846,19.563692,16.618452,20.364098,18.502218,22.409454,22.888817,23.725874,24.588396,25.568306,20.486023,20.137136,17.048792,17.737762,13.564679,16.936838,12.848422,19.225899,18.851753,21.475704,24.510862,25.360718,24.518114,25.062878,29.5607,27.08851,31.357952,29.174545,26.971401,28.040976,31.118013,27.358267,31.914291,25.333233,27.880877,26.871511,29.90778,27.829655,30.021244,29.195024,26.144571,25.06191,23.419922,26.613756,26.610983,22.976282,26.688084,24.20111,29.737688,25.898586,31.311014,30.380274,31.724066,26.972338,26.011065,22.673841,19.149376,18.653038,14.321141,15.486004,11.241251,12.237632,12.896129,13.159844,10.000214,16.88218,15.768966,12.022278,13.909339,18.924465,15.939536,13.902821,18.243841,16.563753,20.870398,21.154661,23.488152,27.456263,29.921778,30.40751,27.362165,29.798908,23.304888,25.637894,22.042694,24.67249
19,19.665157,16.254541,15.685089,10.861453,10.758072,10.500107,9.854868,12.836642,12.1210375,16.209194,16.756325,21.953947,19.54994,17.333925,14.940702,10.936618,8.910601,5.3690767,6.667531,0.0,5.443302,6.479778,9.11342,11.96022,13.636407,14.003784,13.401462,12.412791,8.589486,13.43607,11.545809,14.418635,14.74236,17.669071,19.282417,20.040821,21.871138,23.820547,18.8632,17.66439,14.324845,13.499372,8.69167,10.854993,6.316498,12.576802,12.667949,15.291158,18.704086,19.221786,18.49264,18.78081,23.52223,21.505764,25.254639,22.77059,20.637861,21.48092,24.670807,20.937922,25.896873,19.51333,22.697216,22.385277,25.738398,24.787384,27.300116,27.289703,24.31672,22.87348,20.233051,23.265732,22.442835,18.137508,21.314127,18.296322,23.556435,19.413706,24.735666,23.714798,25.250536,20.43331,19.889927,16.222528,12.837458,12.397187,8.07133,10.321516,6.68837,9.846768,11.842838,13.145804,12.865156,18.13567,14.7142935,10.821697,13.602497,17.578503,12.79229,11.299058,15.091361,12.23483,16.128742,15.984474,17.77865,21.376444,23.626402,24.326365,21.502243,24.398668,18.16916,21.253557,18.218403,21.705853
20,15.432646,12.42083,12.942625,8.256495,9.97623,11.043927,11.9563465,14.92944,15.975015,19.72497,21.197762,25.985264,23.046844,20.711208,17.483288,14.525726,10.523498,9.7264,6.746636,5.443302,0.0,3.7806182,5.2759566,8.521393,10.77149,11.95831,13.187059,13.61072,10.854688,16.263853,16.026377,18.952185,20.016747,22.969906,24.723515,25.395489,27.246868,29.008783,24.05221,22.900713,19.69835,18.746435,14.080375,15.528483,10.639794,15.858756,13.448154,16.387037,18.97677,20.748669,20.7851,21.741976,26.567484,25.233177,28.775833,26.110106,24.496923,24.984356,28.45251,24.779867,30.178442,24.121046,27.35575,27.280201,30.368538,29.804213,31.835285,31.876266,29.033188,27.399952,24.867529,27.513763,26.704737,22.490437,25.456274,22.102226,27.169762,22.170424,27.830717,26.285389,26.762938,22.059874,20.402054,17.823778,14.475771,15.282817,10.525421,14.341251,11.557784,14.459592,16.581919,17.100481,14.940588,21.019028,18.575418,13.9575205,15.610141,20.35516,16.40075,12.940166,16.328281,13.010878,17.729416,16.28632,19.795822,23.172709,25.636805,26.963186,24.06595,27.716625,21.558167,24.673132,21.99474,25.077797
21,15.48699,11.714454,12.9381,7.8941097,8.904199,11.332923,11.357466,15.644558,16.32081,20.287855,22.086815,26.970896,24.739954,22.794949,19.322577,16.390196,12.876227,11.137744,9.921751,6.479778,3.7806182,0.0,4.661739,5.9609923,7.4537783,8.562295,9.490986,10.191243,8.109126,13.449348,14.60782,17.310667,19.702234,22.486973,24.739983,25.655817,27.834328,30.089651,25.146404,23.851553,20.30879,19.064966,14.042367,14.622932,9.559284,13.698398,10.529726,13.019476,15.349608,17.31083,17.583265,18.858406,23.628712,22.768143,26.090786,23.42485,22.210459,22.68977,26.408436,22.962513,28.799576,23.071644,26.90205,27.30932,30.635622,30.576569,32.915596,33.290493,30.453701,28.777048,25.81348,28.40223,27.11961,22.545374,24.98977,21.215937,25.777273,20.283655,25.680382,23.682148,24.160927,19.151909,17.70654,15.37603,12.497987,14.08929,9.47007,14.59055,12.425639,16.054043,18.319616,19.405003,18.148497,23.846798,20.658142,16.222963,18.194323,22.432121,17.76725,14.647161,17.466045,13.277008,17.678017,15.229684,18.821543,21.545504,23.736183,25.57045,22.982277,27.161736,21.41062,25.018217,22.783516,26.287119
22,16.835966,13.780545,15.90792,11.366523,13.215951,15.5336685,15.91985,19.778936,20.432526,24.417837,25.730162,30.750982,28.089796,25.733957,22.694311,19.468193,15.778606,14.264693,11.838761,9.11342,5.2759566,4.661739,0.0,4.4436097,7.9209757,8.415921,11.245539,13.138507,11.585179,16.447172,18.322346,20.085146,23.043606,24.904055,27.419518,27.690792,30.149569,32.19898,27.560705,25.857424,23.048935,20.891705,16.688982,16.539347,12.006042,15.406362,10.987564,14.50119,16.527641,19.283052,20.293253,21.378345,26.381685,26.081627,28.72338,25.58348,24.428314,24.168983,27.705635,24.154606,29.882462,24.507885,27.82564,28.374544,31.188583,31.793705,33.375233,34.016613,31.465986,29.423918,26.482613,28.486658,27.235771,22.965664,25.285858,21.51284,26.074944,20.359095,26.21616,24.362892,23.714632,19.55162,16.834446,15.305607,12.2315445,14.154915,9.811516,15.015747,13.880793,17.317234,20.22106,20.511963,18.696817,24.025501,21.124382,16.253017,17.309889,21.583792,17.603174,13.171048,15.244846,11.031646,15.745411,12.822042,17.534803,20.387024,22.929102,24.840338,22.055922,26.531971,20.887262,24.279556,22.461975,25.502953
23,16.29481,12.841796,15.874234,11.659776,13.180876,16.613884,16.649305,21.299862,22.055912,26.041594,27.899166,32.83385,30.700903,28.712183,25.21756,22.315207,18.64323,16.98204,15.244771,11.96022,8.521393,5.9609923,4.4436097,0.0,3.8014312,4.547556,8.500013,11.362098,11.251255,15.512335,18.906193,20.53362,24.580858,26.461119,29.33434,29.924562,32.575684,35.0224,30.337576,28.642208,25.446455,23.290627,18.759512,17.974941,13.495499,15.452333,9.769108,12.418253,13.475089,16.924038,18.44977,20.076576,24.811516,25.19279,27.526762,24.473757,23.946562,23.658695,27.464272,24.290968,30.463007,25.57411,29.479578,30.493204,33.51938,34.523155,36.405148,37.283997,34.71669,32.691284,29.439531,31.406641,29.750952,25.207113,26.95921,22.803886,26.64918,20.363014,25.767979,23.255472,22.313206,17.924326,15.179032,14.552052,12.402468,15.347338,11.519479,17.627699,16.855265,20.706942,23.526878,24.282637,22.868032,28.196775,24.90297,20.205368,21.502193,25.46629,21.034054,16.976122,18.522083,13.739179,17.89477,13.687821,18.622421,20.484303,22.640131,25.279898,22.934687,28.012564,22.942337,26.74392,25.373924,28.718727
24,15.78817,11.906731,15.163181,11.362376,12.25513,16.374758,16.079288,21.206923,22.06473,25.91895,28.297188,33.030914,31.403801,29.811985,25.93055,23.418726,19.8772,18.18477,17.147434,13.636407,10.77149,7.4537783,7.9209757,3.8014312,0.0,3.2309215,6.585059,9.6675625,10.697883,14.364294,18.500826,20.355776,24.796045,27.018919,29.962404,30.989243,33.611847,36.342808,31.554625,30.041962,26.3957,24.620134,19.717737,18.844513,14.411418,15.607785,9.932724,11.136889,11.369021,14.970121,16.550991,18.700367,23.020689,23.678497,26.058292,23.336966,23.262436,23.287668,27.300508,24.476528,30.897818,26.233288,30.648901,31.865892,35.190273,36.14866,38.47948,39.376675,36.70024,34.832874,31.430124,33.588234,31.71623,26.94776,28.414696,24.095488,27.456028,21.018124,25.824121,22.827803,22.222935,17.367123,15.329534,14.969456,13.58937,16.843588,13.332771,19.658724,18.737349,22.77674,25.295403,26.540192,25.472473,30.939943,27.389324,22.927681,24.615623,28.457346,23.602833,20.125618,21.731167,16.75912,20.54386,16.03682,20.503,21.722393,23.44657,26.45506,24.480783,29.716799,24.965128,29.026817,27.73355,31.382833
25,18.984474,15.084033,18.108952,13.953892,14.446837,18.303984,17.424202,22.799105,22.92591,26.987186,28.862206,33.845337,32.437347,30.788237,27.32911,24.320248,21.294918,18.816895,18.46045,14.003784,11.95831,8.562295,8.415921,4.547556,3.2309215,0.0,4.996162,8.761046,10.199727,13.110518,18.062353,19.018053,24.344067,25.79058,29.102331,29.86498,32.80055,35.695534,31.1695,29.343908,26.0014,23.584482,19.118547,17.440273,13.5606,13.633332,7.312589,8.813505,9.100233,12.983317,15.035354,16.917337,21.391867,22.497583,24.27397,21.240313,21.26534,20.86841,24.808441,22.05882,28.496792,24.226868,28.619257,30.130793,33.32986,34.843163,37.032707,38.244278,35.726,33.70953,30.096792,31.975094,29.862286,25.107231,26.198238,21.779427,24.804104,18.217552,23.000486,19.985535,19.059229,14.416939,12.110094,12.053486,11.042366,14.660262,11.787605,18.27498,18.130068,22.332401,25.171541,26.425802,25.94603,30.842558,26.848572,22.5186,24.196194,27.543932,22.523281,19.228542,20.291407,15.131111,18.406471,13.523369,17.874685,18.720675,20.36113,23.536848,21.71334,27.159325,22.797974,26.970413,26.08995,29.798977
26,20.995203,16.601933,18.653143,14.332222,13.497595,17.113722,15.1651535,20.982073,20.293552,24.3317,26.129093,31.06005,30.419403,29.19086,25.892212,22.836212,20.730223,17.444057,18.79472,13.401462,13.187059,9.490986,11.245539,8.500013,6.585059,4.996162,0.0,4.0305367,6.7619295,8.408229,14.139336,14.93946,20.795465,22.294449,25.700382,26.87087,29.801569,33.047726,28.592731,26.887804,23.224304,21.095058,16.511469,14.586351,11.2257395,10.226311,5.5355263,4.7687144,5.930273,8.578775,10.13423,12.1743145,16.55821,17.557241,19.525057,16.773405,16.902296,17.051867,21.159527,18.654985,25.199602,20.977371,25.889488,27.525454,31.108913,32.44803,35.248524,36.472668,33.85619,32.085705,28.308609,30.479393,28.15015,23.177704,24.02588,19.603487,22.265497,15.978544,20.054264,16.879332,17.377022,11.773687,11.4936075,10.250506,9.915688,13.159061,10.90509,17.02041,16.807167,21.126762,23.610497,25.535402,26.088278,30.649155,26.084728,22.36288,24.712782,27.579573,21.927776,19.935644,21.263525,16.177189,18.808205,14.644825,17.385504,17.8998,19.020185,22.062742,20.595446,25.713985,21.617886,26.009537,25.064108,29.20716
27,21.971283,17.413795,18.461042,14.133307,12.328115,15.3389845,12.600697,18.50513,17.19643,21.15049,22.88942,27.719578,27.581875,26.678583,23.53419,20.540802,19.19336,15.46672,18.0817,12.412791,13.61072,10.191243,13.138507,11.362098,9.6675625,8.761046,4.0305367,0.0,4.1154623,4.8771367,10.446199,11.699923,17.309149,19.254953,22.47224,24.067526,26.796738,30.189909,25.708036,24.251204,20.253376,18.707033,13.91633,12.361988,9.327984,8.441436,6.955185,5.0665507,7.474071,7.600831,7.540687,9.508837,13.863741,14.027541,16.778421,14.470145,14.279088,15.265964,19.394426,16.934605,23.330414,18.774797,23.959402,25.411343,29.322332,30.133791,33.45043,34.484825,31.730515,30.248556,26.517685,29.06547,26.77899,21.729073,22.701637,18.506323,21.237438,15.642491,19.217985,16.310658,18.236444,12.192335,13.455509,10.952709,10.571275,12.80187,10.765335,15.994078,15.306884,19.489088,21.490702,23.916847,25.119394,29.49987,24.730375,21.543102,24.388912,27.025291,21.077875,20.120808,21.908247,17.17689,19.552128,16.421114,17.958069,18.697632,19.58325,22.113602,20.736244,25.22405,21.058662,25.416176,24.133385,28.503675
28,21.321732,16.89851,17.219814,12.480491,10.6828165,12.7289295,9.9334,15.51504,13.91061,18.095833,19.441284,24.499918,23.96763,22.835203,19.960413,16.62725,15.515565,11.437378,14.505846,8.589486,10.854688,8.109126,11.585179,11.251255,10.697883,10.199727,6.7619295,4.1154623,0.0,5.4738398,7.8946157,10.074689,14.33327,16.74742,19.596552,21.110626,23.630732,26.764812,22.100863,20.716862,16.683167,15.374613,10.209782,9.587348,5.671469,7.5009756,7.6465487,7.853497,11.158632,10.946587,10.119602,11.09197,15.740341,14.677881,18.107296,15.768581,14.597751,15.785497,19.655964,16.634123,22.65618,17.22565,22.032646,22.951986,26.88243,27.087841,30.38827,31.12426,28.25476,26.845907,23.330927,26.152607,24.217411,19.219318,20.888464,16.983076,20.671358,15.622515,19.833702,17.707474,19.915127,14.136853,15.081578,11.603858,9.972614,11.127534,8.293245,12.893403,11.470646,15.562932,17.462776,19.878786,21.125153,25.524542,20.889454,17.76254,20.786459,23.570194,17.677404,17.01048,19.371532,15.070108,17.780224,15.71862,16.979641,18.75061,20.07063,21.86686,20.005413,23.906961,19.016027,23.126806,21.267689,25.57216
29,26.045357,21.502966,21.801249,17.440521,15.082441,16.968052,13.395617,18.87288,16.181084,20.03221,20.908693,25.780874,26.366804,25.722246,23.37113,20.028238,20.02384,15.402662,19.563692,13.43607,16.263853,13.449348,16.447172,15.512335,14.364294,13.110518,8.408229,4.8771367,5.4738398,0.0,7.3562646,7.226659,13.858381,15.115679,18.557848,20.285648,23.12941,26.833488,22.744488,21.217623,17.374533,15.745192,11.671945,9.519737,8.468422,5.8615713,8.675176,6.4415894,9.6529665,7.1464205,5.19667,5.6763377,10.309036,9.743085,12.6734295,10.480174,9.746042,11.41677,15.400734,13.087722,19.204248,14.709546,20.157887,21.704546,25.821476,26.620644,30.334333,31.48002,28.78902,27.498487,23.667253,26.296429,23.844149,18.847973,19.50665,15.638937,17.988266,13.436736,16.154018,13.784377,17.224918,11.285575,14.168038,10.593622,10.684595,11.617216,10.993403,14.565926,14.301198,18.162367,19.878235,22.738493,25.156261,28.621094,23.339993,21.034916,24.248978,26.047632,19.85829,20.313225,22.000336,17.8372,19.254486,17.272827,17.055956,17.661926,18.113977,20.009705,18.95722,22.680689,18.994816,23.266777,22.057531,26.625608
30,26.531647,22.340303,21.096134,17.046328,14.232776,13.935896,9.949494,13.884253,9.808895,13.486627,13.657299,18.576565,19.426922,19.07272,17.38906,14.083316,15.661043,10.79987,16.618452,11.545809,16.026377,14.60782,18.322346,18.906193,18.500826,18.062353,14.139336,10.446199,7.8946157,7.3562646,0.0,5.673344,7.0130925,10.753276,12.802687,15.358412,17.278425,20.738302,16.255,15.489362,10.868371,11.352503,6.844246,7.97964,7.591141,9.321147,13.996035,13.3953085,16.864532,14.377352,11.558683,10.983154,14.27789,10.759145,15.493642,14.397141,12.12632,14.8296175,17.84329,15.1729145,19.788506,13.9379015,18.644419,18.913061,23.348019,22.262554,26.631014,26.942547,23.894138,23.229456,20.027195,23.526701,21.841387,17.215439,19.064346,16.343657,19.835619,17.140343,19.898726,18.890863,23.029612,17.635902,20.265512,15.84947,14.606479,13.599851,12.424262,13.263311,11.250464,13.94595,14.3357115,17.834982,20.918638,24.116396,19.192577,17.908186,21.646286,23.381079,17.490108,19.365248,22.101828,19.127514,20.754894,20.685642,19.712208,21.648586,22.463133,23.019518,21.491701,23.616274,19.128656,22.633492,20.243166,24.65663
31,30.864176,26.533833,25.942606,21.486462,19.039726,19.233862,15.401485,19.38662,15.009396,18.531181,17.495275,22.477186,23.579918,23.003893,22.220078,18.26979,20.145044,14.703529,20.364098,14.418635,18.952185,17.310667,20.085146,20.53362,20.355776,19.018053,14.93946,11.699923,10.074689,7.226659,5.673344,0.0,8.501815,7.977906,11.739387,13.3481655,16.354969,20.297749,16.867472,15.1292715,11.977963,10.067884,8.089017,5.7442784,8.576321,6.5825915,13.1141405,12.426217,16.080833,12.911639,10.412276,8.278435,11.732528,9.053902,12.001552,10.169538,7.1700015,9.578667,12.26707,9.595054,14.211881,8.765427,14.03468,15.163218,19.54788,19.878977,24.0519,25.165522,22.55516,21.563723,17.807062,20.668789,18.324724,13.674627,14.486043,11.774588,14.444753,12.561536,14.566998,14.175356,18.880198,14.234907,17.602278,12.982471,12.598274,10.983985,11.92598,11.875521,12.044619,14.756497,15.945668,19.13767,23.18379,25.079494,19.36943,18.571772,22.098936,22.656488,16.599964,19.183435,20.889408,18.132545,18.412273,18.730642,16.327435,17.62119,17.966711,18.167528,17.128183,18.962936,15.528394,19.162498,17.66696,22.249025
32,31.36159,27.575964,25.554716,21.828299,19.223282,17.339462,13.916533,15.239353,9.815507,12.202108,9.587552,14.400551,15.920835,15.840143,16.237297,12.781426,16.617651,11.919108,18.502218,14.74236,20.016747,19.702234,23.043606,24.580858,24.796045,24.344067,20.795465,17.309149,14.33327,13.858381,7.0130925,8.501815,0.0,6.752122,6.4535894,9.817154,10.699267,14.110018,9.897857,9.810775,5.2386613,8.273941,7.011761,9.838428,11.664713,13.92086,19.660713,19.695889,23.4059,20.589405,17.619772,16.124622,18.540657,14.085779,18.457182,17.90415,14.786641,17.538988,19.236692,16.699486,19.165813,13.1508,16.277922,15.296437,19.701323,16.945389,21.93752,21.635212,18.487425,18.561338,16.106949,20.103415,19.12845,15.536073,17.931416,16.843554,20.510796,19.988918,22.18145,22.479805,27.11292,22.569433,25.313995,20.502861,18.979809,16.555326,16.194504,13.985183,11.830662,12.303637,11.133893,15.029522,19.605629,21.165272,16.455313,17.078558,20.936169,21.607964,16.55189,20.284138,23.177319,21.685911,22.58885,24.287395,22.064035,24.567234,25.377556,24.657415,23.093256,23.392746,19.13715,21.512138,18.536242,22.484146
33,36.02203,32.05364,30.732609,26.429121,24.174177,22.950867,19.522226,21.539349,16.286318,18.86466,15.51987,20.1054,21.467125,20.895203,22.121824,17.93496,21.560595,16.249056,22.409454,17.669071,22.969906,22.486973,24.904055,26.461119,27.018919,25.79058,22.294449,19.254953,16.74742,15.115679,10.753276,7.977906,6.752122,0.0,4.64613,5.576727,8.773755,12.904166,10.775376,8.795718,7.849028,6.240146,9.039502,8.73562,13.073908,13.020645,19.658573,19.958271,23.789562,20.704182,18.233517,15.704845,18.044382,14.545234,16.90998,15.778861,12.164058,13.988195,14.490051,12.081057,13.011019,7.3059754,9.728665,9.127384,13.687578,12.471697,17.364208,18.13302,15.60654,15.2317705,12.058259,15.344834,13.723587,10.529689,12.047724,11.976991,14.940623,16.247034,17.633043,19.083649,23.864094,20.554178,23.551525,18.731234,17.760174,14.540059,16.110315,12.458111,12.741336,13.045264,13.110237,16.22496,21.833652,21.620846,16.013754,17.390839,20.861223,19.928759,14.9805155,19.713491,21.4424,20.578117,19.9575,22.514256,18.733606,20.858316,21.313438,19.71691,18.568974,17.759396,14.745018,16.729082,14.636862,18.614307
34,37.236443,33.532963,31.590115,27.703812,25.37982,23.330214,20.179173,20.91233,15.5038185,17.151754,12.8677225,16.784025,18.527987,18.317951,20.427877,16.746998,21.262323,16.601921,22.888817,19.282417,24.723515,24.739983,27.419518,29.33434,29.962404,29.102331,25.700382,22.47224,19.596552,18.557848,12.802687,11.739387,6.4535894,4.64613,0.0,4.2768207,4.975519,9.137689,7.2068353,6.5555644,6.116166,7.7876987,10.774617,12.32955,15.865194,17.09796,23.484745,23.861626,27.70576,24.632418,21.862656,19.590862,21.54785,17.367748,20.384462,19.852419,16.34559,18.508696,18.83199,16.668186,16.828,11.682645,12.70709,10.797137,14.881525,11.336143,16.834225,16.58918,13.794435,14.355954,12.369022,16.173422,15.542479,13.373222,15.499862,16.111225,19.222876,20.81197,22.191336,23.691368,28.50284,25.062063,27.936367,23.05914,21.736374,18.44435,19.363354,15.2272835,14.444066,13.533664,12.187809,15.438478,21.295567,20.621569,15.816278,18.117947,21.60309,20.638208,16.53959,21.666458,23.903635,23.584982,23.30147,26.27337,22.730167,25.235395,25.833885,24.008102,22.709211,21.30152,18.105717,19.340855,16.600046,19.960043
