,0,1,2,3,4,5,6,7,8,9,10,11,12,13,14,15,16,17,18,19,20,21,22,23,24,25,26,27,28,29,30,31,32,33,34,35,36,37,38,39,40,41,42,43,44,45,46,47,48,49,50,51,52,53,54,55,56,57,58,59,60,61,62,63,64,65,66,67,68,69,70,71,72,73,74,75,76,77,78,79,80,81,82,83,84,85,86,87,88,89,90,91,92,93,94,95,96,97,98,99,100,101,102,103,104,105,106,107,108
0,0.0,4.161259,6.9183035,10.110736,12.412645,14.760122,17.60597,21.105879,24.404318,26.940042,30.692114,33.715847,34.41868,34.728374,27.78539,28.44271,24.91533,24.40831,20.903002,19.80574,18.293634,15.627834,15.352277,21.252855,22.82058,24.236925,25.458761,25.509607,28.83851,28.378067,32.35958,34.834194,39.76651,42.602406,41.146233,37.548676,41.186535,44.092823,39.54751,37.1246,42.447964,41.65364,37.177216,38.340584,43.322193,40.377666,35.73336,39.7785,43.656124,47.14952,45.56175,39.52196,45.14154,47.566357,43.703056,41.595203,39.57363,41.369118,46.079327,46.264008,42.268936,47.77283,48.589317,51.849846,48.345585,45.02545,47.663246,45.763927,41.204628,43.516895,44.023956,41.33091,38.007885,39.59637,38.93161,40.29521,36.650932,36.50032,34.005352,34.291206,30.566656,29.735096,26.855057,27.896292,30.524061,27.65851,31.55469,31.661629,33.42814,35.336525,37.004173,33.825485,35.37829,39.27973,38.114006,33.72717,37.339996,40.99173,38.595493,33.798958,35.72472,36.229477,32.046787,31.420462,28.924488,28.979801,24.957026,25.953259,21.561028
1,4.161259,0.0,5.184468,6.515093,8.880142,12.0059595,14.266917,18.407106,21.238825,24.241987,27.761086,30.97091,31.578524,31.667639,24.93701,24.993319,21.629679,20.683922,17.75833,16.04972,15.061954,12.328677,13.212078,18.382694,19.522318,21.07015,21.846718,22.242777,25.371346,25.348665,28.86605,31.887209,36.613712,39.307007,37.54027,34.0056,37.775707,40.428364,35.815075,33.566135,38.96852,37.879738,33.477467,34.9421,39.837242,36.71906,32.35351,36.609882,40.341835,43.908188,42.011147,36.205914,41.65888,43.949936,39.929283,37.687263,35.62613,37.32616,42.11096,42.374638,38.220993,43.698574,44.461433,47.762993,44.326122,40.973225,43.539402,41.66583,37.0917,39.36376,39.87447,37.21929,33.852844,35.456947,34.78852,36.20317,32.588757,32.473194,30.120401,30.479893,26.861433,26.337101,23.267145,24.022682,26.523405,23.602356,27.408747,27.536118,29.315474,31.310293,32.988667,29.841318,31.553404,35.44178,34.14765,29.934204,33.73586,37.238407,34.817616,30.13902,32.2661,32.933613,28.703693,27.874836,25.28432,25.023354,20.985746,21.82445,17.408733
2,6.9183035,5.184468,0.0,5.410194,6.5497975,8.2185755,11.172376,14.215924,17.666225,20.029106,23.832512,26.81318,27.661304,28.154593,21.196232,22.284983,19.041525,19.05085,15.923349,15.795242,15.592809,13.816296,15.11306,19.705727,20.864391,21.737791,21.68919,21.350348,24.03877,23.386574,26.816828,28.988953,33.913353,36.45417,35.25861,31.91783,35.71338,38.739857,34.481647,32.13203,37.589046,37.20206,32.83223,34.128872,39.141487,36.848045,32.525227,36.371147,40.394917,44.251198,42.38043,37.121986,42.71749,44.764797,40.80001,38.617302,35.984497,37.85993,42.7918,42.50491,37.99322,43.555683,44.159237,47.322563,43.546448,40.049644,42.773212,40.60486,36.280666,39.25874,39.469517,36.40855,33.509514,35.801422,35.095665,37.120007,33.73415,33.517982,31.932795,31.98086,28.661398,28.505352,24.827387,25.123638,26.950993,24.693619,27.430225,28.034807,29.120642,31.219946,32.266575,28.670832,30.127625,33.807938,32.48574,27.840656,31.332767,34.913536,32.452606,27.504969,29.344847,29.906652,25.91538,25.225552,23.449234,23.473507,19.779594,21.320791,17.42661
3,10.110736,6.515093,5.410194,0.0,3.8722482,6.288277,8.893674,12.834422,15.349336,18.630066,21.8157,25.143045,25.397686,25.279736,18.686827,18.494802,15.13856,14.350894,11.622398,10.474295,10.636333,8.990363,11.5853815,15.006991,15.750435,16.718327,16.44156,16.54629,19.268507,19.249214,22.450272,25.517586,30.165642,32.793804,31.088676,27.582048,31.40083,34.13851,29.662813,27.395273,32.869286,32.092777,27.715242,29.21218,34.14023,31.54274,27.351675,31.43556,35.281197,39.120358,37.0749,31.876984,37.36707,39.380707,35.390564,33.241234,30.633942,32.584618,37.4482,37.179504,32.82966,38.411285,39.183014,42.297882,38.57425,35.205666,38.06395,36.135708,31.568653,34.34728,34.9273,32.087845,28.803196,31.150576,30.095877,32.225735,28.790724,28.29688,26.84781,26.648186,23.38346,23.356752,19.526083,19.743185,21.609077,19.524872,22.4349,23.493387,24.856787,27.328888,28.47535,24.950825,26.982197,30.573671,28.58928,24.555038,28.650621,31.668846,28.88586,24.267014,26.849033,27.915148,23.921152,22.601562,20.859987,19.637503,16.052029,16.786264,12.807627
4,12.412645,8.880142,6.5497975,3.8722482,0.0,5.3476076,5.4326425,10.282742,12.471564,15.86923,19.16142,22.495855,23.292564,23.43057,17.010853,16.919949,14.3053875,13.496751,12.208916,11.169431,12.860318,11.672863,15.075329,17.532713,17.673527,18.565636,17.152296,17.420084,19.314564,19.543306,21.666365,24.853241,29.30691,31.424738,29.67831,26.591291,30.709835,33.23745,28.947668,27.01447,32.631805,31.758816,27.621153,29.55798,34.344067,31.889696,28.28244,32.40468,36.117287,40.122498,37.63644,33.064857,38.23112,39.92721,35.674644,33.213833,30.401045,32.03954,37.144447,36.94739,31.973495,37.45937,37.858795,41.105442,37.425854,33.788315,36.327133,34.0969,29.848833,32.92819,32.98207,29.867746,27.07914,29.547937,28.928854,31.164162,27.970182,27.89658,26.840683,27.054665,24.166285,24.781649,20.750902,20.195286,21.400782,19.242115,21.24848,21.924292,22.735628,24.970684,25.845478,22.190386,23.850836,27.477211,25.992489,21.503284,25.2875,28.666723,26.209843,21.38685,23.520988,24.362085,20.295889,19.235434,17.417706,16.947851,13.287342,14.899955,11.3090105
5,14.760122,12.0059595,8.2185755,6.288277,5.3476076,0.0,5.998985,7.0538898,10.4418955,12.914978,16.2944,19.400974,19.699102,19.994345,13.051462,14.327441,11.157588,12.121697,9.315537,11.178563,12.598727,12.687636,15.302316,17.395018,18.043478,17.946238,16.413359,15.35342,17.159197,16.201519,19.13423,20.965948,25.843424,28.289164,27.376865,24.134035,27.92321,31.167255,27.256815,24.864353,30.309729,30.558052,26.326864,27.52792,32.509586,31.144169,27.145914,30.527391,34.67351,38.833447,36.866344,32.562153,38.10289,39.74655,35.954853,33.99534,30.660763,32.865955,37.7675,36.69307,32.023323,37.62493,38.237305,41.06225,36.889965,33.428997,36.565742,34.330544,30.130741,33.8333,34.123802,30.833796,28.18614,31.496563,30.27103,33.233498,30.206799,29.474863,29.147291,28.43252,25.730202,26.156733,21.771484,21.377228,22.169994,21.290564,22.521915,24.424215,24.82005,27.486855,27.697384,23.630219,25.442308,28.558222,26.247059,21.898067,25.671928,28.476715,25.480196,20.632969,23.081076,24.224009,20.751015,19.362234,19.174885,17.859114,15.22213,16.67789,14.004042
6,17.60597,14.266917,11.172376,8.893674,5.4326425,5.998985,0.0,6.151239,7.2904983,10.951395,14.075195,17.439384,18.624727,18.973717,13.028457,13.097716,11.655519,11.3014555,11.8807125,11.860431,15.07187,14.9474,18.91116,19.898058,19.476364,19.846533,17.003319,17.06435,17.694382,18.015179,18.711613,21.747473,25.87329,27.385977,25.783411,23.236212,27.574907,29.984295,26.121138,24.524488,30.160769,29.546177,25.772346,28.001417,32.56651,30.7404,27.832846,31.66832,35.28111,39.5103,36.66979,33.10885,37.93174,39.165665,34.83994,32.266468,28.973806,30.47526,35.70878,35.181496,29.624783,34.98099,35.02981,38.203094,34.384567,30.533134,32.952534,30.388136,26.575453,30.311666,29.878227,26.376059,24.285208,27.381655,26.925985,29.703524,26.973063,27.01552,26.93494,27.108698,24.885185,26.207281,21.852543,20.417377,20.502184,19.074413,19.36388,20.338686,20.165924,22.406319,22.49592,18.458189,19.845776,23.16604,21.722303,16.845911,20.381924,23.776608,21.410412,16.38159,18.276873,19.15381,15.293911,14.169411,13.305165,13.028369,10.10145,12.69755,10.628625
7,21.105879,18.407106,14.215924,12.834422,10.282742,7.0538898,6.151239,0.0,4.639203,5.9158072,9.662368,12.617516,13.760052,14.784526,8.306634,11.078124,9.975312,12.058397,11.857454,14.6196,17.558132,18.401957,21.632011,22.300667,22.270859,21.712679,18.605965,17.327175,17.330841,16.31772,17.148054,18.160492,22.594273,24.086708,23.706223,21.373554,25.354685,28.518778,25.392298,23.482721,28.807608,29.557251,25.922548,27.422243,32.020798,31.59132,28.570662,31.471285,35.44354,39.844048,37.45743,34.49903,39.526993,40.565105,36.715836,34.616287,30.752485,32.7085,37.70693,36.232426,30.852802,36.168156,36.26776,38.95249,34.63077,30.92251,33.826843,31.125082,27.690483,32.225937,31.790703,28.023159,26.47249,30.458996,29.556313,33.074295,30.677069,30.195345,30.94805,30.330803,28.427374,29.665821,25.053713,23.663307,23.148537,23.021414,22.23507,24.285358,23.44781,25.914255,25.099901,20.713392,21.914091,24.439976,22.37809,17.57124,20.564058,23.367636,20.609804,15.55581,17.319746,18.34752,15.549907,14.338775,15.855287,15.151275,13.853105,16.348066,15.459522
8,24.404318,21.238825,17.666225,15.349336,12.471564,10.4418955,7.2904983,4.639203,0.0,4.731603,6.8516054,10.353654,11.590138,12.203504,7.365634,8.31572,9.097982,10.3846,12.636692,14.551452,18.453232,19.574781,23.504261,22.98161,22.256027,21.71679,17.666443,16.960459,15.880638,15.825357,14.7236395,16.726192,20.356976,21.16695,20.225557,18.41076,22.707888,25.266361,22.290741,20.95899,26.282694,26.596786,23.388878,25.487547,29.689072,29.217243,27.046572,30.03759,33.5976,38.029873,35.12816,32.930813,37.414295,38.090557,34.070732,31.767605,27.792542,29.43959,34.4866,33.088158,27.278046,32.38643,32.21105,34.938614,30.731522,26.8696,29.522596,26.684477,23.513105,28.252756,27.537823,23.662483,22.506727,26.71567,25.972055,29.674376,27.636168,27.330576,28.648405,28.205414,26.8438,28.657467,24.082813,22.018562,20.75551,20.949566,19.05343,21.161686,19.77624,22.238764,21.002596,16.560513,17.796576,20.037527,17.814838,13.070812,16.219706,18.766188,16.01023,10.924609,12.994119,14.425512,11.806885,10.044538,12.397154,11.175594,10.8967495,13.506401,13.872494
9,26.940042,24.241987,20.029106,18.630066,15.86923,12.914978,10.951395,5.9158072,4.731603,0.0,4.336168,6.8468723,9.078885,10.976581,6.7324533,10.487545,11.606054,14.180759,15.538662,18.621166,22.108887,23.417736,26.85288,26.60001,26.19312,25.286215,21.370966,19.956615,18.647865,17.64162,16.628456,16.643473,20.272005,20.751509,21.013725,19.69988,23.558372,26.567326,24.352085,22.934307,27.829248,29.098295,26.134518,27.715992,31.8093,32.272976,30.095932,32.437035,36.169186,40.652744,38.05113,36.253674,40.792835,41.328342,37.601997,35.53927,31.332314,33.11077,37.980312,36.09363,30.389956,35.296856,35.017452,37.428616,33.018806,29.268318,31.992908,28.997467,26.376541,31.522335,30.580322,26.55436,26.014326,30.519432,29.7661,33.711525,31.911251,31.502016,33.134636,32.45174,31.2131,32.935474,28.307371,26.34845,24.897078,25.510805,23.21786,25.49341,23.71464,25.988235,24.246698,19.83285,20.502869,22.155945,20.154657,15.4515295,17.453627,19.81175,17.268608,12.48818,13.495528,14.53758,13.034509,11.941572,15.467544,15.014538,15.310607,18.05106,18.60332
10,30.692114,27.761086,23.832512,21.8157,19.16142,16.2944,14.075195,9.662368,6.8516054,4.336168,0.0,3.649432,5.5801415,7.436988,6.421846,9.190565,11.825029,14.34268,16.807524,19.866676,23.674593,25.39994,29.021631,27.81541,27.069494,25.904148,21.47761,20.094185,17.856428,17.14621,14.656827,14.442923,17.188677,16.976833,17.41482,16.766481,20.499878,23.264347,21.636345,20.609337,25.124329,26.637218,24.189808,25.838068,29.484623,30.502583,28.984,30.940512,34.39291,38.86985,36.125477,35.175587,39.299408,39.486176,35.932564,34.005657,29.602497,31.340174,35.98559,33.75842,28.039852,32.646835,32.256157,34.386326,29.900475,26.247864,29.021969,26.013288,23.810493,29.271275,28.283278,24.26753,24.181751,29.083637,28.15728,32.44687,31.056849,30.484028,32.78354,31.864439,31.147263,33.159668,28.607208,26.317684,24.229614,25.563726,22.312431,25.06159,22.848463,25.21078,22.923677,18.631393,19.392883,20.27513,17.642923,13.753431,15.5512705,16.837088,14.010519,9.907784,11.274041,12.957196,12.589993,10.939928,15.735251,14.394841,15.935114,18.19252,19.73444
11,33.715847,30.97091,26.81318,25.143045,22.495855,19.400974,17.439384,12.617516,10.353654,6.8468723,3.649432,0.0,4.7266154,7.7414627,8.805321,12.161521,14.910916,17.735952,19.958963,23.373926,27.051884,28.87597,32.318832,31.111082,30.444422,29.10258,24.695257,23.059225,20.61024,19.544285,16.8712,15.397739,17.593048,16.776926,18.15741,18.177168,21.404196,24.232386,23.340818,22.454681,26.445282,28.526812,26.441038,27.812862,31.17291,32.837063,31.537186,33.02601,36.43337,40.883728,38.27186,37.792892,41.77649,41.775196,38.438545,36.659664,32.154533,33.87639,38.32913,35.80423,30.183548,34.482002,33.95009,35.79955,31.28057,27.778496,30.465122,27.383606,25.751598,31.401995,30.205814,26.172625,26.620922,31.64652,30.770182,35.18024,34.041103,33.45102,36.02259,35.005783,34.469315,36.51005,31.978468,29.667824,27.388876,28.973454,25.382984,28.160585,25.661457,27.838547,25.19636,21.085619,21.446001,21.776423,19.38935,15.863024,16.683645,17.551355,15.1158,11.832897,12.225642,13.564919,14.2652445,13.110118,18.34843,17.443413,19.295444,21.602867,23.332436
12,34.41868,31.578524,27.661304,25.397686,23.292564,19.699102,18.624727,13.760052,11.590138,9.078885,5.5801415,4.7266154,0.0,3.5035355,7.0359683,10.072906,12.872868,16.173563,18.151056,22.109617,25.507465,27.810364,30.97291,29.118565,28.515741,26.752485,22.43208,20.35865,17.59669,16.156553,13.459681,10.885672,13.052535,12.75097,14.759495,14.445444,17.220947,20.601675,19.945105,18.730455,22.385786,25.200785,23.136845,23.93912,27.2544,29.573435,28.158955,29.1038,32.595364,37.016003,34.791996,34.51552,38.58506,38.58743,35.68713,34.384655,29.724613,31.910194,36.008595,32.908527,27.929314,32.28829,32.20877,33.653336,28.810844,25.707592,29.097517,26.431614,24.46262,30.128342,29.652475,25.923962,25.863111,31.217016,29.605251,34.341717,33.186058,31.963919,34.82207,33.11815,32.713432,34.552998,30.077217,27.984838,25.620253,27.984255,24.396738,28.090536,25.91109,28.594257,26.02772,21.964962,23.11177,23.247032,19.509644,17.125767,18.872744,18.536112,15.109239,12.611121,14.614005,16.736637,17.319088,15.323167,20.538605,18.036125,20.18905,21.575811,23.438671
13,34.728374,31.667639,28.154593,25.279736,23.43057,19.994345,18.973717,14.784526,12.203504,10.976581,7.436988,7.7414627,3.5035355,0.0,7.172769,8.151731,11.395286,14.376022,16.859184,20.580673,24.013004,26.561869,29.78778,27.256006,26.450169,24.554037,20.085432,18.103523,14.890334,13.826997,10.303964,8.170601,9.932115,9.890973,11.502894,10.948911,13.799093,17.203978,16.487942,15.283359,18.90796,21.748745,19.773983,20.57036,23.774874,26.203451,24.994541,25.834936,29.194914,33.60153,31.346914,31.302334,35.238956,35.17955,32.409863,31.283314,26.574505,28.91849,32.83603,29.543238,24.81431,29.195387,29.346724,30.646877,25.688232,22.753248,26.496582,24.106306,21.878557,27.477406,27.43561,23.948524,23.556145,29.045305,27.031544,31.918848,30.819351,29.284517,32.37648,30.366844,30.173687,32.043358,27.685978,25.562973,23.00918,25.851475,22.106441,26.298626,24.293303,27.254211,24.761288,20.84174,22.527632,22.542736,17.943752,16.455122,18.874693,17.781984,13.746846,11.888421,14.985641,17.632574,18.061592,15.496913,20.551065,16.962952,19.444616,20.128279,22.285124
14,27.78539,24.93701,21.196232,18.686827,17.010853,13.051462,13.028457,8.306634,7.365634,6.7324533,6.421846,8.805321,7.0359683,7.172769,0.0,6.209151,6.7931085,10.818395,11.489735,15.882923,18.924479,21.111038,24.098015,22.813898,22.566544,20.94466,17.145761,14.85917,13.26851,11.445374,11.167461,10.248756,14.57999,16.240383,16.84049,14.603532,18.01868,21.801664,19.544926,17.442024,22.154703,24.286112,21.09387,21.854015,26.129883,27.307539,24.69626,26.420252,30.412203,34.8905,32.872364,31.097725,35.92944,36.572193,33.42484,32.038204,27.60817,30.12377,34.540802,31.890413,27.109064,32.210163,32.61392,34.522827,29.685253,26.463028,30.17004,27.758392,24.558088,29.678726,29.800213,26.201097,24.841484,29.814215,27.953955,32.368874,30.474625,29.08604,31.076979,29.315453,28.171276,29.530207,24.89552,23.33658,21.853092,23.657557,21.499743,25.2299,23.984606,27.039326,25.412867,21.066853,22.883017,24.193861,20.315018,17.203611,20.38747,21.109177,17.293104,13.476253,16.531296,18.65991,17.448582,15.140248,18.841312,15.809718,16.63114,17.769064,18.492323
15,28.44271,24.993319,22.284983,18.494802,16.919949,14.327441,13.097716,11.078124,8.31572,10.487545,9.190565,12.161521,10.072906,8.151731,6.209151,0.0,4.5676107,6.2627444,10.065803,12.616085,16.489048,18.868412,22.604076,19.918325,18.819912,17.39055,12.660655,11.486232,8.774413,9.268039,6.420724,9.808056,12.981217,14.545506,13.096145,10.39492,14.650124,17.48017,14.390638,12.719277,18.000982,18.859617,15.667233,17.412546,21.518745,21.829016,19.881891,22.269543,25.765373,30.241442,27.57364,26.058403,30.455877,30.96081,27.514711,25.928007,21.515825,23.922882,28.41359,26.053585,21.054003,26.282429,26.79102,28.88631,24.189909,20.88378,24.671293,22.527544,18.816679,23.697645,24.216667,20.90552,18.994745,24.01465,21.847729,26.34993,24.529467,22.994816,25.305145,23.51398,22.768856,24.567896,20.064154,17.984467,15.978496,18.24217,15.568486,19.834658,18.77671,22.190094,20.753653,16.657835,19.30268,20.584713,15.766829,13.787041,18.058086,18.042349,13.728114,10.55483,15.085143,17.880762,16.39069,13.228036,16.392157,11.517606,13.026303,12.954971,14.568098
16,24.91533,21.629679,19.041525,15.13856,14.3053875,11.157588,11.655519,9.975312,9.097982,11.606054,11.825029,14.910916,12.872868,11.395286,6.7931085,4.5676107,0.0,4.7558084,5.6404314,9.545199,12.680885,15.198715,18.468784,16.315773,15.82856,14.257714,10.408109,8.405658,7.4877677,6.831872,8.049174,10.737623,15.077012,17.738821,16.617563,13.05941,16.770216,20.155794,16.554846,14.037392,19.401773,20.399338,16.46527,17.500263,22.244526,22.167679,18.953484,21.532696,25.54761,29.965933,27.882822,25.164244,30.29942,31.345165,28.051933,26.698164,22.550154,25.354475,29.784487,27.512217,23.190197,28.70549,29.644041,31.770134,27.09389,24.041534,28.047974,26.192572,21.984325,26.308977,27.307676,24.239408,21.584496,26.16454,23.747913,27.921312,25.560726,23.737265,25.271784,23.183672,21.718555,22.825434,18.185524,16.941141,16.005697,17.872086,16.828394,21.066822,20.851639,24.387362,23.619745,19.547768,22.350859,24.195072,19.628672,17.312984,21.793123,22.319002,18.123056,14.628792,18.902397,21.399271,19.266962,16.370998,18.506746,13.899878,14.046738,13.698637,13.886684
17,24.40831,20.683922,19.05085,14.350894,13.496751,12.121697,11.3014555,12.058397,10.3846,14.180759,14.34268,17.735952,16.173563,14.376022,10.818395,6.2627444,4.7558084,0.0,6.4689384,6.5453377,10.84785,13.061157,17.23195,14.314602,12.933602,12.085085,7.395767,7.5961547,6.7144465,8.896649,8.610031,13.940116,17.26686,19.527948,16.99514,13.483419,17.590113,19.853174,15.489791,13.583662,19.248066,18.58939,14.576909,16.75333,21.28873,19.755264,16.991842,20.634975,24.112421,28.420555,25.665434,22.695404,27.496887,28.58045,24.757154,22.9325,19.082527,21.55868,26.27158,24.760883,20.11129,25.74443,26.659245,29.195938,24.928442,21.71803,25.386251,23.69971,19.059568,22.795025,23.957067,21.154943,17.89544,22.042772,19.686413,23.555803,20.998396,19.345407,20.636225,18.933334,17.461897,18.975716,14.350949,12.598516,11.668656,13.140603,12.431383,16.60322,16.878164,20.547676,20.31419,16.557991,19.823639,21.997164,17.465252,15.580067,20.619461,21.221851,17.235708,14.01964,18.603287,21.163515,18.559359,15.475566,16.434519,11.070004,10.901149,9.498074,9.819793
18,20.903002,17.75833,15.923349,11.622398,12.208916,9.315537,11.8807125,11.857454,12.636692,15.538662,16.807524,19.958963,18.151056,16.859184,11.489735,10.065803,5.6404314,6.4689384,0.0,6.2021194,7.605802,10.259511,12.93126,11.4667225,11.814981,10.362156,8.437068,6.165265,8.520688,7.6293674,11.958403,14.665862,19.254574,22.58725,21.271833,17.190811,20.407457,23.799284,19.638784,16.70275,21.907808,22.461515,17.97258,18.517267,23.633701,22.635403,18.20126,21.252563,25.536127,29.701748,28.150629,23.951319,29.732855,31.418571,28.232616,27.057426,23.473198,26.507996,30.807888,28.930351,25.374784,31.063965,32.424774,34.667454,30.214111,27.424677,31.479544,29.983765,25.267918,28.771387,30.29067,27.60546,24.143,28.00825,25.410921,29.00187,26.066446,24.021742,24.490747,22.226048,19.89717,20.096003,15.5356045,15.472178,16.019161,17.133059,18.154402,22.08286,22.901907,26.469719,26.538456,22.71618,25.729134,28.126743,23.819654,21.444206,26.192703,27.149214,23.098831,19.505537,23.669613,25.933933,23.164358,20.497358,21.332384,16.98329,15.827434,14.926603,13.477395
19,19.80574,16.04972,15.795242,10.474295,11.169431,11.178563,11.860431,14.6196,14.551452,18.621166,19.866676,23.373926,22.109617,20.580673,15.882923,12.616085,9.545199,6.5453377,6.2021194,0.0,4.9234214,6.607262,11.168129,8.877869,7.828686,8.149558,6.0858583,7.5399632,9.964353,11.803431,14.142531,19.077173,22.767864,25.59357,22.95153,19.073845,22.679737,24.849178,20.019243,17.84845,23.207945,21.852936,17.430042,19.227665,23.9577,21.075148,17.174297,21.577158,25.096218,29.006418,26.666912,21.932875,27.270567,29.097588,25.243528,23.440374,20.536526,23.015892,27.58772,26.867695,23.070236,28.734604,30.025152,32.77829,28.960459,26.042727,29.506092,28.217543,23.167795,25.712772,27.3439,25.063828,20.982168,23.907923,21.597137,24.438522,21.13157,19.464315,19.075426,17.537926,14.794504,15.26937,10.718417,10.4676285,11.920222,11.653644,14.193326,17.372618,19.066866,22.538622,23.458677,20.192057,23.493954,26.343098,22.47882,20.42444,25.526455,26.763105,23.146364,19.794323,23.984224,26.16201,22.843718,20.196495,19.482182,14.999238,13.028826,11.098184,8.756668
20,18.293634,15.061954,15.592809,10.636333,12.860318,12.598727,15.07187,17.558132,18.453232,22.108887,23.674593,27.051884,25.507465,24.013004,18.924479,16.489048,12.680885,10.84785,7.605802,4.9234214,0.0,3.5446537,6.565217,4.883726,5.825766,6.158126,7.82947,8.304711,12.272524,13.092726,17.248215,21.273117,25.268217,28.701267,26.440351,22.198875,25.196733,27.750896,22.93647,20.28867,25.180208,24.221489,19.604927,20.42763,25.299427,22.404087,17.456793,21.584728,25.36975,28.959106,27.481707,21.689514,27.596966,29.94358,26.629137,25.391273,22.921894,25.7634,29.840128,29.00798,26.243118,31.847496,33.561462,36.08347,32.276077,29.770294,33.500504,32.525112,27.332903,29.469217,31.567265,29.58,25.2046,27.806177,25.184359,27.702808,24.184729,22.104998,21.039782,18.966213,15.634967,14.761427,10.7939005,12.311006,14.85774,14.577639,18.226166,21.347992,23.519152,26.945673,28.144838,25.031637,28.346357,31.243633,27.284986,25.339314,30.418045,31.613672,27.867905,24.55582,28.747509,30.882126,27.515917,24.972317,24.161598,19.91326,17.72847,15.77528,12.916342
21,15.627834,12.328677,13.816296,8.990363,11.672863,12.687636,14.9474,18.401957,19.574781,23.417736,25.39994,28.87597,27.810364,26.561869,21.111038,18.868412,15.198715,13.061157,10.259511,6.607262,3.5446537,0.0,5.2597656,6.392607,7.2574425,8.86588,10.667525,11.757385,15.490366,16.474657,20.26908,24.46994,28.512774,31.748955,29.316175,25.23164,28.446514,30.771145,25.85663,23.449278,28.427622,27.004045,22.487127,23.664555,28.40418,24.966187,20.272078,24.691938,28.22945,31.651478,29.97877,23.931767,29.599068,32.03924,28.462652,26.887499,24.827473,27.255798,31.474934,31.238813,28.25142,33.779953,35.31972,38.118977,34.58775,31.922216,35.26259,34.199615,29.032381,30.85703,32.71425,30.7479,26.367495,28.409636,26.263742,28.232168,24.530624,22.9711,21.152967,19.86096,16.192486,15.208621,11.735009,13.336775,16.351452,14.868402,19.267324,21.438784,23.89508,27.000639,28.605173,25.656118,28.758652,31.994684,28.657942,26.340775,31.301968,33.015614,29.607685,26.054441,29.894596,31.75145,28.050909,25.811659,24.238842,20.723001,17.879162,16.216286,12.572892
22,15.352277,13.212078,15.11306,11.5853815,15.075329,15.302316,18.91116,21.632011,23.504261,26.85288,29.021631,32.318832,30.97291,29.78778,24.098015,22.604076,18.468784,17.23195,12.93126,11.168129,6.565217,5.2597656,0.0,6.6874027,9.486465,10.416366,14.015939,14.094097,18.434223,18.469475,23.510155,26.733873,31.033884,34.764595,32.8147,28.464706,31.148825,33.91862,29.148388,26.321795,30.856653,30.047289,25.439688,25.691633,30.491861,27.426088,21.987494,25.783653,29.563433,32.662785,31.90978,25.223688,31.296328,34.108894,31.163015,30.178043,28.325083,31.11,34.866608,34.323612,32.172356,37.651253,39.528282,42.051273,38.41526,36.080727,39.74046,38.87325,33.632145,35.357624,37.551445,35.712975,31.208864,33.247997,30.797222,32.709267,28.96786,27.027208,24.987621,23.156002,19.334808,17.320969,14.652548,17.226124,20.532331,19.483416,24.091187,26.491608,29.068571,32.209034,33.825672,30.849554,33.960396,37.147717,33.598263,31.321321,36.259018,37.8727,34.263847,30.699852,34.58827,36.452534,32.817,30.610407,29.277283,25.801027,23.026583,21.42708,17.82517
23,21.252855,18.382694,19.705727,15.006991,17.532713,17.395018,19.898058,22.300667,22.98161,26.60001,27.81541,31.111082,29.118565,27.256006,22.813898,19.918325,16.315773,14.314602,11.4667225,8.877869,4.883726,6.392607,6.6874027,0.0,3.579335,4.057307,8.775517,9.652166,13.790272,14.901682,19.257975,23.379206,26.89981,30.620916,28.150124,23.747732,26.12186,28.410288,23.555115,20.87806,25.086506,23.846199,19.336046,19.633965,24.194246,20.820251,15.405336,19.511822,23.033596,26.151768,25.225037,18.617304,24.71657,27.473299,24.67327,24.016123,22.129122,25.231943,28.64664,27.846407,26.268133,31.635101,33.828754,36.076637,32.49247,30.541853,34.44975,34.01182,28.66092,30.093079,32.877686,31.455296,26.6505,28.866764,25.739052,27.951248,24.393507,21.718012,20.31844,17.490828,13.996427,11.973496,9.002171,11.957182,15.188215,15.3637705,19.691307,23.075136,25.748896,29.25574,30.712927,28.02344,31.629108,34.346653,29.986704,28.82655,34.063614,34.748352,30.86517,28.114252,32.607246,34.937,31.699013,28.971537,28.111935,23.366203,21.482876,18.804592,16.278717
24,22.82058,19.522318,20.864391,15.750435,17.673527,18.043478,19.476364,22.270859,22.256027,26.19312,27.069494,30.444422,28.515741,26.450169,22.566544,18.819912,15.82856,12.933602,11.814981,7.828686,5.825766,7.2574425,9.486465,3.579335,0.0,3.3992102,6.7642884,9.2066,12.575066,14.822123,17.913858,22.997355,26.029137,29.385128,26.349598,22.147755,24.746492,26.43936,21.407738,19.176302,23.497011,21.431433,17.069504,18.158901,22.45671,18.381044,13.6373205,18.432358,21.485855,24.676558,23.023012,16.717772,22.409214,24.982079,21.740276,20.736057,18.93509,21.828062,25.402227,24.961628,23.11877,28.445354,30.560362,32.958794,29.587961,27.5819,31.276747,30.9292,25.547804,26.700897,29.540936,28.299093,23.36617,25.39439,22.252747,24.379457,20.830751,18.153702,16.825464,14.059695,10.597934,9.133762,5.5548573,8.391435,11.7935505,11.951396,16.419521,19.823122,22.639418,26.161596,27.721329,25.300837,29.041647,31.678192,27.30121,26.548374,31.853376,32.353714,28.595697,26.169687,30.746275,33.15282,29.963863,27.134743,26.091085,21.05082,19.38579,16.225885,14.112706
25,24.236925,21.07015,21.737791,16.718327,18.565636,17.946238,19.846533,21.712679,21.71679,25.286215,25.904148,29.10258,26.752485,24.554037,20.94466,17.39055,14.257714,12.085085,10.362156,8.149558,6.158126,8.86588,10.416366,4.057307,3.3992102,0.0,5.446361,6.613298,10.3030615,12.063747,15.822273,20.341848,23.413637,27.074608,24.432467,20.028168,22.273039,24.41478,19.575445,16.916796,21.07201,19.842463,15.306296,15.651767,20.234629,17.074465,11.687296,15.928984,19.50268,22.91389,21.738342,15.664002,21.803106,24.303503,21.53141,21.039438,18.716764,22.120346,25.471754,24.210464,22.69131,28.086275,30.37883,32.426033,28.681496,26.861458,31.011856,30.69423,25.364,26.971811,29.959524,28.60502,23.826574,26.479753,22.952816,25.664936,22.372047,19.268515,18.783705,15.301812,12.428276,11.097826,7.4703426,9.823479,12.326042,13.778102,17.173424,21.36658,23.752432,27.489725,28.594025,25.926222,29.72468,32.067417,27.196949,26.61103,31.90929,32.026234,27.954096,25.659212,30.438236,33.02072,30.135979,27.138832,26.83335,21.420645,20.260244,17.203192,15.625128
26,25.458761,21.846718,21.68919,16.44156,17.152296,16.413359,17.003319,18.605965,17.666443,21.370966,21.47761,24.695257,22.43208,20.085432,17.145761,12.660655,10.408109,7.395767,8.437068,6.0858583,7.82947,10.667525,14.015939,8.775517,6.7642884,5.446361,0.0,4.3684683,6.091486,9.434851,11.206724,16.861448,19.607174,22.71701,19.677591,15.495205,18.43939,20.301224,15.326438,13.019342,17.947124,16.437738,11.867225,13.44504,18.081514,15.207796,11.136946,15.618461,19.017952,22.974882,20.732922,16.263777,21.700823,23.473026,20.060928,18.948212,15.77497,19.006071,22.992386,21.571548,18.771786,24.403551,26.288355,28.519468,24.55754,22.27324,26.371475,25.725855,20.479288,22.74569,25.335989,23.641174,19.155294,22.455374,19.028345,22.394012,19.40587,16.541195,17.17945,14.08084,12.091908,12.609442,8.114784,7.9054785,8.667608,11.033882,12.752127,17.53621,19.28247,23.168781,23.800224,20.95278,24.787329,26.897505,21.842865,21.397377,26.695934,26.606253,22.51243,20.366821,25.25719,27.96676,25.328768,22.165403,22.301159,16.453712,15.959363,12.815639,12.341717
27,25.509607,22.242777,21.350348,16.54629,17.420084,15.35342,17.06435,17.327175,16.960459,19.956615,20.094185,23.059225,20.35865,18.103523,14.85917,11.486232,8.405658,7.5961547,6.165265,7.5399632,8.304711,11.757385,14.094097,9.652166,9.2066,6.613298,4.3684683,0.0,4.536094,5.628031,9.8622,13.86229,17.334366,21.048002,19.045778,14.53703,17.061192,20.044638,15.582754,12.426232,17.219015,17.46288,12.797714,12.931811,18.06213,16.876461,12.080093,15.215495,19.433386,23.552896,22.177586,17.951336,23.831757,25.58523,22.834578,22.281096,18.73539,22.326502,26.022858,23.73351,21.270628,26.864801,28.817848,30.65157,26.227009,24.083317,28.612257,27.815811,22.818863,25.748207,28.215765,26.21547,22.178751,26.036955,22.536291,26.293102,23.503439,20.535017,21.496403,18.109701,16.23545,16.268797,11.993158,12.250005,12.632973,15.284617,16.27852,21.259867,22.490263,26.398886,26.552042,23.279432,26.898518,28.817188,23.539589,22.738647,27.83104,27.646347,23.248777,20.864588,25.731264,28.472507,26.102112,22.953901,23.93231,18.279167,17.993275,15.619645,15.10484
28,28.83851,25.371346,24.03877,19.268507,19.314564,17.159197,17.694382,17.330841,15.880638,18.647865,17.856428,20.61024,17.59669,14.890334,13.26851,8.774413,7.4877677,6.7144465,8.520688,9.964353,12.272524,15.490366,18.434223,13.790272,12.575066,10.3030615,6.091486,4.536094,0.0,4.8303037,5.538677,10.896276,13.559363,16.887115,14.537643,10.073397,12.957478,15.766695,11.386914,8.357061,13.627361,14.052686,9.644577,10.439095,15.350678,14.946037,11.537777,14.260232,18.121445,22.516779,20.529284,17.866169,23.018806,24.14159,21.302742,20.663166,16.522781,20.071133,23.80987,21.056263,18.066145,23.597586,25.368088,27.037357,22.371675,20.141527,24.839836,23.970425,19.211767,22.67588,25.017353,22.923628,19.302645,23.762943,20.148262,24.473923,22.204628,19.229229,21.272026,17.903122,16.985096,17.939041,13.753539,12.778152,11.583938,15.254567,14.410168,19.94337,20.485947,24.459309,24.031681,20.784298,24.432634,25.813091,20.051641,19.90537,24.88183,24.018158,19.444637,17.685692,22.779833,25.774324,23.949446,20.57232,22.320133,16.174908,16.982914,14.580864,15.422016
29,28.378067,25.348665,23.386574,19.249214,19.543306,16.201519,18.015179,16.31772,15.825357,17.64162,17.14621,19.544285,16.156553,13.826997,11.445374,9.268039,6.831872,8.896649,7.6293674,11.803431,13.092726,16.474657,18.469475,14.901682,14.822123,12.063747,9.434851,5.628031,4.8303037,0.0,7.0975227,8.512,12.634426,16.72679,16.015903,11.553552,13.661656,17.797316,14.355771,10.735736,15.2359495,17.501923,13.348659,12.508681,17.572943,18.583632,14.44754,15.842977,20.372377,24.704636,23.703785,20.895239,26.480568,27.736448,25.470774,25.230206,21.08397,24.77741,28.281523,25.040533,22.455997,27.83217,29.60716,30.975216,26.050802,23.96895,28.82933,27.776047,23.347006,27.199776,29.31974,26.947502,23.733852,28.378918,24.891594,29.270351,26.974018,24.037992,25.873882,22.413486,21.159771,21.531448,17.336157,17.023163,16.309162,19.58059,18.981848,24.275654,24.596775,28.47615,27.811,24.196833,27.49667,28.86302,23.278355,22.45019,27.073233,26.424631,21.765541,19.542423,24.302008,27.14817,25.482546,22.319437,24.629986,19.117134,19.688484,18.101282,18.386429
30,32.35958,28.86605,26.816828,22.450272,21.666365,19.13423,18.711613,17.148054,14.7236395,16.628456,14.656827,16.8712,13.459681,10.303964,11.167461,6.420724,8.049174,8.610031,11.958403,14.142531,17.248215,20.26908,23.510155,19.257975,17.913858,15.822273,11.206724,9.8622,5.538677,7.0975227,0.0,7.410837,9.036053,11.620539,9.447279,5.2432756,9.057098,12.142198,8.797287,6.407217,11.688811,13.2093725,10.059683,11.213562,15.1994,16.412024,14.78017,16.386368,19.746164,24.229471,21.85087,21.06744,25.292545,25.643297,22.888027,22.13822,17.498373,20.64014,24.344397,21.040846,17.264204,22.40383,23.662891,25.051466,20.028769,17.567993,22.322866,21.063877,17.066002,21.561565,23.278324,20.794733,18.289715,23.503887,20.178274,25.060246,23.505367,20.909918,23.934597,20.966713,20.854813,22.492298,18.44011,16.603704,14.155953,18.100115,15.229545,20.76086,20.162937,23.95469,22.589417,19.215134,22.509678,23.13287,17.030243,17.29853,21.740517,20.129053,15.34214,14.239809,19.310295,22.505737,21.55594,18.101288,21.149006,15.095793,17.170397,15.498545,17.551828
31,34.834194,31.887209,28.988953,25.517586,24.853241,20.965948,21.747473,18.160492,16.726192,16.643473,14.442923,15.397739,10.885672,8.170601,10.248756,9.808056,10.737623,13.940116,14.665862,19.077173,21.273117,24.46994,26.733873,23.379206,22.997355,20.341848,16.861448,13.86229,10.896276,8.512,7.410837,0.0,5.489781,9.484244,11.3290205,8.423804,9.469446,14.588131,13.560145,10.786347,13.759293,18.16406,15.672334,14.604174,18.25497,21.692421,19.460526,19.1926,23.10001,27.417707,26.33159,25.87875,30.399979,30.727348,28.896044,28.807909,24.14536,27.509254,30.675703,26.52596,23.607073,28.214783,29.478527,30.167133,24.874752,22.940302,27.82104,26.441982,23.285032,28.157892,29.602953,26.907015,25.163343,30.579493,27.343544,32.334595,30.9026,28.222479,31.226622,27.949877,27.634575,28.714302,24.640097,23.438147,21.40527,25.233807,22.567368,27.902506,26.958319,30.5548,28.732277,25.073668,27.754597,28.02469,22.265259,21.932775,25.45182,23.76205,19.097912,17.87131,22.085371,25.025503,24.778221,21.741343,25.824083,20.759989,22.733469,21.986387,23.566072
32,39.76651,36.613712,33.913353,30.165642,29.30691,25.843424,25.87329,22.594273,20.356976,20.272005,17.188677,17.593048,13.052535,9.932115,14.57999,12.981217,15.077012,17.26686,19.254574,22.767864,25.268217,28.512774,31.033884,26.89981,26.029137,23.413637,19.607174,17.334366,13.559363,12.634426,9.036053,5.489781,0.0,4.9573593,7.686004,6.42674,5.367518,10.37562,11.17146,9.533458,10.636562,15.818443,14.734907,13.704763,15.90532,20.47904,19.74687,18.689617,21.705317,25.81382,24.507912,25.686022,29.218502,28.916248,27.515984,27.732492,23.031864,26.21235,28.760988,24.075438,21.58091,25.423628,26.647066,26.694115,21.370445,20.00565,24.981716,23.936832,21.48874,26.343409,27.899582,25.587158,24.379023,29.920715,26.515537,31.696402,30.884321,28.081245,31.833916,28.421604,28.887926,30.344833,26.676666,25.081718,22.356794,26.791477,23.186476,28.698725,27.404087,30.885952,28.667753,25.52873,28.195726,27.681196,21.510525,22.540949,25.658588,22.766335,18.195381,18.526209,22.69077,25.832357,26.31976,23.18476,27.629433,22.270391,25.055796,23.960299,26.350647
33,42.602406,39.307007,36.45417,32.793804,31.424738,28.289164,27.385977,24.086708,21.16695,20.751509,16.976833,16.776926,12.75097,9.890973,16.240383,14.545506,17.738821,19.527948,22.58725,25.59357,28.701267,31.748955,34.764595,30.620916,29.385128,27.074608,22.71701,21.048002,16.887115,16.72679,11.620539,9.484244,4.9573593,0.0,5.701866,7.7137594,7.174615,9.852372,12.047521,12.007749,12.61482,16.884047,16.836231,16.86703,18.096128,22.504705,22.962896,22.172567,24.447111,28.406963,26.404896,28.56456,31.282633,30.451677,28.822435,28.682,23.989483,26.512568,29.048859,24.551361,21.37308,24.545055,25.124704,25.042467,19.909124,18.395819,22.802658,21.473309,20.06458,25.251516,26.132523,23.724052,23.546516,29.168282,26.255077,31.473864,31.196972,28.871252,33.058018,30.169083,31.077497,33.059116,29.451643,27.285086,24.013878,28.30399,23.75455,28.831957,26.876904,29.980097,27.222925,24.371616,26.580132,25.386017,19.481184,21.05572,23.361856,19.779861,15.640443,17.02497,20.587118,23.674622,24.942678,22.003437,26.93178,22.038322,25.449377,24.707645,27.72851
34,41.146233,37.54027,35.25861,31.088676,29.67831,27.376865,25.783411,23.706223,20.225557,21.013725,17.41482,18.15741,14.759495,11.502894,16.84049,13.096145,16.617563,16.99514,21.271833,22.95153,26.440351,29.316175,32.8147,28.150124,26.349598,24.432467,19.677591,19.045778,14.537643,16.015903,9.447279,11.3290205,7.686004,5.701866,0.0,4.6526465,6.1349196,6.223815,7.454596,8.811509,10.297841,12.404263,12.71322,14.243509,15.234683,18.329206,19.694752,19.87986,21.570148,25.580383,22.586039,24.928684,27.150398,26.17112,23.971876,23.424845,18.76265,20.976246,23.726843,19.684444,15.815043,19.17709,19.715475,20.05447,14.886966,12.935498,17.529509,16.34969,14.487878,19.580791,20.708708,18.551289,18.06858,23.633924,20.619467,25.835472,25.71424,23.469769,27.87488,25.238646,26.51541,28.89892,25.539679,22.959335,19.309767,23.679426,18.725145,23.82459,21.964977,25.128967,22.562252,20.113762,22.760403,21.595673,15.146476,17.751238,20.671032,16.769487,12.400066,14.494414,18.724764,22.065916,22.90715,19.65857,23.900095,18.375095,22.036406,20.686672,24.14359
35,37.548676,34.0056,31.91783,27.582048,26.591291,24.134035,23.236212,21.373554,18.41076,19.69988,16.766481,18.177168,14.445444,10.948911,14.603532,10.39492,13.05941,13.483419,17.190811,19.073845,22.198875,25.23164,28.464706,23.747732,22.147755,20.028168,15.495205,14.53703,10.073397,11.553552,5.2432756,8.423804,6.42674,7.7137594,4.6526465,0.0,4.7362304,7.2978725,5.721572,5.013691,8.483888,10.942485,9.663697,10.761685,13.129908,15.853872,15.969959,16.446157,18.917927,23.217686,20.630957,21.738829,24.896708,24.523254,22.271334,21.892885,17.123209,20.05927,23.074694,19.02899,15.5803175,19.91162,21.092926,21.773932,16.510862,14.554666,19.599817,18.627352,15.48126,20.195309,21.969843,19.82545,18.116646,23.586994,20.10296,25.275383,24.489975,21.795427,25.708899,22.611078,23.384964,25.357933,21.81108,19.65562,16.471539,21.002773,16.993645,22.59305,21.451683,25.036512,23.0939,20.261822,23.387846,23.054337,16.4863,18.241222,22.043179,19.091032,14.344892,15.019828,19.865292,23.231161,23.214197,19.765932,23.45453,17.415787,20.40962,18.668913,21.529005
36,41.186535,37.775707,35.71338,31.40083,30.709835,27.92321,27.574907,25.354685,22.707888,23.558372,20.499878,21.404196,17.220947,13.799093,18.01868,14.650124,16.770216,17.590113,20.407457,22.679737,25.196733,28.446514,31.148825,26.12186,24.746492,22.273039,18.43939,17.061192,12.957478,13.661656,9.057098,9.469446,5.367518,7.174615,6.1349196,4.7362304,0.0,5.5365815,6.684186,5.948776,5.5958986,10.774948,10.609058,9.874066,11.044087,15.835204,16.270794,15.10454,17.286974,21.303064,19.548803,21.637354,24.460487,23.857698,22.669579,23.188225,18.609726,21.851841,23.865746,18.897943,17.109495,20.663218,22.2979,22.035347,16.71645,15.962727,21.299107,20.952185,18.314196,22.530037,24.791176,23.16751,21.56113,26.864706,22.994938,28.132175,27.590876,24.43973,28.563368,24.873745,25.917166,27.54943,24.407991,22.68266,19.65344,24.60805,20.841595,26.616516,25.621634,29.180754,27.200323,24.66621,27.762371,27.080652,20.429937,22.7043,26.196709,22.703287,18.147152,19.399359,24.002874,27.350431,27.67871,24.293705,28.14695,22.111355,25.104523,23.169119,25.913725
