,0,1,2,3,4,5,6,7,8,9,10,11,12,13,14,15,16,17,18,19,20,21,22,23,24,25,26,27,28,29,30,31,32,33,34,35,36,37,38,39,40,41,42,43,44,45,46,47,48,49,50,51,52,53,54,55,56,57,58,59,60,61,62,63,64,65,66,67,68,69,70,71,72,73,74,75,76,77,78,79,80,81,82,83,84,85,86,87,88,89,90,91,92,93,94,95,96,97,98,99,100,101,102,103,104,105,106,107,108,109,110,111
0,0.0,4.3401103,6.2463374,9.876833,12.297647,14.735767,17.736284,21.916878,24.816261,27.582617,31.734644,29.231455,27.113638,26.041508,21.229618,21.523794,16.247837,17.184334,14.2630415,14.250161,14.113855,9.921282,13.739922,15.606031,14.59561,16.922232,19.075172,21.514267,19.54531,23.894703,22.997337,28.348608,31.820915,34.76604,37.270897,38.698803,42.142868,41.070225,38.769745,35.349598,35.840946,32.06419,29.646336,27.698212,25.480612,23.404068,19.187086,18.881718,17.079544,15.677416,16.09987,12.849592,16.055555,14.456884,19.267656,23.090305,23.80543,24.667484,29.577522,28.968224,25.578161,30.850256,31.154694,31.533344,36.367207,33.31691,37.070904,35.475098,39.793297,36.17687,32.393555,35.73765,33.553646,39.39708,36.538494,37.035385,38.447067,36.356342,36.976658,38.94936,36.045815,32.77955,31.750357,28.553473,28.259834,23.887384,25.72022,20.48116,22.367773,21.642622,22.688839,23.974545,23.816143,27.491709,30.118332,30.25586,29.068268,28.665157,27.305676,26.636223,27.90274,25.141335,29.13507,27.46478,29.349106,31.457432,30.94377,37.016727,35.09535,39.429604,40.471397,43.98815
1,4.3401103,0.0,5.3066125,6.734552,9.108935,12.482159,14.695047,19.615662,21.780987,24.901985,28.688723,26.491676,24.84636,23.421343,18.84514,18.343733,13.174701,13.368883,10.455514,9.93383,9.926649,6.183918,10.344464,11.625584,11.722516,13.297629,16.174318,18.108265,15.751524,19.903221,19.214388,24.284729,28.288517,30.941906,33.685192,35.174408,38.477066,37.407063,34.883904,31.325893,32.13363,28.145521,26.010275,24.047575,22.099316,20.224783,16.153553,16.334394,14.924129,14.298407,14.555968,12.313101,15.348933,13.789188,17.83345,21.471867,21.493372,22.806353,27.685501,26.94954,23.268707,28.334635,28.167574,28.332014,32.940437,29.7059,33.33437,31.488928,35.892185,32.32663,28.364548,31.546625,29.309977,35.087082,32.284233,32.723747,34.23435,32.256584,33.000427,35.10763,32.35773,28.956383,28.051918,24.694794,24.123777,19.863386,21.427715,16.17267,18.21051,17.70388,19.093157,20.622599,20.912653,24.49156,26.857973,26.716253,25.257334,24.747013,23.165342,22.552782,23.605919,21.011642,24.96628,23.58287,25.849588,27.703465,26.974586,33.048725,30.872274,35.234413,36.174835,39.713192
2,6.2463374,5.3066125,0.0,5.0830965,6.940379,8.643544,11.970722,15.689378,18.847412,21.466156,25.726992,23.19461,20.987164,20.167593,15.250394,15.987983,11.058514,12.468373,11.127481,11.496765,13.152613,10.462454,15.016152,15.048162,15.4082985,16.06861,17.855341,19.366545,15.643091,20.09861,18.226946,23.94556,26.321907,29.543308,31.764614,33.047073,36.675816,35.74129,33.717842,30.645884,30.84558,27.776714,24.938717,24.003557,21.002403,20.16122,16.049355,16.734287,16.07241,14.434015,13.555828,10.531393,12.478153,9.545621,14.161781,17.658817,18.757141,20.147783,24.766584,24.881863,21.535122,27.291819,27.059244,28.034761,32.2945,29.969393,33.744286,32.068127,36.76282,33.78506,29.86767,33.18027,30.39844,36.30027,32.59638,33.460495,34.322792,31.912594,32.44105,34.067112,31.16004,28.131813,26.489563,23.604311,23.914627,19.35466,22.165888,17.905745,20.149063,20.579508,21.82809,24.090155,24.32785,28.134657,30.093351,30.018248,28.141367,27.901436,25.836079,25.719164,25.785831,23.81677,26.892233,25.539528,28.093756,29.133005,28.396688,34.407253,32.169865,36.260067,37.316204,40.415676
3,9.876833,6.734552,5.0830965,0.0,3.8559334,6.16951,8.962503,13.370218,15.409325,18.788677,22.260506,19.800566,18.241581,16.692049,12.191471,11.712867,6.59253,7.6067767,6.3405027,7.3939414,9.768817,8.578211,13.240233,12.536319,14.844986,14.23976,17.045378,17.553787,12.609487,16.560747,14.5542145,19.777458,22.63715,25.220093,27.970005,29.13379,32.72409,32.006905,29.598309,26.398724,27.282507,24.144007,21.723969,21.229927,18.463438,18.463783,14.793519,16.389416,16.411982,15.803491,14.671962,13.074773,14.458689,11.448523,14.597911,17.471752,17.789253,20.010149,24.346937,24.551546,20.903685,26.368172,25.280985,26.064661,29.733358,27.295832,30.800886,28.596022,33.52002,30.751562,26.479519,29.316916,26.30373,31.917004,28.070387,28.679346,29.442863,27.019794,27.497631,29.253798,26.359186,23.208994,21.9223,18.856504,19.102606,14.509208,17.6182,13.89097,16.695679,17.729937,19.654276,22.167387,23.122732,26.586365,28.148476,27.559938,25.26562,24.707264,22.193045,21.969015,21.372925,19.545382,22.107046,20.824066,23.678528,24.298645,23.463388,29.434986,27.204565,31.23261,32.4047,35.46337
4,12.297647,9.108935,6.940379,3.8559334,0.0,5.3246894,5.5945654,11.001984,12.791704,15.83859,19.719404,17.966516,16.626623,15.511112,11.102095,10.534373,6.791666,6.4094424,8.057988,7.261158,10.779192,10.856226,14.489451,12.360461,14.458995,13.03702,14.900633,14.976611,9.509933,13.699494,11.364256,17.09741,19.563932,22.733145,25.007828,26.430872,29.900717,28.91833,26.793642,23.718407,24.014593,21.0429,18.275204,17.939331,14.808307,15.137909,11.621917,13.645382,14.334748,13.735778,12.062969,11.29773,11.969142,9.375727,11.39148,14.102259,13.999305,16.355747,20.624651,20.832882,17.189323,22.701506,21.542227,22.553368,26.169884,24.064425,27.671562,25.740784,30.677551,28.18328,24.124432,27.271425,24.117878,30.010817,25.916615,27.098614,27.828253,25.447294,26.237373,27.844563,25.29623,22.201044,20.106358,17.165432,17.378258,12.928255,15.886845,12.617509,15.003515,16.583857,18.10167,21.151333,21.99357,25.572617,26.744532,26.327074,23.825449,23.710506,21.071743,21.596306,20.633787,19.750267,22.09131,21.63961,25.12728,25.093384,23.815828,29.625893,26.64749,30.589779,31.343811,34.199184
5,14.735767,12.482159,8.643544,6.16951,5.3246894,0.0,5.9456363,7.6024714,10.80017,13.670181,17.461819,14.569214,12.442306,11.614418,6.6808934,8.146481,4.978011,7.7447386,9.803418,11.376089,14.804715,14.597428,18.97742,17.274979,19.73458,18.261961,19.96766,19.706448,13.375528,16.949919,13.396052,18.867804,19.293545,22.403631,24.500162,25.30196,29.278238,28.839592,27.049301,24.599691,24.839735,23.105677,19.999393,21.150482,17.267569,19.027672,15.927273,18.223663,19.207966,18.05596,15.844617,14.41391,14.012914,9.79842,11.868157,13.676817,15.11433,17.801561,21.330023,22.739826,19.609362,25.490988,23.974934,25.68829,28.503904,27.29553,30.744476,28.662134,33.847958,31.96015,27.82546,30.570574,26.949448,32.41815,27.498894,28.610651,28.457596,25.53474,25.71986,26.773764,23.7941,21.265865,18.938528,16.714952,18.262236,13.685287,18.333948,16.496445,19.279428,21.350561,23.10075,26.254251,27.250097,30.746727,31.749706,31.144066,28.403355,28.116741,25.122011,25.483747,23.672092,22.814754,24.061127,23.05235,26.235294,25.648367,24.745712,30.311699,27.984697,31.481396,32.734707,35.11309
6,17.736284,14.695047,11.970722,8.962503,5.5945654,5.9456363,0.0,6.618601,7.5723057,10.357321,14.418492,13.367687,12.484419,11.889555,8.301376,7.7495804,7.414896,6.417854,11.135612,10.336099,14.479335,15.808321,18.805708,15.568843,18.114283,15.53782,16.419506,15.276624,8.446473,11.710447,7.835625,13.772405,14.410652,18.171995,19.857473,21.25987,24.827211,23.87667,22.190594,19.647,19.342842,17.451143,14.139901,15.418667,11.36738,13.818225,11.472914,14.439972,16.32184,15.839045,13.336064,13.7096,12.711252,10.201975,9.552468,10.729926,10.387596,13.605121,16.96357,17.992697,14.679311,20.150475,18.216688,19.924706,22.559181,21.514517,24.961939,23.097952,28.241667,26.644922,22.769503,25.77534,22.10278,27.862625,22.912859,24.721828,24.821968,22.213875,23.069433,24.191721,21.954834,19.26473,16.030125,13.703174,14.652235,10.605891,14.3921585,13.288665,15.398157,18.100996,19.447859,23.095892,24.133572,27.50848,27.934647,27.414865,24.442835,24.631638,21.554472,22.81074,20.665089,21.03638,22.176373,22.454338,26.487942,25.260902,23.651882,28.957216,25.466806,28.936062,29.46506,31.72204
7,21.916878,19.615662,15.689378,13.370218,11.001984,7.6024714,6.618601,0.0,5.3644876,6.486575,10.9422245,8.70555,6.580983,7.718742,4.919476,7.7113686,9.776162,11.079279,15.542547,16.320328,20.33877,21.300364,24.929962,22.033243,24.63583,22.153204,22.684063,21.38635,14.528034,16.861715,12.201875,17.0178,14.120128,18.054668,18.891195,19.443338,23.608631,23.315474,22.470554,21.104568,20.267582,20.424894,16.731234,19.861961,15.173856,19.016071,17.245003,20.171227,22.241102,21.121426,18.161322,17.897518,15.784339,12.195596,10.974781,10.256745,12.143218,15.394693,17.26557,19.982975,17.706078,23.274641,21.065899,23.71338,25.173624,25.538246,28.686056,26.905025,32.114883,31.39689,27.705574,30.283545,26.196318,31.33182,25.457712,27.390701,26.334076,23.1533,23.330421,23.49721,21.00936,19.355728,15.36513,14.532252,17.186192,13.649844,18.794935,19.17904,21.437824,24.469664,25.865608,29.60269,30.666632,33.999672,34.214325,33.610744,30.453602,30.597126,27.263561,28.481546,25.539038,26.104832,26.08909,26.001284,29.755707,27.782696,26.499048,31.269836,28.357706,31.128466,32.051605,33.54238
8,24.816261,21.780987,18.847412,15.409325,12.791704,10.80017,7.5723057,5.3644876,0.0,4.6290455,6.9380264,6.442018,7.243552,6.9640574,7.066647,6.3992286,10.70902,10.302788,15.639928,15.940955,19.961988,22.063616,24.916807,21.409634,24.84261,21.547174,22.387747,20.179165,13.071547,13.923918,9.174541,12.539815,9.222927,12.707773,14.005632,14.617016,18.7041,18.529623,17.279951,15.920733,15.658711,16.118082,12.969858,17.013271,12.892737,17.774107,16.997114,20.400633,22.90065,22.67459,19.9108,20.711504,18.829334,16.163296,13.994832,12.805004,12.684277,16.450567,17.75255,20.073973,17.659393,22.230886,19.060097,21.375677,21.879406,22.328224,25.005941,22.800756,28.096474,27.839582,24.096151,26.131987,21.8436,26.545088,20.39817,22.440517,21.164154,18.022858,18.414684,18.595594,16.544903,14.868278,10.3442955,9.740182,12.583703,9.947213,15.023174,16.970636,19.091124,22.660992,24.273962,28.10213,29.617868,32.486496,32.190598,31.238802,27.804998,27.873539,24.302044,25.7678,22.109644,23.472322,22.657856,23.27206,27.425985,24.73163,23.094517,27.38208,24.03139,26.512066,27.21292,28.453234
9,27.582617,24.901985,21.466156,18.788677,15.83859,13.670181,10.357321,6.486575,4.6290455,0.0,5.9661775,7.200029,7.61578,9.440951,9.967729,10.820005,14.762766,14.555023,19.919008,19.832058,23.965715,25.880651,28.668074,24.919195,27.68945,24.438656,24.274818,22.079414,15.601957,16.364214,11.745877,14.908996,9.123752,13.824466,13.239154,13.878119,17.885641,17.499056,17.49099,17.108109,15.250938,17.103468,13.3404665,18.03447,13.44267,18.7385,18.416754,21.659142,24.434547,23.814936,20.736597,21.690884,19.024282,16.735098,13.466172,11.007518,11.493717,14.954819,15.060603,18.280205,16.739792,21.152372,18.126213,21.200108,21.195242,22.813837,25.455906,23.937454,28.945652,29.252182,26.090809,28.382738,24.142889,28.802826,22.48886,25.16543,23.611061,20.583508,21.078293,20.652264,19.12319,18.121,12.876144,13.280103,16.110003,14.170079,18.562473,20.641823,22.234297,25.828138,26.917326,30.922934,32.108646,35.090176,34.591106,33.943653,30.548792,31.035696,27.599293,29.514307,25.884047,27.666767,26.835506,27.751593,31.975273,29.081877,27.356342,31.314837,27.693125,29.847675,30.212027,30.995062
10,31.734644,28.688723,25.726992,22.260506,19.719404,17.461819,14.418492,10.9422245,6.9380264,5.9661775,0.0,5.36513,8.595163,9.215485,12.304955,11.822728,17.010393,16.57993,21.807085,22.222372,26.08149,28.610962,31.15414,27.388124,31.063982,27.373964,27.902945,25.119404,18.533106,17.96786,13.765259,14.461139,7.3557634,9.817333,9.600579,8.9953165,13.473977,14.203334,13.972355,14.454484,13.805688,16.829096,14.318833,19.893839,16.313896,22.131598,22.401262,25.884647,28.75065,28.696062,25.827024,27.026703,24.671478,22.301254,19.284029,16.902554,16.662388,20.212591,19.80087,22.786413,21.28088,24.702185,20.863798,23.49148,22.102057,23.961004,25.792637,23.642384,28.622892,29.61492,26.366816,27.61172,23.17015,26.654524,19.893219,22.259804,19.763966,16.526339,16.578077,15.484478,14.31386,14.225924,8.752716,10.785539,14.372331,13.835815,18.305658,21.972036,23.71739,27.639538,29.17848,33.06408,34.771427,37.250023,36.37288,35.234024,31.603624,31.743366,28.0516,29.801126,25.333342,27.543728,25.447388,26.54811,30.677814,26.93649,25.249903,28.278736,24.975468,26.333704,26.89837,26.988718
11,29.231455,26.491676,23.19461,19.800566,17.966516,14.569214,13.367687,8.70555,6.442018,7.200029,5.36513,0.0,4.0527396,4.265093,8.330185,8.97512,14.0095415,14.963787,19.46447,21.048027,24.776653,26.684149,29.992508,26.948822,30.8017,27.582167,28.780272,26.516079,19.348326,19.738506,15.186692,17.014137,11.852318,13.55753,14.681876,13.721807,18.306131,19.364021,18.537222,18.3493,18.601057,20.548193,17.946732,22.781977,18.891788,24.10725,23.43676,26.820517,29.256496,28.842432,25.99308,26.30983,24.232182,20.8956,19.095024,17.337961,18.240864,21.827219,22.252438,25.360985,23.474487,27.836428,24.425957,26.966774,26.465229,27.599138,29.777128,27.321377,32.549053,32.901215,29.15152,30.423521,25.957127,29.589895,22.966509,24.519745,22.049288,18.432474,17.745012,16.861534,14.402529,14.185781,9.994419,11.348981,15.508578,13.7113285,19.410337,22.23827,24.686771,28.339855,30.28289,33.99756,35.74585,38.44424,38.05935,36.826164,33.271896,33.018112,29.253448,30.33205,26.066315,27.290594,25.320475,25.37445,28.977655,25.617908,24.4863,27.965559,25.67223,27.284016,28.628813,29.090342
12,27.113638,24.84636,20.987164,18.241581,16.626623,12.442306,12.484419,6.580983,7.243552,7.61578,8.595163,4.0527396,0.0,4.0045586,6.205595,9.066832,12.967221,14.912042,18.99791,20.889828,24.660213,25.872421,29.687239,27.005087,30.38305,27.638083,28.676973,26.93796,19.764654,21.071726,16.330774,19.407331,14.723027,17.251106,18.110046,17.435822,21.992126,22.752354,22.124746,21.686646,21.468973,22.998388,19.872904,24.19067,19.825304,24.534756,23.270382,26.410433,28.595707,27.665714,24.722895,24.410868,22.241213,18.413095,17.21002,15.683142,17.653042,20.979794,21.746998,25.0967,23.25256,28.26992,25.419535,28.185274,28.396961,29.406134,31.984077,29.785196,35.050343,35.022213,31.237326,32.969822,28.586424,32.713985,26.261719,27.813026,25.669832,22.070381,21.399185,20.720201,17.969004,17.465422,13.651613,14.299588,18.186787,15.508874,21.413303,23.215397,25.791742,29.159126,30.985735,34.68002,36.15098,39.173008,39.131096,38.125286,34.724026,34.5279,30.883348,31.827145,28.038433,28.732605,27.399801,26.987337,30.367512,27.581753,26.662312,30.62943,28.543344,30.503582,31.958372,32.723877
13,26.041508,23.421343,20.167593,16.692049,15.511112,11.614418,11.889555,7.718742,6.9640574,9.440951,9.215485,4.265093,4.0045586,0.0,5.0407476,6.1712875,10.617184,12.536325,16.265562,18.64121,22.146751,23.621027,27.36423,24.90187,28.883778,26.046946,27.850313,25.991087,18.633251,19.680403,15.195239,17.76514,14.513359,15.947658,18.02414,17.300585,21.811264,22.7587,21.306702,20.350468,21.254272,22.08146,19.552073,23.564861,19.719254,24.237011,22.893156,26.136324,28.168089,27.66381,25.003714,24.76771,23.182877,19.32719,18.644054,17.742464,18.956352,22.528028,23.833239,26.601765,24.254269,29.126654,26.021656,28.264643,28.551212,28.889578,31.331818,28.63529,34.01055,33.73239,29.612732,30.96338,26.594374,30.471817,24.19003,25.180979,23.114805,19.457056,18.578913,18.293621,15.121066,14.251914,11.3281355,11.515553,15.476006,12.680596,18.896646,20.857864,23.76443,27.102913,29.337149,32.834137,34.618694,37.41995,37.42787,36.13056,32.699436,32.15154,28.421412,28.984407,25.0674,25.49061,23.893744,23.214066,26.464039,23.659002,22.870861,26.892342,25.16505,27.20114,28.962044,29.95087
14,21.229618,18.84514,15.250394,12.191471,11.102095,6.6808934,8.301376,4.919476,7.066647,9.967729,12.304955,8.330185,6.205595,5.0407476,0.0,4.9198785,6.951496,9.7427635,13.150508,15.441118,19.035278,19.838999,23.943869,21.76434,25.164848,22.842709,24.552092,23.311186,16.116266,18.292692,13.87093,18.005926,16.16978,18.651915,20.662588,20.678164,25.029146,25.313625,23.774036,22.142143,22.622862,22.391182,19.411066,22.371689,18.262444,21.844906,19.769678,22.706306,24.384068,23.534367,20.947466,20.206112,18.891521,14.734867,14.9539175,14.946227,16.565514,19.883787,22.077541,24.485598,21.843649,27.313654,24.86236,27.027323,28.411684,28.182552,31.13099,28.712194,34.08947,33.13854,28.973875,30.989206,26.854467,31.53391,25.72214,26.824556,25.583458,22.184101,21.789303,22.120981,18.975874,17.270248,14.509359,13.448716,16.465221,12.573391,18.515219,18.928806,21.871311,24.777212,26.825457,30.249308,31.701307,34.840992,35.264965,34.267788,31.08336,30.65799,27.173864,27.670189,24.567982,24.432394,24.028807,23.126522,26.37721,24.521345,23.704002,28.523493,26.534994,29.267818,30.838928,32.457375
15,21.523794,18.343733,15.987983,11.712867,10.534373,8.146481,7.7495804,7.7113686,6.3992286,10.820005,11.822728,8.97512,9.066832,6.1712875,4.9198785,0.0,5.5037613,6.4216833,10.491264,12.531966,16.032852,17.840506,21.287098,18.788277,23.031538,20.183596,22.579643,20.835493,13.51708,14.902846,10.898704,14.131213,14.01741,15.513523,18.562172,18.790876,22.840406,23.097189,20.772167,18.563757,20.080753,19.108368,16.90285,19.633896,16.330225,19.93703,18.251003,21.440304,23.209366,23.183292,20.94387,20.958529,20.177532,16.768133,16.619234,16.832077,16.940605,20.553223,22.93336,24.614107,21.542412,26.384115,23.453957,24.979637,26.175789,25.33159,28.00922,25.106918,30.530148,29.471653,25.06012,26.663555,22.542055,27.010475,21.4167,22.18402,21.222189,17.975163,17.795256,18.695866,15.650255,13.266528,11.12415,9.175105,11.815742,7.811227,13.949128,14.960339,18.087059,21.199064,23.618658,26.946249,28.817719,31.582611,31.804388,30.474499,27.165934,26.49274,22.866095,23.259285,19.835821,19.899607,19.192205,18.615036,22.23,20.132845,19.042797,23.922932,21.675312,24.565435,26.089172,27.94567
16,16.247837,13.174701,11.058514,6.59253,6.791666,4.978011,7.414896,9.776162,10.70902,14.762766,17.010393,14.0095415,12.967221,10.617184,6.951496,5.5037613,0.0,4.631241,6.237997,9.24031,12.370634,13.0915,17.277298,15.718807,19.57549,17.618708,20.5541,19.741707,13.056742,15.737172,12.557366,16.86839,18.487173,20.317001,23.431974,24.017305,27.897358,27.796293,25.299938,22.52575,23.99241,21.87343,19.623182,20.848675,17.75551,19.787735,17.096033,19.71324,20.719694,20.471006,18.66951,17.8799,18.003872,14.3704405,15.902471,17.400097,17.786722,20.907833,24.285978,25.376337,21.938913,27.221285,25.056334,26.220867,28.580149,26.879435,29.946827,27.195124,32.488907,30.565699,26.033636,28.08807,24.42588,29.37777,24.611698,25.054941,24.913174,22.016087,22.002764,23.409206,20.248587,17.423399,16.180702,13.51795,14.896357,10.242018,15.258429,13.950879,17.326523,19.571133,22.040854,24.976082,26.596687,29.63089,30.503706,29.36891,26.460835,25.643167,22.401306,22.2525,20.019606,18.87363,19.604591,18.271341,21.400501,20.70123,19.921785,25.507494,23.598866,27.099592,28.689783,31.20528
17,17.184334,13.368883,12.468373,7.6067767,6.4094424,7.7447386,6.417854,11.079279,10.302788,14.555023,16.57993,14.963787,14.912042,12.536325,9.7427635,6.4216833,4.631241,0.0,5.693034,6.1358852,9.865836,12.078124,15.029492,12.391585,16.749277,14.020234,17.113415,15.7704735,9.052541,11.325481,8.7878,12.900049,16.172894,17.91431,21.233006,22.334953,25.746334,25.242592,22.422915,19.165045,20.837996,17.908937,16.089058,16.730476,14.302936,16.122871,13.865843,16.726223,18.010567,18.542088,16.968655,17.2695,17.576471,15.095151,15.645272,17.133064,16.137804,19.344433,22.800781,23.194992,19.49085,24.150764,21.763924,22.422796,24.852394,22.66665,25.660477,22.821033,28.055515,25.985765,21.421698,23.564123,20.011908,25.229841,20.826302,21.46669,21.923065,19.450047,20.08037,21.914461,19.34056,16.029486,14.688444,11.373855,11.556441,6.9177856,10.936544,9.510329,12.808498,15.3591585,17.866266,20.962223,22.783875,25.631237,26.227108,25.019352,21.990435,21.294958,17.990894,18.247776,15.977238,15.458411,16.53821,16.230568,20.11518,19.253462,17.833567,23.4741,20.60451,24.38437,25.425495,28.183134
18,14.2630415,10.455514,11.127481,6.3405027,8.057988,9.803418,11.135612,15.542547,15.639928,19.919008,21.807085,19.46447,18.99791,16.265562,13.150508,10.491264,6.237997,5.693034,0.0,5.276182,6.752671,7.8225675,11.691166,11.094955,15.685863,14.159597,18.51551,18.074936,12.834274,15.328666,13.963007,17.473145,21.694912,22.774122,26.574556,27.506742,30.869211,30.522966,27.346445,23.81571,26.108927,22.586197,21.266447,20.944477,19.181864,19.72383,16.875252,18.96838,19.252024,19.846155,19.024267,18.483877,19.861155,17.22658,19.282078,21.50755,20.87242,23.672182,27.629093,27.655403,23.782558,28.456234,26.514881,26.69068,29.64257,26.707,29.653177,26.633135,31.623804,28.881567,24.1475,26.019392,23.017992,27.890512,24.37801,24.118685,25.00317,22.764854,23.085167,25.290983,22.374937,18.919687,19.010721,15.539956,15.251204,10.99569,13.874185,10.77399,14.380176,15.665028,18.63202,20.82719,22.72395,25.433365,26.709276,25.35228,22.804276,21.488642,18.624208,17.636835,16.512142,14.154297,16.221642,14.524283,17.39306,18.03287,17.297985,23.320135,21.566044,25.634033,27.161278,30.419453
19,14.250161,9.93383,11.496765,7.3939414,7.261158,11.376089,10.336099,16.320328,15.940955,19.832058,22.222372,21.048027,20.889828,18.64121,15.441118,12.531966,9.24031,6.1358852,5.276182,0.0,4.1895328,7.075643,8.998469,6.501866,11.166077,8.993436,13.391064,12.92457,8.680118,11.45352,11.312058,15.074896,20.496492,22.147642,25.545818,27.121101,30.007046,29.02852,25.919504,22.057781,23.846191,19.487537,18.284014,16.757128,15.641892,15.117263,12.3435755,14.2738285,14.592589,15.855533,15.395497,15.850297,17.499681,16.183329,17.523258,19.974524,18.282434,20.759584,24.954044,24.163422,20.118643,24.273056,22.621334,22.32004,25.845266,22.38879,25.507801,22.85127,27.587435,24.461676,19.945406,22.476404,19.847492,25.381031,22.462133,22.793043,24.435808,22.720388,23.812126,26.220833,23.978912,20.288603,19.686005,15.962544,14.552819,10.7743,11.545083,6.760882,9.7928295,10.875199,13.511263,15.973945,17.717108,20.608208,21.813555,20.753593,18.271662,17.448172,14.84015,14.648105,14.292537,12.7548485,16.000542,15.802149,19.422478,20.008911,18.52578,24.454496,21.405909,25.756495,26.41067,29.8863
20,14.113855,9.926649,13.152613,9.768817,10.779192,14.804715,14.479335,20.33877,19.961988,23.965715,26.08149,24.776653,24.660213,22.146751,19.035278,16.032852,12.370634,9.865836,6.752671,4.1895328,0.0,4.753373,5.408279,5.0079226,10.157468,9.03916,14.47744,14.549569,12.04436,14.2688265,15.027257,17.941492,24.16859,25.26095,29.009586,30.563663,33.25457,32.31033,28.888847,24.796923,27.095552,22.257,21.641207,19.434395,19.108719,17.773487,15.063999,16.324066,15.904353,17.563654,17.83106,18.088833,20.40557,19.349394,21.202635,23.912216,22.143658,24.368975,28.726028,27.542297,23.447739,27.200308,25.76635,24.933393,28.662712,24.586672,27.486988,24.696953,29.072784,25.442009,20.926294,23.119947,21.107153,26.239386,24.246557,23.956388,26.079538,24.724228,25.7845,28.512976,26.28047,22.46306,22.717836,18.864695,16.96351,13.709131,13.423294,7.963968,10.62612,10.3139,13.31409,14.728956,16.667957,19.174688,20.858614,19.608597,17.61936,16.258339,14.217013,12.998694,13.929685,11.105334,15.43606,14.771029,17.747137,19.428278,18.211288,24.151016,21.603817,26.13599,26.890097,30.755898
21,9.921282,6.183918,10.462454,8.578211,10.856226,14.597428,15.808321,21.300364,22.063616,25.880651,28.610962,26.684149,25.872421,23.621027,19.838999,17.840506,13.0915,12.078124,7.8225675,7.075643,4.753373,0.0,5.4503665,7.858347,10.495441,11.2768955,16.055859,17.189682,14.968487,18.074232,18.263903,22.044552,27.486528,29.051619,32.570297,34.020737,37.014034,36.101955,32.93075,28.998405,30.8823,26.300982,25.14082,22.928799,22.012701,20.275366,16.862272,17.51011,16.372107,17.217733,17.725489,16.849775,19.69056,18.345755,21.345417,24.544281,23.57674,25.435904,30.116879,29.06676,25.070467,29.384731,28.520836,27.993925,32.177727,28.276354,31.451458,28.978937,33.308746,29.541737,25.229315,27.710297,25.748205,30.985168,28.84877,28.604633,30.51339,28.909899,29.70723,32.253975,29.667835,25.997356,26.106102,22.402683,21.090359,17.342745,17.94266,12.481137,14.861636,14.03889,16.388762,17.4176,18.63494,21.50533,23.77134,22.954227,21.43239,20.231195,18.629814,17.24315,18.60934,15.344884,19.65936,18.183252,20.316877,22.621826,21.897871,27.906366,25.959633,30.433996,31.449951,35.284462
22,13.739922,10.344464,15.016152,13.240233,14.489451,18.97742,18.805708,24.929962,24.916807,28.668074,31.15414,29.992508,29.687239,27.36423,23.943869,21.287098,17.277298,15.029492,11.691166,8.998469,5.408279,5.4503665,0.0,5.2399406,7.647415,8.823995,14.213389,15.436273,15.361721,17.659071,19.249271,22.09596,28.793882,30.066462,33.638832,35.43751,37.88361,36.64658,33.250473,29.009737,31.078375,25.730799,25.2969,21.996809,22.301756,19.56955,16.76561,16.901184,15.445665,17.402884,18.654028,18.813683,21.920511,21.696526,23.978779,27.135612,25.214483,26.818758,31.485153,29.629734,25.576994,28.884272,28.169806,26.829296,31.23284,26.574745,29.481476,27.112825,30.859661,26.57415,22.542004,24.989,23.841806,28.936651,27.969883,27.624504,30.314375,29.365664,30.631577,33.517696,31.457092,27.587896,27.92685,24.041388,21.749407,18.860397,17.544422,11.500961,12.768121,10.611043,12.81767,12.853343,14.22843,16.626865,19.145926,18.315496,17.340992,16.063055,15.297963,13.758305,16.586725,13.367845,18.753061,18.188795,20.453688,23.098385,21.996046,27.682692,25.192013,29.81575,30.259872,34.415543
23,15.606031,11.625584,15.048162,12.536319,12.360461,17.274979,15.568843,22.033243,21.409634,24.919195,27.388124,26.948822,27.005087,24.90187,21.76434,18.788277,15.718807,12.391585,11.094955,6.501866,5.0079226,7.858347,5.2399406,0.0,6.1162624,4.371148,10.190247,10.545666,10.552762,12.585829,14.643917,17.411356,24.292383,25.850409,29.095198,31.15213,33.37605,31.885218,28.64446,24.415087,26.125683,20.671198,20.243664,16.760845,17.302828,14.624996,12.25939,12.900077,12.272162,14.790132,15.64873,16.891907,19.40041,19.629387,20.8125,23.599377,21.011663,22.73859,27.164076,25.17003,21.087208,24.071697,23.090431,21.690142,25.994404,21.399656,24.393414,22.13265,26.022211,21.937605,17.870897,20.767872,19.373714,24.97575,23.723473,24.007006,26.739202,25.872137,27.519228,30.305935,28.632519,24.768429,24.432133,20.593822,18.0132,15.41796,13.412734,7.1054406,7.859416,6.2853823,8.604799,10.048525,11.737442,14.51668,16.271582,15.482332,13.792655,13.126181,11.790249,11.613941,13.686667,12.038166,17.04983,17.700327,21.093702,22.554354,20.813324,26.40986,22.845066,27.43478,27.365595,31.313148
24,14.59561,11.722516,15.4082985,14.844986,14.458995,19.73458,18.114283,24.63583,24.84261,27.68945,31.063982,30.8017,30.38305,28.883778,25.164848,23.031538,19.57549,16.749277,15.685863,11.166077,10.157468,10.495441,7.647415,6.1162624,0.0,4.633108,7.541415,10.227996,13.011574,15.776337,17.951828,21.486021,27.79274,30.255632,32.76144,35.13333,37.256298,35.320087,32.59071,28.518566,29.17283,23.698244,22.757702,18.346865,18.864119,14.51351,11.743167,10.593572,8.4620695,11.083725,13.119443,14.379704,17.59488,19.097256,20.571552,23.85886,21.33433,22.046736,26.810183,24.122486,20.293478,23.049995,23.329573,21.827906,27.138945,22.505016,25.844254,24.616467,27.868181,23.417496,20.308014,24.058895,23.222868,29.170187,28.26971,29.112526,32.00253,31.222803,33.062946,35.696056,34.118652,30.333906,29.34348,25.663242,23.23116,20.547508,18.525154,12.383253,11.782836,9.273711,8.951096,9.652603,9.248924,13.019223,15.576658,16.104616,15.494398,15.865104,15.707966,16.178751,19.064592,17.756014,22.997887,23.741497,26.896029,28.63639,26.909279,32.436436,28.635237,33.19697,32.75395,36.66091
25,16.922232,13.297629,16.06861,14.23976,13.03702,18.261961,15.53782,22.153204,21.547174,24.438656,27.373964,27.582167,27.638083,26.046946,22.842709,20.183596,17.618708,14.020234,14.159597,8.993436,9.03916,11.2768955,8.823995,4.371148,4.633108,0.0,5.8870173,6.667007,9.099892,11.266319,13.892979,16.95524,23.598223,25.869871,28.40747,30.84041,32.79604,30.84946,28.03103,23.92692,24.7219,19.144363,18.457264,14.118481,14.977476,11.145237,9.014178,9.074047,8.5419,11.700659,12.825086,15.017583,17.36779,18.656385,19.112303,21.856964,18.726614,19.953657,24.36635,21.808327,17.823416,20.329903,19.855562,18.258682,23.135372,18.48081,21.757824,20.226118,23.797829,19.616924,16.150019,19.922703,18.763342,24.865751,23.71396,24.774212,27.629374,26.924164,28.93798,31.546963,30.235878,26.480186,25.330734,21.6953,19.023813,16.735516,14.193353,8.340942,7.3255615,5.6526384,5.840042,8.26662,9.048707,12.549895,14.072085,14.085261,12.526758,13.034036,12.138144,13.3635435,15.404296,15.049138,19.774094,21.186815,24.953373,25.921968,23.85308,29.212584,24.902046,29.366209,28.715933,32.46386
26,19.075172,16.174318,17.855341,17.045378,14.900633,19.96766,16.419506,22.684063,22.387747,24.274818,27.902945,28.780272,28.676973,27.850313,24.552092,22.579643,20.5541,17.113415,18.51551,13.391064,14.47744,16.055859,14.213389,10.190247,7.541415,5.8870173,0.0,4.174358,9.752583,12.060711,14.608066,18.148182,23.662975,26.970816,28.406908,31.216583,32.913307,30.437742,28.391489,24.703768,24.045235,18.830864,17.481699,12.456813,13.228243,7.7443056,6.080316,4.302372,4.154905,8.053894,9.473201,12.966655,14.832484,17.60618,17.078651,19.691847,16.102049,16.345041,20.678215,17.35083,13.698239,15.622274,16.263018,14.719872,20.460394,16.243406,19.951195,19.699387,22.7449,18.811535,16.514637,21.212282,20.224226,26.687775,25.404469,27.413939,30.14187,29.483887,31.777422,34.033672,33.05588,29.550455,27.37488,24.156439,21.745981,19.689688,17.233915,12.575848,10.6077385,9.757549,7.4593015,10.328268,9.315615,13.321309,14.327683,15.5430565,14.330775,16.129936,15.650327,17.984705,19.648123,20.31282,24.559113,26.454088,30.505838,30.984283,28.691822,33.83509,28.924973,33.14704,31.98128,35.351788
27,21.514267,18.108265,19.366545,17.553787,14.976611,19.706448,15.276624,21.38635,20.179165,22.079414,25.119404,26.516079,26.93796,25.991087,23.311186,20.835493,19.741707,15.7704735,18.074936,12.92457,14.549569,17.189682,15.436273,10.545666,10.227996,6.667007,4.174358,0.0,7.3718925,8.3884735,11.63527,14.355852,20.247816,23.28638,24.738289,27.63221,29.083796,26.573303,24.411238,20.690304,20.164762,14.736635,13.775343,8.508794,10.099381,5.100773,5.368503,5.946207,7.7631598,11.129937,11.480079,15.301637,16.339777,18.620897,17.179,19.090017,14.853568,15.738528,19.50349,16.366646,12.612902,13.971898,13.5208645,11.67514,16.93321,12.526868,16.202814,15.642991,19.018625,15.391102,12.797207,17.541138,16.28203,22.829737,21.384687,23.639912,26.344625,25.833666,28.307589,30.533585,29.876438,26.452152,24.178026,21.082333,18.427227,16.984943,13.950528,10.370474,7.8687496,8.354235,6.4190683,10.318784,10.448756,13.693094,13.674463,14.307547,12.266917,14.202749,13.141501,16.126173,16.928938,18.513226,22.0885,24.551983,28.970228,28.81375,26.270802,31.096518,25.794418,29.82677,28.430164,31.60953
28,19.54531,15.751524,15.643091,12.609487,9.509933,13.375528,8.446473,14.528034,13.071547,15.601957,18.533106,19.348326,19.764654,18.633251,16.116266,13.51708,13.056742,9.052541,12.834274,8.680118,12.04436,14.968487,15.361721,10.552762,13.011574,9.099892,9.752583,7.3718925,0.0,4.7261324,5.0917783,9.9544,14.843389,18.006392,19.959332,22.344349,24.674547,22.842693,20.520018,16.951675,16.94933,12.5936,10.54645,8.6496105,7.105462,7.174846,5.871707,9.195408,11.509232,13.107136,11.788838,14.437338,14.592463,14.904677,13.4263735,14.918136,11.446977,13.943141,17.598425,16.357029,12.354624,15.925559,13.946784,13.915838,17.523396,14.687468,18.24051,16.467922,21.238142,18.81969,15.032482,18.70423,15.784873,22.205654,18.77777,20.872814,22.47995,21.04717,22.991583,24.922588,23.704653,20.389847,17.786383,14.689512,13.024184,10.538403,9.918644,7.5736165,7.898859,10.710616,11.485112,15.42908,16.603163,19.675468,19.695234,19.281418,16.335571,17.061235,14.389787,16.606594,15.36799,16.731781,19.0094,20.802904,25.384497,24.503775,22.167822,27.284948,22.511795,26.40405,25.854538,28.686087
29,23.894703,19.903221,20.09861,16.560747,13.699494,16.949919,11.710447,16.861715,13.923918,16.364214,17.96786,19.738506,21.071726,19.680403,18.292692,14.902846,15.737172,11.325481,15.328666,11.45352,14.2688265,18.074232,17.659071,12.585829,15.776337,11.266319,12.060711,8.3884735,4.7261324,0.0,4.795578,6.0995655,12.819415,15.073612,17.261139,19.869822,21.563156,19.601124,16.858877,12.969096,13.600772,8.405221,7.7928658,5.9140553,6.609426,8.061583,9.111825,12.247852,14.806115,17.022621,15.889066,18.977234,18.886518,19.30841,17.127748,17.791426,13.678914,16.328247,19.006,17.62779,14.001139,15.965132,12.931591,12.182729,14.627241,11.459996,14.466777,12.063136,17.079424,15.084197,11.0641775,14.3806305,11.200208,17.63597,14.315815,16.734842,18.62927,17.703535,20.115047,22.187204,21.653572,18.386385,15.944802,12.989548,10.3716,9.6639385,6.9455233,7.2921643,6.645387,10.447912,11.375451,15.306584,17.075624,19.315258,18.480755,17.598415,14.192442,14.979732,11.974055,14.886628,12.769426,15.511355,16.945992,19.754128,24.662775,23.124836,20.393295,24.855618,19.407423,23.045193,21.965727,24.65421
30,22.997337,19.214388,18.226946,14.5542145,11.364256,13.396052,7.835625,12.201875,9.174541,11.745877,13.765259,15.186692,16.330774,15.195239,13.87093,10.898704,12.557366,8.7878,13.963007,11.312058,15.027257,18.263903,19.249271,14.643917,17.951828,13.892979,14.608066,11.63527,5.0917783,4.795578,0.0,6.341456,9.901084,13.115351,15.093559,17.313108,19.864141,18.339397,16.038786,12.819733,12.939492,9.804719,7.37338,8.739189,6.145886,9.972788,10.022237,13.604073,16.307335,17.487553,15.551619,17.944086,17.151623,16.596594,14.214236,14.407415,11.120014,14.481512,16.954853,16.838184,13.383282,16.758186,13.540114,14.297716,16.109135,14.578011,17.616255,15.354858,20.60707,19.371902,15.510848,18.347475,14.566395,20.466673,15.752815,18.195368,18.91193,17.074667,18.92195,20.457886,19.405079,16.437752,13.092377,10.460276,9.548358,7.6029696,8.505938,9.596686,10.549719,14.267175,15.486152,19.435196,21.013966,23.640217,23.09975,22.260647,18.87397,19.369253,16.094843,18.368265,15.54644,17.696247,18.330835,20.331736,25.128777,23.173895,20.754683,25.377268,20.545958,23.896875,23.4732,25.68856
31,28.348608,24.284729,23.94556,19.777458,17.09741,18.867804,13.772405,17.0178,12.539815,14.908996,14.461139,17.014137,19.407331,17.76514,18.005926,14.131213,16.86839,12.900049,17.473145,15.074896,17.941492,22.044552,22.09596,17.411356,21.486021,16.95524,18.148182,14.355852,9.9544,6.0995655,6.341456,0.0,8.680176,9.258228,12.210504,14.565025,16.089314,14.640025,11.248005,7.2111206,9.538864,5.692595,6.6424317,8.938365,9.280925,13.240551,14.755637,18.0882,20.814972,22.743849,21.190395,23.990126,23.305956,22.932566,20.279655,19.904737,16.204369,19.410807,20.870874,20.519695,17.544815,19.024935,14.851286,14.6559305,14.458509,12.8196745,14.530883,11.109704,16.53204,16.175783,12.209336,13.645274,9.335148,14.537224,9.428696,12.273758,13.181333,12.066333,14.647786,16.479902,16.522871,13.663151,10.996044,8.738238,6.151077,7.9058423,5.990216,10.733011,11.014509,15.098562,16.606434,20.190166,22.427156,24.037453,22.661142,21.179298,17.464142,17.72692,14.203094,16.821356,12.788986,16.463047,15.655498,18.872175,23.900642,21.063507,18.194075,21.70836,16.093342,18.928308,17.870028,19.801546
32,31.820915,28.288517,26.321907,22.63715,19.563932,19.293545,14.410652,14.120128,9.222927,9.123752,7.3557634,11.852318,14.723027,14.513359,16.16978,14.01741,18.487173,16.172894,21.694912,20.496492,24.16859,27.486528,28.793882,24.292383,27.79274,23.598223,23.662975,20.247816,14.843389,12.819415,9.901084,8.680176,0.0,6.06814,5.5047584,7.7294664,10.554075,9.549589,8.586556,8.226786,6.7929416,9.641167,7.654245,13.608781,11.198586,17.181387,18.61342,22.101435,25.261438,26.040369,23.558426,25.913492,23.900854,22.89279,19.173923,17.144596,14.654035,18.074577,17.730286,19.34518,17.621655,19.628624,15.179195,17.14245,15.226347,16.927723,18.487465,16.405624,21.294872,22.51173,19.649292,21.033293,16.756199,20.600485,14.172104,17.553669,16.095215,13.860908,15.442031,15.326083,15.486503,14.367748,9.010283,9.768742,11.129718,12.032003,13.998315,18.261276,19.001616,23.046467,24.140736,28.044044,29.773989,31.858526,30.477058,29.404066,25.774376,26.334467,22.86882,25.374178,21.057518,24.310026,22.622503,25.015703,29.742094,26.112299,23.708256,26.631336,21.89328,23.53937,22.955967,23.34919
33,34.76604,30.941906,29.543308,25.220093,22.733145,22.403631,18.171995,18.054668,12.707773,13.824466,9.817333,13.55753,17.251106,15.947658,18.651915,15.513523,20.317001,17.91431,22.774122,22.147642,25.26095,29.051619,30.066462,25.850409,30.255632,25.869871,26.970816,23.28638,18.006392,15.073612,13.115351,9.258228,6.06814,0.0,5.552034,6.1466327,8.309825,8.938368,5.6899877,5.582663,8.5728445,11.022374,11.529252,16.721188,15.732891,21.192999,22.685652,26.206467,29.154713,30.42414,28.251574,30.53727,28.992277,27.657455,24.539804,22.851067,20.387663,23.882507,23.746244,25.038214,23.075315,24.557318,19.8622,20.901882,18.240753,19.244516,19.804625,16.667002,21.380999,22.956026,19.817404,19.666363,15.328619,17.434523,10.57418,13.184158,10.650725,8.290337,9.875579,9.692563,10.813108,10.177102,6.0265713,7.874597,9.10241,11.938207,13.414226,19.059917,20.066671,24.14531,25.856964,29.363497,31.680647,33.150215,31.539412,29.844782,26.094563,26.05217,22.412283,24.44464,19.355415,22.888428,19.84879,22.47292,26.991982,22.6435,20.245125,22.080122,17.607151,18.418367,18.0271,17.842854
34,37.270897,33.685192,31.764614,27.970005,25.007828,24.500162,19.857473,18.891195,14.005632,13.239154,9.600579,14.681876,18.110046,18.02414,20.662588,18.562172,23.431974,21.233006,26.574556,25.545818,29.009586,32.570297,33.638832,29.095198,32.76144,28.40747,28.406908,24.738289,19.959332,17.261139,15.093559,12.210504,5.5047584,5.552034,0.0,3.5333178,5.0978065,4.7349377,5.2286396,7.87837,6.407819,11.732734,11.288348,17.224375,15.768429,21.629976,23.605715,26.99864,30.250381,31.193926,28.751902,31.277199,29.117996,28.19902,24.239712,21.79282,19.373486,22.479237,21.193727,22.943562,21.850721,22.758081,18.077633,19.868202,16.247913,18.964655,19.425682,17.452793,21.621565,23.996752,21.768822,22.22044,18.177107,20.455288,14.012207,17.550798,15.200119,13.435837,14.943794,13.944987,15.387132,15.417622,10.566517,12.701379,14.047486,16.215885,17.548279,22.654848,23.136742,27.202465,28.255108,32.007015,33.885376,35.543438,33.72033,32.478867,28.834042,29.390957,26.002434,28.597677,23.871408,27.639877,25.082169,27.833324,32.43454,28.179087,25.759031,27.535728,22.864035,23.472204,22.570751,21.886835
35,38.698803,35.174408,33.047073,29.13379,26.430872,25.30196,21.25987,19.443338,14.617016,13.878119,8.9953165,13.721807,17.435822,17.300585,20.678164,18.790876,24.017305,22.334953,27.506742,27.121101,30.563663,34.020737,35.43751,31.15213,35.13333,30.84041,31.216583,27.63221,22.344349,19.869822,17.313108,14.565025,7.7294664,6.1466327,3.5333178,0.0,4.5987,6.6665998,7.1123385,10.0987015,9.895711,14.914316,14.499588,20.445919,18.731943,24.670824,26.320896,29.796734,32.967358,33.757137,31.215197,33.399174,31.191309,29.774149,26.082598,23.535065,21.735634,24.976076,23.64958,25.836811,24.754297,26.058489,21.449284,23.34603,19.767374,22.41109,22.78781,20.56213,24.718992,27.118267,24.678694,24.725523,20.60135,22.27081,15.658986,18.53783,15.372748,13.188919,13.92454,12.153199,13.613317,14.488513,9.881447,12.919071,15.075743,17.209412,19.33376,24.635262,25.529709,29.629854,30.98726,34.689075,36.714348,38.374348,36.648552,35.227383,31.525604,31.79734,28.259127,30.495853,25.481173,28.98489,25.880493,28.243668,32.570087,28.00548,25.85836,27.25266,23.252705,23.389784,23.00035,21.867739
