,0,1,2,3,4,5,6,7,8,9,10,11,12,13,14,15,16,17,18,19,20,21,22,23,24,25,26,27,28,29,30,31,32,33,34,35,36,37,38,39,40,41,42,43,44,45,46,47,48,49,50,51,52,53,54,55,56,57,58,59,60,61,62,63,64,65,66,67,68,69,70,71,72,73,74,75,76,77,78,79,80,81,82,83,84,85,86,87,88,89,90,91,92,93,94,95,96,97,98,99,100,101,102,103,104,105,106,107,108,109,110,111,112
0,0.0,3.4817011,6.695237,9.907659,12.486525,12.5821495,16.926022,20.076572,22.42967,25.844112,29.841715,27.342922,25.855621,24.971933,26.260508,21.681122,21.519884,18.793505,18.740208,16.211927,13.375027,14.734724,11.230082,14.793748,17.996342,17.469522,20.681505,16.736712,22.885326,20.267422,27.212593,27.264751,31.754137,31.893978,32.88317,37.6588,36.911484,32.616367,29.36148,25.960176,26.904793,21.485012,23.576967,18.84907,23.199842,18.058756,22.951899,24.165709,27.593822,28.303984,31.932846,32.160404,35.563637,39.005447,36.12715,32.683235,32.269165,30.382421,34.611546,34.22497,33.47083,31.773592,29.104183,25.64115,25.63619,19.973656,21.367233,17.693478,16.613281,14.365221,18.036465,15.818926,19.947908,18.980104,23.4212,23.567528,27.548203,29.411482,30.51165,34.146744,35.1701,37.939518,33.12451,29.505535,26.64922,22.708826,24.541943,20.083727,19.89679,22.735285,23.391312,25.926361,28.057577,27.349726,28.854733,33.41017,33.526844,31.739754,36.341026,36.38581,31.421465,34.166763,29.551144,29.75721,29.706287,28.970581,28.49691,26.842848,26.207905,21.9058,22.414825,18.800798,21.233194
1,3.4817011,0.0,3.767521,7.295524,9.838637,9.5903015,13.87034,16.91099,19.036211,22.508162,26.427835,24.058107,22.651459,21.970621,23.407276,18.78615,19.090542,16.359896,17.096407,14.775576,12.872746,14.735655,11.774437,15.969263,18.740324,18.194695,20.529703,16.318985,22.158152,19.003675,26.049974,25.447311,30.377176,29.916569,31.248056,35.781574,35.292133,31.273064,27.56697,24.029648,25.594612,20.071318,22.706223,18.196623,22.813883,18.344755,23.47845,24.519997,28.208555,28.399403,31.988852,31.726799,34.92711,38.280052,35.105328,31.716057,31.32746,29.85833,34.45245,33.916653,33.777214,31.644917,29.51672,26.275736,26.513165,20.894815,22.831158,19.414148,17.526089,14.996908,18.175718,15.08245,19.034988,17.269743,21.902477,21.411625,25.375393,27.0346,27.794687,31.386969,32.645794,35.28203,30.338932,26.811018,24.140158,20.30664,22.283846,17.838425,18.372313,21.633135,22.704758,25.122583,27.63974,26.27197,27.366135,32.40415,32.76527,30.3456,34.804714,34.664948,29.574394,31.921082,27.292137,27.155987,26.78635,25.863394,25.25756,23.69436,22.84488,18.80409,19.314875,15.925887,18.709135
2,6.695237,3.767521,0.0,4.9239283,6.4676023,6.190201,10.388839,13.485969,15.941651,19.257816,23.42076,20.86219,19.167604,18.319462,19.886824,15.518591,15.864826,13.687275,14.3195095,13.112715,11.439891,14.155652,12.36633,16.701452,18.975224,18.88488,20.418774,16.580194,22.39936,19.088852,26.529612,25.345802,30.974918,30.0188,31.911215,36.156864,36.18619,32.55359,28.302687,24.477411,26.644213,20.914711,23.787527,19.392868,23.839926,19.815302,24.590273,25.031391,29.135662,29.206354,32.693054,31.928226,35.13343,38.16349,34.973625,31.569939,31.49937,30.438732,35.227592,35.011837,35.168736,33.163548,31.476376,28.290602,29.002089,23.175972,25.66647,22.44792,20.218897,17.910576,20.608871,17.263075,21.002953,18.453278,23.374231,21.95195,26.053022,27.219913,27.532946,30.93137,32.349632,34.584923,29.338646,25.842257,23.24328,19.588785,21.125608,16.38798,17.059446,20.582903,21.683832,23.640827,26.660896,25.321316,25.458998,30.880611,31.873995,29.100311,33.19998,33.323368,28.229284,30.386692,25.422174,25.571379,24.610785,23.39546,23.078913,21.931166,21.108782,17.69704,18.594475,15.854251,19.225721
3,9.907659,7.295524,4.9239283,0.0,3.6071658,7.8250337,7.9731607,13.156305,14.256024,18.022476,22.242777,20.304136,17.670748,16.444244,16.82829,11.932704,12.006701,9.07116,10.59542,8.567014,8.671373,11.1755495,10.353649,14.840637,16.318508,16.211006,16.615524,12.955002,18.413313,15.093033,22.82401,21.452911,27.585436,26.646013,28.985212,33.114704,33.747467,30.475817,25.830925,21.645163,23.977259,18.027279,20.761578,16.527294,20.567497,17.248774,21.613016,21.618464,25.966429,25.683422,29.023829,27.8052,30.95342,33.754524,30.571861,27.174122,27.343206,26.606152,31.52549,31.634047,32.100742,30.300892,29.156069,26.112669,27.513018,21.55793,24.903652,22.215673,19.35865,17.652288,19.44456,16.417234,19.877712,16.813663,22.207863,19.87539,24.590382,25.009504,25.489754,28.56854,29.491777,31.339157,25.929367,22.230303,19.326765,15.700772,16.596691,11.643558,12.269859,15.950771,17.343485,19.293356,22.447151,20.635658,20.689198,26.24591,27.283003,24.249321,28.301786,28.435394,23.364819,25.649502,20.58455,21.16396,20.42734,19.564188,19.764988,18.64275,19.13479,15.25342,17.390535,15.216073,19.269049
4,12.486525,9.838637,6.4676023,3.6071658,0.0,6.347367,5.094947,10.475004,12.137609,15.499042,20.012688,17.759155,14.748251,13.1888895,13.800471,9.395308,9.400792,7.767689,8.722541,9.051948,9.125097,12.459048,12.82034,16.949057,18.024956,18.448708,18.282717,15.329545,20.56031,17.329792,25.085062,23.227215,29.812626,28.419613,31.186306,34.984432,36.00315,33.066216,28.096458,23.82255,26.602324,20.71273,23.546043,19.537523,23.290783,20.292786,24.18483,23.646757,28.244678,27.996355,31.184454,29.585602,32.72248,35.15433,32.053963,28.697079,29.189695,28.807074,33.760628,34.171665,34.789337,33.167152,32.287056,29.286877,30.911545,24.900219,28.388872,25.728071,22.901453,21.253998,22.937687,19.783699,23.058647,19.615847,24.951885,22.071383,26.639887,26.720564,26.701761,29.559288,30.715769,32.154854,26.532776,22.995968,20.31338,17.074429,17.419548,12.390407,13.019181,16.74002,17.970827,19.21345,22.882668,21.378384,20.15598,26.044935,27.861994,24.584616,28.108797,28.63209,23.673735,25.704922,20.287024,21.263498,19.719362,18.423166,19.012613,18.498814,18.851051,16.014742,18.270601,16.78498,21.018147
5,12.5821495,9.5903015,6.190201,7.8250337,6.347367,0.0,7.0015173,7.6125927,11.233844,13.805189,18.06242,15.016555,13.730748,13.282935,16.058992,12.715909,14.021328,13.321342,14.447405,15.349302,14.617722,18.085215,17.511236,21.790358,23.497303,23.75315,24.250196,20.773579,25.953835,22.261414,29.52675,27.271252,33.5202,31.488947,33.99401,37.605648,38.104588,35.064175,30.23451,26.392561,29.53893,24.013273,27.450218,23.588055,27.988375,24.81601,29.409172,29.385384,33.77909,33.45485,36.765873,35.32791,38.2677,40.92915,37.51279,34.260548,34.411236,34.019287,39.108253,38.89267,39.709846,37.38585,36.32751,33.40055,34.323887,28.64402,31.432556,28.371109,25.76542,23.283339,25.544413,21.489534,24.702887,21.258015,25.9342,23.552164,27.143719,27.895332,27.2177,30.34708,32.42604,34.1859,28.73448,25.671066,23.694256,20.657434,22.015224,17.51456,19.10088,22.946611,24.29444,25.533064,29.219984,27.517609,26.218887,32.278957,34.119926,30.546627,33.972622,34.16671,29.111141,30.4459,25.34657,25.199066,23.021954,21.024158,20.652977,20.267878,18.482094,16.934057,17.533836,15.983157,19.550714
6,16.926022,13.87034,10.388839,7.9731607,5.094947,7.0015173,0.0,6.536171,7.3299675,10.56337,15.101819,13.086218,9.790084,8.550467,9.71226,5.724381,7.68687,7.4860187,10.214254,11.838177,13.420218,16.648062,17.493559,21.566458,22.19285,22.581936,21.456623,18.679705,22.801477,19.209393,26.333338,23.46543,30.431412,28.054766,31.335814,34.496685,35.96256,33.62666,28.205729,24.005554,27.611097,22.115946,25.426615,22.12653,25.80791,23.83013,27.671413,26.960567,31.581507,30.750664,33.712772,31.501858,34.197857,36.332623,32.934933,29.839907,30.411238,30.704098,35.906303,36.130127,37.499947,35.41172,35.19838,32.564552,34.3079,28.635006,32.343166,29.90355,26.648735,24.80452,26.013056,22.27128,24.970879,20.834896,25.839962,22.115574,26.230467,25.822409,25.023165,27.534578,29.12931,30.100115,24.366276,21.265387,19.232088,16.73895,16.994156,12.695925,14.671986,18.53624,20.234516,20.957184,25.004377,22.675898,20.41942,26.840025,29.150667,24.966345,27.86356,28.157623,23.281122,24.329916,19.04385,19.43554,16.801722,14.820568,15.397315,15.57792,15.517192,14.241713,16.537497,16.238604,20.598888
7,20.076572,16.91099,13.485969,13.156305,10.475004,7.6125927,6.536171,0.0,5.601661,6.499481,10.993195,7.659089,6.40026,7.040811,11.274419,10.0140915,12.741376,13.765417,15.936775,18.33968,19.204578,22.749022,23.244373,27.421682,28.371473,28.78829,27.959793,24.974518,29.009655,25.126942,31.770653,28.387465,35.160522,32.004242,35.259888,37.971233,39.240265,37.104492,31.6785,27.894583,31.98132,26.908827,30.694275,27.62831,31.68161,29.714195,33.94263,33.428703,37.999187,37.074265,40.058994,37.792484,40.269905,42.40217,38.780083,35.84544,36.262318,36.731674,42.05559,41.88163,43.545555,40.93443,40.761955,38.231445,39.564075,34.11716,37.430668,34.741127,31.579786,29.174881,30.687046,26.255537,28.7454,24.473549,28.802656,25.206816,28.280886,28.172611,26.453749,28.919502,31.465406,32.39663,26.88536,24.492786,23.347826,21.367073,22.229979,18.59806,21.131086,25.001202,26.710722,27.194275,31.373627,28.988586,26.256771,32.787476,35.39823,30.894314,33.37971,33.51346,28.75404,28.96658,24.085997,23.56897,20.033651,17.214832,16.971128,17.743628,15.441795,16.455381,17.21656,17.552435,21.232092
8,22.42967,19.036211,15.941651,14.256024,12.137609,11.233844,7.3299675,5.601661,0.0,4.3413453,8.048189,7.2747135,5.5028143,7.2650127,9.845502,8.227368,12.210114,12.562692,16.67662,18.084665,20.611927,23.542372,24.12032,28.363794,28.885866,28.914627,27.230114,24.182287,26.978853,22.89778,28.649633,24.62952,31.43225,27.696045,31.27682,33.48993,35.18115,33.607243,27.921175,24.247206,28.78115,24.217415,28.166248,25.87767,29.679409,28.825447,32.988533,32.54868,36.930977,35.30583,38.054874,35.365334,37.329285,39.35161,35.422867,32.79282,33.1057,34.092693,39.554817,39.092316,41.469177,38.418068,38.93092,36.84691,38.38826,33.401714,37.070076,34.8506,31.143852,28.868004,29.597954,25.060581,26.883286,22.187546,26.229225,21.871416,24.784157,24.020748,22.005146,24.072023,26.574987,27.158522,21.678871,19.594515,18.942146,17.654902,18.555164,15.974637,19.586325,23.436378,25.747892,26.342875,30.400644,26.831293,24.302052,30.967741,33.27249,28.07001,30.380373,29.861717,25.188053,24.616777,20.3435,18.900276,15.084471,12.08766,11.469968,12.518649,10.553274,12.418262,13.794358,15.255293,19.117432
9,25.844112,22.508162,19.257816,18.022476,15.499042,13.805189,10.56337,6.499481,4.3413453,0.0,4.8411293,3.3812976,2.9944708,6.43004,10.217912,10.826785,14.504325,15.958684,19.312859,21.689768,23.879698,27.0717,27.933002,32.075424,32.53662,32.80112,31.034777,28.258488,31.058216,27.079021,32.709118,28.493036,35.304466,31.254843,34.97367,36.813255,38.664852,37.36833,31.652864,28.145859,32.839764,28.4511,32.415527,30.201908,33.923283,33.08381,37.109245,36.459454,40.936188,39.364944,42.032494,39.177185,41.08007,42.8547,38.996162,36.468616,36.93098,38.104942,43.542774,43.18353,45.647537,42.633305,43.24256,41.168896,42.72822,37.70724,41.350693,39.05294,35.42075,33.081142,33.90202,29.280024,31.04385,26.326824,30.118109,25.718107,28.18247,27.321196,24.822739,26.557636,29.388056,29.59831,24.330868,22.740374,22.511213,21.628588,22.26811,19.908474,23.298714,27.00726,29.144356,29.314758,33.55555,30.25992,26.981726,33.630302,36.423573,31.145386,32.918507,32.629017,28.249535,27.293518,23.152739,21.84482,17.43669,14.09198,13.656525,15.411926,12.876559,16.125637,16.97764,18.841915,22.30242
10,29.841715,26.427835,23.42076,22.242777,20.012688,18.06242,15.101819,10.993195,8.048189,4.8411293,0.0,4.577158,7.1480937,10.641487,13.693409,14.787233,18.661844,19.91899,23.791525,25.820253,28.439192,31.448063,32.16746,36.385033,36.790028,36.8512,34.83555,31.940325,34.076015,29.964361,34.75451,30.088839,36.56442,31.882517,35.647552,36.84188,38.800117,38.021564,32.34162,29.28736,34.296196,30.552244,34.697636,33.04379,36.731663,36.46831,40.603622,40.11038,44.42105,42.443336,44.971577,41.90981,43.387596,45.08961,40.996674,38.77225,39.07451,40.5889,46.08505,45.35142,48.337215,44.840775,45.845676,44.093845,45.549885,40.942078,44.555916,42.420765,38.58276,36.103542,36.632847,31.767948,33.021896,28.20214,31.32268,26.762512,28.394844,27.318697,24.176794,25.437325,28.724592,28.627066,23.870724,23.087328,23.687439,23.503014,24.410128,22.94276,26.871204,30.505562,32.91084,33.09751,37.2493,33.355484,30.151932,36.75434,39.41644,33.728336,35.197414,34.427296,30.298151,28.503397,25.172544,22.936619,18.306257,14.855357,13.68557,15.791924,12.3864355,17.257446,17.461166,20.160398,23.010534
11,27.342922,24.058107,20.86219,20.304136,17.759155,15.016555,13.086218,7.659089,7.2747135,3.3812976,4.577158,0.0,5.1362085,8.511881,12.932152,13.980809,17.428995,19.066837,21.985888,24.6112,26.334244,29.712423,30.418041,34.6081,35.26267,35.57756,34.07811,31.196547,34.22031,30.17121,35.802742,31.572699,38.238697,34.05138,37.64145,39.39014,41.047558,39.732838,34.127605,30.802925,35.53425,31.23095,35.31151,33.033916,36.93834,35.892666,40.089787,39.522396,44.01331,42.52579,45.257103,42.480415,44.398678,46.220604,42.33034,39.803417,40.20379,41.32161,46.778748,46.300556,48.743423,45.59765,46.09269,43.982304,45.34549,40.33923,43.77667,41.320354,37.811676,35.26443,36.31219,31.498175,33.28398,28.648539,32.192806,28.051527,30.096218,29.49949,26.738174,28.493347,31.685379,31.969257,26.913513,25.567825,25.551031,24.674631,25.547,23.14983,26.48844,30.234901,32.282654,32.418423,36.70318,33.58251,30.22741,36.859726,39.74782,34.51463,36.23078,35.97264,31.621317,30.5634,26.512032,25.056242,20.599905,17.200365,16.468435,18.211666,14.821592,18.582785,18.700384,20.545958,23.57927
12,25.855621,22.651459,19.167604,17.670748,14.748251,13.730748,9.790084,6.40026,5.5028143,2.9944708,7.1480937,5.1362085,0.0,3.5806837,7.829027,9.409569,12.598008,14.833435,17.46887,20.600878,22.588154,25.9065,27.219902,31.141594,31.419762,31.968805,30.091066,27.73357,30.753527,27.048874,33.051834,29.032658,36.08833,32.33763,36.191376,38.16784,40.218655,38.86516,33.08601,29.342989,33.87216,29.206528,32.924553,30.490826,33.979992,32.96035,36.62727,35.63882,40.26053,38.935852,41.55625,38.65105,40.748207,42.312996,38.71674,36.10255,36.83483,37.98061,43.30883,43.36863,45.580368,43.022556,43.553,41.327824,43.118717,37.829113,41.617428,39.299553,35.784317,33.677197,34.557907,30.234661,32.22768,27.562307,31.708141,27.24122,30.140247,29.136698,26.899147,28.583138,31.070883,31.100573,25.667187,23.831686,23.248108,22.242779,22.302725,19.602058,22.417873,25.970043,27.829868,27.664444,32.03274,29.253826,25.423658,32.005398,35.18733,30.139454,31.688782,31.88063,27.627651,27.005589,22.474426,22.041086,17.5569,14.309386,14.74056,16.654018,15.098786,17.708023,19.128147,20.71779,24.459475
13,24.971933,21.970621,18.319462,16.444244,13.1888895,13.282935,8.550467,7.040811,7.2650127,6.43004,10.641487,8.511881,3.5806837,0.0,5.210323,7.487679,9.794109,12.83177,14.540257,18.425592,20.162447,23.556574,25.348326,28.986807,29.066284,29.91017,27.9652,26.072569,29.380894,26.027838,32.473877,28.808588,36.066216,32.79447,36.709343,38.950954,41.13868,39.62871,33.842842,29.831623,34.069603,29.07524,32.45894,29.744043,32.958214,31.685635,34.937042,33.60414,38.35712,37.3482,39.934513,37.0559,39.4154,40.809917,37.53254,34.785244,35.788708,36.812588,41.983654,42.51122,44.361904,42.35248,42.73234,40.323925,42.359165,36.785126,40.711823,38.392906,35.037827,33.233322,34.174854,30.264719,32.529736,27.998714,32.55713,28.108252,31.556376,30.466902,28.654978,30.38183,32.41412,32.37977,26.762701,24.542526,23.444094,22.179073,21.637022,18.467308,20.513676,23.86942,25.387056,24.922085,29.385477,27.240868,22.9703,29.44001,32.94666,28.270767,29.726088,30.460115,26.29384,26.242752,21.226257,21.844803,17.569265,14.651685,15.934133,17.753593,17.273884,18.877392,20.920979,22.082224,26.140587
14,26.260508,23.407276,19.886824,16.82829,13.800471,16.058992,9.71226,11.274419,9.845502,10.217912,13.693409,12.932152,7.829027,5.210323,0.0,5.412718,6.8064833,10.473075,12.368813,16.290228,19.017189,21.87456,24.34875,27.567333,27.00818,27.934103,25.178535,24.002815,26.598953,23.730427,29.913723,26.326042,33.744633,30.754759,34.956657,37.086033,39.798664,38.570095,32.70367,28.527405,32.582485,27.669016,30.590527,28.16407,30.679913,29.98021,32.507893,30.734745,35.46548,34.331757,36.623524,33.419785,35.69126,36.679142,33.65839,31.023756,32.37069,33.67367,38.663456,39.64782,41.55988,40.009758,40.738514,38.463966,40.982677,35.453865,39.78897,37.85426,34.356388,33.080956,33.514088,30.173166,32.262833,27.746977,32.499146,27.662039,31.58901,29.909073,28.485647,29.842155,31.142624,30.6503,25.000208,22.623802,21.240898,20.298029,18.72056,15.928698,17.523888,20.40516,21.897448,21.021254,25.47957,23.257177,18.367855,24.759417,28.529984,23.796051,24.817268,25.848896,22.016161,22.104956,16.943724,18.606653,14.454882,12.08724,14.639353,16.611456,18.050877,18.905058,22.004501,23.285965,27.63825
15,21.681122,18.78615,15.518591,11.932704,9.395308,12.715909,5.724381,10.0140915,8.227368,10.826785,14.787233,13.980809,9.409569,7.487679,5.412718,0.0,4.2427998,5.6778207,9.511496,11.804921,15.074478,17.710382,19.636145,23.181114,22.886555,23.419437,20.946024,19.11724,21.971727,18.790703,25.335655,22.020723,29.38497,26.768888,30.667347,33.30302,35.615555,33.96215,28.228542,23.922878,27.74831,22.583822,25.56351,22.929382,25.743635,24.859383,27.823559,26.48838,31.148588,29.93547,32.474033,29.58726,31.99253,33.52246,30.252571,27.39867,28.413027,29.36298,34.501915,35.1693,36.96843,35.188213,35.686394,33.356747,35.714165,30.213657,34.48454,32.556934,28.989428,27.68556,28.114237,24.811483,27.005493,22.608755,27.563507,22.983742,27.273647,25.899664,25.003616,26.811535,27.904716,28.037863,22.236307,19.291567,17.357868,15.726815,14.619096,11.130808,13.162192,16.585876,18.46811,18.488684,22.746546,19.964907,16.516672,23.144285,26.004389,21.293114,23.4285,23.919195,19.414276,20.085821,14.670416,15.8793335,12.669708,10.789052,12.757129,13.71999,15.498265,14.787972,18.193748,18.875,23.394861
16,21.519884,19.090542,15.864826,12.006701,9.400792,14.021328,7.68687,12.741376,12.210114,14.504325,18.661844,17.428995,12.598008,9.794109,6.8064833,4.2427998,0.0,4.7810946,5.839756,9.685493,12.503691,15.124698,17.895227,20.860474,20.208271,21.23729,18.683784,17.741543,21.063253,18.618214,25.648329,23.043636,30.398417,28.542583,32.36172,35.287956,37.675243,35.831474,30.273773,25.79996,29.063835,23.62386,25.987347,22.98166,25.287525,23.973328,26.210186,24.328596,29.167122,28.499168,30.973042,28.200792,31.016235,32.29573,29.572422,26.54113,27.948334,28.64542,33.45799,34.813816,36.01631,35.076874,35.30847,32.727356,35.386967,29.553814,33.934208,32.025074,28.788885,27.952892,28.489243,25.880522,28.388584,24.37882,29.649195,25.336174,30.069672,28.705671,28.28634,30.101477,30.708263,30.788774,25.022297,21.79632,19.321226,17.40776,15.482338,11.434589,11.577531,14.4897175,15.666033,15.173276,19.615599,18.038807,13.932459,20.316053,23.654207,19.709917,21.7486,23.124865,18.87977,20.535248,14.631661,17.473818,14.956252,13.76968,16.330677,17.117605,19.518242,18.055653,21.702726,21.875546,26.463934
17,18.793505,16.359896,13.687275,9.07116,7.767689,13.321342,7.4860187,13.765417,12.562692,15.958684,19.91899,19.066837,14.833435,12.83177,10.473075,5.6778207,4.7810946,0.0,6.3972063,6.2705317,10.605229,12.510089,14.566671,17.900116,17.420507,17.822237,15.302869,13.557671,16.809513,14.008892,21.234373,18.86423,26.089485,24.571283,28.116693,31.392736,33.494423,31.392534,25.989403,21.463013,24.473824,18.918861,21.280426,18.236841,20.743355,19.544828,22.227285,20.860533,25.55194,24.578182,27.242167,24.682487,27.478996,29.269419,26.226894,23.073008,24.107933,24.571453,29.56742,30.53164,31.810034,30.534504,30.715988,28.195322,30.76496,25.077345,29.505299,27.744118,24.289816,23.502565,23.808163,21.316282,23.763266,19.887362,25.250494,21.132662,26.14924,24.940508,25.048412,27.105017,27.409376,27.95039,22.243578,18.63999,15.7158375,13.252805,11.703775,7.021625,7.7453012,11.363467,13.253768,13.957702,17.93465,15.299228,13.138129,19.511917,21.679663,17.60649,20.68057,21.272314,16.493284,18.518196,12.794209,14.971062,13.602283,13.076641,15.023936,14.889112,17.755919,14.897569,18.825563,18.53691,23.129414
18,18.740208,17.096407,14.3195095,10.59542,8.722541,14.447405,10.214254,15.936775,16.67662,19.312859,23.791525,21.985888,17.46887,14.540257,12.368813,9.511496,5.839756,6.3972063,0.0,6.478898,7.3635535,10.101347,13.544731,15.877666,15.222985,16.795082,15.028633,14.717443,19.310898,17.661737,25.39485,24.005001,30.95193,30.224684,33.535683,37.110497,39.09385,36.662514,31.571,27.014055,29.374746,23.557081,25.221188,21.486135,23.518414,21.089094,22.815012,20.674572,25.646387,25.897604,28.546055,26.4446,29.910841,31.357061,29.207283,25.845953,27.355453,27.27333,31.657608,33.539005,33.72621,33.65643,33.153492,30.128632,32.83767,26.586826,30.800568,28.753471,26.126581,25.750431,26.691473,24.939547,27.971912,24.701435,30.269753,26.753527,31.925497,31.014204,31.306128,33.468918,33.671673,34.195267,28.532204,24.879921,21.750483,19.10195,17.137737,12.309816,10.073322,12.407815,12.4544,12.140695,16.388527,16.637972,13.446862,18.914925,21.986813,19.523674,22.189716,24.181063,20.025042,22.996286,17.002348,20.651491,19.322996,18.75367,21.098276,21.228203,23.696901,20.986633,24.542768,23.734856,28.238945
19,16.211927,14.775576,13.112715,8.567014,9.051948,15.349302,11.838177,18.33968,18.084665,21.689768,25.820253,24.6112,20.600878,18.425592,16.290228,11.804921,9.685493,6.2705317,6.478898,0.0,5.95627,6.452361,8.948011,11.754993,11.16564,11.6684,9.775571,8.376637,13.223411,11.509336,19.487627,18.794739,25.290232,25.283325,28.123781,32.130917,33.76344,31.029037,26.312572,21.800703,23.519278,17.653336,18.951197,15.085993,17.124817,14.739342,16.9041,15.422027,20.250622,20.114998,23.0328,21.275522,24.771856,26.881765,24.420815,20.90405,21.951918,21.44924,25.990204,27.469135,27.650879,27.31001,26.714363,23.736345,26.461145,20.343132,24.76073,23.028679,20.098902,20.0436,20.552816,19.34309,22.268572,19.448893,25.03675,21.957666,27.442429,26.697308,27.769976,30.107225,29.77186,30.796946,25.428232,21.450579,17.835835,14.649151,13.074573,8.076208,4.9912558,7.9640756,8.958835,10.765613,14.015405,12.785838,12.677641,17.77885,19.048578,16.629032,20.603926,21.586689,16.991076,20.501272,15.084563,18.033625,18.234436,18.49733,20.223927,19.371672,22.43208,18.196169,21.964094,20.585293,24.903269
20,13.375027,12.872746,11.439891,8.671373,9.125097,14.617722,13.420218,19.204578,20.611927,23.879698,28.439192,26.334244,22.588154,20.162447,19.017189,15.074478,12.503691,10.605229,7.3635535,5.95627,0.0,4.1477365,6.810672,9.174418,9.720345,11.235803,11.880886,10.880084,17.227407,16.00797,24.093393,24.04648,30.055338,30.447004,32.83666,37.18303,38.281757,35.025085,30.703554,26.33048,27.618475,21.606312,22.712887,18.134916,20.420397,16.32893,18.408354,16.989847,21.74165,22.849037,25.953665,25.05474,28.994211,31.188766,29.222652,25.599546,26.603762,25.407263,29.440878,31.141924,30.301811,30.54367,28.975117,25.46794,27.738237,21.174402,24.844889,22.466028,20.574093,20.457344,22.06647,21.148062,24.734192,22.544514,28.12223,25.915657,31.239578,31.160065,32.2348,34.93271,34.919277,36.27733,30.89341,26.91674,23.360518,19.8834,18.886784,13.787759,10.645678,12.598781,12.067007,13.443858,16.312017,17.364853,17.055935,21.288788,22.793535,21.619205,25.428442,27.006298,22.670885,26.402142,20.904629,23.913322,23.771744,23.592096,25.118143,24.335312,26.381393,22.307737,25.329706,23.304594,27.369492
21,14.734724,14.735655,14.155652,11.1755495,12.459048,18.085215,16.648062,22.749022,23.542372,27.0717,31.448063,29.712423,25.9065,23.556574,21.87456,17.710382,15.124698,12.510089,10.101347,6.452361,4.1477365,0.0,4.7912707,5.8115253,5.70022,7.207663,8.200896,7.9542656,14.3293,14.04946,21.781796,22.581087,28.040096,29.223726,31.314117,35.84678,36.90099,33.567158,29.637888,25.37674,25.949263,20.151546,20.456095,15.913898,17.440193,13.200628,14.505325,12.968429,17.666845,19.082539,22.178213,21.65197,25.780506,28.072227,26.422949,22.76798,23.766987,22.18716,25.85986,27.860462,26.573597,27.378845,25.65336,22.087706,24.656971,18.113546,21.985573,20.019016,18.278547,18.91762,20.109806,20.205006,23.628916,22.013908,27.474993,25.585104,31.100775,30.944988,32.556305,35.162025,34.595695,36.018177,30.924406,26.847727,23.038952,19.556614,18.323233,13.751667,9.656774,10.543507,9.5715685,11.750721,13.638758,15.034326,16.18737,19.487963,20.116722,19.739687,23.931568,25.42696,21.34829,25.615194,20.564552,23.809843,24.539461,24.931232,26.499321,25.393007,28.089172,23.37611,26.645918,24.457129,28.357677
22,11.230082,11.774437,12.36633,10.353649,12.82034,17.511236,17.493559,23.244373,24.12032,27.933002,32.16746,30.418041,27.219902,25.348326,24.34875,19.636145,17.895227,14.566671,13.544731,8.948011,6.810672,4.7912707,0.0,4.6677394,7.023468,6.6581745,9.794022,7.2978396,14.170046,13.36942,20.857063,22.032614,26.806824,28.222647,29.692112,34.557728,34.916607,31.103695,27.637959,23.656054,23.808931,18.062601,18.465416,13.510093,15.89044,10.5974245,13.468779,13.482767,17.524988,18.79711,22.24743,22.381062,26.333784,29.288889,27.256456,23.636362,23.944576,21.877913,25.63503,26.78336,25.379057,25.507149,23.197767,19.463675,21.33634,14.709253,18.093407,15.708267,14.119729,14.509551,16.256496,16.474453,20.178375,19.189844,24.436382,23.428347,28.736914,29.205198,31.097544,34.039093,33.607838,35.610332,30.753765,26.681385,22.946018,19.120687,19.010292,14.637445,11.774417,13.162874,12.997342,15.898517,17.230118,17.526138,19.913246,23.263239,22.966703,22.384533,27.07202,27.778503,23.413095,27.404789,22.796768,24.900652,25.95638,26.310663,27.159664,25.572598,27.654886,22.440702,25.112448,22.304974,25.75131
23,14.793748,15.969263,16.701452,14.840637,16.949057,21.790358,21.566458,27.421682,28.363794,32.075424,36.385033,34.6081,31.141594,28.986807,27.567333,23.181114,20.860474,17.900116,15.877666,11.754993,9.174418,5.8115253,4.6677394,0.0,3.7155874,4.2686453,9.00319,8.822017,14.924346,15.56168,22.336369,24.362717,28.580612,30.785957,32.04807,36.985573,37.400414,33.58081,30.536974,26.696712,26.169666,20.815025,20.240438,15.563768,16.612274,11.133076,11.904599,11.34232,15.0820875,17.527796,20.751104,21.505814,25.796276,28.51138,27.272226,23.688538,24.26624,21.758762,24.649519,26.597158,24.190115,25.618208,22.90437,18.992098,21.196526,14.682062,17.840881,15.890479,15.298893,16.719532,18.20783,19.659435,23.152763,22.768618,27.782072,27.039421,32.41864,32.765106,34.96165,37.751095,36.889683,38.76354,34.090343,29.991348,26.105375,22.468388,21.778868,17.8049,13.902411,13.961106,12.700198,15.44618,15.757011,17.678988,20.504272,22.57281,21.944311,22.726688,27.289927,28.499613,24.708801,29.26374,24.850006,27.70171,29.129501,29.783417,30.980572,29.44304,31.98927,26.682177,29.54864,26.759922,30.101341
24,17.996342,18.740324,18.975224,16.318508,18.024956,23.497303,22.19285,28.371473,28.885866,32.53662,36.790028,35.26267,31.419762,29.066284,27.00818,22.886555,20.208271,17.420507,15.222985,11.16564,9.720345,5.70022,7.023468,3.7155874,0.0,3.3813562,6.36496,8.306631,13.49327,14.932432,21.44516,23.559755,27.921362,30.277103,31.82844,36.560402,37.457203,33.999477,30.799833,26.860739,26.338926,21.134062,20.17133,15.944671,16.026361,11.560778,10.7423315,8.861636,13.089104,15.664619,18.591114,19.018177,23.45469,25.757698,24.906313,21.340727,22.356508,20.056372,22.72524,25.372648,22.98104,25.057035,22.848505,19.157625,22.055809,15.78505,19.513502,18.197098,17.248577,19.04697,19.809847,21.464014,24.60941,23.971218,29.039627,27.78006,33.33831,33.19316,35.41922,37.90754,36.705235,38.20192,33.562347,29.475515,25.504349,22.172901,20.729033,17.092937,12.446386,11.563882,9.670851,12.302492,12.162427,14.832696,17.702599,19.14216,18.527594,19.838268,24.20775,25.780758,22.379833,27.240751,22.920734,26.453022,28.075396,29.012196,30.629147,29.253134,32.466274,27.246021,30.595354,28.197123,31.76797
25,17.469522,18.194695,18.88488,16.211006,18.448708,23.75315,22.581936,28.78829,28.914627,32.80112,36.8512,35.57756,31.968805,29.91017,27.934103,23.419437,21.23729,17.822237,16.795082,11.6684,11.235803,7.207663,6.6581745,4.2686453,3.3813562,0.0,5.6042304,6.261349,11.190771,12.726927,18.813244,21.330193,25.184881,27.846548,29.05679,33.9316,34.57028,30.978897,28.073551,24.324156,23.412336,18.415682,17.17439,12.968102,12.997282,8.240557,7.898196,7.2260566,11.155516,13.299728,16.52597,17.27591,21.561918,24.351524,23.171076,19.632273,20.196617,17.598917,20.413292,22.56173,20.243505,21.927515,19.591894,15.872487,18.74276,12.470692,16.423338,15.350242,14.145367,16.217148,16.658188,18.735369,21.70267,21.44123,26.287413,25.373169,30.86437,30.849249,33.35979,35.886993,34.52762,36.266544,31.881369,27.814878,23.851675,20.467878,19.464186,16.265322,12.194724,11.444074,10.433691,13.792034,13.325803,14.484904,18.535994,20.087864,18.583246,19.563566,24.36207,25.228336,21.682041,26.414888,22.55754,25.427385,27.504774,28.62954,29.899038,28.200628,31.435307,25.849333,29.085897,26.537115,29.859863
26,20.681505,20.529703,20.418774,16.615524,18.282717,24.250196,21.456623,27.959793,27.230114,31.034777,34.83555,34.07811,30.091066,27.9652,25.178535,20.946024,18.683784,15.302869,15.028633,9.775571,11.880886,8.200896,9.794022,9.00319,6.36496,5.6042304,0.0,5.2690396,7.87018,10.098607,16.051617,18.081684,22.621517,24.970097,26.868465,31.281116,32.761486,29.871649,26.416588,22.445377,22.031553,17.180296,15.91049,12.619271,11.690435,9.645249,8.29419,5.702343,10.634902,11.372229,14.193377,13.512038,17.77309,20.06838,18.794733,15.178639,16.376621,14.640377,17.93401,20.634348,19.373804,21.017271,20.043814,17.018734,20.688726,15.040224,19.794292,19.340538,17.092245,19.003334,18.426014,19.979177,22.342249,21.26131,26.199123,24.201538,29.863907,29.033434,31.389925,33.441547,31.738327,32.879482,28.476252,24.477316,20.47975,17.630672,15.540614,12.993171,8.306934,6.273884,5.48764,9.323291,8.83433,8.891614,13.378525,14.926482,13.420101,13.972131,18.772383,19.71758,16.346413,21.306318,17.575245,21.11946,23.433239,24.945578,26.692802,25.225344,29.365788,24.055874,27.967392,26.156685,29.833197
27,16.736712,16.318985,16.580194,12.955002,15.329545,20.773579,18.679705,24.974518,24.182287,28.258488,31.940325,31.196547,27.73357,26.072569,24.002815,19.11724,17.741543,13.557671,14.717443,8.376637,10.880084,7.9542656,7.2978396,8.822017,8.306631,6.261349,5.2690396,0.0,6.912928,6.7875276,14.024994,15.582566,20.310476,22.159122,23.830767,28.531172,29.475563,26.19063,22.615551,18.581861,18.439892,13.015267,12.6321745,8.427889,9.582719,6.5569844,8.992015,9.049025,13.160402,12.845591,16.224218,15.667172,19.341843,22.422794,20.044987,16.449059,16.695951,14.93554,19.174465,20.32392,19.822634,19.702642,18.537256,15.414713,18.357779,12.373535,17.149723,16.202332,13.213232,14.421239,14.055108,14.901773,17.513794,16.312382,21.41339,19.682528,25.307253,24.944433,27.30327,29.733765,28.45516,30.145403,25.657114,21.581047,17.632938,14.206995,13.446461,10.451964,7.5203233,8.031205,9.214988,13.054615,13.678814,11.569287,15.867177,18.90948,17.437658,16.335318,21.471342,21.375652,17.123644,21.28089,17.539364,19.541204,21.751162,22.973675,23.975397,22.110699,25.591034,19.915442,23.432665,21.269558,24.78725
28,22.885326,22.158152,22.39936,18.413313,20.56031,25.953835,22.801477,29.009655,26.978853,31.058216,34.076015,34.22031,30.753527,29.380894,26.598953,21.971727,21.063253,16.809513,19.310898,13.223411,17.227407,14.3293,14.170046,14.924346,13.49327,11.190771,7.87018,6.912928,0.0,4.7148843,8.187798,10.92866,14.76128,17.549385,19.181328,23.58647,25.117456,22.536366,19.27577,15.661363,14.754301,10.854753,8.846473,7.543536,5.270992,7.940555,8.271154,8.718702,11.2424965,8.387199,11.237668,9.781168,12.7993965,16.220745,13.36198,9.891654,9.790041,8.365473,13.21716,14.263205,15.019203,14.623484,15.081309,13.196341,17.00986,12.932553,18.08922,18.596,15.081322,16.901817,14.644288,16.264275,17.306356,16.357456,20.519243,18.417074,23.866926,22.67136,25.57786,27.324198,24.992138,26.33295,22.644405,18.85498,15.016388,12.699683,11.303406,11.280598,9.611849,8.497823,10.697867,14.411057,13.831493,8.956258,15.464163,17.41322,14.193455,12.729548,18.130838,16.77562,13.1435375,17.278913,15.343307,16.865734,20.498117,22.648695,23.651907,21.555868,26.176483,20.435278,24.358398,22.881794,26.047235
29,20.267422,19.003675,19.088852,15.093033,17.329792,22.261414,19.209393,25.126942,22.89778,27.079021,29.964361,30.17121,27.048874,26.027838,23.730427,18.790703,18.618214,14.008892,17.661737,11.509336,16.00797,14.04946,13.36942,15.56168,14.932432,12.726927,10.098607,6.7875276,4.7148843,0.0,8.160321,8.813203,14.086762,15.414803,17.440624,21.904192,23.267662,20.54271,16.496368,12.376363,12.713547,7.6038775,7.7690964,5.728536,7.027297,8.734764,11.757669,12.62421,15.562576,12.86203,15.761292,14.0876,16.438894,19.85274,16.190233,12.979439,12.440623,11.835616,17.167366,16.96264,18.58882,16.537205,17.048454,15.184532,18.121094,13.794726,18.735939,18.57203,14.413582,15.100074,13.1278715,13.144385,14.323914,12.399653,17.050198,14.40171,20.02718,18.97789,21.571793,23.633215,21.911987,23.559328,19.411304,15.439554,11.543585,8.536521,8.304775,7.8775916,8.299977,9.296132,12.319514,15.861324,16.555717,11.144234,16.129168,19.656555,17.497742,14.488179,19.72155,17.960232,13.40254,16.534615,14.1100855,14.330786,17.521147,19.308107,19.79917,17.496613,21.690765,15.816169,19.672478,18.222786,21.531164
30,27.212593,26.049974,26.529612,22.82401,25.085062,29.52675,26.333338,31.770653,28.649633,32.709118,34.75451,35.802742,33.051834,32.473877,29.913723,25.335655,25.648329,21.234373,25.39485,19.487627,24.093393,21.781796,20.857063,22.336369,21.44516,18.813244,16.051617,14.024994,8.187798,8.160321,0.0,5.526151,6.5738177,10.276383,11.28352,15.625968,17.244665,15.3176775,12.489749,9.98355,8.166768,7.67521,5.115728,8.868256,6.871666,12.76304,14.283272,16.045845,16.745872,12.166859,13.780885,12.033164,12.099483,16.136213,11.6294775,9.8290615,7.2782907,7.574335,12.827744,10.621764,14.60429,10.751768,13.5998745,13.829261,16.77707,15.46198,19.849451,21.151363,17.009115,18.241587,14.561497,15.71925,14.669223,14.011363,16.29659,14.217666,18.748964,17.027203,20.595074,21.786077,18.59223,20.235502,17.910784,14.882146,12.043518,11.270891,11.521304,14.344502,15.545451,15.324914,18.225117,21.516075,21.04615,14.596248,20.723103,22.811335,18.991693,16.109755,20.892828,17.370832,14.25872,16.22122,16.823267,15.418952,20.080212,22.65858,22.64044,20.001488,24.691986,19.072231,22.527613,21.647814,23.860544
31,27.264751,25.447311,25.345802,21.452911,23.227215,27.271252,23.46543,28.387465,24.62952,28.493036,30.088839,31.572699,29.032658,28.808588,26.326042,22.020723,23.043636,18.86423,24.005001,18.794739,24.04648,22.581087,22.032614,24.362717,23.559755,21.330193,18.081684,15.582566,10.92866,8.813203,5.526151,0.0,7.4494805,7.0105643,10.205769,13.677611,16.2393,15.156428,10.547044,7.1970253,8.649078,7.655353,8.431037,11.192749,11.305642,16.055477,18.458817,19.57829,21.245016,16.933586,18.55437,15.876522,15.73935,18.9303,13.931755,12.36248,10.686253,12.4172325,17.734499,15.708048,20.082762,15.921008,18.815907,18.85153,21.379318,19.476484,23.868206,24.517973,19.991545,20.227327,17.036531,16.303957,15.166773,12.82504,15.269952,11.394695,15.895965,13.282441,16.183678,17.123703,14.216559,15.522742,12.5370455,9.378017,6.7047915,7.0636015,7.814035,11.888878,14.821002,15.587601,19.067286,21.875914,22.433176,15.253898,19.799625,23.108725,20.443115,15.887986,20.140223,16.181393,12.421041,12.839564,13.663177,10.5928955,15.211067,17.781473,17.468126,14.833522,19.830696,14.757888,18.507936,18.511812,20.981287
32,31.754137,30.377176,30.974918,27.585436,29.812626,33.5202,30.431412,35.160522,31.43225,35.304466,36.56442,38.238697,36.08833,36.066216,33.744633,29.38497,30.398417,26.089485,30.95193,25.290232,30.055338,28.040096,26.806824,28.580612,27.921362,25.184881,22.621517,20.310476,14.76128,14.086762,6.5738177,7.4494805,0.0,6.266645,5.524025,9.48407,11.214954,10.546753,8.859607,8.846194,6.454028,10.36381,8.997311,13.867947,12.647732,18.43171,20.262365,22.382557,22.419413,17.57307,18.439085,16.821074,15.212693,18.912264,14.112722,13.924596,10.803556,12.062027,15.988203,11.782476,17.394896,11.6182,15.778037,17.399622,19.303469,19.840538,23.33478,25.004288,20.858227,21.585728,17.492115,18.112617,15.5766115,15.29286,15.3447075,13.666354,16.450203,14.303043,18.257547,18.717703,14.7204895,16.63287,16.172483,14.453653,13.258745,13.955747,15.246072,19.081806,21.386936,21.494894,24.572624,27.654707,27.251295,20.420834,26.056652,28.152184,24.227488,20.864775,24.916904,20.390644,18.022694,18.200832,20.428272,17.198124,22.008596,24.656805,23.849226,21.028444,25.337132,20.352938,23.056902,22.753208,23.970823
33,31.893978,29.916569,30.0188,26.646013,28.419613,31.488947,28.054766,32.004242,27.696045,31.254843,31.882517,34.05138,32.33763,32.79447,30.754759,26.768888,28.542583,24.571283,30.224684,25.283325,30.447004,29.223726,28.222647,30.785957,30.277103,27.846548,24.970097,22.159122,17.549385,15.414803,10.276383,7.0105643,6.266645,0.0,4.911486,6.8967357,10.096154,10.769505,6.5204673,6.467196,8.218534,11.182783,12.346712,16.260426,16.617306,21.629583,24.35917,26.027758,27.018442,22.353668,23.508497,21.116821,19.728321,22.779081,17.624128,17.314173,14.963665,17.014414,21.516851,17.915703,23.403973,17.728834,21.427452,22.515736,24.143152,23.811071,27.412691,28.376297,23.849674,23.611343,20.073233,18.858995,16.289299,14.40389,14.265103,10.811625,12.85821,9.448857,12.756572,12.70889,8.661961,10.629177,10.19231,9.224191,9.515201,11.513751,13.546701,17.915186,21.583601,22.56016,26.062777,28.76382,29.2852,21.963829,26.170277,29.381935,26.534687,21.822786,25.349895,20.574087,17.741985,16.301956,18.744545,13.792307,18.065516,20.469479,19.042501,16.251928,20.362444,16.312159,18.842318,19.547693,20.7225
34,32.88317,31.248056,31.911215,28.985212,31.186306,33.99401,31.335814,35.259888,31.27682,34.97367,35.647552,37.64145,36.191376,36.709343,34.956657,30.667347,32.36172,28.116693,33.535683,28.123781,32.83666,31.314117,29.692112,32.04807,31.82844,29.05679,26.868465,23.830767,19.181328,17.440624,11.28352,10.205769,5.524025,4.911486,0.0,5.4239783,6.1407595,6.389166,4.975176,7.6134043,6.5485306,11.806517,12.168187,16.693008,16.880627,21.923958,24.76196,27.149214,27.41309,22.739279,23.828825,22.305504,20.682632,24.211918,19.321829,19.234333,16.256077,17.499643,21.357502,16.64615,22.17412,15.59954,19.304607,21.018305,21.93862,22.869709,25.759565,27.133366,22.879826,22.75584,18.875101,18.333223,15.006103,14.585898,12.924666,11.571677,12.528553,10.406161,14.512825,14.787024,10.898056,13.783945,14.451441,13.741297,13.86777,15.023194,17.52922,21.363031,24.65401,25.479834,28.79135,31.849691,31.94339,24.942743,29.920237,32.72247,29.256628,25.280163,29.114193,24.364943,21.73463,20.842913,23.187126,18.573046,22.808071,25.061434,23.364803,20.375942,23.68768,19.302303,21.032957,21.091656,21.414005
35,37.6588,35.781574,36.156864,33.114704,34.984432,37.605648,34.496685,37.971233,33.48993,36.813255,36.84188,39.39014,38.16784,38.950954,37.086033,33.30302,35.287956,31.392736,37.110497,32.130917,37.18303,35.84678,34.557728,36.985573,36.560402,33.9316,31.281116,28.531172,23.58647,21.904192,15.625968,13.677611,9.48407,6.8967357,5.4239783,0.0,5.539648,9.471521,8.811048,11.756945,11.936914,16.813894,17.366796,21.86183,21.813623,27.103512,29.609453,31.663895,31.898388,27.02346,27.660528,25.672144,23.35743,26.214434,21.37322,22.005392,19.277035,21.301044,24.74606,20.16842,26.173912,19.853613,24.071169,26.094868,27.081274,28.232355,31.114155,32.549805,28.298649,28.06962,24.26171,23.385084,19.98448,19.134996,17.030382,15.157184,14.724661,11.758861,14.877191,13.725624,9.119587,11.075703,13.869462,14.666944,16.032944,18.255383,20.370398,24.801582,28.42565,29.197407,32.60797,35.322422,35.50617,28.19473,32.613625,35.328854,32.028633,27.649017,30.741234,25.555084,23.625896,21.595814,24.993565,19.791855,23.83181,26.155539,24.31072,21.666187,24.971817,21.741877,23.266014,24.173616,24.225224
