,0,1,2,3,4,5,6,7,8,9,10,11,12,13,14,15,16,17,18,19,20,21,22,23,24,25,26,27,28,29,30,31,32,33,34,35,36,37,38,39,40,41,42,43,44,45,46,47,48,49,50,51,52,53,54,55,56,57,58,59,60,61,62,63,64,65,66,67,68,69,70,71,72,73,74,75,76,77,78,79,80,81,82,83,84,85,86,87,88,89,90,91,92,93,94,95,96,97,98,99,100,101,102,103,104,105,106,107,108,109
0,0.0,3.9588563,6.924934,10.258319,12.530935,16.511972,18.960283,22.737812,25.971691,27.785467,32.571667,33.073486,30.948742,31.002672,26.427898,27.33858,23.913033,23.518076,24.095024,22.140404,25.178444,23.902891,26.867054,24.869736,23.110205,22.201536,19.24246,21.085283,18.95269,22.453629,21.032343,26.594234,28.408653,33.34483,32.825603,36.534317,38.69508,35.84063,34.640614,31.743763,29.160284,25.067959,22.996605,18.321476,19.997568,16.165022,17.213928,16.65053,19.492638,21.372234,21.930618,26.383776,29.030262,30.50257,30.889843,35.271004,34.235413,37.37702,40.887638,37.746613,34.329124,35.015396,31.502867,29.883568,31.70869,26.619606,28.791504,26.915045,31.820162,29.49428,26.275848,30.439915,28.850998,33.447037,33.753597,33.43732,37.254467,36.909164,39.54403,41.56752,40.225407,36.743534,34.229122,31.429607,30.1642,27.905878,26.953634,24.563862,23.111687,23.75772,21.990665,24.287172,21.31827,20.505915,17.57169,17.284916,14.489674,15.154319,16.40799,14.882271,18.792006,18.272175,20.60752,23.425154,22.552654,28.768215,26.958574,31.01144,32.910664,35.830795
1,3.9588563,0.0,5.131065,6.769341,9.01736,13.293886,15.256972,19.571667,22.432623,24.58014,29.147074,29.968828,27.975443,27.757627,23.283503,23.784248,20.44325,19.724806,20.52005,18.346487,21.543749,20.654766,23.553093,21.267694,20.024586,19.024725,16.15765,17.710217,15.078981,18.752579,17.309277,23.023344,25.218422,29.904781,29.751732,33.43766,35.687813,33.00139,31.463934,28.366587,26.213835,21.89251,19.872517,15.071461,16.81467,12.851256,14.39879,13.932024,17.140318,19.02939,19.403002,23.929127,26.483027,27.832817,27.782324,32.22094,30.960962,33.955536,37.625286,34.57407,31.07359,32.013268,28.313976,27.038935,28.781609,23.973814,26.438654,24.40033,29.18405,26.517237,23.006357,26.9277,25.19488,29.669256,29.899778,29.495842,33.319817,33.015236,35.673946,37.767113,36.478157,32.93557,30.602623,27.673212,26.32596,24.017424,23.064373,20.659405,19.343124,20.21458,18.80369,21.28222,18.57863,17.595163,14.405874,13.833107,10.873018,11.2068615,12.54507,11.403955,15.423748,15.609589,18.335571,20.909992,19.717047,25.871178,23.592989,27.830961,29.445442,32.507427
2,6.924934,5.131065,0.0,5.535485,6.922449,10.16942,13.395911,16.09498,19.825508,21.308706,26.150433,26.383413,24.117199,24.375431,19.812706,21.21424,18.184586,18.318993,19.684813,18.560862,22.244326,21.502476,25.116045,22.932806,22.907984,22.085867,19.515404,20.298977,15.82273,19.309109,16.61571,22.648188,23.155632,28.225458,27.74278,31.122967,33.79628,31.280043,30.16248,27.56752,25.05572,21.747974,18.79107,15.0810585,18.530218,14.949587,17.558407,17.730394,21.165445,22.761002,22.484356,27.165625,29.213812,29.973312,29.402493,33.642113,31.671047,34.49951,38.139633,35.080925,31.355736,33.271717,29.759792,29.015068,31.390032,26.872204,29.811306,27.977713,32.697,29.728365,25.752922,28.993956,26.577442,30.907063,30.173561,29.544783,32.925583,32.073338,34.374493,36.265095,34.511818,31.204485,28.499037,25.943382,25.399645,22.840912,23.158112,21.42487,20.94386,22.458948,21.889666,24.442785,22.063538,20.429922,17.1349,15.318152,13.320858,11.402766,13.073773,9.362116,13.684028,12.7348795,14.784124,18.066011,17.587484,23.684885,22.402575,26.745047,28.674244,32.055954
3,10.258319,6.769341,5.535485,0.0,4.105503,6.8335257,9.649513,13.644926,16.534697,19.06403,23.087637,24.172546,21.90229,21.33054,16.78014,17.22898,13.701549,13.404096,14.373647,13.056656,16.72001,16.175867,19.775026,17.651121,18.23069,17.717295,15.915383,16.625217,11.657454,15.8110695,13.310985,19.693922,21.3791,25.685024,26.186415,29.460354,32.30926,30.182922,28.268,25.135454,23.778189,19.853111,17.297249,13.360616,16.196959,12.504816,15.390685,15.12492,18.759016,20.593777,20.515789,24.932478,27.084648,27.944487,26.72507,31.088512,28.969553,31.441252,35.435883,32.637947,28.871162,30.916656,26.968418,26.74806,28.414156,24.517447,27.544184,25.214819,29.441845,25.928156,21.80766,24.756493,22.516964,26.197319,25.863363,24.77943,28.379421,27.824104,30.201984,32.432045,30.74877,27.186981,25.243996,22.21725,21.457373,18.454689,18.848875,16.352959,16.207548,17.619299,17.61633,19.978823,17.92405,15.84521,12.555373,10.115151,8.923318,6.4143467,9.264227,6.973466,11.69728,12.690418,15.38596,18.051641,16.891733,22.634563,20.15461,24.87194,25.98094,29.614555
4,12.530935,9.01736,6.922449,4.105503,0.0,5.473927,6.5478,10.748015,13.451149,15.659235,20.138409,21.073948,19.319302,19.019012,14.871831,15.210485,12.886399,12.0537,14.686853,13.164162,17.32824,17.857973,21.07441,18.144457,19.586214,18.49054,16.27569,15.926996,9.868237,13.243263,10.027558,16.346624,17.371553,21.915375,22.156565,25.469418,28.284952,26.131887,24.37318,21.47258,19.851776,16.373726,13.430197,10.120105,14.120616,11.0913725,14.721843,15.465435,19.043953,20.276207,19.418423,23.90531,25.482664,25.805088,24.34686,28.486122,25.993902,28.476559,32.32431,29.468729,25.622164,28.166182,24.495558,24.541332,26.916885,23.187702,26.606323,24.761608,29.060585,25.662804,21.228182,23.595259,20.688536,24.778233,23.519691,22.827032,26.053665,25.151096,27.484777,29.42839,27.808527,24.414474,21.900387,19.138315,18.507957,15.952809,16.499187,15.369385,15.479395,17.799818,18.25029,21.098381,19.605934,17.880426,14.453682,11.989265,10.132427,5.88641,7.278051,2.9224393,7.698692,8.73886,11.658027,14.026309,12.808288,18.539902,16.345541,21.018623,22.401497,26.055649
5,16.511972,13.293886,10.16942,6.8335257,5.473927,0.0,6.0591807,7.2403364,10.820995,13.08162,16.806787,17.694164,15.135741,14.611758,10.000988,11.147944,8.370791,9.275266,11.681244,12.154303,16.224228,16.56428,20.545713,18.486897,21.086912,20.75615,19.64502,19.155264,12.2674265,15.592691,11.631563,17.869215,17.681046,21.72802,22.481186,25.103676,28.596361,27.076588,25.236086,22.61108,21.667274,19.083439,15.766028,13.932979,18.152067,15.5352125,19.267784,19.687002,23.27273,24.651552,23.844765,28.052856,29.473501,29.565992,27.392576,31.32188,28.237457,30.159418,34.16487,31.609062,27.670237,31.043083,27.323154,28.100332,30.202164,27.17558,30.692102,28.585062,32.354637,28.451685,23.914469,25.528585,22.498499,25.465595,23.805653,22.251066,25.07919,23.837145,25.656353,27.714512,25.435497,22.14354,20.130754,17.477247,17.944344,14.457234,17.039461,15.716476,17.04996,19.320133,20.688938,22.98895,21.785555,19.206787,16.236872,12.6358385,12.989149,7.994674,10.514972,6.140859,9.744605,10.637711,12.440076,15.117301,14.525978,19.29226,17.532131,22.344278,23.270575,27.364609
6,18.960283,15.256972,13.395911,9.649513,6.5478,6.0591807,0.0,6.911289,7.415453,10.673408,14.313627,16.104008,15.024048,14.033676,10.86342,9.6944895,9.093778,7.0165358,11.721286,10.424602,14.760278,16.78477,19.452171,16.059772,19.37889,18.248596,16.876598,15.214014,7.7472363,9.999474,5.743955,11.860095,12.885108,16.446016,17.70867,20.62477,23.753508,22.25808,19.834959,16.805902,16.526842,13.575549,10.75258,9.47885,13.600861,12.056394,16.076097,17.26667,20.543512,21.297682,19.879168,23.770498,24.653524,24.35121,21.775942,25.523012,22.259945,24.106129,28.124743,25.627098,21.697498,25.243166,21.59766,22.771097,25.105745,22.596676,26.366213,24.6303,28.189825,24.414917,19.69177,20.609537,17.067364,20.434328,18.164663,17.20446,19.968348,18.782478,20.98153,22.954365,21.301954,17.867752,15.608915,12.6551895,12.347313,9.575122,11.386109,11.587653,12.990806,16.194613,18.016968,20.816177,20.417208,18.59857,15.597664,12.68175,11.925994,6.502829,6.7334323,4.7090545,5.3822956,8.827787,11.483539,12.401868,10.703148,14.950355,11.932054,16.844925,17.408691,21.475237
7,22.737812,19.571667,16.09498,13.644926,10.748015,7.2403364,6.911289,0.0,5.314236,6.0096197,10.219623,10.549104,8.624179,8.7651005,5.6062536,7.364188,8.74533,9.583161,14.155657,15.200931,19.182594,20.830214,24.214455,21.649958,25.542627,24.839289,23.758596,22.046669,14.560486,15.957498,11.229919,15.763843,12.840624,16.551176,17.211857,19.06679,23.053928,22.148386,20.6439,18.950739,18.213034,17.601683,13.825627,14.768379,19.867445,18.651033,22.772346,24.086733,27.408209,28.08783,26.416924,30.305704,30.78369,29.963503,27.114916,30.30438,26.360561,27.76871,31.44168,29.125063,25.200235,29.828602,26.756212,28.364975,31.219122,28.99342,32.898598,31.394579,34.837677,31.013899,26.27984,26.554544,22.683125,25.338215,21.907084,20.563183,22.120275,19.928799,21.087492,22.532467,19.832512,17.170757,14.316197,12.687904,14.647069,11.787041,16.11951,17.184183,19.348946,22.508411,24.681984,27.20029,26.79445,24.467375,21.663765,18.124031,18.33793,12.818178,13.575471,9.24307,9.271626,9.723044,10.0471945,11.662572,11.779986,14.611471,14.188508,18.495447,19.474634,23.728518
8,25.971691,22.432623,19.825508,16.534697,13.451149,10.820995,7.415453,5.314236,0.0,4.698952,6.9197454,9.247008,9.164272,7.8845005,7.2949395,5.3567514,9.160551,8.08615,13.643479,14.099104,17.707066,20.46514,22.895811,19.858873,24.517658,23.608803,22.908783,20.497728,13.355382,13.596845,9.463885,12.387101,10.281191,12.393079,14.360424,15.973288,19.899052,19.518894,17.157122,15.173112,15.914439,15.398549,12.508762,14.3582535,18.629936,18.336082,22.307522,23.830364,26.794624,27.12698,25.213612,28.532322,28.583733,27.46033,24.010643,26.833282,22.598356,23.493944,27.238241,25.260023,21.44931,26.44561,23.45837,25.72397,28.347378,27.002596,30.950895,29.580044,32.45162,28.596813,23.928476,23.247524,19.178274,21.264746,17.196306,15.878939,16.97431,14.634966,15.838156,17.360193,14.922945,12.038077,9.416292,7.3898754,9.697615,7.165381,12.2534485,14.544048,17.170963,20.669062,23.422346,25.910326,26.225237,24.224197,21.730728,18.525768,18.762064,13.545581,13.397395,11.363251,9.641848,11.910308,12.749408,12.554815,11.749743,12.92951,11.23026,15.344121,15.339837,19.716352
9,27.785467,24.58014,21.308706,19.06403,15.659235,13.08162,10.673408,6.0096197,4.698952,0.0,6.0424967,5.866721,6.8091817,7.6099057,8.2416,8.62042,12.714782,12.605738,17.913944,18.675465,22.355982,24.902718,27.548422,24.504494,28.996689,27.918278,26.792204,24.257967,17.103626,16.836397,12.46257,14.515105,9.287705,12.064339,12.692071,13.682748,18.000032,17.76032,16.502333,15.807828,15.487938,16.713371,13.218175,16.2781,21.337433,21.273958,25.37253,27.283648,30.262598,30.365162,28.09668,31.546925,31.239513,29.705723,26.430439,28.839176,24.34592,25.25739,28.482428,26.449766,22.723837,28.215414,25.849401,28.068796,31.431894,29.939463,34.00511,33.05546,36.158543,32.578285,27.88829,27.135223,22.785221,25.206774,20.42603,19.615746,19.926008,16.986732,17.562067,18.220396,15.455482,13.628483,9.621014,9.552099,12.65176,11.318118,16.075758,19.071062,21.478909,25.12131,27.676136,30.35073,30.528708,28.58278,25.905718,22.675247,22.552692,17.154987,16.744568,13.430877,11.219478,11.689764,11.119086,10.737437,11.159634,11.183551,11.995367,15.250484,16.156042,20.280323
10,32.571667,29.147074,26.150433,23.087637,20.138409,16.806787,14.313627,10.219623,6.9197454,6.0424967,0.0,4.580765,6.572549,5.230184,9.010297,7.7615037,13.138981,13.200293,17.85312,19.399132,22.237719,25.14523,27.395857,24.883047,30.150555,29.485853,29.240808,26.57878,19.838219,19.376677,15.790625,16.765017,12.770248,12.718315,15.013215,14.695262,19.121706,20.026207,18.079695,17.423752,18.888174,20.138845,17.569836,20.63097,24.762148,24.968643,28.850876,30.449404,33.247417,33.39882,31.295458,34.21308,33.782734,32.187668,28.29123,30.310728,25.600058,25.617392,28.88506,27.504538,24.09041,29.874655,27.510475,30.411934,33.0632,32.517918,36.467968,35.297817,37.64348,33.780178,29.302778,27.657755,23.5716,24.461178,19.486345,17.907875,17.233486,14.00791,13.58437,14.308324,10.734725,9.402765,7.274966,7.9220653,12.229983,10.805577,16.699593,19.651773,22.753574,26.152006,29.34991,31.532187,32.225365,30.07298,27.931099,24.587816,25.402227,20.30139,20.196587,18.109997,16.055368,17.478079,17.158989,16.44149,16.455626,15.184456,15.047962,17.682102,17.151733,21.210358
11,33.073486,29.968828,26.383413,24.172546,21.073948,17.694164,16.104008,10.549104,9.247008,5.866721,4.580765,0.0,4.528967,6.272673,9.773345,10.740554,15.544512,16.35547,20.980375,22.7186,25.894625,28.39879,31.102907,28.597656,33.560097,32.797836,32.118355,29.540215,22.490232,22.091087,18.012486,19.230724,13.376016,14.413708,15.222405,14.513134,19.147509,19.953789,19.129578,19.351889,19.600838,21.790813,18.596708,22.065247,26.939938,27.017328,31.074467,32.883183,35.82864,35.937126,33.65969,36.88348,36.369553,34.61252,31.024052,32.961185,28.190771,28.474142,31.390654,29.811893,26.385916,32.336956,30.298777,32.935658,36.175945,35.19637,39.247368,38.298058,41.036636,37.333202,32.741516,31.418142,27.137604,28.619974,23.450201,22.245716,21.517963,18.130106,17.535488,17.629189,14.052873,13.524749,10.33265,11.788059,15.934224,14.767032,20.317743,23.359562,26.21265,29.710161,32.624516,35.00708,35.38376,33.17204,30.763855,27.288504,27.8179,22.436083,22.35415,19.074059,17.08563,17.193974,15.907446,15.496931,16.464533,14.971511,16.64926,18.924019,19.366062,23.21343
12,30.948742,27.975443,24.117199,21.90229,19.319302,15.135741,15.024048,8.624179,9.164272,6.8091817,6.572549,4.528967,0.0,3.9217532,6.3050933,9.0596695,12.864929,14.850445,18.721184,21.19293,24.373281,26.205486,29.515663,27.589785,32.347588,31.984732,31.503876,29.45229,22.120382,22.693314,18.301163,20.925869,15.92443,17.808311,18.666046,18.581417,23.18469,23.567474,22.594965,22.196486,22.182045,23.44483,19.910864,22.395391,27.38873,26.77039,30.86964,32.25391,35.43995,35.95634,34.06667,37.576263,37.5578,36.22144,32.79044,35.230648,30.67587,31.216074,34.488262,32.737827,29.110195,34.697525,32.17312,34.53087,37.43776,36.05444,40.038055,38.679287,41.58018,37.61852,32.973724,32.192024,28.181011,29.595646,25.189539,23.416876,23.402742,20.398308,20.07763,20.814518,17.067387,15.861354,13.526051,13.820271,17.662607,15.32413,21.176191,23.028208,25.939518,29.091581,31.89816,34.06269,34.092953,31.485147,29.111862,25.319975,26.373472,20.956398,21.68809,17.837275,17.006134,16.902893,15.724534,16.509718,17.54702,17.579702,18.727413,21.806438,22.31003,26.415884
13,31.002672,27.757627,24.375431,21.33054,19.019012,14.611758,14.033676,8.7651005,7.8845005,7.6099057,5.230184,6.272673,3.9217532,0.0,4.9781146,5.987438,10.312347,12.189569,15.750705,18.477919,21.275211,23.296598,26.378141,24.696295,29.760303,29.634918,29.657366,27.647394,20.539013,21.274452,17.267393,19.902386,16.37345,17.458414,19.352333,19.41775,23.923927,24.456898,22.69447,21.662546,22.573896,23.075148,20.015495,22.057682,26.419708,25.793072,29.742964,30.840586,33.941402,34.57968,32.91846,36.18625,36.308712,35.162228,31.479074,34.013245,29.538378,29.836143,33.389473,31.833075,28.23746,33.652176,30.822855,33.38659,35.707714,34.6825,38.557102,36.92574,39.463276,35.29499,30.762226,29.759975,26.015608,26.773338,22.743515,20.469288,20.577137,17.845,17.570198,18.842558,15.064102,13.358422,12.270859,11.833905,15.618757,12.747114,18.971333,20.375973,23.58058,26.52614,29.613699,31.499914,31.765581,29.068392,26.987953,23.187578,24.741274,19.561312,20.503992,17.621817,16.940428,17.917875,17.521803,18.093502,18.420494,18.610153,18.439186,21.798508,21.547451,25.784378
14,26.427898,23.283503,19.812706,16.78014,14.871831,10.000988,10.86342,5.6062536,7.2949395,8.2416,9.010297,9.773345,6.3050933,4.9781146,0.0,5.011463,6.79886,9.662625,12.842816,15.6593895,18.865034,20.203016,23.88952,22.364218,26.849314,26.856789,26.711994,25.234453,17.939112,19.639553,15.361882,19.484116,16.840084,19.192413,20.708054,21.700403,26.037003,25.850126,24.060669,22.429222,22.690763,22.192026,18.82653,19.742931,24.22052,22.89985,26.848839,27.643082,30.957613,31.920914,30.58454,34.20505,34.81213,34.097046,30.821867,33.90602,29.802567,30.642897,34.46089,32.542683,28.732534,33.580914,30.345257,32.382076,34.582397,32.900616,36.69203,34.796284,37.716953,33.493187,28.896711,28.738436,25.208261,26.554186,23.358246,21.053131,22.232538,20.018265,20.515436,22.220264,18.858942,16.396217,15.035221,13.536329,16.337074,12.699252,18.319498,18.60594,21.479685,24.174673,26.862751,28.76479,28.54599,25.664238,23.397041,19.427015,21.04323,15.836799,17.436378,13.97739,14.485886,15.318625,15.3556185,16.898949,17.106428,18.958221,18.322803,22.41656,22.581371,26.948576
15,27.33858,23.784248,21.21424,17.22898,15.210485,11.147944,9.6944895,7.364188,5.3567514,8.62042,7.7615037,10.740554,9.0596695,5.987438,5.011463,0.0,5.4549437,6.2501206,10.272199,12.526203,15.424561,17.718353,20.590431,18.726067,23.78495,23.722172,24.009193,22.187008,15.3043375,16.605116,13.036761,16.471874,15.530544,16.718761,19.341312,20.445564,24.508469,24.52957,21.883564,19.65224,21.088587,19.985287,17.441263,18.302322,21.86578,20.99607,24.731283,25.484049,28.530539,29.359673,28.043747,31.214087,31.713358,31.010847,27.375729,30.370205,26.30736,26.823814,30.836658,29.171745,25.480707,30.206831,26.812,29.203455,30.898684,29.832073,33.54759,31.574615,34.012833,29.69091,25.203737,24.502213,21.091867,21.837675,18.742006,16.150515,17.426767,15.51253,16.296253,18.46166,15.489521,12.421963,12.103148,9.732414,12.1927,8.178027,14.168032,14.593017,17.840105,20.60646,23.733927,25.524818,25.851112,23.205814,21.223017,17.537516,19.266966,14.403484,15.570869,13.974261,13.7665615,16.120987,16.996252,17.56568,16.86473,18.249582,16.148438,20.255413,19.525906,23.905268
16,23.913033,20.44325,18.184586,13.701549,12.886399,8.370791,9.093778,8.74533,9.160551,12.714782,13.138981,15.544512,12.864929,10.312347,6.79886,5.4549437,0.0,4.6587267,6.085794,9.384764,12.309987,13.408232,17.19681,16.152796,20.569635,21.082365,21.685627,20.798933,14.205069,16.995392,13.718338,18.620605,19.056978,21.005907,23.394894,25.087994,28.957071,28.484655,25.765388,22.961668,24.009212,21.700567,19.182543,18.42075,21.51529,19.686487,23.158833,23.167171,26.407703,27.810629,27.162241,30.552706,31.763037,31.720509,28.512083,32.080708,28.580042,29.488878,33.769375,31.902765,28.142277,32.054543,28.148365,29.982134,31.08675,29.477669,32.924286,30.41435,33.017014,28.495935,24.131243,24.407501,21.670334,22.49703,20.910828,18.01934,20.412514,19.310036,20.584438,23.156942,20.495216,17.104036,17.124992,14.16343,15.391247,10.82188,15.418547,13.5906725,16.49402,18.46914,21.224516,22.6509,22.436226,19.30073,17.413237,13.359334,15.978769,11.594379,14.112139,12.690366,14.286476,16.696272,18.151012,19.642504,18.75026,21.604517,18.945747,23.560934,22.997204,27.3382
17,23.518076,19.724806,18.318993,13.404096,12.0537,9.275266,7.0165358,9.583161,8.08615,12.605738,13.200293,16.35547,14.850445,12.189569,9.662625,6.2501206,4.6587267,0.0,5.8485703,6.398257,9.869006,12.39732,15.056842,12.7975855,17.58628,17.57211,18.093761,16.708689,10.29606,12.750028,10.147171,14.685991,16.755196,18.260235,21.084467,23.159658,26.586945,25.983948,22.75884,19.434675,21.034782,18.069683,16.253567,15.294559,17.643927,16.271664,19.621607,19.844088,22.858597,24.000061,23.20923,26.335102,27.408205,27.350166,24.023647,27.609219,24.261135,25.187584,29.56867,27.725643,24.032677,27.66282,23.649063,25.578156,26.520515,25.179735,28.638805,26.223774,28.687452,24.222193,19.793142,19.835855,17.01287,18.061844,16.58195,13.952837,16.83672,16.134464,18.032804,20.764977,18.823929,15.037033,15.116495,11.524103,11.625106,7.0974827,10.85353,9.167957,12.1983,14.624752,17.622972,19.3621,19.601053,17.028963,15.05958,11.561415,13.434531,9.234778,10.87496,11.310523,12.050273,15.628897,17.757126,18.429518,16.793028,19.53617,15.748029,20.370667,19.40678,23.626995
18,24.095024,20.52005,19.684813,14.373647,14.686853,11.681244,11.721286,14.155657,13.643479,17.913944,17.85312,20.980375,18.721184,15.750705,12.842816,10.272199,6.085794,5.8485703,0.0,5.212169,6.6629744,7.547602,11.239941,11.146679,15.57989,16.845947,18.581224,18.364872,13.435058,16.840979,15.119852,19.814213,22.591593,23.899405,26.913929,28.912281,32.339252,31.785313,28.411001,24.85972,26.654938,23.114466,21.58364,19.656656,21.048697,18.993227,21.66032,20.796366,23.725384,25.516565,25.609795,28.507303,30.230648,30.810143,27.680586,31.494858,28.650627,29.458408,33.999535,32.3287,28.805458,31.772165,27.405708,29.090048,28.960133,27.676815,30.64212,27.544765,29.572203,24.787752,20.895006,21.45187,19.804314,19.715677,19.973671,16.612396,19.92829,19.971836,21.729418,24.853315,22.889528,19.120989,20.319408,16.702574,16.576778,12.06153,14.861325,10.7281475,13.495194,14.282539,17.181849,17.81367,17.800293,14.408393,13.348191,9.581103,13.542785,11.071865,14.007708,15.018276,16.989431,20.342161,22.55934,23.78973,22.204369,25.339706,21.365023,25.984383,24.732828,28.81096
19,22.140404,18.346487,18.560862,13.056656,13.164162,12.154303,10.424602,15.200931,14.099104,18.675465,19.399132,22.7186,21.19293,18.477919,15.6593895,12.526203,9.384764,6.398257,5.212169,0.0,4.3730025,7.112689,9.138597,6.8955607,11.357213,11.959204,13.535262,13.210509,9.151639,12.753056,12.205196,16.698471,21.157656,22.479511,25.480822,28.020693,30.888086,29.96013,26.31576,22.27732,24.158545,19.720808,18.933868,16.247414,16.526848,14.584611,16.875402,15.979635,18.733765,20.430304,20.612158,23.359385,25.213804,26.034454,23.139118,27.165094,24.80493,25.910847,30.4963,28.70133,25.282705,27.529896,22.980011,24.368061,23.977793,22.589073,25.460848,22.33293,24.468493,19.754658,15.76751,16.76189,15.339791,15.994724,16.99211,14.31977,18.398748,18.9812,21.446644,24.556791,23.381435,19.385544,20.177443,16.223688,14.746829,10.987073,11.447264,6.223081,8.402803,9.299824,12.202127,13.331895,13.55299,10.840103,9.430728,6.4812927,9.465912,8.019869,10.257191,13.314402,14.943543,19.020376,21.878784,22.612713,20.413143,23.8438,19.001898,23.555933,22.233139,25.998972
20,25.178444,21.543749,22.244326,16.72001,17.32824,16.224228,14.760278,19.182594,17.707066,22.355982,22.237719,25.894625,24.373281,21.275211,18.865034,15.424561,12.309987,9.869006,6.6629744,4.3730025,0.0,4.8177757,5.2215548,4.9734316,9.904691,11.610912,14.616947,14.784021,12.609616,15.796262,16.073067,19.770054,24.8353,25.451311,28.910692,31.251875,34.004242,33.314247,29.355,25.166222,27.673044,23.068687,22.788769,20.062477,19.405924,17.655237,19.212889,17.709507,19.943308,21.827019,22.537273,24.621408,26.67693,27.810104,24.835867,28.724796,26.71932,27.438787,32.071823,30.628641,27.513054,29.31355,24.659403,26.162586,24.732733,24.00765,26.399675,22.881842,24.15232,19.228003,15.971711,16.68264,16.361383,15.469135,17.835678,14.638537,18.825382,20.090103,22.462816,25.843822,24.910297,20.961945,22.763565,18.787376,17.129465,13.605651,13.645485,7.6849713,9.646296,8.903717,12.102605,11.947179,12.744196,9.881624,9.99252,8.097674,11.921898,11.989508,14.078641,17.638351,19.191427,23.373646,26.232502,26.850487,24.559675,27.656437,22.491175,26.781649,24.902609,28.445639
21,23.902891,20.654766,21.502476,16.175867,17.857973,16.56428,16.78477,20.830214,20.46514,24.902718,25.14523,28.39879,26.205486,23.296598,20.203016,17.718353,13.408232,12.39732,7.547602,7.112689,4.8177757,0.0,5.293249,8.018348,10.342562,13.035834,16.100735,17.373945,15.357005,19.290154,19.131268,23.656801,28.214916,29.458473,32.563454,34.99173,37.94107,37.07174,33.378014,29.269297,31.209274,26.510033,25.808817,22.534555,22.115023,19.60413,20.945906,18.80094,21.190256,23.608356,24.851004,27.20359,29.739607,31.23447,28.697859,32.80956,31.00055,31.968262,36.591663,34.98736,31.786785,33.377365,28.650984,29.700869,28.18518,26.872906,29.00249,25.201452,26.70227,21.895542,18.993435,20.598537,20.592653,20.014399,22.608477,19.44313,23.554338,24.657602,26.862156,30.231401,28.950104,25.047598,26.643373,22.741474,21.449738,17.593813,18.013016,11.960302,13.182286,11.654509,13.680617,12.857646,12.535322,8.6961775,9.362105,7.2306733,12.261908,13.070816,16.127031,18.903034,21.461748,25.093855,27.883247,29.166878,27.140476,30.867723,26.099545,30.632828,29.152071,32.788166
22,26.867054,23.553093,25.116045,19.775026,21.07441,20.545713,19.452171,24.214455,22.895811,27.548422,27.395857,31.102907,29.515663,26.378141,23.88952,20.590431,17.19681,15.056842,11.239941,9.138597,5.2215548,5.293249,0.0,5.451836,7.6788974,10.738332,14.909318,16.10847,16.116842,19.2983,20.379873,23.772938,29.57827,30.050724,33.575893,36.03526,38.531998,37.753967,33.640602,29.245129,31.879292,26.790226,26.98038,23.675713,21.951384,20.077013,20.644205,18.31291,19.917196,22.148727,23.673801,25.151669,27.6927,29.423164,26.857136,30.765833,29.486637,30.173164,34.75222,33.469555,30.675262,31.56566,26.812574,27.934772,25.412638,24.90668,26.565153,22.586678,23.149656,18.30023,16.171593,17.42493,18.48424,16.912762,20.856709,17.854649,22.171377,24.04182,26.484035,29.952364,29.36664,25.479076,27.623022,23.633682,21.577456,18.484072,17.515526,11.249742,11.89407,9.2243395,11.493055,9.66611,10.648259,8.007526,9.961896,9.847391,13.6687565,15.550582,17.591864,21.747541,23.579306,27.769014,30.82161,31.493366,29.050108,32.337654,26.880384,30.999926,28.949041,32.14699
23,24.869736,21.267694,22.932806,17.651121,18.144457,18.486897,16.059772,21.649958,19.858873,24.504494,24.883047,28.597656,27.589785,24.696295,22.364218,18.726067,16.152796,12.7975855,11.146679,6.8955607,4.9734316,8.018348,5.451836,0.0,6.039194,7.132862,10.721815,11.025814,11.375542,14.104867,15.819906,18.742018,25.182438,25.668118,29.058128,31.771715,33.938282,32.962753,28.815212,24.29636,26.908615,21.605799,22.192247,18.911926,16.777496,15.375737,16.031109,14.29629,15.929545,17.712112,18.749357,20.310608,22.581781,24.107904,21.483032,25.475348,24.199749,25.123095,29.691275,28.23811,25.412874,26.220482,21.450325,22.576906,20.453114,19.858547,21.887632,18.202028,19.247164,14.3247175,11.354972,12.637429,13.247178,12.7744465,16.447327,14.1793,18.822153,20.653286,23.517206,26.78152,26.581057,22.619204,24.123144,20.095022,17.396463,14.943722,12.6923895,6.423137,6.475084,4.2373857,7.622827,7.482695,9.133539,7.733917,8.203697,8.513971,10.551587,12.285283,13.282669,18.323494,19.46194,23.978725,27.225033,27.408207,24.687202,27.85371,22.10253,26.060308,24.07768,27.113161
24,23.110205,20.024586,22.907984,18.23069,19.586214,21.086912,19.37889,25.542627,24.517658,28.996689,30.150555,33.560097,32.347588,29.760303,26.849314,23.78495,20.569635,17.58628,15.57989,11.357213,9.904691,10.342562,7.6788974,6.039194,0.0,3.866601,8.301775,10.780299,13.7102165,16.790356,19.013407,22.200865,29.034294,30.13207,33.012806,36.14008,37.998604,36.55513,32.61231,27.992233,29.945244,24.03687,24.866526,20.537502,17.378292,15.383249,14.660752,11.700626,12.706701,15.196848,17.42274,18.761267,21.918114,24.316868,22.78942,27.035574,26.732862,28.165771,32.52346,30.860992,28.252647,27.858892,23.08189,23.129549,20.340612,18.946207,20.10863,15.905549,17.143164,12.709485,10.957208,14.274307,15.984931,16.512499,20.973852,19.486088,24.20862,26.167042,29.205645,32.35342,32.327286,28.359798,29.37791,25.373253,22.378908,20.242228,17.125574,11.298837,9.3562,5.482693,4.743633,2.6274421,3.3502364,3.892361,5.9260244,9.019148,9.885436,14.011974,15.010658,20.34998,22.12461,26.291733,29.795895,30.264284,27.467306,31.35842,25.645557,29.532839,28.002953,30.662453
25,22.201536,19.024725,22.085867,17.717295,18.49054,20.75615,18.248596,24.839289,23.608803,27.918278,29.485853,32.797836,31.984732,29.634918,26.856789,23.722172,21.082365,17.57211,16.845947,11.959204,11.610912,13.035834,10.738332,7.132862,3.866601,0.0,4.823449,7.1501536,11.550508,14.059562,16.909492,19.583107,26.833765,28.000072,30.640026,33.96894,35.491978,33.845,29.96162,25.314167,27.097845,20.987587,22.22372,17.794302,13.957126,12.358348,11.228716,8.577668,9.351545,11.537364,13.608729,14.96331,18.103914,20.532084,19.239876,23.574562,23.511826,25.224352,29.459084,27.643137,25.103209,24.362965,19.625809,19.395054,16.818312,15.109224,16.437605,12.360572,14.220218,9.893473,7.573774,11.648293,13.212067,14.951632,19.119516,18.424835,23.12973,25.016748,28.266092,31.179348,31.447329,27.538929,28.03945,24.145466,20.759724,19.272957,15.208863,10.291468,7.275334,4.013895,0.8817412,3.1606965,4.3411045,6.5801663,6.6973896,9.974691,8.8391,13.038975,12.992664,18.915054,20.154922,24.409487,28.032663,28.13804,25.155293,28.981043,23.159885,26.794033,25.427883,27.813679
26,19.24246,16.15765,19.515404,15.915383,16.27569,19.64502,16.876598,23.758596,22.908783,26.792204,29.240808,32.118355,31.503876,29.657366,26.711994,24.009193,21.685627,18.093761,18.581224,13.535262,14.616947,16.100735,14.909318,10.721815,8.301775,4.823449,0.0,4.263905,9.706681,11.932723,14.914927,17.63371,24.717049,26.562477,28.502497,32.16838,33.430546,31.348158,27.865088,23.367317,24.287123,17.995447,19.279055,14.3621025,10.102146,8.278289,6.478443,3.9197125,5.3330507,7.515993,9.411179,11.776638,15.068303,17.52024,16.932188,21.504345,21.600037,23.950705,27.945889,25.69453,23.047981,22.071156,17.519312,16.541054,15.127239,11.97142,13.742403,10.202157,13.791161,10.453258,7.429775,12.2887125,12.820201,16.528715,19.525694,19.69345,24.20252,25.634783,28.998598,31.558676,31.861404,28.045303,27.572329,23.90544,20.426695,19.428198,14.916019,11.466329,7.874097,7.079039,4.0744076,7.712981,7.3259273,9.583332,7.975512,10.996745,7.4270263,11.66316,10.587833,16.574055,17.618696,21.541985,25.260572,25.276806,22.254694,26.45441,20.942566,24.448208,23.784063,25.978014
27,21.085283,17.710217,20.298977,16.625217,15.926996,19.155264,15.214014,22.046669,20.497728,24.257967,26.57878,29.540215,29.45229,27.647394,25.234453,22.187008,20.798933,16.708689,18.364872,13.210509,14.784021,17.373945,16.10847,11.025814,10.780299,7.1501536,4.263905,0.0,7.486606,8.256736,12.0446825,13.718876,21.281761,22.72086,24.780947,28.409458,29.47016,27.48312,23.83677,19.284323,20.570013,14.273279,16.074461,11.795244,7.0146856,6.772224,5.985734,6.206902,7.347322,7.728143,7.792849,10.197065,12.56036,14.335019,13.077836,17.676712,17.420776,19.768858,23.808607,21.540516,18.82584,18.188986,13.550259,13.085546,12.367808,9.659549,12.414489,9.678047,13.238426,9.86976,5.5771832,9.446276,8.952401,13.62618,15.808238,16.565887,20.836304,22.157127,25.59115,27.943083,28.507772,24.831507,24.156717,20.652473,16.891323,16.607264,11.401089,9.4942045,5.8403783,7.154091,6.3336368,10.151099,10.867619,12.566392,10.729573,12.610974,9.070772,11.417086,9.089544,15.4620495,15.372598,19.672682,23.335901,22.72055,19.493744,23.077217,17.277386,20.511673,19.657248,21.743885
28,18.95269,15.078981,15.82273,11.657454,9.868237,12.2674265,7.7472363,14.560486,13.355382,17.103626,19.838219,22.490232,22.120382,20.539013,17.939112,15.3043375,14.205069,10.29606,13.435058,9.151639,12.609616,15.357005,16.116842,11.375542,13.7102165,11.550508,9.706681,7.486606,0.0,4.802829,5.4877267,10.042941,15.73676,18.076036,19.982292,23.448202,25.45392,23.647083,20.330904,16.13862,16.8859,11.498598,11.305454,7.594765,7.6298847,6.2947574,9.535352,10.636718,13.473823,14.091246,12.9898,16.503866,17.841614,18.25736,15.975813,20.281881,18.15112,20.325052,24.572426,22.09248,18.518505,20.344366,16.031454,16.701052,18.003866,15.460748,19.005772,16.96801,20.474243,16.79097,12.087067,13.774607,10.921939,15.230338,14.828882,14.704034,18.564608,18.735756,21.80674,24.093876,23.715378,19.978415,18.632175,15.104183,12.372938,10.980343,8.095739,7.1045213,6.354678,9.805407,11.117654,14.461221,14.540562,14.034281,11.183709,10.307147,7.6607037,5.685063,2.8440428,8.823769,8.762665,13.392374,16.904257,16.715317,13.795301,17.805502,12.56656,16.942833,16.639238,19.920141
29,22.453629,18.752579,19.309109,15.8110695,13.243263,15.592691,9.999474,15.957498,13.596845,16.836397,19.376677,22.091087,22.693314,21.274452,19.639553,16.605116,16.995392,12.750028,16.840979,12.753056,15.796262,19.290154,19.2983,14.104867,16.790356,14.059562,11.932723,8.256736,4.802829,0.0,4.857443,5.8117905,13.09625,14.680141,16.68421,20.251234,21.667984,19.859903,16.239964,11.824472,13.162173,7.5124516,8.766322,6.718452,6.0603833,7.606974,10.436171,12.725054,14.720324,14.233714,12.014874,14.954036,15.19551,14.757601,11.913749,15.927891,13.435872,15.711336,19.857767,17.318563,13.71641,15.87395,11.80138,13.052909,15.274609,13.421504,17.35526,16.249624,19.512686,16.392107,11.761705,12.122814,8.139086,13.500252,11.800926,13.011762,16.277311,16.352898,19.582485,21.435608,21.707447,18.291245,16.506939,13.400222,9.925397,10.484525,5.924302,8.6589575,7.9585505,11.979396,13.471708,16.962002,17.748198,17.918335,15.401281,14.931865,12.138659,10.264257,6.619662,11.364373,9.086773,13.820843,17.09226,15.674052,12.363236,15.1297865,9.155412,12.888878,12.331107,15.281167
30,21.032343,17.309277,16.61571,13.310985,10.027558,11.631563,5.743955,11.229919,9.463885,12.46257,15.790625,18.012486,18.301163,17.267393,15.361882,13.036761,13.718338,10.147171,15.119852,12.205196,16.073067,19.131268,20.379873,15.819906,19.013407,16.909492,14.914927,12.0446825,5.4877267,4.857443,0.0,6.4822125,10.309702,13.255361,14.73444,18.191452,20.454424,18.696089,15.709909,12.04521,12.274452,8.229706,6.736218,5.7952776,9.168461,9.300526,13.170007,15.299548,17.987186,17.93175,15.797565,19.323402,19.601404,18.904322,16.17226,19.818176,16.610018,18.701357,22.660202,20.050762,16.149868,19.504896,15.965273,17.278887,20.075657,17.878756,21.853918,20.710747,24.209684,20.89761,16.170534,16.590132,12.514258,16.960356,14.224681,14.581286,17.318996,16.439838,19.17883,20.890362,20.268507,16.911713,14.321117,11.387573,9.410664,8.816849,7.6625204,10.196728,10.786355,14.730167,16.45653,19.771309,20.015495,19.281366,16.385738,14.724584,12.553543,8.629915,5.7406254,7.613113,4.796167,9.723355,12.813019,11.879925,8.940308,12.452002,7.6167703,12.388223,12.742664,16.462917
31,26.594234,23.023344,22.648188,19.693922,16.346624,17.869215,11.860095,15.763843,12.387101,14.515105,16.765017,19.230724,20.925869,19.902386,19.484116,16.471874,18.620605,14.685991,19.814213,16.698471,19.770054,23.656801,23.772938,18.742018,22.200865,19.583107,17.63371,13.718876,10.042941,5.8117905,6.4822125,0.0,8.54235,9.163629,11.285923,14.741104,15.933798,14.393414,10.497707,6.104227,8.42239,4.9073358,6.577824,8.760089,10.068348,12.568247,15.448156,18.248814,19.96805,18.903688,15.950212,18.319416,17.258062,15.458776,11.917678,14.597347,10.647628,12.538082,16.318052,13.791653,9.860737,14.140036,11.351087,13.730367,17.271034,16.42951,20.480396,20.32815,23.14111,20.50343,16.220259,15.000796,10.24658,14.959065,10.590932,12.767419,14.397836,13.502196,16.403772,17.44944,18.008955,15.2550955,12.4208145,10.365389,7.22802,9.955487,6.925856,12.554064,12.957046,17.08315,19.012161,22.336432,23.418415,23.441494,20.988016,20.012222,17.653067,14.731536,11.302573,13.775336,9.751442,13.752196,16.146103,13.467975,10.312064,10.700252,4.2702804,7.3653436,6.6960754,10.090204
32,28.408653,25.218422,23.155632,21.3791,17.371553,17.681046,12.885108,12.840624,10.281191,9.287705,12.770248,13.376016,15.92443,16.37345,16.840084,15.530544,19.056978,16.755196,22.591593,21.157656,24.8353,28.214916,29.57827,25.182438,29.034294,26.833765,24.717049,21.281761,15.73676,13.09625,10.309702,8.54235,0.0,5.992262,4.858384,8.280747,11.000108,9.573629,8.05302,7.700544,6.2940946,9.3152485,6.877182,12.177861,16.585964,18.177525,21.79881,24.741037,27.005766,26.117563,22.993454,25.948395,24.679522,22.388208,19.40772,21.130741,16.635336,18.044868,20.632296,18.219048,14.590413,20.209742,18.815102,20.933456,25.414251,24.11563,28.230701,28.365307,31.554474,28.94558,24.528984,23.441988,18.668898,22.563007,17.06044,18.414143,18.543581,15.947839,17.427471,17.317038,16.621443,15.055431,9.780319,10.154436,10.693031,12.615011,13.771261,18.923397,20.168587,24.314186,26.334707,29.640785,30.211912,29.494179,26.661709,24.65574,22.753965,18.310823,15.766254,14.46087,9.887363,11.083412,11.43307,7.8449726,6.5865355,3.2418654,4.4385123,6.2244277,8.693235,12.167573
33,33.34483,29.904781,28.225458,25.685024,21.915375,21.72802,16.446016,16.551176,12.393079,12.064339,12.718315,14.413708,17.808311,17.458414,19.192413,16.718761,21.005907,18.260235,23.899405,22.479511,25.451311,29.458473,30.050724,25.668118,30.13207,28.000072,26.562477,22.72086,18.076036,14.680141,13.255361,9.163629,5.992262,0.0,5.159058,6.424407,8.665815,9.15429,5.617128,5.6773524,8.61078,11.615294,11.30449,16.166735,19.02684,21.284018,24.478203,27.282112,29.127117,28.0141,24.88604,26.943354,25.177488,22.535458,18.753452,19.543974,14.577414,14.719575,17.136751,15.549571,12.423222,18.773056,17.836926,20.963501,24.856848,24.935032,28.876364,29.115084,31.383465,28.797241,24.730835,22.378565,17.70069,20.363626,13.969481,15.690058,14.499885,11.63459,12.757903,12.023905,12.2817745,11.419734,6.672002,8.2149,8.724583,12.219935,13.252961,19.259247,20.894691,24.97031,27.534067,30.525263,31.772436,31.207361,28.841602,27.008657,25.596155,21.550539,18.97404,19.067255,14.6285305,16.802599,17.308678,13.815543,12.39608,8.073122,6.916515,6.127322,5.4005566,8.817127
34,32.825603,29.751732,27.74278,26.186415,22.156565,22.481186,17.70867,17.211857,14.360424,12.692071,15.013215,15.222405,18.666046,19.352333,20.708054,19.341312,23.394894,21.084467,26.913929,25.480822,28.910692,32.563454,33.575893,29.058128,33.012806,30.640026,28.502497,24.780947,19.982292,16.68421,14.73444,11.285923,4.858384,5.159058,0.0,4.244578,6.1639028,5.2057443,4.81055,7.4113383,6.2806892,11.638236,10.503112,16.105265,19.841822,22.057882,25.345146,28.53233,30.449862,29.164234,25.741938,28.170696,26.24262,23.372398,20.391224,21.055054,16.398684,17.303642,18.931072,16.852335,13.865664,19.951258,19.66259,22.058771,26.903091,26.217178,30.214611,30.89931,33.76459,31.57166,27.447924,25.747028,20.982489,24.602407,18.490198,20.46562,19.609142,16.786627,17.75558,16.679348,16.60333,16.099081,10.706811,12.472988,13.1497965,16.063375,16.888866,22.670334,23.866213,28.032751,30.100737,33.40915,34.25577,33.784615,31.06323,29.241537,27.239073,23.020515,20.242449,19.24137,14.59434,15.340238,15.115323,11.073005,10.453884,4.4909787,7.5669684,5.484098,8.200683,10.338389
35,36.534317,33.43766,31.122967,29.460354,25.469418,25.103676,20.62477,19.06679,15.973288,13.682748,14.695262,14.513134,18.581417,19.41775,21.700403,20.445564,25.087994,23.159658,28.912281,28.020693,31.251875,34.99173,36.03526,31.771715,36.14008,33.96894,32.16838,28.409458,23.448202,20.251234,18.191452,14.741104,8.280747,6.424407,4.244578,0.0,4.636096,6.383494,6.8978777,10.362051,10.387943,15.716128,14.60885,20.154974,23.854109,26.032934,29.362926,32.436905,34.369785,33.119343,29.737896,31.968563,29.904024,26.902308,23.666466,23.85289,19.051212,19.215734,20.417362,18.937778,16.446579,22.788727,22.813337,25.570242,30.179531,29.968323,33.913757,34.57708,37.11687,34.826168,30.76762,28.59515,23.892155,26.725328,20.235237,21.9347,20.21839,16.986847,17.114208,15.317639,15.089423,15.613896,10.398275,13.343488,14.94784,17.846836,19.538559,25.371017,26.97044,31.097082,33.47784,36.608837,37.61769,36.948174,34.357582,32.29496,30.737589,26.30954,23.835535,22.591265,18.135418,18.67949,17.93624,14.189513,14.166345,8.14067,11.352324,9.133718,10.556685,12.203052
36,38.69508,35.687813,33.79628,32.30926,28.284952,28.596361,23.753508,23.053928,19.899052,18.000032,19.121706,19.147509,23.18469,23.923927,26.037003,24.508469,28.957071,26.586945,32.339252,30.888086,34.004242,37.94107,38.531998,33.938282,37.998604,35.491978,33.430546,29.47016,25.45392,21.667984,20.454424,15.933798,11.000108,8.665815,6.1639028,4.636096,0.0,3.9130273,5.7658715,10.4034605,10.347983,16.127447,16.05878,21.591763,24.558077,27.297354,30.205381,33.544693,35.07505,33.41637,29.794548,31.554337,28.976688,25.598736,22.687132,22.065361,17.582733,17.663868,17.871979,16.549137,14.812361,20.853842,21.832745,24.480867,29.411013,29.519636,33.266827,34.491367,36.867035,35.140087,31.42584,29.060965,24.500446,27.602867,21.155521,23.652456,21.786476,18.973778,19.310984,17.195433,17.981134,18.67195,13.972008,16.622887,17.279768,20.864946,21.34451,27.52529,28.680164,32.7899,34.92463,38.168304,39.338673,39.122677,36.5652,34.94157,32.90149,28.929474,25.972277,25.365795,20.670551,21.303251,20.79806,16.665539,16.311127,10.210102,12.962863,9.09053,10.63802,10.498106
