,0,1,2,3,4,5,6,7,8,9,10,11,12,13,14,15,16,17,18,19,20,21,22,23,24,25,26,27,28,29,30,31,32,33,34,35,36,37,38,39,40,41,42,43,44,45,46,47,48,49,50,51,52,53,54,55,56,57,58,59,60,61,62,63,64,65,66,67,68,69,70,71,72,73,74,75,76,77,78,79,80,81,82,83,84,85,86,87,88,89,90,91,92,93,94,95,96,97,98,99,100,101,102,103,104,105,106,107,108,109
0,0.0,4.279326,6.6142383,9.542679,12.35852,14.652121,18.050173,21.928406,24.470448,27.547941,30.205013,31.56119,28.217508,26.546549,21.894804,21.524881,16.28155,17.360445,13.768855,13.78426,15.090186,12.430674,17.639807,18.961271,22.086262,23.545786,25.744003,24.790176,19.590542,20.711124,20.771803,20.32797,26.020288,22.424292,27.403591,27.540699,30.435293,31.508772,27.399818,24.2812,29.429815,26.334507,26.927498,27.110386,27.88106,28.2781,27.602097,29.787811,27.579027,33.21602,30.456905,33.08681,35.027637,33.62144,28.448505,29.834639,27.240221,30.274504,28.16647,29.348652,30.673264,33.407883,32.65014,36.77266,38.405914,40.457916,38.013958,36.452084,41.455833,42.353836,37.65969,40.358654,36.221973,42.325146,38.003887,39.94329,40.505604,37.690117,38.304703,37.479797,35.774696,34.760586,31.762138,30.587109,29.912954,28.705252,27.328688,26.297482,22.63048,22.43071,20.756855,17.157948,17.341938,16.749811,16.382734,14.528824,13.256728,16.057415,17.956268,20.966898,23.437052,26.575884,28.653284,30.12455,28.277521,31.204786,28.230078,32.238426,31.203417,35.76726
1,4.279326,0.0,5.2807226,6.5684447,8.835316,12.282138,14.576963,19.285065,21.34877,24.656738,27.32919,29.021442,26.082468,24.382822,19.786175,18.85998,13.802745,13.99361,10.89077,9.848297,11.57666,8.934933,14.661376,16.223656,18.948708,19.981588,21.850153,20.85958,15.445263,16.959322,16.908035,17.237736,23.147198,20.375576,25.104599,25.7931,28.739746,29.377998,25.3757,22.026411,26.654894,23.15625,23.429426,23.374807,23.929537,24.178177,23.357456,25.584879,23.425938,29.124224,26.580353,29.279222,31.452826,30.172998,24.95906,26.337154,23.375366,26.40694,24.515692,25.440386,26.554344,29.516829,28.653236,32.843666,34.71305,36.474564,33.919872,32.44294,37.519417,38.225967,33.48325,36.25451,32.181927,38.369194,34.253193,36.072937,36.864136,34.194347,34.946503,34.38454,32.64569,31.373013,28.222744,26.806002,25.91972,24.62931,23.127096,22.021938,18.388897,18.36461,16.902666,13.365054,14.253234,13.985784,14.2769785,11.874901,9.780969,12.79762,13.941534,17.399137,19.49138,22.919044,25.431423,26.59653,24.568121,27.788662,24.507391,28.66856,27.70912,32.261826
2,6.6142383,5.2807226,0.0,5.1921053,7.0950212,8.560058,12.383206,15.611659,18.71213,21.349564,24.590445,25.57275,22.23112,21.02396,16.117603,16.427624,11.436469,12.855143,11.190983,11.369239,14.429852,12.995367,18.732868,20.792429,23.246696,23.687424,24.892418,23.59933,17.096043,18.68896,17.226826,18.02807,22.107445,19.361992,23.772991,23.883408,27.412918,28.483814,24.95375,22.217081,26.427635,24.017752,23.560112,24.71777,24.26126,25.66393,24.693426,27.412016,25.415201,31.148975,29.151932,31.533834,34.312813,32.573166,27.493958,28.181696,24.835327,27.354858,24.801947,25.348959,26.73815,28.598032,27.54903,31.45877,32.501026,35.11417,32.987545,31.188602,35.9914,37.422142,33.123604,35.845608,31.74715,37.976486,33.917233,36.377735,37.186493,34.671738,35.800255,35.120308,33.978672,32.92665,29.06602,28.103685,26.655687,26.169132,23.496277,23.04909,19.183878,18.968742,18.162144,14.570458,14.102864,14.962028,14.24159,10.726033,9.7087755,11.157456,13.580622,16.032423,18.2853,21.096685,22.780407,24.153692,22.496746,25.030237,22.710125,26.553387,25.952168,30.501106
3,9.542679,6.5684447,5.1921053,0.0,3.7978027,6.236812,8.864285,13.185238,15.020215,18.4324,20.832304,22.546467,19.695728,17.864342,13.380196,12.325849,7.3048215,7.9817076,6.188749,6.8920007,10.284845,10.331737,15.427446,18.168406,20.692318,21.177023,21.542624,19.669333,12.871777,13.861588,12.312823,12.887472,17.231003,14.867185,19.214214,19.89406,23.213417,23.874327,20.317753,17.391897,21.386736,18.841688,18.424303,19.7256,19.437832,21.181625,20.766865,23.809195,22.428436,28.310669,26.836002,29.634485,32.536003,31.473063,26.372654,27.349667,23.327732,25.884062,24.006046,23.782347,24.390144,26.76459,24.999092,29.007442,29.96606,32.278625,29.868681,27.74073,32.564617,33.837826,29.212551,31.601936,27.350271,33.373337,29.048407,31.460505,32.1057,29.52024,30.616453,29.935396,28.831314,27.828196,23.91857,23.12731,21.853052,21.649431,19.30216,19.663078,16.323154,17.069756,17.00333,13.82305,14.913952,16.195799,16.510931,12.453181,10.075507,11.360188,11.622934,15.240074,15.753927,19.507421,21.978817,22.226135,20.03778,22.371944,18.963425,22.827082,21.682646,26.247042
4,12.35852,8.835316,7.0950212,3.7978027,0.0,5.3710775,5.7645655,10.9831085,12.76972,16.015238,19.041016,20.759,18.32684,16.95072,12.473153,11.44141,7.4163885,6.73455,7.6904206,6.6068788,10.8604555,11.107509,16.184664,18.804502,20.501598,20.165829,20.129646,18.415047,11.225403,13.177138,10.689955,13.156708,16.71065,15.766231,19.36728,20.466345,23.994593,24.291653,21.185522,18.34295,21.280312,18.626534,17.34126,18.648842,17.448067,19.276058,18.313442,21.439451,19.990137,25.764637,24.621489,27.15171,30.438475,29.14257,24.211382,24.792315,20.505283,22.766111,20.757349,20.26627,20.937483,23.023071,21.294476,25.284418,26.380236,28.65612,26.331623,24.357182,29.227015,30.517056,26.103302,28.752892,24.658361,30.940254,27.098629,29.552921,30.637691,28.388725,29.818682,29.50914,28.539528,27.218058,22.931194,21.855146,19.931942,19.813904,16.58551,16.80645,13.289329,13.904641,14.316087,11.409214,12.437015,14.386406,14.869778,10.401778,7.941061,8.344451,8.192606,11.664154,12.019794,15.714246,18.322968,18.536886,16.359873,19.065914,15.913017,19.971968,19.359394,23.909784
5,14.652121,12.282138,8.560058,6.236812,5.3710775,0.0,6.0098243,7.3623934,10.498,13.013431,16.13445,17.031628,13.880742,12.718256,7.8092933,8.55688,4.867098,7.233378,9.207282,10.794605,14.808896,15.850482,20.494408,23.497942,25.513811,25.282166,24.776089,22.643415,15.260074,16.265465,12.885553,14.432812,15.42582,13.991325,17.207598,17.376614,21.432196,22.386194,19.820534,17.912813,20.616823,19.65163,18.032263,20.89598,19.11722,22.35358,21.816414,25.342728,24.362867,30.010883,29.374922,31.784143,35.339516,33.946762,29.169142,29.407711,24.937853,26.75506,24.41697,23.43912,24.084446,25.072184,22.8366,26.346674,26.10402,29.423037,27.563385,24.94738,29.288343,31.4702,27.495771,29.687449,25.5131,31.413204,27.31498,30.51057,31.228636,28.998983,30.628958,29.931465,29.66284,28.889856,24.155537,23.961096,21.930944,22.860859,19.09103,20.495918,17.32526,18.037407,18.980833,16.250986,16.310408,18.722849,18.436087,13.653558,12.323457,11.411869,12.186665,14.337456,14.116225,17.066496,18.60981,18.52204,16.73135,17.82228,15.604687,18.860096,18.207602,22.654663
6,18.050173,14.576963,12.383206,8.864285,5.7645655,6.0098243,0.0,6.719437,7.378296,10.678538,13.86159,15.756109,14.115074,13.054756,9.365498,7.997773,6.901959,5.0283914,9.785501,9.199103,13.343036,15.008054,18.923101,21.846983,22.911932,21.885584,20.575628,18.463284,11.163903,12.914647,8.649764,12.651863,13.491237,14.526423,16.67769,18.179121,21.892616,21.80773,19.638733,17.432026,18.640238,16.890167,14.307993,16.745428,14.040504,17.242107,16.357317,19.99896,19.329613,24.753162,24.72644,27.066168,30.913883,29.779867,25.297014,25.40294,20.471483,22.005863,20.204363,18.509365,18.589499,19.889458,17.271687,20.952093,21.271612,23.928015,21.796469,19.306898,23.927006,25.699177,21.593685,24.01096,19.945286,26.161383,22.589891,25.529697,26.811066,24.96906,26.894096,26.802519,26.461899,25.163845,20.189817,19.490772,16.815182,17.798307,13.323342,14.9798155,12.233341,13.489485,15.348366,13.533242,14.645826,17.459343,18.092274,13.4154625,11.399805,9.965807,8.291022,10.854553,8.703857,12.483406,15.1487665,14.059549,11.662728,13.607893,10.341718,14.253066,13.931099,18.428646
7,21.928406,19.285065,15.611659,13.185238,10.9831085,7.3623934,6.719437,0.0,5.3821764,5.880269,10.373,10.4633,8.054197,8.387073,4.925161,7.2470865,8.634705,9.63322,14.284321,15.431543,19.43423,21.314018,25.203514,28.332563,29.591427,28.547577,26.966845,24.679117,17.55961,18.59351,13.935606,16.82982,14.241041,15.331216,16.272545,16.611528,20.919363,21.526573,20.441992,19.553402,19.959476,20.361708,17.30437,21.31449,17.859032,22.361206,21.722055,25.520763,25.201494,30.225115,30.712364,32.69771,36.852085,35.41282,31.214458,30.785206,25.880754,26.774689,24.46822,22.375982,22.639746,22.17432,19.201576,21.899967,20.220276,24.434223,23.201433,20.055655,23.659636,26.746807,23.661015,25.519934,21.690481,27.235588,23.799131,27.652687,28.646782,27.088215,29.350832,28.941277,29.523014,28.798405,23.399748,23.660156,20.78882,22.8742,17.828913,20.399574,18.03466,18.954206,21.090557,19.363384,19.202105,22.428774,22.191801,17.362835,16.532896,14.059005,13.99908,14.585191,12.5395775,14.363894,15.079059,13.700608,12.343396,11.447195,10.82156,12.95665,13.225057,17.203598
8,24.470448,21.34877,18.71213,15.020215,12.76972,10.498,7.378296,5.3821764,0.0,4.6760178,6.518551,8.831262,8.54815,7.590497,6.8886533,5.5033965,9.34088,8.574412,13.954494,14.990266,18.357443,21.182707,23.911398,27.232214,28.255545,27.160154,24.73664,22.049528,15.596403,15.892971,11.037942,14.121208,10.114428,13.203983,12.94126,14.414074,18.182718,17.942467,17.348269,16.612415,15.651583,16.3282,12.710344,17.223251,13.381821,18.627132,18.666862,22.65488,23.16705,27.942232,29.07424,31.3374,35.46514,34.740623,30.73591,30.594742,25.32613,26.156872,24.7493,21.949032,21.200363,21.37976,17.529585,20.18105,18.461563,21.998016,20.373947,16.706457,20.262749,23.108128,19.646154,20.944555,16.920498,22.167574,18.46034,22.411844,23.31097,21.860281,24.258612,24.003283,24.81299,24.115414,18.576439,19.168678,16.286722,19.06647,14.291354,18.106073,16.825905,18.683275,21.387226,20.279467,21.335682,24.445305,24.97655,20.2762,18.639122,16.595615,14.663876,16.117495,12.05999,14.808558,16.635256,13.613326,11.468767,10.041063,6.9368014,8.836192,8.0568075,12.2956705
9,27.547941,24.656738,21.349564,18.4324,16.015238,13.013431,10.678538,5.880269,4.6760178,0.0,6.1075454,5.8995447,6.323445,7.6973643,8.048381,9.206902,12.955892,12.962971,18.243439,19.231405,22.83256,25.353207,28.40711,31.620335,32.435703,31.014647,28.59051,26.134678,19.776718,20.446825,15.527585,18.763401,13.855157,16.926044,15.969558,16.729946,20.653763,20.711897,20.855505,20.715849,19.225718,20.650473,16.794249,21.419775,17.04935,22.336994,21.964115,25.810894,26.239159,30.611376,32.012627,33.8201,38.219307,37.0796,33.370197,32.703255,27.556051,27.85341,26.025248,23.055096,22.63195,21.428568,17.669628,19.490122,16.461792,21.101532,20.300997,16.559116,19.260275,23.019062,20.653225,21.873669,18.432663,23.259102,20.373905,24.660114,25.746603,24.784904,27.453564,27.285023,28.533157,27.918085,22.294453,23.016056,19.79612,22.791035,17.42123,21.036343,19.72677,21.061834,23.912409,22.958273,23.17497,26.599,26.68182,22.032825,21.114311,18.359625,17.26736,17.389074,13.761074,14.932012,15.41224,12.3107395,11.205819,7.7529635,8.221993,8.328003,9.279207,12.392891
10,30.205013,27.32919,24.590445,20.832304,19.041016,16.13445,13.86159,10.373,6.518551,6.1075454,0.0,4.620444,7.237209,6.491659,9.849071,9.02823,14.162124,14.030971,18.819576,20.64715,23.435877,26.828028,28.771252,32.291668,33.377243,32.382496,29.35866,26.354885,20.750105,20.086027,15.63962,17.423843,10.285356,14.421622,11.74788,12.872473,16.097435,15.730895,16.898518,17.669592,14.863379,17.8349,14.1296425,19.65767,15.74002,21.806364,22.618055,26.583712,27.8647,32.10306,33.917515,36.17133,40.34259,39.98733,36.287003,36.09661,30.726027,31.201565,30.131075,26.817232,25.545027,25.143412,20.7396,22.377195,19.07387,22.985413,21.879454,17.53251,19.588272,23.190973,20.51911,20.48738,16.884327,20.416704,16.656683,21.342857,21.598991,20.55664,23.17617,22.661577,24.545353,24.5405,19.047207,20.80863,18.27577,22.107014,17.904247,22.709244,22.308807,24.453,27.443874,26.621685,27.73885,30.910759,31.416584,26.71304,25.157457,23.015057,20.985716,22.145578,17.587435,19.67048,20.886143,16.992064,15.3754425,11.618544,9.712844,8.2388,6.55116,8.907067
11,31.56119,29.021442,25.57275,22.546467,20.759,17.031628,15.756109,10.4633,8.831262,5.8995447,4.620444,0.0,4.564925,6.41053,9.962694,11.398974,16.023426,16.812685,21.5369,23.541092,26.744476,29.750252,32.3127,35.794632,36.946915,35.84749,33.109436,30.290913,24.257675,24.007776,19.37062,21.238003,14.349121,17.36896,15.014058,14.962173,18.550186,18.934843,20.260347,21.31318,19.036516,22.229889,18.645845,24.104574,20.05145,25.962107,26.33008,30.252686,31.189419,35.410374,37.12362,39.083485,43.432674,42.600773,38.93462,38.3829,33.152756,33.39999,31.779152,28.605446,27.848858,26.486021,22.414824,23.596798,19.423983,24.308823,23.862627,19.66626,21.162474,25.446716,23.563236,23.713919,20.516602,23.9076,20.755526,25.521988,25.867094,25.01044,27.660286,27.059217,29.08121,29.155111,23.667528,25.350857,22.635048,26.310635,21.601559,25.954945,25.102674,26.739107,29.637598,28.634748,28.954285,32.322464,32.31884,27.58348,26.620882,24.029448,22.950083,23.285645,19.48241,20.600798,20.708023,17.327312,16.510687,11.862485,12.466236,10.626246,10.526376,12.094707
12,28.217508,26.082468,22.23112,19.695728,18.32684,13.880742,14.115074,8.054197,8.54815,6.323445,7.237209,4.564925,0.0,3.991856,6.443559,9.609804,13.334416,15.209007,19.38639,21.880297,25.311125,27.96123,31.083466,34.581783,36.148075,35.360195,33.17282,30.396675,23.757399,23.599476,19.041035,20.411486,14.524725,15.887781,14.7577,13.866876,18.064526,19.216125,19.746008,20.552292,19.704103,22.555851,19.496109,24.844799,21.318302,26.955614,27.187157,31.168436,31.630058,36.331543,37.459457,39.528805,43.765766,42.67375,38.66419,38.217415,33.12683,33.716774,31.67778,29.027414,28.764803,27.636934,23.986046,25.69141,22.105923,27.086967,26.446781,22.50856,24.672197,28.715944,26.378498,27.010859,23.455315,27.473103,23.843197,28.446072,28.671694,27.330809,29.707396,28.812912,30.462933,30.57478,25.13916,26.64657,24.135538,27.347176,22.708584,26.542782,24.999922,26.360668,28.826982,27.2956,27.2268,30.479721,30.12552,25.301067,24.535526,22.084116,21.805649,22.266092,19.403427,20.712475,20.646536,18.249365,17.405445,13.713312,14.108795,13.62367,13.297468,15.85155
13,26.546549,24.382822,21.02396,17.864342,16.95072,12.718256,13.054756,8.387073,7.590497,7.6973643,6.491659,6.41053,3.991856,0.0,5.0680075,6.664986,10.868451,12.842898,16.55744,19.605944,22.63735,25.65192,28.324554,31.976673,33.842426,33.443893,31.198833,28.162859,21.676062,20.87047,16.659565,17.081415,11.00793,11.969587,10.894422,10.050858,14.3392935,15.518613,15.790492,16.655775,16.121815,19.18072,16.57714,22.095552,19.212591,24.913504,25.681824,29.7348,30.400831,35.31781,36.326397,38.77134,42.76881,42.08914,37.88354,37.866543,32.67897,33.634064,31.961458,29.355497,28.770304,28.541563,24.687334,26.833298,23.856304,28.194798,27.03573,22.98446,25.539162,29.07976,26.059124,26.478891,22.56331,26.509193,22.148323,26.624125,26.445051,24.709137,26.82343,25.659746,27.206957,27.529753,22.270042,24.0359,22.028542,25.251328,21.344624,25.466188,24.092365,25.872454,28.231052,26.583326,27.15053,30.145578,30.112986,25.232014,23.927465,22.045403,21.210522,22.598415,19.392654,21.650948,22.434153,19.822985,18.348475,15.3638525,13.898316,13.911428,12.333778,15.319356
14,21.894804,19.786175,16.117603,13.380196,12.473153,7.8092933,9.365498,4.925161,6.8886533,8.048381,9.849071,9.962694,6.443559,5.0680075,0.0,5.126158,7.1095085,9.849709,13.379358,16.178688,19.685,22.049376,25.527365,28.994377,30.939365,30.565456,28.952564,26.223335,19.17024,19.05468,14.850837,15.775265,12.269324,11.984743,13.018435,12.429784,16.922132,18.180212,17.139795,16.87173,17.83172,19.326097,16.974277,21.682886,19.042063,23.998838,24.205135,28.157381,28.172007,33.42334,33.83203,36.223408,40.135647,39.088814,34.660095,34.648335,29.688046,30.904987,28.849054,26.803675,26.764174,26.783451,23.509535,26.190228,24.129658,28.327429,26.960882,23.407457,26.739716,29.896095,26.52825,27.749716,23.662535,28.575214,24.31286,28.377825,28.613693,26.65819,28.633799,27.638283,28.47429,28.356482,23.145294,24.147766,21.999992,24.42209,20.297367,23.48184,21.35409,22.706022,24.629257,22.58656,22.796585,25.685772,25.437418,20.55217,19.40404,17.633162,17.491205,18.928078,16.751389,19.144466,19.996065,18.377277,16.843079,15.268389,13.744928,15.232297,14.214638,18.046255
15,21.524881,18.85998,16.427624,12.325849,11.44141,8.55688,7.997773,7.2470865,5.5033965,9.206902,9.02823,11.398974,9.609804,6.664986,5.126158,0.0,5.2638345,6.2976804,10.204332,13.043222,15.981665,19.099886,21.679867,25.313324,27.239336,27.045816,25.026468,21.982834,15.341355,14.490866,10.468382,10.9633665,7.584816,8.220418,9.393501,10.326868,14.296537,14.708252,13.222096,12.414725,13.204788,14.208511,11.975231,16.730835,14.55812,19.588682,20.410416,24.420858,24.88086,30.159224,30.71296,33.485832,37.179207,36.76212,32.313103,32.75937,27.609268,29.083973,27.759912,25.491888,24.790276,25.878345,22.24316,25.272638,23.930115,27.16419,25.207043,21.58995,25.27295,27.7357,23.67469,24.666279,20.304314,25.17285,20.409796,24.16248,24.232712,22.022337,23.83103,22.872978,23.466238,23.290247,18.171726,19.23583,17.464518,19.950146,16.61147,20.310137,18.76679,20.836395,22.90778,21.14481,22.522669,25.144846,25.638325,20.860207,18.832195,17.722755,16.100183,18.684477,15.45036,18.967669,21.022354,18.674614,16.37946,15.525746,11.763451,13.754109,11.56975,15.755819
16,16.28155,13.802745,11.436469,7.3048215,7.4163885,4.867098,6.901959,8.634705,9.34088,12.955892,14.162124,16.023426,13.334416,10.868451,7.1095085,5.2638345,0.0,4.5737624,6.330993,9.706764,12.94395,15.284651,18.747725,22.231913,24.616053,24.842772,23.748808,21.011438,13.954923,13.556434,10.417209,10.36936,11.086745,9.17528,12.670276,13.171126,16.933867,17.727083,14.975354,13.092176,16.00902,15.439048,14.277827,17.6742,16.520638,20.283724,20.725002,24.469028,24.199476,29.887444,29.583847,32.460266,35.841045,35.18821,30.386545,31.089436,26.309328,28.285433,26.676983,25.221952,25.072683,26.719347,23.802237,27.331722,26.906267,29.867449,27.69172,24.63592,28.871494,30.876919,26.480732,28.062288,23.644028,29.041277,24.292786,27.490023,27.679825,25.16203,26.57481,25.579126,25.412025,24.997519,20.388756,20.753399,19.319221,20.69061,17.817482,20.254377,17.876528,19.51328,20.779718,18.361948,19.60405,21.780924,22.121674,17.462872,15.324577,14.990707,14.14102,17.281456,15.531679,19.322268,21.528913,20.329561,18.031782,18.562235,14.914718,17.875969,16.101051,20.518951
17,17.360445,13.99361,12.855143,7.9817076,6.73455,7.233378,5.0283914,9.63322,8.574412,12.962971,14.030971,16.812685,15.209007,12.842898,9.849709,6.2976804,4.5737624,0.0,5.656738,6.83063,10.153257,13.001102,15.942534,19.377562,21.177282,21.016687,19.492159,16.716927,9.643492,9.57288,5.954726,7.853979,10.034547,10.222977,13.104056,14.964444,18.178371,17.965488,15.205335,12.60812,14.665336,12.678101,11.065266,13.703073,12.393136,15.784849,16.164454,19.92204,19.827528,25.465199,25.366398,28.341417,31.735817,31.384638,26.70292,27.537815,22.573526,24.578833,23.503214,21.803995,21.219336,23.53651,20.527193,24.289589,24.621222,26.782784,24.242077,21.432655,25.999191,27.399603,22.661379,24.441912,20.02697,25.724127,21.216045,23.972115,24.567636,22.180578,23.66928,23.167017,22.637163,21.689749,17.036037,16.7949,15.126556,16.217258,13.403891,15.859742,13.840886,15.97047,17.554384,15.650866,17.839458,19.993559,21.042664,16.592577,13.835166,13.691181,11.265224,15.085977,12.417787,16.899982,19.994595,18.339409,15.591602,17.011932,12.229151,15.805917,14.001202,18.525387
18,13.768855,10.89077,11.190983,6.188749,7.6904206,9.207282,9.785501,14.284321,13.954494,18.243439,18.819576,21.5369,19.38639,16.55744,13.379358,10.204332,6.330993,5.656738,0.0,5.3667436,7.1684623,9.880214,12.72473,16.304707,19.22694,20.246851,19.612587,16.862524,10.63726,9.50535,8.775341,6.9699764,12.529416,10.011157,14.535523,15.956214,18.529604,18.677574,14.801859,11.46154,15.794854,13.046938,13.462014,14.92329,15.658096,17.803612,18.671875,21.963177,21.594658,27.435156,26.52842,29.898298,32.620876,32.570343,27.567684,29.063053,24.589764,27.213642,26.30588,25.332045,24.89306,27.98271,25.38436,29.369051,30.150833,31.978834,29.204323,26.632788,31.31594,32.29632,27.199133,28.884893,24.428646,29.829197,24.869953,27.099468,27.185202,24.281744,25.062214,24.131376,22.975353,22.286129,18.657135,18.377836,17.927826,18.135387,17.071268,18.71308,16.551939,18.539837,19.127306,16.677979,19.199736,20.444973,21.559355,17.600868,14.527802,15.777927,13.9327965,18.398493,16.883821,21.495062,24.67213,23.600872,20.87337,22.640034,17.7615,21.303307,19.058018,23.443762
19,13.78426,9.848297,11.369239,6.8920007,6.6068788,10.794605,9.199103,15.431543,14.990266,19.231405,20.64715,23.541092,21.880297,19.605944,16.178688,13.043222,9.706764,6.83063,5.3667436,0.0,4.3832397,6.214993,9.93647,12.988782,14.996,15.362043,15.028336,12.84827,6.3595247,7.4092894,7.279884,8.776259,15.230841,14.53942,18.314169,20.4048,22.926554,22.443819,18.810686,15.128171,18.36863,14.114418,13.95758,13.659421,14.184958,14.783613,14.742366,17.641733,16.705051,22.609463,21.368639,24.672323,27.371435,27.218449,22.20249,23.778606,19.421854,22.24054,21.581669,20.922802,20.567583,24.294485,22.25297,26.494934,28.35653,29.421074,26.427336,24.566874,29.629606,29.949844,24.760386,27.087038,22.903208,28.839626,24.63598,26.25008,27.098,24.543615,25.453436,25.244331,23.570267,22.03238,18.565134,17.06373,16.129185,15.2114935,14.076115,14.343258,11.877358,13.756811,14.068172,11.859162,15.211283,16.20268,17.984697,14.516635,10.915339,12.730849,9.902655,14.90498,13.762088,18.557585,22.32242,21.591177,18.773806,21.831522,16.870922,21.039503,19.468287,23.848253
20,15.090186,11.57666,14.429852,10.284845,10.8604555,14.808896,13.343036,19.43423,18.357443,22.83256,23.435877,26.744476,25.311125,22.63735,19.685,15.981665,12.94395,10.153257,7.1684623,4.3832397,0.0,4.658602,5.857416,9.385495,12.115318,13.54928,13.3575,10.978672,6.8754554,6.188204,8.85788,8.331294,16.3954,15.414732,19.283834,21.687485,23.440107,22.619223,18.629162,14.533781,18.219685,13.035385,14.175073,12.522536,14.746139,14.20826,14.984839,17.369549,16.769215,22.458183,20.972055,24.723734,26.77144,27.389862,22.423231,24.682737,20.652431,23.777773,23.84692,23.31329,22.51435,27.02352,24.975351,29.237928,31.45331,31.896051,28.609243,26.87671,31.912392,31.672874,26.145678,28.174622,24.059578,29.530354,25.109753,26.074762,26.607769,23.801435,24.164707,23.908073,21.640179,20.07313,17.613985,15.917195,16.078121,14.485132,15.29,15.428607,13.825304,16.056557,16.022558,14.224683,18.250391,18.558578,20.769522,17.945507,14.201003,16.586554,13.405043,18.5706,17.18484,22.146479,26.226126,25.246439,22.271849,25.36534,19.813046,23.817392,21.741978,25.8644
21,12.430674,8.934933,12.995367,10.331737,11.107509,15.850482,15.008054,21.314018,21.182707,25.353207,26.828028,29.750252,27.96123,25.65192,22.049376,19.099886,15.284651,13.001102,9.880214,6.214993,4.658602,0.0,6.077916,7.948734,10.669084,12.2351055,13.731466,12.594261,9.179328,10.315895,12.491219,12.877862,20.657923,19.301281,23.478724,25.53038,27.563282,27.02839,22.941345,18.889627,22.827433,17.671255,18.58311,16.585922,18.446949,17.086014,16.865442,18.60005,16.97948,22.590307,20.166267,23.658726,25.369322,25.483044,20.323261,22.701357,19.396296,22.825731,22.57652,22.94106,22.827291,27.39865,26.148067,30.523712,33.273075,33.640186,30.435383,29.218275,34.436913,34.053608,28.708223,31.246292,27.33473,33.1504,29.149048,29.961353,30.824305,28.166649,28.541992,28.436579,25.989363,24.206734,21.959988,19.825829,19.681433,17.425879,17.859129,16.53561,14.16192,15.421589,14.303119,12.073724,15.909552,15.419727,17.683962,15.670427,12.050166,15.297519,13.02594,17.93128,18.049702,22.564554,26.470201,26.38909,23.677685,27.425755,22.523048,26.816694,25.291538,29.529442
22,17.639807,14.661376,18.732868,15.427446,16.184664,20.494408,18.923101,25.203514,23.911398,28.40711,28.771252,32.3127,31.083466,28.324554,25.527365,21.679867,18.747725,15.942534,12.72473,9.93647,5.857416,6.077916,0.0,3.9349592,7.673533,10.753626,11.589478,10.059222,10.146252,9.394537,13.565816,12.627904,21.078104,20.148714,23.866026,26.488184,27.584444,26.419378,22.313063,18.085917,21.718481,15.762503,17.782124,14.353701,17.860397,15.4038315,16.368639,17.541798,16.866776,21.88211,19.729275,23.772175,24.768799,26.189198,21.445824,24.508135,21.31755,24.776194,25.629488,25.588161,24.58375,29.938173,28.330471,32.60693,35.57985,35.165936,31.619799,30.419855,35.47276,34.430534,28.74167,30.744524,26.99619,32.05743,27.924902,27.91811,28.429102,25.630606,25.39921,25.383797,22.315966,20.447805,19.513891,17.205994,18.309628,15.522443,18.177132,17.293457,16.401928,18.476522,17.746944,16.515444,21.053896,20.435291,23.152342,21.381447,17.650694,20.658075,17.345526,22.432386,21.374647,26.230047,30.604668,29.749372,26.752012,30.312437,24.553898,28.54024,26.408539,30.216322
23,18.961271,16.223656,20.792429,18.168406,18.804502,23.497942,21.846983,28.332563,27.232214,31.620335,32.291668,35.794632,34.581783,31.976673,28.994377,25.313324,22.231913,19.377562,16.304707,12.988782,9.385495,7.948734,3.9349592,0.0,4.859462,8.945293,11.1918955,10.944591,12.623924,12.725661,16.835285,16.503498,24.882238,24.076097,27.774416,30.419321,31.495974,30.268816,26.183168,21.958956,25.438951,19.296608,21.215143,17.193975,20.65941,17.246862,17.692974,18.017048,16.8623,21.323803,18.494997,22.453917,22.756788,24.368744,19.802683,23.25402,20.84423,24.466808,25.610014,26.097124,25.254501,30.937517,29.860239,34.138752,37.67629,36.82197,33.22667,32.51055,37.623947,36.165436,30.560415,32.80779,29.355522,34.42729,30.724535,30.284323,31.050032,28.436436,28.09584,28.344702,25.006084,22.865044,22.439713,19.69117,20.782879,17.350965,20.29947,18.418364,17.594915,19.211355,17.883692,16.97084,21.566887,20.324753,23.287365,22.325699,18.764336,22.100737,18.96225,23.787294,23.308075,27.892513,32.323032,31.821226,28.929905,32.95488,27.38736,31.493258,29.63423,33.36585
24,22.086262,18.948708,23.246696,20.692318,20.501598,25.513811,22.911932,29.591427,28.255545,32.435703,33.377243,36.946915,36.148075,33.842426,30.939365,27.239336,24.616053,21.177282,19.22694,14.996,12.115318,10.669084,7.673533,4.859462,0.0,4.590853,7.7653723,9.101721,12.758143,13.9407015,17.76387,18.903486,26.75145,26.97513,30.164276,33.15851,34.347355,32.76701,29.042608,24.874939,27.392061,20.973967,22.218058,17.483538,20.437922,15.888626,15.5924225,14.934032,13.464959,17.213398,14.083399,18.034826,18.008305,20.009247,15.796355,19.513302,17.53652,21.098747,22.898333,23.50699,22.496092,28.564928,27.927652,32.07806,36.28134,34.717915,31.068615,30.965336,36.04471,34.01991,28.604832,31.147045,28.171661,33.265823,30.357862,29.423027,30.777922,28.628128,28.480366,29.322989,25.907154,23.195456,22.877142,19.439419,20.122583,16.003574,19.106155,16.199722,15.94379,17.362274,15.97454,16.039667,20.938677,19.585232,22.992752,22.557058,19.127125,22.235992,18.6211,23.025364,22.513056,26.764631,31.392214,30.908794,28.111261,32.618477,27.232498,31.357313,29.94731,33.419987
25,23.545786,19.981588,23.687424,21.177023,20.165829,25.282166,21.885584,28.547577,27.160154,31.014647,32.382496,35.84749,35.360195,33.443893,30.565456,27.045816,24.842772,21.016687,20.246851,15.362043,13.54928,12.2351055,10.753626,8.945293,4.590853,0.0,5.009288,7.898536,11.833035,14.252924,17.213219,19.878965,26.924067,28.019793,30.777067,33.939606,35.452698,33.721806,30.371458,26.339052,28.04411,21.71746,22.024101,17.284378,19.157608,14.1693735,12.746829,11.480679,9.338337,12.924621,9.593638,13.54576,14.033237,15.839486,11.649268,15.276161,13.214111,16.681326,18.85765,19.445284,18.393078,24.59539,24.332798,28.372717,33.02328,31.081512,27.48776,27.8666,32.93037,30.666357,25.532433,28.48045,25.857098,31.206726,29.019396,28.02785,29.99809,28.301928,28.594341,29.868612,26.715147,23.631742,22.772903,18.92414,18.743692,14.387375,16.72412,12.827847,12.840475,13.992973,12.754193,13.735856,18.73896,17.625105,21.28129,21.033607,17.805882,20.455624,16.490692,20.362055,19.831026,23.677404,28.373005,27.948063,25.30456,30.184479,25.197908,29.334766,28.485128,31.793999
26,25.744003,21.850153,24.892418,21.542624,20.129646,24.776089,20.575628,26.966845,24.73664,28.59051,29.35866,33.109436,33.17282,31.198833,28.952564,25.026468,23.748808,19.492159,19.612587,15.028336,13.3575,13.731466,11.589478,11.1918955,7.7653723,5.009288,0.0,3.8836317,9.85581,11.81076,14.664349,17.75621,23.96614,26.015581,28.040821,31.566525,32.85839,30.729141,27.839237,24.04421,24.73162,18.458328,18.398485,13.285719,15.035322,9.491581,8.524569,7.2263446,6.727422,10.544047,9.194369,13.484325,14.840341,17.229233,13.601487,16.61165,13.385883,16.26932,18.942554,18.349127,16.303814,22.65139,21.644184,25.523731,29.953556,27.713255,23.95003,24.118097,29.004251,26.547953,21.217587,23.849873,21.30979,26.370686,24.329506,23.103739,25.203896,23.725967,24.156668,25.728918,22.723974,19.41849,18.497662,14.427535,14.198298,9.648912,12.828694,9.73369,11.245794,13.498604,13.652163,15.062948,20.220589,19.994265,23.563322,22.492218,19.103956,21.026455,16.182304,20.121096,18.114511,22.216942,27.15578,25.836464,22.993528,27.481068,22.067257,25.875666,24.854404,27.795502
27,24.790176,20.85958,23.59933,19.669333,18.415047,22.643415,18.463284,24.679117,22.049528,26.134678,26.354885,30.290913,30.396675,28.162859,26.223335,21.982834,21.011438,16.716927,16.862524,12.84827,10.978672,12.594261,10.059222,10.944591,9.101721,7.898536,3.8836317,0.0,7.4159627,8.284881,11.53733,14.169779,20.33346,22.454062,24.335976,27.94133,29.073238,26.881485,24.027588,20.286297,20.879032,14.576565,14.705517,9.531565,11.875745,6.793953,7.401148,7.8379045,8.618436,13.042369,12.6197,16.788853,18.565302,20.7549,16.94031,19.600872,15.673023,18.390753,20.612112,19.42913,17.141396,23.118523,21.319164,25.242218,28.96,27.205008,23.405813,22.8561,27.712317,25.687275,20.03759,22.212818,19.187658,24.168085,21.421007,20.513294,22.216698,20.423475,20.834743,22.174444,19.265547,16.128824,14.908344,11.033635,11.171173,6.907758,10.816338,9.5109625,11.104745,14.108221,14.866536,15.698364,20.827177,21.066021,24.376572,22.555302,18.947521,20.668709,15.6068535,19.99344,17.197723,21.791359,26.732647,24.91044,21.844088,25.754478,19.82848,23.510168,21.980091,24.990713
28,19.590542,15.445263,17.096043,12.871777,11.225403,15.260074,11.163903,17.55961,15.596403,19.776718,20.750105,24.257675,23.757399,21.676062,19.17024,15.341355,13.954923,9.643492,10.63726,6.3595247,6.8754554,9.179328,10.146252,12.623924,12.758143,11.833035,9.85581,7.4159627,0.0,4.762691,5.483844,9.796192,15.610532,17.242693,19.643583,22.722069,24.771023,23.301842,20.31384,16.670906,17.963045,12.660255,11.740213,9.5334835,9.789143,8.757284,8.478111,11.398633,11.096607,16.849958,16.370564,19.869669,22.748959,23.274902,18.717278,20.402403,15.62824,18.247192,18.764833,17.413815,16.0349,20.72097,18.50401,22.736483,25.437216,25.290625,21.895191,20.495806,25.641447,25.0646,19.604548,22.07022,18.21753,24.18216,20.698277,21.525265,23.02676,20.945517,22.021679,22.646338,20.70109,18.355722,15.044649,12.435009,11.057297,9.245458,8.71718,8.719376,7.7770677,10.87871,12.121774,11.64244,16.136557,17.239656,19.869308,16.9462,13.299205,14.557437,9.688837,14.590379,11.826966,16.898172,21.49176,19.930433,16.82262,20.471256,14.788419,18.970522,17.589024,21.461857
29,20.711124,16.959322,18.68896,13.861588,13.177138,16.265465,12.914647,18.59351,15.892971,20.446825,20.086027,24.007776,23.599476,20.87047,19.05468,14.490866,13.556434,9.57288,9.50535,7.4092894,6.188204,10.315895,9.394537,12.725661,13.9407015,14.252924,11.81076,8.284881,4.762691,0.0,4.967942,5.9843373,12.853508,14.213018,16.55556,19.888393,21.27542,19.566404,16.373459,12.568418,14.1191,8.322586,8.73964,6.4658895,8.8436165,8.842993,10.790971,13.786916,14.5802965,19.897995,19.772085,23.584719,26.07597,27.265614,22.828089,24.825724,20.130136,22.689367,23.443096,21.8115,20.012392,24.577326,21.746893,25.73909,27.740602,27.729214,24.283981,22.270468,27.060715,26.60005,20.90495,22.458845,18.33429,23.48261,19.065107,19.88666,20.536692,17.911652,18.555563,18.728054,16.664772,14.763101,11.740341,9.896983,9.999595,9.057351,10.477931,12.337972,12.309421,15.587016,16.854692,16.141249,20.473015,21.5075,23.954052,20.76415,17.076708,18.378056,13.897316,18.79979,15.474169,20.643143,25.068146,22.916298,19.685238,22.31147,15.980119,19.580185,17.144743,20.841478
30,20.771803,16.908035,17.226826,12.312823,10.689955,12.885553,8.649764,13.935606,11.037942,15.527585,15.63962,19.37062,19.041035,16.659565,14.850837,10.468382,10.417209,5.954726,8.775341,7.279884,8.85788,12.491219,13.565816,16.835285,17.76387,17.213219,14.664349,11.53733,5.483844,4.967942,0.0,6.508453,10.26469,12.646685,14.438606,17.59643,19.805447,18.384144,15.826015,12.719463,13.337097,9.349171,7.399576,8.214574,7.1845994,9.871936,10.844678,14.641054,15.300797,20.690918,21.091686,24.371386,27.61611,28.057232,23.685219,24.893328,19.755121,21.784792,21.85086,19.722174,18.14998,21.65347,18.423916,22.305222,23.603514,24.391922,21.2763,18.804218,23.579878,23.931002,18.599087,20.32952,15.972637,21.677742,17.387888,19.269432,20.241583,17.984318,19.415962,19.579737,18.510014,16.864035,12.403104,11.261009,9.578355,10.280411,8.4990015,11.500732,10.900517,14.066377,16.082712,15.260561,18.799969,20.645462,22.621128,18.802872,15.507529,15.76478,11.419479,15.775132,11.778825,16.858149,20.97072,18.55196,15.350098,17.544502,11.360847,15.110813,12.997062,17.096012
31,20.32797,17.237736,18.02807,12.887472,13.156708,14.432812,12.651863,16.82982,14.121208,18.763401,17.423843,21.238003,20.411486,17.081415,15.775265,10.9633665,10.36936,7.853979,6.9699764,8.776259,8.331294,12.877862,12.627904,16.503498,18.903486,19.878965,17.75621,14.169779,9.796192,5.9843373,6.508453,0.0,8.5645895,8.398594,11.318891,14.328971,15.63456,14.408396,10.774233,6.924943,9.983623,6.092903,7.5316143,9.035257,10.987997,13.597608,15.990948,19.37959,20.331581,25.658724,25.687243,29.401096,32.02143,32.985138,28.406515,30.183758,25.35286,27.753853,27.898159,26.086138,24.514608,28.158192,24.815718,28.554073,29.279129,30.316586,27.223269,24.370274,28.723589,29.204094,23.7713,24.617422,20.159683,24.689163,19.281775,21.113163,20.732,17.611738,18.159275,17.244293,16.023447,15.461233,11.975951,12.294476,12.8213625,13.729037,14.26866,17.379587,16.890749,19.935781,21.305561,19.89805,23.412933,24.774578,26.559507,22.724255,19.322315,20.254017,16.763285,21.40123,18.023113,23.028135,26.804743,24.438038,21.33058,22.599836,16.452887,19.381584,16.146862,19.940948
32,26.020288,23.147198,22.107445,17.231003,16.71065,15.42582,13.491237,14.241041,10.114428,13.855157,10.285356,14.349121,14.524725,11.00793,12.269324,7.584816,11.086745,10.034547,12.529416,15.230841,16.3954,20.657923,21.078104,24.882238,26.75145,26.924067,23.96614,20.33346,15.610532,12.853508,10.26469,8.5645895,0.0,6.419122,4.5983243,8.442001,10.2366295,8.772602,7.881281,7.6390057,5.7255764,8.426116,6.695271,12.44957,11.450274,16.934233,19.330141,23.223394,24.846355,29.640287,30.807898,34.040512,37.363976,38.042877,33.85604,34.8579,29.559902,31.103174,30.910646,28.150625,26.347904,28.415003,24.180645,27.02815,25.880728,27.953203,25.529558,21.657759,24.920809,26.645693,22.09112,21.900713,17.489214,20.997255,15.232586,18.725777,17.837027,15.208793,16.720951,15.425929,16.39858,16.810772,11.955675,14.290402,13.758945,17.055462,15.731299,20.619192,20.570873,23.584604,25.923895,24.79744,27.412024,29.685017,30.936056,26.462873,23.738361,23.241102,20.137596,23.499569,18.996025,23.13094,26.02809,22.605597,19.859493,18.833282,13.36092,14.421891,10.383271,13.579253
33,22.424292,20.375576,19.361992,14.867185,15.766231,13.991325,14.526423,15.331216,13.203983,16.926044,14.421622,17.36896,15.887781,11.969587,11.984743,8.220418,9.17528,10.222977,10.011157,14.53942,15.414732,19.301281,20.148714,24.076097,26.97513,28.019793,26.015581,22.454062,17.242693,14.213018,12.646685,8.398594,6.419122,0.0,5.2948318,6.3949585,8.532213,9.179964,5.909808,5.338304,8.921796,10.917619,11.495925,15.939526,16.36967,20.829361,23.097662,26.858406,27.847126,33.1737,33.48037,36.92797,39.920322,40.417755,35.773598,37.076115,32.06583,34.111797,33.493114,31.429293,30.203342,32.484917,28.71369,31.922735,30.941845,33.39729,30.965862,27.29106,30.851587,32.63971,27.935474,28.110548,23.624386,27.337988,21.46163,24.602583,23.356619,20.275248,21.034674,19.062971,19.465853,20.305136,16.439758,18.487843,18.656574,20.967165,20.148092,24.09579,23.17605,25.825008,27.424633,25.52129,27.833883,29.709091,30.60069,26.14957,23.480505,23.590631,21.467157,25.197056,21.945995,26.21038,28.85558,26.355995,23.72519,23.085238,18.182844,19.817245,16.240786,19.69161
34,27.403591,25.104599,23.772991,19.214214,19.36728,17.207598,16.67769,16.272545,12.94126,15.969558,11.74788,15.014058,14.7577,10.894422,13.018435,9.393501,12.670276,13.104056,14.535523,18.314169,19.283834,23.478724,23.866026,27.774416,30.164276,30.777067,28.040821,24.335976,19.643583,16.55556,14.438606,11.318891,4.5983243,5.2948318,0.0,4.304491,5.7274556,5.3183384,5.256866,7.343196,6.358796,11.222934,10.805205,16.314274,15.92644,21.275045,23.85488,27.705183,29.30493,34.162914,35.206745,38.516457,41.745995,42.433487,38.123215,39.190277,33.937626,35.553326,35.167213,32.506386,30.850824,32.665665,28.40682,31.080961,29.349955,31.872175,29.676554,25.614862,28.451822,30.545269,26.263294,25.685926,21.435736,24.167948,18.224518,21.85315,20.223562,17.460884,18.565115,16.495201,17.985922,19.253279,15.0941105,18.031439,18.052176,21.347511,20.329035,25.16063,24.918962,27.804918,29.968428,28.531536,30.864222,33.093422,34.061615,29.474333,26.910545,26.457684,23.926105,27.204489,23.064663,26.992561,29.465721,26.180656,23.66257,21.97749,17.242506,17.69247,13.67587,16.227896
35,27.540699,25.7931,23.883408,19.89406,20.466345,17.376614,18.179121,16.611528,14.414074,16.729946,12.872473,14.962173,13.866876,10.050858,12.429784,10.326868,13.171126,14.964444,15.956214,20.4048,21.687485,25.53038,26.488184,30.419321,33.15851,33.939606,31.566525,27.94133,22.722069,19.888393,17.59643,14.328971,8.442001,6.3949585,4.304491,0.0,4.559824,6.9989,7.245508,9.937622,10.433089,15.208551,14.9487505,20.388596,19.88852,25.244167,27.55453,31.468176,32.771805,37.825542,38.648163,41.88768,45.1831,45.565105,41.098644,42.047283,36.85127,38.483818,37.669373,35.18672,33.89851,35.270893,31.131428,33.718277,31.50466,34.65862,32.744736,28.594843,31.26159,33.830566,29.83851,29.34482,25.148174,27.86983,22.089592,25.939528,24.2325,21.557583,22.590738,20.28678,21.90951,23.397192,19.387226,22.273527,22.169159,25.35838,23.932756,28.535616,27.826153,30.409185,32.40221,30.612284,32.41271,34.690395,35.23946,30.539234,28.308784,27.733007,25.973724,28.961035,25.369995,28.968914,30.897327,27.978632,25.75364,23.628122,19.795864,20.049217,16.463276,18.938211
36,30.435293,28.739746,27.412918,23.213417,23.994593,21.432196,21.892616,20.919363,18.182718,20.653763,16.097435,18.550186,18.064526,14.3392935,16.922132,14.296537,16.933867,18.178371,18.529604,22.926554,23.440107,27.563282,27.584444,31.495974,34.347355,35.452698,32.85839,29.073238,24.771023,21.27542,19.805447,15.63456,10.2366295,8.532213,5.7274556,4.559824,0.0,3.9620256,5.655659,9.669433,9.562234,15.147428,15.814773,20.88806,21.220015,26.31561,29.221016,32.961563,34.659786,39.49979,40.45994,43.9131,46.95133,47.818733,43.426483,44.664066,39.472553,41.19778,40.799183,38.214718,36.563084,38.353943,34.054195,36.5917,34.483932,37.17617,35.09668,30.923525,33.36106,35.58643,31.468187,30.4438,26.39631,28.234657,22.190624,25.654861,23.241806,20.389349,20.896738,18.103596,19.991745,22.124954,18.959806,22.379902,23.065065,26.313446,25.883837,30.7108,30.474686,33.349796,35.340862,33.704773,35.951237,38.040207,38.853233,34.265972,31.766733,31.486282,29.28845,32.6134,28.705769,32.558334,34.796375,31.58292,29.199146,27.10659,22.786772,22.791874,18.77917,20.633059
