,0,1,2,3,4,5,6,7,8,9,10,11,12,13,14,15,16,17,18,19,20,21,22,23,24,25,26,27,28,29,30,31,32,33,34,35,36,37,38,39,40,41,42,43,44,45,46,47,48,49,50,51,52,53,54,55,56,57,58,59,60,61,62,63,64,65,66,67,68,69,70,71,72,73,74,75,76,77,78,79,80,81,82,83,84,85,86,87,88,89,90,91,92,93,94,95,96,97,98,99,100,101,102,103,104,105,106,107,108,109,110
0,0.0,4.342931,6.345434,9.798144,12.287703,14.769152,17.984175,21.56984,24.857182,27.26222,30.901003,31.069132,27.718782,26.619892,21.62382,21.829582,16.520458,17.409536,14.905355,15.393729,17.789394,14.977203,20.69243,23.587206,23.723589,26.50854,26.55712,28.53944,26.048973,28.123573,29.366175,29.922441,35.012596,33.982086,38.6944,38.919804,42.29707,42.976067,39.249954,35.682957,39.187843,34.994602,34.26224,33.48667,32.39916,32.172207,29.033913,30.998875,27.81122,30.149576,28.202465,29.86845,30.933805,29.612318,24.678701,26.394194,24.769487,28.151432,27.581808,28.843636,27.12389,33.734573,33.42423,36.748135,40.853912,39.872025,37.477673,38.093243,43.138485,41.36053,37.03995,39.437218,35.712753,39.635025,35.702785,33.361313,34.867332,32.771027,33.263405,35.29026,32.19155,28.837862,28.431372,25.317394,24.138605,21.442905,20.36728,17.267027,16.922707,17.832052,17.24226,20.514908,15.7120495,12.724203,11.02613,13.153295,13.908681,17.158316,19.003399,22.774073,24.004587,28.125631,31.08159,33.50794,35.51736,33.4715,37.78611,33.937073,38.49173,37.93108,42.084194
1,4.342931,0.0,5.3534274,6.3513165,9.034392,12.245647,14.651686,19.0537,21.695293,24.571444,27.78166,28.392769,25.359386,23.849718,19.090576,18.525324,13.235311,13.506875,10.784825,11.078542,13.57048,11.222091,16.938318,19.824566,20.509842,22.926147,23.242634,24.77692,22.188944,23.974249,25.407204,25.662882,31.02123,29.925436,34.69597,35.047348,38.286438,38.869884,35.06466,31.433867,35.01164,30.749376,30.186766,29.440872,28.558771,28.476175,25.595432,27.820595,24.94206,27.615309,25.96926,28.053654,29.468903,28.548157,23.404196,25.271095,22.848822,26.33911,25.861818,26.465199,24.271458,30.881748,30.105724,33.35725,37.184406,36.251717,33.71612,34.114994,39.14392,37.38222,32.96916,35.233845,31.440523,35.340546,31.366045,29.084213,30.650713,28.600653,29.25929,31.372646,28.47487,24.96399,24.680723,21.37233,20.084496,17.242096,16.293139,13.087776,13.183676,14.398646,14.517748,17.976215,13.922343,11.299567,8.558935,11.424715,11.927052,14.440404,16.772991,19.740246,21.706028,25.206789,28.63241,31.420479,32.886765,30.622332,34.67687,30.429153,34.9443,34.117123,38.244106
2,6.345434,5.3534274,0.0,5.2559657,6.990102,8.675155,12.360162,15.289745,18.86839,21.015085,24.85713,24.885542,21.591476,20.750101,15.668232,16.34728,11.464644,12.713003,12.057954,12.927344,16.500057,15.303551,20.777613,23.27963,23.981674,25.74357,25.093594,26.57118,22.623793,24.754517,25.061974,26.017132,30.029816,29.293688,33.70858,33.788757,37.458824,38.245617,34.87625,31.599678,34.741848,31.189842,29.948267,30.0364,28.236534,28.965511,25.865835,28.502098,25.622839,28.12795,27.077652,28.268908,30.289875,28.505102,23.405144,24.414038,21.94021,24.93529,23.584143,24.650648,22.997248,29.582018,29.124979,32.838417,36.51059,36.33,34.24362,34.502224,39.71615,38.641865,34.509308,36.974506,33.029297,37.325626,32.752262,31.08164,32.22302,29.681215,30.092579,31.660267,28.550081,25.341887,23.896112,21.160112,19.629244,17.945448,15.952867,14.508675,14.089813,16.307264,15.957852,20.25897,16.054102,13.282469,10.185607,11.104427,9.99216,12.656045,13.644507,17.571526,18.456507,22.399477,25.26707,27.467157,29.558895,27.648916,31.864033,28.428719,33.018963,32.702744,36.994026
3,9.798144,6.3513165,5.2559657,0.0,3.8523197,6.3058386,8.849725,13.033582,15.498133,18.546425,21.482096,22.115078,19.224424,17.590136,12.946317,12.249333,7.146187,7.7414517,6.99449,8.437129,12.193419,12.237953,17.207733,19.683271,21.346596,22.51803,22.436697,23.072186,18.918419,20.366035,20.93993,21.123413,25.489012,24.379194,29.007004,29.155178,32.63381,33.405563,29.860424,26.51857,29.985226,26.439156,25.548609,25.869589,24.42346,25.547821,22.96786,26.032831,23.7173,26.686832,26.055185,27.857578,30.230633,29.070127,23.839127,25.071167,21.588488,24.655106,23.441671,23.4729,21.081844,27.574924,26.303537,29.907557,33.006,32.988552,30.65861,30.45897,35.63428,34.594776,30.27826,32.389503,28.282879,32.346657,27.600893,25.957111,26.994238,24.438192,24.939932,26.594282,23.662815,20.29587,19.071058,16.083637,14.598611,12.690002,11.223313,10.333616,10.995775,13.845074,14.694994,18.96182,16.017712,13.927049,10.003992,11.722238,10.22458,11.237544,12.816137,15.162345,17.271965,19.961985,23.616701,26.262335,27.502583,25.280664,28.936676,24.889486,29.438965,28.604494,32.940136
4,12.287703,9.034392,6.990102,3.8523197,0.0,5.3230863,5.71843,10.666581,12.916982,15.738969,19.179068,20.140928,17.723564,16.420315,11.937413,11.261715,7.4513264,6.704057,8.516757,8.286735,12.595566,13.251989,17.648867,19.457104,20.762362,21.372526,20.426828,21.137644,16.258032,18.244207,18.155958,19.364006,23.19036,22.925491,27.129698,27.519463,31.127966,31.640675,28.397892,25.136724,27.881317,24.444155,23.003616,23.431402,21.444157,22.743479,19.976027,23.196943,20.934807,23.823597,23.632391,25.049911,27.836197,26.449287,21.2904,22.171186,18.36273,21.212433,19.808275,19.729591,17.433031,23.902302,22.80116,26.555582,29.784056,29.940313,27.888285,27.827688,33.078514,32.369072,28.364672,30.852016,26.859283,31.517658,26.767925,25.728792,26.963882,24.392706,25.211975,26.67224,24.093662,20.703146,18.707361,15.861996,13.446917,12.60281,9.229831,9.087648,8.86898,12.269361,12.858187,17.50706,14.97471,13.233319,9.240759,9.783048,7.383095,7.614441,9.085997,11.383098,13.502266,16.347532,19.961866,22.842413,23.990559,21.723757,25.674078,21.71068,26.282764,25.808376,30.057161
5,14.769152,12.245647,8.675155,6.3058386,5.3230863,0.0,6.0764065,7.111981,10.666281,13.007036,16.33297,16.309502,13.197572,12.1921835,7.208883,8.2369175,5.0949955,7.336055,10.251692,12.184027,16.294392,17.624899,21.843296,23.78176,25.683739,25.93567,25.039476,25.199104,19.509953,20.913076,19.950415,20.6598,22.887606,22.101645,26.164389,25.887827,29.85737,30.94239,28.03601,25.320616,28.239534,25.901642,24.275084,25.948256,23.475649,25.931643,23.493935,27.145756,25.22807,28.068914,28.340485,29.32545,32.45277,30.642982,25.63542,25.920818,22.063784,24.336855,22.065245,22.089138,20.158714,26.214788,24.93749,29.003262,31.423706,32.568436,30.781513,30.130688,35.37828,35.29402,31.380272,33.477844,29.242743,33.517975,28.067482,27.313194,27.655602,24.53325,24.67465,25.490858,22.46048,19.69183,16.79538,14.905878,13.252337,13.439728,10.961461,13.231755,13.625108,17.32972,18.027138,22.729677,20.210775,18.31976,14.418314,14.459499,11.317919,11.134325,10.516197,12.89161,13.873674,16.083338,19.282328,21.175184,22.80925,21.00116,24.409615,21.378962,25.921803,25.55633,30.10064
6,17.984175,14.651686,12.360162,8.849725,5.71843,6.0764065,0.0,6.776671,7.456046,10.659398,13.783588,15.346275,13.824396,12.4736,9.116121,7.7511773,7.1748805,5.219673,10.301542,9.979286,14.04947,16.326849,19.379713,20.442545,22.272217,21.659832,20.253254,20.035755,13.771364,15.395806,14.007319,15.64975,18.025995,18.33542,22.042534,22.46347,26.25377,26.720427,23.916632,21.034628,23.17428,20.549002,18.562336,20.111383,17.424852,20.022844,17.763535,21.668732,20.220942,23.197071,24.056164,25.178911,28.701057,27.313705,22.47399,22.771965,18.12577,20.27083,18.332146,17.323732,14.831931,20.704765,19.020895,23.01477,25.41785,26.50737,24.7855,24.170727,29.437426,29.518602,25.859932,28.256628,24.206789,29.0989,23.909138,23.801662,24.681608,21.860332,22.761938,23.695127,21.537745,18.435125,15.275119,13.055239,9.851203,11.106582,6.2140374,9.69025,9.762457,13.794837,14.907652,19.423235,18.24895,17.237236,13.443148,13.101694,9.906898,7.5538025,7.6368537,7.5395355,10.21712,11.352644,15.443139,18.475298,18.952131,16.589071,20.117313,16.190374,20.774755,20.385775,24.744936
7,21.56984,19.0537,15.289745,13.033582,10.666581,7.111981,6.776671,0.0,5.24284,6.016855,10.159486,9.969602,7.7796226,8.009003,4.982214,7.280944,9.241459,10.188075,15.225321,16.391562,20.36487,22.718311,25.917967,27.060991,29.03019,28.219904,26.4838,26.079811,19.22835,20.53718,17.863022,19.499928,19.047537,19.312002,22.216093,21.782913,26.126663,27.219929,25.252821,23.322252,25.048483,24.075647,21.559155,24.542019,21.033218,24.796549,22.752333,26.831654,25.600473,28.21588,29.548841,29.811098,33.683315,31.543074,27.031761,26.447987,22.135977,23.383795,20.28492,19.811852,18.353306,23.31938,21.93856,26.25538,27.782015,30.157188,29.063017,27.990812,33.10393,34.08872,30.849157,32.99291,28.902952,33.4968,27.720417,28.1478,28.083607,24.72975,24.882124,24.852955,22.360327,20.24656,15.702485,15.147892,12.921649,15.492748,11.859861,16.395655,16.44632,20.439703,21.126986,25.800467,24.222971,22.885529,19.209581,18.125933,14.288281,12.437014,9.915511,10.65137,10.448748,10.940748,13.598408,14.860977,16.3997,14.997321,17.98738,16.159472,20.48436,20.785484,25.3142
8,24.857182,21.695293,18.86839,15.498133,12.916982,10.666281,7.456046,5.24284,0.0,4.6147113,6.350678,8.415213,8.51735,7.506392,7.480231,6.6104574,10.683649,9.9633045,15.551556,16.16025,19.543695,22.790468,24.89006,25.501106,27.913286,26.324331,24.74858,23.506973,16.430933,16.989502,13.790366,15.199146,13.828411,14.518399,17.103245,16.953423,21.22703,22.095215,20.286617,18.54753,19.894335,19.405708,16.815859,20.49609,17.003178,21.531277,20.242376,24.614689,24.160463,26.9555,28.815504,29.427477,33.536022,31.973135,27.653744,27.212996,22.280092,23.348883,20.620846,18.940357,16.885042,21.084446,18.794092,22.89104,23.542473,26.363352,25.281212,23.678568,28.637135,29.97963,26.92903,28.808365,24.785849,29.335638,23.5123,24.565111,24.417944,21.161488,21.61949,21.408426,19.628294,17.604393,12.688915,12.485251,9.748485,13.577026,9.888379,15.621788,16.125788,20.077024,21.411999,25.628738,25.199486,24.455906,20.798506,19.997688,16.466337,13.473214,11.742961,9.659119,11.000389,8.623028,12.36702,14.439361,14.183004,12.267863,14.263991,11.556,15.849608,15.694234,20.307554
9,27.26222,24.571444,21.015085,18.546425,15.738969,13.007036,10.659398,6.016855,4.6147113,0.0,6.0198236,6.6704164,7.5442405,8.723804,9.252272,10.444462,14.277725,14.155881,19.715338,20.196539,23.805882,26.755402,29.070425,29.545341,31.509743,29.876133,27.611639,26.707302,19.420595,20.503193,16.567541,18.978348,16.070654,17.639572,19.117304,18.768415,23.200787,24.078588,23.080072,21.91131,22.279537,22.541992,19.330933,23.285858,19.090517,23.803204,22.313131,26.538488,26.034634,28.397552,30.564081,30.38581,34.723595,32.5728,28.614405,27.506647,22.927475,23.303934,19.896973,18.702898,17.614706,21.10103,19.527592,23.791124,24.343786,27.762562,27.307016,25.887228,30.683832,32.569065,30.035467,32.167305,28.393545,33.15764,27.426075,28.846539,28.604994,25.331024,25.661121,25.056086,23.336407,21.739656,16.46665,16.848392,14.301447,18.184736,14.160584,19.512352,19.383522,23.246153,24.002047,28.35057,27.66633,26.839066,23.421883,21.866095,18.036087,15.237063,12.292328,10.921098,10.1147995,7.697704,9.607631,10.416508,11.054527,10.022034,12.252267,11.757756,15.6049795,16.617048,20.914257
10,30.901003,27.78166,24.85713,21.482096,19.179068,16.33297,13.783588,10.159486,6.350678,6.0198236,0.0,4.496186,7.820367,7.4811974,10.911686,10.509555,15.741282,15.497983,20.776112,21.80459,24.703579,28.414291,29.912712,30.272373,33.068665,30.929852,29.4334,27.530558,20.499193,20.201775,16.314688,17.054073,12.406592,13.184449,14.129023,13.181066,17.707182,19.050093,18.430513,18.044825,18.607021,20.201845,17.53148,22.577835,18.970724,24.494076,24.02381,28.465963,28.695446,31.335272,33.737385,34.130684,38.49676,36.940475,32.98821,32.202232,27.22081,27.6679,24.679455,22.615372,20.908411,23.614208,20.945951,24.706121,23.732447,27.820658,27.22767,24.859367,29.244774,31.51873,29.023958,30.316853,26.499758,30.435162,24.398033,26.27705,25.27065,21.895363,21.911228,20.670357,19.435116,18.60852,12.992526,14.595658,12.948718,17.521828,15.0871725,21.222616,21.998428,25.827059,27.340181,31.311619,31.322735,30.727463,27.10772,26.230873,22.656979,19.512934,17.409304,14.753637,15.345704,11.132455,13.528513,14.230349,13.003115,11.973978,11.292953,10.622729,13.653388,13.578996,18.01163
11,31.069132,28.392769,24.885542,22.115078,20.140928,16.309502,15.346275,9.969602,8.415213,6.6704164,4.496186,0.0,4.501143,6.089029,9.904387,11.372349,16.273014,17.226429,22.26204,23.993443,27.203796,30.582237,32.70362,33.446636,36.196747,34.438236,32.915558,31.347492,24.244574,24.219202,20.50332,21.143269,16.791199,16.866753,17.921883,16.349829,20.88734,22.712944,22.209444,21.98427,22.924206,24.583786,22.003244,26.917234,23.228926,28.570673,27.741505,32.135387,31.994362,34.54636,36.75303,36.86423,41.189915,39.199463,35.16579,34.164467,29.521404,29.919092,26.505053,25.142406,23.876637,26.870588,24.709143,28.658108,27.931604,32.0502,31.526905,29.30091,33.72063,35.96204,33.36954,34.65375,30.72617,34.4664,28.256186,29.8005,28.480162,24.872702,24.364763,22.891775,21.048983,20.60367,14.9229145,16.83674,15.837058,19.95932,17.858915,23.802761,24.50743,28.48135,29.717262,34.010426,33.35843,32.381542,28.681072,27.669828,23.86481,21.28409,18.599327,17.215742,16.77533,13.725061,15.133125,14.5067835,14.7105255,14.454381,14.057382,14.7165,17.55266,17.868803,22.13708
12,27.718782,25.359386,21.591476,19.224424,17.723564,13.197572,13.824396,7.7796226,8.51735,7.5442405,7.820367,4.501143,0.0,3.9551423,6.4289794,9.489302,13.515196,15.50829,20.091597,22.445848,25.903479,28.845497,31.6262,32.841908,35.553528,34.354073,33.057873,31.881466,24.909754,25.147615,22.036072,22.412035,19.601635,18.90541,21.001394,19.392853,23.901217,25.881992,24.70835,23.938185,25.757008,26.57522,24.285028,28.628214,25.159641,29.987429,28.704597,33.036106,32.38467,35.03194,36.755096,36.974384,41.053326,38.904694,34.574604,33.74864,29.357725,30.154501,26.718426,25.936544,24.637274,28.539877,26.654896,30.799889,30.822918,34.3535,33.50358,31.562206,36.26943,37.97961,34.944572,36.31435,32.149906,35.84321,29.53499,30.398634,29.1369,25.39191,24.646667,23.511538,20.932293,20.22436,14.892434,16.323456,15.667866,19.008352,17.237276,22.72436,23.48911,27.537325,28.630173,33.165077,31.84526,30.493237,26.691639,25.870047,22.049973,20.12216,17.438995,17.289577,16.711126,15.187611,16.845774,16.303604,17.573542,17.124775,17.861294,17.798595,21.200327,21.324898,25.809193
13,26.619892,23.849718,20.750101,17.590136,16.420315,12.1921835,12.4736,8.009003,7.506392,8.723804,7.4811974,6.089029,3.9551423,0.0,5.1796646,6.3987722,11.077732,12.944182,17.254448,19.942446,23.042566,26.287527,28.759497,30.061962,33.20433,31.967808,31.262358,29.725006,23.060493,22.731745,20.174381,19.553812,17.506618,15.8996105,18.724844,17.104317,21.480051,23.56163,21.866365,20.863468,23.438713,23.994013,22.257435,26.530294,23.63604,28.405237,27.415289,31.81908,31.324333,34.250584,35.83004,36.6167,40.559185,38.886566,34.357826,33.981705,29.300144,30.487585,27.496183,26.262041,24.35384,28.506035,26.076345,30.034153,29.907074,33.148315,31.907135,29.728941,34.424862,35.83231,32.497993,33.53132,29.232088,32.55175,26.15544,26.791595,25.386288,21.599483,20.774319,19.76979,17.084246,16.278086,11.022047,12.502895,12.339535,15.5835285,14.744162,20.39796,21.728447,25.749638,27.31423,31.651033,30.633127,29.39531,25.442616,25.214607,21.655079,19.559017,17.668875,16.912811,17.52151,15.608903,18.30734,18.705187,19.14746,18.106852,18.593626,17.261827,20.80498,20.118488,24.760672
14,21.62382,19.090576,15.668232,12.946317,11.937413,7.208883,9.116121,4.982214,7.480231,9.252272,10.911686,9.904387,6.4289794,5.1796646,0.0,4.9618464,7.2618413,9.9957285,14.069969,16.805523,20.394684,22.93678,26.205187,27.841005,30.534584,29.9188,29.104025,28.26586,21.797375,22.217876,20.205309,20.177422,19.968706,18.674675,22.169802,21.104511,25.37594,27.076046,24.812082,23.019276,25.834114,25.141264,23.375824,26.657562,23.806158,27.735996,26.079079,30.258883,29.14051,32.037323,33.110416,33.89187,37.551945,35.705563,30.966328,30.75941,26.416328,27.989496,25.107716,24.489206,22.64106,27.679686,25.77467,29.912563,30.900589,33.34164,31.887636,30.337307,35.355064,36.168575,32.54369,34.045918,29.687662,33.444363,27.310602,27.30827,26.569843,22.942102,22.430958,22.214094,19.153986,17.449171,13.087285,13.014999,12.252415,14.349297,12.858105,17.556475,18.569061,22.574957,23.77895,28.346542,26.645187,25.092281,21.145414,20.941368,17.419178,16.01135,14.259119,14.870006,15.373275,15.272717,18.153324,19.015306,20.289679,18.972748,20.92511,18.952213,23.083847,22.62783,27.331944
15,21.829582,18.525324,16.34728,12.249333,11.261715,8.2369175,7.7511773,7.280944,6.6104574,10.444462,10.509555,11.372349,9.489302,6.3987722,4.9618464,0.0,5.520242,6.657679,10.992927,13.615499,16.675184,19.914272,22.430437,23.908564,27.120121,26.188564,25.969234,24.552385,18.416113,18.101547,16.676739,15.633406,16.458382,14.593732,18.746452,18.034313,21.990393,23.48787,20.69855,18.528893,21.9027,20.801996,19.596592,22.75142,20.560085,24.452717,23.284384,27.548008,26.818289,30.012821,31.109306,32.55038,36.135868,34.97254,30.166985,30.445625,25.652409,27.52541,25.26468,23.84221,21.253077,26.240278,23.62643,27.433346,28.146656,30.28355,28.450539,26.628613,31.572994,32.11891,28.269457,29.461962,25.023918,28.555292,22.424547,22.347122,21.700155,18.15305,17.93903,18.078598,15.308788,13.082257,8.972914,8.227394,7.37149,9.679163,9.023636,14.28693,16.040571,19.973068,21.879778,26.043365,25.135868,23.996527,19.963707,20.418428,17.342201,15.30431,14.725009,13.844543,15.971239,14.874319,18.809055,20.695229,20.769901,18.842201,20.38108,17.044472,21.17865,19.90244,24.617826
16,16.520458,13.235311,11.464644,7.146187,7.4513264,5.0949955,7.1748805,9.241459,10.683649,14.277725,15.741282,16.273014,13.515196,11.077732,7.2618413,5.520242,0.0,4.605379,6.910887,10.421609,13.799555,16.055384,19.610588,21.744787,24.659155,24.656864,24.805073,24.108896,18.811111,19.051453,18.77689,17.82232,20.695017,18.757397,23.399565,22.98595,26.642273,27.93372,24.615692,21.816364,25.641054,23.32878,22.494751,24.386751,22.693241,25.40684,23.670013,27.521292,26.119871,29.344473,29.659193,31.396894,34.458702,33.349575,28.263498,29.009436,24.67675,27.153852,25.298645,24.481499,21.843306,27.672327,25.516499,29.271296,30.99383,32.15629,29.964699,28.748783,33.839817,33.583584,29.337856,30.770391,26.331175,29.880583,24.219757,23.159729,23.114529,19.910572,19.83575,20.79871,17.65682,14.786869,12.53738,10.3455925,9.645436,9.206376,9.00899,11.982266,13.790331,17.467407,19.188063,23.417723,21.6993,20.149342,16.059689,17.184711,14.6226845,13.740026,14.061889,14.678482,16.94991,17.629196,21.578117,23.770134,24.45977,22.376875,24.854933,21.096642,25.478737,24.245092,28.85638
17,17.409536,13.506875,12.713003,7.7414517,6.704057,7.336055,5.219673,10.188075,9.9633045,14.155881,15.497983,17.226429,15.50829,12.944182,9.9957285,6.657679,4.605379,0.0,5.68238,7.008151,10.484214,13.427238,16.249178,17.875008,20.774511,20.355513,20.438566,19.539179,14.295443,14.556793,14.647106,13.974297,17.922924,16.665796,21.299137,21.57371,24.95626,25.664206,22.17137,18.952805,22.446133,19.431688,18.632187,19.981968,18.547846,20.932625,19.323023,23.17643,22.003412,25.36467,25.81992,27.880705,30.990156,30.330206,25.320766,26.313183,21.623032,24.219116,22.880617,21.460629,18.357164,24.121204,21.692255,25.213465,27.124521,27.867561,25.523958,24.454433,29.566801,29.113775,24.867712,26.539034,22.1977,26.234924,20.903143,20.041399,20.714785,17.893682,18.638943,20.015736,17.644852,14.20385,12.271261,9.210114,6.9283996,6.407645,4.5312104,7.8797154,9.952711,13.69685,15.864223,19.831415,18.983871,18.010542,14.001337,15.228785,13.003988,11.247881,12.560178,11.865618,15.319487,15.548984,20.052761,23.093851,23.02242,20.507933,23.135103,18.48793,22.865776,21.449339,25.859343
18,14.905355,10.784825,12.057954,6.99449,8.516757,10.251692,10.301542,15.225321,15.551556,19.715338,20.776112,22.26204,20.091597,17.254448,14.069969,10.992927,6.910887,5.68238,0.0,5.389935,7.544136,9.7133,13.156547,15.801279,19.11101,19.668772,21.094263,20.378237,16.929863,16.751808,18.414522,16.529377,22.056879,19.860565,25.009735,25.259039,28.133116,28.904633,24.853998,21.300535,25.713125,21.976805,22.177824,22.538124,22.236183,23.577475,22.049694,25.352142,23.918283,27.374794,27.000193,29.782263,32.17818,32.035076,26.878895,28.578468,24.339806,27.47989,26.751707,25.553526,22.275593,28.260422,25.838615,28.936342,31.121016,31.044472,28.196796,27.301365,32.19588,30.886442,26.168518,27.428576,23.125683,26.31814,21.521645,19.413378,20.304049,17.936012,18.548914,20.662476,18.039694,14.332721,14.543088,10.893674,10.279416,6.681423,8.547786,8.052452,11.01734,13.680688,16.188192,19.511219,18.3357,17.17698,13.358283,16.04516,15.011928,14.446276,16.684721,16.68109,20.245491,21.037247,25.540585,28.63883,28.660593,26.082472,28.675117,23.7072,27.942307,26.081682,30.316183
19,15.393729,11.078542,12.927344,8.437129,8.286735,12.184027,9.979286,16.391562,16.16025,20.196539,21.80459,23.993443,22.445848,19.942446,16.805523,13.615499,10.421609,7.008151,5.389935,0.0,4.363931,6.6368155,9.725739,11.681346,14.277544,14.75321,15.785022,15.515406,12.655987,13.284306,15.516611,14.885994,21.337204,20.423956,25.147203,26.130962,28.807795,28.86154,24.881987,20.990803,24.493511,19.83943,19.814001,18.98131,18.885662,19.18061,17.374548,20.321619,18.757938,22.22944,21.73128,24.787872,27.075779,27.315533,22.266478,24.284487,19.999296,23.34152,23.297312,21.84622,18.355408,24.334068,22.118904,24.912302,27.8225,26.959272,24.038654,23.793736,28.711233,27.029896,22.432959,24.398872,20.450626,24.579916,20.590218,18.79319,20.842142,19.115849,20.662413,23.02905,21.215096,17.244297,17.265469,13.38095,11.194644,8.159329,7.130931,2.9938657,6.117717,8.386354,11.266546,14.320774,13.911037,13.427441,9.92601,12.703314,12.428076,11.495712,14.823069,14.231363,18.41624,19.473583,24.05456,27.83384,27.490185,24.640839,27.748829,22.283627,26.444754,24.812178,28.655296
20,17.789394,13.57048,16.500057,12.193419,12.595566,16.294392,14.04947,20.36487,19.543695,23.805882,24.703579,27.203796,25.903479,23.042566,20.394684,16.675184,13.799555,10.484214,7.544136,4.363931,0.0,4.830051,5.8388195,8.265223,11.989872,12.597975,15.246463,14.398205,13.463978,13.075656,16.60286,14.777266,22.340338,20.98051,25.828148,27.029867,29.109446,28.964628,24.65122,20.548677,24.47604,19.29206,20.221567,18.631746,19.74348,19.362339,18.222214,20.72728,19.577091,23.130203,22.358145,26.151855,27.998674,29.027884,24.197968,26.68971,22.492952,25.944609,26.459845,24.61637,20.845228,26.351501,23.751411,25.921186,28.5875,27.14319,23.79705,23.47126,27.993853,25.668884,20.774189,22.244287,18.460634,21.919308,18.649242,16.14899,18.713293,17.693665,19.567686,22.444292,21.083075,17.03115,18.358313,14.291189,12.762081,8.836796,9.889788,5.4674597,8.76986,9.405056,12.898049,14.564937,15.190935,15.259876,12.501732,15.83595,16.263178,15.321194,18.909073,17.71532,22.256777,22.78092,27.535265,31.521711,30.693707,27.70657,30.39019,24.487526,28.306528,26.150965,29.667482
21,14.977203,11.222091,15.303551,12.237953,13.251989,17.624899,16.326849,22.718311,22.790468,26.755402,28.414291,30.582237,28.845497,26.287527,22.93678,19.914272,16.055384,13.427238,9.7133,6.6368155,4.830051,0.0,5.730921,8.910364,10.879855,13.2181425,15.780904,16.278437,16.322237,16.885212,20.371313,19.374084,26.86516,25.738169,30.549538,31.734632,33.916508,33.746628,29.463556,25.34592,29.064425,23.657854,24.375666,22.160667,23.180988,21.912018,20.16204,21.94201,20.05764,23.290564,21.635078,25.515833,26.663465,27.733177,22.889896,25.787458,22.387318,26.160854,27.03134,25.857292,22.436968,28.248995,26.339859,28.457582,31.899092,29.868574,26.57254,26.913748,31.367348,28.62398,23.873758,25.69618,22.32206,25.768938,23.122316,20.34618,23.094559,22.261345,23.982439,26.933685,25.305443,21.30376,22.663511,18.616331,17.132927,13.197678,13.561155,7.956656,9.716882,9.031536,11.659844,12.845992,12.467728,12.306419,10.290555,14.348918,15.799691,16.025896,19.932823,19.85655,23.935587,25.536089,29.979221,33.935246,33.62369,30.702522,33.968086,28.252985,32.205437,30.393679,33.856842
22,20.69243,16.938318,20.777613,17.207733,17.648867,21.843296,19.379713,25.917967,24.89006,29.070425,29.912712,32.70362,31.6262,28.759497,26.205187,22.430437,19.610588,16.249178,13.156547,9.725739,5.8388195,5.730921,0.0,3.857628,7.8649964,9.451538,13.830949,13.236196,15.314282,14.826183,19.37382,17.607386,25.878746,24.825272,29.37657,30.997753,32.482082,31.859669,27.467207,23.253748,26.849058,20.965567,22.518427,19.46405,21.727207,19.81632,19.042841,20.428486,19.434587,22.752436,21.324888,25.906898,26.91465,28.93784,24.567736,27.695734,24.012861,27.616444,29.025427,27.039305,23.23466,28.186207,25.704762,27.030195,30.025494,27.430866,23.769518,24.008165,27.906717,24.582642,19.718735,21.116167,18.175917,21.17495,19.648623,16.68861,20.212076,20.299463,22.628845,25.888535,25.136415,21.177277,23.282768,19.263529,17.832594,14.02155,15.026765,9.878524,11.970898,10.476368,13.815422,13.422004,15.269647,16.156834,14.743392,18.347641,19.82777,19.158648,23.210823,21.823383,26.501352,27.090904,31.768827,36.087616,34.943375,31.831072,34.53393,28.323605,31.761759,29.469278,32.397972
23,23.587206,19.824566,23.27963,19.683271,19.457104,23.78176,20.442545,27.060991,25.501106,29.545341,30.272373,33.446636,32.841908,30.061962,27.841005,23.908564,21.744787,17.875008,15.801279,11.681346,8.265223,8.910364,3.857628,0.0,5.558001,5.87437,10.983314,9.980061,13.523936,12.991469,17.87413,16.608156,24.958494,24.602608,28.673761,30.695177,31.910467,30.836895,26.63854,22.441462,25.3074,19.097479,20.708025,16.857569,19.632198,17.001387,16.636097,17.597534,17.094023,20.347387,19.153135,23.990091,25.004417,27.50426,23.525743,26.690228,22.921885,26.333263,28.142414,25.739855,21.8582,26.1686,23.599112,24.401585,27.442156,24.351568,20.608522,21.136951,24.758213,21.138294,16.427116,18.159136,15.713828,19.22453,18.50536,16.112675,20.200117,20.703142,23.484947,26.676203,26.470072,22.56569,24.418781,20.539371,18.625786,15.523703,15.70538,10.836785,12.338193,10.286563,13.648585,12.384055,15.602181,17.149406,16.145063,19.19282,20.73393,19.567976,23.687216,21.61069,26.46869,26.66977,31.283554,35.856083,34.275883,31.086676,33.68672,27.321795,30.418844,28.152885,30.637072
24,23.723589,20.509842,23.981674,21.346596,20.762362,25.683739,22.272217,29.03019,27.913286,31.509743,33.068665,36.196747,35.553528,33.20433,30.534584,27.120121,24.659155,20.774511,19.11101,14.277544,11.989872,10.879855,7.8649964,5.558001,0.0,4.657636,8.38491,9.839452,14.511206,15.547509,19.876535,20.332367,28.204935,28.766575,32.457855,34.687206,36.09246,34.741245,30.861622,26.727942,28.67512,22.33926,23.20812,18.565287,20.891043,16.952774,15.814124,15.505812,14.307887,16.998625,14.927316,20.036665,20.305857,23.267473,19.724619,23.292757,20.351032,23.848656,26.369234,24.384192,20.952583,25.070812,23.429903,23.93456,28.06896,24.132895,20.709936,22.393782,25.862196,21.988167,18.038519,20.78612,19.127783,23.338268,23.182682,21.289865,25.517214,25.973167,28.806627,31.871601,31.576853,27.610218,28.874468,24.993032,22.50598,19.814848,18.545078,12.981257,12.834094,9.356605,11.456717,8.419445,12.526153,14.797951,15.113338,17.71755,20.098278,19.432432,23.777035,22.211142,26.65335,27.685452,31.841078,36.557858,35.237545,32.098736,35.35993,29.224333,32.299675,30.655367,32.858032
25,26.50854,22.926147,25.74357,22.51803,21.372526,25.93567,21.659832,28.219904,26.324331,29.876133,30.929852,34.438236,34.354073,31.967808,29.9188,26.188564,24.656864,20.355513,19.668772,14.75321,12.597975,13.2181425,9.451538,5.87437,4.657636,0.0,5.975336,5.537314,11.4378605,11.97165,16.47035,17.073618,24.76515,25.811483,29.031437,31.543247,32.685196,31.014856,27.361107,23.352253,24.69745,18.306534,19.25603,14.218449,17.050438,12.927182,12.635126,12.528574,12.478676,15.435346,14.523408,19.54779,20.566698,23.606325,20.31519,23.449257,19.828154,22.89535,25.360182,22.626692,18.927197,22.287207,20.086853,20.182615,23.868683,19.885931,16.3003,17.862022,21.218525,17.379309,13.429843,16.46793,15.019729,19.798857,19.893148,18.739162,23.137478,23.768156,26.905283,29.784933,29.996595,26.171633,27.17952,23.555477,20.80516,18.852795,17.274324,12.823506,12.844579,10.075718,12.661162,10.206884,15.079844,17.443916,17.18556,19.17111,20.872486,19.278757,23.366648,20.734701,25.46583,25.571991,29.792421,34.647522,32.724407,29.527502,32.335995,26.06097,28.744291,26.965265,28.812521
26,26.55712,23.242634,25.093594,22.436697,20.426828,25.039476,20.253254,26.4838,24.74858,27.611639,29.4334,32.915558,33.057873,31.262358,29.104025,25.969234,24.805073,20.438566,21.094263,15.785022,15.246463,15.780904,13.830949,10.983314,8.38491,5.975336,0.0,4.937551,9.192919,11.891238,14.788004,17.779743,24.14113,26.432014,29.039082,31.673773,33.263916,31.419737,28.360573,24.61437,24.736385,18.77328,18.279997,13.259925,14.569237,9.678624,8.005898,7.132294,6.5112147,9.534375,9.220918,13.888897,15.586872,18.300451,15.278964,18.079752,14.433456,17.224607,20.040585,17.31656,13.985493,17.056181,15.7301235,15.928791,20.790514,16.659311,13.807335,16.416393,20.156088,17.19127,14.336129,18.583765,17.30383,23.224888,22.7214,22.532228,26.614368,26.693682,29.770134,32.20449,32.274006,28.485641,28.309093,24.941828,21.413074,20.508118,17.038988,13.193334,11.596297,8.897474,10.106904,7.8572335,13.172314,15.843366,15.956936,16.587196,18.164507,16.309994,20.136875,17.469645,21.703133,22.22505,25.870619,30.809711,29.022646,25.940393,29.348917,23.54234,26.197819,25.309275,26.992517
27,28.53944,24.77692,26.57118,23.072186,21.137644,25.199104,20.035755,26.079811,23.506973,26.707302,27.530558,31.347492,31.881466,29.725006,28.26586,24.552385,24.108896,19.539179,20.378237,15.515406,14.398205,16.278437,13.236196,9.980061,9.839452,5.537314,4.937551,0.0,7.3285103,8.139684,11.950456,13.875024,20.605762,22.694122,25.175837,27.965017,29.134003,27.146347,24.00685,20.282824,20.46276,14.282116,14.509416,9.145553,11.802803,7.4354067,7.915186,8.554311,9.8591795,13.033225,13.776704,18.036247,20.164442,22.74891,19.701336,22.079998,17.759764,20.182941,22.401203,18.943708,15.10772,17.609211,14.923739,14.826534,18.33849,14.575168,11.024674,12.660512,16.435017,13.366578,9.779587,13.816894,12.372085,18.410574,18.037945,18.21441,22.350916,22.707758,25.98367,28.381266,28.929213,25.321915,25.433468,22.262817,18.957037,18.315311,15.635121,12.91991,12.57262,10.971026,13.387344,12.090574,16.98955,19.284267,18.525383,19.506693,20.36542,17.82527,21.37043,17.69323,22.45173,21.682873,25.759022,30.701176,28.256165,25.06425,27.596046,21.379433,23.705439,22.14092,23.677158
28,26.048973,22.188944,22.623793,18.918419,16.258032,19.509953,13.771364,19.22835,16.430933,19.420595,20.499193,24.244574,24.909754,23.060493,21.797375,18.416113,18.811111,14.295443,16.929863,12.655987,13.463978,16.322237,15.314282,13.523936,14.511206,11.4378605,9.192919,7.3285103,0.0,4.8052797,5.8719,10.033748,15.329881,17.966274,20.440506,22.898909,24.962597,23.445803,20.61596,17.11433,17.144777,12.005582,10.411709,7.895615,7.181573,6.7432714,5.761098,9.74586,10.382321,13.858252,15.665262,18.333134,21.763147,22.667164,18.950594,20.26656,14.974604,17.054771,17.882029,14.231751,10.023885,13.727074,10.515545,12.48043,15.677505,14.34443,11.743728,12.13534,17.242088,16.36091,13.055059,16.69234,13.860971,20.294218,17.572506,18.46423,21.47551,20.608635,23.413996,25.163391,25.222012,21.755344,20.427454,17.654715,13.654134,14.439235,10.000407,9.762138,9.1783495,10.084858,12.34837,13.780718,16.930761,18.365423,16.447802,16.546549,15.993203,12.522031,15.283561,10.83117,15.778014,14.495818,18.840635,23.685621,21.394304,18.173244,20.956194,14.814914,17.88214,16.75227,19.254189
29,28.123573,23.974249,24.754517,20.366035,18.244207,20.913076,15.395806,20.53718,16.989502,20.503193,20.201775,24.219202,25.147615,22.731745,22.217876,18.101547,19.051453,14.556793,16.751808,13.284306,13.075656,16.885212,14.826183,12.991469,15.547509,11.97165,11.891238,8.139684,4.8052797,0.0,5.30768,5.959395,12.814921,14.638552,17.348028,19.942663,21.44397,19.867249,16.611683,12.878466,13.637036,7.8880105,7.8899364,5.8061523,7.398632,8.374073,9.595183,13.151812,14.559397,17.99784,19.712578,22.804258,25.999311,27.291792,23.608154,25.059843,19.778812,21.776114,22.395735,18.564222,14.40287,17.28071,13.164457,14.481942,15.822325,14.983084,11.831043,10.635513,15.51401,14.558362,10.511541,13.071894,9.576544,15.766509,12.774077,13.945241,16.944382,16.385231,19.445189,21.288267,21.886984,18.576538,17.936972,15.295161,11.874434,12.645578,10.1452055,10.908613,11.944631,12.9975815,16.032053,17.119228,20.4189,21.736147,19.477642,20.288935,19.600199,16.159542,18.706205,14.017786,19.085754,16.697544,21.353857,25.950953,23.129738,19.917862,21.485624,14.946021,17.565865,15.273772,17.735985
30,29.366175,25.407204,25.061974,20.93993,18.155958,19.950415,14.007319,17.863022,13.790366,16.567541,16.314688,20.50332,22.036072,20.174381,20.205309,16.676739,18.77689,14.647106,18.414522,15.516611,16.60286,20.371313,19.37382,17.87413,19.876535,16.47035,14.788004,11.950456,5.8719,5.30768,0.0,6.8696537,9.632711,13.236986,14.910117,17.497921,19.628506,18.078741,15.786908,12.888329,12.025645,8.360961,5.3567977,6.772167,4.098716,8.6328125,9.437643,13.73895,15.218621,18.259134,20.823305,22.75224,26.65265,27.09836,23.605522,24.177607,18.669323,19.885359,19.688316,15.602765,11.803963,14.066687,9.635043,11.967605,12.741926,13.758463,11.836562,10.27618,15.488294,16.26314,13.515432,16.23818,13.090875,19.206432,15.47032,17.590923,19.6232,18.340084,20.9467,21.967585,22.445635,19.581076,17.383942,15.598666,11.665614,14.229665,10.236307,13.106361,13.383117,15.357595,17.623695,19.580452,22.274694,23.314781,20.836267,20.648218,19.09679,15.11123,16.51264,11.063258,15.628415,12.137761,16.601421,21.123653,17.954762,14.768287,16.244007,9.750491,12.57253,10.954627,13.811148
31,29.922441,25.662882,26.017132,21.123413,19.364006,20.6598,15.64975,19.499928,15.199146,18.978348,17.054073,21.143269,22.412035,19.553812,20.177422,15.633406,17.82232,13.974297,16.529377,14.885994,14.777266,19.374084,17.607386,16.608156,20.332367,17.073618,17.779743,13.875024,10.033748,5.959395,6.8696537,0.0,8.538385,8.854574,12.146316,14.476045,15.907242,14.832879,11.133604,7.274205,9.725798,5.5897255,6.7990136,8.962736,9.904775,13.370013,14.947733,18.806477,20.274874,23.660986,25.531738,28.330034,31.741842,32.657017,28.776968,29.895466,24.43653,26.188448,25.976742,22.197056,18.265236,20.907068,16.346642,17.993338,17.354029,18.314926,15.606982,12.753059,17.107477,17.216776,13.359373,14.003102,9.739945,14.293125,9.253915,11.253324,12.788326,11.554577,14.391461,15.742829,16.701687,13.894424,13.100032,11.252616,8.683895,10.651073,10.154759,13.383214,15.45043,17.455294,20.664427,22.393604,24.993519,25.793295,22.886591,23.861425,22.449738,18.912212,20.621891,15.869288,20.605564,17.060358,21.838234,25.806309,22.724297,19.738468,19.941628,13.592297,15.9783745,12.6127,15.682023
32,35.012596,31.02123,30.029816,25.489012,23.19036,22.887606,18.025995,19.047537,13.828411,16.070654,12.406592,16.791199,19.601635,17.506618,19.968706,16.458382,20.695017,17.922924,22.056879,21.337204,22.340338,26.86516,25.878746,24.958494,28.204935,24.76515,24.14113,20.605762,15.329881,12.814921,9.632711,8.538385,0.0,6.171671,5.4478292,8.156458,10.421402,9.40181,8.306161,7.7915154,6.2717686,8.854995,7.057975,13.070477,11.364432,17.143038,18.820345,22.944172,24.762407,27.608181,30.411615,32.00967,36.114483,36.21945,32.74058,32.833557,27.320393,27.990585,26.745855,22.858795,19.856417,20.914684,16.362036,18.332825,15.457513,19.24738,18.134914,14.500841,18.14117,20.6026,18.514326,18.984324,15.745325,19.499353,14.359644,17.772917,17.520506,15.567414,17.245865,16.693565,17.982788,16.737803,13.580039,14.159461,12.057343,16.230433,14.786128,19.880726,21.23886,23.928951,26.453575,28.832155,31.014648,31.563702,28.454865,28.413729,26.046505,22.105118,22.167948,17.052181,20.35157,14.956226,18.703983,21.699799,17.752907,15.40872,13.387397,8.346564,9.342174,5.317258,9.227124
33,33.982086,29.925436,29.293688,24.379194,22.925491,22.101645,18.33542,19.312002,14.518399,17.639572,13.184449,16.866753,18.90541,15.8996105,18.674675,14.593732,18.757397,16.665796,19.860565,20.423956,20.98051,25.738169,24.825272,24.602608,28.766575,25.811483,26.432014,22.694122,17.966274,14.638552,13.236986,8.854574,6.171671,0.0,5.508372,6.1953425,8.418614,9.273482,6.1428485,5.3815312,9.037729,10.940847,11.45514,16.468737,16.003426,21.075409,22.588861,26.75622,28.190874,31.413082,33.614223,35.775433,39.582157,39.820133,35.840767,36.343605,30.814835,32.068996,30.775173,27.269348,23.965229,26.133156,21.625496,23.707884,21.236153,24.310911,22.50144,18.761986,22.240845,23.809309,20.806765,20.200937,16.334982,18.40306,12.189579,14.799296,13.194071,10.514353,11.468736,10.579399,11.942001,11.1990595,8.695921,10.02224,9.84686,13.506921,14.551142,19.76341,22.085989,24.942284,27.926998,30.431433,32.192383,32.40714,28.943142,29.660307,27.340229,23.837242,24.163546,19.807888,23.34265,18.667694,22.794123,25.400656,22.239643,20.022703,18.147518,13.632112,15.181349,11.283466,14.866532
34,38.6944,34.69597,33.70858,29.007004,27.129698,26.164389,22.042534,22.216093,17.103245,19.117304,14.129023,17.921883,21.001394,18.724844,22.169802,18.746452,23.399565,21.299137,25.009735,25.147203,25.828148,30.549538,29.37657,28.673761,32.457855,29.031437,29.039082,25.175837,20.440506,17.348028,14.910117,12.146316,5.4478292,5.508372,0.0,3.6269612,5.032105,5.0281596,5.334413,7.5883307,7.0014825,11.91031,11.643377,17.444956,16.519464,22.101833,24.099161,28.116152,30.070982,32.94668,35.70945,37.431633,41.493668,41.663933,38.139286,38.244034,32.73057,33.37972,31.965908,28.166561,25.27173,26.107101,21.556395,23.191765,19.371754,23.510105,22.455456,18.343061,21.014557,23.71796,21.812082,21.136063,18.106432,20.133423,14.862696,18.50987,16.968517,14.994603,15.939177,14.405352,16.423939,16.413412,13.594693,15.4005375,14.784482,18.780102,18.819712,24.103666,25.929432,28.684156,31.422155,33.784122,35.899086,36.316635,33.02296,33.245087,30.769594,26.971071,26.84035,22.04114,25.036076,19.522203,22.866848,25.106037,21.170488,19.362553,16.06914,12.690479,12.528492,8.490693,11.064338
35,38.919804,35.047348,33.788757,29.155178,27.519463,25.887827,22.46347,21.782913,16.953423,18.768415,13.181066,16.349829,19.392853,17.104317,21.104511,18.034313,22.98595,21.57371,25.259039,26.130962,27.029867,31.734632,30.997753,30.695177,34.687206,31.543247,31.673773,27.965017,22.898909,19.942663,17.497921,14.476045,8.156458,6.1953425,3.6269612,0.0,4.558981,6.943184,7.380526,9.791654,10.581265,15.134298,14.879125,20.68127,19.51445,25.188704,26.8594,31.029108,32.702187,35.647675,38.28831,39.91632,44.021297,43.924477,40.201443,40.212852,34.72474,35.41723,33.650196,30.161257,27.401484,28.634832,24.289995,26.28483,22.652971,26.93541,25.885096,21.86485,24.639872,27.25905,25.13613,24.334616,21.079676,22.640673,16.981796,20.138065,17.879677,15.397313,15.498497,13.271861,14.916231,15.624114,12.366238,15.026259,15.172857,19.232122,19.793707,25.43686,27.434494,30.47444,33.187134,35.881115,37.551342,37.688625,34.178165,34.440598,31.72795,28.11409,27.649725,23.314993,25.936651,20.566618,23.722837,25.381115,21.895422,20.408459,16.90109,14.430018,14.56881,11.117904,13.958041
