,0,1,2,3,4,5,6,7,8,9,10,11,12,13,14,15,16,17,18,19,20,21,22,23,24,25,26,27,28,29,30,31,32,33,34,35,36,37,38,39,40,41,42,43,44,45,46,47,48,49,50,51,52,53,54,55,56,57,58,59,60,61,62,63,64,65,66,67,68,69,70,71,72,73,74,75,76,77,78,79,80,81,82,83,84,85,86,87,88,89,90,91,92,93,94,95,96,97,98,99,100,101,102,103,104,105,106,107,108,109
0,0.0,4.2223744,7.0167828,10.00226,12.769588,15.156571,18.518614,22.499035,25.678005,29.511248,31.580324,36.78874,33.04318,31.038816,26.736343,24.495296,20.294392,19.168226,15.138959,13.9830065,12.395908,10.9374485,14.948837,16.881433,19.631453,21.731335,19.074314,19.526728,20.266335,19.93447,22.837658,21.459898,28.066868,25.715158,30.623386,31.42127,32.354553,33.77276,30.010029,30.564363,26.829378,29.453873,27.027565,28.185904,29.083704,32.1011,33.7597,36.558525,41.395878,40.275623,36.286133,40.419674,43.458675,41.20844,38.9826,36.59752,33.71137,29.695875,28.12825,22.74901,25.933233,22.73248,22.298128,21.39941,18.935738,21.31491,18.361013,20.424171,19.700434,22.957283,23.63361,26.783178,23.541506,28.751717,30.014616,29.393572,33.378944,32.10777,37.15236,36.05368,39.738064,42.1123,37.869835,36.6464,33.10817,35.104355,31.04985,30.02682,29.363115,26.520988,27.754908,25.418915,29.052753,32.013214,30.959599,34.138195,35.606716,35.18837,35.13896,38.911243,35.87734,39.648506,41.55933,41.022655,38.46167,37.975723,32.867924,31.78945,27.50575,27.424711
1,4.2223744,0.0,5.4345775,6.3813863,9.2055235,12.422742,15.034424,19.506844,22.214361,26.504807,28.21718,33.490677,30.250162,28.134306,24.241282,21.42387,17.512709,15.728983,11.7336,9.998168,8.476245,7.0600295,11.391422,13.662674,16.089092,17.961683,14.98852,15.447175,16.180035,16.18565,19.163565,18.455494,25.092909,23.477299,28.201897,29.41975,30.345781,31.436716,27.389297,27.542969,23.676107,25.897379,23.122766,24.176697,24.926085,27.89897,29.541807,32.36333,37.18641,36.122147,32.131447,36.217068,39.287724,37.14722,34.943207,32.607796,29.633093,25.581434,23.962656,18.605162,21.89809,18.842201,18.488989,18.161392,15.546888,18.6053,16.447956,18.514517,18.678331,22.173948,22.524435,25.2585,21.178478,26.318083,27.148527,26.15815,29.960148,28.334648,33.430668,32.060272,35.760986,38.052574,33.760517,32.482204,28.98841,30.933489,27.032288,26.0196,25.604755,22.877003,24.449167,22.36472,25.847406,28.696623,27.202312,30.597488,31.85154,31.176455,31.225231,34.788647,31.865932,35.574116,37.481823,37.10358,34.55076,34.347023,29.100946,28.415375,24.051832,24.410978
2,7.0167828,5.4345775,0.0,5.349943,6.974236,8.719488,12.204264,15.707465,19.261826,22.738226,25.179758,30.337267,26.452665,24.772675,20.13716,18.200716,14.014557,13.0539255,9.9226,9.358886,10.210883,10.486204,14.790066,17.778025,19.683517,20.987139,16.85623,16.858326,16.154095,16.079288,17.645037,17.317764,22.951889,20.91816,25.878168,26.712748,28.353521,29.810526,26.192093,26.408945,23.423891,25.235004,23.436523,23.629074,25.604809,27.678896,30.020063,32.598015,37.163494,36.65374,33.031723,36.903656,40.247086,38.610905,36.766964,34.57777,31.200926,27.198484,25.056517,19.834967,21.334295,18.264223,16.92233,15.9797735,12.492194,14.698921,11.539232,13.495977,13.279335,16.929808,17.169779,20.0937,16.555405,21.814524,23.059715,22.683617,26.780392,25.99976,30.97555,30.423023,34.114643,36.829063,32.740562,31.759327,28.117083,30.817024,26.439823,26.368519,25.887796,23.790777,25.480604,24.034204,27.875616,30.261845,28.50892,31.358816,31.928186,31.32792,30.473526,34.115993,30.58833,34.29981,36.154427,35.12036,32.596233,31.558878,26.762836,25.191446,20.988739,20.67004
3,10.00226,6.3813863,5.349943,0.0,3.9311986,6.620151,9.358085,13.445258,15.93528,20.313261,21.849895,27.119942,24.04965,21.88712,18.296127,15.119154,11.433634,9.363064,5.527187,4.2944965,5.336352,6.8177233,10.508509,14.001058,15.632853,16.379446,12.577235,11.6019535,10.930835,10.90822,13.02812,13.145113,19.204493,18.211056,22.780903,24.27778,25.541208,26.459936,22.393456,22.172974,18.802126,20.381197,18.155258,18.582796,20.383184,23.03781,25.061186,28.047651,32.550526,32.209213,28.441673,31.895031,35.434895,34.02466,31.889696,29.90889,26.563128,22.325884,20.410736,15.396628,17.531559,14.995443,13.745856,14.452639,9.913924,14.059583,12.451629,13.753551,15.207774,18.371445,18.80564,21.07273,16.134155,21.242758,21.417202,20.481136,24.14248,22.560642,27.78366,26.45264,30.322842,32.860096,28.539576,27.17711,23.427443,25.790445,21.4291,21.082916,20.67376,18.566353,20.491823,19.258217,22.915083,25.193121,23.195053,26.19565,26.768532,26.09639,25.525854,29.269203,25.985691,29.863138,31.894796,31.233023,28.558737,28.301912,22.96163,22.164534,17.86339,18.223799
4,12.769588,9.2055235,6.974236,3.9311986,0.0,5.9107184,5.8297925,10.87774,13.34128,17.827982,19.62141,24.915722,22.150778,20.419172,16.671469,13.551686,10.389636,7.4889812,5.8919487,3.85368,7.687608,9.144844,12.551654,15.73114,16.423723,16.922113,11.783976,11.840175,10.197658,11.322291,12.093337,14.083951,19.016277,18.771643,23.121885,24.751587,26.491348,27.289986,23.301338,22.598032,19.719038,20.27562,17.9656,17.416786,19.421108,20.810904,23.422253,25.829838,30.293465,30.00255,26.55898,30.3458,33.729443,32.41822,30.836039,28.789381,25.16735,21.295725,18.823689,13.928669,14.594232,11.889962,10.242259,10.631716,6.3593173,10.357577,9.751203,11.5930395,13.570086,17.46535,16.710773,18.40607,13.073609,17.927498,18.23649,16.997063,20.758476,19.355116,24.429512,23.534618,27.240606,29.890238,25.768625,24.835224,21.306387,24.198017,20.150629,20.518202,20.725523,19.245901,21.696518,21.071268,24.418554,26.34974,23.573914,26.709158,26.55048,25.29882,24.401247,27.422447,23.969969,27.459297,29.241817,28.382101,25.920357,25.246534,20.28229,19.435925,15.006361,15.770699
5,15.156571,12.422742,8.719488,6.620151,5.9107184,0.0,6.9598093,7.794521,11.335371,14.511347,16.735704,21.809563,17.918224,16.068573,11.823344,9.506039,5.3275676,5.2951865,4.3257203,6.931459,10.253731,12.928681,15.642308,19.511911,20.64942,20.546003,16.36769,14.182452,11.485604,10.882129,10.280345,10.868515,14.872185,13.592754,18.240314,19.395475,21.545347,22.787199,19.374607,19.177889,17.32048,18.232435,17.856447,17.137016,20.864378,22.59338,25.276667,28.16896,32.04091,32.70238,29.473068,32.067112,36.09528,35.59506,33.72313,32.172802,28.515133,24.379416,22.134182,17.962194,17.752188,15.916655,13.2075405,14.110405,7.103411,10.961871,8.714375,8.13763,10.661094,12.826411,13.840021,15.919861,10.983601,16.165194,16.05679,16.129953,19.896063,19.356598,24.460058,23.96302,27.905329,30.973179,26.904732,25.694675,21.67173,24.86494,19.74438,20.718317,20.011055,18.97699,20.817621,20.610182,24.518898,25.995789,23.910515,25.823263,25.476337,25.172855,23.284914,27.411137,23.34481,27.396042,29.508924,27.990889,25.218374,24.113688,19.182985,17.158884,13.279802,12.436136
6,18.518614,15.034424,12.204264,9.358085,5.8297925,6.9598093,0.0,6.42237,8.175525,12.799133,14.633472,19.842424,17.685434,16.452097,13.131234,9.956748,8.480091,4.8619785,7.640542,6.9826603,11.787763,13.8664875,16.199339,19.297287,19.033825,18.69163,13.048048,12.852832,9.582392,11.500155,9.763723,14.093741,16.824467,17.846996,21.498016,23.365065,25.62786,26.152512,22.449318,21.098845,19.253918,18.34925,16.644484,14.611146,17.591637,17.329405,20.715658,22.606312,26.605682,26.97182,24.131845,27.543165,31.056772,30.423592,29.390303,27.640564,23.717466,20.284424,17.325895,13.532167,11.385424,9.561799,6.4073873,7.841699,0.81207293,6.578426,8.498715,9.576298,13.00931,16.667439,14.975294,15.439311,9.146137,13.2127905,12.846381,11.232628,14.929333,13.799924,18.80191,18.443953,22.08845,25.046618,21.174576,20.627115,17.21613,20.912035,16.988932,18.625229,19.376532,19.03923,21.9102,22.317444,25.29664,26.494633,22.964851,25.728035,24.460037,22.758316,21.069475,23.432756,19.578041,22.739777,24.357075,23.041063,20.711346,19.537922,14.954838,13.947866,9.480727,10.876627
7,22.499035,19.506844,15.707465,13.445258,10.87774,7.794521,6.42237,0.0,4.9485235,7.092527,10.06602,14.985164,11.600975,10.789831,6.8412714,5.108598,5.2031407,5.3798947,9.781505,11.625247,16.005548,18.814466,20.747986,24.325329,24.337616,23.483843,18.676199,16.778732,12.739269,13.216408,9.370989,13.192132,13.231539,14.085071,17.315922,18.753874,21.74975,22.554073,19.744537,18.575916,18.379892,17.121525,17.691498,15.026201,19.88074,19.416395,22.95272,25.042284,28.127932,29.650713,27.31386,29.360516,33.439705,33.788868,32.685978,31.498962,27.580587,24.146574,21.42583,18.639374,15.485903,14.832298,11.144649,12.627629,5.930327,8.164007,8.877902,6.8665257,11.351076,13.001028,12.315605,12.312379,6.2955627,9.940776,8.51599,8.9331,12.512131,13.001212,17.657213,18.204971,21.901012,25.38216,21.864302,21.243002,17.537521,21.728266,16.930265,19.639824,19.683224,20.198698,22.552168,23.639376,26.89048,27.428009,24.373583,25.780502,23.893435,23.005169,19.957315,23.105553,18.481506,21.98432,23.821829,21.50069,18.956568,16.835955,12.785269,9.751722,6.235293,5.0353675
8,25.678005,22.214361,19.261826,15.93528,13.34128,11.335371,8.175525,4.9485235,0.0,5.975813,6.472861,11.709958,10.585291,9.434679,8.652987,5.1483383,8.065542,6.754768,11.609289,12.929448,17.072115,19.975416,20.957098,24.249437,23.648092,22.193792,17.87782,15.628118,11.331694,12.350418,7.527851,13.146307,11.918425,14.85936,16.866156,19.084856,21.66817,21.695648,18.708622,16.683859,16.763191,14.183768,14.701278,11.174552,16.330997,15.289912,18.845217,20.941713,23.617155,25.6124,23.536114,24.940626,29.163368,30.00645,28.977488,28.132736,24.267202,21.101547,18.513542,16.87934,13.105774,13.723114,10.266688,13.424221,7.9361124,10.906332,13.320046,11.750532,16.24202,17.608658,16.83355,16.06164,10.051086,11.819671,8.575284,7.543061,9.684143,8.963825,13.900531,13.665619,17.562431,20.980589,17.365564,16.536013,12.818853,17.171347,12.634327,16.000444,16.583897,17.88012,20.55995,22.308886,24.906046,24.951975,21.331268,22.663118,20.10742,18.773146,15.52091,18.223763,13.559005,17.078613,19.046068,16.908035,14.186004,12.891048,8.022668,6.2759285,2.3064253,4.5967894
9,29.511248,26.504807,22.738226,20.313261,17.827982,14.511347,12.799133,7.092527,5.975813,0.0,4.9559665,8.513641,5.5406256,6.530439,5.8380547,6.6997485,10.215161,11.341885,15.9588175,18.034882,22.175217,25.203835,26.444628,29.942877,29.550362,28.099005,23.799553,21.379066,17.07309,17.374638,12.300238,16.401075,12.836901,15.110019,16.401394,17.797215,21.226046,21.649336,19.912546,18.276295,19.905201,17.30284,19.471378,15.852616,21.55921,19.948996,23.59277,25.289886,27.143492,29.816675,28.344814,29.055086,33.34657,34.766544,33.999092,33.41714,29.591942,26.69631,24.13756,22.796776,18.360912,19.000391,15.3712015,17.382132,12.304192,13.106785,14.696602,11.868366,16.057196,15.949217,15.42231,13.916446,9.822492,9.758304,5.674849,7.7034802,9.124494,11.1903105,14.515261,16.009708,19.26666,23.035355,20.285278,19.903597,16.641844,21.151653,16.675905,20.60326,20.717062,22.467808,24.63206,26.658474,29.423824,29.07153,25.917255,26.22956,23.219732,22.506927,18.265171,20.967804,15.995135,19.042936,20.781511,17.48427,15.087498,11.983001,9.572892,4.4881163,5.262188,2.0954945
10,31.580324,28.21718,25.179758,21.849895,19.62141,16.735704,14.633472,10.06602,6.472861,4.9559665,0.0,5.3195214,6.364812,5.8278136,9.094807,7.704859,12.152995,12.4886055,16.950718,18.879677,22.552267,25.700705,26.088049,29.39546,28.708733,26.75735,23.331854,20.256285,16.073368,16.327312,11.07426,15.637452,11.0197,15.106922,15.161113,17.378159,20.113459,19.721252,17.853355,15.508395,17.513357,13.9248905,16.515305,12.61591,18.542803,17.141691,20.318165,22.373995,23.68745,26.912252,25.565598,25.24092,29.817587,31.78158,30.787323,30.644712,27.045279,24.26293,22.150444,21.787306,17.68071,19.234735,16.050308,19.306658,14.3593645,16.440922,18.61366,16.074614,20.451874,20.26571,20.21677,18.817173,14.201278,14.133685,9.566571,9.863736,9.473899,9.797789,13.091938,13.1973095,16.679802,20.210136,17.302364,16.327805,12.994912,17.187923,12.797019,17.09907,17.331514,19.74636,21.906511,24.476381,26.67659,25.836153,22.535511,22.445349,18.939375,18.24451,13.672065,16.540455,11.558129,15.000207,17.14818,14.17179,11.302532,9.860142,6.2964845,3.4212775,5.8154387,5.870685
11,36.78874,33.490677,30.337267,27.119942,24.915722,21.809563,19.842424,14.985164,11.709958,8.513641,5.3195214,0.0,6.755297,7.7923474,12.466247,12.524177,16.974833,17.768215,22.134733,24.179476,27.74013,30.930002,31.100298,34.340557,33.523678,31.3568,28.247463,25.07035,21.01685,21.110811,15.956527,19.89615,13.912724,18.10224,16.822649,18.713913,21.465183,20.806717,20.000553,17.628864,20.73904,16.75943,20.188107,16.284721,22.03041,20.071636,22.981401,24.626776,24.852528,28.825962,28.1725,26.807325,31.349052,34.055565,33.311234,33.602627,30.224957,27.904995,26.013304,26.375547,21.890364,23.851614,20.814142,23.923357,19.520956,20.942091,23.144928,20.322096,24.46589,23.556097,23.616955,21.724262,18.201899,16.911364,12.235476,13.131611,11.243585,12.460742,13.788731,14.548308,17.121319,20.52396,18.578247,17.855778,15.388709,19.17781,15.644741,20.203514,20.386011,23.360157,25.185577,28.162413,30.000122,28.60838,25.51326,24.565012,20.46592,20.081343,14.9935465,17.14936,12.607316,15.076038,16.94781,13.30972,10.985559,9.173225,8.682666,6.5771565,10.643178,10.207901
12,33.04318,30.250162,26.452665,24.04965,22.150778,17.918224,17.685434,11.600975,10.585291,5.5406256,6.364812,6.755297,0.0,3.8902297,6.689767,9.177153,12.873688,15.202702,19.222002,22.001083,25.62925,28.931051,29.818768,33.51532,33.40149,31.698563,28.171658,24.781061,20.58162,19.974026,14.940086,17.493448,11.888584,13.959639,13.830038,14.700699,18.382185,18.853434,18.337324,17.055845,20.076801,17.616968,21.3849,18.15312,24.378689,23.47829,26.60414,28.728107,29.907537,33.24014,31.916174,31.453064,36.111427,38.14279,37.03578,36.88895,33.276424,30.263754,28.1467,27.183214,23.238182,24.168777,20.623661,22.872196,17.260538,18.336687,19.030573,15.43637,19.178106,17.30785,18.333946,17.053646,14.359423,14.010243,10.221896,12.879956,13.173078,15.322074,17.8468,19.135084,22.1896,25.85143,23.382788,22.590307,19.317636,23.31893,18.51831,22.472296,21.836878,23.957819,25.43817,27.79234,30.573196,29.749174,27.347418,26.470005,23.346941,23.660385,18.814175,22.391186,17.50416,20.781513,22.772764,19.22841,16.751074,14.037101,12.408577,7.831121,10.236885,6.9838924
13,31.038816,28.134306,24.772675,21.88712,20.419172,16.068573,16.452097,10.789831,9.434679,6.530439,5.8278136,7.7923474,3.8902297,0.0,6.252666,6.877132,10.78079,13.128136,16.711807,19.72155,22.914488,26.343647,26.880203,30.629519,30.694347,28.882433,25.945011,21.900805,17.858612,16.763432,11.923384,13.909255,8.004245,10.675065,10.473881,11.990157,15.275524,15.534369,14.575318,13.24979,16.218256,14.020809,18.128641,15.385153,21.76641,21.963491,24.651001,27.436726,28.86105,32.08603,30.343277,29.652023,34.557568,36.496094,34.895805,34.813416,31.31804,27.954613,26.156078,25.125132,22.105782,23.06915,19.682589,22.528717,16.18329,18.479206,18.94861,15.41251,19.365234,17.568941,19.334568,18.73217,15.064259,15.921138,12.129048,13.965828,14.563438,15.455499,18.808264,18.929392,22.455513,25.917894,22.89683,21.480858,17.735174,21.30857,15.93386,19.47892,18.409039,20.402363,21.683435,24.028648,26.872305,26.07439,23.982533,22.963486,20.201397,20.95046,16.287457,20.878912,16.070938,20.112173,22.531101,19.610367,16.667933,15.266231,12.02836,8.551946,9.84352,7.0597115
14,26.736343,24.241282,20.13716,18.296127,16.671469,11.823344,13.131234,6.8412714,8.652987,5.8380547,9.094807,12.466247,6.689767,6.252666,0.0,5.35622,7.09606,10.478751,13.9187565,17.021318,20.655716,23.863453,25.419586,29.32382,29.732908,28.561274,24.658297,21.463633,17.405418,16.523703,12.193315,13.883867,10.923639,10.849544,13.216566,13.766879,17.55281,18.810438,17.388662,16.822294,18.445763,17.40079,20.232418,17.731857,23.663237,23.697126,26.897978,29.381626,31.647068,34.07745,32.019196,32.719868,37.29216,38.429234,37.025745,36.347603,32.58655,29.03771,26.744389,24.535332,21.4945,21.401402,17.724024,19.315191,12.70283,14.089327,13.381526,9.451369,13.172387,11.524935,13.245332,13.2185955,9.939092,11.9808855,9.776665,12.401323,14.772597,16.401543,20.23289,21.177292,24.74305,28.408924,25.248722,24.32757,20.497364,24.513084,19.090656,22.18677,21.277098,22.324816,23.83353,25.350382,28.814526,28.789354,26.630596,26.56125,24.46342,24.759163,20.720217,24.909758,19.987595,23.817411,25.921747,22.930191,20.228779,17.728954,14.553052,10.089784,9.419015,5.0910654
15,24.495296,21.42387,18.200716,15.119154,13.551686,9.506039,9.956748,5.108598,5.1483383,6.6997485,7.704859,12.524177,9.177153,6.877132,5.35622,0.0,4.5251207,6.291304,10.093563,12.957654,16.456713,19.773294,20.792353,24.586767,24.797386,23.414389,19.895578,16.312738,12.21033,11.45064,6.8603497,9.842457,8.184897,9.893041,12.452386,14.315003,17.080656,17.609417,14.9287,13.699062,14.275226,12.968555,15.021533,12.664437,18.455044,19.19505,22.08438,25.013702,27.616093,29.783148,27.358686,28.123722,32.752903,33.692795,31.994589,31.305168,27.6202,23.875061,21.779676,19.663223,17.37392,17.538315,14.147007,16.889387,9.793644,13.2157955,13.509439,10.706342,14.97328,14.848759,16.03881,16.216352,10.98906,13.816075,11.042645,11.745689,14.022899,13.885306,18.57871,18.17553,22.165728,25.539404,21.819502,20.40885,16.254665,19.956303,14.348937,17.08493,16.343796,17.262278,19.131699,20.681234,23.936916,24.032259,21.53448,22.002584,20.103682,20.101585,16.615965,21.04664,16.35218,20.630177,23.000492,20.803776,17.77975,16.68214,11.878291,9.19029,6.9588747,5.1032495
16,20.294392,17.512709,14.014557,11.433634,10.389636,5.3275676,8.480091,5.2031407,8.065542,10.215161,12.152995,16.974833,12.873688,10.78079,7.09606,4.5251207,0.0,4.630513,6.8654346,10.294157,13.635307,16.857557,18.559063,22.54395,23.32278,22.477833,18.781883,15.439405,11.826473,10.67499,7.8641453,8.946493,10.355736,9.759377,13.851207,15.165234,17.761826,18.86581,15.9021,15.462543,14.938045,15.087698,16.299728,14.903249,19.942327,21.40712,24.167948,27.230564,30.425097,31.959906,29.105452,30.609478,35.066517,35.386345,33.493034,32.440636,28.758831,24.700634,22.579296,19.444572,18.18029,17.402887,14.158743,16.088923,8.405836,12.143903,10.911098,8.347173,12.085726,12.3919935,14.146333,15.40935,10.350959,14.633346,13.246064,13.973837,17.138317,16.966074,21.90997,21.51489,25.537422,28.819962,24.900232,23.51008,19.300703,22.738123,17.118673,18.937956,17.931833,17.843302,19.526278,20.231722,24.007729,24.749752,22.680515,23.632622,22.606792,22.723122,19.936193,24.524221,20.074959,24.37439,26.687193,24.747381,21.79268,20.619034,15.756531,13.173605,10.085095,8.28336
17,19.168226,15.728983,13.0539255,9.363064,7.4889812,5.2951865,4.8619785,5.3798947,6.754768,11.341885,12.4886055,17.768215,15.202702,13.128136,10.478751,6.291304,4.630513,0.0,4.9288707,6.8135376,10.875707,13.9059105,15.473368,19.155079,19.414375,18.5633,14.370417,11.710291,7.9332685,8.191686,5.8147554,9.444419,12.1866665,13.161002,16.785881,18.788483,20.83372,21.3303,17.629126,16.467308,14.8483095,14.378473,13.814456,12.253214,16.411953,17.66322,20.482906,23.377192,26.992079,28.02303,25.000286,27.17674,31.337408,31.262466,29.52298,28.235596,24.491295,20.515772,18.199823,14.884224,13.818841,12.962733,9.975006,12.61042,5.120663,10.440704,10.8510275,10.011933,13.868224,15.836091,16.047066,16.887724,10.762924,14.942992,13.494412,12.728558,15.881388,14.606988,19.87835,18.87572,22.92939,25.946045,21.807701,20.475178,16.414225,19.774788,14.742759,16.273396,16.104149,15.8309555,18.252579,18.87678,22.206625,23.176672,20.29793,22.271765,21.220577,20.438444,18.383871,22.160048,18.083765,22.11602,24.283525,22.9232,20.08523,19.51499,14.170651,12.960153,8.887359,9.323696
18,15.138959,11.7336,9.9226,5.527187,5.8919487,4.3257203,7.640542,9.781505,11.609289,15.9588175,16.950718,22.134733,19.222002,16.711807,13.9187565,10.093563,6.8654346,4.9288707,0.0,4.18117,6.780529,10.0230465,11.881153,15.882496,17.045185,16.667486,13.358073,10.142756,7.868397,6.8640776,7.8728437,8.234326,13.735472,13.381306,17.637226,19.460136,20.819103,21.51508,17.468735,16.994858,14.191792,15.376428,14.2072735,14.267605,17.421865,20.263794,22.341928,25.76806,29.756012,30.278114,26.719852,29.078783,33.18822,32.61211,30.300955,28.843292,25.382225,20.963541,19.154606,15.0670395,16.24121,14.780641,12.682816,14.869494,8.167072,13.44721,12.476013,12.186938,14.9692135,16.90615,18.057043,19.824661,14.275827,19.082802,18.190538,17.511139,20.755066,19.141558,24.49204,22.95996,27.068626,29.797092,25.415924,23.712154,19.583605,22.1193,17.044573,17.246773,16.454653,14.9972515,16.929752,16.558594,20.347782,21.987991,19.932758,22.1763,22.270441,21.995314,20.77507,25.151598,21.544924,25.828915,28.145756,27.25174,24.319523,24.280107,18.653673,17.777811,13.787775,13.929607
19,13.9830065,9.998168,9.358886,4.2944965,3.85368,6.931459,6.9826603,11.625247,12.929448,18.034882,18.879677,24.179476,22.001083,19.72155,17.021318,12.957654,10.294157,6.8135376,4.18117,0.0,4.806008,7.2283015,9.560438,13.073137,13.791503,13.826627,9.627845,8.182193,6.8375206,7.7901926,9.672321,11.489503,17.065847,17.420372,21.41749,23.47642,24.684679,25.096626,20.774271,19.893198,16.507463,17.214462,14.476554,14.548821,16.275131,18.775204,20.829922,23.86587,28.296684,28.118023,24.402906,27.686672,31.306122,30.13378,28.061468,26.220675,22.752031,18.512499,16.493832,11.792385,13.744971,11.746325,10.4779215,12.546303,7.728246,12.983021,12.993261,14.009159,16.561272,19.650787,19.631561,21.154251,15.345992,19.961573,19.383127,17.860565,21.101366,18.9282,24.217756,22.44267,26.355518,28.783424,24.383095,22.91666,19.19634,21.539324,17.37723,17.174562,17.22989,15.505564,17.986479,17.344137,20.582544,22.541515,19.841417,23.076208,23.220041,22.126287,21.642565,25.056107,21.908438,25.708595,27.751562,27.31443,24.64138,24.843645,19.284184,19.183764,14.838348,16.019741
20,12.395908,8.476245,10.210883,5.336352,7.687608,10.253731,11.787763,16.005548,17.072115,22.175217,22.552267,27.74013,25.62925,22.914488,20.655716,16.456713,13.635307,10.875707,6.780529,4.806008,0.0,3.5858288,5.452168,9.385289,11.271593,11.69915,9.735995,7.366366,8.410144,8.154883,12.132795,11.893602,18.74294,18.67489,22.603243,24.695675,25.12554,25.424297,20.873339,20.37568,16.084404,17.935162,14.709807,16.238342,16.939983,21.003338,22.115513,25.722826,30.253653,29.752493,25.61875,28.67625,32.2594,30.767815,28.02945,26.199554,23.216074,18.66105,17.496283,12.784855,16.865196,15.021059,14.591153,16.743732,12.532936,17.670708,17.138529,18.062485,20.141829,22.797247,23.566988,25.495594,19.937296,24.69114,24.014896,22.522985,25.552696,22.973673,28.288885,25.86266,29.81726,31.912485,27.334106,25.408558,21.693607,23.105816,19.072886,17.655977,17.190374,14.481484,16.399513,14.793098,18.09923,20.658682,18.809223,22.248796,23.447428,22.833681,23.172842,27.073198,24.464449,28.48313,30.709627,30.757214,27.964405,28.852623,22.965399,23.278477,19.1031,20.18597
21,10.9374485,7.0600295,10.486204,6.8177233,9.144844,12.928681,13.8664875,18.814466,19.975416,25.203835,25.700705,30.930002,28.931051,26.343647,23.863453,19.773294,16.857557,13.9059105,10.0230465,7.2283015,3.5858288,0.0,4.560918,7.350562,9.602284,11.041679,9.256525,9.001592,10.99894,11.415138,15.45222,15.4213915,22.31411,22.179295,26.154667,28.196259,28.542473,28.840588,24.256046,23.766586,19.25261,21.0971,17.25615,18.910921,18.620968,22.516144,23.445063,26.72934,31.525402,30.414125,26.16406,29.877096,32.994423,30.921204,28.28483,26.127127,23.35734,19.060656,17.982655,12.955547,17.822445,15.560793,15.855404,17.401186,14.611068,19.208427,18.744246,20.325304,21.953362,25.141788,25.473185,27.48109,22.109518,26.850508,26.55051,24.801922,27.905525,25.196808,30.380434,27.923521,31.68445,33.553055,29.039988,27.293798,23.914242,25.089293,21.68387,19.937475,19.827478,16.88856,18.811079,16.79831,19.669502,22.55498,20.676668,24.614635,26.054104,25.113298,25.938046,29.319027,27.036856,30.741274,32.777317,33.085384,30.469194,31.397135,25.65127,26.177559,21.872593,23.19857
22,14.948837,11.391422,14.790066,10.508509,12.551654,15.642308,16.199339,20.747986,20.957098,26.444628,26.088049,31.100298,29.818768,26.880203,25.419586,20.792353,18.559063,15.473368,11.881153,9.560438,5.452168,4.560918,0.0,4.218488,6.869651,7.6270385,8.80835,6.911783,10.33686,10.464739,15.294936,15.018469,21.920828,22.506136,25.8306,28.27203,28.009354,27.795311,23.000406,22.280561,17.289106,19.216244,14.775672,17.32877,16.119572,21.206821,21.261347,25.099304,29.728365,28.644466,24.17758,27.25657,30.462461,28.486174,25.252556,23.368822,21.009882,16.480156,16.270168,12.075511,18.124712,16.708084,17.362822,19.965904,16.997189,22.167389,22.257307,23.38133,25.522884,28.237541,28.906235,30.671711,24.89688,29.36959,28.397308,26.396917,28.959007,25.631905,30.77247,27.519115,31.29722,32.812912,28.175293,25.947865,22.656727,22.964987,19.914335,17.297546,17.108744,13.782437,15.577886,13.329892,15.629735,18.696478,17.028814,21.23331,23.190514,22.384373,23.941292,27.446667,25.760687,29.541437,31.739895,32.566555,29.873072,31.672884,25.635662,26.909151,22.875061,24.565733
23,16.881433,13.662674,17.778025,14.001058,15.73114,19.511911,19.297287,24.325329,24.249437,29.942877,29.39546,34.340557,33.51532,30.629519,29.32382,24.586767,22.54395,19.155079,15.882496,13.073137,9.385289,7.350562,4.218488,0.0,4.0730085,6.153811,9.159051,9.36744,13.340852,14.110035,18.830923,19.000887,25.710402,26.611357,29.736477,32.30246,31.861126,31.437948,26.587242,25.687244,20.551329,22.194532,17.073578,19.74952,17.203121,22.19329,21.724455,25.244253,30.002726,28.237856,23.665207,27.21906,29.813116,27.213953,23.956377,21.815598,19.969046,15.898562,16.1731,12.381607,19.296717,17.92604,19.376017,21.819952,20.10114,24.970304,25.467894,26.994188,29.034983,32.117283,32.381012,34.027363,28.21417,32.495975,31.593386,29.215408,31.590302,27.919243,32.81658,29.269184,32.767292,33.86121,29.337381,27.194235,24.41766,24.174364,22.102674,19.040369,19.372519,16.025324,17.843195,15.452233,16.720327,19.956194,18.157011,22.925726,25.100708,23.857176,26.141766,28.918087,27.845617,31.193449,33.184658,34.492523,32.017643,34.165752,28.263504,30.039705,26.007975,28.108053
24,19.631453,16.089092,19.683517,15.632853,16.423723,20.64942,19.033825,24.337616,23.648092,29.550362,28.708733,33.523678,33.40149,30.694347,29.732908,24.797386,23.32278,19.414375,17.045185,13.791503,11.271593,9.602284,6.869651,4.0730085,0.0,3.3886518,6.8781385,8.906004,12.858969,14.669491,18.812208,20.293316,26.322369,28.02429,30.846018,33.679012,33.41139,32.71521,27.79835,26.371904,21.436726,22.112648,16.342402,18.531687,15.005364,19.35242,18.739885,21.83097,26.684217,24.538525,19.984571,24.060322,26.253084,23.378262,20.421236,18.04382,16.180227,12.453552,12.753963,9.4339695,16.732512,15.737425,17.783371,20.522247,19.829025,24.519623,25.899685,27.612648,29.98801,33.399094,33.022076,34.20651,28.15174,31.960356,30.88345,28.043333,30.056662,26.032448,30.621647,26.854584,30.072256,30.855484,26.471334,24.510433,22.230122,21.787369,20.64603,17.665817,18.874428,16.047493,18.492905,16.785795,17.306301,20.146975,17.306894,22.608322,24.237427,22.198828,24.818665,26.627623,25.971745,28.805304,30.547585,32.19632,29.978529,32.38877,26.731398,29.082035,25.15351,27.835615
25,21.731335,17.961683,20.987139,16.379446,16.922113,20.546003,18.69163,23.483843,22.193792,28.099005,26.75735,31.3568,31.698563,28.882433,28.561274,23.414389,22.477833,18.5633,16.667486,13.826627,11.69915,11.041679,7.6270385,6.153811,3.3886518,0.0,6.9184394,7.1846356,11.223985,13.0440445,17.034168,18.805698,24.332693,26.607437,28.973314,32.02901,31.623095,30.634941,25.713438,24.005518,19.15914,19.43279,13.435327,15.815163,11.894442,16.90328,15.878373,19.458748,24.095577,22.343218,17.724737,21.120838,23.677431,21.27469,17.942732,15.932312,14.011094,9.817055,10.635818,8.296732,15.604052,15.371723,17.217625,20.719522,19.483995,24.506414,26.204618,27.497576,30.293734,33.35239,33.14911,34.10144,27.815512,31.379473,29.816778,26.922306,28.553238,24.268381,28.80587,24.642511,27.915361,28.609507,24.145494,21.864368,19.562153,18.737104,17.745655,14.498056,15.876053,13.251707,15.907054,14.667034,14.761937,17.306189,14.066369,19.495308,21.01197,18.906612,21.756487,23.610098,23.186104,26.090616,27.96734,29.787315,27.502838,30.353182,24.596361,27.318186,23.662804,26.508648
26,19.074314,14.98852,16.85623,12.577235,11.783976,16.36769,13.048048,18.676199,17.87782,23.799553,23.331854,28.247463,28.171658,25.945011,24.658297,19.895578,18.781883,14.370417,13.358073,9.627845,9.735995,9.256525,8.80835,9.159051,6.8781385,6.9184394,0.0,6.740753,8.716826,12.027475,14.646262,18.012087,23.079184,25.177765,28.141956,30.939049,31.506466,30.997452,26.228563,24.423597,20.293404,19.8367,14.395348,14.855482,12.509892,14.764341,15.715865,18.11465,23.173872,21.464537,17.303968,22.054247,24.521322,22.166754,20.308525,17.838713,14.684214,10.9980545,9.217584,3.9657502,10.271742,8.932338,10.94283,13.897212,13.79623,18.182602,20.3799,22.25077,24.959496,28.752804,27.54882,28.240488,22.076729,25.493225,24.507696,21.452482,23.569677,19.775188,24.378235,21.248777,24.49639,25.742218,21.406101,20.029293,17.645908,18.542864,17.119598,15.648426,17.521986,15.738816,19.016905,18.383743,19.609669,21.718674,17.703102,22.712347,22.946672,20.249855,21.759209,22.997862,21.577389,24.185314,25.715975,26.801794,24.715717,26.388132,21.062494,23.192015,19.134048,22.131119
27,19.526728,15.447175,16.858326,11.6019535,11.840175,14.182452,12.852832,16.778732,15.628118,21.379066,20.256285,25.07035,24.781061,21.900805,21.463633,16.312738,15.439405,11.710291,10.142756,8.182193,7.366366,9.001592,6.911783,9.36744,8.906004,7.1846356,6.740753,0.0,4.309119,6.0615344,9.983491,12.113946,17.526691,19.739115,22.31695,25.284002,25.348383,24.642387,19.786676,18.105251,13.663493,13.857468,8.770784,10.596694,9.729928,14.71713,15.059952,19.155394,23.517544,23.163038,18.927362,21.423216,25.140617,24.002863,21.009823,19.531736,16.58373,11.787461,11.157777,7.891636,12.92038,12.715674,12.983475,17.023453,13.633004,19.235542,20.592722,21.168743,24.327494,26.8214,27.064835,28.024376,21.68874,25.42262,23.614033,21.255827,23.171692,19.413147,24.481007,20.865162,24.727793,26.294271,21.590685,19.193277,15.763218,16.29186,13.166005,11.046667,11.674886,9.411079,12.514619,12.053066,13.90962,15.904176,12.56779,16.904985,17.653069,16.179573,17.430584,20.641638,18.8707,22.649,24.921381,25.772312,23.053825,25.243973,19.139978,21.081139,17.363848,19.728949
28,20.266335,16.180035,16.154095,10.930835,10.197658,11.485604,9.582392,12.739269,11.331694,17.07309,16.073368,21.01685,20.58162,17.858612,17.405418,12.21033,11.826473,7.9332685,7.868397,6.8375206,8.410144,10.99894,10.33686,13.340852,12.858969,11.223985,8.716826,4.309119,0.0,4.1932907,6.083745,10.003593,14.372327,16.938276,19.524927,22.461996,23.11511,22.560831,17.932863,16.032265,12.525346,11.84149,7.9747133,8.088416,9.662624,13.2574625,14.683318,18.516956,22.584654,22.962309,19.205784,21.38399,25.457382,24.962744,22.497524,21.22979,17.82531,13.329136,11.833301,8.88876,11.180408,11.241406,10.359254,14.7552595,10.286843,16.024511,17.620695,17.74672,21.311844,23.586798,23.708668,24.380106,17.958403,21.4875,19.434458,17.256216,19.223349,15.803384,21.055336,17.930462,22.002308,24.063595,19.400625,17.200474,13.32008,14.994463,10.907391,10.381319,11.009401,9.950161,13.214116,13.681235,15.998232,17.285885,13.666741,17.106747,16.804905,15.326132,15.300006,18.734102,16.09807,20.11075,22.447153,22.66228,19.818502,21.466988,15.333032,16.857803,13.116016,15.442842
29,19.93447,16.18565,16.079288,10.90822,11.322291,10.882129,11.500155,13.216408,12.350418,17.374638,16.327312,21.110811,19.974026,16.763432,16.523703,11.45064,10.67499,8.191686,6.8640776,7.7901926,8.154883,11.415138,10.464739,14.110035,14.669491,13.0440445,12.027475,6.0615344,4.1932907,0.0,5.267594,6.1625867,11.747883,13.690994,16.361563,19.238886,19.496243,19.046736,14.322815,12.939321,9.042383,9.846575,7.590725,9.033779,11.758934,16.481514,17.426203,21.818853,25.48182,26.313585,22.542746,23.731745,28.21183,28.07394,25.069075,24.1498,21.053513,16.321856,15.471769,12.776371,15.264534,15.250748,13.93391,17.951357,12.1347275,17.990562,18.493986,17.864433,21.293116,22.625652,23.925573,25.039427,18.944168,22.837578,20.65138,19.256792,21.293093,18.354542,23.646873,20.604383,24.829111,27.029545,22.370071,19.788084,15.554441,16.892704,11.793829,10.876611,9.8111315,8.190534,10.580391,10.868801,14.0826845,15.404399,13.087105,15.497501,15.893362,15.788354,15.415084,20.313417,17.484755,22.106909,24.783476,24.748156,21.610453,23.262514,16.969938,17.829124,14.455579,15.728852
30,22.837658,19.163565,17.645037,13.02812,12.093337,10.280345,9.763723,9.370989,7.527851,12.300238,11.07426,15.956527,14.940086,11.923384,12.193315,6.8603497,7.8641453,5.8147554,7.8728437,9.672321,12.132795,15.45222,15.294936,18.830923,18.812208,17.034168,14.646262,9.983491,6.083745,5.267594,0.0,6.7548575,8.676624,11.840864,14.062133,16.99429,18.178528,17.773705,13.648617,11.690749,9.975988,8.647291,8.5748625,7.2464795,12.337348,15.026538,16.979174,20.817064,23.9341,25.56989,22.471674,23.252645,27.941628,28.50875,26.169199,25.481974,22.033035,17.835869,16.317095,14.363545,14.157215,14.70918,12.38321,16.556639,10.132986,15.500987,16.583273,15.230366,19.277796,20.225933,21.184008,21.656889,15.545321,18.751902,15.976526,14.85825,16.62857,14.202998,19.432535,17.024433,21.315876,23.991873,19.584484,17.325214,12.872284,15.448013,9.720418,11.079815,10.490033,10.864028,13.343614,14.815008,17.687954,18.07469,15.161285,16.630527,15.43642,15.080545,13.072728,17.860373,14.091185,18.795975,21.46555,20.675837,17.460047,18.491507,12.321165,12.659246,9.614727,10.821681
31,21.459898,18.455494,17.317764,13.145113,14.083951,10.868515,14.093741,13.192132,13.146307,16.401075,15.637452,19.89615,17.493448,13.909255,13.883867,9.842457,8.946493,9.444419,8.234326,11.489503,11.893602,15.4213915,15.018469,19.000887,20.293316,18.805698,18.012087,12.113946,10.003593,6.1625867,6.7548575,0.0,7.5024533,7.8532305,10.853927,13.398274,13.619309,13.710149,9.337957,9.166778,6.673232,9.274217,10.966109,12.157842,16.568605,21.056604,22.12203,26.632912,29.66899,31.277504,27.820492,27.987795,32.899235,33.399776,30.251085,29.719173,26.708544,22.039017,21.291824,18.84162,20.310368,20.287102,18.16015,21.64553,14.488397,19.793104,19.04429,17.11528,20.351753,20.015009,22.885658,24.351736,19.081205,23.044558,20.714767,20.58341,22.656412,20.778559,25.90595,23.517164,27.812822,30.407742,25.971725,23.310654,18.806107,20.415854,14.385986,14.257074,11.648442,10.684945,11.248834,11.827484,15.882678,16.639603,15.995729,16.272236,16.749218,18.27282,16.63551,22.866812,19.446735,24.53506,27.465343,26.689228,23.315584,24.389366,18.405933,17.911608,15.361599,14.913763
32,28.066868,25.092909,22.951889,19.204493,19.016277,14.872185,16.824467,13.231539,11.918425,12.836901,11.0197,13.912724,11.888584,8.004245,10.923639,8.184897,10.355736,12.1866665,13.735472,17.065847,18.74294,22.31411,21.920828,25.710402,26.322369,24.332693,23.079184,17.526691,14.372327,11.747883,8.676624,7.5024533,0.0,6.0173764,5.655668,9.007099,10.238374,9.816812,7.104635,5.8998446,8.529891,8.036056,13.034457,12.357625,18.38099,21.366665,22.796352,26.936495,28.837976,31.64641,29.030695,27.877443,33.13582,34.76832,32.05139,32.107437,29.025078,24.933226,24.024626,22.811037,22.231312,23.107494,20.374002,24.069584,16.927513,21.219633,21.09132,18.06623,21.831217,20.24961,23.202293,23.75552,19.078032,21.627636,18.264736,18.916739,19.938541,18.880854,23.213724,21.373308,25.434422,28.30383,24.4321,21.869865,17.513872,19.62636,13.40375,15.182906,12.679409,13.995381,14.426411,16.6261,19.731133,19.070156,18.1423,16.66619,15.335172,17.406454,13.871179,20.445606,16.469925,21.562963,24.585718,23.038736,19.622711,20.41329,15.263509,14.131288,13.501472,12.210665
33,25.715158,23.477299,20.91816,18.211056,18.771643,13.592754,17.846996,14.085071,14.85936,15.110019,15.106922,18.10224,13.959639,10.675065,10.849544,9.893041,9.759377,13.161002,13.381306,17.420372,18.67489,22.179295,22.506136,26.611357,28.02429,26.607437,25.177765,19.739115,16.938276,13.690994,11.840864,7.8532305,6.0173764,0.0,5.167167,6.102381,8.070222,9.756131,8.130291,9.595789,11.232537,13.099873,17.33333,17.345695,22.965162,26.273552,27.865412,32.00712,34.346775,36.76794,33.86775,33.34488,38.50422,39.684822,36.832657,36.57211,33.427113,29.027231,27.988073,25.771423,25.673822,25.711163,22.800665,25.58311,17.905344,21.795675,20.09691,16.70698,19.55989,16.949965,21.333376,22.79333,19.092993,22.43462,20.07441,21.524763,23.442236,23.119678,27.637148,26.441656,30.536587,33.607235,29.69165,27.351898,22.908218,25.177479,18.88133,20.077038,17.224316,17.39647,17.187408,18.284487,22.234314,22.234285,22.249058,20.892838,20.578688,22.924107,19.784456,26.334076,22.253616,27.276806,30.186901,28.361197,25.026148,24.93806,20.074905,17.803633,16.665133,14.168871
34,30.623386,28.201897,25.878168,22.780903,23.121885,18.240314,21.498016,17.315922,16.866156,16.401394,15.161113,16.822649,13.830038,10.473881,13.216566,12.452386,13.851207,16.785881,17.637226,21.41749,22.603243,26.154667,25.8306,29.736477,30.846018,28.973314,28.141956,22.31695,19.524927,16.361563,14.062133,10.853927,5.655668,5.167167,0.0,3.8160288,4.9698954,5.608832,5.908236,7.3174167,11.244247,12.262883,17.855421,17.772211,23.598625,26.906935,28.113173,32.37847,33.993332,37.036976,34.463715,32.806694,38.185493,40.03385,37.07089,37.306175,34.390194,30.213287,29.521826,28.18767,27.827017,28.521738,25.67249,28.98323,21.542624,25.406588,24.371609,20.811611,23.95649,21.014671,25.223934,26.125408,22.496567,24.99826,21.906384,23.370098,24.395578,23.992413,27.985437,26.516914,30.421356,33.331734,29.675573,27.081854,22.849543,24.68027,18.585587,20.02108,16.895657,17.933922,17.266317,19.171558,22.462713,21.631865,22.015806,19.440363,18.693953,21.778784,18.214441,25.096172,21.2998,26.290092,29.33205,27.524336,24.189701,24.651024,20.186089,18.350254,18.316534,16.0403
35,31.42127,29.41975,26.712748,24.27778,24.751587,19.395475,23.365065,18.753874,19.084856,17.797215,17.378159,18.713913,14.700699,11.990157,13.766879,14.315003,15.165234,18.788483,19.460136,23.47642,24.695675,28.196259,28.27203,32.30246,33.679012,32.02901,30.939049,25.284002,22.461996,19.238886,16.99429,13.398274,9.007099,6.102381,3.8160288,0.0,4.4610534,7.0331545,8.900053,10.999507,14.623067,16.046911,21.477938,21.33722,27.21825,30.324617,31.74505,35.880524,37.529396,40.575195,38.028133,36.54206,41.897667,43.699303,40.799026,40.94395,37.94948,33.72818,32.887188,31.226551,30.69599,31.10813,28.068872,30.899412,23.332844,26.68345,24.993006,21.130678,23.750029,19.969585,24.868687,26.011185,23.239702,25.732615,23.05587,25.104017,26.371038,26.573414,30.442532,29.508118,33.34105,36.420082,32.89039,30.49828,26.280947,28.354141,22.240217,23.758257,20.628454,21.430983,20.602303,22.152754,25.687145,25.018072,25.68311,23.068151,22.46587,25.583954,21.91157,28.648586,24.684586,29.548752,32.4923,30.349064,27.110785,26.945818,22.925352,20.369392,20.467226,17.502571
36,32.354553,30.345781,28.353521,25.541208,26.491348,21.545347,25.62786,21.74975,21.66817,21.226046,20.113459,21.465183,18.382185,15.275524,17.55281,17.080656,17.761826,20.83372,20.819103,24.684679,25.12554,28.542473,28.009354,31.861126,33.41139,31.623095,31.506466,25.348383,23.11511,19.496243,18.178528,13.619309,10.238374,8.070222,4.9698954,4.4610534,0.0,3.5903733,6.636759,9.678349,13.173287,15.472507,21.017797,21.746298,27.122107,31.172548,31.953485,36.531662,38.1128,41.120014,38.37228,36.38671,41.83084,43.673126,40.309975,40.666626,37.99625,33.654617,33.31559,31.876526,32.219803,32.776577,30.065968,33.303196,25.721132,29.689259,28.10205,24.528084,27.177715,23.70259,28.670876,29.981068,26.743591,29.497648,26.648909,28.246298,29.358679,28.90892,32.913967,31.262255,35.16679,37.949993,34.244736,31.434053,27.215876,28.544472,22.547287,23.293537,19.655613,20.212404,18.636066,20.096636,23.414982,22.597239,24.189812,20.985708,21.142975,24.95386,21.874884,29.066465,25.640505,30.677628,33.803,32.17723,28.836779,29.519567,25.06677,23.3087,23.20968,20.824385
