,0,1,2,3,4,5,6,7,8,9,10,11,12,13,14,15,16,17,18,19,20,21,22,23,24,25,26,27,28,29,30,31,32,33,34,35,36,37,38,39,40,41,42,43,44,45,46,47,48,49,50,51,52,53,54,55,56,57,58,59,60,61,62,63,64,65,66,67,68,69,70,71,72,73,74,75,76,77,78,79,80,81,82,83,84,85,86,87,88,89,90,91,92,93,94,95,96,97,98,99,100,101,102,103,104,105,106,107,108,109,110,111
0,0.0,3.845458,7.6116104,10.281559,12.951437,15.979095,18.49114,22.569643,26.032658,27.963043,32.398,32.832783,36.50395,36.0496,39.007343,36.11089,41.112938,38.577908,43.40763,42.659096,44.68667,47.67441,47.75204,51.55139,49.52524,47.54449,45.065716,42.923004,39.436626,39.725067,35.909027,39.730877,34.64073,40.593956,37.22789,39.213066,41.53966,38.870586,41.175327,41.752724,36.247074,36.922974,33.279263,33.599323,36.001507,37.35665,39.250774,41.594418,42.897434,40.864243,37.210594,37.9838,35.420795,33.722546,32.1729,29.876726,28.37599,29.150112,25.221727,22.348763,24.270481,23.066307,27.559755,27.260834,33.561142,32.385345,35.091053,36.488197,41.40111,41.41187,38.79945,37.173225,33.0213,33.81458,27.088385,27.9531,23.187483,21.974607,20.525316,17.017204,18.994965,22.2448,21.285522,24.446436,25.668076,29.303373,30.316,35.43192,37.84257,40.94492,44.188614,45.744083,47.793488,47.77827,46.831043,44.664146,41.54431,40.309536,35.983852,34.029926,29.85789,26.290752,23.817553,20.394783,17.004255,20.150824,23.09731,27.032394,29.099142,32.155087,35.638363,38.155704
1,3.845458,0.0,4.790317,6.6504264,9.61015,12.203115,15.067265,18.947115,22.380344,24.528933,28.807512,29.181932,32.966286,32.66265,35.727013,33.073887,38.19792,35.89885,40.853634,40.320847,42.58391,45.55284,45.995445,49.779453,48.089924,46.064117,43.88868,41.63984,37.615414,37.89568,33.82527,37.650387,32.203,38.000145,34.766815,36.525913,39.114666,36.665215,38.90502,39.545383,34.2534,35.180492,31.29101,31.919622,34.7796,35.929,38.155865,40.429565,41.909004,40.200558,36.566498,37.751198,35.18225,33.931988,32.004658,30.057362,27.909058,28.761278,24.945686,21.913452,23.30266,22.378235,26.526262,25.958122,32.33153,30.70466,33.62638,34.61049,39.71354,39.292183,36.482002,35.196762,30.882288,32.08212,25.204704,26.096167,21.552279,20.119629,18.983128,15.631937,17.206402,20.214249,18.47442,21.809021,23.14609,26.820787,27.834833,33.105103,35.428097,38.70551,41.79802,43.56686,45.44084,45.223755,44.37477,42.036926,39.003365,37.545273,33.155624,31.17824,26.835442,23.340633,20.63002,17.590912,14.217769,17.424704,20.177462,24.41804,26.34521,29.131197,32.76995,35.04194
2,7.6116104,4.790317,0.0,5.3405633,6.274089,9.387188,11.756684,15.305003,19.12196,20.68712,25.18179,26.126524,29.67812,28.989351,32.294037,29.459082,34.648674,32.53776,37.268764,37.147644,39.3044,42.542553,42.88187,46.815224,45.44473,43.782967,41.498676,38.939816,34.828533,34.65078,30.635246,33.939465,28.0411,33.804153,30.35478,32.016716,34.504147,32.099827,34.528996,35.413498,30.033026,31.455635,27.600199,28.824795,31.844364,33.346313,35.810036,38.27586,40.10648,38.60863,35.044952,36.68316,34.613266,33.354755,30.737339,28.737574,26.03991,26.489792,22.611311,20.106716,21.089117,21.415958,25.321926,25.190695,31.676308,30.097689,33.420776,34.03915,39.222015,38.449104,35.234943,33.824036,29.54026,30.354383,23.673233,23.85131,19.509373,17.437372,16.049688,12.870303,13.458615,16.661434,14.882638,18.523218,20.603327,23.74661,25.685041,30.71311,33.39743,36.788177,39.97827,41.93359,43.92828,43.20958,42.108383,39.72925,36.44293,35.28438,30.494606,28.8993,23.987383,20.889452,17.901781,15.898309,13.250104,17.057102,19.283188,24.403614,25.203295,28.071651,31.571,33.526943
3,10.281559,6.6504264,5.3405633,0.0,4.0000014,6.606225,8.753198,13.143315,15.973487,18.40831,22.563166,22.625692,26.424181,26.317379,29.299591,26.931843,32.120686,30.062717,35.20996,34.85673,37.468166,40.315487,41.330734,45.016773,43.809414,41.687645,40.039803,37.707417,32.886017,33.26289,28.837236,32.79788,27.158892,32.674232,29.87824,31.446196,34.495224,32.346325,34.20183,34.71575,29.948416,30.95376,26.710056,27.61791,31.159391,31.836302,34.537594,36.624756,38.339752,37.18675,33.66011,35.49733,32.995525,32.531322,30.035196,28.795624,25.645702,26.700794,23.335,20.062096,20.432186,19.952042,23.281483,22.335205,28.645449,26.407528,29.681225,29.98842,35.29708,34.235916,31.106424,30.256882,25.787882,27.520123,20.602045,21.509209,17.542841,15.901367,15.540686,12.860701,13.844375,15.960154,12.925182,16.273993,17.601076,21.325928,22.233002,27.64081,29.82318,33.307472,36.192112,38.239487,39.906612,39.38256,38.63765,36.105556,33.19634,31.48315,27.044853,25.05625,20.569324,17.177145,14.237133,11.809614,8.788367,12.181189,14.407173,19.342484,20.589157,23.13864,26.838743,28.803114
4,12.951437,9.61015,6.274089,4.0000014,0.0,5.5006504,5.5875206,10.387434,13.347103,15.088059,19.613188,20.16456,23.641428,23.107054,26.21595,23.57012,28.798056,26.819191,31.782923,31.72175,34.223408,37.29242,38.193317,41.997032,41.02727,39.215073,37.466927,34.892548,30.02291,30.029793,25.655418,29.22575,23.300114,28.837584,25.91908,27.505968,30.503704,28.350636,30.255533,30.885048,26.078981,27.385635,23.151121,24.516356,28.195482,29.137623,32.024677,34.261375,36.26282,35.29017,31.850803,34.060642,32.019417,31.551428,28.497473,27.268633,23.66661,24.407272,21.1099,18.29702,18.224785,18.87436,21.893488,21.405731,27.720905,25.636837,29.235668,29.261122,34.561394,33.261185,29.79108,28.734503,24.364416,25.628653,18.997084,19.183857,15.481544,13.258924,12.78734,10.503146,10.531705,12.557048,9.34604,13.004841,15.059148,18.26224,20.074068,25.197233,27.746195,31.292564,34.302887,36.473408,38.300346,37.346058,36.33484,33.81053,30.639015,29.276913,24.46417,22.86498,17.849644,14.841106,11.681574,10.410852,8.563866,12.44134,13.985491,19.677395,19.638636,22.381865,25.806736,27.532665
5,15.979095,12.203115,9.387188,6.606225,5.5006504,0.0,6.0338206,7.1653147,10.76102,13.490338,17.06416,17.677763,21.718086,21.743216,25.378832,23.647032,29.095037,27.90266,32.92474,33.449677,36.319565,39.301445,40.805874,44.510902,44.110836,42.27322,41.011696,38.356266,32.84693,32.77116,28.165947,31.397375,24.721338,29.601501,26.85809,27.623613,30.982166,29.457127,31.482586,32.47613,28.16017,30.186934,25.80905,27.804262,31.950296,32.627823,35.85104,37.915623,40.053864,39.477028,36.158607,38.649715,36.536285,36.489777,33.345734,32.404896,28.500717,29.231606,26.127937,23.438795,22.944134,23.664824,26.148321,25.172743,31.169046,28.398083,31.991007,31.415312,36.833683,34.866932,31.281834,31.08089,26.596598,28.71651,22.243807,22.60768,19.640001,17.38733,17.384466,15.620521,14.847105,16.282171,11.743751,15.370107,17.518835,20.45116,22.06131,27.24414,29.384405,33.146503,35.675327,38.19312,39.528244,38.296337,37.61242,34.756664,31.949636,30.005432,25.290611,23.648993,18.483227,16.011095,12.34675,12.693382,11.208481,13.967137,14.83903,20.248327,20.520006,22.094934,25.943466,26.939848
6,18.49114,15.067265,11.756684,8.753198,5.5875206,6.0338206,0.0,6.536881,8.092945,9.874261,14.338047,14.703634,18.063948,17.62364,20.730616,18.398693,23.73125,22.15039,27.229736,27.517874,30.35404,33.321777,34.80229,38.486423,38.1019,36.3103,35.107372,32.440533,26.823103,26.804876,22.15336,25.622688,19.445564,24.502031,22.11626,23.395462,26.87375,25.141705,26.60346,27.146366,23.062963,24.567724,20.079988,21.921104,26.239902,26.728813,30.066889,32.086807,34.34167,33.975883,30.780512,33.587044,31.777815,32.00406,28.500765,27.95128,23.601786,24.395687,21.782656,19.167252,18.010971,19.323168,21.175293,20.469278,26.289932,23.728989,27.579075,26.834417,32.156147,30.160908,26.342672,25.764183,21.435266,23.106195,16.98017,16.890165,14.428657,12.057257,12.601557,11.802252,10.725709,11.02083,5.9280267,9.35645,11.68246,14.421938,16.435183,21.406836,23.838234,27.56742,30.310863,32.794937,34.40169,32.990486,32.034084,29.309483,26.244879,24.702772,19.75042,18.345028,12.943033,10.518945,6.887516,8.207532,8.420034,11.4130945,11.555281,17.661245,16.32117,18.620827,21.888344,23.06704
7,22.569643,18.947115,15.305003,13.143315,10.387434,7.1653147,6.536881,0.0,5.1740723,6.9523363,10.252916,12.028344,15.670227,15.328128,19.525827,18.172842,23.663303,23.310394,27.933163,29.345842,32.287025,35.40944,37.237106,40.91842,41.327423,39.93317,38.99332,36.04066,30.09611,29.469967,24.938364,27.219418,19.860086,23.922327,21.421701,21.4892,25.153603,24.24873,26.16418,27.484207,23.87659,26.729439,22.43972,25.455925,30.014961,30.708874,34.34551,36.369778,38.942497,38.974937,35.99704,39.15128,37.6657,37.996014,34.162827,33.60444,29.020834,29.384457,26.842325,24.905813,23.488377,25.544825,27.010735,26.345388,31.77134,28.900145,32.789497,31.429958,36.691635,33.99301,29.943134,30.019703,25.870941,27.789177,22.354158,21.822252,20.173813,17.523909,17.914072,17.440895,15.191665,15.394173,10.328279,13.319246,16.240353,17.719254,20.386328,24.751045,27.024021,30.864307,33.14663,36.019867,37.232975,35.149647,34.29002,31.296562,28.44541,26.721289,21.704811,20.81802,15.095033,14.189327,10.531531,13.96912,14.488797,16.690933,16.117512,21.769,20.15919,21.167213,24.497316,24.543734
8,26.032658,22.380344,19.12196,15.973487,13.347103,10.76102,8.092945,5.1740723,0.0,4.5984282,6.8075376,7.126942,10.982969,11.333592,15.094469,14.437736,19.799973,19.721626,24.590336,25.924614,29.268448,31.976267,34.48104,37.85548,38.592354,36.946507,36.662636,33.90932,27.384653,27.165985,22.4406,25.073755,18.380405,21.7575,20.31511,20.29864,24.471094,23.904676,24.922857,25.723175,23.131231,25.434824,21.029305,23.786486,28.701355,28.625711,32.45592,34.08307,36.624844,37.123386,34.377525,37.79874,36.270374,37.27563,33.44233,33.569138,28.67852,29.381342,27.506838,25.358715,23.33809,25.160332,25.70674,24.641874,29.388094,26.125092,29.967474,28.061462,33.190174,30.02876,25.914045,26.546711,22.566826,25.05755,20.251015,19.944376,19.358704,17.206667,18.477606,18.80028,16.818052,15.746162,10.408833,11.973758,14.046218,15.233958,17.139887,21.260508,23.055584,26.918898,28.81831,31.856142,32.769657,30.550686,29.924274,26.788116,24.293083,22.173002,17.450829,16.54254,11.223807,11.082542,8.045994,12.781517,14.395642,15.498001,13.923622,19.101479,16.667017,17.071692,20.126743,19.73519
9,27.963043,24.528933,20.68712,18.40831,15.088059,13.490338,9.874261,6.9523363,4.5984282,0.0,5.212449,7.8451076,9.916253,8.635003,12.9129925,11.4957285,16.921436,17.086481,21.404985,23.334799,26.341536,29.438663,31.586153,35.133854,36.149162,35.05264,34.501896,31.451807,25.180292,24.279339,19.886496,21.56415,14.317517,17.550243,15.85725,15.730675,19.87427,19.386417,20.502754,21.591564,19.052158,21.95967,17.817501,21.335114,26.168306,26.573158,30.472305,32.306065,35.15286,35.773243,33.209995,36.883984,35.964966,36.763874,32.49058,32.514305,27.46248,27.691374,26.022903,24.633453,22.345093,25.261269,25.559729,25.196606,29.767145,27.04117,31.050558,29.11099,33.997314,30.861765,26.516714,26.620245,23.04918,24.536459,20.51331,19.199924,19.096855,16.580496,17.592226,18.495104,15.7012005,14.243817,9.838585,10.8799515,13.838987,13.612168,17.042656,20.240822,22.619707,26.344755,28.468796,31.509838,32.75147,29.99569,28.871706,25.912006,22.967035,21.701603,16.516094,16.5258,10.748528,11.755122,9.304082,14.6434355,16.813898,18.38533,16.741146,22.136553,18.611872,19.50978,21.825584,21.289738
10,32.398,28.807512,25.18179,22.563166,19.613188,17.06416,14.338047,10.252916,6.8075376,5.212449,0.0,4.943911,6.510071,6.369486,11.047979,11.722063,16.482584,17.910543,21.793728,24.317411,27.597538,30.305468,33.160603,36.353703,38.032555,36.93954,37.037994,34.093925,27.453869,26.619265,22.389912,23.580189,16.742775,18.278456,17.57855,16.343822,20.753149,21.228542,21.909176,23.078817,21.792927,24.889595,21.052282,24.668974,29.613869,29.558243,33.582207,35.080143,37.945774,39.01708,36.713005,40.57645,39.659237,40.89814,36.649208,37.03267,31.870678,32.185265,30.842365,29.454184,26.946152,29.666893,29.458187,28.743273,32.697235,29.561554,33.39537,30.890581,35.562195,31.82166,27.52245,28.461733,25.18034,27.274147,23.920012,22.854094,23.43148,21.23402,22.54425,23.593569,20.880756,19.17706,14.819999,15.272665,17.494238,16.875025,19.517447,22.125372,23.817545,27.44669,28.868097,32.163578,32.83544,29.702742,28.944519,25.7863,23.493855,21.756975,17.273726,17.514677,12.822625,14.711361,12.894736,18.419897,20.696442,21.495821,19.355965,23.914402,20.334032,19.998203,22.086609,20.532288
11,32.832783,29.181932,26.126524,22.625692,20.16456,17.677763,14.703634,12.028344,7.126942,7.8451076,4.943911,0.0,4.668341,7.1735063,10.0645485,11.739263,16.142658,17.317163,21.821844,23.591234,27.35292,29.427927,32.93784,35.771606,37.338436,35.63888,36.33855,33.801907,26.717793,26.735523,22.204933,24.473373,18.822906,20.306696,20.468891,19.738419,24.292452,24.605719,24.561745,24.96836,24.157446,26.187677,22.128086,24.838118,29.950703,29.03851,33.052715,34.1227,36.69411,37.94622,35.688362,39.481678,38.137024,39.921707,36.040173,36.920315,31.77464,32.630634,31.581268,29.582283,26.949986,28.762882,28.126482,26.759686,30.243727,26.612488,30.212193,27.412249,32.04691,28.045414,23.923779,25.566175,22.258392,25.304686,22.045097,21.775742,22.72267,21.155903,23.069983,24.186779,22.220718,20.120924,15.451242,15.298503,16.27245,16.290792,17.270086,20.137356,21.029003,24.687569,25.68225,29.036463,29.296669,26.514658,26.279861,22.934586,21.248526,18.624695,14.842665,14.455395,10.894437,12.721884,11.596126,16.818699,19.287771,19.12932,16.53363,20.22891,16.744413,15.623604,17.735264,15.9147835
12,36.50395,32.966286,29.67812,26.424181,23.641428,21.718086,18.063948,15.670227,10.982969,9.916253,6.510071,4.668341,0.0,4.0407867,5.891371,8.916272,12.384454,14.472164,18.30501,20.611496,24.333908,26.26626,30.041178,32.666374,34.77984,33.398808,34.40554,31.852247,24.772614,24.551535,20.449787,21.980453,17.069061,17.270294,18.394297,17.380281,21.943909,22.694384,21.971497,22.1631,22.448904,24.414745,20.824404,23.717255,28.734919,27.6661,31.721876,32.619152,35.344997,37.00218,35.10974,39.1663,38.28488,40.269096,36.169277,37.330383,32.070812,32.75187,32.223324,30.687305,27.706913,30.037655,28.776117,27.735775,30.52362,27.19244,30.740368,27.633024,31.796778,27.565811,23.362913,24.977139,22.346659,24.857134,22.846607,22.028843,23.853512,22.41535,24.434685,26.12027,23.906267,21.264858,17.451162,16.423021,17.263428,16.045006,17.383327,18.909975,19.742485,23.092371,23.826597,27.261776,27.500278,24.079256,23.631586,20.378609,18.785667,16.66643,13.190096,13.824294,11.186014,14.24009,14.066976,19.48435,22.4659,22.260504,19.427328,22.793621,18.309107,17.23164,18.229334,15.902392
13,36.0496,32.66265,28.989351,26.317379,23.107054,21.743216,17.62364,15.328128,11.333592,8.635003,6.369486,7.1735063,4.0407867,0.0,4.999084,6.2643046,10.279136,12.410413,15.825917,18.67728,22.001081,24.494299,27.68825,30.629509,32.775475,31.895243,32.409092,29.547024,22.816359,21.928944,18.088902,18.813635,13.351045,13.506658,14.388033,13.379328,17.950459,18.657133,18.02981,18.479893,18.65722,21.100708,17.722258,21.21544,26.098213,25.598562,29.661283,30.86384,33.83889,35.40452,33.549194,37.707645,37.272697,38.896538,34.482677,35.400883,30.109373,30.400305,29.900143,28.901632,25.871233,28.973495,27.799128,27.378136,30.360142,27.583776,31.33213,28.497099,32.608532,28.709282,24.332241,25.13342,22.65212,24.145401,22.38014,20.785976,22.644032,20.884214,22.598131,24.520758,21.868784,19.156473,16.029062,14.873415,16.43354,14.361463,17.120775,18.169592,19.814629,23.08572,24.34341,27.64994,28.428982,24.738026,23.660244,20.675453,18.341911,17.283604,13.031619,14.369325,10.861304,14.224266,13.983508,19.598213,22.71594,23.150187,20.556805,24.595346,19.663744,19.53455,20.329742,18.526726
14,39.007343,35.727013,32.294037,29.299591,26.21595,25.378832,20.730616,19.525827,15.094469,12.9129925,11.047979,10.0645485,5.891371,4.999084,0.0,5.0206738,6.62045,9.411385,12.629747,15.195635,18.848959,20.669062,24.583525,27.047178,29.519482,28.45952,29.675127,27.157991,20.210724,19.842985,16.303274,17.288698,14.098416,13.145275,15.617353,15.13387,19.43287,20.15629,18.32277,17.744345,19.258957,20.490065,17.513243,20.191912,24.950727,23.627707,27.629442,28.332073,31.18806,33.2195,31.75186,36.029816,35.721718,37.873367,33.602295,35.11654,29.855253,30.398567,30.589132,29.559574,26.231663,29.047058,27.046337,26.515844,28.47165,25.772924,29.247824,26.055494,29.620731,25.496557,21.238705,22.311968,20.56716,22.048212,21.62331,20.12624,22.961412,21.849892,24.00201,26.366812,24.160053,20.867067,18.410488,16.248602,16.68389,14.077338,15.788058,15.532706,16.560781,19.436287,20.237999,23.577358,24.186352,20.171246,19.125723,16.18267,14.263357,13.338202,10.044221,12.079803,10.747614,14.717285,15.723414,20.8632,24.378408,24.21335,21.297197,24.443245,18.863209,18.538488,18.23064,16.150635
15,36.11089,33.073887,29.459082,26.931843,23.57012,23.647032,18.398693,18.172842,14.437736,11.4957285,11.722063,11.739263,8.916272,6.2643046,5.0206738,0.0,5.50429,6.2761426,10.326456,12.631599,15.95151,18.607801,21.590254,24.645712,26.560019,25.750233,26.162035,23.32132,16.60016,15.768688,11.997561,13.09213,9.471701,9.960203,11.835074,12.525977,16.667212,16.554783,14.796641,14.021849,14.69834,15.763632,12.549325,15.52985,20.327492,19.553547,23.598484,24.737917,27.791605,29.488972,27.859266,32.14724,32.1211,33.838505,29.326757,30.57699,25.302738,25.608185,25.795517,25.09757,21.74838,25.15656,23.333527,23.42536,25.82375,23.750305,27.490559,24.84455,28.56572,25.10103,20.674019,20.553682,18.68392,19.027658,18.499825,16.249125,19.02595,17.718472,19.669613,22.282557,19.95716,16.489058,14.931723,12.3958025,13.314791,9.910477,13.207155,12.901404,15.188784,18.172033,20.002357,23.043663,24.50089,20.751133,18.972868,16.3904,13.215136,13.481643,8.742807,11.133762,8.501613,12.427443,13.529735,18.453344,22.068968,22.534313,19.980818,23.875586,18.018635,19.039179,18.854841,17.891602
16,41.112938,38.19792,34.648674,32.120686,28.798056,29.095037,23.73125,23.663303,19.799973,16.921436,16.482584,16.142658,12.384454,10.279136,6.62045,5.50429,0.0,4.5584526,6.0221887,9.182048,12.452398,14.519455,18.182602,20.682087,23.446505,22.997608,24.119833,21.536116,15.102184,14.2567215,11.817582,11.732842,11.504231,9.35404,13.2743635,13.911428,17.329082,17.671501,14.543966,12.7624235,15.704632,15.781726,13.890179,16.182434,20.327066,18.961166,22.773438,23.391367,26.453318,28.779495,27.80785,32.25722,32.74404,34.85,30.386755,32.144844,27.047043,27.301544,28.289183,27.991127,24.445343,27.880907,25.258265,25.547258,26.693378,25.05023,28.396677,25.471247,28.304367,24.739431,20.608557,20.507301,19.846502,19.570011,20.940718,18.534803,22.213205,21.433521,23.480566,26.451773,24.316298,20.587343,19.889954,16.86724,17.040482,13.085829,15.504818,13.068664,14.760995,16.785637,18.066906,20.958933,22.363153,17.943163,15.791312,13.711773,10.890333,12.43144,9.542832,12.843217,12.614669,16.621672,18.433994,22.880287,26.662363,26.764303,24.054995,27.143196,20.899446,21.671642,20.377157,19.097696
17,38.577908,35.89885,32.53776,30.062717,26.819191,27.90266,22.15039,23.310394,19.721626,17.086481,17.910543,17.317163,14.472164,12.410413,9.411385,6.2761426,4.5584526,0.0,5.7478848,6.415074,10.045248,12.45897,15.6543665,18.54361,20.408285,19.59267,20.336914,17.753622,10.943673,10.615736,7.5076184,9.260171,10.37775,10.311172,13.432687,15.352488,18.48859,17.836401,14.757968,12.264333,14.229678,12.889216,10.657575,11.98651,16.271364,14.604901,18.505138,19.222767,22.286383,24.419178,23.308645,27.743576,28.222696,30.294134,25.861115,27.74128,22.687584,23.129326,24.35289,23.959349,20.358244,23.697754,20.885214,21.424475,22.542324,21.326427,24.742538,22.202065,25.085764,22.072226,17.906055,16.907495,16.30414,15.268816,16.989836,14.333473,18.315388,17.891275,20.06728,23.232489,21.543041,17.593357,17.663593,14.1422,13.785763,9.554949,12.022949,9.06906,11.61287,13.697672,15.887531,18.488361,20.579464,16.748444,14.170207,12.355302,8.4274645,10.83229,7.2534704,10.616421,10.681804,14.249567,16.572956,20.252907,24.090874,24.280088,21.799778,24.921738,18.542126,20.248793,18.835295,18.536934
18,43.40763,40.853634,37.268764,35.20996,31.782923,32.92474,27.229736,27.933163,24.590336,21.404985,21.793728,21.821844,18.30501,15.825917,12.629747,10.326456,6.0221887,5.7478848,0.0,5.2317142,6.954203,9.688727,12.53401,15.201877,18.265602,18.735977,19.53956,16.864244,11.650271,9.965689,9.680058,7.701004,11.655262,8.865993,13.338133,15.024081,17.100666,16.93586,12.771051,9.577686,13.94624,12.527228,12.352877,13.914733,16.900509,15.699514,19.055883,19.628258,22.868896,25.404387,24.99552,29.488022,30.828604,32.752903,28.188915,30.084799,25.350407,25.242998,26.985638,27.463753,23.906452,27.825312,24.802748,25.91174,26.331312,25.804525,28.906149,26.426134,28.505667,25.694578,21.931303,20.656332,20.991499,18.969078,21.859493,18.763453,22.856588,22.383165,24.153812,27.487036,25.498274,21.667614,22.480452,19.095861,19.126432,14.586551,17.388464,13.424092,15.627729,16.56785,18.312572,20.459751,22.6263,18.254366,15.144581,14.3325405,11.016914,14.638754,12.552208,16.032497,16.371607,19.928263,22.08446,25.79216,29.58763,29.948936,27.528873,30.54853,24.124792,25.68241,23.863146,23.25188
19,42.659096,40.320847,37.147644,34.85673,31.72175,33.449677,27.517874,29.345842,25.924614,23.334799,24.317411,23.591234,20.611496,18.67728,15.195635,12.631599,9.182048,6.415074,5.2317142,0.0,4.346646,6.1040773,9.691359,12.183234,14.344265,13.926861,15.221912,13.093808,7.2516456,7.5019627,7.460583,8.442563,14.127275,13.214603,16.880207,19.306938,21.358168,20.472626,16.5032,12.786962,16.045969,12.612201,12.357429,11.720763,14.3463955,11.775454,14.970302,14.990689,18.01749,20.787706,20.576048,25.033379,26.30863,28.65353,24.439066,26.90446,22.421467,22.825924,25.114119,25.246078,21.669052,24.874489,21.254564,22.342247,21.900476,21.835676,24.62428,22.35573,23.972265,21.661577,18.222157,16.310438,17.383944,14.732295,18.854687,16.047632,20.647263,20.948803,23.026567,26.467604,25.2561,21.248133,22.539713,18.725025,17.6957,13.544841,14.992795,9.953586,11.992437,12.210544,14.427058,16.087828,18.822302,15.050352,11.529403,11.376669,7.6508446,12.298576,11.186064,14.35625,16.05199,19.042105,21.851837,24.569971,28.372,28.399588,26.094337,28.48477,22.077896,24.117186,21.782742,21.923267
20,44.68667,42.58391,39.3044,37.468166,34.223408,36.319565,30.35404,32.287025,29.268448,26.341536,27.597538,27.35292,24.333908,22.001081,18.848959,15.95151,12.452398,10.045248,6.954203,4.346646,0.0,4.666945,5.7433734,8.898151,11.361436,12.414052,12.937454,10.557216,7.2829638,6.012469,8.7847185,7.5085483,15.138627,13.874739,17.390102,20.125082,21.270538,20.17331,15.911103,11.7799425,15.5700865,11.434155,12.787818,11.90784,13.027687,11.185432,13.617786,13.782029,16.984308,19.766224,20.06019,24.42581,26.511227,28.450964,24.144903,26.478487,22.422197,22.336288,25.056116,25.93927,22.52939,26.220026,22.64717,24.41244,23.73683,24.490108,27.09254,25.275002,26.42846,24.731758,21.634865,19.057974,20.523695,16.793129,21.383131,18.122057,22.535013,22.804417,24.465475,28.001278,26.720188,22.879622,25.006567,21.287395,20.599337,16.292688,18.372667,13.307169,15.598991,15.228239,17.557886,18.581266,21.643005,18.104807,14.339797,14.965958,11.581502,16.451477,15.378639,18.446302,19.724024,22.488525,25.142673,27.628162,31.314627,31.668478,29.603497,32.168747,25.847683,28.211168,25.878597,26.204884
21,47.67441,45.55284,42.542553,40.315487,37.29242,39.301445,33.321777,35.40944,31.976267,29.438663,30.305468,29.427927,26.26626,24.494299,20.669062,18.607801,14.519455,12.45897,9.688727,6.1040773,4.666945,0.0,6.0813,6.6269217,9.885287,10.187648,12.69835,11.728011,8.979399,9.820173,12.110535,12.142384,19.421398,17.841457,21.730883,24.161463,25.49542,24.668991,20.294558,16.212673,20.214191,15.929173,17.003418,15.304617,16.139013,13.059088,14.8418255,13.825216,16.348969,19.787426,20.659359,24.824797,26.773567,29.39473,25.663849,28.596445,24.85525,25.242855,28.267103,28.744928,25.347939,28.198355,24.093273,25.405703,23.56538,24.33701,26.366848,24.311232,24.598387,22.911034,20.411936,18.215166,20.586418,17.248941,22.797663,20.23114,24.968098,25.737202,27.721594,31.224699,30.338966,26.395224,28.212019,24.32499,22.927706,19.059412,19.71112,14.088656,15.118446,13.697045,15.222954,15.753277,18.651264,15.209799,11.414915,12.972133,10.783158,15.758956,16.33795,19.21846,21.800627,24.537128,27.575525,29.777521,33.511375,33.329,31.101114,32.826736,26.56853,28.56267,25.604612,25.867065
22,47.75204,45.995445,42.88187,41.330734,38.193317,40.805874,34.80229,37.237106,34.48104,31.586153,33.160603,32.93784,30.041178,27.68825,24.583525,21.590254,18.182602,15.6543665,12.53401,9.691359,5.7433734,6.0813,0.0,4.4658356,6.3998795,9.434561,9.346481,7.76304,9.113588,8.305732,12.656637,11.279798,19.62343,18.611542,21.675547,24.68877,25.077467,23.663626,19.46619,15.28807,18.769243,13.727617,16.248724,14.207827,13.172572,11.467271,12.131219,11.791745,14.616136,17.531721,18.761097,22.704924,25.657415,27.413574,23.495325,26.012196,22.863274,22.590446,25.997164,27.39592,24.320473,27.829416,24.077993,26.3515,24.827133,26.604204,28.668888,27.424007,27.696922,26.916586,24.511677,21.248077,23.471848,18.775995,24.236841,21.009083,25.272408,25.92299,27.31427,30.849247,29.945608,26.313318,29.2156,25.510283,24.612347,20.616379,22.335857,17.10143,19.133844,17.846138,20.167652,20.224707,23.645655,20.815044,16.989586,18.566956,15.739345,20.775766,20.338379,23.098078,24.695,27.019585,29.784107,31.597586,35.11301,35.52129,33.723217,35.99621,29.895144,32.602108,30.014578,30.753113
23,51.55139,49.779453,46.815224,45.016773,41.997032,44.510902,38.486423,40.91842,37.85548,35.133854,36.353703,35.771606,32.666374,30.629509,27.047178,24.645712,20.682087,18.54361,15.201877,12.183234,8.898151,6.6269217,4.4658356,0.0,5.4966745,8.688825,10.503772,10.565533,12.266603,12.5197935,16.432835,15.465719,23.694437,22.15083,25.641514,28.36334,28.789198,27.687412,23.301035,19.144976,23.088808,18.18362,20.539095,18.245434,17.137348,14.7280655,14.791636,13.448081,15.435785,18.854403,20.7125,24.324173,27.282427,29.514788,26.141415,29.065617,26.26136,26.27013,29.877308,31.05841,28.01505,30.96102,26.85936,28.816446,26.377268,28.219093,29.77224,28.387074,27.848513,27.16466,25.328606,22.41103,25.29957,20.935827,27.019615,24.256319,28.725187,29.669138,31.25849,34.778427,34.074944,30.366186,33.040745,29.22194,27.925508,24.1271,25.01413,19.446863,20.608337,18.58603,20.15787,19.710226,22.86863,20.230715,16.59799,18.85297,17.003782,21.96832,22.61127,25.302353,27.708181,30.103498,33.1029,34.818142,38.380753,38.424004,36.493908,38.17326,32.119907,34.504036,31.46599,32.07867
24,49.52524,48.089924,45.44473,43.809414,41.02727,44.110836,38.1019,41.327423,38.592354,36.149162,38.032555,37.338436,34.77984,32.775475,29.519482,26.560019,23.446505,20.408285,18.265602,14.344265,11.361436,9.885287,6.3998795,5.4966745,0.0,5.1849594,5.5661616,7.1497293,11.356664,12.497672,16.424995,16.768469,24.921953,24.688105,27.422043,30.693327,31.13355,29.389917,25.45698,21.31667,23.956139,18.219791,20.500906,17.002865,14.827017,12.179484,10.911184,9.13635,10.620963,13.856603,16.153992,19.372236,22.705736,24.78383,21.823902,24.93914,22.828356,23.024162,26.98983,28.167398,25.465246,27.932745,23.822823,26.131525,23.356813,26.044792,27.303085,26.67733,25.900835,26.21468,24.751183,20.962183,24.013872,18.857906,25.180586,22.578344,26.73977,28.097727,29.547293,32.95074,32.81778,29.316927,32.54955,28.772102,27.165258,23.899769,24.42055,19.191744,20.568926,18.365074,20.608343,19.574795,23.280464,21.694845,18.167852,20.486164,18.334078,23.1376,23.585617,25.773659,28.160448,29.882896,32.953606,33.801476,37.100353,37.224277,35.67434,37.21349,31.555672,34.533043,31.61308,32.949673
25,47.54449,46.064117,43.782967,41.687645,39.215073,42.27322,36.3103,39.93317,36.946507,35.05264,36.93954,35.63888,33.398808,31.895243,28.45952,25.750233,22.997608,19.59267,18.735977,13.926861,12.414052,10.187648,9.434561,8.688825,5.1849594,0.0,5.720605,8.350894,10.18904,13.217081,15.786971,18.052225,25.507444,25.87075,28.608843,31.883867,33.00875,31.217709,27.435894,23.306974,25.45412,19.609758,20.792095,16.59296,15.276254,11.097514,10.064601,7.0348415,7.654321,11.5998335,13.77263,17.012804,19.490768,22.465893,20.015305,23.748611,21.538258,22.555193,26.427856,26.71438,23.973234,25.395466,20.865288,22.577986,19.021173,21.662775,22.55516,21.932291,20.809826,21.38894,20.332432,16.510069,20.013828,15.212368,22.012308,20.17958,24.512014,26.364016,28.22556,31.51266,31.878283,28.276672,31.07739,27.193333,24.874905,22.243591,21.479181,16.317825,16.981411,14.3208475,16.554018,15.088181,18.968468,18.182241,14.987478,17.433832,15.715903,20.050095,21.178135,22.868946,26.033306,27.423382,30.77834,31.137186,34.38337,34.046585,32.477776,33.36369,27.976765,30.906466,27.775463,29.44218
26,45.065716,43.88868,41.498676,40.039803,37.466927,41.011696,35.107372,38.99332,36.662636,34.501896,37.037994,36.33855,34.40554,32.409092,29.675127,26.162035,24.119833,20.336914,19.53956,15.221912,12.937454,12.69835,9.346481,10.503772,5.5661616,5.720605,0.0,4.011603,9.66009,11.468067,14.756647,16.516392,23.925386,25.085083,26.96925,30.675184,31.302444,28.984798,25.65839,21.726622,22.881165,16.704927,18.501726,14.037089,11.193244,8.412651,5.8795614,4.1532454,5.9865656,8.588165,10.718359,13.997327,17.513847,19.276302,16.298449,19.498732,17.714102,18.145403,22.26342,23.315155,20.900331,23.051786,19.113543,21.831232,19.378088,22.670443,24.005676,24.098438,23.752403,24.746403,23.2461,18.672201,21.331314,15.489372,21.483381,18.937613,22.639084,24.266863,25.556608,28.800749,29.151026,25.89936,29.552288,25.930174,24.182156,21.492624,21.918873,17.430996,19.330116,17.535912,20.629032,19.56208,23.66061,22.761946,19.383287,21.235111,18.504824,22.916641,22.696331,24.368502,26.34128,27.375795,30.357151,30.455439,33.461433,33.785385,32.63344,34.308884,29.063377,32.63478,30.115438,32.08193
27,42.923004,41.63984,38.939816,37.707417,34.892548,38.356266,32.440533,36.04066,33.90932,31.451807,34.093925,33.801907,31.852247,29.547024,27.157991,23.32132,21.536116,17.753622,16.864244,13.093808,10.557216,11.728011,7.76304,10.565533,7.1497293,8.350894,4.011603,0.0,7.4447837,7.9528375,11.7190485,12.849813,20.223219,21.539137,23.156162,26.946995,27.450747,25.034534,21.828295,17.994904,18.913214,12.735043,14.827196,10.763828,7.785231,6.080487,4.7748837,5.517656,8.741056,10.535007,11.529745,15.347405,18.716871,19.896221,16.01568,18.589233,16.089182,15.994126,19.893387,21.342772,18.728033,21.85373,18.307598,21.31161,20.01162,22.860958,24.835514,24.712025,25.201876,25.636292,23.469969,18.969482,20.912752,15.005763,20.26017,17.05228,20.67217,21.820047,22.912718,26.268879,26.177792,22.917738,26.72034,23.186115,21.988503,18.869545,20.344528,16.05153,18.716291,17.646915,21.056269,20.648315,24.70017,23.15928,19.575367,20.909065,17.532162,22.056257,20.950558,22.8755,24.055496,25.265879,27.983446,28.514751,31.588982,32.28109,31.11184,33.451077,27.978197,31.62155,29.463436,31.231207
28,39.436626,37.615414,34.828533,32.886017,30.02291,32.84693,26.823103,30.09611,27.384653,25.180292,27.453869,26.717793,24.772614,22.816359,20.210724,16.60016,15.102184,10.943673,11.650271,7.2516456,7.2829638,8.979399,9.113588,12.266603,11.356664,10.18904,9.66009,7.4447837,0.0,4.789507,5.6200566,9.526802,15.724932,17.221441,19.295681,22.75179,24.390432,22.372849,19.12251,15.374733,16.413727,11.00913,10.955172,7.2237763,8.556034,4.6454344,7.903476,8.346357,11.633984,13.84012,13.410066,17.88822,19.482727,21.548775,17.365574,20.072157,16.006136,16.683683,19.609148,19.812542,16.46467,19.395964,15.547709,17.51941,16.898708,18.24001,20.896969,19.822046,21.319593,20.529413,17.540558,13.710039,15.025218,10.127185,15.127796,12.016793,16.516598,17.541727,19.417496,22.893318,22.559313,18.749163,21.38711,17.519503,15.94821,12.552116,13.64973,8.9272585,11.948416,11.756977,15.413208,16.01941,19.780607,17.67669,14.210537,14.6360445,10.677459,14.983017,13.508328,15.563147,17.031883,18.654802,21.617123,22.779215,26.233467,26.547829,24.909613,27.28529,21.385569,24.676588,22.568895,24.051508
29,39.725067,37.89568,34.65078,33.26289,30.029793,32.77116,26.804876,29.469967,27.165985,24.279339,26.619265,26.735523,24.551535,21.928944,19.842985,15.768688,14.2567215,10.615736,9.965689,7.5019627,6.012469,9.820173,8.305732,12.5197935,12.497672,13.217081,11.468067,7.9528375,4.789507,0.0,5.029469,5.293288,12.610701,13.812506,15.643404,19.280119,20.324818,18.195465,14.852025,11.047211,12.286982,6.7709093,8.143694,6.2654705,7.2435136,6.7154484,9.700489,11.294422,14.90756,16.632788,16.157774,20.544315,22.68973,23.866934,19.141886,20.966959,16.787897,16.432981,19.090908,20.269958,16.984919,21.236246,18.187223,20.659674,21.03296,22.278448,25.239878,24.181591,26.012976,24.983232,21.683964,18.144157,18.82197,14.129032,17.829283,13.930296,17.810373,17.97009,19.248478,22.796762,21.683994,18.037655,21.091026,17.523373,17.162851,13.016491,16.10171,12.080285,15.63467,15.985102,19.403776,20.350666,23.890926,21.141003,17.53712,17.694033,13.483661,17.828526,15.344259,17.85696,17.940884,19.92008,22.298569,24.14793,27.564312,28.481634,26.915194,30.107674,24.12076,27.353014,25.688198,26.753935
30,35.909027,33.82527,30.635246,28.837236,25.655418,28.165947,22.15336,24.938364,22.4406,19.886496,22.389912,22.204933,20.449787,18.088902,16.303274,11.997561,11.817582,7.5076184,9.680058,7.460583,8.7847185,12.110535,12.656637,16.432835,16.424995,15.786971,14.756647,11.7190485,5.6200566,5.029469,0.0,6.5835757,10.4222975,12.9344015,14.353457,17.845932,19.903757,17.820639,15.119308,12.020204,12.018974,7.9085994,6.0703607,4.672748,8.86871,7.6896076,11.681926,13.248566,16.583057,18.016243,16.674889,21.099815,22.163637,23.59116,18.873058,20.62364,15.754406,16.004408,17.842972,18.025787,14.460265,18.417744,15.566493,17.416422,18.716133,19.046146,22.461128,21.147213,23.847914,22.342083,18.57072,15.453031,15.124134,11.414984,13.819405,9.968457,14.016811,14.037293,15.806235,19.315569,18.229124,14.296693,16.615185,12.858742,12.321981,8.062297,11.439283,8.273655,12.397665,13.850838,17.475044,19.025852,22.280294,19.630825,16.490112,15.739158,11.190632,14.5882015,11.107759,13.360093,12.96993,14.904234,17.331913,19.362885,22.90112,23.722239,22.038242,25.45497,19.449623,22.708494,21.448547,22.583738
31,39.730877,37.650387,33.939465,32.79788,29.22575,31.397375,25.622688,27.219418,25.073755,21.56415,23.580189,24.473373,21.980453,18.813635,17.288698,13.09213,11.732842,9.260171,7.701004,8.442563,7.5085483,12.142384,11.279798,15.465719,16.768469,18.052225,16.516392,12.849813,9.526802,5.293288,6.5835757,0.0,8.409958,8.735578,10.687119,14.182718,15.098453,13.254178,9.646709,5.889065,8.08646,4.9172072,6.5085583,8.545459,10.60675,11.62155,14.735349,16.576174,20.196545,21.76928,21.02707,25.366795,27.338062,28.159206,23.158625,24.28826,19.78441,18.882421,20.67084,22.1449,18.87346,23.86147,21.507225,23.785095,25.078306,25.610008,28.944849,27.511148,29.88449,28.17701,24.425745,21.628862,21.574898,17.847343,20.19608,16.082722,19.434582,18.658855,19.621264,23.0575,20.996614,17.496197,20.053217,16.900818,17.701345,13.02493,17.543526,14.319798,18.006325,19.084211,22.122402,23.697552,26.768753,23.305208,19.853622,19.386744,15.138481,19.018036,15.636911,18.525724,17.349949,19.90245,21.64383,24.547058,27.991156,29.258518,27.549593,31.41036,25.323608,28.127007,26.927252,27.343027
32,34.64073,32.203,28.0411,27.158892,23.300114,24.721338,19.445564,19.860086,18.380405,14.317517,16.742775,18.822906,17.069061,13.351045,14.098416,9.471701,11.504231,10.37775,11.655262,14.127275,15.138627,19.421398,19.62343,23.694437,24.921953,25.507444,23.925386,20.223219,15.724932,12.610701,10.4222975,8.409958,0.0,6.200568,4.4353986,8.0802145,10.4875345,8.517771,7.62725,7.756172,5.420435,8.695879,6.4332385,11.710423,15.395899,17.16397,20.751541,23.039572,26.534378,27.459679,25.766148,29.909388,30.95168,31.30772,26.181934,26.360607,21.388947,20.38119,20.393341,21.391123,18.3995,23.69665,22.712873,24.463211,27.582836,27.019512,30.919907,29.373615,32.950653,30.679274,26.392675,24.413305,22.754124,20.614338,20.098516,16.229496,18.077063,15.968192,16.48498,19.334688,16.158007,13.192108,14.480822,12.495073,15.1528425,10.98598,17.060287,16.428366,20.289347,22.723316,25.682598,27.996716,30.52455,27.026236,24.267664,22.645405,18.439295,20.5501,15.549471,17.845364,14.070644,16.512424,16.85704,20.801273,23.926756,25.82152,24.245152,29.186993,23.6485,26.143517,26.236414,26.292877
33,40.593956,38.000145,33.804153,32.674232,28.837584,29.601501,24.502031,23.922327,21.7575,17.550243,18.278456,20.306696,17.270294,13.506658,13.145275,9.960203,9.35404,10.311172,8.865993,13.214603,13.874739,17.841457,18.611542,22.15083,24.688105,25.87075,25.085083,21.539137,17.221441,13.812506,12.9344015,8.735578,6.200568,0.0,5.109451,6.336665,8.412212,8.635963,5.332309,5.3766294,8.414059,11.3982115,11.018602,15.532674,18.67081,19.806757,23.265446,25.013588,28.572588,30.204224,29.137182,33.490273,34.892685,35.70335,30.6208,31.26218,26.3911,25.382378,25.977468,27.140648,23.978931,29.0692,27.418795,28.968733,31.153175,30.47738,34.151215,32.056583,35.09711,32.33773,28.137152,26.710596,25.758837,23.801228,24.515627,20.838259,23.485704,21.732376,22.543606,25.464497,22.325144,19.284693,20.009989,17.82292,19.869513,15.383262,20.52045,18.635387,21.813305,23.755198,25.985365,28.398937,30.56357,26.338852,23.519318,22.098265,18.44149,20.944197,16.909609,19.896029,17.292192,20.59151,21.288004,25.751385,29.118464,30.523092,28.499586,32.90762,26.969248,28.692675,28.187096,27.453295
34,37.22789,34.766815,30.35478,29.87824,25.91908,26.85809,22.11626,21.421701,20.31511,15.85725,17.57855,20.468891,18.394297,14.388033,15.617353,11.835074,13.2743635,13.432687,13.338133,16.880207,17.390102,21.730883,21.675547,25.641514,27.422043,28.608843,26.96925,23.156162,19.295681,15.643404,14.353457,10.687119,4.4353986,5.109451,0.0,4.2911286,6.0647,4.7316694,4.7526,7.21053,5.824857,11.120248,10.282398,15.628556,18.669323,20.872082,24.242443,26.564327,30.144415,31.1445,29.642155,33.76465,35.086563,35.23291,30.027027,29.939266,25.162745,23.754002,23.6191,25.080622,22.311264,27.843256,27.047287,28.876432,31.986933,31.409914,35.300423,33.635918,37.137474,34.685287,30.377954,28.608112,27.044111,24.954098,24.50484,20.647385,22.28142,19.940756,20.085594,22.661985,19.063623,16.676817,17.702005,16.331608,19.332693,15.314137,21.311,20.5367,24.204288,26.52764,29.214315,31.6015,33.97173,30.114641,27.33551,25.752344,21.774506,23.929813,19.134829,21.598785,17.718601,20.332636,20.260284,24.557945,27.513988,29.56254,27.978468,33.0492,27.586298,29.717817,29.892176,29.520906
35,39.213066,36.525913,32.016716,31.446196,27.505968,27.623613,23.395462,21.4892,20.29864,15.730675,16.343822,19.738419,17.380281,13.379328,15.13387,12.525977,13.911428,15.352488,15.024081,19.306938,20.125082,24.161463,24.68877,28.36334,30.693327,31.883867,30.675184,26.946995,22.75179,19.280119,17.845932,14.182718,8.0802145,6.336665,4.2911286,0.0,4.5825315,6.166736,6.8613553,10.005248,9.998597,15.2805,14.347297,19.627499,22.855024,24.750315,28.222126,30.355627,33.92567,35.126595,33.662785,37.844738,39.014187,39.325428,34.15652,34.101276,29.25533,27.937263,27.606218,28.854227,26.108162,31.427309,30.670263,32.15217,35.28851,34.278824,38.18828,36.198944,39.787197,36.906372,32.52984,31.345898,29.66384,28.21586,27.555075,24.00592,25.600885,23.138939,23.36859,25.683794,21.894957,19.745476,19.798313,18.827566,21.92893,18.145374,23.805124,23.216303,26.49132,28.938948,31.196014,33.833313,35.807377,31.65493,29.137907,27.320498,23.743135,25.44111,20.811615,23.28303,19.311533,22.20458,21.800854,26.640308,29.536316,31.454504,29.687723,34.729366,29.375227,30.892265,31.222567,30.293665
