,0,1,2,3,4,5,6,7,8,9,10,11,12,13,14,15,16,17,18,19,20,21,22,23,24,25,26,27,28,29,30,31,32,33,34,35,36,37,38,39,40,41,42,43,44,45,46,47,48,49,50,51,52,53,54,55,56,57,58,59,60,61,62,63,64,65,66,67,68,69,70,71,72,73,74,75,76,77,78,79,80,81,82,83,84,85,86,87,88,89,90,91,92,93,94,95,96,97,98,99,100,101,102,103,104,105,106,107,108,109,110
0,0.0,4.196946,6.1070123,9.456826,12.364615,13.858069,17.331612,21.971226,24.567041,27.645687,31.502764,34.2729,35.001686,31.92157,26.743614,27.010376,23.567284,24.347488,19.790276,22.326212,20.958326,21.370182,21.55312,24.304947,26.06244,25.100687,25.961428,23.997814,27.158707,23.241753,29.99053,24.377821,30.308096,27.583548,29.4175,31.32317,28.545006,28.379087,25.09741,23.527607,27.895151,25.709896,29.927092,30.003904,26.396614,30.277384,27.010569,30.28407,29.498547,31.94085,33.858356,33.77886,38.57615,39.300674,40.99151,37.41768,36.812473,37.643642,42.47058,40.7747,36.725704,35.471916,39.869473,40.23284,42.778576,37.16838,35.875843,40.74675,35.959354,34.4356,35.66782,38.020348,34.583652,33.50294,37.789333,36.280457,41.588024,42.25356,41.737553,45.96276,41.928867,45.101048,41.794563,37.447037,34.064487,32.408382,29.65151,29.799192,25.193672,26.349857,26.768572,25.321642,25.215458,21.75346,16.98914,13.371238,13.7537985,12.02691,15.512521,18.651026,20.597462,23.708277,26.04117,29.275616,30.962652,29.790783,34.09157,28.604393,31.494707,30.136385,33.266266
1,4.196946,0.0,4.661325,5.8361793,8.696738,11.3970995,13.689868,19.193384,21.315308,24.524267,28.513973,30.892729,31.424923,28.10467,22.975788,23.174404,19.64347,20.649097,16.039864,18.990372,17.815464,18.696915,19.118305,21.312449,22.90264,21.674963,22.24656,20.044695,23.133999,19.108067,25.924135,20.34638,26.433807,24.059036,25.856493,28.16583,25.499226,25.005713,21.632881,19.806095,23.953928,21.568794,25.80716,25.82364,22.229868,26.166496,23.028973,26.520592,25.94218,28.42463,30.388668,30.069668,34.814327,35.549488,37.07184,33.451916,32.856594,33.592285,38.490578,36.755726,32.71258,31.59635,36.191082,36.733513,39.355717,33.669014,32.543827,37.67362,33.173126,31.579393,33.247066,35.45818,32.099487,30.60181,34.753788,32.9875,38.193893,38.8153,38.257103,42.424107,38.33296,41.651676,38.485546,34.00576,30.71568,28.924957,26.560358,26.552584,22.03427,23.593733,24.166813,23.14527,23.584711,20.572075,15.950088,12.522391,12.365557,10.5099325,13.024521,17.078955,18.676277,21.535482,23.985624,27.254929,28.681192,27.736567,31.793621,26.275312,29.572567,28.119398,31.68893
2,6.1070123,4.661325,0.0,4.9828677,7.486604,7.8215723,11.98176,15.922426,18.705368,21.710766,25.47093,28.433933,29.437916,26.608557,21.403162,22.02769,19.000103,20.481724,17.102476,19.795855,19.695095,20.189102,21.459845,23.575182,24.592207,23.683056,23.349215,21.027554,23.33149,19.494627,25.336826,19.709444,25.376692,22.236376,24.552813,26.173634,23.868544,24.033873,20.304855,18.69083,23.627861,21.806614,25.670261,26.072435,23.376268,26.884346,24.742258,27.970179,28.122435,30.02337,31.574017,30.822302,35.698936,35.847065,37.75324,34.37221,33.033127,33.52991,38.345943,36.188076,32.024773,31.041277,35.251347,35.868477,38.010307,32.124886,31.466198,36.268677,31.600048,30.453985,32.18412,34.84064,31.81436,30.244558,34.88775,32.576653,37.966766,38.08275,37.13044,41.120014,36.858765,39.70665,36.164665,31.919249,28.642183,27.379103,24.525848,25.517057,21.413113,23.08712,24.274254,23.487822,23.68634,20.120754,16.063501,13.061642,11.280747,8.086418,10.787044,14.088665,14.893465,18.40096,20.296633,23.421251,25.29108,24.430399,29.01468,24.003157,27.290901,26.455889,29.990503
3,9.456826,5.8361793,4.9828677,0.0,3.8173501,6.489295,8.054881,13.899172,15.555948,19.037378,22.846958,25.20029,25.629574,22.538895,17.435003,18.15716,14.997352,17.130867,13.724548,17.161034,17.260983,18.536982,19.908087,21.126923,21.970047,20.56434,19.851967,17.060308,19.173256,15.004068,20.821518,15.097018,20.90772,18.289974,20.347643,22.608849,20.286705,19.90633,16.177782,14.2599125,18.853472,16.887157,20.859926,21.339321,18.690395,22.450747,20.496672,24.226831,24.590229,26.682882,28.380798,27.273054,31.984154,32.240192,33.743042,30.236982,29.01945,29.285257,34.283455,31.996517,27.804945,27.21969,31.846987,32.81891,35.094982,29.04895,28.75076,33.989975,29.841396,28.576479,30.962294,33.328865,30.413612,28.236864,32.550564,29.896278,35.057495,35.13358,34.112965,37.97673,33.582157,36.665455,33.329037,28.846888,25.795216,24.343521,22.255817,23.00847,19.129465,21.456373,22.792974,22.61483,23.578201,20.799957,17.020443,14.375795,12.387847,9.51839,10.156489,14.747292,14.73487,17.81735,19.713625,22.75876,24.289885,23.874804,28.051853,23.098307,26.957262,25.970938,30.059408
4,12.364615,8.696738,7.486604,3.8173501,0.0,6.157457,5.303098,11.360813,13.151585,16.087057,20.395094,22.365147,23.31307,19.712069,14.473885,14.722622,11.552199,13.554786,10.933748,14.138749,15.058999,16.222788,18.226933,19.091576,19.424438,18.266312,16.90417,14.199616,15.968626,12.18957,18.024303,12.601451,18.86985,16.579035,19.195566,21.722672,20.0749,19.557657,15.405841,12.915894,17.44091,15.012426,18.67184,18.775187,16.476717,19.628517,18.25316,21.482067,22.376623,23.948421,25.35387,24.045841,28.828083,28.812717,30.581991,27.256536,25.698105,26.060509,30.92263,28.73905,24.598417,23.692698,28.158587,29.05535,31.315042,25.329535,24.94546,30.176767,26.088728,24.847544,27.409151,29.783651,27.025543,24.664938,29.064741,26.201164,31.395565,31.373629,30.338467,34.24693,29.926413,33.081768,29.862831,25.356539,22.18112,20.60377,18.51219,19.215748,15.478582,18.001663,19.620228,19.817303,21.031805,18.563257,15.413133,13.45665,10.752582,8.197229,7.2371182,12.282228,12.356619,14.72596,17.003551,20.177258,21.205477,20.774502,24.605679,19.606085,23.63404,22.630957,26.925484
5,13.858069,11.3970995,7.8215723,6.489295,6.157457,0.0,6.640572,8.649182,11.257742,14.502938,17.777727,21.07914,22.19824,20.071014,15.082499,16.703236,14.758465,17.750628,16.606546,19.447428,20.974247,21.776752,24.08528,25.068293,25.12122,24.13979,22.179985,19.348108,19.992577,16.448168,20.021715,14.609286,19.206512,15.331224,18.277216,19.324305,17.817661,18.543005,14.338125,12.920484,18.561699,17.742949,20.775305,21.925585,20.930986,23.819843,23.515377,26.745605,28.129507,29.375273,30.451937,28.672455,33.37855,32.754536,34.706596,31.642553,29.333372,29.131353,33.907608,30.926592,26.632542,26.435478,30.405327,31.59923,33.057114,26.724854,27.391924,32.093483,27.941223,27.428373,30.055336,32.968353,30.677238,28.296062,33.13558,29.61868,34.864937,34.11362,32.433105,35.88353,31.21578,33.502636,29.591919,25.510565,22.643412,22.167812,19.552797,22.018242,19.161156,21.715382,23.939217,24.243881,24.998226,21.819942,19.116753,17.258848,13.614942,9.69693,9.241766,12.263173,9.758619,13.946532,14.490513,17.116343,19.414312,19.437113,24.356066,20.532755,24.469967,24.5137,28.5914
6,17.331612,13.689868,11.98176,8.054881,5.303098,6.640572,0.0,7.782226,8.1234045,11.521115,15.554453,17.287308,18.012959,14.650707,9.46152,10.6587515,8.426786,12.237507,11.812547,15.054914,17.105114,18.589844,21.091982,20.959856,20.58133,19.267107,16.63015,13.460554,13.56744,10.006525,13.661299,8.246018,13.92967,11.468376,14.505215,17.04736,16.066702,15.611701,11.142268,8.433251,13.300989,11.604709,14.565679,15.336207,14.604679,17.263395,17.532581,20.853792,22.691599,23.821104,24.904713,22.730896,27.23391,26.697433,28.311092,25.19683,22.963726,22.668741,27.592138,24.716883,20.426167,20.344456,24.830637,26.314701,28.127525,21.753551,22.538225,27.827099,24.379086,23.56226,26.917408,29.313068,27.149055,24.09347,28.405586,24.610245,29.536684,28.878561,27.29352,30.74852,26.071344,28.941362,25.562006,21.039156,18.291378,17.207882,15.778074,17.458971,14.967941,18.248943,20.544931,21.614693,23.279984,21.3031,19.114775,17.855444,14.497615,11.904675,9.179894,13.502896,11.4027,13.55969,14.835817,17.46293,18.49392,18.870417,22.586966,18.591663,23.09875,22.656004,27.31222
7,21.971226,19.193384,15.922426,13.899172,11.360813,8.649182,7.782226,0.0,5.1466284,6.161656,9.95991,13.273453,15.994442,14.075591,9.771664,11.678971,11.870034,15.315165,17.413347,19.232418,22.450209,23.007769,26.29009,26.342607,25.240288,24.73369,21.211096,18.707254,17.314428,15.465684,15.89717,12.366577,15.435991,11.636731,15.937315,16.51617,17.147749,18.13673,13.661606,12.0447645,17.124613,16.793493,18.060575,19.2329,20.338463,21.45103,23.350285,25.47629,28.202534,28.193169,28.393866,25.75728,30.11407,28.422544,30.82815,28.524376,24.96749,24.323967,28.509983,25.053978,20.954788,20.945168,23.945251,25.420738,25.99716,19.55961,21.435003,25.558733,22.024502,22.333387,25.6571,28.76087,27.461592,24.510141,29.429628,24.852343,29.79277,28.095072,25.728302,28.631966,23.8228,25.44106,21.238125,17.495981,14.892143,15.460075,12.894405,17.144245,16.275982,19.236029,22.396042,23.779135,24.906866,22.492615,21.624443,21.188786,16.677246,13.749757,10.590272,11.746947,6.460817,9.069519,7.985169,9.944012,11.850427,12.913785,17.562908,15.442889,19.73599,20.746246,25.0791
8,24.567041,21.315308,18.705368,15.555948,13.151585,11.257742,8.1234045,5.1466284,0.0,5.0274844,7.536638,9.961931,11.270922,9.778636,6.099279,9.635213,10.724838,15.410749,17.84919,20.220951,23.406054,24.655083,27.730118,26.994843,25.795443,24.760458,20.886427,17.934143,15.687225,13.826584,12.116872,9.08068,10.499669,6.6308165,11.084422,12.031987,13.17019,13.845822,9.596895,8.202998,12.720686,13.353882,13.904619,15.875743,18.006395,19.133743,21.811073,24.475616,27.45096,27.646744,27.985464,24.832705,28.72623,27.081415,28.796345,26.447529,22.904806,21.560963,25.976421,21.897991,17.676195,18.943731,22.454304,24.677288,25.190308,18.49146,21.432463,25.953918,23.416447,23.672915,27.691977,30.348486,29.25606,25.701702,30.013992,25.015326,29.418934,27.508482,24.870895,27.292658,22.149323,23.814161,19.77101,15.792368,14.077338,14.804531,13.963898,17.932003,17.731144,21.246178,24.355124,26.198061,27.901659,26.122978,25.139973,24.590754,20.467113,17.727503,14.3168,16.432537,11.577567,13.327081,12.062875,13.059787,14.499599,16.321499,20.037428,18.464054,23.025698,23.848526,28.468523
9,27.645687,24.524267,21.710766,19.037378,16.087057,14.502938,11.521115,6.161656,5.0274844,0.0,5.4931173,7.396466,11.397835,9.608429,7.1723857,9.234565,11.533286,15.144886,19.073961,20.38997,24.281332,24.995806,28.526861,27.719383,25.977879,25.542921,21.180504,18.927654,16.019312,15.588143,13.013786,11.85184,12.882782,10.280527,14.767166,15.366707,17.452469,18.164427,14.228194,12.697629,16.199432,16.31814,15.988751,17.18542,19.916895,19.731497,23.200983,24.700146,28.214817,27.523336,27.22548,23.92364,27.668617,25.330408,27.683136,25.962927,21.684591,20.481274,24.172184,20.242409,16.417284,17.026045,19.385557,21.400839,21.308989,14.773897,18.111156,21.925522,19.555532,20.371014,24.432423,27.260592,26.742735,23.216305,27.655191,22.32357,26.614353,24.205292,21.266598,23.51177,18.48684,19.684786,15.39716,11.725048,9.866028,11.481136,10.2926655,15.362857,16.350365,19.579756,23.037615,25.207188,26.811773,25.317171,25.322357,25.491566,21.101582,18.913734,15.007007,15.807157,11.007245,11.059907,9.316751,9.727806,10.172201,12.439694,15.588189,15.15921,19.52272,20.890293,25.340368
10,31.502764,28.513973,25.47093,22.846958,20.395094,17.777727,15.554453,9.95991,7.536638,5.4931173,0.0,5.3947043,8.926025,10.425151,10.294022,13.396587,16.170546,20.222208,24.109064,25.680777,29.48948,30.39139,33.838627,32.856216,31.111794,30.465988,26.003624,23.553215,20.217464,19.7505,15.312248,14.899896,13.19231,10.096732,14.001303,12.947017,16.085531,17.565481,14.553362,14.264655,17.240944,18.856865,17.72209,19.872238,23.477976,23.296017,27.298468,29.100374,32.74538,32.11844,31.785645,28.166573,31.42811,28.855066,30.80558,29.337875,24.875498,22.946795,26.317236,21.620708,18.117105,20.061487,21.91561,24.460823,23.541946,17.32473,21.893412,25.071346,23.49572,24.768063,28.941074,31.739841,31.629927,27.99575,32.16035,26.521393,30.250353,27.287928,23.83535,25.067352,19.929693,19.915316,15.248566,12.703926,12.530458,15.212174,14.82999,20.169811,21.687084,24.90763,28.402199,30.65874,32.2398,30.659084,30.634224,30.648508,26.174393,23.608883,20.040012,20.538265,14.933277,15.6391535,12.489051,11.268113,12.632995,15.676615,18.746239,19.777481,23.773546,25.6584,29.853743
11,34.2729,30.892729,28.433933,25.20029,22.365147,21.07914,17.287308,13.273453,9.961931,7.396466,5.3947043,0.0,6.137053,6.9454117,9.253183,11.583412,15.235771,18.997562,23.661808,24.933496,28.933905,30.051254,33.47843,31.82554,29.741587,29.067308,24.267742,22.096931,17.987213,18.562334,12.41947,14.10302,11.39351,10.725409,14.030772,14.208157,17.733337,18.218063,15.696653,14.97121,16.186275,17.536406,15.283352,17.05119,21.548607,20.399649,25.284983,26.603079,30.626797,29.62748,29.056509,25.098703,27.746916,24.951723,26.607134,25.533268,20.853785,18.533623,21.516752,16.59018,13.442424,16.014227,17.633368,20.669834,19.627106,13.595873,18.974575,22.209242,21.754484,22.958843,27.607244,29.864088,30.10498,26.074972,29.53398,23.656029,26.682835,23.502861,19.891869,20.665152,15.426609,15.616839,11.490764,8.660061,9.705624,12.44967,13.85127,18.44985,20.869793,24.21192,27.603067,30.321407,32.36145,31.593477,31.919851,32.247585,28.082123,26.111702,22.046804,22.997292,18.309036,17.786272,15.669964,14.751749,14.477467,17.453281,18.89303,20.122929,24.150326,25.671343,30.008121
12,35.001686,31.424923,29.437916,25.629574,23.31307,22.19824,18.012959,15.994442,11.270922,11.397835,8.926025,6.137053,0.0,6.199516,9.924634,13.274002,16.45049,21.047192,24.78458,26.89665,30.313402,32.0979,35.05238,33.0278,31.28601,29.931128,25.412884,22.687193,18.642746,18.504663,11.198613,13.109104,7.549853,8.063777,9.553707,9.955383,13.761932,13.791695,12.613693,12.7769165,12.453871,15.287771,12.443481,15.471586,20.396574,20.006863,24.819757,27.174654,30.885155,30.631195,30.592897,26.511248,28.767376,26.602308,27.128923,25.65275,21.725983,18.72536,22.23999,16.77686,13.552948,17.798939,20.553673,24.111296,23.575768,17.704165,22.99005,26.873213,26.76058,27.481161,32.34133,34.227592,34.144947,29.858545,32.81229,27.096628,29.756422,26.93454,23.560774,24.070091,18.870096,19.487188,16.232544,13.411004,14.761433,16.544237,18.693203,22.303534,24.138493,27.83221,30.918911,33.59649,35.945465,35.24913,34.883858,34.70823,30.873802,28.636408,24.809256,26.785284,22.016657,22.366404,20.467937,19.851606,20.209408,23.05276,24.777721,25.239931,29.55183,30.61075,35.198997
13,31.92157,28.10467,26.608557,22.538895,19.712069,20.071014,14.650707,14.075591,9.778636,9.608429,10.425151,6.9454117,6.199516,0.0,5.3064075,7.467816,10.868776,15.129841,19.199757,21.04061,24.545084,26.341621,29.297684,27.078285,25.200972,23.946083,19.310696,16.78855,12.535236,12.997269,5.637165,8.654869,5.963202,8.294725,10.725918,13.422012,15.914883,14.876634,12.523842,10.999446,10.481344,11.201996,8.457132,10.239445,15.081745,14.174607,19.122448,21.088478,24.912392,24.483164,24.437874,20.417805,22.975416,21.002115,21.77879,20.04097,16.12342,13.589661,17.724432,12.864802,8.830738,12.27535,15.989837,19.323666,19.743042,13.523002,17.913708,22.587269,22.231052,22.403147,27.332445,28.947168,28.578594,24.20775,27.037394,21.523605,24.454065,22.17073,19.296654,20.797178,15.597244,17.785858,15.093978,10.924899,11.143716,11.607248,14.305647,16.825104,18.51437,22.274677,25.1661,27.943144,30.528267,30.29326,30.042768,30.09543,26.599897,24.976963,20.845917,23.299656,19.702461,19.229563,18.700895,19.075886,18.479456,20.686623,21.83481,21.157063,25.633501,26.022676,30.797863
14,26.743614,22.975788,21.403162,17.435003,14.473885,15.082499,9.46152,9.771664,6.099279,7.1723857,10.294022,9.253183,9.924634,5.3064075,0.0,4.471954,6.74651,11.689762,15.07637,17.263054,20.651041,22.321793,25.320318,23.679092,22.117853,20.907764,16.567734,13.710728,10.443687,9.628204,6.2347517,5.1966257,7.3056774,7.280088,10.869181,13.831479,15.182735,14.303339,10.63047,8.114577,9.978587,9.382023,8.969791,10.199883,13.2056675,13.447909,17.062021,19.428392,22.814999,22.77028,23.04497,19.544138,23.075523,21.536333,22.868628,20.53161,17.035181,15.558599,20.187992,16.282427,11.947902,13.392546,17.637432,20.178148,21.254313,14.645743,17.561005,22.718367,21.03661,20.841917,25.388823,27.363405,26.36304,22.307724,25.858448,20.767254,24.693134,23.008333,20.615227,23.139896,18.06925,20.709658,17.61338,13.000786,11.469492,11.1150055,12.203078,14.68929,15.092908,18.94636,21.832731,24.213495,26.583265,25.87572,25.21725,25.044188,21.502302,19.744293,15.715537,18.575401,15.301848,15.2968645,15.41917,16.662909,16.446684,18.083504,20.143373,18.191236,22.902811,23.020927,27.913298
15,27.010376,23.174404,22.02769,18.15716,14.722622,16.703236,10.6587515,11.678971,9.635213,9.234565,13.396587,11.583412,13.274002,7.467816,4.471954,0.0,4.090189,7.7886004,12.3658695,13.736135,17.5354,19.015917,22.19038,20.29045,18.349136,17.504642,12.814669,10.57881,6.8811717,7.7134433,6.23285,6.655154,10.561242,11.676585,14.892742,18.236807,19.41648,18.141,14.520945,11.530194,12.599607,10.205943,9.935006,9.0925455,11.512396,10.567394,14.382856,15.711396,19.41375,18.802689,18.804651,15.34272,19.107298,17.529736,19.331085,17.076492,13.463086,12.778775,17.306803,14.391201,10.276804,9.934301,14.434355,16.51906,18.262644,11.940871,13.708521,19.283216,17.577215,16.952868,21.557339,23.238173,22.17227,18.014078,21.420177,16.460527,20.538624,19.24926,17.341331,20.500689,15.84061,19.340204,16.952702,12.100284,9.8057995,7.968749,9.592407,10.637143,11.248255,15.116472,17.895056,20.542439,23.165768,23.095001,22.907822,23.219803,20.012724,19.120016,14.789942,17.649124,15.803895,14.5111685,15.879214,17.60716,16.299835,17.331127,18.35658,15.715122,20.33976,19.897243,24.843143
16,23.567284,19.64347,19.000103,14.997352,11.552199,14.758465,8.426786,11.870034,10.724838,11.533286,16.170546,15.235771,16.45049,10.868776,6.74651,4.090189,0.0,5.407549,8.4966,10.5937395,13.945151,15.686995,18.633188,16.976126,15.474731,14.36811,10.198747,7.4379907,5.5459013,4.563516,8.128664,6.0267396,12.271935,12.993416,15.902452,19.637308,19.904045,18.36734,14.532681,11.136245,12.719577,9.152446,10.628624,9.267345,9.415773,9.8376,11.863798,13.846807,16.880144,16.95217,17.535177,14.741565,19.054798,18.310831,20.002031,17.13905,14.587705,14.650406,19.442926,17.28504,13.300877,12.242504,17.138565,18.64445,21.056568,15.1237135,15.436858,21.290405,18.863846,17.62136,21.725214,23.338518,21.551992,17.728746,21.249771,17.131899,21.614218,21.145294,19.905317,23.563124,19.265234,23.07829,20.809147,15.97938,13.245891,10.807056,11.343069,11.09045,9.781354,13.672419,15.999609,18.219025,20.875002,20.679312,19.859571,19.854767,17.070644,16.379877,12.335338,16.133848,15.319122,14.469724,16.716755,19.118042,18.118198,18.530092,19.996965,16.060698,20.662527,19.58648,24.555445
17,24.347488,20.649097,20.481724,17.130867,13.554786,17.750628,12.237507,15.315165,15.410749,15.144886,20.222208,18.997562,21.047192,15.129841,11.689762,7.7886004,5.407549,0.0,6.3474917,6.0798483,10.317685,11.433959,14.7641535,13.010257,10.910273,10.764436,6.35612,5.6946607,5.530792,7.049022,12.102685,11.237354,17.31495,18.351524,21.261887,25.014078,25.281496,23.662924,19.86581,16.426872,17.656748,13.40759,14.80109,12.044758,10.840281,9.892954,10.870998,10.702005,13.803658,12.960372,13.166489,11.097535,15.9635,15.43142,17.93159,15.29348,13.158602,14.659747,18.705893,18.10639,14.936146,11.714865,15.990219,16.356289,19.56519,14.75296,12.802466,18.68712,15.888106,13.861663,17.506899,18.737492,16.54952,12.917817,16.433338,13.151263,18.008564,18.419678,18.140991,22.505466,19.118973,23.483677,21.948,17.388144,14.141017,10.620966,10.786958,7.7683454,5.3085494,8.94311,10.848696,13.323106,16.314802,17.043564,16.926908,17.69191,15.598057,16.280405,12.3703985,15.709806,16.881609,14.728542,18.226213,20.999914,19.077986,18.649439,18.989223,14.084258,18.147945,16.140045,20.962835
18,19.790276,16.039864,17.102476,13.724548,10.933748,16.606546,11.812547,17.413347,17.84919,19.073961,24.109064,23.661808,24.78458,19.199757,15.07637,12.3658695,8.4966,6.3474917,0.0,4.555839,5.738139,8.1822815,10.387787,9.2523775,8.90175,7.61605,6.271911,4.788769,8.819016,7.200792,15.334064,12.590149,19.605124,20.269203,22.534304,26.589443,25.758417,23.854502,20.227884,16.81226,18.289808,13.547835,16.540842,14.047394,10.19055,11.863019,9.245326,10.9526005,11.835115,13.057332,14.6774845,14.030207,18.815487,19.648016,21.291126,17.895424,17.490469,19.09457,23.496933,23.10106,19.82422,17.275976,22.003027,22.267086,25.769844,21.076693,18.85603,24.611326,21.389416,19.003315,21.692347,22.728996,19.647497,16.963552,20.043663,18.236597,22.89098,24.077522,24.241812,28.65408,25.338762,29.75088,28.071075,23.399998,20.181599,16.887363,16.469746,13.586719,9.416064,11.806783,12.237034,13.2512245,16.022928,16.319,14.489229,14.225296,13.453621,14.382139,11.835662,16.456474,18.560396,17.695536,21.469896,24.678589,23.569077,22.814129,24.05916,18.3383,22.109562,19.595356,24.060602
19,22.326212,18.990372,19.795855,17.161034,14.138749,19.447428,15.054914,19.232418,20.220951,20.38997,25.680777,24.933496,26.89665,21.04061,17.263054,13.736135,10.5937395,6.0798483,4.555839,0.0,4.749252,5.4010496,8.764441,7.691558,6.1339235,6.869105,5.437323,6.7863073,10.037419,10.45061,17.51423,15.828329,22.530779,23.339025,25.989956,29.885534,29.497929,27.74332,23.971582,20.506214,21.91363,17.168062,19.460823,16.40127,13.160666,13.130744,11.105388,10.219441,11.44091,11.145782,12.012981,12.0707655,17.029099,17.651403,20.110525,17.281712,16.7208,19.077997,22.711525,23.163967,20.409554,16.663355,20.522379,19.982689,23.730732,19.893038,16.423004,21.773224,18.366417,15.604925,17.754538,18.547218,15.252692,12.934384,16.07371,15.004976,19.807293,21.434248,22.146372,26.869574,24.201893,28.743692,27.488907,23.121965,19.671125,16.029902,15.354523,11.209899,6.7103043,8.0182295,7.8225613,9.12125,12.278445,13.586052,12.965912,13.849122,13.363455,15.360583,12.70607,16.231348,19.351835,17.347008,21.687317,24.937735,23.097462,21.887127,22.20322,16.214952,19.39478,16.33285,20.540571
20,20.958326,17.815464,19.695095,17.260983,15.058999,20.974247,17.105114,22.450209,23.406054,24.281332,29.48948,28.933905,30.313402,24.545084,20.651041,17.5354,13.945151,10.317685,5.738139,4.749252,0.0,3.7520285,4.800027,4.1659536,5.117866,4.9819126,7.3320823,8.536155,13.043818,12.475764,20.458471,18.231236,25.140081,26.004343,28.162476,32.2963,31.31536,29.3005,25.808912,22.434868,23.627728,18.684319,21.597536,18.557247,14.056663,15.130368,11.08147,10.963318,10.102299,11.389813,13.28192,14.406428,18.911785,20.505882,22.25929,19.06805,19.720692,22.160427,25.88873,26.62153,23.932306,20.519602,24.680605,24.129005,28.111004,24.44836,20.893173,26.169575,22.824568,19.88592,21.465185,21.869913,18.175707,16.561472,18.884104,18.87168,23.206648,25.375975,26.423618,31.12756,28.588184,33.26749,32.09476,27.644873,24.287739,20.645271,20.04147,15.910742,11.371617,11.984317,10.639448,10.603589,13.381625,14.715163,12.933732,13.107456,14.169895,16.464542,14.941173,18.919884,22.47084,21.121922,25.497683,28.900019,27.413431,26.094854,26.711525,20.49734,23.391861,20.06791,23.83396
21,21.370182,18.696915,20.189102,18.536982,16.222788,21.776752,18.589844,23.007769,24.655083,24.995806,30.39139,30.051254,32.0979,26.341621,22.321793,19.015917,15.686995,11.433959,8.1822815,5.4010496,3.7520285,0.0,4.145,5.807843,6.045776,7.8061123,9.551995,11.3293295,15.251597,15.156445,22.75869,20.598846,27.531847,28.026802,30.597342,34.4354,33.64462,31.933512,28.163052,24.776686,26.459738,21.648848,24.380178,21.33964,17.333145,17.810295,14.443448,13.266983,12.735993,12.916804,14.057623,15.598918,20.16461,21.35961,23.803106,21.066004,21.283617,23.991663,27.294765,28.26612,25.706758,21.727457,25.185633,24.093636,27.977444,24.711594,20.524384,25.24887,21.42225,18.431652,19.21299,19.757978,15.808772,15.00476,17.730923,18.296444,22.86586,25.136078,26.37899,31.252039,29.022593,33.5472,32.37105,28.162605,24.555502,20.968866,19.694458,15.424193,10.675138,10.102661,8.118659,7.2052064,9.735735,11.403598,10.242924,11.2679405,12.659073,15.718437,14.48202,17.60127,22.01084,20.20262,24.924637,28.422009,26.702347,24.95791,25.331558,18.88778,21.188831,17.589,20.921194
22,21.55312,19.118305,21.459845,19.908087,18.226933,24.08528,21.091982,26.29009,27.730118,28.526861,33.838627,33.47843,35.05238,29.297684,25.320318,22.19038,18.633188,14.7641535,10.387787,8.764441,4.800027,4.145,0.0,4.5743685,6.920897,7.921998,11.541987,13.252634,17.732544,17.239342,25.251514,22.93499,29.898285,30.592327,32.752342,36.815113,35.639446,33.679676,30.193117,26.884314,28.227745,23.297266,26.324965,23.232538,18.512047,19.540525,15.043926,14.253078,12.289637,13.523035,15.334085,17.528706,21.628683,23.550438,25.394865,22.447937,23.569548,26.340792,29.671522,30.907589,28.454313,24.695482,28.42018,27.371363,31.470129,28.356754,24.152004,28.90835,25.32782,22.214806,22.7783,22.901484,18.844364,18.359554,20.255627,21.493246,25.589441,28.264135,29.767061,34.598503,32.485283,37.1775,36.15024,31.857826,28.369263,24.70061,23.712793,19.318398,14.697675,14.137128,11.75892,10.384342,12.408367,14.13037,12.210228,12.541921,15.097154,18.140684,17.587234,21.005444,25.457973,24.059341,28.718699,32.261772,30.728727,29.00526,29.473528,23.01236,25.188282,21.48676,24.497284
23,24.304947,21.312449,23.575182,21.126923,19.091576,25.068293,20.959856,26.342607,26.994843,27.719383,32.856216,31.82554,33.0278,27.078285,23.679092,20.29045,16.976126,13.010257,9.2523775,7.691558,4.1659536,5.807843,4.5743685,0.0,3.4687817,3.7532718,8.208819,10.469907,14.849437,15.020608,22.596762,21.10465,27.695477,29.157923,31.031517,35.42919,34.479424,32.167446,28.967724,25.597788,26.05885,20.947601,23.562017,20.067429,15.362843,15.871167,11.266986,9.932722,7.747785,9.207881,11.489607,13.694677,17.518503,19.851097,21.207674,18.15025,19.799479,22.64168,25.892645,27.416761,25.254925,21.58726,25.559187,24.741879,29.06658,26.155184,22.120485,27.191742,24.392033,21.17112,22.456026,22.090221,18.362862,17.06353,18.148087,19.19748,22.787537,25.607824,27.225075,31.898062,29.893942,34.834827,34.21186,29.885452,26.729969,22.845089,22.800863,17.924643,13.975389,14.050967,11.899593,11.839454,14.757299,17.10502,15.794926,16.248236,17.913813,20.488949,19.039658,22.787283,26.47454,24.79976,29.240755,32.56784,30.763016,29.421251,29.419043,23.342247,25.882044,22.240784,25.654606
24,26.06244,22.90264,24.592207,21.970047,19.424438,25.12122,20.58133,25.240288,25.795443,25.977879,31.111794,29.741587,31.28601,25.200972,22.117853,18.349136,15.474731,10.910273,8.90175,6.1339235,5.117866,6.045776,6.920897,3.4687817,0.0,3.6034737,6.0671425,9.264641,12.912164,14.082053,20.92958,20.12741,26.467485,28.137,30.252897,34.58938,34.077908,31.837664,28.527557,25.078089,25.416239,20.330172,22.404526,18.657803,14.697781,14.117956,10.700871,7.910742,7.3048477,6.936058,8.5538225,10.651865,14.731655,16.695213,18.519781,15.769922,16.968115,20.028316,22.984127,24.718216,22.767292,18.676933,22.32317,21.342712,25.70319,23.082153,18.815474,23.82495,21.27019,18.005497,19.525776,19.023497,15.507073,13.829231,14.852491,15.742807,19.351372,22.15523,23.849783,28.548265,26.730822,31.700323,31.29341,27.11174,24.00952,20.026297,20.234476,14.970845,11.534523,11.581137,9.559514,10.401494,13.784476,16.597496,16.196363,17.227518,18.14391,20.69633,18.59602,21.972317,25.459133,23.231499,27.651335,30.824337,28.64346,27.363596,26.849295,21.041601,23.553308,19.932432,23.469234
25,25.100687,21.674963,23.683056,20.56434,18.266312,24.13979,19.267107,24.73369,24.760458,25.542921,30.465988,29.067308,29.931128,23.946083,20.907764,17.504642,14.36811,10.764436,7.61605,6.869105,4.9819126,7.8061123,7.921998,3.7532718,3.6034737,0.0,5.0878935,7.2961187,11.547792,12.015752,19.228546,18.198133,24.48812,26.387856,28.076199,32.634018,31.858673,29.3724,26.352587,22.979214,22.915972,17.764803,20.107035,16.464699,11.863444,12.166309,7.638111,6.5882206,5.144285,7.0470943,9.709924,11.017746,14.936111,17.27899,18.252687,14.90271,16.574856,19.201038,22.718721,24.02537,21.840117,18.517376,22.91138,22.552713,26.861206,23.696537,20.231861,25.692701,23.380844,20.296225,22.400347,22.047297,18.735416,16.536377,17.521954,17.663042,21.109987,23.632301,24.984537,29.468275,27.23487,32.24612,31.69166,27.275028,24.387087,20.487698,21.099272,16.332106,12.92586,13.911556,12.529336,13.444183,16.741005,18.92487,17.74877,18.088217,18.898462,20.895487,18.792904,22.838287,25.704615,24.048601,28.154945,31.280106,29.461084,28.51069,28.462673,22.770906,25.78179,22.448448,26.319492
26,25.961428,22.24656,23.349215,19.851967,16.90417,22.179985,16.63015,21.211096,20.886427,21.180504,26.003624,24.267742,25.412884,19.310696,16.567734,12.814669,10.198747,6.35612,6.271911,5.437323,7.3320823,9.551995,11.541987,8.208819,6.0671425,5.0878935,0.0,3.8788881,6.876611,8.646923,14.885881,14.585027,20.568846,22.623737,24.64493,29.061941,28.853632,26.536442,23.34639,19.906385,19.818312,14.8217535,16.484943,12.711114,9.437021,8.418218,6.5676756,5.060349,7.4790344,7.226974,8.655906,7.9382463,12.620542,13.900658,15.406969,12.168939,12.446091,14.866907,18.635138,19.451733,17.076593,13.639988,18.20285,18.20334,22.298727,18.735332,15.790835,21.57952,19.536701,16.749245,19.75528,19.75259,17.039978,13.833866,15.444993,14.033512,17.838089,19.644403,20.488703,24.8945,22.330822,27.278334,26.642654,22.208763,19.420282,15.522249,16.591438,12.01675,9.442484,11.457904,11.33641,13.4156,16.928791,18.856712,18.35465,19.005108,18.501307,19.964478,16.910583,20.713194,22.734695,20.724743,24.493229,27.344688,25.317703,24.706533,24.462887,19.310108,22.734524,19.876959,24.20863
27,23.997814,20.044695,21.027554,17.060308,14.199616,19.348108,13.460554,18.707254,17.934143,18.927654,23.553215,22.096931,22.687193,16.78855,13.710728,10.57881,7.4379907,5.6946607,4.788769,6.7863073,8.536155,11.3293295,13.252634,10.469907,9.264641,7.2961187,3.8788881,0.0,4.9218326,4.9109664,12.167232,11.036482,17.307384,19.21131,21.053074,25.537672,25.113482,22.754816,19.601116,16.180302,16.187443,11.159913,13.335768,10.05872,6.4067764,7.118646,5.4425526,7.450653,9.571668,10.561661,12.207227,10.634031,15.052657,16.028248,17.034582,13.450554,13.270432,14.731846,19.282587,19.007671,15.977274,13.714127,18.946993,19.67944,23.34244,18.843128,17.11328,23.16713,21.01968,18.656094,22.085045,22.595732,20.040583,16.600142,18.770231,16.454576,20.410908,21.531979,21.679743,25.80277,22.541542,27.237772,26.075047,21.384708,18.718002,15.208369,16.270754,12.979898,10.36064,13.254983,13.869719,15.780644,19.032537,20.078363,18.914406,18.947727,17.950672,18.622808,15.481342,19.838451,21.012655,19.754578,23.058794,25.843426,24.37214,24.118137,24.668423,19.702623,23.647135,21.280397,25.912956
28,27.158707,23.133999,23.33149,19.173256,15.968626,19.992577,13.56744,17.314428,15.687225,16.019312,20.217464,17.987213,18.642746,12.535236,10.443687,6.8811717,5.5459013,5.530792,8.819016,10.037419,13.043818,15.251597,17.732544,14.849437,12.912164,11.547792,6.876611,4.9218326,0.0,4.7988157,8.067865,8.948953,14.026209,16.568901,18.587816,22.951649,23.319803,21.065235,18.017925,14.715706,14.130584,9.715375,10.294735,6.7989306,6.5815253,4.687273,7.8790193,8.988955,12.662036,12.396211,13.040191,9.898492,13.864532,13.720565,14.802023,11.673962,9.882566,10.560715,15.396319,14.379,11.12624,9.304597,14.87907,16.333855,19.570053,14.708134,14.204145,20.345999,18.991934,17.169857,21.419506,22.039545,20.32235,16.187326,18.343596,14.664155,18.301716,18.53103,18.019854,21.73957,18.117455,22.730154,21.639978,16.95605,14.756272,11.420671,13.648003,11.135143,10.514349,13.99698,15.529916,18.166082,21.421011,22.448889,21.988024,22.331535,20.445274,20.613735,16.757492,20.5128,20.512169,18.898197,21.498598,23.752737,22.026001,22.341013,22.50144,18.621609,22.811857,21.086481,25.905758
29,23.241753,19.108067,19.494627,15.004068,12.18957,16.448168,10.006525,15.465684,13.826584,15.588143,19.7505,18.562334,18.504663,12.997269,9.628204,7.7134433,4.563516,7.049022,7.200792,10.45061,12.475764,15.156445,17.239342,15.020608,14.082053,12.015752,8.646923,4.9109664,4.7988157,0.0,8.518187,6.1876416,12.726033,14.4142475,16.177994,20.65597,20.224554,17.925127,14.726511,11.318418,11.537775,6.7473817,9.345969,7.332774,5.2037444,7.5206494,8.035622,11.595281,13.916221,15.10723,16.521757,14.078536,18.122925,18.430347,19.132206,15.611924,14.48242,14.655294,19.795696,18.087286,14.334983,13.704022,19.283072,20.855413,23.807934,18.3443,18.25157,24.345865,22.278168,20.555218,24.490734,25.544851,23.382803,19.633501,22.329416,18.943825,22.94569,23.144634,22.404154,26.036142,22.001932,26.201992,24.40569,19.562414,17.224604,14.476901,15.631322,14.198451,12.249911,15.838504,17.318968,19.27519,22.213854,22.392086,20.911823,20.472282,18.604408,18.15127,14.767453,19.318844,19.017462,18.60536,21.015488,23.49561,22.668976,22.999128,24.35388,20.052975,24.489403,22.88646,27.770597
30,29.99053,25.924135,25.336826,20.821518,18.024303,20.021715,13.661299,15.89717,12.116872,13.013786,15.312248,12.41947,11.198613,5.637165,6.2347517,6.23285,8.128664,12.102685,15.334064,17.51423,20.458471,22.75869,25.251514,22.596762,20.92958,19.228546,14.885881,12.167232,8.067865,8.518187,0.0,5.904051,6.5084968,10.407549,11.843548,16.101135,17.300152,15.114837,12.83162,10.394187,8.428231,6.9029636,4.2803226,4.654462,9.579656,8.916197,13.700808,16.19451,19.744034,19.835455,20.306147,16.4688,19.108278,18.083033,18.231268,15.731383,12.87792,10.787672,15.882137,12.093235,7.8626633,10.5727215,15.841112,18.85957,20.567324,14.7743845,17.520214,23.062208,22.559551,21.853384,26.689852,27.770725,26.830727,22.414402,24.70074,19.855425,22.773611,21.513052,19.561424,21.826065,17.14913,20.63263,18.861368,14.311352,13.6627865,12.309185,15.332433,15.800467,16.578257,20.412601,22.706314,25.407143,28.357035,28.607914,27.96191,27.871933,25.101278,23.990868,19.997007,23.436365,21.101458,20.492159,21.234602,22.468952,21.569042,23.08258,23.951492,21.843204,26.39337,25.856647,30.778868
31,24.377821,20.34638,19.709444,15.097018,12.601451,14.609286,8.246018,12.366577,9.08068,11.85184,14.899896,14.10302,13.109104,8.654869,5.1966257,6.655154,6.0267396,11.237354,12.590149,15.828329,18.231236,20.598846,22.93499,21.10465,20.12741,18.198133,14.585027,11.036482,8.948953,6.1876416,5.904051,0.0,7.178099,8.249637,10.216286,14.50565,14.450357,12.491962,9.086175,5.800415,6.8128014,4.5998783,6.3747525,7.6557603,9.170669,11.231313,13.540629,17.235523,19.883772,20.873623,21.918238,18.808695,22.395695,21.884436,22.446064,19.357027,17.15996,15.955888,21.17905,17.837553,13.545134,14.968246,20.226229,22.62792,24.534342,18.274988,20.151707,25.877459,24.061249,23.173965,27.519691,29.105677,27.491215,23.518955,26.645191,22.269152,26.150177,25.28622,23.538877,26.393656,21.6142,24.899145,22.321514,17.59336,15.947975,14.594364,15.790724,16.671762,15.80362,19.689625,21.931849,23.991302,26.586277,26.01075,24.529047,23.826586,21.020367,19.379196,15.873508,19.947924,17.601513,18.158869,19.071962,20.866896,20.874939,22.039307,24.20806,21.135708,25.86841,25.254187,30.223627
32,30.308096,26.433807,25.376692,20.90772,18.86985,19.206512,13.92967,15.435991,10.499669,12.882782,13.19231,11.39351,7.549853,5.963202,7.3056774,10.561242,12.271935,17.31495,19.605124,22.530779,25.140081,27.531847,29.898285,27.695477,26.467485,24.48812,20.568846,17.307384,14.026209,12.726033,6.5084968,7.178099,0.0,5.4850955,5.598099,9.830974,11.307948,9.383593,7.991126,7.2132263,5.055991,8.032882,5.727774,9.679308,13.869437,14.86383,18.696085,22.193071,25.25211,25.955767,26.680643,22.942917,25.500376,24.450436,24.316885,21.850313,19.156216,16.543684,21.282743,16.568388,12.627921,16.52762,21.122492,24.437893,25.349342,19.222965,22.98672,28.103931,27.405304,27.168257,31.958408,33.491226,32.579502,28.275087,30.983921,25.935877,28.936409,27.20799,24.705023,26.299515,21.239246,23.540125,20.919872,16.878555,16.881758,16.871998,19.086716,21.075592,21.593008,25.513866,28.052542,30.463717,33.098648,32.571526,31.409674,30.775042,27.628616,25.57854,22.017569,25.370113,21.647097,22.376251,21.852467,22.500864,22.824465,24.90541,26.890568,25.429054,30.10588,30.18175,35.09144
33,27.583548,24.059036,22.236376,18.289974,16.579035,15.331224,11.468376,11.636731,6.6308165,10.280527,10.096732,10.725409,8.063777,8.294725,7.280088,11.676585,12.993416,18.351524,20.269203,23.339025,26.004343,28.026802,30.592327,29.157923,28.137,26.387856,22.623737,19.21131,16.568901,14.4142475,10.407549,8.249637,5.4850955,0.0,4.5358973,6.6769447,8.104336,8.02823,4.980475,5.211122,7.7745013,10.757518,10.40732,13.924493,16.963238,18.590889,21.639046,25.230482,28.086994,28.85934,29.572313,26.083763,29.289238,28.029701,28.603704,26.07988,23.065224,20.869318,25.546793,20.842619,16.707886,19.76464,23.924868,26.898941,27.474936,20.91668,24.623405,29.475147,27.922064,27.982185,32.453384,34.589245,33.54526,29.562178,33.088078,27.987617,31.672838,29.764797,27.04707,28.850721,23.581795,25.287374,21.74604,17.859886,17.348825,17.966032,18.779055,21.910925,21.955992,25.779943,28.591013,30.644958,32.805878,31.477135,30.092772,29.207174,25.612679,22.907228,19.722088,22.657803,18.082651,19.831285,18.564426,19.07537,20.401379,22.55737,25.651102,24.301752,28.961487,29.496569,34.2846
34,29.4175,25.856493,24.552813,20.347643,19.195566,18.277216,14.505215,15.937315,11.084422,14.767166,14.001303,14.030772,9.553707,10.725918,10.869181,14.892742,15.902452,21.261887,22.534304,25.989956,28.162476,30.597342,32.752342,31.031517,30.252897,28.076199,24.64493,21.053074,18.587816,16.177994,11.843548,10.216286,5.598099,4.5358973,0.0,5.2205906,5.786739,4.3393087,4.4228277,6.3804617,6.1400523,10.813206,10.196274,14.444515,17.497986,19.636122,22.459396,26.657286,29.20284,30.4653,31.491838,27.992777,30.778196,29.917639,29.74071,27.060408,24.646988,22.10955,26.858507,22.046858,18.185717,22.011066,26.497375,29.740032,30.453661,24.12681,27.935898,32.952652,31.779757,31.66267,36.251404,38.112682,36.988773,32.88,35.97304,31.002869,34.31066,32.553852,29.933012,31.460434,26.27888,28.04737,24.887646,21.146969,21.081963,21.502718,22.870123,25.470776,25.4062,29.298067,31.861988,33.903923,36.24835,35.07863,33.357903,32.20312,28.973906,26.2625,23.35147,26.71551,22.326895,24.246979,23.064638,23.518253,24.897207,27.085451,30.035816,28.595167,33.29246,33.62189,38.476387
35,31.32317,28.16583,26.173634,22.608849,21.722672,19.324305,17.04736,16.51617,12.031987,15.366707,12.947017,14.208157,9.955383,13.422012,13.831479,18.236807,19.637308,25.014078,26.589443,29.885534,32.2963,34.4354,36.815113,35.42919,34.58938,32.634018,29.061941,25.537672,22.951649,20.65597,16.101135,14.50565,9.830974,6.6769447,5.2205906,0.0,4.509378,6.6787066,7.2922425,10.095016,11.355404,15.8617735,15.133462,19.296646,22.513708,24.413216,27.413673,31.387875,34.07806,35.12214,35.93719,32.35067,35.20882,33.936226,34.081154,31.668137,28.774574,26.104267,30.507114,25.340034,21.630648,25.542738,29.36428,32.639446,32.71397,26.359123,30.713814,35.204544,33.947063,34.289433,38.78853,41.010944,40.121464,36.118443,39.576717,34.329025,37.727825,35.513355,32.495193,33.632713,28.352587,29.231525,25.553001,22.450857,22.711668,23.963043,24.81438,28.39514,28.591873,32.3857,35.23469,37.214264,39.26106,37.645958,36.034115,34.853554,31.220142,28.07295,25.391052,28.026493,22.775702,25.213093,23.021631,22.789736,24.886215,27.413755,30.854002,30.221521,34.750103,35.662292,40.329567
