,0,1,2,3,4,5,6,7,8,9,10,11,12,13,14,15,16,17,18,19,20,21,22,23,24,25,26,27,28,29,30,31,32,33,34,35,36,37,38,39,40,41,42,43,44,45,46,47,48,49,50,51,52,53,54,55,56,57,58,59,60,61,62,63,64,65,66,67,68,69,70,71,72,73,74,75,76,77,78,79,80,81,82,83,84,85,86,87,88,89,90,91,92,93,94,95,96,97,98,99,100,101,102,103,104,105,106,107,108
0,0.0,4.720854,7.246845,9.374722,12.540401,14.914039,17.677977,21.15553,23.35125,27.61492,28.876566,32.229374,31.638306,29.818075,26.260525,22.788252,18.174698,16.549192,11.624918,11.887341,7.8364754,8.137942,9.472487,8.387407,12.903218,11.895911,16.09701,16.30659,18.097317,19.268768,23.640198,28.223656,30.903036,33.604237,36.586655,38.43719,41.576893,42.10937,37.861073,34.252563,34.241947,29.319393,28.179811,25.167807,24.516705,23.118837,20.743551,24.673357,25.371742,28.21581,29.903156,31.390032,31.736452,34.887733,31.363628,29.880661,26.310305,23.312435,25.094227,23.244715,21.732471,26.048166,28.882246,28.72718,34.185013,32.233234,36.674553,36.019035,38.69971,34.969364,31.45457,34.58507,31.77232,35.05841,33.009037,34.9904,35.780262,35.01223,34.98629,37.34059,34.69044,30.763865,31.170351,27.30261,25.008339,21.916985,21.20248,15.443861,17.281584,15.066823,17.894314,22.100327,22.548862,27.163654,27.666584,24.774673,26.01164,22.098434,22.409756,19.481073,20.192366,22.470053,25.231396,24.487333,28.762615,26.641754,30.94978,30.43823,34.510284
1,4.720854,0.0,5.25022,6.6312966,9.169405,12.4795885,15.158522,18.841763,21.45738,25.566757,27.435047,30.892075,30.179754,28.962248,24.511513,21.796684,16.878363,15.069948,10.764933,10.079939,7.481199,5.3743753,9.020433,9.35076,14.50164,12.631116,16.268036,15.199164,17.412533,17.163025,22.228996,25.589376,28.282845,30.98722,33.835266,35.92557,39.081326,39.959557,35.825897,32.441376,32.375298,27.940598,26.46268,24.335556,22.81447,22.516623,20.279312,24.517288,25.086023,27.425592,28.80631,29.689228,29.821802,32.653374,28.718529,27.072792,24.086016,21.061035,23.186823,22.110573,20.318277,25.261929,27.716913,28.064255,33.137417,31.497944,35.965836,35.05048,38.12357,34.7986,31.142145,34.114525,30.806181,34.15285,31.547716,33.622635,33.938168,32.82921,32.41898,34.535393,31.560108,27.78233,28.0802,24.360037,22.679203,19.09448,19.651104,14.388388,17.116655,15.891936,19.185846,23.01305,24.631077,28.723145,29.351358,26.5333,27.426704,23.016756,23.708588,19.70857,20.61084,22.958458,24.954027,23.994755,28.968462,26.197407,30.761368,30.264742,34.211704
2,7.246845,5.25022,0.0,4.8035016,7.120915,8.64533,12.187419,14.907389,18.233507,21.89498,23.947239,27.187304,26.065088,24.665836,19.988338,17.916908,12.639102,12.149621,6.8032613,9.066623,7.92075,8.438552,12.917465,13.931813,18.536913,15.739997,18.561935,17.059444,18.025145,18.177242,21.897846,25.63079,27.184175,30.86511,32.980827,35.6038,38.226658,39.222675,34.91137,31.329163,32.314415,27.55336,26.9422,25.374016,24.180449,24.552784,23.240614,27.413988,28.533968,30.894943,31.918705,32.789745,32.28939,34.871166,30.579344,28.354769,26.054337,23.51681,26.419985,25.08078,22.7025,27.22689,29.12823,29.037853,34.016335,31.557608,35.79409,34.33904,37.410275,34.33042,30.316875,32.546764,29.08833,31.83659,29.132751,30.645758,30.904284,30.231892,29.652378,32.188835,29.266508,25.414942,26.720774,23.05295,21.053562,18.28546,18.300028,14.00916,17.131287,16.25225,19.84564,23.327585,25.602396,29.308424,29.208359,26.165749,26.12178,21.728334,21.699913,17.617567,17.335419,18.89389,21.214327,20.7789,26.087315,24.089222,28.596935,28.824322,32.656406
3,9.374722,6.6312966,4.8035016,0.0,3.3292928,6.240686,8.568613,12.450647,14.834877,18.972616,20.8701,24.349825,23.713171,22.762316,18.36853,15.500856,10.747535,8.648109,5.5691895,4.612544,5.4350295,6.063563,10.980233,13.4705305,17.415201,13.515176,15.311516,13.039957,13.842309,13.540137,17.29532,20.843296,22.581606,26.093353,28.354252,30.850273,33.576805,34.537895,30.268482,26.761024,27.553802,22.941475,22.214853,21.002188,19.612041,20.544731,19.753117,23.910982,25.271742,27.40952,28.099092,28.855532,27.998327,30.452696,26.088913,23.727163,21.599337,19.320211,22.656935,21.297264,18.594564,23.062159,24.654575,24.68203,29.461514,27.123531,31.3698,29.902115,33.126865,30.216476,26.22704,28.59019,24.976234,28.033361,25.202753,27.122585,27.345427,26.335505,25.937563,28.242508,25.425112,21.533773,22.332483,18.569302,16.583881,13.590251,13.864837,9.727013,13.27931,13.22701,16.998072,20.029686,23.246134,26.381126,26.466732,23.610796,23.533138,18.806349,19.482546,14.607059,15.383659,17.861399,19.00112,17.911251,23.348936,20.451103,25.098427,25.009718,28.78567
4,12.540401,9.169405,7.120915,3.3292928,0.0,4.6787615,6.406771,10.344098,13.064618,16.897793,19.321728,22.798113,22.062042,21.677607,16.658041,14.614488,9.99595,7.9980187,6.857054,5.419281,8.207109,7.976229,13.105388,16.033619,19.898489,15.711825,16.815676,13.747457,14.370791,12.994823,16.601522,19.066742,20.412233,24.178007,26.092358,28.898643,31.469492,32.712177,28.528572,25.200327,26.221722,22.024828,21.305859,21.027323,19.131622,21.07143,20.708166,24.841347,26.23402,27.987537,28.335604,28.672688,27.460403,29.54802,24.86698,22.218767,20.863157,18.877235,22.610174,21.726032,18.769613,23.314285,24.39279,24.666323,28.991865,26.727674,30.837824,29.065672,32.537987,30.055305,25.979843,27.99702,24.02662,26.952099,23.683443,25.56306,25.373924,24.153069,23.420351,25.598204,22.555223,18.766819,19.708,16.11038,14.638515,11.528723,12.934167,10.1562195,14.138933,14.941589,18.731018,21.237001,25.197226,27.813103,27.85067,25.114798,24.647188,19.79233,20.61984,15.21289,15.952188,18.270733,18.617514,17.420887,23.273983,20.04031,24.725983,24.78498,28.330462
5,14.914039,12.4795885,8.64533,6.240686,4.6787615,0.0,4.1327333,6.380794,9.982885,13.353935,15.857444,19.111391,17.992334,17.361143,12.23344,10.643977,5.617257,5.69106,5.093017,7.181444,10.402689,12.024697,16.788359,19.611399,23.150864,18.693886,19.345512,16.483398,15.818036,15.394061,17.034658,20.17408,20.153263,24.878563,25.990646,29.214775,31.164064,32.395424,28.0575,24.512568,26.669632,22.116047,22.453726,22.50139,21.26754,23.399748,23.75931,27.64806,29.476244,31.354406,31.49821,31.9999,30.346561,32.263,27.537663,24.511265,23.641499,22.169193,26.250767,24.948725,21.727476,25.545813,26.1816,25.891148,30.094492,26.986055,30.755913,28.514633,31.839779,29.576027,25.244629,26.452553,22.475344,24.683796,21.448355,22.669828,22.539677,21.91461,21.143944,23.874825,21.087824,17.202541,19.373594,15.934146,13.873054,12.320736,12.431181,11.161357,14.90537,15.85862,19.580881,21.666225,25.945114,28.178574,27.521923,24.661863,23.31037,18.687351,18.759476,13.513115,12.931393,14.429246,14.844672,14.217884,20.34558,18.061924,22.554811,23.397947,26.767033
6,17.677977,15.158522,12.187419,8.568613,6.406771,4.1327333,0.0,5.0007615,6.6906195,10.610079,12.97799,16.461449,15.915566,15.93121,11.432448,9.079006,5.99261,4.1002703,7.83265,7.27819,11.668616,13.267337,17.525394,21.005804,23.891323,18.92299,18.513504,15.140688,13.8741665,13.029846,13.709396,16.469105,16.058783,20.962975,21.91999,25.179285,27.044855,28.281412,23.958008,20.469696,22.797594,18.450361,19.01136,19.784107,18.491173,21.367579,22.45078,26.07638,28.144531,29.742638,29.491898,29.85439,27.745335,29.390793,24.636103,21.37391,21.030222,20.10676,24.558683,23.26996,19.804253,23.185017,23.26105,22.988077,26.767466,23.617794,27.228722,24.807049,28.28626,26.361168,22.036362,23.086504,18.874943,21.217413,17.738146,19.295197,19.057348,18.10975,17.508787,20.093,17.472818,13.4842825,15.433105,11.942522,9.771949,8.702448,9.013661,9.545187,13.262043,15.176598,18.697763,20.028818,25.139845,26.636057,26.021324,23.43194,21.85606,17.158108,17.797995,12.038236,12.380269,14.551617,13.401548,12.064287,18.26529,15.135839,19.652943,20.358242,23.518368
7,21.15553,18.841763,14.907389,12.450647,10.344098,6.380794,5.0007615,0.0,5.6358466,7.2871237,10.63207,13.539089,12.073489,12.349728,6.6064377,7.110838,5.0278645,7.147427,10.156784,11.9090805,15.897756,17.832243,22.27755,25.511663,28.533518,23.622097,23.20047,19.978933,18.209404,17.660564,17.066494,19.447233,17.47804,23.195702,23.02565,26.840225,27.890156,29.331387,25.078972,21.677067,25.164345,21.005186,22.397469,23.728266,22.713074,25.85557,27.272848,30.753155,32.97163,34.533634,34.124683,34.39883,32.001263,33.33929,28.505726,24.996384,25.341244,24.747116,29.323757,28.065723,24.52983,27.51401,27.168945,26.618849,29.994387,26.31026,29.411623,26.456621,29.803816,28.372103,23.933376,23.872671,19.643064,20.847208,17.20243,17.655447,17.044456,16.809656,15.703432,18.85181,16.354124,12.646463,16.29256,13.579324,11.646734,12.227801,12.108656,13.962934,17.254677,19.117762,22.464449,23.442503,28.643967,29.804415,28.602337,25.988903,23.561047,19.340086,19.14326,14.000544,12.6424885,13.207244,11.775528,11.459342,17.810806,16.004297,19.972252,21.657146,24.342918
8,23.35125,21.45738,18.233507,14.834877,13.064618,9.982885,6.6906195,5.6358466,0.0,4.9945426,6.344023,9.917654,10.05178,10.653592,8.492417,5.233555,7.2956424,6.912443,12.460862,12.450345,16.719584,19.238867,22.726126,26.42385,28.44349,23.128664,21.568825,18.423523,15.628,15.696514,12.987727,16.094267,13.452715,19.338627,19.065351,22.596828,23.471611,24.5148,20.128986,16.504519,20.49154,16.136667,18.363132,20.031754,19.687511,23.017532,25.342575,28.276236,30.901964,32.37151,31.617546,32.102104,29.264404,30.476812,25.996744,22.407703,22.904896,23.003954,27.747124,26.036201,22.391613,24.317574,23.418976,22.454788,25.462185,21.338068,24.12513,21.009424,24.273617,23.063341,18.648138,18.297514,14.026117,15.327855,11.760361,12.728916,12.672028,12.387243,12.3617935,15.577308,14.050306,10.170078,13.333462,10.6035385,7.5286293,10.110858,8.248243,12.263821,14.67914,17.257101,20.045258,20.029947,25.88769,26.125738,24.796595,22.544155,19.788092,15.802875,16.133387,10.999737,10.813464,12.511834,8.988425,7.4368114,13.492088,10.849151,14.700324,16.349903,18.819696
9,27.61492,25.566757,21.89498,18.972616,16.897793,13.353935,10.610079,7.2871237,4.9945426,0.0,4.7132063,6.9536166,6.119959,8.434916,6.232726,7.2013607,10.210345,11.556897,16.330149,17.16976,21.42298,23.757233,27.543549,31.182716,33.391766,28.101868,26.525057,23.281668,20.465967,20.192785,17.053728,18.880352,14.817782,21.137657,19.57087,23.638783,23.564589,24.940449,20.896559,17.752722,22.690542,19.128162,21.794685,24.229158,23.794094,27.574156,30.110044,32.929737,35.575287,36.84099,35.86729,36.085815,32.966675,33.745495,29.195835,25.432802,26.765987,27.17024,32.003853,30.573118,26.905853,28.629005,27.266165,26.31008,28.627148,24.371,26.496399,22.889086,26.03208,25.612917,21.357048,19.796463,15.623268,15.473909,11.61362,11.071619,10.031947,10.523162,9.664436,13.419488,12.198242,9.129723,13.914381,12.457886,10.585365,13.817059,12.792958,17.250439,19.554417,22.14615,24.798943,24.470396,30.404118,30.255009,28.592651,26.482767,23.153296,19.74126,19.574953,15.204095,13.976421,14.196385,10.144368,9.73504,14.950216,13.580335,16.351591,18.801998,20.43064
10,28.876566,27.435047,23.947239,20.8701,19.321728,15.857444,12.97799,10.63207,6.344023,4.7132063,0.0,3.7023745,5.4092255,6.7910905,9.105796,6.8646317,11.768763,12.488167,17.68117,18.292334,22.233221,25.279074,28.368143,32.040775,33.550957,28.183596,26.088837,23.353664,19.801485,20.614063,15.995473,19.148903,14.912563,20.981924,19.470135,22.999008,22.680372,23.417364,19.271078,15.835839,21.295517,17.294767,20.851025,22.926994,23.436144,26.7291,29.77012,32.134983,35.10653,36.529034,35.478806,36.10706,32.84663,33.72924,29.642427,26.000523,26.997404,27.72305,32.478916,30.459492,26.849348,27.6418,26.10743,24.532646,26.761234,21.8677,23.576498,19.90814,22.5852,22.187456,18.015102,15.8478775,12.17701,11.371668,8.35202,7.3947144,7.9185085,9.446084,10.323713,14.084104,14.173066,11.380821,15.255265,13.803922,10.95223,15.131152,12.263794,17.230734,18.590347,21.186014,23.26458,22.29159,28.239,27.484913,25.442677,23.575335,19.79455,17.058075,16.759892,13.342084,12.286526,12.765109,7.5211105,6.8338375,10.75553,10.095815,12.078445,15.052003,16.3848
11,32.229374,30.892075,27.187304,24.349825,22.798113,19.111391,16.461449,13.539089,9.917654,6.9536166,3.7023745,0.0,3.784638,6.027237,10.329773,9.641731,14.714417,16.019197,20.879084,21.914528,25.759027,28.91429,32.013577,35.632683,37.08706,31.739212,29.573755,26.950289,23.263676,24.1874,19.200853,22.039377,17.227806,23.226128,21.036638,24.595863,23.582014,24.269384,20.462217,17.39946,23.369537,19.788744,23.702837,25.977255,26.68863,30.001764,33.227276,35.419495,38.47681,39.858475,38.697697,39.315296,35.90167,36.593166,32.627888,28.966188,30.254467,31.174025,35.932888,33.891235,30.30318,30.771212,29.000822,27.262596,29.078375,23.998934,25.11722,21.245024,23.532215,23.6511,19.76903,16.669113,13.619697,11.410967,9.113136,6.322748,6.8349295,9.697419,10.632898,14.424662,15.242077,13.265222,17.469402,16.66462,14.224714,18.610392,15.804943,20.842983,21.981247,24.4925,26.355938,25.116995,30.954384,29.856823,27.500145,25.806366,21.631697,19.559025,18.865974,16.304396,14.712772,14.296991,9.139204,9.3578615,11.600412,12.35294,13.085954,16.622942,17.192314
12,31.638306,30.179754,26.065088,23.713171,22.062042,17.992334,15.915566,12.073489,10.05178,6.119959,5.4092255,3.784638,0.0,4.369982,7.397538,9.189212,13.549097,15.93222,20.04427,21.951742,25.756672,28.786137,32.368786,35.793777,37.760235,32.522,30.878347,28.140078,24.79042,25.454573,21.32041,23.934723,19.2849,25.525814,23.326473,27.225925,26.314318,27.336903,23.534647,20.50722,26.263325,22.615112,26.130953,28.300245,28.644432,31.98142,34.81367,37.352013,40.258312,41.71993,40.722855,41.229813,37.97947,38.738033,34.473293,30.737427,32.015434,32.60559,37.40245,35.55339,31.918224,32.98135,31.479378,29.940931,32.064575,27.140125,28.563847,24.744339,27.178759,27.088829,23.049852,20.284103,17.058681,15.1702175,12.586036,9.984655,9.628044,12.135888,11.936457,15.890853,15.956977,13.911072,18.819342,17.898363,15.730531,19.539915,17.31662,21.763597,23.419434,25.674564,27.912785,27.21273,32.82966,32.27075,29.909252,27.918762,23.809677,21.449478,20.356974,17.547352,15.09199,13.761035,9.596568,10.68109,13.935461,15.052168,16.344248,19.856424,20.770374
13,29.818075,28.962248,24.665836,22.762316,21.677607,17.361143,15.93121,12.349728,10.653592,8.434916,6.7910905,6.027237,4.369982,0.0,7.6191673,7.559938,12.13989,15.01922,18.353338,21.077284,24.319012,27.955381,31.312698,34.423668,36.271484,31.219282,29.867369,27.661661,24.151062,25.711306,21.624588,25.631855,21.654839,27.749113,26.184837,29.753454,29.206812,29.856365,25.809736,22.368235,27.868326,23.439505,27.05056,28.294472,29.157005,31.709188,34.34543,36.8974,39.88381,41.721394,41.005013,41.919754,38.92892,40.09201,35.95803,32.35909,32.894638,33.196907,37.847057,35.546215,31.991945,32.98315,31.930004,30.02427,32.759808,27.500208,29.13797,25.617973,27.712294,26.980875,22.863052,20.403254,17.684341,15.988123,14.314308,11.98895,12.83951,15.4222,15.780963,19.73823,19.712852,17.156965,21.672167,20.09793,17.154972,20.66339,17.391825,20.97887,22.330109,24.030998,26.150986,25.70226,30.749191,30.503826,27.829557,25.640446,21.384178,19.350273,17.539654,15.568088,12.15544,9.957516,6.5943823,8.868339,11.718441,14.271649,15.555697,19.295116,20.638554
14,26.260525,24.511513,19.988338,18.36853,16.658041,12.23344,11.432448,6.6064377,8.492417,6.232726,9.105796,10.329773,7.397538,7.6191673,0.0,7.318289,8.4630785,12.290509,14.801648,17.853136,21.441402,24.030922,28.320538,31.35869,34.201813,29.2901,28.685629,25.806326,23.346283,23.520296,21.444378,24.05972,20.683022,26.914244,25.634113,29.726788,29.775969,31.163637,27.070955,23.777454,28.488096,24.402182,26.822487,28.40373,28.022163,31.13094,33.011868,36.21466,38.717644,40.359825,39.8018,40.198254,37.492195,38.616398,33.907513,30.239258,30.995855,30.779816,35.455456,33.93005,30.335136,32.635456,31.90111,30.84238,33.838146,29.437685,31.838799,28.416563,31.328344,30.401827,26.005627,24.61741,20.8296,20.459093,17.253363,16.062202,15.40442,16.542723,15.353461,19.106367,17.464308,14.55575,19.476067,17.659592,15.655449,17.755308,16.570297,19.34089,21.96754,23.705317,26.67037,27.14921,32.29669,32.961636,31.01614,28.477797,25.089663,21.763126,20.581553,16.756973,13.762696,12.19936,10.466818,11.719086,17.092493,17.372334,20.21896,23.04309,25.04568
15,22.788252,21.796684,17.916908,15.500856,14.614488,10.643977,9.079006,7.110838,5.233555,7.2013607,6.8646317,9.641731,9.189212,7.559938,7.318289,0.0,5.5287137,7.489145,11.386781,13.528653,16.858788,20.455935,23.769257,26.955046,28.91248,23.838509,22.746187,20.453075,17.30592,18.850637,15.901711,20.647194,18.187185,23.933016,23.710474,26.997684,27.666965,28.320408,23.863697,19.983461,24.236086,19.172783,21.888464,22.452698,22.980526,25.228378,27.372202,30.263077,33.04729,35.007122,34.567375,35.55575,32.964535,34.538708,30.29964,26.880465,26.665092,26.488811,31.012203,28.706184,25.188902,26.834288,26.380579,24.794472,28.335764,23.576803,26.247927,23.268904,25.916273,24.246449,19.790022,19.140074,15.707576,16.256878,13.883885,13.849154,14.739226,15.676089,16.060535,19.683975,18.634043,14.999981,18.44622,15.728879,12.18486,14.570573,11.090373,13.680241,15.515441,17.173157,19.792292,20.047184,25.151417,25.696867,23.708899,21.163649,17.871395,14.446846,13.4319,9.536595,6.9817367,7.412549,4.6784425,4.946404,11.026085,10.908546,14.285003,16.735214,19.368216
16,18.174698,16.878363,12.639102,10.747535,9.99595,5.617257,5.99261,5.0278645,7.2956424,10.210345,11.768763,14.714417,13.549097,12.13989,8.4630785,5.5287137,0.0,5.0303717,6.554853,10.081116,13.137298,16.325691,20.306435,23.146847,25.925568,21.18966,21.145378,18.759102,16.696283,17.659616,16.957014,21.321695,20.060034,25.451933,25.905647,29.222391,30.53204,31.463531,26.987246,23.168983,26.435644,21.393559,22.984383,23.04365,22.84828,24.819176,26.007534,29.455072,31.809555,33.882828,33.830276,34.69782,32.627422,34.47627,29.973824,26.727482,26.035294,25.129442,29.434122,27.46466,24.076822,26.824343,27.05382,25.992638,30.082329,26.008171,29.311436,26.723827,29.661736,27.533823,23.068645,23.42357,19.77152,21.15463,18.40528,18.91104,19.293509,19.546621,19.25422,22.581903,20.574293,16.689476,19.765282,16.558464,13.536548,13.994943,11.898156,12.230568,15.055632,16.095642,19.385159,20.792496,25.287542,26.91981,25.471012,22.596663,20.256594,16.171198,15.364099,10.78278,8.562221,9.212928,9.529175,9.630231,15.698617,14.774897,18.812468,20.49986,23.642612
17,16.549192,15.069948,12.149621,8.648109,7.9980187,5.69106,4.1002703,7.147427,6.912443,11.556897,12.488167,16.019197,15.93222,15.01922,12.290509,7.489145,5.0303717,0.0,6.245644,6.0838785,9.9291115,13.064689,16.500101,19.875065,22.150785,17.06937,16.482069,13.8560915,11.770566,12.731692,12.413709,17.246595,17.057665,21.769007,23.056526,25.865194,27.776964,28.502998,23.998987,20.143559,22.51212,17.35768,18.424585,18.18948,17.912262,19.827961,21.10176,24.515224,26.890245,28.899742,28.809755,29.749245,27.729635,29.730669,25.387774,22.313734,21.192629,20.286354,24.577686,22.482822,19.073824,21.834694,22.193802,21.299715,25.5738,21.900923,25.567858,23.377935,26.483002,24.067432,19.70616,21.003431,17.275639,19.74156,17.028355,18.658184,19.250317,18.748434,18.934557,21.741787,19.769001,15.698267,17.385637,13.7002325,10.354228,10.0422735,7.571643,7.305695,10.417438,11.979149,15.380837,16.747435,21.641224,23.209454,22.338223,19.619066,18.00557,13.342226,13.795108,8.134017,8.702954,11.655004,10.963001,9.46517,15.292101,12.524986,17.094841,17.767982,21.246119
18,11.624918,10.764933,6.8032613,5.5691895,6.857054,5.093017,7.83265,10.156784,12.460862,16.330149,17.68117,20.879084,20.04427,18.353338,14.801648,11.386781,6.554853,6.245644,0.0,6.375116,7.5076623,10.959358,14.860744,17.09895,20.319885,16.169607,17.390991,15.66776,14.823772,16.0972,17.591825,22.476675,22.992311,27.369259,28.979156,31.7236,33.86526,34.62085,30.135342,26.286448,28.196829,22.945267,23.43751,22.168604,21.819748,22.591604,22.626144,26.416811,28.34632,30.769186,31.308344,32.446842,31.167858,33.578457,29.294504,26.598192,24.704828,22.959127,26.620043,24.550116,21.598827,25.075562,26.329594,25.543806,30.391956,27.007866,30.920221,29.097832,31.98992,29.082077,24.854712,26.506414,23.153036,25.51113,23.081558,24.350723,24.979021,24.734205,24.599874,27.506655,25.165722,21.145725,22.988579,19.276693,16.383152,15.006897,13.295095,10.269171,13.2335615,13.004599,16.620686,19.303915,22.594322,25.442146,24.655712,21.573118,20.589796,16.211544,15.831986,11.501962,10.701923,12.511192,14.44609,14.038858,19.370493,17.79826,22.174467,22.870098,26.586353
19,11.887341,10.079939,9.066623,4.612544,5.419281,7.181444,7.27819,11.9090805,12.450345,17.16976,18.292334,21.914528,21.951742,21.077284,17.853136,13.528653,10.081116,6.0838785,6.375116,0.0,4.709251,7.098838,10.534722,14.013034,16.649965,11.7766285,12.178028,9.602557,9.477675,9.889496,12.840584,17.327486,19.183836,22.538137,25.013056,27.19643,29.97737,30.640118,26.313833,22.696543,23.40565,18.521914,18.030907,16.685833,15.758709,16.761639,16.777966,20.679482,22.523361,24.678917,25.083595,26.089476,24.844109,27.325214,23.146973,20.687712,18.416023,16.589588,20.303963,18.360428,15.334064,19.18856,20.547903,20.290745,25.107122,22.55397,26.797642,25.416595,28.578856,25.61719,21.669025,24.246876,20.762243,24.12853,21.564545,23.877453,24.429016,23.318516,23.465796,25.675636,23.318165,19.345512,19.63119,15.696031,13.124639,10.469206,9.632597,5.1405315,8.871462,9.551178,13.334554,15.865745,19.833174,22.406315,22.522043,19.83003,19.741827,14.865169,16.162462,10.908201,12.9296465,16.384817,16.6052,14.876502,19.945583,16.397394,21.060064,20.624573,24.43291
20,7.8364754,7.481199,7.92075,5.4350295,8.207109,10.402689,11.668616,15.897756,16.719584,21.42298,22.233221,25.759027,25.756672,24.319012,21.441402,16.858788,13.137298,9.9291115,7.5076623,4.709251,0.0,5.3280935,7.531331,10.121214,12.948938,8.776822,10.855904,9.938576,10.74069,12.293337,15.872065,20.9752,23.444792,26.260118,29.173347,30.960123,33.98789,34.396015,30.101915,26.444012,26.628485,21.561117,20.765388,18.146978,17.69979,17.095436,16.055094,20.005816,21.54914,24.206377,25.212057,26.689747,26.156189,29.10112,25.394178,23.480127,20.236658,17.857939,20.694998,18.354673,15.987464,19.893295,22.119625,21.741135,27.061817,24.748367,29.13926,28.27847,31.094877,27.594208,23.932919,27.017399,24.06086,27.545729,25.484144,27.790022,28.675516,27.737492,28.065723,30.309385,28.01809,24.04621,24.145416,20.194666,17.538946,14.787855,13.438478,7.616851,9.870996,8.645897,12.207668,15.789324,18.165213,21.763977,22.149681,19.336468,20.109758,15.61085,16.689253,12.655868,14.56902,17.948465,19.322786,17.88406,22.250053,19.261673,23.707134,23.007256,27.02679
21,8.137942,5.3743753,8.438552,6.063563,7.976229,12.024697,13.267337,17.832243,19.238867,23.757233,25.279074,28.91429,28.786137,27.955381,24.030922,20.455935,16.325691,13.064689,10.959358,7.098838,5.3280935,0.0,5.4376583,8.239543,12.332856,9.068673,11.777803,10.03916,12.732888,11.974723,17.59058,20.755878,24.042583,26.1711,29.418163,31.135181,34.538353,35.277977,31.262545,28.026897,27.405422,23.213816,21.338833,19.249289,17.489277,17.40888,15.403309,19.71732,20.45895,22.623283,23.753738,24.61084,24.536734,27.38339,23.523365,21.951275,18.754532,15.788256,18.176058,16.99706,15.008602,20.059599,22.433846,23.005419,27.945906,26.674156,31.198652,30.482502,33.63952,30.393316,26.928228,30.254843,26.957108,30.730911,28.161644,30.743572,31.1079,29.621119,29.512772,31.27855,28.510141,24.782957,24.248255,20.486326,18.894192,14.969341,15.775565,10.349111,13.051588,12.493777,15.772987,19.21277,21.583288,25.156015,26.17465,23.640558,24.774794,20.153727,21.702581,17.215685,19.368881,22.626057,23.550743,21.920298,26.698313,22.977934,27.560158,26.528954,30.41244
22,9.472487,9.020433,12.917465,10.980233,13.105388,16.788359,17.525394,22.27755,22.726126,27.543549,28.368143,32.013577,32.368786,31.312698,28.320538,23.769257,20.306435,16.500101,14.860744,10.534722,7.531331,5.4376583,0.0,4.432656,7.0727825,4.458683,8.366433,8.568381,12.090287,12.406564,18.114372,21.91763,26.046156,27.186003,31.10917,32.04423,35.815674,36.096565,32.243736,29.096498,27.56009,23.408554,21.087317,17.7088,16.551626,14.681662,11.640314,15.753696,16.188404,18.812252,20.476963,21.984936,22.600931,25.947626,22.960825,22.136751,17.777111,14.570398,15.80382,13.904637,12.839884,17.499285,20.696648,21.241997,26.462593,25.758432,30.361715,30.38432,33.167908,29.481094,26.576221,30.63482,27.95481,32.132168,30.16329,33.12208,33.9085,32.351578,32.756393,34.315716,31.924332,28.251266,26.970299,23.221718,21.40824,17.621258,17.612453,11.614684,12.712217,11.314633,13.598474,17.307833,18.43635,22.414042,24.1133,21.911537,24.101042,19.947794,21.99925,18.420925,21.434364,25.22244,26.171394,24.259256,28.096334,24.174818,28.440466,26.718542,30.660036
23,8.387407,9.35076,13.931813,13.4705305,16.033619,19.611399,21.005804,25.511663,26.42385,31.182716,32.040775,35.632683,35.793777,34.423668,31.35869,26.955046,23.146847,19.875065,17.09895,14.013034,10.121214,8.239543,4.432656,0.0,5.545983,6.6889057,11.530044,12.768206,16.097626,16.823668,22.367981,26.330687,30.461727,31.580927,35.539875,36.42969,40.233627,40.46388,36.613937,33.425934,31.846796,27.62598,25.334003,21.569689,20.68378,18.121775,14.486005,18.181206,18.096079,20.925882,23.075796,24.767075,25.961308,29.445414,26.781244,26.246918,21.690916,18.338028,18.7618,16.979263,16.58048,20.948124,24.481812,24.936417,30.260435,29.63382,34.21379,34.42033,37.00609,33.094776,30.313982,34.441135,31.966808,36.054466,34.24137,37.05489,37.940315,36.54144,36.903,38.58473,36.116035,32.398575,31.313105,27.55133,25.677963,21.937284,21.739902,15.572831,16.382547,14.234335,16.074612,20.15384,19.934778,24.547932,26.297249,24.063044,26.596434,22.811644,24.46066,21.548347,24.09361,27.548073,29.20938,27.593073,31.256308,27.843916,32.013874,30.364492,34.37656
24,12.903218,14.50164,18.536913,17.415201,19.898489,23.150864,23.891323,28.533518,28.44349,33.391766,33.550957,37.08706,37.760235,36.271484,34.201813,28.91248,25.925568,22.150785,20.319885,16.649965,12.948938,12.332856,7.0727825,5.545983,0.0,5.48817,9.493028,12.493219,15.561543,17.323898,22.129534,26.703403,31.220543,31.620531,35.97729,36.19072,40.152775,39.907085,36.234028,33.14423,30.962906,26.803968,24.437523,19.716314,19.717503,15.661913,11.722417,14.53758,14.422028,17.761526,20.237143,22.69885,24.229086,28.020536,26.242624,26.206831,20.97255,17.926485,17.560352,14.824685,15.229589,18.400034,22.401518,22.594936,27.979969,27.701944,32.1567,32.99792,35.13235,30.925236,28.746881,33.365383,31.543928,35.861774,34.66255,37.756165,39.04129,37.63464,38.515846,40.039097,38.029045,34.37257,32.750336,29.050323,26.912685,23.570492,22.5526,16.534887,15.977344,13.48847,13.999656,17.816772,16.372969,21.04702,23.379862,21.629309,25.009117,21.864094,23.968786,21.9371,25.218092,29.134464,30.505836,28.607866,31.3028,27.762003,31.480505,29.264069,33.17942
25,11.895911,12.631116,15.739997,13.515176,15.711825,18.693886,18.92299,23.622097,23.128664,28.101868,28.183596,31.739212,32.522,31.219282,29.2901,23.838509,21.18966,17.06937,16.169607,11.7766285,8.776822,9.068673,4.458683,6.6889057,5.48817,0.0,4.974952,7.454094,10.238594,12.332689,16.834003,21.810686,25.981588,26.8209,30.935453,31.412481,35.181946,35.012466,31.172537,27.941353,26.219255,21.761593,19.725855,15.325621,15.3504,12.076017,9.263833,12.873345,13.879228,17.075285,18.812897,21.091278,21.647245,25.252438,22.869898,22.22552,17.341839,14.588075,15.612319,12.43365,11.612388,15.037577,18.575401,18.555235,24.08504,23.22098,27.75873,28.187912,30.562983,26.53768,23.970066,28.374905,26.278341,30.571268,29.219482,32.31779,33.558094,32.156033,33.08067,34.66148,32.75608,29.065762,27.572926,23.81546,21.487038,18.361004,17.064613,11.082053,10.665805,8.626435,9.945283,13.714133,14.157766,18.255878,20.207882,18.221926,20.992643,17.298132,19.663252,16.930174,20.529919,24.698612,25.52079,23.43566,26.369726,22.518291,26.408419,24.317394,28.264814
26,16.09701,16.268036,18.561935,15.311516,16.815676,19.345512,18.513504,23.20047,21.568825,26.525057,26.088837,29.573755,30.878347,29.867369,28.685629,22.746187,21.145378,16.482069,17.390991,12.178028,10.855904,11.777803,8.366433,11.530044,9.493028,4.974952,0.0,4.6159244,6.599853,9.517846,12.955548,18.290514,22.60226,22.948236,27.232182,27.285364,31.080929,30.633278,26.91218,23.8011,21.725176,17.35119,15.299097,10.454464,11.17286,7.3941417,6.050352,9.3587885,11.433086,14.5031395,15.629881,18.16853,18.083609,21.653574,19.543938,18.878452,13.895602,11.902972,13.437047,9.339765,8.031969,10.398888,13.828858,13.590464,19.169909,18.368206,22.895407,23.542837,25.856272,21.879343,19.570608,24.2626,22.404266,26.94146,25.865337,29.282286,30.668211,29.115108,30.432732,31.754185,30.288237,26.78044,24.760529,21.186024,18.775484,16.16774,14.360084,9.400923,7.7604136,6.966217,7.4317093,10.025846,11.913137,14.827211,17.090681,15.550539,18.361319,14.746178,17.91938,15.139136,19.629623,24.246922,24.07498,21.536203,23.902504,19.400812,23.004696,20.405111,24.179277
27,16.30659,15.199164,17.059444,13.039957,13.747457,16.483398,15.140688,19.978933,18.423523,23.281668,23.353664,26.950289,28.140078,27.661661,25.806326,20.453075,18.759102,13.8560915,15.66776,9.602557,9.938576,10.03916,8.568381,12.768206,12.493219,7.454094,4.6159244,0.0,4.6674886,5.0639377,10.111677,14.370762,18.761108,19.373438,23.525856,24.011309,27.809149,27.793224,24.013487,20.984148,19.101007,15.018617,12.60553,9.383126,8.389373,7.572157,7.345667,11.188089,13.115347,15.239092,15.677501,17.249718,16.457527,19.59386,16.554247,15.305027,10.997633,8.98943,11.954523,8.9683485,6.182493,10.197624,12.628673,13.084578,18.167986,17.387083,21.994703,22.026325,24.95544,21.583212,18.811895,23.074682,20.443363,25.003447,23.221714,26.712055,27.624466,25.753645,26.731743,27.892881,26.151741,22.70634,20.555405,16.973576,15.01019,11.843487,11.262641,6.8401504,6.9094996,8.101109,9.955129,11.776672,15.518037,17.574677,19.378237,17.715252,19.502554,15.212593,18.420742,14.297786,18.727362,23.270144,22.45061,19.746025,22.997646,17.879402,21.895758,19.559072,23.219654
28,18.097317,17.412533,18.025145,13.842309,14.370791,15.818036,13.8741665,18.209404,15.628,20.465967,19.801485,23.263676,24.79042,24.151062,23.346283,17.30592,16.696283,11.770566,14.823772,9.477675,10.74069,12.732888,12.090287,16.097626,15.561543,10.238594,6.599853,4.6674886,0.0,5.9275074,6.713406,13.37592,16.660244,18.029022,21.679615,22.292418,25.6237,25.324055,21.261446,17.818258,16.889305,11.786529,10.863333,7.563187,8.512794,8.213365,10.215081,12.980319,15.776709,17.951674,17.904537,19.734533,18.122805,20.941332,17.954025,16.125132,12.653406,11.898383,15.3915205,11.912626,8.815915,10.466402,11.912057,11.078122,16.395802,14.207114,18.72722,18.423092,21.208551,17.734936,14.589557,18.686764,16.218206,20.70164,19.322077,22.756483,24.074738,22.552576,23.990894,25.43985,24.225967,20.697697,18.995972,15.389536,12.47917,10.8109,7.9132543,4.7136354,2.9627264,5.953229,7.6526637,8.3616085,13.60662,14.781344,15.904896,14.180522,15.31663,10.9541855,14.409366,10.361247,15.249096,19.99553,18.682915,15.806021,18.522207,13.366687,17.279383,14.999129,18.771585
29,19.268768,17.163025,18.177242,13.540137,12.994823,15.394061,13.029846,17.660564,15.696514,20.192785,20.614063,24.1874,25.454573,25.711306,23.520296,18.850637,17.659616,12.731692,16.0972,9.889496,12.293337,11.974723,12.406564,16.823668,17.323898,12.332689,9.517846,5.0639377,5.9275074,0.0,7.3233023,9.596427,14.054197,14.838745,18.80523,19.677618,23.415586,23.803654,20.047625,17.237135,15.5607605,12.1109705,9.442557,8.940401,6.151362,9.277277,10.640645,13.913015,15.859972,16.964369,16.478441,17.042107,15.169842,17.51075,13.555314,11.406551,8.666678,7.6958895,12.174132,10.558114,6.9516773,10.818679,11.528386,12.569612,16.604658,15.84769,20.262869,19.645086,23.141016,20.60385,17.581566,21.233643,17.919453,22.429684,19.988617,23.61549,24.015026,21.722733,22.461527,23.289848,21.44807,18.216816,15.635996,12.19154,10.931513,7.3753743,8.651295,7.0749207,8.446482,11.272688,13.393025,14.039469,19.166903,20.137926,21.536028,20.014465,20.812265,16.308588,19.543653,14.533801,18.81089,23.163345,21.308182,18.382908,22.15715,16.398737,20.49769,18.377827,21.639738
30,23.640198,22.228996,21.897846,17.29532,16.601522,17.034658,13.709396,17.066494,12.987727,17.053728,15.995473,19.200853,21.32041,21.624588,21.444378,15.901711,16.957014,12.413709,17.591825,12.840584,15.872065,17.59058,18.114372,22.367981,22.129534,16.834003,12.955548,10.111677,6.713406,7.3233023,0.0,8.440307,10.501338,12.297128,15.373616,16.184217,19.12231,18.887186,14.671437,11.15728,11.063246,5.731105,6.390508,7.190186,7.791347,11.050423,14.717428,16.557299,19.526451,20.68983,19.55752,20.59564,17.64028,19.37176,16.058683,13.351308,12.171688,13.186067,17.503939,14.956033,11.534814,11.695873,10.528909,9.618366,13.199094,10.19313,14.278439,12.9670725,16.44574,14.164706,10.670084,13.926912,10.694382,15.373832,13.583693,17.466377,18.526114,16.599407,18.385893,19.436953,18.822515,15.7263155,13.541802,10.489167,7.634209,8.082381,5.108594,8.326366,7.856913,11.72136,12.911516,11.438209,18.008099,17.21652,17.691736,16.555328,16.176352,12.243483,15.696362,11.271297,15.888303,20.298943,17.168007,13.849671,16.361294,10.067416,13.626002,11.342999,14.38044
31,28.223656,25.589376,25.63079,20.843296,19.066742,20.17408,16.469105,19.447233,16.094267,18.880352,19.148903,22.039377,23.934723,25.631855,24.05972,20.647194,21.321695,17.246595,22.476675,17.327486,20.9752,20.755878,21.91763,26.330687,26.703403,21.810686,18.290514,14.370762,13.37592,9.596427,8.440307,0.0,6.2074327,5.415679,9.432915,10.411098,14.155453,15.110325,11.869293,10.3765745,8.478331,8.589163,6.3050046,11.596493,8.563565,14.68194,17.816883,19.521914,21.56684,21.243029,19.283188,18.528572,14.792661,14.954682,10.630222,6.9502625,9.65682,11.876841,16.349482,16.17764,13.126279,14.1815605,11.629063,13.208539,13.797067,13.593808,16.630081,15.075732,19.223198,18.771858,16.288406,18.486881,14.756102,18.795666,15.76245,19.693794,19.217415,15.950301,16.742977,16.160902,15.0547285,13.212016,8.481585,7.143375,8.627352,7.868869,10.926659,14.435205,15.405357,19.133373,20.616434,19.376968,25.630901,24.651213,25.620201,24.82031,24.439415,20.626324,23.86933,18.95083,22.819046,26.645756,22.898355,19.761486,22.968199,16.678814,19.650562,17.669338,19.362732
32,30.903036,28.282845,27.184175,22.581606,20.412233,20.153263,16.058783,17.47804,13.452715,14.817782,14.912563,17.227806,19.2849,21.654839,20.683022,18.187185,20.060034,17.057665,22.992311,19.183836,23.444792,24.042583,26.046156,30.461727,31.220543,25.981588,22.60226,18.761108,16.660244,14.054197,10.501338,6.2074327,0.0,6.3551426,6.0030146,9.364075,11.084561,12.636788,8.9000225,7.2055264,9.429872,9.449919,10.42948,15.744373,14.055286,19.70005,23.188675,24.90134,27.289907,27.213245,25.224983,24.60025,20.675333,20.406977,16.362684,12.668786,15.840679,17.92557,22.511435,22.015839,18.758577,19.316813,16.409086,16.873648,16.919771,15.047723,17.003582,14.059059,18.24855,18.82658,15.937857,16.22478,11.957038,14.777664,10.997977,14.513638,13.444169,9.931498,10.770304,10.140296,9.749235,8.367367,4.2297025,4.7751813,6.7203026,9.207691,11.207846,16.628536,17.821033,21.686863,23.330854,21.699863,28.397266,26.942476,26.997126,26.108362,24.530027,21.043802,23.60444,18.828022,21.717272,24.793697,20.209862,17.355925,20.46669,14.830164,17.210833,16.387054,17.30436
33,33.604237,30.98722,30.86511,26.093353,24.178007,24.878563,20.962975,23.195702,19.338627,21.137657,20.981924,23.226128,25.525814,27.749113,26.914244,23.933016,25.451933,21.769007,27.369259,22.538137,26.260118,26.1711,27.186003,31.580927,31.620531,26.8209,22.948236,19.373438,18.029022,14.838745,12.297128,5.415679,6.3551426,0.0,5.3657684,5.055802,9.154287,10.268013,8.069154,8.573241,6.027704,9.720957,8.526869,14.628946,12.392986,18.255713,21.874998,22.778717,24.830458,23.96666,21.46359,20.341297,16.071358,15.025177,11.754925,8.709833,12.891459,15.910404,19.759027,19.862745,17.289984,16.998703,13.408783,14.928953,13.304847,13.748237,15.379717,13.655861,17.693623,18.587091,16.966785,18.313475,15.107796,18.52158,15.820516,19.673399,18.916704,15.362367,16.446644,14.765295,14.747513,14.2664995,8.952,9.878966,11.986024,12.728824,15.112001,19.419119,19.922644,23.725876,24.755344,22.781086,29.125088,27.251894,28.12635,27.809729,27.13145,23.946716,27.185461,22.777575,26.50965,30.10789,25.712263,22.610846,24.971476,18.881937,20.796549,18.792097,19.357122
34,36.586655,33.835266,32.980827,28.354252,26.092358,25.990646,21.91999,23.02565,19.065351,19.57087,19.470135,21.036638,23.326473,26.184837,25.634113,23.710474,25.905647,23.056526,28.979156,25.013056,29.173347,29.418163,31.10917,35.539875,35.97729,30.935453,27.232182,23.525856,21.679615,18.80523,15.373616,9.432915,6.0030146,5.3657684,0.0,4.8249288,5.7095013,8.287572,6.5539317,8.115295,9.140278,12.485109,13.07073,19.070192,17.300117,23.097324,26.81384,27.870869,30.065004,29.315422,26.823338,25.64905,21.364832,20.016226,16.785929,13.655219,18.100845,20.894629,24.94112,25.027641,22.243761,22.00336,18.354004,19.250465,17.382793,16.73788,17.405571,14.663634,18.537569,20.41696,18.633183,18.396069,15.024302,17.122068,14.016507,17.178083,15.688567,11.96774,12.787864,10.297681,11.180321,11.953509,7.4323835,10.151278,12.710878,14.805373,17.008274,22.289444,23.10472,26.996,28.232311,26.11206,32.73379,30.61434,30.874523,30.477919,28.976723,26.008976,28.726679,24.392271,27.345219,30.295912,25.379282,22.611135,24.886646,19.484993,20.839912,19.767715,19.593016
35,38.43719,35.92557,35.6038,30.850273,28.898643,29.214775,25.179285,26.840225,22.596828,23.638783,22.999008,24.595863,27.225925,29.753454,29.726788,26.997684,29.222391,25.865194,31.7236,27.19643,30.960123,31.135181,32.04423,36.42969,36.19072,31.412481,27.285364,24.011309,22.292418,19.677618,16.184217,10.411098,9.364075,5.055802,4.8249288,0.0,4.7786083,5.804192,5.8059473,8.739179,6.8133006,12.19013,12.152838,18.079607,16.649183,22.051361,26.01197,26.341064,28.470856,27.36387,24.573776,23.40544,18.969744,17.232775,15.14794,12.850799,17.128996,20.441816,23.881975,23.93542,21.646027,20.3937,16.328625,17.44997,14.311567,14.922628,15.011952,13.190618,16.70719,18.875519,18.096443,18.513039,16.083544,18.64232,16.564487,20.079546,19.242517,15.800332,17.238354,14.816831,16.001642,16.566292,11.758055,13.731175,15.721981,17.378208,19.061415,23.85874,23.993067,27.806412,28.476566,25.94635,32.27409,29.676449,30.363798,30.442297,29.468058,26.901045,30.04193,26.179022,29.738068,33.10545,28.263386,25.268608,26.773102,21.118435,22.021902,20.12577,19.638407
36,41.576893,39.081326,38.226658,33.576805,31.469492,31.164064,27.044855,27.890156,23.471611,23.564589,22.680372,23.582014,26.314318,29.206812,29.775969,27.666965,30.53204,27.776964,33.86526,29.97737,33.98789,34.538353,35.815674,40.233627,40.152775,35.181946,31.080929,27.809149,25.6237,23.415586,19.12231,14.155453,11.084561,9.154287,5.7095013,4.7786083,0.0,3.6681607,5.5419183,9.389778,10.222246,14.84307,16.06089,21.83738,20.885378,26.168245,30.301373,30.657097,32.969086,32.00495,29.228163,28.159836,23.715595,21.905754,19.881836,17.451061,21.75112,24.962088,28.571491,28.448294,25.995455,24.612963,20.507402,21.048435,17.814404,17.453869,16.605854,14.07232,17.114628,20.197874,19.487606,18.548267,16.393938,17.695124,15.805097,18.602047,17.445133,14.266396,15.790037,12.920958,15.197912,16.626974,12.913149,15.60448,17.500616,20.095688,21.323322,26.766428,26.956684,30.807869,31.507172,28.755173,35.232567,32.313587,32.491226,32.605263,30.997282,28.788553,31.526958,27.95373,30.956589,33.829945,28.601627,25.89266,26.96809,22.024792,22.219679,21.016499,19.753325
