,0,1,2,3,4,5,6,7,8,9,10,11,12,13,14,15,16,17,18,19,20,21,22,23,24,25,26,27,28,29,30,31,32,33,34,35,36,37,38,39,40,41,42,43,44,45,46,47,48,49,50,51,52,53,54,55,56,57,58,59,60,61,62,63,64,65,66,67,68,69,70,71,72,73,74,75,76,77,78,79,80,81,82,83,84,85,86,87,88,89,90,91,92,93,94,95,96,97,98,99,100,101,102,103,104,105,106,107,108
0,0.0,4.2705946,6.3798413,9.559274,12.299609,14.29094,17.650812,21.215452,24.230785,26.418886,30.168463,31.364285,33.989117,31.198029,34.93968,30.862438,30.9344,30.929884,30.168503,33.06031,32.32481,33.314827,35.72337,36.838135,36.97743,35.38676,36.60758,37.360256,36.227947,39.793625,34.664745,41.050064,36.24072,38.412838,36.406704,32.988453,31.174774,33.229206,31.090605,28.380516,27.390177,29.53626,27.53439,23.19337,24.974396,26.800644,21.106907,19.470675,22.340422,23.054022,27.779003,25.24041,27.95097,30.159565,31.507704,34.1039,31.67433,35.858414,37.376083,33.277634,34.552166,38.9513,41.817066,43.004753,38.090775,36.864895,42.13904,41.656315,37.27277,40.630367,43.148052,41.077858,37.45082,41.51133,37.395855,40.119717,36.737797,32.62291,31.985632,27.470331,24.82125,21.976141,20.658922,24.08285,26.448183,28.565207,32.009644,36.32762,39.39217,43.01741,44.818977,48.331364,49.042503,46.360874,47.097862,42.341694,43.77968,44.774162,41.711353,36.45466,35.294216,34.214336,29.616516,28.952662,23.47944,24.987776,20.421133,20.768957,17.825819
1,4.2705946,0.0,5.1995106,6.4534807,9.136925,12.407715,14.582502,18.957932,21.552563,23.847841,27.57926,28.583347,30.936537,27.919317,31.314686,27.43496,27.180586,27.417416,26.261251,29.475391,28.751097,29.593481,32.319614,33.280113,33.246613,31.51706,33.004173,33.670498,32.82678,36.325367,31.609295,38.17569,33.607773,36.150875,33.977615,30.283913,28.842472,31.300697,28.797995,25.814402,25.527082,27.727621,25.199156,21.062769,23.596321,25.103542,18.843092,17.995165,21.441153,22.384266,26.696518,23.909126,27.411457,29.45341,30.345959,32.45131,29.69142,33.74873,35.804817,31.857489,32.32392,36.9916,39.63423,41.208344,36.37853,34.738308,39.814156,39.090332,34.63037,38.09406,40.329704,38.050976,34.469494,38.50141,34.632957,37.32917,33.923813,30.05844,29.236649,25.066511,22.1362,19.482056,17.565924,20.949318,23.469559,25.311892,28.845419,33.091003,36.027786,39.67916,41.328667,44.82459,45.319855,42.558144,43.139534,38.440525,39.644028,40.648125,37.644436,32.355946,31.071995,29.98104,25.393724,24.784376,19.350132,21.16811,16.576843,17.470905,14.681359
2,6.3798413,5.1995106,0.0,5.4145947,6.7350783,8.532988,11.771573,15.028512,18.365936,20.177156,24.045616,25.117277,27.90899,25.245764,29.530987,25.627611,26.18119,26.562489,26.579624,29.747265,29.788488,31.055403,34.042946,34.04923,33.776604,31.755602,32.500313,32.736908,31.34841,34.565845,29.316301,35.47384,30.2906,32.70191,31.108492,27.604752,25.574493,28.11677,26.3309,23.383348,22.363312,25.542244,23.467669,18.808922,21.052668,23.971945,18.232288,16.328127,20.149332,20.103765,24.761942,23.434704,26.281393,27.706814,29.38296,31.74908,28.684843,32.850967,34.645405,29.975206,30.637661,35.18648,37.73095,39.06661,33.958244,32.382664,37.55361,36.72817,32.625,36.61605,38.703903,36.331707,33.223965,37.76024,33.804455,37.084362,33.959644,29.844128,29.930162,25.376692,23.06943,21.153954,18.584328,21.352903,23.009094,25.849333,28.288227,33.17472,35.728493,39.51591,40.918724,44.523056,45.046375,42.27378,43.167503,38.642895,40.19316,40.531727,37.142525,32.147305,31.61988,31.08722,26.414148,25.168777,20.432632,20.793688,16.280598,16.52961,12.922691
3,9.559274,6.4534807,5.4145947,0.0,3.861631,6.8201513,8.743019,13.164424,15.268485,18.007765,21.479506,22.79544,24.98767,22.122665,25.491835,21.306599,21.492897,21.57161,21.39359,24.399933,24.382387,25.72065,28.697775,28.64644,28.44121,26.559095,27.397985,27.9244,26.718323,30.234598,25.238523,31.766651,27.312231,29.790112,27.536633,23.8331,22.454205,25.010715,22.464693,19.394821,19.305235,21.791422,19.126299,14.905104,17.916906,19.866749,13.563979,12.763216,16.962595,17.576159,21.529886,19.51542,23.28625,24.7294,25.660345,27.49976,24.277157,28.306585,30.584097,26.35471,26.332588,31.10059,33.55948,35.2572,30.380934,28.514032,33.527515,32.696575,28.318424,32.05665,34.13305,31.792091,28.409168,32.73464,28.879873,31.981848,28.788734,24.845257,24.726868,20.420713,17.942558,16.286325,13.293504,16.01265,17.865328,20.469265,23.145117,27.865938,30.510721,34.266243,35.76213,39.33734,39.930214,37.213184,38.13587,33.49037,35.29788,35.918346,32.67955,27.549593,27.060612,26.492601,21.779099,20.485834,15.518731,15.770793,11.260481,11.45741,8.324578
4,12.299609,9.136925,6.7350783,3.861631,0.0,5.4958344,5.4617944,10.26375,12.696589,14.803338,18.54398,19.466398,21.826124,18.914076,22.85495,19.105,19.55136,20.298567,20.462526,23.96107,24.500683,25.833752,29.334465,28.524609,27.890234,25.562408,26.2405,26.189259,24.962234,28.029062,23.17954,29.523394,24.665821,27.591545,25.804531,21.918531,20.41708,23.631495,21.420773,18.04389,18.142115,21.629442,18.844532,14.54325,18.025257,20.770012,14.660448,13.8979645,18.56256,18.568527,22.289192,21.207003,24.955946,25.816555,26.93327,28.504148,24.845097,28.732286,31.271696,26.717607,26.040667,30.916788,33.02547,34.90154,29.930586,27.696785,32.511917,31.285347,27.193138,31.502428,33.08157,30.379406,27.532276,32.198444,28.631903,32.092304,29.12329,25.374088,25.660332,21.627886,19.366417,18.401724,14.613838,16.639229,17.916626,20.825624,22.693432,27.730516,29.869448,33.726208,34.801666,38.414974,38.690178,35.836037,36.714954,32.34334,33.894382,33.961338,30.4848,25.582722,25.419285,25.243944,20.591154,18.946285,14.870611,14.444587,10.078472,10.775954,7.007809
5,14.29094,12.407715,8.532988,6.8201513,5.4958344,0.0,6.007089,7.310141,10.338794,12.736113,16.142082,17.91008,20.617079,18.477875,22.943865,18.605663,20.199942,20.254414,22.120075,24.666565,25.804035,27.76459,30.867352,29.445126,28.9708,26.833673,26.380646,26.351227,24.221157,27.352562,21.465742,27.310888,22.10692,24.216612,22.695292,19.374533,17.093662,19.672287,18.215803,15.313577,14.007467,18.032068,16.188028,11.285283,13.811233,17.9853,13.148663,10.742858,15.305515,14.291826,18.384756,18.826242,21.518139,21.86873,23.852358,25.932753,22.321375,26.36473,28.226055,23.021967,23.214596,27.711926,29.98624,31.330942,26.109667,24.340048,29.452833,28.528667,24.716991,29.150484,31.027058,28.65393,26.006996,30.980894,27.052034,30.953331,28.294842,24.110884,25.425604,20.790539,19.523735,19.148169,15.665687,17.027678,17.23268,21.28959,22.045307,27.559969,29.574131,33.41477,34.57624,38.238808,38.971268,36.34955,37.804207,33.47417,35.95053,35.67929,31.986216,27.448877,28.19737,28.45059,23.876688,21.710802,18.161238,15.925956,12.313656,10.936306,6.98153
6,17.650812,14.582502,11.771573,8.743019,5.4617944,6.007089,0.0,5.9215045,7.583101,9.598105,13.218303,14.122515,16.383846,13.582829,17.913832,14.290894,15.424381,16.557829,17.90286,21.372572,22.837934,24.469912,28.306862,26.299765,25.264847,22.594622,22.57286,21.96146,20.420042,23.108004,18.195215,24.326942,19.331457,22.58067,21.06547,17.043854,15.601386,19.446367,17.48043,13.860014,14.470462,18.812077,15.929374,11.963948,16.001913,19.368073,14.040963,13.586338,18.488382,17.912071,20.804163,20.927214,24.645401,24.678034,25.815113,26.899385,22.760653,26.334,29.16891,24.400368,22.80222,27.705536,29.353912,31.453138,26.515266,23.839966,28.332462,26.72657,22.97758,27.841166,28.887056,25.89795,23.677877,28.709621,25.472118,29.383512,26.82404,23.334404,24.387161,20.730642,19.124514,19.350039,14.867394,15.585199,15.712069,19.215319,19.645245,25.07423,26.54862,30.460571,31.104784,34.745018,34.8805,32.0138,33.122677,29.061296,30.899475,30.301811,26.53677,22.063356,22.837961,23.364277,18.951147,16.581017,14.069029,11.602062,8.351914,8.570214,4.9020176
7,21.215452,18.957932,15.028512,13.164424,10.26375,7.310141,5.9215045,0.0,4.813226,5.5255566,9.150306,10.760069,13.8208,12.2590685,17.799929,14.231674,16.931837,17.796116,21.016212,23.671532,25.944435,28.055079,31.680567,28.778046,27.665644,25.002735,23.705053,22.6443,20.119183,22.28477,16.43442,21.49329,15.523577,18.280563,17.790117,14.4137535,11.728833,15.611324,15.160003,12.039326,11.086888,16.983742,15.272422,11.188859,14.139538,19.291492,15.771318,14.044487,18.532381,16.654428,19.400679,21.6174,24.122519,23.24394,25.318531,26.675669,22.462515,25.917486,28.147331,22.626219,21.438742,25.825516,27.280153,28.899673,23.720337,21.28171,25.779566,24.144499,21.158106,26.56198,27.447512,24.565453,23.177849,28.656698,25.383045,29.8877,27.882454,24.240522,26.464296,22.57189,22.008224,22.89631,18.661768,18.568714,17.391943,21.88082,20.678854,26.537209,27.458832,31.30152,31.690615,35.322506,35.677395,33.011486,34.645115,30.953756,33.444386,32.105724,28.048462,24.354727,26.202187,27.329933,23.255102,20.41696,18.974298,14.961049,12.991748,11.659217,8.63922
8,24.230785,21.552563,18.365936,15.268485,12.696589,10.338794,7.583101,4.813226,0.0,4.7812715,6.4954424,8.913976,10.786327,9.2978,13.769414,9.690814,12.845014,13.415835,17.489174,19.660847,22.40598,24.715515,28.293344,24.780027,23.574917,20.968264,19.166986,18.094961,15.354238,17.704334,11.719765,17.235104,12.061556,15.003766,13.734252,9.927546,8.096358,12.473516,11.276471,7.8318925,8.60873,14.062609,11.855968,8.9775095,12.653902,16.93785,14.047509,13.486052,17.733973,16.243225,17.682045,19.915699,22.881721,21.678118,23.059818,23.694445,19.235582,22.277729,25.002018,19.907583,17.56459,22.10813,23.235022,25.299208,20.40629,17.434885,21.618885,19.787468,16.670656,22.183775,22.805964,19.811262,18.519608,24.03826,21.027618,25.613161,23.843079,20.569662,23.087484,19.775124,19.622673,21.303036,16.93475,15.892454,13.976738,18.511068,16.425295,22.290337,22.885906,26.692362,26.970583,30.588951,31.016554,28.44116,30.284801,26.653685,29.621872,28.258034,24.251015,20.765057,23.181683,24.591284,20.829254,17.722626,17.13691,11.961555,11.408064,9.507327,8.211414
9,26.418886,23.847841,20.177156,18.007765,14.803338,12.736113,9.598105,5.5255566,4.7812715,0.0,4.332312,5.239799,8.529257,7.6430717,13.957557,11.632192,14.981716,16.611698,20.509615,23.18282,26.16096,28.227669,32.159588,28.28197,26.678246,23.680979,21.877039,19.936174,17.344215,18.451986,13.220507,17.396278,10.9955435,14.762652,15.164883,11.786074,9.451236,14.439935,14.588272,11.589422,11.7775955,17.973436,16.251144,13.546163,16.621655,21.49805,18.796442,17.891747,22.106022,20.142914,21.744015,24.56875,27.141357,25.638857,27.409136,28.050146,23.581953,26.374454,28.9908,23.70376,21.227806,25.408789,26.071503,28.049767,23.237577,20.200857,23.818287,21.50819,19.321081,25.258038,25.169434,21.842245,21.594515,27.192717,24.687222,29.396656,27.919138,24.952066,27.557667,24.488426,24.279583,25.886347,21.366894,20.394552,18.498058,22.774376,20.30261,26.018402,26.020447,29.735342,29.447174,32.957355,32.90981,30.227762,31.901688,28.833809,31.186178,29.027508,24.787956,21.946283,24.605522,26.376383,22.918928,19.758873,20.049335,15.221022,14.76197,13.83455,12.069738
10,30.168463,27.57926,24.045616,21.479506,18.54398,16.142082,13.218303,9.150306,6.4954424,4.332312,0.0,3.9133422,5.9085236,6.8590355,12.229165,10.260524,14.361915,15.6338415,20.57231,22.468655,25.969997,28.259594,31.977985,27.416912,25.74028,22.887806,20.21211,18.01278,14.894529,15.489892,10.08894,13.278365,6.669382,10.653845,11.516994,8.614605,6.4996166,11.736426,12.508034,10.198318,10.839608,16.744326,15.456911,13.957313,16.588062,21.224882,19.73733,19.142439,22.8186,20.730593,21.315256,24.835491,27.127272,25.082172,26.699043,26.903542,22.440504,24.686817,27.295752,22.216623,19.118435,22.881495,23.043194,25.089252,20.602013,17.345055,20.362986,17.798,16.290482,22.422909,21.87166,18.546827,19.094467,24.705343,22.591515,27.460344,26.499796,23.915247,27.08099,24.469238,24.881983,27.100908,22.747343,21.053785,18.403933,22.734001,19.110126,24.656805,24.07634,27.58068,27.014065,30.404852,30.471037,28.015102,30.054949,27.346909,30.246622,27.734337,23.51784,21.396471,24.820591,26.963146,23.969395,20.635103,21.754583,16.164055,16.818768,15.360641,14.607322
11,31.364285,28.583347,25.117277,22.79544,19.466398,17.91008,14.122515,10.760069,8.913976,5.239799,3.9133422,0.0,4.1011553,5.0587234,11.53084,11.272886,14.786347,17.10679,21.260536,23.870934,27.344341,29.265686,33.392937,28.751566,26.713562,23.487875,21.328596,18.515133,16.106827,15.789096,11.975092,14.60254,8.222519,13.107321,14.536415,11.584426,10.241549,15.479745,16.095074,13.5729885,14.691217,20.482525,18.818087,17.277351,20.284517,24.692577,22.591778,22.275969,26.237383,24.30578,25.082216,28.18948,30.805,28.902279,30.356419,30.384214,25.850746,27.975159,30.880833,25.998596,22.49698,26.316847,26.19069,28.476913,24.221077,20.765364,23.276876,20.332117,19.124443,25.269157,24.15696,20.463238,21.442524,26.889683,25.259499,29.965338,29.003992,26.759886,29.54834,27.272026,27.297386,29.377882,24.759552,23.203688,20.902187,24.729515,21.33505,26.613918,25.72173,29.18322,28.187881,31.476028,30.956669,28.298138,29.93281,27.622633,29.691528,26.689024,22.368378,20.613825,23.973848,26.310879,23.600828,20.336048,22.144028,17.067638,17.780273,17.27846,16.350538
12,33.989117,30.936537,27.90899,24.98767,21.826124,20.617079,16.383846,13.8208,10.786327,8.529257,5.9085236,4.1011553,0.0,3.8452678,8.216344,9.266626,12.701435,15.193888,19.549702,21.833282,25.612335,27.474691,31.582079,26.448156,24.197922,20.96956,18.517075,15.286037,13.072093,11.994605,9.457537,11.608485,6.7348943,12.176206,13.1726,10.276762,10.482595,15.531979,15.655482,13.412743,15.729439,20.574509,18.66316,18.192305,21.387238,24.879845,23.170639,23.613735,27.33632,25.765726,25.753695,28.612074,31.534546,29.521767,30.374546,29.776596,25.246305,26.819324,30.121073,25.866497,21.411629,25.109026,24.482672,27.206572,23.505789,19.653505,21.362173,18.046955,17.158283,23.17858,21.43013,17.488943,19.057648,24.235191,23.25639,27.793344,27.151587,25.532686,28.318975,26.77542,26.984419,29.486767,24.920345,22.837528,20.264925,23.596153,19.614832,24.413727,22.962631,26.222084,24.847275,27.996124,27.264221,24.653067,26.337948,24.398275,26.568653,23.276384,19.003544,17.887987,21.805494,24.460878,22.316547,19.015411,21.78922,16.446218,18.20282,17.7895,17.79549
13,31.198029,27.919317,25.245764,22.122665,18.914076,18.477875,13.582829,12.2590685,9.2978,7.6430717,6.8590355,5.0587234,3.8452678,0.0,7.0321093,7.6424956,10.309785,13.436663,16.85038,19.901829,23.321564,24.945492,29.324778,24.649529,22.369577,18.926796,17.354513,14.343261,12.80544,12.597496,10.179926,14.166373,9.832708,15.06831,14.999098,11.223329,11.623205,16.888248,15.995237,13.029278,15.862869,20.531076,17.911648,17.0488,20.90806,23.978504,21.28958,22.10286,26.18009,25.03895,25.416824,27.369408,30.874302,29.343868,29.909866,29.34864,24.737782,26.621178,30.244577,26.101458,21.64777,25.892342,25.645409,28.58233,24.69625,20.768116,22.981054,19.856949,18.032982,23.862234,22.49882,18.466635,19.102795,24.23312,23.022041,27.341635,26.229103,24.500599,26.686804,25.111298,24.782228,26.98825,22.239298,20.465195,18.452648,21.456846,18.352926,23.207037,22.218718,25.707445,24.592192,27.88597,27.01928,24.137526,25.436491,23.048685,24.753487,21.919857,17.60182,15.581349,18.946228,21.374767,18.930891,15.664218,18.282164,13.350275,14.9001255,15.144901,15.101462
14,34.93968,31.314686,29.530987,25.491835,22.85495,22.943865,17.913832,17.799929,13.769414,13.957557,12.229165,11.53084,8.216344,7.0321093,0.0,5.674051,6.439307,9.845128,13.006697,15.365229,19.1642,20.583776,24.85852,19.461231,16.801031,13.369974,11.614573,7.869427,7.724086,6.817667,8.302438,12.297135,11.963142,16.49486,14.954228,11.482462,14.181145,18.44519,16.325075,13.963207,18.4413,21.051006,17.932783,18.868143,22.892975,24.02595,21.903614,24.084404,27.605062,27.269312,26.448256,27.516361,31.623877,30.163908,29.534626,27.894775,23.484507,24.412346,28.768763,25.987577,20.14877,24.22922,23.371227,27.066467,24.223745,19.873539,20.875164,17.544703,15.705565,20.642128,18.482224,14.202865,15.148103,19.391161,19.365505,23.022356,22.30002,21.818502,23.623201,23.52813,23.396225,26.224325,21.827873,19.22296,17.036396,18.662273,14.958084,18.539837,16.712446,19.867365,18.238976,21.359364,20.114618,17.16652,18.456135,16.370121,18.407436,15.511857,11.320826,10.018607,14.479037,17.371336,16.087234,12.959723,17.235136,12.313088,15.761448,16.151842,17.800913
15,30.862438,27.43496,25.627611,21.306599,19.105,18.605663,14.290894,14.231674,9.690814,11.632192,10.260524,11.272886,9.266626,7.6424956,5.674051,0.0,4.5153074,5.956567,10.94187,12.680806,16.431974,18.54622,22.41601,17.49513,15.561121,12.639012,10.328331,8.464776,6.429315,8.949298,5.8008246,12.3821,11.2244835,14.883957,12.094184,7.8602724,10.523414,14.475498,11.49345,8.703282,13.541254,15.784697,12.400251,13.294507,17.42962,18.457222,16.357662,18.503103,21.935535,21.720402,20.954294,21.919018,26.029346,24.730564,24.175438,22.883923,18.356623,19.850964,24.05419,20.941006,15.586964,20.177284,20.091322,23.553001,20.143469,15.975615,18.215187,15.552301,12.405168,17.50866,16.670185,12.858823,12.128964,17.119003,15.75878,19.852507,18.62978,17.21684,19.354616,18.441435,18.504251,21.381207,17.06038,14.3771925,11.837362,14.46693,10.775697,15.595296,14.905046,18.58199,18.107796,21.6429,21.54119,18.842245,20.67744,17.371626,20.665834,19.139261,15.321659,12.42132,16.039368,18.155794,15.699598,12.381141,14.741396,8.685979,11.928068,11.158903,13.160996
16,30.9344,27.180586,26.18119,21.492897,19.55136,20.199942,15.424381,16.931837,12.845014,14.981716,14.361915,14.786347,12.701435,10.309785,6.439307,4.5153074,0.0,4.678483,6.92189,9.851989,13.236867,14.802329,19.145805,14.474045,12.201857,8.819605,8.303341,6.8227034,7.374961,10.057532,9.595279,15.792349,15.548353,19.234993,16.104952,12.072929,14.906068,18.539104,14.874313,12.0947,17.173504,18.48288,14.482997,15.582883,20.102306,19.875057,16.92626,20.0164,23.460869,23.99317,23.236744,22.805674,27.671986,26.92775,25.62904,23.937391,19.628288,20.923698,25.634827,23.333784,17.732635,22.45452,22.407995,26.200996,23.207563,19.07305,21.010584,18.511095,15.038698,19.114103,18.25017,14.545719,13.1002245,17.097717,16.234818,19.44742,17.860056,17.106274,18.04387,18.011604,17.367193,20.089134,15.796444,13.180872,11.645697,12.572995,10.243202,13.997967,13.529369,17.178898,16.747293,20.210083,19.658278,16.65986,17.84086,14.139074,16.821466,15.997186,12.487173,8.565369,11.731786,13.7180195,11.494751,8.297797,11.622287,6.498238,10.73153,11.244736,13.891685
17,30.929884,27.417416,26.562489,21.57161,20.298567,20.254414,16.557829,17.796116,13.415835,16.611698,15.6338415,17.10679,15.193888,13.436663,9.845128,5.956567,4.678483,0.0,6.7961183,6.8574433,10.716503,13.202229,16.627876,11.799523,10.3503,8.225964,6.132713,7.0507216,6.3204145,10.815329,9.0268955,15.488306,16.175156,18.660505,14.465146,10.925292,14.165768,16.581947,12.131163,10.035308,15.379801,15.09113,11.028122,13.309937,17.411457,16.045216,14.06809,17.605583,20.346594,21.241661,19.756409,19.056402,23.926409,23.206715,21.416435,19.41827,15.23643,16.347502,21.183552,19.412003,13.674808,18.442371,18.69474,22.503065,19.739586,15.813458,17.961483,16.115425,11.903427,15.217616,15.189454,12.165319,9.309744,13.310867,11.805707,15.088344,13.36833,12.471582,13.828248,13.9381485,13.99329,17.308039,13.626522,10.253214,7.870734,9.010893,5.5819387,9.985069,10.205909,14.092225,14.57595,18.214819,18.742056,16.24389,18.157475,13.863194,18.179882,18.266499,15.374153,11.72733,14.569507,15.988466,13.685946,10.951746,12.613639,7.1228724,11.30915,10.2623625,13.767378
18,30.168503,26.261251,26.579624,21.39359,20.462526,22.120075,17.90286,21.016212,17.489174,20.509615,20.57231,21.260536,19.549702,16.85038,13.006697,10.94187,6.92189,6.7961183,0.0,5.770802,7.2351456,8.136207,12.886004,9.664035,7.90608,5.283134,8.491339,9.870775,11.880689,15.319652,15.400892,21.636265,22.095432,25.188366,21.228252,17.483212,20.326777,23.089046,18.492857,16.00895,21.016184,20.622055,16.170536,17.612707,22.132122,19.87384,16.191278,20.491423,23.453447,25.17231,24.324024,21.743895,27.47381,27.658718,25.277159,23.218649,19.56578,20.73228,25.778072,24.696781,19.472342,24.216785,24.669018,28.55087,26.012058,22.316076,24.364752,22.625654,18.44493,20.774572,20.773716,17.958391,14.885381,17.214325,16.310186,17.971336,15.557899,15.397507,14.2635565,15.388086,13.756066,16.135887,12.591391,10.24875,10.629749,8.509788,9.689351,11.377377,12.4635725,15.80972,16.440567,19.646698,19.35718,16.519287,16.9856,12.183003,14.637852,16.24608,14.174371,9.164058,9.6021595,9.953613,7.6423883,6.003008,8.04072,6.3159795,10.3880415,11.656259,15.163129
19,33.06031,29.475391,29.747265,24.399933,23.96107,24.666565,21.372572,23.671532,19.660847,23.18282,22.468655,23.870934,21.833282,19.901829,15.365229,12.680806,9.851989,6.8574433,5.770802,0.0,4.441202,7.161443,9.937827,5.1322803,4.6613116,5.110161,5.953846,9.628206,11.035173,15.180344,15.22961,20.845434,22.745659,24.727903,20.020706,17.173395,20.554802,22.056623,17.124454,15.757044,20.82668,18.683626,14.6713085,17.610533,21.306,17.649359,15.819045,20.45405,22.324701,24.349833,22.346775,19.632933,25.135561,25.178526,22.009672,19.163305,16.041594,16.294514,21.544613,21.659233,16.1117,20.310085,20.68773,24.665,22.939045,19.547842,21.058619,19.954147,15.673725,16.478275,16.942743,15.068023,11.119517,12.198833,11.492338,12.362582,10.056613,10.956878,9.920598,12.52867,12.176377,15.55352,13.297435,9.909858,9.246439,6.014548,6.0718713,5.6502733,7.5195503,10.775501,12.418363,15.624734,16.534855,14.433712,15.874694,10.74558,15.596085,17.764984,16.357208,12.639896,13.948395,14.320715,12.990276,11.743307,12.853967,10.295562,14.210698,13.7632265,17.821894
20,32.32481,28.751097,29.788488,24.382387,24.500683,25.804035,22.837934,25.944435,22.40598,26.16096,25.969997,27.344341,25.612335,23.321564,19.1642,16.431974,13.236867,10.716503,7.2351456,4.441202,0.0,3.5192304,6.0536704,4.7062373,5.9226513,7.516963,10.197124,13.759155,15.450773,19.514175,19.452053,25.252426,26.843493,28.835266,24.042488,21.115822,24.178879,25.559029,20.453518,18.987186,23.709196,21.16754,17.107416,19.625349,23.263594,18.829641,16.341148,21.334103,22.961052,25.61432,23.91219,19.85648,25.74773,26.486177,22.886463,20.15185,17.652384,18.080639,23.13081,23.75275,19.014282,23.11074,23.910305,27.667606,26.005184,23.00156,24.789186,24.037039,19.580214,19.753605,20.757803,19.292238,15.000546,15.2657585,14.330248,14.056362,11.14038,12.084326,8.99448,12.247428,10.92099,13.61104,12.291943,9.7493515,10.804524,5.743568,9.401583,7.735526,10.7335615,13.155254,15.35238,18.069893,19.002851,17.102755,17.866207,12.656092,16.520187,19.819452,18.99445,14.889991,14.690989,13.998186,12.707535,12.523509,12.2951565,11.881776,14.94138,14.990151,18.998894
21,33.314827,29.593481,31.055403,25.72065,25.833752,27.76459,24.469912,28.055079,24.715515,28.227669,28.259594,29.265686,27.474691,24.945492,20.583776,18.54622,14.802329,13.202229,8.136207,7.161443,3.5192304,0.0,5.2718406,5.9990883,6.6502795,8.102217,12.217522,15.326886,17.75331,21.34327,22.030453,27.764988,29.323713,31.684351,27.071016,23.966642,27.0351,28.758783,23.708946,22.004082,26.783575,24.572578,20.412039,22.591534,26.437254,22.1235,19.104292,24.101091,25.920301,28.669115,27.239447,22.881466,28.895515,29.826527,26.197031,23.498756,21.128338,21.518764,26.54615,27.252146,22.502464,26.569586,27.237177,31.073738,29.48151,26.389471,28.002926,27.063385,22.767279,22.980623,23.636765,22.002674,18.080133,18.028028,17.618565,16.95765,14.24398,15.51488,11.972726,15.309764,13.417538,15.377165,14.171013,12.333711,13.965259,8.923501,12.742015,10.697392,13.0919485,15.036161,16.844227,19.186897,19.500345,17.500526,17.453997,12.459424,14.996333,18.9968,18.709269,14.60266,13.329392,12.011234,11.467565,12.195292,12.287717,13.383514,16.252495,17.15277,20.936897
22,35.72337,32.319614,34.042946,28.697775,29.334465,30.867352,28.306862,31.680567,28.293344,32.159588,31.977985,33.392937,31.582079,29.324778,24.85852,22.41601,19.145805,16.627876,12.886004,9.937827,6.0536704,5.2718406,0.0,6.614032,9.163286,12.097597,14.98286,18.783047,20.7862,24.613905,25.085367,30.451788,32.617867,34.287663,29.290712,26.739273,29.873528,30.757984,25.599356,24.540585,29.033283,25.649366,21.972069,24.703588,27.85954,22.442963,20.509594,25.589207,26.464218,29.648907,27.660833,22.653498,28.41799,29.633501,25.317316,22.24369,20.872616,20.663889,25.375675,27.24793,23.02372,26.421507,27.265709,30.868296,29.930079,27.385826,28.75423,28.460758,24.195234,23.070883,24.332273,23.611145,19.260258,17.912132,17.559235,15.512657,12.859343,14.897996,10.425188,14.960678,13.684771,15.61962,16.022097,14.235911,15.810506,10.419491,14.428879,10.757443,13.837649,14.780343,17.495811,19.285198,20.512636,19.318487,19.616539,14.921147,18.281132,22.734852,22.93241,19.381067,18.35559,16.968174,16.662035,17.413574,16.803888,17.672337,20.236135,20.367498,24.282751
23,36.838135,33.280113,34.04923,28.64644,28.524609,29.445126,26.299765,28.778046,24.780027,28.28197,27.416912,28.751566,26.448156,24.649529,19.461231,17.49513,14.474045,11.799523,9.664035,5.1322803,4.7062373,5.9990883,6.614032,0.0,3.31848,6.9694724,8.684779,12.633918,14.744498,18.311249,19.505308,24.325775,27.160496,28.828642,23.975786,21.635796,25.240368,26.26674,21.342297,20.469835,25.440306,22.474594,18.834227,22.173977,25.464087,20.860292,19.664833,24.51851,25.765879,28.203562,25.739458,22.35244,27.79549,28.074234,24.17173,20.721842,18.538515,17.87473,23.074074,24.500418,19.041859,22.457264,22.59813,26.621853,25.810051,22.74166,23.466661,22.717598,18.84795,18.136715,18.518822,17.429354,13.6556425,12.47307,13.008122,11.790834,9.92177,12.645906,10.318273,14.720362,14.505761,17.659334,16.592249,13.557951,13.44053,9.043684,9.968008,5.793321,7.6023345,9.084739,11.317591,13.661834,14.836864,13.411192,14.485683,9.523451,14.625621,18.053656,17.870293,14.9717245,15.595407,15.484256,15.394084,15.085818,16.317184,15.069172,18.764574,18.520185,22.614805
24,36.97743,33.246613,33.776604,28.44121,27.890234,28.9708,25.264847,27.665644,23.574917,26.678246,25.74028,26.713562,24.197922,22.369577,16.801031,15.561121,12.201857,10.3503,7.90608,4.6613116,5.9226513,6.6502795,9.163286,3.31848,0.0,3.9290962,6.6313252,9.996799,12.818189,15.909177,17.886248,22.628256,25.413477,27.550756,23.032705,20.446596,24.168715,25.755924,21.036308,19.842321,25.06597,22.910717,19.091988,22.19079,25.843452,22.034416,20.4238,25.108324,26.876183,28.95365,26.720835,23.93064,29.37412,29.379288,25.901623,22.611008,19.906368,19.425167,24.730675,25.536034,19.614418,23.26421,23.06807,27.279226,26.240746,22.771976,23.331964,22.041563,18.423046,18.57355,18.192375,16.416285,13.376089,12.928546,13.889675,13.559324,12.059266,14.419599,12.830758,16.538612,16.125631,19.248886,17.362194,14.282296,13.896154,10.163078,10.094098,7.2265077,7.434795,9.389356,10.418358,13.00608,13.256826,11.216105,12.035856,6.8388133,11.862502,14.890206,14.557663,11.771641,12.790018,13.175387,13.4485655,12.925535,15.318949,13.789262,17.889725,18.091135,22.04294
25,35.38676,31.51706,31.755602,26.559095,25.562408,26.833673,22.594622,25.002735,20.968264,23.680979,22.887806,23.487875,20.96956,18.926796,13.369974,12.639012,8.819605,8.225964,5.283134,5.110161,7.516963,8.102217,12.097597,6.9694724,3.9290962,0.0,5.538206,7.501118,10.825255,13.593366,15.742827,20.811583,22.93171,25.697023,21.616196,18.547255,22.138966,24.461916,19.977816,18.236153,23.572962,22.496672,18.439346,20.95655,25.044767,22.248251,19.925453,24.323084,26.73697,28.422916,26.688955,24.449793,29.917435,29.742735,26.869043,24.010143,20.70048,20.77325,26.064241,25.917852,19.86096,23.952616,23.691652,27.925945,26.309696,22.492136,23.335777,21.50505,17.951424,19.38472,18.566463,15.95037,13.51984,14.507249,15.137298,15.998867,14.445936,15.876255,14.912327,17.53669,16.774473,19.725332,16.90847,13.966865,13.464914,10.723119,10.121724,9.510125,9.115192,11.809164,11.861917,14.78395,14.194015,11.417534,11.945184,6.9718156,10.780205,12.766026,11.581833,8.104454,9.673499,10.70041,10.6982,9.633632,13.09736,11.162446,15.52818,16.248974,19.915155
26,36.60758,33.004173,32.500313,27.397985,26.2405,26.380646,22.57286,23.705053,19.166986,21.877039,20.21211,21.328596,18.517075,17.354513,11.614573,10.328331,8.303341,6.132713,8.491339,5.953846,10.197124,12.217522,14.98286,8.684779,6.6313252,5.538206,0.0,4.3554125,6.2589607,9.672395,11.529627,16.001753,19.055685,21.110239,16.822002,14.410884,18.422905,20.148842,15.934214,14.939727,20.296701,18.92021,15.450221,18.772219,22.284924,19.833723,19.021072,22.934378,24.968271,26.137384,23.72849,22.784712,27.5441,26.68441,24.057682,21.007841,17.540474,17.13581,22.323374,22.09082,15.493134,19.232374,18.548317,22.870865,21.504557,17.573486,17.924782,16.042482,12.757972,14.312627,13.119417,10.425861,8.335346,9.985657,10.882531,12.75069,12.069376,13.489911,14.374187,16.612373,17.12209,20.767027,17.964045,14.331026,12.191464,11.162577,7.24696,7.5564604,5.5138206,8.919267,8.723625,12.274033,12.679621,10.355016,12.665839,8.5268545,14.218736,14.68809,12.862382,10.768461,14.105905,15.787809,15.238108,13.24806,16.325111,12.263543,16.7658,16.149883,19.82289
27,37.360256,33.670498,32.736908,27.9244,26.189259,26.351227,21.96146,22.6443,18.094961,19.936174,18.01278,18.515133,15.286037,14.343261,7.869427,8.464776,6.8227034,7.0507216,9.870775,9.628206,13.759155,15.326886,18.783047,12.633918,9.996799,7.501118,4.3554125,0.0,4.515679,6.095203,9.745403,13.684584,16.546598,19.35714,15.940846,13.31041,17.29073,19.85422,16.384567,15.024389,20.334093,20.309368,16.973608,19.685099,23.410923,22.216345,21.061026,24.446537,27.009682,27.614212,25.58922,25.500536,30.020466,28.822151,26.852127,24.148561,20.319086,20.177608,25.125486,24.088108,17.40468,21.13246,20.043726,24.316938,22.654463,18.393381,18.492722,15.806221,13.361387,16.247408,14.051358,10.370545,10.280916,12.879607,13.988423,16.52777,16.149614,17.104944,18.4135,19.97569,20.295067,23.733109,20.286022,16.90116,14.623843,14.529958,10.380728,11.86382,9.29882,12.19725,10.656918,13.926232,13.192296,10.382332,12.402843,9.494192,13.837978,12.624884,9.901132,8.686568,13.16921,15.644415,15.298574,12.874707,17.077517,12.620094,17.144604,16.981049,20.095716
28,36.227947,32.82678,31.34841,26.718323,24.962234,24.221157,20.420042,20.119183,15.354238,17.344215,14.894529,16.106827,13.072093,12.80544,7.724086,6.429315,7.374961,6.3204145,11.880689,11.035173,15.450773,17.75331,20.7862,14.744498,12.818189,10.825255,6.2589607,4.515679,0.0,4.9806194,5.5625615,10.074171,12.883703,15.135002,11.444418,9.015571,13.185154,15.420764,12.229439,11.284329,16.407843,16.540174,13.714622,16.607824,19.87843,19.368261,19.04795,21.815887,24.204187,24.327137,22.128206,23.085749,27.000353,25.371784,23.919067,21.527933,17.48354,17.528933,22.089561,20.425936,13.806147,17.527798,16.488016,20.559025,18.521505,14.174223,14.617374,11.839505,9.259277,13.219118,11.284532,7.2921166,7.536311,11.754541,11.911012,15.595822,15.406659,15.493508,18.006916,18.633312,19.601568,23.224325,19.75836,16.232655,13.070269,14.534479,9.079893,12.172381,9.963674,13.155839,12.180189,15.626425,15.908192,13.682128,16.377138,13.5286665,18.342783,16.919857,13.874194,12.518926,16.917461,19.250944,18.033915,15.185285,18.330141,12.746021,16.83707,15.626359,18.50597
29,39.793625,36.325367,34.565845,30.234598,28.029062,27.352562,23.108004,22.28477,17.704334,18.451986,15.489892,15.789096,11.994605,12.597496,6.817667,8.949298,10.057532,10.815329,15.319652,15.180344,19.514175,21.34327,24.613905,18.311249,15.909177,13.593366,9.672395,6.095203,4.9806194,0.0,7.2610083,8.4226675,12.21171,14.990578,12.816206,11.105642,14.968421,17.629934,15.657742,14.836912,19.4554,20.493284,18.126234,20.63457,23.772034,24.003263,23.710335,26.121712,28.690544,28.40418,26.301043,27.866648,31.477459,29.528938,28.404388,26.007063,22.04862,21.80134,26.101154,24.331976,17.737415,20.775023,19.003075,22.97427,21.325813,16.971975,16.286282,12.7915325,12.1367,16.175074,12.887517,8.632312,11.365055,14.7739525,15.997745,19.401085,19.77288,20.291489,22.79839,23.613222,24.50581,28.038273,24.363565,20.990229,17.960648,19.295435,14.007346,16.36971,13.266045,15.64993,13.404183,16.234089,15.491885,13.265454,15.764446,14.449642,18.313963,15.437147,12.224482,12.775352,17.805378,20.713934,20.222532,17.40582,21.600328,16.314337,20.345018,19.66333,22.055225
30,34.664745,31.609295,29.316301,25.238523,23.17954,21.465742,18.195215,16.43442,11.719765,13.220507,10.08894,11.975092,9.457537,10.179926,8.302438,5.8008246,9.595279,9.0268955,15.400892,15.22961,19.452053,22.030453,25.085367,19.505308,17.886248,15.742827,11.529627,9.745403,5.5625615,7.2610083,0.0,7.04785,7.6947117,10.010349,6.893718,3.9059088,7.9218206,10.766983,8.873589,7.9513617,12.220347,14.019688,12.063053,14.087184,16.876476,18.277273,18.332165,19.840778,22.423962,21.607347,19.847172,22.369228,25.41651,23.272114,23.012743,21.517807,17.192238,17.964657,21.642422,18.523548,12.817324,16.490028,15.720798,19.057842,16.015064,11.6898155,13.123789,10.09674,8.041972,13.839054,12.451703,8.7135725,9.69298,15.02821,13.951954,18.578373,18.345455,17.141703,20.567446,19.737228,20.972721,24.355526,20.623352,17.477346,13.8868265,17.112633,11.646312,16.187307,14.667601,17.859695,17.152721,20.49183,21.031786,18.979794,21.710129,19.055117,23.457905,21.471024,17.890003,16.420357,20.726852,23.070543,21.079197,17.860428,20.160624,13.913224,16.966919,15.041012,16.95004
31,41.050064,38.17569,35.47384,31.766651,29.523394,27.310888,24.326942,21.49329,17.235104,17.396278,13.278365,14.60254,11.608485,14.166373,12.297135,12.3821,15.792349,15.488306,21.636265,20.845434,25.252426,27.764988,30.451788,24.325775,22.628256,20.811583,16.001753,13.684584,10.074171,8.4226675,7.04785,0.0,7.2570615,7.553907,7.172679,8.375348,11.11664,12.465817,12.991649,13.634047,16.352333,18.059702,17.54355,19.85707,21.490948,23.322218,24.668932,25.651627,27.667023,26.280228,23.932947,27.663502,29.696299,26.820396,26.906076,25.197144,21.43247,21.233877,24.152882,21.395857,15.919475,17.697933,15.594228,18.497656,16.649008,12.819815,11.715358,7.886411,9.849648,14.843261,11.839581,8.743359,12.811307,16.995234,17.201254,21.539864,22.447561,21.971256,25.937368,25.548704,27.354874,30.950115,27.489086,24.19401,20.358381,23.380707,17.297533,20.69579,18.066446,20.232964,18.638327,21.228563,21.701185,20.336569,23.46362,22.19265,26.671713,23.722399,20.457972,20.78275,25.6625,28.42194,27.12952,23.98266,26.972008,20.838049,23.937086,21.98831,23.60247
32,36.24072,33.607773,30.2906,27.312231,24.665821,22.10692,19.331457,15.523577,12.061556,10.9955435,6.669382,8.222519,6.7348943,9.832708,11.963142,11.2244835,15.548353,16.175156,22.095432,22.745659,26.843493,29.323713,32.617867,27.160496,25.413477,22.93171,19.055685,16.546598,12.883703,12.21171,7.6947117,7.2570615,0.0,5.4533324,7.643775,6.915728,6.776259,10.410153,12.089203,11.481261,12.805729,17.148338,16.60509,17.002703,18.831656,22.606869,22.810343,22.730927,25.527023,23.46297,22.558968,26.765228,28.628065,25.908102,27.12553,26.565008,22.355528,23.513872,26.056269,21.695387,17.63285,20.36347,19.478403,21.648643,18.117025,14.623344,16.00382,12.900295,13.135939,19.18775,17.614319,14.420729,16.654568,21.889503,20.700718,25.561417,25.53283,23.7834,27.602507,25.878868,27.10999,30.067131,26.087444,23.542818,20.093931,24.093834,18.99511,23.806042,22.211575,25.159636,24.060343,27.099756,27.314322,25.337696,27.91452,25.966587,29.589483,26.580091,22.629976,21.836767,26.184923,28.770313,26.58358,23.214071,25.391104,19.28486,21.207546,19.361534,19.737684
33,38.412838,36.150875,32.70191,29.790112,27.591545,24.216612,22.58067,18.280563,15.003766,14.762652,10.653845,13.107321,12.176206,15.06831,16.49486,14.883957,19.234993,18.660505,25.188366,24.727903,28.835266,31.684351,34.287663,28.828642,27.550756,25.697023,21.110239,19.35714,15.135002,14.990578,10.010349,7.553907,5.4533324,0.0,5.4453773,7.993429,7.386775,7.7694507,11.165989,12.280021,12.306278,15.6136465,16.487902,17.522406,17.932339,21.767086,23.568674,23.019018,24.878052,22.457123,20.807112,26.074656,26.877106,23.589684,25.167353,24.731411,21.033173,21.79778,23.425444,19.068014,15.824501,17.32661,16.29056,17.643824,14.360882,11.652117,12.66865,10.28105,11.760081,17.204178,16.087748,14.072572,16.513935,21.406012,19.993519,24.889322,25.347797,23.49349,28.0001,26.125921,28.109608,31.274326,27.884584,25.158518,21.28272,25.597807,20.036572,24.597063,23.06836,25.636808,24.891605,27.728235,28.723322,27.291883,30.402857,28.44359,32.944386,30.253613,26.603985,25.920387,30.355106,32.813534,30.583164,27.253893,28.924162,22.605272,24.466301,21.784954,22.339148
34,36.406704,33.977615,31.108492,27.536633,25.804531,22.695292,21.06547,17.790117,13.734252,15.164883,11.516994,14.536415,13.1726,14.999098,14.954228,12.094184,16.104952,14.465146,21.228252,20.020706,24.042488,27.071016,29.290712,23.975786,23.032705,21.616196,16.822002,15.940846,11.444418,12.816206,6.893718,7.172679,7.643775,5.4453773,0.0,4.525361,6.174993,5.45853,6.622397,8.460448,9.932519,11.379607,11.891744,14.085766,14.759212,17.233004,19.429848,19.63964,21.186806,19.470142,17.072287,21.626726,22.981796,19.934525,20.667006,19.748867,15.948612,16.562426,18.723013,14.870667,10.61514,12.754215,12.002762,14.13883,10.699314,7.025957,8.915198,6.750755,6.5121517,12.261738,11.849266,9.999353,11.387231,16.448685,14.622417,19.581861,19.93363,18.098839,22.673815,21.053402,23.27672,26.690964,23.629293,20.5982,16.523314,20.681198,14.947473,19.431793,18.2424,20.911139,20.718878,23.74556,25.244867,23.88815,27.174982,24.657131,29.76977,27.87755,24.489557,23.253506,27.49025,29.666304,27.39715,24.20203,25.527744,19.171375,21.39593,18.342525,19.712656
35,32.988453,30.283913,27.604752,23.8331,21.918531,19.374533,17.043854,14.4137535,9.927546,11.786074,8.614605,11.584426,10.276762,11.223329,11.482462,7.8602724,12.072929,10.925292,17.483212,17.173395,21.115822,23.966642,26.739273,21.635796,20.446596,18.547255,14.410884,13.31041,9.015571,11.105642,3.9059088,8.375348,6.915728,7.993429,4.525361,0.0,4.3448386,7.0277996,5.8356137,5.3558073,8.5902,11.133762,10.005153,11.545397,13.672496,16.13396,16.7439,17.383766,19.805693,18.4664,16.88435,20.345724,22.734203,20.3344,20.799997,19.96922,15.627995,16.956976,19.92542,15.904369,11.261129,14.908897,14.751091,17.397028,13.540301,9.561658,12.308126,9.952386,7.681871,13.816081,13.516862,10.655718,10.918956,16.524094,14.426988,19.407732,19.013405,16.921896,20.85286,19.06975,20.599281,23.80696,20.2373,17.3691,13.591347,17.789324,12.597556,17.749245,16.937279,20.172932,20.02252,23.382893,24.405655,22.521198,25.36944,22.428164,27.006058,25.258291,21.629501,19.728424,23.688118,25.770153,23.242706,19.99153,21.262506,14.89772,17.094275,14.390044,15.772065
36,31.174774,28.842472,25.574493,22.454205,20.41708,17.093662,15.601386,11.728833,8.096358,9.451236,6.4996166,10.241549,10.482595,11.623205,14.181145,10.523414,14.906068,14.165768,20.326777,20.554802,24.178879,27.0351,29.873528,25.240368,24.168715,22.138966,18.422905,17.29073,13.185154,14.968421,7.9218206,11.11664,6.776259,7.386775,6.174993,4.3448386,0.0,5.3785605,6.57574,5.8712144,6.038464,10.997633,10.773987,10.612111,12.0720005,16.397327,16.846981,16.219046,18.842634,16.687737,16.044182,20.436277,22.098932,19.56166,21.127752,21.24476,16.997793,19.01866,21.162464,16.06825,13.205224,16.591526,16.997906,18.74215,14.114324,11.044338,14.660901,12.8260565,11.0371475,16.945337,17.212877,14.759221,14.836447,20.43352,17.784323,22.835003,22.192564,19.386332,23.374666,20.655228,22.056446,24.789286,21.16931,18.91247,15.43641,20.263653,15.829484,21.3546,21.006063,24.310883,24.334164,27.704128,28.737278,26.79022,29.515915,26.485817,30.742153,28.88858,25.043459,22.867737,26.525173,28.475828,25.489779,22.199894,22.743536,16.572823,17.694857,14.763982,15.036893
