,0,1,2,3,4,5,6,7,8,9,10,11,12,13,14,15,16,17,18,19,20,21,22,23,24,25,26,27,28,29,30,31,32,33,34,35,36,37,38,39,40,41,42,43,44,45,46,47,48,49,50,51,52,53,54,55,56,57,58,59,60,61,62,63,64,65,66,67,68,69,70,71,72,73,74,75,76,77,78,79,80,81,82,83,84,85,86,87,88,89,90,91,92,93,94,95,96,97,98,99,100,101,102,103,104,105,106,107,108
0,0.0,3.832655,6.785833,10.169251,11.589028,15.594348,16.729815,21.943478,24.945423,27.917015,31.271502,34.580853,33.88859,32.047325,26.98406,26.101686,22.034613,20.857208,17.838778,16.854374,16.204727,11.973525,17.023285,19.480455,21.969982,21.922379,27.308508,28.159645,29.039726,33.435795,35.76198,42.597248,44.245705,47.847446,48.547436,52.259827,52.8847,50.40494,49.270584,45.9112,44.29844,40.263638,36.582127,35.18473,31.152472,27.969748,24.454906,21.871895,21.687065,19.895521,22.807976,23.838074,28.309141,28.329454,32.406105,36.71333,33.581974,36.530666,38.088276,34.814445,34.171947,28.534124,26.388412,22.669018,19.33265,17.546392,18.20076,18.926987,20.896923,25.18748,26.53131,31.253494,32.642986,36.780865,37.820095,42.666843,44.743828,46.495426,48.88164,50.976357,51.32955,46.40129,44.574562,40.974953,37.123173,35.145866,30.502419,26.341335,23.053833,21.323393,17.862692,17.223072,19.616581,16.545065,20.773048,23.224405,25.970455,27.624193,31.747356,32.198112,36.63567,40.05878,40.973675,38.545494,43.114605,37.90619,42.213123,40.39357,44.11149
1,3.832655,0.0,5.0727744,6.572993,8.457404,12.634754,13.955815,19.315437,22.021696,25.380629,28.454824,31.944967,31.177319,29.185839,24.39909,22.934824,18.95848,17.430285,14.275996,13.14144,12.388059,8.340759,13.535539,15.699749,18.508768,18.427536,23.715025,24.37872,25.365559,29.732983,32.07379,38.88757,40.56832,44.16997,44.999893,48.673664,49.432392,47.036247,45.866722,42.561802,40.752815,36.8293,33.02481,31.626842,27.579212,24.219595,20.818138,18.052248,18.051315,16.33067,19.557156,20.62653,25.247862,25.594166,29.501204,33.84456,30.883295,33.912136,35.906235,32.62646,31.696796,26.41617,23.689817,20.134632,16.699978,14.323755,15.111988,15.240604,17.737408,21.639877,23.364817,27.979591,29.39943,33.59503,34.579277,39.542625,41.472675,43.36755,45.6074,47.59861,47.89936,43.05433,41.0252,37.48809,33.72843,31.604008,27.164213,22.995388,19.986233,18.688875,15.537866,15.544348,17.793442,15.529361,19.818684,21.835493,24.571049,25.644608,29.984026,29.867859,34.482407,37.942387,38.550842,36.02421,40.27348,34.95252,39.157066,37.144978,40.79923
2,6.785833,5.0727744,0.0,5.6936665,6.714006,9.137258,11.659728,15.845351,19.33231,22.053095,25.49969,28.75116,27.6232,25.626707,20.625488,20.177011,15.859496,15.507473,12.39499,12.799746,13.168342,10.723152,15.884305,16.623363,20.358463,19.19915,24.810997,24.75495,24.60671,28.929348,30.747995,37.80435,38.789356,42.763645,42.974693,46.805676,47.347263,44.867607,44.155144,40.6864,39.51349,34.823093,31.671797,29.666409,26.443542,23.166494,19.933254,17.8657,18.501818,18.132599,21.455233,23.167616,27.823088,28.137856,31.9041,36.142086,33.016506,35.85516,38.34025,34.574318,33.215332,28.538712,25.558527,21.906097,19.549948,16.228914,15.376469,15.099116,16.081802,19.958307,21.324032,25.784122,27.887083,31.669273,33.33537,37.966515,40.44969,42.466988,44.902836,46.753906,47.452274,42.794632,40.690475,37.33102,33.33442,31.750156,26.939362,23.692621,20.694708,20.150375,17.335732,16.985476,17.806227,15.48227,19.06612,20.826014,22.789528,24.296608,28.210901,28.381407,32.78637,35.76467,36.85254,34.642673,38.84011,34.027916,38.420883,36.668972,40.545616
3,10.169251,6.572993,5.6936665,0.0,4.5125084,6.9413347,9.882583,14.394549,16.910492,20.60199,23.29028,26.947638,25.755209,23.43219,19.185501,17.142998,13.153314,11.626613,7.9235697,7.788661,7.5293965,6.1247654,10.770084,11.055817,15.3445835,14.500477,19.596378,19.269514,19.787552,24.048851,26.050982,33.003216,34.244705,38.147488,38.84061,42.545048,43.45291,41.17902,40.25296,36.954685,35.153667,30.943794,27.320667,25.458826,21.99271,18.174372,15.248956,12.401733,13.521522,12.961495,16.89237,18.33488,23.124111,24.10922,27.493841,31.760094,29.09786,32.107746,35.088924,31.60918,29.961836,25.789467,21.976494,18.84545,16.081934,12.102856,12.025868,10.148659,12.924187,15.686892,18.135418,22.34216,24.317354,28.327394,29.652618,34.610672,36.59533,38.84345,40.909245,42.600506,43.040802,38.494823,36.003307,32.72432,29.03376,26.938976,22.761732,19.248198,16.970226,17.10959,14.999037,15.910473,16.896168,16.101078,19.761225,20.824514,22.963137,23.25286,27.587606,26.637043,31.357456,34.530907,34.88445,32.406116,35.98229,30.812677,34.900497,32.682106,36.324142
4,11.589028,8.457404,6.714006,4.5125084,0.0,5.9855604,5.7136064,11.162695,13.568231,17.119493,20.01663,23.57478,22.918854,21.05746,16.367857,14.604745,10.821053,9.377326,7.2001734,6.8937364,9.163725,8.741008,12.975426,11.802927,15.189085,13.034424,18.976377,19.087406,18.281317,22.679346,24.713062,31.659798,33.19329,36.702293,37.11309,40.87082,41.343033,38.831978,37.823505,34.412464,33.085766,28.725687,25.311066,23.814148,20.013704,17.345753,13.575407,12.4646015,12.373886,13.304002,15.992886,18.52855,22.882162,22.986675,26.545101,30.603893,27.401663,30.095201,33.10487,29.127802,27.361874,23.409931,19.94234,16.494184,15.176221,11.068426,9.0531225,8.960003,9.546354,13.847615,15.035839,19.674305,21.36185,25.349733,26.73411,31.496002,33.806023,35.81475,38.21055,40.102657,40.78159,36.093544,34.105988,30.703417,26.643219,25.234848,20.246866,17.299133,14.386645,14.563804,12.507679,12.847213,12.900985,12.25772,15.531053,16.42479,18.453144,18.877405,23.144228,22.476973,27.12008,30.31627,30.873074,28.47737,32.435093,27.442616,31.765413,29.955996,33.83819
5,15.594348,12.634754,9.137258,6.9413347,5.9855604,0.0,7.0479546,8.3938875,11.771097,14.716215,17.633684,21.044909,19.335201,16.933315,12.605211,11.634837,7.1592774,7.9263206,5.1701503,8.436875,10.6848135,12.110179,15.421264,13.189211,17.950266,15.3921995,20.484406,19.129263,17.488333,21.479479,22.613739,29.780416,30.10531,34.38483,34.199306,38.096367,38.663235,36.27552,35.94814,32.45604,31.576622,26.329569,23.725006,21.03633,18.913292,15.59674,13.095453,12.207823,14.047995,15.959875,19.273636,21.657495,26.032408,26.813883,29.804867,33.70639,30.896881,33.498203,37.169773,33.11853,30.849758,27.85376,23.813011,20.86449,19.925282,15.237547,12.708984,10.354471,9.899752,12.028438,13.8510275,17.590605,20.600355,23.897938,26.193314,30.603836,33.311443,35.73152,38.01485,39.472942,40.47958,36.284714,33.745632,30.806225,26.860344,25.711958,21.15372,19.41997,17.476145,18.8649,17.612656,18.184254,17.139935,16.987345,19.283653,19.533764,20.425444,20.762491,24.409746,23.454449,27.817965,30.2699,31.059507,29.027071,32.271988,27.909472,32.1259,30.295067,34.171032
6,16.729815,13.955815,11.659728,9.882583,5.7136064,7.0479546,0.0,6.5983963,8.337511,11.794422,14.685885,18.15842,18.036314,16.698582,11.911142,10.280268,7.363672,6.49498,7.399676,7.836815,12.065843,13.3442955,16.39417,13.376907,16.014605,12.228898,18.316267,18.354832,15.580339,19.81886,21.57468,28.398762,29.990536,33.131866,33.09151,36.89395,36.90119,34.17906,33.22787,29.701946,29.036749,24.351978,21.44225,20.178602,16.490492,15.342297,11.138001,12.575209,11.719579,14.834573,16.154432,19.732311,23.363913,22.829432,26.108929,29.719234,26.192327,28.393162,31.832998,27.319735,25.095484,22.2187,18.848455,15.608515,16.444273,12.232766,7.650592,8.784344,5.076788,10.753261,10.152353,15.016713,16.638292,20.359898,22.062181,26.46787,29.242098,31.127977,33.82699,35.777092,36.83347,32.205856,30.618385,27.28933,22.888788,22.475863,16.781788,15.342587,12.387508,13.533103,12.530599,12.563274,10.436035,11.138741,12.855033,12.698653,13.925126,13.963365,17.980326,17.177814,21.706423,24.706297,25.39829,23.183222,27.209452,22.640848,27.153944,25.807695,29.92944
7,21.943478,19.315437,15.845351,14.394549,11.162695,8.3938875,6.5983963,0.0,4.8349833,6.3855534,9.857051,12.966241,11.969084,10.582625,5.361718,6.2377915,3.9605987,7.277085,9.409826,12.081565,16.220247,18.580927,21.081348,17.179579,20.48561,16.23629,21.282455,20.088156,15.649619,19.1045,19.641762,26.427483,26.760782,30.395485,29.328327,33.306618,33.006905,30.228031,30.096245,26.395388,26.819626,20.911783,19.463003,17.081863,15.562953,14.969729,12.167098,14.86089,15.294816,19.41955,20.833834,24.43213,27.793402,27.56259,30.240143,33.466835,30.191715,32.039623,36.068115,31.366274,28.636469,27.020382,23.450727,20.79993,22.317627,17.865473,13.073585,12.623559,7.2231503,9.951042,8.297826,11.812169,15.006827,17.465084,20.501923,24.068676,27.645567,29.801752,32.596516,34.139603,35.788593,31.752563,29.953789,27.201466,22.824356,23.32727,17.931417,18.485422,16.578196,18.78306,18.563387,18.576107,15.346018,16.37592,16.592941,15.563607,14.92306,14.96467,17.61573,16.73398,20.525396,22.366749,23.600943,22.059172,25.358858,21.993326,26.41853,25.466164,29.64551
8,24.945423,22.021696,19.33231,16.910492,13.568231,11.771097,8.337511,4.8349833,0.0,5.03765,6.507663,10.301688,10.359679,9.475802,6.377713,3.711903,5.464458,6.6768203,10.613609,12.287895,16.740217,19.819466,21.317858,16.63078,18.957952,14.234403,18.605299,17.572203,12.125712,15.258242,15.8997345,22.368774,23.39246,26.376143,25.554789,29.433058,29.044668,26.209236,25.680868,22.016018,22.306465,16.764675,15.092684,13.503627,11.418517,12.384875,9.53518,13.834448,13.496176,18.476006,18.927877,22.828875,25.517118,25.101625,27.333199,30.169704,27.000345,28.564493,32.939438,28.250921,25.214434,24.574142,20.882126,18.877016,21.312416,17.107761,12.093269,11.887733,5.6749344,7.3383217,3.6800616,7.434811,10.186052,12.835643,15.673502,19.389343,22.834185,25.000406,27.76846,29.361109,31.006517,26.959366,25.329992,22.591894,18.161823,19.127926,13.696639,15.349464,14.095288,17.032167,17.79127,18.293484,14.708185,17.106478,16.829082,14.959914,14.247096,12.704509,15.415801,13.2261,17.180052,19.23397,19.689262,17.930353,20.82262,17.303013,21.638475,20.674816,24.861185
9,27.917015,25.380629,22.053095,20.60199,17.119493,14.716215,11.794422,6.3855534,5.03765,0.0,4.463104,6.7504153,6.990385,7.495491,4.2958584,6.850829,8.648122,11.419467,14.842317,17.031176,21.431551,24.249344,26.137686,21.57599,23.96996,19.188509,23.439964,22.260756,16.341932,18.749535,18.57708,24.462616,24.65831,27.615652,25.756216,29.678192,28.635399,25.590643,25.725622,21.946762,23.639711,17.34385,17.310436,15.364552,14.935877,16.575294,14.389512,18.692724,18.524288,23.488132,23.808458,27.817297,30.36207,29.638662,31.834454,34.41141,31.072771,32.27871,36.56251,31.616083,28.567034,28.287718,25.125599,23.051386,25.932129,21.878088,16.5915,16.845657,10.44652,11.854512,7.749396,9.258358,12.306629,13.282737,17.062948,19.472374,23.795185,25.728504,28.84113,30.318857,32.522785,28.863075,27.656733,25.30437,20.907454,22.799444,17.447174,19.925802,18.551363,21.24018,21.848364,21.707602,17.484955,19.375599,18.107609,16.042938,13.986949,13.3413315,14.442134,13.332856,16.104715,16.999935,18.552567,17.659492,20.559402,18.510838,22.807981,22.681581,26.88702
10,31.271502,28.454824,25.49969,23.29028,20.01663,17.633684,14.685885,9.857051,6.507663,4.463104,0.0,4.0296516,5.3790736,6.582165,7.1306696,7.0773745,10.741169,12.642369,16.601051,18.474508,22.76629,26.186476,27.25831,22.208029,24.117485,19.30347,22.490238,21.086037,14.549996,16.046062,15.416345,20.665932,20.965425,23.486044,21.528137,25.389523,24.247116,21.179022,21.269543,17.489151,19.431637,13.076098,13.654023,12.072749,12.40724,15.267244,13.916557,18.90149,18.665787,24.006372,23.863415,27.823587,29.82219,29.227688,30.839716,32.99616,30.010633,30.95086,35.620754,30.85361,27.508915,28.261892,24.911825,23.546566,26.828688,22.928883,17.91576,17.75707,11.85613,11.387086,7.0666656,6.0849943,9.135858,9.097901,13.323686,15.375527,19.767416,21.887749,24.852568,26.128738,28.474964,25.13583,23.894096,21.891674,17.744026,20.178686,15.506555,19.127775,18.673662,21.93857,23.273266,23.630835,19.44389,22.15914,20.764542,18.228552,16.203714,14.255789,15.025827,12.521807,14.918353,15.495494,16.151766,15.323798,17.085499,15.4822445,19.36418,19.271101,23.30551
11,34.580853,31.944967,28.75116,26.947638,23.57478,21.044909,18.15842,12.966241,10.301688,6.7504153,4.0296516,0.0,4.6058636,7.6828246,9.291096,10.902131,14.319999,16.608387,20.450047,22.449017,26.758766,30.095678,31.279547,26.236637,28.04157,23.188005,26.210781,24.804474,18.123217,19.046265,17.91872,22.265852,22.044758,24.210037,21.421349,25.15217,23.35084,20.130354,20.76986,17.052423,20.268482,13.785079,15.777991,14.326413,15.648927,18.927408,17.875326,22.89552,22.63033,28.001236,27.656893,31.692276,33.48248,32.66,34.15401,36.028618,32.99356,33.61087,38.217995,33.35059,30.000196,31.176088,28.204054,26.912195,30.546276,26.789173,21.636486,21.770878,15.710143,15.336825,11.010204,9.297826,11.681788,10.0625,14.606368,15.171728,20.151833,21.973766,25.133509,26.264084,29.060411,26.17422,25.384462,23.792295,19.879086,22.9812,18.585064,22.687862,22.229383,25.372055,26.724154,26.781752,22.284256,24.844917,22.858244,20.171349,17.435154,15.8412075,15.310234,13.444582,14.488769,13.784636,15.137148,15.207026,16.542387,16.492006,20.020864,20.66929,24.524971
12,33.88859,31.177319,27.6232,25.755209,22.918854,19.335201,18.036314,11.969084,10.359679,6.990385,5.3790736,4.6058636,0.0,3.5962512,7.090569,9.661707,12.694266,15.809992,19.056383,21.822279,25.77222,29.287754,30.505829,25.549858,28.259428,23.676788,26.593472,24.431477,18.101494,19.04971,17.412294,22.292873,20.86803,24.189568,21.160368,25.095606,23.846397,20.96435,22.24967,18.574062,21.397268,14.198561,16.352737,13.365094,16.009993,17.931992,17.631207,21.960203,22.725443,27.863655,28.395832,32.066864,34.335247,34.169815,35.665417,37.852436,35.116367,36.10938,40.899754,36.197166,32.81053,33.571053,30.04581,28.617096,31.449003,27.235296,22.39718,21.41708,15.966251,14.5691,11.632725,9.667993,13.637613,12.345624,17.153118,18.17984,22.79506,25.117548,27.833551,28.562195,31.228191,28.599886,26.958368,25.55838,21.882132,24.24915,20.310875,23.901197,23.63878,26.929296,28.015606,28.299892,24.161394,26.330835,24.96123,22.668308,20.233362,19.07407,19.17673,17.381413,18.953136,18.365772,19.6472,19.528023,20.42785,19.9561,23.320318,23.327896,27.031605
13,32.047325,29.185839,25.626707,23.43219,21.05746,16.933315,16.698582,10.582625,9.475802,7.495491,6.582165,7.6828246,3.5962512,0.0,5.7995467,7.6660123,10.384561,13.715203,16.5209,19.656708,23.27533,26.954206,28.050392,23.176641,26.426394,22.130594,24.923164,22.321672,16.44569,17.608294,15.941493,21.470139,19.71432,23.789993,21.186127,25.228317,24.642328,22.041828,23.268774,19.645262,21.563557,14.307459,15.757017,11.899078,14.82645,15.589343,15.737647,19.477934,20.918575,25.808636,26.933882,30.285994,32.872074,33.20464,34.70212,37.149933,34.65443,35.97699,40.870415,36.36147,32.9809,33.378613,29.413183,27.949179,30.128838,25.658817,21.221521,19.383219,14.683679,12.449237,10.821858,9.068408,13.8334875,13.335847,17.932192,19.769108,23.879496,26.545126,28.933054,29.538313,31.888184,29.19357,26.92467,25.458204,21.89145,23.508675,19.86311,22.88434,22.80715,26.195517,27.152859,27.746122,24.045557,26.098783,25.362774,23.348772,21.44373,20.26182,21.162098,19.074177,21.347218,21.331081,22.229584,21.66325,22.513296,21.223528,24.588215,23.959364,27.602774
14,26.98406,24.39909,20.625488,19.185501,16.367857,12.605211,11.911142,5.361718,6.377713,4.2958584,7.1306696,9.291096,7.090569,5.7995467,0.0,6.2677493,6.80609,10.86776,13.3539915,16.498802,20.437477,23.354404,25.368753,21.011576,24.393023,20.00174,24.137493,22.25186,16.883331,19.34843,18.810307,25.114634,24.382719,28.248632,26.271803,30.309553,29.70361,26.919458,27.520618,23.778717,25.193209,18.457027,18.504862,15.37344,15.948498,16.08909,14.620381,17.9608,18.92836,23.505108,24.784967,28.360027,31.397593,31.323174,33.520885,36.385426,33.34949,34.894215,39.2986,34.55115,31.507975,30.83967,27.203045,25.0171,26.985104,22.507992,17.709229,16.706186,11.296256,11.617572,9.440284,10.622288,14.778233,15.766735,19.777489,22.38346,26.495962,28.80913,31.587072,32.74437,34.853825,31.418495,29.530935,27.353893,23.207909,24.442072,19.613977,21.518415,20.355045,23.095335,23.375303,23.459627,19.77493,21.129425,20.579248,19.026943,17.347807,17.134127,18.570827,17.49745,20.391205,21.124544,22.637993,21.733,24.142693,21.96851,26.064262,25.47129,29.521564
15,26.101686,22.934824,20.177011,17.142998,14.604745,11.634837,10.280268,6.2377915,3.711903,6.850829,7.0773745,10.902131,9.661707,7.6660123,6.2677493,0.0,4.5425644,6.256601,9.845815,12.2662,16.192097,19.89998,20.861343,15.922378,18.938421,14.59344,18.063984,16.0691,10.647329,13.417811,13.501281,20.26234,20.594584,24.223108,23.400682,27.348412,27.390669,24.812027,24.599934,21.003819,20.97511,15.084072,13.5300255,10.852251,10.059301,10.005872,8.565804,12.501455,13.402117,18.312294,19.426067,22.848465,25.661871,25.993494,27.835295,30.688662,28.05422,29.782404,34.49559,30.12804,26.93413,26.570595,22.320824,20.698395,22.497818,17.998655,13.749056,11.812948,7.3311486,5.4569473,4.5780635,6.2546277,10.366825,12.642141,15.788688,19.567059,22.746378,25.366102,27.703733,28.891953,30.472391,26.797783,24.45001,22.054916,18.03712,18.558851,14.141524,15.902133,15.549767,18.903545,19.834604,20.859367,17.781013,20.176714,20.322332,18.567375,17.95739,16.209663,18.820782,16.126348,19.908976,21.62523,21.708876,20.004482,21.908585,18.499615,22.380386,20.94592,24.857609
16,22.034613,18.95848,15.859496,13.153314,10.821053,7.1592774,7.363672,3.9605987,5.464458,8.648122,10.741169,14.319999,12.694266,10.384561,6.80609,4.5425644,0.0,4.6175413,6.5734324,9.886016,13.642553,16.768524,18.589201,14.378596,18.270971,14.371981,18.776197,16.946527,12.984978,16.46201,16.991972,24.03396,24.2394,28.248466,27.606192,31.559935,31.79409,29.28467,29.101274,25.529474,25.22315,19.512857,17.5599,14.743957,13.385149,11.605284,9.478748,11.603228,13.024215,17.074923,19.09975,22.261023,25.774233,26.258453,28.62441,31.94795,29.166327,31.262455,35.59472,31.257399,28.399534,26.933474,22.712326,20.449736,21.295973,16.535894,12.551298,10.32065,6.632914,6.996395,7.6577544,10.710519,14.322967,17.061699,19.896841,23.913317,26.972097,29.495956,31.856173,33.16062,34.541454,30.642323,28.217962,25.57748,21.525978,21.34571,16.697264,16.949806,15.809851,18.483381,18.558197,19.360435,16.827175,18.28035,19.1611,18.141924,18.028685,17.269056,20.348394,18.523983,22.596388,24.5939,25.130156,23.321949,25.912458,22.12918,26.229927,24.668703,28.614756
17,20.857208,17.430285,15.507473,11.626613,9.377326,7.9263206,6.49498,7.277085,6.6768203,11.419467,12.642369,16.608387,15.809992,13.715203,10.86776,6.256601,4.6175413,0.0,4.4594564,6.0207195,10.170023,13.71472,14.853429,10.2574005,13.691398,9.782695,14.3705225,13.067833,9.923723,14.037036,15.580113,22.608486,23.969936,27.446281,27.738163,31.497648,32.04693,29.64491,28.75352,25.378223,24.051746,19.455076,16.199005,14.448198,11.153201,8.991472,5.5876527,7.6734266,8.413898,12.646232,14.507208,17.681973,21.163475,21.7575,24.12677,27.577518,24.906258,27.209276,31.528229,27.455742,24.671724,23.035587,18.490591,16.43824,17.030756,12.261027,8.75631,5.873281,3.9021177,4.580095,6.876145,10.729902,13.058794,16.79959,18.547113,23.292994,25.585917,28.063248,30.19108,31.687853,32.593395,28.361523,25.900223,22.914356,18.941275,18.01324,13.432534,12.68553,11.712524,14.550484,14.94518,16.448832,14.634003,16.747738,18.231724,17.243439,18.067776,16.491194,20.375816,17.86147,22.44844,25.190895,24.948174,22.602406,25.219921,20.516104,24.491396,22.437498,26.258133
18,17.838778,14.275996,12.39499,7.9235697,7.2001734,5.1701503,7.399676,9.409826,10.613609,14.842317,16.601051,20.450047,19.056383,16.5209,13.3539915,9.845815,6.5734324,4.4594564,0.0,4.4305296,7.2008133,10.491394,12.20389,8.687858,13.548987,10.994303,15.500307,13.959457,12.803187,16.88163,18.437069,25.525745,26.489246,30.466331,30.944,34.68384,35.589287,33.373352,32.62358,29.328835,27.667076,23.151281,19.787128,17.569069,14.701054,10.890804,8.416996,7.088513,9.349675,11.731492,15.092584,17.387865,21.593023,22.812027,25.393784,29.224983,26.810444,29.497438,33.52922,29.785019,27.315783,24.846624,20.205173,17.885519,16.919548,11.981753,10.040321,5.8373156,7.50849,8.024421,11.316743,14.849403,17.380886,21.088707,22.778133,27.616877,29.694458,32.264465,34.191875,35.586693,36.272648,32.08241,29.270813,26.315058,22.643984,20.96886,16.998278,15.029859,13.921143,16.013412,15.6020155,17.193848,16.435371,17.58808,19.953861,19.676609,20.924557,19.99951,24.059017,21.984018,26.629444,29.414742,29.340458,26.96816,29.652496,24.808786,28.689228,26.380928,30.01907
19,16.854374,13.14144,12.799746,7.788661,6.8937364,8.436875,7.836815,12.081565,12.287895,17.031176,18.474508,22.449017,21.822279,19.656708,16.498802,12.2662,9.886016,6.0207195,4.4305296,0.0,4.694911,7.9157715,9.149405,5.59689,9.541511,7.3233547,12.474646,12.202033,12.239446,16.595577,19.020485,25.75705,27.81786,31.087376,32.22812,35.77196,36.733547,34.51879,33.156143,30.026123,27.756187,24.231855,20.048138,18.97319,14.590156,11.280621,7.7520843,5.7470913,6.0090446,7.763619,10.93722,13.336976,17.602245,18.641266,21.476078,25.470001,22.969782,25.829702,29.596739,26.067957,23.848265,20.928974,16.252638,13.931057,12.512838,7.573124,6.7412,2.386602,7.3831735,9.091725,12.10676,16.08757,17.363089,21.666107,22.42325,27.639662,29.158436,31.483887,33.328423,34.998257,35.304436,30.77069,28.244678,24.941729,21.337645,19.164219,15.17535,11.907583,10.509248,12.175246,11.79371,13.983765,14.145188,15.703322,18.562181,18.425972,20.468569,19.101665,23.66794,21.364092,26.26271,29.633635,29.092735,26.357489,29.292711,23.830484,27.61846,25.114498,28.631708
20,16.204727,12.388059,13.168342,7.5293965,9.163725,10.6848135,12.065843,16.220247,16.740217,21.431551,22.76629,26.758766,25.77222,23.27533,20.437477,16.192097,13.642553,10.170023,7.2008133,4.694911,0.0,4.9836044,5.0066376,3.7351081,8.943552,9.310691,12.827162,12.3420925,14.64097,18.617622,21.124872,27.596117,29.573929,33.059135,34.67659,38.068527,39.50979,37.573215,36.16617,33.243797,30.352524,27.306263,22.829687,21.626999,17.508991,13.076975,10.867579,6.2522087,7.9572186,6.375735,11.350311,12.019139,16.845049,18.951502,21.59566,25.826283,23.99455,27.21763,30.763548,27.91392,25.993135,22.672731,17.843277,15.910831,12.631409,8.3353615,10.324762,5.828984,12.054102,12.491395,16.416498,19.895515,21.18798,25.476673,25.956676,31.325363,32.346073,34.808537,36.25487,37.759384,37.691677,33.291977,30.329803,27.148859,24.101383,21.059551,18.232204,14.128893,13.413442,14.511971,13.845068,16.441835,17.754513,18.854555,22.291403,22.527063,24.878334,23.571253,28.241861,25.850393,30.78271,34.22899,33.469437,30.627945,33.26212,27.600739,31.047554,28.132927,31.268433
21,11.973525,8.340759,10.723152,6.1247654,8.741008,12.110179,13.3442955,18.580927,19.819466,24.249344,26.186476,30.095678,29.287754,26.954206,23.354404,19.89998,16.768524,13.71472,10.491394,7.9157715,4.9836044,0.0,5.2862926,7.94525,11.150807,12.239759,16.302053,16.77793,19.198164,23.301584,25.958881,32.394707,34.528645,37.906002,39.500793,42.916103,44.215767,42.159206,40.65846,37.673065,34.905365,31.872503,27.393509,26.364557,21.959955,17.956043,15.203264,11.144951,11.569604,8.6554785,13.054507,13.312613,18.250006,19.830181,23.088114,27.500143,25.363142,28.684656,31.425709,28.69154,27.353647,22.915285,18.884119,16.346212,11.991896,8.825903,11.651166,9.499609,14.812042,16.822351,19.963787,23.989841,25.05618,29.486036,29.865795,35.227463,36.33624,38.532467,40.171864,41.913403,41.782097,37.138813,34.5525,31.162395,27.983229,25.002342,21.758268,17.063887,15.369952,15.070752,13.2319,15.296364,17.674032,17.671253,21.760805,22.737272,25.569948,24.971682,29.751938,28.084806,33.02629,36.69384,36.251106,33.37973,36.653515,30.877842,34.526653,31.820333,35.031307
22,17.023285,13.535539,15.884305,10.770084,12.975426,15.421264,16.39417,21.081348,21.317858,26.137686,27.25831,31.279547,30.505829,28.050392,25.368753,20.861343,18.589201,14.853429,12.20389,9.149405,5.0066376,5.2862926,0.0,5.535511,8.069145,10.93466,12.9214,13.373855,17.456278,21.056118,23.96254,29.81822,32.36955,35.456764,37.725372,40.857124,42.58917,40.835697,39.051136,36.394226,32.84483,30.717318,25.76633,25.163282,20.586864,16.261494,14.422345,9.5021515,10.191343,5.626728,10.771346,9.551924,14.529984,17.324236,19.846054,24.214434,22.943666,26.44531,29.50461,27.44146,25.996601,22.231016,17.583546,16.175163,11.337398,8.723546,12.974597,9.632554,16.283401,16.653564,20.59513,23.935705,24.57848,29.038078,28.8419,34.379265,34.752846,37.093796,38.212868,39.763237,39.21342,34.76977,31.80199,28.57704,26.044275,22.302547,20.379578,15.349479,15.016323,15.306829,14.589442,17.613447,20.084286,21.125378,24.959206,25.44165,28.297413,26.79558,31.668356,29.139273,34.11873,37.88112,36.733303,33.67386,36.21995,30.212221,33.302986,30.100578,32.82432
23,19.480455,15.699749,16.623363,11.055817,11.802927,13.189211,13.376907,17.179579,16.63078,21.57599,22.208029,26.236637,25.549858,23.176641,21.011576,15.922378,14.378596,10.2574005,8.687858,5.59689,3.7351081,7.94525,5.535511,0.0,5.990831,6.800222,9.167131,8.842902,11.990895,15.753866,18.619053,24.710823,27.272234,30.314795,32.37376,35.582848,37.161785,35.342327,33.62624,30.905201,27.54212,25.196676,20.306013,19.71643,15.088723,10.88115,8.95435,4.167716,5.3410473,3.8164828,8.707501,9.313322,13.8420105,16.328478,18.503977,22.610455,21.112106,24.328869,28.213377,25.590656,23.48024,20.826649,15.578412,14.420689,11.565034,7.4925942,9.965919,5.0636115,11.920393,11.314469,15.490136,18.51398,19.217957,23.589233,23.545773,29.039808,29.58001,32.066723,33.254505,34.722507,34.433006,30.067362,27.014519,23.841911,21.086721,17.66785,15.505811,11.245049,11.539023,13.259943,13.564872,16.735193,17.919014,19.903534,23.004028,22.795721,25.14688,23.096134,27.790405,24.760664,29.678541,33.225887,31.929081,28.947195,31.13316,25.297718,28.39733,25.215567,28.106049
24,21.969982,18.508768,20.358463,15.3445835,15.189085,17.950266,16.014605,20.48561,18.957952,23.96996,24.117485,28.04157,28.259428,26.426394,24.393023,18.938421,18.270971,13.691398,13.548987,9.541511,8.943552,11.150807,8.069145,5.990831,0.0,5.025535,5.9158,8.908978,12.697758,16.031815,19.675173,24.75979,28.714333,30.535782,33.25973,36.125694,37.586094,35.761868,33.293823,30.878895,26.988237,26.034273,20.555487,21.534477,15.609647,13.334448,10.839955,8.54822,5.551453,2.6788492,3.2113035,3.9909163,8.137122,10.374872,12.657974,16.894829,15.367733,18.741484,22.41728,20.22852,18.398367,15.757705,10.428215,10.312027,7.5109134,5.6370006,9.775824,8.090711,13.857435,14.067733,17.060291,20.05645,19.187109,23.82737,22.581358,28.182959,27.954575,29.987862,31.026358,32.839317,32.08485,27.382135,24.972248,21.456907,19.007275,15.215044,13.513941,7.9299855,8.777094,9.902133,11.206701,15.019721,16.894354,19.640226,22.58177,22.210585,25.070862,22.343544,27.181416,23.814796,28.66666,32.701378,30.76147,27.477379,29.708984,23.425941,26.130444,22.852528,25.399027
25,21.922379,18.427536,19.19915,14.500477,13.034424,15.3921995,12.228898,16.23629,14.234403,19.188509,19.30347,23.188005,23.676788,22.130594,20.00174,14.59344,14.371981,9.782695,10.994303,7.3233547,9.310691,12.239759,10.93466,6.800222,5.025535,0.0,6.507309,8.769566,9.492225,13.443559,16.942274,22.560226,26.339687,28.188173,30.266987,33.376717,34.353416,32.227905,29.934284,27.218203,24.06549,22.34928,17.18665,18.14609,11.930962,10.761044,6.932305,7.248181,2.1330621,5.747375,4.8417497,8.658736,11.557405,12.09064,14.552419,18.328041,15.852879,18.679813,22.804815,19.549212,17.135262,15.115658,9.780008,8.892656,8.980427,5.504099,6.0612664,5.214996,9.253808,10.127604,12.244203,15.589362,14.702806,19.43931,18.59321,24.135912,24.591,26.606041,28.148373,30.092697,29.88174,25.03915,22.961514,19.307667,15.998758,13.300713,9.758122,4.905221,4.962931,7.762131,9.63348,13.001044,13.445788,16.758686,19.03323,18.191507,20.634727,17.732327,22.473057,19.051287,23.944517,27.859,26.162766,22.979158,25.503483,19.37,22.596848,19.726234,22.8827
26,27.308508,23.715025,24.810997,19.596378,18.976377,20.484406,18.316267,21.282455,18.605299,23.439964,22.490238,26.210781,26.593472,24.923164,24.137493,18.063984,18.776197,14.3705225,15.500307,12.474646,12.827162,16.302053,12.9214,9.167131,5.9158,6.507309,0.0,4.9773445,9.044938,11.224889,15.09356,19.319048,23.883036,25.097921,28.271555,30.861427,32.506516,30.913322,28.205578,26.120834,21.66501,21.667751,15.923351,17.716423,11.782405,10.610666,9.566033,9.186727,6.7306542,7.8377247,6.392046,7.4332786,8.477967,11.067211,11.434818,14.769295,14.095261,16.992863,21.77205,19.74838,17.16077,16.835426,11.201093,12.644446,12.288502,10.582364,12.53348,10.320369,14.665892,12.813849,15.816576,17.4445,15.976835,20.23994,18.43055,23.967522,23.08786,25.35252,25.914637,27.46849,26.546654,22.112411,19.2791,15.960838,14.122676,9.710363,9.954094,5.9665604,9.645403,12.4478855,15.044706,18.724503,19.397732,23.032299,25.085573,23.923454,26.150934,22.534124,26.922087,22.60872,27.129368,30.871916,28.23743,24.985518,26.06724,19.937834,21.916012,18.179611,20.294956
27,28.159645,24.37872,24.75495,19.269514,19.087406,19.129263,18.354832,20.088156,17.572203,22.260756,21.086037,24.804474,24.431477,22.321672,22.25186,16.0691,16.946527,13.067833,13.959457,12.202033,12.3420925,16.77793,13.373855,8.842902,8.908978,8.769566,4.9773445,0.0,6.8405538,8.59009,11.85494,16.696938,20.232409,22.424484,25.387985,28.13091,30.156948,28.774906,26.651693,24.505663,20.077072,19.332432,13.893048,14.497897,9.966504,6.88256,8.121112,7.1246266,7.7003965,9.556995,10.517346,11.104206,12.925101,16.029915,16.1155,19.108078,18.839373,21.509417,26.542055,24.397581,21.54011,21.528835,15.865057,16.74934,16.121378,13.237905,14.384877,10.246016,14.551605,10.651495,14.902007,15.653493,15.4192705,19.181873,18.243332,23.61473,23.051281,25.886719,26.246946,27.253376,26.617804,22.796446,18.985992,16.310827,14.692289,10.441885,11.349051,9.323786,12.755145,16.115343,18.316133,21.76959,21.86043,25.253046,27.223364,25.951065,27.63357,24.200832,28.321306,23.902256,28.328178,31.53056,29.110764,26.145224,26.59332,21.008236,22.92526,19.072245,21.168137
28,29.039726,25.365559,24.60671,19.787552,18.281317,17.488333,15.580339,15.649619,12.125712,16.341932,14.549996,18.123217,18.101494,16.44569,16.883331,10.647329,12.984978,9.923723,12.803187,12.239446,14.64097,19.198164,17.456278,11.990895,12.697758,9.492225,9.044938,6.8405538,0.0,4.457646,7.484584,13.682292,16.910084,19.129776,20.93483,24.146383,25.365528,23.47017,21.64056,18.947744,15.727055,13.48452,8.326075,8.9564295,3.3194063,3.953385,4.7075934,8.676666,8.518355,13.251164,13.188642,15.799865,17.373697,18.702063,19.222452,21.705513,20.317968,22.243565,27.574934,24.340616,20.947998,21.76755,16.574112,16.899778,18.362139,14.846504,13.204354,10.184626,10.825614,6.0002446,8.95907,8.906982,8.859092,12.553214,12.432106,17.719347,18.263727,21.21264,22.301582,23.431126,23.731401,19.81737,16.520477,13.784782,10.791648,8.922698,7.410167,8.900112,11.671479,15.8633,18.305553,20.992243,19.48746,23.243338,24.171467,22.277115,23.071436,19.436203,22.951805,18.345404,22.49673,25.252996,23.073862,20.392084,20.802927,15.7180195,18.213425,14.979597,17.979849
29,33.435795,29.732983,28.929348,24.048851,22.679346,21.479479,19.81886,19.1045,15.258242,18.749535,16.046062,19.046265,19.04971,17.608294,19.34843,13.417811,16.46201,14.037036,16.88163,16.595577,18.617622,23.301584,21.056118,15.753866,16.031815,13.443559,11.224889,8.59009,4.457646,0.0,4.0137544,9.281802,13.169516,14.855561,17.233095,20.164791,21.752071,20.212826,18.228388,15.970689,11.929009,10.876679,5.405641,7.2426867,4.0891514,6.49226,9.119609,12.451803,12.6372595,16.87415,16.45155,18.559565,19.280775,20.861061,20.453516,22.20032,21.55201,23.06682,28.71493,25.88121,22.307917,24.272432,19.244522,20.283655,21.995703,18.896671,17.499296,14.560673,14.971748,9.68624,11.953805,9.964443,9.443153,11.78281,11.167802,15.946632,15.714611,19.033325,19.459154,20.08472,20.286613,17.01251,12.964832,10.983955,9.171524,7.5203624,8.9419565,11.8294115,15.293556,19.510246,22.291681,25.029995,23.380095,27.361523,27.956491,25.781788,26.236273,22.24334,25.210047,20.162605,23.707716,26.011036,23.267952,20.809526,19.829807,15.412718,16.8253,13.257743,15.530144
30,35.76198,32.07379,30.747995,26.050982,24.713062,22.613739,21.57468,19.641762,15.8997345,18.57708,15.416345,17.91872,17.412294,15.941493,18.810307,13.501281,16.991972,15.580113,18.437069,19.020485,21.124872,25.958881,23.96254,18.619053,19.675173,16.942274,15.09356,11.85494,7.484584,4.0137544,0.0,7.1733027,9.462864,12.106523,13.796415,16.985224,18.711899,17.321629,16.07895,13.788075,10.362631,8.111769,4.361792,4.2459345,6.087363,8.107591,11.580248,14.90056,15.91474,20.241661,20.278101,22.34261,23.222532,24.870346,24.394663,25.953955,25.396044,26.711926,32.41161,29.483582,25.822538,28.017143,23.10287,23.945023,25.710402,22.307163,20.46192,17.242352,16.883127,11.002216,12.978799,9.58498,10.288725,11.074357,11.599434,15.361416,15.595763,19.229942,19.518452,19.559513,20.261887,17.852722,13.501099,12.577404,11.248809,10.826796,12.179474,15.642814,18.77187,23.036922,25.655796,28.159065,26.08463,29.907782,30.21752,27.910116,27.823824,24.025307,26.44392,21.49985,24.562777,26.16513,23.637983,21.660362,19.936937,16.651503,17.766844,14.655667,16.691452
31,42.597248,38.88757,37.80435,33.003216,31.659798,29.780416,28.398762,26.427483,22.368774,24.462616,20.665932,22.265852,22.292873,21.470139,25.114634,20.26234,24.03396,22.608486,25.525745,25.75705,27.596117,32.394707,29.81822,24.710823,24.75979,22.560226,19.319048,16.696938,13.682292,9.281802,7.1733027,0.0,6.98741,5.7890043,9.864515,11.718552,14.274186,13.905776,11.963125,11.351261,6.048075,8.990043,7.6286654,9.919425,12.081183,14.905213,18.232224,21.357708,21.875444,25.796509,25.045511,26.689545,26.394672,28.021719,26.46972,26.904016,27.263554,27.91092,33.71475,31.469181,27.78662,31.35831,26.878353,28.586039,30.755085,28.039125,26.563194,23.801037,23.524208,18.043304,19.271965,15.332999,14.623964,13.816824,12.93857,14.898408,13.236698,16.93368,15.762982,14.717916,15.056786,14.3673315,9.284337,10.647412,11.994557,12.2869625,16.097595,20.17785,23.890955,28.060282,31.142687,33.764324,31.700514,35.896732,35.864025,33.27107,33.02702,28.75191,30.58031,25.264301,27.432459,28.56803,25.179298,23.540134,19.958628,17.955761,17.092428,14.015042,14.164745
32,44.245705,40.56832,38.789356,34.244705,33.19329,30.10531,29.990536,26.760782,23.39246,24.65831,20.965425,22.044758,20.86803,19.71432,24.382719,20.594584,24.2394,23.969936,26.489246,27.81786,29.573929,34.528645,32.36955,27.272234,28.714333,26.339687,23.883036,20.232409,16.910084,13.169516,9.462864,6.98741,0.0,6.5123825,7.108749,9.693484,12.871764,13.063602,13.641486,12.849185,10.653313,9.631197,11.236226,9.948616,15.320754,16.68919,20.741226,23.451378,25.204712,29.186756,29.508102,31.102633,31.645039,33.637436,32.496906,33.378723,33.55082,34.444233,40.249287,37.68762,33.958107,36.96299,32.22434,33.32088,35.068874,31.651947,29.78928,26.272099,25.598438,19.530182,21.076786,16.553133,17.809643,16.113987,17.22755,18.283695,18.13023,21.849838,21.029478,19.448507,20.56689,20.67163,16.003555,17.45968,18.002892,18.444998,21.040125,24.949343,28.191065,32.462933,35.102116,37.507202,35.12727,38.865063,38.809998,36.3039,35.55766,31.888723,33.36594,28.544218,30.498564,30.839441,28.310783,27.235882,23.670767,22.656706,22.351158,19.955572,20.543385
33,47.847446,44.16997,42.763645,38.147488,36.702293,34.38483,33.131866,30.395485,26.376143,27.615652,23.486044,24.210037,24.189568,23.789993,28.248632,24.223108,28.248466,27.446281,30.466331,31.087376,33.059135,37.906002,35.456764,30.314795,30.535782,28.188173,25.097921,22.424484,19.129776,14.855561,12.106523,5.7890043,6.5123825,0.0,5.8064528,6.2085385,9.592213,10.413065,9.399795,10.251925,6.9868,10.504549,12.03503,13.533118,17.15624,20.130117,23.518229,26.807034,27.489573,31.536451,30.77095,32.46519,32.019592,33.497753,31.757555,31.77348,32.261215,32.521694,38.26182,36.067635,32.366962,36.441185,32.247086,33.97662,36.43324,33.68077,31.87396,29.22009,28.338226,22.888718,23.562576,19.024137,18.578201,16.39723,16.008488,15.976314,14.313887,17.725565,15.983288,13.792579,14.742186,16.002697,11.787126,14.469679,16.331528,17.579195,21.18382,25.711147,29.267933,33.44381,36.546864,38.97664,36.549282,40.742367,40.317783,37.53337,36.806408,32.599277,33.725094,28.558441,29.910135,30.209917,26.849426,25.87013,21.210766,20.904161,19.254818,17.116425,16.502113
34,48.547436,44.999893,42.974693,38.84061,37.11309,34.199306,33.09151,29.328327,25.554789,25.756216,21.528137,21.421349,21.160368,21.186127,26.271803,23.400682,27.606192,27.738163,30.944,32.22812,34.67659,39.500793,37.725372,32.37376,33.25973,30.266987,28.271555,25.387985,20.93483,17.233095,13.796415,9.864515,7.108749,5.8064528,0.0,4.0632396,5.8105683,6.3392467,8.166243,8.394166,9.214257,9.153185,13.271699,13.385846,18.470879,21.626505,24.766573,28.532253,29.445711,33.98989,33.48995,35.688267,35.756195,36.886402,35.685665,35.98784,35.819252,36.034927,41.732433,38.932453,35.138664,38.98132,34.912243,36.0965,38.86893,35.683674,33.073853,30.590204,28.599419,23.390535,23.306652,18.309725,18.750584,15.456328,16.571827,15.342227,15.471972,18.708344,17.908718,15.811393,17.986673,19.179682,15.981842,18.169466,18.869,21.046535,23.163973,28.135155,31.09122,35.312443,38.163994,40.165062,37.149517,41.085934,40.23868,37.355988,36.00455,32.22789,32.6916,28.00991,28.807987,28.258108,25.60893,25.28594,20.593592,21.526953,20.42075,19.267199,19.45899
35,52.259827,48.673664,46.805676,42.545048,40.87082,38.096367,36.89395,33.306618,29.433058,29.678192,25.389523,25.15217,25.095606,25.228317,30.309553,27.348412,31.559935,31.497648,34.68384,35.77196,38.068527,42.916103,40.857124,35.582848,36.125694,33.376717,30.861427,28.13091,24.146383,20.164791,16.985224,11.718552,9.693484,6.2085385,4.0632396,0.0,4.713035,7.2333245,8.670283,10.469707,10.826039,12.799933,16.426119,17.145643,21.777878,24.994501,28.220203,31.859243,32.64606,37.015285,36.286377,38.27995,37.94741,39.12173,37.525993,37.41314,37.636475,37.61796,43.26844,40.818783,37.081406,41.37485,37.45129,38.9603,41.789005,38.851322,36.4748,34.04106,32.29362,27.077427,27.042448,22.1068,22.073105,18.768429,19.20959,17.45272,16.665749,19.545345,17.988943,15.250427,17.191547,19.521595,16.569382,19.467636,20.995068,23.130121,25.960926,30.94256,34.13916,38.323483,41.34236,43.4455,40.52462,44.605774,43.712543,40.76355,39.45184,35.499496,35.839005,31.057655,31.571907,30.914696,27.940805,27.729885,22.468443,23.828173,21.972336,20.92411,20.284233
36,52.8847,49.432392,47.347263,43.45291,41.343033,38.663235,36.90119,33.006905,29.044668,28.635399,24.247116,23.35084,23.846397,24.642328,29.70361,27.390669,31.79409,32.04693,35.589287,36.733547,39.50979,44.215767,42.58917,37.161785,37.586094,34.353416,32.506516,30.156948,25.365528,21.752071,18.711899,14.274186,12.871764,9.592213,5.8105683,4.713035,0.0,3.488608,6.4579244,8.461392,11.429026,12.637251,17.182158,18.170612,22.58808,26.567394,29.164948,33.402943,33.765987,38.514595,37.4469,39.92233,39.579903,40.155636,38.828358,38.637295,38.349567,38.039665,43.537426,40.724525,36.98683,41.451935,37.947365,39.269714,42.671078,39.7608,36.819588,35.02887,32.39948,27.836142,26.850225,21.885372,21.609491,17.617384,18.345596,15.34926,15.382237,17.750994,16.822462,14.301179,17.162333,19.410698,17.67938,20.303244,21.269382,24.348812,26.29004,31.72714,34.512413,38.59815,41.594845,43.34182,40.00391,44.061768,42.690063,39.5856,37.883743,34.05273,33.764023,29.291374,29.125029,27.904345,25.122877,25.42743,19.905567,22.431803,20.549725,20.449839,20.102827
