,0,1,2,3,4,5,6,7,8,9,10,11,12,13,14,15,16,17,18,19,20,21,22,23,24,25,26,27,28,29,30,31,32,33,34,35,36,37,38,39,40,41,42,43,44,45,46,47,48,49,50,51,52,53,54,55,56,57,58,59,60,61,62,63,64,65,66,67,68,69,70,71,72,73,74,75,76,77,78,79,80,81,82,83,84,85,86,87,88,89,90,91,92,93,94,95,96,97,98,99,100,101,102,103,104,105,106,107,108,109,110,111,112
0,0.0,4.5975323,6.770135,9.102615,12.161865,13.451267,17.434235,22.4633,24.09791,27.796698,30.08729,34.37689,31.233646,29.188755,24.995487,23.18757,19.28025,18.161688,12.715567,14.45884,12.232456,11.118852,11.634257,15.296393,16.988836,16.959377,18.863062,17.779974,21.586102,18.133572,25.414537,21.557901,28.967169,28.032099,29.349602,31.807728,28.221466,28.391296,23.85715,21.420946,26.18013,22.031973,25.92441,25.626192,21.929243,24.55842,22.421797,22.798122,22.398636,23.094471,25.78019,25.744394,31.08321,30.761414,33.756897,32.46496,34.154495,31.611778,32.652397,32.140507,34.026447,30.853825,31.052181,31.168667,33.12177,36.24574,32.68578,37.980087,35.122536,34.79986,30.826086,32.050232,31.775442,27.0181,29.51283,25.811905,29.526613,27.780167,25.251684,28.42237,22.995193,23.636036,17.67767,17.213894,15.813017,18.871105,23.163963,18.973461,19.559864,23.345531,24.889772,23.857939,25.501024,28.705824,30.362724,30.576529,33.430744,35.674297,34.356354,38.134407,41.158707,40.219006,35.55841,34.55017,39.18394,41.644123,38.86858,35.45959,34.810707,29.272024,29.353163,25.458696,25.612114
1,4.5975323,0.0,4.8721604,5.510348,8.122294,10.933121,13.514806,19.411201,20.663313,24.540398,26.927902,31.320486,28.483843,26.604774,22.430408,20.17217,16.35076,14.468311,9.87029,10.412725,9.138872,7.4216557,9.344075,12.568856,13.504479,14.0727005,15.278611,14.784786,18.481934,15.716705,22.92821,19.681883,27.447075,26.4732,28.359566,31.0249,28.00592,28.218687,23.499847,20.810705,25.239164,21.146343,24.0741,23.619217,20.133715,21.628092,19.915539,19.361177,19.959372,20.06013,23.340696,22.95279,28.440306,28.587252,30.920204,29.270025,30.884666,28.202366,29.71819,28.86395,31.45451,27.842735,28.760452,28.735153,31.229753,33.71377,30.41152,35.728535,32.52643,31.868778,27.671743,28.563318,27.902676,23.003607,25.24536,21.377604,25.07826,23.199745,20.85857,24.114666,18.876984,19.6039,13.414551,12.939844,11.275238,14.297439,18.665386,14.779526,15.171218,18.833424,20.48077,19.669872,21.225246,24.233337,26.18364,26.434202,29.372454,31.42336,30.407944,33.90854,37.095127,36.404823,31.974749,30.762838,35.31983,37.667366,34.843643,31.48276,30.644724,25.206379,25.326866,21.337847,21.935122
2,6.770135,4.8721604,0.0,5.037402,6.846932,7.445152,11.535408,16.063566,18.246567,21.655535,24.66924,28.872107,25.232672,23.644436,19.025753,17.688856,14.054776,13.253604,9.491937,11.172599,11.7347355,10.858085,13.450336,15.758712,16.1165,16.272026,16.084745,14.759378,17.620083,14.158713,20.96242,16.536024,24.639235,22.723047,24.863964,27.195543,24.291885,24.999409,20.383802,18.098532,22.92074,19.713898,22.68739,23.156137,20.341112,21.884192,21.530258,21.306057,22.578274,23.042126,26.540974,26.651669,31.95588,32.619923,34.50485,32.684887,33.993786,30.93457,32.48909,31.004349,33.747807,29.31652,30.241821,29.556267,31.816246,33.7813,29.924704,34.98701,31.427336,30.664646,26.67727,27.249857,26.960915,22.299404,24.41457,21.00889,24.148413,23.43864,20.018564,23.742788,18.098776,20.464886,13.717516,14.86835,12.966378,14.461725,20.082092,17.486217,16.538967,19.853693,22.268742,21.70165,22.382225,25.532513,27.925444,27.762003,30.616869,32.182568,31.05746,33.9942,36.884117,36.693405,32.036312,30.253962,34.477966,36.603188,33.46409,30.116201,29.108095,23.623209,23.225029,19.39934,19.056646
3,9.102615,5.510348,5.037402,0.0,3.6870704,6.2647514,8.689904,14.380617,15.27331,19.230122,21.421553,25.815271,23.162573,21.204016,17.222775,14.684821,10.870862,9.116415,5.051616,6.260166,7.3304152,7.2137055,10.298776,11.494024,11.427207,11.513385,11.067329,10.059045,13.267206,10.561635,17.58713,14.670706,22.497217,21.674662,23.816711,26.682352,24.165379,24.321756,19.560253,16.733978,20.79359,17.074478,19.235006,19.107838,16.213999,17.121778,16.746885,16.322308,17.934725,18.398678,22.038343,22.481335,27.555748,28.691252,30.180447,28.360283,29.419458,26.178564,27.677683,26.022596,28.879488,24.318369,25.481848,24.83109,27.408476,29.22031,25.710081,30.897806,27.39394,26.595472,22.42852,23.212727,22.780464,18.031683,20.55243,17.15968,21.088236,20.48563,18.003988,22.176079,17.196205,19.380257,12.49965,12.855944,9.920703,11.414151,17.050444,14.265833,12.120483,15.766587,18.263351,17.215214,17.75266,21.435905,23.31699,23.010048,25.794039,27.567846,26.222221,29.52859,32.41554,31.914211,27.276361,25.782906,30.245813,32.59792,29.769304,26.360336,25.8157,20.223911,20.6188,16.955202,17.658129
4,12.161865,8.122294,6.846932,3.6870704,0.0,5.7550755,5.3962946,11.947566,12.8652725,16.753561,19.528708,23.906256,21.173141,19.684557,15.516749,13.002507,9.667308,7.2478843,6.483689,5.6312885,9.150892,8.609612,12.458301,13.012542,11.909913,12.631952,10.679411,10.291935,12.5538645,10.72822,16.913193,14.241299,22.299404,20.89241,23.708656,26.475475,24.58349,25.046131,20.392258,17.728262,21.470308,18.394974,19.53314,19.647886,17.3968,16.993446,17.620409,16.199942,19.02768,18.874128,22.976416,23.025417,28.079517,29.601168,30.404366,28.210062,29.164488,25.819803,27.848206,25.741741,29.329454,24.2356,26.12956,25.1676,28.128077,29.088041,25.720379,30.717484,26.753906,25.523195,21.24537,21.378668,20.557089,15.722619,17.670656,14.184649,17.665081,17.327923,14.44958,18.816786,13.907833,16.85214,9.855894,11.158097,8.177272,8.350415,14.63665,13.123055,10.413523,13.425835,16.338556,15.885114,15.939848,19.163239,21.724398,21.374058,24.218145,25.493736,24.601633,27.217634,30.223324,30.289862,25.923996,23.902012,28.061977,30.12339,27.034096,23.708538,22.69071,17.225025,17.26175,13.421925,14.238837
5,13.451267,10.933121,7.445152,6.2647514,5.7550755,0.0,6.833778,9.158568,11.330983,14.552223,17.462082,21.547075,17.862694,16.204077,11.649389,10.446779,7.0742726,7.895864,6.84368,9.460474,12.409439,13.119321,16.232422,16.471317,15.800676,15.280966,12.929154,10.692754,11.925496,8.349052,14.1101,9.51225,17.871523,15.8521805,18.481197,21.045181,18.970783,19.706533,15.137416,12.867577,17.127333,14.983255,16.758224,18.076471,16.50629,17.29755,19.04776,19.197533,21.547407,22.509512,26.185259,27.321411,31.94086,33.734314,34.622696,32.677666,33.26085,29.598646,31.021746,28.553543,31.467398,25.914513,27.029198,25.426464,27.593626,28.529991,24.311758,28.992506,25.00787,24.067139,20.336292,20.6713,20.939013,16.840792,19.25685,16.943687,20.054882,21.442755,17.841913,22.668922,17.678547,21.843111,14.851839,16.835018,13.871406,13.143499,19.856323,18.751963,14.980387,17.810234,21.178032,20.3724,19.594053,23.447983,25.647364,24.699678,27.190401,28.26335,26.66034,29.15318,31.456398,31.600336,26.697084,24.449516,28.353207,30.413527,27.253899,23.893135,23.349558,17.756708,17.624107,14.584088,13.974794
6,17.434235,13.514806,11.535408,8.689904,5.3962946,6.833778,0.0,7.605054,8.046644,11.782151,15.063172,19.314163,16.66255,15.691489,11.69661,9.157142,7.130776,4.778384,8.91648,7.5153265,12.674341,12.775976,16.671595,15.99278,13.925098,14.585135,10.601609,10.356745,10.547914,10.0663,14.174143,12.28981,19.959139,18.144293,21.669891,24.364817,23.48122,24.149408,19.860308,17.493143,20.39528,18.432896,18.030643,18.686003,17.660994,15.769877,18.265352,16.393005,20.4892,20.203045,24.51676,24.841042,29.365555,31.672861,31.498186,29.032553,29.496838,25.834959,28.127337,25.199833,29.347973,23.373598,25.893902,24.246328,27.401651,27.112047,23.785656,28.319134,23.801346,22.075218,17.894114,17.19489,16.246294,11.70933,13.166513,10.402476,13.318434,14.813214,11.514538,16.65855,12.570136,17.101252,10.769134,13.113451,10.141958,7.4516582,14.249809,14.833166,10.273582,11.954127,15.679506,15.612149,14.274168,17.376842,20.32755,19.462868,22.06313,22.558086,21.815493,23.47853,26.238863,27.028236,22.830343,20.04981,23.700256,25.437145,22.074944,18.81747,17.574814,12.1191845,11.9614725,8.395535,9.407581
7,22.4633,19.411201,16.063566,14.380617,11.947566,9.158568,7.605054,0.0,4.8688507,5.989156,10.811347,14.2561865,9.833081,9.71586,4.921337,5.8118777,6.802852,8.93952,13.412113,14.124164,18.872612,19.757568,23.302162,22.232409,20.322035,20.054943,15.491885,13.871557,11.84001,10.942088,11.510837,8.475957,15.164456,11.696451,16.04206,18.185202,18.43512,19.725386,16.31554,15.030193,17.268812,17.578056,16.424099,18.775024,19.355412,17.784071,22.121576,21.47721,25.491137,26.049677,30.003214,31.274889,35.18992,38.00997,37.493267,35.1418,35.076168,31.093159,32.93994,29.363163,33.083378,26.39858,28.460491,25.836004,28.214294,26.963646,22.899643,26.480232,21.562317,19.742996,16.602783,15.282097,15.704604,13.047991,14.291531,13.978529,15.287414,19.506,15.526977,20.758682,17.290169,23.202795,17.43586,20.492342,17.71529,14.41343,20.854498,22.274448,16.96908,17.912966,21.929893,21.767748,19.306774,22.555164,25.233063,23.622997,25.581507,25.313929,24.034195,24.692186,26.335596,27.82093,23.397156,19.856457,22.460657,23.74901,20.099258,17.085825,16.184923,11.296372,10.369842,9.174599,7.385432
8,24.09791,20.663313,18.246567,15.27331,12.8652725,11.330983,8.046644,4.8688507,0.0,4.41363,7.1801167,11.289687,9.240745,8.3385725,6.1608763,3.3402042,5.9345193,7.203213,13.074542,13.00759,17.885908,19.22719,22.54399,20.567898,18.25516,17.900436,12.747613,11.654763,8.549625,9.752152,8.813728,9.263739,14.479502,13.145531,16.972881,19.706226,20.277775,20.772089,17.43923,15.681737,16.677305,16.626389,14.025128,15.769995,16.84666,13.987696,19.005333,18.140215,22.583368,23.09887,26.93396,28.51916,31.896235,35.164692,34.148445,31.845192,31.426184,27.32907,29.083832,25.212206,29.04871,22.153545,24.577469,21.810722,24.514463,22.700218,19.110603,22.677784,17.637165,15.544121,12.094567,10.631225,10.948617,8.494831,10.382859,10.890932,13.080398,17.797916,15.233411,20.612202,18.139969,23.416447,18.065992,20.322992,17.194597,13.714405,19.44495,21.01452,14.767742,15.359879,19.371113,18.83441,15.788781,19.46317,21.486237,19.536139,21.212984,20.941095,19.340225,20.187963,21.708546,22.975775,18.538824,15.021728,17.901133,19.530975,16.22335,12.962705,12.983539,7.6758647,8.650662,8.374723,8.965648
9,27.796698,24.540398,21.655535,19.230122,16.753561,14.552223,11.782151,5.989156,4.41363,0.0,6.0117936,8.750131,5.540765,6.435106,5.4377933,6.0792727,9.600315,11.598943,17.2037,17.390844,22.265799,23.569504,26.928402,24.962519,22.626122,22.214573,17.02218,15.799251,12.25462,13.300446,10.377166,10.681099,14.147959,11.769962,16.089264,18.228958,19.840021,20.745062,18.217546,17.223501,17.612444,18.907463,15.824881,18.295652,20.143671,17.290522,22.84444,22.13162,26.64514,27.219017,30.965582,32.649746,35.78802,39.25848,37.94132,35.584217,34.968155,30.85048,32.60017,28.45917,32.275955,25.193947,27.594849,24.438091,26.801958,24.1957,20.556803,23.232258,17.985544,15.658821,13.246061,10.910763,11.802001,11.078337,11.890284,13.621246,14.284745,20.09907,17.1935,22.30973,20.31261,26.183336,21.282354,24.017645,21.155363,17.290369,22.771132,24.98872,18.846746,18.88762,22.881344,22.635487,19.256735,22.412912,24.583876,22.446276,23.7635,22.836082,21.377127,21.134186,21.992085,24.008968,19.935001,15.880583,17.555769,18.53772,14.961611,12.204177,12.089761,8.229357,8.230807,9.729632,9.005994
10,30.08729,26.927902,24.66924,21.421553,19.528708,17.462082,15.063172,10.811347,7.1801167,6.0117936,0.0,4.4927535,6.6155424,5.1778393,8.454619,7.0313582,10.83127,12.896358,18.106737,18.53912,22.754206,24.79508,27.541185,24.737616,22.467926,21.445658,16.378452,15.075436,10.65883,13.050416,7.3859363,11.506112,11.865405,12.639895,15.58699,18.322073,20.163706,20.034441,17.990173,16.828669,15.44313,16.945934,12.278371,14.526448,17.437862,14.113897,20.409006,20.524654,24.67621,25.827612,28.96058,31.54835,33.807915,37.725536,36.13252,34.143433,33.00232,28.756153,29.8147,25.438074,28.594177,21.451727,23.492943,19.922558,21.95771,18.680492,15.216227,17.394768,12.089953,9.695978,7.9514947,6.0234647,8.797479,9.958822,12.075077,14.854132,16.674206,22.448029,20.977177,26.09275,24.618181,29.72975,24.86429,26.700542,23.421833,20.01929,24.843155,26.54249,19.700392,19.85844,23.56281,22.515625,18.757961,22.698765,23.472042,20.81564,21.463135,20.808739,18.2421,18.680017,18.622803,19.855927,15.385148,11.833664,13.682063,15.432972,13.025394,10.218973,12.661493,9.467215,11.840911,13.840344,14.522912
11,34.37689,31.320486,28.872107,25.815271,23.906256,21.547075,19.314163,14.2561865,11.289687,8.750131,4.4927535,0.0,6.6690855,6.6370397,11.244672,11.222584,15.100058,17.38104,22.485342,23.027609,27.186773,29.281101,31.974789,29.058733,26.782917,25.68,20.683338,19.373535,14.893913,17.168274,10.682636,14.687323,12.789154,13.635232,16.219599,18.3773,21.191406,21.107765,20.02152,19.480862,17.24761,19.807652,14.78047,17.332811,20.856068,17.62207,24.092777,24.398985,28.472153,29.717037,32.62422,35.41142,37.265053,41.41094,39.502686,37.56626,36.15796,31.944946,32.84323,28.28852,31.212624,24.1384,26.027351,22.177217,23.722717,19.57345,16.442299,17.199244,12.097318,9.672266,9.980872,7.716572,10.901148,13.54097,14.89189,18.400885,19.380007,25.699715,24.305813,29.181438,28.154583,33.48944,28.937805,30.93814,27.76176,24.163029,28.717752,30.780743,23.936695,23.744928,27.34301,26.3972,22.430256,26.016397,26.621773,23.802364,23.983639,22.842587,20.282475,19.831068,18.790241,20.504557,16.647324,13.072807,13.317608,14.436687,12.493756,10.687558,13.631091,12.206753,14.192293,17.066496,17.327583
12,31.233646,28.483843,25.232672,23.162573,21.173141,17.862694,16.66255,9.833081,9.240745,5.540765,6.6155424,6.6690855,0.0,3.9705484,6.3193216,9.146061,12.840794,15.997608,20.703856,21.86847,26.272724,27.984514,31.050047,28.981346,26.953068,25.979124,21.059439,19.146238,15.283095,15.764305,10.919005,11.218642,11.465744,8.790493,12.820547,14.38055,17.141066,18.141651,16.836535,16.791788,16.127033,19.057384,15.753157,19.15527,21.842413,19.829233,25.779192,26.08782,30.051638,31.275236,34.61521,36.971256,39.73248,43.361103,42.098183,39.984207,39.101696,34.88066,36.094624,31.83761,34.947685,27.855904,29.533588,25.94443,27.436266,24.526052,20.467894,22.125599,17.133284,15.232739,14.355514,12.453841,14.765933,15.400697,16.52497,18.88089,19.401852,25.52745,22.609308,27.615047,25.592052,31.634312,26.5704,29.333906,26.343113,22.697205,28.268427,30.24074,23.907654,24.157879,28.111267,27.551159,24.039495,27.497345,29.148134,26.723194,27.626358,26.649742,24.604027,24.274275,24.14502,26.077148,21.90186,18.102331,18.990208,19.79995,16.77105,14.621023,15.514861,12.918805,13.05735,15.137123,13.691699
13,29.188755,26.604774,23.644436,21.204016,19.684557,16.204077,15.691489,9.71586,8.3385725,6.435106,5.1778393,6.6370397,3.9705484,0.0,5.4041834,6.934568,10.469968,14.043171,18.122766,19.791306,23.716295,25.819983,28.539639,26.283516,24.50908,23.124697,18.507792,16.19505,12.2954445,12.646051,7.1388254,8.440762,8.151386,7.5215435,10.751221,13.253858,15.302003,15.609752,13.978155,13.570417,12.492009,15.247819,11.796453,15.333509,18.118177,16.63548,22.525259,23.51671,26.979013,28.652216,31.709564,34.513847,37.130573,40.71658,39.736134,37.874313,36.94752,32.67339,33.467873,29.36212,31.964031,25.007338,26.190542,22.60572,23.851887,21.473833,17.039598,19.129477,14.289141,12.845662,11.771172,10.99039,13.903908,14.202489,16.418152,18.446583,20.124548,25.716469,23.205887,28.464472,26.1012,31.687935,26.176397,28.436543,25.125599,21.984133,27.67112,28.907084,22.34804,23.141338,27.024096,25.939867,22.584263,26.726168,27.77569,25.274094,26.170538,25.785227,23.115223,23.84042,23.750084,24.812405,20.063566,16.890545,18.66804,20.220163,17.68003,15.093317,16.81212,13.3297825,14.454245,15.876374,15.109886
14,24.995487,22.430408,19.025753,17.222775,15.516749,11.649389,11.69661,4.921337,6.1608763,5.4377933,8.454619,11.244672,6.3193216,5.4041834,0.0,5.0429983,7.531305,11.303481,15.117043,16.887405,21.066517,22.661278,25.74031,24.228992,22.568027,21.5622,17.088478,14.697484,11.806309,10.762764,8.751237,5.9234076,10.629638,7.226277,11.577655,13.851301,14.737088,15.839827,13.1127,12.407897,13.605052,15.268323,13.608379,16.853054,18.369316,17.399115,22.435184,22.919434,26.443512,27.763123,31.25197,33.39668,36.787807,39.88729,39.35758,37.29843,36.86806,32.703056,33.934566,30.162527,33.180458,26.363523,27.759594,24.668898,26.337393,24.878128,20.349789,23.373,18.584408,17.11683,14.852296,13.982666,15.723774,14.299606,16.24191,17.003403,18.594776,23.48463,20.038738,25.319345,22.14989,27.955969,22.10127,24.796064,21.696232,18.651522,24.946743,26.037832,20.121042,21.241625,25.250048,24.53706,21.714836,25.587751,27.464373,25.416002,26.930178,26.72044,24.648422,25.508566,26.33318,27.5352,22.763819,19.431555,21.772833,23.227629,20.019106,17.125692,17.444536,13.0167,12.993125,13.115209,11.497449
15,23.18757,20.17217,17.688856,14.684821,13.002507,10.446779,9.157142,5.8118777,3.3402042,6.0792727,7.0313582,11.222584,9.146061,6.934568,5.0429983,0.0,3.9831157,7.130645,11.750358,12.912628,17.134607,18.99523,21.927107,19.886942,18.016697,17.006077,12.274604,10.194178,6.9389944,7.2422047,5.939972,6.31917,11.569148,11.058557,14.319842,17.385572,17.59408,17.759037,14.349577,12.489876,13.375028,13.389106,11.030807,13.22051,14.428886,12.622103,17.676237,17.923794,21.629938,22.852636,26.335953,28.542875,31.787031,34.993195,34.360767,32.35896,31.874113,27.69591,28.899155,25.166632,28.296839,21.506739,23.180084,20.302336,22.504282,21.238762,17.095135,20.835045,16.055649,14.5056505,11.250837,10.91136,12.244439,10.044346,12.923448,13.346417,16.208872,20.521748,18.09109,23.51284,20.618465,25.632523,19.788235,21.70885,18.289118,15.495399,21.440128,22.16053,15.792735,17.107004,21.009193,19.905216,17.074924,21.430098,22.809921,20.739895,22.309017,22.532015,20.22773,21.885048,23.081398,23.680397,18.718334,15.795008,19.038591,21.072128,18.210844,14.91166,15.774439,10.572636,11.9546,11.569172,11.8165
16,19.28025,16.35076,14.054776,10.870862,9.667308,7.0742726,7.130776,6.802852,5.9345193,9.600315,10.83127,15.100058,12.840794,10.469968,7.531305,3.9831157,0.0,4.6244907,7.871396,9.739726,13.604001,15.487461,18.347126,16.710106,15.224132,14.124493,10.024154,7.4332604,5.9513755,4.2375464,7.496751,6.025252,13.112576,12.776412,15.496778,18.704151,17.82049,17.850145,13.71663,11.235243,13.377941,11.936588,11.210082,12.760358,12.673189,11.957023,15.770466,16.229002,19.382639,20.71432,24.228975,26.298895,29.970732,32.739834,32.699215,30.802788,30.655813,26.595114,27.730856,24.48915,27.413986,21.078604,22.436533,20.098013,22.351494,22.225365,18.040518,22.45146,18.150599,17.025146,13.358421,13.788694,14.645979,11.317801,14.538631,13.666501,17.276932,20.30953,17.815523,23.183207,19.588223,24.056875,17.693485,19.266027,15.705589,13.755264,20.016043,19.789299,13.879384,16.066277,19.803514,18.477491,16.407816,21.017681,22.381134,20.680023,22.62605,23.462809,21.185228,23.650164,25.344137,25.403275,20.295559,17.970165,21.832588,24.11801,21.34583,17.92455,18.493633,12.892188,14.11037,12.476765,12.899068
17,18.161688,14.468311,13.253604,9.116415,7.2478843,7.895864,4.778384,8.93952,7.203213,11.598943,12.896358,17.38104,15.997608,14.043171,11.303481,7.130645,4.6244907,0.0,6.6456327,5.884333,10.707535,12.119353,15.34148,13.548825,11.472991,11.2551155,6.67898,5.9313,5.9002004,6.4007874,10.64459,10.630828,17.378553,17.281797,20.101324,23.318727,22.364792,22.295324,18.012188,15.232983,17.337334,14.856885,13.926022,14.069593,13.114132,11.049745,13.924622,12.858193,16.75246,17.183153,21.15569,22.468023,26.449816,29.132778,28.922495,26.791878,26.874659,22.95471,24.636862,21.569786,25.209055,19.101595,21.287823,19.536398,22.625347,22.552948,19.246067,23.993647,19.763123,18.339605,14.03142,14.215767,13.775691,9.289838,12.32098,10.238037,14.598322,16.461264,14.683134,19.877546,16.541834,20.224926,14.1200905,15.136098,11.47358,9.620027,15.565207,15.280904,9.274766,11.613976,15.2688465,14.059665,12.335029,16.801788,18.419909,17.100168,19.426975,20.4758,18.774542,21.455265,23.881134,23.860985,19.18164,17.032505,21.267555,23.59078,20.845377,17.38967,17.47659,11.773495,13.264759,10.775479,12.596285
18,12.715567,9.87029,9.491937,5.051616,6.483689,6.84368,8.91648,13.412113,13.074542,17.2037,18.106737,22.485342,20.703856,18.122766,15.117043,11.750358,7.871396,6.6456327,0.0,5.242171,6.4174333,8.632922,10.886568,10.146541,9.907343,8.647458,7.626756,5.363689,8.871886,6.144568,13.363776,11.812259,18.745825,19.267685,20.930696,24.22943,21.9112,21.441303,16.743397,13.550268,16.789417,12.714794,14.444686,14.062707,11.261064,12.465318,12.6336565,13.371754,14.844599,16.271427,19.587961,21.291077,25.649853,27.441767,28.612509,27.055132,27.567783,23.955843,24.852037,22.835926,25.203936,20.292555,21.05949,20.104681,22.48927,24.346075,20.726923,25.95645,22.675127,22.145187,18.111107,19.506987,19.617363,15.273064,18.681803,16.072365,20.714428,21.145922,19.397337,24.111835,19.856203,22.370853,15.6970415,15.698842,12.05587,12.768715,18.323992,15.725848,11.5645075,15.341847,18.09676,16.195177,16.009243,20.747442,21.62971,20.761112,23.185818,25.183168,23.025345,26.8672,29.29821,28.315847,23.310812,22.211477,26.890259,29.583565,27.185234,23.70193,24.10063,18.409063,19.749516,16.839355,17.99648
19,14.45884,10.412725,11.172599,6.260166,5.6312885,9.460474,7.5153265,14.124164,13.00759,17.390844,18.53912,23.027609,21.86847,19.791306,16.887405,12.912628,9.739726,5.884333,5.242171,0.0,5.481284,6.312663,9.694292,8.478097,6.685482,7.4507456,5.445434,6.483236,9.592195,9.498568,15.4759865,15.193357,22.09583,22.380806,24.721922,28.007313,26.274837,25.968977,21.365135,18.23567,20.906033,17.052132,17.361835,16.298279,13.718442,12.493602,12.4051695,10.588235,13.637389,13.449806,17.581367,18.07645,22.786123,24.711195,25.263336,23.228727,23.93497,20.453083,22.259474,20.194567,23.73313,18.832167,20.91035,20.297058,23.6422,24.77596,22.071144,27.274569,23.707607,22.618841,18.152721,18.884007,17.852364,12.943175,15.6848,12.218078,17.069191,16.429348,15.520952,19.898825,16.252924,18.010944,11.918137,11.293794,7.4249434,8.288531,13.189612,10.809853,6.443012,10.344893,12.945288,11.395591,11.612849,15.827112,17.20748,16.773102,19.539858,21.448917,20.125238,23.688316,26.739128,26.032719,21.693123,20.458319,25.120596,27.631575,25.187283,21.817852,21.670233,16.262636,17.676228,14.388016,16.64749
20,12.232456,9.138872,11.7347355,7.3304152,9.150892,12.409439,12.674341,18.872612,17.885908,22.265799,22.754206,27.186773,26.272724,23.716295,21.066517,17.134607,13.604001,10.707535,6.4174333,5.481284,0.0,3.7369232,4.83668,4.19749,5.1154404,4.948559,7.6326275,8.220934,12.593507,11.746068,18.374504,18.097723,24.44903,25.577429,27.08825,30.501768,28.048502,27.267296,22.626034,19.300188,22.08685,17.202827,18.729416,16.87651,13.087018,13.731272,11.005301,10.5754795,10.98022,11.528987,14.822917,15.657304,20.515467,21.64197,23.397095,21.997934,23.022032,19.952728,20.95668,19.982965,22.351536,18.833485,19.841352,20.138885,23.063356,25.624582,23.130505,28.583303,25.864609,25.388874,21.138584,22.731125,22.022638,17.393587,20.534435,17.113415,22.208458,20.725065,20.391384,24.247057,20.499756,20.946655,15.234118,13.274691,9.996882,12.791229,16.248657,11.850056,9.740148,14.013558,15.426479,13.104045,14.5676985,18.876232,19.13816,19.059784,21.690182,24.422003,22.679546,27.233242,30.224255,28.612514,24.198092,23.941671,28.94299,31.799124,29.799706,26.434402,26.758862,21.421137,23.11088,19.864065,21.998974
21,11.118852,7.4216557,10.858085,7.2137055,8.609612,13.119321,12.775976,19.757568,19.22719,23.569504,24.79508,29.281101,27.984514,25.819983,22.661278,18.99523,15.487461,12.119353,8.632922,6.312663,3.7369232,0.0,4.208607,5.9832478,6.3749046,7.988463,9.9955015,11.216303,15.253597,14.4333,21.116297,20.264202,27.241005,27.619825,29.542858,32.77033,30.335743,29.915575,25.186087,21.988485,25.175154,20.52602,22.043987,20.401506,16.768946,16.832087,14.2391,12.515256,13.481223,12.794972,16.423704,15.820091,21.271975,21.889946,23.703627,21.986446,23.483574,20.79291,22.467968,21.736748,24.69604,21.410046,22.95521,23.39519,26.575563,28.855375,26.516592,31.92659,28.95291,28.19578,23.788774,24.881815,23.683556,18.768764,21.220573,17.221083,21.846186,19.378817,18.93917,22.229912,18.327824,18.02458,12.612165,10.1979685,7.523964,11.3384905,14.231566,9.351631,9.372554,13.410555,14.4209385,12.886896,15.01109,18.311008,19.380491,19.818295,22.72165,25.231937,24.231989,28.30445,31.685282,30.471716,26.447369,25.871197,30.69547,33.289974,31.024296,27.738941,27.403185,22.221075,23.391167,19.706041,21.830116
22,11.634257,9.344075,13.450336,10.298776,12.458301,16.232422,16.671595,23.302162,22.54399,26.928402,27.541185,31.974789,31.050047,28.539639,25.74031,21.927107,18.347126,15.34148,10.886568,9.694292,4.83668,4.208607,0.0,4.6086764,7.116765,7.8871202,11.907245,12.948449,17.343126,16.452826,23.14672,22.669458,29.034052,30.140541,31.505249,34.85457,32.075153,31.259518,26.61913,23.33322,26.311,21.133606,23.130997,20.940691,16.78482,17.763258,13.706168,12.952899,11.964691,11.811533,14.447598,14.167264,19.457098,19.435781,22.172504,21.051,22.684204,20.362144,21.327143,21.412287,23.420834,21.245668,22.04236,23.124603,25.985935,29.13448,27.07372,32.547237,30.190607,29.827627,25.602228,27.249847,26.270216,21.596163,24.411253,20.610907,25.529324,22.866203,22.955769,26.049435,22.360785,21.402676,16.529081,13.532052,11.32855,15.341294,17.368933,11.762181,12.381917,16.414625,16.777077,14.644003,17.22782,20.717413,20.811956,21.370646,24.054586,27.09707,25.731684,30.476088,33.73735,31.864908,27.833097,27.945274,32.981647,35.836884,33.945015,30.664427,30.781107,25.63581,27.176085,23.668806,25.873493
23,15.296393,12.568856,15.758712,11.494024,13.012542,16.471317,15.99278,22.232409,20.567898,24.962519,24.737616,29.058733,28.981346,26.283516,24.228992,19.886942,16.710106,13.548825,10.146541,8.478097,4.19749,5.9832478,4.6086764,0.0,3.5714028,3.7228694,8.520458,10.180893,14.352175,14.556955,20.444021,21.312141,26.88354,28.764118,30.045639,33.627563,31.265621,30.128902,25.643505,22.23126,24.355242,19.185993,20.222073,17.500113,13.532244,13.71298,9.340362,8.541829,7.6635494,7.8843393,10.830931,11.733581,16.475805,17.512463,19.478569,18.385979,19.457653,16.65984,17.366093,17.064276,19.127918,16.639141,17.643047,18.722446,21.875652,24.790348,23.119667,28.54555,26.337788,26.005453,21.846167,23.732855,22.787804,18.43798,21.611877,18.283136,23.651194,21.603567,22.394098,25.864967,22.836235,22.333815,17.554214,14.645864,11.74541,14.857007,16.734272,11.7565775,10.334434,14.325622,14.788249,11.843295,14.005876,18.244282,17.45299,17.655756,20.107088,23.379288,21.57705,26.721,29.777824,27.558718,23.517895,24.01411,29.149485,32.186436,30.671515,27.443132,28.11918,23.140162,25.329906,22.32833,25.029953
24,16.988836,13.504479,16.1165,11.427207,11.909913,15.800676,13.925098,20.322035,18.25516,22.626122,22.467926,26.782917,26.953068,24.50908,22.568027,18.016697,15.224132,11.472991,9.907343,6.685482,5.1154404,6.3749046,7.116765,3.5714028,0.0,3.7014747,6.1559286,9.026575,12.602396,13.7646475,19.060383,20.432161,26.08925,27.731953,29.467636,33.04616,31.167118,30.211628,25.746614,22.372128,24.238455,19.53331,19.599953,16.997774,13.686475,12.196165,9.076737,6.2086854,8.085344,7.0378585,11.159437,11.544789,16.269636,18.06465,18.92112,17.261747,18.122463,14.965,16.455832,15.396054,18.598434,15.203335,17.291218,17.947186,21.657026,23.605188,22.127462,27.442442,24.792826,24.061525,19.713827,21.156792,19.79393,15.335236,18.253544,14.86146,20.26218,18.296774,19.431042,22.963623,20.392792,20.13323,15.586413,12.848953,9.681067,12.133478,13.828975,9.631894,6.961401,10.8496065,11.5275135,8.543633,10.486792,14.811936,14.31436,14.454728,17.08271,20.108828,18.62329,23.434616,26.668509,24.813324,20.980032,21.143242,26.17341,29.069117,27.474756,24.307453,24.817778,20.01781,22.296036,19.409613,22.490547
25,16.959377,14.0727005,16.272026,11.513385,12.631952,15.280966,14.585135,20.054943,17.900436,22.214573,21.445658,25.68,25.979124,23.124697,21.5622,17.006077,14.124493,11.2551155,8.647458,7.4507456,4.948559,7.988463,7.8871202,3.7228694,3.7014747,0.0,5.5124187,7.0303993,10.975677,11.755259,17.045801,18.672335,23.687048,25.999535,27.204641,30.892244,28.83387,27.54622,23.203747,19.776602,21.360943,16.376766,16.764235,13.948063,10.254119,10.013387,6.25457,6.3651614,6.4607277,7.8895655,10.944571,13.172801,17.103823,19.090445,20.274412,19.14331,19.574564,16.18052,16.613438,15.437821,17.51897,13.97885,15.0000105,15.52153,18.745914,21.328405,19.481518,24.908382,22.61731,22.317677,18.21602,20.310858,19.68332,15.610485,19.235739,16.493982,22.079086,21.087887,21.811352,25.800526,22.950342,23.378359,18.258705,16.037258,12.5943985,14.572362,17.178705,13.261856,9.669276,13.548835,14.707296,11.423281,12.459238,17.525833,16.41631,15.965054,18.189556,21.367146,18.995996,24.261066,26.977592,24.6988,20.303982,20.81067,25.99984,29.157726,27.769423,24.505247,25.633963,20.620615,23.18317,20.6278,23.370907
26,18.863062,15.278611,16.084745,11.067329,10.679411,12.929154,10.601609,15.491885,12.747613,17.02218,16.378452,20.683338,21.059439,18.507792,17.088478,12.274604,10.024154,6.67898,7.626756,5.445434,7.6326275,9.9955015,11.907245,8.520458,6.1559286,5.5124187,0.0,4.094539,6.5521636,8.858659,13.107619,15.313805,20.488174,22.297325,24.17669,27.79876,26.488338,25.557375,21.31444,18.06803,19.329401,15.406599,14.325284,12.310605,10.169162,7.3682632,7.907173,6.4058294,10.191476,10.724422,14.513417,16.363379,19.986244,22.810873,22.71124,20.94856,20.929121,17.013195,18.240036,15.632369,18.972223,13.560942,15.799791,15.008977,18.65982,19.541607,17.344593,22.55735,19.310913,18.38172,13.950709,15.369455,14.563756,10.257577,14.003283,11.65767,17.238548,17.516466,17.905296,22.422897,19.89161,21.590181,16.315006,15.258522,11.452394,11.507689,15.125507,13.193527,7.1079154,10.373766,12.804291,10.057101,9.247536,14.7660475,14.5096,13.37538,15.660438,18.008684,15.727903,20.173073,22.824564,21.381926,16.8055,16.316984,21.341133,24.294994,22.562344,19.225557,20.253971,15.14752,17.838263,15.641013,18.555769
27,17.779974,14.784786,14.759378,10.059045,10.291935,10.692754,10.356745,13.871557,11.654763,15.799251,15.075436,19.373535,19.146238,16.19505,14.697484,10.194178,7.4332604,5.9313,5.363689,6.483236,8.220934,11.216303,12.948449,10.180893,9.026575,7.0303993,4.094539,0.0,4.5360084,5.051196,10.32851,11.876555,17.069086,19.068192,20.54852,24.209764,22.617876,21.585762,17.30525,14.015908,15.490217,11.483487,11.138936,9.82991,7.6266713,7.1269407,8.636723,9.789963,12.003645,13.835866,16.979948,19.595287,23.058477,25.715897,26.090107,24.623285,24.514362,20.560108,21.139633,18.539371,20.90564,15.377968,16.410881,15.07685,17.840893,19.167465,15.921321,21.207361,17.989199,17.462631,13.34447,15.239804,15.507433,11.664376,15.797444,14.05709,19.267252,20.449886,19.827822,24.727598,21.54637,24.048117,18.03916,17.658451,13.755888,13.642083,18.394323,16.410383,10.607474,13.901991,16.689806,14.131412,13.052607,18.561132,18.42035,16.994123,18.996046,21.135519,18.327278,22.629808,24.724754,23.303402,18.14835,17.496803,22.40207,25.407234,23.557816,20.109407,21.424398,15.994358,18.446983,16.426498,18.4528
28,21.586102,18.481934,17.620083,13.267206,12.5538645,11.925496,10.547914,11.84001,8.549625,12.25462,10.65883,14.893913,15.283095,12.2954445,11.806309,6.9389944,5.9513755,5.9002004,8.871886,9.592195,12.593507,15.253597,17.343126,14.352175,12.602396,10.975677,6.5521636,4.5360084,0.0,5.0863247,6.57505,10.091792,14.185083,16.415113,18.206226,21.871746,21.167078,20.204784,16.406153,13.51154,13.860398,11.3524475,8.830737,8.462207,8.625839,6.0522666,10.756699,11.628043,14.849776,16.525978,19.63013,22.44963,25.326487,28.594471,28.166677,26.540144,25.954557,21.758429,22.421331,19.002956,21.669125,15.202529,16.670843,14.314253,17.049593,16.895788,13.362376,18.223873,14.319684,13.395577,9.245849,10.926491,11.774449,8.75032,13.163482,12.74683,17.517363,20.204113,19.491938,24.668653,22.046019,25.430723,19.698124,20.028118,16.197176,14.733233,19.620726,18.971453,12.297568,14.477902,17.743258,15.508293,13.153245,18.613201,18.541248,16.494299,18.055025,19.503164,16.409613,20.035595,21.588673,20.630129,15.275349,13.990946,18.60838,21.551956,19.70033,16.263285,18.085434,12.845122,15.711973,14.678936,16.647732
29,18.133572,15.716705,14.158713,10.561635,10.72822,8.349052,10.0663,10.942088,9.752152,13.300446,13.050416,17.168274,15.764305,12.646051,10.762764,7.2422047,4.2375464,6.4007874,6.144568,9.498568,11.746068,14.4333,16.452826,14.556955,13.7646475,11.755259,8.858659,5.051196,5.0863247,0.0,7.358627,6.944719,12.825741,14.274486,15.713804,19.288973,17.651646,16.88169,12.54289,9.417475,11.46348,8.498252,8.854667,9.744951,8.853929,9.920958,12.862927,14.739033,16.686274,18.868612,21.822386,24.608952,28.040888,30.660002,31.119202,29.648829,29.461193,25.430838,25.879555,23.025208,25.055017,19.206434,19.652855,17.578766,19.412916,20.404417,16.059185,20.910751,17.3592,16.957863,13.418419,15.100854,16.35101,13.145356,17.098389,16.062437,20.445421,22.795242,20.965656,26.205292,22.52043,26.180431,19.670807,20.374628,16.586748,15.738713,21.55698,20.189299,14.431482,17.349037,20.656742,18.591888,17.002758,22.24231,22.67884,20.98534,22.814972,24.364145,21.44587,24.978619,26.545893,25.67838,20.234667,18.889723,23.258112,26.014242,23.808279,20.35762,21.634743,16.089369,17.93198,16.264954,17.063688
30,25.414537,22.92821,20.96242,17.58713,16.913193,14.1101,14.174143,11.510837,8.813728,10.377166,7.3859363,10.682636,10.919005,7.1388254,8.751237,5.939972,7.496751,10.64459,13.363776,15.4759865,18.374504,21.116297,23.14672,20.444021,19.060383,17.045801,13.107619,10.32851,6.57505,7.358627,0.0,7.1381955,7.9346266,11.200007,12.5038595,16.179012,16.32842,15.271501,12.472894,10.541058,9.181211,9.596971,5.456294,8.386497,11.00249,10.195802,15.767865,17.790136,20.402071,22.704456,25.308098,28.721275,31.12096,34.585327,34.0593,32.59902,31.67329,27.399012,27.581663,23.860323,25.751135,19.134565,19.657867,16.334751,17.619192,16.588404,11.8011875,15.499816,11.228596,10.67844,8.309484,10.037619,12.92554,12.101956,15.977795,17.061302,20.630062,24.853632,23.339977,28.720186,26.059149,30.494837,24.595213,25.736568,22.006432,19.931622,25.33399,25.261744,18.56176,20.255953,23.776873,21.799667,18.929615,24.074223,24.05764,21.59773,22.572342,23.340603,19.839762,22.521961,22.874977,22.360456,16.835375,15.082863,18.588293,21.26532,19.490921,16.36106,18.858776,14.300196,16.777714,16.99381,17.644316
31,21.557901,19.681883,16.536024,14.670706,14.241299,9.51225,12.28981,8.475957,9.263739,10.681099,11.506112,14.687323,11.218642,8.440762,5.9234076,6.31917,6.025252,10.630828,11.812259,15.193357,18.097723,20.264202,22.669458,21.312141,20.432161,18.672335,15.313805,11.876555,10.091792,6.944719,7.1381955,0.0,8.434926,7.4934807,9.649734,12.833637,11.832108,12.064358,8.25666,6.7214627,9.060599,9.855535,10.085923,13.436737,14.269396,15.357138,19.447712,21.279566,23.540136,25.691124,28.684467,31.441,34.82819,37.57689,37.81993,36.198616,35.87807,31.744028,32.29557,29.031464,31.08518,24.81559,25.140646,22.35576,23.423834,23.444902,18.396542,22.08844,18.114092,17.60826,15.212548,15.993879,18.131155,16.070765,19.2134,19.183815,22.134,25.910206,22.856424,28.223125,24.371237,29.36932,22.820461,24.758537,21.30835,19.467455,25.931221,25.59293,19.85968,22.064304,25.816425,24.366133,22.173756,26.883986,28.003222,26.046627,27.656115,28.36682,25.590385,27.877546,28.794771,28.850677,23.47626,21.204231,24.492092,26.658205,24.01496,20.843542,21.870426,16.814531,17.612326,16.803331,15.844511
32,28.967169,27.447075,24.639235,22.497217,22.299404,17.871523,19.959139,15.164456,14.479502,14.147959,11.865405,12.789154,11.465744,8.151386,10.629638,11.569148,13.112576,17.378553,18.745825,22.09583,24.44903,27.241005,29.034052,26.88354,26.08925,23.687048,20.488174,17.069086,14.185083,12.825741,7.9346266,8.434926,0.0,7.0892253,5.555464,9.20387,10.06,8.714443,8.2516775,8.692802,5.3973,10.317061,8.446797,12.982371,15.916028,17.314892,22.256727,25.293196,26.990828,29.92244,32.087147,35.954605,38.240406,41.526997,41.405342,40.19089,39.213818,34.95995,34.645676,31.08187,32.038624,25.859854,25.206345,21.70027,21.32657,20.628302,15.230795,17.173302,14.046235,14.553259,14.472548,15.980341,19.614296,19.627424,22.978323,24.393864,27.195475,31.958061,29.592867,35.002613,31.87986,36.951595,30.695154,32.35584,28.716984,26.692982,32.637123,32.459114,26.059484,27.90601,31.538155,29.626553,26.843864,31.887667,31.97235,29.448193,30.228287,30.795557,27.128786,29.352224,28.933964,28.595497,23.209797,21.52617,23.979673,26.215986,24.554157,21.937048,24.435123,20.536034,22.115974,22.750273,21.981441
33,28.032099,26.4732,22.723047,21.674662,20.89241,15.8521805,18.144293,11.696451,13.145531,11.769962,12.639895,13.635232,8.790493,7.5215435,7.226277,11.058557,12.776412,17.281797,19.267685,22.380806,25.577429,27.619825,30.140541,28.764118,27.731953,25.999535,22.297325,19.068192,16.415113,14.274486,11.200007,7.4934807,7.0892253,0.0,4.955553,6.6281695,8.410962,9.982652,9.145906,10.403303,10.730537,14.703618,14.054033,18.36265,20.419203,21.212791,26.10983,28.014505,30.500261,32.715366,35.61894,38.564445,41.651043,44.690655,44.57579,42.896065,42.30304,38.069603,38.570133,34.9166,36.870144,30.329866,30.541534,27.197374,27.593658,26.58274,21.403105,23.545643,19.610094,19.11682,18.275305,18.306938,21.16443,20.577219,22.934807,24.0277,25.712627,30.699203,27.152596,32.38079,28.904644,34.735634,28.551449,31.158407,27.945362,25.41989,31.877735,32.371357,26.481081,28.0409,31.975037,30.84145,28.10556,32.423344,33.74615,31.495853,32.72152,32.72992,29.97868,31.17024,31.239004,32.016293,26.959278,24.17724,26.169548,27.68194,25.015633,22.467974,23.553608,19.70882,19.815058,20.282677,18.153063
34,29.349602,28.359566,24.863964,23.816711,23.708656,18.481197,21.669891,16.04206,16.972881,16.089264,15.58699,16.219599,12.820547,10.751221,11.577655,14.319842,15.496778,20.101324,20.930696,24.721922,27.08825,29.542858,31.505249,30.045639,29.467636,27.204641,24.17669,20.54852,18.206226,15.713804,12.5038595,9.649734,5.555464,4.955553,0.0,3.9209683,5.1645284,5.597828,6.762614,9.119036,8.158731,13.258956,13.404272,17.904608,20.129395,22.128416,26.642406,29.56218,31.17831,34.04067,36.40132,39.975956,42.72331,45.69738,45.91498,44.599125,43.87961,39.65191,39.529938,36.09288,37.159645,31.037926,30.335493,27.002346,26.514046,26.156626,20.721954,22.483662,19.489527,19.841043,19.65799,20.602453,23.965385,23.605099,26.523571,27.630743,29.884218,34.65988,31.433922,36.749844,33.121876,38.62167,32.175297,34.36528,30.954649,28.931574,35.35029,35.207787,29.26309,31.220463,35.00793,33.41106,30.825336,35.612514,36.30645,33.953312,34.993668,35.399967,32.07988,33.918705,33.653378,33.762268,28.461956,26.373724,28.548569,30.396482,28.267765,25.741709,27.501095,23.609596,24.254118,24.661476,22.865637
35,31.807728,31.0249,27.195543,26.682352,26.475475,21.045181,24.364817,18.185202,19.706226,18.228958,18.322073,18.3773,14.38055,13.253858,13.851301,17.385572,18.704151,23.318727,24.22943,28.007313,30.501768,32.77033,34.85457,33.627563,33.04616,30.892244,27.79876,24.209764,21.871746,19.288973,16.179012,12.833637,9.20387,6.6281695,3.9209683,0.0,5.037649,7.0523934,9.503478,12.386186,11.846685,16.965023,17.296175,21.807642,24.022371,25.978182,30.530266,33.321915,35.032166,37.819984,40.263756,43.726868,46.57907,49.518024,49.7398,48.35226,47.66492,43.429745,43.404396,39.912224,41.05386,34.882103,34.21746,30.835049,30.23634,29.688139,24.320887,25.641184,22.718622,22.982443,23.074017,23.642845,26.974596,26.77995,29.338787,30.552671,32.311726,37.308247,33.69574,38.8888,35.208084,41.014225,34.642765,37.1684,33.9165,31.734966,38.27354,38.36361,32.563633,34.39054,38.25959,36.870102,34.23546,38.80448,39.779762,37.434196,38.481987,38.6552,35.50507,36.927322,36.532623,36.985172,31.845407,29.511086,31.267258,32.793274,30.529469,28.22777,29.699,26.151285,26.313223,26.888449,24.545164
