,0,1,2,3,4,5,6,7,8,9,10,11,12,13,14,15,16,17,18,19,20,21,22,23,24,25,26,27,28,29,30,31,32,33,34,35,36,37,38,39,40,41,42,43,44,45,46,47,48,49,50,51,52,53,54,55,56,57,58,59,60,61,62,63,64,65,66,67,68,69,70,71,72,73,74,75,76,77,78,79,80,81,82,83,84,85,86,87,88,89,90,91,92,93,94,95,96,97,98,99,100,101,102,103,104,105,106,107,108,109
0,0.0,4.3526917,6.8488574,9.729947,12.301814,14.673109,17.831888,21.449816,24.719728,27.78397,30.85922,33.423595,30.917925,29.460238,24.704176,24.316662,19.109537,19.076694,15.777265,14.24401,14.771476,13.030656,17.205786,13.14373,18.329708,21.063915,19.091196,19.62,18.673786,19.887312,20.429998,19.683907,25.997044,23.153555,27.798525,28.865486,31.510674,31.718462,27.457932,24.192753,28.212482,25.205921,25.465054,23.85245,24.332666,22.724216,24.197989,23.955688,27.727371,29.214108,27.999796,31.949203,29.034668,33.240078,29.493952,31.974777,29.440413,29.362995,32.856865,35.421173,33.71839,35.954334,31.874748,34.188244,31.726788,32.792713,33.769375,30.343283,32.466156,33.18721,29.506363,34.258286,32.72752,39.472183,35.96445,40.695908,40.910595,38.948772,40.92701,42.465675,39.47537,36.055458,35.212646,31.316147,30.186298,26.688213,26.801268,20.98894,22.360403,20.604223,23.96081,23.253864,19.786272,18.3484,15.076306,14.709634,13.873729,18.657736,18.73211,22.545494,24.006544,24.520153,24.84623,28.586554,28.048864,33.426716,30.986124,35.637177,35.911606,39.60755
1,4.3526917,0.0,5.334962,6.431155,8.660078,12.040437,14.256585,18.691526,21.350027,24.646572,27.627497,30.31757,28.214529,26.671385,22.07927,21.163568,16.195684,15.4276,12.475475,10.095163,10.969444,9.484851,14.205464,11.004131,16.204174,18.19503,15.882708,15.96369,14.511785,16.065123,16.184597,16.142143,22.436808,20.273163,24.62801,26.141788,28.77689,28.587622,24.471289,21.08958,24.553535,21.34148,21.347576,19.567104,20.41258,18.668715,20.441679,20.537746,24.360857,26.007828,24.676876,28.492104,25.602146,29.575104,25.79249,28.483973,25.72695,25.90092,29.306425,31.650082,29.776579,31.9371,27.763645,30.013155,27.73961,28.560976,29.745323,26.473612,28.550587,28.980942,25.174582,29.9129,28.401976,35.15607,31.746382,36.49145,36.846813,35.002064,37.053246,38.583126,35.76792,32.342125,31.212347,27.372486,26.01908,22.674648,22.515642,16.716764,18.21497,16.599346,20.543076,20.05925,17.016514,15.29436,12.672888,11.128343,11.35915,15.661241,15.380668,18.831392,20.15274,21.204983,21.861563,25.278923,24.420494,29.79703,26.954145,31.605915,31.758001,35.39026
2,6.8488574,5.334962,0.0,5.317122,6.73053,8.548978,11.726518,14.827566,18.466883,21.17622,24.664127,26.88607,24.375813,23.250544,18.356625,18.472197,13.529988,13.789607,11.910135,11.1609955,13.280545,13.491456,18.260815,15.881055,20.966928,22.512163,20.17478,19.531912,17.062216,18.610518,16.83211,16.393438,21.346876,19.165789,23.341324,24.24015,27.516335,27.757034,24.003374,21.256502,24.333866,22.419746,21.629015,20.976173,23.066074,21.397116,23.815649,24.455608,28.171164,30.090075,28.573996,32.072826,29.041225,32.401936,28.23158,30.66827,27.173382,27.064291,29.953266,32.742554,30.50483,33.492443,29.49247,31.862276,30.45467,30.370504,32.169685,29.115253,30.42491,30.148573,26.030746,30.75242,28.759718,35.52903,31.58801,36.731663,36.426422,34.126522,35.76804,36.971706,33.79902,30.528803,29.77148,25.675064,25.011612,21.083725,22.2528,17.002779,19.052828,18.484583,22.480028,23.424685,19.87474,17.456198,14.802273,13.281058,11.047315,15.712767,13.824679,18.698627,18.912134,18.873732,18.803955,22.438986,22.233805,27.262508,25.423061,30.031765,30.541702,34.471874
3,9.729947,6.431155,5.317122,0.0,3.7799182,6.0137086,8.827372,12.832962,15.294537,18.818186,21.365002,24.25831,22.100527,20.332502,15.879096,14.778276,9.768009,9.36122,6.7430205,6.3985453,8.570598,10.305869,14.568545,13.536777,18.103436,19.009596,17.40695,15.712904,13.244386,13.888484,12.156875,11.09232,16.501772,14.417119,18.59641,19.96882,22.91951,22.84209,19.006598,16.078644,19.179531,17.189375,16.689405,16.548443,18.530497,17.492678,20.088171,21.327578,25.401394,26.75892,24.838478,27.961359,24.67753,27.66547,23.283733,25.52821,21.919737,21.754105,24.650349,27.475864,25.32832,28.469404,24.680347,27.334515,26.48883,26.514137,28.798887,26.286312,28.037766,27.10697,22.406893,26.790033,24.42073,31.099398,27.00402,31.961504,31.65974,29.458435,31.298422,32.80407,29.753881,26.332874,25.70003,21.837635,21.14734,17.608784,18.765041,13.998349,16.666908,16.326097,21.53437,21.996803,19.740274,17.371239,15.857018,12.64089,12.835691,16.348288,13.725199,17.698332,17.240597,18.383038,18.771519,21.53996,20.76731,25.383917,22.59219,27.218151,27.06054,31.074446
4,12.301814,8.660078,6.73053,3.7799182,0.0,5.323488,5.6013947,10.607646,12.800732,16.082603,19.245602,21.782997,20.035389,18.67603,14.239778,13.215798,9.003278,7.6583614,7.528999,6.1855245,9.577804,11.513948,16.013756,15.63336,19.91772,20.113722,17.776024,15.9774,12.471357,14.161296,10.62992,11.355008,15.522355,14.806228,18.197159,19.833662,23.101135,22.689089,19.385603,16.730139,18.52693,16.80391,15.269469,15.043214,18.200777,16.65459,19.696234,21.161913,24.814476,26.755047,24.972265,27.927195,24.93297,27.530497,23.258757,25.796474,21.784332,21.981682,24.478128,27.00405,24.428984,27.568079,23.61968,25.971146,25.37002,24.629755,27.087025,24.613562,25.717707,24.511572,19.912708,24.430637,22.172695,28.908445,24.908974,30.136541,29.861467,27.65099,29.356844,30.550138,27.601992,24.31043,23.194035,19.15206,18.318851,14.525126,15.792219,11.130348,13.931008,14.277294,19.400196,20.899582,18.49944,15.734925,14.708313,11.197619,10.900499,13.74311,10.293948,14.487966,13.591497,14.640767,15.117905,17.805128,17.00711,21.75628,19.161716,23.799633,23.977459,27.95009
5,14.673109,12.040437,8.548978,6.0137086,5.323488,0.0,5.9723415,7.181761,10.606047,13.657737,16.362974,18.94319,16.354465,14.816265,10.087171,10.040297,5.2129927,6.872317,7.027694,9.54832,12.419239,15.521561,19.297047,19.18063,23.35464,23.673178,22.251204,19.817184,16.598726,16.922653,13.059072,11.354863,13.957408,12.201535,15.69743,16.306355,20.047756,20.421673,17.347301,15.568964,17.722822,17.782076,16.289593,17.952948,21.21703,20.53388,23.667278,25.535757,29.422161,30.862305,28.719282,31.273197,27.909895,29.942091,25.257462,27.019241,22.622175,22.09275,24.100584,27.39821,24.875408,29.033638,25.720419,28.500547,28.9253,27.927456,31.01817,29.036545,30.035566,28.055923,22.958767,26.938343,23.865294,30.2604,25.497507,30.763908,29.560762,26.809435,28.117598,29.28284,25.810427,22.590767,22.617931,18.609484,19.033073,15.014507,18.139631,14.907289,18.20476,19.12945,24.419847,26.080822,23.807943,20.979643,19.833363,16.508884,15.370139,18.331411,13.884735,18.620823,16.421549,16.667833,16.276731,18.564823,18.42794,22.040602,20.248953,24.649818,24.623243,28.996805
6,17.831888,14.256585,11.726518,8.827372,5.6013947,5.9723415,0.0,6.487306,7.5094957,10.708205,14.1169815,16.423565,15.1967945,14.1221285,10.158024,9.007566,6.8758473,4.845548,8.64176,8.708395,12.332295,15.402094,19.204258,20.042742,23.660074,22.956963,20.74351,18.173948,13.95313,15.504037,9.684651,11.178026,12.372331,13.408537,15.400986,17.099388,20.74094,20.097286,17.77928,16.012472,16.011116,15.777535,12.917244,14.131735,18.724983,17.448267,20.992512,23.143847,26.4237,28.472485,26.538727,28.811068,25.943245,27.488022,23.155033,25.465502,20.776295,21.026754,22.623777,25.118446,22.063486,25.809036,22.22034,24.48128,25.130602,23.246826,26.504843,24.720835,25.047392,22.664162,17.723848,21.782295,19.002937,25.469135,21.097067,26.619305,25.832973,23.35539,24.713251,25.555517,22.537582,19.430794,18.261755,14.054645,13.804913,9.591475,12.514485,9.87454,13.305945,15.135507,20.37404,22.96431,21.115755,18.092487,18.024603,14.142988,13.685253,14.994395,9.825321,13.712926,10.737701,11.699305,11.973558,13.5748625,12.846902,16.742071,14.457912,18.970003,19.193453,23.408798
7,21.449816,18.691526,14.827566,12.832962,10.607646,7.181761,6.487306,0.0,5.4028525,6.8058953,10.55002,12.158143,9.658232,9.144398,4.468672,6.554786,6.339424,8.053273,11.819814,14.323712,17.553122,21.153704,24.652782,25.423338,29.142925,28.639967,26.974024,24.104414,20.13696,20.773232,14.995025,14.411958,13.006913,13.483309,14.753107,14.915718,19.281515,19.586761,18.08097,17.653696,17.49825,19.445017,16.547993,19.464626,24.099821,23.434124,27.00024,29.376463,32.7388,34.525192,32.367958,34.297264,31.199911,32.163506,27.569239,29.116514,24.08902,23.646313,24.455742,27.640305,24.588232,29.346603,26.50137,28.999739,30.639872,28.33406,32.092606,30.715582,30.664244,27.621445,22.5659,25.920713,22.460604,28.216496,23.146288,28.655668,26.672962,23.503555,24.080183,24.535942,20.838594,18.126085,18.395388,14.347235,15.978104,11.737155,16.818415,15.827057,19.247225,21.473291,26.427189,29.409992,27.319134,24.17546,23.752888,20.351734,18.584919,20.213963,14.467673,18.96842,14.970452,14.2828245,13.15575,14.161694,14.736832,16.721914,16.375498,20.180546,20.525368,25.04596
8,24.719728,21.350027,18.466883,15.294537,12.800732,10.606047,7.5094957,5.4028525,0.0,4.5486712,6.6273108,9.243425,8.6146145,7.412526,5.6314173,4.121752,7.5318327,7.1921806,12.292313,14.45248,17.390816,21.472479,24.226494,26.079704,29.023718,27.720144,26.34406,22.93112,18.90438,19.221172,12.815791,13.029366,9.381707,12.189829,11.765352,12.885759,16.839417,16.290333,15.665826,15.668595,13.686654,16.354029,12.808483,16.61086,21.67639,21.414146,25.063519,27.89979,31.01566,32.583946,30.312965,31.631884,28.718462,28.87751,24.461992,25.866224,20.638565,20.448565,20.617565,23.429377,20.145266,25.031672,22.56855,24.972406,27.491755,24.718302,28.977076,28.305695,28.171429,24.31816,19.025282,21.665398,17.832333,23.175634,17.963152,23.449867,21.355957,18.218744,18.836388,19.33488,15.831394,13.002843,13.015126,9.034198,11.14037,7.4513597,13.317562,14.209637,17.756088,20.502085,25.771378,28.71129,27.640795,24.651022,25.146948,21.073526,20.740744,21.231194,15.520611,18.43431,13.726871,14.35162,14.007451,13.380233,13.10622,13.96564,12.528329,16.063412,15.695448,20.319056
9,27.78397,24.646572,21.17622,18.818186,16.082603,13.657737,10.708205,6.8058953,4.5486712,0.0,6.015912,6.018274,5.83117,6.892766,6.3836164,7.651667,11.292512,11.588214,16.59846,18.59765,21.73848,25.581223,28.596052,30.252403,33.35933,32.045372,30.323505,27.111774,22.845865,23.608639,16.955091,17.571266,13.298102,16.165245,15.155815,15.538377,19.627563,19.34824,19.427668,19.921148,17.478823,20.60588,16.760796,20.39592,25.808153,25.27062,28.985233,31.766531,34.565807,36.491165,34.363598,35.604733,32.8899,32.815815,28.574188,29.951452,24.679924,24.524292,24.23296,26.887854,23.47482,28.369213,26.092793,28.160044,30.90454,27.53355,31.804308,31.184132,30.329594,26.291155,21.514166,23.892374,20.264997,24.988188,19.96644,25.399208,22.890278,19.591383,19.47829,19.159641,15.573643,13.581939,13.706041,10.083058,12.8731,9.448878,15.620844,17.134432,20.309626,23.427828,28.036135,31.74735,30.293715,27.147446,27.59957,23.97667,22.670368,22.883472,16.90965,20.00613,14.84373,14.187778,13.0992565,11.770064,12.487692,11.88799,12.653083,15.371171,15.819334,20.264492
10,30.85922,27.627497,24.664127,21.365002,19.245602,16.362974,14.1169815,10.55002,6.6273108,6.015912,0.0,4.6393294,5.6090617,4.250236,7.7112317,6.960273,12.265021,12.813518,17.311615,20.279802,22.707083,27.200266,29.243313,31.651731,34.121517,32.50374,31.773397,27.923464,24.246187,23.729145,17.718369,16.989908,10.6537075,14.063997,11.400305,11.476274,15.050683,14.749281,16.001076,17.590895,14.354809,19.060318,15.732809,20.77525,25.623499,26.100708,29.627724,32.81647,35.820404,36.93479,34.45252,35.05002,32.152885,31.281368,26.998009,27.530632,22.2792,21.662422,20.540045,23.490244,20.357227,25.92753,24.635101,27.064358,30.878824,27.711363,32.5074,32.651,32.329002,27.634472,22.411926,23.719488,19.342192,23.102295,17.51399,22.348867,18.927732,15.233248,14.815406,14.920573,10.824456,8.740693,10.986271,8.711319,12.771345,11.009609,17.161127,19.768452,23.171516,26.193748,31.428692,34.38616,33.82244,30.9049,31.659986,27.474327,27.291264,27.477636,21.7197,24.072676,18.926369,19.395208,18.781136,16.908722,16.951263,15.224952,14.717674,16.660864,15.582671,20.036833
11,33.423595,30.31757,26.88607,24.25831,21.782997,18.94319,16.423565,12.158143,9.243425,6.018274,4.6393294,0.0,4.5684657,6.5374193,9.752043,10.791773,15.64114,16.2828,21.076342,23.647835,26.425852,30.639437,33.09315,35.248516,37.95934,36.345932,35.117344,31.529196,27.503624,27.635757,21.194677,21.21601,15.187799,18.517557,16.016222,15.730345,19.316189,19.170902,20.621418,22.188349,18.814041,23.281809,19.563463,24.0925,29.372656,29.400892,33.033836,36.11498,38.806282,40.380997,38.09216,38.741993,36.071194,35.162598,31.067822,31.805508,26.549707,26.13439,24.865688,27.497475,24.218966,29.5164,28.158184,30.188007,33.962547,30.249731,34.942085,35.01086,33.993336,29.260143,24.588327,25.85525,21.878506,25.210316,20.073502,24.857485,21.356476,17.76973,16.680202,15.7560425,11.945091,11.118857,12.73352,10.763517,14.782332,12.956847,19.145369,21.999575,25.090868,28.420586,33.03941,36.735256,35.76418,32.69728,33.421314,29.633326,28.628557,28.544462,22.636477,25.110426,19.70214,19.19227,18.082615,15.703443,16.492245,13.559143,15.046089,16.199413,16.078802,20.185604
12,30.917925,28.214529,24.375813,22.100527,20.035389,16.354465,15.1967945,9.658232,8.6146145,5.83117,5.6090617,4.5684657,0.0,3.892,6.460066,9.210252,13.292894,15.119499,19.2959,22.570227,25.363646,29.604359,32.28889,33.940796,37.043694,35.95044,34.867847,31.36818,27.488228,27.37035,21.28744,20.227371,15.049517,16.868084,15.34296,14.198528,18.329048,18.9992,19.759392,21.25034,19.213982,23.596592,20.372248,24.918518,29.854458,29.925474,33.543587,36.46833,39.567318,41.018482,38.630314,39.64772,36.63937,36.250027,31.801258,32.45072,27.198383,26.387163,25.60152,28.851208,25.785862,31.343359,29.755825,32.16939,35.48722,32.313274,36.851032,36.501427,35.88224,31.587622,26.601917,28.457169,24.366238,28.378508,22.947628,27.87494,24.40796,20.680696,19.915415,19.538546,15.420775,14.010824,16.137108,13.558752,17.292068,14.586395,20.903278,22.568724,25.914993,28.882442,33.736656,37.155975,35.717243,32.576477,32.732277,29.11808,27.590221,28.333967,22.324268,25.779186,20.66996,19.742006,18.236095,16.969568,18.090946,16.444426,17.795465,19.76514,19.732695,24.07708
13,29.460238,26.671385,23.250544,20.332502,18.67603,14.816265,14.1221285,9.144398,7.412526,6.892766,4.250236,6.5374193,3.892,0.0,5.0590634,6.370627,10.850937,12.889343,16.623632,20.43348,22.852186,27.382517,29.636465,31.533705,34.392742,33.30353,32.743176,28.987602,25.478699,24.688374,19.11258,17.15194,11.749267,13.219193,11.5845995,10.3216505,14.513443,15.291253,15.94346,17.618261,15.896052,20.576601,17.841646,22.843418,27.308819,27.84079,31.331228,34.36077,37.725822,38.72014,36.146942,37.059517,33.852234,33.42512,28.839275,29.199419,24.013655,22.935997,22.208208,25.76622,22.92484,28.709644,27.306784,30.047773,33.475517,30.765276,35.401733,35.18655,35.141094,30.827349,25.444023,27.203152,22.807972,26.94716,21.232311,26.018414,22.529295,18.755285,18.384146,18.71205,14.447939,12.393235,15.119527,12.614954,16.328815,13.84658,20.008533,21.535187,25.116222,27.81722,33.182854,35.94977,34.910053,31.914196,32.112766,28.144527,27.364824,28.322672,22.467598,25.746859,20.852613,20.754684,19.687004,18.661152,19.171833,18.134398,18.090387,20.440096,19.652271,24.16541
14,24.704176,22.07927,18.356625,15.879096,14.239778,10.087171,10.158024,4.468672,5.6314173,6.3836164,7.7112317,9.752043,6.460066,5.0590634,0.0,4.8684125,7.0963097,9.807526,13.299862,16.964905,19.710001,23.885857,26.745405,27.978662,31.35246,30.710758,29.739973,26.389479,22.753225,22.455078,16.931513,15.07381,11.864959,12.191321,12.521699,11.750579,16.281778,17.077196,16.296227,16.87788,16.445501,19.795364,17.157446,21.262012,25.674246,25.707952,29.222271,31.91308,35.42486,36.713978,34.287357,35.785507,32.504887,32.8985,28.176369,29.067041,23.942234,23.027918,23.236296,26.821909,23.937956,29.32186,27.157578,29.920324,32.386116,30.04127,34.2389,33.375977,33.47483,29.857227,24.505518,27.16647,23.149002,28.274084,22.760153,27.96683,25.235844,21.726013,21.936863,22.454752,18.40723,15.86355,17.405806,13.936155,16.631802,13.079987,18.849575,18.927504,22.527258,24.884466,30.162914,32.887794,31.267164,28.206673,27.952065,24.276005,22.973307,24.499004,18.721575,22.771372,18.372917,17.954037,16.77175,16.892866,17.50243,18.088917,17.866367,21.107132,20.863028,25.487495
15,24.316662,21.163568,18.472197,14.778276,13.215798,10.040297,9.007566,6.554786,4.121752,7.651667,6.960273,10.791773,9.210252,6.370627,4.8684125,0.0,5.4045315,6.6398816,10.516478,14.156495,16.498629,21.064905,23.28947,25.25624,28.0575,26.985697,26.438936,22.692142,19.301226,18.439322,13.051219,11.02026,7.04125,8.529406,8.388123,9.020489,13.149776,13.130445,12.218009,12.630201,11.63466,15.064802,12.533156,17.16246,21.363884,21.847637,25.283836,28.219866,31.78759,32.689808,30.121597,31.335802,28.035538,28.167315,23.451254,24.265495,19.106304,18.280903,18.505754,22.00183,19.13958,24.531685,22.483639,25.411547,28.140575,26.036243,30.406923,29.890228,30.446568,26.616129,20.942259,23.3183,19.072165,24.254713,18.658224,23.755602,21.31184,18.005222,18.773129,19.878014,16.10402,12.981009,14.311039,10.96783,13.334266,10.378805,15.732725,16.260273,20.019001,22.28534,28.063307,30.187204,29.39003,26.563757,26.82582,22.548977,22.67896,23.772009,18.331938,21.376373,17.115372,18.083649,17.756943,17.468304,17.106281,17.919611,15.984517,19.40317,18.315529,22.956625
16,19.109537,16.195684,13.529988,9.768009,9.003278,5.2129927,6.8758473,6.339424,7.5318327,11.292512,12.265021,15.64114,13.292894,10.850937,7.0963097,5.4045315,0.0,4.536115,6.244831,10.570411,12.92953,17.219746,19.918957,21.05652,24.419777,24.076048,23.479647,20.142958,17.060041,16.222973,11.894697,8.857317,9.260092,7.7881556,10.632781,11.254907,15.096797,15.441544,12.8393345,11.862579,13.36723,14.915908,13.360836,16.71393,20.135649,20.34771,23.590223,26.080675,30.031929,30.9165,28.414324,30.288445,26.765383,27.92124,23.04996,24.199266,19.446587,18.561752,19.956867,23.584234,21.067657,25.915588,23.255356,26.33608,27.903612,26.65759,30.432638,29.228388,30.328856,27.42694,21.818094,25.019281,21.24844,27.16128,21.916994,26.999393,25.255302,22.29395,23.517488,24.896648,21.303904,18.012508,18.784014,15.152218,16.336515,12.859362,16.918476,15.365559,19.089811,20.544016,26.410198,27.93514,26.643227,23.898354,23.507784,19.467443,19.454998,21.525833,16.616955,20.400377,17.217278,18.144651,17.892979,18.937878,18.539307,20.929354,18.691284,22.753342,21.983461,26.526777
17,19.076694,15.4276,13.789607,9.36122,7.6583614,6.872317,4.845548,8.053273,7.1921806,11.588214,12.813518,16.2828,15.119499,12.889343,9.807526,6.6398816,4.536115,0.0,5.46462,7.5772696,10.291772,14.572216,17.253185,18.9988,21.988281,21.035872,20.020975,16.584465,13.067605,12.83348,7.5347075,6.7913575,8.0010195,8.839277,10.967265,13.117623,16.332815,15.543551,12.985507,11.212739,11.533374,11.785499,9.587969,12.3258505,16.266693,16.158176,19.567303,22.179947,25.900877,27.026472,24.643871,26.486925,23.229918,24.376696,19.714691,21.465414,16.665865,16.516386,18.118408,21.026255,18.235939,22.48822,19.382936,22.223505,23.578005,22.199955,25.92099,24.750824,25.861984,22.97308,17.367231,20.760633,17.28319,23.538841,18.709831,23.908026,22.89632,20.388384,22.028017,23.464214,20.407475,16.982008,16.55596,12.825975,12.936082,9.653356,12.703353,11.094897,14.873312,16.437103,22.48563,23.99828,23.211535,20.558958,20.813776,16.314884,17.42613,18.678854,14.070829,16.827225,13.839101,15.832342,16.350313,17.1073,15.956098,18.882526,15.547648,19.834496,18.940594,23.289194
18,15.777265,12.475475,11.910135,6.7430205,7.528999,7.027694,8.64176,11.819814,12.292313,16.59846,17.311615,21.076342,19.2959,16.623632,13.299862,10.516478,6.244831,5.46462,0.0,5.775073,7.017041,11.516129,13.8093405,15.058376,18.23252,18.105639,18.004532,14.676362,12.500485,10.891829,8.896271,4.788586,10.327632,7.99118,12.164322,14.007487,16.505281,16.179073,12.308723,9.459495,12.739391,11.669799,11.6822,13.570795,15.491116,15.938457,18.71708,20.953043,25.295902,25.698915,23.148712,25.376396,21.686163,23.650534,18.81845,20.312132,16.260605,15.620087,18.228115,21.497705,19.490742,23.393589,20.31537,23.540905,24.106813,24.054739,27.264942,25.806559,27.909245,25.78257,20.258327,23.732006,20.482859,26.72578,22.107124,26.75183,26.0321,23.76114,25.718504,27.645632,24.620977,21.063093,21.110086,17.773808,17.599348,14.819559,16.665249,13.769967,17.185627,17.539305,23.766464,23.897268,23.199148,20.964098,20.626543,16.28269,18.048452,20.286947,16.768114,19.631617,17.883352,19.991945,20.564766,22.01287,20.83853,24.24763,20.636158,24.974697,23.812506,27.995367
19,14.24401,10.095163,11.1609955,6.3985453,6.1855245,9.54832,8.708395,14.323712,14.45248,18.59765,20.279802,23.647835,22.570227,20.43348,16.964905,14.156495,10.570411,7.5772696,5.775073,0.0,3.7829401,7.0440607,10.524991,11.695567,14.985288,14.498067,13.009831,10.282196,7.3663545,7.986669,6.269546,7.3452287,13.401472,13.029574,16.332134,18.964369,21.203653,20.060814,16.438084,13.005112,15.005715,11.653,11.256236,10.285903,12.281056,11.390889,14.236587,16.07349,20.183968,21.32433,19.22091,22.014738,18.834963,21.542341,17.291706,19.973082,16.408108,16.915457,19.927864,22.034725,19.845589,22.37368,18.387184,20.976564,20.226233,20.38366,22.85857,20.795683,22.999872,21.732065,16.807302,20.974384,18.78185,25.430346,21.793985,26.453915,26.817965,25.157701,27.424145,29.183744,26.731436,23.236305,21.899527,18.478146,16.921156,14.3599615,14.0756,9.623995,12.429217,12.078373,18.252228,18.149744,17.541925,15.475552,15.5472,10.883602,14.085229,15.753035,13.459765,15.274914,14.8750105,17.732235,19.050175,20.792389,19.060726,23.506096,19.283867,23.798874,23.010187,26.704056
20,14.771476,10.969444,13.280545,8.570598,9.577804,12.419239,12.332295,17.553122,17.390816,21.73848,22.707083,26.425852,25.363646,22.852186,19.710001,16.498629,12.92953,10.291772,7.017041,3.7829401,0.0,5.057733,7.109713,9.031924,11.71281,11.333968,11.08896,7.969148,7.0061564,5.5042515,7.5998263,7.1862144,14.398846,13.373313,16.907108,19.70559,21.217342,19.9616,15.969849,12.067385,15.000543,10.658105,11.816603,10.509596,10.450355,10.463244,12.566468,14.316418,18.88587,19.142868,16.796179,19.644415,16.169209,19.306551,15.0827265,17.627995,14.795499,15.226894,18.787659,20.789772,19.185043,21.252,17.444727,20.267,19.18109,20.38138,22.595663,20.714945,23.770855,22.772905,17.929728,21.693722,19.607151,25.953903,22.566837,26.661356,27.32307,25.963905,28.498709,30.627043,28.366573,24.805967,23.674505,20.689373,19.008537,17.105587,16.24511,12.143564,14.504904,13.439508,19.613663,18.169586,18.418291,16.956978,17.120377,12.577602,16.780947,18.447104,16.903788,18.059534,18.107706,21.3185,22.772331,24.378601,22.45912,26.737665,22.047787,26.400576,25.14725,28.65209
21,13.030656,9.484851,13.491456,10.305869,11.513948,15.521561,15.402094,21.153704,21.472479,25.581223,27.200266,30.639437,29.604359,27.382517,23.885857,21.064905,17.219746,14.572216,11.516129,7.0440607,5.057733,0.0,5.288734,5.0980163,8.576382,9.09053,7.4630537,6.6169686,6.988565,7.7591457,11.068245,12.23683,19.322945,18.366869,21.957457,24.73459,26.215755,24.912003,20.893473,16.896925,19.735254,14.666545,15.804022,12.673559,11.562998,10.324396,11.441871,11.848337,16.319344,17.017252,15.333621,19.047201,16.149559,20.366987,17.026594,20.147127,18.261185,19.144793,22.9335,24.296787,22.879332,23.830458,19.623142,21.807053,19.114676,21.051916,22.084642,19.397543,22.805614,23.13286,19.284342,23.423471,22.321255,28.657871,26.04691,29.950266,31.246582,30.2207,32.856228,34.88007,32.841934,29.342329,27.669569,24.631807,22.373041,20.495007,18.512657,13.382745,14.565583,12.217151,17.438166,14.884727,14.968207,14.163993,14.053747,10.247458,15.350772,17.097723,17.250326,17.849459,19.385258,22.56195,24.27077,26.386816,24.380278,29.35681,24.69658,29.069218,28.209627,31.323849
22,17.205786,14.205464,18.260815,14.568545,16.013756,19.297047,19.204258,24.652782,24.226494,28.596052,29.243313,33.09315,32.28889,29.636465,26.745405,23.28947,19.918957,17.253185,13.8093405,10.524991,7.109713,5.288734,0.0,5.2991977,4.9140153,4.6652923,6.872719,5.02711,8.621257,6.478903,12.723306,12.906839,20.020235,18.972776,22.249632,25.293316,25.85114,24.252346,20.240465,16.139091,19.25071,13.507205,16.07452,13.081196,9.473368,9.984984,9.73641,10.266477,15.164764,14.099346,11.884123,15.337349,12.063489,16.652834,13.654465,16.471422,15.805707,16.71815,20.83419,21.801304,21.157928,21.40195,17.704477,20.087578,17.362223,20.51746,21.442488,19.492228,23.843721,24.033768,20.21187,23.493065,22.417145,28.09781,25.844704,28.909895,30.550667,29.958405,32.87057,35.30342,33.599163,30.105831,28.64888,26.236443,23.917393,22.890272,20.530518,16.484533,17.565536,15.17652,20.383587,16.550291,18.292425,18.125666,18.60879,14.827908,20.509047,21.76571,21.928549,21.750399,23.080553,26.798315,28.66643,30.269543,27.97999,32.456894,27.166811,31.240358,29.699518,32.562588
23,13.14373,11.004131,15.881055,13.536777,15.63336,19.18063,20.042742,25.423338,26.079704,30.252403,31.651731,35.248516,33.940796,31.533705,27.978662,25.25624,21.05652,18.9988,15.058376,11.695567,9.031924,5.0980163,5.2991977,0.0,5.239039,8.235833,8.380097,9.060028,11.452094,11.006982,15.829174,15.76439,23.252111,21.408968,25.373394,27.908497,28.960884,27.897633,23.580446,19.499884,23.268826,18.044472,20.074343,17.025187,14.398649,13.812522,13.660619,13.087236,17.542124,17.283829,15.815454,19.773584,16.930841,21.806007,18.953056,21.669886,20.829533,21.437328,25.557491,26.908022,26.10537,26.617243,22.74405,24.93602,21.65384,24.597765,25.012022,22.270319,26.267431,27.206966,23.725449,27.589708,26.66151,32.694782,30.27991,33.744995,35.181816,34.29591,37.04176,39.290684,37.257446,33.711655,32.3225,29.43616,27.252638,25.499405,23.467445,18.397171,19.247551,16.42007,20.790947,16.956516,17.247887,17.208559,16.552794,13.916481,18.73272,20.930788,21.771334,22.408417,24.35642,27.373657,28.994062,31.342146,29.409784,34.446423,29.768637,34.10506,33.109024,36.133926
24,18.329708,16.204174,20.966928,18.103436,19.91772,23.35464,23.660074,29.142925,29.023718,33.35933,34.121517,37.95934,37.043694,34.392742,31.35246,28.0575,24.419777,21.988281,18.23252,14.985288,11.71281,8.576382,4.9140153,5.239039,0.0,4.520703,7.6701097,8.465402,12.67859,11.205001,17.534588,17.63105,24.83012,23.40518,26.853157,29.755154,30.078602,28.592064,24.491093,20.418648,23.86397,18.039047,20.847008,17.4496,13.121829,13.4106655,11.954285,11.035345,15.424915,13.706173,12.174424,15.973683,13.348776,18.589905,16.60553,19.215193,19.630188,20.523188,24.736511,25.386011,25.191298,24.693455,21.19949,23.197039,19.52249,23.517302,23.50586,21.300507,26.06715,27.149448,24.03224,27.203949,26.636217,32.016727,30.231735,32.910915,34.87846,34.513866,37.505375,40.010048,38.417072,34.9391,33.430885,31.089504,28.619963,27.654364,24.927782,20.622877,21.135725,18.153719,22.326155,17.33887,19.290514,19.87224,20.060009,17.26312,22.988144,24.394806,25.475046,25.089123,27.116701,30.741207,32.662262,34.533863,32.24233,36.978085,31.690641,35.724365,34.25553,36.888626
25,21.063915,18.19503,22.512163,19.009596,20.113722,23.673178,22.956963,28.639967,27.720144,32.045372,32.50374,36.345932,35.95044,33.30353,30.710758,26.985697,24.076048,21.035872,18.105639,14.498067,11.333968,9.09053,4.6652923,8.235833,4.520703,0.0,5.881011,5.4914126,10.394523,8.80214,15.390988,16.53559,23.048025,22.66049,25.382446,28.73715,28.857094,26.83809,23.180893,19.206663,21.568811,15.317008,18.091257,14.23551,9.21715,9.868435,7.8783207,7.5257998,12.132086,9.973887,7.9378223,11.683833,9.070711,14.3703985,12.73935,15.8726225,16.481392,17.966757,21.983671,21.964674,21.739586,20.615847,17.048388,18.824678,15.109443,19.336168,19.41043,17.70082,22.708807,23.47473,20.476618,23.232815,22.925413,27.975079,26.641624,29.002478,31.361908,31.345264,34.446514,36.951965,35.739613,32.382523,30.514643,28.536673,25.760052,25.40548,22.0983,18.54828,18.887941,16.138016,20.556316,15.585761,18.6891,19.254015,20.37791,16.929586,23.314325,23.834522,24.71954,23.468561,25.301828,29.434216,31.623129,32.952427,30.358232,34.766293,29.069468,32.820038,31.099379,33.42274
26,19.091196,15.882708,20.17478,17.40695,17.776024,22.251204,20.74351,26.974024,26.34406,30.323505,31.773397,35.117344,34.867847,32.743176,29.739973,26.438936,23.479647,20.020975,18.004532,13.009831,11.08896,7.4630537,6.872719,8.380097,7.6701097,5.881011,0.0,4.750872,7.683792,9.705967,14.135116,17.324575,23.577084,23.900808,26.588074,29.994736,30.906223,28.843456,25.333792,21.365904,22.910639,16.752073,18.028458,12.928,10.013935,7.839309,6.5929503,5.0055466,9.261346,10.188654,9.481053,13.814927,12.304522,17.203043,15.638808,19.571465,19.06504,20.96544,24.658463,24.521975,23.436428,22.354887,17.93645,18.992723,14.382514,17.608234,17.078766,14.162208,18.60757,20.230621,17.91413,21.569214,21.935076,27.530535,26.455393,29.489607,32.003532,31.872435,34.80866,36.84457,35.619812,32.335728,29.754824,27.342123,24.131866,23.383947,19.462793,15.024997,14.550482,11.195157,14.938203,10.001576,12.823971,13.5441065,14.997367,11.856708,18.599491,18.60572,20.370317,18.636671,21.351603,25.34496,27.719269,29.32917,26.730474,31.70836,26.34013,30.194248,29.194586,31.36837
27,19.62,15.96369,19.531912,15.712904,15.9774,19.817184,18.173948,24.104414,22.93112,27.111774,27.923464,31.529196,31.36818,28.987602,26.389479,22.692142,20.142958,16.584465,14.676362,10.282196,7.969148,6.6169686,5.02711,9.060028,8.465402,5.4914126,4.750872,0.0,4.949758,5.0723224,10.350674,13.146968,19.17979,19.712717,22.107357,25.649632,26.358133,24.167713,20.777891,16.882387,18.235382,12.024741,13.66882,9.2064295,5.8446274,5.0616665,5.1062717,6.5106306,11.285427,11.204293,9.13293,12.583874,9.961641,14.213108,11.653382,15.484848,14.45511,16.297491,19.962137,20.077911,18.943056,18.481272,14.180489,15.979431,12.824354,15.671927,16.534721,14.617661,18.933613,19.081078,15.586273,18.91988,18.452543,24.128119,22.499912,25.576532,27.758345,27.5067,30.474665,32.6848,31.399221,28.068195,25.822012,23.588882,20.652369,20.138178,16.72095,13.083264,13.621307,11.289063,16.58832,13.02914,15.729465,15.57286,17.149565,12.897004,19.334938,19.398329,19.749031,18.366865,19.876873,24.125477,26.384947,27.529873,24.886196,29.301851,23.663012,27.504862,26.020065,28.485292
28,18.673786,14.511785,17.062216,13.244386,12.471357,16.598726,13.95313,20.13696,18.90438,22.845865,24.246187,27.503624,27.488228,25.478699,22.753225,19.301226,17.060041,13.067605,12.500485,7.3663545,7.0061564,6.988565,8.621257,11.452094,12.67859,10.394523,7.683792,4.949758,0.0,5.7199244,6.642829,11.527048,16.72254,18.079802,20.1922,23.713972,25.134224,22.966158,19.89569,16.294157,16.680363,11.241579,11.096595,6.2678394,7.0778685,4.3364463,7.268474,9.242291,13.006798,14.572359,12.859511,15.806542,13.496738,16.582386,13.518708,17.407898,14.929433,16.810446,19.913883,20.32058,18.297997,18.714584,14.025507,15.6926365,13.426477,14.327636,15.9513445,13.768064,16.832626,16.348394,12.335537,16.4918,15.794334,22.135382,20.097805,24.015852,25.83958,25.228867,27.94631,29.763525,28.304205,25.0227,22.42347,19.75793,16.726654,15.743932,12.373384,8.169386,9.1223135,7.5252934,13.765488,12.313085,13.911402,12.822325,14.652675,9.736742,15.76939,15.437937,15.114085,13.817277,14.954897,19.21005,21.500444,22.58854,19.965324,24.54134,19.138891,23.18597,22.139887,24.841286
29,19.887312,16.065123,18.610518,13.888484,14.161296,16.922653,15.504037,20.773232,19.221172,23.608639,23.729145,27.635757,27.37035,24.688374,22.455078,18.439322,16.222973,12.83348,10.891829,7.986669,5.5042515,7.7591457,6.478903,11.006982,11.205001,8.80214,9.705967,5.0723224,5.7199244,0.0,7.1303444,8.387377,14.385769,14.833807,17.105783,20.666788,21.286942,19.140688,15.71822,11.8636265,13.385196,7.4093847,9.642083,7.336899,5.1342115,6.772742,8.473282,11.124555,15.634056,15.076643,12.32903,14.544134,11.007734,13.8296385,9.757782,12.848184,10.594835,11.937783,15.602825,16.565046,15.266433,16.278881,12.440511,15.294852,14.355363,16.208076,18.546679,17.483736,21.195402,19.886175,15.139195,18.094994,16.320696,22.127346,19.459955,22.802095,24.218096,23.558983,26.462564,28.852518,27.271767,23.8323,22.249472,20.065342,17.782953,17.227375,15.082105,12.4053955,14.252797,13.202063,19.421692,17.213089,19.243446,18.313105,19.618181,14.794399,20.258884,20.689749,19.512032,19.013523,19.09439,23.222584,25.151474,25.937653,23.463537,27.22226,21.620401,25.499744,23.588224,26.565798
30,20.429998,16.184597,16.83211,12.156875,10.62992,13.059072,9.684651,14.995025,12.815791,16.955091,17.718369,21.194677,21.28744,19.11258,16.931513,13.051219,11.894697,7.5347075,8.896271,6.269546,7.5998263,11.068245,12.723306,15.829174,17.534588,15.390988,14.135116,10.350674,6.642829,7.1303444,0.0,7.1249723,10.381377,12.809882,14.161626,17.728144,19.519087,17.362976,14.818994,11.930088,11.117292,7.581594,5.564081,4.9478874,9.2176895,8.814845,12.334337,15.253792,18.751017,19.847363,17.572664,19.339722,16.499601,17.836502,13.701662,16.586693,12.399867,13.697394,15.952421,17.287006,14.56526,17.03385,13.036226,15.540889,16.107851,15.270749,18.70776,17.688503,19.585016,17.03394,11.465225,15.080187,12.539156,19.165632,15.650723,20.321535,20.99974,19.700188,22.162405,23.940615,22.057026,18.675343,16.609787,13.719865,11.5046215,10.207125,9.011249,7.0563383,10.219533,11.174273,17.687614,18.135792,18.970938,16.98874,18.49696,13.3603325,17.322924,17.184893,14.399826,14.346242,12.892745,16.912853,18.727037,19.061783,16.660067,20.19429,14.88696,19.032219,17.575539,21.066355
31,19.683907,16.142143,16.393438,11.09232,11.355008,11.354863,11.178026,14.411958,13.029366,17.571266,16.989908,21.21601,20.227371,17.15194,15.07381,11.02026,8.857317,6.7913575,4.788586,7.3452287,7.1862144,12.23683,12.906839,15.76439,17.63105,16.53559,17.324575,13.146968,11.527048,8.387377,7.1249723,0.0,7.6246095,6.641203,9.731823,12.716949,14.184053,12.936816,9.133731,5.741247,8.599636,7.079614,8.065787,10.931813,12.333691,13.881865,16.526087,19.328167,23.63895,23.391308,20.531292,22.08269,18.292282,19.543777,14.576812,15.760352,11.519769,10.904338,13.571409,16.732283,14.889578,18.862589,16.181934,19.704985,21.017673,21.148687,24.749199,24.026793,26.50964,23.853182,18.080334,20.795958,17.267893,23.100027,18.541882,22.714046,22.203,20.27443,22.583256,24.910551,22.312037,18.698471,18.714432,16.08446,15.678331,14.077189,15.308212,13.723083,17.090984,17.582098,24.134817,23.770117,24.27555,22.344398,22.826916,17.98775,21.045654,22.376337,19.039352,20.610903,18.668425,21.680504,22.678928,23.291355,21.599243,24.3911,19.86635,23.850643,21.907907,25.872566
32,25.997044,22.436808,21.346876,16.501772,15.522355,13.957408,12.372331,13.006913,9.381707,13.298102,10.6537075,15.187799,15.049517,11.749267,11.864959,7.04125,9.260092,8.0010195,10.327632,13.401472,14.398846,19.322945,20.020235,23.252111,24.83012,23.048025,23.577084,19.17979,16.72254,14.385769,10.381377,7.6246095,0.0,6.1682773,4.1700406,7.9619884,9.879624,8.03172,7.0857944,7.4316854,4.597286,9.011878,7.497628,13.352635,16.520426,18.1995,21.232046,24.571743,28.212473,28.186415,25.316391,25.84599,22.46458,21.912663,17.204077,17.514753,12.336537,11.444831,11.513709,15.042844,12.435157,18.051159,16.590845,19.957375,23.358183,21.90403,26.536356,26.775444,28.215626,24.103336,18.113394,19.581938,14.970685,19.753572,14.147983,18.549803,16.569511,13.831931,15.61684,17.82991,14.897751,11.301635,12.474248,10.464488,11.837671,11.018006,14.440215,15.801852,19.405735,21.270819,27.570076,28.49462,29.117476,26.820818,27.789497,22.883404,25.060312,25.587444,21.04823,22.458246,18.826225,21.46545,22.091753,21.332253,19.892006,20.701424,16.697828,19.829853,17.336916,21.575548
33,23.153555,20.273163,19.165789,14.417119,14.806228,12.201535,13.408537,13.483309,12.189829,16.165245,14.063997,18.517557,16.868084,13.219193,12.191321,8.529406,7.7881556,8.839277,7.99118,13.029574,13.373313,18.366869,18.972776,21.408968,23.40518,22.66049,23.900808,19.712717,18.079802,14.833807,12.809882,6.641203,6.1682773,0.0,5.1383057,6.5051413,8.533266,8.834326,5.276927,5.155216,8.421219,11.307837,11.842072,16.616224,18.366644,20.30066,22.952768,25.882631,30.155575,29.648834,26.62566,27.664276,23.754616,24.111574,19.081171,18.902403,14.477289,12.524679,13.732748,18.145454,16.532095,21.908525,20.42536,24.153978,26.666452,26.26649,30.413988,30.115894,32.179394,28.806154,22.820225,24.842737,20.51319,25.487211,20.05389,24.041372,22.04859,19.319025,20.958725,23.305367,20.026445,16.588095,18.514921,16.259333,17.612373,15.913503,19.207386,18.813568,22.49428,23.58875,30.053791,30.255333,30.379097,28.158953,28.299631,23.6859,25.47939,27.181381,22.869669,25.336342,22.315779,24.427858,24.684649,24.912191,23.8868,25.413265,21.938663,25.460337,23.327353,27.64048
34,27.798525,24.62801,23.341324,18.59641,18.197159,15.69743,15.400986,14.753107,11.765352,15.155815,11.400305,16.016222,15.34296,11.5845995,12.521699,8.388123,10.632781,10.967265,12.164322,16.332134,16.907108,21.957457,22.249632,25.373394,26.853157,25.382446,26.588074,22.107357,20.1922,17.105783,14.161626,9.731823,4.1700406,5.1383057,0.0,4.273031,5.7703295,4.890625,4.611437,7.12022,5.9949794,11.515663,11.225398,17.118097,19.480536,21.668447,24.434227,27.751074,31.6091,31.08468,28.030401,28.351393,24.737503,23.954405,19.198118,18.568949,13.794023,11.909098,11.441243,15.817604,13.9451685,19.996944,19.33979,22.93434,26.639523,25.524616,30.200115,30.6056,32.258595,28.086578,22.106833,23.190779,18.427977,22.456438,16.718546,20.415567,17.689606,14.693509,16.102686,18.558477,15.340521,12.028057,14.755036,13.400952,15.501624,14.787383,18.567938,19.864038,23.501226,25.211103,31.585318,32.236496,32.83212,30.559572,31.25374,26.425608,28.357779,29.304848,24.640377,26.467413,22.758402,25.029688,25.32934,24.599775,23.48647,23.807295,20.337059,23.145502,20.489876,24.683329
35,28.865486,26.141788,24.24015,19.96882,19.833662,16.306355,17.099388,14.915718,12.885759,15.538377,11.476274,15.730345,14.198528,10.3216505,11.750579,9.020489,11.254907,13.117623,14.007487,18.964369,19.70559,24.73459,25.293316,27.908497,29.755154,28.73715,29.994736,25.649632,23.713972,20.666788,17.728144,12.716949,7.9619884,6.5051413,4.273031,0.0,4.5724096,6.6189146,6.8817787,9.953226,10.220453,15.606405,15.339779,21.109936,23.468784,25.55449,28.341892,31.5377,35.535942,35.02011,31.943352,32.391262,28.654549,27.99823,23.20452,22.283895,17.769436,15.519398,14.90558,19.523153,17.921232,24.07562,23.599113,27.196169,30.871689,29.716667,34.383553,34.64051,36.15575,31.99604,26.031101,27.214455,22.40641,26.231386,20.37415,23.968733,20.65263,17.323648,18.073862,20.228659,16.548792,13.687333,17.357885,15.970713,18.737804,17.53192,22.046803,23.099857,26.845695,28.59536,34.910194,35.762703,35.892372,33.4653,33.757168,29.163233,30.331665,31.736942,26.753601,29.30291,25.369164,26.952185,26.76692,26.191954,25.59726,25.576643,23.023512,25.715847,23.36079,27.674303
36,31.510674,28.77689,27.516335,22.91951,23.101135,20.047756,20.74094,19.281515,16.839417,19.627563,15.050683,19.316189,18.329048,14.513443,16.281778,13.149776,15.096797,16.332815,16.505281,21.203653,21.217342,26.215755,25.85114,28.960884,30.078602,28.857094,30.906223,26.358133,25.134224,21.286942,19.519087,14.184053,9.879624,8.533266,5.7703295,4.5724096,0.0,3.9747872,5.6770625,9.720452,10.049421,15.573051,16.344664,22.191673,23.615631,26.398457,28.778421,32.071594,36.08575,34.890305,31.652317,31.593788,27.830814,26.653288,22.089792,20.31849,16.42992,13.683838,12.517562,17.340267,16.55238,22.663048,23.022709,26.771675,30.8433,30.164759,34.86638,35.574635,37.535927,33.27458,27.34476,27.890339,23.056099,26.106327,20.502352,23.12338,19.793015,16.888016,17.877811,20.590744,17.48788,14.862204,18.776344,18.259188,20.73726,20.370567,24.168812,25.543348,29.149363,30.673407,37.128025,37.355255,38.127354,35.964417,36.487804,31.703733,33.62504,34.878815,30.221886,32.21505,28.507404,30.610048,30.703737,29.927711,29.01151,28.835085,25.685665,28.08826,25.157589,29.135185
