,0,1,2,3,4,5,6,7,8,9,10,11,12,13,14,15,16,17,18,19,20,21,22,23,24,25,26,27,28,29,30,31,32,33,34,35,36,37,38,39,40,41,42,43,44,45,46,47,48,49,50,51,52,53,54,55,56,57,58,59,60,61,62,63,64,65,66,67,68,69,70,71,72,73,74,75,76,77,78,79,80,81,82,83,84,85,86,87,88,89,90,91,92,93,94,95,96,97,98,99,100,101,102,103,104,105,106,107
0,0.0,4.4758353,7.097849,10.2551775,13.227456,15.313658,18.2822,22.122398,24.494848,28.842379,32.560135,35.750484,34.0856,32.122215,28.014904,26.122334,22.42306,21.521233,17.759388,16.082216,15.987804,10.086839,13.799673,15.495823,14.118078,16.887897,17.144215,19.222527,18.457605,23.869658,23.206327,28.960926,32.485928,36.224106,37.060528,40.565765,42.779385,40.046837,38.160583,34.57526,32.8062,28.652088,27.558065,21.58757,21.590775,18.007086,18.258547,15.069144,17.316002,19.584213,20.592916,22.578026,25.550055,30.452738,29.5234,31.303867,33.056755,35.989155,40.78529,39.96378,36.91466,38.66954,35.26751,38.083805,33.81339,39.49753,37.301426,33.93136,30.727589,31.522629,27.02209,28.480278,27.963135,28.390314,30.27623,29.244055,32.652187,31.496199,35.294453,35.19059,34.926662,37.605644,35.473564,32.0296,32.271355,26.709158,26.440094,22.11084,22.37822,20.985235,23.171299,23.584967,27.795935,31.163101,29.85172,34.427483,32.283485,38.427677,36.50387,41.75528,42.376762,42.40822,39.49483,39.228943,33.639088,33.73124,29.261,29.780022
1,4.4758353,0.0,5.2926292,6.329235,9.342681,12.246396,14.42687,18.942432,20.738121,25.773155,29.03211,32.387157,31.106361,29.111702,25.39633,22.965952,19.640623,18.040628,14.556089,12.191291,12.919338,7.004829,10.761312,11.694876,10.552974,12.657076,13.102656,14.85261,14.097858,19.507925,19.141712,24.680937,28.624603,32.113785,33.146873,36.67653,38.771313,36.120865,34.021076,30.32245,28.907795,24.58001,23.716633,17.744856,17.575949,13.792982,14.238395,10.794574,13.377307,15.904659,17.001244,18.528833,22.078287,26.641989,25.77146,27.498085,28.920181,31.848116,36.673542,35.64481,32.56501,34.259014,30.863794,33.696747,29.573872,35.258575,33.284767,30.087551,26.948486,27.556992,23.003561,24.43674,23.652609,24.28253,26.033892,25.25074,28.682236,27.692125,31.656467,31.770618,31.209673,33.671764,31.523458,27.983095,28.03117,22.589886,22.004528,17.684795,17.929054,16.720726,19.01573,19.638212,23.684845,27.040524,25.569227,30.040228,27.832296,33.957703,32.045082,37.307476,37.946774,37.96193,35.080746,34.852306,29.25558,29.488626,25.0206,25.822554
2,7.097849,5.2926292,0.0,5.203368,7.3639846,8.528515,12.018209,15.13395,17.895273,21.783728,25.835384,28.7842,27.127396,25.361612,21.137386,19.45486,15.9158,15.248263,12.108121,10.822872,12.2066145,7.3988795,12.853762,14.157419,14.445734,15.122118,15.727683,15.919076,13.69994,19.502254,17.225826,23.543037,26.113567,30.042885,30.73095,34.07217,36.58588,33.949986,32.265163,28.97445,26.943506,23.345226,21.553034,15.963327,17.615053,13.782608,15.963706,13.191318,16.650564,19.311666,19.78325,19.9235,23.91394,28.173265,26.320358,27.45832,29.180328,31.523922,36.53699,35.508034,32.28235,34.820805,31.836596,34.935425,31.548439,37.03904,35.708378,32.989433,30.091702,30.18954,25.596611,26.408867,24.765606,24.974493,25.944464,24.633183,27.536736,25.903614,29.857956,29.128613,28.512375,31.349707,29.067932,25.885937,26.609858,21.02174,21.680338,17.884806,19.0333,18.959087,21.299913,21.671627,25.465467,28.493296,27.101364,30.87858,28.351492,34.22915,31.729141,36.904484,37.25803,37.62024,34.52116,35.061134,29.043232,29.68889,25.403921,26.227388
3,10.2551775,6.329235,5.203368,0.0,3.8038971,6.4634037,8.595251,12.949978,14.526299,19.801146,22.719961,26.203953,25.028233,23.01212,19.618809,16.825993,13.864422,11.828451,8.886122,6.2285147,8.78359,4.9360213,9.494589,9.806295,10.925033,10.4717455,11.972078,11.519283,9.206888,15.128108,13.452732,19.364088,22.906702,26.171087,27.430647,30.765636,33.111904,30.696247,28.48992,24.897667,23.774418,19.788933,18.491922,12.975053,14.234965,9.9658375,12.462012,9.121366,12.528208,15.066984,15.34134,14.902579,19.359344,23.248833,21.54452,22.725426,24.12322,26.59213,31.58444,30.463884,27.268402,29.665829,26.68202,29.867126,26.613127,32.264835,31.155317,28.564253,25.579924,25.319613,20.75006,21.363323,19.567963,19.883995,20.887497,19.86529,22.961061,21.705172,25.813307,25.67746,24.899233,27.410881,25.276762,21.780125,22.075533,16.51805,16.746832,12.741666,14.107566,14.248708,16.91281,17.910568,21.280264,24.334656,22.5148,26.193441,23.53189,29.350855,26.903675,32.03425,32.591732,32.959213,29.98945,30.571264,24.603168,25.575579,21.296085,22.739723
4,13.227456,9.342681,7.3639846,3.8038971,0.0,5.4246044,5.090388,10.346611,11.566157,17.048382,20.281786,23.356947,22.734108,21.116035,17.824965,15.076936,12.867394,10.457576,9.084012,6.137216,10.698038,8.459572,12.369264,11.687036,12.791436,11.021521,11.549354,9.799423,6.5952864,12.429456,10.040351,16.197132,19.371304,23.024012,23.92694,27.38207,29.649172,27.098454,25.108017,21.672348,20.105373,16.28914,14.782095,9.256236,11.348986,7.2984395,11.031335,9.09993,13.209435,16.17246,16.763245,15.307478,20.56059,23.648003,21.82772,22.606613,23.42884,25.528173,30.614746,28.969948,25.611921,28.138567,25.28111,28.33488,25.528517,30.68014,29.96387,27.843945,25.428,25.164993,20.723795,21.41086,18.846092,19.588821,19.812113,19.11966,21.799515,20.395533,24.781542,24.292482,22.709234,25.054062,22.546246,19.273533,19.731915,14.528867,14.620255,11.393034,12.692316,13.790408,15.948517,16.399351,19.541838,22.257265,20.756138,23.976078,21.316442,27.073626,24.492258,29.743557,29.960348,30.28937,27.164223,27.883114,21.767864,22.720007,18.574654,19.88921
5,15.313658,12.246396,8.528515,6.4634037,5.4246044,0.0,6.2744646,7.0920143,10.033308,13.846833,17.354134,20.583378,18.883259,16.993698,13.223259,10.988244,7.9224315,7.040028,5.5560427,5.728325,9.139398,9.049054,13.452473,14.044274,16.533504,14.729901,16.542828,14.222827,10.214592,15.708924,11.099242,17.695538,19.234627,22.640247,23.756315,26.646793,29.627182,27.473974,25.63003,22.636557,21.205566,18.453491,15.895802,11.806902,15.653489,11.881743,16.17028,13.889149,17.411198,19.637505,19.020422,16.742725,21.330776,24.46743,21.459011,21.68738,23.454664,24.96463,30.056664,29.047024,25.78042,29.368093,27.142443,30.662985,28.608698,33.921276,33.763157,31.863728,29.174828,28.11885,23.79364,23.396646,20.568708,20.13362,19.919094,18.11382,20.2635,18.111748,22.119389,20.878504,20.077538,23.098701,20.949343,17.941162,19.217274,13.599066,16.055948,13.295494,16.067522,17.692543,20.293266,21.21574,23.829792,26.30493,24.44388,26.914768,23.829788,28.939165,25.680538,30.427683,30.70179,31.652628,28.527327,30.337006,24.009487,25.801538,22.04987,23.794905
6,18.2822,14.42687,12.018209,8.595251,5.090388,6.2744646,0.0,6.7956734,6.7849627,12.835987,15.8420515,18.6503,18.699436,17.44936,14.781458,11.823456,11.061768,8.101649,9.278308,7.0318394,12.575411,12.514506,15.584879,14.293821,16.095392,12.931259,13.392406,9.794955,5.3917303,9.953133,5.2797794,11.920218,14.344887,18.085579,18.90831,22.303257,24.68022,22.23271,20.301498,17.106934,15.500956,12.26103,10.168087,5.75634,9.991234,6.9795303,12.052464,11.513831,15.416785,18.172886,18.470448,15.508606,21.246016,23.215178,20.952059,21.050997,21.350216,22.767256,27.877779,25.810122,22.33806,25.369173,22.989578,26.071924,24.260866,28.859638,28.966309,27.58379,25.705793,24.952929,20.878935,21.075014,17.526665,18.327188,17.3916,16.875078,18.811373,17.178083,21.743849,20.854385,18.404411,20.561993,17.759192,14.760622,15.548899,10.870786,11.5550165,9.888193,11.820899,14.364111,16.115711,16.428707,18.626724,20.706825,19.264952,21.3945,18.516535,23.772924,20.757305,25.89316,25.792402,26.344282,23.090206,24.509907,18.178102,19.690536,16.03568,17.707224
7,22.122398,18.942432,15.13395,12.949978,10.346611,7.0920143,6.7956734,0.0,4.8910923,6.8565974,11.196564,13.651954,12.521252,11.433051,8.094708,6.3650093,6.3678975,6.0455832,9.14286,10.073158,14.153011,15.788137,19.250772,19.012835,21.807196,18.743048,20.072422,16.286636,11.806687,15.276733,8.440256,14.416248,13.445852,17.059809,17.760872,20.257433,23.649183,21.735811,20.36897,18.209764,16.42541,15.316588,11.6942835,10.45697,16.071293,13.687456,18.818373,18.000343,21.561304,23.760899,23.046185,19.280664,24.272326,25.974533,22.405247,21.618233,22.757336,23.106123,28.090113,26.59086,23.2772,27.64158,26.204037,29.648663,28.935377,33.355793,34.21283,33.23803,31.286163,29.770174,25.95263,25.065565,21.161427,20.739697,18.931087,17.218649,17.94397,15.166517,19.183643,16.770073,14.66831,17.732037,15.159199,13.070566,15.352153,10.949069,14.788099,14.23129,17.378475,20.32538,22.32409,22.875376,24.500431,26.126371,24.534384,25.538565,22.33984,26.467237,22.629944,26.932196,26.65256,28.004751,24.766792,27.638348,21.304956,23.7157,20.852993,22.731005
8,24.494848,20.738121,17.895273,14.526299,11.566157,10.033308,6.7849627,4.8910923,0.0,7.580253,9.15196,12.1635475,12.692274,11.670203,10.5563965,7.228448,9.186263,6.54053,10.693408,10.482169,15.131716,17.360838,19.63961,18.435272,21.28366,17.392069,18.684181,14.217019,10.096702,11.9163,5.1212597,9.899326,9.8148775,12.689506,14.071233,16.74564,19.812529,18.076765,16.062675,13.577112,12.890405,11.649729,8.612102,8.850751,13.967108,12.294306,17.295593,17.057802,20.176579,22.164467,21.542318,17.102385,22.43783,23.163874,19.93332,18.942654,19.150507,19.308233,24.25478,22.214931,18.82553,23.07767,21.801617,25.142326,24.934195,29.012306,30.282934,29.730156,28.129694,26.392893,22.9594,21.970346,17.615242,17.616886,15.168355,14.220906,14.681848,12.412042,16.817656,15.138133,11.888412,14.180068,11.327689,8.81712,10.753175,7.0624824,10.585548,11.291652,14.405238,17.946348,19.621342,20.348661,21.184422,22.445866,20.723118,21.11168,17.851631,21.65728,17.76269,22.100203,21.803308,23.13259,19.927574,22.981586,16.711569,19.548355,17.058561,19.460165
9,28.842379,25.773155,21.783728,19.801146,17.048382,13.846833,12.835987,6.8565974,7.580253,0.0,7.1575,7.394222,6.6671977,7.475501,5.9099236,6.9251976,9.89822,10.799682,14.9054365,16.392155,20.029625,22.466234,25.553791,25.163158,28.187126,24.663507,25.85264,21.52819,17.279985,19.03549,11.9827175,15.66823,11.280936,14.441609,14.516836,15.903464,19.963428,18.660776,18.126915,17.407757,15.491444,16.669725,12.543186,14.452551,20.386429,19.075232,24.235586,24.10919,27.493761,29.503311,28.564566,24.063082,28.819038,29.502449,25.486824,23.85538,24.668205,23.80304,28.298662,26.66198,23.60671,28.658173,28.1545,31.445528,31.993675,35.561073,37.294987,37.07074,35.633034,33.701614,30.410498,29.029776,24.625614,23.970612,21.046778,19.314014,18.481394,15.257329,18.453505,14.626803,11.478725,14.539149,11.907626,11.785795,15.137995,12.98673,17.676086,18.763916,21.974043,25.504215,27.111021,27.469654,28.28136,29.157896,27.799782,27.44321,24.312424,27.08131,22.823713,26.169874,25.355886,27.234686,24.113155,28.119665,22.25364,25.185148,23.4018,25.27927
10,32.560135,29.03211,25.835384,22.719961,20.281786,17.354134,15.8420515,11.196564,9.15196,7.1575,0.0,5.4953494,6.0432553,5.521455,9.056619,7.4267697,11.919759,11.5667305,16.186409,17.7087,20.652529,24.524025,26.15684,25.412376,29.087208,25.042065,27.148108,22.532389,18.792221,19.36485,13.547436,14.84275,11.411147,11.034594,13.30857,13.5153265,17.69606,17.686623,15.966245,15.318042,16.225647,17.50528,14.599037,17.455923,22.37954,21.19231,25.95971,25.546263,27.983034,29.160603,27.547365,22.30268,26.341593,25.874474,21.584091,19.272163,19.85702,18.08403,22.090284,20.822634,18.18199,23.87742,24.270418,27.747213,29.3291,32.794025,35.20943,35.39649,33.9,31.131157,28.513002,26.210445,21.733847,20.435703,16.811201,14.998242,12.910933,9.773244,12.278865,8.557294,4.3431425,7.7094474,6.300905,6.7829022,10.445096,10.168651,15.725776,17.828402,21.506374,25.25526,26.996922,28.19076,27.989746,28.560078,26.554333,25.262966,21.940725,23.395363,18.830091,21.056273,20.697977,23.244705,20.643702,25.613958,20.351215,24.29933,23.186117,26.026037
11,35.750484,32.387157,28.7842,26.203953,23.356947,20.583378,18.6503,13.651954,12.1635475,7.394222,5.4953494,0.0,5.499989,8.074318,10.875751,11.453661,15.656006,15.943627,20.54566,21.917824,25.34549,28.617302,30.821953,29.97598,33.255722,29.171387,30.48413,25.739473,22.006536,22.058525,16.015543,16.777815,10.768279,11.273394,11.588199,10.969332,15.518364,15.577853,15.319711,16.078968,15.579681,18.41304,15.081725,19.109446,24.412306,23.915895,28.789196,29.105719,31.967533,33.55855,32.37877,27.21192,31.596525,30.975876,26.9141,24.570393,24.67565,22.615757,26.25252,24.437637,21.907125,27.315786,27.886969,30.895563,32.83384,35.47496,38.150616,38.73285,37.79543,35.345898,32.817207,30.905413,26.219423,25.441195,21.581076,20.255508,17.95867,15.073044,17.106508,12.921384,8.365887,10.199661,8.121166,10.570256,14.131312,14.871569,19.50237,22.051182,25.193542,29.12755,30.384348,30.890762,30.634405,30.759974,29.407719,27.610664,24.66119,25.669025,21.248194,23.171112,21.991116,24.448631,21.794771,26.915585,22.036652,25.600727,25.04335,27.250126
12,34.0856,31.106361,27.127396,25.028233,22.734108,18.883259,18.699436,12.521252,12.692274,6.6671977,6.0432553,5.499989,0.0,3.758705,6.726906,8.847638,12.555082,14.28937,18.390018,20.756142,23.249933,26.828339,29.31693,29.256804,32.920418,29.309303,31.286316,26.868296,22.728937,24.11452,17.498098,19.894403,15.016286,15.873642,16.74127,16.433907,20.968033,20.886023,20.31382,20.357677,19.826887,21.73614,18.048212,20.6579,26.296871,24.914406,29.976248,29.439753,32.31396,33.727924,32.055004,27.125826,30.972536,31.108328,26.447998,24.154043,25.445059,23.633312,27.427969,26.594257,24.112345,29.896275,30.292511,33.767254,35.194923,38.679188,40.981674,41.03843,39.441235,36.808384,33.92869,31.681879,27.354053,25.806961,22.50525,20.158121,18.152191,14.650147,16.23,11.228202,9.297431,12.652243,11.629883,12.806876,16.483376,15.535915,21.247475,22.76711,26.500263,30.095745,31.95413,32.846344,33.120956,33.78654,32.03423,30.947136,27.691456,29.267193,24.723366,26.785862,26.168695,28.748215,26.104183,31.082268,25.77091,29.389061,28.166584,30.522081
13,32.122215,29.111702,25.361612,23.01212,21.116035,16.993698,17.44936,11.433051,11.670203,7.475501,5.521455,8.074318,3.758705,0.0,5.438286,6.2265625,9.924067,11.718965,15.603376,18.317352,20.215649,24.264051,26.410713,26.582973,30.544458,27.077503,29.634634,25.401562,21.266796,23.127655,16.727795,19.542574,16.098015,16.517715,18.296076,18.339533,22.734545,22.642134,21.337215,20.669552,20.864937,21.90248,18.480104,20.266558,25.631527,23.74836,28.70328,27.598072,30.175581,31.281668,29.253277,24.378109,27.829252,28.201284,23.32146,21.08113,22.916937,21.342003,25.271734,24.956722,22.49983,28.39044,28.675055,32.429592,33.585464,37.6101,39.709785,39.475334,37.468853,34.63138,31.683905,29.15835,25.095198,23.099325,20.135431,17.309912,15.550461,11.873005,13.433367,8.559783,8.178292,12.155745,11.702775,11.807172,15.259969,13.470157,19.675854,20.701496,24.779722,28.152304,30.369831,31.71474,32.076637,33.048363,30.891787,30.175158,26.727158,28.56357,24.006914,26.174192,26.06141,28.680576,26.10956,30.95481,25.477367,29.26862,27.700224,30.40198
14,28.014904,25.39633,21.137386,19.618809,17.824965,13.223259,14.781458,8.094708,10.5563965,5.9099236,9.056619,10.875751,6.726906,5.438286,0.0,5.0771194,6.742155,9.944301,13.098221,16.013954,18.083128,21.177214,24.319836,24.902119,28.491495,25.538618,27.72313,23.872786,19.447105,22.396704,15.49421,19.969084,16.813221,19.009653,19.966015,20.917368,25.171118,24.249605,23.28988,22.207106,21.078197,21.537363,17.639393,18.175508,23.899855,21.633207,26.721542,25.48214,28.57947,30.146687,28.480297,24.238602,28.086346,29.442211,24.783316,23.15682,25.230417,24.476309,28.896067,28.361189,25.54199,30.999832,30.55858,34.301723,34.57182,38.92579,40.424927,39.743782,37.587082,35.293034,31.817776,29.884422,25.992302,24.349337,22.030834,19.21803,18.564425,14.931864,17.357958,13.162692,12.655661,16.5759,15.181259,14.500936,17.770864,14.490786,20.222261,20.297207,24.170757,27.233023,29.528889,30.514236,31.64485,32.991806,31.08961,31.21784,27.8133,30.700377,26.32868,29.393692,29.17006,31.343292,28.420755,32.54814,26.578726,29.76436,27.569708,29.782906
15,26.122334,22.965952,19.45486,16.825993,15.076936,10.988244,11.823456,6.3650093,7.228448,6.9251976,7.4267697,11.453661,8.847638,6.2265625,5.0771194,0.0,4.4953284,5.5844917,9.580195,12.14135,14.425403,18.145231,20.48524,20.658304,24.488424,21.235003,23.871769,19.938631,15.691637,18.521563,12.189773,16.47039,15.107836,16.580101,18.542997,19.90941,23.821419,22.926453,21.061949,19.22106,19.199165,18.750856,15.51076,15.636032,20.74188,18.266344,23.158098,21.658812,24.341612,25.61934,23.803747,19.318542,23.23352,24.414331,19.883673,18.371708,20.327059,19.906809,24.554514,24.00028,21.09493,26.398201,25.7964,29.666286,29.796865,34.439075,35.861664,35.090034,32.77455,30.313913,26.908838,24.83099,20.975557,19.279747,17.069384,14.292171,14.066329,10.631978,13.829476,10.8164015,10.236257,14.025574,12.734919,10.865098,13.652238,9.665548,15.614552,15.574161,19.692398,22.749714,25.205019,26.643255,27.54578,29.022848,26.75125,27.03384,23.509144,26.564764,22.278572,25.55135,25.724297,27.803461,24.965757,28.879667,22.880737,26.271692,23.918005,26.60139
16,22.42306,19.640623,15.9158,13.864422,12.867394,7.9224315,11.061768,6.3678975,9.186263,9.89822,11.919759,15.656006,12.555082,9.924067,6.742155,4.4953284,0.0,4.6800637,6.4582076,9.925765,11.364691,14.698877,17.657972,18.588345,22.367006,19.854095,22.72595,19.475355,15.191642,19.2919,13.307942,18.744678,18.360464,20.456709,22.232067,24.003538,27.761852,26.509722,24.637316,22.36846,21.913668,20.655209,17.48077,16.005486,20.843315,17.6613,22.363653,20.166107,22.941113,24.27095,22.40805,18.719452,22.374641,24.613743,20.195845,19.30383,21.885393,22.207323,26.990026,26.763622,23.823866,28.735699,27.6205,31.57416,30.885626,36.06735,36.894444,35.574883,32.825634,30.643585,26.845154,25.022213,21.729942,19.935677,18.709192,15.691482,16.485548,13.36768,16.505224,14.138327,14.532612,18.273947,17.002174,14.640287,16.899368,11.828199,17.101797,15.744897,19.79927,22.22505,25.032557,26.550291,28.116455,30.077456,27.743526,28.896025,25.395445,29.177107,25.155628,28.834702,29.220936,31.04187,28.143364,31.455013,25.260899,28.235662,25.296515,27.773527
17,21.521233,18.040628,15.248263,11.828451,10.457576,7.040028,8.101649,6.0455832,6.54053,10.799682,11.5667305,15.943627,14.28937,11.718965,9.944301,5.5844917,4.6800637,0.0,4.7370877,6.6021214,9.460643,12.994076,15.106072,15.119607,18.921331,15.832768,18.813526,15.309716,11.202486,15.034602,9.7961235,14.956655,16.205853,17.94991,20.204197,22.402634,25.686872,24.337193,21.893564,19.0443,19.28814,17.257935,14.80111,13.020015,17.164385,13.986926,18.531563,16.415388,18.96009,20.248499,18.574413,14.534174,18.825861,20.74698,16.80382,16.166319,18.097845,18.860247,23.864796,23.200293,20.09787,24.578423,23.173435,27.082197,26.221672,31.464888,32.226063,30.921598,28.244549,26.090582,22.321846,20.65056,17.200071,15.826596,14.649972,12.199446,13.632236,11.152195,15.141249,14.023095,13.538804,16.643856,15.154751,11.97038,13.47949,7.8299584,12.563185,11.087766,15.225447,17.798817,20.579227,22.324585,23.658852,25.655285,23.155302,24.44076,20.935093,24.981775,21.174908,25.195786,25.745491,27.304998,24.437447,27.360603,21.18927,24.156769,21.111538,23.877823
18,17.759388,14.556089,12.108121,8.886122,9.084012,5.5560427,9.278308,9.14286,10.693408,14.9054365,16.186409,20.54566,18.390018,15.603376,13.098221,9.580195,6.4582076,4.7370877,0.0,4.3385916,5.187356,8.756855,11.223468,12.281479,16.185968,14.147821,17.718697,15.322195,11.675338,16.66907,12.666408,18.24086,20.455814,22.382837,24.62048,27.02369,30.151049,28.618908,26.083069,22.8922,23.030527,20.255224,18.160109,14.932739,18.17131,14.245066,18.116777,14.910936,17.203577,18.306093,16.422523,13.574917,17.22894,20.412273,16.778284,16.945957,19.549555,21.100464,26.032742,25.848364,22.877728,26.81783,24.941868,28.884615,27.142036,32.979057,33.066986,31.124674,27.875069,25.975632,21.87244,20.428415,17.918633,16.358248,16.50624,13.915223,16.30803,14.331662,17.91804,17.451902,17.928284,21.013382,19.757719,16.344017,17.317192,11.354742,14.858585,11.847174,15.676791,17.213099,20.464914,22.495956,24.463402,26.991673,24.33667,26.551117,23.162235,27.75596,24.34667,28.548124,29.410198,30.734901,27.950392,30.235285,24.117035,26.65645,23.107225,25.713972
19,16.082216,12.191291,10.822872,6.2285147,6.137216,5.728325,7.0318394,10.073158,10.482169,16.392155,17.7087,21.917824,20.756142,18.317352,16.013954,12.14135,9.925765,6.6021214,4.3385916,0.0,5.659004,7.2360797,9.317258,9.094464,12.5070095,10.079644,13.387639,11.121776,7.8359013,13.156461,10.575994,15.99889,19.589773,21.734974,23.863403,26.755177,29.349594,27.507078,24.788023,21.177309,21.325972,17.735634,16.372475,12.2919445,14.4536295,10.344202,13.862283,10.618234,13.106691,14.649931,13.549571,11.034001,15.712696,18.863722,16.27484,16.97188,18.60832,20.73357,25.760773,24.937347,21.80993,24.920275,22.487179,26.153042,23.834152,29.660954,29.38452,27.289082,24.177282,22.766357,18.46936,17.800827,15.338248,14.815396,15.327617,13.830889,16.79517,15.529191,19.61468,19.791788,19.30923,21.793701,20.127462,16.403599,16.667074,10.8273115,12.35125,8.617955,11.8166065,13.12783,16.296879,18.26308,20.450241,23.165796,20.61841,23.373922,20.199923,25.368,22.424755,27.11931,27.946955,28.79647,25.980528,27.488934,21.439661,23.490751,19.64577,22.138758
20,15.987804,12.919338,12.2066145,8.78359,10.698038,9.139398,12.575411,14.153011,15.131716,20.029625,20.652529,25.34549,23.249933,20.215649,18.083128,14.425403,11.364691,9.460643,5.187356,5.659004,0.0,5.9937778,6.5686593,8.764342,13.062029,12.135735,16.718142,15.569637,13.114308,18.181683,16.04206,21.020765,24.574871,26.03325,28.667332,31.176722,33.994,32.4956,29.548363,25.939095,26.689976,23.190016,21.867544,17.945717,19.709028,15.479254,18.085993,13.787392,14.945995,15.2584715,12.819626,11.381022,13.84464,18.14794,15.180679,16.292517,19.28824,21.674828,26.338364,26.65237,23.95742,27.159304,24.913372,28.843145,26.347065,32.76137,32.255913,29.734493,25.844137,23.996931,19.82608,18.413021,17.133419,15.3447695,16.928123,14.5233555,17.80794,16.71442,19.889532,20.59579,21.727375,24.471249,23.59572,19.823423,20.010382,14.156454,16.3528,12.2873335,15.623999,15.947614,19.651293,22.32418,24.47499,27.421204,24.409033,27.353495,24.130424,28.952093,26.063848,30.230736,31.57041,32.668434,30.152203,31.812756,26.041527,28.335497,24.529821,27.259872
21,10.086839,7.004829,7.3988795,4.9360213,8.459572,9.049054,12.514506,15.788137,17.360838,22.466234,24.524025,28.617302,26.828339,24.264051,21.177214,18.145231,14.698877,12.994076,8.756855,7.2360797,5.9937778,0.0,5.703512,8.084267,10.230837,10.965345,14.204169,14.434698,12.645677,18.33611,17.009027,22.529205,26.39916,28.902842,30.80151,33.847248,36.363132,34.28936,31.697943,27.962046,27.68107,23.662106,22.513247,17.36408,18.293436,13.925441,15.682897,11.2067995,13.027645,14.348824,13.512109,13.930779,16.95165,21.674994,19.876997,21.423319,23.655796,26.413862,31.174011,30.863468,27.962515,30.400263,27.512472,30.971106,27.556372,33.803722,32.53382,29.576717,25.860807,25.166853,20.657747,20.6709,19.752203,19.201273,21.029463,19.471226,22.917772,21.885027,25.470346,25.876858,26.201395,28.855486,27.333513,23.604782,23.715723,17.90822,18.642921,14.125215,15.999723,15.436986,18.74822,20.66843,23.79217,27.055307,24.652077,28.470968,25.673138,31.255152,28.826109,33.59473,34.63531,35.212677,32.495747,33.241398,27.453354,28.801281,24.558256,26.477945
22,13.799673,10.761312,12.853762,9.494589,12.369264,13.452473,15.584879,19.250772,19.63961,25.553791,26.15684,30.821953,29.31693,26.410713,24.319836,20.48524,17.657972,15.106072,11.223468,9.317258,6.5686593,5.703512,0.0,4.3966775,7.827354,9.024671,13.862761,14.650491,14.051602,18.741613,18.96691,23.236532,28.273071,29.716785,32.350014,35.255356,37.47911,35.74267,32.542103,28.494625,29.45206,25.06552,24.73134,19.97417,19.748224,15.620658,16.276022,11.203669,10.8551855,10.548986,8.617041,10.308411,11.96562,17.199898,16.219906,18.43996,20.683126,24.005577,28.353342,28.479374,25.956171,27.757729,24.789856,28.256262,24.55765,31.255726,29.780777,26.538233,22.215088,21.142189,16.867725,16.542816,16.770615,15.9428,18.827122,17.595081,21.545246,21.389198,24.595957,26.18105,26.946089,29.13239,28.140306,24.106495,23.456514,18.068048,18.00989,13.209525,14.877903,13.445175,17.177057,20.151358,22.695374,26.081635,23.075514,27.069468,24.36708,29.672867,27.680487,32.10039,33.67619,34.181824,31.880001,32.348015,27.108307,28.632944,24.535053,27.007309
23,15.495823,11.694876,14.157419,9.806295,11.687036,14.044274,14.293821,19.012835,18.435272,25.163158,25.412376,29.97598,29.256804,26.582973,24.902119,20.658304,18.588345,15.119607,12.281479,9.094464,8.764342,8.084267,4.3966775,0.0,5.016798,4.829354,10.200468,11.031285,11.380136,15.253356,16.824942,20.240915,26.102856,27.358532,30.008848,33.091568,34.884384,33.090454,29.722239,25.499083,26.77181,22.051937,22.38604,17.746422,16.556162,12.805216,12.81698,7.874806,6.8277187,6.653831,5.6325164,7.3879466,10.60481,15.038921,14.978485,17.31738,18.451765,22.01048,26.373913,25.855911,23.25496,24.416655,21.12554,24.34027,20.38663,26.997026,25.445982,22.258558,18.121181,17.28105,12.840614,13.184011,13.312027,13.52429,16.422226,16.17956,20.243662,20.555622,24.116491,26.032505,25.997717,27.669489,26.47182,22.365849,21.210846,16.35094,14.88684,10.052551,10.886318,9.089213,12.852862,16.081825,18.408613,21.811382,18.771303,22.96012,20.454018,25.937809,24.325844,28.939823,30.47321,30.66306,28.433285,28.422302,23.437086,24.720648,20.646017,23.201698
24,14.118078,10.552974,14.445734,10.925033,12.791436,16.533504,16.095392,21.807196,21.28366,28.187126,29.087208,33.255722,32.920418,30.544458,28.491495,24.488424,22.367006,18.921331,16.185968,12.5070095,13.062029,10.230837,7.827354,5.016798,0.0,4.8826513,7.645691,10.676983,12.457304,15.841374,18.6871,21.849915,28.119144,29.902584,32.05336,35.49528,36.867737,34.70302,31.542175,27.250519,27.967907,22.836077,23.668697,18.45927,15.892399,12.661206,10.844448,6.1495953,4.2222795,5.482283,7.7726154,11.083566,14.205778,18.248413,19.25284,21.735085,22.117897,25.831738,30.07575,29.010653,26.378212,26.640125,22.86035,25.387646,20.579609,26.785969,24.399126,20.76681,16.92936,17.527248,13.14655,15.21053,15.801211,17.19753,20.054161,20.521404,24.530973,24.948648,28.725464,30.541151,29.929295,31.389738,29.795845,25.781809,24.459633,19.976002,17.29138,12.722973,11.698973,8.637638,11.450882,13.990711,17.074247,20.720568,18.323444,23.304733,21.43012,27.336452,26.363897,31.300667,32.613846,32.267635,30.027475,29.015133,24.401651,24.712923,20.446835,22.251257
25,16.887897,12.657076,15.122118,10.4717455,11.021521,14.729901,12.931259,18.743048,17.392069,24.663507,25.042065,29.171387,29.309303,27.077503,25.538618,21.235003,19.854095,15.832768,14.147821,10.079644,12.135735,10.965345,9.024671,4.829354,4.8826513,0.0,5.8083367,6.7438526,8.581772,11.370135,14.555748,17.146032,23.677326,25.14448,27.450256,30.832241,32.12772,30.092918,26.782553,22.461878,23.587885,18.504814,19.538097,14.909248,12.478861,9.362636,8.434436,4.16591,3.1902368,5.2946563,7.150317,7.8824525,12.780059,15.725464,16.412224,18.498056,18.271452,21.763538,26.18099,24.678247,21.874868,22.35576,18.663063,21.38729,17.13663,23.30388,21.635687,18.625355,15.187215,15.1112,10.521032,12.25946,11.674848,13.54783,15.7942505,16.678001,20.498617,21.014553,25.009985,26.833643,25.710587,26.895313,25.233255,21.243347,19.753431,15.613035,12.433664,7.99689,6.943319,4.6600523,8.189675,11.259125,13.709829,17.1747,14.450623,19.0031,16.833635,22.746622,21.560465,26.579039,27.79605,27.53146,25.228828,24.544062,19.718372,20.431608,16.251818,18.601948
26,17.144215,13.102656,15.727683,11.972078,11.549354,16.542828,13.392406,20.072422,18.684181,25.85264,27.148108,30.48413,31.286316,29.634634,27.72313,23.871769,22.72595,18.813526,17.718697,13.387639,16.718142,14.204169,13.862761,10.200468,7.645691,5.8083367,0.0,4.936925,8.603325,10.131723,14.636456,16.793793,23.34125,25.68769,27.06713,30.881586,31.644691,29.081383,26.27858,22.100101,22.135504,16.752563,18.350555,13.3339815,9.054837,7.3022513,3.4572604,3.0413632,4.7996073,8.804431,12.386156,13.135313,18.272648,20.478638,21.563223,23.380516,22.30434,25.509604,29.910269,27.497675,24.52616,24.346735,20.362452,22.186684,17.596611,22.583948,20.432226,17.573551,15.494549,16.991007,12.862263,16.05315,15.011723,18.024237,19.475168,20.99462,24.39066,24.749636,29.081411,30.41197,28.28613,29.20584,26.890776,23.27342,21.8419,18.381233,14.118382,10.908829,7.7809186,5.7343907,6.2188535,6.8808274,10.763466,14.297774,12.9588995,18.04342,16.671589,23.00845,22.377293,27.822758,28.433659,27.553831,25.07087,23.349178,18.802582,18.178724,13.781043,14.885817
27,19.222527,14.85261,15.919076,11.519283,9.799423,14.222827,9.794955,16.286636,14.217019,21.52819,22.532389,25.739473,26.868296,25.401562,23.872786,19.938631,19.475355,15.309716,15.322195,11.121776,15.569637,14.434698,14.650491,11.031285,10.676983,6.7438526,4.936925,0.0,4.4912143,5.4592724,9.943485,11.96684,18.499006,20.790255,22.230982,25.992489,26.909227,24.438261,21.574245,17.408007,17.57845,12.2799,13.764121,9.292493,5.830409,3.8911018,4.014003,5.0422654,7.7969255,11.045933,13.336629,11.89213,17.91155,19.328617,19.573744,20.774084,19.450686,22.120684,26.739498,24.019665,20.81203,21.366573,17.764755,19.968468,16.49878,21.28056,20.258816,18.312803,16.650131,17.076605,13.05418,15.214979,12.713715,15.687798,16.104933,17.668343,20.611546,20.765203,25.2606,26.285389,23.688715,24.5123,22.04427,18.539179,17.239637,14.022399,9.71939,7.2583265,4.516749,5.7209234,6.465262,7.1964192,9.844087,12.828825,11.20398,15.265888,13.279434,19.596182,18.336975,23.904512,24.288794,23.69783,20.96468,20.059284,14.8045225,14.924075,10.489504,12.387604
28,18.457605,14.097858,13.69994,9.206888,6.5952864,10.214592,5.3917303,11.806687,10.096702,17.279985,18.792221,22.006536,22.728937,21.266796,19.447105,15.691637,15.191642,11.202486,11.675338,7.8359013,13.114308,12.645677,14.051602,11.380136,12.457304,8.581772,8.603325,4.4912143,0.0,5.9721994,6.379204,10.646426,15.872611,18.667383,20.036999,23.668982,25.262342,22.83629,20.21604,16.31111,15.919045,11.266413,11.281601,6.4895296,6.7209253,3.1412666,7.4875646,7.2212477,10.762795,13.66825,14.73978,12.211948,18.354422,20.02991,18.984673,19.674196,19.09842,21.238089,26.185682,23.770594,20.369198,22.22109,19.212982,21.998081,19.45073,24.25942,23.913702,22.292324,20.435942,20.063286,15.971819,16.930378,13.711333,15.590285,15.328683,15.961267,18.573132,17.99963,22.62333,22.950867,20.420822,21.791403,19.198727,15.731961,15.223931,11.139297,8.840798,6.396265,6.750904,9.140899,10.72874,11.419752,13.640488,16.116344,14.416722,17.383776,14.758069,20.645329,18.4098,23.867651,24.090405,24.09681,21.076807,21.42063,15.435971,16.470043,12.335022,14.384343
29,23.869658,19.507925,19.502254,15.128108,12.429456,15.708924,9.953133,15.276733,11.9163,19.03549,19.36485,22.058525,24.11452,23.127655,22.396704,18.521563,19.2919,15.034602,16.66907,13.156461,18.181683,18.33611,18.741613,15.253356,15.841374,11.370135,10.131723,5.4592724,5.9721994,0.0,7.172902,6.710922,13.776907,15.764597,17.117304,20.889942,21.536802,19.137398,16.161629,12.002237,12.595577,7.325859,9.628778,7.5183372,5.286884,6.1848316,8.2443285,10.464226,12.722977,15.253524,16.843983,13.781875,19.976486,20.009912,19.812397,20.221111,18.055063,19.871162,24.40168,20.933939,17.580355,18.452744,15.406013,17.468512,15.526155,19.232805,19.471184,18.769789,18.12227,17.900894,14.700353,16.104265,12.296109,15.489837,14.378682,16.478416,18.485258,18.639538,23.168417,23.924107,20.343811,20.580828,17.819204,14.763888,13.355925,11.673113,6.6680274,7.409764,5.5618935,9.146127,8.8416815,8.879175,9.320718,10.925927,9.59179,11.778415,9.488536,15.480745,13.84891,19.541979,19.440754,18.884172,15.90898,15.570811,9.779047,10.533212,6.506952,9.356145
30,23.206327,19.141712,17.225826,13.452732,10.040351,11.099242,5.2797794,8.440256,5.1212597,11.9827175,13.547436,16.015543,17.498098,16.727795,15.49421,12.189773,13.307942,9.7961235,12.666408,10.575994,16.04206,17.009027,18.96691,16.824942,18.6871,14.555748,14.636456,9.943485,6.379204,7.172902,0.0,6.7873993,9.727578,13.16846,14.107145,17.65008,19.683126,17.321486,15.09448,11.829841,10.76745,7.6655855,5.9028525,4.575543,8.936182,7.9646187,12.778822,13.586472,16.893728,19.389612,19.770096,15.854443,21.868078,22.4851,20.430235,20.045925,19.236593,20.09597,25.030424,22.219648,18.685345,21.679878,19.664047,22.498293,21.62602,25.436977,26.297173,25.701513,24.541365,23.51997,20.041231,20.082878,15.775918,17.13243,15.114614,15.484519,16.688637,15.412452,20.065279,19.345417,15.663139,16.980595,13.8077345,11.054526,11.553815,8.546693,8.328566,9.074341,10.71662,14.351226,15.349692,15.501974,16.480629,17.786861,16.484974,17.442684,14.534541,19.27045,16.104485,21.242714,20.807716,21.33547,17.999725,19.796566,13.413822,15.411117,12.416499,14.571707
31,28.960926,24.680937,23.543037,19.364088,16.197132,17.695538,11.920218,14.416248,9.899326,15.66823,14.84275,16.777815,19.894403,19.542574,19.969084,16.47039,18.744678,14.956655,18.24086,15.99889,21.020765,22.529205,23.236532,20.240915,21.849915,17.146032,16.793793,11.96684,10.646426,6.710922,6.7873993,0.0,7.910682,9.126847,10.665837,14.254861,15.045847,13.005397,9.733744,5.6683865,7.5344644,4.5596766,6.4330397,9.148837,10.418217,11.670323,14.818724,16.765348,18.966902,20.940437,21.55879,17.188894,23.006962,21.921484,20.716234,20.020988,17.501488,17.827307,22.134844,18.174139,14.771246,16.92569,15.324933,17.46265,17.865843,20.339682,22.172386,22.670694,22.571411,21.37048,18.981127,19.058058,14.335381,16.65952,13.713339,15.690397,16.116556,15.938809,20.20662,20.3078,15.589597,15.167565,12.018294,9.919874,8.921243,9.76653,6.821664,10.611169,10.963885,15.058147,14.899066,14.957042,13.981541,14.009804,12.939369,11.964453,9.286151,13.095799,10.145689,15.421333,14.56663,14.704641,11.3142185,13.250515,6.9322343,9.850586,8.391125,11.438729
32,32.485928,28.624603,26.113567,22.906702,19.371304,19.234627,14.344887,13.445852,9.8148775,11.280936,11.411147,10.768279,15.016286,16.098015,16.813221,15.107836,18.360464,16.205853,20.455814,19.589773,24.574871,26.39916,28.273071,26.102856,28.119144,23.677326,23.34125,18.499006,15.872611,13.776907,9.727578,7.910682,0.0,6.2821774,4.6249943,8.307839,10.571225,8.328972,7.472492,7.224529,4.9193826,8.188245,5.9132996,11.7548485,15.750983,16.851511,20.992968,22.875025,25.822546,28.023348,28.220556,23.518799,29.094942,28.156752,25.77869,24.302753,22.586899,21.657936,25.706379,22.071909,18.946835,22.46294,21.976755,24.084354,25.44859,27.187841,29.560108,30.428589,30.474749,29.06683,26.667696,26.191452,21.306778,22.547693,18.877722,19.605751,18.655,17.20264,20.912086,19.077826,13.354094,13.243849,9.215104,9.763662,11.293347,12.783243,13.561425,16.95616,18.328316,22.413094,22.492443,22.01535,21.441929,21.065708,20.642857,18.832438,16.51955,18.47023,14.882318,18.567225,16.701067,17.723415,14.37591,18.001236,12.851404,15.482165,15.179387,16.830326
33,36.224106,32.113785,30.042885,26.171087,23.024012,22.640247,18.085579,17.059809,12.689506,14.441609,11.034594,11.273394,15.873642,16.517715,19.009653,16.580101,20.456709,17.94991,22.382837,21.734974,26.03325,28.902842,29.716785,27.358532,29.902584,25.14448,25.68769,20.790255,18.667383,15.764597,13.16846,9.126847,6.2821774,0.0,5.1336412,6.2700796,8.298439,8.4654045,5.2419825,5.6404414,9.088751,11.590869,11.149965,16.330029,19.260204,20.198082,23.858253,25.300556,27.343065,28.746891,28.361712,23.138203,27.989855,25.918104,23.566471,21.603535,19.271502,17.465218,20.796722,16.999891,14.318493,18.223772,18.8231,20.94016,23.630207,25.015728,28.233374,29.628359,29.70864,27.506086,25.886868,24.595545,19.703892,20.5445,16.234879,17.367458,15.453367,14.766629,17.676538,16.700525,10.783419,8.866033,5.6503997,7.320605,7.9981766,12.258175,13.175234,17.523996,19.218746,23.361868,23.556023,23.941378,22.31031,21.547697,20.4521,17.379229,14.973309,14.94174,10.912046,13.219336,11.425651,13.361177,10.553187,15.812902,11.750922,15.699964,16.391794,19.071632
34,37.060528,33.146873,30.73095,27.430647,23.92694,23.756315,18.90831,17.760872,14.071233,14.516836,13.30857,11.588199,16.74127,18.296076,19.966015,18.542997,22.232067,20.204197,24.62048,23.863403,28.667332,30.80151,32.350014,30.008848,32.05336,27.450256,27.06713,22.230982,20.036999,17.117304,14.107145,10.665837,4.6249943,5.1336412,0.0,4.247795,5.992722,4.4298744,4.5928383,7.149498,6.44933,11.052571,10.035277,16.083305,19.38228,20.955605,24.701626,26.850374,29.478434,31.456617,31.60746,26.70364,32.012917,30.34734,28.113096,26.332417,24.094206,22.534113,25.903236,21.924395,19.235962,22.551296,22.772398,24.393547,26.726294,27.47142,30.489729,31.999788,32.55239,30.981518,29.155704,28.510326,23.60091,24.8863,20.811989,21.887045,20.251444,19.140003,22.203691,20.429848,14.352871,13.087306,9.503576,11.501996,12.708743,15.863237,16.395763,20.423843,21.580711,25.70472,25.456532,24.934021,23.650265,22.6171,22.44077,19.515041,17.662655,18.05293,14.701027,17.233027,14.711335,15.887729,12.925446,17.235674,13.434785,16.172043,17.111021,18.670994
35,40.565765,36.67653,34.07217,30.765636,27.38207,26.646793,22.303257,20.257433,16.74564,15.903464,13.5153265,10.969332,16.433907,18.339533,20.917368,19.90941,24.003538,22.402634,27.02369,26.755177,31.176722,33.847248,35.255356,33.091568,35.49528,30.832241,30.881586,25.992489,23.668982,20.889942,17.65008,14.254861,8.307839,6.2700796,4.247795,0.0,4.573758,5.935153,6.6695457,10.115456,10.667022,15.202488,14.08373,20.032639,23.493803,24.847446,28.673895,30.547178,32.99222,34.68859,34.45341,29.276484,34.165035,32.120804,29.56918,27.397942,25.26009,23.02423,25.82686,22.123455,19.89723,23.62986,24.584839,26.210962,29.254578,29.751778,33.212322,34.980247,35.509068,33.529694,31.991072,30.848011,25.95928,26.754982,22.386612,23.197361,20.845861,19.692867,21.971684,19.906631,13.901072,12.059584,9.325235,12.558615,14.0360565,17.908764,19.245733,23.42822,24.96989,29.125853,29.049442,28.823486,27.270632,26.096237,25.704603,22.258953,20.416603,19.688765,16.232357,17.42229,14.800069,16.617107,14.27726,19.389002,16.408176,19.510412,20.843243,22.608803
36,42.779385,38.771313,36.58588,33.111904,29.649172,29.627182,24.68022,23.649183,19.812529,19.963428,17.69606,15.518364,20.968033,22.734545,25.171118,23.821419,27.761852,25.686872,30.151049,29.349594,33.994,36.363132,37.47911,34.884384,36.867737,32.12772,31.644691,26.909227,25.262342,21.536802,19.683126,15.045847,10.571225,8.298439,5.992722,4.573758,0.0,3.9666255,5.510752,9.912015,10.923701,15.492416,15.553656,21.583336,24.046915,26.083712,29.303505,31.743458,33.958897,35.671917,35.84508,30.853346,35.819687,33.33535,31.467003,29.477959,26.597086,24.492392,26.882029,22.547241,20.564795,23.207619,24.209044,25.071537,28.45504,27.889305,31.600813,33.86898,35.060173,33.38909,32.297478,31.565289,26.79676,28.224163,23.924253,25.476057,23.315523,22.759016,25.079105,23.686333,17.702618,15.266373,12.791828,15.512003,16.058985,20.488409,20.479534,24.978603,25.776205,29.825506,29.176249,28.613316,26.549767,24.799871,24.925598,20.870638,19.740873,18.23833,15.662387,16.475363,13.2306385,14.340958,12.370056,16.949171,15.315443,17.832088,20.071749,21.477573
