,0,1,2,3,4,5,6,7,8,9,10,11,12,13,14,15,16,17,18,19,20,21,22,23,24,25,26,27,28,29,30,31,32,33,34,35,36,37,38,39,40,41,42,43,44,45,46,47,48,49,50,51,52,53,54,55,56,57,58,59,60,61,62,63,64,65,66,67,68,69,70,71,72,73,74,75,76,77,78,79,80,81,82,83,84,85,86,87,88,89,90,91,92,93,94,95,96,97,98,99,100,101,102,103,104,105,106,107,108,109,110
0,0.0,3.3357093,6.8522463,9.956421,12.646558,14.562969,18.043028,20.754665,24.276522,27.128246,31.879738,32.62138,35.411175,38.31265,34.468636,30.047075,28.79904,24.679457,22.015774,19.176437,16.23876,16.649443,12.048148,12.8721075,11.763707,16.416325,15.291774,14.820426,15.3153,19.657682,17.348013,24.588146,22.779928,28.564465,28.829464,31.348045,33.348965,32.51018,32.40101,29.912216,30.275,24.963259,25.652178,21.957453,23.934505,20.349272,24.460028,21.984398,23.549372,26.838585,27.773964,28.526844,33.074078,35.88259,32.41713,29.036005,32.478157,33.098305,38.7657,38.048504,34.534325,36.793823,34.245903,36.85504,34.79936,39.449707,37.699318,33.778847,32.117867,33.808937,29.246748,32.798313,30.380013,34.834297,32.765507,38.241177,38.04174,39.71093,41.129055,44.851116,45.990097,44.93371,40.107773,39.363464,34.420055,37.258938,30.506046,31.60878,28.661436,26.879686,29.357466,26.618784,29.955376,28.540672,23.332905,24.828985,26.419678,24.379398,27.004131,27.3688,31.687809,32.035786,36.37283,39.834793,40.633003,38.00304,42.301407,36.67486,40.784126,38.540302,41.74476
1,3.3357093,0.0,3.9392092,6.795274,9.834716,11.250247,15.188006,17.534918,21.09196,23.91721,28.626877,29.420504,32.172855,35.158684,31.402796,27.01091,25.784058,21.862894,19.146309,16.709013,13.531152,14.597176,10.410509,11.172976,11.597589,15.759487,15.556226,14.506498,13.872533,18.541729,15.305765,22.598188,20.152775,26.154509,26.0071,28.620972,30.450256,29.609016,29.76904,27.227125,28.048973,22.618065,23.802279,19.93342,22.690248,19.576504,23.761913,22.069187,23.312502,27.095024,27.259886,28.691687,33.002815,35.269783,31.782898,28.279263,31.37751,31.69063,37.355164,36.445625,32.89661,35.421535,33.118847,35.73263,34.20623,38.45177,36.818012,33.352425,31.297445,32.489132,28.040545,31.172874,28.50757,32.942142,30.595137,36.179092,35.721622,37.506924,38.703114,42.41189,43.389553,42.282906,37.610977,36.81943,31.898487,34.94813,28.327003,29.566404,26.91619,25.239056,28.105522,25.873867,28.903717,27.245462,22.42414,23.528782,24.753891,22.449453,24.790897,25.338703,29.30263,29.50682,33.9896,37.39938,38.15562,35.520878,39.603176,33.99647,38.07224,35.736507,39.030067
2,6.8522463,3.9392092,0.0,4.688861,6.912692,8.489658,11.913613,14.035625,17.789265,20.342716,25.376505,25.828815,28.723019,31.687416,27.734512,23.526485,22.045654,18.282017,15.258902,12.93124,9.608011,10.921581,7.2188888,8.38893,10.448529,13.770962,15.008078,13.987592,12.344568,17.653978,13.958187,21.459597,18.523752,24.703432,23.971918,26.919931,28.279367,27.130344,27.561308,24.756075,26.12721,20.13879,21.764936,17.399357,20.90236,17.96765,21.770947,21.147255,22.463392,26.623875,26.286291,28.545446,32.67913,34.328083,31.200481,27.621635,30.144604,30.362375,36.083424,34.680668,31.093737,33.47783,31.272745,33.636322,32.556015,36.188026,34.45423,31.390945,28.83929,29.688457,25.703684,28.537373,25.955082,30.43593,28.096262,33.898487,33.4277,35.528152,36.507977,40.199787,40.8915,39.48279,34.90128,33.81256,28.959383,31.82621,25.306013,26.322783,23.900993,22.089262,25.13343,23.354753,25.928432,24.016525,19.592701,20.268904,21.213865,18.774471,20.951622,21.620125,25.418756,25.70275,30.172695,33.54038,34.388607,31.825893,35.94665,30.505962,34.69841,32.531414,36.002953
3,9.956421,6.795274,4.688861,0.0,4.153655,5.018454,9.068955,11.476497,14.538187,17.972841,22.077055,23.365734,25.829676,28.681376,25.23939,20.601862,19.846558,15.931074,14.022186,12.34948,9.383851,12.581713,10.017505,8.979827,12.419751,14.905901,16.062529,13.73214,10.733741,15.401705,10.430674,17.456203,13.998617,20.248772,19.48643,22.315308,23.837091,22.916811,23.370201,20.771515,22.27507,16.825583,18.892843,15.028395,19.171284,17.450941,21.771149,21.534597,21.810692,26.389872,24.902906,27.588257,31.246132,32.388523,28.912329,25.286715,27.626001,27.321516,32.86489,31.64963,28.105837,31.1734,29.445019,32.13218,31.6929,35.21614,34.03907,31.589264,29.020468,29.089659,24.669922,26.833923,23.60105,27.856665,24.975653,30.617933,29.721434,31.658318,32.52022,36.193333,36.96635,35.8477,31.398972,30.656204,25.784815,29.318893,23.033396,24.794436,22.778467,21.68467,25.378044,24.274055,26.910797,25.08576,21.254906,22.089949,22.477879,20.006865,21.286196,21.81388,24.985111,24.427032,29.244415,32.60065,32.961098,30.198088,33.742874,28.001749,31.873394,29.293695,32.60035
4,12.646558,9.834716,6.912692,4.153655,0.0,5.6676483,5.450939,9.700333,12.227979,16.04752,20.049145,21.21333,23.673195,26.064013,22.394133,17.595,16.945824,12.3723755,11.248216,8.8993,7.000181,10.719799,8.91632,6.21222,10.913776,12.134479,14.217078,11.830648,7.9097424,12.974781,8.296143,15.548323,12.538599,18.56943,17.731182,20.939919,22.042421,20.59705,20.833858,17.925621,19.433422,13.307422,15.410046,11.112424,15.665615,14.230729,18.26695,18.887144,19.060095,23.877977,21.956013,25.335272,28.791327,29.425024,26.403368,22.780842,24.590284,24.390137,30.01775,28.34698,24.774593,27.527555,25.794083,28.29371,28.133102,31.28617,30.130985,28.003666,25.243399,25.038534,20.75533,22.773962,19.66468,23.998293,21.339935,27.150188,26.553188,28.758062,29.662804,33.349583,34.015842,32.621326,28.006016,27.043955,22.156347,25.367039,18.978344,20.656122,18.64524,17.681543,21.551493,20.810291,23.400438,21.717539,18.245955,19.42077,19.616941,17.53117,18.326385,18.394869,21.670223,20.789976,25.600494,29.057152,29.230446,26.38867,30.117702,24.305658,28.274687,25.925274,29.239782
5,14.562969,11.250247,8.489658,5.018454,5.6676483,0.0,7.342099,7.1121044,10.362231,13.415555,17.521412,18.807444,21.226135,24.40704,21.181599,16.85392,16.033842,13.17847,11.042854,11.227605,8.195586,12.470734,11.872045,11.339545,16.071854,17.470814,19.779243,17.336273,13.290463,17.647402,11.727683,17.556103,12.580597,18.910755,16.851257,19.863184,20.761255,19.842686,21.15862,18.489113,21.273947,15.870106,19.053606,15.150064,20.52518,19.733736,23.556355,24.54391,24.5268,29.416574,27.043264,30.544054,33.738415,34.017483,30.72718,27.12095,28.690664,27.853706,33.140778,31.544693,28.085934,31.45847,30.23076,32.724148,33.178978,35.801334,34.762054,33.119373,29.959282,29.200686,25.427332,26.660137,23.183718,27.177904,23.844465,29.531666,28.081194,30.270172,30.555353,34.109787,34.440273,33.159702,29.200823,28.279959,23.63739,27.4834,21.823473,23.667301,22.468166,21.555326,25.654476,25.496195,27.285425,25.045263,22.239384,22.086212,21.733143,18.853472,19.443302,20.490736,22.580175,21.85819,26.7918,29.888868,30.271059,27.633425,30.629356,25.159044,28.91556,26.208357,29.747738
6,18.043028,15.188006,11.913613,9.068955,5.450939,7.342099,0.0,6.5514584,7.654515,11.911937,15.393513,16.581131,18.864622,20.86854,17.188175,12.250424,11.925845,7.048442,7.6150208,6.418968,6.592976,11.133346,11.6064625,8.680275,14.193619,13.522775,16.849037,14.426567,9.5703535,13.651267,8.949285,14.422232,10.90155,16.365282,14.5410185,18.17715,18.384886,16.380505,17.002491,13.729998,16.298897,9.636734,12.899081,8.42151,14.4594345,14.47537,17.623579,19.960033,19.635042,24.707573,21.63564,26.134645,28.904936,28.366474,25.887873,22.392778,23.043013,22.430367,27.804836,25.462797,21.986206,24.763855,23.549892,25.735174,26.665014,28.700851,27.799145,26.75086,23.41832,22.120255,18.519535,19.395805,16.100937,20.207363,17.311892,23.288921,22.499182,25.138279,25.632462,29.232075,29.483543,27.73257,23.314093,22.033106,17.266552,20.529057,14.572987,16.41764,15.266486,14.821091,19.257055,19.796566,21.596933,19.799019,17.728853,18.43948,17.785538,15.884258,15.408692,15.317211,17.644852,16.02066,21.01271,24.387579,24.253683,21.353401,24.768888,18.95148,22.915253,20.626383,24.11426
7,20.754665,17.534918,14.035625,11.476497,9.700333,7.1121044,6.5514584,0.0,4.716163,6.5074573,11.581424,11.925621,14.691335,17.901419,14.273715,10.601938,9.106024,7.9468956,5.6520123,8.75423,7.4867635,11.913541,13.966713,13.553324,19.182108,18.83108,22.709526,20.635538,15.955426,20.03312,14.600152,18.979458,13.692056,19.08501,15.518122,19.031324,18.421888,16.735994,18.954826,15.880171,20.15918,14.366104,18.487083,14.405631,20.735695,20.802448,23.358755,26.173244,26.13395,31.183123,28.044222,32.67345,35.32124,34.422863,31.977991,28.539965,28.826763,27.74467,32.707806,30.174335,26.904026,29.894653,29.109283,30.949314,32.461987,33.5977,32.541576,32.00272,28.056765,26.309488,23.907236,24.004229,20.832039,24.447338,21.166445,26.931377,25.339567,28.166887,27.798904,31.131117,30.693304,28.717945,25.271898,23.647514,19.490612,22.918869,18.217861,19.58419,19.496157,18.69499,22.997398,24.166515,24.678118,22.074757,20.945906,19.740896,18.359402,15.475672,14.725606,16.135347,16.747297,15.818063,20.703943,23.498117,23.95675,21.552816,24.218975,19.31612,23.177492,20.849863,24.816872
8,24.276522,21.09196,17.789265,14.538187,12.227979,10.362231,7.654515,4.716163,0.0,5.7441435,7.846803,9.745768,11.565452,14.155488,11.252404,6.7242184,7.1313753,6.3352365,7.8501687,10.931758,11.178047,15.61763,17.703388,16.080044,21.723469,20.712254,24.42571,21.869213,16.82281,19.724659,14.459971,16.945654,11.703578,16.010735,11.84609,15.43992,14.216444,12.260649,14.809469,11.819355,16.79774,11.90668,16.507063,13.448933,19.901447,21.216732,23.645874,26.936865,26.139524,31.249454,27.188208,32.25209,34.2706,32.63776,30.311546,27.070457,26.71452,25.156626,29.669626,27.027803,23.982506,27.346756,27.165075,29.046118,31.337738,32.003876,31.525503,31.769411,27.89436,25.30891,22.907698,22.01991,18.451334,21.485765,17.79298,23.222649,21.225271,24.100523,23.424406,26.651512,26.076313,24.164322,20.96069,19.521515,15.5631075,19.573645,15.699834,17.772476,18.439438,18.577623,23.178724,25.054703,25.532076,23.279879,22.873783,22.11538,20.378029,18.06522,16.274849,17.083513,16.781197,14.5283165,19.494944,22.14257,21.827662,19.233198,21.045616,15.862925,19.254305,16.524742,20.381151
9,27.128246,23.91721,20.342716,17.972841,16.04752,13.415555,11.911937,6.5074573,5.7441435,0.0,7.069543,5.538081,8.75982,12.479496,8.935765,7.567093,5.317142,8.8836975,7.7474318,12.572038,12.60786,15.992917,19.276293,19.15712,24.828411,23.669899,28.15411,26.242495,21.43546,24.940817,19.860643,22.671429,17.334036,21.388199,16.711939,20.022268,18.06055,16.136772,19.373806,16.531435,21.937574,16.997896,21.507402,18.032646,24.45614,25.263704,26.897457,30.773552,30.597998,35.6151,31.905767,37.142128,39.264072,37.4579,35.55893,32.36422,31.70518,30.26651,34.623634,31.54251,28.648027,31.45428,31.253702,32.547287,35.02679,34.83337,33.912033,34.43186,29.990088,27.327606,26.24981,25.156235,22.317741,25.146517,21.897644,27.174667,25.189802,28.3515,27.173565,30.06101,28.790623,26.320368,23.913326,21.780565,18.642431,21.681574,18.75135,19.679747,20.898314,20.391956,24.540804,26.830032,26.134277,23.30068,23.780613,21.573217,19.294685,16.587933,14.506264,16.394184,14.6564455,13.535053,17.873,19.8934,20.429346,18.546642,20.127867,16.426477,19.90071,17.936531,22.16113
10,31.879738,28.626877,25.376505,22.077055,20.049145,17.521412,15.393513,11.581424,7.846803,7.069543,0.0,5.545102,4.6107783,7.5966887,7.403834,6.3195877,8.181452,11.591371,13.6789,17.735676,18.392195,22.297447,25.103998,23.766909,29.416048,27.972902,31.904362,29.285,24.183561,26.241463,21.25621,21.552002,16.441032,18.542908,13.220864,15.8498955,12.860814,11.208605,15.273497,13.360603,19.384851,16.730026,21.395363,19.567402,25.70822,27.922165,29.721684,33.71701,32.534237,37.55671,32.761894,38.24057,39.53274,36.91063,34.952065,32.088955,30.786877,28.586704,32.028286,29.139679,26.742281,30.262281,30.999176,32.47639,35.897083,35.291813,35.27723,36.700275,32.574493,28.97698,27.665356,25.362585,21.975342,23.69758,19.846985,24.049887,21.150696,24.060268,22.173706,24.655396,23.070543,20.986021,19.580244,18.078295,15.819409,19.835878,18.641405,20.637032,22.708038,23.420265,27.814007,30.67882,30.215466,27.904846,28.829842,27.34495,24.925625,22.79747,20.025879,21.115856,18.584888,15.807219,19.792269,21.321058,20.572977,18.594982,18.100868,14.481123,16.449104,13.600615,17.344584
11,32.62138,29.420504,25.828815,23.365734,21.21333,18.807444,16.581131,11.925621,9.745768,5.538081,5.545102,0.0,3.9526205,7.8148093,5.147151,7.409262,6.190033,11.782949,12.189439,16.892687,17.693169,20.660349,24.329126,23.986853,29.625513,27.907658,32.597363,30.681957,25.808498,28.707739,24.020903,25.569971,20.585947,23.373003,18.288929,21.20586,18.266869,16.233051,19.931826,17.533363,23.36462,19.46694,23.968496,21.228678,27.420115,28.901583,29.934633,34.463642,34.027977,38.956295,34.74276,40.375828,41.98241,39.43051,37.980194,35.056694,33.645767,31.926414,35.644905,32.21649,29.74174,32.378204,32.72606,33.610596,36.87925,35.66167,35.020874,36.452663,31.832815,28.419151,28.252136,26.171041,23.632202,25.61575,22.513258,27.063776,24.82029,28.124413,26.309786,28.696535,26.736528,23.9069,22.56021,20.135523,18.173223,20.757301,19.631615,20.34249,22.55822,22.523829,26.44752,29.53403,28.139648,25.414366,27.012556,24.530552,21.774467,19.58644,16.60995,18.333664,14.890543,13.240289,16.61969,17.74546,17.985064,16.637482,16.74806,14.439252,17.107725,15.568189,19.722792
12,35.411175,32.172855,28.723019,25.829676,23.673195,21.226135,18.864622,14.691335,11.565452,8.75982,4.6107783,3.9526205,0.0,4.783795,5.4901347,8.1874075,8.937159,13.955763,15.552192,19.97317,20.939049,24.21873,27.650684,26.785414,32.43302,30.623287,35.04037,32.786785,27.783106,30.014614,25.373621,25.743994,20.933,22.719427,17.456709,19.88692,16.452808,14.66379,18.668755,16.857939,22.845123,20.156652,24.658607,22.721478,28.732574,30.866987,31.992466,36.551437,35.633057,40.55069,35.81863,41.547783,42.730595,39.762997,38.300377,35.56543,33.82798,31.729046,34.909985,31.59226,29.425964,32.387875,33.23312,34.185966,37.936863,36.480194,36.313194,38.21227,33.768494,29.900644,29.637205,26.951607,24.186493,25.542355,22.202728,26.063108,23.352835,26.484728,24.238155,26.292215,24.061691,21.411922,20.836256,18.74554,17.471214,20.435017,20.35096,21.567347,24.187424,24.74125,28.755194,32.093727,30.82816,28.36961,30.133501,28.005644,25.22239,23.273241,20.078554,21.416002,17.731129,15.308534,18.356844,19.124662,18.624601,17.31993,16.04175,14.094929,15.693677,13.798683,17.57352
13,38.31265,35.158684,31.687416,28.681376,26.064013,24.40704,20.86854,17.901419,14.155488,12.479496,7.5966887,7.8148093,4.783795,0.0,5.419735,8.789595,10.725318,15.101918,18.052776,21.873596,23.585855,26.763376,30.185474,28.68448,34.167713,31.813076,36.187973,33.9144,28.995615,30.537453,26.646677,26.048756,22.190098,22.84463,17.97637,20.16243,16.258884,14.0820055,17.646852,16.193235,21.865158,20.065336,24.177963,23.014101,28.470995,31.225456,31.885391,36.83713,35.590137,40.309788,35.17807,41.15231,41.821644,38.246967,37.278778,34.86818,32.4786,30.28751,32.894775,29.290209,27.534903,30.194157,31.477064,32.12723,36.452065,34.3191,34.552456,37.157692,32.849422,28.429632,28.618341,25.185656,22.720165,23.274963,20.28155,23.363647,20.750826,23.98633,21.463446,23.127224,20.470154,17.413858,17.488731,15.212853,15.040709,17.469635,18.890055,20.125814,23.336327,24.494026,28.320255,32.135807,30.755262,28.725292,31.052265,29.38215,26.510263,25.207148,21.528723,22.164083,18.141409,14.839396,17.192945,17.601383,16.162525,14.950228,12.333402,11.122303,11.618754,10.106485,13.573597
14,34.468636,31.402796,27.734512,25.23939,22.394133,21.181599,17.188175,14.273715,11.252404,8.935765,7.403834,5.147151,5.4901347,5.419735,0.0,5.6780634,5.8373814,10.905005,13.2513895,17.090933,19.020618,21.768555,25.47229,24.3442,29.782566,27.312878,32.09055,30.27021,25.517462,27.80774,24.065271,24.908134,21.006483,22.886185,18.256792,21.222649,17.912804,15.20208,18.311598,15.893676,21.406046,17.844254,21.951633,19.77302,25.437214,27.470625,27.851616,32.950516,32.291176,37.016186,32.494156,38.452965,39.633564,36.52317,35.685116,33.040504,30.969187,29.337368,32.7243,28.847883,26.64098,28.746597,29.344204,29.835793,33.598095,31.672428,31.27649,33.37978,28.791908,24.817005,25.252096,22.492323,20.39307,21.824223,19.224733,23.41619,21.591257,25.171621,23.349224,25.572874,23.38632,20.019413,18.682755,15.755629,14.4056835,16.174042,16.145454,16.62603,19.50243,20.025755,23.782288,27.458036,25.876892,23.605814,25.917797,24.000553,21.113815,19.804262,16.111677,16.876106,12.967731,10.014788,13.004893,14.071779,13.455035,11.958462,11.699731,9.5122795,12.17936,11.304755,15.548576
15,30.047075,27.01091,23.526485,20.601862,17.595,16.85392,12.250424,10.601938,6.7242184,7.567093,6.3195877,7.409262,8.1874075,8.789595,5.6780634,0.0,4.455865,6.4532056,10.485456,13.573085,15.50567,19.03729,21.95401,19.978031,25.432829,23.213411,27.462412,25.213886,20.313175,22.35948,18.4688,19.335789,15.516883,17.748623,13.449306,16.816395,14.148845,11.199948,13.872281,10.975172,16.437418,12.441138,16.805359,14.670028,20.588104,22.825056,23.984552,28.515453,27.500202,32.383038,27.722794,33.495365,34.803226,32.062023,30.717398,27.905867,26.27371,24.604258,28.424965,24.934927,22.370079,25.07828,25.491377,26.64519,30.012373,29.183172,28.999529,30.504122,26.32924,22.661192,21.643797,19.345392,16.382053,18.416136,15.183702,20.064487,18.209951,21.65641,20.420864,23.236393,21.887993,19.129236,16.487223,14.216131,11.260786,14.494682,12.651523,14.337102,16.469553,17.327435,21.69835,24.794916,24.364176,22.3825,23.578117,22.70424,20.339127,18.923727,15.769873,15.97052,13.972624,10.371493,14.814511,17.02778,15.988738,13.457852,14.426026,9.550896,12.822536,10.612353,14.845688
16,28.79904,25.784058,22.045654,19.846558,16.945824,16.033842,11.925845,9.106024,7.1313753,5.317142,8.181452,6.190033,8.937159,10.725318,5.8373814,4.455865,0.0,6.0269823,7.43843,11.411128,13.185872,16.054935,19.650684,18.73532,24.237759,22.074982,26.927607,25.280495,20.602964,23.68319,19.724129,22.102703,17.968592,21.238892,17.019918,20.543867,18.181591,15.428897,18.040295,14.913827,20.03509,14.846871,19.020706,15.736845,21.79531,23.004679,23.78394,28.465178,28.241291,33.08626,29.18064,34.843086,36.65005,34.33404,33.142845,30.169523,28.848564,27.644983,31.866615,28.216434,25.466957,27.568502,27.425367,28.253033,31.110285,30.204754,29.317488,30.402838,25.820463,22.684258,22.338324,20.747343,18.455118,21.044779,18.403013,23.660799,22.280468,25.814037,24.75139,27.576519,26.146381,23.115393,20.450136,17.728748,14.809983,16.904093,14.408967,14.834088,16.603796,16.408344,20.46899,23.42934,22.384333,19.86461,21.225384,19.435785,16.87832,15.116919,11.992788,12.968182,10.705691,8.48829,13.002245,15.2790785,15.416705,13.31882,15.433131,11.561976,15.521115,14.256732,18.620464
17,24.679457,21.862894,18.282017,15.931074,12.3723755,13.17847,7.048442,7.9468956,6.3352365,8.8836975,11.591371,11.782949,13.955763,15.101918,10.905005,6.4532056,6.0269823,0.0,6.105731,7.4269466,10.0192795,13.423868,15.977129,13.719437,19.093447,16.814137,21.277761,19.423803,14.755747,17.76435,14.315774,17.375223,14.179667,17.88847,14.8952465,18.69991,17.327728,14.417838,15.701647,12.143386,16.080126,9.69435,13.578775,9.784676,15.953957,17.124474,18.435944,22.716053,22.310139,27.22705,23.410593,28.924644,30.93882,29.064322,27.667274,24.564146,23.673138,22.825256,27.589146,24.18236,21.077387,23.209606,22.600918,23.89992,26.150185,26.309761,25.491316,25.898794,21.775309,19.124254,17.396152,16.615362,13.892395,17.31247,14.717607,20.614315,19.852373,23.216656,23.030422,26.30343,25.715294,23.102278,19.176542,16.941704,12.7936535,15.255571,10.584223,11.780555,12.354142,12.386718,16.974098,19.270472,19.539082,17.581646,17.73965,17.539656,15.760933,14.430293,12.082593,11.762574,12.214813,9.51883,14.619324,17.808573,17.4229,14.572735,17.822748,12.341986,16.613283,14.964414,18.902828
18,22.015774,19.146309,15.258902,14.022186,11.248216,11.042854,7.6150208,5.6520123,7.8501687,7.7474318,13.6789,12.189439,15.552192,18.052776,13.2513895,10.485456,7.43843,6.105731,0.0,5.0740647,5.922698,8.7808,12.321599,12.358911,17.82995,16.391098,21.367641,20.256887,16.049633,20.548391,16.532751,21.382328,17.313948,22.243647,19.01841,22.77939,21.701977,19.276089,21.06715,17.598616,21.536968,14.803153,18.374556,13.60524,19.571655,19.076801,20.380432,24.150679,24.829397,29.647585,26.992739,31.95983,34.697807,33.620968,32.039032,28.722013,28.545012,28.045311,33.13363,29.907103,26.659424,28.512463,27.348284,28.488237,29.904028,30.354366,28.738121,28.285744,23.883814,22.29439,21.047411,21.344301,19.206957,22.988255,20.678108,26.65825,25.898151,29.169754,28.946854,32.218082,31.522064,28.856436,25.19844,22.800716,18.855146,20.822569,16.023777,16.06846,15.937999,14.394377,18.306557,19.806044,19.545532,16.707382,16.281261,14.564012,12.872888,10.264866,9.137301,10.546035,11.58284,11.484258,16.113234,19.107819,20.083677,17.876503,21.622932,17.211021,21.680285,20.36384,24.526358
19,19.176437,16.709013,12.93124,12.34948,8.8993,11.227605,6.418968,8.75423,10.931758,12.572038,17.735676,16.892687,19.97317,21.873596,17.090933,13.573085,11.411128,7.4269466,5.0740647,0.0,4.1852508,6.3259444,8.849304,7.8633366,13.101673,11.324189,16.458673,15.772117,12.115486,17.038471,14.163139,19.993896,17.196754,22.226944,20.168941,23.946877,23.49073,20.965017,21.736275,18.186945,20.805273,13.493319,15.998847,10.680115,15.859263,14.462282,15.810968,19.256956,20.347929,25.021347,23.02311,27.69497,30.781424,30.251457,28.788269,25.451147,25.687414,25.801147,31.246578,28.144472,24.741337,26.077412,24.299753,25.520977,26.11013,27.329355,25.46041,24.219704,20.159367,19.427938,17.501986,18.920576,17.143267,21.43118,19.73582,25.866041,25.85221,28.97612,29.415169,32.86532,32.662624,30.127295,25.764368,23.538082,19.199951,20.699003,14.784248,14.63658,13.221276,11.206421,14.994557,15.590324,16.358074,13.995254,12.269082,12.099477,11.402655,9.644622,9.605421,9.57005,12.974036,12.86871,17.290924,20.749338,21.517488,19.044722,23.614536,18.703987,23.310413,22.154926,25.979185
20,16.23876,13.531152,9.608011,9.383851,7.000181,8.195586,6.592976,7.4867635,11.178047,12.60786,18.392195,17.693169,20.939049,23.585855,19.020618,15.50567,13.185872,10.0192795,5.922698,4.1852508,0.0,4.9017115,6.7377434,7.5199018,12.8005295,12.602856,17.04015,16.210571,12.677047,18.100605,14.246441,20.749155,17.153755,22.889347,20.714094,24.348663,24.278065,22.227718,23.322935,19.935225,22.717808,15.689537,18.4096,13.192958,18.399433,16.557198,18.72104,21.092974,22.306011,26.9875,25.351131,29.464687,32.870716,32.871937,30.830376,27.334814,28.190773,28.153599,33.694935,31.041422,27.55158,29.402481,27.606947,29.163633,29.417763,31.181942,29.30622,27.610287,23.802105,23.45627,21.086138,22.76083,20.589579,24.91892,22.76743,28.889565,28.458582,31.352398,31.732857,35.24986,35.149433,32.905735,28.676582,26.731424,22.269735,24.409534,18.496622,18.744682,17.26456,15.22657,18.773699,18.720055,19.69606,17.128765,14.634376,13.917979,13.588931,10.908613,11.9309845,12.881004,15.954876,16.328007,20.772161,24.03275,25.06222,22.702404,26.925758,22.039745,26.523502,24.965176,28.856556
21,16.649443,14.597176,10.921581,12.581713,10.719799,12.470734,11.133346,11.913541,15.61763,15.992917,22.297447,20.660349,24.21873,26.763376,21.768555,19.03729,16.054935,13.423868,8.7808,6.3259444,4.9017115,0.0,4.954102,8.454607,12.205482,11.868411,16.88883,17.393858,15.056572,20.763266,18.016317,24.881136,21.840841,27.474705,25.470352,29.145586,28.964603,26.7253,27.693197,24.210297,26.701607,19.421766,21.520214,16.106354,20.352945,17.42394,18.568413,20.973228,23.23913,27.429884,26.85303,30.68614,34.42366,34.7546,33.21637,29.825068,30.714466,31.20501,36.841694,33.941742,30.481928,31.48923,29.232365,30.285254,29.953485,31.54935,28.995378,26.791882,22.851702,23.367191,21.874329,24.187218,22.939182,27.349638,25.924107,32.048267,32.12622,35.164635,35.668156,39.144688,38.939983,36.374054,32.08228,29.76334,25.507385,26.687222,20.79742,19.98834,18.122679,15.141054,17.616714,16.949038,17.41288,14.569621,11.63744,10.116799,10.508293,7.860942,10.506522,11.629868,15.637666,17.313438,20.963886,24.139488,25.814957,23.828604,28.712091,24.437729,29.149357,28.200998,32.145
22,12.048148,10.410509,7.2188888,10.017505,8.91632,11.872045,11.6064625,13.966713,17.703388,19.276293,25.103998,24.329126,27.650684,30.185474,25.47229,21.95401,19.650684,15.977129,12.321599,8.849304,6.7377434,4.954102,0.0,5.7479734,8.21314,9.64933,13.394708,14.0269575,12.619762,18.50428,16.184322,23.695,21.266462,27.08698,25.933119,29.396593,29.92252,27.977793,28.410763,25.115173,26.724054,19.707666,21.129316,15.954928,19.307413,15.635918,17.761908,18.588915,20.999208,24.994919,25.1015,28.10279,32.239952,33.396557,31.406565,27.96442,29.657408,30.391552,36.20314,33.879845,30.328413,31.520283,28.962599,30.483929,29.367899,32.10918,29.686659,26.656002,23.511925,24.725712,22.048878,25.13206,23.633177,28.2316,26.77902,32.81609,33.026054,35.689156,36.621357,40.240173,40.524334,38.382893,33.72355,31.880129,27.28873,28.86351,22.404316,22.169033,19.59294,16.887877,19.245735,17.442719,19.315228,17.188557,12.773559,13.135401,14.411617,12.434694,15.151051,15.57749,20.101751,21.211027,25.06467,28.435131,29.738115,27.46934,32.35342,27.50269,32.088753,30.77909,34.460384
23,12.8721075,11.172976,8.38893,8.979827,6.21222,11.339545,8.680275,13.553324,16.080044,19.15712,23.766909,23.986853,26.785414,28.68448,24.3442,19.978031,18.73532,13.719437,12.358911,7.8633366,7.5199018,8.454607,5.7479734,0.0,5.6996846,6.19483,9.568003,9.045785,6.9929786,12.840457,11.242043,18.64724,17.30292,22.634106,22.269423,25.648165,26.453573,24.442518,24.149734,20.98255,21.72622,14.919575,15.723632,10.8238325,13.763333,10.443363,13.593128,14.266067,15.819492,20.220858,19.62748,22.881413,26.804682,27.823692,25.693146,22.235176,23.973444,24.743687,30.582258,28.45408,24.889668,26.266827,23.75432,25.69263,24.645414,27.916773,26.071758,23.192078,20.519352,21.38584,17.515451,20.678423,18.793419,23.415958,21.977583,27.855433,28.28743,30.734524,32.015156,35.67937,36.329136,34.476383,29.490486,28.050945,23.28205,25.110916,18.323202,18.847965,15.927651,14.097657,17.080887,15.397432,18.444525,17.139584,12.776722,15.055158,16.055584,14.882561,16.343681,15.644666,20.248487,20.037819,24.230434,27.862507,28.327188,25.626928,30.329771,24.831434,29.154865,27.608772,30.890104
24,11.763707,11.597589,10.448529,12.419751,10.913776,16.071854,14.193619,19.182108,21.723469,24.828411,29.416048,29.625513,32.43302,34.167713,29.782566,25.432829,24.237759,19.093447,17.82995,13.101673,12.8005295,12.205482,8.21314,5.6996846,0.0,4.8861704,5.34546,7.179614,8.78745,13.650281,14.221433,21.507336,21.414251,26.363148,26.868837,30.006369,31.215425,29.292574,28.437132,25.479195,25.168196,18.918749,18.453197,14.358309,14.893186,10.021412,13.015005,11.415416,14.152647,17.559534,18.873571,20.764776,25.312153,27.474474,25.498133,22.283533,24.759388,26.275637,32.11784,30.3847,26.930586,27.62457,24.504055,26.401857,24.02783,28.301603,26.169088,22.104097,20.45961,22.668278,18.49127,22.75068,21.547827,26.094646,25.357584,30.856228,31.871218,34.02785,35.78532,39.44506,40.441406,38.72963,33.473038,32.195602,27.485548,28.810337,21.930527,22.139986,18.533287,16.54515,18.31792,15.137145,19.197737,18.65796,13.199657,16.762262,18.694412,18.21597,20.31309,19.199692,24.462345,24.557917,28.279192,31.944214,32.45231,29.815708,34.86805,29.435474,33.697678,32.35714,35.357174
25,16.416325,15.759487,13.770962,14.905901,12.134479,17.470814,13.522775,18.83108,20.712254,23.669899,27.972902,27.907658,30.623287,31.813076,27.312878,23.213411,22.074982,16.814137,16.391098,11.324189,12.602856,11.868411,9.64933,6.19483,4.8861704,0.0,6.048764,8.064297,8.765598,13.14576,14.535223,21.081184,21.393862,25.779667,26.10854,29.436708,30.13789,27.778103,26.781193,23.668476,23.355232,16.824697,16.083218,11.854862,12.037975,7.0555973,8.646621,9.1671915,12.151474,15.77794,16.561972,19.552952,23.67871,25.01338,23.881329,20.821815,22.391546,24.110239,29.870056,27.501925,24.135845,24.111656,20.895521,22.302881,20.222185,23.834776,21.522545,17.78852,15.705295,17.829538,14.119259,18.465643,17.913319,22.418913,22.282158,27.760155,29.211706,31.655985,33.38607,36.939747,37.734486,35.6786,30.396128,28.800797,24.334686,24.893015,18.153854,17.8195,14.032228,11.924574,13.508973,10.506458,14.766527,14.615761,9.560242,14.042366,15.783225,16.110214,17.571129,15.713648,21.134174,21.018145,24.390837,28.080496,28.42475,25.824348,31.105658,25.896334,30.16908,29.28583,32.203644
26,15.291774,15.556226,15.008078,16.062529,14.217078,19.779243,16.849037,22.709526,24.42571,28.15411,31.904362,32.597363,35.04037,36.187973,32.09055,27.462412,26.927607,21.277761,21.367641,16.458673,17.04015,16.88883,13.394708,9.568003,5.34546,6.048764,0.0,4.637272,8.7885475,11.4738035,14.512866,20.701805,22.244678,26.21815,27.68279,30.550982,32.00231,30.05626,28.410627,25.764294,24.226997,18.864685,17.071241,14.245317,12.414124,7.2212253,10.537024,6.729871,9.527394,12.384652,14.555717,15.705364,20.42764,23.142769,21.391808,18.486773,21.290073,23.385513,29.059998,27.666222,24.41583,24.61947,21.200321,23.284828,20.135607,25.362951,23.60463,19.109087,18.66792,21.270529,16.234297,21.019114,20.147484,24.381489,24.253723,29.149105,30.745552,32.558716,34.8048,38.382935,39.775665,38.314186,32.812187,31.89286,27.32678,28.34708,21.59256,22.065939,18.09431,16.879332,18.206736,14.651996,19.749092,20.221422,15.029413,19.832394,21.777576,22.01266,23.560698,21.692238,27.00384,26.447424,29.950668,33.675938,33.637608,30.849922,35.836624,30.233088,34.146927,32.884167,35.358646
27,14.820426,14.506498,13.987592,13.73214,11.830648,17.336273,14.426567,20.635538,21.869213,26.242495,29.285,30.681957,32.786785,33.9144,30.27021,25.213886,25.280495,19.423803,20.256887,15.772117,16.210571,17.393858,14.0269575,9.045785,7.179614,8.064297,4.637272,0.0,5.149178,7.240654,10.256727,16.271685,18.079826,21.893438,23.708303,26.36475,28.118298,26.43557,24.624517,22.219345,20.4287,15.601591,13.856329,11.596753,10.189157,6.5949926,11.741055,8.647503,8.828233,12.825884,13.017794,14.636954,18.988249,21.370457,18.71398,15.465099,18.590914,20.144152,25.889648,24.892096,21.539589,22.789307,19.876793,22.6565,20.302887,25.631714,24.623024,20.945995,20.362253,21.884398,15.981588,20.042906,18.146059,22.31744,21.486736,26.316595,27.479395,29.041521,31.299679,34.928352,36.518066,35.434853,29.962635,29.48372,24.760538,26.63593,19.877369,21.330246,17.724533,17.307266,19.655245,17.057436,21.962568,22.187723,17.54593,21.890007,23.28233,23.064621,24.080597,22.354673,27.107382,25.851843,29.837088,33.58565,33.142754,30.117615,34.552013,28.539375,32.180893,30.419184,32.734802
28,15.3153,13.872533,12.344568,10.733741,7.9097424,13.290463,9.5703535,15.955426,16.82281,21.43546,24.183561,25.808498,27.783106,28.995615,25.517462,20.313175,20.602964,14.755747,16.049633,12.115486,12.677047,15.056572,12.619762,6.9929786,8.78745,8.765598,8.7885475,5.149178,0.0,5.8950644,5.974936,12.774619,13.502257,17.792412,18.943977,21.85045,23.33918,21.591518,20.178457,17.563353,16.642544,11.135074,10.593612,7.488567,8.883849,7.3134437,12.4755125,11.987436,11.286658,16.159761,14.235641,17.450924,20.987158,22.042505,19.194427,15.635049,17.900517,18.556206,24.402086,22.999886,19.451128,21.567421,19.313723,22.177416,21.216875,25.500725,24.752983,22.177929,20.585747,20.879662,15.183492,18.136503,15.359823,19.693375,18.02058,23.330448,23.870958,25.712416,27.546118,31.243782,32.556454,31.39129,26.097403,25.55062,20.667568,23.197927,16.425236,18.41138,15.43034,15.330778,18.732887,17.34944,21.43669,21.075014,17.237555,20.671618,21.37532,20.692266,21.122375,19.686195,23.766798,22.099646,26.491781,30.193375,29.63287,26.516897,30.558142,24.386915,28.030333,25.977678,28.51843
29,19.657682,18.541729,17.653978,15.401705,12.974781,17.647402,13.651267,20.03312,19.724659,24.940817,26.241463,28.707739,30.014614,30.537453,27.80774,22.35948,23.68319,17.76435,20.548391,17.038471,18.100605,20.763266,18.50428,12.840457,13.650281,13.14576,11.4738035,7.240654,5.8950644,0.0,6.6190996,9.680907,13.274646,15.588554,18.323053,20.550116,22.51526,21.022058,18.480646,16.656416,13.76454,10.708052,8.1948185,8.601978,6.9272313,8.252502,13.480376,12.188886,9.072613,13.739637,10.259273,13.319583,16.139507,17.139317,13.599891,9.990293,12.886055,13.560379,19.294598,18.708656,15.350882,17.996737,16.081987,19.714334,18.84192,23.879786,24.157314,22.002806,21.468739,21.331564,14.625533,17.119164,13.938986,17.497501,15.956893,20.225487,21.071754,22.210752,24.650017,28.24545,30.182444,29.64413,24.20606,24.48867,19.866943,22.638193,16.49167,19.38804,16.613194,17.79287,21.048456,19.96048,24.481165,24.808369,21.472212,25.497316,26.060375,25.778723,25.639025,23.730513,27.407026,24.878147,29.103605,32.732372,31.42258,28.132547,31.580223,25.200191,28.095184,25.830536,27.540627
30,17.348013,15.305765,13.958187,10.430674,8.296143,11.727683,8.949285,14.600152,14.459971,19.860643,21.25621,24.020903,25.373621,26.646677,24.065271,18.4688,19.724129,14.315774,16.532751,14.163139,14.246441,18.016317,16.184322,11.242043,14.221433,14.535223,14.512866,10.256727,5.974936,6.6190996,0.0,7.7619486,7.8394823,12.331726,13.773059,16.33704,18.35437,17.205254,15.819326,13.708271,12.967647,8.962902,9.681569,8.309511,11.257213,12.299974,17.32678,17.23422,15.197356,20.08858,16.56597,19.918,22.545654,22.893787,19.127186,15.534748,17.642363,17.012888,22.490467,21.681711,18.218206,21.942762,20.733704,24.117914,24.268934,28.19158,28.233559,26.595268,24.899754,24.076035,18.26327,19.755138,15.737163,19.469433,16.490046,21.464743,20.93631,22.378275,23.956158,27.674862,29.157652,28.599054,23.639656,23.78502,18.886364,22.827417,16.749693,19.939945,17.977934,18.73495,22.822926,22.3745,25.939,25.279087,22.189646,24.82879,24.910774,23.684015,23.483788,22.488176,25.442507,23.021814,27.82042,31.32863,30.327038,27.073887,30.063005,23.608482,26.677277,23.825796,26.137758
31,24.588146,22.598188,21.459597,17.456203,15.548323,17.556103,14.422232,18.979458,16.945654,22.671429,21.552002,25.569971,25.743994,26.048756,24.908134,19.335789,22.102703,17.375223,21.382328,19.993896,20.749155,24.881136,23.695,18.64724,21.507336,21.081184,20.701805,16.271685,12.774619,9.680907,7.7619486,0.0,6.6111,6.1145334,10.188375,11.41516,14.093927,13.601825,10.763195,10.343588,7.3922634,8.891519,8.996564,11.581712,13.24844,16.84644,21.285236,21.570354,17.960821,22.362206,17.00451,20.526426,21.450167,20.498116,16.233276,13.261241,14.468559,12.28029,16.731333,16.892473,13.979558,19.292107,19.476103,23.351381,24.706482,28.259184,29.556904,29.113184,27.918215,25.980001,19.996992,19.860802,15.104662,17.237333,13.507275,16.815271,15.552639,15.986005,17.825962,21.402937,23.54023,24.005257,19.350407,20.802456,16.539461,21.403294,16.989271,21.344574,20.363024,22.472012,26.670385,27.096344,30.521477,30.260328,28.11097,30.86827,30.485094,29.527184,28.41791,27.125904,29.048113,25.50374,30.091137,33.289658,31.331718,27.975082,29.628366,23.143942,24.917807,21.509245,22.679512
32,22.779928,20.152775,18.523752,13.998617,12.538599,12.580597,10.90155,13.692056,11.703578,17.334036,16.441032,20.585947,20.933,22.190098,21.006483,15.516883,17.968592,14.179667,17.313948,17.196754,17.153755,21.840841,21.266462,17.30292,21.414251,21.393862,22.244678,18.079826,13.502257,13.274646,7.8394823,6.6111,0.0,6.371884,6.4566936,8.827072,11.119631,10.881323,10.397914,9.153932,10.399695,9.28911,12.1883135,12.249216,16.555683,19.133657,23.454348,24.486261,21.928553,26.801785,22.013006,25.902393,27.433886,26.470276,22.579735,19.411304,20.304585,18.127928,22.477676,21.823057,18.818071,23.869516,23.988543,27.340544,29.008085,31.753464,32.43001,32.05554,29.857931,27.72269,22.658144,22.305975,17.50422,20.128162,15.76474,20.038473,17.807055,19.014774,19.620626,23.176025,24.408564,24.399706,20.382742,21.143103,16.723278,22.11329,17.674896,21.663912,21.191137,22.593546,27.208458,27.961605,30.566298,29.478518,27.539913,29.077856,28.329758,26.627888,25.534208,25.108473,26.392984,23.243029,28.18842,31.225798,29.796099,26.612146,28.064043,21.770533,23.957626,20.238474,22.343027
33,28.564465,26.154509,24.703432,20.248772,18.56943,18.910755,16.365282,19.08501,16.010735,21.388199,18.542908,23.373003,22.719427,22.84463,22.886185,17.748623,21.238892,17.88847,22.243647,22.226944,22.889347,27.474705,27.08698,22.634106,26.363148,25.779667,26.21815,21.893438,17.792412,15.588554,12.331726,6.1145334,6.371884,0.0,5.522489,5.4784875,8.553112,9.101801,6.761198,7.8979373,7.171713,10.91017,12.742624,15.171355,18.10187,22.04686,25.988289,27.155775,23.648624,28.09998,22.308027,26.22145,26.563969,24.661926,20.776134,18.295858,18.339745,15.195372,18.249132,18.291512,15.992522,21.875101,23.002577,26.547203,28.986427,31.430044,33.013374,33.4457,31.734394,28.941332,23.809679,22.430115,17.440454,18.660803,14.066052,16.550285,13.645292,13.856151,14.568125,17.935892,19.788012,20.763208,17.126183,19.083155,15.506794,21.281385,18.365564,22.98058,23.075195,25.40519,29.902365,31.12639,33.78529,33.155376,31.772734,33.70391,32.76966,31.495134,29.828285,28.963062,29.71575,25.788792,30.342327,33.121628,30.907665,27.701466,28.130621,22.006842,22.980791,18.97793,19.8632
34,28.829464,26.0071,23.971918,19.48643,17.731182,16.851257,14.5410185,15.518122,11.84609,16.711939,13.220864,18.288929,17.456709,17.97637,18.256792,13.449306,17.019918,14.8952465,19.01841,20.168941,20.714094,25.470352,25.933119,22.269423,26.868837,26.10854,27.68279,23.708303,18.943977,18.323053,13.773059,10.188375,6.4566936,5.522489,0.0,3.8287256,4.6737847,5.0366983,5.955574,6.075001,9.57862,10.973201,14.500836,15.455287,19.979317,23.503773,26.989515,29.089619,26.263569,31.068794,25.46104,29.997662,30.682758,28.48604,25.171692,22.49418,22.032017,19.063618,22.23421,21.206718,18.81912,24.19855,25.30769,28.29458,31.184692,32.69249,33.849598,34.617184,32.09166,28.928162,24.771467,22.96282,18.104155,19.538528,14.658452,17.931015,14.483822,15.747732,15.221092,18.460068,19.18617,19.412567,16.415113,17.576544,14.09765,20.109682,17.603848,21.847048,22.591038,24.560944,29.272692,31.022774,32.84963,31.683052,30.868362,31.84441,30.479645,28.856392,26.892092,26.563986,26.488174,22.678045,27.292204,29.809269,27.86595,24.860153,24.904926,19.100836,20.240871,16.042606,17.735044
35,31.348045,28.620972,26.919931,22.315308,20.939919,19.863184,18.17715,19.031324,15.43992,20.022268,15.8498955,21.20586,19.88692,20.16243,21.222649,16.816395,20.543867,18.69991,22.77939,23.946877,24.348663,29.145586,29.396593,25.648165,30.006369,29.436708,30.550982,26.36475,21.85045,20.550116,16.33704,11.41516,8.827072,5.4784875,3.8287256,0.0,4.262784,6.7378087,7.0004425,8.785074,10.921859,14.134647,17.043755,18.728283,22.641191,26.437502,30.086771,31.8389,28.640709,33.246532,27.42391,31.606009,31.893507,29.61111,26.018812,23.645357,23.222183,19.867676,22.237091,21.934578,19.982645,25.773226,27.262665,30.435484,33.441563,35.07907,36.60361,37.50062,35.261982,32.008728,27.656487,25.661686,20.753613,21.624928,16.750603,18.913256,15.004123,15.374807,14.689505,17.561811,18.653969,19.770466,17.410664,19.309832,16.45434,22.551115,20.671232,25.094732,25.911339,28.102358,32.76551,34.487026,36.465424,35.41271,34.554787,35.65436,34.305794,32.673546,30.694592,30.355742,30.149261,26.21454,30.688416,33.055935,30.885729,27.937649,27.41956,21.88249,22.355978,18.010365,18.964102
