,0,1,2,3,4,5,6,7,8,9,10,11,12,13,14,15,16,17,18,19,20,21,22,23,24,25,26,27,28,29,30,31,32,33,34,35,36,37,38,39,40,41,42,43,44,45,46,47,48,49,50,51,52,53,54,55,56,57,58,59,60,61,62,63,64,65,66,67,68,69,70,71,72,73,74,75,76,77,78,79,80,81,82,83,84,85,86,87,88,89,90,91,92,93,94,95,96,97,98,99,100,101,102,103,104,105,106,107,108,109,110
0,0.0,4.279431,7.335121,10.066253,12.737275,15.569691,18.410343,23.064613,25.971867,28.599339,33.066185,35.33078,36.16108,34.38255,29.604574,31.4158,29.159811,31.647717,29.17156,31.479362,31.511003,31.885475,33.030556,35.349808,36.40759,35.497166,34.81872,32.274986,33.89074,29.86217,34.115566,28.472464,32.605953,28.333467,30.129766,30.249235,27.366781,28.683186,25.823141,25.553898,30.933064,30.552635,34.15957,35.555897,33.681377,37.384476,35.922543,39.419865,39.880814,41.202744,41.905884,40.543056,45.463352,44.47832,47.18723,44.29028,41.911057,42.1649,46.55026,44.082817,39.849213,39.279305,42.48131,42.942635,44.51284,38.518017,38.479515,42.367256,37.32006,36.593445,37.253338,40.500034,37.582184,36.536224,40.797436,39.501488,44.072544,45.102146,43.757725,47.247707,42.621677,44.93606,41.3234,36.72237,34.631744,31.062143,33.270687,27.06466,29.23331,26.111837,26.22716,23.731098,23.270788,19.507055,21.573107,22.244848,17.555302,15.98816,20.150875,18.18012,23.468544,24.560095,27.353271,30.510178,30.506697,27.468739,31.147884,26.260527,26.739107,25.797636,25.367386
1,4.279431,0.0,4.432792,6.6616273,8.666277,12.229538,14.4402685,19.16579,22.02243,24.48301,29.017422,31.375303,32.30124,30.378637,25.556982,27.33526,25.22495,27.814735,25.813257,28.059357,28.533798,28.912691,30.436432,32.50713,33.26937,32.432266,31.350866,28.7899,30.114536,26.250076,30.26793,24.722046,28.942284,24.651545,26.804363,27.033735,24.483662,25.783218,22.531752,22.035902,27.60439,27.129843,30.576897,31.91152,30.328928,33.752365,32.684875,35.99323,36.78159,37.839912,38.372578,36.798992,41.663223,40.504574,43.278664,40.49985,37.913746,38.116817,42.42603,39.931866,35.720196,35.112553,38.240227,38.753696,40.277527,34.249237,34.328297,38.271107,33.33723,32.671288,33.605473,36.899437,34.151062,32.89708,37.341457,35.711468,40.366886,41.18673,39.736286,43.120136,38.455425,40.684864,37.046898,32.448338,30.405176,26.863169,29.201767,23.09541,25.579554,22.713127,23.283138,20.847658,20.340456,16.725634,18.485836,18.632801,14.008114,12.373632,16.159025,14.032927,19.19054,20.390814,23.144426,26.314001,26.435421,23.407566,27.369703,22.419067,23.313187,22.480797,22.59186
2,7.335121,4.432792,0.0,5.0022273,6.9928336,8.661835,12.624646,16.02431,19.415522,21.874138,26.277256,28.790789,30.12716,28.895706,24.418148,26.711771,25.222101,28.342644,27.22817,29.477459,30.566761,31.000202,32.936512,34.64298,35.02849,34.199856,32.4947,29.776386,30.388948,26.729612,29.542027,24.265121,27.599474,22.819862,25.118694,24.584805,22.407108,24.308514,21.10793,21.051714,26.843943,27.033033,30.001165,31.754974,30.976727,34.086475,33.814148,37.065876,38.358322,39.138874,39.433914,37.41471,42.098484,40.555912,43.339413,40.771343,37.730526,37.546413,41.750378,38.802567,34.584087,34.387936,37.217335,37.992558,39.040455,32.865097,33.66838,37.36345,32.66134,32.439766,33.689915,37.239574,34.902756,33.550373,38.385563,36.208927,41.07871,41.408974,39.70037,42.67655,37.864025,39.555748,35.58388,31.07374,29.562815,26.22429,29.120804,23.450861,26.635294,24.304531,25.50859,23.187662,22.489672,19.267591,20.659885,19.879808,15.496617,14.025053,16.681862,13.584056,17.748402,19.40487,21.312902,24.26158,24.734419,22.033113,26.565306,22.276955,23.507835,23.415928,23.928635
3,10.066253,6.6616273,5.0022273,0.0,3.9088895,6.4709134,8.715635,13.839542,16.139847,19.327106,23.502182,25.426363,26.191069,24.871431,20.456593,23.018911,21.501686,25.13866,23.924913,26.678831,27.780436,28.72856,30.6167,31.788559,32.140224,30.946156,29.083597,26.053247,26.511568,22.626913,25.211718,19.819452,23.04898,18.449245,20.47152,20.40321,17.945,19.52296,16.324526,16.287287,21.980547,22.324032,25.34434,27.296347,26.612476,29.938675,29.779438,33.42,34.799004,35.83479,36.31348,34.124043,38.744694,37.412197,39.78912,37.029274,34.188988,33.814075,38.304916,35.199657,30.88887,31.133398,34.53026,35.681236,36.96583,30.559315,31.689857,35.968887,31.684402,31.284597,33.18584,36.505188,34.24734,32.288036,36.969643,34.32462,38.916454,39.08386,37.02769,40.037537,34.98105,36.844414,33.07251,28.432991,26.88088,23.856247,26.405554,21.061281,24.392721,21.999685,23.608536,20.891865,19.525806,16.940983,18.851063,16.982876,12.588416,12.391693,14.499598,12.580477,15.301861,18.15898,19.899052,22.805067,24.027887,21.396053,26.54228,21.76454,23.909483,23.388844,24.722408
4,12.737275,8.666277,6.9928336,3.9088895,0.0,5.8719063,5.8986506,11.037587,13.395701,16.055546,20.47641,22.721052,23.74322,22.03582,17.44733,19.781122,18.449036,21.985943,21.456661,23.891808,25.50491,26.272396,28.557333,29.586512,29.59752,28.644558,26.390835,23.516975,23.669008,20.155626,22.59184,17.410727,20.975214,16.431425,19.167854,19.335281,17.575329,19.020187,15.188076,14.599686,20.499502,20.479197,23.25715,24.929626,24.537317,27.362106,27.61867,30.80437,32.506214,33.125156,33.342987,31.007727,35.566193,33.998413,36.588856,34.03446,30.924473,30.612732,34.912594,31.917269,27.667515,27.629274,30.799667,31.866243,33.10949,26.746693,27.833067,32.06432,27.826723,27.489029,29.541348,32.88781,30.806763,28.767124,33.59981,30.750137,35.4521,35.464153,33.41946,36.33603,31.335485,33.12899,29.325695,24.699959,23.139587,20.057795,22.812002,17.58264,21.220695,19.265722,21.287838,18.903982,17.750233,15.431288,16.628695,14.338366,10.487145,10.103779,11.212884,8.9899,11.464368,14.291116,16.057251,19.022417,20.227995,17.592558,22.876387,18.15407,20.634514,20.292448,22.075209
5,15.569691,12.229538,8.661835,6.4709134,5.8719063,0.0,6.994238,8.52121,11.625533,14.754992,18.582415,20.758957,22.2756,22.104004,18.47836,21.748903,21.40214,25.623463,25.940887,28.463285,30.482252,31.404016,33.868256,34.50342,34.24103,33.172672,30.399063,27.326523,26.602276,23.359228,23.792377,19.238617,20.81212,15.531165,17.994915,16.595245,15.257774,17.824135,14.659185,15.274215,21.026833,22.346317,24.33115,26.79912,27.494684,30.044899,31.204872,34.49464,36.643394,37.135006,37.190506,34.373,38.581844,36.653408,39.028446,36.703228,33.17672,32.212284,36.397694,32.65615,28.446066,29.314297,32.139626,33.69273,34.229397,27.724451,30.001324,33.84674,30.110788,30.372175,32.77731,36.33696,34.76149,32.65906,37.769554,34.348965,39.13278,38.53791,36.12675,38.432255,33.258118,34.235584,30.030096,25.65012,25.026731,22.509668,25.813816,21.518326,25.706226,24.290758,26.707855,24.385952,22.975554,21.072556,22.197224,19.267027,15.891746,15.8043995,15.970701,13.067778,13.277181,16.866684,16.974014,19.314209,21.257545,19.339575,25.201036,21.608177,24.26679,24.732548,26.649637
6,18.410343,14.4402685,12.624646,8.715635,5.8986506,6.994238,0.0,7.677695,8.093839,11.46072,15.449042,17.157698,17.881643,16.297089,12.022414,15.038737,14.462706,18.892303,19.404627,22.076166,24.310743,25.52076,28.090109,28.2186,27.762056,26.58939,23.583645,20.451735,19.616508,16.415596,17.253698,12.477887,15.2634115,10.642659,13.799503,14.257896,13.205898,14.4571705,10.207676,9.486038,15.422927,15.886035,18.026045,20.063492,20.678793,23.08224,24.350975,27.558542,29.848873,30.303991,30.41115,27.54252,31.762276,30.060371,32.262825,29.794481,26.475689,25.675781,30.088326,26.658073,22.354109,23.035814,26.514826,28.16702,29.31874,22.726278,24.706232,29.315502,25.90501,25.702478,28.672873,31.805193,30.225761,27.520117,32.31687,28.59171,33.036594,32.4555,29.879347,32.44512,27.161528,28.709728,24.960793,20.337334,19.189873,16.830503,19.54195,15.566499,19.768522,18.543587,21.43328,19.117416,17.388876,16.440624,17.403751,13.374809,10.978882,12.098269,10.865902,9.99003,8.222943,12.958134,13.549416,16.039616,18.428644,16.373426,22.36516,17.980373,21.55585,21.31322,24.114792
7,23.064613,19.16579,16.02431,13.839542,11.037587,8.52121,7.677695,0.0,5.1411347,6.4983497,10.438138,13.509085,16.15885,16.266981,13.540932,16.810799,17.923435,22.14487,24.51778,26.341734,29.495619,30.231377,33.390755,33.334213,32.21977,31.536486,27.744085,25.034157,22.976616,21.072975,19.393171,16.459768,16.946644,11.965919,15.772734,14.196667,15.238172,17.608538,13.958576,14.000729,19.132174,20.438305,21.056114,23.294067,25.41557,26.505655,29.17152,31.45452,34.49716,34.06624,33.490505,30.086195,33.68383,31.064234,33.578613,31.939135,27.6519,26.294888,29.847912,25.827806,21.92833,22.958992,24.9591,26.809547,26.697363,20.257677,23.58783,27.042576,24.19291,25.041876,28.192543,31.705555,31.008184,28.60142,33.915745,29.633158,34.41462,32.97624,30.281216,31.805597,26.706547,26.828272,22.338844,18.325756,18.672356,16.93435,20.859255,18.337328,23.152786,23.182367,26.47926,24.938686,23.75092,22.907013,22.793667,18.885992,17.494787,17.623127,15.224935,12.505472,8.560472,12.65162,10.56216,11.966503,15.017865,14.168393,20.55877,18.35052,21.880451,23.117666,26.047188
8,25.971867,22.02243,19.415522,16.139847,13.395701,11.625533,8.093839,5.1411347,0.0,4.9695086,7.6502924,9.390093,11.255545,11.436593,9.380865,13.304833,14.992107,19.78286,22.47051,24.617504,27.854362,29.069046,32.141827,31.410969,30.143675,29.142561,25.069288,22.16483,19.518614,17.848509,14.79613,12.539614,11.94537,7.2160096,11.314953,10.418652,12.174501,13.921381,10.335921,10.294304,14.66047,16.348236,16.349895,18.888828,21.685244,22.571144,25.79658,28.259409,31.53199,31.231642,30.775423,27.107826,30.422863,27.994883,29.930386,28.186804,24.04891,22.278091,26.13139,21.763247,17.744907,19.645592,22.369045,24.817516,24.984556,18.395887,22.285975,26.395964,24.338,24.93592,28.766047,31.83603,31.297585,28.278357,33.213196,28.4327,32.712307,30.993446,27.84509,29.263504,23.898808,24.125536,20.003513,15.956726,16.48186,15.608075,18.877558,17.464506,22.197256,22.4436,26.063095,24.397076,22.718367,22.783787,22.892841,18.112928,17.510777,18.69669,15.62917,14.622532,8.731926,13.921308,11.6452,12.509042,16.455425,15.907711,22.28583,19.758715,23.93521,24.63198,28.117619
9,28.599339,24.48301,21.874138,19.327106,16.055546,14.754992,11.46072,6.4983497,4.9695086,0.0,4.873614,8.717964,11.998116,11.733035,10.228735,12.981099,15.3668785,19.288324,23.12373,24.404219,28.219992,28.932182,32.409355,31.693762,29.981524,29.524792,25.100225,22.790606,19.731194,19.117332,15.793913,14.691537,14.444555,10.977449,15.278342,14.511751,16.9144,18.430311,14.836495,14.169317,17.967346,18.896736,18.365757,20.114235,23.233522,23.068434,26.816637,28.257507,31.88989,30.826633,29.83755,26.045715,29.031326,26.010765,28.46225,27.347729,22.627884,20.969065,24.018316,19.86855,16.28546,17.478535,19.005999,21.25127,20.844814,14.426914,18.721691,22.168676,20.416359,21.501486,25.412933,28.554522,28.530634,25.706575,30.828735,25.864206,30.329159,28.234592,25.23627,26.165276,21.108307,20.680267,16.157194,12.436037,13.676039,13.094055,17.006056,16.522615,21.350449,22.471521,26.2486,25.274042,24.181633,24.3157,23.512808,19.064682,19.310293,19.876673,16.033197,14.615484,8.028818,11.846755,8.184417,8.07001,12.406121,12.666681,18.810892,17.517506,21.690847,23.0251,26.693869
10,33.066185,29.017422,26.277256,23.502182,20.47641,18.582415,15.449042,10.438138,7.6502924,4.873614,0.0,4.6952252,9.043055,10.583123,11.425302,14.231457,17.46454,21.417416,25.783524,27.046486,31.015715,31.940353,35.409817,34.165657,32.198673,31.637337,26.915073,24.68011,20.894588,20.950363,15.670412,16.168022,13.867319,11.495951,15.132484,13.936689,17.405304,18.81269,16.086128,15.848801,18.27815,19.870785,18.22298,20.23511,24.352564,23.54831,28.132198,29.379719,33.35243,32.13537,31.02269,26.917385,29.192923,26.012203,27.916979,27.188404,22.351694,19.989027,22.60938,17.812132,14.732575,17.13199,18.268408,21.193068,20.189957,14.278559,19.752516,22.856415,22.327497,23.678112,27.990856,30.817242,31.30196,28.257803,33.085953,27.670887,31.659084,28.957045,25.58545,25.719837,20.772734,19.430422,15.065334,12.335663,14.766552,15.491538,18.893473,19.848886,24.457346,25.959469,29.889559,28.977234,27.67068,28.30141,27.55329,22.783457,23.428844,24.381508,20.34081,19.395369,12.5148535,16.103174,12.0222645,10.727551,15.348974,16.40458,22.046139,21.48037,25.736124,27.142933,31.00198
11,35.33078,31.375303,28.790789,25.426363,22.721052,20.758957,17.157698,13.509085,9.390093,8.717964,4.6952252,0.0,4.7506533,8.408402,11.136116,14.29563,17.763311,22.08105,26.256067,27.93088,31.692537,33.086517,36.301838,34.549046,32.611584,31.657064,26.914965,24.474327,20.340147,20.497322,13.758545,15.293351,11.088925,10.014742,12.628284,11.693537,15.703123,16.61041,14.789663,14.910142,15.902159,18.20212,15.751407,18.262295,23.029848,22.177744,27.15165,28.753677,32.778263,31.883326,31.016766,26.775568,28.673738,25.859346,26.90989,26.041124,21.605299,18.651857,21.561356,16.2112,13.231192,17.061537,19.005474,22.517736,21.806078,16.213192,21.870436,25.428263,25.49796,26.545912,31.169256,33.625656,34.10413,30.670057,35.06887,29.42795,32.83859,29.981155,26.22636,26.215403,21.153637,19.885576,16.270157,13.916967,16.344421,17.753355,20.265373,21.83737,26.15997,27.53507,31.512299,30.344162,28.589306,29.733242,29.416725,24.218086,25.016336,26.632212,22.656712,22.528683,15.449963,19.635077,16.042057,14.904047,19.549038,20.459278,26.02527,24.98162,29.465271,30.41344,34.442863
12,36.16108,32.30124,30.12716,26.191069,23.74322,22.2756,17.881643,16.15885,11.255545,11.998116,9.043055,4.7506533,0.0,6.054974,10.097277,13.318606,16.609224,21.169634,24.855232,26.973642,30.377903,32.242245,35.115017,32.935284,31.13963,29.765226,25.176952,22.521008,18.31579,18.400238,10.746756,13.102934,7.4056263,8.42918,9.799631,10.311699,14.098342,13.975249,12.8833275,12.991346,12.351781,15.047155,11.975204,14.915908,20.0317,19.358816,24.409813,26.486753,30.39147,29.961256,29.468958,25.263208,27.027739,24.819971,25.07283,23.791498,20.022894,16.793386,20.344847,14.896091,11.766581,16.53452,19.69081,23.461315,23.486969,18.040873,23.22495,27.48676,27.707981,28.246971,33.047413,35.13787,35.386074,31.584145,35.506886,29.848135,32.708935,30.002073,26.009247,26.291418,21.092165,20.543985,17.802794,15.376412,17.163036,18.84679,20.37035,22.195625,26.095695,27.203619,31.119268,29.691803,27.526926,29.18844,29.3094,23.822966,24.819551,27.085827,23.263205,24.098032,17.11852,21.729939,18.903336,18.19494,22.738737,23.252806,28.761127,26.924807,31.601343,31.927946,36.08152
13,34.38255,30.378637,28.895706,24.871431,22.03582,22.104004,16.297089,16.266981,11.436593,11.733035,10.583123,8.408402,6.054974,0.0,5.302909,7.487527,10.912628,15.216655,19.12922,21.053764,24.538717,26.380125,29.27258,27.003426,25.114265,23.848745,19.171951,16.670998,12.344305,12.882229,5.4365973,8.563949,5.958854,8.349208,10.790407,13.417314,15.894301,14.836953,12.4853945,10.960022,10.437598,11.018711,8.249328,9.949008,14.856824,13.805968,18.870235,20.634857,24.589315,24.0218,23.53807,19.392075,21.570234,19.5595,20.127876,18.48699,14.713003,12.011632,16.324753,11.644951,7.548236,11.530809,15.8505535,19.320618,20.392075,14.738859,18.830421,23.87969,23.806795,23.758308,28.588839,30.36939,30.35507,26.336351,29.966465,24.419992,27.14654,24.799604,20.867025,21.911352,16.456295,17.18406,14.894736,11.739076,12.37635,14.084028,14.807281,16.982374,20.47916,21.751055,25.673521,24.489313,22.4832,24.563902,24.380356,18.92797,20.7619,23.190865,19.051832,20.91451,14.122995,18.308647,16.452759,16.200743,20.264389,20.34586,25.393736,22.903584,27.6826,27.461174,31.771263
14,29.604574,25.556982,24.418148,20.456593,17.44733,18.47836,12.022414,13.540932,9.380865,10.228735,11.425302,11.136116,10.097277,5.302909,0.0,4.563344,6.88199,11.92281,15.222117,17.39428,20.775629,22.48021,25.429111,23.757767,22.181652,20.97988,16.55797,13.732323,10.367171,9.595933,6.128577,5.1633205,7.3991203,7.4395833,11.000784,13.933261,15.225645,14.317619,10.650584,8.124296,10.020392,9.271323,8.884773,10.033312,13.11628,13.241578,17.001554,19.167257,22.698826,22.365583,22.065462,18.301296,21.57434,19.742943,21.174728,19.018444,15.381925,13.907147,18.52622,14.92516,10.557527,12.184516,16.767942,19.391363,21.029451,14.785928,17.612381,23.080717,21.758438,21.336142,25.77957,27.84575,27.227089,23.35425,27.311613,22.242828,25.577255,23.988392,20.52052,22.558786,16.99438,18.703297,16.007555,11.749965,10.899816,11.067243,12.145729,12.558119,16.375406,17.13464,21.03119,19.664534,17.738789,19.472425,19.312468,13.841238,15.511595,17.890713,13.836685,15.991335,9.732545,14.160962,13.387342,14.151795,17.699886,16.978645,22.214819,18.761248,23.495155,22.950197,27.119827
15,31.4158,27.33526,26.711771,23.018911,19.781122,21.748903,15.038737,16.810799,13.304833,12.981099,14.231457,14.29563,13.318606,7.487527,4.563344,0.0,4.0989113,7.8974104,12.381158,13.778489,17.585815,19.079012,22.21641,20.299904,18.33322,17.51246,12.753944,10.583138,6.8068895,7.726827,6.3565497,6.80325,10.752877,11.936369,15.129149,18.425209,19.58405,18.283264,14.6882105,11.706467,12.783008,10.255379,9.999514,9.004668,11.450322,10.353064,14.272922,15.364678,19.157728,18.253656,17.682325,13.8827,17.304972,15.474725,17.303923,15.197768,11.466594,10.84301,15.38564,12.960548,8.92757,8.6850395,13.785446,15.98294,18.408176,12.720215,14.3099165,20.20441,19.078886,18.173983,22.716717,24.308924,23.725016,19.605867,23.160643,18.025856,21.093962,19.626303,16.234106,18.729242,13.271422,15.926786,13.999132,9.875784,7.8058014,8.377504,8.050268,9.910023,13.019441,14.525746,18.48523,17.764677,16.31155,18.596626,17.72342,12.614312,15.615123,17.843718,13.367197,16.435562,10.883906,13.749592,13.715649,14.386707,17.187172,16.458788,20.67654,17.192795,21.90223,20.982258,25.363153
16,29.159811,25.22495,25.222101,21.501686,18.449036,21.40214,14.462706,17.923435,14.992107,15.3668785,17.46454,17.763311,16.609224,10.912628,6.88199,4.0989113,0.0,5.481868,8.51646,10.560344,13.948327,15.683035,18.608965,16.9479,15.412631,14.359617,10.079083,7.424357,5.4461036,4.6265926,8.27058,6.3240066,12.554365,13.387192,16.26644,19.994963,20.248215,18.66299,14.875245,11.486466,13.024837,9.3281555,10.791236,9.254542,9.413437,9.685847,11.812193,13.549217,16.690327,16.377085,16.322796,13.21098,17.452576,16.403154,18.319815,15.585958,12.91285,13.2614355,17.91631,16.352299,12.571985,11.474159,16.64231,18.128923,21.118782,15.695189,15.87769,21.961235,20.03686,18.53757,22.55713,24.048597,22.77895,18.702795,22.004038,17.58908,20.63023,20.087027,17.21348,20.562304,15.470477,18.938238,17.318874,13.140293,10.110128,9.320063,8.1308565,7.8950515,10.359687,11.028971,14.854278,13.855201,12.26472,14.804606,14.157114,9.024792,12.4362755,14.995238,10.980112,15.075147,11.150861,13.644531,14.98935,16.413643,18.512707,17.063366,20.96128,16.40043,20.863123,19.191969,23.377474
17,31.647717,27.814735,28.342644,25.13866,21.985943,25.623463,18.892303,22.14487,19.78286,19.288324,21.417416,22.08105,21.169634,15.216655,11.92281,7.8974104,5.481868,0.0,6.3672185,6.061074,10.337628,11.431362,14.738596,12.959084,10.79246,10.720433,6.2218103,5.809726,5.61623,7.2773876,12.342936,11.594951,17.619514,18.81866,21.67348,25.436262,25.71293,24.024649,20.298483,16.868196,17.997807,13.661814,14.9995775,12.081832,10.878306,9.772409,10.763459,10.293235,13.381238,12.065389,11.594534,9.073392,13.851861,13.11533,15.79451,13.274015,11.20761,13.15978,16.88574,17.103155,14.313758,11.081383,15.650097,16.020653,19.86129,15.70981,13.756379,19.840715,17.929338,15.667713,19.34302,20.102686,18.661278,14.393997,16.935898,12.897219,15.569726,15.744083,13.556128,17.733515,13.531982,18.009327,17.383385,13.923128,9.975833,9.133428,5.5781193,6.688924,6.542072,8.550652,12.09303,12.406981,11.994005,14.931765,13.129688,9.666463,14.282553,16.163387,12.2653885,16.826408,14.287769,14.745093,16.875881,18.177006,19.16786,17.7057,19.9645,15.520285,19.485699,17.25422,21.45655
18,29.17156,25.813257,27.22817,23.924913,21.456661,25.940887,19.404627,24.51778,22.47051,23.12373,25.783524,26.256067,24.855232,19.12922,15.222117,12.381158,8.51646,6.3672185,0.0,4.52306,5.684747,8.278835,10.375907,9.023104,8.617912,7.268312,5.742445,4.391957,8.539306,7.112896,15.259871,12.782101,19.729359,20.703094,22.848988,27.035088,26.229475,24.161274,20.674608,17.241726,18.423464,13.550061,16.45019,13.746323,9.824355,11.427686,8.767245,10.399851,11.304808,12.116682,13.204191,12.427937,17.387531,18.023716,19.896479,16.573944,16.228678,18.215921,22.329962,22.585136,19.610256,17.16182,21.99035,22.221256,26.165447,21.929668,19.738588,25.632177,23.012608,20.416817,23.14319,23.80461,21.406694,17.663668,19.416744,17.042915,19.113018,20.497595,18.942358,23.477396,19.656097,24.30682,23.700058,20.02097,16.120415,14.523111,11.677184,9.571968,7.831916,6.410625,8.607596,7.8039,6.7605357,10.615882,10.010889,7.5706577,11.840197,14.332405,12.282408,17.617056,17.039,17.805046,20.905706,22.882526,23.629992,21.474136,23.748323,18.167107,21.459496,18.228292,21.665678
19,31.479362,28.059357,29.477459,26.678831,23.891808,28.463285,22.076166,26.341734,24.617504,24.404219,27.046486,27.93088,26.973642,21.053764,17.39428,13.778489,10.560344,6.061074,4.52306,0.0,4.756031,5.4166455,8.744375,7.672967,6.091494,6.872324,5.388669,6.878453,10.113088,10.550742,17.655212,16.04614,22.723743,23.708073,26.287619,30.241722,29.852037,27.999485,24.309702,20.837067,22.124674,17.30857,19.563074,16.392471,13.143942,13.097389,11.030808,10.063203,11.103333,10.301589,10.5851555,10.485575,15.444521,15.904167,18.563963,15.871409,15.436945,18.164757,21.38785,22.563595,20.148746,16.509607,20.471087,19.909658,24.124882,20.760515,17.370808,22.903816,20.313074,17.352686,19.708014,19.882328,17.449652,13.714434,14.961394,13.067651,15.033671,16.960672,16.125757,20.937391,17.88128,22.777287,22.594511,19.411955,15.251601,13.661899,10.183435,8.97913,5.2666903,5.79292,7.624777,8.90731,9.658585,12.762006,10.61313,9.710744,14.398599,15.887945,13.432882,18.461111,18.183222,17.634926,20.907171,22.656322,22.705112,20.715134,21.805412,16.727396,19.605246,16.269655,19.758505
20,31.511003,28.533798,30.566761,27.780436,25.50491,30.482252,24.310743,29.495619,27.854362,28.219992,31.015715,31.692537,30.377903,24.538717,20.775629,17.585815,13.948327,10.337628,5.684747,4.756031,0.0,3.7777414,4.7755947,4.1576552,5.131726,5.0328574,7.3170857,8.607519,13.108211,12.5726385,20.569445,18.443306,25.321304,26.377268,28.460619,32.682323,31.7133,29.58185,26.18298,22.79208,23.833818,18.83532,21.69715,18.56051,14.062284,15.155837,11.089043,11.018848,10.008713,10.866554,12.315265,13.443421,18.092836,19.474918,21.467888,18.389814,19.062948,21.814932,25.194769,26.511183,24.09415,20.850977,25.057182,24.487032,28.797531,25.496052,22.05914,27.453724,24.693401,21.60164,23.359104,23.289375,20.39331,17.19164,17.503668,16.86525,18.0211,20.620098,20.133291,25.0361,22.26432,27.294022,27.279598,24.058838,19.931482,18.235733,14.915338,12.948473,9.159865,7.5987105,7.0997105,7.9123626,8.692009,12.025361,10.834788,11.291251,15.226251,16.910688,15.789944,20.987072,21.657644,21.322027,24.950747,26.958658,26.932901,24.666157,25.672337,20.196383,22.524477,18.665224,21.418192
21,31.885475,28.912691,31.000202,28.72856,26.272396,31.404016,25.52076,30.231377,29.069046,28.932182,31.940353,33.086517,32.242245,26.380125,22.48021,19.079012,15.683035,11.431362,8.278835,5.4166455,3.7777414,0.0,4.1319966,5.819283,6.040066,7.852455,9.558241,11.43351,15.344514,15.27049,22.90698,20.835886,27.751905,28.444248,30.938347,34.869213,34.076515,32.247005,28.561646,25.152664,26.696053,21.814249,24.50211,21.356258,17.352938,17.830053,14.439426,13.261321,12.501344,12.161437,12.824119,14.313987,18.822163,19.796858,22.487915,19.952902,20.21275,23.247553,26.072449,27.736618,25.504505,21.596752,25.030891,23.855152,28.137587,25.28957,21.100304,25.989397,22.903635,19.637003,20.719948,20.470774,17.289034,14.550856,14.603587,14.934972,16.333687,19.442997,19.65135,24.6044,22.338894,27.297844,27.269882,24.25071,20.031923,18.02583,14.890058,12.72053,8.157848,7.245275,5.8183546,8.369003,10.491596,12.836709,10.485586,12.240944,16.20297,17.009533,15.898286,20.705446,22.044697,20.73103,24.638645,26.640911,25.976715,23.685183,23.803816,18.598677,20.319448,16.314861,18.797081
22,33.030556,30.436432,32.936512,30.6167,28.557333,33.868256,28.090109,33.390755,32.141827,32.409355,35.409817,36.301838,35.115017,29.27258,25.429111,22.21641,18.608965,14.738596,10.375907,8.744375,4.7755947,4.1319966,0.0,4.577395,6.929698,7.9498324,11.525771,13.299665,17.778894,17.310564,25.338724,23.124166,30.059418,30.960402,33.04119,37.212513,36.05092,33.961132,30.567905,27.23183,28.412836,23.427225,26.40022,23.215351,18.50368,19.557793,15.046365,14.349066,12.211136,13.035464,14.49975,16.693989,20.887089,22.570356,24.660757,21.858881,22.955786,26.009075,28.949665,30.758158,28.57491,24.966022,28.691706,27.606907,31.999254,29.214909,25.098568,29.981083,26.985733,23.679121,24.523586,24.0295,20.727047,18.309862,17.595306,18.55254,19.166126,22.57954,22.89663,27.87495,25.783997,30.883083,31.076529,28.06627,23.869888,21.975607,18.730352,16.511782,12.169931,10.487897,8.105423,9.773576,11.538552,13.930195,12.571578,14.775942,18.163452,19.210882,18.902096,23.795147,25.465073,24.468718,28.464195,30.566872,29.989243,27.593977,27.762165,22.409725,23.865381,19.666502,21.596193
23,35.349808,32.50713,34.64298,31.788559,29.586512,34.50342,28.2186,33.334213,31.410969,31.693762,34.165657,34.549046,32.935284,27.003426,23.757767,20.299904,16.9479,12.959084,9.023104,7.672967,4.1576552,5.819283,4.577395,0.0,3.503957,3.7638648,8.214751,10.515483,14.903014,15.109571,22.683355,21.286707,27.814926,29.46918,31.267937,35.737198,34.826622,32.403233,29.30275,25.924078,26.224741,21.089672,23.631506,20.058037,15.361142,15.90875,11.246401,10.077356,7.637882,8.881724,10.943174,13.263375,17.22344,19.45452,20.887604,17.866888,19.628029,22.697376,25.667957,27.677313,25.767986,22.43167,26.562075,25.850286,30.403004,27.775799,24.045393,29.263062,27.043661,23.803255,25.439278,24.713951,21.984974,18.86184,17.916616,17.852905,17.719189,20.706242,20.554708,25.455679,23.344206,28.589697,29.247147,26.479986,22.424643,21.250895,17.391893,16.54779,12.472991,11.614578,10.727811,11.807182,12.462349,15.853124,14.828625,15.39327,19.284021,21.03119,19.907898,25.09369,25.47307,25.09208,28.541805,30.325527,30.29409,28.228071,28.826685,23.725567,25.885164,22.004635,24.600048
24,36.40759,33.26937,35.02849,32.140224,29.59752,34.24103,27.762056,32.21977,30.143675,29.981524,32.198673,32.611584,31.13963,25.114265,22.181652,18.33322,15.412631,10.79246,8.617912,6.091494,5.131726,6.040066,6.929698,3.503957,0.0,3.6168323,6.096679,9.339975,12.985464,14.189316,21.041147,20.313148,26.58304,28.426855,30.478075,34.853504,34.385643,32.05447,28.834301,25.386087,25.591003,20.485538,22.485435,18.658777,14.710698,14.147695,10.64404,7.9478726,6.915712,6.275176,7.706799,10.001102,14.018777,16.05195,17.785868,15.054671,16.578646,19.862959,22.4946,24.791168,23.149519,19.45481,23.334108,22.526796,27.137407,24.849659,20.988909,26.167717,24.34916,21.132526,23.093079,22.204536,19.87514,16.40917,15.435261,14.780884,14.485401,17.266079,17.0691,21.96714,20.022638,25.299854,26.190786,23.713755,19.714214,18.904387,14.723219,14.956147,10.864932,11.236351,11.309994,12.843137,13.5542,17.012636,15.376535,15.282784,19.67376,21.32997,19.399956,24.475681,24.161213,23.5995,26.719385,28.212788,28.207243,26.43301,26.864712,22.237734,24.647604,21.091814,24.115238
25,35.497166,32.432266,34.199856,30.946156,28.644558,33.172672,26.58939,31.536486,29.142561,29.524792,31.637337,31.657064,29.765226,23.848745,20.97988,17.51246,14.359617,10.720433,7.268312,6.872324,5.0328574,7.852455,7.9498324,3.7638648,3.6168323,0.0,5.0890913,7.351704,11.598588,12.136995,19.317032,18.395508,24.599882,26.68345,28.304857,32.910248,32.191658,29.607668,26.68805,23.316929,23.094397,17.935549,20.185802,16.462683,11.878815,12.201108,7.599969,6.704203,4.985679,6.795136,9.22287,10.729483,14.815957,17.127197,18.098907,14.728908,16.605854,19.445675,22.742716,24.499397,22.568325,19.6738,24.277536,24.070099,28.580973,25.718737,22.635908,28.203918,26.42525,23.395216,25.751686,25.208525,22.90687,19.253891,18.826221,17.549803,17.457958,19.693226,18.827173,23.568855,21.029339,26.240614,26.957846,24.188745,20.313786,19.604929,15.559191,15.501652,12.136269,11.697173,12.04578,12.489493,12.241801,16.16362,15.442858,14.606493,18.704851,20.967463,19.251087,24.54077,23.916746,24.17433,27.153694,28.74539,29.240906,27.386486,28.598963,23.59433,26.369987,22.818708,25.922977
26,34.81872,31.350866,32.4947,29.083597,26.390835,30.399063,23.583645,27.744085,25.069288,25.100225,26.915073,26.914965,25.176952,19.171951,16.55797,12.753944,10.079083,6.2218103,5.742445,5.388669,7.3170857,9.558241,11.525771,8.214751,6.096679,5.0890913,0.0,3.884616,6.9165974,8.689235,14.961376,14.693918,20.618519,22.808592,24.775425,29.20171,29.027739,26.640741,23.53178,20.105404,19.91999,14.907205,16.519567,12.675596,9.384178,8.413534,6.422814,4.9677105,7.1816106,6.7927613,7.8516526,7.170594,11.921943,13.315051,14.685642,11.347093,12.065163,14.738744,18.291864,19.652693,17.584202,14.662925,19.493135,19.673431,24.034079,20.881678,18.366524,24.21395,22.79245,20.0757,23.205778,23.020687,21.280296,17.123188,17.721102,14.902128,15.546173,16.721233,15.048193,19.607027,16.423449,21.50364,22.03419,19.233543,15.486486,15.21111,11.033687,12.165363,9.824636,10.621039,12.615807,12.984927,12.40525,16.2833,15.147639,12.832665,17.34676,19.684351,16.884401,21.968073,20.151659,20.691233,23.08332,24.37702,25.25492,23.727594,25.394455,20.791233,24.192673,21.239416,24.965593
27,32.274986,28.7899,29.776386,26.053247,23.516975,27.326523,20.451735,25.034157,22.16483,22.790606,24.68011,24.474327,22.521008,16.670998,13.732323,10.583138,7.424357,5.809726,4.391957,6.878453,8.607519,11.43351,13.299665,10.515483,9.339975,7.351704,3.884616,0.0,4.9273357,4.9582334,12.207095,11.156725,17.365154,19.41877,21.193783,25.707752,25.306896,22.864483,19.8052,16.39929,16.278774,11.220732,13.34706,9.981547,6.291512,7.0606856,5.3203497,7.3777723,9.502896,10.319866,11.508366,9.915483,14.512552,15.431697,16.48477,12.850735,12.894139,14.645733,19.036686,19.269655,16.514639,14.639886,20.054255,20.863577,24.842987,20.77586,19.28065,25.385975,23.706652,21.31883,24.7251,25.139103,23.35201,19.189085,20.667974,17.417185,18.807722,19.480028,17.259987,21.481485,17.484558,22.150152,22.019459,18.669165,15.132226,14.651348,11.25377,11.419762,10.43073,10.353052,12.873174,12.157853,10.592948,14.555013,14.215351,10.786265,14.87716,17.750938,15.031034,20.138594,17.986748,19.457695,21.689627,23.172703,24.558704,22.89484,25.50181,20.521017,24.274632,21.480244,25.265966
28,33.89074,30.114536,30.388948,26.511568,23.669008,26.602276,19.616508,22.976616,19.518614,19.731194,20.894588,20.340147,18.31579,12.344305,10.367171,6.8068895,5.4461036,5.61623,8.539306,10.113088,13.108211,15.344514,17.778894,14.903014,12.985464,11.598588,6.9165974,4.9273357,0.0,4.789037,8.105559,8.979074,14.00653,16.644695,18.62301,22.95928,23.353603,21.05319,18.07335,14.798075,14.154799,9.710155,10.26393,6.683083,6.4555387,4.5449734,7.7419763,8.800772,12.508936,12.1706705,12.396186,9.155787,13.048849,12.998972,13.884054,10.599468,9.238456,10.169128,14.973728,14.509695,11.610991,10.369077,16.208569,17.768894,21.381126,17.12324,16.79631,22.958857,22.06617,20.209988,24.355228,24.959858,23.92262,19.517616,21.550602,17.116978,18.716,18.165634,15.083706,18.581743,13.97173,18.173466,17.980389,14.790671,11.846963,12.456737,9.31715,11.524937,12.058247,13.1812935,16.471697,15.902821,14.308593,17.807772,17.194082,12.809255,16.720045,19.505877,15.830534,20.284702,16.4299,18.446829,19.595371,20.505577,22.540915,21.461002,24.550291,20.395346,24.659424,22.640865,26.842384
29,29.86217,26.250076,26.729612,22.626913,20.155626,23.359228,16.415596,21.072975,17.848509,19.117332,20.950363,20.497322,18.400238,12.882229,9.595933,7.726827,4.6265926,7.2773876,7.112896,10.550742,12.5726385,15.27049,17.310564,15.109571,14.189316,12.136995,8.689235,4.9582334,4.789037,0.0,8.521949,6.260075,12.787933,14.569315,16.29629,20.79009,20.36141,17.999056,14.86873,11.4728985,11.627894,6.7839518,9.376686,7.2933097,5.1843266,7.5223513,8.114445,11.584272,14.036172,14.988776,15.873088,13.351901,17.584427,17.69709,18.598238,15.095317,13.9805155,14.450401,19.499077,18.256878,14.721066,14.283003,20.00545,21.570074,24.901161,19.8563,19.801348,25.979656,24.207792,22.385136,26.176329,27.273151,25.682472,21.54951,24.027163,20.128786,22.30358,22.237879,19.426317,23.045864,18.23476,22.119005,21.134533,17.268208,14.317949,13.803758,11.764177,11.294088,12.34535,11.923342,15.058784,13.444726,11.03309,14.404964,14.79031,9.92249,13.046301,16.379007,13.465317,18.107208,15.01563,17.784071,19.427858,20.961412,23.076462,21.45522,25.213223,20.217329,24.40717,22.14652,26.042961
30,34.115566,30.26793,29.542027,25.211718,22.59184,23.792377,17.253698,19.393171,14.79613,15.793913,15.670412,13.758545,10.746756,5.4365973,6.128577,6.3565497,8.27058,12.342936,15.259871,17.655212,20.569445,22.90698,25.338724,22.683355,21.041147,19.317032,14.961376,12.207095,8.105559,8.521949,0.0,5.8008027,6.36035,10.281972,11.712022,15.900137,17.117966,14.918578,12.672973,10.275239,8.31189,6.7633142,4.14224,4.577975,9.520585,8.862768,13.670032,16.074146,19.739075,19.800879,19.89383,16.07789,18.623209,17.66354,17.661793,15.089112,12.559848,10.5913925,15.838354,12.4819765,8.587333,11.471311,17.121393,20.146002,22.346273,17.126165,19.651886,25.384346,25.032465,24.211464,28.877874,30.188757,29.68662,25.407003,28.341103,23.185095,25.289526,23.59966,19.777294,21.742134,16.419605,18.653193,17.41883,14.15852,13.272503,14.6449375,13.803078,15.805495,18.329115,19.160673,22.813469,21.461887,19.154108,21.92007,22.087841,16.676477,19.022575,22.043177,18.270329,21.401325,15.6540575,19.5651,19.016905,19.398731,22.844145,22.323708,26.901102,23.421074,28.129723,27.04789,31.32491
31,28.472464,24.722046,24.265121,19.819452,17.410727,19.238617,12.477887,16.459768,12.539614,14.691537,16.168022,15.293351,13.102934,8.563949,5.1633205,6.80325,6.3240066,11.594951,12.782101,16.04614,18.443306,20.835886,23.124166,21.286707,20.313148,18.395508,14.693918,11.156725,8.979074,6.260075,5.8008027,0.0,7.2128367,8.326399,10.272286,14.560296,14.476486,12.471515,9.113209,5.8431354,6.8426876,4.519548,6.341956,7.6053147,9.210998,11.213354,13.669123,17.216957,20.058935,20.792648,21.282265,18.048235,21.705305,20.928816,21.718203,18.713177,16.41383,15.405656,20.61773,17.642645,13.45401,14.952603,20.379757,22.76246,25.092073,19.180449,20.994207,26.8698,25.22871,24.20996,28.354729,30.125229,28.932402,24.941431,28.322409,23.79378,26.622004,25.724417,22.410557,25.1312,19.729748,22.34698,20.35491,16.196295,14.491659,14.207494,14.042351,13.445161,16.327225,16.020973,19.501959,17.481956,14.842464,17.079248,17.87753,12.303267,13.760065,17.038023,13.944529,17.196962,12.554498,16.951298,17.359928,18.692383,21.781668,20.475538,25.46913,20.992853,25.516747,24.13663,28.070238
32,32.605953,28.942284,27.599474,23.04898,20.975214,20.81212,15.2634115,16.946644,11.94537,14.444555,13.867319,11.088925,7.4056263,5.958854,7.3991203,10.752877,12.554365,17.619514,19.729359,22.723743,25.321304,27.751905,30.059418,27.814926,26.58304,24.599882,20.618519,17.365154,14.00653,12.787933,6.36035,7.2128367,0.0,5.491754,5.6257567,9.7779045,11.281036,9.34057,7.9970603,7.2583175,5.0537953,7.9738855,5.6179605,9.591193,13.855757,14.745038,18.712242,22.042006,25.312191,25.879787,26.149889,22.400578,24.943336,23.794949,23.720135,21.286642,18.667854,16.173573,21.041553,16.603703,12.738741,16.695438,21.590069,24.914362,26.277514,20.489487,24.108807,29.442116,28.79844,28.466064,33.05026,34.918755,34.36842,30.329645,33.832386,28.680853,31.280241,29.474947,25.625776,27.176233,21.730782,22.966518,20.829828,17.432758,17.43824,18.322113,18.795607,19.534641,22.852957,23.050253,26.651316,24.677898,21.978756,24.01333,24.90048,19.292553,20.17207,23.21671,20.038858,22.114738,16.16282,21.195984,19.979803,20.40939,24.44473,23.950157,29.456305,26.049656,30.739317,30.073326,34.10847
33,28.333467,24.651545,22.819862,18.449245,16.431425,15.531165,10.642659,11.965919,7.2160096,10.977449,11.495951,10.014742,8.42918,8.349208,7.4395833,11.936369,13.387192,18.81866,20.703094,23.708073,26.377268,28.444248,30.960402,29.46918,28.426855,26.68345,22.808592,19.41877,16.644695,14.569315,10.281972,8.326399,5.491754,0.0,4.52414,6.631878,7.9930706,7.915156,4.8978567,5.2079372,7.754021,10.717357,10.325439,13.871582,17.048012,18.546885,21.806282,25.20218,28.296528,28.776129,28.907907,25.24655,28.353172,26.76498,27.552444,25.218468,22.022158,19.870667,24.517914,19.994139,15.843192,18.994925,23.218172,26.2122,27.154501,20.77972,24.511826,29.521587,28.079697,28.04702,32.28938,34.738083,34.005558,30.3634,34.535973,29.60147,33.006367,31.377073,27.804712,29.47485,23.90601,24.83777,21.741032,17.820868,17.89291,17.81968,19.497467,18.817698,22.832542,22.677504,26.246511,24.082851,21.558167,22.640419,23.606842,18.172338,17.974407,20.5295,17.718363,18.682629,13.001316,18.512552,17.152966,17.973953,22.002739,21.27895,27.320322,23.902636,28.39408,28.126232,31.857555
34,30.129766,26.804363,25.118694,20.47152,19.167854,17.994915,13.799503,15.772734,11.314953,15.278342,15.132484,12.628284,9.799631,10.790407,11.000784,15.129149,16.26644,21.67348,22.848988,26.287619,28.460619,30.938347,33.04119,31.267937,30.478075,28.304857,24.775425,21.193783,18.62301,16.29629,11.712022,10.272286,5.6257567,4.52414,0.0,5.2249746,5.744037,4.2510962,4.435489,6.426281,6.1170616,10.782684,10.135964,14.414743,17.569206,19.5986,22.607738,26.63174,29.447283,30.488178,30.990995,27.443207,30.316814,29.204525,29.2818,26.697605,24.161304,21.772207,26.593426,21.979189,18.098984,21.90584,26.502293,29.72051,30.78151,24.6318,28.4054,33.555172,32.347782,32.180603,36.483685,38.75704,37.94166,34.153954,38.011887,33.105972,36.104507,34.5163,30.801243,32.44725,26.928951,27.943686,25.262754,21.620558,21.704807,21.890905,23.032774,22.490507,26.12116,25.630674,28.987804,26.50435,23.577982,24.899982,26.450905,21.027132,20.590782,23.557262,21.265274,22.553698,17.350334,22.88069,21.675295,22.455715,26.52265,25.775032,31.787792,28.158455,32.625534,32.09389,35.75418
35,30.249235,27.033735,24.584805,20.40321,19.335281,16.595245,14.257896,14.196667,10.418652,14.511751,13.936689,11.693537,10.311699,13.417314,13.933261,18.425209,19.994963,25.436262,27.035088,30.241722,32.682323,34.869213,37.212513,35.737198,34.853504,32.910248,29.20171,25.707752,22.95928,20.79009,15.900137,14.560296,9.7779045,6.631878,5.2249746,0.0,4.5554323,6.720814,7.359928,10.162491,11.33946,15.833978,15.012256,19.197811,22.582397,24.304808,27.56253,31.310266,34.296803,35.042965,35.278473,31.560171,34.359467,32.75792,33.147835,30.932308,27.842533,25.22404,29.60912,24.553791,20.82403,24.765951,28.557854,31.835974,32.186832,25.962255,30.384626,34.955498,33.7166,34.041416,38.248516,40.895176,40.28703,36.7703,41.078167,36.064964,39.47553,37.615715,33.913456,35.132824,29.636364,29.87361,26.612648,23.158949,23.91574,24.000637,25.986956,25.2483,29.36836,29.005232,32.426933,30.002552,27.305393,28.031368,29.435455,24.19141,23.196104,25.588314,23.409138,23.527676,18.300762,23.846495,21.911526,22.438417,26.669891,26.211994,32.51304,29.51878,33.817715,33.89042,37.372967
