,0,1,2,3,4,5,6,7,8,9,10,11,12,13,14,15,16,17,18,19,20,21,22,23,24,25,26,27,28,29,30,31,32,33,34,35,36,37,38,39,40,41,42,43,44,45,46,47,48,49,50,51,52,53,54,55,56,57,58,59,60,61,62,63,64,65,66,67,68,69,70,71,72,73,74,75,76,77,78,79,80,81,82,83,84,85,86,87,88,89,90,91,92,93,94,95,96,97,98,99,100,101,102,103,104,105,106,107,108,109,110,111
0,0.0,5.15318,7.377536,9.29566,12.423553,14.694364,17.33859,21.08753,24.4039,27.438955,31.316893,33.48075,32.09153,30.916946,26.276838,24.58836,21.411928,20.254873,17.619123,15.362224,16.054571,11.494741,15.493111,17.580473,18.375227,17.514374,21.609724,21.459263,20.013037,22.889214,22.741003,25.15763,29.67597,29.847477,33.69836,34.664196,38.240974,37.01631,35.922234,32.95248,34.088127,30.879152,29.91991,29.915836,28.208626,29.180527,27.999418,33.23163,36.82241,36.88405,40.92042,44.59348,48.622295,49.196175,44.856525,44.73645,40.009766,39.277367,35.29445,34.572876,29.405642,31.216503,25.866037,26.247547,21.476067,23.181225,23.83896,28.39594,25.565306,29.64362,26.898417,31.044632,31.400736,35.275734,36.039127,39.60883,43.11105,44.268383,45.476654,44.639664,41.408695,38.302826,36.87725,32.98117,33.653378,26.813774,30.728725,26.243074,27.951622,26.233896,27.9505,26.840515,28.933315,33.277634,34.084576,32.612877,34.47736,32.683575,28.253681,31.29319,28.05021,34.808495,30.447536,35.303257,37.99859,36.057484,32.770184,33.42697,27.892345,27.234947,24.545353,23.02295
1,5.15318,0.0,5.744311,8.110465,9.589057,13.278387,14.519328,18.785635,22.064507,24.916386,29.399675,31.06641,30.037333,29.435904,24.884155,23.37084,20.957708,19.311811,17.892092,14.967507,16.684038,12.088308,16.704601,18.393463,17.777206,15.642139,19.77713,20.340557,18.358404,22.400473,21.408615,25.130783,28.895061,30.148026,33.31761,34.884808,38.61082,36.84306,35.939613,32.987522,33.33962,30.167168,28.49156,28.440805,26.00456,26.798244,24.658705,29.754084,33.5693,34.162582,37.90412,41.712524,45.844788,46.92632,42.77643,42.27787,37.503227,37.045624,32.480587,31.830318,26.630926,28.058762,22.700016,22.502075,18.318146,19.432144,20.756893,25.411934,23.022692,27.454462,24.894072,29.240122,29.904783,33.839718,34.859585,38.69095,42.16794,43.7683,45.092,44.37977,41.454483,37.724182,36.548355,32.52511,33.007824,25.94324,29.602222,25.050125,26.295193,24.580173,25.691385,25.0827,27.7556,31.667429,33.034927,32.130493,33.93776,32.738026,28.197517,31.124846,28.50746,35.08204,31.006807,35.913147,38.564854,37.071056,33.802456,34.97021,29.00707,29.100815,26.049671,25.350096
2,7.377536,5.744311,0.0,5.7283382,7.1388803,8.261071,11.880298,14.310017,18.43265,20.89501,25.25372,26.79854,25.231081,24.376358,19.742945,18.695263,15.962032,15.257055,14.202237,12.620621,15.226273,11.763672,16.970278,19.812965,19.832619,17.65651,20.689196,20.073965,16.97742,20.741741,18.417746,21.50313,24.762402,25.835253,28.756516,30.086275,33.980396,32.535458,32.10274,29.383888,29.711163,27.38154,25.5211,26.419142,23.78535,26.08504,24.012293,28.981094,32.932194,32.62871,36.38993,40.27984,44.286373,44.807655,41.02443,40.705456,35.810215,35.93491,31.28405,31.765427,25.93586,28.53438,23.314362,23.618822,19.90499,22.058567,23.744337,27.881905,24.886946,28.748857,25.357893,29.362745,29.078384,33.517765,33.491734,37.348408,40.5587,42.158947,43.106926,41.953217,39.43774,35.463123,35.1009,31.257025,32.585217,25.766764,30.003794,25.889395,27.879637,26.929033,28.419472,28.358938,30.437283,34.268112,35.72965,34.618473,35.87178,34.73363,30.07402,32.24845,29.159908,35.11805,30.60002,35.247078,37.596935,35.692364,32.600216,32.907623,27.149433,26.82727,23.237679,22.418001
3,9.29566,8.110465,5.7283382,0.0,4.1883297,7.080263,8.414556,12.73759,15.2371435,18.57965,22.25379,24.713774,23.851385,22.806095,18.357655,16.001678,13.610926,11.417968,9.91413,7.1519303,9.810756,6.7062373,11.990089,14.994928,15.079372,13.150932,15.5478945,14.448467,11.574938,15.121761,13.652828,17.025372,20.950777,22.157007,25.428818,27.107748,30.719666,28.810219,27.82942,24.886408,25.33632,22.326956,20.845074,21.218592,19.134031,21.064434,19.931751,25.075766,28.6964,28.119352,32.17285,35.88417,39.842392,40.198776,36.104916,35.98811,31.176142,30.899471,26.740286,26.972078,21.237116,24.146149,18.99234,20.057564,15.89886,19.170609,20.382093,24.023264,20.431833,23.82043,20.139505,23.99525,23.588732,27.9883,28.001537,31.795443,35.08952,36.613586,37.672157,36.692196,33.99359,30.142818,29.483547,25.601028,26.878136,20.098454,24.452755,20.475775,22.842901,22.29703,24.24696,24.393978,25.851376,29.683098,31.064974,29.796057,30.729988,29.664816,24.99068,26.805965,23.687359,29.455078,24.971136,29.614208,31.971766,30.246923,27.139656,27.884071,21.890154,22.13817,18.661238,18.620522
4,12.423553,9.589057,7.1388803,4.1883297,0.0,6.234347,5.021852,10.058545,12.507175,15.62514,19.94986,21.88017,21.374748,20.917168,16.652027,14.557886,13.241499,10.6504,11.097145,8.268339,11.937409,9.6876545,14.657902,17.20381,16.182438,13.172877,14.992579,14.362063,10.573642,15.318702,12.452503,17.180614,19.970753,22.3262,24.726053,26.96984,30.683884,28.305395,27.62907,24.819094,24.401829,21.680576,19.353453,19.916351,16.931181,19.125616,16.951984,21.93235,25.832327,25.532171,29.298876,33.17316,37.20442,37.92083,34.10973,33.659176,28.76985,28.9348,24.153076,24.812735,18.862637,21.76744,16.719707,17.399822,14.174896,17.25103,19.165453,22.564817,19.273752,22.718163,19.043692,22.911304,22.560482,27.089258,27.091894,31.109873,34.278008,36.223644,37.301044,36.360138,34.084698,29.612373,29.4049,25.517944,26.777664,20.029295,24.139349,20.345068,22.388508,22.097145,23.54177,24.304014,26.061209,29.389256,31.262047,30.465025,31.204914,30.695566,26.030188,27.529634,24.982105,30.28644,26.104214,30.611237,32.815174,31.464123,28.490896,29.523678,23.385765,24.242294,20.521235,21.197905
5,14.694364,13.278387,8.261071,7.080263,6.234347,0.0,7.325993,6.783429,11.109422,13.356321,17.237207,19.043789,17.418545,16.312767,11.7097645,10.464018,8.134039,7.8722754,8.809915,9.187256,13.119267,12.413569,17.182394,20.73759,20.869118,18.554064,19.532677,17.546198,13.112007,16.416735,11.985149,14.814901,16.924694,18.590805,20.8047,22.457495,26.449112,24.783289,24.811226,22.382202,22.214174,20.880037,18.592072,20.61647,17.75721,21.908178,20.21115,24.706474,28.546082,27.03716,30.759722,34.608578,38.37426,38.24114,34.92728,34.814407,29.905169,30.734177,26.173601,28.109884,21.795322,25.861732,21.28816,22.419838,19.693342,23.196201,25.118464,28.135128,24.492674,27.242613,22.966871,26.211756,24.710546,29.61203,28.285225,32.131203,34.91093,36.661053,37.205326,35.650047,33.82519,29.343508,30.108692,26.604994,28.896194,22.79701,27.412182,24.224829,26.973156,27.220018,29.048168,29.91448,31.110611,34.47809,36.178192,35.03109,35.37664,34.672382,30.062042,30.960783,27.778723,32.41067,27.742197,31.820147,33.651546,31.642202,28.936008,28.640495,23.104422,23.048618,18.81891,18.977264
6,17.33859,14.519328,11.880298,8.414556,5.021852,7.325993,0.0,7.285162,7.880192,11.3090315,15.532694,17.5994,17.82253,17.70095,14.003837,11.428779,11.6567955,8.132695,10.60906,8.272543,12.420613,12.019016,16.087006,18.51115,17.075426,13.808585,13.8761425,12.778783,7.988336,13.131607,8.767127,14.648558,16.33122,19.79943,21.399332,24.273647,27.856686,24.899958,24.343271,21.68124,20.477406,18.022038,15.034473,15.897985,12.299351,15.369711,13.007769,17.704208,21.611078,20.876802,24.566982,28.477358,32.45833,33.11453,29.535973,29.011185,24.082083,24.675951,19.677967,21.185408,14.92472,18.645546,14.164953,15.299635,13.26824,17.037666,19.171385,21.586792,18.117369,20.773254,16.69794,20.065348,19.184904,23.927715,23.422274,27.543657,30.480827,32.732483,33.719364,32.745537,30.944132,25.94512,26.344046,22.620132,24.194723,17.944294,21.970139,18.868082,21.096355,21.63125,23.023787,24.552902,25.851957,28.612494,30.788269,30.206621,30.361334,30.370325,25.850273,26.503597,24.324549,28.646338,24.705952,28.819016,30.706081,29.651722,26.952112,28.113956,22.039305,23.569443,19.709616,21.384005
7,21.08753,18.785635,14.310017,12.73759,10.058545,6.783429,7.285162,0.0,5.9338107,6.7962174,11.513236,12.490375,11.354399,11.17723,7.2653656,6.754415,7.824978,7.4713035,11.646217,12.439548,16.69713,17.226967,21.358967,24.553669,23.901476,20.99412,20.60145,18.58873,13.459027,16.983582,10.482948,14.292157,13.694042,17.30624,17.624332,20.231604,24.205318,21.817362,22.530075,20.584923,18.949093,18.764835,15.258865,18.21068,14.334893,19.783054,17.361725,20.881056,24.75559,22.807842,25.99495,29.913786,33.530273,33.4165,30.81495,30.436266,25.564291,27.361917,22.33863,25.612822,19.227974,23.87754,20.230736,21.327694,20.274431,23.832924,26.261127,28.37272,24.951626,27.016174,22.623335,25.22247,23.198072,28.204,26.203163,30.126314,32.435604,34.688187,35.02811,33.347,32.41861,27.118128,28.96682,25.80566,28.442913,23.109613,27.368166,24.985914,27.617641,28.58412,30.037788,31.747452,32.783592,35.395832,37.568993,36.854073,36.645596,36.6358,32.204327,32.27944,29.709782,33.17702,28.936785,32.46776,33.85016,32.26743,29.972107,29.77788,24.46847,25.204538,20.839682,22.171005
8,24.4039,22.064507,18.43265,15.2371435,12.507175,11.109422,7.880192,5.9338107,0.0,4.3456087,7.691054,10.205934,11.216542,11.3228245,9.154164,6.387016,9.667282,7.052701,12.021583,12.339024,16.126621,17.83899,20.871693,23.582808,22.57254,19.808056,17.99475,15.693776,10.754819,13.76511,6.830776,11.837175,10.307794,15.397683,15.14637,18.745596,22.173504,18.731958,18.977343,16.99975,14.486292,13.985462,9.859935,12.83991,8.685475,14.850318,13.174114,16.183798,19.639912,17.074642,20.42014,24.2267,27.796335,27.593527,24.881975,24.557453,19.698095,21.578478,16.785772,20.60559,14.36943,19.68486,16.909842,18.689903,18.349323,22.516943,24.641672,25.751532,22.159544,23.253975,18.730087,20.60543,18.137459,23.093426,20.769812,24.6999,26.864819,29.360956,29.770184,28.28452,27.61133,21.938334,24.053818,21.089945,23.797527,19.225782,23.139772,21.546463,24.271385,25.943739,27.465797,29.67905,30.115782,32.212517,34.489185,33.91397,33.180206,33.61114,29.469027,28.794147,26.71469,29.205614,25.436863,28.536547,29.662153,28.589016,26.562935,26.95181,21.723862,23.460175,19.423128,21.964725
9,27.438955,24.916386,20.89501,18.57965,15.62514,13.356321,11.3090315,6.7962174,4.3456087,0.0,5.9020343,6.297889,7.381999,8.563545,7.6492414,7.1646028,11.178025,10.335339,15.43189,16.388063,20.249609,21.86569,25.102152,27.90489,26.839476,23.885721,22.101156,19.963871,15.073043,17.864422,10.857314,14.642255,11.2870655,16.68726,15.003964,18.646399,22.125568,18.841896,20.013926,18.677946,15.506287,16.532192,12.117029,15.823174,11.537545,18.000557,15.683413,17.67146,21.095022,18.314373,20.893118,24.679565,27.99228,27.678368,25.829254,25.318787,20.668077,23.426258,18.444191,23.129002,17.208097,22.403154,20.150915,21.507734,21.924646,25.63865,28.107334,29.089901,25.8336,26.83557,22.48911,24.065607,21.424547,26.232487,23.45593,27.215258,28.923609,31.581055,31.69404,29.954763,29.957811,24.065586,26.957253,24.369623,27.297266,23.218739,26.908812,25.597109,28.15792,29.90404,31.16414,33.56232,34.131954,35.98186,38.420574,38.00516,37.16628,37.763046,33.690403,32.85035,30.88309,32.96989,29.314184,32.09845,32.957623,31.861444,30.085798,30.049847,25.253407,26.762999,22.645575,25.030384
10,31.316893,29.399675,25.25372,22.25379,19.94986,17.237207,15.532694,11.513236,7.691054,5.9020343,0.0,5.3070817,7.472774,7.5543294,9.028725,7.7688956,12.307822,11.811847,16.52804,18.39341,21.508245,24.271946,26.580675,29.450762,28.916182,26.646124,23.98493,21.04643,16.810114,17.729826,11.375101,12.90375,7.4300523,13.340675,10.263641,14.44427,17.34381,13.60639,15.157233,14.486108,10.640037,13.386956,9.396475,14.119956,11.277452,18.381113,17.826551,18.98172,21.409416,17.12527,19.651886,22.860851,25.60184,24.094172,22.64692,22.753939,18.529984,21.593306,17.93854,23.363337,18.092312,23.925825,22.528326,24.621193,25.034843,29.327707,31.305864,31.62709,28.026201,27.996536,23.465174,24.021006,20.39576,24.9826,20.969828,24.21251,25.328465,27.803797,27.449076,25.33234,25.994967,20.149431,24.021845,22.176004,25.795261,23.092768,26.664007,26.3092,29.320229,31.671045,33.33692,35.85107,35.615643,37.269318,39.46172,38.800102,37.41037,38.045322,34.325607,32.679165,30.634157,31.494247,28.01088,29.98014,30.300085,29.131006,27.895166,27.319036,23.444244,25.031456,21.256725,24.174067
11,33.48075,31.06641,26.79854,24.713774,21.88017,19.043789,17.5994,12.490375,10.205934,6.297889,5.3070817,0.0,4.6553354,7.297301,9.8098135,10.881955,15.218949,15.470109,20.438036,22.100115,25.669743,27.793398,30.691944,33.530746,32.580803,29.76899,27.472055,25.1273,20.569984,22.43255,15.7125025,17.89367,12.499886,17.946325,14.231932,17.931139,20.884197,17.654707,19.887781,19.582926,15.589154,18.577148,14.326886,18.676222,15.024718,21.726494,19.781721,20.303036,23.021101,19.416021,20.976164,24.294218,26.917284,25.946608,25.381804,24.929155,20.917578,24.667555,20.291735,26.046305,20.904114,26.192766,24.939262,26.318157,27.459469,31.08249,33.57787,34.01029,30.913942,31.254591,27.02557,27.79847,24.611393,29.0657,25.390984,28.661242,29.57006,32.313717,31.925817,29.842848,30.904032,24.919746,28.936062,27.099033,30.44277,27.523266,30.86537,30.315975,32.90443,35.058125,36.252182,38.932648,39.19864,40.64562,43.14288,42.803673,41.559063,42.399006,38.594383,37.166176,35.36333,36.41543,33.05446,35.116634,35.445305,34.406754,33.15815,32.602345,28.669815,30.128237,26.201876,28.77042
12,32.09153,30.037333,25.231081,23.851385,21.374748,17.418545,17.82253,11.354399,11.216542,7.381999,7.472774,4.6553354,0.0,3.7534883,6.7132945,9.663848,13.217596,14.918801,19.558702,21.916765,25.597075,27.492006,30.781235,34.061234,33.58847,30.898737,29.190142,26.588623,21.765266,23.575495,16.647512,17.905851,12.958909,17.245426,13.878048,16.656069,20.104261,17.910742,20.576105,20.30401,17.207897,20.43413,16.652306,21.286446,17.8339,24.734913,22.793797,24.05794,27.072529,23.554308,25.44856,28.81221,31.462132,30.225344,29.495909,29.270824,25.15708,28.597746,24.25434,29.646572,24.068327,29.427061,27.484493,28.808687,29.269613,32.913136,35.451294,36.46042,33.164986,33.952187,29.497623,30.676615,27.44618,32.1555,28.405153,31.682114,32.73777,35.150772,34.616814,32.246536,33.061764,27.425814,31.330421,29.359674,32.93851,29.550623,33.371124,32.399998,35.233574,37.101467,38.500492,40.847862,41.254692,43.153194,45.479233,44.87415,43.85807,44.308502,40.299316,39.188198,36.855755,38.412724,34.57146,36.84774,37.28902,35.71922,34.339424,33.11031,29.270792,29.96916,25.808548,27.679344
13,30.916946,29.435904,24.376358,22.806095,20.917168,16.312767,17.70095,11.17723,11.3228245,8.563545,7.5543294,7.297301,3.7534883,0.0,4.6732264,7.671792,10.7179575,13.2188225,17.378786,20.427975,23.817863,26.0401,29.12315,32.676903,32.761684,30.507559,28.849987,25.760246,21.074362,22.16888,15.529542,15.478825,10.7746935,14.104016,11.091124,13.350647,17.057732,15.399744,18.137436,17.882507,15.53873,18.975075,15.8551855,20.702398,17.934914,25.006758,23.850237,25.60127,28.502611,24.596275,26.976395,30.228416,32.84517,31.095436,30.01588,30.209715,26.067593,29.103134,25.271423,30.410889,24.698126,30.353264,28.128777,29.829927,29.621191,33.65507,35.89898,37.0563,33.395023,34.107227,29.414513,30.572174,27.054348,31.85472,27.810492,30.942621,32.055164,34.10386,33.42761,30.84222,31.441563,26.195015,30.049847,28.145128,32.020744,28.697405,32.824165,31.844868,35.039455,36.91515,38.69064,40.792553,40.92362,43.12303,45.170616,44.23701,43.204216,43.345154,39.336655,38.195663,35.452682,37.0211,32.905075,35.11679,35.531376,33.57895,32.22674,30.47093,26.923208,27.16476,23.008749,24.627823
14,26.276838,24.884155,19.742945,18.357655,16.652027,11.7097645,14.003837,7.2653656,9.154164,7.6492414,9.028725,9.8098135,6.7132945,4.6732264,0.0,4.7784243,6.8176346,9.720427,13.708356,16.647024,20.256634,21.989096,25.46936,29.14164,29.316423,27.046606,25.981329,23.008621,18.15332,19.772316,13.117841,13.690031,10.889913,13.758876,12.6879835,14.683074,18.78635,17.21941,19.128525,18.099194,16.512453,18.579084,15.547029,19.911629,16.94563,23.647745,22.294521,24.927832,28.229225,24.898888,27.800451,31.334314,34.367233,33.070118,31.247602,31.37161,26.86422,29.301498,25.126202,29.507828,23.392735,28.83619,25.899649,27.503273,26.652063,30.637882,32.84656,34.509197,30.774055,32.02928,27.305326,29.05547,25.951073,30.947443,27.53355,30.958355,32.603775,34.56412,34.22001,31.861021,31.704378,26.59553,29.638186,27.217432,30.80662,26.638092,31.048353,29.464142,32.64579,34.13659,35.97205,37.769344,38.160965,40.715717,42.674793,41.644814,40.963158,40.84672,36.62898,35.998806,33.03267,35.45064,31.04813,33.81204,34.62772,32.54127,30.779535,29.261353,25.099686,25.141392,20.756205,21.956053
15,24.58836,23.37084,18.695263,16.001678,14.557886,10.464018,11.428779,6.754415,6.387016,7.1646028,7.7688956,10.881955,9.663848,7.671792,4.7784243,0.0,4.580138,5.5592203,9.957903,12.797714,16.168337,18.503422,21.459631,25.017982,25.291058,23.34878,21.884455,18.571547,13.931688,15.04812,8.521581,9.245956,7.442338,10.810322,10.959757,13.569789,17.474794,15.181641,16.103909,14.467967,13.168681,14.214832,11.453619,15.555694,13.097275,19.67165,19.208542,22.206871,25.280718,21.800907,25.23069,28.689468,31.84451,30.511866,28.046135,28.385101,23.791225,25.646452,21.879097,25.830954,19.746075,25.38585,22.435047,24.533897,23.29028,27.7563,29.560965,31.001055,26.975483,27.933298,23.085466,24.721653,21.514189,26.530325,23.20601,26.67233,28.56833,30.429829,30.288836,28.135525,27.543438,22.511744,25.135592,22.568714,26.131214,21.988148,26.475037,25.00002,28.38392,30.037828,32.13654,33.898792,33.935497,36.526943,38.333588,37.176147,36.38469,36.234486,32.090992,31.310238,28.328768,30.677069,26.28449,29.099304,30.00405,28.018864,26.166033,25.041758,20.580061,21.050318,16.71226,18.523438
16,21.411928,20.957708,15.962032,13.610926,13.241499,8.134039,11.6567955,7.824978,9.667282,11.178025,12.307822,15.218949,13.217596,10.7179575,6.8176346,4.580138,0.0,5.0218086,7.2451625,11.059801,14.16994,16.171793,19.375713,23.365786,24.338549,22.830961,22.15257,18.68338,14.333762,15.145741,9.854471,9.251047,10.15071,11.01475,13.022644,14.338625,18.383955,17.090979,17.642118,15.716661,15.853119,16.177525,14.443432,17.912563,16.060034,21.909262,21.71674,25.38016,28.560291,25.37904,29.113333,32.568794,35.812004,34.43031,31.579601,32.094296,27.468538,28.759216,25.203676,28.39332,22.225723,27.582693,23.993265,26.085196,23.8865,28.349678,29.918612,31.934278,27.731184,29.123566,24.261812,26.323841,23.372938,28.381414,25.394323,28.778448,30.955555,32.404896,32.315907,30.141867,28.953909,24.590359,26.542303,23.778522,27.25085,22.60988,27.44568,25.46267,29.018444,30.254559,32.629333,33.873646,33.972332,37.081524,38.569584,37.074524,36.60842,35.94914,31.673304,31.371881,27.833475,30.913528,26.09091,29.237322,30.406067,27.932348,25.81945,24.244802,19.74922,19.304655,14.823113,15.573303
17,20.254873,19.311811,15.257055,11.417968,10.6504,7.8722754,8.132695,7.4713035,7.052701,10.335339,11.811847,15.470109,14.918801,13.2188225,9.720427,5.5592203,5.0218086,0.0,5.1064067,7.2483053,10.706808,13.0235,15.943467,19.512789,19.964283,18.336714,17.245445,13.819184,9.347973,10.678607,5.1664286,7.353947,9.596831,11.840439,14.183063,16.504946,20.095736,17.69721,17.260736,14.714875,14.492193,13.143688,11.211992,13.765403,11.874645,17.124626,17.251038,21.23309,24.33925,21.527462,25.555944,29.040462,32.50248,31.589212,28.201845,28.590128,23.858913,24.648773,21.060446,23.688122,17.542467,22.794178,19.169357,21.510489,19.215567,23.950062,25.319456,27.089296,22.808706,24.101826,19.245129,21.424932,18.765411,23.789854,21.39152,25.029682,27.553682,29.20832,29.54218,27.84495,26.264288,21.670994,22.980715,19.833683,22.8775,17.863853,22.630058,20.561842,24.044586,25.379574,27.744518,29.130186,29.153152,32.13024,33.71113,32.364807,31.868666,31.426756,27.137295,26.816984,23.622835,26.856398,22.254244,25.688755,27.084436,25.130579,22.797234,22.380857,17.085188,17.762703,13.446156,15.266117
18,17.619123,17.892092,14.202237,9.91413,11.097145,8.809915,10.60906,11.646217,12.021583,15.43189,16.52804,20.438036,19.558702,17.378786,13.708356,9.957903,7.2451625,5.1064067,0.0,4.992071,7.0359197,9.756594,12.238446,16.342886,17.962505,17.375093,16.961824,13.172053,10.038972,9.908474,7.999768,7.63553,12.586156,12.469743,16.53463,17.844715,21.151703,19.488482,18.338543,15.472413,16.830626,14.560912,14.215436,15.7577505,15.189158,19.14219,20.193897,24.623997,27.489708,24.856577,29.197895,32.47513,35.90909,34.80883,30.93437,31.650171,27.075565,27.053549,24.188152,25.800907,20.02335,24.830397,20.813837,23.363766,19.904676,24.754095,25.49297,27.646431,23.097748,24.53443,19.793049,22.165112,19.775301,24.511057,22.512691,25.847942,28.65451,29.721329,30.153578,28.547033,26.191315,22.607119,22.94332,19.696356,22.554573,17.319473,22.358309,19.923752,23.695663,24.659443,27.520689,28.241581,27.995249,31.540209,32.58427,30.728895,30.495674,29.40803,25.103258,25.19547,21.300285,25.237774,20.201864,23.940804,25.638838,23.1885,20.561363,19.853409,14.489218,14.293723,10.056056,10.973885
19,15.362224,14.967507,12.620621,7.1519303,8.268339,9.187256,8.272543,12.439548,12.339024,16.388063,18.39341,22.100115,21.916765,20.427975,16.647024,12.797714,11.059801,7.2483053,4.992071,0.0,4.3596153,5.928317,9.004516,12.558038,13.352517,12.416162,12.472033,9.380268,6.5311923,8.257104,7.931396,10.690389,15.5203495,16.5693,20.260159,22.190737,25.334993,23.018705,21.428991,18.302124,19.096289,15.525719,14.849278,14.983476,14.109865,16.433815,17.224285,22.123209,25.085878,23.44516,27.862421,31.229357,34.938198,34.621906,30.321863,30.694347,26.055882,25.491459,22.314924,22.874775,17.245876,21.255392,16.798077,19.209055,15.231195,20.024849,20.602474,22.984894,18.520802,20.486387,16.035755,19.079067,17.700422,22.25679,21.525146,25.135773,28.356922,29.678875,30.636337,29.617281,26.865604,23.165003,22.557913,18.805304,20.65947,14.438173,19.28261,16.130558,19.516903,20.095966,22.812868,23.44693,23.565994,27.184866,28.37358,26.755737,26.865377,25.914806,21.40358,22.072756,18.630285,23.450905,18.759394,23.099773,25.229445,23.46302,20.49703,21.277718,15.164941,16.07346,12.545051,13.88132
20,16.054571,16.684038,15.226273,9.810756,11.937409,13.119267,12.420613,16.69713,16.126621,20.249609,21.508245,25.669743,25.597075,23.817863,20.256634,16.168337,14.16994,10.706808,7.0359197,4.3596153,0.0,5.0046473,5.358962,9.33772,11.553149,12.233322,12.254163,8.735631,8.392937,7.5862536,10.545084,11.57929,17.476807,17.431208,21.900002,23.428244,26.100266,24.004272,21.747458,18.470406,20.179392,15.8914385,16.483273,15.765989,16.25117,17.464823,19.50205,24.333477,26.77421,25.074743,29.677855,32.704205,36.26559,35.709347,31.025135,31.73992,27.398111,26.10596,23.896492,23.664455,18.769701,22.413017,18.187376,20.967764,16.379414,21.291622,21.040909,23.247425,18.564177,20.103584,15.908035,18.66161,17.42807,21.46816,21.05406,24.249025,27.634624,28.449057,29.534904,28.722944,25.358097,22.58301,21.066666,17.370098,18.93921,12.989104,17.833017,14.730605,18.443108,18.952387,22.231041,22.35731,21.814949,25.773626,26.391174,24.267332,24.402174,22.937765,18.555462,19.325472,15.306072,20.530035,15.633173,20.149323,22.513948,20.569942,17.406923,18.445328,12.338373,13.154746,10.4812155,11.708858
21,11.494741,12.088308,11.763672,6.7062373,9.6876545,12.413569,12.019016,17.226967,17.83899,21.86569,24.271946,27.793398,27.492006,26.0401,21.989096,18.503422,16.171793,13.0235,9.756594,5.928317,5.0046473,0.0,5.2950034,8.637288,10.164785,10.279643,12.388728,10.687162,10.192524,11.707751,13.601822,15.909351,21.298904,21.650345,25.859207,27.398369,30.39857,28.393284,26.446564,23.211702,24.53566,20.359278,20.230612,19.415567,18.957943,19.516136,20.32694,25.514748,28.380672,27.618017,32.05951,35.32974,39.134666,39.204777,34.50883,34.82828,30.34283,29.062202,26.140924,25.341938,20.40842,23.10397,18.230747,20.2101,15.076548,19.144777,19.027502,22.19295,18.01669,20.74683,17.190386,20.766973,20.545618,24.408592,24.887236,28.276836,31.811462,32.82702,34.1172,33.48452,30.079796,27.161457,25.407015,21.52482,22.359056,15.746446,20.096056,16.103014,18.93486,18.432953,21.255247,20.888805,21.362865,25.614145,26.34428,24.481365,25.379496,23.813448,19.228535,21.151138,17.584415,23.782492,19.275583,24.092695,26.709084,25.024214,21.742188,23.104786,17.089905,17.619703,15.097239,15.332803
22,15.493111,16.704601,16.970278,11.990089,14.657902,17.182394,16.087006,21.358967,20.871693,25.102152,26.580675,30.691944,30.781235,29.12315,25.46936,21.459631,19.375713,15.943467,12.238446,9.004516,5.358962,5.2950034,0.0,4.4872494,8.264207,10.685533,11.872976,9.762478,11.613123,10.8705225,15.337447,16.574736,22.601639,22.334162,27.00358,28.41163,30.824024,28.775005,26.11967,22.798723,24.746399,19.838764,20.840656,19.109192,20.018068,19.476458,21.7867,26.704176,28.86488,27.940096,32.53593,35.364357,38.952816,38.770603,33.69261,34.3741,30.286999,28.230871,26.46248,24.904467,20.903856,23.323048,19.052029,21.618238,16.282148,20.63086,19.514473,21.978489,17.553705,19.37915,16.164852,19.145247,19.058374,22.215712,23.071207,25.954718,29.603075,30.133171,31.605368,31.30215,27.341656,25.36642,22.65076,18.938717,19.30301,13.32765,17.382736,13.720489,16.89663,16.576874,20.08792,19.33036,18.69904,23.15949,23.228275,20.786137,21.545044,19.489613,15.128143,17.007961,12.956558,19.467918,15.037906,19.918446,22.74607,21.15987,17.781324,19.819294,14.059831,14.971051,13.716552,14.337146
23,17.580473,18.393463,19.812965,14.994928,17.20381,20.73759,18.51115,24.553669,23.582808,27.90489,29.450762,33.530746,34.061234,32.676903,29.14164,25.017982,23.365786,19.512789,16.342886,12.558038,9.33772,8.637288,4.4872494,0.0,5.18502,9.187704,10.623177,10.010658,13.332657,12.830033,18.077415,20.004673,25.802044,25.964039,30.429434,32.124588,34.327995,31.932247,28.985958,25.644117,27.341644,21.899027,22.974426,20.339987,21.497076,19.402927,21.974974,26.721268,28.511145,28.298138,32.780468,35.386974,38.971107,39.243927,33.894608,34.44697,30.641245,27.982698,26.584345,23.92736,20.880123,22.196964,18.228878,20.668114,15.170463,19.03952,17.138252,19.373833,15.266234,17.058067,14.851705,17.847168,18.819496,21.14136,23.175465,25.86704,29.682423,30.206411,32.07115,32.299812,28.071718,26.415525,22.871836,19.167074,18.366753,12.566392,15.561655,11.60936,14.061265,13.1839485,16.81951,15.555092,14.706688,19.372244,19.151064,16.657778,17.84628,15.657693,11.276218,14.05565,10.721066,17.931208,14.429017,19.39518,22.478476,21.657003,18.295547,21.542921,16.02039,17.716702,17.193743,18.205269
24,18.375227,17.777206,19.832619,15.079372,16.182438,20.869118,17.075426,23.901476,22.57254,26.839476,28.916182,32.580803,33.58847,32.761684,29.316423,25.291058,24.338549,19.964283,17.962505,13.352517,11.553149,10.164785,8.264207,5.18502,0.0,4.7209225,6.856849,8.648303,12.111579,13.382161,17.87578,21.46206,26.447504,27.797623,31.553331,33.874302,36.241604,33.260838,30.493036,27.166023,27.926226,22.35113,22.58604,19.50138,19.918583,16.690971,18.514133,23.197573,25.053085,25.799046,30.017597,32.721474,36.48836,37.53801,32.21645,32.270565,28.449919,25.774143,23.802937,20.509438,17.802708,18.075357,14.009917,16.045385,10.520561,14.054561,11.971818,14.304137,10.418257,13.061018,11.544597,15.225976,17.28949,19.441793,22.41748,25.467508,29.353767,30.474525,32.613155,33.141766,29.242321,26.837523,23.391188,19.470522,17.954111,11.568903,13.750339,9.053738,10.312778,8.814501,12.028407,11.126814,11.268725,15.718097,16.332508,14.808531,16.251678,15.110204,10.503908,13.606414,12.048863,18.878859,16.251179,21.15485,24.171618,24.156149,20.928486,24.859911,18.99277,21.509214,20.49332,22.126114
25,17.514374,15.642139,17.65651,13.150932,13.172877,18.554064,13.808585,20.99412,19.808056,23.885721,26.646124,29.76899,30.898737,30.507559,27.046606,23.34878,22.830961,18.336714,17.375093,12.416162,12.233322,10.279643,10.685533,9.187704,4.7209225,0.0,5.171016,8.368563,10.228604,13.540162,16.29095,21.172865,25.338984,27.595297,30.710886,33.414894,36.10905,32.8603,30.553473,27.30303,27.27965,22.09655,21.303488,18.5771,17.78392,14.763938,15.075556,19.974827,22.396822,23.653923,27.649137,30.708893,34.69746,36.215736,31.200724,30.80241,26.695776,24.616766,21.54107,18.641384,15.274459,15.361645,10.594929,12.042112,6.285884,10.021921,8.9748125,12.023966,8.294782,12.217197,10.440934,14.833085,17.013084,19.724539,22.567646,26.102709,29.884958,31.569656,33.640312,34.02808,30.657389,27.329782,24.658844,20.587168,19.377237,12.51605,14.797907,10.023158,10.661333,9.273327,11.24842,11.423864,12.976909,16.631496,18.253254,17.653835,18.927286,18.636456,14.137669,16.659435,15.671206,21.79286,19.161615,23.959486,26.750126,26.831934,23.693375,27.361158,21.145502,23.771252,21.95747,23.7741
26,21.609724,19.77713,20.689196,15.5478945,14.992579,19.532677,13.8761425,20.60145,17.99475,22.101156,23.98493,27.472055,29.190142,28.849987,25.981329,21.884455,22.15257,17.245445,16.961824,12.472033,12.254163,12.388728,11.872976,10.623177,6.856849,5.171016,0.0,4.875334,7.9882565,10.498642,13.900053,18.863598,22.559975,25.247355,27.972216,31.019754,33.352196,29.672153,27.142944,23.984888,23.61601,18.150105,17.531597,14.1121235,13.962352,10.017455,11.872934,16.406326,18.268892,19.09416,23.228895,26.05886,29.934336,31.284306,26.151196,25.882153,21.918999,19.572834,17.030193,14.071058,10.96403,11.683437,7.6931634,10.672015,6.29643,11.436849,10.402401,11.246934,6.3929906,8.441356,5.4454203,9.780794,11.897516,14.653228,17.524244,21.09507,24.847744,26.705416,28.840649,29.385836,26.20203,22.677015,20.036055,16.012484,14.716251,7.9732046,10.200902,5.8387403,7.4649873,8.175236,10.698276,12.200554,12.234828,15.093706,16.985407,16.456545,16.657408,17.054504,12.7647295,13.772846,13.28552,18.197073,15.918169,20.350164,22.891422,23.426678,20.550251,24.645199,18.555405,22.02372,20.370451,23.130268
27,21.459263,20.340557,20.073965,14.448467,14.362063,17.546198,12.778783,18.58873,15.693776,19.963871,21.04643,25.1273,26.588623,25.760246,23.008621,18.571547,18.68338,13.819184,13.172053,9.380268,8.735631,10.687162,9.762478,10.010658,8.648303,8.368563,4.875334,0.0,5.157389,5.6688094,10.282738,14.290461,18.504063,20.652437,23.73668,26.554174,28.768599,25.278505,22.611828,19.379988,19.51845,13.965798,14.000485,10.930333,11.70922,9.735391,12.91092,17.388916,19.185398,18.416315,22.952753,25.746485,29.431767,29.81067,24.710835,25.000599,20.890762,18.81741,16.805891,15.286775,11.30455,14.201482,10.714937,14.227034,10.416966,15.872557,15.221901,15.944229,11.029333,11.610782,7.1865516,10.167151,10.120458,13.852677,15.094943,18.679106,22.37699,23.934214,25.721092,25.826801,22.594152,19.113949,16.845592,12.722189,12.75643,5.742709,10.091353,6.8850493,10.573779,12.139309,15.231697,16.49532,15.572657,18.582706,19.924759,18.63926,18.217104,18.09475,13.810684,13.787847,11.8386545,16.284414,12.933873,17.38776,19.779737,19.665873,16.752722,20.228956,14.008805,17.452475,15.649976,18.724411
28,20.013037,18.358404,16.97742,11.574938,10.573642,13.112007,7.988336,13.459027,10.754819,15.073043,16.810114,20.569984,21.765266,21.074362,18.15332,13.931688,14.333762,9.347973,10.038972,6.5311923,8.392937,10.192524,11.613123,13.332657,12.111579,10.228604,7.9882565,5.157389,0.0,5.9509907,6.1222925,11.771025,15.160798,18.074211,20.611364,23.623796,26.366074,22.905329,21.013086,17.913513,17.397356,12.921289,11.510331,10.178117,8.958245,9.962097,11.169811,15.985224,18.697655,17.468534,21.90338,25.227367,29.059866,29.347609,24.850868,24.892859,20.273537,19.473164,16.092737,16.363628,10.761633,14.908014,10.916618,13.921803,10.902488,16.258749,16.864756,18.140665,13.616279,14.918744,10.206185,13.187946,12.126346,16.7604,16.663603,20.635202,23.95309,25.883432,27.223547,26.735449,24.24089,19.82447,19.086441,15.139031,16.3745,10.030269,14.386481,11.635918,14.767817,16.137434,18.510195,20.095045,20.030714,22.820566,24.58301,23.597576,23.23085,23.239344,18.909002,18.87503,16.72798,20.673227,16.924377,21.048342,23.058594,22.424318,19.680494,21.917124,15.6504755,18.372913,15.412865,18.274096
29,22.889214,22.400473,20.741741,15.121761,15.318702,16.416735,13.131607,16.983582,13.76511,17.864422,17.729826,22.43255,23.575495,22.16888,19.772316,15.04812,15.145741,10.678607,9.908474,8.257104,7.5862536,11.707751,10.8705225,12.830033,13.382161,13.540162,10.498642,5.6688094,5.9509907,0.0,7.087407,8.962788,13.715819,15.180757,18.605078,21.166197,23.226936,19.942753,17.188787,13.893321,14.663797,9.2958145,10.295825,8.444264,10.346819,11.439415,15.1836195,19.146212,20.817053,18.331715,23.017778,25.702269,29.058582,28.288317,23.503387,24.39641,20.258465,18.832462,17.400316,17.698296,13.223884,17.783363,14.94074,18.583141,15.475779,21.011127,20.762253,21.342684,16.465021,16.244051,11.444401,12.841766,10.361625,14.775395,13.587379,16.987932,20.315794,21.542286,22.721977,22.121647,19.11976,15.548591,14.364677,10.553647,12.755436,7.692997,12.698578,11.251055,15.482676,17.532656,20.752087,22.025774,20.593147,23.475082,24.50061,22.779524,21.779694,21.356325,17.44664,16.371408,13.338432,16.307402,11.974563,15.793797,17.666367,16.607012,13.912008,16.025774,9.830952,13.11476,10.821773,14.54807
30,22.741003,21.408615,18.417746,13.652828,12.452503,11.985149,8.767127,10.482948,6.830776,10.857314,11.375101,15.7125025,16.647512,15.529542,13.117841,8.521581,9.854471,5.1664286,7.999768,7.931396,10.545084,13.601822,15.337447,18.077415,17.87578,16.29095,13.900053,10.282738,6.1222925,7.087407,0.0,6.996306,9.140215,12.663002,14.61098,17.792648,20.705908,17.25519,15.991677,13.174352,12.256,9.373193,7.2056713,8.745365,7.2155724,12.217568,13.402061,17.19154,19.84373,16.912601,21.203703,24.530872,28.034327,27.31809,23.527231,23.92073,19.22364,19.61056,16.357811,18.81107,12.90155,18.447334,15.431631,18.34555,16.490808,21.632084,22.683516,23.634094,19.243984,19.774235,14.823408,16.530592,13.676243,18.727928,16.464617,20.278408,22.94668,24.86512,25.502542,24.227554,22.568832,17.619902,18.66055,15.378675,18.229784,13.524458,18.030941,16.51116,20.023508,21.914942,24.293169,26.093222,25.678314,28.205734,29.912333,28.763063,27.885601,27.890259,23.817554,22.936525,20.339003,22.919897,18.81616,22.092335,23.4353,22.175663,19.932518,20.646116,15.07558,17.19168,13.494865,16.634577
31,25.15763,25.130783,21.50313,17.025372,17.180614,14.814901,14.648558,14.292157,11.837175,14.642255,12.90375,17.89367,17.905851,15.478825,13.690031,9.245956,9.251047,7.353947,7.63553,10.690389,11.57929,15.909351,16.574736,20.004673,21.46206,21.172865,18.863598,14.290461,11.771025,8.962788,6.996306,0.0,6.578416,6.4407425,10.452478,12.425315,15.000998,12.491812,10.842766,7.9043036,9.52668,8.053999,8.900933,11.455669,12.441257,17.459295,19.976286,23.237616,25.218195,21.155891,25.394257,28.133778,31.027048,28.92196,25.362957,26.64917,22.511744,22.788364,21.146852,23.847136,18.696285,24.410835,21.788685,25.020493,22.660683,27.998192,28.56161,29.450531,24.746233,24.633102,19.664175,20.497824,16.668455,21.280806,17.586695,20.452852,22.641201,23.607998,23.547588,21.520226,19.844194,16.0094,17.663914,15.280667,19.330477,16.208334,20.916624,20.142813,24.312157,26.388062,29.399315,30.764795,29.548702,32.372227,33.417282,31.571741,30.373196,29.768934,26.050259,24.636444,21.07549,22.731878,18.069498,20.518688,21.374058,18.959654,17.142977,15.831618,11.499765,12.286564,8.367045,11.707004
32,29.67597,28.895061,24.762402,20.950777,19.970753,16.924694,16.33122,13.694042,10.307794,11.2870655,7.4300523,12.499886,12.958909,10.7746935,10.889913,7.442338,10.15071,9.596831,12.586156,15.5203495,17.476807,21.298904,22.601639,25.802044,26.447504,25.338984,22.559975,18.504063,15.160798,13.715819,9.140215,6.578416,0.0,6.3006616,5.5740995,9.450575,12.21894,8.607264,8.96031,7.625673,5.874146,8.608496,7.2718306,12.011767,11.801431,18.393839,20.025074,22.112385,24.010618,19.190393,22.702667,25.416334,27.983507,25.496714,23.057474,24.17183,20.159859,21.849163,19.834637,24.182512,19.086412,25.22295,23.426558,26.358349,25.357847,30.412365,31.575502,32.003254,27.686016,27.258802,22.367928,22.657845,18.387676,22.973112,18.338802,21.141066,22.478882,24.04481,23.488997,21.028893,20.938835,16.026915,19.594364,17.931368,22.250254,20.015055,24.129282,23.97829,27.769867,30.221323,32.719536,34.70577,33.694458,35.880665,37.401585,36.032852,34.50688,34.524147,30.95069,29.066313,26.222143,26.84389,22.857086,24.574696,24.81618,22.91065,21.757103,20.31182,16.976204,18.06959,14.50421,17.636703
33,29.847477,30.148026,25.835253,22.157007,22.3262,18.590805,19.79943,17.30624,15.397683,16.68726,13.340675,17.946325,17.245426,14.104016,13.758876,10.810322,11.01475,11.840439,12.469743,16.5693,17.431208,21.650345,22.334162,25.964039,27.797623,27.595297,25.247355,20.652437,18.074211,15.180757,12.663002,6.4407425,6.3006616,0.0,5.837883,6.194625,8.77787,7.6051526,7.396521,6.250877,8.773231,11.056404,12.201506,15.906321,16.985748,22.76475,25.171677,27.72964,29.459137,24.593534,28.319828,30.716051,33.0337,29.908932,27.272976,28.940315,25.27583,26.2664,25.149237,28.779778,23.8928,29.884892,27.704508,30.869003,28.91537,34.18666,34.911953,35.664978,31.013071,30.58525,25.650545,25.933329,21.575209,25.85725,21.069065,23.193346,24.4818,25.053951,24.140852,21.2803,20.667719,17.393908,20.461975,19.199276,23.839321,21.971144,26.388102,26.191916,30.411829,32.68027,35.70393,37.138676,35.72445,38.41153,39.358658,37.39433,35.921173,35.270287,31.838524,30.008667,26.344933,26.947765,22.481339,23.884773,24.010973,21.081423,20.104342,16.967297,14.885956,14.3721485,11.093665,13.459019
34,33.69836,33.31761,28.756516,25.428818,24.726053,20.8047,21.399332,17.624332,15.14637,15.003964,10.263641,14.231932,13.878048,11.091124,12.6879835,10.959757,13.022644,14.183063,16.53463,20.260159,21.900002,25.859207,27.00358,30.429434,31.553331,30.710886,27.972216,23.73668,20.611364,18.605078,14.61098,10.452478,5.5740995,5.837883,0.0,4.606406,7.187036,4.5519032,7.392246,8.137554,7.391066,12.384722,12.115178,16.767136,17.045683,23.587887,25.343369,26.969126,28.567131,23.275942,26.29439,28.575457,30.549921,27.145868,25.538668,27.027578,23.606472,25.651114,24.30619,29.043982,24.31504,30.481236,28.939688,31.865417,30.926254,35.97636,37.135185,37.51179,33.167614,32.50998,27.659872,27.578386,23.006886,27.224476,21.913948,23.989256,24.607079,25.709738,24.460268,21.363596,22.09244,17.96827,22.337614,21.508902,26.204285,24.839603,28.831867,29.046417,32.969147,35.521534,38.1414,40.07282,38.831123,41.01045,42.35868,40.80357,39.088665,38.966675,35.603283,33.441334,30.378656,30.31735,26.386232,27.387789,27.126272,24.792276,24.212246,21.492804,19.65916,19.860554,16.726345,19.27927
35,34.664196,34.884808,30.086275,27.107748,26.96984,22.457495,24.273647,20.231604,18.745596,18.646399,14.44427,17.931139,16.656069,13.350647,14.683074,13.569789,14.338625,16.504946,17.844715,22.190737,23.428244,27.398369,28.41163,32.124588,33.874302,33.414894,31.019754,26.554174,23.623796,21.166197,17.792648,12.425315,9.450575,6.194625,4.606406,0.0,4.2610283,5.8650265,8.755609,9.960079,11.153068,15.667332,16.20721,20.557451,21.190336,27.539755,29.474983,31.390823,33.024426,27.740265,30.82952,33.00124,34.835857,31.099894,29.530624,31.25569,27.989271,29.78112,28.719397,33.18602,28.417772,34.557156,32.7227,35.69659,34.277065,39.397324,40.425232,41.074963,36.5677,36.027958,31.12067,31.13585,26.551792,30.67208,25.31562,27.049952,27.588074,28.134972,26.619959,23.261425,23.83659,20.714287,24.820997,24.206263,29.026466,27.735659,31.92167,32.020092,36.14678,38.54812,41.41223,43.042892,41.68193,44.16598,45.233803,43.365078,41.72661,41.22024,37.89791,35.842243,32.32088,32.32535,28.141085,28.967789,28.62146,25.694014,25.262098,21.465776,20.545683,19.653946,16.809158,18.47535
