,0,1,2,3,4,5,6,7,8,9,10,11,12,13,14,15,16,17,18,19,20,21,22,23,24,25,26,27,28,29,30,31,32,33,34,35,36,37,38,39,40,41,42,43,44,45,46,47,48,49,50,51,52,53,54,55,56,57,58,59,60,61,62,63,64,65,66,67,68,69,70,71,72,73,74,75,76,77,78,79,80,81,82,83,84,85,86,87,88,89,90,91,92,93,94,95,96,97,98,99,100,101,102,103,104,105,106,107,108,109,110
0,0.0,4.307704,6.286856,9.251208,12.040765,14.882243,17.981888,21.564507,24.692307,26.993824,30.86244,32.326374,35.589672,38.06914,33.18294,29.809658,26.666971,24.787807,21.091602,20.901114,16.888037,18.669836,16.845064,19.85538,24.439917,26.731024,30.373777,32.05609,32.17802,36.86372,39.21935,43.436325,46.318497,44.63288,46.927032,48.34341,47.96448,45.38445,42.228825,40.181965,37.00386,37.955135,33.558598,36.78741,30.643124,32.246284,27.608597,29.27057,25.314236,24.908018,22.78938,20.32659,18.149097,22.048914,16.943626,16.709644,21.914286,23.246054,26.746237,29.08215,27.272278,31.038359,27.336529,31.06886,30.503094,32.43884,34.247467,34.73405,34.49612,35.572018,31.925138,34.81195,31.336916,34.582996,32.961266,35.21793,34.558903,34.082268,35.612434,38.072495,36.143482,31.51349,30.898678,27.230383,27.098694,22.350744,23.446701,20.238987,22.685143,22.525803,25.380962,27.891766,31.800894,29.526525,35.769897,36.41932,32.41632,36.35549,40.50913,38.10357,35.615246,36.254917,40.953163,44.443695,40.330654,37.637,34.789467,30.514475,28.794056,25.068779,23.081451
1,4.307704,0.0,5.348639,5.595608,8.8560915,12.324728,14.595059,19.13172,21.750847,24.618656,28.16311,30.05493,33.197803,35.536064,30.834232,26.92596,24.191784,21.859991,18.525034,17.903378,13.99227,16.332035,13.788283,16.094635,20.876083,23.069466,26.454155,27.974335,28.112387,32.729267,35.259315,39.36153,42.317223,40.831047,43.048508,44.623146,44.295288,41.694157,38.705326,36.542973,33.381046,34.013752,29.564756,32.629753,26.484589,27.953974,23.308653,25.013798,21.06431,20.900124,18.827082,16.574465,14.778395,18.92869,13.790866,13.620694,18.69268,20.244017,24.290154,26.00391,23.905457,27.5942,23.607973,27.225668,26.923178,28.522083,30.189043,30.522062,30.338003,31.281796,27.719532,30.65354,27.263527,30.668413,29.183191,31.648087,31.289692,31.029106,32.77397,35.22561,33.618553,28.807137,28.047241,24.25824,23.660656,18.997967,19.681328,16.122108,18.710373,18.594555,21.68807,24.344568,28.53776,26.583412,32.571606,32.924713,28.94642,33.43121,37.269424,34.60528,32.262733,33.324947,37.990803,41.54185,37.75112,34.94413,32.532368,27.791739,26.602276,22.644472,21.27515
2,6.286856,5.348639,0.0,5.675369,6.670796,9.417229,12.469912,15.34485,18.650337,20.736225,24.679607,26.08282,29.403782,32.023003,27.306389,24.070238,20.974686,19.521162,15.991684,16.640398,13.49829,16.604801,15.473387,17.5672,22.979906,24.124249,28.229822,29.45348,28.344097,33.13834,34.842022,38.972977,41.530895,39.36989,41.764324,42.9,42.517574,40.059067,36.648285,34.836895,31.487774,33.124638,28.756498,32.531292,26.395836,28.946634,24.437248,27.123152,23.402273,24.192335,22.207458,20.566021,19.171713,23.03619,17.61106,16.617237,21.571192,22.45292,26.836706,28.334887,25.907831,30.478376,26.713034,30.301516,30.81846,31.925829,32.90986,32.93419,32.366295,32.604767,28.865572,31.041283,27.03868,30.104334,27.914165,30.276701,29.064173,28.740738,29.91653,32.20181,30.138208,25.701645,24.826908,21.31257,21.474655,16.850805,18.385536,16.224575,18.780525,19.55972,22.251678,23.880804,28.67199,25.444305,31.695292,32.072548,27.687632,31.47813,35.649456,33.05031,30.194365,30.727531,35.58907,39.348473,35.16767,32.34926,29.939016,25.387005,23.699203,20.251204,18.008526
3,9.251208,5.595608,5.675369,0.0,4.444459,7.2730665,9.599319,14.321616,16.717358,19.951195,23.256178,25.5459,28.713495,31.190895,26.96009,22.734966,20.54417,18.284948,15.62061,15.4008255,12.571857,16.327671,13.780987,14.376449,19.85168,21.062418,24.322266,25.208096,24.340755,28.9129,31.153812,34.892227,37.602947,35.825943,37.83137,39.3606,38.86631,36.221478,33.219673,31.04004,28.068386,28.722132,24.461626,27.72841,21.735558,23.951174,19.293365,21.991089,18.00909,19.236757,16.885593,15.820732,14.603167,18.234364,12.926625,11.855951,16.469105,17.539993,22.368917,23.254564,20.62664,25.067326,21.202938,24.738052,25.621372,26.624628,27.309113,27.554073,26.729237,27.23212,23.379068,25.84176,22.167244,25.370207,23.738277,26.119154,25.697227,25.478327,27.270443,29.741894,28.300741,23.38113,22.747541,18.845465,18.267324,13.4680605,14.834817,11.781068,15.042436,15.95083,19.243565,21.286373,26.532259,24.134634,29.808727,29.568853,25.246515,30.18156,33.691273,30.494482,27.888845,29.3417,34.154427,38.048172,34.488976,31.467825,29.887545,24.524462,23.847889,20.059652,18.967987
4,12.040765,8.8560915,6.670796,4.444459,0.0,6.0125732,5.949322,10.62672,12.910985,15.960233,19.33376,21.419123,24.512966,26.91064,22.550472,18.484093,16.12931,14.106888,11.439076,11.878951,9.913277,14.351156,12.927611,13.174552,19.003784,19.206553,23.16548,23.891737,22.056347,26.810266,28.366552,32.350777,34.87014,32.77469,35.192734,36.414474,36.1706,33.768734,30.446865,28.605799,25.055721,26.683252,22.149275,26.057371,19.866253,22.8066,18.483503,21.818344,18.504581,20.287958,18.72901,17.936718,17.68727,21.485718,16.5251,15.4036665,19.459743,20.361134,25.579285,25.796356,22.77327,27.381027,23.32294,26.472208,27.794367,27.943121,28.340948,27.7947,27.253319,26.722757,23.194382,24.957108,20.737072,24.005276,21.606644,24.49792,23.409857,23.615795,24.89562,27.015991,25.41123,20.840496,19.40005,15.796785,15.205709,10.881967,11.728095,9.935528,12.674656,14.248313,17.00936,18.208296,23.821754,20.59269,26.385908,26.211643,21.678543,26.18443,29.892408,26.849876,24.036669,25.154224,30.026382,33.967766,30.249292,27.22654,25.686304,20.335884,19.56348,15.960204,14.7718935
5,14.882243,12.324728,9.417229,7.2730665,6.0125732,0.0,7.205113,8.549121,11.730385,14.421822,17.84208,20.1619,23.622637,26.682169,23.229044,19.502142,17.803108,16.796457,15.058357,16.445648,15.517685,20.187735,18.71388,18.108,23.894005,23.662825,27.002438,27.051334,24.345287,28.730083,29.956833,33.07606,35.069874,32.325474,34.016777,35.096138,34.16669,31.521257,28.16414,26.249084,23.704374,25.14654,21.57977,25.516495,20.191319,24.050552,19.793924,23.974709,20.309547,23.190596,20.603472,20.878922,19.968218,22.492466,17.347666,15.140251,18.73817,18.528059,23.573862,23.890396,20.908834,26.58741,23.57033,26.92712,29.287466,29.762733,29.005938,29.274664,27.292421,27.097357,22.784353,23.982748,19.690125,21.913528,19.62629,21.293352,19.950766,19.368874,20.731346,23.257654,21.490515,16.666426,16.682425,12.803337,13.616001,8.502413,12.821281,12.394399,15.951735,18.417965,21.292501,21.824413,28.196676,24.554102,29.858936,29.018717,24.150356,28.781183,32.10535,28.399618,25.031704,26.44633,31.5194,35.935184,32.34483,29.148645,28.538342,22.916262,22.354036,19.518286,17.945723
6,17.981888,14.595059,12.469912,9.599319,5.949322,7.205113,0.0,7.0693545,7.586004,11.569732,14.156183,16.881203,19.705616,21.961317,18.219538,13.538007,12.277381,10.200399,9.312306,10.161997,10.641,15.582555,14.602823,12.897586,18.540579,17.299927,21.039362,21.006502,17.752344,22.363758,23.307642,27.022701,29.268026,26.90856,29.382832,30.49752,30.349567,28.07263,24.674686,22.972342,19.145401,21.250036,16.656622,21.040249,14.99892,18.941088,15.179745,19.52847,17.006746,20.03171,18.983742,19.248526,19.969017,23.249863,19.01057,17.695114,20.536339,21.12277,26.738348,25.809835,22.343817,27.042456,23.08709,25.640165,27.936422,27.081223,26.597204,25.43503,24.711308,23.09658,19.837048,20.65589,15.993315,19.192236,16.205065,19.622002,18.273731,19.091942,20.18624,21.99256,20.762062,16.350658,14.175379,10.726401,9.433324,6.004168,6.232054,6.8867955,9.410275,12.413239,14.715457,14.69774,21.276009,17.658377,22.70582,21.84022,17.024874,21.97727,25.174053,21.612406,18.587502,20.214382,25.12862,29.35332,26.06167,22.849846,22.444395,16.438974,16.647224,13.505685,13.322184
7,21.564507,19.13172,15.34485,14.321616,10.62672,8.549121,7.0693545,0.0,4.599183,5.88803,9.673079,11.621636,15.112285,18.316856,15.201897,12.291237,10.999177,11.713784,11.427731,14.416533,15.87466,20.6299,20.850035,19.564638,25.070284,23.103342,27.082209,26.654375,22.07861,26.312222,25.892923,29.072348,30.387886,26.7784,29.155237,29.436478,28.927666,26.876179,22.812742,21.823862,18.252241,22.02503,18.439022,23.504013,18.575977,23.730959,20.61223,25.58829,23.291355,26.845522,25.477299,26.08838,26.402151,29.182114,24.626997,22.66316,25.437342,25.158817,30.507742,29.736929,26.32541,31.861864,28.672653,31.258743,34.222466,33.373184,32.097843,31.096802,29.558224,27.536825,24.074635,23.679813,18.675898,20.511446,16.619953,19.05584,15.959696,16.419275,16.232885,17.74222,15.517524,11.924614,9.7667465,7.159533,8.937188,6.814567,10.343088,13.453277,15.375373,18.79748,20.338003,18.882893,25.605099,20.538275,25.304312,24.320528,19.221447,22.617552,25.98135,22.470512,18.484335,19.1825,24.321575,28.954836,25.230986,22.044062,22.190674,16.789633,16.334785,14.890936,13.3167515
8,24.692307,21.750847,18.650337,16.717358,12.910985,11.730385,7.586004,4.599183,0.0,4.8715115,6.6334186,9.808977,12.637442,15.331014,12.798218,8.873481,9.183405,9.547183,10.969593,13.456978,16.009,20.647923,20.866594,18.618313,23.605515,20.906734,24.534435,23.690311,18.421286,22.381811,21.5505,24.609026,25.838055,22.252918,24.85884,25.166176,24.969625,23.085205,19.03533,18.157267,13.972281,18.222372,14.436861,19.752459,15.062896,20.541296,18.103779,23.282763,21.74693,25.66868,24.894257,25.894026,26.912977,29.60327,25.671486,23.953203,26.026323,25.909334,31.445467,29.885752,26.273136,31.35247,28.034903,30.08003,33.336315,31.769026,30.21542,28.623787,27.368258,24.538702,21.654894,20.667542,15.586411,17.52831,13.183549,16.48457,13.417329,14.864305,14.624935,15.6382475,14.167954,10.888469,7.110196,5.1038175,5.2497034,6.0713525,7.5750227,12.141295,13.275033,17.06685,18.129618,15.986903,22.923164,18.063501,21.987823,20.498747,15.428809,19.265898,22.052677,18.16735,14.177279,15.520411,20.577988,25.318045,22.148281,18.843138,19.953766,14.085884,14.784124,13.614802,13.429402
9,26.993824,24.618656,20.736225,19.951195,15.960233,14.421822,11.569732,5.88803,4.8715115,0.0,4.5191975,5.745,9.266343,12.7050085,10.408098,8.938007,8.767574,11.2846155,12.547716,16.040659,18.815107,23.158356,24.232542,22.574373,27.523788,24.576393,28.630947,27.849564,22.222178,25.995544,24.291403,27.263285,27.920462,23.657671,26.47403,26.046162,25.880571,24.41544,19.94311,19.857042,15.707064,21.187714,18.01544,23.471655,19.36859,25.000683,22.857643,28.017473,26.60475,30.425259,29.67708,30.506575,31.368399,34.14291,29.938763,28.066242,30.393974,30.051212,35.44564,34.12882,30.589817,35.941025,32.793343,34.89852,38.185112,36.628696,35.015335,33.342564,32.04247,29.000578,26.230974,24.81221,19.781359,21.089346,16.445124,19.120703,14.976403,16.250576,14.757905,15.096993,12.6887245,11.045568,6.829631,7.168565,9.206513,10.387805,12.214819,16.803818,17.559147,21.197489,21.776636,19.020782,25.52076,19.759495,23.616253,22.461912,17.539434,19.596346,22.723032,19.465603,15.081098,15.046478,20.0378,24.809069,21.146122,18.062212,19.172724,14.356216,14.217964,14.388873,13.217844
10,30.86244,28.16311,24.679607,23.256178,19.33376,17.84208,14.156183,9.673079,6.6334186,4.5191975,0.0,4.3816686,6.561665,9.698137,9.320863,7.8876767,9.914614,12.2893,14.840712,17.78784,21.215086,25.386864,26.38354,24.000082,28.400148,24.877897,28.395763,27.137121,20.862204,24.007484,21.600107,24.014805,24.196825,19.58197,22.454767,21.74547,21.75225,20.595837,16.028337,16.422812,12.016054,18.335861,15.697733,21.136826,17.986525,23.830889,22.508507,27.769114,27.006956,31.184093,30.769278,32.024998,33.310135,35.812706,32.103725,30.301363,31.994602,31.60217,37.010178,35.07353,31.454475,36.509254,33.514744,35.148743,38.81854,36.723137,34.6662,32.640873,31.33672,27.644808,25.399323,23.216131,18.40657,19.24562,14.337613,17.200798,12.822018,14.912886,12.980462,12.475321,10.833125,10.331325,4.8165774,7.365154,8.59562,11.898427,12.757017,18.001425,18.228374,22.017096,22.176344,18.808962,25.224663,19.770073,22.40088,20.632517,16.031021,18.011478,20.224125,16.596933,12.113096,12.591115,17.251451,22.196238,19.290573,16.210752,18.755169,13.982925,15.007791,15.779109,15.730496
11,32.326374,30.05493,26.08282,25.5459,21.419123,20.1619,16.881203,11.621636,9.808977,5.745,4.3816686,0.0,3.8107955,7.767881,7.3564434,8.932926,9.956581,13.618316,15.753873,19.299477,22.780138,26.612425,28.345577,26.563152,30.95821,27.34967,31.389994,30.38202,24.130903,27.32166,24.43324,27.101685,27.033754,22.225094,25.445326,24.189573,24.449045,23.736607,19.070957,20.021708,15.640489,22.403862,19.842667,25.280048,22.09467,27.793423,26.481066,31.587963,30.860325,34.756687,34.4747,35.399155,36.616596,39.40933,35.428123,33.62487,35.70079,35.322926,40.710094,39.056747,35.4696,40.6433,37.54228,39.28719,42.746918,40.67936,38.86568,36.677536,35.626564,31.843634,29.717197,27.557302,22.759111,23.571827,18.655905,21.286142,16.592026,18.405806,15.845239,14.872501,12.53601,13.293462,8.487723,11.152498,12.83742,15.519411,16.265402,21.35082,21.28813,24.853052,24.651579,20.9931,26.847492,20.711018,23.470423,22.29206,17.955017,18.173882,20.910301,18.280216,13.847101,12.6295,16.995378,21.696169,18.172676,15.465246,17.596193,14.127592,14.212383,16.026745,15.248299
12,35.589672,33.197803,29.403782,28.713495,24.512966,23.622637,19.705616,15.112285,12.637442,9.266343,6.561665,3.8107955,0.0,4.1734257,6.304635,9.23638,11.248291,14.879161,17.632103,20.865074,24.775269,28.25857,30.236788,28.213968,32.109684,28.080309,31.948614,30.772572,24.238655,26.958822,23.36833,25.848549,25.389568,20.462679,24.055109,22.371584,23.125237,22.960217,18.389275,19.912525,15.284898,22.568947,20.27213,25.53853,22.919228,28.462261,27.759523,32.71348,32.53195,36.430756,36.561996,37.565006,39.129738,41.94685,38.2426,36.57938,38.408943,38.12552,43.560394,41.575684,37.93557,42.8125,39.652683,41.07323,44.585503,42.093834,40.215706,37.59868,36.8668,32.561607,30.998503,28.450415,23.905,24.59509,19.656012,22.509571,17.906145,20.195568,17.41175,15.751607,14.03222,15.646934,10.645749,13.865157,14.853569,18.33285,18.133991,23.410954,22.775064,26.228357,25.52003,21.376055,26.69874,20.66228,22.437744,21.155106,17.3979,16.59094,18.780035,16.57937,12.400862,10.587988,14.253582,18.84461,15.736198,13.323479,16.436323,13.800189,14.461642,16.993681,16.909662
13,38.06914,35.536064,32.023003,31.190895,26.91064,26.682169,21.961317,18.316856,15.331014,12.7050085,9.698137,7.767881,4.1734257,0.0,5.9092727,9.519333,12.169841,15.454558,18.69732,21.463734,25.746357,28.735987,30.999567,28.818691,32.087242,27.678043,31.424952,30.20182,23.601849,25.900297,21.6882,24.27451,23.650938,18.993906,23.21622,21.303682,22.825014,23.193413,18.930906,20.78285,15.711945,23.158018,20.784595,25.794691,23.469511,28.59354,28.47281,33.081783,33.50446,37.21156,37.899952,38.84274,40.824596,43.797016,40.400875,38.99126,40.65804,40.618,46.143833,43.867126,40.169678,44.607304,41.225487,42.309692,45.67598,42.732513,41.01759,37.851086,37.715584,32.89851,32.018616,29.312645,25.047993,25.941875,21.089508,24.44389,20.25216,22.989954,20.357767,18.383987,17.315506,19.021164,13.787473,16.94214,17.02269,20.985756,19.544909,24.793108,23.454872,26.63103,25.32752,20.77003,25.294992,19.485575,20.20874,18.990168,16.01529,13.941957,15.62129,14.205833,10.636165,7.8915424,10.566766,14.954479,12.267932,10.22427,14.325381,12.701381,14.011635,17.095064,17.847597
14,33.18294,30.834232,27.306389,26.96009,22.550472,23.229044,18.219538,15.201897,12.798218,10.408098,9.320863,7.3564434,6.304635,5.9092727,0.0,5.9630327,6.852471,10.690972,13.378067,16.459469,20.599636,23.391775,26.072338,24.550915,28.07219,23.987223,28.52787,27.912598,21.927298,25.139544,21.76333,25.559364,25.918982,21.993637,26.469725,25.274612,26.757149,26.567421,22.249805,23.30601,17.65168,24.544886,20.967434,26.285177,22.533127,27.361473,26.539131,30.896076,30.98165,34.133587,34.930218,35.295746,37.200634,40.68232,37.011242,35.8093,38.045094,38.343357,43.9821,42.150288,38.45207,42.859814,39.00637,40.40671,43.16584,40.51498,39.52975,36.34599,36.70096,32.27125,31.146439,29.2946,24.66442,26.486092,21.607302,25.54377,21.626837,24.106558,22.069666,20.945139,19.341694,19.629387,14.118069,16.033613,15.813349,18.748226,16.693203,21.460094,19.968382,22.852509,21.546364,17.256264,21.779623,15.2574835,17.62476,17.352655,13.733949,11.686133,15.296755,14.316946,10.6437235,7.148457,11.357366,15.566395,11.245562,8.641746,10.348682,8.181094,8.389255,11.580673,12.00685
15,29.809658,26.92596,24.070238,22.734966,18.484093,19.502142,13.538007,12.291237,8.873481,8.938007,7.8876767,8.932926,9.23638,9.519333,5.9630327,0.0,4.5586877,6.1608543,9.932173,12.194337,16.500507,19.771732,21.584154,19.347685,22.953302,18.910778,23.14188,22.402458,16.448982,20.04507,17.51033,21.61002,22.690264,19.367275,23.659975,23.338125,24.66711,23.915276,19.87574,20.112282,14.164559,20.161251,15.869211,21.195429,16.84002,21.57366,20.590517,24.96626,25.04543,28.296066,29.130081,29.667961,31.750914,35.11848,31.754644,30.710829,32.663464,33.154247,38.846416,36.79579,33.07426,37.174335,33.20182,34.50523,37.24642,34.55936,33.61061,30.464388,30.888916,26.586267,25.437618,23.93077,19.281311,21.678078,17.009857,21.5551,18.466444,21.117165,20.034693,19.565536,18.565254,17.400349,11.851204,12.642834,11.092993,14.152302,10.962926,15.785946,14.224208,17.33549,16.35017,12.266123,17.931244,12.065213,14.911776,13.938472,9.337407,10.745071,14.022819,11.465842,7.540253,7.0034385,12.137651,16.678326,13.2959,9.980856,11.735018,6.1905456,8.298644,9.127298,10.897174
16,26.666971,24.191784,20.974686,20.54417,16.12931,17.803108,12.277381,10.999177,9.183405,8.767574,9.914614,9.956581,11.248291,12.169841,6.852471,4.5586877,0.0,4.5680456,6.5942054,10.003177,13.880351,17.070572,19.496027,18.330145,22.419918,18.97003,24.005768,23.90907,18.813879,22.968393,21.087568,25.624706,27.015402,23.88509,28.090775,27.840185,28.991858,28.051476,23.914558,23.938559,18.239483,23.819977,19.232706,24.55611,19.440046,23.864658,22.133562,26.264292,25.791674,28.501524,29.185493,29.130495,30.889383,34.68906,30.862545,29.869171,32.496925,33.126476,38.802345,37.343872,33.703472,37.994694,33.793545,35.515656,37.75874,35.543304,35.15451,32.243896,32.821125,29.081038,27.53034,26.690496,21.866344,24.584627,20.045887,24.372984,21.201578,23.326403,22.317715,22.24989,20.588312,19.012957,13.889507,13.899527,12.99909,14.460817,11.742409,15.699082,14.393675,17.11426,16.345873,12.946,18.255966,11.722993,16.27567,16.384727,11.846081,12.506529,16.930721,15.270042,11.813767,10.296351,15.172277,19.187534,14.828791,11.852324,11.192408,6.2858124,5.6666355,6.093221,6.484576
17,24.787807,21.859991,19.521162,18.284948,14.106888,16.796457,10.200399,11.713784,9.547183,11.2846155,12.2893,13.618316,14.879161,15.454558,10.690972,6.1608543,4.5680456,0.0,4.3440294,6.0618,10.382987,13.666883,15.558996,13.920199,17.89629,14.494437,19.57194,19.66714,15.152159,19.662441,18.68057,23.631199,25.6832,23.394604,27.537996,27.914122,29.16036,27.970041,24.261232,23.735798,18.007402,22.468164,17.286839,22.237635,16.513952,20.255537,18.385162,22.112709,21.786533,24.188889,25.237593,25.05263,27.148726,31.096956,27.625895,26.991135,29.463242,30.47485,36.18927,34.58037,30.95303,34.721516,30.205328,31.783333,33.6966,31.363264,31.363794,28.267273,29.35312,25.724955,24.41335,24.127985,19.523146,22.92218,18.86216,23.670023,21.420027,23.639204,23.409159,23.731157,22.592667,20.14659,15.333481,14.406766,12.255545,13.313182,8.811953,11.999896,10.0907345,12.587723,11.8260565,8.821754,14.639435,8.869589,14.014805,14.068304,9.383615,12.206271,16.324219,14.29516,11.620065,11.568566,16.174961,19.908281,16.223661,13.202869,12.345521,6.3177066,7.186931,4.6753435,7.275174
18,21.091602,18.525034,15.991684,15.62061,11.439076,15.058357,9.312306,11.427731,10.969593,12.547716,14.840712,15.753873,17.632103,18.69732,13.378067,9.932173,6.5942054,4.3440294,0.0,4.392303,7.391946,10.883816,13.203108,12.959406,17.532953,15.184178,20.742178,21.454372,18.022604,22.811638,22.501076,27.555637,29.808582,27.605726,31.554981,32.027027,33.03662,31.63009,27.866241,27.124434,21.715477,25.746223,20.512693,25.322939,19.163824,22.521402,19.911495,23.29229,22.284056,24.077543,24.833158,24.031351,25.686342,30.011848,26.102299,25.545122,28.675358,29.82723,35.43489,34.450455,30.973003,34.87449,30.219957,32.232014,33.628265,31.895098,32.419933,29.735361,30.82972,27.923668,26.161957,26.537188,21.90943,25.462336,21.651001,26.114357,23.903156,25.616997,25.554361,26.26429,24.69186,21.832756,17.604193,16.023712,14.487414,13.960976,10.474992,12.1561775,10.948729,12.767903,12.62937,11.08143,16.145845,10.652629,16.834206,17.580832,13.237192,15.578824,20.139751,18.523344,15.956924,15.495753,20.008478,23.452415,19.291172,16.546534,14.282588,9.449746,8.299813,4.554815,4.91179
19,20.901114,17.903378,16.640398,15.4008255,11.878951,16.445648,10.161997,14.416533,13.456978,16.040659,17.78784,19.299477,20.865074,21.463734,16.459469,12.194337,10.003177,6.0618,4.392303,0.0,4.6609287,7.7793274,9.620074,8.977625,13.183646,11.008797,16.73352,17.839554,15.462955,20.343195,20.861403,26.211182,28.993082,27.637104,31.580477,32.507984,33.724106,32.248833,28.923101,27.85924,22.475712,25.549421,19.990911,24.195372,17.769112,20.051086,17.494974,20.083185,19.425194,20.601603,22.014324,20.929111,23.110235,27.666231,24.304234,24.268015,27.147083,28.767187,34.3407,33.152035,29.735544,32.900074,27.8816,29.626215,30.525616,28.564604,29.650711,26.63311,28.489208,25.649963,24.369272,25.279425,21.103354,25.190125,21.931122,26.747787,25.347681,27.221472,27.689882,28.534538,27.44633,24.19963,20.11947,18.196697,15.725572,15.1473465,10.196102,10.349404,8.156426,8.942732,8.602499,8.196823,12.828554,8.85838,15.082311,15.96655,12.195223,15.6831455,19.775633,18.213009,16.551092,16.879457,20.907255,23.923912,20.407219,17.792572,15.5262,10.64577,10.654802,6.1989737,8.532048
20,16.888037,13.99227,13.49829,12.571857,9.913277,15.517685,10.641,15.87466,16.009,18.815107,21.215086,22.780138,24.775269,25.746357,20.599636,16.500507,13.880351,10.382987,7.391946,4.6609287,0.0,4.9475913,5.9427114,7.467026,12.233454,11.968811,17.436964,19.134647,18.184574,23.091618,24.480005,29.713642,32.74682,31.618982,35.22817,36.413097,37.358955,35.602028,32.392292,30.989986,26.03758,28.34813,22.836992,26.644617,19.995707,21.615675,18.358751,20.294115,18.866507,19.165564,20.256763,18.422657,20.158855,25.098122,21.518223,21.777891,25.182407,27.085766,32.419636,31.828012,28.66778,31.674278,26.52577,28.654692,28.866972,27.630095,29.35108,26.89903,28.771513,26.88075,25.20183,26.915071,22.97345,27.199066,24.442955,28.89398,27.86005,29.276836,30.133568,31.40577,30.17107,26.408659,23.02377,20.470818,18.289087,16.409912,12.473964,10.668512,9.61873,9.22182,10.126495,11.70043,15.330906,12.72021,18.930536,20.007404,16.535145,20.17268,24.236609,22.657623,21.065323,21.518755,25.551613,28.445107,24.851881,22.344152,19.569363,15.1815605,14.541457,10.074397,10.935101
21,18.669836,16.332035,16.604801,16.327671,14.351156,20.187735,15.582555,20.6299,20.647923,23.158356,25.386864,26.612425,28.25857,28.735987,23.391775,19.771732,17.070572,13.666883,10.883816,7.7793274,4.9475913,0.0,5.255095,8.782774,11.390489,11.887141,17.510603,19.933748,20.153614,24.784681,26.31393,31.916904,35.179718,34.581425,38.507576,39.71948,41.040348,39.47814,36.396713,35.092022,29.903173,32.174084,26.538801,30.004892,23.450527,24.158154,21.321054,22.175781,21.318316,20.457531,22.395393,19.852467,21.916388,27.204102,24.12662,24.939442,28.335398,30.623486,35.731636,35.237328,32.249237,34.559353,29.134235,30.995539,30.34859,28.975918,31.543842,28.657177,31.48891,29.562183,28.515997,30.474466,26.888151,31.31872,28.703312,33.386486,32.484478,34.06421,34.87906,35.998726,34.80287,31.21771,27.57468,25.243835,22.878471,21.297812,16.852102,14.7587385,12.921293,11.16907,11.012251,13.142662,14.327597,12.925194,18.90995,20.869377,18.397552,21.134916,25.264137,24.627117,23.727766,23.757996,27.164005,29.312109,25.810934,23.782343,20.143103,17.007963,16.145958,11.939351,13.185336
22,16.845064,13.788283,15.473387,13.780987,12.927611,18.71388,14.602823,20.850035,20.866594,24.232542,26.38354,28.345577,30.236788,30.999567,26.072338,21.584154,19.496027,15.558996,13.203108,9.620074,5.9427114,5.255095,0.0,5.2715936,8.489306,10.692868,15.141265,17.61466,18.897284,23.430252,26.001966,31.159319,34.690323,34.458687,37.805523,39.48756,40.476627,38.573185,35.87303,34.091446,29.498074,30.568996,25.081036,27.905525,21.370533,21.3569,18.060602,18.359499,16.97822,15.635549,17.408468,14.639987,16.7849,22.095715,19.37485,20.537228,23.691284,26.251526,31.182846,30.683706,27.87128,29.750284,24.26339,26.191013,25.264519,24.263083,27.080292,24.693016,27.41557,26.266874,25.000952,27.618816,24.496292,29.048948,27.156736,31.57581,31.434925,32.78092,34.20833,35.713512,34.850895,30.692501,27.717642,24.832376,22.171356,20.014519,15.822688,12.197969,11.148033,8.670642,10.12805,13.7723,15.695614,15.703776,21.03967,22.163328,19.593418,23.884312,27.33089,25.819641,24.991814,26.040436,29.631039,32.096817,29.097364,26.76768,24.018862,19.88205,19.776272,15.303123,16.698645
23,19.85538,16.094635,17.5672,14.376449,13.174552,18.108,12.897586,19.564638,18.618313,22.574373,24.000082,26.563152,28.213968,28.818691,24.550915,19.347685,18.330145,13.920199,12.959406,8.977625,7.467026,8.782774,5.2715936,0.0,5.86589,7.027371,10.9009,12.832109,13.952264,18.439417,21.37945,26.253458,29.87405,29.917019,33.030952,34.953705,35.937782,34.005215,31.627413,29.699432,25.294287,25.783968,20.32817,22.809969,16.386766,16.100235,12.997934,13.490302,12.626157,12.201257,14.44069,12.76512,15.791253,20.516256,18.386278,19.391186,21.607233,24.079206,29.267973,27.922476,24.867031,26.56304,21.049114,22.521606,22.354717,20.559868,22.795046,19.996931,22.760208,21.135529,20.175838,22.651482,19.758379,24.437675,22.813644,27.424902,27.746298,29.3604,31.01791,32.454952,32.099194,27.914183,24.942356,22.125095,18.822683,17.342813,12.277443,8.404155,6.68341,3.5698953,6.1674113,10.391922,13.473108,14.18785,18.593494,18.802761,16.22297,21.751925,24.40242,22.19609,21.610287,23.551235,27.058285,29.741333,27.405764,24.862282,23.282742,18.311392,19.347504,14.994245,17.343496
24,24.439917,20.876083,22.979906,19.85168,19.003784,23.894005,18.540579,25.070284,23.605515,27.523788,28.400148,30.95821,32.109684,32.087242,28.07219,22.953302,22.419918,17.89629,17.532953,13.183646,12.233454,11.390489,8.489306,5.86589,0.0,5.1093173,7.187832,10.33543,13.990301,17.51251,21.104717,26.050484,30.053343,31.167822,34.3954,36.572525,38.011215,36.320717,34.4436,32.542168,28.133095,28.0379,22.715876,24.226654,18.517492,16.422953,14.605168,12.957945,13.792082,11.7342205,15.768996,13.837273,17.771452,22.278028,21.502127,23.145718,24.61433,27.47724,32.290176,30.549274,27.739475,28.090935,22.40355,22.96311,21.840376,19.220213,22.490288,18.746016,23.162384,21.312567,21.725958,24.39428,22.437271,27.228765,26.101135,30.947016,31.769571,33.69898,35.455334,36.67497,36.701893,32.715107,29.510603,27.00567,23.266764,22.5039,16.80038,13.263258,10.661785,6.68899,6.8242025,11.662784,11.686585,15.230782,18.083832,18.573706,17.55386,22.840647,24.729403,23.1878,23.72491,25.819344,28.450354,30.339066,28.780323,26.656748,25.100122,20.89974,22.449045,18.407862,21.5096
25,26.731024,23.069466,24.124249,21.062418,19.206553,23.662825,17.299927,23.103342,20.906734,24.576393,24.877897,27.34967,28.080309,27.678043,23.987223,18.910778,18.97003,14.494437,15.184178,11.008797,11.968811,11.887141,10.692868,7.027371,5.1093173,0.0,6.1647487,8.340472,10.016199,13.836875,16.585363,21.940609,25.788368,26.741877,30.389812,32.307915,34.06221,32.67234,30.671993,29.117338,24.261795,24.927752,19.466633,21.444397,15.824606,14.525263,13.544917,13.163983,14.837182,14.513942,18.290255,17.332212,21.228287,25.40884,24.279453,25.368511,26.672812,29.107977,34.29014,32.076233,28.920128,29.833366,24.367744,24.705173,24.68524,21.354004,23.525194,19.106274,23.287312,20.126915,20.926113,22.610516,20.277952,24.978333,23.288984,28.527422,28.954624,31.300325,32.663654,33.47977,33.621502,30.130758,26.37027,24.425308,20.47337,20.774395,14.286741,12.318439,8.480674,5.519029,2.8105109,6.9357595,7.4444094,10.982071,13.236959,13.481376,12.600418,17.995842,19.644518,18.153854,18.933979,21.061682,23.459496,25.341465,24.032866,21.916813,20.92449,16.64362,18.846743,15.263128,19.06724
26,30.373777,26.454155,28.229822,24.322266,23.16548,27.002438,21.039362,27.082209,24.534435,28.630947,28.395763,31.389994,31.948614,31.424952,28.52787,23.14188,24.005768,19.57194,20.742178,16.73352,17.436964,17.510603,15.141265,10.9009,7.187832,6.1647487,0.0,3.6113546,9.456759,11.443394,15.883444,20.218431,24.449932,26.565027,29.505224,32.02726,33.737133,32.26967,31.125277,29.222935,25.210054,24.182241,19.377016,19.70261,15.312568,11.714696,12.026784,9.471448,12.790118,12.010318,16.67,16.45612,20.891857,24.176643,24.41402,25.840124,25.9862,28.58637,33.34227,30.490002,27.596994,27.240917,21.951536,21.30936,21.119902,16.892132,19.297709,14.1957445,19.53925,16.463125,18.475992,20.552395,19.612646,24.204603,23.654573,28.62391,30.101076,32.4766,34.35439,35.253075,36.02889,32.401146,29.169544,27.169317,22.862669,23.416336,17.239334,14.803511,11.746722,9.059195,8.191034,11.484518,11.275854,16.241356,16.52772,15.688322,15.836856,21.904406,22.142458,20.145132,21.6438,24.731138,26.606401,28.278103,28.02364,25.980646,25.956415,21.567753,24.36453,21.024492,24.894012
27,32.05609,27.974335,29.45348,25.208096,23.891737,27.051334,21.006502,26.654375,23.690311,27.849564,27.137121,30.38202,30.772572,30.20182,27.912598,22.402458,23.90907,19.66714,21.454372,17.839554,19.134647,19.933748,17.61466,12.832109,10.33543,8.340472,3.6113546,0.0,6.9818087,8.163456,13.146979,16.951904,21.21694,23.546179,26.203249,28.889332,30.557404,29.103472,28.257113,26.31069,22.615927,21.097807,16.613146,16.437275,12.726403,8.683074,10.142074,8.0282135,12.132115,12.694514,16.894886,17.60493,21.942127,24.627108,24.998274,26.118917,25.752176,28.050777,32.833195,29.510664,26.521181,26.220701,21.2934,20.3047,21.037973,16.359327,17.692427,12.226544,17.313736,13.459099,16.009487,17.602583,17.03604,21.433891,21.135862,26.05468,27.806524,30.319967,32.256542,33.04992,34.159393,30.687521,27.59416,25.80556,21.356728,22.473244,16.422102,14.65948,11.802129,10.210501,9.547606,11.714468,12.622487,17.025787,16.555046,14.770424,14.938656,21.508745,21.062363,18.438871,20.059908,23.714842,25.4795,27.35897,27.552778,25.403072,26.233398,21.52114,24.775599,21.759563,25.715275
28,32.17802,28.112387,28.344097,24.340755,22.056347,24.345287,17.752344,22.07861,18.421286,22.222178,20.862204,24.130903,24.238655,23.601849,21.927298,16.448982,18.813879,15.152159,18.022604,15.462955,18.184574,20.153614,18.897284,13.952264,13.990301,10.016199,9.456759,6.9818087,0.0,4.9705334,7.8404813,12.352218,16.17693,17.365824,20.567945,22.810755,24.56893,23.288818,21.931532,20.374853,16.01807,15.87238,10.934312,12.305252,8.234033,7.706423,9.485052,11.257658,14.199047,16.887934,19.679815,20.974089,24.701605,27.313774,26.584488,26.85131,26.780708,28.351469,33.60124,30.159258,26.733799,27.940756,23.49468,23.03904,25.24147,20.95193,20.531769,15.726932,18.590775,13.416468,15.140187,14.945914,13.090125,17.21678,15.775126,21.148098,22.12425,25.038498,26.434725,26.826536,27.966652,25.048761,21.490074,20.348894,15.861432,18.241247,12.0313225,12.673211,9.604895,10.436274,9.355416,8.485738,12.232248,14.028301,13.330469,10.305309,9.34685,16.55568,15.909914,12.200238,13.382892,17.521128,19.567833,22.163141,22.311419,19.857494,21.774183,16.554821,20.336937,18.067776,22.049595
29,36.86372,32.729267,33.13834,28.9129,26.810266,28.730083,22.363758,26.312222,22.381811,25.995544,24.007484,27.32166,26.958822,25.900297,25.139544,20.04507,22.968393,19.662441,22.811638,20.343195,23.091618,24.784681,23.430252,18.439417,17.51251,13.836875,11.443394,8.163456,4.9705334,0.0,5.7793293,8.799782,13.058536,15.783505,18.540405,21.170692,23.260918,22.309858,21.881367,20.419075,16.869719,15.577816,11.996168,11.4535265,10.21886,8.157972,11.925734,12.638194,16.558367,19.192202,22.21474,23.968086,27.863432,29.86842,29.87398,30.223398,29.4272,30.911118,35.83742,31.858274,28.61555,29.069073,25.093576,23.831228,26.268955,21.34077,20.404684,15.084497,18.318928,12.38934,15.680581,14.821649,14.437577,17.816805,17.205883,22.188856,23.773376,26.873108,28.335464,28.447039,30.16471,27.659267,24.347656,23.642405,19.194862,22.102625,16.427803,17.184566,14.469928,15.022675,13.8163595,12.905904,15.063304,17.788954,15.369287,11.770924,12.457545,18.862404,16.73191,13.153529,15.372953,19.841536,20.87855,22.925648,24.24265,22.143885,24.848959,20.195574,24.311506,22.51081,26.632544
30,39.21935,35.259315,34.842022,31.153812,28.366552,29.956833,23.307642,25.892923,21.5505,24.291403,21.600107,24.43324,23.36833,21.6882,21.76333,17.51033,21.087568,18.68057,22.501076,20.861403,24.480005,26.31393,26.001966,21.37945,21.104717,16.585363,15.883444,13.146979,7.8404813,5.7793293,0.0,6.0872555,9.477133,11.583056,15.620788,17.419384,20.25535,20.043468,19.233171,18.695513,14.394616,15.243988,12.0924425,12.902927,12.36013,12.831143,16.06965,17.954315,21.3202,24.309767,27.013523,28.666883,32.351418,34.578156,33.94756,33.924675,33.506557,34.64299,39.791195,35.88537,32.46072,33.6973,29.916727,28.952318,31.743067,26.982433,25.65871,20.644163,23.054586,16.857239,19.54521,17.479443,16.269762,18.874086,17.14299,22.224026,22.78447,26.290369,26.9324,26.356476,28.05793,26.519081,22.562275,22.843136,18.749783,22.6875,17.181618,19.525236,16.589506,17.908422,16.026735,13.280937,15.535001,16.745037,13.170553,8.86292,10.148405,15.213841,12.056932,8.320606,11.305066,15.676159,15.920073,17.902292,19.84785,17.977919,21.708725,17.699738,22.144146,21.404308,25.563135
31,43.436325,39.36153,38.972977,34.892227,32.350777,33.07606,27.022701,29.072348,24.609026,27.263285,24.014805,27.101685,25.848549,24.27451,25.559364,21.61002,25.624706,23.631199,27.555637,26.211182,29.713642,31.916904,31.159319,26.253458,26.050484,21.940609,20.218431,16.951904,12.352218,8.799782,6.0872555,0.0,4.338039,8.6711855,11.146154,13.629203,16.447464,16.51576,17.065155,16.56353,14.109503,13.197659,12.443627,11.297199,13.933662,14.248474,18.258951,20.167643,23.602936,27.142456,29.37124,31.739105,35.24996,36.64244,36.4752,36.24795,35.063793,35.81063,40.584896,36.166782,32.92966,33.888382,30.95152,29.495293,33.0197,28.140848,25.70022,21.157457,22.567905,16.213623,19.407099,16.304302,16.434477,17.684446,16.974321,21.065014,22.362045,25.85901,26.650198,25.867594,28.327177,27.217842,24.079403,24.705444,20.910872,25.186346,20.79858,23.264683,21.096071,22.701132,21.421482,19.022083,21.526127,22.708738,19.042665,14.704201,15.722335,20.340752,16.49302,12.550926,14.983427,19.633524,19.487413,21.451374,24.126637,22.369936,26.877134,22.875332,27.319864,26.810293,30.68295
32,46.318497,42.317223,41.530895,37.602947,34.87014,35.069874,29.268026,30.387886,25.838055,27.920462,24.196825,27.033754,25.389568,23.650938,25.918982,22.690264,27.015402,25.6832,29.808582,28.993082,32.74682,35.179718,34.690323,29.87405,30.053343,25.788368,24.449932,21.21694,16.17693,13.058536,9.477133,4.338039,0.0,5.8567495,8.012315,9.999855,13.327643,14.172065,15.16055,15.396836,13.695468,13.458576,14.076674,13.1800785,16.689734,17.913517,21.6949,24.085032,27.214264,31.073484,32.954803,35.489838,38.798923,40.01753,39.6538,39.155434,37.929764,38.343693,43.057076,38.577114,35.349026,36.669464,34.134487,32.748783,36.660484,31.923716,29.003313,24.875408,25.529634,19.330065,22.102913,18.314695,18.395933,18.647121,17.749018,21.168116,22.085266,25.649511,25.988941,24.72797,27.452623,27.131912,24.153135,25.425154,22.138632,26.843533,23.154367,26.247831,24.321918,26.310726,25.043343,22.174097,24.917387,25.334566,21.523073,17.199577,18.052235,21.686258,17.470835,13.669688,15.735125,20.08751,19.480095,21.436928,24.519257,22.947805,28.108912,24.472855,28.872473,28.930525,32.561314
33,44.63288,40.831047,39.36989,35.825943,32.77469,32.325474,26.90856,26.7784,22.252918,23.657671,19.58197,22.225094,20.462679,18.993906,21.993637,19.367275,23.88509,23.394604,27.605726,27.637104,31.618982,34.581425,34.458687,29.917019,31.167822,26.741877,26.565027,23.546179,17.365824,15.783505,11.583056,8.6711855,5.8567495,0.0,5.6577663,5.941513,9.368946,10.447244,10.225456,11.375769,9.293196,11.541325,12.506339,13.466103,16.331413,19.446257,22.25595,25.804554,28.06701,32.427467,33.65736,36.17809,39.050907,40.387215,39.271076,38.32977,37.53445,37.555855,42.44694,38.296974,34.910095,37.2904,34.87957,34.13817,38.42137,34.216415,31.028128,27.499174,27.172087,21.294325,22.716808,18.50066,17.369087,16.998137,14.96691,18.094936,17.870398,21.53833,21.203909,19.528618,22.170746,22.52169,19.483912,21.415438,18.82166,23.923645,21.197336,25.214586,23.734682,26.436785,25.411818,21.965462,25.878824,24.678585,21.825277,17.632467,17.162874,20.257185,16.802296,12.399872,12.920607,17.040455,17.056803,19.977264,22.30763,20.455885,26.009354,22.233799,26.337656,26.884417,29.946169
34,46.927032,43.048508,41.764324,37.83137,35.192734,34.016777,29.382832,29.155237,24.85884,26.47403,22.454767,25.445326,24.055109,23.21622,26.469725,23.659975,28.090775,27.537996,31.554981,31.580477,35.22817,38.507576,37.805523,33.030952,34.3954,30.389812,29.505224,26.203249,20.567945,18.540405,15.620788,11.146154,8.012315,5.6577663,0.0,4.0195312,5.5340266,6.552523,8.878261,9.593379,10.930431,10.255611,13.660672,13.012438,17.74999,20.611282,23.53599,27.068638,29.10079,33.824253,34.505627,37.563404,40.160942,40.739937,39.98788,38.86536,37.429367,37.0696,41.50259,37.05037,33.924583,36.155018,34.57577,33.59981,38.443985,34.444004,30.412718,27.671116,26.23461,20.882246,22.133625,17.39067,17.387825,15.633173,14.953134,16.48549,17.291237,20.547855,20.659323,19.149944,22.50605,22.892818,21.192575,22.944012,20.71978,25.522497,23.870583,27.54469,26.757765,29.548565,29.103191,26.208637,30.478014,29.578854,27.045313,22.742397,22.010166,25.741272,22.421082,17.831537,17.962173,22.231724,22.589365,25.574112,27.835009,25.874025,31.358042,27.185514,31.154028,31.411343,34.21223
35,48.34341,44.623146,42.9,39.3606,36.414474,35.096138,30.49752,29.436478,25.166176,26.046162,21.74547,24.189573,22.371584,21.303682,25.274612,23.338125,27.840185,27.914122,32.027027,32.507984,36.413097,39.71948,39.48756,34.953705,36.572525,32.307915,32.02726,28.889332,22.810755,21.170692,17.419384,13.629203,9.999855,5.941513,4.0195312,0.0,4.4525857,7.2035446,8.463617,10.593816,11.445511,12.974652,15.952773,16.363602,20.33285,23.75861,26.394869,30.21358,32.094326,36.829445,37.486446,40.368423,42.89013,43.71117,42.57095,41.298626,40.204582,39.73424,44.291805,40.050747,36.8443,39.506092,37.843506,37.111774,41.92874,38.001133,34.101826,31.296389,29.906603,24.540852,25.488773,20.75659,20.082157,18.277678,16.774702,18.14816,17.847181,21.133268,20.44002,18.318886,21.515083,22.823574,20.861713,23.277756,21.578459,26.633005,25.22844,29.423065,28.5422,31.520855,30.850359,27.469511,31.732494,30.141977,27.55945,23.45623,22.670012,25.343065,22.037142,17.879751,17.694979,21.293356,21.302624,24.249655,26.562183,24.817421,30.611748,26.969255,30.768356,31.587797,34.1687
