,0,1,2,3,4,5,6,7,8,9,10,11,12,13,14,15,16,17,18,19,20,21,22,23,24,25,26,27,28,29,30,31,32,33,34,35,36,37,38,39,40,41,42,43,44,45,46,47,48,49,50,51,52,53,54,55,56,57,58,59,60,61,62,63,64,65,66,67,68,69,70,71,72,73,74,75,76,77,78,79,80,81,82,83,84,85,86,87,88,89,90,91,92,93,94,95,96,97,98,99,100,101,102,103,104,105,106,107
0,0.0,4.0590706,6.1588397,9.852516,12.358677,15.467534,18.903849,23.50447,26.331244,30.06962,33.13267,35.717796,39.522476,41.409176,40.6155,38.94466,34.10374,30.5593,29.372551,24.421528,25.255045,19.114935,21.068264,16.415775,15.743762,14.187342,20.137089,21.92686,26.294098,26.515467,32.42644,36.27443,39.046253,41.572525,43.73983,46.56626,50.463757,50.017567,47.441944,43.53286,40.879757,38.262127,34.028324,32.721558,27.120853,26.781393,21.619555,22.059034,17.876026,17.481789,20.339905,20.204763,20.47062,22.519768,26.966555,29.157156,31.014587,34.256508,36.611397,40.60136,42.68256,43.504505,44.449738,44.237362,38.926266,38.238445,36.416645,31.910765,28.93181,27.567762,28.850931,30.79578,30.800362,34.273273,34.936752,39.475094,41.213593,44.53031,47.792614,47.41295,51.43463,48.260708,45.991688,43.425518,38.941673,41.888805,35.63213,36.99933,34.755905,34.95555,35.604374,34.832623,39.333637,41.364258,42.03552,41.82945,39.079693,42.616272,38.130077,41.012806,41.762226,38.975594,37.758595,33.974415,32.22987,30.676737,27.420645,27.284094
1,4.0590706,0.0,4.9268436,6.4693036,9.214731,13.093976,16.172081,20.336313,23.400597,26.840372,30.198832,33.061966,36.881634,39.057972,38.66171,37.053726,32.318256,28.422329,27.928898,22.633156,23.98174,17.956024,19.849941,15.810644,13.860989,11.430522,17.258823,19.238712,23.618752,23.918116,29.880192,33.67153,36.750137,39.003048,41.60591,44.070877,47.857075,47.219692,44.424984,40.60884,37.73726,34.962734,30.86672,29.21502,23.756655,23.031633,18.030455,18.136866,14.415019,13.990769,16.438808,16.687582,16.816795,19.309351,23.601444,25.66515,27.261969,30.545618,32.866417,36.81823,38.793724,39.516777,40.418766,40.26651,34.933376,34.34422,32.64192,28.047535,25.140621,23.62411,24.949451,26.76193,26.876045,30.264826,31.107283,35.561802,37.454643,40.754925,44.06658,43.863815,47.849907,44.647564,42.580982,39.88452,35.372013,38.20224,31.927362,33.109676,30.914036,31.036638,31.825388,31.085491,35.634235,37.55386,38.3535,37.969673,35.452404,38.877964,34.60227,37.621365,38.50512,35.90368,34.518135,31.123928,28.87593,27.574839,24.061152,24.145535
2,6.1588397,4.9268436,0.0,5.4455023,6.9423814,9.350035,12.95481,17.726645,20.398449,24.32244,27.210194,29.679108,33.56662,35.5154,34.746372,33.4119,28.565561,25.02045,24.291136,19.189018,20.826406,14.578494,17.59971,14.124253,12.972554,11.300277,17.002037,17.41735,22.136843,21.421131,27.884165,30.884884,34.036682,36.106,38.45141,41.09589,45.013992,44.89666,42.22307,38.25775,35.76897,33.057415,28.587889,27.787941,22.145205,22.465246,17.710672,18.81672,15.770512,16.74966,18.777985,20.054932,19.732958,22.934225,27.002373,28.578941,29.659931,32.858154,34.709484,38.45225,40.496403,40.959614,41.636776,41.936768,36.478165,36.42619,35.076054,30.293812,27.60255,25.486313,26.140982,27.633978,26.996561,30.378553,30.35809,35.03362,36.268772,39.74128,42.715355,42.061546,46.19943,43.287117,40.870865,38.57235,34.08592,37.481567,31.404774,33.26267,31.456535,32.071987,33.28069,33.132404,37.414825,39.000866,39.713352,38.66943,36.03421,38.95061,34.43285,36.887703,37.38593,34.943424,33.979843,30.548443,28.768465,27.98066,24.787394,25.58923
3,9.852516,6.4693036,5.4455023,0.0,3.8985672,7.709642,10.004394,14.142032,17.088943,20.491177,23.815838,26.780592,30.538168,32.839687,32.731358,31.200174,26.590536,22.447163,22.69361,17.143034,19.276844,13.600024,15.910633,13.456593,10.316196,7.3527813,12.573842,13.478388,18.081509,17.83236,24.111479,27.422157,30.82332,32.733353,35.63429,37.82762,41.566383,40.996334,38.09526,34.275925,31.427551,28.595623,24.420555,22.973707,17.452059,17.214142,12.441672,13.382301,10.830556,12.316916,14.021176,16.096157,15.945921,19.677914,23.236082,24.808088,25.363543,28.674562,30.592232,34.246147,35.907078,36.058952,36.544823,36.829117,31.298372,31.449867,30.120403,25.343073,22.70613,20.353233,20.738441,22.314857,21.610945,25.118006,25.251875,29.90645,31.4151,34.76445,37.972683,37.568027,41.58453,38.46527,36.27093,33.719906,29.205048,32.342236,26.1816,27.86798,26.019354,26.643429,27.911636,27.922386,32.11763,33.611736,34.35119,33.226242,30.689388,33.59929,29.231829,31.906744,32.61788,30.292109,29.0779,26.055643,23.697287,23.127928,19.691944,20.769094
4,12.358677,9.214731,6.9423814,3.8985672,0.0,4.9219995,7.58415,11.259095,14.464895,17.940966,21.34033,24.238356,28.266914,30.801458,30.722454,29.835417,25.258684,21.211758,22.084604,16.5677,19.591583,14.110603,17.370039,15.845785,12.863312,10.107618,14.337486,13.889451,18.63851,17.290468,24.105293,26.257013,30.206059,31.415405,34.611454,36.490326,40.21399,40.023563,36.901787,33.078773,30.330124,27.231834,22.82797,21.783766,16.467916,16.542522,12.800496,13.6676,13.008222,14.690155,14.956185,17.587654,16.527212,20.697878,24.070301,24.91051,25.153284,28.210587,29.589575,33.05039,34.988792,35.17958,35.695442,36.417915,30.964193,31.406317,30.61935,25.669012,23.4386,20.699686,21.086815,21.828423,21.02849,24.024057,23.897968,28.462952,29.62978,33.228798,36.045845,35.546055,39.734596,36.994682,34.879776,32.539665,27.997387,31.498335,25.5642,27.35341,25.99638,26.681484,28.500463,28.72153,32.89435,33.99906,34.992428,33.140266,31.10127,33.368855,29.311613,31.70791,32.279335,30.442343,29.35704,26.927734,24.264004,24.460413,20.98589,22.700653
5,15.467534,13.093976,9.350035,7.709642,4.9219995,0.0,4.17088,9.025185,11.291218,15.483821,18.087414,20.462418,24.520445,26.75486,26.288702,25.666769,21.001545,17.343372,18.13706,12.931316,16.495777,11.384771,15.708464,15.352376,13.311071,11.817807,15.053449,12.597684,17.38005,14.707182,21.926779,23.054247,27.046337,28.042341,30.929136,33.003105,36.862034,37.23179,34.3087,30.338818,28.097155,25.182716,20.391628,20.540653,15.204493,16.821686,13.738712,15.879701,15.717788,18.486933,18.800043,21.969378,20.91262,25.291798,28.368332,28.946178,28.69797,31.619553,32.589016,35.732788,37.5556,37.367737,37.55056,38.67359,33.20372,34.208057,33.67938,28.782156,26.78096,23.647806,23.160332,23.692951,21.927467,24.897919,23.603378,28.344753,28.649418,32.329838,34.75941,33.678543,37.971447,35.540398,32.972046,31.149849,26.752071,30.846756,25.323362,27.938667,27.028898,28.310734,30.41588,31.286913,34.98825,35.76251,36.54466,34.118793,31.866024,33.56494,29.250952,30.9002,30.988611,29.335707,28.792599,26.346846,24.411058,25.123053,22.256514,24.572319
6,18.903849,16.172081,12.95481,10.004394,7.58415,4.17088,0.0,5.710785,7.495505,11.671934,14.257098,16.897585,20.818623,23.22373,23.212404,22.476683,18.046917,13.993413,15.798254,10.53396,14.769257,10.935258,14.7573805,15.789535,13.177564,11.877359,13.394894,9.889777,14.320788,11.117762,18.376959,19.143984,23.404736,24.148058,27.379818,29.160454,32.9402,33.188213,30.176073,26.23659,23.945698,21.019758,16.222675,16.540989,11.307518,13.590303,11.344657,14.119583,15.0018,18.494568,18.470299,22.28067,21.378176,25.986439,28.476887,28.921999,28.05417,30.925728,31.735815,34.603115,36.019863,35.371727,35.204346,36.509907,31.039389,32.50564,32.133778,27.390493,25.627258,22.18857,20.943773,21.36751,18.921312,21.941408,20.001204,24.84027,24.856617,28.469099,30.911531,29.707521,33.95607,31.481998,28.821402,27.067688,22.718523,26.957865,21.635578,24.629898,23.989708,25.642784,27.937204,29.307777,32.589428,33.09027,33.75317,30.955235,28.670412,30.001421,25.682173,27.042444,27.020988,25.592484,25.172699,23.125397,21.17283,22.43336,19.860392,22.720387
7,23.50447,20.336313,17.726645,14.142032,11.259095,9.025185,5.710785,0.0,4.0390205,6.8020244,10.482397,13.79213,17.908932,21.183043,22.11402,22.224312,18.554901,14.442907,18.103212,13.559552,18.334274,15.871466,19.085203,20.861015,17.587198,15.780164,15.853491,12.300735,15.593406,11.982098,18.57581,17.791525,22.969187,22.34997,26.610527,27.275877,30.698828,30.932865,27.343718,23.70792,21.147503,17.646187,13.072873,13.21599,9.401594,11.294259,11.71035,13.551089,16.899282,20.109364,18.496193,22.802326,21.298746,26.095991,27.84888,27.504822,25.932983,28.388378,28.559898,30.954956,32.306206,31.452253,31.159763,32.97094,27.765785,29.702564,30.028864,25.397047,24.320562,20.57563,19.197565,18.424562,15.904156,17.939388,15.740101,20.21692,19.980837,23.833025,25.906301,24.908703,29.278461,27.169004,25.006304,23.276476,18.944935,23.321924,18.50025,21.258463,21.376245,22.987036,25.938425,27.575413,30.621817,30.541584,31.573044,27.866468,26.53921,26.917973,23.474846,24.67113,24.739819,24.257778,23.702133,23.108437,20.181032,22.540312,19.896122,23.35403
8,26.331244,23.400597,20.398449,17.088943,14.464895,11.291218,7.495505,4.0390205,0.0,4.685499,6.90022,9.961916,14.0260725,17.1629,18.120483,18.360662,14.9370775,11.074688,15.394268,11.729742,16.708153,15.544082,18.678587,21.423864,18.70365,17.699186,16.90998,12.225632,14.751421,10.110157,16.355894,14.302599,19.63001,18.650852,22.838533,23.501398,27.00328,27.621313,24.210556,20.463755,18.3967,15.180986,10.280662,12.012841,8.859996,12.37889,13.414209,16.10526,19.241257,23.012394,21.798574,26.243109,25.01873,29.801538,31.35142,31.050367,29.187153,31.56854,31.592587,33.697018,34.72855,33.45113,32.774242,34.78337,29.679394,32.037647,32.42159,28.042185,27.084307,23.253334,21.112793,20.455341,17.08772,19.125366,15.693342,20.165085,18.98014,22.693106,24.448559,22.813894,27.18014,25.275337,22.60016,21.423485,17.394844,22.245743,18.089432,21.650204,22.137913,24.300995,27.272343,29.45561,31.930086,31.604816,32.324345,28.29546,26.678272,26.546173,22.905298,23.280493,22.855545,22.606237,22.603573,22.130838,20.012085,22.759804,20.850607,24.613176
9,30.06962,26.840372,24.32244,20.491177,17.940966,15.483821,11.671934,6.8020244,4.685499,0.0,4.804549,8.826521,12.390741,16.30805,18.414078,19.021301,16.638119,12.966716,18.242151,15.225706,19.970839,19.590399,22.002409,25.087643,21.872744,20.602232,18.837488,14.630435,16.010162,11.951352,16.646158,13.630274,19.403574,17.321142,22.421576,21.961418,24.989237,25.317373,21.400045,18.066076,15.656543,11.961934,7.7448378,9.237767,8.52458,11.388715,14.426024,16.427078,20.841736,24.4149,22.41026,27.054708,25.708406,30.427683,31.297205,30.585321,28.137232,30.182764,29.817211,31.440752,32.126915,30.478445,29.522732,31.868433,27.080973,29.888725,30.726273,26.687227,26.274384,22.374487,19.914907,18.515076,14.93618,16.095272,12.081946,16.1009,14.489156,18.296444,19.832739,18.357101,22.77463,21.04526,18.805418,17.618818,13.719437,18.616705,15.194949,18.621069,19.802309,22.03057,25.37217,27.870302,29.902386,29.088364,29.967855,25.274948,24.370106,23.379532,20.545626,20.677341,20.341305,20.956757,20.841919,21.672438,18.910286,22.445541,20.712845,24.780249
10,33.13267,30.198832,27.210194,23.815838,21.34033,18.087414,14.257098,10.482397,6.90022,4.804549,0.0,4.1547465,7.660883,11.562355,13.819771,14.9634905,13.290688,10.658717,16.33576,14.810894,19.355204,20.226309,22.626102,26.44022,23.97019,23.44759,21.332561,16.302301,16.974106,12.166615,15.841127,10.658875,16.491962,13.560741,18.50157,17.938154,21.080122,22.213566,18.633713,15.1855345,13.861016,10.926786,6.7421327,10.887049,11.034789,15.036073,17.866554,20.56182,24.383047,28.375006,26.86618,31.526367,30.373919,35.095703,35.97776,35.34685,32.81404,34.80865,34.330498,35.727753,36.21951,34.276283,33.012333,35.509197,30.907131,33.989765,34.827896,31.011574,30.6145,26.726246,23.786577,22.643427,18.5631,19.719744,14.804005,18.401226,15.564616,18.929668,19.774937,17.26938,21.588785,20.371809,17.374657,17.25289,14.157061,19.436483,17.156921,21.295809,22.758049,25.436083,28.648106,31.56126,33.05689,32.057613,32.573105,27.70156,26.449308,24.92843,21.933115,20.95236,19.884962,20.811508,21.48342,22.315762,20.749842,24.433926,23.48978,27.656431
11,35.717796,33.061966,29.679108,26.780592,24.238356,20.462418,16.897585,13.79213,9.961916,8.826521,4.1547465,0.0,4.5935388,8.208047,10.220037,12.588257,11.675595,10.663942,16.023365,15.833919,20.09182,21.643927,24.255945,28.369637,26.5572,26.482002,24.476427,19.03089,19.505846,14.335082,17.357565,10.672993,16.018606,12.312882,16.621996,16.052406,19.252724,21.440239,18.355925,15.015587,14.922187,12.883399,9.405478,14.401203,14.711402,19.051886,21.588741,24.56166,28.001053,32.14958,30.871845,35.50111,34.329662,39.07872,40.073326,39.408443,36.899826,38.82929,38.200634,39.46726,39.999886,38.000065,36.645832,39.28674,34.829296,38.01453,38.912148,35.149837,34.758957,30.873144,27.847275,26.746477,22.57967,23.624937,18.481691,21.685246,18.207104,21.228521,21.355091,18.166882,22.27519,21.728664,18.35834,19.145063,16.794065,22.076422,20.554241,24.90376,26.510492,29.332895,32.495888,35.551872,36.83122,35.730446,36.089424,31.119797,29.758915,27.920849,24.937891,23.286919,21.73468,22.843878,24.038605,24.753262,23.98433,27.625137,27.065111,31.214994
12,39.522476,36.881634,33.56662,30.538168,28.266914,24.520445,20.818623,17.908932,14.0260725,12.390741,7.660883,4.5935388,0.0,4.521601,8.2422085,10.656005,11.625722,11.76555,16.979092,17.992563,21.539759,24.208786,26.133308,30.766283,29.148115,29.43798,26.73803,21.309015,20.792435,16.08744,17.18536,9.2816925,13.849987,8.900514,13.27019,11.852055,14.839274,17.53858,14.82245,11.813233,12.892588,12.013696,10.081586,15.5189,16.933725,21.378782,24.24723,27.41008,30.774103,35.12848,34.04669,38.737347,37.84103,42.52065,43.22998,42.65286,39.889065,41.75986,41.11791,42.130047,42.226906,39.81531,38.088474,40.76559,36.54848,40.02266,40.91628,37.52511,37.2617,33.434185,29.912254,28.976168,24.448395,25.416363,19.780807,22.47775,18.381628,20.663734,20.412434,16.591002,20.169037,19.916302,16.08289,17.769438,16.43778,21.470186,21.10483,25.738636,27.59111,30.72266,33.72857,37.172188,37.819607,36.497864,36.52846,31.468489,29.954237,27.608046,24.794718,22.267132,20.224224,21.787365,23.50888,24.64817,24.617426,28.439632,28.570957,32.760906
13,41.409176,39.057972,35.5154,32.839687,30.801458,26.75486,23.22373,21.183043,17.1629,16.30805,11.562355,8.208047,4.521601,0.0,4.7033143,7.393926,9.959998,11.889242,16.022358,18.442564,21.193663,24.748064,26.42311,31.369492,30.447609,31.318556,28.555466,22.917824,22.055851,17.450481,17.610308,9.546448,12.352173,7.6652923,10.044558,9.452954,12.787289,16.49372,15.015952,12.135987,14.4695015,14.757303,13.177768,18.75772,19.791025,24.629215,26.932552,30.552874,33.225777,37.83785,37.31693,41.957317,41.319386,45.990257,46.850574,46.536404,43.866486,45.87864,45.404076,46.4985,46.496914,43.98329,42.141487,44.689346,40.41758,43.892406,44.550594,41.2134,40.76139,36.973846,33.218044,32.728447,27.98033,29.339104,23.581863,26.360573,22.230024,24.081833,23.821587,19.713121,22.729933,22.517157,18.214945,20.370296,19.523731,24.317879,24.18139,29.114319,30.772402,34.11873,36.84382,40.43084,40.85556,39.646347,39.329365,34.577206,32.50525,30.32499,27.111763,24.107416,21.647867,22.88364,25.125807,25.705627,26.752712,30.250727,30.880089,34.93206
14,40.6155,38.66171,34.746372,32.731358,30.722454,26.288702,23.212404,22.11402,18.120483,18.414078,13.819771,10.220037,8.2422085,4.7033143,0.0,5.8726125,8.092641,11.604996,14.254818,17.52666,19.899588,23.504398,25.61455,30.42316,30.267136,31.519335,29.376257,23.482151,23.138687,18.211325,19.091839,11.904207,13.793236,10.893967,11.013522,12.393781,15.925517,19.97885,19.163822,16.123062,18.441822,18.68622,16.304844,21.88274,21.805878,26.949701,28.397636,32.329277,34.297707,38.99372,38.908802,43.420013,42.79353,47.504345,48.79144,48.6473,46.29897,48.478897,48.13817,49.49764,49.791527,47.52162,45.870747,48.317318,43.805088,47.063965,47.52517,43.919888,43.18213,39.382694,35.815964,35.59549,30.917217,32.654125,27.086529,30.282343,26.40739,28.497381,28.371159,24.329447,27.423397,27.151033,22.772268,24.72422,23.521286,28.43043,27.665827,32.69401,34.02502,37.340755,39.9549,43.370968,44.109703,43.170155,42.80352,38.350304,35.903595,34.225414,30.517422,27.742098,25.281212,25.88029,28.189722,27.855093,29.365929,32.397022,32.946663,36.822483
15,38.94466,37.053726,33.4119,31.200174,29.835417,25.666769,22.476683,22.224312,18.360662,19.021301,14.9634905,12.588257,10.656005,7.393926,5.8726125,0.0,4.948593,8.847588,10.540884,14.693724,15.9397135,20.654636,21.689875,26.904375,27.011068,28.79508,26.115261,20.440804,19.339552,15.192986,14.668325,8.869266,8.858396,8.582618,7.065941,10.772516,14.863521,17.796844,17.650621,14.226776,16.4953,17.463839,15.27577,20.457617,19.981255,25.301746,26.143847,30.519827,31.669855,36.611206,37.277706,41.68119,41.64857,46.203274,47.47138,47.868286,45.598335,48.06737,48.23269,49.83264,49.77025,47.313873,45.51294,47.519672,42.80364,45.958065,45.912697,42.48253,41.454075,37.81312,33.860283,34.433414,29.473574,31.953306,26.388374,29.991755,26.615421,28.377092,29.154163,25.322618,28.153202,26.895853,22.085268,23.620173,22.359138,26.935534,25.834229,31.147346,31.998611,35.538773,37.648197,41.17575,41.672596,41.041138,40.225586,36.455616,33.15431,32.132072,27.713291,24.896132,22.328552,22.112736,24.687706,23.548716,26.07349,28.603258,29.710447,33.331062
16,34.10374,32.318256,28.565561,26.590536,25.258684,21.001545,18.046917,18.554901,14.9370775,16.638119,13.290688,11.675595,11.625722,9.959998,8.092641,4.948593,0.0,4.9491878,6.2399063,10.052151,11.833511,15.958353,17.625778,22.564138,22.773787,24.543854,22.505049,16.646889,16.467785,11.777509,13.304067,9.110946,10.507459,11.41254,11.297083,14.911893,19.11696,21.310719,20.46502,16.552673,17.637878,17.672724,14.271325,19.057867,17.26944,22.670383,22.734095,27.220625,27.937803,32.826324,33.696983,37.9692,37.900513,42.459133,44.071957,44.60271,42.661278,45.292854,45.652706,47.577972,47.830444,45.72028,44.22846,46.068333,41.061012,43.88991,43.668224,39.917427,38.628956,34.9941,31.400152,32.14485,27.427649,30.268984,25.14321,29.298214,26.513712,28.804813,30.05393,26.639685,29.967283,28.308374,23.709877,24.462833,22.302189,27.106266,24.864855,30.047634,30.508432,33.83837,35.932625,39.11038,40.179356,39.867744,39.242546,35.739258,32.321384,31.963156,27.1508,25.167784,23.046045,22.216246,24.306229,22.432888,24.515656,26.676237,27.237402,30.736326
17,30.5593,28.422329,25.02045,22.447163,21.211758,17.343372,13.993413,14.442907,11.074688,12.966716,10.658717,10.663942,11.76555,11.889242,11.604996,8.847588,4.9491878,0.0,5.927394,6.69335,9.777764,13.063751,14.627957,19.482859,18.797348,20.166521,17.90977,11.99822,12.08979,6.963693,10.085159,7.5015864,10.5523815,11.851541,13.628184,16.4464,20.574545,21.643631,19.978779,15.805313,15.604692,14.871489,10.825428,14.918424,12.458566,17.843327,17.797876,22.277256,23.153204,28.02155,28.79552,33.097706,33.09403,37.62666,39.166008,39.77208,37.854324,40.562202,41.095295,43.153576,43.378628,41.35415,39.969822,41.63759,36.500935,39.185318,38.86216,35.053654,33.70423,30.084955,26.554693,27.417072,22.781734,25.878681,21.066761,25.556677,23.381067,25.901018,27.744564,24.866568,28.433556,26.21416,21.910963,21.856707,19.03172,23.816408,20.788256,25.827477,26.048397,29.25919,31.340302,34.36708,35.677887,35.50768,35.020245,31.66804,28.25964,28.302656,23.338987,22.037952,20.380705,19.258558,20.827806,18.878967,20.234652,22.401804,22.576448,26.142134
18,29.372551,27.928898,24.291136,22.69361,22.084604,18.13706,15.798254,18.103212,15.394268,18.242151,16.33576,16.023365,16.979092,16.022358,14.254818,10.540884,6.2399063,5.927394,0.0,5.673801,5.7784853,10.470661,11.817179,16.688353,17.663473,20.073076,18.597452,13.116024,13.55628,9.783523,12.33069,12.243843,12.824434,15.9461565,15.571312,19.830809,24.018034,25.194542,24.409773,20.343819,20.524456,20.311098,16.505432,20.002464,16.64809,21.763004,20.246517,25.050264,24.331255,29.241123,31.061583,34.954014,35.336304,39.67683,41.6819,42.780926,41.31975,44.286705,45.198406,47.585667,47.919994,46.069447,44.80666,46.148262,40.819733,43.17241,42.386707,38.50407,36.718082,33.32151,29.955254,31.4934,27.043108,30.662693,26.241245,30.936617,29.083746,31.491837,33.539124,30.642036,34.04554,31.658894,27.18384,27.100319,24.342144,28.809513,25.438717,30.421324,30.104452,33.259296,34.864708,37.666103,39.120686,39.386673,38.61286,36.001175,31.926533,32.721134,27.219198,26.095148,24.42085,22.436308,24.13387,20.807825,23.264492,24.363453,24.783426,27.7272
19,24.421528,22.633156,19.189018,17.143034,16.5677,12.931316,10.53396,13.559552,11.729742,15.225706,14.810894,15.833919,17.992563,18.442564,17.52666,14.693724,10.052151,6.69335,5.673801,0.0,5.0613923,6.3744774,8.831882,13.084884,12.9686575,14.80754,13.9015465,8.303295,10.407286,6.436632,11.939571,13.371884,15.536875,18.201147,19.461811,22.82827,26.937872,27.432287,25.775333,21.599123,20.600563,19.404129,15.011608,17.32299,12.786774,17.43914,15.227228,19.918262,19.127924,23.90715,25.62752,29.46018,29.75807,34.09883,36.248436,37.381565,36.13423,39.183033,40.25359,42.86661,43.409508,41.873226,40.9094,42.087288,36.60854,38.642754,37.783302,33.66928,31.74691,28.381542,25.458797,27.031063,23.014189,26.817778,23.118132,28.100704,27.011963,29.795279,32.27165,29.992325,33.706303,30.992802,27.03384,26.152279,22.666227,27.055937,22.708805,27.220173,26.577667,29.367527,31.019781,33.40902,35.42996,35.915924,35.474854,33.032913,29.199923,30.494642,25.025663,24.906971,23.878494,21.712824,22.60942,19.22428,20.400326,21.315754,20.852757,23.747927
20,25.255045,23.98174,20.826406,19.276844,19.591583,16.495777,14.769257,18.334274,16.708153,19.970839,19.355204,20.09182,21.539759,21.193663,19.899588,15.9397135,11.833511,9.777764,5.7784853,5.0613923,0.0,6.3037367,6.1311893,11.144649,12.623733,15.674302,14.58024,10.15006,11.105997,9.377129,12.32929,15.5316,15.837127,19.962685,19.920563,24.140297,28.200876,28.405512,27.501684,23.457315,22.79272,22.346615,18.57442,20.624172,16.256447,20.614784,17.69549,22.57163,20.45838,25.292334,28.011705,31.480328,32.38333,36.412067,38.63511,40.28217,39.21757,42.447094,43.886658,46.628746,46.925858,45.27319,44.19421,45.032867,39.51747,41.41354,40.101322,36.22881,34.030823,30.955626,27.821388,30.107286,26.031841,30.253408,26.631416,31.60847,30.665144,33.059956,35.80454,33.45797,36.842632,33.82674,29.619015,28.772326,25.6074,29.558678,25.316788,29.901335,28.869818,31.774672,32.85856,35.268425,37.012703,37.801662,36.905827,35.18054,30.625418,32.46079,26.546318,26.312138,25.172962,22.303215,23.456823,19.020908,21.550505,21.57189,21.821657,24.120827
21,19.114935,17.956024,14.578494,13.600024,14.110603,11.384771,10.935258,15.871466,15.544082,19.590399,20.226309,21.643927,24.208786,24.748064,23.504398,20.654636,15.958353,13.063751,10.470661,6.3744774,6.3037367,0.0,5.547081,7.4802666,8.838822,11.387863,12.659842,9.186695,12.579094,10.974131,16.289026,19.48176,21.121384,24.410446,25.328302,29.000837,33.08884,33.251305,31.659784,27.531862,26.152082,24.773708,20.423,21.567131,16.171923,19.587162,15.574849,19.914341,17.201897,21.510586,24.294113,27.389463,28.0392,31.998957,34.75978,36.43363,35.91296,39.21749,40.7889,43.866016,44.68481,43.618008,43.040974,43.75032,38.099888,39.476902,38.115158,33.844193,31.411858,28.462143,26.282284,28.453302,25.212694,29.406452,26.758036,31.891884,31.613506,34.494602,37.365517,35.50656,39.264374,36.247913,32.55362,31.17519,27.385897,31.342352,26.239283,30.128757,28.790897,31.093376,32.26703,33.97412,36.57599,37.650505,37.24045,35.68241,31.597198,33.87575,28.209124,28.95526,28.38573,25.574154,25.954231,21.64234,22.647434,22.33083,21.332514,23.28029
22,21.068264,19.849941,17.59971,15.910633,17.370039,15.708464,14.7573805,19.085203,18.678587,22.002409,22.626102,24.255945,26.133308,26.42311,25.61455,21.689875,17.625778,14.627957,11.817179,8.831882,6.1311893,5.547081,0.0,5.6031137,7.263986,11.046302,10.644667,8.677327,10.353658,11.227174,14.308825,19.601372,20.07918,24.470596,25.019407,28.896414,32.785416,32.145615,30.957638,27.033709,25.532192,24.734526,21.145658,21.63882,16.606121,19.658844,15.335766,19.893024,16.197765,20.743052,24.407984,27.308287,28.778551,32.380062,34.78427,36.989136,36.367756,39.817764,41.793858,44.868347,45.13718,43.747753,42.913303,43.217117,37.597645,38.94485,37.109722,33.29171,30.690723,28.050608,25.346577,28.336903,24.897486,29.558317,26.981342,32.056286,32.096264,34.468597,37.82302,36.11097,39.466297,35.93078,32.16897,30.563868,27.046333,30.362368,25.328096,29.224268,27.469149,29.939768,30.470566,32.327633,34.450638,35.788822,34.874744,34.087143,29.27613,32.14708,26.100554,26.928495,26.460787,22.970728,23.352129,18.189392,20.223753,19.047888,18.848816,20.275623
23,16.415775,15.810644,14.124253,13.456593,15.845785,15.352376,15.789535,20.861015,21.423864,25.087643,26.44022,28.369637,30.766283,31.369492,30.42316,26.904375,22.564138,19.482859,16.688353,13.084884,11.144649,7.4802666,5.6031137,0.0,5.429662,9.240309,11.485882,11.715158,14.416766,15.665322,19.437832,24.796593,25.632668,29.82086,30.567518,34.365055,38.266354,37.55072,36.142597,32.22238,30.383465,29.18264,25.424454,25.245512,19.774277,21.781174,16.507978,20.236908,15.224221,18.852512,23.21775,25.313059,26.966133,30.132156,33.065186,35.62411,35.67046,39.239887,41.548016,44.965412,45.560856,44.66679,44.241665,44.223293,38.558186,39.30062,37.16773,33.211685,30.270454,28.046757,26.246502,29.431911,26.84545,31.528442,29.876097,34.95502,35.585995,38.15472,41.67462,40.322056,43.81872,40.20173,36.76984,34.810524,31.001137,34.093147,28.542778,31.765333,29.601713,31.498182,31.769436,32.89578,35.6332,37.39082,36.701794,36.477196,31.851976,35.300518,29.436342,30.990301,30.928625,27.335087,27.195755,21.971046,23.178873,21.304655,20.310436,20.862074
24,15.743762,13.860989,12.972554,10.316196,12.863312,13.311071,13.177564,17.587198,18.70365,21.872744,23.97019,26.5572,29.148115,30.447609,30.267136,27.011068,22.773787,18.797348,17.663473,12.9686575,12.623733,8.838822,7.263986,5.429662,0.0,4.184811,6.5056114,8.327068,11.4815,13.454853,17.620195,23.235065,24.87364,28.515503,30.298538,33.343716,37.072044,35.89683,33.934135,30.133446,27.664997,26.025885,22.45666,21.328386,15.833907,16.958666,11.394236,14.8836,9.876076,13.86756,18.015982,20.418997,22.120035,25.434433,28.069887,30.55833,30.40833,33.98012,36.331787,39.7187,40.19485,39.292633,38.90936,38.832073,33.167343,33.873108,31.787954,27.79752,24.897078,22.621733,20.888992,24.108658,21.78125,26.479464,25.334236,30.328287,31.444107,34.0243,37.76359,36.856007,40.347603,36.57323,33.586998,31.197994,27.180956,29.984255,24.116617,26.895369,24.604279,26.279678,26.619875,27.627377,30.57029,32.31575,31.8655,31.593544,27.29292,30.854362,25.271193,27.396683,27.76019,24.355484,23.663723,18.987995,18.956747,17.207935,15.489678,16.212454
25,14.187342,11.430522,11.300277,7.3527813,10.107618,11.817807,11.877359,15.780164,17.699186,20.602232,23.44759,26.482002,29.43798,31.318556,31.519335,28.79508,24.543854,20.166521,20.073076,14.80754,15.674302,11.387863,11.046302,9.240309,4.184811,0.0,5.96201,8.908165,12.575922,14.330375,19.113554,24.243622,26.667768,29.617107,32.14584,34.617786,38.239086,36.948833,34.489845,30.779268,27.873693,25.705532,22.141462,20.293705,14.79856,14.805674,8.989176,11.5266075,6.532609,10.244872,14.015592,16.483614,17.970491,21.408556,24.110834,26.473665,26.432648,30.001598,32.376038,35.85892,36.52536,35.8924,35.766155,35.665504,30.002775,30.47499,28.505756,24.288912,21.378796,19.107,18.020838,20.989534,19.323824,23.80319,23.40515,28.26357,29.846035,32.602734,36.380745,35.88418,39.48064,35.748173,33.235596,30.534029,26.27952,28.926462,22.760788,24.902975,22.55654,23.761768,24.299322,24.889784,28.342993,30.097504,30.085604,29.695381,26.019833,29.581726,24.498259,27.167028,27.89968,24.869846,23.687538,19.805592,18.355873,16.910583,14.160467,14.926452
26,20.137089,17.258823,17.002037,12.573842,14.337486,15.053449,13.394894,15.853491,16.90998,18.837488,21.332561,24.476427,26.73803,28.555466,29.376257,26.115261,22.505049,17.90977,18.597452,13.9015465,14.58024,12.659842,10.644667,11.485882,6.5056114,5.96201,0.0,5.9970603,7.6656723,11.204494,14.331885,20.40887,22.457708,25.637571,28.355846,30.517334,33.877697,31.99638,29.635782,26.14667,23.071098,21.297422,18.468037,16.169031,11.316723,11.482914,6.2473836,10.096657,6.5063043,11.53406,14.773445,17.997587,19.855898,23.35377,25.012403,27.302626,26.400526,29.890802,32.18732,35.27376,35.18682,33.82777,33.12853,33.038967,27.413565,28.48282,26.486568,22.763865,20.140694,17.633137,15.011778,18.514837,15.829342,20.742384,19.715551,24.545338,26.049658,28.328896,32.397137,31.89182,35.135693,31.067572,28.475405,25.673418,21.685745,23.960432,17.995691,20.576628,18.183704,20.038057,20.3934,21.840767,24.437809,25.994947,25.515816,25.108498,20.82534,24.431103,18.978762,21.533648,22.30615,19.062567,17.84581,13.877988,12.673706,11.245632,9.171242,10.743667
27,21.92686,19.238712,17.41735,13.478388,13.889451,12.597684,9.889777,12.300735,12.225632,14.630435,16.302301,19.03089,21.309015,22.917824,23.482151,20.440804,16.646889,11.99822,13.116024,8.303295,10.15006,9.186695,8.677327,11.715158,8.327068,8.908165,5.9970603,0.0,4.8914075,5.5397797,10.664592,15.366476,17.905336,20.727205,23.373348,25.711798,29.348284,28.263977,25.943172,22.099827,19.571264,17.805574,14.158963,13.535702,8.148881,11.063204,7.569909,12.503319,11.417946,16.437326,18.397255,22.248718,23.164576,27.259901,28.990583,30.544281,29.253902,32.497505,34.108116,36.89815,37.03914,35.48318,34.578888,35.20089,29.607502,31.321098,30.027925,26.084435,23.954947,20.814621,17.783417,20.158548,16.476227,20.97554,18.44499,23.556057,23.898008,26.484337,29.963366,28.739742,32.259533,28.677237,25.499212,23.380163,19.395931,22.792112,17.343544,21.087608,19.660547,22.144657,23.363111,25.474728,27.716543,28.591888,28.19077,26.50323,22.494608,24.833107,19.274538,20.607601,20.60678,17.888514,17.583948,14.04945,13.702383,14.024399,12.809949,15.618699
28,26.294098,23.618752,22.136843,18.081509,18.63851,17.38005,14.320788,15.593406,14.751421,16.010162,16.974106,19.505846,20.792435,22.055851,23.138687,19.339552,16.467785,12.08979,13.55628,10.407286,11.105997,12.579094,10.353658,14.416766,11.4815,12.575922,7.6656723,4.8914075,0.0,5.708282,6.6811986,13.263754,14.828617,18.317259,20.833939,23.051765,26.41905,24.658394,22.670197,19.059242,16.528275,15.567138,13.027523,12.245306,8.476002,11.538549,9.578806,14.328854,13.6419,18.689312,20.702776,24.59367,25.933958,29.808018,30.921303,32.586395,30.8598,34.018166,35.662537,38.15243,37.66563,35.560753,34.18744,34.71344,29.311357,31.392473,29.987207,26.636852,24.720182,21.707458,17.726,20.48049,16.135073,20.763285,17.643997,22.49562,22.655968,24.594458,28.322403,27.011675,30.060549,26.119919,22.718517,20.62502,17.151917,20.07555,15.206715,19.444197,18.055563,21.092415,21.956472,24.706688,26.030005,26.757185,25.802256,24.285175,19.598618,21.913755,15.917955,16.760986,16.595469,13.403333,13.420116,9.424738,10.495643,10.979765,11.324149,14.3800955
29,26.515467,23.918116,21.421131,17.83236,17.290468,14.707182,11.117762,11.982098,10.110157,11.951352,12.166615,14.335082,16.08744,17.450481,18.211325,15.192986,11.777509,6.963693,9.783523,6.436632,9.377129,10.974131,11.227174,15.665322,13.454853,14.330375,11.204494,5.5397797,5.708282,0.0,7.3182464,9.980206,13.058912,15.354588,18.16381,20.371897,24.116293,23.557428,21.306002,17.273003,15.329686,13.87761,9.932557,11.285204,7.1533055,12.096128,11.2021,15.929871,16.48362,21.439,22.522175,26.755245,27.215767,31.55638,32.954193,33.970844,32.161358,35.10595,36.156757,38.49994,38.509365,36.559864,35.294662,36.452747,31.086395,33.43694,32.679638,28.904133,27.290745,23.837448,20.24987,21.817537,17.331308,21.222862,17.282328,22.242382,21.419533,23.942814,26.879211,24.98581,28.519232,25.332785,21.625648,20.238007,16.623398,20.756506,16.349827,21.001862,20.47892,23.514479,25.236177,28.014153,29.607199,29.853632,29.367634,26.714304,22.940937,24.058802,18.65223,18.672327,17.915937,15.908495,16.501965,13.92663,14.371616,16.077963,15.796217,19.284945
30,32.42644,29.880192,27.884165,24.111479,24.105293,21.926779,18.376959,18.57581,16.355894,16.646158,15.841127,17.357565,17.18536,17.610308,19.091839,14.668325,13.304067,10.085159,12.33069,11.939571,12.32929,16.289026,14.308825,19.437832,17.620195,19.113554,14.331885,10.664592,6.6811986,7.3182464,0.0,8.228918,8.413666,12.5066185,14.638595,16.84414,20.112215,18.369793,17.002817,13.400956,11.873122,12.403005,10.9878235,12.180099,11.029509,15.14819,15.303355,19.75124,20.142323,25.111843,26.566303,30.692144,31.799582,35.78651,36.50706,37.795364,35.557407,38.419205,39.605495,41.589733,40.74903,38.097878,36.211555,37.156013,32.150673,34.886105,33.90147,30.982628,29.57707,26.435482,21.872066,23.986269,18.951134,22.85002,18.349058,22.628143,21.507084,22.842016,26.04887,23.964117,26.580708,22.887371,18.711765,17.62039,15.237485,18.416332,15.4462805,20.571297,20.131775,23.764513,24.85492,28.354921,28.636549,28.703558,27.374615,25.117464,20.441057,21.375122,15.558852,14.3026705,12.913164,10.202754,11.937684,9.136314,12.310893,14.0962,15.89538,19.218113
31,36.27443,33.67153,30.884884,27.422157,26.257013,23.054247,19.143984,17.791525,14.302599,13.630274,10.658875,10.672993,9.2816925,9.546448,11.904207,8.869266,9.110946,7.5015864,12.243843,13.371884,15.5316,19.48176,19.601372,24.796593,23.235065,24.243622,20.40887,15.366476,13.263754,9.980206,8.228918,0.0,5.8926616,5.386009,9.494,10.467784,14.200837,14.441377,12.521477,8.3394165,8.592597,9.165628,7.458067,12.066565,12.712954,17.62793,19.486704,23.497704,25.530397,30.347445,30.544594,35.080505,35.23658,39.6495,40.323338,40.718483,38.11267,40.52764,40.835983,42.32602,41.807076,39.099434,37.134842,38.96372,34.308247,37.56934,37.51778,34.40039,33.58998,30.018578,25.725554,26.319525,21.180973,23.715963,18.110088,21.777811,18.921776,20.55656,22.303572,19.152504,22.112783,19.748674,15.06883,15.5928,13.857865,18.344704,17.02288,22.377594,23.266392,26.886024,28.991625,32.676136,32.94124,32.20063,31.431322,27.59164,24.391588,23.35184,18.959763,16.400908,14.159268,14.149086,16.33447,16.201721,17.76442,20.93699,22.026886,25.92691
32,39.046253,36.750137,34.036682,30.82332,30.206059,27.046337,23.404736,22.969187,19.63001,19.403574,16.491962,16.018606,13.849987,12.352173,13.793236,8.858396,10.507459,10.5523815,12.824434,15.536875,15.837127,21.121384,20.07918,25.632668,24.87364,26.667768,22.457708,17.905336,14.828617,13.058912,8.413666,5.8926616,0.0,6.3429527,6.306696,9.380573,12.932983,12.715839,12.840464,9.428121,11.060912,13.351968,12.931872,16.625038,17.103745,21.80647,22.938019,27.267467,28.268349,33.25471,34.268505,38.594425,39.28308,43.49336,44.156204,44.99546,42.461956,45.0293,45.650246,47.192486,46.33545,43.399536,41.21322,42.720734,38.131466,41.355232,40.893448,38.11309,37.099693,33.77422,29.146452,30.4503,25.205849,28.14198,22.669586,26.130938,23.42642,24.31155,26.20399,22.957155,25.101362,22.52373,17.565086,18.444363,17.629807,21.165285,20.40658,25.796162,26.3305,30.145004,31.623941,35.4853,35.200558,34.654625,33.26276,30.164434,26.125484,25.468393,20.680399,17.508593,14.808304,13.993534,16.978502,15.938565,19.477362,21.884,23.99361,27.42613
33,41.572525,39.003048,36.106,32.733353,31.415405,28.042341,24.148058,22.34997,18.650852,17.321142,13.560741,12.312882,8.900514,7.6652923,10.893967,8.582618,11.41254,11.851541,15.9461565,18.201147,19.962685,24.410446,24.470596,29.82086,28.515503,29.617107,25.637571,20.727205,18.317259,15.354588,12.5066185,5.386009,6.3429527,0.0,6.175778,5.1325684,8.910932,10.288301,9.163957,5.674902,8.672677,10.761779,11.004285,15.712765,17.601206,22.172005,24.608583,28.383303,30.735113,35.498413,35.463673,40.051743,40.12068,44.52452,44.940666,45.114655,42.240368,44.41828,44.42394,45.528732,44.781517,41.780277,39.53279,41.617516,37.38759,40.961174,41.18517,38.39451,37.887863,34.345963,29.901114,30.156689,25.00011,26.895504,20.995415,23.751692,20.071896,21.00697,21.854378,18.061007,20.333801,18.761272,13.811136,15.744113,15.505886,19.540777,19.90689,25.128185,26.535702,30.235312,32.39069,36.34345,36.032333,34.89632,33.991463,29.797905,26.970303,24.99738,21.406837,17.802605,14.98614,16.062256,18.7688,19.579872,21.528435,24.947803,26.48361,30.377064
34,43.73983,41.60591,38.45141,35.63429,34.611454,30.929136,27.379818,26.610527,22.838533,22.421576,18.50157,16.621996,13.27019,10.044558,11.013522,7.065941,11.297083,13.628184,15.571312,19.461811,19.920563,25.328302,25.019407,30.567518,30.298538,32.14584,28.355846,23.373348,20.833939,18.16381,14.638595,9.494,6.306696,6.175778,0.0,5.7006288,9.316891,11.734939,13.066568,10.646568,14.104163,16.671148,16.540255,21.147148,22.121723,26.995213,28.507801,32.748333,34.095272,39.074303,39.78229,44.22141,44.579235,48.946728,49.646957,50.16266,47.507713,49.879997,50.10901,51.392147,50.65198,47.65704,45.3898,47.28031,42.94067,46.39075,46.286743,43.48787,42.686882,39.230537,34.70041,35.483162,30.259972,32.60441,26.806746,29.744722,26.195698,26.928957,27.74172,23.83505,25.654654,24.213741,19.211945,21.30666,21.296165,24.96136,25.209736,30.536028,31.572887,35.370876,37.141575,41.097794,40.6738,39.799206,38.512604,34.897488,31.40403,29.924423,25.857029,22.100239,19.083908,19.29474,22.43945,22.075605,25.412054,28.091143,30.12133,33.66124
35,46.56626,44.070877,41.09589,37.82762,36.490326,33.003105,29.160454,27.275877,23.501398,21.961418,17.938154,16.052406,11.852055,9.452954,12.393781,10.772516,14.911893,16.4464,19.830809,22.82827,24.140297,29.000837,28.896414,34.365055,33.343716,34.617786,30.517334,25.711798,23.051765,20.371897,16.84414,10.467784,9.380573,5.1325684,5.7006288,0.0,4.220377,7.7793446,8.637835,7.3892093,11.704315,14.558047,15.750449,20.239237,22.623928,27.0036,29.628365,33.327583,35.70869,40.47201,40.41951,45.009426,45.098564,49.469383,49.721867,49.81514,46.782394,48.81778,48.661762,49.501854,48.54933,45.325703,42.86119,45.0619,41.175385,44.93288,45.281494,42.771065,42.43172,38.954647,34.38849,34.539104,29.40044,30.948116,24.997257,27.086533,23.010012,23.28867,23.426912,19.315851,20.685064,19.86963,15.077936,17.979548,18.885784,22.266273,23.765902,28.792173,30.449377,34.183666,36.25505,40.380566,39.59785,38.22996,37.14187,32.881134,30.22842,27.72257,24.711262,20.482056,17.393478,18.985775,21.996943,23.215609,25.614435,29.018803,30.94413,34.74485
36,50.463757,47.857075,45.013992,41.566383,40.21399,36.862034,32.9402,30.698828,27.00328,24.989237,21.080122,19.252724,14.839274,12.787289,15.925517,14.863521,19.11696,20.574545,24.018034,26.937872,28.200876,33.08884,32.785416,38.266354,37.072044,38.239086,33.877697,29.348284,26.41905,24.116293,20.112215,14.200837,12.932983,8.910932,9.316891,4.220377,0.0,5.8590255,7.917254,8.818502,13.244774,16.462454,18.620977,22.645689,25.738623,29.721416,32.779957,36.21699,38.90419,43.55984,43.29029,47.887203,47.982594,52.270515,52.217224,52.18237,48.929493,50.776367,50.466957,51.00536,49.77194,46.312088,43.632645,45.91747,42.428223,46.36262,46.878326,44.715702,44.624077,41.2439,36.579792,36.54744,31.491991,32.62281,26.728811,28.115404,23.851805,23.47387,23.133648,19.029423,19.49271,19.191687,14.833222,18.317358,20.177376,22.84326,25.380505,30.086014,32.020954,35.720768,37.748966,42.01284,40.76913,39.12737,37.95642,33.573208,31.283995,28.210491,25.940578,21.320871,18.206745,20.44985,23.469393,25.432316,27.745401,31.303982,33.45072,37.216076
