,0,1,2,3,4,5,6,7,8,9,10,11,12,13,14,15,16,17,18,19,20,21,22,23,24,25,26,27,28,29,30,31,32,33,34,35,36,37,38,39,40,41,42,43,44,45,46,47,48,49,50,51,52,53,54,55,56,57,58,59,60,61,62,63,64,65,66,67,68,69,70,71,72,73,74,75,76,77,78,79,80,81,82,83,84,85,86,87,88,89,90,91,92,93,94,95,96,97,98,99,100,101,102,103,104,105,106,107,108,109,110,111,112,113
0,0.0,4.152418,6.4559307,9.754532,12.445201,14.609647,18.01804,21.444696,24.718782,26.70057,30.357439,32.05692,35.69551,35.945366,35.991665,32.72881,32.844547,32.00771,32.441254,33.306038,32.72636,35.677204,37.23853,36.831287,38.321873,37.353878,37.13964,38.44916,37.198273,41.08502,36.106247,42.67799,38.20155,40.565952,38.425472,34.56295,33.237553,35.52445,32.82795,29.910456,29.801115,31.532246,28.916803,25.051529,27.482742,28.33142,22.219116,21.637346,24.521463,25.848211,30.11636,26.502483,30.297764,32.640736,33.274677,35.336773,33.00755,36.98969,38.92352,35.325417,36.200233,40.832413,43.494793,45.10981,40.53003,38.895576,43.883423,43.26758,38.526577,41.777256,44.120296,41.933506,38.131985,41.826645,38.164417,41.17221,37.78454,34.29878,33.45319,29.496647,26.43322,23.66651,21.939074,25.37471,27.9104,29.718584,33.181503,37.803677,39.952003,43.324142,45.184204,44.649845,49.13897,48.21558,44.374817,45.335674,45.638004,42.94037,39.706135,38.91924,34.05411,32.45729,27.534437,24.143261,25.620762,27.701498,30.318129,27.202913,23.98613,20.138472,24.025526,20.677265,22.2485,22.189186
1,4.152418,0.0,4.954073,6.959826,9.160389,12.51685,14.78621,18.91481,21.949705,24.02469,27.79064,29.406963,32.94747,32.985622,32.565628,29.336182,29.178665,28.264267,28.49092,29.283674,28.595642,31.533928,33.109455,32.722145,34.254436,33.343277,33.279945,34.69077,33.648514,37.586002,32.929924,39.68545,35.53198,38.123753,35.77793,31.70707,30.768717,33.28215,30.232836,27.16815,27.691765,29.294088,26.252079,22.705221,25.701132,26.14471,19.670662,19.854916,23.108618,24.658556,28.48523,24.661303,29.073618,31.260736,31.460093,33.071667,30.5097,34.3427,36.72068,33.33279,33.515873,38.327965,40.7888,42.715927,38.269474,36.32435,41.10001,40.330242,35.512733,38.757042,40.902412,38.604076,34.802277,38.418365,35.00204,37.964092,34.51466,31.273554,30.34038,26.709146,23.504814,21.012678,18.780708,22.080626,24.6734,26.243116,29.715385,34.213936,36.24719,39.693626,41.51648,40.851524,45.268253,44.241016,40.41506,41.356934,41.758644,39.006165,35.719376,35.180626,30.34384,28.640284,23.780315,20.442844,21.862436,23.786734,26.322748,23.216072,19.962547,16.056952,20.19952,16.882961,18.872263,19.034891
2,6.4559307,4.954073,0.0,5.387009,6.9057884,8.673932,12.223565,15.124414,18.705332,20.339823,24.084524,25.648905,29.3361,29.580433,29.934834,26.856571,27.144104,26.747509,27.28499,28.763687,28.57129,31.592646,34.00955,32.758152,33.830906,32.442593,32.174118,33.02673,31.699652,35.3143,30.367523,36.805252,32.05915,34.69823,32.855167,28.843277,27.422163,30.18256,27.689297,24.507032,24.540895,27.110931,24.322453,20.21102,23.181187,24.90028,18.62165,17.904251,21.707249,22.448492,26.630054,24.062775,28.027596,29.677353,30.55544,32.407482,29.431433,33.454243,35.68869,31.598536,31.816492,36.630173,38.99215,40.766357,36.010292,34.021633,38.916218,37.977116,33.46677,37.277195,39.210945,36.72201,33.36451,37.5245,33.979122,37.47192,34.300404,30.799936,30.715992,26.69595,24.031202,22.139734,19.304619,22.08869,23.900242,26.36839,28.83792,33.902637,35.59382,39.121647,40.57274,39.826237,44.635155,43.57208,40.152367,41.53817,42.1291,39.733967,36.22768,35.89238,31.041794,30.04956,25.312126,22.383865,24.312553,25.781622,27.970217,24.498457,21.18071,16.586372,19.498487,15.618992,16.823534,16.134432
3,9.754532,6.959826,5.387009,0.0,3.903727,6.390053,8.746086,12.941684,15.406578,18.093853,21.514696,23.5784,26.92022,27.317173,27.035654,23.31389,23.80819,22.705936,24.084183,24.754053,25.055561,28.346596,30.551552,28.870834,29.949398,28.818628,27.987413,29.20451,27.632725,31.612844,26.435741,33.075947,29.004673,31.324522,28.89518,24.950874,23.954756,26.331156,23.315533,20.29199,20.7603,22.490515,19.485569,15.77704,18.969131,19.870092,13.398817,13.3922205,17.229273,18.477276,22.123253,19.090107,23.54052,25.21783,25.617882,27.209631,24.256573,28.209642,30.593523,26.833727,26.874308,31.706755,34.11852,35.994766,31.443129,29.458698,34.305637,33.567368,28.830914,32.289394,34.447746,32.203045,28.51508,32.472027,28.833267,32.198418,29.001844,25.466137,25.360111,21.315027,18.68892,16.99652,14.006538,16.774128,18.67656,21.154774,23.81645,28.830153,30.759668,34.161118,35.81596,35.358936,40.08144,39.344894,35.675426,37.018326,37.382347,35.155907,31.75104,30.972466,26.09073,25.524889,20.768667,18.072605,20.736816,22.116354,24.231113,20.361616,17.16866,12.731191,15.017421,11.753198,12.63236,13.0634365
4,12.445201,9.160389,6.9057884,3.903727,0.0,5.4017057,5.6510754,10.20107,12.946383,15.109796,18.846474,20.524197,23.923706,24.013355,23.637356,20.300201,20.494843,19.860197,20.72482,22.025797,22.230915,25.419743,28.163813,26.257072,27.148771,25.735357,25.277025,26.199287,24.913258,28.66501,23.939386,30.639988,26.48496,29.324526,27.088642,22.811878,22.027945,25.051144,22.01135,18.624216,19.72626,22.082558,18.665867,15.120109,19.050688,20.280865,13.731789,14.236,18.626516,19.537,22.765692,20.34236,25.037228,26.210222,26.49866,27.636086,24.20348,27.979418,30.832,26.984457,26.077158,31.119774,33.14649,35.346413,30.79991,28.344316,32.91889,31.7787,27.18775,31.060272,32.708595,30.089123,26.77915,30.967575,27.704891,31.289463,28.17814,24.952105,25.149189,21.524336,19.048803,18.092327,14.243609,16.304731,17.727957,20.274984,22.258718,27.36804,28.826982,32.43072,33.7541,32.928802,37.773373,36.71967,33.381363,34.9265,35.624966,33.424595,29.814108,29.710415,24.943253,24.409428,19.961323,17.60915,20.017662,20.898808,22.667215,18.88475,15.660072,10.755288,12.729029,8.770252,10.081845,9.882582
5,14.609647,12.51685,8.673932,6.390053,5.4017057,0.0,6.0851965,7.334381,10.4531355,12.657943,15.911946,18.060282,21.522047,22.299934,23.105106,19.554207,20.84145,20.500118,22.485292,24.048426,25.144053,28.434765,31.706724,28.825174,29.185963,27.414839,26.215008,26.574259,24.552046,28.003536,22.411684,28.531105,23.677654,26.063549,24.335821,20.47999,18.793596,21.6135,19.437874,16.227114,16.039234,19.393446,16.789553,12.311612,15.616011,18.575726,12.952451,11.593934,16.246271,16.07976,19.89647,19.098854,22.770393,23.427507,24.723642,26.463133,22.884523,26.942154,29.170567,24.471064,24.314766,29.09898,31.253237,32.960587,28.02626,25.895514,30.815258,29.79198,25.579723,29.870476,31.625513,29.11296,26.189062,30.884663,27.189558,31.27593,28.598646,24.862291,26.064346,21.757866,20.155998,19.607208,15.983644,17.518463,17.931828,21.653757,22.54159,28.225758,29.556534,32.993603,34.052948,33.49058,38.69468,37.93993,34.926155,36.8795,37.50619,35.85414,32.24341,31.800875,27.118795,27.59119,23.328606,21.42122,24.472944,25.170912,26.69095,22.58671,19.607092,14.834626,14.745637,11.116366,10.161347,9.093315
6,18.01804,14.78621,12.223565,8.746086,5.6510754,6.0851965,0.0,6.0592446,7.6514797,10.177298,13.70203,15.52312,18.648823,18.80608,18.302666,14.724201,15.327181,14.832075,16.495924,18.045582,19.120228,22.41068,25.882328,22.813393,23.154324,21.402815,20.495834,21.03826,19.495592,23.138374,18.333883,25.028198,21.042414,24.045,21.794197,17.345848,16.856115,20.26092,17.161123,13.537123,15.37993,18.17395,14.4836,11.330727,15.957372,17.594564,11.684334,12.6123705,17.356667,17.779057,20.158651,18.908092,23.566721,23.942705,24.1754,24.834343,20.855785,24.412754,27.597422,23.596722,21.727142,26.864174,28.503792,30.927568,26.420046,23.557165,27.881863,26.46535,22.061865,26.359135,27.60425,24.767952,21.863108,26.430534,23.359657,27.341578,24.57063,21.48673,22.559216,19.184155,17.486883,17.798517,13.260881,13.921593,14.112585,17.349249,17.92467,23.389727,24.372477,28.02383,28.96425,28.062899,33.17704,32.16707,29.20727,31.17603,32.04657,30.32426,26.589308,26.752542,22.229746,22.664131,18.85085,17.483288,20.366903,20.478903,21.566978,17.55667,14.772685,10.076501,9.145349,5.228533,4.884771,4.4008846
7,21.444696,18.91481,15.124414,12.941684,10.20107,7.334381,6.0592446,0.0,4.818182,5.344564,8.981225,10.761746,14.297676,15.000534,16.409952,13.456688,15.149829,15.945211,18.00978,20.658022,22.358118,25.38555,29.720825,25.776487,25.364204,22.937494,21.763243,21.132038,19.112469,21.815693,16.62111,22.362425,17.070484,20.277052,19.205542,14.997806,13.364642,17.46643,15.803342,12.153049,12.852729,17.714914,14.95466,11.200769,15.247366,19.08291,14.657343,13.905749,18.724127,17.726543,20.309242,21.253565,24.750532,24.241238,25.52385,26.517471,22.22186,25.783691,28.507936,23.589283,21.840921,26.658667,28.01573,30.085953,25.198137,22.326384,26.663702,24.927895,21.37747,26.546223,27.310768,24.22413,22.411552,27.650532,24.579885,29.166893,27.035255,23.8068,26.027187,22.425196,21.661795,22.485037,18.131252,18.067423,16.960506,21.117092,19.958874,25.815195,26.14565,29.682364,29.937454,28.93071,34.451466,33.41285,31.271242,33.795437,34.8973,33.748646,29.959259,30.392155,26.22366,27.441711,24.09768,23.169302,26.117075,25.915045,26.617939,22.703144,20.21448,15.74449,13.389454,10.111483,7.806987,4.3289742
8,24.718782,21.949705,18.705332,15.406578,12.946383,10.4531355,7.6514797,4.818182,0.0,4.8428617,6.6044674,9.463545,12.029678,13.148427,13.836492,9.835524,12.457722,12.584014,16.174492,18.030207,20.62608,23.761946,28.043444,23.336178,22.615463,20.31092,18.224997,17.642141,15.016086,17.998335,12.167821,18.15055,13.616286,16.4684,14.728948,10.405891,9.340954,13.370038,11.215507,7.456262,9.252463,13.748394,10.842319,8.070122,12.428165,15.886495,12.569729,12.467948,16.892128,15.918777,17.333132,18.84827,22.30308,21.322145,22.247494,22.775646,18.283241,21.560217,24.467825,19.745298,17.286535,22.109877,23.284803,25.521517,20.799747,17.684649,21.902761,20.196764,16.559402,21.78004,22.532347,19.558475,17.760336,23.110569,20.03627,24.767117,22.928205,19.790047,22.582567,19.240484,19.164085,20.778826,16.495907,15.476111,13.439286,17.956427,15.83453,21.787138,22.021955,25.385893,25.580866,24.865747,30.444693,29.784227,27.657845,30.341917,31.292923,30.582859,26.933067,27.06816,23.180162,25.2294,22.391804,22.143951,25.52377,25.006456,25.352648,21.3234,19.362576,15.687782,11.548027,9.908802,6.0544496,4.485884
9,26.70057,24.02469,20.339823,18.093853,15.109796,12.657943,10.177298,5.344564,4.8428617,0.0,4.3344893,5.488638,8.9983425,9.732974,11.962789,9.826684,12.075202,13.9424305,16.148558,19.461512,21.689114,24.36859,29.343166,24.61714,23.532913,20.651253,19.404167,17.83133,15.792607,17.600958,12.939467,17.997189,12.3838415,16.359015,15.988172,11.73237,10.33542,15.357819,14.355964,10.848923,12.27644,17.728079,15.207108,12.66589,16.530277,20.57336,17.38117,17.00461,21.466545,20.059977,21.620535,23.652098,26.834612,25.57615,26.79193,27.235138,22.663551,25.659039,28.60119,23.749403,20.887587,25.454758,26.108435,28.38818,23.733374,20.389359,24.024246,21.722841,18.964857,24.660978,24.562809,21.09331,20.395393,25.878216,23.422699,28.228878,26.641253,23.926256,26.827608,23.8638,23.747849,25.375744,20.901295,19.842657,17.741116,21.917381,19.209846,24.87668,24.38335,27.83589,27.403227,26.098282,31.773466,30.58605,29.232439,32.17627,33.589386,32.923634,29.13795,30.14089,26.536015,28.3366,25.786182,25.564936,28.40079,27.630539,27.740675,24.112158,22.143988,18.298853,14.618315,12.37874,9.651541,6.2483
10,30.357439,27.79064,24.084524,21.514696,18.846474,15.911946,13.70203,8.981225,6.6044674,4.3344893,0.0,3.865982,5.963395,8.069904,11.246068,9.106296,12.536131,14.325794,17.599539,20.485312,23.421473,26.003122,31.03591,25.647762,24.112652,21.19967,19.179811,17.119577,14.417205,15.599792,10.439032,14.382292,8.255904,12.115165,12.358029,8.688765,6.7835016,12.071208,12.105813,9.320263,10.354175,16.15493,14.45223,12.689791,15.728525,20.212805,18.448908,17.800377,21.71229,19.813625,20.648872,23.868664,26.351301,24.455166,25.915564,26.245583,21.672247,24.327484,26.974745,21.994827,18.947798,23.02474,23.355124,25.426468,20.842325,17.50556,20.855017,18.451035,16.449957,22.398897,22.025145,18.67389,18.745672,24.37206,21.996397,26.98193,25.966887,23.327774,26.939913,24.096956,24.714598,26.8223,22.641312,21.008026,18.143913,22.609072,18.837421,24.400747,23.603392,26.69976,25.904995,24.862377,30.61273,29.777002,28.840008,32.052868,33.380627,33.284023,29.691021,30.471258,27.265047,29.815828,27.695414,27.920397,31.051865,30.10431,29.958433,26.31318,24.72199,21.365896,16.767668,15.505823,12.09721,9.738134
11,32.05692,29.406963,25.648905,23.5784,20.524197,18.060282,15.52312,10.761746,9.463545,5.488638,3.865982,0.0,3.9871511,5.0878325,9.668687,9.563716,12.120341,15.076236,17.061975,20.902252,23.448725,25.618107,31.072937,25.794563,24.049883,20.786531,19.593008,16.90864,15.0109,15.232223,11.799472,14.989802,8.80749,13.661274,14.692473,11.1585455,9.960831,15.288777,15.478786,12.751875,14.178063,19.841068,17.938307,16.372126,19.587511,23.861712,21.765158,21.390326,25.452978,23.630106,24.488605,27.50274,30.1797,28.291643,29.615648,29.707155,25.088442,27.498774,30.397017,25.631573,22.08441,26.077864,25.991472,28.273386,23.971592,20.420094,23.114313,20.261892,18.790365,24.79656,23.74237,20.0162,20.761507,26.261503,24.49676,29.36579,28.406767,26.202822,29.656977,27.22269,27.644556,29.772621,25.356468,23.693617,20.943039,24.98385,21.050526,26.254501,24.937666,28.131136,26.917206,25.3269,31.014154,29.680202,29.317928,32.642685,34.350098,34.201633,30.525034,32.042118,29.057638,31.304178,29.438852,29.714464,32.390656,31.220625,30.868462,27.58866,26.046043,22.704897,18.444407,16.92953,14.262969,11.329169
12,35.69551,32.94747,29.3361,26.92022,23.923706,21.522047,18.648823,14.297676,12.029678,8.9983425,5.963395,3.9871511,0.0,3.4745693,8.508988,9.200033,12.132548,15.110552,17.556376,21.063143,24.062923,25.988333,31.483232,25.726841,23.55914,20.286411,18.698517,15.486502,13.440943,12.63902,10.007427,11.6328125,5.7324977,11.051503,12.672302,9.910866,9.4552,14.409927,15.09905,13.130531,14.852868,19.998169,18.488625,17.88573,20.682842,24.666489,23.492886,23.357224,26.994757,25.099932,25.181082,28.699863,31.0887,28.79737,29.958904,29.66419,25.10866,26.98187,29.869371,25.421946,21.295368,24.800251,24.167175,26.503023,22.643133,18.960567,20.846567,17.68988,17.123938,23.114704,21.456844,17.710926,19.407415,24.761038,23.484177,28.285854,27.825634,26.028154,29.863619,27.884747,28.778149,31.339846,27.086254,24.911695,21.681467,25.56915,20.801613,25.55134,23.76292,26.633656,24.957863,23.384113,29.000744,27.814102,28.010315,31.549164,33.302322,33.627735,30.150341,31.752754,29.273468,32.00948,30.686707,31.412426,34.14515,32.71971,32.046688,28.937105,27.799942,24.999222,20.12539,19.41763,16.568157,14.328575
13,35.945366,32.985622,29.580433,27.317173,24.013355,22.299934,18.80608,15.000534,13.148427,9.732974,8.069904,5.0878325,3.4745693,0.0,6.1789746,8.709806,10.412333,14.202257,15.410142,19.589455,22.162416,23.755749,29.488205,23.956274,21.73711,18.253788,17.531176,14.052831,13.000608,11.832416,10.959234,13.058145,8.573625,14.012751,15.1627035,11.954971,12.313746,17.342499,17.31723,15.019804,17.503014,22.28173,20.194084,19.733072,23.064022,26.480272,24.723179,25.124865,28.983646,27.45104,27.553183,30.399137,33.310696,31.256147,32.009888,31.412058,26.80483,28.539255,31.86449,27.782368,23.131445,26.858885,26.043823,28.766283,25.161974,21.217934,22.74544,19.356277,18.616535,24.438982,22.408106,18.344454,20.102188,25.216385,24.44695,29.026474,28.392944,27.000706,30.448977,28.892607,29.46015,32.011852,27.536785,25.3603,22.379581,25.750702,21.14581,25.547894,23.45066,26.518044,24.693195,22.58288,28.074661,26.374542,26.830837,30.340364,32.407352,32.52246,28.959576,31.211567,28.865576,31.19841,30.098255,30.875626,33.173706,31.555212,30.708128,27.954575,26.903095,24.256725,19.708668,18.948347,16.792728,14.425125
14,35.991665,32.565628,29.934834,27.035654,23.637356,23.105106,18.302666,16.409952,13.836492,11.962789,11.246068,9.668687,8.508988,6.1789746,0.0,5.4603987,5.1694202,9.296623,10.022709,13.947526,16.636827,18.025835,23.694897,17.980896,15.61697,12.123327,11.75638,8.2080345,8.392272,7.7184,9.091396,12.774947,11.37324,16.263094,15.617378,11.888564,14.1191225,18.632296,17.037827,14.735446,18.807419,21.984413,19.083529,19.738018,23.626799,25.368961,23.4354,25.114716,28.791422,28.105833,27.531132,29.217003,32.903408,31.175196,30.871107,29.484695,24.976318,26.18385,30.252337,27.209585,21.49381,25.466341,24.399565,27.847073,24.887114,20.542698,21.480309,18.014946,16.601809,21.777355,19.437363,15.11617,16.56741,21.104576,21.130249,25.198101,24.392452,23.80058,26.710773,26.123032,26.515411,29.361965,24.894474,22.315548,19.48251,21.829313,17.220098,20.824362,18.370234,21.629599,19.832045,17.255007,22.633028,20.623526,20.948915,24.390965,26.64638,26.64504,23.09748,25.875824,23.920633,26.128847,25.68841,26.94395,28.910038,26.927748,25.68507,23.374775,22.863195,21.158514,16.397732,16.738836,15.310359,14.158994
15,32.72881,29.336182,26.856571,23.31389,20.300201,19.554207,14.724201,13.456688,9.835524,9.826684,9.106296,9.563716,9.200033,8.709806,5.4603987,0.0,4.4496665,5.9373164,9.981428,12.129951,15.646216,17.987272,22.96506,17.044764,15.189626,12.373077,10.157282,8.19749,6.1040564,8.511791,5.6480494,11.9314165,10.47144,14.457483,12.403097,7.9186997,10.571739,14.723544,12.188492,9.659304,14.284422,16.842026,13.679702,14.601174,18.569666,19.925316,18.156565,19.99708,23.486256,23.022549,22.28708,23.767843,27.52363,25.939894,25.51132,24.249657,19.689644,21.214128,25.258707,22.139011,16.640154,21.039621,20.558939,23.958878,20.658026,16.370537,18.23882,15.320371,12.61959,17.914902,16.635553,12.627882,12.63175,17.705288,16.747025,21.144478,20.045969,18.843689,21.920284,20.867378,21.40974,24.31426,19.99528,17.312677,14.249262,17.161007,12.59091,17.131557,15.552357,18.964754,18.002249,16.352175,22.034805,20.888475,19.908627,23.162638,24.789623,24.72424,21.147326,22.751394,20.234669,22.908916,21.987492,23.183691,25.850512,24.185007,23.290394,20.281889,19.640194,17.85986,12.319045,13.213626,10.933897,10.795196
16,32.844547,29.178665,27.144104,23.80819,20.494843,20.84145,15.327181,15.149829,12.457722,12.075202,12.536131,12.120341,12.132548,10.412333,5.1694202,4.4496665,0.0,4.722012,5.724293,9.19742,11.988531,13.975668,19.351704,13.757843,11.958958,8.76314,8.420035,6.638305,7.2171574,9.34098,9.48998,15.226382,14.401797,18.668484,16.63577,12.289442,14.974839,19.106365,16.172386,13.505983,18.323614,20.463146,16.781849,17.691685,22.082365,22.66797,20.062635,22.57773,26.234644,26.265594,25.666924,26.117105,30.497108,29.3147,28.377834,26.781843,22.368187,23.677708,28.16771,25.615622,19.83268,24.320448,23.706047,27.435116,24.502825,20.16446,21.590488,18.61332,15.844255,20.4401,18.846552,14.7489805,14.572868,18.83736,18.66045,22.440693,20.993387,20.467197,22.667356,22.320492,22.247787,25.000027,20.488348,17.957306,15.624619,17.366629,13.609788,17.251171,15.352688,19.06337,18.0986,15.654276,20.975883,19.036728,18.121744,21.188833,23.271404,22.705753,18.940825,21.611443,19.275717,21.122295,20.572865,21.850918,23.771982,21.788504,20.60402,18.205547,17.764242,16.426771,11.674397,12.6433115,11.883523,11.794709
17,32.00771,28.264267,26.747509,22.705936,19.860197,20.500118,14.832075,15.945211,12.584014,13.9424305,14.325794,15.076236,15.110552,14.202257,9.296623,5.9373164,4.722012,0.0,6.6982307,6.4337654,10.436614,13.141494,17.477575,11.568224,10.252177,8.275578,5.840146,6.634391,6.1799617,10.3775835,9.219101,15.736325,16.003197,19.227875,15.9895115,11.838704,15.075367,18.207066,14.277781,11.986687,17.286299,17.899635,13.902017,15.733586,20.032555,19.308262,17.018747,20.287207,23.446438,24.050865,22.9072,22.619009,27.279978,26.347878,24.762138,22.801098,18.58938,19.69167,24.454979,22.570774,16.614107,21.243402,20.906929,24.80558,22.1581,17.957163,19.534866,17.13879,13.423708,17.219273,16.354067,12.781083,11.135084,15.090566,14.675146,18.217228,16.456459,16.041859,17.991615,18.00256,18.02368,21.05684,16.840738,13.88951,11.510768,12.775214,9.096458,12.809596,11.536864,15.416114,15.2623825,13.522,18.779425,17.568367,15.437771,18.245325,19.809036,19.20995,15.487661,17.316809,14.777465,17.151943,16.722748,18.383484,20.77917,18.843145,17.682749,14.935727,14.886165,14.358375,8.828957,11.4062805,10.511988,12.111265
18,32.441254,28.49092,27.28499,24.084183,20.72482,22.485292,16.495924,18.00978,16.174492,16.148558,17.599539,17.061975,17.556376,15.410142,10.022709,9.981428,5.724293,6.6982307,0.0,6.074702,6.864086,8.5574045,14.202423,9.594624,8.623947,5.786242,8.53006,8.664044,11.098239,13.388472,14.698292,20.41806,20.124676,24.298185,21.882181,17.553114,20.305702,24.19921,20.632923,17.890491,22.879913,24.261744,20.072252,21.029984,25.738514,25.216536,21.748905,25.07694,28.724247,29.467012,28.979982,28.026842,33.124645,32.536564,30.930267,29.008596,24.921282,26.05074,30.944117,29.119585,23.29783,27.901217,27.391014,31.384829,28.799887,24.543428,25.806719,23.074434,19.89913,23.521849,22.084547,18.304628,17.360424,20.48215,20.872564,23.76483,21.76994,21.90939,22.821434,23.272041,22.391945,24.808775,20.330904,18.163769,16.973726,17.139025,15.028005,17.448565,15.745075,19.603197,19.124805,16.231995,20.648678,18.020481,16.585262,18.972984,21.373886,19.908476,15.992435,19.727545,17.526052,18.02172,17.895039,19.215693,20.09554,17.767847,16.268635,14.787639,14.698722,14.304589,11.189737,12.452704,13.604127,14.083988
19,33.306038,29.283674,28.763687,24.754053,22.025797,24.048426,18.045582,20.658022,18.030207,19.461512,20.485312,20.902252,21.063143,19.589455,13.947526,12.129951,9.19742,6.4337654,6.074702,0.0,4.772246,7.44741,11.085722,5.3298655,5.2609572,5.2648644,5.7705016,8.911323,10.833206,14.361503,15.218615,21.090918,22.22808,25.381506,21.89474,18.079126,21.441044,24.216827,19.877388,17.825819,23.132755,22.74488,18.503187,20.603868,24.957952,22.799839,20.008818,24.198467,27.063526,28.473665,27.18652,25.360964,30.672531,30.340277,27.838703,25.286413,21.717962,22.231161,27.407701,26.719086,20.68474,25.061415,24.640484,28.826845,26.907852,22.902983,23.874283,21.767776,18.044573,20.280787,19.394915,16.402021,14.27282,16.17372,16.921486,18.93213,16.685583,17.57913,17.786528,19.299948,18.534166,21.33174,17.5016,14.809744,13.881802,12.541045,11.084367,12.144114,10.964339,14.800904,15.244444,13.018583,16.903978,15.069584,12.043083,13.96823,15.880694,14.267735,10.293749,13.654043,11.700168,12.701742,13.522768,15.764441,16.977585,14.420422,12.524883,11.094263,12.157802,13.593588,10.031578,13.312265,14.316362,16.417732
20,32.72636,28.595642,28.57129,25.055561,22.230915,25.144053,19.120228,22.358118,20.62608,21.689114,23.421473,23.448725,24.062923,22.162416,16.636827,15.646216,11.988531,10.436614,6.864086,4.772246,0.0,3.6687474,7.6802177,4.8501067,6.606155,7.091672,10.1490555,12.680699,15.229404,18.242083,19.505575,25.404324,26.01716,29.58393,26.34189,22.266161,25.305243,28.440853,24.102747,21.694506,26.832052,26.754652,22.3123,23.80905,28.424463,26.235935,22.55574,26.837141,29.943567,31.593203,30.804623,28.273731,33.94235,34.005486,31.448519,29.043999,25.62976,26.338797,31.511555,30.83919,25.14053,29.625023,29.343582,33.50689,31.49081,27.528788,28.643648,26.501097,22.7711,24.94878,24.09969,21.105404,19.000704,20.560858,21.365631,22.983614,20.436253,21.38621,20.712088,22.30124,20.767244,22.909206,19.072376,17.172922,17.242973,15.328967,15.356721,16.002375,15.117961,18.71357,19.271,16.744007,19.784637,17.292223,14.41899,15.496552,17.673563,15.079224,11.228237,15.503989,13.60464,12.55175,13.381273,15.161996,15.002188,12.185482,10.064939,9.9644375,11.057089,12.958936,11.644109,14.066968,16.348831,18.08938
21,35.677204,31.533928,31.592646,28.346596,25.419743,28.434765,22.41068,25.38555,23.761946,24.36859,26.003122,25.618107,25.988333,23.755749,18.025835,17.987272,13.975668,13.141494,8.5574045,7.44741,3.6687474,0.0,6.104359,4.927124,6.5037274,7.372316,11.730454,13.8203945,17.123306,19.38016,21.803917,27.136328,28.116945,31.853437,28.840254,24.904661,28.08294,31.329815,27.164345,24.844162,30.045689,30.065992,25.706799,27.306673,31.909664,29.749643,26.21536,30.476719,33.58322,35.186954,34.294384,31.84964,37.48461,37.467052,34.822037,32.21841,28.884123,29.297033,34.534534,34.079674,28.10162,32.37454,31.770733,36.05062,34.31448,30.263124,30.894085,28.570517,25.268173,27.273117,25.932167,22.906502,21.381727,22.484676,23.943228,25.217642,22.937418,24.382645,23.621447,25.641676,24.176603,26.325165,22.634535,20.722235,20.72405,18.572111,18.323683,18.202887,16.778248,20.053158,20.22317,17.239353,19.548798,16.432335,14.295758,15.1065445,17.774807,15.130972,11.691041,16.987226,15.985711,14.588077,16.16851,18.044111,17.14347,14.141485,11.63656,12.73658,14.108128,16.218641,15.282952,17.446768,19.793812,21.200796
22,37.23853,33.109455,34.00955,30.551552,28.163813,31.706724,25.882328,29.720825,28.043444,29.343166,31.03591,31.072937,31.483232,29.488205,23.694897,22.96506,19.351704,17.477575,14.202423,11.085722,7.6802177,6.104359,0.0,6.7352448,9.7435465,12.287771,15.404037,18.46773,21.411898,24.098879,26.207064,31.586634,33.127136,36.38343,32.830837,29.152327,32.473785,35.131493,30.550348,28.55149,33.734905,32.715275,28.378874,30.356146,34.715588,31.410727,28.028736,32.787003,35.340942,37.549915,36.375908,32.894955,38.735638,39.17537,35.853867,32.921688,30.26843,30.285273,35.528248,36.01018,30.302582,34.300106,33.876896,38.155045,36.90992,33.18579,33.689064,31.874321,28.297523,29.176369,28.350561,26.046528,23.807688,23.672323,25.364614,25.519892,23.004213,25.0612,23.089272,25.995853,24.207594,26.05737,23.235226,21.60547,22.4229,18.944353,20.18923,18.658787,18.049513,20.674381,21.686134,19.366297,20.282345,17.749914,14.564567,13.764327,15.830464,12.167698,9.7040415,14.865887,14.662159,11.839185,14.627878,16.829493,14.939936,11.80242,8.794449,11.816342,14.191815,17.839415,17.95975,20.676003,23.318369,25.434351
23,36.831287,32.722145,32.758152,28.870834,26.257072,28.825174,22.813393,25.776487,23.336178,24.61714,25.647762,25.794563,25.726841,23.956274,17.980896,17.044764,13.757843,11.568224,9.594624,5.3298655,4.8501067,4.927124,6.7352448,0.0,3.3708956,6.3306046,8.6934805,11.930609,14.79514,17.529522,19.773674,24.90979,26.854237,29.922997,26.402975,22.940502,26.523052,29.073301,24.7033,22.94777,28.287832,27.385607,23.250011,25.659082,29.875656,27.03509,24.423471,28.93882,31.505032,33.24074,31.675333,29.287954,34.724834,34.57557,31.546295,28.532415,25.474234,25.365093,30.658474,30.823448,24.616518,28.548332,27.827726,32.171307,30.91846,27.019197,27.281406,25.274187,21.93946,23.178886,21.971544,19.419827,17.583567,17.961964,19.800016,20.613148,18.514229,20.500648,19.788366,22.444546,21.50539,24.173199,20.917189,18.388672,18.020111,15.369098,14.747908,13.638406,12.196637,15.287609,15.795412,13.255414,15.419541,13.025308,9.844642,10.722576,13.163802,10.878327,7.1853256,12.5045185,12.104074,11.9613085,14.422275,17.112467,17.114399,14.083885,11.357837,11.929351,13.995273,16.741383,14.536403,17.809378,19.374403,21.499884
24,38.321873,34.254436,33.830906,29.949398,27.148771,29.185963,23.154324,25.364204,22.615463,23.532913,24.112652,24.049883,23.55914,21.73711,15.61697,15.189626,11.958958,10.252177,8.623947,5.2609572,6.606155,6.5037274,9.7435465,3.3708956,0.0,3.7120109,6.3343363,9.034603,12.362507,14.537552,17.61593,22.213736,24.525064,27.632595,24.370365,21.105326,24.85684,27.481455,23.448229,21.845045,27.235273,26.642418,22.727297,25.29863,29.416115,27.072062,24.932047,29.149897,31.778582,33.137592,31.389988,29.795538,34.90734,34.35349,31.578358,28.52978,25.249659,24.99279,30.24347,30.196156,23.621607,27.38393,26.29149,30.687763,29.516642,25.455109,25.3191,23.018387,20.177986,21.726732,19.91269,17.080162,16.062193,16.728308,18.93454,20.10917,18.524797,20.540186,20.662825,23.150547,22.720526,25.714693,22.280107,19.394276,18.276407,16.33796,14.305894,13.404541,11.000964,14.119573,13.822735,10.7367935,13.467753,10.730622,8.591374,10.581953,13.401641,12.171739,8.714394,13.850715,13.738629,14.670597,16.945436,19.641493,20.099047,17.158016,14.570901,14.598794,16.347416,18.438066,15.286971,18.462194,19.424765,21.225368
25,37.353878,33.343277,32.442593,28.818628,25.735357,27.414839,21.402815,22.937494,20.31092,20.651253,21.19967,20.786531,20.286411,18.253788,12.123327,12.373077,8.76314,8.275578,5.786242,5.2648644,7.091672,7.372316,12.287771,6.3306046,3.7120109,0.0,5.499026,6.5563173,10.340048,12.077385,15.39895,20.028357,21.723713,25.287619,22.507023,18.979269,22.539991,25.681532,22.020008,20.116404,25.428108,25.712265,21.817368,23.950191,28.22092,26.779047,24.431053,28.202278,31.218693,32.160404,30.739052,29.793877,34.7436,33.951813,31.715574,29.029171,25.33104,25.476885,30.596403,29.803703,23.239773,27.213516,26.085392,30.388592,28.764013,24.503494,24.594135,21.90055,19.274326,21.807579,19.706696,16.269197,15.867424,17.661627,19.418934,21.4364,19.970407,21.336094,22.1514,23.865234,23.51654,26.47983,22.587116,19.75637,18.233078,17.344774,14.544234,15.001272,12.351837,15.767477,14.885307,11.49532,15.253843,12.31891,11.303768,13.891561,16.688982,15.773848,12.230529,16.82356,16.045113,17.17087,18.59949,20.869286,21.586973,18.811543,16.55378,15.957416,17.028181,18.103355,14.544294,17.088034,17.79636,18.975454
26,37.13964,33.279945,32.174118,27.987413,25.277025,26.215008,20.495834,21.763243,18.224997,19.404167,19.179811,19.593008,18.698517,17.531176,11.75638,10.157282,8.420035,5.840146,8.53006,5.7705016,10.1490555,11.730454,15.404037,8.6934805,6.3343363,5.499026,0.0,4.37444,6.2539244,9.424382,11.4943495,16.25731,18.787214,21.48092,18.060658,15.013705,18.970278,21.318401,17.493065,16.230125,21.594725,21.081682,17.530983,20.44522,24.215878,22.467348,21.223513,24.935307,27.444246,28.305923,26.272987,25.821817,30.355679,29.283777,26.965942,24.108862,20.451492,20.306574,25.363913,24.769627,17.986973,21.77158,20.613432,24.934801,23.49671,19.315948,19.314775,16.893072,14.014627,16.313248,14.43981,11.182681,10.381005,12.461418,14.063864,16.407892,15.275708,16.566643,18.18689,19.843674,20.276453,23.736607,20.181385,16.761599,14.40891,14.000312,9.804196,10.531895,7.6921697,11.338617,10.617196,8.138642,13.09788,11.752897,9.878521,13.054211,15.005996,15.043969,11.707248,14.503518,13.638122,16.472635,17.75008,20.318571,22.176138,19.714916,17.762384,16.148403,17.250349,18.242254,13.269638,16.599459,16.110275,17.946999
27,38.44916,34.69077,33.02673,29.20451,26.199287,26.574259,21.03826,21.132038,17.642141,17.83133,17.119577,16.90864,15.486502,14.052831,8.2080345,8.19749,6.638305,6.634391,8.664044,8.911323,12.680699,13.8203945,18.46773,11.930609,9.034603,6.5563173,4.37444,0.0,4.453042,5.6582217,9.609727,13.492727,15.865887,19.099762,16.564959,13.573532,17.41178,20.327887,17.362783,16.007153,21.122995,21.746216,18.5577,21.028152,24.74578,24.197699,23.067513,26.098188,28.927002,29.17187,27.361574,27.943596,32.0529,30.55093,28.891888,26.3698,22.400917,22.45522,27.183138,25.867573,19.064238,22.684212,21.164959,25.3199,23.632645,19.24509,18.99106,15.90832,14.0344095,17.411055,14.701411,10.712534,11.747627,14.726936,16.229239,19.198133,18.578514,19.423569,21.782398,22.814648,23.466593,26.883417,23.026598,19.709764,16.90509,17.555647,12.628555,14.197021,10.979717,14.139569,12.314365,9.351859,14.6645155,12.867678,12.791362,16.336544,18.58538,18.991438,15.793635,18.79848,17.923489,20.686863,21.6029,23.850067,25.695677,23.27705,21.40972,19.713009,20.36426,20.511957,15.358203,17.813362,16.873602,17.756475
28,37.198273,33.648514,31.699652,27.632725,24.913258,24.552046,19.495592,19.112469,15.016086,15.792607,14.417205,15.0109,13.440943,13.000608,8.392272,6.1040564,7.2171574,6.1799617,11.098239,10.833206,15.229404,17.123306,21.411898,14.79514,12.362507,10.340048,6.2539244,4.453042,0.0,4.972979,5.4819407,10.267422,12.67021,15.284925,12.266299,9.391954,13.468284,15.967459,13.045942,12.071366,17.080158,17.579237,14.771841,17.496572,20.808416,20.600065,20.20378,22.819304,25.411438,25.375206,23.356165,24.645329,28.291569,26.512863,25.171309,22.89275,18.773386,19.01684,23.450174,21.7222,15.0123205,18.68795,17.354992,21.338036,19.31047,14.893441,15.099758,12.088045,9.844011,13.987145,11.737227,7.571245,8.481127,12.716408,13.200361,16.968435,16.563728,16.651089,19.856838,20.192543,21.377703,24.933924,21.240643,17.773891,14.326787,16.038755,10.2633095,13.092527,10.520866,13.534493,12.046407,10.460447,16.204954,15.576273,14.858016,18.381844,19.929552,20.66003,17.56658,19.152699,17.78795,21.327614,21.655676,23.750734,26.369081,24.316946,22.853916,20.380087,20.722734,20.389242,14.502717,16.99645,15.017739,16.113907
29,41.08502,37.586002,35.3143,31.612844,28.66501,28.003536,23.138374,21.815693,17.998335,17.600958,15.599792,15.232223,12.63902,11.832416,7.7184,8.511791,9.34098,10.3775835,13.388472,14.361503,18.242083,19.38016,24.098879,17.529522,14.537552,12.077385,9.424382,5.6582217,4.972979,0.0,7.3482323,8.448947,11.840881,14.766827,13.197325,11.32326,15.021685,17.710375,16.080496,15.414094,19.791204,21.067297,18.87625,21.315998,24.317856,24.877613,24.778763,26.92192,29.574966,29.071157,27.054037,29.124826,32.315456,30.142843,29.181425,26.938103,22.904816,22.856237,26.936708,25.085262,18.420155,21.326805,19.296032,23.067957,21.414383,17.071854,16.17578,12.533618,12.383586,16.50447,13.014367,8.785385,12.053059,15.650076,16.922773,20.427832,20.670326,21.087332,24.510612,24.972364,26.320375,29.88781,26.151358,22.732157,19.217974,20.952053,15.043299,17.114008,13.815546,16.117682,13.471512,11.259734,16.608313,15.54063,16.576939,20.373518,22.338812,23.526564,20.700397,22.970783,22.217403,25.643877,26.303589,28.435425,30.743847,28.510378,26.816963,24.744839,25.1278,24.663431,19.013304,20.988007,19.031301,19.302614
30,36.106247,32.929924,30.367523,26.435741,23.939386,22.411684,18.333883,16.62111,12.167821,12.939467,10.439032,11.799472,10.007427,10.959234,9.091396,5.6480494,9.48998,9.219101,14.698292,15.218615,19.505575,21.803917,26.207064,19.773674,17.61593,15.39895,11.4943495,9.609727,5.4819407,7.3482323,0.0,7.1687202,7.8993754,10.177317,7.3202024,4.1146007,8.17584,10.8574915,8.941628,8.2321615,12.467276,14.109756,12.185696,14.350732,17.061565,18.409466,18.66004,20.104595,22.697315,21.86231,20.075922,22.804897,25.604939,23.344444,23.024628,21.560255,17.18393,18.10472,21.698114,18.719688,12.844587,16.488516,15.553113,18.827335,15.841246,11.464013,12.795988,9.765748,7.7905655,13.518918,12.0435,8.313056,9.419459,14.779261,13.68876,18.35378,18.187784,16.98144,21.090763,20.099482,21.714785,25.089344,21.459682,18.270315,14.353995,17.660149,11.8264265,16.077335,14.420371,16.993395,15.741646,15.105076,20.7941,20.692513,19.95715,23.408068,24.546324,25.390423,22.335114,22.958023,20.99713,24.795017,24.25835,25.853317,29.067295,27.457802,26.486628,23.342442,23.078968,21.765171,15.65111,17.302551,14.142766,14.665568
31,42.67799,39.68545,36.805252,33.075947,30.639988,28.531105,25.028198,22.362425,18.15055,17.997189,14.382292,14.989802,11.6328125,13.058145,12.774947,11.9314165,15.226382,15.736325,20.41806,21.090918,25.404324,27.136328,31.586634,24.90979,22.213736,20.028357,16.25731,13.492727,10.267422,8.448947,7.1687202,0.0,7.200364,7.309028,7.060107,8.41441,11.026228,12.110327,12.830116,13.702504,16.177343,17.814945,17.508783,19.842901,21.263317,23.207287,24.822676,25.593405,27.582022,26.099304,23.746231,27.852146,29.467419,26.446188,26.593376,25.054682,21.228521,21.272818,23.966473,21.241608,15.728153,17.388153,15.238167,17.860872,15.924958,12.197074,11.144185,7.4333224,9.841143,14.607438,11.688161,8.869353,12.907845,17.110167,16.97703,21.123995,22.192259,21.530544,26.176197,25.530193,27.800173,31.371971,28.14515,24.801256,20.652378,23.779394,17.452332,20.420132,18.069504,19.447067,17.102955,16.780186,21.829025,22.165676,22.879839,26.576113,27.724,29.483833,26.964949,27.636042,26.578074,30.839138,30.85471,32.721718,35.908813,34.1418,32.906906,30.057508,30.055914,28.919119,22.79911,24.390453,21.107782,21.160147
32,38.20155,35.53198,32.05915,29.004673,26.48496,23.677654,21.042414,17.070484,13.616286,12.3838415,8.255904,8.80749,5.7324977,8.573625,11.37324,10.47144,14.401797,16.003197,20.124676,22.22808,26.01716,28.116945,33.127136,26.854237,24.525064,21.723713,18.787214,15.865887,12.67021,11.840881,7.8993754,7.200364,0.0,5.43971,7.656896,6.888844,6.7055497,10.208234,11.950979,11.460099,12.693416,16.984257,16.53496,16.95776,18.670197,22.51071,22.952438,22.669758,25.465853,23.349787,22.458073,26.921856,28.520233,25.685228,26.916449,26.490896,22.202793,23.611822,25.996025,21.697868,17.613451,20.309538,19.410418,21.394741,17.789934,14.328583,15.828476,12.838678,13.251669,19.102087,17.510239,14.393185,16.639584,21.874527,20.448748,25.26467,25.453947,23.640709,28.12569,26.212444,27.899206,30.846582,27.149366,24.535103,20.728819,24.827448,19.358719,23.856861,22.162994,24.400242,22.667412,21.919733,27.44059,27.12536,27.290146,30.903503,32.212296,33.1738,30.073805,30.850626,28.732027,32.325756,31.293137,32.391624,35.635963,34.228893,33.482662,30.184,29.38988,27.085293,21.46877,21.696838,18.146322,16.990803
33,40.565952,38.123753,34.69823,31.324522,29.324526,26.063549,24.045,20.277052,16.4684,16.359015,12.115165,13.661274,11.051503,14.012751,16.263094,14.457483,18.668484,19.227875,24.298185,25.381506,29.58393,31.853437,36.38343,29.922997,27.632595,25.287619,21.48092,19.099762,15.284925,14.766827,10.177317,7.309028,5.43971,0.0,5.218968,8.028547,7.3711133,7.536249,11.018789,12.236568,12.110111,15.339824,16.34886,17.368658,17.629995,21.524813,23.522276,22.777155,24.632694,22.180363,20.541851,26.056608,26.565079,23.195858,24.790125,24.53184,20.738106,21.79423,23.25429,18.951147,15.713296,17.198301,16.26382,17.376373,13.927781,11.325549,12.631512,10.470729,12.073394,17.233027,16.173506,14.273617,16.601988,21.423544,19.60733,24.285427,25.075985,23.061363,28.046463,25.97432,28.339798,31.416014,28.36947,25.627806,21.559746,25.845728,20.223991,24.436512,23.116915,24.651363,23.087029,23.270367,28.48026,29.007866,29.007565,32.535965,33.343567,34.786682,32.06297,31.936266,30.044502,34.24859,33.287582,34.530006,38.211273,36.954784,36.282448,32.788948,32.15633,30.106169,24.22588,24.922297,20.935944,20.447256
34,38.425472,35.77793,32.855167,28.89518,27.088642,24.335821,21.794197,19.205542,14.728948,15.988172,12.358029,14.692473,12.672302,15.1627035,15.617378,12.403097,16.63577,15.9895115,21.882181,21.89474,26.34189,28.840254,32.830837,26.402975,24.370365,22.507023,18.060658,16.564959,12.266299,13.197325,7.3202024,7.060107,7.656896,5.218968,0.0,4.8968782,6.3082356,5.213111,6.6816864,8.714782,9.888079,11.256811,11.994368,14.16351,14.623886,17.193766,19.599762,19.613527,21.149033,19.36573,16.97201,21.843483,22.831198,19.665213,20.448578,19.715166,15.843397,16.734722,18.674404,14.852272,10.658114,12.711176,12.014263,13.861606,10.266499,6.71794,8.881706,7.0083995,7.063199,12.437698,12.106883,10.464567,11.770613,16.683327,14.462054,19.228668,19.911848,17.86542,22.891504,21.027645,23.57991,26.8698,24.07471,21.07864,16.88757,21.011795,15.373761,19.571465,18.687275,20.190859,19.17612,19.848852,25.058819,25.97811,25.22444,28.542416,29.01916,30.425621,27.823732,27.152021,25.247795,29.685707,28.83381,30.26582,34.11319,32.89722,32.243336,28.69507,28.289223,26.719536,20.624638,22.046644,18.048979,18.569664
