,0,1,2,3,4,5,6,7,8,9,10,11,12,13,14,15,16,17,18,19,20,21,22,23,24,25,26,27,28,29,30,31,32,33,34,35,36,37,38,39,40,41,42,43,44,45,46,47,48,49,50,51,52,53,54,55,56,57,58,59,60,61,62,63,64,65,66,67,68,69,70,71,72,73,74,75,76,77,78,79,80,81,82,83,84,85,86,87,88,89,90,91,92,93,94,95,96,97,98,99,100,101,102,103,104,105,106,107,108,109,110,111,112,113
0,0.0,4.307386,6.971607,9.628817,12.355909,14.448656,16.89892,22.410336,24.354279,27.160372,31.306648,30.675867,36.083366,36.328194,32.556698,29.90637,25.930998,25.787893,20.389227,18.72154,15.206007,14.4010515,12.18519,16.475353,19.27698,19.52787,22.67671,22.817429,27.242815,24.958208,33.121735,28.836311,35.998577,34.52289,37.26922,40.011055,38.347954,37.63491,33.550407,30.86406,34.23717,30.203705,34.050728,32.113747,27.47823,29.801012,25.229021,26.272938,23.819166,26.13645,28.441616,30.447254,34.592834,37.313507,38.021873,34.5381,35.795223,37.885406,41.847736,43.60823,38.99774,38.10276,43.84334,44.862194,48.265797,43.37932,41.8961,47.890015,44.50829,41.98558,43.698006,45.21054,42.75128,39.0358,40.7958,37.66705,38.005543,40.30899,39.077847,43.847946,41.639847,46.5892,46.46795,42.69394,38.824635,35.408985,34.042774,29.63693,26.32211,24.77238,21.352287,21.990166,18.601913,21.283062,21.409742,25.055973,26.045692,25.413994,29.244133,29.672781,29.848408,33.904507,33.77062,39.59241,39.753544,44.647923,48.53879,47.528015,45.09365,45.731495,39.355133,40.016804,36.01709,36.019226
1,4.307386,0.0,4.4570746,6.435645,8.39553,11.342694,13.319064,18.673046,20.75631,23.231823,27.57968,27.314182,32.51852,32.60492,28.76859,25.910843,21.973986,21.604324,16.452415,14.44117,11.149668,10.220286,8.53486,12.913106,15.442285,15.814686,18.595148,18.839779,23.15826,21.149273,29.252548,25.242992,32.451393,31.238522,34.120987,36.994698,35.657154,34.83797,30.652775,27.762575,30.965876,26.775547,30.406347,28.296133,23.873957,25.867947,21.640368,22.466646,20.417383,22.452011,24.643059,26.444885,30.736181,33.247116,34.147884,30.73446,31.732069,33.868496,37.76041,39.56537,35.063198,33.94035,39.669094,40.643307,44.11199,39.35674,37.756546,43.784054,40.548462,37.97649,39.838562,41.253742,38.935608,35.072754,37.00648,33.65296,34.210373,36.35773,35.07552,39.855614,37.48167,42.385002,42.22043,38.410126,34.55647,31.126303,29.823036,25.333628,22.097538,20.584316,17.295345,18.26098,15.05428,18.199944,18.404314,22.141338,22.539093,21.711288,25.386396,25.558714,25.67609,29.638678,29.473423,35.29052,35.460365,40.34452,44.241573,43.26536,40.84452,41.618195,35.219097,35.97313,32.061092,32.156948
2,6.971607,4.4570746,0.0,5.014596,7.1307397,7.5770807,11.325757,15.769653,18.226215,20.863052,24.948908,24.85568,30.043097,30.884943,27.558578,24.703419,21.031498,20.678246,16.06281,14.442715,12.502118,10.935536,10.947974,15.250643,17.065422,17.748466,19.439825,19.500832,23.206957,21.262897,28.765865,24.694426,31.71371,29.946602,33.250546,35.614555,34.59863,34.227695,29.804518,27.0012,30.788624,26.956242,30.370665,28.552055,24.823229,26.572313,23.219257,23.988932,22.719654,24.204128,26.014578,27.403812,31.974405,33.90497,35.348686,32.12748,32.40211,34.49217,38.28292,39.97181,35.538887,33.807194,39.312534,39.85681,43.534576,39.089207,36.797447,42.712547,39.212185,36.453796,37.84311,39.093815,36.50563,32.80384,34.17658,31.180307,31.20374,33.670876,32.629707,37.460003,35.535156,40.598785,40.507996,37.006214,33.02751,29.801327,28.076855,24.359653,20.6626,19.864101,16.58503,18.103958,15.786766,18.458595,17.722055,21.643486,21.717407,20.012234,24.669611,24.130367,25.055761,28.60657,28.858334,34.346653,34.786686,39.593403,43.5724,42.796993,40.275738,41.55068,35.084606,35.562786,31.911211,31.516262
3,9.628817,6.435645,5.014596,0.0,3.7868094,6.8430676,7.3048015,13.55141,14.812432,17.964405,21.874983,21.076855,26.472792,26.80902,23.284578,20.77932,16.937086,17.236254,11.871183,12.019238,10.266475,10.063282,10.588186,13.8674135,15.665498,15.494514,16.639793,15.863465,19.496733,16.928585,24.456245,20.042835,27.070557,25.308151,28.42927,30.949022,29.778366,29.285585,24.91647,22.120464,25.922644,22.217352,25.803125,24.302107,20.612597,22.892832,19.645145,21.368336,20.435637,22.375463,24.453003,25.182339,29.924406,31.628288,32.89236,29.452112,29.479763,31.133717,35.300426,36.473675,31.699814,30.333015,35.78767,36.45553,39.87972,35.10983,33.12949,38.973114,35.262234,32.709217,34.17885,35.809055,33.258656,29.717327,31.611464,28.810452,29.552626,32.12936,31.434013,36.416233,34.033546,38.916874,38.24363,34.537426,30.765537,27.244654,26.22787,22.141342,19.215803,18.865723,16.341652,18.667665,16.546762,20.160816,19.858694,23.715399,22.798435,20.67436,24.777344,23.342808,23.961836,26.906166,26.624054,32.13556,31.979362,37.10776,41.123722,40.681084,38.419754,40.09112,33.672016,34.73633,31.323494,31.437452
4,12.355909,8.39553,7.1307397,3.7868094,0.0,6.2160726,5.2762623,10.892175,12.540931,14.980872,19.308235,19.229485,24.232935,24.324137,20.675823,17.757748,13.972285,13.77008,8.955024,8.406379,7.6315837,7.303447,9.133376,11.73572,12.853213,12.917844,13.351094,12.822942,16.228065,14.238753,21.6527,17.775269,24.84362,23.562824,26.835396,29.561491,28.845346,28.168722,23.748796,20.6822,24.093395,20.138567,23.342924,21.504984,18.1448,19.812506,17.118168,18.35079,17.979359,19.406942,21.240189,21.762049,26.585054,28.066628,29.556873,26.273321,26.038206,27.82133,31.817152,33.15224,28.5988,26.906084,32.378983,33.013454,36.555458,31.988377,29.862764,35.79538,32.36067,29.714968,31.452377,32.892914,30.57138,26.752474,28.883278,25.66248,26.671545,28.959455,28.103483,33.059544,30.473488,35.306545,34.66974,30.903564,27.12292,23.59417,22.604532,18.373138,15.524284,15.210708,12.970473,15.666794,14.001257,17.842295,17.655706,21.375877,19.86978,17.628382,21.392975,19.740156,20.256725,23.137417,22.8499,28.37965,28.305752,33.37905,37.388973,36.907806,34.63369,36.352867,29.9389,31.054884,27.733965,27.941801
5,14.448656,11.342694,7.5770807,6.8430676,6.2160726,0.0,6.741798,8.707124,11.55345,14.174189,17.870579,18.259405,23.146652,24.783722,22.211737,19.392761,16.382244,16.081348,12.962574,12.561847,13.252939,11.70731,14.139572,17.210117,17.734795,18.470558,18.049006,17.63843,19.949455,18.335266,24.364408,20.601648,27.03432,24.80625,28.678688,30.44517,30.196312,30.298193,25.647629,22.901678,27.143003,23.90578,26.674292,25.30089,22.979027,24.159996,22.550564,23.34689,23.561613,24.236115,25.469715,25.796852,30.69059,31.51926,33.70033,30.81956,29.822187,31.633957,35.260174,36.57784,32.33113,29.756111,34.76872,34.709846,38.57091,34.632553,31.429003,37.08604,33.320316,30.3668,31.225744,32.27836,29.469563,25.955698,26.86592,24.296381,24.056366,26.910952,26.382019,31.332249,29.701698,34.80743,34.50397,31.367527,27.38353,24.392721,22.455086,19.855648,16.084766,16.807981,14.450372,17.312628,16.72475,19.287838,17.747005,21.532276,20.105455,16.793293,22.147766,19.831348,21.739185,24.113943,24.698961,29.537111,30.095907,34.82174,38.869415,38.563416,36.08318,38.31385,31.923445,32.3734,29.390097,28.675316
6,16.89892,13.319064,11.325757,7.3048015,5.2762623,6.741798,0.0,7.658843,7.6600885,11.069287,14.745802,14.029988,19.246801,19.623734,16.400284,13.960324,10.483118,11.255829,6.963083,9.685891,10.845919,11.224436,13.795401,15.295955,15.7170515,15.304772,14.069943,12.460006,14.54415,12.081938,18.263718,14.05334,20.726875,18.82401,22.405464,24.709585,24.27141,23.964926,19.381073,16.44466,20.4789,17.231272,20.201828,19.135792,16.895086,18.711506,17.348375,19.340555,19.999199,21.238989,22.839418,22.324303,27.304213,27.95279,29.732126,26.558252,25.369133,26.583036,30.736332,31.392412,26.673567,24.742838,29.790497,30.077417,33.532043,29.018026,26.480192,32.153095,28.217617,25.599691,26.88987,28.568241,25.99954,22.556978,24.667381,22.109627,23.37151,26.089952,25.906143,30.96722,28.410864,33.123146,31.948185,28.349365,24.744396,21.205673,20.607445,17.069546,14.867745,15.922137,14.801299,18.312883,17.648302,21.390757,20.852795,24.383335,21.9794,18.784191,22.625603,19.484499,20.482584,22.092274,21.68204,26.668724,26.23646,31.458748,35.519722,35.58879,33.524586,36.080906,29.834188,31.215256,28.490118,28.70959
7,22.410336,18.673046,15.769653,13.55141,10.892175,8.707124,7.658843,0.0,5.144284,5.693267,9.62766,11.8518915,15.527252,17.389076,15.557091,12.50586,10.935754,10.226707,10.79299,11.59449,15.034904,14.148957,17.969997,19.109192,18.156458,18.790842,15.982126,15.275587,15.324992,14.898552,18.32884,15.913505,21.188894,19.335958,23.63021,25.138676,26.093042,26.273706,21.714777,18.927744,22.694712,20.046883,21.527786,20.397728,20.058857,20.04129,20.801746,21.271399,23.18896,22.830782,23.301668,22.288696,27.158487,26.678406,29.539162,27.229465,24.839157,26.286177,29.508734,30.458918,26.718395,23.204264,27.55349,26.92838,30.946247,27.706238,23.63127,29.04448,25.380394,22.215593,22.978054,23.70964,21.056175,17.327332,18.42656,15.660908,16.033861,18.886204,18.841326,23.907146,22.023785,26.95582,26.219227,23.283566,19.433498,16.640783,14.882657,13.523393,10.621973,13.3545885,13.141363,17.059553,18.24853,20.779118,19.292192,22.287222,19.00924,14.608418,19.105556,14.612988,17.10466,17.65425,18.34265,22.28538,22.810276,27.388155,31.428417,31.631748,29.342175,32.5509,26.502302,27.214422,25.175081,24.567657
8,24.354279,20.75631,18.226215,14.812432,12.540931,11.55345,7.6600885,5.144284,0.0,5.011179,7.200715,7.1999717,11.843203,13.333567,11.596352,9.615955,8.3273,9.485648,9.694617,13.323826,16.507654,16.744993,20.189222,20.75515,20.04273,19.780811,16.60171,14.725271,14.129035,12.710958,15.086665,12.018081,16.856527,14.393997,18.73742,20.091772,20.972267,21.308765,16.745502,14.16573,18.382175,16.475693,18.001804,17.8013,18.028528,18.781748,19.94262,21.65821,23.781809,24.034576,24.844025,23.141205,27.990683,27.254961,29.761044,27.227129,24.538935,25.212786,28.930777,28.983503,24.746824,21.803213,25.8537,25.293213,28.859257,25.145323,21.3882,26.545004,22.215502,19.367714,19.884945,21.410212,18.548298,15.430353,17.236038,15.474309,16.951538,20.094461,20.82928,25.818487,23.523108,27.988493,26.321003,23.257067,19.925821,16.835188,16.436155,14.872775,13.623315,16.527634,16.94822,20.996918,21.827206,24.975601,23.942392,26.929384,23.436438,19.241138,22.884827,17.937359,19.804522,19.431501,19.28927,22.936218,22.471296,27.427195,31.43855,32.189487,30.334436,34.017296,28.235682,29.631361,27.921242,27.898891
9,27.160372,23.231823,20.863052,17.964405,14.980872,14.174189,11.069287,5.693267,5.011179,0.0,5.141059,8.8982935,11.060053,12.319569,10.952676,7.9476647,8.192821,7.606693,11.064814,13.0772705,17.283869,17.181063,21.112204,21.055813,19.506565,19.723946,15.697353,14.567931,12.787265,13.167636,14.025405,12.927432,16.912798,15.678754,19.973202,21.480642,23.196684,23.244877,19.028763,16.339071,19.344711,17.288418,17.70372,16.913773,18.12945,17.425669,19.825489,20.39901,23.27072,22.543264,22.674995,20.626373,25.25064,23.893082,26.937317,24.970243,21.682861,22.592243,25.651804,26.073507,22.597164,18.699085,22.489933,21.589546,25.551256,22.608978,18.14034,23.402996,19.758198,16.542965,17.509485,18.28112,15.924636,11.944842,14.044778,11.056951,13.038444,15.584808,16.081793,21.049807,18.533321,23.014492,21.52977,18.511852,15.030372,12.159466,11.494157,10.849455,10.075469,13.717218,15.105646,19.152676,20.885738,23.582159,22.550364,24.988722,20.882837,16.591373,19.512823,13.921489,16.04664,14.881928,15.099043,18.249268,18.24467,22.887157,26.890886,27.60001,25.66101,29.567022,23.963694,25.219687,23.934582,23.822172
10,31.306648,27.57968,24.948908,21.874983,19.308235,17.870579,14.745802,9.62766,7.200715,5.141059,0.0,6.027933,6.3102856,9.450846,10.3296585,9.200889,10.995345,11.534831,15.01569,18.049353,22.11319,22.21348,26.048082,25.954082,24.457195,24.412886,20.190386,18.594006,16.067753,16.150267,14.618456,13.939529,15.876954,13.797854,18.252195,18.630123,21.068449,21.786642,17.900583,15.962858,19.19634,18.51421,18.27008,18.599497,20.916035,20.382347,23.48904,24.558464,27.6798,27.02332,27.06547,24.531174,28.88893,26.907732,30.02106,28.298607,24.422169,24.66667,27.554834,27.190235,23.915657,19.955595,22.613382,21.065733,24.731688,22.321371,17.22878,21.560793,17.23956,14.08317,13.712387,14.638065,11.6091585,8.638907,10.120365,9.249089,11.335886,14.586632,16.368595,20.942875,18.939053,22.876263,20.739267,18.453802,15.677083,13.568096,13.456336,14.498066,14.541507,18.470478,20.111502,24.11236,26.006538,28.551506,27.308249,29.618612,25.39716,20.876572,23.738565,17.695963,20.071823,17.728542,17.93542,19.697647,19.363085,23.609362,27.385084,28.771248,27.183771,31.825123,26.807858,28.120953,27.512016,27.299515
11,30.675867,27.314182,24.85568,21.076855,19.229485,18.259405,14.029988,11.8518915,7.1999717,8.8982935,6.027933,0.0,5.956617,8.483144,9.268395,10.075834,11.044968,13.4072695,14.684993,19.56037,22.75855,23.537397,26.822987,26.860323,26.04979,25.282473,21.57021,19.025496,17.057549,15.472834,14.1840105,11.75841,13.449945,9.591427,14.155573,14.078118,15.8664,17.073498,13.016551,11.642101,16.064594,16.29795,16.828339,18.280716,20.192682,21.13105,23.48851,25.950142,28.580433,28.9282,29.637947,27.085962,31.571583,30.032164,32.470783,30.187557,26.727741,26.388899,30.064238,28.927544,24.776236,22.079739,24.811895,23.750513,26.67776,23.26316,19.290478,23.289806,18.051205,15.682858,14.882886,17.199682,13.889481,12.495929,14.308295,14.818131,16.989477,20.427462,22.378775,26.877148,24.7066,28.35513,25.673727,23.164005,20.790497,18.209593,18.932806,18.644352,18.858278,22.269222,23.44734,27.535738,28.615559,31.793468,30.794344,33.544113,29.663246,25.317043,28.36509,22.69989,24.513071,22.631712,22.108343,24.37342,23.126621,27.834255,31.557903,33.171146,31.879044,36.416466,31.343824,33.135,32.22704,32.424343
12,36.083366,32.51852,30.043097,26.472792,24.232935,23.146652,19.246801,15.527252,11.843203,11.060053,6.3102856,5.956617,0.0,6.079543,9.801725,11.278168,14.023466,15.66756,18.86847,23.10105,26.899977,27.564064,31.150265,30.70151,29.33028,28.745745,24.377798,22.15028,19.00797,18.627579,14.642378,14.478474,13.545847,10.782417,14.820374,13.880475,17.197124,18.512997,15.477308,14.6781225,17.591742,18.658915,17.676844,19.3939,22.75471,22.640503,26.321043,28.195665,31.4979,31.17328,31.33326,28.236866,32.250443,29.829107,32.627407,31.000193,26.750519,26.056908,28.990572,27.48527,24.241997,20.907711,22.303959,20.461815,23.261787,21.05692,16.168564,19.114368,13.862702,11.446543,9.433927,11.554536,8.04609,7.8661056,9.63969,11.5849905,14.376515,17.419325,20.091915,23.934172,21.945314,24.842308,21.66795,19.885786,18.300295,16.631123,17.797499,19.10026,20.22052,24.070005,26.010748,30.017036,31.769125,34.575584,33.52141,35.784916,31.436369,27.033783,29.365437,23.2049,25.146355,21.994373,21.60995,22.348307,21.076248,25.04949,28.433876,30.579374,29.60962,34.779594,30.447182,32.2244,32.142204,32.29886
13,36.328194,32.60492,30.884943,26.80902,24.324137,24.783722,19.623734,17.389076,13.333567,12.319569,9.450846,8.483144,6.079543,0.0,5.1132703,8.217417,11.617593,13.709186,17.147278,21.857473,25.46935,26.827362,30.11629,28.83129,27.397093,26.295134,21.761255,19.204233,15.462063,15.2274,9.331757,10.469192,7.8871255,7.1906223,10.515544,11.234806,14.558669,14.716887,12.22895,11.231763,12.454974,13.881532,12.064313,14.241706,18.38483,18.25489,22.46698,24.755743,28.244781,28.13951,28.453415,24.924461,28.59856,26.172354,28.420874,26.71522,22.483818,21.170343,24.44689,22.330254,18.76538,16.238314,17.620525,16.477915,18.738857,15.577974,11.780099,15.159976,9.745737,7.9097013,8.300727,11.5977545,9.912276,8.948998,13.342945,13.520924,17.919872,19.865305,21.895594,25.619852,22.451757,24.830017,21.038399,18.383099,17.359932,15.063256,17.778543,17.682787,20.09404,23.41718,25.794252,29.685467,31.136314,34.445816,34.102768,36.24853,31.746033,27.978085,29.112804,23.306887,24.09509,20.845129,19.401714,20.371378,17.92679,22.37408,25.680471,27.934097,27.389677,32.346508,28.260908,30.82051,30.736368,31.74849
14,32.556698,28.76859,27.558578,23.284578,20.675823,22.211737,16.400284,15.557091,11.596352,10.952676,10.3296585,9.268395,9.801725,5.1132703,0.0,4.3375654,7.187463,9.781121,12.705345,17.683064,20.99137,22.730099,25.752308,24.173347,22.881603,21.495731,17.116524,14.30441,10.748935,10.172778,5.074738,5.69227,6.022201,6.935014,10.105545,12.8946905,14.839481,13.9161,10.805584,8.541676,9.39775,9.3024845,8.1372595,9.708677,13.337122,13.588417,17.410812,20.044424,23.336971,23.587954,24.249084,20.871838,24.759642,22.977184,24.816885,22.61982,18.94867,17.843447,21.825333,20.094477,15.672046,13.767382,16.691694,16.605703,19.030796,14.556279,12.058737,16.82373,12.335609,10.560988,12.753038,15.619224,14.351115,11.95434,16.762894,15.256642,19.785301,21.475056,22.649288,26.760717,22.992157,25.785734,22.374603,18.816097,17.260195,14.013621,16.963503,15.037782,17.584404,20.289618,22.522663,26.325039,27.313562,31.018686,31.114223,33.377518,29.058718,25.748514,26.557856,21.326437,21.405415,19.033781,17.03039,19.37438,16.65709,21.854637,25.423906,27.119133,26.399416,30.674911,26.103243,28.963135,28.283527,29.710722
15,29.90637,25.910843,24.703419,20.77932,17.757748,19.392761,13.960324,12.50586,9.615955,7.9476647,9.200889,10.075834,11.278168,8.217417,4.3375654,0.0,4.1618323,5.6081095,9.920539,13.879075,17.642939,19.046747,22.339748,20.787018,19.199049,18.24024,13.609878,11.346003,7.7367454,8.260622,6.079181,6.628234,9.914051,10.875657,14.204485,17.084923,18.738863,17.719294,14.19706,11.312043,12.374106,10.4089575,9.889904,9.43668,12.169888,11.537539,15.270865,16.999783,20.412716,20.206581,20.67862,17.559206,21.779652,20.208273,22.429728,20.226768,16.669193,16.456179,20.283642,19.624575,15.434451,12.611697,16.582146,16.578962,19.781778,15.613508,12.618717,18.23789,14.643093,12.185674,14.830614,16.766705,15.541451,11.900471,16.527855,13.640139,17.954012,19.397694,19.926792,24.305515,20.410175,23.73972,20.990002,17.092197,14.780597,11.091133,13.552241,10.945784,13.306074,15.955887,18.244297,22.03466,23.197197,26.769688,26.872002,29.06337,24.730833,21.52025,22.283997,17.180706,17.247746,15.342644,13.537828,16.726782,14.670941,20.085104,23.938744,25.086685,23.926573,27.861776,22.801182,25.420708,24.419897,25.720064
16,25.930998,21.973986,21.031498,16.937086,13.972285,16.382244,10.483118,10.935754,8.3273,8.192821,10.995345,11.044968,14.023466,11.617593,7.187463,4.1618323,0.0,3.9471729,5.790824,10.592715,13.882618,15.554016,18.601013,17.270348,16.13403,14.955488,10.876376,8.178338,6.27624,5.176776,8.004977,5.843768,11.852899,12.2489,15.471625,18.752884,19.454111,18.248987,14.294687,10.943146,12.737443,9.50549,10.759796,9.630363,10.150193,10.656168,12.695424,14.947259,17.691408,18.128067,19.159605,16.697233,21.316055,20.701086,22.523706,19.733335,17.173529,17.446058,21.724792,21.53981,16.83833,14.813545,19.58016,20.0836,23.217937,18.538845,16.37991,22.140207,18.632484,16.319103,18.830633,20.812803,19.297073,15.615372,19.719563,16.636404,20.255829,21.947336,22.046432,26.702362,22.903587,26.651608,24.37889,20.30767,17.559765,13.613028,15.319184,11.380962,12.697503,14.6266775,16.185333,19.965908,20.469627,24.431026,24.708572,27.246521,23.349426,20.379911,21.576508,17.183622,17.014189,16.493473,14.724496,19.055777,17.303104,22.863045,26.79326,27.464115,26.057344,29.323092,23.777655,26.293697,24.582682,25.901674
17,25.787893,21.604324,20.678246,17.236254,13.77008,16.081348,11.255829,10.226707,9.485648,7.606693,11.534831,13.4072695,15.66756,13.709186,9.781121,5.6081095,3.9471729,0.0,6.615329,8.4907255,12.670744,13.752773,17.22592,15.703242,13.891383,13.438431,8.801742,7.4992137,5.332907,6.953992,9.867366,9.453018,14.803382,15.753237,18.98502,22.192942,23.229624,21.980957,18.159399,14.836023,16.040684,12.440597,13.068406,10.789262,11.205817,10.033099,12.457138,13.0576725,16.206593,15.706608,16.230919,13.896446,18.639154,17.960484,20.279411,17.807205,15.153809,16.22513,19.94951,20.663256,16.656145,13.71392,18.810709,19.2466,22.869286,18.809221,16.215504,22.264212,19.552107,16.906662,19.784187,21.034496,19.852615,15.5112505,19.461388,15.3485985,18.815989,19.94668,19.418049,24.042952,20.111683,24.066523,22.351759,18.15912,15.016925,11.00882,12.228916,7.6142664,8.988405,10.8554325,12.86069,16.590391,17.594755,21.261524,21.58564,23.83957,19.728127,16.943668,17.687603,13.392004,13.07225,12.877024,11.348078,16.181324,15.107861,20.514647,24.529459,24.77512,23.061602,26.060984,20.272062,22.56023,20.725899,21.969454
18,20.389227,16.452415,16.06281,11.871183,8.955024,12.962574,6.963083,10.79299,9.694617,11.064814,15.01569,14.684993,18.86847,17.147278,12.705345,9.920539,5.790824,6.615329,0.0,6.7298727,8.677271,10.760018,13.28777,12.484926,12.2298565,10.866561,8.439104,5.82356,7.9765773,5.426725,12.8298435,9.388948,16.503008,16.456429,19.352295,22.830666,22.543377,21.204453,17.08544,13.647317,15.9006815,11.674178,14.474345,12.631056,10.109337,11.822193,10.796472,13.291689,14.640051,15.985473,17.756489,16.557678,21.422743,22.102509,23.422813,20.073093,18.979872,19.964052,24.414772,24.946428,20.056293,18.757944,24.14493,25.082241,28.219074,23.260326,21.75135,27.657362,24.365627,22.08933,24.546747,26.426262,24.707077,20.89913,24.442972,21.078493,23.85653,25.665846,25.19479,30.026632,26.42248,30.584194,28.95094,24.76544,21.603008,17.612307,18.385397,13.414398,13.162691,13.729139,13.933738,17.39523,16.794302,21.21654,21.774395,24.740156,21.657871,19.256468,20.97298,17.912554,17.446848,18.749992,17.237833,22.564474,21.316515,26.819216,30.770864,30.82504,29.107435,31.45295,25.446484,27.671104,25.079517,26.329872
19,18.72154,14.44117,14.442715,12.019238,8.406379,12.561847,9.685891,11.59449,13.323826,13.0772705,18.049353,19.56037,23.10105,21.857473,17.683064,13.879075,10.592715,8.4907255,6.7298727,0.0,4.8333507,5.3595862,8.87212,8.014247,6.7422667,7.311516,5.657878,6.8416667,9.870926,10.279331,17.192106,15.357139,22.032846,22.58757,25.586983,29.071716,29.132029,27.711796,23.688663,20.216478,21.814028,17.176922,19.274466,16.211283,13.357186,13.080573,11.493272,10.890428,11.867058,11.941774,13.290921,13.453741,18.331684,19.697058,21.360443,18.359678,18.021175,20.281696,23.853577,25.795244,21.875082,19.855787,25.55928,26.534876,30.150694,25.922342,24.147999,30.29674,27.967419,25.35801,28.186718,29.224405,27.847631,23.369143,26.499542,22.03098,24.161833,25.245943,23.742346,28.375141,24.878267,29.296015,28.71226,24.539036,20.961805,17.302519,16.932894,11.390951,9.7512455,8.479788,7.814693,10.830346,10.151696,14.583542,15.52695,18.31815,15.516385,14.053124,15.343663,13.881913,12.958051,16.07682,15.245345,21.176607,21.063519,26.007713,29.896524,29.104443,26.898499,28.265062,21.916252,23.500961,20.221075,21.249811
20,15.206007,11.149668,12.502118,10.266475,7.6315837,13.252939,10.845919,15.034904,16.507654,17.283869,22.11319,22.75855,26.899977,25.46935,20.99137,17.642939,13.882618,12.670744,8.677271,4.8333507,0.0,3.7519133,4.85492,4.453204,5.6360106,5.405217,7.480266,8.409333,12.884926,12.142581,20.167093,17.584398,24.622076,25.072964,27.67224,31.40055,30.774992,29.157198,25.258183,21.867798,23.469841,18.597275,21.45498,18.447323,14.212684,15.118276,11.39166,11.521909,10.52048,12.127746,14.398931,15.529424,20.00523,22.341076,23.17617,19.747904,20.598377,22.802326,26.6437,28.574955,24.344196,23.294157,29.159348,30.529419,33.845955,29.151785,28.117586,34.24991,31.83844,29.451704,32.319424,33.65038,32.183105,27.865747,31.031326,26.769224,28.792631,30.020245,28.475048,33.08318,29.613647,33.986004,33.41656,29.145544,25.673473,21.966103,21.726019,16.026186,14.365903,12.388665,10.693997,12.495387,10.0140085,14.904302,16.426254,19.447319,17.776432,17.177397,18.462067,18.154112,16.857616,20.526718,19.48751,25.558796,25.213524,30.181612,33.96442,32.99038,30.858301,31.633772,25.376657,27.003069,23.329937,24.543861
21,14.4010515,10.220286,10.935536,10.063282,7.303447,11.70731,11.224436,14.148957,16.744993,17.181063,22.21348,23.537397,27.564064,26.827362,22.730099,19.046747,15.554016,13.752773,10.760018,5.3595862,3.7519133,0.0,4.254229,6.024612,6.4009314,8.012309,9.540495,11.190206,15.012751,14.865115,22.378868,20.007015,26.963865,27.112494,30.10688,33.50433,33.16333,31.840765,27.727365,24.334805,26.311342,21.586493,24.166002,21.119913,17.440786,17.663843,14.665062,13.699716,12.964169,13.480965,15.086788,16.665457,21.101843,23.277798,24.635744,21.61508,22.219728,24.801947,28.170156,30.51246,26.694477,24.93264,30.692192,31.726276,35.375496,31.156422,29.475204,35.62629,33.287548,30.624863,33.25991,34.205708,32.622124,28.162521,30.781628,26.37047,27.737011,28.93223,27.134094,31.695704,28.658947,33.278316,33.220272,29.21088,25.469429,22.075521,21.003431,15.875483,13.131794,10.886071,8.17508,9.705029,7.2006936,11.76957,12.886258,16.130964,14.808852,14.25356,16.292479,16.479996,15.764269,19.933512,19.612736,25.55887,25.90474,30.553204,34.35388,33.17248,30.750803,31.419641,25.03099,26.021948,22.192142,22.78499
22,12.18519,8.53486,10.947974,10.588186,9.133376,14.139572,13.795401,17.969997,20.189222,21.112204,26.048082,26.822987,31.150265,30.11629,25.752308,22.339748,18.601013,17.22592,13.28777,8.87212,4.85492,4.254229,0.0,4.688264,7.136463,8.088767,11.604059,13.122572,17.60658,16.95469,25.01851,22.33609,29.431137,29.671959,32.303696,35.93756,35.121613,33.58818,29.656603,26.341553,28.128464,23.255966,26.241993,23.170174,18.673086,19.52038,15.28187,14.671175,12.540792,14.071387,16.256994,18.465218,22.463615,25.35298,26.038376,22.769037,24.26897,26.808458,30.320112,32.68369,28.711798,27.674246,33.557007,34.935757,38.341427,33.790424,32.729324,38.882046,36.580162,34.10428,36.880383,38.03693,36.47752,32.090954,34.871143,30.522057,31.976131,33.171036,31.31866,35.814175,32.68485,37.194466,37.110954,32.97211,29.356274,25.884785,25.066881,19.654764,17.241701,14.619893,11.841086,12.303196,8.569674,13.021566,14.779345,17.896639,17.536846,17.799932,19.389397,20.36964,19.190002,23.624662,23.024252,29.091381,29.203203,33.86948,37.56563,36.2269,33.898914,34.06285,27.82345,28.927689,24.860706,25.72441
23,16.475353,12.913106,15.250643,13.8674135,11.73572,17.210117,15.295955,19.109192,20.75515,21.055813,25.954082,26.860323,30.70151,28.83129,24.173347,20.787018,17.270348,15.703242,12.484926,8.014247,4.453204,6.024612,4.688264,0.0,3.585855,3.7693818,8.276421,10.321045,14.820662,14.791753,22.590553,20.651043,27.424885,28.520405,30.762255,34.823875,34.13192,32.162685,28.569918,25.180235,26.012486,20.90944,23.55452,20.068836,15.452252,15.857149,11.398957,10.259172,7.8652225,9.682257,12.28601,14.465752,18.255674,21.440123,21.69441,18.299696,20.244312,22.787596,26.293049,28.726568,24.89426,24.302439,30.227419,31.97889,35.1342,30.50762,30.085388,36.194466,34.364002,32.122074,35.411293,36.615784,35.50532,31.03061,34.426895,29.7757,31.957901,32.70138,30.751806,35.064243,31.377045,35.49319,35.168564,30.782324,27.498571,23.924265,23.82017,17.802269,16.533058,13.593865,11.929472,12.383927,9.103424,13.971079,16.486057,18.975912,17.872541,18.531857,18.556818,19.577587,17.406107,21.679583,20.45824,26.60234,26.307617,30.963045,34.508583,33.112926,31.018456,30.940891,24.916372,26.582003,22.602318,24.240934
24,19.27698,15.442285,17.065422,15.665498,12.853213,17.734795,15.7170515,18.156458,20.04273,19.506565,24.457195,26.04979,29.33028,27.397093,22.881603,19.199049,16.13403,13.891383,12.2298565,6.7422667,5.6360106,6.4009314,7.136463,3.585855,0.0,3.570743,6.1782217,9.314905,13.038306,14.13297,21.148193,20.022654,26.453117,27.91242,30.291681,34.32766,34.105495,32.130608,28.549109,25.078495,25.593836,20.508259,22.530916,18.731958,14.875389,14.102592,10.869052,8.172238,7.1925454,7.195107,9.225928,11.381913,15.348062,18.275719,18.970346,15.898419,17.477455,20.346613,23.469746,26.243277,22.856373,21.725227,27.587955,29.239695,32.554974,28.330706,27.658548,33.76198,32.302402,29.9738,33.433186,34.343983,33.48618,28.84448,32.29489,27.326826,29.629221,29.99744,27.851559,31.99258,28.184637,32.18743,32.00961,27.647768,24.3994,20.971745,20.837152,14.785024,13.794478,10.562912,9.543315,10.037444,7.7164755,12.503155,15.110369,17.201256,15.415239,16.189545,15.423088,16.499853,13.970308,18.330887,17.158148,23.273005,23.211613,27.668207,31.177605,29.670666,27.50976,27.418434,21.350721,23.012974,19.083824,20.8524
25,19.52787,15.814686,17.748466,15.494514,12.917844,18.470558,15.304772,18.790842,19.780811,19.723946,24.412886,25.282473,28.745745,26.295134,21.495731,18.24024,14.955488,13.438431,10.866561,7.311516,5.405217,8.012309,8.088767,3.7693818,3.570743,0.0,5.183616,7.25756,11.614255,11.970251,19.406206,17.978743,24.432932,26.061646,28.057169,32.33514,31.796429,29.594885,26.231789,22.82632,23.044954,17.879696,20.230673,16.558517,12.032304,12.166913,7.809924,6.778624,5.1332355,7.3102427,10.23077,11.567143,15.538381,18.528086,18.618645,15.015447,16.827486,19.160738,22.890123,25.095352,21.164114,20.842724,26.773388,28.715734,31.679983,26.928232,26.872396,32.920902,31.267212,29.209402,32.769028,34.084915,33.237118,28.810595,32.646854,27.969862,30.731709,31.294254,29.489199,33.73547,29.66467,33.493553,32.79343,28.248283,25.239977,21.531046,22.102623,15.765474,15.544433,12.938219,12.409741,13.467738,11.167044,16.029696,18.521227,20.745413,18.805386,19.152298,18.44382,18.771555,16.140614,19.793087,18.010197,24.122467,23.349443,28.151543,31.658842,30.452484,28.595665,28.75876,22.874899,25.093277,21.439375,23.583492
26,22.67671,18.595148,19.439825,16.639793,13.351094,18.049006,14.069943,15.982126,16.60171,15.697353,20.190386,21.57021,24.377798,21.761255,17.116524,13.609878,10.876376,8.801742,8.439104,5.657878,7.480266,9.540495,11.604059,8.276421,6.1782217,5.183616,0.0,3.9074104,6.8878136,8.669783,15.021457,14.461942,20.490997,22.41373,24.642496,28.785975,28.86621,26.774134,23.377766,19.91086,19.927855,14.946925,16.515444,12.678912,9.576719,8.325662,6.8027525,5.43222,7.600117,7.622804,9.38555,8.809295,13.5860615,15.320466,16.266138,12.932421,13.156187,15.390733,19.182364,21.174435,17.289656,16.143202,22.062784,23.750307,26.91388,22.398796,21.837955,27.933546,26.331537,24.17745,27.822538,29.010426,28.33598,23.859797,27.903332,23.154844,26.3231,26.733307,25.125029,29.359892,25.082779,28.801722,27.81227,23.237085,20.295355,16.484262,17.473959,11.043637,11.81047,10.101172,11.047955,13.202614,12.566346,17.062347,18.953466,20.99411,17.891579,17.352037,16.400671,15.317954,12.745379,15.404319,13.33442,19.389496,18.442274,23.455057,27.108084,26.24207,24.446604,25.416428,19.456335,21.975866,18.888939,21.090183
27,22.817429,18.839779,19.500832,15.863465,12.822942,17.63843,12.460006,15.275587,14.725271,14.567931,18.594006,19.025496,22.15028,19.204233,14.30441,11.346003,8.178338,7.4992137,5.82356,6.8416667,8.409333,11.190206,13.122572,10.321045,9.314905,7.25756,3.9074104,0.0,4.979429,4.924129,12.28404,10.898422,17.250517,18.99725,21.065079,25.299412,25.127708,22.996521,19.609196,16.157846,16.31002,11.290588,13.408186,10.071095,6.540621,7.1003327,5.5372744,7.6522794,9.580551,10.871253,12.870649,11.485281,16.112707,17.340658,18.045713,14.460355,14.138723,15.414721,19.909426,20.91774,16.226007,15.645289,21.4637,23.15571,26.035488,20.947018,20.608116,26.624264,24.415417,22.458527,25.925219,27.616913,26.731453,22.612547,26.879831,22.726915,26.196608,27.0676,26.030079,30.452168,26.166525,29.824625,28.238121,23.648943,20.88544,16.83298,18.38369,12.277414,13.4193,12.787854,13.745463,16.45619,15.728647,20.356401,21.886889,24.2482,21.057627,19.813263,19.587866,17.514969,15.514259,17.175467,14.821812,20.527407,18.898335,24.309208,28.031033,27.699827,26.177443,27.786444,22.016317,24.803925,22.101658,24.240604
28,27.242815,23.15826,23.206957,19.496733,16.228065,19.949455,14.54415,15.324992,14.129035,12.787265,16.067753,17.057549,19.00797,15.462063,10.748935,7.7367454,6.27624,5.332907,7.9765773,9.870926,12.884926,15.012751,17.60658,14.820662,13.038306,11.614255,6.8878136,4.979429,0.0,4.8475394,8.189568,8.902001,13.929336,16.464663,18.557549,22.690144,23.31574,21.21101,18.094086,14.770977,14.150768,9.768458,10.228222,6.665512,6.636463,4.751174,8.068214,9.348997,12.875266,12.853428,13.816213,10.914799,15.317507,15.105829,16.43061,13.471073,11.367997,12.059949,16.516869,17.029963,12.466777,11.050034,16.730347,18.245777,21.1957,16.3114,15.634154,21.669277,19.664925,17.73526,21.520374,23.12437,22.642387,18.553066,23.279697,19.126844,23.278158,23.82529,23.081345,27.275908,22.707273,25.95482,23.889097,19.264261,16.891119,12.812339,15.326804,9.735267,12.520889,13.02666,15.233681,18.273087,18.649504,22.762285,23.973375,25.952652,22.016897,20.287045,19.525238,16.315659,14.419379,14.432915,11.596824,16.651217,14.471844,20.055664,23.796288,23.925344,22.666546,25.063051,19.661922,22.805456,20.918104,23.183426
29,24.958208,21.149273,21.262897,16.928585,14.238753,18.335266,12.081938,14.898552,12.710958,13.167636,16.150267,15.472834,18.627579,15.2274,10.172778,8.260622,5.176776,6.953992,5.426725,10.279331,12.142581,14.865115,16.95469,14.791753,14.13297,11.970251,8.669783,4.924129,4.8475394,0.0,8.524459,6.0249286,12.651723,14.185912,16.174921,20.41887,20.223911,18.144663,14.728989,11.286407,11.6593275,6.903503,9.441405,7.3797255,5.3340464,7.637786,8.072575,11.787165,13.960584,15.442056,17.21469,14.976877,19.370726,19.690853,20.468824,17.043415,15.672881,15.801015,20.704676,20.501099,15.191758,14.892412,20.18547,21.648699,24.203444,18.70518,18.337315,24.083635,21.110994,19.398,22.54485,24.796568,23.710346,20.147831,24.639755,21.336517,25.182335,26.504936,26.210814,30.707216,26.483553,29.949047,27.652355,23.207363,20.7731,16.670183,18.85963,13.659543,15.3362055,15.956758,17.228312,20.46594,20.080404,24.590847,25.641584,28.164907,24.669418,22.620892,22.97223,19.7219,18.396633,18.73637,16.235565,21.156202,18.853088,24.51428,28.252766,28.622362,27.425873,29.909107,24.453472,27.451199,25.334213,27.34045
30,33.121735,29.252548,28.765865,24.456245,21.6527,24.364408,18.263718,18.32884,15.086665,14.025405,14.618456,14.1840105,14.642378,9.331757,5.074738,6.079181,8.004977,9.867366,12.8298435,17.192106,20.167093,22.378868,25.01851,22.590553,21.148193,19.406206,15.021457,12.28404,8.189568,8.524459,0.0,5.7771864,6.176355,10.135416,11.511272,15.581711,16.961437,14.871056,12.631962,10.166272,8.170108,6.8067484,4.1849513,4.916557,9.766696,9.476824,14.046165,16.73535,20.22611,20.52413,21.255062,17.571245,20.998287,19.384075,20.602657,18.31355,14.858943,13.301073,17.719091,15.800864,10.861362,10.098865,13.700721,14.759948,16.747152,11.267841,10.817182,16.00008,12.878427,11.788769,15.456904,18.07996,17.821712,15.065814,20.425205,17.949036,22.93792,23.814354,24.34783,28.194073,23.738192,26.108074,22.670979,18.543434,17.39518,13.889413,17.67104,14.493907,17.975542,19.857435,22.390467,25.802155,26.547012,30.483318,31.224035,33.226273,28.922174,26.38507,26.007238,21.50699,20.456724,18.34134,15.461111,18.167513,14.67647,20.07838,23.477695,24.936192,24.500097,28.22095,23.9065,27.349173,26.599537,28.753363
31,28.836311,25.242992,24.694426,20.042835,17.775269,20.601648,14.05334,15.913505,12.018081,12.927432,13.939529,11.75841,14.478474,10.469192,5.69227,6.628234,5.843768,9.453018,9.388948,15.357139,17.584398,20.007015,22.33609,20.651043,20.022654,17.978743,14.461942,10.898422,8.902001,6.0249286,5.7771864,0.0,7.2489686,8.203258,10.317362,14.403651,14.527843,12.734327,9.224233,5.8965683,6.9888587,4.6887403,6.5609117,7.726384,9.099352,11.3739805,13.419058,17.336699,19.815144,21.129835,22.570303,19.702383,23.788038,23.128431,24.134846,21.140274,18.708904,17.762167,22.580341,21.089357,15.688996,15.393471,19.449238,20.363565,22.460588,16.919506,16.212255,21.241293,17.227932,15.893484,18.35394,21.299963,19.969255,17.386358,21.96287,19.974867,24.123116,25.908642,26.53708,30.93086,26.950922,30.05923,26.998714,22.980186,21.076408,17.292147,19.99703,16.332335,18.395802,20.143934,21.734055,25.351381,25.422798,29.695705,30.246586,32.823055,29.002365,26.203562,27.041971,22.709448,22.129581,21.096867,18.697168,22.365335,19.538857,25.109104,28.731403,29.914148,29.088087,32.526283,27.54293,30.613497,29.18568,30.964993
32,35.998577,32.451393,31.71371,27.070557,24.84362,27.03432,20.726875,21.188894,16.856527,16.912798,15.876954,13.449945,13.545847,7.8871255,6.022201,9.914051,11.852899,14.803382,16.503008,22.032846,24.622076,26.963865,29.431137,27.424885,26.453117,24.432932,20.490997,17.250517,13.929336,12.651723,6.176355,7.2489686,0.0,5.6421237,5.5835457,9.717676,11.288641,9.376067,8.112504,7.2420816,5.0227637,8.011344,5.79841,9.758012,13.891008,15.097987,18.763885,22.386215,25.432259,26.312754,27.292751,23.672392,26.95943,25.255327,26.219507,23.938152,20.597181,18.417938,22.675543,19.688057,14.925658,15.093613,17.010845,17.569431,18.524187,13.246369,13.125826,16.529804,12.041318,12.016842,14.240971,17.897718,17.25617,16.153503,21.086758,20.346924,25.136974,26.629972,27.981798,31.725704,27.733297,29.805279,25.821314,22.351116,21.674677,18.655169,22.291252,20.060017,23.110296,25.394081,27.646866,31.274872,31.85888,35.890553,36.360878,38.62253,34.375935,31.396492,31.694937,26.7849,26.266771,23.813608,21.220139,23.149168,19.53214,24.468672,27.552393,29.610086,29.494263,33.662437,29.701937,33.08592,32.572,34.519398
33,34.52289,31.238522,29.946602,25.308151,23.562824,24.80625,18.82401,19.335958,14.393997,15.678754,13.797854,9.591427,10.782417,7.1906223,6.935014,10.875657,12.2489,15.753237,16.456429,22.58757,25.072964,27.112494,29.671959,28.520405,27.91242,26.061646,22.41373,18.99725,16.464663,14.185912,10.135416,8.203258,5.6421237,0.0,4.5892677,6.5077467,8.034633,8.056536,5.0870953,5.1443152,7.8548837,10.721758,10.582683,14.02815,16.883879,18.79728,21.514208,25.355999,28.00938,29.132616,30.276026,27.060848,30.89863,29.38707,30.716566,28.224167,24.981838,23.320553,27.584055,24.999607,20.244854,19.676987,21.766811,21.666325,23.083906,18.435932,16.94097,20.15244,14.743054,14.13358,14.5461645,18.364393,16.504877,16.028484,19.880663,20.218344,24.142246,26.54255,28.35168,32.408123,29.112123,31.715534,27.960442,24.904766,23.692516,20.748325,23.470451,21.804733,23.810905,26.499628,28.217962,32.112633,32.620686,36.569317,36.52809,39.152042,35.10907,31.563105,33.052467,27.800707,28.122408,25.909113,23.961815,26.080484,23.146095,28.099094,31.40823,33.46566,32.999382,37.403755,32.992413,35.894997,35.174664,36.533054
34,37.26922,34.120987,33.250546,28.42927,26.835396,28.678688,22.405464,23.63021,18.73742,19.973202,18.252195,14.155573,14.820374,10.515544,10.105545,14.204485,15.471625,18.98502,19.352295,25.586983,27.67224,30.10688,32.303696,30.762255,30.291681,28.057169,24.642496,21.065079,18.557549,16.174921,11.511272,10.317362,5.5835457,4.5892677,0.0,5.219026,5.780025,4.344515,4.5590987,6.4117956,6.227607,10.871563,10.330313,14.566162,17.570652,19.877783,22.519876,26.842936,29.363546,30.826656,32.137104,28.75826,32.17474,30.726664,31.486235,28.973785,25.981787,23.727232,28.088821,24.821016,20.00247,20.64779,22.202206,22.559807,23.069973,18.071262,18.069101,20.489487,15.45305,15.8583145,16.596699,20.678791,19.438292,19.415339,23.55788,23.963741,28.224762,30.323101,32.103497,35.93472,32.357574,34.505985,30.42322,27.316034,26.60927,23.702038,26.959501,24.948465,27.433922,29.821533,31.652987,35.40694,35.68149,39.84792,40.129154,42.698677,38.66118,35.409897,36.394375,31.373407,31.20391,28.930387,26.547834,28.490772,24.999453,29.815962,32.817875,35.04343,34.95556,39.22665,35.203873,38.481632,37.85672,39.618126
