,0,1,2,3,4,5,6,7,8,9,10,11,12,13,14,15,16,17,18,19,20,21,22,23,24,25,26,27,28,29,30,31,32,33,34,35,36,37,38,39,40,41,42,43,44,45,46,47,48,49,50,51,52,53,54,55,56,57,58,59,60,61,62,63,64,65,66,67,68,69,70,71,72,73,74,75,76,77,78,79,80,81,82,83,84,85,86,87,88,89,90,91,92,93,94,95,96,97,98,99,100,101,102,103,104,105,106,107,108,109
0,0.0,4.7535872,6.6821384,9.134296,12.272049,13.652578,17.29331,21.345087,22.861427,27.413582,30.757423,34.737156,32.68911,30.831915,26.702024,24.680523,20.539627,20.055912,15.839542,14.299325,11.847567,11.473919,12.273297,9.817121,12.644075,15.943385,17.692167,16.57289,17.845804,16.493828,19.538313,17.728584,24.780771,21.439087,26.00846,27.605892,28.261442,28.33122,23.678589,20.022242,25.350822,21.781393,24.02616,22.868713,21.468464,21.076979,22.05965,20.267754,23.84116,27.60826,29.21459,28.232893,30.508823,33.70164,31.230698,34.35967,32.540546,35.541996,40.44792,38.700874,35.569756,37.69018,34.767635,37.39189,33.39449,39.772663,38.371124,36.864456,33.88445,35.02516,30.92704,33.913784,33.108315,36.705215,36.417953,39.321327,40.94868,40.158104,43.88773,42.856625,38.586914,37.450996,33.614513,30.736916,29.519121,25.988771,25.0073,20.057327,21.263994,18.446012,20.363152,18.57664,21.890308,21.248648,24.337225,23.71929,26.910149,30.649942,29.415457,34.561386,33.326893,38.560978,43.208843,39.23968,36.049103,34.84083,29.503622,29.199165,25.05429,24.714638
1,4.7535872,0.0,5.262992,6.258684,8.67392,11.633568,13.8240385,18.924982,19.888195,25.014101,28.066278,32.14719,30.697433,29.011679,25.11519,22.660702,18.897947,17.578579,13.724611,11.127357,10.011305,7.9397855,10.594448,7.6359644,11.880764,14.543467,14.805192,13.894638,14.422182,14.467553,16.503214,16.184734,23.09316,20.630293,25.015951,26.950167,28.221048,27.875664,23.438957,19.637651,24.05568,20.227785,21.78571,19.888483,19.223986,18.017698,19.610239,16.916636,20.971565,24.382189,26.222866,24.726007,27.795145,30.595749,28.38566,31.60539,29.267416,32.279015,37.003887,34.931927,31.774542,33.466774,30.3902,32.83573,28.705557,35.044506,33.62517,32.192772,29.342669,30.5917,26.551012,29.74843,28.89574,32.721573,32.459114,35.60686,37.34601,36.751125,40.721523,39.99858,35.797344,34.40546,30.664902,27.453356,26.08897,22.374123,20.812012,15.772461,16.657707,13.760415,15.638709,14.193005,17.370821,16.662798,19.702473,19.024073,22.335798,26.225441,25.161375,30.280487,29.391197,34.611,39.258476,35.42954,32.22634,30.754242,25.632221,25.294033,20.99444,21.108168
2,6.6821384,5.262992,0.0,5.0343623,6.9935894,7.7878838,11.464308,15.117035,17.085993,21.156134,25.227057,28.963978,26.87848,25.447989,21.05647,19.368717,15.420264,15.0821,11.584537,10.64867,10.150866,10.833195,13.821076,12.190118,16.168617,18.224743,18.650093,16.633446,16.159016,15.702088,16.230173,15.283246,20.921864,17.48951,22.270002,23.532282,25.13453,25.373667,20.927391,17.589447,22.727541,19.953468,21.038055,20.478296,20.929638,19.99865,22.470654,20.142515,24.510782,27.867273,29.174522,26.896458,29.984764,32.047043,29.246471,32.01167,29.483839,31.929956,36.743706,34.433964,31.17482,33.428623,30.787598,33.26696,29.611938,35.7688,34.914425,34.176357,31.823956,32.95484,28.847214,31.789368,30.172506,33.985943,33.006428,36.121914,37.27204,36.16209,39.99542,38.72959,34.07189,32.480488,28.582773,25.728706,25.08354,20.783817,20.733591,15.846842,17.492338,15.591012,17.574118,17.333963,19.371134,17.327766,19.980808,19.546507,22.016464,25.234941,24.109121,29.055668,27.843803,32.91582,37.412315,33.145958,30.018625,28.81743,23.387463,23.010584,19.092304,18.460772
3,9.134296,6.258684,5.0343623,0.0,3.697833,6.005937,8.4793215,13.211247,13.937217,19.264597,21.92957,26.043964,24.633595,22.821732,19.154696,16.437109,12.770199,11.342003,7.564398,5.6960154,5.7383256,7.0099173,10.418103,10.073231,13.941279,14.896301,14.980314,12.275018,11.339786,11.042612,11.287416,10.938236,17.060242,14.81517,19.102074,21.104973,22.787996,22.31715,18.092176,14.451844,18.598698,15.4163475,16.338863,15.445868,16.157534,15.166309,18.032347,15.962945,20.40758,23.731863,24.63715,22.134342,25.142553,27.045156,24.214619,27.014221,24.54324,27.137497,31.991978,29.943563,26.748343,29.198841,26.64183,29.49981,26.216574,32.655365,32.0976,31.34465,28.644827,29.200125,24.906591,27.409683,25.693438,29.28944,28.33083,31.299982,32.529873,31.516653,35.340206,34.26785,29.85402,28.473175,24.654606,21.663345,20.61255,16.872128,16.51447,11.777239,13.94472,12.448884,15.337095,15.935666,18.222887,16.12781,18.256104,16.671967,19.293522,22.774279,20.796259,26.030773,24.33026,29.590267,34.28297,30.46729,27.246624,26.688936,21.037624,21.482292,17.4519,18.020947
4,12.272049,8.67392,6.9935894,3.697833,0.0,5.275394,5.1668625,10.885386,11.328771,16.81455,19.667938,23.691362,22.671497,21.241993,17.669258,14.915868,11.858263,9.843771,7.368904,5.17691,7.903621,8.269103,12.723852,12.321189,16.500975,16.964102,15.885381,13.314244,11.149332,12.3140745,10.401274,11.774209,16.567717,14.983738,19.011871,20.950365,23.31095,22.740473,18.91454,15.60525,18.88007,16.089998,15.947521,14.869629,16.873482,15.190634,18.819407,16.11595,20.857847,23.667103,24.618343,21.376408,25.136145,26.313301,23.591156,26.23541,23.136065,25.43953,30.085976,27.541891,24.267202,26.449436,23.912363,26.537605,23.307703,29.566814,29.215847,28.853592,26.580475,27.248596,23.084587,25.702261,23.618557,27.451496,26.20786,29.434462,30.521677,29.502542,33.518986,32.545834,28.017668,26.23577,22.468554,19.248577,18.415375,14.048234,13.786836,9.0348215,11.251972,10.456699,13.186373,14.795026,16.1744,13.36319,15.106633,13.600704,15.8515005,19.15884,17.386604,22.525837,21.120079,26.309816,30.939116,27.032213,23.81928,23.021484,17.450792,17.815176,13.765884,14.568788
5,13.652578,11.633568,7.7878838,6.005937,5.275394,0.0,6.0338492,7.7567525,9.796335,13.801904,17.584051,21.270948,19.204897,17.70589,13.514997,11.615351,7.854954,7.8457084,5.652892,7.3803244,8.916147,12.313564,15.542642,15.988843,19.557901,19.92953,19.94306,16.516985,14.451936,13.902457,11.598707,10.875356,14.117665,10.965901,15.538038,16.71492,19.160666,19.277607,15.3734865,12.67025,17.055742,15.633413,15.48129,16.472778,18.785881,18.07384,21.80145,20.161118,24.672033,27.701632,27.98421,24.59394,27.592823,28.389414,24.965633,27.042711,24.314108,26.029434,30.845045,28.511238,25.272095,28.41918,26.544338,29.403086,26.925425,32.966045,33.1849,33.285923,31.208464,31.539305,27.32665,29.382338,26.76021,30.192661,28.32861,31.171637,31.600885,29.947575,33.546604,31.827415,26.88416,25.223299,21.262102,18.810518,18.816334,14.445768,16.376308,12.52147,15.48558,15.453878,18.202976,20.02331,21.0788,17.722147,19.056551,17.629906,18.94947,21.37439,19.138735,23.99282,21.74723,26.720242,31.183117,26.948116,23.857244,23.925758,17.916552,18.642778,15.378031,15.375197
6,17.29331,13.8240385,11.464308,8.4793215,5.1668625,6.0338492,0.0,6.8784,6.5721636,12.2445135,15.034747,18.898792,18.306587,17.263823,14.082131,11.277761,9.437702,6.936345,7.2380815,6.7560525,10.924125,12.159264,16.509487,16.860233,20.774073,20.428238,18.780245,15.811265,12.42943,14.181722,9.536822,12.194942,14.319131,13.662743,17.02298,18.766745,21.931967,21.270147,18.188873,15.635177,17.704601,16.042852,14.464454,14.194426,17.93389,16.080446,20.562151,18.024426,22.734709,24.979813,25.412199,21.211971,25.295542,25.267803,22.339752,24.417896,20.767872,22.349897,26.777287,23.793793,20.470575,22.944265,20.924023,23.523685,21.094421,26.999443,27.428627,27.864843,26.157982,26.490381,22.497192,24.640766,21.730907,25.464104,23.478071,26.725296,27.258385,25.915424,29.936172,28.781273,24.009415,21.820261,18.081203,14.886157,14.714674,9.596276,10.961589,7.4355097,10.379558,11.497031,14.09119,17.186926,17.320427,13.484127,13.976027,12.126667,13.030863,15.495032,13.230815,18.191935,16.42529,21.502474,26.05939,22.034204,18.836508,18.566023,12.678862,13.67799,10.158289,11.549151
7,21.345087,18.924982,15.117035,13.211247,10.885386,7.7567525,6.8784,0.0,4.633269,6.1050706,11.210105,14.199431,12.23909,11.693972,7.680971,6.7474823,5.9881034,6.6599493,9.202036,11.85985,14.950324,18.194857,21.735838,22.688099,26.214582,25.740488,24.893223,21.251532,17.942427,18.307226,13.1722145,14.007105,12.559098,10.8561325,13.911269,14.275162,18.17683,18.359924,15.975053,14.884822,17.176102,17.667295,15.541541,17.73028,22.00304,21.035812,25.632519,24.038795,28.497622,30.784712,30.5073,26.021397,29.375622,28.549116,24.941177,26.079527,22.727177,23.172297,27.473276,24.55862,21.417562,24.984053,24.044245,26.671072,25.424995,30.636723,31.908287,33.095768,31.867838,31.848612,28.008097,29.449347,25.84203,28.993877,26.110548,28.836304,28.322557,26.10218,29.515041,27.363148,21.997633,19.679613,15.841751,13.984506,15.466793,10.5484295,15.107171,13.325954,16.501947,18.245102,20.637693,23.92321,23.56403,19.212902,19.12848,17.668324,17.129374,17.906301,15.323343,19.233587,16.439276,20.768145,24.833338,20.318514,17.46931,18.5587,12.479518,14.044932,12.407949,12.566961
8,22.861427,19.888195,17.085993,13.937217,11.328771,9.796335,6.5721636,4.633269,0.0,7.1523833,8.494151,12.391639,12.210399,11.186436,9.215648,5.9802804,6.9061346,4.8259773,8.786948,10.693276,14.475174,17.254704,20.719248,22.182608,25.436108,24.252905,22.872574,19.200346,15.39063,16.437399,10.185191,12.609994,10.550752,11.342589,13.179235,14.639814,18.527416,17.714674,15.887449,14.655969,15.062237,15.367911,12.377964,14.19774,19.214643,18.006754,22.877254,21.420408,25.65706,27.568518,26.982552,22.174768,25.633797,24.311497,20.830734,21.878706,18.248716,18.664688,22.941858,20.043093,16.876585,20.615723,19.815289,22.764982,22.002214,27.339426,28.90375,30.112885,28.71569,28.204702,24.392878,25.369177,21.56646,24.50977,21.522678,24.204317,23.74065,21.649918,25.246403,23.452488,18.2974,15.9681015,12.12333,9.664208,10.865458,6.040202,11.169412,10.52804,13.937385,16.387993,19.082909,22.905928,22.576231,18.455807,17.799006,15.354393,14.686272,15.611511,11.911546,16.157074,12.702033,17.438433,21.864706,17.984917,14.943628,16.79246,10.623001,13.375765,11.707238,13.530369
9,27.413582,25.014101,21.156134,19.264597,16.81455,13.801904,12.2445135,6.1050706,7.1523833,0.0,7.9684787,9.217234,7.0832486,8.177392,5.7039943,7.0948815,9.454029,10.603251,14.356159,17.241196,20.447695,23.80849,27.224253,28.5029,31.870653,30.978983,29.913832,26.160782,22.499535,23.002432,17.087496,18.213362,13.938811,13.411534,14.695263,14.124064,18.657255,18.993898,18.028696,18.193182,19.050999,20.91774,17.896933,20.90961,25.929214,25.0573,29.881805,28.566109,32.797855,34.656685,33.92595,28.9737,32.208794,30.32021,26.646698,26.932117,23.487741,22.779114,26.420082,23.305273,20.523619,24.458738,24.496664,26.87234,26.803091,31.11883,33.22283,35.16478,34.51441,34.161953,30.69169,31.530071,27.359865,30.019375,26.42884,28.784615,27.392681,24.654055,27.591745,24.94725,19.40141,16.672958,13.331374,12.745152,15.578434,11.463226,17.425085,17.270985,20.267128,22.80188,24.93625,28.80527,27.781067,23.146002,22.22542,20.813528,19.056524,18.355457,15.645389,18.120617,14.786412,17.922161,21.289654,16.69601,14.41071,16.907438,11.616737,13.921076,14.211335,14.397412
10,30.757423,28.066278,25.227057,21.92957,19.667938,17.584051,15.034747,11.210105,8.494151,7.9684787,0.0,4.625163,7.1068063,6.3433166,9.090871,7.190995,11.435531,10.884802,15.397686,17.985466,21.177769,24.600105,27.259285,29.557915,32.15482,30.196188,28.988853,25.010244,21.173077,21.692719,15.272289,17.143852,10.756553,13.831302,12.541538,13.365401,17.567509,16.404486,16.937485,17.55761,15.327621,17.966301,13.9151535,17.460087,23.038025,22.515743,27.303438,26.932358,30.422228,31.812452,30.17135,25.062155,27.54258,24.661572,20.93402,20.375168,17.24366,15.691859,19.115816,16.721123,14.378098,19.51146,20.519388,23.597036,24.935453,29.19087,31.96531,33.912323,32.862392,31.412306,28.06693,27.628721,23.16025,24.757088,20.761421,22.30045,20.347048,17.224527,19.783024,16.99263,11.444966,8.965228,5.4963703,6.383169,9.869088,8.94236,15.33614,17.125095,20.293554,23.475058,26.135172,30.42428,29.77727,25.674076,24.168877,21.358093,19.566416,18.942278,14.422627,16.663343,11.437308,14.40211,18.045153,15.209508,13.070161,17.854862,13.158816,17.148249,17.451569,19.504892
11,34.737156,32.14719,28.963978,26.043964,23.691362,21.270948,18.898792,14.199431,12.391639,9.217234,4.625163,0.0,5.5192842,6.8246636,10.552572,10.647752,14.960966,15.176016,19.650633,22.426077,25.591429,29.083712,31.828196,34.040497,36.720222,34.812016,33.57848,29.633924,25.76737,26.276907,19.896563,21.51898,14.59016,17.117584,15.428131,15.214663,19.47354,18.801836,20.000156,21.248285,19.05075,22.257532,18.251427,21.966873,27.561552,27.071434,31.850367,31.464556,34.91694,36.136276,34.41511,29.205912,31.629997,28.303167,24.70375,23.64141,20.660788,18.353071,20.893902,18.42326,16.620674,21.525188,23.148289,25.755487,27.676065,31.140673,34.333355,36.756626,36.18621,34.749454,31.714966,31.118137,26.482664,27.80665,23.513052,24.748589,22.154371,18.735222,20.61478,17.367794,12.029485,9.32155,7.5271964,9.80153,13.618106,12.934101,19.254679,21.29867,24.23335,27.563042,29.935543,34.37328,33.309868,28.988453,27.22384,24.829739,22.453556,20.946255,17.014015,17.97088,13.068977,14.388899,16.939869,14.216911,12.955962,18.388018,14.76652,18.55551,19.849514,21.438005
12,32.68911,30.697433,26.87848,24.633595,22.671497,19.204897,18.306587,12.23909,12.210399,7.0832486,7.1068063,5.5192842,0.0,3.8167071,6.3822856,8.836401,12.577678,14.374911,18.38386,21.963638,24.552992,28.795269,31.397863,33.472176,36.215996,34.795723,34.247753,30.044577,26.543842,26.211975,20.48661,20.715042,13.960895,14.439701,13.46204,11.929584,16.380781,16.808767,17.611376,19.247662,18.736917,22.243038,19.004656,23.392162,28.42052,28.312677,32.959785,32.670406,36.393837,38.190834,36.644077,31.74695,33.937782,31.393103,27.378813,26.668121,24.08292,22.38476,25.56917,23.357325,21.253124,26.197708,27.275467,29.974716,31.099913,35.038094,37.79119,39.9588,39.196377,38.122086,34.734936,34.6114,30.170395,31.861048,27.822363,29.217266,26.93174,23.518196,25.331247,21.750248,16.296999,14.282627,11.786025,13.480218,16.934225,15.127953,21.62914,22.469242,25.721352,28.523829,31.01328,35.01314,34.223484,29.729624,28.54518,26.559298,24.60785,23.499338,20.00232,21.668686,17.20885,19.161089,21.774426,18.221132,16.748682,21.121212,16.74406,19.786425,20.682814,21.243528
13,30.831915,29.011679,25.447989,22.821732,21.241993,17.70589,17.263823,11.693972,11.186436,8.177392,6.3433166,6.8246636,3.8167071,0.0,5.387358,6.4468393,10.306242,12.1607,16.00506,19.846083,22.00713,26.670135,28.779228,31.235218,33.615982,32.015076,31.85917,27.442717,24.201702,23.312235,18.000572,17.61906,10.421761,11.315921,9.732199,8.601003,13.033625,13.094922,14.043005,15.841564,15.045999,18.839695,15.813559,20.704523,25.414331,25.718126,30.158438,30.366596,33.884987,35.885117,34.09946,29.483753,31.14412,28.891523,24.63869,23.965328,21.863249,20.483246,24.136854,22.531212,20.381037,25.775469,26.70348,29.873182,30.87714,35.34064,37.913338,39.6927,38.434322,37.105335,33.485607,33.15925,28.883783,30.382954,26.54354,27.721796,25.6432,22.236006,23.989853,20.338644,14.878181,13.577971,10.636633,12.337701,15.311761,14.1652355,20.50397,21.191425,24.71954,27.328453,30.202478,33.999878,33.743233,29.515936,28.571432,26.102114,24.691383,24.254307,20.165215,22.567665,17.644512,20.295399,23.430355,20.243563,18.407913,22.82573,17.877014,21.183168,21.349771,22.299152
14,26.702024,25.11519,21.05647,19.154696,17.669258,13.514997,14.082131,7.680971,9.215648,5.7039943,9.090871,10.552572,6.3822856,5.387358,0.0,4.9489822,6.986386,10.071306,13.246625,17.308115,19.341696,24.02996,26.490906,28.371964,31.15294,30.212704,30.208435,25.920721,22.866528,21.904829,17.02334,16.164219,11.037515,9.220851,10.255237,8.74592,13.232502,14.166211,13.374802,14.394004,15.9304085,18.723923,16.42209,20.759447,25.04944,25.12662,29.550226,29.205498,33.16402,35.526775,34.3386,29.890158,32.044323,30.599379,26.389751,26.491552,24.051659,23.482164,27.573114,25.475103,22.850824,27.659214,27.813047,30.791456,30.788351,35.610622,37.61749,39.154152,37.888718,37.172188,33.356796,33.82675,29.8151,32.035866,28.557316,30.360426,28.882446,25.846771,28.210505,24.970207,19.433426,17.749971,14.261487,14.539244,17.049149,14.156091,20.11396,19.552206,23.067127,25.149073,27.86912,31.26139,31.06496,26.731848,26.308327,24.42143,23.385246,23.355268,19.980797,22.989721,18.886732,22.215862,25.66158,21.595318,19.379915,22.432571,16.919462,19.358269,18.97952,19.094059
15,24.680523,22.660702,19.368717,16.437109,14.915868,11.615351,11.277761,6.7474823,5.9802804,7.0948815,7.190995,10.647752,8.836401,6.4468393,4.9489822,0.0,4.392536,5.8038125,9.64696,13.458398,15.755812,20.287521,22.602148,24.845898,27.414824,26.053112,25.851625,21.50551,18.33047,17.53939,12.297537,12.04513,6.9443164,7.15482,7.996715,8.782371,12.940964,12.512884,11.38048,11.547504,12.031501,14.294919,11.639452,15.835249,20.306282,20.340061,24.816319,24.63306,28.441021,30.73623,29.422169,25.002705,27.106455,25.753862,21.5688,21.923037,19.442429,19.328959,23.775993,21.90127,19.145996,24.063799,23.986345,27.34388,27.278273,32.531494,34.40939,35.612316,33.937202,32.93623,28.999836,29.280567,25.401533,27.553099,24.305037,26.127958,25.039982,22.277332,24.977285,22.19973,16.815037,15.356471,11.4781475,10.96829,12.7796755,10.324452,15.980368,15.612256,19.321533,21.480787,24.54847,28.010471,28.186247,24.2007,23.745335,21.150486,20.55869,21.191814,17.100946,20.804281,16.349525,20.417322,24.459154,20.891466,18.278025,21.41365,15.533269,18.514364,17.420792,18.593685
16,20.539627,18.897947,15.420264,12.770199,11.858263,7.854954,9.437702,5.9881034,6.9061346,9.454029,11.435531,14.960966,12.577678,10.306242,6.986386,4.392536,0.0,4.4392905,6.3609376,10.777838,12.36871,17.369305,19.54432,21.560137,24.185802,23.326216,23.64239,19.2888,16.654715,15.227217,11.211083,9.645842,7.7222223,4.9145308,8.46806,9.427182,12.737085,12.734602,10.004055,9.089579,11.97445,13.125608,11.765658,15.450124,18.956276,19.140429,23.289639,23.011366,26.995148,29.760054,28.819866,24.900854,26.95467,26.572405,22.418524,23.419716,21.16379,21.864218,26.64618,24.86867,21.930933,26.452322,25.730654,29.103024,28.191366,33.90266,35.194218,35.92383,33.928806,33.273773,29.099949,29.894064,26.476725,28.992308,26.269905,28.337559,27.816301,25.397186,28.306936,25.789831,20.608,19.350698,15.397659,14.209029,15.161919,12.105771,16.566956,14.847176,18.590818,19.96289,23.145157,25.97211,26.664146,22.91714,23.14378,20.781696,20.975037,22.357866,18.712782,23.03066,19.172495,23.695877,27.953436,24.126143,21.297045,23.446106,17.276115,19.538206,17.590132,18.297064
17,20.055912,17.578579,15.0821,11.342003,9.843771,7.8457084,6.936345,6.6599493,4.8259773,10.603251,10.884802,15.176016,14.374911,12.1607,10.071306,5.8038125,4.4392905,0.0,4.546217,7.6896305,10.484385,14.524581,17.097359,19.19787,21.915749,20.632156,20.186235,15.978786,12.800287,12.425074,7.1722107,7.89258,7.4127927,7.7931943,10.249179,12.538935,15.617788,14.530112,11.984409,10.107189,11.258055,11.09727,9.046453,11.5621605,15.68985,15.283277,19.772882,19.147001,23.182446,25.68051,24.833303,20.67754,23.230871,22.770126,18.906898,20.28105,17.54975,18.695292,23.541302,21.60419,18.536154,22.710287,21.678917,25.166096,24.127258,30.055548,31.245539,31.805717,29.647264,28.869438,24.68144,25.476576,22.136147,24.80056,22.296713,24.614147,24.514841,22.51069,25.868387,24.000488,19.107496,17.721786,13.772436,11.580865,11.705517,8.586636,12.297478,10.738423,14.582041,16.21787,19.578175,22.697975,23.434021,19.92805,19.94951,17.02921,17.492228,19.34984,15.34753,20.095095,16.355406,21.313915,25.900682,22.45075,19.403942,21.342537,15.194394,17.750082,15.351925,17.063532
18,15.839542,13.724611,11.584537,7.564398,7.368904,5.652892,7.2380815,9.202036,8.786948,14.356159,15.397686,19.650633,18.38386,16.00506,13.246625,9.64696,6.3609376,4.546217,0.0,4.7769895,6.209828,11.111052,13.265436,15.318205,17.946413,17.13604,17.437807,13.179207,10.955795,9.505386,6.842257,5.4937243,9.534158,8.194865,11.8469305,14.28386,16.35333,15.432486,11.771093,8.630502,11.783863,10.055429,9.955645,11.488339,13.941089,13.855156,17.71316,17.168749,21.250986,24.32404,23.838015,20.490166,22.72607,23.452234,19.739124,21.745615,19.537788,21.469904,26.507978,24.906155,21.839571,25.608427,24.011606,27.515463,25.697521,32.028584,32.5816,32.52286,29.895454,29.38106,24.98305,26.204247,23.538994,26.382557,24.5602,26.935808,27.4065,25.76447,29.15331,27.518377,22.9351,21.895973,18.013887,15.660921,15.037643,12.161122,14.0529995,11.072587,14.685158,15.153834,18.717766,20.911234,22.493708,19.565783,20.395876,17.643343,19.117958,21.771223,18.251295,23.367807,20.162762,25.322289,30.015276,26.531218,23.394688,24.595835,18.470129,20.363117,17.22098,18.562996
19,14.299325,11.127357,10.64867,5.6960154,5.17691,7.3803244,6.7560525,11.85985,10.693276,17.241196,17.985466,22.426077,21.963638,19.846083,17.308115,13.458398,10.777838,7.6896305,4.7769895,0.0,4.777038,6.8430386,10.130549,11.633948,14.756614,13.973331,13.250911,9.568815,7.0810184,7.5967484,5.63274,7.3575907,13.06093,12.894657,16.099167,18.895857,20.856045,19.521442,15.967645,12.415084,14.525983,11.1589575,11.217452,9.9766655,11.961198,10.740885,14.616481,12.999792,17.433867,20.422148,20.609215,17.422686,20.475666,21.733486,18.760454,21.45723,18.855164,21.472317,26.345278,24.517826,21.40004,24.187887,21.896135,25.212685,22.652586,29.237223,29.237432,28.702358,25.812592,25.574799,21.144756,22.91543,20.811932,24.092466,22.937532,25.730055,26.91024,25.93041,29.752577,28.876215,24.71754,23.51653,19.851084,16.719814,15.228084,12.286149,11.82029,7.8494716,10.951245,10.740953,14.470514,16.417736,18.407959,16.108196,17.23325,14.290953,16.650574,20.108414,17.018139,22.413334,20.043062,25.405733,30.242054,27.00104,23.755754,24.092096,18.361492,19.859015,16.08073,17.969038
20,11.847567,10.011305,10.150866,5.7383256,7.903621,8.916147,10.924125,14.950324,14.475174,20.447695,21.177769,25.591429,24.552992,22.00713,19.341696,15.755812,12.36871,10.484385,6.209828,4.777038,0.0,6.5117774,7.2879367,9.667589,11.818185,11.415746,12.71394,8.686362,8.527125,5.7966237,8.306689,6.3047385,14.006952,12.847991,16.288177,19.114803,20.057268,18.852795,14.776891,10.747203,14.179078,10.255729,12.221742,11.57299,11.222573,11.414568,13.908529,13.542538,17.347092,21.046665,21.069656,19.039375,20.805014,23.090885,19.969055,22.783546,21.207548,24.10686,29.163382,28.029892,25.082,28.18247,25.933928,29.447073,26.84066,33.54513,33.305485,32.34205,29.001595,28.645126,24.13516,25.715933,24.113909,26.995935,26.20443,28.574831,29.877016,28.877195,32.344143,31.290852,27.326202,26.678734,23.01313,20.32863,18.72203,16.56488,16.175589,12.357929,15.095059,14.039604,17.729053,18.542847,21.426489,19.763779,21.37939,18.599897,21.290758,24.865477,21.732712,27.13015,24.49569,29.840136,34.684216,31.501251,28.278536,28.817339,22.995573,24.430525,20.622145,22.065931
21,11.473919,7.9397855,10.833195,7.0099173,8.269103,12.313564,12.159264,18.194857,17.254704,23.80849,24.600105,29.083712,28.795269,26.670135,24.02996,20.287521,17.369305,14.524581,11.111052,6.8430386,6.5117774,0.0,5.3689566,5.1403275,8.8745985,9.070603,8.007362,6.3100877,6.702072,8.039167,10.498324,11.858873,19.150545,18.870428,22.113714,25.081074,26.379583,24.927708,21.10512,17.113388,19.36558,14.680875,16.014479,12.715477,11.868873,10.137349,12.064604,9.369371,13.684616,17.101553,18.488064,16.861172,19.931194,22.741959,20.822811,24.27167,22.081951,25.501162,30.128315,28.545721,25.603336,27.295942,24.23909,27.211687,23.596449,30.32229,29.253853,27.643219,24.096146,24.372627,20.040686,22.57724,21.87415,25.334759,25.403082,28.316841,30.391518,30.167177,34.1251,33.922,30.3451,29.333427,25.921665,22.50669,20.305307,17.901758,15.170596,10.767251,11.881786,9.380347,12.715781,12.583569,16.20217,15.755279,17.839924,15.319318,18.970987,23.262228,21.04836,26.409004,24.987246,30.33012,35.17649,32.211372,28.963009,28.34889,23.251303,24.034397,19.750143,21.570013
22,12.273297,10.594448,13.821076,10.418103,12.723852,15.542642,16.509487,21.735838,20.719248,27.224253,27.259285,31.828196,31.397863,28.779228,26.490906,22.602148,19.54432,17.097359,13.265436,10.130549,7.2879367,5.3689566,0.0,4.7872906,4.9145813,4.5207033,7.1307216,5.041753,8.434506,6.6928687,12.417807,11.849563,19.93851,19.72592,22.545202,25.777157,26.155155,24.47165,20.67072,16.600721,18.794134,13.626982,16.339773,13.354855,10.037904,10.036773,9.889453,9.602443,12.397491,16.574675,17.390463,17.218475,18.506119,22.397177,20.45236,23.981876,22.959612,26.681723,31.417131,30.73166,28.053318,30.195936,27.360899,30.723352,27.494286,34.290432,33.237637,31.259073,27.156542,26.857983,22.51953,24.341179,24.120855,26.855911,27.311514,29.608324,31.829794,31.659817,35.19845,34.969276,31.807898,31.45675,28.159649,25.140097,22.655445,21.356962,18.856255,15.157666,16.502222,14.172658,17.506443,16.772635,20.944748,20.991323,23.021957,20.170301,23.816559,28.089348,25.329857,30.722107,28.718817,34.06463,38.96796,36.318886,33.085297,33.08269,27.827509,29.00649,24.837206,26.696312
23,9.817121,7.6359644,12.190118,10.073231,12.321189,15.988843,16.860233,22.688099,22.182608,28.5029,29.557915,34.040497,33.472176,31.235218,28.371964,24.845898,21.560137,19.19787,15.318205,11.633948,9.667589,5.1403275,4.7872906,0.0,4.877026,7.396308,8.011988,8.312276,10.822049,10.910553,15.225383,15.405548,23.310677,22.48067,25.887592,28.774832,29.50307,28.201408,24.138247,20.036346,22.872616,17.913036,20.123108,16.799139,14.281471,13.216842,13.224075,11.031209,14.193836,17.945286,19.867884,19.645988,21.95789,25.756836,24.215763,27.85596,26.227407,29.907524,34.490982,33.21444,30.38481,31.841537,28.596033,31.417637,27.431923,34.062836,32.444626,30.245035,26.398436,26.95947,22.863558,25.596085,25.656773,28.95673,29.574148,32.338184,34.714535,34.6997,38.54666,38.451668,35.071896,34.27318,30.881758,27.549511,25.228905,23.03907,20.054977,15.710116,16.231474,13.003775,15.52533,13.648759,18.143208,18.760815,21.376,19.399157,23.357311,27.802214,25.960953,31.255497,30.062908,35.385307,40.219017,37.26162,34.017727,33.10322,28.149948,28.595387,24.200436,25.626818
24,12.644075,11.880764,16.168617,13.941279,16.500975,19.557901,20.774073,26.214582,25.436108,31.870653,32.15482,36.720222,36.215996,33.615982,31.15294,27.414824,24.185802,21.915749,17.946413,14.756614,11.818185,8.8745985,4.9145813,4.877026,0.0,4.434222,8.0213375,8.6792,12.6249485,11.344444,17.252901,16.565195,24.72973,24.22625,27.144566,30.284555,30.343117,28.771475,24.890356,20.846912,23.270151,18.053259,21.051615,17.76407,13.635459,13.651969,11.91919,11.563103,13.139213,17.277418,18.795856,19.868248,20.777157,25.4144,24.066252,27.75427,27.01841,30.94447,35.504494,34.941704,32.359447,34.03978,30.938505,34.049248,30.388325,37.06034,35.455418,32.928967,28.60416,28.634462,24.600464,26.719452,27.24891,29.940952,30.959055,33.230175,35.794632,35.9251,39.44921,39.45934,36.521324,36.235096,33.00462,29.917538,27.300201,26.01786,22.98757,19.202295,19.871387,16.883366,19.550083,17.554052,22.302717,23.272331,25.697206,23.286795,27.269928,31.751629,29.43885,34.760334,33.157814,38.475243,43.35914,40.74921,37.51599,37.083767,32.060047,32.884266,28.562922,30.221512
25,15.943385,14.543467,18.224743,14.896301,16.964102,19.92953,20.428238,25.740488,24.252905,30.978983,30.196188,34.812016,34.795723,32.015076,30.212704,26.053112,23.326216,20.632156,17.13604,13.973331,11.415746,9.070603,4.5207033,7.396308,4.434222,0.0,5.832237,5.7266216,10.192945,8.792693,15.008461,14.773764,22.595135,23.144623,25.350674,28.883692,28.916353,26.828568,23.417036,19.502445,20.647423,15.207555,18.159044,14.478204,9.678901,10.088467,7.6616745,8.725233,9.690278,14.060697,14.847479,16.124321,16.43343,21.212952,19.962772,23.67866,23.296362,27.343391,31.803337,31.659979,29.286837,31.128021,28.246552,31.65618,28.53831,35.245018,34.00278,31.56143,26.994856,26.319967,22.1997,23.622715,24.160416,26.399248,27.524994,29.475992,32.1097,32.36288,35.728325,35.93245,33.383797,33.387844,30.404343,27.424715,24.509731,24.091963,20.911974,17.883293,18.771357,16.41984,19.546522,18.454048,22.953867,23.718372,25.593843,22.458767,26.27415,30.680769,27.78466,33.050907,31.06688,36.299225,41.18237,39.019054,35.83982,35.970856,30.995565,32.360825,28.227451,30.463226
26,17.692167,14.805192,18.650093,14.980314,15.885381,19.94306,18.780245,24.893223,22.872574,29.913832,28.988853,33.57848,34.247753,31.85917,30.208435,25.851625,23.64239,20.186235,17.437807,13.250911,12.71394,8.007362,7.1307216,8.011988,8.0213375,5.832237,0.0,4.913329,7.8173723,10.081681,13.945871,16.14502,23.219759,24.530994,26.665123,30.287851,31.131023,28.865818,25.68938,21.810623,22.0955,16.692112,18.280203,13.16279,10.076367,7.9787164,6.7392783,3.7443235,6.2498045,9.970129,12.027596,12.505716,14.939761,19.072582,18.621853,22.565453,21.150553,25.26941,29.329994,28.575462,26.189917,27.05165,23.75368,26.76751,23.260174,29.854027,28.35637,25.768513,21.192871,20.760315,16.714472,18.749964,19.617062,22.378017,23.831896,26.31142,29.294308,29.990194,33.80152,34.55398,32.11382,31.654156,28.874294,25.41107,22.267185,21.657928,17.240507,14.495967,14.417609,11.961685,14.76817,13.966465,18.272804,19.49492,21.08574,17.862913,21.878883,26.448671,23.99577,29.03526,27.785576,32.87119,37.661804,35.73102,32.614487,32.20379,27.835705,29.015572,24.897186,27.602583
27,16.57289,13.894638,16.633446,12.275018,13.314244,16.516985,15.811265,21.251532,19.200346,26.160782,25.010244,29.633924,30.044577,27.442717,25.920721,21.50551,19.2888,15.978786,13.179207,9.568815,8.686362,6.3100877,5.041753,8.312276,8.6792,5.7266216,4.913329,0.0,4.4895554,5.188924,9.74248,11.291933,18.463432,19.811583,21.80723,25.470427,26.23985,23.954323,20.809107,16.979355,17.266989,11.881665,13.705375,9.321206,6.2952223,5.107544,5.848656,5.4546022,8.674977,12.560693,12.954221,12.207777,14.0049515,17.579268,15.960193,19.67145,18.425703,22.344713,26.868849,26.28844,23.77225,25.700045,22.908316,26.441898,23.62093,30.409771,29.645252,27.752056,23.49312,22.601706,18.192883,19.534374,19.304092,21.85618,22.471575,24.725885,27.154617,27.279978,30.910875,31.116343,28.355862,28.061111,25.086967,21.909878,18.967655,18.490192,15.240483,12.500996,13.738572,12.172434,15.828951,16.158035,19.891363,19.893244,21.221334,17.597002,21.113775,25.364668,22.17404,27.435352,25.346653,30.572758,35.45631,33.344013,30.18299,30.51087,25.57243,27.223858,23.270384,25.92017
28,17.845804,14.422182,16.159016,11.339786,11.149332,14.451936,12.42943,17.942427,15.39063,22.499535,21.173077,25.76737,26.543842,24.201702,22.866528,18.33047,16.654715,12.800287,10.955795,7.0810184,8.527125,6.702072,8.434506,10.822049,12.6249485,10.192945,7.8173723,4.4895554,0.0,5.8491592,6.2475023,10.119391,16.046347,17.99021,19.837763,23.450987,24.933033,22.621033,19.761997,16.195606,15.854401,11.068682,11.355894,6.5056057,7.0691485,4.12737,8.208368,6.3672338,10.591654,13.421565,13.593285,10.8615265,14.148997,16.208239,14.284773,17.777328,15.507406,19.140587,23.679232,22.51611,19.801212,21.76865,19.045649,22.621695,20.039194,26.848436,26.520811,25.20502,21.405666,20.464516,15.925796,17.288681,16.183647,19.143269,19.142813,21.777374,23.931396,23.892696,27.80443,27.973051,24.932888,24.241009,21.24276,17.816326,14.935145,14.134974,10.803862,8.292858,9.995251,9.493103,13.474337,15.171791,17.948746,17.15431,17.927883,13.931987,17.067978,21.134693,17.724655,23.000486,20.881575,26.126135,31.013783,28.862104,25.705687,26.128136,21.224997,23.088411,19.320175,22.312654
29,16.493828,14.467553,15.702088,11.042612,12.3140745,13.902457,14.181722,18.307226,16.437399,23.002432,21.692719,26.276907,26.211975,23.312235,21.904829,17.53939,15.227217,12.425074,9.505386,7.5967484,5.7966237,8.039167,6.6928687,10.910553,11.344444,8.792693,10.081681,5.188924,5.8491592,0.0,7.038369,6.3227005,13.843343,15.010552,16.861813,20.538488,21.087908,18.836012,15.6451845,11.856309,12.442539,7.1566143,9.7092905,7.583369,5.462342,6.703066,8.787681,10.158477,13.039092,16.751122,15.962581,14.421657,15.208487,17.949263,15.026305,18.145655,17.299261,20.73668,25.693989,25.37302,22.789816,25.908344,23.780788,27.699196,25.62141,32.388443,32.296616,31.039265,27.142597,25.942827,21.423075,22.130651,20.917576,23.104948,22.807535,24.684273,26.373222,25.780893,29.062492,28.526417,25.373114,25.329285,22.12626,19.482609,17.00693,16.67207,15.289646,12.7828665,15.298113,14.645713,18.635586,19.696028,22.870167,21.817303,22.910696,19.194906,22.008541,25.73311,21.89796,27.21656,24.216595,29.467506,34.357727,32.02305,28.872427,30.02517,24.53252,26.631227,22.99017,25.375134
30,19.538313,16.503214,16.230173,11.287416,10.401274,11.598707,9.536822,13.1722145,10.185191,17.087496,15.272289,19.896563,20.48661,18.000572,17.02334,12.297537,11.211083,7.1722107,6.842257,5.63274,8.306689,10.498324,12.417807,15.225383,17.252901,15.008461,13.945871,9.74248,6.2475023,7.038369,0.0,6.383364,10.097716,12.666299,14.091017,17.644167,19.619003,17.349144,14.885539,11.924878,11.049638,7.82494,6.384588,4.9310455,9.083473,8.141144,12.807415,12.424899,16.153538,18.629442,17.699862,13.857144,16.452421,16.803967,13.457026,15.908228,13.374077,16.027037,21.00735,19.728762,16.819206,20.281084,18.5433,22.46679,21.04384,27.553955,28.23523,27.93961,24.876394,23.614975,19.191042,19.757233,17.193022,19.758905,18.312834,20.651003,21.691494,20.677748,24.362751,23.651297,19.900833,19.144289,15.78623,12.75251,10.575428,9.648329,9.397825,7.928394,11.407967,12.604944,16.545166,19.337717,21.024668,18.777325,18.918215,14.906993,16.654419,19.72978,15.399189,20.623268,17.300163,22.5623,27.444506,25.01298,21.87965,23.431501,17.913914,20.521402,17.397867,20.258217
31,17.728584,16.184734,15.283246,10.938236,11.774209,10.875356,12.194942,14.007105,12.609994,18.213362,17.143852,21.51898,20.715042,17.61906,16.164219,12.04513,9.645842,7.89258,5.4937243,7.3575907,6.3047385,11.858873,11.849563,15.405548,16.565195,14.773764,16.14502,11.291933,10.119391,6.3227005,6.383364,0.0,8.2375,8.731988,10.754786,14.254213,15.070478,13.143798,9.735956,6.080876,7.890791,4.8933706,6.7837353,9.046681,10.080478,11.538788,14.634876,15.852396,19.012718,22.351162,21.04969,18.450426,19.158201,20.413092,16.417692,18.44737,17.486214,19.846203,25.050795,24.576479,21.880135,26.109045,24.737562,28.757902,27.404865,33.91151,34.534428,34.094246,30.833212,29.593815,25.100763,25.50166,23.196434,25.243494,23.789152,25.461567,26.115007,24.594576,27.534233,25.998005,22.08692,22.008156,18.465757,16.55429,15.166568,14.426574,15.664937,13.569684,17.079992,17.419323,21.377346,23.255562,25.55664,23.31933,24.063414,20.581505,22.384111,25.266705,21.042152,26.160276,22.352207,27.446495,32.195454,29.44662,26.38686,28.331171,22.37411,24.828081,21.761269,23.662783
32,24.780771,23.09316,20.921864,17.060242,16.567717,14.117665,14.319131,12.559098,10.550752,13.938811,10.756553,14.59016,13.960895,10.421761,11.037515,6.9443164,7.7222223,7.4127927,9.534158,13.06093,14.006952,19.150545,19.93851,23.310677,24.72973,22.595135,23.219759,18.463432,16.046347,13.843343,10.097716,8.2375,0.0,6.3162346,4.4357285,8.310398,10.475255,8.073304,7.3992605,7.5233645,5.124431,8.469607,6.2742476,12.075337,15.625376,16.86819,20.674389,21.987085,24.962225,27.486118,25.385649,21.69419,22.261326,21.356281,16.744654,17.01794,15.990115,16.511152,21.43767,21.08495,18.707848,24.184715,24.142658,28.219162,28.391727,34.130417,35.875362,36.44586,33.903656,32.15644,28.010248,27.495047,24.069988,25.398645,22.650816,23.683893,22.935038,20.35623,22.589268,19.958744,15.442634,15.585033,12.1229515,11.870712,12.063011,12.417071,16.54637,16.476915,20.312725,22.108984,25.803514,28.846802,30.017624,26.846912,26.602455,23.065353,23.34586,24.824997,19.921371,24.076288,19.09784,23.388191,27.674002,25.181162,22.542667,26.109308,20.357767,23.72662,22.00374,23.962278
33,21.439087,20.630293,17.48951,14.81517,14.983738,10.965901,13.662743,10.8561325,11.342589,13.411534,13.831302,17.117584,14.439701,11.315921,9.220851,7.15482,4.9145308,7.7931943,8.194865,12.894657,12.847991,18.870428,19.72592,22.48067,24.22625,23.144623,24.530994,19.811583,17.99021,15.010552,12.666299,8.731988,6.3162346,0.0,5.0633926,6.3811684,8.383843,8.462945,5.1782165,5.23805,9.212223,11.419755,11.220386,16.062485,18.522543,19.795944,23.292633,24.15857,27.59839,30.692526,29.228003,25.923435,26.754688,26.752138,22.253035,23.006155,21.867847,22.643534,27.578003,26.737858,24.0901,29.156841,28.661015,32.41579,31.768764,37.66352,38.981445,39.44594,37.00586,35.944202,31.63505,31.945057,28.7342,30.688917,28.119156,29.586935,28.991087,26.426067,28.750954,25.900291,21.067348,20.732763,17.020123,16.582775,17.216522,15.623728,19.788387,18.22236,22.064314,23.131716,26.649366,29.078922,30.388916,27.025429,27.436123,24.713142,25.244158,26.834003,22.766546,27.115364,22.753887,27.160324,31.37278,27.972042,25.26081,27.976658,21.863026,24.37023,22.388458,23.179184
34,26.00846,25.015951,22.270002,19.102074,19.011871,15.538038,17.02298,13.911269,13.179235,14.695263,12.541538,15.428131,13.46204,9.732199,10.255237,7.996715,8.46806,10.249179,11.8469305,16.099167,16.288177,22.113714,22.545202,25.887592,27.144566,25.350674,26.665123,21.80723,19.837763,16.861813,14.091017,10.754786,4.4357285,5.0633926,0.0,4.270692,6.123325,4.561878,4.7040157,7.140846,6.8830066,11.293858,10.317996,16.250822,19.066414,20.76313,24.200619,25.80023,28.718273,31.490726,29.322859,25.93145,26.014711,25.283007,20.562586,20.489864,20.018723,20.157543,24.85747,24.728302,22.518433,28.19333,28.367786,32.36072,32.596294,38.224476,40.039257,40.70946,38.24019,36.577686,32.41337,31.919119,28.479773,29.689339,26.8278,27.6125,26.513815,23.620275,25.281607,22.03136,17.484049,17.896637,14.660741,15.282293,16.103895,16.14234,20.74591,20.352764,24.235285,25.830448,29.475863,32.304157,33.51378,30.166758,30.097418,26.890991,27.046482,28.2609,23.581493,27.487928,22.439987,26.368006,30.345963,27.625727,25.186556,28.935066,23.149332,26.33081,24.858715,26.189865
35,27.605892,26.950167,23.532282,21.104973,20.950365,16.71492,18.766745,14.275162,14.639814,14.124064,13.365401,15.214663,11.929584,8.601003,8.74592,8.782371,9.427182,12.538935,14.28386,18.895857,19.114803,25.081074,25.777157,28.774832,30.284555,28.883692,30.287851,25.470427,23.450987,20.538488,17.644167,14.254213,8.310398,6.3811684,4.270692,0.0,4.6134415,6.0096107,6.6811047,9.858428,11.08115,15.415409,14.46425,20.26598,23.164331,24.725853,28.24076,29.572617,32.70717,35.526173,33.503296,29.984276,30.270159,29.394392,24.68733,24.411108,23.76919,23.472878,27.905296,27.492964,25.304747,30.992287,31.346466,35.10342,35.391308,40.772633,42.71771,43.665394,41.505383,40.065186,35.951843,35.638165,32.007248,33.34353,30.218088,31.055088,29.60246,26.437986,27.865717,24.181114,19.397257,19.5401,16.433733,17.560081,19.102264,18.476229,23.701609,23.159933,27.030886,28.655016,32.094276,34.944294,35.864944,32.185753,32.12737,29.368242,29.174887,29.943111,25.622213,29.160187,24.209099,27.73666,31.359749,28.280397,26.065958,29.856966,24.17272,27.106764,26.054464,26.751354
36,28.261442,28.221048,25.13453,22.787996,23.31095,19.160666,21.931967,18.17683,18.527416,18.657255,17.567509,19.47354,16.380781,13.033625,13.232502,12.940964,12.737085,15.617788,16.35333,20.856045,20.057268,26.379583,26.155155,29.50307,30.343117,28.916353,31.131023,26.23985,24.933033,21.087908,19.619003,15.070478,10.475255,8.383843,6.123325,4.6134415,0.0,4.0505934,5.5097427,9.555365,11.156815,15.594892,15.80664,21.719744,23.540447,25.809338,28.654684,30.72809,33.429176,36.519787,34.241085,31.370472,30.741869,30.40969,25.631462,25.33426,25.599327,25.60365,30.102686,30.380327,28.364187,34.17833,34.472614,38.46132,38.677437,44.30381,46.092075,46.716637,44.1673,42.539536,38.31198,37.801014,34.48671,35.51959,32.708973,33.187416,31.896845,28.834293,29.871666,26.174486,21.970394,22.794552,19.933027,21.113531,22.144413,22.109953,26.776226,26.011366,29.89686,31.150166,34.79384,37.233105,38.671337,35.3204,35.530537,32.585316,32.80963,33.942024,29.468,33.237865,28.189716,31.821308,35.506073,32.667927,30.425602,34.23142,28.459358,31.37805,30.016155,30.742197
