,0,1,2,3,4,5,6,7,8,9,10,11,12,13,14,15,16,17,18,19,20,21,22,23,24,25,26,27,28,29,30,31,32,33,34,35,36,37,38,39,40,41,42,43,44,45,46,47,48,49,50,51,52,53,54,55,56,57,58,59,60,61,62,63,64,65,66,67,68,69,70,71,72,73,74,75,76,77,78,79,80,81,82,83,84,85,86,87,88,89,90,91,92,93,94,95,96,97,98,99,100,101,102,103,104,105,106,107,108,109,110,111,112,113,114,115,116,117,118,119,120,121,122,123,124,125,126,127,128,129,130,131,132,133,134,135,136,137,138,139,140,141,142,143,144,145,146,147,148,149,150,151,152,153,154,155,156,157,158,159,160,161,162,163,164,165,166,167,168,169,170,171,172,173,174,175,176,177,178,179,180,181,182,183,184,185,186,187,188,189,190,191,192,193,194,195,196,197,198,199,200,201,202,203,204,205,206,207,208
0,0.0,3.987627,8.308466,10.399884,13.094896,17.253042,18.426308,23.655985,26.277077,29.978735,32.672417,36.518394,34.97533,33.64075,28.28398,27.189886,23.606993,22.544558,19.41583,17.774517,16.525957,14.395801,18.122322,18.131804,21.66762,25.183136,27.39269,27.025232,25.747633,28.72606,27.198706,32.785988,33.211468,37.155228,38.71758,40.45019,43.84118,43.455833,40.69407,38.655674,37.41261,34.193672,33.5393,29.85192,32.0915,26.596375,31.44174,29.76878,31.77946,32.39064,32.66782,36.48543,37.356968,37.488422,40.474663,38.478924,39.06987,36.605534,38.161804,41.95594,37.886105,40.97782,38.83809,39.40168,39.485817,35.230423,34.055283,33.101357,28.775278,28.186329,23.125515,21.646303,18.408152,15.986675,16.609423,13.354002,14.861612,19.126665,17.8702,22.68979,23.840828,27.47859,27.15262,28.81694,27.340092,32.118683,31.028793,34.933514,36.870586,39.301098,42.33733,43.858948,47.593845,50.007446,50.89313,51.40209,47.431923,47.670002,44.338535,42.364365,42.320263,42.582115,39.99898,38.07115,44.003216,38.50941,44.542652,43.92427,49.325485,49.720684,55.63798,49.670753,47.12122,46.775845,46.071114,45.559685,43.53427,43.865963,40.81553,42.075256,39.21542,42.046177,40.256546,38.297485,39.982285,34.160778,37.677532,37.483173,38.133667,38.19894,41.098877,42.74179,42.92307,46.977554,48.002205,52.259274,54.36524,52.434208,54.03562,48.766308,51.679535,46.835598,48.551064,45.99172,46.59709,46.386665,46.511543,46.032013,47.50548,45.635345,39.337357,42.726738,45.205753,40.91439,43.602875,44.639126,44.69909,44.156242,44.006344,47.63276,47.646233,47.435528,48.903015,44.263695,49.505913,49.250923,49.255287,52.945343,57.9438,55.24208,58.854023,53.59182,58.52828,55.5008,59.431927,58.513435,54.77286,57.665306,54.683723,55.166145,57.787563,52.851738,52.60993,51.492672,53.237274,52.226,50.719227,53.153896,51.88242,55.185005,52.43968,57.32286,60.53171,58.32448,57.53839,59.40597,54.801826,58.07212,54.739044,56.662426,57.025856,57.248474,59.89711,58.98417,61.698566,57.345352,60.70241,56.89916,60.579918
1,3.987627,0.0,4.567014,7.845987,10.009892,14.176615,15.476359,20.4044,23.368593,26.665134,29.684383,33.170727,31.836258,30.768764,25.235067,24.607615,21.192001,20.58732,18.04575,16.832775,16.584082,15.144015,19.331444,19.930943,23.283049,26.596828,28.50682,27.33123,25.476799,28.35618,26.096424,31.881945,31.47576,35.59786,36.774544,38.39506,41.918945,41.565018,39.183662,37.057537,36.348873,32.832397,32.89791,28.966068,31.912798,26.71209,31.550764,30.248882,31.952185,33.173107,33.386787,36.502983,37.81541,38.432022,41.080532,39.30105,39.368988,37.23315,38.570312,41.966106,38.21278,40.984226,38.780094,39.46716,38.930676,34.984512,33.449142,32.004387,27.959316,26.656776,22.086721,19.774038,17.335457,13.882124,15.030976,11.499648,13.390389,18.098955,17.16038,21.775398,23.439173,27.10113,26.836998,28.090141,26.421942,31.415474,29.887491,34.083183,35.7177,38.357548,41.13414,42.870785,46.439888,49.038593,50.08283,50.753395,47.070057,46.820946,43.875732,41.366016,41.263397,41.21353,38.345406,36.234684,42.00627,36.180286,42.055763,41.1254,46.446575,46.642162,52.49289,46.457005,44.015816,43.949768,43.360806,43.123363,41.161377,41.857246,38.89784,40.52657,37.895435,40.89278,39.461258,37.42169,38.858566,32.82409,35.82375,35.36546,35.735687,35.54117,38.213573,39.566936,39.639076,43.606274,44.557518,48.894783,51.056572,49.361588,51.148983,45.933765,49.046818,44.469223,46.226498,44.03152,44.918255,44.84121,45.291874,45.173714,46.67301,44.521484,38.559383,42.25356,44.569588,40.039085,42.533493,43.293358,42.992985,42.16689,41.829876,45.19683,45.134243,44.667778,45.95045,41.11107,46.317398,45.81102,45.717266,49.3817,54.333305,51.846012,55.53903,50.429092,55.47282,52.62552,56.663902,55.93698,52.374752,55.48311,52.66014,53.33829,56.159702,51.32018,50.937912,50.006012,51.58383,50.13659,48.60781,50.84177,49.473698,52.626106,49.769997,54.631077,57.9103,55.951412,55.224747,57.31318,52.75834,55.936646,52.91165,54.599678,55.20791,55.53769,57.9603,56.924156,59.412678,54.943676,58.06649,54.14254,57.700523
2,8.308466,4.567014,0.0,5.3777785,7.085384,10.169982,12.536615,16.558174,20.03379,22.733376,26.057951,29.311476,27.795958,26.880846,21.16043,21.145115,17.769337,17.930248,15.933558,15.574328,16.27347,15.895423,20.379995,21.789772,24.93872,27.979479,29.32084,27.251379,24.824844,27.331911,24.391853,30.008886,28.804617,32.853954,33.75844,35.12677,38.844852,38.659187,36.647903,34.585293,34.38804,30.812374,31.716116,27.706089,31.489428,27.023489,31.769228,31.151102,32.813538,34.49277,34.347366,36.90129,38.789093,39.709877,41.828255,40.1645,39.619778,37.637627,38.57042,41.434547,37.8198,40.15302,37.764652,38.41712,37.141163,33.52067,31.486122,29.517645,25.788923,23.703512,19.878658,16.774044,15.628887,11.427549,13.720645,10.62158,13.318463,18.057325,18.133377,22.048773,24.349266,28.075352,27.518665,28.118908,25.979069,31.095966,28.768631,33.08184,34.204258,36.886665,39.298264,41.096264,44.475147,47.29395,48.581985,49.524693,46.205505,45.576817,43.19466,40.093353,40.13523,39.592834,36.599228,34.163383,39.695164,33.474472,39.05483,37.892506,43.027027,43.164433,49.009613,42.99517,40.60531,40.815983,40.604404,40.56326,38.902607,39.942375,37.23272,39.237434,36.92258,40.249382,39.228207,37.32032,38.52983,32.523952,34.757935,34.182392,34.042282,33.79368,35.773903,37.004715,36.60941,40.56592,41.24754,45.666523,48.009075,46.583477,48.579773,43.41379,46.920776,42.619812,44.62062,42.715435,44.228333,44.084377,45.10014,45.229523,46.9674,44.655262,38.9365,43.03525,45.34945,40.693146,43.000854,43.45024,42.698666,41.46151,41.105885,43.894535,43.910717,43.049362,44.18329,38.885468,43.99055,43.132477,42.70661,46.452328,51.234627,49.128765,52.834557,47.98735,53.094784,50.473778,54.661053,54.177734,50.784138,54.267624,51.518093,52.523907,55.569893,50.846977,50.176903,49.32502,50.586926,48.692474,46.939613,48.910603,47.294735,50.20928,47.128216,51.941,55.192944,53.505844,52.952984,55.31845,50.925404,54.13531,51.495083,53.102448,54.109432,54.664112,56.877712,55.604073,57.947693,53.19096,56.032734,51.93672,55.263634
3,10.399884,7.845987,5.3777785,0.0,4.0966744,7.1308556,9.164407,13.595957,16.361128,19.928986,22.510715,26.612146,24.637697,23.241524,17.948587,16.888264,13.385827,12.878112,10.6706295,10.239463,11.408798,11.703969,16.202015,18.271175,21.116995,23.856749,24.73203,22.193579,19.597536,21.985476,19.060486,24.685265,23.77348,27.884377,28.961725,30.553364,34.09313,33.810524,31.547026,29.498037,29.080254,25.61762,26.417154,22.49875,26.424692,22.49023,27.162407,27.114908,29.18304,30.798002,30.139338,32.73771,34.96544,35.7626,37.46153,35.735027,34.90422,32.822826,33.520454,36.208477,32.589035,34.81818,32.437134,33.190163,31.94343,28.401314,26.608501,24.792284,21.16473,19.524643,15.135712,12.2074995,10.326927,6.255503,8.923296,6.950033,10.555026,14.590822,16.191727,19.180975,21.803871,25.74556,24.358183,24.49891,21.824734,26.859709,24.055065,28.153997,29.161238,31.68307,34.129856,35.809135,39.24848,42.032528,43.324326,44.30704,41.002285,40.52086,38.241146,35.148136,35.440857,34.803253,32.111557,29.600433,35.238354,29.202757,34.90599,34.20782,39.41668,39.98562,46.017128,40.207966,37.54946,37.299328,37.22859,36.749325,35.33175,36.005627,33.435463,35.2279,32.90769,36.49705,35.44949,33.950302,35.3026,29.808933,31.878721,31.856306,31.513151,32.076134,33.42472,35.55129,34.661186,38.971394,39.476536,43.71543,46.16034,44.33601,46.08039,40.79428,44.417976,39.780403,42.174004,39.740124,41.816376,41.130356,42.525173,42.261135,44.50997,42.571804,36.418518,40.773243,43.57519,39.222336,41.67005,42.1699,41.391632,40.023922,40.36124,42.590397,43.162315,42.28244,43.899155,38.19474,43.24479,42.748425,41.98798,46.106136,50.720036,48.41987,51.763756,46.838272,51.65563,48.820522,52.96795,52.340046,48.67794,52.341465,49.20913,50.377216,53.365208,48.583202,47.646015,46.4312,47.49141,45.893784,43.74566,45.810604,44.01986,46.9807,43.844486,48.672947,51.718185,49.777767,49.32224,51.583183,47.297497,50.818985,48.04999,50.15292,51.290524,52.032166,54.474957,53.038567,55.80283,50.7509,53.791668,49.725986,53.02538
4,13.094896,10.009892,7.085384,4.0966744,0.0,6.2040176,5.5755363,10.701535,13.359735,16.97868,19.730705,23.444351,22.29435,21.332407,16.136778,15.141298,12.510423,11.954137,11.361282,10.847725,13.370497,13.794525,18.039608,20.041796,22.451132,24.864315,25.748905,22.679447,19.640816,22.156788,18.47406,24.633825,22.741241,27.410088,27.79536,29.557688,32.97133,32.436073,30.620396,28.254696,28.463606,24.392107,25.772932,21.535717,25.860504,21.959084,26.436695,26.47131,27.913769,30.20278,29.775963,31.426609,33.920815,35.335514,36.83454,35.48329,34.24892,32.79335,33.489655,35.86428,32.99507,34.99809,32.870716,34.040943,32.45289,29.418196,27.714968,25.577742,22.558762,20.47936,16.577757,12.809567,11.389791,5.867298,7.746081,5.458919,8.718808,12.774582,14.4962,17.01554,20.00122,23.755253,22.612131,22.432652,19.872675,24.995577,22.18019,26.645899,27.567238,30.470354,32.740612,34.840256,38.074062,40.921368,42.207096,43.16392,40.096127,39.00056,36.92425,33.43633,33.42381,32.705746,29.600319,27.125578,32.628872,26.459248,32.167084,31.148672,36.441074,36.72478,42.65318,36.718792,34.163235,34.052395,33.76726,33.55317,31.95997,32.935474,30.329687,32.422794,30.280485,33.843517,33.116146,31.437832,32.523426,26.838428,28.512953,28.23685,27.77138,28.127949,29.50823,31.479057,30.717827,34.98493,35.604435,39.8498,42.22243,40.428898,42.228676,36.973038,40.582077,36.107983,38.42449,36.28667,38.420773,37.91942,39.47256,39.563103,41.72977,39.551117,33.792034,38.323315,40.918625,36.42016,38.681313,38.964397,37.933895,36.387833,36.6459,38.696953,39.254784,38.27303,39.873203,34.106712,39.149754,38.693306,37.97078,42.10059,46.74595,44.34892,47.691433,42.74934,47.59039,44.791878,48.962395,48.399803,44.835625,48.5668,45.564247,46.81812,49.922115,45.230038,44.240765,43.216476,44.21406,42.314644,40.27461,42.234863,40.493824,43.42285,40.324722,45.156643,48.32837,46.521496,45.999058,48.354267,44.02734,47.376633,44.787426,46.61668,47.840378,48.60339,50.87574,49.409225,52.001053,46.961098,49.896812,45.80331,49.102936
5,17.253042,14.176615,10.169982,7.1308556,6.2040176,0.0,7.103964,7.6776958,11.490097,13.686864,16.708702,20.520988,17.966509,16.776138,11.106659,11.361401,8.107714,9.839876,9.757059,11.511119,14.378871,16.306963,20.394653,23.291521,25.568642,27.676294,27.620808,23.7554,20.333353,21.769571,17.641064,22.547955,19.892935,23.79435,24.228077,25.320572,29.192873,29.221554,27.74998,25.857721,26.522945,23.051786,25.530224,21.711288,26.980598,24.654676,28.80312,29.884222,31.748022,34.003838,32.835377,34.366314,37.4353,38.696228,39.48606,38.026585,36.203117,34.498177,34.477978,36.110188,32.931137,34.268513,31.665152,32.379017,29.757107,27.047693,24.408096,21.568684,18.932175,15.668074,13.385666,8.632759,10.585172,6.165166,10.588126,10.605665,14.149028,17.218502,20.092001,21.651196,24.973423,28.700811,26.960062,26.018091,22.725925,27.578062,23.452745,27.509022,27.46761,29.970634,31.628052,33.393665,36.388733,39.5336,41.24857,42.70503,40.138496,38.967834,37.77596,33.694298,34.25756,32.71026,29.8932,26.818285,31.831917,25.166964,30.175028,29.103077,33.908257,34.448513,40.47067,34.787575,32.19254,32.393448,33.093227,32.923756,32.162666,33.415573,31.414711,33.814686,32.155426,36.213,35.90792,34.715813,35.64184,30.49267,31.133413,30.982414,29.715403,30.301695,30.204138,32.232956,30.371475,34.65139,34.599422,38.887676,41.65312,40.263176,42.31255,37.18416,41.47078,37.37539,40.198746,38.262127,41.41126,40.57734,42.903503,43.021397,45.623272,43.507397,37.909744,42.760696,45.503532,41.100857,43.200325,43.213913,41.75165,39.754204,40.13486,41.28511,42.05112,40.542473,41.951725,35.556904,40.286594,39.26935,37.86634,42.132378,46.34403,44.695503,47.940098,43.530888,48.327507,45.889236,50.219063,49.991306,46.63922,50.889774,47.890247,49.596916,52.891262,48.384537,46.968884,45.878395,46.36455,44.068142,41.52199,43.093285,40.863335,43.35388,39.83919,44.522713,47.457092,45.99184,45.86888,48.583477,44.660015,48.22136,46.154022,48.138176,49.949375,51.073402,53.153057,51.323856,53.854866,48.35361,50.896053,46.595547,49.443005
6,18.426308,15.476359,12.536615,9.164407,5.5755363,7.103964,0.0,6.6293054,8.103329,12.400344,14.678343,18.500841,17.989477,17.26203,12.835577,11.21642,10.135424,9.268639,11.039596,10.842651,14.806539,15.941325,19.523178,21.852541,23.497698,25.217974,25.611666,21.62046,18.008999,20.262062,15.686089,22.070671,19.016954,24.22222,23.822369,25.833466,28.968685,28.13454,26.804462,24.147991,25.101774,20.491589,22.759264,18.374893,23.388454,20.390018,24.325188,25.071018,26.073828,29.04497,28.414293,28.889128,32.00244,33.994747,34.8235,33.870827,31.879938,31.080557,31.468508,33.170025,31.182014,32.691975,30.825424,32.440796,30.33922,28.076502,26.539215,24.110096,22.05042,19.736872,16.553503,12.3082075,11.60404,6.3205986,7.001167,7.0344267,9.200263,11.518403,14.5989895,15.3181505,18.873762,22.326464,20.82449,19.710907,16.81782,21.762197,18.327168,22.957426,23.459257,26.636478,28.557005,31.030596,33.97271,36.90745,38.257786,39.296135,36.646088,34.883766,33.324474,29.25129,29.136929,28.07713,24.708366,22.11069,27.395079,21.091188,26.765276,25.654306,31.02367,31.294386,37.23238,31.338766,28.715897,28.498785,28.21516,28.037071,26.555481,27.723825,25.309574,27.713003,25.928516,29.72756,29.496937,28.010508,28.801779,23.459442,24.200592,24.032728,23.05896,23.812271,24.409254,26.860067,25.680115,30.136225,30.646166,34.759182,37.178303,35.219593,36.955387,31.682062,35.48756,31.068316,33.66904,31.585443,34.3993,33.684464,35.852543,36.118443,38.596897,36.41324,30.962423,35.873398,38.533752,34.15064,36.20919,36.205276,34.773827,32.84124,33.496773,34.73265,35.691223,34.473244,36.32646,30.140234,35.023853,34.762665,33.733784,38.124138,42.582233,40.089943,43.150795,38.259113,42.901733,40.081158,44.270626,43.757404,40.184624,44.211914,41.12237,42.67797,45.907196,41.348454,40.032494,38.988037,39.65871,37.51018,35.22847,37.039673,35.140106,37.975594,34.805183,39.627056,42.77063,41.018402,40.555595,43.02668,38.802666,42.192387,39.84694,41.704346,43.239742,44.225807,46.397736,44.716698,47.362366,42.05742,44.91669,40.776314,43.964798
7,23.655985,20.4044,16.558174,13.595957,10.701535,7.6776958,6.6293054,0.0,4.8751,6.341532,9.634627,13.049738,11.764871,11.4944315,6.7819104,7.324254,7.7292023,9.56864,12.8078785,14.442978,18.64583,20.811258,24.217897,27.151321,28.612432,29.9803,29.572962,24.787214,20.795317,21.903809,16.672943,21.633198,16.876448,21.50771,20.39406,21.704575,25.210527,24.821112,24.433966,22.112331,24.199022,19.944866,23.86454,19.965729,25.965641,24.657715,28.009466,29.73601,30.768978,33.95078,32.788136,32.626392,36.34642,38.475098,38.520195,37.68803,34.950443,34.278515,33.949905,34.650833,32.8644,33.50443,31.354507,32.72327,29.342161,27.866573,25.482683,22.181416,21.137617,17.495117,16.596357,11.603501,14.096146,10.099879,12.394589,13.471385,15.769867,17.383018,20.936459,20.816748,24.557753,27.71274,25.944643,24.031172,20.709833,25.094946,20.450481,24.628023,23.92275,26.837225,27.82083,30.212801,32.631065,35.918446,37.734653,39.300022,37.435474,35.143963,34.765476,29.82328,30.116343,28.04012,24.730648,21.501389,25.847134,18.841484,23.461754,21.849745,26.663734,26.913067,32.878674,27.127258,24.576841,24.994852,25.800629,26.01848,25.459936,27.304289,25.683218,28.678495,27.685038,31.873213,32.36207,31.290943,31.671888,26.9472,26.176325,25.875778,23.859482,24.567814,23.308403,25.517008,23.047293,27.41239,27.162403,31.35898,34.201366,32.842873,34.972107,29.950352,34.551746,30.874416,33.934208,32.468784,36.3876,35.52163,38.586353,39.17954,41.9535,39.669064,34.86235,40.056725,42.615234,38.292793,39.989037,39.53991,37.4887,34.975685,35.589195,35.682365,36.777283,34.871166,36.382153,29.528263,33.94489,32.98105,31.170776,35.681137,39.63223,38.00372,40.9679,36.75965,41.369667,39.072853,43.444733,43.41409,40.256042,44.88035,41.993237,44.09916,47.596905,43.39508,41.61017,40.70407,40.746136,37.875175,35.15946,36.358963,33.93861,36.158554,32.521843,37.13235,40.11204,38.94671,38.909023,41.897327,38.159245,41.580006,40.060463,41.785904,44.049866,45.43457,47.190365,45.101604,47.45101,41.698814,43.93957,39.550873,42.16416
8,26.277077,23.368593,20.03379,16.361128,13.359735,11.490097,8.103329,4.8751,0.0,6.0468745,6.6701694,11.333533,10.868537,10.384062,8.223981,6.0175314,8.618552,8.748033,13.192384,14.3107195,18.897657,21.116869,23.827276,26.742102,27.580317,28.394207,27.72556,22.579521,18.473896,19.44942,13.965415,19.079523,13.834288,19.13697,17.438736,19.403214,22.288834,21.347216,21.072153,18.355646,20.795364,16.047604,20.314556,16.463327,22.576263,21.98352,24.753273,26.942696,27.752825,31.190926,29.866081,28.977928,33.023636,35.415176,34.996445,34.440468,31.276932,31.09099,30.624422,30.931332,29.919506,30.322536,28.572872,30.423609,27.12514,26.209137,24.495283,21.4846,21.130047,18.274767,17.172762,12.954947,14.457851,11.53391,12.227072,14.331619,15.871243,16.041607,20.32617,18.936453,22.732815,25.587921,23.403666,20.891975,17.415009,21.316416,16.357504,20.418396,19.50445,22.60346,23.474758,26.181818,28.46955,31.687077,33.403984,34.885418,33.192623,30.547968,30.369953,25.213392,25.437464,23.257479,19.890919,16.648111,21.034939,14.1190405,19.152264,17.922245,23.11021,23.671728,29.772701,24.17128,21.32804,21.071777,21.666464,21.484257,20.980753,22.577517,21.08057,24.036467,23.220482,27.549711,28.250504,27.493763,27.800009,23.722586,22.464428,22.653753,20.404528,21.988344,20.104246,23.385065,20.644543,25.336338,25.116138,28.956436,31.722668,29.774378,31.529474,26.391302,30.942139,26.93826,30.304014,28.415104,32.81866,31.538158,34.965908,35.376884,38.489384,36.48289,31.65905,36.989292,39.782555,35.801693,37.48148,37.01095,34.91924,32.314796,33.582737,33.119038,34.749508,32.93962,34.974598,28.034578,32.287388,31.959738,30.028572,34.798225,38.59533,36.504086,39.009823,34.639378,38.844975,36.263878,40.50114,40.266396,36.859,41.55584,38.367058,40.590504,44.010708,39.83808,37.832783,36.684593,36.53503,33.888664,30.88905,32.183495,29.683264,32.025005,28.439266,33.11215,35.98912,34.522945,34.464905,37.325264,33.606606,37.221786,35.594013,37.656956,39.9985,41.521698,43.434555,41.24087,43.93891,38.01607,40.4882,36.20787,38.87452
9,29.978735,26.665134,22.733376,19.928986,16.97868,13.686864,12.400344,6.341532,6.0468745,0.0,4.9653387,6.840461,6.4975348,7.8847165,6.2558227,8.211651,11.175461,13.371015,17.546888,19.477406,23.871845,26.342743,29.31136,32.38344,33.402576,34.280247,33.419582,28.123203,23.993082,24.410667,18.928297,22.732237,16.477608,20.698912,18.273062,19.198963,22.417149,22.023188,22.917313,20.686592,24.069195,19.917126,25.075111,21.684536,28.014679,27.956245,30.5271,32.898403,33.519463,37.12399,35.769855,34.511936,38.71044,41.26344,40.591076,40.144657,36.699314,36.6236,35.83864,35.57926,34.67535,34.537777,32.587296,34.125935,29.910791,29.520126,27.02812,23.340776,23.611177,19.593975,20.31455,15.705433,19.032804,15.993168,17.739466,19.299763,21.072577,21.79252,25.598312,24.45757,28.255148,30.906324,29.065186,26.457294,23.169485,26.777866,21.679726,25.37932,23.7712,26.599434,26.649317,29.252407,30.945757,34.38229,36.43895,38.287987,37.264267,34.150867,34.830803,29.178778,29.508204,26.696472,23.312592,19.881273,22.939411,15.763894,19.05957,16.760927,21.052402,21.089989,26.973236,21.363047,18.918602,19.899538,21.493818,22.202154,22.391838,24.907616,24.062506,27.56528,27.412481,31.6826,32.931393,32.177692,32.06681,28.102057,25.878557,25.48863,22.60232,23.400087,20.346493,22.522545,18.872293,23.101505,22.198792,26.25422,29.369701,28.377663,30.72073,26.039013,31.189373,28.279882,31.666502,30.820787,35.659477,34.688522,38.537014,39.50268,42.468952,40.128597,36.143612,41.51015,43.89928,39.770424,41.06303,40.184864,37.58635,34.582386,35.346786,34.22022,35.594704,33.16807,34.565807,27.293715,31.081045,29.83757,27.327335,31.983423,35.36917,34.252724,36.883495,33.264404,37.60991,35.713238,40.122227,40.456837,37.675037,42.75377,40.062252,42.646893,46.323055,42.545895,40.339855,39.603382,39.05725,35.561657,32.551964,33.158043,30.368929,32.00814,28.086588,32.43366,35.287464,34.65844,34.92669,38.318222,35.044632,38.34691,37.627125,39.125763,42.004356,43.73114,45.074406,42.646267,44.72947,38.663548,40.36266,35.86124,37.956547
10,32.672417,29.684383,26.057951,22.510715,19.730705,16.708702,14.678343,9.634627,6.6701694,4.9653387,0.0,6.2746515,5.618409,6.209562,8.214788,7.6479607,11.937067,13.178898,17.902699,19.713835,24.180191,26.86937,29.186924,32.36819,32.860905,33.21302,31.90723,26.30922,22.220621,22.135206,16.744068,19.815725,13.024205,17.347864,14.240688,15.610914,18.24389,17.466547,18.684608,16.32843,20.236807,16.132977,21.818876,18.921566,25.272528,26.333942,28.239588,31.23754,31.909546,35.499714,33.772842,32.053524,36.572174,39.138096,37.87623,37.588795,33.70529,33.90191,32.776733,31.928324,31.611351,31.03948,29.352615,31.15715,26.80378,27.092337,25.07732,21.62437,22.707674,19.394613,20.273666,16.50516,19.397738,17.537764,18.532967,20.962704,22.433186,22.0742,26.54199,24.44502,28.178608,30.609896,28.231749,25.103079,21.60527,24.490437,18.946583,22.02992,19.857595,22.500355,22.138088,24.818127,26.251823,29.693039,31.798628,33.74155,33.062805,29.720198,30.911133,25.017996,25.588566,22.383335,19.322416,15.708875,18.35618,11.212381,14.368654,12.678202,17.204323,18.007149,24.182713,19.014446,16.08555,16.195425,18.189894,18.270412,19.07952,21.236364,20.882856,24.225262,24.404474,28.86455,30.322783,30.11077,29.983389,26.97728,24.253822,24.530375,21.365385,23.217522,19.166018,22.591595,18.361986,22.845537,21.713133,25.206455,28.338343,26.752316,28.648188,23.958181,29.185022,26.01884,29.875854,28.50517,34.039238,32.470596,36.78383,37.41074,40.83356,38.919098,34.844494,40.286724,43.004993,39.327847,40.64127,39.78912,37.202377,34.13479,35.627987,33.84085,35.818306,33.480274,35.39445,28.083605,31.544468,30.903784,28.14496,33.022274,36.05244,34.643875,36.671772,33.068897,36.84799,34.72858,38.95166,39.107574,36.091568,41.29633,38.242847,41.00909,44.560493,40.864094,38.355423,37.265198,36.387386,33.204544,29.70289,30.311337,27.259777,28.856403,24.851185,29.164133,31.711674,30.792292,31.230347,34.542664,31.502426,35.147587,34.421276,36.45766,39.535164,41.49337,43.017406,40.405567,42.923775,36.59123,38.46823,34.102913,36.089592
11,36.518394,33.170727,29.311476,26.612146,23.444351,20.520988,18.500841,13.049738,11.333533,6.840461,6.2746515,0.0,6.814998,9.9264765,11.872382,13.4325485,17.279259,19.045246,23.618835,25.38513,29.898317,32.37717,34.957153,37.960228,38.551247,38.987034,37.908024,32.37462,28.287476,28.339159,22.94368,25.896524,18.90333,22.62519,18.921444,19.621914,21.935432,21.264225,23.54724,21.369219,25.831089,21.803146,27.620886,24.755533,30.918596,31.730694,33.49666,36.231255,36.24796,40.287495,38.955414,36.488056,40.993145,44.056137,42.778545,42.824905,38.803337,39.49605,38.442493,37.344044,37.56219,36.793888,35.272514,37.117218,32.480495,33.101025,30.866564,27.174206,28.445518,24.579763,26.026636,21.868093,25.111736,22.464083,23.537167,25.260874,26.446058,26.419327,30.185957,28.17717,31.862204,33.887527,32.165844,29.053978,26.124157,28.826565,23.856049,27.00051,24.774504,27.535686,26.695583,29.60308,30.425955,33.815216,35.940647,37.898827,37.749798,33.698338,35.343178,29.19604,29.315664,26.004313,22.538376,19.345055,20.607965,14.061361,15.275062,11.819265,15.2859955,14.662611,20.319807,14.766464,12.578994,14.476983,16.800959,18.329401,19.2457,22.554466,22.579351,26.515606,27.289463,31.337656,33.37667,32.86611,32.187443,29.11035,25.472734,24.931385,21.305286,22.104633,17.18988,19.21183,14.314893,18.17288,16.52689,20.250937,23.592037,22.975039,25.5096,21.376669,26.970036,25.112429,28.675837,28.658318,34.255005,33.291405,37.822296,39.250366,42.26278,39.86628,36.951103,42.33189,44.423683,40.57742,41.39073,40.068207,36.953655,33.52104,34.441563,32.006275,33.675575,30.787264,32.098484,24.667936,27.564573,26.22446,23.016602,27.763369,30.450905,29.732224,31.856321,28.905468,32.81405,31.359226,35.70948,36.42352,34.120888,39.574886,37.18506,40.223507,44.02802,40.80188,38.216373,37.75066,36.607574,32.443493,29.285168,29.174183,26.10452,27.032673,22.919811,26.880442,29.654106,29.698034,30.227325,34.020397,31.281403,34.26201,34.482754,35.560837,39.03207,41.069313,41.902386,39.16834,40.882645,34.61282,35.6778,31.136463,32.645084
12,34.97533,31.836258,27.795958,24.637697,22.29435,17.966509,17.989477,11.764871,10.868537,6.4975348,5.618409,6.814998,0.0,3.6895225,7.197937,9.611733,13.156172,15.942491,20.104525,22.738195,26.880838,29.937061,32.486195,35.95862,36.724392,37.23453,35.651325,30.008352,25.971882,25.337141,20.195646,21.921118,15.054275,17.696896,14.692945,14.5738945,17.874134,18.13128,19.96393,18.515997,22.590408,19.596869,25.550005,23.112957,29.598598,31.043787,33.05993,36.24086,37.245834,40.60629,38.62943,37.29974,41.847088,44.142406,42.76696,42.278324,38.36745,38.16946,36.713406,35.570454,34.736458,33.784874,31.660826,32.86362,27.72489,28.23174,25.330158,21.31575,22.822443,18.5741,21.133604,17.342857,21.766205,20.165495,22.267122,24.529999,26.564781,26.809826,31.18991,29.587221,33.36093,35.968025,33.589996,30.563396,26.920246,29.857323,24.062359,26.77413,24.183401,26.243956,25.380127,27.478334,28.587412,32.193825,34.6593,37.006218,36.714104,33.56642,35.304817,29.343893,30.33371,26.732317,24.151464,20.418896,22.232056,15.481802,16.866333,14.930648,17.926832,18.754396,24.588762,19.961943,17.446386,18.488272,21.608143,22.034931,23.549614,25.939512,26.025646,29.395527,29.789083,34.27601,35.812954,35.70431,35.54364,32.5461,29.681215,29.745596,26.406546,27.795422,23.284124,25.850725,21.06577,24.961365,23.129396,26.620323,30.057747,29.331194,31.598951,27.408262,32.97221,30.521505,34.385956,33.494705,39.21813,37.728546,42.192604,42.92614,46.341465,44.342403,40.437366,45.877945,48.509315,44.73982,45.962273,44.98971,42.23191,39.026787,40.18184,38.167492,39.920853,37.234905,38.64696,31.225927,34.324135,32.89099,29.679504,34.326443,36.880306,36.4842,38.57899,35.707127,39.515724,37.964413,42.248173,42.80425,40.217808,45.620384,42.84355,45.79498,49.442528,45.949787,43.34267,42.38693,41.280273,37.765755,34.193913,34.37252,31.095922,32.094337,27.869177,31.733313,33.994137,33.690098,34.513668,38.11945,35.564816,39.102783,38.930466,40.791855,44.190144,46.282616,47.518597,44.758568,46.938866,40.530323,41.85559,37.40452,38.85803
13,33.64075,30.768764,26.880846,23.241524,21.332407,16.776138,17.26203,11.4944315,10.384062,7.8847165,6.209562,9.9264765,3.6895225,0.0,6.0408955,7.2016215,10.686913,13.446421,17.439333,20.304163,24.244478,27.529774,29.86249,33.502354,34.2109,34.648235,32.81462,27.153982,23.205793,22.256508,17.332336,18.538767,11.886893,14.31251,11.859547,11.810491,15.516126,15.97677,17.15891,15.914462,19.573336,16.9975,22.827244,20.626434,27.125725,28.91752,30.952724,34.35182,35.823498,38.813484,36.523132,35.72169,40.25294,42.161354,40.729637,40.00544,36.17863,35.59278,33.989147,32.89365,31.622694,30.669888,28.347027,29.369194,24.211805,24.60005,21.640875,17.64312,19.244532,15.215665,17.908443,14.5817585,19.124224,18.349733,20.580011,23.273497,25.541122,25.622965,30.363985,28.76396,32.493717,35.30869,32.542404,29.543304,25.602875,28.521461,22.44022,24.869118,22.219923,23.960035,23.26017,25.00426,26.405363,30.037668,32.55069,34.963524,34.455013,31.828249,33.429287,27.69663,29.062834,25.484364,23.363256,19.491905,21.799038,15.164975,17.121578,16.168196,19.403265,20.923128,26.922861,22.558107,19.746874,20.01279,23.06047,22.796993,24.37379,26.138578,26.144676,29.109499,29.236574,33.887543,35.107197,35.23541,35.37362,32.54492,30.142452,30.635876,27.523947,29.407333,25.194876,28.366747,23.770638,27.924139,26.251354,29.618172,32.988384,31.83861,33.806873,29.422949,34.82904,31.835175,35.847538,34.31607,40.036507,38.208076,42.577206,42.85853,46.5071,44.80706,40.331024,45.758686,48.728783,45.103416,46.573135,45.84046,43.35091,40.32723,41.780846,40.01185,41.935143,39.49081,41.183754,33.80611,37.107475,35.984524,32.916206,37.64514,40.30805,39.62786,41.637146,38.511837,42.219696,40.38427,44.594658,44.902714,41.999096,47.293537,44.194664,47.03234,50.534176,46.847446,44.256496,42.969475,41.94903,38.946293,35.181343,35.661823,32.3736,33.616566,29.448915,33.400986,35.476276,34.731136,35.564346,38.92143,36.32038,40.187077,39.60016,41.965836,45.20091,47.27896,48.845882,46.125412,48.704124,42.25228,43.930016,39.57581,41.1975
14,28.28398,25.235067,21.16043,17.948587,16.136778,11.106659,12.835577,6.7819104,8.223981,6.2558227,8.214788,11.872382,7.197937,6.0408955,0.0,5.5470653,6.9569035,10.838292,14.151381,17.121832,20.972275,24.014761,27.03718,30.551546,31.842209,32.888664,31.61798,26.373081,22.386105,22.22857,17.173534,19.909481,14.393667,17.53784,16.35908,16.624584,20.650059,21.062935,21.20613,19.69023,22.29245,19.217684,24.106005,21.119547,27.553768,27.89992,30.7801,33.431564,35.00231,37.875755,35.972263,35.915375,40.031723,41.805676,41.15232,40.16829,36.968834,35.978176,34.90035,34.766747,32.7123,32.557167,29.99539,30.835775,26.35304,25.532074,22.314283,18.343801,18.374052,13.773731,15.436352,10.926686,15.812636,13.908488,17.003777,18.987265,21.687435,22.803503,27.015255,26.43797,30.189987,33.35347,30.982512,28.59797,24.767822,28.56026,22.93605,26.18859,24.42622,26.573483,26.74926,28.552664,30.58071,34.114742,36.395123,38.512814,37.26344,35.078007,35.701363,30.39186,31.43761,28.515934,25.937044,22.216421,25.654037,18.633484,21.903347,20.580544,24.455128,25.335777,31.330349,26.270258,23.63859,24.208014,26.387732,26.398275,27.039673,28.866777,28.087616,31.0658,30.577003,35.112507,35.881264,35.452015,35.796944,31.939291,30.436102,30.519888,27.906494,29.11013,26.267912,28.755703,25.033056,29.241558,28.101795,32.026924,35.26419,34.25271,36.451096,31.760761,36.924084,33.65392,37.23878,35.772076,40.64318,39.282703,43.007893,43.390747,46.637188,44.638584,39.857483,45.18818,48.001987,43.964275,45.595516,45.02722,42.75727,39.974586,40.889244,40.101162,41.51305,39.240963,40.673775,33.46018,37.321465,35.964417,33.40157,37.97564,41.232845,40.408916,43.024055,39.504917,43.783062,41.848877,46.21653,46.45433,43.486694,48.51585,45.552032,48.052856,51.58959,47.61642,45.42126,44.31197,43.812733,40.827534,37.53094,38.329475,35.391598,37.04823,33.035942,37.299732,39.794247,38.937645,39.4211,42.66938,39.54605,43.242313,42.233368,44.307167,47.116215,48.87019,50.517124,48.08023,50.49764,44.337875,46.20439,41.75694,43.789364
15,27.189886,24.607615,21.145115,16.888264,15.141298,11.361401,11.21642,7.324254,6.0175314,8.211651,7.6479607,13.4325485,9.611733,7.2016215,5.5470653,0.0,4.5409713,6.3469324,10.650705,13.19218,17.320904,20.43472,22.891035,26.432741,27.29638,27.998655,26.550543,21.132986,17.093904,16.942102,11.728578,15.084402,9.828607,14.184315,13.341118,14.7888565,18.302336,18.09574,17.362741,15.40065,17.489803,14.010866,18.625166,15.57451,22.016262,22.699718,25.38383,28.298988,30.09582,32.795265,30.664415,30.69888,34.869373,36.4972,35.698914,34.69053,31.453438,30.458992,29.386936,29.351828,27.430372,27.439114,25.09171,26.321875,22.386179,21.48701,19.113409,15.745863,15.756607,12.607912,12.687131,8.936454,12.270937,11.437194,13.480169,16.435188,18.844917,19.009888,23.879007,22.663681,26.333721,29.50323,26.620836,24.060472,19.974255,23.552504,17.73129,20.81931,19.21291,21.383747,21.97908,23.845585,26.245394,29.645975,31.720257,33.636303,32.055683,30.145876,30.415071,25.356833,26.51747,23.840044,21.535332,17.8661,22.014233,15.322858,19.644897,19.295649,23.831308,25.28778,31.526814,26.581322,23.532053,23.012587,24.674793,23.875885,24.334904,25.383307,24.427195,26.911877,26.138313,30.771332,31.256037,31.115854,31.73327,28.320148,27.204908,27.937912,25.601,27.68441,25.099695,28.700947,25.25422,29.88093,29.081337,32.708565,35.74054,33.888935,35.547073,30.579721,35.3878,31.36282,35.110012,32.78694,37.665737,35.8451,39.495113,39.353756,42.897697,41.328094,36.003662,41.31144,44.53003,40.82941,42.699593,42.39481,40.446564,37.885372,39.430923,38.731125,40.56469,38.694485,40.742702,33.67041,37.68854,37.14672,34.8115,39.610554,43.02251,41.418056,43.714302,39.70606,43.67426,41.214954,45.398167,45.203247,41.753788,46.5867,43.16474,45.511925,48.817535,44.651844,42.454575,40.929214,40.532997,38.24187,34.759407,35.987217,33.14199,35.220364,31.41322,35.857533,38.24422,36.71655,37.049976,39.897125,36.60136,40.62694,39.034725,41.69538,44.237446,45.958244,48.039062,45.678253,48.6655,42.49896,44.92354,40.67831,43.029953
16,23.606993,21.192001,17.769337,13.385827,12.510423,8.107714,10.135424,7.7292023,8.618552,11.175461,11.937067,17.279259,13.156172,10.686913,6.9569035,4.5409713,0.0,4.693634,7.226361,10.475437,14.1110115,17.359896,20.235775,23.890467,25.244274,26.409777,25.144701,20.190865,16.39319,16.51115,11.921904,15.480561,12.069974,15.741247,16.206451,17.365757,21.16969,21.305832,19.793423,18.173811,19.120066,16.190994,19.654541,16.523544,22.549805,22.455553,25.751068,28.239906,30.5298,32.726955,30.60803,31.698526,35.475483,36.609188,36.31254,34.90341,32.251133,30.57891,29.728283,30.3655,27.445082,27.966228,25.251585,26.006786,22.548542,20.660925,17.936668,14.722423,13.408898,10.12109,9.217307,4.638412,8.915228,8.309253,11.634982,14.323361,17.405066,18.37723,22.970407,22.690111,26.216629,29.76159,26.92759,24.948963,20.86145,24.89645,19.453587,22.631842,21.591892,23.550028,24.671658,26.12132,28.927668,32.21221,34.19881,36.018192,33.942627,32.760326,32.429268,27.950195,29.199415,26.947933,24.837442,21.348808,25.961521,19.4994,24.073402,23.827301,28.353354,29.770592,35.992313,30.949818,27.966854,27.51768,28.980162,28.128752,28.29106,29.109499,27.805944,30.00737,28.778563,33.31029,33.310707,32.996284,33.92001,30.0592,29.795273,30.472115,28.573439,30.393354,28.639938,31.934956,28.930437,33.522892,32.901943,36.723248,39.71629,37.93505,39.642998,34.57931,39.215626,34.980263,38.51886,36.029667,40.37519,38.677654,41.85586,41.514435,44.90464,43.34728,37.57612,42.721962,46.009697,42.17603,44.269474,44.203255,42.550236,40.25226,41.567173,41.537354,43.108524,41.42089,43.353394,36.457344,40.7548,40.089783,38.009586,42.68632,46.338806,44.73915,47.30987,43.146038,47.346127,44.825737,49.042694,48.765774,45.23054,49.858116,46.422123,48.52796,51.75858,47.39329,45.44213,43.874767,43.78797,41.744953,38.448307,39.892826,37.208633,39.46593,35.744003,40.256767,42.69644,41.050945,41.289,43.995373,40.533066,44.57043,42.6632,45.365646,47.62317,49.161987,51.397602,49.20647,52.227806,46.226044,48.80099,44.561203,47.084812
17,22.544558,20.58732,17.930248,12.878112,11.954137,9.839876,9.268639,9.56864,8.748033,13.371015,13.178898,19.045246,15.942491,13.446421,10.838292,6.3469324,4.693634,0.0,4.8977304,6.883839,11.085392,14.156317,16.557384,20.11271,21.10827,22.059002,20.882612,15.875063,11.972556,12.676243,7.972806,13.1610365,10.929359,15.585733,16.290497,18.38687,21.491123,20.987444,18.767292,16.674938,16.850811,13.370016,15.870584,12.355801,18.145805,17.762596,21.109434,23.562365,25.985176,28.060917,25.918245,27.163788,30.853897,31.919386,31.713789,30.296045,27.77904,26.141663,25.545332,26.582323,23.818026,24.780172,22.411127,23.663338,21.148289,19.002668,17.430622,15.173538,13.5833645,12.232159,9.044653,6.229625,6.277978,6.712483,8.251103,11.876599,14.499998,14.595505,19.653656,18.924593,22.313122,25.86873,22.703632,20.749622,16.563198,20.579659,15.350342,18.603472,18.149817,20.288654,22.041431,23.651798,26.817543,29.850113,31.503267,32.974625,30.449633,29.520655,28.569529,24.521933,25.645155,23.91939,21.923113,18.769617,24.022024,18.148153,23.520578,23.824846,28.806154,30.395895,36.65598,31.622541,28.46922,27.341024,28.134483,26.798916,26.548182,26.747929,25.121412,26.84547,25.235641,29.684423,29.333666,29.106697,30.287657,26.640387,26.938269,28.047466,26.56229,28.899784,27.69618,31.620394,29.082468,33.87305,33.6278,37.251667,40.002728,37.630024,38.936153,33.705708,37.89696,33.105423,36.586014,33.48517,37.5468,35.618507,38.534054,37.805767,41.301163,40.04346,33.847504,38.897194,42.446297,38.855,41.14575,41.3227,39.993813,37.958466,39.679237,39.891018,41.691444,40.388363,42.750763,36.118576,40.5504,40.516907,38.732185,43.49784,47.33351,45.089706,47.48016,42.90552,46.90683,43.98243,48.02507,47.391586,43.509953,47.85978,44.134796,46.016834,49.0342,44.506542,42.66661,40.83596,40.95959,39.499287,36.243195,38.07192,35.613487,38.25246,34.816067,39.45025,41.89022,39.741364,39.75281,42.077427,38.39369,42.55559,40.120743,43.151283,45.06208,46.477623,49.044136,47.005642,50.40111,44.54051,47.561916,43.52267,46.354218
18,19.41583,18.04575,15.933558,10.6706295,11.361282,9.757059,11.039596,12.8078785,13.192384,17.546888,17.902699,23.618835,20.104525,17.439333,14.151381,10.650705,7.226361,4.8977304,0.0,4.0438094,6.9196005,10.415803,13.138325,16.915588,18.456867,19.920534,18.896599,14.727121,11.556354,12.512474,9.601883,14.134384,14.127477,17.74394,19.57387,21.39326,24.595535,24.39425,21.495375,19.85562,18.847998,16.313766,17.29916,14.17003,18.873571,17.739708,21.6058,23.559786,26.653051,27.928112,25.717869,28.299253,31.44597,31.78453,32.10096,30.1916,28.428436,25.946037,25.58711,27.374533,23.472681,25.031967,22.339178,23.021832,21.324062,18.089949,16.494925,14.906471,11.824236,11.462008,6.1576266,4.998866,1.7199378,5.563581,7.975041,11.143759,14.311191,15.09018,19.657948,19.933094,22.909296,26.770184,23.60152,22.372787,18.374098,22.516243,17.978735,20.914246,21.022251,22.716698,24.921455,25.982004,29.484287,32.30789,33.829834,35.174114,32.158073,32.122086,30.574478,27.32111,28.59715,27.322247,25.717766,22.824806,28.277946,22.787315,28.186203,28.679438,33.596386,35.267612,41.531948,36.50197,33.36077,32.207634,32.914387,31.447687,31.047014,30.941017,29.102001,30.424007,28.417368,32.663044,31.77571,31.492184,33.019554,29.189476,30.350527,31.50876,30.463264,32.661114,32.111523,35.866367,33.650642,38.411194,38.279045,41.998547,44.71678,42.34209,43.62203,38.34192,42.34477,37.352642,40.65932,37.319366,40.86958,38.972942,41.39512,40.34169,43.715477,42.608707,35.94584,40.71311,44.391777,40.818638,43.356503,43.828625,42.87209,41.153797,42.753803,43.56085,45.180668,44.101196,46.419033,40.007523,44.6301,44.565327,42.986313,47.65614,51.659885,49.384773,51.941177,47.234856,51.35487,48.34516,52.36541,51.61397,47.622974,51.737408,47.950455,49.580635,52.451035,47.756557,46.152744,44.21071,44.612095,43.521008,40.403015,42.438133,40.119934,42.900124,39.55875,44.21189,46.62492,44.316906,44.268806,46.40381,42.634254,46.839848,44.08244,47.247894,48.86423,50.11061,52.873894,51.003067,54.506664,48.813366,52.008484,48.025593,50.994328
