,0,1,2,3,4,5,6,7,8,9,10,11,12,13,14,15,16,17,18,19,20,21,22,23,24,25,26,27,28,29,30,31,32,33,34,35,36,37,38,39,40,41,42,43,44,45,46,47,48,49,50,51,52,53,54,55,56,57,58,59,60,61,62,63,64,65,66,67,68,69,70,71,72,73,74,75,76,77,78,79,80,81,82,83,84,85,86,87,88,89,90,91,92,93,94,95,96,97,98,99,100,101,102,103,104,105,106,107,108,109,110
0,0.0,3.3528726,6.1361513,9.338098,10.628589,13.314788,15.634815,17.640806,21.902746,23.659122,27.995771,32.13067,30.046467,28.90172,23.128275,24.316244,20.508602,21.644165,18.582134,19.510815,19.790257,19.546759,22.727934,24.438124,27.168894,27.104034,25.09604,25.05544,25.577517,24.850918,28.585274,27.147823,32.473145,32.542027,37.13913,40.19028,36.488297,37.054745,30.52724,33.0845,29.702702,31.374884,29.032366,29.303463,29.653944,29.194517,31.215546,32.48285,32.038395,35.233307,34.36254,33.07496,33.17548,37.48278,36.046227,40.789818,38.27171,37.248367,43.17757,42.74875,40.662598,36.745842,37.503197,33.960247,37.53573,31.982475,34.565224,34.4671,37.48541,34.702084,36.384003,31.741993,35.14161,32.828705,37.739574,35.3339,41.79959,40.376686,44.43383,44.31841,41.514828,46.602898,43.56901,38.91336,36.46198,34.118626,31.557064,29.859777,24.325323,23.561583,19.87404,20.685396,18.690575,20.149364,22.819752,21.704739,16.994196,17.785679,15.02155,19.78719,24.325468,23.387888,22.153439,21.562614,25.637863,25.926245,30.62904,29.871717,34.415314,35.64727,39.825752
1,3.3528726,0.0,4.850711,6.2762566,7.935872,11.093744,13.0719595,15.972379,19.728638,21.986336,26.323835,30.139507,27.839941,26.616722,20.924839,21.570816,17.74974,18.523962,15.606541,16.179695,16.632278,16.431877,19.826298,21.618233,24.22274,24.03392,21.811478,21.885017,22.25872,21.87143,25.490232,24.493559,29.63544,30.154951,34.538513,37.77784,34.259407,34.65314,28.07752,30.34963,26.940311,28.350245,25.905663,26.028816,26.409475,25.87893,28.14805,29.385872,28.81647,32.007393,31.065811,29.89835,30.052032,34.241566,32.879402,37.69092,35.12572,33.99547,39.88882,39.416275,37.31132,33.421978,34.233925,30.747131,34.450706,29.003738,31.795677,31.70928,34.590694,31.727945,33.246517,28.505005,31.836622,29.50911,34.39753,32.044235,38.507095,37.19602,41.24783,41.249256,38.527058,43.670673,40.791576,36.09282,33.654686,31.095303,28.814795,26.790325,21.392094,20.43955,16.677504,17.45191,15.488156,17.342402,19.902658,19.228264,14.529607,15.503572,12.348526,17.341042,21.408978,20.464298,19.678991,19.381617,23.245163,23.23283,28.0391,26.87931,31.49848,32.58988,36.770966
2,6.1361513,4.850711,0.0,5.312452,6.4107304,7.660644,10.952881,12.246158,16.558321,18.479212,22.571064,26.632902,24.213224,22.90313,17.16436,18.699516,14.8950615,16.805845,13.755049,16.249058,16.835577,17.70572,20.870064,23.49953,26.139576,25.075037,22.546423,21.89101,21.717527,19.923847,23.549562,21.386393,26.852478,26.523514,31.273607,34.195393,30.471645,31.209208,24.785486,27.505001,24.456577,26.256039,24.736166,25.317562,26.34514,26.269753,29.418396,31.021887,30.14654,32.951065,31.195856,30.071198,29.508598,33.60882,31.535006,36.12487,33.38681,32.73228,38.79183,38.740353,37.246098,33.157097,34.759808,31.46114,35.58887,30.715172,33.41258,33.822834,36.48529,33.580025,34.645706,29.360895,32.42251,29.417189,34.212498,31.101147,37.517414,35.491825,39.531246,39.072136,36.144096,41.175026,38.000813,33.43107,31.172222,29.136015,26.403667,25.325241,19.845425,19.844812,16.28635,18.183369,17.124685,20.002174,22.49829,22.625418,18.047287,18.903759,14.745555,19.379477,22.749266,20.868105,19.859789,19.053642,22.452997,22.710854,26.680578,25.91459,30.358982,31.248081,35.63523
3,9.338098,6.2762566,5.312452,0.0,3.743981,6.339131,8.206366,11.995487,14.791025,17.833616,21.877638,25.160116,22.35066,20.897415,15.435216,15.445896,11.566212,12.348311,9.614712,10.996768,11.994703,12.863143,16.414623,19.00467,21.334223,20.198439,17.312334,17.015087,16.623085,15.864017,19.272575,18.37872,23.380863,24.232038,28.424627,31.810219,28.517399,28.797277,22.250626,24.247179,21.027863,22.182268,20.198908,20.372486,21.32387,21.01949,24.453773,25.91692,24.885393,27.737705,26.033678,25.128094,24.837843,28.739988,26.992613,31.78898,29.00813,28.014626,33.987213,33.74494,32.052784,28.072245,29.598558,26.382822,30.64235,25.881178,28.974264,29.269598,31.697691,28.682081,29.530025,24.2078,27.17198,24.295052,29.068035,26.239326,32.686657,31.063133,35.107494,35.00139,32.29518,37.48485,34.698334,30.001493,27.72557,25.092024,23.078651,21.05458,15.898439,15.27384,11.490065,13.169905,12.13621,15.64073,17.783127,18.621387,14.385152,15.52552,11.141017,15.884292,18.274628,16.589998,16.62363,16.559128,19.525219,19.085464,23.422344,21.711031,26.351177,26.99325,31.339865
4,10.628589,7.935872,6.4107304,3.743981,0.0,4.4088755,5.147336,9.26833,12.042464,14.847247,19.15385,22.547451,20.35363,19.479029,13.848968,14.310713,11.216572,11.82977,10.9332485,12.07185,14.144239,15.074107,19.009708,21.417496,23.266596,22.192787,18.50221,18.781094,17.068478,16.803028,19.260447,18.290995,22.805439,23.743189,28.109688,31.433487,28.361565,28.999638,22.71166,24.519445,21.935328,22.493752,21.350315,21.097687,22.602484,21.878227,26.231894,27.254951,25.646757,28.850649,26.938448,26.655874,26.339092,29.642899,27.666248,32.513016,29.160606,28.063835,33.889725,33.473644,31.92793,27.491798,28.972557,25.581882,29.683779,25.15347,27.579193,28.392256,30.95245,28.153734,29.124092,23.675179,26.912521,23.725395,28.717476,25.656572,32.08869,30.444492,34.588387,34.526142,31.33363,36.259624,33.184166,28.493435,25.89606,23.631983,20.95807,19.41596,13.782305,13.617375,10.240727,12.502541,12.377336,15.668977,18.569105,19.263891,15.093848,15.429376,10.340752,14.280084,16.921717,14.598242,13.76833,13.244958,16.344805,16.35173,20.53608,19.633865,24.107765,25.219488,29.492939
5,13.314788,11.093744,7.660644,6.339131,4.4088755,0.0,4.5137625,5.7488427,9.061876,11.690378,15.657052,19.263851,16.777569,15.744287,9.949499,11.562374,8.603976,10.824987,9.989785,13.3144865,15.2437105,17.11903,20.536049,23.603535,25.498238,23.644484,19.924583,19.375492,17.225529,15.300874,17.647984,15.295975,20.138773,20.149302,24.907598,27.91257,24.653667,25.646795,19.562757,21.801548,19.690786,20.637297,20.577734,20.85913,22.985626,22.812044,27.790623,29.194721,27.421293,30.10077,27.423279,27.138878,26.08944,29.255707,26.556612,31.09506,27.611338,27.065521,33.005733,33.070904,32.19891,27.68636,30.007895,26.940176,31.399632,27.551945,29.914032,31.107502,33.3687,30.565693,31.038319,25.212973,28.017204,24.217316,28.946985,25.117598,31.390408,28.96332,33.05037,32.480392,29.105833,33.915405,30.546549,26.002192,23.654797,21.99729,18.864561,18.500006,13.025231,14.139962,11.348879,14.648319,15.332644,19.258451,21.799673,23.100533,19.161283,19.560555,14.326193,17.711912,19.444778,16.361216,15.5006275,14.5063925,16.730768,16.974768,19.947493,19.415564,23.580105,24.352108,28.815294
6,15.634815,13.0719595,10.952881,8.206366,5.147336,4.5137625,0.0,6.459247,7.3105407,10.672846,14.838676,17.75822,15.834853,15.46659,10.155055,10.463102,8.787516,9.078078,10.747219,12.097153,15.136447,16.659262,20.56361,23.131037,24.370953,22.8232,18.312159,18.789272,15.412442,15.348214,16.425148,15.518966,19.160324,20.460077,24.72965,28.04631,25.437567,26.31584,20.525816,21.84461,20.157282,19.887363,20.004744,19.406075,21.769049,20.884422,26.569967,27.349846,25.03543,28.166142,25.608877,26.057627,25.418756,27.870298,25.452013,30.201433,26.223795,25.166338,30.792387,30.400265,29.343634,24.50812,26.47622,23.243242,27.491133,23.850561,25.794823,27.310596,29.579067,26.95594,27.517282,21.728716,24.804089,20.988607,25.942474,22.335028,28.60466,26.705744,30.885458,30.778238,27.146326,31.803644,28.526295,23.873077,21.08351,19.20294,16.016907,15.1246805,9.280997,10.257381,7.953586,11.461213,12.99075,16.713692,19.627207,21.037796,17.547,17.41086,11.98815,14.328073,15.577629,12.1193075,11.151847,10.335746,12.344353,12.479328,15.815705,15.383159,19.590101,20.799107,25.094547
7,17.640806,15.972379,12.246158,11.995487,9.26833,5.7488427,6.459247,0.0,5.3985376,6.2693863,10.38445,14.6067095,13.182856,13.18754,7.690429,11.310536,10.4157095,12.995421,14.019529,17.56465,20.01327,22.133276,25.53892,28.650356,30.180918,28.112226,23.881475,23.467188,20.127064,17.939924,18.955063,15.689718,19.673103,18.91773,24.013332,26.498598,23.495646,25.249071,20.057226,22.263912,21.390957,21.885414,23.392076,23.546448,26.401289,26.128832,32.030796,33.19804,30.87993,33.557632,30.369652,30.673424,29.25108,31.644953,28.36639,32.580967,28.497814,28.237331,33.86588,34.049156,33.79728,28.887964,31.58006,28.626432,32.943363,29.849543,31.354223,33.278618,35.466145,32.973793,33.304893,27.366968,30.102291,25.782377,30.380459,25.95758,31.836737,28.909298,32.935677,32.050728,28.003109,32.19975,28.245264,24.0034,21.499609,21.046055,16.667635,18.169548,12.849636,15.393068,13.904139,17.748936,19.401686,23.127287,26.044342,27.380026,23.65968,23.459152,18.018122,20.170187,21.603521,17.702662,15.823556,13.914267,15.311491,16.455048,17.839293,18.94087,22.314594,23.44801,27.751837
8,21.902746,19.728638,16.558321,14.791025,12.042464,9.061876,7.3105407,5.3985376,0.0,4.495335,7.760199,10.510888,9.102027,9.83172,5.6308393,7.9762154,9.290658,10.766735,14.007168,16.815166,19.859253,22.164976,25.493488,28.500753,29.420599,27.11229,22.375853,22.300121,17.755867,16.335459,15.764007,13.352404,15.823377,16.160978,20.6793,23.392094,21.191181,22.854628,18.294096,19.50651,19.485577,18.825308,21.254675,20.919817,24.316408,23.83051,30.599401,31.471962,28.645466,31.18601,27.621292,28.609388,27.115198,28.604448,25.194132,29.296438,24.709036,24.341171,29.602354,29.721254,29.837334,24.766092,27.808453,25.159893,29.518023,27.324673,28.588152,30.929718,32.708115,30.376814,30.263449,24.266052,26.677639,22.023602,26.372412,21.67774,27.241959,24.288502,28.292547,27.550701,23.204126,27.196173,23.241371,18.958147,16.23202,16.011559,11.320615,13.4567175,8.773723,12.299631,12.14456,16.269953,18.904066,22.819979,25.450819,27.430367,24.406626,24.04903,18.697744,19.799599,19.714916,15.357677,14.090526,12.5394535,12.238455,13.074705,13.237357,14.409652,17.352083,18.368189,22.615198
9,23.659122,21.986336,18.479212,17.833616,14.847247,11.690378,10.672846,6.2693863,4.495335,0.0,4.6737685,8.986578,9.467345,11.209334,8.022028,11.830711,13.277516,15.236365,18.072153,21.211695,24.16284,26.440712,29.802605,32.842415,33.83952,31.578955,26.857943,26.732727,22.220928,20.400246,19.749073,16.537361,18.747892,17.959743,22.737349,24.780237,22.57419,24.845646,20.935955,22.485518,22.966068,22.53829,25.464258,25.269672,28.755543,28.292309,35.0932,35.92301,33.02501,35.6209,31.988571,33.02993,31.3827,32.739285,29.090483,32.906693,28.22025,28.109419,33.12944,33.340294,33.736217,28.570492,31.59429,28.943335,33.02541,30.99529,31.679886,34.31845,36.220287,34.09647,34.124218,28.247864,30.723057,26.021338,30.256397,25.430058,30.626991,27.405138,31.244598,30.215391,25.54233,28.918512,24.513508,20.71993,18.04904,18.923418,13.516178,16.953938,12.703712,16.343405,16.37032,20.372324,22.94437,26.525259,29.504955,31.127201,27.914974,27.27784,21.893133,22.728115,23.21726,18.774607,16.5515,14.287385,13.991436,15.7109375,14.871649,17.547287,19.734278,21.131056,25.035915
10,27.995771,26.323835,22.571064,21.877638,19.15385,15.657052,14.838676,10.38445,7.760199,4.6737685,0.0,5.1810975,6.9402795,9.63855,9.059202,12.923344,15.372113,17.53935,20.631687,24.20527,27.024673,29.630318,32.631866,35.880344,36.747746,34.091805,29.434345,28.968119,24.209007,21.773077,20.424946,16.655022,17.870161,16.282116,20.827066,22.224892,20.445618,23.157177,20.414877,21.7936,23.23329,22.686853,26.645657,26.664932,30.496008,30.326233,37.44628,38.39618,35.362022,37.516685,33.418762,34.631367,32.5472,33.40172,29.315939,32.56931,27.786654,28.159222,32.795948,33.389133,34.477146,29.451597,33.04545,30.843964,34.974937,33.70415,34.26418,37.15067,38.705128,36.68642,36.284813,30.413153,32.39093,27.435965,31.117847,25.883408,30.410025,26.597837,30.117844,28.638573,23.772022,26.524239,21.806929,18.615402,16.397902,18.44481,12.869112,17.790472,14.902811,18.99743,19.614626,23.700808,26.574718,30.36996,33.047157,35.046383,32.06149,31.495947,26.15384,26.746288,26.511566,21.956911,20.123526,18.01714,16.7378,18.323185,15.941657,18.891245,20.162441,21.113468,24.749859
11,32.13067,30.139507,26.632902,25.160116,22.547451,19.263851,17.75822,14.6067095,10.510888,8.986578,5.1810975,0.0,5.372835,9.141034,11.204447,13.334322,16.955143,18.30815,22.340384,25.385708,28.354677,31.048233,33.806458,36.95311,37.373367,34.52547,29.752962,29.418127,24.090652,22.14073,19.5448,16.61547,15.906581,15.12538,18.574774,19.833439,19.163528,21.767765,20.179735,20.5523,22.919827,21.474472,26.239788,25.985634,30.108353,29.90084,37.439842,38.204132,34.8795,36.710693,32.32511,34.042343,31.845968,31.812086,27.634636,30.446323,25.39009,25.862602,29.823933,30.506037,32.152554,27.266094,31.219833,29.530273,33.54954,33.252647,33.61053,36.763077,37.849537,36.03274,35.16159,29.486479,30.938501,25.880833,28.938099,23.569002,27.27962,23.312382,26.524645,25.015139,19.892792,21.987997,17.14204,14.408927,12.350508,15.44909,10.008458,16.03115,14.917676,19.18447,20.710587,24.627579,27.966602,31.798382,34.10235,36.563015,34.122528,33.535236,28.412725,28.399145,27.032303,22.486635,21.33237,19.699423,17.194313,18.336803,14.4677,17.386034,17.571926,18.103245,21.294548
12,30.046467,27.839941,24.213224,22.35066,20.35363,16.777569,15.834853,13.182856,9.102027,9.467345,6.9402795,5.372835,0.0,3.796415,7.2998753,9.005874,12.696322,14.590238,18.065426,21.804382,24.302746,27.3288,29.633152,33.087288,33.724846,30.47922,26.12799,25.12253,20.282766,17.278444,15.042025,11.347382,11.265101,10.063352,14.053706,15.812242,14.567579,16.916958,14.829222,15.4287815,17.661303,16.690859,21.546032,21.825766,25.930923,26.274176,33.544548,34.792175,31.81291,33.15822,28.530258,29.784933,27.247269,27.643955,23.218872,26.03845,21.310673,22.145264,26.688524,27.811424,29.495058,24.94413,29.40604,27.892393,32.472305,31.91326,33.21436,35.877254,36.802574,34.608772,33.435925,27.497541,28.602867,23.46006,26.396513,20.753685,24.85284,20.40837,23.762611,21.951065,17.310602,20.476625,16.002401,12.59358,11.165472,13.242915,8.793572,14.054746,13.073731,17.245543,18.3063,22.358044,25.465528,29.841743,31.577354,34.455486,32.001118,31.937693,26.820055,27.56706,25.863966,21.506214,21.317184,20.181314,18.077929,18.407234,15.658458,16.586172,17.693796,17.192596,21.048504
13,28.90172,26.616722,22.90313,20.897415,19.479029,15.744287,15.46659,13.18754,9.83172,11.209334,9.63855,9.141034,3.796415,0.0,5.8546715,7.146603,10.387639,12.953983,15.5393915,19.99254,21.968367,25.258463,27.144157,30.869019,31.749014,28.19647,24.301815,22.655634,18.456963,14.301793,12.725205,7.9010177,9.022638,6.8735337,11.602472,13.699674,11.7133,13.830293,11.12852,12.23541,14.219582,13.99732,18.80373,19.67279,23.663359,24.522896,31.41936,33.09704,30.471004,31.413628,26.648748,27.413334,24.568237,25.45092,20.839134,23.619354,19.334667,20.521624,25.50856,26.991802,28.656778,24.466986,29.204615,27.815855,32.730804,31.91215,33.87409,36.13966,36.979595,34.52481,33.183952,27.13205,27.986855,22.9017,25.707071,19.999445,24.326859,19.602545,22.962107,20.899765,16.880198,20.727375,16.728304,13.141541,12.372754,13.456697,10.292146,14.310534,13.341886,17.143202,17.669441,21.709534,24.493156,29.215813,30.52076,33.636066,31.134188,31.477465,26.425512,27.790428,26.00828,21.905827,22.307632,21.47476,19.80886,19.67703,17.819727,17.508453,19.226416,18.102373,22.253717
14,23.128275,20.924839,17.16436,15.435216,13.848968,9.949499,10.155055,7.690429,5.6308393,8.022028,9.059202,11.204447,7.2998753,5.8546715,0.0,5.52246,6.696758,10.158631,11.975553,16.66741,18.78139,21.806578,24.27903,27.926487,29.189037,26.111773,22.089499,20.73807,16.973457,13.184541,13.275497,8.7817135,12.465925,11.278981,16.334562,18.865326,16.07303,17.773972,13.103259,15.054087,15.144416,15.551916,18.584993,19.292118,22.804888,23.308544,29.788319,31.411015,28.999187,30.637655,26.504099,26.892393,24.616858,26.477661,22.462946,26.111265,22.023773,22.488192,28.062527,28.974005,29.647596,25.136267,29.0681,26.956806,31.8349,29.89114,31.97029,33.960205,35.352703,32.73806,32.050137,25.873758,27.538565,22.712765,26.455736,21.265282,26.621752,22.760714,26.550495,25.109488,21.259672,25.58077,21.763813,17.642494,15.949756,15.783749,12.123376,14.539576,11.223849,14.646276,14.112754,18.315807,20.633856,25.25455,27.042994,29.61793,26.607918,26.929201,21.685488,23.615097,22.94206,18.89195,18.753397,17.70076,17.231428,17.35397,17.174551,16.965122,19.838415,19.593548,24.073864
15,24.316244,21.570816,18.699516,15.445896,14.310713,11.562374,10.463102,11.310536,7.9762154,11.830711,12.923344,13.334322,9.005874,7.146603,5.52246,0.0,4.568778,5.8123765,9.48421,12.938989,15.31641,18.378428,20.648726,24.09811,24.892248,21.662712,17.449188,16.320108,11.870281,9.112325,8.046421,6.086449,8.786191,10.678834,14.349704,17.89605,15.89303,16.49595,11.548257,11.975482,11.802536,10.885898,13.793345,14.009875,17.740973,18.144905,24.996305,26.492517,23.936676,25.370644,21.1162,21.834284,19.731375,21.21168,17.452183,21.47281,17.208282,17.230139,22.91734,23.668888,24.189373,19.819946,23.946987,22.115349,27.211494,25.623394,28.181114,29.967163,30.96925,28.268806,27.181438,21.01054,22.291105,17.453335,21.047825,15.927343,21.511316,18.041407,21.999146,21.083513,17.604774,22.50674,19.422247,14.863452,13.171606,11.541595,9.568528,10.074733,7.9306264,10.86968,10.860771,14.787107,17.445028,22.282616,23.396605,26.607935,24.276693,24.808731,20.005783,21.621447,19.643854,15.932132,17.232136,17.15122,16.073347,15.1011305,15.316791,13.226164,16.435837,15.487206,20.116104
16,20.508602,17.74974,14.8950615,11.566212,11.216572,8.603976,8.787516,10.4157095,9.290658,13.277516,15.372113,16.955143,12.696322,10.387639,6.696758,4.568778,0.0,4.8984337,5.426687,10.393375,12.126236,15.305865,17.587608,21.301458,22.70691,19.558683,15.875195,14.220715,11.295004,7.533428,9.394698,7.0995946,11.978866,12.999981,16.981068,20.483671,17.688976,17.99334,11.904321,13.380297,11.50251,12.108129,13.091733,13.882218,16.83619,17.526552,23.417362,25.316935,23.360214,24.876295,21.09679,20.95326,19.031387,21.723558,18.394934,22.69016,19.225204,19.152557,25.219864,25.920671,25.82166,21.763512,25.396107,23.258152,28.40843,25.869617,28.97453,30.205729,31.502836,28.537447,27.797918,21.665274,23.24349,18.907936,22.797974,18.285192,24.252056,21.179977,25.108929,24.28007,21.408016,26.575108,23.749872,19.223688,17.654968,15.499443,13.9285555,13.25064,9.959283,11.642858,10.015538,13.735853,15.451079,20.4859,21.501331,24.480146,21.70953,22.662611,17.89304,20.562376,19.461506,16.260319,17.575497,17.574753,17.689161,16.69678,18.348473,15.942861,19.828045,19.08373,23.737995
17,21.644165,18.523962,16.805845,12.348311,11.82977,10.824987,9.078078,12.995421,10.766735,15.236365,17.53935,18.30815,14.590238,12.953983,10.158631,5.8123765,4.8984337,0.0,6.2274184,7.2442503,10.209567,12.871126,15.593376,18.6579,19.36691,16.56122,12.037249,11.652302,7.221312,7.4024105,7.6423464,9.382872,12.1128645,15.480642,18.278814,22.303493,20.373558,20.1287,14.475179,14.403738,12.504137,11.235207,11.267241,10.626569,13.632003,13.450764,20.002062,21.312044,18.933393,20.888731,17.388035,17.946045,16.813028,18.92658,16.381998,21.204472,17.42235,16.373737,22.268585,22.319605,21.649864,17.40723,20.6368,18.390245,23.547485,21.084713,24.350554,25.511229,26.663265,23.701607,22.906658,16.76868,18.488085,14.2660055,18.5049,14.519069,20.82798,18.767555,22.856691,22.871134,20.128061,25.403162,23.102026,18.368977,16.405577,13.126836,12.634951,9.830265,6.9865103,7.395441,6.1732097,9.573052,11.888061,16.896679,17.666409,21.031593,18.936983,19.766253,15.424472,17.39705,15.223628,12.3343,14.762842,15.5913315,15.312628,13.50915,15.872181,12.232438,16.509848,15.790319,20.337189
18,18.582134,15.606541,13.755049,9.614712,10.9332485,9.989785,10.747219,14.019529,14.007168,18.072153,20.631687,22.340384,18.065426,15.5393915,11.975553,9.48421,5.426687,6.2274184,0.0,6.8778405,7.1756573,10.549323,12.488841,16.416874,18.329546,15.213578,12.445271,10.156749,9.597139,6.2801523,10.529075,10.200438,15.150437,16.756416,19.987602,23.7136,20.8085,20.293709,13.762996,15.120034,11.566127,12.874729,11.098789,12.215321,13.913987,14.934648,19.452457,21.797964,20.62624,21.988352,18.885672,17.816198,16.377817,20.21704,17.816067,22.381746,19.912027,19.47617,25.673393,26.211388,25.358953,21.967,25.028927,22.865519,28.009916,24.747858,28.698572,29.118513,30.431387,27.186941,26.577341,20.779875,22.311775,18.822807,22.658035,19.133026,25.251637,22.940603,26.736414,26.309334,24.32577,29.823633,27.658596,23.131248,21.751509,18.671259,18.284225,15.952388,12.933041,12.834018,10.089905,12.52193,12.92876,18.056814,18.271627,21.360249,18.662457,20.33779,16.297085,19.855795,18.93268,16.856657,18.96577,19.58938,20.427536,18.926418,21.829987,18.38721,22.727068,21.802654,26.319622
19,19.510815,16.179695,16.249058,10.996768,12.07185,13.3144865,12.097153,17.56465,16.815166,21.211695,24.20527,25.385708,21.804382,19.99254,16.66741,12.938989,10.393375,7.2442503,6.8778405,0.0,4.2759676,5.752025,9.237165,11.734042,12.759884,10.72947,6.6392856,7.2648635,6.330555,9.62977,11.888936,15.011618,17.990608,21.617071,23.8526,28.041727,25.97306,25.026176,19.008574,18.89163,15.494617,14.788756,11.235339,10.147306,10.728347,10.0330105,14.575178,15.969532,14.555734,16.979073,15.094779,14.704161,15.067993,18.385944,17.635695,22.753216,20.21627,18.422352,24.08593,23.558338,21.481613,18.17649,19.907858,17.390461,22.228336,18.385056,22.809212,22.700768,24.035814,20.70072,20.405706,14.983205,17.021065,14.534465,18.81243,16.82636,23.104418,22.486181,26.311962,27.028324,25.297537,30.75538,29.20535,24.55582,22.704357,18.60129,19.199667,14.752614,12.258842,9.896034,7.011772,7.074015,6.8888254,11.997769,11.605467,15.20226,13.430121,15.199921,12.2336,15.235385,13.437766,12.715843,16.094002,17.78939,18.701576,16.413204,20.583733,16.099659,20.735197,20.157309,24.203016
20,19.790257,16.632278,16.835577,11.994703,14.144239,15.2437105,15.136447,20.01327,19.859253,24.16284,27.024673,28.354677,24.302746,21.968367,18.78139,15.31641,12.126236,10.209567,7.1756573,4.2759676,0.0,3.8030622,5.6411214,9.251129,11.309199,8.634786,7.0369015,5.267446,8.277382,9.534703,13.271104,15.892077,19.468103,22.543745,24.587515,28.66324,26.305412,24.976362,18.847042,19.069601,14.887762,15.302557,10.520209,10.637744,10.019859,10.632361,13.083824,15.540217,15.286362,16.727057,15.087188,13.352924,13.5671215,18.01329,17.531658,22.347721,20.815914,19.427698,25.144032,25.03558,22.99187,20.535156,22.416191,20.340775,25.138353,21.263926,26.162146,25.531206,26.665491,23.213394,22.726044,17.794743,19.192139,17.228735,20.797955,19.071379,25.001707,24.20893,27.749626,28.236712,27.157904,32.77189,31.493774,27.000456,25.618116,21.507847,22.500315,18.276394,16.17276,14.101854,11.222856,11.064043,9.815007,14.3719425,12.963398,16.53137,14.827006,17.291054,14.998583,18.639334,17.193327,16.909218,20.216259,21.81,22.914648,20.683506,24.702005,20.0714,24.580729,23.55627,27.573858
21,19.546759,16.431877,17.70572,12.863143,15.074107,17.11903,16.659262,22.133276,22.164976,26.440712,29.630318,31.048233,27.3288,25.258463,21.806578,18.378428,15.305865,12.871126,10.549323,5.752025,3.8030622,0.0,4.684768,6.5239086,8.666958,7.6317396,6.581711,7.039852,10.232112,13.200918,16.376423,19.522964,22.766241,26.188211,28.133078,32.285885,30.05129,28.688597,22.626207,22.652855,18.539225,18.540096,13.394516,12.731538,11.209937,10.822753,11.782254,13.667241,13.852865,15.977693,15.623259,13.991936,15.345014,19.572048,19.96656,24.820229,23.411924,21.532618,26.84497,26.212395,23.475477,21.22803,22.084631,19.770565,24.073057,19.554771,24.648966,23.484093,24.804226,21.341585,21.340288,17.057447,18.827414,17.761564,21.42805,20.640942,26.47152,26.459894,29.953241,30.878021,29.868458,35.40438,34.28267,29.75297,28.13324,23.797855,24.868736,20.099213,17.895544,15.079391,12.127809,10.660684,8.226025,11.844733,9.849178,13.232187,11.935956,14.730276,13.528876,17.169636,16.040758,16.730286,20.165321,22.081303,23.565052,21.230682,25.903158,21.215506,25.78757,25.115166,28.848894
22,22.727934,19.826298,20.870064,16.414623,19.009708,20.536049,20.56361,25.53892,25.493488,29.802605,32.631866,33.806458,29.633152,27.144157,24.27903,20.648726,17.587608,15.593376,12.488841,9.237165,5.6411214,4.684768,0.0,4.598649,7.6087346,5.268246,7.806538,6.048621,11.765973,13.610771,17.232153,20.462751,23.608912,26.907532,28.259808,32.319756,30.13826,28.27315,22.54132,22.432138,17.947735,18.493017,12.488932,12.679748,10.03795,11.031944,9.614636,12.835741,14.205276,14.777006,14.569281,11.648799,12.97838,17.944757,18.813526,23.173761,22.836851,21.28871,26.393211,26.18574,23.605314,22.353333,23.571243,21.97066,26.30721,22.34977,27.84486,26.34645,27.140818,23.651917,23.07689,19.289074,20.07064,19.424654,22.140194,21.643635,26.9085,26.837904,29.926844,30.734894,30.50902,36.10775,35.449295,31.167677,30.080296,25.648294,27.420383,22.679018,21.28835,18.724459,16.126354,14.859609,12.730101,15.982319,13.024577,16.587076,15.92097,18.942616,18.17148,21.731604,20.112082,20.897203,24.610699,26.542608,27.71918,25.235334,29.476976,24.361414,28.693918,27.390799,31.012281
23,24.438124,21.618233,23.49953,19.00467,21.417496,23.603535,23.131037,28.650356,28.500753,32.842415,35.880344,36.95311,33.087288,30.869019,27.926487,24.09811,21.301458,18.6579,16.416874,11.734042,9.251129,6.5239086,4.598649,0.0,3.9486682,5.1412354,8.534297,9.177786,14.095154,17.61696,20.492083,24.465508,27.067278,30.929577,32.03393,36.217663,34.312756,32.371582,26.808498,26.305147,22.03994,21.909248,15.791324,15.045334,11.743999,11.543763,7.807332,10.119428,12.360345,13.446489,14.967143,12.475871,15.163606,19.40561,21.300291,25.612265,25.369965,23.256378,27.723598,26.904858,23.576418,22.766445,22.838554,21.230827,24.871717,20.57328,26.258942,24.104816,24.848244,21.445938,21.22451,18.506035,19.38445,19.88202,22.419327,23.064754,28.010906,28.885258,31.839437,33.194557,33.112453,38.57097,38.192783,33.92768,32.64805,27.953276,29.989042,24.655453,23.470734,20.271858,17.908247,15.588856,12.912205,14.736395,10.826072,14.162607,14.634131,17.739115,18.302874,21.364109,19.671572,21.444626,25.384869,27.678143,28.974392,26.316147,31.000036,25.72347,29.962162,28.904549,32.11007
24,27.168894,24.22274,26.139576,21.334223,23.266596,25.498238,24.370953,30.180918,29.420599,33.83952,36.747746,37.373367,33.724846,31.749014,29.189037,24.892248,22.70691,19.36691,18.329546,12.759884,11.309199,8.666958,7.6087346,3.9486682,0.0,4.8614154,7.751151,10.007221,13.837215,18.808268,20.656528,25.553816,27.276413,31.86669,32.498478,36.811558,35.384686,33.33192,28.138088,26.992216,23.150066,22.114344,16.140043,14.499241,10.955873,9.761493,5.243778,6.304314,8.851801,10.268963,12.833776,11.213751,14.806976,18.02165,20.641424,24.92425,24.571283,21.968142,25.819654,24.528242,20.751385,20.337545,19.772352,18.436966,21.712372,17.769825,23.626167,21.236195,21.579918,18.241156,17.805975,15.805945,16.379925,17.69829,19.853554,21.376537,25.899317,27.535965,30.321957,32.159157,32.23199,37.488785,37.456596,33.315,31.999327,27.099573,29.63521,23.83847,23.368017,19.840618,18.130371,15.276988,13.050776,14.25296,9.673165,13.559396,15.169159,17.877287,18.905746,21.033783,18.408411,20.674416,25.05337,27.666685,28.541037,25.613335,30.200008,24.61274,28.548151,27.447851,30.223003
25,27.104034,24.03392,25.075037,20.198439,22.192787,23.644484,22.8232,28.112226,27.11229,31.578955,34.091805,34.52547,30.47922,28.19647,26.111773,21.662712,19.558683,16.56122,15.213578,10.72947,8.634786,7.6317396,5.268246,5.1412354,4.8614154,0.0,5.6852517,5.7025895,10.688863,14.641779,16.724365,21.50486,23.250256,27.651875,28.079405,32.32276,30.8899,28.684298,23.64994,22.450933,18.525465,17.753681,11.542133,10.546578,6.791386,7.2538414,4.5749254,8.060265,9.65287,9.533295,10.024807,7.4406953,10.286376,14.267791,16.350147,20.623526,20.473778,18.33305,22.696287,22.106924,19.121992,18.657207,19.559517,18.592638,22.74324,19.588713,25.37176,23.686777,23.80176,20.377369,19.167147,16.037327,15.982142,16.2045,18.121668,18.68367,23.306887,24.139936,26.907871,28.316202,28.57702,33.977932,33.94913,29.896887,28.957123,24.164528,26.918653,21.511293,21.407495,18.476587,16.845087,14.976566,13.547823,16.319313,12.461663,16.846155,17.499529,20.168915,19.902725,22.35159,19.317825,20.58119,25.024866,27.38398,27.853088,24.931564,28.861488,23.108273,27.00224,25.341198,28.440216
26,25.09604,21.811478,22.546423,17.312334,18.50221,19.924583,18.312159,23.881475,22.375853,26.857943,29.434345,29.752962,26.12799,24.301815,22.089499,17.449188,15.875195,12.037249,12.445271,6.6392856,7.0369015,6.581711,7.806538,8.534297,7.751151,5.6852517,0.0,5.2039595,6.169519,12.322689,13.333023,18.558458,19.944748,24.808365,25.641401,30.03675,28.74376,27.03496,21.829853,20.477758,17.164585,15.39752,10.349377,7.934224,6.2694488,4.3486066,8.383318,9.517507,8.360956,10.431583,9.582815,9.428065,11.494793,14.252391,15.363294,20.33559,18.640678,16.063614,20.84966,19.838717,16.902075,14.935529,15.975688,14.282051,18.919752,15.6649,21.071491,20.138016,20.590218,17.128021,16.088675,11.67091,12.5763035,11.759001,14.961087,14.857694,20.328382,21.101395,24.40788,25.935455,25.27186,30.624762,30.135967,25.830536,24.387054,19.583033,21.931099,16.305798,16.008036,12.862099,11.559832,9.681803,9.238494,12.757085,9.962569,14.736159,15.024882,17.041544,15.938148,17.797054,14.227822,15.05661,19.619265,22.027685,22.236938,19.265865,23.233578,17.568596,21.634184,20.379625,23.664932
27,25.05544,21.885017,21.89101,17.015087,18.781094,19.375492,18.789272,23.467188,22.300121,26.732727,28.968119,29.418127,25.12253,22.655634,20.73807,16.320108,14.220715,11.652302,10.156749,7.2648635,5.267446,7.039852,6.048621,9.177786,10.007221,5.7025895,5.2039595,0.0,6.5277815,8.94572,11.554367,15.83075,18.030226,22.060041,22.873905,27.094736,25.42398,23.451033,18.13111,17.205055,13.203238,12.746029,6.7796793,6.695344,4.964005,6.912332,9.5708275,12.61318,12.465948,12.525799,10.266367,8.19031,8.46432,12.937474,13.132475,17.839102,16.921797,15.3861685,20.783829,20.862549,18.937754,17.407852,19.783058,18.614683,23.557446,20.767382,26.047865,25.308962,25.644894,22.211714,20.802952,16.216871,16.368269,14.763361,17.248869,15.997573,21.29327,20.8368,23.983082,24.734612,24.481682,30.072477,29.541761,25.364813,24.50954,20.029795,22.369272,17.664394,17.337286,15.238451,13.543908,13.08817,12.668522,16.905653,14.404925,18.83045,18.298037,20.664999,18.866304,21.58883,18.621277,18.57622,22.68549,24.60853,24.817335,22.124693,25.448376,19.974113,23.976458,22.129148,25.792751
28,25.577517,22.25872,21.717527,16.623085,17.068478,17.225529,15.412442,20.127064,17.755867,22.220928,24.209007,24.090652,20.282766,18.456963,16.973457,11.870281,11.295004,7.221312,9.597139,6.330555,8.277382,10.232112,11.765973,14.095154,13.837215,10.688863,6.169519,6.5277815,0.0,7.855016,7.385497,13.021524,13.900807,19.007128,19.907713,24.325367,23.201757,21.77611,16.787464,15.163208,12.635721,10.073404,7.069478,4.4324155,6.8078184,6.3370357,13.35988,14.666545,12.400712,13.719086,10.287769,11.114573,10.951248,12.853472,11.942196,17.158278,14.249769,12.134593,17.767826,17.42312,15.903587,12.773541,15.819292,14.326544,19.680183,17.643364,22.119225,22.413986,22.7713,19.57308,18.004059,12.345993,12.957521,9.728258,13.265775,10.8391905,16.960976,16.386375,20.096659,21.074692,19.775042,25.238775,24.329668,19.921848,18.564945,13.954287,16.2406,11.165987,11.450845,9.556441,9.142206,9.53419,11.18615,15.770295,14.570345,19.036541,18.437838,19.835648,17.129421,18.666431,14.737308,13.706603,17.947083,19.86581,19.222158,16.397549,19.1366,13.541027,17.486847,15.763937,19.623304
29,24.850918,21.87143,19.923847,15.864017,16.803028,15.300874,15.348214,17.939924,16.335459,20.400246,21.773077,22.14073,17.278444,14.301793,13.184541,9.112325,7.533428,7.4024105,6.2801523,9.62977,9.534703,13.200918,13.610771,17.61696,18.808268,14.641779,12.322689,8.94572,7.855016,0.0,5.6692696,6.9754004,10.610272,13.3243265,15.102545,19.130573,16.931698,15.575688,9.674342,9.635265,5.9255013,6.871457,5.9251113,8.211753,10.840218,12.996067,18.175858,20.870762,19.55211,19.608242,15.356708,14.444736,11.82496,15.111797,11.935377,16.23505,13.972097,14.13895,20.37452,21.612055,21.602493,18.876066,23.05684,21.879751,27.304913,25.355616,29.536636,30.07579,30.590897,27.40522,25.805622,20.102161,20.360207,16.610771,19.272186,15.277446,20.732237,17.853151,21.325438,20.65162,19.395163,25.024744,23.511333,19.325054,18.826578,15.5413065,16.75795,14.405458,13.82548,14.117365,12.9071245,15.129399,16.336212,21.49119,20.758888,24.742582,22.990889,24.689018,21.03734,23.72714,21.164314,19.085854,22.056883,22.979433,22.57937,20.599749,22.263203,17.943136,21.570307,19.457962,23.787775
30,28.585274,25.490232,23.549562,19.272575,19.260447,17.647984,16.425148,18.955063,15.764007,19.749073,20.424946,19.5448,15.042025,12.725205,13.275497,8.046421,9.394698,7.6423464,10.529075,11.888936,13.271104,16.376423,17.232153,20.492083,20.656528,16.724365,13.333023,11.554367,7.385497,5.6692696,0.0,7.015212,6.6426125,11.980509,12.552314,16.965355,16.087988,14.793491,10.562566,8.278042,7.508702,3.8359,6.8557634,7.069372,11.207921,12.493997,19.292055,21.13473,18.840124,18.931822,14.011949,14.804952,12.306921,13.228848,9.470061,13.868854,9.978807,9.830097,15.9504385,17.127567,17.813736,14.651013,19.578548,18.867321,24.278227,23.545624,27.176981,28.299519,28.389835,25.519484,23.424019,17.68338,17.453697,13.019075,15.262259,10.375538,15.69047,12.520507,16.266224,15.871309,14.137126,19.7711,18.435713,14.189919,13.744556,10.138357,12.487308,10.005577,11.537686,12.343853,12.824883,15.136999,17.504879,22.374235,21.807236,26.056839,24.888851,26.036678,22.364996,23.835009,20.122028,17.687054,20.937937,22.006273,20.461945,18.245234,18.746874,14.102713,16.985752,14.291286,18.491348
31,27.147823,24.493559,21.386393,18.37872,18.290995,15.295975,15.518966,15.689718,13.352404,16.537361,16.655022,16.61547,11.347382,7.9010177,8.7817135,6.086449,7.0995946,9.382872,10.200438,15.011618,15.892077,19.522964,20.462751,24.465508,25.553816,21.50486,18.558458,15.83075,13.021524,6.9754004,7.015212,0.0,6.4084506,6.691198,10.062074,13.638125,11.107229,11.010185,5.5095468,6.6270757,6.580659,7.6284966,11.535379,13.416804,16.995098,18.762606,24.817526,27.170189,25.239323,25.415894,20.600891,20.48751,17.311367,19.185207,14.672421,17.864557,14.585195,15.888069,21.703444,23.494478,24.704908,21.380228,26.279776,25.190264,30.546425,29.320179,32.56006,33.942844,34.50262,31.620897,29.9477,23.968922,24.269249,19.651062,22.134382,16.866035,21.676584,17.274157,20.67532,18.90029,16.536386,21.677097,19.172005,15.240022,15.102535,13.624885,13.412348,13.979888,13.546174,15.80918,15.486095,18.88107,20.9648,26.104076,26.286564,29.966576,27.79774,28.92719,24.461493,26.65946,24.331633,21.137842,23.03531,23.142967,22.070654,20.837408,20.74801,17.94037,20.694218,18.60097,23.009392
32,32.473145,29.63544,26.852478,23.380863,22.805439,20.138773,19.160324,19.673103,15.823377,18.747892,17.870161,15.906581,11.265101,9.022638,12.465925,8.786191,11.978866,12.1128645,15.150437,17.990608,19.468103,22.766241,23.608912,27.067278,27.276413,23.250256,19.944748,18.030226,13.900807,10.610272,6.6426125,6.4084506,0.0,6.8998566,6.790872,11.028931,10.9846,10.454314,8.674514,5.8552184,9.0338,6.303106,12.471335,13.260484,17.409328,18.793222,25.634333,27.422096,24.89813,24.695868,19.421865,20.496569,17.333971,17.129406,12.293553,14.780886,10.327563,11.9437065,16.899048,18.956297,21.168837,18.014645,23.574259,23.262661,28.405275,28.57016,31.382181,33.167065,33.123913,30.59025,28.297089,22.66971,22.172604,17.362797,18.779894,13.050956,16.66498,11.559029,14.81051,12.907435,10.130944,15.319426,13.197289,9.415643,10.178187,9.017672,10.598699,11.640617,13.89423,16.320602,17.471853,20.495268,23.311483,28.131735,28.072685,32.136303,30.710745,31.526546,27.34404,28.457014,24.894558,21.702116,24.055538,24.456362,22.175076,20.626268,19.128963,16.022066,17.491087,14.477839,18.368784
33,32.542027,30.154951,26.523514,24.232038,23.743189,20.149302,20.460077,18.91773,16.160978,17.959743,16.282116,15.12538,10.063352,6.8735337,11.278981,10.678834,12.999981,15.480642,16.756416,21.617071,22.543745,26.188211,26.907532,30.929577,31.86669,27.651875,24.808365,22.060041,19.007128,13.3243265,11.980509,6.691198,6.8998566,0.0,5.679619,7.7697506,5.3293853,6.9577327,6.1228685,7.091843,10.4130945,11.225405,16.776941,18.712315,22.500961,24.404118,30.623663,32.945255,30.818695,30.562897,25.339136,25.546326,21.876608,22.701756,17.578518,19.19662,15.952243,18.358122,23.1411,25.622562,27.978739,24.877855,30.327322,29.716135,34.898518,34.534626,37.253975,39.093113,39.40351,36.772465,34.778057,28.942911,28.800522,23.967594,25.64227,19.940062,23.348742,17.846535,20.474703,17.5319,14.924785,18.986298,16.020744,13.316334,14.4019785,15.003076,14.401459,17.25544,17.819927,20.894428,21.27353,24.869932,27.318583,32.36257,32.69491,36.397945,34.24293,35.14889,30.476654,32.260647,29.769135,26.187582,27.598581,27.283045,25.538956,24.751017,23.0474,21.309221,22.835985,20.443922,24.333944
34,37.13913,34.538513,31.273607,28.424627,28.109688,24.907598,24.72965,24.013332,20.6793,22.737349,20.827066,18.574774,14.053706,11.602472,16.334562,14.349704,16.981068,18.278814,19.987602,23.8526,24.587515,28.133078,28.259808,32.03393,32.498478,28.079405,25.641401,22.873905,19.907713,15.102545,12.552314,10.062074,6.790872,5.679619,0.0,4.4616075,5.867317,5.0602236,8.2434025,6.008405,10.897832,10.435083,16.597492,18.43512,22.14615,24.302359,30.364622,32.652195,30.53744,29.488058,23.996859,24.498606,20.579008,20.255142,15.024056,15.327595,12.473507,15.669518,19.469095,22.57773,25.715982,23.475534,29.349232,29.53043,34.5895,35.123726,37.982197,39.747993,39.482826,36.980804,34.397694,29.025055,28.000551,23.458055,23.93465,18.451553,20.44545,14.538951,16.289705,12.757522,11.293214,15.119571,13.356991,11.709886,14.136409,14.62968,15.956344,18.18644,20.422195,23.064606,23.991291,27.091364,29.671055,34.622757,34.34053,38.48414,36.935177,37.94581,33.67636,35.08775,31.673761,28.450117,30.563799,30.683344,28.381727,27.125189,24.99837,22.499413,23.32289,20.061026,23.308895
35,40.19028,37.77784,34.195393,31.810219,31.433487,27.91257,28.04631,26.498598,23.392094,24.780237,22.224892,19.833439,15.812242,13.699674,18.865326,17.89605,20.483671,22.303493,23.7136,28.041727,28.66324,32.285885,32.319756,36.217663,36.811558,32.32276,30.03675,27.094736,24.325367,19.130573,16.965355,13.638125,11.028931,7.7697506,4.4616075,0.0,4.833564,5.426002,10.936625,9.938175,14.565494,14.809062,20.807657,22.841679,26.457289,28.731617,34.629196,37.02378,34.96665,33.772224,28.258953,28.636063,24.557526,24.175606,18.983032,18.47889,16.24293,19.690857,22.84788,26.195118,29.687147,27.597351,33.521503,33.79244,38.763268,39.45689,42.13077,44.039375,43.76177,41.328106,38.714283,33.38303,32.309948,27.763582,28.04604,22.595713,23.99718,17.95685,19.051996,15.008732,13.800482,16.264166,14.402252,14.011258,16.818468,18.271416,19.033646,22.10441,24.187754,27.122889,28.03713,31.307121,33.891956,38.874043,38.71065,42.785393,41.077305,42.05589,37.623608,39.07782,35.854786,32.456024,34.23241,34.08416,31.725847,30.76319,28.155916,26.284767,26.735172,23.588537,26.536915
