,0,1,2,3,4,5,6,7,8,9,10,11,12,13,14,15,16,17,18,19,20,21,22,23,24,25,26,27,28,29,30,31,32,33,34,35,36,37,38,39,40,41,42,43,44,45,46,47,48,49,50,51,52,53,54,55,56,57,58,59,60,61,62,63,64,65,66,67,68,69,70,71,72,73,74,75,76,77,78,79,80,81,82,83,84,85,86,87,88,89,90,91,92,93,94,95,96,97,98,99,100,101,102,103,104,105,106,107,108,109,110,111
0,0.0,4.3791656,6.3893228,9.923009,12.184279,15.128394,17.998423,21.536423,24.962233,27.137917,31.48841,29.865324,26.17943,25.913221,20.901867,22.520048,17.854963,19.349607,18.22277,18.920132,21.873415,19.73159,25.083574,27.323122,27.102842,29.088087,28.079563,30.336058,26.608597,29.709627,28.542051,31.875061,35.353912,35.553833,38.964993,39.684425,43.485683,43.929165,40.6894,37.475975,40.312775,36.74238,35.16037,34.638035,32.422436,32.408695,28.602312,30.70801,27.46603,29.26563,28.517803,28.546452,30.280855,27.710754,22.97783,23.67277,22.623907,25.527023,23.993614,26.682137,25.049103,31.429815,31.4356,34.32642,38.375534,37.34365,41.05711,41.622467,43.710075,41.80243,37.07438,39.146244,35.355762,38.727264,35.97933,33.47144,35.587063,34.94259,35.624584,38.047684,35.26541,32.06889,30.860485,28.090029,27.560938,24.953917,24.525028,21.286112,19.654947,20.450935,18.398571,21.007961,20.009867,17.804379,14.557986,12.479394,10.86689,13.110929,16.597185,15.479648,21.02816,19.397987,24.653652,25.520494,26.267885,29.7764,28.655516,33.33565,31.391224,35.875565,36.553986,40.592094
1,4.3791656,0.0,5.3446555,6.4323745,9.001365,12.423244,14.733553,19.031717,21.82214,24.518782,28.441631,27.186008,23.776707,23.008503,18.049965,18.964943,14.072618,15.255796,13.923161,14.582634,17.591282,15.77657,21.136232,23.33255,23.617554,25.35409,24.767172,26.649946,22.925495,25.730358,24.8047,27.773926,31.648024,31.617182,35.191895,36.00984,39.660526,40.06487,36.66713,33.35659,36.41095,32.726646,31.404097,30.866722,28.932404,29.013613,25.418333,27.814436,24.8024,27.02273,26.363966,27.074465,28.965183,27.018045,21.973738,23.046694,21.104637,24.24059,22.927643,24.888744,22.676834,29.066874,28.612457,31.310144,35.11091,33.876465,37.573658,37.958187,39.84199,37.889774,33.086666,34.962715,31.116816,34.38803,31.621836,29.09378,31.247988,30.6737,31.462137,33.96679,31.340006,28.001696,27.01134,24.052574,23.402729,20.671022,20.333698,17.007523,15.676153,16.728413,15.275043,18.264877,17.694178,15.576254,12.2357435,9.704024,7.445589,9.539687,13.235479,12.897108,18.079716,17.41065,22.288816,23.946676,25.321117,28.178196,26.668905,31.17041,28.55023,33.1288,33.418186,37.497597
2,6.3893228,5.3446555,0.0,5.30437,6.7071095,9.080846,12.2595,15.193304,18.881824,20.822193,25.299437,23.616467,19.94242,19.9203,14.892433,16.947166,12.970699,14.80387,15.162247,16.394293,20.137909,19.420595,24.52062,26.174198,26.813566,27.79681,26.587893,28.05564,23.10101,25.978626,24.033024,27.462559,29.918785,30.289738,33.4615,33.981133,37.971634,38.538494,35.594307,32.691486,35.31574,32.395435,30.513443,30.87593,28.148127,29.147837,25.647646,28.451675,25.818903,27.959167,28.10519,28.233946,30.846317,28.381744,23.515789,23.718172,21.445375,23.965769,21.65502,23.834719,21.858147,28.30856,27.594595,30.82506,34.125507,33.745094,37.249447,38.131977,40.104713,38.81921,34.290833,36.266743,32.14681,35.931526,32.35161,30.449064,32.141613,30.94807,31.541807,33.580013,30.752403,27.775444,25.760813,23.396215,22.955864,21.125118,20.346876,18.493307,17.113953,19.057608,17.822334,20.84071,21.067503,19.625662,16.35878,13.533109,10.535654,10.640573,13.3499,11.44722,16.420399,14.7346115,19.287315,20.33574,20.974337,24.239119,23.129147,27.429724,25.69769,30.14568,30.797575,34.975853
3,9.923009,6.4323745,5.30437,0.0,3.8439643,6.2693434,9.003585,12.992769,15.640862,18.530056,22.146114,20.853981,17.583294,16.614668,11.68836,12.63622,8.015771,9.910282,9.93977,11.787126,15.542121,15.568121,20.503199,22.163776,23.714682,24.331497,23.949745,24.738596,19.806831,22.005453,20.428457,23.029116,26.039658,25.798517,29.366026,29.891008,33.67952,34.318577,31.076218,28.050293,31.218023,28.217117,26.83275,27.307468,25.070063,26.330517,23.265846,26.498493,24.268896,26.967224,27.152536,28.22233,30.857975,29.244053,24.139252,24.883211,21.66836,24.442108,22.543592,23.661238,20.876762,27.189966,25.732576,28.62399,31.420986,30.738773,34.180794,34.746464,36.31886,34.959675,30.30396,31.825905,27.58028,31.021502,27.300217,25.298857,26.873966,25.724133,26.33445,28.498756,25.766008,22.636963,21.00297,18.369411,18.008732,15.87427,15.656669,13.991483,13.488259,15.956141,15.858381,19.257696,19.946495,18.57179,15.466413,12.488321,9.121812,8.438137,11.06258,10.57101,14.455454,14.4981575,18.080826,20.383472,21.831957,24.050173,22.39559,26.21299,23.4608,28.03569,27.975346,32.287075
4,12.184279,9.001365,6.7071095,3.8439643,0.0,5.3147974,5.8221393,10.568059,12.984844,15.657819,19.690903,18.915737,15.909653,15.276864,10.421591,11.177235,7.8266435,8.596477,10.745946,11.578837,15.822591,16.548492,20.883598,21.813631,23.229248,23.257263,22.19027,22.808039,17.19197,19.692833,17.525276,20.846159,23.301008,23.796747,26.910618,27.680391,31.559126,31.954662,29.000095,26.081404,28.612875,25.78185,23.934528,24.644718,21.933605,23.507954,20.46239,23.866856,21.916344,24.572672,25.295776,26.141592,29.231838,27.551397,22.595043,22.95325,19.290228,21.728092,19.527409,20.40174,17.613108,23.872763,22.301374,25.415487,28.110077,27.811651,31.183638,32.052658,33.824852,32.831963,28.437365,30.29955,26.042316,30.153662,26.233187,24.838717,26.504515,25.135437,26.017548,27.924963,25.487623,22.36402,20.03312,17.612455,16.654142,15.520294,13.9486,13.14312,12.089681,14.998408,14.945106,18.196703,19.574623,18.909094,16.045698,13.012236,9.488488,7.174665,8.581401,7.349319,10.850667,10.814335,14.24514,16.64672,18.412954,20.365189,18.61415,22.593704,19.861126,24.434671,24.632706,28.851694
5,15.128394,12.423244,9.080846,6.2693434,5.3147974,0.0,6.058292,7.0724607,10.598138,12.946734,16.658962,14.818611,11.364389,10.870608,5.8307076,8.43822,6.2485785,9.24351,11.67202,14.308193,18.286053,19.748909,23.968351,24.98329,27.282911,26.907621,26.327398,26.207304,20.075241,21.697287,19.01183,21.432,22.482138,22.301395,25.50151,25.473953,29.60457,30.594599,27.864439,25.468695,28.377573,26.57686,24.822298,26.681759,23.798183,26.458342,23.976448,27.793953,26.339224,29.120312,30.160183,31.055365,34.33718,32.64741,27.775536,27.90757,24.08779,26.180178,23.50242,24.162424,21.342314,27.265596,25.021118,28.260038,29.90068,30.197498,33.22522,34.21405,35.57267,35.06892,30.82912,32.099583,27.573755,31.272415,26.485142,25.35264,26.081182,24.099625,24.349792,25.814533,22.879457,20.377146,17.420084,15.78112,15.992312,15.273034,14.965056,15.800125,15.873281,19.24012,19.847532,23.167397,24.667477,23.879255,20.987616,17.964666,14.457017,12.260224,13.150288,11.753984,13.679913,13.627354,15.328222,17.619436,18.477942,20.299088,18.888783,21.734861,19.641485,23.990505,23.867228,28.40212
6,17.998423,14.733553,12.2595,9.003585,5.8221393,6.058292,0.0,6.7373724,7.4501457,10.552046,14.235187,14.320234,12.18806,11.35613,7.511423,7.051291,6.84307,6.298506,11.158993,11.818122,16.036081,18.29837,21.506735,21.550848,23.732409,22.60821,21.515446,21.024723,14.407001,16.210825,13.14072,16.390884,17.685123,18.541712,21.299662,22.100534,26.058834,26.41113,23.756401,21.155073,23.32056,21.199177,19.095242,20.85577,17.766441,20.57636,18.310846,22.333214,21.371632,24.270197,25.788073,26.921968,30.51021,29.286715,24.624817,24.738396,20.196756,22.059881,19.660707,19.361975,16.15725,21.72878,19.132673,22.291159,23.865345,24.19942,27.211279,28.323496,29.864983,29.56912,25.586084,27.26919,22.850851,27.367086,22.737148,22.27892,23.521906,21.63956,22.630781,24.04334,21.949867,19.067863,15.803569,13.930224,12.613226,13.133516,10.554587,12.308665,11.918032,15.636009,16.685589,19.714258,22.045584,22.110308,19.74726,16.89379,13.600057,10.054755,9.142098,8.280393,8.134884,9.649018,10.446602,13.94103,16.26259,16.839537,14.707339,17.873055,14.588097,19.147806,18.985817,23.331581
7,21.536423,19.031717,15.193304,12.992769,10.568059,7.0724607,6.7373724,0.0,5.3848433,6.032365,10.478705,8.843594,5.987661,6.982739,4.4837413,7.430721,9.948094,11.451196,15.93451,17.911716,21.856068,24.403395,27.633207,27.703655,30.298325,28.877241,27.773775,26.828823,19.804516,20.930918,17.050415,19.6125,18.039988,18.725546,20.881983,20.56357,25.003565,26.037754,24.188698,22.615757,24.512053,24.104256,21.713402,24.963697,21.332972,25.346905,23.611917,27.773355,27.245827,29.931181,31.897999,32.563896,36.46322,34.82717,30.406616,29.936367,25.576132,26.810452,23.59561,23.511986,20.853645,25.841084,22.875982,26.34704,26.691578,28.169353,30.622744,32.17294,33.439945,33.969597,30.456089,31.726706,27.202965,31.463427,25.94095,26.077112,26.226511,23.540895,23.77643,24.32164,21.765272,19.979053,15.431084,15.179148,15.241878,16.698273,15.261803,18.392567,18.531376,22.325127,23.382921,26.352215,28.678982,28.655035,26.116417,23.164213,19.722391,16.481323,15.666879,13.791588,13.02115,13.071029,11.85624,14.109972,14.654952,15.291089,14.085353,15.570028,14.283063,18.156103,18.15143,22.725681
8,24.962233,21.82214,18.881824,15.640862,12.984844,10.598138,7.4501457,5.3848433,0.0,4.621577,6.785669,7.7967906,7.6019588,6.752239,6.845617,5.769807,10.366822,10.157382,15.3671465,16.703398,20.196154,23.586615,25.827036,25.285187,28.374102,26.253382,25.488087,23.723143,16.734453,16.940264,12.968763,14.795003,12.715967,13.508397,15.594706,15.622822,19.950773,20.774956,18.872715,17.358128,19.17584,19.080095,16.875874,20.682537,17.341373,21.949423,21.004469,25.40547,25.573868,28.508167,30.710293,31.980621,35.911892,34.98878,30.703794,30.51066,25.58121,26.740688,24.056934,22.859703,19.726444,23.91599,20.189917,23.195086,22.66402,24.162039,26.327654,27.754963,28.680708,29.508991,26.289862,27.286007,22.811998,27.163183,21.42947,22.237122,22.25174,19.430967,19.99905,20.313023,18.419577,16.604597,11.716767,11.747592,11.191817,13.967981,11.891349,16.422972,17.112925,21.038233,22.897541,25.663929,28.47968,28.866081,26.764372,24.029076,20.858587,17.19514,15.519576,14.792965,12.069259,13.999524,11.1197405,14.755713,16.569624,15.437883,13.47091,14.05057,10.984259,14.834851,13.827178,18.511753
9,27.137917,24.518782,20.822193,18.530056,15.657819,12.946734,10.552046,6.032365,4.621577,0.0,5.9145646,6.443357,6.767535,8.219903,9.200644,10.002699,14.36071,14.550174,19.762444,21.025293,24.672916,27.905022,30.222443,29.522978,32.282562,30.050615,28.664478,27.008417,19.774443,20.284384,15.757868,18.15429,14.148121,15.911695,16.754194,16.397243,20.912037,21.779081,20.8414,20.073463,20.787449,21.668158,18.834892,23.185768,19.185385,24.197262,23.315516,27.574947,27.913546,30.491201,33.101894,33.761154,37.992825,36.643433,32.667324,31.911623,27.17807,27.765436,24.511553,23.542942,21.02906,24.783518,21.192188,24.55026,23.581501,26.011923,27.836542,29.788134,30.900944,32.3109,29.556166,30.784815,26.479292,31.09492,25.2772,26.507872,26.312374,23.278212,23.669205,23.464725,21.61857,20.397942,15.062199,15.87501,15.505718,18.5548,16.232452,20.727297,20.944899,24.787363,26.237198,28.824604,31.721659,32.275578,30.109886,27.318325,24.072441,20.342232,18.489767,16.844717,14.006107,14.665433,10.801469,13.171457,13.955487,12.58206,11.371249,10.823058,9.945759,13.031757,12.922295,17.425726
10,31.48841,28.441631,25.299437,22.146114,19.690903,16.658962,14.235187,10.478705,6.785669,5.9145646,0.0,5.0545177,8.424772,8.156074,11.60952,10.768602,16.14244,16.099447,20.903688,22.474054,25.405441,29.296858,30.8948,29.99515,33.55509,30.853483,30.31146,27.790796,21.078526,20.202969,16.190332,16.523094,11.057339,11.61105,12.256106,10.961103,15.541964,16.995117,16.326788,16.378103,17.508808,19.646362,17.622927,22.809128,19.61855,25.16261,25.205301,29.609058,30.515244,33.36773,35.971737,37.28768,41.391315,40.66445,36.67561,36.282246,31.217896,31.907074,29.120455,27.42369,24.5283,27.545094,23.2782,25.934563,23.667599,26.088911,27.361448,28.997623,29.32332,31.122461,28.728659,29.10838,24.899738,28.81945,22.546387,24.389473,23.333193,19.911507,19.984255,19.06123,17.616095,17.215748,11.583512,13.656845,13.922108,17.764894,16.361938,21.832993,22.994482,26.869215,29.093388,31.666193,34.721123,35.291695,33.343193,30.678562,27.574396,23.876328,21.934929,21.251837,17.728054,19.612844,15.228523,18.242355,19.40296,17.042053,15.615089,13.429537,11.505105,13.486458,11.548896,15.975986
11,29.865324,27.186008,23.616467,20.853981,18.915737,14.818611,14.320234,8.843594,7.7967906,6.443357,5.0545177,0.0,4.229133,5.209992,9.337199,10.495632,15.343245,16.71835,20.919258,23.455145,26.604158,30.086641,32.448265,32.169903,35.74542,33.563858,33.147285,31.06145,24.220402,23.763674,19.869461,20.363085,15.923729,15.528131,16.915506,14.999109,19.501429,21.47855,20.572645,20.472525,22.354685,24.11232,22.231155,27.03269,23.782724,28.990234,28.476135,32.886337,33.26928,36.118618,38.460907,39.545406,43.583138,42.425312,38.189087,37.73686,32.984253,33.87754,30.739704,29.786037,27.016071,30.789806,26.895817,29.87974,28.22999,30.457516,32.013844,33.58367,33.987244,35.437363,32.630737,32.93287,28.517256,32.038006,25.67505,26.814846,25.535719,22.057856,21.526,20.745073,18.35195,18.220774,12.719986,14.786288,16.108543,18.906876,18.601065,23.421692,24.627022,28.575304,30.49408,33.37223,36.040054,36.16033,33.845837,30.996492,27.663824,24.32357,23.0838,21.911882,19.583767,20.586792,17.179798,19.500956,19.628368,18.50871,17.638596,15.950042,15.290912,17.555954,16.304445,20.706568
12,26.17943,23.776707,19.94242,17.583294,15.909653,11.364389,12.18806,5.987661,7.6019588,6.767535,8.424772,4.229133,0.0,3.9986594,6.2789516,9.302291,13.093648,15.288487,19.164745,22.033339,25.492758,28.461864,31.46356,31.606253,34.883514,33.19939,32.657272,31.12242,24.201624,24.38581,20.56039,21.732687,18.591944,18.240282,20.212818,18.694183,23.196795,25.016846,23.634869,22.927221,25.146181,26.018923,24.0295,28.20206,24.819527,29.517477,28.389896,32.717613,32.5757,35.37256,37.44832,38.309948,42.241173,40.743702,36.341442,35.878616,31.430712,32.539127,29.251087,28.913685,26.23656,30.708382,27.262045,30.52246,29.765177,31.65231,33.632305,35.156403,35.87135,36.855103,33.617596,34.193096,29.636621,33.225163,27.09539,27.575586,26.690414,23.47051,22.956919,22.753641,19.886671,19.229168,14.178592,15.360609,16.723906,18.594994,18.479368,22.458162,23.386597,27.287725,28.79949,31.839827,34.18488,34.020004,31.465996,28.516993,25.071085,22.013575,21.294092,19.740395,18.478022,18.814344,16.547623,18.523827,18.275803,18.31025,17.572838,17.111742,16.645538,19.585865,18.928812,23.477184
13,25.913221,23.008503,19.9203,16.614668,15.276864,10.870608,11.35613,6.982739,6.752239,8.219903,8.156074,5.209992,3.9986594,0.0,5.0403786,6.3629518,10.634898,12.804109,16.285072,19.461143,22.542269,25.778942,28.536839,28.77704,32.490646,30.784277,30.887777,29.07905,22.550188,22.194239,18.932346,19.173306,16.982042,15.600294,18.396578,16.903978,21.214048,23.149971,21.176443,20.179966,23.252335,23.793428,22.42432,26.404451,23.641062,28.180077,27.25317,31.664816,31.57104,34.63757,36.457966,37.869133,41.572693,40.524277,35.947308,35.929462,31.27022,32.728485,29.90518,29.206757,26.089075,30.590935,26.906523,29.791563,28.989603,30.319273,32.36048,33.478386,33.87899,34.571175,31.144852,31.320244,26.716124,29.83838,23.67111,23.943712,22.891983,19.696732,19.095953,19.0955,16.110209,15.291801,10.445498,11.531275,13.367644,15.036666,15.735043,19.857552,21.391096,25.296732,27.270742,30.398678,32.714905,32.440205,30.004333,27.148773,23.820547,20.863123,20.259247,19.528625,18.127102,19.457695,17.382778,20.259779,20.85556,20.526209,19.21964,18.983644,17.123074,20.334532,18.906815,23.556955
14,20.901867,18.049965,14.892433,11.68836,10.421591,5.8307076,7.511423,4.4837413,6.845617,9.200644,11.60952,9.337199,6.2789516,5.0403786,0.0,4.984704,6.9866953,9.86159,13.224931,16.347559,19.909008,22.495304,25.911179,26.489193,29.65417,28.495993,28.30983,27.207495,20.701982,21.241453,18.139385,19.467712,18.932291,18.17697,21.268879,20.584131,24.838488,26.276161,23.861652,22.089333,25.142769,24.488235,22.897377,25.93298,23.051516,26.816727,25.175158,29.404078,28.72364,31.708975,33.21526,34.428215,37.97753,36.6631,31.938747,31.986322,27.622906,29.359282,26.56827,26.419018,23.36332,28.563898,25.452946,28.55136,28.88119,29.7367,32.276894,33.344486,34.206337,34.33315,30.474653,31.168133,26.520926,29.975946,24.371735,23.952133,23.765265,21.119604,20.960003,21.759844,18.740337,16.944973,12.994296,12.500049,13.55369,14.093301,14.347357,17.212645,18.204205,21.994165,23.464596,26.708511,28.72269,28.244398,25.61851,22.680435,19.259642,16.519808,16.431553,15.450208,15.261684,16.110172,15.535567,18.298906,19.048994,19.69734,18.28112,19.5722,17.50047,21.419579,20.633434,25.325794
15,22.520048,18.964943,16.947166,12.63622,11.177235,8.43822,7.051291,7.430721,5.769807,10.002699,10.768602,10.495632,9.302291,6.3629518,4.984704,0.0,5.466908,6.505132,10.475117,13.150671,16.303064,19.624565,22.26911,22.498745,26.154917,24.598873,24.966583,23.316078,17.164446,16.96334,14.394079,14.808502,15.366384,14.093935,17.746244,17.56081,21.474371,22.66024,19.732351,17.549683,21.104792,20.029781,18.98628,21.862364,19.630985,23.351074,22.174383,26.51871,26.19371,29.463627,30.91185,32.793713,36.201153,35.576195,30.85724,31.337227,26.549707,28.46172,26.304968,25.349962,21.798843,26.597305,23.073612,25.643883,25.710907,26.068241,28.572176,29.276308,29.84512,29.817461,25.922535,26.330925,21.668756,25.01705,19.399035,19.097467,19.036066,16.489923,16.746038,17.814442,15.282065,12.899667,9.217136,7.9901576,8.5723505,9.553889,9.807683,13.50151,15.195333,19.0691,21.298557,24.450645,26.760366,26.526434,24.288347,21.571844,18.443897,15.44304,14.846252,15.1315155,13.853876,16.309307,15.233713,19.10008,20.99883,20.643612,18.56099,19.764347,16.120987,20.131376,18.557323,23.176926
16,17.854963,14.072618,12.970699,8.015771,7.8266435,6.2485785,6.84307,9.948094,10.366822,14.36071,16.14244,15.343245,13.093648,10.634898,6.9866953,5.466908,0.0,4.604544,6.2830124,9.897813,13.267059,15.622699,19.264236,20.34682,23.634882,23.021395,23.674227,22.86098,17.46553,17.999376,16.371874,17.216814,19.797037,18.45441,22.47129,22.628935,26.266783,27.25994,23.86576,21.070679,24.98669,22.71878,21.950645,23.520786,21.709873,24.206215,22.29773,26.28328,25.16665,28.436922,29.180422,31.14405,34.09182,33.37497,28.365572,29.254383,24.923618,27.415663,25.606203,25.275255,21.729212,27.248482,24.43756,26.944096,28.207792,27.735992,30.724104,31.090748,31.900673,31.0254,26.562895,27.167976,22.594849,25.593891,20.864344,19.353668,20.048275,18.329315,18.700624,20.61192,17.88051,14.866378,13.00694,10.471757,10.816855,9.175985,10.303086,11.323888,12.88309,16.385626,18.215618,21.639832,23.294744,22.476425,19.982786,17.234394,14.114974,11.942081,12.665986,13.376857,14.08326,16.184322,17.1237,20.735912,22.684225,23.310072,21.223724,23.592136,19.910753,24.28221,23.096746,27.603832
17,19.349607,15.255796,14.80387,9.910282,8.596477,9.24351,6.298506,11.451196,10.157382,14.550174,16.099447,16.71835,15.288487,12.804109,9.86159,6.505132,4.604544,0.0,5.7284236,6.7827625,10.436819,13.500099,16.28955,16.648043,19.906797,18.821922,19.371117,18.312477,12.964375,13.4933605,12.231556,13.372087,17.149857,16.43877,20.294132,21.269655,24.599405,24.99108,21.440615,18.215425,21.776756,18.790855,18.06407,19.088137,17.56121,19.73804,17.978214,22.001827,21.142647,24.558235,25.41261,27.741934,30.714104,30.473856,25.601475,26.680075,21.969831,24.464273,23.157595,22.16068,18.317522,23.49548,20.565125,22.742186,24.177061,23.324106,26.40857,26.650757,27.575474,26.569006,22.098242,23.019337,18.503942,22.12498,17.76178,16.53337,18.00193,16.646275,17.841818,19.927666,18.049833,14.527542,12.910128,9.803435,8.285208,7.2165313,6.0554523,7.353343,8.958982,12.714513,15.083882,18.305641,20.476686,20.229664,18.202215,15.684192,12.905485,10.043157,9.735615,11.552626,11.151764,14.500127,15.182578,19.438969,22.319824,22.242432,19.70009,22.341343,17.694502,22.115847,20.799824,25.028542
18,18.22277,13.923161,15.162247,9.93977,10.745946,11.67202,11.158993,15.93451,15.3671465,19.762444,20.903688,20.919258,19.164745,16.285072,13.224931,10.475117,6.2830124,5.7284236,0.0,5.3271813,7.5169034,9.76569,13.405579,15.145152,18.765951,18.732767,20.599493,19.95319,16.370852,16.5634,16.753714,16.704416,21.772215,19.94318,24.407341,25.170044,28.08414,28.694809,24.64535,21.17271,25.672428,22.146484,22.335415,22.472872,21.95852,23.13911,21.266533,24.799355,23.43096,26.898878,26.844551,29.658714,31.892544,31.955702,26.872005,28.618427,24.436323,27.493298,26.737675,26.084661,22.263243,27.569735,25.051693,26.769855,28.636587,26.939249,30.151552,29.772812,30.386564,28.559774,23.65761,23.990704,19.730135,21.928541,18.423815,15.754431,17.393744,16.865784,17.76378,20.556438,18.428236,14.677868,15.051671,11.382268,10.950399,7.024911,9.318467,7.4586735,10.085723,12.72664,15.179934,18.550314,19.771646,18.632132,16.569334,14.368281,12.151007,11.076826,12.420222,14.909605,15.931333,18.96038,20.606415,24.636929,27.333467,27.730171,25.260033,28.043966,23.385311,27.767153,26.217154,30.3697
19,18.920132,14.582634,16.394293,11.787126,11.578837,14.308193,11.818122,17.911716,16.703398,21.025293,22.474054,23.455145,22.033339,19.461143,16.347559,13.150671,9.897813,6.7827625,5.3271813,0.0,4.3915124,6.9473767,9.81178,10.780088,13.811695,13.694834,15.319671,15.014825,12.233487,13.036585,14.068459,14.865463,21.163452,20.384346,24.358965,25.987806,28.610018,28.49158,24.45668,20.59298,24.298317,19.780266,19.883615,18.80237,18.682014,18.785482,16.712526,19.90914,18.446814,21.965237,21.752106,24.917295,27.012901,27.532337,22.598076,24.64682,20.338825,23.516638,23.469017,22.398422,18.49814,23.49556,21.350456,22.663128,25.263536,22.94688,26.403385,25.874334,26.870386,24.633192,19.622225,20.705383,16.76836,19.838125,17.399628,14.947545,17.841404,17.933939,19.723345,22.585123,21.32167,17.291515,17.622206,13.815577,11.645787,8.708912,7.7997518,2.854811,5.1619105,7.5041666,10.493033,13.650952,15.290072,14.787013,13.318789,11.512843,9.998073,8.622715,9.258593,12.93723,13.600961,17.276796,19.267107,23.475727,26.91469,26.97516,24.222715,27.559864,22.352522,26.702097,25.381464,29.087187
20,21.873415,17.591282,20.137909,15.542121,15.822591,18.286053,16.036081,21.856068,20.196154,24.672916,25.405441,26.604158,25.492758,22.542269,19.909008,16.303064,13.267059,10.436819,7.5169034,4.3915124,0.0,4.8134117,6.060861,7.7801933,11.898336,12.10299,15.409944,14.792866,14.021296,13.840702,16.19133,15.610562,22.921764,21.473488,25.677164,27.411772,29.463753,29.268244,24.906107,20.867476,25.071526,20.134869,21.17633,19.418564,20.449963,19.906958,18.373243,21.12774,19.841711,23.40076,22.660982,26.516327,28.01766,29.257032,24.507793,27.064228,22.948772,26.256516,26.805525,25.41312,21.478994,25.864433,23.72336,24.328176,26.789389,23.749096,27.076296,25.906137,26.4468,23.591888,18.424265,18.840834,15.341369,17.20724,15.875554,12.576989,15.969978,16.960365,18.923971,22.156384,21.336813,17.231714,18.881165,14.920736,12.902237,9.286004,9.791635,4.8006525,7.859903,8.501884,12.0409,14.639635,15.860973,15.186794,14.419,13.408786,12.871842,12.397294,13.0880165,17.070358,17.447065,21.41352,23.17622,27.548635,31.157331,30.946642,28.079456,31.171091,25.580967,29.712963,27.965704,31.423368
21,19.73159,15.77657,19.420595,15.568121,16.548492,19.748909,18.29837,24.403395,23.586615,27.905022,29.296858,30.086641,28.461864,25.778942,22.495304,19.624565,15.622699,13.500099,9.76569,6.9473767,4.8134117,0.0,5.5838103,8.91979,11.072172,13.072401,16.108196,16.824093,16.863445,17.61441,19.908476,20.13262,27.385588,26.197018,30.341759,32.07333,34.241447,34.01826,29.694231,25.639248,29.618374,24.446474,25.239468,22.897343,23.815338,22.44041,20.272808,22.346,20.26794,23.486994,21.955116,25.677145,26.547842,27.680243,22.878284,25.818409,22.486942,26.140448,27.02923,26.279558,22.712753,27.405907,26.056063,26.711828,30.02946,26.734652,30.276619,29.07703,29.951323,26.66855,21.484829,22.301027,19.317486,20.922312,20.415913,16.836046,20.30153,21.52009,23.291296,26.627604,25.559975,21.514153,23.202356,19.234158,17.487156,13.635955,14.083276,8.327691,9.485325,8.568223,10.758916,13.215255,13.214023,11.67317,10.9831915,10.582338,11.042563,12.144475,13.906478,17.765104,19.46184,22.699696,25.543789,29.462915,32.91297,33.328056,30.600979,34.274693,29.003637,33.2866,31.94918,35.399445
22,25.083574,21.136232,24.52062,20.503199,20.883598,23.968351,21.506735,27.633207,25.827036,30.222443,30.8948,32.448265,31.46356,28.536839,25.911179,22.26911,19.264236,16.28955,13.405579,9.81178,6.060861,5.5838103,0.0,4.2595863,7.772035,9.357416,14.087908,14.088924,16.247992,16.0623,19.592049,18.868498,26.977282,25.764479,29.675333,31.852413,33.344868,32.702354,28.292063,24.127296,27.941536,22.290356,23.847988,20.664667,22.774347,20.702877,19.375284,21.006268,19.591703,22.862757,21.217482,25.758253,26.286985,28.448715,24.16415,27.379108,23.834978,27.283384,28.823887,27.233982,23.566862,27.167131,25.667778,25.426346,28.464952,24.44775,27.752743,25.93514,26.438643,22.620886,17.52582,17.993326,15.8066845,16.770245,17.796333,14.241184,18.398363,20.397795,22.691393,26.060646,25.875164,21.845732,24.160393,20.265314,17.960924,14.716069,14.688239,9.5488205,11.093953,9.391472,12.498849,13.880054,14.402502,13.8773155,14.406117,14.674172,15.562226,15.989032,16.640253,20.94458,21.410446,25.395779,27.488234,31.763084,35.707516,35.38653,32.417843,35.7631,29.909182,33.820267,32.09914,35.051117
23,27.323122,23.33255,26.174198,22.163776,21.813631,24.98329,21.550848,27.703655,25.285187,29.522978,29.99515,32.169903,31.606253,28.77704,26.489193,22.498745,20.34682,16.648043,15.145152,10.780088,7.7801933,8.91979,4.2595863,0.0,5.845557,5.5204735,10.90194,10.19781,13.485093,12.991567,17.0967,16.409386,24.75217,24.1298,27.550772,30.170233,31.40051,30.320429,26.094444,21.912466,25.056122,19.08543,20.728527,16.963743,19.58051,17.083345,16.27205,17.749495,16.94246,20.279175,19.012342,23.852032,24.604052,27.19306,23.264929,26.34622,22.44402,25.571203,27.37342,25.154915,21.462753,24.280813,22.664675,21.94232,24.866104,20.554604,23.777113,21.811779,22.382109,18.465456,13.399016,14.340687,12.492165,14.373478,15.914984,13.238934,17.795876,19.797745,22.549747,25.655985,26.015987,22.02539,23.96129,20.268442,17.260435,15.0998955,13.6712475,9.373276,10.49866,8.701622,12.286097,13.057622,14.54588,15.096812,16.00395,16.249016,17.020182,16.617373,16.266973,20.691229,20.165577,24.568804,26.080172,30.48715,34.77679,33.916744,30.823595,34.010963,27.897795,31.513527,29.758516,32.306644
24,27.102842,23.617554,26.813566,23.714682,23.229248,27.282911,23.732409,30.298325,28.374102,32.282562,33.55509,35.74542,34.883514,32.490646,29.65417,26.154917,23.634882,19.906797,18.765951,13.811695,11.898336,11.072172,7.772035,5.845557,0.0,4.658937,8.207135,10.009738,14.613708,15.6554365,19.424599,20.308167,28.297157,28.642584,31.580992,34.503845,35.887787,34.46323,30.558905,26.422443,28.583088,22.363468,23.275139,18.595,20.890196,16.963797,15.413343,15.514679,13.917024,16.657518,14.449285,19.47696,19.480713,22.50991,19.033821,22.517527,19.399075,22.601954,25.211971,23.268396,20.193007,22.664164,22.25714,21.33716,25.547531,20.942533,24.395136,22.600245,24.000168,19.804554,15.263431,17.563286,16.546398,19.164227,21.196947,18.960615,23.556358,25.43233,28.234531,31.2517,31.52671,27.488789,28.884161,25.198029,21.918825,20.011316,17.55366,12.705643,11.819764,8.392304,10.18929,9.44852,10.4473,11.775181,13.726595,14.865722,16.617264,16.8043,16.489878,20.74097,20.861942,24.644754,26.995592,30.86286,35.26538,34.726456,31.733683,35.60093,29.790419,33.374805,32.28688,34.520596
25,29.088087,25.35409,27.79681,24.331497,23.257263,26.907621,22.60821,28.877241,26.253382,30.050615,30.853483,33.563858,33.19939,30.784277,28.495993,24.598873,23.021395,18.821922,18.732767,13.694834,12.10299,13.072401,9.357416,5.5204735,4.658937,0.0,6.090567,5.819666,11.413035,11.740465,15.966348,16.54398,24.53107,25.18459,27.73806,30.914186,32.050995,30.365316,26.632456,22.579012,24.285915,17.990149,19.060884,14.150754,16.969301,13.105898,12.44148,12.983744,12.574236,15.685409,14.601925,19.707281,20.507515,23.611296,20.329344,23.301956,19.400185,22.123722,24.52854,21.798704,18.454395,20.196722,19.12753,17.798292,21.406548,16.658163,19.988806,18.082666,19.38799,15.3397,10.704288,13.412658,12.449087,15.978169,17.909563,16.539124,21.138536,22.854223,25.918135,28.640574,29.339306,25.435638,26.547226,23.140322,19.460741,18.490051,15.245412,11.7349615,11.184164,8.801817,11.612528,11.087556,13.425694,15.285392,16.77293,17.270058,18.268946,17.375566,16.088182,20.338032,19.170755,23.532516,24.887587,29.047935,33.683205,32.485188,29.36629,32.764977,26.673826,29.944078,28.619772,30.567862
26,28.079563,24.767172,26.587893,23.949745,22.19027,26.327398,21.515446,27.773775,25.488087,28.664478,30.31146,33.147285,32.657272,30.887777,28.30983,24.966583,23.674227,19.371117,20.599493,15.319671,15.409944,16.108196,14.087908,10.90194,8.207135,6.090567,0.0,4.816328,9.343752,11.797132,14.704578,17.523191,24.281237,26.309198,28.115343,31.522953,33.072777,31.103403,27.976032,24.17591,24.550875,18.5359,18.15686,13.057602,14.529373,9.645989,7.7753105,7.323857,6.5204344,9.65202,9.252881,14.076766,15.616265,18.454988,15.536774,18.066492,14.038611,16.380198,19.14226,16.233519,13.360408,14.671298,14.572932,13.437851,18.412811,14.103154,17.804213,16.883259,19.424955,16.261354,12.551684,16.70473,15.582808,20.590996,21.529821,20.975473,25.289124,26.312233,29.361567,31.73568,32.223446,28.37453,28.321,25.176035,21.164463,21.0162,16.316238,13.394026,11.007567,8.742989,9.870712,8.323619,11.722439,14.686319,16.133858,16.49673,17.39485,15.98339,13.902132,17.527851,16.180637,19.977905,21.59857,25.188295,29.950987,28.808643,25.823433,29.742685,24.134905,27.27475,26.80665,28.456858
27,30.336058,26.649946,28.05564,24.738596,22.808039,26.207304,21.024723,26.828823,23.723143,27.008417,27.790796,31.06145,31.12242,29.07905,27.207495,23.316078,22.86098,18.312477,19.95319,15.014825,14.792866,16.824093,14.088924,10.19781,10.009738,5.819666,4.816328,0.0,7.365115,7.993309,11.854959,13.535094,20.608946,22.450783,24.12338,27.671118,28.844038,26.749367,23.59306,19.831131,20.187557,14.011553,14.25996,8.914659,11.587648,7.32616,7.530204,8.634432,9.792375,13.047207,13.641838,18.173342,20.095432,22.862345,19.946865,22.079739,17.490467,19.427855,21.549372,18.005104,14.63859,15.357905,13.781639,12.129635,15.6279545,10.9721775,14.499794,13.154885,15.174481,12.110797,8.042139,12.237786,11.034541,16.52108,17.345575,17.464409,21.62802,22.624132,25.831896,27.989069,28.912607,25.25048,25.306334,22.417074,18.247114,18.76704,13.984514,12.4993925,11.359354,10.357802,12.93713,12.392086,15.859824,18.370586,19.418396,19.323404,19.601444,17.564425,15.068757,18.782785,16.188063,20.770945,21.113665,25.257757,30.120249,28.275948,25.120512,28.239351,22.133455,24.994377,23.877737,25.392109
28,26.608597,22.925495,23.10101,19.806831,17.19197,20.075241,14.407001,19.804516,16.734453,19.774443,21.078526,24.220402,24.201624,22.550188,20.701982,17.164446,17.46553,12.964375,16.370852,12.233487,14.021296,16.863445,16.247992,13.485093,14.613708,11.413035,9.343752,7.365115,0.0,4.8200645,5.4885817,9.9202795,15.444418,17.980703,19.609556,22.814447,24.93272,23.283012,20.404518,16.87702,17.16376,12.077144,10.511815,8.090945,7.2201104,6.8557425,5.668997,9.879478,10.716385,14.20316,16.09147,19.081827,22.320509,23.460024,19.859877,20.980276,15.591944,17.265266,17.762547,14.406157,10.332524,12.870438,9.896877,10.545458,13.366627,11.147132,14.787729,15.094204,17.252474,16.160488,12.449808,15.779371,12.655405,18.885273,16.941334,17.539324,20.778164,20.530209,23.339268,25.094074,25.347153,21.840862,20.474567,17.94138,13.734447,15.2403,9.189341,9.810491,8.305308,9.90042,12.351697,13.29201,17.141369,19.211645,19.029078,17.817396,16.7968,13.532595,10.17074,13.152415,9.372121,14.376914,14.022461,18.494385,23.245535,21.391289,18.198723,21.357502,15.330484,18.764017,17.940294,20.279596
29,29.709627,25.730358,25.978626,22.005453,19.692833,21.697287,16.210825,20.930918,16.940264,20.284384,20.202969,23.763674,24.38581,22.194239,21.241453,16.96334,17.999376,13.4933605,16.5634,13.036585,13.840702,17.61441,16.0623,12.991567,15.6554365,11.740465,11.797132,7.993309,4.8200645,0.0,5.0424976,5.8095613,12.8771715,14.594211,16.433327,19.794823,21.326208,19.60591,16.356073,12.617332,13.522274,7.9038806,7.922665,5.9246125,7.3100085,8.324767,9.411631,13.164144,14.716911,18.180168,19.861092,23.36011,26.28467,27.909168,24.382809,25.70949,20.367483,21.98121,22.443834,18.881384,14.897784,16.516144,12.785154,12.527191,13.240067,10.708291,13.693715,13.27754,14.338499,13.383989,9.569185,11.874341,8.2905,14.658002,12.4274645,13.729123,16.771498,16.632273,19.671637,21.304316,22.14696,18.806374,17.994286,15.659588,11.326741,13.4482,8.0238285,10.259704,10.699642,12.441759,15.821283,16.898544,20.516483,22.288708,22.184254,21.011742,19.9389,16.822138,13.897714,17.011288,12.9584875,18.189926,16.783646,21.601051,26.190693,23.77544,20.536818,22.574259,16.065609,19.046856,17.112635,19.338827
30,28.542051,24.8047,24.033024,20.428457,17.525276,19.01183,13.14072,17.050415,12.968763,15.757868,16.190332,19.869461,20.56039,18.932346,18.139385,14.394079,16.371874,12.231556,16.753714,14.068459,16.19133,19.908476,19.592049,17.0967,19.424599,15.966348,14.704578,11.854959,5.4885817,5.0424976,0.0,6.4938517,10.051776,13.145671,14.377201,17.52065,19.880903,18.391878,15.8382,12.768668,12.768915,9.0899315,6.6322165,7.9287257,5.4863477,9.43132,9.824068,14.207871,15.671536,18.860012,21.268291,23.755568,27.365755,28.100273,24.526869,25.097027,19.582706,20.708443,20.161968,16.768974,12.88823,15.006341,10.6634445,11.917059,12.0376625,11.685411,14.422631,15.324478,16.80676,17.1208,14.125127,16.417116,12.7142725,18.886793,15.3094225,16.960838,19.117163,17.981897,20.54522,21.648605,21.971445,18.973892,16.663015,14.959253,10.854613,14.000145,7.9722276,11.772918,11.622289,14.336168,17.005972,18.452019,22.189486,23.908583,23.250986,21.563599,19.823254,16.070452,12.696318,14.6501045,9.612739,14.649715,12.1787195,17.067019,21.535326,18.893236,15.6701,17.577108,11.110868,14.431499,12.90117,15.680435
31,31.875061,27.773926,27.462559,23.029116,20.846159,21.432,16.390884,19.6125,14.795003,18.15429,16.523094,20.363085,21.732687,19.173306,19.467712,14.808502,17.216814,13.372087,16.704416,14.865463,15.610562,20.13262,18.868498,16.409386,20.308167,16.54398,17.523191,13.535094,9.9202795,5.8095613,6.4938517,0.0,8.519906,8.921783,11.278649,14.389151,15.81157,14.528373,10.874736,7.0504646,9.514725,5.598264,6.9029655,8.950461,9.778864,13.183562,14.743094,18.685326,20.374487,23.78554,25.62327,28.923319,32.01071,33.376774,29.671589,30.770472,25.323666,26.786442,26.528887,23.120659,19.174307,20.850975,16.41557,16.537203,15.054886,13.948254,15.803318,15.513182,15.289361,15.500482,12.473153,12.710697,8.508732,13.684086,9.163817,11.7298765,13.273806,12.205216,15.064364,16.111206,17.256079,14.445989,13.341896,11.825756,7.860162,11.545272,7.650751,12.445086,14.271042,16.815388,20.447805,22.063868,25.478535,26.77793,26.24897,24.704725,23.086187,19.80187,17.1911,19.75373,15.397604,20.471899,17.853283,22.829853,26.907759,24.07793,20.981995,21.652143,15.174268,17.766846,14.694239,17.31812
32,35.353912,31.648024,29.918785,26.039658,23.301008,22.482138,17.685123,18.039988,12.715967,14.148121,11.057339,15.923729,18.591944,16.982042,18.932291,15.366384,19.797037,17.149857,21.772215,21.163452,22.921764,27.385588,26.977282,24.75217,28.297157,24.53107,24.281237,20.608946,15.444418,12.8771715,10.051776,8.519906,0.0,6.1057334,4.635243,7.9317193,10.398758,9.29297,8.144572,7.720713,6.6646814,9.245031,7.735273,13.583982,11.825307,17.502232,19.234446,23.31176,25.408749,28.335789,31.084534,33.34824,37.15137,37.751705,34.317314,34.47611,28.986547,29.565397,28.191069,24.862457,21.578426,22.637589,17.697083,18.725943,15.023571,16.918255,17.520317,18.732052,18.52739,20.84967,19.406607,19.701077,16.24896,20.810678,15.41894,18.790487,18.5773,16.044773,17.750175,17.078508,18.021412,16.79069,13.2154,14.067289,11.750172,16.696592,13.417821,19.237116,20.502811,23.652832,26.646927,28.38504,31.997849,33.380417,32.406757,30.407005,28.148241,24.31502,21.388153,22.382708,17.23607,21.19914,16.494696,20.77782,24.051575,20.23797,17.660501,16.100756,10.59901,11.684477,7.548212,10.525196
33,35.553833,31.617182,30.289738,25.798517,23.796747,22.301395,18.541712,18.725546,13.508397,15.911695,11.61105,15.528131,18.240282,15.600294,18.17697,14.093935,18.45441,16.43877,19.94318,20.384346,21.473488,26.197018,25.764479,24.1298,28.642584,25.18459,26.309198,22.450783,17.980703,14.594211,13.145671,8.921783,6.1057334,0.0,5.144772,6.1228104,8.262091,8.975309,5.7028646,5.1406584,9.087201,11.150032,11.952176,16.730555,16.286253,21.19559,22.743382,26.910393,28.607449,31.900688,34.04867,36.85772,40.294815,41.10076,37.220158,37.859398,32.38174,33.55437,32.30231,29.293951,25.621485,27.462593,22.633242,23.44964,20.242859,21.006845,21.78383,22.069275,20.998526,22.547161,20.514181,19.444277,15.684082,18.496904,12.194373,15.342965,13.892985,10.794641,11.981675,10.9990425,12.142415,11.386194,8.521678,10.028557,9.080092,13.764204,12.885645,18.767742,21.178085,24.394293,27.881147,30.010662,33.248425,34.084442,32.979794,30.960318,28.67112,25.255846,23.049917,24.533651,20.231194,24.398481,20.500633,25.005573,27.943264,24.798168,22.296194,20.86525,15.727015,17.309137,13.176974,16.247293
34,38.964993,35.191895,33.4615,29.366026,26.910618,25.50151,21.299662,20.881983,15.594706,16.754194,12.256106,16.915506,20.212818,18.396578,21.268879,17.746244,22.47129,20.294132,24.407341,24.358965,25.677164,30.341759,29.675333,27.550772,31.580992,27.73806,28.115343,24.12338,19.609556,16.433327,14.377201,11.278649,4.635243,5.144772,0.0,4.2490964,5.7722964,5.2032347,5.036663,7.0290327,6.5450025,11.263538,11.182997,16.868555,15.95836,21.413893,23.506207,27.464647,29.707203,32.67312,35.33369,37.80099,41.500137,42.275555,38.823475,39.075817,33.577175,34.182003,32.811665,29.461813,26.197475,27.02317,22.054625,22.726841,18.327024,20.191116,20.168053,21.035063,19.973896,22.645193,21.67874,21.014973,17.917215,21.30189,15.668635,19.494452,18.265234,15.445622,16.66428,15.12604,16.65828,16.421751,13.184736,15.00183,13.691908,18.571712,16.59242,22.511179,24.315268,27.438293,30.689573,32.49162,36.021736,37.25955,36.285435,34.29035,32.00927,28.307346,25.610857,26.685293,21.722404,25.600653,20.799437,24.878235,27.755667,23.841673,21.544912,19.103703,14.471512,14.670593,10.186752,12.257765
35,39.684425,36.00984,33.981133,29.891008,27.680391,25.473953,22.100534,20.56357,15.622822,16.397243,10.961103,14.999109,18.694183,16.903978,20.584131,17.56081,22.628935,21.269655,25.170044,25.987806,27.411772,32.07333,31.852413,30.170233,34.503845,30.914186,31.522953,27.671118,22.814447,19.794823,17.52065,14.389151,7.9317193,6.1228104,4.2490964,0.0,4.5819955,6.802765,7.1659927,9.706332,10.670438,15.235194,15.217851,20.876072,19.725891,25.269732,27.029688,31.1489,33.126705,36.163822,38.74887,41.106167,44.860867,45.37043,41.697304,41.881767,36.422672,37.117077,35.38373,32.401173,29.144743,30.475992,25.548449,26.584856,22.342949,24.342142,24.397884,25.269255,24.102016,26.642916,25.442396,24.427162,21.130949,23.803762,17.715254,21.156956,19.11713,15.793298,16.12476,13.9252615,14.988478,15.683312,11.992168,14.794388,14.710507,19.347944,18.475246,24.495283,26.585144,29.950825,33.182434,35.282528,38.64726,39.581806,38.333828,36.15173,33.628227,30.00707,27.648388,28.419933,23.853489,27.336216,22.53834,26.353006,28.607185,24.978018,23.017769,20.050125,16.3748,16.553305,12.297898,14.733145
