,0,1,2,3,4,5,6,7,8,9,10,11,12,13,14,15,16,17,18,19,20,21,22,23,24,25,26,27,28,29,30,31,32,33,34,35,36,37,38,39,40,41,42,43,44,45,46,47,48,49,50,51,52,53,54,55,56,57,58,59,60,61,62,63,64,65,66,67,68,69,70,71,72,73,74,75,76,77,78,79,80,81,82,83,84,85,86,87,88,89,90,91,92,93,94,95,96,97,98,99,100,101,102,103,104,105,106,107,108,109,110
0,0.0,4.3653784,6.842005,9.958037,12.864628,15.531393,18.077375,23.039528,25.14601,27.693403,32.258755,31.194052,37.47555,33.325264,38.40789,38.272778,41.698982,43.17672,48.1684,48.391693,51.878788,53.383762,56.064972,52.40498,49.607723,49.00962,44.641243,44.114723,39.452106,42.532043,34.785965,40.46784,35.707375,39.628407,39.25243,40.004395,43.97032,42.545036,43.218555,42.879967,39.09824,40.33716,35.86055,36.054413,41.36262,37.71052,43.600628,42.888554,46.977894,45.034626,43.731655,39.849693,37.689053,35.292233,33.558144,35.516026,32.974564,29.723242,27.388437,25.289206,28.115696,32.12549,31.301453,34.68328,32.710136,32.24086,37.70416,38.954056,43.038834,43.632156,48.306557,47.25247,49.25225,45.904324,42.985126,40.413082,36.21695,34.229317,32.687664,29.846416,31.08961,28.75307,32.099926,33.558613,36.944733,38.818153,41.48349,43.74175,46.39694,49.96085,52.54414,55.76944,58.36766,59.590443,58.55182,57.049644,54.941307,54.79582,50.46171,50.61665,47.383156,46.309025,44.578354,41.88027,42.51699,45.040497,44.025578,45.859184,48.608204,48.748802,52.6268
1,4.3653784,0.0,4.8560762,6.2182045,8.769381,12.45997,13.923047,19.426378,21.267544,23.733467,28.392262,27.032494,33.35585,29.013742,34.07977,33.939262,37.353477,38.9161,43.877514,44.185726,47.682514,49.22718,51.92661,48.311035,45.546642,44.894394,40.47241,39.85369,35.164883,38.195805,30.423859,36.109455,31.433678,35.401928,35.111763,36.012592,39.94904,38.471085,39.009567,38.5885,34.850163,36.023636,31.553032,31.750551,37.10746,33.499474,39.44235,38.865154,43.005287,41.131287,39.90175,35.925266,34.024868,31.604424,29.951859,31.696247,28.996193,25.631905,23.63398,21.152296,23.83178,28.000034,27.5099,31.040623,29.272287,28.353064,33.85118,35.463833,39.301052,39.79552,44.543484,43.62656,45.469147,41.990322,39.23533,36.483315,32.48105,30.413998,28.68389,26.093487,27.014177,24.938066,28.211525,29.413858,32.735355,34.63139,37.187183,39.566235,42.171867,45.767395,48.38499,51.559998,54.24898,55.35814,54.294468,52.75657,50.634773,50.45341,46.114292,46.332176,43.09838,42.078396,40.385788,37.741833,38.47846,40.95822,40.181473,41.806644,44.710434,44.812176,48.821747
2,6.842005,4.8560762,0.0,5.1252704,7.590741,9.019477,12.606829,16.513498,19.194359,21.517088,26.045692,25.403366,31.630732,28.209953,33.46662,33.94271,37.51233,39.67147,44.59237,45.236534,48.83388,50.44204,53.262253,49.831467,47.16789,46.36628,41.788773,40.774784,35.98441,38.57978,30.381865,35.75364,30.389019,33.966145,33.4639,33.797626,37.87966,36.733345,37.569004,37.55214,34.008858,35.837646,31.34127,32.190598,37.799896,34.648994,40.66887,40.64897,44.855972,43.20639,42.116104,37.958473,36.62413,34.07712,32.709663,34.039486,30.982075,27.387896,26.154081,22.757812,24.718199,29.349833,29.30655,33.04344,31.151237,29.397057,35.28469,37.066357,40.4687,41.128628,46.01707,45.520557,47.23928,43.51228,41.313164,37.97173,34.458828,31.894533,29.591124,26.874458,27.160295,24.518188,27.12578,28.59669,32.236465,34.628548,37.02204,39.971523,42.8242,46.299126,49.162678,52.08845,54.972984,55.786358,54.89103,53.089386,51.13392,50.434586,46.066875,46.240894,42.397755,41.76814,39.51751,36.51278,37.567013,40.328777,39.83336,41.925873,44.89307,45.416126,49.43441
3,9.958037,6.2182045,5.1252704,0.0,3.7860317,6.7781253,8.53989,13.642443,15.213133,18.060799,22.409428,21.610891,27.643465,23.882786,29.020504,29.273455,32.92168,34.9121,40.046684,40.512012,44.251316,45.70807,48.651817,45.34584,42.60398,41.960136,37.265,36.348316,31.490736,34.25867,26.142925,31.587606,26.655025,30.14097,30.133396,30.614468,34.80697,33.69071,34.021355,33.726368,30.517794,32.008472,27.566404,28.179747,33.810875,30.45653,36.59543,36.36803,40.706528,38.852425,37.633827,33.428185,32.348545,29.55693,28.607187,29.929676,26.478256,22.944868,21.786493,18.135685,20.04547,24.52007,24.370329,28.14067,26.226713,24.292488,30.239021,32.04798,35.360027,36.052773,40.951836,40.54781,42.273113,38.526615,36.493362,32.98136,29.572216,26.85447,24.501625,21.762396,22.100147,19.551126,22.415611,23.868946,27.44201,29.679033,32.27025,34.98337,37.93601,41.345943,44.203438,47.165615,49.964546,50.89505,50.09013,48.323303,46.491684,45.82842,41.48575,41.457134,37.833904,36.947964,34.882915,32.03754,32.834896,35.49905,34.87556,36.88715,39.820522,40.306168,44.317104
4,12.864628,8.769381,7.590741,3.7860317,0.0,6.288372,5.2358623,11.052097,12.791792,14.975231,19.741077,18.331312,24.672085,20.723743,25.948692,26.378618,29.931381,32.22335,37.098255,37.86288,41.47912,43.12436,45.978153,42.664158,40.065254,39.201702,34.54215,33.37675,28.553308,31.064436,22.835926,28.227142,23.115164,26.801386,26.591766,27.30626,31.351934,30.080359,30.514132,30.25179,26.85883,28.475798,24.00778,24.83635,30.520416,27.454752,33.540405,33.737717,38.01207,36.47014,35.509205,31.236694,30.479973,27.918205,26.832945,27.693579,24.31972,20.592972,20.225786,15.999358,17.409748,22.322208,23.012222,26.941309,25.523378,22.836126,28.676634,31.149393,34.002686,34.45537,39.420933,39.1814,40.58902,36.66346,34.820114,31.167547,28.131075,25.443941,22.764477,20.680647,20.179914,18.20604,20.604427,21.448416,24.928488,27.340256,29.52259,32.6673,35.41227,38.929802,41.833828,44.673313,47.69411,48.33082,47.392155,45.550213,43.582962,42.85313,38.48273,38.750984,34.975426,34.39746,32.282578,29.432236,30.650726,33.285244,33.256622,34.868683,38.12317,38.532837,42.77778
5,15.531393,12.45997,9.019477,6.7781253,6.288372,0.0,7.352589,8.237866,10.959059,13.691826,17.530237,18.090158,23.65297,21.537195,26.756357,27.964819,31.771042,34.60871,39.60886,40.534027,44.389675,45.872646,48.984055,46.057686,43.504204,42.69405,37.842903,36.36987,31.489819,33.530758,25.061874,29.795729,24.053345,26.692623,26.573189,26.11344,30.56768,30.0594,30.624847,30.886974,28.261528,30.634348,26.342798,27.892977,33.715168,31.11962,37.20615,37.760433,42.123493,40.59131,39.583714,35.2262,35.093845,32.182255,31.77334,32.433266,28.51858,24.871298,24.95466,20.211369,20.767157,25.613987,26.196531,30.09217,28.151123,24.903414,31.16037,33.24741,35.69755,36.60264,41.59681,41.876312,43.343845,39.292614,38.212666,33.870697,31.399002,28.025082,24.85372,22.16755,21.324389,18.05441,19.541073,21.35446,25.316269,28.27412,30.553778,34.066288,37.351482,40.479603,43.6655,46.19324,49.240864,49.718914,49.2068,47.065456,45.55842,44.10545,39.798447,39.63978,35.166035,34.861637,31.97897,28.637024,29.90015,32.94362,32.82925,35.47329,38.472668,39.58864,43.56271
6,18.077375,13.923047,12.606829,8.53989,5.2358623,7.352589,0.0,7.391095,8.144618,10.057346,14.8561945,13.153362,19.46506,15.604674,20.877357,21.626543,25.246016,27.948647,32.756844,33.758263,37.436974,39.099937,42.042194,38.960854,36.47492,35.528088,30.761473,29.291567,24.43996,26.618359,18.215929,23.368292,18.160412,21.632973,21.662891,22.367989,26.478027,25.325712,25.49044,25.21495,22.181072,23.942368,19.560087,20.73073,26.528913,23.822006,29.90575,30.52605,34.8357,33.473984,32.67116,28.306082,28.332943,25.737198,25.121546,25.395,21.642218,17.87414,18.680628,13.539092,13.780843,18.983738,20.497295,24.520252,23.446362,19.634054,25.471884,28.494177,30.6263,31.011282,36.031853,36.2117,37.31706,33.171234,31.943546,27.790493,25.487276,22.496477,19.253277,17.74149,16.126766,14.529581,16.188087,16.569555,20.062952,22.75895,24.672613,28.251356,31.046013,34.485813,37.53325,40.162975,43.354744,43.72617,42.86719,40.8683,39.01611,37.986996,33.619625,33.89466,29.871817,29.521618,27.226929,24.325586,25.82899,28.491123,28.98396,30.451118,33.925915,34.470802,38.84427
7,23.039528,19.426378,16.513498,13.642443,11.052097,8.237866,7.391095,0.0,5.271402,5.8587437,9.923442,10.658696,16.069628,15.1436205,20.248386,22.389574,26.033781,29.757126,34.20375,35.76711,39.474857,41.14311,44.21214,41.633747,39.436172,38.30816,33.522728,31.418133,26.76642,27.871185,19.448244,23.25649,16.960787,18.992481,18.728146,17.90647,22.416536,22.186102,22.803875,23.430157,21.29011,24.332994,20.391867,22.83124,28.552542,26.963823,32.68035,34.214684,38.3922,37.447205,36.898167,32.538353,33.507065,30.887463,30.81435,30.465923,26.47428,22.879757,24.708858,19.127903,17.93424,22.996962,25.07183,28.968147,27.80102,22.943724,28.807665,31.898315,33.046818,33.69702,38.67063,39.59863,40.424686,36.063267,35.921337,31.015362,29.802608,26.24747,22.32894,20.891695,18.080376,15.681853,15.146486,15.937889,19.781355,23.371758,24.733816,29.275055,32.39522,35.382137,38.76796,40.799908,44.247307,44.044456,43.557747,41.11559,39.6948,37.65858,33.41953,33.54892,28.409801,28.926504,25.517296,21.93054,24.164486,27.29471,28.49055,30.753534,34.21029,35.53956,39.750317
8,25.14601,21.267544,19.194359,15.213133,12.791792,10.959059,8.144618,5.271402,0.0,5.024575,7.3791847,8.466344,12.949361,11.676792,16.517248,18.350752,22.231445,25.66083,30.542456,31.7308,35.70926,37.057507,40.35449,38.01129,35.67407,34.871536,29.930182,28.042313,23.327492,24.715982,16.59024,20.363918,15.085353,16.614805,17.588993,16.933159,21.618135,21.551191,21.086657,21.158459,19.88783,22.214415,18.531748,20.483908,26.080027,24.175299,29.954313,31.05,35.3689,34.051304,33.25642,28.936087,30.280293,27.33382,27.982464,27.680786,23.192553,19.957169,21.893892,16.329063,14.696498,19.122427,20.94208,24.672962,23.423847,18.251818,24.122274,27.066742,27.993687,28.803978,33.741898,34.843307,35.742878,31.413904,31.61603,26.436092,25.525885,21.691385,17.64491,16.185638,13.140078,10.639976,9.924168,11.006898,15.028048,18.51674,20.384636,24.508245,27.95653,30.756939,34.165817,36.270355,39.52339,39.595123,39.33044,36.941742,35.80462,33.791943,29.590143,29.209925,24.382462,24.353462,21.1319,17.70076,19.352081,22.450848,23.304405,25.70289,29.029165,30.426493,34.550076
9,27.693403,23.733467,21.517088,18.060799,14.975231,13.691826,10.057346,5.8587437,5.024575,0.0,5.643497,4.879667,10.530971,9.854483,14.749614,17.377134,20.825014,24.996902,29.061182,30.95092,34.53619,36.284653,39.303047,36.95747,34.983337,33.71351,29.025307,26.59845,22.181938,22.721163,14.58656,17.717045,11.415992,13.146424,13.201338,12.694585,17.207235,16.944601,17.096409,17.629396,15.960124,19.09262,15.52199,18.345686,23.82839,22.849812,28.211103,30.241415,34.25232,33.630196,33.361244,29.112503,30.821968,28.46731,28.692337,27.68978,23.745779,20.436886,23.38101,17.673391,15.258772,20.030607,23.098492,26.802507,26.329334,20.62127,25.832047,29.627645,29.879257,30.233707,35.090096,36.36418,36.724693,32.243168,32.67244,27.568241,27.245739,23.795542,19.599043,19.36365,15.280227,14.269176,12.454387,11.764732,15.142437,18.966707,19.593683,24.705425,27.567623,30.494955,33.926243,35.696186,39.3615,38.788795,38.249783,35.698143,34.281326,32.041367,27.83853,28.198397,22.872135,23.813786,20.345856,16.83703,19.727022,22.689209,24.857359,26.424593,30.237337,31.482088,35.88008
10,32.258755,28.392262,26.045692,22.409428,19.741077,17.530237,14.8561945,9.923442,7.3791847,5.643497,0.0,6.1732044,6.973009,10.020021,13.45776,16.751001,20.137318,24.52292,28.559782,30.405518,34.156452,35.547916,38.79956,37.062107,35.18961,34.152496,29.475647,26.954792,22.870375,22.901571,15.84607,17.479788,12.183255,11.403322,12.721022,10.636661,15.517222,16.453642,15.763099,16.522833,16.812622,19.925161,17.309134,20.203814,25.110794,24.575033,29.50133,31.577337,35.51035,34.79789,34.444225,30.379507,32.792606,30.20514,31.25832,30.104982,25.806799,23.048546,26.21007,20.699377,17.733982,21.44689,24.286634,27.582525,26.946917,20.859844,25.730473,29.191605,28.634926,29.31665,33.93167,35.80049,36.06929,31.629349,33.01107,27.421467,27.98007,24.159384,19.817308,19.596676,15.138996,13.822583,10.2090845,9.958859,13.144542,17.262358,17.820759,22.991661,26.286541,28.56118,32.163776,33.50684,37.08634,36.368206,36.352283,33.56882,32.80932,29.853237,25.92614,25.616322,19.788273,20.941523,16.739676,12.824067,15.810151,19.039753,21.467691,23.750645,27.2635,29.151915,33.19614
11,31.194052,27.032494,25.403366,21.610891,18.331312,18.090158,13.153362,10.658696,8.466344,4.879667,6.1732044,0.0,7.0267987,5.5528717,10.14878,13.1250725,16.287672,20.800528,24.473478,26.633877,30.06785,31.911825,34.8447,32.647915,30.868011,29.472527,24.913694,22.239908,18.08557,18.13696,10.415356,12.901569,6.837237,8.637228,9.314786,9.8997135,14.011267,13.421734,12.799469,12.918012,11.645516,14.562772,11.412638,14.439198,19.592346,19.141975,24.112383,26.525196,30.350666,30.012169,30.004166,25.91961,28.218287,26.192036,26.61599,25.05588,21.308506,18.39304,22.214243,16.743904,13.396476,17.605864,21.53594,24.95447,25.1944,19.014078,23.365417,27.793697,27.31092,27.297733,31.989553,33.467205,33.395565,28.861506,29.684452,24.57974,25.008446,21.859272,17.64091,18.64649,13.7066555,14.359618,11.903863,9.382104,11.775274,15.573337,15.352421,20.930737,23.392948,26.34754,29.751377,31.354227,35.204494,34.346825,33.666862,31.083076,29.566807,27.309921,23.101637,23.787155,18.499743,19.763777,16.53484,13.3903885,16.837286,19.41598,22.474062,23.076004,27.239275,28.219633,32.81057
12,37.47555,33.35585,31.630732,27.643465,24.672085,23.65297,19.46506,16.069628,12.949361,10.530971,6.973009,7.0267987,0.0,7.35214,8.011026,12.108501,14.720168,19.57668,22.81935,25.0638,28.541235,29.964478,33.09737,31.786291,30.285238,29.130459,24.795673,21.94758,18.603151,17.649868,12.476163,11.993151,8.706268,5.521895,8.802271,7.640608,11.502394,12.504937,10.208779,10.482076,12.64311,15.192771,13.949739,16.816732,20.65725,21.075876,25.052639,27.644346,31.162733,30.877518,30.897385,27.228537,30.508415,28.40888,29.807524,27.938522,24.026924,22.0047,26.113712,21.154732,17.2825,19.80364,23.568817,26.29182,26.614538,20.088358,23.468016,27.657917,25.86035,26.051409,30.264011,32.549328,32.142616,27.714052,29.8782,24.33084,26.135115,22.803616,18.629084,20.075363,14.759105,15.6836195,11.43114,8.6045,9.513201,13.434616,12.409037,18.284197,21.00349,23.030888,26.616802,27.509552,31.367977,30.103716,30.025545,27.101416,26.41596,23.129631,19.335077,19.32362,13.177104,15.182607,10.926541,7.3739505,11.799975,14.3803625,18.531084,19.364428,23.32434,24.963049,29.173525
13,33.325264,29.013742,28.209953,23.882786,20.723743,21.537195,15.604674,15.1436205,11.676792,9.854483,10.020021,5.5528717,7.35214,0.0,5.3638487,7.6092715,10.97776,15.276965,19.28274,21.169884,24.76718,26.471766,29.5123,27.375237,25.49771,24.302624,19.63089,17.12265,12.905809,13.3049135,6.0355887,8.782759,5.902209,7.85868,10.320039,12.306219,15.425949,14.415173,12.210783,10.846199,10.3797865,11.344767,8.740385,10.618528,15.421099,14.65026,19.56263,21.606241,25.492308,24.937632,24.872263,20.909986,23.701317,21.745165,22.6764,20.873268,17.02749,14.761257,19.089193,14.235067,10.1797285,13.170213,17.608955,20.631199,21.507973,15.133745,18.555025,23.454557,22.510317,22.169273,26.75974,28.268917,27.985308,23.44462,24.476057,19.382357,20.369362,17.53078,13.482567,15.754018,10.38294,13.034307,10.923588,6.63293,7.4238615,10.6626215,10.210242,15.656157,17.923141,21.053043,24.376802,26.188843,29.988981,29.346037,28.556118,26.145313,24.55527,22.740377,18.419327,19.038528,14.598966,15.197235,12.990809,10.873505,13.784852,15.688864,18.93817,18.397917,22.821974,23.299665,28.093426
14,38.40789,34.07977,33.46662,29.020504,25.948692,26.756357,20.877357,20.248386,16.517248,14.749614,13.45776,10.14878,8.011026,5.3638487,0.0,4.4081593,6.789728,11.709022,15.12464,17.258532,20.777391,22.329105,25.421873,23.867456,22.296125,21.171047,16.790926,14.036195,10.796248,10.06302,6.7203913,5.658995,7.5803576,6.9965024,10.814672,13.049072,14.966064,14.215113,10.577068,8.212064,10.233693,9.80458,9.470014,10.657644,13.658267,13.876885,17.525661,19.843622,23.308002,22.994213,23.1632,19.732033,23.468288,21.858988,23.42395,21.113415,17.632162,16.471325,21.168465,17.270912,13.004732,13.949934,18.592491,20.77166,22.277225,15.912166,17.62933,22.790922,20.573671,19.911167,23.989155,26.021461,25.15625,20.692917,22.754541,17.647335,20.050127,17.64981,14.087136,17.42924,12.060338,15.694317,13.015573,8.215621,6.043554,8.245592,5.6617713,11.931185,13.730575,16.505898,19.879297,21.274607,25.270342,24.238728,23.53443,20.9705,19.618427,17.450102,13.178812,13.834603,9.4808,10.468716,8.87189,8.159117,11.24183,12.191127,16.661575,14.841785,19.509335,19.839499,24.63725
15,38.272778,33.939262,33.94271,29.273455,26.378618,27.964819,21.626543,22.389574,18.350752,17.377134,16.751001,13.1250725,12.108501,7.6092715,4.4081593,0.0,4.083994,7.8072615,12.360545,13.726829,17.610546,18.993053,22.240303,20.427658,18.498835,17.714323,13.016332,10.8571415,7.230887,8.017148,6.3988204,6.7184114,10.577086,11.263321,14.682202,17.367207,19.084179,17.903454,14.286909,11.37821,12.581628,10.34553,10.132392,9.360605,11.792773,10.89755,14.715898,16.079535,19.789797,18.964586,18.893429,15.482157,19.385479,17.788513,19.703493,17.442677,13.928465,13.478797,18.111237,15.109259,11.042532,10.4488325,15.204193,16.97983,19.040678,13.069655,13.765814,19.316717,17.149477,16.078447,20.20338,21.941904,21.065039,16.567253,18.377323,13.440001,16.010891,14.13129,11.162492,15.408947,10.6411295,15.407491,13.940647,9.262746,6.2320676,6.130855,4.0737424,8.850196,10.359766,13.75702,16.912495,18.967426,22.72253,22.321598,21.367702,19.248096,17.621275,16.576708,12.2706,12.739836,10.590859,9.806583,10.307385,10.824956,12.197559,12.323896,15.883002,12.887088,17.638319,17.1294,22.167728
16,41.698982,37.353477,37.51233,32.92168,29.931381,31.771042,25.246016,26.033781,22.231445,20.825014,20.137318,16.287672,14.720168,10.97776,6.789728,4.083994,0.0,5.444926,8.485888,10.584374,14.023651,15.704694,18.70373,17.094753,15.61036,14.53412,10.349169,7.690275,5.8040214,4.891086,8.181968,6.027144,12.264876,12.618077,15.752405,18.923933,19.642925,18.2138,14.3312845,10.98234,12.706836,9.262825,10.73981,9.413894,9.647005,10.031265,12.144385,14.127417,17.200844,17.010145,17.506931,14.771727,19.234028,18.450573,20.267332,17.414656,14.94475,15.244906,20.097755,17.877604,13.985133,12.599223,17.522436,18.650286,21.38523,15.9859085,15.16741,20.919199,18.038866,16.340948,19.755981,21.598495,19.987452,15.723597,17.957188,13.817501,17.222357,16.282507,14.116188,18.808727,14.437412,19.375801,17.845812,13.18735,9.7635145,8.726395,4.892268,8.667727,8.158294,11.665161,14.482329,16.230743,20.301754,19.374874,17.965313,15.899286,13.816586,13.158125,8.864049,10.484483,9.717793,9.419646,11.229355,12.812574,14.271515,13.511824,17.690039,13.325844,18.071907,16.957401,21.954391
17,43.17672,38.9161,39.67147,34.9121,32.22335,34.60871,27.948647,29.757126,25.66083,24.996902,24.52292,20.800528,19.57668,15.276965,11.709022,7.8072615,5.444926,0.0,6.4107447,6.0741496,10.362836,11.407902,14.782766,13.07548,10.991881,10.878916,6.472071,5.944407,5.658588,7.2179527,12.028969,11.2022505,17.298586,18.007074,21.14014,24.311035,25.067196,23.56098,19.711256,16.312656,17.643366,13.471625,14.830219,12.078088,10.967091,9.919245,11.029337,10.866061,13.935407,12.784928,12.870837,10.796881,15.72512,15.166408,17.70711,15.068724,13.054989,14.745576,18.866074,18.186747,15.103802,11.683983,15.710728,15.728316,19.157358,15.037684,12.111753,17.815603,14.704368,12.272922,15.166095,16.693893,14.778353,10.669707,13.013827,9.72138,13.870448,14.119299,13.435685,18.574606,15.509261,20.878002,20.339947,16.22043,12.638786,9.850868,7.930825,6.9134965,4.4518538,8.733078,10.759963,13.5030575,16.966162,17.080643,15.428177,14.245444,12.0711775,13.311573,9.941825,10.687368,12.919575,10.764314,14.319041,16.62571,16.58012,15.031219,17.845205,12.283441,16.481976,14.134086,19.082216
18,48.1684,43.877514,44.59237,40.046684,37.098255,39.60886,32.756844,34.20375,30.542456,29.061182,28.559782,24.473478,22.81935,19.28274,15.12464,12.360545,8.485888,6.4107447,0.0,4.650326,5.8674493,8.394723,10.55449,9.337335,9.031894,7.6338816,6.2352467,4.746045,8.742265,7.1142893,15.207065,12.432966,19.51272,19.908417,22.404022,26.019556,25.546492,23.763124,20.025805,16.613747,18.207432,13.487353,16.451395,13.943917,10.141588,11.72531,9.237517,10.967563,11.911656,12.838602,14.398922,13.819951,18.717403,19.52799,21.22763,17.826342,17.53588,19.33359,23.764153,23.337778,20.195936,17.339931,21.702328,21.49392,25.2615,21.41438,18.120811,23.597544,20.028856,17.256945,18.804638,20.333502,17.377104,14.342312,16.78437,15.192018,19.39827,20.322653,19.7949,24.949352,21.622395,26.918892,25.879364,21.433569,17.745743,15.49996,12.113581,11.941864,7.5866504,10.198299,10.892476,12.272146,16.223417,14.835735,11.97132,11.047022,7.323423,10.002617,7.8141127,10.976037,14.250604,13.68724,17.384422,20.100159,20.855375,18.923012,22.738117,16.635792,20.499979,17.943203,22.315893
19,48.391693,44.185726,45.236534,40.512012,37.86288,40.534027,33.758263,35.76711,31.7308,30.95092,30.405518,26.633877,25.0638,21.169884,17.258532,13.726829,10.584374,6.0741496,4.650326,0.0,4.7476606,5.3914785,8.761395,7.730591,6.2452235,6.9320016,5.486374,6.899424,10.053568,10.486382,17.425787,15.739279,22.495949,22.971703,25.876747,29.237406,29.2815,27.674221,23.793512,20.34961,21.90344,17.20734,19.46389,16.40603,13.243107,13.093978,11.200136,10.300552,11.463949,10.795328,11.533963,11.661485,16.65668,17.260666,19.75396,16.936089,16.520197,19.066832,22.710608,23.139786,20.521381,16.542566,19.857876,18.85648,22.780859,19.885263,15.447715,20.402525,16.73192,13.6613865,14.587966,15.937021,12.796714,10.126916,12.892826,12.0783205,16.644,18.15328,18.54059,23.66152,21.238352,26.604874,26.163616,22.16945,18.416016,15.3094015,13.189046,10.6287365,5.853448,8.184044,7.967872,10.555991,13.60353,13.698206,11.1406145,11.1331415,8.397818,11.994153,10.44736,11.655728,16.17868,14.1387825,18.57322,21.548502,21.208252,18.94556,21.582773,15.1304655,18.368229,15.083307,19.226883
20,51.878788,47.682514,48.83388,44.251316,41.47912,44.389675,37.436974,39.474857,35.70926,34.53619,34.156452,30.06785,28.541235,24.76718,20.777391,17.610546,14.023651,10.362836,5.8674493,4.7476606,0.0,3.8121965,4.823025,4.1683445,5.1753745,4.9914064,7.335971,8.617169,13.078793,12.543584,20.471582,18.228966,25.22156,25.773664,28.219172,31.881046,31.279291,29.430387,25.77649,22.398008,23.769505,18.845337,21.707891,18.653812,14.229879,15.145351,11.229514,11.00259,10.130606,11.044564,12.84315,14.109388,18.665045,20.234617,22.046848,18.88153,19.657127,22.290295,25.981483,26.733208,24.210873,20.488626,23.987778,22.882778,27.032907,24.419542,19.864088,24.671993,21.062777,17.863155,17.982681,18.98332,15.374098,13.774152,15.934589,16.351055,20.562267,22.544136,23.067665,28.234108,25.755133,31.163618,30.62959,26.450172,22.708313,19.851566,17.207418,15.212074,10.299813,11.671318,10.404957,11.832293,14.599672,13.865544,10.278732,11.11688,7.4420156,12.473031,12.122623,14.399205,19.173355,17.910341,22.26699,25.326283,25.386637,23.023293,26.01644,19.440924,22.416456,19.031359,22.658209
21,53.383762,49.22718,50.44204,45.70807,43.12436,45.872646,39.099937,41.14311,37.057507,36.284653,35.547916,31.911825,29.964478,26.471766,22.329105,18.993053,15.704694,11.407902,8.394723,5.3914785,3.8121965,0.0,4.1599755,5.8424277,6.0826683,7.8491573,9.554124,11.444948,15.266375,15.254035,22.713446,20.595568,27.567192,27.734028,30.593517,33.912106,33.552452,32.021454,28.104727,24.731182,26.576239,21.80509,24.461466,21.400257,17.506315,17.785408,14.589601,13.26805,12.685434,12.394534,13.339219,15.035141,19.56611,20.717672,23.237204,20.578726,20.926802,23.852915,27.069773,28.098337,25.733553,21.462246,24.166426,22.525106,26.528057,24.425905,19.257902,23.349941,19.344454,16.19489,15.403064,16.639843,12.774226,11.95103,14.907326,15.648017,20.247356,22.309149,23.267998,28.25605,26.245174,31.5365,31.101698,27.262804,23.386724,20.08639,18.007484,14.725342,9.965479,10.169194,7.89007,9.525272,11.408359,11.630544,8.481975,10.087246,7.829564,12.87393,13.1468525,14.113755,19.777584,17.774702,22.567738,25.932253,25.276184,22.580896,24.942396,18.235754,20.515074,16.838404,19.908484
22,56.064972,51.92661,53.262253,48.651817,45.978153,48.984055,42.042194,44.21214,40.35449,39.303047,38.79956,34.8447,33.09737,29.5123,25.421873,22.240303,18.70373,14.782766,10.55449,8.761395,4.823025,4.1599755,0.0,4.5978045,6.948819,7.957459,11.556676,13.352059,17.776232,17.339327,25.28192,22.96873,30.011663,30.380556,32.855946,36.44297,35.6549,33.888123,30.210634,26.892998,28.436724,23.520767,26.481508,23.36884,18.7433,19.580807,15.23519,14.280403,12.286171,13.116122,14.78136,17.146034,21.230215,23.109913,25.028334,22.150854,23.38424,26.356256,29.59112,30.8906,28.634819,24.554596,27.46076,25.816732,30.013308,28.102997,22.936054,27.04758,23.29065,20.053656,18.97225,19.759926,15.802543,15.57341,17.734962,19.264624,23.464712,25.88408,26.920643,31.9817,29.927122,35.299324,34.879093,30.871126,27.04287,23.92929,21.527412,18.758354,13.902362,14.136089,11.710062,12.515871,14.014433,13.586632,9.870008,12.018172,9.291237,14.811212,15.657667,17.406803,22.92607,21.462408,26.109879,29.43579,29.12216,26.454168,29.055367,22.33925,24.571703,20.888779,23.673588
23,52.40498,48.311035,49.831467,45.34584,42.664158,46.057686,38.960854,41.633747,38.01129,36.95747,37.062107,32.647915,31.786291,27.375237,23.867456,20.427658,17.094753,13.07548,9.337335,7.730591,4.1683445,5.8424277,4.5978045,0.0,3.494708,3.760832,8.216264,10.517916,14.877983,15.059354,22.62057,21.100187,27.810888,28.96715,31.14101,35.067257,34.502903,32.351734,28.97159,25.582382,26.232853,21.119812,23.688963,20.186806,15.5321045,15.8983555,11.385632,9.946061,7.699407,8.892337,11.147257,13.490718,17.320488,19.662735,21.00456,17.944288,19.742481,22.721317,25.937475,27.473423,25.475866,21.556128,24.741743,23.365585,27.782528,25.946047,21.081003,25.68508,22.704592,19.29193,19.075165,19.209688,15.615467,14.759825,15.629393,17.464209,20.961393,23.67071,24.730959,29.86302,27.875868,33.360035,33.338528,29.233051,25.702919,22.765085,20.547518,18.280933,13.556663,15.126934,13.460084,15.21946,17.20052,17.08178,13.435407,14.863526,11.336807,16.556488,16.222498,18.463959,23.15089,21.695074,26.040047,28.940048,28.906672,26.638863,29.163523,22.64003,25.404766,21.669357,25.101595
24,49.607723,45.546642,47.16789,42.60398,40.065254,43.504204,36.47492,39.436172,35.67407,34.983337,35.18961,30.868011,30.285238,25.49771,22.296125,18.498835,15.61036,10.991881,9.031894,6.2452235,5.1753745,6.0826683,6.948819,3.494708,0.0,3.6451943,6.0871243,9.341995,12.932568,14.132111,20.908392,20.117245,26.555754,27.927942,30.318768,34.14238,34.0651,31.963245,28.513054,25.057318,25.542149,20.465841,22.487507,18.730804,14.819084,14.092079,10.756124,7.8663588,7.1148343,6.4132695,8.029917,10.285871,14.310615,16.345726,18.080408,15.303735,16.731405,19.916819,22.8533,24.595974,22.809685,18.541367,21.396332,19.90417,24.3421,22.761627,17.76756,22.356241,19.698046,16.240107,16.373283,16.249258,12.925767,11.736644,12.204295,14.157481,17.496336,20.338377,21.640867,26.705818,25.055851,30.525475,30.844175,26.940197,23.540192,20.420969,18.810043,16.079023,11.724964,13.7858305,12.440453,15.043254,16.92731,17.59583,14.436373,15.585349,12.405281,17.181803,16.178549,17.813135,22.318916,20.300762,24.65228,27.405872,27.045172,24.905983,26.914698,20.572176,23.34434,19.50698,23.157446
25,49.00962,44.894394,46.36628,41.960136,39.201702,42.69405,35.528088,38.30816,34.871536,33.71351,34.152496,29.472527,29.130459,24.302624,21.171047,17.714323,14.53412,10.878916,7.6338816,6.9320016,4.9914064,7.8491573,7.957459,3.760832,3.6451943,0.0,5.1056123,7.318028,11.583037,12.026911,19.266346,18.183018,24.615105,26.22658,28.195757,32.291138,31.892435,29.540369,26.356836,22.960133,23.071724,17.910648,20.225323,16.583807,11.999497,12.2011385,7.7209134,6.6332083,5.158066,6.898972,9.605522,11.010143,14.97868,17.346106,18.269281,14.868894,16.697004,19.420746,22.9585,24.225815,22.172207,18.628265,22.338793,21.458689,25.888779,23.648584,19.39163,24.543262,21.99211,18.630077,19.390474,19.43938,16.280266,14.488637,14.790896,15.995577,19.088135,21.603077,22.32085,27.49953,25.274317,30.781574,30.836365,26.611292,23.31245,20.685163,18.430096,16.96072,12.531838,15.084624,14.291257,16.425291,19.025572,18.7739,15.266627,15.955745,12.046155,16.595556,15.311419,17.942768,21.73544,20.48729,24.421764,26.944843,27.269503,25.367912,28.072222,21.833128,25.12274,21.629541,25.620127
26,44.641243,40.47241,41.788773,37.265,34.54215,37.842903,30.761473,33.522728,29.930182,29.025307,29.475647,24.913694,24.795673,19.63089,16.790926,13.016332,10.349169,6.472071,6.2352467,5.486374,7.335971,9.554124,11.556676,8.216264,6.0871243,5.1056123,0.0,3.9040415,6.8784657,8.628976,14.843924,14.517346,20.622074,22.396633,24.657572,28.569302,28.783852,26.567698,23.27201,19.827337,19.861,14.871013,16.514116,12.7397,9.468034,8.368001,6.5520034,5.1071,7.4736285,7.0582643,8.527395,7.853556,12.583964,13.932411,15.334603,12.002998,12.501287,15.010517,18.861715,19.589497,17.315361,13.73288,17.769735,17.339384,21.586414,18.783552,15.086143,20.704882,18.412891,15.273936,17.206236,17.482384,14.990139,11.968973,12.313367,12.018317,15.077592,17.031563,17.365526,22.568542,20.188805,25.694931,25.839798,21.67899,18.531866,15.971692,14.127653,12.972745,9.320732,12.90349,13.245932,16.013502,19.00437,19.116613,16.301985,16.176697,12.719443,16.026804,13.565072,15.659904,18.57991,16.985264,20.58853,22.77617,23.033552,21.474169,24.002726,18.20198,21.901285,18.75258,23.280636
27,44.114723,39.85369,40.774784,36.348316,33.37675,36.36987,29.291567,31.418133,28.042313,26.59845,26.954792,22.239908,21.94758,17.12265,14.036195,10.8571415,7.690275,5.944407,4.746045,6.899424,8.617169,11.444948,13.352059,10.517916,9.341995,7.318028,3.9040415,0.0,4.949905,4.8843327,12.160888,10.984111,17.366488,19.033573,21.08478,25.12076,25.069292,22.788193,19.545765,16.118513,16.21213,11.179794,13.344302,10.052107,6.365673,7.0404367,5.385313,7.500555,9.667025,10.520563,12.196725,10.707095,15.238077,16.257347,17.234749,13.59051,13.5869055,15.173235,19.791721,19.43874,16.520306,14.02507,18.916069,19.204983,23.103052,19.288763,16.649696,22.588957,20.089008,17.292297,19.699694,20.500927,18.106262,14.650063,15.572596,14.045483,17.150908,18.23891,17.624405,22.799643,19.55808,24.955395,24.49233,19.98537,16.85351,14.975219,12.18209,12.802554,9.457967,13.2128315,14.285398,16.428474,20.111635,19.340212,16.561514,15.727406,12.054263,14.354186,11.338934,14.304773,16.16321,15.516525,18.521154,20.476568,21.51137,20.21239,23.62369,18.10232,22.286808,19.74297,24.500504
28,39.452106,35.164883,35.98441,31.490736,28.553308,31.489819,24.43996,26.76642,23.327492,22.181938,22.870375,18.08557,18.603151,12.905809,10.796248,7.230887,5.8040214,5.658588,8.742265,10.053568,13.078793,15.266375,17.776232,14.877983,12.932568,11.583037,6.8784657,4.949905,0.0,4.8020997,8.005473,8.889323,14.072011,16.390078,18.580732,22.440535,23.249792,21.032866,17.95432,14.660207,14.107418,9.696655,10.270971,6.743683,6.5092444,4.5742717,7.8458133,9.055654,12.7652235,12.405525,13.081824,9.994274,14.068874,14.011833,15.024308,11.804801,10.244696,11.02656,15.98328,14.832196,11.65038,9.697702,15.127361,16.23167,19.68945,15.273891,13.977731,20.149889,18.430895,16.144909,19.647205,20.36391,18.859205,14.757015,15.145698,12.3123455,14.538313,14.797994,13.507867,18.517689,15.0615425,20.392967,20.207026,15.776652,13.168423,11.778741,9.862493,11.503914,10.09488,14.344914,16.285578,18.849167,22.463743,22.187862,20.057419,18.813667,15.815719,16.976063,13.145766,15.182835,15.502443,14.566707,16.690023,17.873184,18.953377,18.341326,21.343933,16.822454,21.27932,19.27134,24.3314
29,42.532043,38.195805,38.57978,34.25867,31.064436,33.530758,26.618359,27.871185,24.715982,22.721163,22.901571,18.13696,17.649868,13.3049135,10.06302,8.017148,4.891086,7.2179527,7.1142893,10.486382,12.543584,15.254035,17.339327,15.059354,14.132111,12.026911,8.628976,4.8843327,4.8020997,0.0,8.548512,6.170331,12.792063,14.295448,16.227283,20.297956,20.209452,17.953594,14.704607,11.296037,11.544028,6.7362165,9.337847,7.273339,5.1022716,7.4369364,8.015818,11.640463,14.069231,15.10244,16.522362,14.173149,18.40448,18.737246,19.504444,15.948967,14.952948,15.336738,20.529398,18.787224,15.165008,14.158559,19.651787,20.77559,24.066366,19.163725,17.999016,24.058939,21.546476,19.315434,22.365372,23.650888,21.611448,17.677753,19.025173,16.155092,19.079952,19.043293,17.298267,22.160822,17.988308,23.02538,21.840738,17.0604,14.160127,13.390902,9.754399,12.833404,10.773605,14.439169,16.447712,18.046656,22.226957,20.825832,18.512234,16.825552,13.573472,14.003775,10.161785,13.529349,13.328068,13.857541,15.668859,17.049326,19.050709,18.301897,22.536163,17.822672,22.443808,20.789272,25.728325
30,34.785965,30.423859,30.381865,26.142925,22.835926,25.061874,18.215929,19.448244,16.59024,14.58656,15.84607,10.415356,12.476163,6.0355887,6.7203913,6.3988204,8.181968,12.028969,15.207065,17.425787,20.471582,22.713446,25.28192,22.62057,20.908392,19.266346,14.843924,12.160888,8.005473,8.548512,0.0,5.942242,6.666043,10.407776,11.941102,15.695346,17.359562,15.140067,12.905477,10.482559,8.475667,6.9480624,4.367661,4.628077,9.587078,8.918643,13.762112,16.268839,19.95019,19.92556,20.39803,16.616508,19.493319,18.513908,18.770802,16.201595,13.453885,11.638127,16.84705,13.06419,8.947493,11.107398,16.755514,19.40138,21.482285,15.744851,17.590996,23.352448,22.328514,21.07657,25.381598,26.413965,25.602695,21.16773,21.579699,17.47871,18.559406,17.033049,13.8969,17.557522,12.803493,16.929218,15.959736,11.406487,10.519119,11.877879,10.231199,15.038806,15.716964,19.521063,22.332167,24.37669,28.32044,27.551546,25.974064,23.95548,21.464489,20.779993,16.434814,18.285011,15.392525,15.880262,15.412116,14.714685,17.299902,18.153393,21.643066,19.238058,23.943441,23.313557,28.400091
31,40.46784,36.109455,35.75364,31.587606,28.227142,29.795729,23.368292,23.25649,20.363918,17.717045,17.479788,12.901569,11.993151,8.782759,5.658995,6.7184114,6.027144,11.2022505,12.432966,15.739279,18.228966,20.595568,22.96873,21.100187,20.117245,18.183018,14.517346,10.984111,8.889323,6.170331,5.942242,0.0,7.213578,8.167188,10.235298,14.140556,14.423458,12.453062,9.070704,5.8058085,6.746863,4.5042477,6.3422556,7.5529637,9.103009,11.174853,13.559933,17.275969,20.061937,20.863796,21.882462,18.859331,22.691313,22.179996,22.905287,19.78884,17.666178,16.762878,22.061998,18.754744,14.57571,15.449257,20.969788,22.93611,25.30664,19.409054,20.076923,25.86621,23.523375,22.077095,25.725044,27.44019,25.910982,21.62712,23.297014,19.220411,21.754208,20.425343,17.479746,21.516466,16.439255,20.583326,18.42315,13.57239,11.402426,12.481569,8.631698,14.253042,14.069125,17.243353,20.059036,21.208946,25.573786,23.844803,22.271103,19.874426,17.498928,15.972997,11.770148,14.496251,11.262237,13.201738,12.850279,12.991928,16.302774,16.53049,21.41236,18.235168,23.032227,22.542704,27.462137
32,35.707375,31.433678,30.389019,26.655025,23.115164,24.053345,18.160412,16.960787,15.085353,11.415992,12.183255,6.837237,8.706268,5.902209,7.5803576,10.577086,12.264876,17.298586,19.51272,22.495949,25.22156,27.567192,30.011663,27.810888,26.555754,24.615105,20.622074,17.366488,14.072011,12.792063,6.666043,7.213578,0.0,5.51427,5.524589,9.37707,11.222274,9.177516,7.945876,7.2226877,4.9438124,8.038227,5.8338904,9.751853,13.958317,15.007404,18.879442,22.401901,25.624964,26.191547,26.904863,23.240526,26.114431,25.062162,25.156416,22.626076,19.937675,17.633158,22.533112,17.876795,13.91832,17.19326,22.387993,25.312437,26.745985,20.544697,23.252737,28.62367,27.301271,26.480083,30.754639,32.270782,31.406534,26.925821,27.947325,23.422468,24.714348,22.533371,18.789286,21.465307,16.181961,18.792004,16.413824,12.275952,12.409087,15.294164,13.086603,19.192728,20.281042,23.45226,26.568878,27.858358,32.099884,30.569927,29.307798,26.767624,24.659159,22.664316,18.511986,20.507227,15.68885,17.831213,15.574964,13.691854,17.784811,19.35801,23.698055,22.40031,27.04697,27.304932,32.17149
33,39.628407,35.401928,33.966145,30.14097,26.801386,26.692623,21.632973,18.992481,16.614805,13.146424,11.403322,8.637228,5.521895,7.85868,6.9965024,11.263321,12.618077,18.007074,19.908417,22.971703,25.773664,27.734028,30.380556,28.96715,27.927942,26.22658,22.396633,19.033573,16.390078,14.295448,10.407776,8.167188,5.51427,0.0,4.561754,6.3081446,8.099219,7.958738,4.9811845,5.185642,7.7735953,10.705725,10.468252,13.8620825,16.909386,18.526455,21.635002,25.18759,28.196733,28.721266,29.359415,25.961739,29.47008,28.1595,29.031471,26.490967,23.455952,21.62821,26.441957,21.835516,17.676704,20.074991,24.845613,27.410648,28.603922,22.113214,24.523668,29.521933,27.352522,26.83987,30.802315,32.97374,31.960012,27.548632,29.62478,24.632574,26.808853,24.248238,20.381737,22.91883,17.401955,19.599602,15.990885,12.074134,11.642945,14.786717,12.031467,18.47542,19.923489,22.256617,25.58477,26.219202,30.493055,28.559967,27.871704,24.952148,23.627443,20.505133,16.702559,18.12878,12.213271,15.325267,12.069709,9.967732,14.810371,16.41789,21.523968,20.6704,25.089294,26.008286,30.516487
34,39.25243,35.111763,33.4639,30.133396,26.591766,26.573189,21.662891,18.728146,17.588993,13.201338,12.721022,9.314786,8.802271,10.320039,10.814672,14.682202,15.752405,21.14014,22.404022,25.876747,28.219172,30.593517,32.855946,31.14101,30.318768,28.195757,24.657572,21.08478,18.580732,16.227283,11.941102,10.235298,5.524589,4.561754,0.0,5.0057654,5.7693095,4.2413497,4.4643683,6.428779,6.251552,10.918325,10.352151,14.538627,17.65863,19.779785,22.706533,26.86302,29.632895,30.671757,31.634619,28.210102,31.358425,30.416574,30.579613,27.876566,25.36162,23.152748,28.045784,23.283003,19.356062,22.528076,27.599989,30.426413,31.714653,25.332794,27.979412,33.187866,31.35417,30.664679,34.69335,36.613937,35.517437,31.09662,32.705666,28.041594,29.811304,27.464823,23.59975,26.021091,20.589926,22.535355,19.248549,15.5845375,15.714461,18.886969,16.098192,22.534569,23.537878,26.125645,29.288311,29.883465,34.2935,32.081825,31.037195,28.182974,26.414673,23.52117,19.84911,22.006638,16.317434,19.678324,16.595127,14.429476,19.305113,20.979568,26.011784,25.093334,29.581692,30.323048,34.925686
35,40.004395,36.012592,33.797626,30.614468,27.30626,26.11344,22.367989,17.90647,16.933159,12.694585,10.636661,9.8997135,7.640608,12.306219,13.049072,17.367207,18.923933,24.311035,26.019556,29.237406,31.881046,33.912106,36.44297,35.067257,34.14238,32.291138,28.569302,25.12076,22.440535,20.297956,15.695346,14.140556,9.37707,6.3081446,5.0057654,0.0,4.915954,6.811852,7.2810235,9.924749,11.235473,15.659923,14.922173,18.96574,22.30896,24.08689,27.2644,31.103176,34.049988,34.765198,35.447445,31.919888,35.121582,33.710644,34.26329,31.872396,28.813734,26.490498,31.033894,25.927336,22.098211,25.366531,29.86502,32.759197,33.462543,26.95789,30.136885,34.80503,32.912178,32.704895,36.76119,38.986965,38.134304,33.70642,35.705025,30.583696,32.395794,29.49763,25.380772,27.066107,21.704294,22.595198,18.628334,15.9124565,16.652985,20.293262,18.063822,24.426727,26.138685,28.24154,31.615225,31.978344,36.234707,34.051125,33.55334,30.490421,29.363499,25.798853,22.359983,23.680567,17.292702,20.76309,16.69947,13.786901,18.753849,20.923334,25.77846,26.010902,30.118578,31.557693,35.815777
