,0,1,2,3,4,5,6,7,8,9,10,11,12,13,14,15,16,17,18,19,20,21,22,23,24,25,26,27,28,29,30,31,32,33,34,35,36,37,38,39,40,41,42,43,44,45,46,47,48,49,50,51,52,53,54,55,56,57,58,59,60,61,62,63,64,65,66,67,68,69,70,71,72,73,74,75,76,77,78,79,80,81,82,83,84,85,86,87,88,89,90,91,92,93,94,95,96,97,98,99,100,101,102,103,104,105,106,107,108,109,110,111
0,0.0,4.7555237,6.5886045,9.037306,12.27103,13.473856,17.336945,20.90235,23.112492,28.219936,31.719332,34.302155,34.744087,32.878662,29.157207,26.745226,22.63118,21.71699,17.428513,15.196533,12.867009,11.028356,11.318527,8.503249,10.941787,14.625519,16.675322,16.31366,18.217978,17.254303,20.944407,19.608805,26.903875,24.028845,28.574795,30.379871,31.177195,31.019709,26.418373,22.446796,27.333025,23.272728,25.43775,23.504305,21.515457,21.000248,21.109764,19.546663,22.728838,26.912003,27.886608,27.459808,29.428148,32.44607,29.366861,31.765642,31.020132,32.889305,37.914753,36.34173,33.129807,35.362354,32.642567,35.38637,33.103085,37.64469,38.761612,35.566704,38.50241,36.583336,33.129368,36.757748,34.138275,38.710445,37.537636,41.29569,42.827263,43.293816,46.864826,45.18979,39.76783,37.97869,34.38018,31.595594,31.007166,26.443485,24.548218,19.32689,19.857204,16.929508,19.27054,23.183094,23.222391,26.658773,26.445171,30.952877,30.632217,28.073767,30.647121,35.229984,33.253117,30.975405,32.163666,36.41159,39.82755,37.047443,34.433155,32.11073,27.210161,27.403728,23.09156,23.636765
1,4.7555237,0.0,5.2650905,6.142553,8.787117,11.632247,14.008906,18.764496,20.27498,26.212969,29.183613,31.828089,32.75689,31.020752,27.778578,24.92534,21.14523,19.515184,15.646729,12.496525,11.553756,7.9337015,10.247288,6.515653,10.73544,13.714905,14.1146345,14.035716,15.160437,15.602826,18.206606,18.303444,25.35656,23.23331,27.59023,29.663198,31.022087,30.519855,26.141857,22.03806,26.175508,21.967709,23.410355,20.864323,19.717464,18.362183,19.180609,16.57471,20.220999,24.381536,25.753786,24.789549,27.713114,30.327581,27.765003,30.357655,28.942883,31.008577,36.047035,33.8799,30.54497,32.459908,29.6857,32.133736,29.922361,34.193752,35.02481,31.653028,34.44886,32.574715,29.36549,32.912277,30.383833,35.05849,33.947784,37.87625,39.43206,40.223618,43.787773,42.419315,36.97333,34.847084,31.384197,28.284645,27.503649,22.963614,20.500101,15.363898,15.413516,12.438748,14.62843,18.502724,18.601187,21.909172,21.78529,26.21593,25.919031,23.459364,26.102882,30.580042,28.647875,26.585966,27.871126,31.948553,35.244965,32.63206,30.067465,27.878162,22.965097,23.525978,19.233316,20.418274
2,6.5886045,5.2650905,0.0,5.131334,7.0469456,8.054804,11.693029,14.968419,17.38209,22.220427,26.067394,28.197584,29.112843,27.640194,23.831816,21.655832,17.654715,16.89396,13.1528425,11.381175,10.686438,9.853473,12.657212,10.489432,14.500632,16.889801,17.670155,16.24985,16.50753,16.216972,17.70694,17.016916,23.209827,20.067001,24.799961,26.262901,27.871902,27.922718,23.471722,19.827913,24.67563,21.356636,22.52517,21.29468,21.03729,20.109543,21.806776,19.653263,23.764778,27.77993,28.59919,26.85388,29.703812,31.494883,28.48867,30.52453,28.88262,30.290428,35.218197,33.246056,29.941593,32.785656,30.586409,33.412163,32.136745,36.35645,37.347557,34.4953,36.59936,34.165764,30.671825,33.67188,30.507685,35.01084,33.249977,37.10588,38.17496,38.725037,42.04196,40.103363,34.54686,32.569965,29.171268,26.445457,26.408604,21.288136,20.325857,15.33859,16.335505,14.43382,17.036621,20.263985,21.077059,23.339306,22.379423,26.983345,26.716766,23.845404,25.73358,30.688627,29.273363,26.605795,27.004623,31.387665,34.914078,31.656858,29.016483,26.467613,21.635338,21.331394,17.081135,17.173862
3,9.037306,6.142553,5.131334,0.0,3.7115817,5.9767404,8.540162,13.050923,14.419355,20.523424,23.193651,26.113714,26.772825,24.92981,21.909891,18.829973,15.166318,13.372849,9.604049,6.6505156,6.652656,5.3204875,9.174811,8.021408,12.27041,13.469746,13.62874,11.619526,11.423671,11.570117,12.809548,12.927383,19.440592,17.476738,21.735851,23.8672,25.550575,24.949236,20.743555,16.760561,20.70622,16.99195,17.931728,16.226618,16.263254,15.119095,17.290722,15.146762,19.505735,23.345665,23.96772,21.862535,24.960363,26.504408,23.714817,25.88913,24.033056,25.689533,30.66454,28.493362,25.157177,27.736383,25.462593,28.301249,27.141186,31.3908,32.53827,30.041094,31.961763,29.383114,25.71741,28.804653,25.730259,30.243979,28.73948,32.553852,33.910904,34.487133,37.994804,36.429207,30.982214,29.031736,25.478617,22.582365,22.07088,17.406237,15.92715,10.773133,12.222348,10.505516,13.785246,16.803616,18.90635,20.796394,20.519112,24.39112,23.49791,20.392605,22.877333,27.654003,25.555574,22.648882,23.641525,28.197416,32.056076,29.226719,26.368204,24.835714,19.282324,19.852102,15.90384,16.54586
4,12.27103,8.787117,7.0469456,3.7115817,0.0,5.230538,5.222528,10.707591,11.582499,18.052034,20.581697,23.250246,24.46007,22.939133,20.181831,17.062551,13.8195095,11.69895,8.955716,6.015764,8.38795,7.2157826,12.011044,10.929805,15.398743,16.055672,15.130113,13.040107,11.523202,12.803875,11.918665,13.314234,18.650118,17.013552,21.10319,23.103975,25.404459,24.791693,20.908623,17.257656,20.63737,17.433998,17.400038,15.8581295,17.24538,15.573826,18.64797,15.926667,20.581654,24.16353,24.893658,22.058165,25.866964,26.6503,24.216225,26.236786,23.687618,25.155901,29.98951,27.359331,23.963549,26.66633,24.68128,27.350904,26.741156,30.612696,31.528065,29.12498,30.550716,27.775908,24.281366,26.938467,23.631397,28.133747,26.332325,30.285727,31.391768,32.186172,35.541687,33.98635,28.460566,26.214617,22.861517,19.812757,19.538843,14.50529,13.327816,8.499133,10.036248,9.33909,12.453261,14.7859745,17.326042,18.368551,17.687248,21.509491,20.673746,17.442003,19.518654,24.465887,22.744411,19.72729,20.26968,24.830982,28.686941,25.66271,22.808023,21.215569,15.653108,16.159243,12.290156,13.08066
5,13.473856,11.632247,8.054804,5.9767404,5.230538,0.0,6.1156397,7.536133,10.039964,14.920524,18.324795,20.939053,21.332617,19.650831,16.150757,13.617247,9.709031,8.986282,5.6873426,6.0703793,7.106792,9.997049,13.265461,13.593173,17.210768,17.631721,18.065968,14.81004,13.472609,12.684216,11.825323,10.932876,15.640602,12.627016,17.209433,18.72141,20.87806,20.780323,16.681334,13.430526,17.866308,15.622165,15.924252,16.256165,17.643747,17.140364,20.26667,18.86914,23.401182,26.826653,26.720037,23.697628,26.582382,26.908226,23.718912,25.067448,22.877651,23.597876,28.304409,26.399471,23.197218,26.944485,25.534887,28.78872,28.914827,32.970104,34.355545,32.694424,33.674026,30.425062,26.451593,28.72818,24.921164,29.035313,26.757076,30.342428,31.116312,31.31406,34.528347,32.310738,26.790281,25.142344,21.621162,19.328556,19.780603,14.645748,15.535289,11.278592,14.070943,13.9829235,17.387709,19.348438,22.441193,23.00177,22.046795,25.60418,24.520252,20.96037,22.571548,27.689358,26.024721,22.311073,22.295668,27.220375,31.45366,28.047998,25.056778,23.641695,18.08459,17.828648,14.461629,13.590907
6,17.336945,14.008906,11.693029,8.540162,5.222528,6.1156397,0.0,6.92491,6.5692635,13.644114,15.595318,18.283453,19.780113,18.493113,16.321823,13.023037,10.65927,8.110551,7.5123634,6.169388,10.323512,10.86999,15.505669,15.418961,19.547308,19.272148,17.825129,15.03324,12.120675,13.768532,10.102906,12.545765,15.70593,14.698126,18.24416,20.10294,23.09769,22.406439,19.144321,16.16238,18.600868,16.470499,15.167887,14.634929,17.754608,16.055166,20.176167,17.660706,22.41651,25.43854,25.76662,21.92967,26.10127,25.627071,23.42851,24.947466,21.654856,22.590181,27.100847,24.150385,20.810833,24.047018,22.75811,25.465551,26.019102,29.450142,30.383314,28.709885,29.156076,25.838747,22.288754,24.132748,20.294374,24.523201,22.165369,26.085217,26.798058,27.601603,30.762327,29.07144,23.497303,21.13258,17.909231,14.924022,15.190693,9.716398,10.231541,6.8348894,9.5129595,10.873609,13.80158,14.664212,18.506117,17.94613,16.933018,19.95738,18.744804,15.09798,16.512136,21.625286,20.150253,16.444649,16.248272,21.121477,25.351336,22.071362,19.039783,18.075628,12.1918545,12.632686,9.665302,9.920571
7,20.90235,18.764496,14.968419,13.050923,10.707591,7.536133,6.92491,0.0,4.551069,7.476811,11.418131,13.4433975,14.231947,13.213779,9.887159,7.979554,5.54658,6.085777,7.3847427,10.104952,12.833534,16.18464,19.715279,20.532421,24.10347,23.711771,23.38799,19.69869,16.977964,16.756025,12.748451,12.795245,13.156271,10.3878765,14.115658,14.742246,18.23369,18.441498,15.486191,13.9105215,16.998999,16.877106,15.409463,17.516209,20.914314,20.375235,24.55589,23.223688,27.830265,30.622696,30.128063,25.986837,29.235756,27.900627,25.038853,25.527134,22.429747,22.094109,26.08801,23.950142,21.02749,25.6842,25.40523,28.632858,30.304852,33.676723,35.012394,34.222664,33.954285,30.100714,26.231659,27.245127,22.783157,26.219587,23.001392,26.31371,26.21706,26.261003,28.947111,26.159725,20.574938,18.965069,15.835664,14.273843,16.113293,10.769535,14.683562,12.725702,16.025423,17.690899,20.686193,21.17386,25.209232,24.050446,22.488396,25.189297,23.92024,20.155298,20.488914,25.606358,24.65386,20.312784,18.907011,23.903204,28.370644,24.4862,21.495499,20.593964,15.491073,14.45406,12.728634,10.319463
8,23.112492,20.27498,17.38209,14.419355,11.582499,10.039964,6.5692635,4.551069,0.0,8.051404,9.037551,12.072172,13.334418,12.226273,10.908586,7.569118,7.203354,5.2163973,8.359915,9.992982,13.847682,16.32536,20.174042,21.142776,24.710339,23.685255,22.451433,18.878557,15.374339,16.266241,10.665622,12.7601185,12.13756,11.752097,14.205368,15.583919,19.348448,18.736855,16.504848,14.885038,16.168722,16.024878,13.466477,15.161856,19.603655,18.555878,23.246399,21.63017,26.164694,28.536608,28.093838,23.455574,27.292858,25.350409,23.15356,23.716501,19.931087,19.760416,23.605389,20.761665,17.773277,22.11182,22.011333,24.955307,27.057276,30.032867,31.239616,30.754297,30.028067,26.041134,22.321985,22.97653,18.45257,21.850452,18.601692,22.074953,22.079731,22.462309,25.282711,23.024933,17.389791,15.319532,12.126496,9.976891,11.686903,6.2499676,10.901218,10.312461,13.661319,16.163666,18.909576,18.606544,23.395845,21.532362,20.340443,22.18094,20.491388,16.655088,17.063986,21.911152,20.693527,16.132545,14.831576,19.92863,24.626081,21.113283,17.981157,18.155455,12.669462,12.60759,11.724911,10.394639
9,28.219936,26.212969,22.220427,20.523424,18.052034,14.920524,13.644114,7.476811,8.051404,0.0,6.8077855,6.753461,7.632556,8.216919,5.528773,6.8460927,8.239588,10.273077,13.546467,16.894024,19.593801,23.368664,26.683748,27.877644,31.252924,30.447641,30.000248,26.06036,22.909096,22.610518,17.551207,17.580914,14.2027025,12.017934,13.778266,12.817848,17.226059,17.999737,16.682304,17.066275,18.7857,20.662031,18.256838,21.800808,26.068512,25.802227,30.329758,29.351503,33.80259,36.089878,35.173023,30.461758,33.54113,30.961548,28.332699,27.913948,24.492031,23.0092,25.86812,23.988985,21.748957,27.097393,27.960577,31.100368,34.050518,36.802055,38.172085,38.25487,36.951473,32.69268,29.030525,28.825016,24.043818,26.382845,22.361298,24.917887,23.71646,23.30372,25.110277,21.405874,16.139257,15.11756,12.978914,13.219381,16.555164,12.534596,18.46561,18.360903,21.620886,24.056026,26.720812,26.309523,30.757402,28.506927,26.595192,28.415657,27.054033,23.43582,22.598497,27.23251,26.97692,22.38926,19.760416,24.313025,28.737309,24.59237,21.887718,21.636574,17.804962,16.057526,16.294928,12.939639
10,31.719332,29.183613,26.067394,23.193651,20.581697,18.324795,15.595318,11.418131,9.037551,6.8077855,0.0,5.4832315,5.503751,5.472941,8.212101,6.956442,10.736017,10.803425,15.271497,18.035103,21.288275,24.681387,27.86046,29.575928,32.630272,30.950172,29.833115,25.86667,22.156443,22.481306,16.261192,17.683327,12.353478,13.459038,13.00229,13.163458,17.61247,17.114162,17.147993,17.76372,16.918077,19.379614,15.802476,19.52909,24.722391,24.328512,29.188696,28.434008,32.51592,34.08353,32.881157,27.672508,30.908136,27.287493,25.435791,24.706558,20.65856,18.88596,21.029715,18.61945,16.766724,22.009987,23.592112,26.446632,30.314054,32.466354,33.904198,34.867176,32.76533,28.25918,24.752321,23.734636,18.946777,20.501556,16.26685,18.387775,16.996866,16.506426,18.387838,15.019484,9.528588,8.5570135,6.3433833,7.773875,11.548804,9.7661,16.286047,17.898409,21.149944,24.245123,26.710896,25.4721,30.841824,27.897972,26.69306,27.165974,25.109905,21.589584,20.940474,24.733772,23.921629,19.109814,16.789366,21.132977,25.867834,22.555365,19.788834,21.482546,17.514858,17.122248,18.322376,16.25611
11,34.302155,31.828089,28.197584,26.113714,23.250246,20.939053,18.283453,13.4433975,12.072172,6.753461,5.4832315,0.0,5.519154,8.3492985,9.712173,10.9091015,14.002468,14.97337,19.050835,21.863565,25.153328,28.373655,31.931303,33.157898,36.586735,35.3443,34.180927,30.402613,26.704245,27.177414,21.104412,22.334822,17.355318,17.125723,17.158659,16.141665,20.719044,21.06849,21.079004,22.023695,21.984442,24.508595,21.15638,24.698223,29.818708,29.237268,34.118397,32.955788,37.229168,38.982136,38.04275,32.83939,36.29239,32.73996,30.894653,30.140982,26.136692,24.25882,26.09104,23.776274,22.102955,27.176462,28.812754,31.422314,35.288834,37.20438,38.326763,39.02934,36.79064,32.39781,29.298904,27.97162,23.269676,24.603302,20.141111,22.09358,19.928188,19.640749,20.539097,16.635525,11.882481,10.762741,10.422666,11.929607,15.961042,13.692558,20.084816,21.63307,24.49643,27.614616,29.76991,28.416916,33.197304,29.922873,27.986687,28.683105,27.206541,23.971628,22.248907,26.028227,26.354387,21.932507,18.481474,22.199572,26.364368,22.426397,20.132595,20.978533,18.39182,16.824358,18.708475,15.850768
12,34.744087,32.75689,29.112843,26.772825,24.46007,21.332617,19.780113,14.231947,13.334418,7.632556,5.503751,5.519154,0.0,3.746242,6.784958,8.763265,12.571817,14.281644,18.367018,21.951618,24.497845,28.72421,31.482449,33.43651,36.281242,34.722076,34.256657,29.997173,26.640434,26.076868,20.537159,20.534706,14.277921,14.180322,13.088013,11.5491,15.97716,16.439941,17.226904,19.078457,18.647139,22.157011,19.107761,23.755674,28.48911,28.68717,33.307747,33.073612,37.10377,38.7008,37.138966,32.079735,34.603306,30.839153,28.551235,27.214079,23.776062,21.247713,22.684978,21.383812,20.130798,25.839739,27.816772,30.892612,35.00549,37.222446,38.882973,40.13507,37.928997,33.34778,29.75047,28.55664,23.829311,24.818876,20.539852,21.84171,19.903763,18.57835,19.639715,15.128214,10.747988,11.482436,10.400704,12.950388,16.674276,15.192921,21.688951,22.88304,26.308716,29.181293,31.82832,30.81613,36.02657,33.185272,31.722965,32.407623,30.499765,27.014385,26.093065,29.850767,29.314455,24.549435,21.972971,26.029877,30.548185,27.02757,24.500628,25.799227,22.386,21.299992,22.516214,19.662476
13,32.878662,31.020752,27.640194,24.92981,22.939133,19.650831,18.493113,13.213779,12.226273,8.216919,5.472941,8.3492985,3.746242,0.0,5.6073527,6.1774626,10.336033,11.897728,15.943972,19.690199,21.911266,26.466259,28.795683,31.131613,33.63523,31.84767,31.648653,27.208933,24.03993,23.045855,17.801456,17.355547,10.659164,11.153049,9.493765,8.5688505,12.97213,12.95492,13.830843,15.724442,14.935985,18.658697,15.745296,20.77897,25.278217,25.808094,30.268314,30.471973,34.343094,35.874386,34.06071,29.133186,31.263115,27.570711,25.05556,23.627516,20.420252,17.82062,19.503553,18.517584,17.208076,23.15679,25.048836,28.400698,32.395706,34.89151,36.829395,38.210686,36.222797,31.618364,27.69592,26.85409,22.156172,23.308414,19.338087,20.653166,19.329456,17.736172,19.453852,15.304837,10.738312,11.80733,9.642067,12.013443,15.21071,13.978333,20.208532,21.120485,24.809258,27.492203,30.397196,29.622116,35.07502,32.599663,31.552378,32.257713,30.066898,26.422373,26.192734,30.01364,28.795753,23.867325,22.04563,26.444525,31.240423,28.023937,25.245604,26.808716,22.636246,22.083244,22.767693,20.26065
14,29.157207,27.778578,23.831816,21.909891,20.181831,16.150757,16.321823,9.887159,10.908586,5.528773,8.212101,9.712173,6.784958,5.6073527,0.0,5.0311093,7.086471,10.397848,13.448904,17.729025,19.39316,24.35544,26.674204,28.69548,31.362028,30.231092,30.613773,26.167686,23.473705,21.923754,17.655037,16.03182,11.321755,8.529719,9.389224,7.4877276,11.907262,13.108625,12.327057,13.888501,15.578619,18.555538,16.675175,21.436335,25.157377,25.795519,29.972044,30.036413,34.18727,36.30744,34.7305,30.228018,32.2631,29.540344,26.376148,25.349596,22.645609,20.530226,23.080278,22.311676,20.482548,26.399002,27.563217,31.156603,34.317123,37.360844,39.25486,39.891716,38.605076,34.18667,30.08089,29.983934,25.232426,27.197897,23.37832,25.31279,24.300713,23.034056,24.933088,20.845959,16.07341,16.389225,13.8663225,15.016901,18.028786,15.025028,20.890057,20.497192,24.253311,26.395689,29.512747,29.412891,34.24678,32.387775,30.95707,32.637257,30.869728,27.091894,26.912813,31.389952,30.405342,25.55348,23.645905,28.36453,33.066566,29.30514,26.463947,26.786903,22.463718,21.22618,21.086884,17.959486
15,26.745226,24.92534,21.655832,18.829973,17.062551,13.617247,13.023037,7.979554,7.569118,6.8460927,6.956442,10.9091015,8.763265,6.1774626,5.0311093,0.0,4.38538,5.968883,9.792959,13.714541,15.827225,20.47565,22.837597,25.055407,27.643446,26.123703,26.130354,21.687677,18.763016,17.566168,12.768018,11.93963,7.364724,6.5558515,7.4910526,8.198379,12.30593,12.011715,10.775227,11.129271,11.954512,14.29353,11.958346,16.471315,20.50325,20.94969,25.28637,25.312101,29.39413,31.38639,29.84847,25.24757,27.550343,24.860928,21.900595,21.235573,18.172441,16.554169,19.713617,18.368044,16.130878,21.840654,22.71603,26.325016,29.312008,32.439217,34.3719,34.998585,33.844296,29.4668,25.236876,25.442663,20.761047,23.086552,19.604393,21.899736,21.554632,20.595577,23.188591,19.937733,14.754752,14.570308,11.186918,11.48272,13.822248,10.9111595,16.410181,16.104141,20.00091,22.216976,25.40679,25.252039,30.453897,28.707382,27.80567,29.208815,27.111992,23.257805,23.750242,28.128386,26.494925,21.576056,20.434166,25.385088,30.309439,27.010422,23.944702,24.84698,19.77749,19.462427,19.047546,16.844393
16,22.63118,21.14523,17.654715,15.166318,13.8195095,9.709031,10.65927,5.54658,7.203354,8.239588,10.736017,14.002468,12.571817,10.336033,7.086471,4.38538,0.0,4.391482,6.379669,10.83765,12.328527,17.359121,19.610434,21.645716,24.291954,23.260193,23.77135,19.36075,16.985182,15.257711,11.722998,9.754878,8.451101,4.9367695,8.688947,9.587366,12.823147,12.914687,10.050415,9.1712265,12.264926,13.308965,12.173367,15.955883,19.048128,19.577711,23.537378,23.490301,27.720377,30.18818,28.872797,24.776134,26.955536,25.256254,21.85086,21.695496,19.16026,18.198195,22.0281,20.820793,18.233809,23.565733,23.700096,27.429619,29.535034,33.136963,35.050697,35.045025,34.593307,30.481792,26.13421,27.09498,22.589315,25.548046,22.44131,25.13692,25.1968,24.476164,27.296787,24.257015,19.00336,18.456432,14.927561,14.321433,16.04169,12.077159,16.43683,14.739256,18.651108,20.208742,23.635923,24.184277,28.871546,27.856739,26.902588,29.05186,27.217949,23.319372,24.191158,28.95516,27.24715,22.533222,21.732464,26.854156,31.67476,28.218079,25.097712,25.185616,19.805904,19.336174,17.949966,15.7489605
17,21.71699,19.515184,16.89396,13.372849,11.69895,8.986282,8.110551,6.085777,5.2163973,10.273077,10.803425,14.97337,14.281644,11.897728,10.397848,5.968883,4.391482,0.0,4.580238,7.795324,10.496447,14.57492,17.253881,19.269245,22.043472,20.60625,20.33935,16.061132,13.131365,12.403638,7.659374,7.825667,7.8070984,7.531856,10.227721,12.492787,15.508238,14.500415,11.836865,9.774751,11.383826,11.190458,9.330252,12.104869,15.8457575,15.791315,20.132143,19.689837,23.964018,26.30611,25.212616,20.883759,23.709377,22.011026,19.093042,19.47683,16.374308,16.148216,20.38274,18.367485,15.391559,20.152647,19.923368,23.48472,25.404713,28.959845,30.76386,30.65877,30.266935,26.227331,21.899715,23.100008,18.72355,22.062202,19.31021,22.380838,22.944677,22.683609,25.89894,23.63624,18.272783,17.161781,13.354666,11.768075,12.63997,8.646736,12.250626,10.693064,14.716336,16.518234,19.91669,20.25685,25.323654,24.25227,23.764544,25.557692,23.460539,19.549446,20.963768,25.553053,23.372322,18.697296,18.559778,23.737694,28.634256,25.620722,22.393522,23.014233,17.156551,17.596272,16.144577,15.014929
18,17.428513,15.646729,13.1528425,9.604049,8.955716,5.6873426,7.5123634,7.3847427,8.359915,13.546467,15.271497,19.050835,18.367018,15.943972,13.448904,9.792959,6.379669,4.580238,0.0,4.792136,6.1757064,11.066374,13.33037,15.367077,18.031273,17.062897,17.576387,13.289296,11.369445,9.644431,7.614428,5.8872805,10.106272,8.343209,12.248783,14.588568,16.648394,15.837196,12.084646,8.724041,12.26623,10.460843,10.454294,12.035989,14.109517,14.318925,17.9458,17.643053,21.943022,24.79198,23.868443,20.33024,22.746698,22.279078,18.895842,19.818127,17.572882,17.9987,22.668707,21.042376,17.965307,22.15557,21.157429,24.795097,25.653112,29.731964,31.588238,30.884232,31.323696,27.6691,23.26591,25.296267,21.33585,25.084358,22.864193,26.066109,27.024157,26.818472,30.205666,28.08739,22.795444,21.676306,17.841396,15.94457,16.183344,12.035277,13.741132,10.433167,14.247601,14.939706,18.666258,19.967798,24.388763,24.344398,24.02145,26.506725,24.646116,20.835623,22.80734,27.557741,25.16181,20.885801,21.311235,26.456621,31.16546,28.194853,24.990124,24.944963,18.92524,19.369217,16.921453,16.093252
19,15.196533,12.496525,11.381175,6.6505156,6.015764,6.0703793,6.169388,10.104952,9.992982,16.894024,18.035103,21.863565,21.951618,19.690199,17.729025,13.714541,10.83765,7.795324,4.792136,0.0,4.793778,6.7878933,10.184312,11.574018,14.753803,13.830396,13.373919,9.6603775,7.5559654,7.7039013,6.3570437,7.6147423,13.396229,12.987515,16.40188,19.14911,21.104118,19.842203,16.22351,12.336034,14.874847,11.474924,11.513904,10.435882,12.143335,11.207959,14.838432,13.495772,18.038248,21.163342,20.936771,17.660767,20.91146,21.210896,18.462038,20.280249,17.851612,19.297886,24.209196,21.908491,18.577047,21.564919,19.757853,22.947765,22.870752,27.022726,28.570002,27.179121,28.19423,24.969782,20.823318,23.491919,20.050337,24.320099,22.708296,26.30705,27.740076,28.099705,31.712757,30.288918,24.998697,23.312298,19.563536,16.816147,16.115444,12.047125,11.34274,6.8634434,10.206573,10.309807,14.132769,15.844618,20.063473,20.568312,20.729607,23.31775,21.509111,17.907658,20.57989,25.16554,22.437845,18.704723,19.92983,24.852806,29.312464,26.762547,23.615686,23.525333,17.324533,18.532587,15.608411,16.056957
20,12.867009,11.553756,10.686438,6.652656,8.38795,7.106792,10.323512,12.833534,13.847682,19.593801,21.288275,25.153328,24.497845,21.911266,19.39316,15.827225,12.328527,10.496447,6.1757064,4.793778,0.0,6.551815,7.3616567,9.866962,11.969217,11.374476,12.967777,8.95052,9.097361,6.222101,9.058819,6.824168,14.337313,12.97883,16.706621,19.425722,20.402983,19.322733,15.163903,10.828053,14.676166,10.763804,12.657828,12.011305,11.404444,11.8238125,14.018431,14.011459,18.003977,21.368708,20.733067,18.480503,20.35176,21.614237,18.100294,19.91029,18.703592,20.15964,25.152124,23.754942,20.65007,23.680092,21.678509,25.16275,24.539026,29.151777,31.054296,29.680407,31.19894,28.175234,23.835337,26.882929,23.692364,27.801582,26.444801,29.737455,31.334871,31.295637,34.983696,33.370888,28.243994,27.049582,23.151655,20.831982,20.122618,16.467623,15.83767,11.286945,14.168862,13.222283,17.090326,19.509594,23.12254,24.449127,24.771399,27.6285,25.883013,22.413692,25.27824,29.80697,26.872719,23.261366,24.699682,29.611485,34.055206,31.53529,28.40049,28.104969,21.989721,22.93665,19.725126,19.801968
21,11.028356,7.9337015,9.853473,5.3204875,7.2157826,9.997049,10.86999,16.18464,16.32536,23.368664,24.681387,28.373655,28.72421,26.466259,24.35544,20.47565,17.359121,14.57492,11.066374,6.7878933,6.551815,0.0,5.3918185,5.0142756,8.82494,8.941948,8.351564,6.640201,7.2872415,8.345042,10.993752,12.161953,19.369774,18.97727,22.444576,25.348164,26.68848,25.318228,21.439878,17.085783,19.741367,15.059248,16.255339,13.024939,12.134129,10.547883,12.225615,9.933761,14.197253,18.070189,18.82875,17.1608,20.331104,22.482925,20.13272,22.861406,21.229664,23.602877,28.63622,26.341352,23.042841,24.64534,21.81911,24.441269,22.555927,27.004547,28.27255,25.751774,28.102013,25.829275,22.162088,25.817379,23.37187,27.945936,27.202606,30.92657,32.878147,33.55905,37.35793,36.445717,31.278395,29.379044,25.725462,22.601007,21.161226,17.59736,14.609435,9.539965,10.533324,8.066997,11.599896,14.83369,17.494669,19.806675,20.679653,23.74324,22.3252,19.419428,22.872149,27.040178,24.007074,21.393562,23.529087,27.902082,31.798674,29.77099,26.869867,26.315805,20.444033,22.077875,18.486183,19.959503
22,11.318527,10.247288,12.657212,9.174811,12.011044,13.265461,15.505669,19.715279,20.174042,26.683748,27.86046,31.931303,31.482449,28.795683,26.674204,22.837597,19.610434,17.253881,13.33037,10.184312,7.3616567,5.3918185,0.0,4.785779,4.8630686,4.516064,7.551555,5.65264,9.056583,7.3297296,13.067091,12.32463,20.27215,19.9264,23.096062,26.212845,26.633417,25.102203,21.170908,16.68154,19.43586,14.287471,16.86532,13.816653,10.493083,10.478095,10.02509,10.057149,13.037543,16.898401,16.994085,16.647182,18.111763,21.38057,18.520367,21.356216,20.978497,23.523813,28.521107,27.047976,24.036983,25.424656,22.394726,25.263588,22.83565,27.729359,29.497791,27.323898,30.076206,27.992147,24.088482,28.088062,25.987684,30.29525,29.9577,33.29182,35.552917,35.837807,39.789352,38.90634,34.003353,32.611042,28.765734,26.004578,24.353697,21.47139,18.698694,14.018555,15.258313,12.693033,15.952981,19.258444,21.795515,24.535706,25.805084,28.597422,26.940958,24.116295,27.855621,31.778545,28.262442,25.617002,28.150848,32.56202,36.58228,34.799576,31.83912,31.609821,25.630318,27.293306,23.760023,24.911108
23,8.503249,6.515653,10.489432,8.021408,10.929805,13.593173,15.418961,20.532421,21.142776,27.877644,29.575928,33.157898,33.43651,31.131613,28.69548,25.055407,21.645716,19.269245,15.367077,11.574018,9.866962,5.0142756,4.785779,0.0,4.9285603,7.3235235,8.173283,8.576108,11.116035,11.363407,15.642846,15.919224,23.63379,22.834766,26.454628,29.288147,30.147404,28.902332,24.80962,20.363043,23.44477,18.459822,20.420515,16.938904,14.490972,13.31548,13.075873,11.122431,14.256661,18.439072,19.623281,19.372042,21.77324,25.08666,22.728271,25.710476,24.82532,27.437517,32.468166,30.4893,27.302588,28.458591,25.27171,27.677753,24.852955,29.437933,30.630089,27.565252,30.70965,29.020094,25.629854,29.67759,27.69209,32.268997,31.861538,35.535675,37.667995,38.343815,42.20644,41.361332,36.23686,34.38651,30.717367,27.600197,26.038788,22.59102,19.245464,14.278734,14.458077,11.113647,13.740507,17.636053,18.850348,22.297733,23.375353,26.760738,25.682268,23.215069,26.80788,30.761091,27.72729,25.650925,28.00875,32.121128,35.702404,33.833954,31.08713,30.140842,24.597923,26.1331,22.249708,23.835531
24,10.941787,10.73544,14.500632,12.27041,15.398743,17.210768,19.547308,24.10347,24.710339,31.252924,32.630272,36.586735,36.281242,33.63523,31.362028,27.643446,24.291954,22.043472,18.031273,14.753803,11.969217,8.82494,4.8630686,4.9285603,0.0,4.464592,8.188177,8.994053,12.928079,11.851739,17.717121,17.07793,25.056427,24.562298,27.789959,30.847017,31.01957,29.555643,25.5778,21.129436,23.941761,18.691576,21.475626,17.964537,13.908976,13.728951,11.694314,11.55484,13.241911,17.22287,17.968155,18.980762,20.000658,24.26871,21.763214,24.856955,24.93906,27.751362,32.663387,31.259584,28.332928,29.114805,25.733667,28.19493,24.845093,29.697765,31.256884,28.482853,31.976978,30.518322,27.023651,31.35658,29.750372,34.10325,34.115116,37.47668,39.916634,40.335194,44.33598,43.63467,38.762474,37.270306,33.471127,30.572088,28.736847,25.91869,22.544622,17.880062,18.27712,15.019875,17.521807,21.284172,22.632235,26.268963,27.78653,30.774189,29.415157,27.021553,30.934017,34.612026,31.0926,29.024082,31.813986,35.930187,39.615387,38.052433,35.24855,34.723385,29.02408,30.744415,26.980566,28.442263
25,14.625519,13.714905,16.889801,13.469746,16.055672,17.631721,19.272148,23.711771,23.685255,30.447641,30.950172,35.3443,34.722076,31.84767,30.231092,26.123703,23.260193,20.60625,17.062897,13.830396,11.374476,8.941948,4.516064,7.3235235,4.464592,0.0,5.8251305,5.8112288,10.24455,8.992728,15.197594,14.930847,22.618395,23.16013,25.717583,29.170008,29.254356,27.295897,23.745277,19.332085,21.050964,15.583392,18.367085,14.492715,9.833009,9.98685,7.366279,8.577917,9.969849,13.674423,13.801459,14.810136,15.543075,19.875864,17.526922,20.78878,21.004463,24.055231,28.859232,27.503788,24.7243,25.145895,21.70336,24.223751,20.93564,25.927225,27.815695,25.653637,28.895187,27.289375,23.598059,27.97612,26.573149,30.714684,31.0337,34.15499,36.827534,37.15062,41.238007,40.82832,36.23037,34.929573,31.120577,28.329811,26.152895,24.104578,20.619158,16.508862,17.243034,14.523414,17.256664,20.457365,22.89705,25.949352,27.875278,30.14,28.270117,25.777666,29.962215,33.355392,29.335617,27.086203,30.267826,34.39741,38.298344,37.074745,34.175724,34.433865,28.470964,30.60755,27.245323,28.776875
26,16.675322,14.1146345,17.670155,13.62874,15.130113,18.065968,17.825129,23.38799,22.451433,30.000248,29.833115,34.180927,34.256657,31.648653,30.613773,26.130354,23.77135,20.33935,17.576387,13.373919,12.967777,8.351564,7.551555,8.173283,8.188177,5.8251305,0.0,4.946457,7.7977085,10.134278,14.007504,16.230558,23.1657,24.583689,26.91009,30.527462,31.354748,29.125166,25.908007,21.539791,22.252644,16.818348,18.23683,12.993037,10.096546,7.7671514,6.4733357,3.499605,6.1581516,10.311623,11.930673,12.141367,15.19895,18.901026,17.840298,21.454805,20.48488,23.928825,28.661314,26.290531,23.341524,22.89869,19.129917,20.909002,17.19527,21.821873,23.14922,20.368557,23.796724,22.508877,19.325977,23.873837,22.91369,27.265339,27.903585,31.293222,34.0956,34.979565,39.05473,39.174023,34.601234,32.796547,29.260427,26.00776,23.389053,21.686518,16.985455,13.452109,13.1105385,10.334526,12.427158,15.351488,17.933605,20.89165,23.339338,25.09309,23.167784,21.059294,25.54097,28.454727,24.286797,22.626915,26.253208,29.932037,33.52275,32.772263,30.044075,30.626272,24.89708,27.620394,24.544847,26.851412
27,16.31366,14.035716,16.24985,11.619526,13.040107,14.81004,15.03324,19.69869,18.878557,26.06036,25.86667,30.402613,29.997173,27.208933,26.167686,21.687677,19.36075,16.061132,13.289296,9.6603775,8.95052,6.640201,5.65264,8.576108,8.994053,5.8112288,4.946457,0.0,4.468619,5.2000875,9.805678,11.324044,18.371927,19.798685,22.021416,25.667301,26.418491,24.18698,20.978329,16.638514,17.417454,12.00187,13.671546,9.157583,6.25923,4.917097,5.6853967,5.4943295,9.067092,12.492177,12.435704,11.192106,13.756726,16.537245,14.494177,17.736374,16.72131,19.797016,24.700153,22.67016,19.665258,20.26229,16.98401,19.65947,17.274067,22.146715,24.017317,22.2914,24.731007,22.54207,18.571424,22.692429,20.944193,25.183153,25.313784,28.563099,31.156599,31.636005,35.701756,35.410625,30.792814,29.328222,25.594772,22.679564,20.37749,18.557314,14.9990425,11.278574,12.476818,10.680062,13.878916,16.322824,20.0866,22.093845,24.000998,25.767723,23.540123,20.768368,24.927044,28.315474,24.20062,21.585035,24.767965,28.990007,33.10154,31.905575,28.927212,29.70554,23.582026,25.995077,23.075079,24.709866
28,18.217978,15.160437,16.50753,11.423671,11.523202,13.472609,12.120675,16.977964,15.374339,22.909096,22.156443,26.704245,26.640434,24.03993,23.473705,18.763016,16.985182,13.131365,11.369445,7.5559654,9.097361,7.2872415,9.056583,11.116035,12.928079,10.24455,7.7977085,4.468619,0.0,5.8321724,6.3110776,10.210933,16.044016,18.113781,20.07666,23.725195,25.146969,22.826532,19.966461,15.918719,15.955839,11.126996,11.247187,6.3198614,7.042845,4.123567,8.273568,6.5640297,10.928323,13.7038145,13.700063,10.572631,14.66075,15.76847,14.196293,17.132355,14.841225,17.737608,22.611998,19.871098,16.635279,17.493624,14.537969,17.226587,15.891117,20.363132,22.049198,20.632519,22.26086,19.546743,15.429807,19.15579,16.964705,21.36396,21.196833,24.660488,27.09853,27.793325,31.79884,31.576363,26.880884,25.166754,21.539787,18.427635,16.056046,14.292381,10.5968685,7.336529,9.069949,8.58055,11.965474,13.502729,18.314981,19.28734,21.052025,22.415659,19.944323,16.908062,20.946894,24.377563,20.304888,17.331657,20.41927,24.73104,29.002949,27.768303,24.735443,25.89481,19.695961,22.32357,19.837902,21.576542
29,17.254303,15.602826,16.216972,11.570117,12.803875,12.684216,13.768532,16.756025,16.266241,22.610518,22.481306,27.177414,26.076868,23.045855,21.923754,17.566168,15.257711,12.403638,9.644431,7.7039013,6.222101,8.345042,7.3297296,11.363407,11.851739,8.992728,10.134278,5.2000875,5.8321724,0.0,7.0842233,6.3172503,13.6757965,14.960085,17.050613,20.708647,21.250679,19.053766,15.798788,11.484217,12.560257,7.2417817,9.632581,7.338737,5.186882,6.532875,8.65074,10.231081,13.535839,16.265652,14.927328,12.698356,14.1412,15.652058,12.341927,14.757794,13.89796,16.230093,21.252876,19.86548,16.925695,18.941256,16.508802,20.043253,19.136738,23.98204,26.307074,25.56131,27.092869,24.161343,19.625374,23.059149,20.515755,24.40632,23.916733,26.870214,29.139278,29.065325,33.053257,32.210056,27.595083,26.63869,22.711622,20.379375,18.642853,16.724377,15.004876,11.517692,14.205689,13.473024,17.16655,19.104359,23.551195,24.749826,26.066898,27.840822,25.436527,22.15203,25.771082,29.551186,25.652464,22.17592,24.697165,29.376467,33.92549,32.26371,29.09723,30.008757,23.68005,25.596827,22.928228,23.669168
30,20.944407,18.206606,17.70694,12.809548,11.918665,11.825323,10.102906,12.748451,10.665622,17.551207,16.261192,21.104412,20.537159,17.801456,17.655037,12.768018,11.722998,7.659374,7.614428,6.3570437,9.058819,10.993752,13.067091,15.642846,17.717121,15.197594,14.007504,9.805678,6.3110776,7.0842233,0.0,6.533041,10.122045,12.858443,14.307784,17.928581,19.831417,17.513193,15.0977335,11.720783,11.101605,7.849658,6.161448,4.8202066,9.080046,8.30844,13.022349,12.691103,16.666224,18.71917,17.670353,13.319056,16.724438,15.669013,13.401586,15.049521,11.844073,13.538212,18.398815,15.737678,12.376455,15.258878,13.750934,17.240126,18.163034,22.150747,24.141432,23.94736,24.161572,20.470798,15.88204,18.274645,14.8154545,18.768642,17.535725,20.801022,22.689043,22.902515,26.779959,25.95301,21.121634,19.774982,15.928788,13.337574,11.701234,9.811186,9.131549,7.296344,10.99728,12.348629,15.814088,16.287909,21.876596,21.463734,22.391487,23.480322,20.791592,17.161491,20.225164,24.034369,20.423462,16.276274,18.28694,23.131815,27.942633,26.150034,22.913744,24.475874,18.156961,20.24843,18.476686,19.170433
31,19.608805,18.303444,17.016916,12.927383,13.314234,10.932876,12.545765,12.795245,12.7601185,17.580914,17.683327,22.334822,20.534706,17.355547,16.03182,11.93963,9.754878,7.825667,5.8872805,7.6147423,6.824168,12.161953,12.32463,15.919224,17.07793,14.930847,16.230558,11.324044,10.210933,6.3172503,6.533041,0.0,8.040705,8.708441,10.896783,14.409061,15.199754,13.283759,9.857939,5.7147756,7.872557,4.780342,6.639335,8.918032,9.8064375,11.5307045,14.576551,16.032005,19.551857,21.89172,20.048834,16.82828,17.930517,17.550392,13.570631,14.384108,13.078784,13.773604,18.640266,17.812212,15.013255,18.978695,17.88458,21.931149,22.73053,27.148561,29.60993,29.619349,30.128414,26.485424,21.706291,24.054573,20.5516,23.935837,22.43673,25.08526,26.657818,26.014284,29.717842,28.03647,23.328384,22.892767,18.877438,17.372467,16.739258,14.458748,15.384815,12.648222,16.418716,16.8293,20.663837,21.9676,26.889105,27.111052,27.6325,29.419573,27.002901,23.29519,26.001385,30.178217,26.859724,22.588322,24.001192,29.03874,33.922405,31.6406,28.371962,29.28799,23.041822,24.207455,22.025347,21.632742
32,26.903875,25.35656,23.209827,19.440592,18.650118,15.640602,15.70593,13.156271,12.13756,14.2027025,12.353478,17.355318,14.277921,10.659164,11.321755,7.364724,8.451101,7.8070984,10.106272,13.396229,14.337313,19.369774,20.27215,23.63379,25.056427,22.618395,23.1657,18.371927,16.044016,13.6757965,10.122045,8.040705,0.0,6.447839,4.5933104,8.650889,10.485196,7.9359126,7.2156415,7.1187716,4.681954,8.115642,6.136462,12.069303,15.362756,16.900831,20.685133,22.128138,25.471598,26.955437,24.598719,20.317387,21.375887,18.56419,15.134682,14.068769,11.739063,10.012526,13.753651,13.382271,11.316798,17.087284,17.881023,21.992798,24.876965,28.399734,30.99242,32.27225,31.353144,27.03947,22.328161,23.091543,18.970987,21.093927,18.710962,20.469986,21.270222,19.824062,23.140158,20.833786,16.511427,17.10108,13.296157,13.449542,13.938726,13.113489,16.75523,16.306875,20.343054,22.089607,25.573027,25.684399,31.373903,30.225485,30.38033,31.282373,28.569986,24.770966,26.52227,30.36667,27.435724,22.593695,23.066309,27.981535,33.099182,30.73932,27.532738,29.357681,23.616488,24.460678,23.610424,22.429071
33,24.028845,23.23331,20.067001,17.476738,17.013552,12.627016,14.698126,10.3878765,11.752097,12.017934,13.459038,17.125723,14.180322,11.153049,8.529719,6.5558515,4.9367695,7.531856,8.343209,12.987515,12.97883,18.97727,19.9264,22.834766,24.562298,23.16013,24.583689,19.798685,18.113781,14.960085,12.858443,8.708441,6.447839,0.0,5.0754776,6.4967194,8.45761,8.489849,5.147655,5.4056196,9.133358,11.309842,11.235143,16.13135,18.302332,19.891846,23.264938,24.390957,28.14848,30.386122,28.400436,24.677492,25.634703,23.94183,19.938183,19.194227,17.660398,16.209625,19.839716,19.824121,17.682812,23.292927,23.618307,27.712564,29.88872,33.743916,36.1323,36.62959,36.236507,32.08145,27.426807,28.518007,24.214592,26.784172,24.014488,26.12958,26.435612,25.082243,27.98571,24.865881,20.184761,20.549206,16.929523,16.983559,18.308043,15.527072,19.501259,17.735794,21.799736,23.010527,26.683891,27.465153,32.36064,31.678146,31.140308,33.08758,30.957775,27.047594,28.363413,32.893356,30.64795,25.855875,25.596102,30.71435,35.68063,32.538506,29.36745,29.89414,24.351385,24.173565,22.738815,20.664707
34,28.574795,27.59023,24.799961,21.735851,21.10319,17.209433,18.24416,14.115658,14.205368,13.778266,13.00229,17.158659,13.088013,9.493765,9.389224,7.4910526,8.688947,10.227721,12.248783,16.40188,16.706621,22.444576,23.096062,26.454628,27.789959,25.717583,26.91009,22.021416,20.07666,17.050613,14.307784,10.896783,4.5933104,5.0754776,0.0,4.2939076,6.0962005,4.5741696,4.694861,7.3445864,7.0177803,11.440167,10.557968,16.5097,19.15951,21.072819,24.51922,26.201992,29.555267,31.171577,28.660475,24.655954,25.118776,22.39754,18.621826,16.980743,15.499143,13.036288,15.8068695,16.526182,15.084711,21.086832,22.208958,26.34077,29.351402,32.860558,35.514072,36.86517,35.87856,31.511486,26.842491,27.358736,23.138575,24.895706,22.167091,23.518782,23.74428,21.802979,24.591318,21.45229,17.45739,18.71302,15.308232,16.316526,17.61606,16.41351,20.785526,20.099007,24.19697,25.82977,29.395689,29.666443,35.125668,33.981247,33.74031,34.94205,32.42824,28.57705,29.881227,33.92483,31.405674,26.480333,26.350336,31.264238,36.347607,33.597233,30.458483,31.889938,26.456152,26.634811,25.85089,23.927057
35,30.379871,29.663198,26.262901,23.8672,23.103975,18.72141,20.10294,14.742246,15.583919,12.817848,13.163458,16.141665,11.5491,8.5688505,7.4877276,8.198379,9.587366,12.492787,14.588568,19.14911,19.425722,25.348164,26.212845,29.288147,30.847017,29.170008,30.527462,25.667301,23.725195,20.708647,17.928581,14.409061,8.650889,6.4967194,4.2939076,0.0,4.593072,6.039862,6.6869783,10.236373,11.222649,15.553562,14.740313,20.575573,23.234478,25.056948,28.522459,29.998146,33.529697,35.306488,32.889706,28.880472,29.383873,26.646627,22.868639,21.070053,19.668423,16.930756,19.070364,19.994028,18.791428,24.931982,26.281473,30.32651,33.504787,36.896942,39.441437,40.732014,39.601654,35.161346,30.611378,30.829222,26.424482,27.987516,24.834743,26.031868,25.647312,23.524452,25.749554,21.884394,18.07823,19.62164,16.708654,18.26368,20.303612,18.660006,23.713215,23.015455,27.093437,28.793165,32.316338,32.5762,37.81253,36.500565,35.80198,37.236717,34.96756,31.101643,31.853683,36.06495,34.079285,29.106468,28.294413,33.141586,38.12286,34.965557,31.94395,32.965633,27.973524,27.50141,26.918049,24.339743
