,0,1,2,3,4,5,6,7,8,9,10,11,12,13,14,15,16,17,18,19,20,21,22,23,24,25,26,27,28,29,30,31,32,33,34,35,36,37,38,39,40,41,42,43,44,45,46,47,48,49,50,51,52,53,54,55,56,57,58,59,60,61,62,63,64,65,66,67,68,69,70,71,72,73,74,75,76,77,78,79,80,81,82,83,84,85,86,87,88,89,90,91,92,93,94,95,96,97,98,99,100,101,102,103,104,105,106,107,108,109
0,0.0,4.4173384,7.131149,10.226521,11.273936,14.808711,15.971612,21.18869,23.16526,26.686832,30.61911,34.529285,33.093964,31.612448,27.529701,25.673306,21.828089,21.762724,16.929598,15.493917,15.870424,13.685055,16.781357,18.7837,19.776718,23.105097,21.65148,23.738169,21.165417,21.387793,22.824425,21.388714,28.478151,23.94297,28.752197,27.819263,30.47035,31.671558,28.544891,26.689686,30.17727,27.76073,28.602764,28.896706,28.31704,27.90228,30.07064,30.707394,29.670633,33.221325,31.86007,28.936142,33.46613,35.834415,31.773281,32.34745,37.046448,35.802055,34.090893,36.99918,41.02316,37.260586,38.68568,42.433113,43.697235,40.815235,40.258675,41.52837,36.385006,32.816925,32.185604,28.32513,29.76736,25.341135,28.71577,25.417551,26.65522,27.873497,24.539488,29.336481,24.896248,23.412899,20.409029,17.771252,16.896332,18.825998,13.947562,17.992748,14.605757,17.218832,16.727814,14.479569,17.279188,21.251303,21.719393,25.031097,25.344936,29.21364,26.33859,31.420847,29.244097,34.55796,39.285313,35.871708,32.654896,31.271008,25.957651,25.941925,22.039831,21.817032
1,4.4173384,0.0,4.630417,6.4723034,6.8947477,10.680245,11.626127,16.980253,18.803802,22.432644,26.233063,30.277094,28.807032,27.243498,23.293297,21.27808,17.484972,17.366413,12.929955,11.529663,12.411656,10.953463,14.587929,16.870525,18.919353,21.448889,19.82009,21.243914,17.922783,18.119926,18.888485,17.275496,24.173428,19.788963,24.545177,23.766176,26.580736,27.644613,24.671755,22.833967,26.05734,23.95482,24.481133,25.084171,25.128439,24.584251,27.27086,28.109575,27.426275,30.491926,28.788706,25.961212,30.717113,32.603832,28.328411,29.423712,33.79264,32.16108,30.601583,33.740086,37.454113,33.45538,35.254036,38.9202,39.954937,37.07624,36.878628,38.5376,33.305084,29.769835,28.915272,25.482435,27.110168,22.651344,26.66987,23.378456,25.42081,26.655214,24.118246,29.239952,25.395834,23.606558,20.66391,17.398119,15.853241,16.74058,12.144019,14.720396,11.466794,14.033182,14.277033,12.613731,16.167547,19.024994,19.107182,21.99729,21.871773,25.498001,22.426558,27.48184,25.083582,30.388197,35.079826,31.61638,28.390015,27.225117,21.824574,22.032057,18.287048,18.266254
2,7.131149,4.630417,0.0,4.95863,7.651536,8.7161665,12.252145,16.33176,18.799921,22.250048,25.922245,30.349375,27.915405,26.163328,21.934076,20.288097,16.060349,16.948229,11.086239,11.732867,11.3596945,10.76002,15.22996,16.425512,18.461246,20.998564,20.529932,20.853445,18.41686,17.304922,19.05053,15.766372,22.776062,17.527569,22.35229,21.245823,23.571054,24.961609,21.86841,20.324047,24.176147,22.308851,23.81939,24.780973,24.798906,25.055792,27.24611,28.874855,29.008797,31.663916,29.43316,27.44921,32.45894,33.662888,29.650106,31.592804,35.45047,33.398117,32.452694,35.828747,38.91197,34.878498,37.386326,40.91057,41.633682,38.89011,39.27995,41.400356,36.126835,32.66856,31.495316,28.588425,30.200933,25.62837,30.063152,26.423126,29.037605,29.540981,27.56849,32.548904,28.688408,26.359276,23.23376,20.019197,18.969366,19.209206,15.63388,17.131304,14.637571,17.156813,18.02434,16.659224,20.353262,22.498089,22.523603,24.73821,24.259192,27.429829,24.12692,29.018454,25.931656,31.142698,35.697266,32.156384,28.940496,28.302807,22.928873,23.376719,20.200449,19.883772
3,10.226521,6.4723034,4.95863,0.0,4.5098825,6.618345,9.284492,14.221012,15.573101,19.610456,22.456194,27.361101,25.216846,23.026735,19.510098,16.935768,12.829326,12.879908,6.7341213,6.9064984,6.5983534,6.711565,11.364559,12.838537,15.91776,17.473341,16.702625,16.54791,13.628309,12.574802,14.156982,11.306409,18.638681,14.130029,19.055565,18.883749,21.07413,21.804054,18.489939,16.494087,20.012447,17.75914,19.066195,19.842499,19.988825,20.170364,22.58992,24.292877,24.722706,27.024748,24.613949,22.83565,27.939089,28.839476,24.924755,27.247028,30.824158,28.691565,28.065304,31.48635,34.283825,30.468487,33.26599,36.733288,37.48541,35.107746,35.824833,38.06666,32.978962,29.57101,27.89552,25.354975,26.696615,22.022816,26.79059,22.906202,26.221384,26.272743,25.182716,30.200045,26.950747,24.280449,21.316765,17.739918,16.406836,15.619369,13.159989,13.288012,11.877469,14.700117,16.441393,16.054373,20.208275,21.5812,20.769728,22.959377,21.68393,24.493084,20.52196,25.303055,21.714338,26.91713,31.518213,28.38107,25.136763,25.265894,19.58624,20.847507,17.776129,18.436113
4,11.273936,6.8947477,7.651536,4.5098825,0.0,6.1048493,5.3355055,11.457293,12.335091,16.42776,19.611858,24.05772,22.700706,20.835178,17.475063,14.761005,11.233189,10.501523,7.538139,5.745485,8.216433,8.735736,12.480253,15.094369,18.730307,19.63642,17.687138,17.894613,13.208178,13.5400505,12.66861,11.125508,17.55332,13.922419,18.489574,18.379946,21.402588,21.951685,19.25768,17.335474,19.806822,18.188524,17.918476,19.002344,20.222662,19.364017,22.966637,24.063229,23.998928,26.11714,23.880306,21.297977,26.308657,27.322922,22.776695,24.801073,28.488653,26.236265,25.030035,28.508972,31.617294,27.344381,29.812592,33.304893,33.997772,31.276072,31.752213,34.020123,28.796553,25.392946,24.003483,21.478554,23.244549,18.862684,23.834873,20.622955,23.969624,25.040468,23.978949,29.306173,26.55416,24.390808,21.76144,17.885683,15.515247,14.424769,11.306358,10.3301,8.254842,10.473196,12.408679,12.372597,16.629574,17.317705,16.415472,18.454357,17.232979,20.199728,16.540136,21.453093,18.501379,23.776695,28.424599,25.04408,21.793842,21.318356,15.669143,16.65798,13.352813,14.203115
5,14.808711,10.680245,8.7161665,6.618345,6.1048493,0.0,6.5386686,8.281146,10.941909,14.132179,17.588963,22.189955,19.308514,17.474342,13.307119,11.720746,7.474877,9.433012,6.0894804,8.78811,9.782215,12.024346,16.38219,17.787922,21.54934,22.151936,21.419737,20.086098,16.144505,14.813521,14.156363,9.468841,14.983849,9.698188,14.202644,13.087786,16.162567,17.430094,15.18561,14.137443,17.058044,16.85851,17.363552,19.612358,21.670326,21.614708,25.024408,27.06283,27.98492,29.2912,26.331383,24.746733,29.912848,29.817627,25.404663,28.552315,31.3423,28.281326,27.727118,31.543093,33.70652,29.02452,32.398685,35.547974,35.549385,32.72553,33.988533,37.022327,31.706757,28.572319,27.117065,25.533888,27.604872,23.532976,28.90772,25.815422,29.63028,30.39435,29.840149,35.08963,32.399704,29.93287,27.195757,23.381065,21.317846,19.701973,17.325249,15.197403,13.760387,15.018632,17.206345,17.129457,21.162731,20.772255,20.24763,20.845192,19.50226,21.627577,18.372435,22.720964,19.249504,24.102049,28.319542,24.478052,21.377941,21.207539,16.178688,16.98433,15.013795,14.782417
6,15.971612,11.626127,12.252145,9.284492,5.3355055,6.5386686,0.0,7.0510077,7.24939,11.260608,14.70268,18.797918,17.854248,16.293203,13.207065,10.503624,7.996059,6.8993134,8.662907,7.383929,10.972967,12.718916,15.796231,18.56203,22.803955,22.768053,20.460707,20.005262,14.185976,14.971106,11.495786,10.281585,14.621851,12.007655,15.717284,15.646668,19.40615,19.78388,18.049006,16.551052,17.767174,17.504246,15.702888,17.704819,20.583437,19.06341,23.756933,24.750635,24.851038,26.107328,23.63627,20.913805,25.795708,26.136307,21.061317,23.536919,26.613993,23.717564,22.336094,26.079441,28.840395,23.857386,26.583624,29.855492,30.060244,26.985224,27.784344,30.61664,25.254797,22.07277,20.80835,19.15612,21.523735,17.829224,23.269402,20.944916,24.742716,26.49922,26.105087,31.52797,29.55308,27.646141,25.390993,21.370573,18.33084,16.367641,13.82239,10.322583,8.775654,9.003632,11.68151,12.533047,16.552582,15.242907,14.118587,14.804361,13.148578,15.574745,12.3106165,17.006554,14.405454,19.505127,23.976267,20.15245,16.953234,16.13788,10.680646,11.572432,8.878946,9.876193
7,21.18869,16.980253,16.33176,14.221012,11.457293,8.281146,7.0510077,0.0,5.108103,6.1982713,11.000602,14.438164,11.974079,11.16507,6.845909,6.65768,5.547718,7.7622337,11.696824,13.1205225,15.736226,18.44887,21.861721,23.914255,28.301916,27.915104,26.329243,24.735493,19.324318,19.085669,15.156866,11.89154,12.975322,10.070379,12.135643,10.680783,15.345825,16.384104,16.214619,16.033873,16.52646,18.572863,16.583736,20.005426,24.174595,23.038761,27.858112,29.455639,30.280264,30.608923,27.590036,25.619144,30.369436,29.560032,24.511229,27.900877,29.879005,26.075346,25.129332,29.114855,30.829409,25.161146,28.642841,31.3493,30.5653,27.112019,28.734327,32.50235,27.123922,24.491306,23.506844,23.159433,26.016459,23.115232,28.715675,26.971273,31.02588,32.907948,32.92612,38.321705,36.5593,34.59461,32.335087,28.311293,25.319021,23.020853,20.843159,16.676077,15.5104685,14.628071,17.070953,17.801643,21.194117,18.381292,17.885834,16.36351,14.853696,15.833452,14.061133,17.441645,15.085208,19.126396,22.749516,18.04926,15.279188,14.137332,10.51959,10.433683,10.451887,9.510699
8,23.16526,18.803802,18.799921,15.573101,12.335091,10.941909,7.24939,5.108103,0.0,4.8025794,7.506113,11.812655,11.033343,9.523678,7.8668265,4.788799,6.010022,4.8832393,11.977847,12.0588,15.256456,18.061384,20.514467,22.873808,27.609337,26.445705,24.306826,22.673325,16.652046,17.249304,11.763756,10.64665,10.434916,10.294448,11.750522,12.265525,16.406448,16.233633,16.046585,15.322748,14.5048485,16.365805,12.884672,16.230906,21.050241,19.274467,24.665726,25.887568,26.686821,26.536684,23.596611,21.525297,26.028358,24.965784,19.8176,23.386738,24.996655,21.071474,20.184864,24.204254,25.737373,20.071276,23.741886,26.402891,25.679373,22.527927,24.438442,28.297054,23.157879,20.635038,19.12939,19.38855,22.02284,19.431356,25.12868,23.611845,28.062605,29.829983,30.58384,35.81722,34.741764,32.794575,30.887941,26.852547,23.628344,20.665298,19.517817,14.066368,14.134785,12.962126,16.040588,17.746687,21.157652,17.778885,16.251627,14.739833,12.036436,12.286585,9.606969,12.761641,9.977673,14.157752,18.048052,13.707125,10.68093,10.600094,6.158062,7.950874,8.419868,9.704947
9,26.686832,22.432644,22.250048,19.610456,16.42776,14.132179,11.260608,6.1982713,4.8025794,0.0,5.948026,8.249023,7.1955304,7.2846627,5.80009,5.9750905,8.77368,9.300076,16.078466,16.778086,19.78679,22.695738,25.301414,27.55195,32.276237,31.088715,29.071344,27.230312,21.324389,21.728567,16.18404,14.585873,12.394787,12.592455,12.476085,12.073737,16.620403,16.808067,17.862303,17.961988,16.522106,19.6648,15.983298,19.813633,25.15134,23.374651,28.852777,30.119352,30.999538,30.467438,27.484259,25.53628,29.730383,28.251,23.119114,26.733133,27.787941,23.522373,22.566292,26.514992,27.571163,21.454912,25.14553,27.343138,25.924751,22.305712,24.515322,28.884874,23.805023,21.776737,20.834976,21.815077,24.852228,22.975327,28.491932,27.613503,31.910099,34.125122,34.873383,40.123722,39.181583,37.416348,35.557446,31.51934,28.167547,25.28852,23.891436,18.507986,18.229044,16.38655,19.031118,20.56659,23.446611,19.189253,18.210545,15.303034,13.126638,12.344329,11.697754,13.443161,11.986118,14.749331,17.65753,12.522439,10.221079,8.963866,7.5029387,7.501065,10.063728,9.901325
10,30.61911,26.233063,25.922245,22.456194,19.611858,17.588963,14.70268,11.000602,7.506113,5.948026,0.0,6.17471,6.22383,4.676407,8.024456,6.349721,10.692409,9.962673,17.580317,18.195026,20.852571,24.08112,25.914268,27.849144,32.777927,30.697502,28.795845,26.297197,20.719297,21.128124,15.06022,14.545641,9.601604,12.894637,11.233637,12.82746,16.190512,15.0808115,16.64343,16.725237,13.626236,17.383705,12.731889,16.77386,22.833675,21.039238,26.51826,27.880985,29.334463,27.836561,24.63826,23.492537,27.260149,24.77074,20.170153,24.597729,24.459457,19.72725,19.720873,23.634802,23.481894,17.63011,22.287296,23.989016,22.175064,19.415043,22.75538,27.507832,23.133053,21.580437,19.768768,21.9182,24.340332,22.873865,28.338402,27.448988,32.289227,33.792484,35.572807,40.46911,40.184494,38.167473,36.580235,32.636997,29.433935,25.83239,25.830671,19.552402,20.66514,19.09967,22.221504,24.388887,27.37968,22.995893,21.165041,18.438221,15.218822,13.072359,11.57598,11.582091,9.048258,10.315184,12.660796,8.133234,6.174578,8.729298,8.290404,10.520606,13.411615,14.789226
11,34.529285,30.277094,30.349375,27.361101,24.05772,22.189955,18.797918,14.438164,11.812655,8.249023,6.17471,0.0,6.5210814,8.3368225,11.345584,11.79569,15.923084,15.496558,23.171991,23.441465,26.495369,29.493225,31.314611,33.594646,38.50932,36.536907,34.23876,32.135036,26.186392,27.071745,20.626736,20.54817,15.649304,18.569645,16.54337,17.158373,20.780983,20.075375,22.30484,22.725407,19.489128,23.496067,18.548252,22.338177,28.525015,26.2462,32.035076,32.923355,33.911057,32.307423,29.500988,27.840216,31.053598,28.687546,23.948067,27.645475,27.249752,22.616386,21.871777,25.405039,25.222559,18.943642,22.752747,23.87445,21.339016,17.741478,21.014822,26.158587,22.005558,21.177185,20.35342,23.152239,26.07994,25.637009,30.638544,30.797314,35.184933,37.603477,39.19558,44.10837,44.102303,42.55052,41.14511,37.204857,33.651096,30.298405,29.786171,23.64808,24.229317,21.800915,24.37523,26.505482,28.750402,23.437523,22.065033,18.07664,15.56369,12.398284,13.608116,12.060692,12.483244,11.962299,12.624415,7.308081,7.3926635,6.9018717,10.481047,10.688338,14.866393,15.417534
12,33.093964,28.807032,27.915405,25.216846,22.700706,19.308514,17.854248,11.974079,11.033343,7.1955304,6.22383,6.5210814,0.0,3.836692,6.364178,8.838805,12.705309,14.101762,20.550623,22.323177,24.588495,28.00218,30.536415,32.149853,36.947975,35.230423,33.860035,31.064802,25.914692,25.56335,20.361605,18.041346,12.913942,14.476937,11.744335,11.427537,14.998254,14.938474,17.741234,18.908384,16.312485,21.128216,17.697733,22.078617,27.969858,26.742159,31.83258,33.629807,35.300117,33.8466,30.458265,29.581373,33.449047,30.795914,26.356394,30.807655,30.57576,25.758852,25.78941,29.628012,29.199183,23.30556,27.829306,29.201939,26.864922,23.761951,27.127203,32.13062,27.711594,26.387304,25.196774,27.289968,30.071377,28.644653,34.112667,33.293133,37.957054,39.669544,41.080963,46.139248,45.491943,43.45299,41.627613,37.62196,34.48117,31.17328,30.516998,24.726282,25.076641,23.381035,26.138226,27.758442,30.554527,25.980593,24.964512,21.50587,19.194214,17.121647,16.966297,16.874886,15.230217,15.870526,17.029684,12.296517,11.492041,12.095773,13.11614,13.537651,16.9367,16.654636
13,31.612448,27.243498,26.163328,23.026735,20.835178,17.474342,16.293203,11.16507,9.523678,7.2846627,4.676407,8.3368225,3.836692,0.0,5.5248804,6.159875,10.2695055,11.431146,17.756147,19.711823,21.655102,25.222385,27.594053,28.953108,33.769463,31.833408,30.699936,27.603245,22.79207,22.158735,17.237875,14.762316,9.111014,11.366212,8.41829,9.326482,12.49072,11.817816,14.329693,15.311388,12.498848,17.333834,14.102265,18.56549,24.385893,23.4602,28.292465,30.338001,32.326054,30.781536,27.204285,26.751503,30.760561,27.920206,23.739052,28.58878,28.289753,23.453499,23.991108,27.92131,27.322914,21.799238,26.766275,28.31309,26.287672,23.729214,27.273046,32.11888,27.753395,26.192774,24.419456,26.37593,28.766722,26.945591,32.544857,31.222363,36.15248,37.26517,38.950775,43.895084,43.245724,40.94083,39.09298,35.134033,32.225296,28.69714,28.564224,22.636154,23.487438,22.30017,25.37898,27.140749,30.313837,26.20779,24.782501,22.019323,19.202625,17.384476,15.957221,16.257488,13.321925,14.424143,16.127995,11.996815,10.638038,12.812149,12.383322,13.961752,16.711142,17.169722
14,27.529701,23.293297,21.934076,19.510098,17.475063,13.307119,13.207065,6.845909,7.8668265,5.80009,8.024456,11.345584,6.364178,5.5248804,0.0,5.059352,7.2411747,10.214548,15.129928,17.672897,19.550367,22.960958,26.10533,27.501204,32.08881,30.952457,29.97672,27.260683,22.451225,21.490833,17.409277,13.494611,10.681797,9.39758,8.298684,6.6265574,11.304127,12.193143,13.890658,14.898041,14.021049,18.087708,16.018385,20.303736,25.370687,24.68858,29.33378,31.48489,33.16334,32.45405,28.941986,28.020693,32.51881,30.46177,25.914473,30.308397,31.00533,26.511124,26.487123,30.532572,30.878157,25.203247,29.640388,31.688293,30.091856,27.01124,29.767372,34.269707,29.344734,27.305094,25.960087,26.899294,29.594631,27.195166,32.90706,31.280499,35.868286,37.244804,38.1155,43.31887,41.99488,39.734016,37.57226,33.56232,30.722616,27.767424,26.639162,21.574953,21.43996,20.449266,23.20816,24.338062,27.595737,24.039774,23.253328,20.78051,18.698858,18.055468,16.666365,18.389027,15.608507,18.13153,20.649982,16.013939,13.997918,14.331065,12.682877,13.232502,15.163993,14.523282
15,25.673306,21.27808,20.288097,16.935768,14.761005,11.720746,10.503624,6.65768,4.788799,5.9750905,6.349721,11.79569,8.838805,6.159875,5.059352,0.0,4.4419675,5.5907955,11.851199,13.679246,15.754313,19.213184,21.832937,23.363827,28.13387,26.615377,25.366163,22.676027,17.638433,17.020325,12.421648,9.391925,6.838112,7.0110135,7.114459,8.158701,11.961535,11.59764,12.060695,12.010409,10.78457,13.983287,11.293136,15.416819,20.523893,19.644072,24.437845,26.449589,28.141674,27.406256,23.91514,23.010225,27.561123,25.576454,21.071,25.594963,26.382647,22.029083,22.203096,26.277699,26.75267,21.41351,25.989641,28.278542,27.146778,24.539919,27.283367,31.50634,26.702734,24.453152,22.51385,23.342396,25.60648,22.946783,28.718714,26.771297,31.60908,32.557705,33.79932,38.86202,37.776634,35.390133,33.365204,29.383825,26.591707,23.295147,22.868433,17.346613,17.999472,17.404911,20.598124,22.18624,25.757725,22.53892,21.023277,19.369312,16.53879,16.060661,13.264815,15.414853,11.5492325,14.820507,18.09805,14.098108,11.475122,13.120533,9.890616,12.006753,13.1720085,14.034178
16,21.828089,17.484972,16.060349,12.829326,11.233189,7.474877,7.996059,5.547718,6.010022,8.77368,10.692409,15.923084,12.705309,10.2695055,7.2411747,4.4419675,0.0,4.7011704,7.94975,10.701285,12.312143,15.752143,18.998884,20.331093,24.881575,23.953646,23.061512,20.542953,15.943585,14.727984,11.647114,6.857503,8.338785,4.7713056,7.824339,7.9519653,11.595138,11.954326,11.013696,10.519705,11.36306,13.211795,12.198158,15.718068,19.694515,19.342596,23.557606,25.804558,27.424507,27.38827,23.92768,22.97172,27.904047,26.514402,22.101755,26.331541,27.851297,23.946684,24.020437,28.061693,29.10491,24.113543,28.379663,31.033978,30.376995,27.796928,30.047619,33.837795,28.821283,26.174229,24.266533,24.166956,26.290869,22.93571,28.707767,26.139666,30.78179,31.44828,32.178535,37.31354,35.64927,33.09525,30.782333,26.826134,24.34766,21.457014,20.57902,15.974031,16.12677,16.317053,19.364632,20.457676,24.33832,22.11907,20.857525,20.093613,17.673508,18.260365,14.954858,18.1655,14.094573,18.194712,21.929121,18.123474,15.245961,16.330118,12.0142975,13.811063,13.640236,14.18804
17,21.762724,17.366413,16.948229,12.879908,10.501523,9.433012,6.8993134,7.7622337,4.8832393,9.300076,9.962673,15.496558,14.101762,11.431146,10.214548,5.5907955,4.7011704,0.0,8.055806,8.360334,11.001029,14.165627,16.458536,18.409397,23.233128,21.806772,20.07103,17.972412,12.401734,12.443213,7.580965,5.9914627,7.8919373,7.6027904,10.299248,12.011435,15.091694,14.388573,13.004169,11.494132,11.328441,11.941966,9.3188715,12.308155,16.566935,15.380438,20.269165,21.941069,23.235992,23.154823,19.925995,18.501905,23.362059,22.209095,17.55946,21.636234,23.30948,19.601479,19.502636,23.510172,24.86121,20.04563,24.125193,26.953129,26.684523,24.373384,26.454824,29.96934,25.120564,22.398087,20.111582,20.01293,21.847912,18.499578,24.290699,21.773764,26.612913,27.270748,28.392763,33.44154,32.247814,29.802872,27.786043,23.810627,21.070547,17.751886,17.555677,12.077143,13.168145,13.360796,16.796286,18.547924,22.453533,20.16866,18.175005,17.936169,14.881385,15.475829,11.204579,14.673767,10.205358,14.875634,19.123589,15.880959,12.736005,14.40449,9.211109,12.160566,11.4794655,13.527174
18,16.929598,12.929955,11.086239,6.7341213,7.538139,6.0894804,8.662907,11.696824,11.977847,16.078466,17.580317,23.171991,20.550623,17.756147,15.129928,11.851199,7.94975,8.055806,0.0,5.495774,4.7720733,8.312667,12.108953,12.877241,17.141563,16.846294,16.565746,14.352697,11.16571,8.893248,9.766661,4.717159,12.154518,8.003592,12.874383,13.74759,15.457079,15.531364,12.166781,9.998225,13.280015,11.499998,13.0519905,14.55605,15.8618555,16.474636,19.235138,21.727566,23.315256,24.340158,21.122072,20.409838,25.641197,25.201847,21.502958,25.192942,27.629072,24.749752,25.036528,28.741863,30.42865,26.602655,30.421057,33.53008,33.810997,31.860188,33.540485,36.45104,31.593237,28.4974,26.176334,24.856348,26.096895,21.714888,27.096708,23.256468,27.67421,27.143984,27.53852,32.420162,30.106783,27.051525,24.419346,20.688452,19.131948,16.673506,16.208828,13.391977,13.838651,15.962544,18.798508,19.49683,23.791084,23.546164,22.04208,23.192247,20.889093,22.573996,18.084747,22.176817,17.564932,22.363365,26.680193,23.855768,20.734667,22.199282,16.703554,18.965519,17.021408,18.293053
19,15.493917,11.529663,11.732867,6.9064984,5.745485,8.78811,7.383929,13.1205225,12.0588,16.778086,18.195026,23.441465,22.323177,19.711823,17.672897,13.679246,10.701285,8.360334,5.495774,0.0,4.387667,6.12005,8.750943,11.295403,15.786534,15.39328,13.358681,12.761255,7.683923,8.16113,7.446915,7.4686823,14.310244,12.22315,16.605322,17.972385,20.187471,19.756699,16.614511,14.012242,16.0547,13.382345,13.191655,13.570032,14.489556,13.778392,17.325165,18.668608,19.229164,20.887058,18.350103,16.404438,21.582998,22.143892,18.067572,20.787222,24.021917,21.79469,21.38137,24.844423,27.412815,23.817493,26.822586,30.224327,31.073578,29.160145,30.18612,32.50454,27.746738,24.475567,22.14953,20.198534,21.179638,16.574875,21.784233,17.906475,22.197926,22.02607,22.286507,27.302588,25.238285,22.486347,20.094141,16.16734,14.050004,11.456833,11.034705,8.056238,8.991433,11.666321,14.554773,15.687586,19.967077,20.106638,18.11294,20.185236,17.808146,20.00936,15.160473,19.671482,15.611829,20.786337,25.482557,23.011467,19.782711,20.895157,14.961078,17.423277,14.601853,16.849537
20,15.870424,12.411656,11.3596945,6.5983534,8.216433,9.782215,10.972967,15.736226,15.256456,19.78679,20.852571,26.495369,24.588495,21.655102,19.550367,15.754313,12.312143,11.001029,4.7720733,4.387667,0.0,3.946516,7.432175,8.267725,12.652183,12.464294,11.990741,10.451887,8.039236,5.9814715,9.263952,7.411807,15.072131,12.24147,16.85837,18.324656,19.57148,19.163546,15.308533,12.493297,15.6793585,12.09943,14.009407,13.978093,13.4843645,14.260186,16.212511,18.431425,19.751156,21.4499,18.648443,17.874233,23.041622,23.323141,20.123585,23.221178,26.158663,24.054638,24.363422,27.709196,29.801449,26.769514,30.140213,33.437862,34.299606,32.78459,34.101875,36.424416,31.84583,28.621063,26.04796,24.175022,24.749205,19.992971,24.90786,20.43264,24.687733,23.381744,23.788454,28.409922,25.984058,22.663519,20.005291,16.42714,15.42786,13.08332,13.456911,11.737239,12.845889,15.890256,18.544765,19.315296,23.598505,24.249355,22.394295,24.528955,22.161148,24.194633,19.213236,23.462389,18.851973,23.761587,28.289886,26.121965,22.97066,24.672558,18.844309,21.434072,18.843714,20.78164
21,13.685055,10.953463,10.76002,6.711565,8.735736,12.024346,12.718916,18.44887,18.061384,22.695738,24.08112,29.493225,28.00218,25.222385,22.960958,19.213184,15.752143,14.165627,8.312667,6.12005,3.946516,0.0,4.8174353,6.421749,10.121571,11.051521,10.043588,10.334599,8.648852,7.9142914,11.637731,11.286185,18.847305,16.103163,20.773344,22.052118,23.402372,23.090908,19.161705,16.311346,19.48211,15.4629345,17.188545,16.434076,14.835006,15.353703,16.742643,18.30801,18.854269,21.469143,19.337238,18.016148,22.959007,24.178974,21.154663,23.304064,26.917095,25.49558,25.41109,28.431728,31.14055,28.466932,31.194538,34.684227,35.969482,34.476868,35.26155,37.05092,32.548874,29.181826,26.772446,24.202585,24.484255,19.509499,23.845854,19.071672,22.71674,21.233812,20.992275,25.524134,22.6362,19.300613,16.455215,12.992812,12.494019,11.057606,11.125793,11.430029,12.154209,15.801038,17.911222,18.368273,22.491776,24.114853,22.335705,25.247877,23.226353,25.763935,20.847769,25.344332,21.198627,26.233538,30.907375,28.867418,25.680235,26.972095,21.01553,23.361181,20.191563,22.19145
22,16.781357,14.587929,15.22996,11.364559,12.480253,16.38219,15.796231,21.861721,20.514467,25.301414,25.914268,31.314611,30.536415,27.594053,26.10533,21.832937,18.998884,16.458536,12.108953,8.750943,7.432175,4.8174353,0.0,4.4341345,8.176192,8.056465,5.3899426,7.5052743,6.7479825,7.749741,11.69507,13.770895,20.601688,19.240551,23.497755,25.488554,26.606718,25.699644,21.733118,18.562504,21.007212,16.18223,17.484472,15.507248,12.588525,12.821644,13.506916,14.342782,14.496197,17.620487,16.093657,14.738995,19.304873,21.12363,18.788162,20.339895,24.133442,23.490597,23.558477,26.103035,28.9541,27.186775,29.527319,33.022125,34.776672,33.867752,34.486332,35.784756,31.790096,28.51258,25.749142,23.08634,22.553318,17.57525,21.263424,15.993235,19.670553,17.100384,17.532553,21.630962,19.215265,15.538261,13.022361,9.748807,9.877157,7.9578643,10.401415,11.004625,13.039314,16.798893,18.881117,19.83938,23.69036,25.46165,23.140562,26.526714,24.199554,26.592928,21.355906,25.523968,21.44601,26.19445,30.832415,29.571646,26.516613,28.288034,22.388868,25.189884,21.953413,24.684803
23,18.7837,16.870525,16.425512,12.838537,15.094369,17.787922,18.56203,23.914255,22.873808,27.55195,27.849144,33.594646,32.149853,28.953108,27.501204,23.363827,20.331093,18.409397,12.877241,11.295403,8.267725,6.421749,4.4341345,0.0,4.9709373,4.6657996,5.88728,5.7539525,8.934874,7.4235544,13.680142,14.383368,21.208513,19.544888,23.707195,25.812376,26.131353,25.17748,20.850706,17.687403,20.737633,15.438563,18.291416,16.191383,12.185144,14.04018,12.895719,14.900407,16.217916,18.87941,16.960726,17.087,21.472685,22.621418,21.127361,23.325527,26.488062,25.72816,26.534887,29.071653,31.244574,29.848192,32.70184,36.014988,37.621277,37.02608,38.066387,39.56813,35.682182,32.491985,29.50591,27.195486,26.530226,21.636658,25.261581,19.844442,23.548353,20.075298,20.878593,24.364473,21.828522,17.696344,15.122212,12.660614,13.815206,12.105657,14.717876,15.145362,17.175385,20.88622,23.070498,23.861794,27.796637,29.557692,27.332285,30.4554,28.000998,30.132544,24.757418,28.709448,24.085594,28.599857,33.043327,31.97237,28.980791,31.287258,25.436539,28.412594,25.47713,27.993166
24,19.776718,18.919353,18.461246,15.91776,18.730307,21.54934,22.803955,28.301916,27.609337,32.276237,32.777927,38.50932,36.947975,33.769463,32.08881,28.13387,24.881575,23.233128,17.141563,15.786534,12.652183,10.121571,8.176192,4.9709373,0.0,5.054246,7.947847,9.237208,13.622412,12.242632,18.617952,19.082914,25.98468,23.951529,28.185793,30.064837,30.117708,29.34278,24.863804,21.831154,25.227022,19.812092,23.112225,20.782583,16.028336,18.1651,15.797293,17.48602,18.435661,21.652288,20.342249,20.650042,24.467545,26.118004,25.208548,26.800411,30.16553,29.930195,30.713518,32.93013,35.26745,34.316986,36.8504,40.1967,42.049603,41.585556,42.380283,43.526825,39.776173,36.54143,33.658714,30.974045,30.034996,25.152012,28.070982,22.509718,25.399174,21.274536,21.520994,24.252697,21.139828,16.790815,14.124256,12.866836,15.379402,14.91351,17.253231,19.147612,20.742113,24.651617,26.381521,26.784231,30.474548,33.00108,30.972506,34.49257,32.309364,34.69377,29.401506,33.432964,28.959202,33.453167,37.88614,36.91187,33.919064,36.088116,30.193611,32.994965,29.823666,32.170177
25,23.105097,21.448889,20.998564,17.473341,19.63642,22.151936,22.768053,27.915104,26.445705,31.088715,30.697502,36.536907,35.230423,31.833408,30.952457,26.615377,23.953646,21.806772,16.846294,15.39328,12.464294,11.051521,8.056465,4.6657996,5.054246,0.0,5.6507773,4.952861,11.066657,9.678107,16.106712,17.515038,23.495275,22.67012,26.3666,28.968344,28.7296,27.340614,22.978449,19.76601,22.42031,16.638233,19.839842,16.9384,11.505816,14.138573,10.9091835,13.089197,15.031612,17.475199,15.878182,17.154316,20.817713,21.834036,21.56797,23.708384,26.3904,26.14365,27.546446,29.66538,31.388252,30.940884,33.808556,36.92713,38.733303,38.7746,39.97704,41.27172,37.86692,34.85448,31.535305,29.484644,28.225973,23.579874,26.639091,21.05702,24.707302,19.990612,21.662144,24.23754,22.23041,17.775885,15.722499,14.190418,16.095152,14.253735,18.070847,18.348127,20.9982,24.625078,26.860466,27.890669,31.695759,33.421402,30.91731,34.102802,31.3862,33.219334,27.658772,31.171036,26.384869,30.429478,34.621647,34.238495,31.436178,34.343254,28.657904,31.980146,29.223202,32.057144
26,21.65148,19.82009,20.529932,16.702625,17.687138,21.419737,20.460707,26.329243,24.306826,29.071344,28.795845,34.23876,33.860035,30.699936,29.97672,25.366163,23.061512,20.07103,16.565746,13.358681,11.990741,10.043588,5.3899426,5.88728,7.947847,5.6507773,0.0,5.7292037,8.092225,9.593157,13.783779,17.164879,23.021896,22.826002,26.573608,29.22027,29.833773,28.366383,24.362867,21.029455,22.87962,17.40883,18.750206,15.596224,10.949628,11.498357,10.223326,10.423692,10.710558,14.14498,13.316409,12.867086,16.57715,18.69235,17.7734,18.937834,22.4048,22.617842,23.272867,25.196728,27.73787,27.220882,29.372837,32.685204,34.82389,34.727222,35.413326,36.309937,32.999317,29.960732,26.761122,24.365982,22.90941,18.276466,21.05019,15.442813,19.089588,14.683133,16.468456,19.484415,17.91071,13.750335,11.996045,9.86487,11.14104,8.914056,13.576674,13.952247,16.962095,20.488941,22.576237,23.922127,27.483793,29.194466,26.44885,29.977049,27.31223,29.321123,23.865263,27.426905,23.277979,27.43732,31.814224,31.476933,28.664238,31.142601,25.487085,28.741135,25.714457,28.946259
27,23.738169,21.243914,20.853445,16.54791,17.894613,20.086098,20.005262,24.735493,22.673325,27.230312,26.297197,32.135036,31.064802,27.603245,27.260683,22.676027,20.542953,17.972412,14.352697,12.761255,10.451887,10.334599,7.5052743,5.7539525,9.237208,4.952861,5.7292037,0.0,7.123505,5.8332725,11.699009,13.926835,19.163908,19.289507,22.594898,25.645678,25.548811,23.77709,19.694923,16.363697,18.2401,12.4455385,15.04408,11.989863,6.7914085,9.513731,7.2530556,10.123937,12.891542,14.319915,11.888266,13.475143,17.610256,17.827925,17.252323,20.220675,22.410078,21.645702,23.330067,25.700443,27.032436,26.36314,29.644363,32.64219,34.208023,34.315372,35.871693,37.518948,34.138165,31.270157,27.731337,26.273643,25.151161,20.683748,24.33779,19.026178,23.517052,19.347166,21.800724,24.885542,23.614876,19.470184,17.667086,15.318686,15.958069,12.826522,17.133003,15.604413,18.921576,22.125668,24.826649,26.339664,30.265932,31.105541,28.3286,31.020332,27.928366,29.3107,23.646393,26.826126,21.818722,25.659992,29.760267,29.533918,26.825796,30.12534,24.63566,28.265753,25.913551,29.020044
28,21.165417,17.922783,18.41686,13.628309,13.208178,16.144505,14.185976,19.324318,16.652046,21.324389,20.719297,26.186392,25.914692,22.79207,22.451225,17.638433,15.943585,12.401734,11.16571,7.683923,8.039236,8.648852,6.7479825,8.934874,13.622412,11.066657,8.092225,7.123505,0.0,5.151825,5.704816,10.4305525,15.5373,16.163486,19.53727,22.41139,23.575884,21.943819,18.547436,15.320932,16.218248,11.686476,11.35424,9.085594,7.8445506,6.814212,9.98278,10.995058,12.161711,13.517753,11.021904,9.908026,15.038707,15.582573,12.79801,15.756123,18.608229,17.229418,17.86417,20.754047,22.873995,20.968061,24.022602,27.283829,28.728388,28.141184,29.42703,31.258846,27.471584,24.494751,21.159548,19.67973,19.155582,14.613213,19.1741,14.455158,19.502537,17.331406,19.461018,23.63431,22.685244,19.39993,17.691854,14.262526,12.892364,8.738873,12.473191,8.965422,12.766404,15.4801445,18.47767,20.433413,24.34085,24.454014,21.512136,23.991077,20.819544,22.270565,16.64478,20.128326,15.51743,19.898806,24.394241,23.614183,20.733944,23.440384,17.856615,21.435104,19.008314,22.417334
29,21.387793,18.119926,17.304922,12.574802,13.5400505,14.813521,14.971106,19.085669,17.249304,21.728567,21.128124,27.071745,25.56335,22.158735,21.490833,17.020325,14.727984,12.443213,8.893248,8.16113,5.9814715,7.9142914,7.749741,7.4235544,12.242632,9.678107,9.593157,5.8332725,5.151825,0.0,7.385472,8.11153,14.002274,13.576536,17.132187,19.971289,20.301424,18.780054,14.81866,11.488608,13.619058,8.461582,10.945555,9.452309,7.628543,9.474504,10.535048,13.484902,15.987343,16.793371,13.541473,14.253083,19.205402,18.712063,16.607374,20.44283,22.51956,20.575754,21.948149,25.038801,26.301033,24.29243,28.107548,31.133232,32.118538,31.537313,33.366703,35.66592,31.724636,28.794456,25.491913,24.340235,24.12059,19.62225,24.313257,19.550749,24.442316,21.852106,23.751196,27.749199,26.248756,22.536627,20.39831,17.185429,16.589993,13.111105,15.961646,13.052477,15.949396,18.765919,21.811022,23.305347,27.471024,27.614136,25.072107,27.08975,23.994816,25.264326,19.737879,23.150524,17.889482,22.115576,26.35881,25.32341,22.450432,25.514864,19.978748,23.47785,21.423517,24.183779
30,22.824425,18.888485,19.05053,14.156982,12.66861,14.156363,11.495786,15.156866,11.763756,16.18404,15.06022,20.626736,20.361605,17.237875,17.409277,12.421648,11.647114,7.580965,9.766661,7.446915,9.263952,11.637731,11.69507,13.680142,18.617952,16.106712,13.783779,11.699009,5.704816,7.385472,0.0,7.232231,10.502998,12.270502,14.941626,18.045012,19.65844,17.873278,15.306849,12.4988785,12.15622,9.390876,6.7572746,6.572826,9.636903,7.930603,12.995085,14.362041,15.91119,15.80153,12.591906,11.527786,16.59772,15.708339,11.777984,16.06345,17.91306,15.0897255,15.79472,19.384203,20.826939,17.681286,21.608017,24.63651,25.329176,24.326134,26.254406,28.93972,24.865093,22.095778,18.777739,18.379871,18.733377,14.862174,20.266176,16.72846,22.094744,21.235258,23.429558,27.929039,27.304205,24.455286,22.809788,19.121338,16.887203,12.675836,15.006149,9.326706,12.835344,14.300867,17.83204,20.112232,24.043219,22.764124,19.836233,21.091791,17.515133,18.213879,12.616637,15.773999,10.563332,15.061668,19.563091,18.309145,15.384212,18.470797,13.121063,17.042933,15.506618,18.904701
31,21.388714,17.275496,15.766372,11.306409,11.125508,9.468841,10.281585,11.89154,10.64665,14.585873,14.545641,20.54817,18.041346,14.762316,13.494611,9.391925,6.857503,5.9914627,4.717159,7.4686823,7.411807,11.286185,13.770895,14.383368,19.082914,17.515038,17.164879,13.926835,10.4305525,8.11153,7.232231,0.0,7.7629814,5.761793,9.741554,12.110464,13.399652,12.443664,9.331721,6.8360124,8.8756075,7.5548635,8.56853,10.7477255,13.370262,13.971914,17.197395,19.967169,22.2045,22.22299,18.558456,18.539766,23.63088,22.2317,18.731981,23.284975,24.820927,21.462933,22.405445,26.205376,27.082197,23.352888,27.804388,30.610998,30.609297,29.067274,31.376623,34.642727,30.095667,27.299812,24.535313,24.12272,25.193037,21.219275,26.785816,23.169762,28.163164,27.36358,28.729673,33.432648,31.853924,28.71968,26.432398,22.701454,20.951456,17.602491,18.34983,13.959572,15.593839,17.145521,20.465813,21.84679,26.059536,24.885176,22.881401,23.435015,20.452354,21.246477,16.47727,19.808237,14.541613,18.846718,22.907335,20.539753,17.594473,20.203089,15.075169,18.13047,17.040237,18.911098
32,28.478151,24.173428,22.776062,18.638681,17.55332,14.983849,14.621851,12.975322,10.434916,12.394787,9.601604,15.649304,12.913942,9.111014,10.681797,6.838112,8.338785,7.8919373,12.154518,14.310244,15.072131,18.847305,20.601688,21.208513,25.98468,23.495275,23.021896,19.163908,15.5373,14.002274,10.502998,7.7629814,0.0,6.695043,5.5543957,9.928106,10.84976,8.416458,8.1716,7.5724697,4.2761602,8.232726,6.2199163,10.639162,15.834937,15.958918,19.843561,22.599699,25.384867,23.83473,19.820702,20.536201,24.920855,21.913347,18.618572,24.172539,24.006516,19.590965,21.305626,25.203472,24.52909,20.42744,25.872946,27.898754,26.92571,25.659147,29.100883,33.20794,29.095623,27.004896,24.083336,25.324923,26.59992,23.752449,29.38152,26.719023,32.098923,31.610695,33.86664,38.422882,37.704678,34.757782,32.868793,29.138393,26.973,23.040955,24.308138,18.53427,20.6324,20.92915,24.476395,26.40755,30.263016,27.563347,25.368114,24.452915,20.95415,20.100628,16.089224,17.539993,12.116108,14.6013155,17.568071,15.466681,13.23205,17.341429,14.033339,17.444399,18.25068,20.139267
33,23.94297,19.788963,17.527569,14.130029,13.922419,9.698188,12.007655,10.070379,10.294448,12.592455,12.894637,18.569645,14.476937,11.366212,9.39758,7.0110135,4.7713056,7.6027904,8.003592,12.22315,12.24147,16.103163,19.240551,19.544888,23.951529,22.67012,22.826002,19.289507,16.163486,13.576536,12.270502,5.761793,6.695043,0.0,4.9659624,6.4067187,8.059513,8.038755,6.296352,6.1401744,8.021616,10.22556,11.223388,14.758787,18.272167,19.046898,22.247877,25.292397,27.750391,27.333794,23.460556,23.679134,28.614,26.596529,22.998676,27.885693,28.85904,24.884193,25.887257,29.866293,30.16421,25.808338,30.659588,33.120583,32.40176,30.459642,33.2162,37.086483,32.372322,29.824076,27.44022,27.585072,29.22592,25.678757,31.41411,28.297249,33.235188,32.92645,34.123985,38.977795,37.28857,34.264576,31.869284,28.091122,26.197733,23.058273,23.06315,18.6083,19.444786,20.248373,23.418839,24.512627,28.558884,26.690992,25.234928,24.693785,22.007349,22.274416,18.516054,21.27868,16.390589,19.978281,23.37307,20.280504,17.660215,19.965912,15.895309,18.221771,18.196833,18.95711
34,28.752197,24.545177,22.35229,19.055565,18.489574,14.202644,15.717284,12.135643,11.750522,12.476085,11.233637,16.54337,11.744335,8.41829,8.298684,7.114459,7.824339,10.299248,12.874383,16.605322,16.85837,20.773344,23.497755,23.707195,28.185793,26.3666,26.573608,22.594898,19.53727,17.132187,14.941626,9.741554,5.5543957,4.9659624,0.0,4.798421,5.592052,4.495326,6.004309,7.5901685,6.680137,11.489875,11.626491,15.831311,20.289614,21.004732,24.333435,27.47471,30.302753,29.082674,25.01688,25.73176,30.297642,27.427055,24.08609,29.469278,29.516598,25.055262,26.512882,30.481401,29.868067,25.427113,30.776691,32.74347,31.434673,29.67593,33.087425,37.42944,33.000637,30.875795,28.434319,29.458086,31.17094,28.186977,33.93652,31.241789,36.40665,36.147438,37.84661,42.609943,41.349804,38.352173,36.138786,32.360054,30.316174,26.831522,27.218569,22.083765,23.24756,23.493847,26.77288,28.146423,31.99779,29.340668,27.805609,26.456602,23.54784,22.888172,19.678804,21.34624,16.57926,18.967531,21.492474,18.554848,16.528437,19.52585,16.726654,19.090908,20.165934,20.853237
35,27.819263,23.766176,21.245823,18.883749,18.379946,13.087786,15.646668,10.680783,12.265525,12.073737,12.82746,17.158373,11.427537,9.326482,6.6265574,8.158701,7.9519653,12.011435,13.74759,17.972385,18.324656,22.052118,25.488554,25.812376,30.064837,28.968344,29.22027,25.645678,22.41139,19.971289,18.045012,12.110464,9.928106,6.4067187,4.798421,0.0,4.9613748,7.081224,8.774096,10.785843,11.350153,15.562811,15.918898,20.058607,24.226757,24.850813,28.256971,31.312265,33.790527,33.04229,29.109606,29.302664,34.050034,31.619696,27.86523,32.85397,33.376846,28.952946,29.840883,33.889423,33.744686,28.828356,33.82266,35.898865,34.47846,32.100662,35.1772,39.56777,34.783115,32.565517,30.665575,31.34155,33.508667,30.464014,36.262085,33.717014,38.55874,38.831177,39.878708,44.888775,43.187275,40.354084,37.92608,34.080467,31.951187,28.957026,28.365704,23.817867,24.047651,24.093395,27.006977,27.873413,31.574474,28.968689,28.073713,26.418976,24.164991,23.860466,21.396582,23.426048,19.386538,22.039421,24.559422,20.809444,18.773687,20.407003,17.891521,19.20184,20.311293,19.922472
36,30.47035,26.580736,23.571054,21.07413,21.402588,16.162567,19.40615,15.345825,16.406448,16.620403,16.190512,20.780983,14.998254,12.49072,11.304127,11.961535,11.595138,15.091694,15.457079,20.187471,19.57148,23.402372,26.606718,26.131353,30.117708,28.7296,29.833773,25.548811,23.575884,20.301424,19.65844,13.399652,10.84976,8.059513,5.592052,4.9613748,0.0,3.8793705,6.2627497,9.354489,10.315306,14.6599,16.536425,20.381481,23.983387,25.481693,27.930677,31.56722,34.696606,33.620594,29.437136,30.587841,35.24333,32.315594,29.319769,34.754417,34.818535,30.417578,32.050102,35.998432,35.228935,30.946974,36.35867,38.26757,36.83823,35.062843,38.521973,42.92891,38.414288,36.2521,33.940235,34.76935,36.528034,33.322834,39.07795,36.099747,41.16773,40.637997,42.0845,46.831127,45.14247,41.938442,39.478367,35.81521,34.15207,30.976164,31.078836,26.617798,27.366741,27.876888,30.944572,31.870956,35.754124,33.44631,32.3146,30.946543,28.41362,27.956205,25.0058,26.796003,22.159773,24.431717,26.643122,23.65836,21.835205,24.421246,21.84044,23.676619,24.686495,24.66764
