,0,1,2,3,4,5,6,7,8,9,10,11,12,13,14,15,16,17,18,19,20,21,22,23,24,25,26,27,28,29,30,31,32,33,34,35,36,37,38,39,40,41,42,43,44,45,46,47,48,49,50,51,52,53,54,55,56,57,58,59,60,61,62,63,64,65,66,67,68,69,70,71,72,73,74,75,76,77,78,79,80,81,82,83,84,85,86,87,88,89,90,91,92,93,94,95,96,97,98,99,100,101,102,103,104,105,106,107,108,109
0,0.0,4.6424613,6.5710497,9.627873,12.490717,14.795838,18.012522,19.749727,23.658352,26.200617,29.563454,33.519627,30.65885,29.131697,24.113087,23.527767,18.13799,20.397467,15.294634,18.03015,13.048042,14.313554,13.062899,16.965563,17.572403,20.325436,22.046047,23.957539,22.856058,28.006035,28.975243,34.27394,33.28568,37.69713,38.73431,39.915306,41.578693,42.396946,36.970505,36.452988,32.198944,33.006447,27.54348,29.725344,24.623604,29.177784,25.811344,26.791758,27.12547,30.073828,30.349922,32.500984,36.274925,35.45095,39.220222,37.6687,36.307556,39.372166,41.970173,43.476143,42.082977,38.157993,42.418068,41.826694,45.767746,44.1411,46.81657,46.524033,43.40262,41.988,39.58655,42.148952,41.557194,37.34146,40.37487,36.612484,41.462494,36.12794,41.419193,41.517063,40.374798,36.014805,33.158978,31.164663,28.893314,29.847488,25.092594,28.521107,24.69247,26.748156,25.976707,27.926767,26.010948,27.1555,24.237738,21.793407,25.196177,23.461918,28.418133,28.441708,31.366793,32.976284,34.75219,37.896255,35.8735,41.171623,35.531425,38.986053,36.870026,39.368008
1,4.6424613,0.0,4.8075743,5.986359,8.59441,11.897633,14.441215,17.245613,20.590427,23.493465,26.895636,30.996296,28.729504,27.346157,22.419464,21.420698,16.474844,17.734886,13.605855,14.93008,10.079686,10.564246,10.135092,13.314195,13.362454,16.189932,17.718159,19.56637,18.77215,23.778107,25.316841,30.681067,30.22501,34.435097,35.815155,37.09609,39.01172,40.229263,34.79561,34.106922,29.712465,30.255217,24.600744,26.314327,21.226112,25.252615,21.787313,22.404947,22.6168,25.517578,25.841274,28.10178,31.821142,31.243347,34.837967,33.334404,32.143307,35.299755,37.990097,39.53596,38.331573,34.635227,39.19285,38.9026,42.965828,41.839024,44.58371,44.622826,41.567623,40.072403,37.308086,39.87927,38.949142,34.469738,37.235508,33.25868,37.907402,32.23942,37.428795,37.36373,36.27513,31.813074,29.203127,27.246542,25.278824,26.466177,21.85345,25.744677,22.12583,24.813614,24.411026,26.944578,25.379261,27.150827,23.48401,20.416243,23.710075,21.274635,26.17527,25.533508,28.483341,29.777702,31.308964,34.571003,32.793774,38.18621,32.72962,36.536354,34.611717,37.500492
2,6.5710497,4.8075743,0.0,5.1860304,6.8596106,8.523831,11.884767,13.398971,17.535282,19.858438,23.621796,27.304619,24.858044,23.720703,18.469889,18.29551,13.384013,15.663663,11.826415,14.531122,10.9113655,12.12523,13.195618,16.232481,15.937678,18.518486,18.763203,19.728228,18.088686,23.245256,23.458244,29.334972,27.909502,32.83641,33.67695,35.34013,36.87075,37.974514,32.505478,32.292213,27.578472,29.02777,23.359547,25.779907,20.948004,25.41595,23.182083,23.401915,24.066551,26.155737,25.780266,27.944162,31.29113,30.067242,34.273163,33.167995,31.692692,35.051044,37.232735,39.104645,38.279053,33.941624,38.508488,37.89548,42.110943,40.316105,43.554886,43.28873,40.074955,38.926052,36.33221,39.331738,38.56392,34.129684,37.178905,33.436333,38.223343,33.037857,37.98295,38.247696,37.780426,33.396164,31.23288,28.702665,26.761972,27.40022,23.02191,26.04217,21.954218,24.403547,23.324701,25.893303,23.81586,25.950546,22.99066,20.191835,24.04711,22.177912,27.118742,27.382408,29.636675,31.450321,33.062366,35.93688,34.016155,38.975483,33.227413,36.86344,34.44649,37.45988
3,9.627873,5.986359,5.1860304,0.0,3.7393901,6.6882153,8.941797,12.130803,14.821372,18.056032,21.104391,25.453936,23.36329,21.944624,17.313465,15.837304,11.389152,11.9669285,8.961825,9.753196,6.358905,7.2152767,9.440161,11.905882,11.657313,13.892172,13.791322,14.931538,13.356862,18.570906,19.436354,24.894125,24.246466,28.585697,29.890545,31.313284,33.206566,34.58575,29.154242,28.528456,23.962694,24.73252,18.983126,20.931955,16.0043,20.32357,18.06914,18.494879,19.52672,21.586542,21.31865,23.291084,27.001839,25.881798,29.838469,28.4311,26.932047,30.155672,32.542477,34.245834,33.25943,29.159624,33.789318,33.418102,37.617146,36.39375,39.427624,39.508198,36.42693,35.06262,32.170475,35.00475,33.992844,29.418922,32.276043,28.40861,33.128345,27.866226,32.85916,33.15693,32.71628,28.419271,26.26105,23.565805,21.624086,22.27875,17.974344,21.249863,17.410048,20.355858,19.828323,22.852478,21.379929,23.91573,20.037203,16.66357,20.213354,17.768831,22.588907,22.515228,24.701742,26.411144,27.968267,30.81702,28.976406,33.979538,28.363316,32.20654,30.026201,33.25567
4,12.490717,8.59441,6.8596106,3.7393901,0.0,4.7245593,5.937481,9.926264,12.483135,15.570996,19.15212,23.14398,21.742325,20.82211,16.110624,15.044832,11.573776,11.635262,10.548953,10.428102,8.757474,8.699746,11.972237,13.21071,11.964204,14.031088,12.936846,13.201488,11.601276,16.571308,17.316954,23.336199,22.657042,27.27901,28.594704,30.425901,32.302483,34.013275,28.625784,28.177393,23.303694,24.413338,18.577486,20.331585,15.785264,19.420618,17.774342,17.279356,18.174068,19.657469,19.008696,21.19349,24.433882,23.30947,27.439283,26.454569,25.089676,28.600283,30.772852,32.757267,32.28646,28.146376,33.11232,32.8968,37.275837,36.16833,39.5346,39.73903,36.661076,35.451168,32.367054,35.404373,34.166378,29.417953,32.08203,28.150782,32.61747,27.221802,31.874573,32.07122,31.961344,27.584894,26.011036,23.265041,21.831768,22.525427,18.6951,21.925526,18.243547,21.534119,20.978905,24.357021,22.906456,25.929289,22.098053,18.605753,22.126566,19.480303,24.028517,23.647385,25.53037,27.038446,28.294685,31.085033,29.504902,34.33356,28.890623,32.920795,30.727186,34.296444
5,14.795838,11.897633,8.523831,6.6882153,4.7245593,0.0,4.1513214,5.475477,9.022227,11.599888,15.3122,19.116346,17.273306,16.437965,11.47373,11.092997,7.9639816,9.173191,8.9594,10.54688,10.622258,11.638964,15.263507,16.821133,15.910124,17.49664,15.365802,14.740588,11.918574,16.82485,15.493679,21.81591,19.843233,25.22968,25.845201,27.979628,29.391148,30.873377,25.471292,25.53089,20.413496,22.547607,16.911358,19.640709,15.614582,19.923925,19.847698,19.364403,20.958517,21.51968,20.101227,21.844883,24.752565,22.674177,27.478327,26.799107,24.969662,28.493196,30.034891,32.26692,32.04187,27.15355,31.889622,31.212091,35.655315,33.73933,37.54638,37.37758,34.155415,33.31068,30.510223,33.948353,32.990627,28.454552,31.487131,27.988667,32.629635,28.11038,32.467766,33.17229,33.722157,29.65568,28.404367,25.048729,23.474483,23.384691,19.918447,21.829115,17.724869,20.466936,19.158484,22.445473,20.545557,23.889145,20.871773,17.858355,21.790993,19.996145,24.401068,25.242994,26.29299,28.47403,29.923428,32.147522,30.321993,34.54081,28.815266,32.465435,29.736227,33.29077
6,18.012522,14.441215,11.884767,8.941797,5.937481,4.1513214,0.0,5.8078737,6.7979255,10.04227,13.62784,17.50248,16.794275,16.301313,12.137495,11.131115,9.876417,8.867889,11.038748,10.240754,11.689072,11.719785,16.040226,16.405264,14.904929,16.008902,12.943422,11.486766,8.693466,13.143248,12.165534,18.761438,17.464676,22.59377,23.61839,25.934061,27.61823,29.608192,24.357105,24.239609,19.065723,20.895815,15.272449,17.29489,13.751033,17.04343,17.529612,16.345602,18.006018,17.949995,16.225895,18.005737,20.671602,18.679604,23.459253,22.97882,21.294895,24.986332,26.494816,28.856226,28.989992,24.328745,29.406572,29.090208,33.63802,32.313656,36.184193,36.390194,33.31198,32.42593,29.27383,32.683136,31.353327,26.613409,29.264273,25.634148,29.923618,25.223997,29.265295,29.854994,30.65886,26.625246,25.889511,22.51405,21.444685,21.453737,18.567808,20.623636,17.05055,20.329334,19.502377,23.21741,21.839134,25.571833,22.068834,18.73097,22.207962,19.899927,23.853558,24.086828,24.90139,26.727846,27.842175,30.012497,28.514227,32.610157,27.240513,31.156622,28.677542,32.585777
7,19.749727,17.245613,13.398971,12.130803,9.926264,5.475477,5.8078737,0.0,5.5527177,6.506804,10.881353,13.940131,12.281573,12.164233,7.150706,8.436638,7.973518,9.450589,11.535004,13.3593645,15.143871,16.25521,20.245028,21.447287,20.389446,21.51228,18.358442,16.657831,13.195455,17.165293,13.62884,20.210957,16.863129,23.072632,22.91339,25.629177,26.49737,27.979408,22.771805,23.50715,18.14207,21.498163,16.460388,19.743193,16.855816,20.910141,22.50373,21.576836,23.5794,23.016037,20.769577,22.09111,24.212263,21.240423,26.632597,26.554182,24.43642,28.005463,28.717266,31.316809,31.683725,26.219627,30.798965,29.80542,34.321007,31.759104,36.153267,35.732876,32.45395,32.096535,29.502111,33.359314,32.52348,28.216599,31.346724,28.332531,32.801823,29.152195,32.877453,33.96787,35.29648,31.574905,30.963404,27.195492,25.864672,25.16102,22.464535,23.163364,19.127695,21.415339,19.545948,22.785564,20.661959,24.45536,22.298666,19.80246,23.742783,22.575048,26.464336,28.04535,28.20862,30.739996,32.125664,33.76877,31.950478,35.40479,29.727102,33.04606,29.92412,33.592407
8,23.658352,20.590427,17.535282,14.821372,12.483135,9.022227,6.7979255,5.5527177,0.0,4.423316,6.8460097,11.034133,10.659347,10.499615,7.9406886,6.979888,9.502141,7.9367347,12.816663,12.421802,15.99758,16.601963,21.102188,21.358284,20.23205,20.564562,16.430796,13.932,10.132833,12.998357,8.234065,14.825646,11.678864,17.768833,17.890144,20.74639,21.886442,23.899345,18.86327,19.38016,13.993177,17.180191,12.501333,15.395142,13.603609,16.866823,19.857971,18.71057,21.282345,19.803703,17.07838,17.790249,19.757053,16.244389,21.779362,21.754875,19.406818,22.890932,23.303318,25.984081,26.60954,21.066568,25.749794,24.944305,29.534801,27.451727,31.926485,31.87329,28.767628,28.395857,25.486996,29.358349,28.228262,23.869772,26.731934,23.877016,28.049147,24.88758,28.142347,29.483326,31.34312,28.01775,27.929121,23.86431,22.864883,21.782207,20.000847,20.05512,16.658413,19.17654,17.770338,21.414085,20.04203,24.295847,21.67123,19.023594,22.333263,20.992662,24.120466,25.653742,25.120247,27.610165,28.789503,29.99351,28.371426,31.320396,25.984419,29.328144,26.341864,30.329475
9,26.200617,23.493465,19.858438,18.056032,15.570996,11.599888,10.04227,6.506804,4.423316,0.0,5.700999,7.671042,7.907855,9.185109,6.926815,8.588444,11.801209,11.654089,16.022358,16.649,19.961613,20.75039,25.156164,25.603348,24.345152,24.81363,20.6642,17.939167,14.344914,16.554283,10.919707,17.127583,12.708113,19.36911,18.58087,21.973692,22.419899,24.261694,19.581312,20.854261,15.544099,19.749254,15.847772,18.977549,17.770184,20.768137,24.140375,22.704231,25.102207,23.247747,20.213135,20.861984,21.965502,18.08056,23.83486,24.435017,22.112427,25.574385,25.31021,28.264095,29.398167,23.638353,28.037315,26.957548,31.478695,28.73566,33.644905,33.26352,30.123539,30.213938,27.656479,31.775562,30.845427,26.80887,29.69899,27.242176,31.189577,28.541687,31.32938,32.780964,34.99426,31.806417,32.030476,27.968428,27.114681,25.876835,24.317232,23.919619,20.525692,22.558992,20.673904,23.962055,22.206615,26.439398,24.671879,22.492811,25.936846,25.04575,28.062181,29.94748,29.155024,31.763504,32.899666,33.872288,32.2714,34.793125,29.547695,32.576477,29.342665,33.222633
10,29.563454,26.895636,23.621796,21.104391,19.15212,15.3122,13.62784,10.881353,6.8460097,5.700999,0.0,5.6986504,5.7616286,6.2544856,7.9938517,7.599945,12.813316,11.497571,16.90561,16.98371,21.399944,22.372429,26.767233,27.04843,26.257996,26.138382,21.637737,18.838804,15.003611,16.294035,9.19839,13.562758,7.768542,14.645357,13.167152,16.620987,16.779564,18.623384,14.139362,15.662564,10.610534,15.435543,12.862094,16.279602,16.408241,19.332626,23.998205,23.090387,26.177576,23.849104,20.658321,20.364243,21.572134,16.934647,22.595934,22.951763,20.102932,22.966663,22.11382,24.928629,25.966335,19.756424,23.501436,22.028503,26.421965,23.295471,28.389069,27.935423,24.871748,25.190916,22.807623,27.058268,26.297043,22.70666,25.704899,23.940735,27.792702,26.46011,28.803581,30.867626,33.60672,31.067886,31.443014,26.984192,26.015236,24.022675,23.26504,21.47707,18.577866,19.946882,18.03563,21.13765,19.865835,24.27227,22.814596,21.121674,24.008268,23.723688,25.914856,28.63069,26.927803,29.96025,31.202833,31.436697,29.71091,31.362404,26.282225,28.767004,25.335007,29.13868
11,33.519627,30.996296,27.304619,25.453936,23.14398,19.116346,17.50248,13.940131,11.034133,7.671042,5.6986504,0.0,5.6920733,8.698825,10.795836,12.539306,17.405388,16.957815,21.936321,22.460827,26.5731,27.47138,31.917963,32.16111,31.045473,31.055544,26.454546,23.328344,19.80789,20.504684,13.497909,17.405405,11.495009,17.87349,15.586324,19.560272,18.892344,20.636547,17.170588,19.410276,15.04645,20.193712,18.35096,21.425766,21.932615,24.213583,29.045319,27.602247,30.374659,27.61073,24.129318,23.894817,23.99161,19.252434,24.873877,26.0587,23.478989,26.331518,24.732595,27.84871,29.64023,23.610794,27.063374,25.54261,29.70852,26.198507,31.642735,30.967436,28.052387,28.891977,26.873692,31.197733,30.519678,27.298016,30.028595,28.61501,31.959076,30.970997,32.675793,34.691402,37.79341,35.370384,36.207592,31.888424,31.256475,29.334312,28.806067,26.99499,24.24803,25.443605,23.338099,26.112888,24.593983,28.860933,28.066399,26.636276,29.57667,29.42018,31.521708,34.170025,32.35636,35.25333,36.303097,36.39665,34.86413,36.11772,31.377645,33.64032,30.1803,33.881535
12,30.65885,28.729504,24.858044,23.36329,21.742325,17.273306,16.794275,12.281573,10.659347,7.907855,5.7616286,5.6920733,0.0,3.6501436,6.611739,9.043535,13.692936,14.510641,18.527374,20.453672,24.25307,25.832842,29.909336,30.942907,30.383766,30.614672,26.475096,23.981731,19.990135,21.887571,14.922986,18.856188,12.373738,19.017656,16.416237,19.721216,18.81967,19.579884,15.487014,17.949038,13.467958,19.126108,17.056276,21.186472,20.986778,24.691143,29.048088,28.414476,31.426289,29.382524,26.253368,26.09943,27.216122,22.54898,28.223082,28.683279,25.790018,28.494368,27.374203,30.131687,31.06925,24.638094,27.684275,25.60117,29.666368,25.24849,30.557924,29.3181,26.10194,26.94941,25.392681,29.817488,29.678295,26.65254,30.036442,28.698814,32.732964,31.852644,34.25508,36.479115,39.200787,36.655556,36.78265,32.2619,30.95547,28.789783,27.66577,25.470842,22.116272,22.632414,19.878567,22.170925,20.111828,24.152945,24.103886,23.20389,26.474726,27.017817,29.429089,32.958496,31.227406,34.677505,36.192062,36.312794,34.29243,35.723877,30.387108,32.321674,28.448229,31.737743
13,29.131697,27.346157,23.720703,21.944624,20.82211,16.437965,16.301313,12.164233,10.499615,9.185109,6.2544856,8.698825,3.6501436,0.0,5.7064576,6.574784,11.400507,12.221515,16.006966,18.196213,22.102354,23.96422,27.823988,29.09756,28.939377,29.087793,25.16535,23.058407,18.911114,21.198261,14.455523,17.913074,11.546192,17.912128,15.440374,18.169523,17.438408,17.839209,13.264885,15.52718,11.04569,16.679665,14.639471,19.207224,18.835426,23.167738,27.400696,27.33279,30.583374,28.875015,25.999332,25.707361,27.466404,22.865868,28.397379,28.329523,25.245491,27.730246,26.928732,29.387844,29.759636,23.21741,26.008741,23.713112,27.715982,23.11704,28.200018,26.84727,23.510662,24.187239,22.72836,27.123426,27.190342,24.250938,27.925222,26.651014,31.006134,30.295921,33.025692,35.402756,37.93002,35.454212,35.21336,30.580193,28.922798,26.549883,25.28958,22.733662,19.241505,19.366259,16.418247,18.55977,16.478308,20.535414,20.576256,19.91087,23.147484,24.045107,26.415623,30.414349,28.60921,32.336975,34.08157,34.125637,31.869286,33.32657,27.758799,29.517715,25.509531,28.625023
14,24.113087,22.419464,18.469889,17.313465,16.110624,11.47373,12.137495,7.150706,7.9406886,6.926815,7.9938517,10.795836,6.611739,5.7064576,0.0,5.185692,7.705317,10.166507,12.751374,15.845828,18.702938,20.618933,24.385231,26.016584,25.658484,26.344398,22.88861,21.095745,17.030163,20.38317,14.747546,19.90191,14.615985,21.208265,19.711264,22.392345,22.332651,23.016752,18.031265,19.61456,14.586638,19.333286,15.647153,20.083508,18.296207,23.034729,26.014517,25.764599,28.529768,27.461233,24.86873,25.316921,27.359316,23.370537,29.003168,28.880602,26.135172,29.149096,29.064734,31.59498,31.848192,25.621069,29.197792,27.354342,31.596684,27.666786,32.417953,31.305717,27.904657,28.11689,26.277042,30.477818,30.290962,26.742546,30.378387,28.304836,32.92668,30.889902,34.24447,36.100296,38.033432,34.93834,34.360413,30.02901,28.31036,26.600912,24.446335,23.23452,19.136614,20.023281,17.189127,19.694006,17.148706,21.028608,20.437452,19.136858,23.021324,23.281273,26.571531,29.83134,28.957373,32.354675,34.09133,34.881657,32.66273,35.108444,29.254162,31.6533,27.883059,31.13283
15,23.527767,21.420698,18.29551,15.837304,15.044832,11.092997,11.131115,8.436638,6.979888,8.588444,7.599945,12.539306,9.043535,6.574784,5.185692,0.0,5.63315,5.7593923,9.802181,11.72921,15.543427,17.424412,21.252838,22.603113,22.613775,22.868473,19.330528,17.788166,13.589192,16.970541,11.696862,16.114756,11.631061,17.553286,16.723515,18.805456,19.384848,20.27352,14.912715,15.718484,10.608866,14.613294,10.620711,15.2544985,13.477299,18.599398,21.786806,22.089752,25.268309,24.310883,21.957212,22.047033,24.76156,20.865679,26.176205,25.451557,22.522621,25.251446,25.539804,27.734898,27.466785,21.299908,24.836578,23.095821,27.36083,23.974602,28.355993,27.586088,24.229807,24.0126,21.829336,25.869759,25.54894,21.845182,25.547201,23.396599,28.205965,26.28975,29.85922,31.859608,33.688946,30.787695,30.005728,25.519485,23.59103,21.637136,19.626745,18.066492,14.035755,15.028294,12.513279,15.527154,13.625776,17.874294,16.311699,14.680044,18.27552,18.44202,21.49182,24.91236,23.830273,27.358938,29.198719,29.861727,27.548868,30.023573,24.103836,26.583261,22.91999,26.298985
16,18.13799,16.474844,13.384013,11.389152,11.573776,7.9639816,9.876417,7.973518,9.502141,11.801209,12.813316,17.405388,13.692936,11.400507,7.705317,5.63315,0.0,5.450329,5.065976,9.579714,11.578277,14.105055,17.30993,19.59202,19.961372,20.804,18.349264,17.813026,13.976579,18.584234,15.206999,20.026583,16.719004,22.070995,21.824074,23.42369,24.31899,24.950214,19.516075,19.823244,15.124173,17.9133,13.112123,17.401981,14.03738,19.890135,21.302711,22.076189,24.822569,24.955757,23.26273,23.935253,27.242481,24.1048,29.129545,28.018559,25.385153,28.230621,29.275284,31.22577,30.436882,24.744799,28.427425,26.887356,31.037365,27.966583,31.770088,30.993212,27.62296,27.00503,24.862965,28.505798,28.259705,24.397274,28.157732,25.51519,30.634958,27.78776,32.085266,33.69422,34.733532,31.38481,29.880465,25.756222,23.416716,22.0437,18.904358,18.544394,13.926166,15.116476,12.6888,15.442983,13.052108,16.604836,14.645318,12.692029,16.953571,16.900158,20.91519,24.017153,23.943485,27.330349,29.381159,30.687283,28.218376,31.563929,25.370214,28.092989,24.657028,27.721783
17,20.397467,17.734886,15.663663,11.9669285,11.635262,9.173191,8.867889,9.450589,7.9367347,11.654089,11.497571,16.957815,14.510641,12.221515,10.166507,5.7593923,5.450329,0.0,6.3267035,5.9897485,10.323907,11.9573345,15.86194,16.962696,17.205666,17.342983,14.160504,13.350893,9.368125,13.638354,10.809523,15.148775,13.158702,17.702875,18.34586,19.71398,21.326187,22.632982,17.205862,16.74853,12.021009,13.660473,8.228625,12.071095,8.76899,14.493379,16.553896,17.362621,20.535616,20.317194,18.627842,18.946833,22.561113,19.541227,24.247086,22.835464,20.157513,22.897625,24.189829,26.001373,25.12466,19.655499,23.680294,22.59052,26.883669,24.837856,28.438953,28.309767,25.144598,24.167397,21.365236,24.841625,24.076832,19.802029,23.26316,20.346243,25.365715,22.386017,26.63748,28.269215,29.437487,26.254164,24.979706,20.668945,18.51654,17.020485,14.363949,14.011672,9.764336,12.044146,10.732384,14.490693,13.424822,17.449928,14.003582,11.115888,14.614587,13.640313,17.197239,19.755808,19.374891,22.566101,24.429688,25.645554,23.375898,26.745451,20.75294,23.918774,20.84338,24.428999
18,15.294634,13.605855,11.826415,8.961825,10.548953,8.9594,11.038748,11.535004,12.816663,16.022358,16.90561,21.936321,18.527374,16.006966,12.751374,9.802181,5.065976,6.3267035,0.0,6.6341577,7.237579,10.341584,12.820486,15.631685,16.694645,17.593521,16.149597,16.708391,13.504768,18.512096,16.972122,21.156351,19.296482,23.56804,24.105476,25.024572,26.477957,27.128279,21.728477,21.23308,17.1229,18.335505,13.273742,16.837278,12.532115,18.70562,18.743767,20.324059,22.939342,23.95979,23.00018,23.777847,27.776468,25.325144,29.741034,28.02025,25.584507,28.200119,29.958284,31.471056,30.023102,24.955297,28.595774,27.368103,31.326475,29.013172,32.07627,31.609043,28.39601,27.230513,24.909191,27.99604,27.656145,23.687832,27.332905,24.345114,29.61424,26.228662,31.06781,32.442738,32.80989,29.355923,27.191063,23.360851,20.616695,19.614223,15.7643,16.290237,11.633039,13.137099,11.553002,14.290844,12.49692,15.390749,12.084826,9.399132,13.695489,13.152541,17.70588,20.448292,21.096544,24.321869,26.55099,28.248756,25.679502,29.656122,23.431883,26.3671,23.372265,26.231716
19,18.03015,14.93008,14.531122,9.753196,10.428102,10.54688,10.240754,13.3593645,12.421802,16.649,16.98371,22.460827,20.453672,18.196213,15.845828,11.72921,9.579714,5.9897485,6.6341577,0.0,5.5650606,6.660304,10.379925,11.231529,12.079078,12.099577,10.0337,10.863528,8.215315,12.949697,13.465544,16.96715,17.236895,20.22061,21.987366,22.629637,24.956194,26.440338,21.234167,19.862564,15.991553,15.4548435,9.915777,11.749432,6.7502074,12.444511,12.160024,13.933276,16.859339,17.88985,17.304855,17.932365,22.392384,20.58462,24.29916,22.15279,19.96566,22.497509,24.849087,26.118713,24.53102,20.21681,24.400541,23.986925,28.040894,27.279877,29.954502,30.376366,27.498203,25.85812,22.69933,25.368576,24.249214,19.691671,22.687141,19.065613,24.091045,19.914885,24.912327,26.017843,26.217861,22.722244,20.652115,16.786259,14.253726,13.632114,9.822908,11.70418,7.8397064,11.385075,11.746628,15.475118,15.285873,18.514923,13.504464,9.51046,12.347856,9.684689,13.931387,15.063535,15.928616,18.51735,20.428598,22.419945,20.234673,24.685385,18.859667,22.631918,20.418741,23.9159
20,13.048042,10.079686,10.9113655,6.358905,8.757474,10.622258,11.689072,15.143871,15.99758,19.961613,21.399944,26.5731,24.25307,22.102354,18.702938,15.543427,11.578277,10.323907,7.237579,5.5650606,0.0,3.5477219,5.7691865,8.541292,9.9851265,11.183349,11.395939,13.444956,11.938805,16.932966,18.405306,22.359928,22.62074,25.770506,27.514427,28.135542,30.391382,31.653051,26.395863,25.106373,21.300888,20.809805,15.425981,16.95476,11.794905,16.665436,14.147642,16.053446,17.91138,20.19129,20.316994,21.59656,26.083834,24.957838,28.399843,26.224674,24.486242,27.095095,29.821808,30.983473,29.224697,25.436487,29.584682,29.266994,33.157494,32.42239,34.802498,35.116127,32.235485,30.483438,27.540733,29.9104,28.922586,24.504612,27.362518,23.56618,28.471416,23.581907,28.89491,29.480585,28.851704,24.955492,22.231232,19.255878,16.643301,17.013939,12.392311,15.685401,12.11803,15.105086,15.39903,18.410812,17.806833,20.136122,15.2357235,11.437748,14.373825,11.545057,16.407064,16.602097,18.821888,20.815737,22.728497,25.412378,23.300146,28.384466,22.73482,26.48792,24.58521,27.617409
21,14.313554,10.564246,12.12523,7.2152767,8.699746,11.638964,11.719785,16.25521,16.601963,20.75039,22.372429,27.47138,25.832842,23.96422,20.618933,17.424412,14.105055,11.9573345,10.341584,6.660304,3.5477219,0.0,4.7139773,5.556506,6.4772496,7.7571588,8.489312,11.077468,10.610731,15.234381,18.057789,21.965378,23.130243,25.85791,28.10081,28.77051,31.337143,33.00325,27.848858,26.341478,22.541996,21.559746,16.132402,16.649185,11.548077,15.170032,11.634814,13.2318735,14.654167,17.349766,17.902184,19.447998,23.969728,23.476398,26.456547,24.23042,22.889738,25.577763,28.631062,29.74176,28.10253,24.91088,29.408476,29.566912,33.49607,33.48895,35.76052,36.46627,33.7358,31.849123,28.565077,30.7434,29.35605,24.694248,27.059,22.91043,27.447264,21.81906,27.135956,27.298983,26.374432,22.227962,19.552084,16.99152,14.819156,15.939275,11.439538,15.923722,13.117355,16.765228,17.649094,20.939379,20.72141,23.202505,17.94228,13.901308,16.180338,12.455205,16.908834,15.587923,18.296547,19.488808,21.004477,24.106628,22.41631,27.830763,22.63447,26.811049,25.386774,28.675524
22,13.062899,10.135092,13.195618,9.440161,11.972237,15.263507,16.040226,20.245028,21.102188,25.156164,26.767233,31.917963,29.909336,27.823988,24.385231,21.252838,17.30993,15.86194,12.820486,10.379925,5.7691865,4.7139773,0.0,4.830134,7.5097246,9.065138,11.861337,15.119923,15.165658,19.47109,22.628492,26.063114,27.402744,29.76662,32.070427,32.36614,34.97402,36.374973,31.2971,29.604607,26.21748,24.817144,19.759327,20.13102,15.104239,18.571117,13.943487,16.25594,17.120281,20.604406,21.74256,23.2765,27.951336,27.816107,30.37927,27.863493,26.692823,29.05126,32.391205,33.16527,31.055292,28.331173,32.45003,32.624332,36.251617,36.391026,38.156597,38.844337,36.21455,34.114155,31.0339,32.785328,31.565552,27.187952,29.479473,25.399256,29.87716,24.208767,29.730804,29.699894,28.09193,24.03865,20.653847,18.821205,16.355968,17.854372,13.0934305,17.90325,15.48349,18.561817,19.689724,22.377787,22.28419,23.960663,18.662167,14.955428,16.719837,13.094721,17.513441,15.777251,19.32271,20.205524,21.868025,25.256868,23.504204,29.230633,24.245802,28.202213,27.116121,29.892168
23,16.965563,13.314195,16.232481,11.905882,13.21071,16.821133,16.405264,21.447287,21.358284,25.603348,27.04843,32.16111,30.942907,29.09756,26.016584,22.603113,19.59202,16.962696,15.631685,11.231529,8.541292,5.556506,4.830134,0.0,3.7152133,4.472004,8.444092,12.21769,13.495107,16.859615,21.40796,24.396683,26.837257,28.505077,31.388866,31.664404,34.6369,36.521797,31.648619,29.672579,26.408674,24.381111,19.482212,18.664963,14.068383,15.857126,10.17536,12.276905,12.693954,16.58842,18.279222,19.880148,24.569252,25.139992,27.005623,24.364668,23.647028,25.932913,29.606968,30.244917,28.25512,26.30965,30.723072,31.468014,35.090275,36.14204,37.772064,38.964718,36.550545,34.31286,30.819328,32.343666,30.62543,26.017223,27.664762,23.262829,27.201168,20.820261,26.235577,25.755785,23.858755,19.619375,16.323355,15.005006,13.179766,15.532175,11.314049,17.170303,15.739184,19.502165,21.268963,24.38271,24.798334,26.886946,21.152185,17.133656,18.209509,13.722772,17.344845,13.820749,17.68704,17.5523,18.646856,22.434828,21.256132,27.21326,22.87963,27.29543,26.777805,29.915297
24,17.572403,13.362454,15.937678,11.657313,11.964204,15.910124,14.904929,20.389446,20.23205,24.345152,26.257996,31.045473,30.383766,28.939377,25.658484,22.613775,19.961372,17.205666,16.694645,12.079078,9.9851265,6.4772496,7.5097246,3.7152133,0.0,3.0980856,6.7867465,10.234875,12.165872,15.24174,20.273989,23.820845,26.373793,28.305387,31.264212,31.948214,34.92967,37.13134,32.23157,30.43255,26.804049,25.120003,19.993147,18.955477,14.573987,15.496474,9.949366,10.552533,10.201462,14.177694,15.901135,17.985466,22.301044,23.228287,25.062696,22.801235,22.40688,25.069914,28.683338,29.605654,28.174538,26.295647,31.160542,32.110344,35.948715,37.119064,39.096737,40.3908,37.941353,35.85173,32.16593,33.920826,31.969162,27.128778,28.559443,23.994465,27.62884,20.793901,25.901304,25.102264,23.37196,18.7874,16.18004,15.066868,14.082297,16.676226,12.99194,18.860329,17.400938,21.51524,23.09246,26.532513,26.76142,29.257582,23.652021,19.511751,20.901094,16.374367,19.876066,16.071398,19.60171,19.12563,19.746347,23.606094,22.80621,28.646591,24.511902,29.162369,28.606585,32.087025
25,20.325436,16.189932,18.518486,13.892172,14.031088,17.49664,16.008902,21.51228,20.564562,24.81363,26.138382,31.055544,30.614672,29.087793,26.344398,22.868473,20.804,17.342983,17.593521,12.099577,11.183349,7.7571588,9.065138,4.472004,3.0980856,0.0,5.152652,9.013063,11.468146,13.738963,19.371996,22.121822,25.35432,26.591694,29.864428,30.30037,33.485477,35.82495,31.146051,29.087675,25.809345,23.55218,18.806509,17.079662,13.140039,13.173768,7.0809355,8.182077,8.226985,12.268676,14.303162,16.022648,20.591003,21.71087,23.086527,20.507135,20.188805,22.572906,26.38388,27.072916,25.468462,24.022896,28.808037,30.00205,33.710926,35.37596,37.11502,38.66666,36.39056,34.181736,30.358236,31.879503,29.738762,24.911173,26.029152,21.408144,24.815365,17.856714,22.987562,22.154335,20.348928,15.838608,13.137294,12.008908,11.202449,14.084784,10.859334,16.969572,16.204397,20.445831,22.453815,25.960571,26.611025,29.187841,23.345173,19.174215,20.01127,15.225908,18.130627,13.69275,17.173782,16.322838,16.760574,20.664726,20.057573,25.910892,22.110422,26.871044,26.63595,30.18859
26,22.046047,17.718159,18.763203,13.791322,12.936846,15.365802,12.943422,18.358442,16.430796,20.6642,21.637737,26.454546,26.475096,25.16535,22.88861,19.330528,18.349264,14.160504,16.149597,10.0337,11.395939,8.489312,11.861337,8.444092,6.7867465,5.152652,0.0,3.9733348,6.667331,8.635991,14.351559,17.307474,20.574863,21.970636,25.222359,25.993065,29.133583,31.734297,27.110676,25.221489,21.70121,19.777485,14.953528,13.100335,9.5970955,9.108669,5.317384,4.812768,6.8516946,8.95864,9.982849,11.555408,16.202433,16.757875,18.69253,16.357553,15.688728,18.493599,21.949535,23.038595,21.971748,19.902729,25.07471,26.227623,30.219997,31.708849,33.942005,35.48828,33.15311,31.193054,27.225946,29.167997,26.90021,21.86017,23.063103,18.469095,21.961033,15.29675,20.131144,19.749676,19.0983,14.705042,13.21292,10.667467,10.262752,12.247032,9.828474,14.915886,14.015455,18.526714,20.29065,24.18223,24.791098,27.978184,22.376932,18.19703,19.326168,14.84506,17.512663,14.147337,16.242094,16.036991,16.417713,19.628197,18.990873,24.224453,20.191767,25.024887,24.38995,28.387712
27,23.957539,19.56637,19.728228,14.931538,13.201488,14.740588,11.486766,16.657831,13.932,17.939167,18.838804,23.328344,23.981731,23.058407,21.095745,17.788166,17.813026,13.350893,16.708391,10.863528,13.444956,11.077468,15.119923,12.21769,10.234875,9.013063,3.9733348,0.0,4.207637,5.0926337,11.071695,14.569958,17.780628,19.484238,22.658228,23.90426,26.936293,29.824327,25.29547,23.684088,19.877829,18.513882,13.76135,11.922634,9.364087,8.063998,7.4902506,4.9589305,7.5353494,7.2817707,6.880032,8.591269,12.907073,13.053543,15.566705,13.783646,12.97656,16.322113,19.311481,20.886847,20.576897,18.061537,23.600422,24.757902,28.977976,30.31087,33.02496,34.557945,32.189457,30.51185,26.472992,28.776794,26.406647,21.290651,22.448988,18.024464,21.299467,15.04496,19.2119,19.048363,19.338219,15.16473,14.85085,11.853336,12.073895,13.294402,11.847439,15.669492,14.67104,19.134062,20.53011,24.627052,25.083843,28.702497,23.482803,19.45046,20.847786,16.819246,19.215572,16.623417,17.72507,17.826273,18.003065,20.627436,20.125305,24.686518,20.715027,25.47124,24.545874,28.834133
28,22.856058,18.77215,18.088686,13.356862,11.601276,11.918574,8.693466,13.195455,10.132833,14.344914,15.003611,19.80789,19.990135,18.911114,17.030163,13.589192,13.976579,9.368125,13.504768,8.215315,11.938805,10.610731,15.165658,13.495107,12.165872,11.468146,6.667331,4.207637,0.0,5.344053,8.112059,12.673261,14.534074,17.269325,19.834557,21.322256,24.023079,26.660599,21.862148,20.579086,16.33636,15.818163,10.566373,10.146348,7.1923323,8.455332,9.882675,8.740336,11.724981,11.01973,9.521507,10.50738,14.4900255,13.0576725,16.82665,15.325569,13.611947,17.014866,19.307878,21.170424,20.873589,17.080904,22.46532,22.979343,27.395655,27.765146,30.912216,32.017227,29.404793,27.972137,24.156319,26.93521,24.931934,19.883005,21.77518,17.72774,21.661598,16.548944,20.681917,21.278822,22.163553,18.41212,17.949736,14.206164,13.57577,13.640611,11.869635,14.332409,12.376501,16.577942,17.355011,21.506962,21.630314,25.475327,20.695528,16.862282,18.82371,15.498182,18.250254,17.32412,17.735563,18.971165,19.71594,21.761553,20.6706,24.786314,20.076002,24.481417,22.842085,27.123001
29,28.006035,23.778107,23.245256,18.570906,16.571308,16.82485,13.143248,17.165293,12.998357,16.554283,16.294035,20.504684,21.887571,21.198261,20.38317,16.970541,18.584234,13.638354,18.512096,12.949697,16.932966,15.234381,19.47109,16.859615,15.24174,13.738963,8.635991,5.0926337,5.344053,0.0,7.3873806,9.996598,13.913271,15.068139,18.418377,19.886395,22.944239,26.20193,22.090897,20.555956,16.976727,15.698874,11.8662615,9.496875,9.216696,6.387861,9.960175,7.466396,10.67311,7.8859267,5.436378,5.361242,9.451054,8.385987,11.535613,10.045015,8.560299,12.259599,14.633837,16.61175,16.996168,14.030338,19.79574,21.049124,25.371655,26.831734,29.852327,31.52268,29.29015,27.860043,23.737095,26.237736,23.70377,18.678003,19.611252,15.59754,18.487404,13.342483,16.533243,17.012714,18.621252,15.291971,16.11709,12.475944,13.150835,13.223208,13.333869,15.290465,14.828235,18.914513,20.195433,24.330229,24.998318,28.96303,24.155302,20.50268,21.653996,18.247465,19.776592,18.098455,17.813578,18.29706,18.311516,19.935062,19.565607,23.051933,19.397993,23.893797,22.823029,27.354397
30,28.975243,25.316841,23.458244,19.436354,17.316954,15.493679,12.165534,13.62884,8.234065,10.919707,9.19839,13.497909,14.922986,14.455523,14.747546,11.696862,15.206999,10.809523,16.972122,13.465544,18.405306,18.057789,22.628492,21.40796,20.273989,19.371996,14.351559,11.071695,8.112059,7.3873806,0.0,7.053571,7.2446523,11.074568,12.871561,15.393947,17.591593,20.673088,16.360846,15.818156,11.403038,12.536254,9.094153,9.604815,10.343293,10.873253,16.005795,14.596985,17.881363,15.095631,11.963939,11.291054,13.314835,9.218925,14.499302,14.178823,11.459825,14.774839,15.096066,17.766832,18.689816,13.47737,18.657415,18.672178,23.302921,22.894833,26.991003,27.892387,25.306938,24.602554,20.989943,24.44038,22.562447,18.009033,19.998037,17.167767,20.60894,17.94325,20.41846,22.030066,24.593632,21.97534,22.727903,18.462208,18.22105,16.790955,16.796825,16.268473,14.695894,17.66643,17.647232,21.605,21.68028,26.056599,22.509037,19.631874,21.493412,19.581108,21.22858,22.023453,20.597843,22.587168,23.255758,23.85947,22.770884,25.054928,20.645472,24.206053,21.925842,26.374052
31,34.27394,30.681067,29.334972,24.894125,23.336199,21.81591,18.761438,20.210957,14.825646,17.127583,13.562758,17.405405,18.856188,17.913074,19.90191,16.114756,20.026583,15.148775,21.156351,16.96715,22.359928,21.965378,26.063114,24.396683,23.820845,22.121822,17.307474,14.569958,12.673261,9.996598,7.053571,0.0,6.895315,5.099,8.906006,10.210679,13.35325,17.010508,13.932115,12.38194,10.246067,8.956007,9.017166,7.337895,11.374311,9.932829,16.729729,16.160322,19.934345,16.68281,14.013418,11.627266,13.574856,9.499264,12.912892,11.792245,8.295802,9.906398,9.489701,11.706683,12.447616,6.718139,11.797152,12.2869,16.798088,17.710451,21.329287,22.943748,20.936424,20.054243,16.137167,19.124264,16.810854,12.623855,13.901833,11.961271,14.680346,14.239322,15.552675,18.133732,21.575245,20.289112,21.504652,17.058144,17.0771,14.711055,16.649855,14.407369,14.753798,16.971884,17.815712,21.351145,22.52624,26.663412,23.090132,20.722237,21.222548,19.707735,19.628578,20.756332,17.982628,19.996264,20.470642,19.832008,18.96996,19.80376,16.376133,19.417446,17.623827,22.132137
32,33.28568,30.22501,27.909502,24.246466,22.657042,19.843233,17.464676,16.863129,11.678864,12.708113,7.768542,11.495009,12.373738,11.546192,14.615985,11.631061,16.719004,13.158702,19.296482,17.236895,22.62074,23.130243,27.402744,26.837257,26.373793,25.35432,20.574863,17.780628,14.534074,13.913271,7.2446523,6.895315,0.0,6.8804216,6.2687716,9.501103,10.772609,13.744362,9.819832,10.125284,6.2457433,9.445893,9.188878,11.2098055,13.678197,15.12577,21.235615,20.779806,24.460443,21.574276,18.51216,16.980778,18.438604,13.555994,18.336845,18.08744,14.773924,16.700598,15.456627,17.922792,18.778873,12.39051,15.826869,14.562862,19.027327,17.03299,21.873983,22.21372,19.579996,19.585726,16.631418,20.632483,19.420534,15.97137,18.533953,17.348215,20.72492,20.745941,22.381796,25.017933,28.301298,26.650814,27.39551,22.752625,22.039722,19.41841,20.138803,17.19511,15.866782,17.098583,16.349144,19.540653,19.728128,24.10925,21.890808,20.209738,21.740278,21.369709,22.131989,24.837166,22.134726,25.099693,26.146042,25.55557,24.040258,24.733173,20.35927,22.601469,19.571949,23.638414
33,37.69713,34.435097,32.83641,28.585697,27.27901,25.22968,22.59377,23.072632,17.768833,19.36911,14.645357,17.87349,19.017656,17.912128,21.208265,17.553286,22.070995,17.702875,23.56804,20.22061,25.770506,25.85791,29.76662,28.505077,28.305387,26.591694,21.970636,19.484238,17.269325,15.068139,11.074568,5.099,6.8804216,0.0,4.720493,5.372066,8.575003,12.4689865,10.526591,9.062454,8.855114,7.8715806,10.792532,10.214205,14.7352705,14.146539,20.981539,20.959482,24.838053,21.63921,19.039133,16.467745,17.913872,13.64962,16.548615,15.629046,12.220787,12.446489,10.632856,12.315833,12.907988,6.646633,9.243633,8.6099205,13.0201645,13.184314,17.24658,18.707348,16.893045,16.479254,12.998465,16.224554,14.341046,11.381232,12.892644,12.744799,15.05331,17.0443,17.520325,20.781403,24.617197,24.091137,25.25609,20.755928,20.452475,17.405529,19.731718,15.963354,16.590897,17.537262,18.033253,20.881874,22.274782,26.243414,23.547678,22.014025,22.159351,21.68969,20.906837,23.290255,19.678455,22.286146,22.99552,21.42509,20.309605,19.68509,16.609976,18.400246,16.20591,20.322863
34,38.73431,35.815155,33.67695,29.890545,28.594704,25.845201,23.61839,22.91339,17.890144,18.58087,13.167152,15.586324,16.416237,15.440374,19.711264,16.723515,21.824074,18.34586,24.105476,21.987366,27.514427,28.10081,32.070427,31.388866,31.264212,29.864428,25.222359,22.658228,19.834557,18.418377,12.871561,8.906006,6.2687716,4.720493,0.0,4.2480164,5.074905,8.9313345,7.355295,7.5430927,7.584879,9.363061,12.495335,13.634734,17.471384,18.140732,24.786797,24.788418,28.65782,25.524387,22.659777,20.402645,21.502022,16.756966,20.31654,19.92161,16.558647,17.035057,14.7265,16.558163,17.337626,11.183835,12.359262,10.367056,14.249206,11.9250555,17.022585,17.49386,15.381006,15.863092,13.379136,17.211298,16.246239,14.212158,16.379143,16.833782,19.328548,21.667446,22.18826,25.48825,29.329956,28.695507,29.694557,25.07816,24.436924,21.22566,23.004858,18.756065,18.587507,18.751905,18.298697,20.658062,21.552494,25.526773,23.911873,22.992905,23.58412,23.921526,23.449003,26.792608,23.129812,26.255562,27.253613,25.611273,24.163353,23.24588,19.817703,20.876036,17.946878,21.564255
35,39.915306,37.09609,35.34013,31.313284,30.425901,27.979628,25.934061,25.629177,20.74639,21.973692,16.620987,19.560272,19.721216,18.169523,22.392345,18.805456,23.42369,19.71398,25.024572,22.629637,28.135542,28.77051,32.36614,31.664404,31.948214,30.30037,25.993065,23.90426,21.322256,19.886395,15.393947,10.210679,9.501103,5.372066,4.2480164,0.0,3.958746,7.480859,7.076493,5.635319,8.424615,7.9048376,12.724432,13.322225,17.609953,18.199625,24.750174,25.418074,29.456064,26.614937,24.180006,21.643755,23.273212,18.994715,21.77432,20.699547,17.317652,16.92775,14.949876,15.886403,15.671198,9.8626,9.278676,6.487435,10.19248,8.118672,12.886218,13.752835,11.93996,12.113956,9.536319,13.131602,12.283386,11.060809,13.259157,14.633543,17.01822,20.551243,20.973068,24.627638,28.374474,28.243767,28.982004,24.389444,23.522358,19.946638,22.205269,17.201979,17.827795,17.379488,17.432566,19.334908,20.91692,24.49617,22.82756,22.256353,22.081886,22.775064,21.497583,25.263256,21.109804,24.421997,25.554087,23.362354,21.775558,20.100256,17.029106,17.372337,14.558608,17.914341
36,41.578693,39.01172,36.87075,33.206566,32.302483,29.391148,27.61823,26.49737,21.886442,22.419899,16.779564,18.892344,18.81967,17.438408,22.332651,19.384848,24.31899,21.326187,26.477957,24.956194,30.391382,31.337143,34.97402,34.6369,34.92967,33.485477,29.133583,26.936293,24.023079,22.944239,17.591593,13.35325,10.772609,8.575003,5.074905,3.958746,0.0,4.2341604,5.786193,6.387278,9.382629,10.779084,15.262427,16.741343,20.599524,21.779642,28.266232,28.851778,32.86498,29.978415,27.330832,24.948595,26.254847,21.663523,24.809694,24.133148,20.772171,20.567839,18.180235,19.31646,19.436764,13.767595,12.75367,9.580537,12.240223,7.8430915,13.386364,13.198852,11.272805,12.502757,11.234028,14.983128,14.941347,14.497532,16.865894,18.508316,20.83635,24.500048,24.833815,28.48561,32.30716,32.126595,32.849678,28.208107,27.213196,23.603518,25.526047,20.364044,20.45739,19.504675,18.850054,20.250168,21.40586,24.868982,24.160652,24.089186,24.233385,25.474691,24.427994,28.72484,24.595366,28.145782,29.403736,27.182415,25.460619,23.586048,20.449091,20.27504,17.087353,19.85768
