,0,1,2,3,4,5,6,7,8,9,10,11,12,13,14,15,16,17,18,19,20,21,22,23,24,25,26,27,28,29,30,31,32,33,34,35,36,37,38,39,40,41,42,43,44,45,46,47,48,49,50,51,52,53,54,55,56,57,58,59,60,61,62,63,64,65,66,67,68,69,70,71,72,73,74,75,76,77,78,79,80,81,82,83,84,85,86,87,88,89,90,91,92,93,94,95,96,97,98,99,100,101,102,103,104,105,106,107,108,109
0,0.0,4.268297,6.5031705,9.236259,12.15606,13.710433,18.073957,21.981373,24.127808,27.049286,31.045197,31.908962,36.901493,34.909542,29.528788,28.211926,24.353357,22.245913,17.490257,17.420383,14.538486,13.40516,12.063145,16.443651,18.887884,19.241732,21.817713,21.899214,26.076323,23.858934,31.894716,27.617645,34.7395,33.276615,36.068485,38.74723,37.236073,36.52923,32.377995,29.678627,33.14138,29.215433,32.98261,31.150146,26.767693,28.95421,24.789114,25.52276,23.715189,25.074898,27.242044,28.827065,33.3006,34.670948,36.769356,33.60549,34.33041,36.590363,40.23958,41.93577,37.874054,36.165565,41.499054,41.833927,45.544624,41.036064,38.61905,44.32585,41.015957,38.095642,39.8503,40.345127,37.536446,34.325897,34.182915,32.83744,31.977535,35.831684,36.148487,40.809696,40.261734,44.522655,45.330143,41.919056,37.94376,34.348663,33.698746,28.437687,26.14103,22.753637,19.967403,19.742132,16.138327,15.185924,13.948814,17.36376,20.477394,21.946766,21.286976,26.023958,25.380266,30.17762,32.609516,33.811447,32.33616,38.188236,34.538746,39.311,39.297596,42.73533
1,4.268297,0.0,4.61408,6.1912045,8.348124,11.040198,14.941809,18.735281,20.800995,23.49511,27.755508,28.708977,33.44121,31.0857,25.756842,24.2248,20.325022,18.090422,13.244295,13.2461,10.419664,9.557711,8.67547,12.797595,15.071454,15.292165,17.603912,17.650309,21.826174,19.736242,27.816387,23.755537,30.939363,29.828817,32.61906,35.53063,34.23336,33.322056,29.15443,26.2655,29.441143,25.333212,28.97361,26.987888,22.670757,24.70941,20.70498,21.450985,19.93017,21.214386,23.440989,24.767218,29.339342,30.620571,32.70425,29.513685,30.113346,32.331947,36.0192,37.668537,33.62011,31.928768,37.306515,37.739388,41.417572,36.88062,34.58931,40.369354,37.221184,34.34648,36.396126,36.961765,34.349453,30.925863,31.270515,29.525043,29.137657,32.798046,32.923256,37.62194,36.75963,41.00374,41.581947,38.0284,34.12056,30.451384,30.046576,24.535707,22.625013,19.166792,16.673052,16.907312,13.666241,13.196661,12.448333,16.05056,18.868818,19.612762,18.48792,23.131088,21.914988,26.84726,29.336468,30.221136,28.533487,34.362904,30.47721,35.241245,35.19625,38.56278
2,6.5031705,4.61408,0.0,4.94084,7.334393,7.3134255,12.501565,15.658518,18.284307,20.941692,24.914495,26.233297,31.139008,29.537771,24.261438,22.828327,19.271685,17.177307,13.639086,13.209241,12.018449,10.431536,11.322149,15.210222,16.63357,17.253323,18.34701,18.264797,21.69184,19.798683,27.159708,23.121159,30.083557,28.431059,31.693684,34.07825,33.17211,32.724434,28.290224,25.465841,29.241493,25.492638,28.841124,27.117348,23.599422,25.249058,22.258602,22.819736,22.193659,22.745836,24.496061,25.371115,30.123741,30.757936,33.440777,30.534418,30.352873,32.560642,36.035053,37.639515,33.671967,31.347904,36.35017,36.32932,40.112995,35.905167,32.96233,38.49373,35.056316,32.030857,33.55987,33.948597,31.092157,27.945963,27.689415,26.520409,25.746328,29.721634,30.313822,35.03243,34.284412,38.802074,39.564133,36.2686,32.28068,28.670847,28.093147,22.999327,20.419664,17.465078,14.422679,14.880331,10.899444,11.872272,12.364451,15.912033,19.03745,19.307133,18.819246,22.541567,21.30449,26.106932,28.13436,29.328285,27.818539,33.25479,29.550556,34.32121,33.988174,37.714764
3,9.236259,6.1912045,4.94084,0.0,3.761638,6.4956126,8.963826,13.665524,15.051264,18.331858,22.16586,22.756054,27.726212,25.845856,20.433506,19.505089,15.737247,14.7309675,10.579537,11.716172,10.660136,10.59299,11.679951,14.490824,15.946696,15.614717,16.235771,15.2059145,18.590818,15.919584,23.35908,18.850794,25.826183,24.140825,27.154154,29.710155,28.548094,27.968513,23.617405,20.835714,24.648476,21.06331,24.659689,23.324638,19.792437,22.112095,19.14709,20.820482,20.372066,21.532368,23.713898,23.916279,28.831038,29.38209,31.713459,28.512857,28.119368,29.844612,33.780426,34.799103,30.403845,28.643793,33.658566,33.942936,37.39893,32.67542,30.323303,35.924335,32.251644,29.493309,31.251345,32.185253,29.355686,26.326979,26.857225,25.695332,25.954979,29.810583,30.407982,35.19729,33.63183,38.361183,38.499203,34.866375,31.11294,27.205149,27.505325,21.824028,20.159315,17.441065,14.98151,16.55591,13.149903,15.012059,15.791598,19.341085,22.038153,21.628553,20.430347,24.01836,21.773298,26.731993,28.797333,29.324865,27.30735,32.531357,28.033169,32.744076,31.987932,35.557102
4,12.15606,8.348124,7.334393,3.761638,0.0,6.064927,7.2302957,11.270567,12.6766405,15.447131,19.713408,20.58846,25.139658,22.789461,17.456831,16.092003,12.269495,10.986686,7.095433,8.356419,8.267505,8.635133,10.678647,12.504207,13.351671,12.948743,12.799099,11.706775,14.90047,12.546638,19.983294,15.880291,22.953957,21.785482,24.860928,27.692682,26.91021,26.084288,21.718872,18.659739,22.042261,18.191568,21.513073,19.909061,16.616682,18.548836,16.05458,17.578913,17.688944,18.531359,20.609644,20.453182,25.416462,25.79244,28.176306,25.040903,24.425228,26.148317,30.044388,31.085087,26.778301,24.903563,29.965181,30.31344,33.79256,29.117264,26.802563,32.50192,29.077587,26.326614,28.454594,29.386244,26.83483,23.500652,24.587816,22.88362,23.643171,27.200987,27.548279,32.32513,30.493643,35.148613,35.0969,31.345259,27.653769,23.696096,24.220997,18.325308,17.127682,14.439211,12.476356,14.606542,11.972466,14.277416,15.501783,18.832537,21.091995,20.006712,18.47646,21.680374,18.889532,23.832998,25.887197,26.098059,23.90315,29.03961,24.361431,29.054333,28.29833,31.815989
5,13.710433,11.040198,7.3134255,6.4956126,6.064927,0.0,6.6099725,8.555949,11.557598,14.088783,17.770803,19.470808,24.321188,23.39983,18.349796,17.126352,14.230169,12.9769,11.836919,11.606418,13.040703,11.889687,14.764798,17.152334,17.314703,17.797367,16.743587,16.023829,17.95672,16.323503,22.164013,18.391525,24.7761,22.716688,26.491404,28.363348,28.1742,28.132109,23.491844,20.703932,24.90232,21.746426,24.471548,23.225008,21.12388,22.266111,21.032837,21.809967,22.643951,22.491755,23.783655,23.452118,28.376448,28.001917,31.199461,28.605593,27.163727,29.003733,32.349567,33.52213,29.57362,26.69631,31.09078,30.659536,34.352074,30.394112,26.944622,32.157097,28.353634,25.299059,26.446259,26.930706,23.917135,21.04711,20.82325,20.16808,19.958878,24.102604,25.214123,29.972246,28.603643,33.582745,34.027225,30.815784,26.963737,23.265497,23.199568,18.32829,15.735019,13.943094,11.002289,13.093344,9.496295,13.416148,15.704615,18.766954,21.422827,20.193754,19.751173,21.83733,19.565292,24.097353,25.465227,26.36666,24.68123,29.243135,25.235136,29.853987,28.850157,32.88164
6,18.073957,14.941809,12.501565,8.963826,7.2302957,6.6099725,0.0,6.5606837,6.225348,10.273071,13.403346,13.846144,18.920353,17.861103,12.603394,12.532331,9.755815,11.125754,10.559925,12.351043,14.322477,14.7967,17.605604,18.638208,18.61595,18.009867,15.924894,13.799229,14.785658,12.167068,17.04839,12.606981,18.68985,16.270517,19.963964,21.866522,21.585655,21.556019,16.900404,14.195911,18.76416,16.258247,19.01657,18.653997,17.285505,19.112986,18.666294,20.851553,22.205761,22.61,24.245682,22.844488,27.785309,27.090754,29.838915,27.026224,25.00835,26.002808,29.876959,30.073671,25.576857,23.4049,27.529303,27.429663,30.554823,25.922567,23.249056,28.402048,24.102036,21.50109,22.85509,24.26548,21.292263,18.826405,19.909695,19.480326,20.99809,24.750149,25.92363,30.59325,27.986225,33.228413,32.712543,29.109442,25.74495,21.715998,23.087818,17.721748,16.71809,15.70977,14.030499,17.237375,14.809537,18.887966,21.127874,24.15018,26.338278,24.48568,23.316061,25.059261,21.647568,26.058075,27.320786,27.28226,24.977013,28.886395,23.842226,28.18277,26.402147,30.21129
7,21.981373,18.735281,15.658518,13.665524,11.270567,8.555949,6.5606837,0.0,5.1750994,5.7704434,9.614424,12.475895,16.502163,16.074259,11.850663,10.554053,9.499168,9.744935,12.69115,12.627254,16.316504,15.93162,19.72732,20.317162,19.163616,19.422976,16.089996,14.86576,14.221148,13.676786,16.324148,13.883585,18.831495,16.919712,21.190474,22.617655,23.697353,23.872166,19.339327,16.624847,20.493637,18.182934,19.537743,18.777225,18.90639,18.933847,20.215143,20.950228,23.406782,22.425188,23.046091,21.237255,25.895498,24.307089,27.882013,25.860283,22.932692,24.197824,27.16935,27.7914,24.140396,20.600464,24.047195,23.156242,26.681675,23.172039,19.137814,23.959719,19.936844,16.848516,17.920048,18.59349,15.709907,12.822752,13.622911,13.013869,14.558083,18.26651,19.701027,24.299599,21.799374,27.176868,26.963364,23.76367,20.28523,16.54223,17.529173,13.195374,11.569155,11.9579115,10.691256,14.312483,12.979966,17.93178,21.053352,23.374943,25.142427,22.492252,21.852564,22.023386,18.5741,22.243896,22.784275,22.948708,21.013918,24.12322,19.759153,23.907562,22.0588,26.295042
8,24.127808,20.800995,18.284307,15.051264,12.6766405,11.557598,6.225348,5.1750994,0.0,4.9592147,7.323324,8.194333,12.86787,12.433503,7.8207927,8.408124,7.752702,10.818841,13.24809,14.76066,18.016943,18.639292,21.991714,22.058897,21.169273,20.563099,17.045752,14.720214,13.522469,11.890409,13.355334,10.108264,14.519281,11.945851,16.227415,17.596151,18.523285,18.800207,14.263995,11.759767,16.112705,14.650407,16.06761,16.357815,17.055729,17.944088,19.541645,21.578356,24.044628,23.800142,24.884655,22.493011,27.086597,25.49615,28.45679,26.143314,23.003353,23.44232,26.982304,26.634544,22.380098,19.796013,22.98642,22.536407,25.38149,21.052708,18.044928,22.748573,18.096487,15.623675,16.82305,18.622696,15.776648,13.684729,15.678022,15.554188,18.343685,21.572535,22.983652,27.342936,23.916304,29.345005,28.278992,24.755945,21.84905,17.926311,20.182379,15.531026,15.398826,15.867033,15.22117,18.98978,17.698944,22.340593,25.117373,27.675365,29.383877,26.73773,25.586006,26.061283,22.088701,25.760221,26.402845,25.8817,23.485762,26.16567,20.9628,24.769608,22.261967,26.13921
9,27.049286,23.49511,20.941692,18.331858,15.447131,14.088783,10.273071,5.7704434,4.9592147,0.0,5.299136,8.782379,11.3856325,10.733908,7.6197324,6.485917,7.828302,9.907611,14.527338,14.977471,19.124668,19.442633,23.237043,22.757996,21.107258,20.949934,16.621784,14.968516,12.470575,12.671019,12.14952,11.205957,14.443767,13.121466,17.40797,18.747896,20.705986,20.786783,16.684912,14.17081,17.198612,15.691712,15.8321705,15.600225,17.459091,16.852716,19.786802,20.772375,24.0184,22.859129,23.23695,20.43651,24.649307,22.4025,25.805588,24.108881,20.294481,20.84088,23.678062,23.605673,20.077188,16.483816,19.15518,18.20604,21.369738,17.865564,13.851351,18.515358,14.288943,11.376468,13.016048,14.353868,12.022147,9.112154,12.079223,11.057629,14.700341,17.308857,18.560322,22.747278,19.04086,24.464195,23.340693,19.919464,17.06095,13.28096,15.740182,11.850828,12.177664,13.728451,13.967819,17.828476,17.660618,22.373096,25.488274,27.52537,28.752604,25.535276,24.518053,23.927498,19.789429,22.756912,22.927778,22.221533,19.962404,21.873486,16.982399,20.520859,17.892447,22.003347
10,31.045197,27.755508,24.914495,22.16586,19.713408,17.770803,13.403346,9.614424,7.323324,5.299136,0.0,5.211258,7.482507,9.871576,8.649854,9.748609,12.008609,15.064447,19.36459,20.199787,24.177738,24.563162,28.282772,27.905369,26.352493,26.019302,21.66292,19.675024,16.786873,16.600088,14.035321,13.340239,14.248491,11.713778,16.132166,16.021708,18.716566,19.664118,15.959837,14.4208975,17.81584,17.831789,17.402334,18.356236,21.101858,20.759615,24.141596,25.589937,28.910488,27.89524,28.232437,25.14453,29.067795,26.452105,29.743017,28.26548,24.00432,23.91536,26.535242,25.702282,22.303795,19.007772,20.314219,18.951614,21.346664,18.251661,14.301025,17.561346,12.274864,9.96035,9.82319,12.080347,9.197569,8.62349,11.307514,12.457525,16.354416,18.737469,20.713854,24.339397,20.183668,25.743359,24.210943,21.27211,19.146383,15.961277,18.827364,16.202589,16.537964,18.673113,18.788363,22.534578,22.127872,27.108665,30.346933,32.39398,33.733173,30.508062,29.687778,28.76627,24.729065,27.284565,27.01891,26.26626,24.159992,25.023783,20.408602,23.180115,19.84885,23.77692
11,31.908962,28.708977,26.233297,22.756054,20.58846,19.470808,13.846144,12.475895,8.194333,8.782379,5.211258,0.0,5.8813314,8.834165,7.6458707,10.923887,12.777469,17.173738,20.309381,22.193787,25.555635,26.540949,29.82541,29.366999,28.261898,27.30102,23.25707,20.532906,17.894909,16.535257,13.574695,11.834209,11.628827,7.554195,11.924268,11.243268,13.694922,15.080966,11.539211,10.803528,14.800773,15.985679,15.86433,17.957706,20.683226,21.43646,24.441534,27.017776,29.976278,29.764532,30.653168,27.447992,31.433249,29.16223,31.801115,29.894701,25.883223,25.183144,28.4465,26.797928,22.734776,20.737497,22.057457,21.38497,22.977064,18.891659,16.585247,19.62622,13.9780445,12.795031,12.777885,15.97933,13.389039,13.562363,16.305199,17.603008,21.530083,23.922466,25.760286,29.338568,24.887962,30.290228,28.25597,25.059896,23.30139,19.970085,23.362543,20.045212,20.895308,22.453224,22.450924,26.291069,25.435469,30.256176,33.180943,35.579113,37.085518,34.095844,32.9169,32.662827,28.398996,31.322031,31.396246,30.331186,27.886663,28.95194,23.718313,26.377466,22.806562,26.221848
12,36.901493,33.44121,31.139008,27.726212,25.139658,24.321188,18.920353,16.502163,12.86787,11.3856325,7.482507,5.8813314,0.0,6.441628,9.17095,11.95792,15.193996,19.425484,23.557215,25.155466,28.900177,30.002827,33.4222,32.314404,30.737528,29.791952,25.219635,22.71528,19.009676,18.737999,13.032916,13.757046,10.661463,8.600653,11.829057,10.706172,14.7071705,15.787358,13.594557,13.329103,15.21417,17.193863,15.453917,17.840445,21.9886,21.794012,26.032267,28.237623,31.75484,31.130196,31.597357,27.864782,31.169106,28.360237,30.826908,29.492054,24.884974,23.59378,26.22859,23.994274,20.641321,18.685665,18.512602,17.650953,18.419214,15.016932,13.102847,14.846519,9.092889,9.168731,9.283968,13.219294,11.976904,12.797963,16.701826,17.55806,22.36062,23.647861,25.200533,28.086555,22.965424,27.936874,25.16689,22.171028,21.348978,18.65445,22.727064,20.46777,22.25453,24.449308,25.22706,29.06621,29.024446,33.74623,36.78068,38.84443,39.9095,36.49216,35.21492,34.233612,29.76188,31.936842,31.629364,30.050533,27.633928,27.468788,22.480282,24.150713,20.086954,23.010164
13,34.909542,31.0857,29.537771,25.845856,22.789461,23.39983,17.861103,16.074259,12.433503,10.733908,9.871576,8.834165,6.441628,0.0,5.4603376,7.6880965,11.182043,15.578069,19.603224,21.467367,25.015059,26.634003,29.771078,27.957842,26.298916,25.015472,20.38677,17.789284,13.69681,13.794397,6.7631083,9.077266,5.7154226,7.1805005,9.703999,11.52923,14.623889,13.993398,11.840495,10.566364,10.531864,11.802232,9.350102,11.548127,16.194603,15.785758,20.381237,22.752398,26.325373,25.90651,26.56257,22.636717,25.769495,23.300632,25.180723,23.600395,19.219473,17.636702,20.847383,18.434267,14.496137,13.305161,14.208844,14.546321,15.508025,10.391256,10.089744,13.721231,9.462125,9.38824,12.51795,15.835654,15.374923,14.108297,19.118263,17.91206,23.09566,24.06178,24.593771,27.722172,22.46879,27.004753,23.938103,20.094173,19.187122,16.040535,20.63835,17.329369,20.281778,21.854677,23.232716,27.079628,27.520254,31.632235,34.294357,36.32323,37.044167,33.579445,31.745455,31.146416,26.327139,28.629488,28.824118,26.664629,23.81125,24.16291,18.39089,20.223106,16.419079,18.914312
14,29.528788,25.756842,24.261438,20.433506,17.456831,18.349796,12.603394,11.850663,7.8207927,7.6197324,8.649854,7.6458707,9.17095,5.4603376,0.0,4.4767227,6.5356154,11.602454,14.815131,17.057732,20.331656,21.976192,25.012442,23.625952,22.349955,20.999481,16.751148,13.826804,10.722071,9.609521,6.3294563,5.010579,7.0038447,6.6793904,10.311551,12.909071,14.547728,13.807817,10.181932,7.646639,9.688132,9.243105,9.01459,10.397262,13.27856,13.87682,17.179703,19.933228,23.011412,22.987597,24.103289,20.703878,24.614199,22.77375,24.849749,22.620962,18.96395,18.200249,22.073969,20.538334,15.934487,14.56062,17.29638,17.723541,19.655867,14.326084,13.219178,17.973211,13.712333,12.367876,15.175166,17.951487,16.490648,14.426162,18.67585,17.388624,21.854063,23.716663,24.3303,28.144222,23.55271,28.446058,26.13966,22.102192,20.190031,16.361599,20.240932,15.6319895,17.88393,18.680338,19.501135,23.388897,23.263084,27.31774,29.818151,32.139103,33.17898,30.06721,28.200169,28.364254,23.64955,26.746614,27.408482,25.695948,22.761618,24.506935,18.466383,21.433207,18.31631,21.34712
15,28.211926,24.2248,22.828327,19.505089,16.092003,17.126352,12.532331,10.554053,8.408124,6.485917,9.748609,10.923887,11.95792,7.6880965,4.4767227,0.0,4.1508474,7.9025235,12.455402,13.835704,17.639658,19.036695,22.329647,20.65641,18.907917,17.967096,13.269654,11.012707,7.2916207,7.964886,5.9482393,6.4993763,10.005767,11.095046,14.344781,17.242895,18.909937,17.803675,14.276056,11.335093,12.355631,10.212885,9.783545,9.1446085,11.797844,11.022414,14.807701,16.469803,19.966866,19.268751,20.021385,16.60403,20.580633,18.6447,21.125893,19.071379,15.327165,15.246288,18.867311,18.23687,14.052948,11.554754,15.172077,15.528437,18.296595,13.444294,11.4287,17.021212,13.766046,11.7231655,15.347173,17.261532,16.198862,12.933271,17.40428,14.819334,19.22643,20.818266,20.897041,24.83905,20.528414,25.22671,23.239845,19.025759,16.685762,12.642607,16.30715,11.297386,13.981816,14.713099,16.044453,19.855246,20.369217,24.156422,26.69237,28.728098,29.466991,26.139791,24.236095,24.117727,19.326878,22.313225,23.044834,21.279747,18.321548,20.410513,14.350888,17.749983,15.132093,18.466415
16,24.353357,20.325022,19.271685,15.737247,12.269495,14.230169,9.755815,9.499168,7.752702,7.828302,12.008609,12.777469,15.193996,11.182043,6.5356154,4.1508474,0.0,5.436511,8.517371,10.570464,13.911231,15.573943,18.623144,17.174536,15.877371,14.698401,10.542934,7.825797,5.879486,4.847736,8.015736,5.8538065,11.97927,12.56269,15.644044,18.969934,19.675198,18.351738,14.43808,11.06223,12.729518,9.345565,10.697912,9.4257,9.787292,10.215536,12.242529,14.407843,17.24567,17.13737,18.483732,15.702873,20.210365,19.09619,21.36707,18.70695,15.99625,16.448431,20.532032,20.364922,15.834762,13.950644,18.453466,19.108011,22.034803,16.962254,15.324744,21.072382,17.894245,15.71544,19.030216,20.736937,19.235209,15.787435,19.470577,16.884832,20.451546,22.601652,22.59482,26.882141,23.17612,27.83061,26.304844,22.055075,19.272184,15.081848,17.934582,11.990861,13.990283,13.560453,14.368939,18.076328,18.085232,21.537094,23.743782,26.078081,27.04738,24.120787,22.020418,22.849634,18.202549,21.931393,23.216555,21.765182,18.761898,22.033144,16.009468,19.982162,18.053198,21.300688
17,22.245913,18.090422,17.177307,14.7309675,10.986686,12.9769,11.125754,9.744935,10.818841,9.907611,15.064447,17.173738,19.425484,15.578069,11.602454,7.9025235,5.436511,0.0,6.409635,6.098714,10.42391,11.394668,14.893835,13.3622875,11.428096,11.2218685,6.7773104,6.1130342,5.6238832,7.1587524,11.899648,11.020535,16.971994,17.935547,21.011763,24.331951,25.102322,23.699926,19.81497,16.392824,17.645369,13.54173,14.75294,12.021364,11.143432,10.04533,11.300562,11.302358,14.295358,13.151647,14.069186,11.953439,16.792265,15.980912,18.8587,16.383764,14.29231,16.044024,19.482033,20.703897,17.055891,14.175689,19.273224,19.694088,23.353643,19.203754,16.741728,22.687548,20.439072,17.761032,21.209982,21.940256,20.666399,16.39311,19.480902,15.809287,18.452631,20.500425,19.892248,24.351545,21.55521,25.819935,25.072226,20.95734,17.568441,13.510257,15.057874,8.575159,10.130244,8.675747,9.904734,13.313387,14.065646,16.945612,19.136166,21.149717,21.838758,18.770027,16.64541,17.481995,12.904364,16.953018,18.583517,17.484318,14.6565695,19.004885,13.638387,18.215391,17.40229,20.835537
18,17.490257,13.244295,13.639086,10.579537,7.095433,11.836919,10.559925,12.69115,13.24809,14.527338,19.36459,20.309381,23.557215,19.603224,14.815131,12.455402,8.517371,6.409635,0.0,4.520375,5.602714,8.108524,10.338474,9.18099,8.9909315,7.6016293,6.1809134,4.6703405,8.644945,7.0548573,15.147611,12.308939,19.364622,19.937185,22.449577,26.198334,25.783825,24.087547,20.214252,16.786644,18.340773,13.641097,16.512539,13.950963,10.274861,11.686321,9.22177,10.83832,11.654053,12.5282135,14.894182,14.132231,19.043465,19.64928,21.484108,18.141813,17.783117,19.455187,23.554245,24.62686,20.395847,19.032629,24.550068,25.52737,28.864016,23.997673,22.559471,28.55823,26.02446,23.570856,26.830128,27.888264,26.201265,22.258337,24.820362,21.738342,23.688217,26.238602,25.694096,30.250551,27.838907,31.976646,31.351286,27.179316,23.816788,19.831753,21.038857,14.556085,15.292895,12.51106,12.472539,15.025337,14.516745,16.224552,17.325647,20.015543,21.155916,19.19406,16.616484,19.502169,15.667486,20.423548,22.782528,21.97712,19.23079,24.406242,19.17185,23.719294,23.239918,26.205257
19,17.420383,13.2461,13.209241,11.716172,8.356419,11.606418,12.351043,12.627254,14.76066,14.977471,20.199787,22.193787,25.155466,21.467367,17.057732,13.835704,10.570464,6.098714,4.520375,0.0,4.8352,5.3642507,8.875231,7.9564524,6.5826316,7.1945014,5.571126,6.84828,9.92036,10.356553,17.31082,15.525457,22.209194,22.906649,25.789204,29.295008,29.383553,27.86101,23.887327,20.423187,21.910194,17.249237,19.401234,16.316492,13.325286,13.042055,11.327423,10.422034,11.669737,10.913912,12.437085,12.349101,17.265043,17.773018,20.325686,17.520649,17.198044,19.659792,22.962852,24.92292,21.486967,19.08918,24.55175,25.109388,28.917414,24.879395,22.582502,28.521452,26.473478,23.677347,26.879614,27.265703,25.751348,21.417515,23.51645,19.897736,21.138529,23.544538,22.700062,27.247974,25.538303,29.400942,29.377132,25.490915,21.807737,18.120205,18.32039,12.18472,12.161664,8.716498,8.787005,10.882939,11.150855,12.479058,13.861774,16.163351,17.063494,14.790486,12.364249,15.054482,11.463397,16.384474,18.830683,18.49947,16.13681,21.752785,17.362211,22.08925,22.215456,25.404415
20,14.538486,10.419664,12.018449,10.660136,8.267505,13.040703,14.322477,16.316504,18.016943,19.124668,24.177738,25.555635,28.900177,25.015059,20.331656,17.639658,13.911231,10.42391,5.602714,4.8352,0.0,3.7619436,4.843895,4.3381763,5.4577374,5.2452765,7.436591,8.500085,12.990837,12.318998,20.346487,17.8655,24.869839,25.525522,27.981083,31.764183,31.177542,29.42514,25.610003,22.231655,23.637371,18.752983,21.618301,18.581827,14.243835,15.125901,11.292084,11.061601,10.230217,11.087307,13.569924,14.546887,19.126888,20.615133,22.344212,19.094337,19.971632,22.357256,25.957802,27.869665,24.21457,22.717026,28.428028,29.365654,32.983055,28.55628,26.90388,32.915257,30.823334,28.172314,31.400227,31.971457,30.322132,26.117073,28.068045,24.671732,25.631918,28.176554,27.273462,31.78079,30.277868,33.955833,33.9627,30.01747,26.41305,22.785553,22.921736,16.860962,16.768803,13.012883,12.545414,13.671395,13.183419,13.006289,13.047677,15.736876,16.835405,15.692595,12.931142,17.187746,14.45479,19.413164,22.287752,22.053074,19.788956,25.745121,21.459389,26.072977,26.4369,29.270208
21,13.40516,9.557711,10.431536,10.59299,8.635133,11.889687,14.7967,15.93162,18.639292,19.442633,24.563162,26.540949,30.002827,26.634003,21.976192,19.036695,15.573943,11.394668,8.108524,5.3642507,3.7619436,0.0,4.2664657,5.9902368,6.34769,7.984067,9.550022,11.267403,15.095329,14.988598,22.524446,20.223919,27.173534,27.498955,30.360023,33.80528,33.48822,32.041714,27.991316,24.605696,26.438448,21.699146,24.312473,21.24943,17.46463,17.680147,14.593555,13.291843,12.839691,12.52976,14.174244,15.616198,20.099033,21.323427,23.678751,20.89047,21.51937,24.280384,27.364054,29.71344,26.44697,24.191418,29.698885,30.194649,34.114613,30.209078,27.808908,33.690464,31.626587,28.70406,31.600315,31.73853,29.984695,25.729864,27.011612,23.68233,23.849388,26.552557,25.728987,30.248213,29.372963,33.00898,33.555298,29.938318,26.083424,22.67691,22.028269,16.504799,15.361928,11.356605,10.242346,10.59437,9.964738,9.252763,9.440822,12.189257,13.586541,12.604365,10.405255,14.773889,12.807371,17.809517,20.5825,21.033916,19.259825,25.328604,21.76618,26.463491,27.04484,30.17749
22,12.063145,8.67547,11.322149,11.679951,10.678647,14.764798,17.605604,19.72732,21.991714,23.237043,28.282772,29.82541,33.4222,29.771078,25.012442,22.329647,18.623144,14.893835,10.338474,8.875231,4.843895,4.2664657,0.0,4.6609125,7.1327763,8.083046,11.639099,13.237933,17.720821,17.122753,25.186676,22.603527,29.667595,30.11964,32.60508,36.305725,35.525547,33.849503,30.002048,26.695257,28.28556,23.408815,26.399523,23.310696,18.731647,19.568125,15.26372,14.312638,12.397979,13.220702,15.448918,17.561785,21.657764,23.612625,25.274752,22.215017,23.737682,26.432259,29.695719,32.026375,28.664705,27.083773,32.796265,33.627865,37.396534,33.21152,31.352892,37.31849,35.32137,32.53202,35.56953,35.860355,34.102184,29.87954,31.236944,27.927988,28.076807,30.740314,29.775812,34.211464,33.409496,36.839077,37.337757,33.6323,29.880527,26.509521,25.932161,20.373966,19.523808,15.45301,14.417174,14.279203,13.42535,11.471013,10.1421175,12.906262,14.236984,14.359607,11.917157,17.24578,15.860673,20.661476,23.730206,24.096432,22.338737,28.594532,25.052443,29.634306,30.420664,33.22931
23,16.443651,12.797595,15.210222,14.490824,12.504207,17.152334,18.638208,20.317162,22.058897,22.757996,27.905369,29.366999,32.314404,27.957842,23.625952,20.65641,17.174536,13.3622875,9.18099,7.9564524,4.3381763,5.9902368,4.6609125,0.0,3.5833395,3.8171914,8.331144,10.453907,14.932282,14.948385,22.692017,20.86646,27.593178,28.870024,30.993145,35.082165,34.46303,32.380177,28.866331,25.492212,26.139269,21.05237,23.683897,20.192753,15.524379,15.920156,11.418789,9.944839,7.7658796,8.879569,11.624191,13.69938,17.607195,19.93595,21.063974,17.83811,19.839397,22.503487,25.804272,28.158985,24.966825,23.826096,29.67318,30.8929,34.480328,30.251905,28.993713,34.995617,33.505653,30.954336,34.524513,34.938236,33.62957,29.199179,31.341856,27.43006,28.317053,30.418802,28.993008,33.252956,32.037727,35.14173,35.237087,31.310982,27.8411,24.532782,24.394823,18.657772,18.957813,15.010711,15.10244,15.459514,15.748787,14.235202,13.357676,15.444799,15.815108,15.049742,11.733934,16.653843,14.461754,19.04703,22.316893,21.935404,19.818558,26.042154,22.234432,26.605127,27.58817,29.956774
24,18.887884,15.071454,16.63357,15.946696,13.351671,17.314703,18.61595,19.163616,21.169273,21.107258,26.352493,28.261898,30.737528,26.298916,22.349955,18.907917,15.877371,11.428096,8.9909315,6.5826316,5.4577374,6.34769,7.1327763,3.5833395,0.0,3.5904338,6.159679,9.325513,13.02631,14.138769,21.085625,20.062162,26.458427,28.060629,30.343348,34.376366,34.237034,32.173676,28.652906,25.19836,25.574446,20.50599,22.533125,18.738462,14.823612,14.060531,10.773852,7.777625,7.1851997,6.3093605,8.477412,10.491597,14.539699,16.6011,18.15989,15.254127,16.937147,19.90753,22.826307,25.517305,22.736393,21.071192,26.831718,27.91721,31.641153,27.825245,26.299437,32.223934,31.103268,28.51417,32.225765,32.413784,31.394468,26.79023,29.113098,24.79433,25.8158,27.54994,25.86308,30.00285,28.807594,31.715307,31.844725,27.977137,24.524256,21.38238,21.103975,15.563771,16.170084,12.328098,13.121476,13.594847,14.81835,13.686869,13.507121,15.09394,14.9663315,13.276189,9.737461,13.882654,11.193024,15.692517,18.951868,18.389725,16.242218,22.482555,18.870138,23.219057,24.406662,26.793348
25,19.241732,15.292165,17.253323,15.614717,12.948743,17.797367,18.009867,19.422976,20.563099,20.949934,26.019302,27.30102,29.791952,25.015472,20.999481,17.967096,14.698401,11.2218685,7.6016293,7.1945014,5.2452765,7.984067,8.083046,3.8171914,3.5904338,0.0,5.1976104,7.2983623,11.657422,12.004913,19.389765,18.047792,24.461996,26.238125,28.129051,32.411034,31.951183,29.65604,26.365385,22.981186,23.037653,17.897102,20.24879,16.590946,12.002551,12.178391,7.743782,6.4771867,5.0132008,6.5551333,9.825147,10.94284,15.051554,17.265575,18.108488,14.616435,16.480867,18.90269,22.481241,24.556572,21.236092,20.43722,26.342651,27.82834,31.211294,26.8028,26.002842,32.013474,30.698647,28.367697,32.245968,32.88012,31.826643,27.387106,30.146572,26.01928,27.628544,29.42631,27.879866,32.061184,30.282406,33.372246,32.99984,28.855042,25.63779,22.243006,22.744682,16.752657,18.017448,14.474008,15.286143,16.395266,17.13332,16.547583,16.344685,18.296864,18.403221,16.846846,13.327338,17.283627,14.123824,18.53055,21.68436,20.634222,18.075125,24.001886,19.629091,23.872515,24.675484,26.822914
26,21.817713,17.603912,18.34701,16.235771,12.799099,16.743587,15.924894,16.089996,17.045752,16.621784,21.66292,23.25707,25.219635,20.38677,16.751148,13.269654,10.542934,6.7773104,6.1809134,5.571126,7.436591,9.550022,11.639099,8.331144,6.159679,5.1976104,0.0,3.8948112,6.893832,8.642666,14.956793,14.453566,20.475729,22.492517,24.650255,28.763132,28.926458,26.77239,23.418118,19.968054,19.893051,14.92553,16.525787,12.70549,9.516244,8.303832,6.6719327,5.117659,7.56601,6.88306,9.00985,8.053468,12.899989,13.91526,15.540169,12.304369,12.584687,14.94643,18.57011,20.471127,17.110514,15.605718,21.446075,22.75705,26.216915,21.938393,20.825565,26.838596,25.575468,23.25318,27.264187,27.912916,27.081783,22.606628,25.813429,21.502476,23.751675,25.282833,23.780739,27.94207,25.638872,28.935843,28.249752,23.997068,20.84909,17.2958,18.339947,12.10979,14.193833,11.372206,12.97405,15.024346,16.310495,17.115786,18.052425,19.843895,19.893719,17.29,14.09613,16.375076,12.1027975,16.311174,18.97747,17.476484,14.524759,19.962357,14.987694,19.34981,19.745766,22.16266
27,21.899214,17.650309,18.264797,15.2059145,11.706775,16.023829,13.799229,14.86576,14.720214,14.968516,19.675024,20.532906,22.71528,17.789284,13.826804,11.012707,7.825797,6.1130342,4.6703405,6.84828,8.500085,11.267403,13.237933,10.453907,9.325513,7.2983623,3.8948112,0.0,4.9971795,4.90938,12.261297,10.908169,17.249598,19.098412,21.087946,25.301128,25.205917,23.0071,19.667881,16.235682,16.281187,11.276875,13.419268,10.101412,6.494004,7.0769725,5.43816,7.4658885,9.485105,10.233344,12.6182785,10.899989,15.578811,16.186316,17.473707,13.978632,13.593135,15.009824,19.353521,20.26351,16.04389,15.238342,20.97596,22.465263,25.553558,20.556347,19.942276,25.981604,24.115938,22.018438,25.95062,27.143248,26.08282,21.976366,25.454897,21.721067,24.489527,26.296589,25.25087,29.501753,26.599627,30.33292,29.18716,24.764084,21.824656,17.948288,19.829481,13.3445,15.621102,13.336099,14.530927,17.197697,17.75076,19.301403,20.405313,22.617073,23.091558,20.61757,17.617357,19.853218,15.4301605,19.618927,21.975695,20.339117,17.201511,22.009275,16.329151,20.554028,20.15015,22.594656
28,26.076323,21.826174,21.69184,18.590818,14.90047,17.95672,14.785658,14.221148,13.522469,12.470575,16.786873,17.894909,19.009676,13.69681,10.722071,7.2916207,5.879486,5.6238832,8.644945,9.92036,12.990837,15.095329,17.720821,14.932282,13.02631,11.657422,6.893832,4.9971795,0.0,4.839926,8.116352,8.857009,13.908508,16.473133,18.551003,22.608063,23.340322,21.21575,18.107634,14.794338,14.159628,9.789772,10.289515,6.7475257,6.652671,4.715499,8.015275,9.272611,12.844018,12.376337,13.672311,10.453359,14.716171,14.058897,15.731464,12.859974,10.640184,11.466841,15.784219,16.220123,11.982378,10.564235,16.126966,17.600475,20.59873,15.645041,15.031524,21.04926,19.426567,17.5284,21.817795,23.123829,22.529942,18.476711,22.70119,18.763577,22.42066,23.671543,22.600853,26.57923,22.996248,26.75151,25.074408,20.529238,17.967329,14.072472,16.9038,10.773572,14.244221,13.262465,15.219761,18.375214,19.516567,21.85237,23.583776,25.467886,25.700682,22.570045,19.855242,20.683765,15.770813,19.144909,20.870295,18.684433,15.335602,18.996876,12.755407,16.666481,15.649012,18.153027
29,23.858934,19.736242,19.798683,15.919584,12.546638,16.323503,12.167068,13.676786,11.890409,12.671019,16.600088,16.535257,18.737999,13.794397,9.609521,7.964886,4.847736,7.1587524,7.0548573,10.356553,12.318998,14.988598,17.122753,14.948385,14.138769,12.004913,8.642666,4.90938,4.839926,0.0,8.570216,6.0522547,12.675705,14.301959,16.217358,20.438993,20.3131,18.170816,14.798201,11.374637,11.651522,6.9023304,9.464654,7.4102697,5.3125863,7.5824,8.012767,11.66792,13.832529,14.864222,17.015385,14.49243,18.884008,18.731873,19.950588,16.614704,15.0866995,15.364291,20.12004,19.835678,14.861677,14.58865,19.754221,21.270254,23.851915,18.204905,18.050413,23.897661,21.30431,19.553837,23.301977,25.142412,23.91101,20.39435,24.237825,21.262596,24.717508,26.6626,26.157629,30.369411,26.74571,30.926916,29.228895,24.733936,22.152103,18.081305,20.912588,14.612388,17.117338,15.780048,16.750685,20.024935,20.080605,22.57732,24.076612,26.516611,27.302956,24.716133,22.015484,23.752659,19.11065,23.05911,24.926853,23.125347,19.87643,23.716942,17.486378,21.358768,19.942411,22.446482
30,31.894716,27.816387,27.159708,23.35908,19.983294,22.164013,17.04839,16.324148,13.355334,12.14952,14.035321,13.574695,13.032916,6.7631083,6.3294563,5.9482393,8.015736,11.899648,15.147611,17.31082,20.346487,22.524446,25.186676,22.692017,21.085625,19.389765,14.956793,12.261297,8.116352,8.570216,0.0,5.852527,6.2852683,10.236774,11.645539,15.602561,17.120523,15.03614,12.802087,10.33514,8.353801,6.923918,4.312537,4.8274727,9.734242,9.264034,13.9278,16.610907,20.047968,20.035273,21.104,17.220083,20.400349,18.72979,19.884174,17.674452,14.054091,12.5296755,16.828186,14.810032,9.792299,9.845248,13.2309065,14.944703,16.494028,10.30727,11.484805,16.654778,14.247833,13.58343,17.842941,20.344778,20.056183,17.311428,22.406391,19.659296,24.518202,25.449078,25.048172,28.501053,23.677498,27.698095,24.842678,20.365509,19.012955,15.44569,19.842348,15.160626,18.914955,19.395771,21.177979,24.80911,25.57944,28.834475,30.955444,32.9747,33.40329,30.091846,27.670647,27.790886,22.788858,25.445763,26.37675,23.832184,20.561193,22.098873,15.652616,18.080254,15.27862,17.294565
31,27.617645,23.755537,23.121159,18.850794,15.880291,18.391525,12.606981,13.883585,10.108264,11.205957,13.340239,11.834209,13.757046,9.077266,5.010579,6.4993763,5.8538065,11.020535,12.308939,15.525457,17.8655,20.223919,22.603527,20.86646,20.062162,18.047792,14.453566,10.908169,8.857009,6.0522547,5.852527,0.0,7.2363667,8.287927,10.336732,14.395294,14.592429,12.744641,9.271455,5.9586225,6.967823,4.654632,6.5082173,7.6634107,9.087556,11.260451,13.3808365,17.248154,19.6946,20.595736,22.3929,19.26834,23.27348,22.293734,23.575003,20.682465,18.026981,17.204075,21.858805,20.30398,15.0251045,15.104619,18.92625,20.242361,22.063356,16.00087,16.292171,21.46481,17.935907,16.782764,20.05572,22.70213,21.348541,18.842607,23.004177,21.115652,25.26306,27.204655,27.336475,31.322046,26.964539,31.529663,29.240623,24.87709,22.854534,18.869097,22.568352,17.043839,19.600138,19.373693,20.188944,23.878849,23.618027,26.984644,28.922031,31.447119,32.45185,29.674746,27.315298,28.397516,23.631964,27.181566,28.459475,26.548897,23.339996,25.959251,19.557201,22.783358,20.256863,22.759516
32,34.7395,30.939363,30.083557,25.826183,22.953957,24.7761,18.68985,18.831495,14.519281,14.443767,14.248491,11.628827,10.661463,5.7154226,7.0038447,10.005767,11.97927,16.971994,19.364622,22.209194,24.869839,27.173534,29.667595,27.593178,26.458427,24.461996,20.475729,17.249598,13.908508,12.675705,6.2852683,7.2363667,0.0,5.586295,5.5921936,9.628652,11.310129,9.410179,8.143121,7.2555194,5.0839806,8.000496,5.7406287,9.668839,13.860927,14.972379,18.693733,22.3398,25.276304,25.886086,27.238274,23.445547,26.55903,24.874548,25.753832,23.528708,20.020575,17.90861,22.033964,18.981276,14.08985,15.1608515,16.876469,18.357138,18.71078,12.486759,14.525752,18.208517,14.682548,15.009494,18.131966,21.545189,20.931807,19.563643,24.394306,23.032827,28.009546,29.213219,29.471712,32.77452,27.609035,31.898499,28.690058,24.552973,23.671988,20.333164,24.919582,20.677813,23.890917,24.629204,25.89396,29.700989,29.826889,33.50537,35.691734,38.009087,38.790707,35.648018,33.352036,33.633648,28.69263,31.455479,32.20011,29.796593,26.623474,27.671612,21.420532,23.361021,19.96028,21.693682
33,33.276615,29.828817,28.431059,24.140825,21.785482,22.716688,16.270517,16.919712,11.945851,13.121466,11.713778,7.554195,8.600653,7.1805005,6.6793904,11.095046,12.56269,17.935547,19.937185,22.906649,25.525522,27.498955,30.11964,28.870024,28.060629,26.238125,22.492517,19.098412,16.473133,14.301959,10.236774,8.287927,5.586295,0.0,4.546415,6.4112277,8.038094,8.036377,5.1120048,5.1776047,7.877592,10.754743,10.517312,13.96854,16.940104,18.708567,21.550753,25.33163,27.965752,28.66766,30.13334,26.674109,30.350279,28.624228,30.099627,27.745855,24.238682,22.66998,26.706581,24.08574,19.285515,19.366623,21.027885,21.696121,22.399004,16.832712,17.254353,20.623384,15.825235,15.73629,17.44297,21.070557,19.509007,18.946606,22.861656,22.787924,27.295568,29.206146,30.211079,33.751713,28.828646,33.704487,30.924736,27.104095,25.813599,22.309685,26.473372,22.244453,24.40868,25.241814,25.76575,29.654669,29.032038,33.185497,35.554684,38.12783,39.390625,36.480915,34.55665,34.992077,30.284914,33.40537,34.023518,32.201073,29.227615,30.53534,24.485085,26.873247,23.332714,25.765905
34,36.068485,32.61906,31.693684,27.154154,24.860928,26.491404,19.963964,21.190474,16.227415,17.40797,16.132166,11.924268,11.829057,9.703999,10.311551,14.344781,15.644044,21.011763,22.449577,25.789204,27.981083,30.360023,32.60508,30.993145,30.343348,28.129051,24.650255,21.087946,18.551003,16.217358,11.645539,10.336732,5.5921936,4.546415,0.0,5.182292,5.7941933,4.359867,4.5850697,6.4095902,6.2538214,10.869883,10.267079,14.501866,17.582241,19.793766,22.508265,26.824879,29.230257,30.395863,32.083866,28.52233,31.8394,30.352058,31.130253,28.678812,25.473103,23.328884,27.54448,24.254677,19.355566,20.748753,22.12986,23.401066,23.355988,17.451084,19.412636,22.356075,18.155859,18.752909,20.741167,24.536833,23.398056,22.919405,27.130527,26.808355,31.526108,33.16877,33.9135,37.286457,32.14046,36.694202,33.514874,29.59182,28.711905,25.354355,29.804205,25.509396,28.164965,28.808897,29.547388,33.39676,32.87778,36.747696,38.872387,41.486526,42.627224,39.761078,37.547688,38.205162,33.369045,36.43658,37.208157,35.03831,31.902834,33.07434,26.86534,28.866035,25.33522,27.08675
35,38.74723,35.53063,34.07825,29.710155,27.692682,28.363348,21.866522,22.617655,17.596151,18.747896,16.021708,11.243268,10.706172,11.52923,12.909071,17.242895,18.969934,24.331951,26.198334,29.295008,31.764183,33.80528,36.305725,35.082165,34.376366,32.411034,28.763132,25.301128,22.608063,20.438993,15.602561,14.395294,9.628652,6.4112277,5.182292,0.0,4.785498,6.8677607,7.470697,10.027802,11.422793,15.804049,15.041725,19.142529,22.43303,24.335114,27.269989,31.317598,33.88172,34.771202,36.245327,32.630005,36.001743,34.124813,35.31007,33.1247,29.498579,27.398634,31.185991,27.83375,23.37961,24.106253,24.61981,25.246843,24.923422,19.859272,21.095604,23.007122,18.20519,19.124372,19.849356,23.878378,22.52359,23.143204,26.81147,27.559347,32.16092,33.87857,35.161957,38.320972,33.124504,37.86818,34.694004,31.215519,30.527481,27.42692,31.805916,28.154713,30.347557,31.466625,31.953918,35.855038,35.10797,39.40759,41.81213,44.43518,45.763386,42.845375,40.960274,41.266678,36.545322,39.46408,39.879406,37.94421,35.0167,35.690376,29.82239,31.610773,27.73151,29.695196
36,37.236073,34.23336,33.17211,28.548094,26.91021,28.1742,21.585655,23.697353,18.523285,20.705986,18.716566,13.694922,14.7071705,14.623889,14.547728,18.909937,19.675198,25.102322,25.783825,29.383553,31.177542,33.48822,35.525547,34.46303,34.237034,31.951183,28.926458,25.205917,23.340322,20.3131,17.120523,14.592429,11.310129,8.038094,5.7941933,4.785498,0.0,3.99116,5.600644,9.043475,10.924799,15.2754135,15.696981,19.8181,22.023819,24.902382,26.800837,31.479755,33.44079,34.978703,36.906513,33.598255,37.175793,35.826504,36.68268,34.04601,31.040812,29.027975,33.315212,30.03821,25.109022,26.434042,27.743858,28.752314,28.637072,23.022835,24.580883,27.12951,22.421148,23.000446,23.988806,27.90209,26.223991,26.451359,29.908197,30.52775,34.84872,36.94645,38.153114,41.62794,36.620415,41.449917,38.434322,34.705772,33.697636,30.286812,34.50963,30.169292,32.22415,32.774956,32.983753,36.803474,35.658386,39.682648,41.75512,44.621494,46.12854,43.556572,41.49706,42.476944,37.80459,41.157654,41.94215,40.069725,37.00352,38.368835,32.2168,34.394096,30.79627,32.7308
