,0,1,2,3,4,5,6,7,8,9,10,11,12,13,14,15,16,17,18,19,20,21,22,23,24,25,26,27,28,29,30,31,32,33,34,35,36,37,38,39,40,41,42,43,44,45,46,47,48,49,50,51,52,53,54,55,56,57,58,59,60,61,62,63,64,65,66,67,68,69,70,71,72,73,74,75,76,77,78,79,80,81,82,83,84,85,86,87,88,89,90,91,92,93,94,95,96,97,98,99,100,101,102,103,104,105,106,107,108,109,110,111,112
0,0.0,4.3911886,6.3914356,9.062128,12.210282,13.487694,16.000715,19.337408,21.9913,25.579962,28.444174,31.612785,34.69029,33.447624,32.60514,27.631699,25.97832,23.084585,20.830727,18.923296,16.663837,17.993149,12.950964,14.476699,17.915632,15.497757,17.180132,13.245471,17.13595,12.067766,16.962448,18.15492,23.144447,24.46085,28.26347,31.136118,34.037476,36.12784,35.337776,33.407726,38.628586,33.87608,36.468754,36.793022,31.386318,35.25519,37.2256,36.328125,35.89235,37.3155,40.870266,43.911114,44.857048,44.065205,43.870964,46.736275,43.159966,45.03666,48.273956,44.209885,41.551964,40.72877,36.845463,34.317577,34.823803,29.795048,30.154293,27.87769,23.963476,23.879372,23.823673,26.295732,26.439203,30.177458,29.825033,35.662113,34.103657,38.89539,39.16755,35.827225,37.339523,34.59871,31.481682,27.591473,26.040197,25.015158,22.887907,19.95496,19.378231,18.558077,18.707912,20.855476,21.34429,23.982477,22.568542,26.312517,28.821264,31.151224,28.605465,27.929611,26.504545,23.597677,24.418737,23.893475,23.024574,25.853153,24.283146,24.12337,26.6941,27.940237,27.900267,31.084915,31.111185
1,4.3911886,0.0,5.329869,6.082206,9.276618,12.205458,14.299891,17.530567,20.811934,24.053503,27.332066,30.044628,33.321373,32.240414,30.93284,26.27971,24.039072,21.290344,18.383749,16.102142,13.416775,14.28466,9.388936,10.8938,14.976573,13.43562,14.857211,12.222563,15.976524,12.170447,16.531813,19.450962,24.593588,25.466105,29.596205,31.938208,34.882843,36.681217,35.557667,33.228394,38.129673,33.149773,35.32304,35.3053,29.901983,33.373123,35.217457,34.44894,34.180122,35.367657,39.088802,41.889668,43.044483,41.734177,41.8358,44.594006,40.89115,42.959015,45.90325,41.867928,39.419403,37.980545,34.071224,31.332891,31.520542,26.502274,26.466976,23.990507,20.029293,20.411985,21.080566,23.692413,24.536423,28.157158,28.487974,34.084778,33.149616,37.85793,38.48194,35.38286,37.092102,34.56276,31.384687,27.59244,25.685879,25.502897,22.485344,20.474615,19.18583,18.441467,17.597467,19.565155,18.618513,21.73549,19.389856,23.74888,26.32165,28.254723,25.861609,25.09438,24.33844,21.780117,22.98189,23.173689,23.035757,26.432606,25.046293,24.376143,27.523052,27.838087,28.39392,31.126373,31.571318
2,6.3914356,5.329869,0.0,5.346649,6.9574885,7.5891886,11.38906,13.672044,17.218195,20.38504,23.47307,26.28411,29.673735,28.872057,27.839718,23.367802,21.25409,19.150137,16.335684,15.493671,12.397492,15.457231,11.567065,14.504118,18.624481,16.850674,16.640673,14.254598,15.883559,11.815284,14.449884,16.263256,21.640285,21.573746,26.212168,28.359888,31.69832,33.50589,32.947117,30.869816,36.316204,31.821655,33.760426,34.47456,29.603243,33.265984,35.909565,35.52034,35.69071,37.379826,40.702057,43.55457,44.21238,42.67006,42.26857,44.731888,40.68054,42.33007,45.14865,40.756454,38.384808,37.079224,33.68822,30.8045,32.00327,26.575882,26.672926,24.976477,20.388922,19.784184,20.518578,22.175129,22.933533,26.054674,26.204548,31.612019,30.26838,35.000225,35.299892,32.018238,33.260902,30.493818,27.883223,24.227245,22.904032,22.841059,20.687937,19.587902,19.076872,19.369303,18.586536,21.809675,20.557468,24.53601,22.095343,27.13147,29.156498,30.704197,27.825045,26.341064,25.878275,22.670464,24.827766,23.791294,24.256296,27.923449,25.536533,24.619516,27.072445,26.795374,26.798859,29.15157,29.010742
3,9.062128,6.082206,5.346649,0.0,3.6901133,7.7882466,8.529636,11.904813,15.218744,18.25819,21.712738,24.211147,27.497347,26.47254,24.971928,20.507988,18.027267,15.4740925,12.340201,10.537359,7.656794,10.20939,6.6167645,10.320286,14.202114,12.762755,11.753505,10.664532,11.92747,9.614811,12.006814,16.47369,21.560259,21.79316,26.18375,27.835966,30.821726,32.289776,31.002254,28.420582,33.24163,28.361206,30.087557,30.254332,25.226076,28.58152,30.989964,30.632744,30.886742,32.454147,35.833202,38.546467,39.327858,37.559235,37.368484,39.846325,35.84058,37.714214,40.47719,36.25368,33.915142,32.38085,28.751808,25.897074,26.771818,21.437553,21.631504,19.876015,15.506156,14.978457,15.605493,17.79505,18.853973,22.23597,22.85771,28.24537,27.580008,32.214497,33.007954,30.085516,31.918457,29.615156,26.409018,22.78692,20.699398,21.388563,17.88347,17.401108,15.948109,16.192642,14.490612,17.58588,15.404119,19.753613,17.025908,22.41007,24.20323,25.514507,22.60226,21.056627,20.882933,17.921978,20.348902,19.914455,21.02528,25.174934,23.09596,21.7037,24.858353,23.82511,24.654703,26.705256,27.325388
4,12.210282,9.276618,6.9574885,3.6901133,0.0,5.726911,6.7167153,8.8656025,13.005376,15.533043,19.192268,21.31304,24.828712,24.151693,22.462982,18.492628,15.582997,13.797068,10.105642,9.4593115,5.722524,10.0841465,8.360146,12.363284,16.233925,15.32503,13.216127,13.268943,12.851829,11.599604,12.021468,16.69139,21.709627,21.048626,25.81723,26.933249,30.131214,31.37486,30.247263,27.599874,32.475605,27.853504,29.071672,29.501272,24.964447,28.084349,30.921305,30.92149,31.574743,33.282074,36.448933,38.99875,39.582024,37.331444,37.004578,39.177773,34.878258,36.5775,39.01618,34.586246,32.48159,30.5796,27.355675,24.249235,25.647486,20.087038,20.050455,18.827923,13.993516,12.964797,14.370904,15.77535,17.416391,20.212564,21.289894,26.249912,25.807331,30.334597,31.16661,28.342976,29.98766,27.726631,24.913794,21.561419,19.663212,21.067678,17.650095,18.470526,17.169407,18.08825,15.961175,19.513697,16.313246,21.314358,18.043438,24.006475,25.427673,26.17095,23.127512,21.0415,21.594053,18.570219,21.783087,21.027618,22.88731,27.322437,24.84667,23.08782,26.030914,24.078346,24.914701,26.34476,26.853613
5,13.487694,12.205458,7.5891886,7.7882466,5.726911,0.0,6.1950045,6.450068,10.3856125,13.148581,16.204792,18.88033,22.378479,21.904778,20.950317,16.965343,14.8262205,13.817494,11.241518,12.675514,9.852658,15.266091,13.620676,17.766594,21.37317,19.705275,17.210642,16.287155,14.583616,12.314875,11.111838,13.231966,18.309149,16.68353,21.907534,23.064756,26.700304,28.128397,27.847738,25.761654,31.418428,27.516981,28.786911,30.215883,26.281178,29.822124,33.406845,33.624733,34.495117,36.73831,39.44222,42.181046,42.20323,40.16891,39.193867,41.1587,36.69983,37.83686,40.350674,35.61524,33.452408,32.212273,29.578753,26.61063,29.115044,23.430042,23.838772,23.426067,18.517172,16.380604,17.009743,17.198843,17.996128,20.227503,20.47922,25.348522,23.940973,28.545141,28.746357,25.529942,26.49957,23.790255,21.677942,18.415577,17.507477,18.505888,16.776854,17.976053,17.9402,19.658768,18.362812,22.81012,20.65123,25.64042,23.082417,28.852812,29.929213,30.730244,27.316736,24.873484,25.071249,21.376617,24.899261,22.685658,24.490284,28.70716,25.325903,23.701845,25.575058,23.659412,23.51056,24.79598,24.373575
6,16.000715,14.299891,11.38906,8.529636,6.7167153,6.1950045,0.0,5.1768923,6.77678,10.008008,13.312811,16.046637,19.096142,17.97066,16.698866,12.136904,10.014814,7.9174685,5.857564,7.528535,6.6821685,12.09593,11.744828,16.22179,18.677689,16.871376,12.999935,13.249296,9.556324,9.741826,6.6243396,12.170037,16.468462,15.585654,20.09597,20.718168,23.755388,24.816698,23.616604,20.984112,26.071962,21.801376,23.01222,24.118402,20.12383,23.630669,27.305222,27.626694,28.675596,31.121168,33.570942,36.29815,36.138798,34.13569,33.029903,35.0163,30.623085,31.802446,34.5068,29.889711,27.554213,26.66527,23.82443,21.12879,23.863651,18.287739,19.477142,19.580507,15.260432,12.189534,11.323579,11.69006,11.97704,14.756673,15.003231,20.239054,19.277843,23.911312,24.607866,21.729,23.580296,21.499138,18.317633,14.98595,12.989268,14.850907,11.578364,13.901484,13.240629,15.442469,13.54821,18.35726,16.047224,21.21973,19.2228,24.872179,25.283567,25.897861,22.187132,19.47022,19.60893,15.758613,19.806356,17.345085,19.969679,24.552874,21.163208,19.0074,21.266155,18.402218,19.027502,19.957857,20.390373
7,19.337408,17.530567,13.672044,11.904813,8.8656025,6.450068,5.1768923,0.0,5.579745,7.105392,10.6904125,12.751544,16.400438,16.18215,14.821261,11.598415,8.923698,9.377326,7.0725374,10.741339,9.11456,15.128032,15.637082,20.006073,22.873953,21.621462,17.641636,18.368534,14.457914,14.715329,10.783044,14.428285,18.386541,15.851853,20.92775,20.78307,24.266556,25.052113,24.505922,22.095577,27.345833,23.82327,24.227806,25.916348,22.899324,25.96093,30.113556,30.863007,32.32391,34.829075,37.02789,39.513165,39.1297,36.55942,35.280773,36.784897,32.047607,32.867195,35.005127,30.093634,28.20488,26.797827,24.8074,21.809824,25.269903,19.647823,20.324696,21.088036,16.43359,13.044465,13.571461,12.267276,13.448488,14.633534,15.512119,19.623003,18.776503,23.114916,23.62447,20.818361,21.95829,19.75602,17.773907,15.152849,14.125011,16.758097,14.616979,18.103054,17.903126,20.432873,18.452293,23.243761,20.115675,25.60754,22.963785,29.028816,29.287998,29.341942,25.70674,22.58026,23.54425,19.904497,24.379362,21.787334,24.798233,29.39023,25.703749,23.425097,25.16129,21.568369,21.849403,21.900103,21.786457
8,21.9913,20.811934,17.218195,15.218744,13.005376,10.3856125,6.77678,5.579745,0.0,4.136895,6.6236696,9.973735,12.706565,11.660595,11.07584,6.8097353,6.113213,6.5196114,7.5352883,11.717064,12.135156,17.523912,18.219545,22.649492,24.589418,22.70475,18.107052,18.691671,13.27241,14.412666,8.625553,11.933414,14.589599,12.049067,16.489437,15.813317,19.014194,19.624704,18.948673,16.600208,22.073652,18.978165,19.496128,21.861427,19.427385,22.817533,27.500546,28.405224,30.047846,33.078724,34.671005,37.31881,36.347878,34.22921,32.30198,33.715828,29.090862,29.440739,31.94801,27.015017,24.824863,24.66344,22.953653,20.600908,24.886175,19.642324,21.381372,22.835848,18.95354,14.743993,13.099932,11.133123,10.328266,11.351659,10.8165,15.305156,13.615281,18.167107,18.477383,15.515951,17.025383,15.036238,12.370597,9.744912,8.720152,11.89401,10.3809595,15.050239,15.510225,18.75516,17.255339,22.494953,20.478287,25.608665,24.136465,29.594873,29.208998,29.35012,25.37328,22.080896,22.428724,18.390839,23.030085,19.229717,22.542198,26.952322,22.736284,20.307962,21.300035,17.108894,17.096287,16.630049,16.408909
9,25.579962,24.053503,20.38504,18.25819,15.533043,13.148581,10.008008,7.105392,4.136895,0.0,4.041521,6.071438,9.35985,9.1568775,8.05645,5.973117,4.69596,7.848881,8.745335,13.55619,13.972801,19.273394,20.85146,25.176477,27.093447,25.703588,20.810545,22.162832,16.537985,18.35768,12.538657,15.7062645,17.753866,14.483666,18.671242,17.025717,20.118103,20.168873,19.610115,17.22966,22.16531,19.679193,19.213709,21.794464,20.335052,23.053009,28.005339,29.306953,31.333956,34.35168,35.67515,38.02595,36.87823,34.21592,32.19429,33.14637,28.287258,28.358517,30.31494,25.219614,23.47472,22.85679,21.927412,19.471931,24.343773,19.330622,20.850597,22.97557,19.27853,14.828439,13.893528,10.674015,10.704427,9.951236,10.442846,13.349477,12.379658,16.381445,16.890318,14.437401,15.666119,14.132341,12.419159,11.0228405,10.484989,14.533309,13.191411,18.618753,18.893911,22.20101,20.324446,25.359127,22.527905,27.852549,25.97552,31.645727,30.975576,30.566874,26.686495,23.082823,24.169714,20.508137,25.4814,21.914206,25.707535,30.198778,26.035599,23.39125,24.30129,19.313335,19.528355,18.093721,17.931353
10,28.444174,27.332066,23.47307,21.712738,19.192268,16.204792,13.312811,10.6904125,6.6236696,4.041521,0.0,4.464214,6.492917,6.271311,6.8211455,5.9015307,7.2381215,10.315355,12.384033,17.048773,17.839478,23.015818,24.46456,28.816883,30.50195,28.811054,23.845694,24.886877,18.9011,20.634022,14.411502,16.094713,16.988455,13.156256,16.722075,14.287039,17.29663,17.061031,17.053518,15.1945715,20.317713,18.852953,18.191628,21.608908,21.050592,23.793537,29.09434,30.554092,32.718388,36.04331,36.894173,39.28433,37.6748,35.272495,32.746,33.449505,28.69199,28.205906,30.187302,25.088902,23.353811,23.620964,23.296387,21.331057,26.7035,22.093668,23.970533,26.428751,23.035023,18.451483,16.86513,13.387277,12.342751,10.809742,10.053741,12.002102,9.935571,13.67418,13.573544,10.956236,11.714505,10.252532,9.258069,8.940998,9.608922,13.618793,13.775967,19.485102,20.39548,23.987087,22.572874,27.740988,25.570822,30.63455,29.286518,34.644573,33.694008,33.313377,29.333942,25.702696,26.477396,22.702337,27.596,23.339,27.094984,31.287802,26.767689,24.202066,24.300892,19.13902,18.769659,16.6933,15.924471
11,31.612785,30.044628,26.28411,24.211147,21.31304,18.88033,16.046637,12.751544,9.973735,6.071438,4.464214,0.0,4.146942,6.0392866,5.2461977,7.954296,8.120263,12.335412,13.818201,18.600552,19.326506,24.237215,26.46019,30.6527,32.320484,31.178099,26.014519,27.819597,21.821522,24.15782,18.05896,20.485094,21.409195,17.519867,20.868782,17.972002,20.623957,19.871126,19.680872,17.664938,21.738573,20.632854,18.971186,22.160437,22.371433,24.28636,29.596727,31.390894,33.868004,37.027485,37.730503,39.754787,38.123116,35.08563,32.657738,32.899986,27.956934,27.320578,28.581478,23.420748,22.29638,21.77876,22.25231,20.173273,25.843128,21.598618,23.115025,26.092533,22.988178,18.455122,17.690184,13.511972,13.564573,10.630412,11.436937,11.2613,10.868207,13.416603,13.874329,12.388625,12.930785,12.394967,12.359812,12.916913,13.292736,17.71903,17.23458,23.278574,23.730373,27.225574,25.320677,30.19659,27.122902,32.34922,30.511312,36.06499,34.918243,33.990894,30.209759,26.378174,27.923983,24.626673,29.75339,26.033245,30.198391,34.552086,30.277838,27.501839,27.885405,22.16747,22.312784,19.668575,19.328445
12,34.69029,33.321373,29.673735,27.497347,24.828712,22.378479,19.096142,16.400438,12.706565,9.35985,6.492917,4.146942,0.0,3.488391,4.6189127,8.752067,10.483347,14.255424,16.696302,21.242281,22.569914,27.139755,29.447506,33.596897,34.832348,33.501774,28.177784,29.98366,23.612469,26.303442,19.96029,21.973969,21.896437,18.205555,20.525698,16.945118,18.925589,17.627024,17.43091,15.715011,19.17881,19.087307,16.96854,20.723942,21.97209,23.656588,29.178858,31.158596,33.80016,37.19926,37.372074,39.34668,37.262417,34.447422,31.554905,31.498287,26.738638,25.545912,26.793327,21.749111,20.677061,21.15032,22.230742,20.80556,26.839384,23.187033,25.170294,28.477293,25.887291,21.228008,19.653263,15.418407,14.5248575,11.032564,10.920461,9.079935,8.363827,9.8632965,10.1672,9.402572,9.994775,10.563876,10.883213,12.622032,13.350337,17.74601,17.867613,24.137335,24.837942,28.486994,26.83076,31.648298,29.082632,33.976185,32.71136,37.849937,36.31763,35.339897,31.518902,27.695087,28.998558,25.774448,30.799221,26.666418,30.91909,35.007507,30.626606,27.843775,27.706041,21.681221,21.704926,18.347504,17.976336
13,33.447624,32.240414,28.872057,26.47254,24.151693,21.904778,17.97066,16.18215,11.660595,9.1568775,6.271311,6.0392866,3.488391,0.0,3.7909,6.4591513,9.417281,12.3810005,15.623286,19.843575,21.700296,25.990633,28.126781,32.240986,33.12201,31.519321,26.168161,27.832615,21.274153,24.212791,17.816969,20.040775,19.574831,16.554869,18.362383,14.849562,16.450449,15.140736,14.336499,12.328926,15.951775,15.685768,13.866064,17.836714,18.995745,21.002138,26.5929,28.462698,31.014399,34.57257,34.643276,36.792137,34.602623,32.204407,29.139957,29.327995,24.716753,23.553555,25.37894,20.397839,18.818361,20.130293,20.74619,19.65227,25.626585,22.036737,24.511036,27.69284,25.31446,20.554068,18.057093,14.162311,12.24932,9.18922,7.8740845,6.8001027,5.0181055,7.6234035,8.157802,7.0148606,8.98937,9.752689,8.450612,10.100484,10.419757,14.92349,14.953158,21.28371,22.047503,25.745356,24.29326,29.09487,27.116856,31.726236,31.005508,35.78746,34.12657,33.378212,29.449774,25.73768,26.572521,23.23441,28.11016,23.67835,27.89645,31.85047,27.458286,24.676619,24.416994,18.298283,18.398146,14.92123,14.851277
14,32.60514,30.93284,27.839718,24.971928,22.462982,20.950317,16.698866,14.821261,11.07584,8.05645,6.8211455,5.2461977,4.6189127,3.7909,0.0,5.7131124,7.0577216,10.644372,13.335337,17.530403,19.406599,23.41368,26.082012,30.049637,30.924753,29.776875,24.316164,26.633099,20.197777,23.653688,17.485327,21.080498,21.408188,18.640776,21.018444,17.95306,19.667208,18.507013,17.102072,14.452364,17.442198,16.217167,14.037101,17.079445,17.892162,19.445402,24.869186,26.825647,29.475069,32.75592,33.08884,35.03606,33.177177,30.228725,27.58529,27.767462,22.894249,22.1554,23.670767,18.535309,17.174156,17.360815,17.887966,16.399633,22.375587,18.732418,20.984081,24.32095,22.081161,17.368195,15.365275,11.114782,10.234005,6.4341755,7.301359,6.1341414,7.1693587,9.613748,11.221952,10.58703,12.769607,13.329916,11.631147,12.358291,11.629878,16.57896,15.147168,21.60977,21.687244,25.178825,23.147516,27.698946,24.856459,29.67666,28.462257,33.474403,31.825798,30.759588,26.966326,23.129862,24.57533,21.569065,26.662994,22.9604,27.48965,31.765135,27.7533,24.764038,25.28766,18.923729,19.80015,16.607815,17.2906
15,27.631699,26.27971,23.367802,20.507988,18.492628,16.965343,12.136904,11.598415,6.8097353,5.973117,5.9015307,7.954296,8.752067,6.4591513,5.7131124,0.0,4.4011226,6.015625,9.75095,13.6676035,15.809181,19.95656,21.831163,25.93406,26.785751,25.081266,19.778654,21.42988,14.925509,18.109951,11.86372,15.860684,16.540003,14.573918,17.19478,15.10763,17.10097,16.708042,14.974044,11.998672,16.36545,13.795501,13.284053,16.105947,15.167738,17.989468,23.251165,24.66746,26.843481,30.224148,30.999092,33.430893,31.846825,29.622211,27.12855,28.108635,23.463863,23.294538,25.787098,20.840704,18.623156,19.37072,18.368921,16.78175,22.033108,17.706774,20.321318,22.841408,20.197538,15.467812,12.383316,9.214928,6.7744803,5.9322824,4.526065,8.557847,7.4426184,11.849481,12.928591,10.875427,13.618117,13.136023,9.627137,8.53798,6.6830616,11.681774,9.655888,16.017185,16.228737,19.80001,18.08922,22.98998,21.016157,25.743103,24.998924,29.867855,28.538221,28.162155,24.116924,20.5261,21.065722,17.422981,22.360788,18.198343,22.404018,26.706842,22.54738,19.662306,20.336954,14.461893,15.226434,13.02606,13.807169
16,25.97832,24.039072,21.25409,18.027267,15.582997,14.8262205,10.014814,8.923698,6.113213,4.69596,7.2381215,8.120263,10.483347,9.417281,7.0577216,4.4011226,0.0,4.544831,6.3181787,10.761505,12.405143,16.716478,19.101818,23.160192,24.402014,23.294024,18.000505,20.297789,14.317685,17.608904,11.972469,17.206987,19.089247,17.020163,20.495245,18.869118,21.229132,21.01609,19.311104,16.196495,20.1249,16.906576,16.195528,17.976194,16.31734,18.691786,23.517328,24.890503,27.030346,29.957697,31.265226,33.492775,32.452007,29.610516,27.769613,28.805805,23.937378,24.329416,26.388195,21.395605,19.525167,18.711845,17.365032,14.95547,19.822302,14.958274,16.937263,19.337765,16.307558,11.583964,9.782332,6.192976,6.4065657,5.826759,7.6158924,10.973263,11.4351845,15.364108,16.80665,15.011808,17.360855,16.616978,13.717202,12.228604,10.192131,14.824544,11.641774,17.46896,16.901142,20.061615,17.630007,22.288235,19.016441,24.25399,22.52757,27.995546,26.977283,26.320164,22.451628,18.736746,20.100769,16.7794,21.945097,18.874271,23.175442,27.843143,24.141005,21.188377,22.755445,17.172388,18.447533,16.84526,17.863012
17,23.084585,21.290344,19.150137,15.4740925,13.797068,13.817494,7.9174685,9.377326,6.5196114,7.848881,10.315355,12.335412,14.255424,12.3810005,10.644372,6.015625,4.544831,0.0,4.691494,7.7423697,10.394831,14.089267,15.959503,19.967575,20.799192,19.260752,13.938522,16.042908,9.845562,13.679164,8.378797,15.004872,17.129185,16.380236,19.533758,18.747889,20.823034,21.004189,18.731777,15.382503,19.36602,15.133194,15.523527,16.648125,13.600963,16.721212,21.156235,22.076822,23.822752,26.763554,28.371267,30.907295,30.103054,27.847244,26.183405,27.804482,23.266294,24.10649,26.842196,22.181398,19.757666,19.517231,17.06019,14.920857,18.913494,13.920665,16.40854,18.071795,15.212799,10.7609415,7.2291455,5.8160906,4.251598,7.1512494,7.5963683,12.813069,12.800819,17.129932,18.579796,16.518839,19.386147,18.476908,14.492348,12.042976,8.913402,12.845003,8.205043,13.517479,12.497173,15.5484295,13.106669,17.88082,15.317447,20.333975,19.226671,24.35008,23.439936,23.319635,19.283203,15.860416,16.394753,12.671149,17.701681,14.551712,18.731895,23.46695,19.956732,17.009453,19.090202,13.984196,15.686171,15.024286,16.591038
18,20.830727,18.383749,16.335684,12.340201,10.105642,11.241518,5.857564,7.0725374,7.5352883,8.745335,12.384033,13.818201,16.696302,15.623286,13.335337,9.75095,6.3181787,4.691494,0.0,4.8851724,6.1687927,10.655083,12.850827,16.92166,18.553104,17.696226,12.732911,15.261535,10.465438,13.551866,9.687837,16.57298,19.83339,18.780273,22.733696,22.321274,24.852545,25.226831,23.280745,20.033869,23.9994,19.610981,19.853125,20.400307,16.91753,19.560549,23.352535,24.112305,25.664146,28.031311,30.256264,32.597267,32.39373,29.658823,28.679497,30.352325,25.728617,27.018335,29.316832,24.699028,22.652216,21.062521,18.352222,15.443041,18.543892,12.9627495,14.337319,15.358079,11.57425,7.4195485,6.5031857,6.000907,7.853047,10.158948,12.01333,16.473898,16.987904,21.159409,22.637955,20.546305,22.960012,21.70516,18.34791,15.7567835,13.076545,16.51147,11.9537945,16.010975,14.470199,16.808153,13.821507,18.150076,14.166018,19.754988,17.316807,23.228615,22.942854,22.677868,18.960066,15.641054,16.974676,13.735529,18.600605,16.7943,20.605343,25.510675,22.490635,19.729187,22.426296,18.039183,19.741959,19.567299,20.91632
19,18.923296,16.102142,15.493671,10.537359,9.4593115,12.675514,7.528535,10.741339,11.717064,13.55619,17.048773,18.600552,21.242281,19.843575,17.530403,13.6676035,10.761505,7.7423697,4.8851724,0.0,4.393793,6.363495,8.826174,12.5407095,13.72432,13.118923,8.1749115,11.6207695,8.1414795,11.859735,10.2409725,18.034853,21.551718,21.62957,25.22532,25.407831,27.606655,28.161634,25.705597,22.286936,25.701963,20.591425,21.372879,20.859957,16.28722,18.867577,21.647182,21.901155,22.966122,24.871748,27.677925,30.065302,30.454844,27.95641,27.604021,29.755768,25.526028,27.444828,30.005674,25.866064,23.641462,21.908545,18.22943,15.463104,16.960829,11.505362,12.825273,12.604295,9.200015,6.4399004,5.072425,7.93347,9.624483,13.089771,14.818015,19.624876,20.415031,24.534513,26.244291,24.252855,27.038197,25.848425,21.944714,19.00923,15.800123,18.47872,12.970345,15.459738,12.8658695,14.210351,10.618701,14.133739,9.528128,15.199337,12.569037,18.518684,18.586023,18.666628,15.087769,12.2840185,13.382643,10.565622,14.934991,14.532723,17.999605,22.950611,20.803154,18.174963,21.805935,18.236122,20.551535,21.142529,23.067717
20,16.663837,13.416775,12.397492,7.656794,5.722524,9.852658,6.6821685,9.11456,12.135156,13.972801,17.839478,19.326506,22.569914,21.700296,19.406599,15.809181,12.405143,10.394831,6.1687927,4.393793,0.0,6.0471606,7.5228667,11.545033,14.248827,14.027586,10.365166,12.768463,10.850905,12.509896,11.658575,18.432276,22.700737,22.211536,26.496868,26.917778,29.638956,30.407175,28.530624,25.36756,29.359966,24.488037,25.216745,25.052914,20.638327,23.195608,25.925755,26.14285,27.090263,28.738447,31.787071,34.095665,34.689426,32.01459,31.841621,33.898647,29.55899,31.442242,33.712116,29.428143,27.442225,25.17259,21.799307,18.650164,19.940928,14.364925,14.519105,13.687324,9.064394,7.428588,8.995781,10.820121,13.20163,16.024103,17.915562,22.53305,23.057333,27.29424,28.723068,26.450089,28.701763,27.081175,23.78376,20.744873,18.112099,20.529634,15.830457,17.84394,15.699355,16.813477,13.636827,16.981964,12.27993,17.863056,14.264863,20.620739,21.402147,21.533136,18.372255,15.874139,17.205082,14.587214,18.455774,18.245018,21.106506,25.92534,23.721313,21.401232,24.841349,21.775482,23.5279,24.320494,25.65439
21,17.993149,14.28466,15.457231,10.20939,10.0841465,15.266091,12.09593,15.128032,17.523912,19.273394,23.015818,24.237215,27.139755,25.990633,23.41368,19.95656,16.716478,14.089267,10.655083,6.363495,6.0471606,0.0,5.3146844,7.403667,9.135679,10.428042,7.6135635,11.714047,11.809161,14.381425,15.26098,22.674055,26.702997,27.12287,30.861664,31.448814,33.683598,34.374115,31.824078,28.37489,31.402567,26.00017,26.838705,25.484264,20.496136,22.414038,23.85747,23.651451,24.157621,25.020666,28.64374,30.725887,32.053764,29.374992,30.047056,32.429245,28.570072,31.11502,33.397205,29.739727,27.782568,25.116844,20.982073,18.08335,17.428833,12.638278,12.39549,9.952005,6.71499,7.896489,9.465401,13.02761,15.514781,18.773527,20.97155,25.448793,26.668814,30.634766,32.50876,30.606499,33.35892,32.0826,28.264442,25.212837,22.02169,24.251942,18.677977,19.752922,16.595612,16.53554,12.789924,14.175104,8.009891,13.2390785,8.59439,15.163158,16.366228,16.511185,13.982943,12.365641,14.000708,12.830674,15.67709,17.606688,20.176283,24.838985,23.875765,21.654898,25.972254,23.335976,25.88925,26.96095,29.046928
22,12.950964,9.388936,11.567065,6.6167645,8.360146,13.620676,11.744828,15.637082,18.219545,20.85146,24.46456,26.46019,29.447506,28.126781,26.082012,21.831163,19.101818,15.959503,12.850827,8.826174,7.5228667,5.3146844,0.0,4.4781456,7.8790812,7.6861167,7.09059,8.448073,10.965877,11.29796,14.178426,20.589563,25.03847,25.99466,29.747496,31.100706,33.484497,34.63257,32.42518,29.328829,33.022095,27.577496,29.180439,28.203533,22.745634,25.452084,26.858759,26.234432,26.22609,27.178785,30.966105,33.43953,34.784664,32.9061,33.394833,36.0864,32.44052,34.872147,37.598763,33.893044,31.604237,29.679571,25.449268,22.792667,22.31575,17.59727,17.69179,15.085983,11.840577,12.618675,13.143676,16.662401,18.11871,21.889793,23.126913,28.32754,28.63301,32.977505,34.406708,32.01495,34.55098,32.826298,28.955963,25.465563,22.52719,23.706078,18.74184,18.223011,15.400651,14.720933,11.928419,13.353055,9.804415,13.916172,10.565328,16.038868,18.056622,19.350578,16.879244,15.960631,16.017368,14.200109,16.01493,17.54737,18.876278,23.159927,22.256784,20.63586,24.828562,23.542297,25.496706,27.434065,29.077763
23,14.476699,10.8938,14.504118,10.320286,12.363284,17.766594,16.22179,20.006073,22.649492,25.176477,28.816883,30.6527,33.596897,32.240986,30.049637,25.93406,23.160192,19.967575,16.92166,12.5407095,11.545033,7.403667,4.4781456,0.0,4.948317,6.719446,8.739718,10.202083,14.242684,14.59953,18.254263,24.548834,28.906183,30.230925,33.779015,35.274437,37.47988,38.632256,36.185226,33.01186,36.262497,30.621927,32.28019,30.726414,25.069214,27.36917,27.905865,26.953205,26.525036,26.792253,30.99503,33.27601,35.188107,33.410217,34.488285,37.35719,34.078552,36.866104,39.534424,36.21556,34.00307,31.810234,27.296595,24.80006,23.198221,19.207396,18.88547,15.418998,13.247709,15.290216,16.11849,20.031477,21.645819,25.457779,26.87916,31.948046,32.558586,36.776955,38.382286,36.13238,38.823658,37.19435,33.182602,29.690527,26.601131,27.637283,22.47451,21.373932,18.22587,16.732254,14.060626,13.731236,10.247908,12.878004,9.150862,13.758608,16.600979,18.160955,16.570206,16.617487,16.640562,15.927672,16.568804,19.512934,20.27069,24.12108,24.17821,22.829348,27.38476,26.578278,28.819582,30.945206,32.863495
24,17.915632,14.976573,18.624481,14.202114,16.233925,21.37317,18.677689,22.873953,24.589418,27.093447,30.50195,32.320484,34.832348,33.12201,30.924753,26.785751,24.402014,20.799192,18.553104,13.72432,14.248827,9.135679,7.8790812,4.948317,0.0,4.6151004,7.5570326,9.987067,14.15224,15.738763,19.406916,26.175909,29.918947,31.868856,34.775463,36.20088,37.885616,38.89424,35.914955,32.60691,35.07064,29.246342,31.04932,28.83511,22.999165,24.970764,24.673487,23.366755,22.546673,22.439314,26.82618,29.08469,31.283154,29.906311,31.288006,34.399765,31.625265,34.66265,37.537968,34.7081,32.37993,30.56092,25.698647,23.765957,21.420464,18.32235,18.570559,15.065138,14.452569,16.430988,16.074778,20.494827,21.593155,25.639164,26.898726,31.883116,32.76883,36.74706,38.597164,36.642113,39.75299,38.47724,34.0064,30.61178,27.14867,28.126028,22.506401,21.09728,17.44736,15.359555,12.593868,10.513849,7.60593,8.3919935,5.783401,8.94612,12.007151,14.13475,12.923858,13.93304,13.29018,13.609577,13.077852,17.324348,17.886864,21.456697,22.394924,21.08161,26.025883,25.39853,28.170567,30.3361,32.805496
25,15.497757,13.43562,16.850674,12.762755,15.32503,19.705275,16.871376,21.621462,22.70475,25.703588,28.811054,31.178099,33.501774,31.519321,29.776875,25.081266,23.294024,19.260752,17.696226,13.118923,14.027586,10.428042,7.6861167,6.719446,4.6151004,0.0,5.605172,5.7486825,11.040981,11.919877,16.325167,22.564547,26.1154,28.56623,31.142895,32.922012,34.49767,35.72271,32.87135,29.812733,32.64744,26.879526,29.244238,27.469456,21.412287,24.165194,24.333694,22.905514,21.961374,22.539558,26.604591,29.351488,31.058344,30.37478,31.134125,34.39337,31.6414,34.366543,37.70485,34.70117,32.02025,31.113455,26.291285,24.586851,23.162687,19.675817,20.713095,17.90257,16.656528,17.449493,15.857825,20.186758,20.303036,24.721142,25.144836,30.620796,30.818586,34.99043,36.53149,34.3222,37.39365,35.976353,31.345821,27.775343,24.407671,24.725328,19.47435,17.14228,13.684525,11.246306,9.224047,7.6191583,7.9228477,8.636125,8.688051,11.006088,13.412188,16.20955,14.158802,14.842113,12.804225,11.925528,11.0595255,14.234148,14.087468,17.597752,18.28038,17.256481,22.04813,22.178297,24.590023,27.23707,29.497227
26,17.180132,14.857211,16.640673,11.753505,13.216127,17.210642,12.999935,17.641636,18.107052,20.810545,23.845694,26.014519,28.177784,26.168161,24.316164,19.778654,18.000505,13.938522,12.732911,8.1749115,10.365166,7.6135635,7.09059,8.739718,7.5570326,5.605172,0.0,5.7073135,6.8087497,10.1781,12.490045,19.857773,23.136673,25.07205,27.716667,28.883953,30.44336,31.36796,28.37684,25.08343,27.8631,22.122168,24.106592,22.532326,16.660858,19.50747,20.546637,19.651373,19.465221,20.786066,24.35111,27.109829,28.22504,27.005363,27.269,30.259954,27.05421,29.548843,32.817245,29.517376,26.842628,25.99093,21.349318,19.557138,19.046305,15.043976,16.683758,14.834512,13.321393,12.929719,10.414187,14.7179785,14.732023,19.128355,19.716007,25.066221,25.49369,29.585539,31.271069,29.23985,32.42976,31.252598,26.60032,23.249767,19.684937,20.773842,14.983237,14.235511,10.50016,9.446558,5.7897024,6.820763,4.5620894,8.470215,7.99031,12.207808,13.072225,14.87954,11.686723,11.000596,9.484727,7.4569316,9.006327,10.958243,12.740256,17.273685,16.770897,14.834552,19.560322,18.160555,20.892649,22.858236,25.308247
27,13.245471,12.222563,14.254598,10.664532,13.268943,16.287155,13.249296,18.368534,18.691671,22.162832,24.886877,27.819597,29.98366,27.832615,26.633099,21.42988,20.297789,16.042908,15.261535,11.6207695,12.768463,11.714047,8.448073,10.202083,9.987067,5.7486825,5.7073135,0.0,6.743744,6.346615,11.289649,16.96071,20.435116,23.109247,25.554564,27.587755,29.242315,30.684896,28.186966,25.441168,29.03097,23.527184,26.311777,25.444157,19.504194,23.175577,24.44961,23.28367,22.682913,24.27452,27.670942,30.814545,31.699493,31.34288,31.19768,34.347176,31.320414,33.494144,37.143494,33.726,30.778685,30.70908,26.243458,24.58869,24.601036,20.455957,22.145155,20.291172,18.113808,17.440231,14.820683,18.528358,17.642963,22.216482,21.734426,27.660782,27.000593,31.414112,32.522625,29.97116,32.843575,31.209658,26.586355,22.851753,19.737942,19.455925,14.801415,11.832287,8.917088,6.969325,6.011081,7.7761226,10.021673,12.011769,12.824901,15.680725,17.078268,19.710052,16.706161,16.373508,13.745557,10.959845,11.189804,11.441036,11.180514,15.074974,14.296011,13.292418,17.53819,18.002024,19.73756,22.7269,24.509594
28,17.13595,15.976524,15.883559,11.92747,12.851829,14.583616,9.556324,14.457914,13.27241,16.537985,18.9011,21.821522,23.612469,21.274153,20.197777,14.925509,14.317685,9.845562,10.465438,8.1414795,10.850905,11.809161,10.965877,14.242684,14.15224,11.040981,6.8087497,6.743744,0.0,6.129908,6.250582,13.67768,16.481495,18.573174,20.936808,22.163046,23.734547,24.818401,22.13793,19.137995,22.876537,17.49649,20.004196,19.74518,14.259928,18.329653,20.89335,20.415655,20.713747,23.230139,25.793112,28.944832,28.973892,28.216795,27.270004,30.033012,26.55153,28.228638,31.878532,28.101425,25.089874,25.511644,21.526724,19.981096,21.467588,17.000395,19.48545,19.03394,16.697176,14.333602,10.243205,13.127035,11.278997,15.875926,15.011988,21.008028,20.27275,24.673323,25.836721,23.414225,26.471634,25.136183,20.345934,16.823372,13.3826065,13.994383,8.497416,8.002824,4.941928,6.38101,4.1370773,9.44964,10.208458,13.811919,14.48317,18.262438,18.244785,19.8868,16.015465,14.29161,12.158794,7.861867,10.833148,8.256883,10.630352,15.427037,12.885066,10.605259,14.359464,12.637126,14.640995,16.792177,18.77162
29,12.067766,12.170447,11.815284,9.614811,11.599604,12.314875,9.741826,14.715329,14.412666,18.35768,20.634022,24.15782,26.303442,24.212791,23.653688,18.109951,17.608904,13.679164,13.551866,11.859735,12.509896,14.381425,11.29796,14.59953,15.738763,11.919877,10.1781,6.346615,6.129908,0.0,6.43509,10.699677,14.63001,17.056444,19.838844,22.14791,24.25398,25.98832,24.274319,22.015863,26.785078,21.921871,24.827608,25.252836,19.973108,24.291363,26.823408,26.135702,26.068703,28.423887,31.161345,34.459793,34.581474,34.19246,33.218792,36.035923,32.59538,34.10865,37.79512,33.857555,30.843676,31.302786,27.491934,25.699032,27.177492,22.401892,24.308296,23.32748,20.172276,18.262562,15.447147,17.862299,16.28086,20.515833,19.188951,25.35721,23.662704,28.34785,28.845001,25.805346,28.168348,26.110626,21.835125,17.908142,15.466307,14.526083,11.296057,8.311392,7.5127363,7.9767313,8.432118,12.717644,14.592132,17.633553,18.050344,21.664595,22.555248,24.735502,21.20468,19.904692,17.602552,13.620663,15.293903,12.68095,12.842323,16.642015,13.824728,12.815409,15.536683,15.911568,16.349583,19.44912,20.227045
30,16.962448,16.531813,14.449884,12.006814,12.021468,11.111838,6.6243396,10.783044,8.625553,12.538657,14.411502,18.05896,19.96029,17.816969,17.485327,11.86372,11.972469,8.378797,9.687837,10.2409725,11.658575,15.26098,14.178426,18.254263,19.406916,16.325167,12.490045,11.289649,6.250582,6.43509,0.0,8.131618,11.466297,12.592649,15.747301,17.035643,19.369326,20.73623,19.123318,16.70612,21.952549,17.572744,19.930147,21.254242,16.947338,21.311289,24.995462,25.002666,25.74571,28.696888,30.732094,33.891697,33.317303,32.418583,30.789669,33.10171,29.214714,30.171257,33.655464,29.337784,26.423098,27.16107,24.07029,22.285563,25.131584,20.162401,22.47474,22.705875,19.387884,16.128271,12.729376,13.653168,11.38533,15.077966,13.334605,19.434715,17.45628,22.214195,22.631336,19.571693,21.937923,20.024715,15.733718,11.902211,9.363424,9.624324,6.2465177,7.371779,7.657942,10.599112,10.13001,15.542341,15.967539,20.03059,20.054947,24.397947,24.376825,25.689306,21.696167,19.36724,17.874165,13.371327,16.783735,12.663658,14.782795,19.015085,15.020412,13.025031,14.752814,12.697968,12.926068,14.814908,15.380633
31,18.15492,19.450962,16.263256,16.47369,16.69139,13.231966,12.170037,14.428285,11.933414,15.7062645,16.094713,20.485094,21.973969,20.040775,21.080498,15.860684,17.206987,15.004872,16.57298,18.034853,18.432276,22.674055,20.589563,24.548834,26.175909,22.564547,19.857773,16.96071,13.67768,10.699677,8.131618,0.0,5.401655,6.9228845,10.170178,13.105077,16.043262,18.339796,18.546082,17.76011,24.147982,21.231083,24.015728,26.558506,23.10854,27.77386,31.767776,31.74183,32.345184,35.587677,37.24245,40.629097,39.60996,39.343445,37.15711,39.343323,35.607876,35.951103,39.5786,35.159584,32.195606,33.761932,31.24557,29.64504,33.026203,28.06283,30.312473,30.62885,26.926142,23.622356,20.641567,20.748732,18.071323,20.78747,17.86852,23.425705,19.775364,24.372585,23.52912,19.760067,20.87548,18.090796,14.887705,11.140266,11.227213,8.402647,10.76847,9.925653,12.9133835,15.535293,16.870047,21.973509,23.740171,27.256367,27.707628,31.653976,31.837793,33.51844,29.548733,27.377653,25.41381,20.843945,23.489277,18.465532,19.125202,22.028692,17.243881,16.45678,15.784285,15.756802,13.430086,15.94346,14.249937
32,23.144447,24.593588,21.640285,21.560259,21.709627,18.309149,16.468462,18.386541,14.589599,17.753866,16.988455,21.409195,21.896437,19.574831,21.408188,16.540003,19.089247,17.129185,19.83339,21.551718,22.700737,26.702997,25.03847,28.906183,29.918947,26.1154,23.136673,20.435116,16.481495,14.63001,11.466297,5.401655,0.0,5.677654,5.497631,9.202352,11.380749,14.004336,14.617892,14.765641,21.189928,19.272934,22.353104,25.491013,22.865547,27.589294,31.795639,31.863136,32.54821,36.171055,37.179558,40.64943,39.074604,39.34753,36.602875,38.64546,35.221004,35.075813,38.931683,34.71324,31.620436,34.237923,32.097256,31.06076,34.877144,30.36406,33.115227,33.892532,30.63179,26.95098,23.185175,22.904047,19.31585,21.604992,17.695349,22.76082,18.356895,22.492786,21.153173,17.426054,18.492344,16.024218,12.657648,9.545869,10.514066,5.9997387,11.11146,10.499743,14.3263445,17.235685,19.123344,24.092772,26.648628,29.708153,30.954334,34.35071,34.022778,35.70605,31.637293,29.45233,27.098335,22.546547,24.992876,19.112406,19.682947,21.881544,16.641928,16.087353,13.776366,14.063425,10.492258,12.940729,10.295443
33,24.46085,25.466105,21.573746,21.79316,21.048626,16.68353,15.585654,15.851853,12.049067,14.483666,13.156256,17.519867,18.205555,16.554869,18.640776,14.573918,17.020163,16.380236,18.780273,21.62957,22.211536,27.12287,25.99466,30.230925,31.868856,28.56623,25.07205,23.109247,18.573174,17.056444,12.592649,6.9228845,5.677654,0.0,5.6454554,7.3105946,11.221938,13.403401,15.134112,15.330271,22.152775,20.820576,22.878954,26.567616,24.625303,28.978256,33.71988,34.220963,35.36385,38.985516,39.97408,43.2016,41.538967,41.038506,38.228775,39.841305,35.93521,35.53638,38.852737,34.25384,31.545294,33.592106,32.068203,30.656755,35.068817,30.272562,32.667027,33.848137,30.161682,26.189404,23.24292,21.992208,19.048813,20.32886,16.8824,21.183022,16.636461,20.71394,19.032099,15.042251,15.094959,11.948727,10.06665,7.4832854,10.047671,7.798381,12.804388,14.490804,17.69945,20.969938,21.941103,27.276709,28.415665,32.2998,32.589733,36.82774,36.48461,37.639305,33.500107,30.809067,29.35482,24.782555,28.089457,22.469795,23.945837,26.762299,21.546602,20.43437,18.622946,17.165436,14.056506,14.8170595,11.644289
34,28.26347,29.596205,26.212168,26.18375,25.81723,21.907534,20.09597,20.92775,16.489437,18.671242,16.722075,20.868782,20.525698,18.362383,21.018444,17.19478,20.495245,19.533758,22.733696,25.22532,26.496868,30.861664,29.747496,33.779015,34.775463,31.142895,27.716667,25.554564,20.936808,19.838844,15.747301,10.170178,5.497631,5.6454554,0.0,4.6538215,6.9699903,9.834454,12.104812,13.531258,20.005594,19.642754,22.188822,26.178446,24.805649,29.219843,33.878056,34.30254,35.33858,39.22474,39.675026,43.02189,40.927414,41.1616,37.91766,39.522152,36.102173,35.345467,39.003822,34.772038,31.864355,35.006973,33.612537,32.81703,37.304234,33.00982,35.889793,37.23955,34.049397,29.96763,26.19243,25.068922,21.291393,22.549522,18.250938,22.14605,17.076263,20.497204,18.386646,14.6721,14.879693,12.48372,10.252897,8.775082,11.428675,7.714015,14.0725765,15.037453,18.775532,21.97731,23.629263,28.656153,30.873478,34.091286,35.304073,38.807957,38.107777,39.45935,35.306248,32.823704,30.76321,26.28368,29.070702,22.876993,23.922195,25.915907,20.561607,19.860056,16.730932,16.074867,12.016926,12.839719,8.778048
35,31.136118,31.938208,28.359888,27.835966,26.933249,23.064756,20.718168,20.78307,15.813317,17.025717,14.287039,17.972002,16.945118,14.849562,17.95306,15.10763,18.869118,18.747889,22.321274,25.407831,26.917778,31.448814,31.100706,35.274437,36.20088,32.922012,28.883953,27.587755,22.163046,22.14791,17.035643,13.105077,9.202352,7.3105946,4.6538215,0.0,4.366864,6.3056493,9.38918,11.094725,17.489931,18.023632,19.74916,24.261776,23.880238,27.858469,32.9083,33.728355,35.18321,39.18807,39.28714,42.404663,40.01007,39.84886,36.34935,37.533318,33.966015,32.823334,36.16492,31.86443,29.19867,32.46554,31.691023,31.026613,36.02842,31.962229,34.90012,36.78755,33.775,29.376627,25.651348,23.80412,20.038622,20.37419,16.041418,18.892666,13.595296,16.526981,14.078598,10.398326,10.302746,8.247512,6.4707146,6.764319,10.259394,8.43966,14.381522,17.123901,20.399628,23.949286,24.987135,30.111778,31.559992,35.08759,36.040478,39.79756,38.731575,39.610043,35.41538,32.596767,31.055487,26.720163,30.044836,23.857214,25.749489,28.10556,22.77177,21.522675,18.591019,16.253872,12.715242,11.716515,7.459659
