,0,1,2,3,4,5,6,7,8,9,10,11,12,13,14,15,16,17,18,19,20,21,22,23,24,25,26,27,28,29,30,31,32,33,34,35,36,37,38,39,40,41,42,43,44,45,46,47,48,49,50,51,52,53,54,55,56,57,58,59,60,61,62,63,64,65,66,67,68,69,70,71,72,73,74,75,76,77,78,79,80,81,82,83,84,85,86,87,88,89,90,91,92,93,94,95,96,97,98,99,100,101,102,103,104,105,106,107,108,109
0,0.0,4.6877713,6.7638636,9.476604,12.344836,14.802522,17.88107,19.8767,23.848898,26.278996,30.216412,33.465355,30.69905,29.145037,24.128918,23.115904,17.896105,18.975767,15.249732,15.132686,15.100641,12.271551,13.934175,18.047426,18.481236,20.682165,20.411854,21.392565,24.013521,23.82433,29.303772,29.951788,33.98507,34.23892,38.211193,40.088676,42.625546,45.452595,40.874603,37.776207,37.485733,34.35675,32.29527,28.8696,29.328432,25.334684,27.179321,28.230562,30.808668,32.396645,34.677334,34.56312,38.765793,40.64186,40.914856,39.945305,39.204685,41.14858,45.161808,43.88551,44.199104,37.661453,39.58553,36.630833,39.603443,34.148952,37.512295,34.79057,31.227749,31.554012,31.453663,34.98678,36.06483,33.59317,37.89666,35.734406,41.33445,39.314266,42.703876,45.3608,43.90928,41.05516,36.60192,34.11218,30.511671,30.211128,25.872652,26.455963,21.796896,22.544353,20.777876,21.770002,21.07507,20.167633,18.705397,15.100379,18.935766,18.628239,23.623594,21.694489,27.554583,29.623667,31.847511,34.769978,32.468067,38.114582,32.90777,36.65545,35.658913,38.286873
1,4.6877713,0.0,4.9029346,5.802666,8.294396,11.709016,14.118876,17.146156,20.52659,23.301952,27.113913,30.798908,28.482021,26.987751,22.172045,20.568447,15.884659,15.858283,13.391718,12.013191,13.484903,10.591409,13.591853,16.845892,16.720726,18.87355,17.467403,18.72127,20.826027,21.472303,26.288786,27.782934,31.160904,32.210476,35.838203,37.681618,40.042187,42.766685,38.035328,34.80825,34.844284,31.235424,29.542286,25.715721,26.737625,22.168383,24.267828,25.858173,28.523495,30.093792,32.051403,31.940397,36.43694,37.810555,38.53391,37.348034,36.273182,38.062164,41.901127,40.395294,40.689346,34.057434,35.928127,33.101597,36.032482,31.03237,34.024387,31.487385,27.939066,27.913387,27.627182,30.98351,31.967056,29.46829,33.728466,31.558203,37.1287,35.123344,38.702198,41.24982,40.032482,37.245453,32.778744,30.222315,26.482393,26.05314,21.776564,22.207975,17.68368,18.341518,16.973698,17.976404,17.855492,16.807785,14.770488,10.86704,14.468966,14.018119,18.98845,17.119883,22.972925,25.15765,27.512854,30.27149,27.896755,33.52026,28.374022,32.085995,31.2547,33.877945
2,6.7638636,4.9029346,0.0,5.1336646,6.7742195,8.429774,11.653352,13.318666,17.523457,19.688713,23.921207,27.012245,24.690042,23.508675,18.321793,17.601238,12.995717,14.018361,11.686703,12.342941,14.416649,12.618396,15.40519,18.786425,19.285671,20.845844,18.976511,19.206358,20.676807,20.858826,24.718397,25.63834,28.877787,29.484236,33.38656,34.81694,37.59765,40.64778,36.21352,33.24786,33.781456,30.282768,29.360115,25.692585,27.395575,23.220612,26.432322,28.016672,31.134462,32.02385,33.64445,33.054676,37.380775,38.694927,38.968655,37.321617,36.3741,37.733562,41.76025,40.08423,41.13669,34.3268,36.929962,34.48737,37.840126,33.46593,36.541664,34.403736,30.887814,30.566177,29.625723,32.999363,33.442474,30.290207,34.267216,31.499407,36.91176,34.029747,37.60823,39.88345,38.12211,34.997486,30.485126,28.422426,24.926512,25.225891,20.607782,22.445536,18.281227,19.948072,19.270872,21.050335,21.282114,20.612537,18.04837,13.835265,16.7973,15.022577,20.052183,16.75753,22.928812,24.165037,26.05513,29.394995,27.4884,33.443104,28.828936,32.96723,32.578827,35.589016
3,9.476604,5.802666,5.1336646,0.0,3.7250319,6.6103654,8.965693,12.1840105,15.018656,18.12358,21.534214,25.509142,23.14555,21.541405,17.037123,14.942791,10.6687975,10.10705,8.654069,7.493874,10.678654,9.143631,12.77776,15.154801,15.308259,16.65661,14.09231,14.500823,15.8563385,16.63641,20.655493,22.35299,25.411776,26.72788,30.212889,32.004997,34.333073,37.082523,32.382046,29.200245,29.564718,25.834793,24.725574,20.850584,22.638992,18.191114,21.546518,23.34501,26.551733,27.320114,28.761904,28.196905,32.669563,33.760456,34.320576,32.697014,31.573608,33.026165,36.944054,35.294212,36.11236,29.329666,31.809975,29.356543,32.737354,28.535875,31.618376,29.654842,26.174883,25.759737,24.611692,28.071272,28.437515,25.2797,29.327902,26.725971,32.234726,29.878792,33.311436,35.890987,34.46891,31.7,27.279554,24.659883,21.037468,20.82893,16.41346,17.593105,13.247108,15.025016,14.404584,16.702734,17.028904,16.913252,14.184788,10.036607,12.98634,10.714735,15.861326,13.035301,18.75928,20.576233,22.690674,25.693626,23.544317,29.290022,24.309927,28.50972,27.848476,31.037624
4,12.344836,8.294396,6.7742195,3.7250319,0.0,4.7549157,5.8831367,10.04651,12.564298,15.583649,19.27067,23.267223,21.628351,20.44706,16.009165,13.988627,10.912256,9.491824,10.240738,8.896473,13.35022,12.227489,16.097647,17.888954,17.745201,18.872335,15.323641,15.622105,15.927325,17.447594,19.91664,22.236458,24.338444,26.265623,29.4992,30.934351,33.334774,36.15722,31.510319,28.371946,29.393566,25.223974,24.969751,20.812649,23.468857,18.714064,22.517199,24.774803,28.015581,28.635754,29.656918,28.976809,33.58018,34.140316,34.984344,33.000736,31.595545,32.663746,36.417065,34.424946,35.53666,28.646515,31.300352,29.17407,32.544598,29.086834,31.657488,29.988941,26.628424,25.750162,24.288227,27.388948,27.484339,24.118614,27.924316,25.043756,30.384249,27.502645,31.279247,33.472107,32.04401,29.088427,24.577663,22.292608,18.590921,18.71888,14.155877,16.056915,12.357875,14.359338,14.697377,16.902811,18.013319,17.61776,14.324102,10.22301,11.984573,8.9768305,13.829318,10.078652,16.189436,17.495459,19.543524,22.702227,20.731972,26.681028,22.180119,26.431246,26.298086,29.484081
5,14.802522,11.709016,8.429774,6.6103654,4.7549157,0.0,4.1232486,5.5909147,9.102328,11.6516285,15.566007,19.101828,17.146528,16.10785,11.372948,10.088736,7.420079,7.356708,8.632753,9.979836,14.1911335,14.223425,17.467388,19.275427,19.827682,20.311459,16.79835,15.843634,15.518519,16.211231,17.610415,19.113234,21.19404,22.544605,26.07089,27.172075,29.966381,33.09729,28.780146,25.956505,27.374437,23.531176,24.00576,20.289404,23.442242,19.533487,24.308735,26.296482,29.921165,29.778868,30.49599,29.302,33.547928,34.174034,34.39564,32.00501,30.85606,31.505821,35.479767,33.44123,35.352955,28.43945,31.885162,30.170013,33.98059,31.08597,33.9129,32.655766,29.397366,28.417637,26.339966,29.520988,29.038845,25.034578,28.444952,24.99446,30.077335,26.405499,29.913235,31.976824,29.893879,26.674013,22.189865,20.324724,17.08263,18.060118,13.297384,16.83043,13.755534,16.82962,17.553705,20.52234,21.5405,21.728052,18.454466,14.538872,15.987481,12.124841,16.460928,11.643327,17.237278,17.42496,18.75434,22.525648,21.162233,27.212502,23.27927,27.941357,28.062117,31.685276
6,17.88107,14.118876,11.653352,8.965693,5.8831367,4.1232486,0.0,5.877965,6.9100065,10.063802,13.626708,17.772488,16.794107,16.031485,12.2041235,10.136268,9.557815,7.2995477,11.060577,10.793722,15.938454,16.064287,19.712158,20.69696,20.738245,21.074638,16.653872,15.923264,14.594974,16.434883,16.316988,19.04199,19.87891,22.379812,25.274012,26.2261,28.74742,31.710293,27.297457,24.390604,26.330069,21.918484,23.0746,19.013807,22.892372,18.594368,23.525858,25.985924,29.522108,29.331638,29.628166,28.447893,32.866432,32.871025,33.599415,30.981525,29.444029,29.811207,33.486835,31.13759,33.094803,26.171919,29.579998,28.155268,31.84912,29.697502,31.974602,31.031807,27.95621,26.559124,24.212692,27.005213,26.285582,22.200705,25.370916,21.801115,26.732729,22.858803,26.697426,28.513731,26.69608,23.497192,18.946539,17.107475,13.648301,14.701675,9.94787,13.920458,11.716036,14.835487,16.415499,19.287949,20.935862,21.056652,17.487352,14.019904,14.333431,9.968132,13.472649,8.080983,13.479144,13.337787,14.72466,18.465235,17.162502,23.272877,19.686535,24.34121,24.846764,28.459913
7,19.8767,17.146156,13.318666,12.1840105,10.04651,5.5909147,5.877965,0.0,5.5238466,6.460362,11.010864,13.738253,12.233945,12.007123,7.320292,7.7337766,8.073982,8.763782,11.540575,14.122783,18.243025,19.058594,21.926678,23.381813,24.20353,24.142277,20.348122,18.536348,17.09167,17.486475,16.424349,17.42444,18.423286,19.599874,23.083532,23.417583,26.668962,30.136318,26.347475,24.0157,26.339062,22.668211,24.489666,21.222422,25.193073,22.019701,27.545637,29.524178,33.35895,32.53764,32.72302,31.062168,34.955517,35.258827,35.11353,32.15999,31.083813,31.024927,34.972435,32.68641,35.53361,28.748047,32.920856,31.843258,35.91493,34.026093,36.682327,35.961086,32.92414,31.625864,28.943745,31.861877,30.733534,26.198702,28.925262,24.883904,29.363846,24.591406,27.957457,29.503319,26.73155,23.119553,18.739939,17.82229,15.333989,17.483778,12.993222,18.212814,16.41937,20.07961,21.498322,24.786247,26.086754,26.515762,23.091305,19.455822,20.160406,15.780131,19.119467,13.540492,18.12392,16.769138,17.096945,21.422697,20.927214,26.893244,24.048153,28.899406,29.590698,33.473965
8,23.848898,20.52659,17.523457,15.018656,12.564298,9.102328,6.9100065,5.5238466,0.0,4.3910627,6.727438,11.228663,10.620374,10.304805,8.197936,6.467596,9.884106,8.184342,13.276101,14.595337,19.222126,20.547934,23.562834,23.91862,24.419165,23.890837,19.375574,17.348965,14.64292,15.9291935,12.572081,14.962814,14.306267,17.036972,19.593029,19.914865,22.69886,25.919502,21.999428,19.614006,22.559387,18.430716,21.235231,17.958017,22.743643,19.77158,25.664759,27.899555,31.720078,30.476532,30.060682,28.220667,32.05153,31.713696,31.871431,28.58307,27.202644,26.70865,30.389149,27.842854,30.992973,24.337566,28.76922,28.193817,32.306145,31.449518,33.72757,33.5625,30.843685,29.192768,25.988781,28.575684,26.931606,22.116762,24.326069,20.029705,24.171059,19.14644,22.470484,23.995037,21.30675,17.839516,13.437564,12.300099,10.000583,12.594381,8.612393,14.665532,14.242751,18.186153,20.33889,23.88833,25.540108,26.380497,22.93453,19.991957,19.803293,15.047964,17.144636,11.805163,14.622023,12.665663,12.516754,16.801937,16.656982,22.290462,19.942604,24.88021,25.789057,29.893877
9,26.278996,23.301952,19.688713,18.12358,15.583649,11.6516285,10.063802,6.460362,4.3910627,0.0,5.5666842,7.8661685,8.496952,9.673113,7.80069,8.718083,12.428823,12.115111,16.420883,18.611277,22.967474,24.294569,27.132917,27.829708,28.538687,27.998068,23.672632,21.452139,18.747206,19.531536,15.418072,16.795904,15.489555,17.492878,20.109518,19.505337,22.859203,26.42347,23.199335,21.408258,24.90599,21.19905,24.630604,21.767603,26.627878,24.025455,30.00261,32.15591,36.022114,34.613697,34.0921,32.08424,35.65982,35.27591,35.132053,31.610271,30.38002,29.47036,33.0748,30.419,34.124706,27.70112,32.398846,32.117252,36.252014,35.720592,37.895676,37.84803,35.178425,33.44826,30.171837,32.57623,30.750454,25.86397,27.652884,23.156359,26.702778,20.853138,24.071066,24.89453,21.57097,17.620691,13.479013,13.842439,12.516971,15.825511,12.419372,18.716307,18.596567,22.463764,24.677975,28.10335,29.824747,30.485233,26.94828,23.847979,23.605337,18.945412,20.880587,15.275318,17.978653,15.051642,14.116863,18.656876,19.204391,24.648022,23.220728,28.013699,29.352478,33.375957
10,30.216412,27.113913,23.921207,21.534214,19.27067,15.566007,13.626708,11.010864,6.727438,5.5666842,0.0,5.8054175,6.7680264,7.681173,9.348792,8.9837055,14.315882,13.303216,18.193464,20.12141,24.189333,26.151146,28.700352,28.578346,29.321167,28.223124,23.83714,21.134174,17.665958,18.423529,12.211862,13.834964,10.764759,13.7272005,15.381176,14.5770035,17.630814,21.093332,18.07197,16.616646,20.72061,17.262596,21.691446,19.501146,24.70667,23.03139,29.263218,31.269558,35.1491,33.09667,32.040073,29.708927,32.826633,32.087696,31.745329,27.895878,26.702494,25.249945,28.686474,25.986778,30.294138,24.316671,29.4699,29.759735,34.03034,34.411816,36.532085,37.04041,34.708195,32.871998,29.121038,31.353895,28.985847,23.860283,24.950014,20.291838,23.166065,17.160704,19.597382,20.548899,16.82277,13.128243,9.493299,9.945726,10.078381,13.708417,11.735394,17.955982,18.890987,22.944242,25.395977,29.18991,30.856375,32.10669,28.782452,26.221361,25.68471,20.915825,22.045563,17.210442,18.061749,14.943638,13.326252,17.358778,18.38717,22.944185,22.043568,26.811548,28.082075,32.377586
11,33.465355,30.798908,27.012245,25.509142,23.267223,19.101828,17.772488,13.738253,11.228663,7.8661685,5.8054175,0.0,5.644869,8.797979,10.847285,12.8918495,17.803642,18.090548,22.121374,24.995789,28.742496,30.712011,33.0214,33.346954,34.386463,33.296986,29.222054,26.317167,23.107197,23.188215,17.094814,17.123154,14.063375,15.209824,16.95665,14.775094,18.613655,22.453009,20.674042,20.151007,24.50067,21.883564,26.556736,24.870676,29.88621,28.603533,34.89221,36.72522,40.678265,38.463886,37.40318,34.9088,37.670635,37.0564,36.22873,32.241455,31.363567,29.562498,32.907578,30.261147,35.088024,29.485655,34.82667,35.32398,39.623394,40.140484,42.293827,42.84269,40.501938,38.67459,34.916985,37.081593,34.621544,29.49421,30.27537,25.577188,27.832182,21.31796,23.345749,23.480827,19.052366,15.10507,12.550078,14.611918,15.4737015,19.288538,17.444458,23.728594,24.54958,28.603212,30.977686,34.72375,36.36317,37.46526,34.053936,31.217802,30.815958,26.07258,27.367485,22.188091,23.37493,19.717815,17.660547,21.714638,23.248976,27.56324,27.397081,31.99568,33.570423,37.770576
12,30.69905,28.482021,24.690042,23.14555,21.628351,17.146528,16.794107,12.233945,10.620374,8.496952,6.7680264,5.644869,0.0,3.5906796,6.676818,9.277359,13.937018,15.285642,18.27817,22.078466,25.003433,27.3332,29.090704,29.55006,31.031448,29.765478,26.371248,23.025246,20.37791,19.370396,14.440875,12.833988,11.793686,11.082543,14.190535,12.903899,17.08271,21.12611,19.010574,18.304665,21.738398,19.80057,23.614977,22.355057,26.740013,26.052979,32.395893,33.739902,37.83342,35.438892,34.68793,32.082405,34.61289,34.70653,33.245266,29.490608,29.091928,27.744686,31.610355,29.462824,34.080887,28.348948,33.796333,33.912975,38.46585,38.22803,41.07847,41.394547,38.896194,37.47192,33.813957,36.53111,34.276207,29.098587,30.381897,25.847208,28.744398,23.133839,24.68647,25.887608,21.632933,18.246742,15.518477,15.9937105,16.35195,19.561548,17.225183,23.12221,23.118202,27.418118,29.20765,33.325687,34.418922,35.89539,32.74678,29.747162,30.065363,25.291443,27.363337,22.339413,24.109465,21.45551,20.050856,24.10487,24.975876,29.553967,28.229542,33.122562,33.982105,38.422794
13,29.145037,26.987751,23.508675,21.541405,20.44706,16.10785,16.031485,12.007123,10.304805,9.673113,7.681173,8.797979,3.5906796,0.0,5.6375136,6.9272556,11.630912,13.049996,15.711322,19.627151,22.125132,24.728235,26.225494,26.475168,28.092058,26.654902,23.553543,19.982843,17.533598,16.05195,11.689019,9.437133,9.724973,8.531891,12.294105,12.093483,15.944535,19.84306,17.205393,16.157032,18.96966,17.246466,20.52302,19.471346,23.53428,23.198164,29.522413,30.629957,34.755985,32.245667,31.596497,28.95699,31.407907,31.793362,30.135641,26.5318,26.30315,25.263409,29.368107,27.487732,31.852089,26.07449,31.498442,31.42141,36.06627,35.51381,38.679554,38.932053,36.41797,35.195255,31.573978,34.53903,32.380653,27.238663,28.760876,24.410007,27.645693,22.745384,24.033638,25.913296,21.979649,19.03169,16.223505,15.639824,15.71276,18.377274,16.01538,21.40569,21.09467,25.457523,26.958807,31.279137,32.084286,33.857643,30.925426,28.032665,28.62809,23.904814,26.186432,21.546883,23.274778,21.314577,20.304808,24.149406,24.614687,29.162766,27.184277,32.159946,32.56753,37.11841
14,24.128918,22.172045,18.321793,17.037123,16.009165,11.372948,12.2041235,7.320292,8.197936,7.80069,9.348792,10.847285,6.676818,5.6375136,0.0,5.1294646,7.7991314,10.4606,12.275013,16.735332,19.44651,21.465225,23.228664,24.33366,25.933626,25.06646,22.036535,18.956852,17.319899,15.994448,13.991259,12.522034,14.232542,13.422806,17.544195,17.714113,21.424593,25.197174,22.06545,20.407967,22.65285,20.276587,22.496092,20.546783,24.295685,22.88421,28.94645,30.215872,34.325085,32.520176,32.44226,30.189644,33.224308,33.92155,32.648804,29.441479,29.03744,28.616531,32.848972,30.932266,34.59278,28.26816,33.20685,32.525734,37.036728,35.531948,38.77618,38.465775,35.61133,34.52097,31.361536,34.533806,32.90653,27.9716,30.208717,25.971315,29.95169,25.131712,27.306276,29.163406,25.621817,22.284788,18.654882,17.863201,16.691862,19.147064,15.570624,20.96163,19.613632,23.827679,25.019203,29.050314,29.822512,31.114073,28.05561,24.678097,25.69616,21.117926,24.209877,19.127686,22.341204,20.753456,20.352345,24.56672,24.546698,29.869625,27.271376,32.31869,32.696564,37.036312
15,23.115904,20.568447,17.601238,14.942791,13.988627,10.088736,10.136268,7.7337766,6.467596,8.718083,8.9837055,12.8918495,9.277359,6.9272556,5.1294646,0.0,5.6841836,6.161527,9.534186,12.828994,15.926967,18.197964,20.217428,20.548397,21.853403,20.800447,17.367344,14.250804,12.240942,11.45311,9.600186,9.698243,11.675918,12.498167,16.069176,17.248648,20.107365,23.404076,19.45538,17.123774,18.988253,16.014614,17.86552,15.535479,19.459026,17.84226,23.985092,25.3832,29.471407,27.662664,27.492273,25.32389,28.618214,29.156485,28.288303,25.18407,24.524857,24.392569,28.631119,26.747536,29.958252,23.478756,28.243504,27.435722,31.937674,30.437984,33.68329,33.441723,30.65621,29.56318,26.333103,29.57734,27.975924,23.08766,25.519878,21.481825,25.813627,21.771538,23.926748,26.38032,23.457579,20.60633,16.84386,14.842362,13.182718,14.923475,11.414947,16.244705,14.919302,19.229654,20.461119,24.698353,25.450125,27.073772,24.15599,21.17635,22.041971,17.427078,20.291279,15.849455,18.478617,17.670025,17.714445,21.49645,21.035872,26.191248,23.004253,28.072376,28.081375,32.502518
16,17.896105,15.884659,12.995717,10.6687975,10.912256,7.420079,9.557815,8.073982,9.884106,12.428823,14.315882,17.803642,13.937018,11.630912,7.7991314,5.6841836,0.0,5.2154903,4.492294,9.501771,11.765739,13.693246,15.50544,16.816687,18.434227,17.88111,15.347227,12.676043,12.547864,11.043267,13.268762,12.833611,16.619957,16.525497,20.557386,22.207432,24.954851,28.08584,23.950556,21.363888,22.07701,19.363373,19.443798,16.864498,19.50035,17.396688,22.853123,23.953602,27.973982,26.794367,27.414333,25.654844,29.17437,30.441479,29.554516,27.128126,26.665785,27.343826,31.739428,30.218412,32.581203,25.975662,30.084074,28.53504,32.869293,30.03216,33.73035,32.82208,29.706942,29.091534,26.528074,30.189863,29.281544,24.876104,28.04959,24.52574,29.445917,26.171202,28.535069,31.278833,28.74657,25.969809,22.003946,19.649803,17.258963,18.178854,14.08827,17.592747,14.686212,18.552208,18.814169,22.85688,23.054426,24.501421,21.836601,18.42954,20.32893,16.25216,20.259321,16.176025,20.140451,20.393724,21.204178,24.860706,23.737947,29.210463,25.09361,30.047256,29.563517,33.743416
17,18.975767,15.858283,14.018361,10.10705,9.491824,7.356708,7.2995477,8.763782,8.184342,12.115111,13.303216,18.090548,15.285642,13.049996,10.4606,6.161527,5.2154903,0.0,6.1271987,6.9287324,11.111716,12.852896,15.611018,15.761868,16.50238,15.922609,12.003927,9.808721,8.615962,9.2634,10.727615,12.846905,15.322616,17.233923,20.283615,22.19466,24.282364,26.993963,22.337666,19.26535,20.186844,16.442493,16.686625,13.193933,16.5966,13.480929,19.134798,20.876217,24.805187,23.798618,24.099258,22.529238,26.554684,27.159481,27.147936,24.66204,23.603222,24.315678,28.427784,26.642496,28.615896,21.804405,25.642637,24.112965,28.321114,25.89247,29.152637,28.419931,25.401127,24.4662,21.724476,25.20775,24.246313,19.855867,23.1354,19.718964,24.85557,22.014145,24.684603,27.563974,25.661945,23.175379,19.117489,16.107111,13.177828,13.456383,9.347051,12.388995,9.674803,13.749717,14.58695,18.737593,19.412436,20.950445,18.112171,15.181724,16.351234,11.996297,15.476001,11.835414,15.174363,15.972866,17.166317,20.392765,18.953386,24.311966,19.935884,24.863949,24.356915,28.542656
18,15.249732,13.391718,11.686703,8.654069,10.240738,8.632753,11.060577,11.540575,13.276101,16.420883,18.193464,22.121374,18.27817,15.711322,12.275013,9.534186,4.492294,6.1271987,0.0,6.2692385,7.393581,9.340806,11.02884,12.541095,14.260728,13.961805,12.166778,10.000396,11.411025,9.772044,14.728129,14.7164135,19.203255,19.287014,23.098059,25.342226,27.593931,30.33716,25.873205,22.964788,22.74469,20.105381,18.778255,16.055006,17.575726,15.185331,19.90848,20.75687,24.648418,23.91491,25.055819,23.675627,27.372974,29.056435,28.36181,26.530516,26.107018,27.449251,31.83149,30.629705,32.171062,25.631802,29.099802,27.016367,31.150526,27.411055,31.435686,30.126556,26.877981,26.666683,24.590857,28.533733,28.12365,24.213015,27.853716,24.911692,30.181288,27.893112,30.202751,33.365414,31.360302,28.938892,24.987474,22.023834,19.259853,19.277037,15.344526,17.247675,13.428221,16.723728,16.12854,20.090477,19.72774,21.354525,19.138512,15.867207,18.46046,15.057817,19.463795,16.43293,20.496431,21.821411,23.198156,26.38201,24.709919,30.020134,25.137642,29.865116,28.805819,32.800865
19,15.132686,12.013191,12.342941,7.493874,8.896473,9.979836,10.793722,14.122783,14.595337,18.611277,20.12141,24.995789,22.078466,19.627151,16.735332,12.828994,9.501771,6.9287324,6.2692385,0.0,5.642076,6.366202,9.841055,9.939232,10.135937,10.420239,7.1284714,7.023328,8.904057,9.886014,15.219765,17.450056,20.876108,22.641882,25.54474,28.09561,29.640959,31.851318,26.872953,23.465755,23.04568,19.514236,17.539158,13.787156,15.14755,10.976767,14.948035,16.546938,20.14285,20.240765,21.488218,20.752995,25.18207,26.357569,26.863997,25.40378,24.339222,26.109129,30.06152,28.761745,29.284418,22.679914,25.192461,22.679163,26.379423,22.268974,25.94314,24.376106,21.030472,20.76835,19.075548,22.997843,23.077864,19.770727,23.875584,21.597696,27.190582,25.944128,28.592175,31.932823,30.855267,28.839779,24.865858,21.278198,17.923412,16.79654,13.249358,13.0218115,8.405549,10.877345,9.912355,13.831286,13.609166,15.308334,13.14743,10.3905525,12.914303,10.098782,14.395194,12.928074,16.571217,19.18239,21.282839,23.663034,21.334126,26.345322,20.776886,25.121061,23.67852,27.372026
20,15.100641,13.484903,14.416649,10.678654,13.35022,14.1911335,15.938454,18.243025,19.222126,22.967474,24.189333,28.742496,25.003433,22.125132,19.44651,15.926967,11.765739,11.111716,7.393581,5.642076,0.0,3.826073,4.780145,5.256311,7.097022,7.20099,7.6294885,7.2595453,11.20345,10.040698,17.667698,18.472715,23.257195,23.859694,27.002207,30.016287,31.383839,33.3992,28.564518,25.300407,23.728504,21.326635,17.912071,15.284515,14.5916605,12.021691,14.756669,15.009793,18.52331,18.597624,20.601192,19.999352,23.871944,26.107372,25.89294,25.148058,24.73899,27.093393,31.213182,30.57533,30.692581,24.624891,26.836576,23.962404,27.596409,22.46968,27.005783,25.1289,21.812452,22.376116,21.18432,25.451565,25.838287,22.976316,27.108559,25.30677,30.800953,30.23971,32.254078,36.015644,34.89043,33.15331,29.4298,25.66748,22.67526,21.36779,18.280699,17.481106,12.986029,14.7535,12.564297,16.203423,14.626738,16.939638,15.936828,13.723749,17.031975,15.19143,19.340296,18.513388,21.798965,24.613153,26.6294,28.872057,26.509666,31.132023,25.30588,29.416765,27.362736,30.960087
21,12.271551,10.591409,12.618396,9.143631,12.227489,14.223425,16.064287,19.058594,20.547934,24.294569,26.151146,30.712011,27.3332,24.728235,21.465225,18.197964,13.693246,12.852896,9.340806,6.366202,3.826073,0.0,4.3657384,6.315117,6.8607507,8.524511,8.849235,10.034406,13.740128,13.529098,20.642498,21.916508,26.325253,27.231375,30.402115,33.246933,34.722626,36.7905,31.869108,28.507654,27.16279,24.369081,21.066696,17.993057,17.387104,13.891546,15.621781,16.253366,19.260456,20.26856,22.533548,22.398813,26.544495,28.59116,28.89789,28.31338,27.65147,30.080042,34.009113,33.229156,32.982105,26.857151,28.558329,25.444336,28.665585,23.084576,27.269672,24.938086,21.461275,22.108135,21.537998,25.64847,26.508297,24.08374,28.442183,26.846756,32.469482,31.940437,34.383587,37.955475,37.04065,35.15432,31.22377,27.564701,24.229792,22.82534,19.513973,18.353924,13.515747,14.437632,11.835632,14.582648,12.907187,14.512912,13.652271,11.268716,15.11973,14.128317,18.563633,18.110561,21.960596,25.073864,27.39523,29.55232,26.956762,31.722239,25.752914,29.59633,27.584179,30.782673
22,13.934175,13.591853,15.40519,12.77776,16.097647,17.467388,19.712158,21.926678,23.562834,27.132917,28.700352,33.0214,29.090704,26.225494,23.228664,20.217428,15.50544,15.611018,11.02884,9.841055,4.780145,4.3657384,0.0,4.795261,7.0392585,8.187238,10.946549,11.452505,15.738848,14.269718,22.280102,22.566916,27.762547,27.844522,31.152927,34.25041,35.62857,37.583107,32.845024,29.65489,27.631857,25.661627,21.65569,19.436525,17.724121,15.587949,16.76867,16.346613,19.213688,19.977247,22.637987,22.48063,26.032444,28.808405,28.464106,28.314104,28.163406,30.865528,34.910774,34.571423,34.222786,28.500298,30.175138,26.975496,30.215233,24.22623,28.95926,26.587513,23.261772,24.383785,23.947,28.217642,29.096025,26.788464,31.04677,29.616976,35.121838,34.887657,36.868267,40.7018,39.65555,37.930447,34.17843,30.43565,27.386091,25.983528,22.891691,21.718143,17.070051,18.054546,15.178554,17.901957,15.579944,17.606358,17.396566,15.419155,19.305843,18.409594,22.688303,22.285704,25.861814,28.92402,31.093634,33.26508,30.74425,35.308228,29.282713,33.09686,30.780857,34.025337
23,18.047426,16.845892,18.786425,15.154801,17.888954,19.275427,20.69696,23.381813,23.91862,27.829708,28.578346,33.346954,29.55006,26.475168,24.33366,20.548397,16.816687,15.761868,12.541095,9.939232,5.256311,6.315117,4.795261,0.0,3.5030584,3.4991074,7.7774496,8.699931,13.267949,12.238209,20.462845,21.402845,26.28369,26.979824,29.655907,33.09735,33.881756,35.37959,30.497597,27.188263,24.700607,22.804914,18.144331,16.140987,13.610049,11.848337,12.374534,11.603617,14.598655,15.18267,17.896154,17.90627,21.532959,24.282131,24.232628,24.38498,24.14618,27.139112,30.974915,30.857588,30.029688,24.655811,25.949883,22.647018,25.822163,19.782831,24.77864,22.607628,19.45565,20.741636,20.221914,24.57324,25.432268,23.411892,27.59198,26.627773,31.986889,32.582756,34.17488,38.303257,37.66866,36.431065,32.993973,28.86005,25.98841,24.03796,21.698267,19.520416,15.295978,15.965051,12.924579,15.986404,13.389489,16.37397,16.567347,15.552975,18.841682,18.02385,21.518175,21.976496,24.418861,27.874971,30.076603,31.723965,29.10429,33.05713,26.88308,30.46152,27.73255,31.01378
24,18.481236,16.720726,19.285671,15.308259,17.745201,19.827682,20.738245,24.20353,24.419165,28.538687,29.321167,34.386463,31.031448,28.092058,25.933626,21.853403,18.434227,16.50238,14.260728,10.135937,7.097022,6.8607507,7.0392585,3.5030584,0.0,3.1900265,6.541015,9.143893,13.3652935,13.654096,21.266756,23.148731,27.372112,28.825642,31.173988,34.586693,35.179375,36.51746,31.452787,27.967007,25.657822,23.234474,18.627724,16.090961,13.706508,10.829799,10.149625,10.020305,12.6108,14.121883,16.889069,17.422804,21.513065,23.759066,24.553215,24.81573,24.138346,27.222143,30.736628,30.483515,29.135553,23.798265,24.4581,20.9213,23.698849,17.337072,22.04601,19.602596,16.344353,17.706394,17.635763,21.887756,23.12741,21.615187,25.953934,25.38976,30.786499,31.814173,33.62262,37.702602,37.490364,36.377697,32.931587,28.67884,25.606756,23.272474,21.186699,18.14686,13.961736,13.740089,10.305793,12.866095,10.019733,13.178103,13.767968,13.452124,16.521461,16.383944,19.461403,20.76043,22.867863,26.773462,29.228565,30.485277,27.629217,31.337587,24.987541,28.208158,25.31392,28.293625
25,20.682165,18.87355,20.845844,16.65661,18.872335,20.311459,21.074638,24.142277,23.890837,27.998068,28.223124,33.296986,29.765478,26.654902,25.06646,20.800447,17.88111,15.922609,13.961805,10.420239,7.20099,8.524511,8.187238,3.4991074,3.1900265,0.0,5.7268443,7.2718897,11.598712,11.397071,19.211296,20.893368,25.236073,26.587355,28.729551,32.318096,32.685085,33.860313,28.857613,25.440414,22.804152,20.749514,15.7980175,13.752389,10.822345,8.988448,8.962672,8.216759,11.478418,11.9383745,14.549562,14.728438,18.644888,21.108171,21.539877,21.803654,21.321459,24.465944,28.080463,28.016186,26.819656,21.628073,22.597332,19.222176,22.354515,16.394802,21.480019,19.52061,16.494102,17.771856,17.112438,21.484543,22.30654,20.505936,24.626005,24.015837,29.256586,30.43995,31.831865,36.10307,35.820526,34.920883,31.70865,27.343033,24.583363,22.226475,20.49085,17.537188,13.784548,14.14062,11.165385,14.430317,11.883132,15.461315,15.810922,15.504592,18.167805,17.405815,20.191465,21.289108,22.843752,26.557627,28.783802,30.007269,27.324875,30.804405,24.57885,27.946472,24.970398,28.263819
26,20.411854,17.467403,18.976511,14.09231,15.323641,16.79835,16.653872,20.348122,19.375574,23.672632,23.83714,29.222054,26.371248,23.553543,22.036535,17.367344,15.347227,12.003927,12.166778,7.1284714,7.6294885,8.849235,10.946549,7.7774496,6.541015,5.7268443,0.0,4.289102,7.311414,9.41686,15.577686,18.682817,21.851664,24.332386,26.209501,29.45603,29.918898,31.252571,26.033968,22.402534,20.828707,17.54569,13.881346,10.343126,9.862501,5.1629133,7.883835,9.536517,13.144194,13.32883,14.720528,14.529831,19.251526,20.412983,21.628296,20.936863,19.68771,22.236034,25.784359,25.004585,24.272392,18.271496,19.710497,16.657698,20.136778,15.413888,19.63194,18.12295,14.942643,15.152639,13.606423,17.915823,18.317858,15.869879,20.14761,19.088171,24.566645,25.28476,27.183565,31.186497,31.003056,29.959002,26.612179,22.257545,19.252382,16.788078,15.033912,11.890894,8.079626,8.890672,6.787246,11.147707,10.0184145,13.372111,12.576504,12.121376,13.902635,12.419103,14.861534,15.906754,17.13496,20.85922,23.147436,24.319452,21.623264,25.314959,19.145382,22.821146,20.270678,23.868664
27,21.392565,18.72127,19.206358,14.500823,15.622105,15.843634,15.923264,18.536348,17.348965,21.452139,21.134174,26.317167,23.025246,19.982843,18.956852,14.250804,12.676043,9.808721,10.000396,7.023328,7.2595453,10.034406,11.452505,8.699931,9.143893,7.2718897,4.289102,0.0,4.58861,5.138753,12.125508,14.534348,18.252665,20.224207,22.283407,25.610718,26.19824,27.700693,22.599787,19.100594,17.477348,14.603697,11.122789,8.065733,8.191171,5.561272,10.490232,11.344744,15.423102,14.241741,15.136788,13.999367,18.221848,19.661772,19.882517,18.674837,17.83296,20.065575,24.078804,23.346931,23.544346,17.405092,19.999094,17.521616,21.622793,17.825888,22.236824,21.302006,18.398125,18.40749,16.101795,20.334944,19.981766,16.674164,20.488197,18.747707,24.050438,24.136375,25.633482,29.723938,28.984098,27.86845,24.638252,20.362242,17.784023,15.86082,14.003349,12.338671,9.123815,11.547885,10.494973,15.1213875,14.285704,17.485037,16.268248,15.119028,16.831097,14.274849,16.8861,16.67593,17.897896,20.789646,22.574965,24.206703,21.97671,25.825108,20.14096,24.30153,22.090982,26.143375
28,24.013521,20.826027,20.676807,15.8563385,15.927325,15.518519,14.594974,17.09167,14.64292,18.747206,17.665958,23.107197,20.37791,17.533598,17.319899,12.240942,12.547864,8.615962,11.411025,8.904057,11.20345,13.740128,15.738848,13.267949,13.3652935,11.598712,7.311414,4.58861,0.0,5.1585054,8.312597,12.328342,14.612099,17.750717,19.2337,22.345951,22.79218,24.29064,19.067266,15.438941,14.773058,10.907618,9.135692,5.016191,8.382086,5.6897445,12.021183,13.641173,17.612494,15.871264,15.664461,14.025439,18.276608,18.663116,19.196028,17.108286,15.758304,17.243065,21.216087,19.951096,20.888075,14.29995,17.757605,16.025705,20.453556,18.284729,21.965708,21.749338,19.157625,18.414547,15.214125,19.015545,17.8729,13.745798,17.141802,14.771268,19.99742,19.639032,21.165981,25.177805,24.405998,23.359766,20.261122,15.875032,13.503192,11.586383,10.26313,9.165606,7.5084715,10.893056,11.417183,16.129477,16.280205,19.216185,17.4155,16.335756,16.983198,13.655692,15.352059,14.717981,14.893227,17.26216,18.718681,20.286798,18.371,22.095022,16.905247,21.370398,19.64142,24.052624
29,23.82433,21.472303,20.858826,16.63641,17.447594,16.211231,16.434883,17.486475,15.9291935,19.531536,18.423529,23.188215,19.370396,16.05195,15.994448,11.45311,11.043267,9.2634,9.772044,9.886014,10.040698,13.529098,14.269718,12.238209,13.654096,11.397071,9.41686,5.138753,5.1585054,0.0,8.576628,9.568805,14.1103945,15.284263,17.555777,20.981169,21.722427,23.453098,18.596903,15.392061,13.825206,11.736625,9.121298,7.515523,8.724177,8.9633,14.579126,14.888029,19.061207,16.715601,16.942455,14.854615,18.135984,19.71157,18.704525,16.76223,16.49089,18.086576,22.550484,21.867355,23.282917,17.289188,21.106293,19.428637,23.97722,21.3079,25.700886,25.348818,22.745958,22.537432,19.619865,23.607517,22.511152,18.49163,21.559982,19.126152,23.93666,23.240253,24.153097,28.239336,26.803797,25.646591,22.699562,18.69383,16.882723,15.788297,14.072763,14.234592,12.119619,15.488877,15.2216,19.94846,19.379683,22.470036,20.930237,19.341675,20.846104,17.494936,20.00675,18.645605,19.660831,21.469025,22.55727,24.629025,23.037157,26.873894,21.963572,26.466808,24.68436,29.093899
30,29.303772,26.288786,24.718397,20.655493,19.91664,17.610415,16.316988,16.424349,12.572081,15.418072,12.211862,17.094814,14.440875,11.689019,13.991259,9.600186,13.268762,10.727615,14.728129,15.219765,17.667698,20.642498,22.280102,20.462845,21.266756,19.211296,15.577686,12.125508,8.312597,8.576628,0.0,6.398143,6.3028097,10.492325,11.321773,14.127943,14.7588,16.767244,11.795612,8.553146,10.123354,6.415086,9.529966,8.2233305,13.029273,13.218858,19.465225,20.699738,24.60806,21.737417,20.496847,17.860981,20.692978,20.460512,19.764141,16.218046,15.274792,14.815915,19.036716,17.302937,20.696634,14.649283,19.962252,19.86707,24.573458,24.524431,27.65103,28.35258,26.267447,25.055199,21.129004,24.111025,21.788965,16.799297,18.407276,14.738142,18.540272,16.27665,16.877104,20.568432,18.525646,17.393297,14.950482,11.199841,10.801204,10.892081,10.547706,13.012396,13.678686,17.638912,19.181967,23.728352,24.379293,27.029396,24.75062,23.225973,23.308302,19.112106,20.189896,17.91753,17.28815,17.336123,17.271666,19.405483,18.910473,22.281015,19.104132,23.81382,23.163834,27.890905
31,29.951788,27.782934,25.63834,22.35299,22.236458,19.113234,19.04199,17.42444,14.962814,16.795904,13.834964,17.123154,12.833988,9.437133,12.522034,9.698243,12.833611,12.846905,14.7164135,17.450056,18.472715,21.916508,22.566916,21.402845,23.148731,20.893368,18.682817,14.534348,12.328342,9.568805,6.398143,0.0,6.7962227,5.7183022,8.657238,11.804672,13.313385,15.953217,12.101746,10.246983,10.704868,10.331835,12.117562,12.635314,15.589468,17.207863,23.21478,23.543577,27.599447,24.339174,23.525965,20.603786,22.416782,23.331905,21.020136,17.675438,18.010271,17.608156,22.144913,21.1512,24.922955,19.661398,25.002865,24.787855,29.578445,28.88177,32.691776,33.171608,30.963406,30.211575,26.54426,29.859022,27.718115,22.901766,24.496078,20.994663,24.39482,21.864338,21.841726,25.295856,22.437311,21.100054,18.982422,16.261509,16.324883,17.10336,16.001205,18.960728,18.620497,22.69979,23.553246,28.269873,28.346922,31.118574,28.987099,26.95193,27.831348,23.589048,25.572489,22.692661,23.155363,22.886845,22.577847,25.240557,24.96191,28.543432,25.457119,30.199863,29.43067,34.14765
32,33.98507,31.160904,28.877787,25.411776,24.338444,21.19404,19.87891,18.423286,14.306267,15.489555,10.764759,14.063375,11.793686,9.724973,14.232542,11.675918,16.619957,15.322616,19.203255,20.876108,23.257195,26.325253,27.762547,26.28369,27.372112,25.236073,21.851664,18.252665,14.612099,14.1103945,6.3028097,6.7962227,0.0,6.6108966,6.024456,7.967893,9.07096,11.911435,7.9860916,6.5278563,10.4438,8.777984,13.803933,13.92243,18.406193,19.397024,25.52259,26.57672,30.410025,27.112747,25.483084,22.537079,24.41745,23.89373,22.455338,18.360622,17.876278,16.085629,19.915142,18.036537,22.9012,17.930803,23.7233,24.478085,29.09447,30.04501,32.86128,33.979294,32.13944,30.747578,26.609005,29.134146,26.337011,21.263615,21.773556,17.770657,20.075283,16.51634,16.17304,19.09146,15.834047,14.667333,13.306581,11.177155,12.710051,14.231257,14.459184,18.144693,19.473896,23.478415,25.323263,29.777279,30.61291,33.12711,30.652506,28.925968,28.7935,24.347193,25.152998,22.197033,21.28668,19.949545,18.82792,21.169247,21.693989,24.572393,22.893173,27.429197,27.425735,32.126125
33,34.23892,32.210476,29.484236,26.72788,26.265623,22.544605,22.379812,19.599874,17.036972,17.492878,13.7272005,15.209824,11.082543,8.531891,13.422806,12.498167,16.525497,17.233923,19.287014,22.641882,23.859694,27.231375,27.844522,26.979824,28.825642,26.587355,24.332386,20.224207,17.750717,15.284263,10.492325,5.7183022,6.6108966,0.0,5.003795,6.964403,9.601907,13.067833,10.931453,10.85792,12.692666,13.406996,16.622566,17.65399,20.822681,22.68452,28.715382,29.04943,33.039818,29.52851,28.396734,25.29316,26.477406,27.085188,24.333838,20.636585,21.224983,19.8753,24.016972,22.92334,27.67744,23.097658,28.784002,29.170443,33.918243,33.986595,37.521446,38.30995,36.258003,35.312263,31.433102,34.42463,31.918295,26.952076,27.844934,24.051619,26.520426,23.096764,22.533546,25.297209,21.62238,20.218405,18.887394,17.411882,18.54739,20.197752,19.446095,23.288956,23.52885,27.710611,28.903307,33.56425,33.863937,36.493126,34.153244,31.957972,32.607258,28.132511,29.878777,26.465298,26.718824,25.479446,24.460764,27.29671,27.71151,31.021082,28.953794,33.633755,33.359722,38.092747
34,38.211193,35.838203,33.38656,30.212889,29.4992,26.07089,25.274012,23.083532,19.593029,20.109518,15.381176,16.95665,14.190535,12.294105,17.544195,16.069176,20.557386,20.283615,23.098059,25.54474,27.002207,30.402115,31.152927,29.655907,31.173988,28.729551,26.209501,22.283407,19.2337,17.555777,11.321773,8.657238,6.024456,5.003795,0.0,4.355867,4.819821,8.089764,6.4759097,7.7251453,10.483532,11.908941,16.229067,17.901169,21.274754,23.63148,29.448019,29.854418,33.611637,29.750933,28.017017,24.78687,25.487926,25.394789,22.739088,18.686861,19.184172,17.025461,20.669174,19.553684,24.887598,21.173311,26.978882,28.021008,32.614815,33.755814,36.879894,38.190784,36.538853,35.401447,31.272749,33.830402,30.933136,26.085579,26.181467,22.585299,24.084473,21.04622,19.492506,22.261919,18.72022,18.208532,17.954998,16.567482,18.599958,20.037882,20.462786,23.81651,24.974995,28.924006,30.436451,35.014603,35.493744,38.291183,36.040962,34.303917,34.467144,30.07739,31.042599,28.145866,27.249123,25.87556,24.557625,26.744396,27.468798,29.849632,28.443668,32.76135,32.56466,37.253746
35,40.088676,37.681618,34.81694,32.004997,30.934351,27.172075,26.2261,23.417583,19.914865,19.505337,14.5770035,14.775094,12.903899,12.093483,17.714113,17.248648,22.207432,22.19466,25.342226,28.09561,30.016287,33.246933,34.25041,33.09735,34.586693,32.318096,29.45603,25.610718,22.345951,20.981169,14.127943,11.804672,7.967893,6.964403,4.355867,0.0,4.6178412,8.78938,8.995264,10.835511,14.533634,15.315646,20.220377,21.405313,25.23787,27.062586,33.05977,33.73123,37.524673,33.80837,32.024536,28.843544,29.681355,29.291203,26.872524,22.721241,22.993792,20.464468,23.691559,22.195826,27.908937,24.243217,30.10611,31.370821,35.88747,37.349125,40.162853,41.53272,39.854317,38.493755,34.28603,36.614914,33.579163,28.608007,28.429316,24.522379,25.576286,21.519974,20.140923,21.98824,17.7753,16.861107,17.037683,16.849392,19.348846,21.498678,21.83936,25.972284,27.371262,31.42324,33.24149,37.722076,38.490158,41.01104,38.484966,36.5391,36.49236,31.922905,32.78243,29.38101,28.562613,26.43064,24.646446,27.062283,28.277851,30.684486,30.038132,34.338375,34.664394,39.289677
36,42.625546,40.042187,37.59765,34.333073,33.334774,29.966381,28.74742,26.668962,22.69886,22.859203,17.630814,18.613655,17.08271,15.944535,21.424593,20.107365,24.954851,24.282364,27.593931,29.640959,31.383839,34.722626,35.62857,33.881756,35.179375,32.685085,29.918898,26.19824,22.79218,21.722427,14.7588,13.313385,9.07096,9.601907,4.819821,4.6178412,0.0,4.180745,5.668288,8.742642,12.26649,13.915601,18.954615,20.836914,24.378744,26.838713,32.450474,32.98689,36.528473,32.508137,30.329527,27.093525,27.397749,26.624119,24.177969,19.966156,20.306528,17.337872,20.099218,18.859322,24.778694,22.050653,27.800888,29.479044,33.817455,35.948696,38.58198,40.322838,38.9957,37.640533,33.348125,35.423805,32.194416,27.50254,26.792345,23.344923,23.697218,20.663189,18.238113,20.469482,16.857298,17.12367,18.0983,17.400776,20.245398,21.765633,22.997234,26.230026,28.103748,31.864708,33.696743,38.1268,38.83653,41.623863,39.34868,37.85605,37.604652,33.247574,33.611073,30.91284,29.237051,27.467386,25.747448,27.45459,28.632898,30.194998,29.709238,33.637306,33.731415,38.28802
