,0,1,2,3,4,5,6,7,8,9,10,11,12,13,14,15,16,17,18,19,20,21,22,23,24,25,26,27,28,29,30,31,32,33,34,35,36,37,38,39,40,41,42,43,44,45,46,47,48,49,50,51,52,53,54,55,56,57,58,59,60,61,62,63,64,65,66,67,68,69,70,71,72,73,74,75,76,77,78,79,80,81,82,83,84,85,86,87,88,89,90,91,92,93,94,95,96,97,98,99,100,101,102,103,104,105,106,107,108,109,110
0,0.0,4.3046365,6.3984404,9.486235,11.946731,14.359353,17.298716,21.234509,24.164713,27.01512,30.185547,31.494156,28.51065,27.4745,22.572107,22.081799,17.640335,17.797228,15.13733,13.884255,14.904941,10.680038,15.854006,18.589048,19.489525,19.670475,23.96922,23.56873,19.783886,21.674574,21.60139,22.41149,27.937723,25.085651,29.746853,30.901407,33.22519,33.588997,29.215796,25.587997,30.706305,27.071981,27.656668,28.108997,28.345657,27.661692,25.848186,28.742655,31.701649,33.415695,32.787537,36.943474,37.356476,39.854836,38.950108,42.782825,39.15891,41.45232,42.61152,42.594826,39.0787,40.18631,35.96259,35.347843,33.688084,31.691164,33.097298,28.871841,29.472109,24.569794,22.81689,26.282124,26.463114,29.1712,31.92956,31.083658,35.28385,36.0468,38.458828,41.12896,39.65642,36.173923,33.805397,31.120316,29.78449,26.43433,26.042889,21.33716,20.246422,19.564106,16.840078,17.0856,15.985326,20.277422,22.11494,23.483564,27.878674,27.35395,33.197014,34.831173,39.199123,39.131355,43.153294,46.18415,43.530922,40.664196,38.9923,33.2613,33.160088,28.772387,28.035728
1,4.3046365,0.0,5.277574,6.461936,8.619008,12.143887,14.022131,18.854437,21.050602,24.281822,27.094503,28.864405,26.289381,24.975842,20.281216,18.999842,14.842564,14.202474,11.88713,9.805501,11.18968,7.270568,12.918175,15.195071,16.552412,16.380085,20.396797,19.838991,15.570847,17.678043,17.431887,18.770262,24.327366,22.105852,26.508923,28.052223,30.453682,30.471582,26.22028,22.459871,27.13031,23.337452,23.620956,24.14793,24.119001,23.596684,21.761513,24.83958,27.797365,29.481411,28.755835,33.007843,33.532654,35.89417,34.797047,38.577896,34.887665,37.154114,38.32565,38.374626,34.850124,36.101437,31.889067,31.484941,30.001215,28.196339,29.835667,25.767591,26.625776,21.75939,19.504696,22.575222,22.687208,25.09766,27.89537,26.87219,31.12039,31.971004,34.389187,37.15021,35.716843,32.146854,30.05768,27.1954,25.806768,22.367308,22.052008,17.187325,16.382627,15.898719,13.549092,14.324781,12.795258,16.765368,18.827326,20.058043,24.520784,24.011217,29.84302,31.414135,35.643787,35.353672,39.52996,42.539715,39.96183,37.1992,35.61699,29.838966,30.14681,25.752615,25.526665
2,6.3984404,5.277574,0.0,5.250197,6.5755644,8.50843,11.487247,14.977478,18.18681,20.737772,24.28772,25.40086,22.49921,21.781694,16.844355,16.826748,12.807521,13.142663,12.177183,11.336002,14.089268,11.410146,17.2102,19.319054,21.253876,20.586859,24.351097,23.506445,17.963839,19.934128,18.451307,19.986637,23.908733,21.422707,25.814095,26.712635,29.68748,30.20531,26.234684,22.990475,27.682934,24.931213,24.71446,26.414267,25.807453,26.417635,24.562336,28.101517,30.943506,32.332657,31.08132,35.416794,35.581287,37.38666,36.241898,39.713863,35.833607,38.206833,38.82606,38.58476,35.03587,36.260414,32.423836,31.632269,30.991392,28.363949,30.307858,26.137857,27.865702,22.691496,20.006428,23.57144,22.71282,26.120148,27.670908,27.10531,30.885801,31.219297,33.577164,35.98233,34.518246,31.24987,28.3125,25.962957,24.824587,21.70584,21.701298,18.085321,17.31165,17.858828,15.1855135,14.638372,11.730014,15.714637,16.786064,17.792356,22.16726,21.398891,27.251507,29.065735,33.42845,33.79231,37.625774,40.778637,38.277313,35.325066,34.186367,28.151884,28.030561,23.811724,22.907696
3,9.486235,6.461936,5.250197,0.0,3.8173058,6.165688,8.703142,13.033691,15.153193,18.560745,20.96599,22.66155,20.058336,18.550758,13.925495,12.660313,8.440195,8.423831,6.971167,6.7806344,9.834701,8.685137,14.050707,16.00232,19.025785,18.752865,21.481628,19.945759,14.031283,15.2726345,13.769598,14.792879,18.878624,16.446665,20.819891,22.03404,24.832806,25.121347,21.126242,17.799368,22.449833,19.804222,19.73766,21.665184,21.350962,22.480286,21.195654,24.797382,27.783958,29.427732,28.28709,32.811382,33.487988,35.07248,33.28916,36.56706,32.335617,34.40286,34.977417,35.23304,31.589663,33.582127,29.881565,29.729551,29.565353,27.434319,29.82693,26.036085,28.06062,23.13334,19.682562,22.256033,21.159111,23.680763,25.081114,23.801537,27.530817,27.75476,29.859262,32.453327,30.63814,27.33622,24.80405,22.331745,21.72434,18.061323,19.243153,15.50619,15.803631,16.771372,15.10039,15.566794,11.775558,14.683376,15.734576,15.776579,20.413637,18.78579,24.988968,27.060734,30.888287,31.215214,35.365856,38.61593,36.47094,33.716927,33.112457,26.845282,27.563156,23.479305,23.37393
4,11.946731,8.619008,6.5755644,3.8173058,0.0,5.3955398,5.4214635,10.721637,12.474919,15.75334,18.63962,20.501041,18.349525,17.16843,12.737442,11.350571,8.289649,7.1388736,8.406968,7.111712,11.186844,10.772099,15.91961,17.036816,19.902458,18.738531,21.42,20.084112,13.352155,15.271033,12.684549,15.194227,18.100956,16.76577,20.542288,21.895222,25.16464,25.251154,21.70656,18.586775,22.340736,19.960423,18.97465,21.45395,20.177412,21.791473,20.134481,24.047445,26.770319,28.01333,26.43813,30.915808,31.24113,32.505955,30.864319,34.02785,29.877804,32.152866,32.523987,32.403717,28.806715,30.48668,26.911383,26.489979,26.686853,24.195425,26.74805,23.013277,25.532898,20.590225,16.803453,19.474564,17.90501,20.978811,21.852573,20.995417,24.587498,24.776873,27.051285,29.511871,27.991386,24.687195,21.920744,19.449657,18.509727,15.209094,15.961078,12.930785,13.151739,14.794194,13.1692705,13.148339,8.586885,11.116617,11.930355,12.097753,16.707342,15.517099,21.541134,23.455076,27.490902,27.762486,31.817394,35.035316,32.79651,29.994991,29.373354,23.086676,23.756006,19.706837,19.67572
5,14.359353,12.143887,8.50843,6.165688,5.3955398,0.0,6.0275855,7.2970304,10.647784,13.317024,16.255716,17.179262,14.2162075,13.274615,8.355677,8.958483,5.6507597,7.5783644,9.0885315,10.686495,14.398777,14.537766,19.426037,20.99858,24.473616,23.788845,26.000513,24.14833,17.32094,18.12062,15.192648,16.280487,17.484755,14.98215,18.946829,19.257336,22.83388,23.71528,20.382975,18.048498,22.25686,21.26745,20.51376,23.907892,22.926968,25.499287,24.393757,28.3336,31.09965,32.414368,30.74179,35.26984,35.67189,36.483532,34.470055,37.205997,32.727455,34.76238,34.584305,34.639397,31.02939,33.236217,30.191734,29.812918,30.87069,28.037025,30.878273,27.273674,30.289257,25.332376,21.359873,23.95276,21.673588,24.921295,24.585854,23.688585,26.580412,26.019781,27.858963,29.963127,27.988586,25.203588,21.657188,20.018705,20.095304,16.905704,19.010729,17.226809,17.893484,19.969141,18.401638,17.881166,12.841894,14.700212,14.167214,13.176179,17.505089,14.940725,21.204062,23.748255,27.393179,28.643545,32.382004,35.825077,33.99583,31.137417,31.41753,24.887383,25.43568,21.857994,21.284992
6,17.298716,14.022131,11.487247,8.703142,5.4214635,6.0275855,0.0,6.733826,7.251287,10.627899,13.553049,15.630042,14.159109,13.16521,9.517143,7.9402347,7.4022017,5.6932507,10.216885,9.731385,14.037975,15.107957,19.431297,19.829529,23.115925,21.495014,23.299467,21.680504,14.251317,15.846678,11.824113,15.105625,15.405836,15.243154,18.044548,19.25549,23.103485,23.149183,20.406757,18.010311,20.603771,19.414738,17.424469,21.15111,18.95351,21.941366,20.47974,24.648361,27.043486,27.908672,25.822178,30.244307,30.402523,30.862673,28.905762,31.531311,27.177742,29.419298,29.176632,28.888103,25.32648,27.262585,24.29524,23.873055,25.321987,22.471018,25.566187,22.300478,25.780388,21.149824,16.69758,18.756979,16.014233,19.363235,18.589905,17.953438,20.823908,20.4532,22.588947,24.75864,23.237595,20.197193,16.858034,14.786603,14.263575,11.352412,13.073476,12.202358,13.201393,16.02897,15.132824,14.699058,9.242515,9.511021,8.786448,7.477904,12.041197,10.145069,16.302906,18.489594,22.318964,23.023396,26.94994,30.29866,28.346142,25.563015,25.726639,19.197458,20.222544,16.678207,16.931034
7,21.234509,18.854437,14.977478,13.033691,10.721637,7.2970304,6.733826,0.0,5.4050074,6.250885,10.382891,10.591173,8.172792,8.5491085,5.059242,7.65743,8.697981,9.966908,14.164553,15.590317,19.61784,20.759628,25.139439,25.929388,29.561157,28.188208,29.791346,27.863804,20.466496,21.222027,17.020452,18.99261,16.84,15.875885,18.247997,17.982344,22.379826,23.369991,21.312805,20.099154,22.684011,23.222725,21.301441,25.941252,23.856705,27.733978,26.667467,30.826977,33.140915,33.910824,31.620651,35.9409,35.95281,35.80503,33.65623,35.679905,31.170158,33.19539,32.172176,31.819845,28.423676,30.63779,28.495213,27.872555,30.347841,26.940083,30.221855,27.154778,31.191122,26.599615,22.209759,24.37573,20.918034,24.666824,22.30386,22.032875,23.739317,22.35037,23.908281,25.322577,23.477364,21.374817,16.7606,16.236996,16.930542,14.916373,17.630426,18.384739,19.420866,22.502062,21.406929,20.225584,14.69714,14.614057,12.287497,9.902947,13.013459,9.504493,15.269172,18.213364,21.540043,23.717312,26.881235,30.435713,28.994104,26.13653,27.471848,20.9521,21.508442,18.872568,18.191275
8,24.164713,21.050602,18.18681,15.153193,12.474919,10.647784,7.251287,5.4050074,0.0,4.6543164,6.3740854,8.72204,8.58063,7.7379026,6.9243064,6.014239,9.542242,9.024058,14.342149,15.315285,19.126884,21.329086,24.808949,24.858574,28.710415,27.146654,27.856,25.744192,18.398075,18.880226,14.172516,16.773584,13.119077,14.083348,15.186192,15.648362,20.101328,20.393417,19.007467,18.064194,19.19306,20.172474,17.501373,22.627628,19.991144,24.582544,23.818304,27.920378,29.972502,30.584719,28.168596,32.384613,32.58868,31.998543,29.42501,31.082485,26.421688,28.259426,27.008394,26.841936,23.461813,26.197458,24.423859,24.30039,27.433935,24.481222,28.097403,25.633715,29.916805,25.858887,21.093765,22.15383,18.379862,21.307398,18.237566,17.596159,18.839554,17.210257,18.59384,20.111435,18.147661,15.989157,11.513123,10.968598,12.302404,10.395888,14.305211,16.091349,17.937546,21.391388,21.209759,20.639233,15.2388,13.640347,11.23468,7.5456886,10.139568,5.2649355,11.45773,14.577801,17.2758,19.242456,22.768757,26.364662,25.25262,22.681503,24.53334,18.047155,19.66096,17.448666,17.95693
9,27.01512,24.281822,20.737772,18.560745,15.75334,13.317024,10.627899,6.250885,4.6543164,0.0,6.2246666,6.372441,6.862481,8.213632,8.528785,10.006783,13.3168,13.484225,18.61549,19.625729,23.585905,25.441637,29.245619,29.34713,33.00904,31.176517,32.12818,30.196842,22.796751,23.494247,18.715397,21.361698,16.985788,17.863022,18.54141,18.2522,22.892138,23.566936,22.691725,22.236444,23.121323,24.627323,21.794073,27.068403,24.134731,28.844868,27.888803,32.023163,33.873245,34.18114,31.48543,35.48456,35.25983,34.275528,31.979399,33.296665,28.88438,30.806934,29.089304,28.422604,25.33574,27.585579,26.359816,25.718065,29.38749,25.852282,29.441236,27.10225,31.773449,27.790937,23.221573,24.598597,20.425938,24.045103,20.033445,20.224781,20.694874,18.601015,19.810482,20.549725,18.94918,17.560106,12.227835,12.922467,14.229847,13.649042,16.738749,19.532099,20.942837,24.555527,24.092669,22.821072,17.514069,15.774601,12.53686,9.132559,10.016463,5.6258883,9.924292,13.246596,15.924029,18.86678,21.53197,25.141459,24.174973,21.489084,23.909424,17.703596,18.663195,17.200306,17.004906
10,30.185547,27.094503,24.28772,20.96599,18.63962,16.255716,13.553049,10.382891,6.3740854,6.2246666,0.0,4.527342,7.345444,6.472553,9.675025,9.265342,13.934771,13.952651,18.841625,20.515965,23.809439,26.680452,29.462605,29.298695,33.51178,32.139515,32.00469,29.535528,22.659924,22.26239,17.672756,19.329268,12.955854,14.838111,14.005213,13.658385,18.178123,18.629803,18.735533,19.187078,18.872013,21.66563,18.817799,24.577908,21.966728,27.461805,27.356598,31.199278,32.985367,33.4947,31.02466,34.9749,35.37065,34.039116,30.924025,31.701597,26.908453,28.17464,26.106716,26.295412,23.258545,26.803476,26.10936,26.444208,30.625452,27.940086,31.783068,29.98566,34.56962,30.995708,26.159298,26.42418,22.347002,24.482944,20.145494,19.277617,19.016584,16.339832,16.601856,17.357922,14.764812,13.925122,9.041699,10.599635,13.742294,12.8627405,17.858423,20.764965,23.09231,26.686188,26.984068,26.559175,21.318987,19.064352,16.37,12.331628,12.9169855,7.3936543,10.708088,14.293205,14.972011,18.0843,21.0389,24.68123,24.592258,22.502735,25.79512,19.91581,22.05065,20.993423,21.797647
11,31.494156,28.864405,25.40086,22.66155,20.501041,17.179262,15.630042,10.591173,8.72204,6.372441,4.527342,0.0,4.4725804,5.9223437,9.680866,11.589805,15.656375,16.72326,21.262068,23.39993,26.85412,29.308115,32.548428,32.771725,36.98397,35.671307,35.92241,33.476654,26.441631,26.087421,21.586496,22.811028,16.63994,17.286514,16.854923,15.42419,19.985039,21.205732,21.354324,22.119823,22.457054,25.51431,23.027288,28.75767,26.367033,31.74281,31.527405,35.447792,37.313023,37.818233,35.291092,39.2441,39.437134,38.073654,35.1636,35.88607,31.210478,32.519592,30.279848,30.249203,27.359964,30.574461,30.025375,29.975342,34.212273,31.081745,34.837643,32.85399,37.56597,33.772285,29.070463,29.882336,25.684488,28.434797,23.931479,23.495836,23.102894,20.288183,20.450054,20.68656,18.272726,17.991808,12.839113,14.842766,17.667324,17.054195,21.496912,24.394781,26.357302,29.94922,29.80237,28.897045,23.514555,21.704222,18.637495,14.894044,15.243777,10.158799,12.699401,16.31354,17.004917,20.876022,23.078238,26.686981,26.703218,24.495804,28.034912,22.290762,23.716993,22.905334,22.926855
12,28.51065,26.289381,22.49921,20.058336,18.349525,14.2162075,14.159109,8.172792,8.58063,6.862481,7.345444,4.4725804,0.0,3.938518,6.415466,10.1694975,13.209786,15.31838,19.199299,21.856678,25.33026,27.323742,30.960293,31.707054,35.943863,34.93785,35.64315,33.17021,26.058365,25.680151,21.473486,22.114845,17.113619,16.173275,16.976603,15.13739,19.696411,21.450191,20.800018,21.256897,22.90052,25.528143,23.666637,29.122534,27.276865,32.219543,31.92399,35.913635,38.091557,38.874626,36.542343,40.72869,40.997437,40.115513,37.335423,38.50838,33.743835,35.179146,33.32733,33.39661,30.27964,33.383106,32.272827,32.092194,35.70755,32.454487,36.060112,33.584274,38.03103,33.811638,29.211256,30.615585,26.69099,29.764212,26.056055,25.491495,25.849052,23.412912,23.900223,24.53465,22.038803,21.242887,16.2364,17.459497,19.849764,18.467155,22.700829,24.614195,26.316277,29.65941,29.060837,28.059105,22.532736,21.603472,18.766489,15.397334,16.817327,11.8416605,15.778956,19.342522,20.852144,24.3944,26.840408,30.474598,30.09854,27.639555,30.562489,24.464767,25.451567,24.005825,23.503683
13,27.4745,24.975842,21.781694,18.550758,17.16843,13.274615,13.16521,8.5491085,7.7379026,8.213632,6.472553,5.9223437,3.938518,0.0,5.0424933,7.262054,10.784142,12.889925,16.478977,19.518713,22.62218,25.073616,28.21131,28.925304,33.429024,32.765476,33.047382,30.31347,23.486624,22.581427,18.635159,18.619753,13.444004,12.311549,13.093636,11.370398,15.969692,17.622383,16.865005,17.411394,19.090063,21.895866,20.319252,25.766764,24.343798,29.357965,29.437716,33.283413,35.570133,36.602123,34.523296,38.798794,39.469788,38.742466,35.62472,36.860046,31.887796,33.09151,31.442469,32.016773,28.76594,32.418808,31.13248,31.443438,34.86756,32.11856,35.788177,33.366325,37.575886,33.415966,28.674479,29.666466,25.999594,28.361343,25.11312,23.8836,24.480118,22.18174,22.535316,23.60317,20.680925,19.603004,15.234932,16.016083,18.785614,16.724138,21.694773,23.065388,25.172825,28.374935,28.09523,27.66498,22.141506,21.193083,18.844854,15.251546,17.248928,11.818525,16.485163,20.076654,21.325167,24.386663,27.37544,31.03136,30.728584,28.420265,31.223103,24.986734,26.543695,24.791996,24.848597
14,22.572107,20.281216,16.844355,13.925495,12.737442,8.355677,9.517143,5.059242,6.9243064,8.528785,9.675025,9.680866,6.415466,5.0424933,0.0,5.4627395,6.96344,9.835354,13.044278,16.017345,19.393297,21.148602,24.920767,26.016909,30.263939,29.630283,30.60871,28.117786,21.117058,20.725883,16.982672,17.224411,14.368741,12.182763,14.6940565,13.684885,18.001127,19.521244,17.533833,16.94534,19.946224,21.38642,20.153448,25.01469,23.779087,28.021225,27.684732,31.641972,34.158028,35.320892,33.35874,37.796738,38.359898,38.194084,35.464615,37.291817,32.42882,33.983875,32.873184,33.232475,29.778616,32.907288,30.928299,30.935493,33.55589,30.660902,34.084274,31.170809,35.04022,30.517416,25.976435,27.619188,24.324568,27.157173,24.876526,23.781975,25.296965,23.616041,24.606276,26.10395,23.52864,21.704449,17.450945,17.227217,18.995502,16.37127,20.483328,20.806662,22.456291,25.361837,24.59885,24.053764,18.535719,18.48984,16.549763,13.64131,16.707588,12.033716,17.795826,21.120264,23.483847,25.94513,29.24695,32.887447,31.955805,29.349794,31.2368,24.720837,25.830715,23.358664,23.049822
15,22.081799,18.999842,16.826748,12.660313,11.350571,8.958483,7.9402347,7.65743,6.014239,10.006783,9.265342,11.589805,10.1694975,7.262054,5.4627395,0.0,4.8770313,5.740386,9.742853,12.377144,15.464731,18.148104,21.110851,21.694494,26.168533,25.60879,25.925621,23.230785,16.384363,15.630499,11.797001,12.200305,9.48341,8.471414,10.875712,11.409569,15.491209,16.023136,13.793582,12.6427765,15.126394,16.140532,14.702939,19.605225,18.39535,22.78101,22.746548,26.592484,29.105104,30.402657,28.627129,33.10013,34.048508,33.981148,30.93196,32.83504,27.84409,29.241516,28.443987,29.213287,25.645136,29.217785,27.03916,27.625206,30.066938,27.869234,31.37171,28.72654,32.35761,28.147316,23.420721,24.263464,21.269373,23.095833,21.348825,19.523304,21.38255,20.061491,21.092434,23.153242,20.43965,18.064043,14.834924,13.732003,15.597073,12.201792,17.066362,16.932098,19.21647,22.054321,21.984146,22.27671,16.985178,16.390236,15.165093,12.027918,15.484714,10.82353,16.935524,20.016323,22.142836,23.746418,27.677797,31.24157,30.312624,27.943672,29.58928,23.107157,25.027895,22.355703,23.025984
16,17.640335,14.842564,12.807521,8.440195,8.289649,5.6507597,7.4022017,8.697981,9.542242,13.3168,13.934771,15.656375,13.209786,10.784142,6.96344,4.8770313,0.0,4.535199,6.0886707,9.569637,12.572639,14.457944,18.007734,19.33879,23.69196,23.579576,24.565474,21.99259,15.40886,14.837354,12.003956,11.661671,12.25858,9.341909,13.422344,13.98836,17.359606,18.094044,14.752117,12.615501,16.84084,16.520483,16.1047,19.934704,19.52109,22.79944,22.563444,26.324501,29.168512,30.783058,29.350914,33.95453,34.9736,35.55736,32.813023,35.241062,30.389048,31.934555,31.672537,32.444572,28.783348,31.992537,29.211012,29.637234,31.14166,28.99785,32.165,29.040415,32.10901,27.547035,23.160885,24.623665,22.286848,24.283028,23.765934,21.936207,24.578415,23.800003,25.15541,27.462973,24.913443,22.206936,19.281641,17.651222,18.710794,14.915911,18.726852,17.031218,18.80169,21.012272,20.41225,20.837011,15.790904,16.523893,16.06146,13.945267,18.135674,14.377589,20.77435,23.614683,26.345486,27.590204,31.639753,35.147205,33.827965,31.291756,32.20516,25.650501,27.136059,23.86842,24.159391
17,17.797228,14.202474,13.142663,8.423831,7.1388736,7.5783644,5.6932507,9.966908,9.024058,13.484225,13.952651,16.72326,15.31838,12.889925,9.835354,5.740386,4.535199,0.0,5.657891,6.727497,10.232604,12.744887,15.934664,16.440262,20.644817,20.017136,20.781757,18.370907,11.350829,11.416862,7.912718,9.583641,10.968928,10.305868,13.549424,15.345908,18.585865,18.349249,15.169239,12.420849,15.509055,14.170746,12.962064,16.648487,15.554571,18.760069,18.266802,22.156748,24.881577,26.352982,24.83523,29.432974,30.447151,31.084045,28.391285,30.972784,26.22471,27.9211,27.932175,28.602104,24.91313,27.952467,24.945415,25.514225,26.827433,25.004862,28.179981,25.24077,28.235178,23.928974,19.417788,20.403143,18.23686,19.83239,19.75067,17.766447,20.807735,20.495176,22.163826,24.77638,22.570742,19.401337,17.120754,14.74361,15.199346,11.119684,14.664046,12.655006,14.752671,17.06915,16.989754,17.880154,13.07337,13.191414,13.302809,11.379131,15.700181,12.696743,18.947481,21.359138,24.240053,24.731646,29.088299,32.453064,30.940546,28.511173,29.018057,22.604609,24.47668,21.0838,22.037418
18,15.13733,11.88713,12.177183,6.971167,8.406968,9.0885315,10.216885,14.164553,14.342149,18.61549,18.841625,21.262068,19.199299,16.478977,13.044278,9.742853,6.0886707,5.657891,0.0,5.2124352,6.804345,9.137709,12.015589,13.658483,18.178963,18.816849,19.667715,16.99526,11.429364,10.498562,9.566177,8.251368,13.049894,10.310448,14.744092,16.501778,18.67054,18.594042,14.4156275,10.871032,15.803235,13.422746,14.112589,16.296625,16.971182,18.906233,18.876404,22.22724,25.3696,27.46076,26.66728,31.298231,32.79655,34.080475,31.358679,34.257378,29.568092,31.011038,31.536722,32.690556,28.998207,32.206158,28.836596,29.682596,30.120676,28.825956,31.647959,28.496353,30.676218,26.302902,22.296312,23.389057,22.149109,23.090042,24.26259,21.835175,25.285105,25.30118,26.839203,29.674765,27.24089,24.027199,22.340437,19.850428,20.30249,15.970758,19.116629,15.562795,17.359802,18.600664,18.32359,19.846457,15.852271,17.144249,18.020988,16.738277,21.196701,18.339174,24.600283,26.982626,29.788172,30.099741,34.577263,37.88877,36.34244,33.96015,34.12935,27.82635,29.590841,25.906973,26.702837
19,13.884255,9.805501,11.336002,6.7806344,7.111712,10.686495,9.731385,15.590317,15.315285,19.625729,20.515965,23.39993,21.856678,19.518713,16.017345,12.377144,9.569637,6.727497,5.2124352,0.0,4.372435,6.3203707,9.725194,10.455241,14.280408,14.07243,15.549721,13.5531845,7.450306,8.617297,7.7644024,9.56531,15.152911,14.334646,17.953896,20.394867,22.666082,21.913017,18.033745,14.164541,17.774052,14.008835,13.842734,15.079056,14.894262,15.76836,14.856428,18.38322,21.454325,23.34565,22.499954,27.094343,28.36296,30.021662,27.784012,31.100256,26.810331,28.62885,29.615284,30.355423,26.717276,29.187437,25.354322,26.013615,25.704409,24.634998,27.172464,23.966545,25.752996,21.492628,17.714293,18.788666,18.184061,19.040554,21.263552,19.096241,23.160625,23.868774,25.908285,28.932907,27.121513,23.490347,22.25907,19.140902,18.476913,14.33186,15.914181,11.265281,12.7023945,13.516486,13.409103,15.463424,12.272833,13.697208,15.531044,15.207413,19.654041,18.130018,24.007837,25.787344,29.063948,28.57894,33.18402,36.26543,34.293934,31.924713,31.28044,25.290457,27.014097,23.063017,24.206682
20,14.904941,11.18968,14.089268,9.834701,11.186844,14.398777,14.037975,19.61784,19.126884,23.585905,23.809439,26.85412,25.33026,22.62218,19.393297,15.464731,12.572639,10.232604,6.804345,4.372435,0.0,4.8167763,5.7072263,6.9121466,11.418338,12.582707,13.3544035,10.949853,7.208045,7.050182,8.884395,8.737464,16.213316,15.139001,18.730186,21.492413,22.916443,21.851965,17.69818,13.472325,17.306656,12.54721,13.637654,13.315683,14.578682,14.294887,14.079383,16.869217,20.197905,22.631788,22.501043,26.98876,28.83475,30.893335,28.468222,31.894505,27.690725,29.167597,30.592043,31.842136,28.2809,31.055004,27.101767,28.250608,27.422314,27.117153,29.427002,26.430885,27.556015,23.685606,20.327356,20.824966,20.942139,20.69188,23.751656,21.042395,25.233944,26.207462,28.050411,31.287277,29.323338,25.655466,25.170078,21.922312,21.430992,17.156733,18.87178,13.651711,15.2104845,15.16188,15.521878,18.298334,15.999936,17.432669,19.591177,19.27401,23.576162,21.963324,27.706509,29.426413,32.374462,31.600409,36.360855,39.341736,37.4774,35.30174,34.552845,28.808092,30.787073,26.857237,28.248062
21,10.680038,7.270568,11.410146,8.685137,10.772099,14.537766,15.107957,20.759628,21.329086,25.441637,26.680452,29.308115,27.323742,25.073616,21.148602,18.148104,14.457944,12.744887,9.137709,6.3203707,4.8167763,0.0,5.8190236,8.276732,10.90054,12.028701,14.633568,13.354549,10.369961,11.575061,13.002494,13.433745,20.57219,18.900389,22.936262,25.28575,26.904388,26.217054,21.891006,17.72807,22.029156,17.337,18.337267,17.759914,18.73684,17.608356,16.588495,19.212,22.45962,24.73296,24.632935,28.968197,30.392433,32.88864,31.119215,34.865726,31.009617,32.80384,34.367775,35.18093,31.657131,33.7137,29.466393,30.053572,28.52181,27.894238,29.761776,26.312943,26.922123,22.745535,20.060467,21.51472,22.07648,22.634556,26.151209,24.059994,28.476711,29.603598,31.73809,34.882633,33.176014,29.45193,28.51186,25.269716,24.252901,20.259872,20.85063,15.2073765,15.626546,14.846795,14.210729,16.740952,15.235454,17.832144,20.30229,20.787497,25.24003,24.211794,30.036707,31.618532,35.1326,34.354393,38.972103,41.917835,39.689274,37.304768,35.99668,30.315363,31.671034,27.441956,28.314533
22,15.854006,12.918175,17.2102,14.050707,15.91961,19.426037,19.431297,25.139439,24.808949,29.245619,29.462605,32.548428,30.960293,28.21131,24.920767,21.110851,18.007734,15.934664,12.015589,9.725194,5.7072263,5.8190236,0.0,4.030268,7.552825,10.700942,11.474656,9.695182,10.128742,9.988912,13.50865,12.757266,20.959932,19.803926,23.264923,26.16245,26.894642,25.602463,21.372396,17.10471,20.780794,15.209817,17.15489,14.851916,17.169518,14.835628,14.798225,16.347736,19.727325,22.57759,23.306686,27.413145,29.610168,32.371216,30.237831,33.95911,30.222996,31.543951,33.578613,35.02102,31.646305,34.159676,29.925764,31.248695,29.40999,29.822529,31.59,28.684444,28.768408,25.347454,22.859097,23.143469,24.289816,23.305534,27.521946,24.722773,29.14959,30.577015,32.443874,35.830883,34.008205,30.254835,30.339525,26.90833,26.117752,22.0118,22.98428,17.124895,18.15203,16.898764,17.3789,20.71909,19.754318,21.572336,24.252033,24.431412,28.630966,27.452665,33.003265,34.47359,37.440975,36.22481,41.05682,43.848564,41.8471,39.791267,38.52306,33.17357,35.10776,31.062809,32.541172
23,18.589048,15.195071,19.319054,16.00232,17.036816,20.99858,19.829529,25.929388,24.858574,29.34713,29.298695,32.771725,31.707054,28.925304,26.016909,21.694494,19.33879,16.440262,13.658483,10.455241,6.9121466,8.276732,4.030268,0.0,5.315008,8.025663,7.5806623,5.728849,7.8300495,8.250682,12.159633,12.617786,20.51372,20.59345,23.35139,26.71046,27.479773,25.668222,21.863846,17.657166,20.095291,14.060858,15.40671,12.350846,14.29932,11.115437,11.027677,12.327008,15.701711,18.596071,19.488317,23.511353,25.89497,28.714718,26.563932,30.337896,26.815296,28.116886,30.423141,31.876257,28.637014,31.03358,26.76362,28.350853,26.330578,27.280323,28.990946,26.47855,26.420685,23.510973,21.06367,20.575909,22.073553,20.282743,24.96811,22.02954,26.524029,28.293715,30.209068,33.68529,32.133778,28.285803,28.965384,25.322628,24.250978,20.386377,20.965609,15.077203,16.340836,14.927339,16.233866,20.00543,19.450111,20.576103,23.479013,23.727007,27.57562,26.817944,31.8925,33.046474,35.84196,34.15129,39.03642,41.634174,39.633934,37.782726,36.34745,31.369518,33.607643,29.728405,31.685843
24,19.489525,16.552412,21.253876,19.025785,19.902458,24.473616,23.115925,29.561157,28.710415,33.00904,33.51178,36.98397,35.943863,33.429024,30.263939,26.168533,23.69196,20.644817,18.178963,14.280408,11.418338,10.90054,7.552825,5.315008,0.0,4.893738,6.2591987,7.4343014,11.23939,12.995435,16.42118,17.831203,25.468117,25.79371,28.519922,31.913269,32.77747,30.892979,27.164045,22.967596,25.123322,18.96984,19.891605,16.32737,17.633389,13.06197,11.945846,12.245654,15.134933,17.787321,19.111525,22.568922,24.703178,28.232061,26.915659,31.06183,28.295906,29.836535,32.59564,33.645416,30.658932,32.15012,27.571716,28.863634,25.699942,27.078897,28.085217,25.624954,24.503473,22.118912,20.756123,20.332329,22.839087,20.943092,26.617872,24.185875,28.88993,31.133533,33.3311,36.79723,35.71932,31.759247,32.591393,28.7794,27.022022,23.63353,22.854267,16.674065,16.972656,14.4307785,15.697624,19.722153,20.633915,22.065409,25.449461,26.449894,30.086142,30.189436,34.918144,35.6459,38.767673,36.593956,41.383842,43.7218,41.373833,39.561146,37.350918,32.921535,34.85944,30.894688,32.856304
25,19.670475,16.380085,20.586859,18.752865,18.738531,23.788845,21.495014,28.188208,27.146654,31.176517,32.139515,35.671307,34.93785,32.765476,29.630283,25.60879,23.579576,20.017136,18.816849,14.07243,12.582707,12.028701,10.700942,8.025663,4.893738,0.0,5.7100153,8.26784,10.2054615,13.535238,15.70898,18.858463,25.544304,26.626886,29.087894,32.534622,33.970135,32.02438,28.575146,24.46412,26.045813,20.147911,19.90086,17.054813,16.777372,12.400519,9.80647,10.820252,13.271313,15.152826,15.851272,19.330204,20.821709,24.413204,23.65508,27.999046,25.559683,27.56018,30.29186,30.71564,27.822363,28.548428,23.80226,24.686283,21.156872,22.465263,23.282616,20.837055,19.618456,17.382204,16.267939,15.777957,18.686651,17.031502,23.050463,21.202477,26.011976,28.507103,31.015915,34.36836,33.7729,29.74387,30.488167,26.589945,24.201244,21.346436,19.41651,13.308119,13.021627,10.044943,11.720638,15.90349,17.529966,18.62806,22.2466,23.729145,27.005014,27.90261,32.142776,32.483177,35.866188,33.385433,38.033657,40.206295,37.602985,35.783638,33.144043,29.051674,30.836866,26.926672,29.03885
26,23.96922,20.396797,24.351097,21.481628,21.42,26.000513,23.299467,29.791346,27.856,32.12818,32.00469,35.92241,35.64315,33.047382,30.60871,25.925621,24.565474,20.781757,19.667715,15.549721,13.3544035,14.633568,11.474656,7.5806623,6.2591987,5.7100153,0.0,3.9992697,9.588166,11.539107,14.659643,17.22319,23.748514,25.592377,27.284182,31.126972,32.014183,29.544756,26.53253,22.661982,23.14601,17.052212,16.990103,12.9712,13.325188,7.7908864,6.554363,6.004727,8.91273,11.716731,13.2897215,16.725447,19.35412,22.694387,21.054996,25.121239,22.568813,23.978235,27.014849,28.175856,25.426884,26.973791,22.554049,24.434402,21.459124,23.689564,24.861322,23.22854,22.369017,20.856403,19.180191,17.242113,19.890858,16.540037,22.500404,19.774815,24.298754,26.891125,28.996738,32.502075,31.741678,27.811905,29.50877,25.59779,23.707787,20.794823,19.857557,14.367012,15.372652,13.275394,15.913166,20.122578,20.931488,21.027798,24.33138,25.064953,28.048588,28.453428,32.391758,32.75917,35.379116,32.66721,37.468117,39.540962,37.38209,35.939884,33.822727,29.927073,32.452915,28.941216,31.623474
27,23.56873,19.838991,23.506445,19.945759,20.084112,24.14833,21.680504,27.863804,25.744192,30.196842,29.535528,33.476654,33.17021,30.31347,28.117786,23.230785,21.99259,18.370907,16.99526,13.5531845,10.949853,13.354549,9.695182,5.728849,7.4343014,8.26784,3.9992697,0.0,7.5195556,8.051804,11.902641,13.571367,20.327236,22.053682,23.661636,27.536386,28.194544,25.696714,22.66951,18.841902,19.345676,13.163679,13.587252,9.368018,10.725867,5.901862,6.4745965,6.8370285,10.243046,13.369726,14.658305,18.494066,21.40688,24.13155,21.698313,25.392887,22.149618,23.231237,25.944096,27.603779,24.636126,27.088661,22.95923,25.157425,23.139858,25.019022,26.72953,25.016947,24.909601,22.934189,20.490168,18.605099,20.417944,17.118576,22.22424,18.939188,23.283457,25.483925,27.297884,30.860989,29.642,25.794065,27.489471,23.698011,22.45341,19.082397,19.406487,14.131463,15.937112,14.665283,17.167692,21.1991,20.955997,20.906305,23.835363,23.944815,27.121962,26.766022,31.01282,31.754623,34.05853,31.739092,36.65153,38.944702,37.101772,35.641743,34.178917,29.82269,32.600483,29.139175,31.789438
28,19.783886,15.570847,17.963839,14.031283,13.352155,17.32094,14.251317,20.466496,18.398075,22.796751,22.659924,26.441631,26.058365,23.486624,21.117058,16.384363,15.40886,11.350829,11.429364,7.450306,7.208045,10.369961,10.128742,7.8300495,11.23939,10.2054615,9.588166,7.5195556,0.0,4.777648,5.5143127,9.750995,15.413512,17.172699,19.150763,22.683704,24.41884,22.46505,19.35426,15.54596,16.645527,11.548372,10.42584,9.881683,8.855072,8.5139675,7.4963307,11.105771,14.103317,16.080734,15.523034,20.09948,21.93546,23.761969,21.264656,24.758888,20.741203,22.437517,24.135126,25.1535,21.70795,24.21425,20.16696,21.677761,20.898676,21.25231,23.684504,21.374146,22.679502,19.598892,15.9834,15.017117,15.384165,13.873366,17.52195,14.59615,19.069527,20.685722,22.783663,26.179821,24.837906,20.903135,21.412937,17.668941,16.420942,12.625456,13.45135,8.193286,10.664228,10.96857,12.956012,16.268564,14.570044,14.286708,16.820276,16.644962,20.153435,19.553873,24.24894,25.304375,28.03432,26.355852,31.234943,33.898933,31.978945,30.120565,29.096066,23.93621,26.514925,22.92358,25.272188
29,21.674574,17.678043,19.934128,15.2726345,15.271033,18.12062,15.846678,21.222027,18.880226,23.494247,22.26239,26.087421,25.680151,22.581427,20.725883,15.630499,14.837354,11.416862,10.498562,8.617297,7.050182,11.575061,9.988912,8.250682,12.995435,13.535238,11.539107,8.051804,4.777648,0.0,5.02201,5.8022842,12.594272,14.103334,15.87256,19.611847,20.66626,18.507574,15.31085,11.467645,12.579041,7.016447,7.3257713,6.515012,7.8410935,8.683965,9.885199,12.577716,15.694863,18.186836,18.097689,22.54505,25.004547,26.505758,23.264442,26.264065,21.82596,22.82761,24.336771,26.197996,22.744675,26.3269,22.783192,24.864285,24.724241,25.28212,27.937157,25.862524,27.32536,24.338129,20.571526,19.359377,19.291811,17.287535,20.092274,16.45908,20.328459,21.466177,22.947035,26.393997,24.40146,20.724655,21.580236,18.152517,18.056938,13.877608,16.539755,12.309471,15.191203,15.744643,17.591503,20.727379,18.382217,18.01569,19.950119,18.912548,22.42808,20.705309,25.60066,27.089834,29.130503,27.856277,32.786915,35.57576,34.15171,32.45405,32.166107,26.856142,29.757933,26.415035,28.739985
30,21.60139,17.431887,18.451307,13.769598,12.684549,15.192648,11.824113,17.020452,14.172516,18.715397,17.672756,21.586496,21.473486,18.635159,16.982672,11.797001,12.003956,7.912718,9.566177,7.7644024,8.884395,13.002494,13.50865,12.159633,16.42118,15.70898,14.659643,11.902641,5.5143127,5.02201,0.0,6.5320644,10.073131,12.522579,14.002819,17.523642,19.610033,17.754183,15.029061,11.749149,12.373401,8.874694,6.7050495,9.358478,7.8122077,11.0460415,11.195286,14.847786,17.501392,19.205685,18.1059,22.689177,24.465176,25.29192,22.091345,24.825329,20.100578,21.499943,22.306442,23.621716,19.98332,23.497206,20.21365,21.893595,22.709557,22.442104,25.519403,23.390108,25.752815,22.480942,18.12644,17.176476,16.024225,15.032993,16.450092,13.144656,16.819902,17.536903,19.208857,22.494152,20.565464,16.83765,16.96938,13.546251,13.504055,9.1303215,12.533853,9.5125,12.8100195,14.556656,16.198565,18.594425,15.356872,14.272851,15.616878,14.124765,17.559666,15.693722,20.629257,22.23403,24.424055,23.471909,28.336048,31.289412,29.865093,28.008656,28.079002,22.451544,25.355375,22.172586,24.464125
31,22.41149,18.770262,19.986637,14.792879,15.194227,16.280487,15.105625,18.99261,16.773584,21.361698,19.329268,22.811028,22.114845,18.619753,17.224411,12.200305,11.661671,9.583641,8.251368,9.56531,8.737464,13.433745,12.757266,12.617786,17.831203,18.858463,17.22319,13.571367,9.750995,5.8022842,6.5320644,0.0,8.417772,8.526443,10.744041,14.215171,15.124107,13.4162445,9.757349,5.801111,8.597792,5.190326,6.9306283,9.031535,10.975659,13.8173,15.438231,18.112888,21.081947,23.48361,23.140915,27.579756,29.969294,30.903566,27.259678,29.67901,24.769228,25.419811,26.130955,28.31489,24.779465,29.113771,26.168108,28.197123,29.045513,28.970142,32.00455,29.79312,31.895443,28.484411,24.291376,23.566471,22.541752,21.322824,22.564373,18.9093,21.95806,22.128763,23.043905,26.219328,23.466995,20.288141,20.450994,17.751972,18.943731,14.515784,18.912096,15.870358,18.894684,20.154224,21.406044,23.863007,20.379637,20.074602,21.084024,19.121157,22.749306,19.654396,24.989073,27.154604,28.745346,28.450056,33.215794,36.306347,35.33243,33.553604,34.189457,28.409374,31.281258,28.147015,30.058037
32,27.937723,24.327366,23.908733,18.878624,18.100956,17.484755,15.405836,16.84,13.119077,16.985788,12.955854,16.63994,17.113619,13.444004,14.368741,9.48341,12.25858,10.968928,13.049894,15.152911,16.213316,20.57219,20.959932,20.51372,25.468117,25.544304,23.748514,20.327236,15.413512,12.594272,10.073131,8.417772,0.0,6.3423305,4.4134803,8.260074,10.472203,8.727523,7.774881,7.6228952,6.135976,9.274736,7.8488684,13.352991,13.066178,18.427849,19.993523,22.98372,25.250784,26.886139,25.699577,29.895721,31.891624,31.537285,27.409065,28.717075,23.422113,23.746933,23.0788,25.313889,21.923552,27.055307,25.35985,27.42265,30.082483,29.425533,33.029446,31.328539,34.558323,31.309916,26.5659,25.545862,23.13918,22.3703,20.99183,17.5431,18.84621,17.670595,17.686949,20.299013,16.8514,14.548242,14.286683,12.861578,15.859706,12.272871,18.495775,18.299526,21.703966,24.167398,25.49056,27.06631,22.648321,21.053642,20.635868,17.368273,19.862444,15.524527,19.984003,22.59995,22.994087,23.672249,28.032822,31.27768,31.093142,29.538464,31.594677,25.86696,29.094355,26.908484,28.880987
33,25.085651,22.105852,21.422707,16.446665,16.76577,14.98215,15.243154,15.875885,14.083348,17.863022,14.838111,17.286514,16.173275,12.311549,12.182763,8.471414,9.341909,10.305868,10.310448,14.334646,15.139001,18.900389,19.803926,20.59345,25.79371,26.626886,25.592377,22.053682,17.172699,14.103334,12.522579,8.526443,6.3423305,0.0,5.0946093,6.449238,8.502917,8.8903055,5.5491934,5.2133765,9.080071,11.425067,12.225759,16.473232,17.51827,21.77596,23.204657,26.213572,28.960379,30.996593,30.090624,34.51281,36.496258,36.663254,32.830376,34.546078,29.306744,29.79607,29.340939,31.431206,27.94771,32.708797,30.597168,32.24864,34.361816,33.30467,36.751625,34.418995,37.421925,33.56537,28.956367,28.882124,26.660099,26.685469,25.876324,22.754826,24.574116,23.420382,23.65589,26.078926,22.591116,20.4506,19.107935,17.918457,20.555708,16.616138,22.306356,21.05291,23.961288,26.084017,26.657597,28.039835,23.358501,22.948666,22.559772,19.552889,22.84398,18.140789,23.563467,26.556984,27.554447,28.784744,32.989594,36.41075,36.010147,34.10749,35.964188,29.793571,32.38603,29.746323,30.962957
34,29.746853,26.508923,25.814095,20.819891,20.542288,18.946829,18.044548,18.247997,15.186192,18.54141,14.005213,16.854923,16.976603,13.093636,14.6940565,10.875712,13.422344,13.549424,14.744092,17.953896,18.730186,22.936262,23.264923,23.35139,28.519922,29.087894,27.284182,23.661636,19.150763,15.87256,14.002819,10.744041,4.4134803,5.0946093,0.0,4.315087,6.114428,5.2460966,5.0755773,7.2364726,6.6870484,11.530879,11.498097,16.407473,17.029507,22.152702,24.011396,26.798523,29.156242,30.970476,29.955778,34.110676,36.23136,35.827286,31.577581,32.663715,27.354273,27.380213,26.474901,28.956604,25.713577,31.064682,29.61719,31.676203,34.477276,33.702324,37.336056,35.542755,38.815998,35.40245,30.647856,29.864725,27.372711,26.780533,25.179962,21.822569,22.758482,21.20593,20.776287,23.001585,19.181328,17.604061,16.990213,16.355581,19.764479,16.394703,22.691225,22.485086,25.77504,28.18499,29.263021,30.704529,26.04978,24.782343,24.098381,20.656813,23.12014,18.232267,22.637074,25.566092,25.568691,26.864292,30.919258,34.224106,34.356262,32.826862,35.303402,29.517683,32.590355,30.514837,32.162422
35,30.901407,28.052223,26.712635,22.03404,21.895222,19.257336,19.25549,17.982344,15.648362,18.2522,13.658385,15.42419,15.13739,11.370398,13.684885,11.409569,13.98836,15.345908,16.501778,20.394867,21.492413,25.28575,26.16245,26.71046,31.913269,32.534622,31.126972,27.536386,22.683704,19.611847,17.523642,14.215171,8.260074,6.449238,4.315087,0.0,4.6699057,6.649089,7.1329284,10.047059,10.742391,15.610814,15.744477,20.63691,21.21935,26.322168,27.997248,30.92864,33.339252,35.105953,33.955154,38.146458,40.073467,39.544426,35.38842,36.348938,31.039713,31.115921,29.869438,32.14642,28.96671,34.205456,32.958565,34.720814,37.788948,36.571102,40.26919,38.306187,41.815723,38.144688,33.338955,32.997105,30.193697,30.229656,28.123064,25.151688,25.78882,23.819061,23.233044,24.994532,21.055988,20.039614,18.528715,18.627848,22.269672,19.18416,25.468903,25.578032,28.6518,31.21845,31.91655,32.949234,27.956879,26.913986,25.778305,22.16567,24.519192,19.180403,23.532627,26.777313,26.662088,28.696646,32.3646,35.779907,36.08405,34.44778,37.31061,31.39618,34.146065,32.2162,33.40676
