,0,1,2,3,4,5,6,7,8,9,10,11,12,13,14,15,16,17,18,19,20,21,22,23,24,25,26,27,28,29,30,31,32,33,34,35,36,37,38,39,40,41,42,43,44,45,46,47,48,49,50,51,52,53,54,55,56,57,58,59,60,61,62,63,64,65,66,67,68,69,70,71,72,73,74,75,76,77,78,79,80,81,82,83,84,85,86,87,88,89,90,91,92,93,94,95,96,97,98,99,100,101,102,103,104,105,106,107,108,109,110,111
0,0.0,4.337205,5.9684963,9.599871,11.90678,14.268264,17.19896,21.527288,24.383383,26.962416,31.41204,29.373367,27.263584,26.498657,21.59246,21.861437,16.875248,17.39741,14.885306,14.360173,15.172267,11.122141,15.282016,17.22909,15.951435,18.476103,19.518927,22.05404,19.525805,23.955477,22.45772,27.794964,30.885332,33.49209,36.18016,37.17323,40.89594,40.303963,37.976673,34.810223,35.24752,32.082993,29.39326,28.269514,25.568445,24.313292,20.098646,20.307344,18.82773,17.322971,17.052248,13.75905,15.64064,14.585415,18.942287,22.728563,23.635698,23.664715,28.489319,28.294493,25.325453,31.053587,30.977108,32.2755,35.33946,34.81792,38.56979,37.13954,42.232258,40.133133,36.30557,39.148144,35.822456,40.81798,36.142338,36.07927,36.91621,34.42362,34.89933,36.675453,33.50967,31.058142,28.993925,26.976421,27.928484,23.637281,26.82375,22.523914,23.903606,24.2754,23.751997,26.106524,29.796972,29.759413,31.004122,32.09394,32.503876,32.498936,30.2908,32.72273,31.199106,32.492725,34.695007,36.104473,40.589085,39.673904,37.474033,42.341217,37.638798,41.161835,40.103775,43.43836
1,4.337205,0.0,5.2801704,6.4400935,8.914806,12.133488,14.351845,19.37277,21.48629,24.507153,28.531935,26.614973,24.963371,23.770086,19.106855,18.591139,13.654179,13.554644,10.945853,10.041021,10.955962,7.2954407,11.78974,13.330587,13.072556,14.9183235,16.689043,18.725573,15.804427,20.037401,18.76151,23.797804,27.48329,29.767233,32.73038,33.793835,37.381172,36.7899,34.206665,30.881178,31.6857,28.271835,25.8889,24.731316,22.32978,21.244217,17.180887,17.846941,16.733027,15.957971,15.736127,13.321341,15.300841,14.251159,17.799591,21.402945,21.609196,22.085102,27.088465,26.585428,23.25934,28.673082,28.249777,29.210468,32.2873,31.343342,35.008015,33.29687,38.487408,36.373234,32.391975,35.03341,31.699982,36.57582,31.956038,31.78526,32.718662,30.330143,30.908142,32.837692,29.793043,27.136755,25.206104,22.956589,23.71551,19.401323,22.526306,18.26071,19.877396,20.491072,20.39596,22.81003,26.567766,26.910269,28.086823,29.102459,29.168417,28.922207,26.46554,28.853035,27.041931,28.46962,30.451527,31.981905,36.561905,35.500828,33.233932,38.047134,33.303005,36.844044,35.822235,39.216076
2,5.9684963,5.2801704,0.0,5.139889,6.789455,8.486677,11.676509,15.581621,18.681787,21.093418,25.656204,23.663082,21.486536,20.998745,16.044136,16.717697,12.209108,13.053071,12.098385,11.973911,14.324991,11.691175,16.422031,16.953348,16.776905,17.853466,18.49352,20.143097,16.012602,20.441349,18.002148,23.618586,25.603329,28.497711,30.858984,31.74019,35.591717,35.09373,33.074146,30.264181,30.356482,27.900286,24.850592,24.70214,21.328846,21.271574,17.303555,18.374521,17.895603,16.225992,14.946046,12.023893,12.660192,10.318055,14.1575575,17.828228,19.120993,19.8142,24.45888,24.901398,21.819538,27.77104,27.013674,28.6822,31.023998,31.082048,34.644485,33.312267,38.43885,36.954292,33.239845,35.999416,32.307537,37.34574,32.215725,32.714756,33.20971,30.528864,31.100964,32.51835,29.52629,27.36882,24.529558,23.008942,24.25543,20.369888,23.88375,20.590096,22.225224,23.574106,23.392084,26.479979,29.630476,29.749548,30.404526,30.919403,30.999012,31.051693,28.55339,31.461983,29.319023,31.532389,33.034187,35.14594,39.95622,38.436085,35.91919,40.268566,34.991943,38.200516,36.61486,39.702473
3,9.599871,6.4400935,5.139889,0.0,3.7892413,6.1106935,8.70396,13.291778,15.291317,18.526804,22.329918,20.18758,18.58673,17.356289,12.727186,12.315989,7.5955887,8.076989,7.238038,7.6815014,10.624285,9.32956,14.119389,14.071715,15.657204,15.55859,17.252745,17.93961,12.717306,16.65451,14.158738,19.239866,21.805223,24.04718,26.92956,27.733185,31.523998,31.203955,28.795519,25.848307,26.618374,24.031519,21.431887,21.633524,18.580475,19.214664,15.681659,17.550833,17.693382,17.008915,15.784473,14.125241,14.7094,12.349836,14.653096,17.839697,18.26794,19.769964,24.469564,24.648733,21.135603,26.569109,25.147041,26.371445,28.498812,28.030262,31.36626,29.532238,34.855797,33.50122,29.533619,31.827435,28.006287,32.709854,27.42836,27.760315,28.13846,25.444078,26.006752,27.534475,24.582016,22.285017,19.608416,17.918825,19.257278,15.308052,19.25078,16.424059,18.685575,20.54125,21.145834,24.16042,27.383768,28.09013,28.64335,29.026037,28.548645,28.196638,25.269386,28.05117,25.280499,27.73592,28.628145,30.868288,35.775475,33.881565,31.29809,35.420815,30.100254,33.185936,31.643343,34.666237
4,11.90678,8.914806,6.789455,3.7892413,0.0,5.3362513,5.438177,11.000768,12.7636,15.658772,19.778479,18.405676,17.092028,16.253702,11.852181,11.279287,8.015426,7.2621503,8.989536,8.008172,11.766301,11.587387,15.542043,14.236742,15.485316,14.697749,15.403191,15.717339,10.055409,14.192069,11.284824,16.94567,18.998182,21.953436,24.30766,25.410637,29.07509,28.450516,26.34708,23.513367,23.626923,21.229944,18.235714,18.609518,15.147066,16.119793,12.756043,14.936232,15.635357,14.839067,13.17234,12.132765,12.197373,9.933526,11.332908,14.316922,14.511799,16.19222,20.820986,21.08977,17.582571,23.064484,21.529575,22.99132,24.957985,24.880075,28.252592,26.773853,31.960983,30.799387,27.093935,29.708183,25.845772,30.92912,25.727678,26.63076,27.207775,24.67183,25.636808,27.045528,24.530117,22.23163,18.82718,17.325348,18.209051,14.906411,18.039259,15.746201,17.45882,19.724316,20.048836,23.626728,26.174217,26.659628,26.795593,26.817999,26.381222,26.307926,23.518526,26.718948,24.076017,27.072557,28.009684,30.785042,35.792393,33.906654,31.121656,35.052345,29.340223,32.416786,30.447947,33.552475
5,14.268264,12.133488,8.486677,6.1106935,5.3362513,0.0,5.896368,7.645509,10.85388,13.524841,17.674646,15.23148,13.039466,12.622478,7.6821046,9.155605,6.280997,8.377423,10.416905,11.806592,15.486379,15.17777,19.747032,18.877022,20.706322,19.77616,20.577345,20.501451,14.034857,17.440979,13.487579,18.610373,18.63314,21.353567,23.528133,23.946718,28.074108,28.032022,26.301186,24.156498,24.237427,23.120285,19.939371,21.78241,17.766554,20.120413,17.252497,19.706606,20.69071,19.53321,17.38599,15.956395,14.954024,11.293467,12.370628,14.927806,16.448961,18.677843,22.602829,23.917543,20.705812,26.263958,24.101374,25.990406,26.90125,27.547274,30.507969,28.98075,34.1626,33.731308,30.11251,32.25031,28.036291,32.61337,26.735197,27.881666,27.569298,24.554766,25.063356,25.831757,23.08351,21.586464,17.75995,17.283615,19.315332,16.347834,20.62227,19.415215,21.711008,24.34916,25.06297,28.557255,31.110016,31.757359,31.732817,31.525743,30.869827,30.706818,27.694979,30.883856,27.622972,30.92773,31.017965,33.872135,38.92607,36.42214,33.61062,36.958855,31.142763,33.63582,31.426384,33.905396
6,17.19896,14.351845,11.676509,8.70396,5.438177,5.896368,0.0,6.6979647,7.639069,10.342128,14.515881,13.818271,12.990854,12.578918,9.033416,8.415995,8.174916,7.016384,11.536427,10.846029,14.992437,16.114513,19.46529,17.105013,18.90485,16.942448,16.973743,16.100586,9.300388,12.425436,8.14882,13.835669,14.017328,17.613243,19.322325,20.459385,24.155857,23.504925,21.862982,19.551783,19.011726,17.676428,14.221124,16.112116,11.903242,14.807078,12.597212,15.551043,17.316118,16.654373,14.388134,14.429962,13.298576,10.740831,9.672009,11.430824,11.533456,14.276732,18.170649,19.071602,15.68141,20.787884,18.34031,20.156874,21.048468,21.722944,24.728378,23.474756,28.526854,28.152945,24.785265,27.269842,23.12697,28.195185,22.69593,24.433367,24.709768,22.169441,23.409647,24.34838,22.380054,20.490461,16.055328,15.363291,16.258932,14.222802,16.960493,16.416445,17.983143,21.059898,21.617508,25.57726,27.296227,27.855398,27.355997,26.740526,25.975227,26.01076,23.150314,26.703602,23.64144,27.502714,27.708647,31.165586,36.264805,33.92143,30.902376,34.111225,27.922562,30.553957,27.93866,30.7375
7,21.527288,19.37277,15.581621,13.291778,11.000768,7.645509,6.6979647,0.0,5.254782,6.2442756,10.866328,9.24215,7.221427,8.541181,5.778345,8.31124,10.256246,11.385435,15.793604,16.72447,20.76696,21.703114,25.553684,23.498705,25.574694,23.568563,23.451752,22.308832,15.389844,17.481222,12.600906,16.891842,13.465263,17.071321,17.847975,18.07507,22.290464,22.32172,21.612436,20.579617,19.495365,20.30555,16.665258,20.403437,15.772468,20.06637,18.543964,21.524004,23.517162,22.400057,19.674202,19.348318,17.13633,13.526407,11.746242,12.31091,14.194251,17.3697,19.886694,22.201582,19.50176,24.375881,21.251253,23.668053,22.959122,24.864555,27.179108,26.158794,30.88416,31.588442,28.619757,30.578926,26.165108,30.564644,24.476162,26.77614,26.00363,23.06471,23.891743,23.827503,21.977795,21.269186,16.132391,17.040607,19.024511,17.860064,21.311369,22.015606,23.922081,27.297333,28.089468,32.03597,33.565807,34.172974,33.400578,32.446182,31.520212,31.581886,28.653025,32.222305,28.666876,32.904594,32.22622,35.87274,40.965,37.985615,34.925987,37.302193,30.987871,32.809566,29.741873,31.66723
8,24.383383,21.48629,18.681787,15.291317,12.7636,10.85388,7.639069,5.254782,0.0,4.605267,7.0537014,6.6617284,7.341776,7.2404165,7.105976,6.5769324,10.770402,10.410338,15.726892,16.247402,20.146214,22.202711,25.247976,22.499416,25.34333,22.47261,22.699396,20.653782,13.612127,14.325231,9.507118,12.399685,8.424461,11.883464,12.916708,13.391599,17.473284,17.461803,16.41172,15.376971,14.658767,15.731099,12.574941,17.09983,13.040997,18.193102,17.623968,21.012901,23.468353,23.173515,20.753971,21.417002,19.622396,16.858776,14.204741,14.026798,14.156965,17.830969,20.146263,21.81428,18.917334,22.70387,18.926178,20.745869,19.607365,21.025208,22.939426,21.553732,26.313505,27.309963,24.348824,25.883804,21.404263,25.540396,19.432745,22.05197,21.299892,18.598837,19.80946,19.76901,18.546246,17.72021,12.222614,13.34787,14.894992,14.822248,17.593678,19.478392,21.369194,25.11824,26.358816,30.197489,31.344378,32.31238,31.308132,30.11716,28.724943,28.54014,25.463741,28.929321,25.035805,29.621223,28.386782,32.343704,37.37226,34.18363,31.047678,32.973354,26.531956,28.1351,24.822357,26.712189
9,26.962416,24.507153,21.093418,18.526804,15.658772,13.524841,10.342128,6.2442756,4.605267,0.0,5.809069,7.488686,7.8674216,9.738534,10.136214,11.007037,14.890699,14.717562,20.014147,20.204082,24.224691,26.054161,29.124254,26.180944,28.37054,25.586744,24.88618,22.906975,16.434889,17.14597,12.453088,15.314245,9.108078,13.746349,12.857862,13.387737,17.25505,16.98163,17.224316,17.118313,14.790778,17.199835,13.484583,18.50525,13.999118,19.463184,19.26823,22.448544,25.104856,24.36088,21.59054,22.343317,19.860167,17.115986,13.61755,12.380284,13.293876,16.965597,18.18514,20.732168,18.51532,22.154182,18.28467,20.808434,18.75312,21.507296,23.169018,22.641933,26.796091,28.358795,26.060186,27.890436,23.56765,27.815367,22.03953,25.264044,24.502298,22.031818,23.36496,22.89631,22.125061,21.707878,16.05911,17.58688,18.835207,19.22379,21.308014,23.329227,24.680462,28.418898,29.229939,33.36487,33.9951,34.58796,33.24582,31.72993,30.571375,30.792074,28.07924,31.811773,28.273232,33.080746,31.9797,36.18633,41.1717,38.052303,34.86228,36.52387,29.976406,31.36327,27.682116,29.32187
10,31.41204,28.531935,25.656204,22.329918,19.778479,17.674646,14.515881,10.866328,7.0537014,5.809069,0.0,5.4629006,8.547954,9.393973,12.326491,12.040824,17.16237,16.7934,22.084726,22.659466,26.340805,28.87523,31.519224,28.372898,31.43382,28.066624,27.990316,25.316847,18.917452,18.22114,14.121109,14.494075,6.526345,9.5659275,8.0905285,7.780164,11.893454,12.402934,12.86163,13.844225,12.158688,15.990753,13.505446,19.41405,15.984342,21.963985,22.554008,25.964188,28.84162,28.717197,26.224463,27.39748,25.221098,22.689465,19.147186,17.696922,17.638664,21.448925,22.281889,24.387457,22.188997,24.602057,20.13379,21.910475,18.935509,21.243526,21.95432,20.93653,24.81794,27.151506,25.012136,25.85238,21.529364,24.69794,18.820534,22.37815,20.981094,18.689146,20.017536,18.971058,19.029076,19.239517,13.662546,16.081928,17.375685,19.018139,20.823608,24.164677,25.77319,29.764553,31.177835,34.981304,35.415413,36.475693,34.991177,33.29334,31.592125,31.435316,28.534142,31.915546,27.847755,32.862103,30.777136,35.120876,39.906708,36.29723,33.145172,33.891247,27.464346,28.091347,24.131317,25.075106
11,29.373367,26.614973,23.663082,20.18758,18.405676,15.23148,13.818271,9.24215,6.6617284,7.488686,5.4629006,0.0,4.107764,4.2963448,8.352684,9.033062,14.056483,15.009948,19.557726,21.334076,24.88895,26.994194,30.244356,27.864992,31.365135,28.385696,29.125097,26.84076,19.773792,19.711018,15.296374,16.149433,10.302337,11.355339,12.11656,10.742935,15.318035,16.707598,16.175396,16.56916,16.543337,19.275978,17.03011,22.382292,18.857235,24.398973,24.16106,27.603533,30.083836,29.821203,27.360424,27.804813,25.80511,22.59249,20.069216,19.53338,20.212234,23.94798,25.551773,27.692623,25.101837,28.362526,24.166544,25.845572,23.634058,25.257254,26.288025,24.617073,29.001308,30.869368,28.101652,28.6087,24.092752,26.850122,20.367525,23.036953,20.974684,17.958454,18.454933,17.223898,16.29532,16.96951,11.600648,14.443901,17.070473,17.802666,21.253134,24.119959,26.539564,30.41312,32.15585,35.67418,36.916565,38.221565,37.18061,35.888077,34.155094,33.684013,30.412655,33.524807,29.038244,33.664997,31.357319,35.21389,40.060177,36.170765,33.15406,34.073856,27.914507,28.484499,25.036196,25.747082
12,27.263584,24.963371,21.486536,18.58673,17.092028,13.039466,12.990854,7.221427,7.341776,7.8674216,8.547954,4.107764,0.0,3.9873765,6.202132,9.114012,12.984979,14.957659,19.010942,21.187672,24.86165,26.262468,30.088991,28.19206,31.305086,28.853994,29.480408,27.735643,20.51921,21.362993,16.633184,18.730343,13.527097,15.217305,15.99116,14.778866,19.333508,20.567648,20.12798,20.211369,19.922379,22.20147,19.441944,24.35968,20.323666,25.469315,24.600222,27.861912,30.058374,29.32462,26.702305,26.532139,24.347513,20.654966,18.727121,18.619604,20.248253,23.75177,25.550365,28.070782,25.517603,29.543386,25.70884,27.783642,25.953575,27.842234,29.276823,27.794685,32.313316,33.878113,30.985334,31.864428,27.313166,30.426584,23.890932,26.259819,24.286524,21.054688,21.264555,20.177788,18.571663,19.187544,14.091045,16.537973,19.508009,19.305727,23.387383,25.418524,27.941359,31.620777,33.12092,36.720566,38.298138,39.40124,38.544495,37.433712,35.987637,35.65193,32.405804,35.622852,31.302036,35.711826,33.814304,37.44724,42.38841,38.641926,35.66511,37.0166,30.913136,31.753448,28.541857,29.408495
13,26.498657,23.770086,20.998745,17.356289,16.253702,12.622478,12.578918,8.541181,7.2404165,9.738534,9.393973,4.2963448,3.9873765,0.0,5.05729,6.2845798,10.687395,12.611057,16.376644,18.949553,22.320877,24.062307,27.678354,25.903574,29.635025,27.01642,28.37333,26.451342,19.137445,19.631117,15.235396,16.644842,12.890139,13.302147,15.415007,14.149001,18.688828,20.124422,18.79066,18.37418,19.27544,20.84713,18.71864,23.351189,19.876192,24.830446,23.95339,27.329906,29.440042,29.16357,26.859667,26.82266,25.167343,21.681175,20.06927,20.3481,21.217873,24.780312,27.109734,29.001448,26.066387,29.888222,26.010952,27.531517,26.12258,27.113207,28.54117,26.453716,31.258537,32.541214,29.27869,29.758377,25.187927,27.945576,21.259918,23.13922,21.013123,17.611101,17.618725,16.751738,14.816864,15.313247,10.435617,12.912804,16.28471,15.991288,20.543999,22.733295,25.65456,29.321526,31.230036,34.497845,36.354656,37.7994,37.137196,36.206497,34.5127,33.837444,30.360462,33.26618,28.647621,32.869057,30.670677,34.097797,38.986565,35.101902,32.201473,33.546387,27.617636,28.449142,25.52527,26.434504
14,21.59246,19.106855,16.044136,12.727186,11.852181,7.6821046,9.033416,5.778345,7.105976,10.136214,12.326491,8.352684,6.202132,5.05729,0.0,4.924618,6.958759,9.762305,13.114998,15.711176,19.271082,20.279463,24.388254,23.02396,26.205498,24.187347,25.441132,24.176073,16.876398,18.53443,14.003454,17.115406,14.89189,16.43648,18.670567,18.142149,22.594193,23.413975,21.878557,20.662498,21.25082,21.710474,19.032965,22.717014,18.857924,23.005413,21.337687,24.460365,26.180676,25.560125,23.263239,22.68396,21.178795,17.478825,16.730173,17.81998,19.120754,22.31317,25.26714,27.065859,23.978626,28.59793,25.300608,27.039244,26.51845,27.420557,29.514185,27.602985,32.669464,33.26657,29.776907,30.922005,26.395685,29.941296,23.432102,24.960163,23.524105,20.154507,20.289001,20.163185,17.649761,17.258821,12.768504,13.928454,17.03934,15.430862,20.301615,21.179129,24.038286,27.385141,28.917149,32.27877,34.493958,35.67299,35.27502,34.63126,33.312607,32.806145,29.425467,32.465553,28.25954,32.154068,30.798521,33.98807,39.00327,35.59325,32.710632,34.909565,28.980692,30.5164,27.90869,29.483622
15,21.861437,18.591139,16.717697,12.315989,11.279287,9.155605,8.415995,8.31124,6.5769324,11.007037,12.040824,9.033062,9.114012,6.2845798,4.924618,0.0,5.5004673,6.3723516,10.532009,12.716793,16.091434,18.103012,21.463072,19.63125,23.531605,20.935686,22.794867,21.022121,13.726456,14.627952,10.58283,12.816408,12.471552,13.186187,16.46156,16.35249,20.462505,21.093712,18.733984,16.842424,18.389584,17.973457,15.999652,19.348957,16.274408,20.320282,19.02485,22.348055,24.201952,24.329493,22.45104,22.551922,21.65936,18.714571,17.651693,18.683563,18.623848,21.931183,25.209507,26.166933,22.745972,26.730524,23.315903,24.354462,24.217505,24.153675,26.206549,23.77996,29.05083,29.35642,25.595646,26.470297,21.979631,25.428259,18.991447,20.238804,19.117495,15.885472,16.346525,16.820602,14.445828,13.264075,8.761704,9.231711,12.144842,10.63442,15.496346,16.805208,19.86401,23.355217,25.30161,28.439278,30.619312,32.141487,31.774849,31.174646,29.540243,28.731243,25.174475,27.994856,23.559624,27.473219,25.905308,29.155045,34.16708,30.749159,27.830038,30.08391,24.125051,25.850466,23.376383,25.297762
16,16.875248,13.654179,12.209108,7.5955887,8.015426,6.280997,8.174916,10.256246,10.770402,14.890699,17.16237,14.056483,12.984979,10.687395,6.958759,5.5004673,0.0,4.6127214,6.178005,9.439349,12.603427,13.527412,17.662544,16.875608,20.489117,18.823952,21.195,20.348272,13.511165,15.72279,12.329364,15.773305,17.265219,18.22965,21.6831,21.802675,25.81503,26.219173,23.623165,21.14861,22.796888,21.242926,19.176332,21.1323,18.147816,20.792835,18.47005,21.329462,22.452917,22.38567,20.815092,20.134819,19.858929,16.881844,17.321056,19.40103,19.643234,22.321308,26.338543,26.976294,23.37487,28.048515,25.38913,26.400263,27.30008,26.827576,29.43081,26.993063,32.4387,31.9552,27.886452,29.14348,24.889982,28.651155,22.59296,23.036455,22.402246,19.25047,19.433517,20.495785,17.449001,15.711796,12.701411,11.840697,14.484062,11.167207,16.596739,15.996497,19.274555,22.119923,23.855156,26.727066,29.668703,31.080256,31.240208,31.163635,29.878424,29.053936,25.552988,28.180565,24.158974,27.304798,26.552357,29.149752,34.144257,31.199978,28.488533,31.606583,26.081085,28.382914,26.576868,28.91558
17,17.39741,13.554644,13.053071,8.076989,7.2621503,8.377423,7.016384,11.385435,10.410338,14.717562,16.7934,15.009948,14.957659,12.611057,9.762305,6.3723516,4.6127214,0.0,5.668661,6.370641,9.983497,12.195399,15.265609,13.388922,17.257399,14.901946,17.340597,16.055038,9.230595,11.227341,8.403135,11.968083,15.19596,16.402786,19.957474,20.753038,24.29678,24.161217,21.253214,18.200453,19.91478,17.43077,15.63236,16.881783,14.439116,16.721716,14.684096,17.695358,19.047352,19.587988,18.322363,18.481113,18.614779,16.546509,16.377445,18.245033,17.310183,19.95094,24.146782,24.075571,20.288788,24.460733,21.89212,22.453339,23.843891,22.772764,25.535093,23.03213,28.52209,27.673578,23.533947,25.046835,20.93246,25.146544,19.523663,20.023674,20.206087,17.548477,18.422422,20.022673,17.556793,15.02518,11.975395,10.113153,11.414759,8.065852,12.4993,11.779871,14.809088,17.859829,19.633879,22.667675,25.300442,26.77256,26.820938,26.688473,25.302921,24.452559,20.962255,23.697437,19.829777,23.164747,22.750202,25.658258,30.73178,28.099997,25.249863,28.643286,22.905674,25.646103,23.787863,26.68249
18,14.885306,10.945853,12.098385,7.238038,8.989536,10.416905,11.536427,15.793604,15.726892,20.014147,22.084726,19.557726,19.010942,16.376644,13.114998,10.532009,6.178005,5.668661,0.0,5.2170863,6.933433,8.056691,11.866902,11.902786,16.16696,14.914886,18.624184,18.196192,12.76197,15.040588,13.464007,16.428694,20.668741,21.088327,25.169245,25.718811,29.23591,29.328691,26.045973,22.746374,25.16847,22.088715,20.797632,21.088024,19.273643,20.324127,17.672209,20.040049,20.49943,21.155005,20.485662,19.914259,20.844376,18.884506,20.044538,22.563898,21.872156,23.980751,28.584114,28.188143,24.341726,28.676378,26.648369,26.906027,28.935629,27.253593,30.135769,27.308813,32.848526,31.422916,26.975061,28.227854,24.463232,28.188694,22.916143,22.312119,22.505775,19.855759,20.111511,22.109306,18.98858,16.252495,14.984916,12.550079,14.117474,9.548556,14.645294,12.292354,15.890306,17.96706,19.97085,22.110748,25.798222,27.494766,28.238047,28.742792,27.476236,26.30273,22.794462,24.82268,21.136044,23.308838,23.219208,25.082626,29.938593,27.562078,25.112318,29.081926,24.192453,27.148294,26.189049,29.11859
19,14.360173,10.041021,11.973911,7.6815014,8.008172,11.806592,10.846029,16.72447,16.247402,20.204082,22.659466,21.334076,21.187672,18.949553,15.711176,12.716793,9.439349,6.370641,5.2170863,0.0,4.148528,6.657857,9.028146,7.4778376,11.430296,9.805158,13.457317,13.163333,8.709169,11.524326,11.080083,14.643037,20.07526,21.307152,24.96115,26.220875,29.310875,28.719341,25.47645,21.758108,23.632254,19.638823,18.317852,17.325792,15.999268,15.878076,13.081733,15.206048,15.58083,16.720102,16.485605,16.587553,18.073719,17.186672,18.099209,20.58853,19.00442,20.673664,25.497316,24.380108,20.481663,24.541773,23.044706,23.026451,25.835526,23.7849,27.034548,24.525497,29.935034,27.952019,23.599213,25.566204,22.13774,26.654602,22.133215,21.780111,23.001568,20.966572,21.968306,24.288254,21.807148,18.583843,16.94033,14.001875,13.9407015,9.742321,12.550417,8.885984,11.579439,13.489384,15.00927,17.589125,21.007608,22.45055,23.168877,23.74131,22.708061,21.759754,18.52351,20.840876,17.913506,20.106924,21.111738,23.289572,28.19855,26.54849,23.975012,28.447622,23.374683,26.912811,25.836931,29.385904
20,15.172267,10.955962,14.324991,10.624285,11.766301,15.486379,14.992437,20.76696,20.146214,24.224691,26.340805,24.88895,24.86165,22.320877,19.271082,16.091434,12.603427,9.983497,6.933433,4.148528,0.0,4.768707,5.4436727,5.344348,10.327083,9.32559,14.292523,14.334426,11.657941,13.78474,14.452295,17.00885,23.406755,23.986834,28.027878,29.274424,32.133446,31.581535,27.975185,23.999632,26.488607,21.938723,21.286036,19.558128,19.11209,18.17225,15.496528,17.067844,16.86583,18.521353,18.946877,19.02216,21.095722,20.6081,21.883268,24.467134,22.635191,24.013605,28.929432,27.345655,23.46787,27.095863,25.930845,25.404026,28.66248,25.890862,29.09153,26.271818,31.600977,29.114798,24.58537,26.25502,23.277922,27.352592,23.417082,22.257332,23.77585,22.0465,22.876032,25.58285,23.028662,19.530773,19.040628,15.6584425,15.266187,10.863815,13.177339,8.418331,11.278089,12.1394825,14.071245,15.589128,19.8002,21.60508,22.874485,23.950153,22.870157,21.5422,18.356852,19.895971,17.245323,18.361876,19.760183,21.120457,25.785587,24.546663,22.302193,27.256916,22.923864,26.706207,26.329237,30.02833
21,11.122141,7.2954407,11.691175,9.32956,11.587387,15.17777,16.114513,21.703114,22.202711,26.054161,28.87523,26.994194,26.262468,24.062307,20.279463,18.103012,13.527412,12.195399,8.056691,6.657857,4.768707,0.0,5.4140797,8.093949,10.598493,11.5925255,15.775377,16.955599,14.552904,17.608093,17.634098,21.114431,26.687902,27.718388,31.550316,32.652157,35.831818,35.34667,31.995863,28.194849,30.25571,25.998182,24.783405,23.090748,22.019909,20.747225,17.36443,18.384995,17.488707,18.388626,18.862684,17.920437,20.25464,19.641895,21.978247,25.078985,23.999212,24.958067,30.045788,28.733612,25.010605,29.336956,28.58186,28.518213,31.888727,29.624353,33.037674,30.534618,35.83531,33.31779,28.918146,30.873774,27.868824,32.0851,27.971432,26.90244,28.155794,26.153585,26.69313,29.188278,26.25012,23.0596,22.409576,19.37661,19.606085,15.019954,17.876635,13.06171,15.368237,15.618811,16.680855,18.078358,22.568068,23.857042,25.406366,26.729729,26.161346,25.154922,22.319021,23.899038,21.762104,22.490576,24.290312,25.2454,29.675095,28.693697,26.656286,31.71203,27.590162,31.300785,30.960535,34.522766
22,15.282016,11.78974,16.422031,14.119389,15.542043,19.747032,19.46529,25.553684,25.247976,29.124254,31.519224,30.244356,30.088991,27.678354,24.388254,21.463072,17.662544,15.265609,11.866902,9.028146,5.4436727,5.4140797,0.0,5.093684,8.012455,9.111817,14.308451,15.458935,15.188081,17.406574,18.897453,21.43413,28.310156,29.036434,32.97728,34.429474,37.085964,36.29368,32.64443,28.483788,30.856382,25.769115,25.290024,22.480484,22.608286,20.303858,17.435844,17.963053,16.784573,18.716524,19.985367,19.9042,22.762426,23.056126,24.92811,27.74673,25.750856,26.43577,31.49416,29.346083,25.660751,29.056114,28.7052,27.902554,31.899113,28.730562,32.11957,29.482342,34.520817,31.354696,26.955435,28.8864,26.548615,30.629427,27.537283,26.001066,28.016737,26.671234,27.520624,30.447845,27.944023,24.326561,24.309483,20.776886,19.932644,15.792937,16.898699,11.290734,12.793417,11.830738,13.016885,13.370599,18.32533,19.928566,21.918362,23.676624,23.070452,21.782223,19.232246,20.12827,18.765272,18.49326,21.18135,21.620766,25.72568,25.555658,23.769556,29.30103,25.782272,29.880972,30.021343,33.96552
23,17.22909,13.330587,16.953348,14.071715,14.236742,18.877022,17.105013,23.498705,22.499416,26.180944,28.372898,27.864992,28.19206,25.903574,23.02396,19.63125,16.875608,13.388922,11.902786,7.4778376,5.344348,8.093949,5.093684,0.0,6.2063513,4.6363373,10.362663,10.6754265,10.943208,12.731946,14.929421,17.258284,24.503626,25.54302,29.155195,30.959743,33.302296,32.170307,28.621592,24.380709,26.436045,21.079586,20.724411,17.509552,18.072876,15.591277,13.2189045,14.045959,13.512505,16.057726,17.263882,18.186796,20.809778,21.465696,22.406246,24.757881,22.066711,22.8724,27.75228,25.307587,21.578913,24.447067,23.9933,22.94251,27.032475,23.685093,27.10512,24.608133,29.568968,26.38131,22.061514,24.338938,22.031359,26.592455,23.759317,22.714668,25.177149,24.129719,25.519102,28.438267,26.465448,22.710798,22.08871,18.517948,16.849884,13.380951,13.031816,7.2444863,7.935377,7.5491304,8.895218,10.483553,14.668356,16.342237,17.825716,19.209873,18.390694,17.18547,14.509894,15.998393,14.662567,15.289838,18.17817,19.622377,24.084902,23.832836,21.630426,26.999502,22.83825,27.080212,26.75088,30.934248
24,15.951435,13.072556,16.776905,15.657204,15.485316,20.706322,18.90485,25.574694,25.34333,28.37054,31.43382,31.365135,31.305086,29.635025,26.205498,23.531605,20.489117,17.257399,16.16696,11.430296,10.327083,10.598493,8.012455,6.2063513,0.0,4.72846,7.3781867,10.090624,12.861313,15.624384,17.727165,21.160473,27.696247,29.805025,32.684994,34.80474,37.127563,35.557922,32.51546,28.39895,29.34071,23.993244,22.960514,18.8947,19.19671,15.16646,12.166965,11.381088,9.460511,11.932103,14.038227,14.881282,18.247913,20.027252,21.512873,24.074348,21.449572,21.192497,26.128925,23.2635,19.965504,23.049427,23.779112,23.063501,27.825518,24.991127,28.818472,27.224796,31.733334,28.189827,24.47032,27.697039,25.748587,30.959486,28.53592,28.013063,30.72658,29.740238,31.316216,34.086163,32.158813,28.511728,27.252508,23.935242,22.19583,18.978823,18.093262,12.5864525,11.391276,9.899148,8.282444,10.460861,13.963518,14.153549,15.914157,17.680202,18.054935,17.807087,16.34246,18.194103,18.534115,18.864952,22.91034,24.328989,28.398712,28.942533,26.854221,32.33597,28.199297,32.556683,31.98919,36.318283
25,18.476103,14.9183235,17.853466,15.55859,14.697749,19.77616,16.942448,23.568563,22.47261,25.586744,28.066624,28.385696,28.853994,27.01642,24.187347,20.935686,18.823952,14.901946,14.914886,9.805158,9.32559,11.5925255,9.111817,4.6363373,4.72846,0.0,5.916312,6.5229597,9.326467,11.240032,14.027976,16.773792,23.786118,25.665352,28.560432,30.800266,32.86285,31.226093,28.069775,23.883999,25.012022,19.457945,18.821016,14.676406,15.542695,11.88323,9.682707,9.933807,9.460345,12.598321,14.149185,15.931421,18.639936,20.127663,20.567133,22.606134,19.352066,19.692713,24.429846,21.48181,17.93243,20.408768,20.52088,19.402687,24.000856,20.758888,24.45498,22.611408,27.229513,23.808615,19.918652,23.055748,21.021997,26.300503,23.9685,23.625114,26.51397,25.745277,27.58754,30.366205,28.817804,25.11219,23.742655,20.397205,18.147194,15.510136,13.714189,8.562592,6.8335943,6.3200507,5.6339693,9.043888,11.899621,12.815421,13.918714,15.139836,14.778253,14.2248955,12.184361,14.4760685,14.265068,15.446116,19.080402,21.19034,25.566772,25.708807,23.340094,28.541548,24.027489,28.352776,27.554163,31.934326
26,19.518927,16.689043,18.49352,17.252745,15.403191,20.577345,16.973743,23.451752,22.699396,24.88618,27.990316,29.125097,29.480408,28.37333,25.441132,22.794867,21.195,17.340597,18.624184,13.457317,14.292523,15.775377,14.308451,10.362663,7.3781867,5.916312,0.0,4.2678556,9.574558,12.021932,14.406596,18.069475,23.779095,26.887789,28.71748,31.32877,33.241707,31.094206,28.688534,24.865368,24.51564,19.358156,17.864922,13.167032,13.578845,8.442686,6.058742,4.547158,4.004789,7.777623,9.715994,12.565375,15.208734,17.776545,17.735744,19.422058,15.825479,15.2711735,19.803698,16.383142,13.220194,15.717387,16.83399,16.210218,21.237385,18.900688,22.93802,22.263758,26.329119,23.003916,19.972645,24.122084,22.237583,28.235537,26.130737,26.7395,29.71449,28.996593,31.151958,33.595047,32.335056,28.871517,26.533325,23.68093,21.337078,19.365688,17.070824,13.150249,10.407784,10.369649,7.566307,12.064003,12.663032,11.860915,12.014233,12.632232,13.379705,14.207145,13.339018,16.563795,17.34587,19.205992,23.068169,25.771494,30.02863,30.34398,27.824005,32.66079,27.723804,31.912199,30.477356,34.847137
27,22.05404,18.725573,20.143097,17.93961,15.717339,20.501451,16.100586,22.308832,20.653782,22.906975,25.316847,26.84076,27.735643,26.451342,24.176073,21.022121,20.348272,16.055038,18.196192,13.163333,14.334426,16.955599,15.458935,10.6754265,10.090624,6.5229597,4.2678556,0.0,7.3512397,8.385177,11.623205,14.371711,20.513245,23.36125,25.17397,27.914358,29.524817,27.29807,24.773216,20.894592,20.700817,15.264946,14.238195,9.206415,10.540633,5.707104,5.2201247,5.837695,7.4858265,10.871182,11.902601,15.172489,17.045,19.062895,18.038448,19.12098,14.900923,15.151535,19.306154,15.888318,12.483767,14.029561,14.273068,13.040152,17.95229,15.034913,18.984097,18.046867,22.252117,19.047382,15.840761,19.967655,18.0121,24.09456,22.144981,22.98753,26.103188,25.63315,28.019882,30.433905,29.566462,26.11707,23.72721,20.937704,18.132221,16.919312,13.717284,10.854365,7.681,8.900627,7.238476,11.999231,11.8707285,11.889332,11.2856,11.135575,10.892242,11.429383,10.0116825,13.771558,14.02187,16.744661,20.029924,23.309877,27.708506,27.657654,24.948608,29.396963,24.190838,28.262068,26.60136,30.975126
28,19.525805,15.804427,16.012602,12.717306,10.055409,14.034857,9.300388,15.389844,13.612127,16.434889,18.917452,19.773792,20.51921,19.137445,16.876398,13.726456,13.511165,9.230595,12.76197,8.709169,11.657941,14.552904,15.188081,10.943208,12.861313,9.326467,9.574558,7.3512397,0.0,4.7294354,5.015939,9.7645855,14.920953,17.833204,20.057829,22.288229,24.708128,23.131886,20.561808,16.93589,17.080915,12.8136835,10.755338,9.082959,7.5352063,7.6502748,6.1249537,9.420802,11.583621,13.11998,12.416162,14.583856,15.3024845,15.518522,14.174102,15.404676,12.129101,14.008736,18.36535,16.745346,12.813792,16.124805,14.383009,14.391961,17.339642,15.66453,19.22233,17.627943,22.724442,20.966146,17.260048,20.386223,16.997742,22.789967,18.906172,20.143993,22.139008,20.800215,22.881168,24.876945,23.644793,20.57025,17.398367,15.062508,13.330352,11.762351,10.897912,9.375807,9.294343,12.435819,12.886587,17.053616,18.1766,18.959375,18.412132,17.911455,16.905293,16.78127,14.014015,17.686863,15.442716,19.199753,20.512657,24.13273,29.077366,27.653275,24.650064,28.513054,22.568428,26.083082,23.917765,27.751787
29,23.955477,20.037401,20.441349,16.65451,14.192069,17.440979,12.425436,17.481222,14.325231,17.14597,18.22114,19.711018,21.362993,19.631117,18.53443,14.627952,15.72279,11.227341,15.040588,11.524326,13.78474,17.608093,17.406574,12.731946,15.624384,11.240032,12.021932,8.385177,4.7294354,0.0,4.922479,6.04987,12.985647,15.06512,17.462944,19.960121,21.73103,19.988039,17.002153,13.037708,13.852303,8.696314,8.084882,6.2610626,6.9492345,8.172812,9.017771,12.1667,14.684066,16.856922,16.367947,19.024918,19.576082,19.807484,17.744,18.191864,14.306943,16.542376,20.121302,18.204712,14.525403,16.087511,13.633733,12.568121,15.172775,12.352996,15.516977,13.275902,18.559713,16.885696,12.927452,15.726884,12.269161,18.130247,14.65753,16.112736,18.551743,17.798056,20.306572,22.41754,21.875856,18.709131,15.835245,13.442293,10.570491,10.604784,7.608569,8.352636,7.952816,11.829346,13.12935,16.895046,17.287903,18.65781,17.707645,16.789465,14.949483,14.3640785,11.21408,14.872876,12.013772,16.541594,17.120214,21.294456,26.183847,24.530586,21.399998,24.777676,18.650543,22.079706,19.72465,23.702913
30,22.45772,18.76151,18.002148,14.158738,11.284824,13.487579,8.14882,12.600906,9.507118,12.453088,14.121109,15.296374,16.633184,15.235396,14.003454,10.58283,12.329364,8.403135,13.464007,11.080083,14.452295,17.634098,18.897453,14.929421,17.727165,14.027976,14.406596,11.623205,5.015939,4.922479,0.0,6.28848,10.00402,13.067937,15.1949415,17.30333,19.90577,18.575392,16.124054,12.89533,12.988379,9.958474,7.486654,8.944149,6.370903,10.079516,9.978185,13.548638,16.157398,17.239729,15.857949,17.855955,17.575283,16.83209,14.480169,14.878137,11.963368,14.942086,18.447102,17.77836,14.102168,16.999084,13.907109,14.254007,15.509216,14.5589075,17.459076,15.630028,20.894268,20.27267,16.714382,19.14592,15.09978,20.540363,15.767303,17.785553,19.081223,17.489101,19.64969,21.155457,20.264935,17.666985,13.638661,12.120918,10.801491,10.498316,10.324027,11.398668,12.234749,16.017593,17.147888,21.068867,21.86929,22.947046,21.998344,20.985157,19.47839,19.18243,16.133427,19.7587,16.504303,21.024788,20.953798,25.04166,30.059818,27.82706,24.651632,27.607033,21.211802,24.060835,21.270514,24.61904
31,27.794964,23.797804,23.618586,19.239866,16.94567,18.610373,13.835669,16.891842,12.399685,15.314245,14.494075,16.149433,18.730343,16.644842,17.115406,12.816408,15.773305,11.968083,16.428694,14.643037,17.00885,21.114431,21.43413,17.258284,21.160473,16.773792,18.069475,14.371711,9.7645855,6.04987,6.28848,0.0,8.750688,9.2483425,12.31977,14.575222,16.213804,14.965973,11.4261675,7.400706,9.807483,6.011139,6.870966,9.085959,9.417362,13.204426,14.566842,17.913197,20.604733,22.446798,21.484543,23.861032,23.742785,23.097603,20.467018,20.301493,16.976887,20.01811,22.766176,21.721031,18.374392,19.381277,15.722896,14.732961,15.184203,12.745339,14.523084,11.354999,16.85925,16.67428,12.840615,13.92653,9.514741,14.391362,9.526653,11.920802,13.543147,12.724842,15.476425,17.170712,17.300705,14.614714,11.355454,9.818321,6.8959155,9.371902,7.0997157,11.281625,12.297008,16.354994,18.483795,21.635353,21.964733,23.797335,22.646894,21.39577,18.98315,17.976107,14.590873,17.576548,13.364626,18.427528,16.92399,21.47921,26.313208,23.567955,20.308365,22.37228,15.780276,18.260729,15.164167,18.595688
32,30.885332,27.48329,25.603329,21.805223,18.998182,18.63314,14.017328,13.465263,8.424461,9.108078,6.526345,10.302337,13.527097,12.890139,14.89189,12.471552,17.265219,15.19596,20.668741,20.07526,23.406755,26.687902,28.310156,24.503626,27.696247,23.786118,23.779095,20.513245,14.920953,12.985647,10.00402,8.750688,0.0,6.1211185,5.489643,7.7694645,10.453934,9.499342,8.485891,8.125762,6.48177,9.484216,7.6321206,13.631446,11.318392,17.258562,18.653147,22.111568,25.185986,25.85659,23.876514,25.883574,24.393944,22.851954,19.143015,17.782715,15.8306055,19.55547,20.809834,21.603287,19.079382,20.442297,15.824571,16.633558,14.142818,15.224275,15.991047,14.5463085,18.805386,20.771074,18.489796,19.46393,15.172575,18.958725,13.553963,17.437265,17.155453,15.643215,17.870192,17.78532,18.360302,17.449106,12.307337,13.522985,13.143383,15.608046,15.637237,19.49754,20.546831,24.586527,26.08933,29.77639,29.74766,30.968882,29.345213,27.548126,25.575813,25.294687,22.461782,25.80001,21.907318,27.087017,25.169094,29.785048,34.491264,31.237633,28.01431,28.945608,22.362606,23.462992,19.420046,21.227398
33,33.49209,29.767233,28.497711,24.04718,21.953436,21.353567,17.613243,17.071321,11.883464,13.746349,9.5659275,11.355339,15.217305,13.302147,16.43648,13.186187,18.22965,16.402786,21.088327,21.307152,23.986834,27.718388,29.036434,25.54302,29.805025,25.665352,26.887789,23.36125,17.833204,15.06512,13.067937,9.2483425,6.1211185,0.0,5.5215316,6.0550566,8.322823,9.082712,5.8647256,5.773648,8.729552,11.061081,11.659821,16.789858,15.864001,21.206383,22.5861,26.098925,28.967607,30.14029,28.504137,30.38891,29.322905,27.587063,24.429266,23.516691,21.527172,25.198046,26.784834,27.178844,24.41672,25.368967,20.822691,20.683321,18.456343,17.996904,17.98243,15.1777,19.443623,21.547325,18.863039,18.167126,13.876014,15.708749,9.535609,13.161266,11.784949,10.285444,12.471844,12.116204,13.497864,13.006843,8.757384,10.64442,10.565595,14.173746,14.567492,19.518154,21.325447,25.35157,27.708227,30.673838,31.01349,32.916893,31.558657,29.988712,27.461102,26.468533,23.230082,25.764091,21.054571,26.005888,22.807402,27.1893,31.650156,27.730274,24.652702,24.687778,18.398056,18.644867,14.5826645,15.686871
34,36.18016,32.73038,30.858984,26.92956,24.30766,23.528133,19.322325,17.847975,12.916708,12.857862,8.0905285,12.11656,15.99116,15.415007,18.670567,16.46156,21.6831,19.957474,25.169245,24.96115,28.027878,31.550316,32.97728,29.155195,32.684994,28.560432,28.71748,25.17397,20.057829,17.462944,15.1949415,12.31977,5.489643,5.5215316,0.0,3.5914857,4.9893546,4.755289,5.1285567,7.779877,6.479572,11.741699,11.503314,17.413351,16.036163,21.85247,23.737877,27.123493,30.285557,31.11527,29.177443,31.303915,29.704573,28.10971,24.22426,22.487883,20.644903,24.29626,24.81811,25.733637,23.630573,24.026247,19.22867,19.648113,16.029179,17.190285,16.599983,15.141346,18.361963,21.48505,19.890322,19.760172,15.888346,18.064537,13.152478,17.513262,16.52323,15.544544,17.70156,16.84321,18.52038,18.443243,13.91166,15.937308,15.609079,19.041338,18.738184,23.464045,24.541792,28.578215,30.363935,33.759094,33.405685,34.841587,33.02605,31.01056,28.737705,28.289036,25.570557,28.511566,24.436281,29.649115,26.875748,31.552223,35.908783,32.26315,29.15867,28.955915,22.703323,22.770382,18.347185,19.101257
35,37.17323,33.793835,31.74019,27.733185,25.410637,23.946718,20.459385,18.07507,13.391599,13.387737,7.780164,10.742935,14.778866,14.149001,18.142149,16.35249,21.802675,20.753038,25.718811,26.220875,29.274424,32.652157,34.429474,30.959743,34.80474,30.800266,31.32877,27.914358,22.288229,19.960121,17.30333,14.575222,7.7694645,6.0550566,3.5914857,0.0,4.5825224,6.7874155,7.170977,10.103258,10.046548,14.946589,14.701061,20.616037,18.973034,24.852165,26.382526,29.853323,32.908535,33.590706,31.54029,33.318523,31.604733,29.562143,25.912136,24.328783,23.081083,26.837189,27.42881,28.70006,26.534803,27.359056,22.570677,23.14594,19.550827,20.732132,20.097944,18.393677,21.578447,24.760372,22.99714,22.404308,18.491575,19.868008,14.545441,18.496935,16.58912,15.192488,16.78574,15.249916,16.983452,17.663689,13.237444,16.009598,16.562475,19.866745,20.513426,25.285995,26.862719,30.922092,32.942432,36.20707,36.217487,37.806385,36.149895,34.263664,31.93553,31.318384,28.394302,31.157555,26.734203,31.805817,28.603567,33.05312,37.37632,33.358685,30.347559,29.803282,23.775043,23.349934,19.057762,19.06494
