,0,1,2,3,4,5,6,7,8,9,10,11,12,13,14,15,16,17,18,19,20,21,22,23,24,25,26,27,28,29,30,31,32,33,34,35,36,37,38,39,40,41,42,43,44,45,46,47,48,49,50,51,52,53,54,55,56,57,58,59,60,61,62,63,64,65,66,67,68,69,70,71,72,73,74,75,76,77,78,79,80,81,82,83,84,85,86,87,88,89,90,91,92,93,94,95,96,97,98,99,100,101,102,103,104,105,106,107,108,109
0,0.0,3.9833999,7.272255,10.775137,13.966153,15.967403,18.854013,22.075998,25.155912,27.802279,31.109661,33.339413,36.35754,35.850563,36.49324,31.490147,31.580965,29.01775,30.306631,28.757416,29.340235,32.371773,32.843315,34.77811,34.978676,34.97782,33.86495,35.86736,34.19645,38.74523,33.82609,40.32048,37.235565,39.75159,36.24899,32.25561,31.853031,34.58621,31.10263,27.95916,29.30749,30.585789,27.070187,24.114233,27.606632,27.26209,22.700428,21.725634,24.91137,26.821604,30.153471,25.80913,30.819,33.150368,32.867943,33.906178,31.667927,35.18677,37.95143,35.706814,35.15167,40.16228,43.942432,44.236313,40.672935,40.033302,45.179554,45.009052,40.099373,42.550777,45.640106,43.554623,39.89006,42.3582,38.687756,41.325428,38.15886,34.609802,33.932484,30.039967,27.185331,24.33195,22.56142,24.758907,27.196411,27.740337,31.259533,34.739132,38.10838,41.30672,44.361088,46.96523,48.784004,52.088017,51.113083,48.26451,44.681076,42.927044,41.016815,36.220387,34.97481,34.080326,33.77314,29.604576,29.550117,24.08304,25.569809,21.129705,21.981186,18.801453
1,3.9833999,0.0,4.750823,7.5192685,10.312267,13.079911,15.243299,18.895279,21.829159,24.489443,27.836063,29.925337,32.890438,32.211216,32.684147,27.779562,27.70814,25.265097,26.388693,25.08057,25.716635,28.822138,29.713694,31.230959,31.424013,31.254986,30.270498,32.152798,30.61274,35.115448,30.434235,36.949696,33.92168,36.703945,33.183876,29.053131,28.944296,31.921759,28.269718,25.005503,26.87969,28.237122,24.411686,21.766878,25.712622,25.267998,20.428629,20.168661,23.725765,25.576988,28.500465,24.425539,29.732887,31.736017,31.221949,31.87479,29.321005,32.706482,35.872437,33.677086,32.544403,37.685192,41.400284,41.872204,38.10773,37.168224,42.264736,41.862442,36.994305,39.713486,42.51526,40.224697,36.768494,39.381577,35.881645,38.66958,35.445553,32.012306,31.654804,27.845219,25.049028,22.654158,20.257313,22.01434,24.288748,24.641132,28.001888,31.347092,34.623272,37.79618,40.80144,43.261276,45.099327,48.35887,47.302532,44.435722,40.840687,39.00766,37.0897,32.29648,30.99975,30.109928,29.860748,25.672037,25.569105,20.119585,21.669683,17.302608,18.326118,15.437626
2,7.272255,4.750823,0.0,4.9598236,8.460099,10.016892,13.180633,15.633344,19.274895,21.246538,24.869604,26.76536,30.035683,29.389458,30.724874,26.001953,26.301262,24.493374,25.767288,25.400192,26.450905,29.719952,31.498812,32.03569,32.007477,31.334099,30.218325,31.49348,29.700779,33.920357,28.989634,35.138905,31.330528,34.338455,31.356447,27.071573,26.587946,30.093086,26.931404,23.38782,25.05874,27.516432,23.776218,20.655218,24.823713,25.584494,20.760618,19.879164,24.063198,25.159897,28.351467,25.492014,30.443295,31.915775,31.938,32.714314,29.616695,33.170696,36.423004,33.52839,32.148804,37.62691,41.045868,41.240303,37.0992,36.230083,41.503323,40.96147,36.414196,39.663395,42.249302,39.796936,36.764977,39.9755,36.441242,39.735294,36.70587,33.182167,33.592606,29.48542,27.136866,25.219765,22.394415,23.405619,24.923826,25.76173,28.133806,31.794024,34.61024,37.9387,40.626904,42.929695,44.372616,47.522816,46.0442,43.058895,39.460205,37.306843,36.04279,30.681791,29.810085,28.807253,28.68317,24.190239,24.078426,18.706244,20.536991,15.925303,18.026844,15.130596
3,10.775137,7.5192685,4.9598236,0.0,3.8916793,5.6847787,8.465744,11.389505,14.567977,17.05024,20.418358,22.56571,25.61625,25.156614,26.298006,21.356607,21.980024,20.02931,22.070082,21.605206,23.338013,26.78612,28.798271,28.670214,28.206085,27.43784,25.857048,26.998705,24.950811,29.171453,24.069557,30.254948,26.676834,29.58554,26.45138,22.181395,21.857544,25.320368,22.035263,18.4772,20.44589,22.86037,19.007006,16.081743,20.533663,21.342537,16.486315,16.072107,20.50784,21.458426,24.218994,21.890814,26.851904,27.94539,27.900616,28.489923,25.116856,28.64414,32.042194,29.057877,27.370228,32.925053,36.256413,36.497166,32.271393,31.307367,36.57719,36.017467,31.515867,34.880295,37.421074,34.995018,32.033306,35.470024,31.897934,35.431118,32.560566,28.98205,29.92425,25.657797,23.695045,22.302782,19.12515,19.520864,20.524807,21.788044,23.545933,27.511332,30.116367,33.58294,36.13379,38.601677,39.80416,42.99145,41.564445,38.605347,35.034595,33.144577,32.03742,26.54792,26.2364,25.653698,26.043266,21.510393,20.786682,15.862222,16.3899,11.536617,13.648062,10.519715
4,13.966153,10.312267,8.460099,3.8916793,0.0,5.3279967,4.9507265,9.36397,11.735285,14.566428,17.775488,19.82472,22.633314,21.989468,22.63124,17.695108,18.132511,16.174973,18.27374,17.947294,19.930243,23.4336,25.803347,25.148586,24.566814,23.658037,22.10571,23.158072,21.249119,25.467903,20.694727,26.98587,23.75924,26.912424,23.604252,19.228596,19.479765,23.060982,19.455162,15.867652,18.68566,20.834337,16.640097,14.498072,19.33208,19.70102,14.765837,15.600224,20.033636,21.013718,22.998163,20.93216,26.06911,26.81665,26.372013,26.43805,22.833408,26.071947,29.883156,27.162777,24.793217,30.35864,33.623726,34.144577,29.807077,28.447235,33.57256,32.77037,28.28169,31.850197,34.077217,31.464724,28.695194,32.20847,28.86638,32.483303,29.592176,26.210276,27.484365,23.446966,21.65638,20.890203,17.205862,16.942238,17.631044,18.679222,20.142416,23.934828,26.42537,29.856956,32.36536,34.74454,35.983513,39.1544,37.743847,34.79533,31.215801,29.380245,28.173967,22.756702,22.49947,22.10473,22.732807,18.27137,17.23312,12.606329,12.510486,7.6528625,9.974089,7.4216957
5,15.967403,13.079911,10.016892,5.6847787,5.3279967,0.0,6.0445075,6.354552,9.828044,12.165771,15.332522,17.793268,20.874151,20.937914,22.903807,17.926298,19.572563,18.08665,21.291697,21.371735,24.074322,27.63026,30.2052,28.895416,27.772348,26.61446,24.29821,24.741724,22.04347,25.883581,20.165207,25.847801,21.704876,24.430914,21.737803,17.51852,16.643677,20.409327,17.755419,14.052957,15.602891,19.166985,15.70103,12.305727,16.826147,19.108713,14.791013,13.726182,18.585745,18.536875,21.23895,20.71102,24.926985,25.229088,25.81273,26.5688,22.666666,26.331871,29.597792,25.81608,23.9856,29.770714,32.695442,32.56553,28.045332,27.304768,32.73203,32.211823,28.132668,31.893835,34.36302,32.022953,29.45053,33.548164,29.83895,33.93808,31.537626,27.82325,29.788725,25.167973,24.059114,23.360966,20.079653,19.487408,19.245525,21.555267,21.678307,26.277916,28.183352,31.894629,33.96522,36.560165,37.05793,40.179333,38.50078,35.51862,32.052452,30.2993,30.060894,24.024128,24.913013,24.76623,25.809597,21.235582,19.848562,15.997983,14.984598,10.164922,12.875968,9.686829
6,18.854013,15.243299,13.180633,8.465744,4.9507265,6.0445075,0.0,6.0854883,7.099967,10.299535,13.168231,15.250969,17.817581,17.263365,17.911,12.893634,13.852695,12.273281,15.273558,15.56128,18.406717,21.944273,24.966644,23.080929,21.968998,20.644817,18.646736,19.095316,16.888498,20.870512,16.0328,22.155207,18.91772,22.270609,19.063135,14.567849,15.192221,19.080908,15.544237,11.860326,15.401124,17.89389,13.666136,12.225656,17.259987,18.033813,13.551056,15.094729,19.533539,19.981148,21.198761,20.412136,25.152344,25.162142,24.734276,24.433119,20.350065,23.348434,27.4293,24.51481,21.41187,27.091877,30.030365,30.594723,25.988882,24.361147,29.43277,28.400791,24.191582,28.223885,30.086046,27.326426,25.012415,29.015203,25.828672,29.854176,27.253023,24.007284,26.187067,22.20966,21.125015,21.28468,17.294647,15.854544,15.383822,16.88323,16.889345,20.892593,22.782236,26.333204,28.4859,30.8438,31.676144,34.792633,33.21688,30.245094,26.701925,24.96991,24.24359,18.487387,19.108505,19.184452,20.464697,16.120144,14.326047,10.984655,8.954151,4.150019,7.4565744,6.0109253
7,22.075998,18.895279,15.633344,11.389505,9.36397,6.354552,6.0854883,0.0,4.8515625,5.8232393,9.297374,11.470433,14.724974,14.820465,17.689667,13.278897,15.589396,15.354266,18.808792,20.18148,23.400492,26.826517,30.363182,27.632538,26.144072,24.337757,21.928322,21.319326,18.473402,21.554993,16.055244,20.915627,15.990273,19.376175,17.442852,13.031765,12.27276,17.02978,15.048358,11.258384,13.46904,18.102692,14.894518,12.452779,16.945679,19.972246,16.386438,16.161684,20.861673,20.030958,21.757729,22.915102,26.561764,25.87341,26.536432,26.784414,22.33263,25.544436,29.139593,25.078976,22.21898,28.073898,30.385029,30.245132,25.263811,24.159416,29.427435,28.45265,25.040249,29.560308,31.290504,28.649178,26.998262,31.7191,28.420977,32.968704,30.920082,27.56474,30.523636,26.205496,25.791607,26.098455,22.417545,20.651073,19.225199,21.658089,20.103674,24.540174,25.523863,29.194239,30.677645,32.927303,32.868977,35.75698,33.612686,30.568058,27.2067,25.241102,25.926834,19.429104,21.303055,21.421867,23.003807,18.636862,16.775612,14.488435,12.605043,9.120907,12.656638,11.195199
8,25.155912,21.829159,19.274895,14.567977,11.735285,9.828044,7.099967,4.8515625,0.0,4.8488703,6.3311563,9.212008,11.482396,11.976394,13.931908,9.105731,12.206345,11.840932,16.442646,17.540346,21.409298,24.725382,28.234533,24.884758,22.881628,21.055988,18.041666,17.169271,13.940156,16.941643,11.20793,16.269907,12.113341,15.417854,12.938538,8.385304,8.5795765,13.24598,10.886858,7.2434454,10.70821,14.723854,11.546085,10.520793,14.852901,17.384277,14.436668,15.426813,19.586596,18.748735,19.317228,21.095377,24.507343,23.335863,23.639456,23.400246,18.778963,21.603096,25.40741,21.591133,18.043736,23.814537,25.968243,26.07392,21.031206,19.562037,24.714462,23.628126,20.267788,24.948639,26.497768,23.869055,22.38731,27.302338,24.135857,28.842304,27.052704,23.87225,27.387383,23.287827,23.427795,24.43963,20.736828,18.235123,15.997534,18.746923,16.09548,20.666935,21.225288,24.969013,26.240337,28.7047,28.383976,31.336046,29.390347,26.432478,23.138578,21.748169,22.507792,16.17469,18.925644,19.777103,21.97206,18.132456,15.521523,14.608568,10.51498,8.373487,10.814858,10.298109
9,27.802279,24.489443,21.246538,17.05024,14.566428,12.165771,10.299535,5.8232393,4.8488703,0.0,4.223777,5.659014,9.12753,9.396491,13.547866,10.3452015,13.384485,14.611072,18.10004,20.545584,24.083204,27.209953,31.413807,27.488657,25.6625,23.329239,20.883987,19.170532,16.306288,18.250166,13.387468,16.814877,11.022989,15.210672,14.380401,10.22417,9.814793,15.174636,14.184025,11.027343,13.537644,18.543009,15.960411,14.737094,18.595287,21.925173,19.221962,19.626114,23.872286,22.529701,23.31271,25.743269,28.779816,27.29781,27.980331,27.773619,23.08339,25.688755,29.414145,25.296473,21.614872,27.215092,28.823036,28.686813,23.442093,21.99412,26.86903,25.441654,22.8997,28.013659,28.93774,26.084787,25.463251,30.637457,27.847939,32.66426,31.035353,28.130213,31.867264,27.961092,28.159168,29.239794,25.438047,22.866741,20.542755,22.955357,19.927034,23.946573,23.920044,27.409012,28.210503,30.075043,29.373966,31.962786,29.360865,26.307493,23.155085,21.067127,22.85644,16.125069,19.197481,19.70152,21.837364,18.06285,15.788445,15.50255,12.840836,11.490737,14.765473,14.738102
10,31.109661,27.836063,24.869604,20.418358,17.775488,15.332522,13.168231,9.297374,6.3311563,4.223777,0.0,3.8795052,5.9213037,7.675744,11.905034,9.220569,13.193562,14.564584,18.873096,21.074915,25.072292,28.027271,32.12036,27.695072,25.378628,23.042328,20.003572,17.819584,14.51767,15.732432,10.714301,13.038589,6.9063168,11.024833,10.704203,7.1391854,6.7874627,12.042518,11.891763,9.617135,11.872851,16.765799,14.962107,14.542608,17.615248,21.140944,19.34591,19.973442,23.680145,21.991488,22.045792,25.463129,27.844929,25.812227,26.603613,26.263893,21.551495,23.816841,27.330173,23.103819,19.18831,24.503893,25.64325,25.386566,20.090435,18.65419,23.346165,21.920393,19.929825,25.176615,25.911552,23.263489,23.06624,28.509138,25.8258,30.815638,29.654823,26.89674,31.177969,27.389538,28.181292,29.71278,26.128656,23.132051,20.128523,22.982197,18.86356,22.975756,22.291103,25.777668,26.113245,28.15344,26.823734,29.3455,26.777508,23.857365,20.963017,19.50895,21.89684,15.440734,19.607264,20.7487,23.36474,20.14989,17.426416,18.194958,14.24034,13.789311,16.131987,16.39597
11,33.339413,29.925337,26.76536,22.56571,19.82472,17.793268,15.250969,11.470433,9.212008,5.659014,3.8795052,0.0,4.0085936,4.712014,10.604033,9.729108,13.014061,15.554214,18.72603,21.93821,25.574293,28.285666,32.934986,28.033953,25.948812,23.224487,20.888142,18.140148,15.545861,15.943686,12.502458,13.671578,7.2372594,12.336757,13.003224,9.956179,10.262913,15.214274,15.248421,13.202436,15.681559,20.343094,18.452738,18.32373,21.466187,24.72185,22.801058,23.73557,27.488125,25.868217,25.79775,29.08879,31.593803,29.5051,30.1067,29.455458,24.766573,26.66042,30.400795,26.469984,22.152735,27.195383,28.043808,27.97837,22.706982,20.901096,25.070122,23.153578,21.696066,27.203897,27.206825,24.206972,24.730299,30.146723,27.990103,32.887867,31.699032,29.334063,33.646275,30.245657,30.94512,32.645443,28.836876,25.712841,22.78241,25.015877,20.86604,24.205648,23.155565,26.283686,26.323322,27.703049,26.30117,28.487644,25.41365,22.422266,19.62962,17.51004,20.564144,14.066157,18.314571,19.250597,21.844559,18.974197,16.484869,18.036291,14.96323,15.347364,18.058062,18.993675
12,36.35754,32.890438,30.035683,25.61625,22.633314,20.874151,17.817581,14.724974,11.482396,9.12753,5.9213037,4.0085936,0.0,3.7646487,8.727045,9.177749,12.696382,15.439537,18.91649,21.964886,25.828276,28.269556,32.84524,27.471212,25.04105,22.301039,19.697378,16.465155,13.880185,13.237656,10.733135,10.246002,4.2451386,9.703002,10.927404,9.035138,10.191172,14.192054,14.625231,13.531773,16.087828,19.952253,18.56758,19.354076,21.946272,24.818449,23.55336,25.010946,28.256178,26.606796,25.764812,29.506474,31.631247,29.179014,29.581808,28.582417,24.018076,25.35574,29.037142,25.42216,20.717113,25.239998,25.628368,25.719328,20.572386,18.467993,22.092836,19.926872,19.129519,24.73601,24.238966,21.284708,22.439222,27.934408,26.150276,31.041046,30.226124,28.211584,32.89479,29.852757,30.978544,33.124523,29.453962,25.977873,22.613655,24.868168,19.940016,22.932556,21.21431,24.1447,23.693161,25.040382,23.103718,25.155752,22.068195,19.205673,16.698303,15.204391,18.82198,12.933822,18.056854,19.590603,22.568636,20.370712,17.562174,20.04696,16.074638,17.32218,19.254229,20.637129
13,35.850563,32.211216,29.389458,25.156614,21.989468,20.937914,17.263365,14.820465,11.976394,9.396491,7.675744,4.712014,3.7646487,0.0,6.765237,8.329055,10.688207,14.262036,16.505781,20.368448,23.769524,26.061378,31.069908,25.547926,23.521591,20.503325,18.7688,15.424914,13.729667,13.181599,11.955297,12.310699,7.725902,13.229393,13.751284,11.248924,13.038553,17.268728,16.82815,15.297703,18.639086,22.166016,20.106003,21.01952,24.193327,26.4183,24.593105,26.565918,30.034817,28.79426,28.003904,30.95126,33.670662,31.51998,31.475887,30.146168,25.604164,26.791063,30.926561,27.803566,22.74595,27.301111,27.9521,28.475534,23.390232,20.82691,24.24564,21.703392,20.611433,26.27917,25.391468,21.967976,23.241507,28.46279,27.048048,31.711977,30.532433,28.787167,33.1691,30.464643,31.216555,33.373318,29.409355,25.960785,22.9646,24.42793,20.042467,22.31385,20.75896,23.417381,23.147127,23.923082,22.563559,24.518328,21.191822,18.14347,15.370475,12.913924,16.412415,10.245988,14.976477,16.23574,19.124695,17.122564,14.507422,17.487257,14.327414,16.209599,18.44161,20.426928
14,36.49324,32.684147,30.724874,26.298006,22.63124,22.903807,17.911,17.689667,13.931908,13.547866,11.905034,10.604033,8.727045,6.765237,0.0,5.655973,6.153689,10.067671,11.925339,15.502919,18.906616,20.746157,25.64065,19.630482,17.403542,14.327114,12.888519,9.110887,8.699035,7.688084,9.550851,10.715954,10.472832,14.9934635,13.747991,11.716059,15.229331,18.227474,16.45051,15.584534,20.057384,21.52093,19.108257,21.48126,24.652122,25.027761,23.377968,26.875347,29.753128,29.287874,27.503492,29.543707,32.653236,30.679176,29.552492,27.311028,23.166653,23.443342,28.112705,26.36587,20.550259,24.462416,25.334023,26.843025,22.237053,18.700226,21.35248,18.29258,16.790016,22.28056,20.72016,16.78656,18.32035,23.039688,22.397848,26.612703,25.301655,24.275858,28.550611,26.771154,27.574903,30.296038,26.33378,22.554375,19.579844,20.054777,15.565772,16.502329,14.607323,16.897154,16.715427,17.37582,16.654594,18.92787,16.167397,13.032781,9.706647,7.9142528,10.213793,4.5843863,10.324612,12.733832,16.152374,15.232217,12.076372,16.283102,11.882932,15.456809,16.243011,19.385504
15,31.490147,27.779562,26.001953,21.356607,17.695108,17.926298,12.893634,13.278897,9.105731,10.3452015,9.220569,9.729108,9.177749,8.329055,5.655973,0.0,4.562895,6.2686987,10.713815,12.841968,16.954117,19.546389,23.774038,18.759113,16.35383,13.879733,11.180154,8.863208,6.5369453,8.682616,6.433652,11.060891,10.071906,14.190684,11.41732,8.045884,11.672906,14.922394,12.119096,10.592144,15.555402,16.94678,13.957302,16.117702,19.666344,19.94947,17.900171,21.36862,24.402971,24.141495,22.691648,24.30269,27.734777,26.100624,25.04198,23.169113,18.804394,19.82809,24.542578,22.435392,16.97622,21.702946,23.348768,24.655645,19.865921,16.711866,20.522764,18.229002,15.325045,20.614866,20.465904,16.944035,16.805048,21.682325,19.94803,24.433788,22.77825,20.906788,24.99322,22.456686,23.066265,25.429764,21.460905,17.840866,14.91269,16.111198,11.93804,14.563844,13.907103,17.171665,17.979023,19.87184,19.647655,22.515055,20.580978,17.608173,14.19558,13.174135,13.733024,7.8712106,11.947907,14.016899,17.115557,14.908405,11.465016,13.888516,8.040374,10.664982,11.248235,13.929593
16,31.580965,27.70814,26.301262,21.980024,18.132511,19.572563,13.852695,15.589396,12.206345,13.384485,13.193562,13.014061,12.696382,10.688207,6.153689,4.562895,0.0,4.7069664,6.405426,9.795184,13.245295,15.575508,20.384756,15.057608,13.229282,10.337997,9.32715,7.2544837,7.4480734,9.624414,10.050181,14.402548,14.232053,18.479702,15.654057,12.50476,16.16156,19.26364,15.970999,14.380606,19.620783,20.332207,16.861322,19.246132,23.112211,22.34982,19.824339,24.014767,27.01769,27.332909,25.802551,26.301134,30.341038,29.105583,27.395262,25.02706,21.024675,21.599663,26.717068,25.5025,19.860138,24.18615,26.054222,27.899231,23.436848,19.893559,23.11834,20.487871,17.417475,22.353024,21.66028,17.712948,17.682066,21.779844,20.755228,24.635193,22.489689,21.218153,24.69225,22.93128,23.0168,25.47071,21.23876,17.721634,15.554226,15.134992,12.203446,13.08431,12.85887,15.527467,16.787432,17.962374,18.832062,21.621283,19.804575,16.82288,13.204476,11.572466,10.569256,5.1296816,7.644155,9.87111,13.008488,11.388187,7.871262,11.343747,6.160388,10.53286,10.808097,14.605722
17,29.01775,25.265097,24.493374,20.02931,16.174973,18.08665,12.273281,15.354266,11.840932,14.611072,14.564584,15.554214,15.439537,14.262036,10.067671,6.2686987,4.7069664,0.0,6.7294793,6.706575,11.161085,13.976105,17.695387,13.327975,11.11789,9.265529,6.824102,7.001576,6.3946223,10.514653,9.493406,15.39118,16.01247,19.345573,15.394804,12.2330885,15.900958,18.27559,14.048563,12.555236,17.978971,17.525278,13.6645355,16.49617,20.343775,18.524239,15.874004,20.726614,23.385063,24.233953,22.51996,22.170029,26.54658,25.697601,23.554926,21.09277,17.299465,17.99737,23.235048,22.466005,17.093763,21.486563,23.984869,26.006788,21.85666,18.453957,21.982212,19.900967,15.821738,20.109766,20.333246,16.794413,15.402185,19.140484,17.538277,21.299198,18.814869,17.143864,20.325089,18.38219,18.323137,20.780115,16.591385,13.01915,11.020134,10.564116,8.234637,10.004635,11.079366,14.323276,16.42445,18.623116,19.916948,23.121975,22.180351,19.47218,15.980659,15.431957,13.387744,9.466177,10.7627325,12.841157,15.493992,13.5256605,10.210505,11.830156,5.0538,8.746527,7.1899223,11.191795
18,30.306631,26.388693,25.767288,22.070082,18.27374,21.291697,15.273558,18.808792,16.442646,18.10004,18.873096,18.72603,18.91649,16.505781,11.925339,10.713815,6.405426,6.7294793,0.0,6.049734,7.52189,9.710674,15.139701,10.281607,10.005442,7.3344717,9.41052,9.5140705,11.636195,14.263807,15.522824,20.314363,20.61852,24.740189,21.458778,18.229647,21.781963,24.700203,20.69925,18.919544,24.321733,24.207062,20.17682,22.56765,26.756462,24.690449,21.526176,26.402218,29.289387,30.431868,28.996563,27.822374,32.6738,32.1515,29.691967,26.954096,23.553741,23.870571,29.251104,29.040857,23.613306,27.587519,29.975441,32.309074,28.278103,24.608091,27.4989,24.914751,21.328283,25.424751,24.719013,20.740305,20.122335,22.886608,22.380241,25.272291,22.360777,21.627655,23.810665,22.938135,22.093803,24.340666,19.951532,17.025301,16.336224,13.801431,13.610207,12.570714,13.811849,15.597341,17.858822,18.438438,20.953735,23.665283,22.462498,19.781532,16.326675,14.532231,10.998098,8.656084,5.864667,7.2086916,9.345978,8.517553,5.9407096,9.019271,6.424569,11.187975,10.664094,15.176957
19,28.757416,25.08057,25.400192,21.605206,17.947294,21.371735,15.56128,20.18148,17.540346,20.545584,21.074915,21.93821,21.964886,20.368448,15.502919,12.841968,9.795184,6.706575,6.049734,0.0,4.870451,7.76856,11.056928,7.6405444,6.694339,6.268949,6.903605,9.676465,11.334079,15.075487,15.576058,21.248476,22.657581,25.789272,21.532066,18.674524,22.256926,24.162655,19.47215,18.155119,23.44112,21.80888,17.739058,20.718224,24.525997,21.02339,18.059654,23.729328,25.896717,27.710835,25.860794,23.60785,28.695658,28.622929,25.502323,22.488287,19.723186,19.80462,25.171162,25.852116,20.85618,24.417742,27.374475,30.008156,26.568974,23.040928,25.882915,23.873533,19.461428,22.52445,22.65455,19.240282,17.262827,19.154015,18.322765,20.677574,17.32965,16.51299,18.025654,17.48722,16.40293,18.840563,14.660487,11.77872,11.798561,8.115671,9.8365755,8.558177,11.540161,13.625647,16.836401,18.633875,21.529749,24.67652,24.555222,22.236542,18.985714,18.608387,14.513996,13.196414,11.532994,13.1016,14.764372,13.770899,11.485438,12.3700695,8.216218,11.605928,8.731164,13.096166
20,29.340235,25.716635,26.450905,23.338013,19.930243,24.074322,18.406717,23.400492,21.409298,24.083204,25.072292,25.574293,25.828276,23.769524,18.906616,16.954117,13.245295,11.161085,7.52189,4.870451,0.0,3.5777369,7.926936,5.843923,7.636077,7.743623,10.861588,13.454277,15.880992,19.131601,20.302132,25.711407,26.958855,30.400074,26.30856,23.332216,26.839079,28.975754,24.277817,22.769335,28.034777,26.474619,22.295057,24.963366,28.932966,25.168385,21.91092,27.519714,29.720554,31.834776,30.206638,27.209635,32.610313,32.892105,29.540142,26.452343,24.078697,24.015402,29.312414,30.3983,25.56078,28.866802,31.866655,34.668453,31.373997,27.787249,30.349274,28.208817,23.951853,26.705656,26.520613,23.057121,21.298134,22.363333,22.114185,23.689146,20.068573,19.847067,20.275715,20.54462,18.79368,20.828415,16.817158,14.835572,15.885376,11.309703,14.397198,11.931962,14.984079,16.04323,19.389053,20.314209,24.016186,26.856659,26.823751,24.657602,21.56653,20.745235,15.898547,15.720922,12.23847,12.936223,13.531971,13.381806,12.234304,12.765798,11.259944,14.440709,12.131637,16.277153
21,32.371773,28.822138,29.719952,26.78612,23.4336,27.63026,21.944273,26.826517,24.725382,27.209953,28.027271,28.285666,28.269556,26.061378,20.746157,19.546389,15.575508,13.976105,9.710674,7.76856,3.5777369,0.0,6.2549143,4.047168,7.4620094,8.049316,12.3330765,14.823681,17.933434,20.610695,22.75479,27.666117,29.426903,32.834255,28.836727,26.14646,29.8372,31.796093,27.169106,25.911566,31.207134,29.362452,25.357841,28.292618,32.099754,28.042519,25.063007,30.841793,32.813126,35.014442,33.10752,30.024017,35.32571,35.5903,31.968494,28.578962,26.53228,25.98678,31.252895,32.860218,27.904736,30.715118,33.56337,36.63806,33.597004,29.81735,31.84663,29.538364,25.559978,28.009886,27.332306,23.860067,22.465612,22.858467,23.340488,24.317236,20.741701,21.26564,21.357462,22.479057,20.793612,23.01563,19.339397,17.461048,18.540495,13.604906,16.61394,12.961594,15.717454,15.868472,19.182116,19.49648,23.754637,26.339994,26.610907,24.731407,21.945835,21.30758,15.909697,17.154903,13.175199,13.866532,14.155342,15.112754,14.342366,15.531217,14.482714,17.943516,15.66422,19.810722
22,32.843315,29.713694,31.498812,28.798271,25.803347,30.2052,24.966644,30.363182,28.234533,31.413807,32.12036,32.934986,32.84524,31.069908,25.64065,23.774038,20.384756,17.695387,15.139701,11.056928,7.926936,6.2549143,0.0,6.8773627,9.511211,11.984742,14.87677,18.395573,21.068787,24.092316,25.801825,30.999617,33.42645,36.163868,31.639496,29.292131,32.880722,34.094555,29.178923,28.299788,33.26873,30.32316,26.555481,29.708536,33.029182,27.85778,25.261192,31.327456,32.525177,35.322605,33.15444,28.99274,34.31415,35.10038,30.901947,27.355366,26.290796,25.403961,30.253435,32.84746,28.578333,30.683966,33.882313,37.18874,34.844326,31.30733,33.05642,31.27167,26.937222,28.196228,28.126884,25.36266,23.059958,22.118925,22.653343,22.463577,18.61774,19.5589,18.11592,20.308632,18.219038,20.291386,17.531647,16.524714,18.566597,13.079132,17.679947,13.83613,17.411713,17.2865,21.030905,22.069141,26.528885,29.249453,30.384201,28.859653,26.326427,26.509224,21.021744,22.524693,19.18891,20.072138,20.323704,20.935015,20.079947,20.365051,18.73036,21.314943,18.093592,21.516483
23,34.77811,31.230959,32.03569,28.670214,25.148586,28.895416,23.080929,27.632538,24.884758,27.488657,27.695072,28.033953,27.471212,25.547926,19.630482,18.759113,15.057608,13.327975,10.281607,7.6405444,5.843923,4.047168,6.8773627,0.0,3.9555783,5.5127187,9.801544,12.470213,15.925159,18.197098,21.081375,25.517805,28.191017,31.16334,27.109789,24.978882,28.914562,30.330667,25.823067,25.113527,30.363113,27.978905,24.369074,27.888533,31.270794,26.972464,24.647911,30.694435,32.267853,34.365604,31.889942,29.259525,34.144093,34.112053,30.305676,26.574696,24.729021,23.614641,28.849918,30.88205,25.736635,27.99925,30.631271,33.937572,31.198704,27.260447,28.769032,26.415161,22.642658,24.805126,23.795084,20.40784,19.214262,19.270395,20.271914,21.050955,17.717957,18.789871,19.337559,20.943659,19.89639,22.737888,19.326859,16.899729,17.333635,12.511542,14.582988,9.911995,12.3448925,12.031215,15.424316,15.9561615,20.318174,22.978186,23.717842,22.087683,19.54228,19.74107,14.194188,16.318747,13.363324,14.960666,16.034079,17.19648,15.750276,17.776934,15.220318,19.047796,16.3068,20.529213
24,34.978676,31.424013,32.007477,28.206085,24.566814,27.772348,21.968998,26.144072,22.881628,25.6625,25.378628,25.948812,25.04105,23.521591,17.403542,16.35383,13.229282,11.11789,10.005442,6.694339,7.636077,7.4620094,9.511211,3.9555783,0.0,3.5286412,6.206698,9.270216,12.570787,14.85327,17.793941,22.094557,25.304577,27.864597,23.701159,21.950815,25.986217,26.988737,22.582855,22.27034,27.41711,24.73654,21.436543,25.334791,28.384995,24.131666,22.304384,28.411951,29.76719,31.658154,28.835365,26.797009,31.301517,30.9592,27.20637,23.368042,21.434225,20.095795,25.357319,27.37596,22.080696,24.194672,26.720392,30.050201,27.3823,23.402918,24.820408,22.522972,18.709026,20.898264,19.929752,16.569263,15.281346,15.678849,16.591782,17.782755,14.689402,15.685083,17.118986,18.475794,18.090893,21.370817,18.034513,15.000094,14.614643,10.390395,11.154984,6.0832624,8.446956,8.622951,12.205432,13.65852,17.519505,20.50225,21.404106,19.761925,17.194962,18.0765,12.98143,14.7580385,13.259123,15.55775,17.38259,18.057547,15.901237,18.234833,14.183953,18.056776,15.001582,19.141008
25,34.97782,31.254986,31.334099,27.43784,23.658037,26.61446,20.644817,24.337757,21.055988,23.329239,23.042328,23.224487,22.301039,20.503325,14.327114,13.879733,10.337997,9.265529,7.3344717,6.268949,7.743623,8.049316,11.984742,5.5127187,3.5286412,0.0,5.5209203,7.107317,10.915327,12.824882,16.181911,20.203213,22.947113,25.977657,22.224903,20.258144,24.352106,25.86174,21.730038,21.170782,26.46787,24.589027,21.203056,24.871574,28.184437,24.746695,22.706284,28.487446,30.301893,31.799866,29.207499,27.845068,32.281925,31.646732,28.336699,24.726973,22.206837,21.189915,26.558277,27.853933,22.219765,24.809895,27.052921,30.147652,27.01495,22.928095,24.561054,21.911657,18.443436,21.499687,20.144363,16.315058,15.811211,17.249031,17.99852,19.92589,17.151758,17.740582,19.855688,20.513514,20.257076,23.410063,19.699831,16.412607,15.495082,12.004767,11.528525,7.421375,8.492753,9.050375,11.921191,12.758715,16.272642,19.157951,19.338606,17.367874,14.523066,14.836463,9.792347,11.347841,9.864645,12.408344,14.583274,15.370553,13.0454035,16.160471,12.202875,16.630585,14.308296,18.727957
26,33.86495,30.270498,30.218325,25.857048,22.10571,24.29821,18.646736,21.928322,18.041666,20.883987,20.003572,20.888142,19.697378,18.7688,12.888519,11.180154,9.32715,6.824102,9.41052,6.903605,10.861588,12.3330765,14.87677,9.801544,6.206698,5.5209203,0.0,4.2940736,6.467798,9.429706,11.636036,16.163704,19.465912,21.733288,17.49709,15.939237,20.049694,20.893028,16.697248,16.661692,21.738531,19.342625,16.316948,20.433344,23.271204,19.861242,18.448832,24.211832,25.702532,26.989712,24.0556,23.350706,27.331924,26.406038,23.246784,19.702477,16.959406,15.96349,21.340803,22.392477,16.70318,19.432764,21.788523,24.75944,21.620949,17.633375,19.643381,17.365099,13.330066,16.540854,15.947416,12.368559,11.00633,13.494791,13.276706,16.146175,13.722758,13.520246,16.768494,16.583738,17.119032,20.55709,17.06354,13.199731,11.125276,9.180816,6.3488545,3.8290033,4.8400564,7.769127,10.56323,13.341606,15.43829,18.843756,19.192091,17.151194,14.23833,15.474456,12.009679,11.680752,12.659977,15.514663,18.19804,17.82635,14.801648,17.312748,11.411316,15.117936,12.239127,16.089497
27,35.86736,32.152798,31.49348,26.998705,23.158072,24.741724,19.095316,21.319326,17.169271,19.170532,17.819584,18.140148,16.465155,15.424914,9.110887,8.863208,7.2544837,7.001576,9.5140705,9.676465,13.454277,14.823681,18.395573,12.470213,9.270216,7.107317,4.2940736,0.0,4.5016108,5.804393,9.758169,13.102658,16.441885,19.079607,15.577122,14.233499,18.506805,19.711617,16.257982,16.278008,21.305588,19.866915,17.19351,21.101473,23.917198,21.662962,20.424093,25.601131,27.424875,28.089691,25.235418,25.696136,29.22283,27.769983,25.20086,21.907505,18.688837,17.802265,22.986118,23.278757,17.211226,20.090115,21.745306,24.454487,20.900461,16.719667,18.585167,15.724163,12.656012,16.909864,15.433632,11.314806,11.647126,15.174469,15.214917,18.618486,16.891882,16.685072,20.568228,20.015762,20.886595,24.250715,20.657541,16.676891,13.984925,13.092445,8.88323,7.6322865,5.8609614,8.454863,9.721013,11.829135,12.959036,16.222244,15.781263,13.423914,10.285958,11.495692,9.068367,8.316568,10.888998,14.114481,17.27791,17.099594,13.853965,17.407597,11.562356,15.707531,13.902843,17.736029
28,34.19645,30.61274,29.700779,24.950811,21.249119,22.04347,16.888498,18.473402,13.940156,16.306288,14.51767,15.545861,13.880185,13.729667,8.699035,6.5369453,7.4480734,6.3946223,11.636195,11.334079,15.880992,17.933434,21.068787,15.925159,12.570787,10.915327,6.467798,4.5016108,0.0,4.8348627,5.3951826,10.025583,13.118403,15.301919,11.324326,9.973401,14.242161,15.241955,11.795398,12.031128,16.8951,15.656651,13.230268,17.135813,19.719807,18.145899,17.219301,21.925114,23.777626,24.060575,21.27272,22.54521,25.692097,23.97188,21.93181,19.123325,15.38697,15.121082,20.112982,19.494673,13.443671,17.068508,18.805866,21.022373,17.038433,13.115533,15.996385,13.606711,10.032921,14.916347,14.521026,10.939287,10.483484,15.198511,13.929996,18.236015,16.857033,15.604689,20.103743,18.44618,19.722301,22.892412,19.433739,15.350684,11.878344,12.806384,7.200616,9.163382,7.773461,11.3813925,12.327548,15.297468,15.230683,18.571321,17.92245,15.48383,12.429793,13.623276,12.777473,9.936805,13.63592,16.564365,19.77526,18.602005,15.114303,17.816431,11.111571,14.192763,12.518715,15.528027
29,38.74523,35.115448,33.920357,29.171453,25.467903,25.883581,20.870512,21.554993,16.941643,18.250166,15.732432,15.943686,13.237656,13.181599,7.688084,8.682616,9.624414,10.514653,14.263807,15.075487,19.131601,20.610695,24.092316,18.197098,14.85327,12.824882,9.429706,5.804393,4.8348627,0.0,7.1359324,7.6730523,12.325613,14.264505,11.593768,11.586559,15.746181,16.424429,14.300119,15.128636,19.3744,18.509697,16.965956,20.808718,22.876783,21.90223,21.57085,25.891888,27.584785,27.42562,24.353464,26.53181,29.010094,26.785048,24.99364,22.093023,18.590237,17.698435,22.22938,21.653448,15.492257,18.153429,18.815536,21.065262,17.262587,13.067062,14.676331,11.438872,9.814546,15.025539,13.068351,9.11206,11.054384,15.840634,15.634525,19.753073,19.128094,18.630365,23.446487,22.307024,23.968718,27.359322,24.08731,19.963083,16.357279,17.169453,11.359668,11.911764,8.740242,11.235018,10.574426,12.90005,11.538619,14.605324,13.553896,11.169791,8.497348,10.738263,11.281453,9.595282,14.374182,17.577017,21.026485,20.585629,17.188251,20.910574,14.813204,18.27225,17.137121,20.165613
30,33.82609,30.434235,28.989634,24.069557,20.694727,20.165207,16.0328,16.055244,11.20793,13.387468,10.714301,12.502458,10.733135,11.955297,9.550851,6.433652,10.050181,9.493406,15.522824,15.576058,20.302132,22.75479,25.801825,21.081375,17.793941,16.181911,11.636036,9.758169,5.3951826,7.1359324,0.0,6.900507,8.841113,10.386856,6.1203766,4.868104,9.104602,10.077599,7.4544334,8.081488,12.284906,12.253093,10.663977,13.9805,16.096972,16.326006,15.916444,19.332872,21.365389,20.776861,18.307867,21.177832,23.519012,21.264538,20.354889,18.5009,14.182442,14.891775,19.10142,16.829597,11.160309,15.667194,17.037525,18.231117,13.497264,10.2947235,14.447189,12.709947,9.654842,15.014957,15.568582,12.900737,12.371915,17.856497,15.540966,20.492397,19.705519,17.56709,22.482681,19.690722,21.360607,24.097847,20.910152,17.038025,13.056858,15.839817,9.93873,13.8486185,12.508216,16.181736,16.529379,19.658365,18.41859,21.530067,20.401274,17.931746,15.162115,16.103374,16.908617,12.673646,17.26756,19.83559,23.050772,21.111362,17.611475,19.632423,12.963426,14.5675335,13.760469,15.414953
31,40.32048,36.949696,35.138905,30.254948,26.98587,25.847801,22.155207,20.915627,16.269907,16.814877,13.038589,13.671578,10.246002,12.310699,10.715954,11.060891,14.402548,15.39118,20.314363,21.248476,25.711407,27.666117,30.999617,25.517805,22.094557,20.203213,16.163704,13.102658,10.025583,7.6730523,6.900507,0.0,7.2378054,7.02572,6.220288,8.59117,11.454743,11.310677,11.715674,13.362907,15.780285,16.274195,16.314943,19.324694,20.318611,21.49071,22.068434,24.758495,26.3782,25.061834,22.23333,26.513914,27.65794,24.62702,24.27626,22.474672,18.641977,18.515984,21.772179,19.380674,14.063477,16.92437,16.499115,17.296026,12.846399,9.753324,12.1332655,9.718294,10.03275,15.457754,14.511823,12.285043,14.136034,19.671362,18.34292,23.11613,23.3568,21.969217,27.338099,25.07115,27.305264,30.318314,27.441837,23.489273,19.314178,21.967888,15.586198,18.23637,15.367943,18.111862,16.890053,19.424387,16.431284,18.844946,17.235643,15.175469,13.483712,15.287583,17.95169,14.721859,20.327303,23.11117,26.562212,25.307117,21.898968,24.937447,18.830095,20.87059,20.520302,22.209545
32,37.235565,33.92168,31.330528,26.676834,23.75924,21.704876,18.91772,15.990273,12.113341,11.022989,6.9063168,7.2372594,4.2451386,7.725902,10.472832,10.071906,14.232053,16.01247,20.61852,22.657581,26.958855,29.426903,33.42645,28.191017,25.304577,22.947113,19.465912,16.441885,13.118403,12.325613,8.841113,7.2378054,0.0,5.5311484,7.158736,6.738939,7.7443852,10.608488,11.863411,11.756618,13.617669,17.06074,16.5238,17.695633,19.462059,22.501019,22.054085,23.385786,26.095814,24.206367,22.899496,27.370663,28.842949,26.045145,26.661245,25.797403,21.351538,22.589355,25.812702,21.990673,17.500559,21.762255,21.85783,21.680758,16.556583,14.760423,18.474625,16.707441,16.19576,21.624983,21.49698,19.097471,20.1155,25.7681,23.719501,28.73945,28.367424,26.22564,31.22103,28.04687,29.65411,31.94092,28.663645,25.096127,21.321806,24.257626,18.722824,22.232405,20.289589,23.403467,22.772308,24.77952,22.349491,24.568373,21.996708,19.413324,17.187286,16.903633,20.283056,14.995802,20.436274,22.406921,25.561527,23.4053,20.311754,22.600994,17.602406,18.598698,19.77339,20.776722
33,39.75159,36.703945,34.338455,29.58554,26.912424,24.430914,22.270609,19.376175,15.417854,15.210672,11.024833,12.336757,9.703002,13.229393,14.9934635,14.190684,18.479702,19.345573,24.740189,25.789272,30.400074,32.834255,36.163868,31.16334,27.864597,25.977657,21.733288,19.079607,15.301919,14.264505,10.386856,7.02572,5.5311484,0.0,5.37706,8.212041,8.045745,7.876312,11.09749,12.523331,12.638378,15.388398,16.408373,17.79759,18.081356,21.545992,22.336142,23.157919,25.026005,22.671782,20.839203,26.475332,26.772545,23.426275,24.57937,24.086594,20.018614,21.086369,23.306355,19.070492,15.388884,18.888645,18.259867,17.356508,12.454969,11.697187,15.218118,14.346155,14.71518,19.461418,19.87042,18.54669,19.449278,25.077152,22.743765,27.783926,28.125454,25.87379,31.174006,27.864237,30.095219,32.461777,29.803059,26.275877,22.149323,25.861511,19.855995,23.804157,21.617598,24.744974,23.80108,26.44072,23.35034,25.550993,23.59624,21.517647,19.869337,20.740484,23.97926,19.483818,25.038574,27.30632,30.558456,28.46319,25.224564,27.291151,21.655672,22.280107,22.753365,23.191763
34,36.24899,33.183876,31.356447,26.45138,23.604252,21.737803,19.063135,17.442852,12.938538,14.380401,10.704203,13.003224,10.927404,13.751284,13.747991,11.41732,15.654057,15.394804,21.458778,21.532066,26.30856,28.836727,31.639496,27.109789,23.701159,22.224903,17.49709,15.577122,11.324326,11.593768,6.1203766,6.220288,7.158736,5.37706,0.0,4.6379194,6.2548904,5.1825795,6.26769,8.357933,9.683613,10.865615,11.491155,13.820706,14.373398,16.681583,17.481976,19.18348,20.843231,19.123495,16.755875,21.695446,22.53325,19.484093,19.945026,19.120176,14.89683,16.055683,18.795734,14.964127,10.558528,14.809134,15.189994,14.997936,9.762358,8.167421,12.897572,12.219516,10.76851,15.593733,16.808395,15.400458,15.156009,20.78801,17.987219,23.118544,23.176102,20.672792,25.886513,22.504995,24.72861,27.1698,24.58144,21.024567,16.84007,20.73804,14.783957,19.222466,17.568516,21.068377,20.772741,24.054087,21.717175,24.485596,23.222473,21.052443,18.92689,20.130344,22.094105,17.733149,22.82123,25.247662,28.46832,26.260712,22.856596,24.527496,18.2154,18.767605,18.450224,18.891054
35,32.25561,29.053131,27.071573,22.181395,19.228596,17.51852,14.567849,13.031765,8.385304,10.22417,7.1391854,9.956179,9.035138,11.248924,11.716059,8.045884,12.50476,12.2330885,18.229647,18.674524,23.332216,26.14646,29.292131,24.978882,21.950815,20.258144,15.939237,14.233499,9.973401,11.586559,4.868104,8.59117,6.738939,8.212041,4.6379194,0.0,4.297543,6.957305,5.6288896,5.2829723,8.532014,10.997544,9.821232,11.490139,13.614286,15.920015,15.3508835,17.182705,19.7737,18.406937,16.934952,20.74533,22.699287,20.315529,20.560152,19.785702,15.161296,17.000973,20.470934,16.68856,12.208021,17.399706,18.672184,18.779736,13.569382,11.771766,16.733587,15.696256,13.145948,18.161463,19.431885,17.293127,16.521784,22.035782,19.082758,24.178171,23.441334,20.662899,25.401749,21.74721,23.272806,25.371365,22.269615,18.848911,15.076287,18.66958,13.480841,18.172134,17.283136,21.02274,21.370472,24.372417,22.863369,25.782343,24.207401,21.631618,18.905247,19.12362,20.662739,15.384692,19.970324,22.026289,25.042274,22.381147,19.078358,20.23593,14.197438,14.364955,14.608812,15.038941
36,31.853031,28.944296,26.587946,21.857544,19.479765,16.643677,15.192221,12.27276,8.5795765,9.814793,6.7874627,10.262913,10.191172,13.038553,15.229331,11.672906,16.16156,15.900958,21.781963,22.256926,26.839079,29.8372,32.880722,28.914562,25.986217,24.352106,20.049694,18.506805,14.242161,15.746181,9.104602,11.454743,7.7443852,8.045745,6.2548904,4.297543,0.0,5.404896,6.449539,5.7259316,5.99054,10.889982,10.6151905,10.5286045,12.06712,16.269283,15.8930235,16.040989,18.851639,16.683739,16.141895,20.85083,22.171192,19.657705,20.97269,21.136152,16.565563,19.081009,21.738977,16.862955,13.755136,19.020456,20.119635,19.314438,14.0878935,13.614962,18.8306,18.419218,16.271864,20.829426,22.636494,20.981771,20.024239,25.496193,22.12548,27.249702,26.669209,23.493994,28.09267,23.8833,25.39649,26.99467,24.172508,21.191643,17.638506,21.769659,17.03359,22.138025,21.449337,25.232529,25.541906,28.58832,26.834526,29.637634,27.90187,25.355722,22.764938,22.74093,24.68062,19.05116,23.54469,25.282938,28.120571,25.040918,21.958792,22.435652,17.034098,16.118109,16.93609,16.29933
