,0,1,2,3,4,5,6,7,8,9,10,11,12,13,14,15,16,17,18,19,20,21,22,23,24,25,26,27,28,29,30,31,32,33,34,35,36,37,38,39,40,41,42,43,44,45,46,47,48,49,50,51,52,53,54,55,56,57,58,59,60,61,62,63,64,65,66,67,68,69,70,71,72,73,74,75,76,77,78,79,80,81,82,83,84,85,86,87,88,89,90,91,92,93,94,95,96,97,98,99,100,101,102,103,104,105,106,107,108,109,110
0,0.0,4.217547,6.6278443,9.247017,12.121294,14.104645,18.350721,22.38515,24.379503,27.22641,31.452644,33.882946,36.369347,32.43674,27.158773,26.106592,22.196537,20.73145,15.770146,16.74853,14.292971,14.059252,13.386848,16.993755,19.257252,19.004362,20.95498,20.263676,24.452505,21.45563,29.48423,24.781273,31.702631,30.29385,32.414516,35.39139,33.109318,32.132877,28.549898,26.080183,29.381952,25.735168,29.892645,28.58341,24.122465,27.292152,23.095747,25.519846,24.164183,24.871796,28.186672,28.892689,33.768856,35.734303,36.63688,32.9871,33.295452,34.833046,39.288437,38.71162,35.161964,33.01773,38.03373,38.135582,41.81422,37.854836,34.365314,39.516598,36.504616,33.146854,34.39803,34.174156,31.952969,28.017836,28.020657,25.62188,25.454422,29.217964,29.717304,34.14052,34.483093,37.491486,39.449505,36.495087,32.225166,29.23143,27.604578,24.150213,20.271723,19.658264,19.677671,17.971895,20.962248,24.650076,27.334297,26.400253,28.3986,28.37293,30.397266,30.241592,35.131886,34.081802,39.643826,39.28733,37.884834,35.21991,32.18638,27.732409,25.875755,21.752415,20.541225
1,4.217547,0.0,4.7000575,6.0277762,8.30816,11.565852,14.979916,19.201235,21.020966,23.689598,28.14839,30.213648,32.763927,28.564285,23.331005,22.027945,18.11166,16.514654,11.684912,12.726783,10.757542,10.727811,10.886664,14.012895,15.870945,15.598476,17.013083,16.255516,20.32878,17.50352,25.546442,21.061554,28.115414,26.980698,29.27463,32.449318,30.497726,29.385748,25.638815,22.916395,26.07056,22.208496,26.194775,24.706913,20.436571,23.344912,19.504417,21.816612,20.844858,21.200634,24.41848,24.882849,29.822327,31.618464,32.658306,29.082033,29.193407,30.776943,35.16464,34.654278,31.162054,28.85329,33.83363,33.92934,37.62819,33.74704,30.205112,35.40898,32.532803,29.179382,30.691912,30.500143,28.480917,24.339577,24.85448,22.070219,22.504179,26.114815,26.507858,31.057274,30.940598,34.110092,35.77094,32.739124,28.454262,25.292852,23.940342,20.12678,16.438433,16.337975,16.752031,15.717021,18.859825,22.297628,24.681398,23.229649,25.052073,24.791376,26.49001,26.161327,31.045128,29.901194,35.462624,35.147232,33.826057,31.14552,28.270441,23.65738,22.0344,17.790956,17.005571
2,6.6278443,4.7000575,0.0,5.0399823,7.035245,7.9589834,13.116784,16.07677,18.6935,21.121696,25.40776,28.014135,31.03495,27.412922,22.050846,21.233807,17.70101,16.755388,13.260129,14.271872,13.766488,13.290303,14.57676,17.503635,18.693357,18.659893,18.949287,17.80305,21.067595,18.128191,25.357006,20.57753,27.346334,25.385838,28.107656,30.649591,28.873312,28.356155,24.304985,21.79194,25.83099,22.550161,26.38195,25.399626,21.976965,24.73132,21.902134,24.199509,23.861244,23.442648,26.454138,26.360155,31.431602,32.561844,34.149277,30.813663,30.129972,31.538704,35.841366,34.96318,31.329895,29.017351,33.57985,33.41021,36.90936,33.0629,29.30679,34.112244,30.77205,27.393631,28.183495,27.950367,25.524824,21.816828,21.543291,19.65139,19.494713,23.564507,24.6283,29.212418,29.364008,32.97282,34.8642,32.298985,28.104822,25.007643,24.178871,20.663727,17.644295,17.826561,19.15699,18.213902,21.766003,24.709068,26.900312,25.145403,26.290224,26.47154,27.28743,26.948862,31.26472,29.660265,35.25044,34.467396,33.14841,30.226658,27.701502,22.826868,20.973082,16.902855,15.307658
3,9.247017,6.0277762,5.0399823,0.0,3.74367,6.4635086,9.116382,13.812551,15.212297,18.319921,22.442171,24.781878,27.128393,23.376268,18.0535,17.499334,13.760445,13.7650175,9.868228,12.276602,12.03663,12.856656,14.295404,16.002798,17.042635,16.19815,15.97385,14.036644,17.178709,13.662713,20.928873,15.9535885,22.762892,21.157314,23.57314,26.517597,24.660177,23.777784,19.850628,17.209234,20.936491,17.623035,21.596554,20.824102,17.426186,20.631784,18.001402,21.08989,21.347364,21.237103,23.94921,23.322998,28.341064,29.324677,30.660624,27.19757,26.382618,27.417252,32.012993,30.734222,26.960653,25.186552,30.054966,30.338715,33.636257,29.26655,26.151894,31.36945,27.858051,24.625526,25.958889,26.324244,23.98901,20.118616,21.041462,19.002983,20.20887,24.114689,25.156237,29.930208,29.093248,33.073997,34.23825,31.447376,27.257278,23.684752,23.54666,18.892757,16.373537,17.680779,19.024414,19.077604,22.28441,25.184357,27.000221,24.62294,25.841232,25.125717,25.598585,24.51338,29.09819,27.092321,32.63498,32.14057,31.275974,28.24077,26.441298,20.907173,20.038538,15.62209,15.313715
4,12.121294,8.30816,7.035245,3.74367,0.0,6.078279,7.2533574,11.391201,12.969337,15.447311,20.022482,21.908396,24.675447,20.601635,15.290797,14.283353,10.678171,10.443797,7.860275,9.875943,11.026309,11.63044,14.043451,15.177319,15.447738,14.921673,13.693803,11.823688,14.384469,11.4128065,18.364756,13.820276,20.741926,19.355104,22.212353,25.210114,23.948156,23.075554,18.886993,15.949516,19.608648,16.127926,19.644821,18.612154,15.826622,18.308102,16.536268,19.052158,19.788925,18.946863,21.45128,20.527744,25.583862,26.241068,27.937466,24.714651,23.512856,24.705381,29.058819,27.970444,24.323864,22.102531,26.738806,26.81879,30.194593,26.11916,22.652868,27.778685,24.45439,21.154375,22.64202,22.862762,20.773327,16.66473,18.000908,15.527368,17.268085,20.934801,21.895273,26.69972,25.545403,29.648438,30.64005,27.897888,23.753965,20.127642,20.331688,15.622378,13.640194,15.451002,17.381699,17.981176,21.229763,23.623497,25.08737,22.31529,23.120867,22.442917,22.372068,21.260439,25.595024,23.497593,29.050537,28.454409,27.567839,24.511341,22.811514,17.18997,16.427734,12.01277,12.032753
5,14.104645,11.565852,7.9589834,6.4635086,6.078279,0.0,6.965968,8.708569,11.440153,14.119316,17.818327,21.025558,24.059786,21.3688,16.08293,16.49643,13.8141,15.061251,13.713276,15.685612,17.05641,17.308989,19.686804,21.207344,21.462803,20.972752,19.395586,17.14994,18.734821,15.445065,20.653667,15.573967,21.443092,18.514133,21.642168,23.480219,22.084385,22.20462,17.85805,15.6735325,20.67837,18.541697,21.924616,21.993443,20.191189,22.8727,21.885288,24.709843,25.76937,24.692308,26.977478,25.575539,30.547882,30.51446,32.584076,29.593431,27.635311,28.336973,32.65545,30.82613,26.962978,25.294544,29.351738,29.279291,32.140087,27.86313,24.602736,29.10146,24.86275,21.708439,21.89381,22.37932,19.396027,16.376461,16.325611,15.983055,16.730848,21.117823,23.169699,27.870287,27.13609,31.77237,33.04092,30.963095,27.05882,23.635702,24.418842,20.270552,18.944649,20.621117,22.921434,23.145708,26.661875,28.922848,30.412905,27.662884,27.982082,27.74313,26.947811,25.784325,29.382755,26.677773,32.070736,30.925898,30.191751,26.849205,25.846262,20.024496,19.135962,15.305479,14.203145
6,18.350721,14.979916,13.116784,9.116382,7.2533574,6.965968,0.0,6.9158697,6.244087,10.109451,13.699115,16.024334,18.103132,14.961815,9.666658,10.681494,8.225335,11.565654,11.323406,14.330802,16.42104,17.77787,20.332737,20.30668,20.02927,18.823982,16.17816,13.066397,13.472375,9.839345,13.912885,8.657753,14.585051,12.312635,15.356888,18.002096,16.962847,16.443624,12.011442,9.259303,13.924657,11.908738,15.035891,15.516409,14.648473,17.346447,17.527998,20.883074,22.925495,21.928062,23.532162,21.27162,25.927197,25.450787,27.316666,24.40695,22.00149,22.132767,26.673203,24.301594,20.298956,19.335201,23.624044,24.16151,26.689756,21.747559,19.428028,24.461285,20.100882,17.230795,18.482796,19.893875,17.396755,14.145178,16.418203,15.5428,18.426325,22.010546,23.722235,28.428514,26.270334,31.198292,31.370794,29.03826,25.324808,21.428148,23.221107,17.916687,17.702581,20.65048,22.950094,24.324041,27.301826,29.257511,30.158733,26.707363,26.954403,25.645618,24.195518,22.038485,25.691235,22.423346,27.577496,26.84544,26.801039,23.399319,23.559813,17.095758,17.827328,14.026505,14.967482
7,22.38515,19.201235,16.07677,13.812551,11.391201,8.708569,6.9158697,0.0,5.127511,5.7152557,9.566055,12.741908,16.705334,14.809217,10.296015,11.682881,11.275938,14.151254,16.217009,17.815662,20.951456,21.313421,24.59367,24.885267,23.974712,23.588007,20.213007,17.75525,16.901882,14.781428,16.286886,12.490534,16.4543,12.977121,17.128544,18.138128,18.339615,19.076265,14.520083,12.596739,17.716015,16.800905,18.585825,19.31963,19.944908,21.314163,22.790434,25.009056,27.333149,25.20712,26.51163,23.945742,28.3879,26.964949,29.771883,27.600803,24.24598,24.46245,28.134604,25.808594,22.179688,20.63424,23.454523,23.132202,25.308758,21.269524,18.145761,21.82031,16.952274,14.088049,13.559033,14.715427,11.472679,9.354796,10.363059,11.59682,13.965993,17.62479,20.286728,24.671747,22.783335,28.188229,28.631615,27.210098,23.955084,20.600798,23.065952,19.100615,19.877855,22.62026,25.720863,26.98816,30.257572,31.52091,32.153667,28.612242,27.896309,27.474884,24.907581,23.198118,25.429672,21.784372,26.606487,24.98099,24.812769,21.240253,21.972399,15.883498,16.206268,13.676976,13.524188
8,24.379503,21.020966,18.6935,15.212297,12.969337,11.440153,6.244087,5.127511,0.0,5.000712,7.498192,10.204117,12.628715,10.808027,6.388977,9.366171,9.521562,14.014642,16.050703,18.505203,21.487852,22.670958,25.667814,25.169523,24.250597,23.204166,19.562405,16.48846,14.932785,12.458626,12.334419,8.42647,11.493299,7.9558153,12.064438,13.601554,13.893883,14.256639,9.74437,7.7963095,12.816752,12.6831875,14.142367,15.676576,17.07213,18.728577,20.818243,23.701712,26.53743,24.870087,25.746998,22.655031,26.754496,25.110928,27.508972,25.307762,21.742683,21.25218,25.254242,22.171705,18.305315,17.885105,20.994486,21.445711,23.152515,18.151361,16.406944,20.630157,15.454587,13.0927105,13.632311,15.935387,13.252443,11.313589,14.1474085,14.794198,18.272255,21.352783,23.594564,27.91939,25.132221,30.55917,30.194414,28.491661,25.369198,21.674492,24.62037,19.7446,20.921862,24.292643,27.076519,28.865063,31.765045,33.110565,33.5243,29.679876,29.194382,27.898777,25.192837,22.675581,25.11799,21.061634,25.587423,24.444838,24.955349,21.407839,23.06294,16.620928,18.20246,15.576229,16.759516
9,27.22641,23.689598,21.121696,18.319921,15.447311,14.119316,10.109451,5.7152557,5.000712,0.0,5.4698687,7.1521254,11.803881,10.140196,7.069568,9.067801,10.746346,14.373968,18.056086,19.47673,23.225466,23.848846,27.338083,26.763617,25.267244,24.806631,20.600464,18.163752,15.748976,14.73757,13.220018,11.247756,13.2151575,10.297215,14.784699,15.619074,17.129776,17.802534,13.651536,11.94568,15.983153,15.804481,16.155218,17.19562,19.456734,19.814316,22.824274,24.608534,27.660707,25.141457,25.685383,22.418285,26.226868,23.931824,27.020397,25.455555,21.317297,21.11253,24.24673,21.613655,18.30382,16.994493,18.885824,18.597162,20.196117,16.21825,13.544157,16.788307,11.505498,9.027904,8.742678,10.995149,8.374316,7.0558476,10.396953,11.638332,15.465676,17.875284,20.30731,24.264912,21.235815,26.854427,26.37165,25.19692,22.506731,19.220644,22.730293,18.786396,20.829796,24.176794,27.415226,29.366201,32.257355,32.98164,33.047142,29.081833,27.916124,27.077208,23.548529,21.320927,22.664028,18.427177,22.622488,20.927668,21.391253,17.809185,20.012672,14.043221,15.72188,14.255872,15.328956
10,31.452644,28.14839,25.40776,22.442171,20.022482,17.818327,13.699115,9.566055,7.498192,5.4698687,0.0,5.2891293,8.859953,10.40568,9.509279,12.908367,15.08594,19.372562,22.783648,24.631792,28.187792,29.074892,32.41009,31.701271,30.294312,29.525288,25.291767,22.536514,19.746958,18.505173,15.092646,13.620941,12.8194,8.786346,12.923759,12.020702,14.384051,15.99583,12.615894,12.301996,16.18612,17.68247,17.38113,19.562675,22.63315,23.200665,26.664602,28.885763,32.212585,29.919079,30.167938,26.551556,29.90288,27.111856,30.061424,28.76285,24.251694,23.258835,26.18489,22.630266,19.442606,19.483223,20.574486,20.648855,21.082708,16.793198,15.826432,18.030067,12.087857,11.073711,9.593159,13.011667,10.346411,11.341056,13.823652,16.44691,19.831493,22.050571,24.811178,28.367886,25.180355,30.892984,30.051014,29.304874,27.058584,23.958298,27.812498,23.887262,26.129679,29.589045,32.76186,34.7658,37.61865,38.36652,38.352062,34.298008,33.064144,32.01546,28.19451,25.641766,26.484308,21.90233,25.28168,23.533459,24.602919,21.165222,24.364172,18.75597,20.800404,19.663246,20.687845
11,33.882946,30.213648,28.014135,24.781878,21.908396,21.025558,16.024334,12.741908,10.204117,7.1521254,5.2891293,0.0,6.1647964,7.0513864,8.56356,11.186022,14.531543,18.559763,22.95662,24.411175,28.329916,29.303282,32.752804,31.408518,29.545382,28.853828,24.171097,21.748264,18.025492,17.982634,12.718874,13.377985,11.411631,9.64221,13.3794,13.3556185,16.529829,17.291853,14.453706,13.737392,15.866049,17.178463,15.64403,17.459793,21.533644,21.005861,25.47464,27.014647,30.731705,28.133093,27.795616,23.849886,26.554775,23.206005,26.323029,25.595818,20.679943,19.546944,21.787418,18.355827,15.732681,15.655693,15.790554,15.895738,15.902014,11.87257,11.398228,13.213459,7.292149,7.2085814,7.1915874,11.155291,10.186071,10.976357,15.016088,16.42975,20.747927,21.956362,24.079811,27.286211,23.230038,28.745148,27.113049,26.367682,24.581757,21.633408,26.003853,22.239885,25.262178,29.017271,32.17726,34.675575,37.148075,37.445644,36.984253,32.71474,31.21973,29.84921,25.500166,22.676338,22.834505,18.068417,20.775991,19.174038,20.751596,17.540253,21.661274,16.581999,19.517006,19.10113,21.005287
12,36.369347,32.763927,31.03495,27.128393,24.675447,24.059786,18.103132,16.705334,12.628715,11.803881,8.859953,6.1647964,0.0,6.249098,9.904516,13.364313,16.508385,21.271875,24.911459,27.107819,30.53334,32.169464,35.189747,33.36149,31.72709,30.39329,25.896757,23.030682,19.155472,18.717266,11.79005,13.200525,8.042499,7.4740543,9.347375,9.241965,13.069722,13.449261,12.123477,12.403339,12.8126335,15.688417,13.306654,16.328186,21.057877,20.971025,25.670145,27.964241,31.935041,30.071947,29.427908,25.216719,27.379236,24.02801,26.320524,25.566824,20.76354,18.548132,21.06667,16.377775,13.706889,15.904279,16.289797,17.697678,16.766905,11.373507,13.915872,16.14101,11.132184,11.980734,13.117485,17.094822,16.347803,16.745987,20.987331,22.00867,26.53573,27.87675,29.735716,33.016045,28.635433,33.936863,31.801624,30.70817,28.959064,25.764229,30.105274,25.575851,28.469048,32.51671,35.252792,37.988068,40.182346,40.739697,40.239754,35.87134,34.797,32.648335,28.584818,25.117838,25.701988,20.924162,23.045856,22.259449,24.464315,21.563148,25.996119,20.834166,24.297176,23.402798,25.855242
13,32.43674,28.564285,27.412922,23.376268,20.601635,21.3688,14.961815,14.809217,10.808027,10.140196,10.40568,7.0513864,6.249098,0.0,5.376973,7.657576,11.090843,15.554415,19.518085,21.471647,24.981577,26.676386,29.677502,27.552467,25.747503,24.479088,19.851654,17.200752,13.036308,13.26765,6.0892196,8.7339525,5.931738,7.8810763,10.418013,12.977819,15.4732485,14.537375,12.223772,10.800059,10.554915,11.469999,8.964709,10.833113,15.617943,14.967061,19.872683,21.78667,25.787718,23.850636,23.187235,19.002024,21.406551,18.396574,20.710716,19.673048,14.957946,13.223505,16.33855,12.341803,9.053163,10.153111,11.945684,13.558914,14.020675,7.9599,9.391315,13.649373,9.470359,9.102849,12.392474,15.608176,15.391424,14.019755,19.223402,18.558676,23.644089,24.828016,26.010855,29.552654,24.992352,30.010704,27.851341,26.093956,23.989752,20.502518,24.63803,19.733816,22.667068,26.829071,29.403849,32.34344,34.314667,34.813034,34.24575,29.858652,28.973938,26.565592,22.751305,19.1399,20.390308,15.773675,18.671753,18.346848,20.269901,17.320442,21.140978,15.735066,19.503359,18.373878,21.475212
14,27.158773,23.331005,22.050846,18.0535,15.290797,16.08293,9.666658,10.296015,6.388977,7.069568,9.509279,8.56356,9.904516,5.376973,0.0,4.4816175,6.7014866,11.724878,15.091579,17.32694,20.705013,22.30687,25.320843,23.721266,22.241419,21.015755,16.671127,13.712044,10.556868,9.532622,6.2910967,5.0761347,7.3655233,7.2726693,10.841014,13.857939,15.078273,14.173751,10.5288515,8.001805,9.956058,9.334788,9.137874,10.309849,13.302444,13.748234,17.34488,19.737478,23.256218,21.449999,21.571316,17.893578,21.403217,19.351767,21.650648,19.774914,15.789216,15.00165,18.932556,15.812281,12.009228,11.685358,15.009434,16.033718,17.729132,12.292353,11.26127,16.31087,11.914715,9.910684,12.710053,15.274676,14.145892,11.624026,16.450119,15.452842,20.241556,22.198668,23.540363,27.617708,23.751783,28.880707,27.552378,25.481976,22.655542,18.817677,22.32043,17.005297,19.14245,23.127642,25.73505,28.304728,30.610804,31.522865,31.394224,27.193615,26.6321,24.5534,21.414822,18.20313,20.533115,16.27442,20.447222,19.913525,20.973358,17.666882,20.094551,13.824399,16.807947,14.704072,17.455503
15,26.106592,22.027945,21.233807,17.499334,14.283353,16.49643,10.681494,11.682881,9.366171,9.067801,12.908367,11.186022,13.364313,7.657576,4.4816175,0.0,4.133934,7.9540095,12.510556,13.941646,17.751902,19.143482,22.346489,20.470549,18.576702,17.727442,13.011939,10.682275,7.026605,7.695746,6.302997,6.5800524,10.544532,11.684003,14.874694,18.255291,19.368505,18.071514,14.514357,11.555773,12.598985,10.222956,10.040725,9.150419,11.6408415,10.881035,14.694741,16.074633,19.613098,17.31771,17.38181,13.785262,17.548164,15.762461,18.332218,16.446709,12.644186,12.858999,16.598366,14.777603,11.409705,9.079332,12.988414,13.628963,16.33578,11.837054,9.174946,14.914692,11.877499,9.314954,13.15863,14.714788,14.398786,10.766202,16.052914,13.453538,18.62314,20.069561,20.698435,24.771538,20.752611,25.508211,24.133408,21.652983,18.65174,14.685886,18.081108,12.656899,15.146313,19.255617,21.891302,24.720917,26.82301,27.446156,27.131992,22.863258,22.239735,20.10714,16.96109,13.811493,16.497177,12.59209,17.309006,17.007063,17.669764,14.483431,16.22648,9.976414,13.229284,11.214827,14.693259
16,22.196537,18.11166,17.70101,13.760445,10.678171,13.8141,8.225335,11.275938,9.521562,10.746346,15.08594,14.531543,16.508385,11.090843,6.7014866,4.133934,0.0,5.4099784,8.588606,10.685452,14.073691,15.725537,18.707186,17.069986,15.619762,14.529566,10.311739,7.487631,5.679563,4.518392,8.202391,5.9845753,12.303824,13.064395,15.95302,19.732502,19.930902,18.37049,14.58523,11.223254,12.746506,9.163079,10.721224,9.296965,9.51559,10.08848,12.139323,14.236458,17.228617,15.502493,16.314243,13.427011,17.878548,17.228333,19.227589,16.58093,13.936299,14.580776,18.873827,17.408037,13.850011,11.637231,16.379984,17.073353,20.13708,15.665494,12.971732,18.768894,15.868995,13.050136,16.384844,17.534557,16.716293,12.538682,17.035345,13.960282,18.573551,20.622942,21.120392,25.544409,22.169746,26.665863,25.861305,22.99803,19.471354,15.319647,17.69593,11.675396,12.905316,16.876986,19.214514,21.793617,24.024408,25.180986,25.29114,21.2622,21.265984,19.112352,17.09059,14.286657,18.136135,14.991887,20.12927,20.031265,20.191008,17.109085,17.518175,11.176364,13.417042,10.167595,13.458391
17,20.73145,16.514654,16.755388,13.7650175,10.443797,15.061251,11.565654,14.151254,14.014642,14.373968,19.372562,18.559763,21.271875,15.554415,11.724878,7.9540095,5.4099784,0.0,6.2928605,6.109155,10.378488,11.3583765,14.739026,13.075679,11.059675,10.947979,6.5621414,5.7834773,5.8063602,7.0131135,12.359662,11.203667,17.41667,18.433765,21.334055,25.117714,25.287477,23.663456,19.890787,16.485083,17.715061,13.449931,14.969315,12.184078,10.941266,10.268932,11.093456,11.303141,13.62295,11.088629,12.484693,10.644542,15.618374,15.922361,18.052689,15.370638,13.80465,15.80015,19.423185,19.55056,16.741539,12.973504,17.536722,17.54418,21.432415,18.314703,14.351958,19.856367,18.25815,15.192598,18.619354,18.622248,18.388893,13.595082,17.575075,12.926937,17.17406,18.714779,18.275463,22.66207,19.685755,23.437502,23.03914,19.698486,15.782348,11.675861,12.973017,6.753127,7.510055,11.567866,14.024207,16.796932,18.931469,19.840136,19.930902,15.95522,16.07919,14.207224,12.904054,10.995891,15.555212,13.681536,19.179043,19.216557,18.53019,15.872389,14.478634,8.9881,10.221317,6.6282725,10.489211
18,15.770146,11.684912,13.260129,9.868228,7.860275,13.713276,11.323406,16.217009,16.050703,18.056086,22.783648,22.95662,24.911459,19.518085,15.091579,12.510556,8.588606,6.2928605,0.0,4.5061393,5.7367635,8.196548,10.385841,9.16226,8.883517,7.5847282,6.142978,4.656837,8.843036,7.155759,15.3888035,12.583372,19.626263,20.401896,22.610418,26.748484,25.850058,23.88891,20.327621,16.949902,18.252369,13.455592,16.489658,13.919815,10.017751,11.815359,9.131071,11.287198,12.116939,11.783239,14.239367,13.687755,18.643179,20.190792,21.15209,17.627966,17.525768,19.214312,23.533918,23.358557,20.20392,17.575981,22.851393,23.388828,27.124464,23.311136,20.206955,25.944298,23.910086,20.86215,23.950157,24.1925,23.295835,18.588959,21.700813,17.545351,20.723274,23.077381,22.74582,27.295952,25.126078,28.522688,28.627802,25.07873,20.967255,17.108177,17.021074,11.153268,8.975271,11.808398,12.8945675,14.915284,17.090527,19.311676,20.272932,17.10299,18.575455,16.53083,17.24873,15.692197,21.014288,19.652493,25.013882,25.363106,24.634815,22.11674,20.174585,15.123177,15.436339,11.198967,13.604363
19,16.74853,12.726783,14.271872,12.276602,9.875943,15.685612,14.330802,17.815662,18.505203,19.47673,24.631792,24.411175,27.107819,21.471647,17.32694,13.941646,10.685452,6.109155,4.5061393,0.0,4.7533545,5.3191156,8.691367,7.661683,6.2328544,6.983447,5.524249,6.8203645,10.194331,10.445566,17.715399,15.8274765,22.615288,23.466597,26.075434,30.030445,29.546545,27.761187,24.033571,20.60804,21.929638,17.15198,19.530916,16.424126,13.114847,13.280671,11.072615,10.793696,10.990634,9.330358,12.214758,12.5364,17.506697,19.312878,20.687826,17.570618,17.72235,20.181808,23.744728,24.536942,21.901295,18.19901,22.919203,22.83813,26.980162,24.183596,20.17162,25.46261,24.213402,21.05749,24.124336,23.630585,23.212696,18.316988,21.130875,16.136744,18.994835,20.751753,19.755087,24.092213,22.249926,25.055773,25.475712,21.796473,17.595371,14.096533,13.094473,7.9858127,4.6791043,7.3397584,8.886758,11.222645,13.491356,15.235952,16.113993,12.950806,14.327911,12.900473,14.078676,13.529612,18.723751,18.189913,23.554861,23.806425,22.514616,20.334303,17.318659,13.30986,12.782476,8.959587,11.301956
20,14.292971,10.757542,13.766488,12.03663,11.026309,17.05641,16.42104,20.951456,21.487852,23.225466,28.187792,28.329916,30.53334,24.981577,20.705013,17.751902,14.073691,10.378488,5.7367635,4.7533545,0.0,3.7855341,4.764307,4.1589503,5.274063,5.1678834,7.426477,8.635974,13.2210455,12.548828,20.650106,18.263426,25.22208,26.134478,28.25374,32.444275,31.378212,29.334377,25.884258,22.555286,23.642847,18.679737,21.64855,18.586243,14.029107,15.247167,11.044536,11.57169,10.240819,10.642564,13.957253,15.172597,19.801935,22.410929,22.966246,19.441252,20.596716,22.907465,26.75391,27.512825,24.809793,21.690453,26.7978,27.057882,31.13796,28.010204,24.501413,29.984228,28.632706,25.519775,28.57453,28.234043,27.573645,22.726393,25.223894,20.501009,22.820784,24.874212,23.84638,28.11431,26.684828,29.125685,29.735882,25.91403,21.750656,18.49592,16.813318,12.261036,8.231092,9.065407,8.622279,10.071912,11.969103,14.880229,16.440273,14.234832,16.673933,15.065827,17.601734,17.175982,22.71003,22.505836,27.709406,28.248158,26.985474,24.95599,21.75845,18.04436,17.373245,13.549277,15.218159
21,14.059252,10.727811,13.290303,12.856656,11.63044,17.308989,17.77787,21.313421,22.670958,23.848846,29.074892,29.303282,32.169464,26.676386,22.30687,19.143482,15.725537,11.3583765,8.196548,5.3191156,3.7855341,0.0,4.1553855,5.837848,6.1563096,7.961391,9.576315,11.358283,15.3450985,15.152932,22.892761,20.572664,27.564978,28.107752,30.646322,34.539375,33.669807,31.93541,28.198856,24.853012,26.443659,21.60843,24.39833,21.31613,17.273956,17.88146,14.363788,13.80557,12.232004,11.514285,14.96954,16.551702,21.159601,23.634981,24.676172,21.51371,22.449726,25.087511,28.511644,29.626284,27.071209,23.376644,28.021242,27.768742,32.031155,29.474787,25.288355,30.344189,29.20681,25.957054,28.646788,27.786575,27.19855,22.36806,24.228848,19.296764,20.920362,22.805216,21.544918,25.662466,24.873905,26.955135,28.119427,24.447435,20.249607,17.440111,15.030135,11.764089,7.1458488,6.370053,6.2751293,6.932121,9.681991,12.47373,14.360813,12.583515,14.809496,14.348595,17.04338,17.498035,22.569017,22.738428,27.96818,28.187359,26.481241,24.570585,20.658703,17.616016,16.033161,12.557022,13.393942
22,13.386848,10.886664,14.57676,14.295404,14.043451,19.686804,20.332737,24.59367,25.667814,27.338083,32.41009,32.752804,35.189747,29.677502,25.320843,22.346489,18.707186,14.739026,10.385841,8.691367,4.764307,4.1553855,0.0,4.5985403,7.004469,8.067081,11.576413,13.320758,17.855797,17.292192,25.407421,22.942867,29.951086,30.689495,32.8232,36.93663,35.68842,33.709026,30.251146,26.985012,28.231293,23.284952,26.3529,23.23809,18.480822,19.610579,14.970246,14.791612,12.201455,13.00889,16.538282,18.676144,22.939453,26.003582,26.396286,22.990839,24.681908,27.229118,30.806406,31.964827,29.428352,26.123075,31.058926,31.098022,35.325207,32.548435,28.768578,34.019405,32.89819,29.710539,32.539185,31.837643,31.169779,26.34491,28.20195,23.408604,24.882927,26.858814,25.531815,29.527412,28.865135,30.649817,31.795946,27.978418,23.875605,21.183933,18.500208,15.328479,10.715944,9.484729,7.596254,7.2727175,9.006084,12.795652,15.134808,14.247578,17.234982,16.42804,19.998165,20.396053,25.745378,26.154406,31.233475,31.747757,30.122475,28.352346,24.421925,21.536448,20.13039,16.6686,17.476645
23,16.993755,14.012895,17.503635,16.002798,15.177319,21.207344,20.30668,24.885267,25.169523,26.763617,31.701271,31.408518,33.36149,27.552467,23.721266,20.470549,17.069986,13.075679,9.16226,7.661683,4.1589503,5.837848,4.5985403,0.0,3.518693,3.8344073,8.227161,10.531251,14.959243,15.07756,22.77474,21.112654,27.753633,29.26819,31.111061,35.562347,34.540867,32.20111,29.04148,25.71418,26.064312,20.941914,23.579462,20.066364,15.297159,15.905456,11.113651,10.432219,7.6539183,9.210626,12.597466,14.872359,18.86617,22.25172,22.206877,18.718845,20.894728,23.483864,26.974762,28.383879,26.124168,22.909262,27.964031,28.31878,32.487858,29.736988,26.410118,31.835585,31.11787,28.16601,31.585726,31.137453,30.859127,25.959484,28.697393,23.60934,26.011518,27.576433,26.012396,29.943016,28.441122,30.225903,30.640995,26.545061,22.597193,19.696651,17.438772,13.485612,9.472594,9.559532,7.479338,9.284557,9.777915,12.828338,14.329091,12.66648,15.874399,13.803212,17.49887,17.371597,23.049774,23.578691,28.39517,29.360603,28.041656,26.4607,22.944515,20.115047,19.582506,16.308453,18.264162
24,19.257252,15.870945,18.693357,17.042635,15.447738,21.462803,20.02927,23.974712,24.250597,25.267244,30.294312,29.545382,31.72709,25.747503,22.241419,18.576702,15.619762,11.059675,8.883517,6.2328544,5.274063,6.1563096,7.004469,3.518693,0.0,3.6548128,6.095054,9.346779,13.023824,14.162641,21.157509,20.18149,26.577005,28.318449,30.39487,34.792713,34.211464,31.933441,28.676464,25.267338,25.478657,20.375774,22.464762,18.66971,14.638509,14.147871,10.509714,8.339801,6.2004056,6.0193086,9.536471,11.900041,15.971865,19.222862,19.54286,16.346804,18.3077,21.216745,24.317234,26.116491,24.126831,20.393085,25.137844,25.278427,29.550678,27.260632,23.66142,28.889854,28.594978,25.717974,29.30619,28.691273,28.780914,23.874514,26.903475,21.504684,24.259502,25.356712,23.528795,27.31191,25.479994,27.163984,27.331875,23.17058,19.297508,16.44045,14.255191,10.314154,6.6615286,7.4272537,6.023131,9.172478,9.617188,11.577026,12.397996,9.899112,12.81329,10.455324,13.983125,13.980732,19.589067,20.335651,25.065767,26.053993,24.669855,23.245047,19.655485,17.216703,16.858894,14.024912,16.47142
25,19.004362,15.598476,18.659893,16.19815,14.921673,20.972752,18.823982,23.588007,23.204166,24.806631,29.525288,28.853828,30.39329,24.479088,21.015755,17.727442,14.529566,10.947979,7.5847282,6.983447,5.1678834,7.961391,8.067081,3.8344073,3.6548128,0.0,5.0968904,7.388004,11.65008,12.118828,19.413998,18.251154,24.567352,26.55384,28.198849,32.820595,31.985474,29.454987,26.49622,23.165905,22.948246,17.787281,20.116205,16.437157,11.7676115,12.133173,7.4012847,6.9907274,5.286401,7.1761727,10.140076,11.7659645,15.83354,19.09917,18.878496,15.211066,17.34658,19.778395,23.435802,24.692764,22.463415,19.475714,24.70999,25.386839,29.403496,26.426453,23.556334,29.175377,28.494507,25.734442,29.509022,29.399548,29.277393,24.424707,27.816158,22.780382,25.916447,27.364124,25.917288,29.913017,27.701004,29.837381,29.65841,25.50384,21.659254,18.403988,17.00121,12.038612,9.070198,10.747921,9.587354,12.321847,12.751591,15.041686,15.822259,13.243498,16.035456,13.004294,15.951585,14.980557,20.875414,21.059177,25.77645,26.972847,26.041378,24.40531,21.590645,18.351675,18.66795,15.41085,18.182896
26,20.95498,17.013083,18.949287,15.97385,13.693803,19.395586,16.17816,20.213007,19.562405,20.600464,25.291767,24.171097,25.896757,19.851654,16.671127,13.011939,10.311739,6.5621414,6.142978,5.524249,7.426477,9.576315,11.576413,8.227161,6.095054,5.0968904,0.0,3.899601,6.9596124,8.672052,15.0869465,14.5937605,20.64513,22.766,24.74983,29.225418,28.94601,26.58974,23.457655,20.056168,19.849907,14.836681,16.520847,12.694844,9.341379,8.460411,6.427894,5.5249395,7.152489,6.053864,8.146658,8.036348,12.84667,15.139555,15.749973,12.312909,13.188959,15.694597,19.343443,20.436172,18.160275,14.710225,19.853735,20.44221,24.450596,21.52013,18.462381,24.108173,23.447275,20.757355,24.720259,24.72172,24.833868,20.054293,23.99246,18.967495,22.809698,24.003422,22.733261,26.770895,23.905302,26.559826,25.93626,21.923174,18.13029,14.468939,14.241746,8.235582,7.064157,10.547385,11.137144,14.475102,15.47107,16.769115,16.863937,13.203699,14.805723,11.553794,12.663375,10.8822155,16.719027,16.28388,21.182596,22.233936,21.531761,19.682644,17.537912,13.75438,14.833179,11.778831,15.368748
27,20.263676,16.255516,17.80305,14.036644,11.823688,17.14994,13.066397,17.75525,16.48846,18.163752,22.536514,21.748264,23.030682,17.200752,13.712044,10.682275,7.487631,5.7834773,4.656837,6.8203645,8.635974,11.358283,13.320758,10.531251,9.346779,7.388004,3.899601,0.0,4.975062,4.911143,12.268962,10.998495,17.320526,19.288275,21.107594,25.64406,25.164055,22.773027,19.670073,16.287292,16.178328,11.137288,13.322776,10.0011215,6.338916,7.180059,5.5521965,7.8742514,10.150757,9.818586,11.334303,9.954503,14.678919,16.17378,16.792849,13.182185,13.1431055,14.774285,19.176006,19.142523,16.232592,13.699435,19.25805,20.260696,23.881279,20.015594,17.575846,23.547209,22.038944,19.377283,23.232027,23.801342,23.471857,18.866663,22.97831,18.649048,22.719059,24.44079,23.826914,28.12873,25.08847,28.422176,27.70017,23.969885,20.187115,16.197006,16.83672,10.378741,9.750614,13.438814,14.383659,17.295568,18.726664,20.357256,20.637255,16.966457,18.28138,15.190243,15.390858,12.911929,18.422693,16.971996,21.977043,22.848457,22.586193,20.288221,19.093296,14.18788,15.744221,12.203622,15.74046
28,24.452505,20.32878,21.067595,17.178709,14.384469,18.734821,13.472375,16.901882,14.932785,15.748976,19.746958,18.025492,19.155472,13.036308,10.556868,7.026605,5.679563,5.8063602,8.843036,10.194331,13.2210455,15.3450985,17.855797,14.959243,13.023824,11.65008,6.9596124,4.975062,0.0,4.8307867,8.212489,8.957274,14.071608,16.700775,18.684198,23.100578,23.419575,21.122866,18.15137,14.887748,14.176043,9.76468,10.3240595,6.7334843,6.574302,4.802283,8.034158,9.188464,12.860035,11.329156,11.454615,8.277568,12.578788,12.666423,13.976471,11.009226,9.214266,10.569297,14.920577,14.598708,11.735113,8.816043,14.377337,15.577567,18.999907,15.067904,12.900003,18.969093,17.65708,15.338938,19.685387,20.577166,20.720509,16.453592,21.381985,17.305351,22.156271,23.354109,22.863224,26.919516,23.063234,26.737722,25.298164,21.820787,18.487848,14.412879,16.447338,10.036403,11.620812,15.854416,17.483313,20.76721,22.135626,22.990986,22.649591,18.478245,18.866814,15.61119,14.061791,10.622754,15.370314,13.08018,17.85913,18.773058,19.060453,16.683582,16.788832,11.651858,14.503591,11.891189,16.066118
29,21.45563,17.50352,18.128191,13.662713,11.4128065,15.445065,9.839345,14.781428,12.458626,14.73757,18.505173,17.982634,18.717266,13.26765,9.532622,7.695746,4.518392,7.0131135,7.155759,10.445566,12.548828,15.152932,17.292192,15.07756,14.162641,12.118828,8.672052,4.911143,4.8307867,0.0,8.527919,6.135005,12.723726,14.463276,16.234291,20.751514,20.282349,17.963327,14.803519,11.429363,11.558286,6.7638206,9.361999,7.307146,5.3251762,7.6736712,8.362046,11.928159,14.794033,14.360992,15.278618,12.749977,17.080645,17.363256,18.272612,14.951792,13.467413,13.906479,18.827192,17.356602,13.731646,12.443168,18.015137,19.398264,22.394718,17.530731,15.922797,22.006134,19.48627,17.000975,20.64174,21.956656,21.192232,17.055946,21.427877,18.162395,22.54079,24.651686,24.802078,29.227562,25.886288,29.963673,29.02192,25.73925,22.145218,17.971931,19.687029,13.188317,13.506052,17.386337,18.859459,21.527077,23.333506,24.956087,25.211397,21.369267,22.160532,19.263922,18.304615,15.238875,19.967686,17.365055,22.255674,22.821127,23.116013,20.372385,20.464216,14.614814,16.805433,13.270508,16.645967
30,29.48423,25.546442,25.357006,20.928873,18.364756,20.653667,13.912885,16.286886,12.334419,13.220018,15.092646,12.718874,11.79005,6.0892196,6.2910967,6.302997,8.202391,12.359662,15.3888035,17.715399,20.650106,22.892761,25.407421,22.77474,21.157509,19.413998,15.0869465,12.268962,8.212489,8.527919,0.0,5.7645545,6.3420434,10.301088,11.696335,16.007936,17.14117,14.910333,12.715608,10.308381,8.2828865,6.8501706,4.2776504,4.773215,9.714003,9.249955,14.058262,16.458818,20.469007,19.262136,18.65241,14.620392,17.256254,15.333915,16.711628,14.816185,10.975824,9.361865,13.94411,10.531306,6.4060035,7.525584,12.064082,14.373171,15.980717,9.993944,10.960479,16.64856,13.94972,12.781479,16.952919,19.365803,19.257078,16.461464,21.835516,19.69145,24.890274,26.22541,26.706106,30.564037,26.099716,30.588017,28.492075,25.858603,23.261026,19.390652,22.782278,16.98378,19.340557,23.61056,25.575434,28.703806,30.293772,31.096548,30.61813,26.314089,26.140585,23.016993,20.1878,16.230305,19.01921,15.152866,18.679188,19.305424,20.873613,18.192112,20.783863,15.265008,19.021118,17.079597,20.810667
31,24.781273,21.061554,20.57753,15.9535885,13.820276,15.573967,8.657753,12.490534,8.42647,11.247756,13.620941,13.377985,13.200525,8.7339525,5.0761347,6.5800524,5.9845753,11.203667,12.583372,15.8274765,18.263426,20.572664,22.942867,21.112654,20.18149,18.251154,14.5937605,10.998495,8.957274,6.135005,5.7645545,0.0,7.2058673,8.351987,10.315428,14.65259,14.548431,12.553375,9.213366,5.961838,6.8665357,4.599455,6.4350567,7.6433606,9.263975,11.371792,13.818802,17.447786,20.726194,19.977652,20.38663,17.062292,20.762669,19.7134,21.029215,18.375854,15.451476,14.538834,19.394407,16.255978,12.077331,12.580972,17.281189,18.954517,20.918139,15.074286,14.750708,20.408905,16.634684,14.65459,17.734037,20.051376,18.823933,15.74465,20.2426,18.577847,23.119106,25.43867,26.427757,30.766056,27.11841,31.89386,30.672909,28.032267,24.837147,20.736126,23.487617,17.385353,18.579712,22.541975,24.505081,27.035524,29.129955,30.589563,30.728735,26.7042,26.91154,24.267466,22.186136,18.782288,22.319584,18.631548,23.011467,23.132843,24.078978,20.989077,22.596388,16.28886,19.020187,16.018772,18.973312
32,31.702631,28.115414,27.346334,22.762892,20.741926,21.443092,14.585051,16.4543,11.493299,13.2151575,12.8194,11.411631,8.042499,5.931738,7.3655233,10.544532,12.303824,17.41667,19.626263,22.615288,25.22208,27.564978,29.951086,27.753633,26.577005,24.567352,20.64513,17.320526,14.071608,12.723726,6.3420434,7.2058673,0.0,5.5219426,5.6125536,9.906307,11.312988,9.321613,8.027319,7.227859,5.0681996,8.051983,5.8193674,9.743976,13.9846115,15.04146,19.00029,22.336805,26.1519,25.32796,24.912167,20.94408,23.416544,21.223269,22.427778,20.68671,16.873423,14.448176,18.605413,13.797926,9.88612,13.09501,16.179691,18.56068,18.909832,12.328766,14.822712,19.407139,15.3494625,14.868143,17.715181,21.037128,20.15104,18.547342,23.315943,22.744698,27.552135,29.398561,30.651672,34.542183,30.251331,35.21478,33.224648,31.0834,28.6134,24.812998,28.405472,22.71339,24.799044,28.956087,31.017834,33.823856,35.718807,36.828007,36.57718,32.33017,32.13371,29.230314,26.298765,22.43707,24.751017,20.482704,23.52101,23.714294,25.607168,22.722958,25.955372,20.161789,23.666075,21.607084,24.662905
33,30.29385,26.980698,25.385838,21.157314,19.355104,18.514133,12.312635,12.977121,7.9558153,10.297215,8.786346,9.64221,7.4740543,7.8810763,7.2726693,11.684003,13.064395,18.433765,20.401896,23.466597,26.134478,28.107752,30.689495,29.26819,28.318449,26.55384,22.766,19.288275,16.700775,14.463276,10.301088,8.351987,5.5219426,0.0,4.4952707,6.695733,8.026323,7.915827,4.9481063,5.1763744,7.8097453,10.79682,10.545339,14.033573,17.145273,18.849186,22.01534,25.529087,29.002747,27.935492,28.044836,24.2996,27.417469,25.238491,26.96474,25.078596,21.184519,19.2924,23.31717,18.792332,14.936498,17.041452,19.75302,21.366669,21.784443,15.65352,16.882677,20.912275,15.7254715,14.882449,16.210653,19.691862,17.828922,16.884418,20.674782,21.346994,25.491535,27.921347,29.88023,33.891144,30.184637,35.551476,34.17122,32.4285,29.78921,26.035555,29.56773,24.169207,25.925158,29.808908,32.205975,34.53861,36.93855,38.239857,38.30679,34.18014,33.825844,31.581383,28.584646,25.172338,27.34514,22.886164,26.357023,25.824345,27.362537,24.10928,27.136007,20.964312,23.788414,21.561197,23.730244
34,32.414516,29.27463,28.107656,23.57314,22.212353,21.642168,15.356888,17.128544,12.064438,14.784699,12.923759,13.3794,9.347375,10.418013,10.841014,14.874694,15.95302,21.334055,22.610418,26.075434,28.25374,30.646322,32.8232,31.111061,30.39487,28.198849,24.74983,21.107594,18.684198,16.234291,11.696335,10.315428,5.6125536,4.4952707,0.0,5.256614,5.7805166,4.2735,4.4575853,6.367237,6.2103443,10.872937,10.299419,14.5501795,17.682693,19.846333,22.836798,26.884241,30.383535,29.924925,29.868654,26.10599,28.823793,26.811867,27.886145,25.932188,22.392548,19.913662,24.089912,19.028572,15.290827,18.692986,21.552477,23.767807,23.780008,17.307941,19.773125,23.846642,19.053743,18.634075,20.287489,23.892881,22.219332,21.274092,25.167294,25.656046,29.877405,32.301086,34.10297,38.125008,34.24086,39.4832,37.838352,35.911423,33.31144,29.478935,32.932068,27.203856,28.805178,32.76456,34.811543,37.2401,39.40985,40.89858,40.963226,36.850353,36.79474,34.097565,31.37886,27.673021,30.085882,25.729704,28.849161,28.746393,30.569504,27.50313,30.665192,24.583267,27.636282,25.249943,27.673792
35,35.39139,32.449318,30.649591,26.517597,25.210114,23.480219,18.002096,18.138128,13.601554,15.619074,12.020702,13.3556185,9.241965,12.977819,13.857939,18.255291,19.732502,25.117714,26.748484,30.030445,32.444275,34.539375,36.93663,35.562347,34.792713,32.820595,29.225418,25.64406,23.100578,20.751514,16.007936,14.65259,9.906307,6.695733,5.256614,0.0,4.4785085,6.6517463,7.338136,10.10711,11.461392,15.958927,15.290249,19.445059,22.741163,24.680487,27.834745,31.67991,35.19675,34.400127,34.362194,30.50273,33.213375,30.767914,32.24203,30.590002,26.65123,24.160585,27.8253,22.622025,19.240517,22.472525,24.395493,26.236427,25.67965,19.668308,22.140566,25.196373,19.900398,19.915312,20.34527,24.20954,22.189713,22.358952,25.52191,27.182636,30.966805,33.448116,35.756477,39.571243,35.867214,41.356125,39.81897,38.406967,36.035583,32.419025,36.132107,30.828255,32.60989,36.472668,38.821407,41.08156,43.50264,44.90082,44.981472,40.844776,40.469086,38.14841,35.018703,31.484547,33.28613,28.679657,31.505959,30.928917,32.832363,29.691366,33.271008,27.304129,30.165249,28.115942,30.030794
