,0,1,2,3,4,5,6,7,8,9,10,11,12,13,14,15,16,17,18,19,20,21,22,23,24,25,26,27,28,29,30,31,32,33,34,35,36,37,38,39,40,41,42,43,44,45,46,47,48,49,50,51,52,53,54,55,56,57,58,59,60,61,62,63,64,65,66,67,68,69,70,71,72,73,74,75,76,77,78,79,80,81,82,83,84,85,86,87,88,89,90,91,92,93,94,95,96,97,98,99,100,101,102,103,104,105,106
0,0.0,4.316969,6.3977036,9.572704,12.41698,14.400418,18.347298,21.804995,25.234308,29.19326,31.141562,35.420177,36.510983,35.772472,35.43669,30.979515,31.68769,27.14825,28.298363,24.676392,26.730696,25.6454,25.108496,26.413757,24.683651,25.401098,24.610287,26.983154,25.997965,30.071678,28.17,34.670036,34.977554,40.47316,40.442924,44.344006,44.52644,42.48981,38.75397,35.6314,34.065086,29.83095,28.242086,24.158852,24.634552,18.054441,20.231653,16.433546,12.299936,17.376728,19.9688,15.460529,17.344479,22.369612,23.056007,24.86714,21.86286,26.308569,25.172424,25.913399,24.083273,28.24807,27.264544,30.000116,26.077356,22.429802,25.993223,23.366207,25.53744,22.543877,23.642776,26.650211,22.965904,28.34898,27.661266,31.014048,33.017464,29.930954,34.79197,31.753965,33.396904,34.72541,30.183191,26.66835,24.546099,21.388052,19.709522,15.527191,13.7897,12.627572,8.8600445,10.437888,13.862662,10.637649,11.418499,15.7578,18.213669,17.856903,19.1037,20.489902,23.828392,22.43227,28.403713,25.777035,29.480526,30.77593,33.109608
1,4.316969,0.0,5.3348975,6.522102,9.146549,12.197421,15.012652,19.37647,22.281199,26.765745,28.33979,32.92381,33.74527,32.66935,32.322018,27.639647,28.083063,23.521255,24.337036,20.674122,22.559118,21.554974,20.8752,22.394384,20.759783,21.47448,20.603064,22.70773,21.7099,25.800879,24.023018,30.504427,31.124338,36.477856,36.694984,40.56345,40.94761,39.092705,35.32148,32.292126,30.786356,26.617456,25.494446,21.146511,22.60756,16.434746,18.967335,16.1194,12.773503,18.169525,19.95037,15.829022,18.85897,23.350946,23.916882,25.132015,21.677977,26.017,24.73036,25.899466,22.88731,27.157583,25.851023,28.493776,24.76399,20.45476,23.758238,21.222345,22.71884,19.72145,20.144009,23.222582,19.61829,25.10187,24.46784,28.086372,30.076178,27.214956,32.323475,29.244452,31.254286,32.803802,28.318354,24.596426,21.960302,19.513895,16.760191,13.091623,10.477982,9.456153,5.8304424,7.250798,9.661287,6.6377687,8.213509,11.907596,14.005391,14.149821,15.815624,17.684269,20.592943,18.890545,24.918484,22.225359,25.699318,27.235441,29.37628
2,6.3977036,5.3348975,0.0,5.48949,7.053024,9.200468,12.72854,15.725955,19.475332,23.07915,25.366903,29.334513,30.894182,30.199667,30.50766,25.95066,27.228735,22.74568,24.508274,21.392586,23.995064,23.808262,23.206295,25.541086,24.13103,24.51649,22.89768,24.163933,22.437641,26.278767,23.716919,30.196512,29.673313,35.41239,34.936085,38.87127,38.74054,36.533417,32.834858,29.64704,28.108837,23.773968,22.069508,18.063358,18.377409,12.136449,14.055889,11.001023,7.557155,13.028118,14.621865,10.886337,14.008159,18.155273,19.000967,20.076736,16.953217,21.638678,20.96306,22.887856,20.323784,25.022959,24.455788,27.690216,24.929749,20.80324,25.098597,23.401306,25.007929,23.055777,22.447096,24.859312,20.000643,25.556427,23.916481,27.394653,28.806562,25.229433,30.039604,26.419157,27.97304,29.009771,24.613932,20.939379,19.082851,15.94348,14.663063,11.267541,10.04073,10.738433,8.371066,11.431502,12.082552,8.947807,7.562466,12.979536,14.49592,12.648093,13.95211,15.18558,18.347746,16.996788,22.71763,20.14181,24.128866,25.283766,28.036108
3,9.572704,6.522102,5.48949,0.0,3.860263,5.927701,9.257359,13.281134,15.969751,20.60229,21.941528,26.684343,27.274343,26.323143,25.98833,21.42024,22.260023,17.734098,19.378967,16.17796,19.043425,18.970844,19.036509,21.625795,20.934193,21.788939,20.4749,20.70177,18.607168,22.485329,19.739365,26.511127,26.013142,31.629765,31.352283,35.231945,35.600105,33.578476,30.146578,26.843264,26.079556,21.286608,21.067726,16.4634,18.545778,13.7685585,15.162705,14.035383,11.4090805,16.744219,16.937239,12.5924835,17.209291,20.884027,20.621115,21.1072,17.044603,20.950296,19.499311,21.264128,17.23664,21.731974,20.564754,23.507423,20.796541,16.130354,20.190702,18.758507,19.936293,18.503489,17.236597,19.439144,14.535582,20.111244,18.688166,22.281027,23.935902,20.80692,25.89282,22.722853,24.79002,26.483404,22.002817,18.268082,15.4554405,13.265913,10.282567,6.8166485,4.605841,5.665062,4.9656596,8.518654,7.9295106,8.110678,8.219835,11.799337,11.215672,9.888964,13.144941,15.336849,17.272507,14.965055,20.49048,16.776897,20.460623,21.367538,23.650461
4,12.41698,9.146549,7.053024,3.860263,0.0,5.569823,5.945975,10.640194,13.321313,17.888453,19.453142,23.973803,25.018225,23.851463,24.220423,19.351288,20.501469,16.034428,17.806154,15.055646,17.940388,18.515097,18.094503,21.271212,20.551342,20.948366,19.006252,18.70582,16.274393,19.927114,16.920635,23.531342,22.794195,28.512497,28.11882,32.034794,32.185642,30.150608,26.556618,23.341969,22.30228,17.679375,17.288246,12.655454,15.131522,10.927474,12.5822315,12.488192,11.301136,16.051203,15.563681,12.803798,17.6102,20.377743,20.572544,20.431692,16.582172,20.5652,19.623951,22.296104,17.729332,22.459007,21.539953,24.65915,22.763285,17.85288,21.908567,20.962004,21.439701,20.37678,18.010891,19.886122,14.559345,20.095964,18.04265,21.852755,22.982838,19.613207,24.729263,20.97972,23.125387,24.55273,20.328571,16.360355,13.587344,12.004355,8.724791,7.2713523,5.235849,8.027433,8.370706,11.219404,8.453546,8.149164,6.776893,10.067062,8.88865,6.2958274,9.612112,11.844768,13.491053,11.20424,16.715929,13.3919325,17.229818,18.440971,21.046734
5,14.400418,12.197421,9.200468,5.927701,5.569823,0.0,7.0741534,8.300693,11.406397,15.420242,16.954405,21.466246,22.178827,21.753386,21.665236,17.548115,19.327906,15.146359,18.17931,15.970686,19.791475,20.695534,21.421492,24.712337,24.692446,25.522959,23.847326,22.634716,19.621273,22.942673,19.181152,25.84765,23.713371,29.625126,28.490223,32.342144,32.424465,30.046259,27.096016,23.457523,23.513594,18.082096,18.488127,14.158641,15.864339,12.966616,12.389584,12.9648075,11.217672,15.545887,14.181692,9.839878,15.430329,18.045115,16.878536,16.676298,12.197806,15.58783,14.197946,16.784721,12.303306,17.164726,16.688822,20.186335,18.962797,14.692146,19.69302,19.591711,20.774332,20.982838,18.559187,19.54733,13.337528,18.454592,15.806244,18.962225,19.96096,16.111855,20.840212,17.38626,19.111073,20.68809,16.150585,12.522385,10.180163,7.3561916,6.0855155,3.2918468,5.489798,8.498561,9.916966,13.666236,12.03309,13.295104,12.087477,15.57069,13.382579,10.157653,13.956427,15.73172,16.812168,14.413871,18.761652,14.184284,18.19775,18.005062,20.703833
6,18.347298,15.012652,12.72854,9.257359,5.945975,7.0741534,0.0,6.5914507,7.866086,12.908772,14.020861,18.680286,19.636442,18.181467,19.131372,14.073769,15.70419,11.576454,14.007359,12.448234,15.788514,17.560282,17.402061,21.394508,21.394293,21.618713,19.26823,17.111202,13.719078,16.616678,12.676795,19.103394,17.254526,23.157497,22.368982,26.288439,26.40319,24.327276,20.933681,17.589165,17.193216,12.134082,13.15476,8.341465,12.566977,11.465849,12.0137005,14.419769,14.866822,18.43018,16.404947,15.061489,20.299686,21.702406,21.529999,20.3503,16.495008,19.591543,18.855167,22.349022,16.699732,21.248331,20.497475,23.601835,23.072899,18.099257,22.017056,22.125835,21.72746,21.896427,17.930643,18.7542,12.873156,17.756279,14.728424,18.545452,18.892015,15.411859,20.448622,16.273571,18.722328,20.183647,16.41533,12.383263,9.23754,9.645346,5.5252576,8.085163,7.4970207,11.209192,13.186601,15.646734,11.262462,12.645519,10.9810095,12.2731905,8.64557,4.3923345,8.874191,11.12295,10.719641,7.7848296,11.964972,7.631371,11.664413,12.573988,15.477841
7,21.804995,19.37647,15.725955,13.281134,10.640194,8.300693,6.5914507,0.0,5.068934,7.4093986,10.017674,13.632405,15.648377,15.330301,17.150541,13.179002,16.419071,13.31549,17.294092,16.878006,20.795557,23.028389,23.450363,27.572474,27.866085,28.105043,25.628668,22.952822,19.203398,21.330584,16.747967,22.320477,18.25685,24.350595,22.172579,25.963316,25.348934,22.601734,19.924732,16.14488,16.709627,11.019737,12.092103,8.795415,10.578919,11.961829,9.675841,13.666015,14.8515215,16.894463,13.441693,13.0053215,18.134264,18.170729,17.334469,15.336632,11.802274,14.133198,14.164073,18.688099,13.676302,18.273508,18.725859,22.375471,23.332207,19.354137,24.100502,25.151567,25.29194,26.539082,22.477484,22.376844,15.800176,19.74564,15.57202,18.349638,17.667057,13.058848,17.038372,12.066974,13.520097,14.233364,10.47853,6.4256763,5.5245404,5.161258,6.5544133,9.746813,11.8341055,15.559846,17.617079,20.846357,17.35026,18.442446,15.996362,18.41083,15.160711,10.423384,13.26713,14.173431,13.549891,11.661638,13.468541,9.140809,13.272782,12.271163,15.949363
8,25.234308,22.281199,19.475332,15.969751,13.321313,11.406397,7.866086,5.068934,0.0,6.249637,6.172507,11.300728,11.817777,10.781577,12.5006485,8.234685,11.687052,9.265251,13.531964,14.153143,18.067013,20.862877,21.721048,26.032137,26.95625,27.330708,25.031693,21.226675,17.163204,18.626,13.780987,18.923494,14.251353,20.173386,17.975458,21.686277,21.596525,19.086733,16.875673,13.005827,14.937706,8.98538,12.736766,9.660768,13.530922,16.03358,14.287634,18.532513,19.695547,21.942749,18.42431,17.793785,23.078419,23.045694,21.790817,19.55633,15.93742,17.068995,16.504658,20.629725,14.491657,18.243382,18.186092,21.264103,22.866035,18.797567,22.771309,24.382744,23.714073,25.668663,20.75795,19.93615,13.750136,16.699686,12.19854,14.876063,13.696609,9.577432,13.738187,8.8984785,11.439192,13.044032,9.986861,6.578576,3.8251336,7.765482,6.651768,11.53668,13.192139,16.741627,19.591946,22.2635,18.02784,20.463854,18.728165,19.730732,15.264774,11.487851,14.9721,16.358847,14.36785,11.942336,12.187147,6.553808,9.661088,7.6020284,11.064504
9,29.19326,26.765745,23.07915,20.60229,17.888453,15.420242,12.908772,7.4093986,6.249637,0.0,5.001811,6.2611213,9.765316,10.239945,13.908463,11.573592,15.880482,14.740658,19.101803,20.245584,24.029047,26.99708,27.67798,32.069817,32.85552,32.954865,30.309902,26.514587,22.471697,23.372461,18.555395,22.442034,16.366991,21.943188,18.460358,21.809065,20.593994,17.415998,15.936499,12.122892,14.4716,9.283626,12.135006,11.340854,12.635548,17.211435,14.044675,19.160002,21.253698,21.966982,17.613216,18.697239,23.165215,21.637339,20.417955,17.37199,15.030045,15.22426,15.976465,20.96621,16.202667,19.599144,20.723734,24.068968,26.731363,23.476116,27.829105,29.817768,29.463802,31.707432,26.877506,25.781446,19.58638,21.914713,17.094126,18.716053,16.516872,12.029369,13.988821,8.353312,8.878642,8.455903,6.924568,5.1597967,7.3473306,9.639733,12.087541,16.219063,18.575813,22.20631,24.711708,27.769358,23.819479,25.375994,22.845556,24.510942,20.669199,16.23403,18.391731,18.733633,16.755505,15.477809,14.109295,10.6751585,13.163941,10.454062,14.208327
10,31.141562,28.33979,25.366903,21.941528,19.453142,16.954405,14.020861,10.017674,6.172507,5.001811,0.0,6.1770535,5.794105,5.6323895,8.960985,7.1995764,11.658181,11.614473,16.021635,17.935575,21.662102,24.87617,26.148237,30.495678,31.872143,32.26228,29.99179,25.437359,21.28676,21.764576,16.965118,20.497149,14.143687,19.271666,15.885978,19.04226,18.701498,15.914311,15.219814,11.449702,15.320248,10.214171,15.094981,13.781786,16.795444,20.9421,18.362892,23.209272,24.757166,26.188404,22.057278,22.042208,26.97896,26.005003,24.218224,21.385769,18.431665,17.938766,17.67646,21.892256,16.146833,18.675182,19.205376,21.916395,25.035322,21.874182,25.501068,27.959637,27.076532,29.962568,24.695827,22.961628,17.356787,18.582956,13.742333,14.883608,12.208795,8.453939,10.23571,5.0586286,7.235072,8.739786,7.795024,7.009808,7.110855,11.382957,12.108659,16.80282,18.965313,22.301678,25.393803,28.060545,23.861305,26.611406,24.820248,25.62099,20.932367,17.397163,20.39501,21.36697,18.758743,16.838417,14.997522,10.507623,11.656876,7.6668673,10.473065
11,35.420177,32.92381,29.334513,26.684343,23.973803,21.466246,18.680286,13.632405,11.300728,6.2611213,6.1770535,0.0,6.4922447,8.045423,13.009904,12.8203535,17.13904,17.643942,21.779184,23.887154,27.385403,30.722946,31.628714,36.072384,37.238132,37.298756,34.662563,30.170767,26.100288,26.123531,21.490767,23.853535,16.729685,21.172934,16.74736,19.297365,17.6746,14.325082,14.585683,11.428965,15.362211,11.800973,15.537334,16.101625,17.305473,22.896278,19.631933,24.955801,27.316154,27.531914,22.943926,24.472887,28.610865,26.412083,24.935955,21.541456,19.89993,18.810028,19.723707,24.469088,20.035412,22.282042,23.658165,26.496016,30.208675,27.51134,31.365692,33.939503,33.20985,36.1019,30.858639,29.107431,23.515928,24.588863,19.753868,20.362404,17.198872,13.722744,13.454504,8.890625,8.317329,6.8008256,8.921461,9.885893,12.264948,15.21604,17.519552,21.898834,24.290346,27.800833,30.588295,33.48877,29.302113,31.259014,28.822002,29.974823,25.783709,21.743536,23.678501,23.853968,21.207157,20.2118,17.196817,14.675714,15.53651,12.013628,14.826071
12,36.510983,33.74527,30.894182,27.274343,25.018225,22.178827,19.636442,15.648377,11.817777,9.765316,5.794105,6.4922447,0.0,3.836974,7.099835,9.094984,12.939599,14.702393,18.748363,21.423895,24.905365,28.272934,30.025187,34.255215,36.08714,36.627968,34.56957,29.48555,25.38478,25.23847,20.73294,23.083893,16.213526,19.991331,16.05813,18.26113,18.124159,15.54139,16.597906,13.5582485,18.572063,14.605428,19.843437,19.212904,21.983238,26.600275,23.742147,28.673185,30.173172,31.352846,27.026777,26.933592,31.704453,30.382183,28.072779,25.068241,22.459545,20.764877,20.379423,24.074137,18.754984,19.895245,20.623346,22.649952,26.869839,24.554407,27.594015,30.706032,29.615236,33.27111,27.852005,25.392212,20.60064,20.314398,15.755596,15.40577,11.769644,9.659562,8.254947,5.8085217,6.719178,8.359184,9.906029,11.287017,12.010638,16.114073,17.13894,21.632036,23.990217,27.045263,30.388458,32.945023,28.840324,32.106297,30.5291,31.075619,26.108936,22.967958,26.002335,26.947111,24.037516,22.204647,19.549057,15.561803,15.4880705,11.019185,12.141816
13,35.772472,32.66935,30.199667,26.323143,23.851463,21.753386,18.181467,15.330301,10.781577,10.239945,5.6323895,8.045423,3.836974,0.0,5.964749,6.6672244,10.19586,12.293621,15.813952,18.81094,21.923573,25.456615,27.005527,31.261175,33.144814,33.582867,31.529848,26.201368,22.165712,21.709522,17.364674,19.348566,12.568188,16.31635,12.698703,15.158293,15.535976,13.304703,14.01908,11.054979,16.248951,12.511435,18.423021,17.581938,21.35699,25.860994,23.66431,28.587608,30.173702,31.739548,27.62138,27.575981,32.590683,31.598309,29.706343,26.818987,23.912733,22.94433,22.38803,26.074503,20.082819,21.607965,21.707554,23.570137,27.19378,24.26775,26.874865,29.741724,28.132858,31.541798,25.81451,23.44099,19.034157,18.7653,14.401624,14.6971245,11.288114,9.823024,10.02255,7.4910116,9.7428465,11.593286,12.235275,12.423072,11.9159565,16.63351,16.25343,21.117666,22.846142,25.890085,29.30097,31.50025,26.95294,30.36861,29.001143,28.887259,23.723543,21.049692,24.070957,25.221762,21.928288,19.967215,17.001001,13.116805,12.257828,7.7980194,8.452296
14,35.43669,32.322018,30.50766,25.98833,24.220423,21.665236,19.131372,17.150541,12.5006485,13.908463,8.960985,13.009904,7.099835,5.964749,0.0,5.4477086,7.332699,10.363069,13.776588,16.820257,20.071707,23.296923,25.83131,29.695131,32.118595,33.145435,31.77061,26.36677,22.45768,22.35292,18.280201,20.967867,15.52518,18.77451,16.355633,18.520485,20.05696,18.459452,19.132105,16.251768,21.150206,16.880177,22.835531,20.926468,25.202522,28.52108,26.497334,30.815325,31.475399,33.79189,30.01004,28.461567,33.81692,33.634514,31.02603,28.60294,25.008837,23.667002,22.051449,24.59547,18.179754,18.700735,18.050684,19.081024,22.896637,20.452038,22.302711,25.630142,23.92986,28.05656,22.498549,19.489933,15.895367,14.240406,10.372045,9.465453,5.7853737,6.715019,6.735988,7.6003766,10.614647,14.033685,13.711092,14.013513,12.341724,17.080498,15.858065,20.166407,21.939426,24.341097,28.09987,30.037085,26.01292,30.501308,29.942528,29.6799,24.156816,22.28149,26.247242,27.990095,25.018066,22.40678,20.632715,15.5203085,14.701281,10.420197,9.353867
15,30.979515,27.639647,25.95066,21.42024,19.351288,17.548115,14.073769,13.179002,8.234685,11.573592,7.1995764,12.8203535,9.094984,6.6672244,5.4477086,0.0,4.4740214,5.732169,9.707076,12.4135895,15.877034,19.200773,21.211609,25.314018,27.38096,28.217356,26.62625,21.445816,17.41988,17.723078,13.338192,17.058908,12.164987,16.619743,14.804761,17.846132,19.24138,17.570261,16.85744,13.619405,17.616018,12.869326,18.708893,16.18558,21.116777,23.910421,22.509308,26.64946,27.382189,30.028189,26.548351,25.135672,30.634844,30.806463,28.821768,26.574919,22.739439,22.544422,21.060139,24.047806,17.137327,19.003672,18.032452,19.695816,22.214474,18.618832,20.86993,23.436432,21.624718,24.892311,19.149845,16.879059,12.489569,12.515992,8.200281,9.72169,7.6108174,6.530457,9.994687,8.058335,11.798188,14.87979,13.300029,11.989631,9.0540495,14.097627,11.523269,16.256104,17.438894,20.094305,23.729406,25.566545,21.115232,25.340254,24.752985,24.28036,18.769527,16.946009,20.952713,22.864609,19.940685,17.143448,15.945287,10.383362,9.927284,6.048631,5.8737345
16,31.68769,28.083063,27.228735,22.260023,20.501469,19.327906,15.70419,16.419071,11.687052,15.880482,11.658181,17.13904,12.939599,10.19586,7.332699,4.4740214,0.0,4.565517,6.511416,9.962512,12.797955,16.13439,18.640272,22.441542,24.990952,26.1037,25.028399,19.534683,15.837465,15.920069,12.294916,15.74729,12.514732,15.984064,15.463348,18.185265,20.527496,19.579685,18.849691,16.148876,19.867514,15.691847,21.577187,18.676111,24.285767,26.40543,25.652756,29.379633,29.740356,32.93317,29.830849,27.874752,33.52525,34.233456,32.25635,30.292875,26.164066,26.172949,24.244226,26.5933,19.422522,20.883835,19.096851,19.986956,21.877708,18.095959,19.122562,21.6045,19.020464,22.424925,16.413593,13.782648,10.995809,9.85168,6.9508367,8.688028,7.768206,9.088088,12.553137,12.083247,15.852478,19.195322,17.495771,16.036148,12.4619,17.229303,13.295755,17.539957,17.929718,19.971867,23.761425,24.930822,20.418571,25.402428,25.568499,24.250967,18.485779,17.931713,22.205992,24.539413,21.538593,18.459747,17.643389,12.280631,10.886137,8.340061,5.918291
17,27.14825,23.521255,22.74568,17.734098,16.034428,15.146359,11.576454,13.31549,9.265251,14.740658,11.614473,17.643942,14.702393,12.293621,10.363069,5.732169,4.565517,0.0,4.952172,6.7628365,10.625572,13.685415,15.9456625,19.912321,22.035505,23.172422,21.996004,17.139215,13.308556,14.50009,10.507117,15.734973,13.311304,17.8414,17.519567,20.780582,22.621153,21.352716,19.664614,16.5901,19.255512,14.467948,19.549913,15.903539,21.544022,22.716095,22.31777,25.574404,25.646814,29.175451,26.438595,24.145178,29.83421,30.979584,29.249401,27.598925,23.264023,23.998255,22.025372,24.424967,17.197535,19.522509,17.623793,19.085596,19.971767,15.463142,17.206526,19.03199,16.864162,19.532257,13.684884,11.945742,7.6454263,8.904447,5.670086,9.307171,9.584729,9.105659,13.977466,12.381721,16.156649,19.343842,16.675962,14.31278,10.011983,14.229457,9.27541,13.3710785,13.422148,15.578487,19.295803,20.576527,16.039837,20.953424,21.18415,20.141752,14.450853,13.855453,18.497776,21.04109,18.570837,15.2304,15.7832985,9.8057165,9.795227,8.297506,7.764031
18,28.298363,24.337036,24.508274,19.378967,17.806154,18.17931,14.007359,17.294092,13.531964,19.101803,16.021635,21.779184,18.748363,15.813952,13.776588,9.707076,6.511416,4.952172,0.0,4.14565,6.312131,9.769207,12.158741,15.940065,18.514656,19.762598,19.056372,13.763674,10.46706,11.311894,8.669582,13.375036,13.309424,16.737356,17.845165,20.81735,23.352242,22.796074,20.909868,18.506676,20.653318,16.846766,21.80644,18.121277,24.372646,25.067877,25.527063,28.425062,28.419027,32.31018,29.982723,27.68921,33.33774,34.835865,33.449673,31.9756,27.599628,28.700308,26.644295,28.749208,21.5252,23.681221,21.276255,22.143291,22.188013,17.440077,17.78358,18.999277,15.780532,17.872763,11.659729,10.188902,8.680971,9.249524,8.588329,12.00874,12.949507,13.730438,18.25258,17.145517,20.953566,24.100075,21.58796,19.108088,14.746432,18.652082,12.931475,16.32777,15.150413,16.601843,20.1386,20.431751,15.556945,20.893087,21.875519,19.536263,13.79422,14.936983,19.297441,22.144938,19.495935,16.13222,16.80734,11.928412,10.704441,10.84434,8.986275
19,24.676392,20.674122,21.392586,16.17796,15.055646,15.970686,12.448234,16.878006,14.153143,20.245584,17.935575,23.887154,21.423895,18.81094,16.820257,12.4135895,9.962512,6.7628365,4.14565,0.0,4.550885,7.0289774,9.602384,13.286574,15.585753,17.138634,16.70869,12.408727,9.4862,11.747403,9.554009,15.361782,16.159615,20.00322,21.221678,24.410759,26.655874,25.9138,23.510015,20.927885,22.270344,18.192957,22.225538,17.973667,24.008326,23.50805,24.431255,26.594893,26.07149,30.405653,28.611393,25.758896,31.335264,33.414406,32.178173,31.124704,26.589485,28.230513,26.018715,27.81815,20.813396,23.355778,20.729733,21.754625,20.694893,15.501011,15.95562,16.313995,13.348956,14.492554,8.515384,8.382399,6.6872916,9.250525,9.387812,13.350569,15.102054,15.235352,20.284117,18.906603,22.595463,25.694565,22.558813,19.630331,15.021893,17.99474,11.675326,14.012023,12.059514,13.006848,16.395985,16.384247,11.639704,17.368778,18.896791,16.582987,11.07396,12.985393,17.631634,20.749414,18.842623,15.326799,17.500864,12.607964,12.551474,13.344195,12.480641
20,26.730696,22.559118,23.995064,19.043425,17.940388,19.791475,15.788514,20.795557,18.067013,24.029047,21.662102,27.385403,24.905365,21.923573,20.071707,15.877034,12.797955,10.625572,6.312131,4.550885,0.0,3.8285518,6.2031326,9.647318,12.4902115,14.09612,14.245593,9.657562,7.9627714,9.749247,9.6129265,14.164785,16.981955,19.752558,22.02185,24.892414,27.547895,27.35626,24.838015,22.842922,23.75409,20.594528,24.473166,20.443949,26.778166,26.112257,27.661968,29.629715,29.211847,33.646057,32.124523,29.539711,34.975277,37.174183,36.278397,35.27266,30.81815,32.674076,30.525682,32.26828,25.312107,27.74285,24.93506,25.605062,24.152212,19.049942,18.470934,18.255817,14.539944,14.736732,9.125622,9.669518,10.657378,12.192764,13.360631,16.932657,18.69394,19.4136,24.22097,22.993704,26.743078,29.772875,26.850456,23.895807,19.351986,22.347555,15.949833,18.017273,15.414285,15.831702,18.70843,17.753548,12.951276,18.423416,20.481619,16.945578,11.936519,15.213967,19.133747,22.308952,20.249771,16.98341,18.96694,15.263279,14.329761,16.012527,14.521282
21,25.6454,21.554974,23.808262,18.970844,18.515097,20.695534,17.560282,23.028389,20.862877,26.99708,24.87617,30.722946,28.272934,25.456615,23.296923,19.200773,16.13439,13.685415,9.769207,7.0289774,3.8285518,0.0,4.8370743,6.81373,10.023421,12.364787,13.506123,10.416415,9.984557,12.301838,12.869129,17.344643,20.692911,23.360743,25.800184,28.641037,31.308662,31.1253,28.469286,26.4509,27.033089,23.827326,27.199064,22.935349,29.013165,27.470976,29.361496,30.681067,29.754675,34.538063,33.496838,30.38188,35.670387,38.37964,37.509212,36.863068,32.3024,34.39083,32.030357,33.31079,26.632786,29.006704,25.93157,26.379776,24.040707,18.989689,17.800879,16.742502,12.972341,11.979703,7.379964,9.278541,11.650096,13.419977,15.485894,18.958876,21.262854,22.026402,26.941936,25.91087,29.602995,32.715034,29.490116,26.42306,21.80545,24.217348,17.731747,18.799086,15.715862,15.239005,17.691216,15.974309,11.979719,17.66775,20.498854,16.805176,12.647563,16.666574,20.495983,23.7852,22.321453,19.111803,21.884794,18.307089,17.830105,19.60585,18.289978
22,25.108496,20.8752,23.206295,19.036509,18.094503,21.421492,17.402061,23.450363,21.721048,27.67798,26.148237,31.628714,30.025187,27.005527,25.83131,21.211609,18.640272,15.9456625,12.158741,9.602384,6.2031326,4.8370743,0.0,4.5324745,6.4196935,7.9300175,8.743039,6.2437477,7.3172164,9.944913,11.724807,15.745376,20.245205,22.834593,25.635433,28.551727,30.906002,30.841494,27.647808,25.984295,25.59272,23.139482,25.712746,21.668083,27.714365,25.92672,28.517374,29.65007,29.155157,33.775097,33.005844,30.686394,35.68149,38.274605,38.110626,37.441093,33.179058,35.82651,33.921112,35.719234,29.177876,32.12853,29.36716,30.282429,27.910826,22.605639,22.089857,20.6615,17.346241,15.335239,11.625703,13.957304,15.0763235,17.66585,18.908657,22.716433,24.589243,24.730042,29.80579,27.984304,31.602036,34.28676,31.104797,27.709938,23.284313,25.48075,19.033499,20.192486,16.60177,16.478472,18.200768,16.245556,11.613042,15.835036,18.551807,13.858301,10.545185,15.339546,18.136473,21.31491,19.95608,17.17026,20.183962,17.926012,17.439865,20.228481,19.40409
23,26.413757,22.394384,25.541086,21.625795,21.271212,24.712337,21.394508,27.572474,26.032137,32.069817,30.495678,36.072384,34.255215,31.261175,29.695131,25.314018,22.441542,19.912321,15.940065,13.286574,9.647318,6.81373,4.5324745,0.0,4.1042547,6.888494,9.7084255,9.418861,11.595509,13.755592,16.137793,19.464485,24.498562,26.588224,29.7287,32.44173,35.00605,35.127594,31.982437,30.446978,29.961824,27.652435,30.025143,25.957989,31.816658,29.472744,32.31561,32.947193,32.052685,36.907097,36.53792,33.820045,38.645172,41.640446,41.477245,41.078926,36.74228,39.469013,37.356285,38.71557,32.37323,35.10216,32.071472,32.627445,29.626724,24.575754,23.257048,21.211329,17.80843,14.8063965,12.660651,15.481123,17.96637,20.147354,22.192127,25.758268,28.005402,28.496067,33.53148,32.064293,35.698685,38.522243,35.221233,31.84294,27.352757,29.289675,22.835318,23.344416,19.555244,18.653187,19.883368,17.112183,13.751412,17.711594,21.104113,16.29346,14.156972,19.221182,21.758703,24.897749,23.930088,21.31248,24.542828,22.433224,21.941086,24.671072,23.61779
24,24.683651,20.759783,24.13103,20.934193,20.551342,24.692446,21.394293,27.866085,26.95625,32.85552,31.872143,37.238132,36.08714,33.144814,32.118595,27.38096,24.990952,22.035505,18.514656,15.585753,12.4902115,10.023421,6.4196935,4.1042547,0.0,3.4365928,6.9124703,9.325515,12.156271,14.699519,17.1985,20.615595,25.82419,28.214043,31.269665,34.146687,36.317337,36.317997,32.768963,31.29119,30.076752,28.039873,29.543835,25.554693,30.997992,28.055529,31.405718,31.55908,30.725609,35.51383,35.56346,33.189507,37.646633,40.739914,41.076706,40.837868,36.731483,39.92459,38.085693,39.644722,33.613888,36.768387,33.954754,34.885,31.643213,26.448015,25.735794,23.313223,20.514547,16.804464,15.351716,18.597532,20.134678,23.10218,24.679436,28.505241,30.643608,30.554905,35.776695,33.778236,37.27702,39.80554,36.36776,32.745354,28.438826,29.890688,23.636019,23.789864,19.70078,18.816301,19.293442,16.323942,13.176143,15.65869,19.12252,13.993852,13.304392,18.573574,20.305408,23.270432,22.846214,20.623835,24.39968,23.010017,22.954699,26.116009,25.627314
25,25.401098,21.47448,24.51649,21.788939,20.948366,25.522959,21.618713,28.105043,27.330708,32.954865,32.26228,37.298756,36.627968,33.582867,33.145435,28.217356,26.1037,23.172422,19.762598,17.138634,14.09612,12.364787,7.9300175,6.888494,3.4365928,0.0,4.121324,8.234567,11.707637,13.930774,16.864548,19.68518,25.281088,27.538313,30.698004,33.550957,35.478493,35.55815,31.775639,30.576626,28.818832,27.366795,28.396189,24.74442,30.062572,27.242237,30.911198,31.114548,30.73701,35.23338,35.320984,33.639397,37.902657,40.731224,41.496113,41.137756,37.284103,40.696613,39.185223,41.146114,35.134285,38.568554,35.983875,37.18535,34.19705,28.861076,28.574142,26.292883,23.571342,20.015036,18.197819,21.270216,22.160809,25.348469,26.430407,30.393503,32.207947,31.830923,37.052303,34.63217,38.065403,40.312916,37.01891,33.297554,29.186924,30.64692,24.561531,25.016226,20.913929,20.489956,20.754118,18.061779,14.468234,15.733075,18.682703,13.076983,13.106923,18.288084,19.161112,21.871683,21.426432,19.640902,23.244293,22.768764,22.625599,26.217417,25.971092
26,24.610287,20.603064,22.89768,20.4749,19.006252,23.847326,19.26823,25.628668,25.031693,30.309902,29.99179,34.662563,34.56957,31.529848,31.77061,26.62625,25.028399,21.996004,19.056372,16.70869,14.245593,13.506123,8.743039,9.7084255,6.9124703,4.121324,0.0,6.3501897,9.6058,11.877491,14.573725,17.394247,22.743927,25.32488,28.218008,31.20798,32.72573,32.671238,28.643541,27.53066,25.30522,24.18591,24.761318,21.375294,26.573385,24.049723,27.850542,28.305717,28.4792,32.61352,32.541687,31.594877,35.758533,38.18147,39.27583,38.71608,35.127113,38.683548,37.546978,40.002934,34.021873,37.7767,35.538334,37.13763,34.602753,29.105354,29.554798,27.617401,25.092922,22.011427,19.461329,22.260979,21.996166,25.576931,25.886328,30.006306,31.40677,30.545744,35.74671,32.80883,36.10732,38.021458,34.872944,31.075583,27.236826,28.686415,22.892658,23.771355,19.814533,20.095116,20.37789,18.356836,13.959074,14.268561,16.349035,10.45953,10.720903,15.546864,15.706833,18.224237,17.667288,16.213394,19.744032,20.005884,19.997637,23.909134,24.129555
27,26.983154,22.70773,24.163933,20.70177,18.70582,22.634716,17.111202,22.952822,21.226675,26.514587,25.437359,30.170767,29.48555,26.201368,26.36677,21.445816,19.534683,17.139215,13.763674,12.408727,9.657562,10.416415,6.2437477,9.418861,9.325515,8.234567,6.3501897,0.0,4.1556654,5.743624,8.984424,11.581953,17.090527,19.411186,22.465265,25.3547,27.270676,27.40061,23.768974,22.708166,21.385303,20.173918,22.198181,18.8982,25.017406,24.028458,26.982275,28.604515,29.146475,33.10779,32.122242,31.24061,35.99098,37.883015,38.412304,37.35941,33.589123,36.491848,35.25556,37.912693,31.357727,34.7713,32.52932,33.954098,32.295456,26.832026,27.148693,26.116257,22.987377,21.317852,17.179762,18.955555,18.64802,21.454168,21.49833,25.437918,26.463108,26.049759,30.968143,28.304716,31.78065,33.881714,31.142628,27.644995,23.678051,26.116816,20.114277,22.171,18.774292,19.697355,21.167484,19.830881,14.382221,16.623917,18.10172,12.753915,9.893917,14.1704,15.453174,18.184698,16.18983,14.113523,16.254145,15.937724,14.924578,18.729683,18.354013
28,25.997965,21.7099,22.437641,18.607168,16.274393,19.621273,13.719078,19.203398,17.163204,22.471697,21.28676,26.100288,25.38478,22.165712,22.45768,17.41988,15.837465,13.308556,10.46706,9.4862,7.9627714,9.984557,7.3172164,11.595509,12.156271,11.707637,9.6058,4.1556654,0.0,4.157875,5.165215,9.722144,13.817644,17.041042,19.449621,22.63587,24.411417,24.20499,20.662268,19.18692,18.370834,16.494389,19.11474,15.621299,22.022888,21.648935,24.040033,26.185555,26.874159,30.690315,29.254759,28.393757,33.369118,34.97978,35.2288,33.97078,30.164042,32.809765,31.612444,34.45588,27.79003,31.211157,29.163733,30.768356,29.629063,24.186857,25.02032,24.522284,21.576439,20.757065,15.882315,17.094765,15.720387,18.641365,18.02527,22.002693,22.756239,22.091267,26.980555,24.178629,27.640383,29.742002,27.05866,23.631046,19.686796,22.401226,16.492107,19.125679,16.193346,17.698576,19.689638,19.096397,13.217101,16.033314,16.920033,12.451413,8.036478,11.370495,13.465384,16.306128,13.844174,11.251337,13.142334,11.9674225,11.022487,14.674984,14.536802
29,30.071678,25.800879,26.278767,22.485329,19.927114,22.942673,16.616678,21.330584,18.626,23.372461,21.764576,26.123531,25.23847,21.709522,22.35292,17.723078,15.920069,14.50009,11.311894,11.747403,9.749247,12.301838,9.944913,13.755592,14.699519,13.930774,11.877491,5.743624,4.157875,0.0,4.880936,5.9991555,11.656426,13.691157,16.821465,19.62806,21.712679,22.03046,18.725111,17.927746,17.327166,16.500624,19.701866,17.012085,23.55947,24.233381,26.398897,29.084618,30.228477,33.683502,31.901045,31.576363,36.567543,37.735065,37.99878,36.424953,32.781086,35.112682,34.06245,37.12806,30.27965,33.461292,31.4893,32.930885,32.34288,27.061398,27.607944,27.514774,24.172012,23.85069,18.619946,19.192087,18.266453,20.26616,19.541695,23.156996,23.436396,23.209755,27.63418,24.969877,28.446756,30.447496,28.324915,25.202255,21.491026,24.799911,19.193344,22.442717,19.88719,21.574665,23.75371,23.20962,17.343458,20.049124,20.61136,16.103184,11.94793,14.547859,16.083757,18.501177,15.275863,13.167374,13.171235,12.976517,10.622739,14.4302025,13.618942
30,28.17,24.023018,23.716919,19.739365,16.920635,19.181152,12.676795,16.747967,13.780987,18.555395,16.965118,21.490767,20.73294,17.364674,18.280201,13.338192,12.294916,10.507117,8.669582,9.554009,9.6129265,12.869129,11.724807,16.137793,17.1985,16.864548,14.573725,8.984424,5.165215,4.880936,0.0,6.900533,8.837251,12.835382,14.570135,17.957405,19.621244,19.247038,15.953985,14.329447,14.38366,12.326483,16.201319,13.20453,19.89795,21.12104,22.605011,25.751284,26.98552,30.249456,28.050056,27.719296,32.85645,33.75569,33.733334,31.99343,28.347637,30.447676,29.479933,32.753857,25.927402,29.196373,27.530802,29.282434,29.208368,24.016872,25.327309,25.71871,22.85175,23.249958,17.643038,17.746634,15.326495,17.648376,15.957441,19.629969,19.570887,18.772865,23.2362,20.237734,23.654745,25.613873,23.449743,20.352835,16.730825,20.2283,14.938545,18.740997,16.835274,19.118652,21.662628,21.928097,15.974794,18.920082,18.85855,15.531748,10.46678,11.5226965,13.87207,16.292606,12.8301735,10.180822,9.961889,8.301271,6.132289,9.842045,9.744951
31,34.670036,30.504427,30.196512,26.511127,23.531342,25.84765,19.103394,22.320477,18.923494,22.442034,20.497149,23.853535,23.083893,19.348566,20.967867,17.058908,15.74729,15.734973,13.375036,15.361782,14.164785,17.344643,15.745376,19.464485,20.615595,19.68518,17.394247,11.581953,9.722144,5.9991555,6.900533,0.0,7.4613495,7.9580727,11.58221,14.008628,16.18257,17.021177,14.143447,14.270707,14.254207,14.809446,18.79793,17.395645,23.755363,26.11484,27.624062,31.196344,33.046986,35.80879,33.383957,33.93355,38.88887,39.238903,39.477016,37.389824,34.118626,35.936604,35.262802,38.79613,31.915066,34.86787,33.297947,34.781258,35.219,30.237904,31.007996,31.631979,28.231285,28.78578,23.080912,22.775383,21.395048,22.566904,21.079334,24.107046,23.439981,23.338642,26.921938,24.193136,27.446817,29.071877,27.84734,25.250898,22.18996,26.133762,21.400944,25.513153,23.732885,25.96628,28.433949,28.420496,22.452963,24.940527,24.71598,20.812658,16.583204,17.710424,18.761574,20.504858,16.40327,14.934287,12.257296,13.214189,9.4150505,12.867095,11.675012
32,34.977554,31.124338,29.673313,26.013142,22.794195,23.713371,17.254526,18.25685,14.251353,16.366991,14.143687,16.729685,16.213526,12.568188,15.52518,12.164987,12.514732,13.311304,13.309424,16.159615,16.981955,20.692911,20.245205,24.498562,25.82419,25.281088,22.743927,17.090527,13.817644,11.656426,8.837251,7.4613495,0.0,6.126389,5.8391566,9.531267,10.866221,10.635735,8.213569,7.4937077,9.832996,9.580981,15.107351,14.461262,20.287971,24.225704,24.404432,28.885134,31.113066,33.195152,29.970762,30.948898,35.905785,35.47125,35.28562,32.735363,29.779818,30.879393,30.551525,34.503635,27.869474,30.644428,29.748936,31.564804,33.169125,28.667181,30.345827,31.809845,29.010908,30.637629,24.600138,23.492651,20.52472,21.448862,18.563757,21.001202,19.280626,18.54764,21.329105,18.205051,21.0821,22.332645,21.807468,19.81095,17.611904,21.99376,18.671227,23.537462,23.008305,25.921412,28.769651,29.773422,23.968746,26.529696,25.430557,23.086422,18.338861,17.38194,18.879372,20.148668,15.755847,14.309276,9.88185,9.842496,5.594731,7.137411,6.7810745
33,40.47316,36.477856,35.41239,31.629765,28.512497,29.625126,23.157497,24.350595,20.173386,21.943188,19.271666,21.172934,19.991331,16.31635,18.77451,16.619743,15.984064,17.8414,16.737356,20.00322,19.752558,23.360743,22.834593,26.588224,28.214043,27.538313,25.32488,19.411186,17.041042,13.691157,12.835382,7.9580727,6.126389,0.0,5.1072416,6.2283545,9.367889,11.164402,10.37251,11.671314,13.865892,15.2939205,20.372063,20.277798,25.925383,30.001474,30.36963,34.842705,37.13681,39.209415,35.99869,37.068687,42.026478,41.514103,41.32893,38.693115,35.795197,36.642506,36.235413,40.025627,33.2667,35.59492,34.49869,35.8385,37.60122,33.256298,34.159683,35.723846,32.365368,34.103462,27.989164,26.616821,24.890835,24.85246,22.662218,24.586624,22.784515,23.096579,25.189667,22.922054,25.721954,26.998375,27.058468,25.482376,23.337358,27.919134,24.427454,29.233952,28.481,31.100716,34.009632,34.581024,28.70977,31.495401,30.736567,27.691166,23.093327,22.93835,24.140528,25.355284,20.85586,19.726357,15.113997,15.903667,11.545768,12.721073,10.852803
34,40.442924,36.694984,34.936085,31.352283,28.11882,28.490223,22.368982,22.172579,17.975458,18.460358,15.885978,16.74736,16.05813,12.698703,16.355633,14.804761,15.463348,17.519567,17.845165,21.221678,22.02185,25.800184,25.635433,29.7287,31.269665,30.698004,28.218008,22.465265,19.449621,16.821465,14.570135,11.58221,5.8391566,5.1072416,0.0,3.9437592,5.6007547,6.437669,6.7486,7.912997,11.626652,12.817505,18.230217,18.773844,23.695774,28.643898,28.23633,33.153366,35.711655,37.260326,33.627987,35.096596,39.901154,38.845406,38.497135,35.590103,33.038967,33.46667,33.3964,37.48029,31.07946,33.342476,32.77596,34.40643,36.83106,32.80125,34.37464,36.32698,33.45375,35.631344,29.463919,27.826298,25.070745,25.118196,22.086506,23.642454,21.19102,20.903994,22.326319,19.720123,22.046824,22.858438,23.513544,22.416443,21.061867,25.646898,23.248997,28.30602,28.265152,31.256248,34.245235,35.408966,29.683922,32.274513,30.962027,28.822273,24.154627,22.88345,24.119938,24.97237,20.49865,19.54472,14.304034,14.8074045,10.997539,10.772793,9.860867
35,44.344006,40.56345,38.87127,35.231945,32.034794,32.342144,26.288439,25.963316,21.686277,21.809065,19.04226,19.297365,18.26113,15.158293,18.520485,17.846132,18.185265,20.780582,20.81735,24.410759,24.892414,28.641037,28.551727,32.44173,34.146687,33.550957,31.20798,25.3547,22.63587,19.62806,17.957405,14.008628,9.531267,6.2283545,3.9437592,0.0,4.610639,7.2216325,9.251129,11.25121,14.783329,16.58195,21.753635,22.61564,27.313536,32.468086,31.995033,36.986477,39.615715,41.05457,37.338795,38.90768,43.68293,42.464367,42.048805,39.04102,36.602783,36.755943,36.697735,40.711285,34.34973,36.288456,35.726177,37.11044,39.80177,35.972103,37.232662,39.35176,36.276787,38.649094,32.433815,30.571507,28.29455,27.801884,25.009651,26.153246,23.543468,23.76916,24.577799,22.522516,24.645878,25.36968,26.509525,25.787556,24.609077,29.280201,26.992514,32.062435,32.051895,34.958866,38.01946,39.077927,33.342285,36.057957,34.826466,32.49886,27.847294,26.77749,27.923748,28.7059,24.19093,23.376207,18.016575,18.744694,14.870909,14.47087,13.038995
36,44.52644,40.94761,38.74054,35.600105,32.185642,32.424465,26.40319,25.348934,21.596525,20.593994,18.701498,17.6746,18.124159,15.535976,20.05696,19.24138,20.527496,22.621153,23.352242,26.655874,27.547895,31.308662,30.906002,35.00605,36.317337,35.478493,32.72573,27.270676,24.411417,21.712679,19.621244,16.18257,10.866221,9.367889,5.6007547,4.610639,0.0,3.6041155,6.596236,9.466681,12.5960655,15.325089,19.707418,21.503378,25.299688,31.102448,30.369946,35.56583,38.657207,39.4962,35.631218,38.009136,42.410633,40.663475,40.58128,37.388817,35.477592,35.681305,36.15427,40.587517,34.662037,36.891674,36.78915,38.59599,41.454315,37.623993,39.508858,41.589954,38.882187,41.103973,34.959652,33.30496,30.23856,30.327917,27.000702,28.260925,25.408743,24.794481,25.423822,22.643442,24.231945,24.187014,25.716232,25.115957,24.6634,28.96351,27.486034,32.574444,32.818756,36.025154,38.8724,40.267418,34.549248,36.5766,34.78198,32.954327,28.70326,26.927681,27.464859,27.723322,23.289936,23.048588,17.184008,18.8305,15.593739,15.18625,15.011724
37,42.48981,39.092705,36.533417,33.578476,30.150608,30.046259,24.327276,22.601734,19.086733,17.415998,15.914311,14.325082,15.54139,13.304703,18.459452,17.570261,19.579685,21.352716,22.796074,25.9138,27.35626,31.1253,30.841494,35.127594,36.317997,35.55815,32.671238,27.40061,24.20499,22.03046,19.247038,17.021177,10.635735,11.164402,6.437669,7.2216325,3.6041155,0.0,4.814802,6.9108405,10.708698,12.8732,17.21302,19.207472,22.520088,28.60452,27.47896,32.80571,35.966373,36.56479,32.551514,35.086117,39.364174,37.41472,37.288227,34.02311,32.287678,32.411133,33.085697,37.678513,32.025913,34.375824,34.56033,36.630074,39.62315,35.892174,38.2355,40.372334,38.02702,40.30752,34.25199,32.634117,28.932728,29.35222,25.61411,26.882439,23.893078,22.685375,23.243374,20.018255,21.32279,20.95489,22.588085,22.093983,22.07672,26.16895,25.29534,30.36459,30.940407,34.30967,37.107292,38.81921,33.26326,35.101837,33.02808,31.767653,27.564575,25.206823,25.782446,25.882801,21.625858,21.424025,15.602091,16.96293,14.366164,13.445949,14.122168
