,0,1,2,3,4,5,6,7,8,9,10,11,12,13,14,15,16,17,18,19,20,21,22,23,24,25,26,27,28,29,30,31,32,33,34,35,36,37,38,39,40,41,42,43,44,45,46,47,48,49,50,51,52,53,54,55,56,57,58,59,60,61,62,63,64,65,66,67,68,69,70,71,72,73,74,75,76,77,78,79,80,81,82,83,84,85,86,87,88,89,90,91,92,93,94,95,96,97,98,99,100,101,102,103,104,105,106,107,108
0,0.0,4.376748,5.7373724,9.4293995,11.964456,13.739485,17.542368,20.701681,22.910093,26.736734,28.810806,32.203518,33.73804,33.003002,34.60355,28.231213,28.66252,24.181324,27.324926,21.717964,22.738464,23.56604,25.956902,20.193169,17.587303,19.232824,19.517824,23.590076,24.673681,28.536564,29.181543,35.336952,36.344677,38.44345,35.036613,30.630632,32.098877,32.990963,28.086704,26.379292,29.16692,26.025145,22.6603,23.512375,25.868519,20.566448,17.572624,21.380325,20.939304,25.299278,24.285585,16.928183,22.365812,25.582722,22.45007,21.783432,22.122135,23.699509,26.31085,27.435463,27.086103,31.655872,33.959564,36.29758,33.507465,32.13845,35.731323,35.88879,30.576746,30.840261,34.17675,33.22283,28.14201,29.536133,26.126163,27.971315,25.642315,21.393778,21.318918,16.148815,15.807307,13.440745,15.735056,14.317531,16.688618,12.31903,17.870975,16.46093,15.22156,18.79768,21.022314,23.913223,23.48945,24.515366,28.387072,27.163204,30.592154,27.144169,32.838593,27.663055,31.034254,32.795757,28.947733,26.968914,23.00893,21.776705,16.533583,16.776382,12.39562
1,4.376748,0.0,5.4292393,6.435133,9.299649,12.020024,15.545805,18.217562,21.113707,24.482656,26.980316,30.32765,32.18328,31.712267,33.973423,27.619982,28.729134,24.324196,28.322506,23.052052,24.653345,25.905703,28.604445,22.547802,19.751648,20.979137,20.229843,24.419058,24.702751,28.978176,28.446877,35.123257,35.457523,37.899704,34.036865,29.739285,31.820484,32.469078,27.355,25.98849,29.285656,25.506775,22.212791,23.994741,26.316174,20.35092,17.799913,22.65427,22.150988,26.321272,24.341845,17.493685,22.485191,25.329279,21.449682,19.944895,20.651838,21.453382,24.30816,26.271318,25.37785,29.68132,31.725597,34.342525,32.052235,30.609564,33.689827,33.978607,28.723278,28.318424,31.67894,31.058796,25.83694,26.518938,23.4118,24.65713,22.191435,18.182526,17.404474,12.596106,12.155076,9.8238945,12.9602,12.381556,15.610992,12.746502,17.886335,17.861012,17.092522,20.71694,23.479277,26.032217,25.174137,25.753334,29.45095,27.693691,30.699192,26.81561,32.160553,26.553955,29.361654,30.78493,26.664322,25.107286,20.471529,20.339901,14.982984,15.841523,11.967073
2,5.7373724,5.4292393,0.0,5.3817606,6.842271,8.520562,11.971964,15.225489,17.20786,21.158495,23.230377,26.533062,28.170462,27.359917,29.286615,22.848665,23.611204,19.198997,22.956383,17.750755,19.363096,20.831799,23.64137,17.5145,14.61162,15.725191,14.818173,19.006332,19.479343,23.636076,23.625103,30.026243,30.781263,33.120605,29.646404,25.20991,26.994108,28.112387,23.066545,21.271729,24.627867,21.63667,17.87933,19.229977,22.107573,16.913239,13.458779,18.30091,18.716408,22.843763,21.238922,14.813918,20.62968,23.220438,19.728743,18.504333,17.955303,19.517086,22.953302,23.871315,22.433674,27.325846,29.306631,31.928106,29.005272,27.194462,30.626223,30.519777,25.20386,25.78764,28.806154,27.630203,22.64603,24.360605,21.036407,23.30026,20.895508,16.582142,17.314114,11.760669,11.773851,10.551383,11.663287,9.324846,11.825071,8.733473,13.093638,12.793972,12.882169,16.526981,19.206446,21.57108,20.276016,21.00851,24.455873,23.090546,25.927626,22.405243,27.852251,22.4347,25.755419,27.434713,23.66432,21.686354,17.832432,16.277426,11.105486,11.111408,6.9032655
3,9.4293995,6.435133,5.3817606,0.0,3.8756108,6.1236362,9.397805,12.663071,15.567177,18.94714,21.758755,24.768274,27.048447,26.395237,29.45689,23.084286,24.710693,20.616903,25.175068,20.71019,22.629835,24.656384,27.401608,21.064909,18.322336,18.649483,16.7488,20.800657,20.161484,24.772007,23.10473,30.152723,29.77731,32.312973,28.114887,23.9573,26.490551,26.93843,21.718529,20.662573,24.40784,20.299229,16.991524,19.69421,22.095116,15.955151,13.674733,19.613237,19.572771,23.285862,20.376781,14.874889,19.680634,21.73158,17.343367,15.0586605,15.151958,15.639932,19.253693,21.27637,19.396067,23.808998,25.58217,28.438623,26.217178,24.51684,27.35691,27.615068,22.392027,21.934177,25.249592,24.71279,19.445396,20.238754,17.00819,18.57248,16.23767,11.981337,12.336456,6.9258432,8.013979,8.171172,10.171186,8.870711,12.611771,12.129166,15.057657,16.390907,17.254953,20.753944,23.71537,25.694763,23.848127,24.1861,27.156855,25.409899,27.434265,23.582592,28.354765,22.375664,24.857635,25.942247,21.84355,20.57399,15.696093,15.676862,10.710129,11.0432625,8.498155
4,11.964456,9.299649,6.842271,3.8756108,0.0,5.3833323,6.8557143,9.020903,12.021557,15.301317,18.013187,21.169039,23.32508,22.864426,25.915209,19.657509,21.627218,17.647827,22.769451,18.686882,21.252039,23.40636,26.619402,20.507954,17.575956,17.799276,14.865332,18.817656,17.66422,22.353544,20.164902,27.296392,26.958399,29.95186,25.905767,21.683327,24.53531,25.530514,20.261902,18.923103,23.288042,19.79424,16.028708,18.918272,21.949705,16.48585,13.680711,19.88467,20.725206,24.190138,21.219498,16.640757,21.622137,23.207891,18.839901,16.19305,15.296532,15.631944,20.06842,21.813179,18.683306,23.39447,24.668156,27.893696,25.55228,23.257011,25.771782,25.565243,20.376516,20.338718,23.008244,22.051655,16.974106,17.959373,15.247823,17.086683,14.301415,10.277601,10.983082,5.449954,5.8723955,7.0701766,7.2404943,5.4095592,9.253575,10.377582,12.190182,14.673954,15.934305,19.152346,22.400146,23.942741,21.797478,21.728077,24.477814,22.388203,24.123072,20.102869,24.669441,18.61331,20.991037,22.106773,18.030533,16.700647,11.924745,11.9331875,7.034086,8.107564,6.476163
5,13.739485,12.020024,8.520562,6.1236362,5.3833323,0.0,4.5240297,10.104683,11.560417,15.597232,18.207253,20.689491,23.168459,21.874819,25.29756,18.89934,20.436775,16.776466,21.085901,17.539394,19.217375,21.889603,24.29729,18.011204,15.683363,15.009475,12.517562,16.141396,14.994669,19.663336,17.697643,24.725546,24.094381,26.320736,22.118454,17.963661,20.432264,20.843555,15.612899,14.596558,18.468576,14.550958,11.009158,14.158115,16.743206,11.151822,8.728627,15.212485,15.953711,19.107256,15.922763,12.130512,16.931,18.209013,14.143662,11.981556,10.340028,11.655909,15.958747,16.818398,14.142048,19.143616,20.885443,23.682446,20.873993,18.875465,22.121765,22.175674,16.871702,17.366203,20.584105,19.715746,14.597947,16.728558,12.862907,15.876701,14.186521,9.617425,12.788348,7.677481,10.319286,12.346175,12.175609,9.322468,11.93352,12.85036,13.00025,14.652724,17.170593,20.267565,22.86747,24.361538,21.69019,22.15472,24.242592,23.131886,24.229773,21.008743,25.299986,19.430573,22.099703,23.104395,19.518122,18.156256,14.167493,12.673774,9.051137,7.103562,6.793325
6,17.542368,15.545805,11.971964,9.397805,6.8557143,4.5240297,0.0,6.2651443,7.3203254,11.192487,13.922671,16.249886,18.916508,17.744272,21.70173,15.5594225,17.81282,14.657861,19.694918,17.127422,19.492405,22.397234,25.181957,19.34818,17.024136,16.018717,12.1466,15.234038,12.917889,17.72178,14.310285,21.675282,20.568245,23.406944,19.11374,15.014673,18.22655,19.084642,13.842915,12.805366,17.589708,14.286307,10.540819,14.320246,17.385502,12.893024,10.614891,16.98823,18.56478,21.096474,17.615278,15.528364,19.808966,20.31021,16.275806,13.516444,10.890948,11.454178,16.633184,17.42538,12.902242,17.99915,18.940166,22.253645,19.554152,16.781857,19.358107,18.898401,13.662193,14.511144,16.934818,15.687783,10.686835,13.115606,9.8769245,13.308257,11.363815,7.386849,11.459488,7.52697,9.953766,13.017763,11.462304,8.739706,10.670019,13.715441,11.977941,15.128452,18.153263,20.771059,23.579842,24.46505,21.356318,21.286886,22.791374,21.338722,21.632973,18.354631,21.932196,15.937201,18.13059,18.883106,15.435045,14.324086,10.630732,9.292154,7.258333,5.4774327,7.897548
7,20.701681,18.217562,15.225489,12.663071,9.020903,10.104683,6.2651443,0.0,4.6214786,6.346099,9.516649,12.483417,14.980993,15.004229,19.111492,13.719495,17.134518,14.464792,20.621563,18.653862,22.148855,24.758484,28.367191,23.126022,20.463413,19.885427,15.01926,17.701157,14.644006,19.147985,14.409807,21.688337,20.453417,24.505148,20.543707,16.784533,20.701155,22.393175,17.542894,16.30462,21.72118,19.359146,15.642985,19.21994,22.761675,18.990448,16.523687,22.580875,24.64831,27.07067,23.61578,21.756393,26.006948,26.313475,22.10894,18.797934,16.374222,15.83282,21.296328,22.65946,16.982327,21.499807,21.352972,25.278492,23.18529,19.753756,20.896095,19.718723,15.17065,15.731294,16.526539,14.830711,10.673638,11.771364,11.056548,13.2071705,10.032064,8.195116,10.321398,8.451784,8.688464,12.094862,8.909715,7.7354813,8.922667,14.282186,11.825162,16.74287,19.208836,21.311172,24.66218,24.970362,21.942764,20.914474,22.286003,19.659475,19.559114,15.544206,18.334724,12.053221,13.1048765,13.588431,9.614984,9.000409,4.450623,6.074145,6.0801983,7.732928,10.643673
8,22.910093,21.113707,17.20786,15.567177,12.021557,11.560417,7.3203254,4.6214786,0.0,4.861596,6.6728783,9.385724,11.6735115,10.943936,15.056106,9.535012,13.011432,10.974698,16.941483,16.029655,19.476427,22.292372,25.760357,21.085812,18.791084,17.773676,12.493435,14.327175,10.711473,14.951253,9.8533535,17.07045,16.144947,20.297304,16.857946,12.990102,16.76918,19.178032,14.695673,12.993514,18.564625,17.480145,13.628651,16.700027,20.609299,18.266481,15.556513,20.87454,23.693811,25.670336,22.679522,21.822168,26.09064,26.064445,22.548485,19.802982,16.359705,16.59191,22.03932,22.22733,16.159943,20.98534,20.684559,24.41402,21.677979,17.813791,19.245323,17.413145,13.041479,15.290295,15.298716,12.568619,9.36152,12.436477,11.621088,15.007938,12.688889,11.056484,14.483524,12.430332,13.089792,16.161133,12.560164,10.252374,9.7198925,15.064425,10.63993,15.519477,18.821121,20.38076,23.309341,23.157915,19.66718,18.653328,19.194855,17.12994,16.178059,12.922323,15.25441,9.302474,11.033569,11.845924,9.077393,7.749963,6.766097,4.1207485,7.285882,7.005753,11.23871
9,26.736734,24.482656,21.158495,18.94714,15.301317,15.597232,11.192487,6.346099,4.861596,0.0,3.9630961,6.3405557,9.158652,9.729895,14.713776,10.924881,15.204628,14.189022,20.21233,20.026466,23.747242,26.443558,30.078089,25.735308,23.445961,22.470816,17.08385,18.45961,14.496227,18.095045,11.783032,18.290962,16.460625,21.304897,17.903778,14.929182,19.219492,21.53817,17.600718,16.447865,21.985292,20.922293,17.623716,20.975817,24.622042,22.359879,20.151094,25.475197,28.21237,29.944262,26.578293,26.206902,30.034822,29.678986,25.936947,22.7039,19.554153,18.86009,24.318356,25.068808,18.376038,22.392323,21.248226,25.318699,23.344095,19.279867,19.324112,17.17861,13.823212,15.33014,14.024568,11.335168,9.434219,10.972459,12.219869,14.443409,11.977266,12.17768,14.666602,14.404517,14.566235,17.906492,14.117563,13.158261,12.646951,18.676693,14.371015,19.711912,22.646753,23.925102,27.026466,26.530573,23.12477,21.58467,21.743755,19.083961,17.367132,14.033128,14.672989,9.14035,8.4253435,8.060752,5.225215,5.769022,5.8222647,6.9218693,10.763955,11.701043,15.618279
10,28.810806,26.980316,23.230377,21.758755,18.013187,18.207253,13.922671,9.516649,6.6728783,3.9630961,0.0,4.059964,5.487034,6.5195994,10.937729,8.13206,12.615347,12.520482,18.255976,18.951773,22.8505,25.373175,29.13846,25.518084,23.392342,22.44348,16.950699,17.612907,13.645151,16.42854,10.379316,15.828107,14.7882805,20.00458,17.618687,14.835662,18.680223,21.852665,18.461662,16.821455,22.222893,22.376572,18.959505,21.573122,25.563757,24.295055,21.697117,26.365671,29.651052,31.226006,28.397146,28.26702,32.33151,31.942808,28.623878,25.757029,22.17305,21.977634,27.376276,27.465336,20.755697,24.886456,23.631237,27.512133,25.15163,20.859743,20.971136,18.238867,15.435654,17.990673,15.945877,12.476069,11.921574,14.24389,15.526334,18.103146,15.87513,15.988321,18.550621,17.91086,17.754757,20.65971,16.403118,15.082684,13.4524,19.419062,14.202617,19.501114,22.534721,23.212774,26.081459,25.096027,21.616957,19.78458,19.31218,16.676676,14.211628,11.419621,11.005895,6.2533345,5.271681,5.5006046,4.9037557,4.4896765,8.2574,7.3054786,12.347094,13.063047,17.090769
11,32.203518,30.32765,26.533062,24.768274,21.169039,20.689491,16.249886,12.483417,9.385724,6.3405557,4.059964,0.0,4.084862,4.6998506,10.686764,9.651981,13.8877,14.842265,19.778711,21.4123,24.91559,27.621984,30.986927,27.67357,25.912334,24.551168,19.194332,19.186117,14.882714,17.022005,10.046241,14.539574,12.29129,17.704027,15.4818735,13.657163,17.641119,20.624609,18.007435,16.893229,21.957895,22.456417,19.69344,22.39035,25.974104,25.355553,23.347076,27.648663,30.966465,32.01339,29.036036,29.945547,33.428787,32.557957,29.506248,26.683445,22.907637,22.520508,27.679111,27.50092,20.507607,24.049978,22.285019,26.06053,23.935938,19.540554,18.9259,15.804494,14.084478,16.940578,13.875481,10.109285,11.324904,13.779485,15.663366,18.229225,16.754084,17.532156,20.566692,20.53012,20.895407,24.140392,20.113623,18.788319,17.348776,23.177984,17.691202,22.672031,26.049807,26.607538,29.198536,28.031239,24.347525,22.627256,21.4602,19.381052,16.02262,14.280895,12.463763,9.3618,7.428307,6.290946,7.6067224,8.307057,11.714878,10.998849,15.967594,16.020678,20.340366
12,33.73804,32.18328,28.170462,27.048447,23.32508,23.168459,18.916508,14.980993,11.6735115,9.158652,5.487034,4.084862,0.0,3.798225,7.4664626,8.489457,12.429963,14.160319,18.66203,20.875645,24.593925,26.955505,30.548973,27.92944,26.213629,25.092384,19.781868,19.338934,15.421634,16.708233,10.943947,13.763535,13.019783,18.53886,17.53568,15.765106,19.026293,22.786865,20.5025,18.841393,23.70133,25.11716,22.084501,24.065912,28.016684,27.961893,25.447105,29.28351,33.006622,34.11613,31.673285,32.339306,36.21836,35.517414,32.68885,30.101572,26.152525,26.147425,31.336145,30.814487,23.997131,27.758482,26.087683,29.710913,27.274696,22.836657,22.477716,19.120909,17.607328,20.912817,17.759462,13.819515,15.219447,17.829556,19.572266,22.216516,20.501078,21.034584,23.781519,23.35881,23.218988,26.006618,21.593904,20.179323,17.956894,23.613363,17.768633,22.625118,25.79397,25.796198,28.214529,26.616913,23.07829,21.022387,19.399305,17.208195,13.301339,12.202416,9.012841,7.8334355,5.651136,5.4036856,8.529714,8.455396,13.5148735,11.987641,17.317232,17.599825,21.702084
13,33.003002,31.712267,27.359917,26.395237,22.864426,21.874819,17.744272,15.004229,10.943936,9.729895,6.5195994,4.6998506,3.798225,0.0,6.6154428,6.81169,10.328854,12.472314,16.34194,19.03417,22.269024,24.874945,28.036343,25.52165,24.142874,22.655033,17.55124,16.625628,12.554423,13.546188,7.4576693,10.266379,9.479519,14.927034,14.10718,12.300193,15.297219,19.249456,17.265638,15.546312,20.156914,22.073507,19.235214,20.927588,24.761929,25.342155,22.983164,26.34075,30.190485,31.010963,28.786608,29.982544,33.672424,32.82078,30.401289,28.196386,23.93008,24.365654,29.354856,28.22686,21.615242,25.50159,24.04906,27.377216,24.510729,20.079992,20.252882,16.792852,15.229592,19.357502,16.451172,12.183375,13.749539,17.432154,18.41112,21.765543,20.493465,20.532278,24.091513,23.171043,23.602207,26.5197,22.297773,20.2333,18.055529,23.264137,17.067247,21.38582,25.065222,25.125576,27.200916,25.678904,21.851742,20.242828,18.278597,16.99607,12.892009,12.545127,10.214825,8.8193245,8.597764,8.8501625,10.925857,10.27939,14.637355,11.834405,17.070597,16.364552,20.6905
14,34.60355,33.973423,29.286615,29.45689,25.915209,25.29756,21.70173,19.111492,15.056106,14.713776,10.937729,10.686764,7.4664626,6.6154428,0.0,6.537959,7.7816133,11.347996,13.636582,17.348219,20.670252,22.559444,25.965637,24.793692,23.611061,22.58568,17.979631,16.312504,13.51901,12.774856,10.523611,9.857343,12.705921,17.318537,18.358505,16.443285,17.90066,22.85022,21.269667,18.701908,22.6798,25.914202,22.676111,23.040695,27.36609,28.781782,25.62654,28.033459,32.443115,33.411892,32.21082,32.84966,37.172146,36.701008,34.70457,32.97758,28.542557,29.643953,34.611233,32.943974,26.875675,31.1765,30.079725,33.1396,29.72842,25.41047,26.241072,22.719507,21.080338,25.629515,22.975512,18.653858,19.89644,23.777906,24.358078,27.909737,26.27158,25.769814,29.027178,27.34406,27.167551,29.329077,24.756054,22.402922,19.190798,23.550549,17.09051,20.618347,23.910473,23.008482,24.543638,22.329834,18.81387,16.860954,13.929272,13.063306,7.96448,9.855589,6.089394,8.878932,10.1044035,11.775715,14.467971,12.754401,18.202253,14.225146,19.307285,18.754622,22.439432
15,28.231213,27.619982,22.848665,23.084286,19.657509,18.89934,15.5594225,13.719495,9.535012,10.924881,8.13206,9.651981,8.489457,6.81169,6.537959,0.0,4.489265,5.810472,10.417313,12.467556,16.137945,18.473276,22.120676,19.680256,18.087479,17.087242,12.00974,11.290114,8.132573,9.404985,6.8841753,10.450925,12.792759,17.16196,16.611673,13.293216,15.217897,19.84037,17.042202,14.096432,18.74811,21.049564,17.234657,17.88346,22.504509,23.023062,19.54504,22.569115,26.760283,28.206757,26.833755,26.71207,31.353376,31.23751,28.980974,27.27866,22.985624,24.338224,29.394266,27.938725,22.189085,27.059853,26.57274,29.726242,26.082249,21.905085,23.606964,20.638432,17.622862,21.963299,20.515223,16.437784,15.976999,20.19845,19.809063,23.692717,21.828281,20.49043,23.932495,21.52072,21.547697,23.653124,19.322025,16.4542,13.443136,17.691236,11.145961,14.965119,18.617456,18.441584,20.394339,18.908804,15.068955,13.551083,11.992171,10.855877,7.7328095,7.187035,8.068972,5.8196216,9.438383,11.638137,12.168149,9.617589,13.726208,8.486529,13.215346,12.253407,15.970404
16,28.66252,28.729134,23.611204,24.710693,21.627218,20.436775,17.81282,17.134518,13.011432,15.204628,12.615347,13.8877,12.429963,10.328854,7.7816133,4.489265,0.0,4.5213733,6.265392,9.768468,12.920476,15.01789,18.454702,17.024593,15.944244,14.953763,10.757583,8.8520565,7.247444,6.5129633,8.290503,9.409788,13.774974,17.07263,17.608168,14.322611,14.795691,19.927618,17.657598,14.223257,17.934958,21.387472,17.6065,16.939777,21.695276,23.251163,19.45511,21.249294,25.84641,27.173933,26.731197,26.601824,31.42623,31.477037,29.864801,28.821957,24.351542,26.405437,31.130295,28.940403,23.930555,28.979233,28.890545,31.610676,27.438942,23.515316,25.92413,23.00812,20.029274,24.881483,23.766962,19.671446,19.209326,23.918545,22.906626,27.178139,25.486252,23.63002,27.323633,24.262592,24.387262,26.082088,21.932268,18.562683,15.246943,18.093111,11.564453,13.724055,17.551325,16.806797,17.944113,16.15963,12.18352,11.150372,8.624325,9.325109,6.35735,8.119126,9.740139,9.404727,13.485735,15.897098,16.535412,13.747367,17.557896,11.6575775,15.422641,13.744627,16.825392
17,24.181324,24.324196,19.198997,20.616903,17.647827,16.776466,14.657861,14.464792,10.974698,14.189022,12.520482,14.842265,14.160319,12.472314,11.347996,5.810472,4.5213733,0.0,6.5055747,6.717831,10.747748,12.966181,16.95743,14.306556,12.533465,11.99674,7.2920594,7.08903,6.1311464,7.8257885,9.533148,13.040409,16.465467,19.655018,19.072409,15.051625,15.940885,20.46849,17.214056,13.627714,17.750898,20.104605,15.778792,15.3371,20.341467,20.790497,16.500137,18.966078,23.291874,25.249203,24.697554,23.458841,28.755499,29.2683,27.312544,26.217276,22.080528,24.231237,29.022434,27.244263,22.600395,27.99027,28.323309,31.165005,27.021832,23.304422,26.122244,23.68076,19.852163,24.125729,23.84396,20.130949,18.438938,22.884483,21.34842,25.532059,23.511847,21.078722,24.475231,20.843882,20.813784,22.16253,18.226557,14.575799,11.279712,13.649144,7.170025,9.499719,13.446903,13.26769,14.9505205,13.837884,9.838158,9.064673,8.586263,8.4292,8.09812,7.4372215,11.539325,9.046799,13.833304,16.439833,15.846116,12.712143,15.276095,8.952561,11.600517,9.921512,12.493932
18,27.324926,28.322506,22.956383,25.175068,22.769451,21.085901,19.694918,20.621563,16.941483,20.21233,18.255976,19.778711,18.66203,16.34194,13.636582,10.417313,6.265392,6.5055747,0.0,5.937726,7.4605365,9.25192,12.337067,12.065236,11.776493,10.963028,8.947051,6.0267677,8.078013,5.8764496,12.265365,12.391946,17.586145,19.29029,20.270384,16.817732,15.749028,20.70665,18.68534,14.89673,17.175962,21.335423,17.614733,15.263918,19.985214,22.366293,18.183712,18.323263,23.168423,24.577662,25.420355,24.795538,29.893011,30.387432,29.54538,29.397795,25.01599,27.931835,32.108837,29.216555,25.534414,30.814695,31.460981,33.640156,28.92163,25.573946,29.006659,26.52021,23.193134,28.184786,27.941122,24.125324,23.030085,28.075796,26.098116,30.711666,29.150618,26.478558,30.339157,26.367924,26.67496,27.779371,24.180166,20.259525,17.057346,17.70812,12.212234,11.487078,15.355799,14.2443495,14.092843,12.484426,8.527322,9.199669,6.7967873,10.246503,9.825803,12.003407,15.065895,14.754151,19.330778,21.908054,21.988111,18.939465,21.754078,15.402907,17.503754,15.039224,16.867737
19,21.717964,23.052052,17.750755,20.71019,18.686882,17.539394,17.127422,18.653862,16.029655,20.026466,18.951773,21.4123,20.875645,19.03417,17.348219,12.467556,9.768468,6.717831,5.937726,0.0,4.802821,6.5031195,10.942381,8.535776,6.9011374,7.433161,5.8902,6.073632,9.125747,9.820773,14.746376,17.258461,21.398293,23.331217,23.039774,18.901741,18.51179,22.640047,19.498219,15.727471,18.418528,20.996796,16.723528,14.645769,19.513407,20.307281,15.468429,16.339125,20.695257,23.070961,23.861044,21.507565,27.298906,28.503939,27.237051,27.07418,23.27386,26.265207,30.425549,28.130436,25.022453,30.606825,31.727892,34.057785,29.475681,26.411898,30.182312,28.223488,24.04252,28.23438,28.871447,25.501217,23.160675,27.718575,25.2465,29.596273,27.649246,24.367657,27.664509,23.045544,23.071518,23.519283,20.406353,16.327986,13.393195,12.460125,8.30392,5.7159233,9.69863,9.244895,9.609493,9.24177,5.412673,7.1187687,8.225991,10.152027,12.268706,12.280916,17.210562,15.251372,20.207403,22.943916,21.892393,18.63609,20.074198,13.911043,14.1935215,11.948726,12.339621
20,22.738464,24.653345,19.363096,22.629835,21.252039,19.217375,19.492405,22.148855,19.476427,23.747242,22.8505,24.91559,24.593925,22.269024,20.670252,16.137945,12.920476,10.747748,7.4605365,4.802821,0.0,3.5829616,6.41395,4.85322,5.3518744,5.2861967,7.4435463,6.485189,10.891021,10.556962,16.882517,18.48055,22.802073,23.619345,23.704334,19.83083,18.36462,22.112486,19.57553,15.936892,17.164808,20.358932,16.673681,13.294084,17.61648,19.512426,14.978618,13.891812,18.377052,20.445324,22.317541,20.283195,25.790598,27.074337,26.687756,27.34643,23.565739,27.13777,30.646214,27.606585,25.566282,31.008177,32.549274,34.322742,29.408318,26.84923,31.197107,29.499723,25.45167,29.86451,30.8971,27.70708,25.412987,30.31264,27.2919,31.918646,30.40411,26.832136,30.550045,25.685888,26.237627,26.672989,24.099482,19.854929,17.486963,15.652109,12.560983,8.668675,12.209344,11.867415,10.757267,10.934058,8.078893,10.8214,11.270828,14.392452,16.143608,16.885536,21.38304,19.686884,24.556816,27.14525,26.146915,23.015177,24.138508,17.988638,17.870855,14.877085,14.87468
21,23.56604,25.905703,20.831799,24.656384,23.40636,21.889603,22.397234,24.758484,22.292372,26.443558,25.373175,27.621984,26.955505,24.874945,22.559444,18.473276,15.01789,12.966181,9.25192,6.5031195,3.5829616,0.0,5.1985493,6.276212,6.8596992,8.097841,10.593103,9.90474,14.178714,13.473265,20.01572,21.098543,25.85993,26.708437,27.114422,23.301832,21.742725,25.585077,23.154573,19.514769,20.57966,23.822699,20.161528,16.701973,20.809307,22.627932,18.02843,16.639122,20.844362,23.054096,25.337431,22.770903,28.416925,29.974222,29.675825,30.429329,26.847645,30.419302,33.888508,30.918594,29.064577,34.52394,36.102943,37.87998,32.95925,30.431824,34.761097,33.011017,28.969906,33.331165,34.315067,31.052132,28.753399,33.52612,30.5918,35.10421,33.39154,29.776783,33.15018,28.150368,28.329857,28.30141,25.769089,21.677736,19.09056,16.474474,14.18344,9.581431,11.8635435,10.758564,8.529901,8.708584,7.054575,10.277111,11.140606,14.55899,17.061762,18.04574,22.692156,21.558146,26.524004,29.312368,28.38941,25.113161,26.411566,20.342403,20.006912,17.531084,16.946764
22,25.956902,28.604445,23.64137,27.401608,26.619402,24.29729,25.181957,28.367191,25.760357,30.078089,29.13846,30.986927,30.548973,28.036343,25.965637,22.120676,18.454702,16.95743,12.337067,10.942381,6.41395,5.1985493,0.0,6.4834437,9.1490135,9.34969,13.45357,12.094054,16.601194,15.2507,22.358578,22.67528,27.367456,27.159891,27.922703,24.515692,22.062185,25.380726,23.695002,20.380598,20.0112,23.76406,20.891573,16.53954,19.707281,22.666094,18.732183,15.484726,19.502707,21.105627,24.442019,22.56034,27.563164,29.049927,29.687864,31.195084,27.660511,31.647867,34.441383,30.767046,29.906713,35.073677,36.974915,38.178627,33.034027,31.027296,35.77081,34.266407,30.481697,35.0143,36.280125,33.204086,31.05699,36.113224,32.77,37.50452,36.24335,32.478916,36.28762,31.216509,31.923668,32.058605,29.90541,25.683357,23.522013,20.744349,18.69093,14.007648,16.339422,15.60197,12.9636345,13.414147,12.17965,15.3533325,15.500889,19.422504,21.293842,22.724346,26.948969,25.89344,30.763628,33.37881,32.536205,29.393751,30.501802,24.393454,23.983213,20.898636,20.348606
23,20.193169,22.547802,17.5145,21.064909,20.507954,18.011204,19.34818,23.126022,21.085812,25.735308,25.518084,27.67357,27.92944,25.52165,24.793692,19.680256,17.024593,14.306556,12.065236,8.535776,4.85322,6.276212,6.4834437,0.0,3.4560657,3.512498,8.670803,9.104936,13.304123,13.887066,19.492777,21.900196,25.45064,25.780073,25.195824,21.261433,19.735947,22.451298,19.694984,16.50071,17.009869,19.182585,15.857123,12.191839,15.747467,17.114439,12.773666,10.779909,14.665597,17.162558,19.577904,16.736347,22.281107,24.022211,23.980993,25.210539,21.946777,25.84132,28.738455,25.64415,24.78896,30.115002,32.196144,33.641655,28.747389,26.797796,31.590487,30.459896,26.1243,30.041422,31.863724,29.178766,26.278362,30.988762,27.359682,31.904673,30.595541,26.590986,30.284695,25.0859,26.02161,26.248362,24.502113,20.236084,18.762028,15.892407,14.432614,9.802492,12.805169,13.496537,12.365034,13.747115,11.757556,14.668294,15.909969,18.536129,20.606432,20.68363,25.5162,23.001543,27.78425,30.201744,28.640255,25.66092,25.719297,20.01297,18.749384,15.433787,14.482271
24,17.587303,19.751648,14.61162,18.322336,17.575956,15.683363,17.024136,20.463413,18.791084,23.445961,23.392342,25.912334,26.213629,24.142874,23.611061,18.087479,15.944244,12.533465,11.776493,6.9011374,5.3518744,6.8596992,9.1490135,3.4560657,0.0,3.348217,6.8832364,8.728103,12.41592,13.933713,18.629131,21.936052,25.232916,26.26676,25.209627,20.966175,20.222536,23.046896,19.640783,16.358686,17.938692,19.32768,15.4400835,12.754107,16.790157,16.880243,12.041868,11.912205,15.529189,18.544678,20.067797,16.43165,22.454094,24.341372,23.531803,24.196207,21.07726,24.63465,27.957031,25.52665,24.109999,29.613777,31.54956,33.38948,28.741936,26.530296,31.046282,29.881075,25.265947,28.848194,30.662884,27.992023,24.765862,29.146872,25.691908,30.00313,28.356764,24.336891,27.643639,22.373919,22.979479,23.022879,21.21393,16.99555,15.514322,12.436648,11.367291,6.561923,9.681398,10.876747,10.625883,12.282584,10.212662,12.803595,14.814979,16.596272,19.107603,18.465242,23.698496,20.72335,25.511145,27.980131,26.126108,23.107964,22.88691,17.377384,15.693778,12.768748,11.387765
25,19.232824,20.979137,15.725191,18.649483,17.799276,15.009475,16.018717,19.885427,17.773676,22.470816,22.44348,24.551168,25.092384,22.655033,22.58568,17.087242,14.953763,11.99674,10.963028,7.433161,5.2861967,8.097841,9.34969,3.512498,3.348217,0.0,5.504809,6.6279917,10.332618,11.791485,16.500114,19.724472,22.722275,23.367575,22.289907,18.177206,17.14122,19.814383,16.630735,13.389745,14.620108,16.37131,12.684505,9.54883,13.687072,14.560658,9.954045,9.304202,13.50355,16.053913,17.538403,15.011049,20.637835,22.104008,21.586199,22.418015,18.924284,22.680443,25.87924,22.989912,21.58497,27.013115,28.95523,30.605999,25.810444,23.660358,28.32632,27.19285,22.741945,26.598988,28.409481,25.77264,22.77551,27.480597,23.882635,28.457825,27.185793,23.256067,27.140467,22.097157,23.236303,23.872414,21.981781,17.649286,16.338617,14.349473,12.183152,8.591428,12.499131,13.661391,13.514298,14.659816,11.916454,14.298052,15.428505,17.499256,19.109009,18.76794,23.494207,20.44849,25.069538,27.31718,25.63516,22.796797,22.667713,17.019777,15.901413,12.25387,11.867971
26,19.517824,20.229843,14.818173,16.7488,14.865332,12.517562,12.1466,15.01926,12.493435,17.08385,16.950699,19.194332,19.781868,17.55124,17.979631,12.00974,10.757583,7.2920594,8.947051,5.8902,7.4435463,10.593103,13.45357,8.670803,6.8832364,5.504809,0.0,4.2107196,5.963906,9.043887,11.969084,16.397524,18.946177,20.703638,19.191055,14.758422,14.935951,18.195505,14.3825,10.843275,14.062292,15.470052,11.009666,9.737174,14.687574,14.694532,9.955141,12.104819,16.249733,18.633966,18.5322,16.575188,22.124683,23.085505,21.54995,21.27779,17.387941,20.446735,24.544653,22.3382,19.269453,24.883373,26.208275,28.495144,24.006826,21.122034,25.125988,23.601227,19.059225,22.96364,24.211687,21.292881,18.382298,23.02951,20.007917,24.526873,22.96223,19.437845,23.332094,18.725193,19.643866,20.817423,18.17025,13.855101,12.12506,12.136212,8.004588,7.1567826,11.904819,13.118483,14.292068,14.726673,11.143779,12.333716,13.23829,14.199328,15.171523,14.184055,18.746763,15.164745,19.655878,21.83491,20.16828,17.363628,17.548904,11.677339,11.447176,7.762172,8.993432
27,23.590076,24.419058,19.006332,20.800657,18.817656,16.141396,15.234038,17.701157,14.327175,18.45961,17.612907,19.186117,19.338934,16.625628,16.312504,11.290114,8.8520565,7.08903,6.0267677,6.073632,6.485189,9.90474,12.094054,9.104936,8.728103,6.6279917,4.2107196,0.0,4.523256,5.336236,10.563771,13.247189,16.692945,17.921242,17.474474,13.461986,12.583396,16.624376,13.850894,10.043057,12.461393,15.728869,11.86448,9.493912,14.408464,16.344862,12.228855,12.724252,17.47026,19.00967,19.490253,18.935232,23.911959,24.406427,23.551683,23.60577,19.272312,22.490667,26.394224,23.430271,20.269375,25.667118,26.77922,28.784225,23.99045,20.997787,25.021519,23.127048,19.214396,23.916845,24.592657,21.3076,19.36063,24.530325,21.748655,26.55427,25.335325,22.194899,26.50239,22.276516,23.332098,24.759052,21.81106,17.589779,15.427589,15.886384,10.957807,10.067715,14.758289,15.087224,15.471291,15.175877,11.257286,12.540241,11.959027,14.105581,14.053661,14.47231,18.12658,15.722314,20.159538,22.324057,21.474276,18.700216,19.971664,13.786564,14.858748,11.237451,13.137218
28,24.673681,24.702751,19.479343,20.161484,17.66422,14.994669,12.917889,14.644006,10.711473,14.496227,13.645151,14.882714,15.421634,12.554423,13.51901,8.132573,7.247444,6.1311464,8.078013,9.125747,10.891021,14.178714,16.601194,13.304123,12.41592,10.332618,5.963906,4.523256,0.0,4.814698,6.2406335,10.720248,13.032054,15.165458,14.0416,9.819258,10.254473,14.476884,11.337749,7.6216273,11.669064,14.370908,10.445908,9.917407,14.720179,16.052563,12.525959,14.57157,18.963425,20.238924,19.49371,19.723019,24.251938,24.232332,22.788912,22.125404,17.555885,20.149424,24.497171,21.965776,17.619675,22.921255,23.51308,25.901833,21.420834,17.923162,21.366968,19.201992,15.363836,20.187542,20.386995,16.9292,15.283812,20.53149,18.207186,22.997578,21.861576,19.23869,23.763317,20.217808,21.434376,23.51478,20.258684,16.34059,14.348929,16.546041,10.805706,12.179875,16.874601,17.460632,18.638456,18.110743,14.003935,14.328334,13.414049,14.432927,13.201286,13.089043,15.895918,12.88818,16.775047,18.571009,17.83828,15.412613,16.8805,10.957369,13.185428,9.673681,12.990313
29,28.536564,28.978176,23.636076,24.772007,22.353544,19.663336,17.72178,19.147985,14.951253,18.095045,16.42854,17.022005,16.708233,13.546188,12.774856,9.404985,6.5129633,7.8257885,5.8764496,9.820773,10.556962,13.473265,15.2507,13.887066,13.933713,11.791485,9.043887,5.336236,4.814698,0.0,7.7506104,8.054957,12.413897,13.688215,14.490133,11.25814,9.921509,15.04779,13.5045395,9.930832,12.214564,16.856571,13.731413,11.818684,16.207964,19.266228,16.01154,16.306711,21.113956,21.773699,21.966923,22.930182,27.172022,26.961765,26.280685,26.100258,21.372807,24.196985,28.190609,24.94971,20.963905,25.920391,26.383768,28.364998,23.621384,20.225443,23.632812,21.121763,18.18408,23.578869,23.210918,19.466326,18.900425,24.357824,22.302254,27.170406,26.252361,23.878689,28.477259,25.028048,26.136843,28.07361,24.635405,20.725668,18.244547,20.012863,14.109642,14.544625,19.094467,18.855974,19.177843,18.038517,13.947651,14.455191,12.152791,14.55386,12.551845,14.244552,16.11096,14.963417,18.800152,20.703213,20.891783,18.420263,20.92849,14.8889065,17.583624,14.324148,17.273897
30,29.181543,28.446877,23.625103,23.10473,20.164902,17.697643,14.310285,14.409807,9.8533535,11.783032,10.379316,10.046241,10.943947,7.4576693,10.523611,6.8841753,8.290503,9.533148,12.265365,14.746376,16.882517,20.01572,22.358578,19.492777,18.629131,16.500114,11.969084,10.563771,6.2406335,7.7506104,0.0,7.5076833,7.5487475,11.26544,9.888774,6.4568906,8.754215,13.08877,10.778676,8.380812,12.911061,15.437039,12.5462265,13.606773,17.46468,18.840067,16.539629,19.153212,23.145096,23.74335,21.990828,23.606623,27.2038,26.386066,24.639326,23.273533,18.575417,20.13388,24.697922,22.520573,16.791714,21.345976,20.896254,23.612812,19.706968,15.56534,17.661373,14.745655,11.967243,17.216394,15.998647,11.995285,12.08047,17.384348,16.275326,20.837955,20.098711,18.73392,23.427883,21.253,22.607279,25.460995,21.87352,18.707952,16.916464,20.796246,14.67522,17.613792,22.04913,22.51691,24.052977,23.075397,18.931534,18.438446,16.703053,16.936079,13.913302,13.940759,14.412108,11.784046,14.056834,14.999822,15.214668,13.694808,16.071058,11.415468,15.343724,12.727108,17.011591
31,35.336952,35.123257,30.026243,30.152723,27.296392,24.725546,21.675282,21.688337,17.07045,18.290962,15.828107,14.539574,13.763535,10.266379,9.857343,10.450925,9.409788,13.040409,12.391946,17.258461,18.48055,21.098543,22.67528,21.900196,21.936052,19.724472,16.397524,13.247189,10.720248,8.054957,7.5076833,0.0,6.4621806,8.553365,11.378036,10.456451,9.669003,14.917277,15.1324625,12.948956,15.049306,19.926006,17.944052,17.313604,20.677937,24.128885,21.979052,22.686098,27.168507,26.995043,26.379965,28.897861,32.177025,31.092283,30.347486,29.643986,24.758772,26.692944,30.706331,27.56892,22.501696,26.425386,25.775724,27.779554,23.63669,19.829254,21.689934,18.352915,17.350468,23.077217,21.047401,16.950396,18.674496,23.909578,23.168417,27.68431,27.260197,26.166937,30.878717,28.724716,29.920053,32.541092,28.70785,25.440979,22.986944,26.286974,19.83619,21.742144,26.117107,25.659416,26.267208,24.556297,20.538435,20.13222,16.795786,18.435564,14.260548,16.690321,15.48345,15.894044,17.916267,18.938679,20.61446,19.067986,22.753706,17.867464,22.062029,19.464756,23.341034
32,36.344677,35.457523,30.781263,29.77731,26.958399,24.094381,20.568245,20.453417,16.144947,16.460625,14.7882805,12.29129,13.019783,9.479519,12.705921,12.792759,13.774974,16.465467,17.586145,21.398293,22.802073,25.85993,27.367456,25.45064,25.232916,22.722275,18.946177,16.692945,13.032054,12.413897,7.5487475,6.4621806,0.0,5.5504756,6.439413,7.343519,8.585102,12.17597,12.77173,12.143278,14.608263,18.040695,16.976637,17.916441,20.398207,23.138515,22.10897,23.739,27.523834,26.995173,25.176487,28.658302,31.02168,29.319439,28.240208,27.049623,22.335781,23.455902,27.294006,24.593134,18.86774,21.905476,20.584732,22.688538,19.22909,15.244406,15.989718,12.398179,12.576399,18.122736,15.455064,11.605092,14.576354,19.506748,19.289768,23.478462,23.736635,23.415646,28.343605,27.168976,28.895628,32.169178,28.655272,25.845724,24.227915,28.34138,22.167414,24.92769,29.419436,29.618296,30.787521,29.467329,25.32554,24.808067,22.11897,22.848362,18.704994,19.842407,18.25403,17.326952,18.030327,17.985079,19.495165,18.94285,21.811941,18.283611,22.52795,20.005463,24.364408
33,38.44345,37.899704,33.120605,32.312973,29.95186,26.320736,23.406944,24.505148,20.297304,21.304897,20.00458,17.704027,18.53886,14.927034,17.318537,17.16196,17.07263,19.655018,19.29029,23.331217,23.619345,26.708437,27.159891,25.780073,26.26676,23.367575,20.703638,17.921242,15.165458,13.688215,11.26544,8.553365,5.5504756,0.0,5.828987,8.515044,6.957741,9.602899,12.405137,12.446134,12.623711,17.151148,17.2779,17.331892,18.725222,22.901934,22.595024,22.859707,26.489592,25.123684,23.90333,28.533348,30.11779,28.043633,27.970865,27.589357,22.847162,24.507505,27.44905,23.736158,19.23158,21.69006,20.79721,21.845139,17.958422,14.821842,16.335289,13.373939,14.259471,19.93496,17.993996,14.9527645,17.70818,22.849873,21.86181,26.295853,27.139595,26.45369,31.813885,30.334696,32.537827,35.78701,32.63434,29.483084,28.054981,31.4282,25.489828,27.291502,31.988968,32.2067,32.833424,31.66277,27.551802,27.61758,24.747787,26.387856,22.512947,24.157736,23.038496,22.246252,23.425325,23.498117,24.771206,24.066378,26.464941,22.56498,26.210407,23.006844,27.05703
34,35.036613,34.036865,29.646404,28.114887,25.905767,22.118454,19.11374,20.543707,16.857946,17.903778,17.618687,15.4818735,17.53568,14.10718,18.358505,16.611673,17.608168,19.072409,20.270384,23.039774,23.704334,27.114422,27.922703,25.195824,25.209627,22.289907,19.191055,17.474474,14.0416,14.490133,9.888774,11.378036,6.439413,5.828987,0.0,4.600846,6.1088157,6.646468,8.177024,9.423862,10.839745,13.122716,13.508702,15.121185,16.249405,18.981583,19.268448,20.77487,23.778074,22.69245,20.286663,24.920015,26.20861,23.998566,23.270998,22.405096,17.82704,18.996565,22.042894,18.914774,13.7373085,16.170462,15.19224,16.70411,12.967031,9.312766,10.92162,8.128808,8.520461,14.165534,12.756147,10.186745,12.482533,17.574923,16.310354,20.71382,21.869593,21.274061,26.751335,25.62471,28.203375,31.736477,29.007578,26.11514,25.418945,29.06771,23.649454,25.948944,30.613092,31.460497,32.629272,31.933725,27.772024,27.812162,25.79006,26.681566,23.342066,23.766317,23.346594,21.02828,21.96338,21.704082,22.10564,21.764421,22.996931,19.892242,23.040493,19.86254,24.00205
35,30.630632,29.739285,25.20991,23.9573,21.683327,17.963661,15.014673,16.784533,12.990102,14.929182,14.835662,13.657163,15.765106,12.300193,16.443285,13.293216,14.322611,15.051625,16.817732,18.901741,19.83083,23.301832,24.515692,21.261433,20.966175,18.177206,14.758422,13.461986,9.819258,11.25814,6.4568906,10.456451,7.343519,8.515044,4.600846,0.0,4.8596735,7.103285,5.5850697,5.4902687,8.911752,10.864505,9.852411,11.685361,13.890311,15.88274,15.34964,17.490425,20.77053,20.418617,18.049797,21.55572,23.74831,22.130152,20.929567,19.941551,15.133182,16.743362,20.459616,17.585629,12.130042,16.016108,15.69941,17.789959,13.615782,9.637946,12.423277,9.996845,7.6419516,13.524406,13.014733,9.98059,10.428719,16.08751,14.165566,19.018715,19.528318,18.230543,23.706358,21.926632,24.350836,27.665398,24.905518,21.786388,21.053743,24.497,19.191614,21.465288,26.104273,27.097456,28.416388,27.909037,23.776022,23.87531,22.325012,23.035387,20.272245,20.230034,20.743565,17.73302,19.37129,19.584822,19.379911,18.571747,19.493301,15.852896,18.696875,15.342393,19.444288
36,32.098877,31.820484,26.994108,26.490551,24.53531,20.432264,18.22655,20.701155,16.76918,19.219492,18.680223,17.641119,19.026293,15.297219,17.90066,15.217897,14.795691,15.940885,15.749028,18.51179,18.36462,21.742725,22.062185,19.735947,20.222536,17.14122,14.935951,12.583396,10.254473,9.921509,8.754215,9.669003,8.585102,6.957741,6.1088157,4.8596735,0.0,5.5200315,6.6340737,5.911228,6.1213956,11.048541,10.699154,10.382839,12.157229,16.299171,15.770985,15.982331,19.670599,18.689716,17.596037,21.717524,23.739378,22.107885,22.036032,22.046194,17.166132,19.652805,22.639845,18.624266,14.742879,18.422901,18.680803,19.834663,15.023863,11.985102,15.580251,13.494733,11.883006,17.658781,17.464294,14.636025,15.159822,20.824772,18.48081,23.45421,24.047752,22.304832,27.862396,25.496155,27.935703,30.91074,28.206713,24.66598,23.601328,26.149025,20.826448,21.950148,26.728725,27.409891,28.038012,27.460377,23.384596,23.981295,21.991617,23.740984,21.046469,21.940968,22.624851,20.46067,22.727463,23.333261,23.415113,22.174105,23.470678,19.002523,21.567476,17.73288,21.347
