,0,1,2,3,4,5,6,7,8,9,10,11,12,13,14,15,16,17,18,19,20,21,22,23,24,25,26,27,28,29,30,31,32,33,34,35,36,37,38,39,40,41,42,43,44,45,46,47,48,49,50,51,52,53,54,55,56,57,58,59,60,61,62,63,64,65,66,67,68,69,70,71,72,73,74,75,76,77,78,79,80,81,82,83,84,85,86,87,88,89,90,91,92,93,94,95,96,97,98,99,100,101,102,103,104,105,106,107,108,109,110,111
0,0.0,4.247193,6.9355555,9.536922,12.389149,14.392881,17.718838,22.688707,24.895218,27.527246,32.002953,33.45717,36.12442,32.66266,27.35964,26.285452,22.63406,21.4517,16.789568,17.53597,15.426296,14.954862,14.730246,18.286425,20.373384,20.036535,21.945728,21.417719,25.276457,22.517056,30.29727,25.512968,32.42418,30.481846,33.165268,35.669098,33.818638,33.31172,29.262737,26.815983,30.701138,27.167753,31.11033,29.772932,25.732004,28.404125,24.631857,25.716612,24.802193,24.97614,25.83151,27.393019,31.721613,32.51042,35.64767,33.494556,33.363304,36.31649,39.06422,41.809788,38.3942,37.133583,42.454144,43.856396,45.84013,39.463913,40.265945,45.31969,41.442764,40.13176,42.41228,45.698765,43.92581,40.60655,44.45244,40.479145,42.445347,41.43616,38.388523,40.99357,35.663242,37.79101,37.056908,33.35014,30.585238,29.91642,30.995592,27.49762,22.886572,24.074202,24.97183,22.291868,18.935577,22.484585,22.007566,19.474798,22.09081,23.112848,25.150759,28.480715,28.894903,34.434902,34.20509,39.584236,38.35355,37.13782,34.347965,32.52719,27.42933,24.879278,22.194073,19.009146
1,4.247193,0.0,4.7039223,6.2583838,8.486563,11.672175,13.849839,19.337072,21.429228,23.819866,28.51244,29.655006,32.6284,28.92046,23.6574,22.330942,18.775478,17.400118,13.234722,13.746787,12.380636,11.777834,12.546925,15.764867,17.320541,17.172997,18.425892,17.911682,21.499853,19.027706,26.630178,22.118937,29.11179,27.354122,30.291578,32.84669,31.440802,30.878248,26.642826,23.961464,27.770313,24.10424,27.787271,26.305809,22.6237,24.896606,21.66348,22.528553,22.217007,22.069128,22.872696,23.971676,28.487213,28.92722,32.286575,30.252935,29.70017,32.61728,35.289852,37.969967,34.75972,33.21056,38.64329,40.03106,42.179836,35.904736,36.561386,41.788418,38.080654,36.621677,39.04781,42.165478,40.40019,36.91781,40.61185,36.542747,38.38123,37.308723,34.210377,36.767063,31.48007,33.57076,32.958866,29.17881,26.398058,25.868364,27.062323,23.368416,18.830349,20.281187,21.185839,18.335194,15.098969,19.29182,18.542759,15.918192,18.353432,19.304092,21.106293,24.552202,24.684196,30.26806,29.992832,35.36861,34.198643,33.02935,30.238184,28.527313,23.251862,20.817223,17.996065,15.036594
2,6.9355555,4.7039223,0.0,5.071432,7.117805,8.003567,11.975887,15.967127,18.698368,21.050537,25.459545,27.342373,30.302176,27.32869,22.03385,21.42177,18.287453,17.939299,14.820831,15.746671,15.568721,15.062438,16.633373,19.380857,20.419695,20.17869,20.39936,19.262045,22.06303,19.272581,25.982903,21.09673,27.638716,25.08116,28.266844,30.232218,28.872297,28.854939,24.47865,22.116371,26.663439,23.694288,27.268354,26.432905,23.519285,25.920357,23.531792,24.91034,25.141058,25.086658,26.000698,26.436043,31.196913,31.082857,34.744682,32.800854,31.554388,34.20469,36.905205,39.1995,36.22184,33.83372,39.31511,40.303062,42.85803,36.901997,36.72031,42.09093,38.12339,36.339813,38.313457,41.37462,39.19616,35.919514,39.316795,35.772095,37.20022,36.65404,33.50735,36.345894,31.395845,33.52118,33.670937,29.539951,26.680891,26.810104,28.391863,23.945215,20.003305,22.077768,22.562145,19.166903,16.801676,21.675385,19.659805,16.36802,18.332,18.467806,20.780268,22.996809,23.945889,28.960413,28.78916,34.140686,32.602848,31.18357,28.417173,26.433792,21.870438,19.0463,17.190598,13.436338
3,9.536922,6.2583838,5.071432,0.0,3.7315247,6.339595,8.548154,14.032362,15.520311,18.499342,22.858736,24.08423,26.600424,23.206955,17.884386,17.200167,13.747266,13.879164,10.416716,12.3220825,12.522109,13.020959,14.88707,16.549759,17.342812,16.539627,16.281672,14.629584,17.429943,14.319765,21.301174,16.368364,23.148201,21.134947,24.105106,26.588573,25.275188,24.79072,20.464514,17.81269,21.942318,18.717688,22.372873,21.495037,18.509523,21.146843,18.840876,20.792229,21.137558,21.55474,22.99724,23.093029,28.077333,28.039557,31.409143,29.1402,27.813715,30.161581,33.29941,35.183887,31.896545,29.52876,34.823742,35.733894,38.166462,32.191925,31.989344,37.229153,33.17109,31.496874,33.528507,36.690285,34.6798,31.413513,35.12644,31.467472,33.357647,32.74873,29.825497,32.936527,27.72524,30.461588,30.423367,26.625866,23.351751,23.269684,25.670496,21.430122,17.080505,19.769892,20.9913,17.68644,15.098354,20.787884,19.451729,16.527967,18.088041,18.181822,19.497742,22.11651,21.686695,26.846712,25.947084,31.38824,29.72662,28.842808,25.80884,24.748653,19.337042,17.298203,15.114856,12.528527
4,12.389149,8.486563,7.117805,3.7315247,0.0,6.1320076,5.364752,11.572878,13.161399,15.511933,20.253347,21.169739,24.319254,20.67786,15.429591,14.372825,11.276413,11.16268,9.342765,10.550752,12.122569,12.23614,15.034109,16.28354,16.311993,15.955942,14.7123,13.201275,15.26421,12.81804,19.137108,14.739141,21.452425,19.575857,22.984268,25.343584,24.712402,24.30036,19.784447,16.924568,20.96931,17.729998,20.839355,19.798622,17.56828,19.424082,18.091995,19.512312,20.668245,20.51765,21.68527,21.189991,26.20862,25.653593,29.336449,27.373894,25.487307,27.810991,30.680552,32.557404,29.688194,26.88173,32.362072,33.25965,35.9567,30.183613,29.7532,35.25246,31.48751,29.571522,31.778198,34.649975,32.60168,29.101452,32.48304,28.727144,30.27712,29.609976,26.537952,29.522068,24.467728,26.986069,27.229227,23.238298,20.053205,20.322954,22.699127,18.11005,14.191832,17.172453,18.142914,14.637264,12.658366,18.75941,16.876114,13.902192,15.0312195,14.871718,15.990543,18.506231,17.98881,23.124964,22.335093,27.76745,26.205454,25.236391,22.25498,21.12748,15.653181,13.612225,11.427381,9.051744
5,14.392881,11.672175,8.003567,6.339595,6.1320076,0.0,7.1337404,8.93782,11.302375,14.337776,18.068775,20.453136,22.851421,20.73544,15.581755,16.242079,13.883541,15.7284155,14.390993,16.403326,17.90132,18.297657,20.792046,22.039377,22.201584,21.427881,19.89977,17.613108,18.895788,15.663312,20.506376,15.289382,20.916224,17.605925,21.006395,22.48062,21.402882,21.820599,17.30025,15.253582,20.473246,18.597605,21.783243,21.984772,20.483059,23.036072,22.18301,24.60432,25.673384,26.105911,27.57342,26.828894,31.923092,31.154278,34.813995,32.74473,30.513235,32.394005,35.48001,36.74633,33.89226,30.36635,35.568554,35.85629,38.846718,33.511185,32.04677,37.386208,33.06003,30.910938,32.21042,35.199482,32.584938,29.687525,32.865623,30.094225,31.33149,31.556261,28.660986,32.160694,27.599428,30.36975,31.432295,27.307432,24.027637,24.902103,27.785711,22.750603,19.533354,22.853281,23.514206,19.764263,18.474585,24.572325,21.896317,18.465813,19.213213,18.16785,19.869396,20.542717,21.069674,25.11484,24.250723,29.507313,27.270525,26.122435,23.145687,21.919199,17.74583,15.423462,15.00804,11.878856
6,17.718838,13.849839,11.975887,8.548154,5.364752,7.1337404,0.0,7.5496235,8.236207,10.4002,15.186562,15.807242,19.196419,15.629177,10.485819,9.797272,7.6871915,9.218067,10.286433,11.612557,14.69771,15.12492,18.48738,18.662016,17.794725,17.385271,14.548709,12.478567,12.724872,10.69666,14.987721,11.017413,17.096748,15.157332,18.990332,21.095781,21.253113,20.995173,16.39337,13.501359,17.551468,14.921551,17.237309,16.664108,15.994234,17.265602,17.671103,19.323872,21.419216,21.24314,22.530848,20.984255,26.032352,24.782995,28.546358,26.738913,23.938421,25.7038,28.604074,29.811886,27.31968,23.540302,28.94138,29.41856,32.53688,27.30193,25.96123,31.611256,27.886427,25.597963,27.59354,30.19961,27.920742,24.416113,27.462461,24.010584,25.253326,24.959093,21.935547,25.258522,20.533,23.353346,24.340004,20.310184,16.924604,17.939129,21.14047,16.121216,13.251907,17.063871,17.958557,14.390029,13.715706,20.199013,17.787842,15.003837,15.012724,13.975774,14.333272,15.74011,14.604013,19.065403,17.789932,23.188667,21.277847,20.509277,17.377096,16.88029,11.393009,10.006414,8.938269,7.9218206
7,22.688707,19.337072,15.967127,14.032362,11.572878,8.93782,7.5496235,0.0,5.076633,5.906422,9.638978,12.632629,16.151543,15.02253,10.995316,12.576867,12.686892,15.563036,17.69851,18.95993,22.234137,22.412626,25.869291,26.19274,25.15763,24.81186,21.5234,19.205153,18.127554,16.263998,17.259777,13.661789,17.091747,13.272099,17.655151,17.923323,18.759214,19.883183,15.398417,13.752191,18.769016,18.180445,19.614504,20.461523,21.40797,22.55604,24.135918,26.107992,28.532408,28.389814,29.571854,27.51774,32.387016,30.475487,34.437805,32.95819,29.419924,30.655434,33.252007,33.786705,31.984776,27.038393,32.075527,31.759628,35.495335,31.264385,28.438063,33.997395,30.12358,27.300846,28.226809,30.431969,27.350918,24.483055,26.46993,24.48415,24.509706,25.477924,22.58257,26.19234,22.781921,25.257368,27.705784,23.441021,20.499512,22.649136,25.89774,20.345419,19.175322,22.993946,23.04,19.32076,19.939861,26.093287,22.364092,19.190844,18.442497,16.14087,17.203218,15.469207,16.296179,18.505474,17.600685,22.349659,19.643997,18.292585,15.49167,14.479746,12.068414,10.276195,12.437156,10.731776
8,24.895218,21.429228,18.698368,15.520311,13.161399,11.302375,8.236207,5.076633,0.0,5.050074,7.6648846,9.374298,11.80708,10.371621,6.368338,9.156039,9.941762,14.148303,16.704638,18.616259,22.040218,22.93178,26.270517,25.724937,24.489782,23.663857,19.889668,17.076534,15.20395,13.271056,12.736888,9.349651,12.018483,8.4728,12.936085,13.768217,14.968517,15.601999,11.218452,9.4202585,13.975056,13.890716,14.870269,16.250813,17.975822,19.196,21.44275,24.025438,26.56186,26.930843,28.573868,26.179932,31.02779,29.212616,32.691574,30.915411,27.282234,27.95408,31.036703,30.874256,28.783907,23.673935,28.278929,27.650963,31.323872,27.325611,24.067478,29.406935,25.313168,22.487394,23.213724,25.552868,22.490551,19.743155,22.155497,20.28763,20.945526,22.107227,19.661661,23.81889,20.255703,23.647066,25.959213,22.302296,18.927109,20.911934,25.12995,20.107145,18.821121,23.027857,23.775555,20.439594,20.863487,27.219646,24.33995,21.679049,20.782024,18.74877,18.665102,17.53828,16.400463,18.405682,16.24763,20.914211,17.878763,17.55083,14.375351,15.251433,11.919108,11.859387,13.548419,13.529339
9,27.527246,23.819866,21.050537,18.499342,15.511933,14.337776,10.4002,5.906422,5.050074,0.0,5.458219,7.0899606,11.979788,10.835645,8.475287,10.157385,12.184184,15.278776,19.22218,20.076075,24.087294,24.361849,28.114494,27.65467,25.943218,25.753788,21.575342,19.413136,16.879227,16.265064,14.507379,12.932406,14.585666,11.690125,16.22776,16.258131,18.556377,19.485502,15.502727,13.937727,17.64996,17.565857,17.575735,18.531298,20.99738,21.029327,24.0975,25.68236,28.829605,28.42338,29.496212,26.675821,31.198784,28.71675,32.57786,31.427362,27.21418,27.891188,30.209845,30.148046,29.000172,23.342043,28.086256,27.441927,31.526543,28.079311,24.563808,30.149687,26.806557,23.671595,24.60321,26.184696,23.070343,20.05396,21.283617,19.555302,18.91952,20.199684,17.415443,21.121653,18.459187,20.939093,24.08528,20.123638,17.41354,20.187332,23.800318,18.49471,18.61717,22.564901,22.578165,19.346626,20.849794,26.738333,23.125284,20.630154,19.083134,16.53202,16.359823,13.813133,13.438278,14.228364,12.685269,17.02819,14.001153,13.022567,10.122624,10.4878845,8.912488,8.971502,12.131519,12.611465
10,32.002953,28.51244,25.459545,22.858736,20.253347,18.068775,15.186562,9.638978,7.6648846,5.458219,0.0,5.54482,8.617556,10.52664,10.307508,13.361073,15.947284,19.81552,23.656662,24.972826,28.893435,29.482319,33.116337,32.391094,30.683563,30.182005,25.846336,23.334692,20.310059,19.52413,15.820797,14.826865,13.831455,10.310448,14.3598385,12.91514,16.09066,17.722397,14.603819,14.21105,17.538136,18.996742,18.302647,20.329216,23.656713,23.875505,27.451115,29.598005,32.724884,32.73154,34.06758,31.034103,35.43482,32.87278,36.42208,35.19583,30.79924,30.873108,33.32953,32.45315,31.452738,25.371277,29.322777,27.956743,32.200947,29.641367,25.098028,30.142939,26.647106,23.346039,23.215687,24.496164,20.8741,18.771646,19.27493,19.137068,18.015827,20.474892,18.441847,22.469818,20.785975,23.518047,27.16942,23.724064,21.142012,24.049706,28.074995,23.107994,23.5391,27.559912,27.67652,24.617281,26.181677,32.052895,28.477192,26.033562,24.37119,21.680153,21.396542,18.11648,17.735565,16.988304,15.010061,18.138596,14.460689,14.027687,11.69559,13.172602,13.414758,14.068154,17.461535,18.003979
11,33.45717,29.655006,27.342373,24.08423,21.169739,20.453136,15.807242,12.632629,9.374298,7.0899606,5.54482,0.0,6.5504584,6.3844447,8.238864,10.479929,14.065598,17.662222,22.410923,23.440472,27.657236,28.425304,32.094364,30.697294,28.570261,28.12839,23.351387,21.098888,17.23251,17.534296,12.140217,13.205696,11.457153,10.321455,13.9494505,13.71612,17.464853,18.015604,15.284409,14.308731,15.903649,16.99769,15.2121315,16.832806,21.03988,20.293833,24.784689,26.523615,30.051233,29.908007,31.214455,27.763657,31.813093,29.079617,32.31516,31.22297,26.57366,26.218853,28.611622,27.313335,26.59277,20.282001,23.997213,22.573555,26.923716,24.731089,20.020178,25.15925,22.208208,18.797247,19.216534,20.09008,16.830105,14.078775,14.453157,13.737019,12.667944,14.9685545,13.110672,17.38741,15.838208,18.991203,22.609837,19.761034,17.208502,20.142515,24.541441,20.25087,21.173409,25.152372,25.598228,23.110506,24.856155,30.438509,27.541025,25.763073,23.853853,21.495546,20.086323,17.627357,15.299157,14.289683,11.132994,14.0494995,10.32528,11.199853,8.553201,12.204575,11.475787,13.725259,16.5071,18.555832
12,36.12442,32.6284,30.302176,26.600424,24.319254,22.851421,19.196419,16.151543,11.80708,11.979788,8.617556,6.5504584,0.0,6.3144126,9.747286,13.323832,16.420776,21.022074,24.798157,26.784863,30.509048,31.957098,35.213326,33.42417,31.596127,30.454195,25.871063,23.000704,19.176292,18.656284,12.023396,13.085683,8.057772,7.2777205,9.126837,8.2758045,12.71632,13.204907,11.95372,12.239774,12.647985,15.628867,13.364036,16.484112,21.096106,21.247553,25.650564,28.53335,31.570978,32.369728,34.31358,30.998043,35.075203,32.838203,35.380272,33.73215,29.465872,28.488516,31.62966,29.441217,28.039068,22.021494,24.565289,22.392038,26.377739,24.76392,19.24398,23.33653,19.57985,16.316442,15.157887,16.416756,12.562838,11.370979,12.430097,13.533203,13.814617,16.941185,16.41186,21.107956,19.567278,23.64319,26.738304,24.67924,21.747261,24.041622,29.177624,25.435764,25.579699,29.752678,30.825756,28.396965,29.483822,35.35146,33.039364,31.19806,29.598633,27.438606,26.01262,24.060505,21.301699,20.553957,16.902664,19.17477,15.458039,17.15073,14.796387,18.734957,17.480108,19.681671,21.917551,23.73311
13,32.66266,28.92046,27.32869,23.206955,20.67786,20.73544,15.629177,15.02253,10.371621,10.835645,10.52664,6.3844447,6.3144126,0.0,5.3306465,7.6429176,11.101936,15.318083,19.542171,21.24567,25.08439,26.592703,29.827255,27.711031,25.676624,24.639528,19.879364,17.257383,13.083027,13.336513,6.2537794,8.799543,6.0472465,7.936206,10.450274,12.328304,15.483786,14.626611,12.373432,10.920995,10.545543,11.539118,8.993458,10.965136,15.746463,15.208512,19.940317,22.378187,25.644564,26.213825,28.10631,24.729128,28.782875,26.665726,29.150421,27.446701,23.240906,22.44026,25.759315,23.948778,22.225735,16.37296,19.686571,18.22591,22.136908,19.503384,14.8086,19.853037,16.277811,13.023384,13.832407,15.520648,12.725841,9.464147,12.149049,10.255702,11.942904,13.448333,12.33232,17.186848,14.3237295,18.975594,21.307032,19.358824,16.056,17.97,23.35658,19.991735,19.844217,23.978783,25.43104,23.318684,24.18434,29.886568,28.242344,26.82193,25.32472,23.654144,21.617548,21.044535,16.93042,17.480167,13.308156,16.56577,13.480565,15.507692,12.559115,16.828356,13.523497,16.340881,17.524223,20.172478
14,27.35964,23.6574,22.03385,17.884386,15.429591,15.581755,10.485819,10.995316,6.368338,8.475287,10.307508,8.238864,9.747286,5.3306465,0.0,4.4444075,6.739785,11.591755,15.10861,17.124916,20.784632,22.256458,25.470457,23.826796,22.148254,21.053156,16.646101,13.732313,10.5476265,9.585631,6.4215097,5.13273,7.4148974,7.2524824,10.891509,13.356773,15.154329,14.347797,10.714986,8.184499,10.003331,9.430398,9.14623,10.35411,13.373636,13.851543,17.296263,19.970873,22.87509,23.478,25.42293,22.56483,27.156233,25.411144,28.289875,26.330965,22.58399,22.650423,26.147945,25.358948,23.02517,17.88473,22.161896,21.487562,25.02467,21.090813,17.744257,23.100174,19.135214,16.33719,17.658928,20.038446,17.493599,14.214255,17.411196,14.720861,16.52299,17.1883,15.200111,19.702269,15.684306,20.077543,21.843063,19.091333,15.347144,16.916563,22.058628,18.040451,16.793692,21.125118,22.643684,20.051039,20.357088,26.489214,24.763788,22.95311,21.88565,20.37962,18.89692,18.994854,15.42859,17.584137,14.11377,18.610605,15.806686,16.811174,13.437481,16.261534,11.571344,13.441995,14.03715,15.996631
15,26.285452,22.330942,21.42177,17.200167,14.372825,16.242079,9.797272,12.576867,9.156039,10.157385,13.361073,10.479929,13.323832,7.6429176,4.4444075,0.0,4.1366663,7.735516,12.437819,13.671726,17.711075,18.996578,22.35861,20.472023,18.415918,17.706429,12.957105,10.644519,6.9956574,7.678716,6.1826777,6.5197563,10.520547,11.60643,14.844472,17.692926,19.371733,18.15471,14.585628,11.599196,12.526329,10.177761,9.887255,9.063648,11.642799,10.888534,14.630625,16.300915,19.655205,19.662613,21.325636,18.28863,22.836712,21.001715,24.031551,22.240953,18.406013,18.826519,22.153547,21.922523,19.657124,14.807586,19.773264,19.818153,23.217844,18.704844,16.437208,22.224552,18.969727,16.396992,18.888067,21.021048,19.174137,15.172398,18.374336,14.355832,16.339039,15.80822,13.349116,17.345312,12.518651,16.847504,17.991272,15.196201,11.25846,12.561515,17.701963,13.927248,12.605262,16.891527,18.61092,16.362467,16.696253,22.568302,21.317232,19.998024,18.90412,17.849018,15.731194,17.034214,12.382359,15.594925,12.176451,17.064404,15.059828,16.07603,12.728417,15.400059,9.358169,11.743422,11.204666,14.181355
16,22.63406,18.775478,18.287453,13.747266,11.276413,13.883541,7.6871915,12.686892,9.941762,12.184184,15.947284,14.065598,16.420776,11.101936,6.739785,4.1366663,0.0,5.3613415,8.529768,10.5117,14.102663,15.726067,18.830687,17.094263,15.490179,14.43053,10.202707,7.390601,5.559515,4.4311924,8.117202,5.9062476,12.269584,12.970222,15.937344,19.280499,19.966463,18.49065,14.64138,11.249663,12.709013,9.1115675,10.584214,9.149969,9.431722,9.949736,11.936859,14.097512,16.842407,17.20625,19.166145,16.818054,21.747158,20.612715,23.566858,21.340946,18.329426,19.324257,22.980246,23.360592,20.358541,16.646214,21.718735,22.210518,25.05824,19.737366,18.548487,24.106,20.52396,18.453808,21.073284,23.716572,22.087938,18.27318,22.040712,17.861553,20.320879,19.475988,17.028866,20.696703,15.356465,19.492825,19.761944,16.899965,12.83157,13.155795,17.986279,14.316746,11.3779335,15.658019,17.825142,15.404627,14.667532,20.83352,20.105661,18.631037,18.184162,17.632607,15.947746,18.314081,14.101179,18.42229,15.554437,20.678392,18.922106,19.583784,16.243979,18.034405,11.408262,12.736869,11.017993,13.249025
17,21.4517,17.400118,17.939299,13.879164,11.16268,15.7284155,9.218067,15.563036,14.148303,15.278776,19.81552,17.662222,21.022074,15.318083,11.591755,7.735516,5.3613415,0.0,6.4177823,6.0820346,10.45842,11.4744215,14.908251,13.119723,10.95457,10.865004,6.4450593,5.725786,5.498945,6.99406,11.964759,11.101322,17.240965,18.263176,21.245363,24.5737,25.314295,23.771107,19.949102,16.520742,17.62052,13.370443,14.662562,11.829699,10.862162,9.829624,10.976446,10.880072,14.095315,13.171655,14.4552145,12.174041,17.194569,16.087952,19.472326,17.578314,14.812148,16.768486,19.849304,21.409733,18.662771,15.955835,21.56799,22.942303,25.469631,19.691084,19.99245,25.65642,22.996042,21.238085,24.658184,26.951181,25.844517,21.6237,25.06591,20.101364,22.313663,20.46609,17.646486,20.259775,14.5388775,17.748028,17.023203,14.011859,10.249029,9.695423,13.591349,10.282792,6.2465754,10.396386,12.914306,10.944762,9.82618,15.674858,15.699895,14.924973,14.688299,14.9954815,12.806254,16.922913,12.256669,17.762505,15.666048,20.785498,19.98505,20.33409,17.347506,18.38253,11.238897,12.329737,8.909171,11.905229
18,16.789568,13.234722,14.820831,10.416716,9.342765,14.390993,10.286433,17.69851,16.704638,19.22218,23.656662,22.410923,24.798157,19.542171,15.10861,12.437819,8.529768,6.4177823,0.0,4.5345454,5.9089375,8.439517,10.683732,9.236497,8.828016,7.3456545,6.0073166,4.6846113,8.8148,7.269932,15.408151,12.647055,19.71314,20.34083,22.737957,26.489023,26.028688,24.216759,20.465843,17.05295,18.484177,13.681255,16.604956,13.975414,10.21739,11.703851,9.107637,10.432005,11.44549,11.869338,13.978096,13.597345,18.681007,19.067286,21.732027,19.050308,18.038483,20.279604,23.86133,25.685337,21.931005,20.634003,25.735159,27.242836,29.066341,22.699461,23.79132,28.854313,25.5705,24.401728,27.558594,30.51385,29.50767,25.716658,29.881704,25.11745,27.97336,26.275707,23.74488,26.489883,20.633595,23.9534,22.571058,19.93072,16.361914,14.955765,18.134644,15.571417,10.276324,13.163165,16.102049,14.14469,11.017768,16.602663,17.671947,16.581116,17.52191,18.39926,17.276825,21.758263,18.162493,23.884512,21.970278,27.162676,26.165499,26.396626,23.297054,23.900497,16.919811,16.980942,13.332656,14.377856
19,17.53597,13.746787,15.746671,12.3220825,10.550752,16.403326,11.612557,18.95993,18.616259,20.076075,24.972826,23.440472,26.784863,21.24567,17.124916,13.671726,10.5117,6.0820346,4.5345454,0.0,4.750482,5.470098,8.856369,7.726411,6.2337146,6.8614078,5.4952955,6.881534,10.07471,10.487908,17.479856,15.746875,22.518711,23.23575,26.03621,29.537275,29.584435,27.954569,24.064297,20.60898,22.004148,17.251848,19.45136,16.32084,13.296993,13.065216,11.250622,9.985793,11.812535,10.314105,11.205743,10.801538,15.783797,15.858242,19.124832,17.106647,15.986684,18.897348,21.637604,24.30026,21.233162,20.17746,25.639221,27.578762,29.473969,23.188541,24.773981,30.074923,27.537886,26.26447,29.853281,32.36683,31.505419,27.356781,31.01076,25.871496,28.211283,26.023787,23.183828,25.190304,19.45543,21.860132,20.144735,17.302626,14.318547,12.723976,14.642927,12.301748,6.725953,8.878385,11.809542,10.248207,6.7829247,12.118602,13.615551,13.166774,14.157168,15.6183195,14.199447,19.577024,15.987557,22.102535,20.82777,25.871893,25.475586,25.418715,22.63809,22.716633,15.825054,15.764439,11.431353,12.991764
20,15.426296,12.380636,15.568721,12.522109,12.122569,17.90132,14.69771,22.234137,22.040218,24.087294,28.893435,27.657236,30.509048,25.08439,20.784632,17.711075,14.102663,10.45842,5.9089375,4.750482,0.0,3.75079,4.860124,4.16176,5.1929708,5.0190935,7.4973483,8.950563,13.3755245,12.906471,20.821491,18.532948,25.526978,26.228157,28.626095,32.38279,31.806181,29.969826,26.258614,22.88369,24.197544,19.235352,22.051834,18.923866,14.645658,15.385068,11.582195,10.610948,10.45763,9.689624,10.918869,12.284432,16.755203,18.006311,20.53209,18.099108,18.366774,21.399027,24.310919,27.185635,23.582241,23.572405,28.651062,30.770401,32.135605,25.556337,27.812899,32.676872,29.982616,29.132505,32.682888,35.498592,34.823795,30.872055,34.914814,29.76943,32.514336,30.27021,27.618746,29.60605,23.781017,26.241297,24.008207,21.581211,18.751728,16.661507,18.10968,16.58981,11.024115,11.941082,14.934002,13.822914,9.569641,13.370876,16.000624,15.664652,17.363585,19.213512,18.304136,23.834414,20.649584,26.811468,25.569572,30.592081,30.185846,30.150402,27.33514,27.301514,20.47937,20.104973,15.792333,16.48108
21,14.954862,11.777834,15.062438,13.020959,12.23614,18.297657,15.12492,22.412626,22.93178,24.361849,29.482319,28.425304,31.957098,26.592703,22.256458,18.996578,15.726067,11.4744215,8.439517,5.470098,3.75079,0.0,4.184422,5.879715,6.226122,7.91517,9.707388,11.653208,15.427192,15.4584255,22.894556,20.745281,27.72239,28.08155,30.892288,34.3301,34.005302,32.474113,28.508749,25.128157,26.872725,22.060368,24.640148,21.504894,17.796282,17.906172,14.870024,12.922519,13.3526125,11.359188,11.297341,12.718532,16.852335,17.681862,20.809021,19.067877,19.086597,22.5038,24.673685,28.08759,25.122252,24.909048,30.271103,32.511536,34.106045,27.693447,29.888762,35.00822,32.604477,31.530684,35.166344,37.74522,36.946686,32.815403,36.45356,31.257227,33.470196,31.130198,28.189653,29.766275,24.199293,25.898653,23.79302,20.97525,18.662596,16.857252,17.166792,15.432924,10.260855,10.277647,12.561166,11.5002165,7.0068836,10.183706,12.774192,12.634586,14.653624,16.89708,16.330187,22.136873,19.64734,25.916338,25.326704,30.279873,30.154915,29.708904,27.13098,26.428883,19.992067,19.154877,14.684009,15.043887
22,14.730246,12.546925,16.633373,14.88707,15.034109,20.792046,18.48738,25.869291,26.270517,28.114494,33.116337,32.094364,35.213326,29.827255,25.470457,22.35861,18.830687,14.908251,10.683732,8.856369,4.860124,4.184422,0.0,4.6250124,7.0488033,8.054658,11.7389555,13.715523,18.078302,17.7561,25.651743,23.330498,30.368483,30.89565,33.345757,37.030994,36.297672,34.540752,30.792166,27.472258,28.954445,23.993599,26.879108,23.671976,19.219414,19.81379,15.6442175,13.834668,12.86017,11.456494,11.603803,14.256214,17.7761,19.550198,21.914858,19.86352,20.964354,24.37678,26.700027,30.204836,26.826628,27.463665,32.477917,34.8796,36.01384,29.41683,32.18386,36.92147,34.485172,33.771145,37.433247,40.206577,39.626522,35.62601,39.577564,34.316402,36.910503,34.461655,31.712948,33.276302,27.599407,29.445894,26.873056,24.509464,22.231627,19.992577,20.189522,19.215065,14.028638,13.556268,16.012043,15.442103,10.959617,12.608416,16.11748,16.210695,18.484486,20.878317,20.42153,26.284674,23.756721,30.026588,29.30661,34.215557,34.103848,33.797615,31.173664,30.597513,24.093582,23.28681,18.849606,18.97662
23,18.286425,15.764867,19.380857,16.549759,16.28354,22.039377,18.662016,26.19274,25.724937,27.65467,32.391094,30.697294,33.42417,27.711031,23.826796,20.472023,17.094263,13.119723,9.236497,7.726411,4.16176,5.879715,4.6250124,0.0,3.530479,3.8327506,8.334816,10.796517,15.138421,15.382712,22.941755,21.366323,28.067785,29.371864,31.471354,35.484276,34.938377,32.79399,29.370926,25.9897,26.5809,21.436222,23.970545,20.407043,15.87769,16.056261,11.717916,9.439781,8.318569,7.0470934,8.128359,10.769435,14.436179,16.62394,18.386423,15.832873,17.25853,20.440529,23.198006,26.401743,22.656511,23.813072,28.50516,31.01452,31.837034,25.18869,28.378736,32.843864,30.634914,30.178473,34.05467,36.769005,36.541733,32.55712,36.67932,31.251923,34.267666,31.597193,29.170853,30.751,24.937347,27.234436,24.21898,22.512321,20.036524,17.27673,18.165415,17.98558,12.690245,12.516178,15.882584,15.7810755,11.591079,13.593148,17.641907,18.128448,19.818102,22.032104,20.688482,26.666658,22.980316,29.12522,27.822119,32.54704,32.489864,32.699806,30.014885,30.238937,23.372402,23.366678,18.890526,20.080782
24,20.373384,17.320541,20.419695,17.342812,16.311993,22.201584,17.794725,25.15763,24.489782,25.943218,30.683563,28.570261,31.596127,25.676624,22.148254,18.415918,15.490179,10.95457,8.828016,6.2337146,5.1929708,6.226122,7.0488033,3.530479,0.0,3.6467264,6.0932307,9.413234,13.0030575,14.239629,21.019175,20.191223,26.606382,28.195341,30.461796,34.396637,34.32833,32.207996,28.757551,25.303972,25.648933,20.538588,22.503265,18.685974,14.905445,14.015563,10.878199,7.3183365,7.9956675,5.144677,5.7467694,7.484103,11.624856,13.32629,15.492272,13.189039,14.010535,17.339052,19.897959,23.208424,19.805166,20.760204,25.62911,28.231588,29.230682,22.717363,25.88567,30.551826,28.710773,28.09849,32.18777,34.61284,34.453674,30.287497,34.13832,28.561806,31.392351,28.527828,26.071772,27.416954,21.673918,23.806309,20.699078,19.086184,16.737026,13.854545,14.700573,14.816379,9.731116,9.476176,13.180346,13.429258,9.717449,11.841832,15.913043,16.76747,17.995325,20.156492,18.248775,24.341839,20.148638,26.204462,24.875713,29.421186,29.576296,29.888649,27.327517,27.745047,20.897995,21.287418,16.778627,18.729635
25,20.036535,17.172997,20.17869,16.539627,15.955942,21.427881,17.385271,24.81186,23.663857,25.753788,30.182005,28.12839,30.454195,24.639528,21.053156,17.706429,14.43053,10.865004,7.3456545,6.8614078,5.0190935,7.91517,8.054658,3.8327506,3.6467264,0.0,5.1631403,7.4998403,11.812734,12.244166,19.540495,18.350147,24.777693,26.524466,28.384104,32.562527,32.14878,29.799202,26.592148,23.208755,23.263592,18.073856,20.401024,16.729204,12.2066345,12.316591,7.9469957,6.1284113,5.5135384,5.3493385,7.966173,9.365713,13.616451,15.577025,17.097734,14.044697,15.041219,17.776287,21.169165,23.76091,19.643173,20.636587,25.187098,27.54912,28.360321,21.665379,24.732565,29.134098,26.819443,26.418734,30.304346,33.047226,32.917866,29.000322,33.27853,27.878727,31.197292,28.58661,26.392994,28.261679,22.332357,25.223703,22.27127,20.843908,17.96428,15.101592,17.13327,16.954214,11.652817,12.446042,16.239075,15.989007,12.27588,15.317274,18.874283,19.205553,20.41056,22.21773,20.404358,26.07538,21.682783,27.59844,25.754364,30.428009,30.19492,30.776426,27.973906,28.829681,21.763767,22.31018,18.046978,19.838121
26,21.945728,18.425892,20.39936,16.281672,14.7123,19.89977,14.548709,21.5234,19.889668,21.575342,25.846336,23.351387,25.871063,19.879364,16.646101,12.957105,10.202707,6.4450593,6.0073166,5.4952955,7.4973483,9.707388,11.7389555,8.334816,6.0932307,5.1631403,0.0,3.865103,6.972539,8.664405,14.964102,14.560182,20.649351,22.644596,24.746277,28.768301,28.962355,26.7237,23.448565,20.004484,19.88236,14.847527,16.473436,12.651582,9.4412365,8.301147,6.5688076,4.907854,7.750274,7.0464807,9.304392,8.081151,13.11367,13.687115,15.881324,13.095061,12.228737,14.598967,18.224182,20.2758,16.462934,16.198915,21.178253,23.288937,24.680656,18.171751,20.45706,25.364708,23.08466,22.251879,26.205544,28.70553,28.41868,24.313812,28.351782,22.926722,26.072437,23.535128,21.28644,23.367891,17.391865,20.641266,18.186047,16.574461,13.285285,10.714087,13.99726,13.227838,8.283609,10.469195,14.279438,13.721673,11.094149,15.318528,17.751598,17.92289,18.376884,19.637854,17.259127,22.461477,17.415565,23.0413,20.844807,25.485378,25.155918,25.93742,23.11382,24.435078,17.32511,18.483826,14.538063,17.223642
27,21.417719,17.911682,19.262045,14.629584,13.201275,17.613108,12.478567,19.205153,17.076534,19.413136,23.334692,21.098888,23.000704,17.257383,13.732313,10.644519,7.390601,5.725786,4.6846113,6.881534,8.950563,11.653208,13.715523,10.796517,9.413234,7.4998403,3.865103,0.0,4.9567375,4.931317,12.215344,10.997968,17.34516,19.195986,21.135408,25.249567,25.21715,22.942019,19.68991,16.263332,16.24794,11.184782,13.317052,9.9781275,6.436448,7.034513,5.50683,7.437922,9.50525,10.403425,13.088242,11.736882,16.69891,17.002895,19.090132,16.109594,14.790907,16.420757,20.54387,21.738983,17.654083,16.477463,21.289242,22.815409,24.453878,18.05149,19.34984,24.281708,21.217613,20.232647,23.73653,26.580482,25.982592,22.123098,26.483158,21.467165,24.847527,22.893623,20.78108,23.597155,17.631844,21.576382,19.874601,18.02982,14.231648,12.404441,16.651962,14.952428,10.259364,13.396847,16.832174,15.520333,13.135405,18.286852,19.801237,19.27061,19.619675,20.329395,18.2746,22.643093,17.791798,23.077463,20.450459,25.29104,24.375431,25.274115,22.18537,23.818132,16.706038,17.88391,14.514568,16.838148
28,25.276457,21.499853,22.06303,17.429943,15.26421,18.895788,12.724872,18.127554,15.20395,16.879227,20.310059,17.23251,19.176292,13.083027,10.5476265,6.9956574,5.559515,5.498945,8.8148,10.07471,13.3755245,15.427192,18.078302,15.138421,13.0030575,11.812734,6.972539,4.9567375,0.0,4.7896714,8.042198,8.904002,14.046018,16.595572,18.642496,22.569715,23.395931,21.188452,18.133043,14.823376,14.110293,9.678529,10.17655,6.6137238,6.5945783,4.7295327,8.04877,9.480595,12.844717,13.200778,15.434198,12.707827,17.325346,16.56326,18.77988,16.24712,13.467366,14.228478,18.391857,18.708994,15.133553,12.457827,17.441517,18.583027,20.812262,14.921623,15.148111,20.54531,17.677324,16.206024,19.851597,22.318516,21.663572,17.558758,21.669363,16.563671,19.907742,18.014444,16.03029,19.157177,13.304782,17.82967,16.761015,15.109772,11.043581,9.926085,15.327809,13.452766,10.3609705,14.067845,17.115074,15.86153,14.834127,20.035505,20.791834,20.335583,19.902594,20.03131,17.373833,20.893356,15.277711,19.751993,16.51435,21.076988,20.050024,21.407549,18.351688,20.847029,13.998298,16.173794,13.6292,16.919432
29,22.517056,19.027706,19.272581,14.319765,12.81804,15.663312,10.69666,16.263998,13.271056,16.265064,19.52413,17.534296,18.656284,13.336513,9.585631,7.678716,4.4311924,6.99406,7.269932,10.487908,12.906471,15.4584255,17.7561,15.382712,14.239629,12.244166,8.664405,4.931317,4.7896714,0.0,8.554592,6.1234846,12.726258,14.362211,16.23857,20.35372,20.310726,18.09931,14.804574,11.385919,11.595517,6.785141,9.353143,7.283642,5.3316617,7.6253357,8.195318,11.805039,13.747462,15.220238,17.927387,16.11391,20.993902,20.738716,22.896635,20.000326,17.915373,18.74769,23.089441,23.31072,19.361174,16.823978,21.34786,22.029846,24.158092,18.319574,17.983799,22.974699,19.066513,17.664478,20.439749,23.556099,22.430313,18.892378,23.429724,19.103594,22.529295,21.422968,19.503954,23.135338,17.50168,22.059906,21.420568,19.335732,15.210899,14.451724,19.487644,16.876358,13.05211,16.91563,19.819513,17.86309,16.187227,22.019842,22.409834,21.226856,21.227243,21.170876,19.397926,22.4657,17.909872,22.413809,19.301167,24.18044,22.550314,23.605963,20.29584,22.394989,15.6700945,17.011429,14.74819,16.770107
30,30.29727,26.630178,25.982903,21.301174,19.137108,20.506376,14.987721,17.259777,12.736888,14.507379,15.820797,12.140217,12.023396,6.2537794,6.4215097,6.1826777,8.117202,11.964759,15.408151,17.479856,20.821491,22.894556,25.651743,22.941755,21.019175,19.540495,14.964102,12.215344,8.042198,8.554592,0.0,5.9919233,6.614073,10.544083,11.966647,15.70453,17.423544,15.265354,13.0506115,10.580315,8.468292,6.986696,4.304973,4.7339106,9.750425,9.25209,13.983478,16.844076,19.838343,20.916262,23.262623,20.158077,24.256538,22.890312,24.78083,22.47624,18.96536,18.20227,22.361122,20.769358,17.81341,13.130695,16.67445,16.025217,19.088608,15.020392,11.824391,17.04902,13.096245,10.613776,13.018766,15.618017,14.169036,10.432307,14.926623,11.117794,14.853991,14.612044,13.60098,18.057081,13.607934,18.97599,19.64605,18.31165,14.456954,14.993176,20.879326,18.450806,17.048084,21.065763,23.411196,21.728298,21.655989,27.207268,26.822042,25.820728,24.813906,23.929726,21.48471,22.796883,17.574793,19.865904,15.631221,19.417976,17.251663,19.392532,16.293306,20.201998,14.942944,17.764091,17.275444,20.299105
31,25.512968,22.118937,21.09673,16.368364,14.739141,15.289382,11.017413,13.661789,9.349651,12.932406,14.826865,13.205696,13.085683,8.799543,5.13273,6.5197563,5.9062476,11.101322,12.647055,15.746875,18.532948,20.745281,23.330498,21.366323,20.191223,18.350147,14.560182,10.997968,8.904002,6.1234846,5.9919233,0.0,7.2342734,8.261535,10.345572,14.254074,14.590913,12.712616,9.262377,5.962609,6.9423947,4.6936207,6.5225697,7.7058578,9.277012,11.450073,13.676329,17.545702,19.652872,21.192451,23.765167,21.475965,26.211945,25.31995,27.61716,24.987375,22.12576,22.231161,26.46163,25.720646,22.313227,18.335686,22.305666,21.915876,24.687193,19.989378,17.562363,22.432268,17.817513,15.738016,17.224741,20.433706,18.438742,15.474602,19.859003,16.806116,19.888857,20.044464,18.448374,22.85497,18.099386,22.961159,23.62826,21.359764,17.276133,17.721857,23.135147,19.776854,17.179161,21.420912,23.687927,21.267488,20.488005,26.674768,25.925951,24.212173,23.737406,22.818659,21.359877,22.676434,18.730665,21.8621,18.342894,22.92691,20.438261,21.649881,18.260574,20.918604,15.350787,16.877838,16.265762,17.922283
32,32.42418,29.11179,27.638716,23.148201,21.452425,20.916224,17.096748,17.091747,12.018483,14.585666,13.831455,11.457153,8.057772,6.0472465,7.4148974,10.520547,12.269584,17.240965,19.71314,22.518711,25.526978,27.72239,30.368483,28.067785,26.606382,24.777693,20.649351,17.34516,14.046018,12.726258,6.614073,7.2342734,0.0,5.5684357,5.57847,9.359414,11.274869,9.323145,8.057352,7.2113314,4.9216347,8.018221,5.8647423,9.824499,13.9891205,15.2143755,18.923117,22.781324,25.155437,26.836496,29.420315,26.574657,30.799063,29.486494,31.358469,28.93111,25.552574,24.57785,28.732578,26.638432,23.787886,18.967335,21.484097,19.843323,22.923094,19.99135,15.514221,19.503054,14.572043,11.979826,11.659169,14.7451105,12.034227,10.206974,14.510165,13.355969,16.485023,17.96373,17.518475,22.362644,18.99708,24.147028,25.640863,24.077425,20.378504,21.408085,27.172756,24.145395,22.780073,26.996342,29.050333,26.851624,26.796556,32.78056,31.736988,30.128675,29.141441,27.747236,25.997604,26.052946,22.006996,23.320082,19.186049,22.531382,19.495592,21.510916,18.503502,22.390968,18.46975,20.739277,21.308578,23.339441
33,30.481846,27.354122,25.08116,21.134947,19.575857,17.605925,15.157332,13.272099,8.4728,11.690125,10.310448,10.321455,7.2777205,7.936206,7.2524824,11.60643,12.970222,18.263176,20.34083,23.23575,26.228157,28.08155,30.89565,29.371864,28.195341,26.524466,22.644596,19.195986,16.595572,14.362211,10.544083,8.261535,5.5684357,0.0,4.5667768,6.3370495,8.059594,8.014065,5.0301857,5.170074,7.789607,10.769757,10.614878,14.067288,17.06434,18.92126,21.79333,25.664843,27.879534,29.367912,31.768919,29.172136,33.774208,32.31595,34.80412,32.500824,29.041613,28.630404,32.494236,30.96623,28.340744,23.269068,26.424244,24.895569,28.242834,25.119984,20.776308,24.995872,20.131577,17.475643,16.741262,19.53573,16.219187,14.793358,17.969831,17.476772,19.319721,21.310415,20.227549,25.04635,21.853003,26.416262,28.500244,26.05908,22.413652,23.931328,29.251757,25.275375,23.852385,28.202438,29.755178,26.958208,27.00188,33.329887,31.43006,29.211369,28.305214,26.520199,25.61827,24.797094,22.17711,23.358564,19.904089,23.598011,20.159056,21.284647,18.244604,21.125683,17.98208,19.30574,20.595522,21.537374
34,33.165268,30.291578,28.266844,24.105106,22.984268,21.006395,18.990332,17.655151,12.936085,16.22776,14.3598385,13.9494505,9.126837,10.450274,10.891509,14.844472,15.937344,21.245363,22.737957,26.03621,28.626095,30.892288,33.345757,31.471354,30.461796,28.384104,24.746277,21.135408,18.642496,16.23857,11.966647,10.345572,5.57847,4.5667768,0.0,4.966136,5.7700295,4.2957506,4.5123925,6.385737,6.1991196,10.901918,10.41919,14.630119,17.668367,19.988094,22.698902,27.164747,28.990623,31.08154,33.838852,31.340557,35.782253,34.651535,36.598427,33.99356,30.86024,30.02087,34.258358,32.191963,29.18858,24.53455,26.830753,24.956911,27.857208,25.14679,20.609053,23.886404,18.580414,16.365173,14.640089,17.853321,14.680536,14.377595,18.047344,18.23911,20.80597,22.94716,22.541403,27.428488,24.332771,29.283873,31.042282,29.16256,25.445463,26.580008,32.216034,28.746712,27.077097,31.384186,33.301777,30.710516,30.448912,36.723137,35.307877,33.227615,32.43349,30.816715,29.713491,29.189653,26.123856,27.245083,23.461428,26.776619,23.372547,24.967976,22.039392,25.370693,22.122683,23.693441,24.688263,25.78301
35,35.669098,32.84669,30.232218,26.588573,25.343584,22.48062,21.095781,17.923323,13.768217,16.258131,12.91514,13.71612,8.2758045,12.328304,13.356773,17.692926,19.280499,24.5737,26.489023,29.537275,32.38279,34.3301,37.030994,35.484276,34.396637,32.562527,28.768301,25.249567,22.569715,20.35372,15.70453,14.254074,9.359414,6.3370495,4.966136,0.0,4.900114,6.7697706,7.37202,9.954504,11.148216,15.649037,14.930921,19.040129,22.348854,24.339422,27.309635,31.496634,33.54702,35.34092,37.875317,35.214443,39.677277,38.1735,40.43557,38.106106,34.600296,33.75676,37.63544,35.48585,33.026917,27.832155,30.087275,27.890997,31.157198,29.0575,23.947102,27.14807,22.201912,19.702156,17.327162,19.791542,16.034666,16.400518,18.737276,20.159985,21.591759,24.511034,24.12268,28.953482,26.637493,31.146482,33.625572,31.469296,28.033155,29.714102,35.118813,31.222967,30.109917,34.45336,35.919304,33.112244,33.300335,39.62561,37.530437,35.2008,34.191578,32.16665,31.409582,29.84202,27.643309,27.87092,24.427279,27.271019,23.55113,24.840498,22.257519,25.326527,23.406836,24.716036,26.539944,27.255373
