,0,1,2,3,4,5,6,7,8,9,10,11,12,13,14,15,16,17,18,19,20,21,22,23,24,25,26,27,28,29,30,31,32,33,34,35,36,37,38,39,40,41,42,43,44,45,46,47,48,49,50,51,52,53,54,55,56,57,58,59,60,61,62,63,64,65,66,67,68,69,70,71,72,73,74,75,76,77,78,79,80,81,82,83,84,85,86,87,88,89,90,91,92,93,94,95,96,97,98,99,100,101,102,103,104,105,106,107,108,109,110
0,0.0,4.3656898,6.487553,9.108988,12.179737,14.441901,17.52743,20.282747,23.697323,26.58396,30.349659,34.25923,32.788647,30.851929,26.11563,24.837528,20.368118,20.689713,15.292191,15.90037,13.287417,13.274004,13.920681,16.580515,20.386774,19.399014,19.66154,17.722055,21.121805,19.23484,24.40722,23.863073,29.33153,30.16959,33.127075,36.506332,33.06567,31.945154,25.616323,27.697279,23.055979,25.781029,21.78366,23.295181,22.705196,23.786776,23.977926,26.625748,27.588167,28.794289,27.793653,25.091787,26.478786,30.432564,28.928968,32.02001,35.66475,32.926617,37.3842,33.302124,35.72612,30.209663,31.74773,29.08262,29.799965,29.2959,26.824507,30.548376,32.549843,32.223633,33.577885,31.015095,34.521297,30.783195,35.758286,31.714333,37.97955,35.003174,37.927902,38.899765,38.86004,41.88478,38.52128,34.828583,33.756973,32.90828,34.003838,30.712189,35.067795,33.108864,36.625614,34.358902,30.483017,33.334538,33.070568,28.504047,26.768333,22.597475,21.098152,25.76861,25.599958,21.838314,20.503792,19.395006,22.6774,23.362772,26.939247,25.951805,30.441122,31.350224,35.30636
1,4.3656898,0.0,5.326834,6.4269176,9.070307,12.348533,14.678718,18.359688,21.521881,24.484402,28.212254,32.32309,31.40846,29.719536,25.042976,23.323452,19.11216,18.660973,14.146643,13.275448,11.410792,10.660602,12.578402,14.668144,18.133549,17.752281,17.207958,16.36538,19.06128,18.62405,23.22735,23.419647,28.484657,30.064367,33.03593,36.70298,33.52049,32.527843,26.033493,27.68928,23.254873,25.127155,21.066696,21.798088,21.244507,21.582525,22.278841,24.313774,24.919289,26.8168,26.062096,23.988743,25.95539,29.867548,28.254717,31.604776,34.75097,31.777874,35.600033,31.503763,33.3526,27.83942,28.825268,25.882494,26.35725,25.489634,22.898224,26.511185,28.71949,28.4186,30.061218,27.694103,31.52668,28.114655,33.23922,29.693829,36.06125,33.66903,36.709835,38.27785,38.25667,41.71294,38.67833,34.857517,33.270424,32.00837,32.789783,29.096611,32.913643,30.579063,33.887276,31.31874,27.44848,29.940174,29.633858,24.84003,22.98762,19.102983,17.03991,21.699999,22.016396,18.411509,16.603676,15.452395,19.10425,19.888817,23.87464,23.217234,27.797075,29.183722,32.890846
2,6.487553,5.326834,0.0,5.3121185,6.903007,8.477027,11.978755,14.10216,17.991173,20.489468,24.620825,28.284002,27.310589,25.801788,20.669691,19.835201,15.383045,16.045757,11.153575,12.576618,11.55813,12.309312,14.718917,17.787586,20.957315,19.661085,18.0263,16.717216,18.091349,16.238634,20.849878,19.754927,25.315147,26.099102,29.672546,33.1049,29.612177,29.082155,22.469938,24.719257,20.64312,22.873602,20.023165,21.073349,21.567005,22.078829,24.383364,26.545294,26.439878,28.27328,26.464613,24.693401,26.138868,29.395514,26.845488,29.59734,32.983257,29.649837,33.672184,29.291481,31.374575,25.818863,26.755173,24.360462,24.420935,24.811056,21.824324,25.893532,27.448477,27.4974,28.66711,26.796305,30.264505,26.92117,32.030186,28.395613,34.971806,32.498814,35.8541,36.997795,37.72132,40.93361,38.172863,34.677177,33.243282,31.508198,33.247917,28.946434,33.09848,30.747671,34.05093,31.505383,28.00311,30.84116,31.26873,26.320286,25.163496,21.321821,19.107534,22.779781,22.228195,18.03053,16.137995,14.546998,17.197512,18.303808,21.13728,20.920729,25.108734,26.335783,30.359976
3,9.108988,6.4269176,5.3121185,0.0,3.7739978,6.778701,8.696559,12.849364,15.330658,18.636852,21.993828,26.322641,25.302189,23.587362,19.230888,17.031311,13.0306015,12.242631,8.21503,7.4447517,6.7209053,7.3899913,10.5899,13.577751,16.298315,14.964636,12.786922,12.076178,13.252411,13.07039,17.174772,17.707603,22.422043,24.521254,27.43495,31.286446,28.400282,27.536127,21.01896,22.293108,18.246555,19.453484,16.03729,16.427145,16.762896,16.896263,19.597137,21.518698,21.181704,23.179853,21.468157,20.070194,21.952936,25.250322,22.941698,26.149065,29.04914,25.790276,29.425413,25.221817,27.076881,21.53528,22.684973,20.00176,20.81745,20.55302,18.405605,22.186161,23.853193,23.430735,24.542398,22.098654,25.617731,22.142265,27.271542,23.7373,30.260954,28.060713,31.357655,33.01975,33.510414,37.095936,34.549347,30.902113,29.037947,27.116552,28.49174,24.073078,27.953764,25.52615,28.823614,26.296354,22.72714,25.651772,26.138529,21.319157,20.45466,16.420624,14.823681,18.302341,17.246998,13.114816,12.04509,11.326038,14.059203,14.3670225,18.116247,16.951197,21.521246,22.764688,26.52144
4,12.179737,9.070307,6.903007,3.7739978,0.0,4.4998155,5.6693234,10.121966,12.78942,15.764441,19.41019,23.605017,23.25177,22.00343,17.454872,15.476017,11.8248005,10.871875,8.3717575,7.3814545,8.697017,9.316826,13.325254,15.8826685,17.980484,16.901278,13.515455,13.782816,13.163106,13.703351,16.893442,17.283201,21.743578,23.9589,27.226456,31.089548,28.269089,27.834673,21.323805,22.569073,19.112514,19.708391,17.182568,16.964666,17.943836,17.400148,21.267706,22.598425,21.560568,24.146244,22.187923,21.583647,23.597504,26.410358,23.563196,26.54441,29.068544,25.424911,28.461435,24.109676,25.428888,19.920803,20.263983,17.626389,17.700525,17.937407,15.211039,19.235992,20.708963,20.62468,21.803324,20.044176,23.71621,20.753593,25.987959,23.031994,29.683382,28.062672,31.58717,33.50699,34.40555,38.145332,36.021088,32.51097,30.379087,27.923815,29.489784,24.502874,27.934177,25.14906,28.148333,25.324293,22.06695,24.701992,25.553505,20.47565,19.89338,16.455187,14.07421,16.682756,15.737003,11.455799,9.451498,8.174242,10.605741,11.437161,14.8511,14.628762,18.986734,20.754696,24.411446
5,14.441901,12.348533,8.477027,6.778701,4.4998155,0.0,4.4913993,6.108628,9.535358,12.205783,16.170717,20.011187,19.345598,18.157227,13.201607,12.042361,8.10925,8.703307,6.1874933,8.603827,10.345034,12.276653,15.74369,18.969091,20.898935,18.980549,15.206748,14.710082,12.91114,11.687325,14.647898,13.683953,18.549192,20.049652,23.80129,27.449959,24.43075,24.388025,17.891165,19.578241,16.623846,17.483665,16.35289,16.563263,18.518734,18.378035,23.300423,24.884886,23.42089,25.598867,22.686174,22.244755,23.606834,25.721786,22.07041,24.38288,27.141037,23.238918,26.567377,21.995913,23.725012,18.266315,18.854942,17.03152,16.970657,18.659256,16.006184,20.229471,20.849773,20.995653,21.433725,20.03494,23.030453,20.052454,25.070093,21.914244,28.604279,26.791492,30.528408,31.931683,33.493908,36.909233,35.029316,31.88224,29.989956,27.214695,29.687548,24.362034,28.165106,25.576195,28.569542,25.985136,23.191206,26.22718,27.724276,22.863852,22.970871,19.582619,17.651926,19.282978,17.244724,12.715399,11.440238,10.209137,10.688498,11.498333,13.159185,13.02451,16.837088,18.17758,22.223042
6,17.52743,14.678718,11.978755,8.696559,5.6693234,4.4913993,0.0,6.430825,7.4604607,10.701256,13.907984,18.318312,18.295866,17.358965,13.342574,10.8825445,8.387013,6.677217,7.6393948,6.991537,10.359089,11.755704,15.778315,18.300556,19.41585,17.889193,13.135847,14.025396,10.742083,12.118632,13.530507,14.287838,17.777859,20.609192,23.838879,27.776262,25.409613,25.32161,19.200705,19.901651,17.475967,16.907293,15.852501,14.913145,17.0219,15.965277,21.709074,22.586948,20.516754,23.25852,20.472433,20.9306,22.775871,24.632696,21.039083,23.606583,25.55577,21.531122,23.895294,19.440947,20.37315,14.970334,14.913942,12.735494,12.747363,14.196153,11.926208,15.999364,16.584461,16.550478,17.0421,15.694205,18.958416,16.356405,21.495813,19.023144,25.689997,24.649578,28.419235,30.516214,32.03416,35.85943,34.40335,31.219454,28.81446,25.63152,27.734982,22.060902,25.131868,22.193192,24.889986,22.064894,19.48099,22.246885,23.995897,19.15052,19.6818,16.794415,14.899364,15.519037,13.170207,8.753702,7.6511536,7.0989056,6.741923,7.027843,9.480608,9.257213,13.378243,15.357382,18.959736
7,20.282747,18.359688,14.10216,12.849364,10.121966,6.108628,6.430825,0.0,5.4292665,6.45618,11.146606,14.250887,14.195808,13.846981,8.5437565,8.987547,6.6785994,8.596734,9.263468,12.479567,15.174241,17.400507,20.844755,24.018179,25.348003,23.17952,18.621353,18.435669,14.683792,13.185479,14.220716,12.04765,16.197674,17.16243,21.513073,24.840595,21.964304,22.778584,16.887009,18.618626,17.153889,17.314032,18.32289,18.214487,21.213707,20.797714,27.050821,28.28082,26.018543,28.25824,24.59067,25.002407,25.964655,26.989143,22.42243,23.794176,26.132624,21.798908,24.490265,19.813303,21.208942,16.277708,16.139296,15.496872,14.534685,18.152771,15.480401,19.61777,19.065977,19.727655,19.361462,19.121351,21.328222,19.109287,23.647507,21.141363,27.588518,26.32404,30.297342,31.513172,33.967464,37.196823,36.01313,33.37541,31.4488,28.02071,31.252266,25.394249,28.853325,26.233055,28.784817,26.27783,24.344475,27.300476,29.587029,24.97882,25.873898,23.13277,21.214075,21.309544,18.575022,14.424431,13.41409,12.246025,10.2160425,11.201042,9.792807,10.990488,13.273665,14.662079,18.741976
8,23.697323,21.521881,17.991173,15.330658,12.78942,9.535358,7.4604607,5.4292665,0.0,4.3989296,6.69528,11.153749,10.928165,10.4661045,7.2921042,5.2062078,5.9683056,5.942277,10.110288,12.039917,15.41812,17.719606,20.959213,23.825132,24.356731,22.004194,16.918327,17.278965,12.025221,12.059623,10.907728,10.543438,12.61702,15.3103285,18.759207,22.414896,20.48971,21.127373,15.979219,16.364876,15.825786,14.357931,16.228836,15.306226,18.837599,18.033907,25.207499,26.060253,23.210075,25.356117,21.296818,22.558784,23.502533,23.816954,19.058582,20.320765,21.858631,17.388266,19.32726,14.705509,15.800981,11.033686,11.1005335,11.12547,11.190736,15.225491,14.094387,17.552294,16.374634,16.54328,15.319581,14.8205385,16.315016,14.231484,18.46183,16.32587,22.576885,21.848202,25.865772,27.451,30.119717,33.54181,32.909973,30.46313,28.207235,24.320765,27.658623,21.527252,24.540127,21.968565,24.263926,21.982779,20.629148,23.726269,26.564384,22.526993,24.239841,21.81035,20.79277,19.754356,15.845129,12.291507,12.902456,12.96005,9.70947,9.142197,6.8255,6.2394476,8.0823145,9.293428,13.360258
9,26.58396,24.484402,20.489468,18.636852,15.764441,12.205783,10.701256,6.45618,4.3989296,0.0,5.35552,7.963506,9.280862,10.276719,6.886706,7.8507223,9.153618,10.309766,13.81334,16.23086,19.578728,21.804497,25.189514,28.05619,28.62131,26.386942,21.246607,21.651606,16.375034,15.847015,14.471455,12.741467,14.512057,15.940347,19.995022,23.074923,21.047562,22.449226,17.837631,18.695652,18.87445,17.636786,20.300837,19.501957,23.16283,22.290375,29.567633,30.269978,27.244421,29.529171,25.397429,26.832844,27.601732,27.54443,22.488924,23.080772,24.44428,19.895187,21.273914,16.84637,17.429688,13.598276,12.503971,13.397334,11.947496,17.157825,15.395306,18.751963,16.913702,17.79652,16.3567,17.2235,18.306044,17.163912,20.831055,19.41132,25.191532,24.857065,28.882662,30.224895,33.37015,36.55296,36.22717,34.078663,31.939299,27.89501,31.51344,25.323084,28.03067,25.436232,27.3515,25.042784,24.142683,26.870077,29.90174,25.8692,27.622683,25.603651,24.080793,22.635023,19.172375,15.959574,15.776455,15.286858,11.455464,11.769986,7.271389,9.297485,8.996287,10.464573,14.045123
10,30.349659,28.212254,24.620825,21.993828,19.41019,16.170717,13.907984,11.146606,6.69528,5.35552,0.0,5.3340263,6.463167,7.8195353,8.215821,7.520891,11.139227,11.232568,16.188766,17.932121,21.409866,23.700985,26.696934,29.33826,29.276276,26.846327,21.610268,22.242075,16.207634,16.53669,13.32453,12.968451,12.1613,14.888593,17.794556,20.894913,19.97088,21.289024,17.87316,17.498413,18.793016,16.25863,19.899529,18.596268,22.585499,21.557987,29.337006,29.765753,26.315884,28.281347,23.803226,25.944626,26.48626,25.566229,20.415752,20.52895,20.958803,16.459166,16.768967,12.70995,12.863331,10.186073,9.313241,11.686378,11.439738,16.787556,16.698557,19.088867,16.580599,16.939737,14.388118,15.1692095,14.863898,14.230616,16.888659,16.115784,21.141682,21.425377,25.35937,26.841337,30.342897,33.50327,33.824635,32.04913,29.753244,25.356478,29.181555,22.978006,25.159172,22.844244,24.348883,22.507492,22.417753,25.209286,28.75762,25.504194,27.97795,26.259474,25.618086,23.315258,18.94311,16.601665,17.763895,18.164394,13.94986,13.057511,8.32803,8.307049,5.572679,5.9563565,9.101258
11,34.25923,32.32309,28.284002,26.322641,23.605017,20.011187,18.318312,14.250887,11.153749,7.963506,5.3340263,0.0,5.685689,9.057506,9.991129,11.760208,15.104089,16.217422,20.505606,22.974049,26.336777,28.728842,31.744165,34.5371,34.583385,32.094936,26.916243,27.33148,21.433456,20.88317,17.79149,16.030188,15.05949,15.978835,19.27027,21.414816,20.53308,22.694263,20.192461,20.317476,22.321114,20.244808,24.584122,23.614334,27.710615,26.832857,34.62058,35.069614,31.55966,33.454346,28.836031,30.965206,31.18827,29.86142,24.482594,23.774094,24.12665,19.833979,19.765753,16.308844,16.247196,14.870883,13.508863,16.366528,15.119249,20.998589,20.457914,22.668455,19.669294,20.58937,17.895517,19.690458,18.865236,18.960884,20.808525,20.536596,24.766144,25.234001,29.024824,29.978762,34.01218,36.717262,37.375114,36.026226,33.99927,29.570704,33.77505,27.69573,29.737152,27.599215,28.7814,27.103024,27.403378,29.95137,33.63329,30.466429,32.957096,31.44356,30.491348,28.015427,23.967806,21.742155,22.385923,22.371513,17.988775,17.708094,12.194113,13.551944,10.140941,10.122535,11.995753
12,32.788647,31.40846,27.310589,25.302189,23.25177,19.345598,18.295866,14.195808,10.928165,9.280862,6.463167,5.685689,0.0,3.715808,7.021466,8.977691,12.664731,14.568185,18.266457,21.776333,24.525541,27.430292,29.740986,32.968304,33.192432,30.054392,25.437431,24.888533,19.448019,17.441832,14.230635,11.638343,10.168603,10.423258,13.6646805,15.802051,14.936561,17.04857,15.091575,15.12474,17.71821,15.9574,21.08617,20.830942,25.10533,25.035032,32.595524,33.662685,30.4885,31.535046,26.422194,28.049252,27.603292,25.938704,20.339396,19.030968,20.013979,15.864498,17.267496,13.675691,15.47161,13.812897,14.757406,17.514229,17.884794,23.074133,23.060606,25.543535,22.987368,23.261103,20.420866,20.711662,19.467016,18.323462,19.987354,18.376759,22.550726,21.902182,25.65115,25.755228,30.023508,32.26649,32.774525,31.678951,30.111742,25.908426,30.745832,25.000328,27.92471,26.398926,28.081713,26.961668,27.019196,30.32259,33.95444,31.006157,33.542294,31.33634,31.125574,29.273703,24.509243,21.906628,23.425243,23.690355,19.824795,18.992039,14.616471,13.743322,11.289095,9.158077,12.110381
13,30.851929,29.719536,25.801788,23.587362,22.00343,18.157227,17.358965,13.846981,10.4661045,10.276719,7.8195353,9.057506,3.715808,0.0,6.0950727,6.8696446,10.613834,12.658308,15.993201,19.834469,22.179087,25.30428,27.170353,30.56745,30.868662,27.412884,23.18145,22.11234,17.047098,14.352673,11.086368,8.393902,6.586376,7.381698,10.444609,13.191484,12.256509,13.839849,11.700588,11.421629,14.131251,12.43197,17.823706,17.954815,22.243761,22.632996,29.94626,31.358816,28.446999,29.028913,23.735302,25.016163,24.281536,22.599981,16.94431,15.597071,17.118437,12.99008,15.607272,11.788664,14.7782955,12.584149,14.920651,17.288446,18.636223,23.165129,23.484522,26.090286,23.936117,23.785,21.034975,20.31938,19.09862,17.074057,18.870968,16.288507,20.671013,19.232954,22.992268,22.787146,26.950953,29.11266,29.358065,28.21624,26.824509,22.795473,27.845993,22.299047,25.794395,24.571842,26.63119,25.764057,25.534075,29.256924,32.74639,29.909151,32.402466,29.79182,30.056805,28.634361,23.5393,20.758303,22.822708,23.325573,19.913279,18.703154,15.343873,13.0962515,11.663044,8.697721,12.307211
14,26.11563,25.042976,20.669691,19.230888,17.454872,13.201607,13.342574,8.5437565,7.2921042,6.886706,8.215821,9.991129,7.021466,6.0950727,0.0,5.6456056,6.8339767,10.461501,12.327271,17.097826,19.354408,22.45073,24.786386,28.423903,29.366776,26.164719,21.894152,20.692844,16.250118,12.716579,11.739529,7.230271,10.058631,9.437107,14.205683,16.988874,14.38832,15.947225,11.524904,13.15168,13.908383,13.823464,17.702673,18.219738,22.172867,22.555237,29.475906,31.090528,28.535364,29.647316,24.80044,25.426514,25.156137,24.66162,19.216665,18.908329,21.331884,17.061499,20.259567,15.846029,18.447466,14.717951,16.156708,17.408485,17.72332,22.270906,21.238354,24.628498,23.005833,23.29609,21.427858,20.94788,21.171047,18.8509,22.00273,19.103895,24.620075,22.893257,26.818853,26.883364,30.413881,32.83508,32.281887,30.538359,29.149664,25.459526,30.032919,24.321249,28.195642,26.435532,28.87265,27.323427,26.276522,29.877518,32.90039,29.221985,31.035528,28.160582,27.553284,26.904192,22.625935,19.026123,19.939175,19.713417,16.76106,16.427788,13.341741,12.468611,12.564672,11.447537,15.753586
15,24.837528,23.323452,19.835201,17.031311,15.476017,12.042361,10.8825445,8.987547,5.2062078,7.8507223,7.520891,11.760208,8.977691,6.8696446,5.6456056,0.0,4.6636653,5.8261566,9.744428,13.005425,15.569437,18.549862,20.768848,24.067312,24.540115,21.348282,16.875814,16.094364,10.973217,9.147524,6.8401756,6.113485,7.489212,10.721178,13.651154,17.490467,15.857605,16.18395,11.48624,11.304716,11.526836,9.79553,13.159409,12.933244,16.983244,17.1001,24.301233,25.716581,23.03203,24.118034,19.295715,20.296972,20.394266,20.02196,14.81005,15.457729,17.420359,13.008816,16.142397,11.486411,14.232907,9.755961,12.267351,13.073967,14.847033,18.406359,18.444887,21.477549,20.185247,19.770666,17.861025,16.276188,16.559525,13.597354,17.090345,13.825715,19.787802,18.153782,22.155087,22.99799,26.027905,29.038837,28.474407,26.36816,24.48543,20.623512,24.777304,18.893684,22.669779,20.85584,23.438095,21.949068,20.793509,24.603746,27.624008,24.2363,26.299973,23.389156,23.498419,22.666967,17.807257,14.461431,16.511055,17.12032,14.35492,12.961735,11.287751,8.060051,9.309468,7.8964047,12.471859
16,20.368118,19.11216,15.383045,13.0306015,11.8248005,8.10925,8.387013,6.6785994,5.9683056,9.153618,11.139227,15.104089,12.664731,10.613834,6.8339767,4.6636653,0.0,4.913739,5.637411,10.57509,12.5282345,15.710871,17.971703,21.662521,22.834837,19.650425,15.636363,14.198697,10.513311,7.032659,8.063833,5.990879,10.547804,12.327326,15.850002,19.589912,17.02871,17.065512,11.064635,12.195197,10.607311,10.778704,12.377471,12.977482,16.414698,16.956171,23.295013,25.165483,23.100142,24.232115,19.849552,19.893301,20.151434,20.806805,16.073027,17.362707,20.199596,16.125376,20.036043,15.412242,18.258127,13.21808,15.465049,15.186225,16.548832,19.449627,18.582176,22.189255,21.611649,21.319262,20.216314,18.376879,19.664982,16.281916,20.437496,16.672188,23.009783,20.766668,24.650684,25.33796,27.79669,30.775026,29.47672,26.974775,25.328247,22.048405,25.839634,20.268723,24.574877,22.664278,25.654167,23.898502,21.957588,25.800104,28.243622,24.331062,25.703117,22.281021,21.978672,22.247858,18.083593,13.99758,15.290144,15.390534,13.698468,12.915892,12.540272,10.073664,12.771761,12.267892,16.782162
17,20.689713,18.660973,16.045757,12.242631,10.871875,8.703307,6.677217,8.596734,5.942277,10.309766,11.232568,16.217422,14.568185,12.658308,10.461501,5.8261566,4.913739,0.0,6.221873,7.2369294,10.253914,12.895077,15.536884,18.552149,19.091583,16.295097,11.544868,11.388088,6.374798,7.2593365,6.930815,9.248072,11.532828,15.5378,17.828684,22.020992,20.309496,19.82029,14.291543,13.90937,12.136502,10.480783,10.669206,9.752117,13.055203,12.709228,19.572514,20.89559,18.500153,20.11477,16.072886,16.810215,17.89872,18.847301,14.700149,17.015562,18.941586,14.915525,17.90682,13.404297,15.487479,9.996207,12.254961,11.156522,13.483103,15.318596,15.316718,18.51724,18.278225,17.462154,16.55604,13.98027,15.750612,12.147613,16.81666,13.341187,19.992811,18.394089,22.254852,23.998503,25.889864,29.536057,28.380058,25.517359,23.200886,19.706911,22.670101,16.817171,20.550426,18.257092,21.22288,19.22662,17.126308,20.907915,23.337994,19.506512,21.103373,17.865555,17.981989,17.837315,13.292438,9.394989,11.699094,12.681813,11.100476,9.311122,10.549903,6.5362678,10.537813,10.705745,14.704736
18,15.292191,14.146643,11.153575,8.21503,8.3717575,6.1874933,7.6393948,9.263468,10.110288,13.81334,16.188766,20.505606,18.266457,15.993201,12.327271,9.744428,5.637411,6.221873,0.0,6.938371,7.492111,10.873335,12.865227,16.839186,18.641993,15.512505,12.386739,10.241753,9.031457,5.6389055,9.740637,9.544855,14.371911,16.4332,19.246603,23.122381,20.43026,19.622122,13.188256,14.300562,10.782655,11.951092,10.517757,11.628046,13.823964,14.789868,19.72168,22.053385,20.832073,21.86081,18.2746,17.288952,17.998552,19.983948,16.40281,18.824482,22.039928,18.554634,22.884987,18.51868,21.381285,15.971006,18.438969,16.989109,18.768976,20.09298,19.099592,22.792894,23.19815,22.580597,22.287315,19.59702,21.743689,17.799229,22.417845,18.17723,24.668146,21.945005,25.518465,26.444496,27.88304,31.06551,28.994081,25.905727,24.293165,21.76928,24.680004,19.708172,24.35449,22.457184,25.868265,24.002043,21.197945,25.077879,26.737875,22.60652,23.242807,19.18983,19.039143,20.657623,17.16527,12.801827,13.96173,14.099139,14.20468,13.448117,15.352648,12.591922,16.56779,16.510109,20.732412
19,15.90037,13.275448,12.576618,7.4447517,7.3814545,8.603827,6.991537,12.479567,12.039917,16.23086,17.932121,22.974049,21.776333,19.834469,17.097826,13.005425,10.57509,7.2369294,6.938371,0.0,4.241093,5.771768,9.266751,11.838548,12.899042,10.917049,6.606145,7.359486,6.1811066,9.5976715,11.788866,14.924013,17.79086,21.739449,23.602835,27.881569,26.001955,24.847874,18.949657,18.660362,15.308913,14.501747,11.040006,9.935881,10.777485,10.097312,14.897733,16.316238,14.973583,17.099314,14.813767,14.562579,16.86344,19.609432,17.277477,20.875288,22.884712,19.659166,22.60887,18.683762,20.267803,14.858585,16.60876,13.847576,16.206408,15.46076,15.205539,18.304104,19.597904,18.409193,18.919043,15.51658,18.696854,14.91826,19.986094,16.557089,23.024342,21.301144,24.623524,26.965992,27.461357,31.503668,29.554502,25.940434,23.43126,20.896208,22.163107,17.188818,20.722418,18.199852,21.497307,19.12378,15.734157,19.15661,20.295614,15.947501,16.334925,12.2708235,12.433884,14.259779,11.182615,7.0794296,8.976465,10.274322,11.565388,10.030121,14.420608,11.2647,16.116764,17.088945,20.38083
20,13.287417,11.410792,11.55813,6.7209053,8.697017,10.345034,10.359089,15.174241,15.41812,19.578728,21.409866,26.336777,24.525541,22.179087,19.354408,15.569437,12.5282345,10.253914,7.492111,4.241093,0.0,3.7650933,5.69299,9.362166,11.45696,8.876611,6.9950433,5.374629,8.123691,9.534823,13.186211,15.939314,19.34018,22.779299,24.37489,28.538525,26.464405,24.868172,18.951612,18.887894,14.750175,15.012972,10.28556,10.420701,10.116844,10.768234,13.484803,15.895517,15.686166,16.87723,14.986126,13.349971,15.413182,18.931934,17.349628,21.151552,23.759129,21.061798,24.82563,21.113617,23.358109,18.072811,20.512297,17.864979,20.445467,19.428997,19.18396,22.221653,23.739887,22.45509,23.008717,19.249262,22.191,18.024252,22.783155,18.705688,24.861732,22.332647,25.323391,27.202555,27.189417,30.964722,28.409782,24.604387,22.521593,20.78514,21.83955,17.759926,21.936752,19.971,23.576452,21.617823,17.932467,21.539146,22.126446,18.128883,17.984348,13.322934,14.124977,17.090157,14.469954,10.876595,12.59042,13.58645,15.528113,14.234177,18.533722,15.194263,19.957893,20.40004,23.82571
21,13.274004,10.660602,12.309312,7.3899913,9.316826,12.276653,11.755704,17.400507,17.719606,21.804497,23.700985,28.728842,27.430292,25.30428,22.45073,18.549862,15.710871,12.895077,10.873335,5.771768,3.7650933,0.0,4.725161,6.7186766,8.959659,7.9674478,6.643459,7.1576157,10.185944,13.198837,16.32434,19.530905,22.625612,26.386942,27.898808,32.130356,30.173164,28.560637,22.700703,22.469826,18.40748,18.28358,13.20342,12.582161,11.327842,11.06416,12.410938,14.236698,14.44987,16.319925,15.690378,14.2642,17.076738,20.978392,20.056416,24.154388,26.323116,23.761078,26.910257,23.413069,25.027037,19.879766,21.709047,18.53305,20.919214,18.889595,18.630613,21.34344,23.442516,22.055447,23.203293,19.430397,22.91752,19.100468,23.923506,20.415703,26.369942,24.341703,27.121464,29.542532,29.048481,33.10689,30.531143,26.521793,24.156485,22.622839,22.70462,18.96584,22.386421,20.145947,23.558348,21.314512,17.314116,20.319582,20.25018,16.085554,15.238428,10.510155,11.192442,14.999969,13.529242,10.580505,11.752657,12.898112,15.728611,14.555033,19.661226,16.768473,21.651983,22.621765,25.66395
22,13.920681,12.578402,14.718917,10.5899,13.325254,15.74369,15.778315,20.844755,20.959213,25.189514,26.696934,31.744165,29.740986,27.170353,24.786386,20.768848,17.971703,15.536884,12.865227,9.266751,5.69299,4.725161,0.0,4.6474133,7.7322297,5.497339,7.790452,6.0578794,11.693784,13.66018,17.177078,20.60144,23.500536,27.171396,28.008516,32.13041,30.341877,28.197304,22.782713,22.287333,17.898376,18.22426,12.252947,12.482501,10.083566,11.219758,10.118598,13.200684,14.587839,14.984584,14.711294,11.95852,14.465315,18.982763,19.089128,23.355516,25.815474,23.955053,27.703663,24.60923,26.851967,21.991043,24.730747,21.81992,24.87259,22.745409,23.074423,25.545166,27.558397,25.892174,26.731617,22.390383,25.321623,21.061865,25.373945,21.257511,26.65127,23.889091,26.190918,28.213934,27.098078,30.88909,27.815971,23.670147,21.691727,21.040588,20.779821,18.178185,22.140236,20.667847,24.340063,22.762388,18.725115,22.086964,21.716433,18.442232,17.647572,12.711161,14.78228,18.65532,16.771606,14.341198,16.305426,17.605215,20.210363,18.738832,23.623894,19.96565,24.725918,25.007689,28.031956
23,16.580515,14.668144,17.787586,13.577751,15.8826685,18.969091,18.300556,24.018179,23.825132,28.05619,29.33826,34.5371,32.968304,30.56745,28.423903,24.067312,21.662521,18.552149,16.839186,11.838548,9.362166,6.7186766,4.6474133,0.0,4.0204263,5.191581,8.509407,9.156863,14.062826,17.696194,20.435526,24.595451,26.908758,31.15459,31.72094,35.954914,34.47273,32.27468,27.04826,26.14739,22.01862,21.637266,15.564776,14.825621,11.648216,11.646598,8.32551,10.459834,12.683671,13.6208,15.09645,12.907068,16.235207,20.881674,21.771736,26.317064,28.10188,26.483414,29.432104,26.726519,28.285149,23.764652,26.034716,22.72764,25.829523,22.63187,23.377571,25.221077,27.705109,25.796938,27.083214,22.610262,25.849943,21.992943,26.119928,22.688091,27.606728,25.48992,27.439837,30.156218,28.437132,32.57298,29.63096,25.340237,22.954844,22.52222,20.979214,18.971865,21.849022,20.233969,23.587349,21.904945,17.686846,20.312687,19.102123,16.214825,14.799512,10.115501,12.932266,17.149008,16.26878,14.959828,16.839657,18.473627,21.499289,19.919186,25.396275,21.892035,26.640059,27.306816,29.806007
24,20.386774,18.133549,20.957315,16.298315,17.980484,20.898935,19.41585,25.348003,24.356731,28.62131,29.276276,34.583385,33.192432,30.868662,29.366776,24.540115,22.834837,19.091583,18.641993,12.899042,11.45696,8.959659,7.7322297,4.0204263,0.0,4.8095703,7.7688985,10.000309,13.850708,18.911987,20.59182,25.646585,27.046295,31.99162,32.095478,36.433945,35.440792,33.191723,28.346813,26.815592,23.16745,21.85064,15.960614,14.290504,10.779596,9.798159,5.6850038,6.59239,9.088824,10.397982,12.924173,11.677822,15.593022,19.932753,21.269098,25.964413,27.011126,25.626965,27.815477,25.565744,26.62774,22.603493,24.786404,21.432327,24.966747,21.159983,22.787397,23.98091,26.466696,24.209784,25.44607,20.67646,23.760166,20.162683,23.896915,20.997602,25.37663,23.843122,25.530912,28.863873,26.856367,31.331964,28.782784,24.504179,21.624878,21.048033,18.695684,16.903496,18.880882,17.234287,20.352098,18.784561,14.601596,16.96355,15.502575,13.32096,12.276101,7.939007,12.223922,15.547461,14.468552,14.251434,16.858107,19.055557,21.694569,19.65938,25.250368,21.416046,25.929773,26.625998,28.572783
25,19.399014,17.752281,19.661085,14.964636,16.901278,18.980549,17.889193,23.17952,22.004194,26.386942,26.846327,32.094936,30.054392,27.412884,26.164719,21.348282,19.650425,16.295097,15.512505,10.917049,8.876611,7.9674478,5.497339,5.191581,4.8095703,0.0,5.7698784,5.7641807,10.742449,14.827023,16.71389,21.702137,23.099463,27.849033,27.732225,31.995848,31.018867,28.608837,23.960457,22.339561,18.627115,17.53623,11.407443,10.371026,6.675239,7.364368,4.775193,8.141922,9.799278,9.527979,10.103438,7.7665954,11.303119,15.796213,16.943542,21.592901,23.127726,21.828558,24.84949,22.472712,24.384449,20.21275,23.309729,20.46203,24.415417,21.611904,23.26894,24.938984,26.838127,24.629642,25.185612,20.191137,22.646383,18.398603,22.070776,18.231339,22.833878,20.440142,22.285557,25.004442,23.296028,27.519526,24.795155,20.542706,17.934134,17.336073,16.001814,13.921231,17.307219,16.154049,19.795631,18.686321,14.722636,18.22839,17.811535,15.628943,15.568162,10.910835,14.847838,17.626333,14.983702,13.839661,17.163877,19.30327,21.304455,19.05848,24.050629,19.545033,24.003489,24.024458,26.347364
26,19.66154,17.207958,18.0263,12.786922,13.515455,15.206748,13.135847,18.621353,16.918327,21.246607,21.610268,26.916243,25.437431,23.18145,21.894152,16.875814,15.636363,11.544868,12.386739,6.606145,6.9950433,6.643459,7.790452,8.509407,7.7688985,5.7698784,0.0,5.236549,6.185289,12.386151,13.287988,18.550577,19.723051,24.865871,25.295048,29.726532,28.73267,26.889652,21.914883,20.312695,17.160517,15.190959,10.256414,7.7946515,6.2713656,4.510293,8.650417,9.825316,8.777938,10.631464,9.503902,9.548208,12.9898405,16.259455,15.705452,20.124475,21.266052,19.03101,21.384722,18.491293,19.819624,15.272178,17.793156,14.807889,18.656677,16.1743,17.864874,19.662687,21.282158,19.17576,19.632107,14.869984,17.687422,13.604139,17.974497,14.605747,20.130568,18.576082,21.199163,24.345493,23.712358,28.21619,26.260052,22.330421,19.281586,17.215464,16.92675,12.767556,15.763865,13.547265,17.074736,15.194367,11.288231,15.025738,15.627931,12.429936,13.185201,8.758097,11.865888,13.4705305,9.860038,8.224163,12.123928,14.560086,15.921692,13.425193,18.381754,13.967156,18.503584,19.00228,21.318027
27,17.722055,16.36538,16.717216,12.076178,13.782816,14.710082,14.025396,18.435669,17.278965,21.651606,22.242075,27.33148,24.888533,22.11234,20.692844,16.094364,14.198697,11.388088,10.241753,7.359486,5.374629,7.1576157,6.0578794,9.156863,10.000309,5.7641807,5.236549,0.0,6.5172777,9.070114,11.530016,15.989845,17.912167,22.253717,22.570074,26.828724,25.53406,23.34225,18.353764,17.057878,13.210666,12.492837,6.553799,6.484516,5.004342,7.0697274,9.674778,12.751427,12.706204,12.53254,10.177729,8.017007,10.151195,13.895464,13.260603,17.56076,19.854834,17.899744,21.798496,18.748745,21.411802,16.725693,20.302025,18.005089,21.822449,20.451384,21.606867,23.970528,25.216593,23.361097,23.342045,18.695387,20.780413,16.13328,20.165802,15.565634,21.05991,18.079254,20.667042,22.635052,22.11144,26.004099,23.435934,19.511438,17.252348,15.778221,16.595015,13.024292,17.67236,16.424095,20.289284,19.108536,15.574287,19.77771,20.516052,17.646421,18.249678,13.575932,16.262423,18.43533,14.668062,12.131459,15.574316,17.37516,18.590012,16.413372,20.522688,15.810189,20.2242,19.828398,22.807178
28,21.121805,19.06128,18.091349,13.252411,13.163106,12.91114,10.742083,14.683792,12.025221,16.375034,16.207634,21.433456,19.448019,17.047098,16.250118,10.973217,10.513311,6.374798,9.031457,6.1811066,8.123691,10.185944,11.693784,14.062826,13.850708,10.742449,6.185289,6.5172777,0.0,7.8031244,7.3110824,12.878025,13.649505,18.947819,19.544806,24.000202,23.061865,21.546759,16.688597,14.932481,12.530886,9.855505,7.0070734,4.366108,6.913991,6.4500375,13.426791,14.863514,12.727175,13.807507,9.980995,10.762972,12.623608,14.322712,11.731678,15.488032,16.90736,13.8858185,16.824486,13.248818,15.399681,10.37579,13.871688,11.954523,16.047808,15.593041,17.195192,19.470251,19.955671,18.16295,17.50989,13.130174,14.90843,10.324165,14.835559,10.657431,17.039043,15.126464,18.507217,21.011312,21.714094,25.883419,24.43955,21.075264,18.280046,15.16634,17.022339,11.511905,15.479691,13.45529,16.973331,15.389637,12.627158,16.986526,18.979769,15.883247,17.627398,13.922696,15.8907385,16.121002,11.007389,8.237737,12.529917,14.64655,14.307608,11.576928,14.8596,9.536502,13.765725,13.490501,16.412016
29,19.23484,18.62405,16.238634,13.07039,13.703351,11.687325,12.118632,13.185479,12.059623,15.847015,16.53669,20.88317,17.441832,14.352673,12.716579,9.147524,7.032659,7.2593365,5.6389055,9.5976715,9.534823,13.198837,13.66018,17.696194,18.911987,14.827023,12.386151,9.070114,7.8031244,0.0,5.6690245,7.0686374,10.604933,13.517012,14.938675,19.022388,17.018707,15.442838,9.706367,9.470882,5.7589383,6.670537,5.9347715,8.236547,11.110597,13.166235,18.310503,21.073965,19.838366,19.65586,15.170271,14.01412,13.691977,14.933939,11.060447,13.371619,16.96624,13.943481,19.183783,15.231704,19.146162,14.308253,18.35238,17.58303,20.642443,21.904947,22.22462,25.347733,25.364347,24.239676,23.19592,19.733908,20.749485,16.246252,20.024553,14.926301,20.873198,17.30531,20.720564,21.082157,22.654936,25.56956,23.561409,20.712252,19.356041,16.856306,20.535862,15.879116,21.221796,20.1394,23.72174,22.685871,20.272938,24.748465,26.729738,23.508106,24.803997,20.647963,21.880968,22.96979,18.354074,14.699717,17.47082,18.398945,17.895842,16.217203,17.725283,13.313444,16.6926,15.246563,19.286976
30,24.40722,23.22735,20.849878,17.174772,16.893442,14.647898,13.530507,14.220716,10.907728,14.471455,13.32453,17.79149,14.230635,11.086368,11.739529,6.8401756,8.063833,6.930815,9.740637,11.788866,13.186211,16.32434,17.177078,20.435526,20.59182,16.71389,13.287988,11.530016,7.3110824,5.6690245,0.0,6.9577417,6.502099,11.936014,12.276557,16.724419,15.960608,14.620836,10.459854,8.114679,7.4945054,3.7405734,6.9365287,7.0797267,11.2813,12.446016,19.131413,21.098173,18.892088,18.757614,13.509957,14.064942,13.677699,13.2449465,8.260322,10.092032,12.515454,8.816298,13.609346,9.575209,13.765716,9.461944,14.318466,14.454034,18.196146,19.885075,21.249325,23.749432,23.094027,21.742851,19.899866,16.429277,16.327473,11.954277,15.0348,10.004218,15.871175,12.853221,16.652107,17.468712,19.803175,23.003773,22.043274,19.6542,17.743494,14.139772,18.415157,12.984789,17.791365,16.802475,19.996908,19.308823,17.816057,22.348661,25.07319,22.48007,24.66834,21.202354,22.852573,22.552715,17.043821,14.227726,17.88108,19.354374,17.694609,15.351215,15.915619,10.549934,12.8743725,10.519796,14.19584
31,23.863073,23.419647,19.754927,17.707603,17.283201,13.683953,14.287838,12.04765,10.543438,12.741467,12.968451,16.030188,11.638343,8.393902,7.230271,6.113485,5.990879,9.248072,9.544855,14.924013,15.939314,19.530905,20.60144,24.595451,25.646585,21.702137,18.550577,15.989845,12.878025,7.0686374,6.9577417,0.0,6.4530587,6.935732,10.174766,13.817484,11.284888,11.084459,5.471559,6.7029595,6.692845,7.67212,11.71783,13.447899,17.226048,18.778164,24.887043,27.267038,25.352741,25.333284,20.219625,19.947601,18.950201,18.525455,13.268491,13.1709385,16.77229,13.13495,18.297037,14.139706,18.35847,14.332129,17.999475,18.661621,20.843082,23.911125,23.870687,27.101141,26.123938,25.560623,23.744293,21.505789,21.536846,17.859278,20.86805,16.387354,21.806723,18.598284,22.266115,21.691563,24.771746,26.948717,25.798372,23.952349,23.00866,19.894718,24.760618,19.75195,24.687742,23.682297,26.732445,25.82783,24.33734,28.650995,31.348635,28.148672,29.918406,26.2977,26.900225,27.046011,22.168293,18.551323,20.768787,21.21606,19.336445,18.099737,17.15873,13.736099,15.256692,12.956443,17.32167
32,29.33153,28.484657,25.315147,22.422043,21.743578,18.549192,17.777859,16.197674,12.61702,14.512057,12.1613,15.05949,10.168603,6.586376,10.058631,7.489212,10.547804,11.532828,14.371911,17.79086,19.34018,22.625612,23.500536,26.908758,27.046295,23.099463,19.723051,17.912167,13.649505,10.604933,6.502099,6.4530587,0.0,6.89194,6.8189526,11.066082,10.9732,10.553004,8.65402,5.9857283,9.189465,6.387401,12.511502,13.119742,17.305298,18.484726,25.230944,27.097883,24.610601,24.207586,18.636677,19.508133,18.204075,16.201155,10.517639,9.1573,11.449521,7.5629983,12.465856,8.861411,13.704578,11.253878,15.798627,17.478706,20.543072,23.616312,24.88233,27.282297,25.751068,24.793127,22.157639,19.754284,18.342293,15.012743,16.56392,12.391918,16.6583,13.814753,17.470688,16.89795,20.767284,22.945,22.874283,21.644741,20.409006,16.613333,21.992836,16.962227,21.284544,20.789198,23.355246,23.140255,22.61881,26.942698,30.183304,27.897268,30.44442,27.344414,28.720484,27.802364,22.166372,19.580015,22.812761,23.94826,21.361404,19.362114,17.91216,13.503703,13.578707,9.829346,13.2770195
33,30.16959,30.064367,26.099102,24.521254,23.9589,20.049652,20.609192,17.16243,15.3103285,15.940347,14.888593,15.978835,10.423258,7.381698,9.437107,10.721178,12.327326,15.5378,16.4332,21.739449,22.779299,26.386942,27.171396,31.15459,31.99162,27.849033,24.865871,22.253717,18.947819,13.517012,11.936014,6.935732,6.89194,0.0,5.68797,7.7995296,5.236463,6.8951964,6.0655437,7.119339,10.571035,11.2546625,16.946344,18.722391,22.654358,24.353928,30.560316,32.919857,30.796684,30.28687,24.77346,24.791376,22.973408,21.196136,15.739234,13.403492,16.741562,13.750674,18.679163,15.445482,19.947586,17.573372,21.240036,23.020716,25.018526,28.864971,29.104284,32.04806,30.39409,29.983982,27.48713,25.798923,24.665117,21.615582,23.285664,19.282976,23.226252,20.016691,23.305027,21.42956,25.598267,26.697596,26.311684,25.583942,25.293036,22.17416,27.87946,23.338194,28.031116,27.60906,30.242025,29.91257,29.188244,33.489716,36.60675,33.882183,36.063347,32.682022,33.459084,33.0592,27.854723,24.65142,26.987173,27.412397,24.884954,23.678423,21.442501,18.442635,18.276453,14.9863,18.617788
34,33.127075,33.03593,29.672546,27.43495,27.226456,23.80129,23.838879,21.513073,18.759207,19.995022,17.794556,19.27027,13.6646805,10.444609,14.205683,13.651154,15.850002,17.828684,19.246603,23.602835,24.37489,27.898808,28.008516,31.72094,32.095478,27.732225,25.295048,22.570074,19.544806,14.938675,12.276557,10.174766,6.8189526,5.68797,0.0,4.4786797,5.89373,5.138291,8.209525,5.9169307,10.838613,10.248649,16.389679,18.10816,21.834183,23.844032,29.688486,32.07682,30.027643,28.718065,23.051712,23.203568,20.76158,17.956312,12.878892,9.255853,12.402402,10.618454,15.9581,13.904708,18.984821,17.666624,22.259403,24.215174,27.195225,30.416088,31.630863,34.076084,32.42309,31.51247,28.70244,26.332281,24.419668,21.208202,21.807968,17.589216,20.177084,16.44671,19.176937,16.46459,20.979597,21.557493,21.642836,21.543121,21.563677,18.622017,24.692993,20.92998,25.58038,25.94092,28.456745,28.880247,28.53389,33.00742,36.190742,34.24498,36.765896,33.416,35.070927,34.45839,28.778063,26.174278,29.389345,30.369854,27.914412,26.088827,24.388008,20.30196,19.995623,15.988792,18.77579
35,36.506332,36.70298,33.1049,31.286446,31.089548,27.449959,27.776262,24.840595,22.414896,23.074923,20.894913,21.414816,15.802051,13.191484,16.988874,17.490467,19.589912,22.020992,23.122381,27.881569,28.538525,32.130356,32.13041,35.954914,36.433945,31.995848,29.726532,26.828724,24.000202,19.022388,16.724419,13.817484,11.066082,7.7995296,4.4786797,0.0,4.847947,5.4337444,10.926844,9.844769,14.5052805,14.625803,20.600418,22.517683,26.139435,28.27256,33.926323,36.41311,34.421276,32.931755,27.27408,27.296337,24.55541,21.500538,16.835606,12.734651,15.509395,14.45247,19.189915,17.693798,22.524183,21.734451,26.051443,28.286161,30.982721,34.53707,35.614105,38.08564,36.22893,35.472343,32.518536,30.460585,28.295494,25.377758,25.586847,21.69308,23.590391,19.965418,22.246693,18.751183,23.52156,23.199919,23.562979,24.145016,24.71184,22.129543,28.309649,24.98266,29.50673,30.085701,32.440315,33.03631,32.876965,37.30803,40.562595,38.68677,41.235455,37.88597,39.470043,38.838444,33.17528,30.546495,33.59696,34.42064,31.836765,30.187634,28.04311,24.373158,23.643091,19.606884,22.088242
