,0,1,2,3,4,5,6,7,8,9,10,11,12,13,14,15,16,17,18,19,20,21,22,23,24,25,26,27,28,29,30,31,32,33,34,35,36,37,38,39,40,41,42,43,44,45,46,47,48,49,50,51,52,53,54,55,56,57,58,59,60,61,62,63,64,65,66,67,68,69,70,71,72,73,74,75,76,77,78,79,80,81,82,83,84,85,86,87,88,89,90,91,92,93,94,95,96,97,98,99,100,101,102,103,104,105,106,107,108,109
0,0.0,4.3278217,7.122021,9.528017,12.31606,14.490729,17.074297,22.540886,24.848402,27.234041,31.912228,32.973846,37.45635,36.731647,32.202797,29.746893,25.717655,25.658796,19.858246,18.47332,14.975374,13.925666,11.568524,16.006685,18.737955,19.423927,22.242577,21.860401,26.367516,23.666674,31.864956,27.340403,34.32074,32.776516,35.336147,38.0411,36.144085,35.41959,31.461643,28.902658,32.223267,28.389734,32.365364,30.775032,26.014294,28.859543,24.229519,26.542393,24.420992,26.824945,30.066744,31.376804,35.49707,37.765774,38.511627,34.619705,36.1191,37.720978,42.428886,42.109135,38.913387,37.02163,42.276184,42.2805,46.683067,43.16099,39.876118,45.543594,42.604515,39.36341,40.643723,37.94244,35.42616,33.553978,38.409122,36.03099,41.588036,41.058792,41.725895,45.618607,40.97058,44.457516,39.87957,36.583538,33.23468,31.914375,28.549753,27.416826,22.30178,22.823475,19.826979,20.3521,19.008354,16.088669,16.864063,16.063189,20.379585,21.376593,25.601206,29.391968,29.864975,33.924774,36.753723,37.349262,34.275,37.11021,30.658009,32.0986,29.365301,29.778818
1,4.3278217,0.0,4.5181074,6.550482,8.494309,11.611806,13.622626,18.949705,21.341963,23.394722,28.164036,29.554377,33.79078,32.945343,28.397635,25.720745,21.74277,21.461157,15.913354,14.22918,11.0605,9.807838,8.100514,12.738991,15.204677,16.011198,18.314394,17.99712,22.362688,19.904984,28.030521,23.7409,30.783943,29.415651,32.19535,34.954056,33.453087,32.679543,28.560497,25.783737,29.039244,25.065825,28.824234,27.088585,22.58363,25.09621,20.882473,22.968634,21.259388,23.262018,26.430204,27.532177,31.852793,33.879482,34.8818,31.049265,32.240437,33.88224,38.593315,38.21752,34.972404,32.958244,38.181007,38.179783,42.537235,38.95805,35.66401,41.3468,38.340546,35.123085,36.506603,33.91858,31.313015,29.332424,34.172348,31.709606,37.265438,36.743893,37.428005,41.357475,36.764267,40.366196,35.882214,32.451313,29.056503,27.627932,24.330276,23.098326,17.995693,18.678402,15.837297,16.72193,15.844338,12.970798,13.331644,12.443339,16.820637,17.490793,21.795551,25.525024,25.83143,29.903217,32.680656,33.23875,30.211107,33.05217,26.578161,28.23814,25.496223,26.275848
2,7.122021,4.5181074,0.0,5.0169277,6.9908967,7.7304235,11.583947,15.803879,18.756027,20.74794,25.486162,27.033283,31.501825,31.402872,27.220102,24.611887,20.85403,20.731802,15.560224,14.549143,12.706485,10.976921,10.935719,15.483498,17.363111,18.393993,19.595053,19.084772,22.821886,20.337904,27.823145,23.346228,30.12247,28.074926,31.251852,33.44205,32.181458,31.920952,27.566107,24.938913,28.900719,25.382196,28.967625,27.626808,23.820807,26.152103,22.834568,24.84892,23.822523,25.148046,28.15074,28.802853,33.457947,34.945484,36.379505,32.632812,33.115673,34.549923,39.422295,38.52625,34.970085,33.19817,38.480247,38.611332,42.74442,38.707623,35.68491,41.399498,37.952118,34.91966,36.422455,34.278374,31.287704,29.270214,33.723858,30.90657,36.363823,35.316986,35.971333,39.54829,34.940147,38.113087,33.431797,30.403631,26.98088,26.084473,22.334307,22.215868,17.277302,18.430565,16.398222,17.292755,17.528973,13.831891,13.147519,10.955317,15.25674,15.224396,19.910032,22.789186,23.90217,27.584957,30.353676,31.417372,28.502815,32.07592,25.756657,27.970747,25.800154,26.88446
3,9.528017,6.550482,5.0169277,0.0,3.7534099,6.6005826,7.596315,13.624474,15.376536,18.156782,22.630335,23.44859,27.995342,27.551096,23.258581,21.09605,17.181923,17.785519,11.857648,12.768764,10.889656,10.625956,10.805661,14.631367,16.761986,16.931551,17.604527,16.181965,19.721756,16.525478,23.89528,19.005201,25.721317,23.643454,26.567417,28.919367,27.423735,27.036896,22.766417,20.197048,24.197168,20.8922,24.678686,23.756224,20.044903,22.963562,19.84753,22.790642,22.349281,24.013472,26.678526,26.712708,31.247728,32.64295,33.709034,29.82092,30.179478,31.186502,36.290634,35.000336,31.368826,30.190945,35.78332,36.364548,40.364594,35.96921,33.557766,39.561024,36.48671,33.473816,35.613,33.575726,30.670494,27.966864,32.69629,29.224016,34.6725,33.653824,33.792744,37.44867,32.452316,35.61053,30.895155,27.85878,24.844007,24.072186,20.778358,20.90541,16.304615,18.341734,16.57336,18.494768,18.847311,16.136211,15.20614,13.100929,17.221895,16.0006,20.996462,22.909668,24.094925,27.462637,29.913374,31.23146,28.601927,32.191856,25.884394,28.559244,26.065857,27.881615
4,12.31606,8.494309,6.9908967,3.7534099,0.0,6.203533,5.3562207,11.038152,12.92908,15.130127,19.78092,21.12856,25.297894,24.661274,20.320927,17.793432,13.938772,14.197283,8.697918,9.448244,8.660334,8.376418,9.865287,13.035348,14.562441,14.827179,14.645491,13.307449,16.49086,13.710191,20.890383,16.394243,23.176743,21.398823,24.608503,27.045534,26.097956,25.618288,21.20215,18.343077,22.15409,18.670149,22.093876,20.948236,17.660852,20.039669,17.585245,20.114729,20.189384,21.300823,23.7964,23.590923,28.29073,29.399284,30.765728,27.006474,27.006142,28.086384,33.1416,31.843702,28.178259,26.802067,32.315876,32.855045,36.806114,32.395557,29.932291,35.91645,32.770554,29.79088,32.010895,30.107962,27.135576,24.338062,29.013426,25.474148,30.919884,29.93185,30.12074,33.848564,28.932394,32.281208,27.689674,24.43165,21.319668,20.376665,17.16698,17.185907,12.700466,15.048625,13.709037,16.026655,16.948116,14.593793,13.195449,11.104338,14.851408,13.100579,18.05004,19.820425,20.756496,24.11583,26.496157,27.731775,25.170063,28.710674,22.457878,25.344975,22.902256,25.08143
5,14.490729,11.611806,7.7304235,6.6005826,6.203533,0.0,6.7795243,8.811795,11.98144,14.179822,18.588419,20.046097,24.751099,25.586626,22.06854,19.895197,16.702919,17.246716,13.026956,14.286683,14.590082,13.44867,15.312107,18.85232,19.992117,20.691996,19.940994,18.697693,20.998678,18.38465,24.205395,19.58437,25.534557,22.555525,26.214108,27.567644,26.814531,27.251713,22.68285,20.357822,25.179255,22.619081,25.736828,25.242796,22.856112,24.98462,23.375175,25.63785,26.009699,26.531197,28.921543,28.463364,33.364735,33.92478,35.74608,32.174866,31.471525,32.295254,37.399464,35.505352,31.530563,30.522976,35.92924,36.559956,40.16813,35.28368,33.172432,39.006905,35.261253,32.600777,34.756374,33.416492,30.026098,27.472204,31.409065,27.617052,32.76095,30.966719,31.166494,34.21604,29.379745,31.869598,26.938864,24.556156,21.47211,21.559689,17.607225,19.527761,15.584966,18.06355,17.612886,19.303268,21.022894,17.578926,15.499653,12.108913,15.338176,12.914992,18.07308,18.41883,20.821886,23.447128,25.821789,27.857378,25.475666,30.035303,24.205515,27.55891,26.01434,28.141106
6,17.074297,13.622626,11.583947,7.596315,5.3562207,6.7795243,0.0,7.6110787,7.960565,11.172839,15.3158865,15.973649,20.405758,20.122963,16.111649,14.269542,10.720427,12.176833,7.18981,11.144435,11.815189,12.408101,14.460002,16.646076,17.776026,17.494858,15.953738,13.714875,15.507495,12.239394,17.864395,12.915896,19.070864,16.549322,19.971325,21.976276,21.192947,21.105776,16.542194,13.899031,18.450367,15.874638,19.074623,18.868982,16.769339,19.305162,18.216364,21.274914,22.407028,23.191936,25.079264,23.912853,28.552263,29.035358,30.39705,26.742887,25.93265,26.333612,31.621292,29.454187,25.483288,25.022587,30.739567,31.841415,35.353287,30.244463,28.747574,34.884426,31.803257,29.108152,31.997433,30.647444,27.56123,24.179663,28.570587,24.148005,29.298555,27.877829,27.460384,30.876627,25.591658,28.47863,23.71825,20.887676,18.34177,18.157675,15.2665615,16.765974,13.474766,16.821392,16.56162,19.38912,20.954199,18.986454,17.064165,14.615003,17.530884,14.368565,19.27557,19.098997,20.753538,23.203323,25.10614,27.014597,24.976507,28.988106,23.219727,26.823725,24.683355,27.593102
7,22.540886,18.949705,15.803879,13.624474,11.038152,8.811795,7.6110787,0.0,5.142901,5.520743,9.93762,12.54386,16.604471,18.049507,15.406305,13.321114,11.562049,12.24498,11.359932,14.000119,16.738943,16.223341,19.480251,21.396812,21.400463,21.844065,18.994759,17.530994,17.629868,15.976879,18.912188,15.377311,19.87052,16.705042,21.042242,21.72687,22.399538,23.201769,18.613022,16.376709,21.132364,19.468313,21.2845,21.30673,20.995493,22.007542,22.735723,24.451746,26.326849,25.672426,27.163939,25.572515,30.460844,29.887903,32.263695,29.220488,27.144619,27.474213,32.433067,29.766132,25.571163,25.058638,30.182127,31.183035,34.13353,28.646683,27.416262,33.103344,29.196278,27.032133,29.823648,29.399473,25.828478,22.809315,25.961456,21.310362,25.89919,23.512583,23.271748,25.90374,20.974377,23.116047,18.141829,16.052765,13.30298,14.355295,10.677702,14.785154,13.023661,16.533377,17.91853,20.28368,23.187325,20.803091,17.94656,14.828193,16.08111,11.583227,15.851057,13.203276,16.242014,17.485403,19.135977,21.917646,20.342005,25.381847,20.520876,24.841084,23.94035,27.154915
8,24.848402,21.341963,18.756027,15.376536,12.92908,11.98144,7.960565,5.142901,0.0,4.9623823,7.685325,8.3372965,12.8625765,13.95982,11.384666,10.501621,9.132859,11.346855,10.57501,15.307444,17.845942,18.40966,21.334682,22.63343,22.84525,22.53199,19.337606,17.020601,16.377346,14.10568,15.651259,11.740727,15.411093,11.717916,16.017714,16.643606,17.29042,18.16191,13.631418,11.66588,16.703394,15.9074135,17.582647,18.502056,18.896734,20.386864,21.698706,24.225533,26.621449,26.331545,27.375427,25.12924,29.639147,28.915497,30.780855,27.716063,25.414604,25.060366,30.211632,26.918537,22.620579,23.14781,28.54709,30.167978,32.829464,26.898613,26.666294,32.562473,29.281242,27.237778,30.727325,30.416897,27.140383,23.44576,26.777973,21.458057,25.773928,23.503115,22.408098,25.03448,19.556711,21.519575,16.552385,14.655373,13.042727,14.424131,12.153138,16.168262,15.197474,19.115751,20.437916,23.38023,25.953701,24.274313,21.685125,19.003485,20.434229,15.94534,19.932272,16.879864,19.473646,20.243029,21.290155,24.158787,23.042542,27.670017,23.099012,27.516455,26.241005,29.893616
9,27.234041,23.394722,20.74794,18.156782,15.130127,14.179822,11.172839,5.520743,4.9623823,0.0,5.0017,8.982899,11.790652,13.222311,11.326883,9.428143,9.383604,10.139269,12.054015,15.200476,18.81668,18.849575,22.408752,23.291016,22.738821,22.873564,18.999151,17.443304,15.969047,15.1835985,15.593115,13.370528,16.363352,13.576928,18.126541,18.547915,20.304522,21.086817,16.821894,14.725369,18.786068,17.78404,18.471888,18.828049,20.00916,20.201826,22.447355,23.802977,26.547268,25.310839,26.10349,23.76446,28.381802,27.094147,29.672998,27.063904,24.148075,24.074223,28.817297,25.670805,21.433733,21.353102,26.195362,27.516045,29.968227,24.11911,23.655666,29.202032,25.447685,23.654503,26.979605,27.126001,23.670546,20.268414,22.891602,17.626389,21.688713,19.066748,18.30098,20.786709,15.636478,17.776863,12.853163,10.668341,8.476764,10.318447,7.8623533,13.043811,13.271859,17.031433,19.243593,21.948982,25.145065,23.64837,20.743647,18.234371,18.586136,13.768257,16.805077,12.759028,15.384434,15.563107,16.398935,19.428585,18.586773,23.418022,19.447794,24.109667,23.448801,27.27166
10,31.912228,28.164036,25.486162,22.630335,19.78092,18.588419,15.3158865,9.93762,7.685325,5.0017,0.0,5.664267,7.2607174,10.302014,10.417745,10.131379,11.736901,13.060351,15.860853,19.6055,23.269905,23.618847,27.120968,27.691208,27.0497,26.917307,22.691235,20.899715,18.519691,17.926882,15.9450445,14.605745,15.293722,12.082232,16.517256,15.821736,18.502728,19.82394,16.160551,14.891677,18.648333,18.931547,18.744072,19.965034,22.322756,22.309908,25.465221,26.910942,30.133673,28.736168,29.03534,26.137884,30.338104,28.474913,31.00202,28.768475,25.201057,24.467659,28.960974,25.053314,20.829945,21.75877,26.20468,28.001677,29.723944,23.423384,24.185682,29.382563,25.878143,24.642809,28.381433,29.13468,25.854723,22.301964,24.175102,18.517017,21.554482,18.463858,16.863111,18.474142,13.184748,14.142349,9.048157,8.414532,8.295127,11.472362,10.641607,16.191488,17.528444,21.220999,23.723625,26.487171,29.759562,28.507765,25.585396,23.141302,23.179544,18.309656,20.701815,15.519897,18.302078,17.2325,17.149862,20.670422,20.64763,25.397837,22.446753,27.224333,26.881615,30.954952
11,32.973846,29.554377,27.033283,23.44859,21.12856,20.046097,15.973649,12.54386,8.3372965,8.982899,5.664267,0.0,5.5609527,9.00538,9.766359,11.563158,12.905904,15.582057,17.012245,22.170258,25.090178,26.077711,29.060583,29.679459,29.583332,28.892061,24.98342,22.436516,20.180912,18.528284,15.946761,13.775153,13.142334,8.485526,12.512937,10.900263,13.352075,15.3097925,12.036656,11.834667,16.060995,17.634779,17.671473,20.038277,22.485617,23.465437,26.389277,28.899193,32.131893,31.471905,31.694796,28.541353,32.380047,30.745705,32.500656,30.060839,26.722805,25.301897,30.036684,25.536707,21.31412,23.487295,28.2789,30.658688,32.209686,25.645864,27.288,32.675247,29.870304,28.61311,32.751167,33.31333,30.296572,26.319225,28.632568,22.733555,25.634272,22.866676,20.583868,22.032722,16.523531,16.819202,12.241147,12.390808,13.308671,16.067389,15.695598,20.52046,21.365772,25.288729,27.258184,30.336185,33.14869,31.959114,29.268312,26.755589,27.497604,22.71224,25.71401,20.959759,23.709816,22.88076,22.750349,26.188251,26.160305,30.655634,27.46208,32.138912,31.312033,35.440746
12,37.45635,33.79078,31.501825,27.995342,25.297894,24.751099,20.405758,16.604471,12.8625765,11.790652,7.2607174,5.5609527,0.0,5.9578943,9.400756,11.739509,14.613714,16.709068,19.891687,24.531723,27.960712,29.048367,32.261875,32.213093,31.631876,30.882792,26.426287,24.152132,20.868843,20.281591,15.424621,15.332561,12.532923,9.595893,12.866587,10.867918,14.9099655,16.502552,14.296145,14.290643,16.75778,18.852715,17.499094,19.96634,23.666216,23.666632,27.735102,29.608831,33.36895,32.15172,31.787733,28.188143,31.548937,29.23664,31.17487,29.364685,25.31515,23.524624,27.647726,22.753342,18.807344,21.476791,25.48176,28.107182,28.924702,22.248356,24.854298,29.67539,27.20899,26.501013,30.890165,32.01393,29.284637,25.317322,26.833141,20.895544,22.730452,19.9114,16.995531,17.84073,12.576775,12.229685,8.585691,9.666468,12.253451,15.237583,16.32592,20.940414,23.030876,26.73989,29.192446,32.288425,35.29365,34.664528,31.947824,29.822954,29.939402,25.162195,27.270864,22.078457,24.249258,22.672518,21.803343,25.102192,25.746302,29.706406,27.538528,32.171787,31.64403,36.026417
13,36.731647,32.945343,31.402872,27.551096,24.661274,25.586626,20.122963,18.049507,13.95982,13.222311,10.302014,9.00538,5.9578943,0.0,5.057048,8.427662,11.843905,14.02238,17.665318,22.360374,25.614494,27.294622,30.253397,29.438824,28.794918,27.59655,23.05674,20.627434,16.803913,16.560726,10.146813,11.459916,7.3338737,7.0187783,9.598745,9.785534,13.739354,13.869345,12.069433,11.568706,12.17997,14.297669,12.082349,14.705272,19.094103,18.85119,23.42367,25.37201,29.398113,28.367256,27.62271,23.726236,26.59573,24.357767,25.806808,24.066917,20.04753,17.902208,22.109865,17.112474,13.13988,16.397758,20.673561,23.644953,24.605757,17.961779,20.908773,26.015259,24.413504,23.475021,28.22936,28.99303,26.752472,22.361893,24.464886,18.514107,20.53272,18.789381,15.601396,17.650917,12.154878,13.777395,11.230829,10.019031,12.511206,14.052506,16.244932,19.195446,21.514002,25.118542,27.300352,30.703241,33.277325,33.451363,31.09894,29.602856,29.892914,25.469929,27.499414,23.50409,24.496227,23.671068,22.930178,25.319796,25.782276,28.742785,26.373383,30.644857,29.497185,34.014477
14,32.202797,28.397635,27.220102,23.258581,20.320927,22.06854,16.111649,15.406305,11.384666,11.326883,10.417745,9.766359,9.400756,5.057048,0.0,4.342366,7.083501,9.742908,12.828747,17.746965,20.73124,22.645668,25.4138,24.532505,24.075352,22.736414,18.395088,15.727321,12.243323,11.5340605,6.278071,6.5810575,5.3655148,5.8249774,9.112287,11.352567,13.792735,13.056755,10.183413,8.335676,9.229082,9.923216,8.551196,10.662173,14.360655,14.586606,18.629347,20.950068,24.7638,24.127596,23.697567,20.05108,23.292517,21.723597,22.976435,20.629555,17.27344,15.632272,20.556103,16.311499,12.024847,14.35784,19.616243,22.276098,24.179222,17.879461,19.566607,25.355972,23.686636,22.068722,26.680292,26.73795,24.454996,19.865454,23.012959,17.1682,20.387466,19.201248,16.717857,19.858961,14.186963,17.114193,13.949354,11.169976,12.030713,12.45753,14.139246,16.108582,17.67698,21.356602,23.088705,26.655561,28.899998,29.201674,27.073936,25.785765,26.494043,22.348269,24.81257,21.944992,22.524317,22.719261,22.62221,24.567165,24.376945,27.186956,23.873596,27.965631,26.254528,30.656075
15,29.746893,25.720745,24.611887,21.09605,17.793432,19.895197,14.269542,13.321114,10.501621,9.428143,10.131379,11.563158,11.739509,8.427662,4.342366,0.0,4.1529784,5.6104765,10.140907,14.027655,17.541723,19.116941,22.202465,21.244064,20.437174,19.464788,14.849356,12.690091,9.155547,9.367816,6.316928,6.7401967,8.955292,9.616164,13.123911,15.528476,17.601849,16.749207,13.34043,10.688891,11.84001,10.545263,9.767789,9.985597,12.929448,12.384227,16.343071,17.896313,21.640394,20.569954,20.366953,17.010902,20.84812,19.398697,21.274775,18.803774,15.562628,14.90003,19.857466,16.558662,12.297627,12.805721,18.228277,20.245096,22.740536,16.803684,17.14174,23.177845,20.956934,18.979568,23.299364,23.123983,20.613796,16.106674,19.593004,13.892094,17.899525,16.87889,15.176732,18.945702,13.457353,17.306574,13.955387,10.049492,9.500664,8.945454,10.447506,11.805395,13.4401,17.059217,18.960953,22.463963,24.876438,25.244116,23.082685,22.006563,22.48247,18.508604,20.762745,18.520117,18.607283,19.317883,19.570677,21.134392,20.604105,23.33943,19.667051,23.73028,21.993404,26.369587
16,25.717655,21.74277,20.85403,17.181923,13.938772,16.702919,10.720427,11.562049,9.132859,9.383604,11.736901,12.905904,14.613714,11.843905,7.083501,4.1529784,0.0,3.9537904,6.028688,10.747309,13.78046,15.562865,18.4149,17.770359,17.41513,16.35542,12.258488,9.642273,7.552621,6.219502,7.660102,5.1955504,10.6162615,10.68562,14.105962,17.027262,18.016045,16.957651,13.019903,9.783526,11.766451,9.154463,10.185232,9.7808,10.728927,11.358715,13.797229,16.06669,19.240116,18.846674,19.269262,16.52113,20.72864,20.156599,21.6919,18.603306,16.439037,16.30427,21.549036,18.934423,14.868598,14.738937,20.510435,22.165089,25.25695,19.83305,19.23489,25.480356,23.18402,20.74902,24.647991,23.816986,21.224964,16.85628,21.13185,15.931969,20.627222,19.835377,18.686413,22.629414,17.249561,21.090376,17.336933,13.465882,11.930296,10.9076,10.956525,11.513691,11.483764,15.256941,16.443493,20.08277,22.1212,22.285961,20.31807,19.222212,20.373135,16.68648,19.69089,18.519745,18.626616,20.24765,21.127789,22.512638,21.354889,24.19207,19.56401,23.410215,21.178982,25.249062
17,25.658796,21.461157,20.731802,17.785519,14.197283,17.246716,12.176833,12.24498,11.346855,10.139269,13.060351,15.582057,16.709068,14.02238,9.742908,5.6104765,3.9537904,0.0,6.739266,8.636069,12.61388,13.878311,17.175112,16.13083,15.064805,14.506236,9.844561,8.379615,5.9605346,7.027579,9.103045,8.571829,13.550518,14.285785,17.681248,20.538286,21.85912,20.727562,16.927956,13.691331,15.002169,11.792766,12.280348,10.521247,11.2380085,10.331955,13.050066,13.875335,17.1363,15.925349,16.377758,13.868213,18.487085,17.816301,20.039524,17.16548,14.935479,15.648376,20.510403,18.693865,14.912704,13.326568,18.74639,19.784754,23.200502,18.285173,16.61127,22.800608,20.144802,17.49442,21.074017,20.112082,17.401,13.1762905,17.629631,12.833798,17.951477,17.488096,17.033216,21.335123,16.485622,20.922436,17.514849,13.063198,10.715309,8.519612,8.671447,7.710167,8.179897,11.748551,13.374322,16.939322,19.266064,19.774488,17.776018,17.146332,17.727945,14.356668,16.695665,16.274256,15.50588,17.565098,18.629011,19.418268,18.052961,20.499607,15.755508,19.494455,17.27649,21.426462
18,19.858246,15.913354,15.560224,11.857648,8.697918,13.026956,7.18981,11.359932,10.57501,12.054015,15.860853,17.012245,19.891687,17.665318,12.828747,10.140907,6.028688,6.739266,0.0,6.6468334,8.320998,10.381005,12.754719,12.791845,13.259127,12.258576,9.637886,6.8648734,8.427671,5.4021745,12.282464,8.426962,15.398886,15.065143,18.066792,21.287064,21.093151,19.866726,15.708754,12.310807,14.78305,10.883859,13.706644,12.386683,10.1386595,12.145086,11.585463,14.509597,16.36873,17.000603,18.449427,16.943235,21.438232,22.0401,23.221746,19.557653,18.924625,19.5891,24.793386,23.195843,19.534788,18.508188,24.271313,25.322506,29.064098,24.414986,22.644056,28.886482,26.473139,23.57148,26.714483,25.056313,22.456015,18.630827,23.595945,19.335953,24.606258,24.11662,23.670835,27.792715,22.666267,26.584473,22.560461,18.688578,16.270723,14.767931,13.354645,12.606819,9.99587,13.383884,13.175677,16.786348,18.097717,17.917555,16.39373,15.426701,17.646975,14.842113,18.689922,19.354507,19.309752,22.103825,23.745785,24.738937,22.802923,25.568644,19.891024,23.15902,20.340757,23.711197
19,18.47332,14.22918,14.549143,12.768764,9.448244,14.286683,11.144435,14.000119,15.307444,15.200476,19.6055,22.170258,24.531723,22.360374,17.746965,14.027655,10.747309,8.636069,6.6468334,0.0,4.841402,5.362811,8.800415,8.301317,7.6077695,8.068445,5.836262,6.2435656,9.236005,9.201561,16.178858,14.129223,20.74969,21.113626,24.212702,27.44871,27.622623,26.284515,22.241713,18.801025,20.506552,16.02901,18.185858,15.434878,12.554899,12.720081,11.234657,11.65684,12.562195,12.376936,14.63618,14.515426,19.419664,20.46917,22.334587,18.91868,18.920792,20.830053,25.318396,25.050604,21.924974,19.158512,24.145094,24.125692,28.378395,24.854,21.45542,27.24856,24.46028,21.235687,23.304008,21.034016,18.43389,15.572811,20.736778,17.938969,23.503315,23.569887,24.199986,28.603827,24.327713,28.798925,25.171143,20.831171,17.553953,14.981169,13.163825,9.967044,5.726918,7.684061,6.595345,10.263473,11.588033,11.9404545,10.710879,11.004012,12.8674755,11.557074,14.608781,17.610346,16.210117,20.112917,22.278828,22.217953,19.668024,21.645628,15.42292,17.8554,14.676619,17.512897
20,14.975374,11.0605,12.706485,10.889656,8.660334,14.590082,11.815189,16.738943,17.845942,18.81668,23.269905,25.090178,27.960712,25.614494,20.73124,17.541723,13.78046,12.61388,8.320998,4.841402,0.0,3.8392162,4.827529,4.8707404,6.4105864,6.1747684,7.3417244,7.2354755,11.850368,10.518658,18.721958,15.8926735,22.914034,23.246828,25.848639,29.418568,28.813866,27.219744,23.342297,19.988113,21.605824,16.849298,19.832472,17.141573,12.778842,14.298432,10.563492,12.196923,11.589493,13.2172985,15.969127,16.57375,20.94163,22.872023,23.88921,20.122282,21.249651,23.134283,27.641867,27.692844,24.795538,22.28128,27.374187,27.387753,31.814226,28.587042,25.215475,30.97737,28.638767,25.306995,27.1937,24.472324,22.27844,19.61694,24.996801,22.490694,28.01811,28.30226,28.813797,33.27597,28.846746,33.260017,29.49761,25.260427,22.143753,19.71086,17.84592,14.751021,10.357724,11.411631,8.731586,11.714199,11.298849,11.692541,11.601009,12.253064,15.200659,14.831971,18.246473,21.831446,20.611597,24.707691,27.000526,26.88321,24.1871,25.910486,19.583147,21.356133,17.772175,19.80611
21,13.925666,9.807838,10.976921,10.625956,8.376418,13.44867,12.408101,16.223341,18.40966,18.849575,23.618847,26.077711,29.048367,27.294622,22.645668,19.116941,15.562865,13.878311,10.381005,5.362811,3.8392162,0.0,4.190667,6.113445,6.7143545,8.256018,9.252728,10.176752,14.210601,13.503343,21.22963,18.53344,25.472559,25.399675,28.423397,31.616837,31.252243,30.001356,25.880136,22.542017,24.649822,20.070267,22.820633,20.111908,16.247866,17.091148,13.930412,14.381156,13.492118,14.20051,17.235199,18.264534,22.881971,24.575636,26.186296,22.684742,23.501472,25.640343,29.964928,30.094204,27.116137,24.220427,29.013624,28.665567,33.094276,29.981554,26.171858,31.680923,28.784859,25.492918,26.845078,24.187927,21.693693,19.666739,24.667625,22.597425,28.146593,28.197176,29.155787,33.450874,29.309347,33.616077,29.777618,25.641834,22.116934,19.746439,17.231056,14.262359,9.283281,9.592209,6.575412,8.843961,8.869788,8.128765,7.862853,8.645815,11.750807,12.12196,15.469973,19.809128,18.597387,22.98564,25.572586,25.365164,22.402771,24.361347,17.876106,19.4967,16.301064,17.858696
22,11.568524,8.100514,10.935719,10.805661,9.865287,15.312107,14.460002,19.480251,21.334682,22.408752,27.120968,29.060583,32.261875,30.253397,25.4138,22.202465,18.4149,17.175112,12.754719,8.800415,4.827529,4.190667,0.0,4.7209125,7.211338,8.126703,11.1624,11.832958,16.531244,15.27185,23.54445,20.541187,27.625044,27.68202,30.28691,33.759125,32.86699,31.376707,27.470535,24.225885,26.087587,21.357304,24.536942,21.815243,17.11317,18.665627,14.209052,15.271963,13.278167,15.270977,18.512142,20.030848,24.155602,26.483929,27.45561,23.77874,25.412424,27.559547,31.820385,32.258324,29.505577,26.727629,31.548923,31.206402,35.76682,32.938,29.123875,34.594433,32.107204,28.729189,29.979462,26.978619,24.865658,22.918589,28.113186,26.251698,31.775982,32.076317,32.93637,37.33674,33.099777,37.45044,33.585247,29.442598,26.063644,23.668129,21.32241,18.192944,13.359198,13.347061,9.790175,11.364677,9.710232,9.392141,10.409835,11.572883,15.052202,16.005693,19.317278,23.910246,22.690287,27.145945,29.749775,29.42683,26.422455,28.035324,21.595303,22.69022,19.184975,20.157282
23,16.006685,12.738991,15.483498,14.631367,13.035348,18.85232,16.646076,21.396812,22.63343,23.291016,27.691208,29.679459,32.213093,29.438824,24.532505,21.244064,17.770359,16.13083,12.791845,8.301317,4.8707404,6.113445,4.7209125,0.0,3.583146,3.650974,7.927569,9.329442,14.024091,13.656249,21.598433,19.563532,26.34802,27.3546,29.635912,33.519577,32.888,30.947075,27.370296,24.01286,24.823732,19.791607,22.513563,19.218538,14.4309025,15.325386,10.588265,10.923792,8.564409,10.99643,14.20118,16.009567,19.789005,22.464067,23.179502,19.582315,21.708912,24.131779,28.036306,29.051893,26.735296,23.583723,28.106985,27.619028,32.285343,30.000528,25.996223,31.309097,29.388332,25.937096,27.210955,23.920452,22.319735,20.282085,25.719618,24.220537,29.589157,30.492752,31.327955,35.985455,31.971575,36.70674,33.29748,28.826406,25.675959,22.76184,21.284418,17.06219,12.993272,12.626423,9.065887,11.1772175,9.056772,11.085316,12.272634,14.257324,16.839956,17.674318,20.217655,24.878073,22.83899,27.279028,29.631166,28.809444,25.974154,26.686537,20.52721,21.212637,17.163824,18.365149
24,18.737955,15.204677,17.363111,16.761986,14.562441,19.992117,17.776026,21.400463,22.84525,22.738821,27.0497,29.583332,31.631876,28.794918,24.075352,20.437174,17.41513,15.064805,13.259127,7.6077695,6.4105864,6.7143545,7.211338,3.583146,0.0,3.42196,6.2481737,9.027321,12.953774,13.819014,20.979855,19.789417,26.253286,27.573,30.057835,33.85831,33.73884,31.825888,28.224007,24.777275,25.338459,20.31486,22.405687,18.750954,14.706201,14.332373,10.72198,9.198223,7.2752376,8.139374,11.502651,13.611649,17.625622,20.051517,21.347717,18.09455,19.903812,22.689669,26.261946,27.575563,25.399977,21.681412,25.789433,24.948769,29.651728,27.700766,23.258556,28.325495,26.281439,22.823208,23.809664,20.456245,18.897358,17.169128,22.495613,21.4858,26.752846,27.87016,28.997768,33.687157,30.059738,34.96848,31.864243,27.251791,24.011333,20.781979,19.578135,14.668919,11.067236,9.990197,6.5728493,8.76355,7.079249,10.202685,11.16993,13.679748,15.384137,16.373446,18.132807,23.07207,20.436083,24.931583,27.22548,26.008924,23.190422,23.431437,17.435778,17.840282,13.676773,14.995865
25,19.423927,16.011198,18.393993,16.931551,14.827179,20.691996,17.494858,21.844065,22.53199,22.873564,26.917307,28.892061,30.882792,27.59655,22.736414,19.464788,16.35542,14.506236,12.258576,8.068445,6.1747684,8.256018,8.126703,3.650974,3.42196,0.0,5.189503,7.054128,11.359221,11.791322,19.126982,17.906057,24.296156,25.959919,28.034887,32.121315,31.777885,29.585835,26.256077,22.864347,22.937977,17.822243,20.058924,16.407696,11.863986,12.070872,7.5718026,7.2858887,5.468437,8.017464,10.918016,12.513826,16.193027,18.930164,19.529533,15.945361,18.190657,20.721825,24.46925,25.719755,23.647299,20.329544,24.728765,24.277092,28.95255,26.868477,22.915539,28.220425,26.709995,23.256144,24.789534,21.46705,20.171629,17.815409,23.409952,21.919027,27.128204,28.384895,29.080826,33.86967,29.97198,34.908684,31.841684,27.207273,24.329926,21.14652,20.395252,15.649219,12.461297,12.244815,9.36115,12.042136,10.463559,13.37715,14.174567,16.212318,18.18507,18.52728,20.64062,24.889652,22.455841,26.67146,28.739609,27.720736,25.137657,25.371428,19.543282,20.244759,15.960748,17.725426
26,22.242577,18.314394,19.595053,17.604527,14.645491,19.940994,15.953738,18.994759,19.337606,18.999151,22.691235,24.98342,26.426287,23.05674,18.395088,14.849356,12.258488,9.844561,9.637886,5.836262,7.3417244,9.252728,11.1624,7.927569,6.2481737,5.189503,0.0,3.8938787,6.7556458,8.61779,14.869056,14.457712,20.432735,22.296701,24.665354,28.543627,28.854214,26.818071,23.419373,19.969772,19.955738,15.060674,16.535892,12.768801,9.664567,8.483833,6.89275,5.826146,7.563088,7.377679,9.2629385,9.27255,13.880228,15.565313,16.967665,13.520921,14.405243,16.846169,20.866999,21.59043,19.208405,15.777949,20.41342,20.194279,24.726557,22.095104,18.35678,23.999907,22.24358,18.852095,20.997234,18.182909,16.523369,13.438194,19.11395,16.988596,22.244972,23.380983,23.925936,28.721073,24.822092,29.819372,26.938677,22.225445,19.494562,16.189804,15.980065,11.120237,8.998071,9.667215,8.478059,12.002717,12.263287,14.766489,14.436599,15.891286,17.097555,16.35264,18.18337,21.413038,18.920088,22.689442,24.445713,23.585016,21.329361,21.766562,16.182608,17.713713,13.729363,16.708946
27,21.860401,17.99712,19.084772,16.181965,13.307449,18.697693,13.714875,17.530994,17.020601,17.443304,20.899715,22.436516,24.152132,20.627434,15.727321,12.690091,9.642273,8.379615,6.8648734,6.2435656,7.2354755,10.176752,11.832958,9.329442,9.027321,7.054128,3.8938787,0.0,4.995796,4.933419,12.27669,10.999248,17.319471,19.047522,21.205091,25.226097,25.229815,23.117376,19.756165,16.325539,16.383354,11.420272,13.46237,10.172691,6.5220194,7.1480355,5.4552593,7.7116923,9.853094,10.776544,12.089556,11.023551,15.278353,16.753088,17.530102,13.707638,14.325961,15.938817,20.610378,20.50554,17.753107,15.400996,20.738594,21.260893,25.51983,22.130003,19.408377,25.426374,23.870556,20.643707,23.465097,21.041054,19.276201,15.573118,21.176626,18.06207,23.274614,24.050875,23.97733,28.672976,24.216911,28.959846,25.814873,21.294043,18.949894,16.14448,15.99268,12.366864,10.327386,12.220044,11.292298,15.021047,15.3681555,17.128437,16.531136,17.213882,18.937922,17.409758,20.007345,22.22246,20.506952,23.853914,25.435741,25.208574,23.182526,24.269356,18.750633,20.911148,17.202724,20.41774
28,26.367516,22.362688,22.821886,19.721756,16.49086,20.998678,15.507495,17.629868,16.377346,15.969047,18.519691,20.180912,20.868843,16.803913,12.243323,9.155547,7.552621,5.9605346,8.427671,9.236005,11.850368,14.210601,16.531244,14.024091,12.953774,11.359221,6.7556458,4.995796,0.0,4.8747277,8.15451,9.013351,13.991072,16.52725,18.693111,22.591677,23.426453,21.319717,18.254993,14.960765,14.2209835,9.887499,10.27732,6.7187896,6.4856863,4.4954987,7.8233514,8.807686,12.612438,12.062529,12.041435,9.270712,13.469813,13.710637,14.979348,11.627333,10.562715,11.776675,16.66269,15.973607,12.994217,10.718735,16.331404,17.320488,21.248047,17.343046,15.277651,21.500376,20.149582,17.178703,20.745537,18.967852,17.259733,12.876239,18.15679,14.356522,19.220457,20.082134,19.59482,24.323835,19.919214,24.797924,22.13076,17.518007,15.769125,12.875708,14.023487,10.698101,10.875384,13.220966,13.737427,17.458485,18.639591,20.494148,19.381798,19.809448,20.7025,18.414928,20.372387,21.34679,19.532633,22.0846,23.097052,22.954855,21.520378,22.454468,17.805506,20.442509,17.227661,21.162119
29,23.666674,19.904984,20.337904,16.525478,13.710191,18.38465,12.239394,15.976879,14.10568,15.1835985,17.926882,18.528284,20.281591,16.560726,11.5340605,9.367816,6.219502,7.027579,5.4021745,9.201561,10.518658,13.503343,15.27185,13.656249,13.819014,11.791322,8.61779,4.933419,4.8747277,0.0,8.530791,6.1268525,12.693712,14.278371,16.29648,20.372068,20.325874,18.221506,14.878599,11.469048,11.638459,6.892271,9.350802,7.292709,5.026244,7.3811555,7.9055448,11.559802,14.325054,15.217647,15.842904,13.610979,17.435556,18.152391,18.609186,14.850587,14.438597,14.820906,20.095474,18.68953,15.390745,14.60251,20.50492,21.907438,25.619343,21.241934,19.909588,26.183485,24.76414,21.879765,25.466509,23.68844,21.764503,17.47549,22.681425,18.460775,23.366348,23.641148,22.785978,27.212708,22.206621,26.527851,23.212154,19.05375,17.405878,15.372062,15.57879,13.672802,12.483918,15.407255,15.237258,19.055117,19.889889,20.982384,19.89982,19.729385,21.528494,18.990534,22.029255,22.710035,21.854036,24.422943,25.622576,26.138765,24.555658,26.313643,21.183577,24.07929,20.843132,24.487211
30,31.864956,28.030521,27.823145,23.89528,20.890383,24.205395,17.864395,18.912188,15.651259,15.593115,15.9450445,15.946761,15.424621,10.146813,6.278071,6.316928,7.660102,9.103045,12.282464,16.178858,18.721958,21.22963,23.54445,21.598433,20.979855,19.126982,14.869056,12.27669,8.15451,8.530791,0.0,5.880121,6.336448,10.380019,11.747872,15.611167,17.200338,15.040753,12.91696,10.477908,8.249073,6.822395,4.058482,4.6028886,9.496749,8.980984,13.79369,15.992936,20.080702,19.690065,18.815279,14.951986,17.610714,16.471159,17.043177,14.539363,11.609406,9.988137,15.299119,11.908365,7.9340725,9.730022,15.523242,18.18436,20.659613,15.208666,16.315916,22.312054,21.650003,19.628801,24.25293,23.653736,22.072819,17.288189,21.21701,16.096495,19.552382,19.773764,17.690592,21.731419,16.740873,20.806828,18.528763,14.791045,15.034968,13.698504,16.053837,15.4588,17.000229,20.09006,21.3076,25.02172,26.60873,27.943922,26.386538,25.995111,26.789864,23.427624,25.53862,24.258236,23.52147,24.571014,24.686008,25.523478,25.051807,26.56547,23.090748,26.435188,23.987919,28.306938
31,27.340403,23.7409,23.346228,19.005201,16.394243,19.58437,12.915896,15.377311,11.740727,13.370528,14.605745,13.775153,15.332561,11.459916,6.5810575,6.7401967,5.1955504,8.571829,8.426962,14.129223,15.8926735,18.53344,20.541187,19.563532,19.789417,17.906057,14.457712,10.999248,9.013351,6.1268525,5.880121,0.0,7.1477065,8.222609,10.289445,14.249675,14.503956,12.641558,9.250264,5.9716697,6.740517,4.4302692,6.261377,7.546405,8.894316,11.09836,13.381831,17.056238,20.2616,20.80976,20.902739,17.841928,21.182405,20.92401,21.306082,18.047783,16.32961,15.27165,20.73019,17.655447,13.783178,15.144345,21.10613,23.395935,26.242857,20.802925,21.20909,27.4243,26.078245,23.749754,27.993807,27.029636,24.945906,20.326635,24.736032,19.526505,23.731272,23.30471,21.517302,25.339417,19.838047,23.354193,19.945824,16.568459,16.074165,15.307819,16.00416,16.244753,16.136118,19.683853,20.288164,24.068344,25.458313,25.984533,24.40872,23.470633,25.081076,21.605547,24.789593,23.652653,23.771372,25.258167,25.905275,27.277224,26.303162,28.743904,24.28502,27.855284,25.238882,29.26076
32,34.32074,30.783943,30.12247,25.721317,23.176743,25.534557,19.070864,19.87052,15.411093,16.363352,15.293722,13.142334,12.532923,7.3338737,5.3655148,8.955292,10.6162615,13.550518,15.398886,20.74969,22.914034,25.472559,27.625044,26.34802,26.253286,24.296156,20.432735,17.319471,13.991072,12.693712,6.336448,7.1477065,0.0,5.599679,5.6423693,9.527392,11.340174,9.408725,8.196385,7.315055,5.077334,8.025083,5.7759004,9.71934,13.851817,14.875652,18.78658,21.93288,25.74583,25.818808,25.079136,21.243202,23.578865,22.320078,22.43319,20.108992,17.238386,14.707265,19.543173,14.916629,11.1835575,15.015797,20.161818,23.353592,24.998703,19.019981,21.533627,27.14128,26.5249,24.956852,29.762817,29.587776,27.838337,23.085497,26.471186,20.900948,23.713736,23.145044,20.308899,23.364622,18.024923,20.673208,18.229868,15.899089,17.213587,17.311472,19.292112,20.40763,21.716528,25.236692,26.466028,30.200203,31.885752,32.61661,30.847193,29.818403,30.90808,27.024292,29.644613,27.218695,27.532568,27.904615,27.737053,29.417496,29.257195,31.521866,28.22874,31.981718,29.825195,34.176052
33,32.776516,29.415651,28.074926,23.643454,21.398823,22.555525,16.549322,16.705042,11.717916,13.576928,12.082232,8.485526,9.595893,7.0187783,5.8249774,9.616164,10.68562,14.285785,15.065143,21.113626,23.246828,25.399675,27.68202,27.3546,27.573,25.959919,22.296701,19.047522,16.52725,14.278371,10.380019,8.222609,5.599679,0.0,4.567028,6.3576393,8.060848,8.035176,5.1384435,5.1466765,7.807788,10.678499,10.487692,13.963238,16.814962,18.545174,21.54585,24.995916,28.417643,28.572678,28.392237,24.898308,27.932545,26.763409,27.329277,24.720076,21.938038,19.843605,24.804956,20.193092,16.216091,19.469095,24.72344,27.65541,29.370089,23.050486,25.21786,30.935122,29.457872,27.886211,32.49956,32.462223,30.150625,25.56096,28.818527,22.950134,26.04399,24.578323,21.857609,24.358656,18.660368,20.36165,16.930374,15.481935,16.623262,17.746346,18.621553,21.205257,21.924927,25.799662,27.079576,30.68616,32.658737,32.513916,30.440737,28.724533,30.03632,25.770601,28.931265,25.769499,27.130953,27.248442,27.224176,29.654898,29.40613,32.674675,29.081133,33.255722,31.424248,35.682125
34,35.336147,32.19535,31.251852,26.567417,24.608503,26.214108,19.971325,21.042242,16.017714,18.126541,16.517256,12.512937,12.866587,9.598745,9.112287,13.123911,14.105962,17.681248,18.066792,24.212702,25.848639,28.423397,30.28691,29.635912,30.057835,28.034887,24.665354,21.205091,18.693111,16.29648,11.747872,10.289445,5.6423693,4.567028,0.0,5.052171,5.778742,4.3372483,4.6070848,6.4343762,6.299484,10.915663,10.344169,14.59482,17.632475,19.753534,22.684639,26.584745,30.015467,30.59945,30.159277,26.521696,28.886862,27.867065,27.678207,25.18802,22.71167,20.060032,24.757198,19.948006,16.52434,20.643438,25.667835,28.950932,30.397902,24.318949,27.103935,32.63425,31.884161,30.394949,35.176247,35.043766,33.10287,28.38616,31.731989,25.993158,28.755003,27.693155,24.685505,27.117609,21.666296,23.219044,20.42785,19.166403,20.685316,21.547306,22.83742,24.843117,25.57867,29.334715,30.347343,34.065662,35.679913,35.88002,34.050243,32.55294,34.051495,29.958408,33.123676,30.21313,31.316017,31.489546,31.351036,33.584297,33.416718,36.27821,32.781986,36.74979,34.64793,38.910866
35,38.0411,34.954056,33.44205,28.919367,27.045534,27.567644,21.976276,21.72687,16.643606,18.547915,15.821736,10.900263,10.867918,9.785534,11.352567,15.528476,17.027262,20.538286,21.287064,27.44871,29.418568,31.616837,33.759125,33.519577,33.85831,32.121315,28.543627,25.226097,22.591677,20.372068,15.611167,14.249675,9.527392,6.3576393,5.052171,0.0,4.9060955,6.8512325,7.437542,9.944244,11.330697,15.698906,14.971097,19.081022,22.307787,24.121546,27.2646,30.896643,34.393337,34.644073,34.237404,30.530352,33.08576,31.654469,31.887798,29.62216,26.659395,23.956512,28.391726,23.184345,19.727148,23.991758,28.635983,31.963531,32.959473,26.562801,29.792463,35.040966,33.931263,32.785873,37.57366,37.89667,35.71018,31.13248,33.891674,27.956224,30.258404,28.555105,25.325346,26.909492,21.61173,21.9561,19.19601,19.16863,21.231249,22.968096,24.075405,27.170727,28.161203,32.05077,33.422012,37.00524,39.00728,38.7609,36.628872,34.716373,36.003784,31.57019,34.67841,30.813099,32.580704,32.088924,31.673092,34.454266,34.599556,37.97701,34.870094,39.145428,37.51308,41.845802
36,36.144085,33.453087,32.181458,27.423735,26.097956,26.814531,21.192947,22.399538,17.29042,20.304522,18.502728,13.352075,14.9099655,13.739354,13.792735,17.601849,18.016045,21.85912,21.093151,27.622623,28.813866,31.252243,32.86699,32.888,33.73884,31.777885,28.854214,25.229815,23.426453,20.325874,17.200338,14.503956,11.340174,8.060848,5.778742,4.9060955,0.0,3.9802332,5.5298934,8.963027,10.901724,15.221732,15.706387,19.840221,21.980536,24.791994,26.89663,31.26685,34.313095,35.26036,35.156464,31.750757,34.309685,33.494957,33.235348,30.549322,28.350527,25.777653,30.491552,25.666754,22.292936,26.35177,31.4177,34.66811,36.095448,29.90975,32.666355,38.22646,37.192192,35.703526,40.401012,40.273407,38.09294,33.44856,36.79695,30.944544,33.796246,32.293304,29.298101,31.26956,25.77972,26.489843,23.330921,22.88823,24.340866,25.756546,26.336401,29.057224,29.23975,33.1392,33.961395,37.586094,39.162743,38.78995,36.901714,34.95676,36.80736,32.602627,36.23405,32.973614,34.798733,34.852463,34.815033,37.51747,37.279606,40.71689,36.987453,41.133503,39.11625,43.25329
