,0,1,2,3,4,5,6,7,8,9,10,11,12,13,14,15,16,17,18,19,20,21,22,23,24,25,26,27,28,29,30,31,32,33,34,35,36,37,38,39,40,41,42,43,44,45,46,47,48,49,50,51,52,53,54,55,56,57,58,59,60,61,62,63,64,65,66,67,68,69,70,71,72,73,74,75,76,77,78,79,80,81,82,83,84,85,86,87,88,89,90,91,92,93,94,95,96,97,98,99,100,101,102,103,104,105,106,107,108,109
0,0.0,4.2854815,6.5211844,10.037015,13.635442,15.494882,18.967152,22.778973,25.903376,28.10706,32.162155,33.470627,36.19844,37.24263,39.857246,34.819218,37.253716,34.835793,40.741055,37.294632,41.550156,42.072014,47.48974,43.372894,39.782917,40.605423,37.93793,40.948215,38.262585,42.31323,37.822372,44.44062,41.42397,42.965733,39.744656,35.343803,34.65372,39.311413,36.914528,33.121796,34.946228,39.006416,35.129917,32.192497,36.652763,38.599743,33.72228,33.044273,37.640408,38.197388,41.410267,39.220448,44.523376,45.49178,45.47281,45.556885,42.08078,45.327515,49.203102,46.373844,44.496544,49.84336,53.237434,54.173252,49.672554,48.248894,53.025078,51.37824,47.63193,51.64079,49.872005,49.505585,45.248604,46.609177,42.94018,44.089428,40.26919,37.60268,36.33502,33.38993,30.200825,28.604866,25.14218,26.550936,28.305153,28.754995,29.926908,32.586315,31.894209,35.213745,35.162975,38.87228,38.599293,38.551544,35.41854,35.49289,30.102161,29.851286,26.277168,26.226023,23.883127,21.94613,21.443056,18.671322,20.519152,19.50676,24.424114,23.170446,27.65246,27.500967
1,4.2854815,0.0,5.1860423,6.8504415,10.458338,13.4906645,15.956784,20.471727,23.126232,25.594164,29.553318,30.81567,33.255325,34.026512,36.335533,31.217676,33.420803,30.980778,36.77639,33.301563,37.504776,38.128716,43.519222,39.23482,35.667286,36.490635,33.99396,37.052895,34.54194,38.585907,34.47267,41.148205,38.39415,40.209015,36.94271,32.401325,32.125973,36.798447,34.07551,30.301851,32.64931,36.376183,32.275684,29.783478,34.48585,35.97976,31.029566,31.045998,35.65086,36.384182,39.12734,36.866444,42.348274,43.23428,42.860134,42.604458,39.105225,42.134193,46.25393,43.73375,41.50144,46.73801,50.183155,51.28708,46.748188,45.071995,49.670975,47.85312,44.188843,48.161842,46.14132,45.727905,41.684097,42.97738,39.489674,40.570774,36.76607,34.33355,33.124165,30.432941,27.342834,26.204548,22.438837,23.364403,24.931368,25.177618,26.117775,28.505505,27.695593,30.96131,30.889437,34.617077,34.38999,34.28693,31.153986,31.276316,25.83654,25.686281,22.046125,22.235147,19.925032,18.403421,18.342016,15.475918,16.904434,16.477713,20.808378,19.676485,24.208578,24.070673
2,6.5211844,5.1860423,0.0,4.4987907,7.9250507,9.86795,12.983605,16.8361,20.211155,21.97431,26.156507,27.195883,29.984743,31.083965,34.147083,29.415327,32.118496,30.218756,36.275017,33.55829,38.049747,39.020332,44.56883,40.004875,36.372257,36.7438,33.819504,36.40507,33.419308,37.213932,32.58258,38.82904,35.453037,37.205105,34.39227,29.95352,29.35278,34.30994,32.187847,28.392416,30.418646,34.898758,31.122156,28.408861,32.970497,35.362103,30.681301,30.260523,35.08167,35.219006,38.04928,36.813583,41.862988,42.292625,42.348648,42.24974,38.382477,41.50696,45.568172,42.46251,40.110622,45.5891,48.74994,49.48682,44.736298,43.28661,48.091488,46.36736,42.973583,47.29583,45.45866,45.523766,41.41192,43.33844,39.79348,41.49739,37.869316,35.14889,34.735165,31.543442,28.903385,27.960154,23.827278,24.426628,25.207123,26.449593,26.311031,29.346228,28.155638,31.464287,31.229788,34.698765,34.61947,35.35373,32.357548,32.901016,27.170412,27.40362,23.09926,24.291191,20.771439,19.915815,19.967932,16.18333,17.361376,15.09906,19.898766,17.755913,22.053959,21.496807
3,10.037015,6.8504415,4.4987907,0.0,3.9414146,7.9617324,9.355339,14.191691,16.928514,19.028622,23.073282,24.089516,26.541485,27.353424,30.084358,25.26021,27.782799,25.905117,31.89633,29.26607,33.751358,34.87241,40.40719,35.670956,32.052147,32.34347,29.501783,32.071774,29.201687,32.978928,28.688353,34.99253,31.895403,33.932858,31.071592,26.481401,26.35388,31.320086,28.866018,25.105865,27.716986,31.839785,27.861435,25.669724,30.455412,32.40184,27.716972,28.044744,32.83799,33.116653,35.39967,34.20519,39.3616,39.65568,39.36301,38.91358,34.996357,37.884144,42.18755,39.375446,36.631992,42.000626,45.190247,46.08322,41.288532,39.5832,44.216103,42.327587,39.030834,43.342834,41.276257,41.346645,37.442875,39.3835,36.027706,37.754494,34.196774,31.689182,31.494125,28.51578,26.118103,25.72912,21.301588,21.262587,21.63409,22.862318,22.21878,25.114498,23.756308,27.045757,26.831322,30.288181,30.391052,31.150253,28.183023,28.799591,23.046669,23.38387,18.87268,20.564808,16.749964,16.598993,17.19305,13.197145,13.700605,11.760269,15.820351,13.637092,18.009096,17.49282
4,13.635442,10.458338,7.9250507,3.9414146,0.0,5.4724574,5.5108776,10.632804,13.034662,15.339137,19.266644,20.42678,22.79808,23.659735,26.308432,21.497372,24.225567,22.471893,28.584358,26.32795,30.963232,32.227802,37.82956,33.09286,29.445122,29.480118,26.317314,28.660118,25.575863,29.302235,24.814405,31.088224,28.016045,30.023,27.157558,22.554432,22.520485,27.5163,25.08579,21.35017,24.119715,28.276321,24.359749,22.356346,27.160137,29.213387,24.703547,25.238527,30.040396,30.159689,32.152122,31.423346,36.396816,36.437874,36.155384,35.63787,31.570124,34.411762,38.742615,35.833878,32.92358,38.327736,41.42952,42.262432,37.417007,35.71885,40.384975,38.537033,35.299244,39.714355,37.745064,38.011967,34.075497,36.324154,32.97776,35.049747,31.651669,29.042019,29.409483,26.242594,24.2774,24.273615,19.636986,19.112057,18.83122,20.68746,19.288137,22.675558,21.277338,24.686897,24.686508,28.024574,28.616627,29.542633,26.660357,27.273073,21.680386,21.873028,17.05335,19.264027,14.539876,14.9805765,15.797775,11.406371,11.393691,8.484045,12.379906,9.842578,14.174062,13.945682
5,15.494882,13.4906645,9.86795,7.9617324,5.4724574,0.0,5.799346,7.3627367,10.909163,12.871726,16.826218,18.484577,21.442266,23.072578,26.136385,21.645992,25.088146,23.507189,29.827055,28.088982,32.929115,34.10622,39.8045,35.508404,31.826202,31.576006,27.688402,29.607565,25.934769,29.549395,23.96925,30.008968,26.475832,27.693596,24.858236,20.633614,19.626663,24.640041,23.006708,19.265764,20.957249,25.999163,22.687727,19.860014,24.220047,27.479101,23.355827,22.67222,27.591066,27.072489,29.627205,29.7779,34.15817,33.95801,34.42216,34.50883,30.274748,33.521057,37.357677,33.647358,31.27518,36.95001,39.811665,40.2066,35.390556,34.275597,39.345135,37.96345,34.627434,39.205227,37.956192,38.57069,34.153656,36.93773,33.236553,35.911777,32.706738,29.474136,30.48008,26.523748,24.916904,24.56152,20.094233,19.983171,19.377802,22.399017,20.794142,25.289408,24.261398,27.86724,28.255533,31.389915,32.52333,33.589996,30.796679,31.200674,25.983109,25.66623,20.848917,22.806541,17.307674,17.18479,17.268011,12.663232,13.3242035,8.026013,13.357915,10.708844,14.319337,14.736281
6,18.967152,15.956784,12.983605,9.355339,5.5108776,5.799346,0.0,5.9970484,7.894081,9.981549,13.833824,14.974505,17.323326,18.346792,21.284288,16.812294,20.017824,18.880901,25.070536,23.803844,28.587915,30.208778,35.80258,30.965141,27.378872,26.862091,23.252758,24.963705,21.44991,24.860382,20.01366,25.910515,22.567287,24.64575,22.098934,17.518522,17.624636,22.80731,20.709124,17.108,20.062319,24.487488,20.880013,19.28251,23.922443,26.379877,22.39315,23.168756,27.8917,27.565735,29.03183,29.387247,33.853374,33.337994,33.175503,32.54843,28.177998,30.867208,35.22104,32.037235,28.74775,34.219418,37.042206,37.65406,32.636578,30.985016,35.70411,33.894558,30.964993,35.64702,33.80906,34.555767,30.70721,33.585434,30.374113,33.07263,30.048103,27.366869,28.73224,25.368073,24.216791,24.81397,20.092623,18.790323,17.261385,20.149775,17.24376,21.22538,19.576122,22.908688,23.024055,25.931957,27.118921,28.628325,26.03883,26.867262,21.602161,21.898884,16.83003,19.972923,14.265968,15.829849,16.952188,12.50766,11.580456,7.1312227,9.663403,5.719045,9.338806,9.164528
7,22.778973,20.471727,16.8361,14.191691,10.632804,7.3627367,5.9970484,0.0,4.767373,5.584957,9.515976,11.298647,14.3946705,16.45092,19.982912,16.318354,20.340443,19.746346,25.86817,25.545319,30.403389,32.03556,37.587593,33.20515,29.71313,28.755547,24.44126,25.39892,21.23468,24.227543,18.179535,23.409746,19.383108,20.594036,18.3577,14.32,13.301192,18.659918,17.755907,14.356263,16.121885,21.63222,18.951822,16.816502,20.74318,24.59121,21.38305,21.102493,25.75223,24.564978,26.247883,28.02378,31.58912,30.547596,31.175852,31.082815,26.476664,29.42977,33.24636,29.15726,26.236835,31.94842,34.34707,34.384785,29.320919,28.321,33.431557,32.13045,29.32082,34.234196,33.187634,34.480522,30.297102,33.901455,30.49144,33.94251,31.305199,28.113287,30.376143,26.358114,25.844389,26.33947,21.908653,20.7559,18.606941,22.679535,19.281897,24.20249,22.880762,26.194141,26.660492,29.141077,30.91634,32.692303,30.328312,31.028763,26.294483,26.205719,21.304358,24.28761,18.074806,19.319094,19.897837,15.581633,15.054742,9.170382,11.852819,8.348252,9.651763,10.260527
8,25.903376,23.126232,20.211155,16.928514,13.034662,10.909163,7.894081,4.767373,0.0,4.7949142,6.9344373,9.552525,11.673401,13.410205,15.846744,11.897772,16.013449,15.386103,21.415503,21.427551,26.24114,27.927677,33.38843,29.19581,25.795944,24.647108,20.103607,20.845007,16.58067,19.621384,13.482397,19.137825,15.801989,17.09802,14.332486,9.941478,9.761768,15.023069,13.492414,10.16001,12.94693,17.74148,14.921533,13.707652,17.730755,20.925976,18.008652,18.70882,23.04595,22.053953,22.876429,24.82823,28.332317,27.10905,27.329237,26.878483,22.216356,24.926079,28.933165,25.16824,21.818369,27.442074,29.912138,30.168211,25.090927,23.816505,28.843315,27.480095,24.592722,29.5005,28.429121,29.773535,25.647886,29.410177,26.149572,29.79848,27.410887,24.360876,27.130095,23.306334,23.373758,24.477571,20.186232,18.349932,15.432513,19.83558,15.7,20.82412,19.707228,22.96437,23.8527,26.1531,28.543549,30.045122,27.847109,28.323647,24.236809,23.807148,19.205378,22.28328,15.960261,17.800236,18.672665,14.945796,13.724692,8.786199,9.021933,6.4572687,5.979775,8.363096
9,28.10706,25.594164,21.97431,19.028622,15.339137,12.871726,9.981549,5.584957,4.7949142,0.0,4.400778,5.7386656,8.975043,11.433443,15.670509,13.272256,17.548758,18.136772,23.683199,24.682213,29.325378,31.376873,36.636692,32.116413,28.914158,27.381626,23.03979,23.061451,18.704372,20.850204,14.860477,18.846224,14.194521,15.785717,14.588215,10.931652,10.410149,15.813431,15.661635,13.024367,14.988179,20.334099,18.324286,17.25722,20.5445,24.432642,22.113108,22.432062,26.587193,25.024261,25.741293,28.67008,31.547213,29.839205,30.432955,30.028091,25.261696,27.707294,31.536081,27.381203,23.826439,29.346708,31.26239,31.019806,25.739363,24.714884,29.663977,28.310312,26.211683,31.359846,30.312546,32.196213,28.50231,32.667393,29.724188,33.6215,31.499712,28.605902,31.653751,27.905354,28.128485,29.24374,24.970175,23.117496,20.055376,24.402733,19.812048,24.491209,22.837461,25.643541,25.993448,27.793436,29.903996,32.325516,30.399065,31.435202,27.143991,27.426952,22.693546,26.380371,20.188969,22.380112,23.355803,19.457506,18.212986,13.126026,13.360126,9.881995,8.431357,8.604653
10,32.162155,29.553318,26.156507,23.073282,19.266644,16.826218,13.833824,9.515976,6.9344373,4.400778,0.0,3.9191797,6.1615963,9.123154,12.824314,11.501119,15.866507,17.003458,21.926046,23.776485,28.17709,30.29121,35.28157,31.117826,28.164904,26.295225,21.756405,21.07915,16.578413,18.116415,11.839869,14.92692,10.154926,11.385184,10.588549,7.602248,7.303862,12.314535,12.840342,11.0751915,12.83595,17.790892,16.527351,16.204687,18.75228,22.641546,21.171724,21.753414,25.369595,23.549314,23.542274,27.340158,29.562004,27.397003,28.047094,27.571802,22.795965,24.95605,28.567596,24.302134,20.536064,25.896963,27.472456,27.015438,21.687902,20.816204,25.769503,24.621635,22.813868,28.024961,27.332996,29.603455,26.049345,30.626074,27.904716,32.183723,30.519592,27.696957,31.375105,27.705864,28.553797,30.010118,26.06665,23.905895,20.325897,24.964851,19.916075,24.649454,23.223558,25.76968,26.430405,27.806791,30.457777,32.8401,31.18937,32.0864,28.474422,28.513857,24.168652,27.814795,21.705297,24.101288,25.089567,21.682774,20.226091,15.682063,14.729192,12.267786,9.339425,10.392712
11,33.470627,30.81567,27.195883,24.089516,20.42678,18.484577,14.974505,11.298647,9.552525,5.7386656,3.9191797,0.0,3.944288,7.0784545,12.512131,12.357309,16.366114,18.378025,22.869095,25.26674,29.476254,31.946636,36.7553,32.09671,29.30975,27.228151,23.166561,22.146694,17.91825,18.796455,13.61289,15.325953,9.754363,12.216695,12.957011,10.449401,10.859077,15.382336,16.092285,14.629304,16.606941,21.230183,19.989714,20.028996,22.5495,26.18518,24.744926,25.628761,29.204256,27.398886,27.155863,31.001657,33.1917,30.89363,31.381248,30.6118,25.874979,27.620525,31.38826,27.374826,23.199818,28.232327,29.518396,28.965452,23.565529,22.479612,26.990171,25.523031,24.474737,29.739204,28.604113,31.113678,28.17757,32.772552,30.460653,34.637394,33.059635,30.605497,34.225735,30.883131,31.67628,33.284626,29.188633,26.827597,23.19619,27.478823,22.06282,26.133438,24.137754,26.246986,26.346285,27.327208,29.610487,32.738235,31.32335,32.74915,28.936668,29.68133,25.251123,29.489262,23.603544,26.502472,27.80008,24.253384,22.534838,18.198273,16.900198,13.75998,10.639218,9.998161
12,36.19844,33.255325,29.984743,26.541485,22.79808,21.442266,17.323326,14.3946705,11.673401,8.975043,6.1615963,3.944288,0.0,3.5184863,8.985417,10.208451,13.7507515,16.531864,20.219147,23.383049,27.237272,29.920607,34.40047,29.731058,27.234957,24.866974,21.060656,19.469069,15.494002,15.639589,11.419363,12.006541,6.5573616,10.313714,11.691384,9.672564,11.384366,15.013047,15.439421,14.672,17.236012,20.74561,19.648403,20.665623,22.976149,25.809727,24.774313,26.452543,29.617321,28.020403,26.966002,30.894226,32.922432,30.447744,30.494995,29.265375,24.660908,25.824398,29.741974,26.261948,21.525438,26.108957,27.221336,26.819443,21.414976,19.91298,23.983076,22.247406,21.730423,26.966808,25.559696,28.300507,25.918995,30.605639,28.772266,32.968605,31.73043,29.699472,33.58354,30.687956,31.850168,33.889183,29.958654,27.171871,23.204372,27.265583,21.40087,24.948738,22.877813,24.533604,24.666744,25.177664,27.771383,30.994967,29.900343,31.390884,28.129202,28.962934,24.920782,29.342812,23.809717,27.174059,28.73395,25.60609,23.496092,20.001068,17.453133,14.935105,10.963241,10.532953
13,37.24263,34.026512,31.083965,27.353424,23.659735,23.072578,18.346792,16.45092,13.410205,11.433443,9.123154,7.0784545,3.5184863,0.0,6.6293573,8.767993,11.489221,14.955481,18.002096,21.591122,25.139624,28.082554,32.3204,27.341438,25.05815,22.532476,19.24064,17.40372,13.916191,13.582561,10.985829,11.141535,6.916139,11.746035,13.068356,10.974182,13.658348,16.841885,16.513361,15.940513,19.245323,21.843811,20.438152,22.13214,24.63745,26.571732,25.496052,27.950233,30.960667,29.745161,28.20312,31.696274,33.947395,31.555666,31.04426,29.303942,24.867172,25.52256,29.77923,27.019117,21.787228,25.93848,27.11205,27.07908,21.759075,19.644094,23.123798,20.87859,20.774004,25.889168,23.834578,26.55927,24.80405,29.297255,27.929071,31.878939,30.765846,29.240103,33.046223,30.678837,31.91895,34.29089,30.384079,27.248987,23.176899,26.750137,20.590803,23.359465,20.993511,22.173069,22.091269,22.226551,24.853361,28.300657,27.466087,29.179626,26.197042,27.362946,23.602993,28.320038,23.25127,27.104294,28.993793,26.142473,23.663061,21.004911,17.51491,15.273965,11.031403,10.224879
14,39.857246,36.335533,34.147083,30.084358,26.308432,26.136385,21.284288,19.982912,15.846744,15.670509,12.824314,12.512131,8.985417,6.6293573,0.0,5.790179,6.658834,10.737131,12.199896,16.739658,19.707354,22.651588,26.464478,22.020172,20.123476,17.312897,14.084239,11.409439,8.413705,7.026655,6.8959413,6.7898335,7.209226,11.460831,11.549638,10.146964,14.106044,15.638531,14.121814,14.551906,18.53463,18.969261,17.62272,20.698166,22.873508,23.181936,22.696207,26.30586,28.556726,27.911177,25.27229,28.370144,30.51248,28.17002,26.825378,24.411116,20.391174,20.207094,24.710257,23.088493,17.292253,20.683819,22.05921,22.723324,17.719812,14.701365,17.55913,14.859647,14.761279,19.686287,17.252424,20.032764,18.777864,23.266232,22.46877,26.387934,25.801374,24.836416,28.990757,27.287434,29.136534,32.053143,28.693977,25.128044,20.776464,23.963217,17.673664,19.867426,18.130344,18.897026,19.667757,19.479156,23.142952,25.566376,25.016863,26.118593,24.485107,24.935122,22.155115,26.343365,21.967533,25.950354,27.93895,26.047304,23.29531,22.042593,17.184975,16.746195,12.239896,13.273531
15,34.819218,31.217676,29.415327,25.26021,21.497372,21.645992,16.812294,16.318354,11.897772,13.272256,11.501119,12.357309,10.208451,8.767993,5.790179,0.0,4.43051,6.3423142,10.611417,13.177628,17.157454,19.759611,24.428814,19.853254,17.183414,14.985156,10.899669,9.998138,6.0184693,8.170641,5.5656176,10.800684,10.771499,13.984947,11.801543,8.399491,12.416001,14.948997,11.934415,11.135314,16.067064,16.741383,14.104923,16.854982,20.019949,20.008453,18.466476,22.332798,25.08447,24.925402,22.89554,24.827618,27.959322,26.26266,24.725058,22.437569,18.192541,18.819496,23.776262,22.13838,16.721498,20.938686,23.288382,24.42051,19.451172,16.481728,20.08782,17.599215,15.682784,20.53048,18.055424,19.802095,17.363466,21.363688,19.728815,23.39044,22.062954,20.70981,24.407259,22.45996,23.900692,26.708075,23.14023,19.580141,15.322269,18.555012,12.27672,15.25156,13.7557,15.535645,16.812372,17.795147,21.472605,23.002022,21.794813,22.429876,20.314262,20.202452,17.087084,21.008806,16.290907,20.175056,22.177242,20.323523,17.52897,16.701094,11.477494,11.686682,7.4743137,9.908099
16,37.253716,33.420803,32.118496,27.782799,24.225567,25.088146,20.017824,20.340443,16.013449,17.548758,15.866507,16.366114,13.7507515,11.489221,6.658834,4.43051,0.0,4.7545424,6.7436614,10.368229,13.650504,16.669916,20.903852,15.995611,13.713884,11.145693,7.9512243,6.468083,4.322928,5.7815337,7.8067718,11.6675005,13.373965,16.792048,14.847518,12.208224,16.395964,18.09893,14.660667,14.41808,19.474388,18.82655,16.140371,19.656551,22.670334,21.339432,20.002266,24.746473,27.022894,27.368116,24.694267,25.957256,29.192698,27.662577,25.357367,22.364023,18.69657,18.398363,23.64789,23.23131,17.495857,20.719019,23.143139,24.831285,20.31555,16.69471,19.19902,16.103647,14.60482,18.891327,15.384439,16.870104,15.533178,19.02537,18.27801,21.42399,20.4368,20.050827,23.595724,22.643114,24.295328,27.558353,24.320915,20.400764,16.246939,18.411024,12.118884,13.33851,11.750019,12.579892,14.054502,14.483691,18.66467,19.86753,19.089405,19.705559,18.582651,18.591352,16.409475,20.330208,16.767653,21.061146,23.382977,22.214027,19.122734,19.607822,13.656962,14.597012,10.945403,12.834025
17,34.835793,30.980778,30.218756,25.905117,22.471893,23.507189,18.880901,19.746346,15.386103,18.136772,17.003458,18.378025,16.531864,14.955481,10.737131,6.3423142,4.7545424,0.0,6.338569,6.9015827,11.240392,13.624163,18.612131,14.193929,11.20949,9.485901,4.945857,6.199977,4.278989,8.389517,8.754881,14.666614,16.501043,19.023018,15.745315,12.616247,16.411846,18.070713,13.633611,12.891262,18.21375,17.022934,13.508297,17.016264,20.462984,18.310486,16.338444,21.557623,23.853947,24.775568,22.341019,22.430012,26.358517,25.42076,22.790915,19.823673,16.29379,16.479872,21.921684,21.811121,16.636082,20.116673,23.24624,25.33441,21.128307,17.667225,20.530142,17.848848,14.95047,18.803436,15.62534,16.062479,13.602565,16.475069,15.000658,17.873592,16.336214,15.724248,18.993303,18.047956,19.60316,22.951445,19.863165,15.852291,11.785659,13.721228,7.5233636,9.470883,9.015526,10.983633,13.537965,15.073277,19.333755,19.103577,17.752768,17.410511,16.50061,15.312669,13.401188,16.423662,12.940675,16.908741,19.152676,18.549664,15.508729,16.976141,10.763928,13.168203,10.576151,13.632033
18,40.741055,36.77639,36.275017,31.89633,28.584358,29.827055,25.070536,25.86817,21.415503,23.683199,21.926046,22.869095,20.219147,18.002096,12.199896,10.611417,6.7436614,6.338569,0.0,6.150169,7.6113043,10.719392,14.343498,10.139006,8.595543,5.6890697,3.8265338,1.6078955,5.7433505,6.630622,11.651102,14.924247,18.61795,21.165554,18.603657,16.799253,20.871506,21.282112,17.142319,17.59537,22.4949,19.794054,17.19011,21.570015,24.127604,20.759249,19.92923,25.702085,27.031837,28.203894,24.69462,24.749691,28.025469,26.947163,23.539486,19.703419,17.228182,15.74205,21.10768,22.593023,17.112871,18.794577,21.617317,24.259266,20.831758,16.760513,17.857243,14.592849,12.6582,15.397918,10.879796,11.139086,11.002118,13.339223,13.807804,16.133665,15.850805,16.811634,20.243498,20.679876,22.864103,26.65284,24.334812,20.223625,16.480324,17.277409,12.120806,11.360018,11.316171,11.164133,13.925574,14.04604,18.943928,18.23785,17.878649,17.370682,18.470715,17.413597,17.132751,19.720581,17.893097,21.80585,24.092001,24.218191,21.170422,23.236675,16.988123,19.379036,16.533571,18.95341
19,37.294632,33.301563,33.55829,29.26607,26.32795,28.088982,23.803844,25.545319,21.427551,24.682213,23.776485,25.26674,23.383049,21.591122,16.739658,13.177628,10.368229,6.9015827,6.150169,0.0,4.902366,6.933942,12.181448,8.160739,4.931389,4.6437993,2.8477633,6.959349,9.116579,12.106741,14.669291,19.837414,22.834028,25.024519,21.437452,18.846945,22.418707,23.262497,18.354761,17.972574,22.994362,20.220041,16.633692,20.498592,23.690174,19.516241,17.598854,23.741432,25.231846,27.16613,24.278515,22.502377,26.874794,26.709112,22.96703,19.287031,17.180105,16.478104,21.879416,23.640705,19.07339,21.148203,24.695318,27.620884,24.426102,20.717602,22.36459,19.635786,16.450438,18.583044,14.737851,13.348164,11.827059,12.347465,11.859787,12.917557,11.442633,12.709624,15.009941,16.072811,17.784,21.687046,19.598915,15.46891,12.503273,11.855761,7.9843016,5.9407167,7.8064337,8.758293,12.635316,14.254126,18.782751,16.320768,15.165528,13.387304,14.897563,12.418026,13.0238285,14.304336,13.537712,17.003717,19.31681,20.272438,17.338442,20.818722,14.751479,18.220661,16.742012,19.63991
20,41.550156,37.504776,38.049747,33.751358,30.963232,32.929115,28.587915,30.403389,26.24114,29.325378,28.17709,29.476254,27.237272,25.139624,19.707354,17.157454,13.650504,11.240392,7.6113043,4.902366,0.0,3.7393458,7.6519265,3.8835304,2.9052067,3.446015,6.433832,8.668708,12.405712,14.062347,18.245712,22.234575,26.039824,28.221872,24.945745,22.921957,26.61888,26.872831,22.103092,22.242687,27.04327,23.466553,20.383047,24.586994,27.288233,22.340841,21.076132,27.42771,28.278536,30.471834,27.035519,24.93399,28.930338,28.865149,24.577946,20.413454,19.303453,17.601,22.653305,25.617765,21.187391,21.992956,25.35497,28.675253,26.163353,22.257929,22.71728,19.85831,17.26335,18.137558,13.689514,11.351559,11.847378,10.748318,12.120318,11.807568,11.460048,14.335052,16.18127,18.557375,20.525835,24.583426,23.17762,19.205994,16.743113,15.243897,12.617322,9.106131,10.980372,10.234559,13.9670105,14.675551,19.275532,15.966349,15.602055,13.422938,16.787914,14.425029,16.385698,17.093193,17.709421,20.924139,23.180038,24.64742,21.796701,25.636232,19.613089,23.023693,21.430485,24.041609
21,42.072014,38.128716,39.020332,34.87241,32.227802,34.10622,30.208778,32.03556,27.927677,31.376873,30.29121,31.946636,29.920607,28.082554,22.651588,19.759611,16.669916,13.624163,10.719392,6.933942,3.7393458,0.0,5.7218595,5.797466,5.38518,7.1357675,8.876713,11.462811,14.80043,16.801973,20.28903,24.643873,28.595512,30.294664,26.566439,24.667322,28.06173,27.986362,23.046213,23.22561,27.710754,23.599863,20.555782,24.647158,27.137024,21.497414,20.308275,26.729305,27.156513,29.774073,26.350246,23.35546,27.481207,27.883661,23.296743,19.16006,18.763805,17.106304,21.772005,25.28026,21.56498,22.042257,25.656796,29.198812,27.156645,23.503456,23.950933,21.548027,18.37568,18.550625,14.845914,11.678882,11.596077,8.986265,10.346434,8.722061,8.46922,12.158785,13.455778,16.603151,18.706388,22.787832,22.064285,18.37893,16.531082,14.432658,13.334372,10.122733,13.064653,12.8695545,16.786915,17.885754,22.242231,18.17433,17.574457,14.56667,18.391281,15.080318,17.630789,17.078604,18.306309,20.710316,22.62158,24.733925,22.221113,26.477348,20.859737,24.761177,23.5615,26.557262
22,47.48974,43.519222,44.56883,40.40719,37.82956,39.8045,35.80258,37.587593,33.38843,36.636692,35.28157,36.7553,34.40047,32.3204,26.464478,24.428814,20.903852,18.612131,14.343498,12.181448,7.6519265,5.7218595,0.0,7.023269,9.303793,10.630105,13.67805,15.100276,19.115997,20.06894,24.654045,27.883535,32.473312,34.13053,30.772179,29.400827,32.9059,32.30643,27.615917,28.255077,32.51844,27.819532,25.34226,29.676115,31.657257,25.585802,25.10145,31.49437,31.31962,34.038643,30.126637,27.117561,30.596157,31.008024,26.08087,21.688744,22.257797,19.733515,23.66908,28.228622,24.757963,23.94508,27.146908,30.95624,29.690151,25.996534,25.227713,22.878805,20.51339,19.340929,15.525238,11.717203,13.891483,9.950125,13.255527,10.470022,11.880247,16.301107,17.207321,21.102758,23.366701,27.38117,27.214844,23.74239,22.122665,19.806248,19.050404,15.392316,17.908155,16.736612,20.195778,20.438747,24.614033,20.18822,20.374786,17.400076,22.326874,19.436098,22.6195,21.920351,23.834566,26.143414,27.983675,30.3327,27.86415,32.19859,26.533903,30.312477,28.88563,31.668102
23,43.372894,39.23482,40.004875,35.670956,33.09286,35.508404,30.965141,33.20515,29.19581,32.116413,31.117826,32.09671,29.731058,27.341438,22.020172,19.853254,15.995611,14.193929,10.139006,8.160739,3.8835304,5.797466,7.023269,0.0,3.7366276,4.8756375,9.724216,11.451497,15.491918,16.579556,21.461052,24.915726,28.706873,31.260475,28.332903,26.258678,30.07856,30.488203,25.806635,25.88361,30.78638,27.321095,24.229647,28.370438,31.160612,26.185728,24.84498,31.198748,32.06901,34.33373,30.888435,28.61161,32.62549,32.620583,28.219633,23.960062,23.089777,21.150425,26.04124,29.306068,24.811121,25.256205,28.404856,31.781454,29.394623,25.365349,25.28147,22.183067,20.268408,20.761656,15.875109,13.424856,15.154852,13.430811,15.511254,14.358809,14.221744,17.63981,18.740835,21.706463,23.369127,27.39475,26.043224,22.12751,19.999771,17.871456,15.598031,10.897773,12.121048,10.130186,13.321509,13.432463,17.718384,13.844558,14.124905,12.043438,16.468695,14.756222,17.459034,18.25646,19.836834,23.236355,25.68767,27.235834,24.289564,28.446291,22.37697,25.517994,24.045338,26.143852
24,39.782917,35.667286,36.372257,32.052147,29.445122,31.826202,27.378872,29.71313,25.795944,28.914158,28.164904,29.30975,27.234957,25.05815,20.123476,17.183414,13.713884,11.20949,8.595543,4.931389,2.9052067,5.38518,9.303793,3.7366276,0.0,3.2621856,7.0473003,9.904386,13.232749,15.219701,19.09756,23.446583,26.71338,29.252306,26.024105,23.538137,27.232151,28.037424,23.202072,22.89707,27.919172,24.91607,21.445585,25.309715,28.44608,23.821527,21.982721,28.238873,29.499645,31.708088,28.665678,26.33973,30.729445,30.77978,26.64693,22.661528,21.2537,19.954372,25.125933,27.71581,23.212603,24.474127,27.868376,31.058857,28.242407,24.32967,25.076992,22.068842,19.571354,20.83366,16.287712,14.19484,14.456827,13.449795,14.347547,13.794803,12.764902,15.470953,16.629013,19.025167,20.457815,24.426723,22.71672,18.720459,16.508179,14.4979105,11.933234,7.247139,8.758284,7.6697702,11.463655,12.542096,16.909184,13.282172,12.746043,10.55712,13.987014,11.869264,14.0937195,15.036133,16.153717,19.652721,22.162556,23.546412,20.569738,24.731237,18.704113,21.961666,20.735071,23.013401
25,40.605423,36.490635,36.7438,32.34347,29.480118,31.576006,26.862091,28.755547,24.647108,27.381626,26.295225,27.228151,24.866974,22.532476,17.312897,14.985156,11.145693,9.485901,5.6890697,4.6437993,3.446015,7.1357675,10.630105,4.8756375,3.2621856,0.0,5.376055,7.1442685,10.86839,12.275317,16.852089,20.595846,24.017416,26.71915,23.880238,21.62112,25.527252,26.240307,21.67283,21.634418,26.690104,23.802925,20.629215,24.738293,27.70055,23.49432,22.025969,28.185755,29.485447,31.315376,28.037098,26.599764,30.574802,30.180273,26.240467,22.195858,20.449091,18.925516,24.20903,26.536396,21.59168,22.851837,25.978127,29.009163,26.010147,21.968838,22.603157,19.377954,17.334751,18.964079,14.108315,12.7236805,13.374464,13.42714,14.506995,14.948958,14.342188,16.575077,18.614527,20.378374,22.097946,26.053196,24.058393,19.938408,17.094439,16.06334,12.286089,8.685627,9.180063,7.8852477,11.271917,11.670422,16.455257,14.046593,13.823151,12.599706,15.213162,13.871151,15.145523,17.022337,17.094172,20.96823,23.50422,24.370186,21.261496,24.708763,18.441902,21.293966,19.437748,21.581373
26,37.93793,33.99396,33.819504,29.501783,26.317314,27.688402,23.252758,24.44126,20.103607,23.03979,21.756405,23.166561,21.060656,19.24064,14.084239,10.899669,7.9512243,4.945857,3.8265338,2.8477633,6.433832,8.876713,13.67805,9.724216,7.0473003,5.376055,0.0,4.325404,6.363792,9.288906,12.09977,17.000088,20.13843,22.348724,18.978212,16.603598,20.364038,21.073137,16.375965,16.28461,21.318842,18.63665,15.359867,19.475332,22.456259,18.741692,17.239952,23.210983,24.719107,26.262857,23.169043,22.306742,26.24094,25.645893,22.149492,18.493572,15.984242,15.180014,20.67685,22.064037,17.091972,19.325,22.673643,25.41678,21.999153,18.21855,19.994064,17.187113,14.169337,16.818151,12.989261,12.368896,10.755362,12.476245,11.965952,14.024618,12.973692,13.676571,16.775623,17.171484,19.153154,22.956669,20.667618,16.537785,12.997257,13.467318,8.613103,8.116429,9.04192,9.962906,13.402055,14.58942,19.292318,17.735853,16.761953,15.579751,16.521467,14.600872,14.418073,16.35744,14.617218,18.245895,20.475946,20.936714,17.974916,20.633917,14.456574,17.553288,15.424,18.365505
27,40.948215,37.052895,36.40507,32.071774,28.660118,29.607565,24.963705,25.39892,20.845007,23.061451,21.07915,22.146694,19.469069,17.40372,11.409439,9.998138,6.468083,6.199977,1.6078955,6.959349,8.668708,11.462811,15.100276,11.451497,9.904386,7.1442685,4.325404,0.0,4.6165705,5.440667,10.378826,13.615132,17.515951,19.822073,17.19471,15.622508,19.677979,19.85083,15.791925,16.471945,21.240128,18.423172,16.043066,20.530071,22.884172,19.635738,19.06806,24.73427,25.97342,27.009192,23.395437,23.802334,26.851412,25.621614,22.32802,18.558342,15.954448,14.468136,19.81256,21.125608,15.571542,17.336386,20.133518,22.712149,19.235542,15.182988,16.465263,13.311076,11.176657,14.191135,9.986993,10.632838,10.062693,12.991038,13.241262,16.037632,15.87683,16.507448,20.29527,20.419125,22.773727,26.506876,24.22117,20.17242,16.270369,17.514303,12.276332,12.276855,12.394224,12.575903,15.320293,15.491447,20.355745,19.797855,19.362453,18.812614,19.722559,18.520441,18.006512,20.516335,18.306076,22.052744,24.19108,24.232183,21.28279,23.018267,16.892473,19.277807,16.23918,18.871485
28,38.262585,34.54194,33.419308,29.201687,25.575863,25.934769,21.44991,21.23468,16.58067,18.704372,16.578413,17.91825,15.494002,13.916191,8.413705,6.0184693,4.322928,4.278989,5.7433505,9.116579,12.405712,14.80043,19.115997,15.491918,13.232749,10.86839,6.363792,4.6165705,0.0,4.605303,5.993848,10.89531,13.8590765,16.028534,13.072993,11.059604,15.143407,15.793297,11.826596,12.250646,17.123068,15.287735,12.828569,16.970566,19.51118,17.494987,16.715792,21.750132,23.501822,24.017672,20.89384,22.153793,25.149147,23.63773,21.125708,18.053724,14.471792,14.086674,19.36738,19.20659,13.546669,16.72692,19.491951,21.461819,17.236643,13.596806,16.36754,13.709178,11.064779,15.331284,12.487311,13.848073,11.576774,15.519493,14.433513,18.09569,17.394623,16.725378,20.861403,19.757326,21.947742,25.303967,22.56053,18.703161,14.402915,16.950436,11.093626,13.217862,13.01336,14.306751,16.715446,17.434696,21.944464,22.103989,21.188644,20.912643,20.506884,19.371702,17.676811,20.524595,16.95243,20.548,22.471603,21.82799,19.034695,19.680807,13.903576,15.89151,12.458757,15.499816
29,42.31323,38.585907,37.213932,32.978928,29.302235,29.549395,24.860382,24.227543,19.621384,20.850204,18.116415,18.796455,15.639589,13.582561,7.026655,8.170641,5.7815337,8.389517,6.630622,12.106741,14.062347,16.801973,20.06894,16.579556,15.219701,12.275317,9.288906,5.440667,4.605303,0.0,7.391545,8.362742,12.632138,15.112837,13.562787,12.817245,16.989843,16.941704,14.0363655,15.284767,19.562323,17.505478,16.102053,20.414288,22.231684,20.40328,20.480011,25.290365,26.630695,26.811995,23.155272,25.274445,27.438108,25.430809,22.97025,19.698097,16.500076,15.171527,20.019796,20.162031,14.136528,16.253864,18.189318,19.99241,15.8991785,11.897529,13.589174,10.337387,9.508837,13.780383,10.521233,13.034834,12.418056,16.665958,16.653645,20.337984,20.399488,20.242678,24.595882,23.828335,26.27419,29.70172,27.110157,23.26078,18.970808,21.367456,15.573524,16.831362,16.221052,16.543552,18.455292,18.151228,22.71485,23.534481,23.22068,23.375654,23.40148,22.843908,21.399042,24.583893,21.31274,25.09598,27.07201,26.341007,23.506134,23.824245,18.144958,19.494747,15.563112,17.816414
30,37.822372,34.47267,32.58258,28.688353,24.814405,23.96925,20.01366,18.179535,13.482397,14.860477,11.839869,13.61289,11.419363,10.985829,6.8959413,5.5656176,7.8067718,8.754881,11.651102,14.669291,18.245712,20.28903,24.654045,21.461052,19.09756,16.852089,12.09977,10.378826,5.993848,7.391545,0.0,7.549734,9.145729,10.451089,7.2229505,5.4959292,9.646926,10.3545265,7.5165515,8.378986,12.546963,12.196385,10.800771,14.208279,16.197063,16.33742,16.087,19.652174,21.682358,21.156096,18.48149,21.573355,23.735477,21.55389,20.335714,18.337984,13.969792,14.641593,19.094925,16.96024,11.485018,15.954919,18.135267,19.048527,14.042835,11.383025,15.719412,14.027918,11.513192,16.650724,15.558388,17.796186,14.6240835,19.448496,17.547955,22.01517,21.275738,19.426306,23.991724,21.606165,23.768068,26.513674,23.54721,20.25709,15.834413,19.806679,14.143143,17.96534,17.598635,19.463905,21.414211,22.24156,26.344313,27.281021,26.153095,26.1403,24.780888,23.771103,21.128048,24.078043,19.277626,22.282478,23.692165,22.226603,19.935387,18.679005,14.194274,15.175061,11.174931,14.416632
31,44.44062,41.148205,38.82904,34.99253,31.088224,30.008968,25.910515,23.409746,19.137825,18.846224,14.92692,15.325953,12.006541,11.141535,6.7898335,10.800684,11.6675005,14.666614,14.924247,19.837414,22.234575,24.643873,27.883535,24.915726,23.446583,20.595846,17.000088,13.615132,10.89531,8.362742,7.549734,0.0,6.222338,7.6163282,8.646215,10.336084,13.545211,12.683078,12.602096,14.679577,17.165257,16.561777,16.984894,20.389868,21.0217,21.560608,22.57921,25.664375,26.981989,25.84568,22.482927,26.952845,27.694263,24.694069,23.812696,21.745825,18.058304,17.47819,20.914244,18.922617,13.365046,16.076164,16.495056,16.531002,11.570384,9.0388775,12.109727,10.450674,11.060887,15.98325,15.302974,18.89891,17.512583,22.683819,21.9851,26.541304,26.715776,25.463861,30.367495,28.392988,30.914433,33.760674,31.010782,27.706821,23.27776,26.993643,21.212328,24.029337,23.223764,24.081944,25.48554,25.16157,29.219267,31.064508,30.621038,31.134064,30.217955,29.880266,27.490503,30.906536,26.438234,29.741327,31.234556,29.672014,27.323357,25.695112,21.380259,21.541645,17.096037,18.970703
32,41.42397,38.39415,35.453037,31.895403,28.016045,26.475832,22.567287,19.383108,15.801989,14.194521,10.154926,9.754363,6.5573616,6.916139,7.209226,10.771499,13.373965,16.501043,18.61795,22.834028,26.039824,28.595512,32.473312,28.706873,26.71338,24.017416,20.13843,17.515951,13.8590765,12.632138,9.145729,6.222338,0.0,5.214708,8.203896,8.870879,11.172906,12.291573,13.386604,14.313088,16.356613,18.228369,18.323755,20.40527,21.53,23.7855,24.025751,26.067165,28.260494,26.559525,24.396349,29.172272,30.216711,27.237465,27.196499,25.808765,21.5468,22.02159,25.427618,22.185257,17.24065,21.077429,21.55008,20.91004,15.620794,14.226991,18.011208,16.658907,16.828808,21.933685,21.218218,24.5307,22.522373,27.636295,26.26186,30.833714,30.350634,28.525225,33.10491,30.45375,32.39213,34.77382,31.44596,28.457247,24.151907,28.323193,22.40902,25.857965,24.437359,25.73418,26.513943,26.523172,29.90838,32.586304,31.840982,32.86526,30.753569,30.968674,27.671383,31.604118,26.406105,29.668962,31.098366,28.679022,26.526838,23.675732,20.370556,19.21693,14.814296,15.783644
33,42.965733,40.209015,37.205105,33.932858,30.023,27.693596,24.64575,20.594036,17.09802,15.785717,11.385184,12.216695,10.313714,11.746035,11.460831,13.984947,16.792048,19.023018,21.165554,25.024519,28.221872,30.294664,34.13053,31.260475,29.252306,26.71915,22.348724,19.822073,16.028534,15.112837,10.451089,7.6163282,5.214708,0.0,5.5866895,8.789424,9.553935,8.807093,11.672402,13.436746,13.809803,15.671158,17.036518,18.753614,18.721601,21.770721,22.845224,24.010218,25.708426,23.474222,21.32153,27.101576,27.217165,23.871593,24.599127,23.92423,19.787838,20.628292,23.08559,18.942606,14.928109,18.86129,18.902624,17.549318,12.349095,12.337226,16.812908,16.65463,16.319101,21.19637,21.85689,25.224298,22.54403,27.902664,26.141384,31.07948,30.81153,28.481592,33.3892,30.269297,32.480892,34.586136,31.659388,29.064539,24.874224,29.515038,24.15423,28.320137,27.557957,29.221773,30.503214,30.775383,34.430374,36.55331,35.641766,36.17149,34.280067,33.820435,30.619051,33.9027,28.48774,31.059391,32.005127,29.750418,28.047989,24.804737,22.22383,21.564037,17.511223,19.318823
34,39.744656,36.94271,34.39227,31.071592,27.157558,24.858236,22.098934,18.3577,14.332486,14.588215,10.588549,12.957011,11.691384,13.068356,11.549638,11.801543,14.847518,15.745315,18.603657,21.437452,24.945745,26.566439,30.772179,28.332903,26.024105,23.880238,18.978212,17.19471,13.072993,13.562787,7.2229505,8.646215,8.203896,5.5866895,0.0,4.7808847,5.7585387,4.304171,6.0906954,8.184961,8.910553,10.357214,11.466465,13.349461,13.553524,16.348202,17.263678,18.626204,20.384558,18.486263,16.338036,21.674026,22.300848,19.306711,19.834145,19.288658,14.855717,16.396187,19.164257,14.848706,10.872645,15.877799,17.03126,16.449837,11.176867,10.836677,16.245527,16.15898,13.9903145,18.937817,19.805103,22.519117,18.799215,24.018246,21.6142,26.591736,26.063429,23.344017,28.221394,24.855732,27.10442,29.147507,26.418043,23.945494,19.849655,24.66822,19.796638,24.52977,24.394764,26.560587,28.409542,29.27335,33.178585,34.405743,33.161503,33.10985,31.38003,30.196127,27.166079,29.773645,24.355597,26.44465,27.150457,25.254093,23.735256,20.864418,18.300303,18.575525,14.92971,17.944017
35,35.343803,32.401325,29.95352,26.481401,22.554432,20.633614,17.518522,14.32,9.941478,10.931652,7.602248,10.449401,9.672564,10.974182,10.146964,8.399491,12.208224,12.616247,16.799253,18.846945,22.921957,24.667322,29.400827,26.258678,23.538137,21.62112,16.603598,15.622508,11.059604,12.817245,5.4959292,10.336084,8.870879,8.789424,4.7808847,0.0,4.2744346,6.9991355,5.8066874,5.4996457,8.574422,11.14081,10.181199,11.688219,13.681917,16.191122,15.6453705,17.461473,20.162142,18.800266,17.390858,21.33239,23.278381,20.97932,21.018032,20.185322,15.451058,17.386076,21.059671,17.269379,13.05558,18.445833,20.386974,20.462006,15.255079,14.025129,19.209688,18.323936,15.676007,20.767439,20.589935,22.76491,18.838285,23.64006,20.935122,25.54885,24.379578,21.61319,25.988457,22.570826,24.304564,26.327942,23.08929,20.491138,16.384403,21.194057,16.108965,21.054438,20.646086,23.143925,24.843777,26.12923,29.77354,30.996143,29.491581,29.554,27.286472,26.256943,22.865131,25.68756,20.031796,22.315607,23.225555,21.02055,19.338137,16.432589,13.708086,13.798619,10.227508,13.5614605
36,34.65372,32.125973,29.35278,26.35388,22.520485,19.626663,17.624636,13.301192,9.761768,10.410149,7.303862,10.859077,11.384366,13.658348,14.106044,12.416001,16.395964,16.411846,20.871506,22.418707,26.61888,28.06173,32.9059,30.07856,27.232151,25.527252,20.364038,19.677979,15.143407,16.989843,9.646926,13.545211,11.172906,9.553935,5.7585387,4.2744346,0.0,5.461053,6.557324,5.7817645,5.9321623,10.878272,10.746772,10.500267,11.902318,16.249292,15.819402,15.982737,18.91073,16.817076,16.447748,21.070858,22.571615,20.202156,21.258043,21.35153,16.65403,19.301437,22.199392,17.356144,14.441933,20.088957,21.820576,21.34046,16.364864,16.198143,21.714914,21.457853,18.637411,23.51654,24.072828,26.188215,21.787422,26.546482,23.380579,28.077585,26.772907,23.435387,27.698072,23.634247,25.162554,26.594065,23.438728,21.509481,17.848213,23.04248,18.69678,24.18712,23.98306,26.800177,28.496143,30.028215,33.488426,34.68214,32.971634,32.92052,30.321753,29.090542,25.456306,27.901737,21.928362,23.447166,23.838243,21.339705,20.296196,16.37161,15.291615,15.051884,12.335203,15.522368
