,0,1,2,3,4,5,6,7,8,9,10,11,12,13,14,15,16,17,18,19,20,21,22,23,24,25,26,27,28,29,30,31,32,33,34,35,36,37,38,39,40,41,42,43,44,45,46,47,48,49,50,51,52,53,54,55,56,57,58,59,60,61,62,63,64,65,66,67,68,69,70,71,72,73,74,75,76,77,78,79,80,81,82,83,84,85,86,87,88,89,90,91,92,93,94,95,96,97,98,99,100,101,102,103,104,105,106,107,108,109,110
0,0.0,4.0062456,6.912775,10.136392,13.540901,16.0211,18.253138,22.141119,25.178667,25.96097,29.735857,30.715796,34.15798,33.057125,38.82927,34.749233,38.090916,37.299072,41.466236,41.28963,43.926548,47.358257,51.12867,48.36599,47.320377,45.376656,42.76508,42.60995,39.294594,41.94366,35.23322,38.798508,32.411556,32.918114,33.48434,31.581806,28.064877,29.113567,29.64624,28.031643,24.29645,28.208702,28.38339,23.519613,22.885515,28.136068,25.071363,20.913559,22.901539,20.712162,25.99348,27.79042,27.68417,28.187166,32.04273,35.647747,33.001133,37.218395,37.551586,31.713001,34.338696,37.787064,40.475254,40.694824,35.342426,34.831547,40.247635,39.91568,36.592888,40.644253,43.063316,41.30293,38.517857,43.45507,39.08075,42.690067,39.78186,35.19099,36.568832,31.362186,30.371416,29.207378,27.251564,29.243055,30.153229,33.74594,35.446583,40.201084,41.56671,44.97349,45.842617,43.758453,38.63588,35.512997,32.296513,28.950972,27.199251,22.48063,23.75879,25.680553,20.333069,26.187801,25.237625,26.38388,30.30928,29.173002,35.223698,32.050125,35.280537,36.845028,38.24234
1,4.0062456,0.0,5.190778,6.808985,9.804657,12.931607,14.478065,18.708494,21.552795,22.362177,26.157333,27.056883,30.493906,29.234013,34.9412,30.887178,34.16119,33.46533,37.52344,37.501747,40.13465,43.547756,47.411945,44.594273,43.486187,41.478947,38.99551,38.794773,35.586044,38.25206,31.637575,35.47196,29.022993,29.91533,30.379944,28.202082,24.76318,26.288258,26.638557,24.735842,21.32091,25.669018,25.476969,20.513807,20.474117,25.891823,22.414066,18.50271,21.16673,18.942701,24.13238,26.052944,26.493673,26.778406,30.39433,33.655388,30.633121,34.80037,35.56623,29.698252,31.6248,35.333313,37.814175,38.353058,32.95617,32.05353,37.379166,36.796932,33.43777,37.735184,39.900562,37.92463,35.240753,40.281437,36.069107,39.78176,36.895008,32.42071,33.844925,28.830664,27.784258,26.917562,24.440157,26.269823,27.044373,30.684198,32.115944,36.996124,38.158184,41.534138,42.427532,40.189014,35.295654,32.072445,28.884928,25.532768,23.845224,19.412762,20.39638,21.986818,16.385052,22.273651,21.231518,22.408598,26.305208,25.181744,31.240982,28.203772,31.484655,33.1737,34.700798
2,6.912775,5.190778,0.0,4.5030446,8.347523,9.625449,12.885154,15.905411,19.459265,19.859592,23.58278,24.692337,28.09463,27.435068,33.475697,29.655035,33.34188,32.87113,37.373363,37.55779,40.64991,44.080116,47.9173,44.437805,43.07357,40.91504,38.063602,37.489223,34.040375,36.24301,29.640434,32.57575,26.066202,26.443361,27.544619,25.970806,22.141829,23.239803,24.498756,23.087618,18.9417,23.732443,24.276846,19.563314,18.750244,25.038544,22.740728,18.460447,20.757853,17.655128,22.43842,25.865274,25.433071,24.960503,29.135319,32.436665,29.433422,33.417885,33.765293,27.590096,29.757992,33.005882,35.369064,35.52676,30.09727,29.482267,34.719692,34.223835,31.411346,35.859768,37.92146,36.07027,33.893787,39.103233,34.940483,39.007053,36.465282,31.933102,34.14338,29.091396,28.753075,28.546888,25.984097,27.133844,27.037363,31.233797,31.669931,36.661274,37.496662,40.847706,42.18625,40.09887,35.632217,32.15015,29.606012,25.76548,25.045683,20.981016,22.378656,23.405962,17.01801,22.614103,21.26394,21.932123,26.102057,25.34717,31.339577,28.308035,32.151707,33.55348,35.681828
3,10.136392,6.808985,4.5030446,0.0,3.9249923,6.614695,8.601901,12.223578,15.598011,15.875695,19.714518,20.624767,24.079082,23.172056,29.207726,25.483776,29.069162,28.815771,33.09556,33.579456,36.63081,40.010788,43.999218,40.473072,39.005844,36.72767,34.113888,33.431763,30.167625,32.355957,25.929499,29.259386,22.573843,23.630537,24.649502,22.64352,18.904434,20.840754,21.85934,19.992294,16.40169,21.88468,21.862553,17.101265,17.24977,23.613623,20.77488,17.031525,20.167526,17.179628,21.6379,25.085617,25.411045,24.7063,28.444927,31.227571,27.747942,31.609474,32.565796,26.449492,27.553797,31.154074,33.186817,33.810486,28.363049,27.15421,32.212307,31.315962,28.485535,33.307762,34.96262,32.76765,30.782555,36.13249,32.241837,36.42752,33.92801,29.617245,31.83858,27.143188,26.705069,26.867243,23.667295,24.571514,24.278568,28.47044,28.498724,33.645885,34.163155,37.4514,38.812317,36.485107,32.39857,28.795574,26.319603,22.52973,21.937103,18.469908,19.333214,19.745478,12.942639,18.487936,16.83541,17.42952,21.622196,20.980427,26.973108,24.266502,28.173166,29.796398,32.09855
4,13.540901,9.804657,8.347523,3.9249923,0.0,5.1956286,4.8103023,9.235625,12.114794,12.584639,16.408007,17.288666,20.69132,19.52997,25.415548,21.649021,25.167236,24.986273,29.185034,29.799759,32.864803,36.218094,40.266556,36.679432,35.159443,32.83662,30.342705,29.643982,26.499226,28.765583,22.43665,26.206488,19.528336,21.152632,21.893429,19.47014,15.937018,18.591537,19.23662,16.968117,14.0521965,19.936426,19.377092,14.712062,15.775772,21.966286,18.76794,15.65494,19.38991,16.635914,20.618536,23.986523,24.955324,24.081556,27.338385,29.622654,25.786053,29.490612,30.970749,25.025219,25.179144,29.065664,30.81931,31.862719,26.476583,24.756498,29.629122,28.427813,25.527145,30.586283,31.927885,29.483973,27.607094,33.02455,29.370697,33.6145,31.169897,27.085962,29.320251,24.993319,24.532879,25.082146,21.400372,21.989805,21.463745,25.63065,25.277668,30.511309,30.783215,34.01409,35.38958,32.910797,29.13647,25.450783,23.105064,19.356415,18.99661,16.202984,16.675615,16.489904,9.418168,14.736881,13.020369,13.680949,17.785698,17.127344,23.085258,20.485956,24.476698,26.185095,28.658129
5,16.0211,12.931607,9.625449,6.614695,5.1956286,0.0,5.6399417,6.501128,10.22442,10.901677,14.264883,15.971115,19.052948,18.78072,24.638647,20.890493,24.927477,24.62198,29.583956,29.96513,33.569958,36.939735,40.68564,36.44935,34.806213,32.541183,29.368425,28.478914,24.88943,26.8075,20.260265,22.966476,16.487288,17.07716,18.24067,16.676273,12.683703,14.436814,16.090715,14.668587,10.641111,16.781458,17.23008,13.136197,13.009012,19.901533,18.356834,14.9346,17.90226,14.416521,17.667946,22.500235,22.535412,20.923418,24.624527,26.942194,23.275911,26.755919,27.695456,21.525698,22.106956,25.422888,27.167994,27.754324,22.338634,21.04216,25.932577,25.028673,22.61636,27.604862,29.064426,26.985083,25.480106,30.930681,27.219902,31.728432,29.66932,25.50914,28.571362,24.196922,24.610989,25.763077,22.443565,22.29565,20.828442,25.508661,24.23053,29.378193,29.497786,32.705605,34.525227,32.452927,28.952988,25.153412,23.647577,19.427017,20.263716,17.774422,19.142977,18.82512,12.24056,16.307407,15.092871,15.387172,19.251917,18.73884,24.217106,21.141474,25.603014,26.6006,29.57851
6,18.253138,14.478065,12.885154,8.601901,4.8103023,5.6399417,0.0,5.456301,7.4953957,8.266314,11.906979,12.961624,16.186329,14.939709,20.673182,16.895721,20.528605,20.50027,24.827133,25.63999,28.920341,32.227074,36.280796,32.353275,30.6788,28.267994,25.737663,24.883797,21.777624,23.983017,17.771326,21.808733,15.197095,17.426859,17.956081,15.187797,11.877928,15.414834,15.851696,13.264239,11.258003,17.610413,16.618227,12.516494,14.475689,20.39087,17.37552,15.172815,19.215643,16.645817,19.616098,23.261154,24.675726,23.380236,26.109274,27.715057,23.521732,26.859783,28.839144,23.158604,22.107922,26.132427,27.442629,28.897987,23.67638,21.385725,25.899622,24.32805,21.56662,26.949234,27.823565,25.115107,23.603039,29.125471,25.84403,30.249712,28.048521,24.317356,26.83887,23.087557,22.906605,24.166615,20.049479,19.91175,18.69809,22.944397,21.643806,26.95415,26.76744,29.888683,31.457945,28.884275,25.735746,21.894897,20.099411,16.303108,16.784073,15.244402,15.418514,14.209024,7.2694516,11.225591,9.4855,9.972233,13.8430195,13.313546,19.006115,16.509108,20.825808,22.430405,25.362286
7,22.141119,18.708494,15.905411,12.223578,9.235625,6.501128,5.456301,0.0,4.611208,4.646433,7.7694182,9.735909,12.604456,12.542458,18.393543,15.076229,19.253689,19.51899,24.391743,25.378017,29.191172,32.381886,36.20629,31.469923,29.496326,26.983276,23.924814,22.546246,19.120392,20.589146,14.470676,17.183504,10.364109,12.218098,13.635848,11.708934,7.8069563,11.383922,13.152816,11.395847,9.027018,15.833202,15.6642885,12.768407,13.958359,20.125153,18.792685,16.7893,20.124556,17.104145,18.807047,23.836164,24.536917,22.375027,25.23273,26.478523,22.324781,25.121935,26.815136,21.152481,19.71586,23.114973,23.995327,25.214403,20.126804,17.861382,21.981848,20.322361,18.462105,24.100441,24.602196,21.998037,21.400656,27.019606,24.052402,28.81527,27.205133,23.711454,27.127834,23.737228,24.436382,26.436693,22.535173,21.502527,19.140898,23.744717,20.960464,26.143959,25.398415,28.346571,30.502249,28.223969,25.921717,21.959606,21.333822,17.29283,19.183577,18.443878,19.10137,17.42886,11.553806,13.411237,11.896876,11.460208,14.774162,14.836174,19.536789,17.166891,21.920284,22.884659,26.492819
8,25.178667,21.552795,19.459265,15.598011,12.114794,10.22442,7.4953957,4.611208,0.0,4.747825,5.9155107,8.564057,10.567726,9.964345,14.77061,10.808181,15.050649,14.974715,20.139175,20.864397,24.802675,27.989693,31.690966,26.889639,24.971188,22.583258,19.396008,18.26546,14.791669,16.812113,10.395629,14.483316,8.43281,11.1914215,11.110197,8.053557,5.2425275,10.159288,10.484454,8.017235,7.9789968,14.115343,12.975128,10.955319,13.393087,18.337877,16.783876,15.970073,19.53889,17.271753,18.146376,22.462883,24.003233,21.930319,23.852894,24.360817,19.917786,22.384836,24.827068,19.789064,16.94214,20.775873,21.311012,23.239197,18.474752,15.423533,19.208565,17.180775,14.900572,20.704546,20.8863,17.98545,17.304203,22.934414,20.27144,24.984232,23.448093,20.372812,23.707224,20.984726,21.724216,24.175531,20.069592,18.511324,15.7695875,20.141577,16.79111,21.960865,20.974771,23.872873,26.009268,23.659601,21.700367,17.728405,17.543802,13.716211,16.244595,16.664078,17.08342,14.873699,10.644378,10.415441,10.016866,10.029017,12.093278,11.77141,15.801783,13.030812,17.85997,18.545486,22.366068
9,25.96097,22.362177,19.859592,15.875695,12.584639,10.901677,8.266314,4.646433,4.747825,0.0,4.076122,5.1181765,8.248679,8.151793,14.470469,12.11132,16.093035,17.314545,21.508215,23.419182,27.134907,30.077904,34.124004,29.16931,26.864325,23.998625,21.49003,19.510191,16.620779,17.431839,12.377058,15.061445,7.9807596,11.686797,13.485104,11.254938,8.334071,13.024134,14.584183,12.569762,11.9549,18.372616,17.63933,15.534904,17.498957,22.922102,21.375256,20.214039,23.774006,21.109856,22.243961,26.999166,28.15387,25.870699,28.194904,28.792652,24.434542,26.721863,28.940434,23.789883,21.050365,24.420485,24.579082,26.273144,21.654194,18.755476,21.946617,19.562994,18.327053,24.318027,23.870594,20.712574,21.004364,26.58546,24.389528,29.15892,27.852104,24.990559,28.337748,25.722626,26.33964,28.645761,24.360249,23.009714,20.40974,24.612537,20.997759,26.067251,24.583876,27.20831,29.503021,26.902037,25.697124,21.749468,21.58895,18.063404,20.225504,20.592339,20.430813,17.815395,12.654899,12.961681,10.668826,9.206137,12.004454,12.968599,16.866402,15.863516,20.53546,21.820412,25.736599
10,29.735857,26.157333,23.58278,19.714518,16.408007,14.264883,11.906979,7.7694182,5.9155107,4.076122,0.0,3.792504,5.076143,6.1489525,11.560809,9.748754,13.83997,15.282242,19.629017,21.619404,25.578154,28.338234,32.137962,26.718851,24.238415,21.367048,18.618143,16.276112,13.3682165,13.610336,9.099791,11.209938,4.409755,9.201445,10.931804,9.0052185,7.241701,11.991506,13.526263,11.956102,12.470043,18.072472,17.329617,16.385483,18.410921,23.080267,22.224483,21.697214,24.961098,22.534014,22.718761,27.587656,28.789421,26.212057,28.058949,28.054247,23.722004,25.405327,27.81964,23.224133,19.561125,22.596811,22.16807,24.112196,20.00466,16.760216,19.122574,16.358896,15.816165,21.86408,20.79874,17.509073,18.624096,24.04483,22.424109,27.213665,26.365982,24.029066,27.66458,25.696655,26.70302,29.480444,25.298092,23.375496,20.199776,24.210442,19.612804,24.34346,22.325182,24.665907,27.275219,24.83161,24.503279,20.668352,21.386587,18.124437,21.053501,22.22472,22.13344,19.218222,15.320812,14.118744,12.605582,11.133801,12.536192,13.638254,16.164928,15.37584,19.975046,20.75798,25.017359
11,30.715796,27.056883,24.692337,20.624767,17.288666,15.971115,12.961624,9.735909,8.564057,5.1181765,3.792504,0.0,3.7516322,4.230453,10.825129,10.421122,13.770259,16.216677,19.383032,22.356358,25.901062,28.445578,32.604855,27.3794,24.69172,21.46339,19.65937,16.887405,14.858748,14.517539,11.523863,13.531022,7.4045386,12.444594,14.518899,12.469977,10.975422,15.768311,17.178604,15.280026,15.921019,21.70514,20.664944,19.400799,21.733467,26.460901,24.98167,24.499786,28.081713,25.676506,26.239065,30.833872,32.255245,29.814205,31.671247,31.654219,27.243526,28.93445,31.529245,26.966312,23.15887,26.266848,25.663284,27.723618,23.750404,20.433668,22.455969,19.424532,19.093634,25.137362,23.654568,20.062227,21.465849,26.75614,25.484846,30.139664,29.258156,27.121998,30.417677,28.616262,29.253809,31.855864,27.380867,25.699883,22.86774,26.57147,22.133905,26.828264,24.552492,26.690582,29.156153,26.341476,26.474453,22.709852,23.17543,20.296928,22.738886,24.07919,23.324095,20.006908,15.950961,14.760372,12.1594,9.838248,11.240632,13.241738,15.524226,16.240238,20.51153,21.958546,26.114565
12,34.15798,30.493906,28.09463,24.079082,20.69132,19.052948,16.186329,12.604456,10.567726,8.248679,5.076143,3.7516322,0.0,3.7828248,8.267433,9.121533,12.1269245,14.914262,17.909126,21.040699,24.6944,26.988743,30.89866,25.296928,22.430088,19.182137,17.35621,14.137524,12.436134,11.214858,9.70015,10.924904,6.53813,11.798427,13.58325,11.914611,11.583483,16.047112,17.270859,15.74369,17.199968,22.213253,21.129107,20.73847,23.119595,27.17312,26.183113,26.206673,29.561502,27.379324,27.248913,31.81497,33.310074,30.691532,32.115074,31.58355,27.251654,28.399858,31.170149,27.170992,22.639229,25.411934,24.267338,26.559124,23.165104,19.62756,20.749413,17.386917,17.754045,23.633406,21.507776,17.806683,20.024044,24.988,24.3514,28.896902,28.43626,26.83696,30.267506,29.068935,29.976963,32.923294,28.560028,26.457045,23.24968,26.670364,21.508715,25.767689,22.996794,24.774817,27.473,24.796274,25.82341,22.262802,23.455982,20.915537,23.877937,25.83996,25.127768,21.627783,18.587921,16.357729,14.488411,12.392279,12.535995,14.518683,15.380923,16.420755,20.421963,21.434483,25.796236
13,33.057125,29.234013,27.435068,23.172056,19.52997,18.78072,14.939709,12.542458,9.964345,8.151793,6.1489525,4.230453,3.7828248,0.0,6.914098,7.139648,9.8033085,12.831377,15.31075,18.734549,22.078665,24.460924,28.702051,23.574604,20.819344,17.471067,16.23604,13.412848,12.093775,11.991254,10.058605,13.413983,8.996215,14.370534,15.177612,12.435986,12.279018,17.316126,17.612116,15.335543,17.328287,22.412434,20.630562,19.863821,22.929682,26.719116,24.801641,25.127865,28.902037,27.052273,27.330984,31.126686,33.228085,31.016415,32.192043,31.66249,27.140678,28.54974,31.749626,27.765446,23.048456,26.435347,25.530163,28.182096,24.599524,20.80187,22.31903,18.940155,18.367693,24.261343,22.30728,18.34072,19.833553,24.836136,24.105764,28.461893,27.63848,26.05528,28.938812,27.82577,28.250788,30.994642,26.379816,24.518478,21.76488,24.863348,20.241055,24.658934,22.04871,23.934233,26.224684,23.14498,23.949158,20.402477,21.11705,18.913475,21.392326,23.617199,22.377,18.609056,16.04191,13.362023,11.325175,9.249215,8.811682,10.989861,11.911287,13.548676,17.373823,18.94846,23.110664
14,38.82927,34.9412,33.475697,29.207726,25.415548,24.638647,20.673182,18.393543,14.77061,14.470469,11.560809,10.825129,8.267433,6.914098,0.0,5.542726,5.192904,9.254826,10.360833,14.317867,17.51128,19.327513,23.21129,17.708021,14.659043,11.16951,10.718842,7.284933,7.9827995,7.3752203,9.276363,12.946337,12.34029,17.094267,16.404865,13.747686,15.614875,20.023756,19.186039,17.183453,20.75094,24.23869,21.894396,22.47163,25.959026,28.138506,26.474821,27.955624,31.492725,30.364859,29.726568,32.68841,35.38096,33.25497,33.369118,31.870228,27.500753,28.03033,31.877655,29.12464,23.105726,26.271694,24.611008,27.970442,25.458422,21.243277,21.335815,17.565872,17.382334,22.484455,19.47435,15.224706,17.550713,21.545362,22.15175,25.862803,25.598475,25.238888,27.75204,28.003777,28.540257,31.705418,27.307693,24.88189,21.922453,23.948017,18.566122,21.895283,18.442022,19.504967,21.799124,18.691292,21.355051,18.509468,20.355904,19.342299,22.304295,25.80083,24.371569,20.369324,20.197311,15.732355,15.341623,14.124745,11.404328,12.935108,10.382054,12.951016,15.473089,16.355196,20.560236
15,34.749233,30.887178,29.655035,25.483776,21.649021,20.890493,16.895721,15.076229,10.808181,12.11132,9.748754,10.421122,9.121533,7.139648,5.542726,0.0,4.4514894,5.854401,10.110001,12.089932,15.993511,18.637833,22.431194,17.170162,14.757324,11.958195,9.7325945,8.130682,6.341992,8.891181,6.243281,12.510534,10.868379,15.207675,13.397077,9.726444,11.760687,16.29334,14.596738,12.114549,16.108511,19.38149,16.661709,17.124289,20.89581,22.860432,20.935387,22.532652,26.112968,25.217344,24.703287,27.284159,30.210247,28.350986,28.384016,27.096045,22.586378,23.562462,27.519846,24.540192,18.729694,22.525091,21.50789,24.934261,21.892723,17.611357,18.798342,15.444744,13.775821,19.132164,17.149738,13.001821,13.779617,18.455751,18.078506,22.025438,21.227234,20.312447,22.818085,22.650778,23.14946,26.296412,21.938272,19.489292,16.513386,18.870344,13.795422,17.834219,15.091473,16.984726,19.113241,16.03909,17.123964,13.811926,15.360163,13.903969,17.075642,20.470882,19.429256,15.727839,15.889018,11.180698,12.001695,11.79482,9.417424,9.590081,8.545939,8.331947,11.889792,12.419951,16.840528
16,38.090916,34.16119,33.34188,29.069162,25.167236,24.927477,20.528605,19.253689,15.050649,16.093035,13.83997,13.770259,12.1269245,9.8033085,5.192904,4.4514894,0.0,4.6751347,5.935518,9.367453,12.642,14.869734,18.918945,13.883839,11.267286,8.087593,7.7791777,6.373638,7.2248683,9.5046,9.742691,15.465797,14.935975,19.289234,17.267385,13.76386,16.15977,20.507706,18.374495,15.874256,20.261652,22.98429,19.844519,20.563002,24.66432,25.866547,23.496063,25.682274,29.345657,28.875711,28.291042,30.081196,33.51423,31.90706,31.417,29.716507,25.311663,25.941103,30.31477,27.954605,21.688787,25.449085,24.12854,27.90515,25.38358,21.005283,21.510345,18.048176,16.51736,21.149519,18.619593,14.393868,15.343679,19.075384,19.592714,22.837667,22.181328,22.08192,23.844767,24.542307,24.671532,27.759493,23.389715,20.981949,18.464691,19.752838,14.948833,18.127218,14.965344,16.183788,17.862852,14.328894,16.772148,14.169454,15.8964815,15.682774,18.384588,22.50605,20.829138,16.84972,18.392733,12.997374,13.994659,13.861329,10.216567,10.495497,6.646379,8.729635,10.497939,11.346933,15.423604
17,37.299072,33.46533,32.87113,28.815771,24.986273,24.62198,20.50027,19.51899,14.974715,17.314545,15.282242,16.216677,14.914262,12.831377,9.254826,5.854401,4.6751347,0.0,6.676093,6.3763685,10.662185,13.520073,16.958609,12.007196,10.223076,8.399006,6.020657,7.206681,6.619123,10.881027,9.331037,15.935123,15.93066,19.406118,16.201035,12.456112,15.437623,19.154879,15.994497,13.519353,18.533045,20.111916,16.55535,17.863316,22.11795,22.279013,19.97632,22.751186,26.153177,26.216026,25.296257,26.33317,30.127338,28.808268,27.76826,25.82562,21.511665,22.074919,26.73912,24.843147,18.420975,22.463318,21.437538,25.43634,23.040771,18.683607,19.465607,16.477652,13.875411,17.922146,16.022509,12.130014,11.707515,15.3066845,15.546402,18.547024,17.663523,17.726727,19.24409,20.296629,20.508812,23.785448,19.740562,17.007961,14.414572,15.299845,10.458841,13.5637455,10.746873,12.416394,13.880989,10.417054,12.172396,9.579492,11.865048,12.034181,15.163261,19.649595,18.459084,14.999927,17.745424,12.040115,14.636128,15.460946,12.159281,11.040962,7.984166,6.428904,8.009009,7.3331122,11.748396
18,41.466236,37.52344,37.373363,33.09556,29.185034,29.583956,24.827133,24.391743,20.139175,21.508215,19.629017,19.383032,17.909126,15.31075,10.360833,10.110001,5.935518,6.676093,0.0,6.0731115,7.484098,9.225928,13.75135,9.951422,7.8652782,5.308398,8.285349,8.939389,11.326433,13.858175,14.978162,20.733923,20.813133,24.95481,22.362665,18.756708,21.426876,25.534111,22.630234,19.999151,24.802689,26.727356,23.016033,23.924562,28.428135,28.535694,25.490652,28.432268,32.133644,32.345093,31.770046,32.26354,36.433617,35.335056,34.135853,32.050014,27.84865,28.249483,33.09983,31.470037,24.969604,28.868116,27.545074,31.665318,29.574413,25.193422,25.413708,22.186068,20.226393,23.819073,21.286484,17.408232,17.656668,20.114752,21.285769,23.438116,22.694256,23.45178,23.995094,25.681898,25.218433,28.062681,23.880621,21.676897,20.009579,19.81987,16.123388,18.11209,15.1198435,15.613624,16.159376,12.1436,15.642224,14.245727,15.79418,17.196005,19.06722,23.904772,21.619993,17.729889,21.20126,15.349321,17.051659,17.48509,13.125218,12.783672,7.0059967,10.051422,8.808769,9.873199,12.710378
19,41.28963,37.501747,37.55779,33.579456,29.799759,29.96513,25.63999,25.378017,20.864397,23.419182,21.619404,22.356358,21.040699,18.734549,14.317867,12.089932,9.367453,6.3763685,6.0731115,0.0,4.6892667,7.685413,10.829351,7.2210264,6.9718246,7.2449975,7.332465,10.503629,11.612063,15.547431,15.310423,21.497488,22.255148,25.45595,21.742554,18.178957,21.363434,24.625143,20.761988,18.404026,23.654087,24.109783,20.091825,21.752893,26.232327,24.936283,22.128994,25.793037,29.017216,29.916359,28.86323,28.327768,32.8933,32.169518,30.211199,27.744854,23.865633,24.010208,29.140985,28.302197,21.762375,25.738142,24.702576,29.006683,27.271975,23.076143,23.393364,20.806534,17.938108,20.398354,18.58541,15.403627,14.191839,15.7761,16.916616,18.29341,17.385204,18.714148,18.628206,21.108364,20.724024,23.75839,20.214487,17.645334,16.116997,14.910037,11.701021,12.695557,10.272077,10.862354,10.641757,6.442771,9.929543,9.457062,11.774875,14.108275,16.250816,21.461437,19.842083,16.789602,21.552732,15.621536,18.86336,20.159798,16.29646,14.718162,10.352134,9.419291,7.166187,5.4428,8.013878
20,43.926548,40.13465,40.64991,36.63081,32.864803,33.569958,28.920341,29.191172,24.802675,27.134907,25.578154,25.901062,24.6944,22.078665,17.51128,15.993511,12.642,10.662185,7.484098,4.6892667,0.0,3.5635526,7.6762033,7.181091,8.0148535,8.97659,11.241721,14.123566,15.989508,19.465279,19.83021,25.938335,26.550905,30.000463,26.407114,22.761261,25.76926,29.189243,25.25431,22.731987,27.88869,28.364,24.169943,25.537634,30.194117,28.635897,25.228945,29.084421,32.429985,33.609688,32.82944,31.586992,36.523846,36.133263,33.95853,31.459982,27.748072,27.902695,33.13287,32.51916,26.125963,30.123068,29.124104,33.47121,31.843824,27.695173,27.94925,25.39536,22.561268,24.662718,22.848679,19.845936,18.590635,19.482761,20.870647,21.518806,20.512878,22.183542,21.155704,24.02831,23.046747,25.600368,22.194344,20.140724,19.48867,17.43032,15.608456,15.879886,13.982871,13.955346,12.676044,8.763096,12.267749,12.804438,14.179413,17.323893,18.43114,23.750656,21.525599,18.56013,24.075073,18.222843,21.28281,22.645144,18.461895,16.944035,12.02809,12.467496,8.66287,8.19749,8.308286
21,47.358257,43.547756,44.080116,40.010788,36.218094,36.939735,32.227074,32.381886,27.989693,30.077904,28.338234,28.445578,26.988743,24.460924,19.327513,18.637833,14.869734,13.520073,9.225928,7.685413,3.5635526,0.0,5.2569723,6.7108164,8.0015335,9.554237,12.956774,15.625833,18.18533,21.100967,22.45099,28.117668,29.190516,32.704468,29.194494,25.73799,28.873432,32.275913,28.436373,26.049488,31.250608,31.643019,27.52094,29.046179,33.655376,31.953993,28.7014,32.618217,35.892845,37.113365,36.19329,34.888012,39.835796,39.420597,37.08186,34.36762,30.812057,30.669283,35.923412,35.628807,29.063086,32.80777,31.544146,35.954376,34.666546,30.513523,30.299095,27.67729,25.246672,27.029232,24.83983,21.951397,21.18268,21.46352,23.440193,23.684914,23.027,25.141602,23.967316,27.211527,26.256163,28.756807,25.536652,23.515446,22.887535,20.598227,18.722246,18.381037,16.260082,15.546077,14.061258,10.6672125,15.122952,16.082567,17.628103,20.8606,21.914347,27.23517,24.902084,21.923061,27.41251,21.561926,24.33242,25.48006,21.123796,19.935184,14.588227,15.876269,12.081954,11.713498,11.407376
22,51.12867,47.411945,47.9173,43.999218,40.266556,40.68564,36.280796,36.20629,31.690966,34.124004,32.137962,32.604855,30.89866,28.702051,23.21129,22.431194,18.918945,16.958609,13.75135,10.829351,7.6762033,5.2569723,0.0,6.6748805,9.507507,12.477408,15.021201,18.248672,20.730907,23.602785,25.273054,30.463793,32.463963,35.435993,31.476768,28.416727,31.924835,34.724083,30.612835,28.679983,34.03613,33.458813,29.451,31.6296,35.983246,33.34641,30.7145,34.988815,37.75589,39.35297,37.890003,36.064552,41.063293,40.770794,37.822853,34.632206,31.600658,30.867002,36.134815,36.75863,30.130424,33.41777,32.005074,36.46347,35.87818,31.957054,31.190733,28.954636,26.650444,27.282873,25.143698,22.981133,22.097738,21.005398,23.645824,22.84191,22.656235,25.637945,24.047165,28.14581,27.454943,30.04334,27.574242,25.32951,24.687166,21.721857,20.079006,18.295748,16.463295,14.880689,12.6627,10.658728,15.770524,17.779358,19.924318,23.453009,24.74778,30.081957,28.238699,25.75348,31.561193,25.730188,28.924213,30.209885,25.97214,24.589443,19.478601,19.804804,16.099504,14.53653,13.582996
23,48.36599,44.594273,44.437805,40.473072,36.679432,36.44935,32.353275,31.469923,26.889639,29.16931,26.718851,27.3794,25.296928,23.574604,17.708021,17.170162,13.883839,12.007196,9.951422,7.2210264,7.181091,6.7108164,6.6748805,0.0,3.341679,6.944404,8.665649,11.909547,14.494187,17.112003,19.318363,24.004812,26.560926,29.380716,25.569937,22.84837,26.576334,29.27267,25.572083,23.949429,29.324675,28.976717,25.341997,27.855034,31.938545,29.904171,28.091122,31.997263,34.699203,35.76125,33.945843,33.33964,37.74293,36.85206,34.299843,31.086721,27.804571,26.88472,32.00622,32.332947,25.332355,28.362766,26.564808,31.015522,30.478771,26.438395,25.2747,22.76344,21.022243,22.098629,19.329308,16.83149,16.883343,16.307648,19.292763,19.441795,19.729269,22.46857,22.258194,25.891146,25.972042,29.184607,26.336737,23.503096,21.727716,19.890593,16.275171,15.088793,11.956754,10.288739,9.718823,7.2094083,13.875813,14.827635,18.031204,20.570814,22.996817,28.23503,26.850594,23.970295,28.692583,22.749998,25.699783,26.613071,22.551079,21.50391,16.415138,16.531399,14.20946,12.105295,13.336025
24,47.320377,43.486187,43.07357,39.005844,35.159443,34.806213,30.6788,29.496326,24.971188,26.864325,24.238415,24.69172,22.430088,20.819344,14.659043,14.757324,11.267286,10.223076,7.8652782,6.9718246,8.0148535,8.0015335,9.507507,3.341679,0.0,3.7618823,6.4523907,8.971241,12.124306,14.258645,17.112164,21.571022,24.080936,27.17011,23.763088,21.08397,24.728859,27.700214,24.425615,22.762001,28.023233,28.28205,24.822895,27.150555,31.196949,29.867802,28.136398,31.693146,34.57565,35.2389,33.522064,33.641075,37.753128,36.56193,34.438087,31.416212,27.877367,27.09441,32.074524,31.924067,24.82815,27.841661,25.867254,30.249224,29.503105,25.323204,24.092405,21.214018,19.908083,21.710653,18.513361,15.505802,16.35801,16.607885,19.474104,20.400587,20.73554,23.011297,23.45337,26.5506,26.78132,30.09969,26.86628,23.98977,21.839628,20.739845,16.360342,16.05872,12.382015,11.100607,11.567478,8.723679,15.102076,15.192008,18.410793,20.364754,23.050337,28.16517,26.702045,23.460382,27.484562,21.54904,24.015842,24.580359,20.51437,19.88461,14.6293545,15.4653845,13.843484,12.276736,14.450123
25,45.376656,41.478947,40.91504,36.72767,32.83662,32.541183,28.267994,26.983276,22.583258,23.998625,21.367048,21.46339,19.182137,17.471067,11.16951,11.958195,8.087593,8.399006,5.308398,7.2449975,8.97659,9.554237,12.477408,6.944404,3.7618823,0.0,5.6460648,6.5667953,10.245658,11.942542,15.068228,19.600267,21.504812,25.083162,22.235682,19.397453,22.735184,26.189287,23.37573,21.475994,26.509415,27.632862,24.278488,26.134058,30.2278,29.772036,27.824203,30.960236,34.147835,34.39968,33.01895,33.77222,37.665047,36.268967,34.68569,32.02939,28.166182,27.75995,32.58163,31.73045,24.733938,27.920998,25.974382,30.215176,28.991766,24.673023,23.73708,20.486834,19.404486,22.194645,18.867157,15.269851,16.607965,18.000195,20.331932,22.07864,22.187336,23.778742,24.690826,27.086878,27.270239,30.543972,26.847778,24.104187,21.80024,21.435564,16.713358,17.550426,13.748365,13.198358,14.241685,10.975384,16.417934,15.60868,18.440437,19.816505,22.502954,27.421234,25.73785,22.11514,25.40742,19.55857,21.412653,21.620417,17.529615,17.367588,11.978941,13.856228,12.942407,12.318977,15.211548
26,42.76508,38.99551,38.063602,34.113888,30.342705,29.368425,25.737663,23.924814,19.396008,21.49003,18.618143,19.65937,17.35621,16.23604,10.718842,9.7325945,7.7791777,6.020657,8.285349,7.332465,11.241721,12.956774,15.021201,8.665649,6.4523907,5.6460648,0.0,4.229618,5.8363037,8.977983,10.799548,15.459633,18.013498,20.797724,17.314947,14.771621,18.552567,21.353977,18.366459,16.964663,22.104809,22.569902,19.506039,21.980661,25.672382,24.981447,23.952494,27.01307,29.761106,29.962122,28.080832,29.227333,32.753838,31.145956,29.524712,26.783165,22.989244,22.396627,27.090788,26.351128,19.253647,22.287273,20.346115,24.602571,23.460514,19.189716,18.227793,15.147794,13.853302,16.594276,13.393417,9.742076,11.090342,12.918694,15.058694,17.323475,17.636644,19.047056,20.769566,22.951054,23.806181,27.45364,24.071453,20.872807,17.822826,18.061983,12.284076,13.328998,9.192214,9.232169,11.427743,8.839102,13.551301,12.239761,15.927946,16.553373,20.155354,24.766392,23.98243,20.797085,23.623098,18.021961,20.448956,20.900333,17.531738,16.898252,12.974467,12.321502,12.78655,10.806998,14.570546
27,42.60995,38.794773,37.489223,33.431763,29.643982,28.478914,24.883797,22.546246,18.26546,19.510191,16.276112,16.887405,14.137524,13.412848,7.284933,8.130682,6.373638,7.206681,8.939389,10.503629,14.123566,15.625833,18.248672,11.909547,8.971241,6.5667953,4.229618,0.0,4.458721,5.479839,9.32791,13.054619,15.591769,18.868523,16.345428,14.10554,17.538385,20.73205,18.698204,17.350193,22.004578,23.445896,20.839428,22.898727,26.369875,26.729656,25.847904,28.313652,31.228174,30.857292,29.164022,31.266735,34.310467,32.319904,31.321524,28.894873,24.947416,24.519293,28.814537,27.475817,20.559183,23.332706,21.156923,25.105215,23.74328,19.44615,18.318663,14.733776,14.515962,18.16419,14.504106,10.448072,13.176227,15.765313,17.645761,20.545263,20.9505,21.816637,24.109562,25.648195,26.603851,30.21136,26.498438,23.432762,20.15715,21.18826,15.138263,16.94925,12.836815,13.045122,15.569873,13.052801,17.29659,15.380952,18.643578,18.54133,22.174376,26.419168,25.50746,21.9696,23.627794,18.335451,19.777246,19.5625,16.38109,16.568167,12.801742,13.440309,14.780846,13.7881,17.860178
28,39.294594,35.586044,34.040375,30.167625,26.499226,24.88943,21.777624,19.120392,14.791669,16.620779,13.3682165,14.858748,12.436134,12.093775,7.9827995,6.341992,7.2248683,6.619123,11.326433,11.612063,15.989508,18.18533,20.730907,14.494187,12.124306,10.245658,5.8363037,4.458721,0.0,4.985207,5.1853004,9.965756,12.2600355,15.049342,12.050083,9.741354,13.406017,16.337313,14.284834,13.16503,17.751972,19.112417,16.775023,18.969786,22.143892,22.751423,22.36755,24.535841,27.250017,26.698788,24.882486,27.455107,30.164234,28.02003,27.277077,25.094788,21.049126,20.856806,24.92483,23.198792,16.446814,19.363157,17.475504,21.298698,19.501774,15.159562,14.63718,11.094175,10.394121,14.786119,11.719705,7.4315395,9.89034,13.659761,14.569959,18.216,18.42949,18.60236,21.563065,22.458693,23.787247,27.50082,23.907993,20.715628,16.996304,18.82774,12.389623,15.0136385,11.339612,12.522138,15.457815,13.340263,15.99059,13.42591,16.718441,15.736269,19.8516,23.609076,23.321991,20.144163,21.167734,16.333385,18.060545,18.06349,15.672674,15.470669,13.267897,12.056621,14.573672,13.177836,17.620993
29,41.94366,38.25206,36.24301,32.355957,28.765583,26.8075,23.983017,20.589146,16.812113,17.431839,13.610336,14.517539,11.214858,11.991254,7.3752203,8.891181,9.5046,10.881027,13.858175,15.547431,19.465279,21.100967,23.602785,17.112003,14.258645,11.942542,8.977983,5.479839,4.985207,0.0,7.2603297,8.1585045,11.828277,14.692279,13.13101,12.092894,15.2027235,17.972397,17.224493,16.619358,20.4217,22.30503,20.678368,22.735401,25.407923,26.676022,26.779085,28.487804,31.093212,30.072187,28.158981,31.563374,33.6947,31.129286,30.780502,28.64221,24.795118,24.31565,27.874125,26.091364,19.594166,21.636631,19.180696,22.571323,21.198347,17.157621,15.630708,11.752921,13.14308,17.381956,13.510901,9.639948,13.766147,16.980394,18.425003,22.041367,22.750786,23.015793,26.29987,27.100567,28.615814,32.33507,28.69287,25.555613,21.7254,23.774754,17.228031,19.528378,15.59884,16.133608,19.31325,17.448427,20.846779,18.405802,21.639074,20.459293,24.510702,28.018797,27.645945,24.251167,24.368881,19.931322,20.652315,19.892313,17.72862,18.41417,16.041624,16.27022,18.808199,17.871105,22.257244
30,35.23322,31.637575,29.640434,25.929499,22.43665,20.260265,17.771326,14.470676,10.395629,12.377058,9.099791,11.523863,9.70015,10.058605,9.276363,6.243281,9.742691,9.331037,14.978162,15.310423,19.83021,22.45099,25.273054,19.318363,17.112164,15.068228,10.799548,9.32791,5.1853004,7.2603297,0.0,7.195736,7.589148,10.263286,7.59433,5.032933,8.360366,11.555863,10.40251,9.458395,13.234537,15.579772,13.955236,15.604875,18.2378,20.109531,20.148685,21.412516,24.076471,22.88686,21.32392,25.006659,27.024857,24.554153,24.679985,23.225805,19.006628,19.478205,22.873888,20.050169,14.132491,17.156727,15.843945,19.026989,16.224249,11.983202,12.802692,9.436389,8.547215,14.275036,12.357427,8.618673,10.347009,15.366728,14.750203,19.255133,19.078777,17.992405,21.713625,21.334734,22.927303,26.512323,22.87248,19.877197,15.884404,18.989243,12.849577,16.621021,13.910478,15.921052,18.89871,17.016058,17.823195,14.513117,17.05296,14.729234,18.972767,21.724436,21.992882,19.131866,18.54769,14.832016,16.080006,15.937237,14.853985,14.706674,14.595502,12.416253,16.252869,15.266084,19.799835
31,38.798508,35.47196,32.57575,29.259386,26.206488,22.966476,21.808733,17.183504,14.483316,15.061445,11.209938,13.531022,10.924904,13.413983,12.946337,12.510534,15.465797,15.935123,20.733923,21.497488,25.938335,28.117668,30.463793,24.004812,21.571022,19.600267,15.459633,13.054619,9.965756,8.1585045,7.195736,0.0,7.2496376,7.4354434,7.1966968,8.909154,10.986245,12.082694,13.365706,14.2128,16.246897,18.238464,18.287048,20.31346,21.471151,23.815065,25.473227,26.047758,27.903227,26.091177,23.835436,28.89881,29.620686,26.376371,26.998768,25.529634,22.017324,21.735731,23.96138,21.396393,16.244541,17.241245,15.04359,17.205542,15.369912,12.118661,10.99787,7.6259184,10.649355,15.35546,12.737593,10.324291,14.16894,18.1641,18.160906,22.584883,23.324295,22.441517,26.89272,26.44527,28.71616,32.421947,29.21413,26.10784,21.779182,25.112982,18.66368,21.572065,18.630266,19.955833,23.49854,22.411678,23.950909,20.976894,23.905777,21.342955,25.751991,27.955488,28.68038,26.007149,24.367458,21.492916,21.922464,21.08334,20.637459,21.172369,21.027819,19.585566,23.333015,22.140034,26.64536
32,32.411556,29.022993,26.066202,22.573843,19.528336,16.487288,15.197095,10.364109,8.43281,7.9807596,4.409755,7.4045386,6.53813,8.996215,12.34029,10.868379,14.935975,15.93066,20.813133,22.255148,26.550905,29.190516,32.463963,26.560926,24.080936,21.504812,18.013498,15.591769,12.2600355,11.828277,7.589148,7.2496376,0.0,5.3863916,7.65791,7.3947845,6.5529456,9.9090805,12.128773,11.762732,12.40036,16.933258,16.863571,17.036488,18.3747,22.550835,22.977491,22.612759,25.197733,22.767475,21.968225,27.37356,28.093151,25.08237,26.761168,26.407307,22.368423,23.465832,25.567734,21.38713,17.490448,19.744268,18.8879,20.63393,16.98599,13.863604,15.519924,12.775646,13.307045,19.139027,17.843693,14.960296,16.86543,22.024647,20.683205,25.53477,25.221794,23.160263,27.344233,25.678043,27.32084,30.475143,26.730011,24.326298,20.557896,24.607878,19.251284,23.502914,21.264034,23.391598,26.417707,24.5286,24.642054,20.9892,22.54489,19.262894,22.910706,24.249199,24.730371,22.055656,18.785275,17.16593,16.51105,15.343781,16.181479,16.992653,18.670378,17.327108,21.824238,21.763763,26.207712
33,32.918114,29.91533,26.443361,23.630537,21.152632,17.07716,17.426859,12.218098,11.1914215,11.686797,9.201445,12.444594,11.798427,14.370534,17.094267,15.207675,19.289234,19.406118,24.95481,25.45595,30.000463,32.704468,35.435993,29.380716,27.17011,25.083162,20.797724,18.868523,15.049342,14.692279,10.263286,7.4354434,5.3863916,0.0,5.421898,8.146539,7.0827456,6.9680905,10.821913,12.137109,11.542905,14.886929,16.203936,17.02672,16.947168,21.067461,23.072416,22.290657,23.891329,21.202425,19.60945,25.9172,25.613409,22.111578,24.114325,23.928837,20.46526,21.292446,22.417921,18.23099,15.371631,16.482216,15.799814,16.589897,12.970669,10.863033,12.628713,10.970503,12.283962,17.34469,16.799839,15.116612,16.924751,21.728073,19.99499,24.86865,24.87465,22.581585,27.365683,25.405697,27.721472,30.975136,27.912727,25.33697,21.247183,25.587212,20.24795,24.089499,22.290117,24.44737,27.695784,26.555933,26.207857,22.72901,24.58956,20.971697,24.958408,25.73237,27.10786,25.114145,21.773123,20.718653,20.667816,19.90447,21.048098,21.38401,23.27525,20.875097,25.38432,24.600426,28.941315
34,33.48434,30.379944,27.544619,24.649502,21.893429,18.24067,17.956081,13.635848,11.110197,13.485104,10.931804,14.518899,13.58325,15.177612,16.404865,13.397077,17.267385,16.201035,22.362665,21.742554,26.407114,29.194494,31.476768,25.569937,23.763088,22.235682,17.314947,16.345428,12.050083,13.13101,7.59433,7.1966968,7.65791,5.421898,0.0,4.499581,6.0838103,5.252889,6.6015196,8.497087,9.739128,11.188825,11.950002,14.025861,14.481915,17.068075,19.37688,19.49873,20.928923,19.050968,16.6664,22.113005,22.514874,19.274097,20.254194,19.412323,15.783913,16.31571,18.147778,14.6214,10.374506,12.095994,11.413456,13.214484,9.618295,6.236905,8.547017,6.938218,6.926687,12.198644,12.105449,10.635615,11.67399,16.512003,14.573918,19.455694,19.488098,17.409151,22.257067,20.765282,23.32352,26.868597,24.109192,21.142195,16.771463,20.850632,15.285339,18.844057,17.286951,19.580345,22.766058,21.977005,21.364626,18.110016,20.439346,17.067556,21.498083,22.786898,24.432686,22.668253,20.773586,18.835249,20.071747,20.069168,20.444193,20.020716,21.405966,17.947594,22.143234,20.623144,24.825035
35,31.581806,28.202082,25.970806,22.64352,19.47014,16.676273,15.187797,11.708934,8.053557,11.254938,9.0052185,12.469977,11.914611,12.435986,13.747686,9.726444,13.76386,12.456112,18.756708,18.178957,22.761261,25.73799,28.416727,22.84837,21.08397,19.397453,14.771621,14.10554,9.741354,12.092894,5.032933,8.909154,7.3947845,8.146539,4.499581,0.0,4.286726,6.846033,5.705313,5.343812,8.412573,10.928405,10.021678,11.508072,13.449813,15.996878,16.729279,17.314169,19.638548,18.130022,16.558252,20.951328,22.432945,19.818665,20.493736,19.68115,15.421372,16.576122,19.375954,15.678841,10.780649,14.118915,13.824695,16.389248,12.540439,8.585181,11.448874,9.284115,7.073522,13.076707,12.930107,10.391144,10.3302765,15.832049,13.684543,18.596975,17.98069,15.765945,20.032434,18.553276,20.50144,23.958553,20.6669,17.810492,13.657016,17.71025,12.341466,16.658443,15.149687,17.79116,20.593143,19.164762,18.189892,14.6127615,16.533047,13.181554,17.496386,19.1924,20.372982,18.327015,16.891655,14.438698,15.995437,16.308308,16.38935,15.676196,17.221235,13.516056,17.846058,16.67604,20.908657
