,0,1,2,3,4,5,6,7,8,9,10,11,12,13,14,15,16,17,18,19,20,21,22,23,24,25,26,27,28,29,30,31,32,33,34,35,36,37,38,39,40,41,42,43,44,45,46,47,48,49,50,51,52,53,54,55,56,57,58,59,60,61,62,63,64,65,66,67,68,69,70,71,72,73,74,75,76,77,78,79,80,81,82,83,84,85,86,87,88,89,90,91,92,93,94,95,96,97,98,99,100,101,102,103,104,105,106,107,108
0,0.0,4.2666855,6.4485846,9.558349,12.04287,14.487313,17.646597,21.527279,24.499556,27.07694,30.922762,30.490791,27.483608,26.54695,21.628222,21.278137,16.71282,17.098202,15.041808,14.517524,17.026102,14.157042,19.714113,22.505196,22.655148,24.936117,25.683668,27.13564,24.229675,26.54237,27.24234,28.694775,33.207314,32.486538,37.01038,37.216682,40.76393,41.391354,37.938694,34.60829,37.3051,33.45469,32.117496,31.703552,29.950657,30.103582,27.000149,28.940569,25.703964,28.062878,26.265594,28.090353,29.623217,27.95072,22.930681,24.209528,22.826895,25.767073,23.896387,26.058731,26.019938,31.50782,31.270498,35.48642,38.938114,39.23576,37.20011,37.625046,42.783653,41.631264,37.572777,40.67388,37.04759,42.23806,37.23114,36.9492,37.39102,34.698288,35.0114,36.210384,33.356903,29.82473,28.01591,25.021576,23.077362,21.382654,19.20688,16.906673,14.762593,16.164883,13.905894,17.560966,14.090859,12.465767,12.392363,13.524508,13.733182,17.368065,18.663284,21.876133,24.378757,26.07553,28.308807,26.635447,31.108799,28.132822,32.66735,32.58781,36.822193
1,4.2666855,0.0,5.239399,6.600294,8.563016,12.142825,14.170591,18.90975,21.298477,24.185612,27.801907,27.891907,25.29139,24.142838,19.446207,18.389936,14.158275,13.6495285,12.0366535,10.625008,13.434686,11.094387,16.539202,18.983027,19.319347,21.173265,21.841042,23.05055,19.983553,22.290188,23.034712,24.604881,29.345268,28.842701,33.32708,33.770233,37.19783,37.613422,34.14838,30.733618,33.28068,29.286682,27.948036,27.437077,25.750887,25.908546,22.91734,25.029982,21.992462,24.602448,23.096092,25.21309,27.090258,25.728788,20.517021,21.913937,19.78432,22.831522,21.20527,22.816328,22.387339,27.96065,27.392824,31.568691,34.923504,35.169273,33.04815,33.405674,38.5558,37.4049,33.332478,36.443134,32.835728,38.126633,33.203835,33.07911,33.68517,31.092533,31.664585,32.966003,30.411102,26.736319,25.062435,21.855953,19.551006,17.919214,15.28964,12.769937,10.505115,12.132701,10.290677,14.251704,11.546187,10.978995,10.318692,10.583639,11.021058,13.826035,16.065989,18.635622,21.729134,24.034834,25.610304,23.60656,27.996647,24.506678,29.057467,28.81136,32.980526
2,6.4485846,5.239399,0.0,5.1748056,6.848792,8.387439,12.0408745,15.216404,18.592323,20.810232,24.985111,24.45019,21.424433,20.856323,15.879762,16.150381,12.083023,12.724672,12.7124815,12.57926,16.34215,15.219105,20.551735,22.727041,23.441826,24.611187,24.70856,25.503601,21.04448,23.334316,23.158878,24.833755,28.114481,27.770336,31.906862,31.997957,35.823868,36.546597,33.506126,30.5374,32.710922,29.63561,27.790663,28.374132,25.878359,27.144228,24.177513,26.905209,24.076536,26.739597,25.964703,27.410774,29.924416,27.877728,22.801455,23.323946,20.93858,23.344189,20.745985,22.357498,22.548494,27.301554,26.918764,31.311623,34.241108,35.33506,33.673798,33.73426,38.96655,38.536896,34.74605,37.897903,34.198242,39.522507,34.2269,34.681625,34.81279,31.857273,32.169453,32.90266,30.304235,26.997623,24.260092,21.674843,19.15093,18.75819,15.295016,14.849406,12.497106,14.961168,13.291825,17.405352,14.670033,13.936995,11.638184,11.2491865,9.883708,12.955221,13.726732,16.369356,18.782766,20.235762,22.314457,20.771278,24.986269,22.4626,26.925713,27.085293,31.383984
3,9.558349,6.600294,5.1748056,0.0,3.7671146,6.1796155,8.714679,13.025041,15.22411,18.312836,21.575834,21.460302,18.929285,17.570312,12.970753,11.870522,7.70685,7.7699046,7.7629023,8.168515,12.204677,12.302912,17.248505,19.340569,21.074057,21.66735,22.416088,22.384228,17.794504,19.298306,19.46831,20.238276,23.99708,23.107044,27.55985,27.671785,31.294794,32.042,28.756733,25.694538,28.352486,25.207014,23.812452,24.559504,22.52333,24.14611,21.783838,24.885752,22.63789,25.763845,25.27629,27.450548,30.153656,28.847599,23.631535,24.529034,21.167627,23.728065,21.606684,22.139952,21.520462,26.230167,24.91895,29.225676,31.50374,32.791164,30.842638,30.39944,35.59671,35.19426,31.118729,33.86223,29.933216,34.92039,29.407185,29.79536,29.73087,26.716406,26.995913,27.781479,25.237274,21.862196,19.311083,16.55346,14.090954,13.621883,10.50999,10.816658,9.466688,12.813406,12.617511,16.813808,15.510942,15.954217,13.74968,12.308475,11.233923,12.159378,14.558172,15.380278,18.874393,20.921755,21.806725,19.794134,23.274601,19.802465,24.250767,23.676662,28.113798
4,12.04287,8.563016,6.848792,3.7671146,0.0,5.344441,5.6331854,10.813197,12.802013,15.755917,19.356762,19.791986,17.647762,16.605934,12.309719,11.090994,8.276762,6.965478,9.277573,8.27396,12.629985,13.453369,17.71903,19.056791,20.466042,20.468845,20.436943,20.32634,14.997107,16.925596,16.496355,18.134914,21.402027,21.364147,25.41095,25.827057,29.507221,29.962936,26.960022,23.973005,25.89325,22.884014,20.978668,21.910591,19.362082,21.253233,18.792597,22.139505,20.05009,23.186678,23.233025,25.090195,28.221094,26.769127,21.68991,22.23668,18.44421,20.718428,18.500257,18.667093,18.08072,22.544525,21.274363,25.626041,27.98475,29.356604,27.613857,27.264324,32.490917,32.315586,28.52574,31.53983,27.790693,33.137646,27.826777,28.721966,28.903198,26.017944,26.671516,27.400846,25.3619,21.989971,19.245005,16.532576,13.251575,13.647583,8.895039,9.808906,7.8672047,11.296913,11.30544,15.301735,14.512163,15.466104,12.49345,10.247258,8.764456,8.665164,11.381753,11.690669,15.458419,17.96278,18.440683,16.243328,19.921915,16.352943,20.861458,20.582085,24.8999
5,14.487313,12.142825,8.387439,6.1796155,5.344441,0.0,6.028568,7.2632737,10.680027,12.909195,16.801071,16.073587,13.212967,12.617681,7.7778425,8.683096,6.2274957,7.7068067,10.92516,12.217387,16.506124,17.79483,22.107363,23.601843,25.549171,25.277565,25.287487,24.700907,18.679056,19.980051,18.864565,19.74792,21.222061,20.735197,24.500652,24.230267,28.31494,29.362349,26.765976,24.41156,26.338202,24.560228,22.516619,24.72747,21.749914,24.80141,22.712133,26.454107,24.684982,27.806149,28.236164,29.741846,33.12974,31.312256,26.38761,26.43406,22.668839,24.395782,21.482086,21.533407,21.435827,24.817926,23.508993,27.892145,29.385006,31.77714,30.429811,29.538902,34.68767,35.235004,31.636835,34.344273,30.444181,35.370422,29.605503,30.845167,30.270084,26.960533,27.04625,27.06562,24.787971,22.034351,18.132473,16.436152,13.587745,15.226462,11.041827,14.140287,12.926358,16.523684,16.590252,20.546228,19.511915,20.033266,16.688166,14.561341,12.050132,12.022991,12.897791,12.590461,15.400811,16.542042,17.33064,15.803373,18.568008,16.247616,20.407623,20.261345,24.775524
6,17.646597,14.170591,12.0408745,8.714679,5.6331854,6.028568,0.0,6.764653,7.4069843,10.618747,13.968306,15.037009,13.686117,12.708597,9.535428,7.9149365,7.984515,5.866848,11.03865,10.457015,14.508932,16.868101,19.960566,20.478468,22.401266,21.24971,20.790657,19.709185,13.135614,14.427525,12.891424,14.482973,16.187105,16.704615,20.237902,20.714048,24.534292,24.948591,22.387465,19.83222,21.089542,19.023045,16.66821,18.875307,15.726674,19.057364,17.302965,21.338924,20.159208,23.439516,24.481651,26.15009,29.86826,28.532038,23.821175,23.913715,19.339315,20.917273,18.621199,17.525562,16.723476,19.927795,17.967585,22.250803,23.623377,25.89567,24.474503,23.511549,28.66686,29.253546,25.785341,28.61156,24.87605,30.113157,24.683388,26.374817,26.271069,23.308874,24.0753,24.357409,22.912184,19.938654,16.556784,14.482608,10.546516,12.868443,6.986087,10.90442,9.965991,13.428907,14.521854,17.851244,18.194324,19.759762,16.291784,13.282194,11.302301,8.66297,11.311996,8.851812,13.069691,15.7160845,14.812317,12.409237,15.035694,11.169198,15.559317,15.133042,19.55827
7,21.527279,18.90975,15.216404,13.025041,10.813197,7.2632737,6.764653,0.0,5.3088994,5.7660437,10.542569,9.955686,7.821229,8.529958,5.9211636,8.167185,9.930396,10.547693,15.71047,16.696297,20.723932,23.13532,26.434559,27.055307,29.152409,27.825151,27.085884,25.782583,18.754034,19.612911,17.10804,18.196808,16.706999,17.277155,19.741116,19.34768,23.74372,24.814552,23.216892,21.77589,22.38913,22.269882,19.524544,23.268167,19.467169,23.981142,22.53588,26.780056,25.85798,28.904537,30.40417,31.395758,35.430378,33.495087,29.082102,28.452625,24.122189,24.905008,21.747883,20.675953,20.760942,22.275171,20.662148,24.77938,25.085339,28.681343,28.022856,26.577019,31.439524,33.054207,30.152693,32.719357,29.075317,33.839706,28.186266,30.454649,29.584978,26.292868,26.492645,25.819159,24.384655,22.351519,17.641022,17.09004,13.849155,17.438078,12.6040945,17.51913,16.69625,20.096199,20.786798,24.117811,23.948353,24.991756,21.019423,18.20834,15.249842,13.317964,13.288694,10.432892,12.499722,13.050531,12.3478155,11.229071,12.227503,11.180437,14.578899,14.884868,19.224953
8,24.499556,21.298477,18.592323,15.22411,12.802013,10.680027,7.4069843,5.3088994,0.0,4.6147685,6.58285,8.184166,8.406426,7.624173,7.707458,6.8965526,10.720776,9.919765,15.514517,16.254005,19.639544,22.97199,25.239336,25.324114,27.942352,25.916918,25.42974,23.314447,16.337658,16.161816,13.526891,13.700236,11.509257,12.121711,14.539131,14.437725,18.696949,19.58391,17.95652,16.643776,17.17302,17.483402,14.974058,19.356981,15.925963,21.06985,20.51382,24.952187,24.803442,28.037252,29.889362,31.347551,35.447,34.189865,29.900455,29.573248,24.666727,25.46665,23.052193,20.939283,20.162954,21.27572,18.579466,22.30919,21.63441,25.52739,24.691874,22.614573,27.299166,29.125029,26.19445,28.310326,24.626686,29.02882,23.366987,25.967516,24.984802,21.810951,22.225922,21.486078,20.679913,18.82203,14.348913,14.054322,10.660184,15.063398,10.61305,16.410591,16.531298,19.834282,21.499243,24.395866,25.282673,27.002188,23.310724,20.138666,17.816957,14.476362,15.92691,11.511252,14.572997,16.142702,13.680578,11.889606,11.302928,8.417281,11.414666,10.4461,15.01233
9,27.07694,24.185612,20.810232,18.312836,15.755917,12.909195,10.618747,5.7660437,4.6147685,0.0,6.000421,6.6879034,7.126792,8.534061,9.346161,10.748892,14.2896595,14.167234,19.728436,20.437313,24.02394,27.107988,29.573137,29.565403,31.805567,29.73604,28.632547,26.736326,19.5065,19.76594,16.453081,17.416624,13.282322,14.923824,15.890277,15.524291,19.957512,20.916843,20.288963,19.729996,19.101042,20.496319,17.407734,22.26038,18.176218,23.637934,22.948128,27.364088,27.228167,30.167,32.37213,33.161465,37.51294,35.749077,31.774754,30.867407,26.189058,26.374094,23.455242,21.402077,21.34434,21.295935,19.216124,22.776787,21.782648,26.343088,26.201075,24.207647,28.62707,31.083666,28.792143,31.064898,27.73441,32.14751,26.790636,29.801939,28.759495,25.669004,26.024885,24.896872,24.31687,22.901316,18.117558,18.372814,15.209807,19.66975,15.053589,20.551882,20.170507,23.27327,24.487902,27.278769,27.842167,29.309757,25.221628,22.098427,19.296211,16.248644,16.203129,11.770858,13.234723,13.647078,10.993902,10.20656,8.323378,8.458708,10.336829,10.816787,14.739836
10,30.922762,27.801907,24.985111,21.575834,19.356762,16.801071,13.968306,10.542569,6.58285,6.000421,0.0,4.873575,8.336305,8.059756,11.4833555,11.27679,15.984653,15.631922,20.84445,22.03129,24.895634,28.704432,30.347761,30.102095,33.092773,30.521748,30.044058,27.30419,20.590343,19.462374,16.485506,15.513635,9.734267,10.399612,10.613975,9.679638,14.183681,15.579109,15.320525,15.628473,15.201228,17.95309,15.72318,21.34943,18.177107,24.109539,24.465208,28.92561,29.501877,32.620766,34.964527,36.315346,40.59239,39.48345,35.52599,34.9939,29.94192,30.272936,27.970963,25.254208,24.439058,24.081476,20.976677,23.873095,21.374128,26.409071,26.082396,23.165234,27.075499,29.893002,27.568272,28.932037,25.527437,28.913267,23.436481,26.69519,25.034403,21.966251,22.088156,20.44247,20.467766,19.82938,15.157582,16.407606,14.100339,19.021015,15.898082,21.965685,22.589487,25.72003,27.713501,30.307478,31.577679,33.44391,29.690712,26.436037,24.076746,20.43561,21.461468,16.489342,18.584135,19.380926,15.981368,14.942134,11.52779,10.427303,10.729679,9.1411295,12.767187
11,30.490791,27.891907,24.45019,21.460302,19.791986,16.073587,15.037009,9.955686,8.184166,6.6879034,4.873575,0.0,4.273862,5.223539,9.3576565,11.147954,15.408293,16.454891,21.287489,23.386005,26.57306,30.026213,32.359985,32.668247,35.7677,33.64147,33.39707,30.937178,24.118061,23.24967,20.541822,19.401302,14.470488,13.911298,14.634031,12.768219,17.286966,19.398745,19.06519,19.433487,19.812683,22.374609,20.345297,25.730118,22.52064,28.249104,28.18677,32.66193,32.7945,35.947136,37.996952,39.256737,43.476414,42.008827,37.834137,37.212894,32.442345,32.863712,30.055637,27.954756,27.584146,27.514025,24.907629,28.09391,25.954887,30.976803,30.675022,27.927479,31.926224,34.65528,32.162853,33.538708,29.951714,33.190502,27.400629,30.273817,28.211954,24.804884,24.306082,22.336615,21.609192,21.263199,15.906544,17.618977,15.889673,20.615517,17.868454,24.014992,24.444841,27.903381,29.48789,32.53103,33.149303,34.564186,30.72535,27.72417,24.986027,22.200329,22.485971,18.315018,19.804115,19.533257,17.215282,16.805305,13.817453,14.031319,14.765138,13.873241,17.42465
12,27.483608,25.29139,21.424433,18.929285,17.647762,13.212967,13.686117,7.821229,8.406426,7.126792,8.336305,4.273862,0.0,3.9707003,6.30671,9.971374,13.222875,15.1986475,19.724825,22.192543,25.737608,28.67952,31.686417,32.44291,35.375237,33.74767,33.57686,31.564634,24.676683,24.332365,21.859917,21.11388,17.521126,16.701372,18.327724,16.57306,21.094973,23.209488,22.344316,22.132568,23.061747,24.737171,22.627699,27.492441,24.138803,29.45844,28.828798,33.245686,32.8488,36.00296,37.69189,38.8734,42.966415,41.195766,36.822605,36.192413,31.737703,32.346725,29.19406,27.742716,27.70159,28.264242,26.137499,29.744083,28.450716,33.078423,32.6408,30.302404,34.645252,36.9892,34.226086,35.93079,32.17365,35.782204,29.790941,32.25814,30.30738,26.717152,26.07135,24.349302,22.92001,22.190224,16.637835,17.917488,16.14388,20.417528,17.481756,23.329443,23.387653,27.012184,28.133125,31.513887,31.524479,32.53878,28.69574,25.965567,23.009256,21.040798,20.855787,17.595024,18.872341,18.131329,16.962444,16.720331,15.002544,15.378206,17.049692,16.643023,20.564215
13,26.54695,24.142838,20.856323,17.570312,16.605934,12.617681,12.708597,8.529958,7.624173,8.534061,8.059756,5.223539,3.9707003,0.0,5.1005297,7.01538,10.842907,12.774471,16.943779,19.82061,23.006893,26.233397,28.9536,29.79575,33.172443,31.520617,31.933533,29.632868,23.139557,22.229101,20.340319,18.600975,15.991757,13.994687,16.52771,14.693954,19.062864,21.317722,19.819727,19.330175,21.220325,22.491676,21.01997,25.669085,22.957548,28.103785,27.761723,32.157352,31.886793,35.239185,36.71558,38.427567,42.33066,41.01671,36.455784,36.26371,31.606222,32.604927,29.863564,28.231438,27.650152,28.786222,26.134407,29.71679,28.335693,32.660988,31.78148,29.227943,33.60036,35.60918,32.447548,33.820015,29.833447,33.11321,26.890753,29.039492,26.888433,23.187136,22.357386,20.697105,19.048351,18.294556,12.706908,14.135337,12.825171,17.063536,15.031597,21.068193,21.699793,25.43663,26.975227,30.379507,30.714056,31.951015,28.45565,25.691742,23.125051,20.897787,21.735495,18.295462,20.53259,20.623512,19.143885,18.262547,16.796888,15.623428,17.605293,16.23284,20.4253
14,21.628222,19.446207,15.879762,12.970753,12.309719,7.7778425,9.535428,5.9211636,7.707458,9.346161,11.4833555,9.3576565,6.30671,5.1005297,0.0,5.3871975,7.102307,9.8745365,13.837766,16.687645,20.356632,22.902773,26.361687,27.597197,30.56418,29.488289,29.85014,28.17428,21.7233,21.61561,20.01546,19.18185,18.318707,16.785402,20.055067,18.819916,23.133678,24.970312,22.919891,21.586058,23.681883,23.677294,21.966658,25.756033,22.87485,27.329765,26.283224,30.5097,29.625834,32.93567,33.98391,35.628483,39.340763,37.78118,33.035137,32.914696,28.605629,29.881067,26.953537,26.006266,25.669607,27.674976,25.546951,29.554455,29.31169,32.96552,31.891346,29.955566,34.726395,36.17154,32.754486,34.65774,30.600609,34.54868,28.344046,30.066807,28.437777,24.757036,24.163286,23.16424,20.99851,19.374456,14.196922,14.328745,12.433989,15.813982,13.055211,18.391474,18.45592,22.275331,23.281424,26.978382,26.722324,27.611479,24.177965,21.689863,19.053196,17.663038,18.340696,15.981973,18.35158,18.557518,18.12711,17.088514,17.308914,15.799555,18.84552,18.02156,22.53019
15,21.278137,18.389936,16.150381,11.870522,11.090994,8.683096,7.9149365,8.167185,6.8965526,10.748892,11.27679,11.147954,9.971374,7.01538,5.3871975,0.0,4.946752,5.887144,10.146788,12.865363,16.009722,19.253433,21.980972,23.003183,26.450577,25.10429,26.0291,23.908451,17.9683,17.145811,16.267467,14.462375,15.268527,13.001732,17.254143,16.526455,20.403101,21.91084,19.106457,17.149147,20.062788,19.235338,18.193914,21.53051,19.45316,23.610233,23.017492,27.18624,26.632107,30.151794,31.100185,33.392353,36.922215,36.0665,31.247732,31.664577,26.985395,28.64411,26.470867,25.01399,23.856081,26.398127,23.557589,27.393824,27.081467,30.237246,28.64694,26.53346,31.298748,32.298817,28.489431,30.103806,25.874758,29.6611,23.377417,24.826475,23.325045,19.698238,19.342773,18.816624,16.750673,14.577164,9.921249,9.264213,7.0536165,10.628594,8.500376,14.29796,15.254961,19.0793,20.88554,24.345108,24.899368,26.366602,23.39668,20.699308,18.81361,16.551214,18.860146,15.8868885,19.492085,20.989798,19.680359,17.815794,18.124886,14.692625,17.964422,16.108524,20.729137
16,16.71282,14.158275,12.083023,7.70685,8.276762,6.2274957,7.984515,9.930396,10.720776,14.2896595,15.984653,15.408293,13.222875,10.842907,7.102307,4.946752,0.0,4.598796,6.820915,10.350355,13.833995,16.116167,19.806639,21.559498,24.762209,24.25374,25.515196,24.06971,18.718807,18.568623,18.38329,17.14184,19.548363,17.346006,21.931076,21.353746,25.060053,26.451927,23.27679,20.808126,24.097305,22.233477,21.313643,23.588009,21.72229,24.897594,23.675175,27.488583,26.27077,29.74522,30.024197,32.450783,35.595295,34.64035,29.565727,30.267008,26.066828,28.174046,25.966534,25.309454,24.30979,27.823849,25.48082,29.574575,30.209723,32.669662,30.82518,29.26028,34.23439,34.614876,30.507166,32.40947,28.133165,32.195827,26.006378,26.759651,25.602438,22.063875,21.670914,21.68541,18.993454,16.286297,12.529991,10.82933,9.05891,10.421648,8.685394,12.797007,13.353587,17.270737,18.515205,22.370296,22.22427,23.251656,20.683956,18.49845,16.838003,15.803268,18.16838,16.652964,20.2855,21.806879,21.534716,19.649405,21.210966,17.769547,21.608612,20.151644,24.802252
17,17.098202,13.6495285,12.724672,7.7699046,6.965478,7.7068067,5.866848,10.547693,9.919765,14.167234,15.631922,16.454891,15.1986475,12.774471,9.8745365,5.887144,4.598796,0.0,5.7245336,7.056217,10.605553,13.596041,16.569872,17.739145,20.875029,19.970219,21.119324,19.503849,14.221814,14.072534,14.180519,13.306727,16.955349,15.417914,20.11365,20.282562,23.680431,24.443457,21.038418,18.06335,21.112144,18.431313,17.516672,19.215826,17.589058,20.412174,19.304987,23.092281,22.09187,25.652954,26.066236,28.735996,31.909697,31.348286,26.360802,27.272064,22.739119,24.960272,23.31507,22.201618,20.680786,24.479359,21.82912,25.80807,26.70221,28.66861,26.592335,25.179579,30.197365,30.270754,26.084187,28.15678,23.955297,28.409105,22.495817,23.329565,22.794052,19.591423,19.91902,20.486828,18.420666,15.145142,12.346577,9.617817,6.46658,7.6477814,4.1417994,8.689811,9.625774,13.499376,15.401647,18.90219,19.570269,21.233171,18.77631,16.223497,15.136822,13.070339,16.616795,14.546097,18.930557,21.44991,20.485159,18.053009,19.900965,15.341518,19.36497,17.673235,22.196651
18,15.041808,12.0366535,12.7124815,7.7629023,9.277573,10.92516,11.03865,15.71047,15.514517,19.728436,20.84445,21.287489,19.724825,16.943779,13.837766,10.146788,6.820915,5.7245336,0.0,5.397081,7.6708894,9.89757,13.421722,15.726412,19.35006,19.396255,21.821358,20.525808,17.00306,16.593676,18.039762,16.360886,21.568268,19.065159,24.269657,24.321764,27.25544,28.126469,24.166044,20.83635,24.94937,21.453691,21.478815,22.048117,21.503784,23.161106,22.024529,25.177084,23.845257,27.37401,26.890148,30.201313,32.66326,32.564655,27.37961,28.982107,24.94969,27.765453,26.545553,25.956127,24.216513,28.83534,26.25238,30.107954,31.355936,32.630913,30.086992,28.866013,33.7694,33.10229,28.441229,30.181444,25.866306,29.821089,23.977736,23.659615,23.143578,20.068464,20.051165,21.186888,18.40964,14.799542,13.459791,10.1053095,9.025792,6.7723975,7.6503377,8.594887,10.287422,13.741538,15.546446,19.119448,19.504692,20.892271,19.561825,17.783663,17.505106,16.551588,20.400526,19.393997,23.773075,26.293102,25.844332,23.405758,25.593107,20.886633,24.910297,22.948324,27.355951
19,14.517524,10.625008,12.57926,8.168515,8.27396,12.217387,10.457015,16.696297,16.254005,20.437313,22.03129,23.386005,22.192543,19.82061,16.687645,12.865363,10.350355,7.056217,5.397081,0.0,4.3837676,6.721328,9.963253,11.627069,14.48639,14.533521,16.586006,15.763366,12.7740345,13.243837,15.079014,14.880592,21.09705,19.893188,24.767075,25.579556,28.320925,28.46335,24.544853,20.810856,24.096844,19.63381,19.338,18.735554,18.293764,18.888174,17.366255,20.162682,18.634447,22.124247,21.517265,24.98044,27.363258,27.521635,22.408754,24.264648,20.192982,23.229387,22.615332,21.9779,19.913895,25.102097,22.704754,26.456993,28.529348,28.951925,26.242144,25.65192,30.616411,29.436316,24.826008,27.137995,23.142239,27.89364,22.739378,22.51887,23.085077,20.630056,21.552155,23.22621,21.232294,17.267132,16.664667,12.842982,10.477724,7.995654,6.4623804,3.5726464,5.28043,8.4261875,10.706096,13.9459715,15.00065,16.999384,15.934017,14.026897,14.611574,13.243792,17.977709,17.213266,21.914814,25.253563,24.60227,21.819136,24.725758,19.469322,23.662125,22.003971,26.084557
20,17.026102,13.434686,16.34215,12.204677,12.629985,16.506124,14.508932,20.723932,19.639544,24.02394,24.895634,26.57306,25.737608,23.006893,20.356632,16.009722,13.833995,10.605553,7.6708894,4.3837676,0.0,4.8112154,6.020042,8.08371,11.994437,12.24104,15.684794,14.60128,13.64896,13.3083,16.29303,15.234779,22.63252,20.991962,26.019154,27.03432,29.191036,29.1219,24.849678,20.842209,24.680984,19.537294,20.156786,18.5631,19.355999,19.0223,18.05276,20.24216,19.041834,22.469576,21.44486,25.610834,27.450787,28.43645,23.508888,25.936771,22.00106,25.27239,25.372917,24.523413,21.957579,27.326424,24.603325,27.926363,29.918615,29.74397,26.605415,26.008717,30.664509,28.86894,23.93072,25.787992,21.824509,26.089054,21.299088,20.250862,21.181614,19.196531,20.30725,22.57533,20.71557,16.5882,17.447052,13.362178,11.950943,7.9851465,9.136723,4.8407845,7.8457804,9.433592,12.322158,14.657737,16.474564,18.752264,18.598003,17.00909,18.238775,16.718866,21.81194,20.900568,25.751488,29.348671,28.39349,25.461424,28.135033,22.43368,26.354706,24.235184,28.019012
21,14.157042,11.094387,15.219105,12.302912,13.453369,17.79483,16.868101,23.13532,22.97199,27.107988,28.704432,30.026213,28.67952,26.233397,22.902773,19.253433,16.116167,13.596041,9.89757,6.721328,4.8112154,0.0,5.6691546,8.977968,11.220773,13.169554,16.479158,16.687855,16.494375,17.145514,19.968088,19.79172,27.026127,25.639439,30.629004,31.59348,33.91234,33.85963,29.637413,25.631454,29.25834,23.977215,24.296066,22.24604,22.808327,21.717875,20.045006,21.578108,19.597193,22.646109,20.763935,24.88686,26.111664,26.998734,21.998894,24.762262,21.672306,25.263235,25.436716,25.428297,23.217607,29.142069,27.095158,30.518995,33.271843,32.621807,29.517231,29.506306,34.189976,32.031796,27.217268,29.413511,25.740513,30.176994,25.782219,24.467789,25.641918,23.810131,24.81232,27.12015,24.98403,20.906979,21.64038,17.63941,16.301071,12.428119,12.938511,7.776144,8.853007,9.409922,10.961932,13.306433,14.178211,15.920226,16.755417,16.057121,17.836618,17.607212,22.336287,22.644726,27.165472,30.663519,30.429176,27.621473,31.00656,25.651295,29.818756,28.158907,31.965076
22,19.714113,16.539202,20.551735,17.248505,17.71903,22.107363,19.960566,26.434559,25.239336,29.573137,30.347761,32.359985,31.686417,28.9536,26.361687,21.980972,19.806639,16.569872,13.421722,9.963253,6.020042,5.6691546,0.0,4.0582066,7.8995824,9.46262,14.236344,13.861648,15.872139,15.66779,19.42465,18.712212,26.857689,25.497454,30.322142,31.708487,33.33553,32.829945,28.44568,24.257116,27.965149,22.05677,23.18678,20.074518,21.916853,19.89386,19.065598,19.977976,18.780891,21.742472,19.861399,24.692991,25.557068,27.524803,23.016489,26.172504,22.868795,26.43015,27.473108,26.769457,23.873526,29.642492,27.082739,29.882975,32.407055,31.10001,27.590092,27.560942,31.77842,29.003902,24.004234,25.727222,22.307148,26.29757,22.671522,20.745403,22.6197,21.573137,23.098206,25.967865,24.470224,20.39074,22.41986,18.341608,17.346458,13.093559,14.6507435,9.244913,11.43817,10.875635,13.546294,14.4244175,16.855482,19.305536,20.434044,19.472746,21.619026,20.373169,25.666433,25.199514,30.009766,33.978016,33.00601,29.950155,32.906536,26.963238,30.712753,28.587532,31.90356
23,22.505196,18.983027,22.727041,19.340569,19.056791,23.601843,20.478468,27.055307,25.324114,29.565403,30.102095,32.668247,32.44291,29.79575,27.597197,23.003183,21.559498,17.739145,15.726412,11.627069,8.08371,8.977968,4.0582066,0.0,5.601134,5.7492228,11.054495,10.296906,13.67183,13.341026,17.393131,17.109825,25.453552,24.730803,29.142935,30.946228,32.27042,31.310963,27.07963,22.855207,25.981731,19.722973,20.9466,17.067778,19.45015,16.718512,16.314259,16.849308,16.216827,19.119312,17.57258,22.617247,23.564756,26.010592,21.88633,25.050323,21.492912,24.877262,26.449594,25.237555,21.962755,27.51067,24.7586,27.135765,29.69241,27.907118,24.252558,24.400259,28.38038,25.294952,20.342932,22.157608,19.05115,23.313879,20.359379,18.620502,21.200949,20.681637,22.792736,25.810442,24.979603,20.958904,23.206388,19.1934,17.791628,14.091646,14.977871,9.641304,11.846278,10.539733,13.782677,13.719875,17.19448,20.17761,21.106388,19.81867,22.122534,20.131483,25.673021,24.727102,29.597116,33.91062,32.44911,29.26517,32.05758,25.880756,29.323519,27.166306,30.044258
24,22.655148,19.319347,23.441826,21.074057,20.466042,25.549171,22.401266,29.152409,27.942352,31.805567,33.092773,35.7677,35.375237,33.172443,30.56418,26.450577,24.762209,20.875029,19.35006,14.48639,11.994437,11.220773,7.8995824,5.601134,0.0,4.502371,8.222467,9.880351,14.393071,15.613925,19.095757,20.552067,28.426737,28.70622,32.71389,34.7795,36.267406,34.996056,31.095667,26.932718,29.073584,22.722267,23.180988,18.620506,20.50542,16.506096,15.226919,14.490608,13.137477,15.347041,12.929901,18.14267,18.433268,21.279903,17.562744,21.11843,18.3538,21.865381,24.10184,23.375805,20.261173,26.198448,24.272402,26.446278,30.100658,27.404247,23.895998,25.082014,28.953522,25.410282,21.04181,23.697632,21.380966,26.31773,24.23264,22.915066,25.998487,25.705547,28.052658,30.994102,30.304134,26.261194,28.042774,24.014843,21.985651,18.786144,18.167486,12.205073,12.782573,9.863435,12.067823,10.464744,14.298994,17.40285,19.047117,18.290358,21.271238,19.78533,25.069437,24.954699,29.440437,33.976494,32.838333,29.701572,33.194893,27.306675,30.801424,29.317545,31.89518
25,24.936117,21.173265,24.611187,21.66735,20.468845,25.277565,21.24971,27.825151,25.916918,29.73604,30.521748,33.64147,33.74767,31.520617,29.488289,25.10429,24.25374,19.970219,19.396255,14.533521,12.24104,13.169554,9.46262,5.7492228,4.502371,0.0,5.7310643,5.687827,11.265348,11.939748,15.6167,17.094397,24.929806,25.579235,29.217958,31.545088,32.765934,31.211119,27.475346,23.386263,25.10575,18.670082,19.265434,14.342566,16.744814,12.571144,12.117372,11.657237,11.471864,14.07316,12.924841,18.043898,19.125217,22.01762,18.534761,21.620922,18.02163,21.117386,23.466047,21.866457,18.30299,23.677322,21.167614,23.013678,26.21625,23.523617,19.860485,20.814152,24.582935,21.072495,16.580078,19.252169,16.974922,22.17042,20.333176,19.444887,22.808458,22.763882,25.472298,28.37471,28.225426,24.329372,26.177217,22.33564,20.102848,17.491653,16.618414,11.526148,12.644439,10.119519,13.274961,11.711383,16.254591,19.731888,20.462574,18.98272,21.5729,19.01438,24.522083,23.44185,28.07885,32.788593,30.987976,27.750324,30.704826,24.581615,27.694504,25.987549,28.228167
26,25.683668,21.841042,24.70856,22.416088,20.436943,25.287487,20.790657,27.085884,25.42974,28.632547,30.044058,33.39707,33.57686,31.933533,29.85014,26.0291,25.515196,21.119324,21.821358,16.586006,15.684794,16.479158,14.236344,11.054495,8.222467,5.7310643,0.0,4.64135,9.489061,11.991526,14.303067,17.907284,24.486622,26.482344,29.398705,31.994076,33.471268,31.607513,28.49273,24.701258,24.985212,18.981602,18.325783,13.337409,14.518115,9.416256,7.8332148,6.2838907,5.9300327,8.451959,8.2465,12.926854,14.763595,17.39603,14.402576,17.051003,13.321855,16.03519,18.936647,17.137684,13.541989,18.870346,17.026178,18.67187,22.881205,19.603378,16.323004,18.297003,22.151577,18.814888,15.26676,19.150135,17.596428,23.724419,22.336529,22.552202,25.994614,25.86954,28.76784,31.295904,31.425608,27.629282,28.612019,24.981754,21.936573,20.409864,17.71873,13.258715,12.979588,9.855184,12.230416,9.585021,14.562981,18.247442,18.440422,16.779827,19.430109,16.57555,21.671759,20.74019,24.901854,29.827568,27.96379,24.80941,28.136175,22.452656,25.37618,24.471962,26.26616
27,27.13564,23.05055,25.503601,22.384228,20.32634,24.700907,19.709185,25.782583,23.314447,26.736326,27.30419,30.937178,31.564634,29.632868,28.17428,23.908451,24.06971,19.503849,20.525808,15.763366,14.60128,16.687855,13.861648,10.296906,9.880351,5.687827,4.64135,0.0,7.349524,8.20788,11.240598,13.938918,20.887922,22.64576,25.500772,28.193693,29.338896,27.38664,24.18229,20.38394,20.843292,14.62341,14.581562,9.270041,11.600011,6.932834,7.3829427,7.5847335,9.026099,11.930805,12.707691,16.972609,19.197382,21.64651,18.554337,20.79609,16.383972,18.72705,21.115934,18.524948,14.596406,19.094658,16.104864,17.591991,20.601831,17.895573,14.228734,15.217622,19.134233,15.983132,11.689218,15.166125,13.132795,19.275051,17.704138,18.108568,21.565,21.584248,24.64783,27.178185,27.664875,24.049969,25.32896,21.895952,19.050781,17.786999,15.657006,12.233294,13.094807,11.097184,14.466022,12.926376,17.749346,21.440628,21.063559,18.86615,20.915926,17.239061,22.608671,20.546408,25.066233,29.936466,27.441248,24.18036,26.653152,20.535412,23.136501,21.56417,23.277308
28,24.229675,19.983553,21.04448,17.794504,14.997107,18.679056,13.135614,18.754034,16.337658,19.5065,20.590343,24.118061,24.676683,23.139557,21.7233,17.9683,18.718807,14.221814,17.00306,12.7740345,13.64896,16.494375,15.872139,13.67183,14.393071,11.265348,9.489061,7.349524,0.0,4.7569013,5.2436132,10.036852,15.484865,17.89402,20.65628,23.079996,25.09925,23.583326,20.74811,17.266874,17.192604,12.139576,10.260506,7.9426227,6.7550726,6.39898,5.511392,9.427887,10.029029,13.562545,15.372981,18.197134,21.713093,22.40928,18.656801,19.763716,14.446229,16.289433,17.17309,14.176466,10.614742,14.763198,11.379977,14.319093,16.919445,16.298853,13.543951,13.634148,18.664358,17.549675,13.787968,17.47243,14.600186,21.060455,17.772764,19.451065,21.638348,20.522255,23.124485,24.824295,25.05091,21.592386,21.267159,18.21958,14.44427,14.816733,10.506769,9.485091,9.661046,9.511861,12.71932,12.899002,16.667654,20.054619,18.151985,15.133877,16.033567,11.424518,16.64699,13.656293,18.376976,23.090227,20.41607,17.128653,19.54433,13.411315,16.504276,15.279156,17.736528
29,26.54237,22.290188,23.334316,19.298306,16.925596,19.980051,14.427525,19.612911,16.161816,19.76594,19.462374,23.24967,24.332365,22.229101,21.61561,17.145811,18.568623,14.072534,16.593676,13.243837,13.3083,17.145514,15.66779,13.341026,15.613925,11.939748,11.991526,8.20788,4.7569013,0.0,4.536963,5.965902,13.009994,14.5374365,17.566391,20.082504,21.563879,19.999178,16.738554,13.005291,13.779652,8.039725,7.71931,5.516597,6.7813168,7.7581835,9.228523,12.636496,14.062593,17.49715,19.155424,22.449492,25.667036,26.850824,23.137148,24.457869,19.18292,20.981535,21.78786,18.57024,15.021262,18.207224,13.999277,16.294806,17.193428,17.159267,14.056906,12.769746,17.502817,16.51854,12.065228,14.621931,10.978332,16.963125,13.119132,14.877797,16.921572,15.928148,18.72143,20.550112,21.170395,17.887403,18.247187,15.38076,12.176102,12.598968,9.959733,10.181077,11.957349,12.515698,16.257431,16.728212,20.550358,23.902275,22.180878,19.183104,19.835417,15.23204,20.381437,16.708076,21.536337,25.929703,22.794687,19.557537,20.782215,14.293811,16.804731,14.360428,16.774069
30,27.24234,23.034712,23.158878,19.46831,16.496355,18.864565,12.891424,17.10804,13.526891,16.453081,16.485506,20.541822,21.859917,20.340319,20.01546,16.267467,18.38329,14.180519,18.039762,15.079014,16.29303,19.968088,19.42465,17.393131,19.095757,15.6167,14.303067,11.240598,5.2436132,4.536963,0.0,6.644557,10.3562,13.545182,15.64218,18.251936,20.224962,18.6198,16.207441,13.209111,12.272634,8.300387,5.3709865,6.2522655,3.5245135,7.875069,8.911955,13.113228,14.553878,17.785454,20.208696,22.529291,26.359644,26.790405,23.266407,23.816912,18.345575,19.43435,19.66737,16.005264,12.850263,14.885016,10.447723,13.148217,13.727311,14.834294,12.570532,11.06924,16.198158,16.470253,13.092851,16.110136,12.980465,19.039494,15.242388,17.993492,19.499716,18.177979,20.724823,21.855808,22.614637,19.72266,18.879528,16.628872,12.83861,14.736117,10.539154,12.362866,13.154405,14.117452,17.239851,17.932297,21.300701,24.464272,21.971556,18.660326,18.639967,13.541138,17.974632,13.515546,18.028214,22.342085,18.761345,15.583481,16.459969,10.034247,12.386542,10.408243,12.849196
31,28.694775,24.604881,24.833755,20.238276,18.134914,19.74792,14.482973,18.196808,13.700236,17.416624,15.513635,19.401302,21.11388,18.600975,19.18185,14.462375,17.14184,13.306727,16.360886,14.880592,15.234779,19.79172,18.712212,17.109825,20.552067,17.094397,17.907284,13.938918,10.036852,5.965902,6.644557,0.0,8.590199,8.723643,12.185762,14.484331,15.868167,14.727596,11.111711,7.3547664,9.469091,5.1741223,6.238522,8.3133745,9.148063,12.728615,14.644215,18.33535,19.8579,23.276838,25.063993,28.164864,31.547262,32.446045,28.578344,29.612137,24.21844,25.735487,25.804825,22.450651,19.36425,21.407421,16.797762,18.988455,17.872574,19.599741,17.036165,14.220035,18.492975,18.791042,14.652711,15.671304,11.447771,15.78551,10.34122,12.92935,13.410591,11.650977,14.102055,15.2892065,16.287518,13.623143,13.610147,11.682573,9.058436,11.055901,9.766677,12.889819,15.275356,17.010704,20.657705,21.90591,25.182076,28.234652,26.095007,22.935776,22.80056,18.179802,22.719584,18.225445,22.862696,26.560814,23.025333,20.070572,19.795961,13.556985,15.382164,11.739923,14.510882
32,33.207314,29.345268,28.114481,23.99708,21.402027,21.222061,16.187105,16.706999,11.509257,13.282322,9.734267,14.470488,17.521126,15.991757,18.318707,15.268527,19.548363,16.955349,21.568268,21.09705,22.63252,27.026127,26.857689,25.453552,28.426737,24.929806,24.486622,20.887922,15.484865,13.009994,10.3562,8.590199,0.0,6.2584763,5.6063733,8.370727,10.590389,9.5224905,8.621814,8.293115,5.8252974,8.850036,7.0659184,13.091252,11.273775,17.129217,18.95627,23.052647,24.786032,27.839958,30.52029,32.47686,36.53346,36.576977,33.072414,33.1025,27.651747,28.11569,27.310673,23.523947,21.36087,20.985888,16.503511,18.300533,14.90819,19.242403,18.293821,14.62493,18.217474,20.851969,18.532238,19.39568,16.257223,19.622942,14.897466,18.885263,18.189886,16.221462,17.788378,17.176432,18.807972,17.698036,15.56136,15.710383,13.198153,17.28732,14.791442,19.64873,21.071875,23.233124,26.211008,27.709488,30.429012,33.168625,30.074871,26.6283,25.44011,20.601746,23.482485,17.939783,21.306587,24.02286,19.592113,17.383587,14.692133,10.169729,9.665593,5.1939793,7.6367383
33,32.486538,28.842701,27.770336,23.107044,21.364147,20.735197,16.704615,17.277155,12.121711,14.923824,10.399612,13.911298,16.701372,13.994687,16.785402,13.001732,17.346006,15.417914,19.065159,19.893188,20.991962,25.639439,25.497454,24.730803,28.70622,25.579235,26.482344,22.64576,17.89402,14.5374365,13.545182,8.723643,6.2584763,0.0,5.516119,6.2476697,8.448208,9.198373,6.168102,5.5763993,8.524395,10.49654,11.15073,15.994379,15.554297,20.632893,22.414528,26.448277,27.855377,31.238466,33.250866,35.890953,39.597343,39.897545,35.89062,36.412174,30.994577,32.07723,31.16689,27.865961,25.567678,26.288473,21.833776,23.96463,20.951794,24.731506,23.162704,19.438627,22.889395,24.78882,21.57647,21.529747,17.666283,19.697943,13.736014,16.790607,14.735234,11.876479,12.477189,11.344929,12.702113,12.106683,9.970592,11.012575,10.061394,14.111807,13.865794,19.196913,21.428497,24.103764,27.310686,29.31977,31.826826,34.41029,31.662952,28.411882,27.268429,22.96855,26.227812,21.187654,24.958578,27.336458,23.596895,21.425995,19.093533,14.646304,15.141553,10.887201,13.748766
34,37.01038,33.32708,31.906862,27.55985,25.41095,24.500652,20.237902,19.741116,14.539131,15.890277,10.613975,14.634031,18.327724,16.52771,20.055067,17.254143,21.931076,20.11365,24.269657,24.767075,26.019154,30.629004,30.322142,29.142935,32.71389,29.217958,29.398705,25.500772,20.65628,17.566391,15.64218,12.185762,5.6063733,5.516119,0.0,3.6351736,5.059698,5.0919456,5.5816464,7.938299,6.7061996,11.884469,11.824969,17.475298,16.585136,22.15924,24.322592,28.29473,30.163265,33.254795,35.838913,37.990383,41.96128,42.134308,38.555264,38.662678,33.211044,33.71142,32.788338,29.058199,26.965303,26.344692,21.890818,23.292713,18.974926,23.637445,22.803234,18.671318,21.29139,24.270601,22.11574,21.830538,18.777927,20.324562,15.516979,19.45125,17.571732,15.531372,16.33082,14.732477,16.971544,17.136782,15.0321045,16.497494,15.35297,19.513706,18.498156,23.747663,25.608032,28.027065,31.126371,32.82415,35.478363,38.135597,35.083103,31.683891,30.338865,25.731443,28.405437,22.902514,25.973352,28.063116,23.699013,21.91842,18.339426,15.032807,13.827826,9.710363,10.906539
35,37.216682,33.770233,31.997957,27.671785,25.827057,24.230267,20.714048,19.34768,14.437725,15.524291,9.679638,12.768219,16.57306,14.693954,18.819916,16.526455,21.353746,20.282562,24.321764,25.579556,27.03432,31.59348,31.708487,30.946228,34.7795,31.545088,31.994076,28.193693,23.079996,20.082504,18.251936,14.484331,8.370727,6.2476697,3.6351736,0.0,4.57096,7.003484,7.498151,10.030561,10.280272,15.009018,15.0137825,20.640709,19.57072,25.218758,27.088333,31.19707,32.780567,35.979694,38.394188,40.554523,44.54034,44.502846,40.70401,40.7736,35.37244,35.94989,34.658928,31.204964,29.361834,28.878729,24.645208,26.359415,22.176231,27.038643,26.258396,22.215723,24.914188,27.87737,25.571747,25.224325,21.98074,23.200844,18.025105,21.526339,18.99465,16.483494,16.468533,14.182596,15.9765,16.738262,13.897881,16.1652,15.595462,19.961525,19.361692,25.049503,26.927465,29.698816,32.653255,34.720257,37.019817,39.45423,36.30717,32.973026,31.35808,27.088488,29.436207,24.100794,26.964792,28.520094,24.485336,22.99151,19.194738,16.588701,15.596704,11.855393,13.535033
36,40.76393,37.19783,35.823868,31.294794,29.507221,28.31494,24.534292,23.74372,18.696949,19.957512,14.183681,17.286966,21.094973,19.062864,23.133678,20.403101,25.060053,23.680431,27.25544,28.320925,29.191036,33.91234,33.33553,32.27042,36.267406,32.765934,33.471268,29.338896,25.09925,21.563879,20.224962,15.868167,10.590389,8.448208,5.059698,4.57096,0.0,3.9018404,5.784133,9.703756,9.8444605,15.150091,16.157335,21.306423,21.175089,26.41003,28.871237,32.68511,34.70054,37.818996,40.29232,42.686146,46.526524,46.924778,43.30269,43.562145,38.096336,38.691734,37.824738,34.09849,31.922787,31.283,26.762873,27.870152,23.108866,27.6881,26.799932,22.432398,24.317122,27.309067,25.22945,24.025957,21.14298,21.092964,16.58233,20.15915,17.405275,15.602991,15.710829,13.376201,16.232674,17.566313,16.0436,18.326134,18.314657,22.124254,22.304117,27.52963,29.751465,32.243073,35.49071,37.242085,39.950153,42.602768,39.688526,36.343094,35.016243,30.533447,33.250973,27.819948,30.836176,32.65577,28.38075,26.773401,22.906002,20.026543,18.629854,14.68013,15.294688
