,0,1,2,3,4,5,6,7,8,9,10,11,12,13,14,15,16,17,18,19,20,21,22,23,24,25,26,27,28,29,30,31,32,33,34,35,36,37,38,39,40,41,42,43,44,45,46,47,48,49,50,51,52,53,54,55,56,57,58,59,60,61,62,63,64,65,66,67,68,69,70,71,72,73,74,75,76,77,78,79,80,81,82,83,84,85,86,87,88,89,90,91,92,93,94,95,96,97,98,99,100,101,102,103,104,105,106,107,108,109,110
0,0.0,4.2962475,7.3066273,9.982167,12.780524,15.739562,18.138891,23.625383,25.778696,28.767252,32.45955,35.15014,34.89539,35.308586,31.273308,33.13971,32.397457,34.539543,34.726616,35.770412,37.434242,36.780037,39.23517,41.507336,41.43158,41.492023,39.483337,37.32932,37.56581,34.82831,37.252033,32.441208,35.249035,30.125086,33.133095,31.571747,30.587612,33.222794,29.887884,29.862896,35.746403,35.93069,38.370277,39.80556,39.499214,41.50048,42.063545,44.200314,46.183174,45.746834,45.677994,43.337025,46.462906,42.49111,47.07204,47.75125,42.769268,43.519455,43.003918,42.88294,41.31049,39.30383,42.842,42.973473,47.133114,46.72635,44.185295,48.62885,50.291065,48.35779,52.728886,51.972164,52.449547,47.879955,49.897503,45.752197,44.703445,42.104168,38.421474,37.951527,33.157677,32.95319,27.887201,26.237114,27.994055,26.529667,26.317345,27.070732,30.003836,31.616692,32.45341,34.708305,36.192772,30.874014,28.727839,26.119099,28.351557,24.54461,24.977804,21.317196,19.970402,21.752537,18.203318,17.080362,20.447374,20.558626,22.848312,27.96061,28.595863,32.616592,33.920624
1,4.2962475,0.0,4.498788,6.727715,8.81189,12.621016,14.25382,19.900074,22.161411,24.823977,28.78554,31.329494,31.447098,31.547722,27.532103,29.273947,28.731583,30.838053,31.51762,32.421364,34.44967,33.78742,36.517616,38.540886,38.20595,38.351013,36.03786,33.947,33.908726,31.440763,33.586803,29.030945,31.894152,26.892347,30.220297,28.797157,28.242874,30.747835,27.124569,26.85628,32.711452,32.750816,34.982765,36.28515,36.22405,37.896984,38.80201,40.725616,42.965027,42.364723,42.290615,39.73576,42.792538,38.761845,43.226025,43.91238,38.843876,39.446854,38.931087,38.6688,37.044785,35.196095,38.670082,38.893482,42.98966,42.608063,40.22775,44.65703,46.36383,44.539104,49.006557,48.397453,48.94285,44.42244,46.73092,42.580143,41.826637,39.340893,35.72498,35.70905,30.642263,31.081366,26.005106,24.257713,25.539444,23.616087,23.70277,23.659132,26.839478,28.093073,29.066986,31.114214,32.316147,26.841908,25.018795,22.436537,25.214949,21.716673,22.147848,17.999825,17.38076,18.341394,15.243528,14.02278,16.897963,16.716036,18.69474,23.90106,24.349775,28.40709,29.62861
2,7.3066273,4.498788,0.0,5.1171346,7.073565,9.052493,12.466733,16.812561,19.661976,22.441288,26.043797,29.140736,29.572319,30.262894,26.813728,28.9266,29.016361,31.522148,32.943306,33.896152,36.377472,35.86771,38.86234,40.478397,39.833626,39.93203,37.1201,34.91695,34.23369,32.028755,33.009422,28.929054,30.885042,25.749828,29.136139,27.109098,27.148108,29.981396,26.535742,26.565552,32.28376,32.832527,34.54478,36.14606,36.807438,38.152195,39.75292,41.681095,44.24237,43.61998,43.691586,40.791546,43.791916,39.70255,43.866814,44.482426,39.25342,39.393112,38.96947,38.10424,36.050053,34.75141,37.637123,37.744946,41.707684,41.98302,39.59813,43.61092,45.853233,44.285316,48.88839,48.270664,49.17289,44.76976,47.348747,42.893806,42.69779,40.023792,36.69564,36.83655,31.839235,32.787342,27.473856,26.27015,27.449762,25.191427,26.031801,25.110542,28.773405,29.507921,30.759787,32.422504,32.995678,27.160543,26.046116,23.68627,27.183033,24.248508,24.736185,20.072662,20.13905,19.934507,17.153084,15.33284,17.27481,17.185553,17.829918,23.805847,23.539854,27.739603,28.388367
3,9.982167,6.727715,5.1171346,0.0,3.8555048,6.690983,8.513149,14.042859,15.806526,19.037237,22.523449,25.275658,25.103233,25.871391,22.346022,24.775799,24.816439,27.834106,29.099882,30.516596,32.961445,32.888256,35.814068,37.083138,36.48166,36.245346,33.33756,30.837812,30.072283,27.605877,28.471746,24.190907,26.05965,20.862082,24.15182,22.338285,22.193521,24.919176,21.442074,21.526928,27.264738,27.967258,29.739017,31.537464,32.256752,33.85545,35.47477,37.82093,40.274643,40.00626,40.432957,37.554718,40.918163,37.06667,41.18853,41.37827,36.247643,36.387592,36.58663,35.605274,33.351093,31.336992,34.204643,33.970272,38.14092,38.500206,35.58425,39.56869,41.819824,40.12052,44.613228,43.761337,44.736557,40.32301,42.725334,38.120728,37.973274,35.140198,31.916296,31.985662,27.111416,28.217476,22.815004,21.997612,23.271086,21.056332,22.575531,21.714464,25.809853,26.677671,28.367216,30.22873,30.7267,25.013395,24.790901,22.114326,26.328886,23.27853,22.902433,18.16755,17.500422,16.68538,13.4927225,11.122769,12.879323,13.49126,14.388143,20.424324,20.70874,24.723568,25.968262
4,12.780524,8.81189,7.073565,3.8555048,0.0,6.069203,5.566822,11.38423,13.5008745,16.021458,20.048532,22.571756,23.104069,23.291956,19.788267,21.91977,22.24821,25.053759,26.971916,28.074787,30.922335,30.737396,33.936516,34.98873,34.0866,34.03889,30.833115,28.524977,27.44778,25.436508,26.000643,22.159046,24.189297,19.290163,23.04229,21.50909,22.000608,24.43021,20.606201,20.265167,25.846727,26.235954,27.720142,29.234915,30.211098,31.310802,33.312145,35.25725,38.014065,37.46005,37.784527,34.685066,37.8591,33.92304,37.89255,38.184032,32.962425,32.936703,33.009487,31.904179,29.647415,27.95743,30.781448,30.761532,34.816776,35.128304,32.553837,36.566513,38.816532,37.270447,41.891373,41.29537,42.296425,37.95974,40.740604,36.238094,36.405777,33.820854,30.678347,31.34488,26.190779,28.009727,22.856806,21.80545,22.37947,19.64204,21.331196,19.425241,23.63171,23.984592,25.729874,27.257772,27.409397,21.554153,21.67578,19.17481,23.829128,21.312487,21.078644,16.033766,16.496733,14.642786,12.52136,10.336142,10.9149065,10.863007,10.939557,17.152273,17.040985,21.139227,22.184118
5,15.739562,12.621016,9.052493,6.690983,6.069203,0.0,7.028404,8.661229,11.413011,14.793496,17.501976,21.160133,21.629967,23.35056,21.022017,23.95211,25.09163,28.595634,31.027876,32.430325,35.507286,35.656307,38.9086,39.507587,38.423634,38.136818,34.518383,31.954357,30.144993,28.273558,27.102003,23.91134,24.129417,19.006317,22.357616,19.614939,20.783611,23.846395,20.756704,21.248127,26.398441,27.859,28.62834,30.818577,32.73633,33.67978,36.412334,38.65272,41.57678,41.25668,41.902508,38.55239,41.756493,37.93394,41.475082,41.5115,36.26808,35.661263,36.08397,34.15085,31.224712,30.087496,31.883883,31.433565,35.311428,36.745743,33.86694,37.08146,40.163452,38.921463,43.554764,42.73202,44.262962,40.138847,42.97725,38.016342,38.819645,35.829025,33.185436,33.646187,29.01665,31.016382,25.631432,25.57767,26.457663,23.808472,26.307142,24.105274,28.663757,28.68295,30.729246,31.941307,31.44713,25.47692,26.471104,24.251726,29.30268,27.154917,26.861319,21.761429,22.156876,19.783766,17.598986,14.896725,14.678899,15.295301,13.659495,20.385687,19.486502,23.444078,23.760513
6,18.138891,14.25382,12.466733,8.513149,5.566822,7.028404,0.0,7.4736986,8.339035,10.809949,14.902459,17.077978,17.675764,17.823677,14.685939,17.207758,18.154469,21.569517,24.157633,25.524189,28.743315,29.005888,32.333836,32.68185,31.493484,31.205486,27.503927,25.005598,23.237604,21.49275,20.90279,17.585033,18.991371,14.291417,18.319937,16.973568,18.18965,20.333271,16.414246,15.954307,21.165916,21.786919,22.748262,24.434326,26.09812,26.894083,29.562796,31.64014,34.616623,34.233723,34.923008,31.582375,34.9147,31.221779,34.808125,34.681435,29.508299,29.107672,29.825537,28.193407,25.495594,23.563084,25.932533,25.597404,29.710012,30.463797,27.55039,31.28664,33.844097,32.41859,37.059105,36.391712,37.677673,33.48413,36.465492,31.757328,32.509365,29.875021,27.130653,28.22466,23.20706,25.89972,20.984207,20.512465,20.595833,17.535862,20.33592,17.436508,22.155077,22.002398,24.295954,25.541111,25.043756,19.316446,21.012318,18.627443,24.19782,22.291088,21.41632,16.42807,17.131374,13.647082,12.450664,10.027075,8.30903,8.719801,6.9250875,13.516462,13.299056,17.112417,18.350626
7,23.625383,19.900074,16.812561,14.042859,11.38423,8.661229,7.4736986,0.0,5.1786814,6.712303,9.622842,13.374245,15.533722,16.931814,15.965927,18.785515,21.162554,24.742313,28.597044,29.73987,33.523613,33.898636,37.474583,37.173115,35.466373,35.22434,30.86926,28.513756,25.563972,24.786982,21.561838,20.120667,19.193731,15.188779,18.975998,16.54956,19.502008,21.84937,18.752075,18.805069,22.761139,24.235073,23.782969,25.803902,28.90911,28.73764,32.68656,34.42304,37.90007,37.364727,38.194187,34.387962,37.30639,33.707066,36.453804,36.254303,31.083178,29.700527,30.52127,27.669626,24.147226,23.791235,24.50639,23.989992,27.499586,29.736362,27.154333,29.714844,33.356247,32.636826,37.383244,36.85886,38.80593,35.10795,38.610992,33.66262,35.543633,32.872467,30.901987,32.390972,27.875896,31.27108,26.593018,26.807709,26.593555,23.368826,26.704172,22.748611,27.469675,26.37155,28.797062,29.177204,27.517796,21.81166,24.60702,23.001318,28.906052,27.99414,27.49584,22.48661,24.15836,19.954988,19.62951,17.28411,14.660479,14.8036585,10.405094,16.385952,14.2727,17.609966,17.137829
8,25.778696,22.161411,19.661976,15.806526,13.5008745,11.413011,8.339035,5.1786814,0.0,5.014494,6.8598657,9.86202,10.654752,12.665582,12.069346,15.646524,18.11925,22.443043,25.986351,27.729296,31.306602,32.23101,35.566616,34.84952,33.265026,32.56476,28.189714,25.461092,22.337297,21.260212,17.38344,15.961015,14.21813,10.181466,13.857076,11.652222,14.8811655,16.932137,14.010775,14.251076,17.816494,19.762236,19.1347,21.613438,24.988201,25.158215,29.169834,31.507055,34.755615,34.749744,36.055523,32.394928,35.74972,32.57735,35.22123,34.428825,29.542326,28.21067,29.929945,27.053995,23.357044,21.79057,22.36528,21.158466,25.022861,27.441532,23.925928,26.350275,30.066502,29.14707,33.69269,32.767773,34.86487,31.18939,34.398335,29.208948,31.249266,28.349913,26.689375,28.087936,24.009861,27.614199,23.187412,24.033718,23.857735,20.905622,24.938667,21.264715,26.178982,25.3035,28.127386,28.76362,27.148584,21.994947,25.569437,23.704967,29.840609,28.742916,27.451906,22.839859,23.637903,19.15495,18.716904,16.289135,13.090531,14.126151,10.185543,15.18453,14.119002,16.70098,17.29715
9,28.767252,24.823977,22.441288,19.037237,16.021458,14.793496,10.809949,6.712303,5.014494,0.0,5.501361,7.224961,10.799537,10.929657,11.083476,13.64219,16.843086,20.498253,25.056227,26.184532,30.224672,30.94848,34.532047,33.501724,31.483213,31.112822,26.390474,24.148603,20.476103,20.469152,15.868947,15.878944,14.437476,12.018782,15.918513,14.734487,18.404213,19.660978,16.579313,16.00273,18.692123,19.848507,18.566936,20.296074,24.109076,23.229563,27.884388,29.40214,33.09225,32.597466,33.709103,29.760038,32.664864,29.48524,31.674683,31.03528,26.126608,24.352001,25.923363,22.621191,18.731298,18.07565,18.156206,17.36488,20.899956,23.456736,20.717102,23.024326,26.830296,26.30891,31.046091,30.65212,32.786068,29.37252,33.206264,28.385181,30.914612,28.587597,27.144604,29.381628,25.133856,29.416927,25.592396,25.974285,24.967972,21.622257,25.483065,20.707458,25.312778,23.63616,26.395002,26.378836,24.08775,19.172039,23.437757,22.133272,28.371597,28.11743,27.089828,22.657705,24.59334,19.475965,20.348864,18.50532,14.611513,14.667884,9.573824,13.175379,10.992077,13.041685,12.858067
10,32.45955,28.78554,26.043797,22.523449,20.048532,17.501976,14.902459,9.622842,6.8598657,5.501361,0.0,5.1715493,8.3525,11.143556,13.371308,16.528763,20.024702,24.164068,28.565151,30.110512,33.99834,35.132816,38.524734,37.081894,35.08282,34.34817,29.557262,27.08812,23.022951,23.015705,16.791883,17.728178,13.919769,12.208255,14.904181,12.878294,17.403032,18.735535,16.84764,17.109047,18.607912,20.923853,18.79378,21.272459,25.88031,25.035383,30.099478,32.056152,35.609634,35.567875,37.09996,33.199814,36.190014,33.425922,35.133278,34.03946,29.521946,27.370813,29.554485,25.721907,21.419882,20.867722,19.621262,17.971096,21.09523,24.972485,21.653578,22.653671,27.31722,27.105297,31.511335,30.725615,33.416798,30.416666,34.026775,28.887817,32.027332,29.37424,28.62081,30.568813,27.15679,31.429152,27.719233,28.933548,28.255867,25.29076,29.616655,25.21017,29.86173,28.264965,31.195593,31.152868,28.643084,24.1766,28.775364,27.500168,33.758472,33.45656,32.184696,27.864481,29.250547,24.231482,24.642399,22.514988,18.762054,19.468685,14.798276,17.941216,16.04524,17.297207,16.892677
11,35.15014,31.329494,29.140736,25.275658,22.571756,21.160133,17.077978,13.374245,9.86202,7.224961,5.1715493,0.0,6.177658,6.7984505,10.399992,13.000353,16.823435,20.828312,25.434782,26.975262,30.86315,32.248966,35.523052,33.60745,31.477722,30.623852,25.735416,23.397297,18.967524,19.527315,12.40581,14.6797085,10.742355,11.027545,13.529449,13.237592,17.584312,17.788383,15.866719,15.43714,15.720309,17.494099,14.737418,16.838001,21.85661,20.52136,25.953104,27.767338,31.356043,31.401808,33.15038,29.293013,32.31017,29.966557,31.314335,29.833572,25.67076,23.413782,26.252035,22.397655,18.10015,16.813616,15.179954,13.0813875,16.40675,20.317207,16.639206,17.546532,22.197048,22.023767,26.3806,25.66593,28.41802,25.610014,29.409048,24.465326,27.998798,25.7186,25.347105,27.870691,24.705963,29.497532,26.577213,27.749485,26.502594,23.603338,28.067516,23.385534,27.726742,25.888235,28.953152,28.747793,26.029396,22.420229,27.698917,26.572338,32.787617,32.812542,31.166346,27.4161,28.831064,23.504494,24.636599,22.972189,18.748503,19.352346,15.020154,16.148817,14.797793,14.81405,15.098947
12,34.89539,31.447098,29.572319,25.103233,23.104069,21.629967,17.675764,15.533722,10.654752,10.799537,8.3525,6.177658,0.0,6.4825068,9.826015,13.643098,16.603174,21.54333,24.826128,27.316181,30.526224,32.480656,35.280487,33.330765,31.7273,30.224216,25.77153,22.764385,18.853418,18.175827,11.228277,12.3742285,6.356538,6.78799,7.7875896,7.8473134,12.09426,11.962547,10.975715,11.406589,11.0106735,14.2493925,11.712881,15.1678295,19.968998,20.010729,24.730957,27.805567,30.6935,31.64689,33.919052,30.539675,34.2375,32.25178,33.955902,31.946726,28.124313,26.46261,29.917019,26.672396,22.728638,19.708246,18.809834,15.967083,19.747454,23.18525,18.074226,19.046425,23.331064,22.501013,26.3314,24.668629,27.47206,24.470041,27.293167,21.786478,25.044775,22.034847,21.92325,23.640543,21.285551,25.65385,22.78916,24.864302,24.26426,22.078514,27.004574,23.562239,28.065704,27.082596,30.373425,30.890953,28.876583,25.471691,30.478737,28.787397,34.92581,34.189533,31.887798,28.389837,28.410242,23.597729,23.779934,21.884714,18.09888,19.7496,16.761265,18.058107,18.19208,18.358047,19.935736
13,35.308586,31.547722,30.262894,25.871391,23.291956,23.35056,17.823677,16.931814,12.665582,10.929657,11.143556,6.7984505,6.4825068,0.0,5.314254,7.7398868,11.182614,15.610324,19.553085,21.598526,25.089394,26.945087,29.867836,27.670698,25.775032,24.510012,19.807514,17.169073,12.832636,13.123924,5.687512,8.530969,5.7445464,8.261506,10.57462,12.806636,15.840565,14.71767,12.368426,10.870355,10.2171135,10.9600115,8.220832,10.150448,15.095566,14.185213,19.361115,21.74912,25.001112,25.533127,27.669565,24.174046,27.778477,25.895155,27.508957,25.473566,21.680428,20.12532,23.799726,20.89983,17.342617,13.406492,13.203384,10.625243,15.01565,17.277172,12.216667,14.526309,18.002163,16.960997,21.252338,20.197521,22.580914,19.350824,22.91688,17.930153,21.245478,19.12678,18.770874,21.708385,18.67728,23.818335,21.757587,22.889534,21.216364,18.668295,23.31239,19.068321,23.115051,21.654,24.936531,25.17303,22.995636,20.33585,25.780535,24.364712,30.325338,30.120186,27.739021,24.806505,25.482674,20.266502,21.728642,20.61175,16.298088,17.188015,14.425104,13.398035,14.026845,13.106562,15.523768
14,31.273308,27.532103,26.813728,22.346022,19.788267,21.022017,14.685939,15.965927,12.069346,11.083476,13.371308,10.399992,9.826015,5.314254,0.0,4.530741,7.0112267,12.017273,15.469213,17.676304,21.090616,22.77575,25.770035,24.136621,22.506859,21.345116,16.863693,13.952705,10.504606,9.67966,6.229862,5.058229,7.2679543,7.4177713,10.918103,13.499031,15.325687,14.384594,10.698411,8.173885,9.893286,9.162544,8.791294,9.980132,13.118907,13.172672,17.21226,19.780607,22.884521,23.274916,25.127428,21.776905,25.731693,23.432426,25.948244,24.261639,20.053728,19.367296,22.53407,20.621073,17.766018,12.902806,14.91115,13.367366,18.043196,18.53917,13.919303,17.834333,19.973068,18.25269,22.6653,21.744211,23.290583,19.339518,22.657385,17.879185,19.913057,17.814142,16.30687,19.204725,15.083339,20.125528,17.761324,18.216396,16.37644,13.540785,18.123291,14.002462,18.315418,17.319817,20.648523,21.441269,20.013828,16.98848,21.86578,20.0305,25.903234,25.257692,22.679182,19.812191,20.191713,15.043957,16.590782,15.761357,11.437867,12.319782,10.68207,9.285071,11.30297,11.1108,14.713365
15,33.13971,29.273947,28.9266,24.775799,21.91977,23.95211,17.207758,18.785515,15.646524,13.64219,16.528763,13.000353,13.643098,7.7398868,4.530741,0.0,4.1408796,8.001563,12.560732,14.055417,17.87746,19.385626,22.5513,20.655407,18.651834,17.83862,13.039644,10.731125,6.854825,7.669268,6.1417074,6.515066,10.655535,11.870886,15.011207,17.9694,19.592268,18.262453,14.614686,11.6156435,12.558154,9.978358,9.768527,8.79752,11.254491,10.080303,14.358471,15.922853,19.45658,19.283909,20.923077,17.390083,21.226095,18.98102,21.43226,19.77847,15.543179,15.0656595,18.358236,16.92947,14.709212,8.937686,12.159032,11.419312,15.9758415,15.074808,11.167976,16.096361,17.193298,15.368779,19.986757,19.739584,20.788408,16.811459,20.729757,16.797573,18.740818,17.663212,16.080608,19.87644,15.537728,20.887941,19.410566,19.012318,16.22522,13.187964,17.075905,12.076274,15.647615,13.981834,17.279638,17.692825,16.052858,13.97547,19.267647,17.825022,23.395582,23.383274,20.828106,18.647251,19.80871,14.513454,17.343475,17.307922,13.03596,12.919683,11.68169,7.464603,10.035239,8.4563675,12.854506
16,32.397457,28.731583,29.016361,24.816439,22.24821,25.09163,18.154469,21.162554,18.11925,16.843086,20.024702,16.823435,16.603174,11.182614,7.0112267,4.1408796,0.0,5.470114,8.621008,10.733728,14.139132,15.893245,18.842278,17.167519,15.574067,14.528643,10.174966,7.3911986,5.2613077,4.4389486,8.162056,6.1185536,12.501829,13.357098,16.171524,19.59793,20.245197,18.652206,14.82425,11.437956,12.819733,9.025605,10.561248,8.965838,9.037426,9.188208,11.705941,13.768654,16.80093,16.882418,18.551699,15.522253,19.877361,17.760061,20.866566,19.176813,15.224118,15.831847,18.972427,18.691032,17.34853,10.922436,15.20342,14.728993,19.111137,17.049292,13.271271,18.668245,18.637186,16.208273,20.391094,20.010084,20.328997,15.93786,19.263004,15.73945,16.5003,15.679569,13.37433,17.25661,12.489409,17.72278,16.777334,15.822493,12.586073,9.742198,13.4226,9.036619,12.304401,11.416208,14.795451,15.962467,15.383114,13.926225,18.436445,16.635607,21.677254,21.225111,18.129784,16.699415,17.110477,12.330377,15.309538,15.866814,12.183028,12.149209,12.761398,7.926737,11.924937,10.69877,15.601657
17,34.539543,30.838053,31.522148,27.834106,25.053759,28.595634,21.569517,24.742313,22.443043,20.498253,24.164068,20.828312,21.54333,15.610324,12.017273,8.001563,5.470114,0.0,6.4120035,6.236879,10.540144,11.653508,14.991598,13.208666,10.992385,10.920842,6.3610377,5.754111,5.475367,7.19168,12.236425,11.45295,17.662605,18.773058,21.611774,25.028185,25.676172,24.023754,20.21853,16.796232,17.879463,13.479378,14.895204,11.95369,10.567905,9.282093,10.668213,10.4151325,13.952989,12.756861,13.687846,10.44069,14.683138,12.439142,15.927623,14.618222,10.659298,12.30183,14.963054,16.016075,16.038439,9.638728,15.12871,15.83509,19.480381,15.638261,13.718428,19.609262,18.19167,15.8126,19.805754,20.385475,19.83828,15.706712,19.422699,17.436205,17.682522,18.198578,15.864947,20.215294,15.557526,20.387985,20.288551,18.32053,14.339659,11.647223,13.413952,8.361861,9.471536,7.450247,10.554837,11.277216,10.940921,11.398355,15.680184,14.505374,18.619232,19.043365,16.156618,15.9405985,17.43824,13.129789,17.323633,18.691319,15.491601,14.403046,15.37206,8.996224,12.780764,10.680609,15.57135
18,34.726616,31.51762,32.943306,29.099882,26.971916,31.027876,24.157633,28.597044,25.986351,25.056227,28.565151,25.434782,24.826128,19.553085,15.469213,12.560732,8.621008,6.4120035,0.0,4.501779,5.742242,8.345473,10.483907,9.082432,8.583638,7.244479,5.594755,4.204693,8.47719,7.18911,15.369405,12.865516,19.864693,20.745342,22.86229,26.74072,26.21122,24.212847,20.669798,17.280739,18.416414,13.51771,16.46267,13.716147,9.571799,11.056542,8.553781,10.050588,11.465407,11.617948,12.958722,11.680019,16.51258,15.198066,19.12001,17.531868,14.988602,17.573566,20.114506,21.999847,22.37787,15.778792,21.01339,21.208199,24.904222,20.835995,18.221975,23.92907,21.777315,18.76217,21.705746,21.625984,20.268139,15.88559,17.921389,16.577793,14.808516,15.645814,12.53048,16.44212,12.013672,15.91411,17.079546,14.60718,10.308905,9.206396,9.878483,8.3400545,7.7726793,8.7767,11.214828,13.575298,15.192121,16.130108,18.711664,16.942965,19.798859,19.093674,15.231173,16.445961,15.868026,13.342366,16.669495,18.581005,16.598188,16.204739,18.977795,13.630802,18.100513,16.771656,21.732647
19,35.770412,32.421364,33.896152,30.516596,28.074787,32.430325,25.524189,29.73987,27.729296,26.184532,30.110512,26.975262,27.316181,21.598526,17.676304,14.055417,10.733728,6.236879,4.501779,0.0,4.7764893,5.482439,8.816577,7.6782327,6.0181155,6.806995,5.2950616,6.7702003,10.113839,10.631045,17.749182,16.108349,22.913424,23.777672,26.333574,29.958216,29.86026,28.073658,24.317675,20.881037,22.141726,17.284792,19.614532,16.416763,12.920727,12.739686,10.838763,9.632951,11.771718,10.0852785,10.114552,8.508249,12.856217,11.121671,15.477418,14.612116,11.990943,15.157038,16.84566,19.566795,20.761766,14.88454,20.523746,21.527601,24.745256,19.885405,18.724195,24.576717,21.985273,19.334032,22.381678,23.12657,21.502571,17.544664,20.239258,19.645388,18.282396,19.6718,16.864138,20.904104,16.48598,20.20203,21.14197,18.211557,13.889501,12.260073,11.71563,8.858641,6.463118,5.97032,7.708083,9.592153,11.571821,13.759423,15.958463,14.82987,16.942045,17.197979,13.921672,15.756332,16.673164,14.141957,18.376688,20.56598,18.526266,17.288841,19.703587,13.686662,17.643822,15.990391,20.615618
20,37.434242,34.44967,36.377472,32.961445,30.922335,35.507286,28.743315,33.523613,31.306602,30.224672,33.99834,30.86315,30.526224,25.089394,21.090616,17.87746,14.139132,10.540144,5.742242,4.7764893,0.0,3.8135934,4.826853,4.1401725,5.0787416,4.9687753,7.2892694,8.615022,13.206129,12.751154,20.76671,18.595709,25.550428,26.454462,28.52044,32.41926,31.68104,29.649258,26.186045,22.85261,23.906828,18.907677,21.827765,18.685942,13.983576,14.987571,10.998869,10.494657,10.615644,9.90396,10.086017,10.550446,14.7282505,14.056897,18.176231,17.081917,15.687257,19.163008,20.898472,23.986448,25.363663,19.288485,24.74031,25.464655,28.639687,23.61455,22.125792,27.80259,24.688047,21.741478,23.987438,24.417017,22.20598,18.390219,19.878649,20.082922,17.479774,19.323914,16.376062,19.931778,16.208517,18.913942,20.906895,17.764494,13.585373,13.292289,11.731104,11.573052,8.228024,9.706271,10.457205,12.958806,15.740164,18.184072,19.47307,18.156935,19.19044,18.81334,15.131799,18.013884,17.620016,16.46385,19.979486,22.425938,21.12421,20.297852,23.477184,17.933264,22.137814,20.686216,25.36885
21,36.780037,33.78742,35.86771,32.888256,30.737396,35.656307,29.005888,33.898636,32.23101,30.94848,35.132816,32.248966,32.480656,26.945087,22.77575,19.385626,15.893245,11.653508,8.345473,5.482439,3.8135934,0.0,4.155246,5.8166165,6.0287895,7.8463902,9.589779,11.443956,15.445875,15.428335,23.0827,20.940273,27.95579,28.470564,30.953972,34.54532,33.99324,32.273487,28.52078,25.172691,26.744055,21.860569,24.627047,21.485891,17.271147,17.64891,14.38749,12.790045,13.445947,11.533102,10.352472,10.682806,13.929509,12.623534,17.213902,17.04559,15.403478,19.10366,19.822605,23.446589,25.272749,19.953093,25.641012,26.869026,29.868797,24.584333,23.936312,29.72132,26.638351,23.968859,26.453371,27.301453,25.103855,21.445187,23.345207,23.587097,21.241772,23.007795,19.951141,23.39123,19.268436,21.78758,23.238598,19.626858,15.53027,14.76049,12.273474,11.609105,7.1265965,8.298133,7.8415794,10.410044,13.9514675,16.751175,17.077656,16.0826,16.155275,16.203915,13.0073,16.513102,17.024567,16.213984,20.16286,22.850431,21.753918,20.37427,23.584492,18.053846,21.920786,20.675714,25.027687
22,39.23517,36.517616,38.86234,35.814068,33.936516,38.9086,32.333836,37.474583,35.566616,34.532047,38.524734,35.523052,35.280487,29.867836,25.770035,22.5513,18.842278,14.991598,10.483907,8.816577,4.826853,4.155246,0.0,4.5776296,6.9572225,7.968112,11.58669,13.382285,17.944927,17.539968,25.58946,23.31096,30.321041,31.032595,33.10534,36.944157,35.983078,34.020508,30.561483,27.296846,28.525785,23.55799,26.593964,23.421305,18.527645,19.503397,15.067471,13.841165,13.0630455,11.929359,10.978074,12.769211,15.816398,15.5229435,19.6111,19.109638,18.437748,22.26652,23.246325,27.022581,28.947186,23.357382,28.879904,29.885948,32.81185,27.381104,26.49729,32.11719,28.596827,25.7431,27.574472,28.227749,25.595392,22.183472,23.193785,24.142588,21.032297,23.200989,20.260847,23.326645,19.966053,21.72806,24.045195,20.481417,16.643938,16.821564,14.013365,14.925581,10.563142,12.397513,11.828301,14.331702,17.892284,20.906254,20.998177,19.94401,19.441803,19.10769,15.781745,19.745712,19.301626,19.295357,22.667519,25.423384,24.714117,23.68106,27.22657,21.860449,25.89523,24.598661,29.04458
23,41.507336,38.540886,40.478397,37.083138,34.98873,39.507587,32.68185,37.173115,34.84952,33.501724,37.081894,33.60745,33.330765,27.670698,24.136621,20.655407,17.167519,13.208666,9.082432,7.6782327,4.1401725,5.8166165,4.5776296,0.0,3.5273023,3.7914917,8.285108,10.649872,15.115035,15.373956,22.956741,21.530355,28.181673,29.657858,31.45957,35.5915,34.903988,32.58832,29.400246,26.06986,26.424637,21.286657,23.888723,20.325981,15.441123,15.933121,11.298315,9.554719,8.545564,7.573867,7.544719,9.674421,13.303826,13.893177,17.279657,15.928259,15.894657,19.615444,21.458647,24.952574,26.797207,20.83789,26.01307,26.839043,29.537432,24.005877,23.021856,28.421473,24.549183,21.658018,23.172745,23.910583,21.136087,17.930735,19.07573,20.480247,17.751038,20.444551,18.115042,21.82167,18.956491,21.522106,24.204239,21.308052,17.237665,17.256824,15.740457,15.586634,12.050414,12.876122,13.1041,14.863063,17.413166,20.8994,22.260391,21.390192,21.85142,21.993946,18.613773,21.823612,21.629751,20.557995,24.116116,26.549469,25.148045,24.303656,27.19842,21.318865,25.285086,23.347092,27.86358
24,41.43158,38.20595,39.833626,36.48166,34.0866,38.423634,31.493484,35.466373,33.265026,31.483213,35.08282,31.477722,31.7273,25.775032,22.506859,18.651834,15.574067,10.992385,8.583638,6.0181155,5.0787416,6.0287895,6.9572225,3.5273023,0.0,3.6147215,6.138575,9.410787,13.144025,14.373412,21.223433,20.47551,26.922504,28.59416,30.65184,34.67756,34.47212,32.229355,28.909908,25.492352,25.743917,20.608774,22.686932,18.869614,14.697401,14.079112,10.623816,7.424616,8.113416,5.5114427,5.0126495,6.2021866,10.138064,10.597469,13.943015,12.596569,12.374127,16.128033,17.998646,21.496943,23.482546,17.755337,22.926867,24.031517,26.527456,20.806458,20.362734,25.812983,21.950031,19.28731,21.18033,22.356762,19.80399,16.650768,18.775331,19.959406,18.158995,20.800396,18.700129,22.900272,19.677567,22.992792,25.149677,22.38896,18.12462,17.404213,16.42517,14.782326,11.563608,11.175992,11.580124,12.5742,14.492047,18.40241,20.342897,19.814985,20.703487,21.487185,18.442396,21.16842,21.882608,19.998566,24.044096,26.330082,24.421297,23.301186,25.5777,19.317753,22.944437,20.655127,24.989746
25,41.492023,38.351013,39.93203,36.245346,34.03889,38.136818,31.205486,35.22434,32.56476,31.112822,34.34817,30.623852,30.224216,24.510012,21.345116,17.83862,14.528643,10.920842,7.244479,6.806995,4.9687753,7.8463902,7.968112,3.7914917,3.6147215,0.0,5.121638,7.483493,11.802038,12.379697,19.570393,18.635231,24.985365,26.908325,28.533438,32.803787,32.325985,29.830801,26.814993,23.476425,23.30097,18.124817,20.434835,16.72042,11.937159,12.223696,7.615771,6.1897984,5.691585,5.5591316,7.282704,8.371841,12.859097,13.555741,16.523687,14.411235,14.219189,17.555418,20.24597,23.120918,24.549055,18.158665,23.052605,23.572159,26.331266,21.05702,19.55676,24.872465,21.089365,18.075626,19.686666,20.265884,17.684242,14.258362,15.754885,16.903484,14.671807,17.415346,15.43995,19.638214,16.922157,20.22999,22.861979,20.537056,16.395267,16.183594,15.829089,14.903161,12.435667,12.719774,13.825184,15.277854,16.948544,20.1457,22.52431,21.576145,23.061258,23.251795,19.744205,22.152948,21.986847,20.088339,23.622553,25.723871,23.815975,23.209866,25.621336,19.608,23.561852,21.317293,25.937866
26,39.483337,36.03786,37.1201,33.33756,30.833115,34.518383,27.503927,30.86926,28.189714,26.390474,29.557262,25.735416,25.77153,19.807514,16.863693,13.039644,10.174966,6.3610377,5.594755,5.2950616,7.2892694,9.589779,11.58669,8.285108,6.138575,5.121638,0.0,3.8954663,7.047485,8.803496,15.104302,14.819839,20.942274,22.998774,24.956684,29.04373,29.158915,26.825947,23.620378,20.2061,20.032854,14.9625845,16.664593,12.818025,9.241524,8.222769,6.277091,4.7709,7.695004,6.862001,8.769868,7.0593295,12.09231,11.820094,14.739656,12.442862,10.8619585,13.592953,16.839949,18.921904,19.835417,13.187396,18.13949,18.6557,21.640223,16.710732,14.967164,20.569778,17.442402,14.548363,17.234077,17.933613,16.208368,12.324627,15.326052,15.138826,14.418453,16.420063,14.573839,19.280737,15.873215,20.26306,21.88468,19.937311,15.722546,14.469027,15.341722,12.534868,11.478663,10.536866,12.585608,13.460976,13.968221,16.554842,20.052538,19.148817,21.845459,22.331585,19.04887,20.32105,20.903881,17.788477,21.635586,23.350216,20.715904,20.00929,21.593506,15.345424,19.061035,16.534286,21.1703
27,37.32932,33.947,34.91695,30.837812,28.524977,31.954357,25.005598,28.513756,25.461092,24.148603,27.08812,23.397297,22.764385,17.169073,13.952705,10.731125,7.3911986,5.754111,4.204693,6.7702003,8.615022,11.443956,13.382285,10.649872,9.410787,7.483493,3.8954663,0.0,4.99554,5.055162,12.362126,11.255832,17.617292,19.534733,21.314941,25.488775,25.382387,23.009811,19.846548,16.454613,16.363762,11.267516,13.469514,10.102198,6.1683874,6.8800783,5.3162,7.4627585,9.627016,10.307882,12.595823,10.845119,15.836464,15.120768,18.13435,15.769252,13.560866,15.602495,19.134491,20.404055,20.47166,13.41602,18.10377,17.941603,21.52393,17.610794,14.481183,20.036684,17.78125,14.670274,17.630085,17.491768,16.35793,11.915703,14.544372,13.04319,12.29126,13.415479,11.230288,15.911449,12.254587,17.004911,18.373499,16.872944,12.85752,11.66714,13.587836,11.154142,11.457375,11.239721,13.932605,15.378463,15.834004,17.047316,20.764332,19.318708,22.744137,22.534035,18.924438,19.541756,19.340567,16.030115,19.279963,20.696583,18.00697,17.848015,19.58382,13.9372425,18.026958,15.956212,20.856884
28,37.56581,33.908726,34.23369,30.072283,27.44778,30.144993,23.237604,25.563972,22.337297,20.476103,23.022951,18.967524,18.853418,12.832636,10.504606,6.854825,5.2613077,5.475367,8.47719,10.113839,13.206129,15.445875,17.944927,15.115035,13.144025,11.802038,7.047485,4.99554,0.0,4.733927,8.111664,8.967641,14.248946,16.788095,18.77016,22.751448,23.511591,21.239305,18.146482,14.851029,14.204093,9.666729,10.311776,6.7112117,6.2706323,4.21298,7.7895617,9.28127,12.653551,12.895785,15.169763,12.282021,16.739119,15.7041235,17.94649,15.417532,12.5241,13.259102,17.434986,17.45112,16.689518,9.470436,13.537332,13.048148,16.863857,13.778957,9.955137,15.585728,14.287843,11.5238,15.444285,15.401281,15.351863,11.081412,14.999926,12.396581,13.722116,14.149911,12.849581,17.61681,14.060419,19.47068,19.91143,19.138365,15.537763,13.536583,16.538097,12.600295,14.243085,12.864787,15.912215,16.482992,15.527808,16.01387,20.893427,19.69586,24.075485,24.294441,21.158562,20.663126,21.258507,16.880976,20.165468,20.965464,17.42765,17.270584,17.570942,11.973852,15.31899,12.732815,17.391281
29,34.82831,31.440763,32.028755,27.605877,25.436508,28.273558,21.49275,24.786982,21.260212,20.469152,23.015705,19.527315,18.175827,13.123924,9.67966,7.669268,4.4389486,7.19168,7.18911,10.631045,12.751154,15.428335,17.539968,15.373956,14.373412,12.379697,8.803496,5.055162,4.733927,0.0,8.591526,6.2616944,12.8506775,14.570906,16.285507,20.45669,20.367464,18.056759,14.843495,11.461464,11.572135,6.6854963,9.320621,7.2039766,5.005958,7.279504,8.1971035,11.875499,13.96005,15.181109,17.56677,15.3718605,20.191908,18.957754,21.88772,19.552275,16.622068,17.71166,21.428278,21.577991,20.554783,13.557065,17.518024,16.547838,20.754244,18.367723,13.883199,19.069607,18.272642,15.28936,18.706223,17.760675,17.688698,13.071588,15.537561,12.102362,12.166451,11.530407,9.207918,13.531549,9.426519,14.863663,15.204284,14.648335,11.32332,9.800143,13.466881,11.000076,13.300992,13.334902,16.526783,18.121454,18.113943,17.672226,21.791843,19.90498,24.31112,23.542486,19.915525,19.337132,18.584244,14.729998,17.100649,17.831087,14.782482,15.3698435,16.757685,12.266341,16.36281,14.90536,19.790054
30,37.252033,33.586803,33.009422,28.471746,26.000643,27.102003,20.90279,21.561838,17.38344,15.868947,16.791883,12.40581,11.228277,5.687512,6.229862,6.1417074,8.162056,12.236425,15.369405,17.749182,20.76671,23.0827,25.58946,22.956741,21.223433,19.570393,15.104302,12.362126,8.111664,8.591526,0.0,6.0192947,6.8349705,10.767453,12.194691,15.990021,17.69372,15.473879,13.138601,10.685151,8.640298,6.953448,4.308577,4.518203,9.587875,8.786957,13.836105,16.645046,19.571667,20.558857,23.094688,20.032257,24.047136,22.801844,24.42796,21.843636,18.711544,17.861645,22.217196,20.28964,17.683538,11.8365555,12.89577,10.407567,14.877533,15.294849,9.376547,12.964346,14.740881,12.819349,16.880556,15.64073,17.518179,13.919075,17.409348,12.63406,15.853923,14.314014,14.145229,17.85298,15.143456,20.644989,19.856043,20.740034,18.451288,16.403831,20.861933,17.102924,20.403381,19.200346,22.511387,22.994358,21.283102,19.936256,25.34543,23.899416,29.325304,29.131502,26.2092,24.278852,24.475615,19.591095,21.538193,21.115988,17.05619,17.897867,16.616411,13.532502,15.614866,13.761523,17.394773
31,32.441208,29.030945,28.929054,24.190907,22.159046,23.91134,17.585033,20.120667,15.961015,15.878944,17.728178,14.6797085,12.3742285,8.530969,5.058229,6.515066,6.1185536,11.45295,12.865516,16.108349,18.595709,20.940273,23.31096,21.530355,20.47551,18.635231,14.819839,11.255832,8.967641,6.2616944,6.0192947,0.0,7.203694,8.328679,10.29774,14.242479,14.602529,12.647298,9.203914,5.9383063,6.864588,4.528102,6.3488503,7.569132,9.253172,11.140643,13.8486185,17.657612,19.932482,21.200356,23.533804,20.868969,25.39061,23.667076,26.401682,24.22855,20.685837,20.764822,24.40285,23.304216,21.081018,15.000135,17.617434,15.8150215,20.44265,20.064953,14.734603,18.91697,20.035986,17.604599,21.37882,19.86209,20.971514,16.694456,19.088705,14.176772,15.425948,13.044127,11.298482,14.195661,10.30877,15.574504,14.0768,14.899088,13.0243025,11.118643,15.991501,13.387347,17.238012,17.176542,20.548786,22.00018,21.385962,19.284374,23.699993,21.561178,26.875687,25.73648,22.449326,20.455341,19.50924,15.1501465,16.26767,15.840466,12.276859,13.800509,14.089721,11.911232,15.198873,14.677796,18.944672
32,35.249035,31.894152,30.885042,26.05965,24.189297,24.129417,18.991371,19.193731,14.21813,14.437476,13.919769,10.742355,6.356538,5.7445464,7.2679543,10.655535,12.501829,17.662605,19.864693,22.913424,25.550428,27.95579,30.321041,28.181673,26.922504,24.985365,20.942274,17.617292,14.248946,12.8506775,6.8349705,7.203694,0.0,5.512163,5.6178937,9.405164,11.36414,9.398254,7.9456425,7.159189,5.011635,8.004995,5.835219,9.820244,14.084613,15.080705,19.073458,22.876602,25.237019,26.755219,29.36963,26.471153,30.652082,29.116144,31.069199,28.635712,25.261927,24.3233,28.308054,25.968225,22.743727,17.88542,18.223846,15.29602,19.578405,21.487713,15.533821,17.602676,20.565289,18.906668,22.429447,20.35266,22.691856,19.287628,21.582079,15.948683,18.79494,15.713704,15.621261,17.580523,15.506187,20.164955,18.217419,20.370691,19.468376,17.82122,22.859533,20.140875,24.254015,23.77119,27.157782,28.12446,26.708363,24.16827,29.104391,27.180677,32.94704,31.972435,29.031216,26.35428,25.597055,21.091103,21.465527,20.136065,16.48244,18.39428,16.97262,16.548166,18.255007,17.801867,20.812193
33,30.125086,26.892347,25.749828,20.862082,19.290163,19.006317,14.291417,15.188779,10.181466,12.018782,12.208255,11.027545,6.78799,8.261506,7.4177713,11.870886,13.357098,18.773058,20.745342,23.777672,26.454462,28.470564,31.032595,29.657858,28.59416,26.908325,22.998774,19.534733,16.788095,14.570906,10.767453,8.328679,5.512163,0.0,4.5081015,6.270145,8.111428,8.011266,4.904381,5.1440263,7.7934494,10.737657,10.531298,14.035283,17.16203,18.70394,22.033804,25.811152,28.195532,29.421291,31.629385,28.646011,32.86234,30.683086,33.286526,31.400656,27.399452,26.682768,29.907152,27.710228,24.437042,20.107456,21.14439,18.817722,23.270144,25.009527,19.66248,22.278263,25.242504,23.537096,27.369213,25.50016,27.512691,23.730495,25.91259,20.345686,22.196344,18.788433,17.624832,18.715813,15.707389,19.605927,16.204636,18.300304,18.16857,16.288458,21.290274,18.951736,23.618382,23.5491,26.842182,28.159647,27.13226,23.536476,27.743462,25.465755,31.339943,29.812967,27.103186,23.795284,22.721645,18.503345,17.917067,16.01196,12.70643,15.109046,13.857873,15.445531,17.030668,17.893454,20.702946
34,33.133095,30.220297,29.136139,24.15182,23.04229,22.357616,18.319937,18.975998,13.857076,15.918513,14.904181,13.529449,7.7875896,10.57462,10.918103,15.011207,16.171524,21.611774,22.86229,26.333574,28.52044,30.953972,33.10534,31.45957,30.65184,28.533438,24.956684,21.314941,18.77016,16.285507,12.194691,10.29774,5.6178937,4.5081015,0.0,4.973465,5.8185067,4.319425,4.327045,6.2889485,6.1872797,10.838543,10.370752,14.607413,17.747032,19.862495,22.868362,27.282642,29.168125,31.026436,33.638832,30.975706,35.37398,33.641014,36.025898,33.720173,30.192577,29.503084,33.197655,30.981596,27.693596,23.023958,23.609016,20.764875,25.004564,27.061848,21.140247,23.048632,26.063446,24.281376,27.517746,25.047567,27.27854,23.789297,25.219233,19.421692,21.382732,17.500597,17.090603,17.440329,15.852331,19.293926,16.440914,19.492168,19.815708,18.720695,23.807325,22.258465,26.670406,26.892797,30.229446,31.690443,30.75939,27.602795,31.88734,29.560326,35.28567,33.596684,30.589825,27.621357,25.889633,22.109434,21.130722,19.242056,16.467194,19.160845,18.33436,19.548983,21.344688,21.822903,24.702375
35,31.571747,28.797157,27.109098,22.338285,21.50909,19.614939,16.973568,16.54956,11.652222,14.734487,12.878294,13.237592,7.8473134,12.806636,13.499031,17.9694,19.59793,25.028185,26.74072,29.958216,32.41926,34.54532,36.944157,35.5915,34.67756,32.803787,29.04373,25.488775,22.751448,20.45669,15.990021,14.242479,9.405164,6.270145,4.973465,0.0,4.884268,6.7589383,7.1654243,9.835804,11.147402,15.589648,14.909682,19.047253,22.430836,24.195028,27.495972,31.618301,33.764862,35.324074,37.707634,34.787975,39.0001,36.88904,39.33185,37.3372,33.434277,32.456207,35.734165,33.119705,29.479261,25.756084,25.939484,23.226898,27.28874,30.032135,24.509241,26.03873,29.695602,28.254602,31.721113,29.420631,31.858234,28.451008,30.115946,24.314734,26.345339,22.435472,21.845795,21.855545,20.007044,22.943245,19.229517,22.227068,23.02236,21.650854,26.586342,24.86828,29.601572,29.71908,32.976143,34.334175,33.236477,29.357353,33.400875,31.070118,36.976494,35.183113,32.592,29.009819,27.500114,23.792477,22.274862,19.843548,17.357601,20.07122,18.571398,21.320528,22.313322,23.473806,25.596006
