,0,1,2,3,4,5,6,7,8,9,10,11,12,13,14,15,16,17,18,19,20,21,22,23,24,25,26,27,28,29,30,31,32,33,34,35,36,37,38,39,40,41,42,43,44,45,46,47,48,49,50,51,52,53,54,55,56,57,58,59,60,61,62,63,64,65,66,67,68,69,70,71,72,73,74,75,76,77,78,79,80,81,82,83,84,85,86,87,88,89,90,91,92,93,94,95,96,97,98,99,100,101,102,103,104,105,106,107,108,109
0,0.0,4.2394633,6.231978,9.3154125,11.78743,13.957722,17.122334,21.009506,24.233913,27.692078,31.485655,33.910007,37.054394,37.88333,38.50442,33.76098,36.087753,31.9383,33.487682,29.653826,29.371025,33.45787,29.063608,26.980291,29.845848,32.910275,32.26568,29.59152,29.38839,26.535969,29.37927,24.374138,29.29792,24.067259,28.469633,28.416805,27.511486,29.032202,24.6606,22.886208,28.597733,27.881481,30.85128,32.532795,30.734123,32.949715,34.32911,36.623226,38.20919,39.252266,37.615944,42.158154,42.78721,43.64047,39.517185,40.79896,36.23127,38.220997,37.29529,32.631752,31.07877,26.851269,25.216024,20.890804,20.538195,16.195131,15.438419,13.851404,16.621128,15.226096,16.41186,19.94387,18.656256,23.910149,22.432224,26.67157,27.510553,29.451096,32.28625,32.5885,34.81115,32.634346,30.336586,29.039944,25.220299,28.566732,22.785027,25.207071,23.704157,24.037323,26.327766,25.539894,22.242708,26.245834,20.671938,20.625978,19.687397,21.391674,18.795965,14.761964,14.879177,17.258432,20.02785,20.003849,17.132233,20.188955,17.442375,17.06758,19.257092,18.333519
1,4.2394633,0.0,5.322378,6.3802996,8.5724,11.872623,13.990413,18.707125,21.19978,24.98872,28.367174,30.689117,33.595325,34.388035,34.740204,29.986301,32.29009,28.05827,29.9309,26.028645,26.119501,30.34738,26.190567,23.610659,26.640272,29.431263,28.756268,25.873777,25.464771,22.427767,25.294678,20.160902,25.222559,20.225477,24.617668,24.894402,24.05578,25.275095,20.794737,18.767082,24.48403,23.643177,26.636501,28.349627,26.653723,28.944149,30.436325,32.832687,34.369698,35.478565,33.881493,38.42216,39.247417,40.016502,36.02184,37.59792,33.059116,35.23045,34.69052,30.055931,28.14326,24.507658,22.55487,18.29867,18.3468,13.536352,13.696611,11.376913,15.071384,12.747928,12.853785,16.673536,14.984353,20.625837,19.022266,23.098951,24.255295,26.09065,29.066814,29.613813,31.546022,29.103916,26.789354,25.275799,21.431074,24.640743,18.795897,21.389051,19.82671,20.470789,22.713963,22.454708,18.685461,22.839901,16.817398,16.885046,15.5461,17.647715,15.4413185,11.158143,10.782648,13.694888,16.67718,16.484077,13.375964,16.747826,13.549209,13.908269,16.10472,15.97873
2,6.231978,5.322378,0.0,5.2264104,6.633789,8.287361,11.501628,15.084957,18.55054,21.757563,25.972721,28.188547,31.596817,32.34689,33.35059,28.674608,31.225218,27.35941,28.850033,25.491398,25.171736,29.463163,25.499836,23.684246,27.565588,29.955683,30.341654,27.794601,26.159937,23.58285,25.551718,21.122166,25.474882,19.946655,24.702919,24.429932,24.40889,26.049505,21.606611,19.816576,25.718191,25.194157,27.434477,29.3278,28.519075,30.186468,32.182205,34.1086,35.19667,35.839825,33.729744,38.12155,38.31846,38.835762,34.411873,35.366283,30.63245,32.38516,31.27489,26.54881,25.1532,20.794617,19.57695,15.200247,15.966651,11.579377,11.54939,10.95295,15.000408,14.244146,13.701961,16.657515,14.657877,19.384396,17.075584,21.512703,21.795732,23.823261,26.541983,26.788662,29.309322,27.348257,25.562605,24.274271,20.381847,23.87613,18.45567,21.23495,20.568306,21.46001,24.503052,24.352459,21.343437,26.24015,19.556557,20.59011,18.273676,21.415585,19.852953,15.217169,13.859723,17.527624,20.484093,19.315636,16.036634,17.861511,14.0033045,13.277045,14.333197,13.219097
3,9.3154125,6.3802996,5.2264104,0.0,3.7508895,5.938877,8.567864,12.637959,15.214676,18.954912,22.272741,24.929384,27.939592,29.043856,29.836203,25.341658,28.370113,24.45811,26.969496,23.696054,24.231146,28.811356,25.429003,22.740166,26.910994,28.701479,28.952002,25.919216,23.790707,20.612629,22.340445,17.311588,20.893791,15.1850395,19.756983,19.456373,19.21347,20.88425,16.510567,15.111483,20.931347,21.134575,23.316954,25.856873,25.527905,27.529203,29.789309,32.037968,32.997456,33.782326,31.691366,36.01366,36.53929,36.65049,32.33456,33.716747,28.842123,30.666838,30.063875,25.24104,23.330687,20.083162,18.94853,14.73223,16.974276,12.019191,13.651296,12.23682,17.25569,15.243591,12.803032,16.125746,12.959237,18.313349,14.771622,19.024817,19.25694,20.691607,23.387934,23.595882,25.597246,23.483292,21.07584,19.974756,16.363897,20.193872,15.02843,19.007776,18.456142,20.198004,22.987982,23.869265,19.870638,24.522602,17.398453,17.996883,14.408441,17.80751,17.530396,13.384268,10.204225,13.78731,16.525005,14.673529,11.446978,12.669712,9.055327,8.213726,9.950216,9.621414
4,11.78743,8.5724,6.633789,3.7508895,0.0,5.297289,5.423473,10.7230015,12.760966,16.542543,20.1279,22.212936,25.336782,26.098427,26.875734,22.23258,25.03109,21.178385,23.384254,20.237139,20.662956,25.265522,22.060389,19.542286,24.10315,25.615139,26.405533,23.614597,20.865582,18.090048,19.448278,15.098042,19.001328,13.580591,18.488316,18.547369,19.083221,20.357716,15.848989,13.844548,19.717566,19.352863,21.135601,23.355991,23.362303,24.893261,27.3719,29.301805,30.04802,30.617954,28.350143,32.63048,32.96906,33.110653,28.736662,30.051403,25.224833,27.139286,26.621252,21.882374,19.881138,16.701324,15.270327,11.104654,13.66364,8.768094,11.105062,10.011334,15.35392,13.672882,10.357656,13.103824,9.708892,14.695193,11.164639,15.497905,15.901745,17.673496,20.56905,21.144703,23.272213,20.983408,19.293083,17.725405,13.76647,17.302967,12.070163,15.742893,15.605347,17.46216,20.652634,21.71261,18.233995,23.36409,15.94666,17.50883,13.793787,18.034266,17.84638,13.431638,10.401813,14.852453,17.731089,15.725142,12.316593,13.353935,8.264761,8.512588,8.626048,9.151918
5,13.957722,11.872623,8.287361,5.938877,5.297289,0.0,5.9030523,7.129012,11.022449,13.994151,18.139154,20.848995,24.363768,25.580233,27.194141,23.030964,26.561695,23.276747,25.683496,23.308048,23.709135,28.310875,25.574463,23.532722,28.572489,29.613245,30.987638,28.261583,24.668463,21.997467,22.401064,18.413126,20.439959,14.341105,18.992535,17.888763,18.826458,20.956913,17.021427,16.238764,21.730356,22.56892,23.64476,26.53925,27.451805,28.769138,31.619715,33.383,33.74357,34.01035,31.360651,35.35409,35.230083,34.819363,30.07775,30.813145,25.684647,26.911175,25.792469,20.836432,19.43286,15.910303,16.094183,12.167307,16.223858,12.214337,14.2636595,14.4445505,19.54343,18.64707,15.365079,17.508867,13.889387,17.737967,12.740502,17.088675,15.868392,17.167385,19.357706,19.04536,21.661451,20.260187,18.441128,17.842243,14.555135,18.741493,14.788752,19.212288,19.84573,22.049948,25.44063,26.72014,23.364563,28.463211,20.957136,22.325378,17.849207,22.036667,22.548811,18.411474,14.632494,18.420464,20.86719,18.084457,15.134413,14.142776,10.409081,7.991921,7.264754,5.2443147
6,17.122334,13.990413,11.501628,8.567864,5.423473,5.9030523,0.0,6.695857,7.5647464,11.36033,15.062111,16.848728,20.146439,20.869518,22.014004,17.546488,20.777971,17.398602,19.892538,17.589409,18.346262,23.020441,20.787285,18.448015,23.803024,24.278553,26.058783,23.469667,19.152105,16.802502,16.721737,13.510387,15.940853,10.620793,15.58898,15.486224,17.250847,18.425032,14.317462,12.586938,17.912182,17.958803,18.583937,21.115454,22.45858,23.343819,26.433172,27.95981,28.091389,28.243143,25.52606,29.478004,29.446445,29.053867,24.439217,25.54635,20.520357,22.192055,21.76453,16.983335,14.841891,12.419559,11.645646,8.160063,12.988852,9.247055,12.650086,12.522364,17.789394,16.586756,11.938469,13.2858095,9.17472,12.499479,6.969414,11.264748,10.730094,12.370065,15.184798,15.838548,18.111607,15.961796,14.994987,13.387329,9.500784,13.2025795,9.216583,13.59721,14.74889,17.357626,20.879673,22.754803,19.71141,24.987902,17.413727,19.641926,15.003534,19.978495,20.864698,16.878218,13.15259,17.591623,20.096983,17.31356,14.280531,13.573622,8.194826,8.366567,5.6817746,7.2526126
7,21.009506,18.707125,15.084957,12.637959,10.7230015,7.129012,6.695857,0.0,5.530534,7.0810957,12.002939,14.536762,18.440613,19.758337,22.19279,18.691362,22.769962,20.458273,23.00639,21.91414,22.56865,26.991545,25.474396,23.841341,29.557543,29.448864,31.920511,29.502,24.352362,22.305502,21.057535,18.632463,18.53956,13.03193,17.110138,15.477471,18.02101,20.101467,17.043966,16.841068,21.2708,22.683174,22.340029,25.52263,27.930939,28.474072,31.925842,33.165123,32.78407,32.508854,29.360647,32.77663,32.081112,30.916718,25.928589,26.13715,20.86774,21.409416,20.125826,15.193973,14.103527,11.600916,13.479761,11.071705,17.070875,14.578313,17.360352,18.36298,23.319826,22.883602,18.519922,19.355072,15.45832,17.214725,10.824429,14.226291,11.141963,11.799887,13.17848,12.348554,15.517121,14.938046,14.226109,14.146051,11.805904,15.81549,14.15343,18.775059,20.691301,23.482363,27.119776,29.148323,26.318012,31.52622,23.964195,25.97435,20.76321,25.563148,27.057207,23.25076,18.974926,22.796295,24.8733,21.40123,18.907103,16.23668,12.747766,10.479437,6.768655,5.366122
8,24.233913,21.19978,18.55054,15.214676,12.760966,11.022449,7.5647464,5.530534,0.0,4.5131884,7.602752,9.8782835,13.379777,14.738094,16.838686,13.45592,17.928581,15.867875,19.26045,18.631403,20.100092,24.455881,23.801159,21.646698,27.408972,26.511951,29.152914,26.701366,20.86719,18.925116,16.800234,15.171064,13.817615,9.324234,12.901777,11.837289,15.277824,16.601946,14.006736,13.80705,17.284264,18.83193,17.710638,21.093903,24.31851,24.629581,28.342972,29.512053,28.816698,28.493126,25.337833,28.496716,28.041887,26.500666,21.737902,22.49419,17.291452,18.11138,17.886522,13.292964,11.145351,11.307533,12.596283,11.409943,17.683548,15.492392,19.068169,19.475199,24.456244,23.425694,18.142029,18.49439,14.35245,15.408213,8.480571,10.502425,7.186991,6.773973,8.4606905,8.415321,10.821428,9.551811,9.366921,8.863873,7.0761404,10.832956,10.838256,15.788659,18.19562,21.517036,24.847158,27.664013,24.766796,29.646412,22.355352,24.542019,19.00432,24.0133,26.280396,23.065191,18.552465,22.213697,23.982006,20.355711,18.238966,15.21104,11.743358,10.973473,6.5567083,8.327462
9,27.692078,24.98872,21.757563,18.954912,16.542543,13.994151,11.36033,7.0810957,4.5131884,0.0,6.1891785,7.835618,12.035028,13.398964,16.603336,14.168403,18.670624,17.640982,20.443195,20.770767,21.918234,25.884193,25.78217,24.334328,30.259993,28.969547,32.241844,30.14104,23.832676,22.477074,19.682985,19.090548,16.891953,13.240176,15.946335,14.378466,18.293177,19.758795,17.852806,18.012009,20.845737,22.55817,20.79911,24.021795,27.78663,27.593136,31.460327,32.205055,31.11196,30.372732,26.925003,29.586565,28.50336,26.506727,21.562885,21.481796,16.341255,16.209661,15.370651,10.996604,9.86178,10.526669,13.375871,13.208362,19.67123,18.419128,21.675005,22.777138,27.45066,27.03361,21.94212,21.758196,17.987505,17.842884,11.381422,12.562636,7.9174104,6.948166,6.7488294,5.407882,9.161117,9.565712,10.865828,11.173627,10.614472,13.382094,14.650856,18.83656,21.701286,24.892038,28.383379,31.143412,28.754898,33.727264,26.532784,28.940912,23.458406,28.476088,30.76194,27.463055,23.047958,26.69698,28.39823,24.656868,22.663567,19.241344,16.216122,14.949127,10.615084,11.141515
10,31.485655,28.367174,25.972721,22.272741,20.1279,18.139154,15.062111,12.002939,7.602752,6.1891785,0.0,5.0734825,7.4053254,10.189449,13.137299,12.108607,17.330023,16.927803,21.055334,21.818989,23.95694,27.732702,28.38681,26.2033,31.830397,29.866331,32.851643,30.497389,23.968048,22.356615,18.902912,18.626133,13.960318,11.969925,12.654978,10.929448,15.417465,16.447966,15.952906,17.072819,18.167885,20.971811,18.429855,22.333174,26.93216,26.882107,30.86885,31.804985,30.461767,29.85036,26.630838,28.814157,28.22693,25.55622,21.252697,21.903822,17.277334,17.176397,17.672209,14.382853,12.517103,15.571585,17.642233,17.908869,24.157583,22.609406,26.29787,26.667173,31.501446,30.297613,24.658686,24.601791,20.611612,20.612429,14.295488,14.043917,10.171105,7.012204,5.253879,3.4019911,3.7533062,5.134938,6.338577,8.075216,10.099531,12.107567,15.422161,20.03045,22.889782,26.543957,29.392265,32.92125,30.021872,34.294617,27.55832,29.496778,23.619806,28.26312,31.562387,29.108175,24.238642,27.106403,28.17973,24.202862,22.98875,18.76276,17.140259,16.318348,12.567794,14.223732
11,33.910007,30.689117,28.188547,24.929384,22.212936,20.848995,16.848728,14.536762,9.8782835,7.835618,5.0734825,0.0,4.5425596,5.7837453,9.582073,9.095964,13.762815,14.414901,17.743612,19.472942,21.443213,24.672804,26.094078,24.481369,30.087439,27.57199,31.264547,29.47942,22.456558,21.83576,17.669989,19.138594,15.068733,14.550931,15.292152,14.735001,19.313473,19.5358,18.887455,19.094563,19.85218,21.48549,18.31858,21.249838,26.248837,25.358673,29.436543,29.735586,27.96171,26.89097,23.441021,25.143232,24.05971,21.143078,16.798586,17.115656,12.780426,12.424426,13.500129,11.13031,9.217886,13.962182,15.930349,17.424213,23.280113,22.750502,26.387583,27.073141,31.401402,30.62232,25.0176,24.085037,20.69548,19.181183,13.951899,12.371944,8.497117,5.3323145,1.846807,3.3885574,3.70004,4.6943083,9.435203,9.453465,11.207502,11.362665,15.710442,18.87632,22.250374,25.673065,28.587646,32.114918,30.089014,34.437477,28.081055,30.685774,25.345903,30.235285,33.211796,30.666973,26.404005,29.687893,30.96594,27.312538,25.875317,22.409006,19.840773,19.912407,15.849465,17.812271
12,37.054394,33.595325,31.596817,27.939592,25.336782,24.363768,20.146439,18.440613,13.379777,12.035028,7.4053254,4.5425596,0.0,3.830666,6.8472157,8.56214,13.102408,14.50863,18.517603,20.585745,23.156883,26.047363,28.03271,26.012915,31.21287,28.197134,31.672888,29.848885,22.838366,22.252779,17.695751,19.699686,14.321546,15.534156,14.842311,14.737137,19.254288,18.846638,19.155508,19.712036,19.08789,21.081425,17.310555,20.342703,25.884136,24.95379,29.009758,29.325914,27.323854,26.3109,23.142887,24.300526,23.631,20.216734,16.728216,17.71796,14.307563,14.122157,16.24021,14.840429,12.6973295,18.09776,19.478325,21.115494,26.651115,26.011604,29.827639,30.082724,34.385002,33.163277,27.351538,26.426382,23.098728,21.61076,16.904644,14.550957,11.827667,8.443845,5.979208,7.2111783,3.9547453,4.6802754,9.420097,9.693863,12.765883,11.870061,17.326597,20.298363,23.554821,27.119045,29.49493,33.47062,31.283522,35.055756,29.25093,31.598291,26.282843,30.821161,34.325317,32.368774,28.0512,30.842073,31.732494,28.123623,27.166653,23.555664,21.703043,22.19989,18.56686,21.01636
13,37.88333,34.388035,32.34689,29.043856,26.098427,25.580233,20.869518,19.758337,14.738094,13.398964,10.189449,5.7837453,3.830666,0.0,4.6603947,6.838813,10.307204,12.588275,15.727319,18.459007,20.828222,23.250658,25.734932,24.161428,29.248142,25.917797,29.877323,28.519133,21.30912,21.50629,16.650898,19.823399,15.524492,17.234821,17.037912,17.591164,22.033628,21.25786,21.117586,20.915592,20.43085,21.329468,17.38801,19.438927,25.019238,23.454529,27.49706,27.310627,25.04136,23.68092,20.354841,21.191278,20.139578,16.6275,13.104044,13.99712,11.018147,10.932635,13.75359,13.182656,11.002226,17.085283,18.092558,20.420462,25.44379,25.47294,29.170856,29.604208,33.4794,32.56716,26.910728,25.404177,22.60054,20.13524,16.465761,13.366787,11.18253,8.54645,6.6720357,9.104323,7.2678895,6.8926845,12.261609,11.397251,13.6640835,11.694543,17.295372,19.07235,22.57969,25.856655,28.269262,32.12741,30.632841,34.473022,28.980078,31.810104,26.999672,31.695116,34.80289,32.72604,28.930708,32.060184,33.17159,29.852654,28.64351,25.67985,23.068773,24.093786,20.28116,22.871552
14,38.50442,34.740204,33.35059,29.836203,26.875734,27.194141,22.014004,22.19279,16.838686,16.603336,13.137299,9.582073,6.8472157,4.6603947,0.0,5.0898395,7.469501,10.160101,13.998226,16.670343,19.676653,21.815742,24.633915,22.522442,27.03453,23.337608,26.954082,25.621696,18.601715,19.007381,13.955044,17.93187,13.681022,17.007162,16.220158,17.811647,21.841131,20.239712,20.299393,19.725977,18.339365,18.635859,14.335899,15.855391,21.703543,19.9943,23.94008,23.758942,21.389349,20.202389,17.254314,17.890272,17.659592,14.170372,11.657228,14.042728,11.950497,13.024042,16.675844,16.273926,13.464695,19.54212,19.424963,21.695482,26.04692,25.935637,29.757267,29.629902,33.311142,31.925335,26.222212,24.653444,22.137589,19.729652,17.03309,13.271862,12.808571,10.542498,10.031267,12.897446,10.45008,8.493328,13.039195,11.326107,13.687469,10.424848,16.491238,17.575857,20.822819,24.072992,25.885643,30.08237,28.602968,31.869791,27.101477,29.85466,25.484325,29.861423,33.112034,31.561361,28.114283,30.949766,31.876017,28.919344,27.944744,25.537876,23.007393,24.872637,21.500813,24.727854
15,33.76098,29.986301,28.674608,25.341658,22.23258,23.030964,17.546488,18.691362,13.45592,14.168403,12.108607,9.095964,8.56214,6.838813,5.0898395,0.0,5.373061,5.9700613,10.556423,12.348341,15.41361,18.244316,20.354616,17.980482,22.861893,19.670795,23.221643,21.698723,14.528013,14.747657,9.836011,13.671427,11.087957,13.59999,14.099055,16.060244,19.909328,18.420311,17.379047,16.008955,15.821017,15.27672,11.547731,12.972966,18.310858,16.789333,20.863962,20.940065,19.020815,18.086786,14.915871,16.80308,16.774343,14.37296,10.825871,13.556334,10.234592,12.35848,15.571846,14.066709,10.573753,15.977595,15.117678,17.070288,21.248016,20.941135,24.795118,24.553522,28.263369,26.85697,21.16644,19.614393,17.058592,14.807811,12.159824,8.291286,8.748543,7.303138,8.568215,12.0347805,10.793086,7.488382,11.619942,8.679986,9.611615,5.9167805,11.646294,12.680911,16.03668,19.349926,21.512585,25.536594,24.01019,27.717571,22.516928,25.546944,21.302423,25.995436,28.776138,26.883215,23.671593,26.90925,28.18319,25.401764,24.01333,22.233597,18.872343,21.132673,17.75846,21.188768
16,36.087753,32.29009,31.225218,28.370113,25.03109,26.561695,20.777971,22.769962,17.928581,18.670624,17.330023,13.762815,13.102408,10.307204,7.469501,5.373061,0.0,4.5786304,6.8429246,9.919274,12.924705,14.60112,17.762695,15.888347,20.057114,16.121746,20.301435,19.655914,12.552133,14.422023,9.517714,15.28451,14.592804,17.800022,18.430666,20.952507,24.449667,22.492872,21.242023,19.084425,18.708334,16.50263,12.9262,12.025726,17.061523,14.33834,18.19224,17.342276,14.905998,13.415394,10.080182,11.510227,11.48626,9.404932,6.5960407,10.629816,9.118341,12.09814,16.057863,15.734253,12.521483,17.824196,15.994119,18.648344,21.420918,22.016386,25.541866,25.288527,28.136118,26.991228,21.792566,19.409307,18.036383,14.465057,14.393654,9.877536,11.967755,11.7964525,13.209844,16.819334,15.847934,12.830214,16.86262,13.63591,13.771658,9.370932,13.883568,12.295125,15.59239,18.153196,19.936634,23.817402,23.472916,26.866247,22.723097,26.279392,23.17465,27.666725,29.860441,28.116486,25.902338,29.272324,30.679235,28.490854,26.98389,26.164238,22.288746,25.195288,21.98958,25.48625
17,31.9383,28.05827,27.35941,24.45811,21.178385,23.276747,17.398602,20.458273,15.867875,17.640982,16.927803,14.414901,14.50863,12.588275,10.160101,5.9700613,4.5786304,0.0,6.241834,6.8657537,10.589409,13.401867,15.367083,12.4983,16.997421,13.75493,17.307913,16.067251,8.792203,10.094372,5.31811,10.987356,11.964487,14.678855,16.026707,18.879826,21.918344,19.96076,18.012804,15.264402,15.658687,12.769612,9.947396,9.084539,13.555117,11.432366,15.455569,15.3470335,13.700358,12.997172,9.943642,12.981489,13.783573,12.976991,10.011264,13.775382,11.180466,14.524928,17.73957,16.221136,12.582677,16.690413,14.063722,15.889598,18.417677,18.346638,22.005142,21.28257,24.336979,22.765965,17.433361,15.359443,13.802485,11.045119,11.134798,6.8935466,10.4685545,10.927027,13.418845,16.95098,16.364208,12.678838,15.577443,11.800248,10.8139305,6.4010525,9.691393,7.954712,11.169241,14.055894,15.9780445,19.978737,19.118292,22.753225,18.21532,21.811382,18.794048,23.37956,25.354776,23.540897,21.47569,24.944338,26.50409,24.526882,22.847044,22.613647,18.387552,21.733927,18.900394,22.627232
18,33.487682,29.9309,28.850033,26.969496,23.384254,25.683496,19.892538,23.00639,19.26045,20.443195,21.055334,17.743612,18.517603,15.727319,13.998226,10.556423,6.8429246,6.241834,0.0,4.789989,6.4581137,7.838327,11.111619,10.309157,14.589785,10.989207,16.209888,16.473196,9.881288,13.180677,9.922245,15.569626,18.074678,19.961464,21.990051,24.582495,27.696444,25.971622,23.592398,20.40502,21.540194,17.806396,15.697126,13.33285,16.274809,12.949574,16.27401,14.729449,12.7655,10.977402,7.1773114,10.213515,9.602005,10.281468,7.1618037,10.40482,9.166256,12.947451,16.010845,15.533476,12.683531,16.081533,12.803084,15.70047,16.58696,18.213724,21.120157,21.121992,22.9731,22.546019,18.24162,14.9020815,14.992473,9.917513,12.968196,9.02255,12.606693,14.30297,16.629875,20.213701,20.500664,17.407951,21.004692,17.346556,15.682809,11.994191,13.56996,9.277639,12.466248,13.803834,16.13756,19.037592,20.174583,24.132885,20.255892,24.625034,22.730383,27.33944,28.191084,25.874353,24.878874,28.873316,30.848257,29.26243,27.138445,27.56016,22.55318,25.828655,22.763065,25.981499
19,29.653826,26.028645,25.491398,23.696054,20.237139,23.308048,17.589409,21.91414,18.631403,20.770767,21.818989,19.472942,20.585745,18.459007,16.670343,12.348341,9.919274,6.8657537,4.789989,0.0,4.2456493,7.5651393,8.611393,5.997317,10.873886,8.302916,12.737269,12.482877,6.1620765,9.395748,7.7617383,12.408762,16.84871,18.181376,20.761414,23.602314,26.108753,24.37523,21.411722,17.66649,19.523333,15.049181,14.114836,11.527051,13.037064,10.339679,13.485134,12.726107,11.873032,11.185025,8.363717,12.664756,13.277821,14.639781,11.923981,15.014673,12.975305,16.714819,19.137094,17.584345,14.479521,16.45892,12.295916,14.008171,14.05052,14.945607,17.871212,17.189125,19.049234,18.089396,13.846489,10.582777,11.079943,6.777195,11.151437,8.251164,12.973411,15.082338,18.102705,21.504364,21.955452,18.42188,20.922878,17.018488,14.457019,11.363927,10.816144,5.1607223,7.8580923,9.033843,11.61811,14.541167,15.445914,19.670303,15.640088,20.175556,18.830294,23.332787,23.698719,21.340136,20.872242,24.918772,27.05817,25.8876,23.605457,24.862835,19.583742,23.325306,20.834053,24.189678
20,29.371025,26.119501,25.171736,24.231146,20.662956,23.709135,18.346262,22.56865,20.100092,21.918234,23.95694,21.443213,23.156883,20.828222,19.676653,15.41361,12.924705,10.589409,6.4581137,4.2456493,0.0,4.7312384,4.9661508,5.2909985,10.256423,8.684591,13.742294,14.339928,9.519255,12.751553,11.879503,15.716471,20.583864,21.060345,24.175142,26.674753,29.24135,27.856743,24.56402,20.734903,23.269033,18.810678,18.220636,15.656914,16.391388,13.664409,16.14411,14.859776,14.203724,13.137386,10.396601,14.31338,13.939352,15.974642,13.043146,15.042143,13.277693,16.825632,18.554354,17.207937,14.773414,15.543913,11.005139,13.051388,11.617607,13.841479,16.00912,16.057104,17.00579,17.177204,13.966408,9.928338,11.647839,6.0134735,12.093721,10.091785,14.229742,17.002195,19.957552,23.208647,24.319628,21.139652,23.87941,20.117672,17.154266,14.712736,13.383971,7.718588,9.864515,9.670384,12.859045,14.365167,16.574594,21.216637,17.295395,22.135561,21.30202,25.837835,25.394926,22.484495,22.610283,27.028503,29.48265,28.454578,25.831367,27.363247,21.640125,25.06865,22.45661,25.295698
21,33.45787,30.34738,29.463163,28.811356,25.265522,28.310875,23.020441,26.991545,24.455881,25.884193,27.732702,24.672804,26.047363,23.250658,21.815742,18.244316,14.60112,13.401867,7.838327,7.5651393,4.7312384,0.0,5.278733,7.9349546,10.364521,8.011798,13.860977,15.757814,11.982625,16.079279,15.120875,19.730413,24.36402,25.47121,28.242823,30.895832,33.549095,31.928188,28.868029,25.027151,27.041914,22.244123,21.418234,18.016005,18.524124,15.021429,16.83269,14.436041,13.412104,11.690809,9.374182,12.396527,11.543895,14.660356,12.923085,14.682772,14.580495,17.994541,19.977974,19.722334,17.744074,18.873835,14.654444,17.21305,15.019753,17.985312,19.553932,19.803913,19.722929,20.37119,18.011782,13.830609,16.19172,10.647467,16.691473,14.29986,18.130709,20.736029,23.345621,26.71836,27.677914,24.646982,27.842085,24.076506,21.489021,18.557451,17.90051,11.998433,13.679758,12.670416,14.931308,15.843111,19.350147,23.317045,20.669565,25.533676,25.364733,29.58413,28.89831,26.27398,26.913681,31.179825,33.56741,32.775936,30.249928,31.92876,26.290174,29.790192,27.137726,29.943449
22,29.063608,26.190567,25.499836,25.429003,22.060389,25.574463,20.787285,25.474396,23.801159,25.78217,28.38681,26.094078,28.03271,25.734932,24.633915,20.354616,17.762695,15.367083,11.111619,8.611393,4.9661508,5.278733,0.0,5.4098577,8.175152,8.654753,13.056464,14.521122,12.106375,15.323123,15.795095,18.793554,24.669512,24.733175,28.166555,30.680506,32.88421,31.571508,27.94177,23.833408,26.802132,21.872961,22.044199,19.051088,18.349485,15.832499,17.261034,15.776278,15.860755,15.081863,13.286478,17.021,16.721413,19.611158,17.261454,18.816256,17.555117,20.883604,22.088972,20.808712,18.85234,18.362055,13.61714,15.013745,11.292769,14.1815195,15.148998,15.239961,14.563907,15.535293,14.1098385,9.836758,13.202092,8.5460005,15.450993,14.463491,18.451742,21.496096,24.53286,27.623587,29.013681,25.86011,28.287643,24.533533,21.199203,19.203623,16.811975,10.987258,11.677354,9.699024,12.616097,12.323065,16.164692,20.70664,17.728031,22.68125,23.063711,27.169065,25.661768,22.605087,23.901325,28.349375,31.021631,30.561049,27.749012,30.095459,24.174818,27.666262,25.4664,27.990524
23,26.980291,23.610659,23.684246,22.740166,19.542286,23.532722,18.448015,23.841341,21.646698,24.334328,26.2033,24.481369,26.012915,24.161428,22.522442,17.980482,15.888347,12.4983,10.309157,5.997317,5.2909985,7.9349546,5.4098577,0.0,6.0112624,6.5076504,9.644704,9.850577,7.2532578,10.057058,11.392723,13.878995,20.317175,20.767258,23.953129,26.826843,28.624964,27.025427,23.433796,19.168154,21.91958,16.69993,17.33812,14.363517,13.194297,11.291308,12.962154,12.523996,13.1382265,13.27488,11.832867,16.297672,17.264145,19.647638,17.38522,20.015434,18.104733,21.720516,23.44896,21.517834,18.779285,18.945072,14.122968,14.670728,12.241032,13.107832,15.089991,13.818786,14.434478,13.503816,10.812617,7.098543,9.930008,7.0054607,13.323893,12.290071,17.005709,19.611776,22.934158,26.060133,26.91517,23.32304,25.018167,21.134474,17.80588,15.74289,12.872348,6.7451057,6.5502276,4.7647815,7.8183837,9.142322,11.572153,16.132254,12.83332,17.754313,18.105608,22.087116,21.009935,18.425056,19.540094,23.680027,26.158516,25.823786,23.24543,25.829903,20.219147,24.236198,22.490274,25.552465
24,29.845848,26.640272,27.565588,26.910994,24.10315,28.572489,23.803024,29.557543,27.408972,30.259993,31.830397,30.087439,31.21287,29.248142,27.03453,22.861893,20.057114,16.997421,14.589785,10.873886,10.256423,10.364521,8.175152,6.0112624,0.0,5.020172,5.441843,7.759978,9.657997,12.728787,15.140136,17.504726,24.348656,25.461126,28.239658,31.492706,32.812412,30.818476,27.372366,22.961039,25.136724,19.216047,20.431417,16.401632,13.403469,11.47187,11.126827,10.261793,12.014824,12.871321,13.159152,17.143824,18.949102,22.191666,21.188576,24.118427,23.125616,26.814058,28.801712,27.281067,24.601982,24.829021,19.962982,20.379513,16.964964,17.802689,18.993544,17.15397,16.295,15.061906,14.190717,11.267983,14.781728,12.945253,19.176773,18.082668,22.912355,25.335049,28.619385,31.831753,32.378666,28.627134,30.096401,26.152914,23.036127,20.708733,17.879162,11.940892,10.3460455,7.0398207,6.721873,6.2692018,11.224354,14.047466,13.8060665,18.315916,20.533428,23.393442,21.524351,19.8437,22.320492,25.797493,28.087912,28.612736,26.309402,29.734484,24.516167,28.883608,27.687922,30.839296
25,32.910275,29.431263,29.955683,28.701479,25.615139,29.613245,24.278553,29.448864,26.511951,28.969547,29.866331,27.57199,28.197134,25.917797,23.337608,19.670795,16.121746,13.75493,10.989207,8.302916,8.684591,8.011798,8.654753,6.5076504,5.020172,0.0,6.039611,8.492384,7.5516033,11.895354,12.764878,16.861237,22.536325,24.619291,26.81948,30.213953,31.99149,29.717766,26.79179,22.62933,23.91832,18.121586,18.273602,13.733573,12.228455,8.835212,9.355378,7.1786003,7.7237,7.9942174,8.21118,12.140964,14.238433,17.452967,17.01711,20.36445,19.971403,23.720726,26.309868,25.36579,22.5508,24.007204,19.421642,20.703478,18.469261,19.610205,21.490543,20.05207,20.044876,18.852488,16.607841,13.389004,15.915154,12.877736,18.656614,16.419186,21.245455,23.292639,26.286829,29.729256,29.871725,26.159586,28.224342,24.23532,21.741796,18.564068,17.247334,11.070953,10.755824,9.053493,8.909624,10.704249,14.143288,16.661047,15.988585,20.435818,21.59266,24.809488,24.052057,22.616167,24.054714,27.482355,29.505121,29.517422,27.456734,30.07507,25.049292,29.403643,27.709583,31.14729
26,32.26568,28.756268,30.341654,28.952002,26.405533,30.987638,26.058783,31.920511,29.152914,32.241844,32.851643,31.264547,31.672888,29.877323,26.954082,23.221643,20.301435,17.307913,16.209888,12.737269,13.742294,13.860977,13.056464,9.644704,5.441843,6.039611,0.0,4.303751,8.965698,11.700426,14.4966135,16.916727,23.360182,25.569418,27.520102,31.207748,32.152027,29.623167,26.693916,22.422968,23.476736,17.247969,18.641329,13.991131,9.978401,8.300016,6.3865194,6.2152762,9.121371,11.214286,12.819673,16.45827,19.493393,22.505142,22.365358,26.051678,25.303022,29.089819,31.672766,30.219193,27.144371,28.266922,23.57405,23.92799,21.446573,21.457298,23.171354,20.704067,20.510452,18.14152,16.6556,14.663771,17.218122,16.295507,21.528563,19.954445,24.95754,26.77432,29.968935,33.255478,33.109993,29.128012,30.205933,26.278318,23.733032,20.980625,18.789568,13.446456,11.391753,9.11648,6.1442456,7.8829284,10.992562,11.674265,13.436826,17.127184,19.819626,21.864891,20.62806,20.214169,22.599207,25.217804,26.981318,27.83076,26.108498,29.625374,25.176218,29.908834,29.082579,32.674755
27,29.59152,25.873777,27.794601,25.919216,23.614597,28.261583,23.469667,29.502,26.701366,30.14104,30.497389,29.47942,29.848885,28.519133,25.621696,21.698723,19.655914,16.067251,16.473196,12.482877,14.339928,15.757814,14.521122,9.850577,7.759978,8.492384,4.303751,0.0,7.3053365,8.394328,12.188846,13.366664,20.095034,22.184328,24.044891,27.77516,28.364666,25.823383,22.861292,18.61197,19.69582,13.463224,15.520715,11.466093,6.537834,6.7081256,5.4407268,7.7663856,10.572608,13.002811,14.080321,18.084898,21.246412,23.568892,22.894243,26.76325,25.286674,29.0398,31.569141,29.574018,26.251015,27.349604,22.82562,22.61718,20.891237,19.905678,22.045816,19.0797,19.821268,16.551207,14.320207,13.260995,14.959729,15.412923,19.596098,18.39567,23.342651,24.896378,28.181517,31.279522,30.981325,26.893482,27.308142,23.493,20.945602,18.59334,15.973552,11.624912,8.888753,7.5220733,3.631875,7.583353,7.8706937,8.6232195,9.724033,13.15282,15.707552,17.637623,16.826996,16.730799,18.790546,21.130877,22.769995,23.644337,22.079462,25.694105,21.594616,26.443602,25.988995,29.709896
28,29.38839,25.464771,26.159937,23.790707,20.865582,24.668463,19.152105,24.352362,20.86719,23.832676,23.968048,22.456558,22.838366,21.30912,18.601715,14.528013,12.552133,8.792203,9.881288,6.1620765,9.519255,11.982625,12.106375,7.2532578,9.657997,7.5516033,8.965698,7.3053365,0.0,4.710209,5.6660037,9.530849,15.12225,17.47887,19.391216,22.934505,24.540503,22.173319,19.370186,15.3319235,16.39106,10.764584,10.95805,7.1876235,6.9285507,4.8510995,8.047814,8.849096,9.216441,10.306205,9.412213,13.854489,16.318659,17.759771,16.271297,20.17132,18.311214,22.017498,24.736782,22.852448,19.394804,21.397966,17.262154,17.81915,17.678673,17.097065,20.117458,18.085367,20.066534,17.576117,13.337221,11.391322,11.730059,10.591747,13.977179,11.742032,16.672258,18.062897,21.207388,24.472023,24.166569,20.165253,21.407118,17.4426,15.131509,12.039102,10.787901,5.9040155,5.706958,7.154386,7.5135117,11.918888,11.530283,14.582626,11.700998,15.746737,15.28182,18.95541,19.582241,18.36436,18.360863,21.562424,23.317898,22.801321,21.00989,23.07598,18.53284,23.031944,21.537655,25.390007
29,26.535969,22.427767,23.58285,20.612629,18.090048,21.997467,16.802502,22.305502,18.925116,22.477074,22.356615,21.83576,22.252779,21.50629,19.007381,14.747657,14.422023,10.094372,13.180677,9.395748,12.751553,16.079279,15.323123,10.057058,12.728787,11.895354,11.700426,8.394328,4.710209,0.0,5.1159797,5.2940173,12.009284,13.959858,15.902476,19.526,20.556606,18.21122,15.178084,11.002137,12.417131,6.7001085,8.312816,6.505866,5.8027196,7.018614,9.882014,12.235208,13.079427,14.589267,13.7486725,17.98562,20.464838,21.268654,19.298656,23.098694,20.408522,23.882524,26.320812,23.702295,20.068678,21.712767,17.932585,17.503778,18.186348,16.247847,19.602062,16.971916,19.887016,16.494015,11.604604,11.231188,10.180942,11.552659,12.995883,11.764429,16.309704,17.30769,20.573063,23.451452,23.00299,18.886032,18.938087,15.161491,12.708479,10.603738,8.202848,6.1815314,4.7743526,7.8077645,8.044514,12.761656,9.863968,12.972045,8.703384,12.070963,10.737807,14.53835,15.857763,14.912061,14.205928,17.09473,18.718191,18.13035,16.49457,18.70356,14.58107,19.307554,18.42899,22.455368
30,29.37927,25.294678,25.551718,22.340445,19.448278,22.401064,16.721737,21.057535,16.800234,19.682985,18.902912,17.669989,17.695751,16.650898,13.955044,9.836011,9.517714,5.31811,9.922245,7.7617383,11.879503,15.120875,15.795095,11.392723,15.140136,12.764878,14.4966135,12.188846,5.6660037,5.1159797,0.0,6.5534577,9.844756,12.883927,14.253376,17.777761,19.822266,17.449667,15.116673,11.709906,12.120034,7.89386,6.359815,5.1057963,8.789362,8.0333605,11.9927635,13.212522,12.669202,13.264263,11.456124,15.217443,17.254976,17.205149,15.007844,18.933844,16.273716,19.634666,22.494112,20.292036,16.538559,19.47983,16.285852,16.837725,18.741505,17.516943,21.226692,19.476988,22.684181,20.078955,14.691406,13.527937,11.842908,11.319933,11.659167,8.8969,13.152508,13.634651,16.57831,19.734442,18.952518,14.85643,15.959521,12.026426,10.430392,6.80156,7.626267,6.186803,7.803088,11.145799,12.242908,16.798733,14.805199,17.977549,13.614253,16.83652,14.175385,18.402283,20.485085,19.249207,17.465204,20.501331,21.931225,20.453066,18.956463,19.638554,15.654176,19.78682,17.93527,22.03469
31,24.374138,20.160902,21.122166,17.311588,15.098042,18.413126,13.510387,18.632463,15.171064,19.090548,18.626133,19.138594,19.699686,19.823399,17.93187,13.671427,15.28451,10.987356,15.569626,12.408762,15.716471,19.730413,18.793554,13.878995,17.504726,16.861237,16.916727,13.366664,9.530849,5.2940173,6.5534577,0.0,7.950106,8.858999,11.065825,14.505529,15.380029,13.358562,9.981364,5.8029127,8.284762,4.7457523,6.6773467,8.676725,9.781735,11.775912,14.773654,17.320915,17.827929,19.070831,17.676264,21.65607,23.69005,23.633198,20.942898,24.382097,20.828823,23.846184,25.91709,22.650589,18.979649,20.497232,17.574833,16.455006,18.71176,15.749212,19.538816,16.988901,21.067505,17.493599,11.854491,12.748149,9.765133,12.743763,11.231079,10.953448,14.376945,14.7457485,17.916851,20.26264,19.737787,15.71617,14.612299,11.191097,8.721759,8.188564,5.263857,8.06274,7.694894,11.476838,12.528406,16.755959,12.524406,15.840913,9.968952,12.026479,7.914694,12.542358,15.184245,14.017011,11.280835,14.081018,15.547272,13.976754,12.423303,13.659243,9.931249,14.549987,13.892117,18.102642
32,29.29792,25.222559,25.474882,20.893791,19.001328,20.439959,15.940853,18.53956,13.817615,16.891953,13.960318,15.068733,14.321546,15.524492,13.681022,11.087957,14.592804,11.964487,18.074678,16.84871,20.583864,24.36402,24.669512,20.317175,24.348656,22.536325,23.360182,20.095034,15.12225,12.009284,9.844756,7.950106,0.0,6.4053817,4.738014,8.714735,10.646403,8.068981,7.342338,7.0120597,4.9511037,7.770924,5.614808,10.888864,14.926261,16.345282,19.80162,22.001328,21.53675,22.303984,20.532412,23.432005,25.193237,23.68097,21.050127,24.357338,20.724382,22.953281,25.33633,22.337204,18.71282,21.819923,20.444866,19.96537,24.036888,21.317976,25.39678,23.56316,28.128231,24.939257,19.062061,19.75276,16.112421,17.957737,14.092696,12.931217,14.209708,12.563281,14.500115,16.313496,14.369279,10.602557,8.497619,5.9997563,7.3342695,6.9217024,9.45541,13.843122,15.005759,18.943266,19.974648,24.480043,20.370865,22.977213,17.68874,18.693245,13.362861,17.094694,21.35138,20.717216,16.47359,18.107573,18.516005,15.586738,15.256705,13.257988,12.138419,15.032317,13.795768,18.012333
33,24.067259,20.225477,19.946655,15.1850395,13.580591,14.341105,10.620793,13.03193,9.324234,13.240176,11.969925,14.550931,15.534156,17.234821,17.007162,13.59999,17.800022,14.678855,19.961464,18.181376,21.060345,25.47121,24.733175,20.767258,25.461126,24.619291,25.569418,22.184328,17.47887,13.959858,12.883927,8.858999,6.4053817,0.0,5.034363,6.401912,8.3204775,8.239261,4.9784217,5.2458405,8.276667,11.1402855,10.946433,15.5277815,18.30578,19.984287,23.344305,25.594429,25.471216,26.114374,23.92262,27.346958,28.452728,27.177023,23.561283,26.029839,21.512577,23.403408,24.685644,20.73388,17.50113,18.929182,18.096668,16.509958,21.198898,17.73473,21.697731,20.136278,25.266098,22.351759,16.598524,18.074732,13.683679,16.806318,11.351887,12.313121,12.455088,11.339085,13.588935,14.512032,14.020501,10.919114,7.4772696,5.98148,4.8668895,8.479342,7.957649,14.156782,15.214489,19.065441,21.015497,24.730833,20.286364,23.880922,17.23448,18.131355,11.936211,16.320343,19.992008,18.290413,13.152433,15.465841,16.45636,12.799654,11.640276,8.664798,6.834758,8.788767,7.5115933,11.72064
34,28.469633,24.617668,24.702919,19.756983,18.488316,18.992535,15.58898,17.110138,12.901777,15.946335,12.654978,15.292152,14.842311,17.037912,16.220158,14.099055,18.430666,16.026707,21.990051,20.761414,24.175142,28.242823,28.166555,23.953129,28.239658,26.81948,27.520102,24.044891,19.391216,15.902476,14.253376,11.065825,4.738014,5.034363,0.0,4.229695,6.122032,4.5177946,4.8498845,7.3906703,6.215367,11.290121,10.184359,15.530567,19.049578,20.868584,24.189964,26.57837,26.23254,26.987396,25.078417,27.975164,29.450796,27.684866,24.67403,27.492369,23.416353,25.144266,26.967888,23.53166,20.238773,22.775517,22.172441,21.12422,25.839218,22.594446,26.602098,24.885353,29.883904,26.684563,20.911505,22.245438,18.097311,20.724543,15.65221,15.532252,15.572344,13.50182,14.88702,15.647496,13.75467,10.8669615,6.4856515,6.300949,8.26417,10.106209,11.777108,17.304686,18.350277,22.293692,23.573238,27.787386,23.155224,25.851803,20.091755,20.379883,14.316469,17.700106,22.333504,21.622791,16.513363,17.613539,17.70136,14.013979,14.097823,10.402223,11.075709,12.611006,11.877669,15.68244
35,28.416805,24.894402,24.429932,19.456373,18.547369,17.888763,15.486224,15.477471,11.837289,14.378466,10.929448,14.735001,14.737137,17.591164,17.811647,16.060244,20.952507,18.879826,24.582495,23.602314,26.674753,30.895832,30.680506,26.826843,31.492706,30.213953,31.207748,27.77516,22.934505,19.526,17.777761,14.505529,8.714735,6.401912,4.229695,0.0,4.6106186,5.963339,6.759576,10.207231,10.201962,15.34312,14.294093,19.565802,23.087727,24.807146,28.21045,30.48773,30.050705,30.599812,28.399647,31.232449,32.267345,30.232716,26.81602,29.073483,24.670008,25.868097,27.141481,23.458113,20.598001,22.717552,22.952715,21.678312,26.994576,23.64906,27.534016,26.2214,31.467339,28.588266,22.933722,24.443125,20.022894,22.734488,16.784698,17.286787,16.139755,13.771919,14.498513,14.244174,12.6435995,10.890113,5.4210424,7.5084877,9.674222,12.621354,14.126949,20.110357,21.385778,25.303085,26.991497,30.932413,26.279905,29.314833,23.111252,23.289074,16.948057,20.295858,24.793188,23.697203,18.153898,19.234428,19.317799,15.156408,15.228769,10.179489,11.773998,11.546572,10.722299,13.7162485
36,27.511486,24.05578,24.40889,19.21347,19.083221,18.826458,17.250847,18.02101,15.277824,18.293177,15.417465,19.313473,19.254288,22.033628,21.841131,19.909328,24.449667,21.918344,27.696444,26.108753,29.24135,33.549095,32.88421,28.624964,32.812412,31.99149,32.152027,28.364666,24.540503,20.556606,19.822266,15.380029,10.646403,8.3204775,6.122032,4.6106186,0.0,3.9987044,5.6064277,10.0544815,9.860776,15.570029,15.645778,20.949211,23.574947,26.036491,29.016811,31.795202,31.795185,32.764965,30.961489,34.01475,35.490795,33.752464,30.560064,33.101784,28.732191,30.168781,31.435938,27.579868,24.654196,26.230692,26.084028,24.262426,29.090225,25.168829,28.875513,27.023176,32.28162,28.871014,23.579035,25.761757,21.398743,25.08051,19.517118,20.46449,19.925056,17.94916,18.990562,18.726114,17.239725,15.403051,10.000988,11.470785,12.793329,15.783366,16.085545,22.106188,22.630766,26.387161,27.612621,31.447733,26.149702,28.587774,22.764027,21.962341,15.722685,18.034275,22.915852,22.464424,16.813627,16.731575,16.20477,12.018997,12.975435,7.6636686,11.557842,11.297941,12.2448,14.985801
