,0,1,2,3,4,5,6,7,8,9,10,11,12,13,14,15,16,17,18,19,20,21,22,23,24,25,26,27,28,29,30,31,32,33,34,35,36,37,38,39,40,41,42,43,44,45,46,47,48,49,50,51,52,53,54,55,56,57,58,59,60,61,62,63,64,65,66,67,68,69,70,71,72,73,74,75,76,77,78,79,80,81,82,83,84,85,86,87,88,89,90,91,92,93,94,95,96,97,98,99,100,101,102,103,104,105,106,107,108
0,0.0,4.986889,7.577267,8.924462,11.905906,14.881056,16.829288,20.5494,23.804815,26.44964,30.180962,32.225468,30.116789,29.391006,24.723333,23.73152,21.0226,19.519983,19.124073,16.207098,18.534245,14.60063,18.866482,21.169125,19.441132,16.315285,20.93605,23.185892,21.819788,27.081842,27.6026,34.57555,35.031647,39.185463,41.654594,44.10466,47.584705,45.00151,44.35107,41.509335,40.88737,37.674366,34.892044,34.644955,30.590895,31.21485,24.905666,27.998951,30.188557,30.048903,30.389025,33.682945,37.663105,41.33832,42.1657,43.429234,41.86049,41.31929,43.949272,39.99938,35.16196,40.106342,35.441517,32.945637,29.994566,32.820072,31.517767,34.042007,29.886055,33.24113,29.498278,33.197456,32.92014,37.24203,37.014156,39.48748,43.262478,43.853,43.242683,40.993774,38.355255,34.303497,32.14666,30.022455,30.349451,26.27794,30.118923,27.10618,30.9549,31.253916,35.29338,36.98351,39.594948,40.51324,38.124474,42.3532,46.00704,41.700447,39.174183,41.824707,46.54938,49.746674,49.155117,45.800564,47.511772,40.791317,42.92012,39.460598,40.489838
1,4.986889,0.0,5.8154035,8.30177,9.536821,13.292625,14.522117,18.071838,21.699987,23.873589,28.240833,29.612165,27.572,27.42178,22.886889,22.471886,20.449432,19.0275,19.934525,17.072086,20.303436,17.243093,21.442366,22.969173,20.785482,16.829332,20.70106,23.146027,21.137335,26.230146,26.318201,33.378914,33.254723,37.981182,39.838634,42.666164,46.228924,43.402004,43.086365,40.434322,39.245174,36.48593,33.18593,33.235744,28.78126,29.457615,22.982689,25.59022,27.237837,27.163744,26.96116,29.906422,33.760365,37.72141,38.9338,40.226692,38.973648,39.05135,41.489605,37.542397,33.162937,38.46846,33.685837,31.537252,29.07735,32.529312,31.60441,33.94238,29.662579,32.705082,28.995853,32.78199,32.261486,37.172104,36.481277,39.28591,42.996532,43.867344,43.299625,41.245262,38.438293,34.08071,32.405354,30.003984,30.891232,26.135473,30.508589,27.412483,31.347065,31.83672,35.825367,37.107433,40.175556,41.289677,38.72642,42.608906,46.704075,42.842422,40.073975,42.07951,46.997208,50.1887,49.16387,45.767025,47.078873,40.319782,41.884956,38.38415,38.899143
2,7.577267,5.8154035,0.0,5.6654053,7.22077,8.262447,12.01416,13.765189,18.050688,19.99974,23.73285,25.55257,23.03263,22.45098,17.829144,17.708986,15.23143,14.7724,15.747868,13.937488,17.800344,15.345697,20.182804,21.940289,21.132763,17.141243,20.571314,21.848335,18.859081,24.177853,22.723867,29.906773,29.49733,34.122356,35.983337,38.49247,42.25422,39.879723,39.852024,37.295574,36.43442,34.182293,30.925268,31.672081,27.046816,29.222532,22.647745,26.114855,27.513916,26.158106,25.925423,29.298624,33.011814,37.01527,38.2598,40.02821,39.123787,38.838818,42.016434,38.618256,34.051838,39.689323,35.410213,33.54573,31.362268,34.41748,32.971718,34.61754,29.978926,32.126717,28.038214,31.27207,29.935835,34.517464,33.367294,35.8892,39.432808,39.95965,39.016624,36.822533,33.69267,29.470306,28.415028,26.457918,27.995346,23.58781,28.682682,26.391928,30.714003,31.896008,35.633327,36.404037,39.77016,40.303642,37.37532,41.224415,45.266754,41.125816,38.046806,39.99583,44.999268,48.294434,47.428947,43.937565,45.777275,38.902546,40.46858,37.41489,37.68975
3,8.924462,8.30177,5.6654053,0.0,4.1889086,7.152561,8.431048,12.408084,14.990081,17.93278,21.526806,23.73829,22.02386,21.263205,16.699697,15.156369,13.134533,10.941699,11.834686,8.986233,12.8368225,10.998746,15.305172,16.530651,15.790944,11.781039,15.107794,16.257675,13.654226,19.041468,18.721369,25.763268,26.109795,30.32786,32.73272,35.220448,38.700157,36.116673,35.61138,32.85975,32.213062,29.383732,26.477266,26.788696,22.49838,24.493282,18.056395,22.052828,23.985983,22.600086,23.171968,27.009256,30.951685,34.39554,35.046356,36.731823,35.45368,34.521923,37.943623,34.67361,29.682568,35.14469,31.150019,29.215183,26.962217,29.567444,27.816862,29.255404,24.572899,26.70616,22.595053,25.86596,24.837818,29.370642,28.616272,31.210438,34.90692,35.639343,35.061504,32.998543,30.32965,25.992868,24.11378,21.802189,22.851568,18.343872,23.143633,20.749464,25.069698,26.309055,30.007498,30.803629,34.121407,34.64831,31.758781,35.658653,39.670258,35.59113,32.573666,34.584396,39.54813,42.82146,41.992397,38.526005,40.389286,33.52925,35.355145,32.260765,32.88392
4,11.905906,9.536821,7.22077,4.1889086,0.0,6.3213634,5.0872746,9.695832,12.272753,14.907018,19.267305,20.79306,19.38162,19.255447,14.926691,13.781135,12.948699,10.599342,13.194644,10.632398,14.947462,14.212548,17.896147,18.198309,17.026852,12.497014,14.614634,15.835557,12.539741,17.550442,16.867855,23.921333,23.749548,28.51718,30.354836,33.241364,36.7415,33.86589,33.62972,31.058718,29.84522,27.43151,24.022614,24.628532,19.94358,22.117823,15.551492,19.235243,20.657633,19.109503,19.292604,23.005754,26.8967,30.505306,31.403074,33.16294,32.15482,31.664846,35.027645,31.8657,27.241081,33.035275,29.078077,27.530453,25.813686,28.848177,27.400892,28.543537,23.791674,25.482916,21.454391,24.738499,23.47304,28.585358,27.392672,30.333975,33.94639,35.009937,34.55643,32.757008,30.043976,25.421892,23.968695,21.326818,22.90317,17.725605,22.94942,20.542076,24.837479,26.279152,29.831347,30.179249,33.915493,34.615005,31.592913,35.08729,39.49306,35.92206,32.717808,34.036304,39.13593,42.369576,41.120472,37.64165,39.103947,32.25553,33.5216,30.421558,30.544708
5,14.881056,13.292625,8.262447,7.152561,6.3213634,0.0,7.406653,6.3512464,10.593388,12.493679,15.579441,17.887007,15.449293,14.512669,9.856418,9.488863,7.614262,7.7380943,10.474124,10.273807,14.972325,14.87654,19.14945,20.030693,20.594162,16.67534,18.390638,18.032085,13.674127,18.624191,15.2271185,22.356295,21.615734,26.2113,27.987286,30.340677,34.19269,32.076885,32.334873,29.95215,29.26209,27.700693,24.453247,26.07029,21.362106,25.38538,19.201595,23.475819,24.452291,21.470543,21.424143,25.328917,28.799583,32.47832,33.527817,35.814796,35.307037,34.52086,38.567898,36.037407,31.437107,37.35407,33.949818,32.666107,31.15876,33.722656,31.821436,32.334576,27.430431,28.103416,23.795506,26.184896,23.811466,28.218216,26.367271,28.778763,32.090794,32.55552,31.456831,29.38903,26.087694,21.71569,21.40235,19.634987,22.202805,17.915611,23.897392,22.70477,27.253996,29.372137,32.54883,32.383133,36.276443,36.234936,32.86427,36.305496,40.482586,36.50874,33.003155,34.34442,39.44712,42.77734,41.821194,38.276054,40.4463,33.596256,34.874195,32.433697,32.253963
6,16.829288,14.522117,12.01416,8.431048,5.0872746,7.406653,0.0,7.2615848,7.721543,10.789452,15.33934,16.661854,16.0978,16.262016,12.544393,10.798813,11.631302,8.474011,12.506861,10.487992,14.789691,15.707287,18.42358,17.681604,16.93863,12.584882,12.823427,13.154394,8.978801,13.38106,12.32892,19.214779,18.965612,23.879642,25.562963,28.649372,32.033905,28.95243,28.762035,26.28246,24.839529,22.686058,19.077343,20.045399,15.16943,18.279606,11.956938,16.070724,17.173944,14.666704,15.136715,19.253069,23.090397,26.371506,27.052881,29.04388,28.204134,27.471125,31.28486,28.640589,24.075212,30.066723,26.686867,25.624027,24.527618,27.328463,25.763168,26.13267,21.288433,21.992865,17.9549,20.862875,19.153572,24.568747,23.007162,26.174969,29.697521,31.051977,30.80715,29.310701,26.788265,21.974466,20.670795,17.718111,19.762836,14.192513,19.82354,17.87869,22.154837,24.119366,27.26905,26.95652,31.109938,31.673098,28.439543,31.514357,36.17536,33.025703,29.604406,30.267138,35.44648,38.646442,37.1271,33.639553,34.988827,28.175072,29.076065,26.20774,25.96946
7,20.5494,18.071838,13.765189,12.408084,9.695832,6.3512464,7.2615848,0.0,5.9644113,6.390927,10.413627,11.793312,9.726574,9.811441,5.9593754,6.7930627,8.281902,8.63073,13.274105,13.712646,18.29258,19.56366,22.928576,22.737062,23.27047,19.281494,19.33818,18.401443,13.285532,16.912163,11.852013,18.534487,16.695116,22.0339,22.85333,25.650208,29.58004,27.273026,28.10556,26.122768,24.796064,24.290672,20.505827,23.007904,18.010834,23.11421,17.562366,21.479261,21.51876,17.498688,16.917015,20.715517,23.76308,27.438337,28.739431,31.374163,31.46164,30.998697,35.29058,33.374664,29.362993,35.534294,32.662376,32.057434,31.382215,34.063625,32.350315,32.137608,27.282095,26.83513,22.757473,24.599346,21.515608,26.305338,23.601885,26.293974,29.278183,30.100252,29.089561,27.474081,24.12764,19.496338,20.212614,18.273335,21.803846,17.190529,23.581722,22.924505,27.27597,29.855795,32.555023,31.56033,35.975887,35.884212,32.29555,35.02891,39.587296,36.31393,32.537144,32.817028,37.990665,41.227356,39.78295,36.270927,38.1004,31.445093,31.898272,29.841116,28.831568
8,23.804815,21.699987,18.050688,14.990081,12.272753,10.593388,7.721543,5.9644113,0.0,4.2752237,7.9113345,9.570723,9.906284,10.065659,8.031547,6.0176463,9.746612,7.96737,12.996559,13.336938,17.157804,19.741995,21.817732,20.572289,21.374298,17.937578,16.501167,14.687694,9.513828,11.740753,6.357146,12.929094,11.633647,16.927193,18.1523,21.190866,24.7879,22.034634,22.485914,20.389603,19.007408,18.332874,14.60875,17.28899,12.474234,18.469452,13.836872,18.102695,18.22471,13.423105,13.86918,18.19838,21.253689,24.04589,24.616112,27.324633,27.234634,26.05533,30.829058,29.437273,25.295158,31.289108,29.116577,28.822891,28.549992,30.69046,28.790596,27.879202,23.151453,21.8072,17.896267,19.212244,15.836954,20.826994,18.003714,21.006273,24.042217,25.33187,24.843164,23.637615,20.923841,16.046915,16.2228,13.713554,17.373217,12.591727,18.896534,18.74063,22.814022,25.758102,27.991507,26.479767,31.100277,30.90163,27.238647,29.58824,34.285305,31.459234,27.61173,27.337189,32.50981,35.680527,34.040745,30.556496,32.29506,25.733786,26.042784,24.214361,23.13292
9,26.44964,23.873589,19.99974,17.93278,14.907018,12.493679,10.789452,6.390927,4.2752237,0.0,5.8875823,5.9076104,6.1330914,7.5616426,6.993544,7.4631443,11.492511,11.390228,16.342068,17.204552,21.160412,23.593374,25.949411,24.826578,25.596144,22.020071,20.547615,18.82435,13.723217,15.289276,8.893004,14.044838,11.119719,17.026627,16.959965,20.198135,24.047224,21.51332,22.812971,21.259481,19.42106,20.06247,16.03091,19.486967,14.698641,21.014427,16.84979,20.38898,19.66467,14.442909,13.824607,17.562376,20.00031,23.119785,24.278948,27.293308,27.885181,27.318552,32.035213,30.991987,27.501118,33.60881,31.595108,31.654472,31.756302,34.146564,32.468037,31.394527,26.791996,25.048843,21.413479,22.368816,18.60882,23.393862,19.931358,22.781437,25.335161,26.553215,25.78365,24.75211,21.706831,17.06091,18.562925,16.57084,20.749577,16.390707,22.594374,22.712997,26.611078,29.635485,31.67025,29.826208,34.59165,34.32009,30.603445,32.546898,37.304207,34.76545,30.831635,30.05773,35.142864,38.221806,36.383396,32.980858,34.563076,28.291435,27.98708,26.527533,24.768238
10,30.180962,28.240833,23.73285,21.526806,19.267305,15.579441,15.33934,10.413627,7.9113345,5.8875823,0.0,4.9061847,5.334818,4.5840387,7.019099,7.1954584,11.429112,12.543476,16.582212,18.76412,22.059418,25.144785,27.182238,26.174225,28.0982,25.192411,23.534248,20.738476,15.831452,16.60254,8.492923,11.698677,8.252613,13.198345,13.309505,15.624743,19.789446,18.293036,20.001705,18.73596,17.92108,19.469366,16.40218,20.49897,16.681274,23.966658,20.689556,24.623938,24.06641,18.376202,18.329897,21.975101,23.874422,26.272533,26.989115,30.24617,30.98458,29.657906,34.93935,34.56343,30.971706,36.72968,35.38197,35.523975,35.63928,37.35336,35.23011,33.603424,29.134256,26.555454,23.00646,22.873436,18.307642,21.733248,17.7018,19.732069,21.738005,22.375103,21.076715,20.03522,16.692965,12.463145,15.499149,14.648648,19.522917,16.738176,22.708673,24.03302,27.763159,31.236876,32.75946,30.4863,35.150948,34.149628,30.27754,31.990498,36.315174,33.60392,29.549261,28.672182,33.50941,36.55818,35.07949,31.755306,34.066395,28.139988,27.981031,27.381323,25.624733
11,32.225468,29.612165,25.55257,23.73829,20.79306,17.887007,16.661854,11.793312,9.570723,5.9076104,4.9061847,0.0,4.624813,7.091629,9.859942,11.158305,15.40334,16.165253,20.70759,22.266172,25.836512,28.725824,30.779781,29.454075,30.648294,27.39534,25.378778,23.120804,18.289356,18.530056,11.345599,13.601719,9.001662,14.779103,13.051565,16.296894,20.26497,18.21833,20.55891,19.81547,17.800858,20.243593,16.49115,20.881157,16.862234,23.849613,20.965267,23.990488,22.608727,16.841396,15.900454,18.83811,20.150406,22.747032,24.017757,27.42218,28.746355,28.247915,33.215343,33.054478,30.221888,36.10487,34.821854,35.37471,35.985657,38.130093,36.452385,34.776573,30.467743,27.746408,24.573557,24.578444,20.214754,24.2262,19.995768,22.426907,24.157661,25.305042,24.336512,23.767317,20.731998,16.719614,19.683905,18.403059,23.09135,19.702902,25.473042,26.412153,29.904514,33.241474,34.70015,32.20614,37.08665,36.457176,32.669155,33.914417,38.57206,36.511406,32.493412,30.935745,35.739372,38.626633,36.628956,33.418396,35.00403,29.344362,28.362354,27.755642,25.281708
12,30.116789,27.572,23.03263,22.02386,19.38162,15.449293,16.0978,9.726574,9.906284,6.1330914,5.334818,4.624813,0.0,3.8163867,6.6133327,9.671075,13.053164,15.086034,19.407227,21.336346,25.25348,27.599432,30.355637,29.700909,31.060123,27.579096,26.407146,24.33697,19.174751,20.612976,13.028302,16.685833,12.617706,17.94748,16.828737,19.386122,23.60969,22.15512,24.411285,23.460506,21.974352,23.910208,20.261778,24.35227,20.005514,26.761145,22.943714,26.315702,25.21708,19.801012,18.617496,21.622313,23.209135,26.401619,27.981627,31.285799,32.48601,32.128975,36.950054,36.334152,33.213657,39.269154,37.48816,37.6949,37.88216,40.2191,38.449963,37.19557,32.63426,30.500624,26.929306,27.314436,23.013117,26.891733,22.866652,25.01152,26.893394,27.502726,26.021988,24.943275,21.300663,17.377369,20.631575,19.73547,24.481382,21.132002,27.32897,28.076666,31.960447,35.199005,37.01959,34.91828,39.667175,38.96664,35.136234,36.872143,41.369804,38.721798,34.68478,33.782204,38.66707,41.6927,40.022057,36.71101,38.65393,32.71413,32.196564,31.349087,29.238098
13,29.391006,27.42178,22.45098,21.263205,19.255447,14.512669,16.262016,9.811441,10.065659,7.5616426,4.5840387,7.091629,3.8163867,0.0,4.687,7.5615845,10.470923,13.284027,16.989931,19.571808,23.232784,25.679718,28.474173,28.146656,30.131699,26.959116,26.087822,23.60463,18.47324,20.237125,12.227553,16.093563,12.719442,17.221691,17.087337,18.897932,23.228329,22.316647,24.280096,23.105019,22.452236,23.995657,20.891582,24.844236,20.754986,27.732319,23.770828,27.72748,27.147587,21.722956,21.129007,24.551275,26.41652,29.38647,30.583632,33.84607,34.724926,33.786297,38.86424,38.19946,34.606556,40.53935,38.789574,38.74088,38.60194,40.589695,38.487846,37.22676,32.59342,30.495972,26.719643,26.913689,22.470613,25.740898,21.852968,23.558462,25.47517,25.606833,23.782417,22.359303,18.42929,14.654339,18.180481,17.8293,22.650366,19.954592,26.169289,27.272005,31.274464,34.619415,36.428993,34.450203,39.010796,37.980316,34.10611,36.115597,40.30117,37.1975,33.158848,32.72283,37.548653,40.65383,39.384933,36.036884,38.52378,32.503094,32.508434,31.77613,30.099134
14,24.723333,22.886889,17.829144,16.699697,14.926691,9.856418,12.544393,5.9593754,8.031547,6.993544,7.019099,9.859942,6.6133327,4.687,0.0,4.708069,6.6571126,9.665762,13.502406,15.738561,19.778486,21.685965,24.925259,24.963724,26.700224,23.314943,23.11675,21.081146,15.876847,18.777693,11.63158,17.24596,14.872887,19.544195,20.29784,22.305607,26.510645,25.158634,26.473051,24.788708,24.177137,24.585424,21.35414,24.631102,20.169662,26.487011,21.69301,25.926367,25.83108,20.970154,20.54963,24.300827,26.787212,30.086462,31.25161,34.24842,34.66944,33.73209,38.576237,37.301804,33.303146,39.320164,37.040207,36.60408,36.03941,38.19073,36.09065,35.33542,30.530388,29.230461,25.15871,26.036278,22.104008,25.823942,22.550041,24.524208,27.014826,27.212458,25.573774,23.815119,19.960213,15.783066,18.020357,17.19913,21.524239,18.246243,24.685732,25.166624,29.455862,32.51488,34.766953,33.32747,37.736507,36.96343,33.1755,35.71628,39.927685,36.43943,32.49875,32.69968,37.69508,40.927376,39.791214,36.324036,38.798897,32.390427,32.87245,31.562916,30.385353
15,23.73152,22.471886,17.708986,15.156369,13.781135,9.488863,10.798813,6.7930627,6.0176463,7.4631443,7.1954584,11.158305,9.671075,7.5615845,4.708069,0.0,4.603718,5.764928,9.783796,12.0737295,15.730536,18.299982,20.938585,20.675241,22.796755,19.84316,19.371172,16.847816,11.7883005,14.717455,7.932605,14.168111,13.125109,17.214163,19.155607,21.04701,24.969612,23.371107,23.941412,21.829533,21.7008,21.21283,18.4447,21.267296,17.143353,23.44205,18.829998,23.580503,24.089622,19.32089,19.841213,24.082438,26.933516,29.70425,30.21642,33.043423,32.955738,31.307,36.354614,35.067924,30.599224,36.365467,34.271248,33.66939,32.929775,34.615753,32.238857,31.353619,26.570375,25.238907,21.078398,21.866737,18.058752,21.64692,18.792961,20.817888,23.672579,23.984848,22.681547,20.860924,17.439722,12.877114,13.941183,12.777209,16.894936,13.698829,20.101027,20.7565,25.046812,28.183584,30.368393,29.012299,33.29452,32.424503,28.652485,31.388008,35.491478,31.84541,27.94168,28.424595,33.43904,36.720646,35.75607,32.254078,34.93609,28.422897,29.372974,27.994362,27.320034
16,21.0226,20.449432,15.23143,13.134533,12.948699,7.614262,11.631302,8.281902,9.746612,11.492511,11.429112,15.40334,13.053164,10.470923,6.6571126,4.603718,0.0,5.137645,7.2197695,10.19982,13.901579,15.654763,19.063692,19.785303,22.243944,19.418133,20.093859,17.866858,13.25351,17.21328,11.702963,17.974428,17.495497,20.974405,23.365068,24.809235,28.708899,27.45646,27.783575,25.495651,25.82534,24.791386,22.359413,24.665369,20.658066,26.299114,21.168295,26.121424,27.083443,22.870754,23.430576,27.693739,30.77554,33.76949,34.314842,36.989643,36.646496,34.924294,39.815254,38.137535,33.34251,39.017757,36.550446,35.52946,34.259933,35.892742,33.364758,32.952515,28.110918,27.505661,23.161926,24.283354,20.922003,24.05869,21.792713,23.428015,26.394197,26.23522,24.653688,22.376947,18.796064,14.74531,15.292757,14.630462,18.045704,15.366238,21.491037,21.89337,26.361185,29.227814,31.725464,30.925133,34.830757,33.88893,30.242935,33.493813,37.24769,32.99111,29.263042,30.584068,35.504078,38.85404,38.311455,34.798344,37.81005,31.196436,32.695255,31.113295,30.929815
17,19.519983,19.0275,14.7724,10.941699,10.599342,7.7380943,8.474011,8.63073,7.96737,11.390228,12.543476,16.165253,15.086034,13.284027,9.665762,5.764928,5.137645,0.0,5.1023793,6.327476,10.257149,12.662018,15.348063,15.344028,17.455494,14.66059,14.988955,12.786606,8.263314,12.72126,9.233333,16.033085,16.608377,20.062634,22.988024,24.861246,28.37097,26.395956,26.038343,23.391941,23.562012,21.50986,19.158817,20.703197,16.803482,21.779497,16.618946,21.79326,23.255896,19.517378,20.754301,25.260227,28.695631,31.33993,31.442844,33.82456,33.003296,30.973373,35.748165,33.86964,28.788872,34.300697,31.807104,30.657133,29.296682,30.782282,28.227234,27.880337,23.025076,22.727884,18.33369,19.883493,17.122026,20.832483,19.191538,21.3462,24.77003,25.19982,24.350285,22.334818,19.551268,15.083586,13.832402,11.981962,14.6182165,10.968278,17.086725,16.968851,21.494223,24.231285,26.8749,26.282516,30.172455,29.560398,26.0151,29.420471,33.364914,29.270733,25.638657,27.03406,32.066696,35.422375,34.730675,31.189716,33.902813,27.135054,28.864523,26.884491,27.102428
18,19.124073,19.934525,15.747868,11.834686,13.194644,10.474124,12.506861,13.274105,12.996559,16.342068,16.582212,20.70759,19.407227,16.989931,13.502406,9.783796,7.2197695,5.1023793,0.0,4.5547013,6.873156,9.286993,12.061237,13.158641,16.489786,14.747188,16.012197,13.589763,10.626288,15.020209,12.8582325,18.730577,20.179718,22.47917,26.188774,27.379427,30.675747,29.175941,28.362886,25.523506,26.553043,23.915022,22.433908,23.41878,20.269445,24.683064,19.79273,25.14071,27.165499,23.843172,25.463085,30.0255,33.556187,35.99336,35.783615,38.01824,36.850197,34.295406,39.090782,37.110874,31.639067,36.699604,34.24077,32.696545,30.808947,31.697557,28.746807,28.6119,23.946241,24.091589,19.747261,21.13007,18.849308,21.384418,20.560488,22.01758,25.472734,25.347635,24.348557,21.939133,19.401972,15.6793165,13.493492,12.466312,13.942786,11.968244,16.977861,17.133204,21.534466,24.075443,26.74451,26.670677,29.940586,28.971876,25.621092,29.53289,32.82497,28.001375,24.644825,27.068033,31.80732,35.185616,35.138172,31.670774,34.967674,28.331587,30.827143,28.928091,29.832226
19,16.207098,17.072086,13.937488,8.986233,10.632398,10.273807,10.487992,13.712646,13.336938,17.204552,18.76412,22.266172,21.336346,19.571808,15.738561,12.0737295,10.19982,6.327476,4.5547013,0.0,4.7642365,6.478604,9.342024,10.173728,12.439089,10.318256,12.259401,10.855586,8.689547,13.759315,13.840327,20.024624,21.742044,24.456303,28.079449,29.791197,32.899296,30.765142,29.627848,26.623787,27.16485,23.814516,22.12253,22.320246,19.089323,22.236322,16.983086,22.178366,24.618526,22.167961,23.982203,28.484821,32.30339,34.742382,34.4452,36.339165,34.803837,32.39335,36.75536,34.308968,28.697954,33.671963,30.810331,28.996449,26.832247,27.924503,25.147322,25.541077,20.844439,21.915823,17.59396,19.857336,18.527983,21.832794,21.574518,23.57766,27.316458,27.73472,27.273901,25.128057,23.028164,19.05057,16.059196,14.0400505,14.508924,11.316267,15.863696,14.767396,19.234653,21.258312,24.395662,24.851736,28.014647,27.666199,24.565983,28.6751,32.19756,27.602398,24.487085,26.995068,31.800945,35.13856,34.859695,31.401539,34.1602,27.39954,29.972042,27.48748,28.691248
20,18.534245,20.303436,17.800344,12.8368225,14.947462,14.972325,14.789691,18.29258,17.157804,21.160412,22.059418,25.836512,25.25348,23.232784,19.778486,15.730536,13.901579,10.257149,6.873156,4.7642365,0.0,4.9207063,5.306296,6.658609,10.691077,10.549326,12.481816,10.615375,10.561783,14.576924,16.174517,21.253107,23.905869,25.56994,29.875387,31.14897,33.84973,31.889256,30.162453,26.982576,28.195658,24.173475,23.407011,22.93394,20.688261,23.218067,18.829264,24.012926,26.937902,24.819242,27.188343,31.733414,35.567257,37.521236,36.71937,38.418854,36.494347,33.4156,37.807804,35.453007,29.543596,33.863686,31.339346,29.284508,26.801907,27.014002,23.802025,24.162191,19.856651,21.151426,17.140411,19.08471,18.45395,20.682716,21.387957,22.916973,26.685589,26.930407,26.73185,24.55735,23.14423,19.762054,15.659094,13.950508,12.867366,11.29966,14.055467,13.240918,17.268023,19.085802,22.073925,22.98453,25.491493,24.870539,22.053677,26.537249,29.464685,24.412264,21.669527,25.012272,29.465237,32.75042,32.975357,29.653341,32.78798,26.296886,29.562334,27.187717,29.091406
21,14.60063,17.243093,15.345697,10.998746,14.212548,14.87654,15.707287,19.56366,19.741995,23.593374,25.144785,28.725824,27.599432,25.679718,21.685965,18.299982,15.654763,12.662018,9.286993,6.478604,4.9207063,0.0,5.339463,8.771232,11.104688,10.608774,14.292956,13.945419,13.910027,18.524216,20.039385,25.712997,27.93496,30.100546,34.126583,35.563774,38.450645,36.43723,34.869556,31.712498,32.635178,28.623238,27.482159,26.879658,24.256237,26.048,21.049166,25.865692,28.8871,27.384745,29.392311,33.765667,37.75914,40.125355,39.629135,41.175346,39.17525,36.553314,40.495182,37.621964,31.752382,36.08383,32.94135,30.531704,27.591953,28.221542,25.323753,26.53074,22.341507,24.613422,20.707094,23.244326,22.966663,25.506908,26.215673,27.827847,31.590788,31.760597,31.399252,29.085056,27.385838,24.025547,20.348825,18.741268,17.762918,15.78835,18.422724,16.773138,20.622381,21.716734,25.131357,26.63715,28.821545,28.601892,26.105675,30.72453,33.55325,28.459806,26.030699,29.59067,33.942,37.1704,37.423088,34.151604,37.041847,30.552992,33.78533,31.068462,33.004204
22,18.866482,21.442366,20.182804,15.305172,17.896147,19.14945,18.42358,22.928576,21.817732,25.949411,27.182238,30.779781,30.355637,28.474173,24.925259,20.938585,19.063692,15.348063,12.061237,9.342024,5.306296,5.339463,0.0,4.517903,8.350737,10.171039,12.934074,12.235119,14.078498,17.494663,20.773823,25.370083,28.46245,29.813133,34.32437,35.59476,37.975773,35.843426,33.659435,30.369675,31.661278,26.956614,26.613062,25.246061,23.615763,24.641012,20.714245,25.414371,28.858139,27.699545,30.344791,34.73643,38.71505,40.445568,39.358078,40.656456,38.248806,34.967175,38.88741,36.193195,30.116285,33.739433,31.080658,28.568737,25.517464,25.194677,21.901207,22.937618,19.227407,21.658634,18.235928,20.539055,21.134829,22.9715,24.607775,26.044344,29.83487,30.192867,30.372921,28.312082,27.447369,24.397484,19.701857,17.937798,15.559893,14.552882,15.285381,13.630827,16.800333,17.592438,20.817244,22.73339,24.325596,24.065722,21.935457,26.741785,29.16292,24.006826,22.014502,26.045097,30.046759,33.150883,33.658607,30.564003,33.504868,27.358885,31.097363,28.419811,30.98629
23,21.169125,22.969173,21.940289,16.530651,18.198309,20.030693,17.681604,22.737062,20.572289,24.826578,26.174225,29.454075,29.700909,28.146656,24.963724,20.675241,19.785303,15.344028,13.158641,10.173728,6.658609,8.771232,4.517903,0.0,5.764459,8.463874,9.598229,8.55882,11.707517,14.124875,18.855326,22.805178,26.280146,27.467697,31.98866,33.472427,35.547287,33.03845,30.564499,27.236938,28.359814,23.269398,23.16189,21.30252,20.172186,20.693123,17.488157,22.077469,25.658792,24.676302,27.709843,32.04594,35.959923,37.253307,35.82773,36.983097,34.40278,30.837143,34.772877,32.26045,26.14039,29.561174,27.247772,24.893316,22.102839,21.449991,17.982357,18.611668,14.871602,17.196144,13.950309,16.342886,17.525826,19.604517,21.58928,23.349144,27.223717,28.091633,28.778801,27.105675,26.683636,23.440664,18.315699,15.919399,12.964704,11.594276,11.355856,9.223954,12.310123,13.235657,16.477999,18.309956,20.116909,20.109324,17.936499,22.665892,25.434742,20.736347,18.685505,22.347462,26.452286,29.527462,29.723782,26.627832,29.244358,23.094315,26.841503,24.053528,26.805977
24,19.441132,20.785482,21.132763,15.790944,17.026852,20.594162,16.93863,23.27047,21.374298,25.596144,28.0982,30.648294,31.060123,30.131699,26.700224,22.796755,22.243944,17.455494,16.489786,12.439089,10.691077,11.104688,8.350737,5.764459,0.0,4.77863,6.7752132,8.8600645,12.522922,14.9728365,20.77611,25.121151,28.202291,30.204144,34.154625,36.284286,38.361546,35.225834,32.818886,29.558123,29.779692,24.515223,23.772717,21.323023,19.902075,18.57302,15.12403,18.847027,22.73868,23.031895,25.96319,29.92385,33.99463,35.371063,34.047546,34.771793,31.89889,28.911406,32.050877,28.868584,22.829552,26.187664,23.13047,20.402088,17.193638,17.208574,14.319906,16.138416,12.446832,16.422995,13.612565,17.238535,19.272104,22.556482,24.44055,26.86638,30.808867,32.225807,33.17321,31.736599,31.19902,27.494968,22.664082,19.629936,17.065453,14.06543,13.888197,9.889892,12.476191,12.136615,16.158329,18.575424,20.406937,21.615868,19.875637,24.255505,27.529879,23.775139,21.993969,24.936947,29.07178,31.969559,31.55449,28.548042,30.086557,23.970861,27.236254,23.718903,26.430885
25,16.315285,16.829332,17.141243,11.781039,12.497014,16.67534,12.584882,19.281494,17.937578,22.020071,25.192411,27.39534,27.579096,26.959116,23.314943,19.84316,19.418133,14.66059,14.747188,10.318256,10.549326,10.608774,10.171039,8.463874,4.77863,0.0,5.1801496,8.309455,10.195291,13.7432785,18.566122,23.826696,26.140837,29.0496,32.43331,34.94662,37.40052,34.11693,32.24355,29.110641,28.731987,24.06268,22.382494,20.574862,18.042864,17.268734,12.42575,16.344091,19.894073,20.02405,22.464247,26.41801,30.57608,32.49015,31.693518,32.613224,30.113796,27.870317,31.012114,27.633911,21.825499,26.122532,22.533436,20.05656,17.216202,18.606092,16.371517,18.104479,13.783894,17.293493,13.902255,17.898718,19.096056,23.397596,24.377522,27.199675,31.168365,32.66474,33.326588,31.837463,30.715824,26.560186,22.474827,19.216948,17.852518,13.5000305,15.304199,11.338129,14.79732,15.090492,19.087648,20.764376,23.43232,24.684175,22.478882,26.53005,30.39032,26.866114,24.55657,26.811363,31.374712,34.391876,33.54312,30.345314,31.65179,25.162172,27.731724,24.10089,26.047554
26,20.93605,20.70106,20.571314,15.107794,14.614634,18.390638,12.823427,19.33818,16.501167,20.547615,23.534248,25.378778,26.407146,26.087822,23.11675,19.371172,20.093859,14.988955,16.012197,12.259401,12.481816,14.292956,12.934074,9.598229,6.7752132,5.1801496,0.0,4.7832823,7.9775267,9.688741,16.091284,20.35585,23.000067,25.665615,28.965544,31.653683,33.757385,30.13498,28.039236,24.952065,24.32026,19.40063,17.866537,15.595287,13.543055,12.362252,8.397017,12.581867,16.280094,16.27475,19.340015,23.32036,27.331339,28.63092,27.378517,28.26558,25.6523,22.957472,26.412735,23.453238,17.49453,21.881624,18.913239,16.920965,14.857085,15.914229,13.517122,14.218145,9.475452,12.332479,8.940718,13.194464,14.801063,19.551964,20.594643,23.748652,27.658613,29.641808,30.744015,29.684538,28.988512,24.779015,20.568933,16.85759,15.408369,10.580997,11.829136,7.5255427,10.9088745,11.762881,15.442471,16.444996,19.720158,21.132107,18.761164,22.346237,26.671095,23.8585,21.392319,22.819399,27.479885,30.429266,29.151117,25.954576,26.873884,20.357462,22.666851,18.963634,20.89894
27,23.185892,23.146027,21.848335,16.257675,15.835557,18.032085,13.154394,18.401443,14.687694,18.82435,20.738476,23.120804,24.33697,23.60463,21.081146,16.847816,17.866858,12.786606,13.589763,10.855586,10.615375,13.945419,12.235119,8.55882,8.8600645,8.309455,4.7832823,0.0,5.268124,6.1343,12.698454,16.407185,19.605587,21.58979,25.3932,27.67601,29.716238,26.42389,24.194746,20.994316,21.02829,16.083002,15.131337,13.339125,11.683292,12.7823305,9.704851,14.68643,17.877548,16.366877,19.684624,24.015509,27.776611,28.809422,27.33779,28.653967,26.343481,22.959976,27.289032,25.164286,19.240997,23.573776,21.572098,20.078588,18.541954,18.765306,15.795213,15.191297,10.425161,11.122651,6.914188,10.08166,10.846998,15.204382,16.206333,19.155552,23.101212,24.929972,26.003658,24.950006,24.433214,20.386915,15.918387,12.207309,10.675391,5.9338765,7.7209463,4.773083,9.23949,11.602976,14.525779,14.638911,18.309658,18.786837,15.831854,19.51048,23.787607,20.581457,17.657682,19.110296,23.9778,27.106071,26.069147,22.707136,24.423162,17.674074,20.314552,17.265932,19.195347
28,21.819788,21.137335,18.859081,13.654226,12.539741,13.674127,8.978801,13.285532,9.513828,13.723217,15.831452,18.289356,19.174751,18.47324,15.876847,11.7883005,13.25351,8.263314,10.626288,8.689547,10.561783,13.910027,14.078498,11.707517,12.522922,10.195291,7.9775267,5.268124,0.0,5.4773793,8.429855,13.860486,16.010473,19.043621,22.32844,24.82149,27.470512,24.357279,22.961102,19.968876,19.633068,15.96676,13.859851,13.812192,10.458228,14.059563,9.567263,15.020733,17.270315,14.403688,17.023113,21.617016,25.318632,27.01352,26.219482,28.080095,26.507954,23.847118,28.496035,26.558014,21.116127,26.299671,24.108196,23.021114,21.903425,23.017986,20.473368,19.797102,14.9389715,14.6646805,10.274183,12.615935,11.200902,16.171688,15.610077,18.705315,22.53688,24.120422,24.575209,23.32658,21.955107,17.421629,14.177181,10.521534,11.312612,5.4329743,10.870816,9.64213,14.049004,16.746513,19.384342,18.767197,22.88728,22.969053,19.606853,22.857248,27.318027,24.061182,20.633133,21.519629,26.651905,29.887714,28.682125,25.177961,27.07858,20.191559,22.018581,19.400557,20.17784
29,27.081842,26.230146,24.177853,19.041468,17.550442,18.624191,13.38106,16.912163,11.740753,15.289276,16.60254,18.530056,20.612976,20.237125,18.777693,14.717455,17.21328,12.72126,15.020209,13.759315,14.576924,18.524216,17.494663,14.124875,14.9728365,13.7432785,9.688741,6.1343,5.4773793,0.0,8.281051,10.771371,13.941702,16.068727,19.50355,22.079292,24.072752,20.507256,18.552027,15.503555,15.066322,10.703562,9.202448,8.577947,6.483875,10.806023,9.000536,13.87047,15.9143915,12.733713,16.185257,20.577353,23.884525,24.56208,23.014091,24.83226,23.139397,19.652794,24.791206,23.637983,18.34242,23.127745,22.015594,21.528595,21.195787,21.625404,19.033787,17.165901,12.737232,10.524521,6.501553,7.726119,6.119633,11.914493,11.514648,15.106556,18.854445,21.145178,22.333376,21.752132,21.24574,16.997639,13.47031,9.415946,9.781173,4.4136696,8.137651,8.045187,11.424061,14.748779,16.426603,14.753326,19.370295,19.37552,15.878243,18.368855,23.218254,20.861109,17.34523,17.091286,22.267462,25.388409,23.746342,20.26056,21.866608,15.004849,16.578686,14.2054615,14.968703
30,27.6026,26.318201,22.723867,18.721369,16.867855,15.2271185,12.32892,11.852013,6.357146,8.893004,8.492923,11.345599,13.028302,12.227553,11.63158,7.932605,11.702963,9.233333,12.8582325,13.840327,16.174517,20.039385,20.773823,18.855326,20.77611,18.566122,16.091284,12.698454,8.429855,8.281051,0.0,7.188121,7.9947386,11.70839,14.473252,16.930126,20.097187,17.45854,17.171894,14.729627,14.411212,13.295036,10.758059,13.6140375,10.168257,17.214838,14.305154,18.991959,19.609524,14.508266,16.333437,20.772812,23.546274,25.103397,24.62297,27.336447,26.922651,24.408724,29.864952,29.195148,24.722498,30.09066,28.891878,28.721306,28.568474,29.63299,27.195518,25.43191,20.985405,18.449505,14.7218,14.713605,10.504597,14.747561,11.754495,14.659501,17.796652,19.202864,19.08415,18.127394,16.160173,11.327483,10.724407,7.980517,12.072047,8.422753,14.344255,15.606111,19.275084,22.787785,24.302841,22.225134,26.819885,26.003443,22.180838,24.288916,28.756865,25.972534,22.00076,21.489876,26.586697,29.766058,28.344883,24.862026,27.187853,20.76719,21.465698,20.30652,19.590092
31,34.57555,33.378914,29.906773,25.763268,23.921333,22.356295,19.214779,18.534487,12.929094,14.044838,11.698677,13.601719,16.685833,16.093563,17.24596,14.168111,17.974428,16.033085,18.730577,20.024624,21.253107,25.712997,25.370083,22.805178,25.121151,23.826696,20.35585,16.407185,13.860486,10.771371,7.188121,0.0,5.197456,5.354329,9.268405,11.318218,13.622811,10.769155,10.038855,7.699467,8.290519,8.650982,7.9761786,11.734208,10.848714,18.167105,17.843948,21.69271,21.922134,16.622116,18.883411,22.715532,24.627188,24.828241,23.517319,26.33849,26.155504,22.775684,28.7513,29.332897,25.427368,29.99168,30.14405,30.580034,31.098688,31.345213,28.825024,25.967966,22.35328,18.098763,15.618716,13.530325,8.478251,10.853091,6.4105086,9.29161,11.688163,13.855912,14.523721,14.715783,14.123333,10.450094,10.369533,8.580627,12.327969,11.274815,14.723807,17.490917,19.85708,23.73808,24.016922,20.832148,25.423903,24.009037,20.203175,21.017412,25.307734,23.523922,19.547365,17.512613,22.19626,25.104689,23.439167,20.18664,22.68568,17.179703,17.229977,17.545681,16.324413
32,35.031647,33.254723,29.49733,26.109795,23.749548,21.615734,18.965612,16.695116,11.633647,11.119719,8.252613,9.001662,12.617706,12.719442,14.872887,13.125109,17.495497,16.608377,20.179718,21.742044,23.905869,27.93496,28.46245,26.280146,28.202291,26.140837,23.000067,19.605587,16.010473,13.941702,7.9947386,5.197456,0.0,6.2697563,6.653874,9.945903,13.275281,10.5880785,11.949322,10.878149,9.7765,12.360132,10.045601,14.725997,12.566802,20.222734,19.251995,22.676798,22.052162,16.178303,17.318916,20.780428,22.227581,22.980143,22.516392,25.748636,26.36866,24.075422,29.835709,30.461845,27.176401,32.243744,32.092052,32.76851,33.530514,34.481663,32.326447,29.738188,25.927666,21.97188,19.370586,17.944962,13.089986,16.023678,11.460255,13.868286,15.473456,17.22034,17.11926,17.24311,15.610234,11.846021,13.844117,12.519344,16.91357,14.950125,19.371395,21.516842,24.229307,27.96224,28.544714,25.41862,30.179165,29.029982,25.251526,25.929512,30.348017,28.72035,24.743921,22.560213,27.129406,29.910683,27.984352,24.86205,26.85676,21.579062,20.786228,21.028448,18.875673
33,39.185463,37.981182,34.122356,30.32786,28.51718,26.2113,23.879642,22.0339,16.927193,17.026627,13.198345,14.779103,17.94748,17.221691,19.544195,17.214163,20.974405,20.062634,22.47917,24.456303,25.56994,30.100546,29.813133,27.467697,30.204144,29.0496,25.665615,21.58979,19.043621,16.068727,11.70839,5.354329,6.2697563,0.0,5.7199287,6.1704855,8.51444,6.999222,7.5500383,6.7560983,8.561719,11.510866,11.817889,15.823343,15.654613,22.852358,23.022234,26.548485,26.363379,20.855976,22.659191,26.01326,27.243496,27.096186,25.834389,28.863289,29.211103,25.874674,31.913717,33.164803,29.77624,34.029285,34.69073,35.38921,36.138668,36.188904,33.649033,30.47463,27.19894,22.504242,20.502827,17.774275,12.871892,13.130502,8.352682,9.229582,9.73587,11.450601,11.738711,12.685274,12.418977,10.242107,12.194534,12.08264,15.872358,16.182554,19.008192,22.339235,24.322655,28.271402,28.05887,24.515085,28.843496,26.918125,23.240723,23.345493,27.058094,25.633139,21.78678,19.194368,23.155712,25.74989,24.244095,21.381796,24.19049,19.79698,19.352446,20.75475,19.084229
34,41.654594,39.838634,35.983337,32.73272,30.354836,27.987286,25.562963,22.85333,18.1523,16.959965,13.309505,13.051565,16.828737,17.087337,20.29784,19.155607,23.365068,22.988024,26.188774,28.079449,29.875387,34.126583,34.32437,31.98866,34.154625,32.43331,28.965544,25.3932,22.32844,19.50355,14.473252,9.268405,6.653874,5.7199287,0.0,4.663694,7.507151,5.5617867,9.075253,9.994833,9.229948,14.315641,13.409861,18.072142,17.383078,24.560694,24.86012,27.637997,26.568567,20.819702,21.744629,24.343796,24.768934,24.574993,23.856203,27.187082,28.385342,25.997454,31.780716,33.42137,30.91091,35.37493,36.10109,37.23573,38.464844,39.053036,36.95488,33.80338,30.567162,25.825916,24.040705,21.678013,16.971087,18.19329,13.45419,14.668402,14.523814,16.256851,16.275843,17.421919,16.602598,14.550243,17.490398,17.13875,21.172312,20.478403,23.772038,26.555204,28.562538,32.375866,32.229816,28.521502,33.078423,31.543146,27.967989,27.61155,31.59134,30.7949,27.02943,23.865234,27.633558,29.950039,27.888958,25.274559,27.170313,23.250027,21.642826,23.14125,20.398077
35,44.10466,42.666164,38.49247,35.220448,33.241364,30.340677,28.649372,25.650208,21.190866,20.198135,15.624743,16.296894,19.386122,18.897932,22.305607,21.04701,24.809235,24.861246,27.379427,29.791197,31.14897,35.563774,35.59476,33.472427,36.284286,34.94662,31.653683,27.67601,24.82149,22.079292,16.930126,11.318218,9.945903,6.1704855,4.663694,0.0,4.3818793,6.245247,9.441946,10.737977,11.948737,16.609434,16.80219,21.094112,20.93694,28.10851,28.443893,31.574203,30.815409,25.1116,26.235388,28.972757,29.429642,29.128517,28.22209,31.467705,32.525875,29.686155,35.57943,37.36836,34.638855,38.811596,39.755646,40.755684,41.792942,41.967403,39.569817,36.259426,33.143894,28.254269,26.504791,23.662983,18.895277,18.59757,14.038482,13.898344,12.7404375,13.592719,13.139875,14.630651,14.230123,13.569548,17.13733,17.817396,21.723797,22.26712,25.106974,28.502693,30.369991,34.306164,33.882584,30.128202,34.34435,32.24935,28.724806,28.281525,31.613304,30.612022,26.950632,23.96369,27.239124,29.43399,27.92015,25.515556,28.140873,24.724144,23.591465,25.607376,23.323395
36,47.584705,46.228924,42.25422,38.700157,36.7415,34.19269,32.033905,29.58004,24.7879,24.047224,19.789446,20.26497,23.60969,23.228329,26.510645,24.969612,28.708899,28.37097,30.675747,32.899296,33.84973,38.450645,37.975773,35.547287,38.361546,37.40052,33.757385,29.716238,27.470512,24.072752,20.097187,13.622811,13.275281,8.51444,7.507151,4.3818793,0.0,5.200748,7.9287996,10.264367,11.976465,16.847132,18.008005,21.816792,22.656523,29.26983,30.505985,33.30733,32.568405,27.1651,28.582388,31.065067,31.266384,30.253204,28.847105,31.888666,32.8919,29.672012,35.51081,37.823795,35.385914,38.97602,40.526176,41.730625,43.00085,42.771374,40.392044,36.71851,34.09475,28.79505,27.66404,24.307377,19.975922,18.758003,14.71404,14.047988,11.883839,13.106989,13.503809,15.774244,16.547823,16.59146,19.380777,20.06943,23.288713,24.396145,26.247992,29.90096,31.160425,35.038563,34.09407,30.054821,34.001198,31.750635,28.50531,27.360313,30.329283,30.042576,26.690771,23.079523,25.680162,27.476938,25.884487,23.910313,26.387178,23.986105,22.552776,25.25398,22.96888
