,0,1,2,3,4,5,6,7,8,9,10,11,12,13,14,15,16,17,18,19,20,21,22,23,24,25,26,27,28,29,30,31,32,33,34,35,36,37,38,39,40,41,42,43,44,45,46,47,48,49,50,51,52,53,54,55,56,57,58,59,60,61,62,63,64,65,66,67,68,69,70,71,72,73,74,75,76,77,78,79,80,81,82,83,84,85,86,87,88,89,90,91,92,93,94,95,96,97,98,99,100,101,102,103,104,105,106,107,108,109,110
0,0.0,4.2217298,6.439617,9.608999,12.025517,14.780954,17.592772,22.205835,24.957476,27.494135,31.602446,28.859762,27.039452,25.91391,21.087025,21.031254,15.98062,15.98471,13.94755,13.446208,15.839426,12.872261,18.785889,19.681654,22.956,24.795784,22.31254,25.192898,23.251654,25.190123,26.262207,27.35462,32.308758,31.139265,35.99525,36.420944,39.45313,39.801792,35.835793,32.264927,36.16461,31.88864,31.451721,31.069702,30.067366,30.177383,27.798151,29.708208,27.0471,29.408287,26.814499,29.836885,29.757217,30.218605,25.527508,27.98245,27.712986,31.162315,31.432753,31.873016,32.15512,35.699203,33.965775,37.93585,38.77891,40.268562,37.560226,35.84278,40.786644,39.85843,34.52885,36.45454,32.50226,36.44209,31.928417,29.800713,30.954077,28.996088,29.388338,31.26099,28.177,25.159107,23.246664,20.813536,20.70519,18.15711,19.02937,16.89221,16.520857,17.80202,17.288624,14.23653,17.356312,15.172016,19.02091,19.182898,21.74171,20.315931,22.505993,20.123566,21.88048,22.402073,24.578259,28.33298,29.071074,27.210648,28.189064,25.031887,27.663319,25.44659,29.787102
1,4.2217298,0.0,5.2514424,6.627492,8.567717,12.316369,14.089436,19.411312,21.599735,24.335064,28.221548,25.820074,24.407185,23.101566,18.48542,17.731384,12.935253,12.170729,10.570606,9.4293585,12.30777,9.9718485,15.937689,17.28583,20.177828,21.473318,18.645323,21.3455,19.060106,21.027746,22.06666,23.345102,28.395004,27.533733,32.260624,32.90957,35.88697,36.03491,32.136417,28.510685,32.155445,27.808914,27.275198,26.900034,25.850834,26.080965,23.803411,25.945526,23.49007,26.097681,23.868301,27.041534,27.450264,27.977776,23.119205,25.5658,24.633055,28.13697,28.39185,28.423447,28.491566,31.911676,29.950817,33.85914,34.636013,36.09483,33.3889,31.62364,36.573017,35.712402,30.422066,32.454323,28.493757,32.699448,28.210974,26.350657,27.68924,25.749054,26.463762,28.367493,25.635836,22.380854,20.410662,17.74145,17.061493,14.738361,14.9457655,12.902054,12.465835,14.17175,13.77851,10.544595,14.750779,12.466678,16.610199,17.386148,19.483622,17.541925,19.533651,16.48772,18.561567,18.483753,21.030539,25.116014,25.57906,23.515474,24.807926,21.306515,24.242123,22.12226,26.581581
2,6.439617,5.2514424,0.0,5.1924553,6.8412113,8.715184,12.047217,15.933046,19.130003,21.369047,25.713455,22.94012,20.887743,20.153368,15.191126,15.722608,11.210165,11.699086,11.5528,12.027237,15.683861,14.473169,20.205074,22.0723,24.796259,25.5287,22.149216,24.474138,20.820652,22.451948,22.520964,23.628353,27.385078,26.196062,30.92613,31.047117,34.41532,35.059273,31.36385,28.157928,31.92797,28.464657,27.67045,28.453547,26.919336,28.299763,26.233654,29.023386,26.773914,29.654137,27.937231,30.761713,31.671919,31.65452,26.579933,28.48915,27.243776,30.436724,29.962019,29.837036,30.298258,32.810154,30.912983,34.703453,34.76511,37.116344,34.82162,32.688747,37.6443,37.526558,32.462227,34.556614,30.32628,34.653435,29.482403,28.210928,28.853771,26.330877,26.665878,27.947908,25.015707,22.349583,19.220295,17.477737,17.220364,16.10095,16.110378,15.897773,15.0984335,17.388727,16.106464,11.5752535,15.285031,10.915146,14.610611,14.413232,16.49581,14.710232,17.499258,15.507098,18.075628,18.97604,21.869387,25.97052,25.605232,23.519905,23.419176,20.131182,22.26125,19.629553,23.794699
3,9.608999,6.627492,5.1924553,0.0,3.8304155,6.206266,8.795998,13.579632,15.708442,18.851887,22.347538,19.461798,18.05082,16.546217,11.972937,11.429031,6.4808874,7.010668,6.614841,8.289432,11.969475,12.142031,17.153522,19.798016,22.507942,22.576324,19.62382,20.872787,17.235037,18.088196,18.588257,18.824896,23.184765,21.63,26.5507,26.841072,29.910606,30.431988,26.542246,23.204653,27.285746,23.724424,23.372047,24.187376,23.184597,24.715775,23.264416,26.267334,24.641752,27.804016,26.454664,29.816938,31.05798,31.585575,26.567038,28.683615,26.562489,29.881151,29.601402,28.723131,28.59188,30.903017,28.317326,31.825844,31.40548,33.701473,31.294653,28.77125,33.501724,33.46478,28.336687,30.062653,25.68614,29.758476,24.401049,23.223965,23.721167,21.158102,21.592772,22.949076,20.218834,17.362024,14.398046,12.374508,12.073757,11.112906,11.520911,12.462282,12.57109,15.795634,15.281502,10.812505,16.317247,11.815204,15.679291,16.209957,17.316044,14.445842,17.201195,13.8914795,17.529121,16.932425,20.812157,25.49188,24.53829,21.96577,22.255724,17.945969,20.537455,17.570963,21.794464
4,12.025517,8.567717,6.8412113,3.8304155,0.0,5.303207,5.576825,11.1038885,13.072408,15.831598,19.690498,17.49672,16.288223,15.197719,10.800896,9.848125,6.4835353,5.372289,7.991269,8.332599,12.6166725,13.424554,18.087582,20.712656,22.630157,22.173851,18.371105,19.816402,15.0433445,16.306017,15.887828,17.111002,20.627178,19.882172,24.403736,24.831924,28.167736,28.557678,25.021664,21.843441,25.205532,21.940727,20.941435,22.235413,20.548843,22.65804,21.083033,24.47011,22.8883,26.1843,25.347212,28.288033,30.059185,30.137625,25.027523,26.740038,24.239197,27.324545,26.676483,25.626411,25.685778,27.565857,25.125427,28.650173,28.216084,30.79877,28.642054,26.211641,31.095684,31.368465,26.5115,28.699177,24.405416,29.114094,23.820505,23.31199,23.99993,21.375818,22.198542,23.31201,21.114426,18.274794,14.752327,12.965407,11.588217,11.84524,10.232766,11.770796,10.950559,14.272302,13.134778,8.2439165,13.73272,8.802503,12.466926,13.383078,14.045808,10.911694,13.496948,10.11599,13.956562,13.575957,17.564959,22.266684,20.946577,18.364403,18.428194,14.192955,16.774292,14.017525,18.379843
5,14.780954,12.316369,8.715184,6.206266,5.303207,0.0,5.9728956,7.87204,11.112978,13.741097,17.557743,14.305158,12.260602,11.487197,6.5110416,7.8956504,5.2451034,7.5053253,10.149388,12.660776,16.52074,17.766315,22.148363,25.158947,27.374844,26.679502,23.169416,23.855253,18.72067,19.012203,18.086668,18.094019,20.28506,18.459133,23.160452,22.81388,26.37648,27.464815,24.021069,21.40588,25.32584,23.159542,22.408602,24.79122,23.202192,26.201159,25.17301,28.866083,27.658585,31.070053,30.46211,33.408115,35.31644,35.326347,30.197166,31.713419,29.032887,31.907228,30.855627,29.557693,29.721348,30.755396,28.151016,31.300041,29.851383,33.233555,31.431255,28.474773,33.031796,33.999935,29.387344,31.182306,26.672413,30.888182,24.933264,24.815834,24.510109,21.331852,21.468534,21.844791,19.327505,17.399595,12.778894,12.440494,12.321874,13.644769,13.136271,16.238663,15.885457,19.421095,18.176275,13.146185,17.893595,11.862339,14.527318,14.323539,14.50295,11.369016,14.890552,12.734486,17.065214,17.147764,21.432652,26.047869,23.906235,21.272705,19.89927,15.709356,17.182117,13.453965,17.104195
6,17.592772,14.089436,12.047217,8.795998,5.576825,5.9728956,0.0,6.786936,7.6648364,10.530681,14.195894,12.588375,11.974516,11.1160965,7.780053,6.0284257,6.5442924,5.0089836,10.333971,11.06124,14.985559,17.148796,20.662582,23.687227,24.885778,23.430376,19.317768,19.826117,13.705823,14.270233,12.457954,13.742652,15.564179,15.240194,19.355366,19.72437,23.323875,23.787947,20.687965,17.982296,20.78219,18.529089,17.064198,19.693314,17.527477,21.005325,20.06348,24.088516,23.208702,26.742443,26.822836,29.493597,32.009502,31.864521,26.859182,28.084837,24.695824,27.352352,26.193647,24.375416,24.354246,25.023655,22.262026,25.339151,23.973015,27.341543,25.666245,22.825788,27.528326,28.638966,24.310574,26.58886,22.285887,27.266483,21.716673,22.326406,22.635876,19.737267,20.748346,21.225115,19.767439,17.389894,13.07172,12.235771,10.138149,12.611911,9.529622,13.320531,12.401754,16.024302,14.713976,10.262386,15.277714,10.080711,12.349916,13.479315,12.651633,8.711253,11.203082,7.739245,12.661403,11.773194,16.50859,21.302286,18.696554,15.823484,14.975492,10.126266,12.343323,9.079656,13.28961
7,22.205835,19.411312,15.933046,13.579632,11.1038885,7.87204,6.786936,0.0,5.230788,6.1715026,10.560734,8.170168,6.139063,7.3376374,5.086524,7.108967,10.040723,11.01423,15.706675,17.617786,21.35737,23.624725,27.093609,30.307062,31.584715,29.909286,25.806768,25.88292,19.384792,19.216778,16.425037,16.820614,15.533205,14.496232,18.049143,17.232729,21.429506,22.842821,20.449663,18.953587,21.62979,21.340023,19.767252,23.88838,21.479256,26.063679,25.578445,29.882984,29.29913,32.854286,33.290077,35.639584,38.422768,37.899445,32.889427,33.666504,30.181831,32.38022,30.543724,28.568296,28.923107,28.277,25.707329,28.197674,25.587267,30.139774,29.203903,25.981401,30.17304,32.328278,28.663078,30.710835,26.43055,31.005499,25.004211,26.357952,25.656475,22.263048,22.61763,21.988068,20.609571,19.522429,14.11782,15.192001,14.24848,17.671724,15.42252,19.973658,19.097452,22.59239,20.870716,16.304775,19.966753,13.9676895,14.643179,14.426734,12.696301,9.400258,12.555281,11.814921,16.289602,16.611929,20.98797,25.238749,21.649923,19.067005,15.939295,12.186745,11.983186,7.6063423,9.978696
8,24.957476,21.599735,19.130003,15.708442,13.072408,11.112978,7.6648364,5.230788,0.0,4.832136,6.6530876,5.5763707,6.6377707,6.3373528,7.1269345,5.835256,10.881019,10.771786,15.742074,17.388588,20.50998,23.631918,26.03134,29.46163,30.254288,27.919172,24.134829,23.26954,16.742704,15.752052,12.644537,12.480453,10.32475,9.708259,13.03217,12.714353,16.802923,17.84576,15.575367,14.218856,16.429771,16.607265,15.0536175,19.72494,17.56267,22.608479,22.827406,27.245111,27.340897,30.956144,31.904758,34.390976,37.492313,37.28599,32.540123,33.339737,29.203884,31.30463,29.662127,26.997276,26.789265,25.729496,22.548887,24.540262,21.30284,25.908537,25.067503,21.508139,25.369568,27.838808,24.499498,26.3602,22.214254,26.75145,20.907942,22.94458,22.253677,19.029825,19.831236,19.08385,18.653254,17.540312,12.641036,13.743011,12.046059,16.36301,13.472306,18.846222,18.379843,22.004803,20.850548,17.12542,21.336996,16.321596,17.052547,17.795649,15.588725,11.9203415,13.879867,11.861296,16.56842,15.298391,20.132883,24.539175,20.49525,17.600637,15.226943,10.596495,10.959543,7.0169663,8.911498
9,27.494135,24.335064,21.369047,18.851887,15.831598,13.741097,10.530681,6.1715026,4.832136,0.0,5.9389315,7.1191635,7.3691444,9.328934,10.19031,10.421124,14.92861,14.691444,19.963749,21.088411,24.531794,27.34081,30.042456,33.23071,33.693687,31.34467,26.9565,26.638973,19.59972,19.258646,15.214493,16.356127,12.116764,12.886258,14.638128,13.93543,18.422102,19.633766,18.414017,17.823912,18.736992,19.84744,17.46778,22.610146,19.578554,25.089891,25.017942,29.554743,29.48959,33.00212,34.24238,36.090584,39.478397,38.6435,33.91714,34.169945,30.108335,31.726671,29.46209,26.920706,27.292793,25.351221,22.859638,24.68473,21.285816,26.58549,26.382996,23.183815,26.981022,29.946636,27.202557,29.519266,25.70246,30.581001,25.055756,27.421686,26.81461,23.653275,24.454721,23.436628,23.141388,22.294083,17.262844,18.533932,16.768185,20.962763,17.520782,22.393042,21.206152,24.396118,22.574968,18.893791,21.75311,16.768053,16.280714,16.621141,13.76032,10.902608,12.447798,12.433914,16.266233,16.323322,20.374561,24.111963,19.576735,17.170834,13.187382,10.195966,8.531939,4.8572288,4.6016145
10,31.602446,28.221548,25.713455,22.347538,19.690498,17.557743,14.195894,10.560734,6.6530876,5.9389315,0.0,5.405663,8.446719,9.212883,12.547262,11.760836,17.189093,17.074406,21.854818,23.421486,26.123661,29.64117,31.350113,34.844902,35.15273,32.257004,28.599432,27.074997,20.581343,18.990145,15.198008,14.646515,8.380863,8.784854,9.241649,8.156044,12.685356,14.130505,13.57926,14.068478,14.515426,17.21229,15.426196,21.257963,19.032322,24.877789,25.805122,30.29449,31.02764,34.552475,36.178097,38.322918,41.87164,41.501453,37.04729,37.43824,32.86152,34.41994,32.423054,29.236156,28.95833,26.503765,23.314342,24.2273,19.578098,25.080173,25.147318,21.388052,24.246294,27.84745,25.690025,27.331318,23.742203,27.886162,22.474669,25.58361,24.442093,21.407742,22.194191,20.619543,21.274446,21.055195,16.64239,18.502903,16.923859,21.664742,18.655735,24.24586,23.794184,27.176815,26.03898,22.901857,26.432749,21.903797,21.746874,22.428524,19.545813,16.527042,17.631323,16.612778,20.564497,19.219656,23.583351,27.377256,22.545847,19.96731,16.836452,13.449445,12.318837,9.761038,8.280899
11,28.859762,25.820074,22.94012,19.461798,17.49672,14.305158,12.588375,8.170168,5.5763707,7.1191635,5.405663,0.0,4.0277996,4.0451865,8.280312,8.699851,13.82426,15.05148,19.13022,21.794697,24.52932,27.862423,29.970955,33.67225,34.751347,32.288315,29.05436,27.503633,21.465199,19.597849,16.885761,14.965963,11.370487,8.660252,11.568939,9.74446,13.918613,16.06107,14.211009,14.111387,16.83462,18.564735,17.807234,22.982895,21.485498,26.727285,27.52998,31.904797,32.36689,35.992153,37.013035,39.68214,42.776264,42.746277,38.043186,38.877613,34.64059,36.67049,34.963688,32.10784,31.776587,30.20669,26.844755,28.228828,24.004713,28.996124,28.475374,24.507427,27.55122,30.594967,27.667904,28.820406,24.730892,28.27458,22.154488,24.548004,22.833488,19.358011,19.437416,17.706865,17.525276,17.692537,12.68817,15.220853,14.776192,19.287365,17.670868,23.467838,23.522465,27.298923,26.346298,22.523811,26.780785,21.436035,21.993057,22.18313,19.887863,16.604498,18.797068,17.388577,21.982626,20.753393,25.559298,29.83137,25.492182,22.69422,19.784336,15.703806,15.191893,11.414114,11.318053
12,27.039452,24.407185,20.887743,18.05082,16.288223,12.260602,11.974516,6.139063,6.6377707,7.3691444,8.446719,4.0277996,0.0,3.9288301,6.296025,8.9425335,13.039366,15.011074,18.958124,21.87595,25.029928,27.83921,30.6729,34.263542,35.695915,33.665524,30.18561,29.252312,23.095995,21.775356,19.147903,17.75864,15.006801,12.393675,15.594274,13.667093,17.789095,20.065214,18.044453,17.60751,20.676327,21.836576,20.951273,25.798737,24.043308,29.06327,29.375267,33.737644,33.739307,37.362137,38.03784,40.644226,43.53377,43.300503,38.398743,39.230473,35.39769,37.512672,35.66968,33.244663,33.281757,31.991404,28.994905,30.784029,27.010916,32.00513,31.380413,27.616364,31.018806,33.816746,30.577383,31.92159,27.668388,31.343884,25.054724,26.921488,25.235567,21.607256,21.365915,19.785093,18.77312,18.923695,13.42215,15.957911,15.988947,19.99977,18.749083,24.15139,23.96376,27.713732,26.412668,22.058426,26.017794,20.104658,20.616224,20.190073,18.191034,15.21644,18.038301,17.324373,21.85278,21.530426,26.15139,30.37771,26.281788,23.627838,20.206608,16.503658,15.683111,11.488488,11.729603
13,25.91391,23.101566,20.153368,16.546217,15.197719,11.487197,11.1160965,7.3376374,6.3373528,9.328934,9.212883,4.0451865,3.9288301,0.0,5.067552,6.3807483,10.70633,12.912929,16.274992,19.6355,22.345217,25.450323,27.850897,31.616713,33.223766,31.143206,28.229916,26.77777,21.210443,19.332808,17.49721,14.99959,13.686377,9.93757,14.166827,12.59687,16.21953,18.307764,15.542763,14.636018,18.637556,19.260916,19.077177,23.515396,22.471502,27.101091,27.714964,31.91895,32.133114,35.775356,36.321434,39.347324,42.06412,42.30424,37.47969,38.66038,34.719227,37.09727,35.68524,33.10049,32.7009,31.890615,28.440138,30.221739,26.510803,31.008173,30.010134,26.03796,29.333923,31.809677,28.286545,29.212461,24.829447,28.083975,21.640932,23.304674,21.445883,17.773293,17.454575,15.980225,14.92771,15.022166,9.591118,12.331571,12.71727,16.778515,16.211266,21.884933,22.301352,26.262802,25.510174,21.351109,26.13563,20.469936,21.685194,21.702711,19.986502,16.527393,19.294992,17.395407,22.285723,21.024559,26.031813,30.60797,26.764557,23.836657,21.403793,16.86904,17.03479,12.846165,13.9077215
14,21.087025,18.48542,15.191126,11.972937,10.800896,6.5110416,7.780053,5.086524,7.1269345,10.19031,12.547262,8.280312,6.296025,5.067552,0.0,4.907922,7.0119414,9.847196,13.137839,16.469265,19.710396,22.127947,25.398232,28.922953,30.854532,29.35167,26.1486,25.578066,20.034706,19.04273,17.52834,16.091684,16.473757,13.598616,18.194784,17.1872,20.828325,22.48351,19.3343,17.536598,21.64865,20.94432,20.486326,24.1142,22.77898,26.812857,26.711512,30.777288,30.373146,33.9658,34.017445,37.030933,39.420006,39.544567,34.544807,35.85768,32.427887,35.02752,33.711697,31.66561,31.544605,31.488285,28.387276,30.817791,28.05918,32.163486,30.804895,27.222181,31.157064,32.994793,28.919897,30.241924,25.70275,29.420729,23.034565,23.870113,22.61674,19.029036,18.820145,18.184479,16.2151,15.397767,9.822009,11.419003,11.788073,14.917469,14.476974,19.368408,19.498217,23.383928,22.388449,17.762312,22.546766,16.544645,18.23777,18.03327,16.980968,13.548405,16.859419,14.937326,19.792913,19.16465,23.993359,28.646719,25.42509,22.574167,20.378428,15.873559,16.514883,12.171999,14.541365
15,21.031254,17.731384,15.722608,11.429031,9.848125,7.8956504,6.0284257,7.108967,5.835256,10.421124,11.760836,8.699851,8.9425335,6.3807483,4.907922,0.0,5.528805,6.6003723,10.478504,13.311398,16.151318,19.255873,21.749338,25.401356,26.959291,25.064219,22.09465,20.992962,15.607596,14.20967,13.084758,11.315404,13.090808,10.621068,15.538367,15.458719,18.713577,19.64211,16.126919,13.65179,17.750078,16.285889,16.01269,19.294346,18.312317,22.148022,22.345337,26.369858,26.305462,29.92846,30.185268,33.40529,35.907963,36.3696,31.559175,33.033142,29.229506,31.920666,30.969969,28.571346,27.966904,28.171497,24.647387,27.011875,24.43229,28.032005,26.404202,22.76581,26.726599,28.285051,24.08283,25.366024,20.821379,24.739534,18.504808,19.468176,18.680449,15.316433,15.82178,15.713023,14.389963,12.709663,7.75765,8.305902,7.386362,11.238037,10.065355,15.540394,16.047081,20.080875,19.643288,15.68661,21.179914,16.086863,18.17377,18.957592,17.75828,13.827801,16.355309,12.9826,18.059889,16.082006,21.27714,26.181894,23.05225,19.94054,18.939924,13.637058,15.367182,11.517813,14.464129
16,15.98062,12.935253,11.210165,6.4808874,6.4835353,5.2451034,6.5442924,10.040723,10.881019,14.92861,17.189093,13.82426,13.039366,10.70633,7.0119414,5.528805,0.0,4.5764585,6.16677,10.008877,13.039515,15.280094,18.667686,22.161306,24.512821,23.47837,20.876595,20.472597,16.175455,15.475894,15.678962,14.241821,18.06195,15.564145,20.723331,20.779673,23.710081,24.492092,20.54449,17.48242,22.082546,19.348177,19.458368,21.33236,20.739893,23.321566,22.923353,26.4521,25.78826,29.26467,28.703127,32.264633,34.109394,34.848896,29.940718,31.873196,28.756123,31.864246,31.352612,29.563122,29.010338,30.329203,27.036814,29.927725,28.29594,31.159582,29.015642,25.758398,30.014608,30.701834,25.872938,27.084,22.465664,26.137009,20.099255,19.72901,19.340158,16.237206,16.479462,17.241581,14.824333,12.414115,8.383873,7.277992,7.4310207,8.767263,9.453216,13.431073,14.309358,18.298273,18.118368,13.857188,19.82722,14.791241,17.877796,18.505037,18.370935,14.709045,17.584597,13.908513,18.654823,16.9943,21.871443,26.869663,24.73284,21.737112,21.465532,16.337044,18.642467,15.013652,18.672262
17,15.98471,12.170729,11.699086,7.010668,5.372289,7.5053253,5.0089836,11.01423,10.771786,14.691444,17.074406,15.05148,15.011074,12.912929,9.847196,6.6003723,4.5764585,0.0,5.63338,6.872037,10.347782,12.97891,16.091536,19.410746,21.061712,19.738789,16.59396,16.504581,11.772691,11.770834,11.953479,11.94376,16.460981,15.424786,20.107141,20.90195,23.783958,23.892807,20.124832,16.707611,20.34902,16.863712,16.431757,17.762478,16.815327,19.127525,18.447832,22.023445,21.306555,24.816015,24.469492,27.898485,29.97662,30.648123,25.804798,27.68549,24.339851,27.45037,27.088924,25.208096,24.519514,26.132202,22.865515,25.95126,24.94447,27.368557,25.073753,22.163355,26.740005,27.10088,22.20751,23.953495,19.499802,23.986403,18.51394,18.304913,18.916552,16.317305,17.478355,18.687075,17.057018,13.972232,10.879838,8.684809,6.3787713,7.7296853,5.6325426,9.54459,10.025995,14.089748,14.0290785,10.29416,16.615646,12.577505,15.78943,17.29388,17.032124,13.236681,15.268615,10.620726,15.209492,12.789692,17.711998,22.796206,20.903994,17.861399,18.568357,13.272664,16.392927,13.540549,17.668575
18,13.94755,10.570606,11.5528,6.614841,7.991269,10.149388,10.333971,15.706675,15.742074,19.963749,21.854818,19.13022,18.958124,16.274992,13.137839,10.478504,6.16677,5.63338,0.0,5.4064884,7.31165,9.558459,12.69843,16.224894,19.030998,18.474857,16.884256,16.46124,14.181957,13.727027,15.797838,14.419861,20.609444,18.612204,23.691038,24.493362,26.752453,26.821564,22.525438,18.749296,23.318037,19.043982,19.740053,19.745974,20.062323,20.967892,20.411715,23.167753,22.381912,25.621042,24.47077,28.618933,29.886011,31.366852,26.740358,29.287346,26.470486,29.971512,30.306274,28.71004,27.656569,30.159084,26.74398,29.83516,29.176653,30.806482,28.02243,25.185629,29.463995,29.054039,23.710508,24.684013,20.247944,23.627016,18.371979,16.744707,17.407194,15.213748,15.992931,17.982197,15.665883,12.097359,10.833731,7.469646,7.045728,4.5673637,7.270694,9.0846405,11.248167,15.015024,16.029716,12.972412,19.53995,16.179493,19.98446,21.30834,21.711283,18.195303,20.340506,15.6511755,19.721746,17.046501,21.569706,26.603668,25.48663,22.525675,23.919315,18.69685,21.99429,19.144531,23.21285
19,13.446208,9.4293585,12.027237,8.289432,8.332599,12.660776,11.06124,17.617786,17.388588,21.088411,23.421486,21.794697,21.87595,19.6355,16.469265,13.311398,10.008877,6.872037,5.4064884,0.0,4.415261,6.276733,9.860974,12.755797,14.764213,14.348009,11.919127,12.779323,10.770292,11.929997,14.125287,14.827595,21.237854,20.771715,25.228989,26.611649,28.935364,28.415232,24.45741,20.512953,23.846996,18.857649,18.808744,17.795578,17.609545,17.590866,16.228825,18.687681,17.394812,20.541967,19.260614,23.27602,24.574783,25.961636,21.362352,23.992174,21.298744,24.910692,25.57161,24.23944,23.163773,26.392706,23.342793,26.794586,27.235243,28.17041,25.182209,23.083393,27.75029,26.739582,21.325949,23.080069,19.072535,23.4019,19.179604,17.601048,19.530266,18.022572,19.609001,21.863903,20.20881,16.352062,15.401988,11.878195,9.641699,7.272058,6.1853585,4.338437,6.168537,9.676006,11.117939,9.227874,15.749433,14.075435,17.978388,20.047522,20.631031,17.414291,18.642757,13.533897,16.641941,13.610703,17.482002,22.345642,22.021763,19.28873,21.842161,17.058077,20.940886,19.057709,23.450115
20,15.839426,12.30777,15.683861,11.969475,12.6166725,16.52074,14.985559,21.35737,20.50998,24.531794,26.123661,24.52932,25.029928,22.345217,19.710396,16.151318,13.039515,10.347782,7.31165,4.415261,0.0,4.6726475,5.757175,9.286029,11.762784,11.440006,11.003191,10.743542,11.453029,11.866468,15.508536,15.282226,22.806118,22.14002,26.515732,28.19497,29.909113,29.055283,24.914787,20.760199,24.226612,18.599962,19.371931,17.137033,18.153324,16.8841,16.019197,17.657179,16.806488,19.666235,18.096,22.780802,23.63696,25.918173,21.850958,24.922678,22.256018,25.993185,27.301254,25.823895,24.152449,27.859333,24.500792,27.684729,28.338516,28.447002,25.085163,23.091068,27.337906,25.64585,20.03208,21.144236,17.399628,20.953018,17.459332,15.01632,17.525667,16.794207,18.592716,21.39985,20.006535,15.898519,16.500042,12.554711,10.631267,6.901976,7.653033,4.426765,8.181794,10.822377,13.507541,12.978126,19.187744,18.310923,22.170282,24.386642,24.9334,21.677256,22.677338,17.33016,20.191977,16.3978,20.023005,24.72555,24.73199,22.012238,25.263237,20.365082,24.459982,22.730692,26.969372
21,12.872261,9.9718485,14.473169,12.142031,13.424554,17.766315,17.148796,23.624725,23.631918,27.34081,29.64117,27.862423,27.83921,25.450323,22.127947,19.255873,15.280094,12.97891,9.558459,6.276733,4.6726475,0.0,5.9967766,7.7280283,11.164218,12.568048,12.094036,13.611574,14.697842,16.0706,19.274424,19.779871,26.95854,26.368988,30.835653,32.37065,34.317673,33.583496,29.455662,25.33145,28.752758,23.141977,23.587841,21.192598,21.770485,20.044203,18.39307,19.440283,17.7077,20.094828,17.60438,22.153936,22.22151,24.491959,20.43499,23.788567,22.138113,26.01718,27.551619,26.83794,25.545486,29.86758,27.097225,30.61793,31.888092,31.821455,28.429726,26.902697,31.32746,29.33039,23.75966,25.119411,21.678545,25.166464,22.025463,19.269053,21.780376,21.088871,22.57988,25.414904,23.558464,19.55269,19.934166,16.09452,14.687704,10.753165,11.640622,7.1017566,9.360415,10.745972,13.271163,13.006595,18.45568,18.23783,22.316914,24.357304,25.551003,22.787252,23.813189,18.946033,21.106411,18.24376,21.034195,25.35039,26.173983,23.80178,27.111816,22.754906,26.767078,25.158993,29.612154
22,18.785889,15.937689,20.205074,17.153522,18.087582,22.148363,20.662582,27.093609,26.03134,30.042456,31.350113,29.970955,30.6729,27.850897,25.398232,21.749338,18.667686,16.091536,12.69843,9.860974,5.757175,5.9967766,0.0,4.1575956,7.5341935,8.469941,10.9343405,10.520245,14.48002,14.979958,19.376167,19.14995,27.155922,26.716,30.782797,32.776806,33.996155,32.741627,28.64209,24.435097,27.54151,21.408321,22.595953,18.924847,20.779058,17.786583,16.970526,17.100063,16.330603,18.377216,16.089312,21.315582,21.262337,24.58554,21.371235,24.942493,22.821451,26.624952,28.77522,27.545427,25.43466,29.966442,26.73516,29.762,31.171556,30.14026,26.42113,25.051157,28.850653,26.132595,20.580305,21.219902,18.362057,20.99474,19.121271,15.805526,19.123829,19.470114,21.41888,24.671719,23.562508,19.449707,21.251322,17.231829,15.60819,11.571495,12.732512,8.330641,11.702848,12.631278,16.20022,17.150059,22.568102,22.943779,26.776415,29.195679,29.943241,26.905344,27.523315,22.167376,24.308294,20.261545,23.036238,27.220589,28.04467,25.604813,29.6965,25.100193,29.38721,28.060669,32.269413
23,19.681654,17.28583,22.0723,19.798016,20.712656,25.158947,23.687227,30.307062,29.46163,33.23071,34.844902,33.67225,34.263542,31.616713,28.922953,25.401356,22.161306,19.410746,16.224894,12.755797,9.286029,7.7280283,4.1575956,0.0,5.042105,8.126356,11.1842375,12.107673,16.773201,18.028255,22.210365,22.755331,30.58395,30.565355,34.45644,36.567112,37.83058,36.42468,32.463516,28.271843,30.9482,24.70059,25.577547,21.434353,23.047338,19.29708,17.924109,17.139067,15.831757,17.150732,14.091693,19.302856,18.44322,22.18491,19.496029,23.331354,21.96892,25.76947,28.386675,27.664692,25.60856,30.76539,28.00768,31.163128,33.31882,31.748955,27.954966,27.211641,31.014433,27.799969,22.464222,23.37169,21.105976,23.766745,22.674574,19.35337,22.93451,23.51275,25.499775,28.793507,27.678822,23.57937,25.31549,21.296661,19.573034,15.610663,16.213346,10.932168,13.379362,13.018654,16.719646,18.554502,23.09273,24.47647,28.242262,30.771242,31.798933,29.105227,29.416292,24.285301,25.69636,21.96431,23.883383,27.542252,29.137775,27.044353,31.577553,27.457949,31.803278,30.842224,35.144123
24,22.956,20.177828,24.796259,22.507942,22.630157,27.374844,24.885778,31.584715,30.254288,33.693687,35.15273,34.751347,35.695915,33.223766,30.854532,26.959291,24.512821,21.061712,19.030998,14.764213,11.762784,11.164218,7.5341935,5.042105,0.0,4.5168552,8.343284,9.8078375,15.420877,17.25541,21.208366,22.750647,30.184826,31.121456,34.379086,36.86087,38.03529,36.207745,32.66958,28.599442,30.213228,23.897163,24.30973,19.522022,20.951391,16.30887,14.685081,12.96157,11.726252,12.528592,9.612394,14.9852295,14.40955,18.480139,16.39775,20.138235,18.527702,22.126558,25.155645,24.34281,21.965248,27.445189,24.931175,27.951324,30.825907,28.533524,24.703257,24.67403,28.372286,24.702549,19.749983,21.197645,19.692041,22.93851,22.836048,20.16127,24.283432,25.137264,27.607368,30.792744,30.257013,26.130236,27.67776,23.730057,21.23576,18.070187,17.106218,11.627773,13.259836,11.844254,15.799157,18.873604,22.656239,25.067638,28.394266,31.344238,32.094856,29.543571,29.181217,24.07778,24.804495,20.712502,21.892008,25.023445,26.993767,25.186972,30.418823,26.75211,31.193373,30.904482,35.043854
25,24.795784,21.473318,25.5287,22.576324,22.173851,26.679502,23.430376,29.909286,27.919172,31.34467,32.257004,32.288315,33.665524,31.143206,29.35167,25.064219,23.47837,19.738789,18.474857,14.348009,11.440006,12.568048,8.469941,8.126356,4.5168552,0.0,6.2827716,5.666838,12.266712,13.691044,17.802063,19.335377,26.638924,27.94763,30.78748,33.488697,34.448627,32.379547,29.074057,25.124348,26.212599,19.898903,20.331497,15.212546,16.998922,12.072621,11.114285,9.560548,9.55437,11.021036,9.738153,14.999697,15.733832,19.407478,17.21922,20.484314,17.705849,21.098894,23.898071,22.312582,19.477352,24.477438,21.479517,24.174627,26.807917,24.36503,20.475266,20.344849,23.893301,20.227795,15.236769,16.794535,15.434126,19.092087,19.305595,17.22365,21.562342,22.547924,25.35316,28.384415,28.389345,24.343506,25.897648,22.117695,19.171188,16.76916,14.999495,10.458052,12.268912,11.443529,15.4281225,18.48688,22.61713,24.710527,27.765722,30.900988,31.142672,28.336279,27.771885,22.445532,23.429655,18.60797,20.183407,23.510782,24.848919,22.856436,28.216753,24.369665,28.833405,28.706303,32.576775
26,22.31254,18.645323,22.149216,19.62382,18.371105,23.169416,19.317768,25.806768,24.134829,26.9565,28.599432,29.05436,30.18561,28.229916,26.1486,22.09465,20.876595,16.59396,16.884256,11.919127,11.003191,12.094036,10.9343405,11.1842375,8.343284,6.2827716,0.0,5.9151073,8.233008,11.630335,14.180606,17.638103,23.774393,25.855965,28.555044,31.128483,32.80078,30.938332,27.931728,24.136951,24.702696,18.884935,17.957714,14.030431,13.778384,10.104496,7.278793,7.546643,5.8168263,8.781342,8.306799,12.525796,14.596698,16.61057,13.246496,16.012104,12.60523,16.17733,18.381128,16.864702,14.580235,19.583899,17.029083,20.426363,23.351585,21.763517,18.25268,18.24936,22.757378,20.023132,15.1728,18.217958,16.248245,21.557116,20.532078,19.503334,23.355537,23.428946,26.222721,28.773905,28.60358,24.607145,24.759209,21.242996,17.672655,16.23741,12.503345,7.8009405,7.495677,5.910384,9.580667,13.195632,16.753704,19.291197,21.981863,25.301758,25.453766,22.924664,21.96076,16.909653,17.32469,12.766229,13.962265,17.43158,18.825092,16.936842,22.376844,19.010098,23.435856,23.731796,27.672338
27,25.192898,21.3455,24.474138,20.872787,19.816402,23.855253,19.826117,25.88292,23.26954,26.638973,27.074997,27.503633,29.252312,26.77777,25.578066,20.992962,20.472597,16.504581,16.46124,12.779323,10.743542,13.611574,10.520245,12.107673,9.8078375,5.666838,5.9151073,0.0,7.4360404,8.268393,12.42309,14.071752,21.086477,22.75964,25.28352,28.093628,29.072926,26.934309,23.826347,20.001194,20.673372,14.447043,14.664768,9.731254,11.586591,7.35847,7.4535494,8.05314,9.334532,12.090004,12.572274,17.008924,19.104244,21.725187,18.897137,21.466204,17.4683,20.603306,22.591688,20.110659,17.129356,21.036766,17.3172,19.81266,21.651375,19.812922,16.00097,15.15901,19.008429,16.087362,10.6894455,12.804364,10.705322,15.658936,15.125468,14.195487,18.329887,18.949484,22.020916,24.66059,25.11362,21.245071,22.308615,18.884192,15.368301,14.249119,11.189668,8.606507,10.368516,10.88803,14.302751,16.66364,21.3055,22.54367,25.269173,28.449715,28.104925,24.994507,24.378355,18.888796,20.44824,14.958792,17.449682,21.293276,21.485645,19.109463,24.174053,19.973345,24.372644,24.250216,27.822914
28,23.251654,19.060106,20.820652,17.235037,15.0433445,18.72067,13.705823,19.384792,16.742704,19.59972,20.581343,21.465199,23.095995,21.210443,20.034706,15.607596,16.175455,11.772691,14.181957,10.770292,11.453029,14.697842,14.48002,16.773201,15.420877,12.266712,8.233008,7.4360404,0.0,4.7765694,5.9834394,10.254913,15.580021,18.023928,20.486048,23.030293,24.927414,23.226414,20.428799,16.902315,17.207626,12.043147,10.401007,8.622016,7.2065306,7.617338,6.8365498,10.778106,11.155349,14.76868,15.961031,19.06461,22.139544,23.09031,19.20396,20.851236,16.2001,19.033094,19.570646,16.689734,14.605317,17.047033,13.207216,16.289999,17.221764,17.451561,14.466799,12.77807,17.781157,16.890026,12.059632,15.337218,12.150126,18.450468,15.789615,16.396484,19.29723,18.54612,21.395454,23.204542,23.50077,19.961935,19.137182,16.386797,12.166104,13.029561,7.3615117,7.6257186,7.301558,9.343227,10.864215,11.909196,16.609602,16.840181,19.029118,22.196188,21.340864,18.131346,17.39426,11.935956,14.018352,8.252175,12.074927,16.6846,15.541248,12.680383,17.034613,12.5580435,16.948029,16.912682,20.480358
29,25.190123,21.027746,22.451948,18.088196,16.306017,19.012203,14.270233,19.216778,15.752052,19.258646,18.990145,19.597849,21.775356,19.332808,19.04273,14.20967,15.475894,11.770834,13.727027,11.929997,11.866468,16.0706,14.979958,18.028255,17.25541,13.691044,11.630335,8.268393,4.7765694,0.0,5.3302383,6.1160336,12.989045,14.637976,17.233244,19.909803,21.23927,19.43758,16.303354,12.5794325,13.506024,7.804034,7.6712666,6.1208787,7.1495404,8.442925,9.92177,13.419768,14.831178,18.261316,19.488148,23.039295,25.920786,27.385422,23.713585,25.50342,20.785097,23.491865,24.004492,20.758463,18.380934,19.971052,15.4522915,17.579006,17.040209,17.533447,14.568276,11.640825,15.93729,15.481727,10.450075,12.514377,8.491337,14.468171,11.138002,12.298809,14.892157,14.219296,17.250475,18.997553,19.807043,16.467022,16.282927,13.77016,9.659368,11.25532,6.6648927,9.448114,10.788355,13.523915,15.278287,15.409881,20.75815,19.887714,22.158522,24.975769,23.838919,20.219572,20.053627,14.6094,17.663063,12.028513,16.402271,21.012224,19.14167,16.079203,19.523716,14.4179535,18.42353,17.693876,20.814499
30,26.262207,22.06666,22.520964,18.588257,15.887828,18.086668,12.457954,16.425037,12.644537,15.214493,15.198008,16.885761,19.147903,17.49721,17.52834,13.084758,15.678962,11.953479,15.797838,14.125287,15.508536,19.274424,19.376167,22.210365,21.208366,17.802063,14.180606,12.42309,5.9834394,5.3302383,0.0,6.8324547,9.73159,13.085229,14.86497,17.460773,19.56761,17.959879,15.676061,12.784736,12.2604,8.69203,5.724319,7.975104,5.269603,10.01006,10.817897,15.197956,16.26806,19.778494,21.588108,24.145878,27.643528,28.102291,24.19178,25.212204,20.201628,22.35555,21.914282,18.389372,16.657604,16.810883,12.443066,14.64038,13.398082,15.490134,13.480041,10.428467,15.28426,16.274605,12.491487,15.488667,12.028595,18.291882,14.710484,16.873365,18.666887,17.303967,20.014389,20.945942,21.799757,18.995358,17.302448,15.684822,11.48586,14.419756,8.793542,12.326628,11.997231,14.63132,15.023264,14.62068,19.047941,17.817379,19.201101,22.013775,20.283655,16.808167,16.190098,11.358252,14.368962,9.095459,13.700484,18.185724,15.222474,12.048648,14.731668,9.752599,13.488005,13.296278,16.049282
31,27.35462,23.345102,23.628353,18.824896,17.111002,18.094019,13.742652,16.820614,12.480453,16.356127,14.646515,14.965963,17.75864,14.99959,16.091684,11.315404,14.241821,11.94376,14.419861,14.827595,15.282226,19.779871,19.14995,22.755331,22.750647,19.335377,17.638103,14.071752,10.254913,6.1160336,6.8324547,0.0,8.481922,8.727627,11.734466,14.202651,15.397076,14.007458,10.455993,6.694316,9.101741,5.1193705,6.450824,8.918105,10.051641,13.487872,15.582129,19.25179,20.853502,24.289785,25.59642,29.058056,32.010796,33.302757,29.439428,31.018633,26.20986,28.675436,28.58054,25.088663,23.037588,23.24557,18.545593,19.8758,17.239681,19.267532,17.157715,13.048988,16.335257,17.530943,13.526208,14.289663,9.916993,14.377944,9.135321,11.813104,12.471453,10.810775,13.512757,14.318232,15.701699,13.250917,12.530712,11.3565855,7.9567056,11.622947,8.671894,13.890419,15.374908,18.76361,19.878138,18.65107,24.208204,21.801985,23.763409,25.995144,24.375046,20.472994,20.978899,16.142006,20.162113,15.273433,20.243738,24.92045,21.935377,18.706415,20.40259,14.933446,17.97533,16.353176,18.658482
32,32.308758,28.395004,27.385078,23.184765,20.627178,20.28506,15.564179,15.533205,10.32475,12.116764,8.380863,11.370487,15.006801,13.686377,16.473757,13.090808,18.06195,16.460981,20.609444,21.237854,22.806118,26.95854,27.155922,30.58395,30.184826,26.638924,23.774393,21.086477,15.580021,12.989045,9.73159,8.481922,0.0,6.18602,5.4407234,8.088859,10.481159,9.496085,8.573784,8.303935,6.6729283,9.314656,7.6070356,13.654142,12.3492,18.042007,19.971117,24.166214,25.778925,29.169712,31.233994,33.66593,37.313248,37.613495,33.696777,34.370514,29.266836,30.895226,29.686356,25.852757,24.511087,22.45104,18.240034,18.588459,13.782203,18.27802,17.928064,13.714816,16.247936,19.732595,17.791483,19.187653,15.974036,20.259602,15.735365,19.511244,19.161789,17.050438,18.931124,18.125666,19.938145,18.909958,16.402178,17.039692,14.351173,18.927608,15.32712,20.705578,20.876038,24.014563,23.911488,22.18419,26.403046,23.4011,23.963522,25.789995,23.192928,19.719526,19.863474,16.849415,20.552309,16.98477,21.480371,25.435534,21.026564,18.151142,17.713667,13.3918295,14.448228,13.2944145,13.482346
33,31.139265,27.533733,26.196062,21.63,19.882172,18.459133,15.240194,14.496232,9.708259,12.886258,8.784854,8.660252,12.393675,9.93757,13.598616,10.621068,15.564145,15.424786,18.612204,20.771715,22.14002,26.368988,26.716,30.565355,31.121456,27.94763,25.855965,22.75964,18.023928,14.637976,13.085229,8.727627,6.18602,0.0,5.499457,6.1501036,8.359969,9.058718,5.958268,5.6168647,8.966242,11.015932,11.678999,16.624647,16.680836,21.5045,23.49628,27.506546,28.957722,32.46782,33.88296,36.999638,40.152065,40.92305,36.74717,37.919434,33.114956,35.231068,34.2772,30.739065,29.352867,28.04527,23.725382,24.400602,19.82956,23.81478,22.949385,18.491806,20.678421,23.621758,20.946152,21.222633,17.383673,20.20814,14.431893,17.721172,16.04496,13.200675,14.199527,12.719685,14.408514,14.2003145,11.573415,13.261076,12.023327,16.73937,15.150121,21.182522,22.192919,25.907495,26.097164,23.564762,28.673393,24.678404,25.87625,27.16175,24.944967,21.18033,22.421127,19.18715,23.704027,20.338139,25.397762,29.856312,25.753536,22.663706,21.880976,16.94648,18.0174,15.42894,15.955717
34,35.99525,32.260624,30.92613,26.5507,24.403736,23.160452,19.355366,18.049143,13.03217,14.638128,9.241649,11.568939,15.594274,14.166827,18.194784,15.538367,20.723331,20.107141,23.691038,25.228989,26.515732,30.835653,30.782797,34.45644,34.379086,30.78748,28.555044,25.28352,20.486048,17.233244,14.86497,11.734466,5.4407234,5.499457,0.0,3.668766,5.082771,5.0016737,5.4604197,7.876632,6.868371,11.859156,11.799774,17.438667,17.159328,22.483913,24.880781,28.865784,30.760117,34.108524,36.142143,38.794743,42.35433,42.88238,39.00449,39.770435,34.647015,36.26388,35.05617,31.148266,29.71713,27.361843,23.137234,22.883213,17.33868,21.821547,21.792967,17.397951,18.563938,22.52363,21.153849,21.495846,18.535604,21.276684,16.67625,20.801281,19.352962,17.175814,18.426153,16.706722,19.143301,19.224026,17.032808,18.64045,17.01135,21.668848,19.305906,25.036058,25.682415,29.027765,29.07943,27.051975,31.498611,27.981625,28.544056,29.971777,27.301952,23.863768,24.440994,21.786137,25.704031,22.356287,26.902891,30.808733,26.25975,23.471745,22.467144,18.407131,18.798853,17.182043,16.470274
35,36.420944,32.90957,31.047117,26.841072,24.831924,22.81388,19.72437,17.232729,12.714353,13.93543,8.156044,9.74446,13.667093,12.59687,17.1872,15.458719,20.779673,20.90195,24.493362,26.611649,28.19497,32.37065,32.776806,36.567112,36.86087,33.488697,31.128483,28.093628,23.030293,19.909803,17.460773,14.202651,8.088859,6.1501036,3.668766,0.0,4.569904,6.9234824,7.35915,10.027924,10.462187,15.118593,15.118321,20.777433,20.31706,25.727596,27.878433,31.979961,33.62687,37.06091,38.899906,41.58494,45.07157,45.476917,41.3858,42.1393,37.16472,38.827682,37.403965,33.67313,32.527855,30.079334,26.07885,25.99854,20.4016,25.234142,25.29824,20.94846,22.206903,26.185324,24.66635,24.941496,21.774908,24.23101,19.186954,23.012114,21.0144,18.419903,19.038769,16.77662,18.862677,19.56607,16.778181,19.08327,18.111229,22.859348,21.003145,26.963638,27.570732,31.107388,30.908428,28.342844,32.754353,28.62335,29.069244,30.05884,27.360872,24.03093,25.0406,22.90145,27.028185,24.276178,28.918482,32.87059,28.174318,25.41603,23.601898,19.698505,19.506435,17.366838,16.187092
