,0,1,2,3,4,5,6,7,8,9,10,11,12,13,14,15,16,17,18,19,20,21,22,23,24,25,26,27,28,29,30,31,32,33,34,35,36,37,38,39,40,41,42,43,44,45,46,47,48,49,50,51,52,53,54,55,56,57,58,59,60,61,62,63,64,65,66,67,68,69,70,71,72,73,74,75,76,77,78,79,80,81,82,83,84,85,86,87,88,89,90,91,92,93,94,95,96,97,98,99,100,101,102,103,104,105,106,107,108,109,110,111
0,0.0,4.338566,6.5527544,9.426715,12.0966835,14.138478,17.362488,21.075668,24.428053,28.215834,30.389668,36.092873,32.369846,30.578053,26.019417,24.141142,20.206318,18.959286,15.60015,13.728848,12.693702,10.161128,14.396843,14.181433,17.198895,19.32887,17.844843,19.272396,19.822977,20.755932,23.401653,23.159552,28.197058,27.859516,31.840271,32.927948,36.151566,36.03258,33.512943,32.40627,29.810122,29.505653,26.919855,26.247494,26.219719,22.276764,26.943089,25.550312,26.822414,28.835163,29.085451,31.452751,33.261143,34.14743,36.856594,35.261368,33.42077,37.04027,37.39368,41.81621,35.749977,39.3813,36.742493,38.866825,33.529373,32.956066,31.773344,29.583736,27.37091,23.897467,22.128056,22.184624,23.640213,25.921951,27.090422,30.755377,32.3985,32.15295,37.503048,35.60622,39.0729,42.002357,38.19223,33.927544,29.329493,29.224588,23.448278,22.736502,18.307278,17.67792,17.571207,20.267982,20.647861,24.594334,25.50993,26.584766,29.63492,32.334667,34.816452,37.758392,39.14117,35.458626,33.426247,38.126965,40.54218,37.74109,34.68573,33.375134,28.701836,26.58693,22.988045,21.059397
1,4.338566,0.0,5.359271,6.394364,8.608361,12.024877,13.933518,18.488188,21.299492,25.624525,27.474934,33.24693,30.098259,28.19671,24.0798,21.539837,17.998701,15.944828,12.846486,10.183538,9.529538,6.851436,11.154909,11.5325575,14.031251,16.005943,13.7299185,15.486543,15.865263,17.276897,19.71351,20.299913,25.252413,25.665415,29.360678,30.88061,33.91846,33.411453,30.83573,29.396566,26.901253,26.062847,23.383678,22.364897,22.395954,18.113176,22.871815,21.529518,22.732113,24.970541,25.123398,27.204357,29.213634,30.274538,32.76481,31.262848,29.216942,32.8778,33.11665,37.493008,31.420479,35.073326,32.477703,34.753563,29.450396,29.019093,28.047937,26.106222,24.130165,21.00926,19.342987,19.599115,20.191217,23.099472,23.78833,27.62117,29.229313,28.568092,34.043198,31.946886,35.287056,38.151577,34.20324,29.921633,25.40388,25.045973,19.361555,18.432436,13.997571,13.445893,13.6631155,16.455257,16.639835,20.567678,21.328114,22.532408,25.419146,28.436872,30.899864,33.891617,35.334972,31.8426,29.924717,34.612396,37.005737,34.327126,31.258364,30.176311,25.22164,23.543903,19.667809,18.342596
2,6.5527544,5.359271,0.0,5.2883735,6.845873,8.317154,11.554546,14.745354,18.424242,21.842794,24.346487,29.881855,26.23285,24.741333,19.987537,18.374979,14.66501,13.498385,11.251808,9.707094,10.834656,9.924552,14.563841,16.065208,18.439777,19.926847,16.797949,17.770166,16.89229,18.008297,19.313,19.93993,23.63881,23.901056,27.298204,28.406517,31.925783,31.565426,29.72576,28.283545,26.625664,25.572067,24.209713,22.768372,24.26082,20.451212,25.283266,24.605547,25.47912,28.378733,28.156366,29.324306,32.06846,33.55238,35.36544,33.940258,31.221586,34.480072,34.41101,38.712475,32.033684,35.393387,32.71856,34.426994,29.848452,28.432516,27.929308,25.6351,23.967316,21.459785,18.430527,17.556767,18.497465,20.259378,21.240423,24.77572,26.202013,26.24122,31.41742,29.755835,33.386173,36.488197,32.99102,28.855371,24.185839,24.904854,18.709637,18.997663,14.858077,15.289004,14.81822,16.630102,16.05774,21.058432,21.072683,21.570549,25.143705,27.0265,29.994534,32.44793,34.268463,30.567661,27.92421,32.416332,34.695194,31.664001,28.702007,27.083134,22.725689,20.238522,16.88733,14.615509
3,9.426715,6.394364,5.2883735,0.0,3.8175545,6.1669345,8.800146,12.73259,15.363139,19.799164,21.343916,27.207582,23.962925,21.880974,18.055244,15.2152605,11.71091,9.663944,6.624989,4.60697,5.876784,6.2415857,10.468787,13.068701,15.234801,16.052874,13.271739,12.9087715,11.862514,12.7236595,14.345984,14.891653,19.110455,19.68398,23.139223,24.682388,27.817862,27.246141,25.016043,23.505348,21.564363,20.552217,18.936445,17.711294,19.209044,16.149353,20.781992,20.851759,22.385284,24.954165,24.05825,25.627981,28.649805,29.717216,31.206167,29.517193,26.843042,29.785309,30.009466,34.623703,28.27661,31.857697,29.591576,31.906977,27.681995,26.542269,26.805374,25.110737,24.0006,22.154188,19.420471,18.727,17.73341,20.441053,20.152025,23.929487,24.849852,23.950222,29.257767,26.794956,30.215332,32.957104,29.25996,24.997482,20.302769,20.687843,14.909228,15.493308,11.524227,12.834252,13.65272,15.556823,13.855486,19.219244,18.061665,18.312695,21.505932,23.319965,25.64417,28.597914,29.855953,26.095015,24.035446,28.811697,31.34344,28.798975,25.612425,25.005005,19.869726,18.393297,14.927129,13.70955
4,12.0966835,8.608361,6.845873,3.8175545,0.0,5.8614755,5.370165,10.364666,12.767162,17.33373,19.058516,24.7704,22.137423,20.367834,16.680546,13.674802,10.9728365,8.047714,7.0722446,4.3675914,7.884999,8.605536,12.041898,14.886581,16.170544,16.82924,12.576841,13.006396,11.013034,12.742009,13.020556,15.250571,18.307037,19.949804,22.691198,24.524382,27.681887,26.670063,24.865303,22.866083,21.621965,19.594395,18.590532,16.43869,18.716745,15.064416,19.770819,19.819355,20.68466,23.9319,23.143587,23.626707,27.027622,28.704958,29.779156,28.437595,25.213861,28.195269,27.949217,32.257057,25.50125,28.868809,26.419409,28.42149,24.376404,22.915983,23.327988,21.615906,20.761827,19.450035,16.361301,15.482673,13.977651,16.815222,16.37725,20.204939,21.248396,20.382437,25.758455,23.542025,27.00487,29.94989,26.284271,22.091602,17.43687,18.078707,11.90364,12.688367,8.966898,10.731166,11.108848,12.383715,10.303502,16.021952,14.735334,14.964338,18.446266,20.353176,23.252342,25.801104,27.640808,24.149319,21.647491,26.187912,28.509602,25.75118,22.685575,21.71037,16.675848,15.138957,11.37153,10.499792
5,14.138478,12.024877,8.317154,6.1669345,5.8614755,0.0,6.955044,7.533491,11.142954,14.467378,16.523977,22.17721,18.270523,16.493946,12.076726,10.163141,6.363377,6.0873823,5.4396977,6.771349,9.895033,11.895993,15.443154,18.719494,20.634083,20.885157,17.667513,16.236437,13.751915,13.902527,13.649327,14.107977,16.089539,16.544632,19.408653,20.47159,24.15156,23.717346,22.524416,21.032322,20.372473,19.12047,19.508984,17.892385,21.253536,19.299751,23.56046,24.570515,25.852737,28.897741,27.461855,28.063536,31.87393,33.237785,33.822002,32.188858,28.84765,31.050344,30.995655,35.497353,28.719198,31.886887,29.770842,31.534586,28.536032,26.30514,27.48372,25.684155,25.216486,24.367186,20.454138,18.549503,17.104162,18.464445,17.846214,21.114267,21.380526,21.052042,25.819395,23.612389,27.29435,30.143688,27.103554,23.130474,18.393957,20.258282,14.440272,16.862335,13.928399,16.347788,16.715311,17.391449,14.490784,20.79129,18.274483,17.328892,21.12224,21.059404,23.721052,26.031456,27.520733,23.485857,20.629414,25.169868,27.639626,24.857513,21.750978,20.921892,16.436985,14.262977,11.957066,9.840514
6,17.362488,13.933518,11.554546,8.800146,5.370165,6.955044,0.0,6.428061,7.898822,12.656139,14.314395,19.820549,17.943544,16.485361,13.426271,10.142392,9.097613,5.516537,8.0726,6.8498707,11.337107,13.0838585,15.465191,18.854828,19.394543,19.432636,14.445476,14.358068,10.976019,12.85872,10.864412,14.729572,15.598132,18.463495,20.088413,22.174448,25.309834,23.815937,22.781588,20.290556,20.259161,17.123571,17.644905,14.526862,18.427774,15.373378,19.55422,20.374533,20.745586,24.548635,23.348192,22.477789,26.652256,28.80774,28.907179,27.836733,23.85935,26.29849,25.564812,29.576704,22.395317,25.36731,23.009708,24.621235,21.674747,19.386063,20.83913,19.369003,19.417862,19.490124,15.750957,14.149748,10.907644,13.460264,11.922204,15.628741,16.20388,15.1825285,20.467592,18.282658,21.854155,24.940704,21.548529,17.532928,12.89808,14.575422,8.249612,10.750875,8.711738,11.701569,11.903786,11.641087,7.8908834,14.358974,11.472806,10.68883,14.695846,15.571132,19.061636,21.012838,23.40003,20.095316,16.94557,21.19513,23.34882,20.431145,17.438477,16.373714,11.344871,9.940679,6.210068,6.3631945
7,21.075668,18.488188,14.745354,12.73259,10.364666,7.533491,6.428061,0.0,4.962543,7.159414,9.931217,15.166232,12.077208,11.150987,7.2390833,5.7414074,5.797808,5.720737,9.87063,11.247031,15.409028,17.874146,20.45874,24.159582,25.126446,24.87823,20.54721,19.173515,15.4262295,15.961487,12.979694,15.529632,13.941246,16.232143,17.083055,18.386644,22.09699,20.944872,21.166473,18.984776,20.268772,17.476486,19.984478,17.191946,22.319952,20.793295,24.428902,26.07342,26.600239,30.338861,28.624392,27.496065,32.08547,34.131138,33.58301,32.394775,28.176363,29.712423,28.95662,32.87149,25.682337,28.133423,26.14803,27.144743,25.699812,22.390108,24.718563,23.16248,23.723375,24.433598,19.854866,17.123995,14.19702,14.43929,12.683714,15.224887,14.64035,14.624768,18.802994,16.993309,20.850086,23.934202,21.582043,18.153656,13.823303,17.25235,12.040485,16.018673,14.885303,18.078705,18.056976,17.202242,13.225657,19.560255,15.68938,13.505286,17.661837,15.76364,19.27341,20.390146,22.77214,19.08972,15.023374,18.863115,20.966187,17.780077,14.917174,13.604518,9.93169,7.180303,6.71321,5.0197864
8,24.428053,21.299492,18.424242,15.363139,12.767162,11.142954,7.898822,4.962543,0.0,6.100704,6.428858,12.094,10.818723,9.385364,8.494838,4.838681,7.755752,6.349575,11.223655,12.456223,16.475376,19.327732,20.86412,24.846252,25.197067,24.407598,20.13996,18.17475,14.004722,14.521032,10.214002,14.017943,10.917871,14.821341,14.596218,16.70141,19.750872,17.871939,18.266962,15.541568,17.545029,13.794022,17.182007,13.94298,19.806797,19.148525,22.025396,24.37205,24.958841,28.577646,26.395308,24.800175,29.733833,31.716938,30.486052,29.359812,24.90375,25.862305,25.012417,28.85217,21.903065,24.215023,22.700068,23.995428,23.447197,20.213913,23.491278,22.64569,23.874647,25.34461,21.267244,18.934935,14.350944,15.405919,12.080909,14.438373,13.039308,11.562886,15.680367,12.839808,16.497078,19.293013,16.867504,13.479297,9.3107815,13.283869,9.379285,14.188127,14.38116,18.049614,18.648064,17.459896,12.775626,18.585392,13.401325,10.39904,14.050162,11.087764,14.386041,15.527661,17.82904,14.287893,10.158943,14.212709,16.519922,13.794825,10.615295,10.842659,5.97231,5.922449,6.3307257,7.754933
9,28.215834,25.624525,21.842794,19.799164,17.33373,14.467378,12.656139,7.159414,6.100704,0.0,4.944189,8.412621,6.2335567,7.1271677,6.1594105,7.0713754,10.394738,11.319182,15.941722,17.73034,21.762457,24.567476,26.575869,30.50969,31.093483,30.421656,26.042435,24.211962,20.075329,20.282158,15.986829,18.806854,14.199229,17.212185,15.959814,16.986433,20.442959,18.911303,20.79894,18.4787,21.574442,18.221142,22.60199,19.577232,25.690605,25.199657,27.975714,30.317461,30.563522,34.431313,32.31879,30.18458,35.24263,37.491074,35.939857,34.982857,30.334295,30.895704,29.759008,33.093884,26.113913,27.706257,26.237099,26.509771,27.029104,22.909084,26.41104,25.28182,26.753807,28.642832,23.899027,20.767809,17.058039,16.009321,13.23335,14.035663,11.76049,12.179213,14.4398575,13.101803,16.821592,19.762402,18.764029,16.498962,13.47865,18.209827,14.965147,19.70191,19.988672,23.441431,23.391846,21.722204,17.427727,22.961432,18.114307,14.891526,18.50459,14.016737,17.56383,17.150751,19.954567,16.754265,11.726929,14.090779,15.704191,12.333095,10.079783,8.807805,7.943188,5.8635645,9.399348,9.253772
10,30.389668,27.474934,24.346487,21.343916,19.058516,16.523977,14.314395,9.931217,6.428858,4.944189,0.0,6.033261,6.0360217,5.2423306,8.293445,6.996454,11.408623,11.853219,16.370409,18.371569,21.995388,25.18404,26.383131,30.536713,30.838314,29.67751,25.884283,23.153143,18.97844,18.71058,13.943517,16.723356,10.793951,14.708682,12.422815,14.097149,16.829596,14.733594,16.88246,14.343321,18.131742,14.533456,19.745546,16.94457,23.367115,24.09377,26.110209,29.19038,29.857447,33.27495,30.605488,28.634129,33.833576,35.660175,33.60471,32.48764,27.925787,27.765903,26.87249,30.337162,23.992762,25.58354,24.800993,25.678778,26.871218,23.185745,27.36406,26.874662,28.687376,30.830751,26.623232,23.970938,19.220543,19.243181,15.501283,16.405607,13.603355,12.270107,14.147609,11.209595,14.385572,16.562418,15.640782,13.577817,11.114473,15.91944,14.292108,19.3339,20.3254,24.080263,24.754225,23.223661,18.49861,23.663223,17.896967,14.266437,16.958378,11.310709,13.655007,13.530694,15.47377,12.108537,7.2987804,10.055909,12.3102255,10.089498,7.3050575,9.310743,7.3985057,8.531001,11.514948,12.765899
11,36.092873,33.24693,29.881855,27.207582,24.7704,22.17721,19.820549,15.166232,12.094,8.412621,6.033261,0.0,6.579,8.276222,12.2717495,12.758266,17.052893,17.838736,22.377115,24.346277,28.023254,31.180712,32.319218,36.46409,36.585995,35.346478,31.37118,28.817024,24.620811,24.404118,19.432125,22.205246,15.486774,19.123241,15.6739,16.731678,18.85891,16.68207,20.115267,17.80298,22.473711,18.855906,24.64484,21.819153,28.327782,29.277039,30.855133,34.05419,34.343582,37.903473,35.21327,32.47461,37.79785,39.8737,37.226852,36.405815,31.6552,30.909534,29.64325,32.351994,26.402887,27.104134,26.679708,26.723133,29.346556,25.174463,29.835344,29.54056,31.824347,34.620564,30.298897,27.401554,22.727709,21.784588,18.045452,17.583887,13.993924,13.385804,12.674305,10.960736,13.251431,14.984906,15.901635,15.46969,14.714894,19.660063,19.145838,24.04729,25.581442,29.240158,29.634392,27.634418,23.10358,27.593685,21.876108,18.12642,20.258303,13.594356,15.68581,13.692942,16.040104,13.942108,9.306044,8.6685915,9.6010895,7.642257,6.9668627,8.970443,10.772558,11.904436,15.8796625,17.114412
12,32.369846,30.098259,26.23285,23.962925,22.137423,18.270523,17.943544,12.077208,10.818723,6.2335567,6.0360217,6.579,0.0,3.8785844,6.6724944,9.275533,12.787253,15.086474,19.099321,21.80155,25.272331,28.49115,30.274593,34.40297,35.242462,34.2485,30.71297,27.779303,23.764248,22.9931,18.862226,20.05502,14.090386,15.917573,13.556617,13.488958,16.890371,15.8952055,19.041168,17.481598,21.43047,19.08163,24.433533,22.250868,28.530867,29.396809,31.668892,34.69626,35.47461,38.897213,36.240353,34.564167,39.715958,41.455036,39.533573,38.276962,33.841568,33.584164,32.831783,36.279533,29.98264,31.406622,30.575806,31.009024,32.32921,28.26863,32.205055,31.300306,32.92007,34.853294,30.119709,26.93466,23.251259,22.062912,19.234192,19.518686,16.635298,16.843246,17.628809,15.9824295,18.970392,20.980536,20.978222,19.420204,17.141836,21.928656,19.801275,24.7852,25.19088,28.838787,29.18676,27.722212,23.243534,28.768053,23.427195,19.926846,22.904322,17.199825,19.278957,18.720938,20.29232,16.936,12.639434,14.1785755,15.8554,13.642002,11.945705,12.558303,12.718167,11.956494,15.490434,15.206149
13,30.578053,28.19671,24.741333,21.880974,20.367834,16.493946,16.485361,11.150987,9.385364,7.1271677,5.2423306,8.276222,3.8785844,0.0,6.0252533,6.758286,10.443696,12.728144,16.395176,19.366432,22.479996,25.903044,27.375463,31.583696,32.476746,31.303715,28.314144,24.779942,20.903156,19.70486,15.8210945,16.382702,10.361918,12.096586,9.89772,10.215571,13.719306,12.707584,15.387378,13.909108,17.640512,15.677968,20.987545,19.22855,25.375675,26.801126,28.92775,32.221962,33.46318,36.50537,33.595093,32.548943,37.61166,38.931522,37.125378,35.59861,31.430199,31.089472,30.732014,34.59862,28.576107,30.41087,29.763554,30.87059,31.772514,28.208979,32.12714,31.391346,32.875675,34.519066,30.09205,27.246675,23.202776,22.927254,19.811302,20.796297,18.132988,17.402924,19.015709,16.312506,19.235468,20.944431,20.306885,18.259575,15.601474,20.003683,18.032127,23.028042,23.320057,27.08352,27.907806,26.827635,22.15934,27.839693,22.238562,18.793167,21.547127,16.130077,17.455555,17.90356,18.618042,14.6955185,11.115251,13.82545,16.196192,14.578661,12.17747,14.001028,12.391043,12.429669,15.116195,15.158364
14,26.019417,24.0798,19.987537,18.055244,16.680546,12.076726,13.426271,7.2390833,8.494838,6.1594105,8.293445,12.2717495,6.6724944,6.0252533,0.0,5.437875,7.004864,10.308812,13.703673,16.62539,19.999851,23.019985,25.423197,29.365822,30.70443,30.087584,26.714529,23.985577,20.27172,19.49387,16.389568,16.877995,13.151914,13.914335,13.81823,13.763988,17.967274,17.554443,19.14195,17.769745,20.1748,18.454967,22.480043,20.550337,26.21051,26.334732,29.371536,31.859196,32.88262,36.2364,33.897312,33.064175,37.883045,39.47514,38.419067,36.934875,32.802418,33.38121,32.927708,36.91963,30.220837,32.355045,30.988142,31.862028,31.630434,27.964273,31.000269,29.618696,30.517368,31.522465,26.733551,23.633686,20.809797,20.037222,18.056488,19.449148,17.66715,18.013878,20.564663,18.732483,22.295538,24.791464,23.561916,20.879639,17.281145,21.447163,17.666393,22.256708,21.54127,24.963749,25.238995,24.365252,20.180403,26.36848,21.746632,18.847752,22.485798,18.482271,20.955952,21.623375,23.145403,19.130913,15.123868,18.31184,20.46465,17.792707,15.281188,14.957659,13.055145,10.946764,12.928223,11.36882
15,24.141142,21.539837,18.374979,15.2152605,13.674802,10.163141,10.142392,5.7414074,4.838681,7.0713754,6.996454,12.758266,9.275533,6.758286,5.437875,0.0,4.4703336,5.9921756,9.918796,12.660806,16.01014,19.289116,21.026608,25.146378,26.139297,25.246758,22.058916,18.927914,15.102961,14.32748,10.956173,12.122725,8.808624,11.020652,11.364509,12.766018,16.365812,15.263296,15.747204,13.81462,15.706712,13.467872,17.165373,15.127026,20.792517,21.20554,24.034426,26.766294,28.084265,31.164495,28.61604,28.080252,32.864414,34.209705,33.156902,31.563992,27.551514,28.16868,27.922861,32.198082,25.726566,28.241577,27.041977,28.640322,28.045832,25.011242,28.166548,27.20032,28.148685,29.117893,24.940155,22.485575,18.633492,19.365278,16.593122,18.78211,17.186945,16.09084,19.585428,16.591316,20.02297,22.314426,20.240164,16.993965,12.977596,16.620955,13.050209,17.694847,17.20955,20.868639,21.785177,21.175295,16.636322,22.745327,17.6728,14.828572,18.126822,14.745412,16.75815,18.401794,19.493214,15.263629,11.885507,16.157267,18.812754,16.624264,13.471185,14.414251,10.398324,9.906097,10.609549,10.4947405
16,20.206318,17.998701,14.66501,11.71091,10.9728365,6.363377,9.097613,5.797808,7.755752,10.394738,11.408623,17.052893,12.787253,10.443696,7.004864,4.4703336,0.0,4.569239,6.742328,10.048307,13.056594,16.186804,18.568218,22.490704,24.058304,23.511194,20.722475,17.68658,14.412772,13.46554,11.696723,11.521523,10.951171,11.427544,13.515555,14.437623,18.27392,17.837671,17.431076,16.033411,16.558737,15.355653,17.638151,16.176714,20.892546,20.78571,24.177778,26.424725,28.011648,30.901152,28.618534,28.901003,33.296227,34.42232,34.072983,32.28377,28.667362,29.830603,29.8716,34.430233,27.92452,30.817085,29.325062,31.127008,29.53809,26.852568,29.257507,27.941292,28.293629,28.45732,24.329424,22.019005,19.138979,20.07001,18.174524,20.844631,19.942163,19.203419,23.216642,20.459106,23.994526,26.416548,23.955206,20.34905,15.920792,18.77051,14.215804,18.115759,16.530203,19.831512,20.712095,20.730204,16.695776,23.09553,18.883991,16.74585,20.260159,18.175049,20.177711,22.319504,23.244848,18.900364,16.020723,20.510256,23.185947,20.859434,17.690351,17.995625,13.7267685,12.37209,11.830991,10.590756
17,18.959286,15.944828,13.498385,9.663944,8.047714,6.0873823,5.516537,5.720737,6.349575,11.319182,11.853219,17.838736,15.086474,12.728144,10.308812,5.9921756,4.569239,0.0,4.889187,6.7284594,10.468937,13.507236,15.447202,19.436028,20.46168,19.880274,16.500357,13.945154,10.370296,10.368286,8.292882,10.267701,10.810899,13.000694,14.95574,16.898176,20.08353,18.929363,17.827082,15.746444,15.758458,13.508493,14.889175,12.7250595,17.282797,16.450634,20.000439,22.03074,23.460571,26.476353,24.349693,24.43705,28.794407,30.101732,29.84748,28.214552,24.510187,26.078339,25.981861,30.523836,23.93556,27.035646,25.402637,27.509405,25.435085,23.188833,25.44889,24.359253,24.714127,24.91084,21.2637,19.4943,15.935235,17.989525,15.738387,18.951092,18.467028,16.991035,21.697178,18.627794,22.068161,24.577827,21.472729,17.496157,12.803168,14.957102,9.954176,13.590201,12.059471,15.508867,16.675407,16.762344,12.586763,18.860966,14.672803,12.9127245,16.339441,15.488094,17.716225,20.24434,21.450682,17.427145,14.806202,19.574427,22.243032,19.955091,16.639053,17.05237,11.745902,11.191809,9.28264,9.292674
18,15.60015,12.846486,11.251808,6.624989,7.0722446,5.4396977,8.0726,9.87063,11.223655,15.941722,16.370409,22.377115,19.099321,16.395176,13.703673,9.918796,6.742328,4.889187,0.0,4.1524477,6.3212886,9.631497,11.873672,15.76974,17.515713,17.099468,15.0164995,11.840351,9.501027,8.720193,9.479141,8.991344,12.625341,13.167182,16.534588,18.2281,21.228533,20.633965,18.510864,17.08887,15.54212,14.776836,14.403934,13.511273,16.461468,15.749006,19.535286,21.285564,23.438763,25.752668,23.673027,25.170532,28.93405,29.586872,30.075113,28.05519,25.103704,26.989311,27.485546,32.41337,26.326855,29.84392,28.246227,30.85557,27.950102,26.417728,28.048948,26.896446,26.69421,26.002668,22.890362,21.640158,18.869913,21.410011,19.732386,23.224495,23.104692,21.56279,26.4553,23.215464,26.48902,28.771393,25.363598,21.208185,16.540047,17.579298,12.721666,15.086739,12.493698,15.333751,16.984873,18.086796,14.6804695,20.629179,17.305779,16.335522,19.301413,19.47586,20.972935,24.184757,24.684324,20.532747,18.835312,23.831005,26.67451,24.67316,21.29857,21.923042,16.471598,15.923002,13.473805,13.001186
19,13.728848,10.183538,9.707094,4.60697,4.3675914,6.771349,6.8498707,11.247031,12.456223,17.73034,18.371569,24.346277,21.80155,19.366432,16.62539,12.660806,10.048307,6.7284594,4.1524477,0.0,4.4969983,6.8834925,9.281616,12.952285,14.298481,14.267437,11.272467,9.578776,7.604403,8.561224,9.774495,11.188141,15.29297,16.763044,19.841698,21.933086,24.678967,23.688808,21.315876,19.487217,17.645567,16.13032,14.617835,13.132623,15.169653,12.817736,17.156616,18.080175,19.922277,22.446198,20.911541,22.311188,25.778503,26.729328,27.652382,25.876677,22.966042,25.552788,25.84225,30.604893,24.4188,28.072563,26.15076,28.844728,25.148005,24.103802,25.135477,23.982424,23.484537,22.45445,19.87309,19.229057,16.59619,19.915924,18.518064,22.345282,22.820135,21.121227,26.436478,23.377224,26.574072,29.036633,25.21272,20.90183,16.255627,16.441015,11.104613,12.2211895,8.927309,11.359725,13.118213,14.635742,11.815596,17.344046,14.945187,14.848046,17.69366,19.360868,21.253128,24.499315,25.45396,21.753942,20.091755,24.993368,27.651463,25.501503,22.205177,22.416685,16.745678,16.296194,12.880786,12.872471
20,12.693702,9.529538,10.834656,5.876784,7.884999,9.895033,11.337107,15.409028,16.475376,21.762457,21.995388,28.023254,25.272331,22.479996,19.999851,16.01014,13.056594,10.468937,6.3212886,4.4969983,0.0,3.8114958,5.79462,9.484777,11.636492,11.593194,10.840099,8.089488,8.17821,8.113559,11.598334,11.053868,16.963783,17.45439,21.249012,23.255674,25.618458,24.963095,21.813116,20.504372,17.503277,17.203037,14.275907,14.133572,14.430115,12.754926,16.801813,17.634222,20.356674,21.86513,20.225573,23.11393,25.933752,26.040112,27.560755,25.3781,23.337982,25.981194,26.896555,31.957481,26.522968,30.455532,28.783157,31.980482,27.907112,27.53191,28.285666,27.302303,26.52697,24.94542,23.055794,22.890432,20.57092,24.17733,22.86748,26.748512,27.232374,25.274555,30.58669,27.197817,30.16799,32.301937,28.304993,23.963615,19.517715,18.927385,14.460111,14.745875,11.315275,12.919867,15.294078,17.55141,15.365663,20.10863,18.156342,18.412182,20.609245,22.687382,23.759626,27.558386,27.772022,24.026386,23.195366,28.258045,31.096783,29.329063,25.959122,26.6673,20.826092,20.70373,17.337715,17.315134
21,10.161128,6.851436,9.924552,6.2415857,8.605536,11.895993,13.0838585,17.874146,19.327732,24.567476,25.18404,31.180712,28.49115,25.903044,23.019985,19.289116,16.186804,13.507236,9.631497,6.8834925,3.8114958,0.0,4.708575,6.903576,9.536299,10.486265,9.82338,9.221954,10.369409,11.191813,14.761297,14.733884,20.702173,21.236914,25.057322,27.033165,29.418741,28.755268,25.526804,24.18081,21.015247,20.60062,17.095177,16.83093,16.14047,13.147681,17.470093,17.172129,19.646858,21.03831,20.164888,23.316628,25.508347,25.69594,27.91016,25.904255,24.215588,27.441282,28.274513,33.13506,27.77379,31.74805,29.79386,32.93548,28.125492,28.16346,28.158209,27.017426,25.752184,23.492132,22.170193,22.519606,21.004944,24.813097,24.087463,28.079687,29.03866,27.273561,32.766094,29.677788,32.650616,34.942688,30.77513,26.409935,22.037718,21.018555,16.363585,15.580481,11.615095,12.02984,14.167072,17.005987,15.894,19.91618,19.212132,20.141445,22.266642,25.220848,26.584896,30.301607,30.80735,27.292973,26.378363,31.34576,34.051304,32.09854,28.810297,29.058731,23.32277,22.92029,19.147825,18.957985
22,14.396843,11.154909,14.563841,10.468787,12.041898,15.443154,15.465191,20.45874,20.86412,26.575869,26.383131,32.319218,30.274593,27.375463,25.423197,21.026608,18.568218,15.447202,11.873672,9.281616,5.79462,4.708575,0.0,4.309553,6.0984974,6.1113305,7.8563437,5.936569,8.849902,9.577177,14.025783,14.021218,20.571688,21.484356,25.150759,27.558037,29.274967,28.359499,24.575064,23.212929,19.443558,19.181625,14.488704,14.872983,12.599352,10.286393,13.910431,13.892317,17.272846,17.677217,16.37282,20.607792,22.42514,21.869345,24.242819,21.957674,20.906898,24.080929,25.374355,30.39893,25.898912,30.065828,28.533138,32.29022,27.527712,28.284094,28.517313,27.967241,26.96718,24.997923,24.410269,25.195126,22.78763,27.233055,25.868896,29.884588,30.654287,28.162134,33.616127,30.01031,32.552498,34.40588,30.002546,25.697887,21.750511,19.793613,16.409864,15.034882,11.851712,12.184849,15.317924,18.223234,16.993881,20.112564,19.127518,20.254053,21.452187,24.914885,25.446507,29.638353,29.53911,26.332355,26.311886,31.275192,34.062454,32.653538,29.354996,30.37941,24.310827,24.838598,21.087645,21.744234
23,14.181433,11.5325575,16.065208,13.068701,14.886581,18.719494,18.854828,24.159582,24.846252,30.50969,30.536713,36.46409,34.40297,31.583696,29.365822,25.146378,22.490704,19.436028,15.76974,12.952285,9.484777,6.903576,4.309553,0.0,4.065212,5.8191075,9.045085,9.376061,12.763679,13.755311,18.19775,18.178122,24.861662,25.592403,29.384487,31.72133,33.390846,32.552555,28.617947,27.357313,23.356808,23.257801,18.153189,18.667093,15.4471655,12.434588,15.719286,14.468053,17.709698,17.458082,17.039022,21.866535,22.710184,21.892736,25.13875,22.982162,22.6499,26.255651,27.613218,32.396847,28.309847,32.483383,30.815746,34.593647,29.205717,30.488556,30.022226,29.42949,27.990181,25.378325,25.538708,26.842024,25.129467,29.70292,28.790071,32.852993,33.966415,31.589046,37.137653,33.718292,36.201263,38.094105,33.567234,29.30052,25.500734,23.175018,19.885002,17.709959,14.395262,13.580273,16.424334,19.765345,19.523241,21.74674,21.8834,23.523857,24.527935,28.635412,29.236448,33.40982,33.390434,30.384014,30.428946,35.32186,38.02939,36.558136,33.31905,34.08688,28.099344,28.456396,24.475372,24.987684
24,17.198895,14.031251,18.439777,15.234801,16.170544,20.634083,19.394543,25.126446,25.197067,31.093483,30.838314,36.585995,35.242462,32.476746,30.70443,26.139297,24.058304,20.46168,17.515713,14.298481,11.636492,9.536299,6.0984974,4.065212,0.0,3.1763406,6.729453,8.594364,12.250493,14.034661,18.000927,19.155157,25.408052,26.972254,30.285767,33.00714,34.399704,33.140373,29.200407,27.581177,23.748186,22.95884,17.540752,17.646854,13.7083235,9.842599,12.715497,10.731693,14.054216,13.439166,13.358809,18.326471,18.77339,17.979294,21.455984,19.518696,19.3839,23.33849,24.592352,29.138296,25.462332,29.625166,28.030354,32.01778,26.473621,28.336535,27.784622,27.599161,26.31464,23.975706,24.790413,26.521643,24.306269,29.34231,28.155554,32.18448,33.37868,30.632069,36.15109,32.682217,34.856438,36.613544,31.924904,27.792515,24.411663,21.42801,18.870146,15.911915,13.24812,11.992133,15.225876,18.484745,18.520752,19.680698,20.157131,22.203356,22.588095,27.42355,27.90867,32.06704,32.136013,29.609406,29.912289,34.58109,37.140438,35.8505,32.744793,33.659733,27.659056,28.511847,24.42267,25.562237
25,19.32887,16.005943,19.926847,16.052874,16.82924,20.885157,19.432636,24.87823,24.407598,30.421656,29.67751,35.346478,34.2485,31.303715,30.087584,25.246758,23.511194,19.880274,17.099468,14.267437,11.593194,10.486265,6.1113305,5.8191075,3.1763406,0.0,6.9755535,6.6500587,10.729455,12.141322,16.26635,17.282393,23.541452,25.243975,28.390816,31.273285,32.32985,30.969606,26.862057,25.27017,21.287403,20.610044,14.866018,15.381851,10.853172,8.24887,10.382419,9.520202,13.691428,12.584058,11.450375,17.02621,17.772047,16.432463,19.495798,17.20001,17.22264,20.807497,22.402208,27.203255,23.927038,28.166897,26.958527,31.262054,26.226707,28.112324,28.144726,28.26698,27.388119,25.582806,26.192787,27.7225,24.788862,29.911745,28.202753,32.170635,33.036045,29.919943,35.297245,31.470495,33.43849,34.89992,30.215668,26.152552,22.978357,19.767292,17.96847,15.327306,13.302194,12.789528,16.452114,19.37287,18.729242,20.027975,19.61661,21.369259,21.356895,25.938776,25.863659,30.265465,29.885983,27.42971,28.20349,32.864483,35.50851,34.563118,31.437923,32.8979,26.76486,28.103182,24.245077,25.727835
26,17.844843,13.7299185,16.797949,13.271739,12.576841,17.667513,14.445476,20.54721,20.13996,26.042435,25.884283,31.37118,30.71297,28.314144,26.714529,22.058916,20.722475,16.500357,15.0164995,11.272467,10.840099,9.82338,7.8563437,9.045085,6.729453,6.9755535,0.0,6.851661,8.429235,11.869622,14.001116,17.429314,22.197472,25.014526,27.520937,30.521614,32.147327,30.365953,27.132877,24.813139,22.107697,19.761316,15.483777,13.819817,11.714902,5.254308,9.789187,7.8594685,9.831005,11.708523,11.54907,13.90451,15.811228,16.76448,19.052649,17.766369,15.8832855,20.095388,20.399773,24.69926,19.849962,23.88778,21.924387,25.608028,20.203709,21.692268,21.469679,21.371845,20.528809,19.039919,19.452883,21.060184,18.018948,23.305815,21.795872,25.768633,27.019491,24.200407,29.731567,26.521765,28.72506,30.760592,26.07597,21.956274,18.607555,15.7101,12.769289,9.294228,6.877921,5.862267,9.686751,12.426729,12.099437,13.2131815,13.481149,15.767228,16.298481,21.532984,22.78978,26.447783,27.361332,25.110416,24.79092,29.171154,31.468596,29.930456,26.99276,27.572512,21.749544,22.773602,18.604626,20.344381
27,19.272396,15.486543,17.770166,12.9087715,13.006396,16.236437,14.358068,19.173515,18.17475,24.211962,23.153143,28.817024,27.779303,24.779942,23.985577,18.927914,17.68658,13.945154,11.840351,9.578776,8.089488,9.221954,5.936569,9.376061,8.594364,6.6500587,6.851661,0.0,4.2715173,5.7854533,9.633256,11.333806,17.037855,19.280394,22.07342,25.089613,26.291561,24.74709,21.001726,19.10666,15.697287,14.3942585,9.421553,9.32014,6.9773726,5.803368,8.900341,10.64181,14.383186,14.95981,12.4766655,16.201342,18.861814,18.373531,19.674862,17.321642,15.673248,18.440739,19.750856,24.957052,20.659964,24.865362,23.786709,27.923239,23.95387,24.793802,25.93988,26.01633,25.788773,24.924223,24.287598,24.961477,21.088179,25.877264,23.522203,27.373611,27.70841,24.469746,29.704323,25.623917,27.75581,29.241468,24.747952,20.552948,17.03883,14.499965,12.478644,11.3549385,9.7607765,11.275745,15.049718,17.147314,14.916734,17.754515,15.410649,16.228054,16.63366,20.089014,20.02385,24.442698,24.063644,21.210007,21.756235,26.561386,29.332508,28.40604,25.178543,26.978472,20.745087,22.347998,18.90616,20.632366
28,19.822977,15.865263,16.89229,11.862514,11.013034,13.751915,10.976019,15.4262295,14.004722,20.075329,18.97844,24.620811,23.764248,20.903156,20.27172,15.102961,14.412772,10.370296,9.501027,7.604403,8.17821,10.369409,8.849902,12.763679,12.250493,10.729455,8.429235,4.2715173,0.0,4.1611757,5.813788,9.462883,13.818075,16.87327,19.133862,22.253544,23.744167,21.947872,18.824226,16.482143,14.107215,11.680707,8.433247,6.647265,7.758287,6.720428,10.052255,12.409986,15.159622,16.919714,14.34147,16.206001,19.872934,20.242971,20.5972,18.589973,15.776623,18.117622,18.833075,23.946148,18.741625,22.75115,21.571264,25.34666,22.039427,22.08624,23.84621,23.837132,24.019194,23.7988,22.405348,22.538065,18.109959,22.608067,19.884293,23.62433,23.70096,20.47023,25.653322,21.582922,23.912062,25.597666,21.246935,16.952307,13.090592,11.295041,8.644826,8.886983,7.829868,10.677,14.040418,15.364565,12.141641,15.93202,12.418453,12.558059,13.497502,16.2166,16.638271,20.796158,20.86225,17.809711,17.775116,22.614925,25.368252,24.255032,20.997524,22.762794,16.517426,18.231121,15.021106,17.011087
29,20.755932,17.276897,18.008297,12.7236595,12.742009,13.902527,12.85872,15.961487,14.521032,20.282158,18.71058,24.404118,22.9931,19.70486,19.49387,14.32748,13.46554,10.368286,8.720193,8.561224,8.113559,11.191813,9.577177,13.755311,14.034661,12.141322,11.869622,5.7854533,4.1611757,0.0,5.401761,5.670088,11.438043,13.542688,16.325233,19.309042,20.573877,19.154158,15.552726,13.762532,10.607454,9.657339,6.2554097,6.688948,8.02907,10.056956,12.289261,15.47024,18.83304,19.874397,16.704573,19.40139,22.973867,22.578455,22.730635,20.230124,17.916084,19.35308,20.68595,26.092113,21.453705,25.393555,24.668566,28.525663,25.811407,25.611902,27.744997,27.70465,27.962938,27.72002,25.992296,25.75456,21.415552,25.420677,22.561453,26.124063,25.733831,22.539505,27.37718,22.966421,25.252367,26.575188,22.543396,18.399645,14.610695,13.445699,11.515585,12.812102,11.795365,14.651707,17.902874,19.246035,15.747836,19.9786,15.957381,15.382485,16.3055,17.601877,17.107359,21.59512,20.70807,17.134325,17.68256,22.738974,25.785194,25.04442,21.66447,24.071138,17.878456,19.63346,17.059557,18.631788
30,23.401653,19.71351,19.313,14.345984,13.020556,13.649327,10.864412,12.979694,10.214002,15.986829,13.943517,19.432125,18.862226,15.8210945,16.389568,10.956173,11.696723,8.292882,9.479141,9.774495,11.598334,14.761297,14.025783,18.19775,18.000927,16.26635,14.001116,9.633256,5.813788,5.401761,0.0,6.9613523,8.411621,12.660199,13.911954,17.285414,18.709389,16.584682,14.141408,11.356086,10.482084,6.8441916,7.207331,4.497196,9.884972,11.437558,13.393247,16.907158,19.212254,21.272861,18.106836,18.730282,23.200274,23.73153,22.818823,20.865026,17.36692,18.265379,18.773287,23.821676,18.416927,21.950716,21.270836,24.698936,23.037052,22.062965,25.023994,25.120432,26.007982,26.70714,24.42809,23.710575,18.54656,22.167679,18.64503,21.858934,21.021326,17.582672,22.16632,17.633177,19.965511,21.408422,17.548763,13.409934,9.46381,9.404028,7.82896,10.923025,11.29215,14.9471855,17.642193,17.934185,13.572925,18.116667,12.812013,11.204388,12.359409,12.388095,12.329999,16.466166,16.175608,12.542853,12.430821,17.465986,20.453037,19.653324,16.289495,18.974106,12.826057,15.253177,13.316489,15.610352
31,23.159552,20.299913,19.93993,14.891653,15.250571,14.107977,14.729572,15.529632,14.017943,18.806854,16.723356,22.205246,20.05502,16.382702,16.877995,12.122725,11.521523,10.267701,8.991344,11.188141,11.053868,14.733884,14.021218,18.178122,19.155157,17.282393,17.429314,11.333806,9.462883,5.670088,6.9613523,0.0,7.473345,8.018531,11.354763,14.019338,15.292166,14.430285,10.798416,9.813333,6.718945,7.9295654,7.653362,9.245717,12.180615,15.599695,17.259794,20.966127,24.288712,25.309402,21.796528,24.246298,28.111027,27.518042,27.0971,24.43279,22.082582,22.439034,23.929152,29.331339,24.829042,28.422787,28.058987,31.61705,29.8819,28.95844,31.698732,31.523533,32.035957,32.07537,29.61724,28.686815,24.361021,27.467964,24.418005,27.567839,26.50719,23.594341,27.793192,23.232124,25.56262,26.589378,23.266518,19.490606,15.8388405,16.088367,14.527243,17.239563,16.44785,19.670675,22.504293,23.46644,19.430191,24.38948,19.588812,18.021334,19.278708,18.433878,17.342234,21.642925,19.995853,15.737534,16.433477,21.504871,24.787937,24.344849,20.94226,23.921993,18.203306,19.834227,18.370634,19.422012
32,28.197058,25.252413,23.63881,19.110455,18.307037,16.089539,15.598132,13.941246,10.917871,14.199229,10.793951,15.486774,14.090386,10.361918,13.151914,8.808624,10.951171,10.810899,12.625341,15.29297,16.963783,20.702173,20.571688,24.861662,25.408052,23.541452,22.197472,17.037855,13.818075,11.438043,8.411621,7.473345,0.0,6.0618844,5.528877,9.101804,10.50061,8.567483,7.423525,5.139097,7.480149,6.0728207,11.1661005,10.842565,16.30572,19.67563,20.881916,25.0074,27.449694,29.263859,25.629374,26.210142,30.86724,31.011335,29.375774,27.203268,23.881886,23.226818,23.982138,28.792212,23.981192,26.778528,26.762989,29.615385,29.566828,27.639318,31.41786,31.387306,32.647625,33.752182,30.596937,28.962755,23.974787,26.090717,22.358885,24.654324,22.65826,19.78185,22.872002,18.228453,20.397415,21.159971,18.822071,15.788822,12.845026,15.003487,14.510328,18.74544,19.188046,22.973608,25.20239,25.082153,20.343887,25.45482,19.529156,16.725174,18.069942,14.492497,13.219475,16.574995,14.901913,10.201629,10.360067,15.083763,18.41852,18.336946,15.135234,18.988214,14.263627,16.514269,16.751316,18.180656
33,27.859516,25.665415,23.901056,19.68398,19.949804,16.544632,18.463495,16.232143,14.821341,17.212185,14.708682,19.123241,15.917573,12.096586,13.914335,11.020652,11.427544,13.000694,13.167182,16.763044,17.45439,21.236914,21.484356,25.592403,26.972254,25.243975,25.014526,19.280394,16.87327,13.542688,12.660199,8.018531,6.0618844,0.0,5.0654254,6.2776613,8.347769,8.880322,7.211908,8.025263,8.344506,10.761477,14.144395,15.336431,19.524706,23.206116,24.678997,28.646395,31.613398,32.987083,29.334797,31.006227,35.301575,34.901363,33.808895,31.243317,28.55403,27.979122,29.238981,34.301586,29.72782,32.70331,32.61172,35.50138,35.01246,33.101295,36.501167,36.127884,36.99107,37.500755,34.149754,32.35425,28.175001,29.941126,26.810057,29.181211,27.29172,25.059168,28.095798,23.810472,26.139751,26.880787,24.819239,21.839771,18.695475,20.681381,19.3776,23.296362,22.812578,26.359577,28.593758,28.961227,24.482042,30.042067,24.596798,22.055216,23.748625,20.457743,19.197227,22.468466,20.412226,15.76539,15.993265,20.361889,23.628128,23.44465,20.354162,23.673744,19.314394,20.507328,20.717236,21.068651
34,31.840271,29.360678,27.298204,23.139223,22.691198,19.408653,20.088413,17.083055,14.596218,15.959814,12.422815,15.6739,13.556617,9.89772,13.81823,11.364509,13.515555,14.95574,16.534588,19.841698,21.249012,25.057322,25.150759,29.384487,30.285767,28.390816,27.520937,22.07342,19.133862,16.325233,13.911954,11.354763,5.528877,5.0654254,0.0,3.9729385,5.2732687,4.4648175,5.804514,6.0351696,9.547011,10.398514,15.629869,16.08711,21.164968,25.076385,26.063702,30.3665,32.939957,34.58343,30.774399,31.500639,36.151867,36.050438,34.20448,31.909475,28.803865,27.56339,28.485292,33.13009,28.732477,31.196861,31.465399,34.04647,34.615543,32.35259,36.369793,36.254906,37.60821,38.79479,35.295666,33.291946,28.571476,29.977053,26.353428,28.162624,25.716707,23.337229,25.505632,21.153992,23.076551,23.392733,22.041033,19.756582,17.448204,20.064922,19.80574,24.209406,24.56347,28.344547,30.429037,30.235466,25.462202,30.748074,24.743776,21.690544,23.062946,18.477121,16.790956,19.398293,17.062462,12.598941,12.9638195,16.59547,19.772316,20.150257,17.406178,21.460161,17.918549,19.739382,20.862177,21.716585
35,32.927948,30.88061,28.406517,24.682388,24.524382,20.47159,22.174448,18.386644,16.70141,16.986433,14.097149,16.731678,13.488958,10.215571,13.763988,12.766018,14.437623,16.898176,18.2281,21.933086,23.255674,27.033165,27.558037,31.72133,33.00714,31.273285,30.521614,25.089613,22.253544,19.309042,17.285414,14.019338,9.101804,6.2776613,3.9729385,0.0,4.540503,6.2870307,8.535361,9.809428,12.711089,14.299703,19.179447,19.816034,24.730734,28.468412,29.71651,33.876804,36.469715,38.16628,34.433163,35.291096,39.921814,39.80638,38.10438,35.754036,32.70949,31.521835,32.45247,37.066124,32.53978,34.927277,35.08499,37.412613,38.003254,35.462067,39.392784,39.030857,40.27756,41.32953,37.515354,35.228085,30.973038,31.844496,28.557686,30.174328,27.65413,25.861153,27.729805,23.825804,25.891457,26.30202,25.361538,23.236065,20.843895,23.772661,22.992737,27.485163,27.489948,31.227715,33.10172,32.93452,28.223541,33.82214,27.972923,24.873692,26.601366,21.791048,20.47336,22.63651,20.505466,16.182587,16.017473,19.187756,22.14749,22.318323,19.793217,23.349203,20.425879,21.540354,23.002888,23.22017
