,0,1,2,3,4,5,6,7,8,9,10,11,12,13,14,15,16,17,18,19,20,21,22,23,24,25,26,27,28,29,30,31,32,33,34,35,36,37,38,39,40,41,42,43,44,45,46,47,48,49,50,51,52,53,54,55,56,57,58,59,60,61,62,63,64,65,66,67,68,69,70,71,72,73,74,75,76,77,78,79,80,81,82,83,84,85,86,87,88,89,90,91,92,93,94,95,96,97,98,99,100,101,102,103,104,105,106,107,108,109,110,111,112
0,0.0,4.301105,6.419836,9.546903,12.051445,14.581806,17.192028,20.966196,24.501244,27.433258,30.225735,35.72498,31.329594,30.206516,24.776138,24.22763,19.967028,19.20027,16.028282,15.505872,12.912051,11.813076,15.675303,12.805063,14.220898,17.522556,12.860597,18.65772,20.191477,21.491018,25.270779,24.631886,30.540695,29.317656,33.492207,36.661705,38.97395,38.297028,36.528458,33.183067,36.498665,30.80025,33.58831,29.987694,32.68638,31.06118,31.259884,31.875994,28.910927,34.120224,35.122837,31.27518,34.272568,38.567863,38.77891,39.602097,36.799202,37.71015,36.19503,38.826977,33.90831,37.33986,35.41386,38.929432,39.539547,34.1291,38.574734,37.98205,38.102676,36.267014,36.54568,34.4265,29.985546,32.995014,28.580116,29.67157,27.522089,27.232475,27.027554,25.686916,26.50696,27.957563,27.569447,26.173386,25.23165,26.519938,25.434092,29.260763,29.336067,33.158676,34.60404,38.11037,38.72302,39.894615,38.65278,36.068836,33.275414,29.740522,29.658543,25.718931,25.65484,21.241568,22.321037,21.10844,21.562988,22.986746,21.382904,20.558996,22.610874,23.011026,23.073608,26.188953,25.59604
1,4.301105,0.0,5.322222,6.7140684,8.715107,12.633779,13.972876,18.616905,21.580278,25.107805,27.531584,33.14021,29.319366,27.980892,22.875387,21.536745,17.470263,15.839775,12.857729,11.633107,9.2265415,7.905363,12.2568865,10.456205,12.010059,15.229436,10.194617,15.931193,17.043484,18.932608,22.200804,22.585476,28.04045,27.529228,31.235731,34.50164,36.40287,35.530045,33.45423,30.008928,32.951435,27.203047,29.613136,25.984333,28.490694,26.784372,26.967815,27.622438,24.782154,29.976187,30.857286,27.119938,30.203405,34.399235,34.576054,35.330315,32.546497,33.41055,31.936289,34.660145,29.88004,33.39605,31.637316,35.30629,36.141853,30.88025,35.614136,35.361706,35.512188,34.26977,34.02049,31.91379,27.043753,29.98251,25.450413,26.137627,24.01019,23.2921,23.310404,21.581957,22.59142,24.070583,23.421759,21.905022,20.957088,22.261286,21.312897,25.213926,25.575409,29.451544,31.18662,34.57421,35.571823,36.64188,35.437828,32.916973,29.883797,26.427586,25.887308,22.20729,21.654615,17.126991,18.077017,16.825638,17.366674,18.967747,17.523382,16.488613,19.087784,19.07288,19.63752,22.697872,22.599182
2,6.419836,5.322222,0.0,5.2528267,6.7573857,8.7019615,11.317556,14.621663,18.395668,21.036621,24.000292,29.422089,25.059845,24.09881,18.599817,18.268124,14.179704,13.8324995,11.395976,11.56775,10.744046,11.149851,15.929231,14.74978,15.250945,17.653875,11.54231,16.229532,16.49224,17.483732,20.558706,19.96207,25.173954,23.791288,27.78617,31.157743,33.379444,32.4777,30.990625,27.582548,31.124327,25.516314,28.69904,25.494423,28.40163,28.079779,27.851137,29.49487,27.042341,32.237297,32.51242,28.261808,31.939274,36.15798,35.53424,36.45247,33.026955,34.420273,32.495583,34.498917,29.92682,32.98697,30.899921,34.69903,34.559605,29.249151,33.789333,32.91269,33.632877,31.9502,32.58709,31.04207,26.080112,29.871746,25.686155,26.746977,25.406015,24.743036,25.781446,23.83826,25.645998,27.406414,25.952074,23.822798,22.01501,22.976074,21.012886,24.445286,23.89542,27.591309,28.676609,32.344536,32.58376,33.796833,32.58764,30.05471,27.37763,23.847248,24.487007,20.056576,21.244995,16.869478,19.622032,18.032389,19.916859,22.11974,20.78722,18.966778,21.259157,20.174124,20.291363,22.536814,21.918808
3,9.546903,6.7140684,5.2528267,0.0,3.8234057,6.5043344,8.827045,12.868432,15.560701,19.438192,21.408987,27.076456,23.22566,21.575336,16.7419,15.107862,10.903855,9.805072,6.535356,6.92583,6.105825,7.9322276,12.400011,12.184184,11.785588,13.443211,7.0362177,11.135177,11.313774,12.6897745,15.854689,16.005648,21.343344,20.932678,24.56515,27.796194,29.736643,28.987661,27.022087,23.684086,27.047478,21.398102,24.708048,21.136957,24.65093,24.04673,24.396448,26.145292,24.409296,29.333904,29.174782,25.833725,29.689964,33.394337,32.784687,33.23921,29.823948,30.627403,28.41816,30.42125,25.25877,28.36889,26.207663,29.781837,30.038853,24.6516,29.225657,28.742142,29.095947,27.82775,27.855253,26.129982,21.080574,24.68167,20.445686,21.531986,20.271772,19.876932,21.131231,19.612059,21.759237,24.035612,22.250725,20.2972,18.036459,19.874182,17.19718,21.099201,20.660471,24.403702,25.78007,29.016977,29.851416,31.457758,30.636585,28.459713,25.213505,21.990294,22.306324,17.917976,18.980116,13.683593,16.925423,14.236891,16.655762,18.988304,17.06664,14.871704,16.428719,15.277444,15.061423,17.379808,16.8125
4,12.051445,8.715107,6.7573857,3.8234057,0.0,6.082703,5.375107,10.461142,12.902047,16.845196,18.920517,24.559418,21.232145,19.775778,15.100235,13.107963,9.491214,7.4735966,5.9118977,5.520932,7.143384,8.877913,13.447416,14.396654,14.303782,15.714827,9.552462,12.493222,11.335173,13.080196,14.910583,16.116732,20.279837,20.204826,23.282234,26.774363,28.30669,27.11956,25.160057,21.605726,24.696388,19.004484,21.958069,18.758457,21.786713,21.931932,21.701464,23.925812,22.21306,27.144115,26.778006,22.90025,27.00077,30.804146,29.796137,30.481905,26.819595,28.134354,25.96103,27.780138,23.311747,26.318129,24.337133,28.37047,28.34157,23.243029,28.194492,27.788473,28.640413,27.924927,27.81506,26.468962,20.816044,24.7213,20.577333,21.104319,20.25127,19.005575,20.969202,18.527086,21.091578,23.14135,20.834614,18.324709,15.858702,16.995796,14.354617,17.88134,17.410828,21.18496,22.621536,26.060156,26.885498,28.151417,27.160969,24.874031,21.672558,18.360546,18.61429,14.239687,15.463416,10.515454,14.460251,12.156366,15.21195,17.940874,16.789242,14.181921,16.793358,14.387322,15.065996,16.687967,16.76262
5,14.581806,12.633779,8.7019615,6.5043344,6.082703,0.0,6.7363143,7.3084497,10.874381,13.754396,16.071455,21.52776,17.039053,15.641855,10.426751,10.000742,5.7468204,7.6562414,6.381021,9.297381,10.971176,13.786362,17.878967,18.27529,17.112837,17.656275,11.515759,12.783485,11.329184,10.986507,13.288577,12.026045,16.643793,15.185258,19.088903,22.470366,24.763517,24.002531,22.819462,19.623358,23.823248,18.588362,23.044598,20.20954,24.308643,25.57172,25.503332,28.446182,27.42009,32.06402,31.066908,27.47761,31.932621,35.404137,33.81314,34.331482,30.200848,31.509,28.70427,29.612446,24.80569,27.114727,24.524004,28.120647,26.993765,21.659607,25.855408,24.539375,25.72177,24.023663,25.197405,24.390936,19.311749,24.025667,20.567398,22.069164,22.059643,21.76748,24.299065,22.660902,25.649637,28.174734,25.509653,22.989704,19.740541,21.18389,17.101488,20.120657,18.304436,21.588001,21.992039,25.407747,25.286827,27.288895,26.66494,24.699764,21.823273,18.778553,20.787472,15.543467,19.130241,14.369883,19.65693,16.657185,20.456715,23.258415,21.574055,18.70517,19.678785,17.19134,16.352676,17.102057,15.823161
6,17.192028,13.972876,11.317556,8.827045,5.375107,6.7363143,0.0,6.3732057,8.002257,12.063118,14.012648,19.559155,16.889696,15.596436,11.515151,9.037037,6.8952436,4.5962634,6.730208,7.091168,10.891809,13.091717,17.032188,18.966686,18.527039,19.156271,13.468007,14.330366,11.5240345,12.879999,12.739239,14.79508,17.082867,17.348322,19.603054,23.328482,24.41449,22.768816,21.028288,17.336754,20.39676,14.890936,18.026917,15.601861,18.547176,20.44348,19.580223,22.911478,21.888275,26.430536,25.30003,21.14239,25.75853,29.296747,27.39557,28.193556,23.943335,25.852772,23.341457,24.359892,20.700802,23.15448,21.161356,25.578024,24.715965,20.023956,25.150764,24.60477,26.211332,26.034725,26.068771,25.452463,19.34096,23.83974,20.24173,20.419888,20.575441,18.757614,21.938196,18.904884,22.219074,24.27125,21.078022,17.940475,14.702369,15.096589,11.461368,14.033017,12.714249,16.31152,17.422956,21.077679,21.62973,22.809748,21.839874,19.63644,16.445223,13.189245,14.262691,9.318264,12.450152,8.289528,14.181027,11.924466,16.210535,19.342176,18.800245,15.638999,18.3646,14.409987,15.43387,15.577761,16.002293
7,20.966196,18.616905,14.621663,12.868432,10.461142,7.3084497,6.3732057,0.0,5.0765777,6.593407,9.562181,14.8124275,10.933252,10.199566,5.4204626,5.5654855,5.1124077,7.599774,10.174058,12.477536,15.996112,18.76946,22.614443,24.155159,23.092817,23.170847,17.502546,17.17988,14.014819,13.494036,12.77831,12.744425,13.815921,12.516023,15.034965,18.882738,20.524874,18.952045,18.41652,15.103304,19.320557,14.728203,19.287592,17.812359,21.397978,24.787241,23.816198,27.890577,27.462412,31.637104,29.894718,25.845306,30.71259,33.924923,31.278515,32.052433,27.319324,29.493662,26.455162,26.287045,22.918657,24.380735,21.894213,25.969742,23.536524,19.008278,23.32329,21.68434,24.156948,23.28322,24.731655,25.025002,19.440277,24.770206,22.080854,22.944643,24.042595,22.86971,26.627916,24.107353,27.75649,30.072489,26.549267,23.353195,19.59067,19.903727,15.268505,16.637665,13.611882,16.217909,15.74591,19.554934,18.601515,20.416912,19.752792,17.890827,15.442105,12.6373625,16.206076,10.656291,16.564598,13.511368,20.020222,17.541513,22.225218,25.3902,24.602085,21.282429,22.887703,18.778698,18.692097,17.727062,17.103008
8,24.501244,21.580278,18.395668,15.560701,12.902047,10.874381,8.002257,5.0765777,0.0,6.0877676,6.1186056,11.80062,10.013124,8.321334,6.829427,3.08458,6.2001014,7.002482,10.916658,12.803628,16.936459,19.895779,22.955288,25.359175,24.051414,23.507355,18.70176,16.990742,13.0098715,12.760057,9.99626,12.069616,10.9091425,11.73241,12.473489,16.326204,16.975376,15.007541,13.900683,10.362617,14.270985,9.8066435,14.597543,13.584991,17.435547,21.61241,20.727917,25.277079,25.71709,29.2916,26.926617,23.625546,28.60638,31.184994,28.202286,28.64739,23.775677,25.751389,22.406782,21.709463,18.602623,19.642658,17.188835,21.391985,18.78003,14.638005,19.276527,18.139788,20.82677,21.083696,21.7392,22.370153,16.468006,21.738096,19.520409,19.897247,21.663269,20.210716,24.617842,22.067194,26.076353,28.50793,24.522032,21.312977,17.153408,17.598457,12.228581,12.9683485,9.375652,11.654214,11.268006,14.741728,14.468309,16.649103,16.48261,15.196319,12.040044,10.022245,13.497699,8.458094,14.727989,12.090597,18.91712,16.124563,21.21755,24.391144,23.741701,20.23923,21.550354,16.74093,16.885862,14.868767,14.864632
9,27.433258,25.107805,21.036621,19.438192,16.845196,13.754396,12.063118,6.593407,6.0877676,0.0,5.067406,8.856005,5.802451,6.688004,5.5740886,7.2744036,10.197319,12.579239,16.010077,18.151651,22.075037,24.887627,28.424675,30.405977,29.210875,28.890425,23.645452,22.354673,18.641512,17.664818,15.269946,15.409536,13.205276,11.827645,12.4480915,16.266418,17.312557,15.092828,15.800262,13.037773,17.177109,14.234768,18.767782,18.836357,21.931326,27.00245,25.519428,30.346073,30.569237,34.129677,31.73007,27.721989,32.71953,35.466427,31.943975,32.80068,27.697998,30.401937,27.151012,25.763119,23.760626,24.128588,21.741383,25.720037,21.847645,18.501596,22.168415,20.006212,23.626808,23.239214,25.223005,26.553936,21.28831,26.809555,25.074852,25.691324,27.664352,26.251839,30.699495,27.973259,31.952288,34.17987,30.1716,26.743536,22.762146,22.403143,17.593397,17.24802,13.135083,14.198905,12.115617,15.946484,13.43699,15.3737545,14.965764,13.650063,12.233697,10.563675,15.937623,11.172646,18.483753,17.136843,23.831974,21.699074,26.672848,29.900314,29.520374,26.058311,27.567116,22.817892,22.833735,20.697254,20.236027
10,30.225735,27.531584,24.000292,21.408987,18.920517,16.071455,14.012648,9.562181,6.1186056,5.067406,0.0,5.7396674,5.812176,4.6835556,7.713866,6.7509437,11.085291,12.90728,16.624523,18.770031,22.845171,25.930986,28.760126,31.244051,29.67046,28.725086,24.2953,21.794289,17.726421,16.63089,12.96048,14.141089,9.800518,10.429653,9.018545,12.71725,12.8344755,10.313063,10.804189,8.241465,12.505071,10.494475,15.507119,16.028603,19.640257,25.110298,24.04177,29.098358,30.180754,33.156025,30.19841,27.248507,32.244667,34.28103,30.606821,30.967474,25.872591,28.047026,24.428425,22.426807,20.392069,20.132719,17.62811,21.28786,16.954994,14.087159,17.544434,15.615261,19.48419,19.97899,21.45268,23.199516,18.113005,23.48677,22.431145,22.898973,25.494751,24.25571,29.08516,26.752743,30.941696,33.4039,29.131256,25.925808,21.651585,21.79428,16.382797,15.676379,11.224126,11.445149,8.978092,11.936844,9.866098,12.987265,13.593861,13.333907,11.202784,10.840474,15.718361,11.793475,18.732222,17.339314,24.043201,21.409344,26.573473,29.70429,29.152298,25.621288,26.411335,21.466202,21.24561,18.281277,17.978363
11,35.72498,33.14021,29.422089,27.076456,24.559418,21.52776,19.559155,14.8124275,11.80062,8.856005,5.7396674,0.0,6.6246066,7.3879805,12.073924,12.368603,16.665747,18.6168,22.342485,24.455917,28.56609,31.634304,34.375477,36.958508,35.326004,34.221714,29.969378,27.17813,23.101244,21.74735,17.769348,18.555014,12.779575,13.107171,9.976297,12.582191,11.812593,8.774145,11.244607,10.359794,13.542079,13.891859,18.058985,19.748846,22.68036,28.977837,27.637682,32.968067,34.422703,36.91998,33.598793,30.803335,35.703106,37.33901,33.130135,33.518654,28.377472,30.816236,27.198946,24.251032,23.472885,22.243013,20.025782,23.120136,17.626389,16.421114,18.558825,16.182344,20.84383,21.643034,23.615505,26.146517,21.840641,26.959742,26.690138,27.059553,30.095827,28.839737,33.88542,31.546305,35.80055,38.164917,33.72044,30.487162,26.283463,26.021292,20.922611,19.229694,14.725613,13.427614,9.622217,11.444913,7.1039906,10.690727,12.047607,12.930038,12.352233,13.385788,18.671053,15.861891,22.77983,22.36704,28.855873,26.52349,31.655996,34.751472,34.413166,30.892773,31.581537,26.529596,26.29859,22.89262,22.58899
12,31.329594,29.319366,25.059845,23.22566,21.232145,17.039053,16.889696,10.933252,10.013124,5.802451,5.812176,6.6246066,0.0,3.70631,6.6740003,9.622505,12.929364,16.390501,19.342257,22.17427,25.804747,29.011816,32.250244,34.052532,32.32684,31.481874,26.68594,24.50329,20.934244,18.935774,16.476187,15.07784,11.444284,8.861767,8.7217455,12.004829,13.661318,12.0427885,14.237378,12.731797,17.49373,15.989135,21.282963,21.62943,25.427944,30.694632,29.671408,34.626755,35.385597,38.646637,35.863625,32.57593,37.590324,39.887012,36.205914,36.707535,31.58689,33.848255,30.219479,28.156525,25.881817,25.507566,22.769627,25.848156,20.962688,18.065283,20.28311,17.142088,21.271206,20.294907,23.42329,25.491375,21.311666,26.930187,26.100122,27.28784,29.804676,29.142286,33.72235,31.722755,35.81877,38.391216,34.296635,31.115995,26.860992,27.078806,21.718002,21.310953,16.896463,17.08844,14.140613,16.85034,13.380093,16.489834,17.014252,16.733932,15.811668,15.233265,20.726734,16.39504,23.652157,21.996126,28.802027,26.116678,31.226604,34.38952,33.54622,30.042126,30.487928,26.017279,25.13861,22.499266,21.263372
13,30.206516,27.980892,24.09881,21.575336,19.775778,15.641855,15.596436,10.199566,8.321334,6.688004,4.6835556,7.3879805,3.70631,0.0,5.949595,7.1477027,10.780075,14.171757,16.997272,19.974268,23.524586,26.921122,29.78839,31.72598,29.756712,28.600409,24.22361,21.4751,17.859606,15.724537,13.023574,11.836252,7.7886076,6.2065277,5.862038,9.634697,11.353489,10.064042,11.492902,9.8497,15.07531,13.295408,19.107073,19.016909,23.449907,28.287878,27.745207,32.56347,33.599823,36.760616,33.890457,31.212753,36.207367,38.275894,34.85251,35.019836,30.026556,31.742682,27.941715,26.025543,23.019102,22.727964,19.772877,22.649637,18.056887,14.676668,17.022573,14.060291,17.905558,17.112066,19.871714,21.827202,17.61957,23.240677,22.504406,23.822834,26.44386,26.083645,30.6497,29.044579,33.157196,35.941616,31.867538,28.919891,24.531956,25.341722,19.60421,19.661318,15.379883,15.826103,13.404627,15.707746,13.32889,16.982437,17.833288,17.699755,15.866343,15.298667,20.132023,15.751595,22.581367,20.282482,27.082811,23.926605,29.068808,32.14883,31.003391,27.503708,27.423326,23.096716,21.89263,19.108301,17.724993
14,24.776138,22.875387,18.599817,16.7419,15.100235,10.426751,11.515151,5.4204626,6.829427,5.5740886,7.713866,12.073924,6.6740003,5.949595,0.0,5.579758,6.9525867,11.251973,13.441559,16.592842,19.811867,23.016798,26.519936,27.871664,26.221977,25.70844,20.504656,19.072216,15.934268,14.043387,13.072623,11.036561,10.900492,7.909623,10.834834,14.525059,16.8712,15.781245,16.310993,13.780141,18.86159,15.397306,20.947517,19.924793,24.206232,28.142956,27.489002,31.865366,32.018665,35.861626,33.66232,30.195293,35.15213,37.93613,34.976494,35.47656,30.587164,32.505203,29.041409,28.095572,24.563618,25.266157,22.375647,25.7627,22.27612,17.946186,21.146982,18.569252,21.527771,19.950148,22.602798,23.611982,18.902952,24.580841,22.774797,24.258162,26.012037,25.569477,29.585024,27.746021,31.577166,34.22637,30.54066,27.51808,23.408983,24.139362,18.834635,19.789305,16.024551,17.706099,16.154034,19.414898,17.500675,20.235582,20.212307,19.058208,17.082672,15.189737,19.71897,14.448416,21.030462,18.082754,24.795555,21.833122,26.723454,29.842735,28.644808,25.253313,25.745829,21.803686,20.750292,19.089283,17.57514
15,24.22763,21.536745,18.268124,15.107862,13.107963,10.000742,9.037037,5.5654855,3.08458,7.2744036,6.7509437,12.368603,9.622505,7.1477027,5.579758,0.0,4.4960766,7.025852,10.102942,12.839022,16.537407,19.858183,22.752737,24.854586,23.131798,22.272934,17.656189,15.415484,11.605978,10.5096855,8.195629,9.077512,8.556358,9.094876,10.571722,14.333844,15.5901785,14.251763,13.211449,9.999661,14.662631,10.356562,15.959585,14.479494,19.160568,22.798069,22.494408,26.827932,27.421114,30.99645,28.612123,25.836355,30.760437,33.19066,30.435377,30.599117,25.85678,27.299084,23.746916,23.055597,19.078749,20.062122,17.220232,20.88276,18.222286,13.561069,17.759436,16.287367,18.724033,18.41651,19.475004,20.094082,14.5445595,20.050604,18.011545,19.015291,20.881338,20.17793,24.436228,22.590412,26.563042,29.314749,25.467094,22.571474,18.286736,19.486507,13.773853,15.113724,11.668248,13.796377,13.268513,16.189758,15.879857,18.692097,18.890957,17.899412,14.790143,13.041712,16.367666,11.418206,17.21479,13.789651,20.524452,17.142908,22.200401,25.276127,24.065008,20.585197,20.983566,16.649057,15.887403,13.870653,13.039767
16,19.967028,17.470263,14.179704,10.903855,9.491214,5.7468204,6.8952436,5.1124077,6.2001014,10.197319,11.085291,16.665747,12.929364,10.780075,6.9525867,4.4960766,0.0,5.134302,6.533622,9.9490385,13.015496,16.405127,19.64496,21.148233,19.44916,18.94733,13.794101,12.483401,9.410771,8.410453,8.629422,8.291539,11.225764,10.833684,13.859986,17.35389,19.223936,18.362112,17.075006,13.922551,18.35744,13.438887,18.611912,16.184244,20.914915,23.242594,23.26407,26.94109,26.921976,30.97848,29.17168,26.238297,30.98863,33.81967,31.673244,31.877827,27.439474,28.615786,25.324305,25.473354,20.735296,22.454865,19.64147,23.175861,21.45973,16.254984,20.459602,19.139797,20.732946,19.677975,20.702965,20.512678,15.090551,20.326849,17.52876,18.931162,19.960773,19.630564,23.163305,21.594986,25.210127,28.01709,24.655706,21.991905,18.018589,19.65842,14.405474,16.876139,14.306414,17.14839,17.246159,20.280514,20.269552,22.794676,22.673895,21.257353,18.089424,15.690131,18.232866,13.019162,17.721918,13.233279,19.5385,15.971342,20.638937,23.618616,22.000858,18.69536,19.040117,15.504914,14.422801,13.688268,12.420235
17,19.20027,15.839775,13.8324995,9.805072,7.4735966,7.6562414,4.5962634,7.599774,7.002482,12.579239,12.90728,18.6168,16.390501,14.171757,11.251973,7.025852,5.134302,0.0,4.4116735,5.8943415,9.986657,13.054941,16.001698,18.40109,17.16889,16.869434,12.023676,11.033958,7.4793363,8.906874,8.256739,11.371217,13.690614,15.114668,17.003838,20.457748,21.364782,20.069302,17.776781,14.21505,17.344782,11.713693,15.573925,12.572875,16.81366,18.45952,18.47933,21.90647,21.81252,25.895582,24.256182,21.415735,26.063381,28.913477,27.088589,27.26332,23.068209,24.119995,21.127928,21.989243,17.304268,19.713451,17.406061,21.478601,20.931831,15.939172,21.05369,20.847616,22.0154,22.154575,21.670494,20.94427,14.766368,19.264242,15.79736,16.178629,16.738232,15.466051,19.03466,16.790121,20.442905,23.073692,19.633934,16.879053,13.000177,14.728156,9.765956,12.969331,11.540092,15.041006,16.354944,19.29902,20.502424,22.40983,22.069658,20.476086,16.723,14.178927,15.033559,10.470458,13.437014,8.3366585,14.503154,10.861944,15.637462,18.6804,17.423712,14.018248,15.375271,11.218881,11.487457,11.159048,11.476171
18,16.028282,12.857729,11.395976,6.535356,5.9118977,6.381021,6.730208,10.174058,10.916658,16.010077,16.624523,22.342485,19.342257,16.997272,13.441559,10.102942,6.533622,4.4116735,0.0,4.150997,6.5499396,10.112321,13.125696,14.769238,13.228644,13.074305,7.7907624,7.6823792,5.6273956,7.2973685,9.405932,11.072416,15.564726,16.473146,19.268778,22.414074,23.867569,23.131426,20.77784,17.51037,20.798105,15.234956,19.068274,15.432273,19.895157,20.062376,20.77261,23.333523,22.866076,27.18738,26.05429,23.617622,27.908266,30.863722,29.720207,29.716385,25.971296,26.419048,23.604897,25.041271,19.48944,22.283962,19.890285,23.38716,23.518606,18.130701,22.828371,22.636635,23.022318,22.470459,21.985672,20.557636,14.97784,18.984488,15.03216,16.07894,15.783962,15.453708,17.985136,16.655787,19.765812,22.625193,19.872755,17.746195,14.3739195,16.92307,12.654862,16.590425,15.732587,19.273762,20.681797,23.416801,24.689829,26.780914,26.470613,24.827003,21.117424,18.467457,18.961037,14.569885,16.458357,10.686919,15.521023,11.52244,15.431643,18.13088,16.019657,12.970589,13.475132,10.88139,10.161148,11.386358,10.912056
19,15.505872,11.633107,11.56775,6.92583,5.520932,9.297381,7.091168,12.477536,12.803628,18.151651,18.770031,24.455917,22.17427,19.974268,16.592842,12.839022,9.9490385,5.8943415,4.150997,0.0,4.53738,7.237364,10.276024,12.776731,12.104702,12.577355,7.7688313,8.956371,7.3470817,10.490186,11.725702,14.883011,18.658012,20.188778,22.445818,25.659477,26.581936,25.500618,22.731642,19.277992,21.638994,15.905659,18.382221,14.540942,18.024065,17.273874,17.879099,19.906332,19.005268,23.5212,22.811552,20.239447,24.28519,27.43571,26.709656,26.807642,23.415592,23.856806,21.539791,23.688185,18.52432,21.846138,20.014149,23.853111,24.76033,19.750725,24.905806,25.31868,25.584436,25.736778,24.446981,22.746534,16.89455,20.14177,15.7904825,15.848349,14.857201,13.506047,15.655345,13.482755,16.378445,18.915274,16.313543,14.144984,11.323246,13.769222,10.681994,15.024318,15.278789,19.088995,21.211338,23.939304,25.818668,27.332756,26.75835,24.916132,21.058006,18.300194,17.503927,13.932188,13.929777,7.9568644,11.660965,7.8873005,11.42857,14.174296,12.4883995,9.451642,11.643395,8.8734665,9.937257,11.825489,12.707449
20,12.912051,9.2265415,10.744046,6.105825,7.143384,10.971176,10.891809,15.996112,16.936459,22.075037,22.845171,28.56609,25.804747,23.524586,19.811867,16.537407,13.015496,9.986657,6.5499396,4.53738,0.0,3.8408344,6.9266686,8.423173,7.74737,8.981037,4.066462,7.8523154,8.656935,11.672586,14.4628105,16.620686,21.604374,22.825624,25.613352,28.57971,29.843246,29.147549,26.31735,23.074316,25.500015,19.872082,22.2868,18.11724,21.596937,19.503187,20.72262,21.734772,20.43064,25.016682,24.91216,22.847225,26.344137,29.518978,29.52939,29.459723,26.61515,26.48085,24.450787,27.090506,21.387512,24.958565,23.147446,26.454073,27.966846,22.778008,27.559673,28.048178,27.67272,27.366993,25.969374,23.658266,18.55566,21.053242,16.42523,16.911362,14.933473,14.510113,15.142831,14.075417,15.993463,18.596926,17.028332,15.754156,13.83978,16.796576,14.563477,19.135479,19.717293,23.504738,25.680906,28.258354,30.213303,31.849215,31.293903,29.417849,25.588295,22.78134,21.769476,18.37249,17.681541,11.852358,13.693694,10.214284,11.978767,13.975412,11.332341,9.24291,10.518468,10.183824,10.442539,13.692718,14.060956
21,11.813076,7.905363,11.149851,7.9322276,8.877913,13.786362,13.091717,18.76946,19.895779,24.887627,25.930986,31.634304,29.011816,26.921122,23.016798,19.858183,16.405127,13.054941,10.112321,7.237364,3.8408344,0.0,4.9670377,6.2701645,7.4747334,9.999303,6.538597,11.169412,12.283291,15.480563,18.051088,20.457144,25.311302,26.52927,29.27166,32.31421,33.44582,32.583515,29.656363,26.31867,28.34713,22.698181,24.32402,20.209158,22.785976,19.866486,20.933662,21.12192,19.051853,23.84172,24.456322,22.183403,25.159184,28.62698,29.19743,29.305998,26.93253,26.829432,25.377453,28.55308,23.300108,27.137196,25.706427,29.130339,31.043058,26.065233,31.002636,31.696217,31.27282,31.138891,29.492388,27.01357,21.965256,23.987331,19.250195,19.239555,16.678692,15.7327,15.426605,13.933493,14.964971,16.96194,16.183048,15.218396,14.401576,16.902126,16.074957,20.571314,21.781013,25.645763,28.118092,30.78029,32.914196,34.144638,33.339764,31.255518,27.513117,24.573935,22.87348,20.031796,18.110336,12.861825,12.853158,10.541356,10.663994,12.1483345,9.900201,8.791245,11.494964,11.899426,13.117329,16.64286,17.499243
22,15.675303,12.2568865,15.929231,12.400011,13.447416,17.878967,17.032188,22.614443,22.955288,28.424675,28.760126,34.375477,32.250244,29.78839,26.519936,22.752737,19.64496,16.001698,13.125696,10.276024,6.9266686,4.9670377,0.0,4.9032426,5.9952803,7.9134445,8.222782,11.3827095,13.246089,16.782495,19.2302,22.29582,27.036211,29.051413,31.395735,34.109295,34.919704,34.264973,30.86827,27.79623,29.217527,23.8831,24.9148,20.507858,23.020119,18.645208,20.674654,19.887411,18.308247,22.482191,23.272312,22.493816,24.873653,27.687052,28.967482,28.52874,26.85312,25.735508,24.528137,28.183584,22.500797,26.555462,25.420042,28.283688,31.199387,26.482216,31.210083,32.52804,31.43208,31.77608,29.227793,26.265627,21.754725,22.57347,17.8342,17.457863,14.087729,13.580647,11.795158,11.56419,11.608852,13.91783,13.986115,14.265182,14.173108,17.578888,17.22399,21.893723,23.686497,27.372961,30.226599,32.311634,35.107124,36.46479,35.915176,34.10931,30.083744,27.518229,25.165075,22.999313,20.20148,15.093366,13.726402,11.172389,9.850197,10.194439,6.6184983,6.9268036,8.396377,10.87729,12.10578,16.214663,17.488342
23,12.805063,10.456205,14.74978,12.184184,14.396654,18.27529,18.966686,24.155159,25.359175,30.405977,31.244051,36.958508,34.052532,31.72598,27.871664,24.854586,21.148233,18.40109,14.769238,12.776731,8.423173,6.2701645,4.9032426,0.0,3.8971262,7.6593895,7.9761863,12.70054,15.524468,18.309088,21.826431,23.508833,29.184214,30.379292,33.416973,36.07916,37.446465,37.051258,33.972546,30.940435,32.966736,27.528809,29.213812,24.797958,27.637285,23.536982,25.427788,24.644299,22.670658,27.00034,28.05287,26.873583,29.176714,32.258026,33.60529,33.32162,31.586369,30.628326,29.36891,32.883442,26.986362,30.922844,29.495846,32.163067,34.77681,29.724157,34.13033,35.015205,33.798985,33.32781,31.402273,28.295113,24.353867,25.322613,20.673096,21.099014,17.734283,18.085133,16.029638,16.439724,16.154186,18.181702,18.756542,19.035568,18.877962,22.025183,21.417841,26.090515,27.455212,31.229288,33.75602,36.09446,38.43687,39.957138,39.333576,37.375286,33.526745,30.702993,28.904686,26.176453,24.015806,18.789669,17.867382,15.569233,14.388377,14.591742,11.286844,11.805396,12.198723,15.180105,15.328826,19.604698,19.969772
24,14.220898,12.010059,15.250945,11.785588,14.303782,17.112837,18.527039,23.092817,24.051414,29.210875,29.67046,35.326004,32.32684,29.756712,26.221977,23.131798,19.44916,17.16889,13.228644,12.104702,7.74737,7.4747334,5.9952803,3.8971262,0.0,3.975465,5.738221,9.545617,13.012094,15.40745,19.350033,20.615656,26.559742,27.843708,30.911428,33.320065,34.817986,34.73345,31.66995,28.876806,31.146408,25.883717,28.15458,23.618849,27.253736,23.476099,25.754969,25.453337,24.20731,28.305296,28.76821,28.06572,30.728956,33.451378,34.472115,33.901314,31.905733,30.65576,28.925632,32.079613,25.594849,29.323433,27.597689,29.86358,32.407574,27.222298,31.257536,32.083637,30.589718,29.915327,28.025816,24.814583,21.300842,22.194687,17.680613,18.70142,15.534934,16.83517,15.099032,16.441235,16.733612,19.448694,19.478094,19.751059,18.854053,22.594183,20.985916,25.76005,26.72017,30.363218,32.68338,34.78593,37.08766,39.033775,38.700115,36.98719,33.02211,30.38652,29.04734,25.986301,24.617498,18.938305,19.085497,15.837166,15.612842,16.132898,12.177237,12.066256,10.521988,13.88755,12.864016,17.203072,17.005514
25,17.522556,15.229436,17.653875,13.443211,15.714827,17.656275,19.156271,23.170847,23.507355,28.890425,28.725086,34.221714,31.481874,28.600409,25.70844,22.272934,18.94733,16.869434,13.074305,12.577355,8.981037,9.999303,7.9134445,7.6593895,3.975465,0.0,6.4453726,7.2673216,11.217912,13.364388,17.305088,18.672543,24.490238,26.270027,29.041628,31.119267,32.505093,32.70224,29.487066,27.009472,29.20164,24.28074,26.799389,22.184387,26.411922,22.69703,25.476383,25.428387,24.9966,28.655045,28.580095,28.655312,31.474777,33.67535,34.522705,33.571964,31.527308,29.80166,27.7266,30.612959,23.619484,27.14734,25.278704,27.014605,29.781881,24.657803,28.30678,29.340635,27.42881,26.902323,24.636202,21.22285,18.212105,18.627274,14.292657,15.724802,12.670715,14.996936,13.415803,15.844328,16.520935,19.793219,19.4252,19.903763,18.517347,22.845509,20.531368,25.29903,26.080246,29.488073,31.745056,33.42513,35.919525,38.22091,38.217117,36.82529,32.701206,30.395061,29.219585,26.17655,25.20732,19.356323,20.08751,16.127455,16.495565,17.081747,12.6968355,12.237743,8.552163,12.492194,10.339421,14.687799,14.180537
26,12.860597,10.194617,11.54231,7.0362177,9.552462,11.515759,13.468007,17.502546,18.70176,23.645452,24.2953,29.969378,26.68594,24.22361,20.504656,17.656189,13.794101,12.023676,7.7907624,7.7688313,4.066462,6.538597,8.222782,7.9761863,5.738221,6.4453726,0.0,6.0618587,8.693954,10.729955,14.841189,15.631669,21.616676,22.466722,25.727095,28.361588,30.06848,29.870604,27.174696,24.248238,27.11466,21.702154,24.797907,20.496424,24.66746,22.443392,24.14251,25.065168,24.053043,28.429476,28.23273,26.69501,30.128609,33.06457,33.16918,32.85074,30.05355,29.505747,27.24093,29.697847,23.347486,26.73731,24.608257,27.299356,28.819971,23.375795,27.559677,27.83909,26.989914,26.026997,24.91235,22.303215,18.060852,20.33528,15.86724,17.27936,15.221343,16.14448,16.2817,16.578043,18.22654,21.160398,19.926334,19.12804,17.097363,20.523668,17.761387,22.363018,22.549679,26.186584,28.06369,30.451654,32.22287,34.313736,33.99298,32.281693,28.459991,25.754179,25.261967,21.526093,21.506962,15.548934,17.621506,13.834603,15.429795,17.039679,13.649621,12.002199,11.08639,12.132084,10.707451,14.292545,13.583091
27,18.65772,15.931193,16.229532,11.135177,12.493222,12.783485,14.330366,17.17988,16.990742,22.354673,21.794289,27.17813,24.50329,21.4751,19.072216,15.415484,12.483401,11.033958,7.6823792,8.956371,7.8523154,11.169412,11.3827095,12.70054,9.545617,7.2673216,6.0618587,0.0,4.387045,6.148396,10.249148,11.668182,17.255596,19.19624,21.787098,23.967028,25.393887,25.563198,22.576086,20.10361,22.89001,18.00111,21.628094,17.276411,22.478405,20.729239,23.03833,24.546282,24.808838,28.48065,27.375994,26.933321,30.635433,32.76932,32.4663,31.614681,28.643904,27.50863,24.636574,26.50273,19.450777,22.424686,19.97472,22.018171,23.65015,18.197468,21.968124,22.554758,21.240921,20.681707,18.981085,16.284077,12.179858,14.398131,10.134009,12.293336,11.129077,13.214226,14.357134,15.6775055,18.099081,21.682196,19.69455,19.022062,16.111101,20.308475,16.290012,20.733433,20.532888,23.718233,25.462309,27.14646,29.235481,31.898222,32.1326,30.987207,26.921616,24.844303,24.645351,21.03646,21.746885,15.740716,18.808132,14.041162,16.657509,18.398561,14.719414,12.4957285,9.173397,9.72171,6.1607394,9.2776,7.8071103
28,20.191477,17.043484,16.49224,11.313774,11.335173,11.329184,11.5240345,14.014819,13.0098715,18.641512,17.726421,23.101244,20.934244,17.859606,15.934268,11.605978,9.410771,7.4793363,5.6273956,7.3470817,8.656935,12.283291,13.246089,15.524468,13.012094,11.217912,8.693954,4.387045,0.0,4.153825,6.3480067,9.596135,13.910551,16.435947,18.435163,20.920195,21.963747,21.744429,18.695175,15.970356,18.77902,13.720868,17.642645,13.513973,18.972952,18.43541,20.279085,22.634703,23.254616,26.83062,25.207476,24.429235,28.526014,30.601068,29.673231,28.940962,25.514042,24.834894,21.662718,23.029099,16.329407,19.067171,16.487534,19.14088,20.155493,14.6830635,19.051363,19.60749,19.019312,19.084196,17.425701,15.491351,10.0409975,13.469733,9.438634,10.977034,11.045913,11.973269,14.685413,14.834573,18.08947,21.568363,18.73083,17.35829,13.722846,17.580538,12.764086,16.901457,16.316927,19.413412,21.07949,22.804031,24.88401,27.520426,27.806395,26.768265,22.673765,20.771574,20.822277,17.180824,18.54753,12.758329,16.971296,12.071554,15.828182,18.10989,15.209102,12.24161,10.218024,8.12285,5.321848,6.513425,5.6282983
29,21.491018,18.932608,17.483732,12.6897745,13.080196,10.986507,12.879999,13.494036,12.760057,17.664818,16.63089,21.74735,18.935774,15.724537,14.043387,10.5096855,8.410453,8.906874,7.2973685,10.490186,11.672586,15.480563,16.782495,18.309088,15.40745,13.364388,10.729955,6.148396,4.153825,0.0,5.556182,5.701408,11.270585,13.141176,15.696364,17.917053,19.62392,19.923439,17.441086,15.146795,18.886852,14.3810625,19.404856,15.781988,21.689816,22.000435,23.718616,26.46321,27.234047,30.74897,28.87483,27.996422,32.2775,34.290993,33.01021,32.276894,28.576735,28.031912,24.550049,25.227766,18.541138,20.577765,17.530796,19.632734,19.66766,13.94397,17.448116,17.206152,16.672691,15.722326,15.178414,13.651338,8.956813,13.318536,10.321184,12.98889,13.829273,15.499141,18.297161,18.862858,22.13516,25.680166,22.79565,21.347519,17.499115,21.091871,15.750539,19.341879,17.861977,20.561464,21.464548,23.115746,24.509089,27.670431,28.207706,27.379509,23.550056,21.803963,22.909145,18.744759,21.4277,15.884098,20.778864,15.982827,19.934177,22.256248,19.282845,16.383625,13.811671,12.065306,8.542701,8.509978,5.4244175
30,25.270779,22.200804,20.558706,15.854689,14.910583,13.288577,12.739239,12.77831,9.99626,15.269946,12.96048,17.769348,16.476187,13.023574,13.072623,8.195629,8.629422,8.256739,9.405932,11.725702,14.4628105,18.051088,19.2302,21.826431,19.350033,17.305088,14.841189,10.249148,6.3480067,5.556182,0.0,7.062562,8.082245,12.079439,12.725724,15.139186,15.713507,15.4490385,12.411617,9.903976,13.335498,8.982977,14.374825,11.310289,17.494928,19.170837,20.562677,24.09768,25.607712,28.588383,26.021666,25.366194,29.858122,31.421436,29.513275,28.692484,24.682192,24.339113,20.518417,20.437263,14.243469,15.700069,12.517096,15.155474,14.596425,8.958017,13.430276,13.6784115,13.985927,14.758652,13.453987,12.98109,6.7953014,12.0071745,9.863615,11.319109,13.550577,14.111705,18.23332,17.981102,21.862194,25.25743,21.622007,19.760208,15.415866,18.603708,12.61925,15.341777,13.454954,15.636241,16.535175,17.746983,19.569279,22.808596,23.638168,23.216059,19.248056,18.146286,19.29378,15.68703,18.819105,14.167567,19.650188,15.022223,19.64181,22.194386,19.992868,16.733356,14.953524,11.376537,9.111848,6.3628078,5.0543222
31,24.631886,22.585476,19.96207,16.005648,16.116732,12.026045,14.79508,12.744425,12.069616,15.409536,14.141089,18.555014,15.07784,11.836252,11.036561,9.077512,8.291539,11.371217,11.072416,14.883011,16.620686,20.457144,22.29582,23.508833,20.615656,18.672543,15.631669,11.668182,9.596135,5.701408,7.062562,0.0,7.410332,7.8319855,11.084544,13.097986,15.726922,16.516842,15.182691,13.518693,18.35376,14.849605,20.896212,18.25412,24.292192,26.0349,27.287415,30.728598,31.700445,35.120327,32.838676,31.597557,36.18029,38.14494,36.204796,35.602283,31.448793,31.372437,27.562767,27.242744,21.188673,22.236242,18.824484,20.56504,18.841871,13.332299,15.635982,13.933554,14.312757,12.042266,13.75414,13.6611395,10.128192,15.404779,13.970058,16.900328,18.667442,20.293228,23.603123,23.958408,27.487785,30.973053,27.759373,25.94603,21.767157,24.749796,18.882875,21.515638,18.907713,20.916426,20.696207,22.289316,22.565187,26.272438,27.10694,26.599062,23.29794,21.891582,24.382025,19.797153,24.137436,19.264544,25.046724,20.51439,24.929237,27.472918,24.79501,21.736399,19.390404,17.12672,13.812285,12.446828,8.974571
32,30.540695,28.04045,25.173954,21.343344,20.279837,16.643793,17.082867,13.815921,10.9091425,13.205276,9.800518,12.779575,11.444284,7.7886076,10.900492,8.556358,11.225764,13.690614,15.564726,18.658012,21.604374,25.311302,27.036211,29.184214,26.559742,24.490238,21.616676,17.255596,13.910551,11.270585,8.082245,7.410332,0.0,6.124976,4.8591814,7.1283274,8.607674,9.12335,8.212606,7.402665,12.652507,11.040078,17.40025,16.296219,22.05569,25.608171,26.356726,30.659971,32.43917,35.165676,32.08794,31.070871,35.824455,37.201603,34.407063,33.740738,29.245306,29.518932,25.389376,23.73653,18.985287,18.6759,15.221991,16.89357,13.175748,8.686887,10.499632,8.060034,10.677771,10.418168,12.170206,14.069427,10.416068,15.9063635,15.930631,17.821878,20.866425,21.622501,26.005919,25.705214,29.725079,33.02091,29.112679,26.926964,22.422419,24.691998,18.481573,19.554657,16.120298,16.799824,15.68197,16.444916,16.377174,20.625256,22.100027,22.398752,19.406673,19.126661,22.280085,18.431301,23.678513,20.204777,26.45545,22.309193,27.232641,29.953964,28.018707,24.690954,22.930235,19.329777,16.994028,13.750782,11.668458
33,29.317656,27.529228,23.791288,20.932678,20.204826,15.185258,17.348322,12.516023,11.73241,11.827645,10.429653,13.107171,8.861767,6.2065277,7.909623,9.094876,10.833684,15.114668,16.473146,20.188778,22.825624,26.52927,29.051413,30.379292,27.843708,26.270027,22.466722,19.19624,16.435947,13.141176,12.079439,7.8319855,6.124976,0.0,5.4648676,7.94086,11.623524,12.294822,13.277447,12.371089,17.928846,15.924011,22.297873,21.186811,26.618233,30.247627,30.583828,34.893295,35.97024,39.26566,36.556053,34.560886,39.453106,41.444126,38.58003,38.349472,33.644733,34.50425,30.536564,29.047712,24.558945,24.522232,21.138826,23.018095,19.03554,14.807458,16.016329,12.499795,15.235824,12.616988,16.573542,18.315397,15.384287,20.932743,20.48926,22.855167,25.327093,26.176308,30.20415,29.714985,33.604275,36.81561,33.10856,30.680214,26.26329,28.129744,22.100334,23.26894,19.480038,20.434725,18.660524,20.356508,18.77826,22.79884,23.852047,23.733023,21.477404,20.627064,24.780857,20.102793,26.208345,22.657417,29.230793,25.335743,30.250599,33.121174,31.134895,27.808743,26.41571,23.137262,20.672857,18.329357,15.650929
34,33.492207,31.235731,27.78617,24.56515,23.282234,19.088903,19.603054,15.034965,12.473489,12.4480915,9.018545,9.976297,8.7217455,5.862038,10.834834,10.571722,13.859986,17.003838,19.268778,22.445818,25.613352,29.27166,31.395735,33.416973,30.911428,29.041628,25.727095,21.787098,18.435163,15.696364,12.725724,11.084544,4.8591814,5.4648676,0.0,3.9333582,6.3858232,6.9122167,8.682485,8.88416,14.080088,13.727373,19.82719,19.666618,24.828154,29.29732,29.522453,34.19863,35.93491,38.624973,35.39526,33.909126,38.77873,40.20214,36.92195,36.501328,31.753988,32.58552,28.466612,26.174276,22.507624,21.592604,18.345814,19.92479,14.905291,11.902834,12.441866,8.696983,12.760492,11.973628,15.212203,17.886566,15.048035,20.311356,20.714455,22.475111,25.642159,26.129644,30.679018,30.025118,34.13464,37.27602,33.211407,30.743656,26.222603,27.854921,21.757082,22.022161,18.014551,17.967552,15.734493,16.485048,14.882244,19.360725,21.022991,21.640621,19.500504,19.616926,23.768974,19.941675,26.085173,23.34994,29.893215,26.134687,31.205538,34.06463,32.419025,29.011965,27.666933,23.814655,21.76557,18.465843,16.525969
35,36.661705,34.50164,31.157743,27.796194,26.774363,22.470366,23.328482,18.882738,16.326204,16.266418,12.71725,12.582191,12.004829,9.634697,14.525059,14.333844,17.35389,20.457748,22.414074,25.659477,28.57971,32.31421,34.109295,36.07916,33.320065,31.119267,28.361588,23.967028,20.920195,17.917053,15.139186,13.097986,7.1283274,7.94086,3.9333582,0.0,4.7082195,7.2229786,9.537214,11.102289,15.595966,16.281633,22.155418,22.116453,27.4085,31.741243,32.284954,36.883667,38.951324,41.373276,37.960915,37.021557,41.806374,42.891907,39.626743,38.94299,34.340443,34.783,30.559261,27.983013,24.228323,22.859623,19.607868,20.190771,14.894437,12.741627,11.392004,6.865961,11.0279665,9.973249,13.972787,17.274363,15.857967,20.558561,21.793262,23.80441,27.223152,28.19391,32.651188,32.51103,36.568897,39.85494,35.826103,33.602272,29.081879,31.000406,24.861689,25.096968,21.226858,20.830618,18.547354,18.510258,17.00258,21.692938,23.719645,24.726131,22.7203,23.181852,27.193121,23.644535,29.57987,26.794474,33.179817,29.233593,34.216713,36.951275,35.08407,31.764772,29.789846,26.283775,23.82533,20.378027,18.160635
