,0,1,2,3,4,5,6,7,8,9,10,11,12,13,14,15,16,17,18,19,20,21,22,23,24,25,26,27,28,29,30,31,32,33,34,35,36,37,38,39,40,41,42,43,44,45,46,47,48,49,50,51,52,53,54,55,56,57,58,59,60,61,62,63,64,65,66,67,68,69,70,71,72,73,74,75,76,77,78,79,80,81,82,83,84,85,86,87,88,89,90,91,92,93,94,95,96,97,98,99,100,101,102,103,104,105,106,107,108
0,0.0,4.037931,6.536579,9.904132,12.797701,14.31931,17.84443,20.951813,23.513443,26.521612,28.914381,32.098377,33.210773,30.356617,33.903744,28.415651,29.477518,26.89996,28.71859,29.381477,30.990723,33.876743,34.723114,36.015324,38.101166,38.20912,34.250027,36.65114,33.873936,38.10132,32.47963,39.01785,36.627495,37.27113,33.70746,31.094807,29.172213,30.51558,28.427094,26.226217,24.904997,26.402578,24.719124,20.618725,21.805012,23.261969,20.679003,16.284664,17.956787,19.387693,24.215124,20.557697,24.170622,26.712233,27.983465,30.597172,29.035091,33.241077,33.976192,30.935022,33.06351,37.33539,41.185726,41.53706,38.0715,38.17978,43.17392,43.691685,38.82446,40.871155,44.407185,44.557446,38.68701,42.88076,38.374973,42.62918,40.546555,35.611683,37.197914,32.07454,31.579468,29.472353,27.627047,27.199764,29.593744,27.082756,32.28081,31.48201,35.72502,37.103714,40.62064,41.058315,42.857117,39.50458,36.012608,38.23395,31.683558,35.510674,30.68497,33.840885,31.957455,31.609499,35.819427,35.909916,41.26782,38.178272,43.092094,42.39085,46.491856
1,4.037931,0.0,4.900448,6.322526,9.66182,11.733486,14.531665,18.198797,20.21787,23.601084,25.824816,29.019798,29.834787,26.903996,30.096195,24.546423,25.507612,22.864603,24.781181,25.428738,27.209673,30.160221,31.206802,32.21056,34.20348,34.227245,30.264668,32.656807,29.94278,34.212994,28.760555,35.458344,33.300304,34.13479,30.337563,27.629648,26.037136,27.418962,24.937794,22.68439,21.84771,23.042595,21.021479,17.1391,18.78158,19.780218,16.836906,12.942426,15.065124,16.900618,21.267584,17.36569,21.588541,24.050703,24.870752,27.157148,25.403925,29.570662,30.653082,27.785225,29.512564,33.919388,37.746765,38.328667,34.81804,34.682114,39.584282,40.001614,35.053123,37.0675,40.512623,40.60892,34.709236,38.881832,34.386784,38.685318,36.685184,31.749834,33.561058,28.364763,28.125721,26.291624,24.092405,23.485254,25.69897,23.217323,28.287872,27.546824,31.78836,33.236954,36.77842,37.30939,39.312317,35.887623,32.352844,34.54373,28.031023,31.723381,27.110529,30.07366,28.427177,28.24909,32.35908,32.2769,37.583965,34.30746,39.2043,38.408157,42.49247
2,6.536579,4.900448,0.0,5.4057074,6.855011,8.202582,11.775682,14.630679,17.5201,20.2447,22.966019,25.938372,27.307337,24.399471,28.507063,23.366325,24.717527,22.936804,25.01569,26.55604,28.887768,31.819874,33.562424,33.96394,35.566525,35.129128,31.043404,32.918083,29.881569,33.82303,28.104603,34.472458,31.411808,32.647293,29.36758,26.230387,24.378656,26.628914,24.44528,21.683914,20.93954,23.480429,21.151026,16.791134,19.155237,21.316813,17.871027,13.878951,17.241806,18.299515,22.77954,20.038588,24.314209,26.161686,27.12511,29.17509,26.672606,30.905159,32.536358,29.085878,30.155664,35.086006,38.648453,39.17045,35.14522,34.722878,39.813213,39.83572,35.051247,37.694626,40.604855,40.3791,34.520042,38.35345,33.67204,37.589474,35.194725,30.30266,31.385721,26.50062,25.653055,23.447123,21.8843,22.05956,24.702412,23.001621,28.077366,28.342064,32.53427,34.513298,37.930817,38.828186,41.29773,37.32487,33.600967,35.316444,28.711954,31.589748,26.280798,29.14744,26.83249,26.145573,30.247465,30.643923,35.72111,33.150738,38.03353,37.633347,41.86056
3,9.904132,6.322526,5.4057074,0.0,3.8617156,7.965228,8.61328,13.312139,14.8725815,18.426275,20.903032,23.767544,24.482668,21.2757,24.432158,19.16317,19.942461,17.976551,19.66885,21.320847,23.624842,26.50943,28.487295,28.846,30.393728,30.002419,26.160208,28.22483,25.54387,29.673317,24.527548,31.315622,28.864002,30.519005,26.70424,23.38336,22.363726,24.583805,21.50588,18.681585,19.130636,20.69821,17.634754,14.067489,17.285862,17.998503,13.821634,11.590308,15.266621,17.218504,20.565737,16.971798,22.175432,24.094969,24.081772,25.441242,22.883413,26.88738,29.071705,26.331131,26.724382,31.699724,35.270714,36.293797,32.39687,31.529484,36.311527,36.193672,31.182096,33.523422,36.319817,35.981216,30.000465,33.73189,29.029726,33.036125,30.839577,25.876886,27.390268,22.19503,21.832623,20.014288,17.799318,17.335838,19.816881,17.723957,22.912992,22.980217,27.177423,29.185793,32.553753,33.482723,36.04039,31.970293,28.230158,29.941298,23.368809,26.327187,21.332262,24.16707,22.271538,21.995296,26.069162,26.086786,31.368217,28.3569,33.277225,32.792732,36.9561
4,12.797701,9.66182,6.855011,3.8617156,0.0,5.585294,5.3061576,9.895087,11.881734,15.024222,17.909801,20.52112,21.579393,18.328093,22.162516,17.334349,18.426317,17.36763,19.219421,21.645931,24.439484,27.255846,29.824074,29.558474,30.707882,29.88898,26.007092,27.56293,24.667482,28.455812,23.238266,29.717989,26.60307,28.714432,25.288355,21.569141,20.544554,23.522663,20.57778,17.323044,18.170483,20.69131,17.3129,13.65135,17.554,18.991606,14.513543,12.675942,17.103691,18.48456,21.596558,19.004112,24.145037,25.532156,25.505238,26.54432,23.385084,27.313852,30.00811,26.929003,26.620071,31.976055,35.26634,36.311394,32.041702,30.847025,35.683018,35.19223,30.344818,33.177998,35.44868,34.811733,28.914946,32.293564,27.464922,31.113012,28.600927,23.697561,24.620214,19.690147,18.856306,16.822279,15.034746,15.322878,18.123758,16.923473,21.909128,22.96254,27.0117,29.47311,32.6889,33.950035,36.93087,32.460377,28.618237,29.872305,23.386278,25.452007,19.9863,22.565966,20.154978,19.462723,23.45995,23.848473,28.868557,26.437235,31.311916,31.14575,35.405766
5,14.31931,11.733486,8.202582,7.965228,5.585294,0.0,6.1797814,6.7198634,9.882844,12.274759,14.856654,17.907406,19.48443,16.896172,21.864449,17.209583,19.571918,18.831202,22.180546,24.09485,27.509254,30.56909,33.062737,31.87103,32.794506,31.570293,27.105839,28.031448,24.449041,27.773052,21.720888,27.480923,23.672056,25.268124,22.509941,19.017168,17.01928,20.217535,18.358295,15.130348,14.750191,18.817656,16.23806,11.694822,15.095873,18.609348,14.993601,11.641203,16.423807,16.438646,20.059824,19.502577,23.593552,24.240105,25.140516,26.657867,23.069452,27.20076,29.569921,25.406534,25.337984,30.84379,33.891685,34.36817,29.746962,28.89778,34.10618,33.67071,29.25566,32.72495,34.9609,34.494896,28.935522,32.529503,27.90896,31.514801,28.868843,24.234896,25.038542,20.772873,19.866188,18.246885,16.574734,17.822124,20.02741,20.150677,24.003113,25.782745,29.664162,32.182724,35.5602,37.001415,40.341503,36.124393,32.328133,33.52037,27.354877,28.67274,23.579292,25.266483,22.94032,21.967361,25.407207,26.008883,30.096571,28.02231,32.64178,32.20564,36.513783
6,17.84443,14.531665,11.775682,8.61328,5.3061576,6.1797814,0.0,6.0856857,6.873161,10.239509,13.062766,15.449726,16.373545,13.047652,17.203527,12.820079,14.375495,14.364078,16.847065,19.758575,23.242878,26.01873,29.180307,27.84844,28.456568,27.08373,23.129986,24.017443,20.92773,24.285057,19.202442,25.360048,21.911474,24.597801,21.394377,17.278448,16.712332,20.372446,17.29134,13.672376,15.57352,18.588722,14.768903,11.730316,16.451628,18.085419,13.453132,13.016368,17.90604,18.858267,20.95597,19.541197,24.583464,25.249876,24.875862,25.286486,21.456156,25.09899,28.475433,25.28268,23.900614,29.583685,32.473732,33.68007,29.114332,27.419514,32.142742,31.227577,26.578938,29.869791,31.529224,30.608173,24.87829,27.927103,23.073017,26.443645,23.740438,18.946291,19.669764,15.023166,14.198428,12.697699,10.592796,11.692195,14.232066,14.511132,18.548834,20.807034,24.538076,27.427744,30.509481,32.168278,35.734276,31.061304,27.217321,28.010115,21.972939,22.774448,17.521751,19.169233,16.77065,15.929631,19.430563,19.910774,24.325169,22.204042,26.932888,26.826817,31.145054
7,20.951813,18.198797,14.630679,13.312139,9.895087,6.7198634,6.0856857,0.0,4.8729177,5.660934,8.969472,11.470086,13.576045,11.15075,17.21104,13.889601,16.791668,17.682203,21.218723,23.926302,27.910841,30.745779,33.998226,31.773901,31.99968,30.113228,25.804695,25.779373,22.057304,24.54393,18.828405,23.70914,18.903357,21.527765,19.524202,15.400338,13.8542795,18.409391,16.70536,13.020954,14.006569,18.975075,15.979697,12.5258665,16.709904,20.32249,16.613972,15.150938,20.159359,19.783106,22.082163,22.708538,26.7336,26.576668,26.997902,27.669617,23.345728,26.969791,30.216017,26.003092,24.457066,30.320566,32.738026,33.41166,28.371504,26.798523,31.787209,30.653591,26.675587,30.81043,32.017563,31.0478,25.884075,28.74057,24.162794,27.042923,24.01396,19.785955,19.714157,16.376907,15.007476,13.810365,12.698648,15.237262,17.204823,19.083014,21.79758,25.046518,28.406963,31.470888,34.507294,36.427185,40.378475,35.787434,32.025047,32.523293,26.954496,26.720747,21.721106,22.42351,19.832302,18.4277,21.10139,22.114723,25.216438,24.07327,28.324415,28.257261,32.558437
8,23.513443,20.21787,17.5201,14.8725815,11.881734,9.882844,6.873161,4.8729177,0.0,4.711947,6.2962546,9.003618,9.80506,7.029641,12.503944,9.123481,12.3753805,13.673051,17.730839,20.242865,24.51466,27.29764,30.712406,27.855381,27.79711,25.677086,21.389866,21.069736,17.374022,19.758673,14.367772,19.496086,15.270627,18.36813,15.843896,11.414394,11.0237055,15.609036,13.125731,9.323455,11.975905,16.089241,12.6227255,10.512255,15.170058,17.802984,14.128497,14.436704,19.22025,19.12696,20.12587,20.973698,25.078318,24.624638,24.36233,24.372334,19.817284,23.060972,26.806337,23.042606,20.628698,26.547342,28.776995,29.813976,24.829853,22.787436,27.514946,26.191277,22.135067,26.271185,27.247618,26.199202,21.04043,23.890182,19.35738,22.39296,19.536274,15.293165,15.970084,12.579738,12.176682,12.294847,9.948109,12.282423,13.297339,15.9892,17.643272,21.310194,24.384745,27.500034,30.486578,32.5422,36.74619,32.30561,28.672653,29.070723,24.005543,23.220827,19.12658,18.973667,17.184622,16.28237,18.371439,18.880537,21.577932,19.939371,24.083538,23.664108,27.94409
9,26.521612,23.601084,20.2447,18.426275,15.024222,12.274759,10.239509,5.660934,4.711947,0.0,4.3626866,5.867958,8.531786,6.8085356,13.750235,12.234067,15.562281,17.74236,21.483095,24.392172,28.720829,31.33419,34.99531,31.851704,31.483295,29.063524,24.959532,24.02162,20.279493,21.786518,16.655645,20.31159,14.746409,18.28963,17.12282,12.768166,11.94929,17.249565,15.876789,12.352561,14.392252,19.48058,16.550287,14.44993,18.583971,22.025026,18.70011,18.530382,23.31219,22.657068,23.826214,25.419369,29.130995,28.33001,28.404146,28.422308,23.711134,26.731178,30.509987,26.380598,23.69755,29.588627,31.36897,32.163456,26.937244,24.805647,29.434666,27.733307,24.333136,28.953396,29.24567,27.911633,23.349768,25.520212,21.238127,23.395433,20.15527,16.61256,15.885359,13.918666,12.5342245,12.463127,11.700923,15.03351,16.189114,19.599884,20.806047,25.1277,27.864393,31.205345,33.92909,36.190002,40.587685,35.946552,32.35887,32.347652,27.573051,26.025545,21.70899,21.23174,18.886278,17.361372,18.875614,20.059214,21.802765,21.448248,25.114546,25.187346,29.351719
10,28.914381,25.824816,22.966019,20.903032,17.909801,14.856654,13.062766,8.969472,6.2962546,4.3626866,0.0,3.940154,5.5231576,5.5319214,11.925374,10.96698,14.966453,17.15209,21.755106,23.89148,28.458462,31.121817,34.615005,30.749949,30.154634,27.491646,23.193228,21.71486,17.711535,18.632544,13.377356,16.20576,10.421734,13.9985,13.176752,9.002724,8.416266,13.83943,12.972505,9.965746,12.189634,17.215353,14.8472185,13.626755,17.205357,20.75683,18.232403,18.533922,22.876823,21.845663,22.191292,24.84229,27.923536,26.567846,26.648533,26.486282,21.638273,24.335722,28.078695,23.798138,20.717585,26.48527,27.899998,28.562777,23.266483,21.06145,25.635693,23.88042,20.879822,25.806149,25.948263,24.781704,20.676022,23.003105,19.18852,21.418438,18.480116,15.465161,15.535265,14.266871,13.935635,15.05773,13.505298,16.430885,16.441668,20.449749,20.375208,24.868235,27.26163,30.43507,33.199146,35.515503,40.100025,35.892284,32.509766,32.55116,28.328125,26.413223,23.175251,21.848915,20.41316,19.3457,20.129515,20.84728,21.64652,20.96634,24.178583,23.642334,27.641748
11,32.098377,29.019798,25.938372,23.767544,20.52112,17.907406,15.449726,11.470086,9.003618,5.867958,3.940154,0.0,4.1036224,5.22854,11.483796,12.400222,15.845287,18.940496,22.841967,25.545723,30.063845,32.43146,36.295296,32.240906,31.29254,28.392096,24.587461,22.67293,19.06524,19.285206,15.17902,16.942259,10.767539,15.286138,15.237351,11.230448,11.510668,16.804842,15.957276,13.193326,15.902081,20.542864,18.014046,17.315216,20.994814,24.101059,21.417706,22.25532,26.611893,25.720182,25.790869,28.284658,31.517433,30.10733,29.876778,29.293192,24.41579,26.68147,30.798466,26.877253,23.18467,28.817276,29.844086,30.717684,25.483238,22.847479,26.900623,24.634525,22.079994,27.086363,26.389133,24.75017,21.135605,22.520817,18.894167,20.168755,16.92367,14.605459,13.457508,13.509767,12.703741,14.13397,13.480643,16.866022,16.857002,21.448698,20.912903,25.996752,27.981821,31.408676,33.79542,36.32252,41.080997,36.61831,33.326523,32.8995,29.106705,26.393225,23.216694,21.472658,19.81719,18.478735,18.549397,19.636778,19.550432,19.923435,22.65765,22.66839,26.506933
12,33.210773,29.834787,27.307337,24.482668,21.579393,19.48443,16.373545,13.576045,9.80506,8.531786,5.5231576,4.1036224,0.0,3.813857,7.937612,9.759361,13.174415,16.457579,20.572342,22.84724,27.413795,29.682152,33.516457,29.023771,27.857143,24.8078,21.122387,18.880398,15.41331,15.297316,11.859411,13.554895,8.285444,13.3827505,12.724789,8.754149,10.548943,15.240902,13.792071,11.490049,15.190159,18.66577,16.06779,16.531075,20.134176,22.305103,19.910961,21.80173,25.7701,25.145582,24.311728,26.826075,29.992073,28.440891,27.683426,26.593206,21.742867,23.537405,27.941753,24.551264,20.2199,25.69891,26.53567,27.75057,22.70249,19.648746,23.34999,20.909122,18.323242,23.272936,22.345816,20.649538,17.135246,18.502121,15.0464945,16.485966,13.515608,11.422834,11.397792,11.669625,12.123391,14.618147,12.97363,15.705952,14.693911,19.668703,18.070047,23.271725,24.904106,28.233923,30.55288,33.124046,37.992702,33.803898,30.706726,30.270567,27.009764,23.99723,21.837206,19.41001,18.691216,17.954475,17.522596,17.960064,17.414135,17.109571,19.612755,19.106453,22.882875
13,30.356617,26.903996,24.399471,21.2757,18.328093,16.896172,13.047652,11.15075,7.029641,6.8085356,5.5319214,5.22854,3.813857,0.0,7.0644135,7.5137777,10.640598,13.980018,17.652384,20.477386,24.9434,27.237766,31.199326,27.270298,26.357382,23.561295,19.909225,18.340046,15.031698,15.960119,12.304062,15.797097,11.384475,16.069609,14.314836,9.801753,11.493267,16.223167,13.785762,10.782417,14.957967,18.167496,14.799655,14.923278,19.189367,20.856234,17.728235,19.80986,24.046816,23.932156,23.4455,24.93826,28.758066,27.710371,26.709013,25.640755,20.861208,22.985758,27.537973,24.434273,20.372744,26.075443,27.431452,28.907042,23.959042,20.954275,24.823711,22.615597,19.250744,23.759987,23.303774,21.585318,17.215055,18.845518,14.6524515,16.61055,13.458434,10.142373,10.211442,8.907023,9.157125,11.368491,9.331581,12.153247,11.700837,16.394125,15.716174,20.786417,22.81351,26.274557,28.68359,31.179625,35.900166,31.403795,28.104353,27.748968,23.976484,21.369123,18.535305,16.658373,15.540333,14.769571,15.037958,15.494516,16.254072,15.48396,18.788042,18.564934,22.6593
14,33.903744,30.096195,28.507063,24.432158,22.162516,21.864449,17.203527,17.21104,12.503944,13.750235,11.925374,11.483796,7.937612,7.0644135,0.0,5.9276214,6.96725,11.149526,14.215184,16.504011,20.824764,22.653225,26.772577,22.099072,20.595524,17.460592,14.597388,12.412,10.236176,10.625413,10.073091,13.542206,12.291836,16.945862,14.258817,10.775066,14.458087,17.514193,13.995228,12.252778,17.562881,18.199627,14.689134,16.996244,20.917625,20.363508,17.689425,21.806171,25.166897,25.74169,23.728262,24.68035,28.52441,27.444927,25.232586,22.968979,18.557724,19.448505,24.70627,23.164234,17.934647,22.998323,23.989534,26.34833,22.131174,18.334927,20.991894,18.406538,14.891512,18.682241,17.497019,15.339661,10.92765,11.953301,7.6140866,9.94094,7.4010396,4.0850406,7.625486,6.9474063,10.028878,13.790012,10.658445,11.514011,8.703395,14.067082,10.75472,16.291643,17.318333,20.747866,22.780382,25.457777,30.427366,26.269754,23.413961,22.797728,20.380066,16.843668,16.385683,12.954574,14.010858,14.569911,13.590023,12.588731,12.389582,10.004118,12.865795,11.751783,15.83803
15,28.415651,24.546423,23.366325,19.16317,17.334349,17.209583,12.820079,13.889601,9.123481,12.234067,10.96698,12.400222,9.759361,7.5137777,5.9276214,0.0,4.4958344,6.7001944,11.571652,13.216787,17.81867,20.337149,23.958603,19.963825,19.344578,16.855295,12.807941,12.132677,8.996653,11.736959,8.460159,14.618818,13.534735,16.99006,13.018639,9.178985,12.10445,14.813087,10.38261,7.9994593,13.424914,13.716308,9.528997,11.540662,15.802262,15.055766,11.901499,16.013815,19.443829,20.31634,18.709557,19.08307,23.286856,22.622051,20.594242,18.930557,14.419793,16.386738,21.266926,19.334333,15.124626,20.682318,22.635458,24.754915,20.452904,17.379763,21.0494,19.456755,14.879622,18.347574,19.013248,17.823841,12.246207,15.328254,10.745237,14.728811,12.822755,8.452837,12.16613,8.585188,11.332169,13.892111,9.611051,9.651431,7.400358,11.290905,9.889909,14.082732,16.401934,19.47226,22.342142,24.576101,29.152489,25.166122,21.932627,22.24864,18.510418,16.880861,15.52473,13.571175,14.345413,15.0502405,15.829739,14.71933,16.789547,13.214415,17.133018,15.582841,19.769518
16,29.477518,25.507612,24.717527,19.942461,18.426317,19.571918,14.375495,16.791668,12.3753805,15.562281,14.966453,15.845287,13.174415,10.640598,6.96725,4.4958344,0.0,4.8848786,7.5601687,10.213038,14.509735,16.62622,20.743223,17.07431,16.33021,14.000621,10.968969,10.994349,9.535559,12.574915,11.506796,17.511217,17.355988,20.952696,16.817917,13.40133,16.547318,18.817923,14.018693,12.059127,17.41243,16.574747,12.150001,14.588299,18.858126,16.558916,13.013243,18.149424,21.22249,22.876534,20.984795,19.911554,24.700287,24.54179,21.685675,19.350647,15.4763975,16.81435,22.072536,21.419254,17.05718,22.05823,24.075329,26.777594,23.064636,19.759716,22.638231,20.969934,16.213436,18.603197,19.036137,17.524448,11.704165,14.1154,9.2258005,13.248345,11.736812,7.0721645,11.437275,7.1206117,10.713289,13.447859,8.928469,7.2963376,3.6768398,7.6319366,5.4980903,10.165564,12.371292,15.774429,18.397211,20.719013,25.31717,20.962967,17.707014,17.80847,14.291046,12.416138,11.813213,9.574241,11.366745,12.884521,13.588382,11.727536,14.649165,10.036369,14.393492,13.023653,17.224686
17,26.89996,22.864603,22.936804,17.976551,17.36763,18.831202,14.364078,17.682203,13.673051,17.74236,17.15209,18.940496,16.457579,13.980018,11.149526,6.7001944,4.8848786,0.0,6.600376,6.749549,11.325816,14.146855,17.47219,14.213508,14.335665,12.79064,8.905839,10.5797415,9.1246805,13.439874,11.645183,18.579927,19.321623,21.843973,16.963972,14.210357,16.877174,18.046019,12.84267,11.431625,16.16252,13.899184,9.46557,12.332379,16.110607,12.482196,8.983747,14.921601,17.29541,19.505175,17.36564,15.3679695,20.367989,20.628693,17.461971,15.254144,11.810794,13.593429,18.464058,18.228756,14.775599,19.530287,22.213562,24.88205,21.584671,18.8915,22.001455,21.170849,15.911538,17.481577,19.354855,18.700874,12.616954,16.335484,12.077483,16.85165,16.036688,11.7350445,16.32131,11.756335,14.940425,16.939068,12.208763,9.811593,7.226145,7.610877,6.9355426,8.394571,11.585732,14.095037,17.486881,19.245552,23.392424,19.706184,16.420828,17.608206,13.550154,13.790728,13.620259,12.553437,14.608177,16.345722,17.800558,15.775139,19.254427,14.081101,18.277042,16.217844,20.057886
18,28.71859,24.781181,25.01569,19.66885,19.219421,22.180546,16.847065,21.218723,17.730839,21.483095,21.755106,22.841967,20.572342,17.652384,14.215184,11.571652,7.5601687,6.600376,0.0,6.03343,8.601677,10.292353,14.812434,13.208413,13.315748,12.52678,11.324422,13.615851,14.079423,17.781366,17.674501,24.057209,24.737787,27.881994,23.235027,20.252523,23.039694,24.601877,19.421968,17.775242,22.5125,20.325315,15.917226,18.18808,22.158579,17.92055,14.05615,19.797691,22.05882,24.930592,23.123173,19.482609,25.077057,26.020967,22.32423,19.6967,17.307446,18.326159,23.18737,24.114363,20.707853,24.781002,27.339136,30.463707,27.636295,24.704245,27.02092,25.908411,20.866796,21.490995,22.6585,21.44089,15.762003,17.88905,13.742226,17.481495,16.845654,12.828769,16.621706,11.8890705,14.861393,16.459295,12.342956,8.468934,6.605689,3.243866,4.807709,4.4417806,7.9793835,11.111352,13.766077,15.55196,19.468937,14.605522,10.943101,11.736124,7.074827,8.019455,8.54446,8.390142,11.253068,13.818615,15.440041,12.888666,17.650003,12.2337885,16.600466,15.552147,19.042871
19,29.381477,25.428738,26.55604,21.320847,21.645931,24.09485,19.758575,23.926302,20.242865,24.392172,23.89148,25.545723,22.84724,20.477386,16.504011,13.216787,10.213038,6.749549,6.03343,0.0,4.6902294,7.653312,10.758307,8.176349,9.131561,9.162945,7.3791,11.097255,12.130104,16.30287,16.557228,22.976608,25.11121,27.220228,22.0905,20.168095,22.995798,23.179985,17.976768,17.443127,21.656675,17.737116,14.166177,17.465952,20.288616,14.586701,12.168836,18.586702,19.535252,22.63781,19.802773,15.979139,20.967245,21.929123,17.581495,14.450784,13.050314,13.467959,17.972754,20.004435,17.077986,20.237545,23.061703,26.321959,24.27321,21.781818,23.73498,23.375574,18.210623,17.697622,20.067379,19.772976,14.28674,17.627968,14.476121,19.05618,19.339502,15.877278,20.751768,16.461575,19.870777,21.773966,17.288223,13.825543,11.249878,8.927146,7.8526864,3.8606327,7.172551,8.306324,12.126934,13.242192,16.934353,13.884814,10.962456,13.174444,10.15455,12.205797,14.499302,13.804585,17.171185,19.680933,20.988194,18.255577,22.008278,16.028479,19.61784,17.187328,20.137774
20,30.990723,27.209673,28.887768,23.624842,24.439484,27.509254,23.242878,27.910841,24.51466,28.720829,28.458462,30.063845,27.413795,24.9434,20.824764,17.81867,14.509735,11.325816,8.601677,4.6902294,0.0,3.5260725,6.3700676,6.464319,8.456093,10.161083,10.451436,14.455277,16.307383,20.211578,21.060743,27.264067,29.733587,31.738684,26.557947,24.819344,27.588295,27.525257,22.37755,21.980373,25.923475,21.59676,18.354675,21.450188,23.947657,17.65921,15.600007,21.734407,22.065464,25.613136,22.800837,17.905128,22.808897,24.307627,19.618141,16.403587,16.255827,16.156029,19.955803,23.009752,20.647963,22.935286,25.790936,29.218216,27.809994,25.524828,26.948511,26.82291,21.864416,20.407167,22.881083,22.714663,17.799295,20.612373,18.024485,22.167677,22.814514,19.694342,24.348623,20.121935,23.385769,25.02169,20.810177,16.982983,14.861604,11.408141,11.077463,5.214536,7.201282,6.459282,10.051004,10.211999,12.977634,10.389092,7.888483,11.131808,9.056142,12.724336,15.929231,15.872399,19.465263,22.220789,23.602877,20.693756,24.731085,18.719046,21.941404,19.697039,22.03219
21,33.876743,30.160221,31.819874,26.50943,27.255846,30.56909,26.01873,30.745779,27.29764,31.33419,31.121817,32.43146,29.682152,27.237766,22.653225,20.337149,16.62622,14.146855,10.292353,7.653312,3.5260725,0.0,5.2392945,6.6643233,8.179263,10.422557,12.345235,16.039436,18.571558,22.030506,23.700079,29.524931,32.186584,34.41439,29.347626,27.611715,30.609882,30.634546,25.485172,25.092321,29.239841,24.919918,21.678457,24.860706,27.433605,21.124506,19.09947,25.228426,25.554377,29.129526,26.221619,21.3083,26.067234,27.569334,22.729467,19.265549,19.367228,18.757402,22.558813,26.078402,23.45311,25.3668,27.933113,31.586493,30.449263,27.975054,28.874266,28.581808,23.89398,22.019123,23.984138,23.607864,19.20377,21.233938,19.082193,22.660025,23.614038,20.96517,25.416449,21.556854,24.831577,26.537722,22.607061,18.657076,16.520388,13.062957,12.30552,6.506911,6.628225,4.9017434,7.4794946,7.2084,9.774536,6.9235325,5.016531,8.585927,8.452782,12.026513,16.363613,16.196318,20.152147,23.108252,24.156002,21.06616,24.9439,19.016632,21.750254,19.73109,21.53251
22,34.723114,31.206802,33.562424,28.487295,29.824074,33.062737,29.180307,33.998226,30.712406,34.99531,34.615005,36.295296,33.516457,31.199326,26.772577,23.958603,20.743223,17.47219,14.812434,10.758307,6.3700676,5.2392945,0.0,6.7944307,9.604522,12.840489,14.564044,18.598795,21.127752,24.674547,26.190449,31.949131,35.200714,36.75319,31.502441,30.329943,33.081837,32.344852,27.402708,27.512423,31.035593,25.928038,23.410471,26.640242,28.389696,21.483582,20.448748,26.24519,25.565231,29.342396,26.179193,20.803764,24.85451,26.690205,21.671923,18.360432,19.768694,18.85212,21.495232,25.876223,24.225483,25.144611,27.906858,31.444832,31.056128,29.16811,29.818897,30.180975,25.635338,22.95447,25.77696,26.080269,22.077482,24.65386,23.0096,26.865034,28.086292,25.499683,30.243534,26.293814,29.599058,31.207787,27.106073,23.20313,21.116425,17.523539,16.972343,11.1088,11.260373,8.1903925,10.422272,8.678655,8.891234,9.498111,9.265658,13.033631,13.18594,17.253796,21.30573,21.369686,25.186922,28.064863,29.297806,26.24274,30.014189,23.986538,26.532385,24.073925,25.558792
23,36.015324,32.21056,33.96394,28.846,29.558474,31.87103,27.84844,31.773901,27.855381,31.851704,30.749949,32.240906,29.023771,27.270298,22.099072,19.963825,17.07431,14.213508,13.208413,8.176349,6.464319,6.6643233,6.7944307,0.0,3.391792,6.5340176,8.540808,12.278456,15.347303,18.398743,20.837496,25.899935,29.79537,31.253904,26.191732,25.456135,28.660658,27.677345,22.881226,23.47168,27.341866,22.04489,19.772905,23.884375,25.54058,18.886652,18.403149,24.750446,24.345078,27.460554,23.437887,19.8751,23.368628,24.18211,18.99328,14.793479,15.56808,13.720544,17.3236,21.766838,18.981873,19.805428,22.083017,25.905373,25.49182,23.209267,23.408175,23.581207,19.256187,16.386925,18.990362,19.402784,15.735448,18.498474,17.44975,21.462898,23.098234,21.07052,26.337917,23.066576,26.859875,29.222155,24.866306,21.400253,18.291225,16.401117,13.556903,8.973551,8.124105,5.069817,8.418835,8.209157,11.334806,11.481204,10.904982,13.561565,14.233008,15.9947405,20.756918,19.33462,23.669428,26.511545,27.002235,23.823751,26.437634,20.247805,22.317862,19.04994,20.453554
24,38.101166,34.20348,35.566525,30.393728,30.707882,32.794506,28.456568,31.99968,27.79711,31.483295,30.154634,31.29254,27.857143,26.357382,20.595524,19.344578,16.33021,14.335665,13.315748,9.131561,8.456093,8.179263,9.604522,3.391792,0.0,3.6402078,7.530648,10.4210615,14.180102,16.562454,19.996351,24.44449,28.541517,30.277393,25.478731,24.772364,28.33405,27.541441,22.821259,23.442839,27.68945,22.672773,20.316769,24.696793,26.576675,20.350437,19.760292,26.254396,26.235195,29.038036,24.831787,22.063257,25.450275,25.816538,20.71623,16.2597,16.416204,14.132334,18.327747,22.58056,18.940414,19.81829,21.549633,25.589514,25.093517,22.36362,22.086044,21.824837,17.816694,14.927077,16.646217,16.724854,13.5265875,15.634502,15.107628,18.733889,20.716831,19.279339,24.561995,21.892498,25.856009,28.584997,24.356266,21.085766,17.56924,16.555237,12.4942,9.071711,6.8997536,4.3171616,6.932677,7.684418,11.857975,11.603794,11.259867,13.000925,14.622865,14.965889,20.399405,18.209032,22.869223,25.745157,25.672396,22.395308,24.300753,18.194986,19.710148,16.233397,17.297398
25,38.20912,34.227245,35.129128,30.002419,29.88898,31.570293,27.08373,30.113228,25.677086,29.063524,27.491646,28.392096,24.8078,23.561295,17.460592,16.855295,14.000621,12.79064,12.52678,9.162945,10.161083,10.422557,12.840489,6.5340176,3.6402078,0.0,5.4101877,7.2357697,11.343509,13.285172,17.271097,21.350227,25.405256,27.401266,22.832644,22.064102,25.874424,25.347107,20.71373,21.301077,25.851078,21.28964,18.809248,23.349813,25.47018,19.884523,19.132643,25.636623,26.102543,28.509787,24.273363,22.410069,25.781574,25.68584,20.863966,16.396494,15.594362,13.31551,18.205141,21.737211,17.289675,18.712147,20.09418,24.158867,23.202974,20.042208,19.780853,19.034203,15.064466,12.786826,13.751918,13.4227495,10.051065,12.040092,11.579021,15.25086,17.316965,16.174683,21.563797,19.345987,23.437273,26.490551,22.31063,19.413206,15.520064,15.634307,10.492862,8.905118,6.6075406,6.208959,8.416192,10.188425,14.908542,13.686087,12.83187,13.774892,15.092899,14.093391,19.389494,16.488487,21.173813,23.916456,23.449535,20.229074,21.506336,15.487184,16.819654,13.01867,14.321969
26,34.250027,30.264668,31.043404,26.160208,26.007092,27.105839,23.129986,25.804695,21.389866,24.959532,23.193228,24.587461,21.122387,19.909225,14.597388,12.807941,10.968969,8.905839,11.324422,7.3791,10.451436,12.345235,14.564044,8.540808,7.530648,5.4101877,0.0,4.314865,6.8256283,10.134556,12.502402,17.516619,21.291,22.921442,18.027655,17.281729,20.845167,20.144552,15.420121,16.14458,20.501425,15.907398,13.469608,18.153494,20.12979,14.875988,14.332776,20.6958,21.280525,23.380543,19.175865,18.03798,21.335814,20.970055,16.511366,12.378102,10.5793705,9.03014,14.451102,16.923811,12.426582,14.914305,16.882738,20.56344,18.885622,15.889904,16.870363,16.405958,11.55711,10.511866,12.774706,12.92515,7.979508,12.166297,10.495435,15.356936,16.61184,14.516259,20.181778,17.405209,21.402792,24.325232,19.811455,17.322102,13.484398,14.099918,9.556107,8.979902,9.152807,9.806109,13.061917,14.650996,19.056915,17.386744,15.5609665,16.931503,16.095778,15.612724,19.113554,16.536816,20.454468,22.800608,22.867327,20.045076,21.662924,15.751241,18.040539,14.222912,16.645239
27,36.65114,32.656807,32.918083,28.22483,27.56293,28.031448,24.017443,25.779373,21.069736,24.02162,21.71486,22.67293,18.880398,18.340046,12.412,12.132677,10.994349,10.5797415,13.615851,11.097255,14.455277,16.039436,18.598795,12.278456,10.4210615,7.2357697,4.314865,0.0,4.5778627,6.194508,10.419698,14.141854,18.351913,20.213032,15.840482,15.372244,19.393824,18.859253,14.618216,15.561407,20.16138,16.262041,14.129476,18.932692,20.932577,16.837032,16.461884,22.417013,23.408358,24.845924,20.534338,20.81821,23.614746,22.564718,18.615534,14.640403,12.082572,10.240258,15.805333,17.498695,11.910961,14.578466,15.61688,19.314482,17.301905,13.636556,14.180731,12.944489,8.446847,8.390293,9.174461,8.872053,3.7002492,8.409555,7.46424,12.189635,13.745344,12.575455,18.256205,16.55893,20.63643,24.038296,19.780188,17.995771,13.825983,15.993835,10.46012,11.993998,11.532137,12.804278,15.296383,17.331276,22.068779,20.252594,18.561064,19.187443,18.799782,16.90763,20.374216,16.95171,20.781845,22.881222,22.241306,19.579943,19.926405,14.541465,16.098265,11.868808,14.213009
28,33.873936,29.94278,29.881569,25.54387,24.667482,24.449041,20.92773,22.057304,17.374022,20.279493,17.711535,19.06524,15.41331,15.031698,10.236176,8.996653,9.535559,9.1246805,14.079423,12.130104,16.307383,18.571558,21.127752,15.347303,14.180102,11.343509,6.8256283,4.5778627,0.0,4.7505136,5.940622,10.975611,14.507131,16.227442,11.569389,10.903623,14.833765,14.450275,10.157718,11.125195,15.718893,12.448799,10.308123,15.018959,17.054346,14.112379,13.737812,19.073595,20.483559,21.389303,17.413683,18.739336,21.410688,20.02405,16.874184,13.756953,9.955241,9.527128,14.956276,14.887396,9.131446,13.361639,14.75547,17.745533,14.635131,11.0084,13.249105,12.077933,6.9144754,9.384475,10.801196,10.716579,5.2523494,10.552683,8.387893,13.362204,13.834199,11.839608,17.27444,15.289935,19.025345,22.24002,17.925547,16.812126,13.027851,15.796845,11.334995,13.71642,14.486053,16.204685,19.114262,21.108065,25.740734,23.50518,21.269775,22.038712,20.36313,18.746977,20.659199,17.616098,20.525969,22.133247,21.898943,19.754843,20.311054,15.48728,17.729319,14.032016,17.071308
29,38.10132,34.212994,33.82303,29.673317,28.455812,27.773052,24.285057,24.54393,19.758673,21.786518,18.632544,19.285206,15.297316,15.960119,10.625413,11.736959,12.574915,13.439874,17.781366,16.30287,20.211578,22.030506,24.674547,18.398743,16.562454,13.285172,10.134556,6.194508,4.7505136,0.0,7.0034285,8.215665,12.9773855,14.804941,11.325643,11.525403,15.792352,15.38079,12.330872,13.658543,17.978893,15.429127,14.0851145,18.55299,20.280373,18.205467,18.21383,23.080183,24.531092,24.90592,20.76858,23.08032,25.101704,23.171032,20.340004,17.170626,13.656042,12.395642,17.38505,17.225794,10.965844,14.247779,14.257094,17.23513,14.2505665,9.944399,10.916865,8.562806,4.795705,8.431834,7.507511,6.95134,3.7101512,7.9778976,7.7174306,11.447827,12.488785,12.209035,17.212051,16.770334,20.437145,24.086868,20.255201,19.709524,15.780731,19.411358,14.169832,17.29023,17.169966,18.897785,21.149498,23.364166,28.18401,26.16348,24.299582,24.534815,23.734976,21.06753,23.442717,19.676817,22.65325,24.096546,23.016815,20.999739,20.018732,16.011482,17.03205,13.071093,15.469761
30,32.47963,28.760555,28.104603,24.527548,23.238266,21.720888,19.202442,18.828405,14.367772,16.655645,13.377356,15.17902,11.859411,12.304062,10.073091,8.460159,11.506796,11.645183,17.674501,16.557228,21.060743,23.700079,26.190449,20.837496,19.996351,17.271097,12.502402,10.419698,5.940622,7.0034285,0.0,7.3355975,9.413108,10.715723,5.8949604,5.224011,9.14404,9.061305,5.5897727,6.891024,11.023663,9.746735,8.452808,12.219854,13.968257,13.728697,13.635068,17.225475,19.209106,18.956566,15.684591,18.966228,20.972847,18.929087,17.322723,15.634544,11.001794,12.090059,16.350557,13.751907,8.52609,13.915109,15.143481,16.832794,12.305917,9.057825,13.220326,12.068334,7.881491,12.545467,13.831014,13.897128,9.785764,14.264591,11.924888,16.081026,15.515564,13.348851,17.674597,16.031462,18.939226,21.846863,17.91508,18.018084,15.077429,18.519068,15.3326,18.427908,19.861452,21.856312,24.877918,26.883383,31.453165,28.948778,26.379436,27.112968,24.547598,22.945293,23.317558,20.631119,22.349684,23.204517,23.20383,21.838627,22.113829,18.470371,20.89041,17.833645,21.134312
31,39.01785,35.458344,34.472458,31.315622,29.717989,27.480923,25.360048,23.70914,19.496086,20.31159,16.20576,16.942259,13.554895,15.797097,13.542206,14.618818,17.511217,18.579927,24.057209,22.976608,27.264067,29.524931,31.949131,25.899935,24.44449,21.350227,17.516619,14.141854,10.975611,8.215665,7.3355975,0.0,7.065059,7.1819963,6.160766,8.501255,11.700568,10.965611,10.943785,12.831573,15.364783,15.004754,15.275223,18.50695,19.283564,20.037132,20.756538,23.646702,25.325329,24.25681,20.745228,25.394785,26.209105,23.353611,22.292788,20.564447,16.593212,16.430655,19.880505,17.217909,11.964096,15.434062,14.656965,15.680383,11.335029,7.737714,10.423561,8.172206,7.7918243,13.168229,12.511024,12.679737,11.876964,14.714192,14.444108,16.861212,16.791393,16.679209,20.13367,20.430609,23.093035,26.400309,23.17457,23.903402,20.794521,24.980255,20.850477,24.442846,24.982567,26.837254,29.298615,31.462414,36.198265,34.116703,31.974157,32.263985,30.65279,28.055107,29.018663,25.5765,27.375183,28.006737,27.042229,25.89882,24.334747,21.82728,22.81916,19.647833,22.036983
32,36.627495,33.300304,31.411808,28.864002,26.60307,23.672056,21.911474,18.903357,15.270627,14.746409,10.421734,10.767539,8.285444,11.384475,12.291836,13.534735,17.355988,19.321623,24.737787,25.11121,29.733587,32.186584,35.200714,29.79537,28.541517,25.405256,21.291,18.351913,14.507131,12.9773855,9.413108,7.065059,0.0,5.5282674,6.957332,6.295769,8.169772,10.608079,11.37385,11.420301,13.606598,16.335682,15.817559,17.275656,18.942537,21.58295,21.142694,22.786655,25.621685,24.128677,22.212313,26.767324,28.256136,25.694996,25.455822,24.525806,19.916069,21.085373,24.62205,20.718624,16.387186,21.032162,20.9983,21.45832,16.386652,13.704104,17.369675,15.209173,14.106413,19.58381,18.847616,18.144012,16.17942,18.36306,16.618252,18.459475,16.896973,16.099754,17.84227,18.389013,19.892582,22.66795,20.287457,22.1541,20.081514,24.7406,21.879421,26.329582,27.543224,30.117846,32.65148,35.02345,39.87579,36.818275,34.140446,34.161304,31.57443,28.82744,28.12144,25.176914,25.64931,25.487326,24.786877,24.531683,23.14672,21.928179,23.522125,21.572857,24.639322
33,37.27113,34.13479,32.647293,30.519005,28.714432,25.268124,24.597801,21.527765,18.36813,18.28963,13.9985,15.286138,13.3827505,16.069609,16.945862,16.99006,20.952696,21.843973,27.881994,27.220228,31.738684,34.41439,36.75319,31.253904,30.277393,27.401266,22.921442,20.213032,16.227442,14.804941,10.715723,7.1819963,5.5282674,0.0,5.437181,8.074084,8.286109,7.9781127,10.991933,12.447993,12.661986,15.01181,16.150427,17.564337,17.682333,20.981548,21.800737,22.677965,24.698841,22.528875,20.34352,26.182175,26.41911,23.291967,23.826746,23.502237,19.310255,20.456919,22.844969,18.232437,14.92556,18.806341,18.513231,17.958597,12.847941,11.424527,15.501652,14.374924,14.066526,19.325447,19.552523,19.855434,18.432268,21.434475,20.281313,22.65699,21.653103,20.78747,23.145622,23.177813,24.857267,27.421547,24.70699,26.241693,24.075432,28.1753,25.377012,29.051674,30.366356,32.412758,35.229507,37.323338,41.9498,39.54957,37.001026,37.4809,34.85505,32.733307,32.300556,29.548355,30.287716,30.284336,29.902739,29.441149,28.336338,26.538052,28.133274,25.60684,28.42349
34,33.70746,30.337563,29.36758,26.70424,25.288355,22.509941,21.394377,19.524202,15.843896,17.12282,13.176752,15.237351,12.724789,14.314836,14.258817,13.018639,16.817917,16.963972,23.235027,22.0905,26.557947,29.347626,31.502441,26.191732,25.478731,22.832644,18.027655,15.840482,11.569389,11.325643,5.8949604,6.160766,6.957332,5.437181,0.0,4.6556845,6.3515296,4.914056,5.903627,8.095836,9.352885,10.130074,11.009091,13.2834015,13.615356,15.847522,16.719873,18.375944,20.198792,18.639933,15.870356,21.145834,21.824963,18.993404,18.91006,18.358215,13.985809,15.394929,18.158455,13.822625,10.059414,14.807623,15.427049,15.61228,10.28646,8.336079,13.366656,12.683078,10.50761,15.597668,16.875141,17.41738,14.778722,18.775307,17.092142,20.49613,19.699936,18.029785,21.394106,20.363224,22.568308,25.151478,21.74609,22.60367,20.214252,23.768936,21.090206,24.19903,25.738537,27.598282,30.659847,32.588856,37.06486,34.777473,32.199978,32.996,30.213219,28.666178,28.473852,25.954401,27.083597,27.46671,27.49334,26.611778,26.40193,23.585438,25.719702,22.847523,25.928022
35,31.094807,27.629648,26.230387,23.38336,21.569141,19.017168,17.278448,15.400338,11.414394,12.768166,9.002724,11.230448,8.754149,9.801753,10.775066,9.178985,13.40133,14.210357,20.252523,20.168095,24.819344,27.611715,30.329943,25.456135,24.772364,22.064102,17.281729,15.372244,10.903623,11.525403,5.224011,8.501255,6.295769,8.074084,4.6556845,0.0,4.428831,6.968503,5.556696,5.192659,8.413785,10.663544,9.582507,11.178072,13.204364,15.494323,14.877482,16.69028,19.531586,18.450836,16.583164,20.581665,22.525341,20.388477,19.996895,19.350601,14.543398,16.567274,20.129566,16.07834,12.2158985,17.74628,18.918848,19.665224,14.463919,12.080618,16.843077,15.586602,12.474011,17.512722,18.391233,18.145077,14.405519,18.067871,15.287075,18.688433,17.175428,14.761772,17.678461,16.276104,18.16414,20.569605,17.282583,18.469202,16.503685,20.30422,18.264183,21.929628,23.821102,26.20693,29.237242,31.335188,35.914635,32.902985,30.008444,30.583666,27.302011,25.64062,24.654211,22.398144,22.98967,23.141384,23.40129,22.78495,23.051935,20.507544,23.1769,20.921576,24.4912
36,29.172213,26.037136,24.378656,22.363726,20.544554,17.01928,16.712332,13.8542795,11.0237055,11.94929,8.416266,11.510668,10.548943,11.493267,14.458087,12.10445,16.547318,16.877174,23.039694,22.995798,27.588295,30.609882,33.081837,28.660658,28.33405,25.874424,20.845167,19.393824,14.833765,15.792352,9.14404,11.700568,8.169772,8.286109,6.3515296,4.428831,0.0,5.4694333,6.527952,5.766897,5.7314005,10.632247,10.462455,10.152325,11.498895,15.81135,15.419183,15.395622,18.421825,16.530287,15.818554,20.543413,22.012638,19.800951,20.53496,20.902967,16.250824,18.976183,21.651337,16.516777,14.21006,19.623564,21.05006,20.993553,15.617908,14.381198,19.624342,18.88894,16.0965,21.002504,22.384743,22.404444,18.71526,22.496597,19.602385,22.956867,21.175482,18.48578,20.768087,19.07856,20.265463,21.966124,19.046677,20.605453,19.389433,22.737843,21.701292,25.047657,27.372057,29.68888,32.92625,34.882557,39.273758,36.23516,33.168087,33.96001,30.094347,28.960674,27.174429,25.522886,25.48523,25.27368,26.042482,25.80251,26.48166,24.246439,27.185688,25.181427,28.843367
