,0,1,2,3,4,5,6,7,8,9,10,11,12,13,14,15,16,17,18,19,20,21,22,23,24,25,26,27,28,29,30,31,32,33,34,35,36,37,38,39,40,41,42,43,44,45,46,47,48,49,50,51,52,53,54,55,56,57,58,59,60,61,62,63,64,65,66,67,68,69,70,71,72,73,74,75,76,77,78,79,80,81,82,83,84,85,86,87,88,89,90,91,92,93,94,95,96,97,98,99,100,101,102,103,104,105,106,107,108,109,110
0,0.0,4.2872844,6.60366,9.586372,12.219006,14.582155,17.80523,21.606276,24.662899,27.437973,31.457115,29.660269,27.422686,26.340254,21.557886,21.747995,16.458158,17.251984,13.875619,14.207915,14.080942,9.741378,14.121838,15.968697,15.432253,15.717882,20.111486,22.287762,19.735714,24.03368,23.123426,28.090475,31.869755,34.348248,36.51142,38.568363,42.10283,41.428177,38.747894,35.425163,36.408478,32.773685,30.244308,28.773766,26.307398,24.985144,20.634367,23.220066,19.490778,23.484182,24.20942,20.193651,18.438698,20.555218,17.903002,19.598145,19.602808,23.281435,25.814398,26.311327,23.563898,28.601608,29.58725,30.146029,35.230312,33.168346,36.970367,36.975365,39.833862,36.194294,32.118317,34.687748,32.43718,35.722527,35.11342,32.25833,35.353386,35.11608,35.86888,38.908836,36.423767,32.71542,32.996086,29.622501,29.406656,24.951841,27.176779,21.874966,23.89016,23.102247,25.03389,24.708529,27.934326,30.273386,32.945667,36.383778,34.87254,30.28938,31.159624,28.708801,27.039673,26.736446,23.709305,24.788132,24.370617,25.088146,30.329771,29.345762,32.547024,34.89679,37.184273
1,4.2872844,0.0,5.2885704,6.5649815,8.698649,12.187727,14.311989,18.956425,21.437296,24.367096,28.271072,26.953522,25.12993,23.878582,19.30734,18.84281,13.809177,13.714927,10.820659,10.190198,10.500643,6.857539,11.259469,12.125929,12.398693,12.386151,16.476658,18.294882,15.498062,19.752304,18.995573,23.88823,27.98442,30.448675,32.603535,34.828278,38.211094,37.41944,34.683704,31.292364,32.282524,28.517776,26.092684,24.566792,22.22361,20.961336,16.735357,19.78373,16.290226,20.631796,21.327625,18.02363,17.01294,19.334076,16.635586,18.168758,17.068336,20.973782,23.327585,23.261646,20.151176,25.13892,25.762056,26.182705,31.15309,28.9834,32.76654,32.699116,35.59186,32.02481,27.903261,30.539984,28.24749,31.770369,31.121489,28.468048,31.680956,31.460104,32.43334,35.471718,33.204536,29.389212,29.48023,25.998692,25.528994,21.147367,23.090975,17.781473,19.717117,19.12455,21.088285,21.259808,24.354351,26.974857,29.41005,32.734627,31.11461,26.417583,27.446634,24.81404,23.470291,23.008772,20.431808,22.16071,21.514654,21.8058,27.293346,25.721441,29.129894,31.196516,33.61187
2,6.60366,5.2885704,0.0,5.2397804,6.9000473,8.437759,12.0319,15.158662,18.632374,21.068407,25.346586,23.597763,21.24103,20.566439,15.663212,16.40149,11.608605,12.666448,11.214845,11.71243,13.540041,10.930257,15.811098,15.676516,16.824354,15.887035,19.246704,20.516832,16.131687,20.486832,18.4594,23.866556,26.360617,29.183277,31.037914,32.884594,36.66194,36.134167,33.797813,30.87487,31.490452,28.653193,25.608498,25.219893,21.891335,21.870464,17.57725,21.434341,18.220081,22.556992,22.037148,18.335693,18.218807,19.103466,15.4508095,15.97,15.249936,18.973444,20.680351,21.563095,18.797922,24.563452,25.164845,26.439802,30.943254,29.748072,33.506245,33.50528,36.923462,33.95004,29.69543,32.432396,29.538485,33.471443,31.806143,29.392788,32.03407,31.19161,31.795454,34.52198,31.78046,28.259058,27.816666,24.760633,25.19592,20.533314,23.792957,19.48028,21.740314,22.033833,24.043333,25.175444,27.882711,30.831787,32.907627,36.055702,34.357235,29.47909,30.672047,27.457369,26.634827,25.132814,22.957827,24.892796,23.145903,23.168148,28.06418,26.29712,29.035622,31.11601,32.91306
3,9.586372,6.5649815,5.2397804,0.0,3.8311493,6.223185,8.84543,13.133271,15.367698,18.663605,22.151224,20.531477,18.83396,17.352983,12.913292,12.322373,7.3047347,7.8216085,6.117275,7.210251,9.551077,8.406606,13.278585,12.715775,15.625268,15.170285,17.972652,18.375904,13.206651,16.954447,15.11732,19.787636,23.009413,25.078163,27.51062,29.27666,32.896927,32.55543,29.794409,26.674515,28.069555,25.076479,22.49219,22.39352,19.412132,19.933666,16.22053,20.915974,18.24323,22.939724,22.679735,20.191965,20.707577,22.063032,18.590984,18.873156,16.6506,20.55877,21.679422,21.751556,18.294321,24.030474,23.61467,24.599127,28.52732,26.984173,30.601326,30.024942,33.47574,30.515013,25.993727,28.206938,25.103477,28.659376,26.892874,24.289314,26.88837,26.163012,26.800945,29.661343,27.091284,23.430088,23.435883,20.155293,20.373116,15.7513075,19.045435,14.958114,17.710257,18.423132,20.988205,22.385164,25.40675,28.63135,30.416826,33.278034,31.02873,26.041172,26.757631,23.1649,22.387108,20.294329,18.191809,20.319277,18.138647,18.005232,22.860916,21.10757,23.879341,26.061306,27.99709
4,12.219006,8.698649,6.9000473,3.8311493,0.0,5.3313117,5.627617,10.764967,12.806882,15.753929,19.633627,18.719416,17.284262,16.181164,11.956966,11.211465,7.5150046,6.553075,7.758735,6.949969,10.493396,10.612663,14.500257,12.429995,15.581601,14.232027,16.186375,16.14998,10.261814,14.176972,11.803554,17.04163,19.751574,22.403263,24.383345,26.375208,29.982323,29.4176,26.936962,23.975464,24.789133,22.020313,19.093185,19.258049,15.87572,16.84362,13.229727,18.37793,16.129763,20.776247,19.959797,17.959318,19.308233,20.250658,16.73518,16.61493,13.636475,17.48425,18.310465,18.14915,14.611113,20.452824,19.927696,21.166273,24.991514,23.846926,27.470528,27.128765,30.779852,28.168251,23.752007,26.374432,23.137207,27.410927,25.291183,23.27238,25.850471,24.86583,25.730957,28.384201,25.941807,22.305202,21.483658,18.29995,18.551908,13.934087,17.276821,13.713432,16.078995,17.291456,19.4773,21.75398,24.121428,27.550468,28.999792,31.730316,29.675045,24.672852,25.931015,22.194134,22.12692,19.818945,18.68267,21.607805,19.111874,18.272491,23.14827,20.358982,23.16671,24.771996,26.613525
5,14.582155,12.187727,8.437759,6.223185,5.3313117,0.0,6.0090547,7.3228,10.707326,13.459233,17.236872,15.171381,12.979037,12.205469,7.3883295,8.517469,5.258329,7.347362,9.325623,10.990521,14.455269,14.44056,18.964188,17.36042,20.81095,19.549929,21.362139,20.997652,14.381293,17.61869,14.221487,19.030708,19.890276,22.265364,24.298756,25.50513,29.564743,29.60482,27.376415,24.973446,25.933506,24.302896,21.10643,22.636047,18.64744,20.910381,17.638412,23.061888,21.012053,25.512108,24.040266,21.752783,23.36217,23.413809,19.344519,18.373367,15.9880905,19.360933,19.23488,20.09981,17.044846,23.345406,22.530197,24.470882,27.434013,27.135777,30.54198,29.956625,33.98195,31.88936,27.36169,29.574547,25.812057,29.80445,26.728888,24.670704,26.393978,24.814314,25.001162,27.327364,24.240969,21.06891,20.167871,17.61077,19.12015,14.4486885,19.366531,17.12753,19.960356,21.732475,24.16769,26.651394,29.083233,32.615566,33.878944,36.407417,34.082245,29.054695,29.968658,25.823122,25.831184,22.587078,21.373152,23.836002,20.428978,19.729643,23.50535,21.274406,23.009613,24.968372,26.001844
6,17.80523,14.311989,12.0319,8.84543,5.627617,6.0090547,0.0,6.6573772,7.41916,10.403824,14.164935,13.933061,13.1652,12.25244,9.072029,7.794334,7.3035026,5.308691,10.136676,9.352105,13.536124,15.196611,18.289618,15.10987,19.180298,17.399214,17.920742,16.660236,9.438472,12.107901,8.282076,13.337552,14.4783535,17.3033,19.07118,20.875576,24.636387,24.246723,22.015448,19.5001,20.119814,18.351353,15.103942,16.867767,12.844804,15.775739,13.285225,19.195053,18.025036,22.375748,20.741018,19.857433,22.360756,22.587713,19.028925,17.97297,14.013766,17.252193,16.744814,16.363338,12.785172,18.690924,17.119953,18.942049,21.544682,21.295057,24.615803,24.049229,28.176483,26.398598,21.9895,24.473625,20.65967,25.368528,22.16206,20.835415,22.790894,21.191198,21.995825,24.234766,21.761013,18.380522,16.594343,13.799795,14.73361,10.259843,14.658786,13.182969,15.4741745,17.86512,19.942743,23.366976,25.109701,28.845842,29.603024,31.826445,29.571495,24.632032,25.995111,21.750357,22.60688,19.228949,19.309252,22.809975,19.358103,17.71185,21.749731,18.028687,20.19556,21.238283,22.547192
7,21.606276,18.956425,15.158662,13.133271,10.764967,7.3228,6.6573772,0.0,5.396049,6.465626,10.838312,9.374054,7.421561,8.238034,5.408557,7.5779524,9.40083,10.17146,14.760399,15.574489,19.609182,20.793552,24.530046,21.715746,25.642414,23.688047,24.165485,22.843199,15.581689,17.609308,13.029035,17.237831,14.974047,17.860777,19.038984,19.7226,24.094727,24.401037,22.974522,21.570549,21.731503,21.823324,18.163057,21.509632,16.847618,20.968847,18.788012,24.571535,23.559774,27.58577,25.056677,23.770523,26.624243,25.685057,21.625198,19.544193,16.46285,18.797935,16.989296,18.075258,15.6136465,21.683914,20.102385,22.90507,24.391037,25.532568,28.47563,27.92044,32.4223,31.451038,27.20173,29.426031,25.204023,29.755259,25.447193,24.45039,25.275484,22.831635,22.818562,24.324736,21.106367,18.655367,16.07389,14.675148,17.35212,13.441012,19.135117,19.126644,21.523787,24.271389,26.31222,29.960155,31.535868,35.31323,35.865253,37.88884,35.595592,30.747702,32.00631,27.520136,28.562023,24.485104,24.632814,27.72715,23.52626,21.972183,24.6631,21.386105,22.12279,23.211061,23.274282
8,24.662899,21.437296,18.632374,15.367698,12.806882,10.707326,7.41916,5.396049,0.0,4.6485443,6.834086,7.0636735,7.787222,7.1759744,7.3490996,6.177315,10.375443,9.550079,15.039199,15.374883,19.339859,21.69846,24.570627,21.234148,25.940865,24.203026,23.899353,21.744228,14.461817,15.014543,10.5903425,13.107576,10.547695,12.578264,14.323262,14.937251,19.187977,19.687416,17.88182,16.515295,17.374456,17.807476,14.707316,18.84857,14.751056,19.6486,18.55244,24.54548,24.219269,28.171793,25.921982,25.790323,28.948784,28.504496,24.869312,22.99967,18.96132,21.227604,19.172716,19.04627,16.166124,21.42373,18.672281,21.099304,21.505983,22.562866,25.119009,23.984837,28.550175,27.95646,23.724218,25.422756,20.97128,25.36474,20.571522,20.00044,20.466724,17.820255,17.96908,19.341326,16.46768,13.986754,10.867677,9.552595,12.489453,9.2754755,15.09867,16.622559,18.91195,22.225235,24.339125,28.404152,29.79204,33.677258,33.764725,35.337852,32.709404,28.045233,29.047739,24.364775,25.894148,21.274046,22.273893,25.710218,21.202166,19.079725,21.183159,17.239164,17.660978,18.22865,18.173567
9,27.437973,24.367096,21.068407,18.663605,15.753929,13.459233,10.403824,6.465626,4.6485443,0.0,5.743795,7.368441,7.9077396,9.385303,10.013516,10.513779,14.402868,13.796343,19.279581,19.232378,23.344616,25.473366,28.347954,24.6828,28.933275,26.664001,25.992054,23.839544,16.831968,17.373133,12.635227,15.338119,10.126676,13.431789,13.551614,13.903747,18.363003,18.770197,18.109419,17.699717,17.074915,18.785631,15.128641,19.931469,15.34719,20.74691,19.896889,25.592932,25.586159,29.092373,26.107216,26.083345,29.728817,28.505743,24.883608,22.43557,18.622845,20.072607,17.176592,17.584803,15.606368,20.54893,17.980415,21.127842,20.957008,23.207624,25.52904,24.91206,29.638083,29.68901,25.883675,27.984106,23.622293,28.50884,23.440641,23.576653,23.748741,20.795372,20.898851,21.62052,18.830858,17.074734,12.829182,12.663984,15.768368,13.286574,18.522182,20.376219,22.141787,25.506392,27.120892,31.57191,32.388035,36.25283,36.13739,37.615593,35.369473,30.87606,32.37094,27.824684,29.733477,25.277405,26.64344,30.253448,25.792936,23.548712,25.45888,21.206182,21.315641,21.282156,20.680622
10,31.457115,28.271072,25.346586,22.151224,19.633627,17.236872,14.164935,10.838312,6.834086,5.743795,0.0,5.2099266,8.475969,8.876927,12.055332,11.386211,16.543625,15.902725,21.28607,21.706278,25.49975,28.253084,30.787468,27.208529,32.11577,30.284586,29.332777,26.652128,19.815191,19.131496,15.041878,15.408879,9.514951,10.282475,11.180057,10.033031,14.59611,16.06435,15.196624,15.494152,16.104015,18.76467,16.182209,21.674316,17.985497,23.729937,23.637651,29.398798,29.721823,33.254353,30.602087,31.12951,34.7596,33.885975,30.381222,28.073565,24.01051,25.491497,22.519121,22.39253,20.251032,24.477339,21.047186,23.728445,22.246567,24.440792,26.14526,24.716677,29.395075,29.941145,26.202986,27.328072,22.74949,26.788204,20.989944,21.450369,20.570822,17.155727,16.773453,16.826338,14.046509,13.189374,8.414416,9.8454,13.778325,12.771007,17.962128,21.34764,23.239668,26.964884,28.846325,33.3487,34.265755,38.16308,37.68865,38.700718,35.976604,31.731901,32.618736,27.89426,29.996714,24.884552,26.685612,30.091341,25.215988,22.789627,23.334982,19.288794,18.210226,17.859964,16.32377
11,29.660269,26.953522,23.597763,20.531477,18.719416,15.171381,13.933061,9.374054,7.0636735,7.368441,5.2099266,0.0,4.064846,4.367976,8.52751,9.149789,14.203542,15.030381,19.70611,21.343468,24.994917,27.180363,30.449419,27.635597,32.57096,31.080042,30.923737,28.686262,21.446964,21.546946,17.35947,18.489471,14.181472,14.446153,16.217869,14.886172,19.334347,21.08886,19.781672,19.574745,20.934902,22.816412,20.191494,25.106274,21.210037,26.482475,25.592466,31.559248,31.242474,35.16568,32.69076,32.354557,35.511852,34.6627,30.76288,28.50135,25.042185,26.903637,24.232828,24.83209,22.535158,27.603924,24.67837,27.353748,26.693632,28.373793,30.421576,28.884027,33.490925,33.47037,29.346676,30.270004,25.610418,29.042015,23.430511,22.911974,21.950098,18.6393,17.557354,17.948795,14.24619,13.405664,10.459956,11.371709,15.693121,13.769686,19.882484,22.426708,24.999086,28.46056,30.826029,34.78124,36.362072,40.25747,40.193466,41.502525,38.553154,34.03803,34.49986,29.644964,31.084284,25.825428,26.674896,29.427439,24.321527,22.488623,22.77394,19.986984,18.576239,19.426844,17.814993
12,27.422686,25.12993,21.24103,18.83396,17.284262,12.979037,13.1652,7.421561,7.787222,7.9077396,8.475969,4.064846,0.0,3.983679,6.1886616,9.001711,12.952088,14.747048,18.964748,21.001879,24.704666,26.19923,30.034073,27.575706,32.11513,30.553556,30.905283,29.147541,21.777882,22.742334,18.309965,20.627941,16.76275,17.908302,19.429752,18.488413,23.025629,24.487047,23.279064,22.788866,23.746544,25.186838,22.106226,26.565535,22.249525,27.134539,25.58286,31.497429,30.742327,34.757084,32.168175,31.124966,34.036045,32.93687,28.797443,26.454628,23.616117,25.530367,23.03262,24.326952,22.203066,27.80434,25.526663,28.417786,28.527523,30.162424,32.552044,31.358906,35.980682,35.611095,31.362648,32.667316,28.08372,31.714622,26.465857,25.54622,25.0173,21.940962,20.891888,21.605759,17.745739,16.58223,14.181838,14.402856,18.424639,15.639456,21.976059,23.499722,26.240019,29.3986,31.795895,35.48963,37.263367,41.122013,41.38651,43.02202,40.24108,35.530785,36.136585,31.340752,32.43551,27.47166,27.718466,30.25971,25.312643,23.856783,24.70437,22.31315,21.351343,22.656233,21.40018
13,26.340254,23.878582,20.566439,17.352983,16.181164,12.205469,12.25244,8.238034,7.1759744,9.385303,8.876927,4.367976,3.983679,0.0,5.0480456,6.0673666,10.618607,12.413968,16.337456,18.780758,22.194407,24.002268,27.662046,25.466976,30.393772,29.282629,29.741457,27.865131,20.55085,21.219755,17.250471,18.928602,16.482634,16.6212,19.141117,18.312424,22.631214,24.19419,22.250977,21.263012,23.237974,24.048689,21.496923,25.649137,21.8288,26.464993,25.001429,31.03243,30.21883,34.455692,32.396862,31.534153,34.18401,33.698242,29.661491,27.73958,24.545446,26.922077,24.855711,25.55738,22.868876,28.440022,25.840881,28.23255,28.428839,29.35233,31.751053,30.126524,34.589966,33.91109,29.472353,30.318703,25.722258,28.785585,23.682777,22.318413,21.777382,18.893826,17.746029,18.86089,14.929622,13.371613,12.033887,11.746953,15.694331,12.893166,19.338375,20.921812,23.956694,27.09188,29.814116,33.233303,35.356224,39.1971,39.498505,41.076042,37.981358,33.2714,33.42513,28.572184,29.43481,24.286781,24.345577,26.661366,21.594814,20.238554,20.838257,18.870493,17.828741,19.58763,18.57498
14,21.557886,19.30734,15.663212,12.913292,11.956966,7.3883295,9.072029,5.408557,7.3490996,10.013516,12.055332,8.52751,6.1886616,5.0480456,0.0,4.9573607,6.9930935,9.725007,13.151921,15.716238,19.215202,20.278404,24.43958,22.550001,26.960182,25.791485,26.823145,25.537186,18.260515,20.006962,15.994882,19.15711,17.882423,19.156569,21.452911,21.480831,25.821833,26.76107,24.729029,23.140404,24.648462,24.519367,21.5395,24.79395,20.695791,24.572245,22.332964,28.228313,26.899332,31.263832,29.324053,27.79046,30.05958,29.630161,25.474817,23.770308,21.010485,23.714533,22.248333,23.26276,20.481352,26.546661,24.678375,27.04473,28.375214,28.912416,31.776716,30.589024,34.9646,33.70792,29.151806,30.579374,26.219809,29.70619,25.345825,23.587101,23.989025,21.611088,20.972176,22.66284,18.984531,16.650278,15.548166,14.143491,17.204716,13.297835,19.5534,19.5924,22.695662,25.356958,28.040003,31.106571,33.412525,37.166428,37.88059,39.87467,37.058643,32.14669,32.58367,27.923605,28.398766,23.884,23.304432,25.607372,21.037611,20.021452,21.937336,19.979202,20.08769,22.092245,21.945377
15,21.747995,18.84281,16.40149,12.322373,11.211465,8.517469,7.794334,7.5779524,6.177315,10.513779,11.386211,9.149789,9.001711,6.0673666,4.9573607,0.0,5.5068374,6.4395614,10.574936,12.781817,16.152819,18.226831,21.640808,19.485558,24.5394,23.7248,24.390911,22.655788,15.516296,16.495573,13.092016,15.228352,15.512672,15.891538,19.005486,19.372486,23.331371,24.173468,21.465424,19.353456,21.75443,21.001041,18.682177,21.709019,18.318504,22.102467,20.387947,26.385382,25.361225,29.805262,28.404291,27.627008,29.905903,30.187849,26.41139,25.140598,21.559046,24.547909,23.341724,23.30351,19.936707,25.535435,23.049671,24.797785,25.926218,25.777815,28.531778,26.89355,31.098417,29.67695,25.015318,26.02157,21.649858,24.819248,20.598793,18.661415,19.278128,17.168446,16.870611,18.997698,15.745476,12.741746,12.277407,10.022001,12.581233,8.592646,14.860548,15.302522,18.555029,21.408567,24.31107,27.400806,29.80776,33.59055,34.130894,35.91808,32.810196,27.968805,28.083838,23.330515,23.888927,19.109312,18.848734,21.428238,16.714771,15.339504,17.380253,15.050915,15.507908,17.537228,17.926363
16,16.458158,13.809177,11.608605,7.3047347,7.5150046,5.258329,7.3035026,9.40083,10.375443,14.402868,16.543625,14.203542,12.952088,10.618607,6.9930935,5.5068374,0.0,4.646046,6.178805,9.507594,12.513612,13.521873,17.706095,16.484896,21.008314,20.579395,22.238232,21.342598,14.721932,16.936255,14.183022,17.479803,19.436255,20.388899,23.418194,24.339882,28.16632,28.583008,25.699839,23.018152,25.2617,23.383263,21.004494,22.666254,19.43374,21.875141,19.239046,24.883013,23.101469,27.777746,26.917425,25.335968,26.819271,27.567493,23.792694,23.117973,20.135117,23.628092,23.37842,23.5024,19.968449,25.863588,24.197304,25.605457,27.987837,27.094078,30.272194,28.945446,32.83186,30.612213,25.845695,27.184559,23.28553,26.344976,23.26191,20.659712,22.188326,20.83137,20.832394,23.4416,20.423231,17.072092,17.363743,14.500583,15.858621,11.323621,16.446121,14.661976,18.115992,20.095636,23.149946,25.38429,28.33078,31.911469,33.04004,35.301395,32.370594,27.374514,27.471804,23.079384,22.82163,18.962486,17.474062,19.588919,15.685655,15.141472,18.481056,16.95196,18.486238,20.98092,22.153704
17,17.251984,13.714927,12.666448,7.8216085,6.553075,7.347362,5.308691,10.17146,9.550079,13.796343,15.902725,15.030381,14.747048,12.413968,9.725007,6.4395614,4.646046,0.0,5.742952,6.381826,10.048918,12.405536,15.43986,13.101958,18.111813,17.501404,18.485167,17.129509,10.483155,12.352219,10.049249,13.245144,16.496687,17.602758,20.614983,22.173616,25.62814,25.586039,22.50007,19.426266,21.640322,19.127522,17.002302,18.227839,15.42576,17.692755,15.495676,21.228722,19.88038,24.494068,23.862122,23.125053,24.921978,26.060078,22.728584,22.278027,18.458181,21.993177,21.88281,21.08022,17.18226,22.560709,20.551006,21.524048,23.962036,22.646677,25.838509,24.502174,28.288689,25.98241,21.229998,22.778399,18.978848,22.53254,19.756792,17.474257,19.615978,18.544092,19.265825,22.034653,19.685177,15.922946,15.807045,12.372644,12.688098,8.007584,12.329512,10.333384,13.60943,15.840067,18.778301,21.459383,24.09464,27.77731,28.685673,30.837725,27.954594,22.961287,23.346329,18.930605,19.11912,15.373775,14.70398,17.80262,14.181781,12.854129,17.064098,14.220106,16.66752,18.501112,20.29256
18,13.875619,10.820659,11.214845,6.117275,7.758735,9.325623,10.136676,14.760399,15.039199,19.279581,21.28607,19.70611,18.964748,16.337456,13.151921,10.574936,6.178805,5.742952,0.0,5.294102,6.771305,8.00543,11.867545,11.621951,16.23455,16.818644,19.034143,18.560635,13.432915,15.741798,14.733277,17.581884,22.044256,22.665989,26.039982,27.578058,30.845833,30.831778,27.404654,23.979536,26.70504,23.430412,21.809324,21.883482,19.802359,20.673967,17.953268,22.929857,20.853624,25.604897,25.897896,24.501682,25.187027,27.099478,23.952183,24.238049,21.168068,25.04634,25.742443,25.05385,21.133127,26.387653,24.916769,25.342394,28.482323,26.312199,29.613781,28.190649,31.450558,28.376179,23.606064,24.775175,21.576923,24.04448,22.447388,19.241146,21.807213,21.50248,22.110003,25.272373,23.01847,19.191017,20.395264,16.81933,16.521618,12.312102,15.232254,11.473489,14.99669,15.988649,19.354412,20.53226,24.141647,27.45402,28.976994,31.4464,28.439861,23.500439,23.206152,19.289236,18.180815,15.369877,12.836387,14.723,12.071001,12.133679,16.916136,15.86428,18.708977,21.332354,23.57801
19,14.207915,10.190198,11.71243,7.210251,6.949969,10.990521,9.352105,15.574489,15.374883,19.232378,21.706278,21.343468,21.001879,18.780758,15.716238,12.781817,9.507594,6.381826,5.294102,0.0,4.2100472,7.12168,9.20935,6.983956,11.967258,12.106419,13.834717,13.283411,8.799727,11.466256,11.406804,14.677777,20.208889,21.523186,24.389492,26.665071,29.572414,28.905003,25.576097,21.874565,23.964005,19.927444,18.388931,17.406046,15.821447,15.768488,13.12683,17.879833,16.03439,20.721066,21.325184,20.611217,21.505188,23.828629,21.238111,21.862354,18.21026,22.081972,23.172667,21.678497,17.589962,22.186678,20.854242,20.780462,24.468124,21.831354,25.287409,24.249153,27.2979,23.984108,19.3759,21.277437,18.504465,21.888079,20.936665,18.361403,21.684315,21.644316,23.007593,26.145061,24.49353,20.463438,20.832804,17.012098,15.731,11.758977,12.985122,7.9583426,10.746599,11.4697275,14.456965,16.077225,19.24398,22.654177,24.131824,26.727564,24.104574,19.10165,19.606573,15.958892,15.357697,13.485435,12.020736,15.240155,13.534315,12.703343,18.427061,15.817151,19.598196,21.27575,24.041286
20,14.080942,10.500643,13.540041,9.551077,10.493396,14.455269,13.536124,19.609182,19.339859,23.344616,25.49975,24.994917,24.704666,22.194407,19.215202,16.152819,12.513612,10.048918,6.771305,4.2100472,0.0,4.8147273,5.551326,5.514268,10.302312,11.912137,14.258985,14.22849,11.733775,13.898613,14.936731,17.335026,23.771862,24.55987,27.720194,30.03137,32.650814,31.957945,28.330385,24.369932,26.931772,22.341888,21.44625,19.65503,18.9623,17.939873,15.474217,19.272375,17.21525,21.71362,23.222288,22.501371,22.617638,25.670368,23.505808,24.666792,21.349928,25.271494,26.790804,25.107836,21.045933,25.131704,23.95069,23.287264,27.189785,23.812563,27.16531,25.95447,28.43808,24.560398,20.10056,21.529465,19.41757,21.830853,21.978662,18.914488,22.601477,23.211426,24.660982,28.032309,26.68462,22.609343,23.75884,19.8284,17.98978,14.585135,14.5972,8.789039,11.296977,10.753427,14.02157,14.157253,18.163828,21.18556,23.066238,25.787827,23.022688,18.229733,18.08245,15.050585,13.379363,12.6951275,10.045029,12.570276,12.279037,12.2293215,18.279284,16.632317,20.764416,22.709257,25.883879
21,9.741378,6.857539,10.930257,8.406606,10.612663,14.44056,15.196611,20.793552,21.69846,25.473366,28.253084,27.180363,26.19923,24.002268,20.278404,18.226831,13.521873,12.405536,8.00543,7.12168,4.8147273,0.0,5.534738,8.03398,10.179162,12.018947,15.678006,16.770603,14.615829,17.72001,18.204762,21.545277,27.291393,28.572996,31.509735,33.746597,36.665577,35.987595,32.582497,28.756605,30.898922,26.472803,25.088055,23.182653,21.995712,20.568378,17.282309,20.510805,17.650621,22.108688,23.717136,21.877693,21.128584,24.277422,22.061226,23.588554,21.25774,25.267128,27.275873,26.211716,22.45698,26.883484,26.489939,26.100485,30.58175,27.439741,30.978418,30.167059,32.64356,28.661613,24.379017,26.126747,24.143663,26.593985,26.74277,23.59054,27.111902,27.56617,28.74028,32.084225,30.351208,26.359598,27.451668,23.63702,22.31659,18.51036,19.262447,13.490963,15.724039,14.703591,17.446377,16.81835,20.856812,23.47403,25.864878,28.94525,26.629671,21.998093,22.052986,19.518623,17.485695,17.361328,14.136511,15.533514,15.67799,16.312681,22.05621,21.071121,24.894878,27.143883,30.088211
22,14.121838,11.259469,15.811098,13.278585,14.500257,18.964188,18.289618,24.530046,24.570627,28.347954,30.787468,30.449419,30.034073,27.662046,24.43958,21.640808,17.706095,15.43986,11.867545,9.20935,5.551326,5.534738,0.0,5.4343367,6.9451947,10.245903,13.409037,14.559308,14.728921,16.988232,18.923126,21.285059,28.267618,29.274115,32.199596,34.83244,37.17834,36.137764,32.53185,28.413221,30.680952,25.485441,24.899548,21.88087,21.962934,19.432997,16.92102,19.08142,16.682442,20.64821,23.258215,22.460264,21.542488,25.485073,24.121363,26.052198,23.263107,27.106558,29.369589,27.43943,23.606886,26.911041,26.388855,25.107454,29.699953,25.6629,29.006788,28.158945,29.928156,25.45113,21.565607,23.173565,22.104315,24.159817,25.56521,22.590641,26.678709,27.773794,29.467094,32.90394,31.869349,27.781458,28.996841,25.030163,22.739828,19.730143,18.606083,12.360867,13.539161,11.292126,13.749256,11.8832655,16.330927,18.582922,21.173737,24.287397,22.052477,17.777744,17.719055,16.12134,13.681402,15.284237,12.383866,14.073819,15.734449,16.150614,22.236948,20.928705,25.380657,27.139383,30.644764
23,15.968697,12.125929,15.676516,12.715775,12.429995,17.36042,15.10987,21.715746,21.234148,24.6828,27.208529,27.635597,27.575706,25.466976,22.550001,19.485558,16.484896,13.101958,11.621951,6.983956,5.514268,8.03398,5.4343367,0.0,5.9857473,7.3938255,9.122153,9.43553,9.632293,11.781636,14.081072,16.567308,23.599874,25.0529,27.544573,30.48241,32.688274,31.348028,27.970993,23.911457,25.635046,20.369045,19.680603,16.473045,16.665472,14.096211,11.941691,14.62799,12.8709345,17.009039,19.186356,19.310266,19.453955,23.032349,21.704966,23.282492,19.677769,23.351702,25.33188,22.88513,18.947828,21.89782,21.089575,19.720829,24.273958,20.328382,23.761452,23.12746,25.154139,20.941454,16.96177,19.302488,18.022066,21.287678,22.244892,20.023232,24.20677,25.007622,27.035887,30.259573,29.410517,25.313227,25.681852,21.768085,19.274887,16.398605,14.808089,8.545674,9.011104,7.208241,9.455754,9.687724,13.147881,16.184626,18.186033,21.193316,19.096043,14.381036,15.430881,13.260967,12.247678,13.267825,12.167974,15.55827,16.090069,15.32353,21.561821,18.709875,23.333073,24.358316,27.834688
24,15.432253,12.398693,16.824354,15.625268,15.581601,20.81095,19.180298,25.642414,25.940865,28.933275,32.11577,32.57096,32.11513,30.393772,26.960182,24.5394,21.008314,18.111813,16.23455,11.967258,10.302312,10.179162,6.9451947,5.9857473,0.0,4.2360554,7.803131,10.46866,13.254539,16.002651,18.33413,21.468224,28.129015,30.259207,32.21259,35.419613,37.578526,35.874268,32.839546,28.873035,29.782223,24.35471,23.45694,19.3029,19.692122,15.626844,13.002118,13.321878,10.779715,14.152794,17.44937,17.090403,15.961827,20.425997,20.064854,22.498095,19.815182,23.253212,26.144354,23.738775,20.372677,22.554897,22.962816,21.311716,26.79541,22.732786,26.219746,26.392271,27.878996,23.395365,20.256298,23.201298,22.716906,26.109072,27.67061,25.697062,30.007326,30.886168,32.98979,36.17689,35.320026,31.231102,31.315304,27.465755,25.026224,22.105944,20.40718,14.2943735,13.828552,11.0867405,11.499948,10.097417,12.849475,14.862454,17.713247,21.304445,20.402193,16.43944,18.235065,17.45081,16.228247,18.633533,17.362284,20.083332,21.483627,21.070854,27.32055,24.628769,29.30348,30.209745,33.71989
25,15.717882,12.386151,15.887035,15.170285,14.232027,19.549929,17.399214,23.688047,24.203026,26.664001,30.284586,31.080042,30.553556,29.282629,25.791485,23.7248,20.579395,17.501404,16.818644,12.106419,11.912137,12.018947,10.245903,7.3938255,4.2360554,0.0,4.8185506,8.162859,10.999151,14.304486,16.17696,20.079165,25.935984,28.79924,30.164738,33.52645,35.778114,33.860977,31.264992,27.562223,27.626192,22.514204,21.050062,16.911924,16.796621,12.502381,9.394239,9.5143585,6.6361823,10.455082,13.304344,13.072479,12.595461,16.766056,16.497766,18.836752,15.964771,19.228249,22.221817,19.720259,16.568707,18.597563,19.461628,18.08375,23.92647,20.417624,24.075617,24.793798,26.615133,22.581188,19.568665,23.263096,22.493654,26.85027,27.761902,26.325745,30.468843,30.923948,33.066654,36.025337,35.049713,31.042322,30.364552,26.701313,24.548536,21.48741,20.18234,14.572338,13.785424,11.83629,11.548391,11.962697,13.301869,15.68133,18.068214,21.61364,21.172754,17.10246,19.795464,18.625532,18.32134,20.021347,19.506664,22.828932,23.421633,22.52709,28.711626,25.257444,29.77337,30.316498,33.564945
26,20.111486,16.476658,19.246704,17.972652,16.186375,21.362139,17.920742,24.165485,23.899353,25.992054,29.332777,30.923737,30.905283,29.741457,26.823145,24.390911,22.238232,18.485167,19.034143,13.834717,14.258985,15.678006,13.409037,9.122153,7.803131,4.8185506,0.0,4.0871005,9.592366,11.820908,14.461614,17.702927,23.642473,26.653763,27.556503,31.22904,33.04061,30.75432,28.377924,24.783726,24.312855,19.00985,17.875505,12.9803915,13.785413,8.562539,6.8882246,5.982052,5.284189,8.33275,11.209826,13.111814,13.973314,17.633419,17.77926,19.67662,15.944558,18.671532,21.2832,17.877323,14.797018,15.470372,16.002508,13.943752,19.816973,16.022411,19.592781,20.655993,22.284243,18.438751,15.895036,20.155413,19.742302,24.693079,25.688896,25.011103,29.166056,29.618074,32.08326,34.813976,34.259987,30.374575,29.190508,25.712212,23.208557,20.807266,18.612204,13.89567,11.967811,10.362326,8.743318,10.8204975,10.43978,13.201413,14.846956,18.15405,18.104914,14.240167,17.859266,16.886461,17.620687,19.347017,20.072472,24.053122,24.412857,22.900646,28.86758,24.566252,29.118769,28.95418,32.234238
27,22.287762,18.294882,20.516832,18.375904,16.14998,20.997652,16.660236,22.843199,21.744228,23.839544,26.652128,28.686262,29.147541,27.865131,25.537186,22.655788,21.342598,17.129509,18.560635,13.283411,14.22849,16.770603,14.559308,9.43553,10.46866,8.162859,4.0871005,0.0,7.379179,8.2509985,11.61085,13.999328,20.296959,23.041832,23.953672,27.699669,29.266037,26.93804,24.469,20.849411,20.497627,15.0069275,14.250077,9.16963,10.702767,5.744043,5.949225,7.053039,8.046065,10.821226,12.593077,15.391446,17.201193,20.170723,19.882599,21.131083,16.624187,19.22251,21.049433,17.214495,13.807541,14.259065,13.580664,11.180906,16.471527,12.364027,15.959512,16.7041,18.590223,14.94368,12.091357,16.526194,15.92051,21.269907,22.011148,21.752659,25.811256,26.2178,28.836042,31.426903,31.139812,27.35659,25.995323,22.627201,19.883175,17.993343,15.24214,11.391826,8.883261,8.2205105,6.4234943,10.484624,9.662241,13.13743,13.855369,16.60314,16.008997,11.843223,15.654922,14.163242,15.73756,16.832722,18.46574,22.915201,22.800772,20.814983,26.469334,21.629147,26.10518,25.53483,28.799982
28,19.735714,15.498062,16.131687,13.206651,10.261814,14.381293,9.438472,15.581689,14.461817,16.831968,19.815191,21.446964,21.777882,20.55085,18.260515,15.516296,14.721932,10.483155,13.432915,8.799727,11.733775,14.615829,14.728921,9.632293,13.254539,10.999151,9.592366,7.379179,0.0,4.7674723,5.1882687,9.838335,15.002085,17.982327,19.302364,22.547007,24.992165,23.346619,20.807,17.387962,17.479393,13.226134,11.00905,9.267667,7.4114094,7.324313,5.700435,11.363158,11.229658,15.27281,14.911743,16.170603,18.730219,20.417467,18.520685,18.707138,13.715627,16.83845,17.595747,14.704918,10.51424,13.921465,12.226211,12.005923,16.06627,13.830812,17.528913,17.466785,20.83424,18.243872,14.184268,17.790758,15.2033825,20.80682,19.520689,18.908262,22.268646,21.821777,23.9142,26.418482,25.395325,21.641712,19.957666,16.611053,14.898525,11.951352,11.641222,8.57927,8.457941,10.297179,11.179714,15.367635,16.101673,19.861687,20.410671,22.705849,21.007877,16.229448,18.729176,15.361457,16.912086,15.442581,16.786518,21.3004,19.545124,17.36191,22.623396,17.689623,21.506636,21.39475,24.029224
29,24.03368,19.752304,20.486832,16.954447,14.176972,17.61869,12.107901,17.609308,15.014543,17.373133,19.131496,21.546946,22.742334,21.219755,20.006962,16.495573,16.936255,12.352219,15.741798,11.466256,13.898613,17.72001,16.988232,11.781636,16.002651,14.304486,11.820908,8.2509985,4.7674723,0.0,4.8726497,5.900622,12.788093,14.90884,16.40911,19.880713,21.678972,19.873728,16.9801,13.2812805,13.909734,8.942928,7.984229,6.2666206,6.4169583,7.488093,8.702995,13.44554,14.452937,17.78189,17.58445,19.96732,22.772686,24.481094,22.860897,22.847115,17.586103,20.204397,20.342749,16.888313,12.937017,14.956059,11.852767,10.857379,13.436149,10.578601,13.917169,13.12052,16.610641,14.328331,10.049729,13.475134,10.69416,16.7542,15.41858,15.542879,18.911314,18.654762,21.16585,23.51766,23.176373,19.562777,17.81637,14.601176,12.018951,10.504646,8.275878,7.3562527,6.139536,9.245668,9.963951,15.011131,15.20147,19.088488,18.83325,20.432587,18.29747,13.723633,16.13991,12.515852,15.082069,13.1706295,15.893283,20.7832,18.910841,16.145847,20.842155,15.155614,19.006407,18.11384,20.960339
30,23.123426,18.995573,18.4594,15.11732,11.803554,14.221487,8.282076,13.029035,10.5903425,12.635227,15.041878,17.35947,18.309965,17.250471,15.994882,13.092016,14.183022,10.049249,14.733277,11.406804,14.936731,18.204762,18.923126,14.081072,18.33413,16.17696,14.461614,11.61085,5.1882687,4.8726497,0.0,6.3618016,9.887265,13.132884,14.305458,17.418081,20.0829,18.679272,16.303047,13.310697,13.2897415,10.349836,7.3836727,8.829576,5.544042,9.434488,9.376045,15.129287,15.663865,19.276964,17.91114,19.454798,22.710215,23.48679,21.145191,20.424646,15.161525,17.719223,17.130747,14.45184,10.486701,14.129105,11.03205,11.87195,13.944264,13.142056,16.37648,15.838034,19.980005,18.55135,14.453548,17.539293,14.009194,19.918777,17.13804,17.196255,19.719809,18.554554,20.492693,22.56119,21.467113,18.04131,15.459487,12.563438,11.527133,8.949777,9.934158,9.910521,10.313721,13.469232,14.567368,19.316437,19.76697,23.634056,23.541248,25.21237,23.161482,18.579624,20.732777,16.729553,18.959389,16.040565,18.166204,22.769648,19.94441,17.267332,21.46503,15.931676,18.895645,18.306444,20.30635
31,28.090475,23.88823,23.866556,19.787636,17.04163,19.030708,13.337552,17.237831,13.107576,15.338119,15.408879,18.489471,20.627941,18.928602,19.15711,15.228352,17.479803,13.245144,17.581884,14.677777,17.335026,21.545277,21.285059,16.567308,21.468224,20.079165,17.702927,13.999328,9.838335,5.900622,6.3618016,0.0,8.639998,9.23337,11.422776,14.6228695,16.217564,14.864702,11.451926,7.6563973,9.778758,6.193185,6.2792954,8.643796,8.517703,12.260338,14.04491,18.890364,20.160128,23.314837,22.536245,25.001152,28.180883,29.338005,27.317505,26.672472,21.3184,23.571915,22.643072,19.517979,15.930182,17.944668,13.684495,13.418763,13.133867,11.616373,13.8039,11.701296,15.886054,15.040343,10.888427,12.6783285,8.545697,14.48918,11.19748,12.300993,14.629153,13.750947,16.309008,18.225029,18.223928,15.012804,12.753942,10.055286,7.404654,7.7729845,5.812832,9.514706,9.328681,13.241062,14.441193,19.40219,19.632624,23.444555,22.568565,23.352222,20.605473,16.526512,17.979538,13.744733,16.856468,13.231607,16.828773,21.584421,18.677725,15.410362,18.544027,12.213409,15.043312,13.330577,15.701154
32,31.869755,27.98442,26.360617,23.009413,19.751574,19.890276,14.4783535,14.974047,10.547695,10.126676,9.514951,14.181472,16.76275,16.482634,17.882423,15.512672,19.436255,16.496687,22.044256,20.208889,23.771862,27.291393,28.267618,23.599874,28.129015,25.935984,23.642473,20.296959,15.002085,12.788093,9.887265,8.639998,0.0,6.0268826,4.79619,7.852714,10.812299,9.870311,8.823205,8.497338,7.034582,9.749299,7.24651,13.287122,10.612194,16.551512,18.03552,23.067892,24.476294,27.283104,24.902493,27.061298,31.082636,30.762217,28.25631,26.479097,21.409882,22.628565,20.120878,17.971891,15.62614,17.875784,13.434176,15.401558,12.996774,15.2828,16.696926,15.561638,20.3128,21.321041,18.224247,20.100016,16.045555,21.496574,16.51261,18.391151,18.771603,16.258076,17.725695,18.209574,17.455912,15.608307,10.648703,10.454102,11.302922,11.565254,13.480029,17.378788,17.713078,21.518375,22.38307,27.577612,27.34729,31.121061,30.071016,30.707071,28.49588,24.739595,26.509832,22.335613,25.411226,21.260736,24.433258,28.833931,24.970503,21.842625,23.642803,17.764212,18.4578,16.431568,16.531078
33,34.348248,30.448675,29.183277,25.078163,22.403263,22.265364,17.3033,17.860777,12.578264,13.431789,10.282475,14.446153,17.908302,16.6212,19.156569,15.891538,20.388899,17.602758,22.665989,21.523186,24.55987,28.572996,29.274115,25.0529,30.259207,28.79924,26.653763,23.041832,17.982327,14.90884,13.132884,9.23337,6.0268826,0.0,5.1116047,6.1476793,8.243917,8.887182,5.697481,5.4748845,8.531145,11.020784,10.950458,16.266571,15.001221,20.32427,22.020962,27.109272,28.436983,31.492403,29.769522,31.97397,35.64278,35.843075,33.26052,31.716148,26.623688,28.243343,25.939825,23.777899,21.066559,23.28743,18.61253,19.68801,16.728409,17.854422,18.619015,16.09109,20.440884,21.557106,18.354073,18.590586,14.255691,18.203981,12.302102,14.506056,13.76956,10.934456,12.367862,12.494109,12.51187,11.149207,6.583544,7.3484864,8.104004,10.557808,11.958998,17.425545,18.14551,22.126925,23.551342,28.373035,28.622236,32.344643,31.09099,31.283352,28.331306,24.838285,25.554596,21.191702,24.22905,19.36303,22.850166,26.872147,22.731255,19.501553,19.891685,14.26141,13.882878,11.236001,10.815889
34,36.51142,32.603535,31.037914,27.51062,24.383345,24.298756,19.07118,19.038984,14.323262,13.551614,11.180057,16.217869,19.429752,19.141117,21.452911,19.005486,23.418194,20.614983,26.039982,24.389492,27.720194,31.509735,32.199596,27.544573,32.21259,30.164738,27.556503,23.953672,19.302364,16.40911,14.305458,11.422776,4.79619,5.1116047,0.0,4.217488,6.0824046,5.3776336,5.3485956,7.4112377,5.904656,10.931219,10.093711,16.04898,14.460875,20.147293,22.244295,26.890806,28.659592,31.167913,28.82919,31.418104,35.544315,35.19044,32.832264,30.97232,25.927385,26.838898,24.065987,21.838512,19.897854,21.248873,16.551067,18.15865,14.150447,16.896578,17.252945,15.642883,20.1391,22.14066,19.68123,20.780066,16.95067,21.723291,16.313858,19.080448,18.576801,15.879769,17.26804,16.884388,16.903078,16.013426,10.863758,12.002877,12.828412,14.567357,15.7111845,20.63566,20.732212,24.610086,25.34307,30.584782,30.078995,33.726048,32.236073,32.333702,30.027122,26.801544,28.311531,24.304634,27.692787,23.375423,27.035982,31.327095,27.387926,24.127228,24.938488,19.125761,18.98931,16.145828,15.505119
35,38.568363,34.828278,32.884594,29.27666,26.375208,25.50513,20.875576,19.7226,14.937251,13.903747,10.033031,14.886172,18.488413,18.312424,21.480831,19.372486,24.339882,22.173616,27.578058,26.665071,30.03137,33.746597,34.83244,30.48241,35.419613,33.52645,31.22904,27.699669,22.547007,19.880713,17.418081,14.6228695,7.852714,6.1476793,4.217488,0.0,4.602402,6.649949,7.1389136,10.005722,9.922905,14.901724,14.154479,20.130466,18.280346,24.087109,25.853685,30.764141,32.301895,35.01396,32.560146,34.7818,38.873573,38.32227,35.65938,33.57205,28.761461,29.670563,26.59293,24.950586,23.128767,24.969385,20.440813,22.29234,18.276136,21.078615,21.308126,19.437061,23.765554,25.860586,23.305283,23.821142,19.816452,23.73933,17.773191,20.3369,18.89119,15.68767,16.306662,15.174739,14.956814,15.043273,9.723871,12.186835,14.08172,16.014906,18.058416,23.282932,23.869524,27.827267,28.916304,33.985638,33.814926,37.49861,36.056805,36.101162,33.529716,30.279997,31.343626,27.142303,30.313963,25.51047,28.927654,32.85915,28.502968,25.385202,25.278751,20.095173,18.890467,16.229183,14.458692
