,0,1,2,3,4,5,6,7,8,9,10,11,12,13,14,15,16,17,18,19,20,21,22,23,24,25,26,27,28,29,30,31,32,33,34,35,36,37,38,39,40,41,42,43,44,45,46,47,48,49,50,51,52,53,54,55,56,57,58,59,60,61,62,63,64,65,66,67,68,69,70,71,72,73,74,75,76,77,78,79,80,81,82,83,84,85,86,87,88,89,90,91,92,93,94,95,96,97,98,99,100,101,102,103,104,105,106,107,108
0,0.0,3.950349,7.0258484,10.027389,12.953859,15.815185,18.638836,23.108278,26.260283,29.120829,32.898014,34.88117,37.71004,36.651436,35.694485,32.381123,30.787737,29.235746,27.330475,27.351566,25.534224,27.44579,29.045097,32.204563,33.235565,32.715324,34.258873,35.83655,35.71023,39.525715,36.228317,42.723877,39.216,42.472816,39.40661,35.135284,35.361645,38.437077,34.580093,31.272429,33.57232,34.57141,30.584896,28.336702,32.423275,31.349302,26.402678,26.898533,30.219725,32.40865,35.012867,30.39314,35.76621,37.999134,37.08135,37.558083,35.079617,38.31446,41.574177,39.2453,38.00841,43.43873,46.362778,48.05838,43.89043,42.025627,46.633366,45.607666,40.870434,44.04943,45.789684,42.989544,39.6557,43.05075,40.665806,44.056908,40.898052,38.021004,38.624527,35.694813,33.32337,32.79343,28.897114,28.710901,29.840467,27.572596,29.59772,29.838076,31.356853,32.946648,33.39418,33.103916,34.27403,30.907438,27.056417,26.577868,23.430925,23.842981,20.07985,22.742561,19.982487,21.672503,19.118954,17.970495,17.045536,20.602198,16.934282,20.368378,18.260303
1,3.950349,0.0,5.2628574,6.3338084,9.601822,12.939789,15.324888,20.162678,22.925766,26.066408,29.67443,31.767986,34.397648,33.380337,32.18394,28.70978,27.15745,25.405811,23.77722,23.565355,21.986269,24.133558,25.811136,28.6163,29.616688,29.118862,30.43981,32.094254,31.887644,35.79932,32.46011,39.02843,35.78301,38.940018,35.70079,31.477419,31.863007,34.81411,30.822485,27.580248,30.067808,30.834198,26.775063,24.754646,28.929007,27.643429,22.63998,23.53769,26.888405,29.144867,31.46527,26.885654,32.40619,34.510548,33.462955,33.797337,31.236013,34.42861,37.785954,35.51756,34.119915,39.55717,42.4521,44.213173,40.09661,38.174713,42.73491,41.732338,36.957546,40.100697,41.85929,39.105022,35.71883,39.140816,36.726723,40.16226,37.04874,34.14956,34.920002,31.950161,29.707869,29.385582,25.350887,24.938557,25.940186,23.735329,25.657942,26.064707,27.662369,29.448713,30.112787,30.131716,31.559673,28.106232,24.263891,23.347887,20.144197,20.159384,16.385311,18.805101,16.09227,18.059738,15.524939,14.518672,13.836746,16.953157,13.34831,17.017988,15.072099
2,7.0258484,5.2628574,0.0,5.519935,6.9626875,9.192293,12.23829,16.222097,19.704176,22.26669,26.15996,28.068289,31.085093,30.137175,29.821753,26.533419,25.350462,24.301474,22.972307,23.763857,22.930641,25.315474,27.89017,29.63636,30.074913,28.96356,29.98765,31.011047,30.505623,34.05347,30.466633,36.704346,32.685432,36.122818,33.445362,29.053795,29.078873,32.58158,29.047903,25.495546,27.821909,29.690836,25.662468,23.128239,27.562859,27.483686,22.39045,22.661362,26.677465,28.219278,30.844782,27.420954,32.652657,34.25149,33.815907,34.325607,31.212482,34.60139,38.025593,35.019867,33.409035,39.074978,41.700966,43.344788,38.854115,36.807846,41.491024,40.230423,35.807785,39.610596,41.028934,37.959263,35.14098,39.110794,36.746273,40.61015,37.772427,34.889156,36.46413,33.295715,31.593464,31.72945,27.488731,26.326097,26.469408,24.78604,25.352583,25.819416,26.630224,28.302114,28.401,28.06344,28.779709,24.736961,20.787645,20.333319,17.66294,18.115192,15.075392,18.41403,17.11161,20.210842,17.881584,16.95108,15.458802,16.889387,12.460624,14.966348,11.959656
3,10.027389,6.3338084,5.519935,0.0,4.009105,7.507442,9.3879595,14.365202,16.70518,20.115252,23.523232,25.78116,28.291006,27.46111,26.417662,22.656412,21.511349,19.7425,19.036856,18.920265,18.402588,21.143658,23.415363,24.867147,25.473585,24.661386,25.273699,26.700232,26.07048,29.98241,26.274923,32.810833,29.530178,32.609577,29.39712,25.16343,25.546228,28.561934,24.61869,21.297367,23.93722,24.966244,20.823183,18.808426,23.262365,22.405153,17.25992,18.374237,22.163008,24.074846,26.154839,22.390917,27.896353,29.497293,28.66921,28.954552,25.928764,29.228006,32.715374,30.04615,28.354053,33.943443,36.67389,38.41642,34.139816,32.10845,36.726788,35.65739,31.001728,34.485523,36.14402,33.31083,30.134802,33.97991,31.463371,35.267124,32.4346,29.44637,31.011892,27.777218,26.130995,26.390562,22.096033,20.81703,20.998154,19.411448,20.209864,21.154808,22.417112,24.569637,25.311968,25.713055,27.146952,23.153994,19.306599,17.74847,14.85665,14.086644,10.906213,13.2408695,11.717151,15.078729,12.679824,11.944568,10.990839,11.884119,7.80864,11.214475,9.10263
4,12.953859,9.601822,6.9626875,4.009105,0.0,5.473439,5.730581,10.982084,13.621098,16.610146,20.242712,22.205414,24.818058,23.82386,23.078678,19.63568,18.488405,17.405056,16.586905,17.517435,17.508642,20.28009,23.377605,23.936491,24.020395,22.677647,23.281641,24.169752,23.549133,27.117662,23.612717,29.920538,26.335375,29.806166,26.866922,22.45466,22.945747,26.460196,22.686106,19.144943,22.171547,23.844448,19.567348,17.676184,22.494581,22.2459,17.084757,18.439575,22.633799,24.04412,25.86679,23.059727,28.446772,29.498947,28.847301,28.903893,25.410002,28.597137,32.380424,29.426195,27.115265,32.866543,35.239674,37.122387,32.68179,30.312195,34.80877,33.405537,29.037024,32.99029,34.181232,31.027061,28.372828,32.492825,30.275871,34.277424,31.595392,28.859858,31.005215,27.958477,26.749716,27.588625,23.127066,21.170864,20.636705,19.122898,18.777292,19.301306,19.882835,21.81234,22.137117,22.318975,23.43068,19.22336,15.3417425,13.985852,11.259593,11.170619,8.334245,11.990877,11.919093,15.936784,14.413281,14.245977,13.54836,12.53554,8.334382,10.451027,7.1035886
5,15.815185,12.939789,9.192293,7.507442,5.473439,0.0,5.836607,7.8296995,11.03802,13.938973,17.494717,19.895258,22.952356,22.645035,23.2137,19.350096,19.428175,18.53443,19.360905,20.240341,21.306776,24.403822,27.469671,27.153975,26.983625,25.435125,24.964895,25.465792,23.934025,27.337263,22.72105,28.664862,24.170914,27.307955,24.992111,20.668945,20.162483,23.826641,20.81324,17.10799,19.054144,21.932373,18.190542,15.096817,19.693674,21.089567,16.287966,15.883701,20.547264,21.124195,23.723083,22.137682,26.754284,27.502546,27.835014,28.605637,24.883068,28.520737,31.757324,27.84015,26.19826,31.943419,34.316357,35.648056,30.821016,28.853743,33.755108,32.504364,28.454227,32.854786,34.217346,31.13867,28.793444,33.514225,30.8428,35.30304,33.120686,30.035847,32.840656,29.156126,28.492718,29.2662,25.060457,22.80065,21.54932,21.428717,19.87445,21.624907,21.670784,23.972734,24.106855,24.395575,24.826807,19.571293,15.724078,14.174695,12.911461,11.586773,11.093529,13.580111,14.798998,19.358831,17.172636,16.381994,14.116096,11.98133,7.56601,7.303718,3.150242
6,18.638836,15.324888,12.23829,9.3879595,5.730581,5.836607,0.0,6.1006765,8.230483,11.064962,14.640057,16.521227,19.0911,18.180195,17.919119,14.474361,13.909531,13.545891,13.821624,15.611311,16.963585,19.934235,23.676756,22.60848,22.001574,20.07739,19.927584,20.11082,19.04665,22.251368,18.550673,24.560476,20.682663,24.381155,21.727257,17.202364,17.76993,21.725895,18.254658,14.547979,17.968475,20.381788,16.163654,14.524903,19.565138,20.199045,15.402069,16.955435,21.41136,22.088411,23.427097,22.129522,27.083048,27.334179,27.015934,26.894886,22.858715,25.921585,29.86147,26.467587,23.542103,29.374897,31.307043,33.226864,28.607645,25.942186,30.3362,28.649933,24.686989,29.219221,29.97292,26.567986,24.567219,29.162691,27.115992,31.45352,29.194382,26.647734,29.707993,26.700626,26.279663,27.802929,23.376682,20.539402,18.87403,18.12693,15.866013,16.587284,16.185368,18.22866,18.274975,18.682112,19.481846,14.596789,10.853706,8.784487,7.1168003,6.5423527,6.1753325,10.089933,12.459773,17.122986,16.386127,16.667515,16.041725,12.583618,9.290811,9.100439,5.441927
7,23.108278,20.162678,16.222097,14.365202,10.982084,7.8296995,6.1006765,0.0,4.840823,6.174208,10.096988,12.143337,15.470846,15.305009,17.171036,13.876734,14.913937,15.500099,17.290848,19.492287,21.810747,24.820257,28.712713,26.611519,25.525202,23.206848,22.042341,21.365133,19.394344,21.85684,17.281881,22.31699,17.021175,20.751463,19.260544,14.835384,14.240102,18.890223,16.713112,12.8793955,15.237377,19.523808,16.130177,13.615971,18.239817,20.942268,16.959906,16.96557,21.696688,21.160582,22.902447,23.507042,27.421854,26.972431,27.713501,28.09638,23.729567,26.968622,30.43441,26.032402,23.394554,29.093273,30.656153,32.08018,27.051336,24.583254,29.144482,27.355068,24.165335,29.390064,29.89723,26.413712,25.289156,30.493277,28.31519,33.064713,31.456806,28.862246,32.731693,29.392967,29.676846,31.35715,27.224482,24.000362,21.4694,22.004248,18.218678,19.726461,18.318241,20.342085,19.804726,20.07123,19.724272,13.712592,10.4904375,8.772008,9.896815,8.820666,11.303228,13.923015,17.420502,22.271694,21.306057,21.262949,19.694586,15.252907,12.451518,9.803105,6.6819243
8,26.260283,22.925766,19.704176,16.70518,13.621098,11.03802,8.230483,4.840823,0.0,4.777135,6.9004693,9.810067,12.253411,12.592645,14.031972,9.959634,12.020185,12.252565,15.676559,17.232431,20.42983,23.566525,27.21697,24.224802,22.987024,20.772236,18.630629,17.916971,15.311097,17.914524,12.672757,17.9073,13.154586,16.490362,14.529353,10.098377,9.795796,14.309334,11.978064,8.191836,11.152872,15.253026,12.034158,10.283513,14.768387,17.48407,14.160775,14.803413,19.138145,18.398815,19.295103,20.708673,24.299116,23.36648,24.046173,24.209806,19.693937,22.748985,26.20535,21.798864,18.82117,24.449501,25.868868,27.331299,22.343922,19.759521,24.311638,22.596176,19.42306,24.734299,25.29237,21.955587,20.89139,26.277205,23.989187,28.858282,27.582531,25.00702,29.305557,25.968805,26.76557,28.777485,24.899872,21.312403,18.191147,19.489384,14.761092,17.056744,15.51991,18.07147,18.10319,19.265451,19.507236,13.798266,11.442504,8.138178,10.0553,6.902963,11.161925,12.010569,16.448185,21.193165,20.632196,20.878428,19.736588,14.197979,12.878392,9.742599,8.687798
9,29.120829,26.066408,22.26669,20.115252,16.610146,13.938973,11.064962,6.174208,4.777135,0.0,4.4281354,5.986559,9.505054,9.784388,13.215062,10.76567,13.009854,14.8026285,17.550224,20.30197,23.470121,26.273232,30.434912,27.035492,25.320295,22.597094,20.694876,19.030348,16.616573,17.984402,13.579517,17.30825,11.303989,15.561045,14.998335,10.86546,10.2738495,15.546995,14.443943,11.149968,13.57866,18.540194,15.895102,14.37855,18.301525,21.685343,18.766708,19.121449,23.393805,22.138018,22.975166,25.179018,28.351177,26.997091,27.983536,28.03839,23.431313,26.139137,29.594337,25.031603,21.703964,27.025166,27.816658,29.26616,24.27124,21.46125,25.514776,23.312887,21.091219,26.815592,26.585178,22.913986,22.959106,28.37651,26.65133,31.46953,30.45013,28.326893,32.902134,29.920248,30.939226,33.196037,29.32835,25.602232,22.288061,23.401623,18.208261,19.584352,17.10603,18.842136,17.90513,18.393051,17.51042,11.3979845,9.83331,7.973502,11.262682,10.256053,14.329792,16.164822,20.677807,25.339031,25.110954,25.469181,24.331488,18.946388,17.29726,14.088632,12.282701
10,32.898014,29.67443,26.15996,23.523232,20.242712,17.494717,14.640057,10.096988,6.9004693,4.4281354,0.0,3.91022,6.3432465,8.084832,12.165322,9.738997,13.211352,14.920126,18.88464,21.1,24.880249,27.682081,31.581463,27.431849,25.548307,22.923084,20.089464,18.149685,15.042355,15.907334,10.921535,13.637359,7.1965017,11.173594,11.201981,7.6891494,6.623222,11.972426,11.899234,9.434125,11.304088,16.490154,14.740301,13.845455,16.867107,20.732452,18.817099,19.137419,22.866684,21.121923,21.336336,24.696932,27.130064,25.182657,26.450647,26.478285,21.880545,24.301538,27.43688,22.699226,19.31157,24.196066,24.59347,25.837069,20.872286,18.105875,21.978762,19.793709,18.203598,24.093538,23.725048,20.264488,20.864372,26.423943,24.67718,29.55621,29.077854,27.06309,32.06897,29.106552,30.672085,33.14032,29.645657,25.725922,21.952887,23.850788,17.96382,19.955643,17.270226,19.223763,18.610996,19.720936,19.034712,13.524064,12.99916,10.6212435,14.185895,12.20362,16.936268,17.505512,22.416645,26.879034,26.828156,27.268782,26.216724,20.298523,19.590237,16.028742,15.346544
11,34.88117,31.767986,28.068289,25.78116,22.205414,19.895258,16.521227,12.143337,9.810067,5.986559,3.91022,0.0,4.2133913,5.3683033,11.0132475,10.469078,13.436004,16.252888,19.346992,22.465506,26.089487,28.546925,32.84413,28.449184,26.206202,23.214918,20.844824,18.217964,15.682826,15.453025,12.0948105,13.449898,6.812824,11.858992,12.739122,9.762694,9.593369,14.655755,14.849457,12.749936,14.947785,19.799671,18.029768,17.61199,20.62615,24.180958,22.232193,22.963573,26.662443,24.9702,24.923223,28.256926,30.77036,28.694757,29.762524,29.429796,24.830072,26.827932,30.206095,25.79739,21.863024,26.490486,26.371632,27.88306,23.204165,20.085829,23.215311,20.530697,19.63608,25.589079,24.437376,20.658535,22.100847,27.416185,26.345657,30.993404,30.559061,29.049362,34.090706,31.618376,33.21759,35.93638,32.362602,28.357409,24.589771,25.99168,19.99879,20.949823,17.64304,18.804918,17.46031,18.069914,16.668951,11.490866,12.003896,10.694088,14.708625,14.1250925,18.558191,19.880125,24.793772,29.119734,29.509087,30.187681,29.44527,23.646484,22.678858,19.400381,18.11746
12,37.71004,34.397648,31.085093,28.291006,24.818058,22.952356,19.0911,15.470846,12.253411,9.505054,6.3432465,4.2133913,0.0,3.5698602,8.8891325,9.271187,12.633303,15.565208,19.154955,21.990675,25.95294,28.213097,32.337967,27.291328,24.827293,21.893578,19.01863,16.018148,13.340014,12.223358,9.665147,9.540565,3.7027602,9.168126,10.155359,8.239306,9.205883,13.341754,13.822289,12.713684,15.17698,19.09613,17.784113,18.440607,20.92426,23.963886,22.67967,24.065994,27.213726,25.55611,24.635752,28.353973,30.584219,28.147814,28.938074,28.170307,23.6951,25.086143,28.486961,24.529785,20.055765,24.16761,23.507996,25.250471,20.982214,17.547318,19.946758,16.977549,16.768448,22.666891,21.000353,17.23928,19.421408,24.547869,23.887997,28.330942,28.258377,27.163698,32.410477,30.346601,32.313618,35.33879,32.042976,27.912975,23.92986,25.52391,19.177664,20.021008,16.484943,17.550585,16.506046,17.744461,16.864782,12.899605,14.205828,12.410941,16.304508,15.365408,19.960136,20.52037,25.599287,29.550585,30.409216,31.36582,31.08643,25.028385,24.738909,21.634186,20.898533
13,36.651436,33.380337,30.137175,27.46111,23.82386,22.645035,18.180195,15.305009,12.592645,9.784388,8.084832,5.3683033,3.5698602,0.0,6.5190783,8.431932,10.681442,14.43922,16.923105,20.534084,24.158844,26.136005,30.596796,25.655985,23.013979,19.798237,17.71559,14.404388,12.645214,11.261672,10.395795,10.980621,6.97088,12.347028,12.447454,9.991664,11.857166,16.057585,15.594928,14.140853,17.504642,20.88614,18.921568,19.862324,22.908802,25.185139,23.39479,25.43354,28.742682,27.532593,26.535131,29.471878,32.289097,30.123499,30.395662,29.241354,24.754517,25.957703,29.850336,26.394096,21.41062,25.724804,25.079645,27.299541,23.247683,19.45531,21.549173,18.30168,17.766346,23.492064,21.459732,17.320856,19.505615,24.315374,24.164434,28.369701,27.927881,27.159803,32.149345,30.50677,32.205048,35.35949,31.841522,27.731852,23.984245,24.789442,18.70726,18.441133,14.560899,14.977509,13.397809,14.311898,13.325418,9.813797,11.706174,10.403754,14.261523,14.437489,18.550392,19.847263,24.763857,28.559797,29.816345,31.020786,31.158138,25.350239,24.757824,22.152763,20.873617
14,35.694485,32.18394,29.821753,26.417662,23.078678,23.2137,17.919119,17.171036,14.031972,13.215062,12.165322,11.0132475,8.8891325,6.5190783,0.0,5.448262,5.7856183,9.894096,11.921969,15.386542,19.013567,20.620659,24.957045,19.626497,16.78634,13.554882,11.695943,8.078883,7.542343,6.291619,8.347182,10.612968,10.665345,14.87171,12.724917,10.365769,14.006726,17.055824,14.989737,13.9971285,18.633251,19.922787,17.419949,19.756428,22.971634,23.334114,21.534035,25.117283,27.9242,27.583738,25.704554,27.5238,30.940878,29.063658,28.202734,26.173183,21.957504,22.448774,27.005396,24.827707,18.955383,23.212719,22.622887,25.690844,22.315731,18.01018,19.498404,16.151066,14.745459,19.786516,17.502146,13.076371,14.857571,19.060442,19.588514,23.326994,22.48418,22.269268,26.920298,26.061707,27.630302,31.101776,27.645618,23.58227,20.112812,20.115986,14.366663,12.840089,8.701452,8.8998575,8.265095,10.74434,12.035956,10.614062,12.341074,10.014886,12.559802,12.677063,16.078924,16.785778,21.40263,24.443012,26.563103,28.307117,29.477009,23.91062,23.910114,22.294937,21.350294
15,32.381123,28.70978,26.533419,22.656412,19.63568,19.350096,14.474361,13.876734,9.959634,10.76567,9.738997,10.469078,9.271187,8.431932,5.448262,0.0,4.4671097,6.316252,10.873106,12.775502,16.949646,19.36056,23.173594,18.243765,16.070496,13.477377,10.459468,8.5245285,5.9220657,8.083265,5.2649717,10.793586,10.00116,13.496504,10.111323,6.588502,10.338684,13.322025,10.303337,8.849692,13.891543,14.989278,12.114037,14.381477,17.768412,18.1219,16.183472,19.684511,22.518286,22.286577,20.608236,22.267536,25.788649,24.126963,23.401718,21.791334,17.359777,18.580925,23.021755,20.348652,14.915127,19.908628,20.186787,22.918402,19.00098,15.00783,17.854176,15.2467985,12.412383,17.727163,16.882637,12.924541,12.936255,17.993992,17.138449,21.55053,20.543575,19.297812,24.081692,22.28824,23.807755,26.976606,23.464956,19.34503,15.660933,16.448439,10.275536,10.882641,7.896154,10.350946,11.168748,13.93693,15.615838,12.477597,12.5086355,8.61954,10.784828,8.571386,12.789304,12.336563,17.305803,20.759218,22.262388,23.727686,24.554232,18.74489,19.114443,17.350536,17.079079
16,30.787737,27.15745,25.350462,21.511349,18.488405,19.428175,13.909531,14.913937,12.020185,13.009854,13.211352,13.436004,12.633303,10.681442,5.7856183,4.4671097,0.0,4.7901855,6.7167606,9.9791975,13.57066,15.597725,19.918674,15.243201,12.877785,9.844829,8.550249,6.729929,6.7547545,8.997219,9.102843,14.229132,14.05405,17.817604,14.348176,11.012324,14.676938,17.582672,14.008476,12.360298,17.692856,18.075863,14.577183,17.00336,20.841642,20.049883,17.458282,21.766623,24.636286,25.061098,23.377419,23.754044,28.002499,26.82012,25.382208,23.291367,19.134748,20.030561,24.96668,23.1366,17.469332,22.415243,22.79889,25.976295,22.483013,18.391851,20.746494,18.071325,14.947845,19.458624,18.36523,14.295985,13.873558,18.041765,17.88918,21.72474,20.029404,19.254427,23.362047,22.257544,23.220215,26.487942,22.694635,18.769348,15.757061,14.971596,9.847189,7.905224,4.278121,6.304679,7.407362,10.464567,13.163089,11.237423,11.23726,7.72747,8.581088,8.106027,10.797216,11.395165,15.751069,18.748495,20.961052,22.841942,24.407602,19.263573,19.281864,18.497026,17.619781
17,29.235746,25.405811,24.301474,19.7425,17.405056,18.53443,13.545891,15.500099,12.252565,14.8026285,14.920126,16.252888,15.565208,14.43922,9.894096,6.316252,4.7901855,0.0,6.6858234,6.534712,10.93869,13.618967,17.029196,12.528986,10.963993,9.121179,6.618742,7.3691387,6.5801663,10.833372,9.273183,15.591409,16.088259,18.778479,14.336776,11.205334,14.745247,16.646559,12.128728,10.760998,16.133007,15.079944,11.2470255,14.316423,18.000614,16.000196,13.425376,18.490044,20.88816,21.875261,19.903112,19.4473,23.992254,23.173185,21.240631,19.046629,15.053738,16.123104,21.162374,19.746588,14.3536215,19.522942,20.629732,23.769619,20.412806,16.68399,19.54058,17.618132,13.362717,17.179888,17.273521,13.924102,11.6892185,15.880834,14.799535,18.802164,16.775698,15.309178,19.26385,17.720612,18.563404,21.743841,17.970766,14.001042,11.006939,10.433833,5.1276965,5.1641665,4.5583224,8.521864,11.159549,14.468054,17.627176,15.430254,14.535981,10.409881,10.058144,7.151766,9.445601,7.674293,12.017696,14.810892,16.975231,18.922173,20.798384,15.706043,16.5911,16.316856,16.412569
18,27.330475,23.77722,22.972307,19.036856,16.586905,19.360905,13.821624,17.290848,15.676559,17.550224,18.88464,19.346992,19.154955,16.923105,11.921969,10.873106,6.7167606,6.6858234,0.0,6.103482,7.713836,9.358371,14.274514,11.025928,9.255825,6.5820837,8.927668,9.374048,11.432277,14.232263,15.076824,20.549006,20.704636,24.31405,20.393417,17.023384,20.451662,23.054651,18.699451,16.851748,22.233051,21.575314,17.451878,19.834621,24.027994,21.655796,18.277746,23.414728,26.132921,27.560175,26.026636,24.399101,29.586863,29.270298,26.928814,24.478724,20.93187,21.693157,26.941057,26.133577,20.784296,25.688446,26.634516,30.077232,26.998436,23.145554,25.420473,23.14818,19.321442,22.564783,21.971075,18.409868,16.664192,19.480482,19.573668,22.565228,19.809677,19.219551,21.883835,21.43132,21.300684,24.343994,20.223436,16.960438,15.400825,12.280008,10.208623,5.3187733,4.879253,5.805966,7.9887686,10.507766,14.517459,14.00076,13.1119995,10.482028,8.367771,9.372836,8.522697,10.063748,12.4902935,14.444555,17.55167,19.94512,22.59404,18.845892,18.594513,19.426537,18.206516
19,27.351566,23.565355,23.763857,18.920265,17.517435,20.240341,15.611311,19.492287,17.232431,20.30197,21.1,22.465506,21.990675,20.534084,15.386542,12.775502,9.9791975,6.534712,6.103482,0.0,4.758548,7.632952,10.544918,7.1697826,6.97612,6.9175506,7.4046535,10.372943,11.597893,15.667428,15.411048,21.482542,22.612673,25.083658,20.341444,17.531883,20.886543,22.251274,17.324192,16.153725,21.19416,18.82008,14.842982,17.963398,21.547684,17.614824,14.687357,20.653414,22.46986,24.561693,22.497974,19.850897,25.195318,25.278593,22.211433,19.465158,16.523687,17.095984,22.309834,22.379053,17.510597,22.143269,23.734598,27.131311,24.512074,21.15477,23.585142,22.13859,17.48396,19.560703,20.16501,17.559402,14.1352215,16.438723,15.684876,18.47433,15.303989,14.097406,16.238056,15.596925,15.218212,18.287756,14.288195,11.098826,10.131025,6.279581,6.2971716,3.1388688,7.067626,9.877381,13.312805,16.414331,20.495043,19.459599,18.170053,14.689468,12.533365,10.725644,9.750595,7.6179876,9.035104,9.891164,13.457548,16.131405,19.45837,16.001942,17.106443,18.520504,18.653183
20,25.534224,21.986269,22.930641,18.402588,17.508642,21.306776,16.963585,21.810747,20.42983,23.470121,24.880249,26.089487,25.95294,24.158844,19.013567,16.949646,13.57066,10.93869,7.713836,4.758548,0.0,3.6138844,7.0954285,6.8898463,7.850557,8.513757,11.303622,14.115419,16.076769,19.76255,20.044037,26.020737,26.918177,29.686142,25.040806,22.045816,25.259073,26.855425,21.881248,20.440668,25.391186,23.066456,18.961107,21.588295,25.357033,21.059853,17.71582,23.567083,25.399092,27.920826,26.212496,22.527426,28.254808,28.861965,25.50343,22.769161,20.337866,20.863283,25.938961,26.429136,21.936516,26.387865,28.107805,31.541307,29.086298,25.840517,28.153332,26.727226,22.12084,23.750614,24.324175,21.834858,18.424973,19.874243,19.495766,21.539783,17.922512,17.063662,17.800966,17.789349,16.413763,18.978865,14.905573,12.828652,13.335022,8.133545,10.808635,7.1124043,10.581937,12.073909,15.081536,17.476248,21.748165,21.378942,19.844585,17.089443,14.05196,13.565526,10.802708,10.136154,9.227793,8.481656,12.814575,15.782823,19.811132,17.777878,18.337286,20.679829,20.331413
21,27.44579,24.133558,25.315474,21.143658,20.28009,24.403822,19.934235,24.820257,23.566525,26.273232,27.682081,28.546925,28.213097,26.136005,20.620659,19.36056,15.597725,13.618967,9.358371,7.632952,3.6138844,0.0,5.531754,6.409686,7.4622297,8.544246,12.655182,15.267228,18.002737,21.151386,22.479643,28.011984,29.340065,32.22671,27.639572,24.820408,28.259586,29.845476,24.952503,23.667477,28.724741,26.283127,22.306936,25.123621,28.820438,24.352646,21.228643,27.151022,28.84825,31.423147,29.509863,25.763203,31.422411,32.012352,28.40588,25.353956,23.206106,23.239046,28.362465,29.357246,24.63354,28.721155,30.172974,33.8413,31.730507,28.34702,30.13884,28.581293,24.252426,25.476068,25.63319,23.209139,20.111486,20.734018,21.11725,22.459484,18.706894,18.633047,18.734694,19.701685,18.193275,20.809793,17.11346,15.481506,16.2887,10.926558,13.7755575,9.107052,12.180961,12.629541,15.512429,17.68296,22.220243,22.837072,21.673004,19.394503,16.343933,16.691492,13.813543,13.727928,12.605117,11.054299,15.642457,18.685568,22.975983,21.317062,21.768951,24.20885,23.629837
22,29.045097,25.811136,27.89017,23.415363,23.377605,27.469671,23.676756,28.712713,27.21697,30.434912,31.581463,32.84413,32.337967,30.596796,24.957045,23.173594,19.918674,17.029196,14.274514,10.544918,7.0954285,5.531754,0.0,6.7086515,9.595851,12.27114,15.217019,18.649097,21.019127,24.498852,25.483591,31.061405,33.007156,35.24136,30.29296,27.906345,31.25303,32.06456,27.03424,26.221481,30.877762,27.377836,23.793976,26.875364,29.974083,24.469158,21.941523,28.046762,28.906832,31.997286,29.766542,25.114103,30.659727,31.684969,27.466005,24.204023,23.040062,22.666588,27.37325,29.374655,25.307827,28.738213,30.542013,34.119526,32.604454,29.694458,31.31292,30.353992,25.78551,25.847263,26.727472,25.143167,21.265356,20.888792,20.988623,21.460287,17.442362,17.357704,15.838342,17.44688,15.233681,17.440042,14.462534,14.049372,16.12101,10.6636715,15.53824,12.429256,16.266178,17.278278,20.585289,23.057302,27.660105,28.098345,26.78918,24.142262,21.11146,20.446707,17.62011,16.064459,13.764158,10.337439,15.085038,18.18517,23.057829,22.276707,23.524448,26.397264,26.570906
23,32.204563,28.6163,29.63636,24.867147,23.936491,27.153975,22.60848,26.611519,24.224802,27.035492,27.431849,28.449184,27.291328,25.655985,19.626497,18.243765,15.243201,12.528986,11.025928,7.1697826,6.8898463,6.409686,6.7086515,0.0,3.373033,6.8339357,8.961782,12.497536,15.071244,18.247877,19.9669,24.975315,27.72495,29.725138,24.81861,22.927214,26.675236,27.228434,22.468016,22.170921,27.02844,23.489758,20.24472,24.088608,26.937925,21.890842,20.038473,26.371986,27.242844,29.710566,26.806898,23.671595,28.674229,28.837418,24.82714,21.128235,19.44217,18.482878,23.608562,25.513063,20.532263,23.785011,24.99513,28.867506,27.494432,24.208717,25.289827,24.074852,19.84569,20.027977,20.31514,18.59518,15.099854,14.744691,15.4790535,16.21699,12.444483,13.035268,13.284479,15.161255,14.496536,17.912018,15.014703,12.997086,13.355092,8.888828,11.319164,7.5348935,11.154911,12.382105,16.24149,19.510773,24.214241,24.748188,24.111713,21.06753,18.949585,17.836199,16.552528,14.38689,14.307122,12.6157675,17.180994,20.20933,24.439766,21.87794,23.516123,25.318178,25.687227
24,33.235565,29.616688,30.074913,25.473585,24.020395,26.983625,22.001574,25.525202,22.987024,25.320295,25.548307,26.206202,24.827293,23.013979,16.78634,16.070496,12.877785,10.963993,9.255825,6.97612,7.850557,7.4622297,9.595851,3.373033,0.0,3.7331333,6.6417923,9.584116,12.745055,15.417539,17.946032,22.552961,25.422697,27.670527,22.998705,21.141373,25.10574,25.931414,21.412466,21.108135,26.17956,23.160604,19.934498,23.851837,26.835802,22.463894,20.616682,26.807312,28.00496,30.05219,27.105555,24.826693,29.635105,29.36931,25.719328,22.036366,19.847359,18.842398,24.143454,25.606813,20.07078,23.43667,24.178707,28.197361,26.678692,23.034472,23.862509,22.210672,18.36882,19.122303,18.652887,16.431398,13.726705,13.745355,15.095759,16.17993,12.848631,13.834848,15.17993,16.90487,16.864273,20.501474,17.500797,14.894088,14.30606,10.517309,10.932676,5.9457517,8.621973,9.357554,13.275194,16.732262,21.449556,22.315172,22.10802,19.203907,17.507498,16.826242,16.119167,14.53884,15.502858,14.766796,19.128902,22.066174,25.91558,22.701542,24.06857,25.380915,25.45418
25,32.715324,29.118862,28.96356,24.661386,22.677647,25.435125,20.07739,23.206848,20.772236,22.597094,22.923084,23.214918,21.893578,19.798237,13.554882,13.477377,9.844829,9.121179,6.5820837,6.9175506,8.513757,8.544246,12.27114,6.8339357,3.7331333,0.0,5.6804914,7.16478,10.84284,13.062759,16.025644,20.492924,22.858763,25.642092,21.333332,19.159348,23.188503,24.631443,20.339733,19.689028,24.981234,22.874638,19.46383,23.083824,26.42413,22.953558,20.761354,26.618494,28.366697,30.004045,27.355562,25.75712,30.541578,29.99601,26.877632,23.498404,20.677044,20.075186,25.461168,26.096859,20.234974,24.043072,24.500572,28.47655,26.484148,22.525898,23.50527,21.349604,17.83211,19.64679,18.56423,15.572621,13.807244,14.874667,16.291193,18.087357,15.233629,16.00164,18.236511,19.335285,19.566723,23.183472,19.832241,16.771145,15.459561,12.139292,10.822802,4.772236,5.655102,5.640993,9.546845,13.085337,17.760353,18.760561,18.835463,16.180798,14.797531,14.829692,14.520033,13.97019,15.827391,16.139757,20.171509,22.957594,26.345686,22.650803,23.485758,24.382036,23.967653
26,34.258873,30.43981,29.98765,25.273699,23.281641,24.964895,19.927584,22.042341,18.630629,20.694876,20.089464,20.844824,19.01863,17.71559,11.695943,10.459468,8.550249,6.618742,8.927668,7.4046535,11.303622,12.655182,15.217019,8.961782,6.6417923,5.6804914,0.0,4.210399,6.203123,9.469672,11.440548,16.039183,19.16469,21.084612,16.418669,14.890509,19.00694,19.652304,15.483093,15.588162,20.588749,17.968817,15.154925,19.373844,22.055481,18.778128,17.514858,23.239683,24.58129,25.849318,22.699154,22.121683,26.244253,25.214148,22.329147,18.953419,15.907855,15.123612,20.455063,20.888126,14.784148,18.507275,18.907448,22.829477,20.84396,16.898323,17.962559,16.032322,12.200493,14.239196,13.524884,10.627195,8.295018,10.586334,11.280781,14.039228,11.885655,12.103525,15.803844,16.119915,17.369766,21.221231,18.241135,14.58334,12.108409,10.875721,7.271782,4.632893,5.1107254,7.715677,11.611752,15.678657,19.69939,19.422987,19.506939,15.966547,15.568451,13.709158,15.048393,12.763479,15.749305,16.717432,20.039753,22.494896,25.308699,20.712847,22.33092,22.460299,22.896395
27,35.83655,32.094254,31.011047,26.700232,24.169752,25.465792,20.11082,21.365133,17.916971,19.030348,18.149685,18.217964,16.018148,14.404388,8.078883,8.5245285,6.729929,7.3691387,9.374048,10.372943,14.115419,15.267228,18.649097,12.497536,9.584116,7.16478,4.210399,0.0,4.4991,5.9453926,9.821411,13.393553,16.510359,18.968424,14.964291,13.480298,17.77585,19.00952,15.549306,15.528452,20.571718,19.094723,16.480808,20.342657,23.146616,21.05963,19.754065,24.89634,26.676855,27.361431,24.412516,24.84201,28.638365,27.170094,24.909721,21.821068,18.37652,17.742414,22.856207,22.568783,16.190357,19.883957,19.586092,23.45843,21.21553,16.898485,17.609241,14.909312,12.154075,15.2775,13.334025,9.469087,9.437669,12.294729,13.59823,16.50723,15.081273,15.606273,19.706818,19.93162,21.430182,25.257238,22.207958,18.393482,15.485244,14.693056,10.053696,7.2686596,4.6128,5.9052224,8.965079,13.087659,16.693562,16.737164,17.555939,14.421929,14.904711,13.888345,15.959207,14.812604,18.487751,20.109653,23.201721,25.505487,27.872343,22.854076,23.9599,23.494616,23.442461
28,35.71023,31.887644,30.505623,26.07048,23.549133,23.934025,19.04665,19.394344,15.311097,16.616573,15.042355,15.682826,13.340014,12.645214,7.542343,5.9220657,6.7547545,6.5801663,11.432277,11.597893,16.076769,18.002737,21.019127,15.071244,12.745055,10.84284,6.203123,4.4991,0.0,4.872211,5.509499,10.074574,13.090689,14.975061,10.612421,9.321274,13.626811,14.520998,11.210698,11.58252,16.352768,15.063436,12.879073,16.781591,19.20412,17.869127,17.051537,21.64353,23.37156,23.604612,20.638596,22.03882,25.315159,23.498554,21.82015,19.206795,15.357228,15.201183,19.98636,18.839329,12.518267,16.59288,16.430689,19.931631,17.147696,12.817103,14.326018,11.753531,8.57523,12.924414,11.654368,7.7331643,7.5510683,12.202389,12.108499,16.081146,15.297354,14.841893,19.759594,18.904905,20.890018,24.543333,21.619085,17.538113,13.883406,14.6992235,8.7148905,9.012756,6.7840605,9.457372,11.856086,15.66895,18.476313,17.049936,17.543592,13.814961,15.001267,12.572586,15.810283,13.814282,18.181269,20.466776,22.778734,24.679594,26.369337,20.774797,22.197104,21.051018,21.537855
29,39.525715,35.79932,34.05347,29.98241,27.117662,27.337263,22.251368,21.85684,17.914524,17.984402,15.907334,15.453025,12.223358,11.261672,6.291619,8.083265,8.997219,10.833372,14.232263,15.667428,19.76255,21.151386,24.498852,18.247877,15.417539,13.062759,9.469672,5.9453926,4.872211,0.0,7.2084947,7.9528537,12.189002,14.275275,11.229024,10.941243,15.10826,16.166227,14.203134,14.816783,19.09038,18.599798,17.03565,20.631002,22.788649,22.213854,21.672401,25.821331,27.612623,27.392162,24.378881,26.554834,29.356012,27.121918,25.77462,23.130766,19.449938,18.83221,23.251862,22.104717,15.772496,18.903187,17.666422,21.192694,18.817602,14.339815,14.456954,11.011337,10.147271,14.429033,11.438844,6.9835296,9.918513,13.626951,14.8137245,18.115845,17.969053,18.403467,23.311295,23.053814,25.256245,29.043688,26.299288,22.271713,18.65192,19.319025,13.557742,12.742512,9.554103,10.398146,11.654548,15.153343,17.376247,16.863422,18.41571,15.501928,17.408413,16.105736,19.467245,18.348005,22.762611,25.018944,27.505915,29.44122,31.047297,25.35458,26.466728,24.982864,25.06787
30,36.228317,32.46011,30.466633,26.274923,23.612717,22.72105,18.550673,17.281881,12.672757,13.579517,10.921535,12.0948105,9.665147,10.395795,8.347182,5.2649717,9.102843,9.273183,15.076824,15.411048,20.044037,22.479643,25.483591,19.9669,17.946032,16.025644,11.440548,9.821411,5.509499,7.2084947,0.0,6.867953,8.402246,9.818824,5.43901,4.103783,8.368986,9.463995,7.231378,7.8849587,11.882128,12.15566,10.822287,13.910722,15.875938,16.532639,16.156345,19.319622,21.299583,20.592611,18.069698,21.095879,23.534756,21.196287,20.769367,19.178198,14.890537,15.671242,19.546759,16.748524,11.170308,15.544296,15.391174,17.948507,14.130592,9.992759,12.789658,10.342316,7.858412,13.670886,13.012246,9.585468,10.116584,15.621443,14.3230095,18.969204,18.89551,17.579632,22.957914,20.981796,23.287422,26.539776,23.713959,19.552914,15.381043,17.643232,11.090393,13.416907,11.163277,13.883233,15.271947,18.421255,20.061424,17.156054,17.474144,13.64372,15.873768,12.5962715,17.022463,14.977013,19.910646,23.033339,24.338743,25.64998,26.280588,20.119162,21.464273,19.235151,20.043468
31,42.723877,39.02843,36.704346,32.810833,29.920538,28.664862,24.560476,22.31699,17.9073,17.30825,13.637359,13.449898,9.540565,10.980621,10.612968,10.793586,14.229132,15.591409,20.549006,21.482542,26.020737,28.011984,31.061405,24.975315,22.552961,20.492924,16.039183,13.393553,10.074574,7.9528537,6.867953,0.0,7.3311596,7.0427423,6.010585,8.432049,11.089571,11.189453,11.93969,13.505786,15.753886,16.597967,16.724005,19.510008,20.415995,21.942743,22.462524,24.936638,26.531258,25.12326,22.306627,26.624063,27.956272,24.897945,25.008215,23.408934,19.646608,19.559713,22.586031,19.94198,14.782171,17.170088,15.358578,17.586006,14.630906,10.74488,11.149242,7.7637987,9.418821,14.666951,12.329472,9.360411,12.892877,17.418459,17.203545,21.1154,22.111303,21.689014,27.23471,25.86025,28.679161,32.102543,29.755272,25.662302,21.462528,23.89318,17.484833,19.034485,16.194008,17.754837,18.39097,21.211014,22.0691,19.948742,21.375048,18.43386,21.352816,18.976622,23.459711,21.824478,26.734198,29.669876,31.145912,32.46349,32.96818,26.712364,28.028393,25.372469,26.052963
32,39.216,35.78301,32.685432,29.530178,26.335375,24.170914,20.682663,17.021175,13.154586,11.303989,7.1965017,6.812824,3.7027602,6.97088,10.665345,10.00116,14.05405,16.088259,20.704636,22.612673,26.918177,29.340065,33.007156,27.72495,25.422697,22.858763,19.16469,16.510359,13.090689,12.189002,8.402246,7.3311596,0.0,5.482628,7.0940146,6.53044,7.0276804,10.240992,11.657755,11.426701,13.070387,16.810673,16.319103,17.209692,18.888466,22.228697,21.705357,22.826355,25.507038,23.558159,22.303745,26.74972,28.352863,25.589241,26.663532,26.06772,21.734026,23.048376,25.979017,21.826939,17.688385,21.384365,20.60753,22.000368,17.70981,14.541711,17.03464,14.37313,14.540201,20.418705,19.077574,15.811222,18.005232,23.258385,22.213402,26.749004,27.102352,25.831743,31.290632,29.002869,31.308947,34.289455,31.343292,27.220049,23.036066,25.379768,18.865,20.665903,17.527071,19.149126,18.784397,20.583551,20.203913,16.350063,17.333082,14.906983,18.544823,16.515387,21.384241,20.925241,26.065613,29.913622,30.598587,31.44559,31.033352,24.761593,25.077717,21.740908,21.779854
33,42.472816,38.940018,36.122818,32.609577,29.806166,27.307955,24.381155,20.751463,16.490362,15.561045,11.173594,11.858992,9.168126,12.347028,14.87171,13.496504,17.817604,18.778479,24.31405,25.083658,29.686142,32.22671,35.24136,29.725138,27.670527,25.642092,21.084612,18.968424,14.975061,14.275275,9.818824,7.0427423,5.482628,0.0,5.3405647,8.022203,7.4315305,7.4876285,10.910991,12.258868,12.15029,15.212996,16.26032,17.427181,17.58437,21.31582,22.065834,22.675884,24.483887,22.067148,20.281702,25.878431,26.319368,23.007246,24.599186,24.316643,20.422699,21.489239,23.444546,19.077456,15.80999,18.388283,17.285204,17.880436,13.7453785,11.4068575,13.737548,11.883752,13.050011,18.415262,17.607794,15.46052,17.663237,22.75906,21.222357,25.682796,26.75963,25.321741,30.96228,28.432165,31.229658,34.091377,31.756493,27.757612,23.429415,26.758295,20.30908,23.211054,20.659933,22.76485,23.082226,25.375721,25.41217,21.742418,22.515387,19.653522,22.970192,19.934805,24.898682,23.25094,28.280125,31.878428,32.325706,33.00324,32.403687,26.02072,27.135983,23.595535,24.602276
34,39.40661,35.70079,33.445362,29.39712,26.866922,24.992111,21.727257,19.260544,14.529353,14.998335,11.201981,12.739122,10.155359,12.447454,12.724917,10.111323,14.348176,14.336776,20.393417,20.341444,25.040806,27.639572,30.29296,24.81861,22.998705,21.333332,16.418669,14.964291,10.612421,11.229024,5.43901,6.010585,7.0940146,5.3405647,0.0,4.591536,6.2374773,5.3038936,6.4721255,8.544107,9.879396,11.105165,11.7518425,14.061894,14.524139,16.882416,17.672552,19.358236,20.907003,19.216213,16.720942,21.553814,22.601255,19.557173,20.304394,19.53606,15.500862,16.48668,19.037165,15.167891,10.938405,14.311199,13.795042,15.1942425,10.859147,7.4949045,10.846755,9.09561,8.369311,14.083311,13.92489,11.687863,12.79199,18.180769,16.2558,20.947752,21.73225,20.091108,25.70377,23.173843,25.934376,28.886448,26.560846,22.547651,18.212776,21.605497,15.2273855,18.585888,16.592604,19.261229,20.381056,23.26057,24.256754,20.807285,21.142967,17.53947,20.208715,16.492205,21.26225,18.833174,23.73572,27.023624,27.687391,28.559328,28.450548,22.092651,23.71713,20.717495,22.118078
35,35.135284,31.477419,29.053795,25.16343,22.45466,20.668945,17.202364,14.835384,10.098377,10.86546,7.6891494,9.762694,8.239306,9.991664,10.365769,6.588502,11.012324,11.205334,17.023384,17.531883,22.045816,24.820408,27.906345,22.927214,21.141373,19.159348,14.890509,13.480298,9.321274,10.941243,4.103783,8.432049,6.53044,8.022203,4.591536,0.0,4.3330774,6.9326963,5.6612096,5.4137526,8.639089,10.998225,9.908697,11.602569,13.604597,15.929862,15.370849,17.247581,19.704615,18.384249,16.731007,20.458607,22.577963,20.18731,20.705965,20.026379,15.537211,17.257889,20.510614,16.487762,12.124072,16.802826,17.075409,18.763823,14.138343,10.781623,14.663475,12.719339,10.556537,16.419046,16.398708,13.382441,13.618961,19.274742,17.29547,22.197817,22.147284,20.222923,25.565483,22.835892,25.013884,27.853685,24.921326,20.83502,16.632467,19.380398,12.946435,16.02955,13.903683,16.70755,17.58588,20.18176,21.113485,17.08759,16.94147,13.178128,15.830817,12.142977,17.041637,15.271635,20.344889,24.055492,24.598734,25.450203,25.271788,18.933992,19.95287,17.008133,17.899258
36,35.361645,31.863007,29.078873,25.546228,22.945747,20.162483,17.76993,14.240102,9.795796,10.2738495,6.623222,9.593369,9.205883,11.857166,14.006726,10.338684,14.676938,14.745247,20.451662,20.886543,25.259073,28.259586,31.25303,26.675236,25.10574,23.188503,19.00694,17.77585,13.626811,15.10826,8.368986,11.089571,7.0276804,7.4315305,6.2374773,4.3330774,0.0,5.363915,6.456345,5.810225,6.086442,10.912781,10.685502,10.62452,12.026068,16.243675,15.881468,16.068224,18.749752,16.613337,15.915375,20.553,21.97724,19.460497,21.062061,21.325085,16.935324,19.303074,21.712803,16.641033,13.829908,18.2713,18.819164,19.55722,14.434395,12.19761,16.657087,15.291666,13.604543,19.234077,19.725235,17.17234,17.297087,22.974432,20.473043,25.485373,25.612911,23.244633,28.539408,25.199623,27.350975,29.768763,26.936348,23.036667,18.912792,22.177385,16.085344,19.76024,17.846289,20.67272,21.249542,23.42752,23.764526,18.96949,18.45371,15.018296,17.857216,13.969405,18.9422,17.289602,22.21668,26.276003,26.073715,26.428694,25.395512,19.066717,19.875765,16.189384,17.350454
