,0,1,2,3,4,5,6,7,8,9,10,11,12,13,14,15,16,17,18,19,20,21,22,23,24,25,26,27,28,29,30,31,32,33,34,35,36,37,38,39,40,41,42,43,44,45,46,47,48,49,50,51,52,53,54,55,56,57,58,59,60,61,62,63,64,65,66,67,68,69,70,71,72,73,74,75,76,77,78,79,80,81,82,83,84,85,86,87,88,89,90,91,92,93,94,95,96,97,98,99,100,101,102,103,104,105,106
0,0.0,4.2586365,6.557248,9.302458,12.371841,14.768084,18.26215,21.249218,24.437304,26.396143,30.26659,31.604406,35.0208,35.66049,30.928999,29.297562,26.243124,25.841682,21.115414,22.855051,19.372889,18.784666,21.167276,24.60825,25.265867,25.096842,28.645542,30.928024,32.60643,36.190563,35.9266,42.313755,40.414856,42.752693,39.689163,35.766922,35.45558,37.85174,34.202763,31.263002,32.470837,33.131435,29.756754,27.015066,30.17228,29.19526,22.739014,23.992517,26.758236,29.161173,32.296463,27.257044,32.23158,34.892426,34.324543,35.610096,33.12667,36.56156,39.576416,36.80147,36.243828,41.16648,43.23571,45.763477,41.79757,39.466743,43.736084,42.848145,37.803097,40.595474,42.41702,40.085907,36.140186,39.273853,36.414116,38.811543,35.12578,32.439785,30.461245,27.962471,24.16558,21.487164,19.49534,22.951456,26.822042,26.38419,30.716227,33.835888,36.013695,39.76471,41.032757,41.247643,38.992455,35.52534,39.258167,41.348938,37.83859,33.516647,35.496307,36.36186,32.871418,31.571012,28.841486,28.196096,23.91674,24.063107,19.415894
1,4.2586365,0.0,5.3141685,6.212228,9.208152,12.883962,15.429847,19.301092,22.2405,24.210226,28.153591,29.359686,32.53489,32.877872,27.74953,26.31529,22.971365,22.502407,17.476032,19.034025,15.390546,14.575522,17.140205,20.492918,21.141367,21.13158,24.859388,27.241325,29.163113,32.68951,32.80036,39.20564,37.744995,40.323097,37.214287,33.13772,33.15815,35.877296,32.04626,28.939302,30.728022,31.51424,27.781404,25.34263,29.018347,27.954702,21.299976,23.13617,26.34024,28.688015,31.429068,26.686102,31.984049,34.315586,33.486607,34.32134,31.497593,34.73703,38.177685,35.48766,34.146866,39.191833,40.953484,43.769966,39.924595,37.258263,41.220695,40.091663,35.11757,38.025944,39.487843,36.969307,33.21008,36.353317,33.852104,36.27425,32.613415,30.254107,28.307692,26.27514,22.465555,20.353773,17.693327,20.733566,24.421635,23.816523,27.89241,30.820147,32.735104,36.45715,37.543583,37.6158,35.39157,31.855293,35.436043,37.451164,33.970043,29.6594,31.54388,32.45304,29.137255,27.797482,25.491941,24.82008,20.672794,21.211603,16.600496
2,6.557248,5.3141685,0.0,5.445988,6.857454,8.690456,12.603441,15.2523775,18.86324,20.245667,24.288162,25.321384,28.799885,29.375874,24.85771,23.61371,20.514652,20.846163,15.825975,18.813698,16.10261,15.738929,19.548058,21.311396,21.227003,20.23245,23.89383,25.612196,27.37362,30.616325,30.704748,36.80467,34.574688,37.232403,34.62279,30.569216,29.98658,32.864582,29.567032,26.331028,27.46179,29.129248,25.686794,22.47675,26.026915,26.198896,19.458967,20.300438,23.942537,25.64732,28.998407,25.274473,30.07432,32.097866,32.054295,33.389175,30.243736,33.860363,36.970356,33.490784,32.531483,37.60268,39.462482,42.015846,37.744087,35.149918,39.424885,38.206802,33.44443,36.938515,38.377346,35.682205,32.230995,36.030315,33.159855,36.218845,32.79134,29.915058,28.878284,26.083872,22.706903,20.926193,17.678822,20.537973,23.664127,24.194317,27.37106,31.16761,32.800884,36.556217,38.096615,37.75012,35.07347,32.17537,36.188053,37.469883,33.59259,29.764574,32.41584,33.822105,30.596922,28.694326,26.799997,24.803186,20.940876,20.439463,16.000534
3,9.302458,6.212228,5.445988,0.0,3.913479,7.780805,9.394887,13.673936,16.181742,18.477793,22.269342,23.69946,26.71107,27.169333,22.102123,20.242496,17.144072,16.548393,12.058578,13.918488,11.108454,11.408701,14.980558,16.56338,16.862713,16.353964,19.486795,21.764832,23.30926,26.98613,26.715721,33.132,31.635494,34.133667,31.012075,26.927458,26.992037,29.77314,25.943174,22.76537,24.737146,25.720505,21.871132,19.45036,23.441132,22.700022,15.921787,17.945658,21.630266,23.711624,26.201162,22.233383,27.536173,29.394846,28.685444,29.411188,26.163774,29.471466,33.010513,30.02269,28.34437,33.462013,35.120316,37.957558,34.0216,31.224255,35.18935,33.99143,29.08252,32.275085,33.654545,31.060131,27.422827,30.945982,28.313616,31.161953,27.682207,25.11727,23.8879,21.591942,18.141724,16.849068,13.162471,15.7045965,18.903008,19.023752,22.360178,25.859228,27.55386,31.311079,32.76958,32.587986,30.067856,26.96401,30.992525,32.5702,28.857676,24.772257,27.335997,28.67155,25.290396,23.426598,21.356705,19.562532,15.591385,15.494004,10.962544
4,12.371841,9.208152,6.857454,3.913479,0.0,5.5086813,6.4897943,10.952593,13.76942,15.389564,19.38842,20.417038,23.424143,23.683159,18.612238,17.316097,13.945986,14.166952,9.003226,12.270746,10.288748,10.5311575,15.15567,15.296716,14.851902,13.586989,17.05224,18.802963,20.624548,23.920408,24.219826,30.37279,28.713333,31.599083,28.893377,24.655241,24.564201,27.860357,24.338652,20.87816,22.908533,24.784512,20.882423,18.183756,22.511003,22.706865,15.972797,17.640125,21.891514,23.356607,25.920444,23.062984,28.090685,29.439352,29.10127,29.793352,26.094187,29.424366,33.041557,29.602444,27.495806,32.68583,34.096535,36.991665,32.87853,29.822655,33.680214,32.14363,27.528728,31.291397,32.241894,29.294952,26.172611,30.173084,27.69307,30.980753,27.75371,25.21137,24.67084,22.37219,19.36821,18.810867,14.493635,16.269539,18.650953,19.458242,21.697508,25.55523,26.702297,30.399153,31.944736,31.283463,28.474298,25.807219,29.891985,30.801405,26.825062,23.194351,26.173155,27.89251,24.886166,22.61914,21.461376,18.679764,15.287577,14.805663,10.795252
5,14.768084,12.883962,8.690456,7.780805,5.5086813,0.0,5.5051007,6.566236,10.386903,11.6410055,15.606174,16.853287,20.337463,21.257124,17.367105,15.697688,13.340995,14.281011,10.689554,14.848468,14.262816,15.280783,19.975822,18.974998,18.058264,15.900651,18.39579,19.344643,20.395452,23.511368,23.082983,28.869001,26.103388,28.715864,26.45661,22.449768,21.482132,24.592598,21.738993,18.346874,19.217493,21.88128,18.596436,14.864333,18.737381,20.32994,13.865356,14.01787,18.550919,19.297823,22.589567,20.820768,25.085821,26.184822,26.765966,28.172104,24.387022,28.165684,31.13535,26.880669,25.683958,30.742796,32.461433,34.860912,30.283176,27.574253,31.954014,30.587162,26.16599,30.330912,31.580935,28.731533,25.776121,30.321299,27.202799,31.04903,28.126358,24.871033,25.2929,21.979696,19.607769,19.168995,14.901357,16.567009,18.291937,20.428616,21.82442,26.614964,27.710049,31.359978,33.519653,32.646896,29.453058,27.581951,32.154716,32.471287,28.237368,25.171354,28.887781,30.956442,27.895264,25.238258,24.009466,20.10674,17.114813,15.125085,11.775293
6,18.26215,15.429847,12.603441,9.394887,6.4897943,5.5051007,0.0,5.992588,7.563694,9.622588,13.281872,14.678491,17.40447,17.9211,13.171758,11.061619,8.377393,8.822645,5.896329,9.894984,10.511777,12.255541,16.893187,14.512337,13.393719,11.135392,12.962471,14.123604,15.1098175,18.520912,18.147564,24.212051,22.320858,25.109486,22.505972,18.25797,18.097937,21.577166,18.245316,14.634328,16.853054,19.322767,15.446919,12.712962,17.411297,18.479527,12.349945,13.80552,18.488432,19.250345,21.369314,20.118822,24.656694,25.211016,25.198637,25.788374,21.600958,24.934622,28.488356,24.593044,22.084133,27.251719,28.493172,31.32222,27.05834,23.848473,27.716072,26.061646,21.67264,25.950796,26.741802,23.685013,20.935326,25.536827,22.887169,26.793056,24.028698,21.254171,21.961887,19.38789,17.381147,18.044825,13.210848,13.6377125,14.550889,16.751284,17.275427,21.95099,22.631775,26.218653,28.312807,27.25203,24.017443,22.26641,26.852476,26.987474,22.743092,19.775736,23.697495,25.951069,23.084677,20.200005,19.58694,15.096163,12.702023,10.780483,8.318873
7,21.249218,19.301092,15.2523775,13.673936,10.952593,6.566236,5.992588,0.0,4.772311,5.3002295,9.063719,10.637283,14.128664,15.554145,12.857559,10.749872,9.925496,11.675537,10.766873,15.096758,16.41228,18.174948,22.860292,19.975626,18.455276,15.52214,16.463285,16.371649,16.480555,19.202896,18.188772,23.38876,19.914808,22.470596,20.738813,16.884542,15.313554,18.721945,16.606943,13.142585,13.479088,17.494074,14.686304,10.498474,14.426192,17.733725,12.540875,11.692717,16.58838,16.099901,19.130398,19.636883,22.970922,23.053873,24.304861,25.748835,21.528313,25.287249,27.95627,23.012506,21.654312,26.509315,28.040861,30.200432,25.35611,22.596367,27.016075,25.503567,21.620268,26.419348,27.427635,24.487577,22.227186,27.372099,24.127058,28.604235,26.31298,22.871042,24.65312,21.11171,19.908613,20.598166,16.19167,16.518494,16.562778,20.069796,19.54948,25.005493,25.5082,28.88056,31.542307,30.1946,26.614376,25.859505,30.715883,30.101988,25.697285,23.583666,28.052513,30.588877,27.847088,24.71612,24.174353,18.887575,17.134823,13.957713,12.546871
8,24.437304,22.2405,18.86324,16.181742,13.76942,10.386903,7.563694,4.772311,0.0,4.872703,6.679073,9.494467,11.9868145,13.700156,11.271021,7.4522943,8.354286,9.056267,11.062441,13.978209,16.345411,18.806353,22.89084,19.180187,17.780237,15.063826,14.324422,14.241023,13.19682,16.34685,14.052006,19.463509,16.329912,18.424854,16.166513,12.318515,11.130694,14.414019,11.929812,8.385704,9.492402,13.347297,10.402269,6.7978244,11.267527,14.485083,10.40138,10.124219,14.784106,14.1443615,16.027847,17.44816,20.591717,20.096106,21.077248,22.089201,17.624737,21.15623,23.93555,19.068563,17.102089,21.937305,23.321087,25.568634,20.822914,17.885595,22.2484,20.80236,16.885122,21.754616,22.788467,19.993578,17.77153,23.04338,19.74022,24.413708,22.452188,19.045362,21.512568,18.140715,17.70923,19.269247,14.967783,14.221457,13.123006,17.266874,15.658762,21.349567,21.681065,24.894135,27.854177,26.49645,22.859297,22.595898,27.643291,26.88466,22.601109,20.786028,25.53624,28.17238,25.451208,22.19687,21.722061,15.891735,14.9403305,11.140066,11.32814
9,26.396143,24.210226,20.245667,18.477793,15.389564,11.6410055,9.622588,5.3002295,4.872703,0.0,4.342076,5.400525,8.849135,10.495666,9.2641735,7.7911115,8.551234,11.403885,12.2514925,16.465225,18.9036,20.749813,25.382738,21.245071,19.188988,15.771369,15.695521,14.375711,13.963729,15.726175,14.944509,19.162153,15.094731,18.100916,17.285265,13.553465,11.449614,15.683046,14.595746,11.150823,11.295676,16.766676,14.4915495,10.800426,14.410673,18.863348,15.144675,14.030507,18.643173,17.199917,19.573093,21.889387,24.444824,23.60569,25.224888,26.40904,21.907263,25.303793,27.842262,22.580912,20.624899,25.131535,26.180931,28.248306,23.361378,20.379398,24.40539,22.482382,19.461647,24.884178,25.253164,22.053474,20.86648,26.39829,23.491835,28.340818,26.67,23.494556,26.173275,22.960867,22.557932,24.0256,19.62817,18.978846,17.738972,21.81369,19.662655,25.190523,24.922628,27.90002,30.732815,28.828827,24.99479,25.2387,29.997953,28.41975,23.94809,22.891533,27.746958,30.6321,28.439096,25.034508,25.451752,19.39081,18.857073,15.466755,15.527008
10,30.26659,28.153591,24.288162,22.269342,19.38842,15.606174,13.281872,9.063719,6.679073,4.342076,0.0,3.87766,6.133475,8.884859,9.9152355,7.8325114,10.569205,12.837717,15.463953,18.8,21.818497,24.003302,28.27082,23.627157,21.601618,18.30552,16.991404,15.2447195,13.68986,15.022136,13.112786,16.401865,11.516274,14.072625,13.806071,10.657833,7.673847,11.964892,11.968861,9.124842,8.34615,14.660666,13.300956,10.165826,12.84601,18.103786,15.956057,14.430915,18.437794,16.295614,18.023903,21.802279,23.501072,21.953777,23.94626,25.107,20.634922,23.79257,25.889688,20.37622,18.523186,22.530445,23.448225,25.165443,20.20686,17.402838,21.374432,19.520702,17.157608,22.745249,23.055674,20.086311,19.4778,25.104752,22.134916,27.182165,26.060555,22.867527,26.311571,23.078178,23.4511,25.384256,21.336903,20.104412,17.973976,22.559164,19.38744,25.006844,24.464987,27.080664,30.24741,28.204292,24.300426,25.355085,30.155907,28.136038,23.836674,23.452602,28.522224,31.517529,29.478382,26.004427,26.552916,20.165022,20.367847,16.602676,17.707325
11,31.604406,29.359686,25.321384,23.69946,20.417038,16.853287,14.678491,10.637283,9.494467,5.400525,3.87766,0.0,4.1264486,6.346697,8.642529,8.9314575,10.963054,14.335435,16.048344,20.030794,23.0414,24.776941,29.33652,24.434338,21.997913,18.354422,17.603521,15.107101,14.303177,14.466759,14.272484,16.587206,11.518668,15.109578,15.912137,12.844656,10.037511,14.786309,15.2814,12.452821,11.981424,18.402346,16.97487,13.976739,16.673418,21.949642,19.47547,18.026361,22.17213,19.959661,21.861177,25.599771,27.334206,25.755177,27.809355,28.868628,24.342005,27.330187,29.540321,24.079605,21.882233,25.754736,26.30895,28.09745,23.29325,20.338781,23.763878,21.469034,19.705488,25.508747,25.200834,21.87249,21.946001,27.61007,25.115042,30.143232,29.095703,26.213905,29.549313,26.605406,26.78456,28.673199,24.391321,23.223103,21.185162,25.513405,22.201885,27.551075,26.590673,29.069027,31.978157,29.550966,25.589565,26.828602,31.305925,28.75528,24.372889,24.46443,29.475933,32.606647,30.990938,27.458258,28.688448,22.2682,22.655304,19.309732,20.19927
12,35.0208,32.53489,28.799885,26.71107,23.424143,20.337463,17.40447,14.128664,11.9868145,8.849135,6.133475,4.1264486,0.0,3.5015984,8.267391,8.9589205,11.912973,14.935337,17.781967,20.993734,24.534391,26.396074,30.595985,25.094536,22.5839,19.090958,17.390673,14.366687,12.946313,12.150929,12.0192175,12.988808,7.764008,11.972705,13.566814,10.970641,8.533127,13.542422,14.632891,12.327911,12.418806,18.609915,17.463623,15.531469,17.977468,22.99829,21.3969,20.357218,24.15171,21.849318,22.8652,27.215044,28.69821,26.641724,28.494583,29.082867,24.540747,26.995367,29.233347,24.059418,21.150667,24.57068,24.577194,26.404732,21.963856,18.827452,21.492002,18.8587,17.995003,23.900372,22.984583,19.591393,20.59181,26.176043,24.180376,29.188015,28.622177,26.179935,29.903116,27.45441,28.084648,30.455534,26.267807,24.523014,21.831161,26.162863,21.95372,26.951315,25.456861,27.502365,30.417994,27.682861,23.724466,25.688126,29.909925,26.769758,22.593212,23.498287,28.541018,31.783962,30.584307,27.02693,28.82214,22.263287,23.455067,20.26759,21.962374
13,35.66049,32.877872,29.375874,27.169333,23.683159,21.257124,17.9211,15.554145,13.700156,10.495666,8.884859,6.346697,3.5015984,0.0,6.4568715,9.095755,11.313842,14.742118,17.188244,20.375252,24.00555,25.563574,29.722908,23.925953,21.168343,17.628893,16.111652,12.552606,11.835831,9.967756,11.788332,12.337239,8.555109,13.547903,15.138476,12.32344,10.963721,16.14793,16.763317,14.272594,15.350024,21.117481,19.492384,17.934425,20.869379,25.319769,23.3303,22.852201,26.838482,24.847708,25.692963,29.590326,31.491537,29.528887,30.984571,31.18735,26.544598,28.734455,31.395363,26.593306,22.937569,26.424503,26.024536,28.226336,24.14208,20.653759,22.67153,19.608686,18.982386,24.893581,23.353811,19.594,21.063738,26.520432,25.134323,29.976667,29.408907,27.435812,30.910347,28.979843,29.415289,31.887697,27.49509,25.635748,22.987667,26.905468,22.594248,27.138697,25.247324,27.16206,29.711473,26.677443,22.761051,24.771645,28.600431,25.08179,20.904543,22.20768,27.08308,30.395927,29.631056,26.088486,28.560867,22.121248,23.5994,20.956402,22.652481
14,30.928999,27.74953,24.85771,22.102123,18.612238,17.367105,13.171758,12.857559,11.271021,9.2641735,9.9152355,8.642529,8.267391,6.4568715,0.0,5.486504,5.5031133,9.41485,11.121593,14.266314,17.81334,19.218163,23.35184,17.594587,14.772773,11.175724,10.25331,6.9441004,7.822296,7.5086265,10.563362,13.972827,12.54575,17.153019,16.69693,12.703821,12.824039,18.058416,16.705946,13.399313,16.185041,20.822289,17.91523,16.60386,20.720879,23.718472,20.507881,21.208374,25.578423,24.58717,25.388302,27.633753,30.692965,29.405823,29.951334,29.729477,24.965635,27.178783,30.68993,26.497185,22.096066,26.355104,26.043663,28.987722,25.100136,21.12548,23.249046,20.173582,18.20407,23.84083,22.40331,18.319805,18.802132,24.09786,22.961416,27.49242,26.287752,24.62715,27.227566,25.800152,25.565159,27.919857,23.247807,21.503012,19.45347,22.60019,19.077778,23.298563,21.617813,24.01495,26.120707,23.329126,19.492102,20.370974,24.234869,21.466387,16.966185,17.259832,21.993351,25.215885,24.282944,20.77431,23.346397,17.222887,18.38277,16.479494,17.754925
15,29.297562,26.31529,23.61371,20.242496,17.316097,15.697688,11.061619,10.749872,7.4522943,7.7911115,7.8325114,8.9314575,8.9589205,9.095755,5.486504,0.0,4.4885507,6.0174937,10.385043,12.3162,16.135143,18.450605,22.139896,16.696953,14.642701,11.711333,9.295483,7.792141,6.2345147,8.898136,7.850009,13.230244,11.751627,15.086685,13.1537285,8.746194,9.351935,14.046502,11.733354,8.212879,11.774149,15.598363,12.460718,11.59985,15.867156,18.316824,15.532979,16.55409,20.648619,19.9254,20.244204,22.391962,25.484898,24.234081,24.518385,24.261896,19.498138,21.848059,25.35259,21.24752,16.922167,21.449669,21.54473,24.494244,20.478922,16.549974,19.336016,16.792015,13.824502,19.35526,18.764748,15.086324,14.481062,19.979185,18.125032,22.826706,21.508417,19.421665,22.281406,20.535927,20.618427,23.191057,18.757416,16.709438,14.29322,17.938948,14.289237,19.152727,18.059532,20.767881,23.42918,21.219816,17.335075,18.007265,22.623373,20.719997,16.302382,15.730378,20.777855,23.836563,22.110746,18.574436,20.028118,13.552211,14.606625,11.880245,13.829237
16,26.243124,22.971365,20.514652,17.144072,13.945986,13.340995,8.377393,9.925496,8.354286,8.551234,10.569205,10.963054,11.912973,11.313842,5.5031133,4.4885507,0.0,4.699595,6.2224298,9.33821,12.730314,14.551084,18.703373,13.478026,11.124241,7.7648435,7.328733,6.4531097,7.569983,10.21202,11.294112,16.763659,15.828167,19.503256,17.531435,13.087543,13.753698,18.348372,15.591235,11.897304,15.414561,18.854828,15.135961,13.847849,18.603874,20.400225,16.264,17.798653,22.266056,22.10123,22.941793,23.802578,27.630016,26.96777,26.929413,26.644905,21.952993,24.412878,28.29329,24.474022,20.17349,24.985174,25.150627,28.345371,24.452835,20.506245,23.209145,20.645926,17.337831,22.449617,21.811749,18.01144,16.958872,22.053629,20.501766,24.797611,22.940895,21.090055,22.986876,21.520567,20.74697,22.867678,18.086332,16.597052,15.24389,17.97395,15.581679,19.95604,19.067663,22.069784,24.143877,22.04874,18.389898,18.006233,22.337805,20.901636,16.364069,14.994544,19.643078,22.584688,20.855066,17.417418,19.053623,13.156021,13.425795,11.66038,12.38466
17,25.841682,22.502407,20.846163,16.548393,14.166952,14.281011,8.822645,11.675537,9.056267,11.403885,12.837717,14.335435,14.935337,14.742118,9.41485,6.0174937,4.699595,0.0,6.7352233,6.510466,10.5129795,13.233813,16.39396,11.237014,9.859449,7.9970617,5.550967,7.174299,6.9281855,11.312834,10.445462,16.958963,17.113487,19.867233,16.661331,12.328422,14.092628,17.763191,13.910396,10.552841,15.102445,16.801224,12.572007,12.582376,17.433115,17.629356,13.767339,16.475971,20.457556,20.993816,20.99626,21.051529,25.309587,24.835106,23.970032,23.135157,18.565426,20.71613,25.018007,21.97279,17.16057,22.111235,22.318897,25.819965,22.359156,18.3784,20.970304,18.786465,14.72286,19.136395,18.895111,15.45199,13.392118,18.120846,16.567083,20.560543,18.463524,16.846815,18.448437,17.479307,16.767475,19.281275,14.698657,12.626395,11.101321,13.43076,11.160513,15.41831,14.931689,18.213787,20.366226,18.810148,15.361042,14.346703,19.08334,18.58283,14.308056,11.942174,16.60185,19.332335,17.043243,13.634746,14.614516,8.562232,9.002897,7.4018817,9.117411
18,21.115414,17.476032,15.825975,12.058578,9.003226,10.689554,5.896329,10.766873,11.062441,12.2514925,15.463953,16.048344,17.781967,17.188244,11.121593,10.385043,6.2224298,6.7352233,0.0,5.9436073,7.46936,8.730741,13.496766,9.69589,7.849307,5.2759767,8.378107,9.850811,12.1932,15.258267,16.55777,22.500214,22.00699,25.43498,22.87372,18.429585,19.276787,23.346672,19.830326,16.175531,19.68215,22.048435,17.799164,16.365438,21.35368,21.8408,16.331636,18.692907,23.184008,23.98284,25.215832,24.132181,28.881897,29.097553,28.471806,28.159552,23.798391,26.383347,30.60286,27.335314,23.34666,28.445269,28.927103,32.320297,28.600246,24.807638,27.672487,25.442019,21.435158,25.727285,25.532982,22.013681,19.934338,24.266758,22.766157,26.372162,23.760244,22.072638,22.538662,21.35848,19.440132,20.76777,15.8808365,15.369843,15.716521,17.004492,16.82468,20.480589,20.373148,23.760822,25.211172,23.76708,20.672777,18.69781,22.70223,22.586094,18.360027,15.478288,19.121864,21.50809,19.317083,16.36979,17.269043,12.933365,11.520557,11.238485,9.871891
19,22.855051,19.034025,18.813698,13.918488,12.270746,14.848468,9.894984,15.096758,13.978209,16.465225,18.8,20.030794,20.993734,20.375252,14.266314,12.3162,9.33821,6.510466,5.9436073,0.0,4.478299,7.2915254,9.888192,5.313587,5.2392263,5.946747,6.4453797,10.10762,11.703065,15.662201,16.015276,22.408743,23.396748,26.189072,22.67578,18.51879,20.551846,23.899204,19.571676,16.491474,21.008068,21.67533,17.125265,17.33904,22.21839,20.909157,16.110043,19.801605,23.57604,25.064701,25.148266,23.263313,28.423307,28.725452,27.030874,25.810415,21.747725,23.590418,28.360762,26.267954,21.451763,26.396828,26.6057,30.409676,27.467321,23.59949,25.81607,23.820538,19.510622,22.775679,22.580305,19.44139,16.788347,20.158295,19.309889,22.13782,19.349508,18.555658,18.287556,18.404247,16.503231,18.393234,13.946829,12.612977,12.953282,12.801116,13.090278,15.524885,15.629117,19.085217,20.13588,19.247202,16.694366,13.723869,17.675562,18.677794,14.987463,10.954995,14.092757,16.158958,13.5269,10.734088,11.450869,7.9849463,6.761754,8.514009,8.212576
20,19.372889,15.390546,16.10261,11.108454,10.288748,14.262816,10.511777,16.41228,16.345411,18.9036,21.818497,23.0414,24.534391,24.00555,17.81334,16.135143,12.730314,10.5129795,7.46936,4.478299,0.0,3.6268888,6.5602994,5.584928,6.804664,8.347361,10.695023,14.169757,16.135054,19.923855,20.430984,26.861116,27.564045,30.33885,26.761307,22.601204,24.333385,27.525753,23.081131,19.993162,24.093199,24.493868,19.924578,19.69882,24.48929,22.723244,17.206898,21.00803,24.687069,26.65332,27.178446,24.14832,29.710154,30.600637,28.746212,27.739096,24.035185,26.063332,30.76777,28.85966,24.65267,29.65423,30.175055,33.89531,30.921053,27.28583,29.770626,28.010878,23.461267,26.331335,26.522894,23.634014,20.561325,23.456112,22.444143,24.805876,21.604692,20.741259,19.459764,19.538342,16.793615,17.756674,13.557579,13.374805,15.1105795,14.010346,16.090403,18.04867,18.819519,22.323135,23.00087,22.60961,20.491962,16.8587,20.300266,22.079142,18.761225,14.329144,16.362913,17.752857,14.829777,12.877453,12.468522,11.06932,8.328107,10.782096,8.588789
21,18.784666,14.575522,15.738929,11.408701,10.5311575,15.280783,12.255541,18.174948,18.806353,20.749813,24.003302,24.776941,26.396074,25.563574,19.218163,18.450605,14.551084,13.233813,8.730741,7.2915254,3.6268888,0.0,5.454302,6.227059,7.131806,8.857481,12.613029,15.680013,18.383049,21.613916,23.063093,29.215782,29.916254,33.063057,29.792898,25.534725,27.114866,30.62233,26.362587,23.123482,27.083117,27.907185,23.358307,22.792044,27.633938,26.170023,20.399826,23.922743,27.7585,29.662512,30.517197,27.400354,32.99234,33.980988,32.24709,31.329687,27.641386,29.68711,34.390488,32.396828,28.204754,33.211475,33.642803,37.400352,34.38454,30.674675,33.062035,31.110403,26.751202,29.751114,29.674585,26.607422,23.861248,26.697893,25.945738,28.208769,25.028664,24.332773,22.855402,23.034698,20.103956,20.68668,16.630144,16.842089,18.731266,17.496778,19.615269,21.256313,21.799004,25.144281,25.426865,24.891502,22.920458,19.206348,22.029633,23.7072,20.498556,16.286686,17.71733,18.918407,16.53793,14.939986,15.154296,14.338573,11.875086,14.374352,11.904622
22,21.167276,17.140205,19.548058,14.980558,15.15567,19.975822,16.893187,22.860292,22.89084,25.382738,28.27082,29.33652,30.595985,29.722908,23.35184,22.139896,18.703373,16.39396,13.496766,9.888192,6.5602994,5.454302,0.0,6.6731896,9.392615,12.594045,14.985633,18.655758,20.957657,24.386675,25.422447,31.59202,33.173832,35.943394,32.17064,28.190447,30.371037,33.411747,28.76245,25.948793,30.327103,30.098589,25.530823,25.864792,30.509485,27.86422,22.6871,26.878004,30.12945,32.51991,32.694794,28.85739,34.67052,35.83404,33.329906,31.794088,28.583849,30.005089,34.961357,33.949814,29.428133,34.1476,34.4006,38.35881,35.986214,32.354404,34.22671,32.508766,28.110037,30.152803,30.093807,27.474749,24.468185,26.187853,26.064379,27.363325,24.092571,24.262564,21.832016,23.184305,20.17962,20.80228,17.629688,17.608854,19.729158,17.104607,20.003456,20.135904,20.973103,24.05632,23.63738,23.785025,22.643585,18.138144,20.118336,22.990612,20.67034,15.948073,15.875574,16.130482,13.620159,13.175005,12.880367,14.497106,12.242548,15.987014,14.073293
23,24.60825,20.492918,21.311396,16.56338,15.296716,18.974998,14.512337,19.975626,19.180187,21.245071,23.627157,24.434338,25.094536,23.925953,17.594587,16.696953,13.478026,11.237014,9.69589,5.313587,5.584928,6.227059,6.6731896,0.0,3.3339016,7.0709677,8.5522375,12.203545,14.642154,17.820223,19.354267,25.21943,27.15702,30.171856,26.728937,22.725885,25.149353,28.574009,24.23951,21.349268,26.101572,26.53365,21.994318,22.591211,27.421768,25.636457,21.011747,24.95389,28.558332,30.259762,30.119314,27.802237,33.15459,33.55835,31.428534,29.737072,25.94744,27.236147,32.282726,30.831955,25.545494,30.227417,30.02393,34.097183,31.676924,27.696253,29.182161,27.013132,23.081846,25.793186,25.028545,21.919928,19.71158,22.120533,22.327833,24.335535,21.60451,21.835085,20.769585,22.01993,19.922201,21.658278,17.723625,16.503464,17.105532,15.677119,16.364601,17.051613,16.78751,19.799065,19.730732,18.945911,17.18307,13.405641,15.932519,17.541172,14.586755,10.282975,11.58068,13.115597,11.223323,9.27907,11.3425255,10.4078665,9.861022,13.051593,12.677164
24,25.265867,21.141367,21.227003,16.862713,14.851902,18.058264,13.393719,18.455276,17.780237,19.188988,21.601618,21.997913,22.5839,21.168343,14.772773,14.642701,11.124241,9.859449,7.849307,5.2392263,6.804664,7.131806,9.392615,3.3339016,0.0,3.9730968,6.6091356,9.590682,12.711178,15.38014,17.777067,23.34813,25.029016,28.451868,25.49598,21.351643,23.528936,27.403362,23.459766,20.33206,24.950724,26.202955,21.750109,21.941782,26.87871,25.966204,21.279268,24.736494,28.681067,29.936722,30.062412,28.488934,33.577534,33.707607,32.04807,30.600235,26.50228,27.995224,32.903778,30.907566,25.578466,30.312576,30.006641,34.00542,31.306396,27.18328,28.70732,26.223503,22.60521,25.978449,24.883987,21.380093,19.758144,22.818865,22.933123,25.486631,23.013708,22.942457,22.579147,23.340027,21.485447,23.332253,19.016825,17.722326,17.83755,17.328178,17.067614,18.470453,17.690155,20.6182,20.823814,19.404095,17.151545,14.20751,16.890533,17.361399,13.864433,10.443115,12.632606,14.762574,13.471904,11.001062,13.797778,11.3784,11.322154,13.567841,13.369951
25,25.096842,21.13158,20.23245,16.353964,13.586989,15.900651,11.135392,15.52214,15.063826,15.771369,18.30552,18.354422,19.090958,17.628893,11.175724,11.711333,7.7648435,7.9970617,5.2759767,5.946747,8.347361,8.857481,12.594045,7.0709677,3.9730968,0.0,5.621144,7.2188916,10.826868,13.123748,15.998329,21.391205,22.282825,26.05638,23.626183,19.311903,20.957907,25.25237,21.775406,18.36133,22.591677,24.779945,20.497541,20.030659,25.005789,25.133589,20.333153,23.117327,27.402712,28.162588,28.713839,27.908567,32.655,32.55583,31.516174,30.515846,26.134043,28.020636,32.63217,29.915398,24.879707,29.707586,29.507584,33.27903,30.121035,25.978218,27.850452,25.184399,21.754026,25.874449,24.758121,20.958992,19.706459,23.585087,23.210587,26.43744,24.144424,23.45737,23.8414,23.79432,22.158442,24.00241,19.330301,18.10914,17.851189,18.454176,17.47402,19.96402,19.001184,21.971296,22.751331,20.886639,18.036823,16.054266,19.245012,18.715685,14.638131,12.161483,15.383819,17.933725,16.695986,13.7838745,16.424856,12.548529,12.535632,13.475746,13.27762
26,28.645542,24.859388,23.89383,19.486795,17.05224,18.39579,12.962471,16.463285,14.324422,15.695521,16.991404,17.603521,17.390673,16.111652,10.25331,9.295483,7.328733,5.550967,8.378107,6.4453797,10.695023,12.613029,14.985633,8.5522375,6.6091356,5.621144,0.0,4.202809,6.1528177,9.5074005,11.178887,16.84555,18.725904,21.98346,19.09691,15.054725,17.57238,21.469717,17.847816,14.91195,19.813887,21.35342,17.235275,17.949112,22.658985,22.425158,18.919216,21.96948,25.795675,26.41446,25.999762,25.937487,30.308369,29.713175,28.39977,26.885424,22.475191,23.816532,28.521185,26.193815,20.43133,24.966625,24.383804,28.306866,25.56419,21.28415,22.60513,19.89083,16.637184,20.642298,19.210526,15.390902,14.442546,18.366644,18.359718,21.670872,19.859564,19.5524,20.662848,21.057379,20.304878,22.99839,18.626726,16.32692,14.798688,15.788268,13.20403,15.599017,14.040323,16.836689,18.02813,15.924449,12.735447,11.496579,15.317402,14.354574,10.015375,7.915008,12.36023,15.363178,14.146282,10.714702,13.8880415,8.824709,10.651192,11.183119,12.953732
27,30.928024,27.241325,25.612196,21.764832,18.802963,19.344643,14.123604,16.371649,14.241023,14.375711,15.2447195,15.107101,14.366687,12.552606,6.9441004,7.792141,6.4531097,7.174299,9.850811,10.10762,14.169757,15.680013,18.655758,12.203545,9.590682,7.2188916,4.202809,0.0,4.4839597,5.949349,9.684415,14.309339,15.898867,19.815006,17.900383,13.904571,16.003494,20.498123,17.768764,14.768923,19.224083,21.907722,18.248573,18.50293,23.027527,23.988132,20.798716,23.059109,27.089605,27.049679,26.865656,27.884434,31.724194,30.70864,30.01491,28.780298,24.179548,25.618858,29.969555,27.059347,21.383442,25.688309,24.884241,28.57901,25.605297,21.256752,22.420517,19.270344,16.878033,21.61574,19.665329,15.471437,15.733963,20.18105,20.16861,23.92982,22.593382,22.054935,23.892054,23.84722,23.444345,26.177689,21.676073,19.39542,17.385992,19.213188,15.7651615,18.606514,16.522429,18.864347,20.266382,17.50359,13.974625,14.141641,17.615856,15.2438965,10.6943035,10.585739,15.11741,18.351381,17.779137,14.353856,17.888771,12.424376,14.444742,14.082933,15.935437
28,32.60643,29.163113,27.37362,23.30926,20.624548,20.395452,15.1098175,16.480555,13.19682,13.963729,13.68986,14.303177,12.946313,11.835831,7.822296,6.2345147,7.569983,6.9281855,12.1932,11.703065,16.135054,18.383049,20.957657,14.642154,12.711178,10.826868,6.1528177,4.4839597,0.0,4.943719,5.312035,10.834637,12.766357,16.013361,13.608506,9.775896,12.528478,16.593454,13.866982,11.33849,16.08653,18.341106,15.047874,16.063257,20.156372,21.08543,19.023287,21.180573,24.769602,24.525984,23.706303,25.459726,28.818953,27.414717,26.72592,25.34584,20.754175,21.95902,26.125578,23.273531,17.357952,21.43134,20.515844,24.156929,21.276329,16.893858,17.955215,14.837651,12.499423,17.461134,15.557488,11.370674,11.881958,16.734753,16.495481,20.578848,19.678543,19.013962,21.632677,21.463476,21.78926,24.952219,20.783674,17.969799,15.061898,17.56665,12.965735,16.254452,14.03578,16.226784,18.376543,15.650138,11.762636,12.985004,17.088617,14.588392,10.180049,10.571294,15.6281805,18.871325,17.963438,14.442583,17.381554,11.248677,13.980215,12.758347,15.703189
29,36.190563,32.68951,30.616325,26.98613,23.920408,23.511368,18.520912,19.202896,16.34685,15.726175,15.022136,14.466759,12.150929,9.967756,7.5086265,8.898136,10.21202,11.312834,15.258267,15.662201,19.923855,21.613916,24.386675,17.820223,15.38014,13.123748,9.5074005,5.949349,4.943719,0.0,7.0072827,9.029939,11.504208,15.659944,14.857345,11.726582,13.901512,18.373709,16.89014,14.650701,18.624315,21.81682,19.094618,19.750114,23.51345,25.319967,23.48122,25.07876,28.76912,28.007849,27.352612,29.87501,32.811558,31.057684,30.800325,29.504595,24.933826,25.960747,29.821661,26.746677,20.900385,24.41077,23.02719,26.430513,23.70043,19.390837,19.701641,16.074453,15.312677,20.413002,17.633543,13.315609,15.453531,20.028809,20.352737,24.35815,23.940008,23.517977,26.371956,26.259462,26.710001,29.850298,25.610916,22.886923,19.906334,22.466158,17.605682,20.439278,17.621761,19.086788,20.877745,17.475561,13.757428,15.9717455,19.089096,15.196655,11.095976,13.306862,17.874016,21.236172,21.256693,17.89196,21.684921,15.9049425,18.76425,17.663502,20.366285
30,35.9266,32.80036,30.704748,26.715721,24.219826,23.082983,18.147564,18.188772,14.052006,14.944509,13.112786,14.272484,12.0192175,11.788332,10.563362,7.850009,11.294112,10.445462,16.55777,16.015276,20.430984,23.063093,25.422447,19.354267,17.777067,15.998329,11.178887,9.684415,5.312035,7.0072827,0.0,6.836147,9.052414,11.2101755,8.548066,5.4621663,9.058622,12.379719,10.430452,9.096477,13.473483,15.491682,13.283441,15.062889,18.135155,19.511559,19.147564,20.72142,23.652952,22.874899,21.332195,24.451122,26.851704,24.782656,24.403667,23.00155,18.5413,19.398844,22.976261,20.012415,14.048259,17.43052,16.241383,19.581125,16.773823,12.418798,13.164653,9.899619,8.458706,13.956302,11.971645,7.9930263,9.667875,14.85821,14.279161,18.754341,18.69569,17.805752,21.526657,21.044018,22.33483,25.833733,22.18478,18.999891,15.171391,18.511276,12.756491,16.379095,14.066957,15.63405,18.605377,15.939148,12.037767,14.731859,18.936613,16.10583,12.458144,13.71915,18.682367,21.785145,20.788311,17.435692,19.689764,13.474501,16.546076,14.399737,18.100857
31,42.313755,39.20564,36.80467,33.132,30.37279,28.869001,24.212051,23.38876,19.463509,19.162153,16.401865,16.587206,12.988808,12.337239,13.972827,13.230244,16.763659,16.958963,22.500214,22.408743,26.861116,29.215782,31.59202,25.21943,23.34813,21.391205,16.84555,14.309339,10.834637,9.029939,6.836147,0.0,6.7373633,8.694279,9.127511,8.960662,11.285315,13.943,14.360105,14.145678,16.957598,19.582195,18.646837,20.306175,22.404366,24.692432,25.254951,26.112034,28.72845,27.23103,25.479881,29.876505,31.323977,28.588896,28.758865,27.370718,23.288427,23.57812,26.352365,23.421618,17.888329,19.730679,17.69309,20.310211,18.203876,14.476832,13.44132,9.665869,11.814263,16.603804,13.445674,10.204041,14.2514105,18.438444,18.661661,22.740244,23.642715,23.1604,27.331573,26.98844,28.733051,32.331154,28.860508,25.623035,21.561167,24.94311,18.805079,21.648169,18.698635,19.064606,21.796604,18.552845,15.143128,19.221247,22.348892,18.141,15.416923,18.455898,22.898094,26.014359,25.90563,22.7745,25.71029,19.881384,23.270878,21.197283,24.902397
32,40.414856,37.744995,34.574688,31.635494,28.713333,26.103388,22.320858,19.914808,16.329912,15.094731,11.516274,11.518668,7.764008,8.555109,12.54575,11.751627,15.828167,17.113487,22.00699,23.396748,27.564045,29.916254,33.173832,27.15702,25.029016,22.282825,18.725904,15.898867,12.766357,11.504208,9.052414,6.7373633,0.0,5.2567763,8.15819,7.7657447,7.037407,10.521168,12.587199,12.071294,12.897437,17.431545,17.171638,17.354303,18.899534,22.989368,23.372545,22.95138,25.74064,23.459452,22.695894,27.970097,28.80598,25.972944,27.339901,27.094076,22.873981,24.217308,26.211731,21.861576,18.04209,20.232922,19.321754,21.019224,17.489237,14.355758,15.482718,12.598097,13.683621,19.203188,17.567064,14.68764,17.178862,22.207632,20.8966,25.647562,26.098238,24.359728,28.802355,27.12445,28.741585,31.86726,28.252567,25.594662,21.838331,26.121998,20.573189,24.809145,22.709806,23.838833,26.996199,24.126076,20.414743,23.68759,27.56437,23.896828,20.495142,22.507734,27.420353,30.614342,29.812122,26.421665,28.503529,22.092476,24.491014,21.44488,24.500511
33,42.752693,40.323097,37.232403,34.133667,31.599083,28.715864,25.109486,22.470596,18.424854,18.100916,14.072625,15.109578,11.972705,13.547903,17.153019,15.086685,19.503256,19.867233,25.43498,26.189072,30.33885,33.063057,35.943394,30.171856,28.451868,26.05638,21.98346,19.815006,16.013361,15.659944,11.2101755,8.694279,5.2567763,0.0,5.5402126,8.056339,7.3747725,7.739435,11.185154,12.306075,12.203202,15.481265,16.483828,17.45393,17.72618,21.62425,23.530441,22.867466,24.718845,22.229555,20.607367,26.726652,26.649775,23.32222,24.845732,24.599443,20.90336,21.839705,23.000519,18.837954,15.724484,16.766644,15.883713,16.772228,13.44708,11.173858,12.126842,10.177474,12.237808,16.936295,15.939351,14.277773,16.676952,21.160685,19.487776,24.059853,25.063644,23.201908,28.139236,26.323439,28.606384,31.87521,28.892805,26.049381,21.946056,26.41743,20.662516,24.783924,22.99056,23.761644,27.326801,24.905727,21.50496,25.067173,29.041922,25.765978,22.872711,24.753862,29.549402,32.533573,31.460285,28.256851,29.65834,23.513369,25.99097,22.644487,26.10118
34,39.689163,37.214287,34.62279,31.012075,28.893377,26.45661,22.505972,20.738813,16.166513,17.285265,13.806071,15.912137,13.566814,15.138476,16.69693,13.1537285,17.531435,16.661331,22.87372,22.67578,26.761307,29.792898,32.17064,26.728937,25.49598,23.626183,19.09691,17.900383,13.608506,14.857345,8.548066,9.127511,8.15819,5.5402126,0.0,4.463076,6.213709,5.4984326,6.634752,8.492699,9.955266,11.287281,11.895389,14.09616,14.692115,17.133884,19.410875,19.589813,21.17761,19.43766,17.008823,22.396313,22.870731,19.786806,20.405367,19.61981,15.796272,16.546127,18.305473,14.648832,10.408897,12.080299,11.357803,13.141718,9.646283,6.235479,8.089582,6.425661,6.882788,11.807375,11.549246,10.158004,11.515097,16.075197,13.999363,18.677996,19.561134,17.69545,22.66558,21.083284,23.54916,27.024647,24.322039,21.209229,16.90127,21.244835,15.427731,19.565226,18.160639,19.16964,22.988964,21.093075,17.776768,20.90591,25.228125,22.827631,20.013128,21.126759,25.84836,28.618124,27.102911,24.037569,24.81788,18.929438,21.440552,18.137142,21.978233
35,35.766922,33.13772,30.569216,26.927458,24.655241,22.449768,18.25797,16.884542,12.318515,13.553465,10.657833,12.844656,10.970641,12.32344,12.703821,8.746194,13.087543,12.328422,18.429585,18.51879,22.601204,25.534725,28.190447,22.725885,21.351643,19.311903,15.054725,13.904571,9.775896,11.726582,5.4621663,8.960662,7.7657447,8.056339,4.463076,0.0,4.39188,6.959704,5.7128844,5.342682,8.560417,10.963169,9.935955,11.527712,13.55966,15.987378,16.735285,17.308464,19.76794,18.399994,16.773008,21.113894,22.621199,20.164242,20.559166,19.883312,15.468166,16.90568,19.556446,15.630506,10.893176,14.193671,13.878032,16.377747,12.553621,8.571936,11.160151,8.947613,7.0774574,12.9426565,12.599577,9.978895,10.430804,15.840547,13.656353,18.64281,18.691484,16.639265,21.098282,19.424854,21.2289,24.56521,21.296227,18.330175,14.303573,18.683523,13.161394,17.869762,16.545034,18.268227,21.866861,19.851732,16.168165,18.59429,23.22673,21.015049,17.581444,18.146423,23.121464,26.020912,24.347672,21.070045,21.990913,15.700327,17.947855,14.631513,18.234055
36,35.45558,33.15815,29.98658,26.992037,24.564201,21.482132,18.097937,15.313554,11.130694,11.449614,7.673847,10.037511,8.533127,10.963721,12.824039,9.351935,13.753698,14.092628,19.276787,20.551846,24.333385,27.114866,30.371037,25.149353,23.528936,20.957907,17.57238,16.003494,12.528478,13.901512,9.058622,11.285315,7.037407,7.3747725,6.213709,4.39188,0.0,5.343162,6.5378532,5.8624625,5.9506555,10.856487,10.718548,10.535301,11.894471,16.237652,16.806063,16.080915,18.704586,16.518637,15.875799,21.078106,21.957062,19.381708,20.901731,21.216455,16.897844,19.068155,20.903564,15.890576,13.044761,16.150606,16.518621,18.115547,13.494178,10.493349,14.012277,12.318194,10.905504,16.458189,16.644585,14.307907,14.523514,19.908573,17.138868,22.2122,22.07474,19.330076,23.795666,21.208847,22.844688,25.715097,22.3735,19.98854,16.4302,21.244379,16.442924,21.648146,20.689438,22.584496,26.198107,24.191463,20.451384,22.652676,27.370094,25.078323,21.411133,21.845438,26.924194,29.8768,28.048494,24.689436,25.321424,18.914043,20.430157,16.618277,19.484032
37,37.85174,35.877296,32.864582,29.77314,27.860357,24.592598,21.577166,18.721945,14.414019,15.683046,11.964892,14.786309,13.542422,16.14793,18.058416,14.046502,18.348372,17.763191,23.346672,23.899204,27.525753,30.62233,33.411747,28.574009,27.403362,25.25237,21.469717,20.498123,16.593454,18.373709,12.379719,13.943,10.521168,7.739435,5.4984326,6.959704,5.343162,0.0,5.227144,7.55074,5.807838,8.071901,10.114325,11.089834,10.2976885,14.337576,17.03567,15.973202,17.19488,14.76699,12.875349,19.272915,18.938066,15.709425,17.526236,18.010971,14.349278,16.221624,16.938011,11.78375,10.350876,12.2647505,13.211888,13.801829,8.8030815,7.118437,11.469279,11.26909,10.224644,14.506754,15.815368,14.86984,14.645391,19.264404,15.891049,20.702038,21.079193,18.052711,23.030027,20.167807,22.595858,25.544395,23.08019,20.581003,16.768389,21.685987,16.92333,21.919977,21.443953,23.00246,26.979034,25.519161,22.166025,24.527502,29.27971,27.448137,24.305748,24.599947,29.455086,32.14447,30.028893,26.934696,26.762108,20.856909,22.3509,18.337975,21.513327
