,0,1,2,3,4,5,6,7,8,9,10,11,12,13,14,15,16,17,18,19,20,21,22,23,24,25,26,27,28,29,30,31,32,33,34,35,36,37,38,39,40,41,42,43,44,45,46,47,48,49,50,51,52,53,54,55,56,57,58,59,60,61,62,63,64,65,66,67,68,69,70,71,72,73,74,75,76,77,78,79,80,81,82,83,84,85,86,87,88,89,90,91,92,93,94,95,96,97,98,99,100,101,102,103,104,105,106,107,108,109,110,111,112
0,0.0,3.8432906,5.8280606,9.977615,11.766861,14.757238,17.988892,19.74492,24.723606,26.117105,31.047724,35.28534,37.813644,37.53421,35.91279,31.712084,29.699482,26.345324,24.88106,21.1241,18.878733,17.069304,12.142581,10.92625,12.705009,11.833384,15.632098,18.181494,20.992886,22.45927,25.344297,28.623352,30.749786,37.614563,38.302223,41.002937,44.27585,45.335625,43.39278,39.847836,35.400864,37.373665,32.187096,33.615463,28.471224,26.561867,23.944023,23.52932,20.231173,21.152287,23.95626,28.138302,27.556654,33.6253,34.16754,35.72446,35.796314,32.67635,35.32311,38.379223,34.320038,32.118965,28.751522,24.552526,23.264526,17.841852,19.228529,13.911323,16.340136,16.152552,18.995266,23.142567,25.68977,26.965837,30.863953,32.9289,35.22707,38.422127,38.24189,42.825138,43.181747,41.08529,41.338818,39.37107,35.34768,32.696877,29.611807,26.583004,22.078821,20.899714,17.35602,20.138287,21.689396,25.664598,27.50422,32.029026,31.871466,35.586414,38.327538,37.59798,35.002705,33.60191,29.306704,28.271467,24.347128,22.254696,22.261889,25.8983,25.7061,31.977737,30.475885,34.657204,35.415424
1,3.8432906,0.0,4.143079,8.5374565,8.833236,12.117256,15.353863,16.902983,22.117674,23.17881,28.573181,32.295155,35.158993,34.849075,33.040813,29.132559,26.704147,23.467953,21.62009,17.902481,15.367593,13.806711,9.003583,7.108635,9.147007,8.595937,11.982135,15.138782,17.563705,19.04833,21.716526,25.123016,26.998894,33.93942,34.50239,37.249115,40.49364,41.520447,39.627186,36.035732,31.58983,33.71541,28.569845,30.08217,25.154282,23.3028,20.78833,20.682999,17.633017,19.052004,22.257927,26.126516,25.215942,31.404589,32.033844,33.107002,32.92883,29.935486,32.430984,35.743702,31.661083,29.228903,26.363775,22.080662,21.142262,15.784532,17.503422,11.690978,14.299125,13.743024,15.999621,20.128592,22.482197,23.420418,27.485292,29.344269,31.797838,34.894405,34.781097,39.370872,39.80578,37.54096,37.665108,35.66344,31.668785,28.912909,25.994856,22.771198,18.306915,17.084095,13.564576,16.516695,18.306702,22.08758,24.121187,28.597939,28.599363,32.12334,34.764507,33.931637,31.25582,29.920683,25.523975,24.665796,20.58052,18.766775,19.275045,22.564774,22.149078,28.388567,26.68904,30.910728,31.58825
2,5.8280606,4.143079,0.0,5.273165,6.2486353,8.956055,12.483276,13.989316,18.968405,20.359564,25.253666,29.537922,31.986904,31.776333,30.246965,26.086979,24.102465,20.924416,19.490286,16.084719,13.878081,12.932696,7.660552,8.148009,8.563273,10.1286125,12.511429,15.564146,17.330359,17.876701,21.496159,23.742252,26.552902,32.92681,33.84847,36.536835,39.755875,41.22224,39.28416,35.820045,31.422226,33.13549,28.120062,28.994764,23.80282,22.83512,19.750887,20.395279,16.495554,18.56257,21.32692,25.12582,23.568779,29.953644,29.903545,31.07502,31.000982,27.527864,29.948519,32.883472,28.652813,26.485373,23.053705,18.885628,17.517502,12.237214,13.688227,8.312051,11.62213,12.337919,15.362744,18.972204,21.992748,22.858349,26.744366,28.57896,30.617971,33.680534,33.161198,37.73425,37.779858,35.821606,36.377945,34.491226,30.399292,28.173994,24.55135,22.312294,17.635191,17.30797,14.472385,17.882607,19.831173,23.078907,25.810738,29.684263,30.585466,33.65858,35.999676,35.042114,32.026077,31.139875,26.262396,26.212986,21.60127,20.770327,22.089842,24.694433,23.774145,29.887781,27.408117,31.788006,31.968466
3,9.977615,8.5374565,5.273165,0.0,5.2203145,7.353833,8.809325,12.237409,15.581837,18.002132,21.861187,26.72457,29.119745,28.254192,26.723024,22.14634,20.79209,17.188887,16.769413,13.134064,12.298245,10.6049385,6.0163994,9.917345,10.612338,13.892312,14.777348,18.697998,19.20699,18.653585,22.620615,23.58372,26.713474,32.460777,32.99845,36.08518,38.94666,40.860867,39.261772,35.658394,31.400354,33.426758,28.822145,29.1115,24.312868,24.587599,21.228588,23.056913,18.908598,21.917212,24.501654,27.87129,25.347721,31.904528,31.063923,31.72502,31.394375,27.36592,29.190647,31.739218,27.009974,24.995447,21.257101,17.48485,15.117869,11.202982,9.918631,4.7376447,6.75927,8.486713,12.527512,15.575909,19.226858,20.699749,23.967422,26.264074,27.694878,30.991022,30.353905,34.836887,34.972755,33.788826,34.536926,33.154434,28.938437,27.161398,23.000916,21.829243,17.147135,18.14167,16.013498,19.945343,22.481056,24.988985,28.130783,31.785805,32.903114,35.5016,37.515118,36.115032,32.821552,32.0903,26.979385,27.544659,22.261297,22.320532,24.075066,25.676905,24.380077,30.343985,27.388489,31.714787,31.736744
4,11.766861,8.833236,6.2486353,5.2203145,0.0,3.7820463,6.79773,8.472862,13.306381,14.550161,19.808859,23.59037,26.469065,26.01591,24.260847,20.386427,17.995443,14.929069,13.243424,10.034129,7.8700004,8.019331,3.5943723,6.7973795,5.998503,10.437219,10.112703,14.217457,14.136071,13.532001,17.40867,18.59399,21.60062,27.527445,28.264627,31.155634,34.17601,35.96373,34.2212,30.700333,26.40715,28.287527,23.618708,24.053856,19.321644,19.51895,16.281895,18.396322,14.623811,18.097492,21.037638,23.971054,21.257078,27.82051,27.321362,27.497005,26.934076,23.262466,25.118011,28.188711,23.656939,21.230555,18.391958,14.2938175,13.084324,8.79584,9.793894,3.8960507,7.6784415,8.705536,10.980269,13.790335,17.009003,17.347776,21.19731,22.782005,24.658997,27.609098,26.950777,31.517475,31.541862,29.70362,30.32156,28.615484,24.45807,22.50713,18.54701,16.996311,12.276125,13.17972,11.47877,15.414214,17.946056,20.075775,23.532867,26.814774,28.435781,30.74797,32.624496,31.292976,27.922228,27.44683,22.1656,23.101154,17.833687,18.464283,21.024216,22.247751,20.60323,26.326828,22.97625,27.410753,27.130949
5,14.757238,12.117256,8.956055,7.353833,3.7820463,0.0,5.393506,5.1229897,10.35048,11.426063,16.575542,20.62267,23.095465,23.037249,21.609812,17.772465,15.595213,13.068566,11.480229,9.513909,7.601043,9.698037,6.7979503,10.014768,7.492063,12.549996,11.410314,14.633658,13.800462,12.107602,16.83571,16.654032,20.679403,25.831339,27.139286,29.746008,32.788364,34.944283,33.07657,29.840956,25.701601,26.91341,22.472713,22.225441,17.30079,18.44482,14.794381,17.645336,13.397849,17.405895,19.83601,22.402569,19.046473,25.606087,24.51694,24.641388,24.147133,20.11121,21.895994,24.686037,20.10573,17.884974,14.670458,10.611403,9.355607,5.315185,7.1221323,3.545993,8.184469,10.56698,12.676993,14.371397,17.884184,17.618933,21.274153,22.420238,23.937101,26.583874,25.419342,29.910446,29.370491,27.602613,28.694534,26.974249,22.846004,21.539915,16.957243,16.584076,12.080957,13.770636,13.098237,16.833021,19.153082,20.651585,24.62227,27.10003,29.655706,31.478992,33.024605,31.708807,28.113955,28.181541,22.623487,24.335625,19.02863,20.511621,23.671858,24.416914,22.397226,27.674335,23.645523,28.094236,27.211012
6,17.988892,15.353863,12.483276,8.809325,6.79773,5.393506,0.0,6.209509,7.347387,10.024049,13.9433365,18.173845,21.105774,19.852406,18.045023,13.81573,11.991384,8.527233,8.318734,5.731837,6.648594,7.504966,7.34888,12.24534,11.334689,16.438148,14.514963,18.68583,16.883738,14.563102,18.652367,17.447575,21.016064,25.513659,25.919155,29.155514,31.64611,34.136375,32.820793,29.32327,25.424925,27.406364,23.603275,22.986801,19.138216,21.30581,17.955036,21.58953,17.88993,22.241632,24.727798,26.829227,22.910582,29.308996,27.766163,27.05416,26.08346,21.818922,22.641474,25.153486,20.045034,17.81942,15.018936,11.881372,9.6568775,8.929523,6.1209493,4.5391874,4.8518643,7.583362,9.533312,10.025512,14.091301,14.511443,17.35276,19.099962,19.977886,22.984966,21.90693,26.32656,26.22603,25.378195,26.412994,25.39248,21.1723,20.197,15.34894,16.040844,11.964275,15.003995,14.939515,18.86808,21.753044,22.55968,26.534723,29.028904,31.28572,32.692535,33.939274,32.10451,28.383945,28.412394,22.934269,25.013166,19.245428,21.407434,24.685745,24.415148,22.157999,27.122206,22.886415,27.088064,26.24975
7,19.74492,16.902983,13.989316,12.237409,8.472862,5.1229897,6.209509,0.0,6.808947,6.4767776,12.45244,15.778782,18.330673,18.681715,17.358416,14.212037,11.589644,10.2856,8.163836,8.564638,7.0839777,11.369336,10.6489,13.486971,10.189633,15.408699,12.830102,15.359776,13.011907,9.806925,14.888862,12.751411,17.658577,21.723541,23.482185,25.828081,28.79156,31.339348,29.451984,26.513718,22.665195,23.305246,19.38855,18.315212,13.748658,16.404428,12.705729,16.795685,12.945984,17.628202,19.67783,21.244057,16.941154,23.231543,21.596804,20.898836,20.083675,15.826258,17.121637,19.929878,15.230252,12.853742,10.259234,6.4020934,6.3072824,5.3754516,7.678797,7.7282414,10.833522,13.257085,14.156707,14.349053,17.603935,16.24245,19.627531,19.952063,21.16556,23.268093,21.601797,25.964642,24.884682,23.008154,24.497467,22.770248,18.741444,18.192972,13.0662,14.23585,10.532037,13.3125105,14.186187,17.456701,19.63448,19.960735,24.44856,25.862106,29.42413,30.437414,31.45083,30.03639,26.206404,26.94942,21.218998,23.967361,18.736336,21.443604,25.41015,25.224268,22.705154,27.149616,22.31543,26.62195,24.991196
8,24.723606,22.117674,18.968405,15.581837,13.306381,10.35048,7.347387,6.808947,0.0,4.716091,6.650701,11.401576,13.805614,12.812841,11.564622,7.5585036,6.4453936,5.447046,6.609215,8.689833,10.402837,13.436891,14.450871,18.61823,16.412882,21.718487,18.861412,21.875662,18.8909,15.123381,19.474092,15.472163,20.248964,22.508904,23.628227,26.379042,28.55823,31.818024,30.541039,27.652626,24.397556,25.320946,22.554161,20.523731,17.452341,21.535992,18.18714,22.881632,19.363392,24.134579,25.816084,26.86517,21.952545,27.684578,25.062078,23.591648,22.4197,17.722765,17.53157,19.227636,13.858458,12.153871,9.587866,8.401793,6.395494,10.261936,7.687054,10.962637,11.3049345,14.196818,14.967946,13.241345,16.821465,15.920516,17.745363,18.35753,18.164612,20.278988,18.084904,22.097054,20.842276,20.555294,22.578316,21.88501,17.984583,18.67043,12.982633,16.54609,13.923641,17.923437,19.357626,22.686068,25.216887,24.806637,29.32671,30.399496,33.98741,34.3825,34.90342,32.997955,29.025015,30.0025,24.437922,27.774397,22.287848,25.723482,29.794172,28.620794,25.845726,29.672457,24.468082,28.3301,26.421381
9,26.117105,23.17881,20.359564,18.002132,14.550161,11.426063,10.024049,6.4767776,4.716091,0.0,7.4195065,9.30774,12.281623,12.665257,11.396845,9.512013,6.499294,7.783975,6.2170577,9.926328,10.255489,14.818305,15.965469,18.955278,15.925947,20.989874,17.517588,19.69733,16.097317,11.86147,16.059786,11.125017,16.467386,18.271393,20.151258,22.369919,24.837282,28.077576,26.493023,23.925783,20.772789,20.981531,18.368956,15.995652,13.089309,17.748371,14.65336,19.702635,16.806705,21.651978,23.229713,23.61892,18.492432,23.879816,21.441006,19.376963,17.946926,13.526151,13.2452135,15.647712,10.526729,8.05753,7.3572984,6.289149,7.2110424,10.63775,11.047207,13.278234,14.68787,16.94097,16.803549,15.149226,17.89701,15.673359,17.980816,17.42957,17.750706,19.104465,16.675299,20.687128,18.912882,17.48194,19.640383,18.370424,14.599288,15.559411,9.826411,13.893537,12.031707,15.908749,18.114155,20.838017,22.964762,21.951454,26.672707,26.96475,31.279766,31.260267,31.532682,29.824472,25.819386,27.275595,21.701284,25.52582,20.513653,24.415016,28.935326,27.572256,24.615856,27.888134,22.332455,26.139153,23.70434
10,31.047724,28.573181,25.253666,21.861187,19.808859,16.575542,13.9433365,12.45244,6.650701,7.4195065,0.0,7.358877,7.7699537,7.0633774,7.5276747,4.9448643,6.916798,9.180442,11.143893,14.611426,16.504482,19.7941,21.101185,25.129303,22.526182,27.766384,24.644047,26.916807,23.47896,19.188967,23.302797,17.6057,22.816801,22.797798,24.446463,26.59124,28.267715,32.164288,31.034002,28.843716,26.37831,26.338139,24.712645,21.573738,19.534058,24.746464,21.648705,26.686193,23.429361,28.143095,29.099686,29.35415,23.959324,28.725061,25.129196,23.12101,21.901316,17.115498,15.698489,15.849585,10.654317,10.409903,8.574721,10.506106,9.32495,15.016943,12.742675,17.320425,17.474337,20.469395,20.973125,18.377481,21.458979,20.077557,20.83688,20.680428,19.414545,20.527403,17.397593,20.463188,17.92268,18.689438,21.720089,21.57039,18.43178,20.647583,15.10847,20.37914,18.93089,23.097488,25.1673,28.093925,30.34892,29.235199,33.928593,34.013096,38.397175,38.076683,38.038338,36.112408,32.100544,33.71624,28.351793,32.363335,27.241089,31.259222,35.6459,33.964878,30.972828,33.96692,28.347511,31.756449,29.168444
11,35.28534,32.295155,29.537922,26.72457,23.59037,20.62267,18.173845,15.778782,11.401576,9.30774,7.358877,0.0,5.6399918,5.613695,5.0195284,8.328707,7.235421,11.636746,11.928108,16.618534,18.147495,22.133219,24.493053,27.56617,24.861095,29.73358,25.753784,27.641043,23.344463,18.970606,21.623175,14.974088,19.234644,17.168016,18.780264,20.52298,21.708996,25.911343,25.052881,23.338015,21.712122,21.33854,21.058994,17.381447,17.468594,23.298927,21.219938,26.512575,24.61664,29.289991,30.379856,29.63847,24.1786,28.002077,24.837942,21.295753,19.242002,15.683065,12.847055,13.570628,9.497441,8.608684,11.439693,13.692923,14.672751,19.534582,18.792923,22.02687,22.222097,24.146088,23.189425,20.006363,21.740303,19.014364,19.316174,17.637917,16.258076,15.943129,12.279777,14.751287,11.314024,11.637874,15.1326475,15.219872,12.911868,16.320978,11.816404,18.175257,18.50775,22.67112,25.709377,27.824612,29.81051,27.576494,32.170628,31.23387,36.089462,34.84232,34.155727,32.138035,28.235628,30.445711,25.61664,30.29388,25.925678,30.706543,35.52936,32.97142,29.74457,31.424341,25.519617,28.261597,25.015848
12,37.813644,35.158993,31.986904,29.119745,26.469065,23.095465,21.105774,18.330673,13.805614,12.281623,7.7699537,5.6399918,0.0,5.5418468,8.12026,10.46276,11.599212,15.4975,16.423433,20.828802,22.229961,26.260923,27.888195,31.225803,28.086872,33.041977,29.444275,30.761984,26.800552,22.293024,25.62725,18.70137,23.791832,21.178394,23.665052,24.662039,25.85521,30.191902,29.088198,27.95124,26.518543,25.141645,24.953228,20.852943,20.373924,26.35019,23.956278,29.089746,26.700546,31.16071,31.521841,30.640053,25.072006,28.333197,24.254225,21.233002,19.776464,15.873858,12.918926,11.480919,8.114787,9.489416,10.945516,14.577598,15.27178,20.84737,20.088896,24.457117,25.011515,27.683146,27.488827,24.516285,26.75821,24.374434,24.680986,23.235237,21.618282,21.211636,17.413816,19.136868,14.900487,15.814384,19.792112,19.844765,18.034977,21.614109,17.05327,23.220339,23.133917,27.108913,29.93556,32.148808,33.920918,31.91539,36.64709,35.426727,40.74223,39.526714,38.813675,37.04283,33.157192,35.549587,30.624748,35.29758,30.936686,35.537163,40.336407,38.14306,34.951202,36.837814,30.900984,33.724686,30.351675
13,37.53421,34.849075,31.776333,28.254192,26.01591,23.037249,19.852406,18.681715,12.812841,12.665257,7.0633774,5.613695,5.5418468,0.0,3.6925056,6.780233,9.180951,12.789793,14.920726,18.976929,21.362745,24.473946,26.808628,30.675354,28.34708,33.47795,29.82607,32.131424,28.104015,23.735256,26.781956,20.37658,24.594536,22.550749,23.60109,25.598217,26.28564,30.633928,30.14203,28.394018,26.903173,26.858643,26.618816,22.995037,22.799696,28.54706,26.140408,31.402184,28.941591,33.665066,34.603195,34.17331,28.64453,32.56679,28.8704,25.806175,24.078732,20.139559,17.359001,16.778658,12.811259,13.070612,13.965799,16.665157,16.293365,21.869791,19.533152,23.73334,23.143072,25.459969,25.059757,21.52269,23.654526,21.9014,21.334929,20.493122,18.133707,18.155954,14.5279875,16.195236,12.926924,15.492282,18.953491,19.882456,17.782833,21.132935,16.614145,22.849903,22.7222,27.113659,29.781708,32.30949,34.55823,32.626236,37.190144,36.618725,41.15709,40.051853,39.41314,37.222294,33.331886,35.318886,30.50755,34.996307,30.28492,34.89458,39.488808,36.91891,33.75862,35.661594,29.922,32.5771,29.60655
14,35.91279,33.040813,30.246965,26.723024,24.260847,21.609812,18.045023,17.358416,11.564622,11.396845,7.5276747,5.0195284,8.12026,3.6925056,0.0,5.479059,6.486145,10.224217,12.250762,16.302362,18.918442,21.80346,24.658903,28.405695,26.4571,31.510544,27.680933,30.406794,26.25425,22.062246,24.666685,18.677794,22.221785,20.692823,21.004444,23.555857,24.185461,28.378277,28.093565,25.93922,24.318157,25.033438,24.69389,21.46288,21.539207,27.047304,24.828995,30.1051,27.917946,32.729736,34.109413,33.808823,28.395468,32.645157,29.475615,26.19151,24.185108,20.444485,17.815733,18.25104,13.9671755,13.241254,14.635057,16.499636,16.202026,21.244772,18.823841,22.243002,21.3044,23.084593,22.180632,18.427895,20.230154,18.408525,17.671047,16.857073,14.480179,14.743613,11.279775,13.509978,11.124289,13.574834,16.505888,17.578402,15.169637,18.22049,13.850422,19.99186,20.054495,24.550282,27.264967,29.766674,32.182137,30.175428,34.595936,34.298077,38.42978,37.35484,36.76702,34.40307,30.534029,32.32151,27.611786,32.014214,27.270184,31.932297,36.478992,33.674923,30.520052,32.32744,26.683964,29.267588,26.482542
15,31.712084,29.132559,26.086979,22.14634,20.386427,17.772465,13.81573,14.212037,7.5585036,9.512013,4.9448643,8.328707,10.46276,6.780233,5.479059,0.0,5.1484003,6.8043265,10.26899,13.311187,16.30569,18.554565,20.853819,25.23456,23.543264,28.788311,25.513815,28.662075,25.08033,21.046734,24.489586,19.300043,23.379726,23.54986,23.922852,26.82693,27.989315,31.861101,31.300983,28.68446,26.321688,27.397898,25.993023,23.241697,21.914467,26.903337,24.077005,29.154087,26.185429,31.0221,32.50509,32.932934,27.65411,32.65032,29.46074,27.082062,25.497688,21.059889,19.373117,19.954197,14.880721,14.053573,13.167505,14.243266,12.61901,17.613726,13.994862,17.844362,16.606012,18.940493,18.95952,15.617057,18.456562,17.657362,17.478674,17.89398,15.976321,17.531063,14.745597,17.77354,16.267765,18.089731,20.579166,21.162014,17.965328,19.983093,14.82401,20.063835,18.856451,23.350733,25.369085,28.435171,31.085243,29.87426,34.32304,34.852253,38.534645,38.179832,38.114586,35.809788,31.857862,33.15139,28.041801,31.910643,26.61171,30.69891,34.905346,32.730175,29.762878,32.5818,27.185162,30.315235,28.0756
16,29.699482,26.704147,24.102465,20.79209,17.995443,15.595213,11.991384,11.589644,6.4453936,6.499294,6.916798,7.235421,11.599212,9.180951,6.486145,5.1484003,0.0,4.4615145,5.8445644,9.932222,12.456946,15.479415,18.278543,21.923647,20.147556,25.201372,21.46988,24.639318,20.727772,16.791636,19.674864,14.734373,18.337343,19.092525,19.297892,22.395992,23.855478,27.44907,26.771435,23.915518,21.323305,22.740189,21.161507,18.76106,17.707346,22.50733,20.030474,25.143444,22.777107,27.645813,29.524498,29.790699,24.669016,29.744343,27.259941,24.473705,22.559126,18.595774,17.091133,18.918436,13.896721,11.894027,12.433194,12.559254,12.156466,16.101374,13.981978,16.31129,15.605276,17.151999,16.210903,12.958284,15.2445,13.441206,14.02658,13.802147,12.789566,14.344028,11.810497,15.678536,14.632287,14.97313,16.946396,17.009825,13.41171,14.988419,9.731397,14.956637,14.111695,18.65574,21.04506,23.824934,26.428726,24.9372,29.350992,29.813974,33.471977,33.0369,32.978363,30.68584,26.7268,28.037182,22.920042,26.896883,21.744152,26.071945,30.49727,28.143116,25.079062,27.714615,22.193968,25.40777,23.100006
17,26.345324,23.467953,20.924416,17.188887,14.929069,13.068566,8.527233,10.2856,5.447046,7.783975,9.180442,11.636746,15.4975,12.789793,10.224217,6.8043265,4.4615145,0.0,4.6793885,6.595091,10.071145,11.862992,14.757134,18.970844,17.952124,23.037388,19.750278,23.682991,20.31925,16.907673,19.982471,16.43847,19.622944,21.886688,21.55934,25.116524,26.73011,29.919636,29.276577,25.951118,22.88412,25.06349,22.75757,21.115433,19.297894,23.233326,20.510408,25.251022,22.505552,27.312809,29.55398,30.484743,25.702047,31.356216,29.190994,26.996128,25.297565,21.172462,20.366463,22.434017,17.198952,15.0688715,14.278637,13.254339,11.799391,14.722697,11.456532,13.031892,11.483232,12.887987,12.322995,9.238315,12.3807745,11.822848,12.743379,13.890895,13.297793,15.94871,14.319564,18.441366,18.353968,18.702242,20.02682,20.012846,16.087229,16.506538,11.425148,15.024588,13.100708,17.5557,19.198063,22.468966,25.414,24.612656,28.807014,30.195438,33.047554,33.22839,33.61355,31.260193,27.369404,28.057034,22.863724,26.163849,20.576733,24.310497,28.303534,26.309006,23.476156,26.888195,21.849997,25.338573,23.75159
18,24.88106,21.62009,19.490286,16.769413,13.243424,11.480229,8.318734,8.163836,6.609215,6.2170577,11.143893,11.928108,16.423433,14.920726,12.250762,10.26899,5.8445644,4.6793885,0.0,4.859789,6.7269454,10.259,13.209623,16.308666,14.811155,19.695873,15.906967,19.623344,15.940245,12.59744,15.32087,12.203695,15.174483,18.29104,18.243057,21.668594,23.75993,26.597364,25.625826,22.216488,18.817667,20.995415,18.301308,17.065424,15.159223,18.779358,16.32453,21.04874,18.851616,23.63367,26.136421,26.87856,22.302753,27.937387,26.401194,24.014225,22.166542,18.537916,18.112526,21.095984,16.197882,13.329665,13.5594635,11.745115,11.719323,13.416499,12.414465,12.500035,12.299001,13.0202055,11.586184,9.36114,11.706143,9.659781,12.087445,12.26738,13.031669,15.321164,13.956859,18.450726,18.355593,17.178045,18.108469,17.29805,13.117075,12.819561,7.628553,10.586547,8.657847,13.181047,15.284802,18.249332,21.044752,20.021906,24.314997,25.54543,28.616272,28.77635,29.219538,27.029362,23.102377,23.888092,18.516043,21.962875,16.510107,20.494028,24.834257,22.878365,19.920643,23.293676,18.039343,21.796135,20.055418
19,21.1241,17.902481,16.084719,13.134064,10.034129,9.513909,5.731837,8.564638,8.689833,9.926328,14.611426,16.618534,20.828802,18.976929,16.302362,13.311187,9.932222,6.595091,4.859789,0.0,4.3270025,5.5568657,9.051315,12.687347,12.469274,17.187654,14.039127,18.772362,15.974767,13.689527,16.283655,15.212089,17.331778,21.869867,21.243069,25.004398,27.168203,29.503216,28.603178,24.794886,21.025623,23.975449,20.630863,20.32413,17.802895,20.128857,17.594593,21.577518,19.12883,23.6289,26.577658,28.057514,24.058388,30.141487,29.055422,27.292921,25.688778,22.078104,22.262314,25.358032,20.395468,17.578417,16.770956,14.068011,13.168687,13.192271,11.475552,9.597617,8.557513,8.321791,6.9243097,5.89484,9.129656,8.8128605,11.855457,13.479777,14.7627735,17.876387,17.355473,21.882277,22.556969,21.511824,21.870867,21.063763,16.850706,15.436375,11.232095,11.668249,8.386741,12.255443,13.131614,16.694874,19.895113,19.818012,23.662842,26.053423,28.01028,28.941298,29.922342,27.717651,24.002296,23.979946,18.722021,21.12338,15.275902,18.292143,22.008982,20.582962,17.998215,22.356394,17.930365,21.906513,21.12744
20,18.878733,15.367593,13.878081,12.298245,7.8700004,7.601043,6.648594,7.0839777,10.402837,10.255489,16.504482,18.147495,22.229961,21.362745,18.918442,16.30569,12.456946,10.071145,6.7269454,4.3270025,0.0,5.621677,7.506989,9.622385,8.557641,13.238928,9.815475,14.448101,11.821421,10.035673,12.762906,12.95053,15.109879,20.681263,20.716867,24.016947,26.724974,28.656385,27.28005,23.565573,19.442368,22.005621,17.979204,18.234648,14.985039,16.418245,13.889687,17.484602,15.212565,19.561785,22.742107,24.334002,20.748903,26.911173,26.409954,24.945747,23.50194,20.26741,21.124388,24.73242,20.167757,17.093729,16.428923,12.995106,13.053676,11.499872,12.125161,8.947076,10.016837,9.700701,8.475664,9.273907,11.580155,10.291689,14.405854,15.223017,17.363283,20.023666,19.525978,24.119757,24.48311,22.39602,22.640175,21.083141,16.899597,14.864211,11.0486145,9.804289,5.429189,8.5812645,9.308745,12.917858,15.941703,16.221395,20.187355,22.672003,24.827728,26.077848,27.329239,25.497738,21.829136,21.792532,16.301933,18.46843,12.7546,15.475828,19.404606,18.645313,16.128569,20.863003,16.51669,20.855194,20.066973
21,17.069304,13.806711,12.932696,10.6049385,8.019331,9.698037,7.504966,11.369336,13.436891,14.818305,19.7941,22.133219,26.260923,24.473946,21.80346,18.554565,15.479415,11.862992,10.259,5.5568657,5.621677,0.0,5.2779007,8.528235,10.411243,14.17172,12.036879,17.598684,16.012402,15.21838,17.209076,18.352365,19.46419,25.325195,24.330938,28.18918,30.524979,32.206577,31.272854,27.185713,23.1121,26.642323,22.694103,23.40834,20.461508,21.235807,18.931389,21.806122,19.50142,23.369253,26.805311,28.948267,25.79872,32.094162,31.717848,30.512968,29.11945,25.812622,26.603743,29.998789,25.190289,22.289536,21.068272,17.675898,16.626049,14.728213,13.450642,9.002621,7.7789235,5.085798,3.3752387,6.544548,9.118411,10.329282,13.891566,16.236925,18.24184,21.665232,21.870504,26.367899,27.596436,26.240976,26.03688,25.004807,20.875647,18.439642,15.355607,13.456525,9.526165,11.599839,10.745435,14.638221,18.071455,19.113794,22.216455,25.823038,26.475327,28.297716,29.891953,27.825335,24.492329,23.598097,18.726875,19.735134,13.932377,15.385617,18.161806,17.639929,15.704484,21.093145,17.902208,21.9653,22.223457
22,12.142581,9.003583,7.660552,6.0163994,3.5943723,6.7979503,7.34888,10.6489,14.450871,15.965469,21.101185,24.493053,27.888195,26.808628,24.658903,20.853819,18.278543,14.757134,13.209623,9.051315,7.506989,5.2779007,0.0,5.6232195,7.3918314,11.095108,10.558142,15.630942,15.35035,15.073542,18.036566,19.705288,21.747818,27.954376,27.896248,31.23066,34.007515,35.624565,34.209396,30.379004,26.094069,28.793293,24.263235,25.037104,20.931038,20.996296,18.20174,20.313185,17.20607,20.610765,23.89513,26.712284,24.064754,30.56722,30.279373,30.03005,29.172998,25.68156,27.206123,30.451897,25.774097,23.135887,20.825768,16.90969,15.606578,12.083182,11.780486,5.803442,6.9385242,6.007218,7.916315,11.437012,14.36416,15.37143,19.11263,21.182238,23.183086,26.429525,26.239109,30.799646,31.433014,29.793789,29.985853,28.532303,24.361639,22.026434,18.544586,16.46278,11.869879,12.7937355,10.779311,14.863071,17.834448,19.937765,23.01651,26.823622,27.641762,30.053919,32.004208,30.417994,27.167866,26.28224,21.275406,21.822918,16.392666,16.764425,18.993275,19.97047,18.47471,24.361063,21.44059,25.734325,25.932493
23,10.92625,7.108635,8.148009,9.917345,6.7973795,10.014768,12.24534,13.486971,18.61823,18.955278,25.129303,27.56617,31.225803,30.675354,28.405695,25.23456,21.923647,18.970844,16.308666,12.687347,9.622385,8.528235,5.6232195,0.0,5.126855,6.2644615,6.696763,11.862604,12.712592,14.102012,15.88649,19.559187,20.550554,27.666939,27.696527,30.693249,33.778065,34.718372,33.05203,29.263845,24.837805,27.569464,22.633842,24.368021,20.245348,18.705034,16.631516,17.460846,15.370574,17.887806,21.709352,24.640884,22.98529,29.19849,29.952536,29.84103,29.032568,26.370596,28.34691,32.16112,28.035078,25.111248,23.540462,19.335173,19.133608,14.663688,16.482079,10.497872,12.561393,10.904345,11.1310625,15.004962,16.655611,16.85193,21.222565,22.683603,25.493645,28.41309,28.565521,33.12998,33.88966,31.356426,31.089973,29.112564,25.188862,22.113493,19.727333,15.934609,11.651376,10.419669,7.0129547,10.607822,13.261023,16.26031,18.688076,23.086666,23.257126,26.263386,28.64025,27.459183,24.609001,23.33673,18.755802,18.31248,13.700604,12.736391,14.536626,16.628284,15.637781,21.771656,19.663528,23.939177,24.53879
24,12.705009,9.147007,8.563273,10.612338,5.998503,7.492063,11.334689,10.189633,16.412882,15.925947,22.526182,24.861095,28.086872,28.34708,26.4571,23.543264,20.147556,17.952124,14.811155,12.469274,8.557641,10.411243,7.3918314,5.126855,0.0,5.3160076,4.451039,8.359924,8.974628,9.939667,12.953286,16.011183,18.230862,24.94544,26.051235,28.431744,31.838417,33.040997,30.936125,27.587141,23.173649,24.76345,19.66387,20.945686,16.093924,14.745222,12.098815,13.203073,10.428947,13.452168,17.071398,19.861778,17.935574,24.242823,24.852552,24.95454,24.36343,21.673077,23.988514,27.778774,23.965242,21.151766,19.532137,15.221002,15.753914,10.917746,14.610831,9.620826,13.310629,13.21727,13.674184,16.552458,18.612213,17.70958,22.25364,22.918282,25.60032,28.038336,27.583908,32.14075,32.124016,29.199675,29.43761,27.09067,23.220108,20.6571,17.718573,14.625656,10.247454,9.185037,7.0452843,10.342059,12.32988,14.880948,18.22305,21.484041,23.253304,25.774288,27.859495,26.969267,23.834532,23.3654,18.250717,18.829048,14.350155,14.569619,17.438581,19.164255,17.630426,23.175676,20.087648,24.555714,24.264748
25,11.833384,8.595937,10.1286125,13.892312,10.437219,12.549996,16.438148,15.408699,21.718487,20.989874,27.766384,29.73358,33.041977,33.47795,31.510544,28.788311,25.201372,23.037388,19.695873,17.187654,13.238928,14.17172,11.095108,6.2644615,5.3160076,0.0,4.857196,6.9822373,10.007947,12.880483,14.318423,19.163353,20.232872,27.533882,28.55662,30.66217,34.224728,34.769554,32.51987,29.244064,24.833303,26.486618,21.167744,23.358013,18.702099,15.594156,13.963276,13.023268,11.598891,12.765055,16.800306,19.940292,19.468336,25.217615,26.86951,27.36338,26.951593,25.03988,27.706245,31.748404,28.405024,25.546858,24.252697,19.942648,20.786533,15.543546,19.590044,14.2664175,17.712069,16.894646,17.061197,20.504538,21.885798,21.025845,25.729422,26.296679,29.43714,31.787899,31.700317,36.20319,36.425327,33.040833,32.87117,30.248697,26.658726,23.543148,21.609549,17.333635,13.626663,10.799354,7.4646974,9.158729,10.152882,14.090279,16.26473,20.288319,21.030615,24.370766,26.982735,26.573238,24.02405,23.031908,18.708279,17.96761,14.777454,13.23099,14.993044,18.109089,17.372017,22.975895,21.046564,25.261944,25.539995
26,15.632098,11.982135,12.511429,14.777348,10.112703,11.410314,14.514963,12.830102,18.861412,17.517588,24.644047,25.753784,29.444275,29.82607,27.680933,25.513815,21.46988,19.750278,15.906967,14.039127,9.815475,12.036879,10.558142,6.696763,4.451039,4.857196,0.0,5.8312235,6.246897,8.850437,9.885761,14.700357,15.504477,22.819214,23.725546,25.92702,29.43157,30.115515,27.950516,24.594118,20.162857,22.004171,16.787516,18.920195,14.722522,12.209814,10.715049,11.15212,10.335757,12.863364,16.978756,19.179432,17.746372,23.540722,24.972216,24.539345,23.656881,21.854244,24.095196,28.393366,25.02868,21.902143,21.493345,17.394241,18.762798,14.465048,18.435358,13.677905,16.786598,15.888353,15.046289,17.727674,18.776777,17.105988,21.897106,21.96732,25.194365,27.284891,27.173687,31.621798,31.850473,28.301657,28.043404,25.402412,21.839909,18.702408,16.932041,12.528837,9.015608,6.091657,3.7361178,6.0443687,7.909509,10.589703,13.776889,17.224287,18.823467,21.40821,23.618217,22.895077,19.975298,19.379593,14.531342,14.76612,10.965787,11.017459,14.3298435,15.980752,14.48189,19.692806,16.918694,21.274035,21.11718
27,18.181494,15.138782,15.564146,18.697998,14.217457,14.633658,18.68583,15.359776,21.875662,19.69733,26.916807,27.641043,30.761984,32.131424,30.406794,28.662075,24.639318,23.682991,19.623344,18.772362,14.448101,17.598684,15.630942,11.862604,8.359924,6.9822373,5.8312235,0.0,4.930347,8.823965,9.634934,14.837459,16.113968,22.936018,25.07535,26.18255,30.099325,30.53126,27.752678,25.146023,20.96392,21.230625,15.84209,18.12302,13.381827,9.142321,8.246529,6.157723,6.7414937,7.6983867,11.999705,14.05324,13.822766,18.993956,21.335962,21.522486,21.119778,20.17593,23.096138,27.453129,25.025213,22.14892,22.0095,18.113594,20.410856,15.885543,21.41971,17.510136,21.456642,21.259054,20.727753,23.097723,24.167624,21.881363,26.656431,26.01325,29.259739,30.775112,30.305384,34.566837,34.137268,29.92992,29.939451,26.760769,23.66729,20.891071,19.423206,15.393812,12.897015,9.681232,8.81452,8.52735,7.7474394,10.419156,13.480046,15.591953,18.509098,20.984234,23.159842,23.268068,20.646578,20.660501,16.242222,16.613401,14.4569235,14.419602,17.526873,19.621931,18.304651,22.593954,19.854647,23.920725,23.225557
28,20.992886,17.563705,17.330359,19.20699,14.136071,13.800462,16.883738,13.011907,18.8909,16.097317,23.47896,23.344463,26.800552,28.104015,26.25425,25.08033,20.727772,20.31925,15.940245,15.974767,11.821421,16.012402,15.35035,12.712592,8.974628,10.007947,6.246897,4.930347,0.0,4.513239,5.093869,10.038885,11.459772,18.179464,20.360294,21.562756,25.432398,26.183802,23.491331,20.80349,16.596767,16.898106,11.539367,13.539443,9.109043,5.997004,5.0121384,6.239459,7.203161,10.209667,13.919261,14.759953,12.929152,18.198633,19.940916,18.935516,17.913208,16.93163,19.297932,23.911211,21.388702,18.237648,19.060942,15.518495,18.27736,14.9698515,20.084743,16.919209,20.39742,20.252104,19.049053,20.545925,21.396622,18.411781,23.044878,21.892439,25.055042,26.262636,25.664932,29.836885,29.327673,25.01422,25.047009,21.862564,18.77002,16.172537,14.712402,11.023003,9.147358,6.676755,8.023167,7.9831657,8.122122,8.452712,12.809449,13.902364,17.917164,19.34794,20.91863,20.578459,17.437181,18.070002,13.024837,14.817525,12.06684,13.847603,18.069834,18.695919,16.660532,20.344591,16.58646,20.71648,19.388987
29,22.45927,19.04833,17.876701,18.653585,13.532001,12.107602,14.563102,9.806925,15.123381,11.86147,19.188967,18.970606,22.293024,23.735256,22.062246,21.046734,16.791636,16.907673,12.59744,13.689527,10.035673,15.21838,15.073542,14.102012,9.939667,12.880483,8.850437,8.823965,4.513239,0.0,5.75857,6.5835247,10.364888,15.927716,18.567572,19.849203,23.596994,25.114563,22.51496,19.932709,15.88576,15.709656,10.834078,11.264688,6.1817956,6.770841,3.9769633,8.502164,7.7255235,12.063783,14.906935,15.273832,11.828644,17.451857,17.980927,16.424927,15.157179,13.329594,15.353433,19.86445,17.008764,13.800168,14.813024,11.546713,14.640486,12.499538,17.358292,15.410847,18.751461,19.285006,18.23128,18.878822,20.175816,16.953485,21.239477,19.9085,22.536499,23.598288,22.473833,26.634026,25.655933,21.61651,22.223532,19.207354,15.878226,14.173488,11.489905,9.758809,7.8661566,7.9187512,10.289078,11.349325,12.238604,11.535615,16.296326,16.574514,21.233599,21.899563,22.876688,22.130184,18.538557,19.764215,14.2702675,17.244822,13.655865,16.61659,21.21189,21.018312,18.50169,21.916595,17.20042,21.362175,19.359978
30,25.344297,21.716526,21.496159,22.620615,17.40867,16.83571,18.652367,14.888862,19.474092,16.059786,23.302797,21.623175,25.62725,26.781956,24.666685,24.489586,19.674864,19.982471,15.32087,16.283655,12.762906,17.209076,18.036566,15.88649,12.953286,14.318423,9.885761,9.634934,5.093869,5.75857,0.0,7.268635,6.486991,13.578266,15.498881,16.635103,20.482426,21.099724,18.486143,15.71021,11.528823,12.173192,6.9022913,9.598412,7.410308,5.537967,6.755581,9.194777,11.426569,14.400752,17.648085,17.31652,14.974025,19.289001,20.984991,18.592947,16.783092,16.572765,18.041395,22.978472,20.762806,17.34931,19.75181,16.950113,20.058468,18.083105,22.423882,19.80414,22.481344,21.967592,19.77732,20.380678,20.413427,16.53859,20.854485,18.838459,22.171076,22.783936,22.368788,26.255192,25.926123,21.148989,20.742912,17.385233,14.696376,11.868569,11.7565365,7.7436523,8.266881,6.493562,9.820578,8.886705,9.137487,6.5681653,11.39994,11.106253,15.994509,16.211025,17.120958,16.462261,13.014841,14.353599,9.214316,12.414178,10.249413,13.579819,18.446754,17.620537,15.126775,17.443548,13.0327835,16.831432,14.871746
31,28.623352,25.123016,23.742252,23.58372,18.59399,16.654032,17.447575,12.751411,15.472163,11.125017,17.6057,14.974088,18.70137,20.37658,18.677794,19.300043,14.734373,16.43847,12.203695,15.212089,12.95053,18.352365,19.705288,19.559187,16.011183,19.163353,14.700357,14.837459,10.038885,6.5835247,7.268635,0.0,6.777784,9.757615,13.2150545,14.033777,17.673481,19.802017,17.276535,15.125205,11.771423,10.659046,7.3480043,5.611659,3.8361795,8.689404,8.012493,12.879787,13.299844,17.326439,19.37571,18.299486,14.068967,18.18477,18.05404,14.536064,12.153582,11.047739,11.434581,16.29465,13.9918585,10.52384,14.226189,12.695902,16.301104,16.516768,20.218199,19.659615,22.048101,22.58961,20.744974,19.958506,20.626091,16.423452,19.81855,17.27238,19.48248,19.491802,17.959188,21.629486,20.172018,15.547775,16.381096,13.151752,10.290711,9.872967,7.649868,8.63889,9.680153,11.300283,14.957136,15.435051,16.285484,13.632932,18.361134,16.90318,22.526781,21.686249,21.590416,20.495298,16.660347,18.987915,13.848816,18.312778,15.276062,19.634256,24.701796,23.077349,20.10371,21.884298,16.313354,19.768631,16.608107
32,30.749786,26.998894,26.552902,26.713474,21.60062,20.679403,21.016064,17.658577,20.248964,16.467386,22.816801,19.234644,23.791832,24.594536,22.221785,23.379726,18.337343,19.622944,15.174483,17.331778,15.109879,19.46419,21.747818,20.550554,18.230862,20.232872,15.504477,16.113968,11.459772,10.364888,6.486991,6.777784,0.0,7.8616257,9.046273,10.432579,14.085552,14.971685,12.73176,9.627137,5.534103,7.3367715,4.315978,6.469248,8.921441,10.186788,11.747863,14.998372,17.180601,20.41063,23.164997,21.998611,18.963297,22.318233,23.410479,19.575258,16.916351,17.248613,17.230955,22.10885,20.201029,16.744804,20.785755,19.07531,22.222944,21.86908,25.07399,23.338226,25.035597,24.337591,21.319025,20.621613,19.815504,15.088859,18.423834,15.216853,18.396746,18.040705,17.759995,21.109852,20.984432,15.765025,14.772779,11.286618,9.295372,6.5253334,8.813223,6.3533597,10.040644,10.338521,14.38529,13.519543,14.187466,10.115683,14.064758,12.23796,17.324705,15.738207,15.328333,13.865966,9.968556,12.559239,8.059234,13.070727,11.493694,16.257158,21.352345,18.790253,15.848312,16.13466,10.760999,13.613708,10.304042
33,37.614563,33.93942,32.92681,32.460777,27.527445,25.831339,25.513659,21.723541,22.508904,18.271393,22.797798,17.168016,21.178394,22.550749,20.692823,23.54986,19.092525,21.886688,18.29104,21.869867,20.681263,25.325195,27.954376,27.666939,24.94544,27.533882,22.819214,22.936018,18.179464,15.927716,13.578266,9.757615,7.8616257,0.0,6.231024,4.5759807,8.236537,10.765105,8.473336,7.630434,7.315039,4.8223467,8.007423,5.8026047,11.728792,15.237459,16.654133,20.379435,22.33904,25.626814,27.419952,25.21641,21.555922,23.417822,23.597086,18.486282,15.266544,16.509472,14.857039,19.057793,18.434011,15.6684475,21.31791,21.212677,24.65211,25.953878,28.70611,28.477104,29.898188,29.804977,26.877665,25.065262,24.29361,19.379988,21.254028,17.118994,18.987835,17.023392,15.88258,17.884583,16.576597,10.547508,10.16819,6.195669,7.130402,8.43501,10.856928,12.648314,16.444252,17.883886,21.98805,21.367592,21.842085,17.587614,21.102823,17.718262,23.49412,20.598305,18.874073,17.477285,14.217583,17.807772,14.857805,20.008871,18.901878,23.89227,28.946705,25.807735,22.792423,21.780317,16.420753,17.81283,13.431249
34,38.302223,34.50239,33.84847,32.99845,28.264627,27.139286,25.919155,23.482185,23.628227,20.151258,24.446463,18.780264,23.665052,23.60109,21.004444,23.922852,19.297892,21.55934,18.243057,21.243069,20.716867,24.330938,27.896248,27.696527,26.051235,28.55662,23.725546,25.07535,20.360294,18.567572,15.498881,13.2150545,9.046273,6.231024,0.0,5.066521,6.27324,8.391345,8.389674,5.154004,5.6065125,8.83073,11.335789,11.015935,16.089527,18.845102,20.23112,23.865927,25.775703,29.244396,31.67372,30.031515,26.493637,29.03402,29.34105,24.449818,21.269953,21.850521,20.08486,24.086618,22.582916,19.613037,24.798878,24.359179,27.08894,28.345745,30.047993,29.26632,29.745922,28.852089,25.180683,23.018267,21.24848,16.362122,17.430922,12.937491,15.08604,12.850862,13.034439,14.797864,15.399596,10.137546,7.3171926,4.550466,6.0393443,5.9133763,10.8074665,11.766256,16.301208,17.94742,21.943865,21.352707,22.40352,18.04761,20.877047,18.502739,22.58554,19.500975,17.640003,15.245241,12.129071,15.169531,13.115412,18.08593,17.117878,22.292173,27.095383,22.99293,19.99285,17.984133,12.887855,13.286726,8.890648
35,41.002937,37.249115,36.536835,36.08518,31.155634,29.746008,29.155514,25.828081,26.379042,22.369919,26.59124,20.52298,24.662039,25.598217,23.555857,26.82693,22.395992,25.116524,21.668594,25.004398,24.016947,28.18918,31.23066,30.693249,28.431744,30.66217,25.92702,26.18255,21.562756,19.849203,16.635103,14.033777,10.432579,4.5759807,5.066521,0.0,4.2311144,6.2239876,4.550251,4.6443725,7.093378,6.1352377,10.72086,9.909581,15.969364,18.633596,20.576721,23.825464,26.295565,29.318655,31.25994,28.927956,25.669102,27.08025,27.634935,22.407757,19.192152,20.915407,19.09774,23.010214,22.658257,20.030485,25.75705,25.68369,28.979204,30.246536,32.738605,32.24423,33.31511,32.785137,29.404825,27.452164,26.00224,21.057243,22.383913,17.917164,19.816965,17.26668,16.835382,17.989267,17.43196,11.549377,9.7747135,6.4727545,9.230394,10.051277,14.047998,15.112761,19.456524,20.578684,24.639952,23.581936,23.940666,19.338366,22.05434,18.314829,23.487785,19.84056,17.4615,15.896697,13.314784,17.081257,15.558156,20.453758,20.316269,25.229393,30.0557,26.371698,23.521677,21.25895,16.546442,16.74327,12.2767315
