,0,1,2,3,4,5,6,7,8,9,10,11,12,13,14,15,16,17,18,19,20,21,22,23,24,25,26,27,28,29,30,31,32,33,34,35,36,37,38,39,40,41,42,43,44,45,46,47,48,49,50,51,52,53,54,55,56,57,58,59,60,61,62,63,64,65,66,67,68,69,70,71,72,73,74,75,76,77,78,79,80,81,82,83,84,85,86,87,88,89,90,91,92,93,94,95,96,97,98,99,100,101,102,103,104,105,106,107,108,109,110
0,0.0,3.9299464,5.675265,9.364137,11.464233,14.864845,17.135891,19.902897,24.354893,26.168797,32.17285,34.79767,37.37282,37.387203,35.672047,32.634087,29.868864,26.61637,24.789068,21.558943,18.070625,18.191393,13.684718,16.696516,12.148832,16.134382,19.169308,18.029686,19.408785,19.904818,21.837673,23.44446,24.697403,31.240116,29.32537,33.635162,35.54373,37.28348,36.77894,32.498264,28.50161,32.396526,28.227425,29.23478,26.13082,25.525244,23.302917,24.226158,20.702492,23.695454,27.61484,30.558765,30.535799,34.263428,37.61825,35.753654,38.87649,36.844383,39.475105,44.262653,41.063313,37.708153,38.34121,34.93563,36.307594,34.647457,37.621407,34.07169,31.495659,26.268703,27.786991,26.348703,30.560032,30.768385,35.079372,35.93727,39.738647,42.02622,42.73681,46.04773,46.83752,42.281845,39.324802,36.077938,32.63455,31.921324,27.401667,24.682896,19.699642,18.897953,16.30524,15.788507,14.013148,15.832679,17.201118,17.694677,22.272629,22.643206,24.631153,28.127937,27.659302,32.218575,32.205185,37.21324,41.80108,38.34663,35.27552,34.072166,29.078663,29.057814,24.793716
1,3.9299464,0.0,4.615523,6.9774256,8.672656,12.315562,13.942308,17.126108,21.288956,23.028648,29.148333,31.399065,34.285927,34.11385,32.215126,29.382597,26.358826,23.132563,21.13478,17.792257,14.218207,14.339386,9.839134,13.191269,8.946405,13.415109,16.061996,15.021509,15.815298,16.1922,17.983168,19.595436,20.794842,27.39834,25.688879,29.882782,31.953749,33.659172,33.005413,28.781189,24.726145,28.484081,24.306812,25.328278,22.34342,21.820332,19.710257,20.947142,17.62062,21.012058,25.012678,27.606655,27.330074,30.994175,34.188107,32.1046,35.1391,33.190887,35.763355,40.613464,37.57515,34.20644,35.163826,31.909357,33.60467,32.09915,35.437843,32.260452,29.94222,24.507278,25.400986,23.682018,27.647682,27.712452,31.889427,32.679028,36.39625,38.593605,39.34265,42.536186,43.313442,38.79687,35.97078,32.632683,29.216541,28.446968,23.962343,21.455486,16.353062,16.025042,13.440105,13.805691,12.369552,15.346353,16.19913,17.03567,20.418829,21.350277,22.74443,26.223507,25.10027,29.860565,29.336922,34.45847,39.181778,35.89177,32.760323,32.144238,26.86284,27.37918,23.18213
2,5.675265,4.615523,0.0,5.2040405,6.246401,9.342889,12.369096,14.427901,19.218199,20.906181,26.951569,29.817038,32.089684,32.474236,31.018324,28.116018,25.44647,22.570164,20.572077,18.074762,14.555685,16.002792,11.904663,16.357203,12.727388,17.40194,19.434551,17.489092,17.99051,17.217348,19.873032,19.850107,21.93089,27.57856,25.94324,30.123302,31.932947,34.212936,33.67989,29.656603,25.883398,29.35578,25.624605,25.836054,22.982735,23.645899,21.051865,23.16821,19.234943,22.889147,27.032557,29.667841,28.575762,32.96263,35.50924,33.488617,36.34557,33.855263,36.087643,40.81706,37.38937,33.99821,34.998795,31.900345,33.317616,32.50055,35.032665,31.594744,29.88907,24.250774,25.497822,23.230186,27.485065,26.966223,31.45964,31.77731,35.733624,37.721268,38.130787,41.513817,42.06294,37.374092,34.281044,31.130535,27.74848,27.379465,22.580338,20.265087,15.425001,14.70942,13.009364,12.750931,12.281862,15.009934,14.19996,13.95184,17.939453,18.013142,19.690245,22.871,22.48642,26.944942,26.899826,31.848528,36.36977,32.762226,29.693365,28.513712,23.42887,23.460014,19.228048
3,9.364137,6.9774256,5.2040405,0.0,5.1349444,7.1928954,8.279006,12.07204,15.376107,17.912178,23.1154,26.181993,28.475248,28.301554,26.794844,23.482672,21.116028,17.93649,16.549984,14.019473,11.398647,12.783169,10.810272,15.275914,12.6362095,17.479992,19.216265,18.198748,17.263325,16.108335,17.757856,17.285845,18.477745,23.705902,21.360916,25.78917,27.253885,29.572489,29.370731,25.28139,21.793932,25.785091,22.653303,22.854387,21.145945,22.250635,20.240185,23.019377,19.82687,24.024937,28.139849,30.059397,28.557474,32.59663,34.783863,32.112274,34.59076,32.39926,34.25504,39.140503,36.109028,32.691174,34.642315,32.00521,33.98303,33.626965,36.55217,33.655155,32.454575,26.631012,26.990273,24.120136,27.870544,26.74178,30.992811,30.792057,34.629387,36.10845,36.276512,39.363983,39.401424,34.45555,31.6469,28.23055,25.249153,25.38764,20.099522,19.27979,14.407514,14.948345,13.987255,15.102845,15.358749,19.021431,17.376608,16.916204,19.330538,19.548313,20.293602,22.822206,21.782423,26.273174,25.217888,30.246807,34.832916,31.000578,27.835846,27.494732,21.749277,22.314812,18.456299
4,11.464233,8.672656,6.246401,5.1349444,0.0,3.8293462,7.009056,8.503599,13.480574,14.7664585,21.214432,23.714432,26.183315,26.70114,25.216812,22.80604,19.81829,17.442268,14.941309,13.211934,9.631688,12.586314,9.492365,14.800191,12.848103,17.479324,18.213114,15.851456,15.069788,12.9714155,16.115147,14.42664,17.364422,22.115606,21.159117,24.94783,26.914238,29.557032,28.770388,25.12406,21.54499,24.288443,20.963198,20.434677,17.903734,19.782442,17.063246,20.364588,16.54123,20.79691,24.94051,26.933197,24.82977,29.544285,31.274197,29.000553,31.533993,28.781652,30.637707,35.338028,31.910507,28.505615,30.08497,27.413515,29.175411,29.133127,31.685823,28.805323,27.989054,22.099516,22.426039,19.303492,23.184092,21.945063,26.370617,26.209959,30.169033,31.85427,32.105606,35.42747,35.842487,31.127909,28.054497,24.884233,21.526432,21.327387,16.364994,14.616691,9.872804,9.949203,9.475381,10.646541,11.754255,15.762926,13.132359,12.8804035,14.314365,14.990453,15.466262,18.33304,17.066507,21.715326,20.99854,26.064995,30.722855,27.264965,24.120857,23.743746,18.25971,19.141665,15.109993
5,14.864845,12.315562,9.342889,7.1928954,3.8293462,0.0,5.343648,5.1745954,10.362064,11.744721,17.882551,20.889147,22.860712,23.70776,22.59449,20.176422,17.575993,15.672758,13.35496,12.784813,10.062694,13.84668,12.162238,17.431728,16.151764,20.674362,20.986712,18.57213,17.163925,14.266824,17.42157,14.210786,17.501253,20.925581,20.012585,23.634253,25.27849,28.385162,27.748817,24.415201,21.309187,23.739666,21.149578,19.889118,18.06854,21.01011,18.327522,22.325357,18.636322,23.018932,27.066479,28.721704,25.926498,30.875885,31.918482,29.488363,31.660913,28.655184,30.023367,34.600307,31.087181,27.722654,29.752136,27.503075,29.283155,29.991762,32.088177,29.387589,29.294197,23.399923,23.495277,19.796492,23.443792,21.447363,25.863588,25.049313,29.067707,30.314556,30.17417,33.488667,33.510853,28.594902,25.432625,22.34925,19.233656,19.647224,14.299616,13.658532,9.71258,10.210142,11.15854,12.438795,14.385003,18.266542,14.415331,13.331126,13.810313,13.900931,13.812433,15.887857,14.787453,19.136423,18.238268,23.180355,27.712036,23.939285,20.787447,20.493248,14.768742,15.725222,11.9221735
6,17.135891,13.942308,12.369096,8.279006,7.009056,5.343648,0.0,6.285318,7.4510307,10.158893,15.276669,17.921747,20.520052,20.25576,18.675137,15.885401,13.135617,10.610706,8.776915,7.928107,6.663618,10.201438,11.162518,15.652552,15.483174,19.674866,19.714968,18.541449,15.835597,13.043893,14.560216,11.333997,13.17687,16.433435,14.797761,18.707779,20.229649,23.181221,22.744354,19.260923,16.326536,19.338713,17.277868,16.29716,15.890343,18.816383,17.084549,21.320383,18.786812,23.417723,27.26535,28.15598,25.366882,29.527336,30.470129,27.326687,29.147787,26.770296,27.892628,32.69741,29.877262,26.526224,29.555824,27.738007,30.233372,30.974268,33.891754,31.884996,31.856413,26.026627,25.137157,21.317469,24.156683,21.94661,25.778536,24.717684,28.381248,29.18804,29.015182,31.849014,31.464876,26.384266,23.76589,20.213942,17.582394,18.319586,12.656497,13.935021,10.104059,12.322825,13.222001,15.81449,17.519098,22.017052,18.789318,18.314707,17.540918,18.363527,17.364094,18.916376,16.563923,20.940853,18.502123,23.528242,28.194056,24.550411,21.33939,22.490906,16.229788,18.169506,15.166697
7,19.902897,17.126108,14.427901,12.07204,8.503599,5.1745954,6.285318,0.0,6.774764,6.8276935,13.549559,16.274723,18.129278,19.530285,18.660124,17.063261,14.378682,13.686415,10.973835,12.235199,10.457813,15.063696,14.578095,19.537659,19.38204,23.439266,22.860971,20.206228,18.100023,14.276509,17.611355,12.495945,16.68908,18.242054,18.341988,21.168568,22.821032,26.383232,25.514473,22.87288,20.31648,21.586475,19.800423,17.477015,16.270153,20.531122,17.888817,22.64832,19.290903,23.66236,27.41957,28.509281,24.812178,29.986786,30.060404,27.579102,29.293804,25.936768,26.72858,31.063238,27.473217,24.213223,26.755247,25.104507,27.006124,28.626627,30.362263,28.208,29.046059,23.327938,22.749424,18.437178,21.450918,18.575869,22.76341,21.227768,25.20912,26.001934,25.532734,28.829426,28.633146,23.67562,20.409489,17.474194,14.4784155,15.3994055,9.92747,10.643918,8.4299135,9.680352,12.20682,14.020473,16.793459,20.762299,15.995832,14.84164,12.831791,13.175575,11.611738,12.672985,10.739811,14.897739,13.286519,18.221699,22.793186,19.108175,15.910376,16.482954,10.46038,12.524003,9.520041
8,24.354893,21.288956,19.218199,15.376107,13.480574,10.362064,7.4510307,6.774764,0.0,4.71515,7.8597226,11.240296,13.123081,13.365201,12.502973,10.321466,8.340823,8.240574,7.1099706,10.187083,11.232943,15.112521,17.391277,21.389566,22.223263,25.92915,25.111376,23.694715,20.36308,16.658533,18.085138,12.443477,14.779078,14.027671,13.323178,15.977102,16.846909,20.80322,20.459661,18.215082,16.741167,18.177559,18.044735,15.428451,16.750235,21.390728,19.922647,24.955664,22.863708,27.359331,30.810732,30.989454,27.076439,31.37546,30.89461,27.5827,28.525822,25.815163,25.816832,30.164648,27.444565,24.37609,28.363085,27.565327,30.150028,32.19149,34.425182,33.067314,34.255997,28.712517,27.222944,22.75094,24.692165,21.272158,24.540794,22.219036,25.627495,25.380627,24.424881,26.989752,25.73709,20.327948,17.79608,14.38768,12.751879,14.985548,9.269959,13.677369,12.485294,15.088848,17.52657,20.159313,22.725822,27.070835,22.63477,21.6078,18.941977,19.418436,17.15341,16.939983,14.219702,17.438627,13.785075,18.196596,22.513031,18.694565,15.619673,18.132223,11.858912,14.831044,13.531575
9,26.168797,23.028648,20.906181,17.912178,14.7664585,11.744721,10.158893,6.8276935,4.71515,0.0,8.011579,9.547367,11.859914,13.418629,12.627786,12.483983,9.697187,11.058487,8.471612,12.125095,12.34857,16.766594,18.205751,22.22439,23.400156,26.773226,25.327509,23.129135,20.00677,15.775518,18.174448,11.516611,15.558891,14.050208,15.433737,16.911476,18.45486,22.430428,21.3404,19.77181,18.254904,18.03273,17.796402,14.29844,14.918637,20.357283,18.46522,23.751415,21.49232,25.69886,28.90308,28.98019,24.486025,29.24926,28.135778,25.27683,26.141342,22.816904,22.635822,26.684828,23.528946,20.526142,24.324455,23.7585,26.166088,28.734919,30.519709,29.43466,31.169064,25.903315,24.172375,19.51058,21.098421,17.272285,20.462677,17.853973,21.359118,21.163315,20.190706,23.076609,22.263687,17.084051,14.055616,10.928573,8.645114,10.880386,5.435282,10.245,10.7474,13.144576,16.29307,18.858593,21.856718,26.024275,21.188643,20.393478,16.294518,17.243454,14.227043,13.745125,10.176197,13.302228,9.232138,13.89898,18.492958,15.256561,12.140532,15.251042,9.462636,13.318137,12.400558
10,32.17285,29.148333,26.951569,23.1154,21.214432,17.882551,15.276669,13.549559,7.8597226,8.011579,0.0,6.255731,5.5850363,6.676743,7.809329,7.520026,8.291259,11.190779,11.595362,15.983097,18.12085,21.617802,24.674437,28.166079,29.617496,32.945187,31.621897,30.281721,26.588541,22.679792,23.663673,17.357534,19.250967,14.95063,15.162018,15.8403425,15.565093,20.134912,20.064573,19.485521,19.728575,19.616947,21.439848,17.910831,20.776054,26.135107,25.138466,30.384516,28.859814,33.07973,36.081615,35.596535,31.003092,35.0326,33.309868,29.91551,29.871279,27.188066,25.95734,29.51029,27.264393,24.788383,29.633745,29.956705,32.566772,35.66108,37.307053,36.6742,38.831818,33.74251,31.757792,27.077633,28.015392,23.829067,26.109127,22.666609,25.355503,23.763086,21.852158,23.705614,21.126951,15.535635,13.668242,11.002298,11.758262,15.4912195,11.66687,17.80148,18.575703,21.145288,24.17145,26.760029,29.678267,33.859173,28.881216,27.585604,23.812326,24.018456,21.00374,19.182838,16.552906,17.79726,13.129245,15.650016,18.89295,15.229694,12.918178,17.234774,12.435948,15.882649,16.74255
11,34.79767,31.399065,29.817038,26.181993,23.714432,20.889147,17.921747,16.274723,11.240296,9.547367,6.255731,0.0,5.608437,5.6991744,5.153285,8.999091,7.838666,12.030989,11.546899,16.23231,18.564045,21.764772,25.126905,27.851677,30.18642,32.771072,30.694397,29.462471,25.463886,21.595665,22.198196,15.744546,17.70795,11.679277,14.308276,13.085277,13.736407,17.954285,16.888905,17.4345,18.070946,15.962545,18.535736,14.434712,18.015417,23.586948,23.08911,28.25044,27.529999,31.344334,33.78945,32.620823,27.758041,31.270779,28.833067,25.413078,24.816122,22.311277,20.526894,23.794203,22.09422,19.937012,25.420467,26.393822,29.37876,32.694607,34.707005,34.921364,37.337864,32.725143,29.917063,25.423182,25.287754,21.071415,22.319696,18.688997,20.663372,18.60056,16.772028,18.1091,15.55456,10.003547,8.914863,5.8170304,7.9861064,11.717085,10.006171,16.606577,18.539192,21.44764,24.48091,27.539854,30.444288,34.781097,30.185497,29.659006,24.654327,25.904171,22.318045,20.799995,16.854952,18.033634,12.32297,14.4166,17.757519,15.859776,13.935996,19.51732,15.5324135,19.691824,20.451857
12,37.37282,34.285927,32.089684,28.475248,26.183315,22.860712,20.520052,18.129278,13.123081,11.859914,5.5850363,5.608437,0.0,5.447475,8.0938015,10.595769,11.720689,15.541661,15.780828,20.4366,22.63111,26.102213,29.185534,32.418633,34.26686,37.277752,35.50568,33.990894,30.241348,26.2048,27.22679,20.638468,22.744198,16.972067,18.465162,17.659723,17.226103,21.679306,21.338371,21.94968,22.88718,21.380571,23.997076,19.97015,23.185677,28.877136,28.033491,33.30086,32.075592,35.97314,38.587425,37.700012,32.680218,36.57048,33.96692,30.793367,30.137978,27.37798,25.364216,28.115803,26.153969,24.236055,29.35877,30.45071,32.959507,36.725346,37.904503,37.854008,40.66134,36.036095,33.707535,29.047192,29.23639,24.732162,26.201925,22.17675,24.197445,21.741081,19.2211,20.505507,17.126526,11.790828,10.604134,9.298093,11.785277,15.859297,13.980548,20.214418,22.172035,24.61416,27.937252,30.489841,33.613476,37.65011,32.4501,31.218998,26.58311,26.902847,23.442387,20.938068,18.242197,18.187668,13.259754,13.957113,16.122393,13.418668,12.108629,17.56238,14.509106,18.094568,19.925793
13,37.387203,34.11385,32.474236,28.301554,26.70114,23.70776,20.25576,19.530285,13.365201,13.418629,6.676743,5.6991744,5.447475,0.0,3.7492526,6.615023,8.839477,12.708523,14.145866,18.55515,21.702734,24.34557,28.501123,31.077955,33.29266,36.02895,34.32809,33.703533,29.47555,25.903816,25.728392,19.897947,20.408073,13.960888,14.591962,13.442232,12.23527,16.65589,16.809057,17.670752,19.36003,18.318104,21.723112,18.284637,22.66873,27.774603,27.68482,32.724167,32.20892,36.20852,38.758144,37.510242,32.9168,35.988865,33.71263,29.928911,29.060448,27.18296,25.20495,28.31172,27.214209,25.252779,30.955822,32.016094,35.06756,38.307106,40.40203,40.531815,42.85485,38.08075,35.395664,30.888775,30.904953,26.744564,27.958368,24.302172,26.029127,23.57643,21.474024,22.128448,18.574133,13.361556,13.347321,11.09561,13.67997,17.39042,15.190082,21.85326,23.09818,26.107122,28.961643,32.014656,34.796352,39.22084,34.59774,33.710327,29.380001,30.107584,26.791176,24.946585,21.68725,22.558527,17.197971,18.685682,21.211704,18.76547,17.198095,22.495949,18.549206,22.154285,23.30524
14,35.672047,32.215126,31.018324,26.794844,25.216812,22.59449,18.675137,18.660124,12.502973,12.627786,7.809329,5.153285,8.0938015,3.7492526,0.0,5.492399,6.0571437,10.14865,11.475057,15.741214,19.144354,21.426373,25.91213,28.069386,30.600641,33.043003,31.205553,30.906261,26.491676,23.153578,22.48942,17.012548,17.002157,10.264687,11.313687,9.807968,9.212832,13.608927,13.353184,14.148197,15.801241,14.588632,18.131258,14.882599,19.682608,24.500534,24.750149,29.633942,29.513136,33.46371,35.911587,34.483547,30.11674,32.82223,30.775583,26.762373,25.942104,24.404291,22.651613,26.11883,25.293068,23.19609,29.058146,29.983765,33.330315,36.181625,38.85121,39.107185,41.10613,36.333904,33.389847,29.049803,28.914248,25.047756,26.137707,22.853518,24.52201,22.385115,20.775122,21.412128,18.412134,13.274654,13.380175,10.381485,12.499243,15.711665,13.521958,20.153942,21.16287,24.456564,27.02226,30.385626,32.961452,37.571274,33.400288,32.940586,28.532671,29.776585,26.46744,25.229557,21.365387,22.948023,17.316738,19.527973,22.652466,20.526478,18.627905,23.938206,19.470522,23.331139,23.8527
15,32.634087,29.382597,28.116018,23.482672,22.80604,20.176422,15.885401,17.063261,10.321466,12.483983,7.520026,8.999091,10.595769,6.615023,5.492399,0.0,5.03037,7.1831455,10.203718,13.793468,17.519169,19.494263,24.255053,26.652569,28.618305,31.50329,30.358953,30.422512,26.079266,23.01109,22.080555,17.256662,16.405907,11.617799,9.543213,10.4833145,8.89003,13.407907,14.322312,13.595935,14.890004,16.05468,18.858824,16.490852,20.935207,25.212866,25.36313,30.14446,29.689398,33.986244,36.86001,35.882473,31.991615,34.800396,33.61151,29.42369,29.135279,27.720942,26.602493,30.54782,29.444849,26.982557,32.483982,32.785385,36.06885,38.43197,41.27306,40.918083,42.41394,37.212593,34.760223,30.399311,31.047634,27.414053,29.252512,26.325823,28.540579,26.925455,25.484354,26.53938,23.754555,18.444988,17.903412,14.61161,15.674158,18.744959,14.95582,21.218891,20.958097,24.235298,26.450142,29.691296,32.025227,36.678818,32.648296,31.88335,28.608894,29.380768,26.628572,25.655725,22.397064,24.51983,19.429647,22.336788,25.713266,22.56846,20.294138,24.63836,19.3744,22.643847,22.716036
16,29.868864,26.358826,25.44647,21.116028,19.81829,17.575993,13.135617,14.378682,8.340823,9.697187,8.291259,7.838666,11.720689,8.839477,6.0571437,5.03037,0.0,4.3423715,5.7052116,9.795262,13.368452,15.559602,20.155966,22.418848,24.725466,27.358116,25.859821,25.760883,21.357615,18.22361,17.394608,12.316786,11.943784,7.44601,7.03273,8.104174,8.807914,12.953117,12.567714,11.315248,11.508151,12.067822,14.227949,11.630841,15.907535,20.266594,20.388226,25.197401,24.857967,29.076082,31.86921,30.855026,26.991346,29.847082,28.818363,24.68065,24.68372,23.14467,22.426262,26.71442,25.436258,22.763535,28.108519,28.179863,31.597992,33.671497,36.860638,36.59691,37.886368,32.758488,30.087322,25.86295,26.4016,23.025303,24.876854,22.353792,24.685232,23.604916,22.68894,24.073149,22.177626,16.976702,16.058916,12.242717,12.339076,14.734215,10.88601,16.91459,16.658167,20.152002,22.231945,25.741932,28.002333,32.767212,29.07411,28.836473,25.15261,26.587597,23.730614,23.406725,19.438425,22.238934,17.01595,20.636173,24.649109,21.988104,19.412285,23.793589,18.268261,21.949738,21.379631
17,26.61637,23.132563,22.570164,17.93649,17.442268,15.672758,10.610706,13.686415,8.240574,11.058487,11.190779,12.030989,15.541661,12.708523,10.14865,7.1831455,4.3423715,0.0,4.4750667,6.7375135,10.845286,12.331862,17.406126,19.54822,21.565968,24.362566,23.387419,23.823374,19.446173,16.850681,15.434965,11.640914,9.982914,8.535382,5.231222,8.923392,9.664157,13.022301,13.103792,10.318195,9.520473,12.390404,13.471282,12.157199,15.870613,19.2758,19.51133,23.969402,23.59935,27.989504,31.02731,30.31282,27.089054,29.75592,29.606012,25.353441,25.849749,24.62807,24.567535,29.216946,27.900623,25.002174,29.943289,29.453175,32.891468,34.30206,37.89986,37.252636,37.92494,32.559254,30.174839,26.174986,27.23043,24.362612,26.63701,24.696808,27.285557,26.754255,26.190847,27.776701,26.250246,21.13042,19.996244,16.080498,15.407035,17.179884,12.61387,17.573303,16.008472,19.525965,20.97161,24.52088,26.363062,31.222101,28.058939,27.92102,25.17534,26.576979,24.255165,24.548107,20.840061,24.277979,19.576466,23.737823,28.007547,24.989834,22.17044,25.788979,19.768036,23.00255,21.723375
18,24.789068,21.13478,20.572077,16.549984,14.941309,13.35496,8.776915,10.973835,7.1099706,8.471612,11.595362,11.546899,15.780828,14.145866,11.475057,10.203718,5.7052116,4.4750667,0.0,4.7110972,7.6915417,10.368735,14.482298,17.015728,19.179436,21.931438,20.523422,20.226578,15.964259,12.854872,12.412312,7.456539,7.9454174,7.800762,7.7150455,10.368111,12.551949,15.647054,14.601547,11.975302,9.936047,11.4011755,11.175345,9.205269,11.839749,15.811286,15.510247,20.275362,19.576183,23.953602,27.014801,26.452015,22.988731,26.171185,26.00757,22.081867,22.954336,21.185223,21.4906,26.27241,24.461538,21.379011,25.920092,25.186293,28.547716,29.902102,33.470844,32.804928,33.48076,28.165722,25.714207,21.706398,22.807186,20.038637,22.515892,20.857206,23.690056,23.667614,23.44054,25.464931,24.686493,19.745762,18.094568,14.133482,12.461458,13.551783,8.832176,13.220224,11.770012,15.40215,16.974846,20.655441,22.638933,27.50948,24.346525,24.55789,21.292871,23.178032,20.724257,21.45382,17.312752,21.16344,16.646334,21.226442,25.845608,23.198885,20.248337,23.719288,17.78165,21.256716,19.608381
19,21.558943,17.792257,18.074762,14.019473,13.211934,12.784813,7.928107,12.235199,10.187083,12.125095,15.983097,16.23231,20.4366,18.55515,15.741214,13.793468,9.795262,6.7375135,4.7110972,0.0,4.6381826,5.817004,10.8433275,12.878594,15.026235,17.726076,16.757502,17.261852,12.960638,10.871181,9.319249,7.165456,5.576232,9.891258,8.410546,12.150409,14.553466,16.603266,15.651504,11.937377,8.526492,11.933939,10.067237,10.105785,11.648858,13.878786,13.898845,17.961077,17.489946,21.922012,25.132998,24.8236,22.293932,25.009514,25.925097,21.955805,23.383562,22.143671,23.214579,28.257767,26.59124,23.402065,27.391256,26.067379,29.47316,29.913996,34.10367,33.169476,33.042976,27.637613,25.382114,21.89592,23.37357,21.458704,24.123184,23.29472,26.161755,26.739386,26.985008,29.05901,28.730913,24.047905,22.422379,18.485592,16.39273,16.643099,12.144153,14.625314,11.696876,15.208902,15.673457,19.48953,20.779613,25.766258,23.591633,24.243818,21.946377,24.06384,22.231976,23.77754,19.83723,24.230846,20.298792,25.17501,29.956062,27.27947,24.219193,27.057806,20.954937,23.990044,21.62838
20,18.070625,14.218207,14.555685,11.398647,9.631688,10.062694,6.663618,10.457813,11.232943,12.34857,18.12085,18.564045,22.63111,21.702734,19.144354,17.519169,13.368452,10.845286,7.6915417,4.6381826,0.0,4.823974,6.816727,10.174947,11.679734,14.837679,13.955787,13.427178,9.76944,7.39083,7.898498,6.2404847,7.744747,13.303936,12.995537,16.327623,19.03384,21.064045,19.749842,16.167242,12.313183,14.831142,11.491527,11.527522,10.447356,12.337579,11.19356,15.214807,13.721229,18.310604,21.870518,22.260891,19.920143,23.363153,24.782232,21.460962,23.552887,21.744099,23.435326,28.47819,26.161795,22.810432,25.814562,23.853872,26.894064,26.91513,30.98685,29.60078,29.103546,23.567495,21.751883,18.462673,20.605314,19.191433,22.433472,22.196436,25.440756,26.722538,27.277534,29.855684,30.18865,25.695292,23.522882,19.816437,16.883146,16.38792,11.928158,12.204072,8.159638,11.293407,11.216935,15.0089445,16.151775,21.14438,19.255249,20.251766,18.344051,20.721312,19.320185,21.608685,17.903444,22.72651,19.699493,24.864567,29.815624,27.21735,24.073944,26.104944,20.185335,22.883757,19.908796
21,18.191393,14.339386,16.002792,12.783169,12.586314,13.84668,10.201438,15.063696,15.112521,16.766594,21.617802,21.764772,26.102213,24.34557,21.426373,19.494263,15.559602,12.331862,10.368735,5.817004,4.823974,0.0,6.5501738,7.337109,9.649282,12.041196,11.578214,13.082351,9.119029,9.004603,6.3644543,8.89252,6.7307487,14.129804,12.824908,16.435837,19.151585,20.183794,19.027609,14.908646,10.596678,14.476447,10.688001,12.61126,12.143638,11.79715,12.020428,14.702595,14.492141,18.705872,21.988787,22.105223,20.857729,23.046282,25.288126,21.637094,23.801744,23.006868,24.99238,30.138561,28.505653,25.282547,28.345476,26.317873,29.621782,28.92235,33.75084,32.55051,31.443727,26.145435,24.15803,21.53012,23.349033,22.581532,25.34954,25.553112,28.403599,29.74627,30.56576,32.77397,33.129974,28.834017,27.125597,23.309608,20.703169,20.010447,16.106176,16.394182,12.400426,15.265293,14.234483,17.983446,18.264223,23.187128,22.479542,23.867987,22.542545,25.06245,23.919394,26.390232,22.64086,27.47702,24.26187,29.355984,34.296238,31.80776,28.687887,30.88939,24.898537,27.535307,24.501484
22,13.684718,9.839134,11.904663,10.810272,9.492365,12.162238,11.162518,14.578095,17.391277,18.205751,24.674437,25.126905,29.185534,28.501123,25.91213,24.255053,20.155966,17.406126,14.482298,10.8433275,6.816727,6.5501738,0.0,5.3995566,5.298141,8.868982,8.932212,8.266428,6.5706215,7.03173,8.240613,10.808254,12.036852,19.144932,18.88767,22.205004,25.132463,26.485786,25.012392,21.182425,16.826565,19.47694,14.818456,16.135393,12.986067,12.119301,10.494293,12.421346,10.287959,14.497912,18.330536,19.731268,18.952347,22.164337,25.046114,22.499521,25.417656,23.8337,26.466621,31.431139,28.95793,25.644625,27.263515,24.402954,27.008953,25.654104,30.155842,28.235136,26.474722,21.088282,19.998213,17.94898,20.73794,20.796747,24.227211,25.178322,28.424583,30.579082,31.696815,34.493988,35.567387,31.48935,29.15654,25.69114,22.308386,20.926414,17.299908,15.050238,10.254879,11.660509,9.269497,12.476672,12.061046,16.85106,17.01918,18.997295,18.625376,21.341997,20.995829,24.351788,21.219625,26.302174,24.381752,29.600698,34.594738,32.21093,29.084072,30.192232,24.672049,26.734993,23.077972
23,16.696516,13.191269,16.357203,15.275914,14.800191,17.431728,15.652552,19.537659,21.389566,22.22439,28.166079,27.851677,32.418633,31.077955,28.069386,26.652569,22.418848,19.54822,17.015728,12.878594,10.174947,7.337109,5.3995566,0.0,4.7842116,4.9798927,4.6259403,7.619344,5.5725236,8.869675,6.974505,12.737106,11.931794,19.800852,19.606533,22.544193,25.72579,26.146393,24.474274,20.634293,16.15282,18.880932,13.795029,16.537832,13.745794,10.481539,10.55586,10.496869,10.664094,13.906879,17.02522,17.835169,18.364386,19.960154,23.715128,20.992558,24.01137,23.486498,26.461786,31.41715,29.708893,26.61084,28.255362,25.451942,28.41982,26.31051,31.756107,30.383944,28.117191,23.3367,21.651512,20.416725,22.379478,23.12782,25.77644,27.236423,29.926807,32.18787,33.68655,36.07025,37.361153,33.669067,31.827837,28.311815,25.178612,23.43246,20.597288,18.582088,14.462558,16.096195,13.470383,16.682934,15.625349,20.029915,21.374826,23.858698,23.20376,26.33269,25.824266,29.210182,25.617533,30.669111,28.307589,33.424973,38.437958,36.448692,33.376503,35.001358,29.485716,31.83776,28.317175
24,12.148832,8.946405,12.727388,12.6362095,12.848103,16.151764,15.483174,19.38204,22.223263,23.400156,29.617496,30.18642,34.26686,33.29266,30.600641,28.618305,24.725466,21.565968,19.179436,15.026235,11.679734,9.649282,5.298141,4.7842116,0.0,4.8596587,7.413291,8.676096,8.846124,11.353965,11.227394,15.6572895,15.595749,23.307985,22.456667,25.962685,28.78667,29.550882,28.256016,24.164555,19.731598,23.006931,18.118393,20.361076,17.238878,14.71362,13.779334,13.715961,12.280765,15.408262,18.927732,20.717016,21.384214,23.652946,27.528927,25.213573,28.371073,27.385235,30.376545,35.294533,33.096764,29.893757,31.06008,27.907963,30.356833,28.119553,32.982704,30.879171,28.237751,23.257633,22.61682,21.49847,24.314835,25.1095,28.353928,29.793596,32.864155,35.259323,36.59891,39.30692,40.534203,36.575855,34.35999,30.871912,27.53175,25.994965,22.575237,20.045988,15.3076315,16.109634,12.975527,15.236645,13.556074,17.53541,19.411098,21.699074,22.521526,25.101168,25.339565,28.975578,26.183445,31.26991,29.616026,34.82859,39.815132,37.405563,34.272057,35.0806,29.601738,31.337067,27.46664
25,16.134382,13.415109,17.40194,17.479992,17.479324,20.674362,19.674866,23.439266,25.92915,26.773226,32.945187,32.771072,37.277752,36.02895,33.043003,31.50329,27.358116,24.362566,21.931438,17.726076,14.837679,12.041196,8.868982,4.9798927,4.8596587,0.0,4.3588023,8.12936,8.886434,12.8163185,11.576981,17.493835,16.783047,24.6828,24.350311,27.322685,30.459257,30.59814,28.978115,25.10692,20.675642,23.448229,18.264385,21.233995,17.962034,13.865938,13.836848,11.999801,12.166739,14.129458,16.88813,18.37241,20.243355,21.29045,25.90047,23.801075,27.109516,26.807335,30.141571,34.90974,33.195877,30.213783,31.087704,27.89914,30.491283,27.545973,33.106884,31.461046,28.36491,24.03798,22.939949,22.619581,24.78352,26.271347,28.899397,30.883991,33.50999,36.13545,37.859188,40.31677,41.909653,38.38839,36.473045,33.056515,29.777275,27.78734,25.167454,22.404213,18.22824,19.090809,15.794038,18.132864,16.106785,19.666414,22.45583,25.303997,25.595343,28.684118,28.736336,32.499084,29.288485,34.361122,32.513092,37.625256,42.62626,40.6813,37.616543,38.784107,33.448185,35.46393,31.683205
26,19.169308,16.061996,19.434551,19.216265,18.213114,20.986712,19.714968,22.860971,25.111376,25.327509,31.621897,30.694397,35.50568,34.32809,31.205553,30.358953,25.859821,23.387419,20.523422,16.757502,13.955787,11.578214,8.932212,4.6259403,7.413291,4.3588023,0.0,5.7821336,5.7635627,10.223204,8.852856,15.049301,14.793303,22.349937,23.0688,25.364136,28.891146,29.00259,26.891706,23.464767,19.070415,20.721565,15.313208,18.236065,14.580644,9.877879,10.190735,7.811493,9.149693,10.986793,13.481881,14.375745,16.147213,17.000168,21.554228,19.505693,22.889706,22.645014,26.098915,30.773808,29.210716,26.340506,27.197401,24.145903,26.98358,24.066095,29.995197,28.886894,26.095648,21.983068,20.103716,19.857752,21.392025,23.05132,25.23989,27.423824,29.774103,32.48411,34.413944,36.745415,38.61226,35.444664,33.687717,30.423567,27.159668,24.812069,22.930418,20.027468,16.541548,17.669983,14.686666,17.563662,16.031746,19.880354,22.226551,25.351103,24.413635,28.0196,27.550127,31.225594,27.487652,32.468956,30.364431,35.31871,40.28774,38.819183,35.86139,37.483994,32.36101,34.787804,31.250008
27,18.029686,15.021509,17.489092,18.198748,15.851456,18.57213,18.541449,20.206228,23.694715,23.129135,30.281721,29.462471,33.990894,33.703533,30.906261,30.422512,25.760883,23.823374,20.226578,17.261852,13.427178,13.082351,8.266428,7.619344,8.676096,8.12936,5.7821336,0.0,4.9518237,7.8699265,10.119376,13.962313,16.202679,22.986544,24.528948,26.673813,30.31685,31.198006,28.869408,25.727316,21.363495,22.088314,16.684101,18.23255,13.130138,10.048024,7.944689,6.470946,4.185245,6.7563367,10.443599,12.625341,13.375916,16.331491,20.267815,19.088358,22.722027,21.21112,24.743053,29.217943,26.737349,23.768589,23.743061,20.237494,22.516273,19.69079,25.020933,23.452652,20.712057,16.303944,14.827516,14.679759,16.890848,18.81116,21.553577,23.955437,26.682255,29.783373,31.722218,34.53224,36.752766,33.668556,31.424742,28.492008,24.794222,22.147749,20.529827,16.258104,13.027239,13.204043,9.946128,12.447909,11.013064,14.835387,17.051432,20.518896,19.314352,23.154179,22.838251,26.802584,23.35627,28.257994,26.9349,31.792042,36.68283,35.38859,32.52489,33.611027,29.016903,31.241657,27.635237
28,19.408785,15.815298,17.99051,17.263325,15.069788,17.163925,15.835597,18.100023,20.36308,20.00677,26.588541,25.463886,30.241348,29.47555,26.491676,26.079266,21.357615,19.446173,15.964259,12.960638,9.76944,9.119029,6.5706215,5.5725236,8.846124,8.886434,5.7635627,4.9518237,0.0,4.509355,5.1900806,9.724476,11.298894,18.173086,19.751451,21.768373,25.449636,26.2635,23.92129,20.805271,16.47767,17.223135,11.840989,13.627184,9.278886,6.265566,5.100912,6.007474,5.92136,9.6769,12.889886,13.481058,13.054833,15.628164,18.862747,16.55151,19.79888,18.596384,21.763256,26.583698,24.533215,21.450329,22.730083,19.880194,22.910223,21.00222,26.500156,25.504473,23.68015,19.024637,16.64882,15.353051,16.901142,17.845106,20.31995,22.07566,24.697124,27.259476,28.998325,31.517595,33.30692,30.024637,28.082087,24.88652,21.493689,19.13599,17.28192,14.3576355,11.180059,12.773114,10.535628,14.201684,13.820284,18.35831,19.120478,21.985897,19.874063,23.652498,22.634155,26.051416,21.99027,26.922867,24.643692,29.569578,34.5357,33.15347,30.237228,32.092327,27.08036,29.778164,26.492996
29,19.904818,16.1922,17.217348,16.108335,12.9714155,14.266824,13.043893,14.276509,16.658533,15.775518,22.679792,21.595665,26.2048,25.903816,23.153578,23.01109,18.22361,16.850681,12.854872,10.871181,7.39083,9.004603,7.03173,8.869675,11.353965,12.8163185,10.223204,7.8699265,4.509355,0.0,5.896158,6.2092314,10.187444,15.837494,17.971972,19.835638,23.457949,24.981407,22.618032,19.791988,15.7471,15.854505,11.058669,11.26044,6.462306,7.07813,4.21077,8.491398,6.7500057,11.215885,14.625564,15.118953,12.857768,16.811274,18.68419,16.281916,19.17329,17.010798,19.690031,24.55369,21.96245,18.675394,20.378712,17.788109,20.821005,20.01207,24.769876,23.73369,22.822163,17.745405,15.248145,12.771501,14.530538,14.475657,17.431774,18.56197,21.573322,23.911385,25.346043,28.107918,29.716867,26.207605,23.991364,20.839293,17.275751,15.055834,12.92008,9.976987,6.9575815,9.1655,8.100145,12.272669,13.065235,17.889381,17.110657,19.51812,16.480919,20.237858,18.752722,21.882708,17.61739,22.532175,20.146294,25.107388,30.087841,28.644434,25.734434,27.695196,22.744982,25.61893,22.55101
30,21.837673,17.983168,19.873032,17.757856,16.115147,17.42157,14.560216,17.611355,18.085138,18.174448,23.663673,22.198196,27.22679,25.728392,22.48942,22.080555,17.394608,15.434965,12.412312,9.319249,7.898498,6.3644543,8.240613,6.974505,11.227394,11.576981,8.852856,10.119376,5.1900806,5.896158,0.0,7.0871387,6.313088,13.538277,14.940282,16.820908,20.517723,21.110859,18.80524,15.639419,11.336675,12.389825,7.1114616,9.662316,7.6116543,5.46761,6.769303,9.181532,10.537722,14.192387,16.842094,16.216719,15.025875,16.718697,19.082138,15.556727,18.068874,17.506187,20.040552,25.1177,23.749191,20.69049,23.401112,21.380058,24.98863,23.907143,29.418499,28.93604,27.814327,23.11615,20.210016,18.14816,18.984446,18.93202,20.922886,21.87263,24.22104,26.0383,27.488714,29.552902,30.741003,27.24815,25.776546,22.284458,19.465557,17.66,15.541226,14.715435,11.970972,14.776235,13.642137,17.743755,18.005205,22.828184,22.625275,24.877693,22.204216,25.709566,24.111244,26.838892,22.33115,27.10179,23.799452,28.658976,33.60028,32.10414,29.181696,31.856468,26.464336,29.584929,26.728481
31,23.44446,19.595436,19.850107,17.285845,14.42664,14.210786,11.333997,12.495945,12.443477,11.516611,17.357534,15.744546,20.638468,19.897947,17.012548,17.256662,12.316786,11.640914,7.456539,7.165456,6.2404847,8.89252,10.808254,12.737106,15.6572895,17.493835,15.049301,13.962313,9.724476,6.2092314,7.0871387,0.0,6.5743566,9.988894,12.777181,14.164746,17.738453,19.739908,17.399796,15.003065,11.628672,11.066588,7.8056035,6.2060847,4.8028164,9.01672,8.141813,13.146408,12.629528,16.76563,19.635511,19.065697,15.660282,19.156273,19.486279,16.05294,17.831934,15.710373,17.20923,22.242737,20.071402,16.775124,20.315556,18.919935,22.43392,23.012547,27.303461,26.855555,27.059858,22.042065,19.076925,15.6037655,16.428654,14.691298,17.120996,16.809002,19.659023,20.90897,21.760986,24.16195,24.95045,21.002014,19.111324,15.585757,12.57087,11.248573,8.470782,9.109343,7.685192,11.340334,12.220029,16.37379,18.046804,22.931698,20.739449,22.187103,18.207449,21.431032,19.041313,20.994717,16.146387,20.652493,16.88272,21.722836,26.654303,25.0839,22.19628,25.268093,20.001202,23.514818,21.216473
32,24.697403,20.794842,21.93089,18.477745,17.364422,17.501253,13.17687,16.68908,14.779078,15.558891,19.250967,17.70795,22.744198,20.408073,17.002157,16.405907,11.943784,9.982914,7.9454174,5.576232,7.744747,6.7307487,12.036852,11.931794,15.595749,16.783047,14.793303,16.202679,11.298894,10.187444,6.313088,6.5743566,0.0,7.988345,8.679807,10.709816,14.234404,15.072069,13.079635,9.70311,5.563363,7.757626,4.7582564,6.73803,9.128521,10.064563,11.63157,15.065935,16.230024,20.08973,22.624607,21.457518,19.296223,20.820427,21.836685,17.469961,18.785742,18.470224,19.792704,24.89958,24.0357,21.068233,25.250076,24.146997,28.017223,28.044027,33.06095,32.84381,32.551292,27.663025,24.601597,21.669928,22.160503,20.831808,22.554972,22.27222,24.459148,25.1941,25.991524,27.597874,27.765816,23.80056,22.797068,18.99192,17.074392,16.441833,13.679186,15.663481,13.596077,17.189537,17.252254,21.434277,22.40057,27.405836,26.008558,27.421757,24.347582,27.267109,25.14105,26.917953,22.267899,26.61908,22.324932,26.954458,31.720713,29.907537,27.030933,30.487165,24.781755,28.226645,25.998299
33,31.240116,27.39834,27.57856,23.705902,22.115606,20.925581,16.433435,18.242054,14.027671,14.050208,14.95063,11.679277,16.972067,13.960888,10.264687,11.617799,7.44601,8.535382,7.800762,9.891258,13.303936,14.129804,19.144932,19.800852,23.307985,24.6828,22.349937,22.986544,18.173086,15.837494,13.538277,9.988894,7.988345,0.0,6.4768715,4.6010284,8.596449,10.578854,8.032984,7.355906,7.234201,4.694886,8.04164,5.9452553,11.873402,15.268713,16.654871,20.816704,21.942915,25.588518,27.693754,25.838312,22.37861,23.968456,22.968174,18.375118,18.118904,17.653078,17.202433,21.772247,21.51677,19.022213,24.635952,24.865433,28.866653,30.31477,34.58184,35.071335,35.989235,31.373058,27.847988,24.285261,23.819399,21.251581,22.066301,20.395063,21.933878,21.259098,21.316048,22.162018,21.287346,17.238806,17.144554,13.448857,13.186531,13.807175,12.11687,16.840313,16.902132,20.65609,22.069887,26.121368,27.927666,32.843136,30.206457,31.02223,26.693342,29.28339,26.290056,26.792053,21.853445,25.09927,19.725454,23.382454,27.594917,26.199554,23.752148,28.473219,23.301153,27.316566,26.285196
34,29.32537,25.688879,25.94324,21.360916,21.159117,20.012585,14.797761,18.341988,13.323178,15.433737,15.162018,14.308276,18.465162,14.591962,11.313687,9.543213,7.03273,5.231222,7.7150455,8.410546,12.995537,12.824908,18.88767,19.606533,22.456667,24.350311,23.0688,24.528948,19.751451,17.971972,14.940282,12.777181,8.679807,6.4768715,0.0,5.062064,6.3869686,8.411154,8.418326,5.123521,5.488742,9.061465,11.3054085,11.165416,16.09806,18.467981,19.837938,23.684307,24.486269,28.538288,31.120861,29.765821,27.000546,28.49855,28.443373,23.749617,23.866474,23.707312,23.59626,28.22957,27.866941,25.219643,30.536022,30.296108,34.145756,35.20536,39.51519,39.38178,39.832756,34.751675,31.823652,28.21431,28.61429,26.154066,27.692856,26.0695,28.036514,27.400377,27.16661,28.121794,26.653486,22.085306,21.790266,17.93249,17.707726,18.961596,15.581549,20.3179,18.936636,22.665707,23.66472,27.566921,29.05746,34.053894,31.566624,31.954384,28.927296,30.86705,28.425842,28.949448,24.732038,28.208822,23.13593,27.080069,31.280521,28.873539,26.218334,30.346394,24.5285,27.992472,26.724901
35,33.635162,29.882782,30.123302,25.78917,24.94783,23.634253,18.707779,21.168568,15.977102,16.911476,15.8403425,13.085277,17.659723,13.442232,9.807968,10.4833145,8.104174,8.923392,10.368111,12.150409,16.327623,16.435837,22.205004,22.544193,25.962685,27.322685,25.364136,26.673813,21.768373,19.835638,16.820908,14.164746,10.709816,4.6010284,5.062064,0.0,4.3199654,6.109524,4.5068274,4.6581626,7.2907915,6.787018,11.23331,10.333091,16.311464,19.0401,20.817724,24.651855,26.035805,29.70822,31.786928,29.79944,26.66459,27.678377,26.751968,21.954594,21.285717,21.510042,20.70852,24.937134,25.282925,23.057276,28.907818,29.34154,33.38008,34.834938,39.14958,39.66542,40.554134,35.877777,32.411522,28.851519,28.411303,25.789007,26.472248,24.591837,25.875233,24.716007,24.452332,24.761189,23.111984,19.081987,19.610146,16.08997,16.695002,17.923101,16.004944,21.185284,20.950146,24.730194,26.058218,30.081665,31.78491,36.7574,34.125095,34.698494,30.739325,32.99787,30.079502,30.278725,25.620663,28.607933,23.074242,26.393196,30.275072,28.626425,26.307093,31.189486,25.932278,29.809381,29.034597
