,0,1,2,3,4,5,6,7,8,9,10,11,12,13,14,15,16,17,18,19,20,21,22,23,24,25,26,27,28,29,30,31,32,33,34,35,36,37,38,39,40,41,42,43,44,45,46,47,48,49,50,51,52,53,54,55,56,57,58,59,60,61,62,63,64,65,66,67,68,69,70,71,72,73,74,75,76,77,78,79,80,81,82,83,84,85,86,87,88,89,90,91,92,93,94,95,96,97,98,99,100,101,102,103,104,105,106,107,108
0,0.0,4.1674695,5.7328296,9.097243,11.788063,12.845887,16.941782,19.486021,22.316944,25.494732,28.39678,31.335594,33.639194,36.13833,35.61976,29.414078,30.508757,26.092564,30.305756,24.705894,26.779531,26.208427,30.23173,25.792814,22.47858,24.660065,23.134039,27.236847,27.702164,31.768618,31.333864,37.717937,40.271008,42.562542,37.54028,34.169018,37.09991,38.73331,33.518215,32.091213,36.76567,33.87818,29.811016,32.051006,35.668278,30.39749,26.986671,32.23224,33.894444,37.88923,36.08327,30.53592,36.105263,38.08577,33.932816,31.292421,31.012327,31.353561,35.533817,37.958458,35.245953,38.212505,41.995518,44.454628,42.016865,39.26367,42.05262,40.151325,35.424812,36.817368,32.309948,31.027609,26.626596,26.24232,22.936848,24.659452,20.81152,18.877808,16.71273,17.100592,13.694076,13.26667,11.633055,15.692894,17.345236,13.667201,17.735987,20.591421,18.429873,17.606684,21.238197,25.02608,26.975828,29.622883,31.681246,31.074537,32.437992,28.207144,33.16379,27.754507,30.477419,31.75427,27.576769,26.034533,21.709095,21.415443,16.054407,16.750996,12.635184
1,4.1674695,0.0,5.385933,6.209085,9.107516,11.423653,15.029561,16.853512,20.265642,22.853159,26.02525,28.772514,31.358202,34.185574,34.079475,28.018055,29.689154,25.451162,30.354164,25.114046,27.789787,27.575184,31.953808,27.301178,23.823082,25.65977,23.241035,27.232782,27.000366,31.236485,29.863777,36.508934,38.47598,40.913704,35.899277,32.788914,36.064102,37.844765,32.721397,31.430807,36.446854,33.60191,29.567759,32.23635,35.950035,30.759354,27.51187,33.179184,34.997375,38.798096,36.57233,31.695648,37.09198,38.665695,34.352104,31.299572,30.835238,30.713097,35.19045,37.836277,34.504265,37.28308,41.105633,43.692158,41.09917,38.004463,40.479843,38.25315,33.859905,35.31598,30.490168,29.732,25.258286,25.255434,22.252567,24.37367,20.479221,18.74222,17.57237,17.878965,15.118453,15.642356,12.882303,16.330769,18.725735,14.95294,17.467741,21.306444,19.736855,18.50388,21.77923,25.158049,27.80826,30.06935,31.837662,30.904947,31.80182,27.29256,31.857914,26.123014,28.269041,29.229237,24.881042,23.75783,18.901854,19.703558,14.450698,15.630492,12.088228
2,5.7328296,5.385933,0.0,5.3105984,6.820712,7.7459774,11.506908,14.146265,16.661026,20.095078,22.890865,25.839203,28.04562,30.477627,30.07985,23.793003,25.034594,20.680607,25.287792,19.946306,22.484016,22.421877,26.770845,21.978575,18.476837,20.287077,17.98367,22.023264,22.143402,26.282284,25.62038,32.02821,34.543922,36.878696,31.926268,28.504034,31.470638,33.27934,28.098936,26.603352,31.465906,28.861687,24.67343,27.051027,30.86616,25.958384,22.427084,27.920345,29.949032,33.68508,31.737173,26.886913,32.505875,34.077972,30.035244,27.275383,26.402142,26.801369,31.360151,33.419903,30.202013,33.498135,37.224945,39.5553,36.809597,33.987755,36.96659,35.01346,30.29425,32.134445,27.587723,26.707323,21.84688,22.293072,18.568968,21.180061,17.608767,14.968698,14.408265,13.390266,10.737049,11.281017,7.7686844,11.076204,13.422453,9.945127,12.425275,16.03521,14.785715,14.053266,17.49883,20.500526,23.334234,25.426805,27.10306,26.55497,27.369867,23.194454,27.946161,22.399788,25.198595,26.492727,22.453232,20.783401,16.722754,15.865922,10.590785,11.037418,7.077451
3,9.097243,6.209085,5.3105984,0.0,3.789488,6.04232,9.101093,11.44591,14.815163,17.434792,20.809652,23.204805,25.962685,28.904491,29.397234,23.233057,25.329311,21.351057,26.809715,22.118607,25.155636,25.697203,30.164814,24.933384,21.359526,22.518303,19.21962,23.005476,22.04058,26.437693,24.274086,31.198362,32.783634,35.062904,29.961582,27.096142,30.638697,32.28003,27.259945,26.249773,31.440277,28.479279,24.597721,27.779003,31.402449,26.315851,23.390259,29.508383,31.375868,34.88348,32.164406,28.211279,33.305355,34.35748,29.991117,26.61277,25.83994,25.375471,30.138268,32.804935,28.96234,31.656836,35.46413,38.086193,35.39252,32.106625,34.441696,32.108047,27.83649,29.439062,24.498108,24.133821,19.46467,20.059233,17.106758,19.889637,16.25645,14.376459,14.945736,14.57579,13.065001,15.00548,11.049658,13.127446,16.536161,13.978474,13.98753,18.693874,18.515306,17.672998,20.595451,22.73246,26.48662,27.95813,29.121252,28.35455,28.300695,23.963528,27.97273,21.929756,23.818876,24.505278,20.254683,19.335703,14.387283,15.139763,10.445089,10.908802,8.71214
4,11.788063,9.107516,6.820712,3.789488,0.0,5.4515805,6.714254,7.862317,11.290341,13.901914,17.14767,19.748951,22.377405,25.293373,25.699528,19.643156,21.92825,18.091217,23.852787,19.546152,23.032154,23.774456,28.480837,23.462828,19.929907,20.859976,16.911829,20.448015,19.16037,23.499018,21.128273,27.929462,29.480764,32.02503,27.133825,24.137754,27.652048,29.732035,24.809837,23.55656,28.938734,26.592876,22.546774,25.610083,29.520552,25.088146,21.954306,27.942286,30.262438,33.471138,30.884062,27.539627,32.701057,33.447548,29.354204,26.03474,24.589409,24.297045,29.381966,31.511173,27.154922,30.295916,33.988277,36.40025,33.292923,29.950981,32.54815,30.097464,25.923494,28.130985,23.148113,23.367907,18.219503,19.846706,16.535038,20.143908,16.970535,14.485046,16.288126,14.66759,13.785677,15.764735,11.137367,12.183297,15.599392,12.91906,11.369456,16.598637,16.914738,15.828544,18.254906,19.869818,24.066635,25.169355,26.100756,25.17372,24.850706,20.456074,24.277205,18.18646,20.038172,20.794724,16.58899,15.557156,10.765543,11.447451,6.9732127,8.003315,6.754753
5,12.845887,11.423653,7.7459774,6.04232,5.4515805,0.0,4.6040344,9.79687,11.47877,15.220486,18.22281,20.401356,22.843859,25.36074,26.006783,19.514357,21.277208,17.40298,22.615423,18.208344,20.923544,22.086594,26.202982,20.429108,16.929869,17.509237,14.102312,17.815977,16.835955,21.274368,19.481262,26.417662,28.412918,30.254278,25.002872,22.020151,25.416693,26.6553,21.552908,20.713318,25.714895,22.480844,18.66405,22.031912,25.457745,20.326082,17.550688,23.868784,25.64213,29.031338,26.167887,22.580656,27.56571,28.441412,24.182875,20.889069,19.849232,19.647404,24.490026,26.837034,23.11629,26.08513,29.849136,32.337116,29.679888,26.626614,29.318398,27.349867,22.660587,24.437052,19.84968,19.180908,14.183499,15.162112,11.517154,14.919004,11.796101,9.04799,11.230403,9.561849,9.424302,12.401481,8.143919,8.449538,12.538753,12.153209,10.47207,14.943133,16.064417,16.293592,19.076687,20.03686,24.291935,25.195404,25.924368,25.82597,25.160954,21.516783,25.305273,19.463118,21.886608,22.709871,19.036966,17.721432,13.947913,12.523213,8.907597,6.869179,6.3082123
6,16.941782,15.029561,11.506908,9.101093,6.714254,4.6040344,0.0,6.279796,7.276794,10.938359,13.927836,15.8649,18.372261,21.010551,22.106962,15.783537,18.120338,14.760913,20.536777,17.088394,20.34367,22.025122,26.268215,20.659435,17.358738,17.270615,12.747608,15.811301,13.786609,18.26081,15.39974,22.520866,24.060415,26.065668,20.908365,18.054968,21.732225,23.299938,18.400585,17.600758,22.94472,20.232693,16.465975,20.119818,23.687399,19.361013,16.789042,23.08757,25.243793,28.095703,25.030447,22.744766,27.400822,27.63097,23.636992,20.197855,18.354223,17.924147,23.197037,25.131584,20.495161,23.706495,27.344646,29.706676,26.60436,23.272903,25.995916,23.750927,19.334986,21.764,16.999125,17.344917,11.85799,14.4219675,10.899519,15.336335,13.1185255,10.32871,14.278688,11.685997,12.747392,15.793418,11.332451,9.986908,13.99345,13.984595,9.774261,14.7915945,16.933403,17.002903,18.96751,18.81265,23.811129,23.976986,24.143702,23.922245,22.450205,18.953468,22.003271,16.07066,18.05502,18.63474,15.227736,14.139092,10.854369,9.378658,7.632483,5.2443404,7.6510234
7,19.486021,16.853512,14.146265,11.44591,7.862317,9.79687,6.279796,0.0,4.5916953,6.042555,9.407292,11.924481,14.622427,17.793337,18.835674,13.321895,16.639585,13.882166,20.359137,17.80394,22.005415,23.525259,28.29669,23.65737,20.53537,20.490284,15.217201,17.51191,14.774563,18.79521,14.860236,21.521484,22.289766,25.258484,20.82925,18.071316,21.807022,24.577192,20.238173,18.929031,24.613558,23.394192,19.562742,22.711428,26.772501,23.791775,20.966389,26.614573,29.496794,31.840929,29.132996,27.679184,32.34005,32.171974,28.623726,25.292717,22.71216,22.269281,27.748234,29.053997,23.517324,27.043154,30.381199,32.450855,28.646015,25.030336,27.707773,24.895075,21.380907,24.635763,19.699875,21.427608,15.96781,19.588951,16.504154,21.202627,19.236752,16.550106,20.464142,17.54224,18.229494,20.586937,15.736873,14.540498,17.797094,16.179743,11.00995,16.54134,18.460104,17.349592,18.277803,17.854504,23.182274,22.97943,22.92821,21.77005,20.054268,15.933845,18.335304,12.073635,12.96072,13.308291,9.365186,8.770195,4.6465244,6.185315,6.2836304,7.3280244,10.043532
8,22.316944,20.265642,16.661026,14.815163,11.290341,11.47877,7.276794,4.5916953,0.0,4.9846635,6.888148,9.5572195,11.521007,14.132364,15.117552,9.211517,12.516429,10.1909275,16.620348,14.9165945,19.051754,21.052637,25.542864,21.03655,18.278128,17.66667,12.085434,13.644749,10.442442,14.311154,10.430993,17.03362,18.310404,21.239864,16.921467,13.759829,17.296638,20.31563,16.070923,14.524644,20.217613,19.604776,15.774375,18.695028,22.82221,20.67084,17.887915,23.109528,26.245361,28.190187,25.680628,24.974398,29.459627,29.004293,25.931744,22.957098,19.716248,19.738264,25.228533,25.727608,20.014648,24.142433,27.23961,28.94894,24.829975,21.451347,24.711308,22.185984,18.492556,22.38619,17.991522,19.875362,14.266372,18.686636,15.299372,20.360876,19.176779,16.09974,20.725384,16.926008,18.359785,20.715853,16.140705,13.765524,16.607204,16.19121,9.684259,14.505782,17.421759,16.919264,17.31485,15.601862,21.303938,20.426659,19.85151,19.15692,16.726612,13.362447,15.30543,9.372949,10.977408,11.691318,8.978901,7.5957737,6.9758177,4.2443905,7.4637766,6.8287606,10.938586
9,25.494732,22.853159,20.095078,17.434792,13.901914,15.220486,10.938359,6.042555,4.9846635,0.0,3.9655428,5.9794326,8.87922,12.469204,14.470459,10.304433,14.531706,13.41166,19.736824,18.969639,23.311363,25.29761,29.839684,25.718254,23.1001,22.382656,16.745043,17.681099,13.91076,17.074705,11.6186075,17.592775,17.261742,20.672318,16.964716,14.747003,18.523144,21.86748,18.444965,17.23917,22.794964,22.676096,19.390314,22.37292,26.278708,24.652958,22.317118,27.329062,30.477066,32.044125,29.323984,29.399647,33.46709,32.59127,29.601137,26.417606,23.150425,22.570967,28.012972,28.617643,22.33817,25.952066,28.820562,30.521988,26.217613,22.469294,25.048498,21.968,19.396019,23.409286,18.88426,21.800257,16.728523,21.431725,18.890192,23.832531,22.746353,20.224205,24.95841,21.606129,23.016233,25.460049,20.761272,18.67438,21.544306,20.616106,14.290208,19.080795,21.799833,20.77259,20.670443,18.794455,24.508692,23.288935,22.389788,21.101656,18.15017,14.777297,15.23667,9.589907,8.661595,8.1253195,5.2912006,5.998441,5.7564096,7.3417068,10.909305,11.5192375,15.185337
10,28.39678,26.02525,22.890865,20.809652,17.14767,18.22281,13.927836,9.407292,6.888148,3.9655428,0.0,4.135047,5.487849,8.79758,10.629141,7.510206,11.9576,11.948229,17.769953,18.130001,22.47429,24.58264,28.95224,25.471638,23.263336,22.30002,16.728489,16.794027,12.936515,15.220223,9.94315,14.695511,14.417492,18.344934,15.464204,13.08747,16.293238,20.356283,17.506735,15.917798,21.191618,22.236248,19.08778,21.41263,25.404957,24.905499,22.529745,26.765657,30.27099,31.373047,29.094677,29.807894,33.75588,32.649574,30.21885,27.44858,23.65179,23.51905,28.829132,28.586021,22.196598,26.293287,28.780333,30.009943,25.298235,21.848633,24.856997,21.967485,19.70075,24.284388,20.356182,23.490168,18.53503,23.637243,20.938906,25.997446,25.32914,22.536074,27.457697,23.555098,25.155582,27.33224,22.787481,20.261423,22.56432,21.86826,15.155105,19.162474,22.18366,21.206608,20.39911,17.65619,23.372353,21.556803,20.19148,18.861988,15.310362,12.592221,11.8998,7.117123,5.5311384,5.2027965,4.724066,4.933726,8.2360525,8.048522,12.867401,13.410046,17.277756
11,31.335594,28.772514,25.839203,23.204805,19.748951,20.401356,15.8649,11.924481,9.5572195,5.9794326,4.135047,0.0,3.8859487,7.913272,11.718352,9.984233,14.328895,15.038359,20.425045,21.325619,25.370956,27.783934,31.839462,28.134556,26.052717,24.715055,19.20538,18.873642,14.505465,16.408186,9.77496,14.197979,12.235567,15.92962,13.270376,12.111516,15.662331,19.254784,17.14269,16.338425,21.26101,22.12197,19.718718,22.45361,25.858482,25.536856,23.902758,28.156046,31.316395,32.082806,29.336868,30.91893,34.21689,32.657013,30.28608,27.360582,23.646482,22.939547,28.037214,27.947578,21.250069,24.716057,26.964975,28.225374,23.583496,19.870777,22.22409,19.057035,17.679691,22.235945,18.551605,22.347252,18.083332,23.362997,21.450762,26.303286,26.054073,23.786713,29.051098,25.492828,27.508018,30.075924,25.631735,22.906923,25.478321,25.376919,18.547178,22.451391,25.795319,25.089819,24.375143,21.361917,27.112474,25.027807,23.33344,22.262178,18.183428,16.205126,14.533756,10.829287,8.315069,6.556872,7.448909,8.871281,11.280321,11.80186,16.360659,16.356585,20.45087
12,33.639194,31.358202,28.04562,25.962685,22.377405,22.843859,18.372261,14.622427,11.521007,8.87922,5.487849,3.8859487,0.0,4.1088576,8.246424,8.352401,12.300494,14.102591,18.630922,20.55225,24.435751,26.914246,30.711384,27.649094,25.978325,24.461304,19.20337,18.11376,13.940194,14.816179,8.960427,11.435758,9.627792,13.962557,12.430918,11.044269,13.666961,17.988998,16.518408,15.304549,19.734558,21.786325,19.529207,21.49538,24.929863,25.695532,23.992004,27.413595,30.880737,31.21455,28.99507,31.066181,34.27632,32.573494,30.77649,28.326141,24.176477,24.018486,28.910454,27.95053,21.363653,25.346157,27.198877,27.932407,22.937782,19.709341,22.610703,19.84483,18.618553,23.600626,20.58535,24.284262,20.093918,25.548735,23.368114,28.274475,28.325083,25.75503,31.072367,27.02802,29.141607,31.425432,27.159595,24.11992,26.154232,26.265972,19.297792,22.423206,25.953854,25.353706,24.105576,20.424011,25.993729,23.414764,21.312176,20.340235,15.791516,14.748017,11.97275,9.872094,7.4095616,6.239296,9.001686,9.631963,13.645212,12.889613,18.019121,17.950806,22.10243
13,36.13833,34.185574,30.477627,28.904491,25.293373,25.36074,21.010551,17.793337,14.132364,12.469204,8.79758,7.913272,4.1088576,0.0,5.470761,8.070225,10.84782,13.844878,17.044079,20.08778,23.555937,26.150543,29.491491,27.061918,25.89302,24.127947,19.34647,17.4255,13.639825,13.231083,8.805628,8.410495,7.180874,11.919331,11.719217,10.185998,11.441429,16.352242,15.695336,14.183705,17.790865,21.047384,19.11288,20.232388,23.512499,25.43451,23.8119,26.26919,29.932724,29.761705,28.086596,30.738678,33.72267,31.854895,30.700993,28.790857,24.288393,24.678274,29.2322,27.374344,21.081366,25.49332,26.897251,27.060255,21.811846,19.228462,22.673075,20.461967,19.331686,24.586845,22.333025,25.823713,21.844406,27.353933,25.007471,29.845377,30.267954,27.493439,32.837498,28.401983,30.67997,32.72478,28.761988,25.390095,26.88383,27.447432,20.490974,22.664423,26.422655,26.107138,24.445488,20.09175,25.345211,22.253395,19.688763,19.092361,14.06756,14.40394,10.643583,10.665085,9.148906,8.913655,12.28425,12.151102,16.917086,14.930951,20.281866,19.914116,24.077774
14,35.61976,34.079475,30.07985,29.397234,25.699528,26.006783,22.106962,18.835674,15.117552,14.470459,10.629141,11.718352,8.246424,5.470761,0.0,6.6402197,7.7523174,11.413774,13.447662,17.139557,20.58682,22.799566,26.141754,24.759092,23.9179,22.46298,18.160114,15.996358,13.40036,12.301939,10.992389,9.332139,11.134134,15.573573,15.593241,12.845712,12.819828,18.369219,17.32878,14.732173,18.03624,22.27375,19.732351,19.654272,23.523592,26.025272,23.617561,25.233244,29.467709,29.328909,28.657621,30.64777,34.212486,32.780537,31.968573,30.545488,25.826893,27.068714,31.62983,29.166079,23.464954,28.62937,30.060146,29.922548,24.58656,22.622551,26.805763,25.008347,23.141603,28.46144,26.200253,29.068956,24.580551,29.912487,26.799118,31.742754,31.9295,28.58513,33.50566,28.556269,30.432432,31.815792,28.039812,24.763618,25.457806,25.592865,19.094942,20.362679,23.773388,23.298586,20.999008,16.30477,21.024511,17.644197,14.92112,14.134678,9.040491,10.349749,5.7850213,8.4697275,8.62439,10.076724,13.240819,11.908245,17.51062,14.389371,19.671122,19.716328,23.405922
15,29.414078,28.018055,23.793003,23.233057,19.643156,19.514357,15.783537,13.321895,9.211517,10.304433,7.510206,9.984233,8.352401,8.070225,6.6402197,0.0,4.463693,5.896934,10.54669,12.31689,16.25812,18.614466,22.503115,19.869211,18.407585,17.123247,12.184184,10.950533,8.00147,8.930568,7.4379845,10.155357,13.076147,16.793177,14.49289,10.57458,11.980999,16.86692,14.018685,11.14209,15.902223,18.532244,15.082083,15.820643,20.24396,21.199184,18.31391,21.126486,25.23295,25.959976,24.813334,25.649681,29.803663,28.861029,27.323473,25.559431,21.10203,22.382019,27.33529,25.627127,19.989899,25.318756,27.447945,27.93976,22.936071,20.568018,24.964268,23.10506,20.008478,25.036037,22.144897,24.371288,19.31002,24.37526,20.822983,25.85316,25.704617,22.1877,26.966358,22.046515,23.848194,25.375828,21.510284,18.230808,19.275259,19.58067,12.778585,14.7041025,18.354427,18.148556,16.678793,12.449689,18.036247,15.476945,13.54779,13.16621,8.98411,8.05575,7.678075,5.202681,8.066578,10.034258,10.879314,8.569836,13.115744,8.496952,13.669659,13.174368,17.001701
16,30.508757,29.689154,25.034594,25.329311,21.92825,21.277208,18.120338,16.639585,12.516429,14.531706,11.9576,14.328895,12.300494,10.84782,7.7523174,4.463693,0.0,4.5049057,6.354092,9.629688,12.950069,15.383399,18.809416,17.01822,16.226606,14.824821,10.920981,8.694997,7.5371113,6.7985916,9.374299,9.935438,14.661474,17.857906,16.069061,11.750042,11.590026,16.531372,13.8689785,10.299047,14.0886965,17.74078,14.251465,13.542457,18.168232,20.10807,16.906218,18.447973,22.942167,23.430527,23.219864,23.965694,28.23839,27.503542,26.585293,25.534513,20.884327,23.018364,27.571363,25.02102,20.196407,26.036997,27.913177,27.957865,22.987394,21.419115,26.410418,25.170242,21.733116,26.7341,24.436682,26.056652,21.13099,25.88687,21.974165,26.764101,26.850597,23.038496,27.474274,22.136322,23.909088,24.91337,21.644812,18.144424,18.215542,19.099155,12.944182,13.040976,16.843323,17.182154,15.323693,10.272651,15.30545,12.23936,9.883372,10.525354,6.3108644,7.5190415,7.8477917,7.9187083,11.711938,14.059158,15.012493,12.301459,16.725384,11.113468,15.558199,14.655861,18.006311
17,26.092564,25.451162,20.680607,21.351057,18.091217,17.40298,14.760913,13.882166,10.1909275,13.41166,11.948229,15.038359,14.102591,13.844878,11.413774,5.896934,4.5049057,0.0,6.531428,6.4639077,10.689828,12.862602,17.063215,14.40894,12.902433,12.076325,7.630487,7.083941,6.738425,8.282962,10.602979,13.504405,17.909443,20.889938,18.033815,13.49698,14.293892,18.448925,14.671911,11.192815,15.681283,17.822283,13.574805,13.444625,18.437168,18.861473,14.987756,17.539776,21.929918,23.268017,22.843388,22.21192,27.159113,26.98818,25.444607,24.126465,19.88487,22.028685,26.831232,25.010033,20.447641,26.18141,28.55892,29.080568,24.483553,22.640705,27.510923,26.147367,22.066881,26.65345,23.806646,24.882141,19.529556,23.827522,19.474361,24.2683,23.84107,19.78882,23.81466,18.456984,19.834887,20.691168,17.287096,14.012002,14.13788,14.645492,8.469872,8.9964695,12.759127,13.106869,11.86233,7.556197,13.177504,11.203177,10.078316,10.55538,8.296683,7.0554976,10.152067,7.7171216,12.41307,14.909526,14.473592,11.333923,14.526127,8.116725,11.660604,10.657051,13.652137
18,30.305756,30.354164,25.287792,26.809715,23.852787,22.615423,20.536777,20.359137,16.620348,19.736824,17.769953,20.425045,18.630922,17.044079,13.447662,10.54669,6.354092,6.531428,0.0,5.933036,7.5620227,9.851639,12.695198,12.222291,12.418006,11.305446,9.787563,7.335418,9.714449,8.310386,14.218932,14.130237,19.89328,22.29722,20.498423,15.996638,14.833067,18.820175,15.976777,12.159175,14.432142,18.206497,14.5714655,12.034477,16.781767,19.143587,15.300751,15.149816,20.035131,20.684345,21.858883,21.53285,26.26387,26.233847,25.866636,25.695953,21.263586,24.39719,28.395731,25.250893,21.899517,28.04827,29.846003,29.61099,25.100382,24.397087,29.830256,29.238255,25.172981,29.760946,27.887083,28.48248,23.670073,27.632587,23.22212,27.492281,27.59648,23.457603,27.002312,21.35803,22.767534,22.865362,20.608772,17.211105,15.797609,17.322104,12.966038,10.298859,13.795099,15.045253,13.109145,7.922853,11.282074,8.206108,6.1729946,9.003617,7.571157,9.799214,12.095395,12.82024,17.354008,20.009354,20.405361,17.269464,20.94139,14.569003,17.485615,16.19593,18.454996
19,24.705894,25.114046,19.946306,22.118607,19.546152,18.208344,17.088394,17.80394,14.9165945,18.969639,18.130001,21.325619,20.55225,20.08778,17.139557,12.31689,9.629688,6.4639077,5.933036,0.0,4.8024344,6.466477,11.041213,8.878238,7.8048973,7.9795394,6.573007,7.009628,10.1638775,11.178057,15.89903,18.20444,23.456095,25.82715,22.873602,18.227507,18.280901,21.543924,17.532227,14.045706,17.27071,18.977919,14.589428,13.10206,18.044369,18.176678,13.521352,14.897546,19.423426,21.315298,22.035326,19.751728,25.374418,26.10573,24.851042,24.30176,20.534075,23.557344,27.80133,25.712942,22.648746,28.504276,30.90513,31.302727,27.251293,26.110445,31.279572,30.476313,25.79043,29.835375,27.32369,27.282682,22.104206,25.354975,20.511597,24.619703,24.043732,19.67752,22.460144,16.864761,17.596903,17.29176,15.076665,12.138422,10.320684,11.461997,8.188907,4.4415894,8.001829,9.742183,8.932905,5.509474,9.192369,8.444585,8.828949,10.688446,11.146127,10.620619,14.974114,13.423171,18.402987,21.089237,20.174746,16.83416,18.98759,12.457843,13.618891,12.227718,13.463793
20,26.779531,27.789787,22.484016,25.155636,23.032154,20.923544,20.34367,22.005415,19.051754,23.311363,22.47429,25.370956,24.435751,23.555937,20.58682,16.25812,12.950069,10.689828,7.5620227,4.8024344,0.0,3.5476298,6.5481954,5.101592,6.032205,6.0972204,8.322861,8.086948,12.5062895,12.603365,18.677471,20.148144,25.936659,27.663656,24.88287,20.345734,19.657133,22.135273,18.425652,15.163004,16.975794,18.661024,14.775199,12.053653,16.401548,17.034586,12.478152,11.98585,16.503502,18.383892,20.138653,17.369043,22.962948,24.11015,23.496145,23.795607,20.276611,23.951126,27.473238,24.811213,22.986216,28.853125,30.999628,31.093256,27.475672,27.055634,32.435802,32.209587,27.325586,31.03988,29.180277,28.491116,23.8307,26.490023,21.692883,25.129198,24.950392,20.688776,22.868538,17.33396,18.144743,17.319223,16.431303,13.50212,10.559467,13.324978,11.839044,6.607163,9.3485365,12.267099,11.898379,9.280012,10.489937,10.035121,10.536275,13.496854,14.330304,14.932526,18.832262,18.002115,22.927088,25.565912,24.835041,21.545582,23.591196,17.018354,17.756636,15.785254,16.561178
21,26.208427,27.575184,22.421877,25.697203,23.774456,22.086594,22.025122,23.525259,21.052637,25.29761,24.58264,27.783934,26.914246,26.150543,22.799566,18.614466,15.383399,12.862602,9.851639,6.466477,3.5476298,0.0,5.3333783,6.2329965,7.1525702,8.56353,11.023376,11.456682,15.684936,15.958978,21.789694,23.297916,29.040245,30.993362,28.2509,23.669565,23.049862,25.672924,21.930965,18.647066,20.48415,22.096024,18.170794,15.527238,19.701038,20.029335,15.3846655,14.770245,18.999224,21.080841,23.155773,19.66143,25.44543,26.959211,26.292194,26.631021,23.40342,27.041683,30.540648,28.06216,26.41602,32.20415,34.42671,34.566994,31.013248,30.560999,35.900494,35.58737,30.657434,34.291763,32.224216,31.422935,26.644382,29.04537,24.12891,27.414703,26.868135,22.555164,24.047771,18.723585,18.80315,17.21222,16.704132,14.579557,11.031445,12.662028,12.851759,7.3152165,8.071084,10.902103,10.49341,9.1892605,8.483205,9.265367,10.84542,13.498971,15.579353,15.841601,20.256859,19.54784,24.57328,27.380322,26.422565,23.0168,24.839573,18.518726,18.583874,17.189404,17.124596
22,30.23173,31.953808,26.770845,30.164814,28.480837,26.202982,26.268215,28.29669,25.542864,29.839684,28.95224,31.839462,30.711384,29.491491,26.141754,22.503115,18.809416,17.063215,12.695198,11.041213,6.5481954,5.3333783,0.0,6.6762385,9.589326,10.278128,14.414654,14.0318575,18.657774,18.065353,24.778255,25.336767,31.446772,32.808056,30.421013,26.044065,24.694994,26.639063,23.465956,20.46792,20.885931,22.699942,19.55122,15.930672,19.08734,20.287003,16.274292,13.504903,17.309998,18.973776,22.234705,18.792433,24.030214,25.804888,26.020306,27.257833,24.258823,28.374472,31.066238,27.906368,27.437044,33.135452,34.964718,34.69619,31.567648,31.859222,37.33693,37.583138,32.650696,36.03391,34.679905,33.44899,29.253857,31.264988,26.580221,29.252195,29.221134,25.15949,26.29869,21.224913,21.571814,19.788664,20.338892,18.126099,14.30261,17.12707,17.679022,12.04898,12.844557,15.957016,15.6361885,14.127088,12.543355,12.859181,13.904667,17.233147,19.081139,20.349087,24.129612,24.10811,29.060793,31.815016,31.191614,27.834923,29.856625,23.384718,23.615402,21.759329,21.774084
23,25.792814,27.301178,21.978575,24.933384,23.462828,20.429108,20.659435,23.65737,21.03655,25.718254,25.471638,28.134556,27.649094,27.061918,24.759092,19.869211,17.01822,14.40894,12.222291,8.878238,5.101592,6.2329965,6.6762385,0.0,3.5740628,4.0720534,9.209976,9.967766,14.467153,15.113347,20.897734,23.056509,28.714113,29.81727,26.50626,22.212545,21.76942,23.081251,19.116678,16.568615,17.88134,17.963583,14.433461,12.0459795,15.451123,14.716217,10.302939,9.71176,13.308337,16.072624,17.850315,13.546958,19.458082,21.317593,20.550726,21.235373,18.520962,22.41586,25.353655,23.07327,22.415052,27.819023,30.080524,30.382488,27.508305,27.332567,32.511566,32.630516,27.39103,30.377285,28.798584,27.23808,23.076916,24.737091,20.038916,22.617392,22.553658,18.534328,19.860096,14.703373,15.517146,14.464891,14.885408,12.159758,8.694805,13.3087845,13.326354,8.21316,10.341476,14.109889,15.030013,13.678773,14.514902,14.872474,15.624791,18.514933,19.254225,19.48174,23.479471,21.91413,26.740688,29.15613,28.00458,24.868954,26.02394,19.622879,19.42607,16.723763,16.925606
24,22.47858,23.823082,18.476837,21.359526,19.929907,16.929869,17.358738,20.53537,18.278128,23.1001,23.263336,26.052717,25.978325,25.89302,23.9179,18.407585,16.226606,12.902433,12.418006,7.8048973,6.032205,7.1525702,9.589326,3.5740628,0.0,3.2666178,7.02174,9.201034,13.14007,14.81703,19.553848,22.772104,28.00172,29.357847,25.586864,21.257124,21.5508,23.022488,18.54148,16.05908,18.431368,17.809128,13.762222,12.608457,16.438705,14.468279,9.673567,11.392671,14.742811,17.896158,18.600847,13.996667,20.207546,21.989756,20.389776,20.317125,17.726765,21.155775,24.61777,23.13661,21.801619,27.049435,29.674677,30.394588,27.432547,26.690685,31.629862,31.379215,26.046993,28.978317,26.85609,25.376781,20.857763,22.51008,17.61989,20.488165,19.957676,15.757733,17.157389,11.826151,12.441732,11.63667,11.448448,8.670682,5.258667,10.1525,10.177374,5.59065,7.9968696,11.760132,13.308377,12.540173,14.272614,14.974533,15.920999,18.207088,18.846571,18.172384,22.520567,20.082499,24.83585,27.15349,25.567776,22.504213,23.087183,16.911192,16.193066,13.424659,13.408363
25,24.660065,25.65977,20.287077,22.518303,20.859976,17.509237,17.270615,20.490284,17.66667,22.382656,22.30002,24.715055,24.461304,24.127947,22.46298,17.123247,14.824821,12.076325,11.305446,7.9795394,6.0972204,8.56353,10.278128,4.0720534,3.2666178,0.0,5.6446853,6.834324,10.951184,12.2688675,17.352587,20.26461,25.571623,26.6026,22.914806,18.682373,18.740755,19.91805,15.573993,13.199594,15.250238,14.686358,10.768988,9.36097,13.218975,11.731114,6.938299,8.576216,12.275324,15.14309,15.692224,11.993037,17.937729,19.32019,17.984486,18.079702,15.068323,18.738901,22.107138,20.18564,18.853506,24.263212,26.721933,27.283342,24.285797,23.736246,28.796572,28.750353,23.468891,26.504545,24.769785,23.374554,19.081295,21.04132,16.327703,19.304792,19.372128,15.302446,17.538027,12.085556,13.683582,13.727141,13.241857,9.677587,7.4402857,12.688851,11.023454,7.111472,10.681107,14.159532,15.240134,13.360304,15.781306,15.628116,15.859132,18.444883,18.22856,18.105658,21.8072,19.596489,24.17814,26.340721,25.12908,22.19786,23.182983,16.827631,16.967741,13.738585,14.702887
26,23.134039,23.241035,17.98367,19.21962,16.911829,14.102312,12.747608,15.217201,12.085434,16.745043,16.728489,19.20538,19.20337,19.34647,18.160114,12.184184,10.920981,7.630487,9.787563,6.573007,8.322861,11.023376,14.414654,9.209976,7.02174,5.6446853,0.0,4.148062,6.4518757,9.337492,12.687301,16.836391,21.491173,23.104897,19.098858,14.710635,15.747211,17.775038,12.97248,10.320918,14.291028,13.879443,9.1953335,9.669814,14.337743,12.659597,8.153615,12.08669,15.813042,18.204521,17.405512,15.191074,20.661089,21.197142,19.163681,18.052654,14.456446,17.195347,21.618147,20.31589,17.125486,22.626528,25.369717,26.268843,22.644161,21.174707,26.040117,25.307526,20.222666,23.804882,21.298834,20.843756,15.787996,18.84418,14.052107,18.194645,17.938581,13.71666,17.300888,11.707337,13.612261,14.716793,12.300179,8.209747,8.212284,11.748189,7.0871305,6.04447,10.664607,12.954697,13.747843,11.297187,15.58999,14.928457,14.713528,16.409412,15.257375,14.272372,17.757404,14.631922,18.953836,20.941303,19.608519,16.81622,17.836689,11.484715,12.425563,9.115796,11.40892
27,27.236847,27.232782,22.023264,23.005476,20.448015,17.815977,15.811301,17.51191,13.644749,17.681099,16.794027,18.873642,18.11376,17.4255,15.996358,10.950533,8.694997,7.083941,7.335418,7.009628,8.086948,11.456682,14.0318575,9.967766,9.201034,6.834324,4.148062,0.0,4.6934667,5.6699443,11.003437,13.58908,18.882195,20.312555,16.978447,12.482805,12.498501,14.867092,10.681756,7.4103456,10.794903,12.055452,7.7706223,6.7680216,11.818485,12.306287,8.444947,10.564438,14.862698,16.296165,16.008308,15.429488,20.225271,20.19445,19.048868,18.488813,14.200488,17.324808,21.429888,19.005363,15.731433,21.705952,23.950274,24.294947,20.304022,19.314821,24.599293,24.17731,19.417013,23.46527,21.64328,21.58703,16.9512,20.539429,16.181993,20.276106,20.709414,16.774769,20.737276,15.232466,17.505318,18.571478,16.430326,12.305957,11.922065,15.45676,10.491774,8.780871,13.484298,15.687865,15.561918,11.783143,16.005573,14.311488,13.212515,15.459437,13.473075,13.859287,16.311474,14.457193,18.64743,20.646954,20.21891,17.476076,19.652664,13.183556,15.438054,12.470474,15.269164
28,27.702164,27.000366,22.143402,22.04058,19.16037,16.835955,13.786609,14.774563,10.442442,13.91076,12.936515,14.505465,13.940194,13.639825,13.40036,8.00147,7.5371113,6.738425,9.714449,10.1638775,12.5062895,15.684936,18.657774,14.467153,13.14007,10.951184,6.4518757,4.6934667,0.0,4.486771,6.4563646,10.696636,15.060214,16.742302,12.968837,8.420166,9.7064905,12.550936,8.14645,5.080713,10.3666725,11.326028,7.2767477,8.619497,13.071292,13.22242,10.454778,13.848462,17.533833,18.643019,17.115322,17.730398,21.848314,21.115995,19.502602,18.088572,13.569243,15.65688,20.334465,18.477968,13.711357,19.48946,21.856825,22.489109,18.103176,16.288921,21.289558,20.352627,15.89595,20.380959,18.183908,19.021385,14.208818,18.6749,14.814073,19.432297,19.940807,16.384909,21.227972,16.141468,18.759062,20.621502,17.670425,13.556708,14.545614,17.351393,11.053035,11.657767,16.290867,17.743134,17.549078,13.676041,18.819853,16.829214,15.313185,16.730165,13.583777,13.441834,14.855184,12.250196,15.608572,17.11577,16.871328,14.6205,16.9056,11.064754,14.369497,11.474361,15.302136
29,31.768618,31.236485,26.282284,26.437693,23.499018,21.274368,18.26081,18.79521,14.311154,17.074705,15.220223,16.408186,14.816179,13.231083,12.301939,8.930568,6.7985916,8.282962,8.310386,11.178057,12.603365,15.958978,18.065353,15.113347,14.81703,12.2688675,9.337492,5.6699443,4.486771,0.0,7.5293503,8.005242,13.660567,15.06777,12.625696,8.210277,7.16702,10.744868,7.859751,4.0607595,7.508469,11.179236,8.292335,7.364787,11.572497,14.191181,11.965334,13.137783,17.181797,17.277052,16.676085,18.546875,22.056864,20.951189,20.435965,19.849884,14.988915,17.597551,21.577457,18.417948,14.1291485,20.226496,21.880514,21.728357,17.024855,16.099422,21.545296,21.129639,17.218872,21.957445,20.685993,21.658861,17.526863,21.985918,18.449272,22.70547,23.699295,20.259151,24.965971,19.777605,22.448313,23.951723,21.43921,17.270002,17.464632,20.506113,14.594169,13.912906,18.530396,20.137491,19.272575,14.573056,19.124977,16.369274,14.140451,16.154642,12.489486,14.050796,14.387408,13.72776,16.94591,18.55907,19.298092,17.04718,20.345657,14.513085,18.264193,15.71807,19.339415
30,31.333864,29.863777,25.62038,24.274086,21.128273,19.481262,15.39974,14.860236,10.430993,11.6186075,9.94315,9.77496,8.960427,8.805628,10.992389,7.4379845,9.374299,10.602979,14.218932,15.89903,18.677471,21.789694,24.778255,20.897734,19.553848,17.352587,12.687301,11.003437,6.4563646,7.5293503,0.0,7.3713813,9.363716,11.473407,7.622882,3.5734332,7.043971,10.563329,7.776311,6.6108484,11.570865,12.906833,10.662276,12.979336,16.158623,16.868532,15.581163,18.959282,22.085371,22.448637,20.046335,22.367514,25.350105,23.682947,22.076302,20.07206,15.585032,16.20497,20.939432,19.415741,13.181456,18.151815,20.187798,20.859278,15.955915,13.208778,17.564596,15.920122,12.736283,17.912397,15.71031,18.176052,13.982867,19.34143,16.771833,21.458359,22.269949,19.540361,25.020527,20.65882,23.49747,25.938889,22.482235,18.636448,20.428116,22.550861,15.664926,17.584543,21.980999,22.747723,22.210497,18.150517,23.666603,21.182732,19.099024,19.7631,15.405549,15.321903,14.567887,12.147296,13.408244,13.845252,14.619163,13.545543,16.363407,12.436651,16.87816,14.698571,19.110764
31,37.717937,36.508934,32.02821,31.198362,27.929462,26.417662,22.520866,21.521484,17.03362,17.592775,14.695511,14.197979,11.435758,8.410495,9.332139,10.155357,9.935438,13.504405,14.130237,18.20444,20.148144,23.297916,25.336767,23.056509,22.772104,20.26461,16.836391,13.58908,10.696636,8.005242,7.3713813,0.0,6.350602,8.352973,8.619847,6.3173895,3.9149034,9.369816,9.9575205,8.494025,10.071475,14.82313,13.917729,13.885388,16.301573,19.905695,19.014153,19.956814,23.395264,22.42549,21.28169,25.079107,27.304558,25.15238,25.042213,24.15863,19.309998,20.697012,24.372232,21.06525,15.741844,20.880562,21.66881,21.009071,15.644488,14.483477,19.23601,18.49961,16.625568,21.892586,21.177586,23.652248,20.378492,25.522266,23.12272,27.410513,28.742176,25.935644,31.232939,26.499454,29.369202,31.305958,28.28655,24.23848,25.044573,27.40263,20.802828,21.227531,25.65693,26.558918,25.127035,20.099243,24.821453,21.398039,18.450556,19.586271,14.575116,16.765493,14.182847,14.997047,15.990244,16.638866,19.018003,17.862131,22.122023,17.954466,22.823141,20.99985,25.164684
32,40.271008,38.47598,34.543922,32.783634,29.480764,28.412918,24.060415,22.289766,18.310404,17.261742,14.417492,12.235567,9.627792,7.180874,11.134134,13.076147,14.661474,17.909443,19.89328,23.456095,25.936659,29.040245,31.446772,28.714113,28.00172,25.571623,21.491173,18.882195,15.060214,13.660567,9.363716,6.350602,0.0,4.826205,6.9400067,7.94715,8.151507,11.623637,13.111798,13.08007,14.937013,18.25644,17.98401,19.208193,21.037119,23.822721,23.556896,25.387522,28.30875,27.334234,25.249863,29.537848,31.215538,28.60976,28.09148,26.547583,22.112337,22.243948,25.890423,23.480831,17.434076,21.176912,21.738821,21.376497,16.174456,14.084685,17.281414,15.762298,15.715686,20.867693,20.131073,23.710354,21.10173,26.450794,25.000029,29.221806,30.57751,28.385925,34.01363,29.862823,32.831856,35.263687,31.814674,27.975084,29.522692,31.455273,24.492905,26.049303,30.377834,30.851242,29.531986,24.832716,29.943604,26.625195,23.750294,24.158386,18.941236,20.29913,16.823063,17.089808,16.182074,15.603198,18.545996,18.57018,22.523743,20.078674,25.136919,23.675678,28.096434
33,42.562542,40.913704,36.878696,35.062904,32.02503,30.254278,26.065668,25.258484,21.239864,20.672318,18.344934,15.92962,13.962557,11.919331,15.573573,16.793177,17.857906,20.889938,22.29722,25.82715,27.663656,30.993362,32.808056,29.81727,29.357847,26.6026,23.104897,20.312555,16.742302,15.06777,11.473407,8.352973,4.826205,0.0,5.6877437,8.665758,8.146781,9.161829,12.27756,13.443448,13.864926,16.692232,17.68143,19.014688,19.659624,22.77961,23.494951,24.94068,27.177408,25.734995,23.308151,28.584888,29.293505,26.2269,26.133009,24.886612,20.709341,20.640776,23.45643,20.743624,15.196143,18.201649,18.079283,17.319197,12.327106,10.825218,13.741942,13.068506,13.7555685,18.485964,18.99153,22.344252,20.829939,25.786327,24.97914,28.614153,30.564352,28.819836,34.46551,30.619541,33.957466,36.598225,33.551826,29.527845,31.09727,33.83929,27.051271,28.253359,32.81391,33.760517,32.73409,27.996843,32.98709,29.688137,26.789454,27.73389,22.606316,24.246292,21.169325,21.264517,20.736778,20.123194,22.702454,22.705755,26.149347,23.43838,28.171043,26.098476,30.536526
34,37.54028,35.899277,31.926268,29.961582,27.133825,25.002872,20.908365,20.82925,16.921467,16.964716,15.464204,13.270376,12.430918,11.719217,15.593241,14.49289,16.069061,18.033815,20.498423,22.873602,24.88287,28.2509,30.421013,26.50626,25.586864,22.914806,19.098858,16.978447,12.968837,12.625696,7.622882,8.619847,6.9400067,5.6877437,0.0,4.649935,6.982856,7.322646,8.274923,10.063583,12.106269,12.968286,13.482606,16.061825,17.083473,18.604124,19.288345,21.97397,24.009668,23.37736,20.162027,24.639338,25.790583,23.038307,22.027004,20.160353,16.091784,15.629678,19.154226,17.426208,11.012213,14.359795,15.332656,15.647062,10.68452,7.6083436,11.223665,9.921092,8.888049,14.091725,13.801132,17.064709,15.166371,20.221682,19.396679,23.123722,24.948853,23.316332,29.010416,25.422012,28.817585,31.716164,28.645535,24.709352,26.705587,29.593126,22.901087,24.58368,29.14598,30.212044,29.754826,25.5145,30.822622,28.035965,25.57978,26.536316,21.75326,22.451342,20.553122,19.076696,19.071188,18.54149,20.072006,19.952122,22.463327,19.66709,23.904543,21.439753,25.86829
35,34.169018,32.788914,28.504034,27.096142,24.137754,22.020151,18.054968,18.071316,13.759829,14.747003,13.08747,12.111516,11.044269,10.185998,12.845712,10.57458,11.750042,13.49698,15.996638,18.227507,20.345734,23.669565,26.044065,22.212545,21.257124,18.682373,14.710635,12.482805,8.420166,8.210277,3.5734332,6.3173895,7.94715,8.665758,4.649935,0.0,4.618263,7.2818108,5.807287,6.062607,9.660757,11.195153,10.287752,12.545437,14.712162,16.203499,15.888363,18.655247,21.34534,21.134483,18.49935,21.9942,24.13321,21.96258,20.823101,19.113733,14.554136,15.090901,19.257195,17.213078,10.926468,15.788582,17.349754,17.693983,12.621203,10.102149,14.741038,13.595758,10.786149,16.092598,14.933418,17.440914,14.221656,19.442402,17.489456,21.714067,23.145426,20.807167,26.373962,22.214449,25.407696,27.982655,24.893156,20.867477,22.552109,25.343859,18.660862,20.05404,24.629776,25.740973,25.226366,20.949406,26.225245,23.530502,21.205452,22.274162,17.723936,18.36057,17.129639,15.479102,16.459318,16.631514,17.808975,16.980852,19.75832,15.968425,20.235691,17.71934,22.090101
36,37.09991,36.064102,31.470638,30.638697,27.652048,25.416693,21.732225,21.807022,17.296638,18.523144,16.293238,15.662331,13.666961,11.441429,12.819828,11.980999,11.590026,14.293892,14.833067,18.280901,19.657133,23.049862,24.694994,21.76942,21.5508,18.740755,15.747211,12.498501,9.7064905,7.16702,7.043971,3.9149034,8.151507,8.146781,6.982856,4.618263,0.0,5.6161804,6.4286356,5.915115,6.8518205,11.10854,10.907577,11.279213,13.005301,16.565485,16.35009,17.369991,20.308392,19.276201,17.658554,21.93719,23.720894,21.39152,21.33985,20.596558,15.776892,17.260502,20.631699,17.160128,11.99282,17.275507,18.04943,17.408499,12.113826,11.220528,16.423178,16.214954,13.803597,18.871284,18.69206,20.695086,17.886673,22.742622,20.590267,24.514854,26.24069,23.685274,28.989647,24.468801,27.662104,29.81388,27.151525,22.939959,23.853313,27.013124,20.629124,20.850735,25.500244,26.892025,25.96052,21.150236,25.858889,22.72645,20.01875,21.63376,16.992006,18.899508,17.234558,17.138529,18.554358,19.136738,20.889486,19.683165,23.196156,18.72582,23.106604,20.600254,24.75411
