,0,1,2,3,4,5,6,7,8,9,10,11,12,13,14,15,16,17,18,19,20,21,22,23,24,25,26,27,28,29,30,31,32,33,34,35,36,37,38,39,40,41,42,43,44,45,46,47,48,49,50,51,52,53,54,55,56,57,58,59,60,61,62,63,64,65,66,67,68,69,70,71,72,73,74,75,76,77,78,79,80,81,82,83,84,85,86,87,88,89,90,91,92,93,94,95,96,97,98,99,100,101,102,103,104,105,106,107,108,109,110,111,112
0,0.0,4.547945,6.708191,9.111272,12.3624115,13.6719885,17.798674,22.582766,24.198158,28.044956,29.912437,33.987465,31.516384,29.157661,25.405798,23.173166,19.203138,18.480927,12.308593,13.530516,11.792541,10.099484,11.370414,15.042071,16.336401,17.047064,18.413662,17.387857,21.219357,17.683954,25.035435,21.03625,28.154839,27.492682,28.230413,29.945282,26.087925,26.284578,21.81302,19.517899,24.395197,20.284918,24.55068,24.777182,22.395777,25.942905,27.407274,29.732183,32.22861,33.07025,37.076996,38.52885,40.07789,44.216408,41.88385,40.497852,38.72071,34.550602,32.422894,30.426765,28.803513,25.972439,25.452248,22.469807,24.747274,17.973364,21.245962,22.76102,19.904182,17.838957,20.311829,17.197367,20.236353,19.361572,21.972462,23.038202,24.778648,29.896317,27.010393,32.42141,29.747267,35.625614,33.23051,28.666365,27.22121,23.705048,23.925383,20.11928,17.215324,18.641207,16.109163,19.63027,16.73506,20.631117,20.419756,23.210915,23.537802,26.107044,28.036348,26.341324,30.278002,26.962341,31.935354,30.090313,34.22762,36.933815,38.158,35.44175,36.47596,31.09999,32.746044,29.496515,30.709127
1,4.547945,0.0,4.8752503,5.677193,8.4091,11.202949,13.955353,19.635557,20.97444,24.980507,27.006516,31.239504,28.998297,26.849712,23.053892,20.439444,16.538204,15.116729,9.880055,9.8173,9.279059,6.984691,9.742481,12.761346,13.201178,14.518803,15.133379,14.783205,18.47316,15.618414,22.944624,19.430182,27.03007,26.117775,27.575903,29.55668,26.253056,26.537334,21.898087,19.33902,24.027924,20.002802,23.292456,23.477852,20.993467,23.610064,25.08808,26.663322,29.645563,29.92723,34.076797,35.257675,36.47618,40.77111,38.078075,36.663357,34.713665,30.601074,28.241428,26.367647,24.375013,21.809843,21.146948,18.33853,20.872734,14.43013,18.272808,20.051533,16.717928,14.244525,16.154171,12.795792,15.694595,14.986096,17.587126,18.952965,20.785898,26.238432,23.66954,29.034233,27.00413,32.957058,30.759241,26.085506,24.238512,20.889172,20.43816,16.807728,13.210411,14.403169,11.813254,15.286246,12.51339,16.58114,16.75681,19.340052,19.37909,22.094376,23.831837,21.880331,25.928806,22.638283,27.544115,25.975481,30.127958,32.9927,34.19275,31.627186,32.5741,27.358116,29.13458,25.816135,27.467432
2,6.708191,4.8752503,0.0,5.064825,7.185696,7.59496,12.133275,16.258974,18.458967,22.06298,24.712801,28.759623,25.70621,23.787384,19.515863,17.737804,13.940622,13.496001,8.987826,10.749911,11.467031,10.345654,13.474705,15.575458,15.570188,16.292887,15.521896,14.279638,17.149443,13.52558,20.525509,15.865454,23.715664,22.013842,23.59428,25.272757,22.10042,22.8278,18.310444,16.159864,21.234632,18.145075,21.407621,22.452166,20.92075,22.893904,25.565577,26.62569,30.186731,30.507055,34.317993,36.147484,36.800545,41.339466,38.677773,37.70144,35.572796,31.806152,29.223967,26.7298,24.991955,21.547483,20.144754,16.746992,18.479916,11.572252,14.566522,16.38971,14.074404,12.197612,15.085866,12.32863,16.120626,15.403881,18.955864,20.052628,22.943922,27.92993,26.17303,31.429838,29.818289,35.486282,32.75305,28.000324,25.73223,23.031076,21.518969,19.58174,14.965042,16.690954,14.355782,17.325937,14.244185,17.983929,17.898527,19.46419,19.241488,21.14646,22.784506,21.503838,24.764107,21.716246,26.881485,25.188337,29.824722,32.382435,33.119377,30.30877,30.764286,25.423317,26.594553,23.182146,24.15589
3,9.111272,5.677193,5.064825,0.0,3.7673986,6.4289656,8.892346,14.459613,15.401739,19.471312,21.329666,25.565811,23.499805,21.30964,17.72694,14.810421,10.930167,9.504097,4.889218,5.727648,7.1982646,6.7975216,10.385532,11.329887,10.834968,11.551996,10.518025,9.763876,12.998449,10.308958,17.477089,14.427731,22.093996,21.364723,23.178654,25.522144,22.754028,22.899796,18.237198,15.459967,19.751932,16.102362,18.446154,18.923409,16.944828,18.576382,20.842037,21.806566,25.333723,25.523098,29.437565,31.115358,31.917423,36.379505,33.80657,32.79362,30.784483,26.960287,24.59555,22.041178,20.859074,17.19932,16.817354,13.855104,16.738548,11.037445,14.637018,17.556011,15.074078,12.547629,13.96047,10.1276865,13.1199665,11.195657,14.778393,15.285058,18.399086,22.967915,21.364445,26.574306,25.083286,30.62406,27.845192,23.079361,20.697388,18.131702,16.463781,14.964824,10.244236,12.722182,11.262735,14.651872,12.727506,16.850758,17.72479,19.13671,18.22816,20.478119,21.421467,19.080757,22.184181,18.313347,23.350735,21.118183,25.435009,28.022274,29.098011,26.35199,27.411598,22.028673,23.916744,20.904228,22.573961
4,12.3624115,8.4091,7.185696,3.7673986,0.0,5.780119,5.5474906,11.980205,12.949801,16.993721,19.423468,23.721704,21.56023,19.829893,16.024473,13.110707,9.647523,7.5368147,6.4519534,5.665058,9.282919,8.803074,12.833402,12.933837,11.394188,12.552826,9.955251,9.932645,12.1536875,10.397178,16.755905,13.953804,21.878378,20.480467,23.064274,25.405663,23.297573,23.735817,19.241587,16.632364,20.625616,17.657486,18.898783,19.641106,18.0198,18.26931,20.899775,20.717327,24.953997,24.482744,28.377937,29.920055,30.106611,34.80859,31.808142,30.908539,28.620901,25.037514,22.2755,19.68817,17.997164,14.385715,13.259455,10.19087,13.087744,7.8473864,11.844788,14.970369,12.3870325,9.724116,10.577296,6.762678,9.995691,8.448076,12.491619,13.382331,16.953089,21.695272,20.797144,25.74217,25.134731,30.540258,27.929003,23.185913,20.315594,18.279142,15.453526,14.919475,9.238886,11.314684,10.073699,12.692688,10.963022,14.714754,15.82355,16.48528,15.159611,17.16324,17.834272,15.525583,18.456537,14.793388,19.905182,18.105268,22.695995,25.383081,26.202785,23.564606,24.222359,19.011381,20.755642,17.534601,19.510086
5,13.6719885,11.202949,7.59496,6.4289656,5.780119,0.0,7.0078917,8.988247,11.231162,14.615768,17.414236,21.336634,18.118671,16.288862,11.978403,10.324406,6.7956843,7.5406213,6.5884504,9.664257,12.305732,12.962199,16.3363,16.315186,15.321254,15.212222,12.174304,10.1691065,11.254293,7.7012877,13.646467,8.9614315,17.170696,15.269103,17.606417,19.746626,17.58666,18.283472,13.922354,11.747844,16.13837,14.289625,15.872351,17.717789,17.394053,17.561193,21.602184,21.562462,25.897533,26.058819,29.32562,31.903175,31.813656,36.539974,34.06971,33.74024,31.535154,28.362257,25.798683,22.399216,21.807142,16.919388,15.584104,11.940482,13.568559,8.308835,9.976042,13.656835,13.20991,11.7205515,13.819094,11.209945,14.788008,12.874287,17.366102,17.335266,21.69792,25.276236,24.931067,29.7242,28.912495,33.854206,30.449724,25.787445,22.899406,21.472437,18.351097,19.392736,14.001837,16.796587,15.848283,18.312447,16.355585,19.773298,20.443274,20.463232,19.074806,20.083368,20.558186,19.066235,20.625864,17.087315,22.259169,19.742363,24.614065,26.617884,26.979603,23.89638,24.265032,18.746141,19.744934,16.784885,17.439129
6,17.798674,13.955353,12.133275,8.892346,5.5474906,7.0078917,0.0,7.7777076,8.010942,11.981157,14.816127,19.078573,17.070833,15.844986,12.278638,9.212669,7.031948,4.431859,8.955291,8.139301,12.726108,13.158689,16.931366,15.674187,13.288667,14.052572,9.432765,9.714704,9.729418,9.645716,13.864335,12.1889715,19.616463,17.895895,21.306973,23.828249,22.780312,23.288754,19.259607,16.89608,19.924026,18.047047,17.521708,18.667604,17.904966,16.102303,19.559431,17.813992,22.942757,21.861591,25.367867,27.197906,26.485617,31.439104,28.257753,27.84084,25.330135,22.353504,19.371996,16.177011,14.985978,10.349658,8.68983,5.380203,8.718314,6.604335,9.547076,13.6550665,12.272592,10.152132,9.687065,6.863793,9.102613,6.950866,11.554371,11.727769,16.428982,20.084244,20.606554,24.900396,25.351013,30.094921,27.270826,22.742706,19.286793,18.484259,14.017183,16.114641,10.185965,12.413893,12.464468,13.904751,13.283266,16.109524,17.6738,16.930779,14.677895,15.77994,15.329227,12.845359,14.219389,10.1950445,15.375069,13.282155,18.25696,20.681751,21.097872,18.38814,18.742685,13.527558,15.244263,12.19537,14.551828
7,22.582766,19.635557,16.258974,14.459613,11.980205,8.988247,7.7777076,0.0,4.868194,6.343717,11.136631,14.530362,10.452515,10.14379,5.402601,5.721376,6.462678,8.1472225,13.291695,14.939997,18.831482,19.961102,23.412722,21.989101,19.963943,19.689817,14.694257,13.320677,10.9915905,10.342226,10.908239,8.101024,14.504758,11.104093,15.424508,17.60151,17.843557,18.89816,15.93,14.712838,16.951284,17.492939,15.975034,18.64054,19.836327,16.825714,22.079285,19.665869,25.139172,24.417343,26.790426,29.852783,28.230669,33.21368,30.552217,31.070332,28.583805,26.566523,23.799885,19.766052,19.896313,14.277236,12.030585,8.956635,8.814466,9.208044,7.616164,12.34406,14.216141,13.812166,14.432684,13.550572,15.934028,14.157421,18.5306,17.876509,23.132122,25.245363,26.773182,30.53512,31.220245,35.17703,31.597893,27.394032,23.838932,24.070477,19.08835,23.039381,17.504263,20.054794,20.21091,21.309633,20.39488,22.650635,23.728867,21.979607,19.632505,19.164906,18.188293,17.210415,16.02455,13.105321,17.517965,14.9335985,20.027441,21.225945,20.551685,17.379808,16.670984,11.49052,11.313187,8.823851,8.7560005
8,24.198158,20.97444,18.458967,15.401739,12.949801,11.231162,8.010942,4.868194,0.0,4.3902845,7.1929893,11.222186,9.4014845,8.439263,6.393994,3.4299252,5.88337,6.5572424,13.17565,14.06473,17.955027,19.621592,22.681585,20.364576,18.06228,17.496378,12.113758,11.269645,7.846843,9.497848,8.493258,9.37877,14.254932,13.024648,16.885616,19.750042,20.145954,20.365618,17.442907,15.7012,16.748545,16.838251,13.960606,15.981172,17.106747,12.951283,18.077415,15.012911,20.661428,19.73905,21.973286,25.107895,23.464338,28.399792,25.95388,26.617296,24.305458,22.453808,20.072744,15.689512,17.108427,10.83816,10.436816,8.614419,10.257495,12.154979,11.8436575,16.571697,17.587929,16.552904,15.969633,14.36686,15.549727,12.647745,16.581968,14.911572,20.391033,21.352448,23.438602,26.773878,27.718065,31.17503,27.49519,23.541445,19.893166,20.792952,15.436287,20.65662,15.774306,18.696373,19.768982,20.912804,20.999348,23.363066,25.061052,23.470734,20.753307,20.727224,19.119616,16.960396,15.320348,11.193395,15.0961,11.2026415,15.901452,16.881996,16.611454,13.279351,13.735494,8.089119,9.632817,8.573594,9.998448
9,28.044956,24.980507,22.06298,19.471312,16.993721,14.615768,11.981157,6.343717,4.3902845,0.0,6.008953,8.714877,5.7332587,6.489055,5.52706,5.937778,9.475899,10.920781,17.254665,18.450083,22.27765,23.982122,27.029745,24.660707,22.36907,21.660355,16.300459,15.279992,11.378309,12.9134655,9.622481,10.7729,13.649383,11.659588,16.00158,18.556044,20.03796,20.506073,18.467155,17.436184,17.711895,19.111032,15.555325,18.106733,20.089182,15.256332,20.77086,17.09161,22.756336,21.732714,23.184494,26.721966,24.335892,29.192152,26.916794,28.12065,25.800144,24.66938,22.372713,17.91032,19.654287,13.6740055,12.766879,11.447862,11.538753,14.804043,13.134659,17.50287,19.611135,19.199018,18.70281,17.89789,19.02094,16.605907,20.288692,18.60203,24.044567,24.377945,27.038303,29.909105,31.24346,34.204292,30.398912,26.779446,23.126291,24.554203,19.018578,24.796759,20.039804,22.767395,23.862032,24.648508,24.71048,26.682793,28.246572,26.115194,23.310587,22.58188,20.623873,19.163948,16.253853,13.170104,16.120424,12.54489,16.837368,16.984356,15.860439,12.524001,12.015523,7.1958833,7.0440016,7.390762,7.331408
10,29.912437,27.006516,24.712801,21.329666,19.423468,17.414236,14.816127,11.136631,7.1929893,6.008953,0.0,4.3977833,6.8428674,5.5282426,8.803779,7.147586,10.858219,12.097094,17.976622,19.16962,22.285206,24.692509,27.002487,23.885883,21.791481,20.370045,15.446863,14.39641,9.839452,12.900454,7.276648,12.330384,12.608862,13.834476,16.827229,20.068857,21.437366,20.836464,19.08016,17.709658,16.38787,17.60416,12.595281,14.463727,16.88133,11.018107,16.526476,12.718734,17.908487,17.37932,18.102518,22.370337,20.321684,24.787876,23.515486,25.067917,23.33365,22.449718,21.136162,16.335579,20.126461,13.806021,15.39966,14.94609,16.46454,19.33521,18.526043,23.12654,24.656757,23.718498,22.811497,21.122644,21.553207,17.999144,21.116888,18.195747,23.53531,22.1057,25.143763,27.489176,28.599907,30.715687,26.447556,23.341633,19.97072,22.206339,17.01938,23.929605,20.359383,23.66466,25.488178,26.697319,27.45363,29.80305,31.796116,30.143461,27.22622,27.081783,24.919249,22.444427,19.655844,15.532978,17.685,12.531505,15.345263,14.642797,14.309853,10.789879,12.649971,8.359085,10.34569,12.254516,12.932784
11,33.987465,31.239504,28.759623,25.565811,23.721704,21.336634,19.078573,14.530362,11.222186,8.714877,4.3977833,0.0,6.6118994,6.5076284,11.210973,11.029278,14.866572,16.453602,22.09343,23.521902,26.472305,28.998575,31.171434,27.955149,25.956106,24.34176,19.633434,18.44899,13.886054,16.683998,10.024283,15.147365,13.108353,14.725422,17.336676,20.338223,22.526304,21.827177,20.975124,20.142654,17.885254,20.093832,14.622583,16.644611,19.73701,13.739752,19.057625,15.132601,19.689789,19.316847,18.972704,23.693382,21.164934,25.198685,24.529373,26.637764,25.144136,24.952982,23.992653,19.283224,23.516447,17.535475,19.05348,18.854137,19.784416,23.163168,21.770666,26.160152,28.240082,27.580276,26.714552,25.323029,25.69411,22.276983,25.207003,22.16853,27.368195,25.20627,28.632454,30.481272,31.774689,33.24165,28.826902,26.222212,23.063097,25.747078,20.71915,27.958616,24.659836,27.929724,29.83982,30.925432,31.737324,33.936977,35.9057,34.00887,31.032764,30.560919,28.18624,26.00307,22.545013,18.986319,20.375908,15.462197,17.406338,15.750891,14.893671,11.739619,13.325032,10.655403,11.661419,14.615022,14.468249
12,31.516384,28.998297,25.70621,23.499805,21.56023,18.118671,17.070833,10.452515,9.4014845,5.7332587,6.8428674,6.6118994,0.0,3.90308,6.331369,9.035316,12.802674,15.352373,20.714027,22.889805,26.138397,28.247091,30.952307,28.535374,26.63652,25.324259,20.364403,18.565247,14.390749,15.369039,9.841606,11.507253,10.693975,9.207049,13.003441,15.390875,17.979406,18.269938,17.535988,17.362411,16.286081,19.292547,15.205094,18.403217,21.548582,16.73005,22.74727,19.515184,24.51365,24.21763,24.715435,29.109777,26.674278,31.095678,29.710264,31.428135,29.464508,28.75891,26.975163,22.319778,24.954248,18.843954,18.455046,17.13344,16.799938,19.55828,17.094988,21.158545,24.137007,24.070126,24.102879,23.29922,24.66862,22.002548,25.71392,23.592651,29.070997,28.5519,31.356293,34.012566,35.042164,37.459137,33.13188,29.856096,26.494175,28.282972,23.128368,29.330175,24.934612,28.044956,29.153269,30.21554,30.126951,32.25063,33.675415,31.548391,28.837313,27.88434,25.96772,24.823902,21.5481,18.759182,21.185648,17.308592,20.778746,19.985464,18.590929,15.3181505,14.931982,11.439155,10.445901,12.075961,10.171926
13,29.157661,26.849712,23.787384,21.30964,19.829893,16.288862,15.844986,10.14379,8.439263,6.489055,5.5282426,6.5076284,3.90308,0.0,5.4784527,6.820356,10.41355,13.286759,17.98289,20.556051,23.33364,25.752295,28.125872,25.632713,24.021694,22.346935,17.751137,15.533009,11.396015,12.263946,6.0672665,9.004609,7.865188,8.566145,11.46116,14.588305,16.33366,15.979665,14.866035,14.297833,12.856409,15.582595,11.303105,14.552363,17.836277,13.398066,19.598604,17.183184,21.80653,22.115211,22.788786,27.409883,25.70673,30.013294,29.004137,30.512152,28.784567,27.652487,26.164845,21.383795,24.486372,18.007357,18.497969,16.961536,17.58444,19.244133,17.47953,21.92142,24.349737,23.868101,24.023634,22.512457,23.950802,20.675985,24.467361,21.969053,27.44565,26.75749,29.179419,32.065712,32.524357,34.99792,30.412283,27.06636,23.913967,25.55179,20.85463,26.95715,22.893545,26.420881,27.609016,29.158308,29.108429,31.676237,33.205795,31.595188,28.963478,28.549137,26.864437,25.149921,22.610594,18.960848,21.843744,17.258759,20.663977,20.08417,19.411255,15.926637,16.688816,12.364342,12.6798725,13.827232,12.745649
14,25.405798,23.053892,19.515863,17.72694,16.024473,11.978403,12.278638,5.402601,6.393994,5.52706,8.803779,11.210973,6.331369,5.4784527,0.0,5.024037,7.6175323,10.84856,15.332615,18.067854,21.235144,23.07993,25.983309,24.205723,22.556444,21.438238,16.695486,14.427238,11.168551,10.483665,7.839722,5.9429755,9.5943,6.6767826,10.959141,13.523524,14.574753,15.238235,13.220028,12.632079,13.408504,15.48523,13.074368,16.472103,18.903345,15.558046,21.578203,19.451157,24.499954,24.48464,26.054218,30.025797,28.421717,33.106438,31.300488,32.320312,30.192478,28.545166,26.37556,21.86811,23.463858,17.229889,16.257471,13.787883,13.768691,14.420485,12.270756,16.66116,19.274933,19.040031,19.82206,18.652067,20.828411,18.276264,22.541416,20.969158,26.435741,27.279108,29.117064,32.615864,32.99374,36.335415,32.124676,28.23434,24.89783,25.688627,20.928596,25.84441,20.92638,24.110497,24.623169,26.095284,25.378052,27.874983,29.020891,27.379295,25.003517,24.462603,23.268242,22.15417,20.261929,17.06933,20.84371,17.221027,21.663004,21.970428,21.191664,17.749975,17.536531,12.604573,12.24506,11.573828,10.153534
15,23.173166,20.439444,17.737804,14.810421,13.110707,10.324406,9.212669,5.721376,3.4299252,5.937778,7.147586,11.029278,9.035316,6.820356,5.024037,0.0,3.9859412,6.535897,11.8274355,13.929567,17.131227,19.227222,21.941828,19.703121,17.899931,16.732187,11.831859,9.8730345,6.3109527,6.995625,5.4867053,6.457864,11.235768,10.953047,14.1647415,17.315798,17.369785,17.245455,14.299673,12.503124,13.323853,13.599144,10.821075,13.271796,14.884632,11.347298,17.014349,15.008221,20.111246,20.036304,22.104788,25.75884,24.672173,29.370844,27.529043,28.224485,26.212399,24.173443,22.192963,17.67694,19.681828,13.200201,13.507863,11.362237,13.09921,13.5094595,13.103978,17.905352,19.111517,18.045658,18.106726,16.027845,17.638763,14.267168,18.371895,16.332743,21.797813,22.468231,24.156801,27.722883,27.97146,31.394732,27.274984,23.28928,19.929226,20.678202,15.944676,21.030622,16.44309,19.918509,20.874483,22.607218,22.439657,25.243927,26.822533,25.65143,23.147932,23.346035,22.067451,19.889065,18.668676,14.357497,18.332355,13.999045,18.306406,19.03462,19.03593,15.561595,16.55187,10.980132,12.44717,11.704904,12.25643
16,19.203138,16.538204,13.940622,10.930167,9.647523,6.7956843,7.031948,6.462678,5.88337,9.475899,10.858219,14.866572,12.802674,10.41355,7.6175323,3.9859412,0.0,4.0798073,7.97112,10.6278925,13.633093,15.61204,18.402431,16.636219,15.114585,14.076373,9.637979,7.217024,5.51169,4.000586,7.3410535,5.966847,12.813579,12.530655,15.158971,18.200321,17.166885,17.044691,13.26595,10.881432,13.068289,11.976477,10.923495,12.947375,13.592869,11.771208,16.779425,15.910099,20.59918,20.794373,23.488316,26.721148,26.308455,30.97206,28.997362,29.20432,27.206781,24.554073,22.473282,18.312223,19.587791,13.451761,13.674604,10.925874,13.267762,11.6391945,12.269604,16.973543,17.393295,15.948057,16.457848,13.765732,15.884757,12.447731,16.818903,15.184834,20.388693,22.02165,22.832039,26.973383,26.63028,30.663506,26.702646,22.370304,19.199883,19.069164,14.994133,18.748953,13.937985,17.56101,18.092163,20.309006,19.754766,22.965322,24.40886,23.819408,21.63012,22.348959,21.641985,19.324379,19.321388,14.830126,19.42043,15.467656,19.94017,21.276573,21.692816,18.362108,19.4831,13.778255,15.463184,13.812838,14.702248
17,18.480927,15.116729,13.496001,9.504097,7.5368147,7.5406213,4.431859,8.1472225,6.5572424,10.920781,12.097094,16.453602,15.352373,13.286759,10.84856,6.535897,4.0798073,0.0,7.1561346,7.580709,11.4385395,13.1018,16.139013,14.075073,11.959801,11.61311,6.593493,5.9154267,5.323979,6.0319276,10.10874,10.027303,16.61944,16.419807,19.23217,22.252567,21.135746,20.976875,17.00246,14.319694,16.558693,14.448983,13.362313,14.28779,13.709594,11.783086,15.622013,14.384368,19.263657,18.822289,22.112854,24.554838,24.274658,29.03108,26.573456,26.381931,24.262995,21.290861,19.007368,15.197485,15.922497,10.145881,10.820284,8.456661,12.036137,10.660806,12.687839,17.21999,16.472765,14.44433,14.048269,10.827938,12.288745,8.442676,12.750691,11.2572365,16.4049,18.613398,19.289915,23.522718,23.474232,27.809761,24.353914,19.883991,16.524408,16.134956,11.76264,15.18639,10.111499,13.616839,14.463223,16.577816,16.533907,19.74095,21.542807,21.1395,18.836948,20.052124,19.275114,16.272886,16.952349,12.0264845,16.731049,13.0380535,17.489805,19.436407,20.249466,17.225998,18.630877,13.045905,15.487368,13.532656,15.624007
18,12.308593,9.880055,8.987826,4.889218,6.4519534,6.5884504,8.955291,13.291695,13.17565,17.254665,17.976622,22.09343,20.714027,17.98289,15.332615,11.8274355,7.97112,7.1561346,0.0,5.437147,6.38223,8.413816,10.856449,10.202074,9.833444,9.025654,7.606135,5.3936534,8.912114,6.053051,13.36392,11.564091,18.375906,18.953943,20.328897,23.169308,20.534714,20.020166,15.42366,12.24968,15.742866,11.778461,13.731024,14.034263,12.248154,14.039116,16.682026,18.114529,21.384283,22.147928,25.735662,28.036734,29.04256,33.339703,31.39997,30.711473,28.996975,25.343395,23.510666,20.334122,20.729883,15.978969,16.88421,14.207874,17.531872,13.205659,15.95033,19.759184,18.260265,15.933477,16.81347,12.838823,15.11745,11.649849,15.401468,14.399138,18.230604,21.248058,20.109846,25.123518,23.380722,28.373644,24.881536,20.194487,17.835949,15.851297,14.086103,14.379963,10.294788,14.092973,13.914215,17.379261,16.442469,20.51893,21.84972,22.838886,21.400045,23.387154,23.636269,20.785461,22.904379,18.233683,23.066265,19.651274,23.641361,25.758507,27.020338,24.048147,25.77212,20.183369,22.484848,20.235014,21.78181
19,13.530516,9.8173,10.749911,5.727648,5.665058,9.664257,8.139301,14.939997,14.06473,18.450083,19.16962,23.521902,22.889805,20.556051,18.067854,13.929567,10.6278925,7.580709,5.437147,0.0,4.850076,5.694975,8.960008,7.6691184,5.840044,7.026923,5.5410304,6.829092,10.321782,9.997163,16.301922,15.710213,22.543657,22.860283,24.914127,27.81753,25.594057,25.20082,20.675276,17.523136,20.573648,16.53985,17.399916,16.925776,14.225997,15.12687,16.362549,17.040026,20.471909,20.271763,24.442059,25.65029,26.687576,31.025925,28.450281,27.27044,25.412157,21.447783,19.380514,16.974005,16.428772,12.9103365,14.192979,12.337044,16.484552,12.949533,16.81038,20.34265,17.664654,14.763419,14.326164,9.857606,10.930971,7.3106394,10.342992,9.942446,13.14335,17.261084,15.797649,20.928501,19.722443,25.14985,22.523895,17.759912,15.192524,12.74859,10.852433,9.781125,4.9869413,8.679983,8.9472475,12.462011,12.4062395,16.458054,18.348322,19.596607,18.056055,20.658882,20.806282,17.23009,20.168962,15.45217,19.995197,17.256275,20.910793,23.633934,25.229836,22.73381,24.589245,19.440138,22.264936,19.857153,22.435509
20,11.792541,9.279059,11.467031,7.1982646,9.282919,12.305732,12.726108,18.831482,17.955027,22.27765,22.285206,26.472305,26.138397,23.33364,21.235144,17.131227,13.633093,11.4385395,6.38223,4.850076,0.0,3.6990302,4.8142843,4.262211,5.118551,5.3075194,7.79852,8.1572075,12.624141,11.609056,18.277695,17.799334,23.985353,25.222166,26.414621,29.363115,26.502628,25.650219,21.082605,17.764938,20.749046,15.772821,17.776814,16.601019,13.082898,16.065891,16.242197,18.666582,20.78217,21.498804,25.648054,26.838633,28.813095,32.67751,30.722895,29.334826,27.938375,23.720396,22.318832,20.181398,20.242369,17.015747,18.95373,17.172993,21.236195,17.08601,20.832355,24.206432,21.47141,18.58859,18.63406,14.160532,15.203563,11.779275,13.839383,13.052938,15.106366,18.711355,16.113894,21.448406,18.8502,24.410952,21.689327,17.021843,15.43572,12.091029,12.550319,9.669553,7.779307,11.192623,11.251393,15.346624,15.180999,19.46365,21.146889,23.17426,22.05362,24.945454,25.377848,21.778973,24.95233,20.149673,24.482502,21.406033,24.531366,27.101192,29.04577,26.533628,28.873085,23.66929,26.65241,24.45937,26.79585
21,10.099484,6.984691,10.345654,6.7975216,8.803074,12.962199,13.158689,19.961102,19.621592,23.982122,24.692509,28.998575,28.247091,25.752295,23.07993,19.227222,15.61204,13.1018,8.413816,5.694975,3.6990302,0.0,4.2410493,6.0698357,6.464844,8.294714,10.249297,11.189706,15.398097,14.217746,21.120321,19.883017,26.721119,27.182196,28.686155,31.383427,28.45632,27.991785,23.325388,20.168278,23.691246,18.915255,21.121988,20.202381,16.773191,19.397299,19.515873,21.424377,23.796457,24.016043,28.37269,29.057152,30.848915,34.8168,32.368805,30.71494,29.10415,24.770443,22.976753,21.387068,20.240927,17.944803,19.080017,17.257145,21.100172,16.411144,20.631006,23.420914,20.004814,16.992893,17.090593,12.75301,13.881259,11.600975,13.248811,13.712749,14.990602,19.90446,16.933474,22.340006,20.033644,25.983936,23.950165,19.334295,17.728968,14.070519,14.475913,10.046508,7.789407,9.793047,8.788153,13.009373,12.36983,16.691792,18.16355,20.680254,19.97116,23.163294,24.038393,20.680626,24.5928,20.338274,24.719383,22.495626,25.79751,28.712774,30.543015,28.21179,30.124447,25.080326,27.839823,25.19003,27.668419
22,11.370414,9.742481,13.474705,10.385532,12.833402,16.3363,16.931366,23.412722,22.681585,27.029745,27.002487,31.171434,30.952307,28.125872,25.983309,21.941828,18.402431,16.139013,10.856449,8.960008,4.8142843,4.2410493,0.0,4.5860043,7.0631175,8.057448,12.048658,12.830262,17.321074,16.277613,22.958233,22.341875,28.443226,29.762577,30.71158,33.541542,30.327766,29.420973,24.854132,21.59813,24.693472,19.365675,21.934834,20.34422,16.3452,20.107456,19.180424,22.209896,23.498089,24.304407,28.605509,29.138039,31.68577,35.19958,33.275574,31.45058,30.266142,25.792164,24.629663,23.261267,22.814056,20.669357,22.622116,21.067722,25.10581,20.567099,24.649963,27.539011,24.20286,21.211546,21.263191,16.90368,17.617056,14.975403,15.95293,15.783597,16.270266,20.382727,16.648918,21.980198,18.599033,24.48111,22.510698,18.1701,17.428997,13.279173,15.436436,10.110655,10.319472,12.358578,11.9224205,16.108772,15.935281,20.12745,21.640812,24.500214,23.889534,27.228603,28.045597,24.43082,28.295984,23.773882,27.870783,25.24605,27.99483,30.774096,32.95451,30.672943,33.10574,28.0868,31.148478,28.814907,31.29803
23,15.042071,12.761346,15.575458,11.329887,12.933837,16.315186,15.674187,21.989101,20.364576,24.660707,23.885883,27.955149,28.535374,25.632713,24.205723,19.703121,16.636219,14.075073,10.202074,7.6691184,4.262211,6.0698357,4.5860043,0.0,3.5153944,3.8302596,8.662377,10.133423,14.35873,14.52204,20.34976,21.09135,26.561222,28.478014,29.57253,32.73729,29.989922,28.801296,24.384499,20.97712,23.244019,17.999702,19.424408,17.37106,13.120088,16.324873,14.836254,17.837616,18.981339,19.746418,24.046448,24.605043,27.257183,30.689438,28.979702,27.270067,26.24718,21.843401,21.046652,19.472197,20.013678,17.54171,20.501055,19.456135,23.909952,20.536552,24.425781,27.87316,24.892971,21.86006,21.222696,16.713022,16.717417,13.0629425,13.826153,12.513592,13.365015,16.33558,12.962381,18.247026,14.9910965,20.644838,18.284027,13.789183,12.88118,8.870722,11.19569,6.8911705,8.048192,11.097731,12.082778,16.019302,16.846579,20.896431,22.958992,25.207975,24.01882,27.192717,27.382124,23.242514,26.480873,21.475754,25.206299,22.006838,24.28554,26.885405,29.29452,27.085567,29.996298,25.13685,28.604301,26.785702,29.524508
24,16.336401,13.201178,15.570188,10.834968,11.394188,15.321254,13.288667,19.963943,18.06228,22.36907,21.791481,25.956106,26.63652,24.021694,22.556444,17.899931,15.114585,11.959801,9.833444,5.840044,5.118551,6.464844,7.0631175,3.5153944,0.0,3.6618915,6.368034,9.062641,12.761498,13.746605,19.178806,20.216892,25.952816,27.44211,29.091925,32.29374,29.98836,29.027546,24.622133,21.251505,23.45228,18.698383,19.234049,17.449642,13.56305,15.257731,14.115418,15.869104,17.875698,17.841625,22.322342,22.680744,24.803846,28.544477,26.352285,24.666086,23.359133,18.982866,17.827307,16.247725,16.51745,14.1788025,17.217737,16.500845,21.11753,18.47199,22.436466,25.960827,22.938393,19.864374,18.665787,14.208952,13.701377,9.807638,10.43225,9.045493,10.340055,13.792571,11.043144,16.392883,14.267061,19.953438,17.763073,13.092536,11.310114,7.75152,8.4646225,4.7166996,4.736346,8.204615,9.892341,13.492986,14.835847,18.678602,21.037636,22.855434,21.367105,24.459637,24.368505,20.0257,23.145985,18.125017,21.735176,18.719591,21.055754,23.834688,26.18293,24.094772,26.883617,22.199905,25.747046,23.93404,26.975193
25,17.047064,14.518803,16.292887,11.551996,12.552826,15.212222,14.052572,19.689817,17.496378,21.660355,20.370045,24.34176,25.324259,22.346935,21.438238,16.732187,14.076373,11.61311,9.025654,7.026923,5.3075194,8.294714,8.057448,3.8302596,3.6618915,0.0,5.581516,7.116383,10.979897,11.958014,17.019789,18.671972,23.600973,25.898949,27.063326,30.42367,28.064201,26.721823,22.485783,19.05807,20.712793,15.768316,16.260706,14.117218,10.008236,12.537306,11.364534,14.210291,15.685008,16.55853,20.711393,21.82709,24.251001,27.812407,26.320282,24.985584,23.975246,19.819756,19.159752,16.923336,18.491655,15.102394,18.634817,17.729807,22.280516,19.71648,23.169611,27.060476,24.656866,21.763176,20.928974,16.46761,16.377054,11.923669,13.196811,10.782364,12.87425,14.558556,12.294141,17.321941,14.607431,19.680222,16.542654,11.847183,10.312945,7.247812,8.394446,7.314118,7.590774,11.633759,13.317187,16.919521,18.020113,21.95855,24.211798,25.807632,24.176012,26.972242,26.698307,22.432358,24.8838,19.520327,23.147867,19.290854,21.49514,23.790945,26.192425,23.849422,27.011616,22.121603,25.742474,24.339848,27.031796
26,18.413662,15.133379,15.521896,10.518025,9.955251,12.174304,9.432765,14.694257,12.113758,16.300459,15.446863,19.633434,20.364403,17.751137,16.695486,11.831859,9.637979,6.593493,7.606135,5.5410304,7.79852,10.249297,12.048658,8.662377,6.368034,5.581516,0.0,4.1186547,6.568851,8.804437,13.144007,15.035455,20.357449,21.89928,23.85394,27.21288,25.56742,24.63055,20.51771,17.289715,18.879385,15.099669,14.230341,13.141526,10.526263,10.078898,11.181695,11.548011,15.1065645,15.0092325,19.008379,20.672758,21.78852,26.032518,23.979664,23.158901,21.594517,17.896046,16.493626,13.34242,14.9954195,10.332312,13.65482,12.717237,17.253796,15.759662,18.781937,22.98824,21.143095,18.484072,17.345953,13.220464,13.19226,8.210995,10.746802,7.92673,12.18339,13.824674,13.506724,18.082827,17.171661,21.744448,18.41777,13.757152,10.755226,9.645888,6.5227547,9.424913,6.367903,10.81584,12.745481,15.594927,16.688171,20.279577,22.616236,23.225851,21.098383,23.30557,22.570038,18.439053,20.061844,14.550169,18.413527,14.307724,17.251179,19.502419,21.457146,18.895685,21.68191,16.635708,20.168978,18.811651,21.576336
27,17.387857,14.783205,14.279638,9.763876,9.932645,10.1691065,9.714704,13.320677,11.269645,15.279992,14.39641,18.44899,18.565247,15.533009,14.427238,9.8730345,7.217024,5.9154267,5.3936534,6.829092,8.1572075,11.189706,12.830262,10.133423,9.062641,7.116383,4.1186547,0.0,4.570582,5.0849404,10.328965,11.712053,16.893736,18.822243,20.256756,23.640257,21.743876,20.639986,16.52314,13.249103,14.8912325,11.073522,10.753392,10.236794,8.348833,8.856029,11.579792,12.82134,16.140564,17.0027,20.406815,23.021605,24.098362,28.266933,26.744873,26.315638,24.861404,21.452347,20.167128,16.548027,18.548014,13.139027,15.714695,13.974089,17.898441,15.68537,18.024952,22.415552,21.299103,18.960243,18.748991,14.777105,15.81193,11.166131,14.463993,11.915202,16.292786,17.528168,17.240057,21.745453,20.30947,24.588148,20.62628,16.09699,13.475751,12.557409,10.101219,12.950783,9.810312,14.265945,15.484285,18.594309,18.880192,22.679703,24.61654,25.15822,23.15386,25.015604,24.45936,20.905243,22.114077,16.747097,20.948685,16.503212,19.812052,21.552643,23.157673,20.191929,22.77511,17.335373,20.386206,19.088638,21.042389
28,21.219357,18.47316,17.149443,12.998449,12.1536875,11.254293,9.729418,10.9915905,7.846843,11.378309,9.839452,13.886054,14.390749,11.396015,11.168551,6.3109527,5.51169,5.323979,8.912114,10.321782,12.624141,15.398097,17.321074,14.35873,12.761498,10.979897,6.568851,4.570582,0.0,5.110425,6.603082,9.931853,14.088916,16.118479,18.027885,21.571352,20.597279,19.54865,16.01459,13.1823435,13.727366,11.566167,8.972218,9.370767,9.395523,6.595654,11.314258,10.747739,15.111937,15.622321,18.367012,21.690811,21.894674,26.26843,24.835907,25.015432,23.455269,20.729801,19.423481,15.121578,18.005356,11.716077,14.351628,12.900806,16.400915,15.830798,17.179386,21.905098,21.678598,19.750126,19.261854,15.943333,16.77396,12.176522,15.646162,12.647321,17.75368,17.874208,18.92378,22.720158,22.201067,25.713747,21.462662,17.321224,14.231152,14.731631,10.790861,15.886839,12.474971,16.643404,18.210556,20.636312,21.148542,24.493536,26.511354,26.26192,23.859083,25.084045,23.954195,20.588701,20.53388,15.170085,19.005188,13.959709,17.330341,18.481733,19.717127,16.509367,19.101603,13.657411,16.689219,16.088076,17.831451
29,17.683954,15.618414,13.52558,10.308958,10.397178,7.7012877,9.645716,10.342226,9.497848,12.9134655,12.900454,16.683998,15.369039,12.263946,10.483665,6.995625,4.000586,6.0319276,6.053051,9.997163,11.609056,14.217746,16.277613,14.52204,13.746605,11.958014,8.804437,5.0849404,5.110425,0.0,7.4102664,6.73179,12.611847,14.00954,15.351632,18.623152,16.767258,15.928751,11.82606,8.784781,10.961726,8.48052,8.5536585,10.085979,10.361388,10.347543,14.95935,15.669174,19.387033,20.45152,23.192333,26.576344,26.996862,31.318542,29.900688,29.942099,28.311468,25.3437,23.763607,19.706366,21.530127,15.520964,16.74839,14.199034,17.00181,14.453265,15.575139,20.067772,20.089556,18.37219,19.099768,15.788971,17.847343,13.898247,17.964075,15.9075985,20.728586,22.03945,22.202137,26.566797,25.341516,29.388458,25.130108,20.785093,18.114304,17.594053,14.663093,17.832346,13.869349,17.994728,18.558762,21.43708,20.905792,24.569687,26.034712,26.1007,24.142708,25.33631,24.87864,22.206905,22.743439,17.89468,22.402012,18.043623,21.989174,23.28256,24.183237,20.865095,22.686478,17.009953,19.1082,17.73279,18.605238
30,25.035435,22.944624,20.525509,17.477089,16.755905,13.646467,13.864335,10.908239,8.493258,9.622481,7.276648,10.024283,9.841606,6.0672665,7.839722,5.4867053,7.3410535,10.10874,13.36392,16.301922,18.277695,21.120321,22.958233,20.34976,19.178806,17.019789,13.144007,10.328965,6.603082,7.4102664,0.0,7.230756,7.871809,11.133423,12.543959,16.280643,16.231731,14.9713335,12.652464,10.866034,9.524317,10.382022,5.939961,8.883213,11.871562,8.444438,14.705983,13.909566,17.88453,19.024067,20.360586,24.887993,24.443352,28.588993,27.881414,28.849428,27.421696,25.505375,24.384806,19.684826,23.115356,16.486677,18.2181,16.497793,18.557518,18.590742,18.21117,22.948355,24.24397,23.06696,23.253744,20.69283,22.09674,18.026062,21.760632,18.841036,24.104528,23.437317,25.066872,28.39058,27.948017,30.708704,25.911812,22.327854,19.508743,20.674974,16.84248,22.436518,18.972744,23.02532,24.314621,26.560215,26.624235,29.787642,31.483398,30.707455,28.254953,28.705963,27.40354,24.863409,23.5958,18.90479,22.370977,17.18147,20.445335,20.481972,20.903286,17.388628,19.44724,14.329767,16.173426,16.497986,16.639746
31,21.03625,19.430182,15.865454,14.427731,13.953804,8.9614315,12.1889715,8.101024,9.37877,10.7729,12.330384,15.147365,11.507253,9.004609,5.9429755,6.457864,5.966847,10.027303,11.564091,15.710213,17.799334,19.883017,22.341875,21.09135,20.216892,18.671972,15.035455,11.712053,9.931853,6.73179,7.230756,0.0,8.2883215,7.4390326,9.363583,12.324072,11.292176,11.396784,8.122996,6.88282,9.094863,10.3821745,10.048243,13.559699,15.704143,14.530331,20.270733,19.975101,24.159843,25.077778,27.062338,31.069576,30.55888,35.026905,33.608723,34.208797,32.34949,30.00358,28.099384,23.717981,25.31682,19.04714,18.761677,15.754448,16.707394,14.697496,13.626865,17.915499,19.759518,19.092932,20.643654,18.55272,21.28739,18.284794,22.73686,21.11652,26.306261,27.570074,28.386892,32.48254,31.767002,35.51955,31.085272,26.95531,24.089897,24.083439,20.46347,24.20794,19.604229,23.260962,23.397299,25.7205,24.572657,27.757761,28.732859,28.006958,26.055305,26.245037,25.740849,24.257685,23.710838,19.867813,24.282555,20.337769,24.725391,25.4373,25.384272,21.876545,22.520382,17.110254,17.643217,16.391544,15.540161
32,28.154839,27.03007,23.715664,22.093996,21.878378,17.170696,19.616463,14.504758,14.254932,13.649383,12.608862,13.108353,10.693975,7.865188,9.5943,11.235768,12.813579,16.61944,18.375906,22.543657,23.985353,26.721119,28.443226,26.561222,25.952816,23.600973,20.357449,16.893736,14.088916,12.611847,7.871809,8.2883215,0.0,7.1283092,5.7373877,9.520648,10.353906,8.838321,9.005425,9.541805,6.4587474,11.386913,8.847497,13.001976,17.097,15.2874775,21.34605,21.244013,24.460655,26.214617,26.81085,31.887589,31.291313,35.13257,34.930714,36.244957,34.892906,33.252743,32.11786,27.36706,30.558449,23.932531,24.663834,22.393251,23.184137,22.618898,20.88628,25.033829,27.598743,27.142841,28.361267,26.331491,28.5315,24.983881,29.0709,26.511705,31.785053,31.270575,32.730877,36.1317,35.31482,37.921352,32.810425,29.44284,26.979225,27.962925,24.604456,29.673677,26.001797,30.02653,30.755398,33.113182,32.448277,35.615326,36.801804,35.87511,33.6801,33.60705,32.59203,30.96907,29.349058,25.422276,28.941092,24.175133,27.556484,27.10958,26.896307,23.389534,24.537235,19.975643,20.316023,20.76345,19.125605
33,27.492682,26.117775,22.013842,21.364723,20.480467,15.269103,17.895895,11.104093,13.024648,11.659588,13.834476,14.725422,9.207049,8.566145,6.6767826,10.953047,12.530655,16.419807,18.953943,22.860283,25.222166,27.182196,29.762577,28.478014,27.44211,25.898949,21.89928,18.822243,16.118479,14.00954,11.133423,7.4390326,7.1283092,0.0,5.0896506,6.928151,9.07509,10.370956,10.173975,11.407254,11.644486,15.715366,14.387579,18.515394,21.781582,19.566885,25.789417,24.629753,28.963774,29.743008,30.84746,35.38548,34.012505,38.40756,37.187946,38.402794,36.473095,34.86861,32.908985,28.324001,30.103724,23.828407,22.776762,20.014193,19.392963,18.89854,15.9567995,19.470482,22.994337,23.27777,25.025103,23.998867,26.752642,24.312971,28.737656,27.165302,32.574226,33.32492,34.85956,38.518528,38.31771,41.567226,36.945354,33.15013,30.166002,30.793043,26.656746,31.207226,26.43904,29.829227,29.957048,31.762426,30.48804,33.147526,33.87011,32.379917,30.35007,29.598007,28.80479,28.271517,26.448656,23.642467,27.405577,23.820673,28.06368,28.00261,27.064245,23.632376,23.244272,18.837181,17.778208,17.356201,14.623744
34,28.230413,27.575903,23.59428,23.178654,23.064274,17.606417,21.306973,15.424508,16.885616,16.00158,16.827229,17.336676,13.003441,11.46116,10.959141,14.1647415,15.158971,19.23217,20.328897,24.914127,26.414621,28.686155,30.71158,29.57253,29.091925,27.063326,23.85394,20.256756,18.027885,15.351632,12.543959,9.363583,5.7373877,5.0896506,0.0,3.8757205,5.5746436,5.907714,7.627133,9.934067,9.012236,14.1579075,13.682762,17.884459,21.56285,20.449213,26.488329,26.398489,29.897982,31.470459,32.32522,37.22834,36.429234,40.484173,39.89672,41.123627,39.506054,37.75281,36.179134,31.52028,33.820248,27.361765,26.9731,24.159418,24.027798,22.709608,20.190926,23.594725,26.875347,26.9863,29.013477,27.518814,30.382212,27.527374,31.936405,30.036417,35.327175,35.724926,36.905266,40.658722,39.79375,42.871033,37.902496,34.263115,31.707209,32.21244,28.812958,33.131104,28.866472,32.612038,32.722363,34.999264,33.642513,36.669052,37.355797,36.312176,34.434956,33.99572,33.397583,32.598736,31.118067,27.886059,31.741962,27.679686,31.627752,31.415405,30.803888,27.308687,27.53337,23.034254,22.429264,22.218084,19.673685
35,29.945282,29.55668,25.272757,25.522144,25.405663,19.746626,23.828249,17.60151,19.750042,18.556044,20.068857,20.338223,15.390875,14.588305,13.523524,17.315798,18.200321,22.252567,23.169308,27.81753,29.363115,31.383427,33.541542,32.73729,32.29374,30.42367,27.21288,23.640257,21.571352,18.623152,16.280643,12.324072,9.520648,6.928151,3.8757205,0.0,4.9989886,7.0330687,9.719502,12.62137,12.371997,17.425694,17.49636,21.67525,25.269054,24.293196,30.335464,30.154297,33.75977,35.242996,36.087315,40.9746,39.991398,44.107178,43.392933,44.657303,42.925476,41.220516,39.46076,34.84434,36.766705,30.438528,29.491032,26.511227,25.792362,24.301304,21.279737,24.058191,27.831642,28.34345,30.759075,29.663296,32.798862,30.351273,34.856796,33.26411,38.55422,39.284027,40.423477,44.266396,43.44235,46.6528,41.729576,38.02864,35.430508,35.808647,32.3507,36.41639,31.904652,35.464428,35.28959,37.44932,35.760857,38.627045,39.027496,37.845673,36.142086,35.413223,34.99941,34.72308,33.181946,30.432877,34.314217,30.645552,34.77202,34.56475,33.686764,30.250029,29.963787,25.704334,24.536316,24.137035,21.054903
