,0,1,2,3,4,5,6,7,8,9,10,11,12,13,14,15,16,17,18,19,20,21,22,23,24,25,26,27,28,29,30,31,32,33,34,35,36,37,38,39,40,41,42,43,44,45,46,47,48,49,50,51,52,53,54,55,56,57,58,59,60,61,62,63,64,65,66,67,68,69,70,71,72,73,74,75,76,77,78,79,80,81,82,83,84,85,86,87,88,89,90,91,92,93,94,95,96,97,98,99,100,101,102,103,104,105,106,107,108,109
0,0.0,4.341142,6.780157,9.392867,12.544724,14.12908,17.65431,22.19866,24.406157,27.902662,31.551441,34.338627,34.730194,32.193897,27.165796,28.112446,25.18042,26.688042,22.918901,25.484571,24.810102,25.143385,25.804667,28.423178,29.89318,29.032707,29.163282,26.92334,29.487917,25.47535,31.250978,25.483482,30.63458,26.954283,28.971123,29.991251,27.165691,27.839293,24.458385,23.55643,28.672705,27.279833,31.258266,31.91544,29.047886,32.834023,30.308,33.84414,33.870632,34.817863,37.336594,36.757008,41.596775,42.146557,43.732887,40.090836,39.266888,39.844086,44.942158,42.57252,38.495293,37.887287,42.358376,43.023003,45.36396,39.73967,38.673634,43.436153,38.58078,37.090836,37.96454,40.67467,37.27791,35.178246,39.39743,36.857944,41.665703,41.109253,39.10515,42.014435,36.34841,39.093105,35.54231,31.290752,29.404186,30.096766,25.425161,28.612902,26.211432,26.240705,28.012335,25.452162,25.445234,20.668888,17.85693,18.268572,14.97232,18.451555,20.229975,21.659203,24.792162,26.281187,28.25393,31.678928,30.761385,36.681034,32.14473,36.05079,35.116592,38.46727
1,4.341142,0.0,4.6786704,6.0656247,8.67575,11.649186,13.949949,19.170458,21.196173,24.546825,28.512695,30.926006,31.321234,28.396273,23.269957,23.947441,20.934464,22.349834,18.733088,21.311773,20.937931,21.346813,22.344625,24.70322,25.94846,25.11222,24.96837,22.73101,25.229452,21.33863,27.274933,21.601225,27.138655,23.739983,26.036621,27.417067,24.937714,25.331024,21.592306,20.254475,25.332314,23.5748,27.500275,27.921877,25.100378,28.68056,26.332712,29.72173,29.952139,30.728735,33.156334,32.474197,37.334415,37.81893,39.468967,35.876247,34.9746,35.61917,40.673416,38.4124,34.368156,33.602535,38.057606,38.6997,41.097164,35.507465,34.378094,39.221592,34.456978,32.911526,33.958183,36.606403,33.27419,31.021439,35.149513,32.576427,37.345436,36.827316,34.88167,37.915314,32.296413,35.22604,31.83525,27.488113,25.369772,25.938244,21.22768,24.413664,22.025885,22.274635,24.197437,21.921711,22.280682,17.192972,14.417483,14.259512,10.756799,14.140397,16.23962,17.85964,20.883781,22.626596,24.791744,28.076948,27.199612,32.97644,28.359262,32.390785,31.340319,34.917988
2,6.780157,4.6786704,0.0,5.0730577,7.1991587,7.922882,12.089971,15.7123995,18.497023,21.552319,25.438438,28.367132,29.363922,26.989325,21.92775,23.004812,20.61228,22.423378,20.054169,22.354939,22.93375,23.066278,24.790483,26.937782,27.643188,27.055658,26.0921,23.784224,25.484116,21.901682,26.7324,21.225615,26.164137,22.134417,24.892902,25.522001,23.545446,24.57968,20.623884,19.53416,25.128218,23.924917,27.374573,28.142612,26.20762,29.317894,27.918709,31.032877,31.841644,32.046196,34.166588,33.01925,37.942707,37.872272,39.8622,36.52076,34.93331,35.323223,40.27936,37.607,33.486927,32.905563,37.103058,37.990707,39.89864,34.11123,33.60025,38.178062,33.43496,32.327766,33.65195,36.626217,33.61265,31.024586,35.325962,32.03922,36.769623,35.727234,33.464447,36.00308,30.285686,32.90829,29.118507,24.963135,23.355349,24.323124,19.826103,23.584642,22.147297,22.252254,24.724976,22.629173,23.709116,18.750189,16.844788,15.224084,11.178082,13.83515,14.994579,15.324525,18.818928,19.756626,21.5941,25.099663,24.31532,30.387598,26.349752,30.37068,29.93178,33.450573
3,9.392867,6.0656247,5.0730577,0.0,3.7919984,6.661854,8.33886,13.765863,15.271447,18.946184,22.63906,25.07442,25.404558,22.860374,17.877125,19.22726,16.766384,19.34521,16.9253,19.946827,20.641037,21.5006,23.228827,24.617895,25.24147,24.14184,22.888767,20.106272,21.605688,17.649906,22.311344,16.612488,21.547667,17.809784,20.296303,21.4773,19.318558,19.915018,15.938064,14.712024,20.177763,19.045155,22.602407,23.584265,21.756243,25.165138,23.957766,27.59675,28.685884,29.269043,31.193161,29.770832,34.50068,34.566196,36.124287,32.659584,31.203878,31.339127,36.484264,33.660137,29.511848,29.381165,34.03375,35.19838,37.340237,31.370237,31.130754,36.1849,31.905293,30.587425,32.473156,35.097183,32.180683,29.245836,32.95285,29.744938,34.104298,33.05742,30.610952,33.355877,27.636591,30.011105,26.666769,22.434105,20.773186,22.042856,17.355392,21.813595,20.384548,21.339983,23.942242,22.501896,23.836613,18.441015,16.035658,14.138248,9.848335,11.46523,14.209646,13.80696,17.717772,18.450727,20.01868,23.889324,23.654776,29.529613,25.74915,30.110048,29.521961,33.55423
4,12.544724,8.67575,7.1991587,3.7919984,0.0,6.198482,5.3787894,11.335984,12.926526,16.095495,20.298613,22.379665,23.0201,20.064144,14.904295,15.893312,13.545483,16.01581,14.427797,17.141237,18.535099,19.251574,21.51662,22.605928,22.784533,21.917128,20.11834,17.459787,18.579065,15.052106,19.562576,14.151808,19.475948,15.997445,19.073746,20.446342,19.037577,19.460438,15.054503,13.247791,18.67917,17.161192,20.399628,21.072205,19.600195,22.444777,21.760447,24.940144,26.375957,26.499283,28.235786,26.6199,31.405663,31.2165,33.033775,29.739038,27.974255,28.191586,33.21155,30.467903,26.34427,25.938963,30.417122,31.555428,33.608215,27.66083,27.442892,32.440987,28.208761,26.976116,29.042034,31.707949,28.963955,25.841957,29.55417,26.111645,30.472485,29.345076,26.928211,29.691698,23.989313,26.618727,23.3055,18.97242,17.090769,18.258541,13.581277,18.169062,17.126328,18.21909,21.091038,20.033573,21.89146,16.585043,14.805321,11.814636,7.487073,8.111914,10.846698,10.190638,14.050945,14.932872,16.748573,20.389748,20.157148,25.900757,22.141226,26.571516,26.01233,30.181982
5,14.12908,11.649186,7.922882,6.661854,6.198482,0.0,7.1229587,8.299647,11.131449,14.310514,17.70729,21.050806,22.389301,20.957638,16.390549,18.502613,17.358072,20.506893,20.123114,22.578148,24.483858,24.980827,27.51592,28.572037,28.4654,27.714327,25.376047,22.624462,22.769352,19.562979,21.98016,16.96654,20.419344,15.696553,18.925816,18.695715,17.635115,19.326307,15.216069,14.571471,20.492432,20.409832,22.926237,24.472675,24.171724,26.69632,26.985725,30.107138,31.989048,31.78898,33.18755,31.087063,35.739803,34.966866,36.94917,33.949852,31.480038,31.150547,36.03712,32.560856,28.383718,28.669943,32.85732,34.45799,35.799103,29.57981,30.450985,35.044815,31.007969,30.384306,32.74377,35.72411,33.371784,29.984621,33.737682,29.534468,33.63116,31.747559,28.775255,30.638865,24.858688,26.52962,22.60108,18.817518,18.246607,20.319492,16.288017,21.605804,21.752083,22.568275,25.808903,24.759274,26.953394,21.955286,20.641764,17.2893,13.00994,13.13282,14.299595,11.151851,15.835947,14.777813,15.413677,19.833162,20.016562,26.204685,23.657982,27.94289,28.338217,32.274277
6,17.65431,13.949949,12.089971,8.33886,5.3787894,7.1229587,0.0,7.7166567,7.9050803,11.25437,15.332158,17.074783,17.6745,14.904251,9.886676,11.668184,10.362258,14.138176,14.377083,17.128855,19.49724,20.555887,23.279058,23.394403,22.928577,21.8999,19.024477,16.04314,15.759315,12.637233,15.119478,10.088023,14.632697,11.043988,14.643344,15.973951,15.453618,15.8754835,11.221527,9.228617,14.72198,13.828005,16.271843,17.437384,17.337776,19.616056,20.359827,23.488865,25.763962,25.626743,26.746212,24.395794,28.888132,28.235735,29.950962,26.903246,24.534962,24.211975,29.22728,25.95004,21.763275,22.016813,26.627583,28.304192,30.07982,23.82591,24.58682,29.720598,26.16878,25.19025,28.08184,30.58158,28.366222,24.677734,27.75151,23.767246,27.52538,25.86787,22.954536,25.421623,19.695944,21.742886,18.626104,14.422409,13.056371,15.078049,10.7827,16.634233,16.810564,18.6105,21.871338,21.737865,24.266027,19.211557,17.930666,14.0713,10.453282,8.530232,11.392871,8.075352,12.488045,12.040637,13.021463,17.146183,17.759258,23.231976,20.540394,25.134998,25.003397,29.512379
7,22.19866,19.170458,15.7123995,13.765863,11.335984,8.299647,7.7166567,0.0,5.163362,6.2886076,10.171027,13.562401,16.133,15.374476,11.794607,14.2800455,15.015387,18.556902,20.733484,22.501587,25.731253,26.172512,29.469856,29.583952,28.517956,28.02631,24.408731,21.864162,20.256563,18.454151,17.967146,14.727263,16.491865,11.964836,16.19387,15.2862015,16.470848,18.284754,14.187434,13.418427,18.529472,19.004591,19.918442,21.613321,23.151838,24.236914,26.405554,28.69065,31.555607,30.525394,31.093876,28.179213,32.4191,30.737776,33.025215,30.703259,27.184238,26.350279,30.73496,26.757109,22.759268,23.447044,27.049911,29.181204,29.744696,23.401909,25.619623,29.806015,26.598991,26.627634,29.838923,32.772392,31.274836,27.31982,30.478615,25.417854,28.754555,26.028124,22.532017,23.536325,17.91,18.815823,14.647831,11.390316,12.1713295,15.239979,12.650091,18.66957,20.70133,21.92442,25.619747,25.675323,28.832485,24.427425,24.139238,19.528772,16.170141,14.018554,14.223824,8.026782,12.569427,9.081444,7.9933267,13.081298,14.406172,20.158798,19.413307,23.625042,24.86246,28.975628
8,24.406157,21.196173,18.497023,15.271447,12.926526,11.131449,7.9050803,5.163362,0.0,4.9649906,7.529266,10.040715,11.451022,11.029342,8.158185,11.793356,13.162916,17.732656,20.115335,22.420944,25.61501,26.709423,29.807838,29.197628,28.072388,27.067724,23.189688,20.236572,17.998072,16.12609,14.0221195,11.210044,11.53881,6.927611,11.250977,10.682312,12.391712,13.831921,9.976078,9.434758,13.939802,15.212105,15.574218,17.923466,20.229006,21.384548,24.14768,26.902529,30.090141,29.494452,29.74047,26.473843,30.277287,28.707697,30.35492,27.991068,24.544683,23.14941,27.737396,23.325169,19.277433,20.99059,25.190523,27.79743,28.593248,22.077183,24.856062,29.538246,27.096464,26.882738,30.646935,33.07381,31.735264,27.53582,29.82124,24.979195,27.614746,24.835598,21.02239,22.160458,16.70566,16.775625,13.558717,10.560583,11.67743,15.277829,12.926101,19.400126,21.38452,23.393164,26.962456,27.536766,30.65597,26.067848,25.350986,20.980377,17.848082,15.01578,16.581846,10.650929,14.812807,11.509847,9.848365,14.8336735,16.907612,21.820082,21.500153,25.829014,26.790956,31.26811
9,27.902662,24.546825,21.552319,18.946184,16.095495,14.310514,11.25437,6.2886076,4.9649906,0.0,5.4762425,7.6183057,11.117293,10.912595,9.151903,11.774841,14.171046,17.900818,21.624449,23.040987,26.866734,27.518705,31.037533,30.296389,28.657557,28.15479,23.805523,21.435751,18.507195,17.900518,14.76586,13.615035,13.513601,10.264285,14.591275,13.713951,16.514696,17.853556,14.341345,13.490081,16.990461,17.865574,17.320152,19.083738,22.06462,22.041138,25.59483,27.349236,30.869457,29.496735,29.35724,25.84947,29.478027,27.236181,29.44198,27.666668,23.519142,22.136024,26.0794,21.670181,17.926771,19.267607,22.54009,25.230886,25.326643,18.94382,22.399355,26.415462,24.295998,24.64912,28.598629,31.148848,30.335196,26.038397,28.260933,22.889032,25.220783,21.917988,17.957092,18.324314,13.027854,12.842667,8.984016,6.5377398,9.024486,12.916512,12.054178,18.005623,21.094368,22.855438,26.543879,27.496805,31.044495,27.060835,27.140257,22.243946,19.701818,16.414982,16.686054,10.252173,13.296911,8.867549,5.957667,10.680392,13.335499,17.7067,18.550419,22.536154,24.085197,28.365393
10,31.551441,28.512695,25.438438,22.63906,20.298613,17.70729,15.332158,10.171027,7.529266,5.4762425,0.0,5.1503606,8.806584,11.585844,11.971854,15.349572,18.20627,22.420755,26.124636,27.850964,31.578878,32.529675,35.914608,34.870377,33.22976,32.432087,27.981401,25.387121,22.021147,21.405956,16.517233,16.216885,13.493567,10.3498745,13.623544,11.250073,15.129623,16.989738,14.707095,14.98161,17.544182,19.800667,18.455435,21.084208,24.892199,24.872477,28.96204,31.026716,34.773155,33.650997,33.197754,29.393349,32.46044,30.058651,31.76274,30.238747,25.967962,23.843203,27.497522,22.406748,19.028069,21.675905,24.82783,28.060467,27.74174,21.564205,25.981476,29.78164,28.466063,28.998325,33.244595,35.556606,35.03838,30.644445,32.256718,26.915537,28.425734,24.7612,20.480705,19.960806,15.581588,13.273949,10.3813925,10.132858,13.514312,17.517685,17.166672,23.030823,26.213121,28.17195,31.814278,32.894226,36.41623,32.329494,32.144157,27.424007,24.71346,21.482796,22.124958,15.683401,18.70887,14.077867,10.566538,14.680991,17.788477,21.372034,23.320723,26.988644,28.858215,33.01943
11,34.338627,30.926006,28.367132,25.07442,22.379665,21.050806,17.074783,13.562401,10.040715,7.6183057,5.1503606,0.0,5.238391,8.109075,10.487434,13.285821,16.854275,20.868988,25.231806,26.731535,30.62405,31.78001,35.143867,33.49332,31.560871,30.705223,25.98143,23.606308,19.574999,19.829813,13.441982,14.929903,11.307059,10.440538,13.257937,12.244764,16.497034,17.263916,15.356475,15.106315,16.047707,18.07153,15.711367,18.062458,22.653257,21.83412,26.675604,28.336367,32.385742,31.178965,30.276892,26.217243,28.723015,26.148415,27.584578,26.41014,21.962496,19.480124,22.819452,17.54572,14.450009,17.672308,20.750942,24.299662,23.989643,17.991104,22.914803,26.770506,26.293953,26.762392,31.378027,33.21181,33.051582,28.581509,29.359426,24.232569,24.927382,21.198278,16.825666,16.262178,12.532551,9.380226,8.274148,8.915161,12.240323,16.046223,16.586412,21.914696,25.312696,27.680399,31.113993,32.763012,36.365547,32.565502,32.522552,27.839285,25.753918,21.981833,22.929249,17.05481,19.166988,15.12328,12.021854,14.930313,18.283115,20.650227,22.909811,26.425323,28.013927,32.325535
12,34.730194,31.321234,29.363922,25.404558,23.0201,22.389301,17.6745,16.133,11.451022,11.117293,8.806584,5.238391,0.0,5.986665,9.90199,13.129359,16.435896,21.004313,24.72495,26.820417,30.258287,31.990688,34.93595,32.868282,31.16932,29.759558,25.250847,22.508417,18.473831,18.348806,10.9816675,13.028153,7.3600082,8.320552,9.5971155,9.674948,13.83078,13.713975,12.813403,12.881539,12.187753,15.054486,12.134106,15.261354,20.21104,19.8374,24.703772,27.053446,31.073547,30.595865,29.641487,25.571745,27.664688,25.650198,26.130278,24.670061,20.846981,17.87877,21.63786,16.123346,13.021286,17.413181,21.411139,25.106655,25.49879,19.629974,24.201464,28.68818,28.520144,28.455608,33.17996,34.54908,34.205673,29.761429,29.913372,25.468615,25.785591,22.56286,18.366417,18.60408,15.241681,12.346415,12.639,12.564498,14.779465,18.308283,18.270237,23.674799,26.354673,29.213196,32.40525,34.15475,37.46081,33.388706,32.78504,28.615051,26.556967,22.794552,24.832579,19.530449,21.89017,18.632725,16.1536,19.237284,22.373537,24.725576,26.2626,30.000282,30.998024,35.575172
13,32.193897,28.396273,26.989325,22.860374,20.064144,20.957638,14.904251,15.374476,11.029342,10.912595,11.585844,8.109075,5.986665,0.0,5.298282,7.5098166,10.915046,15.264995,19.173265,21.102442,24.564363,26.35111,29.260574,27.015835,25.236574,23.866499,19.293402,16.675255,12.502831,12.810699,5.3874526,8.354755,5.49394,8.11043,10.368898,12.688988,15.498145,14.36968,12.229808,10.69885,9.856,10.716589,7.8900385,9.970994,14.815918,14.102176,19.005459,21.130344,25.152407,24.626873,23.774387,19.79665,22.24786,20.541267,21.192,19.341389,15.672496,13.229541,17.737185,12.88209,8.950602,12.507264,17.342657,20.64697,21.87633,15.803512,19.36697,24.47478,23.958689,23.41873,28.059475,29.256351,28.679592,24.292368,24.421965,20.309038,21.017727,18.386934,14.541841,16.237505,12.289441,11.610432,12.024237,10.448831,10.97738,13.877512,13.62453,18.624311,20.923243,24.032463,27.006287,28.954622,32.16714,28.273952,27.782373,23.735369,22.254047,18.235521,20.605156,16.353449,18.08015,16.057947,14.786051,17.31006,19.926846,22.204172,22.573254,26.494772,26.790071,31.57379
14,27.165796,23.269957,21.92775,17.877125,14.904295,16.390549,9.886676,11.794607,8.158185,9.151903,11.971854,10.487434,9.90199,5.298282,0.0,4.439426,6.805748,11.770776,15.063745,17.271172,20.654915,22.28449,25.263714,23.605614,22.115948,20.849205,16.526,13.619906,10.41925,9.518377,6.177589,5.0076346,7.1999435,7.169992,10.75838,13.28811,14.941481,14.073508,10.474242,7.9574885,9.709212,9.132559,8.722318,10.082691,13.071065,13.409408,17.003124,19.487314,23.069159,22.585512,22.4408,18.945162,22.432095,21.159372,22.374166,19.895325,16.68271,15.364779,20.309532,16.379831,12.171659,13.738184,18.786018,21.357738,23.026989,16.665379,18.909344,24.342335,22.57598,21.74202,25.91328,27.559788,26.355555,22.061197,23.277178,19.104897,21.180937,19.013645,15.539664,17.983852,12.912042,14.060625,12.845305,9.503504,8.666583,11.44866,9.583346,15.349192,17.06727,20.03083,23.156397,24.649065,27.751232,23.53926,22.923222,18.79513,17.030693,13.115077,15.782181,11.811238,14.071583,12.722673,12.403928,15.479359,17.451632,20.862537,19.91186,24.245632,24.229593,29.108797
15,28.112446,23.947441,23.004812,19.22726,15.893312,18.502613,11.668184,14.2800455,11.793356,11.774841,15.349572,13.285821,13.129359,7.5098166,4.439426,0.0,4.1016517,7.881738,12.353379,13.773245,17.557121,19.008406,22.163944,20.23029,18.3574,17.436771,12.763613,10.459897,6.7783966,7.547965,6.0575566,6.376918,10.444338,11.542268,14.774259,17.673363,19.163784,17.908087,14.329369,11.334726,12.310184,9.897859,9.582282,8.8188095,11.262219,10.417186,14.214453,15.721272,19.449512,18.459505,18.222551,14.741036,18.509907,17.242567,18.907463,16.44889,13.189719,12.699374,17.571934,14.624321,10.580596,10.4314375,15.5112505,17.59131,19.736198,13.618947,14.882011,20.571754,18.710756,17.582901,21.758938,23.219975,22.039398,17.745163,18.858469,14.8590765,17.17869,15.511936,12.62738,15.991842,11.149998,13.86397,13.177388,9.651347,7.118477,8.467511,7.0857406,11.699284,13.446934,16.646845,19.551033,21.49326,24.690353,20.989985,20.890064,16.71011,15.9587555,11.694344,14.069702,11.59149,12.323049,12.374379,13.120469,14.826157,16.275425,18.935505,17.297573,21.50374,20.94068,25.885359
16,25.18042,20.934464,20.61228,16.766384,13.545483,17.358072,10.362258,15.015387,13.162916,14.171046,18.20627,16.854275,16.435896,10.915046,6.805748,4.1016517,0.0,5.4431214,8.439004,10.546884,13.89949,15.605086,18.531141,16.840807,15.402397,14.247486,10.078714,7.276726,5.4676094,4.4301963,8.139258,5.934401,12.332195,12.973637,15.946134,19.28735,19.809973,18.317947,14.454746,11.068288,12.64403,9.016799,10.488552,9.120294,9.21267,9.703702,11.677946,13.836992,16.96206,16.493252,16.985792,14.241075,18.558544,18.153488,19.670341,16.597975,14.47189,14.763503,19.79572,17.63298,13.779612,12.871307,17.992786,19.369156,22.104994,16.399391,16.195234,22.077795,19.467316,17.770168,21.305483,22.781553,20.919794,16.965483,18.62876,15.419393,18.541702,17.743685,15.583693,19.40832,14.598082,17.843943,16.793682,12.835977,9.642055,9.992309,6.9417167,11.022945,11.164421,14.524685,17.199715,18.79611,21.612015,17.571644,17.06276,13.276216,12.699175,8.652673,12.10836,11.269171,12.097509,13.4946785,15.120351,16.949898,17.688086,20.858973,17.916656,22.254528,21.052923,25.991737
17,26.688042,22.349834,22.423378,19.34521,16.01581,20.506893,14.138176,18.556902,17.732656,17.900818,22.420755,20.868988,21.004313,15.264995,11.770776,7.881738,5.4431214,0.0,6.375486,6.0608253,10.321879,11.368415,14.714673,12.92543,10.85159,10.699407,6.2668586,5.6588087,5.5132427,7.109185,12.153264,11.219869,17.42628,18.350185,21.355177,24.668486,25.22464,23.683266,19.828384,16.40752,17.6751,13.404717,14.739182,11.956595,10.727996,9.775471,10.664258,10.683255,13.508727,11.973821,12.787295,10.752355,15.700271,15.530608,17.847477,14.958505,13.312985,15.016198,19.286589,18.617193,15.463276,12.466401,16.585436,16.803135,20.030966,15.297457,13.059133,18.80369,15.627492,13.367769,16.372276,17.745195,15.590048,11.846041,14.022215,11.478273,15.457333,15.721885,14.860609,19.284838,15.176725,19.662756,18.847824,15.056417,11.006794,9.203123,7.0936227,7.305116,6.413849,10.117425,12.309833,14.509588,17.42485,14.325888,14.83999,11.161172,12.417646,8.729086,10.946054,12.64806,11.400644,14.574347,17.17209,17.524097,17.381863,19.642666,15.561777,19.475616,17.381186,22.195087
18,22.918901,18.733088,20.054169,16.9253,14.427797,20.123114,14.377083,20.733484,20.115335,21.624449,26.124636,25.231806,24.72495,19.173265,15.063745,12.353379,8.439004,6.375486,0.0,4.5484905,5.743309,8.16656,10.3309965,9.171245,8.894647,7.6062684,6.248187,4.7970176,8.871968,7.2551465,15.381867,12.565501,19.678661,20.189161,22.577269,26.300486,25.67035,23.854872,20.10233,16.721222,18.320171,13.560496,16.524265,14.004456,10.119163,11.812571,9.09195,11.066218,11.992496,12.436303,14.582999,14.070993,18.811018,19.960634,21.354185,17.758099,17.793125,19.555973,24.10266,23.643387,20.452065,18.082352,22.517578,22.453896,26.06084,21.615269,18.87733,24.454206,20.883472,18.218168,20.020327,21.18437,18.10505,15.503656,17.909225,16.889488,20.948462,21.837465,21.172823,25.625563,21.356077,25.52757,24.392387,20.264225,16.40793,15.067147,11.676429,12.091224,8.429888,11.433172,12.633867,13.602078,15.172421,11.118994,10.015284,8.281664,9.874621,8.067762,11.989697,15.235997,15.017027,18.626839,21.442398,22.588335,22.09841,25.16141,20.263773,24.16273,21.612183,26.086441
19,25.484571,21.311773,22.354939,19.946827,17.141237,22.578148,17.128855,22.501587,22.420944,23.040987,27.850964,26.731535,26.820417,21.102442,17.271172,13.773245,10.546884,6.0608253,4.5484905,0.0,4.750154,5.3558426,8.733162,7.6424513,6.1327085,6.8918605,5.4399037,6.820701,10.067349,10.4986725,17.552137,15.774996,22.600903,23.249846,26.020958,29.519756,29.372818,27.7186,23.834167,20.401316,21.92147,17.164186,19.415499,16.334934,13.072408,13.056953,10.889982,10.288189,11.026094,9.806269,12.147758,12.249044,17.21716,18.159395,20.358202,17.277622,17.169386,19.638645,23.474049,23.790525,21.013666,17.49678,20.943336,20.144154,23.76893,20.064846,16.259926,21.329136,17.407679,14.540436,15.748081,16.946014,13.679334,11.396963,14.421998,13.832864,18.35745,19.767931,19.880547,24.430637,20.670551,25.496548,24.472218,20.5603,16.384552,14.008057,11.602319,9.521544,4.98138,7.883266,8.497955,10.261182,12.250593,9.554747,10.298797,8.211813,11.301115,9.519845,11.504281,15.815759,14.14576,18.5222,21.760862,21.848364,20.868135,23.137297,17.75567,21.162857,18.101606,22.34448
20,24.810102,20.937931,22.93375,20.641037,18.535099,24.483858,19.49724,25.731253,25.61501,26.866734,31.578878,30.62405,30.258287,24.564363,20.654915,17.557121,13.89949,10.321879,5.743309,4.750154,0.0,3.7416894,4.7278614,4.133407,5.166148,5.111835,7.4003477,8.633819,13.13166,12.566649,20.539259,18.225893,25.246958,25.931551,28.22936,32.02495,31.241043,29.33236,25.688574,22.352507,23.703997,18.750093,21.631887,18.56331,14.052902,15.131927,10.962131,11.125585,10.004593,10.504023,13.614108,14.822588,19.284384,21.134378,22.6255,19.233788,20.27116,22.81589,26.680702,27.303118,24.630396,21.390171,25.007164,24.022484,27.938848,24.540714,20.472494,25.39803,21.557486,18.488504,18.922266,19.65967,15.997046,14.794525,17.377546,17.961712,22.191835,24.056837,24.353937,29.004307,25.30163,29.973333,28.979294,24.96557,20.86519,18.704702,15.937193,14.143954,9.222169,11.077402,10.451856,11.1798725,11.479628,8.834581,8.324967,9.0325775,12.383734,12.04239,14.6215925,19.428843,18.25586,22.685287,25.943281,26.3614,25.278284,27.749264,22.10706,25.340807,22.012024,25.875128
21,25.143385,21.346813,23.066278,21.5006,19.251574,24.980827,20.555887,26.172512,26.709423,27.518705,32.529675,31.78001,31.990688,26.35111,22.28449,19.008406,15.605086,11.368415,8.16656,5.3558426,3.7416894,0.0,4.203954,5.8352923,6.0607615,7.9067826,9.5552025,11.366088,15.257315,15.193851,22.768541,20.53262,27.571558,27.88884,30.596731,34.060387,33.491985,31.900051,27.985733,24.64338,26.471994,21.654226,24.336224,21.26868,17.268301,17.729443,14.254452,13.32935,12.234205,11.385977,14.505799,15.969366,20.560295,22.00122,24.178339,21.195585,21.789576,24.574223,28.07868,28.88127,26.277365,22.508446,25.446154,24.069126,27.718122,24.647635,20.139837,24.456078,20.075731,17.12549,16.758078,17.89608,13.981481,13.327883,16.857718,17.37331,22.074095,24.004848,24.612238,29.104847,25.498392,30.530054,29.258492,25.282257,21.094591,18.493288,16.03068,13.116969,7.94977,8.588617,7.222487,7.641005,7.919375,6.3384953,7.6852636,8.1338825,12.275585,12.339724,13.553489,19.179304,17.317858,22.206743,25.790117,25.683172,24.13294,26.413593,20.332802,23.195065,19.638504,23.122433
22,25.804667,22.344625,24.790483,23.228827,21.51662,27.51592,23.279058,29.469856,29.807838,31.037533,35.914608,35.143867,34.93595,29.260574,25.263714,22.163944,18.531141,14.714673,10.3309965,8.733162,4.7278614,4.203954,0.0,4.577823,6.94632,8.001639,11.551411,13.276055,17.748882,17.254248,25.26009,22.859346,29.928587,30.43986,32.737217,36.476433,35.48354,33.63489,29.986477,26.723566,28.2314,23.289467,26.287102,23.163902,18.434784,19.46865,14.852612,14.334028,11.968065,12.455019,15.893563,18.05288,22.149868,24.28325,25.848627,22.6823,24.144968,26.985886,30.47599,31.564625,29.090855,25.513561,28.622507,27.140854,31.064241,28.23909,23.575779,27.877123,23.774961,20.665241,19.959011,20.548727,16.567736,16.599215,19.430386,20.825497,25.150278,27.440641,28.18977,32.81755,29.31834,34.22293,33.111362,29.099052,24.941458,22.487434,19.871473,17.255636,12.104471,12.68615,10.803004,10.643967,9.240064,8.309604,8.245139,10.9218445,14.7551155,15.476325,17.254185,22.856222,21.360174,26.16129,29.675827,29.79888,28.296343,30.603096,24.510984,27.253456,23.560593,26.780455
23,28.423178,24.70322,26.937782,24.617895,22.605928,28.572037,23.394403,29.583952,29.197628,30.296389,34.870377,33.49332,32.868282,27.015835,23.605614,20.23029,16.840807,12.92543,9.171245,7.6424513,4.133407,5.8352923,4.577823,0.0,3.4921582,3.8016996,8.203445,10.47939,14.847806,15.020253,22.592096,21.015488,27.733625,29.028229,31.04164,35.107647,34.363564,32.14575,28.792727,25.449375,26.061098,20.934074,23.516666,19.985168,15.266617,15.786095,11.04388,10.002953,7.396801,8.536156,11.958169,14.256582,18.02533,20.557278,21.654293,18.414637,20.392105,23.313673,26.669039,28.083923,25.91189,22.378056,25.621056,24.19923,28.43602,25.829628,21.187868,25.81603,22.473011,19.145386,19.13311,19.044445,15.425074,15.069716,16.695072,18.645973,22.320625,24.872004,25.754316,30.565655,27.468433,32.194878,31.696182,27.923378,23.784624,21.342297,19.186304,16.620647,11.891935,13.575899,12.001314,13.198549,12.836471,11.746706,11.548931,12.975018,16.492668,16.079145,18.419807,23.220444,21.67124,26.152102,29.370367,29.420948,28.34268,30.15069,24.58611,27.396877,23.720423,27.284056
24,29.89318,25.94846,27.643188,25.24147,22.784533,28.4654,22.928577,28.517956,28.072388,28.657557,33.22976,31.560871,31.16932,25.236574,22.115948,18.3574,15.402397,10.85159,8.894647,6.1327085,5.166148,6.0607615,6.94632,3.4921582,0.0,3.6598186,6.0992417,9.329864,12.940388,14.142693,20.970257,20.08937,26.568106,28.08285,30.333086,34.29066,34.02408,31.875652,28.43503,25.004429,25.466043,20.36534,22.391455,18.605448,14.634753,14.049539,10.478379,7.9439197,6.4557333,5.6419663,9.001813,11.202222,15.220548,17.414103,18.981997,16.028185,17.596115,20.732862,23.809517,25.424425,23.427753,19.476002,22.356184,20.78363,25.002668,22.62378,17.779058,22.348995,19.17741,15.805602,16.06589,15.875974,12.447793,11.770316,13.244339,15.2285595,18.870142,21.51587,22.623356,27.438316,24.644386,29.505804,29.223526,25.67162,21.503769,18.780674,17.243307,14.053861,9.792502,11.788747,10.363226,12.520269,13.124461,12.381711,13.08258,13.138403,16.72347,15.530026,17.382614,21.891748,19.847895,24.287472,27.459854,27.082386,26.059828,27.363365,22.033377,24.699284,21.015757,24.681353
25,29.032707,25.11222,27.055658,24.14184,21.917128,27.714327,21.8999,28.02631,27.067724,28.15479,32.432087,30.705223,29.759558,23.866499,20.849205,17.436771,14.247486,10.699407,7.6062684,6.8918605,5.111835,7.9067826,8.001639,3.8016996,3.6598186,0.0,5.07099,7.3159537,11.5373535,12.032982,19.2168,18.13143,24.542997,26.307339,28.127121,32.35625,31.80618,29.393745,26.240944,22.882175,22.931768,17.761732,20.055597,16.362366,11.748804,12.04447,7.362378,6.6209784,4.993131,6.871525,9.83024,11.431268,15.218087,17.80412,18.523224,15.02534,17.069542,19.80906,23.376558,24.632608,22.4824,19.260513,22.92801,21.89135,26.241478,23.382273,19.217375,24.329723,21.534151,18.224691,19.169098,18.912374,15.755602,14.526887,15.34534,16.995028,20.201117,22.569351,23.200087,28.07018,25.047813,29.479885,29.32878,25.69942,21.687948,19.513706,17.5236,15.61369,11.526836,14.125008,13.347759,15.145904,15.638315,13.815465,13.343588,13.693151,16.631254,15.346115,18.234259,22.12704,20.82626,24.840904,27.722378,27.950577,27.305141,29.014679,24.007418,27.07521,23.685417,27.655207
26,29.163282,24.96837,26.0921,22.888767,20.11834,25.376047,19.024477,24.408731,23.189688,23.805523,27.981401,25.98143,25.250847,19.293402,16.526,12.763613,10.078714,6.2668586,6.248187,5.4399037,7.4003477,9.5552025,11.551411,8.203445,6.0992417,5.07099,0.0,3.9023294,6.874009,8.66694,14.8929615,14.506553,20.639967,22.5571,24.703184,28.731628,28.783434,26.541334,23.247374,19.813776,19.82141,14.809084,16.426424,12.619704,9.322032,8.320928,6.317556,5.1606593,7.2651896,6.8538394,8.464702,8.101611,12.705588,14.31711,15.597127,12.164227,12.912114,15.476969,19.332804,20.088736,17.730782,14.433634,18.381666,17.811356,21.973122,18.573479,15.001903,20.586056,18.039238,14.973468,17.08645,17.185966,14.626317,12.068778,12.787021,13.091448,16.274954,18.065079,18.304253,23.145761,20.04627,24.41581,24.398375,20.927319,16.985445,14.905998,13.349066,11.892063,9.046478,12.472958,12.858936,15.310897,17.077711,14.776808,14.832794,13.249034,15.598851,13.078878,15.814026,18.654156,17.266275,20.810434,23.418722,23.553656,23.260153,24.804464,20.414013,23.719868,20.789791,25.183556
27,26.92334,22.73101,23.784224,20.106272,17.459787,22.624462,16.04314,21.864162,20.236572,21.435751,25.387121,23.606308,22.508417,16.675255,13.619906,10.459897,7.276726,5.6588087,4.7970176,6.820701,8.633819,11.366088,13.276055,10.47939,9.329864,7.3159537,3.9023294,0.0,4.9364324,4.90469,12.152796,10.938828,17.343714,19.113628,21.07985,25.210384,25.025179,22.734324,19.475948,16.062826,16.166216,11.121485,13.261817,9.960333,6.280583,7.048225,5.3076587,7.6242237,9.9374275,10.623966,11.879659,10.582025,14.92164,16.22543,17.0173,13.262124,13.534585,15.193611,19.819025,19.534243,16.616684,14.469167,19.306234,19.537346,23.415586,19.13233,16.75187,22.685284,20.168207,17.44461,20.055622,20.547342,18.093117,15.09164,15.990056,15.239175,18.284342,19.267715,18.614664,23.248812,19.536823,23.362745,23.1128,19.435785,15.767096,14.571384,12.195835,12.747225,10.353682,13.979764,15.1299095,17.036154,18.88036,15.512458,14.707121,12.8382635,14.133614,11.366892,15.113542,17.02705,16.668327,19.590685,21.856213,22.824533,22.910501,25.203184,21.17055,24.961807,22.53513,27.190458
28,29.487917,25.229452,25.484116,21.605688,18.579065,22.769352,15.759315,20.256563,17.998072,18.507195,22.021147,19.574999,18.473831,12.502831,10.41925,6.7783966,5.4676094,5.5132427,8.871968,10.067349,13.13166,15.257315,17.748882,14.847806,12.940388,11.5373535,6.874009,4.9364324,0.0,4.8673716,8.086336,8.910591,14.131172,16.574696,18.700743,22.643444,23.312662,21.112188,18.01661,14.707833,14.150495,9.725101,10.231805,6.7113247,6.519194,4.62671,7.8354297,9.073974,12.848955,12.48164,12.394702,9.41825,13.378091,13.574883,14.527782,11.215501,9.883958,10.870875,15.797554,14.838304,11.731874,9.963453,15.293066,16.297707,19.836843,15.0966015,13.97522,20.111626,18.432556,16.212124,19.864187,20.364483,18.775995,15.030284,15.171373,13.266095,15.465192,15.655118,14.412865,18.904743,15.369865,18.800892,19.086193,15.865632,12.582327,11.861899,10.581346,12.032144,11.735875,15.497276,17.28541,19.678894,22.230738,19.040964,18.75453,15.815322,16.498356,12.779362,15.910058,16.12684,15.753048,17.653547,19.271582,20.10455,20.815573,22.611591,19.747232,23.544153,21.735672,26.5741
29,25.47535,21.33863,21.901682,17.649906,15.052106,19.562979,12.637233,18.454151,16.12609,17.900518,21.405956,19.829813,18.348806,12.810699,9.518377,7.547965,4.4301963,7.109185,7.2551465,10.4986725,12.566649,15.193851,17.254248,15.020253,14.142693,12.032982,8.66694,4.90469,4.8673716,0.0,8.516252,6.1043167,12.75441,14.325924,16.202873,20.349907,20.14541,17.898607,14.618037,11.217175,11.505516,6.6909237,9.274407,7.2692876,5.1386113,7.525505,8.0667,11.766239,14.493616,15.306466,16.051394,13.797775,17.752544,18.371716,18.881649,15.217661,14.488607,14.892019,20.136314,18.463758,14.920043,14.357423,19.880745,21.067335,24.404339,19.204655,18.422066,24.51351,22.211826,20.01823,23.258627,24.148743,22.00932,18.480543,19.44734,17.487913,20.202068,20.133467,18.409445,22.547283,18.250244,21.20082,20.71343,16.986504,13.959252,14.063727,11.159929,14.132379,12.933451,16.507902,18.482243,20.022715,22.168102,18.026896,16.711935,14.185826,13.9505825,10.72547,15.101493,15.199747,16.122862,17.853697,19.43603,21.369772,22.05262,25.022053,21.79026,25.989737,24.30929,29.184162
30,31.250978,27.274933,26.7324,22.311344,19.562576,21.98016,15.119478,17.967146,14.0221195,14.76586,16.517233,13.441982,10.9816675,5.3874526,6.177589,6.0575566,8.139258,12.153264,15.381867,17.552137,20.539259,22.768541,25.26009,22.592096,20.970257,19.2168,14.8929615,12.152796,8.086336,8.516252,0.0,5.8955665,6.616133,10.493337,11.9754925,15.808956,17.326588,15.140789,12.917484,10.453445,8.372411,6.8457227,4.1250763,4.64143,9.577902,8.9767275,13.784093,16.296719,20.207073,20.256508,19.547882,15.830137,18.336851,17.540104,17.60749,15.052107,12.4146595,10.542814,15.832914,12.169721,8.240418,10.7886715,16.55604,19.25916,21.610601,15.991171,17.9686,23.7175,23.04018,21.752949,26.14732,26.874058,25.93292,21.788502,21.51666,18.441046,19.310257,17.803463,14.853419,17.921253,14.245357,15.176692,15.921015,13.567687,12.351246,13.999796,13.135028,17.223589,18.427507,21.942286,24.427029,26.528152,29.356703,25.536924,24.768238,21.362644,20.50857,16.571106,19.783115,17.146938,18.359081,17.877253,17.763372,19.824978,21.78447,23.919735,23.003555,26.989103,26.3898,31.30209
31,25.483482,21.601225,21.225615,16.612488,14.151808,16.96654,10.088023,14.727263,11.210044,13.615035,16.216885,14.929903,13.028153,8.354755,5.0076346,6.376918,5.934401,11.219869,12.565501,15.774996,18.225893,20.53262,22.859346,21.015488,20.08937,18.13143,14.506553,10.938828,8.910591,6.1043167,5.8955665,0.0,7.2449517,8.249113,10.3254,14.272353,14.464921,12.541328,9.11827,5.8405614,6.8278575,4.550549,6.3364162,7.640093,9.149033,11.222858,13.577645,17.30961,20.423424,20.98575,21.252882,18.252539,21.743925,21.491903,21.919003,18.73567,16.825472,15.831862,21.22628,17.938105,13.897773,15.321412,20.990505,23.167345,25.653027,19.68361,20.79642,26.690987,24.753881,23.259127,27.068905,28.34522,26.6393,22.665237,23.663599,20.542006,22.765305,21.491488,18.625809,21.79469,17.053978,18.57419,17.775324,14.320285,12.666286,14.489269,11.688911,16.775362,17.00618,20.291883,22.955555,24.261267,26.78062,22.24045,20.824554,17.628033,15.974607,12.555745,16.612738,14.192697,16.521385,16.38993,16.772268,19.82569,21.314075,24.836271,22.873146,27.290249,26.566315,31.514946
32,30.63458,27.138655,26.164137,21.547667,19.475948,20.419344,14.632697,16.491865,11.53881,13.513601,13.493567,11.307059,7.3600082,5.49394,7.1999435,10.444338,12.332195,17.42628,19.678661,22.600903,25.246958,27.571558,29.928587,27.733625,26.568106,24.542997,20.639967,17.343714,14.131172,12.75441,6.616133,7.2449517,0.0,5.5332646,5.630134,9.494397,11.249938,9.287002,8.064372,7.272195,4.9321327,8.023415,5.7996206,9.852532,13.990247,15.051646,18.910913,22.41047,25.989763,26.504705,26.040054,22.424774,24.82598,23.966814,23.752596,21.28851,18.752346,16.273195,21.172327,16.516188,12.854717,16.711943,22.069109,25.19963,26.909817,20.972881,23.900213,29.36703,28.56277,27.61613,32.009228,33.09914,32.05688,27.836761,27.99726,24.493927,25.433401,23.312565,19.730642,21.685308,17.702272,16.922693,16.996605,15.06111,15.3263855,18.174526,16.706005,22.104239,23.39202,26.64971,29.482813,31.042797,33.80397,29.367527,28.033684,24.662535,22.695095,19.2221,22.624634,18.630743,21.258768,19.488674,18.332975,21.715202,24.141462,27.144512,26.879797,31.066835,31.082163,35.967785
33,26.954283,23.739983,22.134417,17.809784,15.997445,15.696553,11.043988,11.964836,6.927611,10.264285,10.3498745,10.440538,8.320552,8.11043,7.169992,11.542268,12.973637,18.350185,20.189161,23.249846,25.931551,27.88884,30.43986,29.028229,28.08285,26.307339,22.5571,19.113628,16.574696,14.325924,10.493337,8.249113,5.5332646,0.0,4.543865,6.321861,7.9456234,7.885697,4.9555335,5.1777043,7.707885,10.687615,10.461466,14.02456,16.98036,18.674828,21.71267,25.339191,28.637323,28.934334,28.924274,25.500416,28.61953,27.576988,28.06877,25.484879,22.673702,20.624628,25.531506,20.833996,16.897255,19.985592,25.038452,28.01119,29.372452,23.012173,25.922516,31.202778,29.586445,28.884193,33.007446,34.71819,33.40208,29.162258,30.342398,26.254616,28.046125,25.616306,21.804594,23.386854,18.582712,17.90796,16.460264,14.04829,14.775999,18.145088,15.928369,22.141264,23.498667,26.285482,29.469395,30.446938,33.246323,28.470158,27.064426,23.433374,20.652657,17.626783,20.691675,15.888629,19.506784,17.09506,15.654682,19.986956,22.315275,26.35555,25.996265,30.365034,30.772604,35.548374
34,28.971123,26.036621,24.892902,20.296303,19.073746,18.925816,14.643344,16.19387,11.250977,14.591275,13.623544,13.257937,9.5971155,10.368898,10.75838,14.774259,15.946134,21.355177,22.577269,26.020958,28.22936,30.596731,32.737217,31.04164,30.333086,28.127121,24.703184,21.07985,18.700743,16.202873,11.9754925,10.3254,5.630134,4.543865,0.0,5.0891995,5.7113714,4.2032695,4.5507317,6.4731245,6.1956587,10.880327,10.390778,14.672374,17.66983,19.852148,22.715431,26.903284,30.080713,30.992289,30.904491,27.529238,30.164474,29.488556,29.225296,26.557013,24.294954,21.88483,26.768456,21.99575,18.411629,22.232372,27.517546,30.634586,32.195057,26.06817,29.024765,34.454662,33.218075,32.32546,36.517544,37.90551,36.573486,32.401814,33.073414,29.44238,30.793484,28.559313,24.824184,26.42869,22.102629,20.91218,20.165253,18.185493,18.913729,22.126472,19.951704,25.932123,26.909983,29.917286,32.888004,33.90581,36.450138,31.556484,29.71106,26.618216,23.878876,21.094414,24.669533,20.259027,23.840977,21.620789,20.133919,24.386353,26.79195,30.606731,30.294743,34.64651,34.891373,39.728226
35,29.991251,27.417067,25.522001,21.4773,20.446342,18.695715,15.973951,15.2862015,10.682312,13.713951,11.250073,12.244764,9.674948,12.688988,13.28811,17.673363,19.28735,24.668486,26.300486,29.519756,32.02495,34.060387,36.476433,35.107647,34.29066,32.35625,28.731628,25.210384,22.643444,20.349907,15.808956,14.272353,9.494397,6.321861,5.0891995,0.0,4.803468,6.833851,7.403777,10.016839,11.257026,15.696516,15.002204,19.17076,22.405237,24.250893,27.361069,31.252438,34.54551,35.065132,34.932205,31.396505,34.13491,32.983707,33.11855,30.742838,27.917742,25.355812,29.911133,24.731224,21.235634,25.171055,29.946138,33.26391,34.204475,27.959894,31.559393,36.57104,35.296875,34.834915,39.074596,40.803375,39.632217,35.344814,36.35363,32.15225,33.54,30.77269,26.714283,27.51291,23.176674,21.189709,19.881582,18.496567,20.177032,23.847094,21.92525,28.233707,29.761488,32.439827,35.693714,36.52918,39.28196,34.36316,32.728317,29.266148,26.119183,23.48131,26.359333,21.066956,25.009626,21.861538,19.631317,24.244741,26.888222,30.922453,31.339945,35.57475,36.40963,41.06391
36,27.165691,24.937714,23.545446,19.318558,19.037577,17.635115,15.453618,16.470848,12.391712,16.514696,15.129623,16.497034,13.83078,15.498145,14.941481,19.163784,19.809973,25.22464,25.67035,29.372818,31.241043,33.491985,35.48354,34.363564,34.02408,31.80618,28.783434,25.025179,23.312662,20.14541,17.326588,14.464921,11.249938,7.9456234,5.7113714,4.803468,0.0,4.037668,5.5914946,9.03103,10.881063,15.207401,15.741613,19.874453,22.00502,24.836105,26.917587,31.45682,34.279087,35.36907,35.63603,32.47952,35.43701,34.83972,34.735676,31.905539,29.735998,27.48952,32.41413,27.603216,23.95324,27.537592,32.73723,35.774643,37.20046,30.894928,33.78083,39.136906,37.41487,36.598064,40.541904,42.26267,40.665543,36.568035,37.80831,34.006855,35.82288,33.49482,29.671238,31.04387,26.384272,25.113094,23.582129,21.510704,22.489182,25.865433,23.161205,29.45534,30.193308,32.857185,35.93498,36.40841,38.74739,33.541298,31.348505,28.511099,25.131033,23.114323,26.58174,21.986935,26.255434,23.755436,22.12702,26.959558,29.205727,33.72746,33.297947,37.73202,38.18829,42.90612
