,0,1,2,3,4,5,6,7,8,9,10,11,12,13,14,15,16,17,18,19,20,21,22,23,24,25,26,27,28,29,30,31,32,33,34,35,36,37,38,39,40,41,42,43,44,45,46,47,48,49,50,51,52,53,54,55,56,57,58,59,60,61,62,63,64,65,66,67,68,69,70,71,72,73,74,75,76,77,78,79,80,81,82,83,84,85,86,87,88,89,90,91,92,93,94,95,96,97,98,99,100,101,102,103,104,105,106,107,108,109,110
0,0.0,4.6596856,6.93042,9.13601,12.184376,14.155365,17.019201,19.9701,22.568674,26.598711,27.908674,30.96585,29.986582,28.555357,24.000639,22.223322,17.099655,15.4829445,11.316471,11.171707,7.958864,7.2758183,9.360645,9.010752,12.10062,14.214421,17.006863,15.5767765,19.52871,17.861359,23.992321,26.090845,29.301006,31.447395,34.425247,36.525925,39.789436,40.968994,36.84339,33.664642,32.189983,29.18485,27.110083,25.085596,22.988052,22.267544,18.969925,23.093569,22.490364,23.968277,25.496447,25.18358,27.249918,30.121834,27.46679,28.524927,24.817318,21.52884,23.70081,22.833998,21.09118,26.288298,28.602467,28.628483,33.93615,31.668165,35.718723,35.822292,37.292828,33.04854,29.683165,32.418846,30.269432,32.651535,31.444828,32.72602,33.7575,34.303604,33.99706,36.675865,33.58123,30.365818,30.550266,26.832834,25.67413,22.006153,22.776617,17.330244,19.55701,18.804325,21.344738,24.22987,24.990448,28.336706,28.810196,31.689922,33.725445,34.054417,35.264656,34.264362,37.747902,35.312428,40.0819,42.872513,41.37006,38.39705,38.74495,32.600018,33.310814,28.766039,29.437235
1,4.6596856,0.0,5.258041,6.376329,8.748482,11.741542,14.366213,17.6077,20.35158,24.34082,26.155157,29.423014,28.524414,27.727873,22.632122,21.259277,16.399387,14.445118,11.704724,10.353993,8.866178,5.804775,10.344895,8.251293,13.205581,14.711647,16.060368,14.222042,18.583178,15.80401,22.66244,23.655844,27.545235,28.876213,32.19075,33.97353,37.513386,38.75181,34.886005,32.043816,29.84337,27.538446,24.795319,23.134783,20.35239,20.04059,16.615057,20.61762,19.62148,20.500355,21.84379,21.063673,23.277475,26.02058,23.621082,24.903069,21.429066,18.019653,19.865604,19.693594,18.175894,23.775072,26.123854,26.774818,31.943752,30.496782,34.85204,35.193424,36.998253,32.80723,29.601772,32.883972,30.49264,33.391438,31.83994,33.613274,34.452183,34.49692,34.1545,36.41649,33.17549,30.151913,29.499876,25.926935,25.267145,21.078083,22.76076,17.58001,19.719433,19.60291,21.720602,23.97157,24.749292,27.91609,27.945656,30.450432,32.080654,32.61358,33.303173,32.775227,35.96629,34.01452,38.72977,41.313614,40.38587,37.54771,38.373726,32.20075,33.544876,29.191807,30.53084
2,6.93042,5.258041,0.0,4.7188997,6.959616,7.8861513,11.402733,13.571702,17.03939,20.530834,22.486883,25.484695,24.168015,23.306112,17.85504,17.318937,12.047995,11.410517,8.010621,9.238612,9.02985,8.588955,13.418221,12.830046,17.36823,17.901577,18.893822,15.968522,19.674976,16.097712,22.496328,22.435844,25.525238,27.52424,30.119875,32.519222,35.65357,37.314194,33.475193,30.736317,29.388819,27.173054,24.792793,24.303553,21.084547,22.195683,19.64411,23.782118,23.183046,23.679977,24.40192,23.068584,24.56312,26.732296,23.582047,24.830233,22.227251,19.311996,21.931826,22.233751,20.106897,25.791122,27.403105,28.287428,32.987778,31.48033,35.89322,35.67755,37.860313,34.08841,30.418583,33.25075,30.2818,32.785698,30.585934,31.97819,32.240772,32.09863,31.203728,33.39059,29.822598,27.112995,26.821566,23.497091,23.486767,19.284481,22.000444,17.571726,20.681692,21.220802,23.93346,26.134264,27.738684,30.559332,30.066696,32.798206,34.252354,34.112976,34.32839,33.229126,36.13061,33.53839,37.98126,40.110645,39.078667,36.46783,36.614212,30.816229,31.938992,27.593178,29.07307
3,9.13601,6.376329,4.7188997,0.0,3.2918296,5.916895,8.087801,11.697166,13.992179,18.129856,19.815565,23.146725,22.451225,21.835184,17.074858,15.233565,10.886858,8.561994,7.7708707,5.9027457,7.538119,6.401555,11.896683,11.506513,16.3251,15.608989,15.441722,12.005447,15.610028,11.516655,18.14239,18.000355,21.551922,23.162497,26.11422,28.216902,31.546776,33.021503,29.198864,26.500278,24.777637,22.698183,20.118406,19.750982,16.38631,17.869623,15.80106,19.911701,19.673801,20.115765,20.50928,19.364107,20.424643,22.667429,19.316488,20.401903,17.64363,14.863741,17.936747,18.099684,15.692512,21.335331,22.75715,23.785757,28.360996,27.116922,31.63824,31.52697,33.877434,30.197332,26.631302,29.800667,26.74959,29.676422,27.415417,29.319815,29.692122,29.271627,28.711094,30.660206,27.28805,24.471998,23.474272,20.081089,20.038576,15.573236,18.526426,14.346672,17.281721,18.382631,20.827477,22.536,24.431032,26.944439,26.059464,28.669273,29.922426,29.691675,29.702198,28.720404,31.541567,29.192364,33.66626,35.858196,35.067097,32.450058,33.085793,27.157217,28.764538,24.608068,26.563822
4,12.184376,8.748482,6.959616,3.2918296,0.0,4.6154838,5.990277,9.738441,12.131831,16.059397,18.225292,21.648794,21.006111,20.99363,15.914946,14.620567,10.970218,8.803241,9.734738,7.713819,10.452485,8.839807,14.487781,13.598568,18.749079,17.68231,16.566385,12.861674,16.234322,11.207187,17.896183,16.342348,20.262262,21.238174,24.282818,26.232529,29.679932,31.295124,27.742832,25.410212,23.298317,21.926405,18.917358,19.282183,15.285918,17.600163,15.902888,19.700443,19.342392,19.168016,19.12386,17.429174,18.226198,20.101469,16.683317,17.942448,15.797383,13.241098,16.281929,17.210321,14.870422,20.6107,21.757908,23.35437,27.55787,26.989973,31.65818,31.598206,34.242294,30.774115,27.31731,30.70359,27.43815,30.58954,28.003363,30.158255,30.270456,29.429617,28.753296,30.299498,26.818996,24.302958,22.653097,19.560581,20.124437,15.418541,19.255613,15.766586,18.606188,20.189478,22.350525,23.546263,25.566738,27.79609,26.494099,28.811317,29.681887,29.427725,28.892488,28.158113,30.610605,28.538818,32.827785,34.714962,34.38231,31.966005,32.83367,27.087786,29.120352,25.241549,27.665388
5,14.155365,11.741542,7.8861513,5.916895,4.6154838,0.0,4.053356,5.898328,9.35982,12.729952,14.976031,18.102642,17.000322,16.854267,11.422838,10.938916,6.9939375,6.7242665,7.846289,8.577095,11.789126,12.128393,17.278515,17.359917,22.031273,20.665503,19.804106,15.670428,18.205488,13.180121,18.691868,16.336489,19.005117,20.944363,23.022236,25.714989,28.60545,30.636242,27.091553,24.827044,23.861225,22.435656,20.105835,21.471548,17.520832,20.768047,19.76126,23.574091,23.577536,23.363173,22.97884,21.098707,21.233404,22.53163,18.47916,19.542688,18.322403,16.457901,19.984722,20.97903,18.253645,23.641405,24.107859,25.665386,29.373621,28.542793,33.092552,32.467834,35.341175,32.287754,28.451134,31.252638,27.557444,30.188868,27.06711,28.751902,28.310246,27.336693,26.100084,27.599195,23.799019,21.617289,20.471014,17.687466,18.920893,14.442284,19.11903,16.509687,20.07684,21.990995,24.646566,25.940876,28.533674,30.523502,28.954546,31.512339,32.335823,31.458391,30.65128,29.273027,31.472755,28.688059,32.648964,34.10295,33.5441,31.35676,31.43847,26.153563,27.834454,24.0088,26.456816
6,17.019201,14.366213,11.402733,8.087801,5.990277,4.053356,0.0,5.0075984,6.145121,10.27009,12.257116,15.723812,15.344276,15.633244,11.332243,9.509144,7.7454567,6.1059513,10.071641,8.971164,13.15826,13.367423,18.222935,18.507446,23.03495,20.799267,18.96056,14.5522375,16.383018,10.89013,15.780333,12.421746,15.330624,16.910908,19.126343,21.68121,24.670353,26.664259,23.21217,21.135107,20.009108,18.982718,16.56617,18.681427,14.526611,18.654945,18.497826,21.980318,22.372944,21.96182,21.078537,19.261995,18.638767,19.66621,15.200038,16.018448,15.261551,14.038749,18.004557,19.056093,16.104729,21.081606,21.017862,22.843805,26.08092,25.642227,30.223982,29.567877,32.69593,29.939455,26.21249,29.167793,25.310555,28.213566,24.880817,26.978947,26.46192,25.08702,24.053001,25.162743,21.520622,19.43487,17.423681,14.812749,16.428562,11.812136,17.159353,15.471444,18.805399,21.29901,23.657341,24.378838,27.301132,28.843428,26.797487,29.171003,29.68152,28.54957,27.321766,25.954332,27.86536,25.221823,29.040365,30.35098,30.10722,28.042767,28.483576,23.298307,25.477245,22.017563,24.989845
7,19.9701,17.6077,13.571702,11.697166,9.738441,5.898328,5.0075984,0.0,5.529486,7.14809,10.230945,13.070959,11.723066,12.57486,6.9075522,8.251116,7.189274,8.723525,11.762708,12.99979,16.851404,17.650959,22.54998,22.904842,27.462484,25.460398,23.897093,19.450392,20.97779,15.6429,19.578167,15.0913515,16.624039,18.626577,19.657568,22.822292,25.171167,27.716537,24.626326,22.986715,22.743692,22.161972,20.179522,23.106346,18.924717,23.49465,23.47509,26.86925,27.158485,26.452038,25.373549,23.073795,22.224394,22.54898,18.020813,18.884932,19.271118,18.468637,22.201365,23.739428,20.877136,25.671637,25.210028,27.207888,29.914713,29.600283,34.048748,33.01041,36.338764,33.967323,30.0725,32.56277,28.405636,30.80755,26.97503,28.565794,27.360468,25.719898,23.92842,24.723791,20.65325,19.338572,17.721802,15.919943,18.49032,14.444541,20.349464,19.38588,23.071775,25.635155,28.244884,29.026865,32.146587,33.5816,31.387001,33.77424,34.137707,32.689156,31.082916,29.427626,30.8986,27.880716,31.173777,31.817904,31.633183,29.971447,29.668688,25.23699,27.116453,23.912199,26.887337
8,22.568674,20.35158,17.03939,13.992179,12.131831,9.35982,6.145121,5.529486,0.0,5.0479407,6.209676,9.798315,10.11622,10.987795,8.933617,6.276327,8.641751,8.356692,13.563814,13.20105,17.63289,18.799406,22.952543,23.9604,27.967802,24.942837,22.630241,18.072748,18.413162,13.406768,15.546365,10.345548,11.128538,13.566908,14.307544,17.682945,19.894804,22.35916,19.155975,17.54327,17.844679,17.35101,15.93578,19.724287,15.931965,21.24248,22.340109,25.37368,26.352934,25.792627,24.289627,22.524126,20.728827,20.886225,15.844499,16.033636,16.804512,16.93797,21.247387,22.286898,19.089905,22.95687,21.714632,23.634779,25.655865,25.38518,29.659111,28.377008,31.928852,30.038052,26.210897,28.579247,24.252592,26.75234,22.691172,24.656082,23.381208,21.327759,19.86605,20.28347,16.51719,15.192677,12.604022,11.05223,14.135406,10.417449,16.828756,17.261494,20.65968,23.790869,26.160046,26.395096,29.993982,30.8442,28.174189,30.492037,30.625256,28.64395,26.73035,24.720871,25.906015,22.69157,25.762335,26.297647,26.185476,24.638474,24.53961,20.29912,22.59989,19.891123,23.387506
9,26.598711,24.34082,20.530834,18.129856,16.059397,12.729952,10.27009,7.14809,5.0479407,0.0,4.5824437,6.9029193,6.492703,9.142787,7.382118,8.186329,11.417613,12.798102,17.241894,17.956228,22.237806,23.455992,27.815401,28.665142,32.847973,29.964346,27.64431,23.09917,23.32205,18.340279,19.886312,13.682015,13.196602,15.313001,14.656824,18.381733,19.805082,22.85086,20.381441,19.583258,20.48989,20.821756,19.654467,24.11084,20.253098,25.873186,27.083403,29.919851,30.759762,29.81719,28.060995,25.832094,23.779785,23.184345,18.315586,18.551464,20.489613,21.003195,24.960289,26.551893,23.552053,27.209808,25.618074,27.828146,29.192913,29.34592,33.439793,31.91709,35.665276,34.21748,30.42924,32.476425,27.986357,30.107172,25.665213,27.262104,25.31776,22.850538,20.715162,20.434366,16.433445,16.30972,13.79263,13.60496,17.493837,14.59858,21.062668,22.057817,25.511646,28.705729,31.10571,31.230597,34.91423,35.60018,32.734947,34.893486,34.75688,32.573025,30.162973,28.110119,28.668798,25.421131,27.745752,27.419872,27.66932,26.702736,26.075737,22.891808,25.060278,22.906425,26.453056
10,27.908674,26.155157,22.486883,19.815565,18.225292,14.976031,12.257116,10.230945,6.209676,4.5824437,0.0,3.71471,5.557688,7.0066857,9.221087,6.8613286,11.901756,12.838912,17.723896,18.236582,22.481339,24.433258,28.041506,29.64578,33.193447,29.760075,27.447042,22.940805,22.287138,18.150469,18.06293,12.630578,10.185964,13.8751955,12.158817,16.556347,17.287853,20.27437,17.505869,16.466478,18.804884,18.576496,18.512672,23.178886,20.082367,25.743395,27.551552,30.334661,31.709787,31.175222,29.385649,27.746853,25.326078,24.917442,19.817972,19.512033,21.186087,22.073498,26.459002,27.341322,24.047382,27.022694,24.976456,26.694712,27.647856,27.25305,30.987751,29.018438,32.784748,31.770855,27.885405,29.388594,24.785913,26.509989,21.862066,23.28883,21.099512,18.451565,16.274673,15.859337,11.921387,11.967301,9.517748,9.933671,14.1891365,12.326947,18.533548,20.604694,23.997765,27.380579,29.840506,29.866804,33.931908,34.279457,31.275549,33.60877,33.542297,30.816376,28.516224,25.801315,26.301394,22.39423,24.445852,24.050278,23.805294,22.93164,21.778488,19.027964,20.97731,19.206678,22.835049
11,30.96585,29.423014,25.484695,23.146725,21.648794,18.102642,15.723812,13.070959,9.798315,6.9029193,3.71471,0.0,3.7877529,5.7643127,10.192051,9.123329,14.326692,15.969322,20.379848,21.52101,25.600378,27.86579,31.352148,33.14089,36.56625,33.110874,30.933622,26.448565,25.570877,21.72008,21.063505,15.790867,12.336254,16.211246,13.353009,17.990503,17.779215,21.013208,18.687603,18.044582,21.24617,21.141449,21.578554,26.434935,23.56393,29.261976,31.199718,33.94463,35.387135,34.831516,32.97071,31.281013,28.726616,28.072212,23.046389,22.657658,24.663166,25.710882,30.058002,30.969835,27.673977,30.428772,28.157019,29.790112,30.338533,29.87397,33.31837,31.037727,34.830593,34.211983,30.310564,31.334589,26.681124,27.884977,23.041653,23.974434,21.245998,18.407822,15.665185,14.727671,10.754639,11.983211,10.342701,11.818226,16.195995,15.191116,21.021273,23.554272,26.99146,30.372458,32.926693,32.96178,37.165882,37.371872,34.300583,36.650913,36.52747,33.533558,31.110434,28.129698,28.30704,24.136766,25.57779,24.616722,24.270609,23.834755,21.942068,20.221563,21.745985,20.4812,23.938232
12,29.986582,28.524414,24.168015,22.451225,21.006111,17.000322,15.344276,11.723066,10.11622,6.492703,5.557688,3.7877529,0.0,4.271139,7.2815723,8.84709,13.121219,15.839024,19.40209,21.514828,25.38145,27.685602,31.49766,33.09385,36.75791,33.774982,32.008503,27.445618,27.1338,22.950823,23.305569,18.151943,15.48889,19.182522,16.839119,21.331692,21.388994,24.66048,22.306581,21.506166,24.276148,24.018702,24.051733,28.57181,25.360485,30.878626,32.294846,35.31056,36.443512,35.826683,34.15138,32.16162,30.015196,29.425623,24.471231,24.431383,26.27936,26.885487,31.105185,32.266617,29.022161,32.361965,30.470995,32.171967,33.192646,32.631054,36.25909,34.07701,37.768196,36.82891,32.774918,33.852173,29.214117,30.330769,25.56826,26.187998,23.466795,21.001846,17.956007,17.496578,13.274701,14.296898,13.5722685,14.394727,18.489119,16.977024,22.895607,24.698257,28.459126,31.603842,34.39873,34.78401,38.82676,39.373833,36.53505,39.00776,39.04452,36.295994,34.04805,31.202948,31.628313,27.487726,29.189472,28.371904,27.914696,27.334017,25.262434,23.266052,24.455942,22.723597,25.837168
13,28.555357,27.727873,23.306112,21.835184,20.99363,16.854267,15.633244,12.57486,10.987795,9.142787,7.0066857,5.7643127,4.271139,0.0,7.542965,7.1012006,11.473077,14.475039,17.452963,20.142199,23.610954,26.649107,29.904613,32.082542,35.241447,32.233738,30.999256,26.5146,26.010172,22.475266,22.502537,18.81619,15.657757,20.49394,18.221119,22.930004,22.894047,25.868908,22.97493,21.513184,24.971308,23.74213,24.350723,28.338387,25.610834,30.70815,32.056263,35.32473,36.66386,36.50418,35.098854,33.50464,31.554842,31.446484,26.34483,26.194515,27.276772,27.625204,32.127937,32.709057,29.253193,32.572796,30.818478,31.975454,33.31025,31.939146,35.382885,32.956352,36.408066,35.420254,31.143694,31.750286,27.157671,27.785501,23.104277,23.192781,20.437048,18.43518,15.173176,15.491261,11.116239,11.69921,12.616107,12.982523,16.551994,15.564994,20.851006,22.712467,26.66225,29.612667,32.69125,33.41885,37.56746,38.20283,35.610847,38.41667,38.80255,35.896038,34.17561,30.87854,31.73333,27.034,28.961641,28.570934,27.297575,26.446266,23.74338,21.618734,22.08131,20.065447,22.71319
14,24.000639,22.632122,17.85504,17.074858,15.914946,11.422838,11.332243,6.9075522,8.933617,7.382118,9.221087,10.192051,7.2815723,7.542965,0.0,7.358365,8.095609,12.121244,14.064516,17.373789,20.745768,22.86835,27.147,28.312712,32.316406,30.229168,29.210836,24.6963,25.543339,20.943954,23.395504,19.148182,18.426613,21.844696,21.16449,25.232658,26.40826,29.370745,26.432337,24.915293,26.447367,25.568825,24.722614,28.13405,24.48098,29.257025,29.591078,33.09348,33.685276,33.18508,32.05236,29.85859,28.690521,28.710096,23.962893,24.504557,25.345411,24.920258,28.903938,30.170963,27.061552,31.446342,30.501904,32.1513,34.369392,33.504936,37.566948,35.841152,39.22167,37.38367,33.16728,34.71112,30.290302,31.721878,27.442978,28.074146,26.052565,24.396366,21.669418,22.376375,17.99351,17.58599,17.436808,16.553621,19.677149,16.880922,22.653017,22.68002,26.788496,29.378714,32.441235,33.458557,37.010086,38.269604,36.00902,38.690437,39.14306,37.066257,35.42717,32.984608,34.204998,30.300682,32.982018,33.043896,32.33551,31.067417,29.417658,26.048609,27.06453,24.18538,26.80242
15,22.223322,21.259277,17.318937,15.233565,14.620567,10.938916,9.509144,8.251116,6.276327,8.186329,6.8613286,9.123329,8.84709,7.1012006,7.358365,0.0,5.6680713,7.4323387,11.351923,13.109134,16.810438,19.675413,22.94276,25.069017,28.259052,25.25531,24.0368,19.53993,19.442888,15.745369,16.857306,14.171782,12.775271,17.467672,17.041592,21.19493,22.472818,24.892462,21.24902,18.96835,21.1563,19.248194,19.235912,22.381718,19.568142,24.197668,25.202929,28.667263,29.961054,30.077232,28.972536,27.698566,26.164383,26.737469,21.656296,21.624132,21.622427,21.45835,26.070232,26.279503,22.773273,26.474081,25.270638,26.275532,28.484533,26.889524,30.7363,28.817816,32.08497,30.344238,26.0389,27.379126,22.946577,24.409746,20.203598,21.122564,19.499634,17.995092,15.936654,17.199299,13.130508,11.499928,11.475994,9.685762,12.374776,9.859307,15.452063,16.255915,20.293362,23.150557,26.200823,27.090214,31.001913,31.956469,29.629053,32.53128,33.177284,30.736265,29.507374,26.557722,28.14198,23.792513,26.792652,27.476484,26.16335,24.506638,22.977972,19.02924,20.029945,16.95439,19.7598
16,17.099655,16.399387,12.047995,10.886858,10.970218,6.9939375,7.7454567,7.189274,8.641751,11.417613,11.901756,14.326692,13.121219,11.473077,8.095609,5.6680713,0.0,4.997891,6.299204,9.832833,12.858671,15.753907,19.404726,21.220425,24.662518,22.571127,22.226171,17.897333,19.028309,15.180054,18.363594,16.79781,17.088808,21.05404,21.705263,25.379131,27.290548,29.50068,25.682724,23.097603,24.196823,21.923512,21.149069,23.074417,20.024416,23.684912,23.591175,27.492802,28.286491,28.586145,28.038387,26.684591,26.07634,27.193703,22.485697,22.928123,21.99972,20.856241,25.134983,25.33841,22.03616,26.598661,26.30878,27.201683,30.39997,28.580097,32.67312,31.20143,34.094692,31.609137,27.287712,28.987516,24.945305,26.597532,23.047998,23.881971,22.91351,22.139194,20.38253,22.249802,18.330128,16.190847,16.580587,13.980424,15.388973,12.01426,16.668737,15.421329,19.687284,21.84412,25.132452,26.666155,30.025627,31.65423,29.941645,32.98701,34.010784,32.218864,31.560751,29.049593,31.21512,27.236395,30.832268,32.06851,30.66133,28.604889,27.41779,22.723478,23.488804,19.6734,21.786955
17,15.4829445,14.445118,11.410517,8.561994,8.803241,6.7242665,6.1059513,8.723525,8.356692,12.798102,12.838912,15.969322,15.839024,14.475039,12.121244,7.4323387,4.997891,0.0,6.0502934,5.7088165,9.685091,12.269129,15.662881,17.643541,20.942123,18.255606,17.41691,13.008806,14.0808325,10.283901,13.881435,13.450963,14.811146,18.343542,19.970785,23.05444,25.513832,27.22976,23.157787,20.246819,20.591875,17.943045,16.932785,18.255718,15.43379,18.784002,18.863707,22.735186,23.791594,24.365335,23.879679,23.050268,22.4189,23.984934,19.369778,19.633947,17.910192,16.672829,21.152967,20.812654,17.390768,21.80953,21.691082,22.391827,25.907875,24.010775,28.227772,27.085718,29.881432,27.11281,22.936401,25.158875,21.313658,23.617325,20.476883,22.059587,21.801807,21.100574,20.23924,22.1743,18.772034,15.9565735,15.465734,12.123417,12.616717,8.492284,12.828687,11.037331,15.091164,17.434555,20.476505,21.81796,25.15879,26.747162,25.027382,28.045406,29.132364,27.517008,27.11064,24.816895,27.303328,23.687729,27.721668,29.512774,28.18513,25.791807,25.481802,20.048313,21.338665,17.3599,19.73445
18,11.316471,11.704724,8.010621,7.7708707,9.734738,7.846289,10.071641,11.762708,13.563814,17.241894,17.723896,20.379848,19.40209,17.452963,14.064516,11.351923,6.299204,6.0502934,0.0,6.399491,7.4231095,11.085096,14.122783,16.260292,19.240683,17.91557,18.819273,15.1245165,17.140896,14.332394,18.652332,19.374453,20.700563,24.370516,25.95237,29.102833,31.49288,33.202557,29.045786,25.94434,26.343655,23.275663,22.293602,22.530355,20.03807,22.093294,21.03274,25.274233,25.874128,26.821203,27.006382,26.212154,26.472057,28.410387,24.220116,24.79214,22.49781,20.495691,24.434843,23.917557,20.837225,25.676954,26.29488,26.587378,30.732672,28.276485,32.33078,31.276749,33.574654,30.386707,26.164074,28.047861,24.658953,26.424648,23.85373,24.68869,24.67407,24.736177,23.690145,26.211048,22.778992,19.898249,20.665232,17.305058,17.117365,13.68195,16.29944,13.017603,17.107714,18.278172,21.750507,24.019188,26.776155,29.016712,28.103401,31.367867,32.936802,31.714952,31.97136,29.719357,32.606983,28.90568,33.09478,35.12315,33.34923,30.792841,30.01275,24.568369,25.014032,20.616692,21.889904
19,11.171707,10.353993,9.238612,5.9027457,7.713819,8.577095,8.971164,12.99979,13.20105,17.956228,18.236582,21.52101,21.514828,20.142199,17.373789,13.109134,9.832833,5.7088165,6.399491,0.0,4.5886135,6.8717384,10.007247,12.083475,15.249862,12.880278,12.717551,8.784534,11.206527,8.384099,13.675797,15.505688,18.19688,20.866959,23.5412,25.847038,28.857618,30.026062,25.809282,22.597364,21.808065,18.662493,17.141691,16.520306,14.231936,15.723517,14.770955,18.974014,19.851011,21.04664,21.262596,21.07608,21.310282,23.71617,19.82266,20.22544,17.054502,14.897342,18.928436,17.815617,14.675524,19.407478,20.32999,20.538542,25.042864,22.809433,27.07037,26.57464,28.811596,25.279366,21.40434,24.180164,21.095583,23.844496,21.755589,23.647135,24.33278,24.213388,24.092339,26.364092,23.442514,20.167004,19.627487,15.86717,14.932008,10.90981,12.852034,8.623485,12.066535,13.537762,16.463717,18.311573,20.962381,23.152617,22.148197,25.23463,26.767109,25.89879,26.32801,24.590061,27.72014,24.753572,29.329403,31.858416,30.454372,27.638874,28.075792,21.988739,23.289835,19.012974,20.800669
20,7.958864,8.866178,9.02985,7.538119,10.452485,11.789126,13.15826,16.851404,17.63289,22.237806,22.481339,25.600378,25.38145,23.610954,20.745768,16.810438,12.858671,9.685091,7.4231095,4.5886135,0.0,5.405447,6.725329,9.71693,11.946662,10.626572,12.412151,9.799361,12.688974,11.607892,16.637085,19.75571,22.34017,25.13885,27.871925,30.095537,33.09053,34.067734,29.733578,26.296963,25.539278,21.933537,20.635561,18.893858,17.358826,17.36333,15.542139,19.855814,20.530018,22.312813,23.170628,23.39994,24.274765,27.071417,23.620638,24.090649,20.344675,17.75748,21.222437,19.569347,16.849392,21.421206,22.958023,22.577278,27.55712,24.734125,28.70279,28.379301,30.053074,26.136337,22.395987,24.939642,22.470364,24.901075,23.543715,25.059,26.202284,26.698288,26.761208,29.455158,26.729298,23.248348,23.409882,19.538347,17.903961,14.540794,14.824559,9.508868,12.362312,12.476068,15.616347,18.303652,20.300827,23.040796,22.875767,26.144531,28.159122,27.665136,28.834597,27.155148,30.678177,27.750835,32.48257,35.36765,33.57846,30.560457,30.871586,24.685625,25.426287,20.926477,21.849434
21,7.2758183,5.804775,8.588955,6.401555,8.839807,12.128393,13.367423,17.650959,18.799406,23.455992,24.433258,27.86579,27.685602,26.649107,22.86835,19.675413,15.753907,12.269129,11.085096,6.8717384,5.405447,0.0,5.8570323,5.483655,9.970868,9.637137,10.543006,8.594094,12.925008,11.054025,17.56076,19.952541,23.865757,25.29541,28.837608,30.374979,33.937748,34.78066,30.73268,27.636179,25.453695,22.630333,20.21422,17.928144,15.860031,15.054653,12.069444,16.340015,16.234667,17.812042,19.03655,19.189,20.814009,23.89885,21.232841,22.045046,17.90676,14.687615,17.25089,15.918899,13.905944,19.052538,21.336584,21.482302,26.780725,24.913464,29.168236,29.559849,31.243576,27.009748,23.864286,27.288626,25.0919,28.235023,27.016106,29.139086,30.377403,30.50676,30.721697,33.0253,30.242096,26.90445,26.053934,22.277899,20.955502,17.02284,17.772764,12.378916,14.04996,14.042542,16.06343,18.222631,19.313816,22.331202,22.27875,24.969194,26.755287,27.107805,28.12137,27.435726,30.864159,28.939798,33.788696,36.72133,35.62198,32.62312,33.807426,27.443193,28.919537,24.67044,26.062426
22,9.360645,10.344895,13.418221,11.896683,14.487781,17.278515,18.222935,22.54998,22.952543,27.815401,28.041506,31.352148,31.49766,29.904613,27.147,22.94276,19.404726,15.662881,14.122783,10.007247,6.725329,5.8570323,0.0,5.283856,5.3467755,4.9020433,8.636502,8.800803,12.246107,13.188697,18.094833,22.671638,26.086393,27.951727,31.463575,32.85586,36.257736,36.646748,32.37191,28.883465,27.082949,23.380852,21.783684,18.228973,17.78173,15.389421,12.535359,16.481077,17.019394,19.67877,21.329632,22.570044,24.131048,27.564539,25.090305,25.510159,20.76616,17.8043,20.23598,17.565447,15.727856,19.59814,22.134445,21.137968,26.722033,23.808758,27.487118,27.99819,28.94899,24.412245,21.52186,24.630142,23.28013,26.165712,25.947634,27.911768,29.851467,30.617704,31.408844,34.105503,31.883936,28.187922,27.908705,23.960482,21.572884,18.594887,17.20487,11.340403,11.7701435,10.242963,12.182842,15.193692,15.740376,19.139479,20.019588,23.037495,25.466604,25.93294,27.98042,27.07714,31.00491,29.021461,34.007084,37.494717,35.81926,32.548965,33.772434,27.312899,28.276838,24.02101,24.605087
23,9.010752,8.251293,12.830046,11.506513,13.598568,17.359917,18.507446,22.904842,23.9604,28.665142,29.64578,33.14089,33.09385,32.082542,28.312712,25.069017,21.220425,17.643541,16.260292,12.083475,9.71693,5.483655,5.283856,0.0,5.874231,7.8509874,9.831857,10.363667,14.772911,14.375551,20.494322,23.789076,28.12751,28.973097,32.97379,33.963013,37.77255,38.23125,34.256836,31.14762,28.290327,25.461332,22.87212,19.327759,18.078598,15.359212,11.271894,14.973996,14.332424,16.591978,18.677328,19.59498,21.996805,25.535925,23.82017,24.649744,19.889038,16.40689,17.728197,15.744497,14.803797,19.295952,22.427952,22.169914,27.844833,26.005281,29.972286,30.9843,32.096535,27.45538,25.00022,28.706482,27.316406,30.63682,30.18752,32.473415,34.212902,34.59535,35.219757,37.600826,35.105747,31.618359,30.661627,26.837421,25.024364,21.424002,21.071136,15.415682,15.676682,14.554925,15.557457,17.817602,17.511501,21.036848,21.878143,24.21972,26.280035,27.495886,29.15416,29.113846,32.787357,31.558783,36.539528,39.864834,38.823162,35.66682,37.376907,30.87427,32.380966,28.244612,29.293955
24,12.10062,13.205581,17.36823,16.3251,18.749079,22.031273,23.03495,27.462484,27.967802,32.847973,33.193447,36.56625,36.75791,35.241447,32.316406,28.259052,24.662518,20.942123,19.240683,15.249862,11.946662,9.970868,5.3467755,5.874231,0.0,5.5153303,10.038148,12.254589,15.525712,17.25614,21.898262,26.886402,30.675789,32.001133,35.874973,36.81416,40.418663,40.507545,36.34231,32.905308,30.520512,26.939611,25.161026,20.712643,20.85708,17.053167,13.493386,16.598965,16.682823,19.826466,22.132812,23.928707,26.095036,29.8254,28.13795,28.610182,23.486074,20.360046,21.743961,18.691944,17.8166,20.998585,24.195185,22.889093,28.664558,25.856285,29.161572,30.253057,30.620594,25.785854,23.674597,26.941061,26.402609,29.362757,29.833265,31.888617,34.206978,35.160946,36.2475,38.96811,36.955837,33.1986,32.797855,28.866081,26.227074,23.46771,21.45192,15.7607565,14.988227,12.518903,13.124331,16.084293,15.010762,18.862623,20.717613,23.300423,25.966658,27.256485,29.868967,29.580427,33.650566,32.326145,37.354763,41.135254,39.545807,36.183823,37.84827,31.368698,32.355495,28.28425,28.569569
25,14.214421,14.711647,17.901577,15.608989,17.68231,20.665503,20.799267,25.460398,24.942837,29.964346,29.760075,33.110874,33.774982,32.233738,30.229168,25.25531,22.571127,18.255606,17.91557,12.880278,10.626572,9.637137,4.9020433,7.8509874,5.5153303,0.0,5.492446,7.9378505,10.313956,13.169884,16.779493,22.568628,26.08559,27.524954,31.323284,32.168167,35.63646,35.530193,31.315437,27.793867,25.648752,21.754475,20.41449,15.830445,16.637053,12.937446,10.589493,13.849349,15.111304,18.402939,20.114372,22.259777,23.560658,27.201435,25.0897,25.166105,20.01298,17.426622,19.6208,15.970382,14.420989,16.966406,19.694984,18.004345,23.682177,20.505121,23.839552,24.784386,25.304695,20.543312,18.249804,21.702248,21.068338,24.300686,24.786606,27.181032,29.611195,30.43894,31.839113,34.421337,32.725685,28.921608,28.286318,24.40781,21.480532,19.07732,16.480888,11.123248,9.649341,7.4151263,8.002982,10.940504,10.917834,14.4521265,15.801639,18.769033,21.468689,22.220102,24.864721,24.230711,28.367884,26.907902,31.929266,35.80029,34.14484,30.760784,32.624805,26.1454,27.326769,23.468529,24.020983
26,17.006863,16.060368,18.893822,15.441722,16.566385,19.804106,18.96056,23.897093,22.630241,27.64431,27.447042,30.933622,32.008503,30.999256,29.210836,24.0368,22.226171,17.41691,18.819273,12.717551,12.412151,10.543006,8.636502,9.831857,10.038148,5.492446,0.0,4.5832725,6.755744,9.557839,13.070707,18.516766,22.684343,23.160238,27.40464,27.684725,31.4243,31.132572,27.162895,23.94607,20.89846,17.567371,15.629743,10.719226,11.644499,7.447649,5.861675,9.074294,11.104241,14.238685,15.451366,17.914057,18.701859,22.33107,20.395712,20.278088,14.984018,12.744694,15.039564,11.000084,9.30559,11.492573,14.292152,12.93799,18.699144,16.38518,20.21315,21.533016,22.560152,17.918186,15.91398,20.28265,19.330843,23.35251,23.443943,26.568893,28.810003,29.021872,30.581034,32.632282,31.034601,27.424847,25.764532,22.114613,19.523333,16.8776,14.931972,10.585324,8.491025,8.237977,7.573363,8.447228,9.105815,11.9185505,12.125316,14.7180805,16.925653,17.794077,19.937468,19.85486,23.78344,23.01101,28.021715,31.813564,30.796778,27.534252,30.180769,23.704826,25.769451,22.363125,23.822014
27,15.5767765,14.222042,15.968522,12.005447,12.861674,15.670428,14.5522375,19.450392,18.072748,23.09917,22.940805,26.448565,27.445618,26.5146,24.6963,19.53993,17.897333,13.008806,15.1245165,8.784534,9.799361,8.594094,8.800803,10.363667,12.254589,7.9378505,4.5832725,0.0,4.7247076,5.3134503,10.216903,14.770605,18.873276,19.781055,23.777822,24.560858,28.208363,28.342045,24.258387,21.034124,18.430159,15.148311,13.067396,9.674507,9.1309395,7.6686687,7.0981994,11.00145,12.835013,14.989773,15.480654,16.999138,17.239809,20.482037,17.676048,17.605347,12.790153,10.637965,14.152667,11.110644,8.187502,11.773195,13.6263485,13.099947,18.44273,16.351103,20.656193,21.294752,23.061089,18.904343,16.048468,20.17024,18.189594,22.141548,21.307943,24.37169,26.090193,25.974138,27.12461,29.07042,27.127638,23.63116,21.871536,18.178667,16.080969,12.829837,12.182781,7.8724265,7.5866957,8.975972,9.919086,10.730561,12.889798,15.012747,14.115966,16.896114,18.59276,18.557858,19.754015,19.052284,22.686234,21.201494,26.176388,29.55242,28.579931,25.452679,27.647903,21.15204,23.343985,19.739424,21.692606
28,19.52871,18.583178,19.674976,15.610028,16.234322,18.205488,16.383018,20.97779,18.413162,23.32205,22.287138,25.570877,27.1338,26.010172,25.543339,19.442888,19.028309,14.0808325,17.140896,11.206527,12.688974,12.925008,12.246107,14.772911,15.525712,10.313956,6.755744,4.7247076,0.0,6.001949,6.536721,13.262021,16.47225,17.79307,21.48981,22.168917,25.485582,25.252865,21.02383,17.539812,15.61554,11.456095,10.655949,7.084481,8.522359,7.762978,9.724792,12.469055,15.292729,17.48155,17.419563,19.338448,18.590984,21.500736,18.381739,17.684,13.260716,12.395489,16.311342,12.853359,9.673703,11.078168,11.752683,10.270649,15.18923,12.160956,16.354486,16.670826,18.55222,14.650352,11.524108,15.717246,13.682702,17.904638,17.270315,20.696764,22.6657,22.547062,24.220905,26.076,24.720491,21.159409,19.328224,15.787398,13.035893,10.881849,8.750422,6.323292,4.658102,7.5836334,8.224068,8.067427,11.701929,12.748964,11.059838,14.27858,16.000074,15.000019,16.41101,14.9371195,18.80196,16.95038,21.971561,25.62317,24.343521,21.104364,23.529692,17.044596,19.373762,16.180277,18.300646
29,17.861359,15.80401,16.097712,11.516655,11.207187,13.180121,10.89013,15.6429,13.406768,18.340279,18.150469,21.72008,22.950823,22.475266,20.943954,15.745369,15.180054,10.283901,14.332394,8.384099,11.607892,11.054025,13.188697,14.375551,17.25614,13.169884,9.557839,5.3134503,6.001949,0.0,7.349544,9.637394,14.087193,14.830806,18.771324,19.774523,23.436382,23.927664,19.9323,16.989658,14.428934,11.822678,9.257645,8.493712,5.9437118,8.579789,9.785449,13.052223,14.880419,15.844226,15.242022,15.839454,14.959945,17.486221,13.752341,13.515476,9.676129,8.482921,13.162017,11.423229,7.725968,11.582773,11.990594,12.667817,16.969501,15.791141,20.453398,20.579977,23.205519,19.842556,16.661898,20.63399,17.693087,21.710297,19.800346,23.06418,24.076462,23.24443,24.040697,25.4744,23.289118,20.1529,17.588604,14.162191,13.10163,9.153102,10.920922,8.690461,9.81488,12.644542,13.871321,13.799307,16.821764,18.03225,15.941631,18.409124,19.285044,18.429258,18.290592,17.263609,20.228125,18.430471,23.152897,25.940546,25.423445,22.614649,24.74223,18.50128,21.28447,17.99288,20.857012
30,23.992321,22.66244,22.496328,18.14239,17.896183,18.691868,15.780333,19.578167,15.546365,19.886312,18.06293,21.063505,23.305569,22.502537,23.395504,16.857306,18.363594,13.881435,18.652332,13.675797,16.637085,17.56076,18.094833,20.494322,21.898262,16.779493,13.070707,10.216903,6.536721,7.349544,0.0,8.354705,10.444533,12.12089,15.31415,16.145355,19.116922,18.93473,14.578822,11.028753,10.100801,5.4100437,6.263069,6.830479,7.8068037,10.852613,14.359741,16.304136,19.259651,20.47632,19.344595,20.641487,18.500721,20.392918,16.493849,15.175761,12.468974,13.321377,17.83931,15.418445,11.964945,12.315955,10.595098,9.982933,12.656063,10.262568,14.5713825,13.858334,16.966877,14.587004,11.164962,14.7637005,11.432251,15.754661,13.818378,17.754986,19.003555,17.978765,19.691803,20.83752,19.759722,16.608526,13.738964,10.786128,8.685734,7.33417,6.9861336,9.07691,9.029027,12.830774,13.609981,12.389578,16.682693,16.380749,13.257801,15.921872,16.562172,13.994392,13.745427,11.075387,14.181798,11.388836,16.239594,19.459663,18.440603,15.450358,18.064127,11.833582,15.185526,12.888276,16.271536
31,26.090845,23.655844,22.435844,18.000355,16.342348,16.336489,12.421746,15.0913515,10.345548,13.682015,12.630578,15.790867,18.151943,18.81619,19.148182,14.171782,16.79781,13.450963,19.374453,15.505688,19.75571,19.952541,22.671638,23.789076,26.886402,22.568628,18.516766,14.770605,13.262021,9.637394,8.354705,0.0,6.2660203,5.405101,9.337326,10.460841,14.084385,15.114793,11.561706,9.812614,7.6996713,8.043568,6.0370235,11.311171,8.45311,14.504169,17.556894,19.287716,21.290174,20.93272,18.83945,18.464476,15.370142,15.778743,10.936566,9.622235,10.053331,12.043117,16.521616,16.468357,13.313396,14.858507,12.393928,14.5092945,15.525576,16.213724,20.506891,19.776793,23.558897,22.01551,19.074053,22.322483,18.48351,22.200848,18.892063,22.41165,22.190144,19.901104,20.339243,20.261818,18.26297,16.373207,11.594074,10.040971,11.588715,8.836001,13.381998,15.235837,16.610912,20.302624,21.295776,20.043312,23.775167,23.578815,20.12488,21.771875,21.284761,19.034527,16.535894,14.957528,15.917398,13.883321,17.352497,18.696714,19.412807,17.58622,19.904955,15.14736,19.084845,17.416672,21.56355
32,29.301006,27.545235,25.525238,21.551922,20.262262,19.005117,15.330624,16.624039,11.128538,13.196602,10.185964,12.336254,15.48889,15.657757,18.426613,12.775271,17.088808,14.811146,20.700563,18.19688,22.34017,23.865757,26.086393,28.12751,30.675789,26.08559,22.684343,18.873276,16.47225,14.087193,10.444533,6.2660203,0.0,6.5546727,6.0765667,9.504353,11.064616,12.620977,8.598902,6.5333204,9.581792,8.955049,10.372329,15.540411,14.0509615,19.594126,22.873394,24.76084,27.087147,27.040274,25.016636,24.724655,21.524818,21.568512,16.722565,15.284344,16.248001,18.212503,22.769732,22.393959,19.076265,20.026466,17.046793,18.231123,18.188057,17.804768,21.235134,19.310465,23.286024,22.768867,19.444324,21.310629,16.952717,19.616785,15.46082,18.48288,17.446508,14.580555,14.774001,14.180403,12.513897,11.152741,5.713314,5.8099523,8.758607,8.36841,12.897625,16.66824,18.508371,22.347692,23.827187,22.77886,27.104786,26.528028,22.986177,24.991503,24.630157,21.347315,18.90298,15.807585,16.204254,12.290643,14.741331,15.295296,15.206682,13.840909,14.775848,11.133752,14.810487,14.010275,18.4143
33,31.447395,28.876213,27.52424,23.162497,21.238174,20.944363,16.910908,18.626577,13.566908,15.313001,13.8751955,16.211246,19.182522,20.49394,21.844696,17.467672,21.05404,18.343542,24.370516,20.866959,25.13885,25.29541,27.951727,28.973097,32.001133,27.524954,23.160238,19.781055,17.79307,14.830806,12.12089,5.405101,6.5546727,0.0,5.413705,5.1051087,9.129895,10.218386,7.644919,7.9062767,5.826233,9.18038,8.270546,14.346371,12.27227,18.171093,21.76279,22.71809,24.806767,24.0307,21.447285,20.970453,17.100412,16.424618,12.139802,10.268374,12.722982,15.674616,19.418648,19.772839,17.159082,17.387043,13.981019,16.442347,15.491383,17.412294,21.07085,20.182764,24.267447,23.716534,21.357485,24.266788,20.522816,24.0205,20.540821,24.13248,23.49813,20.591259,21.085518,19.985674,18.594042,17.65814,12.028717,12.215399,14.431626,13.066346,17.185303,20.04873,21.034266,24.813297,25.433765,23.612091,27.358427,26.518774,22.635365,23.656675,22.462357,19.791958,16.164873,14.767607,14.150715,12.818159,14.904067,15.132456,17.123589,16.168,18.99828,15.733134,20.111357,19.650955,24.045773
34,34.425247,32.19075,30.119875,26.11422,24.282818,23.022236,19.126343,19.657568,14.307544,14.656824,12.158817,13.353009,16.839119,18.221119,21.16449,17.041592,21.705263,19.970785,25.95237,23.5412,27.871925,28.837608,31.463575,32.97379,35.874973,31.323284,27.40464,23.777822,21.48981,18.771324,15.31415,9.337326,6.0765667,5.413705,0.0,4.864233,5.6378145,8.23723,6.2060194,7.5823956,9.816498,12.15691,12.986806,18.92779,17.2246,23.079573,26.6434,27.868803,30.033993,29.347296,26.80707,26.13162,22.299343,21.297894,16.94378,15.287996,18.023624,20.760557,24.665495,25.040243,22.232372,22.527548,18.988634,20.926775,19.436502,20.649311,23.67273,21.94064,26.121746,26.324665,23.699165,25.598743,21.530535,24.123468,20.035728,23.021603,21.566774,18.143387,18.125317,16.210602,15.063228,15.173309,9.461087,11.386256,14.574443,14.385151,18.734198,22.526442,24.00419,27.869299,28.914501,27.330986,31.447481,30.466413,26.567625,27.844524,26.74451,23.465794,19.894438,17.541147,16.352577,13.773824,14.480488,13.307071,15.13943,15.042276,16.565186,14.918998,18.852959,19.150589,23.574787
35,36.525925,33.97353,32.519222,28.216902,26.232529,25.714989,21.68121,22.822292,17.682945,18.381733,16.556347,17.990503,21.331692,22.930004,25.232658,21.19493,25.379131,23.05444,29.102833,25.847038,30.095537,30.374979,32.85586,33.963013,36.81416,32.168167,27.684725,24.560858,22.168917,19.774523,16.145355,10.460841,9.504353,5.1051087,4.864233,0.0,4.729104,5.696831,5.4278708,8.304095,7.7047067,11.99042,12.207144,18.09682,16.759928,22.30004,26.223785,26.693052,28.900364,27.972897,25.166306,24.753819,20.542234,19.22906,15.701998,13.679282,16.862856,20.167217,23.430004,23.859886,21.574749,20.876797,16.998919,19.321068,16.858198,19.395388,22.227417,21.118536,25.280664,25.671757,23.814634,26.235163,22.69193,25.811821,22.33177,25.825483,24.883593,21.59483,22.19081,20.25024,19.619226,19.502846,13.787146,15.208277,17.58739,17.259605,20.864805,24.444624,25.167336,28.97365,29.363949,27.189852,30.963104,29.613237,25.504187,26.093557,24.440432,21.399641,17.148184,15.786866,13.734919,13.022913,13.305443,12.107847,15.392969,15.467877,18.551758,16.961407,21.389853,21.987965,26.3988
