,0,1,2,3,4,5,6,7,8,9,10,11,12,13,14,15,16,17,18,19,20,21,22,23,24,25,26,27,28,29,30,31,32,33,34,35,36,37,38,39,40,41,42,43,44,45,46,47,48,49,50,51,52,53,54,55,56,57,58,59,60,61,62,63,64,65,66,67,68,69,70,71,72,73,74,75,76,77,78,79,80,81,82,83,84,85,86,87,88,89,90,91,92,93,94,95,96,97,98,99,100,101,102,103,104,105,106,107,108,109,110,111,112,113,114,115
0,0.0,4.2829103,6.8443117,9.780674,12.298757,14.64638,17.623285,21.19852,24.766918,27.942518,30.601297,35.82961,32.785835,30.799406,25.973663,24.74793,20.831602,20.021908,16.714674,14.767653,14.40469,12.307339,16.743107,16.0891,18.373123,20.770344,19.862854,20.377022,20.126268,21.920158,22.788012,24.47536,28.33395,28.91469,32.84607,34.90926,38.230812,39.68169,36.043964,34.239143,32.34643,31.246939,29.498165,27.448097,28.50758,24.186014,28.894459,26.172293,24.88432,29.560654,32.45598,30.073748,36.08554,38.274498,37.728535,38.447487,37.161724,36.891624,35.45894,36.039944,35.655296,37.607975,36.587833,38.37648,32.55799,31.869774,34.147575,32.12206,36.2198,40.221725,37.737934,39.49956,34.38574,38.2089,36.191463,37.756687,38.911602,35.24474,39.614628,36.094494,38.102543,39.70582,35.040092,32.294678,29.62451,27.551682,25.149752,20.497517,19.347944,15.624062,15.406924,12.126252,14.2735615,13.628943,19.105457,20.65907,22.235392,25.020733,26.111944,23.30215,30.36114,31.538795,29.084753,34.041813,33.710087,31.194954,33.976658,38.51253,41.014694,41.348583,38.919548,40.946594,35.197987,38.54093,35.103157,38.034843
1,4.2829103,0.0,5.3579726,6.496324,8.624819,12.09373,14.0479,18.370148,21.435713,25.189524,27.485481,32.89334,30.177708,28.110748,23.650414,21.76555,18.1628,16.651276,13.574029,11.02715,11.094378,9.0427265,13.608639,13.747261,15.684765,17.715517,16.249912,16.60654,16.070429,18.15809,18.836538,21.083612,24.98498,26.14294,29.855787,32.24957,35.324436,36.519997,32.60741,30.55875,28.740316,27.294987,25.60565,23.317621,24.609877,20.143242,25.036964,22.651703,21.321623,26.168276,28.755577,26.347733,32.373165,34.423935,33.664,34.278652,32.919613,32.612713,31.195072,31.915476,31.515507,33.633385,32.709766,34.703693,28.991568,27.975374,30.541092,28.540712,32.80672,36.689075,34.21755,35.824745,30.512655,34.515575,32.3508,34.101067,35.136948,31.35414,35.860405,32.223225,34.38901,36.071274,31.416046,28.505974,25.643124,23.781902,21.001495,16.473385,15.1611185,11.419483,11.6068735,8.275756,11.396756,11.878571,17.225283,17.66336,20.04444,21.863472,22.603983,20.047157,27.055098,27.836689,25.247025,30.329693,29.692474,27.059599,29.917097,34.51303,37.19622,37.411026,34.891777,37.08089,31.228384,34.634415,31.293694,34.294052
2,6.8443117,5.3579726,0.0,5.211119,6.8734956,8.3766575,11.581685,14.485989,18.339493,21.152449,24.040556,29.08028,26.187286,24.451271,19.43086,18.526354,14.828268,14.303385,12.001817,10.636274,12.251807,11.756297,16.608404,17.748201,19.967033,21.488016,19.901133,19.136013,17.510824,19.21867,18.678152,21.199022,23.564386,24.918179,28.205246,30.417402,33.93518,35.411972,31.771826,29.789629,28.86303,27.122288,26.672398,24.0606,26.659319,22.601133,27.781296,26.275732,24.831917,29.920177,31.960604,29.208801,35.330875,37.196774,35.791378,35.967697,34.122112,33.249943,31.166122,30.931646,30.661142,32.001854,31.030449,32.757385,27.272816,27.259909,30.03504,28.763973,32.855556,37.322357,33.97949,35.222614,29.85614,33.147533,30.832294,31.955418,33.01147,29.436369,33.494095,30.266243,32.10987,33.87562,29.163204,26.808971,24.262657,22.40137,20.546127,15.898005,15.968299,12.855109,14.099535,11.872305,15.037601,15.250215,20.907866,20.396425,22.019072,23.445515,24.216034,20.150038,27.356133,27.596449,24.484547,29.29465,29.32635,26.736809,28.804895,33.34058,35.58533,35.720085,33.455368,35.010174,29.568918,32.90797,29.553705,32.717598
3,9.780674,6.496324,5.211119,0.0,3.853462,6.0591145,8.970087,12.589546,15.510223,19.442482,21.363054,27.009666,23.965164,21.717947,17.567547,15.344205,11.736386,10.279334,7.331787,5.506112,7.3340106,7.6895185,12.301494,14.382163,16.603271,17.539318,16.48873,14.497037,12.641441,14.052326,13.690536,16.049047,18.893385,20.371054,23.745087,26.196178,29.400036,30.677485,26.878325,24.88982,23.70706,22.157246,21.5497,19.179615,21.806768,18.461086,23.428162,22.66748,21.837622,26.6862,28.230856,26.302183,32.107246,33.457005,31.928965,31.919998,29.853214,29.217255,27.23735,27.53085,26.487974,28.197838,26.933249,28.602467,22.840366,22.45197,25.028502,23.592762,27.732607,32.121647,28.90738,30.274508,25.008745,28.563568,26.496685,27.990593,29.268188,25.855654,30.416954,27.335339,29.689497,31.8911,27.168777,24.594427,21.356855,20.445515,17.341768,13.330888,13.000922,10.009098,12.389303,9.789527,14.533404,16.244583,21.194143,19.685522,22.711096,22.756487,22.799688,19.701939,26.574316,25.983334,22.486948,27.569178,26.752157,23.687302,25.732954,30.569696,33.309395,32.834564,30.258688,31.700293,25.858273,28.947035,25.38664,28.311815
4,12.298757,8.624819,6.8734956,3.853462,0.0,5.8714633,5.5024886,10.356931,12.882535,17.067127,19.06345,24.513952,22.280073,20.374268,16.323826,13.886778,11.138892,8.854128,7.8099117,5.457814,9.092717,9.761015,13.762317,16.379957,17.850195,18.412226,16.097082,14.510889,11.880276,13.9291,12.434899,16.27693,18.270596,20.879536,23.567587,26.391794,29.404543,30.395802,26.28861,23.84304,23.256056,20.7669,20.787891,17.662447,21.092228,17.192764,22.51817,22.042835,20.693495,25.79369,27.028038,24.39683,30.30633,31.764969,29.853294,29.706627,27.592316,26.554953,24.350075,24.247896,23.840302,25.410044,24.576063,26.673685,21.42001,20.89744,24.283756,23.23068,27.546324,31.821558,28.400484,29.280636,23.541887,27.076065,24.45622,25.89302,26.74607,22.970543,27.337673,23.956976,26.16636,28.19875,23.480576,20.861082,17.81887,16.63963,13.962452,9.732126,10.105773,7.774272,10.657256,9.529084,13.709499,15.618324,20.296244,17.789637,20.651628,20.024542,19.978445,16.386099,23.164604,22.335783,18.752094,23.773241,23.183771,20.271076,22.273012,26.997608,29.608753,29.378212,26.915972,28.655422,22.975304,26.417553,23.211727,26.532017
5,14.64638,12.09373,8.3766575,6.0591145,5.8714633,0.0,6.982175,7.315764,11.047041,14.00131,16.255566,21.693218,18.22638,16.182339,11.598363,10.234423,6.4799986,6.757397,5.9859867,7.1885066,10.564975,12.570685,16.474218,19.366238,21.631826,21.942661,20.925978,17.775223,14.8398075,15.436596,13.3763895,15.834543,16.167778,18.036715,20.60171,22.863075,26.504555,28.05911,24.665648,22.823862,22.909184,21.072083,22.193174,19.645725,23.775492,21.359707,26.250132,26.653181,25.882986,30.718067,31.509151,29.51165,35.134846,36.087143,33.82714,33.2352,30.561836,29.322754,26.58311,25.791418,24.581213,25.275476,23.806808,25.000715,19.575558,20.603464,23.310602,22.94096,26.683697,31.69011,27.423683,28.271484,23.124592,25.632418,23.502815,24.189102,25.602884,22.673565,26.744322,24.42955,26.537802,29.056566,24.364456,22.57069,19.570244,19.24402,17.053043,13.695939,15.014767,13.310162,16.494604,15.012631,19.484539,21.107487,26.054611,23.616592,26.175314,25.453444,25.300241,21.117212,27.686037,26.138533,21.982647,26.590656,26.284103,23.202543,24.044693,28.789309,31.10683,30.215445,27.897846,28.322025,23.004456,25.779753,22.162678,25.154556
6,17.623285,14.0479,11.581685,8.970087,5.5024886,6.982175,0.0,6.473012,7.9090095,12.404177,14.232117,19.459667,18.096737,16.626896,13.106467,10.418386,9.3847475,6.576781,8.837446,7.7873974,12.372944,13.994962,17.036379,20.408457,21.409416,21.261547,18.371084,16.242203,12.5914135,14.459166,11.104198,16.179272,16.13356,20.044825,21.57635,24.691097,27.5246,28.26649,24.067358,21.252136,21.871483,18.364431,19.926569,16.142746,21.057676,17.609097,22.86736,23.50104,22.004154,27.021189,27.401957,24.439589,30.070322,31.223541,28.541647,27.8723,25.327581,23.602076,20.74721,19.686646,19.692371,20.625885,20.122677,22.463066,18.007555,17.94136,22.152565,22.004591,26.199986,30.556347,26.516592,26.651987,20.591202,23.583847,20.389082,21.443207,21.906927,17.988722,22.02366,18.731714,20.815035,22.995735,18.26331,15.975652,13.059072,12.331808,10.459552,7.0816264,9.535986,9.378955,12.871748,13.363694,16.908775,19.045328,23.098839,19.2399,21.883118,19.86938,19.39643,15.1370735,21.183577,19.21629,15.001876,19.681072,19.388714,16.50476,17.638548,22.28751,24.673094,24.275541,21.983568,23.47238,18.139786,21.7648,18.92425,22.647219
7,21.19852,18.370148,14.485989,12.589546,10.356931,7.315764,6.473012,0.0,4.945098,6.8641124,9.697695,14.6411085,12.299204,11.232747,6.8599796,6.206033,6.1374545,6.6422095,10.266874,11.700137,15.969607,18.399609,21.481054,25.038372,26.633759,26.316513,24.334877,21.097492,17.26738,17.88642,13.929534,17.711098,15.149665,18.76179,19.478539,22.031101,25.435394,26.66863,23.294321,21.034845,22.847355,19.746313,22.79554,19.536654,25.186941,23.05826,27.877104,29.282011,28.168596,32.977825,32.92591,30.366777,35.68351,36.39408,33.28689,32.121788,29.034954,26.930975,23.425688,21.187462,20.646215,20.123009,19.124659,20.46878,16.462841,18.466661,22.173403,23.089674,26.557201,31.588343,26.530897,26.29113,20.877182,22.332336,19.431028,19.234207,20.0859,17.215708,20.402906,18.559193,20.199217,22.838428,18.314684,17.415216,15.087996,15.303425,14.762486,12.734777,15.747415,15.803182,19.31375,19.426744,23.170235,24.928059,29.327864,25.567438,27.666552,25.695284,25.236504,20.28877,25.831131,23.173325,18.57866,22.30625,22.668179,19.922182,19.401968,23.711426,25.431221,24.385012,22.512331,22.290028,17.885712,20.731731,17.736225,21.244673
8,24.766918,21.435713,18.339493,15.510223,12.882535,11.047041,7.9090095,4.945098,0.0,6.0674686,6.3579965,11.970974,10.832364,9.71035,8.1801,5.1990604,7.9890804,6.858797,11.687161,12.923491,17.129507,19.833042,21.96244,25.965387,27.055447,26.163536,24.02728,20.426971,16.312996,16.730345,11.998009,16.360191,12.700218,17.53816,17.248707,20.285135,23.015488,23.715841,20.06026,17.40263,19.946354,16.128073,20.093672,16.656868,22.939907,21.496433,25.862146,28.13334,27.231592,31.664131,30.917751,28.671047,33.45417,33.72081,30.210993,28.678194,25.316904,22.979437,19.229675,16.765238,15.917472,15.1821,14.279332,15.974483,12.632447,14.543866,18.847689,20.293188,23.652636,28.397835,23.235512,22.455807,16.846273,18.127739,14.791122,14.666802,15.266848,12.294184,15.784953,14.115747,16.20273,19.324707,14.95486,14.14544,11.420625,13.085405,12.204339,11.955859,15.152541,16.270773,20.032707,20.711548,24.44443,26.810848,30.487242,25.918236,28.569532,25.423384,24.38152,20.22732,24.749712,21.124765,16.277737,19.689457,19.472082,16.55054,15.31617,19.679125,21.682636,19.996454,17.963797,17.526567,12.974621,15.818897,13.023274,16.797823
9,27.942518,25.189524,21.152449,19.442482,17.067127,14.00131,12.404177,6.8641124,6.0674686,0.0,5.0157137,8.004468,7.066462,8.058134,6.0268645,7.6960754,10.607294,11.777081,16.162766,17.984892,22.155132,24.86369,27.44881,31.296318,32.68687,31.977993,29.853552,26.352407,22.282337,22.51314,17.885777,21.50365,16.69989,20.841648,19.8572,22.138372,25.268414,26.345266,23.569046,21.429176,24.737665,21.221441,25.765686,22.527569,28.912107,27.51595,31.903086,34.1272,33.016438,37.575928,36.84179,34.224434,39.041744,39.380077,35.661777,33.963223,30.520811,27.798836,23.732695,20.098465,19.869696,17.67785,16.97897,17.83274,15.888678,19.1971,23.026192,25.138914,27.898367,32.90214,27.199099,26.014122,21.132122,20.95126,17.822006,16.216854,16.6191,14.710714,16.225431,15.859165,16.70937,19.579832,15.754946,16.441631,15.222225,16.34438,17.353682,16.899351,20.522917,21.504362,25.011042,25.741083,29.143616,30.910187,34.95486,30.561832,32.293995,29.5705,28.88166,23.72015,27.99209,24.403347,19.75366,22.091581,23.074198,20.837364,18.626232,22.045952,22.893574,21.363365,20.195723,18.49871,15.8710985,18.051662,15.924568,19.373915
10,30.601297,27.485481,24.040556,21.363054,19.06345,16.255566,14.232117,9.697695,6.3579965,5.0157137,0.0,6.331145,5.6464562,5.899795,7.927564,7.147291,11.446154,11.957805,16.62543,18.649155,22.463503,25.50861,27.27268,31.43678,32.6218,31.42595,29.729597,25.565626,21.488543,21.149836,16.350554,19.53,13.659362,18.319649,16.36991,18.86112,21.403816,22.124504,19.431755,17.323778,21.295994,17.779327,23.059595,20.219864,26.80337,26.513863,30.242546,33.298866,32.694626,36.76439,35.4311,33.590183,37.80199,37.54728,33.615036,31.573719,27.825798,25.170238,21.051378,17.598782,16.214745,13.649207,12.416468,12.866754,11.606183,15.421658,19.097431,21.776997,24.11308,28.96199,23.088936,21.517763,17.016209,16.186172,13.177074,11.253146,11.988145,10.952084,12.831989,13.516927,15.067581,18.6904,15.277436,16.029213,14.213633,16.889702,16.907648,17.771187,21.064142,22.500248,26.276686,26.993807,30.758787,33.1209,36.707615,31.896862,34.39026,30.853537,29.630865,25.486269,29.101442,24.774553,20.000038,22.173128,22.21874,19.669756,16.823448,20.283306,21.600504,18.939642,17.503395,14.863278,12.203387,13.549404,11.317319,14.526714
11,35.82961,32.89334,29.08028,27.009666,24.513952,21.693218,19.459667,14.6411085,11.970974,8.004468,6.331145,0.0,6.673185,9.636046,12.000184,13.20418,17.237053,18.135777,22.793043,24.732412,28.692335,31.64118,33.520153,37.66424,38.744446,37.545113,35.439713,31.627361,27.508652,27.328875,22.438477,25.686062,19.386742,23.820877,21.110802,23.082144,25.317297,25.900028,23.873146,21.97168,26.588732,22.886637,28.604279,25.669807,32.384117,31.986416,35.636288,38.795193,37.89212,41.95173,40.400284,38.09585,42.095364,41.851936,37.594032,35.327606,31.59926,28.456018,24.131681,19.51562,19.267832,15.335193,15.049994,15.13637,16.3064,20.333918,23.929867,27.13214,28.973799,33.53974,27.538918,25.297731,21.469978,19.438885,16.426668,13.282802,12.92721,12.999762,11.911635,14.157334,14.160527,17.335276,15.147659,17.429491,17.201393,19.56993,21.225718,22.395216,26.077688,27.831167,31.372679,32.54415,35.81122,37.86289,41.359257,36.32528,38.124054,34.461117,33.353813,28.733372,31.470032,26.921938,22.551224,23.348932,24.372814,22.67754,18.855482,20.928204,20.94379,18.411663,18.122955,14.317495,14.532114,15.22316,14.662595,17.425438
12,32.785835,30.177708,26.187286,23.965164,22.280073,18.22638,18.096737,12.299204,10.832364,7.066462,5.6464562,6.673185,0.0,3.7994404,7.0672097,9.314521,12.847196,15.079089,19.066715,21.86105,25.332586,28.554987,30.582117,34.609493,36.300667,35.23895,34.19547,29.596384,25.674805,24.82121,20.436731,22.333704,15.914341,19.100613,16.897131,18.259022,21.376001,22.770708,21.27944,20.14484,24.228006,21.774414,27.065943,24.840027,31.188408,31.353687,34.99678,38.058083,37.667984,41.762074,40.528748,38.9596,43.224087,42.860657,38.99414,36.903004,33.05024,30.528643,26.439892,22.959572,21.138315,18.15916,16.396204,15.383228,14.356588,19.288185,21.726126,24.693996,26.328127,31.576054,25.31235,23.887442,20.556782,18.613075,16.770075,13.994278,15.424948,15.822621,16.74283,18.541065,19.570618,23.043108,20.061256,21.325777,19.825413,22.20213,22.372404,22.733438,25.961945,26.912096,30.716848,30.931368,34.96948,37.062275,41.11046,36.69724,38.95932,35.924732,34.90342,30.346077,34.289,30.155561,25.420216,27.411207,27.784046,25.312958,22.326765,25.46422,26.329874,23.534025,22.461462,18.814854,17.16764,17.4587,15.172138,17.274433
13,30.799406,28.110748,24.451271,21.717947,20.374268,16.182339,16.626896,11.232747,9.71035,8.058134,5.899795,9.636046,3.7994404,0.0,6.0077267,6.663976,10.16444,12.4735985,16.137974,19.210135,22.32257,25.695642,27.481567,31.525831,33.33549,32.200638,31.688879,26.672388,22.901834,21.672838,17.57771,18.830835,12.425251,15.331498,13.426538,14.915402,18.26644,19.8356,18.231346,17.287832,20.993673,19.068275,24.08039,22.246424,28.334627,28.934227,32.390938,35.535675,35.49993,39.4413,38.241497,37.206375,41.417194,40.897205,37.243248,35.233356,31.352076,29.217688,25.35927,22.673784,19.97496,17.739021,15.323995,14.105021,11.676512,16.705317,18.670279,21.420715,23.079165,28.517866,22.293386,21.309883,18.046904,16.520864,15.160388,13.040622,15.214078,15.523334,17.659584,19.051601,20.788013,24.504902,21.17628,21.764833,19.473349,22.136513,21.219093,21.5283,24.32247,25.030985,28.970491,28.779501,33.215797,35.56189,39.60097,35.352726,38.13009,35.114853,33.96256,29.904295,34.18925,30.12713,25.274183,27.871304,27.587988,24.68074,22.174868,25.861176,27.373163,24.331596,22.73948,19.43678,16.65744,16.851534,13.719781,15.561437
14,25.973663,23.650414,19.43086,17.567547,16.323826,11.598363,13.106467,6.8599796,8.1801,6.0268645,7.927564,12.000184,7.0672097,6.0077267,0.0,5.5492253,6.9390187,10.242122,13.491642,16.399128,19.880579,22.884737,25.611958,29.289284,31.347437,30.780798,29.861965,25.544518,21.801847,21.253334,17.374207,19.330435,14.709324,17.275475,17.058334,18.652973,22.532936,24.325626,22.156956,20.837568,23.520859,21.373745,25.387255,23.010166,28.846626,28.155846,32.37336,34.53421,34.0054,38.475883,37.999504,36.217064,41.122074,41.26481,37.924187,36.351025,32.816948,30.692375,26.920134,24.264069,22.623468,21.018793,19.20454,19.030272,15.556959,19.486536,22.011469,23.833933,26.2889,31.814566,25.995941,25.564196,21.398268,21.189383,19.23396,17.847914,19.467896,18.318172,20.724602,20.730223,22.17942,25.332903,21.392366,21.54619,19.422216,20.731228,20.252401,19.166924,22.07531,22.161179,25.851347,25.49063,29.689085,31.483213,36.019726,32.32952,34.521343,32.42164,31.787004,26.945108,32.07104,28.84509,24.086588,27.161795,27.498497,24.704575,23.05177,27.0148,28.392859,26.404278,24.80715,22.747114,19.340607,20.802526,17.61301,20.23121
15,24.74793,21.76555,18.526354,15.344205,13.886778,10.234423,10.418386,6.206033,5.1990604,7.6960754,7.147291,13.20418,9.314521,6.663976,5.5492253,0.0,4.509535,5.843224,9.879847,12.627098,16.0496,19.279074,21.310055,25.31022,27.03667,26.11028,25.331217,20.629122,16.815,16.079763,11.994628,14.247123,9.8004,13.456357,13.459413,15.986464,19.339058,20.667986,17.69887,15.942207,18.304384,15.956349,19.852009,17.523096,23.37923,23.1186,27.05531,29.587858,29.39403,33.57527,32.847477,31.599508,36.224705,36.10419,32.831482,31.254698,27.690996,25.870386,22.342276,20.551863,18.142488,17.44691,15.327218,15.627173,11.078171,14.258358,17.071543,18.611284,21.454111,26.79765,21.260883,21.007967,16.359205,17.08087,15.040369,14.6921015,16.535515,14.942379,18.643427,18.094128,20.417978,23.889933,19.761393,19.115932,16.030943,18.1082,16.198185,15.7393,18.172054,18.527243,22.481243,22.12301,26.659357,29.111692,33.149082,29.129173,32.18793,29.453085,28.388226,24.592245,29.527452,26.023056,21.175114,24.753622,24.083347,20.825586,19.5948,24.062096,26.252354,23.89109,21.71091,20.246738,15.652496,17.26861,13.553934,16.299513
16,20.831602,18.1628,14.828268,11.736386,11.138892,6.4799986,9.3847475,6.1374545,7.9890804,10.607294,11.446154,17.237053,12.847196,10.16444,6.9390187,4.509535,0.0,4.543709,6.6017327,9.897918,13.003232,16.134314,18.77059,22.410236,24.608057,24.113438,23.786135,19.174149,15.74894,15.061732,11.98879,13.537591,11.206951,13.361973,14.954907,17.120747,20.891174,22.58474,19.662567,18.198065,19.344503,17.76844,20.376728,18.3157,23.357565,22.661528,26.857456,28.672052,28.525036,32.881977,32.749348,31.560589,36.5481,36.71927,33.92381,32.73102,29.44886,28.032173,24.877855,23.710144,21.379238,21.374529,19.235577,19.590897,14.231948,16.641132,18.87733,19.503681,22.606527,28.04202,22.961567,23.456947,18.895597,20.3579,18.702932,18.850817,20.815987,18.903967,22.890972,21.774544,24.113853,27.31351,22.914366,21.78134,18.531734,19.785524,17.405745,15.770561,17.623016,17.026318,20.82584,19.707708,24.533203,26.750195,31.212011,27.932812,30.982517,29.083261,28.329082,24.484774,30.208324,27.445023,22.772114,26.899136,26.223658,22.872164,22.515602,27.224106,29.565855,27.63425,25.315262,24.449772,19.437784,21.308758,17.388134,19.927013
17,20.021908,16.651276,14.303385,10.279334,8.854128,6.757397,6.576781,6.6422095,6.858797,11.777081,11.957805,18.135777,15.079089,12.4735985,10.242122,5.843224,4.543709,0.0,4.8939357,6.845325,10.577923,13.622294,15.813923,19.752851,21.37931,20.65996,19.758837,15.3355,11.614164,11.484396,7.9344325,11.145251,10.106458,13.569874,15.244442,18.209206,21.226664,22.280613,18.487349,16.29709,16.990042,14.635085,16.80523,14.20918,19.353935,18.252691,22.578146,24.426735,24.197872,28.532026,28.311834,27.06063,32.0087,32.227352,29.46662,28.381338,25.24439,23.940893,21.022503,20.449375,18.263094,19.093266,17.30028,18.539728,13.027753,13.923697,16.999413,17.132845,20.878912,25.835394,21.281237,21.7626,16.439653,18.996534,16.835373,17.866634,19.435656,16.744062,21.366581,19.424282,22.147392,25.252037,20.757027,18.95065,15.221249,16.585737,13.298532,11.899205,13.430063,13.179532,17.15761,16.41826,21.225203,23.917849,27.875309,24.183424,27.730646,25.310707,24.29457,21.14467,26.654861,23.845331,19.260069,23.729486,22.504595,18.976175,19.229256,24.171806,26.964071,25.187693,22.57334,22.64888,16.970255,19.398344,15.596287,18.51739
18,16.714674,13.574029,12.001817,7.331787,7.8099117,5.9859867,8.837446,10.266874,11.687161,16.162766,16.62543,22.793043,19.066715,16.137974,13.491642,9.879847,6.6017327,4.8939357,0.0,4.0587473,6.4038706,9.643149,12.226212,15.811813,18.07286,17.73964,17.957241,13.282697,10.485463,9.993124,8.71304,9.947444,11.710356,13.230716,16.413618,18.955055,22.10372,23.430946,19.834137,18.169558,17.417345,16.383635,16.862349,15.13292,18.79403,17.750792,21.93644,23.107775,23.301172,27.522911,27.879366,27.220873,32.269783,32.58609,30.476206,29.79592,26.985453,26.345842,24.023842,24.346212,21.808186,23.28862,21.244452,22.2267,16.071495,16.33129,18.293182,17.372232,21.17003,26.06276,22.192982,23.536291,18.744078,21.844244,20.394464,21.841366,23.737116,21.177914,26.064245,23.964684,26.810934,29.79835,25.244022,23.067797,19.173912,20.083208,16.096802,13.92583,14.190715,12.689223,16.336088,14.311981,19.720781,22.393707,26.585651,23.847355,27.731949,26.123392,25.297796,22.72328,28.762304,26.666428,22.427563,27.29475,25.764198,22.138992,23.167843,28.229162,31.269356,29.618572,26.832355,27.195673,21.23765,23.483267,19.445923,21.828926
19,14.767653,11.02715,10.636274,5.506112,5.457814,7.1885066,7.7873974,11.700137,12.923491,17.984892,18.649155,24.732412,21.86105,19.210135,16.399128,12.627098,9.897918,6.845325,4.0587473,0.0,4.606948,6.9273543,9.84715,13.359127,15.100466,14.988905,14.291465,10.587539,7.907021,8.898092,8.229363,10.978298,14.119696,16.248398,19.380745,22.259035,24.95641,25.867495,21.763674,19.601156,18.3342,16.689842,16.19038,13.90036,16.989435,14.66626,19.318127,19.777918,19.59537,24.061695,24.796093,23.701902,29.012745,29.724064,27.886389,27.557878,25.165064,24.676855,22.739925,23.535257,21.671381,23.757833,22.248674,23.94431,18.052378,17.123133,19.716469,18.240444,22.510513,26.79482,23.612211,24.943895,19.650587,23.510225,21.602636,23.526384,24.942495,21.70897,26.735931,23.850403,26.708841,29.32807,24.73154,22.018372,18.122725,18.413155,14.057826,11.340545,10.796135,8.828603,12.364371,10.339941,15.761612,18.66844,22.623043,19.909609,24.03454,22.516262,21.746174,19.660347,25.787312,24.195038,20.347645,25.490952,23.798822,20.282822,22.152582,27.204704,30.409975,29.27817,26.416527,27.73389,21.554842,24.361961,20.681986,23.389751
20,14.40469,11.094378,12.251807,7.3340106,9.092717,10.564975,12.372944,15.969607,17.129507,22.155132,22.463503,28.692335,25.332586,22.32257,19.880579,16.0496,13.003232,10.577923,6.4038706,4.606948,0.0,3.6659849,6.0834103,9.410328,11.866267,11.916411,13.173522,8.822365,7.9393826,7.9745874,9.879065,10.184825,15.350014,16.038048,20.025415,22.57944,25.049576,26.015564,22.141272,20.490593,18.019604,17.705173,15.7437525,14.699762,16.039513,14.564394,18.427416,18.55365,19.23146,23.123043,24.163492,24.203455,29.167585,29.667503,28.456425,28.399237,26.254921,26.475399,25.126387,26.768148,24.23231,26.810291,24.9531,26.323212,20.04553,18.64354,20.101025,17.761726,21.857794,25.851044,23.459103,25.500206,20.91646,25.101664,23.919905,26.206104,27.973276,25.081312,30.386038,27.645319,30.741869,33.454697,28.944674,26.067923,21.953154,22.461243,17.496935,15.101461,13.5196085,11.028082,13.800114,10.520622,16.325457,19.404364,23.065763,21.221313,25.879648,24.750845,23.919422,22.876518,28.90162,27.607124,24.056395,29.297522,27.094666,23.46568,25.66564,30.756071,34.257137,32.908073,29.858814,31.169586,24.791033,27.190897,23.306116,25.411892
21,12.307339,9.0427265,11.756297,7.6895185,9.761015,12.570685,13.994962,18.399609,19.833042,24.86369,25.50861,31.64118,28.554987,25.695642,22.884737,19.279074,16.134314,13.622294,9.643149,6.9273543,3.6659849,0.0,4.8800025,6.8391747,9.324976,10.261798,11.3016405,8.730615,9.069482,10.123245,12.565854,13.276277,18.873554,19.547955,23.60375,26.151964,28.497356,29.349497,25.37045,23.600132,20.777142,20.34862,17.60909,16.476175,16.78314,14.244452,18.18614,17.117664,17.55672,21.517145,23.254623,23.057405,28.204815,29.142057,28.439005,28.812004,27.159044,27.604551,26.643051,28.580708,26.558002,29.422604,27.869816,29.546333,23.407642,21.54531,23.156717,20.470385,24.653385,28.175117,26.367197,28.49094,23.812351,28.305882,26.950367,29.401577,30.934479,27.709833,32.991356,29.814547,32.814472,35.216137,30.699379,27.549711,23.61505,23.508135,18.637043,15.7706175,13.491422,10.352496,12.132414,8.102014,13.753021,16.72992,20.274824,19.22031,23.901697,23.440666,22.87371,22.29506,28.41859,27.83678,24.76946,30.106041,27.938164,24.534576,27.319443,32.299854,35.812828,34.90315,31.869719,33.73751,27.329731,30.022306,26.343435,28.582024
22,16.743107,13.608639,16.608404,12.301494,13.762317,16.474218,17.036379,21.481054,21.96244,27.44881,27.27268,33.520153,30.582117,27.481567,25.611958,21.310055,18.77059,15.813923,12.226212,9.84715,6.0834103,4.8800025,0.0,4.4366827,6.1913557,6.010416,9.3938265,5.5056925,7.813803,8.131429,12.202393,11.808409,18.60343,19.042746,23.093166,25.732584,27.33907,27.77487,23.713078,22.06938,18.34391,18.602554,14.57953,14.474315,13.1269045,11.9073105,14.631621,14.020571,15.67633,18.668335,20.073557,21.348577,25.72355,26.109293,25.782768,26.2431,24.760172,25.875868,25.536283,28.409231,25.727009,29.189928,27.497879,29.142542,23.083355,20.323952,21.300629,17.9327,22.023682,24.81695,23.97363,26.44377,22.276703,27.208622,26.316368,29.290527,30.91545,27.941109,33.51057,30.436453,33.780937,36.331875,32.056664,28.72164,24.468384,25.047905,19.363972,17.598162,14.709966,12.335175,13.948083,10.429312,15.653353,19.277445,21.65022,20.3296,25.845503,24.60647,23.499266,24.320704,29.670816,28.76862,25.894194,31.1629,28.182377,24.622599,27.584414,32.522747,36.445236,35.157196,31.905807,33.896954,27.342564,29.659267,26.053438,27.786804
23,16.0891,13.747261,17.748201,14.382163,16.379957,19.366238,20.408457,25.038372,25.965387,31.296318,31.43678,37.66424,34.609493,31.525831,29.289284,25.31022,22.410236,19.752851,15.811813,13.359127,9.410328,6.8391747,4.4366827,0.0,4.1126347,5.9843454,10.289989,8.976489,11.928167,12.489306,16.618172,15.934549,22.866697,22.762585,27.084036,29.469343,31.092535,31.610888,27.749891,26.296768,22.258911,22.850863,18.35114,18.507887,16.140623,14.488906,16.66866,14.659296,16.368969,18.91676,21.170692,22.604548,26.867216,27.589594,27.977882,28.876894,27.891884,29.29459,29.302952,32.3695,29.941654,33.519135,31.907364,33.56341,27.476255,24.677416,25.397535,21.79288,25.64223,28.04408,27.774483,30.469658,26.55362,31.529205,30.726578,33.72603,35.333042,32.269135,37.80795,34.54735,37.806202,40.1646,35.86842,32.407906,28.318468,28.435547,22.969444,20.79656,17.58564,14.759695,15.302838,11.268396,15.639954,18.803822,20.892015,20.876493,26.219156,25.895306,25.120403,26.339087,31.75249,31.545134,29.08384,34.378277,31.488966,28.139753,31.44946,36.289665,40.18651,39.182938,35.95653,38.19725,31.649052,34.04768,30.482817,32.172493
24,18.373123,15.684765,19.967033,16.603271,17.850195,21.631826,21.409416,26.633759,27.055447,32.68687,32.6218,38.744446,36.300667,33.33549,31.347437,27.03667,24.608057,21.37931,18.07286,15.100466,11.866267,9.324976,6.1913557,4.1126347,0.0,3.308199,7.293845,8.085453,11.729918,13.024037,17.134089,17.288612,24.256002,24.861404,28.781498,31.491789,32.679565,32.768383,28.568377,26.759687,22.6226,22.713581,17.682205,17.658714,14.367433,12.032194,13.733322,10.87653,12.803785,14.937265,17.472235,19.135275,23.13131,23.999998,24.79141,26.017561,25.519577,27.2126,27.737562,31.295649,29.219746,33.189503,31.945278,34.01598,28.331232,24.808584,25.919518,22.16523,26.169647,27.866045,28.187271,30.69061,26.600082,31.937366,30.894398,34.19892,35.465603,32.15278,37.683155,34.08744,37.36852,39.497185,35.40796,31.702612,27.70406,27.747683,22.140598,20.401518,16.694551,14.3355255,14.262205,11.02372,14.443615,18.02295,18.986292,18.772888,24.557182,23.82319,22.83156,25.141638,29.901505,29.88369,27.910498,33.07893,29.85897,26.711874,30.450039,35.05977,39.09035,38.302734,35.059357,37.87077,31.367794,33.92972,30.73983,32.506863
25,20.770344,17.715517,21.488016,17.539318,18.412226,21.942661,21.261547,26.316513,26.163536,31.977993,31.42595,37.545113,35.23895,32.200638,30.780798,26.11028,24.113438,20.65996,17.73964,14.988905,11.916411,10.261798,6.010416,5.9843454,3.308199,0.0,6.925797,6.0293584,10.1213665,11.005475,15.390921,15.312129,22.3661,23.149216,26.80584,29.63217,30.441729,30.273428,26.00099,24.178116,19.85893,20.0792,14.700179,15.101725,11.233793,10.021884,10.980684,9.313422,12.135463,13.773531,15.49512,18.053322,21.574707,21.875761,22.48971,23.520063,22.869776,24.780155,25.461811,29.348967,26.857792,31.009417,29.68809,31.721642,26.209372,22.33925,23.271166,19.390713,23.356491,24.75636,25.349556,27.852781,23.962704,29.402544,28.537968,32.028503,33.3207,30.207102,35.82017,32.406605,35.859375,38.147858,34.2096,30.529596,26.351393,26.950932,20.969347,19.957472,16.296207,14.5716505,15.076671,12.425648,16.124788,20.091833,20.809532,19.673164,25.79845,24.179565,22.748568,25.391933,29.730726,29.148182,27.044115,32.11112,28.488712,25.191635,28.77562,33.367676,37.574505,36.454937,33.12357,35.83666,29.34059,31.653751,28.538603,30.067972
26,19.862854,16.249912,19.901133,16.48873,16.097082,20.925978,18.371084,24.334877,24.02728,29.853552,29.729597,35.439713,34.19547,31.688879,29.861965,25.331217,23.786135,19.758837,17.957241,14.291465,13.173522,11.3016405,9.3938265,10.289989,7.293845,6.925797,0.0,6.920537,9.231757,12.350576,14.887969,17.607435,23.416494,25.785563,28.74092,32.0784,33.062565,32.683502,27.849495,25.156681,21.958384,20.194279,15.881307,14.156864,11.920969,6.295637,9.817368,6.4182014,6.392154,10.354486,12.670482,12.412236,17.288542,18.785957,19.001087,20.31613,20.077896,21.34954,21.992237,25.546219,24.603127,28.720438,28.285482,31.163427,26.313921,22.229534,24.827684,21.663734,26.159601,27.643415,27.585331,29.208187,24.164799,29.70133,27.732426,31.12641,31.645988,27.727903,32.974224,28.788828,31.883783,33.58368,29.745617,25.800524,22.133991,21.853857,16.420832,15.205299,11.088597,9.887551,9.4208145,8.603379,10.840891,15.226124,15.2561245,13.0403805,19.384926,17.308832,15.879775,19.040314,23.036343,22.976877,21.470554,26.450834,23.119583,20.30958,24.542698,28.817616,32.803207,32.53063,29.420675,33.06197,26.815992,29.947306,27.44814,29.807991
27,20.377022,16.60654,19.136013,14.497037,14.510889,17.775223,16.242203,21.097492,20.426971,26.352407,25.565626,31.627361,29.596384,26.672388,25.544518,20.629122,19.174149,15.3355,13.282697,10.587539,8.822365,8.730615,5.5056925,8.976489,8.085453,6.0293584,6.920537,0.0,4.1668315,5.7059255,9.490933,10.808305,17.154003,19.031647,22.146547,25.35628,26.313288,26.095648,21.462177,19.166677,15.634453,14.803343,10.424856,9.704295,8.209764,6.762679,9.682823,10.385387,12.196894,15.095406,15.582814,17.023674,21.111866,21.189293,20.465878,20.777493,19.265686,20.477423,20.439165,23.84837,21.25724,25.186096,23.879074,26.051268,20.627306,16.842735,18.607475,15.298562,19.771029,21.95981,21.366135,23.349789,18.729725,24.120779,22.851843,26.232445,27.4364,24.255028,29.86972,26.574709,30.06894,32.552364,28.571161,25.05296,20.70645,21.766674,15.586906,15.024676,11.877269,10.873429,12.8032255,10.993097,15.584367,19.842636,21.284811,18.546139,24.573816,21.959343,20.223963,21.94331,26.36801,24.909544,22.18741,27.265984,23.702166,20.112843,23.261482,28.042723,32.20574,30.843838,27.511137,29.971241,23.442839,25.858767,22.716976,24.553165
28,20.126268,16.070429,17.510824,12.641441,11.880276,14.8398075,12.5914135,17.26738,16.312996,22.282337,21.488543,27.508652,25.674805,22.901834,21.801847,16.815,15.74894,11.614164,10.485463,7.907021,7.9393826,9.069482,7.813803,11.928167,11.729918,10.1213665,9.231757,4.1668315,0.0,4.0877304,5.759439,9.159506,14.231943,17.092592,19.720188,23.169958,24.423443,24.290531,19.481106,16.805279,14.333418,12.385311,9.766291,7.5399437,9.256756,7.4375753,11.515651,13.063722,13.856447,17.457644,17.43167,17.70295,22.183844,22.300299,20.67821,20.47603,18.354628,18.764812,17.92648,20.600096,18.14424,21.68971,20.436867,22.742016,17.368484,13.979213,16.652185,14.154484,18.854696,21.762915,20.044441,21.49423,16.193327,21.346848,19.597666,22.731169,23.834982,20.500042,26.063257,22.81501,26.261978,28.866142,24.772394,21.423712,17.001009,18.278444,12.142622,11.711527,9.339806,8.957,11.983912,10.931261,15.754509,19.87875,21.90688,18.337402,23.935556,20.883827,19.117462,19.7619,24.367521,22.34875,19.093151,24.181772,20.914051,17.15235,19.863565,24.81496,28.826527,27.38323,24.108967,26.337273,19.797155,22.429932,19.235258,21.492832
29,21.920158,18.15809,19.21867,14.052326,13.9291,15.436596,14.459166,17.88642,16.730345,22.51314,21.149836,27.328875,24.82121,21.672838,21.253334,16.079763,15.061732,11.484396,9.993124,8.898092,7.9745874,10.123245,8.131429,12.489306,13.024037,11.005475,12.350576,5.7059255,4.0877304,0.0,5.058809,5.311315,11.490764,13.536826,16.463697,19.737389,20.844925,20.819464,16.258322,14.131835,11.040323,10.543875,7.7759385,7.441247,9.00894,10.297623,12.834782,15.416897,17.122704,19.979013,19.476637,20.937832,24.75899,24.179476,22.513958,21.964752,19.426699,20.083506,19.148823,21.87088,18.18617,21.576168,19.595444,21.165293,15.322465,12.196126,13.611072,10.782795,15.329578,18.653128,16.783258,18.723577,14.170367,19.156408,18.27554,21.42834,23.139317,20.596523,26.300018,23.829609,27.47797,30.5122,26.509422,23.527645,18.909752,20.96559,14.847368,14.906833,13.149358,12.728484,15.899555,14.283661,19.476707,23.492552,25.726711,22.397362,27.9759,24.930428,23.082758,23.554386,28.091467,25.62419,22.056799,26.946867,23.531265,19.575056,21.549335,26.552706,30.6256,28.491816,25.13708,26.497667,19.957985,21.799078,18.153555,19.70905
30,22.788012,18.836538,18.678152,13.690536,12.434899,13.3763895,11.104198,13.929534,11.998009,17.885777,16.350554,22.438477,20.436731,17.57771,17.374207,11.994628,11.98879,7.9344325,8.71304,8.229363,9.879065,12.565854,12.202393,16.618172,17.134089,15.390921,14.887969,9.490933,5.759439,5.058809,0.0,6.573355,8.930113,13.011977,14.74713,18.426186,19.838959,19.802721,15.001309,12.1557,11.200469,8.511614,9.078245,6.540025,11.527969,11.802271,15.191069,18.129335,18.839796,22.284029,21.375105,21.546068,25.655638,25.213217,22.65362,21.595943,18.52133,18.13788,16.213099,17.850063,14.4489155,17.246082,15.434039,17.341545,11.752296,9.232504,12.435041,11.24665,15.778346,19.681534,16.448093,17.3483,11.720018,16.264872,14.473873,17.284935,18.737938,15.917687,21.534037,19.11964,22.691858,25.853298,21.798306,19.104992,14.490601,16.959229,11.264021,11.871213,11.474015,12.040295,15.846349,15.29582,20.159315,23.944708,26.495642,22.328762,27.317354,23.755592,21.884949,21.282307,25.679132,22.557087,18.481419,23.154432,20.149284,16.137823,17.377333,22.471792,26.305773,24.08653,20.846539,21.940016,15.4249325,17.61513,13.981702,16.285095
31,24.47536,21.083612,21.199022,16.049047,16.27693,15.834543,16.179272,17.711098,16.360191,21.50365,19.53,25.686062,22.333704,18.830835,19.330435,14.247123,13.537591,11.145251,9.947444,10.978298,10.184825,13.276277,11.808409,15.934549,17.288612,15.312129,17.607435,10.808305,9.159506,5.311315,6.573355,0.0,7.4536996,8.308922,11.530348,14.559152,15.813254,16.195482,12.17318,11.00004,8.121347,9.562761,8.792265,9.906777,12.3223915,15.314413,17.079441,20.382065,22.359747,24.91168,23.961847,25.869658,29.297277,28.181807,26.180552,25.12392,22.030045,22.47941,21.04321,23.168625,18.382746,21.022717,18.167461,18.597672,12.25227,10.532555,10.184728,7.8937125,11.77505,16.307438,13.313635,15.609161,12.149052,16.17559,16.362783,19.096338,21.582634,20.13756,25.707912,24.335794,28.024277,31.535957,27.64917,25.297132,20.67976,23.4621,17.810446,18.20421,17.383741,17.066683,20.585663,18.777847,24.237658,28.009512,30.708796,27.378626,32.675346,29.60396,27.759754,27.519516,32.096798,29.060982,25.028118,29.59936,26.370308,22.31331,23.189068,28.156637,32.055264,29.177534,25.899231,25.96121,19.728453,20.57287,16.398148,17.126614
32,28.33395,24.98498,23.564386,18.893385,18.270596,16.167778,16.13356,15.149665,12.700218,16.69989,13.659362,19.386742,15.914341,12.425251,14.709324,9.8004,11.206951,10.106458,11.710356,14.119696,15.350014,18.873554,18.60343,22.866697,24.256002,22.3661,23.416494,17.154003,14.231943,11.490764,8.930113,7.4536996,0.0,6.1402974,5.9661293,9.757496,11.556855,12.217568,8.541878,7.384956,8.952018,8.855687,12.621029,12.565428,17.405804,20.140245,22.236586,26.165213,27.482983,30.361431,28.806202,29.854784,33.231792,31.939125,28.966269,27.173565,23.385595,22.748823,20.18212,20.665354,15.46828,16.445726,12.933115,12.291808,5.662159,7.6142726,7.787226,9.264292,11.69101,17.20664,11.774912,12.479152,9.054997,10.765467,11.0602455,12.673215,15.729087,15.425696,20.409954,20.373741,23.834007,27.775797,24.206432,22.873634,18.681623,22.293606,17.936413,19.098806,19.864397,20.404127,24.381584,23.435364,28.62,32.094513,35.164997,31.068296,35.6701,32.08139,30.210657,28.763655,32.93572,28.983616,24.427996,28.22055,25.612906,21.731462,20.92337,25.565483,28.916,25.35299,22.428967,20.893356,15.454644,15.396512,10.854617,11.398797
33,28.91469,26.14294,24.918179,20.371054,20.879536,18.036715,20.044825,18.76179,17.53816,20.841648,18.319649,23.820877,19.100613,15.331498,17.275475,13.456357,13.361973,13.569874,13.230716,16.248398,16.038048,19.547955,19.042746,22.762585,24.861404,23.149216,25.785563,19.031647,17.092592,13.536826,13.011977,8.308922,6.1402974,0.0,5.134104,6.720191,9.380637,11.351083,9.759192,10.952331,10.577892,13.415554,15.3454895,16.766155,19.940983,23.45715,25.023947,28.666044,30.604792,33.15967,31.926893,33.827576,37.097527,35.63416,33.20985,31.640589,28.043335,27.995169,25.85156,26.745232,21.282135,22.294182,18.524315,16.941101,10.879538,12.830667,10.207278,10.605486,11.552545,17.40355,12.540693,14.642497,13.587674,14.617377,16.375107,17.622463,21.11484,21.420815,26.163103,26.461351,29.841908,33.809994,30.183975,28.86457,24.647745,27.936655,23.363972,23.842794,24.11568,23.848602,27.653128,25.755493,31.36566,34.720062,38.082333,34.757572,39.523327,36.570282,34.858154,33.50996,38.202972,34.62412,30.11258,34.145084,31.509031,27.558031,27.026428,31.695408,35.047546,31.412987,28.511902,26.648323,21.49195,20.935658,16.456987,15.932522
34,32.84607,29.855787,28.205246,23.745087,23.567587,20.60171,21.57635,19.478539,17.248707,19.8572,16.36991,21.110802,16.897131,13.426538,17.058334,13.459413,14.954907,15.244442,16.413618,19.380745,20.025415,23.60375,23.093166,27.084036,28.781498,26.80584,28.74092,22.146547,19.720188,16.463697,14.74713,11.530348,5.9661293,5.134104,0.0,4.020104,6.022858,7.8013043,6.8695245,8.591116,10.690828,12.738525,16.48864,17.610575,21.678093,25.478397,26.848433,31.141527,32.90542,35.363678,33.546272,35.28661,38.19996,36.43062,33.479244,31.4593,27.539124,27.075396,24.590878,24.909227,19.11038,19.312757,15.25925,12.760085,7.811227,11.301382,8.495049,11.00493,10.906734,16.714705,10.701494,11.566029,11.409492,10.576801,13.020326,13.629477,17.412998,18.767567,22.957415,24.190514,27.458447,31.614513,28.467302,27.70079,23.791862,27.70111,23.682213,24.98708,25.827328,26.253977,30.213192,28.971302,34.325165,37.74927,40.936474,36.986526,41.605267,38.036404,36.12261,34.633686,38.687675,34.497997,29.907248,33.326633,30.755486,26.98434,25.564106,29.803125,32.919987,28.764933,26.089434,23.321003,18.97524,17.495401,13.276994,11.939868
