,0,1,2,3,4,5,6,7,8,9,10,11,12,13,14,15,16,17,18,19,20,21,22,23,24,25,26,27,28,29,30,31,32,33,34,35,36,37,38,39,40,41,42,43,44,45,46,47,48,49,50,51,52,53,54,55,56,57,58,59,60,61,62,63,64,65,66,67,68,69,70,71,72,73,74,75,76,77,78,79,80,81,82,83,84,85,86,87,88,89,90,91,92,93,94,95,96,97,98,99,100,101,102,103,104,105,106,107,108,109,110
0,0.0,4.3621416,7.3310847,10.431497,12.829926,15.835319,18.447824,22.0657,25.079016,27.758507,32.24233,34.99352,32.363945,29.786392,30.716284,26.08927,22.624718,24.495955,18.330778,20.859142,18.38078,16.599773,16.403286,21.002052,22.874846,24.527988,25.155508,24.388891,27.0691,24.52013,30.179438,29.338581,32.52534,34.51819,38.42037,40.846523,42.849075,45.86268,42.554623,39.821926,43.034325,37.681675,39.05247,36.382267,37.64914,36.149677,36.572495,36.493664,35.26844,37.286415,34.465137,32.869244,28.879614,29.017263,28.521315,31.78128,29.516535,31.976019,29.994247,31.801374,29.954514,29.62049,32.529896,33.10811,36.577667,37.19331,40.383106,42.11142,40.163555,39.85053,35.82797,36.750202,33.340607,33.4067,31.462948,30.975203,30.79736,28.70712,33.12195,30.888391,38.330452,36.88912,37.107857,37.34121,36.581863,33.859497,37.526623,34.585667,35.250107,36.936893,36.3473,39.257126,37.601036,41.06233,44.119442,44.058865,43.02283,45.274643,40.4287,42.32097,39.998528,39.929546,40.02188,39.5119,41.8998,41.84509,44.76249,41.446587,45.324364,43.347885,47.74581
1,4.3621416,0.0,4.031623,7.0814447,8.775281,12.258119,14.458003,18.577356,21.331837,23.933912,28.55383,31.02437,28.28633,25.892683,26.495356,22.07926,18.419985,20.629433,14.385756,17.542612,15.871043,14.195815,14.913202,19.285376,20.768188,22.464376,22.270248,21.651478,23.95652,21.918215,27.05109,26.885826,29.54589,32.142628,35.706898,38.132618,39.858456,42.693687,39.2858,36.442635,39.415195,34.146698,35.17246,32.656208,33.62763,32.4101,32.55164,32.665573,31.44404,33.697414,30.949348,29.653286,25.779959,26.231688,25.87102,28.931715,26.469704,28.606514,26.243002,28.088587,25.846228,25.798134,28.417292,29.19401,32.60182,33.459904,36.62714,38.37178,36.698593,36.661602,32.6875,33.706028,30.53017,30.278728,28.83935,27.864532,28.24517,25.81271,30.543537,28.41888,35.8995,34.454475,34.564854,34.372284,33.548267,30.646439,34.52585,31.369204,32.486107,34.032284,33.749863,36.616287,35.248344,38.53404,41.835995,41.863266,40.63193,42.814198,37.938793,39.42473,37.234108,36.679325,36.609177,35.959026,38.162632,38.252132,40.946865,37.92526,41.770866,39.975872,44.441074
2,7.3310847,4.031623,0.0,5.3215575,6.3690667,8.796231,11.533555,14.974698,18.27135,20.606567,25.275051,27.950737,25.703293,23.417336,24.458458,20.509544,17.229296,20.149158,14.133752,18.458134,17.387747,16.30722,17.369799,21.414276,22.806309,24.217043,23.20945,22.253252,23.935268,21.896244,25.834501,25.66999,27.630762,30.531506,34.042065,36.142353,38.012856,40.926174,37.792072,35.066536,38.104362,33.134342,34.145466,32.099476,32.95377,32.296688,32.18138,32.77075,31.627388,34.286964,31.682896,30.841835,27.182104,27.902534,27.793388,30.593014,27.921732,29.575733,26.645592,28.429874,25.367067,25.59653,27.415794,28.018833,31.1319,31.538134,34.96101,36.21611,34.874367,35.000507,31.296024,32.773315,29.965878,29.925322,29.050518,28.093338,29.277311,27.038563,31.915482,30.191431,37.54609,36.313873,36.41515,35.73452,34.708748,31.518345,35.484173,31.794943,33.170265,34.314945,34.09436,36.627537,35.23139,38.192436,41.984417,42.304523,41.100857,43.483086,38.76186,39.849808,38.14572,36.963013,36.989716,36.28704,38.044296,38.18621,40.307182,37.52718,41.070667,39.20723,43.652603
3,10.431497,7.0814447,5.3215575,0.0,3.873699,6.711594,8.834215,12.808377,14.931983,18.104614,22.238253,25.063744,22.286234,19.459423,21.102814,16.398207,14.000714,16.26043,10.776114,15.267445,13.877156,13.889024,14.728263,18.206427,19.793139,20.603342,19.232012,17.692583,19.155853,16.793581,20.653273,20.399647,22.61324,25.41571,28.90399,31.175957,32.985134,35.922333,32.7547,30.081455,33.35895,28.328636,29.902433,27.841167,29.469593,28.615202,29.366522,30.162476,29.627548,32.4064,30.172958,29.557274,26.07378,27.66099,26.770742,29.186531,26.105562,27.394669,24.768015,25.702991,22.842522,21.989004,23.897806,23.76983,26.946175,26.99418,30.390089,31.791742,30.041761,29.955793,26.15842,27.58599,24.734646,24.963594,24.081251,23.54425,25.039087,23.63206,28.254686,27.239454,34.25531,33.663223,34.184986,33.198757,31.644405,28.18763,31.832417,27.650278,28.726715,29.608212,29.202408,31.551632,30.044958,32.940193,36.846947,37.29577,36.187084,38.770596,34.222157,35.280647,34.010277,32.7142,33.23908,32.86729,34.3925,34.193153,36.21162,33.034664,36.435753,34.31621,38.700188
4,12.829926,8.775281,6.3690667,3.873699,0.0,4.6793437,5.7551184,10.644474,12.683228,15.391188,19.958708,22.298307,19.569221,17.25324,18.184784,14.183555,11.23446,14.444958,9.029901,14.424183,14.488598,14.3518715,16.193335,19.26867,20.213423,21.234694,18.99029,17.932753,18.805117,17.438276,20.27867,21.068127,22.304745,25.950932,28.909927,31.069357,32.509853,35.172596,31.915577,29.09669,31.923067,27.088022,27.93744,26.15118,27.044992,26.711199,26.723602,27.73671,27.002855,30.023945,27.804628,27.526323,24.255877,25.86765,25.455952,27.67456,24.601276,25.53919,22.327589,23.5781,20.03976,20.042017,21.352678,21.780205,24.796635,25.311996,28.688677,30.026611,28.855272,29.251907,25.62216,27.20181,24.768663,24.453064,24.31476,22.971031,25.073568,22.977804,27.93532,26.822721,33.814774,32.9823,33.20361,31.845282,30.441257,26.927513,30.885574,26.683605,28.45063,29.223438,29.297846,31.6103,30.546434,33.18523,37.283463,37.775368,36.41003,38.78572,34.207745,34.754383,33.502853,31.644928,31.761438,31.083513,32.416187,32.54352,34.26552,31.672998,35.04804,33.287167,37.74813
5,15.835319,12.258119,8.796231,6.711594,4.6793437,0.0,3.9414165,6.3432016,9.626176,11.996201,16.493734,19.426788,17.635443,15.380393,17.454605,14.348087,12.719545,16.419601,12.225323,18.02152,18.276838,18.672932,20.319193,23.116203,24.138803,24.767187,22.039686,20.48715,20.612589,19.041307,20.065458,20.506323,20.750385,24.567501,27.514036,29.12957,30.898136,33.73809,31.006222,28.488499,31.510935,27.215963,28.265608,27.18652,28.120089,28.458836,28.341734,29.918095,29.37425,32.73994,30.761044,30.92254,27.941156,29.71204,29.483929,31.441216,28.269632,28.733736,25.140745,26.16271,21.878916,22.012196,22.188519,22.10028,24.552496,24.098972,27.849995,28.353592,27.570307,28.076054,24.938124,27.168776,25.273539,25.475952,25.925137,24.943113,27.799334,26.251839,31.066431,30.463057,37.12395,36.61327,36.899567,35.148098,33.51008,29.786013,33.61789,28.881334,30.697262,30.936249,30.931507,32.71349,31.491951,33.670036,38.303608,39.171307,37.963696,40.62481,36.36702,36.544636,35.959545,33.508698,33.88647,33.255455,33.993805,34.08419,35.02399,32.657696,35.506863,33.55837,37.87246
6,18.447824,14.458003,11.533555,8.834215,5.7551184,3.9414165,0.0,5.970345,7.2302794,9.683109,14.338173,16.572243,14.208943,12.216033,13.594771,10.802883,9.223693,13.30091,10.027763,16.0094,17.277733,17.916224,20.114489,22.289965,22.827908,23.404612,19.964766,18.719263,18.282713,17.627811,17.889189,19.465757,19.05901,23.587084,25.913197,27.647745,28.874647,31.366268,28.395992,25.699106,28.30938,24.098532,24.65566,23.72866,24.333727,24.958868,24.625017,26.402903,25.985498,29.505459,27.735714,28.227505,25.559752,27.68391,27.44907,29.047197,25.797167,25.83291,22.045467,22.897041,18.296751,18.644888,18.38349,18.535135,20.924223,20.99202,24.592966,25.325802,24.835217,25.70535,22.607618,24.770374,23.18851,22.866873,23.905615,22.32435,25.674631,23.872362,28.737646,28.30723,34.701675,34.231586,34.44374,32.335415,30.645882,26.8603,30.753407,25.949701,28.209707,28.32167,28.695217,30.443413,29.64851,31.632532,36.304478,37.16615,35.74259,38.207706,33.98759,33.759914,33.269382,30.40367,30.596237,29.851974,30.388857,30.61731,31.369146,29.338032,32.177048,30.509626,34.869774
7,22.0657,18.577356,14.974698,12.808377,10.644474,6.3432016,5.970345,0.0,5.3475227,6.438015,10.675677,14.071308,13.632093,11.927829,15.107448,13.870264,14.065489,17.986162,15.764191,21.640032,22.655043,23.624014,25.446877,27.56936,28.332365,28.548765,24.967535,23.191807,22.178633,21.097334,19.390299,20.210716,18.53136,22.982058,25.277683,26.154507,27.897112,30.634127,28.521843,26.365068,29.235506,25.884111,26.795908,26.764984,27.490568,28.815107,28.419542,30.731583,30.516968,34.27815,32.755917,33.59973,31.176184,33.322567,33.255497,34.683903,31.408869,31.096752,27.097843,27.713724,22.624586,23.01022,21.56836,20.983007,22.48388,21.057692,25.06892,24.511917,24.566776,25.504086,23.218077,26.165915,25.267555,25.708735,27.23696,26.282913,30.190693,29.081583,33.673607,33.72832,39.760906,39.634815,39.941338,37.548893,35.64544,31.733206,35.37679,30.118908,32.24231,31.778141,31.95255,33.036266,31.97647,33.38622,38.602272,39.900524,38.741047,41.547306,37.763554,37.217567,37.481678,34.11148,34.65832,34.023342,33.899742,34.036068,33.849308,32.07236,34.170948,32.241787,36.293495
8,25.079016,21.331837,18.27135,14.931983,12.683228,9.626176,7.2302794,5.3475227,0.0,4.377828,7.418892,10.417641,8.8350115,6.598676,10.670498,9.718465,11.68868,14.885752,14.560974,19.904688,21.456259,23.054245,24.99847,26.247028,26.707417,26.510353,22.316347,20.482357,18.655869,18.28109,15.048685,16.936886,14.324928,19.532133,21.076233,22.106955,23.27741,25.721735,23.432064,21.21,23.921965,20.78109,21.750216,22.05916,23.130795,24.646614,24.748251,27.368425,27.723536,31.558966,30.501846,31.693247,29.690054,32.460155,31.952015,32.86864,29.43327,28.577192,24.816101,24.654444,19.666275,19.382952,17.34892,16.123055,17.343609,15.725149,19.72274,19.307493,19.393173,20.582392,18.426527,21.438328,21.033657,21.29706,23.50083,22.425428,26.945318,26.295946,30.530018,31.20088,36.585705,36.909412,37.412487,34.62622,32.38497,28.371832,31.695993,26.142227,28.372587,27.520306,27.886993,28.668571,27.926022,28.977654,34.31715,35.730183,34.48981,37.250782,33.739902,32.781498,33.518196,29.713488,30.496046,30.0351,29.482946,29.462559,28.893106,27.166313,29.004564,27.106808,31.100155
9,27.758507,23.933912,20.606567,18.104614,15.391188,11.996201,9.683109,6.438015,4.377828,0.0,5.3707113,7.7044983,8.219819,8.126659,10.982927,12.3683605,13.934346,17.686007,17.560356,22.995836,25.12597,26.415758,28.706818,30.006239,30.190163,30.20413,25.755457,24.300518,22.254704,22.407328,18.570145,20.83202,17.354372,22.773575,23.770412,24.278158,25.204216,27.309162,25.372606,23.310799,25.393408,22.984417,23.06724,24.004898,24.072008,26.386951,25.49035,28.406807,28.505138,32.51696,31.52513,33.05573,31.33497,33.883995,33.943638,34.721638,31.464815,30.332462,26.081623,26.299965,20.683573,21.531626,18.520466,17.946825,18.449604,17.026854,20.874653,19.754656,20.98173,22.729954,21.219248,24.401129,24.53419,24.481956,27.187136,25.641472,30.414593,29.274147,33.630474,34.149998,39.429043,39.506836,39.710102,36.684074,34.676414,30.759773,34.245758,28.85501,31.566452,30.60118,31.302353,31.930914,31.490194,32.205784,37.641533,39.127632,37.76942,40.353035,36.952522,35.55969,36.37648,32.118366,32.500328,31.729862,30.834644,31.190477,30.020514,29.156368,30.681103,29.197615,33.030594
10,32.24233,28.55383,25.275051,22.238253,19.958708,16.493734,14.338173,10.675677,7.418892,5.3707113,0.0,5.0214796,7.5131345,7.7364564,12.115795,14.244922,17.38842,20.168772,21.27792,26.195847,28.195389,30.015848,32.026306,32.816963,33.04879,32.56939,27.93486,26.109295,23.444967,23.61577,17.949053,20.095568,15.275797,20.639254,20.885754,20.684168,21.531498,23.524784,22.356838,20.893488,23.018154,21.668385,22.253332,24.017176,24.65837,27.30231,27.020231,30.296698,30.979774,35.005966,34.48175,36.29773,34.913555,37.857433,37.5719,37.986053,34.631195,33.08647,29.151882,28.631975,23.285975,23.37345,19.67699,17.994898,17.506683,14.497483,18.38022,16.075571,17.815878,19.709919,19.201115,22.830376,23.81453,24.275597,27.513546,26.519434,31.745893,31.497751,35.29012,36.52506,41.076347,41.74237,42.21893,38.891212,36.50624,32.538998,35.483303,29.748825,32.193817,30.616507,31.197645,31.108675,30.657341,30.676006,36.413807,38.264816,37.11937,39.895935,37.091232,35.317184,36.982033,32.31472,33.214497,32.758232,31.181173,31.239754,29.190454,28.437923,29.108099,27.413294,30.778551
11,34.99352,31.02437,27.950737,25.063744,22.298307,19.426788,16.572243,14.071308,10.417641,7.7044983,5.0214796,0.0,5.482671,8.356308,10.117609,14.372742,17.427177,20.111496,22.149351,26.626059,29.480003,31.166779,33.636784,34.040718,33.749382,33.40656,28.346092,27.130032,24.098892,25.35052,19.382998,22.786667,17.63409,23.440771,22.763489,22.675797,22.487617,23.61712,22.199377,20.566309,21.504044,20.78769,20.019947,22.363766,21.913528,25.317173,24.222576,27.772068,28.465824,32.544945,32.32795,34.565235,33.69936,36.703106,36.693485,36.701046,33.534702,31.516024,27.410118,26.88745,21.318233,22.192106,17.540272,16.589561,15.366709,13.585822,16.783571,14.567331,17.54743,20.241468,20.065063,23.343004,24.818584,24.406889,28.289139,26.44148,31.944437,31.160803,34.893772,36.10686,40.22266,40.73012,40.948166,37.28274,35.080505,31.296955,34.265244,28.847694,31.922676,30.281895,31.452728,31.357784,31.583054,31.337864,36.881683,38.624367,37.165783,39.50082,36.79706,34.443542,36.10597,30.937613,31.33157,30.582169,28.611267,29.07099,26.47887,26.757097,27.240871,26.284595,29.551342
12,32.363945,28.28633,25.703293,22.286234,19.569221,17.635443,14.208943,13.632093,8.8350115,8.219819,7.5131345,5.482671,0.0,4.239691,5.0707793,9.217191,12.832159,14.880871,17.683819,21.628437,24.669287,26.514997,29.029526,29.06235,28.603117,28.194798,23.024647,21.99108,18.86298,20.628292,15.093176,19.394806,14.934908,21.068228,20.431828,21.293976,20.688717,21.756994,19.291344,16.98684,17.96226,16.233475,15.432389,17.227642,17.191797,20.141573,19.648188,23.051178,24.014923,28.007788,27.83094,29.934175,29.040825,32.35498,31.902496,31.816965,28.540863,26.516228,22.750715,21.82189,16.613503,16.810575,12.417088,11.303528,10.733571,10.157008,13.397241,12.90321,14.861657,17.484594,16.411224,19.195164,20.31323,19.367884,23.249067,21.048943,26.540607,25.734304,29.411785,30.693363,34.764854,35.350956,35.698784,32.080006,29.747862,25.908632,28.866056,23.424635,26.565096,25.09922,26.41162,26.660105,27.094393,27.203382,32.488003,33.984234,32.346672,34.54326,31.592415,29.372124,30.761374,25.748583,26.16664,25.513058,23.83862,24.166409,22.226622,21.99251,23.09341,22.140858,25.844517
13,29.786392,25.892683,23.417336,19.459423,17.25324,15.380393,12.216033,11.927829,6.598676,8.126659,7.7364564,8.356308,4.239691,0.0,6.5328317,7.074076,11.534785,13.079371,15.573579,19.577608,21.867334,24.046015,26.120625,26.210896,26.161684,25.490381,20.611662,18.975363,15.99612,16.998035,11.5163965,15.350852,11.357277,17.430872,17.461584,18.705683,18.671099,20.394936,17.749046,15.367384,17.518091,14.885708,15.649996,16.685505,18.111368,20.04396,20.767359,23.804892,24.953142,28.779009,28.421118,30.096838,28.781382,32.217762,31.255037,31.437096,27.94695,26.320185,22.998493,21.772457,17.169071,16.038036,12.9082575,10.631243,11.077045,9.340676,13.207567,13.167607,13.551231,15.40236,13.634935,16.582676,17.169638,16.893171,20.259933,18.827402,24.142868,24.029974,27.619167,29.089905,33.39924,34.276516,34.971317,31.659708,29.046698,25.032167,27.828276,22.035984,24.516546,23.085024,23.876839,24.18332,24.098772,24.523148,29.920824,31.455374,30.043541,32.610355,29.552677,27.87694,29.290524,24.790508,25.810772,25.557587,24.294048,24.108398,22.84017,21.401651,22.780293,21.093576,24.97826
14,30.716284,26.495356,24.458458,21.102814,18.184784,17.454605,13.594771,15.107448,10.670498,10.982927,12.115795,10.117609,5.0707793,6.5328317,0.0,6.3721085,9.118854,10.886868,14.3594675,17.657103,21.407587,23.002644,25.90539,25.68195,24.769396,24.654747,19.31233,19.041832,16.076735,18.797182,14.813824,19.953728,16.732273,22.784885,22.259573,23.908066,22.874825,23.64411,20.25443,17.303253,17.688278,14.943604,13.020574,13.933392,13.103141,15.860832,14.952387,18.181915,19.040298,23.018486,22.78576,24.878338,24.084503,27.502596,27.015793,26.80734,23.587395,21.48693,17.699886,16.8274,11.549274,12.186793,7.8024673,8.305226,8.920777,11.355737,13.747527,15.121853,16.392107,18.91501,16.975971,18.821295,19.356909,17.301128,21.055721,17.809048,23.083338,21.415676,25.334993,26.243622,30.449526,30.676207,30.831621,27.215918,25.09554,21.335577,24.641056,19.609468,23.302235,22.34182,24.113909,25.020832,25.908516,26.517328,31.243359,32.297104,30.301086,32.04674,28.660393,26.499735,27.149113,22.286058,22.091364,21.138277,19.955746,20.606365,19.549866,19.392735,21.407333,20.988808,25.082947
15,26.08927,22.07926,20.509544,16.398207,14.183555,14.348087,10.802883,13.870264,9.718465,12.3683605,14.244922,14.372742,9.217191,7.074076,6.3721085,0.0,5.512748,6.0161815,9.373359,12.640736,15.547299,17.589228,20.04142,19.862494,19.422094,19.07611,14.03332,13.143026,10.618228,12.702272,10.584261,15.316278,13.987802,19.428123,19.961582,22.38985,21.98246,23.470966,19.611355,16.39873,18.18414,13.747728,13.948695,13.051386,14.52886,15.147948,16.272728,18.561821,19.57891,23.135983,22.485607,23.725403,22.145426,25.736902,24.385231,24.679756,21.107542,19.811522,16.857899,15.601333,11.701799,9.795286,8.764068,7.7703123,10.625398,12.240566,14.968273,17.253078,16.448652,17.80696,14.561638,15.97247,15.16512,13.49645,16.12833,13.494472,18.310446,17.270407,21.334816,22.28309,27.15401,27.638117,28.278988,25.266506,22.80131,18.762861,22.02915,16.604727,19.427462,18.901379,20.023808,21.479507,21.743576,23.19172,27.74228,28.603468,26.79099,28.909044,25.066542,23.921156,24.149435,20.341843,20.872925,20.480768,20.320847,20.232622,20.700335,18.62121,21.445507,20.13025,24.57983
16,22.624718,18.419985,17.229296,14.000714,11.23446,12.719545,9.223693,14.065489,11.68868,13.934346,17.38842,17.427177,12.832159,11.534785,9.118854,5.512748,0.0,5.0958924,5.4156504,9.628853,13.365717,14.291853,17.50604,18.042032,17.28832,17.934723,13.317494,13.540413,12.477325,14.515423,15.224371,19.280878,18.982,24.050179,25.118814,27.65379,27.430164,28.932411,24.929008,21.600565,23.000803,18.314342,17.536192,15.842105,15.844778,16.044483,15.76871,17.31711,17.276169,20.746447,19.357763,20.175467,18.083332,21.1654,20.36219,21.180845,17.764277,17.11575,13.547105,13.754841,9.505955,9.636692,10.194596,11.719542,14.877077,17.601109,20.030272,22.490213,21.911827,23.226717,19.750336,20.711147,19.20704,17.023708,18.67172,15.247115,18.871462,16.015167,20.977789,20.60826,26.5143,25.9729,26.08235,23.509758,21.792128,18.02736,22.128439,17.736078,20.953074,21.379086,22.699205,24.937319,25.275595,27.31898,31.291842,31.696999,29.676735,31.371511,26.953518,26.25861,25.258837,22.161142,21.701717,20.729452,21.553232,22.04059,23.474352,21.759699,25.264353,24.439375,28.991425
17,24.495955,20.629433,20.149158,16.26043,14.444958,16.419601,13.30091,17.986162,14.885752,17.686007,20.168772,20.111496,14.880871,13.079371,10.886868,6.0161815,5.0958924,0.0,6.311314,7.071728,10.9618025,12.781822,15.62272,14.925028,13.886431,13.953498,8.800347,9.320233,7.936585,11.202361,12.836714,17.425333,17.963413,22.514263,23.27797,26.337784,25.67496,26.920948,22.467472,18.979818,20.327137,15.058619,14.819301,12.120804,13.563651,12.394639,14.112972,15.220344,16.112104,19.104063,18.173111,18.805717,16.941154,20.755737,18.790548,19.174286,15.505024,14.681364,12.566567,11.153883,9.130109,5.8626747,8.740016,9.3863945,13.252533,16.513365,18.241177,21.695581,20.24289,21.180996,17.324558,17.371363,15.4968,12.677013,14.087343,10.222308,13.888954,11.591149,16.189066,16.491425,21.953808,22.024021,22.652107,20.040365,17.747093,13.783751,17.49707,12.841086,15.864747,16.449251,17.855116,20.377748,20.988361,23.254631,26.755424,26.93544,24.806376,26.376902,21.879148,21.364151,20.28077,17.501074,17.487692,17.015408,18.145775,18.106857,20.319538,17.740124,21.658838,20.755718,25.346954
18,18.330778,14.385756,14.133752,10.776114,9.029901,12.225323,10.027763,15.764191,14.560974,17.560356,21.27792,22.149351,17.683819,15.573579,14.3594675,9.373359,5.4156504,6.311314,0.0,6.0147843,8.59492,9.163523,12.302606,13.515258,13.24707,14.272637,10.860622,11.057103,11.758917,12.622509,16.320278,19.190289,20.627125,24.719288,26.60756,29.516277,29.74086,31.612717,27.48695,24.184587,26.173214,20.867043,21.04167,18.418043,19.363165,18.197714,18.885069,19.461208,19.230011,22.012098,20.145359,19.953306,17.016422,19.78064,18.372751,19.943172,16.513403,17.070227,14.535485,14.955073,12.613224,11.517073,14.31296,15.325386,18.98814,21.323532,23.72733,26.500004,25.02144,25.631227,21.606836,22.083128,19.54498,17.741417,17.815788,15.046311,17.141558,14.249636,19.383614,18.396809,25.130272,24.404963,24.737894,23.056313,21.456411,17.90045,21.938612,18.050264,20.353354,21.494434,22.248508,25.059433,24.906954,27.682526,31.131088,31.207819,29.350378,31.115438,26.324331,26.646502,24.9237,23.125744,22.91471,22.247799,23.969885,24.097713,26.586103,23.930698,27.87728,26.677362,31.256123
19,20.859142,17.542612,18.458134,15.267445,14.424183,18.02152,16.0094,21.640032,19.904688,22.995836,26.195847,26.626059,21.628437,19.577608,17.657103,12.640736,9.628853,7.071728,6.0147843,0.0,5.4939733,6.199828,9.566164,9.1208935,7.7739305,9.173428,6.1328263,8.25711,10.093171,12.065388,17.517115,20.69618,23.032215,26.510376,28.062355,31.467934,31.166248,32.633423,28.056164,24.63301,26.185326,20.554258,20.650806,17.003784,18.398909,15.742998,17.567398,17.084368,17.221537,19.104475,17.37995,16.551851,13.602267,16.930119,14.183816,15.56979,12.035626,13.122648,12.460109,12.047115,12.525759,9.866767,14.792115,15.966731,19.945435,23.20656,24.741013,28.471428,26.439764,26.787682,22.518354,21.868883,18.883318,16.25289,15.416146,12.014996,12.49109,8.682069,13.892451,12.470566,19.44605,18.66716,19.280722,18.05572,16.423147,13.195439,17.077604,14.213179,16.228237,18.225069,19.172222,22.64808,22.940424,26.13746,28.54466,28.046524,25.957367,27.166788,22.071648,22.916172,20.245804,19.555302,19.174362,18.747684,21.362835,21.271965,24.97604,21.85465,26.360266,25.463448,29.941206
20,18.38078,15.871043,17.387747,13.877156,14.488598,18.276838,17.277733,22.655043,21.456259,25.12597,28.195389,29.480003,24.669287,21.867334,21.407587,15.547299,13.365717,10.9618025,8.59492,5.4939733,0.0,3.840661,4.756017,5.0476227,6.098121,6.8783255,6.9730434,7.1553407,10.710116,10.272342,17.766918,19.32445,23.053217,25.401396,27.74709,31.291542,31.594978,33.548454,29.192856,26.05071,28.467052,22.641068,24.117533,20.37443,23.008753,19.929766,22.735111,22.189756,22.536352,24.093264,22.358215,21.044865,17.808071,20.626461,17.413628,19.258966,16.028278,17.74684,17.794868,17.133251,17.916792,14.453639,19.33867,19.34033,23.344334,25.456371,27.249275,30.79279,27.985529,27.606491,23.098608,22.345316,18.613373,17.177305,14.784137,13.426688,12.489584,11.005853,15.00933,13.952269,20.830046,20.641487,21.880672,21.48095,19.608343,16.657154,19.59757,16.696423,17.01349,19.134863,18.991533,22.52717,21.92234,25.627613,27.771233,27.21638,25.62353,27.31518,22.282171,24.170933,21.62815,22.02016,22.581894,22.773314,25.436499,24.744818,28.609215,24.550749,28.889603,27.27275,31.587809
21,16.599773,14.195815,16.30722,13.889024,14.3518715,18.672932,17.916224,23.624014,23.054245,26.415758,30.015848,31.166779,26.514997,24.046015,23.002644,17.589228,14.291853,12.781822,9.163523,6.199828,3.840661,0.0,4.2422543,6.3613496,6.676691,8.9874935,9.654406,10.815695,14.157043,14.052216,21.239126,22.880129,26.367794,28.951504,31.35597,34.808006,35.131527,37.047688,32.65611,29.423006,31.56107,25.784084,26.592575,22.836138,24.560513,21.618181,23.480034,22.56975,22.263128,23.589638,21.399921,19.652706,16.007591,18.131168,15.299769,17.74425,14.8854265,17.280914,17.184752,17.503487,18.286455,16.034817,20.935064,21.787212,25.788408,28.348843,30.178133,33.682663,31.229193,31.079304,26.618488,25.96562,22.352354,20.627577,18.43753,16.498753,15.238938,12.278608,16.64355,14.372892,21.784168,20.66405,21.372025,21.43708,20.279903,17.751032,21.127596,19.041029,19.830465,22.248247,22.399446,26.075739,25.65326,29.362112,31.335573,30.614029,28.897831,30.254107,25.08827,26.956444,23.836115,24.402111,24.276402,24.052734,27.075745,26.792908,30.852518,27.26723,31.77768,30.496042,34.861595
22,16.403286,14.913202,17.369799,14.728263,16.193335,20.319193,20.114489,25.446877,24.99847,28.706818,32.026306,33.636784,29.029526,26.120625,25.90539,20.04142,17.50604,15.62272,12.302606,9.566164,4.756017,4.2422543,0.0,4.6375036,7.044372,8.395805,10.948707,11.089553,15.034751,13.680077,21.773664,22.37886,26.748028,28.44886,31.261293,34.809143,35.44713,37.601513,33.361534,30.350214,32.96462,27.121105,28.791948,24.937443,27.52996,24.230833,26.917242,25.990007,26.016708,27.147799,25.128162,23.224087,19.660017,21.6968,18.451834,20.858448,18.154823,20.637794,21.09502,20.910868,22.049679,18.985598,23.99752,24.09005,28.090418,29.99944,31.859135,35.327244,32.326965,31.680191,27.13614,26.302402,22.297888,21.294346,18.174662,17.52633,15.409862,14.105685,17.442284,15.697697,22.616974,22.09255,23.326607,23.826096,22.384146,20.008583,22.65964,20.562098,20.249577,22.698746,22.15437,25.797834,24.834827,28.818861,30.461222,29.665602,28.31547,29.939062,24.930714,27.47781,24.504353,25.789843,26.32017,26.55614,29.575064,28.851658,33.040382,28.823282,33.203297,31.486454,35.673622
23,21.002052,19.285376,21.414276,18.206427,19.26867,23.116203,22.289965,27.56936,26.247028,30.006239,32.816963,34.040718,29.06235,26.210896,25.68195,19.862494,18.042032,14.925028,13.515258,9.1208935,5.0476227,6.3613496,4.6375036,0.0,3.5741901,3.9127614,7.9520473,8.678465,12.777966,12.303822,20.503708,21.667,26.101704,27.652138,29.926918,33.715103,33.856777,35.646427,31.197723,28.184237,30.494698,24.669754,26.427166,22.267628,25.360117,21.475935,25.04868,23.899374,24.491858,25.293268,23.742678,21.925907,18.86005,21.5741,17.527676,19.264277,16.484554,18.652746,20.064846,18.951857,21.173115,17.1343,22.609499,22.437872,26.415892,28.67201,29.986687,33.931885,30.675076,29.943106,25.409698,23.939322,19.911093,18.468803,14.987886,14.286356,11.195092,10.651847,13.151344,11.984951,18.389446,18.49012,20.244486,20.708849,18.868542,16.660013,18.683613,16.93577,16.111378,18.84809,18.353783,22.22843,21.630945,25.68933,26.760452,25.695002,24.204782,25.56137,20.519272,23.295006,20.131546,21.958958,22.745504,23.342222,26.47888,25.46123,30.018667,25.518057,29.978525,28.386549,32.40728
24,22.874846,20.768188,22.806309,19.793139,20.213423,24.138803,22.827908,28.332365,26.707417,30.190163,33.04879,33.749382,28.603117,26.161684,24.769396,19.422094,17.28832,13.886431,13.24707,7.7739305,6.098121,6.676691,7.044372,3.5741901,0.0,3.496494,6.613134,9.052346,12.619533,13.624419,21.102098,23.218945,27.04895,29.142424,30.910011,34.721325,34.41186,35.832825,31.161356,27.97174,29.676075,23.925661,24.895702,20.572104,23.069044,19.016794,22.330645,20.84348,21.383373,21.924007,20.432138,18.55916,15.689381,18.653442,14.348065,15.82169,13.058022,15.262472,17.126318,15.974168,18.867144,15.07267,20.836838,21.295647,25.260052,28.308342,29.29044,33.527256,30.59903,30.221073,25.774836,24.111612,20.407293,18.093369,15.217817,13.212063,10.005304,7.664069,10.656468,8.702869,15.629256,15.243544,16.800432,17.20821,15.581369,13.580848,15.914282,14.856301,14.77428,17.82676,18.046234,22.11108,22.20006,26.067295,26.961746,25.726019,23.841171,24.662441,19.43801,21.833942,18.11631,19.897976,20.066742,20.423222,23.858948,23.11008,27.95844,23.885277,28.577082,27.503479,31.561205
25,24.527988,22.464376,24.217043,20.603342,21.234694,24.767187,23.404612,28.548765,26.510353,30.20413,32.56939,33.40656,28.194798,25.490381,24.654747,19.07611,17.934723,13.953498,14.272637,9.173428,6.8783255,8.9874935,8.395805,3.9127614,3.496494,0.0,5.5361023,7.001652,10.682453,11.410587,19.035257,20.90659,25.057789,26.687967,28.37173,32.283756,31.940445,33.36371,28.75031,25.719011,27.674797,21.938229,23.652313,19.321001,22.788183,18.53195,22.825718,21.634987,22.76759,23.433435,22.367496,20.854815,18.360992,21.693096,17.261702,18.24997,15.340664,16.905987,18.90286,16.927887,19.855867,15.054134,20.70443,20.314817,24.190987,26.768621,27.61188,31.907171,28.569395,27.880884,23.441103,21.503176,17.640455,15.650777,12.194397,11.120453,7.3689623,7.7097893,9.46821,9.324239,15.091342,15.912105,18.082008,18.151842,15.810512,13.566224,15.072496,13.375167,12.290189,15.2141075,14.964744,19.005005,18.903048,22.872803,23.639273,22.433994,20.70863,21.83598,16.719034,19.439247,16.233328,18.226133,19.24422,20.140131,23.23671,21.988106,26.732836,22.083221,26.587055,25.160913,29.073406
26,25.155508,22.270248,23.20945,19.232012,18.99029,22.039686,19.964766,24.967535,22.316347,25.755457,27.93486,28.346092,23.024647,20.611662,19.31233,14.03332,13.317494,8.800347,10.860622,6.1328263,6.9730434,9.654406,10.948707,7.9520473,6.613134,5.5361023,0.0,4.214906,6.3926544,9.249413,15.228976,18.461538,21.448807,24.114313,25.244577,29.012926,28.321,29.529829,24.783552,21.500692,23.129236,17.361015,18.530962,14.337124,17.635328,13.818176,18.020443,17.447271,18.850986,20.2395,19.421343,18.7499,16.626162,20.576172,16.722912,17.18604,13.695473,14.137438,15.199078,12.755224,14.952795,9.705287,15.206116,14.902845,18.828257,21.82505,22.682549,26.991272,24.121805,23.953806,19.607576,17.995806,14.69432,11.843631,10.072266,7.0147257,6.4409266,5.493534,9.168903,9.841562,15.520361,16.340149,18.06517,16.7436,13.983648,10.639723,13.093122,9.743345,10.435593,12.670789,13.340981,17.09123,17.554836,20.958006,22.74846,22.044258,19.958355,21.21462,16.122158,17.449867,14.996324,15.051516,15.864566,16.469065,19.02378,18.004873,22.20188,17.962828,22.505774,21.29921,25.542475
27,24.388891,21.651478,22.253252,17.692583,17.932753,20.48715,18.719263,23.191807,20.482357,24.300518,26.109295,27.130032,21.99108,18.975363,19.041832,13.143026,13.540413,9.320233,11.057103,8.25711,7.1553407,10.815695,11.089553,8.678465,9.052346,7.001652,4.214906,0.0,4.200699,5.095247,12.12373,14.521712,18.145819,20.305965,21.881006,25.674997,25.439505,27.092472,22.60912,19.551094,22.086786,16.250195,18.773777,15.040626,19.35892,16.023348,20.599092,20.644339,22.226234,23.98851,23.227278,22.753279,20.514208,24.334267,20.689373,21.337492,17.803167,18.11926,18.598438,16.133821,17.256983,11.711204,16.27183,14.677136,18.494486,20.185564,21.476194,25.383533,22.004738,21.360317,16.852669,15.511726,11.74465,10.2053995,7.7320104,7.116209,7.623803,9.544367,12.1451845,13.680145,18.689543,20.159533,22.132986,20.760162,17.719025,14.231993,16.071459,11.662357,11.226749,12.570567,12.201477,15.494273,15.061073,18.592052,21.003078,20.736246,19.13278,21.247223,16.548616,18.079086,16.796852,16.568249,18.385935,19.360928,21.225279,19.781572,23.26639,18.444643,22.474028,20.452553,24.654488
28,27.0691,23.95652,23.935268,19.155853,18.805117,20.612589,18.282713,22.178633,18.655869,22.254704,23.444967,24.098892,18.86298,15.99612,16.076735,10.618228,12.477325,7.936585,11.758917,10.093171,10.710116,14.157043,15.034751,12.777966,12.619533,10.682453,6.3926544,4.200699,0.0,5.399258,8.921881,12.816504,15.269926,18.11423,18.92796,22.658297,21.971148,23.358276,18.756025,15.558792,17.965607,12.123488,14.854438,11.464179,16.344631,13.527471,18.43851,19.140654,21.18822,23.345858,23.031519,23.233267,21.529434,25.677814,22.345385,22.463858,18.829798,18.230862,18.248274,15.213715,15.718227,9.684907,13.2742815,10.831182,14.495204,16.148333,17.283886,21.299902,18.020828,17.655233,13.252868,11.982868,8.837808,6.5979433,6.249451,4.775321,8.485214,10.698891,13.043656,15.406469,19.476013,21.31892,23.204992,21.02662,17.650581,13.804885,15.497581,9.937262,10.285417,10.493817,10.665783,13.316705,13.3824,16.228973,19.392588,19.567793,17.810053,20.07177,15.783813,16.229757,16.027445,14.371335,16.530779,17.585245,18.626837,17.066963,19.808504,15.042294,18.807022,16.728518,21.077147
29,24.52013,21.918215,21.896244,16.793581,17.438276,19.041307,17.627811,21.097334,18.28109,22.407328,23.61577,25.35052,20.628292,16.998035,18.797182,12.702272,14.515423,11.202361,12.622509,12.065388,10.272342,14.052216,13.680077,12.303822,13.624419,11.410587,9.249413,5.095247,5.399258,0.0,8.628075,9.600392,13.957901,15.536267,17.721703,21.43434,21.847647,24.091116,20.101023,17.438663,21.037703,15.479625,19.354668,16.484077,21.482777,18.9189,23.548023,24.274845,25.994633,28.186543,27.5076,27.335428,25.0723,28.81066,25.483162,26.215923,22.606829,22.676243,22.498756,20.061354,20.034391,14.611756,17.792383,14.911422,18.289532,18.214333,20.09077,23.266172,19.425114,18.24284,13.7023945,13.077864,9.094991,9.805563,7.549636,9.603424,11.427089,14.510215,16.633978,18.698092,23.160742,25.071907,27.140856,25.55098,22.305025,18.653574,20.140778,14.935973,13.948232,14.073472,12.765093,14.945887,13.389559,16.659391,20.088928,20.53,19.550001,22.552734,18.58439,19.936874,19.996595,19.15726,21.72992,22.916765,23.97614,22.248724,24.708591,19.617355,22.831799,19.9667,24.00398
30,30.179438,27.05109,25.834501,20.653273,20.27867,20.065458,17.889189,19.390299,15.048685,18.570145,17.949053,19.382998,15.093176,11.5163965,14.813824,10.584261,15.224371,12.836714,16.320278,17.517115,17.766918,21.239126,21.773664,20.503708,21.102098,19.035257,15.228976,12.12373,8.921881,8.628075,0.0,6.3013215,6.4421487,10.085356,10.596216,14.006003,13.910156,16.152824,12.451543,9.964003,14.316363,9.829086,14.770404,13.924841,19.223753,18.398628,22.76666,24.74808,26.99225,29.85345,29.818144,30.701292,29.19424,33.26133,30.552675,30.61858,26.934654,25.774014,24.673264,21.788723,20.288794,15.325857,15.548321,10.821489,12.704328,10.302643,12.639077,14.99615,11.036779,10.083028,5.7185354,7.177353,6.0776653,8.106352,10.233785,11.811882,16.446146,19.463804,21.327679,24.224327,27.472595,29.802885,31.666553,28.965519,25.423859,21.499517,22.717669,16.498545,16.542091,14.699416,14.023198,14.027869,12.96755,14.020991,19.318785,20.897202,20.024157,23.360514,20.633385,20.105639,22.196697,19.143059,22.125746,23.308128,22.654676,20.873608,21.124186,16.707357,18.38692,15.037376,18.909077
31,29.338581,26.885826,25.66999,20.399647,21.068127,20.506323,19.465757,20.210716,16.936886,20.83202,20.095568,22.786667,19.394806,15.350852,19.953728,15.316278,19.280878,17.425333,19.190289,20.69618,19.32445,22.880129,22.37886,21.667,23.218945,20.90659,18.461538,14.521712,12.816504,9.600392,6.3013215,0.0,6.466471,6.092471,9.515601,12.731972,14.546749,17.906965,15.49676,14.203187,19.303696,15.494036,20.95748,20.017824,25.470737,24.320791,28.807804,30.567684,32.61698,35.372868,35.048176,35.522285,33.54887,37.352905,34.471004,34.99703,31.30264,30.72478,29.765598,27.173702,25.755764,20.838923,21.582375,17.072273,18.838572,15.270882,17.872892,19.124481,14.733551,12.49775,9.067524,10.672907,8.768363,12.831904,12.7647085,16.270985,19.536074,23.376919,24.970364,27.790426,31.270529,33.79139,35.92878,33.762924,30.210983,26.401073,27.379303,21.425127,20.283516,18.669098,16.771805,16.45967,13.781472,15.114784,20.301075,22.11008,22.098503,26.04833,23.648827,24.108747,26.23398,24.196012,27.579634,28.990877,28.636763,26.618034,27.074944,22.222292,23.571625,19.651932,22.870762
32,32.52534,29.54589,27.630762,22.61324,22.304745,20.750385,19.05901,18.53136,14.324928,17.354372,15.275797,17.63409,14.934908,11.357277,16.732273,13.987802,18.982,17.963413,20.627125,23.032215,23.053217,26.367794,26.748028,26.101704,27.04895,25.057789,21.448807,18.145819,15.269926,13.957901,6.4421487,6.466471,0.0,6.156421,6.879562,8.972788,10.428763,13.791774,11.989244,11.013144,15.957889,13.51283,18.437347,18.921818,23.654165,23.813908,27.487123,29.968775,32.082977,35.268322,35.226135,36.3459,34.809746,38.705704,36.38521,36.56586,32.86679,31.611086,29.916256,27.369474,24.905365,20.848764,19.755932,14.93981,15.471375,10.312026,13.517089,13.440695,9.800397,8.414778,6.514132,10.219744,10.884627,13.9777565,16.149334,18.203833,22.806578,25.825758,27.75616,30.632435,33.85069,36.21799,38.00687,35.166443,31.666496,27.717222,28.93583,22.673294,22.68507,20.437155,19.47958,18.47638,16.85117,16.768284,22.662977,24.865988,24.551647,28.2302,26.217312,25.422441,28.1903,24.778091,27.831036,28.92455,27.654348,25.972492,25.017641,21.279865,21.736906,18.101545,21.16007
33,34.51819,32.142628,30.531506,25.41571,25.950932,24.567501,23.587084,22.982058,19.532133,22.773575,20.639254,23.440771,21.068228,17.430872,22.784885,19.428123,24.050179,22.514263,24.719288,26.510376,25.401396,28.951504,28.44886,27.652138,29.142424,26.687967,24.114313,20.305965,18.11423,15.536267,10.085356,6.092471,6.156421,0.0,5.141572,7.3742857,10.446747,14.441051,13.730919,13.880818,19.25208,17.145123,22.998056,23.090567,28.614233,28.069464,32.5615,34.723034,37.03131,39.921352,39.89447,40.695393,38.992752,42.91234,40.1188,40.410328,36.71963,35.773533,34.682514,31.86981,30.145008,25.410501,25.137291,20.122757,20.77894,15.579587,17.979015,17.876213,13.411829,10.459404,9.282359,11.744226,11.853521,16.385378,17.159294,20.885971,24.495564,28.727322,29.882936,33.149357,35.912846,38.82329,41.046345,38.59276,34.873875,31.11334,31.667688,25.616913,24.363764,22.039991,20.061487,18.487465,15.740262,15.510498,21.112793,23.581932,24.080734,28.261568,26.872179,26.815002,29.953043,27.453339,31.19904,32.776463,31.696754,29.511116,28.901123,24.381832,24.507338,20.26258,22.553226
34,38.42037,35.706898,34.042065,28.90399,28.909927,27.514036,25.913197,25.277683,21.076233,23.770412,20.885754,22.763489,20.431828,17.461584,22.259573,19.961582,25.118814,23.27797,26.60756,28.062355,27.74709,31.35597,31.261293,29.926918,30.910011,28.37173,25.244577,21.881006,18.92796,17.721703,10.596216,9.515601,6.879562,5.141572,0.0,4.089745,5.432496,9.314701,9.100173,10.139865,15.308589,14.519346,20.41809,21.257406,26.80596,26.663273,31.269667,33.676247,36.341015,39.210213,39.61531,40.794243,39.581604,43.748672,40.96498,40.79191,37.16972,35.69798,34.704693,31.484238,29.870634,25.121397,24.126116,18.796524,18.589153,12.951287,14.530855,14.213566,9.48052,6.0830026,6.9172044,9.507809,11.506696,15.526204,17.509378,20.740164,24.919317,29.219685,29.961061,33.66194,35.584736,38.770943,40.982513,38.124172,34.284256,30.641058,30.801495,24.770979,23.790955,20.871813,19.354147,16.985107,15.085396,13.549742,19.447208,22.223057,22.59873,26.572906,25.828573,24.941214,28.826113,25.676996,29.556559,31.238083,29.521076,27.243654,25.823307,21.709173,20.952477,16.71955,18.45701
35,40.846523,38.132618,36.142353,31.175957,31.069357,29.12957,27.647745,26.154507,22.106955,24.278158,20.684168,22.675797,21.293976,18.705683,23.908066,22.38985,27.65379,26.337784,29.516277,31.467934,31.291542,34.808006,34.809143,33.715103,34.721325,32.283756,29.012926,25.674997,22.658297,21.43434,14.006003,12.731972,8.972788,7.3742857,4.089745,0.0,4.7859664,8.959598,10.698221,12.494841,17.13388,17.391329,22.804834,24.250803,29.347313,29.748062,33.908897,36.58221,39.18305,42.227352,42.666096,44.027863,42.86818,46.980827,44.432854,44.255505,40.62634,39.027313,37.704372,34.63612,32.542564,28.258976,26.623955,21.393074,20.624619,14.313892,15.995485,14.27,10.589736,7.912381,10.223513,13.169657,15.530076,19.308823,21.561068,24.542215,28.915916,32.991318,33.88439,37.529667,39.4689,42.596798,44.706554,41.6957,37.903873,34.22771,34.485435,28.42551,27.70078,24.680077,23.314573,20.754837,18.981573,17.047768,22.816757,25.743069,26.230005,30.142162,29.66596,28.504265,32.590446,29.12805,32.876114,34.431797,32.383553,30.258728,28.196522,24.674501,23.370832,19.36103,20.593676
