,0,1,2,3,4,5,6,7,8,9,10,11,12,13,14,15,16,17,18,19,20,21,22,23,24,25,26,27,28,29,30,31,32,33,34,35,36,37,38,39,40,41,42,43,44,45,46,47,48,49,50,51,52,53,54,55,56,57,58,59,60,61,62,63,64,65,66,67,68,69,70,71,72,73,74,75,76,77,78,79,80,81,82,83,84,85,86,87,88,89,90,91,92,93,94,95,96,97,98,99,100,101,102,103,104,105,106,107,108,109,110
0,0.0,4.6998363,7.3042107,9.831363,12.731011,14.615165,17.846346,21.729286,24.415352,27.827267,29.34793,32.50062,34.939163,32.91788,36.246376,32.513687,33.23727,32.448544,34.8068,34.265903,34.182716,37.25028,36.49214,32.15747,31.472704,29.170351,28.971924,29.42076,27.8967,31.444963,29.89645,37.996094,36.561287,40.661636,42.15994,44.96954,44.721043,42.113064,39.65213,36.99067,33.93225,32.604584,27.959185,26.867609,23.803173,23.091286,21.057943,19.525541,23.037151,21.15185,23.747482,25.99498,25.128252,29.33505,25.200846,25.952646,26.839924,24.876348,26.235037,27.639725,32.646236,32.50513,37.217278,39.27837,43.565132,44.101654,48.171516,51.203053,48.170353,44.994343,42.258247,38.93059,35.70911,32.51329,29.916075,27.379114,23.1914,24.068336,19.254473,20.982565,20.378893,20.610523,22.872557,23.719728,22.478218,24.965239,21.91333,28.266365,28.17524,32.19726,34.46573,36.778145,40.52886,38.26347,41.064903,42.213543,40.69606,40.98685,38.96414,37.60032,39.143322,35.41481,37.092594,37.194675,36.412354,36.191673,34.390236,33.097664,34.70107,31.817135,34.76844
1,4.6998363,0.0,4.5639067,6.0001793,8.321207,11.38912,13.451963,17.938885,20.47655,23.864954,25.808619,29.172823,31.17482,28.986729,32.025394,28.123201,28.670744,27.809002,30.127375,29.590376,29.584349,32.670433,32.05987,27.702032,26.942417,24.607796,24.289173,24.733032,23.281437,26.871151,25.684,33.63619,32.524197,36.5483,38.17397,40.962814,40.517982,38.03804,35.364086,32.608257,29.836254,28.236628,23.636,22.535574,19.502375,18.414053,16.80223,15.288048,19.03014,17.137875,20.12051,22.121017,21.968142,26.324045,22.621422,23.37523,23.995554,22.069704,22.842297,24.426683,29.247269,28.846676,33.521004,35.272877,39.68876,39.824936,43.976776,47.11668,43.91303,40.670444,37.98783,34.567806,31.515821,28.232918,25.89894,23.309801,19.535814,20.877684,16.166414,18.840609,18.64267,18.737833,20.288502,20.419424,18.655294,20.917183,17.516125,23.790007,23.69236,27.65229,30.054174,32.343853,36.00621,33.621925,36.405933,37.569656,35.9978,36.299416,34.30967,33.037003,34.630737,31.037758,32.954758,33.265816,32.607952,32.156773,30.724527,28.960278,30.80496,27.834972,30.940277
2,7.3042107,4.5639067,0.0,5.2477036,7.023436,7.9246364,11.838558,14.700724,18.062067,21.251663,22.574442,26.539623,28.410633,26.125715,29.632719,26.172815,27.01554,26.788713,29.038998,29.291265,29.29853,32.619846,32.188263,27.979534,27.356964,24.652527,24.022295,23.713808,21.837849,25.01962,22.960878,31.165516,29.395298,33.73718,34.983242,37.751858,37.612637,34.944252,32.679314,30.16234,26.835,26.04376,21.117912,20.551554,17.848797,17.720282,16.367056,16.086533,20.362988,19.13561,22.534029,24.318161,25.011372,29.447027,26.154383,26.781828,27.009977,24.804253,24.886908,26.13088,31.149445,29.752954,34.77334,35.906525,40.501522,40.200745,44.38815,47.942234,44.667274,41.28392,38.9422,35.247707,32.58644,28.82551,27.297379,24.019642,21.10067,21.504831,17.181076,19.980606,18.948477,17.87735,18.702091,18.837072,17.568369,20.370316,17.150696,23.412928,24.130692,27.911783,30.756948,33.103477,36.408802,33.43377,36.20271,37.335194,35.194553,35.607224,32.919308,32.042152,32.908512,29.62475,31.017958,31.035213,30.827797,30.671442,29.786467,28.240461,30.637018,28.126476,31.649954
3,9.831363,6.0001793,5.2477036,0.0,3.7444088,6.4942203,8.335893,12.846642,14.729155,18.221437,20.248444,23.223707,25.399948,23.452969,26.593254,22.859283,23.895369,23.306002,26.536163,26.314754,27.053932,30.174908,30.289442,25.930147,24.70102,22.419935,20.897686,21.063017,18.784563,22.62255,20.70191,28.729494,27.708693,31.251991,33.237667,36.24436,36.108025,33.884384,31.310461,28.641647,25.97521,24.996737,19.86903,19.85447,17.429121,15.382161,15.976449,15.018181,19.075666,16.778444,20.437088,21.09749,22.455057,26.707602,23.16041,23.21171,22.910423,20.31181,20.0977,21.059187,26.271809,24.619083,29.77155,30.994223,35.52394,35.604145,39.68461,43.225677,40.221348,36.892765,34.682064,30.980433,28.15935,24.249325,22.730856,19.130732,16.16884,16.26348,11.9876375,15.100362,14.487572,13.84977,14.641826,14.483431,12.879694,15.544759,12.659739,19.112976,19.984945,23.962801,26.648838,29.26639,32.608288,29.835325,32.898212,34.537415,32.32296,32.286926,29.931019,28.213062,29.600475,25.689384,27.263512,27.427933,26.706955,26.424564,25.040445,23.598152,25.66443,23.134552,26.58985
4,12.731011,8.321207,7.023436,3.7444088,0.0,5.9674745,5.149013,10.369175,12.430646,15.745612,18.198587,21.796032,23.191017,20.883425,23.718822,19.818792,20.546253,20.005852,22.892231,22.883905,23.520456,26.724157,26.885775,22.60503,21.470203,19.016977,17.51392,17.438824,15.31098,19.023071,17.561543,25.458218,24.649296,28.34789,30.262163,33.158615,32.758858,30.564718,27.805134,25.05635,22.58924,21.315964,16.2924,16.201178,13.871238,11.764191,12.79945,12.333949,16.547377,14.752766,18.648628,19.232473,21.286121,25.559069,22.765146,22.999327,22.569374,20.282986,19.385977,20.613579,25.33604,23.430223,28.396526,29.146463,33.827736,33.248062,37.454086,41.119762,37.821518,34.40325,32.23965,28.435629,25.94563,21.97941,20.932999,17.385752,15.309863,16.095,12.388387,16.386757,16.195208,15.292718,14.979593,13.766362,11.451463,13.741827,10.177074,16.389816,17.312962,21.078203,24.023577,26.502943,29.672302,26.646828,29.58808,31.082367,28.792013,28.918829,26.461527,25.160694,26.421242,22.918125,24.76893,25.182447,24.83467,24.267673,23.627533,21.47295,24.018799,21.431665,25.094038
5,14.615165,11.38912,7.9246364,6.4942203,5.9674745,0.0,7.2048135,7.537054,10.758476,13.829464,14.773348,18.739582,20.675692,18.630566,22.555044,19.661963,21.293093,21.805046,25.034393,26.042898,26.92356,30.268005,30.75852,26.760263,25.693527,23.032084,20.920671,19.885483,16.83066,19.91458,16.345455,24.70212,22.698174,26.561682,28.079302,31.121946,31.527449,29.131075,27.21123,24.965055,21.558182,22.040695,16.410986,17.651161,16.109205,15.322011,16.76358,17.487875,21.875814,20.523151,24.481289,24.794075,27.190311,31.403757,28.495281,28.416962,27.637936,24.835083,23.651499,24.067774,29.268892,26.144741,31.621492,31.816105,36.504623,35.903835,39.947044,44.076584,41.035744,37.56043,35.95011,31.923532,29.80187,25.29184,25.131712,20.669804,19.343084,17.997963,14.948186,17.949001,16.198753,13.62717,12.660966,12.268785,11.7521715,15.18299,13.041216,18.838556,21.073195,24.546492,27.803314,30.440325,33.12035,29.506866,32.510616,34.152843,31.050371,31.10694,27.685232,26.516981,26.69202,23.288069,23.903917,23.560226,23.602436,23.829147,23.445688,22.420197,25.354248,23.71492,27.698484
6,17.846346,13.451963,11.838558,8.335893,5.149013,7.2048135,0.0,7.125175,7.890295,11.043087,14.200103,17.77499,18.548529,16.176693,18.66434,14.681351,15.573292,15.267092,18.777494,19.138742,20.400507,23.558285,24.377623,20.313843,18.85254,16.51687,13.900859,13.41192,10.565379,14.474024,12.886833,20.577488,20.22966,23.480225,25.750452,28.735563,28.336761,26.47066,23.595888,20.853725,18.864803,17.823967,12.632647,13.598188,12.213568,8.988127,12.632662,12.893408,16.736797,15.108335,19.157028,18.643354,22.006948,25.951761,23.834707,23.719345,22.645784,20.291578,18.288542,19.171051,23.527697,20.569427,25.569813,25.53636,30.330824,29.232637,33.428654,37.429916,34.112766,30.613234,28.878016,24.859875,22.864567,18.471695,18.548944,14.41201,14.036672,14.363288,12.056324,16.494543,16.457958,15.086153,13.295878,10.777939,7.8851385,9.840165,6.387431,12.042703,13.95245,17.376013,20.662617,23.243105,25.959047,22.504396,25.5614,27.35529,24.536108,24.457344,21.700466,20.267437,21.332655,17.845356,19.721079,20.296858,20.167345,19.429243,19.48902,16.93923,20.037077,17.826998,21.818983
7,21.729286,17.938885,14.700724,12.846642,10.369175,7.537054,7.125175,0.0,5.5707316,7.328404,8.440615,14.054658,14.247668,11.557885,15.491666,13.116596,14.9625435,16.483572,19.582752,21.678604,22.879993,26.189093,27.281733,23.86778,22.832455,20.144024,17.306986,15.150885,11.526497,13.632339,8.952805,17.326023,15.192448,19.156311,20.60455,23.664158,24.102474,21.889084,20.075888,18.049023,14.740243,16.176104,10.386436,13.333068,13.3230295,12.827875,16.15685,18.109669,22.087065,21.526913,25.529867,25.10501,28.80683,32.70405,30.908493,30.749802,29.47012,26.91407,24.52662,24.78549,29.149332,24.928028,30.105324,29.05316,33.82077,32.081966,36.090134,40.663857,37.41931,33.861584,32.851574,28.647417,27.481516,22.722363,24.100576,19.425293,20.253353,18.885159,17.501722,21.091389,19.746426,16.723297,13.585787,11.297604,10.595998,13.255348,11.709407,15.415132,18.705233,21.223528,24.911188,27.349585,29.192345,24.86391,27.668358,29.317032,25.460516,25.575495,21.358145,20.88932,20.01757,17.512287,17.752407,17.475208,18.583122,18.688696,20.099482,18.451962,22.395113,21.455557,25.747667
8,24.415352,20.47655,18.062067,14.729155,12.430646,10.758476,7.890295,5.5707316,0.0,3.6261976,7.0218253,10.124613,10.80391,9.000007,12.28044,9.613483,12.328797,13.570577,18.432167,19.964203,22.278143,25.15354,27.013332,23.65088,21.89124,19.934914,15.810437,14.241708,9.801631,12.754249,8.193742,15.573505,14.920003,17.007328,19.833475,23.231365,23.779701,22.420654,20.304682,18.237053,16.335419,17.510078,12.221513,15.70026,16.099829,13.3474045,18.575377,19.727686,23.112312,21.678549,25.59718,23.939262,28.262882,31.722836,29.871977,29.111542,27.232647,24.409744,21.477488,21.112898,25.356714,20.326622,25.61039,24.280462,28.933693,27.567245,31.36475,36.063072,33.247814,29.77519,29.169735,24.954378,23.848469,18.8099,20.79934,15.601137,17.383526,15.084017,15.036433,18.412624,17.444279,14.7064295,10.764716,7.2793784,6.618581,8.813622,9.132384,11.670494,15.853282,18.223955,21.694523,24.452967,26.079466,21.93044,25.12968,27.533875,23.46394,22.824093,18.966824,17.024525,16.715635,12.9904,13.146037,12.988009,13.364632,13.411431,14.535965,13.2016325,17.09337,16.675402,20.98218
9,27.827267,23.864954,21.251663,18.221437,15.745612,13.829464,11.043087,7.328404,3.6261976,0.0,4.7910075,8.538815,7.561928,5.3849187,8.947574,7.2884073,10.561229,12.739718,17.42073,19.65912,22.115204,24.851677,27.017313,24.116613,22.463259,20.587448,16.290344,14.116386,9.653022,11.41215,5.794518,12.452287,11.720619,13.421641,16.35543,19.823978,20.605085,19.484095,17.663471,15.955944,14.29152,16.319944,11.538608,15.782219,16.957703,14.751173,20.22106,21.862518,25.005455,24.009129,27.815184,25.982779,30.66484,33.947243,32.54826,31.788372,29.774225,27.103233,23.822706,23.342735,27.0768,21.595247,26.547329,24.500134,29.043652,27.072996,30.726004,35.67041,32.845444,29.395142,29.234194,25.020788,24.535221,19.543585,22.332409,17.296915,19.95903,17.640373,18.224222,21.469748,20.49003,17.576525,13.224135,9.733291,9.546039,10.855624,11.675778,12.456687,17.014069,18.621042,22.1693,24.725336,25.74972,21.241344,24.235619,26.631622,22.082512,21.428509,16.993792,15.491735,14.154958,11.16447,10.511953,10.176474,11.579599,11.756725,14.309322,12.941533,17.301065,17.54995,21.799686
10,29.34793,25.808619,22.574442,20.248444,18.198587,14.773348,14.200103,8.440615,7.0218253,4.7910075,0.0,7.3167763,6.7086473,5.261008,10.494557,10.9076185,14.287664,17.070045,21.100624,23.935398,26.10256,28.921259,30.970688,28.24367,26.862656,24.751282,20.782711,18.204622,13.969692,14.7605505,7.9090333,13.822543,11.161163,13.161277,15.171058,18.711758,20.494322,19.099588,18.448242,17.47971,14.774473,18.438131,13.707906,18.282345,19.63232,18.684732,23.361382,25.440271,28.902033,28.15859,32.05101,30.540764,35.02454,38.461964,36.85029,36.100002,34.131344,31.243835,28.160677,27.435919,31.497326,25.75893,30.868052,28.70461,33.085922,31.189781,34.617397,39.71206,37.08385,33.69418,33.7842,29.595966,29.237768,24.22511,27.034458,21.843395,24.191359,21.088163,21.508474,24.170193,22.3456,18.638973,14.162095,11.803946,13.017721,15.0555935,16.036097,17.23053,21.80034,23.344622,26.8965,29.396563,30.201569,25.53475,28.329964,30.54482,25.71392,25.214367,20.2508,19.324833,16.924166,14.739516,12.590286,11.081141,13.184055,14.403981,17.000412,16.881378,21.044313,21.820187,26.00038
11,32.50062,29.172823,26.539623,23.223707,21.796032,18.739582,17.77499,14.054658,10.124613,8.538815,7.3167763,0.0,5.950801,8.499683,11.769061,12.810084,16.826931,18.960348,24.549784,26.510448,29.663145,31.97405,34.641293,31.883114,29.826134,28.451836,23.602234,21.918583,17.448208,19.00941,13.287764,16.926283,16.000237,14.899391,18.455624,22.142107,24.349121,23.976614,23.310894,22.453634,21.000452,24.162554,19.79254,24.25526,25.457712,22.893988,28.516237,29.737108,32.857662,31.116108,34.885292,32.3405,37.01294,40.013256,37.95235,36.474537,33.935135,30.601,27.376778,25.644669,29.761364,23.17383,28.37032,26.117813,29.961615,29.192396,31.990623,37.139748,35.48782,32.400997,33.09285,29.119528,28.672382,23.61416,26.711594,21.161547,23.861616,19.101387,20.90866,22.371021,20.436382,16.933262,12.229521,10.40655,13.030845,14.538136,17.576937,17.880709,22.829517,24.28415,27.218578,30.06517,30.664846,26.578232,29.751637,32.809708,27.975658,26.532017,22.340208,19.42489,17.78129,14.055625,10.589117,8.051084,8.284359,10.906079,12.136617,14.50491,17.626122,19.64873,23.349318
12,34.939163,31.17482,28.410633,25.399948,23.191017,20.675692,18.548529,14.247668,10.80391,7.561928,6.7086473,5.950801,0.0,3.9446547,6.4361205,9.17085,12.976592,15.97284,20.637701,23.402061,26.37535,28.557291,31.362324,29.193077,27.453934,26.061863,21.408112,19.058651,15.039768,15.201982,9.776597,11.329751,10.71419,8.966446,12.781136,16.45547,18.505316,18.443558,17.869944,17.370026,16.540825,20.06568,16.670206,21.44354,23.377892,21.44751,27.175446,29.00823,31.798903,30.85343,34.476345,32.04103,37.122135,40.009766,38.83877,37.71477,35.277313,32.493366,28.837658,27.65362,30.862825,24.418774,28.910282,25.840528,29.762053,27.575512,30.484901,35.80249,33.620884,30.469122,31.38349,27.414127,27.773258,22.971344,26.800274,21.833864,25.44349,22.091072,23.877367,26.26519,24.978708,21.775515,17.014498,14.166517,15.310941,15.919538,18.186512,17.053123,21.967243,22.543802,25.701202,28.08164,28.048555,23.484135,26.191133,28.908278,23.721092,22.567118,17.758183,16.07863,13.062872,11.153089,7.224913,4.927345,8.300828,9.851259,13.945615,14.290606,18.349796,20.273535,24.01393
13,32.91788,28.986729,26.125715,23.452969,20.883425,18.630566,16.176693,11.557885,9.000007,5.3849187,5.261008,8.499683,3.9446547,0.0,5.3121142,7.0959997,10.52659,13.864795,17.766218,20.92837,23.430292,25.874756,28.379602,26.198563,24.764746,23.041676,18.795647,16.01275,12.12789,11.8741865,5.932114,9.004042,7.808681,8.351078,11.4183,15.035334,16.460056,15.824187,14.839347,14.037178,12.814855,16.293282,12.785992,17.616367,19.6708,18.324015,23.734034,25.90914,28.756691,28.281773,31.918499,29.942484,34.95085,38.01038,37.114548,36.352913,34.200462,31.689695,28.092218,27.453796,30.585724,24.66832,29.100475,26.181108,30.419104,27.695211,31.006607,36.219948,33.473663,30.146389,30.640785,26.55771,26.90465,22.15365,25.78319,21.066668,24.522541,22.117188,23.281082,26.301193,25.224127,22.095034,17.46641,14.251061,14.555954,15.23279,16.45648,15.616374,20.272968,20.892801,24.368656,26.57087,26.72097,21.877539,24.424326,26.711102,21.577461,20.940987,15.766395,15.170553,11.986714,10.845047,8.480793,7.572086,10.907359,11.445481,15.761162,14.684485,19.22834,20.350471,24.331892
14,36.246376,32.025394,29.632719,26.593254,23.718822,22.555044,18.66434,15.491666,12.28044,8.947574,10.494557,11.769061,6.4361205,5.3121142,0.0,5.002932,7.6991644,11.179693,14.998129,18.128483,21.095636,22.970179,25.997595,24.402231,22.829983,21.713333,17.248287,14.656439,11.581905,10.464447,7.7646866,5.632714,8.211371,5.867584,10.528137,13.753806,14.294579,14.802637,13.10449,12.334109,13.34044,15.7119665,13.797659,18.245964,20.702148,18.689764,24.667559,26.66762,28.77916,28.421843,31.691286,29.18487,34.609173,37.190903,36.97913,36.1687,33.847233,31.75694,27.74965,27.202002,29.28134,23.392609,26.948095,23.320663,27.309343,23.75953,26.912762,32.17374,29.338129,26.121927,27.048153,23.170437,24.257578,19.968857,24.331343,20.327219,24.736752,23.112389,24.935299,28.172447,27.849072,25.366344,20.814066,17.09854,16.605812,15.955637,17.37622,14.484222,18.890438,18.460405,21.651976,23.499987,22.934464,18.080053,20.364714,22.84708,17.515625,16.546751,11.451904,10.915895,6.9194846,7.330751,5.4375577,6.3423333,10.105575,9.414678,15.138667,12.932989,17.520817,18.901426,22.460035
15,32.513687,28.123201,26.172815,22.859283,19.818792,19.661963,14.681351,13.116596,9.613483,7.2884073,10.9076185,12.810084,9.17085,7.0959997,5.002932,0.0,4.027257,6.8754234,11.857525,14.236302,17.363417,19.470022,22.356426,20.2353,18.420536,17.299706,12.555395,10.340823,6.885439,7.2320285,6.278646,7.685789,10.641308,10.5368805,14.483537,17.483913,17.044994,17.000235,14.108573,12.158205,13.250434,13.766423,11.26538,15.128469,17.11841,14.096226,20.475897,22.05698,24.059622,23.47548,26.739008,24.217274,29.61163,32.246223,32.02654,31.325373,29.133457,27.21327,23.255686,23.110516,25.1866,19.837729,23.509731,20.42451,24.832357,21.461802,25.14517,30.155392,26.942122,23.507656,23.747816,19.657759,20.24378,15.798899,19.800943,15.908019,20.204838,19.480331,20.983072,24.699387,24.911676,22.977068,18.808977,14.688228,13.100855,11.965652,12.755991,9.734953,14.059205,14.023606,17.47047,19.52294,19.656311,14.8487,17.59873,20.19614,15.337852,14.401086,9.964392,8.60671,7.1207213,5.3342376,6.954811,8.85973,10.84769,9.139051,13.852209,10.139887,14.982818,15.3236885,19.134058
16,33.23727,28.670744,27.01554,23.895369,20.546253,21.293093,15.573292,14.9625435,12.328797,10.561229,14.287664,16.826931,12.976592,10.52659,7.6991644,4.027257,0.0,4.0490875,7.8698444,10.571622,13.567739,15.582488,18.529589,16.755503,15.146572,14.1624775,9.790297,7.3132887,5.5484896,4.5344687,7.823209,7.575227,11.663792,12.158484,15.476881,17.87163,16.335104,16.369259,12.606306,10.136171,12.507704,11.353921,10.276697,13.259477,15.471887,12.501665,18.743036,20.41505,21.847485,21.826214,24.760832,22.38758,27.888237,30.337353,30.837076,30.47322,28.508549,27.174704,23.1741,23.631706,24.91316,20.391514,23.298288,20.139566,24.541788,20.30097,24.219152,28.975426,25.177341,21.689434,21.642996,17.651289,18.660378,14.833681,18.856812,16.009222,20.461554,21.13062,22.372902,26.527994,27.259838,25.746902,21.89262,17.668156,15.310567,13.622509,13.350397,9.455762,12.657597,11.812951,15.349901,16.872684,16.814833,11.728626,14.12284,16.354492,11.552714,11.082417,6.6443367,7.062373,6.249305,6.7537413,9.987027,12.412333,14.292857,11.984056,16.61057,11.755228,16.352375,15.96886,19.46393
17,32.448544,27.809002,26.788713,23.306002,20.005852,21.805046,15.267092,16.483572,13.570577,12.739718,17.070045,18.960348,15.97284,13.864795,11.179693,6.8754234,4.0490875,0.0,7.1035404,7.637209,11.448548,13.174687,16.316433,14.221603,12.021883,11.707372,6.7164617,5.952644,5.420011,6.567708,11.017084,11.465209,15.67398,15.968436,19.474741,21.758463,19.890312,20.008993,15.898727,13.131047,15.734235,13.154689,12.241606,14.030806,15.583727,11.170683,17.757336,18.618443,19.47418,19.023811,21.683887,18.836756,24.487732,26.66587,27.375563,26.974125,24.99171,23.98478,19.917343,20.691254,21.400795,17.528082,19.983423,17.13602,21.641201,17.474358,21.676025,26.119633,22.113365,18.542524,18.025606,13.961511,14.758584,11.156262,15.108052,12.983946,17.632051,19.335749,20.650879,24.965757,26.362375,25.5572,22.177011,17.893353,14.840614,12.327851,11.736347,6.7025666,8.980918,7.7653546,11.342948,12.976136,13.394891,8.612262,11.587556,14.275902,10.352839,9.446104,7.3113065,5.9379325,8.36605,7.37838,11.971376,14.737739,15.538514,12.694346,16.284454,10.538368,14.563958,13.350276,16.561459
18,34.8068,30.127375,29.038998,26.536163,22.892231,25.034393,18.777494,19.582752,18.432167,17.42073,21.100624,24.549784,20.637701,17.766218,14.998129,11.857525,7.8698444,7.1035404,0.0,5.27514,6.394811,8.390001,11.081397,10.386223,9.878253,9.121795,7.608458,5.492643,8.87251,6.520166,13.503013,12.335285,16.344864,17.966,19.879831,21.126581,17.925049,17.800045,13.062174,10.085098,13.909976,9.206766,11.492049,11.57183,13.761435,11.773221,16.36258,18.162857,18.244982,19.685066,21.714369,20.13409,25.377287,27.451181,29.406233,29.858433,28.560175,28.40356,24.698969,26.290432,26.276934,23.668127,25.205736,22.414204,26.543676,21.181908,25.297997,29.192234,24.356142,20.997032,20.07603,16.716812,18.267698,16.193668,19.374815,18.710299,22.673267,25.589243,26.131588,30.841574,32.282776,31.387533,28.11764,23.932371,20.722628,18.682732,16.74297,12.929234,13.175033,11.121507,14.184283,14.174949,13.962569,9.185121,9.827983,10.115098,6.548788,8.443259,6.532688,10.6149845,11.214068,13.555775,17.504375,20.14376,21.885666,19.191746,23.326128,17.595478,21.421656,19.861996,22.608347
19,34.265903,29.590376,29.291265,26.314754,22.883905,26.042898,19.138742,21.678604,19.964203,19.65912,23.935398,26.510448,23.402061,20.92837,18.128483,14.236302,10.571622,7.637209,5.27514,0.0,4.768573,5.683043,9.032452,7.7169785,5.8510976,6.9906063,5.4370203,6.7494087,10.3876915,10.38366,16.95953,16.641617,20.938793,21.955976,24.559645,26.029043,22.954708,23.02213,18.307974,15.327243,18.802952,13.797344,15.150356,14.466293,15.574976,11.715322,16.479082,16.933094,16.055172,16.785381,18.253925,15.9363,21.340233,22.911095,25.245949,25.638927,24.347647,24.699083,21.049442,23.009329,22.14095,20.601759,21.357708,19.1084,23.112947,18.015745,22.314249,25.653303,20.618057,17.263416,15.59229,12.3935995,13.705431,12.57728,15.222184,15.881598,19.754635,23.758196,24.414446,29.103172,31.25386,31.148262,28.40301,24.254562,20.56244,17.839355,15.797408,11.458749,9.891212,7.1198483,9.550409,9.162922,9.740075,6.0094423,7.1960564,8.271168,7.153091,7.959592,9.42972,10.797047,13.777801,14.531287,19.30523,22.21788,22.967695,19.89749,22.962494,16.825117,19.741653,17.42623,19.530901
20,34.182716,29.584349,29.29853,27.053932,23.520456,26.92356,20.400507,22.879993,22.278143,22.115204,26.10256,29.663145,26.37535,23.430292,21.095636,17.363417,13.567739,11.448548,6.394811,4.768573,0.0,3.6478195,5.0007014,4.365983,5.1372304,5.214833,7.635087,8.070502,12.583703,11.797134,18.658962,18.688559,22.267637,24.338076,26.060154,27.122042,23.604126,23.187,18.425087,15.420396,18.625437,12.624843,15.074326,12.996861,13.9286785,11.80407,14.578883,15.53339,14.162954,16.364042,17.415749,16.527416,21.200882,22.93087,25.848978,26.925209,26.256731,27.021866,23.854311,26.303452,25.520727,24.695482,25.431683,23.594006,27.50939,22.367666,26.581161,29.538446,24.248964,21.108578,19.030148,16.345676,17.419416,16.729343,18.448143,19.444942,22.47525,27.02102,26.95721,31.878832,33.946983,33.759674,31.189768,27.175467,23.384539,21.148605,18.24544,15.178568,13.192596,11.222856,13.349464,12.371913,13.139578,10.272066,10.037122,8.752823,9.084539,11.340123,12.263986,15.185565,17.199745,18.63739,23.111881,25.837988,26.983232,24.095293,27.259861,21.208298,24.267866,21.70203,23.862133
21,37.25028,32.670433,32.619846,30.174908,26.724157,30.268005,23.558285,26.189093,25.15354,24.851677,28.921259,31.97405,28.557291,25.874756,22.970179,19.470022,15.582488,13.174687,8.390001,5.683043,3.6478195,0.0,4.2436194,5.9539056,6.365839,8.111152,10.06624,11.112723,15.409092,14.552655,21.514975,20.514864,24.678082,26.055815,27.967289,28.826178,25.087402,25.149334,20.397928,17.656683,21.478832,15.642889,18.448975,16.584398,17.56175,15.135323,17.925688,18.435923,16.429848,18.374569,18.809706,17.433104,22.068756,23.103949,26.631325,27.636936,26.907785,28.053995,24.819221,27.273943,25.636978,25.234211,25.102592,23.09617,26.5622,20.993465,24.968746,27.510927,22.037775,19.170227,17.109264,15.068463,16.759285,17.056824,18.894861,20.700691,24.019981,28.806496,29.11582,33.90266,36.26221,36.329014,33.773773,29.69262,25.886639,23.263344,20.76192,16.955856,14.559177,11.762339,12.920824,11.062498,11.108758,9.308299,7.946451,5.8026175,8.186218,10.378531,12.931889,15.691533,18.164886,19.912186,24.56217,27.497229,28.48447,25.383936,28.552067,22.384537,25.009699,22.51878,24.10205
22,36.49214,32.05987,32.188263,30.289442,26.885775,30.75852,24.377623,27.281733,27.013332,27.017313,30.970688,34.641293,31.362324,28.379602,25.997595,22.356426,18.529589,16.316433,11.081397,9.032452,5.0007014,4.2436194,0.0,4.513844,7.037837,7.975196,11.971108,12.910894,17.449087,16.639446,23.480637,23.282074,26.789919,28.969551,30.383049,31.098354,27.22514,26.812374,22.132828,19.355526,22.586382,16.268064,19.292517,16.399033,16.870066,15.486819,16.546272,17.08637,14.552111,17.504168,17.45973,17.332136,21.132912,22.28516,26.196556,27.772232,27.605896,29.089188,26.342476,29.212881,27.740408,28.00579,27.991564,26.538149,30.040155,24.813509,28.802176,31.022121,25.501959,22.769772,20.24722,18.447279,19.560328,19.993273,20.951496,22.990221,25.509745,30.802217,30.48913,35.417953,37.78625,37.92079,35.650017,31.734186,27.795643,25.50743,22.344757,19.56564,16.76229,14.726793,15.869757,14.019272,14.753467,13.416534,12.117417,9.361312,12.053018,14.555893,16.510372,19.5777,21.763182,23.418184,27.98158,30.770056,31.839626,28.862144,31.824574,25.698456,28.355032,25.509691,27.173145
23,32.15747,27.702032,27.979534,25.930147,22.60503,26.760263,20.313843,23.86778,23.65088,24.116613,28.24367,31.883114,29.193077,26.198563,24.402231,20.2353,16.755503,14.221603,10.386223,7.7169785,4.365983,5.9539056,4.513844,0.0,3.5509791,3.824852,8.611219,10.203613,14.525072,14.779232,21.172216,22.432362,25.570852,28.036253,29.773022,30.977291,27.574015,26.828398,22.1298,19.010014,21.46533,15.261339,16.99547,14.003574,13.836279,11.4993515,12.837093,12.891366,10.570561,13.188638,13.63843,13.554641,17.585697,19.354198,22.589165,24.119848,23.964283,25.194546,22.582268,25.550932,24.698145,24.97112,25.601389,24.649506,28.53544,24.089739,28.361748,30.826485,25.54506,22.524496,19.694023,17.30742,17.513731,17.309753,17.726946,19.436022,21.469833,26.876806,26.244028,31.216574,33.57862,33.82205,31.80226,28.031317,23.976437,21.845055,18.333,16.317274,13.27528,12.169611,13.799111,12.786121,14.684504,12.984391,13.017495,11.7275505,13.171824,15.054372,16.36565,18.404669,20.976206,21.54455,26.161898,28.80683,29.547277,26.692257,29.085657,23.092087,25.727966,22.54996,24.507832
24,31.472704,26.942417,27.356964,24.70102,21.470203,25.693527,18.85254,22.832455,21.89124,22.463259,26.862656,29.826134,27.453934,24.764746,22.829983,18.420536,15.146572,12.021883,9.878253,5.8510976,5.1372304,6.365839,7.037837,3.5509791,0.0,3.6721606,6.2369947,9.043642,12.91637,14.00534,20.179672,21.576826,25.083933,26.96401,29.300646,30.825035,27.723356,27.226751,22.502527,19.308426,21.851864,16.118563,17.016905,14.81508,14.641279,10.631177,13.616004,13.010045,11.004502,12.126437,12.902285,11.448487,16.273209,17.944973,20.779558,21.839163,21.275906,22.332148,19.439955,22.270603,21.301851,21.463545,22.07333,21.184042,25.137695,21.007675,25.35787,27.918886,22.811304,19.670183,16.790306,14.126646,14.075699,13.782484,14.289872,16.118351,18.47674,23.879774,23.61818,28.482521,31.034763,31.486954,29.494143,25.67591,21.5654,19.075132,15.918992,13.367113,9.960146,8.755606,10.349988,9.7117405,12.134729,10.5714035,11.427237,11.396474,12.416955,13.4733095,15.177099,16.012344,19.306849,19.127417,23.949862,26.677,27.002903,24.05022,26.070772,20.054882,22.406515,19.131575,20.974916
25,29.170351,24.607796,24.652527,22.419935,19.016977,23.032084,16.51687,20.144024,19.934914,20.587448,24.751282,28.451836,26.061863,23.041676,21.713333,17.299706,14.1624775,11.707372,9.121795,6.9906063,5.214833,8.111152,7.975196,3.824852,3.6721606,0.0,5.542833,7.124992,11.125411,12.07217,17.973124,20.25521,23.030851,25.700794,27.609001,29.165575,26.19305,25.225574,20.616365,17.328459,19.17858,13.371484,14.000909,11.339548,10.9987135,7.7341576,10.262321,10.485454,9.37332,11.355553,12.90863,12.572487,17.044758,19.481897,21.703901,22.947594,22.548616,23.175694,20.438484,23.19782,23.186972,22.791586,24.255106,23.34908,27.60651,23.617546,28.053349,30.98266,25.984144,22.703733,20.063671,17.03615,16.7671,15.503787,16.033922,16.771627,18.742033,23.713888,22.95337,27.98487,30.103437,30.15163,28.081894,24.346846,20.318003,18.41945,14.724619,13.26216,10.718141,10.483031,12.967893,12.939851,15.217233,12.676001,13.718338,13.448024,13.426792,14.8946495,15.177707,16.651857,19.103827,19.015148,23.472498,25.934473,26.609838,23.938812,26.164986,20.364626,23.266035,20.10732,22.558846
26,28.971924,24.289173,24.022295,20.897686,17.51392,20.920671,13.900859,17.306986,15.810437,16.290344,20.782711,23.602234,21.408112,18.795647,17.248287,12.555395,9.790297,6.7164617,7.608458,5.4370203,7.635087,10.06624,11.971108,8.611219,6.2369947,5.542833,0.0,4.1470017,6.891032,9.122752,14.490992,16.85297,20.095303,21.875275,24.607506,26.642164,24.245895,23.657272,19.172062,15.910134,17.869541,13.312089,12.614677,11.967108,12.247409,6.8568964,12.665734,12.762268,12.921277,12.855937,15.26069,13.142698,18.537159,20.956348,22.152617,22.47449,21.223701,21.013279,17.573011,19.602655,20.042866,18.304495,20.37494,18.993023,23.53122,19.832542,24.326445,27.857107,23.306328,19.788631,17.763948,14.024992,13.717193,11.165544,12.901882,12.398676,15.511542,19.477959,19.526953,24.395618,26.392345,26.2859,23.830286,19.853817,15.923153,13.581713,10.729823,7.908849,6.4462967,6.3553348,9.890159,11.071656,13.211456,9.784312,12.201784,13.685714,12.0277405,12.304924,12.039887,11.893734,14.838431,13.746813,18.321653,20.840452,21.204163,18.47854,20.663591,14.839136,17.93982,15.103323,17.944763
27,29.42076,24.733032,23.713808,21.063017,17.438824,19.885483,13.41192,15.150885,14.241708,14.116386,18.204622,21.918583,19.058651,16.01275,14.656439,10.340823,7.3132887,5.952644,5.492643,6.7494087,8.070502,11.112723,12.910894,10.203613,9.043642,7.124992,4.1470017,0.0,4.5738707,5.2422075,11.163476,13.527599,16.324127,18.762072,20.972397,22.915234,20.5389,19.680004,15.262817,11.960204,13.730425,9.370929,8.811598,8.809382,10.082637,6.5506477,12.263776,13.786614,14.775515,15.564551,18.290201,16.913618,22.03191,24.741184,25.774939,26.178797,24.955105,24.383501,20.939453,22.610146,23.623,21.022547,23.5703,21.636627,26.224663,22.11759,26.504614,30.450628,25.930647,22.3794,20.913132,17.08971,17.309893,14.286364,16.63284,15.137418,18.341862,21.24189,21.200478,26.049553,27.390335,26.553988,23.606798,19.571419,16.078457,14.425342,11.712244,9.403626,9.87967,9.684725,13.426622,14.475645,15.754926,11.354772,13.353281,14.373934,11.495794,12.359157,10.211377,11.657397,12.93764,12.897089,16.844845,19.137194,20.329277,17.906967,21.031986,15.525601,19.418438,17.298223,20.5902
28,27.8967,23.281437,21.837849,18.784563,15.31098,16.83066,10.565379,11.526497,9.801631,9.653022,13.969692,17.448208,15.039768,12.12789,11.581905,6.885439,5.5484896,5.420011,8.87251,10.3876915,12.583703,15.409092,17.449087,14.525072,12.91637,11.125411,6.891032,4.5738707,0.0,4.834822,7.7535205,11.968929,14.140601,16.369558,19.086512,21.622774,20.169336,19.243229,15.417393,12.39956,13.073613,10.83791,7.94917,9.996187,11.196699,7.270248,13.819431,15.254423,17.2255,17.024895,20.322903,18.557302,23.67578,26.64231,26.680508,26.591366,24.996922,23.624462,20.07806,21.056849,23.074507,19.362886,22.8932,20.923521,25.681011,22.353134,26.621632,30.988258,27.048887,23.445578,22.414024,18.281939,18.098423,14.004068,16.657084,13.603802,16.893589,18.318077,18.513243,23.105633,23.94045,22.66995,19.392666,15.30784,12.168999,10.957177,8.977528,7.3475733,9.993934,10.841372,14.754003,16.649529,17.97344,13.4433565,16.15036,17.993364,14.331868,14.349146,11.163242,10.986462,11.743799,10.227592,13.523762,15.428619,16.505327,14.485056,17.45389,12.604578,16.906752,15.3171,19.16086
29,31.444963,26.871151,25.01962,22.62255,19.023071,19.91458,14.474024,13.632339,12.754249,11.41215,14.7605505,19.00941,15.201982,11.8741865,10.464447,7.2320285,4.5344687,6.567708,6.520166,10.38366,11.797134,14.552655,16.639446,14.779232,14.00534,12.07217,9.122752,5.2422075,4.834822,0.0,7.032477,8.616711,11.121499,13.86772,15.758906,17.786106,15.765405,14.856925,10.738542,7.634486,9.353729,7.0460687,6.2937617,8.892412,11.469717,10.082141,15.350012,17.779745,19.4389,20.340038,23.320951,21.96934,27.086449,29.893711,30.603155,30.774763,29.299704,28.214308,24.58542,25.606379,27.110588,23.325294,26.319193,23.663633,28.18817,23.834942,27.938757,32.41914,28.204123,24.67991,24.047155,20.130932,20.878775,17.320904,20.517496,17.99246,21.611864,22.985453,23.303137,27.829666,28.425503,26.764439,23.140549,19.099789,16.49188,15.464629,13.793044,11.492565,13.785358,13.386507,17.16128,18.3275,18.697145,13.624819,15.41325,16.50829,12.175536,12.999776,8.519497,11.120345,9.974379,11.194451,13.929055,15.864276,18.066233,16.108963,20.358988,15.569365,20.127178,19.095108,22.711483
30,29.89645,25.684,22.960878,20.70191,17.561543,16.345455,12.886833,8.952805,8.193742,5.794518,7.9090333,13.287764,9.776597,5.932114,7.7646866,6.278646,7.823209,11.017084,13.503013,16.95953,18.658962,21.514975,23.480637,21.172216,20.179672,17.973124,14.490992,11.163476,7.7535205,7.032477,0.0,8.385604,7.4952025,11.098485,12.930483,15.909671,15.83482,14.372552,12.129096,10.293221,8.688173,10.899646,6.8996153,11.686924,13.845176,13.191047,18.15821,20.733889,23.551188,23.756968,27.33142,26.035069,30.86966,34.113277,33.66876,33.45124,31.75432,29.751898,26.317532,26.53978,29.402143,24.508606,28.683764,26.157516,30.736526,27.446384,31.280512,36.18035,32.684235,29.171223,28.937656,24.796907,25.010744,20.532656,23.645666,19.56985,22.664568,21.927605,22.198374,26.088789,25.553877,22.883299,18.773582,15.19206,14.004851,14.485532,13.88932,13.509131,17.350199,18.077314,21.891464,23.789791,24.357046,19.35341,21.663631,23.284763,18.558573,18.7156,13.559409,14.406838,11.937799,11.587719,11.81444,12.306032,15.004747,14.38392,18.41992,15.542542,20.326822,20.185762,24.2977
31,37.996094,33.63619,31.165516,28.729494,25.458218,24.70212,20.577488,17.326023,15.573505,12.452287,13.822543,16.926283,11.329751,9.004042,5.632714,7.685789,7.575227,11.465209,12.335285,16.641617,18.688559,20.514864,23.282074,22.432362,21.576826,20.25521,16.85297,13.527599,11.968929,8.616711,8.385604,0.0,5.9854956,5.7416162,8.122974,10.35338,9.410185,9.9971895,7.6962376,7.3103247,9.717607,11.970174,12.038045,16.056143,19.140013,18.467123,23.64232,26.284622,28.049952,28.709696,31.71185,29.781755,35.173904,37.72131,38.29145,37.984413,36.010464,34.47053,30.476587,30.570396,32.061222,26.911572,29.840166,26.056108,30.021381,25.344587,28.636395,33.67711,30.168005,26.957266,27.70297,24.01611,25.66079,21.985956,26.311283,23.157566,27.570465,27.159412,28.483469,32.258636,32.17029,29.760279,25.355825,21.53538,20.398819,19.617165,19.84544,16.718485,20.230082,19.133293,22.427336,23.55775,22.567614,17.394123,18.74445,20.234934,14.781841,14.863263,8.982857,11.840958,6.7412686,10.702217,10.547111,11.834556,15.613929,14.438976,20.275293,16.995958,21.646317,22.383633,25.797306
32,36.561287,32.524197,29.395298,27.708693,24.649296,22.698174,20.22966,15.192448,14.920003,11.720619,11.161163,16.000237,10.71419,7.808681,8.211371,10.641308,11.663792,15.67398,16.344864,20.938793,22.267637,24.678082,26.789919,25.570852,25.083933,23.030851,20.095303,16.324127,14.140601,11.121499,7.4952025,5.9854956,0.0,6.567184,5.7355366,8.551144,9.428786,8.086667,8.0396,8.545198,7.174852,12.373783,11.238989,15.821352,18.838032,19.691528,23.885525,27.092508,29.610699,30.50868,33.852566,32.624752,37.620987,40.668503,40.730442,40.57358,38.805187,36.921177,33.268177,33.31105,35.70945,30.42354,34.109303,30.753063,34.929447,30.799734,34.1694,39.273403,35.84132,32.54259,33.023254,29.148493,30.269798,26.160875,29.96909,26.181458,29.824732,28.760191,29.446835,33.057842,32.199608,29.095001,24.655735,21.405697,20.972422,21.338161,21.263983,19.858559,23.649218,23.400864,27.008846,28.391678,27.918627,22.681025,24.143583,25.258286,20.014149,20.507236,14.57823,17.211828,12.468728,14.925247,13.563187,13.501988,17.620848,17.467913,22.74416,20.441532,25.222322,25.925209,29.744732
33,40.661636,36.5483,33.73718,31.251991,28.34789,26.561682,23.480225,19.156311,17.007328,13.421641,13.161277,14.899391,8.966446,8.351078,5.867584,10.5368805,12.158484,15.968436,17.966,21.955976,24.338076,26.055815,28.969551,28.036253,26.96401,25.700794,21.875275,18.762072,16.369558,13.86772,11.098485,5.7416162,6.567184,0.0,5.38132,8.487894,10.186934,11.354319,11.414596,12.2301,13.198866,17.094086,16.338005,20.867924,23.82159,23.138384,28.425718,31.026697,33.141975,33.39272,36.598877,34.411114,39.826736,42.41553,42.503128,41.850945,39.605087,37.5992,33.583755,33.050457,34.96343,29.040634,32.295654,28.292587,31.943142,27.846096,30.60829,35.89645,33.091312,30.078526,31.392757,27.761217,29.370033,25.404636,29.932636,26.146471,30.571585,28.847034,30.581577,33.717144,33.03998,30.141861,25.455488,22.110455,22.065601,21.745806,22.95922,20.170218,24.330717,23.484266,26.599903,28.028072,26.859306,21.912617,23.446074,25.327303,19.79675,19.315977,13.8164835,15.139579,9.754099,12.604366,9.918994,9.786619,14.237885,14.205952,20.11995,18.498644,22.87048,24.57014,27.926506
34,42.15994,38.17397,34.983242,33.237667,30.262163,28.079302,25.750452,20.60455,19.833475,16.35543,15.171058,18.455624,12.781136,11.4183,10.528137,14.483537,15.476881,19.474741,19.879831,24.559645,26.060154,27.967289,30.383049,29.773022,29.300646,27.609001,24.607506,20.972397,19.086512,15.758906,12.930483,8.122974,5.7355366,5.38132,0.0,3.6986928,6.919126,7.414754,9.58509,11.619315,11.623108,16.739182,16.731482,21.050203,24.255117,25.059603,29.351595,32.5704,34.831894,35.774292,38.98047,37.44822,42.65505,45.457985,45.743313,45.436153,43.467632,41.581593,37.715527,37.47873,39.519646,33.870026,37.17244,33.259304,37.000095,32.54577,35.397545,40.588863,37.465652,34.43345,35.547787,31.94206,33.61991,29.757181,34.059975,30.390678,34.49541,33.053833,34.254116,37.58057,36.63,33.408077,28.777725,25.665562,25.644794,25.769457,26.29716,24.128859,28.005993,27.196207,30.5051,31.660925,30.478153,25.364983,26.401426,27.490894,22.091305,22.400505,16.631071,19.479532,13.928933,17.479538,15.176087,14.8024645,19.304317,19.437603,25.197943,23.447107,27.978054,29.355047,32.855534
35,44.96954,40.962814,37.751858,36.24436,33.158615,31.121946,28.735563,23.664158,23.231365,19.823978,18.711758,22.142107,16.45547,15.035334,13.753806,17.483913,17.87163,21.758463,21.126581,26.029043,27.122042,28.826178,31.098354,30.977291,30.825035,29.165575,26.642164,22.915234,21.622774,17.786106,15.909671,10.35338,8.551144,8.487894,3.6986928,0.0,4.7896237,6.043482,9.445643,12.2612095,12.774323,17.669245,18.695148,22.565388,25.945774,27.28737,31.158558,34.597656,36.63989,37.99278,41.029507,39.67829,44.871574,47.5867,48.235287,48.094543,46.22193,44.551113,40.649246,40.58339,42.319656,36.86538,39.848335,35.770782,39.382202,34.479134,37.221943,42.29774,39.021935,36.100243,37.288624,33.869823,35.853916,32.29486,36.661366,33.32983,37.52974,36.44774,37.593815,41.06221,40.204353,37.015232,32.411964,29.25684,29.06225,29.055992,29.33506,26.93812,30.509155,29.37488,32.593452,33.421104,31.934404,26.881563,27.421774,28.035545,22.81775,23.484144,17.907362,21.615961,15.967976,20.315477,18.346092,18.199244,22.690111,22.63926,28.56179,26.532341,31.0365,32.33976,35.713463
