,0,1,2,3,4,5,6,7,8,9,10,11,12,13,14,15,16,17,18,19,20,21,22,23,24,25,26,27,28,29,30,31,32,33,34,35,36,37,38,39,40,41,42,43,44,45,46,47,48,49,50,51,52,53,54,55,56,57,58,59,60,61,62,63,64,65,66,67,68,69,70,71,72,73,74,75,76,77,78,79,80,81,82,83,84,85,86,87,88,89,90,91,92,93,94,95,96,97,98,99,100,101,102,103,104,105,106,107,108,109
0,0.0,4.2831936,6.461305,9.867353,12.306322,14.709529,18.078447,21.807793,25.165476,27.806387,31.849468,30.232841,26.952646,26.094267,21.142979,21.889082,16.654562,17.938549,15.5008545,16.565443,19.072573,16.668089,22.21354,25.328568,26.778538,29.504408,30.529985,31.244005,27.404055,29.231098,28.83102,29.861412,34.506374,32.37385,37.000626,37.36249,40.52257,41.292843,37.450665,34.14698,38.316124,34.658558,34.22359,34.631763,33.118397,34.672726,32.21912,37.29768,35.184265,39.79026,39.2814,39.97328,38.32871,40.888702,37.53375,36.284027,33.78248,36.026455,34.816204,34.626595,31.930365,38.13331,36.33427,39.212696,42.03415,41.01907,44.55055,44.032864,46.914818,43.87013,38.684933,40.204746,36.460167,40.258457,36.61917,34.436546,35.571194,33.159687,33.264202,34.44651,31.238136,28.633518,25.734617,23.906317,23.732584,21.790272,21.687506,20.515879,20.579016,23.13991,24.092916,24.127813,25.502234,26.947485,24.941025,22.530907,19.557755,16.856256,19.076155,15.669175,19.36876,18.08858,15.614689,20.62188,21.682924,25.858278,25.8782,29.93405,31.427803,35.51516
1,4.2831936,0.0,5.305764,6.715609,8.786997,12.263114,14.578127,19.148645,21.963133,24.83083,28.742777,27.65401,24.695637,23.585148,18.714703,18.779322,13.604853,14.158705,11.9773445,12.453568,15.272048,13.206222,18.82701,21.587162,23.196102,25.662415,26.505732,27.076426,23.13146,24.979736,24.630291,25.799072,30.671387,28.817589,33.363182,34.016003,37.11446,37.646454,33.811253,30.395199,34.36387,30.542215,30.064817,30.363132,28.879562,30.404959,28.028994,33.158535,31.185724,35.80293,35.270485,36.212463,34.8189,37.429806,34.057594,33.04264,30.210804,32.613747,31.48711,30.959005,28.062424,34.20025,32.23244,35.028748,37.83428,36.74317,40.273552,39.75544,42.669537,39.665024,34.499172,36.128067,32.365643,36.403202,32.809162,30.825447,32.153614,29.808825,30.212006,31.495897,28.575493,25.692696,22.86077,20.722841,20.06085,18.21946,17.588692,16.389622,16.398241,19.146305,20.2433,20.236406,22.12099,23.591074,21.524803,19.523771,16.776518,13.899552,15.444456,12.452392,15.690856,15.212708,13.569099,18.133621,18.646162,23.061806,22.330082,26.598915,27.817673,31.991606
2,6.461305,5.305764,0.0,5.2551184,7.104812,8.421508,12.446389,15.430723,19.082804,21.543835,25.66478,23.871506,20.525972,19.859667,14.82657,16.060274,11.21626,13.107316,12.116168,14.128452,17.479305,16.714544,21.988056,24.374043,26.796402,28.82702,29.339281,29.259047,24.54902,25.69641,24.65209,25.41147,29.106524,26.8062,31.365782,31.445131,34.814682,35.802345,32.19285,29.225174,33.326317,30.404665,29.748175,31.104258,29.239992,31.747822,29.728685,35.25349,33.69572,38.248558,37.079685,38.4991,37.43266,39.549213,35.64835,34.283638,31.114504,33.050507,31.265226,30.75311,28.252106,34.10496,32.18408,35.44492,37.733192,37.495693,40.88159,40.85268,43.66709,41.23929,36.07423,37.468403,33.33394,37.277122,32.923557,31.302046,31.92712,29.11591,29.114645,29.82338,26.83092,24.522333,20.783453,19.507105,19.280388,18.46789,17.87968,18.539661,18.884972,22.230879,23.558771,22.898859,25.935978,26.712107,24.140484,22.65597,20.283655,16.77986,17.344158,14.048397,15.812832,14.3418,11.466229,15.762704,16.982906,20.303947,20.713907,24.454334,25.911734,29.970625
3,9.867353,6.715609,5.2551184,0.0,3.818593,6.3063025,8.777337,13.377966,15.788693,19.066635,22.45273,21.29538,18.58404,17.070843,12.406573,12.182415,6.9104967,8.322002,6.917645,9.417218,12.748843,12.959309,17.729723,19.809378,22.857843,24.660118,25.37922,24.82648,20.40173,21.00592,20.454351,20.59,25.021187,22.539175,27.252575,27.62066,30.676893,31.4581,27.613657,24.41763,28.740198,25.539831,25.28549,26.485037,25.126614,27.548653,26.00327,31.46088,30.288416,34.833668,33.9062,35.845703,35.25605,37.61487,33.857193,33.0199,29.264978,31.509283,29.874035,28.595198,25.659666,31.203592,28.683943,31.726995,33.608818,33.213734,36.47489,36.30166,38.863113,36.4698,31.245523,32.395134,28.233732,32.03781,27.704779,26.059029,26.782696,24.068989,24.284416,25.231085,22.416922,19.759436,16.37404,14.61076,14.198057,13.234737,12.893843,13.972104,14.961104,18.47425,20.417404,20.182642,23.67212,24.935331,22.543232,21.715536,19.702103,16.404366,15.802437,13.643533,14.044424,14.269415,12.836829,15.899848,16.150555,19.343393,18.353027,22.363546,23.004343,27.321865
4,12.306322,8.786997,7.104812,3.818593,0.0,5.2853866,5.829149,10.86726,13.231421,16.183685,20.03921,19.350542,16.772596,15.611434,10.929308,10.583153,6.4004297,6.499179,7.838446,9.043139,13.110258,13.958159,18.494701,19.79207,22.718262,23.946178,23.931263,23.262253,18.08104,18.876076,17.602962,18.500822,22.266535,20.457891,24.859173,25.432518,28.760471,29.355047,25.825338,22.752592,26.444866,23.48845,22.653381,24.213058,22.266893,25.119795,23.474613,29.153845,28.08458,32.534042,31.127592,33.19672,32.75642,34.78128,30.774069,29.815054,25.913965,27.990723,26.195583,24.922482,22.137642,27.670624,25.369787,28.615795,30.66337,30.569618,33.889236,34.02578,36.856304,34.719276,29.64995,31.170938,26.90647,31.287489,26.807135,25.786005,26.574028,23.787184,24.321655,25.052927,22.752132,20.071125,16.24009,14.600273,13.251484,13.387757,11.330231,13.207963,13.614143,17.426516,19.075151,18.07776,22.414024,22.942814,20.235191,19.881744,18.313593,14.74851,13.275627,11.3450775,10.615116,10.976312,10.159714,12.484848,12.44174,15.7393465,14.593109,18.66234,19.49163,23.756475
5,14.709529,12.263114,8.421508,6.3063025,5.2853866,0.0,5.933915,7.539416,10.979713,13.686744,17.361078,15.535597,12.462855,11.524224,6.500582,8.062443,4.7889004,7.8425446,9.772388,12.912543,16.496555,18.082703,22.094547,23.331768,26.967205,28.019001,28.076014,26.778091,21.482893,21.206886,19.575703,19.353275,21.773815,18.97141,23.499826,23.211788,26.693956,27.952772,24.588488,22.116228,26.237106,24.404886,23.734493,26.364351,24.424805,28.089666,27.037556,32.800747,32.194153,36.497272,34.738102,37.25841,37.13865,38.828133,34.522953,33.368736,29.214975,30.845116,28.470879,27.092049,24.73295,29.646404,27.241188,30.799772,31.991562,32.755665,35.76639,36.29254,38.766644,37.215446,32.203224,33.189163,28.678307,32.504436,27.31282,26.49028,26.360971,23.116606,23.004091,23.066454,20.576244,18.73376,13.975076,13.640804,13.394965,14.534685,13.573121,17.06221,18.077877,21.974197,23.911354,22.803663,27.525328,27.853874,24.986107,24.87682,23.428514,19.716473,17.97953,15.954324,14.257035,13.743187,11.816763,13.216815,13.933528,15.21379,15.421054,18.53515,19.313398,23.397951
6,18.078447,14.578127,12.446389,8.777337,5.829149,5.933915,0.0,6.779766,7.5854483,10.937182,14.381517,14.370037,12.5563965,11.133229,7.4551396,5.8396783,5.1085057,3.900748,8.910226,10.186375,13.941256,16.49204,19.71009,19.897253,23.526022,23.847143,23.31858,21.687496,16.030054,15.61772,13.655784,13.98055,16.661896,14.845508,19.114042,19.682648,23.1288,23.728598,20.451365,17.710875,21.140373,19.008282,17.976171,20.623432,18.49846,22.348394,21.513384,27.292292,27.01023,31.15494,29.248749,32.15313,32.46382,34.095833,29.850359,29.094028,24.496307,26.301739,24.12153,22.108826,19.453217,24.124094,21.434238,24.908613,26.138002,26.8472,29.885283,30.499746,33.136272,31.715315,26.855349,28.171488,23.650984,28.109325,23.057272,22.873573,23.20241,20.183693,20.86225,21.13383,19.540195,17.13524,12.771605,11.7305565,9.709971,11.926624,8.864044,13.320535,14.090786,18.045393,19.990162,18.58745,24.06216,24.132399,21.317924,22.058216,21.287502,17.868116,14.80792,14.149981,10.615872,11.98282,12.252531,11.966804,11.158944,12.69252,10.731628,14.3578,14.434282,18.789053
7,21.807793,19.148645,15.430723,13.377966,10.86726,7.539416,6.779766,0.0,5.346676,6.3503795,10.846022,9.247065,6.4977894,6.9871793,3.9721105,6.534295,8.953796,10.18344,14.716274,16.908503,20.46466,23.135845,26.253931,26.31795,30.153759,30.195751,29.306793,27.314425,21.331459,20.27465,17.343004,17.243023,16.688292,14.4651575,18.122007,17.44433,21.510303,22.927658,20.51902,19.044764,22.047163,21.889986,20.428919,24.538904,21.857761,26.741642,26.276104,32.075207,32.16303,35.981575,33.303883,36.469036,37.001022,37.89608,33.17416,31.88978,27.309652,28.234436,25.207106,23.516232,21.908543,25.684177,23.510513,27.484785,27.94006,30.00941,32.669315,34.035088,36.504025,35.95783,31.461117,32.51483,27.86689,31.981789,26.256561,26.729115,26.044304,22.591473,22.629566,21.801874,20.464787,19.33389,13.916634,14.80859,13.816675,17.140085,14.764801,19.942041,20.651558,24.579927,26.315224,24.32085,30.195465,29.502718,26.351912,27.254534,26.656792,22.935759,19.872492,18.72308,14.703986,14.307906,13.415116,11.608152,11.975371,10.216057,11.255855,12.783708,13.470922,17.070856
8,25.165476,21.963133,19.082804,15.788693,13.231421,10.979713,7.5854483,5.346676,0.0,4.6332994,6.8162613,7.541017,7.4584146,6.1783266,6.5457253,5.0800314,9.925778,9.664583,14.715157,16.402597,19.311924,22.858889,24.894197,24.207125,28.38865,27.868753,26.89331,24.25512,18.660698,16.559525,13.765018,12.654136,11.616032,9.180846,12.942096,12.690324,16.607416,17.735725,15.266357,13.871783,16.750574,16.998272,15.762284,20.33491,18.091438,23.226934,23.56322,29.072277,29.774189,33.32281,30.743711,34.520935,35.64761,36.614304,32.122494,31.419031,26.344826,27.448801,24.649689,22.025095,20.133007,23.011766,20.12534,23.86039,23.494518,25.799337,28.15752,29.613281,31.757175,31.592453,27.29551,28.069351,23.421835,27.418991,21.573006,22.619612,21.821148,18.475298,18.892498,18.005745,17.511414,16.318275,11.393251,12.321193,10.722258,15.049968,12.444246,18.45677,19.519146,23.195852,25.244837,23.507185,29.659187,29.189198,26.330324,27.884914,27.710741,24.399878,20.571293,20.52689,15.571422,16.780607,17.21162,14.727414,13.859051,11.863089,10.452641,11.67731,10.557742,14.372239
9,27.806387,24.83083,21.543835,19.066635,16.183685,13.686744,10.937182,6.3503795,4.6332994,0.0,5.93634,6.620537,6.7732935,7.900268,8.935194,9.439619,13.883643,13.760391,18.99461,20.372145,23.555208,26.89462,29.139814,28.278614,32.144405,31.369572,29.830492,27.288877,21.281115,19.510921,15.848116,15.747714,12.217814,11.171037,13.375389,12.643666,17.088629,18.352589,17.033644,16.57179,18.099451,19.500065,17.435793,22.60992,19.579958,25.207617,25.425716,30.911724,31.680635,34.94443,31.699455,35.446743,36.633186,36.97318,32.169296,31.062153,26.15016,26.582035,23.280888,21.032387,20.02791,22.324493,20.217676,24.286829,23.883902,27.032717,29.24847,31.276022,33.623104,33.956562,30.065094,31.12128,26.582453,30.804384,24.97427,26.556324,25.598372,22.297493,22.66217,21.320421,21.210854,20.497555,15.520094,16.859169,15.245994,19.638609,16.512747,22.320667,22.861027,26.50959,28.114988,25.730513,32.176968,30.933516,27.833591,29.562326,29.643986,26.21626,22.297354,22.118353,16.842007,17.210163,17.5608,13.971373,13.441748,9.495227,9.905538,9.26346,8.95016,11.808889
10,31.849468,28.742777,25.66478,22.45273,20.03921,17.361078,14.381517,10.846022,6.8162613,5.93634,0.0,5.11215,8.448587,7.99477,11.649642,10.750302,16.1726,16.021942,20.762152,22.459307,24.800844,28.812828,30.03993,28.779568,33.180077,32.083042,30.850153,27.600527,22.519682,19.427732,16.541687,14.4333935,9.5863,7.064254,8.694459,6.9309735,11.34003,13.131021,12.154961,12.787879,14.427791,17.255924,16.077364,21.753729,19.7543,25.388855,26.654755,31.61486,33.07321,36.021843,33.06595,37.429504,39.188168,39.66493,35.17842,34.622726,29.380075,29.943045,26.891882,23.871254,22.690094,23.743006,20.857206,24.414291,22.472956,26.105581,27.65398,29.787006,31.336155,32.321285,28.741049,28.990011,24.562662,27.87383,21.781588,23.87487,22.186066,18.954695,19.153046,17.25438,18.053726,18.065357,13.839419,15.899918,14.829797,19.653126,17.558802,23.832438,25.022432,28.374027,30.448702,28.620354,35.011513,34.264164,31.4985,33.553654,33.7591,30.604532,26.410107,26.772966,21.314285,22.54247,23.148426,19.756649,18.844433,15.102395,14.156228,13.12711,10.866874,13.005354
11,30.232841,27.65401,23.871506,21.29538,19.350542,15.535597,14.370037,9.247065,7.541017,6.620537,5.11215,0.0,4.165328,4.785856,9.130719,10.207096,15.156164,16.424362,20.6243,23.318758,25.892302,29.559074,31.381517,30.808878,35.380707,34.8237,33.994843,30.992683,25.75678,22.982632,20.289347,18.091702,14.559524,10.9880085,13.451125,10.864763,14.801268,17.33957,15.987781,16.419624,19.15794,21.497307,20.653996,26.003654,24.033846,29.51143,30.385752,35.63739,36.73263,39.99533,37.134586,41.195415,42.574863,43.150524,38.492043,37.57306,32.547768,33.06695,29.795471,27.325857,26.188295,27.96272,25.327309,29.05458,27.478245,30.857658,32.56873,34.503944,36.02768,36.713676,32.807323,32.88026,28.330107,31.265995,24.981224,26.360909,24.31803,20.754545,20.185493,18.02512,17.87695,18.432323,13.425857,16.188698,16.191088,20.555904,19.365198,25.550846,26.936203,30.570272,32.745724,31.00756,37.199547,36.606503,33.65741,35.20248,34.97856,31.49681,27.841986,27.41808,22.597578,22.890928,22.419392,19.632584,19.596247,15.702383,16.389557,15.661971,14.59903,16.854156
12,26.952646,24.695637,20.525972,18.58404,16.772596,12.462855,12.5563965,6.4977894,7.4584146,6.7732935,8.448587,4.165328,0.0,3.9890122,6.2605653,9.220289,13.143351,15.137107,19.120987,22.1119,25.088606,28.255394,30.767483,30.691418,35.076286,34.924404,34.203163,31.625517,26.055492,23.945007,21.166754,19.638905,17.237179,13.867526,16.94421,14.807611,18.772606,21.131908,19.344566,19.091496,22.207268,23.657656,22.647076,27.589556,25.326925,30.631926,30.925472,36.475353,37.10909,40.65754,37.832596,41.481922,42.433716,43.095173,38.319107,37.090515,32.32701,32.888256,29.558105,27.599955,26.416185,29.045446,26.701818,30.624443,29.829512,32.783916,34.87051,36.602875,38.460835,38.662674,34.446693,34.800682,30.151892,33.37776,27.17663,28.0159,26.286777,22.62243,21.961012,20.162287,19.185606,19.392086,13.879743,16.339138,16.47862,20.326878,19.135334,24.949673,26.17531,30.003973,32.046818,30.226255,36.228867,35.610718,32.511963,33.633034,33.116806,29.426205,26.23495,25.216946,20.978376,20.54287,19.369446,17.136183,17.703615,14.192302,15.878102,15.751711,15.700611,18.361223
13,26.094267,23.585148,19.859667,17.070843,15.611434,11.524224,11.133229,6.9871793,6.1783266,7.900268,7.99477,4.785856,3.9890122,0.0,5.1175604,6.3550577,10.803023,12.823226,16.393776,19.681917,22.207266,25.671515,27.742096,27.670841,32.354202,32.271214,31.96341,29.183662,24.135595,21.573471,19.497583,17.01335,15.861988,11.483529,15.401306,13.51313,17.01939,19.317646,16.81026,16.144659,20.133318,21.105076,20.775259,25.391104,23.809296,28.785004,29.374714,34.78232,35.535053,39.15895,36.801163,40.610226,41.675648,42.744904,38.23515,37.40255,32.42628,33.422554,30.436554,28.02185,26.288546,28.982203,26.035254,29.66147,28.620144,31.135782,33.1729,34.562107,36.1315,36.145584,31.77567,31.778906,27.129541,29.976313,23.752914,24.312578,22.50755,18.810091,18.080696,16.454103,15.312093,15.404561,9.900998,12.52162,13.071034,16.886507,16.452032,22.391111,24.083494,27.804174,30.208235,28.910765,34.706997,34.664333,31.810637,32.954998,32.361534,28.85659,25.599012,24.889782,20.712334,21.094557,20.26656,18.532572,18.607866,16.055616,16.26526,16.907688,16.037249,19.22178
14,21.142979,18.714703,14.82657,12.406573,10.929308,6.500582,7.4551396,3.9721105,6.5457253,8.935194,11.649642,9.130719,6.2605653,5.1175604,0.0,4.9076486,7.0538754,9.770486,13.197165,16.52618,19.62429,22.40977,25.345083,25.794752,30.075989,30.440414,30.19715,28.029736,22.644077,21.079247,18.975588,17.623755,18.016075,14.472089,18.756754,17.683361,21.312334,23.097923,20.193516,18.616028,22.652617,22.341085,21.708792,25.5928,23.67142,28.249924,28.07851,33.76234,33.920597,37.865204,35.646988,38.916,39.46796,40.73037,36.20704,35.14984,30.490011,31.691954,28.850512,26.928802,24.977934,28.72584,26.072203,29.804407,29.8321,31.654497,34.182934,35.257137,37.31464,36.649403,31.954544,32.46574,27.791546,31.212645,25.347654,25.319468,24.26997,20.683199,20.241453,19.392284,17.519938,16.660187,11.084698,12.429979,12.571748,15.512164,14.6660595,19.892221,21.274652,25.170141,27.358437,26.004831,31.503262,31.488792,28.54221,29.209984,28.303432,24.64582,21.904821,20.63976,17.218678,17.101847,15.773385,14.987617,15.434089,14.183292,14.701912,16.44385,16.509604,20.217455
15,21.889082,18.779322,16.060274,12.182415,10.583153,8.062443,5.8396783,6.534295,5.0800314,9.439619,10.750302,10.207096,9.220289,6.3550577,4.9076486,0.0,5.495991,6.545307,10.442836,13.346895,15.953861,19.422003,21.57702,21.581442,26.12553,26.244278,26.158714,23.666245,18.74835,16.635658,15.16725,13.031922,14.83876,11.089893,15.877397,15.606448,18.781143,20.043783,16.585846,14.370995,18.798998,17.81364,17.670261,21.200666,19.89389,24.176455,24.410015,29.878233,30.296455,34.19394,32.365852,35.91815,36.761932,38.350418,34.15471,33.645588,28.683563,30.309244,27.898561,25.32415,22.826374,26.374918,23.092657,26.454216,26.262129,27.644949,30.123583,30.916096,32.793987,31.998186,27.24392,27.604528,22.936707,26.35642,20.589748,20.570807,19.819098,16.369177,16.429657,16.077784,14.543224,12.929808,7.7769785,8.293865,7.752049,11.23847,10.360293,16.090757,17.87667,21.59673,24.125517,23.213568,28.70857,29.146996,26.523127,27.547617,26.856596,23.58476,20.363596,19.973583,16.110966,17.478067,17.335064,16.41332,15.812123,15.356217,13.719991,16.062836,15.040923,19.141544
16,16.654562,13.604853,11.21626,6.9104967,6.4004297,4.7889004,5.1085057,8.953796,9.925778,13.883643,16.1726,15.156164,13.143351,10.803023,7.0538754,5.495991,0.0,4.5586,6.1888795,10.075969,12.995207,15.512595,18.642754,19.647892,23.870428,24.806583,25.295885,23.54481,18.929054,17.891413,17.12654,15.762814,19.407652,16.079475,20.968014,21.007631,23.961231,25.014723,21.191738,18.342154,23.034288,20.757463,20.812735,23.117756,22.005396,25.365204,24.877773,30.390388,30.13674,34.404934,33.10764,36.027332,36.280094,38.330463,34.347267,33.770752,29.229235,31.23738,29.18839,27.084389,24.232141,28.773787,25.668161,28.847347,29.54859,29.983479,32.82728,33.06236,35.15746,33.54417,28.443272,29.013885,24.517342,27.96311,22.813509,21.768463,21.688974,18.54179,18.577473,19.011179,16.553522,14.264371,9.991695,8.992013,8.886275,9.8958,9.888893,13.934278,15.774828,19.537563,22.073849,21.646395,26.323643,27.330109,24.83275,25.098793,23.82357,20.53793,18.275276,17.229734,14.97458,16.056995,15.329164,16.17356,15.927179,17.241854,15.763408,19.106829,18.802908,23.132065
17,17.938549,14.158705,13.107316,8.322002,6.499179,7.8425446,3.900748,10.18344,9.664583,13.760391,16.021942,16.424362,15.137107,12.823226,9.770486,6.545307,4.5586,0.0,5.638884,6.9870334,10.284939,13.315389,16.071114,16.344671,20.341078,20.857632,20.951105,19.198,14.375259,13.640258,12.956047,12.367157,16.966705,14.766493,19.359669,20.294613,23.151876,23.502354,19.698326,16.396992,20.434124,17.386976,17.173294,18.970192,17.791822,20.901209,20.327147,25.836786,25.607517,29.852808,28.617388,31.59965,31.99311,34.135197,30.318428,30.056538,25.381878,27.652275,25.956863,23.54757,20.36101,24.967718,21.72426,24.697968,25.786509,25.799206,28.807898,28.924356,31.291655,29.491095,24.411728,25.445707,21.002115,25.17222,20.413113,19.702595,20.385002,17.618507,18.502537,19.358156,17.625938,14.648856,11.244507,9.126666,6.883299,8.172872,5.733557,10.1380825,11.719919,15.5347595,18.037382,17.524782,22.520512,23.46406,21.096083,21.803755,20.923166,17.944181,15.004008,14.903659,11.9769745,14.39115,15.054942,15.35397,14.1554365,16.239862,13.204926,17.08967,16.419697,20.888926
18,15.5008545,11.9773445,12.116168,6.917645,7.838446,9.772388,8.910226,14.716274,14.715157,18.99461,20.762152,20.6243,19.120987,16.393776,13.197165,10.442836,6.1888795,5.638884,0.0,5.368955,7.284974,9.621567,12.67125,14.305025,18.472757,20.006495,21.382185,20.060024,16.768951,16.23442,17.029903,15.66054,21.650013,18.782585,23.651947,24.486336,26.777184,27.202065,22.910616,19.284483,24.118216,20.299828,21.055662,21.692705,21.561028,23.499958,22.858746,27.886805,27.328514,31.75265,31.437407,34.041824,34.108864,36.880615,33.556164,33.538544,29.192057,31.84886,30.576738,28.282223,24.788752,29.624962,26.190878,28.665998,29.808819,28.983166,31.95962,31.394382,33.399254,30.95161,25.630692,26.186127,22.087782,25.3693,21.236092,19.251713,20.22591,17.837448,18.416859,19.968761,17.422901,14.087327,12.086449,9.118155,8.614768,6.413451,7.8868484,9.378714,11.927879,15.170901,18.141924,18.933758,22.494873,24.666798,22.830694,22.806276,21.303253,18.746342,17.015144,16.584057,15.562647,17.814808,17.897173,19.572733,18.716675,21.45281,18.625877,22.679008,21.983768,26.4572
19,16.565443,12.453568,14.128452,9.417218,9.043139,12.912543,10.186375,16.908503,16.402597,20.372145,22.459307,23.318758,22.1119,19.681917,16.52618,13.346895,10.075969,6.9870334,5.368955,0.0,4.363596,6.5423555,9.80378,10.752148,14.064964,15.421396,16.413874,15.680591,12.45412,13.211579,14.347417,14.5503845,21.286396,19.868855,24.18173,25.845861,28.11117,27.813723,23.733265,19.792583,23.571068,18.823969,19.1299,18.637949,18.400175,19.468895,18.27217,23.18376,22.273836,26.782585,26.727856,29.027683,28.970901,31.978546,28.979967,29.277025,25.108257,28.119757,27.424767,25.117018,21.312992,26.423826,23.147186,25.239805,27.230036,25.624134,28.891836,28.045427,30.531025,27.599463,22.328758,23.70997,19.917784,24.161715,20.898573,19.234875,21.269173,19.479176,20.912657,22.798874,20.972437,17.211983,15.83075,12.398267,10.097963,7.9105787,6.162496,4.584788,6.6072526,9.898124,12.774876,13.778216,17.229525,19.563898,18.020803,18.200203,16.998363,14.996575,12.999464,13.595056,12.820055,16.199463,17.557606,19.06817,17.48349,21.247623,17.346727,21.841118,21.147173,25.539906
20,19.072573,15.272048,17.479305,12.748843,13.110258,16.496555,13.941256,20.46466,19.311924,23.555208,24.800844,25.892302,25.088606,22.207266,19.62429,15.953861,12.995207,10.284939,7.284974,4.363596,0.0,4.834621,5.794393,7.169008,11.279862,13.060451,15.287462,14.410683,13.20087,13.371652,15.920874,15.071914,22.810085,21.14196,25.40478,27.258215,28.893093,28.3895,24.0505,19.897678,23.967243,18.64057,19.879421,18.422995,19.41556,19.490147,18.837326,22.967705,22.261383,26.63058,27.41678,29.802309,29.935629,33.38842,30.94644,31.75499,27.600925,30.867226,30.538773,27.889008,23.858904,28.50384,24.811586,26.28292,27.897459,25.643913,28.675209,27.257391,29.249254,25.932127,20.599627,21.454895,18.070812,21.585676,19.087555,16.698727,19.242928,18.082426,19.697676,22.151144,20.388226,16.363659,16.463835,12.582999,10.791902,7.0376806,7.7260327,4.166385,7.61307,9.40395,12.969471,15.300622,17.637403,21.005009,20.154625,20.378471,19.231392,17.96993,16.248686,17.313786,16.768513,20.445389,21.89058,23.383717,21.660017,25.254326,20.934505,25.292519,24.053045,28.37464
21,16.668089,13.206222,16.714544,12.959309,13.958159,18.082703,16.49204,23.135845,22.858889,26.89462,28.812828,29.559074,28.255394,25.671515,22.40977,19.422003,15.512595,13.315389,9.621567,6.5423555,4.834621,0.0,5.7092295,8.860343,10.7833805,13.734968,16.260794,16.68719,15.79169,17.208525,19.474688,19.5868,27.123047,25.683092,29.95435,31.769426,33.601418,33.12042,28.83424,24.693684,28.566517,23.10379,23.995806,22.091028,22.752665,22.224161,20.75046,24.620441,23.136196,27.621506,28.776415,30.318123,29.769009,33.512314,31.360397,32.039497,28.524336,31.926334,31.899578,29.815496,25.825201,31.03218,27.821436,29.217318,31.564861,28.88703,32.121037,30.473534,32.736225,28.948437,23.765568,25.003582,22.067844,25.570944,23.65429,21.018019,23.733557,22.70696,24.144857,26.638992,24.537556,20.609812,20.524185,16.782944,15.317339,11.490417,11.883636,6.960381,8.569188,9.502849,12.299549,15.129424,15.874447,19.835707,19.310959,18.626255,16.90897,16.112232,15.767265,16.367289,17.566328,20.7605,21.962122,24.394361,22.94423,27.329376,23.440916,28.057043,27.396324,31.70811
22,22.21354,18.82701,21.988056,17.729723,18.494701,22.094547,19.71009,26.253931,24.894197,29.139814,30.03993,31.381517,30.767483,27.742096,25.345083,21.57702,18.642754,16.071114,12.67125,9.80378,5.794393,5.7092295,0.0,4.4194536,7.461765,10.4101715,14.250198,14.158402,15.533453,16.074871,19.634455,18.775356,27.052187,25.677599,29.623775,31.787426,32.890324,32.02578,27.665932,23.433739,27.208622,21.278189,23.053082,20.184248,22.170462,20.678162,20.104666,22.973305,22.068602,26.1773,28.143063,30.095629,30.1157,34.16683,32.58554,33.939014,30.19622,33.789196,34.090744,31.394459,27.192934,31.57735,27.84049,28.50499,30.26166,26.975883,29.82903,27.61944,29.266764,25.200943,20.132616,20.78491,18.478552,21.207355,20.379484,17.337942,20.69074,20.522497,22.359028,25.332369,23.745235,19.673416,21.0541,17.074793,15.645212,11.456369,12.827087,7.7727494,10.211636,9.616025,13.031369,16.809843,17.08662,21.675602,21.79795,21.800951,20.682001,20.49654,19.473932,20.97047,21.240633,25.137253,26.823936,28.573744,26.69961,30.641245,25.975891,30.354279,28.917767,33.0768
23,25.328568,21.587162,24.374043,19.809378,19.79207,23.331768,19.897253,26.31795,24.207125,28.278614,28.779568,30.808878,30.691418,27.670841,25.794752,21.581442,19.647892,16.344671,14.305025,10.752148,7.169008,8.860343,4.4194536,0.0,5.662342,6.954952,10.722113,9.999144,12.451402,12.739511,16.853027,16.12852,24.513569,23.851164,27.271252,29.872925,30.741442,29.430593,25.314707,21.094667,24.141027,17.913464,19.750404,16.239698,18.723701,16.710896,16.627375,19.107687,18.683533,22.57813,24.645426,27.025938,27.562126,31.54391,30.12864,31.857473,27.892313,31.51934,32.012253,28.930555,24.67391,28.471012,24.545538,24.79262,26.41593,22.828331,25.58879,23.247738,24.912682,20.802656,15.741677,16.680408,14.537078,17.869173,17.522762,15.112575,18.962957,19.154446,21.550993,24.510603,23.651209,19.53789,21.122047,17.170849,14.965007,11.686984,11.811992,7.0581903,9.226111,7.963275,11.558046,15.280574,16.17765,20.44134,20.725542,21.525043,21.080538,21.077768,19.186325,21.476612,20.784935,25.260485,27.591667,28.563063,26.251982,29.920794,24.63413,28.78316,26.92868,30.844725
24,26.778538,23.196102,26.796402,22.857843,22.718262,26.967205,23.526022,30.153759,28.38865,32.144405,33.180077,35.380707,35.076286,32.354202,30.075989,26.12553,23.870428,20.341078,18.472757,14.064964,11.279862,10.7833805,7.461765,5.662342,0.0,4.1706743,8.521713,10.204869,13.735619,15.73271,19.494707,20.277575,28.305056,28.50056,31.558638,34.45713,35.45987,33.835907,30.025045,25.86514,28.045753,21.633242,22.814547,18.397276,20.519104,17.206436,16.161158,17.580772,16.245201,20.004467,22.936262,24.315905,24.341034,28.794521,28.166552,30.211214,27.008,30.872969,32.05881,29.383623,25.160315,29.131159,25.80801,25.534973,28.181149,23.755291,26.693958,23.952705,26.10015,21.324272,16.933706,18.882193,17.73331,21.440023,22.131777,20.0789,24.207623,24.631231,27.147825,30.093506,29.303316,25.185553,26.513048,22.56721,20.057463,16.997858,16.036705,10.234874,10.36689,7.1092086,9.196215,13.815845,12.489312,17.540224,18.750317,19.294739,19.067396,20.147858,18.989666,21.6728,21.973265,26.47947,29.21731,30.458607,28.019146,32.389996,27.015186,31.298044,29.815517,33.506775
25,29.504408,25.662415,28.82702,24.660118,23.946178,28.019001,23.847143,30.195751,27.868753,31.369572,32.083042,34.8237,34.924404,32.271214,30.440414,26.244278,24.806583,20.857632,20.006495,15.421396,13.060451,13.734968,10.4101715,6.954952,4.1706743,0.0,5.0717244,6.5446935,11.492047,13.417122,17.367508,18.48166,26.189596,27.094494,29.585064,32.818314,33.644966,31.648495,28.185411,24.184055,25.527872,19.079887,20.109789,15.106892,17.554262,13.5707655,12.978173,13.772919,12.985472,16.491825,19.545223,21.418753,22.067019,26.375689,25.898678,28.310942,24.900301,28.739723,30.096891,27.0794,22.88715,26.189396,22.778381,22.041164,24.640312,19.893272,22.755901,19.904055,22.20424,17.384222,13.176726,15.736846,14.916966,19.252003,20.335888,19.069618,23.356985,23.985067,26.848043,29.660805,29.445507,25.405045,26.75248,22.957996,19.963293,17.742373,15.892147,10.992242,10.745914,7.370656,9.067785,13.090008,12.723966,16.973942,18.254452,19.652655,20.104395,21.18615,19.198515,22.473154,21.836632,26.715395,29.933685,30.45307,27.682632,31.70305,25.897976,29.866888,28.056488,31.433561
26,30.529985,26.505732,29.339281,25.37922,23.931263,28.076014,23.31858,29.306793,26.89331,29.830492,30.850153,33.994843,34.203163,31.96341,30.19715,26.158714,25.295885,20.951105,21.382185,16.413874,15.287462,16.260794,14.250198,10.722113,8.521713,5.0717244,0.0,4.525161,8.669989,11.856616,14.889455,17.586433,24.283384,26.278095,28.181295,31.686842,32.808517,30.543146,27.619024,23.876215,24.084337,17.941347,17.866552,12.74666,14.208361,9.715465,8.2872505,9.114506,8.082167,11.938089,14.535563,16.575285,17.529799,21.59117,21.046198,23.643545,20.234102,24.06359,25.687613,22.678759,18.607409,21.701044,18.725258,17.795378,21.246176,16.394926,19.629066,17.188257,20.444923,15.959317,12.218816,16.108955,15.125247,20.679016,21.339544,21.142813,25.196518,25.522997,28.55111,30.968235,31.104237,27.181524,27.787682,24.263962,20.632277,19.498072,16.025936,12.028515,10.476938,7.4160147,7.5254006,10.12402,10.953935,13.767667,15.026421,17.27267,18.503456,19.660725,17.02333,20.877327,19.631622,24.674486,28.459698,28.345045,25.290157,29.256468,23.256807,26.96803,25.297375,28.284399
27,31.244005,27.076426,29.259047,24.82648,23.262253,26.778091,21.687496,27.314425,24.25512,27.288877,27.600527,30.992683,31.625517,29.183662,28.029736,23.666245,23.54481,19.198,20.060024,15.680591,14.410683,16.68719,14.158402,9.999144,10.204869,6.5446935,4.525161,0.0,6.9115553,8.191555,12.063054,13.737139,20.627655,22.501936,24.24483,27.814026,28.63375,26.290443,23.35622,19.670025,19.855669,13.6021595,14.065579,8.738639,11.32774,7.2444706,7.9370112,9.464206,10.270597,13.618954,15.395497,18.706594,20.419086,23.902468,22.808231,25.28851,21.129286,24.690002,25.780552,22.153957,18.047947,20.44392,16.65445,15.782163,18.101696,13.564607,16.608545,14.289511,17.166069,13.108854,8.574611,12.250907,10.728965,16.637917,16.991394,17.239927,21.176992,21.576263,24.738834,27.065466,27.574059,23.80029,24.665503,21.327145,17.659595,17.076792,13.756376,11.240611,10.78384,8.971204,10.471098,12.35097,14.8492,17.11274,17.632936,20.175753,21.30335,21.710531,18.348444,22.061178,19.703835,24.879745,28.534477,27.899529,24.785265,27.972479,21.747934,25.150255,22.865568,25.857946
28,27.404055,23.13146,24.54902,20.40173,18.08104,21.482893,16.030054,21.331459,18.660698,21.281115,22.519682,25.75678,26.055492,24.135595,22.644077,18.74835,18.929054,14.375259,16.768951,12.45412,13.20087,15.79169,15.533453,12.451402,13.735619,11.492047,8.669989,6.9115553,0.0,5.302494,6.4893937,10.624376,16.451809,18.68917,20.68082,23.994484,25.803318,23.895012,21.120417,17.57152,17.760265,12.381852,11.0239,8.429759,7.521776,7.283092,6.2017026,11.461996,11.648901,15.623198,14.968345,18.433008,19.78106,22.384146,19.811382,21.336851,16.552979,19.856544,20.16962,16.658585,12.423397,16.083508,12.5070095,13.434207,16.47351,13.863388,17.517376,16.85381,20.439625,17.765945,13.356131,16.795124,13.692975,20.175564,18.293016,19.047213,22.012417,21.235945,24.042608,25.713741,25.95372,22.36409,21.63163,18.702866,14.486346,15.168437,9.801671,9.202034,7.792341,8.518207,9.666875,9.01144,14.36375,14.898886,13.981355,16.81319,17.977133,17.35596,13.084912,16.699638,13.268679,18.44687,22.247673,21.14349,17.957994,21.11252,14.926642,18.551237,16.758106,20.047848
29,29.231098,24.979736,25.69641,21.00592,18.876076,21.206886,15.61772,20.27465,16.559525,19.510921,19.427732,22.982632,23.945007,21.573471,21.079247,16.635658,17.891413,13.640258,16.23442,13.211579,13.371652,17.208525,16.074871,12.739511,15.73271,13.417122,11.856616,8.191555,5.302494,0.0,5.0519314,5.837996,12.783903,14.469436,16.447098,19.842247,21.130991,19.16992,16.14388,12.500559,13.084905,7.320169,7.23182,5.5178647,6.6995306,8.145487,9.853868,14.081717,15.526237,18.837328,18.189905,22.463932,24.40626,26.734715,24.090136,25.600933,20.43794,23.285664,23.019764,18.943155,15.054549,17.33562,12.739707,13.695168,14.537679,12.796032,15.792183,15.356875,17.998606,16.119373,11.401089,13.634104,9.681237,15.985765,13.299163,14.622959,17.210827,16.461647,19.416962,20.992405,21.731907,18.365059,18.155415,15.507609,11.385294,12.909045,8.456937,10.318659,10.851714,12.034126,14.238331,14.188574,19.289902,20.195505,19.162558,21.864105,22.740387,21.663282,17.301208,20.344511,16.182058,21.066587,24.336426,22.804052,19.791893,21.67241,15.504066,18.501095,15.670485,19.004522
30,28.83102,24.630291,24.65209,20.454351,17.602962,19.575703,13.655784,17.343004,13.765018,15.848116,16.541687,20.289347,21.166754,19.497583,18.975588,15.16725,17.12654,12.956047,17.029903,14.347417,15.920874,19.474688,19.634455,16.853027,19.494707,17.367508,14.889455,12.063054,6.4893937,5.0519314,0.0,6.568641,10.145105,13.068273,14.606301,17.899982,20.074398,18.322098,16.011297,13.073552,12.659191,8.979512,6.133228,7.8330894,4.892811,9.502253,10.213717,15.384003,16.598154,19.805672,17.691938,21.979115,23.846619,25.350826,21.88882,22.776016,17.336916,19.669346,18.782784,14.700206,11.1262045,13.66688,9.414613,11.849367,13.249909,13.206547,16.398073,17.169188,20.395308,19.373022,15.359608,17.923693,13.999725,20.233574,16.748898,18.608435,20.386175,18.93577,21.505033,22.358524,23.093576,20.154911,18.554699,16.615664,12.319607,15.063481,9.421723,12.633005,12.289053,14.340079,15.750592,14.111889,20.297525,19.83882,18.051374,21.003813,22.105375,20.492645,15.635161,18.483427,13.293541,17.852243,21.322273,18.945454,15.799983,17.143133,10.8444395,13.564371,10.884893,14.24974
31,29.861412,25.799072,25.41147,20.59,18.500822,19.353275,13.98055,17.243023,12.654136,15.747714,14.4333935,18.091702,19.638905,17.01335,17.623755,13.031922,15.762814,12.367157,15.66054,14.5503845,15.071914,19.5868,18.775356,16.12852,20.277575,18.48166,17.586433,13.737139,10.624376,5.837996,6.568641,0.0,8.503469,8.773316,11.287201,14.343986,15.630637,14.163573,10.713174,7.022718,9.062436,5.06478,6.0532393,8.71391,9.4324255,13.017951,15.186187,19.402628,21.167154,24.227276,22.988615,27.568884,29.64127,31.489046,28.31865,29.338495,23.898289,26.138767,24.99658,20.83203,17.557276,19.165947,14.411723,16.198944,15.101925,15.463305,17.639929,18.071293,19.770527,19.185072,14.826884,15.469232,10.878686,15.758084,11.01306,13.011076,14.077413,12.485579,15.119036,16.0267,17.14799,14.387846,13.751421,12.039678,8.313129,11.678655,8.464925,13.178797,14.685528,16.771944,19.338345,18.99881,24.492195,25.184868,23.625267,26.124298,26.684216,24.881186,20.43552,22.67174,17.834902,21.980825,24.50623,22.500572,19.906527,20.30368,14.83188,17.023178,13.556116,16.987457
32,34.506374,30.671387,29.106524,25.021187,22.266535,21.773815,16.661896,16.688292,11.616032,12.217814,9.5863,14.559524,17.237179,15.861988,18.016075,14.83876,19.407652,16.966705,21.650013,21.286396,22.810085,27.123047,27.052187,24.513569,28.305056,26.189596,24.283384,20.627655,16.451809,12.783903,10.145105,8.503469,0.0,6.200102,4.8299384,8.39557,10.724506,9.250326,8.583648,8.437759,6.3208475,9.245552,7.154348,13.244291,11.609059,17.133732,19.35305,23.45672,25.650583,27.965954,25.194733,30.11837,32.594448,33.18031,29.359943,29.802855,24.28094,25.302473,23.224648,19.042084,17.31027,16.957582,13.026177,15.76219,13.099682,16.71133,18.072739,20.337149,22.045538,23.331224,20.363895,21.118067,17.114805,21.39043,16.327244,19.611618,19.216839,17.181122,19.014904,18.295334,20.253355,18.998825,16.914967,17.115341,14.2510395,18.802523,15.322478,20.739912,21.507492,23.935602,25.778074,24.124966,30.422138,29.695078,27.572998,30.464724,31.406252,29.146582,24.303236,26.199497,20.313576,23.39535,25.765354,22.194435,19.838976,17.79668,13.50706,13.104341,8.762423,10.64513
33,32.37385,28.817589,26.8062,22.539175,20.457891,18.97141,14.845508,14.4651575,9.180846,11.171037,7.064254,10.9880085,13.867526,11.483529,14.472089,11.089893,16.079475,14.766493,18.782585,19.868855,21.14196,25.683092,25.677599,23.851164,28.50056,27.094494,26.278095,22.501936,18.68917,14.469436,13.068273,8.773316,6.200102,0.0,5.155191,6.133645,8.506792,9.005349,6.100115,5.73173,8.711652,10.936087,11.205658,16.39161,15.924722,20.850452,22.971485,27.35027,29.254662,32.080986,29.950665,34.686127,36.81637,37.91157,34.060833,34.34526,28.8332,30.126635,27.8816,24.036604,21.930882,22.684628,18.63077,21.30664,18.668983,21.462643,22.782244,24.346684,25.34376,26.1946,22.563614,22.25802,17.883795,20.830704,14.756177,17.180092,15.710429,12.883294,13.917942,12.724662,14.411,13.709496,11.359101,12.445539,10.876235,15.653609,14.085414,20.180628,21.900745,24.700384,27.21737,26.234798,32.22694,32.304623,30.115623,32.42805,32.757187,30.164917,25.765108,26.974966,21.609894,24.283623,25.689896,22.899876,21.167126,19.102926,15.758494,16.048656,12.44907,15.151712
34,37.000626,33.363182,31.365782,27.252575,24.859173,23.499826,19.114042,18.122007,12.942096,13.375389,8.694459,13.451125,16.94421,15.401306,18.756754,15.877397,20.968014,19.359669,23.651947,24.18173,25.40478,29.95435,29.623775,27.271252,31.558638,29.585064,28.181295,24.24483,20.68082,16.447098,14.606301,11.287201,4.8299384,5.155191,0.0,4.2022796,5.929085,5.209901,5.530126,7.679569,6.4344335,11.449926,10.98466,16.747242,16.066584,21.210705,23.821735,27.622557,30.036013,32.234844,29.669947,34.724174,37.31764,37.90938,34.132637,34.55025,29.04865,29.912222,27.647377,23.571987,22.077932,21.329592,17.517462,19.901905,16.149134,20.11036,20.758709,23.045206,23.834034,25.698656,22.972017,22.750793,18.88724,21.794247,16.287172,19.74337,18.272566,16.11402,17.377491,15.907766,18.446917,18.147394,16.345741,17.47078,15.667799,20.335323,18.176388,23.947153,25.255508,27.736538,29.917318,28.587418,34.756607,34.32818,32.21072,34.962093,35.71088,33.29714,28.589397,30.175827,24.3974,27.115637,28.930113,25.42547,23.48361,20.720446,17.395182,16.491602,12.403045,13.632115
35,37.36249,34.016003,31.445131,27.62066,25.432518,23.211788,19.682648,17.44433,12.690324,12.643666,6.9309735,10.864763,14.807611,13.51313,17.683361,15.606448,21.007631,20.294613,24.486336,25.845861,27.258215,31.769426,31.787426,29.872925,34.45713,32.818314,31.686842,27.814026,23.994484,19.842247,17.899982,14.343986,8.39557,6.133645,4.2022796,0.0,4.550535,6.6456394,7.1934485,9.947638,10.375493,15.187038,14.97671,20.711521,19.90925,25.169239,27.548979,31.609795,33.849842,36.223507,33.57257,38.511864,40.929478,41.449112,37.435425,37.52694,32.082657,32.74017,30.10672,26.373404,25.120914,24.669867,21.190653,23.86499,20.216856,24.306177,24.921537,27.208782,27.81012,29.69666,26.83395,26.296661,22.34491,24.63676,18.760725,21.781586,19.570536,16.974905,17.41282,15.194306,17.557117,18.09988,15.731942,17.768312,16.842329,21.594925,20.140398,26.255816,27.78611,30.573956,32.8855,31.52375,37.751507,37.336662,35.002087,37.50101,38.004414,35.27847,30.765482,31.84318,26.178236,28.273085,29.449654,25.989452,24.557192,21.111267,18.93958,17.673311,14.15713,15.251353
36,40.52257,37.11446,34.814682,30.676893,28.760471,26.693956,23.1288,21.510303,16.607416,17.088629,11.34003,14.801268,18.772606,17.01939,21.312334,18.781143,23.961231,23.151876,26.777184,28.11117,28.893093,33.601418,32.890324,30.741442,35.45987,33.644966,32.808517,28.63375,25.803318,21.130991,20.074398,15.630637,10.724506,8.506792,5.929085,4.550535,0.0,3.899179,5.6681056,9.701094,9.860589,15.2602005,16.087923,21.273666,21.494478,26.166042,29.145355,32.596058,35.217587,37.30372,35.063606,40.24076,42.956463,43.648952,39.989326,40.468357,34.967884,35.792274,33.460354,29.427248,28.00159,26.994259,23.172464,25.168114,20.634933,24.572443,24.563583,26.682564,26.45964,28.79401,26.362688,25.094976,21.587969,22.781324,17.22094,20.58554,17.937765,15.923414,16.360008,14.043349,17.278288,18.218472,17.185537,19.152407,18.585306,22.968918,22.246914,28.080166,29.913286,32.346004,34.867325,33.947346,39.900425,39.867237,37.82207,40.437065,40.992428,38.499763,33.95146,35.305916,29.722277,32.212425,33.530857,30.24592,28.650244,25.508196,22.86161,21.787327,17.963243,18.836416
