,0,1,2,3,4,5,6,7,8,9,10,11,12,13,14,15,16,17,18,19,20,21,22,23,24,25,26,27,28,29,30,31,32,33,34,35,36,37,38,39,40,41,42,43,44,45,46,47,48,49,50,51,52,53,54,55,56,57,58,59,60,61,62,63,64,65,66,67,68,69,70,71,72,73,74,75,76,77,78,79,80,81,82,83,84,85,86,87,88,89,90,91,92,93,94,95,96,97,98,99,100,101,102,103,104,105,106,107,108,109
0,0.0,4.213837,6.4075055,9.435419,12.395249,14.087737,17.309278,22.102219,24.659601,27.794365,31.701136,33.82338,34.223083,31.518408,26.504837,26.920734,23.602444,24.61095,20.249912,22.887312,21.679193,22.388515,22.517836,25.05229,26.800432,25.688978,26.347599,24.245754,27.24737,23.215378,29.774956,24.043995,29.696173,26.775295,28.529882,30.281528,27.365171,27.327194,24.057993,22.765657,27.25561,25.307981,29.529871,29.819275,26.350813,30.344961,27.166983,30.685383,30.053383,32.521137,34.32143,34.076775,38.827663,39.60579,41.17741,37.53491,37.135918,37.93025,42.839836,41.21426,37.107,36.216328,40.992256,41.280964,44.256287,39.12981,37.259518,42.411808,37.793118,35.771133,37.214672,39.148594,35.943115,34.490093,37.008575,36.482872,38.05291,41.32031,41.315098,46.078484,43.062405,48.21712,47.016376,42.877098,38.87532,35.59879,35.17501,29.492981,28.090994,25.937485,26.975874,24.382826,21.187876,17.985535,15.230774,13.287894,11.395445,15.231098,17.538494,19.665491,22.879963,24.806747,27.505444,29.696861,27.719072,32.95417,28.019917,30.12253,29.48329,31.862865
1,4.213837,0.0,4.749954,5.780823,8.57079,11.45067,13.519335,19.075876,21.245552,24.400818,28.4785,30.202085,30.52789,27.552114,22.558622,22.88486,19.500694,20.709528,16.39838,19.364029,18.44424,19.515654,19.962828,21.98415,23.509287,22.20833,22.518307,20.215902,23.102291,19.013374,25.619986,19.930262,25.786924,23.179668,24.99906,27.141571,24.40875,24.074076,20.613337,19.012623,23.365887,21.193256,25.408047,25.613625,22.215351,26.183508,23.210459,26.847843,26.49214,28.914635,30.635506,30.163258,34.882545,35.617363,37.109478,33.464783,33.00785,33.73944,38.683384,37.034763,32.937817,32.115517,36.99352,37.420593,40.392876,35.196682,33.500423,38.801758,34.39359,32.412304,34.25401,36.235725,33.264904,31.505753,34.417023,33.413548,35.297928,38.289364,38.093388,42.786617,39.507122,44.586517,43.27017,39.04925,35.114746,31.898636,31.626532,25.971348,24.75812,22.924063,24.346064,22.06225,19.033052,16.177101,13.60389,10.916732,8.5121975,11.726027,14.908568,16.811504,19.838625,21.941038,24.701433,26.7533,24.899311,29.995548,24.9516,27.51664,26.762747,29.63633
2,6.4075055,4.749954,0.0,5.03387,7.3428774,7.9547515,11.9175625,15.787655,18.7086,21.640278,25.515167,27.883684,28.737675,26.235643,21.158411,21.886581,19.053675,20.675505,17.657963,20.307562,20.435158,21.07949,22.349499,24.331322,25.29379,24.33067,23.763533,21.380722,23.468203,19.62649,25.206303,19.538239,24.951088,21.567825,23.949373,25.347164,23.03044,23.398327,19.576416,18.186954,23.317675,21.701172,25.485664,26.06773,23.587854,27.07545,25.102987,28.42207,28.75798,30.597397,31.870573,30.975756,35.820446,35.947018,37.874077,34.48381,33.280014,33.813705,38.633125,36.64323,32.458748,31.604918,36.00735,36.27413,38.935284,33.720783,32.000668,36.89303,32.061623,30.283562,31.67971,33.97105,30.971794,29.812872,32.858547,32.399796,34.681973,37.77812,38.014843,42.73132,39.383068,44.391155,42.700283,38.59676,34.718258,31.203588,31.52316,25.37532,24.942604,22.62345,24.34818,21.71125,18.341707,16.499647,14.924012,10.729751,7.3684497,10.548834,12.396995,13.442487,17.108284,18.533106,21.113735,23.48051,21.694448,27.211388,22.810387,25.121563,25.06704,27.776466
3,9.435419,5.780823,5.03387,0.0,3.8290005,6.4944873,7.9825745,13.788846,15.536888,18.968264,22.850822,24.61399,24.82634,22.147577,17.212166,18.138681,15.207343,17.587822,14.54515,17.945414,18.259388,19.667406,21.014614,22.10154,22.900599,21.42461,20.485842,17.614534,19.47113,15.269865,20.736366,14.922938,20.399595,17.486132,19.5771,21.612507,19.228586,19.058994,15.232573,13.588836,18.434341,16.767204,20.662907,21.389341,19.006012,22.765858,21.009916,24.853844,25.435385,27.48082,28.77108,27.516676,32.176323,32.405132,33.927032,30.426426,29.321499,29.593306,34.60969,32.42179,28.18865,27.815107,32.547157,33.234035,35.82469,30.299793,29.196327,34.401203,29.998392,28.388334,30.556915,32.961617,30.41356,28.719164,32.38692,31.065155,33.77534,36.366806,36.172764,40.72178,36.921402,41.767033,39.90825,35.613464,31.902554,28.583641,29.136892,23.200174,23.019232,21.442078,23.682714,21.67458,18.74914,17.22936,15.674555,11.31484,7.6281695,8.830108,12.436886,12.444078,15.9438505,17.326384,19.695978,22.128006,20.765951,26.078709,21.63095,24.771544,24.513702,27.978197
4,12.395249,8.57079,7.3428774,3.8290005,0.0,6.213233,5.28216,11.321182,13.193025,16.023993,20.399122,21.751268,22.58077,19.338879,14.206883,14.690856,11.7865505,14.073348,11.878433,15.020191,16.131432,17.386406,19.351816,20.127567,20.428484,19.206928,17.633915,14.856415,16.33497,12.537293,17.958117,12.439792,18.417553,15.809256,18.5152,20.80009,19.131779,18.83646,14.5450735,12.272717,17.096169,14.954997,18.526981,18.893396,16.88148,20.026876,18.863163,22.195925,23.269888,24.811104,25.796307,24.355682,29.092873,29.039974,30.860313,27.542171,26.097862,26.49366,31.351423,29.317917,25.149912,24.37899,28.96871,29.512775,32.17442,26.813446,25.441414,30.660524,26.30316,24.618752,26.911516,29.272814,26.838205,25.02162,28.872595,27.401836,30.329752,32.7967,32.65348,37.16934,33.308056,38.122345,36.187794,31.934824,28.221128,24.833965,25.55591,19.511852,19.677143,18.135847,20.678675,18.857208,16.128761,15.383007,14.560394,9.630967,5.9986243,5.42363,9.472901,9.535171,12.448745,14.312235,17.033497,18.919258,17.465672,22.513723,17.9463,21.302832,21.0086,24.724087
5,14.087737,11.45067,7.9547515,6.4944873,6.213233,0.0,6.667846,8.502742,11.193981,14.508244,17.802355,20.630075,21.460999,19.817028,15.070488,16.952131,15.306718,18.532764,17.676704,20.544601,22.175875,23.154547,25.376,26.215485,26.267666,25.157932,23.036592,20.110533,20.507698,16.938732,20.044552,14.6553955,18.755634,14.569362,17.514362,18.222797,16.694386,17.698942,13.486926,12.429154,18.216711,17.75856,20.639992,22.088688,21.371607,24.273808,24.142841,27.52163,29.056902,30.327278,30.964952,29.02268,33.63545,32.9768,34.952908,31.8957,29.714811,29.523201,34.29096,31.46933,27.172466,27.031054,30.966541,31.57801,33.526188,27.887655,27.12682,31.644165,26.761702,25.675457,27.390686,30.372013,28.061447,27.195595,31.255817,30.479961,33.89857,36.39531,36.695396,41.12385,37.12066,41.697224,39.208088,35.10321,31.650595,28.033714,29.612913,23.240688,24.364933,22.432745,25.152151,22.967718,19.924076,19.88654,19.499681,14.0461235,10.070867,9.942,11.313621,8.283194,13.020112,12.584756,14.20673,17.511068,16.677788,22.600517,19.550114,22.533535,23.404222,26.79237
6,17.309278,13.519335,11.9175625,7.9825745,5.28216,6.667846,0.0,7.844478,8.236093,11.517617,15.6274605,16.744123,17.300602,14.332828,9.32643,10.84868,8.962475,12.970301,12.7493515,15.970452,18.07936,19.645308,22.070492,21.87483,21.51443,20.109459,17.372272,14.156443,14.0418,10.485947,13.649767,8.20544,13.47638,10.696862,13.826395,16.143385,15.169675,14.915069,10.315766,7.8075967,12.950862,11.588297,14.414786,15.4798565,15.019798,17.676588,18.094019,21.510725,23.485477,24.639967,25.158691,22.877697,27.306984,26.737312,28.432728,25.343063,23.231377,22.99929,27.899721,25.211586,20.91633,20.848534,25.264267,26.223866,28.384443,22.593401,22.158602,27.256653,23.10925,21.968042,24.785397,27.5681,25.78964,23.990032,28.599672,26.662724,30.385782,32.263798,32.019768,36.231163,31.837221,36.26523,33.76347,29.463608,26.138914,22.808529,24.478432,18.542889,19.88851,18.942114,22.130941,20.8476,18.593462,18.951853,18.783092,13.747244,10.495308,7.8083773,11.100371,8.319222,11.146721,11.761609,13.6769285,15.934617,15.358357,20.301138,16.733477,20.722288,20.930918,25.167238
7,22.102219,19.075876,15.787655,13.788846,11.321182,8.502742,7.844478,0.0,5.1026006,6.360112,10.000402,12.982184,15.493026,14.079453,10.029099,12.316279,12.765792,16.431698,18.573694,20.528233,23.711145,24.413391,27.58115,27.56876,26.532396,25.861084,22.288431,19.661184,18.11213,16.167877,16.10933,12.649629,15.172129,11.051351,15.362896,15.497726,16.226486,17.508532,13.103765,11.807547,16.952736,16.984747,18.082699,19.607811,20.94291,22.135292,24.130001,26.445644,29.211927,29.326246,29.04486,26.28215,30.534636,28.80453,31.284046,28.98163,25.572826,24.990038,29.130112,25.951117,21.898825,21.668442,24.494713,25.015404,26.289885,20.77456,20.37885,24.168924,19.194834,18.781626,20.60611,24.109785,22.61418,22.175928,26.971182,26.093075,30.462091,32.329395,32.902702,36.91116,32.592117,36.62855,33.45841,29.648834,26.706175,23.035713,25.865664,19.66301,22.46211,20.857885,24.220852,22.637838,20.33618,22.1955,23.156704,17.520206,14.488883,11.875596,11.49216,5.156154,8.5609,5.53943,6.131809,9.7326145,10.078178,15.781225,14.617851,17.931097,19.748781,23.493723
8,24.659601,21.245552,18.7086,15.536888,13.193025,11.193981,8.236093,5.1026006,0.0,5.027661,7.5285015,9.608582,10.686901,9.836161,6.6747136,10.415179,11.69254,16.44851,18.883087,21.321625,24.490828,25.817835,28.813932,28.028519,26.87542,25.722393,21.82279,18.812551,16.462498,14.572199,12.43458,9.600812,10.3380575,6.1774187,10.663201,11.158286,12.510253,13.4491005,9.350661,8.301232,12.713682,13.698969,14.022014,16.298288,18.637663,19.776606,22.532654,25.290026,28.348427,28.625725,28.295656,25.038198,28.813366,27.091389,28.951817,26.664564,23.203829,21.948183,26.284101,22.464012,18.299538,19.259,22.315575,23.601038,24.467083,18.32669,19.424028,23.393242,19.268148,19.373226,22.18439,25.732737,24.937996,23.948654,29.23016,27.430285,32.136948,33.364796,33.434525,37.111378,32.296238,35.963108,32.505188,28.536589,26.017868,22.754763,25.976734,20.401403,23.461447,22.754084,26.382261,25.408638,23.53811,25.243261,25.931038,20.604893,17.575874,14.395428,15.393283,9.697777,11.905644,9.225932,8.452629,11.78523,13.103122,17.711796,16.914618,20.875147,22.355076,26.60482
9,27.794365,24.400818,21.640278,18.968264,16.023993,14.508244,11.517617,6.360112,5.027661,0.0,5.4649973,6.8941426,10.967425,9.498014,7.296975,9.696159,12.140112,15.929308,19.83845,21.291054,25.14707,25.953606,29.414833,28.550024,26.860107,26.279442,21.891832,19.536705,16.516722,16.018015,12.996752,12.012175,12.616927,9.955454,14.416152,14.701412,16.960842,17.828041,14.013726,12.635602,16.036528,16.386503,15.851113,17.330492,20.25998,20.11243,23.664955,25.290016,28.829828,28.26471,27.37482,23.971817,27.60478,25.194603,27.70649,26.019993,21.85396,20.786411,24.385206,20.855862,17.125048,17.181921,19.162798,19.960943,20.580677,14.935816,15.536705,18.889616,14.488254,14.902915,17.546188,21.25954,20.860657,20.25093,25.651203,24.085144,29.106844,30.128433,30.550964,34.022015,29.318823,32.741447,29.040071,25.40902,23.10772,19.758438,23.54132,18.175615,22.02104,21.254301,24.940151,24.183393,22.728779,25.34924,26.775045,21.561106,19.17414,15.565903,15.284715,9.826562,10.092583,6.866482,5.625764,7.4489145,9.499385,13.251919,13.747474,17.481573,19.445412,23.563902
10,31.701136,28.4785,25.515167,22.850822,20.399122,17.802355,15.6274605,10.000402,7.5285015,5.4649973,0.0,5.495423,8.85255,10.666829,10.787511,13.998506,16.86505,21.003761,24.895708,26.554913,30.348848,31.324379,34.714363,33.661182,31.949354,31.180584,26.694304,24.182318,20.756697,20.276018,15.50495,15.326417,13.256371,10.3274,14.046679,12.684223,16.033648,17.609066,14.836037,14.638607,17.371021,19.14514,17.790571,20.141346,23.91165,23.711615,27.790545,29.652664,33.353855,32.819946,31.800106,28.07944,31.194353,28.508348,30.659418,29.278494,24.863985,23.065779,26.303116,21.982693,18.583721,19.869024,20.976706,22.204185,21.679276,16.062445,18.266136,20.431797,16.620535,18.043537,20.374714,24.346176,24.547834,24.449804,29.870085,28.420332,33.667343,34.340824,34.793037,37.883476,33.02377,35.88153,31.73244,28.389957,26.723093,23.721552,27.966352,23.097424,27.189028,26.589859,30.284496,29.566452,28.09807,30.727276,32.06597,26.7275,24.05635,20.704744,20.36759,14.403749,15.237552,11.0499325,7.7714334,10.484518,13.469354,16.556904,18.552137,21.859,24.263311,28.12611
11,33.82338,30.202085,27.883684,24.61399,21.751268,20.630075,16.744123,12.982184,9.608582,6.8941426,5.495423,0.0,6.388823,6.75614,8.99136,11.420344,15.080195,18.94557,23.544243,24.91829,28.888794,30.046614,33.434307,31.737793,29.694967,28.910032,24.11923,21.887049,17.749619,18.290215,11.989118,13.830654,11.159276,10.715535,13.969656,14.150595,17.683573,18.137587,15.673988,14.844108,15.907249,17.208029,14.8349495,16.696344,21.252493,20.107712,25.002258,26.359571,30.409712,29.531921,28.227661,24.214756,26.78544,23.89711,25.840595,24.814932,20.168276,18.090984,21.022022,16.597038,13.45789,15.044423,15.92494,17.64532,16.955103,10.968165,14.310567,16.738314,14.148495,15.777816,19.216516,22.802053,23.641954,22.777473,28.45033,26.068106,31.469395,31.48417,31.503572,34.20504,29.064169,31.545921,27.261986,23.893972,22.664034,20.153795,24.663465,20.725916,25.047375,25.255877,29.039019,29.009012,28.166296,30.94359,32.38464,27.546585,25.356321,21.408068,21.682947,16.65247,16.15529,13.3797455,11.31479,11.912744,14.71761,16.157728,17.938643,21.697622,23.484934,27.735718
12,34.223083,30.52789,28.737675,24.82634,22.58077,21.460999,17.300602,15.493026,10.686901,10.967425,8.85255,6.388823,0.0,6.264888,9.901434,13.424914,16.471182,21.2208,24.726036,26.9938,30.330763,32.181206,35.057686,33.004074,31.347807,29.852512,25.39929,22.577766,18.604122,18.29905,11.022186,12.860475,7.1723557,7.878514,9.199831,9.621312,13.416553,13.406204,12.3787775,12.50021,11.995007,14.915214,12.014883,15.234653,20.147238,19.877773,24.604012,27.07237,30.82988,30.744047,29.880775,25.762716,27.935175,25.729895,26.482601,25.04474,21.14741,18.2956,21.863783,16.623928,13.263677,16.9703,18.90347,21.561937,20.819954,14.48384,19.00271,21.929571,20.135256,21.563498,25.392254,28.815037,29.5501,28.181942,33.91178,30.96464,36.19942,36.05918,35.50155,38.120243,32.679783,35.045498,30.88751,27.241667,26.1782,24.09959,28.208447,24.543068,28.272385,28.931126,32.745243,32.800854,31.806372,33.83624,34.606003,29.866879,27.265713,23.514624,25.00246,19.841972,20.397787,17.810452,15.767484,17.594013,20.1189,22.232252,23.040312,27.20186,28.52468,33.068737
13,31.518408,27.552114,26.235643,22.147577,19.338879,19.817028,14.332828,14.079453,9.836161,9.498014,10.666829,6.75614,6.264888,0.0,5.253733,7.576985,10.88447,15.270032,19.181536,21.125093,24.597504,26.409647,29.33457,27.09078,25.257095,23.907688,19.299728,16.722681,12.489494,12.878604,5.4240623,8.535528,5.9368863,8.404009,10.794109,13.4362955,15.925814,14.902387,12.582838,10.9859085,10.361976,11.034572,8.185449,10.0780115,14.95495,14.07275,19.000963,20.993732,24.884052,24.568068,23.668875,19.604147,22.101418,20.04956,21.117447,19.441107,15.526653,13.236666,17.371206,12.906888,8.814052,11.4869175,14.640668,17.16085,17.615051,11.019019,14.48147,18.707964,16.979397,17.61318,22.063816,25.014158,25.531725,23.41249,29.110361,25.64498,30.681824,30.537188,29.732845,32.535244,27.096594,29.875994,26.099976,22.09444,20.580542,18.451307,22.230726,18.704653,22.252472,23.269875,27.056322,27.4565,26.831266,28.873709,29.758873,25.491684,23.449778,19.307217,21.179474,17.196306,16.726381,15.685845,15.106525,15.659138,17.402102,19.033163,18.580063,23.092201,23.693321,28.495152
14,26.504837,22.558622,21.158411,17.212166,14.206883,15.070488,9.32643,10.029099,6.6747136,7.296975,10.787511,8.99136,9.901434,5.253733,0.0,4.4796433,6.789322,11.76787,15.120845,17.334124,20.738865,22.411734,25.390314,23.724764,22.181921,20.913572,16.556705,13.692248,10.392105,9.5962515,6.1366854,5.2421694,7.4186673,7.4786954,11.077309,13.92553,15.316715,14.495748,10.81866,8.28107,10.077082,9.398915,8.887676,10.1504,13.202982,13.395416,17.022108,19.360065,22.829092,22.835339,22.333397,18.79167,22.301872,20.706015,22.312302,20.023449,16.607775,15.421217,19.986961,16.54226,12.264969,13.0466175,16.980803,18.664068,20.102816,13.837137,15.095635,20.028275,17.064947,16.831135,20.884443,23.823181,23.475817,21.332228,26.838524,23.810926,28.532703,29.13915,28.574259,32.008305,26.896372,30.460865,27.169516,22.945004,20.517204,17.692604,20.826458,16.111345,19.196457,19.60072,23.367775,23.30985,22.282682,24.068031,24.842848,20.36617,18.208534,14.115208,16.196556,12.489147,12.418615,12.064032,12.554241,13.416003,14.339551,17.159485,15.394033,20.035812,20.478724,25.292402
15,26.920734,22.88486,21.886581,18.138681,14.690856,16.952131,10.84868,12.316279,10.415179,9.696159,13.998506,11.420344,13.424914,7.576985,4.4796433,0.0,4.076528,7.838296,12.373213,13.778119,17.596184,19.040932,22.224344,20.331808,18.406786,17.52099,12.822977,10.586434,6.8783803,7.7410126,6.256443,6.7489543,10.775559,11.874703,15.128093,18.353575,19.544903,18.344143,14.671985,11.664438,12.764076,10.301179,9.992917,9.171729,11.583344,10.611835,14.408566,15.6957445,19.42298,18.879858,18.150885,14.686806,18.486626,16.87681,18.986864,16.758518,13.305815,13.027208,17.421589,15.111945,11.171914,10.080808,14.496195,15.730642,18.050959,12.475254,12.274421,17.886122,15.278744,14.352514,18.774973,21.134884,20.751165,17.949957,23.357119,19.846111,24.423935,24.924784,24.1995,27.707848,22.667961,26.479427,23.523394,19.186375,16.413483,13.545812,16.391685,11.867599,14.985281,15.824756,19.591703,20.008024,19.539324,21.589018,22.693504,18.831137,17.516453,13.094779,15.148981,13.104278,11.460806,12.81265,14.362218,13.680264,13.85957,15.565452,12.801058,17.584484,17.30519,22.282866
16,23.602444,19.500694,19.053675,15.207343,11.7865505,15.306718,8.962475,12.765792,11.69254,12.140112,16.86505,15.080195,16.471182,10.88447,6.789322,4.076528,0.0,5.4407935,8.504181,10.610583,13.994167,15.72038,18.659964,16.988932,15.49886,14.351334,10.149828,7.407141,5.473092,4.584962,8.136018,6.1165795,12.402328,13.122829,16.068554,19.71278,19.989408,18.51661,14.61663,11.235491,12.835244,9.212924,10.646241,9.279585,9.440413,9.813872,11.83493,13.778123,16.856895,16.977648,16.901873,14.133319,18.486156,17.782722,19.679111,16.818863,14.505348,14.898909,19.588428,17.915487,14.035698,12.659579,17.638803,18.615004,21.477453,16.281414,15.299282,21.143564,18.334179,16.816267,20.881783,22.90862,21.873655,18.779753,23.717518,20.268358,24.201204,25.181534,24.294899,28.173433,23.4493,27.736319,25.40607,20.954794,17.678774,14.784619,16.419035,11.494869,13.312163,14.02757,17.61044,17.85249,17.177124,18.500994,19.17035,15.590105,14.418308,10.121749,13.285837,12.522502,11.339168,13.791618,16.112354,15.766668,15.165144,17.514261,13.330623,18.02203,17.09744,22.028
17,24.61095,20.709528,20.675505,17.587822,14.073348,18.532764,12.970301,16.431698,16.44851,15.929308,21.003761,18.94557,21.2208,15.270032,11.76787,7.838296,5.4407935,0.0,6.3670073,6.0884476,10.368066,11.390902,14.768792,13.06874,10.982364,10.839298,6.446261,5.849481,5.683248,7.241364,12.229114,11.379447,17.537844,18.522272,21.47756,25.12589,25.38253,23.843061,19.956528,16.536858,17.846243,13.566044,14.957775,12.230195,11.021191,10.085274,11.024379,10.816101,13.817964,13.047292,12.808927,10.907933,15.820067,15.394436,18.046236,15.394135,13.627522,15.4278345,19.318258,19.218647,16.152887,12.867369,17.541039,17.611864,21.36371,17.52649,14.70575,20.631927,18.185688,15.82761,19.656204,20.755005,19.419006,15.619554,19.915014,16.115816,19.415512,20.57398,19.584421,23.74355,19.500635,24.257862,22.690914,18.375069,14.533127,11.656188,11.933422,7.0900197,7.918299,9.203507,12.643928,13.559852,13.769608,15.383048,16.594597,14.233373,14.53468,10.531632,13.065681,14.642707,11.983574,15.971396,19.057396,17.438953,15.998976,17.089043,11.694045,15.904924,13.798483,18.61942
18,20.249912,16.39838,17.657963,14.54515,11.878433,17.676704,12.7493515,18.573694,18.883087,19.83845,24.895708,23.544243,24.726036,19.181536,15.120845,12.373213,8.504181,6.3670073,0.0,4.529878,5.7724705,8.249361,10.413996,9.228136,8.889712,7.5594416,6.1578975,4.7400193,8.773346,7.2334495,15.3480215,12.615225,19.643335,20.293167,22.573606,26.577953,25.726072,23.865929,20.157997,16.793283,18.300747,13.529449,16.52989,14.02053,10.145059,11.818562,9.158055,10.877176,11.74819,13.02038,14.349531,13.840664,18.618963,19.605463,21.246012,17.815397,17.758,19.545197,23.892256,23.817596,20.573505,18.217714,23.424051,23.75829,27.541866,23.434067,21.0551,26.998768,24.37576,21.95031,25.35617,26.357525,24.431847,20.766453,24.234133,20.87128,23.018625,24.713902,23.445887,27.75492,24.050919,28.981995,28.082653,23.780884,19.912521,17.48247,16.470982,12.3464155,10.591024,11.367813,13.680238,14.033719,13.630268,13.045117,12.747471,11.456425,12.002958,9.3481655,13.645799,16.36874,15.224109,19.339672,22.64241,22.018023,20.261312,22.453878,16.494581,20.217113,17.780014,22.031935
19,22.887312,19.364029,20.307562,17.945414,15.020191,20.544601,15.970452,20.528233,21.321625,21.291054,26.554913,24.91829,26.9938,21.125093,17.334124,13.778119,10.610583,6.0884476,4.529878,0.0,4.7424865,5.3588886,8.739709,7.6981163,6.181493,6.885052,5.456671,6.8443155,10.083772,10.535992,17.573286,15.886376,22.64542,23.424511,26.086693,29.916952,29.492247,27.78925,23.936232,20.513239,21.970829,17.193405,19.509695,16.456427,13.183848,13.195771,11.123223,10.281145,11.314294,11.128483,11.996248,12.260932,17.177374,17.985523,20.38807,17.495813,17.339783,19.85675,23.427341,24.236567,21.513905,17.989336,22.583202,22.232588,26.407337,23.256495,19.775053,25.47065,23.089737,20.256105,23.34914,23.708193,21.68033,17.714151,20.573336,17.143654,18.750278,20.598862,19.42707,23.898203,20.693886,25.845474,25.415977,21.412819,17.322075,14.973397,13.047756,9.410848,6.4096336,7.531878,9.512517,10.611907,11.245661,11.445196,12.213942,11.9293,13.656724,11.094355,13.931091,17.660833,15.317784,20.074728,23.684568,22.093327,19.967712,21.113098,14.832187,17.974714,14.83916,18.810883
20,21.679193,18.44424,20.435158,18.259388,16.131432,22.175875,18.07936,23.711145,24.490828,25.14707,30.348848,28.888794,30.330763,24.597504,20.738865,17.596184,13.994167,10.368066,5.7724705,4.7424865,0.0,3.7717924,4.778752,4.146525,5.130474,5.0162854,7.3461194,8.615643,13.103576,12.584514,20.543629,18.302206,25.232574,26.061262,28.229143,32.310352,31.290525,29.32243,25.746443,22.434011,23.679268,18.722563,21.663404,18.61766,14.094304,15.195766,11.11335,11.026961,10.0238085,11.3758545,13.382713,14.671926,19.12903,20.89635,22.544016,19.30113,20.304152,22.851618,26.553698,27.54024,24.85233,21.782976,26.689766,26.536106,30.760063,27.540558,24.353867,30.097754,27.828833,24.992609,27.98006,28.201036,25.986746,22.062672,24.333765,21.071959,21.805696,23.767065,22.27837,26.61618,23.861118,28.957438,29.054354,25.121595,21.1594,19.262112,16.68362,13.979718,10.172242,11.149163,11.8427,12.714259,13.1622305,11.519652,10.905615,12.383972,14.463255,13.115652,16.613289,20.779972,19.17892,23.876284,27.515472,26.372034,24.168152,25.697952,19.298399,22.153688,18.872803,22.336369
21,22.388515,19.515654,21.07949,19.667406,17.386406,23.154547,19.645308,24.413391,25.817835,25.953606,31.324379,30.046614,32.181206,26.409647,22.411734,19.040932,15.72038,11.390902,8.249361,5.3588886,3.7717924,0.0,4.166732,5.7881536,5.9844728,7.8069735,9.512286,11.379758,15.2608185,15.260975,22.806097,20.686426,27.645174,28.131657,30.711554,34.49736,33.68005,32.01109,28.159847,24.82673,26.537523,21.698114,24.430555,21.371218,17.3552,17.823545,14.446314,13.263836,12.5289545,12.742798,14.228218,15.908015,20.414135,21.792334,24.100096,21.290606,21.89068,24.71769,27.980684,29.274271,26.739195,23.038996,27.399368,26.69815,31.056353,28.362146,24.406233,29.814981,27.363918,24.268091,26.682066,26.536785,24.007677,20.239847,21.793158,19.09913,19.206923,21.681023,20.6342,25.177778,23.036806,28.295973,28.663134,25.051575,20.94046,18.89629,15.895977,13.193321,8.79788,8.91942,8.677223,9.522102,10.461467,9.020389,9.304534,11.589243,14.503529,13.503911,15.87745,20.866476,18.765944,23.817532,27.714678,26.105387,23.548643,24.701849,18.15367,20.30274,16.725594,19.613995
22,22.517836,19.962828,22.349499,21.014614,19.351816,25.376,22.070492,27.58115,28.813932,29.414833,34.714363,33.434307,35.057686,29.33457,25.390314,22.224344,18.659964,14.768792,10.413996,8.739709,4.778752,4.166732,0.0,4.5801306,6.923604,7.971316,11.550972,13.313507,17.772076,17.327879,25.314789,22.987013,29.966795,30.624296,32.790565,36.803856,35.585316,33.67043,30.099375,26.860071,28.256067,23.316862,26.37277,23.273792,18.534,19.590181,15.07328,14.327138,12.193635,13.468152,15.688672,17.974022,22.0339,24.122236,25.798416,22.775702,24.229992,27.069906,30.405073,31.860165,29.392937,26.02725,30.660967,30.169476,34.56626,31.810654,28.148964,33.6536,31.398697,28.341127,30.836031,30.611542,28.085018,24.284637,25.544836,22.803547,22.3836,24.720732,23.326576,27.622734,25.766073,30.886082,31.640373,28.065075,24.108406,22.450716,19.10522,17.112122,12.544846,13.011639,12.247138,13.018199,13.785557,11.133811,10.094943,13.680415,16.570755,16.2778,19.157017,24.154373,22.53386,27.468538,31.319532,30.01523,27.496271,28.847647,22.293991,24.406843,20.801622,23.419624
23,25.05229,21.98415,24.331322,22.10154,20.127567,26.215485,21.87483,27.56876,28.028519,28.550024,33.661182,31.737793,33.004074,27.09078,23.724764,20.331808,16.988932,13.06874,9.228136,7.6981163,4.146525,5.7881536,4.5801306,0.0,3.4820218,3.792359,8.230133,10.519711,14.893982,15.091553,22.649702,21.128946,27.74494,29.173328,31.045763,35.39778,34.402977,32.131786,28.855564,25.546875,26.055836,20.938179,23.592611,20.092161,15.354953,15.913599,11.280445,10.012463,7.626025,9.199332,11.784992,14.1418295,17.909546,20.410639,21.60729,18.494726,20.457745,23.354702,26.612284,28.305994,26.11312,22.898214,27.726679,27.566982,31.953878,29.257093,26.060108,31.718615,30.104805,27.233978,30.370253,30.165651,28.197187,23.955957,25.792143,22.08401,22.157001,23.67826,21.64051,25.617489,23.246468,28.140322,28.85369,25.135252,21.424387,20.250078,16.90608,15.8103,11.480438,13.375107,13.375409,15.033447,16.20597,14.53895,13.883985,16.269733,18.540396,17.245369,20.61373,24.77752,22.88853,27.622944,31.199968,29.78333,27.645376,28.573364,22.27946,24.962965,21.327913,24.551683
24,26.800432,23.509287,25.29379,22.900599,20.428484,26.267666,21.51443,26.532396,26.87542,26.860107,31.949354,29.694967,31.347807,25.257095,22.181921,18.406786,15.49886,10.982364,8.889712,6.181493,5.130474,5.9844728,6.923604,3.4820218,0.0,3.6207955,6.1080565,9.329498,12.9675,14.175731,20.986694,20.18046,26.565895,28.216059,30.329803,34.616302,34.065388,31.86528,28.483644,25.079906,25.45363,20.347893,22.45194,18.696032,14.701307,14.16444,10.719751,7.9779873,7.049471,6.8401556,8.819492,11.147594,15.128137,17.284378,18.949505,16.142815,17.69826,20.829985,23.764997,25.721586,23.752579,20.07187,24.623962,24.289314,28.746092,26.402098,22.96263,28.515627,27.177687,24.298887,27.552576,27.205725,25.501387,21.073395,23.06613,18.97246,19.316622,20.53514,18.410282,22.405046,19.82911,24.763496,25.39677,21.703598,17.972567,16.895037,13.446701,12.82543,8.548204,11.200809,11.55171,13.819214,15.475553,14.902985,15.129526,16.776257,18.987226,16.999474,19.925,23.836416,21.359442,26.113333,29.625072,27.77378,25.729034,26.070229,19.980572,22.701298,18.986574,22.395752
25,25.688978,22.20833,24.33067,21.42461,19.206928,25.157932,20.109459,25.861084,25.722393,26.279442,31.180584,28.910032,29.852512,23.907688,20.913572,17.52099,14.351334,10.839298,7.5594416,6.885052,5.0162854,7.8069735,7.971316,3.792359,3.6207955,0.0,5.0744267,7.314875,11.560988,12.059328,19.247599,18.191292,24.50662,26.379559,28.06965,32.58235,31.772919,29.326937,26.233465,22.911587,22.888811,17.730179,20.106745,16.4532,11.823949,12.168445,7.6205363,6.613872,5.0287266,7.0763774,9.691031,11.249673,15.111144,17.627934,18.498083,15.125738,17.104477,19.808813,23.311842,24.785263,22.569944,19.689781,24.79672,25.031637,29.266903,26.28867,23.665705,29.491833,28.141562,25.525503,29.158281,29.235996,27.666744,23.286026,25.860874,21.610697,22.51722,23.520685,21.237108,25.043772,21.935497,26.654842,26.919518,22.931059,19.379557,18.300482,15.5477,14.464243,10.980369,13.556448,14.512346,16.332314,17.377901,16.369513,15.913007,17.082811,18.682095,16.628672,20.372766,23.666819,21.783417,26.180912,29.464989,28.154186,26.38242,27.270903,21.297466,24.539196,21.171997,24.966574
26,26.347599,22.518307,23.763533,20.485842,17.633915,23.036592,17.372272,22.288431,21.82279,21.891832,26.694304,24.11923,25.39929,19.299728,16.556705,12.822977,10.149828,6.446261,6.1578975,5.456671,7.3461194,9.512286,11.550972,8.230133,6.1080565,5.0744267,0.0,3.8711703,6.8899193,8.6734,14.896402,14.571035,20.619965,22.646696,24.678293,29.036108,28.798027,26.529245,23.264433,19.85452,19.813269,14.791116,16.487549,12.7146635,9.403932,8.445128,6.559751,5.0978675,7.3809605,7.3049817,8.324389,7.9380226,12.609627,14.083628,15.587135,12.330725,12.981365,15.555815,19.250225,20.337044,17.958277,14.842217,19.989634,20.330631,24.4412,21.249123,18.768394,24.692959,23.370779,20.950638,24.934158,25.320244,24.129486,19.7468,23.147573,18.58377,20.623587,21.298065,19.216616,23.055017,19.143267,23.833477,23.316574,19.053024,15.444798,14.003906,12.294596,10.556071,8.591949,11.568772,13.706844,15.583526,16.562372,16.85283,17.221712,16.819876,17.836409,14.735386,18.150793,20.534977,18.238504,22.341019,25.378988,23.851784,22.395756,23.01352,17.483177,21.18844,18.217789,22.564314
27,24.245754,20.215902,21.380722,17.614534,14.856415,20.110533,14.156443,19.661184,18.812551,19.536705,24.182318,21.887049,22.577766,16.722681,13.692248,10.586434,7.407141,5.849481,4.7400193,6.8443155,8.615643,11.379758,13.313507,10.519711,9.329498,7.314875,3.8711703,0.0,4.917165,4.9378395,12.172668,11.013617,17.322445,19.19963,21.060013,25.486883,25.045107,22.736479,19.505575,16.118927,16.169977,11.122333,13.319576,10.040117,6.375552,7.115641,5.4222145,7.437037,9.605428,10.674641,11.715469,10.301567,14.755679,15.881234,16.949953,13.355827,13.494731,15.165097,19.648323,19.651987,16.629593,14.586064,20.167284,21.027998,24.709583,20.581535,18.979824,25.060818,23.304447,21.216612,25.34988,26.351751,25.151241,21.126938,25.092651,20.830482,23.46352,24.266056,22.44105,26.273127,21.985947,26.51005,25.39181,20.92138,17.463566,15.614076,15.022989,12.078682,11.195125,13.344466,15.986597,17.154964,17.346413,17.430016,17.394285,16.021069,16.179684,12.8755245,16.960665,18.46631,16.954353,20.52745,23.303522,22.491926,21.323154,22.803879,17.519976,21.67951,19.317331,23.941242
28,27.24737,23.102291,23.468203,19.47113,16.33497,20.507698,14.0418,18.11213,16.462498,16.516722,20.756697,17.749619,18.604122,12.489494,10.392105,6.8783803,5.473092,5.683248,8.773346,10.083772,13.103576,15.2608185,17.772076,14.893982,12.9675,11.560988,6.8899193,4.917165,0.0,4.817198,8.064749,8.937803,14.10307,16.618668,18.670164,22.954983,23.320276,21.127134,18.009483,14.711014,14.173612,9.725962,10.307073,6.8258433,6.611732,4.7318754,7.906467,8.973413,12.689874,12.518445,12.343862,9.249138,13.317404,13.256685,14.56206,11.440872,9.922419,10.971171,15.671102,15.064896,11.872028,9.971625,15.674518,16.960836,20.27577,15.820015,14.973469,21.039705,19.669998,18.067965,22.699848,24.022854,23.49517,19.600561,24.280933,19.731781,23.313541,23.510061,21.782557,25.241737,20.31319,24.381952,22.46965,17.881596,14.847341,12.985505,13.911973,11.094887,12.233349,14.550903,17.784315,19.09031,19.373617,20.508781,21.090813,18.800348,18.44116,14.410999,17.741568,17.838263,15.931584,18.72831,20.916733,19.875877,19.344908,20.292906,16.07781,20.598948,18.84237,23.773426
29,23.215378,19.013374,19.62649,15.269865,12.537293,16.938732,10.485947,16.167877,14.572199,16.018015,20.276018,18.290215,18.29905,12.878604,9.5962515,7.7410126,4.584962,7.241364,7.2334495,10.535992,12.584514,15.260975,17.327879,15.091553,14.175731,12.059328,8.6734,4.9378395,4.817198,0.0,8.529198,6.1358676,12.701705,14.357883,16.156454,20.571749,20.136326,17.894163,14.614902,11.235579,11.504652,6.694134,9.304829,7.311282,5.2153435,7.531639,8.03697,11.592373,14.032769,15.266319,15.941315,13.539153,17.60993,17.995481,18.831987,15.316946,14.408634,14.821298,19.922615,18.497768,14.745108,14.143652,19.805994,21.226608,24.21743,19.062918,18.65349,24.65361,22.463226,20.932941,25.182127,26.927183,25.892715,22.412872,27.036089,23.129364,26.52931,27.331789,25.845524,29.593967,24.875805,29.113987,27.214205,22.636057,19.484203,17.250477,18.018213,14.127328,14.661521,16.065084,19.221382,19.752018,19.211163,19.505846,19.35764,16.629557,15.571324,11.924596,16.243328,16.064901,15.511272,18.01644,20.214437,20.281656,19.674078,22.015816,17.5138,22.084787,20.628538,25.48075
30,29.774956,25.619986,25.206303,20.736366,17.958117,20.044552,13.649767,16.10933,12.43458,12.996752,15.50495,11.989118,11.022186,5.4240623,6.1366854,6.256443,8.136018,12.229114,15.3480215,17.573286,20.543629,22.806097,25.314789,22.649702,20.986694,19.247599,14.896402,12.172668,8.064749,8.529198,0.0,5.9486914,6.6654444,10.522756,12.037166,16.17491,17.422153,15.320569,12.990761,10.518086,8.6053505,7.033064,4.3578744,4.7220635,9.665112,8.923319,13.732717,16.14698,19.83634,19.966599,19.474428,15.585585,18.19962,17.087101,17.5544,15.145657,12.239889,10.426076,15.525343,12.0516405,7.716093,9.934619,14.890435,17.470161,19.048605,12.99172,15.346653,20.596254,19.305489,19.088295,23.904743,26.24389,26.418192,23.439959,28.875458,24.741741,29.255098,29.085093,27.688543,30.616205,25.177439,28.30451,25.196966,20.809597,18.909552,17.114826,19.904768,16.851297,19.462238,21.120611,24.730993,25.504444,25.15411,26.595285,27.090326,23.551466,21.917362,17.783396,20.743517,18.148518,17.429634,17.911743,18.464361,18.638557,19.504456,21.046703,18.953583,23.709702,23.32687,28.333876
31,24.043995,19.930262,19.538239,14.922938,12.439792,14.6553955,8.20544,12.649629,9.600812,12.012175,15.326417,13.830654,12.860475,8.535528,5.2421694,6.7489543,6.1165795,11.379447,12.615225,15.886376,18.302206,20.686426,22.987013,21.128946,20.18046,18.191292,14.571035,11.013617,8.937803,6.1358676,5.9486914,0.0,7.179214,8.24397,10.268909,14.482123,14.447586,12.5527115,9.090122,5.8198204,6.838667,4.5736003,6.313198,7.62511,9.162072,11.20242,13.4897585,17.174835,19.959223,20.987028,21.220076,18.091629,21.665396,21.159365,21.91772,18.862862,16.77964,15.803607,21.02229,17.96374,13.637621,14.840483,19.882843,21.819899,23.771072,17.653467,18.783907,24.240183,21.648636,20.957005,25.131353,27.688478,26.979774,24.281385,29.473612,26.048832,30.201183,30.921589,29.843964,33.412575,28.348494,32.16103,29.41991,24.933731,22.271626,19.775928,21.88728,17.448208,19.294994,20.074263,23.591219,23.609707,22.507338,23.252073,23.227497,19.284557,17.07519,13.384072,17.039742,14.451153,15.065529,15.692632,16.749992,17.989166,18.307232,21.437677,18.39869,23.114338,22.793287,27.679035
32,29.696173,25.786924,24.951088,20.399595,18.417553,18.755634,13.47638,15.172129,10.3380575,12.616927,13.256371,11.159276,7.1723557,5.9368863,7.4186673,10.775559,12.402328,17.537844,19.643335,22.64542,25.232574,27.645174,29.966795,27.74494,26.565895,24.50662,20.619965,17.322445,14.10307,12.701705,6.6654444,7.179214,0.0,5.5001316,5.626503,9.786576,11.276646,9.395965,8.041326,7.22119,4.994181,7.9893465,5.667149,9.706079,13.870701,14.898308,18.668936,22.180565,25.376314,26.153032,25.959045,22.187944,24.678883,23.57894,23.68045,21.293156,18.592215,16.125029,20.909931,16.31968,12.213693,15.887924,19.869385,22.6475,23.243315,16.708893,20.159653,24.621958,22.747375,23.149298,27.464449,30.450808,30.544987,28.29268,33.871532,30.363796,35.07306,35.179813,34.076836,37.054325,31.605726,34.569706,31.116867,26.90826,25.213228,23.183563,26.279902,22.540289,25.232347,26.243076,29.921616,30.080837,29.052982,30.20088,30.317524,26.086416,23.535475,19.92892,22.837128,18.738173,19.62412,18.513247,17.898655,19.76021,21.271044,24.002644,22.763912,27.403824,27.783066,32.65111
33,26.775295,23.179668,21.567825,17.486132,15.809256,14.569362,10.696862,11.051351,6.1774187,9.955454,10.3274,10.715535,7.878514,8.404009,7.4786954,11.874703,13.122829,18.522272,20.293167,23.424511,26.061262,28.131657,30.624296,29.173328,28.216059,26.379559,22.646696,19.19963,16.618668,14.357883,10.522756,8.24397,5.5001316,0.0,4.549045,6.6109576,8.010395,7.982438,4.9724555,5.1684847,7.707903,10.68331,10.347972,13.937275,16.935507,18.611866,21.575533,25.20777,28.167662,29.016861,28.926218,25.408068,28.565756,27.27965,28.06911,25.590029,22.643848,20.626457,25.319738,20.851883,16.643562,19.337082,22.93307,25.129791,25.691004,19.113111,21.768839,25.955927,22.925385,23.311909,26.877663,30.264675,29.893171,28.317305,33.796955,31.154568,35.879974,36.598774,36.040417,39.411648,34.203278,37.531742,34.017223,29.868158,27.764874,25.097866,28.258167,23.472301,26.235039,26.359097,30.027653,29.507166,27.880302,29.016722,29.134373,24.263083,21.164745,18.024706,20.35615,15.336486,17.388792,15.325279,14.293788,17.353329,18.902388,22.798325,21.815321,26.156422,27.127182,31.707468
34,28.529882,24.99906,23.949373,19.5771,18.5152,17.514362,13.826395,15.362896,10.663201,14.416152,14.046679,13.969656,9.199831,10.794109,11.077309,15.128093,16.068554,21.47756,22.573606,26.086693,28.229143,30.711554,32.790565,31.045763,30.329803,28.06965,24.678293,21.060013,18.670164,16.156454,12.037166,10.268909,5.626503,4.549045,0.0,5.211552,5.740522,4.305335,4.5227065,6.4248686,6.1140795,10.795408,10.212045,14.494256,17.496967,19.674835,22.408258,26.633135,29.328423,30.650663,30.7971,27.27152,29.983622,29.094404,29.113935,26.507437,24.11967,21.698334,26.489943,21.756145,17.767076,21.447344,25.261156,27.915112,28.294682,21.699568,25.069374,29.270554,26.791887,27.285734,31.103195,34.404465,34.173595,32.354794,37.861015,34.858273,39.506897,40.00526,39.1019,42.300632,36.942604,40.064945,36.594444,32.39548,30.539318,28.241737,31.234138,26.900593,29.35404,29.84941,33.458492,33.10431,31.532997,32.24576,31.956247,27.389946,24.234955,21.35361,24.272749,19.54745,21.741362,19.851324,18.724876,21.849072,23.439442,27.175266,26.065449,30.51371,31.250856,35.9342
35,30.281528,27.141571,25.347164,21.612507,20.80009,18.222797,16.143385,15.497726,11.158286,14.701412,12.684223,14.150595,9.621312,13.4362955,13.92553,18.353575,19.71278,25.12589,26.577953,29.916952,32.310352,34.49736,36.803856,35.39778,34.616302,32.58235,29.036108,25.486883,22.954983,20.571749,16.17491,14.482123,9.786576,6.6109576,5.211552,0.0,4.5384665,6.707589,7.388222,10.097453,11.318587,15.806181,15.082215,19.286022,22.473032,24.39522,27.322847,31.315775,34.146973,35.24331,35.20246,31.577257,34.36228,33.033245,33.403866,31.07079,28.1849,25.63806,30.05581,25.003117,21.196346,24.826925,27.847898,30.326307,30.133211,23.638374,27.19664,30.659956,27.80263,28.71831,31.973616,35.629414,35.458458,34.309765,39.82502,37.400433,42.26489,42.90081,42.391094,45.591866,40.282307,43.284714,39.494476,35.515533,33.780827,31.262161,34.668457,29.987848,32.844086,32.88283,36.537132,35.846592,34.002293,34.986214,34.883644,29.865192,26.416235,23.82074,25.90729,20.337116,23.048351,20.037539,17.96214,21.829243,23.861246,27.911854,27.766357,31.85418,33.24127,37.64592
36,27.365171,24.40875,23.03044,19.228586,19.131779,16.694386,15.169675,16.226486,12.510253,16.960842,16.033648,17.683573,13.416553,15.925814,15.316715,19.544903,19.989408,25.38253,25.726072,29.492247,31.290525,33.68005,35.585316,34.402977,34.065388,31.772919,28.798027,25.045107,23.320276,20.136326,17.422153,14.447586,11.276646,8.010395,5.740522,4.5384665,0.0,3.978189,5.586759,9.019059,10.7797575,15.12979,15.589177,19.727734,21.843718,24.695887,26.620682,31.210371,33.503212,35.16874,35.55753,32.273617,35.292034,34.499977,34.656975,31.884813,29.621008,27.36048,32.182884,27.444231,23.436827,26.857172,30.560226,32.98699,33.29984,26.70867,29.75278,33.754807,30.663338,31.15251,34.41385,37.943756,37.352585,35.983677,41.330063,38.89691,43.442757,44.366974,43.724396,47.173347,41.956352,45.295795,41.83357,37.641186,35.56376,32.966362,35.852127,30.955893,33.204502,33.14946,36.634415,35.764683,33.69381,34.04227,33.443195,28.623526,25.008583,22.967026,25.638191,20.573797,23.85404,21.386288,19.94721,24.027155,25.547808,30.11482,29.097477,33.23678,34.30587,38.70941
