,0,1,2,3,4,5,6,7,8,9,10,11,12,13,14,15,16,17,18,19,20,21,22,23,24,25,26,27,28,29,30,31,32,33,34,35,36,37,38,39,40,41,42,43,44,45,46,47,48,49,50,51,52,53,54,55,56,57,58,59,60,61,62,63,64,65,66,67,68,69,70,71,72,73,74,75,76,77,78,79,80,81,82,83,84,85,86,87,88,89,90,91,92,93,94,95,96,97,98,99,100,101,102,103,104,105,106,107
0,0.0,4.101974,6.8764215,9.205469,12.531081,14.343988,18.100811,22.210289,25.068415,28.547586,31.137281,34.606663,33.714905,32.77917,27.46335,25.968327,21.940027,20.577723,16.75227,15.820611,13.850023,9.058125,13.109562,16.176987,17.32469,17.315357,21.846695,25.325954,28.060055,30.863447,34.124687,38.70033,42.911602,42.54417,46.40709,48.025013,49.031956,46.871124,44.353783,41.822754,37.86241,37.4647,32.012985,33.639687,27.367445,25.988045,23.092337,22.60931,22.809074,21.226412,24.352167,22.236795,25.126192,29.425623,29.82856,32.982006,33.2821,36.51174,40.69239,39.120476,36.49071,36.415096,30.817638,31.811188,29.404749,30.121887,31.036238,28.766834,33.812057,32.062386,34.452858,34.866543,32.524506,37.215187,35.452217,41.039032,40.89749,43.357388,43.792225,45.80783,44.023296,39.58147,38.08943,34.363873,31.506943,27.914795,26.693415,21.039038,20.234581,17.881044,17.764017,18.567738,22.58284,24.74127,26.399242,28.79629,29.09515,27.71942,31.343283,33.60771,34.86356,37.17042,35.673843,38.78001,35.286293,39.532288,37.938023,41.696922
1,4.101974,0.0,5.4331827,5.766694,8.888197,11.720001,14.529757,19.233782,21.67967,25.441137,27.884306,31.45213,30.918959,30.01001,24.910852,22.895475,19.151564,17.245483,13.678026,12.124198,10.476027,5.6129208,10.292033,12.469332,14.282007,13.729537,18.716251,22.01691,24.484049,27.100094,30.350353,34.847763,38.99873,38.56674,42.352196,44.007,44.967983,42.788902,40.322502,37.763313,33.853645,33.365345,27.918856,29.559525,23.26768,22.036064,19.100185,19.003084,19.212643,18.281305,21.329357,19.785595,22.76788,26.72857,27.345617,30.494904,30.419374,33.533012,37.85999,35.94776,33.193,33.20776,27.595394,28.457066,26.547089,26.631723,27.955795,25.536251,30.343279,28.261679,30.64469,30.88841,28.60853,33.273808,31.61715,37.19976,37.18074,39.745815,40.229816,42.183403,40.54356,36.06891,34.410706,30.655071,27.626553,24.189445,22.667208,17.010323,16.161137,13.844194,13.972538,15.210442,18.918234,20.864407,22.507742,25.126863,25.219463,23.690578,27.326242,29.73554,31.224667,33.352608,31.732065,34.947033,31.301458,35.586555,34.044273,37.81942
2,6.8764215,5.4331827,0.0,5.4958963,7.3750696,8.297108,12.305167,15.781785,19.120295,22.16258,25.133247,28.375704,27.522528,26.99696,21.401894,20.620148,16.667109,15.764874,12.729683,12.224079,12.433557,8.891141,14.278088,15.462024,18.584455,17.042782,22.572048,25.452497,27.160894,29.18672,31.986612,36.273838,40.002045,38.777416,42.693016,43.946102,44.710167,42.52572,39.592945,37.220936,33.307293,33.52152,28.058731,30.392183,23.969667,23.866016,20.206657,21.07967,20.012672,19.38884,21.246458,19.544123,21.447525,25.840635,25.52192,28.158453,28.863108,31.841894,36.532204,35.095913,32.117092,33.180958,27.673643,29.245668,28.004429,28.249794,30.436216,28.514902,32.927723,30.375668,32.121918,31.755732,28.807034,33.289204,30.89606,36.450558,35.643913,38.14232,38.13977,40.029205,37.953465,33.776962,32.25044,28.713774,26.384333,22.25323,22.158634,16.906439,16.597364,15.510986,15.702615,16.404758,20.097977,21.679327,22.34127,24.915804,25.9427,24.384289,27.118086,29.58537,30.67537,32.494785,31.059877,33.40025,30.286673,34.30436,32.67134,36.44597
3,9.205469,5.766694,5.4958963,0.0,4.448537,6.551905,9.668982,13.880946,16.107565,19.97464,22.210873,25.83684,25.294233,24.312151,19.38194,17.1362,13.482211,11.536065,8.197511,6.982487,7.0726156,4.718826,9.883157,10.515885,14.652472,13.40193,19.10937,21.871822,23.591843,25.507172,28.593538,32.707424,36.479813,35.43094,38.903442,40.499165,41.02551,38.63473,36.029892,33.379597,29.954071,29.23976,23.988235,25.736223,19.561092,18.834831,15.093612,15.620293,14.633156,14.186748,16.360325,15.158955,17.685534,21.55748,21.971743,24.981628,24.893826,27.919277,32.43424,30.564856,27.683384,28.21651,22.645105,23.934996,22.745647,22.768175,24.997814,23.164713,27.525488,25.148537,26.790726,26.700779,23.845133,28.458626,26.376656,31.964355,31.695913,34.164555,34.623226,36.677322,35.019897,30.461878,29.09389,25.280859,22.457117,18.985106,18.02576,12.414871,12.7514925,11.500357,12.82233,14.88249,17.62408,18.649029,19.53074,22.812393,22.869858,20.697788,23.711878,26.790537,28.678759,29.990007,28.050777,30.705908,26.7646,30.830061,28.94097,32.62545
4,12.531081,8.888197,7.3750696,4.448537,0.0,5.876844,5.642103,11.050138,13.162806,16.967276,19.545967,23.0299,23.075588,22.620396,17.714262,15.621239,12.637604,10.318957,8.687874,6.6301746,9.049213,8.017289,12.443254,10.980254,15.486906,12.798473,18.687918,20.84616,21.725945,23.115717,25.758402,29.739595,33.24209,31.79969,35.499664,36.825386,37.44162,35.190773,32.34582,29.894499,26.143309,26.15854,20.732655,23.182558,16.774427,17.348602,13.48783,15.637196,14.271522,15.442816,16.71073,16.514835,18.374916,21.769268,21.915205,24.44407,24.2667,26.913069,31.875418,29.708675,26.464989,27.792885,22.392221,23.699934,23.695896,22.554916,25.66916,23.615213,27.274822,24.023619,25.582008,24.743328,21.850435,26.224298,23.998852,29.543894,28.977947,31.716892,31.824982,33.58688,31.842148,27.567225,25.65783,22.021357,19.301905,15.448033,14.801482,9.64377,9.583407,9.450609,10.526969,12.2220125,14.615857,15.353212,15.658696,18.867258,19.462126,17.456575,19.985592,22.900425,24.570602,25.83967,24.072012,26.578304,23.059029,27.164537,25.605356,29.434029
5,14.343988,11.720001,8.297108,6.551905,5.876844,0.0,7.147127,8.1738405,11.443857,14.450875,17.092299,20.4037,19.394363,18.726295,13.2883415,12.443194,8.567014,8.394614,6.731939,7.9619966,10.848129,10.897851,15.353172,14.883338,20.084051,18.127077,23.991915,26.143698,26.927181,27.97399,30.4912,34.092766,37.20211,35.132877,38.441956,39.621765,39.675297,37.171993,34.09433,31.602123,28.61648,28.402044,23.493212,25.849365,20.014246,20.636368,16.137552,17.779116,14.926471,15.020278,15.057443,13.944257,14.627461,18.797945,17.949059,20.23258,21.058392,23.850443,28.797297,27.538704,24.417841,26.366798,21.150946,23.424915,23.304981,23.578175,26.904835,25.94584,29.564919,26.798063,27.344055,26.525356,22.740395,26.963894,23.87392,29.303421,28.048788,30.313765,30.270485,32.35598,30.2424,25.926727,25.0178,21.435923,19.643547,15.502144,16.71847,12.229683,13.936135,14.5476465,16.205908,17.935644,20.000057,20.178194,19.676998,23.11574,23.956598,21.519735,23.132315,26.56662,28.278679,28.737862,26.81204,28.148314,24.596947,28.115843,25.876156,29.411041
6,18.100811,14.529757,12.305167,9.668982,5.642103,7.147127,0.0,6.8202167,8.206766,11.903842,14.618314,17.930645,18.598833,18.645592,14.183811,12.219576,10.538465,8.274202,9.369407,7.859785,12.159693,12.96309,16.427856,13.504841,18.624746,15.220987,20.803947,22.071754,21.803713,22.173529,24.166924,27.559721,30.42384,28.158176,31.724743,32.73977,33.057693,30.775503,27.610277,25.29934,21.754396,22.287477,17.086098,20.22394,14.156918,16.392181,12.253283,15.986923,13.538502,16.202854,15.886762,16.785091,17.51981,20.151426,19.8635,21.686743,21.44555,23.559427,28.9277,26.61741,23.040562,25.478287,20.54142,22.145119,23.601091,21.627048,25.84893,24.174038,26.812239,22.862625,23.66895,21.93255,18.606382,22.517466,19.794548,25.176567,24.076832,26.954563,26.691174,28.255766,26.403694,22.360435,20.189606,16.717464,14.428807,10.069937,10.746854,7.188154,8.205151,10.369899,11.829131,13.390678,14.303559,13.8527975,12.719749,16.223637,17.279625,15.013665,16.192337,19.46319,21.211552,21.627512,19.774336,21.494709,18.18488,22.04474,20.491592,24.343262
7,22.210289,19.233782,15.781785,13.880946,11.050138,8.1738405,6.8202167,0.0,4.729418,6.3903456,9.751159,12.649227,12.36947,12.752021,7.733407,8.15211,7.113177,7.9376774,10.524007,11.644502,16.154676,17.717142,21.218657,18.92068,24.591805,21.68871,27.218943,28.352133,27.805515,27.64012,29.261677,31.999887,34.154045,30.977985,33.98886,34.655342,34.230865,31.730827,28.213211,26.033287,23.597448,24.143185,19.939302,23.048183,18.1467,20.694874,16.20982,19.587759,15.641708,17.711397,15.53857,16.154621,14.931251,17.642893,15.887018,16.709246,17.674236,19.491388,25.105415,23.785282,20.181053,24.015127,19.728848,22.435816,24.410566,23.517065,28.221771,27.711857,29.921213,26.317959,25.820839,23.8009,19.476538,22.774748,18.848646,23.800821,21.4879,23.83343,23.07135,24.879646,22.43569,18.565617,17.568144,14.438365,13.957717,9.259625,13.227276,11.617105,14.193836,16.768732,18.582834,20.057352,20.631771,19.593689,17.492739,20.896036,22.31381,19.771816,19.452522,23.104471,24.742363,23.960657,22.055744,21.875378,18.922235,21.694956,19.377283,22.75023
8,25.068415,21.67967,19.120295,16.107565,13.162806,11.443857,8.206766,4.729418,0.0,4.8655057,6.44443,10.016951,10.940254,11.033351,8.201162,6.0398006,7.5445433,7.1091948,11.169216,11.795958,16.479822,19.10026,21.569391,18.453716,24.239746,21.374872,26.424076,27.057127,26.075085,25.407932,26.880245,29.127354,30.989357,27.695053,30.193844,31.031042,30.271873,27.579973,24.258347,21.874878,20.135872,19.991127,16.341133,19.157955,15.094105,17.953314,13.722288,17.531698,13.353021,16.491678,13.656308,15.537777,14.275709,15.586641,14.474381,15.173182,14.999375,16.400496,22.087503,20.109163,16.330072,20.394331,16.504196,19.014654,21.976557,20.286205,25.490297,25.205593,26.68194,22.924797,21.912594,19.59018,15.124303,18.151543,14.14068,19.094915,17.010933,19.513063,19.06286,20.959768,18.974815,14.660063,13.643445,10.114154,9.412555,5.3235292,9.747842,9.784214,13.13737,16.227972,18.547823,20.548326,20.033226,18.240324,15.887808,19.674936,20.350704,17.371923,16.525038,20.739256,23.054457,21.467136,19.080885,18.80933,15.053718,17.652542,14.971735,18.302439
9,28.547586,25.441137,22.16258,19.97464,16.967276,14.450875,11.903842,6.3903456,4.8655057,0.0,4.4600654,6.425582,7.374137,8.9874,6.73206,8.09667,10.191484,11.402413,15.26779,16.42307,21.075657,23.41947,26.238008,23.272783,29.020134,25.96281,31.011572,31.492588,30.174181,29.162436,30.137234,31.992577,33.27135,29.292057,31.679192,31.984018,30.93493,28.375134,24.660925,22.7514,21.40322,22.163145,19.185734,22.379137,18.978203,22.419756,18.397205,22.268,17.91597,20.774607,17.345493,18.950794,16.616037,17.754711,15.522487,14.90464,15.8044405,16.464891,22.259161,21.028364,17.290577,22.55785,19.501646,22.405504,25.751785,24.321629,29.70073,29.740873,30.844795,27.018084,25.531012,22.786415,18.221561,20.345015,15.789749,19.847017,16.492712,18.676434,17.272537,18.928541,16.20692,12.729126,12.175555,9.781851,11.271466,7.5023065,13.433408,14.466367,17.432531,20.73416,22.704487,24.17777,23.685507,21.814207,18.852482,22.057753,23.47714,20.869421,18.994171,22.774693,24.50375,22.40724,20.441095,18.645815,16.165815,17.737223,15.118166,17.966566
10,31.137281,27.884306,25.133247,22.210873,19.545967,17.092299,14.618314,9.751159,6.44443,4.4600654,0.0,4.008301,5.8314595,6.543594,7.5936313,7.116448,10.856786,11.889755,16.189432,17.517778,21.95459,25.085466,27.133497,24.024542,29.863289,27.210123,31.889774,32.139614,30.720997,29.440186,30.431845,31.81585,32.82808,28.835789,30.44534,30.987616,29.388084,26.537567,23.182503,21.030766,20.924597,20.536982,18.544537,20.95142,18.728386,21.812576,18.088066,21.595882,17.011862,20.017334,15.900222,18.151075,15.458968,15.308633,13.347846,12.319498,12.436262,12.521611,18.284018,16.88974,13.163666,18.915787,16.630625,19.626932,23.597492,22.188984,27.740374,28.372814,28.911404,25.432482,23.182253,20.48464,15.701821,17.291746,12.4256525,16.082762,12.6459,14.5091505,13.540203,15.702315,13.444265,9.13714,9.9784565,7.4208817,9.535876,7.9258456,13.294966,15.22063,18.79386,22.083155,24.533703,26.535004,25.451519,23.147673,20.290947,23.797659,24.398127,21.377542,19.269026,23.531088,25.899555,23.074541,20.639778,18.616508,15.291398,16.179453,12.753945,15.028623
11,34.606663,31.45213,28.375704,25.83684,23.0299,20.4037,17.930645,12.649227,10.016951,6.425582,4.008301,0.0,4.611952,7.069337,9.49344,10.766154,14.364812,15.825061,20.040226,21.44435,25.921284,28.916945,31.110329,27.94759,33.73132,30.89518,35.5049,35.57173,33.85069,32.269993,32.85441,33.858925,34.356503,29.879019,31.27793,31.390577,29.514664,26.817654,23.262487,21.575922,21.931723,22.200008,20.849146,23.458944,21.800837,25.31187,21.817808,25.469515,20.923645,23.905807,19.602222,21.756413,18.620262,18.198702,15.738233,13.702734,14.416669,13.632892,19.068323,18.226416,14.78034,21.199703,19.725512,22.751888,27.02805,25.591242,31.22905,32.011955,32.172935,28.605526,26.069435,23.049097,18.46358,19.199444,14.286746,16.775162,12.299582,13.726551,11.709012,13.526762,10.588748,7.4621434,9.075799,8.254272,11.848758,10.703313,16.413036,18.917418,22.221262,25.687927,27.925396,29.617401,28.424168,26.01633,22.791004,25.86847,26.873713,24.136656,21.329206,25.202065,27.185478,23.922466,21.820385,18.653515,16.4384,16.311796,13.140428,14.688877
12,33.714905,30.918959,27.522528,25.294233,23.075588,19.394363,18.598833,12.36947,10.940254,7.374137,5.8314595,4.611952,0.0,3.7849255,6.6111236,9.816253,12.815181,15.483146,19.201937,21.45024,25.678131,28.572617,31.027737,28.607294,34.59978,32.160786,37.118195,37.62186,36.393696,35.223488,36.20451,37.55888,38.39331,34.13911,35.593975,35.86618,33.99413,31.203627,27.765379,25.917717,26.17687,26.030928,24.334066,26.656403,24.512146,27.313332,23.380095,26.322468,21.444088,23.394201,18.915848,20.223555,16.426678,16.649595,13.221183,10.699362,12.944974,12.633812,17.922997,18.242445,15.174415,21.402306,19.761295,23.352924,26.825098,26.654158,31.912699,33.087368,33.81801,30.80162,28.225836,25.796045,20.900303,22.151926,17.15032,19.875769,15.701152,16.420715,14.878104,17.128592,14.198072,11.14906,13.62507,12.369182,15.242064,13.511295,19.063326,20.40034,24.000198,27.10034,29.484892,31.30703,30.697262,28.620312,25.702745,28.999454,30.01734,27.108562,24.91536,28.945368,30.909399,28.037436,25.905514,23.083822,20.60444,20.79179,17.40004,18.849295
13,32.77917,30.01001,26.99696,24.312151,22.620396,18.726295,18.645592,12.752021,11.033351,8.9874,6.543594,7.069337,3.7849255,0.0,6.1149216,7.8440113,11.062885,13.907157,17.43906,20.067354,23.933424,27.212273,29.261053,27.175568,33.234966,31.30678,36.19746,36.864094,35.97354,35.019653,36.373436,37.824287,38.927578,35.059128,36.24921,36.9271,34.94901,31.930098,28.863499,26.641544,27.216831,26.059208,24.427786,26.08592,24.08024,26.086689,22.109203,24.343672,19.329552,20.737997,16.01941,17.22349,13.165521,13.074119,9.530512,6.981274,9.354949,9.475597,14.78606,15.352828,12.501892,18.354366,16.729015,20.564785,23.6992,24.237242,29.224833,30.812246,31.7013,29.243633,26.463568,24.582544,19.548079,21.095604,16.193016,19.143694,15.688533,16.074022,15.521969,18.324476,16.03783,12.1192465,15.177733,13.243069,15.332513,14.139605,18.875538,19.717485,23.72229,26.493172,29.234825,31.50395,30.913212,28.856894,26.35064,30.037035,30.461393,27.208761,25.555944,29.978088,32.40819,29.60335,27.111042,24.919596,21.517313,21.957037,18.125122,19.497005
14,27.46335,24.910852,21.401894,19.38194,17.714262,13.2883415,14.183811,7.733407,8.201162,6.73206,7.5936313,9.49344,6.6111236,6.1149216,0.0,6.245008,7.1134653,10.724045,13.620818,16.402552,20.392284,22.857735,25.761555,24.076694,30.102331,27.967915,33.329624,34.425446,33.901665,33.454605,35.054543,37.20676,38.86906,35.270573,37.34716,38.004017,36.704655,33.877647,30.504257,28.274736,27.455812,27.060799,24.148338,26.446436,22.952896,24.95847,20.487652,22.879194,18.032097,19.086605,15.293918,15.56426,12.161652,14.32,10.874325,10.231153,12.84298,14.314964,19.687605,19.81223,16.678925,21.476517,18.324379,22.010857,24.164955,24.7531,29.478937,30.316898,32.123486,29.357754,27.566692,25.798925,20.834955,23.40988,18.734081,22.807793,19.738176,20.964815,20.223866,22.628838,19.995365,16.128036,17.457975,14.87507,15.96593,12.902392,17.688168,17.100046,20.68901,23.19876,25.592974,27.525234,27.734335,26.260462,23.978134,27.572887,28.537401,25.539774,24.565655,28.70874,30.706917,28.852987,26.643406,25.189474,22.020353,23.525743,20.230194,22.58001
15,25.968327,22.895475,20.620148,17.1362,15.621239,12.443194,12.219576,8.15211,6.0398006,8.09667,7.116448,10.766154,9.816253,7.8440113,6.245008,0.0,4.4816146,6.1126914,9.932788,12.284696,16.1726,19.628057,21.485537,19.360126,25.434425,23.694708,28.667702,29.629372,29.233633,28.83603,30.785908,32.91059,34.8589,31.8467,33.58923,34.819748,33.52383,30.471897,27.64071,24.915268,24.384054,22.665182,19.821695,21.293148,18.093046,19.336592,14.9803295,17.03918,12.073082,13.702927,9.665142,11.180546,8.766377,9.945924,8.443874,9.636633,9.597296,11.732397,17.15442,15.924281,12.580736,16.352524,12.553858,15.976573,18.367682,18.511154,23.325748,24.197056,25.900953,23.355314,21.530409,20.169998,15.220088,18.337145,14.115655,18.844007,17.094185,18.635307,19.028194,21.726074,20.055676,15.12787,16.17074,12.616763,12.147601,10.22151,13.292703,12.584312,16.79206,19.10752,22.078405,24.75718,24.389776,22.645481,20.893028,25.025297,24.882671,21.406193,21.054222,25.729523,28.55182,26.648058,23.873987,23.51867,18.978497,20.991228,17.393332,19.940262
16,21.940027,19.151564,16.667109,13.482211,12.637604,8.567014,10.538465,7.113177,7.5445433,10.191484,10.856786,14.364812,12.815181,11.062885,7.1134653,4.4816146,0.0,4.4747825,6.6223946,9.860567,13.443383,16.304337,18.80775,17.55044,23.589298,22.091091,27.44997,28.951967,29.13965,29.33895,31.651182,34.341873,36.7793,34.138206,36.356327,37.65676,36.757496,33.815617,30.937475,28.204641,26.90681,25.460361,21.852486,23.447763,19.242952,19.88504,15.213288,16.668058,12.039537,12.420933,9.596091,9.468584,7.854282,11.21644,9.76303,11.862031,12.591833,15.342877,20.327602,19.433474,16.412085,19.115637,14.565908,17.805677,18.784792,19.699,23.818417,24.330559,26.960457,24.64437,23.569544,22.688692,18.033976,21.741558,17.941698,22.964354,21.474545,23.105297,23.451689,26.056482,24.197079,19.435495,20.020132,16.38441,15.361459,12.492895,14.884581,12.379447,16.19834,17.858324,20.665472,23.261503,23.73297,22.619286,21.363441,25.449291,25.512342,22.208315,22.688843,27.11993,29.679617,28.550835,25.970282,26.215094,21.841091,24.417395,21.155296,24.016674
17,20.577723,17.245483,15.764874,11.536065,10.318957,8.394614,8.274202,7.9376774,7.1091948,11.402413,11.889755,15.825061,15.483146,13.907157,10.724045,6.1126914,4.4747825,0.0,4.4937067,6.174071,10.229917,13.636614,15.552776,13.499624,19.580402,17.982248,23.172817,24.557215,24.761578,25.048937,27.549828,30.375616,33.086296,30.895191,33.198376,34.768375,34.144047,31.23821,28.622498,25.720743,24.098915,22.281734,18.3289,19.706087,15.169087,15.50303,10.797794,12.569244,8.20335,9.832687,7.9972296,9.139555,9.563095,11.937739,12.174057,14.764639,13.982248,16.663567,21.559008,19.563627,16.402336,18.21423,13.119808,15.516729,16.65843,16.399857,20.62442,20.514938,23.19371,20.585655,20.04536,19.262533,15.00991,19.190443,16.085207,21.507824,20.868801,22.963634,23.672392,26.109125,24.708433,19.734472,19.480328,15.491317,13.249184,10.759362,11.402578,8.187166,12.191055,13.732026,16.8133,19.79878,19.91471,18.733463,17.909685,22.205925,21.693977,18.256804,19.345112,23.858107,26.757029,25.890059,23.138306,24.314995,19.4322,22.565758,19.594326,22.767624
18,16.75227,13.678026,12.729683,8.197511,8.687874,6.731939,9.369407,10.524007,11.169216,15.26779,16.189432,20.040226,19.201937,17.43906,13.620818,9.932788,6.6223946,4.4937067,0.0,4.257536,6.8841863,9.957135,12.215595,11.606111,17.468868,16.628218,21.992392,24.02494,25.050663,26.055275,29.01392,32.30916,35.501537,33.853752,36.369823,38.123234,37.775608,34.928455,32.469128,29.514818,27.516111,25.579374,21.278782,22.341246,17.332693,16.501497,11.972046,12.242173,8.916081,8.36185,8.646621,7.90805,9.9108305,13.4324465,14.019526,17.234621,16.751667,19.86752,24.24451,22.529976,19.786459,20.495657,15.045314,17.10723,16.576267,17.375072,20.488182,20.134972,23.79888,21.824793,21.965149,21.932476,18.166449,22.659203,20.046677,25.495256,25.212297,27.209393,28.08813,30.582476,29.177237,24.196856,23.933441,19.93318,17.418755,14.823805,14.586629,9.932479,13.060487,13.334639,16.29176,19.374546,20.333307,19.873405,19.847174,24.01788,23.379454,20.136452,22.161524,26.396967,29.168707,28.975016,26.343794,28.106186,23.252842,26.68098,23.875486,27.097988
19,15.820611,12.124198,12.224079,6.982487,6.6301746,7.9619966,7.859785,11.644502,11.795958,16.42307,17.517778,21.44435,21.45024,20.067354,16.402552,12.284696,9.860567,6.174071,4.257536,0.0,4.763752,7.879141,9.81704,7.8726697,13.811872,12.473813,17.89435,19.866655,20.903805,22.08657,25.16516,28.699846,32.162525,30.926579,33.714012,35.5755,35.621967,32.9487,30.635487,27.700754,25.143532,23.34209,18.603134,19.741777,14.186891,13.254696,8.925711,9.868267,7.873998,8.9909525,10.49427,10.9349785,13.583293,16.224094,17.42345,20.53995,19.382534,22.223839,26.68302,24.213314,21.304214,21.672544,16.14681,17.28445,17.07849,16.314106,19.432777,18.054682,21.744587,19.216438,20.199574,20.069138,16.98886,21.649977,19.712193,25.28347,25.482681,27.903383,28.812496,31.011568,29.840315,24.947035,23.836103,19.802273,16.558466,14.112778,12.397206,6.9034185,9.278247,9.109094,12.175775,15.5244,16.328398,16.030323,16.53064,20.661543,19.703602,16.60406,19.291428,23.275402,26.109419,26.374973,23.804276,26.383406,21.512705,25.399075,23.115173,26.600758
20,13.850023,10.476027,12.433557,7.0726156,9.049213,10.848129,12.159693,16.154676,16.479822,21.075657,21.95459,25.921284,25.678131,23.933424,20.392284,16.1726,13.443383,10.229917,6.8841863,4.763752,0.0,5.0248857,5.380277,5.8512964,11.0405,11.441594,16.37782,18.997171,21.056183,22.973867,26.560156,30.341726,34.226273,33.71757,36.383636,38.576702,38.768456,36.095825,34.177437,31.11645,28.614506,26.204187,21.595972,21.92556,16.667826,14.076829,10.736309,9.236485,9.143437,8.131448,11.723114,11.263572,15.144534,17.850397,19.726425,23.33984,21.959324,25.065247,28.889809,26.441332,24.010668,23.105732,17.52106,18.05377,16.25389,16.367893,18.015945,16.38268,21.018574,19.509418,21.09161,21.9364,19.507412,24.295876,23.00066,28.452307,29.247997,31.50604,32.811153,35.137997,34.19565,29.154251,28.22151,24.138134,20.618315,18.682737,16.146494,10.587974,11.996453,10.197329,13.070841,16.665869,17.890097,18.160799,19.58754,23.53336,21.979582,19.033617,22.547298,26.325436,29.277138,29.943836,27.345709,30.489035,25.387705,29.366356,27.102495,30.463633
21,9.058125,5.6129208,8.891141,4.718826,8.017289,10.897851,12.96309,17.717142,19.10026,23.41947,25.085466,28.916945,28.572617,27.212273,22.857735,19.628057,16.304337,13.636614,9.957135,7.879141,5.0248857,0.0,5.410789,7.6224017,10.808633,10.978084,16.115088,19.278769,21.765692,24.20739,27.756292,31.987696,36.118294,35.79547,39.03516,41.03003,41.661053,39.242367,37.114025,34.27525,31.007948,29.488848,24.393154,25.316364,19.4536,17.374443,14.414571,13.564641,13.998404,12.985988,16.479088,15.384723,18.95738,22.319963,23.649122,27.104153,26.311537,29.44546,33.48377,31.24306,28.674503,28.091219,22.492027,23.062187,21.063847,21.111464,22.37214,20.147667,24.993761,23.251194,25.438368,26.067232,23.863688,28.618156,27.265694,32.796913,33.29266,35.735203,36.68272,38.82247,37.582073,32.779934,31.422092,27.459393,24.064093,21.393398,19.130981,13.329777,13.313705,10.825334,12.364784,15.090724,17.58313,18.802788,20.5666,23.905052,23.002277,20.770031,24.576998,27.661322,29.965254,31.442593,29.300364,32.66373,28.21089,32.42681,30.564241,34.161617
22,13.109562,10.292033,14.278088,9.883157,12.443254,15.353172,16.427856,21.218657,21.569391,26.238008,27.133497,31.110329,31.027737,29.261053,25.761555,21.485537,18.80775,15.552776,12.215595,9.81704,5.380277,5.410789,0.0,5.539948,7.434188,9.912662,13.686722,16.933754,20.037891,22.75548,26.719563,30.787636,35.120083,35.480846,38.205246,40.660816,41.224434,38.718014,37.186028,34.127792,31.36301,28.74042,24.14166,23.949343,18.911781,15.260681,13.392887,10.734324,12.82899,11.44863,16.015308,15.44543,19.82038,22.239786,24.58361,28.369864,26.701637,29.810745,33.23518,30.546492,28.391296,26.576498,21.187508,20.871176,18.16201,18.113832,18.256382,15.726308,20.985876,20.141918,22.706797,24.194904,22.735012,27.472158,26.955528,32.249714,33.61309,35.93896,37.46624,39.70673,38.99561,33.962788,32.752598,28.700592,24.818739,23.2191,19.769289,14.342332,14.449385,11.345032,13.437927,16.91988,18.440224,19.378504,21.765884,25.274834,23.204735,20.726494,25.058268,28.321064,31.234615,32.518524,30.050806,33.950504,28.87032,33.056572,31.133976,34.49411
23,16.176987,12.469332,15.462024,10.515885,10.980254,14.883338,13.504841,18.92068,18.453716,23.272783,24.024542,27.94759,28.607294,27.175568,24.076694,19.360126,17.55044,13.499624,11.606111,7.8726697,5.8512964,7.6224017,5.539948,0.0,6.0893364,6.2211385,10.688113,13.166626,15.430265,17.689947,21.528503,25.49085,29.709448,29.944893,32.719673,35.132782,35.772255,33.3474,31.82906,28.828758,25.923183,23.426622,18.708794,18.711338,13.460719,10.193958,8.485834,7.4732437,10.002953,11.241385,14.92238,15.843455,19.724894,21.38435,23.785727,27.21607,25.075628,27.776838,31.594206,28.293001,25.781075,24.502518,19.23055,18.59679,17.547949,15.388726,16.87162,13.689479,18.053041,15.907389,18.720154,19.565317,18.388412,23.028881,22.779278,28.042368,29.526724,32.156544,33.576508,35.54259,35.01094,30.148289,28.40398,24.461395,20.293373,19.050095,14.839527,9.793502,9.493151,6.459026,9.310023,13.394236,13.827011,14.229241,16.622507,20.286222,17.870995,15.231723,19.627089,22.930887,26.078583,27.18803,24.656057,28.798296,23.715477,28.00227,26.406733,29.850506
24,17.32469,14.282007,18.584455,14.652472,15.486906,20.084051,18.624746,24.591805,24.239746,29.020134,29.863289,33.73132,34.59978,33.234966,30.102331,25.434425,23.589298,19.580402,17.468868,13.811872,11.0405,10.808633,7.434188,6.0893364,0.0,5.1569996,6.418094,9.873574,13.640919,16.983225,21.122889,25.377699,30.072622,31.411486,34.294945,36.92318,38.089737,35.982048,34.91639,32.056694,28.795595,26.342287,21.796097,21.34189,16.679493,12.831272,13.146671,11.568658,15.436563,16.267902,20.477991,21.238638,25.445286,26.952978,29.64987,33.18191,30.837515,33.491318,37.01952,33.46821,31.166885,29.216331,24.244156,22.878042,21.282108,18.749239,18.793774,14.536458,19.007414,17.406116,21.35726,22.680077,22.674345,27.014992,27.581667,32.54411,34.533665,37.263573,38.81026,40.588486,40.28274,35.553642,33.430225,29.642582,25.25454,24.301426,19.46563,15.0468855,13.378262,9.549076,10.556964,13.909238,14.504174,15.776007,19.205486,22.014774,19.10064,17.387632,22.48368,24.875984,27.798798,29.692575,27.469744,32.403954,27.622416,32.03523,30.962751,34.366135
25,17.315357,13.729537,17.042782,13.40193,12.798473,18.127077,15.220987,21.68871,21.374872,25.96281,27.210123,30.89518,32.160786,31.30678,27.967915,23.694708,22.091091,17.982248,16.628218,12.473813,11.441594,10.978084,9.912662,6.2211385,5.1569996,0.0,5.8946033,8.515673,10.994024,13.974636,17.741655,22.25145,26.82979,27.694279,31.137798,33.39025,34.792747,32.878696,31.412062,28.800829,24.876913,23.499176,18.409292,19.045372,13.5338545,11.49154,11.408449,12.23807,15.180584,17.363897,20.656507,21.861023,25.435707,27.033575,29.200052,32.31697,30.199528,32.60003,36.71831,33.069298,30.306156,29.433868,24.425524,23.425365,23.088062,19.607658,21.10266,16.884285,20.438084,17.324972,21.172327,21.387491,21.174347,25.377842,25.630087,30.673454,32.184875,35.221214,36.29304,37.76158,37.2479,32.850327,30.150764,26.560808,22.283123,20.895876,16.180807,12.045249,9.211803,5.3401594,5.4840794,8.961898,9.441275,10.977109,14.435456,17.037416,14.639471,13.296909,18.345285,20.374878,22.959679,25.14295,23.20286,28.165096,23.94771,28.517185,27.868336,31.50669
26,21.846695,18.716251,22.572048,19.10937,18.687918,23.991915,20.803947,27.218943,26.424076,31.011572,31.889774,35.5049,37.118195,36.19746,33.329624,28.667702,27.44997,23.172817,21.992392,17.89435,16.37782,16.115088,13.686722,10.688113,6.418094,5.8946033,0.0,3.8656836,8.166485,12.080813,16.092325,20.500433,25.410925,27.518759,30.66255,33.26153,35.024094,33.386166,32.626827,30.114727,26.340899,24.501137,20.13057,19.822721,15.736811,12.918046,14.800741,14.895578,18.935745,21.185019,24.753366,26.295721,30.13924,31.130651,33.81057,36.99544,34.347454,36.568977,40.2865,36.20848,33.72031,32.102383,27.564882,25.736145,25.33246,21.109262,21.628119,16.671127,19.636831,16.950665,21.665426,22.357365,23.430763,27.161165,28.419743,32.95543,35.195255,38.244347,39.615406,40.907257,40.851524,36.570858,33.662376,30.279514,25.767439,25.237988,19.78089,16.730574,13.802304,10.495688,10.029141,12.400821,11.710768,13.164427,17.221401,19.040653,15.600635,14.997649,20.333374,21.628769,24.333094,26.78448,24.96549,30.603895,26.451649,30.899767,30.68509,34.06916
27,25.325954,22.01691,25.452497,21.871822,20.84616,26.143698,22.071754,28.352133,27.057127,31.492588,32.139614,35.57173,37.62186,36.864094,34.425446,29.629372,28.951967,24.557215,24.02494,19.866655,18.997171,19.278769,16.933754,13.166626,9.873574,8.515673,3.8656836,0.0,4.685721,8.699582,12.677833,16.934498,21.889711,24.430733,27.46222,30.138662,32.084785,30.646803,30.190744,27.830858,24.09341,22.276371,18.3374,17.832556,14.604555,12.357875,15.166651,15.991971,20.001259,23.008995,26.10904,28.20013,31.796522,32.284874,35.041374,38.000187,35.06189,36.966248,40.658092,36.262993,33.759636,32.25777,28.12552,26.001417,26.37738,21.219738,22.102211,17.033546,18.881319,15.597293,20.51569,20.860403,22.61373,25.852468,27.597544,31.733864,34.220993,37.3621,38.7325,39.772514,39.978977,35.95127,32.748356,29.640694,25.103256,25.121353,19.33166,17.38833,14.324731,11.826482,11.28801,13.320612,11.278624,12.118614,16.19272,17.61334,13.538107,13.362867,18.568111,19.429224,22.293163,24.659723,22.911615,28.843233,24.887613,29.195122,29.389545,32.61932
28,28.060055,24.484049,27.160894,23.591843,21.725945,26.927181,21.803713,27.805515,26.075085,30.174181,30.720997,33.85069,36.393696,35.97354,33.901665,29.233633,29.13965,24.761578,25.050663,20.903805,21.056183,21.765692,20.037891,15.430265,13.640919,10.994024,8.166485,4.685721,0.0,4.121849,8.001478,12.379221,17.322971,19.848896,23.080484,25.620571,27.779593,26.57256,26.144909,24.040636,20.07439,18.832497,15.125189,15.055887,12.4409895,11.907484,15.032493,17.231684,20.608566,24.52812,26.84227,29.461374,32.549137,32.666183,35.21574,37.775116,34.74693,36.25925,40.136127,35.531933,32.8501,31.977669,28.215162,26.128878,27.604725,21.605267,23.459316,18.664606,19.319138,14.920058,19.553335,18.961157,21.063627,23.726135,25.654274,29.416832,31.827795,35.13248,36.27213,36.963802,37.298416,33.672348,30.040787,27.31887,22.928432,23.309315,17.497982,16.912317,13.68542,12.427791,11.756359,13.2710705,9.76537,9.657833,13.413598,14.332332,9.754976,10.25147,15.03946,15.327732,18.299294,20.548586,18.955873,25.088457,21.585411,25.755154,26.484093,29.632866
29,30.863447,27.100094,29.18672,25.507172,23.115717,27.97399,22.173529,27.64012,25.407932,29.162436,29.440186,32.269993,35.223488,35.019653,33.454605,28.83603,29.33895,25.048937,26.055275,22.08657,22.973867,24.20739,22.75548,17.689947,16.983225,13.974636,12.080813,8.699582,4.121849,0.0,4.29589,8.480945,13.340466,15.78291,18.976244,21.508114,23.714714,22.633741,22.343594,20.412037,16.523111,15.49836,12.359599,12.4473,11.016342,11.939074,15.245549,18.289068,21.080654,25.631468,27.23535,30.312641,32.946472,32.61252,35.045074,37.246178,34.072914,35.199165,39.099014,34.32328,31.584204,31.159151,27.864155,25.774353,28.168299,21.573036,24.150785,19.763905,19.352295,14.243567,18.351336,16.966145,19.435999,21.436527,23.61495,26.901222,29.341335,32.713184,33.73787,34.148888,34.693806,31.413818,27.534813,25.194794,20.989723,21.936153,16.196436,17.008284,14.127383,14.013998,13.65873,14.987564,10.603919,9.226892,12.067009,12.719493,7.5728436,8.394796,12.28753,12.258279,15.635392,17.319246,15.691838,21.9163,18.667637,22.572636,23.720198,26.675604
30,34.124687,30.350353,31.986612,28.593538,25.758402,30.4912,24.166924,29.261677,26.880245,30.137234,30.431845,32.85441,36.20451,36.373436,35.054543,30.785908,31.651182,27.549828,29.01392,25.16516,26.560156,27.756292,26.719563,21.528503,21.122889,17.741655,16.092325,12.677833,8.001478,4.29589,0.0,4.875829,9.622202,12.352055,16.014389,18.18364,20.926497,20.394327,20.186213,18.846191,14.620096,14.929449,12.571175,13.378,12.951349,15.247761,18.285118,21.916996,24.200794,29.081388,30.187056,33.463593,35.701595,35.192574,37.363358,39.19373,36.079617,36.858982,40.86724,36.032166,33.195114,33.34448,30.424242,28.452871,31.469048,24.605654,27.60489,23.485657,22.411057,17.045155,20.556028,18.412426,21.047964,22.283405,24.523563,27.238953,29.464111,32.935406,33.625267,33.585983,34.2248,31.534016,27.217537,25.454895,21.686884,22.8203,17.62348,19.4662,16.585571,17.186802,16.497261,17.04231,12.419459,10.72203,12.499217,11.922431,7.4245095,9.566526,11.762764,10.21086,13.147184,14.864152,13.857707,20.125536,17.968245,21.461695,23.374077,26.123919
31,38.70033,34.847763,36.273838,32.707424,29.739595,34.092766,27.559721,31.999887,29.127354,31.992577,31.81585,33.858925,37.55888,37.824287,37.20676,32.91059,34.341873,30.375616,32.30916,28.699846,30.341726,31.987696,30.787636,25.49085,25.377699,22.25145,20.500433,16.934498,12.379221,8.480945,4.875829,0.0,4.988271,9.104027,11.922761,14.318753,17.254892,17.164108,17.772179,16.881922,13.640661,13.822761,13.409594,13.614319,15.301457,17.872398,21.141685,24.78446,26.80892,31.934834,32.555614,36.19555,38.124325,37.032295,39.251106,40.770138,37.393635,37.736225,41.457516,36.4431,33.792404,34.041416,31.850126,29.68947,33.34685,26.114233,29.280697,25.582886,23.43339,18.165901,20.975435,18.45712,21.71075,21.892315,24.678413,26.424837,28.932913,32.277847,33.00337,32.611725,33.71115,31.5113,27.171886,25.991488,22.614368,24.580389,19.696184,22.585608,20.304874,21.360569,21.033623,21.66225,16.94016,14.775516,15.617048,14.869021,10.884129,12.598122,13.116104,11.258317,14.194133,14.676694,13.798809,19.591793,17.93122,20.55579,22.962263,25.10049
32,42.911602,38.99873,40.002045,36.479813,33.24209,37.20211,30.42384,34.154045,30.989357,33.27135,32.82808,34.356503,38.39331,38.927578,38.86906,34.8589,36.7793,33.086296,35.501537,32.162525,34.226273,36.118294,35.120083,29.709448,30.072622,26.82979,25.410925,21.889711,17.322971,13.340466,9.622202,4.988271,0.0,5.909172,7.9319115,9.956522,13.34631,14.048264,15.211331,15.178109,12.82846,13.877208,15.056525,15.448392,18.257803,21.479675,24.486235,28.408632,29.906559,35.252483,35.286568,39.161484,40.630283,39.167564,41.175846,42.259953,38.87035,38.757828,42.359104,37.346115,34.764828,35.514996,33.940533,31.896257,36.189625,28.85041,32.393177,29.180573,26.378487,21.164654,23.065424,19.99344,23.275097,22.465872,25.324955,26.122238,28.473986,31.704222,32.18289,31.308157,32.695538,31.216831,26.766102,26.328556,23.619513,26.0404,21.89697,25.672646,23.806284,25.400187,25.19878,25.658468,20.915686,18.448338,18.342175,17.245747,14.2220745,15.846989,14.725291,12.418208,14.785932,14.094588,13.710895,18.501368,17.93916,19.519522,22.555029,24.085846
33,42.54417,38.56674,38.777416,35.43094,31.79969,35.132877,28.158176,30.977985,27.695053,29.292057,28.835789,29.879019,34.13911,35.059128,35.270573,31.8467,34.138206,30.895191,33.853752,30.926579,33.71757,35.79547,35.480846,29.944893,31.411486,27.694279,27.518759,24.430733,19.848896,15.78291,12.352055,9.104027,5.909172,0.0,5.72954,6.11853,9.384727,10.08178,10.015109,10.649312,7.9893312,11.319296,12.856861,14.635222,17.242437,21.73777,23.781757,28.412514,28.902843,34.462826,33.728725,37.655426,38.46237,36.998917,38.448555,39.033794,36.000652,35.576572,39.46408,34.73208,31.913927,33.736393,32.3224,30.907547,35.779655,28.7179,33.114334,30.45599,27.794668,22.20555,23.124956,19.17021,21.467728,20.255615,22.297941,22.849888,24.33662,27.654678,27.559435,26.355185,27.546526,26.607086,21.888239,22.033476,20.091223,22.479008,19.495663,24.093782,22.735687,25.15935,25.181412,25.543598,20.928421,17.999874,16.557388,15.5509815,13.80476,15.044761,12.001681,9.758097,11.95282,9.465158,9.287866,13.00668,13.569827,14.512319,18.101418,19.557646
34,46.40709,42.352196,42.693016,38.903442,35.499664,38.441956,31.724743,33.98886,30.193844,31.679192,30.44534,31.27793,35.593975,36.24921,37.34716,33.58923,36.356327,33.198376,36.369823,33.714012,36.383636,39.03516,38.205246,32.719673,34.294945,31.137798,30.66255,27.46222,23.080484,18.976244,16.014389,11.922761,7.9319115,5.72954,0.0,4.080373,5.683076,6.636294,9.180754,9.9360285,10.88467,11.37531,15.154414,15.282657,19.740889,23.48426,25.888306,29.973385,30.434479,35.941208,34.901108,39.121536,39.78404,37.58695,39.323788,39.746853,36.274708,35.45312,38.666557,33.775787,31.4396,32.887405,32.392868,30.65125,35.90751,28.749264,32.98912,30.898687,27.29918,22.31777,22.411642,18.621086,21.556786,19.240524,22.07353,21.338577,23.567745,26.420778,26.806822,25.501211,27.482965,26.769571,22.74201,23.239298,21.565544,24.989151,22.002094,26.967587,26.310453,28.686884,29.258942,30.190676,25.47077,22.330564,21.021515,20.757998,18.340431,18.720518,15.757657,14.860448,17.5344,14.2687435,13.35295,15.756518,15.516954,15.198719,18.460957,18.813667
35,48.025013,44.007,43.946102,40.499165,36.825386,39.621765,32.73977,34.655342,31.031042,31.984018,30.987616,31.390577,35.86618,36.9271,38.004017,34.819748,37.65676,34.768375,38.123234,35.5755,38.576702,41.03003,40.660816,35.132782,36.92318,33.39025,33.26153,30.138662,25.620571,21.508114,18.18364,14.318753,9.956522,6.11853,4.080373,0.0,4.4915957,7.116659,8.540209,10.642981,11.10778,13.735935,17.06212,18.19368,21.956547,26.3337,28.285984,32.771458,32.85616,38.43387,37.126892,41.268417,41.60659,39.58676,40.904137,41.00373,37.887276,36.89418,40.342632,35.69935,33.192974,35.34038,34.831135,33.465183,38.8751,31.883862,36.415874,34.361214,30.992981,25.82416,25.787231,21.693907,24.024418,21.645393,23.816193,22.921257,24.325125,27.196503,26.956778,25.185133,26.941742,26.960407,22.628164,23.714626,22.690548,25.72154,23.551579,28.70583,27.952808,30.619078,30.937502,31.431946,26.862108,23.791323,21.963028,21.138002,19.726858,20.5139,16.847008,15.22628,16.896437,13.327002,13.328508,14.580908,16.043581,15.132981,18.985348,19.208542
36,49.031956,44.967983,44.710167,41.02551,37.44162,39.675297,33.057693,34.230865,30.271873,30.93493,29.388084,29.514664,33.99413,34.94901,36.704655,33.52383,36.757496,34.144047,37.775608,35.621967,38.768456,41.661053,41.224434,35.772255,38.089737,34.792747,35.024094,32.084785,27.779593,23.714714,20.926497,17.254892,13.34631,9.384727,5.683076,4.4915957,0.0,3.5792139,6.3414845,8.615077,11.621138,12.881158,17.275421,17.907064,22.370558,26.594711,28.291208,32.59867,32.2353,37.73863,35.949863,40.21983,40.20335,37.75324,39.019367,38.841614,35.622536,34.288506,37.388985,32.84127,30.573957,32.908436,33.01165,31.771807,37.531918,30.793459,35.520287,34.089806,30.40339,25.564379,24.634449,20.447159,22.529959,19.44274,21.589586,19.81492,21.268131,23.802622,23.696222,21.835993,24.043518,24.29864,20.526628,21.973537,21.441195,25.059458,23.367426,28.86262,28.81251,31.684902,32.4949,33.41779,28.899937,25.574001,23.476757,23.387924,21.841202,21.842266,17.85127,17.416908,19.617155,15.21315,14.480384,14.462376,15.318822,13.329482,16.830444,16.224995
