,0,1,2,3,4,5,6,7,8,9,10,11,12,13,14,15,16,17,18,19,20,21,22,23,24,25,26,27,28,29,30,31,32,33,34,35,36,37,38,39,40,41,42,43,44,45,46,47,48,49,50,51,52,53,54,55,56,57,58,59,60,61,62,63,64,65,66,67,68,69,70,71,72,73,74,75,76,77,78,79,80,81,82,83,84,85,86,87,88,89,90,91,92,93,94,95,96,97,98,99,100,101,102,103,104,105,106,107,108,109
0,0.0,4.0509057,6.840337,10.011742,12.957988,16.331083,18.556417,22.583063,26.268198,28.327215,33.9449,33.597767,36.921776,40.430225,36.39053,32.813152,30.57381,28.33978,23.572817,22.735462,18.68998,18.311726,13.528733,16.026087,14.111335,18.881676,19.072311,20.026194,20.200981,25.209833,22.724878,30.410536,28.318453,34.309685,34.197132,37.10258,38.61906,37.56349,37.957382,35.249454,36.093956,29.504978,30.939226,25.619001,28.973621,24.433895,29.150753,23.96857,25.761532,27.993492,30.53699,30.48658,34.904636,38.4987,35.787495,33.000103,36.352455,37.958305,43.569736,42.586143,39.213936,40.41288,37.102898,39.03311,38.165714,40.40351,37.483017,33.310097,29.437025,33.799576,27.566013,31.797169,31.166494,34.123875,34.6119,38.250137,40.297222,41.044292,44.13879,47.34167,49.884266,48.854534,45.373066,42.778107,40.195168,40.5645,35.515125,36.454567,32.85106,34.730164,32.183617,27.563873,31.382584,25.24668,30.764904,31.927242,31.990213,27.818968,31.205708,24.384192,28.265488,25.557564,24.239794,28.401222,29.196632,34.156567,32.73002,37.477,38.415718,42.201912
1,4.0509057,0.0,4.89343,6.326257,9.770209,12.512701,15.443352,19.21261,22.860125,25.255434,30.544243,30.625103,33.777527,37.30877,33.5252,29.743788,27.805367,25.597055,21.131302,20.67018,16.485893,17.174328,12.364426,13.821568,12.9911375,17.887087,17.705963,17.78742,17.373932,22.26451,19.2635,26.786213,24.539087,30.54263,30.495445,33.28452,34.95017,34.067657,34.451813,31.888115,32.772686,26.387733,28.049263,22.911552,26.622967,22.60165,27.591946,22.977345,24.178879,26.833826,28.615206,28.798607,32.981384,36.40072,33.221535,30.316551,33.82888,35.155434,40.74957,40.00148,36.62492,38.328323,35.259644,37.532963,36.94579,39.442375,36.652706,32.828243,28.76267,32.474155,25.980394,29.719057,28.722761,31.433939,31.729492,35.10685,37.050728,37.57808,40.743904,43.873775,46.552742,45.722748,42.433224,39.901623,37.440514,38.02972,33.152893,34.459335,31.07551,33.31649,31.076254,26.451454,30.966585,25.300224,30.90199,31.888493,32.113033,27.620876,30.576706,23.89179,27.049715,24.362738,22.849417,26.674572,27.530886,32.10171,30.620398,35.325703,35.981823,39.97938
2,6.840337,4.89343,0.0,4.890385,6.7667603,10.780772,12.31434,16.039612,19.820255,21.554033,27.363075,26.787432,30.174074,33.752583,29.711172,26.381691,23.959974,22.25397,17.220087,17.255735,13.175107,13.677591,9.708883,12.380231,13.025448,17.105062,18.410763,18.2423,16.618061,22.078709,18.238695,25.996315,22.9501,29.210268,28.381119,31.47742,32.617302,31.484694,32.31314,29.502028,31.080235,24.314165,26.472294,20.97981,25.398064,21.656952,26.692919,22.840866,24.527552,27.803978,28.85894,30.121082,34.158073,36.94238,33.716663,30.569304,33.521957,34.54085,40.257164,39.030468,35.51979,37.39095,34.47933,36.579792,36.746506,38.47304,35.30075,31.573778,27.164589,30.50967,23.957106,27.697138,26.218262,29.386581,29.17037,33.154877,34.71522,35.56127,38.446537,41.854504,44.2441,43.06612,39.75721,37.49009,34.549313,35.60631,30.228933,31.780716,28.202854,30.394695,28.1525,23.621363,28.417004,23.205524,28.198397,28.761652,28.626213,24.105118,26.607435,19.732244,22.873568,19.79706,18.130772,22.053717,23.102985,27.698978,26.681509,31.313206,32.35925,36.26688
3,10.011742,6.326257,4.890385,0.0,4.0560975,6.389048,9.6009865,12.948065,16.573153,19.154646,24.237234,24.546219,27.56947,31.119387,27.536352,23.725105,21.963848,20.092115,15.857353,16.30505,12.173581,14.433995,10.635619,10.985635,12.877672,16.937172,17.30525,16.004982,13.767533,18.763025,14.335257,21.756248,18.679544,24.908504,24.402145,27.268251,28.774101,27.94235,28.599955,26.06436,27.481403,21.148275,23.485292,18.446524,23.113205,20.142122,25.384531,22.192999,22.923267,26.482138,26.710968,27.992077,31.680555,34.350765,30.572832,27.368933,30.62988,31.34165,36.960228,36.183567,32.733223,35.21056,32.60768,35.178986,35.477535,37.743313,34.909348,31.662165,27.22823,29.75932,23.025522,25.985716,24.159859,26.79287,26.465933,29.872732,31.411503,31.861202,34.932613,38.15379,40.813194,40.01459,36.969578,34.70308,32.10811,33.297894,28.379078,30.339226,27.190645,29.861235,28.08308,23.633669,29.122154,24.505957,29.681799,30.17621,30.407738,25.612873,27.654337,21.309164,23.30471,20.564861,18.774796,22.00339,22.99984,26.943542,25.63351,30.1807,30.656538,34.860355
4,12.957988,9.770209,6.7667603,4.0560975,0.0,5.6594825,5.7613125,10.061635,13.363671,15.999881,21.201746,21.189108,24.24851,27.600786,23.785273,20.007565,18.093184,16.165236,11.805509,12.468804,8.457616,11.344159,8.662229,8.922828,12.379173,15.399826,16.766338,15.14434,11.825499,17.124876,12.1943865,19.764872,16.341911,22.625547,21.659973,24.83685,25.917501,24.758224,25.563835,22.796993,24.575846,17.93301,20.567453,15.319743,20.491678,17.945919,23.136211,20.812029,21.733025,25.775536,25.26098,27.468414,30.934359,33.002113,29.247124,25.890326,28.615297,29.086966,34.76181,33.603107,30.076303,32.68132,30.254456,32.73633,33.64203,35.39708,32.39093,29.391977,24.770075,26.766651,20.036682,22.797258,20.621674,23.51661,22.90705,26.72582,28.097515,28.846344,31.732117,35.13443,37.56577,36.514114,33.381985,31.22344,28.377956,29.776842,24.611982,26.740118,23.567085,26.303442,24.669725,20.361803,26.198711,22.225718,26.974117,27.183466,27.398304,22.531876,24.139585,18.0917,19.535309,16.94656,15.241137,18.228014,19.08479,22.998772,21.57993,26.126745,26.655613,30.834108
5,16.331083,12.512701,10.780772,6.389048,5.6594825,0.0,7.1655955,7.794764,11.3134575,14.332141,18.58147,19.747078,22.365875,26.03609,23.122387,19.250406,18.122217,16.987011,13.795202,15.693428,12.330046,16.299612,14.076385,12.784937,16.575033,19.61358,19.847918,17.18084,13.409386,17.428398,11.41542,17.611559,13.326473,19.69939,18.75629,21.418688,23.015543,22.601448,23.594309,21.398256,23.406862,17.78131,20.942776,16.722132,22.14509,20.77396,25.940346,24.309818,24.17069,28.257036,26.934925,28.898415,31.866549,33.844173,29.336367,25.99283,29.1382,29.047773,34.448223,33.99216,30.615095,34.099922,32.158997,35.145473,36.18249,38.48456,35.85204,33.35482,28.820242,29.931786,23.278154,24.943335,22.146599,24.249865,23.102026,26.045813,26.990711,27.009575,30.043064,33.203125,36.013706,35.52031,33.008385,31.125154,28.613941,30.580456,26.00763,28.821766,26.241545,29.41375,28.326967,24.320591,30.59089,27.193213,31.844595,31.88592,32.1707,27.275827,28.22642,22.663626,23.092617,20.457523,18.37197,20.430122,21.654701,24.317638,23.3641,27.470175,27.52017,31.99939
6,18.556417,15.443352,12.31434,9.6009865,5.7613125,7.1655955,0.0,6.571589,8.4113865,11.808509,16.397346,16.491123,19.263245,22.211245,18.37257,14.312526,12.695941,10.561797,6.9884605,8.62366,5.863363,10.543443,10.336744,9.101975,14.345145,15.627299,17.603998,15.139354,10.306762,15.004016,9.266893,16.108154,12.1635065,18.26897,16.730215,20.216406,20.811293,19.317743,20.267931,17.325218,19.642147,12.928747,16.226284,11.257187,17.234505,16.119473,20.990591,20.442375,21.01505,25.617916,23.654886,27.026562,29.872639,30.992533,27.042253,23.549072,25.575785,25.455753,31.037264,29.611145,26.06946,29.220745,27.31441,29.889397,31.714397,33.021328,30.040321,27.759106,23.053051,23.666668,17.148537,18.87079,15.857207,18.738028,17.50604,21.579386,22.612797,23.57428,26.258478,29.813171,32.053276,30.856838,27.7837,25.827677,22.812992,24.676418,19.481659,22.177351,19.352316,22.445671,21.409752,17.610336,24.101027,21.581652,25.579401,25.335047,25.710165,20.831894,21.416325,16.543003,16.240646,14.327989,12.854786,14.622343,15.148626,18.3452,16.568865,20.957102,21.159283,25.475952
7,22.583063,19.21261,16.039612,12.948065,10.061635,7.794764,6.571589,0.0,4.5771036,6.592488,11.38877,11.956465,14.729159,18.57866,15.648371,12.559155,11.107667,11.921111,9.383817,13.430617,11.884453,16.251352,16.567589,15.583947,20.735548,22.153755,23.769043,20.799696,15.723659,19.220795,12.548373,16.999716,10.993679,17.084322,14.117486,17.260696,17.618681,16.890665,19.021852,16.631329,20.328438,15.000817,19.275253,15.624788,21.854555,21.923635,26.536985,26.707663,26.781372,31.44185,28.768932,32.189003,34.559105,35.325676,30.778227,27.304163,29.305449,28.381598,33.554413,32.524544,29.160099,33.2192,31.94037,34.741108,37.061863,38.30687,35.43106,33.606068,28.919558,28.620913,22.51175,23.14113,19.143148,21.449266,18.874453,22.45222,22.253174,22.631683,25.008875,28.580416,30.893171,29.969927,27.788597,26.651457,23.449337,26.670393,21.751698,25.437693,23.167208,26.446234,25.955454,22.750364,29.404198,27.602999,30.9134,30.174488,30.127647,25.485594,24.929754,20.471462,19.23659,16.617207,14.371214,14.869727,16.432716,17.64332,17.71547,21.159658,21.43536,25.916067
8,26.268198,22.860125,19.820255,16.573153,13.363671,11.3134575,8.4113865,4.5771036,0.0,5.763081,8.086593,9.632499,11.575723,14.786777,12.154163,8.390419,8.177728,9.02233,8.987944,12.973623,12.715126,17.370586,18.506973,16.647411,22.19542,22.714413,24.35534,21.006659,15.614991,18.066895,11.720294,14.424352,8.296559,13.614859,10.040348,13.487732,13.389522,12.36894,14.622124,12.229055,16.41599,11.788459,16.389153,13.790008,19.88452,21.116764,25.20902,26.54347,26.23157,31.04061,27.453997,31.46963,33.30486,33.389133,28.784409,25.365337,26.81918,25.414473,30.31551,29.220707,25.981789,30.450552,29.65798,32.534843,35.382725,36.454807,33.79287,32.58756,28.0804,26.744816,21.171253,20.755768,16.305273,18.12557,15.014907,18.376637,17.810162,18.231306,20.472296,24.10592,26.333994,25.422373,23.38508,22.429611,19.325785,22.896545,18.422588,22.515759,20.848843,24.328701,24.425657,21.809261,28.573921,27.775078,30.65353,29.742926,29.977192,25.488401,24.35326,21.125788,18.650383,17.046003,15.361138,14.648601,15.610837,15.7721405,15.272251,18.254253,17.868952,22.44889
9,28.327215,25.255434,21.554033,19.154646,15.999881,14.332141,11.808509,6.592488,5.763081,0.0,6.9563193,5.561198,8.870502,13.207308,10.479778,9.632055,7.6400356,11.679378,10.436955,15.515944,15.5741,19.321283,21.135698,20.633276,26.054823,26.596527,28.972586,26.03019,20.672005,23.629519,17.314857,20.000404,13.706614,18.337244,13.71318,16.76465,15.62722,14.726879,18.115559,15.872818,20.950016,16.657053,21.310856,18.52719,24.692545,25.678102,29.65596,30.939661,31.211887,36.060894,32.67725,36.885826,38.841667,38.79506,34.357925,30.940105,32.05781,30.537653,35.288883,33.842228,30.643833,34.987434,34.267086,36.793285,40.011898,40.37675,37.35177,36.05195,31.41846,30.109968,24.815134,24.644651,19.957628,22.264484,18.503815,22.386013,20.923212,21.61162,23.063429,26.880327,28.558592,27.205803,25.560108,25.358686,21.547768,25.98093,20.997005,25.285503,23.413969,26.511446,26.535809,24.234211,30.741169,30.203722,32.26141,30.865908,30.412094,26.285608,24.362246,21.151072,18.60767,16.077585,13.879109,12.456287,14.481396,13.491426,15.415592,17.6276,18.365744,22.558472
10,33.9449,30.544243,27.363075,24.237234,21.201746,18.58147,16.397346,11.38877,8.086593,6.9563193,0.0,5.5764303,4.7860975,8.481557,8.637166,8.093595,9.37019,13.205661,14.961803,19.33544,20.11236,24.339325,26.237036,24.51433,30.13632,30.19638,31.949444,28.402004,23.00636,24.36275,18.598701,18.312916,12.4167,14.732745,9.283305,11.486215,9.544684,9.429414,13.526353,12.410972,17.939947,16.130936,20.71141,19.852728,25.339289,27.758018,31.134985,33.567837,32.991596,37.823242,33.378757,37.817326,38.961105,38.21036,33.467445,30.297579,31.039938,28.73791,32.71967,31.74548,28.97493,34.094177,34.181843,36.995907,40.637917,41.21491,38.72876,38.274956,33.996807,31.439407,26.903372,25.26363,20.297407,21.276785,16.9176,19.302948,16.807451,16.772127,17.801018,21.321327,23.078506,22.298752,21.682423,22.141994,19.025736,24.085718,20.57212,25.345352,24.626982,27.959341,28.82251,27.231625,33.75329,34.16691,36.015923,34.56072,34.53077,30.592754,28.188366,26.306896,22.651289,21.323034,19.722734,17.296968,18.519606,15.782621,17.08105,17.982914,17.381075,21.478607
11,33.597767,30.625103,26.787432,24.546219,21.189108,19.747078,16.491123,11.956465,9.632499,5.561198,5.5764303,0.0,4.042779,8.361448,6.299948,8.392742,7.091176,12.699708,13.272458,18.10796,19.280455,22.661102,25.328905,24.732336,30.297398,30.107382,32.81758,29.820768,24.380516,26.683546,20.926716,22.155249,16.336472,19.372032,14.02947,16.712704,14.278868,13.146277,17.237942,15.346439,21.083027,18.068691,22.629961,20.853813,26.570782,28.399904,31.717716,33.991104,34.233685,39.15074,35.123173,39.906826,41.41858,40.65254,36.3722,33.0927,33.454044,31.458984,35.701782,33.975952,31.035736,35.559547,35.385067,37.698715,41.60135,41.34876,38.37779,37.66909,33.25246,30.978851,26.586521,25.571974,20.5954,22.572577,18.096397,21.835732,19.37447,20.325354,20.856209,24.727188,25.761663,24.064875,22.970093,23.608006,19.5489,24.819248,20.259161,24.873005,23.618591,26.51377,27.117247,25.712322,31.921392,32.534283,33.650093,31.833008,31.28104,27.679737,24.75474,23.03426,19.33987,17.594849,15.962551,12.966232,14.668634,11.349529,14.384416,15.03137,15.800812,19.52578
12,36.921776,33.777527,30.174074,27.56947,24.24851,22.365875,19.263245,14.729159,11.575723,8.870502,4.7860975,4.042779,0.0,4.931985,5.71891,8.469911,9.122755,14.178999,16.1606,20.582428,22.068731,25.687424,28.374329,27.182362,32.83895,32.3935,34.801662,31.522339,26.091738,27.590687,22.193254,21.956894,16.564259,18.255377,12.715758,14.77402,11.7089615,10.89218,15.311329,14.114003,19.98369,18.401596,22.80681,22.064281,27.341925,29.912243,32.866177,35.76002,35.580418,40.471188,35.892185,40.811234,41.87825,40.696754,36.31569,33.19948,33.28939,30.874746,34.625805,33.11162,30.450457,35.34382,35.637917,38.06175,42.22002,42.025097,39.356194,39.133,34.938747,31.975012,28.070745,26.265244,21.208204,22.44277,17.680967,20.55284,17.42735,18.065575,18.127907,21.80491,22.707998,21.246168,20.846699,21.997185,18.338087,23.985807,20.348364,25.168211,24.598284,27.565157,28.644846,27.666256,33.817368,34.96591,35.94017,34.092922,33.77735,30.316492,27.15642,26.175053,21.95487,20.882574,19.568127,16.243998,17.433655,13.316089,15.803418,15.547088,15.474939,18.983442
13,40.430225,37.30877,33.752583,31.119387,27.600786,26.03609,22.211245,18.57866,14.786777,13.207308,8.481557,8.361448,4.931985,0.0,5.3278294,8.858991,10.78653,14.968929,18.3604,22.032839,24.228827,27.667166,30.78447,29.223116,34.875416,33.76376,36.24655,32.949787,27.65991,28.449396,23.914461,22.570173,18.297646,18.497858,13.313915,14.974031,11.060451,9.658348,13.822765,13.061172,18.753922,18.49992,22.378756,22.674011,27.174597,30.474525,32.71914,36.47461,36.141605,40.963078,35.851048,41.178314,41.786594,39.953846,35.863205,32.976173,32.348583,29.610788,32.79498,31.05727,28.7265,33.643696,34.443142,36.687046,41.309837,40.73446,38.304893,38.693752,34.85734,31.045927,28.072683,25.459942,20.515846,21.170523,16.233269,18.577747,14.802298,15.79944,14.93104,18.55221,18.772226,16.965212,17.011425,18.830196,15.35571,21.342987,18.63269,23.438528,23.633587,26.418148,28.05768,27.83386,33.605732,35.675537,36.108456,34.136818,34.06527,30.984898,27.420145,27.696728,22.754223,22.727,22.040836,18.214771,18.594824,13.7453375,15.429509,13.943191,13.048165,15.957386
14,36.39053,33.5252,29.711172,27.536352,23.785273,23.122387,18.37257,15.648371,12.154163,10.479778,8.637166,6.299948,5.71891,5.3278294,0.0,5.673939,5.9684105,10.70576,13.591809,17.269558,19.678616,22.718008,26.173124,25.12286,30.700735,29.45441,32.478703,29.568628,24.278734,25.864649,21.275259,21.563646,17.149836,18.759274,13.768412,16.56042,13.250577,10.867998,14.543655,12.473625,18.152092,15.988507,19.99005,19.220833,24.076859,26.726465,29.141098,32.531647,32.760803,37.641666,33.02598,38.463623,39.536297,38.001278,34.21189,31.13293,30.535145,28.32263,32.167255,29.889786,27.167503,31.521706,31.786005,33.78637,38.295315,37.424736,34.602463,34.564823,30.527267,27.234713,23.941465,22.042963,17.083466,18.774698,13.99781,17.948257,15.139211,16.990458,16.808397,20.869041,21.181871,18.78664,17.39568,18.36959,13.995432,19.614399,15.455575,20.145777,19.593819,22.30369,23.557154,23.108799,28.909098,30.76978,31.141047,29.146044,28.948997,25.784922,22.293242,22.375338,17.4793,17.434967,16.910303,13.048735,13.28321,8.802851,10.515117,9.866039,9.937217,13.488001
15,32.813152,29.743788,26.381691,23.725105,20.007565,19.250406,14.312526,12.559155,8.390419,9.632055,8.093595,8.392742,8.469911,8.858991,5.673939,0.0,4.5035996,6.3352203,10.555287,13.632863,15.800571,19.553848,22.428196,20.492071,26.116749,24.944675,27.420261,24.253126,18.975502,20.24521,15.78158,16.09734,12.054564,14.0329895,9.686665,13.159913,10.807644,7.9526663,10.72153,7.8973746,13.369679,10.463064,14.717454,13.98904,19.00155,21.794687,24.461565,27.748838,27.55992,32.43819,27.754963,33.001938,34.09287,32.807007,28.816574,25.660427,25.439037,23.379972,27.614607,25.6314,22.688206,27.237465,27.282942,29.688967,33.774204,33.663437,31.071302,30.915094,26.833246,23.725973,19.8225,17.82317,12.767221,14.250708,9.710316,13.7767105,11.981533,13.697258,14.705278,18.816626,19.99871,18.16794,16.021832,15.824467,11.962791,16.736187,12.550924,17.312922,16.685017,19.98773,21.126554,20.0694,26.36442,27.65727,29.021036,27.551443,27.944458,24.197515,21.70263,21.08585,16.578728,16.849886,16.371145,13.603725,13.309576,11.235372,9.954337,11.354596,10.086138,14.598264
16,30.57381,27.805367,23.959974,21.963848,18.093184,18.122217,12.695941,11.107667,8.177728,7.6400356,9.37019,7.091176,9.122755,10.78653,5.9684105,4.5035996,0.0,5.980409,7.6476855,11.683787,13.779783,16.953695,20.232227,19.412413,24.957714,23.982239,27.156523,24.479723,19.182394,21.661575,16.76636,18.9712,14.366843,17.698729,13.387354,16.9902,14.874981,12.337934,15.146765,12.128773,17.193058,12.777807,17.00149,14.753797,20.283808,21.995808,25.021961,27.575548,28.13846,33.05519,29.106102,34.270863,35.9001,35.018448,31.27769,27.980688,27.930267,26.364746,30.97359,28.637926,25.48326,29.41112,28.94314,31.010483,34.945118,34.421646,31.337906,30.604471,26.228653,23.94613,19.626806,18.79949,13.948807,16.628098,12.5949135,17.571104,16.20331,18.147396,19.100431,23.245716,24.199812,21.986078,19.541216,19.26092,14.853903,19.292957,13.903621,18.245417,16.637114,19.598724,20.123938,18.72253,24.979378,25.857464,26.993958,25.33475,25.222473,21.456873,18.836239,17.586824,13.383418,12.835631,12.113273,9.230976,9.484172,7.941074,8.0974245,10.341729,10.904939,15.163587
17,28.33978,25.597055,22.25397,20.092115,16.165236,16.987011,10.561797,11.921111,9.02233,11.679378,13.205661,12.699708,14.178999,14.968929,10.70576,6.3352203,5.980409,0.0,6.0406137,7.4871473,10.189698,13.66878,16.77403,14.949526,20.414867,18.851706,21.878412,19.231283,14.156498,16.393316,12.573598,15.373098,12.462471,15.745235,13.124391,16.954094,15.725515,12.779623,13.801816,10.229421,13.676405,7.834018,11.583827,8.939793,14.344788,16.1563,19.085516,21.888577,22.309652,27.212795,23.19828,28.507835,30.159866,29.313023,25.844973,22.547808,22.420832,21.27694,26.246588,23.745018,20.385855,23.971811,23.196413,25.375349,29.06369,28.893433,25.961006,25.221804,20.903214,18.635252,13.979238,13.132091,8.418186,11.530128,8.597761,14.105276,14.307684,16.573612,18.255733,22.219824,23.489017,21.428734,18.040041,16.54907,12.710197,15.550064,9.944976,13.817908,12.004359,15.429872,15.891124,14.113551,20.676922,21.426886,23.285326,22.164495,22.85709,18.735256,17.179102,16.04327,12.087674,12.942014,13.040662,11.570554,10.354469,11.43006,7.636809,11.426613,10.717178,15.140571
18,23.572817,21.131302,17.220087,15.857353,11.805509,13.795202,6.9884605,9.383817,8.987944,10.436955,14.961803,13.272458,16.1606,18.3604,13.591809,10.555287,7.6476855,6.0406137,0.0,5.232283,6.375079,9.540566,12.624554,12.567982,17.860193,17.264185,20.878136,18.88386,13.955865,18.042486,13.3531065,18.597261,14.725475,19.664345,16.933044,20.798574,19.997633,17.599419,19.11184,15.675818,19.003408,12.313384,15.827854,11.238186,17.141499,16.907133,20.746965,21.746529,23.046612,27.856659,25.194897,29.825161,32.296295,32.36524,28.992434,25.558655,26.18765,25.70451,31.057257,28.632074,25.11331,28.04616,26.51633,28.461718,31.438272,31.284044,27.866314,26.057926,21.311684,20.875288,15.255178,16.521206,12.802679,16.594868,14.474365,19.866152,20.235373,22.18714,24.034615,27.999113,29.396048,27.332615,24.003868,22.51784,18.555614,21.060373,14.942386,17.92076,14.908618,17.741056,16.996193,14.078871,20.594265,19.779816,22.097345,21.057955,21.087063,16.567684,15.732438,12.230498,10.11216,8.816809,8.065128,8.449969,8.3603945,11.689302,9.877971,14.333176,15.272267,19.295425
19,22.735462,20.67018,17.255735,16.30505,12.468804,15.693428,8.62366,13.430617,12.973623,15.515944,19.33544,18.10796,20.582428,22.032839,17.269558,13.632863,11.683787,7.4871473,5.232283,0.0,4.2061744,6.309015,9.945927,9.50059,14.34209,12.684056,16.89921,15.51653,11.33723,15.57473,12.701726,18.52346,16.438034,20.873985,19.334488,23.155502,22.669403,19.97085,20.408924,16.869215,18.735533,11.626254,13.723407,8.454604,13.415492,12.350071,15.994151,16.90726,18.698425,23.403166,21.122004,25.915216,28.568521,28.690565,25.984297,22.677,23.035006,23.203209,28.705761,25.914145,22.34132,24.37061,22.364285,24.029043,26.732372,26.492064,22.986265,20.919462,16.13906,16.280703,10.346106,12.685994,10.236226,14.484343,13.902832,19.318872,20.753864,23.038063,25.075205,28.828173,30.164217,28.016102,24.055433,21.855623,18.372337,19.347239,13.319614,15.026156,11.482724,14.136322,12.892109,9.343063,15.976361,14.927196,17.800446,17.264675,18.000994,13.25525,13.659232,10.565239,9.1167,9.754515,10.391391,11.573805,10.068759,14.585045,10.686008,15.53339,16.00647,19.598581
20,18.68998,16.485893,13.175107,12.173581,8.457616,12.330046,5.863363,11.884453,12.715126,15.5741,20.11236,19.280455,22.068731,24.228827,19.678616,15.800571,13.779783,10.189698,6.375079,4.2061744,0.0,5.1139503,6.638897,6.4969316,11.519162,11.355051,15.003414,13.660963,9.596917,14.839902,11.321884,18.40624,16.019424,21.282743,20.079739,23.788898,23.914482,21.6887,22.142319,18.789604,20.449175,13.163155,15.343598,9.563455,14.728061,12.568016,17.10887,16.473307,18.184025,22.755127,21.287212,25.202948,28.30406,29.224537,26.226936,22.849684,24.125149,24.582994,30.274786,28.030924,24.421461,26.496775,24.155579,26.104628,27.990477,28.544918,25.179905,22.561867,17.747545,19.016176,12.509621,15.451383,13.399713,17.152824,16.819212,21.657139,23.266403,25.027803,27.464283,31.101322,32.8638,31.106155,27.345633,25.031921,21.855051,22.769821,17.113312,18.771585,15.296531,17.88809,16.296572,12.166377,18.418468,15.785545,19.7528,19.669876,20.270853,15.339137,16.63895,11.919634,12.212605,11.386251,11.126131,13.457947,12.874566,17.505974,14.505372,19.328735,19.831114,23.625406
21,18.311726,17.174328,13.677591,14.433995,11.344159,16.299612,10.543443,16.251352,17.370586,19.321283,24.339325,22.661102,25.687424,27.667166,22.718008,19.553848,16.953695,13.66878,9.540566,6.309015,5.1139503,0.0,5.298793,8.404702,11.321448,10.456954,15.515678,15.64366,12.981332,18.280754,15.969452,23.079054,21.09325,26.148727,24.898521,28.66816,28.512049,26.028488,26.480453,23.001451,24.489069,17.26105,18.718637,13.00471,16.868626,13.558468,17.434439,15.993486,19.016266,23.124933,22.716633,26.555485,30.002357,31.022814,28.861929,25.690844,26.545269,27.491573,33.126152,30.350004,26.799536,27.834438,25.080587,26.273365,27.960243,27.702587,23.873894,20.60418,15.800201,18.369139,12.451516,16.697872,15.677391,19.888386,20.018211,25.231546,26.974136,29.15665,31.332338,35.02419,36.421257,34.248222,30.164793,27.808895,24.428581,24.823488,18.88981,19.556572,15.501163,17.109203,14.664831,10.307622,15.443053,11.959653,15.782173,15.851779,16.189379,11.293143,13.732536,8.230517,10.622008,10.041628,10.6473465,13.870376,12.908693,18.60543,15.685615,20.473902,21.665094,24.801374
22,13.528733,12.364426,9.708883,10.635619,8.662229,14.076385,10.336744,16.567589,18.506973,21.135698,26.237036,25.328905,28.374329,30.78447,26.173124,22.428196,20.232227,16.77403,12.624554,9.945927,6.638897,5.298793,0.0,5.6794267,7.176087,8.70402,12.477037,12.955604,11.319622,17.037231,14.933644,22.761251,21.119116,26.54871,26.017113,29.54897,30.120462,28.078651,28.22706,24.996405,25.893406,18.735025,19.930906,14.139599,17.686396,13.4372225,18.01785,14.815197,17.509916,21.237028,21.855547,24.499954,28.400537,30.34895,27.991379,24.878365,26.703115,28.035072,33.777576,31.65961,28.13253,29.166195,26.083803,27.667902,28.301037,29.204536,25.7897,22.117933,17.572895,21.031416,14.710756,19.118675,18.527348,22.127192,22.73774,27.22102,29.357141,31.00818,33.65525,37.11656,39.00383,37.323826,33.364532,30.724604,27.863453,27.935556,22.559675,23.183416,19.409203,21.238657,18.799053,14.18331,18.853762,13.929174,19.133062,19.904833,20.496,15.777791,18.874207,13.043694,15.891759,14.72617,14.570522,18.15407,17.720058,23.12107,20.312548,25.16795,25.94528,29.39663
23,16.026087,13.821568,12.380231,10.985635,8.922828,12.784937,9.101975,15.583947,16.647411,20.633276,24.51433,24.732336,27.182362,29.223116,25.12286,20.492071,19.412413,14.949526,12.567982,9.50059,6.4969316,8.404702,5.6794267,0.0,5.6795306,6.8877463,8.868538,7.8349257,5.6900835,11.389279,9.990506,17.681232,17.134748,22.064388,22.442667,25.73231,26.771719,24.879486,24.339848,21.379456,21.397581,14.62047,15.321943,9.889309,13.174847,9.359785,14.519243,11.957258,13.248286,17.44215,17.134863,19.868195,23.485601,25.394573,22.587559,19.406998,21.617712,22.915499,28.665592,27.025219,23.538462,25.028393,22.11502,24.35952,24.878916,26.770924,23.96827,20.93941,16.568762,19.046087,12.408249,15.916911,15.467999,18.248888,19.398153,23.034567,25.632303,26.9344,29.907173,33.053204,35.264168,34.045986,30.178165,27.229853,25.082972,24.721598,20.207346,20.959793,17.859823,20.326525,18.559544,14.121901,19.46815,15.453764,21.028383,21.94983,23.289177,18.491255,21.122011,16.5658,17.716854,17.452396,17.340824,19.942284,19.162104,23.776815,20.043549,24.818909,24.601126,28.341875
24,14.111335,12.9911375,13.025448,12.877672,12.379173,16.575033,14.345145,20.735548,22.19542,26.054823,30.13632,30.297398,32.83895,34.875416,30.700735,26.116749,24.957714,20.414867,17.860193,14.34209,11.519162,11.321448,7.176087,5.6795306,0.0,5.2025714,5.8994446,7.80712,9.445766,14.018904,14.52328,21.856836,22.170902,26.821983,27.76512,30.876768,32.171192,30.33227,29.46174,26.624475,25.94893,19.59411,19.371477,14.509392,15.91123,10.691943,15.1150465,10.040149,12.131832,15.08703,17.050817,18.324266,22.627954,25.459185,23.520494,20.81776,23.31845,25.428658,30.985876,29.460285,26.194843,26.599092,23.107578,24.952255,24.18676,26.531952,23.92492,20.176361,16.444576,20.561512,14.668985,18.983953,19.77482,22.317957,24.238764,27.520887,30.554724,31.832653,34.895718,37.827354,40.06791,38.90553,34.85583,31.630629,29.830784,28.673418,24.56189,24.424864,21.27803,23.105604,20.864853,16.41644,20.196682,14.78338,21.181618,22.854708,24.414837,20.028963,23.768965,19.098244,21.421997,21.283491,21.401566,24.537642,23.655313,28.754997,24.889105,29.682558,29.552671,32.98898
25,18.881676,17.887087,17.105062,16.937172,15.399826,19.61358,15.627299,22.153755,22.714413,26.596527,30.19638,30.107382,32.3935,33.76376,29.45441,24.944675,23.982239,18.851706,17.264185,12.684056,11.355051,10.456954,8.70402,6.8877463,5.2025714,0.0,5.99256,8.211014,9.640063,13.405313,15.11714,21.663992,22.631197,26.5534,27.485872,30.722813,31.577356,29.291645,28.123035,25.154995,24.134176,17.948484,16.967815,12.454976,12.603674,6.9117317,10.613985,6.133386,9.582852,12.981336,14.306165,16.985289,20.940523,22.89968,21.68742,19.093472,20.508259,22.778389,28.234442,26.024477,22.797556,22.526121,18.909258,20.306665,20.001469,21.62751,18.805496,15.112583,11.268134,15.522989,10.074756,14.849401,16.517109,19.174433,21.6379,25.108402,28.369242,30.129644,32.911175,35.8291,37.678528,36.19895,31.844173,28.480787,26.784084,24.97572,21.07259,20.189661,17.095592,18.55689,16.30748,12.138169,15.463638,10.683039,17.03223,18.849508,20.958414,16.821272,20.629955,17.324257,19.017899,20.083979,20.933104,23.543535,21.953188,27.059292,22.406397,27.018463,26.708084,29.712116
26,19.072311,17.705963,18.410763,17.30525,16.766338,19.847918,17.603998,23.769043,24.35534,28.972586,31.949444,32.81758,34.801662,36.24655,32.478703,27.420261,27.156523,21.878412,20.878136,16.89921,15.003414,15.515678,12.477037,8.868538,5.8994446,5.99256,0.0,4.520343,9.104698,11.223599,14.461925,20.31739,22.417866,25.890987,27.896626,30.641167,32.241177,30.434307,28.70878,26.245224,24.277197,19.023746,17.489838,14.077924,13.2418165,8.220368,11.729776,6.332855,6.738164,9.395437,11.757871,12.445182,16.817719,19.930407,18.433836,16.146822,18.807907,21.46363,26.6988,25.540014,22.591415,22.517233,18.918224,21.049194,19.4661,22.979673,21.232803,18.064676,15.22797,18.831173,13.86139,17.33777,19.178774,20.662304,23.584885,25.793432,29.461662,30.555273,33.756058,36.202835,38.550926,37.73962,33.66565,30.061302,29.191525,27.037806,24.18881,23.481398,21.13178,22.977901,21.248852,17.407644,20.661474,16.202547,22.598291,24.590559,26.880857,22.787266,26.414982,23.01553,24.38536,25.194128,25.630789,28.130838,26.778181,31.41819,26.685852,31.21642,30.291706,33.576122
27,20.026194,17.78742,18.2423,16.004982,15.14434,17.18084,15.139354,20.799696,21.006659,26.03019,28.402004,29.820768,31.522339,32.949787,29.568628,24.253126,24.479723,19.231283,18.88386,15.51653,13.660963,15.64366,12.955604,7.8349257,7.80712,8.211014,4.520343,0.0,5.451248,6.9809055,10.301612,15.879196,18.194124,21.510477,23.762444,26.34249,28.159903,26.572636,24.748987,22.490759,20.450184,15.466456,14.183126,11.138348,11.006847,7.519485,11.824466,8.899314,7.2817817,11.085666,10.913203,12.361095,16.057667,18.753994,16.027296,13.2627535,16.471579,18.563334,23.978098,23.253946,20.191952,21.280111,18.229471,21.096788,20.273043,24.0547,22.49079,20.074066,16.910902,19.020044,13.566604,15.881562,16.927942,17.92696,20.56461,22.327396,25.90752,26.662937,30.026655,32.396034,34.987247,34.473743,30.680603,27.159843,26.461033,24.72734,22.11983,22.140245,20.172113,22.64998,21.461357,17.720045,22.097605,18.556437,24.555325,26.090508,28.290426,23.893288,26.751873,23.426933,23.918463,24.600178,24.752792,26.783278,25.58393,29.601395,24.932236,29.338589,28.036915,31.641764
28,20.200981,17.373932,16.618061,13.767533,11.825499,13.409386,10.306762,15.723659,15.614991,20.672005,23.00636,24.380516,26.091738,27.65991,24.278734,18.975502,19.182394,14.156498,13.955865,11.33723,9.596917,12.981332,11.319622,5.6900835,9.445766,9.640063,9.104698,5.451248,0.0,5.8313293,5.6087203,12.494071,13.466182,17.483713,18.928272,21.831886,23.347496,21.685028,20.37922,17.861378,16.854345,10.956924,11.067767,6.939585,9.728915,7.9178386,12.933427,12.107957,11.184372,15.748408,13.7098465,16.729715,19.645935,21.227541,17.65327,14.316353,16.97184,17.972698,23.68267,22.670752,19.27827,21.578106,19.144333,22.168777,22.801767,25.617405,23.565222,21.517056,17.603802,18.514988,12.2801,13.937557,13.4061985,14.8715725,16.458118,18.87666,21.877312,22.709778,25.992655,28.747171,31.297503,30.621021,26.9901,23.828423,22.53061,21.8603,18.530748,19.580772,17.493189,20.519426,19.6356,15.869301,21.505371,18.772602,24.076462,24.934067,26.732384,22.043188,23.994225,20.588285,20.299534,20.67946,20.56897,22.174545,21.189344,24.753286,20.440018,24.828918,23.607765,27.537144
29,25.209833,22.26451,22.078709,18.763025,17.124876,17.428398,15.004016,19.220795,18.066895,23.629519,24.36275,26.683546,27.590687,28.449396,25.864649,20.24521,21.661575,16.393316,18.042486,15.57473,14.839902,18.280754,17.037231,11.389279,14.018904,13.405313,11.223599,6.9809055,5.8313293,0.0,6.805456,9.396044,13.25263,15.165842,18.157648,20.35127,22.33113,20.917536,18.502052,16.74496,13.942772,10.379873,8.755257,8.186463,8.051851,8.970532,12.334169,13.242654,10.144421,14.323948,10.414062,13.53713,15.360546,16.4843,12.190185,8.779923,12.077419,12.991499,18.498312,18.316648,15.24997,18.0887,16.21804,19.941889,20.41372,24.254276,23.182808,22.16562,19.107903,18.706512,13.814256,13.528304,13.621557,13.163746,15.663428,16.169586,19.829464,20.145512,23.66252,25.742954,28.569738,28.512352,25.120502,21.656717,21.625238,20.142239,18.623367,19.468811,18.605944,21.747044,21.63693,18.72781,23.914867,22.215525,27.231176,28.17744,30.442247,26.04778,27.668991,25.354446,24.202726,25.27495,25.350609,26.24596,24.966955,27.694996,22.842121,26.650698,24.481262,28.252083
30,22.724878,19.2635,18.238695,14.335257,12.1943865,11.41542,9.266893,12.548373,11.720294,17.314857,18.598701,20.926716,22.193254,23.914461,21.275259,15.78158,16.76636,12.573598,13.3531065,12.701726,11.321884,15.969452,14.933644,9.990506,14.52328,15.11714,14.461925,10.301612,5.6087203,6.805456,0.0,8.024864,7.9721837,12.42168,13.845709,16.556444,18.435938,17.287365,16.199205,14.072335,13.697738,8.518779,10.272115,7.6579685,11.896707,12.50751,16.937508,17.42939,15.774184,20.261637,16.969814,20.057896,22.108835,23.122112,18.48131,15.028425,17.83194,17.64233,23.093807,22.719942,19.431257,23.171883,21.632868,25.092735,26.403843,29.247528,27.406267,26.017992,22.085453,21.671877,15.747258,15.773392,13.68082,14.363579,14.677705,16.39657,18.724009,18.874315,22.342934,25.062666,27.974543,27.74722,24.765306,22.04757,20.826838,21.286283,18.302052,20.576818,19.107824,22.636457,22.406199,19.105875,25.355951,23.454885,28.130857,28.479027,29.98658,25.237097,26.164398,22.90515,21.630678,21.566637,20.930822,21.7563,21.241774,23.584429,19.935152,23.868263,22.275263,26.59934
31,30.410536,26.786213,25.996315,21.756248,19.764872,17.611559,16.108154,16.999716,14.424352,20.000404,18.312916,22.155249,21.956894,22.570173,21.563646,16.09734,18.9712,15.373098,18.597261,18.52346,18.40624,23.079054,22.761251,17.681232,21.856836,21.663992,20.31739,15.879196,12.494071,9.396044,8.024864,0.0,6.7171855,5.975209,10.186329,11.419073,14.112634,13.714294,11.147695,10.739827,8.517214,8.601107,9.552439,11.582062,13.700403,17.03587,19.853365,22.283789,19.311644,23.325777,18.22694,21.469574,21.810852,21.554356,16.07721,13.128117,15.503419,13.772621,18.165623,19.038982,16.438223,21.6443,21.487465,25.468819,27.305788,30.58123,29.653774,29.56208,26.333027,24.096193,19.717804,17.389816,15.090903,13.323404,13.409256,11.994384,14.243738,13.052364,16.901283,18.723116,22.21555,23.064972,20.990017,18.473091,18.801548,19.296097,18.64893,21.352373,21.487514,25.186426,26.02633,23.838501,29.850546,29.347595,33.37349,33.51408,35.313953,30.896738,30.998411,29.08526,26.52396,27.138826,26.645195,26.275988,25.562077,26.272831,22.489672,25.253748,22.44275,26.568123
32,28.318453,24.539087,22.9501,18.679544,16.341911,13.326473,12.1635065,10.993679,8.296559,13.706614,12.4167,16.336472,16.564259,18.297646,17.149836,12.054564,14.366843,12.462471,14.725475,16.438034,16.019424,21.09325,21.119116,17.134748,22.170902,22.631197,22.417866,18.194124,13.466182,13.25263,7.9721837,6.7171855,0.0,6.4703693,6.5222244,8.995695,11.20563,11.072628,10.909013,9.764351,11.410402,9.124905,12.696725,12.400473,16.997972,19.393917,23.100935,24.909155,23.038622,27.50587,23.127296,26.568077,27.651682,27.688684,22.439802,19.251562,21.365028,19.652296,24.196741,24.319654,21.417727,26.54143,26.142504,29.739197,32.03649,34.443626,32.727364,32.10134,28.173903,26.313114,21.119837,19.5663,15.910182,15.706659,13.84787,14.514941,15.038027,14.137801,17.471058,20.187841,23.38273,23.691141,21.909975,20.254057,19.018896,21.317255,18.94005,22.609943,21.982496,25.779026,26.34107,23.840664,30.447897,29.684908,33.382755,33.0592,34.16819,29.588953,29.138758,26.49517,23.940311,23.515907,22.407604,21.88862,21.950409,22.215328,19.853594,22.655304,20.673676,25.20334
33,34.309685,30.54263,29.210268,24.908504,22.625547,19.69939,18.26897,17.084322,13.614859,18.337244,14.732745,19.372032,18.255377,18.497858,18.759274,14.0329895,17.698729,15.745235,19.664345,20.873985,21.282743,26.148727,26.54871,22.064388,26.821983,26.5534,25.890987,21.510477,17.483713,15.165842,12.42168,5.975209,6.4703693,0.0,5.564075,5.5972934,8.638773,9.212758,7.09499,8.160311,8.038976,10.518193,12.764341,15.209304,18.036285,21.926308,24.507011,27.573845,24.92233,29.05931,23.604853,27.224508,27.177685,26.23001,20.839842,18.210258,19.63022,16.943697,20.344578,21.226906,18.99964,24.858797,25.433315,29.235086,31.87667,34.485138,33.46057,33.769585,30.434746,27.382881,23.413054,20.401247,17.057322,15.107544,13.405597,11.327841,11.588914,9.324334,12.960216,14.779733,18.468033,19.733717,18.745693,17.290668,17.524153,19.555616,19.233074,22.848572,23.436506,27.192614,28.490984,26.81421,33.03833,33.260597,36.5621,36.204372,37.671673,33.407715,32.57706,31.103973,27.762075,28.179493,27.464193,26.22856,25.836979,25.152464,22.316055,24.156303,21.153719,25.24379
34,34.197132,30.495445,28.381119,24.402145,21.659973,18.75629,16.730215,14.117486,10.040348,13.71318,9.283305,14.02947,12.715758,13.313915,13.768412,9.686665,13.387354,13.124391,16.933044,19.334488,20.079739,24.898521,26.017113,22.442667,27.76512,27.485872,27.896626,23.762444,18.928272,18.157648,13.845709,10.186329,6.5222244,5.564075,0.0,3.8879135,4.695751,5.159352,6.260597,6.4480247,10.132737,10.848842,14.556451,15.796268,19.942274,23.491316,26.367546,29.4314,27.622253,32.147495,26.931059,31.096373,31.496807,30.473913,25.39273,22.506458,23.42977,20.77387,24.394674,24.34493,21.865427,27.565187,28.050001,31.455244,34.695972,36.377697,34.758316,34.87706,31.136797,28.027414,23.855995,21.126474,16.817175,15.959088,12.665033,12.502776,11.070296,9.670253,12.2978525,15.173369,18.163025,18.619001,17.826271,17.24263,16.063402,19.664284,18.11798,22.46668,22.690262,26.409525,27.688381,26.130938,32.60272,33.08953,35.777763,34.957375,35.923145,31.75309,30.230793,28.785152,25.081266,25.064386,24.119293,22.338858,22.348059,20.84438,19.11582,20.564001,18.080063,22.32949
35,37.10258,33.28452,31.47742,27.268251,24.83685,21.418688,20.216406,17.260696,13.487732,16.76465,11.486215,16.712704,14.77402,14.974031,16.56042,13.159913,16.9902,16.954094,20.798574,23.155502,23.788898,28.66816,29.54897,25.73231,30.876768,30.722813,30.641167,26.34249,21.831886,20.35127,16.556444,11.419073,8.995695,5.5972934,3.8879135,0.0,4.218222,6.789073,7.142797,9.001222,11.495509,13.984628,17.079306,19.055407,22.610907,26.460579,29.120892,32.312675,30.06413,34.371933,28.92894,32.7616,32.73717,31.573532,26.29147,23.713919,24.729172,21.748144,24.659641,25.298033,23.236515,29.222343,30.06912,33.638905,36.78374,38.802635,37.52355,37.90565,34.36823,31.022816,27.142565,24.062183,20.009235,18.491438,15.468921,13.905075,12.158824,9.563923,12.038349,14.012481,17.418348,18.756195,18.853354,18.594484,18.23292,21.705023,21.107855,25.359718,25.98881,29.68318,31.149303,29.733694,36.107876,36.6794,39.427868,38.64749,39.697094,35.566586,34.003662,32.672523,28.910902,28.9107,27.90836,26.035385,26.109016,24.236801,22.686853,23.727186,20.979307,24.958786
36,38.61906,34.95017,32.617302,28.774101,25.917501,23.015543,20.811293,17.618681,13.389522,15.62722,9.544684,14.278868,11.7089615,11.060451,13.250577,10.807644,14.874981,15.725515,19.997633,22.669403,23.914482,28.512049,30.120462,26.771719,32.171192,31.577356,32.241177,28.159903,23.347496,22.33113,18.435938,14.112634,11.20563,8.638773,4.695751,4.218222,0.0,3.627843,6.138032,7.799884,11.871665,14.232564,17.608936,19.516174,23.251959,27.27742,29.67225,33.330147,31.538914,36.029305,30.437525,34.87797,34.882187,33.290413,28.380589,25.753984,26.038675,22.919872,25.748978,25.665237,23.598848,29.477827,30.51001,33.74125,37.47181,38.728565,37.216785,37.786285,34.21819,30.4469,26.972855,23.67936,19.2477,18.031794,14.185946,13.337177,10.386035,8.570374,9.909457,12.611325,15.26394,15.961197,16.305708,16.766397,15.79471,20.15573,19.362648,23.916138,24.68901,28.222002,29.91244,28.949272,35.20282,36.391617,38.467457,37.35857,38.212204,34.360104,32.209637,31.497612,27.22375,27.413944,26.565584,24.087568,24.102526,21.436834,20.330015,20.678646,17.967142,21.724825
