,0,1,2,3,4,5,6,7,8,9,10,11,12,13,14,15,16,17,18,19,20,21,22,23,24,25,26,27,28,29,30,31,32,33,34,35,36,37,38,39,40,41,42,43,44,45,46,47,48,49,50,51,52,53,54,55,56,57,58,59,60,61,62,63,64,65,66,67,68,69,70,71,72,73,74,75,76,77,78,79,80,81,82,83,84,85,86,87,88,89,90,91,92,93,94,95,96,97,98,99,100,101,102,103,104,105,106,107,108
0,0.0,4.6906676,7.1623926,9.994837,13.244941,14.891558,18.25221,22.291204,24.705347,28.849674,32.943478,36.01072,34.488125,32.790646,28.025568,26.798523,22.624363,22.738178,18.316637,17.234234,15.115038,12.299057,13.137642,16.187223,16.783497,19.911764,22.178963,22.426195,26.051805,23.834635,29.823202,27.786903,35.697117,33.894783,37.398403,39.871822,39.55393,38.709843,34.43892,30.520079,34.504936,29.80979,33.037918,30.707932,26.710907,27.265545,25.276737,25.612295,25.863504,30.03448,30.085493,31.731848,30.704144,35.12022,31.71032,33.831375,35.13337,36.861786,40.456905,41.653652,39.904636,41.706085,38.69487,41.882305,39.276173,43.460037,41.797443,37.50189,39.705204,37.52802,37.17227,39.760117,37.372837,41.741264,40.04238,44.06607,44.603504,45.467278,48.878777,48.572426,43.877003,40.745808,37.55394,34.597496,33.026234,28.387047,27.387413,22.832977,23.350275,21.133179,24.56165,25.205275,21.081503,17.468014,19.484766,22.611364,23.540031,29.287363,32.231583,32.893635,36.596813,39.187138,40.83928,37.940556,41.617195,35.321026,37.72409,34.540184,36.00673
1,4.6906676,0.0,4.856892,6.861687,9.450871,12.428191,14.527419,19.379152,21.45236,25.923399,30.11599,32.940422,32.00951,30.584997,25.891262,24.500671,20.6636,20.264784,16.104404,14.161266,13.338821,9.115574,11.940787,14.737837,15.222605,17.845974,19.099459,19.406826,22.602057,20.95517,26.387413,24.975132,32.824974,31.148117,34.844757,37.32292,37.48597,36.620422,32.296562,28.253576,32.152718,27.383984,30.153168,27.642128,24.282331,24.307291,22.970057,22.602701,23.575947,27.952623,28.456726,29.601006,29.529398,33.60416,30.434364,32.704357,33.33866,35.187138,38.74579,39.558537,37.55423,39.382484,36.274223,39.346577,37.098763,40.70653,39.112274,34.7581,36.449905,33.992508,33.874836,36.118496,33.81896,38.09544,36.390167,40.5201,41.006893,42.118134,45.49978,45.163204,40.420597,37.096565,34.128674,30.952097,29.17258,24.636667,23.349056,18.95884,19.20588,17.063543,20.278215,20.708725,16.481613,12.7929945,14.947674,18.115002,19.299429,24.87011,28.14692,28.680687,32.517532,35.22713,36.732803,33.73817,37.37404,31.095757,33.400913,30.35664,31.779188
2,7.1623926,4.856892,0.0,5.0964365,7.1696525,8.581344,11.760533,15.477648,18.30726,21.904037,26.455893,29.12991,27.840525,26.48374,21.553017,20.696411,16.748962,17.132006,13.347505,12.492206,11.907566,9.359574,12.509807,15.979677,17.757761,19.641848,20.693686,19.86405,22.650837,20.180763,25.335382,23.023586,30.623806,28.149961,32.13286,34.220333,34.2921,33.848305,29.348618,25.440346,30.15525,25.875456,28.735561,27.181637,24.204838,24.64264,24.037195,24.039751,25.475958,29.986774,30.07694,30.445618,30.423534,33.808258,30.176893,31.976088,32.46103,33.798363,37.35118,38.358295,36.393017,38.963142,36.236637,39.617603,38.036522,41.550137,40.51392,36.49787,37.971592,35.07909,34.526154,36.40066,33.57242,37.61252,35.373154,39.37354,39.399246,40.29827,43.45593,42.69933,37.76614,34.760616,31.480848,28.46034,27.347622,22.262861,22.306274,18.08325,19.19731,17.979273,21.177004,20.804329,17.167458,13.544793,14.360499,17.297022,17.38444,23.59048,25.785425,27.056541,30.353077,32.87049,34.89448,32.13173,36.392387,30.301123,33.20359,30.568617,32.52863
3,9.994837,6.861687,5.0964365,0.0,3.8638659,6.2560678,8.620311,13.270773,14.905764,19.984549,23.536877,26.768,25.783545,24.16676,19.834274,17.887411,14.22234,13.425173,9.353416,7.616885,7.491975,4.6351004,8.627463,11.821159,14.14155,15.293018,16.158302,14.869383,17.683277,15.113343,20.458355,18.363066,26.143444,24.307156,28.012918,30.464819,30.664759,29.834911,25.47764,21.43017,25.574162,21.055252,23.859924,22.112087,19.15209,19.59702,19.21576,19.360645,20.99443,25.537346,25.543743,25.537691,25.86723,28.995468,25.509855,27.43602,27.637814,29.159534,32.69322,33.51484,31.483564,33.91845,31.160902,34.53905,33.10159,36.5551,35.68594,31.840858,33.345562,30.402374,29.600704,31.565493,28.654818,32.765095,30.627907,34.61476,34.85732,35.740585,39.050068,38.62617,33.905384,30.755642,27.585823,24.606022,23.138784,18.420086,17.90568,13.439234,14.812451,13.776244,17.298481,17.170351,14.265105,11.679137,11.190989,13.928498,14.159652,20.108528,22.565052,23.266853,26.802822,29.304508,31.046427,28.28151,32.25489,26.081512,29.064816,26.242126,28.443058
4,13.244941,9.450871,7.1696525,3.8638659,0.0,5.38074,5.1050315,10.622933,12.122666,17.119963,21.009443,23.7968,23.3727,22.169474,17.878633,16.099998,13.022102,11.976882,8.967707,6.666084,8.9720955,6.122319,11.2915125,13.883506,16.119585,16.531284,16.171986,14.568294,16.445778,14.356539,18.592632,16.918217,24.340467,22.26267,26.313759,28.543884,29.239939,28.608597,24.179073,20.145884,24.499575,20.24593,22.462152,20.978561,19.058945,19.03459,19.682306,19.182108,21.63167,26.197983,26.515589,25.82209,27.03445,29.554972,26.249577,28.084208,27.588963,28.991373,32.412975,32.914986,30.6681,33.376526,30.706636,34.012913,33.1648,35.959568,35.334774,31.597374,32.476627,29.140123,28.475098,29.874847,26.893501,30.75312,28.389828,32.42751,32.399406,33.47931,36.639843,35.977943,31.10303,27.872257,24.82882,21.631552,20.243065,15.332193,15.195535,11.164572,12.641575,12.353631,15.356617,14.461877,11.904799,9.569334,8.088774,10.652594,10.506629,16.669243,19.003986,19.957876,23.403482,25.981253,27.810028,25.023005,29.262928,23.209839,26.331524,23.902681,26.238258
5,14.891558,12.428191,8.581344,6.2560678,5.38074,0.0,6.065048,7.6413445,10.343318,14.3134985,18.07215,21.280186,19.781477,18.16643,13.628983,12.1545315,8.373243,8.785682,6.013121,7.1289153,8.019967,9.183537,12.16294,15.380256,18.823845,18.942131,19.379904,16.63083,18.458447,14.812862,19.203379,15.681542,22.782085,19.734537,23.851213,25.717655,25.840042,25.625237,21.032398,17.22851,22.59858,19.046051,21.828894,21.716318,19.638842,20.646582,21.432545,22.040241,24.197184,28.63648,28.131489,26.99495,27.495436,29.430485,25.467968,26.62388,26.457407,27.161716,30.58776,31.62132,29.66456,33.15634,31.042387,34.757294,34.354855,37.52801,37.47494,34.22477,35.36924,31.927305,30.5206,31.881464,28.279943,31.904879,29.023804,32.71087,32.273724,32.809944,35.761852,34.761883,29.827656,27.196903,23.573225,20.934338,20.581133,15.178677,16.976538,13.257319,15.93922,16.425543,19.514782,18.321064,16.72339,14.793415,12.374509,14.169013,12.473389,18.892086,19.43334,21.188292,23.760296,25.874962,28.348036,26.029314,30.797274,25.106245,28.89294,26.75769,29.660187
6,18.25221,14.527419,11.760533,8.620311,5.1050315,6.065048,0.0,6.6352816,7.418317,12.60483,16.366169,18.915075,19.015411,18.150385,14.292611,12.436396,10.479903,9.027945,8.166988,6.5021486,10.65515,9.700841,14.402397,16.468271,19.147469,18.506577,17.20458,14.633798,15.178444,13.070405,15.681136,13.914128,20.571516,18.049372,22.432623,24.339792,25.512186,25.156738,20.714378,16.848661,21.532135,17.94833,19.52785,18.989592,18.396477,18.27405,20.239885,19.603743,22.77589,27.175013,27.427408,25.676075,27.647604,29.113504,25.87175,27.331583,26.063824,27.078012,30.297503,30.55362,28.169363,31.459793,29.165117,32.516026,32.614372,34.755383,34.7411,31.47018,31.749243,27.93466,26.99646,27.687279,24.323565,27.72757,24.878191,28.787487,28.30036,29.383049,32.308628,31.321278,26.303164,23.168602,20.086391,16.841383,15.922453,10.607506,11.942421,8.935919,11.316736,12.626019,14.864979,12.9087305,12.035505,11.086993,7.297786,8.430527,6.443916,12.945011,14.17348,15.682034,18.651665,21.114716,23.26364,20.677664,25.42763,19.729258,23.397463,21.610584,24.471378
7,22.291204,19.379152,15.477648,13.270773,10.622933,7.6413445,6.6352816,0.0,5.000327,6.742061,11.218575,13.722168,12.796151,11.987133,7.719803,7.0851736,6.052512,6.966534,8.880835,10.505739,13.464187,15.099879,18.41213,20.836395,24.381397,23.429144,22.569792,19.045803,19.095095,15.8086,17.453825,13.782511,18.924189,14.593917,19.423668,20.37933,21.291319,21.85557,17.24242,14.025136,20.170416,18.084026,19.731684,21.209549,21.131845,21.870731,24.309576,24.513046,27.5771,31.762177,31.329393,28.873173,30.457521,30.927412,27.173473,27.728416,26.407047,26.403887,29.412731,30.0768,27.966194,32.354893,30.866493,34.54734,35.509068,37.632515,38.39205,35.761776,35.984898,31.947712,30.312307,30.557589,26.544657,29.305082,25.696737,29.029322,27.715569,28.200245,30.59498,28.8439,23.615328,21.411596,17.650206,15.186854,16.171377,10.38871,14.97373,13.24054,16.49731,18.580086,20.548864,18.125679,18.232492,17.471136,13.480476,13.662301,9.999238,15.658115,13.756891,16.799955,18.04032,19.73811,22.93193,21.145067,26.69384,21.919,26.31645,25.287453,28.712437
8,24.705347,21.45236,18.30726,14.905764,12.122666,10.343318,7.418317,5.000327,0.0,7.7620254,9.202217,12.589765,12.822269,11.835816,9.700305,6.7389894,7.651286,5.5049505,8.84242,9.573117,13.431427,15.218053,18.293886,19.83232,23.306644,21.553596,20.079967,16.15413,15.334279,12.392828,12.752963,9.537297,14.392908,10.8805275,15.59412,17.071438,18.563505,18.580687,14.1985855,10.817702,16.118013,14.102449,15.086174,16.79283,17.641361,18.152378,21.345505,21.445616,24.818361,28.717394,28.336864,25.263615,27.550587,27.402018,24.079475,24.68734,22.662928,22.805372,25.656696,25.878824,23.576077,27.909018,26.48571,30.050858,31.457594,33.151283,34.19873,31.901842,31.8789,27.733837,25.871593,25.88801,21.741209,24.366573,20.71298,24.046814,22.861467,23.433924,26.023808,24.651434,19.579006,17.008736,13.36621,10.736698,11.391564,5.7968802,10.850912,10.003482,13.599189,16.387926,17.996681,15.616152,17.030146,17.52665,12.641768,11.89072,8.165054,12.487928,10.457915,12.742208,14.156062,15.8504,18.696045,16.931292,22.24259,17.536459,22.135675,21.180834,24.906126
9,28.849674,25.923399,21.904037,19.984549,17.119963,14.3134985,12.60483,6.742061,7.7620254,0.0,7.003164,7.4229717,7.126001,8.109799,5.6695223,7.556904,9.824327,11.145962,14.727333,16.55434,19.693895,21.617304,24.817345,26.94705,30.545158,29.121824,27.71671,23.90945,22.918163,20.041397,19.586815,16.089819,18.419754,12.9101925,17.920368,17.48757,19.055649,20.63414,16.497929,14.604354,20.827682,20.413126,21.049755,23.888433,25.13811,25.788948,29.075083,29.147814,32.576008,36.471252,35.994816,32.751965,34.84042,34.25011,30.688152,30.66316,28.664,27.94498,30.42502,30.877184,28.829767,33.895565,33.074257,36.641613,38.648865,39.99117,41.411095,39.35366,38.94282,34.599766,32.783886,32.128304,27.92185,29.717531,25.570244,28.274113,26.036167,26.312658,27.9094,25.238232,19.864277,18.573187,14.846336,13.169496,15.912026,11.035406,17.42321,17.42101,20.622454,23.448156,24.608335,21.562405,22.709356,22.55852,18.241737,17.449823,13.165163,16.865343,12.279155,16.559582,15.823125,16.665607,20.679802,19.765217,25.825428,22.401611,27.08001,27.119598,30.796457
10,32.943478,30.11599,26.455893,23.536877,21.009443,18.07215,16.366169,11.218575,9.202217,7.003164,0.0,5.6165543,5.4721427,5.288653,8.084712,7.0751333,11.406051,11.345877,16.022375,18.16878,21.036762,24.08356,26.234875,27.673796,31.570042,29.37357,27.994158,23.580973,21.976816,18.877153,17.128836,13.185048,12.813129,6.755767,11.416117,10.510264,12.486345,14.226476,10.683446,10.074917,15.59059,16.77588,16.818913,21.105192,23.128582,24.209751,27.976545,28.651531,31.932104,35.274384,34.32172,30.309141,32.521385,30.753576,27.441557,26.826077,24.299158,22.972815,24.959782,25.320942,23.48584,29.052734,28.95787,32.52941,35.357685,36.46448,38.615906,37.376827,36.989075,32.715446,30.15536,29.296251,24.721478,25.91382,21.499653,23.460768,20.942554,20.532248,21.930933,19.314758,14.276172,13.804473,9.628858,9.66047,13.484692,10.559549,17.146303,18.03391,21.567757,24.85203,25.900383,23.233229,25.563864,26.39319,21.42633,20.059797,16.026,18.014402,12.621932,15.892118,14.174355,13.960516,17.926231,17.877432,23.452702,20.92631,25.87413,26.13292,30.247677
11,36.01072,32.940422,29.12991,26.768,23.7968,21.280186,18.915075,13.722168,12.589765,7.4229717,5.6165543,0.0,5.4428596,8.324459,10.512191,11.7052,15.566499,16.037506,20.44318,22.131908,25.482702,27.721113,30.629013,32.191696,35.79125,33.71831,31.800144,27.742386,25.749516,23.43485,20.919897,18.116804,17.076311,11.605934,15.756703,13.870688,16.500721,18.764135,15.860809,15.626625,20.603786,21.904804,21.299458,25.309723,27.904593,28.437466,32.500706,32.530075,36.19292,39.5971,39.05246,34.9783,37.6653,35.879993,32.808075,32.280647,29.474112,28.170748,29.91072,29.92943,27.994576,33.466553,33.394558,36.67235,39.79947,40.23045,42.39713,41.118824,40.110874,35.62625,33.52929,31.998953,27.73592,28.372528,23.893442,25.654026,22.548594,22.510927,23.152946,19.646917,14.470124,14.51091,11.349374,11.302809,15.545012,13.030305,19.749792,21.289787,24.34663,27.770317,28.228107,25.00555,27.36377,28.126942,23.399971,21.77068,17.580637,18.821068,12.428119,16.655151,13.759255,13.149588,17.612988,17.970436,23.878805,22.240744,26.957634,27.997938,31.884094
12,34.488125,32.00951,27.840525,25.783545,23.3727,19.781477,19.015411,12.796151,12.822269,7.126001,5.4721427,5.4428596,0.0,3.7487574,6.8011513,9.139822,12.852104,14.573118,18.86616,21.620958,24.007381,27.181595,29.364428,31.346222,35.40464,33.61031,32.5568,28.21816,26.995575,23.586926,22.48033,18.154964,17.903984,11.625693,15.65338,13.701637,14.819793,17.545574,14.285909,14.242826,20.259563,21.644098,22.107157,26.421652,27.99421,29.27716,32.73192,33.518883,36.68839,40.205093,39.130833,35.34894,37.088955,35.48385,31.827856,30.946365,28.894594,27.202948,29.122238,29.885368,28.321089,34.094868,34.165695,37.826523,40.588413,41.887035,44.027996,42.702923,42.379368,38.086487,35.60041,34.727943,30.181807,31.272856,26.811949,28.564438,25.741915,25.140839,25.994833,22.756086,17.921118,18.261114,14.422025,14.666146,18.651056,15.27086,22.012419,22.524273,26.04134,29.119974,30.297976,27.421608,29.180521,29.36923,24.78551,23.74888,19.494682,22.132326,16.432993,20.440697,18.31142,17.896112,22.208422,22.360807,28.168985,25.885199,30.7711,31.197565,35.204002
13,32.790646,30.584997,26.48374,24.16676,22.169474,18.16643,18.150385,11.987133,11.835816,8.109799,5.288653,8.324459,3.7487574,0.0,5.5205855,6.5933604,10.403704,12.21179,16.494604,19.741013,21.553688,25.387714,26.928144,28.900557,33.191975,31.388918,30.82034,26.288069,25.446362,21.45494,21.080894,15.958264,16.212023,9.8911705,13.733188,12.34053,12.558304,15.063605,11.467289,11.356897,17.754316,19.100721,20.1617,24.59761,25.615635,27.346958,30.46719,31.760769,34.58516,38.043957,36.63807,32.973213,34.228554,32.66137,28.775768,27.7481,26.060793,24.262808,26.32639,27.446686,26.055286,31.870712,31.976336,35.827045,38.347187,40.15545,42.28153,40.998684,41.126595,37.01896,34.238113,33.83046,29.138224,30.552963,26.199585,27.99827,25.54919,24.675428,25.911997,23.200073,18.578005,18.738277,14.540147,14.885871,18.49008,14.97615,21.381178,21.374098,25.142965,28.040041,29.629065,27.141516,28.791811,28.944252,24.313236,23.515867,19.436277,22.533949,17.470377,20.92402,19.412548,19.16621,23.18843,23.152521,28.708746,25.97136,30.927477,30.880943,34.982227
14,28.025568,25.891262,21.553017,19.834274,17.878633,13.628983,14.292611,7.719803,9.700305,5.6695223,8.084712,10.512191,6.8011513,5.5205855,0.0,5.107469,6.900254,10.060266,13.454711,16.739393,18.463104,21.779163,23.802198,26.30106,30.45919,29.240356,28.867907,24.708319,24.497362,20.430471,21.31646,16.26104,18.924109,13.002672,17.4944,17.051355,17.219894,19.043066,14.761482,13.143323,20.103697,19.957191,21.630531,24.943495,25.169731,26.720179,29.342825,30.379498,33.169727,37.03694,35.894764,32.88579,33.919964,33.366276,29.242842,28.764963,27.56042,26.387873,28.96757,30.159197,28.550135,33.905323,33.35574,37.27085,39.01478,41.202442,42.719406,40.79133,41.10029,37.01891,34.680088,34.642616,30.149637,32.21003,28.079847,30.559599,28.509573,28.14913,29.837236,27.368279,22.35917,21.602999,17.395838,16.492868,19.244858,14.399465,20.436007,19.52234,23.172935,25.617443,27.514425,25.019945,25.757013,25.18666,21.05703,20.83843,16.820242,21.25385,17.174374,20.87806,20.370537,20.941475,24.878134,24.109877,29.904085,26.244427,31.055218,30.586046,34.41801
15,26.798523,24.500671,20.696411,17.887411,16.099998,12.1545315,12.436396,7.0851736,6.7389894,7.556904,7.0751333,11.7052,9.139822,6.5933604,5.107469,0.0,4.4542465,5.6926994,9.922486,13.230914,15.012678,18.861317,20.38334,22.401752,26.665869,25.04013,24.729834,20.292791,20.06518,15.701413,16.784657,11.282009,14.636524,9.381402,13.7870455,14.442938,14.576432,15.475949,10.869676,8.422557,15.369976,14.869118,16.7852,20.090448,20.221401,21.97348,24.637205,25.968874,28.633234,32.331898,31.04282,27.881035,28.979486,28.286896,24.251812,23.885311,22.550644,21.603848,24.330791,25.448807,23.77068,28.962788,28.323675,32.286762,33.95159,36.30231,37.84807,36.047672,36.58496,32.64369,30.045103,30.311016,25.73754,28.045422,24.089678,26.673103,25.089848,24.684448,26.862562,25.099,20.299162,19.063526,14.746898,13.788556,15.923784,11.385792,16.856113,15.7934065,19.687008,22.193783,24.271729,22.216349,23.393856,23.393126,18.86297,18.51036,14.828003,18.976366,15.625375,18.33981,18.479319,19.205078,22.624016,21.67864,27.010765,23.018934,27.843506,26.977465,30.933279
16,22.624363,20.6636,16.748962,14.22234,13.022102,8.373243,10.479903,6.052512,7.651286,9.824327,11.406051,15.566499,12.852104,10.403704,6.900254,4.4542465,0.0,4.5952706,6.8088393,10.808045,11.6917925,15.732925,17.047606,19.605835,23.938597,22.89431,23.226252,19.094292,19.82344,15.088668,17.91953,12.406294,17.604723,13.208848,17.281511,18.476732,18.127058,18.57934,13.92335,10.838745,17.488894,15.782038,18.524261,20.776548,19.714447,21.621458,23.44674,24.949364,27.234268,31.192892,29.881317,27.457495,27.926395,28.164427,23.839993,23.837841,23.274567,22.77774,25.868195,27.257496,25.622385,30.32485,29.239004,33.27918,34.129623,37.09426,38.13349,35.87849,36.86993,33.153564,30.765295,31.61066,27.241095,30.122465,26.52011,29.466259,28.344439,28.112612,30.610546,29.171194,24.387426,22.744467,18.548145,17.060114,18.309727,13.231937,17.553385,15.29965,19.075994,20.900658,23.535646,21.855145,22.097322,21.413696,17.477522,17.887321,14.696167,19.95274,17.88455,20.315527,21.353256,22.553541,25.699461,24.27881,29.455116,24.758953,29.334898,27.902576,31.594458
17,22.738178,20.264784,17.132006,13.425173,11.976882,8.785682,9.027945,6.966534,5.5049505,11.145962,11.345877,16.037506,14.573118,12.21179,10.060266,5.6926994,4.5952706,0.0,4.7543616,7.782749,9.71293,13.589228,14.979807,16.784685,20.988901,19.375372,19.279293,14.912659,15.341759,10.642958,13.428106,8.110952,14.347909,11.237651,15.0904665,17.17103,17.343452,16.925545,12.356764,8.49276,14.245443,11.759546,14.379974,16.217373,15.413306,17.134623,19.330296,20.715397,23.199688,27.05825,25.903635,23.20222,24.259935,24.377785,20.404781,20.790092,19.716644,19.730238,22.902617,23.866814,21.968239,26.326622,24.989012,28.938984,29.800457,32.583973,33.596943,31.379442,32.306793,28.603441,26.171638,27.102901,22.775553,25.84602,22.459116,25.601488,24.890978,24.876207,27.744026,26.86446,22.260283,20.06201,16.128,14.346865,14.750508,10.126699,13.54181,11.28604,15.218147,17.26239,19.838875,18.436659,19.281303,19.373077,14.969469,15.037615,12.257587,16.895391,15.63238,17.108685,18.763083,20.173002,22.752663,21.119736,25.836842,20.900194,25.384596,23.709713,27.454546
18,18.316637,16.104404,13.347505,9.353416,8.967707,6.013121,8.166988,8.880835,8.84242,14.727333,16.022375,20.44318,18.86616,16.494604,13.454711,9.922486,6.8088393,4.7543616,0.0,4.741762,5.1455526,9.5119915,10.503025,12.856474,17.13338,16.186277,16.940508,13.104063,14.882678,10.0535345,14.980866,10.507848,17.914503,15.728047,19.127844,21.595512,21.422117,20.59895,16.226055,12.251151,17.009148,13.319215,16.59362,16.923162,14.593149,16.38242,17.374422,18.946835,20.883965,25.009998,23.89232,22.171764,22.542725,23.858225,19.763388,20.729952,20.506557,21.167166,24.618172,25.751188,23.920237,27.495123,25.61327,29.519012,29.365452,32.802544,33.173412,30.437063,31.91307,28.577297,26.44874,28.082514,24.1525,27.802595,24.964626,28.404991,28.248222,28.424875,31.584665,31.092009,26.601736,24.064535,20.383707,18.25638,17.748383,13.16676,14.702291,11.053842,14.506491,15.495427,18.772205,18.065369,17.818716,17.268536,13.74233,14.750045,13.035565,18.378658,18.655748,19.605808,22.131083,23.932142,26.105774,24.043818,28.350414,22.800163,26.809738,24.465736,27.79092
19,17.234234,14.161266,12.492206,7.616885,6.666084,7.1289153,6.5021486,10.505739,9.573117,16.55434,18.16878,22.131908,21.620958,19.741013,16.739393,13.230914,10.808045,7.782749,4.741762,0.0,5.1496673,6.116072,8.957992,10.564313,14.00795,12.956801,12.838819,9.572505,11.493462,8.007818,13.12533,10.830176,18.670792,17.564638,20.918911,23.738123,24.237455,23.008638,18.869799,14.729845,18.235516,13.699427,16.267172,15.0126095,12.842386,13.531071,14.59139,15.154176,17.551123,21.90544,21.559717,20.11336,21.378153,23.245771,19.872532,21.615097,20.928158,22.384293,25.804901,26.314938,24.137533,26.903822,24.415304,27.950161,27.408762,30.472788,30.34654,27.15481,28.39256,25.069908,23.533554,25.2406,21.80545,25.768444,23.406973,27.249283,27.519823,28.25359,31.649237,31.5089,27.06795,23.895475,20.788963,18.051756,16.419525,12.270519,11.755258,7.3594637,10.224896,10.811851,14.222995,13.871026,13.393414,13.210306,9.768882,11.006999,10.485257,15.548155,17.462492,17.561893,20.992155,23.249708,24.795542,22.269323,26.088072,20.091509,23.59947,20.897762,23.864935
20,15.115038,13.338821,11.907566,7.491975,8.9720955,8.019967,10.65515,13.464187,13.431427,19.693895,21.036762,25.482702,24.007381,21.553688,18.463104,15.012678,11.6917925,9.71293,5.1455526,5.1496673,0.0,6.3147955,5.3880095,8.153677,12.543548,12.280349,14.272958,11.289938,14.497747,10.081255,16.551538,13.202851,21.072548,20.020342,22.809774,25.760366,25.365028,23.987387,19.995234,16.037186,19.427721,14.844417,18.46019,17.300587,13.456988,15.28323,14.726786,16.66924,17.72306,21.933718,20.798365,20.212214,19.815367,22.390163,18.450197,20.097279,20.672297,22.069382,25.652218,26.830717,25.10682,27.686768,25.28515,29.02275,27.779936,31.886044,31.603462,28.45326,30.598953,27.816912,25.932568,28.352764,24.93186,29.069569,26.915806,30.512142,31.007336,31.31863,34.788925,34.846443,30.639269,27.801811,24.449154,22.190252,20.829556,16.86231,16.478922,12.033845,14.563858,14.275526,18.144903,18.484808,17.422136,16.60292,14.2423525,15.920181,15.554536,20.670977,22.335073,22.47851,25.720678,27.76064,29.374952,27.016342,30.62682,24.688856,28.088335,25.05754,27.895044
21,12.299057,9.115574,9.359574,4.6351004,6.122319,9.183537,9.700841,15.099879,15.218053,21.617304,24.08356,27.721113,27.181595,25.387714,21.779163,18.861317,15.732925,13.589228,9.5119915,6.116072,6.3147955,0.0,5.9549966,7.967479,10.061647,10.774537,11.602573,10.610882,13.873346,11.867573,17.59923,16.441257,24.371119,23.665316,26.850582,29.806942,30.152548,28.754574,24.730064,20.604975,23.567661,18.556131,21.207787,18.577913,15.316176,15.462967,14.7569275,14.821116,16.369978,20.92275,21.102184,21.227308,21.882692,25.226131,22.197548,24.555178,24.597132,26.623684,30.114891,30.644169,28.542809,30.354765,27.315006,30.500198,28.759148,32.245453,31.18371,27.273567,28.97196,26.247194,25.46504,27.781305,25.135744,29.46724,27.78575,31.8181,32.549755,33.539787,37.094513,37.214203,32.84549,29.427744,26.604303,23.635302,21.44928,17.6031,15.612431,10.886757,11.807807,10.249073,14.164514,14.888365,12.473423,11.091981,10.2455635,12.719356,13.840182,18.817997,22.116238,21.830084,25.83754,28.392872,29.546883,26.678259,29.953077,23.64669,26.292847,23.033127,25.119198
22,13.137642,11.940787,12.509807,8.627463,11.2915125,12.16294,14.402397,18.41213,18.293886,24.817345,26.234875,30.629013,29.364428,26.928144,23.802198,20.38334,17.047606,14.979807,10.503025,8.957992,5.3880095,5.9549966,0.0,4.0415564,7.94108,9.008901,12.45971,11.152125,15.387106,12.232962,19.126625,17.066048,24.934557,24.771273,27.135225,30.419088,29.98462,28.19255,24.551037,20.662582,22.909771,17.838102,21.355562,18.834854,14.010307,15.450455,13.170625,15.172817,15.09276,19.241806,18.312586,19.175215,18.10592,22.05496,18.671722,21.019794,22.193317,24.286705,27.833138,28.900501,27.262999,28.740705,25.831966,29.202543,26.821476,31.421192,30.374176,26.774796,29.531488,27.414553,25.9558,29.056074,26.3113,30.787348,29.350826,33.048023,34.126736,34.627518,38.32928,38.86476,34.91146,31.795639,28.800138,26.40476,24.351412,20.977955,19.071554,14.407666,15.7334,14.128254,18.231903,19.610678,17.81774,16.853292,15.877292,17.974276,18.78966,23.41504,26.239994,25.695257,29.49988,31.743055,32.826057,30.219833,33.120106,26.96653,29.651825,26.06111,28.267895
23,16.187223,14.737837,15.979677,11.821159,13.883506,15.380256,16.468271,20.836395,19.83232,26.94705,27.673796,32.191696,31.346222,28.900557,26.30106,22.401752,19.605835,16.784685,12.856474,10.564313,8.153677,7.967479,4.0415564,0.0,4.9275556,5.1918187,9.533119,8.864856,13.4235735,11.176954,17.939396,16.950005,24.513384,25.374214,27.21586,30.847855,30.587048,28.337059,25.116276,21.330044,22.327015,16.98736,20.183226,16.781034,11.588362,12.7512245,9.594911,11.903173,11.1962185,15.240537,14.395092,15.671014,14.7936945,19.17754,16.46283,19.341536,20.374474,23.019897,26.431429,27.164389,25.50022,26.196367,22.985422,26.077496,23.242138,27.953644,26.647665,22.998354,26.065437,24.31647,22.887577,26.38215,24.022135,28.622221,27.712692,31.360489,32.904186,33.50627,37.372524,38.394005,34.81557,31.52399,28.925161,26.59657,24.008337,21.524288,18.523743,14.153668,14.900803,12.991974,16.954145,19.018179,17.748758,17.6436,16.627468,18.363409,19.737314,23.394125,26.777212,25.478384,29.543802,31.784353,32.33576,29.702152,31.890135,25.813997,28.063032,24.166391,26.148045
24,16.783497,15.222605,17.757761,14.14155,16.119585,18.823845,19.147469,24.381397,23.306644,30.545158,31.570042,35.79125,35.40464,33.191975,30.45919,26.665869,23.938597,20.988901,17.13338,14.00795,12.543548,10.061647,7.94108,4.9275556,0.0,4.158642,8.358252,10.292657,14.630941,14.265409,20.233002,20.615644,27.959127,29.291403,31.106993,34.840725,34.900215,32.50088,29.41693,25.613493,26.066309,20.600372,23.169147,18.74063,13.992253,13.904599,10.035383,10.894291,9.444872,13.314765,13.6680155,16.189342,15.848858,20.951574,19.279245,22.605755,23.436195,26.540083,29.76781,30.07287,28.297024,28.076633,24.41484,26.868906,23.261625,27.703737,25.558764,21.326702,24.492682,23.307463,22.726555,26.459997,24.953608,29.647852,29.375225,33.14756,35.069195,36.04032,39.996147,41.28605,37.83115,34.22875,32.05676,29.46988,26.328573,24.305115,20.199223,16.091843,15.584445,12.680207,16.24133,19.074144,17.302147,17.334248,17.492172,19.343449,21.644442,24.650661,29.02138,27.205942,31.696774,34.15631,34.2201,31.349478,32.90325,26.792345,28.229637,24.03707,25.226204
25,19.911764,17.845974,19.641848,15.293018,16.531284,18.942131,18.506577,23.429144,21.553596,29.121824,29.37357,33.71831,33.61031,31.388918,29.240356,25.04013,22.89431,19.375372,16.186277,12.956801,12.280349,10.774537,9.008901,5.1918187,4.158642,0.0,5.4597135,6.8210144,11.076315,11.088121,16.681541,17.600197,24.52688,26.472795,27.927805,31.813011,32.053776,29.427563,26.633724,22.971165,22.671768,17.209707,19.455145,14.759854,10.105867,9.848836,5.9321957,7.3366437,6.189996,10.477018,10.706082,12.337186,12.971461,17.504768,16.143085,19.600822,19.866573,23.148785,26.264072,26.280382,24.404789,24.068703,20.361727,22.846996,19.580425,23.866465,22.06706,18.092297,21.195889,19.807495,18.81258,22.60578,20.97911,25.669613,25.494436,29.169207,31.237448,32.182735,36.17911,37.69536,34.50301,30.903574,28.949114,26.54698,23.239239,21.87831,17.439423,13.762763,13.386725,11.089362,14.461854,17.343204,16.715813,17.71202,16.803518,18.034342,20.191248,22.473724,26.702679,24.485312,28.901764,31.214834,31.040796,28.30682,29.552544,23.622953,25.117374,20.902952,22.404917
26,22.178963,19.099459,20.693686,16.158302,16.171986,19.379904,17.20458,22.569792,20.079967,27.71671,27.994158,31.800144,32.5568,30.82034,28.867907,24.729834,23.226252,19.279293,16.940508,12.838819,14.272958,11.602573,12.45971,9.533119,8.358252,5.4597135,0.0,4.9476476,7.511268,10.203762,13.857197,16.617355,23.016083,25.261158,26.950087,30.728874,31.742943,29.197523,26.426262,22.760723,22.233252,16.9082,17.924057,12.536051,10.083659,7.6033864,6.5160475,3.532846,6.235827,10.562336,12.419557,12.534501,15.690371,18.973152,18.306326,21.702894,20.637703,23.969864,26.867308,26.136984,23.794685,23.41998,19.519669,21.57989,19.132956,21.888823,20.093607,15.82957,17.652205,15.600813,15.365558,18.550121,17.315577,21.96319,21.97522,25.91788,28.00833,29.481165,33.42778,34.935184,31.73772,27.796125,26.382578,23.66256,19.816772,19.144732,13.604316,10.735647,9.145063,6.8219056,9.436242,12.680065,12.875056,15.046208,13.821991,14.417196,17.176594,18.24523,23.208422,20.419428,25.12997,27.616222,26.992859,24.070715,24.925587,18.971424,20.013878,15.739994,17.043148
27,22.426195,19.406826,19.86405,14.869383,14.568294,16.63083,14.633798,19.045803,16.15413,23.90945,23.580973,27.742386,28.21816,26.288069,24.708319,20.292791,19.094292,14.912659,13.104063,9.572505,11.289938,10.610882,11.152125,8.864856,10.292657,6.8210144,4.9476476,0.0,4.5855293,5.269724,9.981392,11.766882,18.464304,20.53885,22.192745,25.981863,26.843327,24.346529,21.498762,17.835762,17.521591,12.137562,13.574351,8.987335,6.2270846,4.9004908,5.8285403,5.8908014,8.669087,12.7519865,13.088764,11.556148,14.531437,16.740126,15.200348,18.163616,16.839983,19.79341,22.8494,22.378778,20.019592,20.686415,17.248522,20.09124,18.687548,21.690722,20.996141,17.621363,19.330715,16.614864,15.097554,17.928295,15.453833,20.054684,19.255447,23.120941,24.829374,25.919737,29.843096,31.13321,27.81967,24.128937,22.299744,19.84383,16.434124,15.505545,10.92292,7.7818246,8.113595,7.74622,10.726648,12.70656,13.791037,15.861587,13.115322,13.33678,14.948936,16.508263,20.31592,17.926228,22.20169,24.43621,24.289278,21.642288,23.211794,17.274397,19.444016,15.60738,18.06852
28,26.051805,22.602057,22.650837,17.683277,16.445778,18.458447,15.178444,19.095095,15.334279,22.918163,21.976816,25.749516,26.995575,25.446362,24.497362,20.06518,19.82344,15.341759,14.882678,11.493462,14.497747,13.873346,15.387106,13.4235735,14.630941,11.076315,7.511268,4.5855293,0.0,5.834742,6.40345,10.581189,15.973739,18.673573,20.197678,23.897934,25.443514,22.952913,20.419138,17.068512,16.078161,11.317105,11.129339,6.1559,7.15565,4.0619545,8.432121,6.9256682,11.001663,14.256168,15.0750265,12.10044,16.658905,17.416933,16.532255,19.160585,16.595184,19.394688,22.075457,20.90877,18.185692,18.998747,15.705474,18.267412,18.09744,19.71189,19.59297,16.689304,17.199942,13.704244,12.12242,14.059654,11.3427515,15.839944,14.975302,19.009975,20.722044,22.158045,26.049013,27.428255,24.27945,20.374119,19.110533,16.627226,12.722763,13.096468,7.614999,6.5438924,6.572785,8.040186,9.38713,10.761327,13.533809,16.599802,13.0618,12.167258,13.618475,13.483098,17.31411,14.21748,18.503204,20.681965,20.085434,17.469395,18.672329,12.865009,15.119418,11.494979,14.501556
29,23.834635,20.95517,20.180763,15.113343,14.356539,14.812862,13.070405,15.8086,12.392828,20.041397,18.877153,23.43485,23.586926,21.45494,20.430471,15.701413,15.088668,10.642958,10.0535345,8.007818,10.081255,11.867573,12.232962,11.176954,14.265409,11.088121,10.203762,5.269724,5.834742,0.0,7.08601,6.60076,13.797468,15.471093,17.166952,20.908083,21.628521,19.271372,16.250715,12.567612,12.78464,7.4706793,9.561799,7.2713437,5.459984,6.5474205,9.171705,10.622119,13.155997,16.702126,15.969237,13.077119,15.575536,16.230452,13.694747,15.752396,13.999399,16.163374,19.352287,19.21843,16.86863,19.03008,16.434294,19.980104,19.904638,22.82947,23.248503,20.800451,22.194798,18.989094,16.491856,18.58713,14.924817,19.071112,17.2339,20.851122,21.936192,22.53492,26.326765,27.249556,23.771378,20.471664,18.092701,16.043476,13.455185,12.161833,9.625935,6.9771423,9.58623,10.9986725,13.641682,14.2247715,16.023348,17.862623,13.898408,13.635435,13.666239,15.647385,17.721575,16.021992,19.499918,21.344564,21.841846,19.634346,22.06211,16.488792,19.79132,16.750177,20.12132
30,29.823202,26.387413,25.335382,20.458355,18.592632,19.203379,15.681136,17.453825,12.752963,19.586815,17.128836,20.919897,22.48033,21.080894,21.31646,16.784657,17.91953,13.428106,14.980866,13.12533,16.551538,17.59923,19.126625,17.939396,20.233002,16.681541,13.857197,9.981392,6.40345,7.08601,0.0,6.682058,9.925882,13.089627,14.350273,17.901096,19.947538,17.612347,15.397571,12.650123,11.274431,8.053512,6.0355926,4.8595214,9.2478895,8.246062,13.29398,13.030868,16.675179,19.300676,19.275194,14.898486,19.367981,18.116192,16.879822,18.377268,14.700676,16.454144,18.781666,17.388292,14.455724,16.955427,14.869502,17.843342,19.719496,20.505646,21.868793,20.287653,20.05156,16.031841,13.382162,13.707434,9.380906,12.840161,10.402643,14.254914,15.187634,16.317875,20.0996,21.19621,18.021378,14.32496,12.987006,11.063563,7.632183,9.41649,6.479981,8.094063,10.029836,13.084905,13.698489,13.317414,17.118443,20.134783,15.473738,13.706417,13.321565,12.342549,13.752234,10.905902,13.977115,15.537158,15.299718,13.36879,15.326104,10.444215,14.206646,12.172399,16.263235
31,27.786903,24.975132,23.023586,18.363066,16.918217,15.681542,13.914128,13.782511,9.537297,16.089819,13.185048,18.116804,18.154964,15.958264,16.26104,11.282009,12.406294,8.110952,10.507848,10.830176,13.202851,16.441257,17.066048,16.950005,20.615644,17.600197,16.617355,11.766882,10.581189,6.60076,6.682058,0.0,7.9969525,8.926216,10.790378,14.351828,15.273324,13.2654295,10.011778,6.494564,7.819691,4.6356587,6.302063,8.929517,9.978945,11.607807,15.130653,16.659143,19.344635,22.377716,21.166695,17.202278,19.571962,18.30686,15.340798,15.885685,13.239982,13.794818,16.697891,16.740438,14.432755,18.577171,17.33415,21.186726,22.841736,25.04302,26.639164,25.17904,25.905542,22.249474,19.126362,19.987162,15.39592,18.37919,15.246437,18.238188,18.246029,18.204264,21.618532,21.914833,18.244934,15.612322,12.554303,11.3663025,10.460273,9.2607975,10.375674,9.843098,13.410208,16.066126,17.931961,17.195282,19.797384,21.581722,16.739765,15.742196,13.9873,15.62205,15.024853,14.335834,16.2297,17.322935,18.648022,17.260567,20.611631,16.121376,20.443829,18.663456,22.722063
32,35.697117,32.824974,30.623806,26.143444,24.340467,22.782085,20.571516,18.924189,14.392908,18.419754,12.813129,17.076311,17.903984,16.212023,18.924109,14.636524,17.604723,14.347909,17.914503,18.670792,21.072548,24.371119,24.934557,24.513384,27.959127,24.52688,23.016083,18.464304,15.973739,13.797468,9.925882,7.9969525,0.0,6.35052,4.757568,8.542331,10.714779,8.406102,7.6952944,7.7767677,5.1145263,8.19811,5.858311,11.824146,15.289966,16.543507,20.78412,22.141045,24.884722,26.954206,25.598963,20.56156,23.546059,20.167038,18.21456,17.580212,13.507305,12.590715,13.979595,13.166753,10.958789,16.450094,16.88359,20.293499,23.972176,24.768818,27.682482,27.604538,27.526726,23.812458,20.116335,19.632984,14.797384,15.778293,11.8973465,13.220996,12.270382,11.151458,14.199381,14.627778,11.965463,10.529351,8.204153,9.665381,10.451123,12.317499,14.576056,16.272999,19.26325,22.484367,23.319752,22.17068,25.851324,28.230598,23.105465,21.317083,19.125267,18.649618,16.083189,15.270896,14.999447,14.5995455,15.704515,15.841034,18.54921,16.468523,20.82112,20.385027,24.680498
33,33.894783,31.148117,28.149961,24.307156,22.26267,19.734537,18.049372,14.593917,10.8805275,12.9101925,6.755767,11.605934,11.625693,9.8911705,13.002672,9.381402,13.208848,11.237651,15.728047,17.564638,20.020342,23.665316,24.771273,25.374214,29.291403,26.472795,25.261158,20.53885,18.673573,15.471093,13.089627,8.926216,6.35052,0.0,5.083977,6.348166,8.4773,8.566569,5.401685,5.423765,9.030769,11.2831745,10.941157,16.1951,18.569881,20.050804,23.947485,25.228218,28.15082,30.934303,29.587452,25.1087,27.382988,24.828667,21.872072,21.034092,18.027367,16.583614,18.380846,18.573181,16.77851,22.495474,22.749876,26.374716,29.528404,30.741816,33.284477,32.615837,32.556248,28.572435,25.342892,24.801746,19.99101,21.159708,16.900557,18.519238,16.584633,15.613657,17.683693,16.32351,12.206828,11.50341,7.3677354,8.611215,11.46652,10.666758,15.574526,16.680075,20.25427,23.547432,24.69938,22.816107,25.817032,27.388857,22.198528,20.669386,17.445824,18.430576,14.312606,15.539093,14.493529,14.077591,16.851706,16.951748,21.335415,18.894356,23.751486,23.579702,27.896973
34,37.398403,34.844757,32.13286,28.012918,26.313759,23.851213,22.432623,19.423668,15.59412,17.920368,11.416117,15.756703,15.65338,13.733188,17.4944,13.7870455,17.281511,15.0904665,19.127844,20.918911,22.809774,26.850582,27.135225,27.21586,31.106993,27.927805,26.950087,22.192745,20.197678,17.166952,14.350273,10.790378,4.757568,5.083977,0.0,4.307275,6.0032697,4.4997115,4.6480665,7.160808,6.5877295,11.0633745,10.1614,16.24462,18.870573,20.70958,24.52367,26.33288,28.824389,30.973408,29.201206,24.327156,26.447313,22.865871,20.351748,18.910727,15.534216,13.39709,14.43669,14.563393,13.206604,19.323107,20.4285,23.955061,27.71467,28.846045,31.964396,32.05852,32.185467,28.545511,24.749361,24.26983,19.469767,20.080063,16.10758,16.702448,14.998761,13.046626,15.065046,14.544762,12.001217,12.182217,9.235415,11.69658,13.954339,14.768102,18.427877,19.749842,23.104042,26.295626,27.391562,25.981564,29.340612,31.27189,26.101353,24.49569,21.71819,21.956219,18.260136,18.547552,17.359854,16.415607,18.365007,19.003586,22.246284,20.6156,25.131668,24.953474,29.274267
35,39.871822,37.32292,34.220333,30.464819,28.543884,25.717655,24.339792,20.37933,17.071438,17.48757,10.510264,13.870688,13.701637,12.34053,17.051355,14.442938,18.476732,17.17103,21.595512,23.738123,25.760366,29.806942,30.419088,30.847855,34.840725,31.813011,30.728874,25.981863,23.897934,20.908083,17.901096,14.351828,8.542331,6.348166,4.307275,0.0,4.5603414,6.0713067,6.709724,9.882254,10.8435955,15.22727,14.2703285,20.277662,23.032461,24.744423,28.653866,30.266935,32.936203,35.193382,33.48795,28.620104,30.701445,27.073723,24.483719,22.813494,19.642176,17.151985,17.807816,18.03864,16.96119,23.1177,24.491734,27.849691,31.874195,32.680916,35.940556,36.105663,35.934,32.14477,28.519554,27.583876,22.872055,22.957817,18.756212,18.915606,16.375624,14.231388,15.148816,13.401453,10.809281,12.357421,9.463131,12.603326,15.951883,16.492218,21.151354,22.725811,26.127571,29.487488,30.416866,28.578203,31.915401,33.665855,28.444277,26.745634,23.521439,23.742374,18.99148,20.104954,17.905268,16.39899,18.959505,20.127962,23.795408,22.849049,27.45465,27.81839,32.142334
36,39.55393,37.48597,34.2921,30.664759,29.239939,25.840042,25.512186,21.291319,18.563505,19.055649,12.486345,16.500721,14.819793,12.558304,17.219894,14.576432,18.127058,17.343452,21.422117,24.237455,25.365028,30.152548,29.98462,30.587048,34.900215,32.053776,31.742943,26.843327,25.443514,21.628521,19.947538,15.273324,10.714779,8.4773,6.0032697,4.5603414,0.0,4.0131545,5.5202484,9.586691,10.885049,15.4408,15.677099,21.690357,23.392109,25.808441,29.066658,31.397215,33.53017,35.750065,33.50907,28.933859,30.023388,26.417307,23.341095,21.140333,18.832869,15.737827,16.425198,17.663517,17.217413,23.505148,25.105133,28.753796,32.378525,34.025578,37.25073,37.454052,37.925697,34.4094,30.486576,30.192757,25.404348,25.91023,21.975958,22.14173,20.101715,17.650623,18.716991,17.433077,15.330302,16.765745,13.641723,16.332521,19.33716,19.139736,23.660696,24.451752,28.095493,31.133474,32.57918,31.040512,33.95552,35.354065,30.27211,28.969273,25.768576,26.850555,22.457188,23.645824,21.945227,20.70699,23.277992,24.185457,27.807486,26.347815,30.969604,30.849241,35.180428
