,0,1,2,3,4,5,6,7,8,9,10,11,12,13,14,15,16,17,18,19,20,21,22,23,24,25,26,27,28,29,30,31,32,33,34,35,36,37,38,39,40,41,42,43,44,45,46,47,48,49,50,51,52,53,54,55,56,57,58,59,60,61,62,63,64,65,66,67,68,69,70,71,72,73,74,75,76,77,78,79,80,81,82,83,84,85,86,87,88,89,90,91,92,93,94,95,96,97,98,99,100,101,102,103,104,105,106,107,108,109,110,111,112,113,114,115
0,0.0,4.283396,8.120145,10.574801,13.251174,15.671051,20.027937,23.738117,26.140825,28.797737,33.052303,35.47471,35.225815,31.35373,26.306736,25.53532,21.637867,20.935589,15.52682,17.168283,14.685488,14.671491,14.038553,17.420654,19.643597,19.274384,20.935507,19.817963,23.908815,20.511179,28.458378,23.51808,30.2894,28.69784,30.699203,33.52664,31.152925,30.238577,26.6694,24.365767,27.78106,24.325,28.571682,27.543852,23.068035,26.55157,22.327744,25.087923,24.196384,24.10329,27.472914,28.196665,32.99132,35.148518,35.761944,32.007717,32.6015,34.090786,38.704155,38.182262,34.61263,32.92553,38.273773,38.650238,42.357162,38.24782,35.358456,40.9704,37.99821,34.82408,36.468327,38.01318,34.762676,32.450577,35.820568,33.80582,36.93748,38.70165,37.643906,41.81244,38.53225,42.129436,41.496704,37.219784,33.5491,31.12254,28.134392,26.476742,21.642324,21.000168,21.305576,18.414494,21.607391,22.597765,20.614456,20.75769,18.946903,16.427479,12.75596,13.936227,14.189996,11.879817,14.625716,17.752642,17.105824,23.49073,22.771101,26.864338,30.03405,30.533043,27.407618,31.585524,26.142574,28.156801,27.844795,27.477375
1,4.283396,0.0,4.051461,7.2173095,9.542843,11.744318,16.279387,19.544052,22.181633,24.678797,28.981064,31.519396,31.611408,27.713533,22.553917,21.798561,18.05159,17.554802,12.798051,14.533312,13.130696,13.048097,13.63016,16.586151,18.154087,17.905746,18.588663,17.23706,20.868137,17.533949,25.171305,20.210869,27.028894,25.23416,27.628641,30.271841,28.298342,27.5769,23.679844,21.233624,25.011467,21.62998,25.68006,24.749046,20.825981,24.009533,20.556295,23.18973,22.865416,22.052916,25.319386,25.572859,30.523787,32.243423,33.271664,29.68408,29.72358,31.208126,35.756165,35.126713,31.503681,29.620287,34.777584,35.0027,38.668396,34.62365,31.528042,37.028008,33.915436,30.705494,32.22306,33.772346,30.499231,28.266514,31.715918,29.83207,33.088024,34.92711,34.094242,38.357456,35.017574,38.903484,38.378056,34.22804,30.422426,28.266188,24.939896,23.823248,19.196669,18.625368,19.649023,17.047262,20.778116,21.403204,20.147705,19.139664,17.64212,14.497143,11.285251,10.872624,10.701578,7.8817463,10.719807,13.774899,12.9918165,19.225468,18.702677,22.705608,25.852213,26.558277,23.516605,28.03451,22.693913,25.104643,25.13374,25.20968
2,8.120145,4.051461,0.0,4.8798423,7.0890164,7.840229,12.996305,15.838741,18.63075,21.269371,25.336489,28.179323,28.57569,24.992836,19.737677,19.399233,16.012558,16.270744,12.630524,14.623509,14.479729,14.45418,15.994874,18.378695,19.315187,19.053234,18.643297,16.853449,19.686434,16.26238,23.093828,17.94704,24.49395,22.162222,24.892752,27.127508,25.40166,25.073376,20.927877,18.581348,22.96128,20.052004,23.88624,23.39238,20.286848,23.296667,20.845688,23.549316,23.8981,22.461004,25.494389,25.106058,30.146675,31.25932,32.722015,29.335512,28.648937,29.936436,34.474514,33.485355,29.720356,27.88464,32.778427,32.892376,36.37399,32.233704,29.069647,34.37413,30.866032,27.657856,28.821882,30.519564,27.134233,25.261156,28.874582,27.37305,30.832748,32.8279,32.394764,36.7689,33.314823,37.621056,37.169636,33.267616,29.31087,27.601183,23.81571,23.561024,19.32949,18.902924,20.667707,18.42447,22.47325,22.621992,21.870472,19.699451,18.326218,14.637493,11.675103,10.071726,8.4373045,5.2027073,7.1405134,10.761891,10.403618,15.7838955,16.138144,19.71141,22.771118,23.986364,21.191555,26.285315,21.296265,24.185143,24.748344,25.294722
3,10.574801,7.2173095,4.8798423,0.0,3.8736103,6.3334284,9.555379,14.256727,15.835039,19.058607,22.909702,25.294914,24.917423,21.59166,16.532417,16.831482,13.449689,15.087315,11.35648,14.628846,14.59505,15.738478,17.158497,18.479967,19.365946,18.269098,17.402315,14.756035,17.21104,13.073769,19.525118,14.031909,20.367477,18.2211,20.508234,23.088884,21.108425,20.461369,16.488472,14.164428,18.395502,15.748638,19.78132,19.777727,16.874777,20.472069,18.394003,22.03552,23.012293,21.948017,24.637766,23.677637,28.598415,29.441074,30.649286,27.161682,26.236576,26.982048,31.85589,30.269861,26.299534,25.260279,30.381353,30.991951,34.137173,29.390072,27.062632,32.564762,28.900463,25.961916,27.525356,29.764948,26.743698,24.761845,29.145863,27.128212,31.283361,32.78668,32.390373,36.59589,32.49071,37.00269,35.923237,32.326145,28.302074,27.041712,22.853159,23.687498,19.54789,20.142721,22.261408,20.712362,24.928715,25.730146,25.641169,23.624987,22.705858,19.029427,16.503819,14.028994,12.369501,8.83523,9.725643,13.259682,11.867614,16.046299,16.812218,20.380915,23.1903,25.011562,22.39958,27.731802,22.524893,26.082155,26.32841,27.575375
4,13.251174,9.542843,7.0890164,3.8736103,0.0,6.064971,7.2362933,11.709409,13.287215,15.93707,20.248755,22.282528,22.095293,18.25746,13.130387,13.031292,9.606798,11.479359,8.684134,12.050707,13.009326,14.347943,16.413597,16.985384,17.257254,16.17857,14.446805,11.651185,13.588999,9.697316,16.08843,10.881684,17.606758,15.947217,18.607096,21.411055,20.139126,19.27357,15.058411,12.218913,16.164637,13.122881,16.816616,16.524921,14.086568,17.160946,15.821991,19.161692,20.611132,19.111637,21.5558,20.230654,25.142447,25.733814,27.142542,23.809746,22.582785,23.40319,28.165318,26.697647,22.803816,21.478905,26.550055,27.127823,30.319817,25.7001,23.25572,28.82721,25.374144,22.436867,24.363699,26.570951,23.805386,21.463717,26.054813,23.638561,28.00284,29.257208,28.83315,32.96727,28.71541,33.287533,32.140324,28.644669,24.59558,23.550972,19.194845,20.56712,16.770113,17.776426,20.34952,19.400034,23.738802,24.64376,25.367485,23.053505,22.754625,19.116152,17.64123,13.764088,12.700089,9.0847435,10.118521,12.354376,9.779452,13.644491,13.9284115,17.692217,20.3948,22.224371,19.64879,24.911837,19.632633,23.542925,23.694254,25.443523
5,15.671051,11.744318,7.840229,6.3334284,6.064971,0.0,6.5010653,8.981255,11.334675,14.6397295,17.968075,21.205683,21.874763,19.197323,14.079518,15.090198,12.918755,15.353449,14.202974,16.76474,18.353558,18.896763,21.354479,22.459997,22.476707,21.85873,19.676962,17.02701,17.919928,14.464414,18.722183,13.455656,18.812468,15.436278,18.693052,20.127993,18.980225,19.36894,14.900024,12.9229145,18.279745,16.707743,19.835773,20.458132,19.258425,21.918009,21.539526,24.53415,26.165775,24.048922,26.367023,24.671303,29.545135,29.421913,31.468636,28.52448,26.472084,27.081326,31.591381,29.678463,25.678215,24.394125,28.710777,28.870352,31.732904,27.1849,24.42085,29.311106,24.984943,22.007036,22.646301,24.970535,21.663555,20.524214,24.855057,23.821028,27.974474,29.89158,30.21926,34.564667,30.63491,35.683403,35.035397,31.848082,27.744108,27.126356,22.550995,24.34111,21.095346,21.433039,24.27937,22.997734,27.326494,27.207075,27.51152,24.076061,23.253666,19.236155,17.269686,13.97428,10.848963,8.379072,6.689261,9.910578,9.737662,11.150162,13.790805,16.093565,18.60731,21.200724,19.182974,25.161488,20.97228,24.860823,26.053444,27.690208
6,20.027937,16.279387,12.996305,9.555379,7.2362933,6.5010653,0.0,6.959902,6.4728136,10.318408,13.631498,15.864248,15.703738,13.055321,8.194274,10.372533,9.096674,13.479992,13.657768,16.828653,18.982294,20.432575,22.97262,22.768845,22.330341,21.083033,17.97753,14.6911955,14.1442,10.708883,12.805097,7.5592895,12.313837,9.275102,12.645906,14.652761,14.142553,14.019391,9.39616,6.9346304,12.197739,11.265197,13.801504,15.1240015,15.278122,17.745132,18.78333,22.181814,24.719345,22.719803,24.328936,21.766531,26.225893,25.467775,27.416203,24.677507,21.99355,21.91374,26.56491,23.962755,19.814793,19.375902,23.683218,24.399332,26.774303,21.594248,19.879414,24.920382,20.553429,18.024042,19.475199,22.456465,19.991327,18.482063,23.759182,21.839552,26.816948,27.904198,28.272327,32.246693,27.564314,32.800735,31.426346,28.797941,24.746572,24.898895,19.973455,23.312143,20.69552,22.1701,25.416792,25.10227,29.467642,30.000612,31.277134,28.026697,27.93299,24.090271,22.939445,18.597908,16.43536,13.708046,12.659546,14.315232,12.43037,11.951134,14.330777,16.444872,18.320038,21.445757,19.802185,25.581383,21.362204,25.909487,26.652416,29.188562
7,23.738117,19.544052,15.838741,14.256727,11.709409,8.981255,6.959902,0.0,5.0355444,6.201675,9.851106,13.360916,15.750114,13.228312,8.920102,10.315917,10.809929,14.0134945,16.578924,18.220352,21.599054,22.07471,25.457064,25.40423,24.185352,23.852964,19.996946,17.600313,16.027632,14.467247,14.822298,11.670553,14.988804,11.664197,16.114239,16.622465,17.78486,18.584478,14.145548,12.254032,16.929081,16.2527,17.36378,18.236277,19.5196,20.321545,22.444742,24.332016,26.981539,23.825203,25.162685,22.362356,26.634432,25.11044,28.083477,26.107931,22.637165,23.024517,26.69373,24.610813,20.983429,19.262754,22.22974,21.910446,24.307398,20.26528,17.084295,21.17573,16.404383,13.493944,13.713091,16.336512,13.38296,12.645471,17.571611,16.859285,21.478012,23.160957,24.266531,28.3972,24.383299,29.94495,29.49135,27.149559,23.207613,23.778152,18.966991,22.565525,21.050701,21.845776,25.523733,25.40619,29.615778,29.173056,30.874895,26.49255,26.717316,22.957186,22.848969,17.842855,15.517574,14.117887,12.237808,11.752022,10.71684,6.2796845,10.355608,10.597544,11.967968,15.720046,14.835159,20.880594,18.060827,22.575396,24.290655,27.017277
8,26.140825,22.181633,18.63075,15.835039,13.287215,11.334675,6.4728136,5.0355444,0.0,5.034443,7.1617928,9.950315,11.206767,9.7777195,6.4123816,9.824454,11.140515,15.736846,18.165226,20.551853,23.659588,24.841816,27.89771,27.267014,26.139368,25.176924,21.167309,18.214533,15.941646,14.099383,12.244512,9.394219,10.685226,6.7889705,11.311426,11.688408,13.290217,14.103988,9.99135,8.670177,13.079107,13.715526,14.227499,16.182499,18.438868,19.50859,22.32954,24.918364,28.045029,25.3827,26.312529,23.00936,26.884031,24.951395,27.596642,25.6828,21.841394,21.361067,25.273779,22.220524,18.359781,17.996517,20.92469,21.332035,22.992525,18.007723,16.418125,20.478092,15.372033,13.244199,13.979733,17.47708,15.468648,14.845926,20.331705,19.062027,24.205883,25.173122,26.300379,30.028038,25.364687,31.00298,29.794708,27.97786,24.143574,25.262602,20.290754,24.819216,23.410141,24.943972,28.62145,28.826653,33.077415,33.173466,35.037556,31.037472,31.314156,27.536678,27.119131,22.241144,19.933077,18.040798,16.26125,16.554367,15.08982,11.17727,14.615921,14.887894,15.669632,19.63361,19.002798,24.701271,21.778564,26.520767,27.793432,30.872597
9,28.797737,24.678797,21.269371,19.058607,15.93707,14.6397295,10.318408,6.201675,5.034443,0.0,5.5718,7.6331325,10.919921,8.478949,6.3691177,8.267332,11.021983,14.744414,18.816647,20.284632,24.114773,24.991125,28.44226,27.44281,25.707514,25.16729,20.604841,18.292414,15.12074,14.865497,11.747435,11.07535,11.877141,9.835915,14.219078,14.546167,17.23679,17.750134,14.069315,12.449389,15.412077,15.500807,14.910516,16.069658,19.125107,18.795048,22.541376,24.014975,27.35091,24.095663,24.56347,20.99026,24.452868,21.933502,25.161577,23.875408,19.524742,19.356565,22.456123,19.950254,16.66638,15.263233,17.217964,17.044598,18.765358,14.6209755,12.0444975,15.726386,10.652962,8.255657,9.375834,12.782827,11.312683,10.309661,15.975394,14.521877,19.757652,20.492699,21.884682,25.46053,20.940048,26.690718,25.796465,24.315754,20.682486,22.282812,17.526257,22.56083,22.137974,23.669538,27.5554,28.28123,32.3031,32.21154,34.727436,30.464169,31.297773,27.813046,28.35778,22.811409,21.214159,19.696146,18.28616,17.157845,15.225768,10.2243395,12.80156,12.27241,12.311549,16.244696,16.133272,21.290716,19.111692,23.859327,25.261135,28.727705
10,33.052303,28.981064,25.336489,22.909702,20.248755,17.968075,13.631498,9.851106,7.1617928,5.5718,0.0,5.0632205,9.346657,10.293962,10.316255,13.268708,16.182432,20.25573,24.072462,25.794722,29.486443,30.444439,33.821686,32.852562,31.20063,30.496153,25.950813,23.436281,20.073645,19.579718,15.028888,14.722104,12.944737,9.982716,13.809676,12.267195,15.88582,17.356655,14.549702,14.234517,17.056957,18.68402,17.542048,19.706816,23.401474,23.249872,27.337898,29.121992,32.624516,29.502264,29.772903,25.985453,29.033817,26.003572,29.218609,28.256033,23.54436,22.70274,25.450047,22.150831,19.075068,18.81029,19.683731,19.63158,20.151993,15.988962,14.799994,16.85352,11.031383,10.0887985,9.268698,13.341133,12.486102,13.348169,18.35728,18.063484,22.928585,23.634262,25.618532,28.811768,24.44667,30.229645,29.273018,28.494238,25.166172,27.224104,22.617693,27.937323,27.689817,29.212849,33.108368,33.76887,37.802887,37.53136,39.899113,35.36148,35.981804,32.389122,32.611664,27.456327,25.209341,23.968552,21.874226,21.149796,20.076555,14.177927,17.758423,16.165545,15.469499,19.860611,20.442202,25.47509,24.131008,28.730505,30.429327,33.907097
11,35.47471,31.519396,28.179323,25.294914,22.282528,21.205683,15.864248,13.360916,9.950315,7.6331325,5.0632205,0.0,5.7581015,7.4616804,10.066356,12.821005,16.39551,20.564901,24.76958,26.516132,30.215666,31.561941,34.798496,33.1727,31.335413,30.364239,25.630133,23.177479,19.124994,19.32942,12.8650875,14.410003,10.82313,10.031106,12.874334,11.966184,16.2814,16.937538,14.995901,14.681382,15.662085,17.627972,15.321438,17.596865,22.23408,21.468517,26.36038,28.00169,31.85076,28.978125,28.690174,24.560139,26.909578,23.42362,26.431175,25.876862,20.868761,19.44705,21.811218,18.053017,15.352907,15.883004,16.104162,16.641842,16.393164,11.759189,12.253068,14.041173,8.758666,9.132852,10.1325,14.153445,14.683837,14.596517,19.748953,18.313969,23.448284,23.188402,24.93764,27.547106,22.697798,28.272287,26.654865,26.485264,23.501339,26.093641,21.725088,27.699104,27.919624,30.022442,33.890293,35.06498,38.968723,39.188187,42.025112,37.88017,38.86853,35.43047,35.935432,30.418463,28.751286,27.128107,25.57211,24.72747,22.81235,17.634151,20.043139,18.958042,18.083078,21.99399,22.560179,26.886036,25.391804,30.069162,31.217806,35.074337
12,35.225815,31.611408,28.57569,24.917423,22.095293,21.874763,15.703738,15.750114,11.206767,10.919921,9.346657,5.7581015,0.0,6.0867195,9.921565,13.4098,16.4535,21.308687,24.544205,27.025684,30.099066,32.073227,34.807983,32.854656,31.384762,29.77723,25.384705,22.464647,18.555769,18.135084,10.819463,12.604179,6.626546,7.464283,8.422901,8.458628,12.708823,12.531675,11.781439,12.038998,11.405075,14.54024,11.795804,15.113068,19.992617,19.934107,24.728827,27.2761,31.24787,29.187656,28.831785,24.67022,26.8491,23.693384,25.811386,24.898615,20.24056,17.959528,21.046082,16.259418,13.102332,15.651502,16.870575,18.62058,18.109564,12.112471,14.772025,17.43819,13.237816,13.719579,15.729707,19.655674,20.08993,19.3319,24.815447,22.512093,27.943514,27.263115,28.424183,30.855362,25.435001,30.687963,28.164589,27.97773,25.00192,27.471037,23.041018,29.096231,28.817947,31.460245,35.121845,36.323452,40.302364,41.161854,43.8704,40.332676,41.201603,37.676266,37.69126,32.382645,30.760094,28.548285,27.280134,27.269608,24.925283,20.995983,23.090595,23.045122,22.722849,26.44743,26.462927,30.87921,28.44102,33.271564,33.81683,37.673836
13,31.35373,27.713533,24.992836,21.59166,18.25746,19.197323,13.055321,13.228312,9.7777195,8.478949,10.293962,7.4616804,6.0867195,0.0,5.301491,7.675196,10.989259,15.506951,19.190945,21.342697,24.59594,26.53619,29.340326,27.183561,25.512146,24.052166,19.490799,16.818108,12.636446,12.906902,5.453261,8.411778,5.4953165,8.0665245,10.329544,12.48384,15.475919,14.36231,12.225025,10.72504,9.994303,10.88114,8.137129,10.150406,15.0218315,14.347181,19.315226,21.397322,25.363436,23.13521,22.786692,18.657064,21.128866,18.298279,20.540583,19.368593,14.777294,13.118733,16.713171,12.801079,9.109675,10.308364,12.873988,14.610434,15.430981,9.2859745,10.593054,15.0003195,11.562331,10.988226,14.518611,17.91888,18.103638,15.991746,21.704609,18.341553,23.961676,23.13352,23.714027,26.3726,20.750969,25.95474,23.4286,22.61964,19.385609,21.579699,17.070124,23.078697,22.844725,25.632162,29.249596,30.663925,34.53422,35.603745,38.56557,35.34394,36.50638,33.19988,33.656784,27.995382,27.126999,24.728825,24.176908,23.696754,20.56919,17.708984,18.549603,19.381111,19.476421,22.572441,22.10104,26.231176,23.193062,28.021997,28.17922,32.073097
14,26.306736,22.553917,19.737677,16.532417,13.130387,14.079518,8.194274,8.920102,6.4123816,6.3691177,10.316255,10.066356,9.921565,5.301491,0.0,4.4698825,6.762448,11.811294,14.955625,17.323742,20.532211,22.266954,25.166725,23.582703,22.159111,20.872402,16.502003,13.569968,10.326078,9.429465,6.024964,4.9920173,7.261599,7.3799605,10.929347,13.404055,15.186773,14.281369,10.712582,8.173005,9.876083,9.212641,8.83248,10.055176,13.108999,13.421057,17.105621,19.500732,23.037325,20.630964,21.062138,17.432907,20.994135,19.091188,21.400675,19.471813,15.611047,15.024362,19.209818,16.318893,12.367676,11.980146,15.768309,16.828806,18.807722,13.406848,12.400071,17.567537,13.761007,11.813739,14.831036,17.998154,16.984867,14.640343,20.460215,17.335985,22.900297,22.863522,23.255384,26.617159,21.325665,26.645657,24.709286,22.896488,19.129854,20.422596,15.487123,20.656605,19.584011,21.98252,25.606512,26.534092,30.610085,31.495213,34.04535,30.783817,31.67661,28.243921,28.448935,22.937124,21.953306,19.459438,18.992865,18.749657,15.616097,13.518737,14.474249,16.01459,16.862871,19.918684,18.885324,23.68753,20.00384,24.889097,25.221075,28.735062
15,25.53532,21.798561,19.399233,16.831482,13.031292,15.090198,10.372533,10.315917,9.824454,8.267332,13.268708,12.821005,13.4098,7.675196,4.4698825,0.0,4.119955,7.9628453,12.378296,13.924279,17.60605,19.146317,22.25592,20.38337,18.53428,17.610392,12.876664,10.595218,6.8768144,7.7221894,6.2927294,6.698872,10.6660185,11.815805,15.063577,17.829773,19.50276,18.259373,14.706471,11.736079,12.697422,10.295352,9.976887,9.102858,11.592147,10.673232,14.514744,15.864346,19.388227,16.548475,16.884357,13.284412,17.063856,15.442821,17.997164,16.072649,12.41331,12.832931,16.778988,15.1651945,11.711047,9.405577,13.72845,14.418769,17.31378,12.866298,10.473609,16.282486,13.652623,11.267422,15.094463,17.426857,16.531784,13.088262,18.607193,14.56367,20.023373,19.759388,19.627731,23.055706,17.81103,22.9209,21.148455,18.869835,14.967367,16.00518,11.041293,16.240356,15.512254,18.056133,21.718334,23.02706,26.924103,27.944607,30.933208,27.895634,29.223803,26.1171,27.01157,21.073366,21.04239,18.582214,18.899343,17.835144,13.898282,12.935587,12.076492,14.395126,15.4481125,17.607681,16.223421,20.404343,16.326254,21.1591,21.114576,24.777124
16,21.637867,18.05159,16.012558,13.449689,9.606798,12.918755,9.096674,10.809929,11.140515,11.021983,16.182432,16.39551,16.4535,10.989259,6.762448,4.119955,0.0,5.465247,8.423923,10.611358,13.866116,15.627331,18.526209,16.898153,15.464562,14.358327,10.076937,7.309461,5.3918686,4.496701,8.165189,6.14376,12.430135,13.201222,16.17428,19.433115,20.127909,18.623796,14.806459,11.43707,12.8933115,9.267749,10.670304,9.198435,9.407523,9.770347,11.853267,13.857041,16.911064,14.448134,15.53083,12.692128,17.16944,16.729364,18.6647,15.971533,13.553441,14.425091,18.841362,17.651573,14.101237,11.93976,16.988035,17.73697,20.970108,16.622253,14.224704,20.130642,17.65808,15.045396,18.503433,20.625202,19.147453,15.6479,20.825073,16.85569,21.935173,22.010338,21.422129,25.068844,20.104034,24.802418,23.108385,20.141453,16.112715,16.12356,11.258755,15.105391,13.181699,15.708346,19.133305,20.070316,24.12073,25.430447,28.048452,25.479534,26.596575,23.474142,24.035572,18.344913,18.59796,15.722622,16.650309,16.115505,11.80609,13.003197,11.607674,15.102631,16.896353,18.61085,16.540886,20.87795,15.865547,20.51881,20.144482,23.352732
17,20.935589,17.554802,16.270744,15.087315,11.479359,15.353449,13.479992,14.0134945,15.736846,14.744414,20.25573,20.564901,21.308687,15.506951,11.811294,7.9628453,5.465247,0.0,6.3980827,6.165896,10.415164,11.496423,14.834321,13.100972,10.998462,10.908875,6.4070325,5.8478622,5.7343864,7.279431,12.4207,11.465305,17.61932,18.608652,21.62095,24.84614,25.545694,24.002731,20.175848,16.765488,17.973059,13.714434,15.050237,12.2398,11.054972,10.086918,10.908558,10.810072,13.200881,9.82878,11.395902,9.531219,14.495074,15.0797615,17.103601,14.415664,13.152833,15.40719,19.023802,19.475796,16.78072,13.053089,17.845428,17.92161,21.927965,18.969324,15.377578,21.123259,19.773764,16.91621,20.461468,21.591549,20.07758,15.908457,20.047539,15.604446,19.854692,19.967539,18.643827,22.389088,18.098131,22.122404,21.03151,17.252405,13.252491,12.103066,7.7743034,9.945673,7.828304,10.364961,13.859612,15.203167,19.04945,20.486477,23.606644,21.410334,23.07466,20.501024,22.01289,16.013584,17.702324,15.142989,17.109333,15.566186,10.633166,13.764869,10.094745,14.521491,16.615602,16.916851,14.279748,17.558702,11.813504,16.055527,15.074457,18.20593
18,15.52682,12.798051,12.630524,11.35648,8.684134,14.202974,13.657768,16.578924,18.165226,18.816647,24.072462,24.76958,24.544205,19.190945,14.955625,12.378296,8.423923,6.3980827,0.0,4.5028806,5.663657,8.070487,10.277947,9.170884,8.842672,7.7230663,6.122292,4.64766,8.751237,7.108437,15.30911,12.539915,19.60141,20.260149,22.616821,26.315262,25.80837,23.951544,20.254068,16.865322,18.288557,13.498794,16.442707,13.887247,10.032554,11.693402,8.986283,10.966885,12.001567,10.647867,13.34365,12.974637,17.884806,19.67091,20.477238,16.92191,17.139133,18.987799,23.291475,23.386086,20.33153,17.860353,23.291029,23.894445,27.71306,24.066433,21.33774,27.242723,25.500565,22.656738,25.895365,27.353941,25.369696,21.631992,25.74786,21.776089,25.75884,26.156086,24.636864,28.331324,24.206137,27.756525,26.394531,22.371784,18.643131,16.730019,13.306993,13.359039,9.077161,11.191556,13.440857,13.655954,17.688644,19.885551,21.88437,20.880817,21.837076,19.228472,19.581125,14.751488,16.561142,13.276799,16.070803,16.100378,11.592316,16.887262,13.99993,18.861576,21.47475,21.837069,18.809847,22.326897,16.131699,19.603317,18.233137,20.210709
19,17.168283,14.533312,14.623509,14.628846,12.050707,16.76474,16.828653,18.220352,20.551853,20.284632,25.794722,26.516132,27.025684,21.342697,17.323742,13.924279,10.611358,6.165896,4.5028806,0.0,4.786014,5.3908696,8.757179,7.686294,6.115939,6.995933,5.453858,6.819271,10.181872,10.495421,17.730179,15.894298,22.69821,23.452087,26.181973,29.653002,29.5917,27.898165,24.067041,20.634897,22.028677,17.247227,19.53976,16.44321,13.129154,13.176698,10.820526,10.265427,10.545017,7.9351683,11.058638,11.600549,16.462626,18.629587,19.767063,16.616625,17.198694,19.836346,23.346378,24.44174,21.948826,18.395668,23.297,23.313805,27.525696,24.881186,21.285473,26.883398,25.795633,22.82779,26.04459,26.82646,24.908579,20.86067,24.164185,20.091743,23.342419,23.807285,21.926132,25.612612,22.168232,25.23053,24.500177,20.098618,16.579256,13.970631,11.392892,9.666593,5.002457,6.698312,9.13847,9.85079,13.797549,15.943591,18.63478,17.71265,19.31011,17.258438,18.776474,13.546756,16.517328,13.91536,17.104504,15.951349,11.287704,17.025707,12.844699,17.8519,20.454163,19.868996,16.656706,19.207436,12.862267,15.751113,13.980274,15.827601
20,14.685488,13.130696,14.479729,14.59505,13.009326,18.353558,18.982294,21.599054,23.659588,24.114773,29.486443,30.215666,30.099066,24.59594,20.532211,17.60605,13.866116,10.415164,5.663657,4.786014,0.0,3.8014076,4.77757,4.1375465,5.1500115,5.1756577,7.3203154,8.458684,13.063202,12.355545,20.465467,18.106123,25.079115,25.903048,28.12006,31.916458,31.194712,29.222506,25.658789,22.327192,23.491869,18.515142,21.437948,18.38345,13.79018,14.98232,10.606312,11.006476,9.885843,9.505648,12.910646,14.38261,18.842707,21.75669,22.01446,18.442186,20.030989,22.439014,26.225264,27.24483,24.695637,21.821257,27.079473,27.469194,31.57651,28.59765,25.57331,31.314224,30.184584,27.287941,30.529064,31.494072,29.466578,25.54303,28.88377,24.875814,28.024471,28.454248,26.37813,29.873302,26.470196,29.110891,28.08875,23.624977,20.39674,17.494846,15.512858,13.061904,8.1084795,9.299206,9.868794,9.696611,13.2307415,16.31346,18.100311,18.61866,19.750399,18.01062,18.743654,14.830068,17.94028,15.084584,18.706701,18.530426,14.401823,20.834229,17.123621,22.17619,24.932783,24.370478,21.063763,23.503122,17.175003,19.417402,17.269426,18.237854
21,14.671491,13.048097,14.45418,15.738478,14.347943,18.896763,20.432575,22.07471,24.841816,24.991125,30.444439,31.561941,32.073227,26.53619,22.266954,19.146317,15.627331,11.496423,8.070487,5.3908696,3.8014076,0.0,4.178957,5.876294,6.1275554,8.032305,9.624966,11.303549,15.360188,15.057486,22.865536,20.48606,27.526188,27.92646,30.558813,34.02616,33.47236,31.830008,27.983788,24.648542,26.356428,21.52004,24.306042,21.276363,17.155092,17.808014,14.049547,13.381083,11.881294,10.5050335,14.043649,15.870803,20.297651,23.143654,23.869284,20.654722,22.053371,24.803009,28.188402,29.56292,27.140114,23.671555,28.52192,28.409178,32.720036,30.260708,26.530151,31.98695,30.914341,27.829378,30.698565,31.245148,28.993704,25.17417,27.862907,24.290106,26.804405,27.648771,25.581436,29.225882,26.481588,28.97593,28.644976,24.000597,20.868532,17.651009,16.082458,12.53212,7.7386994,7.092688,7.201392,6.1129684,9.990238,12.626593,14.4053335,14.906601,16.221857,14.840336,16.25045,12.39624,16.263384,14.028295,17.899385,17.114,13.360565,20.232656,16.122625,21.096407,23.947685,22.848927,19.431164,21.473389,15.327781,16.876076,14.906784,15.202937
22,14.038553,13.63016,15.994874,17.158497,16.413597,21.354479,22.97262,25.457064,27.89771,28.44226,33.821686,34.798496,34.807983,29.340326,25.166725,22.25592,18.526209,14.834321,10.277947,8.757179,4.77757,4.178957,0.0,4.594545,6.9811683,8.100875,11.5728035,13.173651,17.766987,17.070545,25.240477,22.732016,29.766098,30.383919,32.588226,36.335346,35.3588,33.45059,29.886835,26.637468,27.98418,23.035725,26.111778,23.040634,18.200005,19.410854,14.540716,14.328803,11.910756,12.211548,15.679084,18.05563,22.097345,25.480145,25.516325,22.06091,24.209427,26.811136,30.326912,31.719824,29.339178,26.327238,31.43191,31.631662,35.868774,33.203377,29.939491,35.532497,34.54595,31.555447,34.583847,35.274673,33.059734,29.224897,32.019268,28.308638,30.835648,31.499517,29.231138,32.65046,29.857841,31.986423,31.344948,26.69248,23.806072,20.440325,19.264513,15.497719,10.798222,10.546109,9.3378525,7.986533,10.605295,14.165291,15.11218,17.103083,18.046768,17.097692,17.832228,15.248091,18.982956,16.618296,20.599363,20.497225,17.043293,24.0565,20.209766,25.19979,28.079477,27.024042,23.601934,25.475145,19.381859,20.590826,18.257168,18.077377
23,17.420654,16.586151,18.378695,18.479967,16.985384,22.459997,22.768845,25.40423,27.267014,27.44281,32.852562,33.1727,32.854656,27.183561,23.582703,20.38337,16.898153,13.100972,9.170884,7.686294,4.1375465,5.876294,4.594545,0.0,3.5234811,3.8637772,8.2495575,10.45644,14.916914,14.972634,22.677048,21.034945,27.697172,29.109932,31.048792,35.089558,34.41215,32.142853,28.863842,25.534538,25.979326,20.845472,23.460964,19.95656,15.144872,15.768264,10.776749,9.991928,7.390798,8.545469,11.781568,14.331359,18.052202,21.719566,21.310665,17.789833,20.420235,23.04349,26.421698,28.062117,25.993807,23.079659,28.228895,28.72224,32.863647,30.28048,27.483622,33.129387,32.631367,29.907097,33.47237,34.24534,32.521587,28.33344,31.419584,27.024206,29.860783,29.889153,27.366404,30.432577,27.258942,29.136343,27.960268,23.426916,20.721405,17.443611,16.531954,13.161338,8.75299,10.158653,9.415318,9.982486,12.3563385,16.441973,18.53895,20.18851,21.673582,20.598423,21.697205,18.16893,21.702845,19.03315,22.753479,22.380838,18.221977,24.546839,20.40981,25.423717,28.037891,27.06462,23.787878,25.363054,19.149075,20.78194,17.869982,18.583359
24,19.643597,18.154087,19.315187,19.365946,17.257254,22.476707,22.330341,24.185352,26.139368,25.707514,31.20063,31.335413,31.384762,25.512146,22.159111,18.53428,15.464562,10.998462,8.842672,6.115939,5.1500115,6.1275554,6.9811683,3.5234811,0.0,3.6457112,6.1745133,9.356456,13.09052,14.175575,21.192753,20.215406,26.663092,28.269398,30.469791,34.38052,34.19611,32.011032,28.624275,25.204659,25.544172,20.43325,22.501846,18.730587,14.667601,14.178969,10.330921,7.972146,5.84163,5.270321,8.699356,11.371927,15.161878,18.737585,18.70921,15.486323,17.907621,20.877495,23.859032,25.893404,24.088211,20.6113,25.45065,25.706163,29.95702,27.833256,24.721943,30.19575,30.05013,27.373148,31.052874,31.588991,30.099548,25.729551,28.619316,24.010252,26.72081,26.564978,23.935934,26.928955,23.848042,25.645403,24.627245,20.029043,17.352615,13.970581,13.321574,9.664314,5.509586,7.60068,7.5154347,9.311306,11.791026,15.600751,18.632074,19.599783,21.59598,20.525139,22.327858,17.987188,21.652164,19.176975,22.719606,21.652637,17.189228,23.004808,18.42084,23.309303,25.72344,24.520359,21.352226,22.510166,16.381943,18.084612,14.96243,16.228857
25,19.274384,17.905746,19.053234,18.269098,16.17857,21.85873,21.083033,23.852964,25.176924,25.16729,30.496153,30.364239,29.77723,24.052166,20.872402,17.610392,14.358327,10.908875,7.7230663,6.995933,5.1756577,8.032305,8.100875,3.8637772,3.6457112,0.0,5.072468,7.364405,11.587828,12.106879,19.329136,18.270693,24.584925,26.500961,28.262468,32.44381,32.01862,29.55784,26.47541,23.129091,22.98562,17.812119,20.064901,16.354946,11.713805,11.969759,7.1158433,6.449495,5.0062766,6.400581,9.230679,11.160464,14.9488535,18.465952,17.904333,14.206778,16.791168,19.268719,22.789352,24.291798,22.273401,19.56753,24.848764,25.640928,29.622023,26.857695,24.508944,30.241987,29.877567,27.367512,31.2652,32.24426,30.853428,26.53101,30.027027,25.231052,28.535318,28.151976,25.665855,28.582218,24.869291,26.933376,25.23773,20.926683,18.122662,15.267934,13.988432,11.874983,7.8887806,10.74788,11.123534,12.538453,15.192575,19.022663,21.652346,22.548565,24.193645,22.727942,23.84676,19.6008,22.676302,19.750143,23.100456,22.659702,18.08931,23.629568,19.603966,24.515533,26.904436,26.272709,23.188267,24.939651,18.71702,21.02143,18.101227,19.702337
26,20.935507,18.588663,18.643297,17.402315,14.446805,19.676962,17.97753,19.996946,21.167309,20.604841,25.950813,25.630133,25.384705,19.490799,16.502003,12.876664,10.076937,6.4070325,6.122292,5.453858,7.3203154,9.624966,11.5728035,8.2495575,6.1745133,5.072468,0.0,3.893792,6.943548,8.695189,15.054118,14.625389,20.701487,22.720234,24.83275,28.788347,28.965525,26.696133,23.44751,20.02678,19.91709,14.904004,16.519669,12.704898,9.383497,8.39746,6.2486205,5.15626,6.9891195,5.192041,7.3550477,7.3957834,12.067936,14.613367,14.96216,11.462894,12.722454,15.311789,18.908916,20.205486,18.06994,14.877897,20.12368,20.812906,24.807308,22.031096,19.460966,25.229794,24.814644,22.348051,26.373901,27.406225,26.240282,21.841387,25.614185,20.632215,24.366339,23.837425,21.630056,24.692848,20.528784,23.252026,21.493988,17.35804,14.059193,11.83936,9.446275,9.260424,6.077333,9.916672,11.963053,13.884286,17.090187,20.02256,23.22782,22.76937,24.621588,22.698185,24.140556,18.907228,21.492893,18.624378,21.418472,20.455566,15.556778,19.965364,15.964377,20.615635,22.73426,22.413147,19.586489,21.646002,15.578978,18.722782,16.26882,18.869484
27,19.817963,17.23706,16.853449,14.756035,11.651185,17.02701,14.6911955,17.600313,18.214533,18.292414,23.436281,23.177479,22.464647,16.818108,13.569968,10.595218,7.309461,5.8478622,4.64766,6.819271,8.458684,11.303549,13.173651,10.45644,9.356456,7.364405,3.893792,0.0,4.950488,4.9320807,12.241074,11.037596,17.374823,19.252272,21.194254,25.249474,25.197287,22.885578,19.666718,16.264761,16.247866,11.204832,13.318721,9.999626,6.359044,7.075097,5.375548,7.6761065,10.121569,9.0499,10.734731,9.504537,14.147079,15.823126,16.254673,12.590195,12.851202,14.568288,18.9769,19.133316,16.314182,14.049104,19.71998,20.804647,24.443893,20.730036,18.744713,24.752708,23.59264,21.164202,25.093452,26.678635,25.378496,21.302202,25.731306,21.010393,25.35808,24.978523,23.266985,26.505144,21.836632,25.231703,23.15582,19.44911,15.856188,14.455408,10.990496,12.459673,9.309156,12.728629,15.11137,16.399076,20.025627,22.638687,25.346182,24.43523,25.825157,23.37777,24.10113,18.939425,20.664839,17.451462,19.81178,19.513756,14.738152,18.645302,15.631935,20.145752,22.286114,22.76216,20.067797,23.103067,17.12425,20.863916,19.04171,21.735142
28,23.908815,20.868137,19.686434,17.21104,13.588999,17.919928,14.1442,16.027632,15.941646,15.12074,20.073645,19.124994,18.555769,12.636446,10.326078,6.8768144,5.3918686,5.7343864,8.751237,10.181872,13.063202,15.360188,17.766987,14.916914,13.09052,11.587828,6.943548,4.950488,0.0,4.8690844,8.192876,8.995566,14.14062,16.68284,18.777634,22.624504,23.440554,21.218431,18.162666,14.874322,14.229166,9.820326,10.312596,6.7696605,6.6145425,4.7404475,7.9539742,9.178332,12.85485,10.877435,11.194991,8.064152,12.287346,12.489645,13.674142,10.66673,9.046315,10.457694,14.913643,14.686476,11.824669,9.234363,14.932747,16.205023,19.632418,15.782738,14.071647,20.105995,19.111176,17.00097,21.338558,23.068712,22.347794,18.203712,22.981375,17.947659,22.77614,21.924978,20.535145,23.560757,18.339573,22.22272,19.80254,16.723892,13.005632,12.880677,8.656838,12.687701,11.328654,14.901513,17.90563,19.704943,23.263136,25.417019,28.635365,26.95507,28.59351,25.999327,27.070091,21.347883,22.591526,19.647736,21.270166,20.44166,15.691303,17.624529,14.952778,18.682049,20.233242,21.122639,18.99066,22.000559,16.73935,20.981792,19.526108,22.975866
29,20.511179,17.533949,16.26238,13.073769,9.697316,14.464414,10.708883,14.467247,14.099383,14.865497,19.579718,19.32942,18.135084,12.906902,9.429465,7.7221894,4.496701,7.279431,7.108437,10.495421,12.355545,15.057486,17.070545,14.972634,14.175575,12.106879,8.695189,4.9320807,4.8690844,0.0,8.540795,6.1650243,12.770129,14.421655,16.299322,20.357431,20.286835,18.038233,14.774699,11.381333,11.599684,6.801038,9.350913,7.329136,5.313579,7.6102953,8.288585,11.898355,14.852931,13.703889,14.897248,12.533094,16.858282,17.283201,18.096184,14.7321205,13.466082,14.01371,19.013763,17.721485,14.112127,13.056062,18.77309,20.203981,23.275574,18.546139,17.294056,23.333195,21.253021,18.979412,22.69685,24.944115,23.614277,20.064009,25.184439,20.893204,25.868546,25.611937,24.572556,27.92208,22.783594,26.937311,24.628908,21.55442,17.760307,17.36695,13.034759,16.165129,13.5115385,16.574709,19.396465,20.313374,24.242798,26.335272,28.723307,27.073343,28.066427,25.083523,25.18696,20.044312,20.577932,17.232086,18.674988,18.96324,14.609322,17.044916,15.49533,19.390919,21.329216,22.809187,20.500057,24.482597,18.976866,23.304096,22.235685,25.175398
30,28.458378,25.171305,23.093828,19.525118,16.08843,18.722183,12.805097,14.822298,12.244512,11.747435,15.028888,12.8650875,10.819463,5.453261,6.024964,6.2927294,8.165189,12.4207,15.30911,17.730179,20.465467,22.865536,25.240477,22.677048,21.192753,19.329136,15.054118,12.241074,8.192876,8.540795,0.0,5.8329973,6.4605007,10.402669,11.848712,15.56275,17.226278,15.026994,12.817205,10.378732,8.31435,6.852872,4.19742,4.7574525,9.692421,9.181943,14.038927,16.557165,20.5301,18.931255,18.635872,14.724513,17.42649,15.572247,16.97153,15.033212,11.280484,9.791761,14.5655985,11.275996,7.050073,8.244815,12.987331,15.25189,16.98634,11.111848,12.141953,17.617687,15.445221,14.346067,18.535194,21.40337,21.285635,18.210356,23.82037,19.505646,25.052158,23.991535,23.685875,26.355694,20.536892,25.18357,22.180552,20.685097,17.329187,18.879326,14.47096,20.03493,19.303564,22.571405,25.8596,27.412348,31.180014,32.90215,35.888355,33.45641,34.725765,31.615599,32.055206,26.452234,26.284195,23.411846,23.712933,23.474026,19.59641,18.766863,18.351194,20.524126,21.284044,23.627604,22.42405,26.229948,22.129175,26.84025,26.221912,29.981398
31,23.51808,20.210869,17.94704,14.031909,10.881684,13.455656,7.5592895,11.670553,9.394219,11.07535,14.722104,14.410003,12.604179,8.411778,4.9920173,6.698872,6.14376,11.465305,12.539915,15.894298,18.106123,20.48606,22.732016,21.034945,20.215406,18.270693,14.625389,11.037596,8.995566,6.1650243,5.8329973,0.0,7.2239895,8.282381,10.356067,14.212596,14.524696,12.603545,9.187487,5.917093,6.90429,4.656802,6.438421,7.7171564,9.307859,11.366434,13.848693,17.515116,20.834023,19.388826,20.146944,16.978033,20.76422,19.836666,21.16779,18.467161,15.687522,14.9610615,19.968855,17.053696,12.812642,13.333709,18.270926,19.927368,22.079247,16.36459,16.128307,21.70676,18.468292,16.59496,19.794792,22.839476,21.62723,18.992685,24.68305,21.143322,26.595736,26.453583,26.259916,29.589224,24.157906,29.01447,26.610498,24.373537,20.58633,21.23324,16.446562,20.868689,18.866219,21.60727,24.814043,25.54458,29.652878,31.16444,33.372997,30.893074,31.573715,28.158718,27.812206,22.762016,22.000267,18.898312,19.021755,19.71999,16.26299,16.23008,16.633005,19.264566,20.689016,23.317757,21.688238,26.427393,21.814419,26.550407,26.277996,29.480766
32,30.2894,27.028894,24.49395,20.367477,17.606758,18.812468,12.313837,14.988804,10.685226,11.877141,12.944737,10.82313,6.626546,5.4953165,7.261599,10.6660185,12.430135,17.61932,19.60141,22.69821,25.079115,27.526188,29.766098,27.697172,26.663092,24.584925,20.701487,17.374823,14.14062,12.770129,6.4605007,7.2239895,0.0,5.5566926,5.6450763,9.380094,11.28021,9.305109,8.045401,7.237011,5.0186143,8.055232,5.8531475,9.843647,14.045889,15.104447,19.108768,22.555183,26.355839,25.009579,24.978077,21.161785,23.806082,21.68499,22.99849,21.178646,17.415865,15.196726,19.609184,15.025906,10.906812,13.891715,17.30581,19.601677,20.219215,13.702762,15.935937,20.354513,16.855001,16.298693,19.297564,22.948917,22.687944,20.850351,26.670773,23.436743,29.081388,28.40584,28.756304,31.479118,25.740936,30.709742,27.773746,26.74068,23.448418,25.180637,20.615082,26.125463,25.018118,27.979034,31.329556,32.39941,36.41322,37.859657,40.331097,37.5349,38.29703,34.807766,34.476913,29.386307,28.148912,25.341818,24.748566,25.362516,22.404581,20.426365,21.726456,23.109287,23.659874,26.909834,26.06799,30.62836,26.94089,31.799065,31.722496,35.33946
33,28.69784,25.23416,22.162222,18.2211,15.947217,15.436278,9.275102,11.664197,6.7889705,9.835915,9.982716,10.031106,7.464283,8.0665245,7.3799605,11.815805,13.201222,18.608652,20.260149,23.452087,25.903048,27.92646,30.383919,29.109932,28.269398,26.500961,22.720234,19.252272,16.68284,14.421655,10.402669,8.282381,5.5566926,0.0,4.5577793,6.249443,7.9879737,7.937604,4.9930015,5.187749,7.8277445,10.785047,10.571986,14.097353,17.140556,18.82905,22.008858,25.567009,29.041111,27.28931,27.817442,24.227518,27.5304,25.502274,27.328783,25.343128,21.560345,19.94014,24.256266,20.025494,15.935677,17.774153,20.932182,22.475988,23.293644,17.179468,18.050095,22.14096,17.471977,16.43142,18.083147,21.97897,20.935246,20.026928,25.77474,23.663225,29.159557,29.298744,30.12822,33.339016,28.003376,33.39091,31.157228,29.822767,26.22361,27.686104,22.794172,27.888964,26.381704,28.710009,32.189022,32.682,36.913902,37.770412,39.71952,36.38897,36.69474,32.938347,32.134937,27.473232,25.373222,22.88558,21.508854,22.569923,20.565758,17.775768,20.429188,21.24963,21.885118,25.682262,24.973288,30.267138,26.887587,31.753191,32.349415,35.659096
34,30.699203,27.628641,24.892752,20.508234,18.607096,18.693052,12.645906,16.114239,11.311426,14.219078,13.809676,12.874334,8.422901,10.329544,10.929347,15.063577,16.17428,21.62095,22.616821,26.181973,28.12006,30.558813,32.588226,31.048792,30.469791,28.262468,24.83275,21.194254,18.777634,16.299322,11.848712,10.356067,5.6450763,4.5577793,0.0,4.976455,5.722177,4.2242403,4.5001354,6.423269,6.2674766,10.933418,10.418047,14.6886635,17.78135,19.940924,22.989431,27.111002,30.631725,29.512861,29.87152,26.289494,29.216547,27.28837,28.501423,26.45705,22.96515,20.721544,25.169035,20.35589,16.361269,19.518991,22.728441,24.863106,25.207499,18.735327,20.896677,24.86033,20.606009,20.0639,21.97938,25.942717,25.23128,24.24639,30.027636,27.60607,33.182793,32.974632,33.623722,36.5614,30.97078,36.115364,33.34783,32.25315,28.84302,30.378761,25.64959,30.810564,29.175098,31.836906,35.126534,35.692123,39.88079,41.13906,43.031986,40.098713,40.35098,36.607655,35.51601,31.102957,29.057043,26.319267,25.117622,26.615969,24.479843,22.235014,24.6486,25.726667,26.368736,30.083914,29.298143,34.439575,30.814472,35.68373,35.943634,39.2844
