,0,1,2,3,4,5,6,7,8,9,10,11,12,13,14,15,16,17,18,19,20,21,22,23,24,25,26,27,28,29,30,31,32,33,34,35,36,37,38,39,40,41,42,43,44,45,46,47,48,49,50,51,52,53,54,55,56,57,58,59,60,61,62,63,64,65,66,67,68,69,70,71,72,73,74,75,76,77,78,79,80,81,82,83,84,85,86,87,88,89,90,91,92,93,94,95,96,97,98,99,100,101,102,103,104,105,106,107,108,109,110,111,112,113,114,115
0,0.0,3.7673266,5.620873,8.563896,11.760098,14.767736,16.587208,19.971722,23.715696,26.446898,31.575825,33.45848,38.02418,36.995266,33.413006,34.40844,29.88555,28.828274,26.825691,23.80355,23.294556,20.643724,19.878523,14.97259,16.972204,15.74016,20.785248,20.361305,21.463972,25.718348,23.69045,30.006289,28.82501,34.80719,37.10662,36.93793,40.86891,39.49533,36.447006,34.90544,32.19147,31.413689,26.917835,30.396431,27.357372,21.355408,23.32482,18.316612,21.230972,20.838158,17.900873,15.918476,17.062386,18.329071,24.021456,20.554632,18.473604,23.308094,25.111128,28.922571,29.64279,27.915562,28.241362,25.329609,27.950417,23.14832,29.54177,26.152884,31.05782,30.326534,33.06545,35.779423,38.23766,38.32211,42.685726,43.563816,46.124107,48.11345,46.27279,50.400963,48.714928,43.608147,43.617176,39.772274,37.640896,37.662373,33.66368,31.9718,28.81302,28.844376,27.139914,29.411556,30.101051,32.774895,32.582523,36.97049,39.13646,42.363216,43.08588,44.870193,42.23967,43.159195,37.76772,38.775696,36.63627,35.35571,34.04568,37.947086,40.643887,40.779816,40.116848,39.925434,43.958893,39.86907,43.897472,41.463017
1,3.7673266,0.0,4.4573135,5.166659,9.186402,12.220685,13.224638,17.252691,20.408258,23.396622,28.125172,30.05893,34.645496,33.410915,29.774788,30.75164,26.306684,25.227139,23.436247,20.389465,20.253521,17.33503,17.204412,12.3708725,14.3662815,14.13593,18.993757,18.978428,19.42338,23.800047,21.24591,27.916967,26.196184,32.525757,34.349922,34.479954,38.301342,36.83337,33.983284,32.158447,29.332254,29.19332,24.632141,28.376123,25.707205,19.625467,21.860296,17.167812,20.616882,20.829958,18.54519,16.547318,16.813616,18.944323,24.058151,20.212166,17.591612,22.21073,23.679705,27.815075,28.252703,26.248438,27.16909,24.261812,27.14016,22.720924,28.899359,25.520689,30.088003,29.384785,31.646482,34.042538,36.435177,36.180874,40.709633,41.36103,44.144512,46.028603,44.282124,48.41028,46.787743,41.520847,41.228687,37.330574,35.27671,35.090847,31.455055,29.281122,26.415344,26.117445,24.436544,26.415722,27.075575,29.481365,29.329763,33.54987,35.74627,39.010494,39.771492,41.647808,39.16817,40.00904,34.69511,35.595955,33.73995,32.290924,31.053072,34.76169,37.455425,37.824333,37.130493,37.058952,40.905724,37.017433,41.026974,38.625885
2,5.620873,4.4573135,0.0,5.0684667,6.4485707,9.710741,12.048935,14.698189,19.101135,21.296644,27.06697,28.627256,33.206802,32.65554,29.246225,30.732796,26.156242,25.794233,23.569437,21.336742,21.044525,19.004553,19.35595,14.126068,14.56714,14.318188,19.2105,17.988249,17.995617,22.019375,19.302938,25.543835,23.88113,29.54948,31.88893,31.493912,35.4084,33.975616,30.879072,29.489252,26.958208,25.995035,21.714993,25.354015,22.915268,16.876429,19.523117,14.774136,18.669334,18.24342,16.039745,13.30322,12.949609,14.759211,19.737473,15.777011,13.271666,18.052805,19.633982,23.611155,24.239952,22.464594,23.299505,20.677912,23.770773,19.678032,26.198414,23.592836,28.238201,28.291025,30.688185,32.778194,35.545082,35.082783,39.47906,39.895855,42.43937,44.0925,42.03333,46.01812,44.038143,38.79943,38.83029,34.933037,33.133427,33.390976,29.748886,28.349665,25.84691,26.133116,25.08174,27.002205,26.940195,29.61507,28.782982,33.370007,34.763645,38.389442,38.717342,40.232655,37.680695,38.911648,33.60739,35.301823,33.225746,32.488297,31.88929,35.649944,38.047268,38.415077,37.123276,36.645527,40.25568,35.82713,39.659,36.89579
3,8.563896,5.166659,5.0684667,0.0,4.870433,7.589079,8.081344,12.3247595,15.261138,18.271315,23.033325,25.019955,29.518532,28.441763,24.900887,26.055954,21.538921,20.897852,18.96529,16.489662,16.646675,14.192034,15.251808,10.405553,11.024519,12.260996,16.641855,16.444933,15.730766,20.005903,16.732792,23.597305,21.30575,27.799662,29.307802,29.621387,33.37015,31.91929,29.197071,27.152847,24.25121,24.537424,19.967196,23.931555,21.802286,15.770411,18.455761,14.35869,18.566496,19.298553,18.003231,15.8949,14.848571,18.010199,22.098045,18.050161,14.869522,18.917292,20.064663,24.560926,24.488617,22.184198,23.705202,20.90569,24.089006,20.396862,26.252947,23.297884,27.376015,27.106577,28.808403,30.619461,33.11746,32.344112,36.974518,37.23986,40.151325,41.80216,40.031887,44.089096,42.41205,37.002926,36.505165,32.564037,30.68864,30.464926,27.255037,24.92133,22.633854,22.29925,21.090872,22.670256,22.809708,25.108898,24.586071,28.880743,30.705988,34.161385,34.750744,36.551228,34.14819,35.090458,29.845213,31.070879,29.37614,28.188494,27.47055,31.00943,33.487274,34.08919,32.9728,32.78148,36.30162,32.333706,36.237827,33.713993
4,11.760098,9.186402,6.4485707,4.870433,0.0,3.857567,6.269794,8.330719,12.911539,14.848897,20.880365,22.396906,26.854239,26.602896,23.389719,25.186089,20.613216,20.960396,18.596945,17.34569,17.445581,16.189434,17.919762,13.13502,11.750646,13.321632,17.272396,15.799017,14.105267,17.799675,13.986255,20.394539,17.828695,23.656572,25.578999,25.381828,29.21235,27.773176,24.826405,23.16266,20.5674,20.12975,15.865321,19.886065,18.353506,12.447296,15.856309,12.177655,17.057358,17.364714,16.658785,13.96341,11.563466,14.873966,18.052156,13.807443,10.388778,14.184605,15.206277,19.768265,19.643982,17.403925,19.251387,16.86224,20.452028,17.564451,23.51138,21.589066,25.464033,26.125456,27.72369,28.972496,31.862951,30.681814,35.179657,35.04583,37.751144,39.06097,36.95977,40.830906,38.75392,33.30165,33.051327,29.085512,27.585936,27.829498,24.838142,23.299625,21.69997,21.974714,21.625978,22.94891,22.127432,24.602999,23.20055,27.841978,28.613354,32.52563,32.57423,33.94817,31.524054,32.92675,27.762262,29.958118,28.130938,27.799576,27.927824,31.381706,33.451675,34.133396,32.282185,31.63495,34.740345,30.205856,33.851727,30.889883
5,14.767736,12.220685,9.710741,7.589079,3.857567,0.0,5.395679,5.444087,10.282345,12.218375,18.344656,20.427696,24.351843,24.403545,21.489317,23.040546,18.290855,19.006569,16.0616,15.570521,15.261594,15.177325,17.049246,12.618781,9.800877,11.856613,15.023294,13.163631,10.699954,14.1376915,10.142198,16.574635,14.202958,20.313293,22.344547,22.4006,26.317947,25.302595,22.365349,20.40081,17.514957,17.100643,12.434565,16.376434,14.758648,8.949648,12.4709835,9.550205,14.627797,15.481407,15.710536,13.543189,10.605863,15.0079775,17.222004,13.71968,10.221049,12.715968,13.955785,18.851357,17.68639,15.052891,16.718748,14.074403,17.57364,15.14635,20.520147,18.793116,22.235083,23.146736,24.424755,25.365753,28.325842,26.974497,31.445322,31.221687,33.91918,35.205883,33.13142,37.02993,35.06426,29.624187,29.336397,25.390451,23.764566,24.024292,21.004025,19.676598,18.296124,18.887932,19.026405,20.284378,19.003147,21.768576,20.051167,24.97736,25.654415,29.418009,29.42972,30.743977,28.08936,29.52497,24.287733,26.744621,24.679995,24.778835,25.30934,28.829128,30.664906,31.22075,29.05783,28.18727,31.292526,26.548418,30.195812,27.252304
6,16.587208,13.224638,12.048935,8.081344,6.269794,5.395679,0.0,6.153023,7.391154,10.487916,15.0970335,17.033579,21.444265,20.621204,17.27378,18.967962,14.514329,15.038236,13.172378,12.409094,13.565276,12.340356,15.666734,12.341657,10.400803,14.109255,16.617382,16.29217,13.226902,16.639875,11.758391,18.592855,14.658833,21.38767,21.88866,22.677208,26.133968,24.587067,22.287329,19.71553,16.702944,18.346603,14.101745,18.512579,18.003637,12.891838,16.241106,14.179098,19.014893,20.51439,20.85469,18.85017,15.955508,20.062061,21.974627,17.92511,14.273738,16.501547,16.609348,21.416668,20.426403,17.630156,20.601793,18.393854,21.967327,20.095966,24.809875,22.884983,25.712608,26.22387,26.721815,27.262283,29.81824,27.970839,32.69625,32.120983,35.28579,36.40285,34.63187,38.464806,36.684772,31.018356,30.002853,26.006353,24.655603,24.290173,22.31594,19.537674,18.84075,18.273596,18.14782,18.573748,17.557745,19.26048,17.901764,22.105553,22.997988,26.946325,27.142143,28.797066,26.709263,27.852303,22.896029,24.772234,23.66895,22.963562,23.3504,26.250624,28.234848,29.416477,27.515766,27.164402,29.81392,25.858055,29.443943,26.6685
7,19.971722,17.252691,14.698189,12.3247595,8.330719,5.444087,6.153023,0.0,6.7205954,7.001712,14.096293,15.645952,19.428026,20.168741,17.694891,19.93324,15.5426,17.43348,14.665152,15.713636,16.036291,16.743708,19.710133,16.292229,12.664161,15.7116165,17.579184,15.598561,11.629113,13.701851,8.4246,14.026958,9.954909,15.756401,17.251514,17.298355,21.075266,19.919039,17.133951,15.01096,12.260567,12.435326,8.29047,12.786857,13.14724,8.876106,12.872114,12.039501,17.010828,18.063198,19.269833,17.13581,13.144912,17.377977,17.679642,14.285571,10.87758,11.4037485,11.453965,16.38359,14.572104,11.604999,14.840503,13.16707,17.010696,16.47972,20.767174,20.24432,22.621693,24.31779,24.747944,24.60117,27.663557,25.44925,29.839535,28.853004,31.60795,32.340424,30.11537,33.73279,31.47512,25.813202,25.266752,21.255957,20.30932,20.73638,18.86798,17.680729,17.831835,18.451244,19.518705,19.889677,17.58431,19.833035,17.193052,21.998474,21.405975,25.727427,25.166409,26.126242,23.749222,25.577467,20.69751,24.047451,22.430483,23.190107,24.682884,27.611208,28.955418,29.930952,27.067596,25.944572,28.17583,23.263582,26.486387,23.126236
8,23.715696,20.408258,19.101135,15.261138,12.911539,10.282345,7.391154,6.7205954,0.0,5.042612,8.1015215,11.181867,14.588683,14.199077,11.526517,13.237197,8.851708,11.164899,9.03499,11.133085,12.593381,13.559599,17.684645,16.075228,12.678214,17.136543,17.579185,17.305098,12.79615,14.521328,9.053493,14.575549,9.226341,16.284315,15.416056,17.29394,20.338247,19.216549,17.600298,14.026699,10.47015,14.253983,10.602626,14.6899605,15.742602,12.830653,15.703051,16.062626,20.355175,22.575773,24.21714,22.810898,19.301857,23.940372,24.111988,20.961695,17.581606,17.612211,17.112064,21.727757,19.337288,16.165428,19.749735,18.064411,21.269936,21.102896,24.01757,22.937366,24.244127,25.271542,24.512749,23.78165,26.181335,23.373053,28.012556,26.686281,30.06727,30.736612,29.141241,32.759953,31.154581,25.412434,23.751371,19.83142,18.853392,18.150232,17.626415,14.405105,15.610155,14.936014,16.139967,15.351096,12.933235,14.015329,11.5357065,15.74647,15.734897,19.9319,19.822664,21.40628,19.413256,20.651854,15.952709,18.531391,17.932062,17.981298,19.673237,21.881468,23.16419,24.71741,21.980312,21.379946,23.175934,19.265146,22.537737,19.691284
9,26.446898,23.396622,21.296644,18.271315,14.848897,12.218375,10.487916,7.001712,5.042612,0.0,8.155297,9.071772,12.498604,13.892657,12.161117,15.184554,11.837527,15.16421,13.291496,16.0556,17.315289,18.599474,22.604929,20.61524,16.851599,20.795433,21.317005,20.012169,15.219602,15.872379,10.379077,13.9301605,7.4988313,12.653564,11.789322,12.840528,15.880297,14.43345,12.642426,9.383275,6.4633703,10.187083,8.137928,12.199935,15.073418,13.3208885,16.603363,17.57996,21.961357,23.553076,25.471207,23.66547,19.449152,23.516066,22.468824,19.46554,16.48114,15.379196,14.04452,18.151865,15.649896,12.677504,17.303316,16.71092,20.17825,21.282385,23.94166,24.157593,25.145601,27.145123,26.356508,24.96306,27.71722,24.459633,28.704641,26.759771,29.776936,29.828558,27.767065,30.966303,28.698378,22.863194,21.452173,17.522675,17.564653,17.665806,17.95777,16.169455,18.341383,18.423235,20.296822,19.370295,16.183594,17.13019,13.614017,17.584019,15.344292,20.366259,19.179457,19.88559,18.185688,20.279032,16.193287,20.246576,19.731491,20.906305,23.414328,25.262573,25.98723,27.64842,24.179611,23.042957,23.911903,19.420366,21.975878,18.356703
10,31.575825,28.125172,27.06697,23.033325,20.880365,18.344656,15.0970335,14.096293,8.1015215,8.155297,0.0,5.9529047,7.194876,6.3999534,5.2356167,7.5368357,6.054592,10.356452,10.332686,14.21827,16.451796,17.985252,22.610146,22.569141,19.371494,24.041315,23.241537,23.52736,18.7846,19.074955,14.470198,17.2309,11.323154,16.363762,12.465323,15.955368,17.471334,16.395817,16.519041,12.091574,9.184389,15.895774,14.456167,17.281754,20.060835,19.225632,21.41271,23.099468,26.782755,29.34579,31.55388,30.398123,26.66675,31.207226,30.35294,27.549366,24.461899,23.404814,22.097748,25.925,23.07992,20.145454,24.34282,23.479065,26.226368,27.342451,28.783548,28.358582,28.302427,29.502008,27.49885,25.503277,27.296577,23.47944,27.710552,25.376278,29.023302,28.956867,27.821806,30.85261,29.553686,24.006079,21.211838,17.84365,17.900547,16.47756,18.654436,14.753867,18.149097,16.799768,18.76592,16.388086,13.2931795,11.976909,8.778807,10.611347,8.412944,13.466165,12.822753,14.524448,13.75812,14.828494,11.699397,14.501368,15.873349,16.191029,19.092966,19.51752,19.859596,22.384083,19.082775,18.704409,18.49485,15.901355,18.140831,15.547628
11,33.45848,30.05893,28.627256,25.019955,22.396906,20.427696,17.033579,15.645952,11.181867,9.071772,5.9529047,0.0,5.805383,6.806944,6.389468,11.278885,11.239908,15.1932,15.848105,19.090809,21.705202,22.380478,27.284279,26.66525,23.675934,28.267866,28.182482,27.936224,23.099241,23.426752,18.357706,20.770868,14.223851,17.207016,12.891721,15.181612,15.955571,13.484523,14.198614,10.657097,9.72571,16.09238,16.210775,19.191786,23.092056,22.187687,25.052464,26.391047,30.561174,32.49055,34.45837,32.658802,28.436651,32.222683,30.877771,27.596478,24.73114,23.56008,21.307705,24.3779,22.40088,20.00267,25.289742,25.327301,28.55391,30.174057,32.117058,32.397057,32.613937,34.36302,32.646427,30.497595,32.572906,28.591421,32.569,29.82121,33.152977,32.52529,30.984476,33.50844,31.490923,25.9373,23.381516,20.158396,21.31615,20.622936,23.20238,20.232069,23.693039,22.627163,24.499405,22.240303,19.217724,17.80496,14.631526,15.695129,11.477795,17.24313,15.45616,16.102028,16.547949,18.330381,16.362328,19.789408,21.451988,22.024073,24.922812,24.99449,25.194838,28.000061,24.595549,24.10409,23.022732,20.44355,21.83242,18.65132
12,38.02418,34.645496,33.206802,29.518532,26.854239,24.351843,21.444265,19.428026,14.588683,12.498604,7.194876,5.805383,0.0,5.407825,8.137578,11.161523,12.423191,16.605007,17.109034,21.217983,23.379452,25.094162,29.725834,29.730865,26.33728,30.836119,29.845612,29.662369,24.753222,24.13244,19.923862,20.633942,14.858278,16.54123,10.8176,14.377873,14.060004,12.781701,14.603223,10.700096,10.126841,16.965107,17.7901,19.575224,23.851002,24.297941,26.450218,28.767576,32.31561,34.57949,37.09753,35.77537,31.619003,35.702427,33.77221,31.260197,28.610031,26.638819,24.613754,27.41537,24.560802,22.19859,26.910791,27.080889,29.6671,31.972893,32.691154,33.331738,32.59247,34.4706,32.051838,29.168224,30.886211,26.477573,29.954882,26.69722,29.980255,28.933378,27.736467,29.85489,28.223238,23.07297,19.898542,17.31888,18.951262,17.951248,21.8721,19.137527,23.546421,22.600836,25.066296,22.370258,18.899065,17.00228,13.518578,13.428636,7.168727,12.94356,10.325097,10.520594,11.775763,13.616452,13.115334,16.9436,19.175446,20.498276,24.17815,23.579666,22.974531,25.838434,21.93658,21.234634,18.951054,16.995695,17.46343,14.580181
13,36.995266,33.410915,32.65554,28.441763,26.602896,24.403545,20.621204,20.168741,14.199077,13.892657,6.3999534,6.806944,5.407825,0.0,4.021414,6.4980936,9.279207,12.854297,14.683585,18.294144,21.11519,22.166643,27.041786,27.771551,25.09621,29.916569,28.856195,29.616566,24.968288,25.065498,20.768713,22.82511,17.117147,20.666975,15.394927,19.176966,19.333036,17.92889,19.352846,15.249674,13.677177,20.737076,20.32856,22.720255,26.037544,25.59448,27.66755,29.483782,33.07048,35.72099,37.94735,36.75087,32.95115,37.31953,36.251595,33.292507,30.26498,29.120777,27.341652,30.674643,28.095425,25.446121,30.028677,29.546816,32.220207,33.654392,34.74524,34.440166,33.967064,35.05171,32.56023,30.1488,31.451353,27.318733,31.162294,28.370981,32.083515,31.557274,30.8306,33.311615,32.252598,27.102425,23.71035,21.038855,21.789165,20.01188,23.441797,19.266676,23.163094,21.267483,23.09451,20.030155,17.396393,14.495998,12.259288,10.9013815,7.2830653,12.120439,11.181984,12.953183,14.16197,14.652595,13.817088,15.579506,18.61781,18.453512,21.432693,20.332315,20.14806,23.488686,20.455927,20.638277,18.815466,18.104635,19.228025,17.314245
14,33.413006,29.774788,29.246225,24.900887,23.389719,21.489317,17.27378,17.694891,11.526517,12.161117,5.2356167,6.389468,8.137578,4.021414,0.0,5.3338494,6.863371,10.168805,12.347895,15.31181,18.53267,18.878773,23.953733,24.52024,22.22753,27.157093,26.53717,27.512463,23.020845,23.80907,19.138525,22.414917,16.507877,21.241932,16.795254,20.172098,21.05746,19.321634,20.046608,15.957974,13.827896,20.595146,19.374117,22.422224,25.157495,23.810284,26.135757,27.32625,31.170675,33.78059,35.659306,34.333656,30.688618,35.047173,34.568935,31.226475,27.999132,27.489685,25.849602,29.528091,27.31404,24.532375,29.137573,28.316727,31.252798,32.048603,33.82002,33.036835,33.142685,33.938972,31.852493,30.009745,31.448229,27.679247,31.901316,29.56348,33.3742,33.252552,32.40199,35.25563,34.115875,28.707949,25.627636,22.536402,22.776653,21.036385,23.496592,18.925606,22.06567,19.926079,21.24165,18.435062,16.274084,13.666682,11.893785,11.531131,9.981635,14.547169,14.302208,16.355309,16.788202,17.216753,15.186624,16.482431,19.015247,18.150904,20.432943,19.898184,20.413002,23.623528,21.068476,21.45658,20.708261,19.55673,21.43822,19.413977
15,34.40844,30.75164,30.732796,26.055954,25.186089,23.040546,18.967962,19.93324,13.237197,15.184554,7.5368357,11.278885,11.161523,6.4980936,5.3338494,0.0,5.024302,7.096891,10.034223,13.133889,16.195,17.093046,21.80832,23.468445,21.424778,26.315546,24.874289,26.680803,22.569345,23.279406,19.466787,22.643934,17.787855,23.25641,18.90087,23.003725,23.976439,23.06817,23.757124,19.301218,16.518494,23.253635,21.321379,23.958479,25.822308,24.693628,26.271122,27.733126,30.965622,34.139626,36.17617,35.44181,32.29602,37.137463,37.00988,34.04518,30.72556,30.284988,29.220026,33.239727,30.494844,27.469671,31.28083,29.885208,32.31898,32.739063,33.90871,32.482304,32.182907,32.298893,29.765303,28.010784,28.846302,25.26628,29.485256,27.491007,31.570526,31.848948,31.59899,34.653126,34.297764,29.183613,25.783297,22.964994,22.463623,19.950567,22.3574,16.823925,19.811808,16.988325,18.100132,14.785085,13.234826,9.5664215,9.261286,7.324119,9.142467,11.665285,12.982729,16.029081,16.053915,15.313023,13.282317,12.5756,15.72488,13.853455,15.867143,14.763478,15.337515,18.745455,16.77353,17.810938,17.421759,17.459854,19.674929,18.74378
16,29.88555,26.306684,26.156242,21.538921,20.613216,18.290855,14.514329,15.5426,8.851708,11.837527,6.054592,11.239908,12.423191,9.279207,6.863371,5.024302,0.0,4.3420544,5.5674186,9.084996,11.898624,13.148142,17.8238,18.900751,16.521225,21.414093,20.209427,21.8247,17.723911,18.825796,14.840952,18.8877,14.220176,20.773977,17.573364,21.29434,23.120798,22.366615,22.214575,17.766096,14.30445,20.334547,17.520563,20.473824,21.64321,19.98894,21.606112,22.797556,26.107107,29.254604,31.195045,30.508383,27.518576,32.484356,32.673565,29.79026,26.418896,26.219448,25.577124,29.92989,27.1213,23.944265,27.346207,25.573666,28.045397,28.029152,29.574402,27.887043,28.025116,28.106865,26.026892,24.746788,25.965582,22.73545,27.305046,25.757185,29.769518,30.43854,29.878355,33.337578,32.795925,27.445518,24.545427,21.277763,20.196651,17.94868,19.15284,13.639518,15.922911,13.332913,14.391676,11.663749,9.876953,7.7328677,6.911087,8.324209,10.756269,13.650132,14.869867,17.674238,16.486757,16.23212,12.527775,12.565463,14.119862,12.467653,14.220106,14.763266,15.924804,18.489725,16.36481,16.937973,17.983889,16.513708,19.579044,18.17197
17,28.828274,25.227139,25.794233,20.897852,20.960396,19.006569,15.038236,17.43348,11.164899,15.16421,10.356452,15.1932,16.605007,12.854297,10.168805,7.096891,4.3420544,0.0,4.7549133,6.1884055,9.66645,10.103177,14.741077,16.77647,15.391465,20.24071,18.93298,21.54371,18.163338,19.917294,16.478693,21.2409,17.358664,24.454433,21.680367,25.356676,27.360575,26.641552,26.31498,21.924536,18.312836,23.894747,20.456125,23.496273,23.715683,21.448814,22.73401,23.382113,26.412766,29.823,31.44273,31.021341,28.596169,33.681274,34.608185,31.62571,28.129892,28.555542,28.27455,32.865734,30.222944,26.977728,29.946676,27.681671,30.011833,29.19377,30.943424,28.412628,28.823795,28.104551,26.145514,25.520308,26.347406,23.706408,28.38942,27.446001,31.573965,32.7055,32.45049,36.12672,35.965656,30.753767,27.902866,24.7034,23.074638,20.540419,20.98623,14.876881,15.958183,12.548985,12.4521885,9.722581,9.749963,7.4142933,8.992441,9.801645,14.297963,15.949968,18.024275,21.191383,19.8752,19.021118,15.255321,13.590182,15.030326,11.851408,12.058607,12.796275,14.818457,17.25219,16.365175,17.643345,19.55628,18.807016,22.20823,21.418512
18,26.825691,23.436247,23.569437,18.96529,18.596945,16.0616,13.172378,14.665152,9.03499,13.291496,10.332686,15.848105,17.109034,14.683585,12.347895,10.034223,5.5674186,4.7549133,0.0,4.865837,6.4637256,9.105458,12.988434,14.305906,11.810576,16.516537,14.860977,17.076168,13.57522,15.204381,12.14354,16.975954,13.918215,21.442877,19.643028,23.123024,25.625364,25.423597,24.57622,20.257689,16.264292,20.979475,16.991335,19.769419,19.33103,17.219868,18.14501,19.102722,21.875425,25.405441,27.284887,27.146486,24.846916,30.166683,30.998259,28.532183,25.163021,25.328302,25.54309,30.267569,27.204708,23.876053,26.141273,23.582611,25.6295,24.738932,26.259554,23.693995,24.087837,23.482195,21.673357,21.192759,22.333025,19.879478,24.70758,24.047266,28.035187,29.417921,28.977388,32.890533,32.70331,27.506538,25.045965,21.711401,19.574593,17.243195,16.771082,10.875435,11.490051,8.546508,9.051366,7.0010924,6.069682,6.2573533,6.889425,10.265515,14.477106,16.138636,17.98822,20.859182,18.60711,18.102732,13.347607,12.58846,12.418866,10.214201,10.903039,13.211338,15.066009,16.52274,14.987197,15.526123,18.395418,16.37957,20.27269,19.2543
19,23.80355,20.389465,21.336742,16.489662,17.34569,15.570521,12.409094,15.713636,11.133085,16.0556,14.21827,19.090809,21.217983,18.294144,15.31181,13.133889,9.084996,6.1884055,4.865837,0.0,4.3401437,4.3552365,8.763539,10.700183,9.855126,14.519285,13.563636,16.749975,14.302493,17.09056,14.284323,20.165806,17.496235,25.316181,24.026226,27.103565,29.85004,29.329044,28.196178,24.116074,20.166992,24.303434,19.827784,22.990177,21.717667,18.462276,19.422047,19.185621,21.956505,25.443281,26.645283,26.525194,24.836859,30.02621,31.833096,29.011808,25.519037,26.6381,27.122036,32.02281,29.50423,26.221058,28.262459,25.312183,27.468538,25.536602,27.855837,24.437708,25.636124,24.30082,23.14923,23.649984,24.657736,22.99026,27.865076,27.80541,31.724943,33.467007,33.057606,37.131836,36.98029,31.796213,29.587498,26.175768,23.80462,21.603342,20.241802,14.556008,13.506978,10.291823,8.809462,7.9957533,9.435035,9.916041,11.666008,14.383733,19.081951,20.560667,22.661467,25.632114,23.4654,22.828972,18.119658,16.642195,16.292498,13.137318,11.9505,14.7202215,17.38095,18.543879,18.207397,19.192806,22.619015,20.905973,24.92935,24.040447
20,23.294556,20.253521,21.044525,16.646675,17.445581,15.261594,13.565276,16.036291,12.593381,17.315289,16.451796,21.705202,23.379452,21.11519,18.53267,16.195,11.898624,9.66645,6.4637256,4.3401437,0.0,5.5801673,7.1475115,9.045202,7.415067,11.450964,9.534821,13.175774,11.413188,14.201466,12.696378,18.263992,17.05242,24.886423,24.422453,27.393446,30.42166,30.4466,28.99897,25.024118,20.900291,24.146746,19.26454,21.887724,19.59918,16.577438,16.696724,16.658823,18.65714,22.479517,23.881447,24.365868,23.193394,28.624058,30.530182,28.370392,25.081541,26.024532,27.11039,32.067898,29.148443,25.850935,26.919142,23.547794,25.151188,22.852175,24.734499,20.838278,21.982964,20.219847,19.216162,20.227283,21.194662,20.126934,24.969955,25.480604,29.22646,31.369915,31.032412,35.299637,35.401596,30.478197,28.600756,25.305565,22.358503,20.233028,17.85082,12.57247,10.164106,7.281661,5.197152,6.1865735,8.098654,10.432928,12.12991,15.689734,20.606054,21.53421,23.738432,26.586306,23.783735,23.12643,18.035992,16.597097,15.007135,12.323883,10.866148,14.829143,17.40561,17.575985,17.267681,17.893015,22.223728,20.0254,24.331509,23.6592
21,20.643724,17.33503,19.004553,14.192034,16.189434,15.177325,12.340356,16.743708,13.559599,18.599474,17.985252,22.380478,25.094162,22.166643,18.878773,17.093046,13.148142,10.103177,9.105458,4.3552365,5.5801673,0.0,5.3384166,7.4037657,8.614965,12.680215,12.714207,16.375154,15.000826,18.581398,16.11027,22.566664,20.33548,28.251316,27.56275,30.216627,33.230843,32.538334,31.075014,27.27634,23.379103,26.80455,21.983902,25.339144,23.36477,19.268538,20.22306,18.929758,21.613983,24.901403,25.448742,25.346136,24.281244,29.23774,31.883785,28.881445,25.396507,27.296247,28.091034,33.060577,30.997034,27.815706,29.518032,26.273256,28.463326,25.66125,28.675585,24.652975,26.599909,24.79199,24.364227,25.672697,26.711256,25.694357,30.546822,30.953085,34.720764,36.73107,36.241478,40.4482,40.238693,35.06756,33.17453,29.674648,27.120222,25.151045,23.019878,17.812614,15.663027,12.816933,10.318983,10.83474,13.027078,14.039847,15.89717,18.688244,23.380835,24.893631,27.006567,29.931238,27.676111,27.10601,22.267855,20.7307,19.996033,16.717287,14.654992,17.791176,20.779408,21.548399,21.795357,22.833035,26.674284,24.828745,28.973541,28.03319
22,19.878523,17.204412,19.35595,15.251808,17.919762,17.049246,15.666734,19.710133,17.684645,22.604929,22.610146,27.284279,29.725834,27.041786,23.953733,21.80832,17.8238,14.741077,12.988434,8.763539,7.1475115,5.3384166,0.0,5.4434223,8.37588,10.447906,10.219482,14.836987,15.14431,18.891912,17.87522,23.997671,23.155859,31.020658,31.058605,33.590244,36.849953,36.54648,34.800552,31.12587,27.10999,29.718412,24.531067,27.432865,24.33011,20.210623,20.292044,18.597672,20.20858,23.659817,23.901869,24.527098,24.500132,29.446516,32.68858,30.245226,27.00682,29.130974,30.574959,35.573456,33.38046,30.258879,30.93761,27.212324,28.818264,25.193748,28.03483,23.15497,25.381828,22.679274,22.77798,25.033945,25.789673,25.756628,30.393412,31.582075,35.118988,37.63062,37.316536,41.700706,41.82912,36.98732,35.418976,32.076256,28.98688,27.063904,23.960396,19.286167,15.769741,13.391702,9.992997,12.045238,15.043839,16.970238,19.18312,22.21532,27.4245,28.294634,30.68311,33.623917,30.922071,30.175236,25.163576,23.231937,21.674927,18.409039,15.499708,19.386715,22.51493,22.347021,23.239212,24.24349,28.901215,27.010448,31.355602,30.768951
23,14.97259,12.3708725,14.126068,10.405553,13.13502,12.618781,12.341657,16.292229,16.075228,20.61524,22.569141,26.66525,29.730865,27.771551,24.52024,23.468445,18.900751,16.77647,14.305906,10.700183,9.045202,7.4037657,5.4434223,0.0,5.1163497,6.5798745,8.936631,12.022541,12.566462,16.939678,15.570502,22.17638,21.378096,29.005962,29.896975,31.672756,35.2738,34.80276,32.57829,29.40316,25.580395,27.122942,21.805656,24.930664,21.57342,16.628374,17.214546,14.465297,16.6851,19.519363,19.28358,19.482464,19.546711,24.25156,27.867517,25.319063,22.181263,24.755287,26.444494,31.377106,29.58887,26.658201,27.12866,23.382364,25.275074,21.225454,25.091818,20.43962,23.589075,21.553642,22.567812,25.002686,26.51873,26.474493,31.130314,32.206882,35.435852,37.804287,36.93984,41.325737,40.87648,35.878944,34.836452,31.257832,28.339895,27.093336,23.441885,19.86128,16.25197,15.070532,12.588977,14.982412,16.723661,19.37455,20.425999,24.37642,28.438913,30.193222,31.945404,34.4613,31.590843,31.494696,26.142656,25.527672,23.47793,21.26805,19.311422,23.409098,26.238104,26.097929,26.090204,26.44571,30.986456,28.019514,32.359077,31.068144
24,16.972204,14.3662815,14.56714,11.024519,11.750646,9.800877,10.400803,12.664161,12.678214,16.851599,19.371494,23.675934,26.33728,25.09621,22.22753,21.424778,16.521225,15.391465,11.810576,9.855126,7.415067,8.614965,8.37588,5.1163497,0.0,5.019163,6.470675,8.264766,7.589552,11.963979,10.53368,17.063644,16.575909,24.109356,25.317564,27.033735,30.713612,30.580414,28.269241,25.11042,21.23672,22.446566,17.056719,19.93544,16.564774,11.928241,12.459919,10.509608,13.1125965,16.289434,17.004185,17.24162,16.545889,21.808285,24.513605,22.41452,19.305376,21.01946,22.792633,27.76011,25.374792,22.331282,22.631876,18.884144,20.712458,17.264414,20.722818,16.601522,19.41008,18.121983,18.887365,20.815746,22.763817,22.328636,27.015394,27.81801,30.947323,33.14433,32.075916,36.42955,35.829,30.817272,29.91084,26.322176,23.403162,22.403374,18.619188,15.579624,12.215602,11.875918,10.587079,12.949633,13.459611,16.8224,16.978312,21.626268,25.00166,26.956942,28.347633,30.570162,27.43537,27.655237,22.145176,22.411882,19.892395,18.699526,17.81655,22.074202,24.414928,24.207092,23.283209,23.064234,27.483671,23.832355,28.128138,26.574041
25,15.74016,14.13593,14.318188,12.260996,13.321632,11.856613,14.109255,15.7116165,17.136543,20.795433,24.041315,28.267866,30.836119,29.916569,27.157093,26.315546,21.414093,20.24071,16.516537,14.519285,11.450964,12.680215,10.447906,6.5798745,5.019163,0.0,5.1058006,6.0665665,8.494945,12.671117,13.03772,18.616825,19.596134,26.522455,28.63834,29.930384,33.828426,33.988068,31.342981,28.56738,24.82636,24.875217,19.43143,21.706589,17.191711,12.607833,12.126266,9.185296,10.311742,13.348495,13.516359,14.617148,15.335457,20.34608,23.737173,22.39224,19.782013,21.751179,24.243776,29.008211,26.69599,23.926062,22.984386,18.841646,19.989634,15.420337,19.085981,14.128766,17.793247,15.953159,17.887192,20.825659,22.818323,23.349903,27.653988,29.115826,31.796568,34.349705,33.232063,37.659542,37.149155,32.513096,32.149837,28.737534,25.502996,24.856663,20.13335,18.286812,13.994656,14.620239,13.175498,16.342304,17.088074,20.940783,21.140467,25.93968,29.358397,31.031485,32.43411,34.5087,31.04836,31.315731,25.747147,26.057749,22.890821,22.05413,20.881332,25.519001,27.834982,26.99368,26.28806,25.842659,30.726023,26.805708,31.122984,29.67639
26,20.785248,18.993757,19.2105,16.641855,17.272396,15.023294,16.617382,17.579184,17.579185,21.317005,23.241537,28.182482,29.845612,28.856195,26.53717,24.874289,20.209427,18.93298,14.860977,13.563636,9.534821,12.714207,10.219482,8.936631,6.470675,5.1058006,0.0,5.386992,7.7344413,10.809501,12.541844,17.043505,18.85639,25.812078,27.541672,29.49084,33.15905,33.847763,31.539816,28.350618,24.38669,25.01478,19.660946,21.262579,16.625458,13.564376,11.898489,11.123577,10.919878,15.021715,16.34922,18.15199,18.574942,23.945644,26.453812,25.672016,23.094872,24.113035,26.513756,31.288496,28.187016,25.221956,24.060795,19.891174,20.347326,16.562132,18.362328,13.104372,15.3983345,12.76135,13.774343,16.76595,18.270884,19.04645,23.32192,25.08721,27.896038,30.713776,30.05444,34.554096,34.65398,30.317858,29.672577,26.573536,22.920687,21.803373,17.004623,14.808483,9.881862,10.633683,9.283666,12.853501,13.810721,17.992233,18.588404,23.205488,27.24981,28.070503,29.845087,32.076748,28.398783,28.249996,22.803663,22.511581,18.984806,18.20227,16.988214,21.83998,23.958717,22.641676,22.08222,21.63941,26.90418,23.350372,27.732332,26.89618
27,20.361305,18.978428,17.988249,16.444933,15.799017,13.163631,16.29217,15.598561,17.305098,20.012169,23.52736,27.936224,29.662369,29.616566,27.512463,26.680803,21.8247,21.54371,17.076168,16.749975,13.175774,16.375154,14.836987,12.022541,8.264766,6.0665665,5.386992,0.0,4.994058,7.682551,10.280493,13.968748,16.713152,22.786255,25.609459,26.782497,30.70423,31.58006,28.86076,26.252237,22.615465,21.80396,16.562202,17.697927,12.397418,9.421299,7.166347,6.3783383,5.6969247,9.89705,11.90703,13.820535,14.116176,19.521574,21.582972,21.49393,19.342089,19.893005,22.722786,27.245256,24.01648,21.28768,19.295294,14.995056,15.193357,11.1846695,13.417919,8.482937,11.793463,10.670409,12.770276,15.550881,18.052076,18.688267,22.671621,24.211233,26.487925,29.069649,27.80801,32.222992,31.770452,27.478106,27.520658,24.378723,20.89535,20.678837,15.2924185,15.108432,10.848967,13.195277,13.254102,16.342045,15.892572,20.419502,19.809824,25.038416,27.785517,29.224957,30.302969,31.968033,28.085537,28.604198,23.093025,24.234156,20.287205,20.852804,20.731888,25.437563,27.100267,25.845018,24.312061,23.11589,27.99252,23.37732,27.517895,26.043034
28,21.463972,19.42338,17.995617,15.730766,14.105267,10.699954,13.226902,11.629113,12.79615,15.219602,18.7846,23.099241,24.753222,24.968288,23.020845,22.569345,17.723911,18.163338,13.57522,14.302493,11.413188,15.000826,15.14431,12.566462,7.589552,8.494945,7.7344413,4.994058,0.0,4.5728574,5.3316617,10.134953,11.836909,18.400946,20.808344,22.15742,26.01673,26.76875,24.200607,21.37856,17.664347,17.398737,12.071118,13.650877,9.342308,6.2829556,5.332105,6.382475,8.406689,11.9868555,14.480307,15.217089,13.79862,19.485048,20.549444,19.905422,17.388285,17.298485,19.537083,24.213388,20.691021,17.671091,16.763094,12.859938,13.932239,11.588712,13.735061,10.684712,12.792019,13.087776,13.767446,14.972991,17.805223,17.115582,21.490313,22.108824,24.734041,26.789272,25.316172,29.646069,28.849432,24.06176,23.755411,20.32538,17.187918,16.975164,12.305179,11.708437,8.825728,11.109941,12.1732855,14.31376,12.764933,17.120575,15.739639,21.197454,23.224112,25.18259,25.909319,27.445717,23.715015,24.514137,18.961227,20.842155,17.243622,18.242609,19.012491,23.28781,24.691267,24.034826,21.78292,20.413769,24.663177,19.733406,23.797174,21.884933
29,25.718348,23.800047,22.019375,20.005903,17.799675,14.1376915,16.639875,13.701851,14.521328,15.872379,19.074955,23.426752,24.13244,25.065498,23.80907,23.279406,18.825796,19.917294,15.204381,17.09056,14.201466,18.581398,18.891912,16.939678,11.963979,12.671117,10.809501,7.682551,4.5728574,0.0,5.689168,6.4369755,10.40823,15.797674,18.644571,20.05745,23.782904,25.255762,22.804226,20.080688,16.5662,15.764873,11.0729,11.111423,6.449863,7.031503,4.4396048,8.708551,9.280872,12.727749,16.193762,17.268,15.551256,21.038137,20.853058,21.149656,19.085375,17.71519,19.923838,24.191713,19.8647,16.943897,15.351956,11.768076,11.85209,11.2121725,11.089398,9.404351,9.741212,11.30468,11.195827,11.339942,14.647598,13.604363,17.680365,18.108269,20.457817,22.431347,20.844204,25.179514,24.478975,19.931097,19.863237,16.710144,13.286343,13.471959,8.239286,9.728281,7.8878427,11.435386,13.683585,15.3656845,12.878952,17.355543,15.319985,20.79027,22.146072,23.765093,24.193216,25.340252,21.279575,22.274603,16.96255,19.599327,15.483532,17.807114,19.493975,23.522993,24.300535,23.382778,20.435215,18.409243,22.426073,16.940578,20.740906,18.842398
30,23.69045,21.24591,19.302938,16.732792,13.986255,10.142198,11.758391,8.4246,9.053493,10.379077,14.470198,18.357706,19.923862,20.768713,19.138525,19.466787,14.840952,16.478693,12.14354,14.284323,12.696378,16.11027,17.87522,15.570502,10.53368,13.03772,12.541844,10.280493,5.3316617,5.689168,0.0,7.200476,6.6208596,13.685371,15.702485,17.069138,20.88499,21.478334,19.027203,16.059559,12.342718,12.571813,7.2930455,9.563866,7.5854053,5.596411,6.9974995,9.233434,12.425821,15.071754,17.764688,17.502264,14.598203,20.018007,19.825275,18.713726,16.037203,14.987543,16.355257,20.992945,17.16519,13.9051285,14.465389,11.531731,13.546108,13.287537,15.173968,14.161942,15.272734,16.844606,16.579514,16.196903,19.24874,17.218266,21.6224,21.107214,23.888065,25.18112,23.36248,27.419939,26.072168,20.771362,20.172077,16.40796,14.033784,14.110511,10.917944,10.356596,10.1283455,12.010221,14.059484,14.870396,11.991584,15.639427,13.008741,18.57448,19.170767,21.980328,22.028763,23.211395,19.734886,21.087158,15.684227,18.83901,15.883565,17.589779,19.476473,22.986338,23.956934,24.018295,20.908121,19.276592,22.428446,17.074957,20.78055,18.1398
31,30.006289,27.916967,25.543835,23.597305,20.394539,16.574635,18.592855,14.026958,14.575549,13.9301605,17.2309,20.770868,20.633942,22.82511,22.414917,22.643934,18.8877,21.2409,16.975954,20.165806,18.263992,22.566664,23.997671,22.17638,17.063644,18.616825,17.043505,13.968748,10.134953,6.4369755,7.200476,0.0,6.695424,9.739931,13.115853,14.273642,17.84276,19.885704,17.598175,15.156964,12.255705,10.791771,7.7342153,5.7987013,4.6343775,9.030969,8.309435,13.028727,14.299297,16.541546,20.281057,20.592003,17.67325,22.547112,20.559511,21.130611,19.4139,16.47963,17.87712,21.49741,16.42524,13.64211,12.732321,10.773385,11.034214,13.53079,12.23913,13.643447,12.512478,15.800618,14.733062,12.657178,16.200266,13.59075,17.04088,15.928215,17.991062,18.86106,16.573679,20.534416,19.055656,14.01686,14.1010065,10.751149,8.079127,9.624953,6.302755,10.073265,11.536213,14.749734,17.912174,18.400848,14.663331,18.243652,14.836972,20.016752,19.274689,21.477205,20.854435,21.146452,17.134542,19.012238,14.360015,18.88522,15.284107,19.006054,22.027828,25.140217,25.158237,24.76784,20.70698,18.041862,20.520006,14.207885,17.121174,14.279027
32,28.82501,26.196184,23.88113,21.30575,17.828695,14.202958,14.658833,9.954909,9.226341,7.4988313,11.323154,14.223851,14.858278,17.117147,16.507877,17.787855,14.220176,17.358664,13.918215,17.496235,17.05242,20.33548,23.155859,21.378096,16.575909,19.596134,18.85639,16.713152,11.836909,10.40823,6.6208596,6.695424,0.0,7.9287734,9.114489,10.743355,14.353694,15.154357,13.085401,9.786527,6.16534,7.5343924,4.4355373,6.2565985,9.062861,10.127705,11.930708,14.961578,18.07189,20.075666,23.043211,22.25756,18.43041,23.103083,21.255678,20.147118,17.783531,15.240268,15.259075,19.1863,14.804447,11.622321,13.935935,12.897934,15.134344,17.241074,18.025108,18.91646,18.784637,21.394592,20.219437,18.222202,21.250751,17.93427,21.848925,19.954376,22.65284,22.861881,20.680496,24.15763,22.174566,16.439621,15.4208,11.409258,10.588724,11.282958,10.936157,11.163999,13.787636,15.340434,18.224718,17.76057,13.775889,16.100025,12.041234,16.982811,15.0868635,18.814821,17.703764,18.086172,14.966438,17.22943,12.6337595,17.623102,15.609176,18.429668,21.61188,24.01138,24.19982,24.924131,20.826,18.78119,20.183573,14.456408,17.187424,13.553894
33,34.80719,32.525757,29.54948,27.799662,23.656572,20.313293,21.38767,15.756401,16.284315,12.653564,16.363762,17.207016,16.54123,20.666975,21.241932,23.25641,20.773977,24.454433,21.442877,25.316181,24.886423,28.251316,31.020658,29.005962,24.109356,26.522455,25.812078,22.786255,18.400946,15.797674,13.685371,9.739931,7.9287734,0.0,6.268707,4.8492694,8.53631,10.917635,8.730725,7.6868606,7.626626,4.4923663,7.915063,5.574643,11.538657,15.061278,16.487719,20.084036,22.567171,23.57244,26.869072,25.889444,21.695704,25.21689,21.41218,21.465942,20.224613,15.955122,15.306504,17.384924,12.278491,10.367648,12.56953,13.85818,15.392035,19.799522,19.275036,22.399746,21.402433,25.336924,24.111021,21.14871,24.37785,20.73756,23.322603,20.503395,22.063206,21.017893,17.940603,20.32375,16.984095,11.33454,11.47525,8.125051,10.02908,12.713417,13.944937,16.761408,20.07344,22.248283,25.535614,24.940718,20.640993,22.550663,18.085098,22.058718,17.926826,21.733435,19.2684,18.022943,15.3647785,18.726686,15.94851,22.165678,20.346478,24.346426,28.214571,30.101198,29.568525,30.257132,25.485085,22.802887,22.767048,16.738344,17.684328,13.260693
34,37.10662,34.349922,31.88893,29.307802,25.578999,22.344547,21.88866,17.251514,15.416056,11.789322,12.465323,12.891721,10.8176,15.394927,16.795254,18.90087,17.573364,21.680367,19.643028,24.026226,24.422453,27.56275,31.058605,29.896975,25.317564,28.63834,27.541672,25.609459,20.808344,18.644571,15.702485,13.115853,9.114489,6.268707,0.0,5.053901,6.3036194,8.283314,8.377676,5.0693383,5.340866,8.593892,11.234967,10.752771,16.150154,18.763042,20.36213,23.7911,26.611412,28.262947,31.42592,30.398605,26.148504,29.986912,26.73396,25.839996,24.031755,20.459312,19.081137,21.34479,17.027473,14.947124,18.40159,19.28288,21.111212,24.854473,24.436317,26.667961,25.388393,28.590933,26.56381,23.207846,25.779745,21.471182,24.26231,20.833824,23.103384,21.708155,19.39974,21.477272,18.821152,13.283403,11.327034,8.224724,10.954214,12.126524,15.555602,16.345022,20.72829,21.84815,25.176258,23.658619,19.268179,19.860456,15.269018,18.008814,12.563721,16.88216,13.854371,12.397723,10.668792,14.255876,12.533351,18.84249,18.412899,22.05999,26.286894,27.211552,26.370853,27.777752,22.916853,20.64012,19.330832,14.335933,14.654691,10.085624
