,0,1,2,3,4,5,6,7,8,9,10,11,12,13,14,15,16,17,18,19,20,21,22,23,24,25,26,27,28,29,30,31,32,33,34,35,36,37,38,39,40,41,42,43,44,45,46,47,48,49,50,51,52,53,54,55,56,57,58,59,60,61,62,63,64,65,66,67,68,69,70,71,72,73,74,75,76,77,78,79,80,81,82,83,84,85,86,87,88,89,90,91,92,93,94,95,96,97,98,99,100,101,102,103,104,105,106,107,108
0,0.0,4.233759,6.5261164,9.538673,12.667899,14.890658,18.02375,20.99062,24.449606,27.590881,29.810863,35.37239,31.283329,29.264404,24.406496,23.727127,19.395023,19.800575,14.321447,15.558356,13.501628,11.971195,13.830039,14.559195,19.03292,19.333094,23.590515,21.572577,25.520245,24.40074,19.956633,23.627604,28.073572,24.390438,25.23576,28.656734,29.67145,29.296915,31.042423,32.38774,36.28544,32.313778,38.159008,35.38307,41.66907,40.659836,45.027485,45.386845,49.56444,46.36809,43.010674,48.651283,50.808075,46.52287,47.29537,44.035,41.588688,41.255795,42.07352,39.291824,34.35312,37.34707,33.885914,30.819801,30.150778,25.113018,25.791174,22.234076,20.160965,20.373856,20.036276,22.363121,19.288988,22.096212,21.91205,23.64449,26.36554,26.940138,30.48151,32.23741,36.33742,40.234314,37.27181,34.24413,31.361933,30.688421,27.705648,24.66495,25.795467,24.524822,23.119513,26.966406,29.724941,31.214228,31.733513,34.36349,35.14146,34.980198,37.49104,36.41577,39.914833,41.57155,41.982727,39.546955,41.480453,35.63475,37.70487,33.692616,35.50134
1,4.233759,0.0,5.196427,6.4671416,9.223512,12.363003,14.729959,18.49282,21.621994,25.127443,27.362446,32.92745,29.41992,27.465353,22.648573,21.46991,17.394829,17.050308,12.472021,12.400268,11.169937,9.429582,12.670317,13.437687,17.856619,18.136993,21.52566,19.014927,23.184721,22.694248,18.040815,21.132841,26.296843,23.286163,23.572502,26.716085,28.400766,28.406094,29.515005,30.683834,34.27723,29.978472,35.630653,32.475636,38.806477,37.331207,41.934612,41.85363,46.134674,42.982628,39.36978,44.88406,47.18371,42.947132,43.433224,40.20541,37.62694,37.19375,37.895973,35.138744,30.159054,33.11493,29.677109,26.621954,26.060421,20.940971,21.901535,18.511005,16.137726,16.903063,16.579573,18.455132,15.54283,18.0023,18.045618,19.57429,22.53397,23.170622,26.93459,28.49106,32.659832,36.551666,33.627434,30.484152,27.810602,26.795574,24.19869,20.923815,22.317493,21.264421,19.945549,23.964266,26.404877,28.034084,28.217735,31.028719,31.430344,31.586199,33.744022,32.973186,36.352974,38.002655,38.686348,36.27455,38.64489,32.709034,35.15719,31.3356,33.448475
2,6.5261164,5.196427,0.0,5.123376,7.304579,8.723815,12.183457,14.669749,18.491812,21.207626,23.773302,29.100128,25.232296,23.510592,18.342001,18.115078,13.945653,14.791324,10.0436535,12.0564375,12.013064,11.7558565,14.559167,17.01597,20.535137,19.99307,23.416853,20.296106,24.063547,23.361956,17.727715,20.807468,26.123613,22.57428,22.048182,25.371521,26.863346,26.36058,27.12216,27.926931,31.971487,27.448843,33.1107,30.21569,36.23117,35.008854,39.25644,39.90321,43.766254,40.314304,37.226353,43.190525,44.947746,40.541374,41.744106,38.436546,36.319542,36.287685,37.63693,34.961258,30.12521,33.845963,30.757776,27.431936,28.033072,22.405441,24.183498,21.250782,18.693819,20.726612,20.350666,21.257896,17.881098,19.58648,18.651035,19.67553,21.835846,21.685915,25.003996,26.698704,30.82593,34.824287,32.189976,29.57344,26.969036,26.602798,24.185904,21.666037,23.764633,23.482342,22.944563,26.81178,29.147472,30.466896,30.113987,32.55225,32.645245,32.149593,34.17896,32.654953,35.637184,36.93702,37.443314,35.33099,37.279224,31.736786,34.228687,30.399752,32.827778
3,9.538673,6.4671416,5.123376,0.0,3.8319347,6.453033,8.835618,12.51153,15.26692,19.141335,21.0117,26.728798,23.333244,21.291111,16.748108,15.083923,11.176983,10.647213,6.772556,6.9990144,7.794923,8.030878,11.556107,14.503192,17.307968,16.541653,19.11799,15.603807,19.404705,19.189888,13.522498,16.101269,21.889668,19.089727,18.255863,21.267094,23.371763,23.429636,23.773743,24.651623,28.217272,23.662586,29.254038,26.114996,32.389313,31.14031,35.59857,35.8561,40.076385,37.07356,33.713856,39.262695,41.53742,37.501793,38.40595,35.265774,32.67579,32.865105,33.828773,31.664001,26.372644,30.04824,27.206411,24.105906,24.747612,19.194841,21.760149,19.225863,15.770154,18.088074,17.089262,17.40352,13.3723135,15.133175,13.685596,15.12197,17.181374,17.616205,20.977901,22.993221,26.914188,30.770065,27.804735,24.950798,22.154045,21.79629,19.110878,16.612837,18.73947,18.708641,18.595505,22.318707,24.561968,25.712763,25.181341,27.506073,27.6112,27.028553,29.141428,27.655819,30.797731,32.26117,32.771965,30.52388,32.70343,26.977467,29.604649,25.88012,28.419537
4,12.667899,9.223512,7.304579,3.8319347,0.0,4.6257,5.5150433,9.987913,12.748294,16.441214,18.75521,24.149593,21.458881,19.816187,15.125813,13.593972,10.373443,9.432261,7.980228,7.1980762,10.05535,10.556443,14.535513,17.38156,19.890139,19.020573,20.649792,16.623487,20.280367,20.693266,14.822885,16.405876,22.844692,20.644596,18.855606,21.477379,24.164206,24.34338,23.783365,24.18046,27.56683,22.49232,27.71239,24.18545,30.25013,28.351385,32.957153,32.983303,37.04738,33.788387,30.34317,36.084976,38.142162,33.94074,34.827435,31.622124,29.21177,29.337677,30.579058,28.28761,23.19122,27.195066,24.498371,21.2339,22.633287,16.840113,19.915289,17.890455,14.47801,17.95558,17.281008,16.611572,13.197858,13.644531,12.219149,12.638179,14.652405,14.454837,18.013262,19.613297,23.75597,27.736794,25.108541,22.41758,20.127747,19.504366,17.789783,15.383844,18.272629,18.884523,19.10627,22.8229,24.500301,25.7461,24.576069,26.991053,26.368298,26.035141,27.454369,26.110771,28.778532,29.994938,30.865902,28.86137,31.435823,25.885452,29.027405,25.63044,28.638992
5,14.890658,12.363003,8.723815,6.453033,4.6257,0.0,4.6445355,6.17516,9.787539,12.833998,15.183518,20.597937,17.25429,15.646745,10.671476,9.954114,6.567666,7.486496,6.4111814,8.583968,11.69959,13.316936,16.219643,20.159618,21.914412,20.397097,22.224514,18.041988,21.011587,21.009947,14.589665,16.184246,22.261234,19.527267,17.024187,19.785892,22.10831,21.7764,20.921503,20.995428,24.852674,19.711578,25.019379,21.968407,27.729685,26.485435,30.584463,31.571888,35.254616,31.89462,29.13097,35.1796,36.80006,32.617504,34.34687,31.168917,29.151245,29.910686,31.677849,29.770884,24.79493,29.395395,27.199535,23.925339,26.148018,20.326727,23.901243,22.201494,18.756016,22.452547,21.56048,20.557755,16.664703,16.899334,14.357341,14.607947,15.224625,14.31948,16.914536,19.023584,22.81196,26.764557,24.307005,22.271978,19.868214,20.311079,18.42484,17.183851,20.316408,21.46333,22.33261,25.66932,27.428326,28.226923,26.817385,28.645235,28.047932,26.810932,28.371756,26.062449,28.407303,29.305138,29.759674,28.033215,29.903006,24.851904,27.793913,24.373928,27.532892
6,18.02375,14.729959,12.183457,8.835618,5.5150433,4.6445355,0.0,5.7667384,7.6333117,11.499953,13.780196,18.96122,17.057863,15.754534,11.5367,9.716902,8.116046,6.7301955,9.169632,8.350058,12.811147,14.2781105,17.807001,21.28056,22.73886,21.338957,21.915134,17.392298,20.268171,21.179728,15.166145,15.423173,22.153957,20.626318,17.492239,19.505241,22.74104,23.006496,21.214912,20.954918,24.076906,18.512018,23.23271,19.47972,25.225813,23.05299,27.60251,27.814056,31.67345,28.34921,25.118288,31.041765,32.884922,28.748934,30.045652,26.895237,24.66138,25.350782,27.036488,25.249283,20.216867,24.949724,22.994402,19.789534,22.551064,16.840435,21.037699,20.01186,16.425728,20.856606,20.028503,18.064703,14.774484,13.8041115,11.278708,10.569012,11.086419,9.842403,12.92002,14.659067,18.668964,22.693607,20.348152,18.192202,16.303532,16.224932,15.370698,14.119157,17.832832,19.542843,20.721407,23.91996,25.060627,25.941988,23.953829,25.900572,24.611843,23.817844,24.659138,22.78983,24.788668,25.6041,26.560158,24.941711,27.553745,22.492868,26.055193,23.103168,26.656765
7,20.99062,18.49282,14.669749,12.51153,9.987913,6.17516,5.7667384,0.0,4.999111,6.6596155,9.531176,14.504892,11.743675,10.851393,6.0304313,6.428134,6.0847,7.6812406,10.411774,12.317904,16.322622,18.483799,21.058695,25.384604,26.318808,24.37323,25.297039,20.821882,22.912386,23.285223,16.98656,17.284191,23.208939,21.08328,17.1843,19.213226,21.846903,21.393684,19.089523,18.194769,21.915905,16.282892,20.860813,17.872417,22.880463,21.562199,25.258286,26.905954,30.039473,26.451313,24.328201,30.694933,31.73874,27.576384,30.101994,27.014015,25.530651,26.981514,29.409319,28.020723,23.473063,28.737434,27.345392,24.183887,27.68525,22.073381,26.415407,25.551558,22.139729,26.612566,25.705507,23.702755,20.104671,19.18139,15.978037,15.196279,14.154399,11.935031,13.158396,15.338265,18.652195,22.526253,20.672825,19.636192,17.846926,19.100683,18.216686,18.296131,22.007154,24.084251,25.720726,28.57639,29.824268,30.279104,28.129562,29.425459,28.179281,26.408731,27.321953,24.341227,25.744154,26.027758,26.452686,25.335123,26.946026,22.793736,26.03051,23.188696,26.866632
8,24.449606,21.621994,18.491812,15.26692,12.748294,9.787539,7.6333117,4.999111,0.0,5.943754,6.2918506,11.912508,10.413015,9.213911,7.267142,4.5630574,7.1845775,6.7381682,12.109833,12.610841,17.023993,19.521566,21.816046,26.220095,26.270227,24.105324,23.96362,19.426453,20.780605,21.68284,16.01452,15.003459,20.8072,19.786657,15.156092,16.280659,19.593538,19.698812,16.376337,15.141286,18.07015,12.154091,16.320475,12.964024,18.180967,16.974035,20.814983,22.355324,25.820034,22.84392,20.664154,26.573008,28.12596,24.5573,27.033646,24.261385,22.346441,24.447048,26.602583,26.127924,21.327011,26.645515,25.9079,23.195293,26.997387,21.900808,26.859228,26.554213,22.757504,27.265417,25.957767,23.323757,19.63437,18.28537,14.388627,13.544136,11.066269,8.982758,8.911513,12.052171,14.583303,18.197079,16.041409,15.286998,13.472163,15.50582,14.794887,15.968712,19.74212,22.429585,24.722775,26.989273,27.911146,27.972548,25.433136,26.214434,24.784365,22.527348,23.290852,19.855795,20.98704,21.179724,21.480629,20.476198,22.143858,18.237164,21.728102,19.331562,23.308931
9,27.590881,25.127443,21.207626,19.141335,16.441214,12.833998,11.499953,6.6596155,5.943754,0.0,5.1580114,8.108316,7.1239376,8.146969,6.1357527,8.091155,10.78915,12.22352,16.346523,17.989252,22.223227,24.630678,26.944279,31.458643,31.802446,29.586977,29.803911,25.301891,26.568285,27.222141,21.417936,20.687836,25.989689,24.522205,19.739561,20.842918,23.531532,22.971867,19.326212,17.336866,20.529493,14.852332,17.854366,15.261156,18.668686,17.307713,20.17041,22.818968,25.012688,21.12191,20.113184,26.741507,26.896612,22.848715,26.481907,23.632437,22.992537,25.270517,28.410425,27.687223,23.92985,29.603071,29.110182,26.234829,30.764603,25.62075,30.38812,30.232306,26.985888,31.90371,31.016022,28.323093,25.10633,23.378345,19.947159,18.41561,15.997268,12.785891,11.836778,13.691114,15.857421,19.302467,18.487734,18.90376,18.081505,20.107595,20.356215,21.628147,25.550756,28.288172,30.469471,32.849293,33.62297,33.760803,31.020683,31.757908,29.927439,27.703878,27.872694,24.31929,24.491941,23.962868,24.322441,24.060862,25.236055,22.479494,25.829025,23.831253,27.826536
10,29.810863,27.362446,23.773302,21.0117,18.75521,15.183518,13.780196,9.531176,6.2918506,5.1580114,0.0,6.338199,5.2665787,5.2264333,7.303999,6.83234,11.016781,11.908359,16.850607,18.313835,22.323164,25.155306,26.773237,31.600843,31.045664,28.509584,28.2343,23.95443,24.369629,25.011957,19.86711,18.491468,22.918716,22.001467,16.805048,17.22268,19.90983,19.546595,15.175411,12.807836,15.574704,10.037766,12.797399,10.7834015,14.231454,14.465926,16.82388,20.251984,22.745539,19.950462,19.357964,25.162743,25.940548,22.88256,26.62983,24.267,23.103748,26.132504,28.778292,29.055624,24.89303,30.39453,30.371668,27.927683,32.277367,27.503424,32.62916,32.60385,28.876076,33.44401,32.033566,29.217546,25.479774,24.038752,19.899004,18.985163,15.571876,13.234844,10.871307,14.007777,14.800178,17.563042,16.19294,17.040731,15.740411,18.956448,18.523096,20.866081,24.403864,27.410728,30.119778,31.908148,32.72968,32.347202,29.602926,29.635117,28.170292,25.038595,25.649849,21.226051,21.361185,20.809351,20.414978,20.244658,20.61809,18.428972,21.410164,19.69805,23.676725
11,35.37239,32.92745,29.100128,26.728798,24.149593,20.597937,18.96122,14.504892,11.912508,8.108316,6.338199,0.0,6.6005845,9.219291,11.915559,13.100922,17.08557,18.120914,22.997013,24.40156,28.57298,31.30196,33.09009,37.843594,37.323723,34.794907,34.257114,29.984287,30.188816,31.018696,26.126741,24.450932,28.525658,27.917679,22.621511,22.56224,25.048742,24.536556,19.718887,16.752089,18.644592,14.035363,14.226208,13.026316,13.396408,13.196139,13.984806,18.586445,19.459593,16.087828,17.154894,23.102835,22.463768,19.49758,24.428745,22.383146,22.441788,25.905127,29.274979,29.83026,26.779371,32.403065,32.963463,30.679722,35.747444,31.301144,36.442883,36.858303,33.51653,38.48536,37.34513,34.15692,30.994678,28.936152,25.149195,23.531532,19.924543,16.896147,13.706435,15.46899,15.162532,17.134748,17.388193,19.56068,19.52233,22.590107,23.38869,25.968353,29.657578,32.91537,35.705223,37.3771,37.792633,37.40033,34.26677,34.136612,32.07453,29.081478,28.791275,24.467993,23.324945,21.90361,21.71758,22.526321,22.651907,22.00443,24.969616,24.128452,28.108856
12,31.283329,29.41992,25.232296,23.333244,21.458881,17.25429,17.057863,11.743675,10.413015,7.1239376,5.2665787,6.6005845,0.0,3.6274717,6.9159627,9.423995,12.815204,15.26557,18.798306,21.665903,25.156654,28.105854,29.284906,34.453312,33.965122,31.259302,31.7195,27.627583,27.955462,27.942377,22.640903,22.012121,25.660295,23.840559,18.90774,19.716625,21.25808,20.008205,16.085724,13.502068,17.046408,12.638046,15.096577,14.660737,16.788153,18.21427,19.260494,23.941126,25.523684,22.553518,23.046825,28.928043,28.87655,25.80233,30.316845,27.997969,27.49306,30.564777,33.57772,33.671177,29.818407,35.412483,35.287422,32.669514,37.042995,32.020813,36.933556,36.631355,33.02944,37.522324,36.1728,33.70819,29.719463,28.65602,24.515944,23.80769,20.674082,18.258524,16.074005,18.856033,19.525309,22.010107,21.05957,22.220903,20.83504,24.198044,23.378868,25.65626,29.042953,31.829716,34.421543,36.312737,37.439644,36.998554,34.487507,34.4045,33.244904,29.804594,30.72436,25.985125,26.06399,25.337883,24.489845,24.541924,23.915983,22.407497,24.650797,22.822155,26.405907
13,29.264404,27.465353,23.510592,21.291111,19.816187,15.646745,15.754534,10.851393,9.213911,8.146969,5.2264333,9.219291,3.6274717,0.0,5.884731,6.8422384,10.274535,12.746751,16.114908,19.145014,22.311459,25.42154,26.22029,31.521751,30.756523,27.951447,28.515596,24.575212,24.756327,24.519993,19.318161,18.84873,22.21815,20.23726,15.354114,16.335203,17.738047,16.497072,12.770414,10.501558,14.567527,10.1559725,13.816649,13.472432,16.715261,18.757431,20.207048,24.549809,26.830917,24.390213,24.338434,29.878273,30.569357,27.725391,31.747227,29.436996,28.307394,31.330883,33.86899,34.076435,29.678417,35.08687,34.793625,32.233326,36.1429,31.101923,36.019226,35.50762,31.627419,35.749836,34.130646,31.901112,27.494537,26.914997,22.503613,22.390188,19.283548,17.548965,15.626131,19.081205,19.860664,22.399355,20.684074,21.327,19.24342,22.861881,21.180017,23.526478,26.611906,29.247868,31.887672,33.663124,35.04505,34.46349,32.227913,32.02448,31.34,27.613379,29.141386,24.204239,24.90814,24.596516,23.424086,23.039614,22.202673,20.18056,22.12779,19.903898,23.333227
14,24.406496,22.648573,18.342001,16.748108,15.125813,10.671476,11.5367,6.0304313,7.267142,6.1357527,7.303999,11.915559,6.9159627,5.884731,0.0,5.61671,6.938581,10.456224,12.655165,16.210617,19.480455,22.205858,23.666492,28.697504,28.918142,26.468706,27.709864,23.527006,24.758417,24.483557,18.400043,18.82551,23.400875,20.720514,16.45654,18.417547,20.056133,18.812016,16.284454,14.900086,19.255255,14.248559,18.68357,17.093513,21.2344,21.624294,24.100954,27.3602,29.887537,26.592623,25.702618,31.934826,32.520454,28.795736,32.34487,29.544403,28.467232,30.68099,33.359016,32.59089,28.194698,33.621803,32.667614,29.6867,33.374588,27.898432,32.380623,31.50698,27.943974,32.156742,30.935759,29.054558,24.892246,24.38257,20.541533,20.227047,18.215342,16.12889,15.742494,18.571674,20.74229,24.074245,22.370941,22.208672,20.165438,22.682068,21.185095,22.33393,25.70636,27.931856,29.971767,32.411137,33.917126,33.877758,31.814554,32.400723,31.567587,28.738657,30.11695,26.049868,27.186237,27.159594,26.73297,25.961401,26.205227,23.035658,25.508844,22.73869,26.206614
15,23.727127,21.46991,18.115078,15.083923,13.593972,9.954114,9.716902,6.428134,4.5630574,8.091155,6.83234,13.100922,9.423995,6.8422384,5.61671,0.0,4.4613924,5.925242,10.146456,12.354662,15.8585,18.845396,20.147087,25.165388,24.745642,22.207464,22.718739,18.49704,19.430126,19.520214,13.734181,13.445295,18.309862,16.440155,11.801865,13.454143,15.957738,15.576154,12.72293,11.81127,15.627018,10.280555,15.495262,13.334692,18.715813,19.279583,22.40021,24.8606,28.313963,25.853828,24.217175,29.746737,31.427544,28.253008,31.033037,28.432404,26.425343,28.763613,30.679127,30.45458,25.392508,30.50002,29.667824,27.026157,30.28617,25.133322,29.921696,29.184326,25.121399,29.009073,27.323322,25.268707,20.735352,20.42766,16.053764,16.356567,13.919754,12.895722,12.496698,16.23933,18.15925,21.355925,18.748663,18.002453,15.272311,18.13022,15.868833,17.408627,20.541945,22.924183,25.310728,27.388504,28.884401,28.60196,26.573942,26.932358,26.38336,23.292654,25.089956,20.916098,22.610147,23.034285,22.460936,21.23118,21.751768,17.900873,20.488436,17.565823,21.152206
16,19.395023,17.394829,13.945653,11.176983,10.373443,6.567666,8.116046,6.0847,7.1845775,10.78915,11.016781,17.08557,12.815204,10.274535,6.938581,4.4613924,0.0,4.702687,6.0155783,9.690764,12.593978,15.473964,16.785429,21.836367,22.000137,19.636343,21.115551,17.007769,18.692629,18.283089,11.897177,13.04189,18.156172,15.291535,11.782962,14.461416,16.447664,15.857549,14.554116,14.531018,18.688269,13.8906555,19.530201,17.347626,23.046898,23.370308,26.768318,28.816717,32.463177,29.809977,27.77899,33.419144,35.21275,31.730713,34.13472,31.322483,29.178905,30.957054,32.677456,31.872072,26.61407,31.460155,30.018276,27.152216,29.74102,24.295393,28.585238,27.282846,23.271286,26.734676,25.10796,23.746462,18.94828,19.409796,15.409526,16.286295,15.057516,14.5002,15.391775,18.780361,21.412323,24.875694,22.06377,20.62684,17.587471,19.695168,16.820269,17.291368,20.146126,21.862568,23.699463,26.210796,28.139608,28.13866,26.637253,27.45001,27.327,24.672089,26.888052,23.250534,25.57619,26.373634,25.9386,24.315203,25.053171,20.537516,22.88485,19.415627,22.558073
17,19.800575,17.050308,14.791324,10.647213,9.432261,7.486496,6.7301955,7.6812406,6.7381682,12.22352,11.908359,18.120914,15.26557,12.746751,10.456224,5.925242,4.702687,0.0,6.4908957,6.514472,10.470711,13.275955,15.138563,19.723927,19.61219,17.434658,17.826815,13.387121,15.242844,15.714876,9.646056,9.659045,15.88297,14.367617,10.797826,12.846061,16.031422,16.506134,14.819844,15.038572,18.147896,13.156532,18.614159,15.590923,21.903,21.56836,25.62497,26.598354,30.850088,28.602089,25.842007,30.986479,33.495026,30.276293,31.903923,29.205053,26.435291,28.070873,29.21445,28.661451,23.02668,27.561298,26.17848,23.575891,25.900875,20.768883,25.321873,24.301172,19.974943,23.406036,21.53616,19.767082,14.944025,15.202897,10.881257,12.081748,10.843362,11.232464,12.647638,16.191347,18.86055,22.275702,18.994045,16.904976,13.627139,15.364233,12.271821,12.603007,15.562805,17.520739,19.596874,21.97183,23.653639,23.667082,21.99296,22.930145,22.686861,20.334383,22.49503,19.310085,21.977205,23.116566,23.009993,21.061098,22.636822,17.462872,20.310966,16.96175,20.316624
18,14.321447,12.472021,10.0436535,6.772556,7.980228,6.4111814,9.169632,10.411774,12.109833,16.346523,16.850607,22.997013,18.798306,16.114908,12.655165,10.146456,6.0155783,6.4908957,0.0,6.2330127,7.290231,10.019828,11.182949,16.15973,16.90894,14.896178,17.43576,13.756025,16.362455,15.477985,9.037769,11.91156,16.997364,13.5555105,12.104553,15.4198675,17.056822,16.813477,17.222477,18.248596,22.11067,18.025003,23.942703,21.60042,27.83253,27.972656,31.80516,33.0779,37.23475,34.77451,32.100048,37.425503,39.777145,36.275715,37.920654,35.04084,32.400364,33.58124,34.66302,33.48958,27.874443,32.038105,29.960491,27.126162,28.47315,23.085556,26.656746,24.680832,20.605219,23.02313,21.215927,20.893194,15.683554,17.504698,14.1327095,16.140383,16.356295,16.9492,18.98671,22.15244,25.204653,28.724266,25.435173,23.09729,19.62418,20.86771,17.077934,16.27131,18.295843,18.979446,20.08857,22.939882,25.441664,25.701227,25.028849,26.301588,26.908371,24.804419,27.6522,24.786781,27.982206,29.361683,29.032867,26.844002,27.941202,22.60868,24.628077,20.694136,23.158218
19,15.558356,12.400268,12.0564375,6.9990144,7.1980762,8.583968,8.350058,12.317904,12.610841,17.989252,18.313835,24.40156,21.665903,19.145014,16.210617,12.354662,9.690764,6.514472,6.2330127,0.0,4.9565525,7.0273423,9.99426,13.687017,14.452142,13.055274,13.874764,9.624555,13.091286,13.683798,8.199949,9.503688,15.951342,14.557966,13.183231,15.499377,18.502052,19.45668,19.187237,20.23318,22.922745,18.624891,24.02964,20.760592,27.355433,26.471037,31.025217,30.919222,35.641884,33.51247,29.975517,34.722313,37.786064,34.500534,35.125076,32.361088,29.086576,29.857927,30.214819,29.137892,23.213907,26.79668,24.619106,22.09347,22.882702,17.891367,21.628767,19.955109,15.460967,17.834166,15.735893,14.934154,9.606699,11.465405,8.226994,10.905374,12.036227,13.779148,16.656044,19.471382,22.660217,26.092627,22.501251,19.373886,15.995731,16.133713,12.43146,10.517185,12.551643,13.228499,14.34061,17.363724,19.519287,20.07176,19.244497,21.037548,21.39208,20.196444,22.753357,20.961094,24.465456,26.21892,26.490765,23.996023,26.275423,20.315002,22.975994,19.38968,22.034039
20,13.501628,11.169937,12.013064,7.794923,10.05535,11.69959,12.811147,16.322622,17.023993,22.223227,22.323164,28.57298,25.156654,22.311459,19.480455,15.8585,12.593978,10.470711,7.290231,4.9565525,0.0,3.491287,5.068638,9.334924,10.221396,8.978719,11.51836,8.473723,12.233415,11.718424,7.1889377,10.350764,15.212033,13.044332,13.601071,16.34635,18.374397,19.265873,20.393587,22.119144,24.891293,21.470257,27.132013,24.40573,31.067135,30.846157,35.204052,35.258537,40.109756,38.238815,34.759064,39.25159,42.53336,39.39166,39.937767,37.22856,33.807606,34.490364,34.51555,33.43917,27.443624,30.507973,28.07995,25.73705,25.533957,20.911762,23.85041,21.591524,17.254877,18.084795,15.613984,16.23446,10.566561,14.115686,11.650033,15.058571,16.49385,18.64648,21.390085,24.348265,27.367586,30.628319,26.78688,23.519812,19.786573,20.021372,15.457682,13.365945,13.915415,13.320282,13.723885,16.65394,19.652647,20.100544,20.359104,22.055225,23.473001,22.156803,25.546476,23.826334,27.858265,29.90427,29.789646,27.023523,28.80888,22.752256,24.590544,20.659332,22.43705
21,11.971195,9.429582,11.7558565,8.030878,10.556443,13.316936,14.2781105,18.483799,19.521566,24.630678,25.155306,31.30196,28.105854,25.42154,22.205858,18.845396,15.473964,13.275955,10.019828,7.0273423,3.491287,0.0,5.062124,7.0110884,9.577974,9.535448,12.123589,9.764708,13.988241,13.783961,10.3437605,13.144868,17.86361,16.038622,16.983292,19.571676,21.646063,22.623932,23.850134,25.57006,28.21689,24.715664,30.251995,27.25941,33.9425,33.223244,37.8318,37.407894,42.345173,40.348675,36.547043,40.998962,44.359924,41.074394,41.204185,38.433006,34.94123,35.161186,34.956413,33.50852,27.630995,30.229876,27.418259,25.109095,24.179619,19.771242,22.001442,19.388607,15.323579,15.3729515,13.021832,14.481131,9.368728,13.455585,12.25824,15.571025,17.890547,20.129892,23.373308,25.87253,29.174904,32.505287,28.744356,25.206259,21.755724,21.222961,17.113077,14.145603,14.345194,12.983852,12.363597,15.774355,18.797337,19.741776,20.363297,22.609526,23.989252,23.505543,26.643429,25.692614,29.773382,31.923729,32.139225,29.304829,31.528215,25.329145,27.311773,23.514227,25.168526
22,13.830039,12.670317,14.559167,11.556107,14.535513,16.219643,17.807001,21.058695,21.816046,26.944279,26.773237,33.09009,29.284906,26.22029,23.666492,20.147087,16.785429,15.138563,11.182949,9.99426,5.068638,5.062124,0.0,5.7551165,6.3062057,5.577627,10.266086,9.375458,12.644241,11.058967,8.953445,12.762133,15.532108,13.032126,15.467624,18.221378,19.295675,20.20223,22.513304,24.775358,27.397379,24.848372,30.53561,28.263086,34.909435,35.224735,39.420155,39.526848,44.51881,42.95431,39.490376,43.66603,47.2089,44.26365,44.683464,42.061783,38.460926,39.097923,38.776073,37.797222,31.742865,34.31928,31.770159,29.67334,28.649939,24.525688,26.809242,24.21078,20.140848,19.545252,16.81027,18.571135,13.152005,17.582344,15.6772175,19.46261,21.00966,23.513271,26.12973,29.206503,32.028976,35.09481,31.034706,27.65798,23.700104,23.998892,18.908436,16.838562,16.174088,14.547121,14.302067,16.735458,20.380964,20.641027,21.929976,23.415642,25.778902,24.38712,28.42474,26.831789,31.256996,33.554157,33.117012,30.139088,31.509039,25.493635,26.559595,22.508314,23.374664
23,14.559195,13.437687,17.01597,14.503192,17.38156,20.159618,21.28056,25.384604,26.220095,31.458643,31.600843,37.843594,34.453312,31.521751,28.697504,25.165388,21.836367,19.723927,16.15973,13.687017,9.334924,7.0110884,5.7551165,0.0,5.496897,7.7412224,11.237093,11.711518,15.239484,14.433707,13.9526825,16.892076,19.478117,18.006245,20.695179,23.023645,24.360605,25.591923,27.8587,30.13098,32.361187,29.79449,35.234997,32.593662,39.29862,39.006683,43.552265,42.878765,48.093327,46.56428,42.613453,46.49244,50.333763,47.368874,47.096275,44.49343,40.659817,40.725742,39.883266,38.620926,32.71945,34.4369,31.50877,29.706068,27.491667,24.124046,25.352703,22.473572,18.95287,16.732857,14.0304365,17.067411,12.864531,17.779942,17.399708,21.1414,23.59499,26.41667,29.547667,32.11648,35.136036,38.16175,34.107845,30.327827,26.692726,26.036854,21.425451,18.424967,16.984434,14.222302,12.49575,15.053515,18.760534,19.589003,21.65219,23.752132,26.279104,26.032104,29.822123,29.364733,33.929413,36.45153,36.41762,33.290573,35.281548,29.07605,30.276562,26.516846,27.135202
24,19.03292,17.856619,20.535137,17.307968,19.890139,21.914412,22.73886,26.318808,26.270227,31.802446,31.045664,37.323723,33.965122,30.756523,28.918142,24.745642,22.000137,19.61219,16.90894,14.452142,10.221396,9.577974,6.3062057,5.496897,0.0,3.3665867,6.83707,8.969835,11.245029,9.975117,11.702559,14.233514,15.172763,14.480961,17.89397,19.715126,20.779469,22.459547,24.990705,27.57978,29.235165,27.525864,32.718964,30.557158,37.140766,37.627804,41.85238,41.3544,46.711033,45.834618,42.09982,45.41082,49.624107,47.217934,47.048584,44.726303,40.634136,41.22918,40.1309,39.65527,33.493355,35.219803,32.84668,31.392828,29.464085,26.408974,28.374332,26.025948,22.011856,20.127747,16.833752,18.996567,14.123347,18.980366,17.590523,21.810513,23.360554,26.652887,29.103153,32.198597,34.55462,37.157375,32.78322,29.124094,25.103746,25.175468,19.74429,17.724878,15.487449,12.878059,12.315327,13.449286,17.526052,17.381716,19.790195,20.951178,24.337858,23.163918,27.725529,26.755388,31.593466,34.28399,33.722286,30.465134,31.903776,25.909204,26.415203,22.725718,22.71325
25,19.333094,18.136993,19.99307,16.541653,19.020573,20.397097,21.338957,24.37323,24.105324,29.586977,28.509584,34.794907,31.259302,27.951447,26.468706,22.207464,19.636343,17.434658,14.896178,13.055274,8.978719,9.535448,5.577627,7.7412224,3.3665867,0.0,6.0073113,7.4802513,9.210961,7.130276,8.786301,11.640547,12.212079,11.118188,14.664038,16.58782,17.452305,19.093239,21.711159,24.370584,26.114147,24.590233,29.863832,27.990362,34.513954,35.451084,39.431805,39.377827,44.627365,43.827236,40.38749,43.770573,47.866688,45.55146,45.758015,43.467815,39.47655,40.4339,39.584038,39.344345,33.09843,35.269638,33.15563,31.587502,30.301609,26.899649,29.434689,27.258614,22.96235,21.879765,18.568104,20.061718,14.605585,19.139593,16.883425,21.133327,22.070324,25.248234,27.30531,30.725002,32.866608,35.418316,31.005957,27.595879,23.355963,24.060352,18.273287,16.949228,15.06629,13.20163,13.585118,14.583095,18.541355,17.998827,19.919987,20.602707,23.957602,21.994154,26.788305,25.093569,29.886951,32.472702,31.606236,28.412685,29.408411,23.5457,23.847095,19.973013,19.982927
26,23.590515,21.52566,23.416853,19.11799,20.649792,22.224514,21.915134,25.297039,23.96362,29.803911,28.2343,34.257114,31.7195,28.515596,27.709864,22.718739,21.115551,17.826815,17.43576,13.874764,11.51836,12.123589,10.266086,11.237093,6.83707,6.0073113,0.0,4.6669703,5.121554,5.9324455,9.797495,9.979408,10.552564,12.487978,14.932163,15.525759,17.600706,20.17988,21.649467,24.090618,24.713205,23.349968,27.865713,25.681517,32.06846,32.695343,36.824116,35.972893,41.503925,41.28432,37.559624,40.13407,44.774628,42.979805,42.63188,40.665382,36.283348,37.313965,35.88342,36.271454,29.992779,31.661366,30.01511,29.019857,27.637373,25.046167,27.961456,26.499315,22.01333,21.053156,17.396076,17.930006,12.879206,16.875011,14.614658,18.962318,19.565681,23.384129,25.172012,28.485361,30.10167,32.18583,27.608315,24.003809,19.899279,20.370771,14.556062,13.578457,10.6184,8.829726,10.294413,9.907638,13.650677,12.477151,14.488458,14.76183,18.549456,16.663166,21.642761,20.490425,25.464392,28.306402,27.590454,24.23963,25.809101,19.867664,20.348974,17.089628,17.118967
27,21.572577,19.014927,20.296106,15.603807,16.623487,18.041988,17.392298,20.821882,19.426453,25.301891,23.95443,29.984287,27.627583,24.575212,23.527006,18.49704,17.007769,13.387121,13.756025,9.624555,8.473723,9.764708,9.375458,11.711518,8.969835,7.4802513,4.6669703,0.0,4.4811063,6.3735695,6.815874,6.4478545,10.082866,11.538727,12.433537,13.300851,16.246204,18.638023,19.249039,21.280495,22.28757,19.99602,24.733852,22.101215,28.678825,28.860128,33.181343,32.419518,37.835423,37.212433,33.487225,36.54637,40.877476,38.786076,38.657364,36.53412,32.339,33.419308,32.4053,32.595665,26.287098,28.539076,26.898895,25.567572,24.938581,21.732193,25.190434,23.87644,19.161015,19.355476,15.926934,15.624852,9.982289,13.471025,10.446177,14.770729,15.233274,18.873558,20.789293,24.100529,25.96876,28.343456,23.888845,20.301586,16.181183,16.684092,10.883564,9.7996,8.038259,7.5039105,9.72579,10.618549,13.722611,13.028953,13.659373,14.403623,17.01164,15.084569,19.506643,18.014353,22.739548,25.355326,24.932325,21.728403,23.697334,17.466553,18.8599,15.4187765,16.609215
28,25.520245,23.184721,24.063547,19.404705,20.280367,21.011587,20.268171,22.912386,20.780605,26.568285,24.369629,30.188816,27.955462,24.756327,24.758417,19.430126,18.692629,15.242844,16.362455,13.091286,12.233415,13.988241,12.644241,15.239484,11.245029,9.210961,5.121554,4.4811063,0.0,4.2161827,7.850968,5.9976716,6.5810933,10.07324,11.179858,10.963366,13.796679,16.764477,17.351286,19.615585,19.810843,18.60686,22.862461,20.86953,27.132544,28.206373,32.06646,31.550573,37.008472,37.06188,33.67005,36.10345,40.711563,39.20628,39.227074,37.418068,33.106846,34.69882,33.51545,34.432186,28.134632,30.348223,29.275011,28.276619,27.928474,25.104158,28.865763,27.883268,23.140333,23.38944,19.870182,19.214577,13.932964,16.800978,13.314953,17.389929,16.783648,20.545301,21.551308,25.259068,26.32834,28.161617,23.504055,20.26606,15.901566,17.391191,11.121767,11.790125,9.565872,9.777538,12.721466,12.159551,14.975513,13.244619,13.898926,13.206813,16.618727,13.311148,18.588345,16.295715,21.215982,23.947243,22.86279,19.559721,20.787708,14.878826,15.366972,12.040133,12.546031
29,24.40074,22.694248,23.361956,19.189888,20.693266,21.009947,21.179728,23.285223,21.68284,27.222141,25.011957,31.018696,27.942377,24.519993,24.483557,19.520214,18.283089,15.714876,15.477985,13.683798,11.718424,13.783961,11.058967,14.433707,9.975117,7.130276,5.9324455,6.3735695,4.2161827,0.0,6.550768,7.068617,5.2082825,6.8107414,9.758925,10.432858,11.771242,14.351432,16.243837,18.979448,19.815708,19.128502,23.880348,22.537493,28.748365,30.5357,34.040405,34.3035,39.53991,39.438427,36.41523,39.206272,43.511696,41.853374,42.350323,40.41815,36.34389,38.049763,37.19565,37.896606,31.588766,34.09341,32.820747,31.536037,31.209785,27.956535,31.533916,30.126347,25.421808,25.460184,21.987629,21.982334,16.321203,19.704105,16.122063,20.232244,19.651997,23.002272,23.932701,27.889257,29.089188,31.08026,26.487007,23.536818,19.010815,20.935713,14.596186,15.211689,13.4054575,13.14561,15.419277,15.242871,18.53357,16.933144,17.995451,17.299358,20.831938,17.270685,22.620436,19.77409,24.5539,27.108685,25.606041,22.43476,22.719965,17.202263,16.897844,13.054027,12.856354
30,19.956633,18.040815,17.727715,13.522498,14.822885,14.589665,15.166145,16.98656,16.01452,21.417936,19.86711,26.126741,22.640903,19.318161,18.400043,13.734181,11.897177,9.646056,9.037769,8.199949,7.1889377,10.3437605,8.953445,13.9526825,11.702559,8.786301,9.797495,6.815874,7.850968,6.550768,0.0,4.740136,8.413347,6.5481915,6.8978887,9.410422,11.417555,12.907045,14.051069,16.238588,18.49696,16.147648,21.743488,19.892239,26.413763,27.634655,31.344887,32.083004,36.977013,35.966595,33.06766,36.921635,40.501617,38.137756,39.147987,36.839672,33.257618,34.885487,34.827423,34.884056,28.694479,32.024254,30.490356,28.562258,29.060959,24.836443,28.680967,27.11718,22.422647,23.59707,20.637209,20.2839,14.299711,17.14826,13.051776,16.684042,16.141893,18.667683,19.923971,23.847008,25.71641,28.356636,24.126871,21.360495,16.956532,18.895443,13.113914,13.3608,13.467334,13.95971,16.039288,17.41762,20.367167,19.60752,19.622473,19.838297,21.911232,18.76457,23.085234,19.924665,24.129879,26.211306,25.147362,22.330715,22.983538,17.265476,18.222446,14.041487,15.546412
31,23.627604,21.132841,20.807468,16.101269,16.405876,16.184246,15.423173,17.284191,15.003459,20.687836,18.491468,24.450932,22.012121,18.84873,18.82551,13.445295,13.04189,9.659045,11.91156,9.503688,10.350764,13.144868,12.762133,16.892076,14.233514,11.640547,9.979408,6.4478545,5.9976716,7.068617,4.740136,0.0,7.097459,8.534862,6.8787723,7.3913093,11.209001,13.608863,13.128346,14.916637,16.041471,13.616087,18.581583,16.37135,22.921894,23.987389,27.808441,28.05951,33.17907,32.64678,29.614769,32.906433,36.86778,34.946133,35.692963,33.651653,29.806278,31.706213,31.372509,32.041256,25.827066,29.070173,28.071856,26.51681,27.374727,23.622162,27.980043,27.062923,22.241085,23.859962,20.809149,19.484169,13.885409,15.776111,11.1753645,14.641224,13.207226,16.225187,16.927744,20.986622,22.266373,24.52124,20.085382,17.292408,12.749543,15.111243,9.020609,10.523198,10.696984,12.287626,15.320522,16.028084,18.30104,17.153746,16.45734,16.160717,17.955694,14.297376,18.632973,15.206467,19.485285,21.678219,20.62628,17.705513,18.77304,12.790868,14.243916,10.394297,12.5984
32,28.073572,26.296843,26.123613,21.889668,22.844692,22.261234,22.153957,23.208939,20.8072,25.989689,22.918716,28.525658,25.660295,22.21815,23.400875,18.309862,18.156172,15.88297,16.997364,15.951342,15.212033,17.86361,15.532108,19.478117,15.172763,12.212079,10.552564,10.082866,6.5810933,5.2082825,8.413347,7.097459,0.0,5.9604974,7.295768,6.349303,7.7230067,11.020503,12.224694,15.011437,15.124353,15.470917,19.73392,19.185804,24.920713,27.690773,30.5754,31.453312,36.486576,36.864777,34.400528,36.854294,41.102745,39.911724,40.86127,39.183983,35.249447,37.574383,36.927757,38.234196,32.049274,34.925957,34.24352,33.0538,33.527256,30.256664,34.41276,33.40894,28.59697,29.374176,25.983786,25.2199,19.66086,22.141556,17.86646,21.470621,19.718412,22.786112,22.677824,27.007246,27.437712,28.980228,24.415236,22.135603,17.55614,20.637201,14.395613,16.581884,15.364632,16.245752,19.242126,18.672405,21.330622,19.260757,19.529945,17.870646,21.12046,16.287092,21.728422,17.657883,22.102436,24.43075,22.22895,19.259037,18.45298,13.619072,12.430821,8.457553,7.975794
33,24.390438,23.286163,22.57428,19.089727,20.644596,19.527267,20.626318,21.08328,19.786657,24.522205,22.001467,27.917679,23.840559,20.23726,20.720514,16.440155,15.291535,14.367617,13.5555105,14.557966,13.044332,16.038622,13.032126,18.006245,14.480961,11.118188,12.487978,11.538727,10.07324,6.8107414,6.5481915,8.534862,5.9604974,0.0,5.4086146,7.5878477,6.5498047,8.03685,11.241222,14.318047,16.3419,16.108095,21.392195,21.076162,26.91712,29.802412,32.568214,34.282974,38.93869,38.557278,36.386375,39.796703,43.37645,41.554844,43.090096,41.04613,37.555996,39.75408,39.721935,40.34533,34.18744,37.572704,36.41746,34.667686,35.28707,31.24601,35.173317,33.627293,28.92845,29.803593,26.67015,26.492302,20.531773,23.425018,19.141096,22.670166,21.327034,23.700506,23.947197,28.314718,29.394001,31.514313,27.227137,25.095078,20.514584,23.517698,17.451553,18.87598,18.406725,18.888287,21.202492,21.654549,24.774538,23.29283,23.686907,22.810383,25.66147,21.316938,26.337559,22.182373,26.322536,28.320473,26.234064,23.54386,22.472082,17.817387,16.993032,12.696833,12.722102
34,25.23576,23.572502,22.048182,18.255863,18.855606,17.024187,17.492239,17.1843,15.156092,19.739561,16.805048,22.621511,18.90774,15.354114,16.45654,11.801865,11.782962,10.797826,12.104553,13.183231,13.601071,16.983292,15.467624,20.695179,17.89397,14.664038,14.932163,12.433537,11.179858,9.758925,6.8978887,6.8787723,7.295768,5.4086146,0.0,3.868187,5.4033875,6.9039903,7.19967,9.709038,12.120957,10.854627,16.431671,15.949571,21.832653,24.676193,27.372452,29.392246,33.84235,33.310314,31.384054,35.020336,38.30201,36.457687,38.334675,36.31434,33.07793,35.582916,35.95567,36.73398,30.775093,34.656715,33.85399,32.006794,33.518524,29.274227,33.743202,32.622913,27.897245,29.800074,26.923063,25.851162,20.10452,21.92042,17.117626,19.935074,17.757648,19.607866,19.250467,23.766443,24.606106,26.72755,22.653143,20.986391,16.567497,20.163073,14.680617,16.929464,17.54928,19.075949,21.896008,22.602427,25.0763,23.701822,23.076414,22.186714,24.030838,19.439207,23.762877,19.00856,22.566242,24.181692,22.150446,19.785353,18.772194,14.24556,14.272687,10.028052,11.752482
35,28.656734,26.716085,25.371521,21.267094,21.477379,19.785892,19.505241,19.213226,16.280659,20.842918,17.22268,22.56224,19.716625,16.335203,18.417547,13.454143,14.461416,12.846061,15.4198675,15.499377,16.34635,19.571676,18.221378,23.023645,19.715126,16.58782,15.525759,13.300851,10.963366,10.432858,9.410422,7.3913093,6.349303,7.5878477,3.868187,0.0,5.035214,7.8873515,6.4954605,8.83934,9.529622,9.309989,14.047358,13.908313,19.525776,22.844183,25.302458,27.171585,31.743261,31.857367,30.022116,32.976524,36.602123,35.314728,37.054825,35.348118,31.928558,34.7427,34.85145,36.22709,30.32471,34.03,33.683132,32.188305,33.835087,30.040974,34.753372,34.022713,29.234648,31.197956,28.195501,26.685858,21.21377,22.612251,17.711813,20.382689,17.602621,19.720535,18.708956,23.323065,23.441141,25.022982,20.812523,19.392105,14.992299,19.104187,13.686142,16.846127,17.214874,19.174604,22.452059,22.534155,24.625647,22.852968,21.961687,20.42091,22.3003,17.088762,21.536306,16.321991,19.81618,21.47747,19.036703,16.647064,15.180363,10.925876,10.441839,6.2294893,8.26222
36,29.67145,28.400766,26.863346,23.371763,24.164206,22.10831,22.74104,21.846903,19.593538,23.531532,19.90983,25.048742,21.25808,17.738047,20.056133,15.957738,16.447664,16.031422,17.056822,18.502052,18.374397,21.646063,19.295675,24.360605,20.779469,17.452305,17.600706,16.246204,13.796679,11.771242,11.417555,11.209001,7.7230067,6.5498047,5.4033875,5.035214,0.0,3.6755753,5.876486,9.221896,10.618773,12.152515,16.64862,17.698986,22.573076,26.807867,28.598276,31.276175,35.4869,35.647343,34.306255,37.3308,40.678635,39.42667,41.58097,39.86213,36.66068,39.56443,39.82861,41.116047,35.224167,38.98879,38.501415,36.880417,38.366547,34.383316,38.88956,37.82403,33.05901,34.672295,31.60977,30.643797,24.90089,26.85173,22.052208,24.911821,22.370855,24.246813,23.215961,27.86504,27.990753,29.534204,25.496565,24.334827,19.993118,24.115904,18.59464,21.41364,21.467834,22.895075,25.860283,25.90158,28.43242,26.552588,26.20988,24.527256,26.931797,21.59994,26.338432,21.045685,24.430119,25.965788,23.099945,20.926931,18.353397,15.194125,13.425844,9.623871,9.680229
