,0,1,2,3,4,5,6,7,8,9,10,11,12,13,14,15,16,17,18,19,20,21,22,23,24,25,26,27,28,29,30,31,32,33,34,35,36,37,38,39,40,41,42,43,44,45,46,47,48,49,50,51,52,53,54,55,56,57,58,59,60,61,62,63,64,65,66,67,68,69,70,71,72,73,74,75,76,77,78,79,80,81,82,83,84,85,86,87,88,89,90,91,92,93,94,95,96,97,98,99,100,101,102,103,104,105,106,107,108,109
0,0.0,3.6391747,7.054125,9.924741,12.718034,15.434615,18.224358,22.356194,25.067102,28.099493,31.291695,34.51917,36.902035,35.805668,39.94337,34.449818,36.917107,34.002743,38.622562,35.591915,37.547176,41.088245,40.39019,39.6829,41.4039,40.868774,39.48281,40.328175,36.97479,40.9677,34.176403,40.049004,36.164764,37.050552,34.595947,31.645693,29.191864,31.062675,29.729239,27.117802,25.402422,28.438406,26.874224,22.147593,23.656822,26.877922,23.95954,19.129648,22.095196,22.073967,27.17186,25.620115,28.589787,30.080416,32.175797,34.758247,31.865273,36.120777,37.795994,33.31929,33.910355,39.516197,40.45982,38.64467,37.10285,38.818462,44.08549,44.90233,40.34245,44.94544,41.67529,42.798393,36.58675,38.503555,33.71594,35.60638,32.406994,27.775654,27.902998,22.850079,21.686806,18.66869,19.504148,22.763485,24.507233,27.924149,29.334461,34.91912,37.161873,40.900196,43.89239,46.855568,48.580574,46.291977,45.478928,41.683792,38.45652,36.52377,33.32256,28.601545,27.692703,24.118969,21.256899,21.12651,23.979925,23.378824,26.400074,28.138412,30.137152,33.12814
1,3.6391747,0.0,4.6770883,6.5656757,9.792043,12.2152195,15.258312,19.280836,21.787624,25.013529,28.00715,31.358236,33.584946,32.554756,36.55803,31.057676,33.634933,30.708433,35.56532,32.582775,34.807396,38.3754,37.93908,36.82858,38.387325,37.764122,36.168392,36.92761,33.481644,37.43458,30.594475,36.44578,32.686825,33.499916,30.973026,28.069654,25.623968,27.44586,26.098083,23.516287,21.774134,24.879673,23.336355,18.559214,20.139776,23.581017,20.7064,15.778182,19.039812,18.85863,23.885134,22.687046,25.71049,26.975279,29.047354,31.524694,28.469376,32.70577,34.481136,29.9323,30.344725,35.993187,36.96288,35.166935,33.51852,35.19323,40.47944,41.27979,36.75623,41.412716,38.206543,39.46835,33.2625,35.403385,30.610477,32.783566,29.667643,24.914858,25.508839,20.245775,19.407555,16.836607,17.246185,20.104128,21.416483,25.193733,26.131248,31.851868,33.95668,37.69648,40.6428,43.53676,45.385895,43.189407,42.53464,38.769062,35.469017,33.85772,30.533487,26.239017,24.925953,21.747437,19.117823,18.741915,21.338282,20.584259,23.25389,25.035936,26.782248,29.832792
2,7.054125,4.6770883,0.0,5.2489343,6.9359994,8.677065,11.97191,15.480125,18.626139,21.296093,24.656876,27.798208,30.375816,29.52957,34.11609,28.93488,31.83864,29.439701,34.422558,32.152817,34.663746,38.22528,38.433434,37.073505,38.336002,37.27373,35.58264,35.799084,32.168728,35.77149,28.743929,34.18743,29.727077,30.812498,28.837927,25.76486,23.07063,25.540455,24.621717,21.779709,20.06855,24.288038,22.67256,17.780273,19.803295,24.118837,21.149544,16.440126,20.386454,19.569935,24.386131,24.173693,27.220396,27.868351,29.980537,32.09985,28.538376,32.60345,34.80601,29.98505,29.62312,35.460693,36.46695,34.550716,32.308834,33.846462,39.310146,39.899136,35.712177,40.68982,37.56721,39.39553,33.262863,35.886127,31.15953,33.71828,30.640255,25.820343,26.777014,21.454905,20.511856,18.23558,17.402489,19.829199,20.60534,24.743034,25.00533,31.066465,32.71414,36.622612,39.237167,42.282707,44.00744,41.782787,41.127426,37.4698,33.745697,32.782913,28.700924,25.030468,23.113241,20.291906,17.918558,16.481737,19.057957,17.138563,20.620718,21.686762,23.786545,26.471476
3,9.924741,6.5656757,5.2489343,0.0,3.948565,6.994624,9.082302,13.473871,15.40852,18.947622,21.734425,25.116343,27.20284,26.042362,30.032118,24.571625,27.22515,24.53193,29.503492,26.987745,29.534353,33.105892,33.326046,31.83129,33.106197,32.114754,30.500284,30.900599,27.42275,31.253399,24.44937,30.378748,26.523594,27.778507,25.143063,21.896172,19.74909,22.140968,20.435493,17.489046,16.50098,20.08197,17.946842,13.237515,15.948871,19.501747,16.128813,12.072251,16.440409,16.191538,20.496342,19.70862,23.404856,24.149033,25.649141,27.41928,23.838457,27.850805,30.336636,25.98239,25.339024,31.12461,32.456585,30.931192,28.679232,29.849325,35.27188,35.700916,31.26241,36.10831,32.72263,34.414562,28.26538,30.756453,26.045843,28.551807,25.468935,20.661518,21.761097,16.421598,15.685897,13.953444,12.843002,14.881082,15.518011,19.746763,20.021177,25.992962,27.80172,31.644472,34.413185,37.40321,39.179123,36.987095,36.401634,32.701508,29.186064,28.082067,24.366241,20.763308,18.806417,16.240398,14.101395,13.112567,15.290076,14.478887,16.713564,18.665493,20.349726,23.578098
4,12.718034,9.792043,6.9359994,3.948565,0.0,5.541306,5.551299,10.530524,12.658383,15.8351345,18.984932,22.078453,24.47693,23.192427,27.696247,22.49205,25.211641,23.065214,27.813375,26.034124,28.603025,32.114395,32.851147,31.457922,32.55771,31.167685,29.788326,29.722717,26.289465,29.844181,23.12122,28.855766,24.386873,26.271742,23.97797,20.320385,18.328157,21.580708,19.88124,16.521074,16.26921,20.578526,18.002869,13.608221,17.10304,20.748465,17.04988,14.029599,18.7804,18.391565,22.13416,21.66858,25.65669,26.040869,27.197388,28.412529,24.47846,28.188114,31.237373,27.03994,25.491144,31.325438,32.892517,31.49867,28.674969,29.42583,34.955555,35.006798,30.80697,35.840103,32.310257,34.423275,28.423767,31.099281,26.557055,29.105091,26.001137,21.368206,22.38629,17.361221,16.21483,14.672829,12.332786,14.000772,14.416338,18.583736,18.619102,24.716452,26.202593,30.193838,32.68237,35.911537,37.386936,35.066395,34.324516,30.7056,26.879038,26.119967,21.799364,18.53611,16.243477,13.814443,11.911176,9.940115,12.214136,10.811073,13.870194,15.477333,17.774572,20.856558
5,15.434615,12.2152195,8.677065,6.994624,5.541306,0.0,6.0023065,7.354379,10.501818,13.177753,16.225239,19.554464,21.97733,21.515507,26.216278,21.419699,24.882605,23.04984,28.574144,27.14932,30.423275,33.880577,35.162266,32.762356,33.35637,31.758709,29.535559,29.037947,25.098967,28.179375,20.97746,25.887644,21.107061,22.307257,20.684351,17.573544,14.675395,17.79498,17.305353,14.346079,12.786561,18.279364,16.721106,12.154326,14.755078,19.99604,17.38937,13.66921,18.2194,16.612127,20.30046,21.789454,24.699173,24.264696,26.123007,27.504097,23.29982,26.91231,29.675474,24.737284,23.117525,29.023127,30.134945,28.263994,25.222866,26.422508,31.99814,32.31636,28.598772,33.884274,31.045776,33.647583,27.83443,31.274042,26.857082,30.217009,27.559727,22.84135,25.02645,19.887272,19.719381,19.005608,16.512823,17.079008,15.999992,20.985046,19.279236,25.65775,26.454477,30.384756,32.52974,35.469086,37.36496,35.388783,35.14247,31.74838,27.601042,28.065948,23.224134,21.537434,18.126938,17.136621,16.046608,13.18482,14.447265,10.7876215,13.671739,13.947707,15.521316,17.994188
6,18.224358,15.258312,11.97191,9.082302,5.551299,6.0023065,0.0,5.967257,7.5496187,10.517935,13.744811,16.63686,19.169039,17.854746,22.80185,18.011106,20.991165,19.611418,24.349792,23.593592,26.49953,29.857729,31.472101,29.680225,30.32451,28.404072,27.001467,26.249977,22.793177,25.856165,19.287281,24.60212,19.596912,22.163338,20.252861,16.228842,14.566197,18.757753,17.131691,13.469543,14.25574,19.232555,16.361095,12.799118,16.928118,20.637808,17.025179,15.41591,20.30184,19.625994,22.332804,22.69053,26.709131,26.451359,27.179506,27.637733,23.299662,26.469656,30.133137,26.1778,23.442255,29.178995,30.983158,29.794327,26.281836,26.466349,32.018223,31.624233,27.844997,33.059536,29.550491,32.27559,26.639711,29.733677,25.559486,28.41803,25.570074,21.274693,22.765911,18.29069,17.354939,16.821833,13.196442,13.36894,12.538464,16.857273,15.66024,21.850103,22.639942,26.71343,28.744019,32.09609,33.400944,31.10559,30.441427,27.035997,22.784374,23.042198,17.89115,16.1388,12.731131,11.740614,11.087448,7.516765,8.634585,5.4581885,8.972507,9.970526,12.672462,15.618224
7,22.356194,19.280836,15.480125,13.473871,10.530524,7.354379,5.967257,0.0,4.9057374,5.898172,9.526521,12.420673,15.322937,15.065205,20.62243,16.787529,20.5854,20.053785,25.273611,25.359064,28.879929,32.036545,34.393272,31.699825,31.71929,29.423513,27.30616,25.804361,21.94824,24.12979,17.341452,21.270338,15.345491,17.723042,17.042044,13.471984,11.003296,15.741373,15.584716,12.404913,12.480613,18.653177,16.747599,13.726614,17.000988,21.851566,19.319,17.639833,22.161705,20.496452,22.678955,24.86344,27.915066,26.772097,27.928436,28.235367,23.630587,26.372488,29.956446,25.535433,22.241276,27.839878,29.285477,27.753378,23.706423,24.008352,29.530529,29.144382,26.176004,31.648373,28.874874,32.299088,27.125698,30.97939,27.159122,30.716814,28.375153,24.24182,26.675219,22.359877,22.14777,22.237457,18.523397,17.777514,15.6026745,20.251823,17.232183,23.34289,23.12657,27.053333,28.446135,31.540968,33.09306,31.158836,30.974442,27.981522,23.341412,25.180311,19.410124,19.73032,15.329189,16.052824,16.251629,12.2229395,12.072147,6.1592298,9.271377,7.3910203,9.556157,11.272392
8,25.067102,21.787624,18.626139,15.40852,12.658383,10.501818,7.5496187,4.9057374,0.0,4.816263,6.43259,9.858861,11.848653,11.01975,16.035624,11.904317,15.696793,15.289633,20.538555,20.906605,24.591293,27.621822,30.323843,27.358906,27.168821,24.71961,22.663347,21.000837,17.28122,19.48879,12.981493,17.430107,12.090105,15.15722,13.658914,9.488558,8.352347,13.43965,12.253832,8.858516,10.857931,16.113548,13.605626,11.858595,15.707655,19.395144,16.819384,16.749577,21.060518,19.891546,20.978733,22.871885,26.264019,25.038176,25.390928,25.005995,20.371582,22.662191,26.735704,23.067825,18.999273,24.349894,26.242456,25.270287,21.03246,20.592064,26.02772,25.252857,22.173239,27.549677,24.492706,28.025726,23.103447,26.939222,23.441292,26.974712,24.85522,21.152658,23.801208,20.11701,20.208046,21.124289,17.122946,15.314946,12.303774,16.753761,12.900958,18.788864,18.306366,22.19503,23.545872,26.644691,28.21272,26.32825,26.28589,23.34578,18.744106,21.008764,15.364712,16.774755,11.912464,13.962804,15.03251,11.486415,10.019705,5.941909,5.163703,4.1170096,5.238433,8.299274
9,28.099493,25.013529,21.296093,18.947622,15.8351345,13.177753,10.517935,5.898172,4.816263,0.0,4.5093436,6.58405,9.910353,9.923758,16.124825,13.599727,17.481508,18.239716,22.91741,24.303677,27.928432,30.699451,33.884262,30.926517,30.431831,27.64,25.64334,23.320044,19.755867,20.959377,15.101077,17.793097,11.122402,14.778748,14.950785,11.3326025,10.056873,15.430217,15.423736,12.627171,14.137551,19.808092,17.818073,16.345175,19.679062,23.783487,21.525139,21.30032,25.521112,23.955992,24.972643,27.485247,30.520752,28.94596,29.4853,28.94304,24.289083,26.162504,30.249317,26.504099,22.073822,27.067703,28.772963,27.6585,23.023682,22.44828,27.644648,26.61925,24.407707,29.793936,27.164022,31.146116,26.733797,30.762323,27.601116,31.189322,29.232841,25.759878,28.349192,24.85239,24.752737,25.490597,21.294579,19.591505,16.717201,20.65353,16.661491,21.969948,20.803572,24.495068,25.14016,28.237457,29.49822,27.701532,27.66418,25.156672,20.28548,23.427755,17.261696,19.600044,14.737354,17.055641,18.288767,14.207997,12.750735,7.250113,8.243522,3.7088368,5.807652,6.045647
10,31.291695,28.00715,24.656876,21.734425,18.984932,16.225239,13.744811,9.526521,6.43259,4.5093436,0.0,4.010578,5.8248854,6.4924045,12.136603,10.328682,14.461686,15.722414,20.476048,22.284763,26.206913,28.72145,32.322227,28.756493,27.830473,24.890856,22.554733,19.827187,16.293636,16.887802,11.529153,13.453579,6.8217707,11.149286,11.389947,8.034777,7.9701223,13.107029,13.121457,11.039367,13.324132,18.13992,16.401665,16.180346,19.181475,22.655964,20.985744,21.698391,25.420532,23.907164,23.926943,26.847095,29.5969,27.675821,27.809685,26.74997,22.18937,23.430458,27.654963,24.407524,19.365927,23.839142,25.659357,24.870825,20.014109,18.88185,23.81864,22.513092,20.709583,25.99145,23.622976,27.904785,24.05747,28.293856,25.63375,29.411245,27.914623,24.913284,27.97253,25.010666,25.434175,26.856184,22.71479,20.243534,16.637768,20.32073,15.300454,19.92636,18.109549,21.466295,21.745888,24.544699,26.047,24.58976,25.01814,22.83082,18.09266,22.16697,16.392284,20.10003,15.042609,18.457146,20.230839,16.693884,14.489691,10.572923,8.707275,5.043619,3.0078883,1.8780664
11,34.51917,31.358236,27.798208,25.116343,22.078453,19.554464,16.63686,12.420673,9.858861,6.58405,4.010578,0.0,4.2301984,5.474993,11.735228,11.739143,15.29608,17.586222,21.368385,24.120241,27.783033,29.985098,33.993546,30.64498,29.515493,26.297712,24.366726,21.163023,18.176517,17.920042,13.944708,14.4545355,7.7153006,12.675511,13.90985,11.111576,11.609995,16.408512,16.601294,14.767174,17.239496,21.804325,20.02882,20.10656,23.134127,26.348286,24.619915,25.636684,29.360964,27.89722,27.74307,30.591902,33.400322,31.407192,31.336626,29.953386,25.500435,26.310211,30.692354,27.816717,22.471275,26.438707,28.324223,27.730082,22.731075,21.175861,25.646137,23.905418,22.789902,27.795654,25.555132,30.040823,26.734982,30.845402,28.562967,32.128017,30.734703,28.08018,30.87819,28.279459,28.45579,29.847727,25.496435,22.977491,19.56471,22.587742,17.761536,21.625097,19.331131,22.395426,22.020082,24.860474,25.856987,24.42665,24.757088,23.029501,18.249699,22.932764,17.012827,21.489597,16.652884,20.324831,22.35235,18.711214,16.35635,12.548474,11.163707,7.055395,6.3446126,3.0170627
12,36.902035,33.584946,30.375816,27.20284,24.47693,21.97733,19.169039,15.322937,11.848653,9.910353,5.8248854,4.2301984,0.0,3.7728727,8.093659,9.4064045,12.797153,15.528937,19.161991,22.210115,26.04431,27.964296,32.260174,28.40681,26.900696,23.61674,21.435856,17.904844,15.158527,14.175919,11.332085,10.816884,5.2321415,10.608241,11.614025,9.511318,11.307694,15.237142,15.211185,14.137973,17.150522,20.610422,19.039436,20.15114,22.868183,25.314356,24.08002,25.883423,29.125343,27.823393,26.83854,29.821917,32.406372,30.22018,29.71363,27.859247,23.642477,23.819572,28.268393,26.02544,20.286715,23.58078,25.613102,25.437195,20.427376,18.257015,22.293377,20.213972,19.506145,24.242416,22.225054,26.887928,24.211657,28.368057,26.612646,30.228966,29.27279,27.113478,30.22943,28.152308,28.759857,30.691122,26.493605,23.435617,19.583141,22.26463,16.813028,19.794565,16.955338,19.544725,18.79822,21.27559,22.527004,21.476757,22.307074,20.922838,16.487837,21.860207,16.656208,22.02656,17.264048,21.585093,23.929647,20.825642,18.05803,15.414362,12.379623,9.577614,6.9394536,4.2337255
13,35.805668,32.554756,29.52957,26.042362,23.192427,21.515507,17.854746,15.065205,11.01975,9.923758,6.4924045,5.474993,3.7728727,0.0,6.7767124,7.1850157,10.084894,13.049519,16.152164,19.445875,22.98718,24.927723,29.219559,25.867521,24.587196,21.221746,19.736803,16.367575,14.021629,13.715841,11.136601,12.43584,8.016453,13.369893,12.994254,9.892735,12.314343,16.514204,15.282473,13.622013,17.534925,20.584305,18.191483,19.402199,22.776972,24.490364,22.636168,25.000664,28.431993,27.650486,26.721354,28.738564,31.980951,30.209742,29.239357,27.178915,22.996105,23.25985,28.093634,26.302382,20.52371,23.970547,26.44504,26.613848,21.796947,19.350779,23.499376,21.218061,19.799736,24.413227,21.599586,25.973616,23.08006,26.797586,24.991083,28.171799,27.002518,25.01721,27.649961,25.89317,26.188457,28.146358,23.838453,20.675665,17.0694,19.175018,14.151808,16.919672,14.24953,17.124363,16.624386,19.640831,20.46385,18.961115,19.357712,17.714008,13.069569,18.271097,12.940029,18.524645,13.943732,18.483366,21.058569,18.27056,15.246058,13.749584,10.013173,8.210177,6.3252974,5.836096
14,39.94337,36.55803,34.11609,30.032118,27.696247,26.216278,22.80185,20.62243,16.035624,16.124825,12.136603,11.735228,8.093659,6.7767124,0.0,5.9399376,6.6838613,10.599483,12.619854,16.53208,20.12274,21.391344,26.154972,22.059052,20.095348,16.616222,15.013334,11.015765,9.906089,8.111478,9.464379,9.644787,9.92137,13.975834,12.561966,10.946424,14.820878,17.222567,15.302246,14.933861,19.402937,20.280483,18.138353,20.95773,23.787779,23.861671,22.75781,26.434185,28.984774,28.658037,26.45637,28.254196,31.22376,29.348244,27.467466,24.523151,21.028913,20.065748,25.012306,24.691816,18.560575,20.52903,23.407625,24.512318,20.09832,16.559855,19.583244,16.5841,15.650215,19.344704,16.588533,21.052372,19.50568,22.941021,22.26373,25.221441,24.86681,23.988173,26.902029,26.259861,27.181526,29.93492,26.072317,22.236074,18.303598,19.404802,13.943383,14.32452,10.621727,12.193923,10.839966,13.256603,14.492225,13.703358,15.128146,14.245064,10.823094,16.938961,13.745703,20.245146,16.396132,21.449896,24.329185,22.557276,19.23472,19.369505,14.237429,14.171184,11.121876,11.297913
15,34.449818,31.057676,28.93488,24.571625,22.49205,21.419699,18.011106,16.787529,11.904317,13.599727,10.328682,11.739143,9.4064045,7.1850157,5.9399376,0.0,4.47232,6.124823,10.665127,12.861217,16.92781,19.047306,23.08304,19.07335,17.799627,14.672517,12.797173,9.956628,7.4012737,8.824495,6.352657,10.83225,10.186721,13.91451,10.790225,7.620198,11.541486,14.264681,11.0902405,9.9036665,14.9837055,15.826062,12.8871765,15.476194,18.83183,18.770855,17.095135,20.80145,23.59007,23.554718,21.779232,22.9461,26.44174,24.984869,23.17446,20.656004,16.761562,16.776506,21.92423,21.08713,15.30884,18.558973,21.602676,22.443394,18.25743,15.370713,19.52147,17.319527,14.54884,18.976326,15.280908,19.256102,16.114546,19.633022,17.952814,21.089033,20.179562,18.638884,21.623167,20.499393,21.461138,24.196087,20.45214,16.612432,12.481789,14.252401,8.348781,10.5376835,7.981908,11.159661,11.8497925,14.804344,16.530201,15.090246,15.941355,13.667015,9.738388,14.296233,10.697111,15.9904175,11.81844,16.640196,19.300018,17.818134,14.609097,15.4150095,9.558918,11.064065,8.020111,10.417862
16,36.917107,33.634933,31.83864,27.22515,25.211641,24.882605,20.991165,20.5854,15.696793,17.481508,14.461686,15.29608,12.797153,10.084894,6.6838613,4.47232,0.0,4.684826,6.4907146,10.0377445,13.589152,15.2288885,19.728012,16.04418,14.627696,11.17833,10.66797,7.810432,7.48535,8.793371,9.532371,13.480305,14.181955,17.795538,14.48699,11.853114,15.882701,18.104176,14.390333,13.435789,18.736078,18.458984,15.159302,18.285774,21.751402,20.313927,18.423273,23.096088,25.579937,26.184088,24.005991,24.085468,27.99125,26.902353,24.279186,21.148186,17.897583,17.273449,22.644363,23.035799,17.39205,19.738924,23.1966,24.704441,20.98314,17.585047,20.929316,18.2798,15.492543,18.915329,14.568732,18.028887,15.665973,18.217556,17.297155,19.537966,18.865744,18.357595,20.685312,20.711666,21.512877,24.560114,21.002462,16.904146,13.321399,13.313108,8.462625,7.7023444,4.2590895,7.1943707,7.8999176,11.419187,12.567218,10.806556,11.570613,9.327548,6.0462475,11.027949,9.150551,15.102562,12.072339,17.03282,19.988276,19.338604,15.987117,18.274357,12.298544,14.531714,12.21288,14.478356
17,34.002743,30.708433,29.439701,24.53193,23.065214,23.04984,19.611418,20.053785,15.289633,18.239716,15.722414,17.586222,15.528937,13.049519,10.599483,6.124823,4.684826,0.0,6.6427474,6.8439755,11.218932,13.606251,17.220495,13.096099,12.222122,9.460447,8.317626,7.289136,6.179174,9.826315,8.913351,14.705164,15.797284,18.538837,14.18893,11.496801,15.198684,16.754395,12.1568365,11.210154,16.517818,15.242157,11.507404,14.948503,18.39828,16.092234,14.06062,19.223965,21.424131,22.46746,20.226473,19.589571,23.78231,23.066662,20.211924,17.225155,14.015799,13.909481,19.300968,19.76848,14.717617,17.512774,21.072525,22.58971,19.43413,16.508863,20.186098,18.19404,14.200997,17.7147,12.802026,15.549403,12.036497,14.500935,12.926825,15.332413,14.443397,13.71039,16.386444,16.383574,17.637146,20.99391,17.931274,13.699905,9.940044,10.1907015,4.914963,4.779906,3.7003798,7.350359,9.991433,12.920866,14.832829,13.170772,13.858676,10.893786,8.601119,10.910118,10.009798,13.988934,11.267556,15.563135,18.150902,18.14783,15.1307,18.071314,11.92625,15.287027,12.961735,16.164925
18,38.622562,35.56532,34.422558,29.503492,27.813375,28.574144,24.349792,25.273611,20.538555,22.91741,20.476048,21.368385,19.161991,16.152164,12.619854,10.665127,6.4907146,6.6427474,0.0,5.978959,7.8581343,8.913845,13.763027,11.124725,10.156547,6.7939057,9.543808,8.711021,10.79168,12.774499,14.802391,19.143654,20.62586,23.925074,20.06892,17.569715,21.453457,23.1928,18.737741,17.789116,23.138628,21.611107,17.846724,21.204376,24.792484,21.619755,19.3067,24.955025,26.999144,28.563648,26.174314,24.436779,28.991411,28.666672,25.109306,21.559101,19.310225,18.402073,23.682022,25.421017,20.541985,22.1725,25.969044,28.087675,25.190077,21.728413,24.384212,21.749386,18.48164,20.588667,15.453363,17.3225,15.557234,16.183973,16.031477,16.542112,15.98659,16.940311,17.968899,19.663858,20.20037,23.560133,20.63683,16.52605,14.173586,11.673747,9.700179,4.5097494,3.2829251,4.186625,6.6969604,10.326974,10.3739195,7.8622766,7.7003646,4.5434494,5.178879,6.8378377,9.380154,14.03188,13.215885,17.392967,20.332842,21.081139,17.966473,22.094206,16.2883,19.586834,18.006214,20.702717
19,35.591915,32.582775,32.152817,26.987745,26.034124,27.14932,23.593592,25.359064,20.906605,24.303677,22.284763,24.120241,22.210115,19.445875,16.53208,12.861217,10.0377445,6.8439755,5.978959,0.0,4.734703,7.4519777,10.418309,6.8307767,7.166229,5.6239066,7.8423376,9.62563,10.947387,14.557707,15.1617985,20.78308,22.617407,25.052801,20.354588,17.997725,21.412521,22.36196,17.33133,16.553265,21.472752,18.783037,14.887666,18.354374,21.644484,17.259861,14.905097,21.055233,22.522106,24.714247,22.257044,19.35701,24.213213,24.471914,20.55732,17.207216,15.470347,15.094037,20.053516,22.090767,18.27787,20.1149,23.890913,26.021324,23.924324,21.075916,23.903744,22.053638,17.690874,19.653662,14.131147,14.721164,11.78964,11.562175,10.80174,10.821756,10.009397,11.371141,12.48379,14.738126,15.896845,19.699476,17.69116,13.625911,11.6240635,8.927338,8.145942,2.6221626,6.039703,7.128391,11.04802,13.430746,14.710598,12.878902,12.960006,9.804168,10.448087,9.033583,12.089349,14.005789,13.716785,16.778528,19.10669,20.662079,18.081156,22.678532,16.954866,21.088634,19.434374,22.858162
20,37.547176,34.807396,34.663746,29.534353,28.603025,30.423275,26.49953,28.879929,24.591293,27.928432,26.206913,27.783033,26.04431,22.98718,20.12274,16.92781,13.589152,11.218932,7.8581343,4.734703,0.0,3.5814888,6.232923,5.931214,7.5933003,7.2035775,11.435077,13.434952,15.479589,18.669859,19.821312,25.238943,26.952017,29.656504,25.050528,22.551365,25.910133,27.04509,21.973656,20.983236,25.866253,23.15994,19.16485,22.257513,25.68605,20.878746,18.18072,24.325628,25.704218,28.338867,26.086447,22.16504,27.347172,28.097902,23.90316,20.590595,19.47414,19.050905,23.649334,26.19231,22.78853,24.296104,28.088076,30.39985,28.54393,25.65984,28.163092,26.202442,22.01285,23.340261,17.848635,17.585604,15.427635,13.761152,13.631602,11.803627,10.919748,13.396909,12.615875,16.196375,16.651934,20.25906,18.715887,15.12646,14.462055,10.193994,11.896767,6.4722233,9.589853,9.634569,13.108038,15.3632345,15.544479,13.438809,12.637321,9.738633,11.961215,8.290193,13.485129,14.317674,15.609543,17.925632,20.146719,22.449293,20.1057,25.519331,20.200062,24.505367,23.397673,26.815235
21,41.088245,38.3754,38.22528,33.105892,32.114395,33.880577,29.857729,32.036545,27.621822,30.699451,28.72145,29.985098,27.964296,24.927723,21.391344,19.047306,15.2288885,13.606251,8.913845,7.4519777,3.5814888,0.0,5.428496,6.1746316,7.2729445,7.2382393,12.417804,14.317533,17.20121,19.740084,22.03225,26.807892,29.030981,31.754845,27.28653,25.068403,28.669077,29.661943,24.70222,23.97283,28.922794,25.97811,22.217737,25.584284,28.834805,23.8114,21.480976,27.721992,28.869143,31.518608,28.940794,25.09739,30.010477,30.695625,26.237131,22.596441,21.917395,20.905159,25.346857,28.516329,25.041302,25.857672,29.70174,32.332005,30.595964,27.410225,29.341507,27.13004,23.372946,23.999063,18.693218,18.096445,17.134085,14.914412,15.82016,13.495737,13.369185,16.506004,15.604813,19.579443,20.035212,23.586046,22.143003,18.63418,17.96923,13.654435,15.072053,9.084515,11.214407,9.982948,12.832369,14.557709,14.135423,12.283749,11.47167,9.518692,13.04211,9.773796,15.630577,17.060446,18.540077,21.023512,23.349108,25.634415,23.188417,28.574905,23.174799,27.253899,26.016722,29.165297
22,40.39019,37.93908,38.433434,33.326046,32.851147,35.162266,31.472101,34.393272,30.323843,33.884262,32.322227,33.993546,32.260174,29.219559,26.154972,23.08304,19.728012,17.220495,13.763027,10.418309,6.232923,5.428496,0.0,6.7786655,9.584683,11.226083,15.604578,18.420425,20.841625,23.972925,25.481833,30.83846,33.001923,35.404377,30.593931,28.349747,31.569273,32.261505,27.111732,26.33908,30.860891,27.429611,23.706196,26.700537,29.732792,24.02445,21.596144,27.726751,28.412853,31.628925,29.28962,24.222364,29.331903,30.708687,26.08984,22.89225,22.887339,22.346632,26.124617,29.505339,27.035997,27.919178,31.602537,34.185356,33.04768,30.33038,32.29425,30.567347,26.337368,26.734915,21.49363,19.848501,18.502142,15.167235,15.852143,12.083863,11.747207,15.5887785,13.387686,18.341888,18.732807,22.1702,21.79987,18.938286,19.250547,14.677441,17.571808,12.572638,15.61965,14.842267,18.021118,19.410212,19.342728,17.681368,16.783155,14.707556,17.7973,13.3487015,19.167503,18.701155,20.964766,22.33138,24.062145,27.081367,25.17493,30.982487,25.973461,30.464464,29.465984,32.981083
23,39.6829,36.82858,37.073505,31.83129,31.457922,32.762356,29.680225,31.699825,27.358906,30.926517,28.756493,30.64498,28.40681,25.867521,22.059052,19.07335,16.04418,13.096099,11.124725,6.8307767,5.931214,6.1746316,6.7786655,0.0,3.4057221,6.0650835,9.278812,12.735509,15.2020035,18.330555,20.253624,25.252485,28.346521,30.087122,25.155054,23.608946,26.995892,26.944271,21.964293,21.939873,26.306982,22.187223,19.04541,22.870932,25.271614,19.40511,18.043207,24.466522,24.719957,27.525776,24.384678,20.469303,24.839174,25.59621,20.8138,17.069311,17.196293,15.9874935,19.87107,23.627302,20.978415,21.314135,25.022902,27.796305,26.816328,23.997215,25.642134,24.044476,19.801884,19.99257,14.799575,13.127256,12.081221,8.965994,10.459415,7.811331,8.847435,12.796756,13.177123,17.184158,18.84572,22.835083,22.055725,18.48392,17.250593,14.174826,14.571378,9.38214,11.816448,10.582931,14.097902,14.815108,16.20383,15.260917,15.729669,13.677678,16.142307,13.937218,18.48374,19.585857,20.190367,22.570583,24.523136,26.718523,24.441607,29.268526,23.636843,27.81556,25.908306,29.248201
24,41.4039,38.387325,38.336002,33.106197,32.55771,33.35637,30.32451,31.71929,27.168821,30.431831,27.830473,29.515493,26.900696,24.587196,20.095348,17.799627,14.627696,12.222122,10.156547,7.166229,7.5933003,7.2729445,9.584683,3.4057221,0.0,3.6982052,6.845701,10.162487,13.259319,15.790468,18.728313,23.02278,26.715652,28.32127,23.564592,22.431126,26.089127,25.83131,21.10101,21.468067,25.913752,21.731506,18.945621,23.204563,25.382183,19.814545,19.002321,25.402508,25.62539,28.035076,24.478138,21.558163,25.394753,25.627886,20.862906,16.701233,16.763407,14.811655,18.873566,22.900051,19.753761,19.496197,23.280653,26.2787,25.172342,21.99222,23.208136,21.341509,17.516066,17.343155,12.241102,10.907684,10.989574,8.551599,10.9159975,9.529852,11.126959,14.6058855,15.899239,19.315208,21.186962,25.221106,24.030916,20.178968,18.249235,15.723906,14.790591,9.283786,10.550491,8.420179,11.587775,11.719661,13.563941,13.140829,14.322968,12.790189,15.329009,14.504094,18.623648,20.891346,20.850391,23.872126,26.077461,27.787624,25.228096,29.555952,23.645115,27.437805,25.110474,28.117765
25,40.868774,37.764122,37.27373,32.114754,31.167685,31.758709,28.404072,29.423513,24.71961,27.64,24.890856,26.297712,23.61674,21.221746,16.616222,14.672517,11.17833,9.460447,6.7939057,5.6239066,7.2035775,7.2382393,11.226083,6.0650835,3.6982052,0.0,5.4653707,7.459884,10.865638,13.096033,16.332205,20.437263,23.806597,25.852577,21.370092,19.997288,23.878502,24.126368,19.50647,19.649527,24.456198,21.030098,18.009142,22.234365,24.798681,20.062485,18.925219,25.1766,25.989685,27.996647,24.64164,22.456291,26.40708,26.254204,21.88677,17.757156,16.903751,15.023339,19.715208,23.030333,19.021809,19.21384,23.094618,25.89799,24.106699,20.631735,22.204887,19.920248,16.357822,16.909119,11.637786,11.864788,11.519231,10.702035,12.22695,12.006876,12.889223,15.40176,16.947844,19.682358,21.253538,25.163536,23.303118,19.220352,16.86742,14.52307,12.750968,6.8922505,7.180924,4.7388635,8.111917,9.035089,10.753546,9.991598,11.308396,9.671785,11.913677,12.152781,15.74628,19.003944,18.503962,22.072855,24.57391,25.845078,23.025751,27.10091,21.083714,24.603468,22.273993,25.078547
26,39.48281,36.168392,35.58264,30.500284,29.788326,29.535559,27.001467,27.30616,22.663347,25.64334,22.554733,24.366726,21.435856,19.736803,15.013334,12.797173,10.66797,8.317626,9.543808,7.8423376,11.435077,12.417804,15.604578,9.278812,6.845701,5.4653707,0.0,4.29486,6.7694783,9.425437,12.396293,16.338854,20.524813,21.67171,16.97564,16.413948,20.194935,19.583656,15.254022,16.235159,20.552092,16.579876,14.382363,19.11283,20.90837,16.474922,16.45359,22.36591,22.801828,24.298683,20.443758,19.608057,22.682346,21.921381,17.809496,13.555632,12.465094,10.043933,14.922438,18.06906,13.855389,13.78773,17.673943,20.472345,18.769085,15.335261,16.942595,14.991834,10.999642,11.977621,6.49554,7.862131,7.089486,8.438326,9.730498,11.674159,12.949385,14.457897,17.66835,19.23818,21.586233,25.551815,23.674957,19.535084,16.241829,15.699461,12.032992,8.4486885,7.803895,6.566444,9.3468275,9.458912,12.969941,12.949157,15.056404,13.400788,13.98396,15.619273,17.374702,20.882036,19.17548,22.952366,25.270184,25.919142,23.130976,26.105587,19.993645,23.097687,20.00625,22.665045
27,40.328175,36.92761,35.799084,30.900599,29.722717,29.037947,26.249977,25.804361,21.000837,23.320044,19.827187,21.163023,17.904844,16.367575,11.015765,9.956628,7.810432,7.289136,8.711021,9.62563,13.434952,14.317533,18.420425,12.735509,10.162487,7.459884,4.29486,0.0,4.529023,5.6694636,10.15664,13.094609,17.310633,18.90507,14.785592,14.257403,18.398005,18.316154,14.521012,15.423906,20.000801,17.144268,15.035272,19.585281,21.622972,18.483612,18.298223,23.71634,24.727592,25.621317,22.000656,22.237587,25.142233,23.865885,20.380135,16.367449,14.432572,12.102794,17.143347,19.384918,14.165454,14.355291,18.115217,20.644352,18.05277,14.120124,15.906876,13.244015,10.20795,12.014246,7.317142,10.656648,10.198321,12.60202,13.378457,15.7735815,16.601694,17.381145,20.61923,21.562336,23.55817,27.287966,24.752634,20.50885,16.78427,16.680492,11.985172,9.056574,6.4304338,5.3672843,6.6705523,7.227708,10.891368,10.979742,13.466558,12.213317,11.981684,15.364971,16.01981,20.776724,18.401194,22.798973,25.402315,25.391459,22.32099,24.63039,18.477047,20.885273,17.56223,19.669342
28,36.97479,33.481644,32.168728,27.42275,26.289465,25.098967,22.793177,21.94824,17.28122,19.755867,16.293636,18.176517,15.158527,14.021629,9.906089,7.4012737,7.48535,6.179174,10.79168,10.947387,15.479589,17.20121,20.841625,15.2020035,13.259319,10.865638,6.7694783,4.529023,0.0,4.778334,5.7887764,10.12768,13.785708,15.077578,10.554627,9.950526,13.97444,13.855709,10.066014,11.130255,15.561178,13.204794,11.28234,15.711682,17.64471,15.557852,15.528113,20.2776,21.564947,21.95113,18.61872,19.831455,22.514645,20.903744,18.169533,14.794237,11.814492,10.364627,15.554433,16.341883,10.642156,12.272116,15.811701,17.653334,14.504272,10.940231,14.103709,12.0225,8.228477,12.011922,7.9029784,11.981921,9.625574,13.500295,12.875133,16.429146,16.708982,16.203733,20.136433,19.908432,22.066977,25.569683,22.869562,18.769098,14.525987,15.873629,10.095394,9.872922,7.641504,8.823908,10.271219,11.426548,14.884224,14.584982,16.630215,14.767795,13.060037,16.588886,15.669298,20.070532,16.848677,21.149513,23.521767,22.992493,20.068764,21.513145,15.516031,17.665842,13.98468,16.260763
29,40.9677,37.43458,35.77149,31.253399,29.844181,28.179375,25.856165,24.12979,19.48879,20.959377,16.887802,17.920042,14.175919,13.715841,8.111478,8.824495,8.793371,9.826315,12.774499,14.557707,18.669859,19.740084,23.972925,18.330555,15.790468,13.096033,9.425437,5.6694636,4.778334,0.0,7.423365,7.6933446,12.858958,14.050412,10.820885,11.347584,15.476919,15.268673,12.8600445,14.302966,18.292837,16.515572,15.3992405,19.621778,21.180893,19.756735,20.137764,24.499123,25.733053,25.676231,22.15859,24.211672,26.273039,24.193548,21.694534,18.191814,15.590026,13.389685,17.988028,18.962114,13.034615,13.321008,16.498592,18.485119,15.011308,10.759712,12.742282,9.647345,8.188036,11.280492,8.779998,13.5452175,13.109161,16.82834,17.078697,20.440683,21.110765,20.936338,24.768055,24.665272,26.700937,30.124964,27.174374,23.065193,18.797197,19.985815,14.178655,13.360569,10.073759,10.103474,9.642818,9.896877,13.496449,13.9799385,16.653791,15.798713,14.228967,19.028667,17.896276,23.338451,19.92862,24.627924,27.213282,26.251614,23.136986,23.899208,18.103523,19.21939,15.2314205,16.317884
30,34.176403,30.594475,28.743929,24.44937,23.12122,20.97746,19.287281,17.341452,12.981493,15.101077,11.529153,13.944708,11.332085,11.136601,9.464379,6.352657,9.532371,8.913351,14.802391,15.1617985,19.821312,22.03225,25.481833,20.253624,18.728313,16.332205,12.396293,10.15664,5.7887764,7.423365,0.0,7.1251364,8.821551,9.944283,5.313583,4.31354,8.350812,8.858215,6.079656,7.1338286,11.075822,10.907551,9.656999,12.987665,14.80252,15.238953,15.251574,18.363768,20.300867,19.649015,17.152828,19.996946,22.20151,20.05599,18.771194,16.579876,12.553453,12.502252,17.043253,15.524912,9.523586,13.017406,15.645993,16.172483,11.907183,9.283784,14.040318,12.671544,9.546325,14.782611,12.2140665,16.534073,13.237728,17.869911,16.095825,20.346615,19.99929,18.10032,22.361483,20.678337,22.674812,25.598936,22.519215,18.851295,14.257269,17.303337,10.9000635,13.577589,11.55879,13.868562,14.841394,16.405304,19.499817,18.949717,20.626616,18.550632,15.46742,19.403057,16.517042,20.677979,16.419174,20.540007,22.624727,21.091883,18.394533,18.08888,12.768894,13.783588,9.525377,11.524098
31,40.049004,36.44578,34.18743,30.378748,28.855766,25.887644,24.60212,21.270338,17.430107,17.793097,13.453579,14.4545355,10.816884,12.43584,9.644787,10.83225,13.480305,14.705164,19.143654,20.78308,25.238943,26.807892,30.83846,25.252485,23.02278,20.437263,16.338854,13.094609,10.12768,7.6933446,7.1251364,0.0,7.3058987,6.822449,5.9696484,8.542036,11.4241495,11.005045,11.422297,13.28003,15.575982,15.834879,16.124063,19.18779,19.95717,21.098825,22.00198,24.55242,26.080988,24.751772,21.880459,26.017479,27.062616,24.181047,23.30834,20.977442,17.64479,16.443638,20.037859,18.734808,12.890666,14.213664,15.954917,16.413029,11.75429,8.528008,11.5948515,9.56102,9.987274,14.40337,14.130679,19.068438,17.776617,22.470558,21.749249,26.00225,26.273561,24.862644,29.232855,27.755533,29.795963,32.676704,29.453058,25.8122,21.244938,24.01796,17.625637,19.21156,16.18468,17.330566,16.72266,17.222218,20.404839,20.74866,23.088402,22.07919,19.231838,24.44247,21.453749,26.695988,22.288977,26.7554,29.002977,26.943142,24.140978,22.71653,18.088446,17.421831,12.931493,12.4647455
32,36.164764,32.686825,29.727077,26.523594,24.386873,21.107061,19.596912,15.345491,12.090105,11.122402,6.8217707,7.7153006,5.2321415,8.016453,9.92137,10.186721,14.181955,15.797284,20.62586,22.617407,26.952017,29.030981,33.001923,28.346521,26.715652,23.806597,20.524813,17.310633,13.785708,12.858958,8.821551,7.3058987,0.0,5.4289007,7.057721,6.5678377,7.881696,10.698255,11.830601,11.817027,13.79453,17.050854,16.570433,17.882692,19.589233,22.519258,22.242842,23.598127,26.302862,24.55141,23.239197,27.272833,28.995045,26.386099,26.339136,24.805347,20.63236,20.832424,24.702902,21.942307,16.42345,19.709007,21.24943,20.68843,15.609427,13.927178,18.186634,16.733923,16.163012,21.189726,19.963198,24.707813,21.988781,26.661179,24.84075,29.042397,28.386538,26.011421,29.883877,27.477293,28.755491,30.886833,27.12084,24.03562,19.759283,23.211334,17.151138,20.50518,17.847286,20.262583,19.90619,21.705412,23.935516,23.354324,24.756765,23.226912,19.156048,24.235098,19.55283,24.366999,19.435535,23.531096,25.566902,22.60412,20.077055,17.120625,13.856127,11.565526,7.544677,5.5575113
33,37.050552,33.499916,30.812498,27.778507,26.271742,22.307257,22.163338,17.723042,15.15722,14.778748,11.149286,12.675511,10.608241,13.369893,13.975834,13.91451,17.795538,18.538837,23.925074,25.052801,29.656504,31.754845,35.404377,30.087122,28.32127,25.852577,21.67171,18.90507,15.077578,14.050412,9.944283,6.822449,5.4289007,0.0,5.3750525,8.10961,8.103299,8.082837,11.220631,12.652698,12.858747,15.5224,16.6032,18.030762,18.274572,21.708008,22.62145,23.358515,25.291193,22.982796,21.280724,26.574585,27.103117,23.952147,24.5394,23.435452,19.573463,19.67485,22.557291,19.227837,14.349367,17.184431,17.836359,16.676983,11.642832,10.929929,14.984184,14.504734,14.56168,19.50342,19.52809,24.171291,21.721498,26.767529,25.049084,29.72014,29.449781,26.98756,31.495787,28.86261,30.748281,32.99828,29.720219,26.7266,22.285551,26.207743,19.949385,23.30596,20.858154,22.88263,22.7238,23.749142,26.715357,26.625393,28.49463,27.006214,23.365355,28.188475,24.020561,28.385403,23.486269,27.28395,29.018219,26.208437,23.968388,20.796003,17.724077,15.809499,11.671795,10.268107
34,34.595947,30.973026,28.837927,25.143063,23.97797,20.684351,20.252861,17.042044,13.658914,14.950785,11.389947,13.90985,11.614025,12.994254,12.561966,10.790225,14.48699,14.18893,20.06892,20.354588,25.050528,27.28653,30.593931,25.155054,23.564592,21.370092,16.97564,14.785592,10.554627,10.820885,5.313583,5.9696484,7.057721,5.3750525,0.0,4.6117673,6.2350764,5.1674232,6.297296,8.414777,9.686324,10.858092,11.610281,13.899749,14.358513,16.726116,17.687447,19.223797,20.93283,19.209316,16.97027,21.649084,22.602789,19.736422,19.70663,18.358025,14.367219,14.598465,17.926577,14.96673,9.538296,13.100434,14.493862,13.892877,8.921639,7.5993767,12.753276,12.325869,10.55787,15.977925,15.1313095,19.534674,16.520418,21.568758,19.685194,24.38609,24.141146,21.769444,26.413052,24.01709,26.187649,28.762978,25.783306,22.563198,18.01116,21.84878,15.5548525,18.843699,16.842999,18.958155,19.524366,20.614271,23.904482,23.67641,25.53233,23.668648,20.36628,24.52744,21.04612,24.968668,20.347359,24.099941,25.835606,23.681934,21.358551,19.45092,15.320733,14.946584,10.478637,11.120202
35,31.645693,28.069654,25.76486,21.896172,20.320385,17.573544,16.228842,13.471984,9.488558,11.3326025,8.034777,11.111576,9.511318,9.892735,10.946424,7.620198,11.853114,11.496801,17.569715,17.997725,22.551365,25.068403,28.349747,23.608946,22.431126,19.997288,16.413948,14.257403,9.950526,11.347584,4.31354,8.542036,6.5678377,8.10961,4.6117673,0.0,4.3198953,6.9689636,5.7052846,5.4316216,8.604346,11.099198,10.024244,11.691116,13.737502,16.098577,15.689258,17.412632,20.038744,18.747057,17.345497,20.780544,22.93397,20.72003,20.422312,19.092514,14.657106,15.599166,19.684406,16.793818,11.405259,15.866383,17.84729,17.423954,12.779389,11.409511,16.665022,15.786305,13.116575,18.572966,16.37907,20.55763,16.69597,21.364851,18.9138,23.253815,22.386272,19.677212,23.789946,21.202097,22.841022,25.200132,21.852877,18.676731,14.2020235,18.151453,11.996018,16.166565,14.482767,17.384253,18.308695,20.286125,22.990042,22.119038,23.379295,21.086727,17.283333,21.091232,17.03236,20.675632,15.915488,19.634428,21.425127,19.166922,16.77427,15.087176,10.7108135,10.704244,6.330951,8.305136
36,29.191864,25.623968,23.07063,19.74909,18.328157,14.675395,14.566197,11.003296,8.352347,10.056873,7.9701223,11.609995,11.307694,12.314343,14.820878,11.541486,15.882701,15.198684,21.453457,21.412521,25.910133,28.669077,31.569273,26.995892,26.089127,23.878502,20.194935,18.398005,13.97444,15.476919,8.350812,11.4241495,7.881696,8.103299,6.2350764,4.3198953,0.0,5.4017444,6.528949,5.8646526,6.0804973,10.970029,10.785573,10.729885,12.190487,16.43482,16.177794,16.22588,19.098606,17.040049,16.638287,20.905708,22.563759,20.218044,21.00315,20.610592,16.068562,17.799044,21.152615,16.994038,12.666243,17.713188,18.963747,17.617071,13.0841465,13.158951,18.621742,18.479305,15.95814,21.499659,19.786844,23.720787,19.427216,24.19108,21.227295,25.756678,24.62308,21.255945,25.424828,22.011074,23.588863,25.42642,22.22263,19.694763,15.546074,20.255707,14.645288,19.654821,18.429583,21.521545,22.598324,24.584345,27.299395,26.350546,27.446032,24.984417,20.968513,24.333406,19.807137,22.524809,17.652927,20.578129,21.827177,19.106367,17.335087,14.291705,11.519559,10.666503,7.1437364,8.620339
