,0,1,2,3,4,5,6,7,8,9,10,11,12,13,14,15,16,17,18,19,20,21,22,23,24,25,26,27,28,29,30,31,32,33,34,35,36,37,38,39,40,41,42,43,44,45,46,47,48,49,50,51,52,53,54,55,56,57,58,59,60,61,62,63,64,65,66,67,68,69,70,71,72,73,74,75,76,77,78,79,80,81,82,83,84,85,86,87,88,89,90,91,92,93,94,95,96,97,98,99,100,101,102,103,104,105,106,107,108,109,110,111,112,113
0,0.0,4.377328,6.1243486,9.173248,11.816549,12.450267,16.12033,18.3826,21.663364,24.768015,27.77026,31.027662,32.819534,35.71746,32.52081,28.46067,26.190367,24.697557,21.2008,23.001755,20.49287,23.557484,23.320232,27.23892,30.739197,30.14994,27.690271,27.737299,27.643686,27.366465,30.651844,29.264715,34.619854,34.253002,39.112335,42.04125,38.330013,39.193558,32.80834,35.45275,32.351017,33.603046,31.674587,31.801558,32.445786,31.818323,34.22614,35.148994,34.415768,37.9002,36.907562,35.96117,35.624348,38.78007,37.65493,42.50646,39.798843,38.22997,44.208897,43.27298,41.122845,36.451614,35.85421,33.42664,34.13507,31.74182,31.23226,29.227312,29.776377,26.30722,26.089823,27.664402,29.639114,29.948376,33.706818,33.42261,39.03136,38.389442,42.06732,41.029144,36.192352,40.126892,38.537903,34.40639,30.650509,29.644907,26.2988,25.0322,22.314684,20.510305,20.822258,20.136427,24.434603,21.007404,19.68663,23.001808,17.857668,19.002161,15.684661,15.89544,15.402533,20.776072,20.236008,26.532682,25.72926,30.412928,33.705902,33.06267,29.689592,32.169235,26.429092,26.340736,23.758564,22.487125
1,4.377328,0.0,5.3742695,6.4414988,9.243273,11.237399,14.755132,16.592735,20.603697,23.296442,27.021143,29.472097,31.727545,34.75737,30.983843,27.226084,24.362885,23.123098,18.813818,20.858002,17.91117,20.78255,21.096903,24.629604,27.954634,27.956493,25.555944,26.294382,26.218943,27.146309,30.18215,29.808594,34.756786,35.254917,39.755535,43.017426,39.58299,40.145508,33.645306,35.795135,32.545235,33.29901,30.839985,30.497175,30.80072,29.750568,31.78819,32.309757,31.647058,35.444294,34.959965,34.181694,34.3803,37.5304,36.849545,41.856625,39.27983,37.30252,43.11901,41.879246,39.359524,34.770874,33.648415,30.954113,31.405197,28.53378,27.973703,25.649012,26.224747,22.776405,22.861576,24.877913,27.159203,28.058012,31.676964,32.067757,37.534546,37.51227,41.313305,40.583775,35.73599,39.86485,38.7985,34.54529,30.974245,29.340536,26.6723,24.356098,21.885164,19.324463,19.830748,18.844927,23.353624,20.141794,19.636906,23.382917,18.552137,20.019135,16.644123,17.69174,16.560173,21.85479,20.617844,27.348646,25.731068,30.62101,33.84081,32.67692,29.266397,30.921085,25.229422,24.451174,21.507633,19.743973
2,6.1243486,5.3742695,0.0,5.32781,6.324323,7.0505147,10.971615,12.301115,15.902651,18.740608,22.032318,24.981394,27.017326,30.16911,26.798656,23.111635,20.641296,19.84654,15.94277,18.92704,17.110228,20.466682,21.290438,25.058329,28.09079,27.721632,24.391273,25.203054,23.940697,24.733246,27.152632,26.513712,31.136644,31.593472,36.205303,39.38315,36.15115,37.01264,30.742132,32.756317,30.0674,30.433577,28.857918,28.366623,29.360472,28.180017,31.495476,31.86334,30.508375,34.37136,33.26557,33.012363,32.86706,35.258,34.3661,39.367237,36.217842,34.270824,39.978985,38.687447,36.26744,32.025414,30.95854,28.79081,28.985062,27.316195,26.115885,24.482906,25.589598,22.018194,21.299788,23.246754,24.492477,25.153948,28.472044,28.614164,33.869827,33.72941,37.367462,36.813454,31.664978,35.42656,34.37065,30.324116,26.781464,25.322035,22.88883,20.818136,19.239054,17.335995,18.755404,18.819271,23.51427,21.15214,19.648611,22.191002,17.265726,17.903381,13.821985,14.528733,12.5129795,18.131252,15.984182,22.699804,21.152292,25.870968,29.097137,27.92671,24.585165,26.564165,21.117188,20.580946,18.33641,16.780144
3,9.173248,6.4414988,5.32781,0.0,3.8660867,5.9549313,8.769909,11.48641,15.240479,18.08358,22.069256,24.183046,26.237831,28.978662,24.960674,21.131258,18.122597,16.780252,12.441287,14.608861,12.126251,15.325059,16.327602,19.885256,22.890574,22.805246,19.73864,20.941107,20.176878,21.996315,24.509949,25.016384,29.40077,30.76809,34.846558,38.40433,35.37719,35.69154,29.245691,30.792261,27.686836,27.793997,25.34503,24.58557,25.066751,23.728474,26.484543,26.790232,25.703335,29.594414,28.927114,28.544361,28.849316,31.56711,31.086988,36.185352,33.489616,31.250515,36.929462,35.54694,32.93795,28.428076,27.219997,24.61274,25.116142,22.643919,22.097544,20.16291,20.78045,17.269556,16.91722,18.692795,20.774181,21.63474,25.256182,25.755201,31.191345,31.383705,35.23801,34.692688,29.876823,34.17121,33.494015,29.158216,25.809395,23.656435,21.667528,18.486837,16.531652,13.658941,14.937417,14.604331,19.388128,17.334774,16.652988,19.719776,15.3876915,16.635557,13.105096,15.085057,13.099185,17.862074,15.975352,22.886501,20.494392,25.521944,28.622824,27.172514,23.738766,24.972668,19.161472,18.369452,15.169553,13.877096
4,11.816549,9.243273,6.324323,3.8660867,0.0,4.2324224,6.8455596,7.796405,12.120078,14.504623,18.770481,20.570253,22.952782,26.04134,21.92344,18.579874,15.362503,14.972696,10.071791,13.84666,12.292536,15.590991,17.545513,20.793373,23.288023,23.415842,19.641058,21.470076,19.601664,22.173704,23.859816,24.770103,28.503006,30.314304,34.249073,37.86459,35.188736,35.62231,29.418297,30.552368,27.91552,27.357924,25.404522,24.160755,25.005154,23.193954,26.744013,26.528406,24.86033,29.083755,28.301128,28.552326,28.960308,30.941954,30.605457,35.74744,32.63589,30.142467,35.53447,33.84764,31.011047,26.986654,25.303452,23.009642,22.882118,21.216015,19.796164,18.234344,19.550478,15.966866,15.062031,17.381586,18.562704,19.856686,22.928068,23.863962,28.878387,29.519938,33.272667,33.16807,28.058533,32.05168,31.780596,27.63874,24.505383,22.10728,20.92769,17.276636,16.557491,13.893179,16.10607,16.449461,21.224926,19.936287,19.027618,21.310638,17.251787,17.942493,14.059039,15.936664,13.059504,17.75623,14.5406685,21.47418,18.618124,23.496193,26.501211,24.611713,21.27519,22.04905,16.672245,15.29264,12.574687,10.687509
5,12.450267,11.237399,7.0505147,5.9549313,4.2324224,0.0,3.9594793,7.1278896,9.684484,13.110064,16.461954,19.321255,20.85986,23.588814,20.101797,16.149313,13.7944355,12.886476,9.602525,12.915992,12.475734,16.064657,17.523819,21.21088,23.735193,23.049923,18.87262,20.014044,17.62203,19.169981,20.801739,21.0281,24.933563,26.336206,30.478329,33.954563,31.21257,31.84002,25.730375,27.046125,24.681456,24.272476,23.033895,22.128998,23.564407,22.163342,26.571543,26.775585,24.831255,28.624384,27.07028,27.336306,27.120792,28.832172,28.04571,33.090416,29.695768,27.531,33.08958,31.698149,29.292313,25.192472,24.208717,22.374926,22.679638,21.946224,20.712814,19.872696,21.04995,17.596052,16.091196,17.437756,17.991507,18.299732,21.588459,21.585323,26.832357,26.763363,30.435366,30.053131,24.882473,28.802237,28.123371,23.98942,20.683287,18.68497,17.064842,14.118925,13.529409,11.808997,14.362496,15.535637,20.159906,19.267937,17.377512,18.683723,14.589933,14.663501,10.518415,12.207487,8.98902,13.6557,10.428062,17.387857,14.890139,19.808716,22.92756,21.492474,18.079988,19.831068,14.140636,13.961288,11.755612,11.292403
6,16.12033,14.755132,10.971615,8.769909,6.8455596,3.9594793,0.0,6.60556,7.5217214,11.2368,14.531621,17.089163,18.171015,20.41965,16.771484,12.524699,10.219798,8.929906,6.478951,9.650854,10.41444,13.917737,15.725093,19.196667,21.322409,20.431889,15.782196,17.155008,14.026862,16.27789,17.338947,18.390808,21.722868,23.88644,27.586243,31.28248,28.88829,29.26429,23.300415,24.074831,21.868877,20.910704,19.767525,18.550415,20.219654,18.682774,23.726166,23.851336,21.579617,25.258074,23.443825,24.019428,23.801311,25.114182,24.452477,29.522429,26.065567,23.723526,29.196936,27.749632,25.347673,21.260162,20.374344,18.718254,19.22703,19.050438,17.993837,17.709057,18.774029,15.552323,13.575202,14.271494,14.425726,14.3878565,17.771389,17.652023,22.97856,22.967937,26.708881,26.407927,21.319012,25.460094,25.075216,20.848198,17.781319,15.271506,14.366521,10.5236635,10.721461,9.099951,12.397094,14.245546,18.562899,18.658998,16.731659,17.257515,14.055405,13.864975,10.27623,12.555442,9.186323,12.338084,8.75635,15.417566,12.136183,17.147835,20.110464,18.495846,15.056943,16.504137,10.511135,10.728935,8.347998,9.210912
7,18.3826,16.592735,12.301115,11.48641,7.796405,7.1278896,6.60556,0.0,5.4953213,6.77012,11.345973,12.88451,15.517482,19.16891,15.258029,12.978717,10.038265,11.945516,7.9227176,13.932281,14.861459,17.95398,20.894136,23.651283,25.161472,25.167004,20.231215,22.644522,18.653584,21.963585,21.867449,23.280958,25.510061,28.026762,31.552053,35.129242,33.228966,33.92139,28.482368,28.805727,27.314585,25.552649,25.000622,23.081097,24.869745,22.519865,27.809748,26.931465,24.098114,28.454447,27.024689,28.471565,28.716055,29.055271,28.786112,33.77047,29.80895,27.058306,31.76021,29.655228,26.677435,23.80226,21.620409,20.443575,19.254866,20.095028,17.11467,17.090113,19.530409,16.325882,14.004753,16.417248,15.0520935,16.57065,18.281223,19.593061,23.575264,24.792152,28.171522,28.865921,23.291468,26.477188,26.931408,23.36223,20.825535,18.186356,18.738552,14.751185,16.706066,15.220217,18.736818,20.385206,24.739008,24.829178,23.251862,23.808283,20.542366,20.118942,16.191515,17.665052,13.72819,17.260418,11.826233,17.821089,14.201278,18.356606,21.019989,18.360418,15.374236,15.42623,11.361246,9.187034,8.771214,6.8233542
8,21.663364,20.603697,15.902651,15.240479,12.120078,9.684484,7.5217214,5.4953213,0.0,4.5373282,7.046396,10.211697,11.209517,14.359755,11.362525,8.563133,7.4241066,9.547832,8.841752,13.761922,16.22532,19.200472,21.803534,24.627354,25.844292,25.078714,19.710855,21.5886,16.589039,19.211163,18.19717,19.381432,20.885822,23.499798,26.84087,30.306698,28.753845,29.600271,24.694818,24.703924,23.959633,21.800968,22.444471,20.625849,23.216625,21.188215,27.587025,26.983751,23.696573,27.455116,25.096046,26.894178,26.513887,25.998487,25.355898,30.088865,25.640013,23.137712,27.688732,25.787455,23.29966,20.768188,19.32961,19.08476,18.258665,20.704636,17.964977,19.051168,21.248213,18.484282,15.55019,16.59283,13.93708,14.14154,15.547266,15.75605,19.588364,20.172104,23.337982,24.023512,18.27002,21.155521,21.545347,18.185833,15.869817,13.411031,14.650498,11.218476,14.613385,14.518615,18.396915,20.92696,24.743774,25.627005,23.328415,22.525688,19.96116,18.763414,15.292435,16.47837,12.481176,14.417281,8.336301,13.094488,9.152365,12.946165,15.536504,12.952736,9.931602,10.925655,7.0270147,6.792244,8.337752,9.131529
9,24.768015,23.296442,18.740608,18.08358,14.504623,13.110064,11.2368,6.77012,4.5373282,0.0,5.535333,6.274428,8.981916,13.207148,9.793452,9.43202,7.854351,11.8874855,10.486503,16.171417,18.693348,21.283926,24.559685,26.818064,27.522684,27.349195,21.911936,24.521843,19.19495,22.830732,21.119461,23.025768,23.571459,26.768211,29.617243,33.069557,32.01655,32.83099,28.34728,27.838009,27.441774,24.666336,25.37598,23.010489,25.487728,22.904158,29.310497,28.017624,24.394133,28.491571,26.505045,28.9016,28.969421,27.811678,27.628036,32.22446,27.66346,24.79459,28.580408,26.15456,23.20653,21.679123,19.258038,19.383402,17.388506,20.641375,16.79411,18.293293,21.201271,18.730692,15.650649,17.465363,13.868787,15.197526,15.185822,16.693647,19.214476,20.988432,23.818335,25.329927,19.597044,21.783163,23.096222,20.319326,18.702353,15.973613,18.36573,14.548854,18.534006,18.121193,22.086824,24.463024,28.237785,29.306297,27.395033,26.721544,24.33381,23.234762,19.800127,20.978836,16.944399,18.811823,12.640715,16.376272,12.302154,14.959621,16.912394,13.386693,11.188856,9.989768,8.6899185,6.1434116,9.263059,8.80661
10,27.77026,27.021143,22.032318,22.069256,18.770481,16.461954,14.531621,11.345973,7.046396,5.535333,0.0,6.2478123,5.920997,10.112049,9.374526,9.520689,10.593218,14.088181,14.824901,19.479557,22.634058,25.252436,28.057768,30.51539,31.167093,30.354567,24.795258,26.704903,20.905874,23.26341,20.861975,21.855469,21.649605,24.327543,27.115377,30.11737,29.426083,30.681273,27.01185,26.422956,26.966825,24.08501,26.180521,24.172691,27.325167,25.215261,32.299553,31.331621,27.49272,30.96773,28.16975,30.745466,30.127695,28.185976,27.487232,31.615564,26.512846,24.170822,27.558146,25.448301,23.2312,22.367973,20.838902,21.907324,20.24827,24.600836,21.029943,23.09147,25.783869,23.547497,20.295132,21.213432,16.973673,17.034868,16.513832,16.668112,18.415922,19.315033,21.493946,23.08857,17.234674,18.252586,19.403599,17.437286,16.254375,14.487751,17.245464,15.042974,19.735498,20.539951,24.484842,27.3705,30.791466,32.147358,29.55927,27.883615,25.815523,24.051813,20.92248,21.415676,17.585772,18.367159,12.26204,13.647817,10.446269,11.352489,12.88607,9.520635,8.172879,8.568652,9.389382,9.367857,13.278634,14.057446
11,31.027662,29.472097,24.981394,24.183046,20.570253,19.321255,17.089163,12.88451,10.211697,6.274428,6.2478123,0.0,5.1612234,9.917274,7.3319926,10.487676,10.242513,15.09,14.970705,19.994371,23.158987,25.173468,28.77359,30.4022,30.360634,30.35929,24.875229,27.81102,21.905867,26.052391,23.14963,25.741001,24.685549,28.604887,30.547913,33.85453,33.679783,34.435833,30.891035,29.556608,29.979483,26.360685,27.767996,24.96405,27.644215,24.78753,31.55667,29.729254,25.628757,29.491077,27.435041,30.637781,30.84393,28.446228,28.613287,32.70286,27.913084,24.87128,27.372341,24.500616,21.45092,21.596588,18.671806,19.915474,16.983034,21.989925,17.505777,20.047266,23.257639,21.56511,18.308289,19.845503,14.917636,16.434336,14.411766,16.626278,16.937141,19.807293,21.85486,24.400135,19.022238,19.964556,22.485159,20.736609,20.279829,17.516548,21.40106,17.738308,22.677574,22.648417,26.681469,29.280748,32.598484,34.303684,32.472336,31.234713,29.518055,28.198553,25.194586,26.317566,22.409163,23.270721,17.291405,19.071117,15.05704,15.877345,16.668898,12.332721,11.723798,8.075995,10.992741,8.426261,12.851993,12.85987
12,32.819534,31.727545,27.017326,26.237831,22.952782,20.85986,18.171015,15.517482,11.209517,8.981916,5.920997,5.1612234,0.0,5.102874,5.4663186,8.656467,10.7250185,14.674534,16.626446,20.428713,24.260351,26.234106,29.312117,31.086525,30.996933,30.276793,24.746387,26.99162,20.74512,23.951601,20.39906,22.666592,20.779743,24.695068,26.267973,29.36571,29.581688,30.428144,27.566202,25.950945,27.073175,23.264023,25.71042,23.20664,26.442213,24.10682,31.468456,30.112198,25.908352,29.014738,26.129154,29.403517,28.981361,25.94203,25.696915,29.376188,24.248482,21.617443,23.854795,21.346113,19.066387,19.555265,17.77316,19.805948,17.748499,23.475674,19.867405,22.81171,25.439749,23.937418,20.524214,20.847282,15.622302,15.591168,13.465735,14.074174,13.926148,15.857672,17.486765,20.036093,14.686178,14.976387,17.60027,16.369759,16.500633,14.196537,18.653336,15.975692,21.445396,22.3747,26.337635,29.395586,32.239765,34.38581,32.07767,29.94286,28.805597,27.052473,24.591755,25.491613,21.916775,21.541582,16.130768,16.07214,12.4481125,11.888288,12.026225,7.586011,8.00077,4.8988905,9.760685,9.679896,14.273199,15.840281
13,35.71746,34.75737,30.16911,28.978662,26.04134,23.588814,20.41965,19.16891,14.359755,13.207148,10.112049,9.917274,5.102874,0.0,5.799189,8.674718,12.200866,15.010313,18.627132,20.947481,25.29971,26.898792,29.591423,31.139626,30.739157,29.53747,24.20381,25.988157,19.63278,22.411804,18.056536,20.710093,17.528154,22.057796,22.698883,25.755762,26.611225,27.190914,25.142353,22.861788,24.624842,20.37056,23.563555,21.165274,24.698444,22.771317,30.406916,29.325119,25.077297,27.346333,23.88022,27.35275,26.562979,22.715261,22.374502,25.505163,20.274376,17.872047,19.429647,17.135048,15.577803,16.755896,15.998389,18.836021,17.558294,23.86743,21.158892,24.501764,26.530453,25.473604,22.069206,21.258663,15.933786,14.655894,12.144941,11.405782,10.108126,11.459931,12.554719,15.426773,10.584188,10.294098,13.725828,13.099351,14.320675,12.152519,17.473846,15.378625,21.104916,22.659365,26.385744,29.71301,31.88605,34.634933,32.21365,29.357523,29.093155,27.16206,25.479736,26.471788,23.378956,21.718414,17.392094,15.747689,12.448966,10.572293,9.526147,5.325407,7.3512063,4.448562,10.414004,11.955894,16.076593,18.783386
14,32.52081,30.983843,26.798656,24.960674,21.92344,20.101797,16.771484,15.258029,11.362525,9.793452,9.374526,7.3319926,5.4663186,5.799189,0.0,5.547536,7.2623305,11.079257,13.695724,16.520327,20.645641,22.09833,25.320995,26.602425,26.125734,25.542946,20.12655,22.770815,16.531103,20.977617,17.238375,21.0124,18.922018,23.977907,24.98624,28.61827,28.870026,29.026428,25.848894,23.739296,24.36145,20.14029,21.75263,18.767088,21.698935,19.08323,26.367662,24.853394,20.581905,23.638203,20.962292,24.438837,24.446295,21.418268,21.73469,25.627861,20.974054,17.741491,20.085573,17.238136,14.351849,14.565407,12.334142,14.409382,12.524735,18.520838,15.471015,18.733915,20.930088,19.84231,16.434942,16.111753,10.631121,10.616295,8.011881,9.575907,9.797841,12.802834,15.191239,17.729177,12.779938,14.635928,17.65792,15.62292,15.868042,12.36605,17.417816,13.351693,18.811356,19.287786,23.152758,26.107864,28.586788,31.193659,29.395227,27.419643,26.883057,25.520418,23.537418,25.154812,21.791243,21.035488,16.289276,16.9649,12.42001,12.918023,13.157408,8.829219,8.44721,2.250361,7.197235,6.8425817,10.955937,13.491869
15,28.46067,27.226084,23.111635,21.131258,18.579874,16.149313,12.524699,12.978717,8.563133,9.43202,9.520689,10.487676,8.656467,8.674718,5.547536,0.0,4.643317,6.401806,10.549376,12.448551,16.733204,18.582895,21.154148,23.0788,23.240269,21.975317,16.446093,18.354094,12.131815,15.825449,12.696842,16.099365,15.207124,19.888935,21.596914,25.447802,24.975538,25.101156,21.153316,19.599972,19.646856,15.994249,17.41165,14.935464,18.132713,16.099075,23.561825,22.894949,19.031984,21.872425,18.712172,21.389534,20.866266,18.827536,18.522068,22.918913,18.314482,15.389273,19.329622,17.271496,14.97829,13.028875,12.244485,13.372783,13.224654,17.690079,15.879318,18.407879,19.895899,18.300426,14.990234,13.884926,9.617408,7.8963203,8.336245,7.4974303,11.163148,11.906595,15.227722,16.320927,10.912545,14.414411,15.956044,12.675849,11.848672,7.938224,12.30068,7.870178,13.344581,14.189507,18.045963,21.21275,23.726158,26.2116,24.081543,21.957037,21.397926,19.99292,18.1977,19.961142,16.846704,15.770348,11.567233,12.893688,7.938384,10.064919,11.378302,8.231227,5.934799,4.718445,2.0396378,5.6032367,8.266875,12.066726
16,26.190367,24.362885,20.641296,18.122597,15.362503,13.7944355,10.219798,10.038265,7.4241066,7.854351,10.593218,10.242513,10.7250185,12.200866,7.2623305,4.643317,0.0,5.106524,6.5080442,9.907975,13.643921,15.521311,18.79571,20.529684,20.745857,20.283495,14.746893,17.641497,12.001657,17.13874,15.046245,18.852945,18.914867,23.497562,25.452068,29.456642,28.620602,28.56222,23.958912,22.711031,21.865992,18.564215,18.43721,15.581916,17.896505,15.169892,21.908344,20.75989,17.01806,20.775085,18.653881,21.16077,21.4764,20.358227,20.63164,25.388905,21.407513,18.090038,22.156864,19.750631,16.643616,14.214448,12.004379,11.866527,11.029889,14.405134,12.087121,14.172108,15.989098,14.092111,10.738511,10.690083,6.776899,7.374182,8.3725395,9.980203,13.762348,15.643325,19.154535,20.302298,15.250749,18.961315,20.548925,17.0405,15.752306,11.723348,14.970669,9.350376,13.635588,12.97275,16.926613,19.524702,22.539352,24.637383,23.180803,22.177528,21.093494,20.327179,18.061693,20.279808,16.912659,17.163193,12.629146,15.99874,10.95141,14.166219,15.84839,12.5673065,10.069688,7.7629414,3.9918609,2.096749,3.8842845,7.56273
17,24.697557,23.123098,19.84654,16.780252,14.972696,12.886476,8.929906,11.945516,9.547832,11.8874855,14.088181,15.09,14.674534,15.010313,11.079257,6.401806,5.106524,0.0,6.368713,6.137676,10.496222,12.425857,14.788232,16.97977,17.654678,16.312477,10.770169,12.84994,7.316933,12.3132105,11.04066,15.074116,16.079576,20.533415,22.598604,26.781433,25.502201,25.100067,19.97667,18.99801,17.425154,14.65078,13.798241,11.372333,13.740447,11.726442,18.538145,18.361685,15.16791,18.271603,15.678919,17.356747,17.238731,17.110472,17.018131,22.051266,18.540873,15.529511,20.605068,18.92167,16.47234,12.407532,11.877378,10.978497,12.332723,14.117594,13.865552,15.293343,15.819439,13.891673,11.065709,9.207806,7.624407,5.6554165,9.526385,8.984841,14.599092,14.938254,18.88254,18.903717,14.383401,19.143726,19.808212,15.598228,13.781568,9.690965,11.748994,5.412477,8.841434,8.273577,12.138581,15.034082,17.726757,20.11595,18.517515,17.279665,16.72163,16.123356,14.601311,17.280901,14.608098,14.064196,11.242018,14.785737,10.127339,14.095914,16.080667,14.030714,11.142528,10.942264,5.183127,7.106579,5.2824802,9.985173
18,21.2008,18.813818,15.94277,12.441287,10.071791,9.602525,6.478951,7.9227176,8.841752,10.486503,14.824901,14.970705,16.626446,18.627132,13.695724,10.549376,6.5080442,6.368713,0.0,6.52335,8.323167,10.830802,14.312478,16.455671,17.520536,17.60037,12.583583,15.750661,11.980302,17.218441,17.101412,20.45804,22.27521,26.12292,28.70757,32.799313,31.15967,30.947916,25.37907,24.97061,22.86547,20.691696,18.810986,16.365498,17.524408,14.851508,19.956972,19.057674,16.302639,20.62126,19.548962,20.923145,21.740437,22.475859,22.830456,27.94795,24.790434,21.614014,26.413748,24.303701,21.12817,17.447145,15.265517,13.243686,13.114244,12.930035,11.535251,11.597063,12.937385,10.008658,7.417764,8.631352,8.552153,10.135012,12.977523,14.658759,19.381845,20.865181,24.695635,25.134556,20.398598,24.71767,25.553297,21.46942,19.313509,15.586133,16.773886,10.975227,12.535677,9.952074,13.529754,15.18411,18.947718,20.131922,19.386217,19.956493,18.077654,18.237514,15.624407,18.388243,15.240651,16.998093,13.246508,18.69261,14.187644,18.623446,20.938894,18.309687,15.279608,14.220176,9.0615835,7.1566825,2.865219,4.59465
19,23.001755,20.858002,18.92704,14.608861,13.84666,12.915992,9.650854,13.932281,13.761922,16.171417,19.479557,19.994371,20.428713,20.947481,16.520327,12.448551,9.907975,6.137676,6.52335,0.0,4.735298,6.3484225,8.901675,11.099648,12.338389,11.404974,6.3287063,9.297595,6.7297616,12.695482,13.423741,17.667648,19.766562,23.929415,25.95483,30.243431,28.508047,27.599531,21.875546,21.295359,18.389757,16.592482,13.239146,11.00606,11.460099,9.372864,14.214988,14.378201,12.319012,15.721328,14.469745,14.940631,15.765743,17.638115,18.089773,23.248457,21.069904,18.084421,23.35835,21.865805,19.254883,14.266194,13.573325,10.789554,13.125688,11.48937,13.123885,13.083877,12.287158,10.237992,8.685822,6.1810017,8.942443,8.316203,12.920303,13.255007,18.920076,19.456448,23.519285,23.086716,19.459959,24.629194,25.048193,20.598425,18.534729,14.753157,15.30236,9.456996,9.077228,5.7104397,8.560639,10.34169,13.188926,15.424673,15.11664,15.506486,15.063329,15.719067,14.686132,18.082027,16.121088,16.338667,14.944328,19.51189,15.432211,19.789293,21.903305,20.141161,17.211643,16.775202,11.233179,11.575136,7.4575987,10.777782
20,20.49287,17.91117,17.110228,12.126251,12.292536,12.475734,10.41444,14.861459,16.22532,18.693348,22.634058,23.158987,24.260351,25.29971,20.645641,16.733204,13.643921,10.496222,8.323167,4.735298,0.0,3.623178,6.21995,8.930327,11.274823,11.179821,7.950085,10.578731,10.613552,15.422201,17.334986,20.839045,23.79419,27.325714,29.707363,33.907646,31.741268,30.824167,24.7205,24.730751,21.22093,20.28458,16.121975,14.485496,13.866963,12.129179,14.49751,14.844215,13.98041,17.543823,17.38311,16.95349,18.21232,21.205898,21.723354,26.801245,25.156696,22.361578,27.683304,26.272038,23.582233,18.522755,17.56028,14.179552,16.227646,12.570659,14.615041,13.172579,11.849368,9.347359,9.271345,8.249364,12.508515,12.877315,17.217941,17.97481,23.537601,24.159367,28.226963,27.640682,24.079536,29.259726,29.42915,24.87879,22.47514,19.029367,18.640018,13.424727,11.4797945,7.0645504,8.293669,8.253354,11.833786,12.867577,13.663117,15.820804,14.689179,16.233248,15.061335,18.592836,16.99123,18.29285,17.328753,22.744492,19.037514,23.740765,26.110304,24.415396,21.310785,21.015724,15.3126955,14.943423,10.367664,11.947732
21,23.557484,20.78255,20.466682,15.325059,15.590991,16.064657,13.917737,17.95398,19.200472,21.283926,25.252436,25.173468,26.234106,26.898792,22.09833,18.582895,15.521311,12.425857,10.830802,6.3484225,3.623178,0.0,4.828423,5.745161,7.733459,8.453594,6.3936725,9.823401,11.0050335,16.55422,18.288347,22.563171,25.03577,29.053587,30.86971,35.16819,33.24204,31.933437,26.062807,25.654799,22.002611,20.876198,15.957806,14.058934,12.450233,10.522943,11.367832,11.593316,11.422051,14.870191,15.588406,14.923161,16.95629,20.275768,21.351622,26.23927,25.246748,22.299206,27.25965,25.81495,23.044153,17.973295,16.909777,13.086072,15.575307,10.733784,14.079163,12.454608,10.050318,8.485626,9.276297,7.4017787,12.744123,13.299528,17.448668,18.583292,23.822681,24.768902,28.79074,28.24416,25.264118,30.563662,31.025541,26.547163,24.4996,20.847176,20.882002,15.519853,13.627766,9.429497,9.819126,9.184464,11.530857,13.239025,15.004246,17.24329,16.996147,18.73508,18.156965,21.760628,20.3913,21.195724,20.51936,25.495008,21.660566,26.10022,28.20871,26.434168,23.544262,22.66102,17.444279,16.900303,12.3764305,14.035603
22,23.320232,21.096903,21.290438,16.327602,17.545513,17.523819,15.725093,20.894136,21.803534,24.559685,28.057768,28.77359,29.312117,29.591423,25.320995,21.154148,18.79571,14.788232,14.312478,8.901675,6.21995,4.828423,0.0,4.561151,8.247824,6.997101,7.1942,7.8214664,11.527716,15.040952,18.001274,21.50955,24.755005,28.06986,29.970182,34.110325,31.79363,30.28899,24.261786,24.36747,20.11839,20.075916,14.56775,13.88939,11.853275,11.589966,11.132798,13.135467,13.988111,15.97284,16.244553,14.204779,15.580655,20.146849,20.724165,25.377554,25.009464,22.711447,28.05271,27.283356,25.213219,19.614685,19.824377,16.246593,19.557693,14.981222,18.774668,17.255598,14.570977,13.257519,14.047789,11.569335,16.620668,15.96207,20.626894,20.561289,26.25288,26.1795,30.178576,28.90159,26.405905,31.919498,31.707113,27.097795,24.824303,21.731329,20.66491,16.379072,12.908371,9.086224,7.4141126,5.562779,6.971044,8.812772,11.23169,14.013338,14.410309,16.643803,17.049723,20.667414,20.224392,20.54554,21.32504,25.98587,22.85338,27.307226,29.500702,28.42587,25.470098,25.551073,19.921688,20.381723,15.987814,18.065176
23,27.23892,24.629604,25.058329,19.885256,20.793373,21.21088,19.196667,23.651283,24.627354,26.818064,30.51539,30.4022,31.086525,31.139626,26.602425,23.0788,20.529684,16.97977,16.455671,11.099648,8.930327,5.745161,4.561151,0.0,4.059008,4.9058743,7.4426203,9.346171,13.223751,17.897793,20.129633,24.587254,26.998983,31.00983,32.241978,36.489155,34.594578,32.73738,27.131908,26.602493,22.504938,21.903004,15.95215,14.676303,11.605257,10.8607,7.797811,9.500274,11.464072,13.209178,14.883459,12.831001,15.439058,19.943266,21.339907,25.681381,25.94486,23.34222,28.011593,27.03358,24.733343,19.461735,19.233309,15.336188,18.723581,13.164067,17.927446,16.293736,12.794768,12.589426,14.047114,11.309997,16.862204,16.749828,20.863209,21.532412,26.594639,27.178864,31.062553,30.074993,28.093119,33.586327,33.904537,29.466833,27.654976,24.21288,23.959015,19.22421,16.517183,12.879106,11.599609,9.969946,9.912467,12.277408,15.343119,17.834105,18.827164,20.97264,21.480007,25.113665,24.492912,24.59804,25.037365,29.428541,25.936758,30.118439,32.016495,30.629091,27.919422,27.121233,22.134995,22.079983,17.743639,19.675331
24,30.739197,27.954634,28.09079,22.890574,23.288023,23.735193,21.322409,25.161472,25.844292,27.522684,31.167093,30.360634,30.996933,30.739157,26.125734,23.240269,20.745857,17.654678,17.520536,12.338389,11.274823,7.733459,8.247824,4.059008,0.0,4.82127,7.6705565,10.630776,13.707273,19.395763,20.69241,26.005043,27.48063,32.195057,32.80718,37.141956,35.743984,33.665375,28.532827,27.328144,23.619211,22.27544,16.385315,14.4158325,10.924792,9.490339,4.915176,5.5713363,8.306634,9.883002,12.698464,11.228503,14.810329,18.636528,20.745777,24.817862,25.369726,22.447718,26.40923,25.179193,22.681791,17.881897,17.268429,13.331491,16.770521,11.012514,16.46447,15.235237,11.3279295,12.242762,13.735038,10.567327,15.93693,16.125145,19.576965,20.815004,25.174145,26.351175,30.063913,29.429594,27.867352,33.23023,34.08568,29.88773,28.565586,24.823334,25.44948,20.343805,18.562042,15.241625,14.573385,13.602649,13.140924,16.124708,18.93858,20.720518,22.131956,23.968143,24.470413,28.107061,27.203583,26.951057,26.973314,30.934772,27.115742,30.924662,32.489494,30.828266,28.421913,26.857355,22.617199,22.275799,18.264023,20.334145
25,30.14994,27.956493,27.721632,22.805246,23.415842,23.049923,20.431889,25.167004,25.078714,27.349195,30.354567,30.35929,30.276793,29.53747,25.542946,21.975317,20.283495,16.312477,17.60037,11.404974,11.179821,8.453594,6.997101,4.9058743,4.82127,0.0,5.5791078,6.3452253,10.825252,15.3036375,17.0647,22.070345,23.794086,28.17733,28.726683,32.971394,31.438475,29.23454,24.142641,23.066364,19.139914,18.276009,12.078476,10.894601,7.2096868,7.5182114,4.5211973,7.9937453,9.778773,9.822972,10.693295,8.012605,10.697764,15.4208555,16.958559,21.031384,21.78398,19.37256,23.862816,23.271694,21.526953,16.090418,16.972569,13.584153,17.904282,13.678811,18.78433,18.18782,14.774822,15.041092,15.678061,11.599075,16.349358,15.046925,19.159634,18.989754,23.915064,23.988089,27.698906,26.428465,25.204628,30.727724,31.040138,26.784624,25.407751,22.060896,22.141075,17.785154,15.391125,12.803458,11.5425005,11.110546,9.599678,13.6039295,15.770708,16.723406,18.935173,20.6033,21.802519,25.35996,24.927113,23.885323,24.811876,28.15792,24.817995,28.467567,30.008553,28.957563,26.56182,25.888899,21.325775,22.08829,18.275272,21.20745
26,27.690271,25.555944,24.391273,19.73864,19.641058,18.87262,15.782196,20.231215,19.710855,21.911936,24.795258,24.875229,24.746387,24.20381,20.12655,16.446093,14.746893,10.770169,12.583583,6.3287063,7.950085,6.3936725,7.1942,7.4426203,7.6705565,5.5791078,0.0,5.1924205,6.0860944,12.433047,13.331873,18.689804,20.170252,24.885998,25.821642,30.200733,28.772715,27.037443,21.761822,20.55147,17.16997,15.42779,10.253367,7.918029,6.178406,4.5638247,8.173937,9.446298,8.524264,10.421515,9.648303,9.080035,10.836699,13.899695,15.117123,19.920105,19.230335,16.333225,21.263163,20.21347,18.055748,12.499348,12.950104,9.692196,13.832405,11.024746,15.066065,15.109621,12.672104,12.218075,11.757459,7.2693353,11.36171,9.796683,14.2902975,14.169703,19.484516,19.761974,23.68225,22.79781,20.692762,26.167297,26.674873,22.355072,20.904003,17.210543,17.875736,12.767188,11.463935,8.859516,9.349881,10.420142,10.870465,14.622771,15.384566,15.54257,16.985296,18.036386,18.48524,22.002264,20.910894,19.946201,19.970058,23.393541,19.667925,23.380117,24.990528,23.64696,21.178247,20.434092,15.77121,16.598207,12.959431,16.373064
27,27.737299,26.294382,25.203054,20.941107,21.470076,20.014044,17.155008,22.644522,21.5886,24.521843,26.704903,27.81102,26.99162,25.988157,22.770815,18.354094,17.641497,12.84994,15.750661,9.297595,10.578731,9.823401,7.8214664,9.346171,10.630776,6.3452253,5.1924205,0.0,6.359987,8.982366,11.4263525,15.799934,18.12631,22.000227,22.996706,27.195208,25.362677,23.407335,17.98194,17.279,13.202928,12.783094,6.8267245,6.8157754,5.314127,7.3038616,9.921647,12.977192,12.847511,12.921858,10.843766,8.506969,8.265933,12.913183,13.033578,17.62466,17.481625,15.620654,21.134075,21.07124,20.017023,14.069357,16.299623,13.857796,18.349596,16.194399,20.100754,20.175678,17.75953,17.061165,16.55376,12.254427,15.584039,12.707084,17.514372,15.64233,21.401558,20.145681,23.938013,22.066317,20.54839,26.162983,25.754442,21.341059,19.661013,16.803366,16.132854,12.6536455,9.674887,8.389387,7.176512,8.649426,7.4379706,12.035727,12.126468,11.363314,14.055213,15.1148615,16.759272,20.126383,19.967607,18.078983,19.74897,22.466562,19.673138,23.226995,24.88209,24.48505,22.012188,22.600355,17.579773,19.64239,16.310509,20.056211
28,27.643686,26.218943,23.940697,20.176878,19.601664,17.62203,14.026862,18.653584,16.589039,19.19495,20.905874,21.905867,20.74512,19.63278,16.531103,12.131815,12.001657,7.316933,11.980302,6.7297616,10.613552,11.0050335,11.527716,13.223751,13.707273,10.825252,6.0860944,6.359987,0.0,7.859338,7.513029,13.165348,14.272816,19.153336,20.215471,24.613775,23.313187,21.884514,16.753454,15.326455,12.663407,10.21341,6.9780035,4.583963,6.7870417,6.4169483,13.17038,14.457963,12.255684,13.502344,10.17021,10.644496,10.0781765,11.404035,11.395455,16.5699,14.548818,11.872548,17.572462,16.872566,15.412889,9.68387,11.68824,10.210611,14.166999,14.390008,16.835594,17.946991,16.694792,15.721184,13.982616,9.7533045,10.82611,6.9464474,11.876481,9.606491,15.703077,14.718231,18.71734,17.497997,14.995881,20.5527,20.685848,16.298592,14.873794,11.263624,12.228816,7.392994,7.466302,7.287953,9.165453,12.100257,12.8670435,16.649935,15.51311,13.640325,15.255248,15.1763115,15.712847,18.817017,17.618858,15.486735,15.629291,17.891768,14.378602,17.682924,19.191967,18.342964,15.977636,16.275192,11.579991,14.0857115,11.650702,16.121498
29,27.366465,27.146309,24.733246,21.996315,22.173704,19.169981,16.27789,21.963585,19.211163,22.830732,23.26341,26.052391,23.951601,22.411804,20.977617,15.825449,17.13874,12.3132105,17.218441,12.695482,15.422201,16.55422,15.040952,17.897793,19.395763,15.3036375,12.433047,8.982366,7.859338,0.0,5.407713,6.8777165,10.618297,13.191109,15.123396,19.137186,16.824385,15.497865,9.524749,9.678985,5.9504147,6.7749305,5.9740596,8.323469,11.043423,13.173399,18.405285,21.005823,19.58867,19.596611,15.446448,14.413596,11.322314,13.401936,10.963523,15.340351,13.322188,12.979907,19.25037,20.056879,20.260159,14.898362,18.519098,17.84519,21.717855,22.164495,24.422346,25.338263,24.121977,22.730562,21.082226,17.33262,18.117752,13.771647,18.224968,13.916369,19.927807,16.450956,19.900463,17.064596,15.192571,20.478588,18.663166,14.199463,12.030452,10.779729,8.29454,8.389829,5.650449,9.032022,9.188333,12.642587,12.479671,15.814397,12.803699,8.331505,11.326322,10.30648,12.684004,15.029136,15.374776,11.328774,14.541393,15.162143,13.877266,16.67515,18.34584,19.356882,17.07449,19.933365,15.072433,19.105906,17.316841,21.638103
30,30.651844,30.18215,27.152632,24.509949,23.859816,20.801739,17.338947,21.867449,18.19717,21.119461,20.861975,23.14963,20.39906,18.056536,17.238375,12.696842,15.046245,11.04066,17.101412,13.423741,17.334986,18.288347,18.001274,20.129633,20.69241,17.0647,13.331873,11.4263525,7.513029,5.407713,0.0,6.9993787,6.8801517,12.024377,12.721592,17.118797,16.074554,14.750361,10.36087,8.232091,7.2594075,3.694971,6.586674,7.0623765,11.139526,12.463392,19.158195,20.939405,18.608665,18.55681,13.696476,14.250527,11.287295,10.559198,8.105448,12.640478,9.148997,8.261444,14.49864,15.141259,15.616972,10.9400835,15.054737,15.528448,19.08806,21.199781,22.883993,24.648373,23.878983,22.8459,20.652828,16.769958,15.990686,11.069715,14.559252,9.373074,14.927527,11.055509,14.510124,11.924299,10.065155,15.503818,14.416674,10.114214,9.128943,7.079322,7.755806,7.17221,8.503671,11.705817,13.228916,16.810846,16.901094,20.600147,17.939669,13.709703,16.13349,14.671509,16.076578,18.125978,17.53892,13.24668,14.747636,13.951274,12.004729,13.6549225,14.600999,15.415604,13.762597,16.101112,12.596833,16.990421,16.299982,21.022276
31,29.264715,29.808594,26.513712,25.016384,24.770103,21.0281,18.390808,23.280958,19.381432,23.025768,21.855469,25.741001,22.666592,20.710093,21.0124,16.099365,18.852945,15.074116,20.45804,17.667648,20.839045,22.563171,21.50955,24.587254,26.005043,22.070345,18.689804,15.799934,13.165348,6.8777165,6.9993787,0.0,6.544246,6.6013165,10.042938,13.61045,10.98324,10.87863,5.3273473,6.5892386,6.4651465,7.489301,11.48177,13.505106,17.089352,18.866335,24.910927,27.163555,25.139025,25.19699,20.442781,20.224152,16.629984,16.712658,13.325242,16.531286,13.015403,13.963116,19.644894,20.911757,21.939434,17.805382,21.684336,22.116972,25.276207,27.22053,28.443724,29.878332,29.377625,27.755129,25.554008,22.314266,21.589151,17.031416,20.451874,15.16901,20.295364,15.476992,18.104813,14.806946,12.715326,16.900015,13.693161,9.663664,7.2055154,8.752189,4.84277,9.753481,9.542944,13.979815,14.948936,18.531126,18.86168,21.469301,17.51627,12.263338,14.184164,11.649513,13.640222,14.434146,14.913531,9.326588,13.11398,10.694768,11.48703,12.669053,14.070185,16.524126,14.8313875,19.364367,15.593275,20.515074,20.133762,24.39643
32,34.619854,34.756786,31.136644,29.40077,28.503006,24.933563,21.722868,25.510061,20.885822,23.571459,21.649605,24.685549,20.779743,17.528154,18.922018,15.207124,18.914867,16.079576,22.27521,19.766562,23.79419,25.03577,24.755005,26.998983,27.48063,23.794086,20.170252,18.12631,14.272816,10.618297,6.8801517,6.544246,0.0,6.942681,6.6060314,10.881545,10.807555,10.163056,8.472516,5.4643664,8.787457,6.1369853,12.385949,13.367007,17.451065,18.860437,25.611814,27.303719,24.707766,24.279188,19.033787,19.971397,16.441252,14.057797,10.729174,13.004907,8.139581,9.59818,14.205303,15.778318,17.663843,14.891195,19.301577,20.903988,23.81992,27.19294,28.163858,30.399899,30.09176,29.027983,26.498337,22.963894,21.043104,16.187925,18.238157,12.353638,15.926856,10.185639,12.060887,8.3982315,7.623683,11.4567375,8.780977,5.532534,6.3224525,7.611708,8.494702,11.538341,13.79315,17.741066,19.316439,22.989052,23.008564,26.406992,23.046986,17.96492,20.252731,17.925219,19.381357,20.292599,19.94247,14.694999,16.447054,12.528386,12.536908,11.604394,11.431615,14.006321,13.588192,17.222437,15.553163,20.507751,21.123575,25.709951
33,34.253002,35.254917,31.593472,30.76809,30.314304,26.336206,23.88644,28.026762,23.499798,26.768211,24.327543,28.604887,24.695068,22.057796,23.977907,19.888935,23.497562,20.533415,26.12292,23.929415,27.325714,29.053587,28.06986,31.00983,32.195057,28.17733,24.885998,22.000227,19.153336,13.191109,12.024377,6.6013165,6.942681,0.0,5.703174,7.8175855,5.2641616,6.9046106,6.042226,7.0581107,10.30015,11.163674,16.733181,18.787424,22.560846,24.443623,30.656942,32.861626,30.626469,30.25481,25.117664,25.232988,21.255495,20.110445,16.332067,17.858555,14.044404,16.323252,20.645004,22.57359,24.587019,21.651222,25.896133,27.128042,29.998962,32.876713,33.73535,35.583946,35.33051,33.812428,31.377214,28.187906,26.675148,22.016977,24.4851,18.77686,22.4837,16.743313,18.007946,14.276272,13.42353,15.653469,11.0747595,9.142754,8.334893,12.016523,9.564167,15.258141,16.050484,20.507114,21.510683,25.033401,25.099094,27.646963,23.4761,17.94892,19.842012,16.966478,18.857405,18.621124,19.301018,13.566496,17.02819,11.9808855,14.535671,13.373291,13.671307,17.474697,16.917118,22.017773,19.795164,24.925356,25.455835,29.669966
34,39.112335,39.755535,36.205303,34.846558,34.249073,30.478329,27.586243,31.552053,26.84087,29.617243,27.115377,30.547913,26.267973,22.698883,24.98624,21.596914,25.452068,22.598604,28.70757,25.95483,29.707363,30.86971,29.970182,32.241978,32.80718,28.726683,25.821642,22.996706,20.215471,15.123396,12.721592,10.042938,6.6060314,5.703174,0.0,4.4532404,5.7851305,4.9951034,8.226429,5.981796,10.868608,10.543186,16.700565,18.622944,22.311255,24.414412,30.482086,32.650845,30.418325,29.239334,23.871517,24.26263,20.139103,17.864096,14.086942,14.113289,10.66119,13.967366,17.016308,19.66958,22.602678,20.41934,25.282148,27.034407,30.137455,33.460133,34.684204,36.91541,36.419605,35.427364,33.004917,29.308998,27.579556,22.66897,24.527613,18.6101,21.22699,15.060347,15.444732,11.124707,12.729433,14.440557,10.521054,9.9289665,11.163439,13.89808,13.435195,17.80411,19.099915,23.304811,24.210043,27.698545,27.062643,30.347858,26.690828,21.066385,23.874502,21.35829,23.530132,23.78728,24.258476,18.55324,21.443836,16.398455,17.968664,16.11592,15.384324,18.952787,19.117386,23.164545,21.9608,26.979162,27.670141,32.207172
