,0,1,2,3,4,5,6,7,8,9,10,11,12,13,14,15,16,17,18,19,20,21,22,23,24,25,26,27,28,29,30,31,32,33,34,35,36,37,38,39,40,41,42,43,44,45,46,47,48,49,50,51,52,53,54,55,56,57,58,59,60,61,62,63,64,65,66,67,68,69,70,71,72,73,74,75,76,77,78,79,80,81,82,83,84,85,86,87,88,89,90,91,92,93,94,95,96,97,98,99,100,101,102,103,104,105,106,107,108,109,110
0,0.0,4.0684924,6.184491,9.697694,11.860931,14.154826,17.0085,20.409584,23.720325,25.634796,29.527405,30.322063,32.631477,29.767374,33.09452,30.596415,29.487244,32.345303,30.297112,35.793427,36.297607,37.702053,39.975777,41.2709,42.10511,41.231136,40.23847,41.19963,38.324825,42.48734,36.209732,41.933937,37.575718,38.78204,36.74433,33.57761,31.629414,32.960735,30.99271,28.6858,27.181038,28.800747,27.307358,23.01269,24.0138,25.750982,20.871748,18.661913,20.647415,21.349104,26.186678,23.766842,25.582787,27.986113,29.798845,32.968006,31.039366,35.32502,36.162098,31.846262,34.45223,38.262352,41.615543,41.122147,36.756493,36.859093,42.387604,42.57152,38.275814,40.9674,44.411655,42.731037,39.07759,42.255444,37.648636,40.704453,37.685513,33.50238,33.58793,28.550947,26.690083,23.927269,23.135347,26.139368,27.960102,30.812014,33.243015,38.298016,40.827938,44.65967,47.711124,50.49757,48.7162,52.71677,51.737923,53.12305,50.546673,46.583683,46.001125,41.928356,43.85349,38.49156,39.637173,39.588913,35.606663,35.16268,29.51289,30.615677,27.1295,24.603504,25.06774
1,4.0684924,0.0,5.0369644,6.326348,8.806485,12.277926,13.890342,18.106747,20.946,23.078087,26.888199,27.596004,29.57832,26.542997,29.456259,27.004507,25.643114,28.573174,26.326275,31.902555,32.4213,33.758003,36.191536,37.412827,38.1741,37.249855,36.407135,37.40058,34.678642,38.90182,32.833393,38.81821,34.620728,36.120914,33.878387,30.454287,28.827915,30.433533,28.075827,25.56622,24.643074,26.197458,24.23447,20.078262,21.720045,23.084435,17.633877,16.045334,18.587252,19.603079,24.134382,21.380966,24.002628,26.329645,27.713041,30.49264,28.272367,32.512306,33.829525,29.65626,31.605347,35.717438,39.03322,38.895176,34.467827,34.182228,39.643703,39.633156,35.190903,37.980316,41.2405,39.396626,35.738735,38.879726,34.40348,37.429764,34.304165,30.29765,30.232723,25.380938,23.274483,20.610342,19.418596,22.433498,24.397757,27.078346,29.642384,34.631287,37.16901,41.025665,44.14564,46.712616,45.04252,49.009636,48.005386,49.38013,46.886402,42.919098,42.1639,38.108204,39.861153,34.530636,35.588078,35.526314,31.538332,31.117622,25.463732,26.671532,23.241024,20.830093,21.560709
2,6.184491,5.0369644,0.0,5.446309,6.4252753,8.003771,11.335896,14.270615,17.689404,19.595583,23.43795,24.40248,26.827934,24.16848,27.9309,25.335314,24.824339,27.709715,26.671448,31.887323,33.04138,34.743824,37.37523,37.752964,38.363537,37.258633,35.84751,36.416534,33.264595,37.20141,30.701052,36.15032,31.582699,32.733654,30.934587,27.831799,25.643871,27.122845,25.467758,23.102274,21.34051,23.680552,22.28699,17.636015,18.777472,21.574295,16.800657,13.955361,16.77139,16.731249,21.698559,20.514194,22.30727,24.008915,26.230276,29.319353,26.842154,31.1976,32.189934,27.324785,29.556662,33.56738,36.639374,36.145584,31.505575,31.462671,37.024147,37.050053,32.991367,36.11184,39.305748,37.51094,34.210354,37.86981,33.296604,36.83756,34.04976,29.845377,30.658339,25.527107,24.041027,22.09096,20.431183,22.748535,23.831266,27.380333,28.848585,34.294426,36.367096,40.247265,42.83246,45.89952,43.680706,47.659954,46.62531,47.991154,45.262787,41.346107,41.139496,37.127304,39.607815,34.14904,35.876957,36.20061,32.36881,31.470623,26.340977,26.369913,23.135426,19.992025,20.505117
3,9.697694,6.326348,5.446309,0.0,3.772915,7.6049128,8.082521,12.918252,15.031227,17.761164,21.2472,22.306473,24.031073,21.10281,23.916893,20.994762,19.999119,22.741941,21.326025,26.590008,27.615181,29.315008,31.939579,32.37161,33.037136,32.05216,30.751572,31.586891,28.632372,32.812572,26.596306,32.533993,28.557356,29.977245,27.584587,24.17202,22.655954,24.26397,21.777884,19.243103,18.501192,20.162447,18.05079,13.804963,15.871137,17.56089,11.963807,10.279445,13.720757,14.533011,18.779808,16.702517,19.731491,21.511284,22.871458,25.38512,22.674154,26.938774,28.546228,24.137806,25.562477,29.896461,33.049015,33.083683,28.525959,27.996246,33.43919,33.332268,28.925259,31.921274,35.03962,33.158123,29.630968,33.049194,28.589025,31.952484,28.998703,24.979038,25.522577,20.601885,18.854355,17.057968,15.044846,17.376179,18.711304,22.009027,23.816095,29.10158,31.350092,35.232315,38.09763,40.92829,39.028175,43.039055,42.121037,43.614395,41.106087,37.24824,36.624645,32.79549,34.724495,29.40528,30.855415,31.01684,27.287815,26.547606,21.498579,21.743444,18.875887,15.819867,17.270489
4,11.860931,8.806485,6.4252753,3.772915,0.0,5.444509,5.188746,9.622386,12.227373,14.37192,18.103682,18.908827,20.897783,18.03602,21.518278,19.07862,18.585556,21.732233,21.087545,26.226313,27.82933,29.53646,32.6384,32.366795,32.682686,31.304888,29.940886,30.25483,27.193499,31.059137,24.755703,30.476711,25.903818,27.603786,25.703007,22.143972,20.310472,22.491804,20.433765,17.59241,16.740965,19.606384,17.453272,12.7971525,15.318286,18.187466,12.70752,10.715286,14.923649,14.86445,19.09926,18.263903,21.128777,22.233349,23.960028,26.312134,23.095911,27.328478,29.143309,24.278322,25.136646,29.726904,32.52041,32.581226,27.718325,26.93131,32.371346,31.947786,27.832563,31.423082,34.115635,31.944775,28.913347,32.823204,28.533745,32.29227,29.49843,25.6524,26.63038,21.910015,20.3055,19.121532,16.308525,18.021875,18.778374,22.439484,23.443907,28.999966,30.761684,34.7106,37.096222,39.934208,37.60616,41.50153,40.33695,41.624443,38.8994,34.955757,34.739704,30.708351,33.34926,27.845999,29.83049,30.39804,26.64127,25.460768,20.707024,20.120842,17.074665,13.667175,14.510706
5,14.154826,12.277926,8.003771,7.6049128,5.444509,0.0,6.139723,6.909365,10.293604,12.480928,15.96919,17.539568,20.100069,18.007896,22.389769,19.435297,20.14774,22.732855,23.550697,27.933493,30.01655,32.181915,35.100006,34.126503,34.461452,33.13634,30.96367,30.95685,27.33492,30.847275,23.98742,28.811857,24.074707,24.904383,23.457449,20.662685,18.01003,19.512348,18.529346,16.279526,13.82149,17.391,16.446764,11.399099,12.478012,17.167051,13.451308,9.6313715,13.397355,11.85683,16.56741,17.750994,19.155544,19.542782,22.34628,25.204502,22.044216,26.320225,27.396431,21.813143,23.500917,27.630299,30.208101,29.652252,24.681671,24.501457,30.050892,29.920366,26.329218,29.997826,32.837463,30.99746,28.282461,32.600708,28.148214,32.34263,30.059523,25.930082,27.912758,22.89112,22.24161,21.689577,19.127241,20.063442,19.722376,24.269749,24.017447,29.892557,31.201702,35.037426,36.86152,40.452797,37.59646,41.54149,40.528046,41.938602,39.030872,35.295506,35.67827,31.962416,35.170815,29.770138,32.336044,33.164722,29.798964,28.281084,24.346344,22.594229,20.207846,16.165707,16.98646
6,17.0085,13.890342,11.335896,8.082521,5.188746,6.139723,0.0,6.097482,7.3098397,9.942942,13.300475,14.312761,15.994098,13.246339,16.824867,14.211879,14.396804,17.52046,18.096165,22.684147,24.952404,26.877443,30.276146,29.06679,29.116798,27.518806,25.797804,25.713894,22.46479,26.117788,19.731215,25.370113,20.757915,22.650747,20.802206,17.07639,15.318825,17.968754,15.914358,12.794429,12.416869,16.041416,13.62066,8.982785,12.436288,15.899745,10.890221,9.336565,14.173502,13.595474,16.941345,17.264484,20.324734,20.602518,22.218395,24.031837,20.232552,24.26258,26.500196,21.485733,21.30856,26.200895,28.612173,28.949566,23.918642,22.647032,27.961258,27.229473,23.287403,27.345045,29.609007,27.225443,24.600767,28.91274,24.858402,28.97822,26.44238,22.87394,24.450851,20.113123,18.917107,18.80416,15.218415,15.80048,15.604382,19.742065,19.619831,25.391994,26.62829,30.578829,32.52482,35.49436,32.83059,36.683304,35.47802,36.767944,33.967857,30.090603,30.12626,26.241634,29.287766,23.806383,26.327272,27.250406,23.81981,22.200855,18.380354,16.47796,14.134073,10.058208,11.432259
7,20.409584,18.106747,14.270615,12.918252,9.622386,6.909365,6.097482,0.0,4.87961,5.6014147,9.292923,10.693676,13.551796,11.947873,17.275969,15.151925,16.996534,19.819094,22.127287,25.806332,28.783463,30.932716,34.46639,32.27324,32.022217,30.141108,27.829508,26.925022,23.233725,26.03661,19.304272,23.589033,17.981619,19.439745,18.862972,15.829657,12.768902,15.612491,15.381574,12.690356,10.589401,16.246077,15.081361,10.438118,12.589875,18.199043,15.062381,12.284589,16.57148,14.389974,17.702461,20.374466,22.05291,21.293173,23.962208,25.992336,22.042894,25.877453,27.593664,21.808962,21.774088,26.314032,28.08174,27.898655,22.594389,21.59925,26.823792,25.981009,23.007763,27.65072,29.505257,27.142141,25.4488,30.432522,26.559101,31.216959,29.2861,25.780472,28.312077,24.052292,23.612064,24.085627,20.532475,20.342138,19.02467,23.752108,22.067827,28.024792,28.40044,32.192806,33.13175,36.63879,33.135475,36.810738,35.453644,36.561897,33.38436,29.646553,30.700634,26.931824,31.164515,25.77528,29.17441,30.634382,27.566109,25.393177,22.581707,19.280418,17.399704,13.125804,13.307157
8,23.720325,20.946,17.689404,15.031227,12.227373,10.293604,7.3098397,4.87961,0.0,4.756444,6.5223823,8.801872,10.474882,9.067134,13.563919,10.700426,13.193823,15.500259,18.765602,21.727545,25.040382,27.368128,30.88343,28.122839,27.793205,25.95058,23.293488,22.297506,18.464737,21.273912,14.451712,18.989115,13.897023,15.517235,14.375737,11.026964,8.382762,11.711296,10.950534,8.001271,7.0174136,12.821653,11.265647,7.5279503,10.542631,15.611319,13.182935,11.517363,15.6924,13.788277,15.687579,18.654144,20.79205,19.588118,21.62018,22.939682,18.645676,22.135302,24.353474,18.899319,17.672186,22.490227,24.031546,24.335985,19.056473,17.425007,22.491125,21.413343,18.339682,23.196514,24.772915,22.291288,20.739862,25.85099,22.219172,26.98384,25.25049,22.091755,24.935308,21.195168,21.088789,22.334364,18.549648,17.488338,15.450523,20.273998,17.764502,23.677763,23.739637,27.475147,28.264091,31.867916,28.32665,32.058044,30.850895,32.14933,29.092134,25.503513,26.452925,23.07707,27.125427,21.987001,25.540808,27.081402,24.473074,22.182314,20.319176,16.27331,15.526608,11.211459,12.543709
9,25.634796,23.078087,19.595583,17.761164,14.37192,12.480928,9.942942,5.6014147,4.756444,0.0,4.3071985,5.1121354,8.264551,7.48711,13.598889,12.676049,15.479343,18.3057,21.751545,24.619587,28.228094,30.26488,34.211758,31.075445,30.310818,27.981028,25.665966,23.948938,20.381832,22.382858,16.139065,19.781473,13.378544,15.758342,16.088455,12.866322,9.820666,14.066357,14.422283,11.581629,10.634541,17.058966,15.693792,12.277175,14.954286,20.332775,17.755505,16.03029,20.251127,18.037285,20.12752,23.394648,25.317528,23.920555,26.219315,27.482243,23.124014,26.385885,28.634705,23.089432,21.509516,26.218714,27.239466,27.498728,22.194118,20.401985,25.028769,23.480453,21.164515,26.491009,27.34595,24.511578,23.830288,29.179998,25.991276,30.821188,29.211052,26.399225,29.180561,25.727612,25.410547,26.575039,22.513529,21.518862,19.587294,24.066887,21.332739,27.02538,26.57545,30.215729,30.3646,33.64664,29.645897,33.000137,31.319838,32.11973,28.730213,25.017984,26.682194,22.9358,28.03488,22.826027,26.88043,28.85777,26.17549,23.511524,21.895237,17.386053,16.229544,12.314792,11.917548
10,29.527405,26.888199,23.43795,21.2472,18.103682,15.96919,13.300475,9.292923,6.5223823,4.3071985,0.0,3.8352313,5.9122467,6.990799,12.411789,11.47646,15.244749,17.271318,21.878332,23.709055,27.705807,29.899347,33.76814,29.895456,28.960842,26.609804,23.836391,21.670687,17.950623,19.289307,13.203995,15.863546,9.217341,11.659431,12.60178,9.845049,6.6646886,11.389963,12.513136,10.252584,9.727882,16.13876,15.174826,12.973972,15.286648,20.491396,19.052603,17.728823,21.478285,19.119957,20.154148,24.17005,25.867506,23.888067,26.012453,26.793617,22.351328,25.085629,27.413015,22.087246,19.685463,24.18633,24.622608,25.051613,19.891573,17.736921,21.858694,20.011377,18.352537,23.953207,24.251328,21.378567,21.430893,26.991695,24.24333,29.1964,28.04861,25.645466,28.89127,25.946709,26.10499,27.885492,23.844448,22.143772,19.50646,23.973948,20.188818,25.6019,24.50582,27.888453,27.376026,30.918917,26.522564,29.750566,28.13645,28.986773,25.54248,22.126562,24.24982,21.053219,26.429893,21.689487,26.103226,28.299212,26.214155,23.360823,22.893656,17.629435,17.591692,13.996967,14.122692
11,30.322063,27.596004,24.40248,22.306473,18.908827,17.539568,14.312761,10.693676,8.801872,5.1121354,3.8352313,0.0,4.0976367,5.2325745,11.389725,12.268846,15.583766,18.286804,22.435051,24.506737,28.542429,30.354488,34.629997,30.751398,29.485516,26.735388,24.61427,22.108057,18.93142,19.95244,14.761413,17.529331,10.482581,14.1143875,15.423346,12.226026,9.920036,14.979393,15.6805,13.004736,13.318818,19.53097,17.991982,15.713997,18.618805,23.45886,21.207825,20.266537,24.386843,22.294836,23.575949,26.988623,29.142756,27.40679,29.312347,29.930162,25.383085,28.070185,30.760695,25.632864,22.805492,27.512962,27.862894,28.57116,23.490738,21.023027,24.837067,22.600664,21.003633,26.74586,26.573544,23.298805,23.645884,29.113451,26.68651,31.478392,30.13984,28.04087,30.848515,28.170565,27.86819,29.474575,25.119572,23.608313,21.386145,25.356617,21.951971,27.123413,25.933136,29.329681,28.725697,31.584991,27.182549,30.099913,28.031525,28.419203,24.823902,21.141943,23.461897,19.744602,25.69966,20.8217,25.399887,27.84266,25.573746,22.532808,22.08789,16.760443,16.327967,13.280432,12.291408
12,32.631477,29.57832,26.827934,24.031073,20.897783,20.100069,15.994098,13.551796,10.474882,8.264551,5.9122467,4.0976367,0.0,3.7016473,8.017489,9.784097,13.296053,15.666035,20.253935,21.645954,25.888235,27.588993,31.961632,27.658834,26.145952,23.244804,21.221674,18.394903,15.522709,16.217623,11.797876,14.778727,8.202768,12.937502,13.84344,10.259655,9.408605,14.735451,14.786158,12.144501,13.970254,19.330387,17.345764,16.132057,19.452963,23.304487,21.252958,21.229414,25.22406,23.571552,24.066006,27.113947,29.744734,27.955835,29.192554,29.16433,24.52268,26.749134,29.95759,25.449345,21.541374,26.372389,26.472528,27.771341,22.977388,19.860743,23.13348,20.463245,18.89722,24.719973,23.965029,20.359232,21.096134,26.44476,24.551062,29.160105,27.923368,26.403748,29.087114,27.096176,26.803898,28.809177,24.341986,22.36758,19.96873,23.42275,19.668247,24.363585,22.815006,26.079885,25.286278,27.786743,23.38231,26.190022,24.020016,24.382559,20.829659,17.092226,19.380497,15.801517,21.870274,17.255316,22.030178,24.644957,22.79359,19.6222,20.16708,14.343966,14.934447,12.537846,12.189801
13,29.767374,26.542997,24.16848,21.10281,18.03602,18.007896,13.246339,11.947873,9.067134,7.48711,6.990799,5.2325745,3.7016473,0.0,6.5589414,8.297943,10.9054165,14.131499,17.757582,20.021162,23.970402,25.517456,30.018208,26.321304,24.950462,22.069197,20.511206,18.23187,15.525403,17.173195,12.489766,16.95156,11.084839,15.5615015,15.433183,11.105405,10.521086,15.801508,14.808506,11.502924,13.794877,18.857853,16.199854,14.541235,18.508327,21.911198,18.919897,19.2276,23.542625,22.329716,23.211706,25.359283,28.52469,27.228008,28.220818,28.290472,23.631302,26.185144,29.60988,25.171679,21.483246,26.667318,27.309784,28.712774,23.814205,20.734722,24.467451,22.01995,19.59821,25.187717,24.925013,21.293709,21.200584,26.305096,24.085596,28.529116,26.828306,25.121267,27.303492,25.14033,24.392353,26.068796,21.465334,19.862558,18.021544,21.298815,18.434174,23.332598,22.412802,25.965864,25.972467,28.15032,24.307827,27.339613,25.21861,25.684795,22.357176,18.333412,19.749708,15.631814,21.106058,15.933999,20.341248,22.735044,20.360977,17.319115,17.022354,11.549851,11.495963,8.914059,8.619229
14,33.09452,29.456259,27.9309,23.916893,21.518278,22.389769,16.824867,17.275969,13.563919,13.598889,12.411789,11.389725,8.017489,6.5589414,0.0,5.826089,7.2430997,9.929457,13.635135,14.83409,18.95674,20.166475,24.883047,20.739454,18.972898,15.80565,14.850711,12.424231,10.776825,12.584887,9.998432,15.430423,12.074211,16.906994,15.591659,11.036708,12.87869,17.55275,15.208991,12.225997,16.513884,19.628479,16.196701,16.322985,20.693573,22.089512,19.291756,21.200142,25.113209,24.787893,24.566353,25.642267,29.643204,28.513002,28.292105,27.321959,22.728256,24.51119,28.789629,25.605347,20.485157,25.758652,26.26568,28.608292,24.354637,20.50656,23.369114,20.524235,17.762964,22.94235,21.993168,17.953766,17.965368,22.408422,21.081749,24.895315,23.149208,22.508091,24.083328,23.221664,22.307888,24.517023,19.894676,17.649364,15.903568,17.773373,14.927695,18.71475,17.55645,20.96428,21.242374,22.436758,19.168442,22.129,19.97431,20.556755,17.688639,13.552616,13.81333,9.671534,14.564367,9.452895,14.053668,16.651052,14.918726,11.702691,13.335527,7.166039,9.683289,9.10871,10.503744
15,30.596415,27.004507,25.335314,20.994762,19.07862,19.435297,14.211879,15.151925,10.700426,12.676049,11.47646,12.268846,9.784097,8.297943,5.826089,0.0,4.577688,6.019465,11.086425,12.311397,16.409521,18.50979,22.503004,18.605413,17.678429,15.479204,13.052964,11.833135,8.623919,12.077632,6.9564195,13.753997,11.479376,14.842766,12.055408,7.267374,9.581857,13.298239,9.938978,6.9360976,11.919755,13.998153,10.417848,11.237165,15.46453,16.363832,14.303651,16.348654,19.816696,19.657434,18.949745,20.104193,23.994534,22.840136,22.473303,21.564983,16.94449,18.952599,23.101448,19.900064,15.001038,20.432276,21.43482,23.647964,19.356167,15.706233,19.225487,17.028887,13.328326,18.278513,18.410698,14.909901,13.677632,18.38006,16.16769,20.363943,18.589413,17.279676,19.460764,18.063694,17.726742,20.277359,15.988752,13.287837,10.73716,13.710897,10.185408,15.085645,14.513498,18.287968,19.294205,21.793524,18.781807,22.51211,21.300446,22.804125,20.298758,16.753405,16.490807,13.654319,16.653624,11.947791,15.579172,17.339169,15.732796,13.228709,14.002178,8.710426,11.256536,9.100605,12.343156
16,29.487244,25.643114,24.824339,19.999119,18.585556,20.14774,14.396804,16.996534,13.193823,15.479343,15.244749,15.583766,13.296053,10.9054165,7.2430997,4.577688,0.0,4.702173,6.9594307,9.662611,13.188993,14.888223,19.206053,16.217176,15.425789,13.290503,12.097511,11.998956,10.069873,14.190785,10.605835,17.634113,15.966104,19.349651,16.180899,11.586568,13.894695,17.189533,13.075608,10.083736,15.05544,16.060524,11.721673,12.538611,17.224323,16.687887,13.37779,16.55264,20.066525,20.802614,20.282969,19.708054,24.50587,24.091976,23.011988,21.886484,17.52798,19.575659,24.130266,21.607002,16.89446,22.376482,23.88914,26.364412,22.361559,18.830763,22.284624,20.313965,16.045832,20.116882,20.560728,17.175297,15.069147,18.740173,16.562592,19.986492,17.50099,16.43189,17.365234,16.359863,15.1223545,17.383564,12.869365,10.4543295,9.245235,10.829779,9.452337,13.815687,14.317272,18.220795,20.363085,21.893923,19.969004,23.654482,22.487349,23.971518,21.920868,18.296274,16.83401,13.71935,15.177292,10.15479,12.664132,13.921732,11.72506,9.633371,9.738273,5.4739547,8.458664,7.4795384,11.567205
17,32.345303,28.573174,27.709715,22.741941,21.732233,22.732855,17.52046,19.819094,15.500259,18.3057,17.271318,18.286804,15.666035,14.131499,9.929457,6.019465,4.702173,0.0,6.771444,6.4710116,10.575029,13.0173235,16.631086,12.779338,12.308634,10.918384,8.28096,9.033346,6.823886,11.616012,8.715657,15.582047,15.925816,18.46051,14.472236,10.728121,14.05389,16.169117,11.600757,9.848496,15.223451,14.533258,10.48801,13.172069,17.07838,15.30844,13.782518,17.367275,19.930399,20.877516,19.155235,18.683525,23.327703,22.636683,20.860159,18.93898,14.760116,15.980437,20.890072,19.312813,13.697861,18.911093,20.287941,23.229935,19.860716,16.08945,18.901735,17.079578,12.557846,15.992495,16.40807,13.272219,10.691068,14.054434,12.194475,15.5096855,13.332218,12.899943,14.311789,14.248663,13.916041,17.091808,13.34445,9.854349,7.4263854,8.553589,5.226744,9.396002,9.749091,13.714442,16.208714,18.242943,16.65558,20.649557,20.167002,22.26631,20.691385,17.734093,15.827513,14.182039,14.279754,10.644633,12.590982,13.439952,12.652131,11.133996,12.787126,9.294051,12.97977,12.097015,16.213404
18,30.297112,26.326275,26.671448,21.326025,21.087545,23.550697,18.096165,22.127287,18.765602,21.751545,21.878332,22.435051,20.253935,17.757582,13.635135,11.086425,6.9594307,6.771444,0.0,6.0459275,7.345551,8.846045,12.904837,11.7709465,11.923936,11.111715,11.199875,13.409981,12.937364,17.517065,15.45147,22.334686,22.216568,24.984114,20.983036,17.059,19.760828,21.910986,17.008722,14.859266,19.694002,18.501486,13.996822,15.760076,20.005482,16.905893,13.482111,18.120882,20.693037,22.724419,21.692303,18.813467,24.501337,24.961807,22.530533,20.737307,17.26141,18.791044,23.719942,22.76366,18.311413,23.293837,25.406837,28.274902,25.096294,21.834005,24.862381,23.454746,18.618906,20.934694,21.98154,19.279442,15.923409,17.578959,15.623692,17.454315,14.14225,13.76668,12.62196,12.955888,10.793736,13.0786705,9.292295,6.922344,8.031809,5.7818203,8.658879,10.955768,13.371396,16.966537,20.836973,21.479095,21.381714,25.054436,24.545786,26.410091,25.281153,22.188679,19.242443,17.096146,15.367175,11.77159,11.279696,10.702363,8.708137,8.841552,8.474093,8.8248825,11.541175,12.044083,16.37079
19,35.793427,31.902555,31.887323,26.590008,26.226313,27.933493,22.684147,25.806332,21.727545,24.619587,23.709055,24.506737,21.645954,20.021162,14.83409,12.311397,9.662611,6.4710116,6.0459275,0.0,4.6060367,7.010228,10.478778,6.5904984,6.5708914,6.5845737,5.6666293,9.101637,9.711045,13.907433,13.876967,19.82861,21.608994,23.975481,19.724377,16.686848,20.321432,21.827404,17.063744,15.958734,21.183012,19.106638,15.231552,18.478952,22.053114,18.449944,17.137587,21.643116,23.493395,25.307379,23.064604,20.992752,26.162169,26.010729,23.021631,20.169485,16.985924,17.103853,22.431795,22.611586,16.875845,21.242546,22.706285,26.232382,23.885618,20.203306,21.960232,20.373898,15.973495,17.53872,17.72972,15.157143,12.175887,12.823532,12.376929,13.495802,10.883501,12.423194,11.791238,14.12929,13.400872,16.727839,13.973907,10.60925,9.840485,6.8106856,6.751936,5.9849887,7.919315,11.166216,15.331328,15.69539,16.254656,19.912256,19.995934,22.32957,21.829094,19.542383,16.066893,15.605867,12.402635,10.826018,10.018992,9.397371,10.149787,10.261029,13.068819,12.029811,16.045622,16.571333,20.701004
20,36.297607,32.4213,33.04138,27.615181,27.82933,30.01655,24.952404,28.783463,25.040382,28.228094,27.705807,28.542429,25.888235,23.970402,18.95674,16.409521,13.188993,10.575029,7.345551,4.6060367,0.0,3.5708795,6.095805,5.244633,6.8872623,8.603201,9.199702,13.187883,14.19033,18.22889,18.314867,24.169483,26.11276,28.261703,23.78337,20.89343,24.35267,25.496984,20.509556,19.526976,24.468637,21.637606,17.813766,21.004208,24.369196,19.701841,18.231405,23.171642,24.541294,27.001661,24.743362,21.356638,26.859413,27.31089,23.683329,20.64483,18.260426,18.169035,23.370083,24.389608,19.355816,23.235184,25.122553,28.635283,26.707527,23.413958,25.110367,23.975357,19.42821,19.929188,20.678911,18.742937,15.207973,14.382155,14.001397,13.64534,10.491079,12.507376,9.944854,13.428215,12.199477,15.1849375,13.461973,10.774409,11.443644,6.4828634,9.615313,7.2568226,10.656161,13.0253315,18.083918,17.80518,19.556713,22.953743,23.37114,25.741282,25.676981,23.605886,19.671612,19.383726,15.008948,14.139295,11.774688,9.784008,10.729907,12.187998,14.099153,14.950138,18.38608,19.279589,23.499165
21,37.702053,33.758003,34.743824,29.315008,29.53646,32.181915,26.877443,30.932716,27.368128,30.26488,29.899347,30.354488,27.588993,25.517456,20.166475,18.50979,14.888223,13.0173235,8.846045,7.010228,3.5708795,0.0,5.346189,6.186004,7.0490146,8.493605,10.988372,14.633816,16.410156,20.067215,20.827845,26.66747,28.39484,30.970339,26.71792,23.588242,27.04806,28.596252,23.661356,22.382408,27.425877,24.988527,20.998508,23.830282,27.47258,22.956089,20.868082,25.872116,27.485987,30.030031,28.059128,24.376047,30.056425,30.683382,27.064213,24.092697,21.772047,21.715033,26.892206,27.913939,22.870403,26.775984,28.55985,32.14096,30.180222,26.777279,28.362078,27.00589,22.63487,23.272385,23.628574,21.484821,18.39435,17.402788,17.46773,16.784779,13.774114,15.969,12.877754,16.419054,14.621512,16.98544,15.258725,13.226391,14.5184145,9.48199,12.955655,10.422019,13.273288,15.213505,20.08509,18.671564,20.93081,23.884314,24.058332,26.106184,26.28249,24.219206,19.870344,19.510874,14.331447,14.01425,10.503175,7.742741,9.117222,11.375951,13.545165,15.402197,18.698515,20.351078,24.25032
22,39.975777,36.191536,37.37523,31.939579,32.6384,35.100006,30.276146,34.46639,30.88343,34.211758,33.76814,34.629997,31.961632,30.018208,24.883047,22.503004,19.206053,16.631086,12.904837,10.478778,6.095805,5.346189,0.0,6.754501,9.2836275,12.274266,13.749833,17.976355,19.603241,23.175528,24.023773,29.400152,31.958818,33.861603,29.234505,26.715664,30.22838,30.957232,25.952688,25.29585,30.034859,26.487686,22.996426,26.324554,29.302425,23.78336,22.698446,27.780668,28.515709,31.448162,28.943214,24.660212,30.103613,30.971159,26.681526,23.28372,21.96269,21.215977,26.07277,28.261904,23.699469,26.732494,28.700142,32.32046,31.122602,28.127037,29.278978,28.490007,24.161919,23.475592,24.323717,23.06355,19.50586,17.039099,17.43475,15.269708,12.476596,15.379509,11.361322,16.127522,14.931884,17.314915,17.05326,15.169688,16.498049,11.13677,14.941072,11.064811,14.559475,15.563057,21.05853,19.835192,22.98656,25.875044,26.777285,29.208128,29.813532,28.255922,23.843102,24.206528,18.59283,19.002642,15.50665,12.64823,14.386197,16.719757,18.471516,20.458694,23.616302,24.877098,29.014496
23,41.2709,37.412827,37.752964,32.37161,32.366795,34.126503,29.06679,32.27324,28.122839,31.075445,29.895456,30.751398,27.658834,26.321304,20.739454,18.605413,16.217176,12.779338,11.7709465,6.5904984,5.244633,6.186004,6.754501,0.0,3.326248,6.9780264,7.4619107,11.7124405,13.813796,16.821157,18.746733,23.453327,26.671167,28.596334,24.221489,22.031633,25.963917,26.798035,22.177917,21.789751,26.864256,23.796904,20.49655,24.324717,27.333645,22.736593,22.393454,27.096304,28.183483,30.352585,27.43201,24.844055,29.829443,29.781519,25.962542,22.290438,20.202084,19.031406,24.263626,26.049564,20.235748,23.411755,24.582497,28.547472,27.328526,23.788198,24.300728,22.982342,19.18864,19.026102,18.762245,17.077518,14.423362,12.359699,13.85018,12.519642,10.634933,14.256524,12.479035,16.889252,16.593193,19.928,18.459145,15.393883,15.017513,10.7926655,11.434412,6.5354238,8.543795,9.447171,14.58888,13.393738,16.234848,19.228775,20.199778,22.826298,23.445847,22.204195,17.947165,19.07898,13.661755,14.722547,12.25887,10.507132,13.270897,14.439537,17.998657,17.93834,22.018368,23.010479,27.031246
24,42.10511,38.1741,38.363537,33.037136,32.682686,34.461452,29.116798,32.022217,27.793205,30.310818,28.960842,29.485516,26.145952,24.950462,18.972898,17.678429,15.425789,12.308634,11.923936,6.5708914,6.8872623,7.0490146,9.2836275,3.326248,0.0,3.9349957,5.939973,9.528668,12.471247,14.950119,17.737923,22.280901,25.334566,27.72596,23.738853,21.351368,25.389671,26.740961,22.359413,21.709202,26.994205,24.67328,21.235258,24.842724,28.165998,24.270805,23.563992,28.11061,29.656599,31.512804,28.794825,26.736584,31.7123,31.425543,27.98245,24.462202,21.91746,20.927011,26.240456,27.502586,21.257664,24.736671,25.526974,29.555742,28.066322,24.19964,24.586391,22.765806,19.321207,19.930393,18.88167,16.58991,14.833624,13.5851555,15.376974,14.772127,13.175659,16.529783,15.275516,19.172226,18.674826,21.939266,19.835686,16.727661,16.129786,12.404309,12.207217,8.083745,8.578734,9.544949,13.743882,11.632034,14.275327,17.008387,17.560118,19.937174,20.587025,19.33535,14.863467,16.16674,10.410587,12.089035,9.65849,8.414025,11.780695,12.564352,17.077599,16.505285,20.867636,22.188997,25.883709
25,41.231136,37.249855,37.258633,32.05216,31.304888,33.13634,27.518806,30.141108,25.95058,27.981028,26.609804,26.735388,23.244804,22.069197,15.80565,15.479204,13.290503,10.918384,11.111715,6.5845737,8.603201,8.493605,12.274266,6.9780264,3.9349957,0.0,5.3589683,7.352091,10.77657,12.991138,16.004519,20.74555,23.056326,26.077993,22.560543,19.71716,23.679752,25.743088,21.598475,20.469896,25.891546,24.571182,20.900604,24.019514,27.752409,24.753122,23.413994,27.717962,29.85582,31.36582,29.08289,27.525515,32.535877,32.081528,29.177992,26.039568,22.914362,22.439705,27.786533,28.19077,21.757402,25.769913,26.371809,30.273148,28.229204,24.10716,24.786785,22.481075,19.20311,20.933413,19.44806,16.407053,15.354209,15.474783,16.87617,17.333883,15.664637,18.314007,17.552654,20.59882,19.781832,22.872404,20.00677,16.968584,16.241158,13.262393,12.464741,10.020871,9.581757,11.257991,14.229707,11.958567,13.388647,16.023518,15.713791,17.627703,17.855213,16.118734,11.588391,12.3554735,6.7892194,8.242334,6.2903547,6.2584186,9.5359745,9.539903,14.869371,13.593679,18.145103,19.751966,23.059528
26,40.23847,36.407135,35.84751,30.751572,29.940886,30.96367,25.797804,27.829508,23.293488,25.665966,23.836391,24.61427,21.221674,20.511206,14.850711,13.052964,12.097511,8.28096,11.199875,5.6666293,9.199702,10.988372,13.749833,7.4619107,5.939973,5.3589683,0.0,4.4564166,6.6093445,9.441569,11.925705,16.391577,19.569792,21.806128,17.921082,15.711363,19.883919,21.236023,17.21957,16.779541,22.0477,20.24666,17.105776,20.848246,24.008953,21.137321,21.011423,24.933313,26.674845,27.856848,25.049397,24.400927,28.831503,27.91349,25.152843,21.907543,18.695314,17.916222,23.167912,23.56458,16.821299,20.651375,21.055635,24.985096,23.102327,18.967058,19.451792,17.282106,13.962362,15.653534,14.21444,11.249048,10.040949,10.754436,12.13783,13.367714,12.302527,14.781441,15.452754,18.108595,18.281862,21.931139,19.196331,15.526019,13.527071,11.813501,8.652179,6.4904447,4.5897913,7.2103724,10.168053,10.4090605,10.605279,14.287086,14.635652,17.299881,17.120216,15.579443,12.154829,13.3189335,10.12551,10.338755,10.66202,11.117617,13.253476,12.545639,17.00408,14.403978,19.009745,19.423502,23.082134
27,41.19963,37.40058,36.416534,31.586891,30.25483,30.95685,25.713894,26.925022,22.297506,23.948938,21.670687,22.108057,18.394903,18.23187,12.424231,11.833135,11.998956,9.033346,13.409981,9.101637,13.187883,14.633816,17.976355,11.7124405,9.528668,7.352091,4.4564166,0.0,4.515575,5.6536365,9.770483,13.517825,16.471735,19.266367,16.186092,13.951707,18.140055,20.130169,16.877277,16.250252,21.452381,20.864422,17.935175,21.22968,24.504166,22.893625,22.635117,25.981474,28.183157,28.754692,26.21774,26.60637,30.686234,29.336788,27.266811,24.371832,20.727423,20.212412,25.213322,24.796606,17.82108,21.807865,21.593048,25.371952,23.12613,18.700949,18.992163,16.1022,13.684229,16.632128,14.167172,10.337474,11.038524,13.2105665,14.594006,16.707386,16.071339,18.002089,19.36352,21.291552,21.465899,24.998089,21.710844,18.101116,15.687817,15.114447,10.998981,10.502046,7.4277353,9.549097,9.911313,10.210325,8.307171,11.876466,11.359719,13.730782,12.990911,11.240241,8.436631,9.844925,8.663521,8.731721,10.906358,12.593522,14.434403,12.75442,17.721144,13.819611,18.518303,18.868832,21.91321
28,38.324825,34.678642,33.264595,28.632372,27.193499,27.33492,22.46479,23.233725,18.464737,20.381832,17.950623,18.93142,15.522709,15.525403,10.776825,8.623919,10.069873,6.823886,12.937364,9.711045,14.19033,16.410156,19.603241,13.813796,12.471247,10.77657,6.6093445,4.515575,0.0,4.912125,5.4730725,10.35781,12.976627,15.359957,11.897724,9.5756,13.831396,15.63294,12.426837,11.984703,17.054047,16.661692,14.002274,17.30966,20.325138,19.345139,19.523384,22.349981,24.524937,24.729113,22.213823,23.38013,27.043306,25.426022,23.848318,21.366388,17.387676,17.318678,22.048267,20.895845,14.034924,18.385136,18.300846,21.741673,19.011053,14.581339,15.609043,12.802657,9.882263,13.831563,12.066702,8.038794,8.328428,12.241732,12.362781,15.706709,15.107674,15.957956,18.33002,19.20624,19.79993,23.381636,20.003878,16.282795,13.114465,14.081412,8.691899,10.399936,7.5859714,10.612125,10.801526,13.410839,10.421204,14.456911,14.088307,16.493069,14.965903,12.805185,11.579566,11.7812605,12.582782,10.837092,13.80829,15.449294,16.23632,14.254547,17.963125,13.367974,17.635899,16.937597,20.163115
29,42.48734,38.90182,37.20141,32.812572,31.059137,30.847275,26.117788,26.03661,21.273912,22.382858,19.289307,19.95244,16.217623,17.173195,12.584887,12.077632,14.190785,11.616012,17.517065,13.907433,18.22889,20.067215,23.175528,16.821157,14.950119,12.991138,9.441569,5.6536365,4.912125,0.0,7.218763,8.355034,12.266361,14.702218,12.504617,11.362534,15.405102,17.229544,15.313306,15.276473,19.781582,20.01486,18.038448,21.168339,23.837088,23.541233,24.115978,26.520918,28.690186,28.44998,25.819208,27.781963,30.955511,28.903427,27.621649,25.05877,21.252645,20.713255,25.079557,23.984772,16.994352,20.583334,19.495544,22.972841,20.655561,16.151306,15.856019,12.340103,11.500998,15.454095,12.041679,7.7921824,10.830087,14.394518,15.648379,18.690865,18.858215,20.172907,22.749025,23.894447,24.669209,28.288868,24.891052,21.193419,17.95657,18.87605,13.40697,14.139976,10.284302,11.856417,9.561267,11.933096,7.2794647,10.7844305,10.065021,12.426112,10.74044,9.411968,9.381482,11.043588,12.834953,12.43059,15.860577,17.98226,19.35003,17.116234,21.587254,16.576323,20.855114,20.361475,22.889605
30,36.209732,32.833393,30.701052,26.596306,24.755703,23.98742,19.731215,19.304272,14.451712,16.139065,13.203995,14.761413,11.797876,12.489766,9.998432,6.9564195,10.605835,8.715657,15.45147,13.876967,18.314867,20.827845,24.023773,18.746733,17.737923,16.004519,11.925705,9.770483,5.4730725,7.218763,0.0,7.109891,8.116461,10.250562,6.998099,4.300518,8.551397,10.69125,8.523948,8.210472,12.586053,13.6134405,11.746633,14.335335,16.912598,17.735825,18.283136,19.91206,22.280256,21.612331,19.472301,22.163973,24.989677,22.86294,22.410372,20.799505,16.460161,17.159334,21.073915,18.49822,12.317609,16.878963,16.64689,19.266378,15.660351,11.345793,13.428255,10.577404,8.075585,13.615752,12.500779,8.817277,9.513356,14.868179,13.707628,18.15839,17.740606,17.241676,20.607576,20.057446,20.987492,24.323582,20.772076,17.310125,13.581622,16.43816,10.603301,14.279893,11.936182,14.91325,14.244601,18.067478,14.031375,17.852682,17.231676,19.281347,16.901653,14.444574,15.003114,14.233439,17.1329,14.291978,18.095877,19.978148,19.857597,17.458586,19.933332,14.581761,17.902967,16.008253,18.806341
31,41.933937,38.81821,36.15032,32.533993,30.476711,28.811857,25.370113,23.589033,18.989115,19.781473,15.863546,17.529331,14.778727,16.95156,15.430423,13.753997,17.634113,15.582047,22.334686,19.82861,24.169483,26.66747,29.400152,23.453327,22.280901,20.74555,16.391577,13.517825,10.35781,8.355034,7.109891,0.0,7.3421183,7.1210036,6.438696,8.366318,11.042071,11.63363,12.292035,13.47775,15.98193,17.163668,16.996296,19.605888,20.885387,22.48153,24.354872,25.207119,27.006952,25.624409,22.988659,27.11602,28.741093,25.806047,25.852459,24.156643,20.393936,20.188877,23.151743,20.815502,14.906616,17.670322,15.751321,18.100239,15.429637,11.447684,11.080936,7.35819,9.098091,14.089388,11.2460165,8.390342,12.099943,17.01388,17.013195,21.190697,21.984137,21.949036,25.94847,25.694435,27.269657,30.80066,27.572285,24.005413,19.988874,22.82109,16.505278,18.958942,15.514144,17.066717,13.998781,18.666435,13.456545,16.415934,16.12279,18.123161,15.697149,14.6924515,16.823961,17.494331,20.937555,19.400799,23.39412,25.506945,26.066547,23.575493,26.71213,21.105755,24.401585,22.480923,24.601791
32,37.575718,34.620728,31.582699,28.557356,25.903818,24.074707,20.757915,17.981619,13.897023,13.378544,9.217341,10.482581,8.202768,11.084839,12.074211,11.479376,15.966104,15.925816,22.216568,21.608994,26.11276,28.39484,31.958818,26.671167,25.334566,23.056326,19.569792,16.471735,12.976627,12.266361,8.116461,7.3421183,0.0,5.4864454,7.502139,6.715497,6.9629817,10.41679,11.917417,11.453928,13.064992,17.069979,16.4754,17.137867,19.01467,22.469143,22.83427,22.823805,25.626144,23.678867,22.571505,26.933323,28.641785,25.9518,27.041077,26.4312,22.113647,23.311457,26.106567,22.155708,17.528168,21.346262,20.377363,21.754473,17.627659,14.27362,16.283434,13.335962,13.440065,19.24579,17.752527,14.624276,16.720564,22.23451,20.98732,25.705439,25.55777,24.4976,28.21595,26.800213,27.677528,30.54176,26.696142,23.796785,20.229769,23.86453,18.379593,22.392307,19.821173,22.356548,20.29798,24.084688,18.970913,21.802937,20.408794,21.46044,18.126883,15.674828,18.533709,17.106285,22.381407,19.224567,23.919888,26.39693,25.779137,22.827028,24.77325,18.763365,20.889202,18.447569,19.530508
33,38.78204,36.120914,32.733654,29.977245,27.603786,24.904383,22.650747,19.439745,15.517235,15.758342,11.659431,14.1143875,12.937502,15.5615015,16.906994,14.842766,19.349651,18.46051,24.984114,23.975481,28.261703,30.970339,33.861603,28.596334,27.72596,26.077993,21.806128,19.266367,15.359957,14.702218,10.250562,7.1210036,5.4864454,0.0,5.208304,8.003724,7.3981686,7.6760783,11.066591,12.24788,12.288192,15.477309,16.387224,17.484715,17.88544,21.625496,23.506376,22.879705,24.794397,22.411108,20.694178,26.172153,26.778206,23.517908,25.0352,24.61878,20.779427,21.659464,23.503212,19.464596,15.634517,18.331146,16.86236,17.534132,13.680514,11.089746,12.747356,10.534337,11.907722,17.138422,16.127892,14.197393,16.334354,21.767431,20.31192,25.134222,25.59623,24.2366,28.665667,27.001211,28.624945,31.651411,28.380962,25.35907,21.35419,25.453842,19.521536,23.464033,20.890497,23.034346,20.698393,25.617401,20.52698,23.478762,22.87869,24.437706,21.481356,19.804916,22.498222,21.845358,26.334858,23.570578,27.919199,30.072271,29.68664,27.00225,28.77158,23.043598,25.17678,22.26868,23.784058
34,36.74433,33.878387,30.934587,27.584587,25.703007,23.457449,20.802206,18.862972,14.375737,16.088455,12.60178,15.423346,13.84344,15.433183,15.591659,12.055408,16.180899,14.472236,20.983036,19.724377,23.78337,26.71792,29.234505,24.221489,23.738853,22.560543,17.921082,16.186092,11.897724,12.504617,6.998099,6.438696,7.502139,5.208304,0.0,4.9002423,6.2960644,5.249645,6.69299,8.704086,9.966642,11.313218,11.997737,14.215687,14.7459755,17.2023,19.553143,19.612955,21.170748,19.425964,16.96917,21.840088,22.911705,19.860594,20.613775,19.768795,15.852743,16.604263,18.909271,15.337025,10.632736,13.914019,13.02507,14.399502,10.376526,6.779184,9.437077,7.463559,7.0212355,12.519078,12.318888,10.479197,11.501797,17.027348,15.179392,20.088606,20.463154,19.050251,23.552153,22.04671,23.885033,27.125568,24.149431,20.902027,16.714973,20.753677,14.69853,18.696947,16.502861,18.868778,17.445116,22.702145,18.274996,21.867949,21.777987,23.929033,21.43383,19.63959,21.176365,20.713589,23.98613,21.259085,25.05136,26.778214,26.512905,24.193008,25.890196,20.629507,23.140701,20.26906,22.725315
35,33.57761,30.454287,27.831799,24.17202,22.143972,20.662685,17.07639,15.829657,11.026964,12.866322,9.845049,12.226026,10.259655,11.105405,11.036708,7.267374,11.586568,10.728121,17.059,16.686848,20.89343,23.588242,26.715664,22.031633,21.351368,19.71716,15.711363,13.951707,9.5756,11.362534,4.300518,8.366318,6.715497,8.003724,4.9002423,0.0,4.323352,6.985716,5.748076,5.346811,8.638902,11.094341,9.934511,11.542137,13.682959,16.015709,16.692333,17.277117,19.765423,18.4587,16.834002,20.509764,22.704403,20.35803,20.834684,20.089771,15.625167,17.134476,20.288902,16.517126,11.605327,16.251915,16.337433,18.041224,13.6147375,9.922171,13.381622,11.211332,8.79852,14.5761,14.56687,11.69182,11.721104,17.358725,15.154904,20.073486,19.544262,17.993097,21.790682,20.121077,21.192099,24.185032,20.655815,17.589006,13.770252,17.786303,12.307273,17.040453,15.364658,18.471592,17.968052,22.246572,18.136118,21.893496,21.234447,23.104738,20.414047,17.770096,18.868925,17.422075,20.946054,17.41826,21.330463,23.146019,22.36366,19.914059,21.233051,15.893177,18.248005,15.426197,17.96438
