,0,1,2,3,4,5,6,7,8,9,10,11,12,13,14,15,16,17,18,19,20,21,22,23,24,25,26,27,28,29,30,31,32,33,34,35,36,37,38,39,40,41,42,43,44,45,46,47,48,49,50,51,52,53,54,55,56,57,58,59,60,61,62,63,64,65,66,67,68,69,70,71,72,73,74,75,76,77,78,79,80,81,82,83,84,85,86,87,88,89,90,91,92,93,94,95,96,97,98,99,100,101,102,103,104,105,106,107,108,109,110,111,112,113,114
0,0.0,4.268514,6.137398,9.550635,11.795808,14.057586,17.036257,21.13399,23.846489,26.576546,29.44911,30.967402,27.345444,26.825037,21.803514,22.55958,17.61997,18.734266,16.258318,16.624437,16.593107,12.383784,16.4128,17.441984,15.592309,17.815739,16.65562,19.386127,17.618908,22.292822,21.155825,27.06777,30.33265,33.843296,34.789303,38.127716,40.708607,38.22179,36.20527,32.646442,31.843971,27.07062,25.520226,20.552795,20.61726,16.44754,16.146519,13.353882,13.02962,14.747432,16.700985,18.3155,20.057272,24.099934,25.258278,29.904606,29.145548,31.412783,35.99367,35.00169,31.324526,36.305737,34.445362,35.148346,40.03715,35.98351,39.764446,36.973896,38.35558,33.52071,30.71781,27.599854,27.68813,24.48978,28.13199,24.25216,27.868,30.799234,32.381207,35.96806,35.330788,31.666777,33.857414,30.04736,29.430725,25.153244,26.79016,21.654041,22.672594,21.936369,22.87853,24.918835,21.784988,27.771679,29.174438,31.158604,29.742275,28.732775,29.888802,30.646963,32.537598,31.320778,35.95045,34.988995,40.02747,38.158005,42.458477,45.549606,45.147125,42.8643,42.676525,38.14909,41.441013,38.304363,41.80284
1,4.268514,0.0,5.314211,6.265168,8.826008,11.765091,14.369939,19.015245,20.997545,24.192982,26.62158,28.582905,25.13915,24.11893,19.246023,19.275043,14.22507,14.966067,12.1655655,12.462243,12.39437,8.3010235,12.791655,13.759774,13.0741205,14.98864,14.73734,17.011152,14.284514,19.050299,17.749651,23.6844,27.200737,30.257507,31.587769,34.798256,37.456516,35.200176,32.904648,29.272797,28.957338,24.227325,22.70537,17.955652,18.22303,13.972798,14.365517,11.833304,12.568214,14.439028,15.719449,18.152742,19.521498,23.410303,23.866856,28.427778,27.101633,29.607224,33.956432,32.821625,29.07307,33.71049,31.442247,32.150364,36.708794,32.629147,36.392727,33.52231,34.62186,29.838835,27.096462,23.678955,23.728483,20.283392,23.974388,20.15991,23.84702,26.878601,28.603722,32.1601,31.783092,28.034952,30.39824,26.514036,25.642105,21.509508,22.960102,17.745972,19.077703,18.440289,19.989693,22.201918,20.113247,25.549433,26.834293,28.571602,26.76241,25.443317,26.435034,26.833553,28.595493,27.215508,31.759838,30.743727,35.798817,34.013054,38.256588,41.319656,40.958313,38.734413,38.60088,34.185574,37.59729,34.631756,38.272884
2,6.137398,5.314211,0.0,5.1908193,6.5024147,8.302694,11.206117,15.04171,17.951788,20.49204,23.55697,24.932266,21.424086,21.122028,16.104378,17.176218,12.7555065,14.022871,13.020216,13.708672,15.141264,11.987796,17.000309,16.94395,16.962822,17.838562,16.431313,17.88593,14.337131,18.764969,16.682766,22.906616,25.064333,28.986757,29.515757,32.774273,35.54009,33.040688,31.396498,28.213436,26.865765,22.695074,20.457666,15.930655,17.494516,13.220515,14.258339,12.513447,12.415945,12.87719,13.51442,14.977721,15.506974,19.637524,20.969933,25.476444,25.002117,27.676105,31.9517,31.571842,28.060316,33.234196,31.162922,32.52094,37.119774,33.741283,37.698814,35.272205,36.642876,32.095222,28.698402,25.551361,24.631403,22.044327,24.402956,20.223227,23.574057,26.135916,27.478945,31.081266,30.010454,26.456087,28.431316,24.774323,24.729816,20.203362,22.808998,18.598827,20.081202,20.400707,21.776758,24.69501,22.638834,27.972628,28.59083,30.7267,28.734676,26.971693,28.886225,28.697622,30.900444,28.955517,33.410065,32.12369,36.727295,34.262447,38.694668,41.974358,41.578953,39.072563,39.474297,34.41712,37.8404,34.725716,38.09918
3,9.550635,6.265168,5.1908193,0.0,3.8009844,5.941014,8.860595,13.156949,14.940051,18.358582,20.400341,22.446487,19.057762,17.880728,13.067851,13.08513,8.171698,9.410254,7.8627625,9.371524,10.999442,8.56083,14.005741,14.065769,15.868412,16.366026,16.36482,17.12191,11.926771,16.327522,13.636527,19.985819,22.221123,25.390331,26.536612,29.488367,32.521595,30.449389,28.420126,25.214573,24.609127,20.72423,18.345457,14.465035,16.619856,12.434875,14.557635,13.300962,14.449316,15.144008,14.89738,17.280018,17.170506,20.927507,21.313194,25.563402,24.326448,27.352352,31.197649,30.672426,27.116682,31.708515,28.990799,30.377295,34.36488,30.981691,34.864258,32.303066,33.118023,28.708996,25.514027,21.798826,20.714777,17.549702,19.685057,15.420211,18.659813,21.451096,22.875631,26.473764,25.799208,22.170805,24.690487,20.942022,20.66163,16.280169,18.97319,14.879401,17.095877,17.67897,20.045845,23.072779,22.467882,26.950062,27.468048,29.16706,26.64496,24.427593,25.964502,25.124992,26.985903,24.692938,28.855122,27.351526,31.957218,29.601807,33.84645,37.09291,36.911182,34.535393,35.19649,30.338009,34.049896,31.295805,34.91576
4,11.795808,8.826008,6.5024147,3.8009844,0.0,5.382624,5.5702586,10.954144,12.372375,15.499835,18.291039,20.328865,17.434816,16.52272,11.916147,11.659681,7.94244,7.8979554,8.7114,8.780915,11.667047,10.549895,15.355495,14.102345,16.262407,15.773976,15.100874,15.071976,9.424907,13.455311,10.549934,16.936678,18.902075,22.543468,23.30622,26.471252,29.317907,27.038155,25.20343,22.091696,21.063917,17.227545,14.724666,10.810991,13.573714,9.574285,12.309418,11.864363,12.998998,13.001906,11.994441,14.443008,13.958872,17.48529,17.657682,21.826332,20.658522,23.76024,27.53086,27.230507,23.78156,28.552696,25.96735,27.667528,31.73575,28.772081,32.757206,30.540901,31.707869,27.488277,23.792961,20.570023,18.906902,16.898067,18.329962,14.157141,17.60551,19.938782,21.469969,25.0375,24.02252,20.305672,22.111845,18.363997,18.234327,13.70283,16.584423,13.109197,15.105949,16.343117,18.425064,21.912868,21.552752,25.69324,25.692427,27.622738,25.006063,22.546528,24.818964,23.734007,26.073912,23.600912,27.876057,26.45685,30.746643,28.004652,32.55583,35.904205,35.406773,32.793514,33.446136,28.181196,31.705385,28.729721,32.135323
5,14.057586,11.765091,8.302694,5.941014,5.382624,0.0,5.972589,7.638925,10.603225,13.528715,15.596751,17.051638,13.404072,12.835156,7.805613,9.50964,6.1091185,8.752997,9.98499,12.3533325,15.117937,13.831856,19.179634,18.677116,21.235558,20.983189,20.47497,20.299137,14.151475,17.558249,13.66217,19.923893,19.920088,23.739079,24.07343,26.740652,30.145813,28.08768,26.83002,24.401312,22.808039,20.200079,16.727907,14.113739,18.13814,14.476882,17.41848,17.07472,17.771988,17.24929,15.983611,17.358225,15.642341,19.224916,20.304123,24.08994,23.656168,26.996334,30.35838,30.764133,27.607054,32.386967,29.633226,31.766623,35.345974,32.859707,36.80957,34.716488,35.487045,31.525455,27.890205,24.32672,22.123257,19.780674,19.885586,15.366337,17.54951,19.649302,20.341396,23.906143,22.42927,19.237082,21.653168,18.375154,19.364374,14.7467165,19.185366,16.879875,19.45705,21.073532,23.523262,27.06816,26.93113,30.96855,30.845926,32.69985,29.868784,27.097912,29.296463,27.578735,29.611763,26.600258,30.264122,28.31447,32.19777,29.108051,33.291225,36.72089,36.72008,34.144238,35.70503,30.314674,34.154594,31.541033,34.884422
6,17.036257,14.369939,11.206117,8.860595,5.5702586,5.972589,0.0,6.4764066,7.2426534,9.998653,13.383153,15.297328,13.051727,12.506694,8.63961,8.423095,7.6149993,6.912324,10.911361,10.949996,14.829645,15.099316,19.45057,17.396263,20.466017,19.001305,18.066551,16.768877,10.34314,12.670853,8.559066,14.511705,14.387359,18.716513,18.718233,21.790968,24.809446,22.489748,21.265657,18.843763,16.931524,14.351441,10.7742,8.541981,13.442614,10.629164,14.266321,15.059124,16.043285,14.926153,12.579556,14.360628,12.226092,15.035215,15.149889,18.666725,17.910187,21.371016,24.504866,25.024763,22.020012,26.767946,24.102324,26.558016,30.129417,28.163702,32.16608,30.52023,31.719809,28.069048,23.899504,21.085434,18.23529,17.5839,16.945847,12.89901,15.5949135,17.016563,18.175957,21.618172,19.906317,16.403433,17.530502,14.103499,14.990157,10.306081,14.67093,13.38717,15.551221,17.94958,20.059393,24.02198,24.508287,27.773628,26.991756,28.988909,26.035677,22.989029,26.011137,24.012486,26.626474,23.521334,27.348148,25.67193,29.163063,25.699457,30.349438,33.84972,33.27876,30.408,31.716114,25.897493,29.39686,26.491272,29.562304
7,21.13399,19.015245,15.04171,13.156949,10.954144,7.638925,6.4764066,0.0,5.3166437,6.379529,9.37601,9.962505,7.049445,7.935387,4.8024073,7.7650695,9.366991,10.706762,14.809079,16.424177,20.115572,20.219465,24.985495,23.442047,26.743135,25.43224,24.480062,23.084787,16.634453,18.245316,13.719754,18.668234,15.683961,20.256834,19.317421,21.62291,25.201143,23.14888,22.981632,21.71808,18.885572,18.25708,13.833275,13.622718,19.220337,16.860582,20.418829,21.25065,21.782866,20.15278,17.66475,18.152563,14.680921,17.085672,18.320744,20.986122,21.345886,24.890285,27.318548,28.833307,26.374784,31.030222,28.36605,31.346312,34.294323,33.097435,36.995483,35.650475,36.532566,33.292156,29.14808,26.233074,22.818722,22.177235,19.959541,15.974707,16.926342,17.565588,17.494795,20.68056,18.031813,15.525612,16.845512,14.497796,17.070728,12.859916,18.659002,18.834461,21.324839,24.03051,26.319818,30.336134,30.958843,34.105392,33.10749,35.07944,31.970982,28.656898,31.72361,29.103098,31.4727,27.852592,30.92103,28.738298,31.477732,27.50804,31.691956,35.253025,35.147003,32.275993,34.662235,28.688786,32.34686,29.877579,32.64349
8,23.846489,20.997545,17.951788,14.940051,12.372375,10.603225,7.2426534,5.3166437,0.0,4.595781,6.2368464,8.767615,7.854088,6.874619,6.2025657,5.2695675,9.303566,8.774478,14.018267,14.914345,18.84732,20.20216,24.171349,22.097273,26.31197,24.389517,24.098806,21.981441,15.124303,15.63835,10.903832,14.810358,11.191434,15.143103,14.618759,16.726065,20.488338,18.824999,18.302898,17.224852,15.042531,15.159283,10.752416,12.161402,17.909708,16.362522,20.344042,21.686836,22.879717,21.467564,18.541573,19.854073,16.572773,18.144161,17.905481,19.985416,19.376425,23.075514,24.873566,26.22237,23.91574,27.819506,24.700764,27.802526,30.075598,29.24457,32.986694,31.826143,32.44075,29.631119,25.527153,22.743647,18.847528,18.933657,15.594606,12.175165,12.709465,12.751146,12.892702,16.004637,13.452926,10.601713,11.675542,9.187006,12.002544,8.218878,14.391814,15.926052,18.563568,21.72442,24.351067,28.383577,30.130157,32.29726,30.986696,32.632595,29.212109,25.559025,28.629019,25.393993,27.693926,23.798634,26.482204,24.261702,26.574947,22.412842,26.657711,30.231657,30.00257,27.076382,29.647121,23.642164,27.349892,25.141401,27.916023
9,26.576546,24.192982,20.49204,18.358582,15.499835,13.528715,9.998653,6.379529,4.595781,0.0,6.2021503,6.6625404,7.328571,8.455577,8.986397,9.6385565,13.580863,13.201218,18.469164,19.03185,23.0996,24.31235,28.316181,25.918795,29.762775,27.60839,26.61005,24.261623,18.065851,17.988342,13.6941395,16.615486,11.246781,16.14287,14.116862,16.13847,19.647554,17.657,18.308907,18.0973,14.530223,15.841791,11.246188,13.539166,19.510332,18.502337,22.28569,23.96103,24.675873,22.637484,19.426298,19.829714,15.815317,16.662756,17.010597,18.34575,18.790535,22.347153,23.716228,25.905117,24.115599,28.22385,25.611555,29.131052,31.381317,31.271252,34.9824,34.294376,35.272446,32.740276,28.344826,26.183195,22.028807,22.994207,19.277857,16.339853,16.581745,15.849699,15.540436,18.09541,14.725671,12.781093,12.245778,10.940751,14.49532,11.425085,17.267801,19.461422,21.606619,24.97869,27.070654,31.248539,32.70376,34.82954,33.150814,35.058495,31.786995,28.153025,31.776686,28.549696,31.154217,27.279898,29.846983,27.72385,29.458729,24.94617,29.161062,32.715767,32.28832,29.197231,31.952501,25.67624,28.962795,26.644423,28.84046
10,29.44911,26.62158,23.55697,20.400341,18.291039,15.596751,13.383153,9.37601,6.2368464,6.2021503,0.0,4.1771326,5.8533735,4.784093,8.584614,8.289295,13.518064,13.686452,18.468496,20.066284,23.703255,25.334549,29.183819,27.38129,32.054882,30.090816,30.138643,27.804636,20.916632,20.815496,16.233068,18.723946,13.11994,15.873915,14.892503,15.473707,19.794643,19.005707,19.295586,19.527212,17.375397,19.348461,15.0738945,17.824165,23.58431,22.437794,26.45535,27.892702,29.101906,27.575918,24.529976,25.487034,21.740917,22.76435,22.633749,23.791258,23.493004,27.115337,27.967138,29.883924,28.124697,31.366241,28.079908,31.46611,32.724403,32.683872,36.117233,35.269825,35.362267,33.189445,29.360067,26.578146,22.33929,22.57218,17.75754,15.202014,13.677758,12.4317875,10.982965,13.222264,9.628173,8.678547,9.955487,9.624757,13.731809,11.725644,17.84451,20.683365,23.487835,26.820463,29.707336,33.66245,35.975,37.642853,36.12737,37.52791,33.90016,30.009125,32.89531,28.99145,30.872526,26.583912,28.191252,25.558416,26.765371,22.264837,25.70719,29.18448,29.465643,26.690079,30.409058,24.645884,28.397736,26.96086,29.380394
11,30.967402,28.582905,24.932266,22.446487,20.328865,17.051638,15.297328,9.962505,8.767615,6.6625404,4.1771326,0.0,4.6163406,6.4184985,10.063873,11.525688,16.213318,16.969631,21.641342,23.402523,27.110676,28.297606,32.498173,30.733831,35.032578,33.15299,32.690434,30.453835,23.814564,23.81903,19.29337,21.868607,15.669324,19.089703,17.200369,17.682549,21.759308,20.745422,21.850178,22.486244,19.44417,21.769373,17.320152,19.989346,25.930695,24.743856,28.615004,30.0514,30.846405,28.954002,25.9004,26.149883,21.976727,22.852991,23.5133,24.41237,24.994127,28.494091,29.261707,31.722643,30.199574,33.776188,30.86917,34.45519,35.884136,36.112507,39.59025,38.916767,39.241753,37.061295,33.056656,30.46143,26.199873,26.54972,21.899332,19.228085,17.819738,16.540108,14.848186,16.703379,12.771027,12.602435,13.097019,13.317357,17.574892,15.449172,21.571741,24.272726,26.903534,30.2488,32.85021,36.915188,38.76284,40.74201,39.140198,40.774765,37.276993,33.45441,36.61547,32.856438,34.900173,30.657335,32.31905,29.707075,30.744192,26.14744,29.458048,32.88332,33.176243,30.37208,34.20161,28.334366,31.866915,30.328045,32.436554
12,27.345444,25.13915,21.424086,19.057762,17.434816,13.404072,13.051727,7.049445,7.854088,7.328571,5.8533735,4.6163406,0.0,4.057594,6.3365536,9.446613,13.12766,14.944661,18.936996,21.397863,24.869389,25.412384,30.058647,28.834532,32.832825,31.459124,31.042923,29.344406,22.519476,23.445925,18.698719,22.513332,17.60226,21.227888,19.993223,21.007408,25.131714,23.874557,24.372513,24.214596,21.452293,22.56966,17.998745,19.432484,25.281229,23.361227,27.123257,28.08856,28.78662,27.13208,24.470388,24.76221,20.844252,22.555208,23.703947,25.426702,25.959873,29.546011,31.040688,33.101147,31.115435,35.13051,32.162518,35.456463,37.41039,36.910194,40.557007,39.446766,39.73711,37.06389,33.17163,30.084818,26.233171,25.593401,21.83949,18.42741,17.475151,17.169859,15.741996,18.235361,14.922176,13.977273,15.748502,14.896666,18.597898,15.561303,21.87203,23.410894,26.274366,29.258177,31.99561,35.983597,37.340786,39.941174,38.749653,40.437088,37.022083,33.369377,36.217796,32.822636,34.747795,30.639101,32.68615,30.024532,31.814936,27.55583,30.956425,34.425777,34.902668,32.2077,35.73046,29.967043,33.785294,32.05263,34.58743
13,26.825037,24.11893,21.122028,17.880728,16.52272,12.835156,12.506694,7.935387,6.874619,8.455577,4.784093,6.4184985,4.057594,0.0,5.062743,6.4482675,10.75945,12.45958,16.24206,18.980358,22.2251,23.173256,27.532194,26.50785,30.992025,29.650616,29.918228,28.192425,21.016632,21.957077,17.127224,20.906626,16.660816,19.33002,19.039505,19.85827,24.21086,23.351341,23.156221,22.71544,20.935953,21.80244,17.464214,18.928047,24.547188,22.581337,26.49664,27.373363,28.532272,27.321898,24.723457,25.731787,22.24183,24.086996,24.50015,26.398947,26.110687,29.797888,31.276747,32.844337,30.664913,34.25099,30.863573,33.92572,35.56201,34.799667,38.341187,37.01659,36.902447,34.27796,30.703304,27.270174,23.522917,22.4259,18.496288,15.150392,13.747463,13.6634445,12.206761,14.933043,12.166218,10.895034,13.845506,12.673947,16.035103,13.223525,19.448269,21.014675,24.185978,27.082531,30.245445,34.069225,35.96462,38.24911,37.20558,38.585514,35.002945,31.272594,33.671387,30.06421,31.647,27.450396,29.248112,26.45263,28.34356,24.294277,27.532667,30.977152,31.663105,29.129284,32.72555,27.26492,31.340328,29.8888,32.722866
14,21.803514,19.246023,16.104378,13.067851,11.916147,7.805613,8.63961,4.8024073,6.2025657,8.986397,8.584614,10.063873,6.3365536,5.062743,0.0,5.0014467,6.9210353,9.562486,12.841262,15.767676,18.963367,19.180973,23.987848,23.18202,27.09424,26.133818,26.151941,24.939564,17.893585,19.762947,14.983142,19.991642,17.314674,20.653831,20.621994,22.316954,26.351742,24.933006,24.288027,22.985487,21.189495,20.666958,16.414486,16.392248,21.714693,19.099895,22.791592,23.275505,24.279287,23.256598,21.044361,22.137476,19.094103,21.638552,22.388859,25.0667,24.767424,28.417494,30.671389,31.836525,29.23885,33.374474,30.177248,32.936195,35.36879,33.905754,37.660446,36.006237,36.21888,33.02438,29.373985,25.77901,22.527077,20.833447,18.372816,14.254241,14.338372,15.363765,14.900273,18.167538,16.008394,13.671625,16.533285,14.229531,16.684204,12.786415,18.738853,18.84776,21.949627,24.457577,27.44892,31.22996,32.414177,35.36667,34.65894,36.22971,32.877975,29.44317,31.789675,28.831738,30.598824,26.768064,29.34972,26.818647,29.608427,25.902107,29.59418,33.08099,33.51456,30.937605,33.747963,28.227287,32.29745,30.344059,33.445415
15,22.55958,19.275043,17.176218,13.08513,11.659681,9.50964,8.423095,7.7650695,5.2695675,9.6385565,8.289295,11.525688,9.446613,6.4482675,5.0014467,0.0,5.47158,6.0838237,10.226925,12.577199,15.871164,17.21766,21.26046,20.099121,24.78984,23.434643,24.190132,22.570124,15.214003,16.56939,11.796524,16.31581,14.415005,16.712164,17.650036,19.286356,23.313437,22.240189,20.855228,19.260944,18.565796,17.931932,14.130532,14.601008,19.594637,17.405092,21.337132,22.069666,23.714762,23.078775,20.6977,22.66848,20.079136,22.257734,21.812132,24.347456,23.037813,26.72917,28.740793,29.4055,26.737358,30.233183,26.618923,29.19735,31.213963,29.665155,33.292645,31.57494,31.501125,28.48133,25.011635,21.295092,17.927448,16.314337,13.388587,9.383567,9.477194,10.739787,10.924656,14.443079,13.013975,9.885671,13.250755,10.391188,12.174715,8.513739,14.290286,14.8634405,18.210203,20.863728,24.24605,27.9223,30.003836,32.2294,31.450424,32.683094,29.10949,25.501768,27.59845,24.285995,25.88941,21.926132,24.365786,21.83706,24.683483,21.085028,24.904459,28.396847,28.723213,26.17945,28.855402,23.497728,27.697086,25.936125,29.252337
16,17.61997,14.22507,12.7555065,8.171698,7.94244,6.1091185,7.6149993,9.366991,9.303566,13.580863,13.518064,16.213318,13.12766,10.75945,6.9210353,5.47158,0.0,4.591923,5.9445434,9.563099,12.232848,12.464631,17.16845,16.837149,20.955328,20.402103,21.352137,20.63522,13.53549,16.36262,12.099335,17.828852,18.037739,20.415485,21.789766,23.91168,27.620247,26.253366,24.383396,21.956211,21.62458,19.475105,16.203884,14.738659,18.758139,15.617758,19.091017,19.031488,20.698523,20.689117,19.078949,21.379364,19.680786,22.648746,22.484901,25.834183,24.374857,27.906647,30.698002,30.759176,27.617266,31.469646,27.99683,30.005453,32.719402,30.216068,33.943703,31.693483,31.7066,28.035547,24.8501,20.68986,18.349873,15.308383,14.751448,10.192022,11.853369,14.380784,15.201999,18.793402,18.075853,14.73595,18.180353,14.8135605,15.36057,11.26322,15.685098,13.94932,17.304085,19.102188,22.51179,25.894625,27.233599,30.255335,30.107845,31.370821,28.07052,24.923706,26.487148,24.017447,25.47697,22.076942,25.174335,22.920067,26.754028,23.88197,27.736887,31.09713,31.417679,29.07225,30.964376,25.991356,30.18426,28.144297,31.78219
17,18.734266,14.966067,14.022871,9.410254,7.8979554,8.752997,6.912324,10.706762,8.774478,13.201218,13.686452,16.969631,14.944661,12.45958,9.562486,6.0838237,4.591923,0.0,5.6596904,6.54224,10.15696,11.876795,15.553795,14.053755,18.760286,17.409094,18.557667,17.199387,9.846788,12.088779,7.892319,13.412655,14.682051,16.720297,18.527737,20.950829,24.296583,22.891634,20.552444,17.752436,18.01335,15.491807,12.753437,11.482063,15.204839,12.656425,16.396036,16.879196,19.005909,19.051533,17.09611,20.00679,18.607573,21.055466,19.896257,23.068754,20.902481,24.392883,27.050735,26.764978,23.596962,27.118866,23.517765,25.462345,28.143854,25.655296,29.401001,27.25599,27.460041,23.865576,20.440414,16.543575,13.933566,11.7217045,11.152741,6.6774106,9.711439,12.1610985,13.875913,17.42019,16.995789,13.120233,15.801187,11.986848,11.611328,7.470001,11.192978,9.600139,12.982737,15.171673,18.642145,22.164288,24.166418,26.540754,26.109503,27.297678,23.86453,20.549702,22.398739,19.76647,21.562094,18.155245,21.590405,19.637527,23.533875,20.626417,24.941275,28.327707,28.15216,25.644077,27.052097,21.924665,25.964085,23.730782,27.402676
18,16.258318,12.1655655,13.020216,7.8627625,8.7114,9.98499,10.911361,14.809079,14.018267,18.469164,18.468496,21.641342,18.936996,16.24206,12.841262,10.226925,5.9445434,5.6596904,0.0,5.3582244,6.5806756,7.33485,11.447675,11.7468405,16.25289,16.128204,18.317232,18.091335,11.637791,15.017291,12.030048,17.438242,20.051535,21.3635,23.788725,26.067373,29.351225,28.129866,25.361162,22.161179,23.154411,19.907442,17.835823,15.524554,17.799416,14.596372,17.509596,16.951447,19.304626,20.315102,19.332119,22.559164,22.024193,25.002256,24.017025,27.626589,25.23007,28.487036,31.53376,30.637632,27.169127,30.504662,26.863735,28.073853,30.879892,27.465174,31.035767,28.247374,28.008465,23.95965,21.419455,16.78003,15.665932,11.17165,13.089773,9.028554,12.033141,15.416823,17.177101,20.60659,20.99374,17.306356,20.770542,17.027037,15.938951,12.514615,14.574756,10.981828,14.330781,15.142507,18.968338,21.753016,23.431608,26.284874,26.703236,27.549887,24.341381,21.577143,22.173826,20.26544,21.297773,18.50448,22.009321,20.172443,24.86433,22.947527,26.760628,29.865763,30.045933,28.002161,28.954664,24.73039,28.854532,26.851456,30.845
19,16.624437,12.462243,13.708672,9.371524,8.780915,12.3533325,10.949996,16.424177,14.914345,19.03185,20.066284,23.402523,21.397863,18.980358,15.767676,12.577199,9.563099,6.54224,5.3582244,0.0,4.253331,7.108477,9.425485,7.5331345,12.558736,11.423933,13.775981,13.096028,6.9670715,10.347167,8.658021,13.590449,18.00774,19.236916,21.844654,24.613407,27.229715,25.74824,22.571024,18.810738,20.285643,16.142933,15.127158,12.300399,13.291982,10.58741,13.353275,13.213729,16.07654,17.306524,16.256498,20.115192,20.245346,22.767864,20.902493,24.478424,21.440222,24.42898,27.601974,26.154654,22.555248,25.72347,22.224428,23.122103,26.35908,22.65294,26.330582,23.565891,23.915398,19.6446,16.709414,12.549343,11.751962,8.34784,11.686163,8.498931,12.936042,15.915437,18.43562,21.696917,22.146687,18.114113,20.380419,16.380379,14.281594,11.174985,11.2476,6.235574,9.154949,9.895167,13.647599,16.603659,18.652933,21.122074,21.37302,22.296606,19.11661,16.422668,17.433485,15.958216,17.677515,15.351335,19.718649,18.590433,23.461002,21.659071,26.035425,29.096012,28.52858,26.289724,26.272259,21.930925,25.605955,23.122719,27.075338
20,16.593107,12.39437,15.141264,10.999442,11.667047,15.117937,14.829645,20.115572,18.84732,23.0996,23.703255,27.110676,24.869389,22.2251,18.963367,15.871164,12.232848,10.15696,6.5806756,4.253331,0.0,4.7755485,5.54033,5.563866,10.71558,10.715503,14.356203,14.573343,10.107879,13.479496,12.675986,16.922993,21.930986,22.497677,25.563745,28.144209,30.68737,29.429949,25.943142,22.031416,24.112679,19.777416,19.207628,16.201534,16.188044,13.490261,15.371027,14.51308,17.536228,19.494879,19.120155,23.119532,23.77742,26.46167,24.582075,28.257051,25.000038,27.753155,31.012959,29.09862,25.409452,28.149496,24.630857,24.881376,27.988918,23.627037,27.00924,23.754282,23.655579,19.130032,17.187256,12.591599,13.273115,8.308355,13.436136,10.978226,15.029355,18.383102,20.944962,24.042753,25.05727,21.14676,23.855444,19.945684,17.464025,14.938828,14.139183,8.62695,10.962393,10.221499,14.147382,16.132502,18.212013,20.700294,21.684818,22.140446,19.19827,17.091715,16.772604,15.993846,16.914928,15.316709,19.597385,18.71291,24.058668,23.100315,27.032684,29.80174,29.430777,27.59021,27.13419,23.657927,27.288004,25.095829,29.214825
21,12.383784,8.3010235,11.987796,8.56083,10.549895,13.831856,15.099316,20.219465,20.20216,24.31235,25.334549,28.297606,25.412384,23.173256,19.180973,17.21766,12.464631,11.876795,7.33485,7.108477,4.7755485,0.0,5.681183,7.810385,10.265697,11.803158,14.532745,15.893455,12.073261,16.342306,15.280683,20.402143,24.929226,26.32424,28.881598,31.638634,34.33215,32.774696,29.642843,25.783764,27.09289,22.526821,21.551264,17.757877,17.768171,14.246882,15.53213,13.772323,16.251251,18.483223,18.815304,22.431643,23.396994,26.635777,25.583107,29.687553,27.043953,29.744701,33.468987,31.735435,27.937609,31.339684,28.216034,28.504202,32.132298,27.679289,31.139702,27.862757,28.04465,23.349033,21.39559,17.117136,17.828074,13.068455,17.775023,14.671183,18.441816,21.882158,24.064327,27.36834,28.007296,24.165836,27.071938,23.126045,21.248556,18.04183,18.210716,12.6106825,14.577063,13.532045,16.599115,18.41456,18.812927,22.600863,24.004635,24.815002,22.37274,20.733727,20.527508,20.428638,21.39886,20.060474,24.305412,23.342052,28.681593,27.612812,31.476685,34.282425,34.084454,32.23468,31.906088,28.296852,31.912344,29.533928,33.55909
22,16.4128,12.791655,17.000309,14.005741,15.355495,19.179634,19.45057,24.985495,24.171349,28.316181,29.183819,32.498173,30.058647,27.532194,23.987848,21.26046,17.16845,15.553795,11.447675,9.425485,5.54033,5.681183,0.0,5.13609,7.638398,9.530837,13.995783,15.486944,13.516929,16.963858,17.282148,21.038187,26.871513,27.301128,30.485432,33.182766,35.40856,34.082108,30.393892,26.226128,28.57079,23.68182,23.73704,20.128109,18.726519,16.114365,16.68213,15.014898,17.979368,20.763876,21.304197,25.391024,26.922832,29.718227,27.84155,31.708767,28.324003,30.642778,34.2113,31.717234,27.916508,30.43357,27.29113,26.757517,30.171783,25.083433,28.143503,24.48642,24.4438,19.621592,18.641155,14.545573,16.73649,11.904982,18.099195,16.283117,20.217487,23.610107,26.242561,29.210068,30.469404,26.589737,29.214735,25.30889,22.53108,20.258377,18.62151,12.669687,13.746038,11.412569,14.432701,15.062616,16.31624,19.193615,21.160257,21.304878,19.110416,18.133593,16.662727,17.468428,17.913692,17.672716,22.00631,21.743433,27.341967,27.154116,30.8123,33.24491,32.778275,31.244587,29.967,27.269173,30.499407,28.289257,32.36838
23,17.441984,13.759774,16.94395,14.065769,14.102345,18.677116,17.396263,23.442047,22.097273,25.918795,27.38129,30.733831,28.834532,26.50785,23.18202,20.099121,16.837149,14.053755,11.7468405,7.5331345,5.563866,7.810385,5.13609,0.0,6.228462,5.5167613,10.237394,10.823441,9.373758,12.281003,13.512342,16.595175,23.080542,23.638353,26.661371,29.62763,31.435644,29.908783,26.1802,21.856314,24.248337,19.084726,19.72804,16.17125,14.108952,12.180172,12.811022,11.92339,15.266866,17.7688,17.863161,22.224922,23.825085,26.122404,23.654497,27.29424,23.600899,25.779333,29.27291,26.630257,22.84218,25.32107,22.293636,21.802671,25.555069,20.587725,23.908108,20.52508,21.21384,16.313726,14.423028,10.971822,12.950447,9.830775,15.884191,14.434869,18.92166,21.845266,24.772625,27.686249,28.681753,24.650196,26.394318,22.466795,19.407133,17.324104,14.842205,8.669902,8.899459,6.411331,9.506933,10.865236,12.909839,15.304261,16.677732,17.133638,14.66971,13.414472,12.979051,13.817571,15.324686,15.041401,20.001835,20.065754,25.411545,24.810959,29.011631,31.581717,30.531763,28.652903,27.021524,23.819502,26.717377,24.075274,27.99052
24,15.592309,13.0741205,16.962822,15.868412,16.262407,21.235558,20.466017,26.743135,26.31197,29.762775,32.054882,35.032578,32.832825,30.992025,27.09424,24.78984,20.955328,18.760286,16.25289,12.558736,10.71558,10.265697,7.638398,6.228462,0.0,4.371507,7.807868,10.676728,12.508362,15.734941,17.651228,20.828922,27.49664,28.779284,31.293894,34.619076,36.11389,34.15746,30.668297,26.248905,28.031637,22.286427,23.258347,18.766754,15.416333,13.369363,12.078503,10.031831,12.82987,16.175781,17.529469,21.640985,24.332443,26.789703,24.748396,28.70467,25.41845,27.024698,31.106796,28.166906,24.317738,27.24117,25.139973,24.18315,28.796165,23.545834,26.723866,23.402153,24.871965,19.882944,18.221283,16.04871,18.38802,16.018784,22.002811,20.332365,24.89905,27.79195,30.639973,33.66879,34.37386,30.291252,31.730122,27.752377,24.920614,22.473429,20.151844,14.020835,13.161987,10.092299,10.446381,10.587794,9.237694,13.706544,16.065037,16.986002,15.91089,16.088772,15.7394085,18.235775,19.931982,20.531614,25.580198,25.99774,31.315166,30.810944,35.07622,37.567017,36.310017,34.422302,32.277706,29.174837,31.592564,28.578192,32.16617
25,17.815739,14.98864,17.838562,16.366026,15.773976,20.983189,19.001305,25.43224,24.389517,27.60839,30.090816,33.15299,31.459124,29.650616,26.133818,23.434643,20.402103,17.409094,16.128204,11.423933,10.715503,11.803158,9.530837,5.5167613,4.371507,0.0,5.5498147,6.975113,9.633383,11.991438,14.690974,17.022987,24.090248,25.26401,27.721132,31.126205,32.30546,30.311378,26.766752,22.305788,24.25149,18.445528,19.93889,15.778693,11.882655,10.743854,9.691889,8.843612,12.0988655,14.907991,15.54428,19.931734,22.433645,24.361546,21.664352,25.305122,21.629206,23.1678,27.051003,23.97764,20.150469,22.899332,20.777872,19.875107,24.616325,19.546223,22.912472,19.855993,21.785362,16.898527,14.537115,13.033637,15.076363,14.096661,19.61734,18.376406,23.08098,25.576275,28.58521,31.472618,32.079063,27.98602,28.811937,24.929844,21.897085,19.79873,16.827425,11.057431,9.373381,6.3213286,6.1547894,7.2457967,7.502899,10.959997,12.540115,13.7203665,12.2086115,12.04922,12.680726,15.000648,17.403976,17.883852,23.142382,23.739954,28.750181,27.99328,32.522556,35.06502,33.44821,31.363474,29.049978,25.665405,27.82799,24.592804,28.040121
26,16.65562,14.73734,16.431313,16.36482,15.100874,20.47497,18.066551,24.480062,24.098806,26.61005,30.138643,32.690434,31.042923,29.918228,26.151941,24.190132,21.352137,18.557667,18.317232,13.775981,14.356203,14.532745,13.995783,10.237394,7.807868,5.5498147,0.0,4.270929,9.540615,11.838367,14.70858,17.253906,23.719337,26.091295,27.578468,31.38431,32.316357,29.746574,26.828959,22.562496,23.253242,17.182571,18.69393,13.864048,9.1788225,8.197107,5.3061256,4.5666237,7.304081,10.027791,11.16163,15.299985,18.479942,20.262997,17.919426,21.77847,18.781895,19.97238,24.411636,21.645372,17.833687,21.713684,20.524376,20.099382,25.672867,21.303715,24.897203,22.539898,25.340601,20.75972,17.524101,16.960863,17.930439,18.092714,22.543756,20.814114,25.562117,27.70409,30.518742,33.537247,33.46024,29.379305,29.53538,25.72451,23.302334,20.687757,18.501226,13.4499,11.4047785,9.796411,7.6799955,9.7316675,6.7018547,11.8748865,12.653528,15.0992565,14.271714,14.218971,16.523039,18.698427,21.797718,21.924921,27.25442,27.733507,32.37762,30.959936,35.84532,38.601006,36.752853,34.31865,32.187763,28.06988,29.942627,26.190763,29.154507
27,19.386127,17.011152,17.88593,17.12191,15.071976,20.299137,16.768877,23.084787,21.981441,24.261623,27.804636,30.453835,29.344406,28.192425,24.939564,22.570124,20.63522,17.199387,18.091335,13.096028,14.573343,15.893455,15.486944,10.823441,10.676728,6.975113,4.270929,0.0,7.398742,8.196006,11.852663,13.377067,20.078888,22.33643,23.739183,27.574736,28.2581,25.686584,22.73522,18.485548,19.290934,13.19864,15.25171,10.996634,5.6550474,6.418524,4.840956,6.623805,9.298814,10.688393,10.384911,14.726339,17.259321,18.391687,15.183318,18.635044,15.073125,16.383738,20.559263,17.756378,13.887884,17.7379,16.372015,16.292192,21.876263,17.962467,21.757767,19.79865,22.843136,18.599142,14.670349,14.705378,14.972009,16.47359,20.069305,18.759024,23.420254,25.121643,28.006487,30.838692,30.674746,26.661625,26.250542,22.602041,20.078312,17.867403,15.223934,11.090762,8.45478,7.968594,5.5582385,9.049312,8.618158,11.537371,11.00084,13.619159,12.118093,11.284549,14.758182,16.208067,19.809212,19.587477,24.854784,25.369919,29.596828,27.888254,32.932903,35.728714,33.639526,31.036268,28.94917,24.51553,26.208422,22.300432,25.11935
28,17.618908,14.284514,14.337131,11.926771,9.424907,14.151475,10.34314,16.634453,15.124303,18.065851,20.916632,23.814564,22.519476,21.016632,17.893585,15.214003,13.53549,9.846788,11.637791,6.9670715,10.107879,12.073261,13.516929,9.373758,12.508362,9.633383,9.540615,7.398742,0.0,4.775923,5.3873067,9.76213,15.257678,17.713234,19.346437,22.91156,24.6527,22.398384,19.509552,15.4792595,16.095285,10.777549,10.832511,6.798112,6.325149,4.3709955,7.5861745,8.962152,11.729021,12.273306,10.618286,14.826569,15.483516,17.306278,14.693567,18.30968,15.083841,17.805521,21.397545,19.832485,16.114164,20.055187,17.312883,18.47727,22.814037,19.531658,23.545279,21.46622,23.26455,19.13119,14.961104,12.912348,11.535103,11.9581175,14.346959,12.050236,16.637695,18.50365,21.165983,24.244745,23.952967,19.880865,20.252453,16.344828,14.274194,11.201551,10.256624,6.0019584,6.1867743,8.000663,9.731155,13.708868,15.076143,17.55092,16.925077,18.739208,15.8968,13.282591,16.330513,15.530773,18.69196,16.866026,21.784315,21.33258,25.5741,23.245186,28.269547,31.39081,29.936167,27.230532,26.520872,21.446142,24.250853,20.824108,24.19661
29,22.292822,19.050299,18.764969,16.327522,13.455311,17.558249,12.670853,18.245316,15.63835,17.988342,20.815496,23.81903,23.445925,21.957077,19.762947,16.56939,16.36262,12.088779,15.017291,10.347167,13.479496,16.342306,16.963858,12.281003,15.734941,11.991438,11.838367,8.196006,4.775923,0.0,4.848047,5.5207396,12.280311,14.279747,15.9240885,19.59938,20.735865,18.479488,15.336945,11.127605,12.316456,6.809951,8.410797,6.376211,5.524817,6.9730487,9.797119,12.218315,14.74828,14.688891,12.328124,16.25136,16.505928,17.17861,13.379339,16.036274,11.905707,14.589771,17.551773,15.814183,12.268758,15.683616,12.676427,14.25988,18.429361,15.827918,19.90574,18.431154,20.612576,17.110992,12.315444,11.583212,9.277045,12.327899,13.399219,12.368161,16.580626,17.609205,20.451582,23.095272,22.794794,18.883837,18.115763,14.5546465,12.032976,10.189855,7.606228,6.1110735,4.8659086,8.222557,9.342033,13.515338,16.186033,17.003775,15.3722515,17.11649,13.967426,10.747538,14.920392,13.457829,17.19773,15.269017,19.988647,19.848305,23.395184,20.828083,26.064878,29.128918,27.171694,24.265371,23.295542,17.915236,20.252825,16.538624,19.65517
30,21.155825,17.749651,16.682766,13.636527,10.549934,13.66217,8.559066,13.719754,10.903832,13.6941395,16.233068,19.29337,18.698719,17.127224,14.983142,11.796524,12.099335,7.892319,12.030048,8.658021,12.675986,15.280683,17.282148,13.512342,17.651228,14.690974,14.70858,11.852663,5.3873067,4.848047,0.0,6.419584,10.135205,12.94282,14.31214,17.773466,19.901306,17.783878,15.159074,11.645143,11.829107,7.8834105,6.540544,5.219167,8.49103,7.953327,11.872174,13.801825,16.030304,15.562279,12.851843,16.235006,15.33269,16.559023,13.788299,16.599375,13.507754,16.85273,19.541878,18.908375,15.713008,19.38571,16.130344,18.33818,21.710598,19.64328,23.62641,22.122868,23.542807,20.17012,15.680675,13.646436,10.423763,12.047004,11.621839,9.335876,13.230808,14.304516,16.770561,19.738499,19.039677,15.064509,14.957185,11.1141,9.591169,6.24764,6.9856973,6.5082717,7.9794354,11.341892,13.558204,17.648085,19.970875,21.471798,20.127857,21.745485,18.421877,14.967853,18.450222,16.11721,19.24557,16.36191,20.550789,19.579361,23.01729,19.867073,24.996216,28.32649,26.95783,23.994032,24.247517,18.479813,21.587503,18.38631,21.630222
31,27.06777,23.6844,22.906616,19.985819,16.936678,19.923893,14.511705,18.668234,14.810358,16.615486,18.723946,21.868607,22.513332,20.906626,19.991642,16.31581,17.828852,13.412655,17.438242,13.590449,16.922993,20.402143,21.038187,16.595175,20.828922,17.022987,17.253906,13.377067,9.76213,5.5207396,6.419584,0.0,7.9738536,8.997987,10.864343,14.382873,15.336798,13.410309,9.916968,5.720862,8.044138,4.7799788,6.7092586,8.686299,9.9423065,11.96526,15.010254,17.631887,19.931952,19.336716,16.409485,19.64803,18.835709,18.665348,14.480444,15.715209,11.3521595,14.255915,15.671274,14.613273,11.985962,14.14324,10.327797,13.048471,15.714118,14.712141,18.552292,17.886955,19.675552,17.311872,12.4439335,12.303299,8.353838,13.261078,11.67068,11.845789,14.92231,14.79959,17.555897,19.639305,19.254387,15.7194605,13.828477,10.872236,8.207019,8.209267,5.0397487,8.527378,8.201905,12.043409,13.506008,17.292027,21.000484,20.56537,18.274006,19.549873,16.050764,12.201797,16.514511,13.519261,17.143574,14.430342,18.166912,17.835468,20.236458,17.01487,22.345018,25.45638,23.277575,20.10402,19.733007,13.692642,16.001947,12.406174,15.333079
32,30.33265,27.200737,25.064333,22.221123,18.902075,19.920088,14.387359,15.683961,11.191434,11.246781,13.11994,15.669324,17.60226,16.660816,17.314674,14.415005,18.037739,14.682051,20.051535,18.00774,21.930986,24.929226,26.871513,23.080542,27.49664,24.090248,23.719337,20.078888,15.257678,12.280311,10.135205,7.9738536,0.0,6.2740383,4.4911904,8.299728,10.490205,8.312961,7.3189454,7.0497503,4.64158,7.9701324,5.87093,11.184299,15.3514385,16.675009,20.260756,22.892942,24.507301,22.951248,19.417093,21.284283,18.709656,17.9964,14.9506235,14.947789,12.657303,15.985882,16.076214,17.41372,16.05455,18.458647,15.334573,19.10073,20.478937,21.290817,24.69713,24.724,26.004349,24.388542,19.833433,19.23466,14.614607,18.523415,14.274921,13.8620615,14.86984,13.213953,14.645168,16.321985,14.417308,11.817792,8.006145,6.5656304,7.6893535,7.891842,9.945943,14.737573,15.680321,19.577961,21.243555,25.178623,28.31855,28.377823,25.912384,27.359404,23.935734,20.071335,24.210968,20.536657,23.586647,20.021696,22.42649,21.177896,22.172775,17.682976,22.580427,25.93087,24.261017,20.847404,22.532686,15.963316,18.440767,15.792033,17.654362
33,33.843296,30.257507,28.986757,25.390331,22.543468,23.739079,18.716513,20.256834,15.143103,16.14287,15.873915,19.089703,21.227888,19.33002,20.653831,16.712164,20.415485,16.720297,21.3635,19.236916,22.497677,26.32424,27.301128,23.638353,28.779284,25.26401,26.091295,22.33643,17.713234,14.279747,12.94282,8.997987,6.2740383,0.0,5.114974,6.383657,8.425464,8.632329,5.323399,5.6855245,8.434048,11.420208,11.1157055,15.690691,18.663454,20.218193,23.681208,26.17149,28.357647,27.41424,24.14295,26.642511,24.547262,23.940428,20.361513,20.161497,16.877779,19.708195,19.005585,19.407114,18.294395,18.707079,14.687148,17.963442,17.521667,18.765278,21.587765,21.733315,22.102495,21.385052,17.567142,17.088078,12.404012,16.919016,11.618363,13.208965,13.273167,10.915623,12.777458,13.450613,12.958149,10.800873,7.0507407,6.714202,5.611821,9.292546,8.819451,14.98598,16.002266,19.706047,21.92285,25.293245,29.747545,28.622946,26.169794,26.810022,23.078253,19.032356,22.345589,17.808964,20.206915,16.438753,17.683224,16.497871,16.496101,11.94787,16.767717,19.9721,18.082338,14.640419,16.670752,10.208497,12.992171,11.364032,13.535703
34,34.789303,31.587769,29.515757,26.536612,23.30622,24.07343,18.718233,19.317421,14.618759,14.116862,14.892503,17.200369,19.993223,19.039505,20.621994,17.650036,21.789766,18.527737,23.788725,21.844654,25.563745,28.881598,30.485432,26.661371,31.293894,27.721132,27.578468,23.739183,19.346437,15.9240885,14.31214,10.864343,4.4911904,5.114974,0.0,4.2023387,6.0948186,4.7512207,4.775436,7.300305,5.887014,11.118913,10.10769,15.501974,19.159365,20.903593,24.335726,27.081259,28.741646,27.156853,23.588749,25.299433,22.62569,21.409315,18.21186,17.21194,15.003258,17.805235,16.5901,18.273907,17.75532,18.916393,15.851251,19.771547,19.87978,21.838522,24.747932,25.357702,26.388678,25.61007,21.364779,21.29316,16.607737,21.084194,16.0401,16.623226,16.706545,14.197038,15.242088,15.935877,14.072781,12.52995,7.3350363,8.094794,9.3291645,11.289178,12.45219,18.080576,18.847784,22.718727,24.329187,28.017796,31.693634,31.016693,28.266428,29.428497,25.990866,22.107777,26.135519,22.054375,24.860723,21.263857,22.775597,21.59114,21.419874,16.730492,21.204733,24.34674,22.481174,19.033548,21.191128,14.8025465,16.723871,14.719393,15.787448
