,0,1,2,3,4,5,6,7,8,9,10,11,12,13,14,15,16,17,18,19,20,21,22,23,24,25,26,27,28,29,30,31,32,33,34,35,36,37,38,39,40,41,42,43,44,45,46,47,48,49,50,51,52,53,54,55,56,57,58,59,60,61,62,63,64,65,66,67,68,69,70,71,72,73,74,75,76,77,78,79,80,81,82,83,84,85,86,87,88,89,90,91,92,93,94,95,96,97,98,99,100,101,102,103,104,105,106,107,108,109,110,111,112,113
0,0.0,4.6489725,6.8833537,10.141748,12.916505,15.276117,18.548653,20.96873,25.115486,27.189293,32.26535,34.845276,29.701029,27.33325,23.62592,23.547312,17.95283,20.378279,14.512256,16.845556,13.159398,11.777892,9.994292,14.826574,17.190405,19.100878,18.418886,21.003258,24.559618,21.620398,29.386047,30.160532,33.791645,36.53878,39.378513,42.723934,43.864918,47.029102,41.803543,38.402924,38.0686,34.88393,32.19378,31.316244,28.07971,30.102179,24.559948,27.672556,27.543224,27.891718,27.37581,30.212984,33.398087,33.0615,37.003666,36.383972,35.1662,37.20649,40.68365,38.315056,42.710575,37.10923,41.679676,40.86357,44.98733,43.15198,45.77387,45.48682,42.371586,41.118244,38.89789,41.51528,40.979,36.949764,40.256477,36.63899,41.572968,36.541183,41.432014,40.92054,40.747215,36.40353,33.796543,31.55045,29.275331,30.33305,25.660147,28.962332,25.000313,27.695084,27.13661,29.475187,30.546984,34.541286,34.158974,33.322853,31.090431,28.4726,25.526419,25.113268,26.607096,24.946785,30.061882,31.188822,32.74914,35.490643,37.7014,39.84506,37.211132,41.565166,35.55367,38.465267,36.219955,38.203674
1,4.6489725,0.0,4.7209735,6.299242,9.043954,12.386665,15.03095,18.450607,22.039143,24.604269,29.349026,32.33669,27.362764,25.205044,21.084465,20.563011,15.074536,16.999905,11.697225,13.548618,11.047431,8.7953415,8.806594,13.537232,15.098098,17.047342,15.259351,17.861485,21.02829,17.688622,25.623045,25.923544,29.91645,32.32184,35.382877,38.5783,39.89561,43.23685,38.04518,34.829037,34.18337,31.408962,28.389208,27.994959,24.422764,27.121037,22.025871,24.886215,24.841139,24.581465,23.664978,26.436598,29.406189,28.810238,33.009045,32.635536,31.357553,33.6883,37.070057,34.94826,39.072884,33.743195,38.392765,37.60053,41.88515,39.944324,42.92953,42.679447,39.51041,38.42329,36.09078,39.01042,38.38358,34.20044,37.51183,33.913998,38.816887,33.940437,38.55965,38.170284,38.568913,33.98215,31.919704,29.267172,27.158148,27.976583,23.515944,26.545656,22.546225,25.447252,24.758263,27.50659,28.363739,32.529377,32.73927,31.940191,29.458012,27.400885,24.227272,24.457436,25.866522,23.787296,28.797598,29.846548,30.964907,33.76067,35.81992,37.83049,35.28592,39.43733,33.369488,36.444206,33.96638,36.34767
2,6.8833537,4.7209735,0.0,5.2202067,6.677767,8.63361,11.900176,14.341909,18.482054,20.555363,25.521982,28.403133,23.440962,21.500563,17.30553,17.67615,12.12877,15.349856,9.777374,13.681413,12.179904,10.979656,11.597228,16.185762,17.930101,19.264856,16.620909,18.29763,21.028645,17.20915,24.224218,24.5714,27.846394,30.67243,33.49873,36.828945,38.246887,41.549522,36.55924,33.29664,33.294727,30.459454,28.14605,28.038849,24.968824,28.06955,23.74138,27.038162,27.537235,27.056795,25.734787,28.134863,31.243938,29.89472,34.569473,34.109604,32.382954,34.748337,37.72082,35.494267,39.05,33.520653,37.677177,36.406105,40.548622,37.884182,40.941597,40.269566,37.010277,36.11345,34.227715,37.248806,37.045166,33.23683,36.92514,33.754654,38.934307,34.861763,39.446415,39.53413,40.155975,35.872704,33.88656,30.780329,28.279753,28.467669,24.104044,26.060951,21.618288,23.818249,22.4731,24.828617,25.218136,29.407644,29.665333,29.347317,27.165653,25.233627,22.403654,22.907064,25.016098,23.569677,28.368225,30.526196,30.994686,34.35068,36.635128,38.122395,35.312664,38.908516,32.653652,35.19433,32.33844,34.37428
3,10.141748,6.299242,5.2202067,0.0,3.735057,7.1489706,9.29034,13.291485,16.192356,19.199377,23.715609,26.657732,21.759197,19.626692,15.424179,14.409169,9.091505,10.890027,6.07025,8.794555,8.7165365,7.3083405,9.708395,13.387989,14.392598,15.430017,11.88353,13.41089,15.932953,12.093181,19.549082,20.062492,23.712631,26.412758,29.258156,32.582775,33.801815,37.09728,31.968021,28.744947,28.390188,25.64402,23.02478,23.01126,19.784184,23.156132,19.253881,22.436468,23.178856,22.41523,20.88731,23.11148,26.349833,24.860357,29.536793,28.992617,27.187607,29.588875,32.525543,30.3766,33.92298,28.519064,32.848736,31.778378,36.05687,33.771572,36.936424,36.575558,33.36578,32.411892,30.175447,33.316753,32.84056,28.786797,32.33674,29.074612,34.15905,30.116411,34.521675,34.680523,35.652184,31.290497,29.698364,26.301441,23.94309,23.977505,19.845135,21.733564,17.453655,20.094,19.043707,21.990181,22.609241,26.85733,27.565102,26.90369,24.317583,22.889374,19.70348,20.730291,22.380018,20.357656,24.993992,26.815641,26.999325,30.266266,32.3834,33.82391,31.156786,34.71645,28.51789,31.373629,28.534098,31.058586
4,12.916505,9.043954,6.677767,3.735057,0.0,4.793735,6.0875845,10.625522,13.361155,16.365952,20.666813,24.065956,19.466549,17.923508,13.196237,12.747415,7.8502574,10.285544,6.86128,10.301599,11.810492,10.51623,13.380177,16.766766,17.376678,18.215675,13.858081,14.71011,16.299398,11.728363,18.26868,17.99482,21.506062,24.050026,27.050772,30.257996,31.867487,35.364277,30.481117,27.475475,27.268427,25.020227,22.593597,23.33607,20.173681,24.325928,21.311296,24.302046,25.224676,23.890244,21.874142,23.799232,26.676552,24.55591,29.696457,29.452261,27.42129,30.109526,32.680984,30.769781,33.64214,28.484608,32.487846,31.102688,35.385994,32.415825,35.98474,35.297,31.975515,31.368668,29.437366,32.89241,32.668674,28.823755,32.57237,29.66448,34.789757,31.380484,35.460415,35.93393,37.400772,33.071026,31.90763,28.168543,25.832438,25.382416,21.627909,22.58606,18.16,20.308802,18.607233,21.470863,21.409971,25.75839,26.980856,26.78818,24.34099,23.444105,20.505255,22.059807,24.056007,22.274908,26.55337,28.873161,28.448725,31.964819,34.05097,35.10934,32.4094,35.43077,29.193016,31.745691,28.503311,31.021202
5,15.276117,12.386665,8.63361,7.1489706,4.793735,0.0,4.1194353,6.17696,9.861288,12.2423935,17.0709,19.986906,15.168533,13.633842,8.932163,9.758372,4.9972606,9.562076,6.4833302,11.873922,13.644954,13.644067,16.05023,19.241,20.287283,20.522852,16.170706,15.966865,17.182814,12.86161,17.571796,17.99317,20.129513,23.498882,25.879713,29.360424,30.78995,34.021976,29.361715,26.196316,26.952147,24.353065,23.069975,23.747774,21.538057,25.514389,23.206814,26.691698,28.128706,26.990004,24.91441,26.41255,29.594744,26.945866,32.201397,31.619984,29.176765,31.601645,33.722504,31.561314,33.92968,28.468718,31.7968,29.901144,33.883915,30.271704,33.672256,32.560223,29.194016,28.684797,27.28399,30.671152,30.936579,27.629261,31.724054,29.333914,34.68163,32.1491,36.249237,37.181812,38.605198,34.78929,33.495632,29.51574,26.754875,25.727835,22.143394,21.960098,17.235054,18.3705,15.969338,18.202936,17.695925,22.014341,23.148432,23.434948,21.386377,20.582638,18.155895,19.917212,22.58466,21.62338,25.523119,28.983053,27.99479,32.01761,34.35626,34.876293,31.907204,34.346447,28.033005,29.903082,26.377672,28.368464
6,18.548653,15.03095,11.900176,9.29034,6.0875845,4.1194353,0.0,5.953319,7.3825283,10.707343,14.648279,18.235579,14.004265,13.158181,8.082143,8.236263,5.5070014,8.474005,8.264658,12.136608,15.390724,15.083565,18.283619,20.904686,21.2569,21.353096,16.277742,15.621129,15.795023,11.075319,14.782655,14.305945,16.62579,19.624441,22.258314,25.56455,27.304699,30.77674,26.272022,23.419685,23.951527,22.033588,20.628942,22.11073,19.818554,24.536648,23.151842,26.204062,27.760002,26.034977,23.54282,24.695116,27.492289,24.340652,29.868929,29.57111,26.99871,29.693048,31.49505,29.679346,31.453272,26.444689,29.619408,27.645948,31.729925,27.801819,31.695377,30.536915,27.12166,26.930447,25.541132,29.288599,29.535797,26.239044,30.302011,28.138092,33.32892,31.252087,34.89076,36.032326,38.047043,34.173347,33.479378,29.215433,26.71141,25.341452,22.304264,21.492102,17.021603,18.062725,15.420459,17.970531,16.965918,21.301044,23.258568,23.684988,21.510181,21.5371,19.142675,21.51296,23.94102,22.722492,26.179672,29.517256,28.018974,32.00181,34.12496,34.39827,31.591118,33.607357,27.428675,29.300169,25.527706,27.877947
7,20.96873,18.450607,14.341909,13.291485,10.625522,6.17696,5.953319,0.0,5.348525,6.2239823,11.4302225,14.161885,9.592406,9.174167,4.262119,8.0945635,7.016429,11.54839,10.992308,16.184029,18.760431,19.340069,21.790188,24.559929,25.536137,25.282648,20.663624,19.430918,19.603125,15.5973425,17.249903,17.655754,17.953817,21.838938,23.536993,27.049702,28.559916,31.588497,27.538359,24.569132,26.347889,24.013054,24.007368,25.188442,23.940704,28.119661,27.083273,30.633038,32.523277,31.170902,28.80509,29.719746,32.792618,29.386866,34.853935,34.21817,31.360088,33.68806,35.074802,32.96995,34.26891,28.977806,31.278269,28.713257,32.268887,27.519297,31.04342,29.234547,25.81681,25.787237,25.272045,28.765411,29.707205,27.228285,31.612335,30.07878,35.432293,34.22937,37.94543,39.47994,41.24609,37.9386,36.92828,32.614082,29.677773,27.88644,24.950905,23.162498,18.560986,18.25752,14.827341,16.063086,14.249808,18.350863,20.01476,21.28079,19.888433,19.886854,18.397097,20.715895,23.944162,23.82212,26.846975,31.39048,29.487865,33.938778,36.357754,36.107346,33.007816,34.389866,28.249952,29.171618,25.173061,26.600967
8,25.115486,22.039143,18.482054,16.192356,13.361155,9.861288,7.3825283,5.348525,0.0,4.431696,7.6782904,10.92537,7.2601895,7.881426,3.874896,6.041539,8.570168,10.818525,13.073047,16.74712,20.608524,21.247133,24.330032,26.313076,26.668169,26.046661,20.945873,18.970982,17.940823,14.293851,13.46302,13.598138,12.90846,16.942638,18.34107,21.847181,23.38625,26.454136,22.65792,19.983883,21.9666,20.229149,20.71559,22.600042,21.826704,26.423332,26.689135,29.868496,32.059235,30.289814,27.619867,27.95052,30.771568,26.801981,32.31211,31.729506,28.634878,30.986774,31.80533,29.980663,30.42614,25.608934,27.390312,24.603518,28.102827,22.896505,26.888811,24.985296,21.524231,21.877132,21.505184,25.352697,26.377443,24.146173,28.49234,27.446882,32.564465,32.228813,35.363716,37.27645,39.629734,36.535744,36.152298,31.541063,28.823666,26.50456,24.376394,21.559694,17.473791,16.719446,13.025324,14.443503,11.947094,15.900766,18.71791,20.093283,18.600477,19.773062,18.46028,21.492916,24.348932,24.066355,26.334826,30.888369,28.262495,32.69654,34.88797,34.180542,31.260853,31.93642,26.090982,26.805458,22.533142,24.286993
9,27.189293,24.604269,20.555363,19.199377,16.365952,12.2423935,10.707343,6.2239823,4.431696,0.0,5.526643,8.2159815,4.974933,7.3170075,5.10056,9.40586,11.685564,14.775631,16.195286,20.592148,23.925293,24.759247,27.458408,29.733942,30.43406,29.798548,24.936495,22.951015,22.094305,18.625383,17.29744,17.515299,15.814132,19.889715,20.736856,24.09135,25.653252,28.416588,25.185383,22.660814,25.304562,23.54784,24.690544,26.447357,26.055561,30.394323,30.650915,34.032875,36.27779,34.647694,32.02662,32.349483,35.180946,31.13966,36.646435,36.020348,32.857464,35.08057,35.69094,33.794983,33.918816,29.11509,30.3247,27.201292,30.244408,24.407858,28.136782,25.658455,22.280638,22.90326,23.316751,26.909338,28.443745,26.84305,31.287376,30.650454,35.769367,35.893757,39.0345,41.11703,43.33129,40.491302,39.927536,35.348362,32.444336,30.001863,27.872704,24.72556,20.654114,19.207304,15.219631,15.506798,12.293384,15.682777,18.291433,20.461273,19.69991,20.82108,20.199877,23.035013,26.34899,26.714403,28.767662,33.924667,31.167404,35.80076,38.13834,37.16309,34.110004,34.37944,28.673855,28.732014,24.391249,25.400803
10,32.26535,29.349026,25.521982,23.715609,20.666813,17.0709,14.648279,11.4302225,7.6782904,5.526643,0.0,5.5401583,6.6816387,10.399541,9.789419,12.523681,16.11144,17.952738,20.672815,24.181297,28.196102,28.911686,31.990757,33.890045,34.16228,33.37121,28.22385,25.878183,24.144457,21.020023,17.627024,17.050688,13.993004,17.510508,17.798973,20.677448,22.560528,25.270742,22.934526,21.156494,24.073093,23.332386,25.002512,27.49221,27.490656,32.14115,33.431744,36.403557,38.789387,36.751705,33.872387,33.72004,36.084248,31.56755,37.05732,36.65277,33.368042,35.6391,35.60334,34.128983,33.164852,29.16722,29.578356,26.17752,28.858746,22.206686,26.40686,23.506437,20.254038,21.630934,22.645943,26.42342,28.217367,27.18458,31.444782,31.45719,36.170135,37.239555,39.7095,42.14307,44.912537,42.28749,42.29914,37.543274,34.891823,32.065296,30.648773,26.748116,23.28897,21.452662,17.484955,17.550613,13.720094,16.176971,19.765203,22.269703,21.7408,23.79757,23.504068,26.706072,29.749208,30.079224,31.472668,36.610413,33.281433,37.82383,39.924854,38.49222,35.65885,35.104877,29.912262,29.557932,25.070621,26.097504
11,34.845276,32.33669,28.403133,26.657732,24.065956,19.986906,18.235579,14.161885,10.92537,8.2159815,5.5401583,0.0,5.4391966,9.1992855,11.380359,13.939901,18.168905,19.896519,22.675234,26.2469,29.977816,31.355124,34.075825,35.64572,36.192745,35.002655,30.290993,27.501316,25.82457,23.53677,19.22243,20.179123,15.905616,20.216402,19.22797,22.341368,23.198614,24.973995,23.014757,21.041811,25.00961,23.586115,26.444145,28.289053,29.25594,33.11103,34.7907,38.080738,40.79223,39.19056,36.547817,36.17536,38.9771,34.50251,39.63579,38.704563,35.249542,36.974,36.62248,34.807854,33.63496,29.406118,28.99977,25.281168,27.244202,20.39253,23.737741,20.393131,17.377829,18.761215,20.620758,23.82383,26.177723,26.026659,30.298475,30.911547,35.537155,37.400166,39.861805,42.599194,45.060272,43.07986,42.866318,38.16757,35.274025,32.14222,31.042545,26.434446,23.353737,20.568085,16.616087,15.43029,11.238842,12.441034,15.929229,19.022217,19.273783,21.640238,22.208897,25.325365,28.503113,29.563036,30.257109,36.078274,32.404266,37.115883,39.352024,37.44161,34.503563,33.30704,28.49862,27.268967,22.876825,23.01528
12,29.701029,27.362764,23.440962,21.759197,19.466549,15.168533,14.004265,9.592406,7.2601895,4.974933,6.6816387,5.4391966,0.0,4.129682,6.3375196,9.457864,13.148837,15.478004,17.570145,21.581303,24.901258,26.423756,28.908386,30.619003,31.425879,30.308033,25.80445,23.222193,22.179293,19.704569,16.93666,18.60945,15.543107,20.414282,20.13426,23.773266,24.45597,26.507833,23.461283,20.72528,24.279425,21.948206,24.237787,25.493206,26.106762,29.745134,30.626822,34.223778,36.83755,35.55392,33.12029,33.106586,36.31043,32.22767,37.372852,36.248253,32.892426,34.603817,34.854954,32.682587,32.545822,27.562157,28.055017,24.661703,27.190992,21.275696,24.38918,21.71013,18.453194,18.965746,19.895105,23.114265,25.047174,24.12291,28.600416,28.503094,33.540234,34.457043,37.512966,39.9152,41.94954,39.72028,39.069714,34.48781,31.406073,28.587067,26.903185,22.90804,19.271328,16.844181,12.76096,11.967446,8.208874,11.004721,13.746324,16.312214,16.060738,17.682447,17.805824,20.774027,24.128302,25.089533,26.383026,32.14363,28.94588,33.734264,36.153187,34.706184,31.582838,31.252773,25.851686,25.20886,20.873692,21.296963
13,27.33325,25.205044,21.500563,19.626692,17.923508,13.633842,13.158181,9.174167,7.881426,7.3170075,10.399541,9.1992855,4.129682,0.0,5.249536,7.292868,10.741968,13.00134,14.776767,18.762182,21.707186,23.649797,25.847628,27.328362,28.344246,27.059286,22.955402,20.30732,19.731524,17.689436,15.732769,18.544527,16.056503,21.321201,21.071869,25.030888,25.17921,27.054623,23.404617,20.13392,23.600075,20.394197,22.648432,23.15066,23.923832,26.980303,27.51347,31.389805,34.068645,33.200993,31.05297,31.157145,34.78978,31.06624,35.955986,34.472397,31.166185,32.604233,33.15763,30.628012,31.18432,25.65719,26.535563,23.393364,26.06594,21.055141,23.631264,21.486542,18.264498,18.052189,18.395288,21.342728,23.021988,21.777353,26.305988,25.871063,31.097885,31.599516,35.031742,37.284225,38.905098,36.76807,35.765774,31.315727,28.055454,25.358372,23.443127,19.652315,15.854353,13.39046,9.386137,8.576252,5.655828,9.329604,11.247016,13.201003,12.621899,13.783196,13.763674,16.6628,20.071638,21.144846,22.570316,28.4364,25.45905,30.302109,32.860344,31.595465,28.348522,28.463678,22.82172,22.40612,18.254951,18.711338
14,23.62592,21.084465,17.30553,15.424179,13.196237,8.932163,8.082143,4.262119,3.874896,5.10056,9.789419,11.380359,6.3375196,5.249536,0.0,5.1710253,7.03123,10.370354,11.529877,16.014317,19.138403,20.350504,22.89791,24.942972,25.79395,25.020134,20.428541,18.414997,18.07168,14.85164,14.744751,16.23633,15.3753395,19.968939,20.919743,24.696869,25.655481,28.306889,24.3038,21.180794,23.570059,20.911215,21.779284,22.800728,22.384212,26.250414,26.051224,29.70393,31.992895,30.761488,28.420818,28.909006,32.23197,28.597567,33.86037,32.8603,29.762491,31.757483,32.771397,30.518097,31.474424,26.087988,27.887722,25.107256,28.435474,23.607355,26.923231,25.078043,21.685232,21.595695,21.245762,24.674889,25.804142,23.671623,28.134422,27.00156,32.324574,31.830927,35.3821,37.243725,39.070488,36.20765,35.315178,30.852757,27.8115,25.569689,23.118237,20.396982,16.050154,14.986062,11.225616,12.157398,10.053649,14.179318,16.171648,17.505278,16.17908,16.775524,15.637197,18.401482,21.605433,21.785503,24.164162,29.168743,26.733385,31.347147,33.781887,33.111137,29.979494,30.860598,24.867634,25.403406,21.283133,22.586685
15,23.547312,20.563011,17.67615,14.409169,12.747415,9.758372,8.236263,8.0945635,6.041539,9.40586,12.523681,13.939901,9.457864,7.292868,5.1710253,0.0,5.6083136,6.039428,9.556632,12.316815,16.32131,17.735994,20.689196,21.873398,22.255919,21.148571,16.410347,13.8763485,13.090439,10.454036,10.087085,12.763144,12.44788,17.238152,18.182629,22.16956,22.611021,25.229952,20.655458,17.24102,19.19821,16.156593,16.80024,17.633808,17.357075,21.164352,21.447552,24.96989,27.452055,26.230011,23.936125,24.188942,27.735079,24.17739,29.185703,27.930096,24.790485,26.64379,27.719494,25.38882,26.635643,21.09736,23.31308,20.874384,24.554771,20.626831,23.953503,22.824186,19.473625,18.97192,17.731169,21.305231,21.884,19.173803,23.53275,22.104874,27.419231,26.754847,30.255665,32.095875,34.056313,31.186527,30.524635,25.954245,23.04731,20.692354,18.52288,15.664216,11.459029,10.927287,7.605629,10.07237,9.185207,13.479519,15.74929,16.021355,13.823137,14.8255625,12.983638,16.182411,18.635578,18.136486,20.367323,24.859013,22.290422,26.747364,29.026585,28.443975,25.451061,26.567034,20.50953,21.656403,17.647284,19.791302
16,17.95283,15.074536,12.12877,9.091505,7.8502574,4.9972606,5.5070014,7.016429,8.570168,11.685564,16.11144,18.168905,13.148837,10.741968,7.03123,5.6083136,0.0,5.3755617,4.5819526,9.38059,12.242665,13.326217,15.98823,18.048782,18.907269,18.390427,13.909792,12.617665,13.466423,9.922828,13.664793,15.550175,17.035046,21.079838,22.846416,26.638004,27.40063,30.270155,25.427757,21.981413,23.083601,19.911747,19.235983,19.518486,18.072668,21.685173,20.16524,23.90933,25.876049,24.945547,22.929327,23.971884,27.62382,24.788506,29.79466,28.69903,25.985003,28.025257,29.907675,27.485308,29.803282,24.058138,27.192047,25.274712,29.18018,25.932312,29.04091,28.178251,24.892809,24.118351,22.507477,25.787483,25.9886,22.713806,26.858467,24.611935,30.02125,27.942617,32.019924,33.22759,34.6638,31.24971,30.026756,25.826805,22.885353,21.422857,18.164495,17.227726,12.492217,13.406687,11.079836,13.665344,13.65541,17.975256,19.191626,19.081215,16.754988,16.301758,13.757104,16.010664,18.511345,17.584284,21.056986,24.868725,23.416834,27.616545,29.995346,30.215467,27.196163,29.409836,23.106182,24.922092,21.406122,23.536194
17,20.378279,16.999905,15.349856,10.890027,10.285544,9.562076,8.474005,11.54839,10.818525,14.775631,17.952738,19.896519,15.478004,13.00134,10.370354,6.039428,5.3755617,0.0,6.210521,6.4714656,11.248662,12.402697,15.773816,16.465942,16.424364,15.429165,10.420416,8.193738,8.174624,5.165558,9.348616,12.169936,14.332802,18.134981,19.874794,23.654913,23.970705,26.789104,21.584406,18.094461,18.509943,15.236356,14.0143795,14.254963,12.758081,16.606926,15.930512,19.376713,21.635178,20.510353,18.40791,19.064903,22.90709,20.036032,24.803164,23.484972,20.689865,22.661629,24.554312,22.165287,24.669586,18.973066,22.557508,21.083626,25.283768,22.947613,26.114796,25.918383,22.786621,21.790651,19.407831,22.795473,22.40556,18.574902,22.44691,19.91443,25.187435,22.996271,26.86467,28.093954,29.88966,26.416454,25.676876,21.239004,18.57303,16.919844,14.164608,13.100856,8.806878,10.753723,9.482982,13.198785,13.931991,17.965363,19.646963,18.767227,15.804316,16.051617,13.028164,15.727534,17.146517,15.301762,18.383505,21.385122,19.669888,23.584738,25.679966,25.94694,23.190046,25.524149,19.34257,21.822062,18.516201,21.512493
18,14.512256,11.697225,9.777374,6.07025,6.86128,6.4833302,8.264658,10.992308,13.073047,16.195286,20.672815,22.675234,17.570145,14.776767,11.529877,9.556632,4.5819526,6.210521,0.0,6.226565,7.7922373,9.003932,11.4204,13.614214,14.761147,14.500759,10.604675,10.309891,12.562504,9.476728,15.554364,17.68722,20.146057,23.814365,25.827515,29.55418,30.107395,32.937145,27.767544,24.204243,24.648573,21.145464,19.638584,19.136522,17.106705,20.045492,17.214436,21.10929,22.760975,22.311337,20.754238,22.283438,26.204067,24.163015,28.750021,27.50975,25.173306,27.076263,29.56626,26.987946,30.26842,24.363585,28.201893,26.857496,30.90467,28.6543,31.419607,31.071554,27.938099,26.773493,24.61023,27.56602,27.271374,23.495802,27.289318,24.377728,29.7091,26.516743,30.99902,31.687674,32.628536,28.929342,27.275137,23.453089,20.567774,19.859924,15.940543,16.639551,12.031626,14.189711,13.0930605,16.01232,16.994938,21.128057,21.720152,20.88926,18.251518,16.99367,13.836716,15.305502,17.204376,15.605965,19.845898,22.719507,22.186749,25.98084,28.33972,29.219616,26.302092,29.41838,23.117062,25.609129,22.677546,25.030853
19,16.845556,13.548618,13.681413,8.794555,10.301599,11.873922,12.136608,16.184029,16.74712,20.592148,24.181297,26.2469,21.581303,18.762182,16.014317,12.316815,9.38059,6.4714656,6.226565,0.0,5.642107,6.5634365,10.072055,10.2105055,10.0057,9.3876705,4.541203,4.6385727,7.7678275,6.1099963,13.79986,16.258165,19.75185,22.712713,24.87138,28.37237,28.536116,31.309797,25.831823,22.393955,21.703766,18.273079,15.561603,14.570385,11.772579,14.485354,11.343908,14.94882,16.641577,16.189215,14.823024,16.39253,20.615877,19.160168,23.188963,21.738806,19.681362,21.500597,24.43902,21.934473,25.95998,20.294119,24.946465,24.420685,28.726341,27.798662,30.485264,30.945635,28.063309,26.637081,23.630392,26.48432,25.389164,20.91812,24.067333,20.502087,25.466528,21.35794,25.795918,26.099096,27.193438,23.096478,21.783184,17.936815,15.53498,15.311057,11.4922495,13.562885,9.997553,13.719811,14.092054,17.812256,19.504663,23.308544,24.180704,22.536577,19.32929,18.502768,14.855177,16.365896,16.74876,13.731633,17.871798,19.009844,18.855408,21.923506,23.872335,25.272003,22.796295,26.528786,20.547508,24.026505,21.675074,24.882566
20,13.159398,11.047431,12.179904,8.7165365,11.810492,13.644954,15.390724,18.760431,20.608524,23.925293,28.196102,29.977816,24.901258,21.707186,19.138403,16.32131,12.242665,11.248662,7.7922373,5.642107,0.0,3.9657886,5.0209923,5.8368874,7.6030955,7.640629,6.504518,8.481302,12.656837,11.734158,19.250084,21.866642,25.209398,28.333418,30.417366,33.982956,34.019016,36.601753,31.091389,27.492998,26.976576,23.11668,20.594444,18.712055,16.157558,17.245605,12.152123,16.114918,17.189959,17.94504,17.548758,19.692589,24.019167,23.513235,26.90326,25.261639,23.685207,25.061768,28.420483,25.651453,30.393593,24.5438,29.264666,28.932682,33.008526,32.491177,34.622253,35.15669,32.373173,30.656107,27.695095,30.021708,28.896868,24.529531,27.452518,23.616617,28.449907,23.50154,28.462202,28.228397,28.241158,24.218596,21.835974,18.912697,16.374922,17.190096,12.576577,16.252003,12.956604,16.60252,17.389008,20.545643,22.708298,26.374496,26.308634,24.412605,21.424088,19.447706,15.802212,16.014194,16.220078,13.296243,18.245419,18.848852,20.023846,22.722517,24.856575,26.871052,24.356052,28.835447,22.99911,26.507061,24.714981,27.41352
21,11.777892,8.7953415,10.979656,7.3083405,10.51623,13.644067,15.083565,19.340069,21.247133,24.759247,28.911686,31.355124,26.423756,23.649797,20.350504,17.735994,13.326217,12.402697,9.003932,6.5634365,3.9657886,0.0,4.4104896,6.485342,7.1198115,8.560642,6.7078204,9.850053,13.576382,11.785518,20.114319,21.626923,25.768156,28.2419,30.888613,34.17785,34.685665,37.642403,32.168076,28.851164,27.750303,24.581741,21.256922,20.079813,16.578472,18.507866,13.234482,16.294401,16.692469,16.826498,16.227972,18.815481,22.573692,22.303864,25.874327,24.826723,23.559786,25.443968,29.000187,26.675167,31.35138,25.984701,30.988724,30.769459,35.07139,34.36123,36.962654,37.44612,34.556087,33.08238,30.081518,32.73541,31.527147,26.974232,29.80288,25.861713,30.500307,25.238997,29.896152,29.408974,29.804672,25.240313,23.30719,20.498133,18.536135,19.573889,15.24031,19.037123,15.816309,19.594103,20.04533,23.42815,25.154264,29.047735,29.40178,27.747126,24.7171,23.038427,19.389072,19.863384,20.120487,17.02798,21.848501,21.889833,23.104824,25.489594,27.329979,29.537827,27.257326,31.735117,25.963984,29.648914,27.68077,30.643288
22,9.994292,8.806594,11.597228,9.708395,13.380177,16.05023,18.283619,21.790188,24.330032,27.458408,31.990757,34.075825,28.908386,25.847628,22.89791,20.689196,15.98823,15.773816,11.4204,10.072055,5.0209923,4.4104896,0.0,4.9018474,7.529155,9.169614,9.86281,12.894373,17.05778,15.841915,23.871769,25.841438,29.66114,32.428864,34.868618,38.283318,38.58032,41.32754,35.812252,32.318867,31.478642,27.875168,24.888168,23.067686,20.011547,20.858486,14.82639,18.0965,18.22059,19.2962,19.37036,22.062908,25.961199,26.17402,29.270401,27.952951,26.888077,28.35447,32.066498,29.48497,34.56235,28.975021,33.925755,33.7849,37.894035,37.473457,39.630436,40.1727,37.37093,35.668896,32.70727,34.9714,33.77026,29.345484,32.053738,28.019455,32.586174,26.97055,31.94887,31.195534,30.795786,26.49451,23.804157,21.678856,19.595036,21.139349,16.512846,20.943018,17.908516,21.536911,22.273811,25.2661,27.337181,31.059708,30.765984,28.928583,26.083466,23.723356,20.205427,19.847618,19.966463,17.14324,22.218117,22.014935,24.007177,26.162977,28.137249,30.651846,28.336304,33.204075,27.575092,31.191189,29.605095,32.188774
23,14.826574,13.537232,16.185762,13.387989,16.766766,19.241,20.904686,24.559929,26.313076,29.733942,33.890045,35.64572,30.619003,27.328362,24.942972,21.873398,18.048782,16.465942,13.614214,10.2105055,5.8368874,6.485342,4.9018474,0.0,3.8084822,4.8847904,8.147197,11.1887665,15.485329,15.760617,23.333275,25.940723,29.715714,32.394695,34.53705,37.905678,37.693775,40.12499,34.535465,31.06091,29.910982,26.105478,23.009861,20.466587,17.700527,17.318039,10.777631,14.034332,14.235366,16.13865,16.875275,19.387829,23.645205,24.39227,26.686056,24.887207,24.05422,24.999239,28.886244,26.176094,31.75803,26.29165,31.42676,31.78041,35.777565,36.31604,38.085117,39.137035,36.59468,34.63157,31.282232,33.20223,31.578531,26.996677,29.174038,24.876106,29.046465,22.913836,27.956797,26.91754,26.166592,21.931269,19.023941,17.25211,15.431226,17.559847,13.124337,18.510437,16.475805,20.509674,22.098986,25.254902,27.843472,31.236835,30.900267,28.525331,25.46635,23.272062,19.655867,19.196564,18.286858,14.791382,19.565756,18.108261,20.636467,22.156858,23.909222,26.797213,24.78436,30.0542,24.871042,28.899244,27.885225,30.724884
24,17.190405,15.098098,17.930101,14.392598,17.376678,20.287283,21.2569,25.536137,26.668169,30.43406,34.16228,36.192745,31.425879,28.344246,25.79395,22.255919,18.907269,16.424364,14.761147,10.0057,7.6030955,7.1198115,7.529155,3.8084822,0.0,3.1881435,6.511235,10.042948,13.8798895,14.539687,22.133703,24.36229,28.592793,30.735342,33.05943,36.178326,36.00455,38.533257,32.95762,29.740644,27.971102,24.636784,20.888306,18.584011,15.25655,15.061488,8.447553,10.858516,10.736296,12.3907385,13.252882,15.895351,20.009655,21.108723,23.126137,21.480621,20.919016,22.026054,26.092493,23.69645,29.371946,24.380539,29.809137,30.482634,34.621613,35.46672,37.47074,38.745567,36.255383,34.38706,30.796995,32.882454,30.983036,26.161806,28.03425,23.57972,27.425491,20.975586,25.690825,24.446062,24.176912,19.450453,17.19306,15.303444,14.151049,16.45157,12.550331,18.103397,16.57196,20.917011,22.635344,26.139088,28.615593,32.018337,32.157604,29.73522,26.47455,24.835983,21.122671,21.169134,19.954111,16.001429,20.332594,18.098482,20.423792,21.524523,22.871492,25.900183,24.229305,29.480669,24.52633,28.889103,27.894398,31.180923
25,19.100878,17.047342,19.264856,15.430017,18.215675,20.522852,21.353096,25.282648,26.046661,29.798548,33.37121,35.002655,30.308033,27.059286,25.020134,21.148571,18.390427,15.429165,14.500759,9.3876705,7.640629,8.560642,9.169614,4.8847904,3.1881435,0.0,5.757602,8.279749,12.168805,13.767414,20.600666,23.549849,27.299145,29.738003,31.657688,34.89582,34.33757,36.58072,30.994213,27.663078,26.128916,22.405464,19.091158,16.222141,13.573951,12.569612,5.9060016,9.3631,10.213947,12.266855,13.162559,15.258128,19.866844,20.689896,22.538471,20.370342,19.532393,20.215498,24.134995,21.42279,27.19227,21.943607,27.252966,27.981396,31.980122,33.150944,34.85092,36.28356,33.927307,31.90452,28.233406,30.09626,28.118752,23.341398,25.125952,20.6652,24.560402,18.23093,23.156145,22.12127,21.725924,17.330849,14.875094,12.642325,11.113649,13.383217,9.430597,15.211628,14.108009,18.469864,20.582516,24.026396,26.773066,29.931686,29.977415,27.33435,24.03662,22.500668,18.829998,18.903934,17.328686,13.196783,17.301842,14.982332,17.240822,18.4001,19.856527,22.792046,21.060635,26.350254,21.466045,25.873531,25.088236,28.37748
26,18.418886,15.259351,16.620909,11.88353,13.858081,16.170706,16.277742,20.663624,20.945873,24.936495,28.22385,30.290993,25.80445,22.955402,20.428541,16.410347,13.909792,10.420416,10.604675,4.541203,6.504518,6.7078204,9.86281,8.147197,6.511235,5.757602,0.0,4.028361,7.723087,8.133275,15.669057,18.058264,22.09018,24.422983,26.650732,29.880224,29.782059,32.43595,26.871145,23.631002,22.093107,18.836256,15.2323265,13.612531,10.15154,11.880542,7.5069785,10.726958,12.157591,12.078062,11.322029,13.227995,17.688208,17.244154,20.42542,18.791561,17.280207,18.887224,22.389397,19.974855,24.821259,19.541597,24.776552,24.98723,29.317688,29.466402,31.920223,32.93799,30.301981,28.681686,25.208153,27.777729,26.119234,21.295668,23.725307,19.62796,24.051329,18.846893,23.31242,23.024147,23.94516,19.416162,18.159191,14.660776,12.898103,13.623068,9.947333,13.746141,11.570529,15.897797,17.180119,20.997702,23.09016,26.60454,27.39943,25.287495,21.912115,21.082611,17.346,18.472122,17.830578,14.019133,17.998478,17.363457,17.989988,20.133425,21.680481,23.743124,21.733202,26.107227,20.638275,24.764584,23.065454,26.61932
27,21.003258,17.861485,18.29763,13.41089,14.71011,15.966865,15.621129,19.430918,18.970982,22.951015,25.878183,27.501316,23.222193,20.30732,18.414997,13.8763485,12.617665,8.193738,10.309891,4.6385727,8.481302,9.850053,12.894373,11.1887665,10.042948,8.279749,4.028361,0.0,4.4179425,6.349963,12.383461,15.824849,19.07934,21.892529,23.592394,27.021833,26.542824,28.946524,23.361523,19.939703,18.861643,15.125497,12.242252,10.352649,7.935295,9.876965,7.748071,11.406062,13.805536,13.559455,12.422156,13.342253,18.082405,16.788685,20.137253,18.076532,15.918751,17.25857,20.225883,17.509604,21.94222,16.226519,21.176733,21.163157,25.447998,25.556831,27.907413,28.94579,26.35925,24.682365,21.182726,23.77522,22.185183,17.417267,20.105108,16.254913,21.02041,16.749496,21.161465,21.52236,22.77957,18.827564,17.860231,13.677954,11.409677,10.997716,7.7579975,10.091166,7.8818073,12.202174,13.67321,17.577593,19.771914,23.077785,24.063742,21.89305,18.447378,18.133558,14.510616,16.196997,15.577223,11.953251,15.315864,15.599771,15.19342,17.917234,19.628887,21.051126,18.827423,22.699383,17.04291,21.024117,19.14456,22.813711
28,24.559618,21.02829,21.028645,15.932953,16.299398,17.182814,15.795023,19.603125,17.940823,22.094305,24.144457,25.82457,22.179293,19.731524,18.07168,13.090439,13.466423,8.174624,12.562504,7.7678275,12.656837,13.576382,17.05778,15.485329,13.8798895,12.168805,7.723087,4.4179425,0.0,5.120948,8.627648,12.2579565,15.429995,17.943346,19.51468,22.82737,22.26196,24.741928,19.16534,15.953843,14.503584,11.213847,7.941281,7.144258,4.7616315,8.835263,9.8564825,12.324902,15.062158,13.81514,11.914623,11.809271,16.244473,13.960816,17.681513,15.708248,12.980539,14.646508,17.012074,14.596589,18.205515,12.741108,17.6466,17.57377,22.063898,22.043772,24.839672,25.944052,23.38885,21.972403,18.373495,21.371084,19.722042,14.919455,17.626492,14.176721,18.838188,15.689684,19.296215,20.238192,22.522306,18.77319,18.898598,14.242911,12.462381,10.957942,9.519045,9.503732,8.087907,11.70282,12.89929,16.953648,18.689371,21.79475,23.55668,21.604017,18.156431,18.903177,15.656369,18.089533,17.550983,14.273897,16.46999,17.059614,15.467468,18.23312,19.612799,20.357332,18.35006,21.304922,15.880286,19.7184,17.492771,21.592537
29,21.620398,17.688622,17.20915,12.093181,11.728363,12.86161,11.075319,15.5973425,14.293851,18.625383,21.020023,23.53677,19.704569,17.689436,14.85164,10.454036,9.922828,5.165558,9.476728,6.1099963,11.734158,11.785518,15.841915,15.760617,14.539687,13.767414,8.133275,6.349963,5.120948,0.0,8.587556,10.235795,14.286321,16.718573,19.15361,22.459381,22.929094,26.060015,20.69604,17.66659,16.508677,14.142695,10.974348,11.885123,8.805118,13.783962,13.392814,15.847304,17.868504,16.033535,13.575574,14.209754,17.81008,15.043219,19.8785,18.896948,16.331938,18.800737,21.05214,19.147675,21.97692,16.953773,21.375004,20.637474,25.189493,23.700861,27.191116,27.549704,24.596298,23.66614,20.695715,24.199005,23.153374,18.74215,21.960903,18.938562,23.711138,20.793642,24.267296,25.144863,27.483427,23.422096,23.38578,18.938875,17.06311,15.821596,13.555722,13.52015,10.502423,13.520576,13.238194,17.262274,18.111193,21.860117,23.899559,22.677237,19.45791,20.007143,16.764866,19.317005,19.791973,16.97787,19.922066,21.319635,19.895916,23.023996,24.591372,25.29386,23.066647,25.750711,19.998905,23.26145,20.356102,24.060637
30,29.386047,25.623045,24.224218,19.549082,18.26868,17.571796,14.782655,17.249903,13.46302,17.29744,17.627024,19.22243,16.93666,15.732769,14.744751,10.087085,13.664793,9.348616,15.554364,13.79986,19.250084,20.114319,23.871769,23.333275,22.133703,20.600666,15.669057,12.383461,8.627648,8.587556,0.0,6.3198967,6.92078,10.489847,11.361366,15.112757,14.836978,17.705153,12.431689,9.370947,9.436916,7.584783,7.458874,10.259127,10.500148,15.25919,18.305866,20.30727,23.082558,21.015701,18.352146,17.330593,20.344633,16.156761,20.761965,19.508741,16.07667,18.051113,18.402449,16.770962,17.100504,12.549553,15.165935,13.456657,17.901064,15.436223,19.558258,19.738848,16.843018,16.41837,13.74872,17.85654,17.251905,13.75484,17.258486,15.908628,20.385088,20.433435,22.626976,24.79066,28.06159,25.213877,26.106855,21.241964,19.449068,16.599773,16.464062,12.906929,11.322932,11.891575,11.000434,14.406605,14.397978,17.20235,20.479998,19.704092,16.863909,19.27165,17.16232,20.647343,21.22599,19.390886,20.326443,22.925333,19.642962,23.12813,24.492352,23.673206,21.564814,22.16114,17.071007,19.181877,15.636327,19.49135
31,30.160532,25.923544,24.5714,20.062492,17.99482,17.99317,14.305945,17.655754,13.598138,17.515299,17.050688,20.179123,18.60945,18.544527,16.23633,12.763144,15.550175,12.169936,17.68722,16.258165,21.866642,21.626923,25.841438,25.940723,24.36229,23.549849,18.058264,15.824849,12.2579565,10.235795,6.3198967,0.0,6.3066196,6.627222,10.071186,12.787558,14.527654,18.567099,14.170072,12.729812,11.2880125,12.462964,10.497473,14.811128,13.256985,19.220697,21.734083,22.917217,25.034168,21.984293,18.720188,17.871056,19.46026,14.66214,20.139061,20.243292,17.215534,20.244585,20.570885,20.063507,19.646772,16.80233,19.397274,17.879168,22.204235,18.934475,23.920195,23.66154,20.73118,21.114515,19.032246,23.351166,22.871765,19.599607,22.668007,21.33764,25.231781,24.919313,26.534573,28.378687,32.221275,28.73761,30.151651,25.425018,24.162987,21.831062,21.42903,18.867455,16.965015,17.900518,16.402363,19.621235,18.668488,21.723774,25.429525,25.256132,22.632902,24.89853,22.700195,26.111517,26.964754,24.894356,26.357456,28.432364,25.54288,28.673227,29.75755,29.239756,27.419237,28.044233,23.240986,25.36679,21.76378,25.475586
32,33.791645,29.91645,27.846394,23.712631,21.506062,20.129513,16.62579,17.953817,12.90846,15.814132,13.993004,15.905616,15.543107,16.056503,15.3753395,12.44788,17.035046,14.332802,20.146057,19.75185,25.209398,25.768156,29.66114,29.715714,28.592793,27.299145,22.09018,19.07934,15.429995,14.286321,6.92078,6.3066196,0.0,5.6256156,5.8220706,9.732585,10.7416115,14.303299,10.47892,9.08226,10.344116,11.343341,12.563418,16.36774,16.798597,21.758808,25.158562,26.850098,29.466782,26.898197,23.889313,22.6442,24.584839,19.70565,24.563297,24.065947,20.677591,22.8906,22.223827,21.428759,19.68494,16.825718,17.553022,14.929657,18.582464,13.726977,19.03028,18.10195,15.108815,16.071062,14.946826,19.400864,19.718876,17.679565,21.05913,20.98394,24.82785,26.285547,27.60113,30.176085,33.95869,31.39132,32.701378,27.842802,26.188055,23.107788,23.275953,19.078167,17.488934,16.817059,14.740697,16.940872,15.228651,17.449352,21.736977,22.113539,20.079681,23.173231,21.856445,25.571373,26.762928,25.582924,26.116697,29.366436,25.6135,29.190977,30.445753,29.002522,27.011425,26.349434,21.926376,22.844288,18.85505,21.993872
33,36.53878,32.32184,30.67243,26.412758,24.050026,23.498882,19.624441,21.838938,16.942638,19.889715,17.510508,20.216402,20.414282,21.321201,19.968939,17.238152,21.079838,18.134981,23.814365,22.712713,28.333418,28.2419,32.428864,32.394695,30.735342,29.738003,24.422983,21.892529,17.943346,16.718573,10.489847,6.627222,5.6256156,0.0,4.830374,6.3856983,9.387379,13.912508,11.105751,11.561188,10.539766,13.964521,13.686375,18.481155,18.121616,23.590452,27.27907,28.065157,30.308975,27.069778,23.796955,22.286556,23.029594,17.870491,22.691984,23.082952,20.048603,22.774908,21.802307,22.039877,19.514124,18.39042,19.242172,17.32753,20.891077,16.685343,22.261047,21.658121,19.111757,20.383045,19.126925,23.451366,23.361197,21.198633,23.837551,23.694517,26.771767,28.104528,28.631357,31.021544,35.445293,32.569508,34.589798,29.86586,28.853062,26.061749,26.5409,22.965536,21.793451,21.769547,20.068789,22.50056,20.844223,22.968523,27.323011,27.629656,25.500696,28.553267,26.997513,30.644955,31.531868,29.870289,30.48116,32.8434,29.284523,32.298546,33.11245,31.873388,30.351702,29.71437,25.82653,27.12827,23.484087,26.909784
34,39.378513,35.382877,33.49873,29.258156,27.050772,25.879713,22.258314,23.536993,18.34107,20.736856,17.798973,19.22797,20.13426,21.071869,20.919743,18.182629,22.846416,19.874794,25.827515,24.87138,30.417366,30.888613,34.868618,34.53705,33.05943,31.657688,26.650732,23.592394,19.51468,19.15361,11.361366,10.071186,5.8220706,4.830374,0.0,4.2267756,5.4010525,9.56274,7.4016657,8.580923,9.323137,12.720556,14.430891,18.69935,19.688725,24.312016,28.749842,29.760038,32.381668,29.538668,26.515211,24.66378,25.814323,20.75872,24.929056,24.697344,21.439234,23.432274,21.730204,21.762587,18.29053,17.377401,16.792475,14.324904,17.222961,12.385182,18.0627,17.331556,15.078139,16.690002,15.953366,20.10109,20.359331,19.117458,21.62937,22.40162,25.175945,27.798977,27.978476,30.872429,35.25501,33.116096,35.14581,30.405058,29.256163,26.011002,27.068321,22.551838,21.947487,21.090992,19.484217,21.283323,19.551603,20.814392,25.345427,25.743082,23.966465,27.537418,26.525593,30.263386,31.090982,29.889612,29.72423,32.561634,28.460114,31.556284,32.362785,30.489037,29.01079,27.446333,24.14536,24.708097,21.11915,24.224789
