,0,1,2,3,4,5,6,7,8,9,10,11,12,13,14,15,16,17,18,19,20,21,22,23,24,25,26,27,28,29,30,31,32,33,34,35,36,37,38,39,40,41,42,43,44,45,46,47,48,49,50,51,52,53,54,55,56,57,58,59,60,61,62,63,64,65,66,67,68,69,70,71,72,73,74,75,76,77,78,79,80,81,82,83,84,85,86,87,88,89,90,91,92,93,94,95,96,97,98,99,100,101,102,103,104,105,106,107
0,0.0,4.212327,6.321397,9.473252,11.816176,14.392681,17.062782,21.55492,24.43092,26.647985,31.102236,29.163633,27.66384,26.742178,21.90342,22.174713,17.044466,18.06013,14.962895,14.987819,16.033377,11.968552,17.564013,15.19804,19.227034,22.18079,23.229656,24.441393,24.185806,25.270418,28.612629,28.107874,35.426613,34.845768,38.69838,40.75804,42.905613,42.244865,38.169205,34.023693,37.295097,31.89196,32.412437,29.595331,30.393238,28.490911,25.884619,26.632683,25.195198,26.652107,26.88573,25.837185,26.755268,27.805414,29.566732,32.52241,31.35602,33.528084,37.97551,37.432545,33.484173,37.643288,35.833187,35.086006,38.428486,33.748215,35.334484,32.23364,34.568565,30.100412,26.297216,25.322372,25.218464,26.05745,28.527878,25.182575,29.352896,31.413443,33.455563,36.931496,36.379723,32.366352,33.79676,29.709555,27.873087,24.483912,23.641043,17.938148,17.774664,15.77565,16.262379,16.616455,12.032086,12.544548,11.209848,15.580113,17.066181,20.613304,21.944057,27.078228,30.967993,32.133114,34.20244,33.80195,28.004234,27.649641,25.183,23.274637
1,4.212327,0.0,5.233338,6.591088,8.520283,12.179397,13.807554,19.083376,21.300524,23.728542,27.874296,26.238594,25.194815,24.046423,19.432066,19.031914,14.054879,14.343991,11.4296465,10.829914,12.14743,8.386031,14.296122,12.637523,16.664278,19.04181,19.958326,20.81584,20.16058,21.121567,24.460821,23.914589,31.239132,30.759653,34.532486,36.672077,38.812057,38.08509,34.06315,29.929594,33.10193,27.742579,28.225756,25.567192,26.313168,24.70224,22.22255,23.291521,22.225204,23.785778,23.863415,23.284197,24.237852,25.151096,26.37782,29.108103,27.633259,29.941404,34.250946,33.704166,29.751633,33.833096,31.82468,31.156713,34.351784,29.828579,31.473314,28.330408,30.949797,26.61401,22.59183,21.787745,21.339226,22.64298,24.681524,21.507965,25.758892,27.663952,29.83304,33.233177,32.759396,28.710423,29.94813,25.882175,23.851866,20.596317,19.594473,13.772057,13.841063,12.052722,13.169658,14.044408,9.832762,10.2185,7.7300935,12.532217,13.438492,16.995737,18.408571,23.35259,27.392227,28.296457,30.348368,30.244488,24.322254,24.402094,22.175041,20.59179
2,6.321397,5.233338,0.0,5.142286,6.569902,8.47192,11.375751,15.313813,18.529884,20.528345,25.178244,23.243088,21.584555,21.010715,16.108328,16.90922,12.268477,13.652702,12.241929,12.531865,15.126108,12.474949,18.541664,17.547182,21.451036,23.356445,23.638668,24.398945,22.337917,23.236687,25.959269,25.054245,31.691214,30.736376,34.83134,36.429047,38.916107,38.676674,34.611725,30.650148,34.291294,29.546633,29.83437,28.154009,28.235018,27.555172,24.868906,26.328308,25.48796,26.44874,25.915302,25.01121,25.211374,25.29964,26.654322,29.353672,28.548326,31.224855,35.271458,35.444736,31.642328,36.21233,33.954403,33.849396,36.644302,32.734676,34.40899,30.951693,34.084236,30.180233,25.847961,24.676373,23.525108,24.286785,25.51942,21.70627,25.42161,27.11832,28.767008,32.28179,31.251043,27.317251,28.737421,24.67271,23.329588,19.734272,19.462706,14.750532,14.965918,14.457576,15.263932,17.168766,12.760469,11.75192,8.869714,12.306711,12.715604,16.594429,16.71784,22.06939,25.508566,27.241758,29.648167,29.045422,23.683725,22.82316,20.933512,18.355185
3,9.473252,6.591088,5.142286,0.0,3.812289,6.10167,8.559609,13.333562,15.472918,18.412773,22.23918,20.006144,18.911963,17.55507,12.952973,12.70986,7.65113,9.014696,7.2445006,8.661546,11.398457,10.040429,15.809992,15.964042,20.210087,21.41699,22.257872,21.989902,19.76419,19.746536,22.837458,20.921541,27.915962,26.42765,30.719234,32.29837,34.492985,34.317776,30.071999,26.060362,30.117756,25.43187,26.214783,24.833958,25.30159,25.228645,23.164974,25.119179,24.899817,26.273926,25.69367,25.625452,25.995375,25.916563,26.294445,28.470833,26.969519,29.907587,33.58227,33.625713,29.83981,33.896954,31.103096,30.852531,32.999752,29.209354,30.510925,26.730713,29.9227,26.405996,21.993132,20.313576,18.976433,19.314869,20.554667,16.654238,20.441792,22.354738,24.158638,27.688591,27.027292,23.056437,24.946064,20.832165,19.651476,15.711315,16.37719,11.728851,13.223747,13.3917055,15.453034,17.700148,14.173883,13.415021,9.070095,12.744874,11.306906,15.3088455,14.618495,19.59933,22.921131,24.497057,27.192642,27.350391,21.944153,21.87469,20.775763,18.531511
4,11.816176,8.520283,6.569902,3.812289,0.0,5.3671846,5.314306,10.916541,12.79653,15.317601,19.384129,17.871616,17.044537,16.082033,11.6924715,11.294799,7.4070897,7.50192,8.145809,7.8651075,11.646034,11.068888,16.463564,17.041075,20.537868,21.185644,21.1254,21.017855,17.668474,18.041233,20.425558,19.024193,25.344275,24.230473,28.36975,29.871336,32.428497,32.28957,28.275288,24.426144,28.167246,23.861868,24.096802,23.270073,23.034187,23.44595,21.14507,23.32719,23.32285,24.261316,23.274092,23.215258,23.229673,22.74338,22.951788,25.04938,23.83642,26.913237,30.461147,30.878716,27.210928,31.631182,28.86541,29.09258,31.28079,27.989777,29.646358,26.009516,29.73852,26.421528,21.792543,20.694574,18.621412,19.833004,19.816525,16.069405,19.609144,20.918652,22.59842,26.026825,24.972212,20.989159,22.225224,18.148973,16.807877,13.17116,13.273615,9.309211,10.541926,11.6215515,13.522715,16.48507,13.394759,11.9243765,7.3411436,9.81141,7.7568955,11.784416,10.918599,16.04719,19.481035,21.078552,23.708311,23.634926,18.319345,18.07147,17.090588,14.844877
5,14.392681,12.179397,8.47192,6.10167,5.3671846,0.0,5.8415074,7.746535,10.991216,13.619836,17.749142,15.038621,13.283821,12.579787,7.6398783,9.227939,5.8722997,8.733118,10.186101,12.082745,15.672811,15.534493,20.863249,21.64436,25.557125,26.164091,26.333426,25.852034,22.139389,21.915142,24.06896,21.660654,27.393064,25.241581,29.833368,30.643482,33.212082,33.68651,29.507656,25.893919,30.426798,26.769781,27.309486,27.271692,26.95418,28.10487,26.02153,28.417734,28.579264,29.374573,28.152065,27.999605,27.612482,26.565039,26.687675,28.534773,27.66667,31.004166,34.129192,34.998405,31.517097,35.903904,32.7821,33.207066,34.695023,31.833466,33.11652,29.09577,32.86364,30.045624,25.45417,23.545305,21.329779,21.139849,20.952736,16.524036,19.208685,20.638493,21.640282,25.207651,23.81555,20.106989,22.258099,18.30688,18.253817,14.049585,16.022846,13.60554,15.310804,16.901287,18.698683,21.776476,18.455957,16.759773,12.505318,14.185959,11.65605,15.4090805,12.585726,17.529675,19.746002,22.369505,25.5376,25.320812,20.912138,19.94652,19.754786,16.585642
6,17.062782,13.807554,11.375751,8.559609,5.314306,5.8415074,0.0,6.688249,7.6200566,10.14887,14.089672,12.997568,12.605105,11.940797,8.320896,7.7518053,6.7294874,6.038234,10.071388,9.763417,13.975408,14.926163,19.38271,20.854506,23.81834,23.573015,22.903484,22.31822,17.494036,17.506634,18.871222,17.056253,22.10491,20.631517,24.889692,25.869827,28.771837,29.056273,25.206177,21.742365,25.666588,22.366392,22.29932,22.847092,21.855375,23.614119,21.55033,24.259758,24.870232,25.373285,23.793627,24.07104,23.511951,22.140135,21.576958,23.081083,22.129843,25.600843,28.472246,29.563591,26.245457,30.753696,27.611143,28.4795,29.961285,27.66327,29.329218,25.59007,29.923254,27.364206,22.631773,21.578388,18.561596,19.822832,18.10813,14.323179,16.93055,17.502516,18.691048,22.017166,20.415995,16.559616,17.564451,13.587004,12.924234,9.258015,10.385488,9.251905,10.977448,13.684385,15.64138,19.283676,17.047953,15.03848,10.728912,10.934309,7.003729,10.222382,6.887248,11.798877,14.548498,16.731657,19.76775,19.716717,15.172668,14.686316,14.927224,12.429017
7,21.55492,19.083376,15.313813,13.333562,10.916541,7.746535,6.688249,0.0,5.2901235,6.3896823,10.974709,8.896791,6.9836802,8.127523,5.1751347,8.033796,9.6921015,10.993078,15.314038,16.225407,20.28347,21.320414,25.858349,27.369635,30.497826,30.203033,29.368633,28.702114,23.340939,23.101805,23.73332,21.398264,24.839025,22.4779,26.934471,26.861414,30.026766,31.130505,27.441143,24.59407,28.997934,26.84369,26.72798,28.3434,26.889887,29.471632,27.468752,30.305435,31.028475,31.108118,29.144922,29.146246,27.942303,25.76759,25.220596,26.386103,26.256605,29.906755,32.14565,34.01483,31.095413,35.73039,32.400093,33.75061,34.545162,33.032387,34.492226,30.574175,35.072662,33.090126,28.425909,26.906178,23.646254,23.856483,21.453402,17.359766,18.456741,18.575579,18.541704,21.73983,19.221285,16.070604,17.592411,14.27726,15.469581,12.046631,14.758023,15.586654,17.145271,20.134754,21.644207,25.454517,22.97753,20.57619,16.761223,16.107466,12.609983,14.935664,9.898861,13.596177,14.087428,17.830494,21.30892,20.665472,17.929735,16.110851,17.409552,13.846067
8,24.43092,21.300524,18.529884,15.472918,12.79653,10.991216,7.6200566,5.2901235,0.0,4.647376,6.82818,5.6976323,6.632126,6.472316,6.4473734,6.041201,10.089542,9.69232,15.047373,15.547219,19.35276,21.496767,25.010302,27.295828,29.998453,28.950912,28.079079,26.752468,20.957687,20.101196,20.278181,17.38643,20.043499,17.354153,21.824974,21.598888,24.77078,25.982264,22.40039,19.828583,24.253963,22.763895,22.6781,25.094542,23.521744,26.939741,25.51686,28.690731,29.982138,30.174154,28.11215,28.833466,27.74643,25.462282,23.889305,24.350866,23.666866,27.453716,29.097977,30.99621,28.327654,32.469696,28.777012,30.295479,30.42094,29.53395,30.841217,26.960667,31.703587,30.338554,25.808899,24.444088,20.694458,21.210325,17.605923,14.071749,14.469028,13.889361,13.761154,16.792595,14.2248745,10.97079,12.353216,9.0782795,10.898248,7.815233,11.661685,14.198301,16.33585,19.89483,21.924015,25.81655,24.22478,22.03973,18.014822,17.08744,12.634461,14.042058,8.331843,10.225492,10.100485,13.669735,17.447418,17.734434,15.393126,14.696628,16.99726,14.528508
9,26.647985,23.728542,20.528345,18.412773,15.317601,13.619836,10.14887,6.3896823,4.647376,0.0,5.811131,7.22408,7.5859866,9.502765,9.792697,10.640707,14.200403,13.71312,19.067602,18.838516,22.87547,24.684086,28.3412,30.372438,32.667046,31.597698,29.966131,29.170565,22.802517,22.666346,21.92784,20.152044,21.365318,19.446913,23.331015,22.758371,26.453386,27.793898,24.787342,22.684439,26.380709,25.468143,24.632423,27.443878,25.073586,28.659065,26.855366,29.929213,31.145031,30.729834,28.296629,28.644024,26.993282,24.127136,22.73957,23.132973,23.424843,27.16216,28.563055,31.11837,28.76308,33.396576,30.050156,32.12258,32.47401,32.08777,33.7818,30.239624,35.212864,33.83769,29.284737,28.432632,24.525772,25.612612,21.580284,18.435278,18.554607,17.356424,16.781757,19.285912,15.974247,13.437211,13.316607,10.960163,12.713509,11.044622,13.290513,16.638433,17.889877,21.635323,22.969353,27.065716,25.572708,22.963,19.618639,17.565525,13.720362,14.330998,8.633204,9.782826,8.511355,12.923333,16.410246,15.58957,14.488476,12.504705,15.254185,12.433565
10,31.102236,27.874296,25.178244,22.23918,19.384129,17.749142,14.089672,10.974709,6.82818,5.811131,0.0,5.492688,8.476687,9.397282,12.19266,11.648287,16.570957,15.602559,21.140358,21.183798,24.732323,27.423988,30.190102,32.888885,35.004887,33.319542,31.909988,30.349707,23.882807,22.885305,21.715221,19.04105,18.684414,15.871632,19.658659,18.28303,21.906876,23.802713,21.086819,19.748272,23.596163,23.9216,23.32807,27.166216,24.838034,29.35613,28.314486,31.665012,33.422413,33.186962,30.73451,31.753473,30.24035,27.312912,24.962711,24.488958,24.234833,28.009302,28.494589,31.140852,29.218857,33.07197,29.274557,31.496622,30.75069,31.24984,32.529755,28.998508,34.033516,33.540394,29.311975,28.31845,24.137236,24.898985,19.842642,17.454273,16.196354,14.119409,12.726451,14.564373,10.769706,9.175065,9.009306,8.075595,11.440548,10.825068,14.313738,18.918835,20.763727,24.738932,26.56331,30.58325,29.669415,27.332714,23.745451,21.877556,17.514608,17.52678,11.939483,10.587259,7.1615787,11.421756,15.180075,15.606741,15.797523,15.086458,18.725092,16.95348
11,29.163633,26.238594,23.243088,20.006144,17.871616,15.038621,12.997568,8.896791,5.6976323,7.22408,5.492688,0.0,4.0508547,4.128766,8.065192,8.41107,13.520913,13.961656,18.941835,20.347393,23.769627,26.27419,29.489527,32.075794,34.966618,33.72191,33.140488,31.34703,25.601793,24.106405,24.096281,20.311977,21.758005,17.874847,22.416405,21.167933,24.077372,26.084806,22.64792,20.801754,25.743399,25.319075,25.62414,28.788137,27.33168,31.365099,30.383701,33.69915,35.23416,35.46671,33.336823,34.236538,33.03397,30.494852,28.591957,28.57822,27.915388,31.73506,32.714306,34.86061,32.531757,36.211426,32.19275,33.806023,32.987583,32.74275,33.56156,29.521532,34.157948,33.521774,29.262486,27.36473,23.601124,23.008747,18.994915,15.67042,14.382852,13.436138,11.950926,14.579955,11.488255,9.493848,12.207024,10.316089,13.80983,11.345406,16.252367,19.373825,21.803015,25.390936,27.567856,31.430264,29.845585,27.706825,23.595793,22.775078,18.31248,19.479204,13.691809,14.148863,12.058248,16.008102,19.931171,20.552588,19.59703,18.885252,21.83524,19.360207
12,27.66384,25.194815,21.584555,18.911963,17.044537,13.283821,12.605105,6.9836802,6.632126,7.5859866,8.476687,4.0508547,0.0,3.9651859,6.3083887,9.004654,13.075165,14.642021,19.153685,20.97322,24.598783,26.469398,30.37157,32.502533,35.745365,34.98594,34.471073,33.053734,27.510376,26.361004,26.690506,23.171404,25.31908,21.660076,26.26624,25.172825,28.080236,29.998579,26.428202,24.30248,29.316832,28.360882,28.67289,31.321775,29.945444,33.486248,32.12314,35.271603,36.46039,36.63709,34.550705,35.00303,33.708595,31.196045,29.916489,30.351486,30.045534,33.84232,35.229652,37.386063,34.85559,38.906326,35.07362,36.577454,36.20211,35.49722,36.40595,32.26625,36.762623,35.702065,31.301868,29.209433,25.737978,24.835472,21.68095,17.800892,17.117207,16.811346,15.55046,18.362799,15.444105,13.389165,16.081518,13.8364,16.805738,13.779212,18.264086,20.455578,22.650824,25.964062,27.881062,31.720598,29.560762,27.297726,23.260183,22.632471,18.60674,20.32867,14.6081705,16.267982,14.669559,18.915215,22.756767,22.72678,21.459745,20.000345,22.445803,19.262123
13,26.742178,24.046423,21.010715,17.55507,16.082033,12.579787,11.940797,8.127523,6.472316,9.502765,9.397282,4.128766,3.9651859,0.0,5.0179987,6.121212,10.7194195,12.315072,16.546097,18.905956,22.141392,24.391153,27.912512,30.326792,33.736034,32.870316,32.889004,31.01517,25.934198,24.215845,25.076183,20.795261,23.696331,19.517166,24.411684,23.555052,26.009188,27.82361,23.91426,21.565613,27.022465,25.816751,26.674152,29.13237,28.317356,31.815613,30.835882,34.05045,35.37188,35.961964,34.122337,34.936684,34.03108,31.880018,30.315735,30.671547,29.683357,33.478497,34.90976,36.61972,33.961876,37.54795,33.477955,34.60728,33.953224,33.020573,33.59229,29.273287,33.552704,32.646748,28.381771,25.925316,22.596365,21.167084,18.268385,14.266003,13.502895,13.689245,12.700798,15.847819,13.658071,11.204822,14.966227,12.397659,15.377784,11.845395,17.14689,18.95047,21.695229,24.862488,27.260796,30.907833,28.884655,26.978508,22.571249,22.608065,18.237904,20.184963,14.674162,16.300322,15.250156,18.877016,22.82064,23.55672,21.66049,21.080936,23.42659,20.670773
14,21.90342,19.432066,16.108328,12.952973,11.6924715,7.6398783,8.320896,5.1751347,6.4473734,9.792697,12.19266,8.065192,6.3083887,5.0179987,0.0,4.898879,7.0586996,9.736542,13.380919,15.870804,19.351074,20.824682,25.079603,26.936264,30.618322,30.309923,30.40995,29.028122,24.362125,23.166794,24.584457,20.902288,25.124725,21.70046,26.597975,26.44228,28.98022,30.255383,26.143423,23.173069,28.402,26.130783,26.8999,28.402285,27.77539,30.421034,28.989319,31.944525,32.83543,33.497288,31.854357,32.28262,31.525232,29.72052,28.812962,29.774984,28.867,32.559544,34.68893,36.114197,33.091293,37.065456,33.313328,34.176956,34.36899,32.628845,33.472874,29.170172,33.295097,31.615568,27.142746,24.76788,21.81204,20.699894,18.937267,14.431247,15.25656,16.143635,16.100758,19.552874,17.71562,14.5657425,17.69254,14.310429,16.06157,11.866464,16.200657,16.482445,18.9782,21.690792,23.909231,27.415905,24.880352,23.003227,18.59259,19.134378,15.225746,17.93054,12.999801,16.223898,16.546322,19.969112,23.724176,24.00677,21.045599,20.177979,21.62209,18.497972
15,22.174713,19.031914,16.90922,12.70986,11.294799,9.227939,7.7518053,8.033796,6.041201,10.640707,11.648287,8.41107,9.004654,6.121212,4.898879,0.0,5.4691257,6.269644,10.618475,12.8874445,16.020807,18.410017,21.791374,24.26489,27.681547,26.872133,27.212814,25.26428,20.726458,18.93474,20.57833,16.291447,20.996326,17.434824,22.409096,22.6328,24.89328,25.897963,21.626978,18.452448,23.791012,21.39767,22.479261,24.039997,23.745932,26.613907,25.679058,28.799139,30.03669,31.01628,29.517977,30.539206,30.13641,28.597563,27.061646,27.698557,26.047117,29.721394,31.693846,32.74476,29.727354,33.18241,29.198977,29.858974,29.75172,28.035604,28.70964,24.366478,28.540102,27.110523,22.714027,20.370808,17.174091,16.322351,14.083482,9.677821,10.807134,11.819832,12.464551,16.052408,14.8913355,11.2390175,14.563767,10.890205,12.314128,7.822184,12.929442,13.453617,16.580805,19.43205,22.21263,25.605446,23.745436,22.229774,17.564037,18.335361,13.831047,16.205313,11.600691,14.090162,14.938953,17.46939,21.192692,22.360987,18.974167,19.294594,20.916916,18.71814
16,17.044466,14.054879,12.268477,7.65113,7.4070897,5.8722997,6.7294874,9.6921015,10.089542,14.200403,16.570957,13.520913,13.075165,10.7194195,7.0586996,5.4691257,0.0,4.6464825,6.37475,9.73911,12.724848,14.1388,18.343056,20.180447,24.179062,24.12824,25.028738,23.45986,20.04411,18.634226,21.304615,17.562714,23.848906,20.9909,25.794615,26.706362,28.735323,29.186594,24.74531,21.027628,26.080713,22.44069,23.726896,23.889746,24.23639,25.872114,24.63349,27.363943,28.084393,29.419077,28.36832,29.083212,29.10016,28.21747,27.37666,28.646624,26.830473,30.25625,32.980793,33.466766,30.037407,33.59627,29.958933,30.046022,30.768652,27.97177,28.715248,24.39325,28.046812,25.74442,21.290195,18.777065,16.455767,15.552223,15.431968,10.849908,13.706879,15.633529,17.025904,20.64543,20.0223,16.211382,19.155878,15.18497,15.295672,10.685443,14.10037,11.989227,14.989184,16.846033,19.666925,22.599771,20.130276,19.012827,14.193353,16.299374,12.596964,15.938109,12.813023,16.669788,18.782207,20.831474,24.189545,25.09721,20.621056,20.939732,21.438591,19.156258
17,18.06013,14.343991,13.652702,9.014696,7.50192,8.733118,6.038234,10.993078,9.69232,13.71312,15.602559,13.961656,14.642021,12.315072,9.736542,6.269644,4.6464825,0.0,5.6406846,6.6244392,9.963775,12.397697,15.738836,18.15691,21.42567,20.734156,21.240799,19.456692,15.57982,14.114983,16.659742,13.185998,19.70553,17.530743,22.041235,23.416283,25.546991,25.596037,21.314106,17.466398,21.988985,18.176825,19.187248,19.415031,19.594528,21.43629,20.359789,23.27029,24.311571,25.65841,24.558437,25.71589,25.872993,25.078466,23.731277,24.764795,22.541758,25.941717,28.593576,28.928717,25.523628,28.97202,25.317886,25.496145,26.34425,23.67337,24.706629,20.585196,24.631557,22.34727,17.731794,15.985154,13.044117,13.784796,12.610587,8.735547,12.180548,13.553259,15.529708,18.933586,18.482927,14.438167,16.41287,12.341015,11.447441,7.1522574,9.837463,7.8915296,11.33626,13.646023,16.803875,19.859589,18.2718,17.23597,12.458222,14.087185,9.8387165,12.601453,10.096226,13.382094,16.208616,17.394262,20.47886,21.806278,16.95972,18.13835,18.705772,17.312975
18,14.962895,11.4296465,12.241929,7.2445006,8.145809,10.186101,10.071388,15.314038,15.047373,19.067602,21.140358,18.941835,19.153685,16.546097,13.380919,10.618475,6.37475,5.6406846,0.0,5.393503,6.820055,8.513608,12.181198,14.21076,18.41221,18.502909,20.33993,18.48517,16.731947,15.113872,18.988005,15.561229,23.343864,21.31175,25.63282,27.470226,28.985373,28.630636,24.168879,20.014774,24.444885,19.604248,21.326477,20.029009,21.433424,21.935953,21.051006,23.463432,24.067602,26.11144,25.712715,26.819412,27.628992,27.654373,26.773445,28.177477,25.519436,28.524216,31.65568,31.205378,27.518291,30.477703,27.058474,26.341045,27.589138,23.78966,24.44042,20.29342,23.355755,20.378798,16.037,13.600076,12.203507,12.091935,13.800897,10.2661085,14.584126,16.96096,19.358017,22.722862,23.022362,19.079758,21.467424,17.516737,16.230453,12.317244,14.047038,9.74088,12.927686,13.565522,16.977333,19.057064,17.082394,16.979061,12.276185,15.701755,12.723708,15.924681,14.931103,18.509695,21.732334,22.503014,25.270859,26.716387,21.319561,22.732113,22.506563,21.25733
19,14.987819,10.829914,12.531865,8.661546,7.8651075,12.082745,9.763417,16.225407,15.547219,18.838516,21.183798,20.347393,20.97322,18.905956,15.870804,12.8874445,9.73911,6.6244392,5.393503,0.0,4.3048844,6.35281,9.668857,11.786535,14.850109,14.519987,15.393217,14.039226,11.799835,11.198124,14.865255,13.158317,20.855463,20.264627,23.927032,26.284773,28.166079,27.298279,23.292408,19.153236,22.358086,17.172512,17.992628,16.20389,17.118658,17.138832,15.830257,18.218327,18.832756,20.752357,20.334822,21.584978,22.551573,22.837404,21.907465,23.434748,20.669836,23.479734,26.920244,26.31914,22.523691,25.841505,22.829674,22.304722,24.439291,20.560371,22.030685,18.497084,22.02649,18.57897,13.943083,13.323382,11.406031,14.08528,14.509168,12.145094,16.52834,18.003946,20.64248,23.708279,23.762077,19.734215,20.669239,16.797894,14.279583,11.465362,10.703609,5.002875,7.874208,8.401664,12.058692,14.274342,13.137418,13.071567,8.69319,11.729474,9.123204,11.763465,12.49896,15.8690605,19.979687,19.934467,22.08886,23.40731,17.495014,19.385086,18.651432,18.266703
20,16.033377,12.14743,15.126108,11.398457,11.646034,15.672811,13.975408,20.28347,19.35276,22.87547,24.732323,23.769627,24.598783,22.141392,19.351074,16.020807,12.724848,9.963775,6.820055,4.3048844,0.0,4.7183266,5.7827024,8.733382,12.062073,11.715943,14.0725765,12.002243,12.042099,10.769434,15.438969,13.549667,21.895555,21.4281,24.761171,27.520653,28.808313,27.541796,23.535692,19.305344,22.212944,16.385956,17.891445,14.954549,17.121944,16.25734,15.692622,17.729107,18.346186,20.99557,21.205616,22.859097,24.424189,25.306852,24.241543,25.644903,22.253757,24.660849,28.11623,26.768572,22.93902,25.366205,22.426186,21.075117,23.257854,18.594957,19.665512,16.24322,18.997496,15.10737,10.7493725,10.059421,9.411,12.315305,14.252207,12.817363,17.449224,19.319324,22.319897,25.17637,25.904676,22.015053,23.134398,19.509197,16.811523,14.414451,13.656637,8.148456,10.592065,9.874911,13.679158,14.786377,14.259111,15.139829,11.460681,15.009749,13.053414,15.220173,16.511728,19.29858,23.422756,22.835808,24.712193,26.51457,20.543068,23.010036,22.159311,22.228703
21,11.968552,8.386031,12.474949,10.040429,11.068888,15.534493,14.926163,21.320414,21.496767,24.684086,27.423988,26.27419,26.469398,24.391153,20.824682,18.410017,14.1388,12.397697,8.513608,6.35281,4.7183266,0.0,6.0761666,6.164894,10.532285,11.923904,14.251528,13.656974,14.48488,14.480367,18.804823,17.91724,26.006172,25.827442,29.143887,31.876955,33.37741,32.105778,28.170553,23.955439,26.648634,20.751705,21.827541,18.374458,20.26434,18.360695,17.002638,18.32763,18.039726,20.650963,21.182755,22.090042,23.8133,25.13068,24.996468,27.013985,24.1418,26.282255,30.282715,28.887032,24.91057,27.813848,25.497332,24.111063,27.06275,22.075111,23.415617,20.40892,22.685942,18.238081,14.3397875,13.928567,14.008918,16.356606,18.85046,16.943018,21.587282,23.557892,26.380495,29.413502,29.831154,25.83907,26.905088,23.09814,20.399097,17.793463,16.50252,10.214317,11.357431,9.237284,12.272494,12.651563,11.134217,12.573478,9.509669,14.061211,13.528654,16.171427,18.143791,21.769348,26.131342,25.853683,27.61457,28.757671,22.542599,24.352152,22.721256,22.490583
22,17.564013,14.296122,18.541664,15.809992,16.463564,20.863249,19.38271,25.858349,25.010302,28.3412,30.190102,29.489527,30.37157,27.912512,25.079603,21.791374,18.343056,15.738836,12.181198,9.668857,5.7827024,6.0761666,0.0,4.455916,7.1491876,7.349347,11.560489,9.636209,13.087027,12.386906,17.264664,16.621546,24.805983,25.185555,27.77829,31.04286,31.933903,30.077642,26.459656,22.385876,24.181032,17.876253,19.385603,14.804955,17.940191,15.240533,15.124995,16.172358,16.36256,19.767067,20.881765,22.725634,25.04951,26.830832,25.985918,27.498566,23.731709,25.377234,29.100773,26.834082,23.001196,24.61696,22.40394,20.149408,23.13781,17.512316,18.575773,16.159908,17.623058,12.746941,9.53497,10.284585,11.548317,15.038578,17.94224,17.583359,22.122488,23.986616,27.19393,29.755285,30.855595,27.105986,27.840076,24.489573,21.349863,19.660229,17.965256,12.451097,13.656948,11.412204,14.620547,14.09057,14.543343,16.518854,14.254064,17.978985,17.240911,18.855074,21.340202,23.801878,28.220503,26.999496,28.276943,30.181473,24.05191,26.897806,25.495745,26.191315
23,15.19804,12.637523,17.547182,15.964042,17.041075,21.64436,20.854506,27.369635,27.295828,30.372438,32.888885,32.075794,32.502533,30.326792,26.936264,24.26489,20.180447,18.15691,14.21076,11.786535,8.733382,6.164894,4.455916,0.0,5.432419,8.266244,12.149259,11.95303,15.725676,16.060495,20.546299,20.633076,28.634666,29.23139,31.850815,35.088196,36.189865,34.34378,30.7718,26.687044,28.36322,22.077324,23.173847,18.369875,21.084436,17.587576,16.721237,17.015436,16.270765,19.624588,21.102962,22.26484,24.779152,27.000753,26.960274,28.978594,25.678804,27.050936,31.22712,28.923023,25.009956,27.043753,25.444471,23.24522,26.878298,21.144571,22.464495,20.428814,21.555141,16.445208,13.75761,14.527038,15.953868,18.969439,22.143368,21.303417,25.93745,27.87842,30.97273,33.704323,34.541615,30.672028,31.35355,27.825794,24.65776,22.770231,20.693789,14.639614,14.973509,11.763042,14.080843,12.610089,12.528538,15.1139765,13.777946,17.956871,18.333889,20.204264,23.206436,26.26859,30.88922,29.895786,31.076183,32.44455,26.134697,28.472677,26.444527,26.96589
24,19.227034,16.664278,21.451036,20.210087,20.537868,25.557125,23.81834,30.497826,29.998453,32.667046,35.004887,34.966618,35.745365,33.736034,30.618322,27.681547,24.179062,21.42567,18.41221,14.850109,12.062073,10.532285,7.1491876,5.432419,0.0,4.466953,8.2302685,9.100196,14.437865,15.663276,19.494602,21.117249,28.328276,30.020311,31.838356,35.442158,36.55115,34.24153,31.252642,27.462715,27.87882,21.685505,22.104078,16.618296,19.230045,14.524799,13.800356,13.185242,12.192649,15.936084,18.019474,19.560617,22.582588,25.375671,25.21972,27.121748,23.625843,24.291847,28.54138,25.665846,21.912931,23.526255,22.750648,20.340929,24.841616,19.049753,20.96653,20.056274,21.020424,15.785827,13.832759,16.350895,17.601585,21.929379,24.252344,24.225286,28.675753,30.106375,33.295162,35.69254,36.53619,32.797066,32.621517,29.440548,25.74432,24.794106,21.588577,16.180079,15.626085,12.115383,13.696347,11.236632,13.1359,15.947999,15.836292,18.96783,19.896927,20.777529,24.75894,27.110584,31.954905,30.24093,30.734865,32.143925,25.938791,28.726892,26.445486,27.840508
25,22.18079,19.04181,23.356445,21.41699,21.185644,26.164091,23.573015,30.203033,28.950912,31.597698,33.319542,33.72191,34.98594,32.870316,30.309923,26.872133,24.12824,20.734156,18.502909,14.519987,11.715943,11.923904,7.349347,8.266244,4.466953,0.0,5.7577267,4.890897,11.305271,12.238771,15.90999,17.871855,24.665043,26.75913,28.126434,31.90487,32.87381,30.348652,27.652119,24.078665,23.88838,17.798777,18.095812,12.371372,15.292064,10.535218,10.740391,10.5455265,10.6881895,14.615714,16.494198,18.925575,21.889633,24.42019,23.423397,24.778645,20.738522,21.35351,25.211754,22.09785,18.452223,19.48403,18.503922,15.917665,20.410913,14.657499,16.827364,16.287674,17.56511,12.563553,10.658764,14.246853,15.070317,20.28331,21.784586,22.483622,26.650053,27.716146,30.968796,33.04816,34.056488,30.515163,29.948795,27.114338,23.232027,22.927559,19.49794,14.988829,14.690833,11.978788,14.051084,12.353362,15.126798,17.391151,16.840399,19.217402,19.427683,19.66485,23.59305,25.108725,29.841984,27.622814,27.868544,29.749355,23.787485,27.193481,25.377,27.258446
26,23.229656,19.958326,23.638668,22.257872,21.1254,26.333426,22.903484,29.368633,28.079079,29.966131,31.909988,33.140488,34.471073,32.889004,30.40995,27.212814,25.028738,21.240799,20.33993,15.393217,14.0725765,14.251528,11.560489,12.149259,8.2302685,5.7577267,0.0,5.0180807,8.744562,11.780199,13.70581,17.681942,23.112658,26.233082,27.141241,30.885294,32.47763,29.935694,27.739473,24.47277,23.468409,18.054857,16.865122,11.833847,12.792302,7.4388957,5.9485793,5.0133743,5.1770434,8.9615965,10.7963705,13.506513,16.53109,19.219158,18.245295,19.711658,16.007605,16.227825,20.484549,17.564222,13.821747,16.065302,15.88389,14.399188,19.840649,15.188991,18.467676,18.378784,20.738026,16.411049,14.040579,18.064777,17.571392,23.484213,23.475428,24.069305,27.95774,28.341618,31.356638,33.30932,33.734882,30.257875,28.704447,26.091675,21.868769,22.32752,17.6372,14.048487,12.458538,10.00905,10.961422,9.43138,13.53607,15.242291,15.674576,16.589497,17.426836,16.671455,21.486258,22.571041,27.459547,24.921528,24.5676,25.944548,20.154768,23.51637,21.372387,23.919855
27,24.441393,20.81584,24.398945,21.989902,21.017855,25.852034,22.31822,28.702114,26.752468,29.170565,30.349707,31.34703,33.053734,31.01517,29.028122,25.26428,23.45986,19.456692,18.48517,14.039226,12.002243,13.656974,9.636209,11.95303,9.100196,4.890897,5.0180807,0.0,7.262293,8.264976,11.305203,14.072983,20.119305,22.781237,23.712679,27.582767,28.682322,26.051743,23.684723,20.37174,19.53066,13.736008,13.425555,7.772327,10.429865,5.9640255,7.12688,8.085729,9.780695,13.221359,14.42407,17.623852,20.231455,22.237818,20.359814,21.13545,16.658316,17.41677,20.867725,17.831852,14.216942,15.194383,13.756468,11.51049,16.090706,10.860997,13.763888,13.406522,15.816892,11.656015,9.220124,13.633223,13.210909,19.343733,19.36028,20.595268,24.331263,24.814772,28.000153,29.77245,30.702135,27.367367,26.19824,23.741516,19.659678,20.154367,16.30864,13.148893,12.956879,11.468395,13.798337,13.235687,16.48836,17.984764,17.067617,18.39168,17.885967,17.338219,21.159945,21.755692,26.336945,23.646456,23.615355,25.851006,20.217688,24.150372,22.852306,25.192272
28,24.185806,20.16058,22.337917,19.76419,17.668474,22.139389,17.494036,23.340939,20.957687,22.802517,23.882807,25.601793,27.510376,25.934198,24.362125,20.726458,20.04411,15.57982,16.731947,11.799835,12.042099,14.48488,13.087027,15.725676,14.437865,11.305271,8.744562,7.262293,0.0,4.7670665,5.53696,9.8148365,14.861802,17.859734,19.048468,22.523357,24.553055,22.443254,20.094212,16.907887,16.366817,11.589927,9.75085,7.3257856,6.2982225,6.1419716,5.344932,8.760099,11.177527,12.739055,12.123277,15.311448,16.752419,17.472858,14.804416,15.25628,10.905184,12.938211,16.237497,14.75566,10.953802,14.142429,11.702005,11.8475895,15.5512,12.571779,15.872682,14.553471,18.826391,15.946883,12.230717,15.544771,12.957551,19.166191,16.988075,17.694983,20.901499,20.575638,23.363562,25.137497,25.29639,21.977587,20.017708,17.635223,13.31709,14.529544,9.666213,8.534452,8.167732,9.099118,11.502881,13.122204,15.867884,15.968969,14.454742,14.148539,12.661108,11.16495,14.774238,14.684418,19.291046,16.545639,16.564781,18.670486,13.032829,17.18304,16.48395,19.000975
29,25.270418,21.121567,23.236687,19.746536,18.041233,21.915142,17.506634,23.101805,20.101196,22.666346,22.885305,24.106405,26.361004,24.215845,23.166794,18.93474,18.634226,14.114983,15.113872,11.198124,10.769434,14.480367,12.386906,16.060495,15.663276,12.238771,11.780199,8.264976,4.7670665,0.0,5.2354817,5.925259,12.736017,14.683665,16.256207,19.823278,21.258368,19.167957,16.316864,12.813907,13.058651,7.521532,7.3783016,5.37637,6.6695514,8.374268,9.558772,12.750594,15.278843,17.30478,16.857475,20.068844,21.421284,21.826017,18.84125,18.78845,14.212843,16.494967,18.838911,17.323723,13.9896145,15.641198,11.994777,11.442952,13.409586,10.254933,12.657586,10.3834305,15.050551,12.812754,8.841137,11.6819725,8.611958,14.976016,12.588954,14.016403,17.086706,16.96352,20.018456,21.685127,22.485964,19.263008,18.045782,15.747749,11.792093,12.764688,9.72324,9.09359,10.655239,11.946763,15.161278,16.803463,18.874548,19.083393,16.55276,17.02695,14.421543,13.653189,15.625928,15.200791,19.203838,16.571869,17.227898,20.223063,15.067721,19.385828,19.530157,21.47426
30,28.612629,24.460821,25.959269,22.837458,20.425558,24.06896,18.871222,23.73332,20.278181,21.92784,21.715221,24.096281,26.690506,25.076183,24.584457,20.57833,21.304615,16.659742,18.988005,14.865255,15.438969,18.804823,17.264664,20.546299,19.494602,15.90999,13.70581,11.305203,5.53696,5.2354817,0.0,6.819898,9.478392,13.332328,13.7678,17.35098,19.44965,17.284267,15.442584,12.912895,11.464633,8.194935,4.982517,6.544067,3.2568197,8.252038,9.204854,12.65011,15.666043,16.606543,15.392417,18.862288,19.644367,19.433228,15.585998,14.695393,9.936454,12.426225,14.02798,13.195793,10.326053,12.61662,8.802194,10.223981,12.116438,11.30725,14.410321,13.167617,18.172932,16.838875,13.535275,16.563978,13.103871,19.168222,15.251946,16.855371,18.97159,17.782785,20.342113,21.478413,21.718233,18.94321,16.206047,14.743112,10.505044,13.237289,9.043503,11.247726,11.819454,13.999074,16.334969,18.43108,20.978336,20.616415,18.645493,17.647066,15.082899,12.968041,15.048984,13.033155,16.750866,13.188695,12.925455,16.178751,11.8280735,16.71039,17.37578,20.08171
31,28.107874,23.914589,25.054245,20.921541,19.024193,21.660654,17.056253,21.398264,17.38643,20.152044,19.04105,20.311977,23.171404,20.795261,20.902288,16.291447,17.562714,13.185998,15.561229,13.158317,13.549667,17.91724,16.621546,20.633076,21.117249,17.871855,17.681942,14.072983,9.8148365,5.925259,6.819898,0.0,8.590342,8.915149,11.297806,14.479031,15.89592,14.389748,10.962366,7.295067,9.255657,5.46093,6.5062923,8.966173,9.239922,13.4438715,14.788066,18.195688,20.882982,22.433504,21.422382,24.50617,25.198904,24.69102,21.165483,20.419699,16.223984,19.092321,20.224363,19.695076,17.08662,18.371136,13.814068,14.117325,13.481786,12.435459,13.659526,10.42657,15.727213,15.243715,11.596716,12.631054,8.349545,13.324095,8.512481,10.620534,12.411086,11.5566,14.515059,15.869619,16.890808,13.984255,12.99358,11.197214,8.012018,9.582306,8.973212,11.136112,13.724755,16.194311,19.479002,21.829195,23.232132,22.8788,19.59583,19.680128,15.872132,15.167933,14.97,13.386833,16.143639,13.702782,15.102767,18.874596,14.922096,19.168764,20.59924,22.036362
32,35.426613,31.239132,31.691214,27.915962,25.344275,27.393064,22.10491,24.839025,20.043499,21.365318,18.684414,21.758005,25.31908,23.696331,25.124725,20.996326,23.848906,19.70553,23.343864,20.855463,21.895555,26.006172,24.805983,28.634666,28.328276,24.665043,23.112658,20.119305,14.861802,12.736017,9.478392,8.590342,0.0,6.227236,4.649393,8.03336,10.589716,9.096552,8.353052,8.283819,6.3129044,9.277162,7.2967463,13.3262825,10.96315,17.005186,18.513725,21.83588,24.98003,25.47636,23.765343,27.03556,26.98998,25.590809,21.049631,18.858383,15.269592,17.929821,16.843092,17.60927,16.632044,17.376352,12.84952,15.206016,12.846776,15.612816,17.077906,15.530448,20.677269,21.637314,19.017866,20.594696,16.50991,20.723478,14.550604,17.004448,16.634512,13.872232,15.417171,15.070293,15.423799,14.210133,10.440403,11.4899435,9.426964,13.58626,12.675036,17.608603,19.198137,22.320223,24.763628,27.440302,29.374863,28.481226,25.77919,24.356148,20.620579,18.562033,17.828825,13.656959,14.462048,10.633517,10.712225,15.525695,14.508955,18.94277,21.580572,23.712667
33,34.845768,30.759653,30.736376,26.42765,24.230473,25.241581,20.631517,22.4779,17.354153,19.446913,15.871632,17.874847,21.660076,19.517166,21.70046,17.434824,20.9909,17.530743,21.31175,20.264627,21.4281,25.827442,25.185555,29.23139,30.020311,26.75913,26.233082,22.781237,17.859734,14.683665,13.332328,8.915149,6.227236,0.0,5.144417,6.229608,8.242946,8.662394,5.4441524,5.0858407,8.318473,10.804354,11.344977,16.514479,15.513454,21.077175,22.45577,25.93933,28.836433,29.717045,28.092598,31.04286,30.944197,29.38424,25.288105,23.577883,20.334764,23.401773,22.789698,23.606417,22.193419,23.058134,18.293362,19.76552,16.743437,18.593513,18.932718,16.07204,20.98924,22.321827,19.492796,19.465155,15.267095,17.577738,10.808179,13.035184,11.357346,8.156071,9.446836,8.961494,10.024962,9.039503,7.2882867,8.511413,8.629451,11.379779,13.431227,18.067234,20.656397,23.942535,26.887936,29.808683,30.879183,29.910124,26.383284,25.624193,21.178825,20.150034,17.808615,14.355883,14.136095,12.097018,13.957776,18.374432,17.27385,20.880032,23.873571,24.900225
34,38.69838,34.532486,34.83134,30.719234,28.36975,29.833368,24.889692,26.934471,21.824974,23.331015,19.658659,22.416405,26.26624,24.411684,26.597975,22.409096,25.794615,22.041235,25.63282,23.927032,24.761171,29.143887,27.77829,31.850815,31.838356,28.126434,27.141241,23.712679,19.048468,16.256207,13.7678,11.297806,4.649393,5.144417,0.0,4.2618494,5.952557,4.9603724,5.1705403,7.403189,5.9848585,11.117003,10.639558,16.533655,15.054629,20.95188,22.846819,26.129263,29.323727,29.999166,28.375769,31.680391,31.62254,30.11938,25.554235,23.216122,19.804379,22.321299,20.726843,21.476057,20.87197,20.765121,16.174492,18.105639,14.2536125,17.7414,18.225178,16.5838,21.287544,23.235994,21.1175,22.034798,18.124828,21.245277,14.7689,17.726425,16.224096,13.126863,14.1523,12.78086,13.847223,13.737106,10.685435,12.781554,12.171185,15.806061,16.386103,21.240313,23.271173,26.399734,29.066566,31.73836,33.482403,32.61905,29.591965,28.431908,24.389412,22.667301,21.17051,16.974678,16.695982,13.537868,14.011296,18.831617,18.611557,22.675375,25.677896,27.452047
35,40.75804,36.672077,36.429047,32.29837,29.871336,30.643482,25.869827,26.861414,21.598888,22.758371,18.28303,21.167933,25.172825,23.555052,26.44228,22.6328,26.706362,23.416283,27.470226,26.284773,27.520653,31.876955,31.04286,35.088196,35.442158,31.90487,30.885294,27.582767,22.523357,19.823278,17.35098,14.479031,8.03336,6.229608,4.2618494,0.0,4.551953,6.4457564,7.046444,9.876654,10.070656,15.063397,14.73404,20.624418,18.93247,24.909489,26.48957,29.848494,32.957348,33.415325,31.553398,34.605896,34.19868,32.262337,27.755867,25.33141,22.568855,25.271603,23.400003,24.789856,24.35874,24.623037,20.181398,22.325352,18.408281,21.95956,22.247028,20.329647,24.911585,27.002895,24.74687,25.104004,21.095661,23.31766,16.605091,19.007769,16.585884,13.032644,12.987987,10.849897,11.450918,12.507112,9.484313,12.654656,13.419512,16.796408,18.331837,23.64791,25.79492,29.225586,31.829275,34.798424,36.19119,35.04921,31.830452,30.463903,26.179308,24.576178,22.195808,17.779705,16.261375,13.89369,14.788539,19.298834,20.11243,23.53053,27.033213,28.382538
36,42.905613,38.812057,38.916107,34.492985,32.428497,33.212082,28.771837,30.026766,24.77078,26.453386,21.906876,24.077372,28.080236,26.009188,28.98022,24.89328,28.735323,25.546991,28.985373,28.166079,28.808313,33.37741,31.933903,36.189865,36.55115,32.87381,32.47763,28.682322,24.553055,21.258368,19.44965,15.89592,10.589716,8.242946,5.952557,4.551953,0.0,3.9218328,5.632787,9.7033,9.745965,15.238229,15.920115,21.40976,20.66659,26.35969,28.519588,31.77653,34.98132,35.840237,34.294903,37.60089,37.526733,35.919914,31.377134,28.97285,25.723116,28.176779,26.263844,27.000021,26.63111,25.906786,21.352064,22.828648,17.949617,21.708776,21.17964,19.438017,23.363863,26.25304,24.671522,24.777405,21.236818,22.898022,16.599018,19.772339,17.057692,13.950914,14.124772,11.467951,13.482549,14.823924,13.202632,15.9412155,16.648323,19.527452,21.424469,26.090948,28.524748,31.647867,34.530857,37.21257,38.70301,37.863052,34.49585,33.630116,29.307924,27.960564,25.74695,21.705784,20.5049,18.181778,19.037115,23.67441,24.036777,27.700413,30.999678,32.360123
