,0,1,2,3,4,5,6,7,8,9,10,11,12,13,14,15,16,17,18,19,20,21,22,23,24,25,26,27,28,29,30,31,32,33,34,35,36,37,38,39,40,41,42,43,44,45,46,47,48,49,50,51,52,53,54,55,56,57,58,59,60,61,62,63,64,65,66,67,68,69,70,71,72,73,74,75,76,77,78,79,80,81,82,83,84,85,86,87,88,89,90,91,92,93,94,95,96,97,98,99,100,101,102,103,104,105,106,107,108,109
0,0.0,4.280686,6.4480233,9.207364,12.159842,14.323563,17.394667,20.187147,23.67224,27.439205,29.48312,35.02044,32.321903,30.218493,25.809248,23.952223,19.845993,19.331108,14.224072,14.417765,11.812878,9.182245,8.321837,13.59114,16.428827,17.898533,21.191631,19.303894,23.618902,23.441305,20.044706,22.644276,27.795824,25.913046,26.386724,29.051481,31.875757,34.43383,33.908005,35.469276,35.566936,35.331413,36.920654,33.28293,39.47502,37.468094,41.793236,42.550056,43.99234,48.36339,47.656242,46.394432,51.09728,53.588238,53.67021,53.398136,49.024193,49.670128,47.68046,46.51552,40.03757,41.53556,38.623592,37.402725,36.244213,32.855335,36.024364,33.297985,29.747791,29.46836,27.589752,26.313055,26.532793,26.828836,26.983276,25.74385,28.17157,27.58634,32.186096,30.620995,34.880688,38.152786,34.193344,30.993555,29.79307,25.706678,25.404179,21.00629,20.64236,18.616535,17.784555,21.302883,19.37131,20.584171,22.71918,23.18286,25.060738,26.715864,27.608267,27.875849,29.294931,30.771132,31.53665,30.829794,30.465208,30.059322,29.152502,33.084705,32.559628,36.83179
1,4.280686,0.0,5.2910547,6.370677,8.737851,11.882061,14.104567,17.757622,20.776075,24.969532,26.875298,32.368286,30.245655,28.255836,24.072824,21.821741,18.09532,16.85545,12.9006605,11.551253,9.811283,6.6579766,7.330743,12.714097,15.331285,17.153597,19.346663,16.99334,21.485332,22.026651,18.986765,20.503704,26.168081,25.054195,24.947954,27.199791,30.535902,33.048573,31.88425,33.11381,33.077347,32.455383,33.70831,29.808245,35.82955,33.454136,37.915047,38.416443,39.954006,44.218887,43.604942,42.545147,47.12012,49.515247,49.78826,49.476013,45.209892,45.902023,44.12601,42.921326,36.331066,37.937305,34.923378,33.50096,32.54049,28.871616,32.10352,29.44515,25.892515,26.094858,24.312252,23.1351,22.789276,23.45643,23.283037,22.4489,24.751177,24.541584,29.00952,27.816103,31.903345,35.070362,31.073689,27.67541,26.164452,22.37305,21.550186,17.363253,16.594711,14.690245,13.626386,17.051481,15.199858,16.553867,18.801134,18.985752,20.829885,22.617023,23.47289,23.632427,25.029423,26.58727,27.48268,26.833765,26.333275,26.229315,25.135056,29.215212,28.824482,33.11318
2,6.4480233,5.2910547,0.0,4.993851,7.0669856,8.16235,11.716842,13.8424015,17.618446,21.054298,23.351433,28.70909,26.167921,24.313581,19.649124,18.180737,14.124236,14.048178,9.434484,10.331521,9.844092,8.274777,10.301502,14.78393,18.06307,19.035196,21.184923,18.010357,22.380016,22.657742,18.31823,20.010603,26.146353,24.287617,23.480663,26.059069,29.124582,31.220686,30.420744,31.659325,32.489765,31.43911,33.53085,29.638123,35.7096,33.612442,37.712093,38.616165,39.330166,44.109947,43.741814,41.855118,46.41721,49.409004,49.496323,49.557755,45.095768,46.308666,44.466106,43.869324,36.985386,39.243633,36.51734,35.004135,34.902596,30.930666,34.742477,32.491035,28.702286,29.651413,27.63413,26.020844,24.935503,25.090757,24.175077,22.805084,24.316319,23.187555,27.494463,25.476675,29.649397,32.65581,28.513714,25.591087,24.954977,20.528175,21.23281,17.204315,17.361795,16.323555,15.918557,18.811365,17.011795,17.086685,20.549744,20.939823,21.278614,23.311844,25.314981,25.446123,25.657305,27.09497,27.757296,26.32824,26.078964,24.749817,24.323502,27.820332,27.34608,31.527096
3,9.207364,6.370677,4.993851,0.0,3.7531877,6.338009,8.634153,12.256871,14.911474,19.438185,20.847105,26.617435,24.223808,22.071346,18.305761,15.560992,12.024182,10.487971,7.193858,5.579069,5.729063,4.732029,8.380177,11.774069,14.844836,15.779249,16.954042,13.392724,17.77875,18.53239,14.663993,15.468488,21.837137,20.707455,19.625359,21.817345,25.289146,27.501371,26.193571,27.2975,27.803057,26.799593,28.647799,24.803078,30.957664,29.176676,33.203007,34.42808,35.421314,40.12061,39.370674,37.55565,42.370796,45.185513,45.02861,45.001167,40.483047,41.530006,39.579746,38.951797,32.131268,34.344173,31.710272,30.343441,30.34716,26.56298,30.656872,28.72197,24.638697,25.748514,23.482271,21.582613,20.349834,20.205833,19.306902,17.824287,19.520184,18.668245,23.122766,21.5773,25.749063,28.980389,25.05246,21.796982,20.727758,16.506218,16.764227,12.429738,12.93719,11.812939,12.218031,15.241517,14.806363,15.406358,19.12066,18.29302,18.301394,21.256346,22.901556,22.162909,22.320704,24.545292,25.75153,24.221603,23.35371,22.312454,20.808258,24.51874,23.594961,27.846426
4,12.159842,8.737851,7.0669856,3.7531877,0.0,4.606778,5.374375,9.816001,12.150056,16.772633,18.387835,23.862593,22.221697,20.448563,16.673622,14.067046,11.160103,9.254501,8.268375,5.521994,8.223784,7.6066723,11.591812,14.6208515,17.317654,18.357525,18.501083,14.476036,18.705439,20.116901,16.460732,15.998428,22.837477,22.283903,20.367311,22.118181,25.954863,27.87478,26.003008,26.65054,27.370665,25.631464,27.349443,23.116728,28.954647,26.597254,30.716366,31.587158,32.30919,37.079723,36.6976,34.856453,39.39136,42.342907,42.489887,42.563362,38.158463,39.50954,37.888443,37.42162,30.359528,32.960358,30.277227,28.545036,29.111547,24.81052,29.036442,27.270906,23.316652,25.268183,23.231638,21.501207,19.249367,19.567308,17.823553,16.857285,17.849026,17.140385,21.198317,19.773119,23.668697,26.5797,22.44594,19.15819,18.092417,14.006442,14.250119,10.602013,10.768871,10.597909,10.766339,12.998368,12.42669,12.327885,16.624647,15.844497,15.049831,18.049623,20.248564,19.62627,19.181396,21.213457,22.335077,20.586702,19.806301,18.592722,17.41903,21.074259,20.49325,24.73586
5,14.323563,11.882061,8.16235,6.338009,4.606778,0.0,4.699439,6.0038342,9.488229,13.2686825,15.228838,20.713617,18.416698,16.699732,12.388513,10.55239,7.213101,7.0104003,6.0049205,6.723462,10.047855,10.686353,14.542046,16.99838,20.086714,20.417334,20.759977,16.403824,20.214066,21.182726,16.476017,16.305063,23.215218,21.891748,19.353985,21.418924,24.834332,26.296541,24.890514,25.585316,27.206684,25.153854,27.785677,23.775593,29.570206,27.738424,31.325567,32.72688,32.613647,37.85017,37.62044,34.91718,39.46749,42.98117,42.840084,43.278652,38.692947,40.495182,38.748703,38.878674,31.720095,34.836533,32.523567,30.84619,32.089058,27.784481,32.381435,30.987854,26.929682,29.207659,26.987194,24.920029,22.400627,22.088137,19.893755,18.285988,18.43377,16.594145,20.380867,17.945202,21.943497,24.709791,20.48182,17.833857,17.922752,13.130357,15.4325695,12.237483,13.599004,14.120895,14.897683,16.601383,16.168106,15.081875,19.982286,19.421719,17.388329,20.483799,23.505999,22.841164,21.37023,23.274342,24.166365,21.68132,21.131268,18.556402,18.054832,20.857637,20.045525,24.065105
6,17.394667,14.104567,11.716842,8.634153,5.374375,4.699439,0.0,5.922698,6.957932,11.966699,13.316405,18.665525,17.58953,16.146767,12.887524,10.18954,8.719636,6.488051,9.245525,6.8239307,11.43639,12.077507,16.270714,18.174923,20.652868,21.23502,20.290733,15.721622,19.24873,21.095171,17.368385,15.530101,22.637081,22.47511,19.34835,20.590157,24.593376,25.946178,23.5939,23.71446,25.087847,22.415068,24.5033,20.11244,25.570942,23.230553,26.962807,28.08264,28.04254,33.19793,33.069,30.58576,35.005978,38.412106,38.49638,38.889957,34.434742,36.3255,34.877663,35.000443,27.719007,31.04821,28.689198,26.752548,28.445164,23.84906,28.567636,27.470007,23.501244,26.484213,24.443283,22.517698,19.126957,19.200615,16.302408,15.347773,14.932838,13.712652,17.10284,15.4167595,19.011585,21.588394,17.29416,14.202394,13.753284,9.425421,11.131173,8.821567,9.937343,11.424649,12.369899,13.172833,13.530917,12.25568,17.39121,16.152832,13.241076,16.886742,19.990515,18.925903,16.942518,19.154184,20.33592,17.71502,16.789299,14.43258,13.385115,16.407331,15.702394,19.83343
7,20.187147,17.757622,13.8424015,12.256871,9.816001,6.0038342,5.922698,0.0,4.9161377,7.276958,9.850735,14.869101,13.007658,12.024039,7.524491,7.1338353,5.9938855,7.200115,9.767057,10.884645,15.112658,16.323885,20.314465,22.107597,25.015526,25.008255,24.54314,19.868946,22.96801,24.206318,19.44136,18.205462,25.056122,23.924097,20.217133,21.817059,25.11272,25.788704,24.131195,24.269392,26.825552,23.763062,26.944872,22.954222,28.076967,26.29108,29.27779,30.860199,29.648794,35.300728,35.536438,32.008698,36.224297,40.356125,40.20398,41.083637,36.521606,39.01267,37.51388,38.357002,31.088223,34.958683,33.02215,31.129541,33.4753,28.902647,33.81629,33.001423,29.071054,32.254753,30.11546,27.970049,24.503128,24.056906,20.884956,19.353369,18.007933,15.445995,18.080204,14.943787,18.394823,20.48364,16.063639,14.284012,15.704222,10.92241,15.131271,13.606787,15.493623,17.20325,18.281708,18.822475,18.746298,16.542337,21.953379,21.372877,17.620384,20.784164,24.746147,23.9818,21.067953,22.719778,23.388487,20.030779,19.6829,15.5949745,16.038992,17.556839,16.822891,20.355747
8,23.67224,20.776075,17.618446,14.911474,12.150056,9.488229,6.957932,4.9161377,0.0,5.991835,6.3819346,11.8728285,11.010837,10.10073,8.115443,5.9920616,7.781978,7.0492806,12.367972,11.832755,16.592016,18.197283,22.340273,23.262388,25.685703,25.578768,24.030037,19.28645,21.716717,23.502699,19.53162,16.889112,23.529774,23.321285,18.948984,19.716995,23.334553,23.725096,21.271667,20.834255,23.470387,19.768408,22.86351,18.868166,23.5831,22.024576,24.646019,26.577892,25.128515,30.893047,30.993826,27.184418,31.504597,35.72262,35.389908,36.367134,31.781712,34.455357,33.045696,34.17933,26.940395,31.147188,29.488005,27.593071,30.589516,26.111822,31.265776,31.010674,27.089334,30.780941,28.641245,26.405249,22.372438,21.725044,17.997524,16.6261,14.340185,11.743669,13.607998,10.751749,13.806157,15.792163,11.321768,9.387004,11.180123,6.678553,11.851162,11.633462,13.988688,16.392487,18.052958,17.866789,18.982391,16.89365,22.233702,20.756113,16.077414,19.933239,23.766645,22.266935,18.650126,20.889347,21.980062,18.313059,17.366028,13.05506,12.539017,13.513114,12.194109,15.639512
9,27.439205,24.969532,21.054298,19.438185,16.772633,13.2686825,11.966699,7.276958,5.991835,0.0,4.932836,7.838411,7.5281963,8.566854,6.0412908,8.302307,10.519659,12.02513,16.170755,17.207619,21.713064,23.26367,27.3222,28.552021,31.232569,30.949818,29.745382,25.006872,27.29409,28.756094,24.269506,22.111816,28.405827,27.610464,22.987757,23.894146,26.85034,26.57887,24.66372,24.066175,27.562151,23.45921,27.081068,23.419945,27.325645,25.765636,27.754318,29.557823,26.912884,32.91691,33.71762,29.181599,32.816208,37.67887,37.47398,38.917175,34.51034,37.8096,36.660706,38.367306,31.2608,35.868896,34.462463,32.42567,35.923664,31.28505,36.36197,36.227615,32.553173,36.531666,34.51695,32.34905,28.124268,27.538311,23.61138,22.288136,19.486183,16.480059,17.167345,13.561916,15.566269,16.299513,12.0132265,12.127436,15.313342,11.757588,17.235678,17.59432,19.716585,22.237099,23.543232,23.074514,23.443449,20.544373,25.945976,25.265324,20.144459,23.14626,27.730528,26.813753,22.561,23.875473,24.299273,20.177706,20.029274,14.487783,16.016783,15.399012,14.7970085,17.1023
10,29.48312,26.875298,23.351433,20.847105,18.387835,15.228838,13.316405,9.850735,6.3819346,4.932836,0.0,6.4050817,5.40004,5.741834,7.1940207,7.0752993,10.981224,11.538476,16.90133,17.379692,21.8842,23.97458,28.00009,28.282265,30.646355,30.03779,28.216532,23.593813,25.136232,26.686918,22.71526,19.845423,25.538902,25.195755,20.154211,20.494925,23.365974,22.769821,20.527279,19.626465,23.407944,19.094053,23.073408,19.91501,23.612324,23.128899,24.429708,27.193481,24.473862,30.568829,30.77836,25.720964,29.849213,34.761143,33.888165,35.429756,30.81473,34.12164,32.696083,34.75929,27.908361,32.658188,31.697964,30.002989,33.854195,29.721338,35.043835,35.404976,31.56563,35.551308,33.329994,30.883009,26.69002,25.465021,21.526112,19.843699,16.516953,13.084699,13.018821,9.119282,10.812071,11.749359,7.7318144,8.4964485,12.492927,9.448815,15.653238,16.481339,19.31326,21.924997,23.951189,23.397167,24.905926,22.566301,27.834229,26.227165,20.888159,24.66094,28.718166,26.947855,22.553179,24.726,25.716043,21.588886,20.68459,15.496656,15.38474,14.323647,12.453563,14.398487
11,35.02044,32.368286,28.70909,26.617435,23.862593,20.713617,18.665525,14.869101,11.8728285,7.838411,6.4050817,0.0,6.6366997,9.620427,11.507073,13.281356,16.948338,17.861073,22.984877,23.508614,28.125143,30.004875,34.098625,34.60638,36.92365,36.39698,34.365242,29.770119,31.145588,32.85478,29.048313,25.977812,31.349144,31.1883,25.989214,25.985334,28.557,27.420786,25.11033,23.679367,27.76224,22.864302,26.593065,23.663998,25.938564,25.061758,25.63765,27.915785,23.891556,29.991358,31.097506,25.510015,28.522808,34.019295,33.50879,35.533123,31.384632,35.39854,34.584934,37.1934,30.64837,35.79445,35.086094,33.11794,37.642544,33.31415,38.428734,39.087322,35.685253,40.217407,38.29394,36.090942,31.400948,30.552797,26.229282,25.125761,21.248135,18.288528,16.797855,13.635906,13.272895,11.983059,9.070074,11.775282,16.0834,14.634736,20.147175,21.974762,24.282541,27.252806,28.918617,27.729097,28.893476,25.943878,31.025333,29.84052,23.944351,26.987057,31.529573,30.133167,25.025536,26.38246,26.879152,22.475956,22.107336,16.311646,17.72863,14.998897,14.154921,14.407999
12,32.321903,30.245655,26.167921,24.223808,22.221697,18.416698,17.58953,13.007658,11.010837,7.5281963,5.40004,6.6366997,0.0,3.6743348,6.935635,9.247352,12.877615,14.876279,19.153713,21.059649,25.114878,27.470188,31.290066,31.413874,34.018513,32.99712,31.663092,27.159393,28.43865,29.372805,24.876167,22.796144,27.841902,26.654673,21.622591,22.295816,24.165945,22.949326,21.7636,21.130615,25.68761,21.72159,26.450317,24.013536,27.47493,27.807364,28.454205,31.704365,28.453339,34.592213,34.788593,29.088287,33.068943,38.322353,37.001564,38.859955,34.22224,37.724438,36.07674,38.5983,32.090767,36.89373,36.274788,34.828598,38.759262,34.88045,40.26591,40.697556,36.768383,40.562454,38.17157,35.518047,31.646708,29.990547,26.325293,24.148802,20.91309,16.935577,16.604902,12.073449,13.274671,13.674955,11.0040045,13.052146,17.398294,14.416583,20.816793,21.24758,24.373066,26.744308,28.87805,28.601938,29.903107,27.44941,32.813103,31.457556,26.193937,29.77657,34.001575,32.33658,27.919304,29.911448,30.693277,26.458881,25.81982,20.330553,20.700104,19.188393,17.30427,18.502958
13,30.218493,28.255836,24.313581,22.071346,20.448563,16.699732,16.146767,12.024039,10.10073,8.566854,5.741834,9.620427,3.6743348,0.0,6.000196,6.5881658,10.400104,12.304023,16.507406,18.57708,22.341608,24.963476,28.634256,28.374502,30.95999,29.741768,28.524054,24.123583,25.266247,25.960997,21.390947,19.529428,24.418142,23.019676,18.037033,18.912548,20.702232,19.657946,18.71737,18.468025,22.975302,19.522377,24.508688,22.26191,26.340729,27.211699,27.993435,31.6695,29.038221,35.10877,34.74294,29.227716,33.778538,38.729603,37.0656,38.706856,33.839085,36.944054,34.89874,37.220493,30.748394,35.284943,34.676712,33.5131,37.08894,33.520397,38.993763,39.363205,35.202465,38.603775,36.00329,33.152267,29.709124,27.653898,24.3693,21.725443,18.877598,14.570508,14.945546,10.053628,12.256504,13.774239,11.160376,12.411316,16.400034,12.8845415,19.385578,19.190666,22.707146,24.757452,27.207947,27.333818,28.972158,26.987528,32.333282,30.64067,25.770416,29.751314,33.576256,31.601463,27.624939,30.109985,31.197245,27.159546,26.181532,21.158445,20.604952,19.794107,17.33871,19.06218
14,25.809248,24.072824,19.649124,18.305761,16.673622,12.388513,12.887524,7.524491,8.115443,6.0412908,7.1940207,11.507073,6.935635,6.000196,0.0,5.554044,7.0565205,10.438527,13.149804,16.113356,19.835453,21.932941,25.627405,26.42986,29.431751,28.596184,28.184689,23.609184,25.755375,26.353786,21.089476,20.145864,25.998604,24.07649,19.74398,21.406778,23.58194,23.276403,22.538113,22.712036,26.564688,23.402222,27.846352,24.809872,29.487577,29.142433,30.913185,33.63063,31.3827,37.413086,37.489697,32.682377,36.984314,41.764095,40.81282,42.211807,37.44996,40.394955,38.563732,40.29867,33.386177,37.687424,36.469448,34.960888,37.97409,33.877197,39.14017,38.883133,34.780834,38.0167,35.565907,32.96797,29.61631,28.201769,25.003447,22.65126,20.514898,16.658964,18.240799,13.722271,16.698399,18.362114,14.699585,14.792001,17.98964,13.500342,19.487886,18.494902,21.419783,23.232569,25.026936,25.481356,26.04882,23.775131,29.226748,28.352165,23.96117,27.368853,31.501043,30.288307,26.7008,28.573421,29.252949,25.377203,24.953615,19.899067,20.365612,20.370487,18.841791,21.358139
15,23.952223,21.821741,18.180737,15.560992,14.067046,10.55239,10.18954,7.1338353,5.9920616,8.302307,7.0752993,13.281356,9.247352,6.5881658,5.554044,0.0,4.4706845,5.791585,10.342714,12.026861,15.889266,18.397335,22.138,22.187672,24.87426,23.96996,23.018293,18.44462,20.343351,21.176853,16.38237,14.7409725,20.725637,19.396236,14.892659,16.311106,19.065199,19.208357,17.884747,18.148968,21.499104,18.644075,22.924818,19.934214,25.13971,25.287655,27.19576,30.344341,28.895512,34.738686,34.123314,29.67759,34.589558,38.906204,37.638283,38.731,33.79484,36.267338,34.134716,35.581486,28.727043,32.750793,31.551111,30.322868,33.08156,29.374186,34.743465,34.610558,30.295387,33.276493,30.640184,27.852318,24.745008,22.925264,19.982914,17.284588,15.4243,11.473684,13.853943,9.615656,13.505611,16.232737,12.660115,11.584462,14.041098,9.193502,15.1242485,13.722376,17.207277,18.847538,21.23405,21.891548,23.422668,21.93162,27.200468,25.448298,21.351437,25.504656,28.906273,26.990444,23.829329,26.559965,27.842854,24.260918,23.112034,18.932816,17.705204,18.467268,16.124256,19.151083
16,19.845993,18.09532,14.124236,12.024182,11.160103,7.213101,8.719636,5.9938855,7.781978,10.519659,10.981224,16.948338,12.877615,10.400104,7.0565205,4.4706845,0.0,4.6530576,6.2860613,9.5703335,12.854354,15.172229,18.743385,19.389807,22.467087,21.686104,21.685682,17.195528,19.816154,20.222296,14.779241,14.50817,20.810019,18.775578,15.2132635,17.43237,20.104637,20.850416,20.094082,20.922266,23.696272,21.581944,25.521387,22.347906,28.054462,27.801603,30.283234,33.026203,32.10527,37.785896,37.161182,33.248024,38.182636,42.232628,41.186314,42.04231,37.126553,39.262367,37.055023,38.02189,31.100943,34.689903,33.132915,31.909304,33.945026,30.187405,35.34645,34.70243,30.32968,32.777588,30.115486,27.403482,24.865726,23.25609,20.87423,18.135319,17.337255,13.891038,17.21832,13.476736,17.646929,20.56205,16.845835,15.205769,16.791227,11.598581,16.396078,13.78726,16.894861,17.874794,19.912067,21.25872,22.128794,20.88834,26.063745,24.744673,21.526691,25.374018,28.60673,27.095493,24.669483,27.189104,28.334803,25.114695,24.19667,20.476334,19.489672,21.07578,19.163185,22.623596
17,19.331108,16.85545,14.048178,10.487971,9.254501,7.0104003,6.488051,7.200115,7.0492806,12.02513,11.538476,17.861073,14.876279,12.304023,10.438527,5.791585,4.6530576,0.0,6.558507,6.2789745,10.394018,12.828415,16.665806,16.833593,19.456953,18.948748,18.0517,13.3737755,16.043114,17.161222,12.661067,11.035697,17.862743,17.002728,13.385706,14.989945,18.549974,19.751421,18.010517,18.616255,20.588512,18.498404,21.773176,18.329866,24.288317,23.931984,26.711763,29.403852,29.143457,34.557217,33.59842,30.217304,35.36968,38.98919,37.98291,38.56044,33.667614,35.46633,33.265728,33.885082,26.934942,30.313862,28.621935,27.436617,29.312513,25.66316,30.84448,30.285192,25.838078,28.304688,25.620525,22.893421,20.250814,18.638931,16.261152,13.604543,13.114757,10.255626,14.206528,11.519396,15.850899,19.17268,15.519391,12.882664,13.361199,8.268861,12.1704,9.212151,12.618316,13.617562,16.085573,17.389513,19.101046,18.46151,23.384094,21.32757,18.291636,22.643066,25.290361,23.264114,21.151846,24.241856,25.82559,22.904184,21.458687,18.598217,16.406261,18.649025,16.45021,20.254587
18,14.224072,12.9006605,9.434484,7.193858,8.268375,6.0049205,9.245525,9.767057,12.367972,16.170755,16.90133,22.984877,19.153713,16.507406,13.149804,10.342714,6.2860613,6.558507,0.0,6.2585654,7.4950194,9.721918,12.823926,13.876737,17.295479,16.713285,17.885208,13.85532,17.25608,17.160631,11.564333,13.035299,19.246872,16.840778,14.961962,17.760975,20.483418,22.190924,21.75813,23.185036,24.812927,23.843906,27.066525,23.893955,30.17093,29.76817,32.85968,35.313152,35.423805,40.689438,39.683617,36.63656,41.81024,45.251797,44.291676,44.70271,39.812183,41.256557,38.843056,39.054634,32.297386,35.07559,33.138626,32.143124,33.02784,29.60297,34.38357,33.172012,28.719145,30.156347,27.40205,24.75676,23.346872,21.826553,20.5705,17.784006,18.60293,16.114876,20.450111,17.67476,22.1286,25.516827,21.900366,19.43062,19.695316,14.708474,17.489721,13.406123,15.942699,15.651583,17.45161,19.888268,20.475246,20.264751,24.815117,23.538473,21.908232,25.587423,27.946869,26.558279,25.469168,28.127443,29.420656,26.954903,25.932032,23.43302,21.863796,24.560751,22.779041,26.689672
19,14.417765,11.551253,10.331521,5.579069,5.521994,6.723462,6.8239307,10.884645,11.832755,17.207619,17.379692,23.508614,21.059649,18.57708,16.113356,12.026861,9.5703335,6.2789745,6.2585654,0.0,4.9181137,6.753619,10.7484255,11.57509,14.193181,14.478107,14.110725,9.704298,13.647117,14.921704,11.260816,10.5158825,17.359539,16.921043,15.00395,16.730839,20.583149,22.691978,20.885406,21.813736,22.348507,21.224009,23.24993,19.582724,25.876757,24.867157,28.481138,30.456514,31.379295,36.19871,35.0152,32.82861,37.99338,40.866478,40.224426,40.27707,35.578392,36.65175,34.47757,34.153614,27.345354,29.816668,27.539392,26.40699,27.003836,23.49136,28.167158,26.922527,22.461576,24.044567,21.39348,18.915358,17.2015,16.17028,14.923402,12.796352,14.259492,13.187058,17.783218,16.470268,20.672846,24.158632,20.570333,17.177387,16.02619,11.822278,12.466863,7.8499217,9.948819,9.406622,11.54518,14.040971,15.537194,16.143345,20.270401,18.142826,16.969921,21.052698,22.658476,20.799768,20.269043,23.412422,25.1495,23.172976,21.643147,20.36078,17.696669,21.196163,19.49076,23.674677
20,11.812878,9.811283,9.844092,5.729063,8.223784,10.047855,11.43639,15.112658,16.592016,21.713064,21.8842,28.125143,25.114878,22.341608,19.835453,15.889266,12.854354,10.394018,7.4950194,4.9181137,0.0,3.6119199,6.484265,7.0134254,10.167835,10.4372015,11.689906,8.347763,12.60134,12.9060335,9.438721,10.861305,16.560534,15.526628,15.250313,17.465134,20.787804,23.42031,22.316856,23.825958,23.757744,23.758118,25.578964,22.442179,28.922153,28.36688,32.00145,34.107857,35.556503,40.101173,38.51908,36.676563,42.052334,44.580067,43.723354,43.544086,38.837032,39.397106,36.907295,36.179825,29.818855,31.574867,29.258064,28.566366,28.1948,25.377625,29.6465,28.061157,23.584028,23.941252,21.103127,18.569874,18.415861,17.07287,17.20987,14.826445,17.409292,16.614157,21.461163,20.3115,24.621954,28.365774,25.059212,21.680971,20.300674,16.375998,16.380043,11.409665,12.988744,11.116165,13.008967,16.406828,17.710058,19.148973,22.516718,20.466156,20.57287,24.356508,25.205147,23.395878,23.861797,27.045818,28.831991,27.31378,25.771095,25.014296,22.1632,25.889551,24.082146,28.245743
21,9.182245,6.6579766,8.274777,4.732029,7.6066723,10.686353,12.077507,16.323885,18.197283,23.26367,23.97458,30.004875,27.470188,24.963476,21.932941,18.397335,15.172229,12.828415,9.721918,6.753619,3.6119199,0.0,4.210783,7.3809314,10.232859,11.566918,13.10912,10.41079,14.885745,15.49168,12.791788,14.012844,19.542076,18.833784,18.792437,20.839373,24.284714,26.970966,25.666332,27.015997,26.67558,26.525286,27.832651,24.370628,30.674448,29.356043,33.41628,34.84427,36.573326,40.888294,39.561424,38.2357,43.345,45.658657,45.250065,44.914783,40.41308,40.872574,38.663925,37.583046,31.193024,32.717213,30.046057,29.108425,28.289818,25.225979,29.046745,26.996088,22.802483,22.92757,20.442772,18.451843,18.422388,17.987968,18.232285,16.649805,19.39472,19.17152,23.905016,23.023996,27.204132,30.76969,27.237051,23.684189,21.958332,18.276112,17.434404,12.635533,12.994088,10.704459,11.496686,15.232613,15.712558,17.515743,20.340853,18.752016,19.783695,22.988392,23.534157,22.2551,23.352404,26.122406,27.737093,26.67237,25.355137,25.150831,22.652014,26.71506,25.425272,29.690763
22,8.321837,7.330743,10.301502,8.380177,11.591812,14.542046,16.270714,20.314465,22.340273,27.3222,28.00009,34.098625,31.290066,28.634256,25.627405,22.138,18.743385,16.665806,12.823926,10.7484255,6.484265,4.210783,0.0,5.55939,8.231467,9.958047,12.958006,11.725871,15.838105,15.773495,13.816373,16.095963,20.481636,19.53104,20.60307,22.796728,25.827349,28.79785,27.907143,29.560707,28.786747,29.328613,30.413677,27.308632,33.628933,32.560726,36.631878,38.08238,40.193268,44.27148,42.68693,41.664307,46.878895,48.908615,48.395683,47.87407,43.41631,43.49283,41.11453,39.705894,33.711853,34.678253,31.98177,31.35217,29.788012,27.29987,30.665567,28.353186,24.3236,23.416624,20.951242,19.129051,20.306488,19.785414,20.9191,19.315683,22.601727,22.569456,27.38871,26.646486,30.860506,34.5671,31.197304,27.627615,25.749784,22.239868,21.074102,16.240185,16.376617,13.561146,14.061183,18.061604,18.390667,20.698679,22.804165,21.334724,23.217388,26.134174,26.079807,24.887312,26.66821,29.413774,31.043314,30.331705,29.009367,29.173544,26.54768,30.73124,29.387367,33.635525
23,13.59114,12.714097,14.78393,11.774069,14.6208515,16.99838,18.174923,22.107597,23.262388,28.552021,28.282265,34.60638,31.413874,28.374502,26.42986,22.187672,19.389807,16.833593,13.876737,11.57509,7.0134254,7.3809314,5.55939,0.0,3.7818453,4.4423475,8.1609,8.106675,11.37375,10.659164,10.005173,12.678066,15.679825,15.021772,16.973837,18.961004,21.693586,24.944727,24.229792,26.163538,24.876595,26.314657,27.360622,25.02657,31.418642,31.512419,35.08303,37.358627,39.701267,43.670258,41.39488,40.24069,45.878727,47.718586,46.546204,45.948807,41.352745,41.057716,38.210236,36.818768,31.341253,31.948757,29.671984,29.688635,27.987011,26.443407,30.028673,28.247948,23.904062,22.51185,19.48906,16.979195,19.08403,17.330572,19.330463,17.0009,20.788507,20.784487,25.63257,25.23491,29.377983,33.380623,30.599194,27.071482,25.087343,21.937496,20.786272,15.898897,16.945103,14.018058,15.811459,19.642145,21.420017,23.937344,26.171045,23.69868,25.128914,28.793983,28.405006,26.261055,27.924347,31.432854,33.508896,32.604588,30.761034,30.911695,27.339783,31.350264,29.303963,33.36332
24,16.428827,15.331285,18.06307,14.844836,17.317654,20.086714,20.652868,25.015526,25.685703,31.232569,30.646355,36.92365,34.018513,30.95999,29.431751,24.87426,22.467087,19.456953,17.295479,14.193181,10.167835,10.232859,8.231467,3.7818453,0.0,3.537222,6.3325715,8.287372,10.631382,10.267468,11.829564,13.637398,15.44533,15.902793,18.293093,19.681934,22.468409,25.89392,24.849981,26.686298,24.63095,26.52543,26.848692,24.820318,30.95809,31.21553,34.77579,36.99731,39.877968,43.427727,40.815624,40.18193,45.85436,47.23434,46.00398,45.144363,40.708714,39.95106,37.061024,35.256054,30.272713,30.26189,27.971678,28.303171,25.960995,25.094343,28.28353,26.527193,22.318409,20.159866,17.091719,14.664291,17.812029,16.016985,18.872307,16.898369,21.157291,21.8354,26.504583,26.763117,30.64764,34.674152,32.1753,28.489418,26.027811,23.521944,21.519665,16.945206,17.61761,14.4033375,16.2208,19.943272,22.25448,25.274073,26.930449,24.010181,25.938103,29.623878,28.541685,26.069653,28.276493,32.01853,34.32137,33.74991,31.657263,32.411514,28.341349,32.490673,30.376177,34.329792
25,17.898533,17.153597,19.035196,15.779249,18.357525,20.417334,21.23502,25.008255,25.578768,30.949818,30.03779,36.39698,32.99712,29.741768,28.596184,23.96996,21.686104,18.948748,16.713285,14.478107,10.4372015,11.566918,9.958047,4.4423475,3.537222,0.0,5.7877383,7.8953724,9.358385,7.715621,9.2918,12.054285,12.963901,12.761695,15.758671,17.392855,19.658459,23.14049,22.63816,24.800274,22.937107,25.27875,26.149792,24.60309,30.85714,31.883047,35.01322,37.858303,40.442234,44.20903,41.38298,40.243137,46.147575,47.74136,46.064514,45.36028,40.732582,40.045654,36.829823,35.37608,30.525003,30.678167,28.78613,29.39006,27.44803,26.820738,30.364641,28.97758,24.583544,22.668152,19.36685,16.497261,19.483824,16.847609,19.633383,16.915327,21.001753,21.118286,25.79079,25.753044,29.703428,33.860424,31.609436,28.177874,26.108744,23.405888,22.186676,17.56725,19.052893,16.183155,18.550455,22.125017,24.684687,27.36277,29.50544,26.483873,27.755985,31.767126,31.050976,28.344923,30.029428,33.973087,36.320972,35.382973,33.218147,33.460682,29.294134,33.137722,30.647549,34.481792
26,21.191631,19.346663,21.184923,16.954042,18.501083,20.759977,20.290733,24.54314,24.030037,29.745382,28.216532,34.365242,31.663092,28.524054,28.184689,23.018293,21.685682,18.0517,17.885208,14.110725,11.689906,13.10912,12.958006,8.1609,6.3325715,5.7877383,0.0,4.7489147,4.700299,5.6886044,9.850975,9.420442,10.133344,12.5464,14.407841,14.768904,17.920322,21.330942,19.60069,21.227205,18.60486,20.88195,20.941504,19.523664,25.533516,26.805584,29.790844,32.761757,35.67096,39.133152,36.010727,35.166767,41.099697,42.3939,40.637596,39.799805,35.26077,34.370724,31.189669,29.606009,24.881824,24.896717,23.08839,23.881702,22.096895,21.833553,25.57407,24.718697,20.188522,18.660927,15.10186,11.742698,14.673262,11.411372,14.685151,12.129889,16.555927,17.53705,21.849977,22.765638,26.248947,30.332523,28.45863,24.859217,22.24266,20.490416,18.400084,14.432706,15.963578,13.358298,16.39757,19.335033,23.020306,25.81807,27.860577,24.024347,24.912674,29.321342,28.282465,24.871368,26.439152,30.845434,33.53263,32.633556,30.058735,30.718288,25.828335,29.600643,26.906897,30.514572
27,19.303894,16.99334,18.010357,13.392724,14.476036,16.403824,15.721622,19.868946,19.28645,25.006872,23.593813,29.770119,27.159393,24.123583,23.609184,18.44462,17.195528,13.3737755,13.85532,9.704298,8.347763,10.41079,11.725871,8.106675,8.287372,7.8953724,4.7489147,0.0,4.5324483,6.6076264,7.761734,6.0607953,10.09272,11.909256,12.104293,12.743494,16.599588,19.676502,17.603485,18.990469,17.336405,18.477997,19.258604,17.052011,23.455952,24.266047,27.390202,30.316397,32.619072,36.573284,33.923576,32.524826,38.374958,40.210102,38.66937,38.147514,33.440357,33.226166,30.27927,29.228043,23.617876,24.640995,22.727388,22.905254,22.189648,20.778444,25.16321,24.372618,19.618786,19.459972,16.022434,12.641346,13.55532,10.481662,12.224671,9.181024,13.153512,13.622656,18.245508,18.719849,22.44768,26.493002,24.248655,20.630394,18.285767,16.01223,14.521754,10.181985,12.366225,10.26327,13.733489,16.513988,20.110594,22.34184,25.072306,21.395817,21.436779,26.045357,25.769402,22.495634,23.279636,27.59556,30.149864,28.844143,26.391432,26.495737,21.875252,25.540667,22.883303,26.650772
28,23.618902,21.485332,22.380016,17.77875,18.705439,20.214066,19.24873,22.96801,21.716717,27.29409,25.136232,31.145588,28.43865,25.266247,25.755375,20.343351,19.816154,16.043114,17.25608,13.647117,12.60134,14.885745,15.838105,11.37375,10.631382,9.358385,4.700299,4.5324483,0.0,4.231292,8.5232935,5.848981,6.4351707,10.133332,10.807546,10.430752,14.0310955,17.261566,15.033684,16.540232,14.017693,16.301989,16.835958,15.790202,21.905958,24.020714,26.444124,30.137438,32.61182,36.319397,33.036167,31.561493,37.69474,39.28406,37.11112,36.515263,31.755905,31.15154,27.74875,26.765644,21.87587,22.504765,21.198004,22.102869,21.422937,21.091461,25.475742,25.30096,20.595907,20.16655,16.543377,12.812907,14.345484,10.031047,12.572782,9.035511,13.043679,13.678163,17.76165,18.800909,22.089787,26.222918,24.739256,21.375542,19.033895,17.538332,16.134201,12.703235,15.24906,13.559117,17.276236,19.556864,23.77545,26.024076,28.65336,24.535261,24.267115,29.12931,28.603909,24.792341,25.41898,30.11131,32.902836,31.527004,28.77251,28.909021,23.746239,27.01375,23.857283,27.195608
29,23.441305,22.026651,22.657742,18.53239,20.116901,21.182726,21.095171,24.206318,23.502699,28.756094,26.686918,32.85478,29.372805,25.960997,26.353786,21.176853,20.222296,17.161222,17.160631,14.921704,12.9060335,15.49168,15.773495,10.659164,10.267468,7.715621,5.6886044,6.6076264,4.231292,0.0,6.4034333,6.9152036,5.2554502,6.9989276,9.6276865,10.293416,12.61345,16.146833,15.314933,17.570276,15.535852,18.533497,19.885904,19.344048,25.447779,27.988628,30.153633,34.14419,36.3431,40.2346,36.906998,35.0504,41.291294,43.067642,40.598877,40.122715,35.26353,34.676678,31.00495,30.23495,25.668386,26.223728,25.166605,26.252794,25.432858,25.283972,29.553411,29.226658,24.556154,23.659239,20.022633,16.386711,18.436396,14.233938,16.7077,12.915151,16.497307,16.205359,20.381548,20.64922,24.196993,28.448643,27.018772,23.979416,22.231274,20.112932,19.657894,15.844503,18.635315,16.781162,20.304956,22.980122,26.718147,28.86538,31.677687,27.907366,27.713495,32.48913,32.177135,28.618217,29.216581,33.761917,36.41249,34.890137,32.309612,32.014584,27.189522,30.31606,27.058023,30.38979
30,20.044706,18.986765,18.31823,14.663993,16.460732,16.476017,17.368385,19.44136,19.53162,24.269506,22.71526,29.048313,24.876167,21.390947,21.089476,16.38237,14.779241,12.661067,11.564333,11.260816,9.438721,12.791788,13.816373,10.005173,11.829564,9.2918,9.850975,7.761734,8.5232935,6.4034333,0.0,5.9727497,8.702122,6.1022754,7.2187276,10.029648,12.140551,15.181525,15.273934,17.73335,17.649395,19.35419,22.141346,20.808651,27.278582,29.22365,31.521353,35.391323,36.65707,41.255154,38.63117,35.945175,42.028603,44.5991,42.38071,42.351124,37.291603,37.551476,34.12046,33.97966,28.532333,30.110357,28.883797,29.28557,29.275547,27.919147,32.612865,32.019375,27.230612,27.193853,23.711977,20.233944,20.963835,17.388433,18.350798,14.256744,16.779985,14.999785,19.572853,18.336634,22.506842,26.72328,24.682241,21.971224,21.209612,17.778666,19.029251,14.730126,18.074043,16.684734,19.992846,22.79845,25.632685,26.998665,30.594881,27.575886,26.713932,31.352749,32.068207,29.126734,28.97531,33.0478,35.28985,33.267136,31.144361,29.83049,25.946785,28.817093,25.732416,29.27151
31,22.644276,20.503704,20.010603,15.468488,15.998428,16.305063,15.530101,18.205462,16.889112,22.111816,19.845423,25.977812,22.796144,19.529428,20.145864,14.7409725,14.50817,11.035697,13.035299,10.5158825,10.861305,14.012844,16.095963,12.678066,13.637398,12.054285,9.420442,6.0607953,5.848981,6.9152036,5.9727497,0.0,7.1073008,8.496174,6.551296,7.0843816,11.268821,13.993763,11.950135,13.558712,13.045289,14.024907,16.409327,14.836922,21.322916,23.390804,25.567955,29.577602,30.943409,35.419804,32.677986,30.0758,36.189167,38.647495,36.453358,36.399815,31.355928,31.692732,28.40863,28.376907,22.685516,24.613373,23.481243,23.793951,24.453653,23.002722,28.008343,27.938807,23.127716,23.941195,20.505413,16.909466,16.579,12.663135,13.014315,8.626009,10.963636,9.684096,14.208774,13.996985,17.818453,22.050018,20.262558,17.247074,15.945479,13.387469,14.065809,10.526435,14.301082,13.610836,17.47492,19.475883,23.238949,24.536304,28.129086,24.46503,22.949562,27.973194,28.594425,25.099731,24.520525,28.974329,31.490953,29.412415,26.917578,25.87801,21.293348,24.02982,20.681583,24.06562
32,27.795824,26.168081,26.146353,21.837137,22.837477,23.215218,22.637081,25.056122,23.529774,28.405827,25.538902,31.349144,27.841902,24.418142,25.998604,20.725637,20.810019,17.862743,19.246872,17.359539,16.560534,19.542076,20.481636,15.679825,15.44533,12.963901,10.133344,10.09272,6.4351707,5.2554502,8.702122,7.1073008,0.0,5.961649,7.214979,6.27841,8.28936,11.720535,10.626034,13.023143,10.914491,14.677098,16.615715,17.158478,22.828268,26.614124,27.879251,32.729588,34.53012,38.474304,34.81737,32.351364,38.776134,40.70701,37.60263,37.34306,32.350212,31.88177,27.864067,27.753733,23.586126,24.49224,24.195396,25.613815,25.698536,25.887028,30.481194,30.85751,26.208353,25.983395,22.365551,18.587294,19.83281,15.00512,16.880539,12.673946,15.2490225,14.496937,17.864511,18.327213,21.347832,25.557186,24.897915,22.361025,21.045618,19.49766,19.78079,16.919512,20.331367,19.267073,23.156483,25.179981,29.401009,31.13752,34.289913,30.225128,29.108458,34.20529,34.190258,30.234636,30.070358,34.856174,37.622337,35.72708,32.95599,32.24502,27.163206,29.610342,25.864834,28.667772
33,25.913046,25.054195,24.287617,20.707455,22.283903,21.891748,22.47511,23.924097,23.321285,27.610464,25.195755,31.1883,26.654673,23.019676,24.07649,19.396236,18.775578,17.002728,16.840778,16.921043,15.526628,18.833784,19.53104,15.021772,15.902793,12.761695,12.5464,11.909256,10.133332,6.9989276,6.1022754,8.496174,5.961649,0.0,5.4128237,7.654784,7.5015287,10.89348,12.2859125,15.399534,15.168802,18.267763,21.447447,21.550665,27.49525,30.925806,32.29589,37.093544,38.265945,42.72324,39.496296,36.41601,42.775536,45.262547,42.212784,42.2561,37.121582,37.129124,33.162815,33.406315,28.86233,30.201246,29.750923,30.824438,31.010326,30.578514,35.30018,35.272587,30.509356,30.270075,26.644667,22.933977,24.06627,19.657188,20.997377,16.559488,18.693436,16.68283,20.420523,19.394915,22.994337,27.226254,26.166502,24.022663,23.596777,20.852354,22.470388,18.937685,22.625309,21.49338,25.134659,27.606808,31.018658,32.37754,35.982986,32.558353,31.332678,36.256077,36.84665,33.41904,33.016598,37.434444,39.878204,37.68365,35.30225,33.82998,29.526016,31.85705,28.230816,31.220366
34,26.386724,24.947954,23.480663,19.625359,20.367311,19.353985,19.34835,20.217133,18.948984,22.987757,20.154211,25.989214,21.622591,18.037033,19.74398,14.892659,15.2132635,13.385706,14.961962,15.00395,15.250313,18.792437,20.60307,16.973837,18.293093,15.758671,14.407841,12.104293,10.807546,9.6276865,7.2187276,6.551296,7.214979,5.4128237,0.0,3.916721,5.6697965,8.214346,8.46955,11.273383,12.439149,14.18804,18.268389,18.022963,23.92425,27.303972,28.430767,33.37694,33.916573,38.707806,35.808807,32.142685,38.40805,41.346596,38.371117,38.730568,33.492672,34.12471,30.392477,31.22035,26.10675,28.330435,27.970814,28.637222,29.840763,28.75355,33.889114,34.15769,29.376678,30.204496,26.706717,23.008263,22.774258,18.505241,18.610594,14.047436,14.980456,12.115728,15.585326,14.112118,17.733953,21.936443,20.893879,19.026934,19.144714,16.35788,18.951048,16.068476,20.235386,19.937712,23.729763,25.607449,29.113873,29.883047,33.93587,30.519028,28.345572,33.40541,34.570786,31.118822,29.873663,34.22824,36.59709,34.013683,31.66269,29.657408,25.516808,27.345587,23.580227,26.38207
35,29.051481,27.199791,26.059069,21.817345,22.118181,21.418924,20.590157,21.817059,19.716995,23.894146,20.494925,25.985334,22.295816,18.912548,21.406778,16.311106,17.43237,14.989945,17.760975,16.730839,17.465134,20.839373,22.796728,18.961004,19.681934,17.392855,14.768904,12.743494,10.430752,10.293416,10.029648,7.0843816,6.27841,7.654784,3.916721,0.0,4.923218,7.2325716,5.332705,7.957826,8.523395,10.7530155,14.708043,15.142392,20.687313,24.767681,25.45106,30.778296,31.480272,36.02033,32.77178,29.156115,35.54113,38.258255,34.997475,35.300068,30.074633,30.548742,26.677517,27.640839,22.852642,25.06164,25.065495,25.986898,27.496494,26.816317,31.964584,32.670017,27.990759,29.031246,25.579647,21.861834,21.417156,16.846891,16.931437,12.449746,13.056111,10.68873,13.45197,13.026654,15.982036,20.167536,19.752575,17.89493,17.683268,15.923082,17.98613,15.911817,20.041903,20.014832,23.999552,25.429129,29.50647,30.37504,34.239468,30.392847,28.009611,33.2411,34.149746,30.296597,28.932123,33.55451,36.135265,33.607933,30.977526,29.274862,24.609253,26.22105,22.196054,24.646505
36,31.875757,30.535902,29.124582,25.289146,25.954863,24.834332,24.593376,25.11272,23.334553,26.85034,23.365974,28.557,24.165945,20.702232,23.58194,19.065199,20.104637,18.549974,20.483418,20.583149,20.787804,24.284714,25.827349,21.693586,22.468409,19.658459,17.920322,16.599588,14.0310955,12.61345,12.140551,11.268821,8.28936,7.5015287,5.6697965,4.923218,0.0,3.6167839,6.0605283,9.512433,10.722551,13.85108,18.152563,19.44134,24.418158,29.15102,29.299646,35.02716,35.451725,39.995163,36.568428,32.56547,38.966923,41.781757,38.012318,38.4641,33.24908,33.66295,29.487736,30.776373,26.693794,28.691923,29.110464,30.352804,31.776224,31.500422,36.554108,37.3262,32.664074,33.356804,29.830637,26.06279,26.112595,21.390736,21.782438,17.322805,17.832651,15.166125,17.323994,16.324602,18.915863,22.851864,22.94194,21.739212,22.11124,20.220026,22.819012,20.682964,24.849302,24.685219,28.626432,30.238634,34.15623,34.95596,38.93093,35.20562,32.814266,38.01746,39.02889,35.213745,33.801323,38.37506,40.89326,38.227684,35.681946,33.644135,29.222265,30.516655,26.40197,28.537493
