,0,1,2,3,4,5,6,7,8,9,10,11,12,13,14,15,16,17,18,19,20,21,22,23,24,25,26,27,28,29,30,31,32,33,34,35,36,37,38,39,40,41,42,43,44,45,46,47,48,49,50,51,52,53,54,55,56,57,58,59,60,61,62,63,64,65,66,67,68,69,70,71,72,73,74,75,76,77,78,79,80,81,82,83,84,85,86,87,88,89,90,91,92,93,94,95,96,97,98,99,100,101,102,103,104,105,106,107,108,109,110,111
0,0.0,3.7300656,7.580102,9.92978,11.902593,15.839627,17.385778,22.596964,25.616549,29.415812,32.142906,35.96638,37.620625,36.632965,36.49757,32.241154,33.412937,28.921902,30.003641,26.797682,27.895489,27.026117,25.631382,25.89677,22.329779,21.881454,18.85416,22.16605,22.186962,25.657913,25.032818,30.515234,32.616413,37.394844,38.08092,41.903675,42.168907,39.77926,36.48961,33.303726,31.889177,27.613535,25.036566,21.856827,20.427378,14.966892,15.738471,13.207425,8.797725,11.870617,13.015289,5.6996074,9.619006,13.897284,12.595417,13.946374,10.639086,14.450014,14.052433,12.890606,19.743837,20.805391,22.434418,26.653385,23.749163,21.320549,25.96104,24.192831,28.18677,28.476421,30.304047,31.949203,26.938932,32.239693,30.276596,33.218403,34.45167,30.935934,35.987698,32.35921,34.60294,35.989204,31.3402,27.854376,24.994144,22.165352,19.346416,14.808788,12.635164,8.745673,8.205933,5.9043756,7.9867315,13.136648,15.67658,18.548183,17.85356,22.885944,22.90024,27.672304,27.095572,25.112526,27.043676,31.292316,33.808292,33.30471,31.076403,30.878267,26.971758,29.559855,26.226707,29.207457
1,3.7300656,0.0,5.1872425,6.2601433,8.341573,12.293631,13.908584,19.062572,21.975992,25.959494,28.5249,32.530098,33.996822,32.941856,32.817184,28.518572,29.730497,25.25302,26.474491,23.388641,24.73714,24.146078,22.924562,23.645723,20.301567,19.73096,16.128891,19.161318,18.793896,22.28897,21.403418,27.050348,28.996744,33.82731,34.498337,38.298115,38.68824,36.34552,33.130173,29.920578,28.61382,24.24538,21.858088,18.441404,17.522835,11.762052,13.311836,11.425683,7.3075285,11.510414,12.010501,4.7653236,10.773378,13.869047,11.853263,12.287226,7.9186187,11.203927,10.4457855,9.475193,16.159113,17.569014,19.278643,23.79352,21.321875,18.482788,23.448818,22.031584,25.660004,26.042742,27.42718,28.78577,23.549093,28.849749,26.727842,29.738451,30.88715,27.378273,32.525997,28.934956,31.349968,32.910122,28.291355,24.769424,21.631208,19.219395,15.908817,11.555381,9.345988,5.448298,6.5345616,6.1097746,9.624042,13.328608,15.58638,17.610388,16.004519,21.199518,20.582375,25.531786,24.58701,22.309948,23.959156,28.396578,31.119717,30.247025,27.853456,27.67331,23.478617,26.03911,22.65002,25.638956
2,7.580102,5.1872425,0.0,5.559383,6.655414,9.475287,11.86189,15.948136,19.676073,22.819292,25.933174,29.556192,31.136778,30.584637,30.176903,26.426537,28.017605,23.708708,25.741756,22.823263,25.090786,24.727827,24.428856,25.564981,22.764334,22.47977,17.561821,20.787601,19.432552,23.015806,21.036266,27.336262,28.204184,33.457893,33.669476,37.394623,38.07167,35.61934,32.980804,29.586872,29.124971,24.209784,22.998842,18.879734,19.637762,13.524474,16.514648,15.120489,11.291838,16.253622,16.612652,9.790061,15.884131,18.70498,15.834374,15.763662,10.067291,12.140759,9.565087,6.172333,13.163912,13.54004,15.610276,19.801786,17.951206,16.128267,21.437937,20.932,24.434496,25.967785,26.254492,27.417866,21.754707,26.541643,24.118395,26.597916,27.69454,24.059965,28.865702,25.426857,27.544764,29.132418,24.365395,21.21068,18.501589,15.683246,13.618023,8.650298,8.553774,5.9882565,7.750831,8.368184,9.986724,12.089002,14.918277,14.8099165,13.721633,18.5868,17.357191,22.361713,22.190693,20.157724,21.00237,25.098198,27.347168,26.40651,24.299744,23.533623,20.097494,22.59707,19.611582,22.941288
3,9.92978,6.2601433,5.559383,0.0,3.9583724,6.2633896,9.202904,13.441583,16.31488,20.606266,22.826426,27.276775,28.138584,27.015867,26.612175,22.367502,23.564955,19.113459,20.68585,17.777784,19.809673,19.697157,19.183369,20.717894,18.1049,17.581762,12.577337,15.28522,13.895891,17.530666,15.943428,22.05535,23.634794,28.55174,29.245642,32.93191,33.75711,31.577347,28.629478,25.39635,24.396477,19.887756,18.058884,14.08533,14.605312,8.168139,11.959873,11.222172,8.712385,13.804365,13.6519,8.850984,15.401609,16.875109,14.327441,13.158706,7.7233787,8.304246,5.7909546,4.2604823,10.248734,12.111155,13.730525,18.671425,17.016928,13.545814,18.984167,18.38293,21.232235,22.026457,22.395617,23.25455,17.626219,22.83559,20.5143,23.59974,24.73207,21.39826,26.732557,23.46214,26.231392,28.270622,23.713879,20.345846,16.647692,15.361948,11.171282,7.5847816,6.430449,4.701609,8.838479,10.741146,14.388132,16.106037,17.968828,18.088335,15.252237,20.256372,18.255589,23.358986,21.938425,19.157623,19.80102,24.479937,27.431744,25.663265,22.998291,22.477776,17.83459,20.0721,16.49245,19.412628
4,11.902593,8.341573,6.655414,3.9583724,0.0,5.897307,5.6734056,10.904939,13.743141,17.66227,20.244814,24.207714,25.769835,24.846077,25.147402,20.930773,22.834213,18.604788,20.893324,18.615099,21.113224,21.656418,21.142475,23.258795,20.844038,19.89255,15.159677,16.45421,14.352478,17.445387,14.933096,21.24484,21.722694,27.063505,27.131891,30.911964,31.450216,28.999924,26.32844,22.933058,22.606668,17.581644,16.853176,12.4893265,14.460469,9.552013,12.96662,13.977395,11.969209,16.474476,15.25119,10.714491,16.983976,17.856295,14.16904,12.740808,6.7638392,6.4805775,2.9689915,3.840968,8.411669,11.134647,13.827123,18.912907,18.558632,15.450767,21.182821,21.260246,23.608448,24.665379,24.262207,24.509706,18.3767,23.19045,20.114405,22.94162,23.450853,19.519087,24.608452,20.762728,23.326353,25.022099,20.542213,16.923126,13.402134,11.787693,7.665011,3.914635,3.009899,3.915846,7.69933,10.647086,14.345151,14.479924,15.744558,15.325256,11.779664,16.664663,14.529436,19.594297,17.98585,15.223874,16.108315,20.79664,23.877546,22.430634,19.78736,20.008224,15.372743,18.342049,15.355122,18.837816
5,15.839627,12.293631,9.475287,6.2633896,5.897307,0.0,7.108019,8.115947,11.598229,15.466752,17.674515,22.272232,22.580587,21.76502,20.865356,17.12307,18.626848,14.430588,17.060917,14.667018,17.978397,18.497517,19.245358,21.538378,19.989197,19.706148,13.646832,15.739078,12.912868,16.273724,13.238237,19.886896,20.211,25.37618,25.732859,29.19475,30.57544,28.504047,26.264032,23.00133,22.908554,18.16454,17.827255,13.360926,16.13703,10.580727,15.51869,15.710321,14.234079,19.299238,18.87327,15.038186,21.532846,22.410227,19.429972,17.58759,12.139779,10.524417,6.446366,3.409349,4.5367756,6.2269645,8.100432,13.345712,13.360638,10.199615,16.000134,16.907394,18.703901,20.617489,19.226007,19.368597,13.103049,17.655102,14.807233,17.559288,18.613386,15.34414,20.669842,17.87128,20.810318,23.350473,18.852478,16.01693,12.118649,12.088417,8.30261,6.556136,8.43648,9.47808,13.445136,15.99549,18.944624,19.154783,20.836401,18.912241,15.729019,19.850817,16.509207,21.381605,20.057468,17.163572,16.20954,20.702744,23.493929,20.807583,18.092356,16.773504,12.158574,13.923021,10.388997,13.595998
6,17.385778,13.908584,11.86189,9.202904,5.6734056,7.108019,0.0,6.650651,8.6898985,12.453235,15.033274,18.734835,20.731573,19.9041,21.05259,16.906227,19.618752,15.921993,19.07736,17.850634,20.951725,22.415579,22.191599,25.123749,23.338688,22.053165,17.48927,17.027555,13.894177,16.004807,12.146906,18.464083,17.311676,23.064281,22.407063,26.1831,26.616928,23.993044,21.833817,18.316885,19.021708,13.512835,14.689596,10.017027,14.42701,11.794325,15.130647,17.82739,16.873268,20.887026,18.793627,15.665785,21.463516,21.269245,16.98422,14.8539505,9.876319,7.2034492,4.1702585,7.337234,5.946316,10.202762,13.5835495,18.599833,20.043505,17.042925,22.726225,23.711182,25.034176,26.300598,24.757887,24.047691,17.595606,21.633812,17.70757,20.23196,19.871227,15.425135,20.249575,15.888295,18.512436,20.102146,15.962069,12.106285,8.220338,7.8385673,2.057498,3.784921,5.210642,8.832448,11.553743,15.066018,18.631481,17.04495,17.325363,15.684795,10.92731,14.744229,11.58005,16.238033,13.747894,10.546886,10.912024,15.857053,19.415073,17.66415,14.756596,16.00428,10.904703,14.598032,12.468638,16.297129
7,22.596964,19.062572,15.948136,13.441583,10.904939,8.115947,6.650651,0.0,4.867503,7.3535705,10.139028,14.183737,15.201616,14.9509115,15.2821865,12.103436,15.304678,12.357497,16.670889,16.169352,20.29097,22.09811,23.159971,26.406374,25.556654,24.768402,19.36847,19.07698,15.1464,16.880066,11.964132,18.215763,15.578953,21.339304,20.348444,23.664097,24.994764,22.674017,21.570189,18.249084,19.971695,14.826505,17.344683,12.934137,18.3676,15.713571,19.988949,22.182375,21.480581,25.956823,24.378595,21.394255,27.534004,27.43122,23.482733,21.150534,16.288681,13.2555,9.919096,10.191331,3.6578774,6.775625,9.94186,14.149961,17.415884,15.281797,20.426592,22.638248,22.976301,25.251118,22.163763,20.786678,14.315671,16.953733,12.466876,14.199421,13.515512,8.910761,13.785452,10.047008,13.112373,15.681217,11.603825,8.890812,4.577515,7.500853,5.45888,8.528858,11.598545,14.700076,17.743893,21.024786,23.848082,21.954964,22.565434,19.171204,15.160582,17.530323,13.054983,16.86523,14.999782,12.139588,9.392432,13.641373,16.736609,13.331479,10.2789345,10.069028,4.4967117,8.003383,6.753501,10.963002
8,25.616549,21.975992,19.676073,16.31488,13.743141,11.598229,8.6898985,4.867503,0.0,6.0667973,6.6112614,11.663006,12.293426,11.219926,12.872768,8.96855,12.670162,10.390937,14.707042,15.282019,19.144863,21.658997,22.4354,26.160297,25.675755,24.497082,19.977833,18.072914,13.947518,14.500903,9.19378,14.543325,10.869654,16.739109,15.497914,18.872744,20.134739,17.886574,16.871305,13.665725,15.782967,10.972718,14.525919,10.812342,17.005005,16.291752,19.957632,23.220028,23.435806,27.254116,25.077576,23.456955,29.144205,28.136873,24.27158,21.485939,17.72008,13.870889,11.809373,13.912482,7.4049015,11.206814,13.501129,17.48383,20.93788,18.070913,22.746202,24.902937,24.49383,26.03343,22.815056,20.721724,14.720768,16.931688,12.260663,14.26665,12.7527275,8.43138,13.1605625,9.320098,12.920428,15.465922,12.5362,9.895436,5.534377,10.297488,7.1965923,11.841594,13.746493,17.216028,20.20166,23.731571,27.215672,25.183207,25.160803,22.353815,17.60885,19.602474,15.298129,18.38082,15.218966,12.005328,9.382976,13.622755,17.434448,13.678596,10.187127,11.650002,5.4416623,8.462323,7.851909,10.922124
9,29.415812,25.959494,22.819292,20.606266,17.66227,15.466752,12.453235,7.3535705,6.0667973,0.0,5.005364,6.8917756,9.4053955,10.329549,12.562848,11.07009,15.463229,14.522,19.322039,20.27837,24.481218,26.975039,28.20692,31.891178,31.515743,30.482632,25.638052,24.108097,19.952469,20.370682,15.045499,19.634142,14.308379,19.87543,17.356483,20.144444,21.372358,18.928087,19.41209,16.45864,19.995386,15.362677,20.02563,16.513157,22.868587,21.997719,25.689837,28.800907,28.495157,32.618923,30.473831,28.044682,33.854877,33.175262,28.827332,26.326057,22.16867,18.772564,16.324392,17.39602,10.967449,12.826882,15.456077,18.113205,22.892113,21.431675,25.859465,28.701458,28.165104,30.568735,26.550316,24.232222,18.492304,19.234903,14.301095,14.524231,11.8892,6.9261594,9.186066,3.9109197,6.950598,9.463662,7.046543,5.867086,4.70557,9.601529,10.524869,14.724465,17.608665,21.185625,23.60136,27.059566,29.68719,26.643608,26.499342,22.347069,18.32265,18.753447,14.079393,15.797051,13.62232,11.571927,6.894948,9.18233,12.3215685,7.846509,4.4257154,7.107144,4.1480594,7.5140324,9.957086,13.013168
10,32.142906,28.5249,25.933174,22.826426,20.244814,17.674515,15.033274,10.139028,6.6112614,5.005364,0.0,6.3119907,5.896036,5.5310283,9.020587,7.433832,11.964631,12.142089,16.664103,18.540823,22.491194,25.434921,26.735521,30.685299,30.833517,29.717915,25.437893,23.008427,18.860773,18.412294,13.333975,16.530096,10.48947,15.490221,12.966605,15.453568,17.221764,15.27388,16.081348,13.646728,17.268267,13.748127,18.621403,16.004429,22.32768,22.509352,25.99581,29.477276,29.937159,33.669277,31.381565,30.058006,35.661087,34.391457,30.458725,27.584538,24.169464,20.241386,18.394827,20.129517,13.239723,15.629473,17.326412,19.872692,24.57045,22.444668,26.267653,29.117228,27.809458,29.67125,25.43827,22.524803,17.544378,17.669136,12.961713,13.407207,10.285528,6.8280606,8.976836,6.0447645,9.509511,12.300963,11.401592,10.710431,8.850397,14.134612,13.276903,17.960526,20.170942,23.740822,26.514372,30.075882,33.290882,30.6599,30.373764,26.826822,22.353413,23.069773,18.597023,20.20122,17.195839,14.808314,10.920652,13.024175,16.298204,11.595933,8.60916,10.625117,7.156825,8.207506,10.42237,11.992099
11,35.96638,32.530098,29.556192,27.276775,24.207714,22.272232,18.734835,14.183737,11.663006,6.8917756,6.3119907,0.0,6.6297455,8.786996,13.030344,13.309846,17.712265,18.380827,22.899769,24.831717,28.799978,31.736895,32.976288,36.925404,36.914692,35.684917,31.404709,28.966991,24.856073,24.312588,19.242508,22.043139,15.187698,19.65882,15.860548,17.69331,18.678091,16.386889,18.587969,16.482521,21.210363,17.734917,23.446003,20.929201,27.447237,27.859552,31.07026,34.805576,34.893982,38.675972,36.128426,34.30957,39.80699,38.608955,34.145123,31.511454,28.037346,24.430931,22.613216,24.22744,17.754189,19.506834,21.736858,23.626225,28.945665,27.642536,31.548363,34.6531,33.490833,35.748894,31.276138,28.345072,23.439945,23.001596,18.336905,17.684404,13.999573,10.732836,9.446428,6.1683555,6.6153746,7.6751623,9.243192,10.088338,11.088727,15.304236,16.72642,21.23602,23.783226,27.540354,29.64991,33.194046,35.85152,32.25089,31.56063,27.31654,23.342941,22.60473,18.415218,18.369701,15.965093,14.847995,10.603849,10.017682,12.423819,8.261533,6.834011,10.789519,10.662034,12.157973,15.560722,17.398598
12,37.620625,33.996822,31.136778,28.138584,25.769835,22.580587,20.731573,15.201616,12.293426,9.4053955,5.896036,6.6297455,0.0,3.8604655,7.0002985,9.100769,12.805361,14.788066,19.000687,21.511427,25.463472,28.482264,30.37286,34.318245,35.006992,34.131584,29.81629,27.457226,23.374708,22.598827,17.947863,19.930067,13.627858,16.947699,14.166344,15.214948,17.775599,16.623085,18.72612,17.193947,21.08118,18.655184,23.54169,21.423687,27.544691,27.769655,31.407686,34.66996,35.23518,39.060432,36.95256,35.694527,41.397156,40.134773,36.318317,33.400726,29.987188,26.050718,24.063377,25.229998,18.183455,19.540142,20.501707,21.74379,27.110859,25.653124,28.581383,31.954214,29.937529,32.157326,27.151642,23.76923,19.944748,18.313839,14.256038,13.195495,9.269507,8.432997,6.9064937,7.6528482,9.7573,12.70008,13.553669,14.573515,13.978662,19.001472,18.982296,23.428778,25.90931,29.39012,32.247005,35.759377,38.74306,35.992577,35.791077,31.720703,27.631886,27.791592,23.249678,24.108541,21.674368,19.862093,15.52731,16.058163,18.221985,13.071378,11.338075,12.126227,11.326037,10.2630005,13.61971,13.769087
13,36.632965,32.941856,30.584637,27.015867,24.846077,21.76502,19.9041,14.9509115,11.219926,10.329549,5.5310283,8.786996,3.8604655,0.0,6.0903697,6.545401,10.074071,12.279189,16.053875,18.913742,22.519972,25.754345,27.404552,31.456238,32.27652,31.272575,27.446674,24.532598,20.588348,19.384546,15.078813,16.312952,10.128804,13.1680565,10.832944,12.081892,14.98001,14.118037,15.721656,14.381009,17.804983,15.976679,20.550627,18.925627,24.78743,25.60435,28.98681,32.46916,33.48578,36.96814,34.756676,34.20055,39.677704,38.066006,34.561996,31.46981,28.547483,24.392082,22.836533,24.574259,17.567171,19.656595,20.40668,22.25276,27.027653,24.78506,27.664444,30.693253,28.510376,30.08859,25.420973,21.897366,18.285633,17.099892,13.22661,13.210818,9.788288,9.218789,9.812775,9.882461,12.78519,15.690816,15.920595,15.999456,14.330128,19.635933,18.319258,22.970224,24.915615,28.341112,31.380068,34.933537,38.38773,36.037056,35.765953,32.349873,27.819708,28.539124,24.104313,25.45757,22.336504,20.017675,16.303133,17.796148,20.660612,15.712986,13.339243,14.431546,11.8685,10.9274025,13.128388,12.8350115
14,36.49757,32.817184,30.176903,26.612175,25.147402,20.865356,21.05259,15.2821865,12.872768,12.562848,9.020587,13.030344,7.0002985,6.0903697,0.0,5.4110603,7.128344,10.076638,13.781659,16.414232,20.368465,23.179642,25.789827,29.514095,30.774172,30.397491,25.91153,24.159853,20.29468,19.784098,15.869074,17.69624,13.577904,16.009949,15.363708,16.272423,19.936602,19.57765,20.502094,19.101542,21.396023,19.542923,22.826336,20.825869,26.074701,25.549082,29.65076,32.046726,32.927643,36.806156,35.360046,34.461277,40.296707,39.21278,36.163517,33.138874,29.68646,25.735147,23.52899,24.0212,17.120256,17.995176,17.52677,18.351856,23.139074,21.366503,23.28582,26.729385,24.042112,26.213207,20.868975,17.245403,14.482706,11.884737,8.733747,7.8821363,4.9715834,7.637953,8.671987,11.2615795,14.402663,18.2246,17.68769,18.20884,16.145708,21.224995,19.773685,23.633142,25.929358,28.872894,32.3978,35.71234,38.915436,37.227047,37.623302,33.919094,29.846933,31.08459,26.352571,28.327917,25.94414,23.490591,19.353945,21.119192,23.41735,17.898256,15.703007,14.225549,12.1692505,8.977836,10.842435,8.8686075
15,32.241154,28.518572,26.426537,22.367502,20.930773,17.12307,16.906227,12.103436,8.96855,11.07009,7.433832,13.309846,9.100769,6.545401,5.4110603,0.0,4.539674,5.781957,9.948635,12.479614,16.367264,19.408482,21.384024,25.297832,26.228046,25.546818,21.365467,19.07845,15.136364,14.557467,10.464973,12.817764,9.344202,12.808937,12.79423,14.802208,17.961662,17.247202,17.004719,15.193562,16.792223,14.694274,17.504591,15.510372,20.670855,20.510134,24.377684,27.112574,28.258091,31.845303,30.17961,29.733782,35.34587,34.00819,31.0931,27.982403,24.886253,20.798843,19.003706,20.282173,13.559159,15.698536,15.634806,17.973997,21.8342,18.910421,21.62988,24.397661,22.19773,23.583437,19.130596,15.782548,11.892099,11.532435,7.7026057,9.454627,7.7858763,7.682347,11.478839,11.554225,15.430102,19.0071,17.55025,16.769571,13.545347,18.660475,15.825727,19.841835,21.540249,24.465734,28.048893,31.406618,35.06348,33.69056,33.959854,31.035028,26.514915,28.377695,23.869522,26.452158,23.424143,20.464802,17.135118,20.049984,23.194782,18.126965,15.168904,14.704936,10.333925,8.5864315,8.529141,7.3652573
16,33.412937,29.730497,28.017605,23.564955,22.834213,18.626848,19.618752,15.304678,12.670162,15.463229,11.964631,17.712265,12.805361,10.074071,7.128344,4.539674,0.0,4.5418296,6.794519,10.003077,13.463224,16.510885,18.989498,22.76904,24.322989,23.971617,20.11126,17.968748,14.528451,13.809229,11.155985,12.260128,11.153545,12.85712,14.41954,15.860698,19.546097,19.542912,18.839626,17.53928,17.95407,16.906734,18.359358,16.991875,21.043036,20.77862,24.646202,26.836615,28.430527,31.783445,30.52697,30.689299,36.141556,34.748817,32.503284,29.332497,26.575987,22.56875,20.953142,21.961723,15.872956,17.690428,16.612825,18.593697,21.653135,18.322216,20.003992,22.591072,19.693254,20.57416,16.045591,12.319684,10.050164,9.112924,7.1998353,9.634388,9.469543,11.1463585,14.798669,15.790909,19.618683,23.359009,21.809881,21.031624,17.527765,22.391478,18.902203,22.412346,23.745235,26.21588,30.10446,33.273808,37.11603,36.41345,36.93059,34.365574,29.880995,32.197006,27.746727,30.65513,27.609955,24.484976,21.413805,24.524563,27.620375,22.468843,19.566582,18.420557,14.142453,11.685605,10.545125,7.663085
17,28.921902,25.25302,23.708708,19.113459,18.604788,14.430588,15.921993,12.357497,10.390937,14.522,12.142089,18.380827,14.788066,12.279189,10.076638,5.781957,4.5418296,0.0,4.9664607,6.724054,10.876025,13.707063,15.913306,19.68005,20.722712,20.349134,15.989512,14.31887,10.626579,10.847504,7.8868833,11.0462055,11.237262,14.235396,15.902673,18.210884,21.212173,20.641752,19.092497,17.166845,16.987772,15.05317,15.667419,13.653856,17.461388,16.403877,20.55534,22.49331,23.92207,27.415329,26.291325,26.21489,31.742073,30.577936,28.39706,25.322123,22.36299,18.515413,16.791819,17.7499,12.172412,14.407855,13.458419,16.434439,18.731718,14.755721,17.265045,19.425335,17.278954,18.060316,14.24557,11.30699,7.115184,8.870344,6.350603,10.205589,10.794166,10.890842,15.8550205,15.680132,19.706163,23.354614,20.950829,19.482872,15.375839,19.721487,15.5274105,18.563484,19.671213,21.904806,25.90077,28.96827,32.86993,32.51909,33.2033,31.00706,26.560274,29.393827,25.115719,28.573523,25.586695,22.255548,19.672062,23.453005,26.764,21.978304,18.819199,17.663021,12.450529,10.831023,8.094899,6.2398124
18,30.003641,26.474491,25.741756,20.68585,20.893324,17.060917,19.07736,16.670889,14.707042,19.322039,16.664103,22.899769,19.000687,16.053875,13.781659,9.948635,6.794519,4.9664607,0.0,4.0870647,6.6859646,9.93945,12.240372,16.017517,17.760775,17.548569,14.259629,12.136825,9.545433,9.237628,8.997495,9.895615,12.9646635,14.213642,17.31372,19.266802,22.355467,22.368158,20.179976,18.817326,17.253683,16.668736,15.623627,14.769962,16.861963,16.342918,19.94632,21.52947,23.747807,26.561478,25.708588,26.782911,31.771715,30.287294,28.971968,25.837103,23.733019,20.04514,19.017223,20.23402,15.835048,18.148918,16.648092,19.534155,20.582489,15.901054,17.378008,18.706827,16.055613,15.332463,12.464519,9.57082,7.8951306,10.08984,9.912493,13.806018,14.99956,15.796386,20.543728,20.601393,24.628687,28.23673,25.863455,24.193485,19.885529,23.965893,19.054247,21.656937,21.994705,23.704142,27.81294,30.646572,34.907467,35.264862,36.0009,34.52801,29.978422,33.241905,29.222775,32.90115,29.626482,26.126093,24.089727,28.092808,31.57805,26.88929,23.675865,22.598625,17.308691,15.705311,12.641443,10.293991
19,26.797682,23.388641,22.823263,17.777784,18.615099,14.667018,17.850634,16.169352,15.282019,20.27837,18.540823,24.831717,21.511427,18.913742,16.414232,12.479614,10.003077,6.724054,4.0870647,0.0,4.7371464,7.014189,9.728144,13.167008,14.599972,14.799796,10.6191,10.091944,7.863851,9.254291,9.495349,12.002987,15.690122,17.656136,20.596378,22.909706,25.679993,25.350046,22.79259,21.034016,19.137602,17.861897,15.903908,14.4721775,15.6853,13.663757,17.695347,18.315073,20.329273,23.365366,23.06089,23.795145,28.867027,27.849525,26.85029,23.940104,21.562393,18.344532,17.097235,17.69092,14.470707,16.474018,14.658151,17.867727,17.8152,12.6455765,14.274629,15.052421,12.991477,12.1364355,10.12672,8.487072,6.0122437,10.230744,10.463911,14.660012,16.537468,16.846642,22.07158,21.795494,25.7946,29.397102,26.436045,24.497444,19.996153,23.371078,18.225885,19.912079,20.080713,21.227272,25.471386,28.015451,32.155247,33.079903,34.163033,32.951237,28.714424,32.421288,28.580294,32.68929,29.74765,26.217772,24.467476,28.77472,32.177555,27.730856,24.517895,23.022434,17.641788,16.314068,12.431667,10.666937
20,27.895489,24.73714,25.090786,19.809673,21.113224,17.978397,20.951725,20.29097,19.144863,24.481218,22.491194,28.799978,25.463472,22.519972,20.368465,16.367264,13.463224,10.876025,6.6859646,4.7371464,0.0,3.7695787,5.8470497,9.3910475,11.605904,11.868603,9.730665,8.466579,8.313741,9.034839,11.681875,12.239603,17.75323,18.571005,22.327545,24.45256,27.023796,27.043665,23.946732,22.622671,19.645958,19.454512,16.139889,15.876229,15.269475,14.168838,17.125252,17.483273,20.375536,22.409103,22.278486,24.336748,28.604841,27.172985,27.0667,24.17735,22.858807,19.913708,19.517256,20.624687,18.398417,20.687416,18.887383,22.109758,21.182198,15.723076,16.597042,16.221613,14.176911,11.208807,11.376716,10.479261,10.280027,14.078989,15.036472,19.130756,21.000284,21.435314,26.593906,26.216501,30.248386,33.73838,30.826523,28.640406,24.01203,27.202833,21.559862,23.002867,22.396963,23.093542,27.212534,29.501392,33.978153,35.469612,36.471905,36.035095,31.6776,35.677933,32.155926,36.37027,33.10355,29.463493,28.264019,32.752464,36.378082,32.09537,28.792158,27.652533,22.073492,20.982317,17.11036,15.34748
21,27.026117,24.146078,24.727827,19.697157,21.656418,18.497517,22.415579,22.09811,21.658997,26.975039,25.434921,31.736895,28.482264,25.754345,23.179642,19.408482,16.510885,13.707063,9.93945,7.014189,3.7695787,0.0,4.787399,6.8000584,9.41114,10.687622,8.373291,9.50686,10.306418,11.943015,14.641994,15.79832,21.344107,22.33405,26.052235,28.214598,30.766909,30.709156,27.51987,26.066286,22.973166,22.50642,18.750135,18.225286,16.800058,14.486367,17.465424,16.451952,19.212162,21.196865,21.878693,23.775932,27.875057,26.930395,27.375195,24.793346,23.391743,21.033659,20.487608,20.868654,19.720797,21.449776,19.256062,22.235096,20.251358,14.807342,14.952426,13.716492,12.023613,8.056059,10.0553875,10.578193,11.181913,15.252401,16.857477,20.846573,23.213081,23.70836,28.95569,28.667934,32.638836,36.186565,32.9733,30.768173,26.139074,28.846567,23.275423,23.947866,23.249859,23.336323,27.46752,29.36147,33.613945,35.717667,37.064857,36.826088,32.841896,37.118893,33.73418,38.19708,35.253883,31.652836,30.544632,35.115417,38.587223,34.388885,31.15893,29.56684,24.189299,23.023691,18.880058,17.20065
22,25.631382,22.924562,24.428856,19.183369,21.142475,19.245358,22.191599,23.159971,22.4354,28.20692,26.735521,32.976288,30.37286,27.404552,25.789827,21.384024,18.989498,15.913306,12.240372,9.728144,5.8470497,4.787399,0.0,4.2616186,6.139342,6.427878,7.094576,6.432284,9.073655,10.380096,14.363303,14.874993,21.323843,22.201828,26.042805,28.454842,30.38764,30.222132,26.463377,25.093899,21.262184,21.200361,16.384754,16.627613,13.680721,12.537635,14.184737,13.645731,17.264275,18.164396,18.464272,21.647215,24.93457,23.39029,24.358215,21.78545,21.466686,19.32852,19.75163,21.1552,20.74688,23.285267,21.80846,25.493216,23.40114,17.664698,18.743204,16.921745,16.216059,11.896643,14.75759,15.210004,14.771331,19.316616,20.115757,24.311365,26.221737,26.010353,31.46177,30.424746,34.407887,37.632664,34.368336,31.680311,26.920362,29.322346,23.240908,23.834639,22.292126,22.167982,25.980505,27.767143,32.456444,34.767246,35.802593,36.426067,32.208183,36.69347,33.76114,38.26944,34.935524,31.267233,30.932041,35.748806,39.542984,35.77996,32.408367,31.617943,25.770119,25.39232,21.202288,20.212809
23,25.89677,23.645723,25.564981,20.717894,23.258795,21.538378,25.123749,26.406374,26.160297,31.891178,30.685299,36.925404,34.318245,31.456238,29.514095,25.297832,22.76904,19.68005,16.017517,13.167008,9.3910475,6.8000584,4.2616186,0.0,4.0839562,6.2128253,8.186196,9.788338,12.851535,14.503215,18.420807,19.079895,25.578068,26.378721,30.29176,32.65571,34.584503,34.441063,30.599236,29.2291,25.255913,25.160295,20.046413,20.232489,16.56175,14.63,15.818891,13.710922,17.261272,17.602201,18.88147,22.195772,24.890512,23.78049,25.577269,23.425213,23.309874,21.856527,22.273293,23.092674,23.669836,25.744581,23.988651,27.391087,24.38724,18.881271,19.221333,16.494272,16.309013,11.177614,15.699008,17.097572,17.423752,21.925184,23.252,27.337372,29.601612,29.513994,34.996635,34.06563,38.003487,41.26628,37.795128,35.091877,30.356153,32.35317,26.369276,26.301706,24.601816,23.845665,27.503746,28.79422,33.248055,36.239883,37.557526,38.52301,34.67124,39.38943,36.656765,41.34616,38.256733,34.63982,34.435986,39.303493,42.985912,39.30837,35.99571,34.88402,29.209862,28.750086,24.412811,23.40714
24,22.329779,20.301567,22.764334,18.1049,20.844038,19.989197,23.338688,25.556654,25.675755,31.515743,30.833517,36.914692,35.006992,32.27652,30.774172,26.228046,24.322989,20.722712,17.760775,14.599972,11.605904,9.41114,6.139342,4.0839562,0.0,3.3662956,6.4098816,8.903613,12.348149,14.582782,18.280487,19.754284,26.027174,27.504436,31.031078,33.763073,35.28246,34.757824,30.711418,29.044027,25.076052,24.437025,19.032738,18.935472,14.592663,12.065127,12.691078,9.864385,13.576044,13.53561,15.040117,18.488646,20.870022,19.923973,21.982416,20.09915,20.21334,19.326918,20.049635,21.018087,22.615667,24.87966,23.611193,27.466366,24.208836,18.676863,19.937977,16.918732,17.838652,13.43646,17.909956,19.487436,18.569574,23.660254,24.345167,28.500368,30.613056,29.851295,35.517735,34.00336,37.83172,40.844444,37.128773,34.124943,29.42202,30.828922,24.803057,24.201462,22.071053,20.892532,24.283422,25.317657,29.813063,33.083687,34.39963,35.8627,32.172573,37.076767,34.72623,39.52816,36.53585,32.995567,33.281048,38.27141,41.97916,38.735317,35.437145,34.60996,28.844934,28.977636,24.54277,24.2552
25,21.881454,19.73096,22.47977,17.581762,19.89255,19.706148,22.053165,24.768402,24.497082,30.482632,29.717915,35.684917,34.131584,31.272575,30.397491,25.546818,23.971617,20.349134,17.548569,14.799796,11.868603,10.687622,6.427878,6.2128253,3.3662956,0.0,6.9080186,6.9128213,10.875717,12.679946,16.716633,17.843779,24.243444,25.724436,29.156672,32.008595,33.16839,32.55763,28.31166,26.696335,22.499577,22.05348,16.318861,16.67688,11.726201,10.5425825,10.158697,8.807993,13.163381,12.542897,13.018701,17.406399,19.493784,17.796518,19.760239,17.665325,18.474018,17.40882,18.7601,20.649221,22.052418,24.930187,24.172642,28.436487,25.718586,20.028069,22.000551,19.376911,20.202627,16.088524,19.865551,20.886854,19.315615,24.51312,24.626675,28.878569,30.591156,29.45938,35.14243,33.225742,37.045002,39.846348,36.249084,33.03156,28.312675,29.747143,23.491064,23.212172,20.693907,19.762562,22.958511,24.20301,29.07676,32.02921,32.968845,34.748585,30.743484,35.592136,33.416473,38.09853,34.77726,31.211763,31.864237,36.90644,40.816677,37.78342,34.413063,34.17418,28.156391,28.70629,24.400997,24.413012
26,18.85416,16.128891,17.561821,12.577337,15.159677,13.646832,17.48927,19.36847,19.977833,25.638052,25.437893,31.404709,29.81629,27.446674,25.91153,21.365467,20.11126,15.989512,14.259629,10.6191,9.730665,8.373291,7.094576,8.186196,6.4098816,6.9080186,0.0,6.748024,8.197778,11.738659,13.822307,17.210976,22.22675,24.86124,27.673216,30.693449,32.32953,31.388025,27.745209,25.550447,22.516405,20.638006,16.270864,14.756275,12.20807,7.3963475,10.596735,8.394753,10.864082,13.278222,14.195671,15.463079,19.672453,19.28621,19.734076,17.578447,15.996039,14.656674,14.437331,14.948538,16.298101,18.486048,17.42992,21.62855,18.888544,13.188944,15.779052,13.666094,14.910082,12.440441,15.069627,16.32913,13.620742,19.192316,19.125088,23.229177,25.246689,24.044926,29.776274,28.087896,31.819841,34.82858,30.960096,28.035097,23.392897,24.72286,18.925694,18.27629,16.731892,15.947061,19.846468,21.37014,25.719343,28.340862,29.789824,30.413809,26.743126,31.520111,28.853682,33.686447,31.006287,27.520203,27.434816,32.361897,35.889816,32.63597,29.418688,28.39277,22.754938,23.043194,18.562883,18.810217
27,22.16605,19.161318,20.787601,15.28522,16.45421,15.739078,17.027555,19.07698,18.072914,24.108097,23.008427,28.966991,27.457226,24.532598,24.159853,19.07845,17.968748,14.31887,12.136825,10.091944,8.466579,9.50686,6.432284,9.788338,8.903613,6.9128213,6.748024,0.0,4.2190175,5.9578257,9.843743,11.447988,17.40899,19.405256,22.498405,25.50999,26.728771,25.973917,21.949282,20.15327,16.402908,15.601649,10.470686,10.528815,7.376622,7.572607,8.919285,10.880093,14.495303,15.567809,14.385476,17.612621,21.152903,19.0442,19.052752,16.128283,16.016674,13.448275,14.577462,17.376085,16.9215,20.502304,20.195595,24.76745,23.525005,17.733711,20.654123,19.438833,19.471207,16.615595,18.132317,17.91723,15.081346,20.146936,19.336739,23.612368,24.752995,23.368366,28.958666,26.891344,30.760681,33.533543,30.243341,27.101627,22.339968,24.490482,18.098442,19.030369,16.99708,17.358679,20.952082,23.157084,28.239983,29.899418,30.450426,31.342665,26.746233,31.159771,28.506956,32.90601,29.25223,25.576094,25.861406,30.818373,34.8618,31.627548,28.180592,28.363104,22.135416,22.82787,18.820175,18.987425
28,22.186962,18.793896,19.432552,13.895891,14.352478,12.912868,13.894177,15.1464,13.947518,19.952469,18.860773,24.856073,23.374708,20.588348,20.29468,15.136364,14.528451,10.626579,9.545433,7.863851,8.313741,10.306418,9.073655,12.851535,12.348149,10.875717,8.197778,4.2190175,0.0,4.105137,5.9601307,9.420936,14.158884,17.027575,19.586035,22.751957,24.175167,23.197,19.592697,17.4491,14.604161,12.885588,9.17449,7.936442,7.8389306,7.4157214,10.422172,12.9563465,15.581946,17.787954,16.313677,18.10238,22.573122,20.770618,19.635344,16.522936,15.217121,11.873193,12.214111,15.0473585,13.2908745,17.095234,17.026285,21.683147,21.337309,15.762786,19.249134,18.953228,18.704819,17.03271,17.06184,16.234608,12.305196,17.250128,15.736395,19.94701,20.816196,19.207033,24.78891,22.680187,26.56514,29.39893,26.175652,23.169775,18.39801,20.957506,14.690096,16.28387,14.953156,16.097153,19.9334,22.595533,27.47708,28.399029,28.907835,28.98914,24.25452,28.36088,25.307167,29.579313,25.982958,22.289377,22.086779,26.960615,30.950224,27.527594,24.077497,24.247766,17.994518,18.713,14.84398,15.243945
29,25.657913,22.28897,23.015806,17.530666,17.445387,16.273724,16.004807,16.880066,14.500903,20.370682,18.412294,24.312588,22.598827,19.384546,19.784098,14.557467,13.809229,10.847504,9.237628,9.254291,9.034839,11.943015,10.380096,14.503215,14.582782,12.679946,11.738659,5.9578257,4.105137,0.0,5.326893,5.620076,11.581167,13.535954,16.552835,19.563314,20.8563,20.208313,16.385344,14.748788,11.2904215,10.974844,7.1606,7.8523846,8.142299,10.788357,12.43196,16.043966,19.101034,20.61891,18.5338,21.22334,25.165983,22.617548,21.450525,18.10878,17.7046,13.982841,14.944006,18.486053,15.795407,19.921093,20.001566,24.461647,24.747486,19.289808,22.431383,22.381426,21.491014,19.4546,19.145424,17.614359,14.36898,18.466145,16.858967,20.935616,21.277973,19.911236,25.127989,23.082891,26.994587,29.713476,27.035873,24.11121,19.465929,22.631058,16.428345,18.935125,17.544811,19.157627,22.68506,25.53862,30.620453,31.110926,31.17223,31.316782,26.204786,29.931068,26.871338,30.725735,26.592138,22.876158,22.730947,27.416199,31.629484,28.13006,24.622421,25.432564,19.11537,19.789959,16.494537,16.486595
30,25.032818,21.403418,21.036266,15.943428,14.933096,13.238237,12.146906,11.964132,9.19378,15.045499,13.333975,19.242508,17.947863,15.078813,15.869074,10.464973,11.155985,7.8868833,8.997495,9.495349,11.681875,14.641994,14.363303,18.420807,18.280487,16.716633,13.822307,9.843743,5.9601307,5.326893,0.0,6.7266893,8.617461,12.704353,14.28558,17.679916,19.094833,17.848803,14.813228,12.382928,10.965828,8.440057,7.9158344,6.0087633,10.218225,11.397871,14.287147,17.980202,19.930777,22.529984,20.314775,21.2968,26.117027,24.11071,21.754187,18.44612,16.630001,12.4122305,12.325312,15.747289,11.562736,15.922538,16.594168,21.096771,22.487015,17.65816,21.526453,22.399384,21.585962,21.01389,19.326542,17.379496,12.6812725,16.378763,13.531993,17.286077,17.083466,15.010741,20.224485,17.823772,21.702698,24.40706,21.728384,18.903976,14.304083,17.895819,12.101768,15.442104,15.009992,17.450203,21.007278,24.24706,28.924417,28.54629,28.569818,27.75469,22.615744,25.893024,22.417477,26.08334,22.123613,18.447607,17.697474,22.286057,26.416153,22.808233,19.303095,20.250847,13.914684,14.952501,12.07958,12.829608
31,30.515234,27.050348,27.336262,22.05535,21.24484,19.886896,18.464083,18.215763,14.543325,19.634142,16.530096,22.043139,19.930067,16.312952,17.69624,12.817764,12.260128,11.0462055,9.895615,12.002987,12.239603,15.79832,14.874993,19.079895,19.754284,17.843779,17.210976,11.447988,9.420936,5.620076,6.7266893,0.0,7.42612,7.9864106,11.449667,14.176721,15.570749,15.414235,11.828508,10.995323,7.7757697,9.419319,8.16072,9.994824,12.129273,15.986805,17.290169,21.52866,24.495653,25.94288,23.40094,26.118338,29.978312,27.020252,25.377642,21.912148,21.6985,17.570452,18.504229,22.335636,18.216887,22.41726,22.685463,26.725136,28.11692,23.07843,25.978937,26.609497,24.976164,23.248806,21.892376,19.408602,16.648882,19.32011,17.36353,20.910017,20.40857,19.402004,23.831196,22.053665,25.861614,28.440617,26.619177,24.07924,19.858225,23.867527,18.287346,21.905249,20.984009,23.288326,26.564302,29.72353,34.759354,34.453682,34.07626,33.75662,28.345821,31.33292,28.069036,31.225067,26.664745,23.087309,22.575405,26.724161,31.016884,27.320393,23.882578,25.353731,19.332539,19.799917,17.54943,17.10919
32,32.616413,28.996744,28.204184,23.634794,21.722694,20.211,17.311676,15.578953,10.869654,14.308379,10.48947,15.187698,13.627858,10.128804,13.577904,9.344202,11.153545,11.237262,12.9646635,15.690122,17.75323,21.344107,21.323843,25.578068,26.027174,24.243444,22.22675,17.40899,14.158884,11.581167,8.617461,7.42612,0.0,6.06111,5.727352,9.323598,10.72867,9.7209215,7.932949,6.4337316,7.876283,7.5900397,11.3781185,11.5106535,16.511383,19.662586,21.61997,26.195694,28.2285,30.484728,27.608372,28.889479,33.357697,30.719627,27.815958,24.437193,23.21911,18.813353,18.99135,22.709284,17.0685,21.136301,22.172817,25.812214,28.76831,24.71675,28.144741,29.79077,28.110933,27.805872,25.011332,21.959206,18.206114,19.618446,16.296154,18.745687,16.882719,15.242296,18.595072,16.47373,19.910275,22.128334,21.150526,19.102772,15.73081,20.431602,16.324219,21.032562,21.162348,24.365639,27.296637,30.839207,35.36822,33.78002,33.054626,31.618837,26.191936,28.067036,24.472942,26.720406,22.1306,18.928919,17.639257,20.979847,25.165684,21.438406,18.21084,20.620058,15.321119,16.174007,15.594588,15.783125
33,37.394844,33.82731,33.457893,28.55174,27.063505,25.37618,23.064281,21.339304,16.739109,19.87543,15.490221,19.65882,16.947699,13.1680565,16.009949,12.808937,12.85712,14.235396,14.213642,17.656136,18.571005,22.33405,22.201828,26.378721,27.504436,25.724436,24.86124,19.405256,17.027575,13.535954,12.704353,7.9864106,6.06111,0.0,5.0876226,6.448276,8.691627,9.849095,8.263386,9.345526,9.057533,12.062982,14.225263,15.930931,19.420443,23.459953,24.842512,29.377476,32.081573,33.73069,30.904778,33.25502,37.239513,34.12302,31.8951,28.429962,28.04021,23.694235,24.285963,28.012247,22.554705,26.409178,26.84586,30.117178,32.837593,28.536446,31.128145,32.594814,30.25065,29.173628,26.573843,23.21041,21.037056,21.762068,19.497627,21.850471,20.183462,19.829834,22.588873,21.48383,24.803482,27.074194,26.629316,24.931602,21.70543,26.483839,22.230625,26.763031,26.570557,29.503551,32.51822,35.951416,40.737946,39.476295,38.69519,37.58453,32.092545,33.99497,30.497484,32.584366,27.85577,24.754179,23.542677,26.543533,30.601574,26.72067,23.675861,25.808805,20.84803,20.891342,20.288754,19.40354
34,38.08092,34.498337,33.669476,29.245642,27.131891,25.732859,22.407063,20.348444,15.497914,17.356483,12.966605,15.860548,14.166344,10.832944,15.363708,12.79423,14.41954,15.902673,17.31372,20.596378,22.327545,26.052235,26.042805,30.29176,31.031078,29.156672,27.673216,22.498405,19.586035,16.552835,14.28558,11.449667,5.727352,5.0876226,0.0,3.9662714,5.3248515,5.4850173,6.118545,7.088752,9.820037,11.492687,15.726811,16.690033,21.348814,25.217768,26.734968,31.606873,33.799713,35.784348,32.656677,34.2713,38.45522,35.467846,32.508457,29.145918,28.370264,24.00725,24.389874,28.1949,22.308203,26.133165,27.186401,30.366453,33.82319,30.036661,33.14357,35.006977,32.922398,32.556194,29.463844,26.034735,23.013004,23.45046,20.338968,22.049814,19.578238,18.536062,20.453018,18.856277,21.678185,23.412926,23.594166,22.138912,19.663467,24.474655,21.201038,26.141918,26.355116,29.712223,32.367733,35.964413,40.458466,38.430004,37.347363,35.772038,30.330812,31.506529,28.051514,29.459898,24.714947,21.999916,20.639881,22.975609,26.931007,23.378042,20.601408,23.590584,19.262482,19.845734,20.201597,20.006386
35,41.903675,38.298115,37.394623,32.93191,30.911964,29.19475,26.1831,23.664097,18.872744,20.144444,15.453568,17.69331,15.214948,12.081892,16.272423,14.802208,15.860698,18.210884,19.266802,22.909706,24.45256,28.214598,28.454842,32.65571,33.763073,32.008595,30.693449,25.50999,22.751957,19.563314,17.679916,14.176721,9.323598,6.448276,3.9662714,0.0,4.6297317,6.88441,8.897078,10.741776,13.081405,15.4087925,19.29684,20.505627,24.881014,28.78166,30.31997,35.066624,37.4005,39.33834,36.297443,38.08473,42.250675,39.187,36.375156,32.992054,32.28509,27.910078,28.20573,31.795918,25.69206,29.212957,29.979334,32.73243,36.3967,32.762943,35.418785,37.448864,34.946754,34.547237,31.1912,27.506605,25.225456,24.921503,22.227459,23.52129,20.940601,20.686462,21.844547,21.056143,23.628113,25.361517,26.08942,25.11568,22.951717,27.913258,24.931063,29.885048,30.235945,33.57455,36.30022,39.89392,44.362694,42.30123,41.22527,39.46565,34.094666,35.05955,31.524244,32.65905,28.049595,25.53044,23.869032,25.721455,29.3799,25.66456,23.16174,25.900316,22.12412,22.144112,22.841421,22.104881
