,0,1,2,3,4,5,6,7,8,9,10,11,12,13,14,15,16,17,18,19,20,21,22,23,24,25,26,27,28,29,30,31,32,33,34,35,36,37,38,39,40,41,42,43,44,45,46,47,48,49,50,51,52,53,54,55,56,57,58,59,60,61,62,63,64,65,66,67,68,69,70,71,72,73,74,75,76,77,78,79,80,81,82,83,84,85,86,87,88,89,90,91,92,93,94,95,96,97,98,99,100,101,102,103,104,105,106,107,108,109,110,111
0,0.0,4.27607,6.8822675,9.862499,12.755963,15.567814,18.758535,23.12671,26.083258,30.356945,32.053844,37.740376,34.60713,32.92781,28.453747,26.275648,22.570547,21.073431,17.77315,16.070166,15.208436,13.374661,18.018515,18.34968,19.686241,21.346903,15.964244,18.29956,18.508137,18.547369,22.2491,20.316973,26.577961,23.7476,28.3151,29.959969,27.267126,23.690481,22.96916,23.14871,18.758667,22.559261,18.42044,23.16058,20.544022,27.705923,25.644358,30.504473,34.1145,33.60444,29.108885,29.589766,32.837505,31.81851,26.543217,26.493517,26.490877,22.81948,23.609976,20.568398,25.61145,24.655134,24.456982,27.487612,23.603756,28.078777,26.233057,28.520067,33.009636,36.023293,35.8836,36.042587,32.276566,33.685734,33.768524,31.058113,34.06165,31.058844,35.839703,33.249382,36.626663,38.08562,33.789448,32.27614,29.58412,30.159437,27.736357,25.766409,26.977852,25.227562,27.986473,23.649567,29.529001,32.519028,30.90721,31.402452,31.261896,29.046606,32.444817,31.246107,32.259872,34.879875,32.96586,36.214146,37.957623,38.61681,36.217743,37.68756,31.90748,32.985947,28.753576,30.256424
1,4.27607,0.0,5.3917675,6.7134256,9.27012,13.22858,15.227775,20.245821,22.826952,27.445402,28.984102,34.662067,32.060997,30.442581,26.265602,23.697145,20.427568,18.319567,15.603575,13.266937,13.2155,11.441864,15.921706,16.560041,17.143465,18.541462,12.48823,15.542488,15.506302,16.335041,19.608517,18.989754,24.939646,22.580498,27.145092,28.607367,26.085535,22.609623,21.081232,20.734177,15.976961,19.296873,14.621029,19.282906,16.572376,23.586918,21.755882,26.498978,30.3087,29.68693,25.175482,26.134262,29.355515,28.238739,23.13439,22.900734,22.566727,18.78834,19.383387,16.393467,21.410978,20.621996,20.591116,23.922834,20.52171,24.918053,23.780933,26.371428,30.782507,34.069664,33.35636,33.118355,29.359415,30.349297,30.308521,27.352715,30.217941,27.105164,31.773106,29.222038,32.500286,33.94892,29.717604,28.393099,25.85358,26.665731,24.484486,22.923697,24.574556,23.36534,26.461092,22.796831,28.704573,31.368464,29.72713,29.997246,29.428629,26.895075,30.042736,28.373512,29.163828,31.345816,29.400063,32.41115,34.01804,34.67502,32.405647,33.86723,28.21469,29.552301,25.300747,27.214123
2,6.8822675,5.3917675,0.0,5.414457,7.0526204,9.324599,12.679225,16.514221,19.921635,23.77917,25.914577,31.508945,28.222652,26.889538,22.132544,20.408998,16.916754,15.784321,13.525704,12.413234,13.51813,13.114241,17.702488,19.414383,20.132526,20.797861,14.680864,15.96147,14.607777,14.6394615,17.04944,15.6563015,20.972431,17.84988,22.338602,23.626158,20.864033,17.36271,16.174847,16.352104,11.965009,16.149372,13.063959,17.850433,16.867907,24.054216,22.748844,27.75518,31.458271,31.485353,27.199654,27.92874,31.798328,31.165993,26.358631,26.178143,25.148045,21.358818,20.960104,17.711494,21.173721,20.234505,19.20929,22.364107,17.786545,21.84283,19.830593,22.004995,26.627277,29.418165,29.370947,29.551207,25.513971,27.270824,27.302048,24.909372,28.144009,25.597113,30.574108,28.500755,32.114716,34.107002,29.759258,28.34784,25.18547,26.63431,23.288332,22.161657,22.999863,21.718904,24.400253,20.260881,26.623592,29.423948,28.589716,29.422356,28.417015,26.43991,28.64264,27.728458,27.732172,30.840944,28.196346,31.744598,33.615387,33.644905,31.10774,31.958614,26.247187,26.706287,22.438704,23.600702
3,9.862499,6.7134256,5.414457,0.0,3.92331,7.081706,9.552941,14.12413,16.41474,21.152649,22.40558,28.11376,25.538914,23.791725,19.88828,17.015339,13.914723,11.629004,9.41976,7.3332767,9.091696,9.074407,13.16367,15.380873,15.660351,15.8573475,9.817023,10.783117,9.4481945,10.29147,12.945377,13.172486,18.710188,17.081755,21.57329,23.146624,21.330366,18.00892,16.104214,14.996345,10.863294,13.27453,8.942482,13.63673,11.8050995,19.228481,17.566187,22.765514,26.21965,26.552916,22.418716,22.670013,26.78677,26.581806,21.908092,22.05347,20.876274,17.678738,17.101229,15.017838,18.005877,18.073067,17.2775,21.446787,17.752493,21.166252,20.395689,22.762518,27.357283,30.019295,29.484558,28.99798,24.371557,25.80166,25.032774,22.1647,24.83459,21.635775,26.619783,23.903881,27.564562,29.359558,24.897505,23.231504,20.134418,21.296246,18.279612,17.065147,18.421103,17.562902,20.69744,17.566616,23.568295,25.94773,24.767664,25.224916,23.99855,21.650211,23.98813,22.601288,22.860418,25.64569,23.307869,26.770815,28.686153,29.068415,26.518759,28.041462,22.12409,23.400164,19.314903,21.171736
4,12.755963,9.27012,7.0526204,3.92331,0.0,5.945959,6.018227,11.208666,13.696549,18.314714,19.997515,25.59809,23.298918,22.005049,18.025967,15.440745,13.043344,10.689857,10.26411,8.422583,11.686276,12.177498,15.607289,18.081715,17.654709,17.398203,11.077204,12.210898,9.7380085,11.24502,12.146021,13.753764,17.95994,16.239887,20.438412,21.45066,19.46695,16.428303,13.629474,12.2855835,7.5551414,10.035469,6.0224104,10.810068,10.560268,17.44194,16.725317,21.600163,25.37205,25.65838,21.65276,22.767841,26.844065,26.484657,22.31869,22.060703,20.214825,16.770401,15.410243,12.911139,14.886189,14.759792,13.56786,17.734991,14.024698,17.285324,16.878859,19.433218,23.883423,26.800634,25.842012,25.189732,20.739658,21.935184,21.345806,18.505878,21.411892,18.593966,23.571976,21.479242,25.112898,27.241486,22.915226,21.674944,18.524584,20.566526,17.288591,17.132963,18.545124,18.38809,21.490696,18.89004,24.906748,26.99483,26.251911,26.754885,24.93567,22.605515,24.032305,22.486137,21.878012,24.475702,21.612732,24.950226,26.72929,26.63765,24.185446,25.068901,19.411781,20.325577,16.058489,18.013407
5,15.567814,13.22858,9.324599,7.081706,5.945959,0.0,6.9721694,8.17082,11.427966,15.069746,16.898811,22.484392,19.043493,17.567694,13.043603,11.131395,7.874667,7.3507414,7.1758018,8.085247,11.631622,13.55346,16.679733,19.973637,20.25331,19.412111,14.44699,12.598824,9.139518,8.565793,8.525419,8.526333,12.310933,10.394648,14.703721,16.150766,14.768575,11.6856365,9.80873,8.458638,6.292597,8.526095,8.115926,11.82363,13.151438,19.78847,18.98844,24.147968,27.109098,28.481203,24.994453,24.752857,29.568008,30.135015,26.160809,26.43492,24.461105,21.702782,19.904602,18.15059,18.391485,18.723253,16.594612,20.643196,15.976208,17.982668,16.615088,18.189432,22.937399,24.526255,24.843113,24.63946,19.169724,21.783386,20.588655,18.581387,21.439001,19.032755,24.32144,22.20927,26.273975,28.766857,24.295706,22.467926,18.538149,20.598318,15.851758,15.595957,15.548921,14.958422,17.361795,14.2841835,20.528477,22.762875,22.870249,24.041155,21.984867,20.547495,21.082388,20.864315,19.767075,23.917368,20.601992,24.818989,27.122835,26.610956,23.673853,24.4445,18.485596,18.52416,14.6799755,15.399353
6,18.758535,15.227775,12.679225,9.552941,6.018227,6.9721694,0.0,6.486083,8.293935,12.968091,14.761969,20.150677,18.526226,17.704266,14.304747,11.784325,11.080667,8.657121,11.100526,10.094555,14.61729,16.022593,18.24133,21.266733,20.170671,19.013151,13.596747,13.621207,9.919124,11.936906,10.010943,14.029586,15.863583,15.079284,18.430187,18.820225,17.466846,15.249502,11.267891,8.691019,5.056953,4.4147983,3.0154257,6.0376453,9.353804,14.558697,15.163491,19.482029,23.112614,23.926369,20.574526,22.0401,26.3049,26.335835,23.155096,22.779655,20.036133,17.163815,14.51246,12.834508,11.594113,12.173905,10.016909,14.634447,11.446047,13.094236,13.927008,16.389229,20.47491,23.158482,21.684843,20.484756,15.615312,16.654585,15.514838,12.667507,15.562416,13.126772,18.230883,16.789572,20.543343,23.207447,19.0475,18.138832,14.750306,17.976936,14.169317,15.627068,16.905212,17.86915,20.765247,19.44057,24.943676,26.391527,26.272476,26.800306,24.125496,21.98451,21.906944,20.316946,18.403046,20.92756,17.316254,20.638203,22.396658,21.597067,19.13425,19.330917,13.886165,14.416959,10.087432,12.413185
7,23.12671,20.245821,16.514221,14.12413,11.208666,8.17082,6.486083,0.0,5.034957,7.290668,10.2389345,15.400335,12.56411,12.276054,8.247561,7.5261636,7.9659195,8.155516,12.02147,13.142647,17.669956,19.995056,21.897438,25.48953,24.831797,23.1855,18.843082,16.823383,12.522776,12.943884,8.823551,12.379106,11.220063,10.710074,12.97024,12.917773,12.453421,11.139529,7.181548,3.4005148,5.665968,2.8378468,8.748875,9.076788,14.112343,18.112793,19.046282,23.141254,25.906578,27.740843,25.101597,25.6005,30.361195,31.161015,28.39094,28.339962,25.404009,23.112408,20.09329,18.908129,15.9311495,16.690218,13.589922,17.273573,13.313735,12.830216,12.7677765,13.88537,17.941418,19.039959,18.777699,17.993673,11.837455,14.76464,12.878654,11.624697,14.515676,13.403276,18.47149,17.733572,21.71759,24.924698,20.968966,19.77562,15.758752,19.386099,14.11397,16.23403,15.925741,17.024586,18.909147,17.867744,23.000422,24.224625,25.27755,26.43697,23.253574,22.13696,20.412365,20.22358,17.087357,21.10116,16.69551,20.76845,22.947296,21.227985,18.358797,17.661352,12.425902,10.910949,7.213473,7.2505336
8,26.083258,22.826952,19.921635,16.41474,13.696549,11.427966,8.293935,5.034957,0.0,6.009376,6.4749956,11.939259,11.005594,10.248306,8.938323,6.190137,8.9088,7.7690477,12.654923,13.418363,17.986227,20.490517,21.30214,24.976046,23.842989,21.677128,18.461756,16.004612,11.889911,13.059086,8.012854,13.8961735,12.146148,13.897935,15.522874,15.7064495,16.471022,15.619814,11.992055,8.14081,10.029553,4.5860057,9.168451,7.001151,12.513895,14.882479,16.139072,19.72591,21.934635,24.294888,22.293669,22.438845,27.223465,28.511059,26.408606,26.564348,23.416204,22.028696,18.737234,18.92294,14.807765,16.743532,14.125565,18.343548,16.034355,14.747243,16.350039,17.56497,20.9391,21.893467,20.903145,19.245846,13.069982,14.96587,11.71895,9.871882,11.39172,9.535556,14.567295,13.298928,17.385185,20.592705,16.704626,15.379651,11.344873,15.3252125,10.211011,13.43262,13.533612,15.716621,17.730259,18.355667,22.449,22.924013,23.807087,24.539402,20.936642,19.636105,17.232328,16.519238,12.778588,16.38213,11.794002,15.862907,18.138632,16.427519,13.422346,13.345476,7.640828,7.325276,4.412552,6.44574
9,30.356945,27.445402,23.77917,21.152649,18.314714,15.069746,12.968091,7.290668,6.009376,0.0,5.110364,8.677368,6.450381,7.8213744,6.7510767,7.9665294,11.327546,12.392734,17.078278,18.703032,23.12148,25.842827,26.830912,30.638002,29.728077,27.515797,24.363808,21.545956,17.363085,17.626686,12.2505665,16.451597,12.02895,13.545472,13.365967,12.4032345,13.957977,14.475995,11.363409,8.370738,12.6153145,8.5607395,14.628762,12.624249,18.494183,20.123146,21.845325,24.915882,26.763168,29.389343,27.79319,27.94577,32.69645,34.11196,32.298363,32.367886,29.058332,27.608454,24.108175,23.889107,19.029888,20.42417,17.209702,20.186527,17.484528,14.718926,15.68142,15.682486,18.361813,17.890158,17.766823,16.503147,9.88292,13.298966,9.853858,10.437977,11.9643135,12.505475,16.469444,16.784248,20.408482,23.9895,20.772932,19.796494,16.016594,20.094975,14.782114,18.150015,17.117783,19.142775,20.112463,20.732786,24.37778,24.664322,26.589685,27.830961,23.997484,23.57957,19.91883,20.383781,15.78736,19.93934,15.057807,18.933256,21.122248,18.343313,15.525734,13.593874,9.949082,6.012517,5.7131042,2.497133
10,32.053844,28.984102,25.914577,22.40558,19.997515,16.898811,14.761969,10.2389345,6.4749956,5.110364,0.0,5.728502,6.2347417,5.8330426,8.466794,7.2374415,11.668458,11.957844,16.78637,18.342258,22.458254,25.364138,25.43638,29.29096,28.240002,25.642275,23.730307,20.228996,16.475704,16.911432,11.398006,16.700039,12.405465,15.856359,15.727715,15.686546,18.103798,18.346355,15.628809,12.205672,15.839315,10.809029,15.485832,12.5816,17.663029,18.315102,19.750492,22.507753,23.476252,26.788012,25.794939,25.02825,29.880087,31.942924,30.556955,31.023335,27.805225,27.23007,23.814388,24.748438,19.730194,22.04276,19.412064,23.054888,21.217987,18.664541,20.371511,20.684402,23.27824,22.80664,22.38568,20.624643,14.366467,16.698536,12.411214,12.14785,11.992912,11.407253,14.983305,14.179411,17.834923,21.13498,17.959295,16.474752,12.76093,16.447937,11.347391,15.148213,14.102058,16.85575,17.740042,19.82827,22.367725,21.96226,23.730913,24.636663,20.544031,20.185392,15.858981,16.27175,11.247204,15.544484,10.793446,14.915006,17.420885,14.960711,11.828502,11.355259,7.369205,5.567312,7.218142,6.8854246
11,37.740376,34.662067,31.508945,28.11376,25.59809,22.484392,20.150677,15.400335,11.939259,8.677368,5.728502,0.0,6.5825267,7.9222074,12.264715,12.482393,16.917128,17.592695,22.321505,23.968796,27.958773,30.91304,30.666042,34.494965,33.30835,30.53847,29.104126,25.558556,22.004456,22.368746,16.910572,21.76603,16.435638,20.080275,18.806738,18.177002,21.207243,22.256685,19.847475,16.88297,20.939579,16.04916,20.93433,17.572836,22.746336,22.063051,23.981775,25.81959,26.153078,29.750036,29.48982,28.735582,33.279686,35.58122,34.863556,35.30107,31.923916,31.739304,28.149485,29.368038,23.582153,25.945395,23.314898,26.283012,25.063269,21.585308,23.619137,23.400703,25.050737,23.737934,23.347471,21.40594,15.923209,17.97803,13.461059,14.470615,13.205005,14.10995,15.952006,16.298365,19.057783,22.368475,20.190228,19.17158,16.29574,19.833124,15.6310835,19.629755,18.332878,21.273716,21.507854,24.273684,25.827251,24.820549,27.093435,28.001682,23.74762,23.891205,18.598522,19.412018,14.002292,17.467333,13.172903,16.16598,18.285807,15.016307,12.556728,10.816639,10.100019,7.4073896,11.179053,9.964857
12,34.60713,32.060997,28.222652,25.538914,23.298918,19.043493,18.526226,12.56411,11.005594,6.450381,6.2347417,6.5825267,0.0,3.8934598,6.7125883,9.327326,12.997614,15.25958,19.507208,22.008333,25.858246,29.006054,29.51207,33.53145,33.029007,30.54729,28.472748,24.412157,20.540562,19.846859,14.518286,17.505585,11.140116,14.302773,12.396004,11.811141,15.381156,16.651882,15.255413,12.926388,17.989286,14.294684,19.897226,17.901703,23.041866,24.458088,25.671072,28.69456,29.520437,32.9796,31.909128,30.788801,35.834362,38.011562,36.355717,36.893482,33.764595,32.872597,29.50158,29.814375,25.001049,26.724754,23.615631,26.573414,23.747377,20.817467,21.175503,20.405346,22.746561,20.662458,21.887161,21.054445,14.744356,18.618416,14.929908,16.186428,16.630005,17.188326,20.432005,20.298788,23.756561,27.119818,24.139896,22.591461,18.816725,22.060488,16.521029,19.483496,17.184502,19.083693,18.817764,20.30453,22.513073,22.22967,25.09643,26.730724,22.777502,23.44373,18.582945,20.552229,15.765027,20.979454,16.53448,20.670889,23.192892,20.435385,17.499622,16.159195,13.414396,9.961248,11.639759,8.618798
13,32.92781,30.442581,26.889538,23.791725,22.005049,17.567694,17.704266,12.276054,10.248306,7.8213744,5.8330426,7.9222074,3.8934598,0.0,6.038362,6.8353076,10.600933,12.785634,16.762646,19.453682,22.970762,26.249939,26.445982,30.5057,30.193594,27.639679,26.130184,21.503948,17.896162,16.920456,11.789296,14.827393,8.799349,13.270874,12.064833,12.690547,16.37047,16.938953,15.788257,13.07693,17.756067,13.883205,18.64291,16.854345,21.17769,23.022808,23.593664,26.957195,27.463333,31.191393,30.09527,28.208931,33.465675,35.955673,34.122677,34.97525,32.105896,31.48341,28.372118,29.061312,24.802156,26.856524,24.026278,27.61356,24.717264,22.448015,22.807816,22.441015,25.329681,23.678444,24.822603,23.900955,17.338642,20.9406,17.079298,17.42897,17.706612,17.134096,20.764832,19.519175,23.234917,26.28846,22.956177,20.836065,16.852524,19.452919,13.696504,16.168423,13.505135,15.378828,15.018075,16.991434,18.86417,18.473873,21.227196,22.840023,18.899797,19.6883,14.853667,17.188591,12.776374,18.694847,14.601217,19.21697,22.051731,19.986113,16.75161,16.803549,13.018043,11.066255,12.199413,10.296684
14,28.453747,26.265602,22.132544,19.88828,18.025967,13.043603,14.304747,8.247561,8.938323,6.7510767,8.466794,12.264715,6.7125883,6.038362,0.0,5.4737334,7.251717,10.629082,14.171666,17.087875,20.797379,23.89845,25.166332,29.17377,29.16482,27.09496,24.297026,20.215412,16.199167,14.830436,10.083397,11.515794,5.6452656,7.81949,7.3115864,7.8927197,10.746421,10.939,10.031041,7.8534636,13.008005,10.686819,15.940078,15.527412,20.007812,23.430265,23.875765,27.933516,29.410461,32.429626,30.496803,29.300295,34.5866,36.426502,33.86914,34.443222,31.665854,30.146534,27.179268,26.77458,23.358025,24.612133,21.46632,24.807259,20.776287,19.199308,18.330091,17.874077,21.414389,20.031765,21.761246,21.546995,14.830529,19.21599,16.393394,16.681984,18.39539,17.87644,22.336105,21.36708,25.375744,28.593636,24.833717,22.909464,18.59337,21.48624,15.325023,17.125137,14.71629,15.536172,15.668387,15.361614,19.114307,19.910812,22.407276,24.321913,20.886946,21.28847,17.914724,19.862635,16.20344,22.019405,17.683178,22.44734,25.164106,23.167238,19.924465,19.43307,14.824768,12.287678,11.386856,8.812942
15,26.275648,23.697145,20.408998,17.015339,15.440745,11.131395,11.784325,7.5261636,6.190137,7.9665294,7.2374415,12.482393,9.327326,6.8353076,5.4737334,0.0,4.512057,6.030796,10.243995,12.760816,16.5336,19.690842,20.358723,24.385204,24.154816,21.895292,19.679768,15.295037,11.401347,10.557252,5.2138047,9.463087,6.4886003,10.165985,11.552307,13.006657,15.063146,14.15806,12.382058,9.084954,12.428303,8.845519,12.481948,11.777442,15.356113,18.868494,18.799538,23.054586,24.351974,27.4832,25.571295,23.912825,29.278921,31.321589,28.779984,29.592047,26.9752,25.904905,23.135529,23.49259,20.440578,22.354746,19.793312,24.022936,20.73856,19.809757,19.99341,20.499706,24.280966,24.018902,24.593145,23.664097,16.997204,20.166142,16.87019,15.812915,16.982355,15.026619,19.779646,17.59271,21.789207,24.633358,20.54793,18.190926,13.759218,16.234213,10.020096,11.72927,9.841261,11.2790785,12.395127,13.060199,16.786434,17.366808,18.920752,20.278637,16.737453,16.457947,13.630378,14.792702,11.575081,17.333784,13.333729,18.315659,21.178942,19.9706,16.572662,17.547338,11.900553,11.4862385,10.1205015,9.890079
16,22.570547,20.427568,16.916754,13.914723,13.043344,7.874667,11.080667,7.9659195,8.9088,11.327546,11.668458,16.917128,12.997614,10.600933,7.251717,4.512057,0.0,4.596919,6.9608088,10.25725,13.614046,16.78166,18.188887,22.176758,22.542416,20.718075,18.017134,13.490025,9.721806,7.682044,4.1346107,5.215058,5.346005,7.528457,10.483157,12.745908,13.992516,12.162896,11.218337,8.674921,11.078471,9.475703,11.832459,12.873521,15.250808,20.351599,19.551716,24.46094,26.098244,28.85799,26.369173,24.533295,29.964535,31.769478,28.522005,29.414612,27.206062,25.684362,23.394114,23.163801,21.454252,22.906416,20.452244,24.732214,20.660673,20.767857,19.995901,20.621668,24.94225,24.921463,25.958986,25.519121,18.998886,22.404392,19.793991,18.487808,20.291069,18.019724,23.100245,20.611008,24.883823,27.512722,23.134962,20.618185,16.187017,18.006603,12.012288,12.117042,10.153385,10.020994,11.372082,10.007056,15.097204,16.628063,17.85256,19.485561,16.649918,16.317688,14.998002,16.299528,14.41693,20.140059,16.643652,21.602919,24.442904,23.688831,20.32953,21.544193,15.590554,15.378949,13.077217,12.876474
17,21.073431,18.319567,15.784321,11.629004,10.689857,7.3507414,8.657121,8.155516,7.7690477,12.392734,11.957844,17.592695,15.25958,12.785634,10.629082,6.030796,4.596919,0.0,4.9828053,6.750537,10.810323,13.785507,14.783282,18.715733,18.550491,16.612871,13.870523,9.681665,5.5704794,5.332722,1.4800354,7.5029354,9.749316,11.757869,14.954666,16.844297,17.53986,15.444389,13.378786,10.2490635,10.705065,8.192516,8.3539295,9.335461,10.750459,16.105762,15.034347,20.087229,21.958864,24.456003,21.826508,20.189955,25.525509,27.190903,23.963093,24.847193,22.655516,21.329948,19.1468,19.43224,18.04784,19.920794,18.028849,22.841085,19.62503,20.167652,20.410202,21.779774,26.034771,26.94885,26.91551,25.895994,19.693459,22.019379,19.320656,17.073586,18.58311,15.397011,20.533289,17.395996,21.642519,23.972546,19.426853,16.878769,12.597484,14.291683,8.8518715,8.945697,8.718626,9.406606,12.130424,11.695132,16.519032,17.751404,17.849146,18.6819,15.859443,14.397182,14.041734,13.794441,12.475861,17.161097,14.019157,18.657995,21.341675,21.151495,17.941551,19.889828,13.585757,14.814267,12.085527,13.498504
18,17.77315,15.603575,13.525704,9.41976,10.26411,7.1758018,11.100526,12.02147,12.654923,17.078278,16.78637,22.321505,19.507208,16.762646,14.171666,10.243995,6.9608088,4.9828053,0.0,4.129109,6.6597586,9.873109,11.511659,15.397387,16.167322,14.776753,12.202631,7.351704,4.7193575,1.4719203,5.423339,5.7600284,11.501859,12.657613,16.572668,19.107197,19.396198,16.680586,15.593303,13.340686,12.743213,12.117865,10.388617,12.871478,12.022181,18.581785,16.403582,21.915373,23.736315,25.951792,22.910034,20.571108,25.876299,27.48784,23.520668,24.727922,23.269566,21.813602,20.47277,20.513908,20.816784,22.377716,20.895678,25.713663,22.103569,23.58339,23.144426,24.606949,29.187555,30.226767,30.57041,29.888058,23.855017,26.273914,23.966265,21.576097,23.267307,19.795067,24.897133,21.301655,25.429974,27.32166,22.652023,19.836498,15.916306,16.354628,11.860784,9.806805,9.586192,8.34796,11.355912,9.239755,14.760527,16.774708,16.104902,16.986486,15.215509,13.661674,15.217394,15.184676,15.518275,20.057196,17.801785,22.260962,24.919006,25.343348,22.214098,24.654945,18.315102,19.7882,16.87302,18.170134
19,16.070166,13.266937,12.413234,7.3332767,8.422583,8.085247,10.094555,13.142647,13.418363,18.703032,18.342258,23.968796,22.008333,19.453682,17.087875,12.760816,10.25725,6.750537,4.129109,0.0,4.734624,7.147906,8.916557,12.539604,12.722818,11.555888,8.108924,4.5234227,2.5524719,4.064485,7.6741834,9.821874,15.261774,16.092821,20.126678,22.29345,22.078989,19.231724,17.384127,14.98436,12.9628,12.343001,8.440593,11.365206,8.809762,15.930645,13.420535,19.026878,21.338316,22.919682,19.509733,17.75622,22.741095,23.8972,19.707314,20.783634,19.472614,17.916342,16.92588,17.1368,18.311497,19.942085,19.080011,24.092443,21.171957,23.174086,23.359825,25.370832,29.851774,31.66198,31.22318,30.208462,24.635645,26.226835,24.1426,21.156918,22.776152,18.84494,23.792528,19.960302,23.854485,25.426573,20.751856,18.185055,14.787741,15.062352,11.855157,9.849897,11.389077,10.87185,14.437459,12.952205,18.001474,19.766472,18.315012,18.478678,16.921688,14.410905,16.828703,15.414377,16.236364,19.429907,17.594412,21.422207,23.744373,24.59444,21.774391,24.476608,18.221788,20.444399,17.202005,19.384167
20,15.208436,13.2155,13.51813,9.091696,11.686276,11.631622,14.61729,17.669956,17.986227,23.12148,22.458254,27.958773,25.858246,22.970762,20.797379,16.5336,13.614046,10.810323,6.6597586,4.734624,0.0,3.525853,5.5148535,9.000683,10.518501,10.018842,8.263847,4.337931,6.400357,6.128189,11.367997,11.486699,17.969423,18.840508,22.968952,25.580402,25.432068,22.389235,21.236307,19.205393,17.13891,17.040266,12.876118,15.832669,12.039561,18.92824,15.512248,21.050922,22.880274,24.375082,20.94284,18.12637,22.909424,24.243773,19.58257,21.175232,20.757015,19.573141,19.475273,19.922552,22.165966,23.753971,23.276705,28.238247,25.30783,27.680634,27.581059,29.564852,34.16702,35.91201,35.73169,34.849834,29.281874,30.937834,28.86825,25.837564,27.305166,23.153004,27.90396,23.61565,27.317581,28.416695,23.798916,20.945883,17.98894,17.04569,14.781273,11.422988,12.858949,11.272717,14.688734,12.77923,17.250315,19.300571,16.975063,16.877058,16.44206,13.872299,17.844622,16.60312,18.739325,21.759653,20.789598,24.426344,26.74158,28.153978,25.400904,28.66449,22.44471,24.943691,21.87171,23.962105
21,13.374661,11.441864,13.114241,9.074407,12.177498,13.55346,16.022593,19.995056,20.490517,25.842827,25.364138,30.91304,29.006054,26.249939,23.89845,19.690842,16.78166,13.785507,9.873109,7.147906,3.525853,0.0,4.792877,6.827345,8.606511,9.209718,6.9571476,6.1959224,8.942681,9.51529,14.51763,14.664572,21.281906,21.66727,25.963856,28.443024,27.86537,24.65984,23.357012,21.52383,18.682034,19.078943,14.080156,17.36222,12.713317,19.590012,15.985812,21.298086,23.458105,24.252144,20.494907,18.190456,22.369253,23.139042,18.073309,19.570292,19.678658,18.28894,18.871988,19.128263,22.478771,23.814651,23.806585,28.633677,25.987438,28.875994,28.849632,31.104822,35.68091,37.884422,37.40033,36.485672,31.292418,32.564255,30.814564,27.544483,29.100853,24.843214,29.431425,25.15595,28.601904,29.430323,24.930841,22.356337,19.881859,18.790804,17.385118,14.152791,16.120663,14.666336,18.07318,16.017487,20.365126,22.453194,19.760172,19.344658,19.316616,16.454174,20.898596,19.128273,21.536669,23.791563,23.11643,26.302526,28.343628,30.006401,27.487783,30.76977,24.686703,27.386602,24.087889,26.455532
22,18.018515,15.921706,17.702488,13.16367,15.607289,16.679733,18.24133,21.897438,21.30214,26.830912,25.43638,30.666042,29.51207,26.445982,25.166332,20.358723,18.188887,14.783282,11.511659,8.916557,5.5148535,4.792877,0.0,4.103055,5.7528076,5.4873853,7.447378,5.304667,9.525898,10.576834,15.204857,16.485886,22.519838,24.068268,28.010223,30.615835,30.681818,27.731218,26.243341,23.888914,21.603088,20.818851,15.870072,18.035837,12.716969,18.3751,14.106238,19.094193,20.37569,21.601303,18.389427,14.623659,18.921953,20.490156,15.78192,18.000862,18.404772,18.277401,18.98323,20.570492,23.329517,25.379786,25.635817,30.750921,28.793299,31.183228,31.817223,34.073235,38.499084,40.54656,39.82122,38.527843,33.154064,34.1544,31.87706,28.441658,29.308239,24.662155,28.826815,23.923117,27.115831,27.454544,23.106834,20.182625,18.231428,16.03778,15.8434515,12.070519,14.6581955,13.658659,17.167353,16.670017,19.665741,21.081747,17.714668,16.53177,16.730833,13.363144,18.55034,16.197987,19.546726,21.107246,21.357689,24.149103,26.152868,28.408337,26.035048,30.10949,24.246567,27.666603,24.91437,27.623484
23,18.34968,16.560041,19.414383,15.380873,18.081715,19.973637,21.266733,25.48953,24.976046,30.638002,29.29096,34.494965,33.53145,30.5057,29.17377,24.385204,22.176758,18.715733,15.397387,12.539604,9.000683,6.827345,4.103055,0.0,4.066192,5.9280305,8.729813,9.158792,13.318618,14.565705,19.219141,20.311272,26.549007,27.82915,31.89164,34.474354,34.28865,31.21291,29.685684,27.46979,24.698439,24.232586,18.779728,21.054901,15.168893,20.301996,15.881261,20.259062,21.564232,22.061235,18.762014,15.247166,18.530743,19.61444,14.607546,16.96638,18.259306,18.3294,19.86678,21.514984,25.205845,27.097042,27.828339,32.79428,31.184376,33.94831,34.67726,37.132915,41.52763,43.91231,42.949203,41.602722,36.519463,37.190777,35.12306,31.495386,32.332443,27.588114,31.477617,26.533638,29.366556,29.29591,25.206018,22.545345,21.205048,18.717222,19.432922,15.781654,18.585342,17.57693,20.951334,20.336037,23.055986,24.46637,20.72196,19.208788,19.962631,16.52332,22.09662,19.407087,23.086433,23.867722,24.578045,26.843113,28.543787,31.143173,29.041769,33.239838,27.584188,31.22121,28.3758,31.293858
24,19.686241,17.143465,20.132526,15.660351,17.654709,20.25331,20.170671,24.831797,23.842989,29.728077,28.240002,33.30835,33.029007,30.193594,29.16482,24.154816,22.542416,18.550491,16.167322,12.722818,10.518501,8.606511,5.7528076,4.066192,0.0,3.279561,6.877269,9.11027,12.995745,15.325762,19.15036,21.597069,27.256721,28.716112,32.687145,34.95771,34.736893,31.800749,29.67416,27.168213,24.177048,23.193596,17.400738,19.115303,12.798065,17.03903,12.622907,16.5821,18.177004,18.198385,14.796372,11.914231,14.879579,15.6552305,10.621376,13.007857,14.284534,14.79816,16.474842,18.770975,22.364769,24.505999,25.610533,30.588097,29.724516,32.34349,33.718616,36.38852,40.538193,43.24285,41.705334,40.023247,35.237568,35.33935,33.269115,29.412249,29.981474,25.126287,28.640324,23.700905,26.208092,25.903944,22.00579,19.676037,18.901682,16.514523,18.13848,15.198689,18.7514,18.58942,22.24156,22.270258,25.071117,26.11155,22.519003,20.76863,20.88341,17.017618,22.098545,18.543278,21.959461,21.715832,22.613403,24.284344,25.660103,28.434128,26.639656,30.879019,25.575539,29.58488,26.82092,30.176455
25,21.346903,18.541462,20.797861,15.8573475,17.398203,19.412111,19.013151,23.1855,21.677128,27.515797,25.642275,30.53847,30.54729,27.639679,27.09496,21.895292,20.718075,16.612871,14.776753,11.555888,10.018842,9.209718,5.4873853,5.9280305,3.279561,0.0,6.9482956,7.4282656,11.23016,13.767301,17.06649,20.216919,25.33374,27.343437,31.066,33.320793,33.474983,30.744177,28.512398,25.719267,23.237646,21.566267,16.182398,17.26128,11.140923,14.932244,10.308655,14.507967,15.672118,16.454418,13.429855,9.537015,13.469416,15.104664,10.711742,13.292596,13.866848,14.885742,15.870736,18.718603,21.25874,23.823889,24.701487,29.867403,29.088017,31.221931,32.83862,35.382412,39.455864,41.899414,40.373417,38.551994,33.55296,33.70699,31.29344,27.495478,27.764748,22.827225,26.283928,21.113684,23.713373,23.457512,19.46367,16.831348,15.997261,13.329314,15.1614,12.264027,16.051758,16.335588,20.024477,20.769886,23.241295,23.94273,20.474514,18.625784,18.320885,14.306862,19.128845,15.340852,18.810713,18.51471,19.548899,21.274715,22.789352,25.608025,23.743382,28.22403,22.956957,27.14613,24.693731,28.082224
26,15.964244,12.48823,14.680864,9.817023,11.077204,14.44699,13.596747,18.843082,18.461756,24.363808,23.730307,29.104126,28.472748,26.130184,24.297026,19.679768,18.017134,13.870523,12.202631,8.108924,8.263847,6.9571476,7.447378,8.729813,6.877269,6.9482956,0.0,6.672092,8.635014,11.832488,14.8582115,17.892641,23.185772,23.864855,27.940916,29.751455,29.02734,26.109842,23.532381,21.128658,17.626467,17.034294,10.88669,13.337822,7.388381,13.61377,10.290909,15.236661,18.307573,18.217575,14.079479,13.672992,17.326311,17.307957,12.450797,13.345941,12.901847,11.466902,12.068916,13.157353,16.661867,18.391476,19.13676,24.092663,22.87711,25.637793,26.90683,29.665627,33.78028,36.714436,35.056458,33.496685,28.913235,29.032171,27.36499,23.564882,24.766794,20.26788,24.335848,20.174847,23.153666,23.747335,19.479181,17.610796,15.960967,15.443118,15.418853,13.655758,17.045527,17.20757,21.066088,20.346653,24.561607,25.939753,23.380152,22.44192,21.483633,17.878054,21.516182,18.23275,20.035513,20.539618,19.95915,22.163536,23.636969,25.460491,23.458881,26.668924,21.132725,24.508402,21.19614,24.502407
27,18.29956,15.542488,15.96147,10.783117,12.210898,12.598824,13.621207,16.823383,16.004612,21.545956,20.228996,25.558556,24.412157,21.503948,20.215412,15.295037,13.490025,9.681665,7.351704,4.5234227,4.337931,6.1959224,5.304667,9.158792,9.11027,7.4282656,6.672092,0.0,4.3199015,6.3801026,10.173012,12.86827,18.155582,19.932571,23.710155,26.060774,26.27937,23.556374,21.693665,19.023739,17.159332,15.747903,11.329066,13.186579,8.828467,15.031238,11.431806,16.952684,18.6027,20.351496,17.195456,14.165915,19.214233,20.879833,16.711813,18.415686,17.631376,17.121351,16.699522,18.152628,19.604368,21.82263,21.566225,26.790985,24.686882,26.57055,27.358273,29.490616,33.82495,35.688545,34.940804,33.584557,28.044653,29.185137,26.743113,23.45241,24.382969,19.901543,24.364456,19.731096,23.307796,24.233934,19.646858,16.705322,13.989291,12.823374,11.276442,8.156455,10.8552,10.601337,14.451493,14.266654,17.99554,19.26935,16.856876,16.206398,15.077267,11.81741,15.5203495,13.234531,15.433932,17.687084,17.016909,20.330637,22.559746,24.227186,21.614891,25.293463,19.252684,22.428978,19.67993,22.339863
28,18.508137,15.506302,14.607777,9.4481945,9.7380085,9.139518,9.919124,12.522776,11.889911,17.363085,16.475704,22.004456,20.540562,17.896162,16.199167,11.401347,9.721806,5.5704794,4.7193575,2.5524719,6.400357,8.942681,9.525898,13.318618,12.995745,11.23016,8.635014,4.3199015,0.0,4.2078505,6.3366776,10.269314,14.749683,16.376223,20.056932,22.129114,22.329414,19.772732,17.631987,14.788221,13.3123255,11.568454,8.035829,9.909565,7.5988803,14.13739,11.718548,17.27132,19.32639,21.281048,18.192205,16.202284,21.396318,22.884836,19.123926,20.284185,18.688278,17.597374,16.255825,17.104614,17.423162,19.510326,18.626003,23.797617,21.29745,22.797722,23.478659,25.4517,29.758923,31.44673,30.808277,29.533615,23.839739,25.27385,22.824972,19.78072,21.022755,16.922537,21.77881,17.732122,21.666487,23.248268,18.560898,15.843041,12.333853,12.660542,9.323406,7.630718,9.582796,9.865288,13.568829,13.157314,17.665903,18.97943,17.612804,17.60314,15.595135,12.93779,14.885062,13.159257,13.784382,16.908487,15.06508,18.931181,21.323093,22.20756,19.35669,22.30986,16.064482,18.637056,15.702474,18.129005
29,18.547369,16.335041,14.6394615,10.29147,11.24502,8.565793,11.936906,12.943884,13.059086,17.626686,16.911432,22.368746,19.846859,16.920456,14.830436,10.557252,7.682044,5.332722,1.4719203,4.064485,6.128189,9.51529,10.576834,14.565705,15.325762,13.767301,11.832488,6.3801026,4.2078505,0.0,5.5512195,6.532143,12.0664625,13.765435,17.506954,20.112139,20.632668,18.0084,16.883514,14.469549,13.954003,12.9060135,10.928982,13.070645,11.775353,18.134165,15.701629,21.207472,22.785694,25.150421,22.232426,19.49327,24.865213,26.682793,22.780281,24.160898,22.792517,21.637568,20.37995,20.8017,21.08054,22.872501,21.541412,26.48058,23.134146,24.526852,24.331755,25.829378,30.352865,31.376308,31.617046,30.800117,24.730955,27.01471,24.527372,22.035091,23.476702,19.803478,24.797668,20.924257,25.010103,26.749062,22.079052,19.098501,15.2655945,15.324939,11.053063,8.572056,8.518772,7.291394,10.574171,9.07238,14.132713,15.969664,15.022142,15.71743,13.970116,12.25407,14.10976,13.950651,14.655941,19.11451,17.146797,21.560041,24.247433,24.88973,21.773355,24.554087,18.222458,20.033138,17.310787,18.791376
30,22.2491,19.608517,17.04944,12.945377,12.146021,8.525419,10.010943,8.823551,8.012854,12.2505665,11.398006,16.910572,14.518286,11.789296,10.083397,5.2138047,4.1346107,1.4800354,5.423339,7.6741834,11.367997,14.51763,15.204857,19.219141,19.15036,17.06649,14.8582115,10.173012,6.3366776,5.5512195,0.0,7.1976366,8.888923,11.615617,14.528119,16.574718,17.686234,15.76731,13.9639225,10.8149,11.871835,9.110693,9.73187,10.27653,11.737688,16.702566,15.570463,20.534035,22.072515,24.860771,22.445639,20.404707,25.846714,27.772577,24.668709,25.694656,23.523273,22.435247,20.234684,20.7466,19.130997,21.141243,19.209408,23.998865,20.816023,21.103897,21.342491,22.535345,26.730606,27.351297,27.496891,26.47972,20.135305,22.617311,19.698286,17.620094,18.90502,15.767348,20.79976,17.561813,21.818705,24.135155,19.62963,16.90501,12.554251,14.057595,8.331053,8.361048,7.5456514,8.34984,10.8799715,10.8959675,15.390576,16.470198,16.760185,17.689707,14.719761,13.519248,12.789099,12.948204,11.541337,16.668938,13.564326,18.377853,21.187922,20.99362,17.697353,19.80142,13.541694,14.748461,12.41237,13.598813
31,20.316973,18.989754,15.6563015,13.172486,13.753764,8.526333,14.029586,12.379106,13.8961735,16.451597,16.700039,21.76603,17.505585,14.827393,11.515794,9.463087,5.215058,7.5029354,5.7600284,9.821874,11.486699,14.664572,16.485886,20.311272,21.597069,20.216919,17.892641,12.86827,10.269314,6.532143,7.1976366,0.0,7.256835,8.187744,11.863262,14.999972,15.889355,13.435506,13.910273,12.444828,13.752495,13.71541,14.407954,16.56789,17.274702,23.358908,21.632435,26.969334,28.464779,31.123505,28.33879,25.748579,31.219461,33.08994,29.246048,30.46111,28.868011,27.282404,25.655392,25.250765,24.877844,26.118164,23.972433,28.296787,23.802937,24.738358,23.260307,23.889072,28.503986,28.45921,30.012848,29.94666,23.591557,27.109596,24.81257,23.34824,25.265865,22.62928,27.764158,24.75208,29.010733,31.283394,26.732227,23.874128,19.607786,20.366943,14.922779,13.29175,11.0215645,8.933929,9.982177,6.0408273,12.316467,14.850924,15.684331,17.667473,15.858525,15.824025,16.029655,17.814081,17.379738,23.17394,20.429607,25.366455,28.268484,28.073282,24.7137,26.492966,20.387943,20.569326,18.11481,17.962132
32,26.577961,24.939646,20.972431,18.710188,17.95994,12.310933,15.863583,11.220063,12.146148,12.02895,12.405465,16.435638,11.140116,8.799349,5.6452656,6.4886003,5.346005,9.749316,11.501859,15.261774,17.969423,21.281906,22.519838,26.549007,27.256721,25.33374,23.185772,18.155582,14.749683,12.0664625,8.888923,7.256835,0.0,5.9560437,6.7195907,9.696821,12.549647,11.72478,12.404759,10.783713,14.81676,13.441191,16.97712,17.54921,20.427078,24.943222,24.298702,28.964819,30.088179,33.31725,31.186388,28.865742,34.42051,36.597748,33.529556,34.562622,32.32231,30.957817,28.542177,28.303562,26.076258,27.452673,24.658993,28.487421,24.079823,23.486814,22.09347,21.839182,25.871746,24.55811,26.735981,26.758095,20.090677,24.35971,21.611341,21.274742,22.892931,21.397482,26.133074,24.063612,28.251999,31.039104,26.910736,24.31044,19.870955,21.579151,15.37805,15.554898,12.297197,11.795431,11.307268,10.07339,13.993904,15.37228,17.965017,20.301023,17.430313,18.34498,15.826636,18.639795,16.320833,22.821615,19.267223,24.374992,27.366856,26.191904,22.761755,23.533068,18.244888,16.97688,15.718666,14.075044
33,23.7476,22.580498,17.84988,17.081755,16.239887,10.394648,15.079284,10.710074,13.897935,13.545472,15.856359,20.080275,14.302773,13.270874,7.81949,10.165985,7.528457,11.757869,12.657613,16.092821,18.840508,21.66727,24.068268,27.82915,28.716112,27.343437,23.864855,19.932571,16.376223,13.765435,11.615617,8.187744,5.9560437,0.0,4.6258554,7.2413344,7.964366,6.261428,8.44951,8.687127,12.305888,13.266059,16.911795,18.642128,21.711428,27.082186,26.644842,31.535227,33.48189,36.014908,33.293625,31.915016,37.270664,38.749054,35.21894,35.854397,33.643646,31.423649,29.123507,27.741842,26.214993,26.68621,23.654028,26.845078,21.478859,21.528357,18.79509,18.300928,22.666294,21.527224,24.31618,25.094156,18.93035,23.599323,21.949608,21.834785,24.426151,23.394167,28.378935,26.950771,31.14583,34.127926,29.922564,27.754179,23.32104,25.490183,19.410744,19.517555,16.99195,15.969294,16.021227,12.701752,17.964647,20.145147,22.37503,24.76454,22.384003,22.867205,21.280973,23.483145,21.297365,27.299873,23.451971,28.382343,31.146326,29.736832,26.444288,26.396019,21.134716,19.16975,16.940653,14.862501
34,28.3151,27.145092,22.338602,21.57329,20.438412,14.703721,18.430187,12.97024,15.522874,13.365967,15.727715,18.806738,12.396004,12.064833,7.3115864,11.552307,10.483157,14.954666,16.572668,20.126678,22.968952,25.963856,28.010223,31.89164,32.687145,31.066,27.940916,23.710155,20.056932,17.506954,14.528119,11.863262,6.7195907,4.6258554,0.0,3.8530798,7.215293,7.7342577,10.363711,10.795722,15.552693,15.75475,20.399504,21.34366,25.114317,29.720642,29.6513,34.2181,35.837994,38.72012,36.36753,34.87419,40.294865,42.027508,38.84002,39.49193,37.06321,35.048008,32.45699,31.256376,28.897785,29.459698,26.171982,28.98934,23.772041,22.898073,20.141827,18.891768,22.65738,20.30934,23.884941,24.893297,18.759724,23.937368,22.110506,22.811405,25.130398,24.798674,29.405495,28.464918,32.538643,35.710304,31.780626,29.68761,25.268715,27.64879,21.403055,22.022501,18.993216,18.33314,17.607887,15.209914,19.278448,20.970882,24.00652,26.62734,23.970774,25.03191,22.389679,25.213125,22.399172,28.673128,24.631964,29.546076,32.339855,30.472385,27.20853,26.627327,22.057577,19.278019,17.96496,14.916033
35,29.959969,28.607367,23.626158,23.146624,21.45066,16.150766,18.820225,12.917773,15.7064495,12.4032345,15.686546,18.177002,11.811141,12.690547,7.8927197,13.006657,12.745908,16.844297,19.107197,22.29345,25.580402,28.443024,30.615835,34.474354,34.95771,33.320793,29.751455,26.060774,22.129114,20.112139,16.574718,14.999972,9.696821,7.2413344,3.8530798,0.0,4.985353,7.205126,9.352463,10.346008,15.465447,15.745865,21.141947,21.764751,26.287199,30.408386,30.912674,35.166866,37.037193,39.731693,37.428806,36.600964,41.8619,43.342968,40.37053,40.73294,38.036057,35.82066,32.96931,31.476835,28.594677,28.863708,25.33944,27.557997,22.361296,20.92852,17.97338,16.211338,19.544962,16.68852,20.63293,21.922369,16.14069,21.604343,20.174173,21.49318,24.013786,24.439363,28.77819,28.612972,32.510735,35.915836,32.23757,30.565224,26.261625,29.207964,23.022047,24.299742,21.5949,21.41464,20.923967,18.852083,22.938948,24.415573,27.467287,29.954704,27.044682,27.909708,24.900263,27.388288,24.007004,29.911024,25.524137,30.178051,32.77164,30.428003,27.351131,25.907839,21.95871,18.381205,17.243204,13.552441
