,0,1,2,3,4,5,6,7,8,9,10,11,12,13,14,15,16,17,18,19,20,21,22,23,24,25,26,27,28,29,30,31,32,33,34,35,36,37,38,39,40,41,42,43,44,45,46,47,48,49,50,51,52,53,54,55,56,57,58,59,60,61,62,63,64,65,66,67,68,69,70,71,72,73,74,75,76,77,78,79,80,81,82,83,84,85,86,87,88,89,90,91,92,93,94,95,96,97,98,99,100,101,102,103,104,105,106,107,108,109,110
0,0.0,4.262837,6.3810596,9.638207,12.175866,13.990447,17.74492,20.51346,24.11497,25.738386,30.583878,31.108488,30.273985,31.788973,29.046179,29.455757,29.642717,27.707487,31.800669,29.314615,32.960697,33.467575,36.829735,35.43764,35.246105,30.765007,33.011784,33.525536,27.012272,30.387463,26.205988,32.08743,30.878336,34.35395,35.191376,37.228218,41.137295,39.48355,38.593918,36.87839,34.539097,33.28276,29.303305,27.839952,32.641083,29.058195,32.49348,31.454487,34.801643,37.057476,37.69965,41.252113,41.10801,43.967075,42.28153,45.87195,41.729557,43.922287,44.71323,44.382748,40.858868,42.128223,38.660793,37.084568,36.618942,32.64846,33.947216,29.56153,29.869284,24.887821,23.753632,28.515188,26.487246,32.674595,32.1032,34.81569,37.16519,37.894592,40.75829,41.84968,42.960327,40.062508,38.252876,36.189003,31.915268,33.931107,27.59432,27.873978,24.228422,25.446861,22.878208,20.96766,24.602604,18.90868,21.099432,20.48007,17.460375,17.937136,13.261511,16.358736,15.578028,18.67701,20.38101,24.969187,23.229288,21.096004,23.742529,21.437752,21.346481,23.14937,21.935986
1,4.262837,0.0,5.2058086,6.701735,8.813407,11.861422,14.530209,18.435232,21.395851,23.522997,28.289154,28.825638,28.237038,29.311445,26.558004,26.408451,26.532978,24.201962,28.271925,25.495987,29.00382,29.665695,32.791782,31.264292,31.097216,26.641273,28.789114,29.262707,22.786577,26.259087,22.213915,28.204512,27.625452,31.0851,32.075817,34.37188,38.110535,36.33616,35.199024,33.24163,31.084513,29.424118,25.6134,23.845425,28.485903,24.876707,28.311329,27.295225,30.664421,32.97641,33.611366,37.250103,37.276394,40.0842,38.26751,41.87064,37.739433,39.891987,40.826694,40.630978,37.09986,38.508633,34.92845,33.59578,33.039215,29.336016,30.756329,26.406193,26.611631,21.618233,20.090427,24.8554,22.860548,29.05972,28.648203,31.090443,33.631798,34.25385,37.191673,38.47345,39.444023,36.402313,34.873493,32.59636,28.260206,30.070274,23.723818,23.766594,20.08124,21.29651,18.785793,16.829426,20.828989,15.723236,17.915865,17.65501,14.368131,14.302932,9.3573475,12.103003,11.547747,14.639357,16.709576,21.441916,19.917044,17.633135,20.901094,18.20173,18.816446,20.576443,20.142784
2,6.3810596,5.2058086,0.0,5.230606,6.844281,8.092388,11.909305,14.268319,18.000225,19.41731,24.340624,25.175121,24.746746,26.259315,24.096708,24.313839,25.366997,23.391876,28.143036,26.072145,29.745708,31.056559,34.14174,32.450897,33.051186,28.885984,30.456203,30.249483,23.164835,25.934637,21.339903,26.95459,24.870243,28.598055,29.095346,31.097387,35.001896,33.343082,32.71436,31.312698,28.649681,27.993378,23.774326,23.08305,28.42623,25.316381,29.121567,28.819307,32.133312,34.15922,34.217773,37.88821,37.478714,39.85211,37.909595,41.195896,36.824417,38.992702,39.407665,38.965183,35.43438,36.888412,33.79816,32.277508,32.65687,28.516235,30.405365,26.107311,27.349495,22.129463,19.948275,24.329626,21.57156,27.778765,26.442684,29.372461,31.357754,32.219715,35.036728,36.01235,37.42249,34.7802,33.077496,31.305056,27.067799,29.638685,23.300611,24.668133,21.408754,23.356888,21.374184,19.14822,23.948914,19.782513,20.937275,20.19904,16.074081,16.97063,12.685831,13.475897,14.493422,15.797485,18.75073,23.67383,21.174603,18.517513,20.636366,17.027054,17.032124,17.936975,16.876583
3,9.638207,6.701735,5.230606,0.0,3.803424,5.7469544,8.7793045,12.47779,15.106905,17.59761,22.070395,22.259544,21.603565,22.612295,19.938314,19.900099,20.434477,18.399313,22.97887,20.977774,24.773891,26.03254,29.343916,27.923933,28.868155,24.932478,26.852062,26.405697,19.365234,21.979862,17.615015,22.993992,21.791275,24.831161,26.058605,28.071684,31.976072,30.521215,29.287182,27.530283,25.704077,24.696619,20.801126,20.076551,25.145098,22.2245,26.110617,25.870512,29.248388,31.547234,31.580643,35.544304,35.62628,37.730667,35.24857,38.371544,33.773323,35.612877,36.132507,36.251987,32.6421,34.859314,31.76477,30.913687,31.412985,27.851076,30.078125,25.937656,27.007095,21.908522,18.76455,22.927824,19.861034,26.074785,24.34735,26.636324,28.511414,28.823727,31.460224,32.421974,33.397797,30.537329,28.628477,26.659094,22.423124,24.803684,18.490927,19.965046,16.898691,19.260876,17.733366,16.317516,21.748724,18.594687,20.440884,20.527737,16.425068,15.979099,11.22204,10.339185,11.071266,11.10462,14.010178,18.903141,16.07743,13.353416,15.552745,12.054243,12.450113,13.888516,13.66628
4,12.175866,8.813407,6.844281,3.803424,0.0,5.323863,5.7181263,10.662927,12.805923,15.332205,19.934496,20.69882,20.745424,21.42507,19.389172,18.591766,19.825895,17.262728,22.217775,20.031183,23.517475,25.376667,28.064665,26.175325,27.289429,23.477848,24.677135,23.974941,16.69495,19.16916,14.559821,20.155548,18.828854,22.449776,23.263016,25.632729,29.30524,27.542233,26.46989,24.743082,22.455599,21.395885,17.360994,16.668255,22.008997,19.21625,23.210554,23.341137,26.627733,28.682993,28.456059,32.359943,32.221985,34.218605,31.81397,34.92599,30.379074,32.37434,32.84852,32.730614,29.14375,31.144066,28.0734,27.145826,27.829086,24.216343,26.608208,22.552334,23.985271,18.897219,15.367176,19.338366,16.115637,22.32787,20.66835,23.103203,25.150839,25.735306,28.589706,29.77471,30.984076,28.17598,26.833338,24.836124,20.52172,23.033066,16.702991,18.416346,15.498816,17.95083,16.644361,14.618431,20.35342,18.159616,18.988739,18.90607,14.451808,14.40465,10.708619,8.439668,10.981828,10.2665615,14.306734,19.21585,16.638527,13.646968,16.197208,11.40381,12.747051,13.161169,13.769103
5,13.990447,11.861422,8.092388,5.7469544,5.323863,0.0,6.082981,6.926147,10.372246,12.22676,16.754536,17.158167,16.746891,18.191605,16.373611,16.729256,18.59118,17.12202,22.410534,21.456446,25.258429,27.2963,30.419376,28.879677,30.758512,27.3547,28.573507,27.295696,19.909187,21.38873,16.609158,21.064608,17.968208,21.113111,21.856874,23.445038,27.565996,26.348078,25.624905,24.562061,22.340631,22.664152,18.45706,19.290005,24.924133,22.824965,26.979515,27.589415,30.785625,32.741756,32.09988,36.06714,35.768085,37.23972,34.50654,37.130596,32.255184,33.982994,33.85566,33.828842,30.255638,32.745102,30.338444,29.499123,31.155298,27.378452,30.176428,26.301073,28.407665,23.340889,19.431295,22.793856,18.843515,24.749254,21.693121,24.34093,25.360415,25.808079,28.180492,28.71238,30.154413,27.816212,25.671085,24.392597,20.423841,23.74182,17.781088,20.968164,18.727507,21.79954,21.016836,19.516193,25.451548,23.35121,24.296627,24.072115,19.484602,19.720118,15.883438,13.348653,15.47239,13.5225115,17.066029,21.688488,17.967505,15.06521,15.499738,10.826985,10.38004,10.164582,9.346389
6,17.74492,14.530209,11.909305,8.7793045,5.7181263,6.082981,0.0,6.9468184,7.4405365,10.487244,14.729072,15.733276,16.481173,16.722084,15.569905,14.112059,16.526396,13.941985,19.460194,18.013178,21.255985,24.010006,26.234318,24.152018,26.25722,23.169346,23.573938,21.928381,14.476054,15.654664,10.721004,15.463899,13.153278,16.941149,17.547874,19.970608,23.589542,21.860373,20.867376,19.422565,17.011728,16.715326,12.522264,13.262879,18.985065,17.189554,21.39219,22.464434,25.48867,27.245605,26.326212,30.306957,30.04029,31.305254,28.448986,31.054829,26.202887,28.00835,28.029345,27.992353,24.39431,26.946085,24.436897,23.913544,25.676104,22.31232,25.37621,21.805885,24.071014,19.347067,14.664607,17.437796,13.264573,19.030495,16.061424,18.430075,19.869644,20.399752,23.132421,24.190063,25.640715,23.101208,21.930292,20.280993,16.125254,19.310322,13.389537,16.693493,14.84273,18.000223,17.742962,15.994435,22.147392,21.70318,21.79318,21.809536,17.253023,17.226736,14.763786,10.384727,14.054182,10.920996,15.514343,19.881685,16.80364,13.733835,15.189014,9.043927,10.9133,9.585362,11.362644
7,20.51346,18.435232,14.268319,12.47779,10.662927,6.926147,6.9468184,0.0,5.162528,5.3683567,10.099597,11.440575,12.235058,13.816199,13.956754,14.094416,17.839355,16.806864,22.500292,22.534788,25.89688,28.867563,31.344532,29.536007,32.321568,29.630655,29.8467,27.690815,20.446772,20.469667,15.699929,18.556644,13.029586,16.503056,16.249214,17.44675,21.623758,20.554281,20.605661,20.50869,17.646652,19.693132,15.423637,18.18096,24.026396,23.05506,27.234018,28.816004,31.637165,33.08391,31.65626,35.471542,34.7374,35.388283,32.445812,34.396603,29.369984,30.95457,30.054325,29.781424,26.374113,29.09089,27.614899,26.889385,29.886206,26.143938,29.528997,26.227436,29.376602,24.704706,20.150007,22.194124,17.5352,22.488886,17.914787,20.850569,20.759195,21.475384,23.534254,23.643288,25.764795,24.173378,22.218523,21.8149,18.420338,22.60862,17.614368,22.295547,21.089977,24.5616,24.554058,22.938852,29.0711,28.300112,28.2376,27.80862,23.027245,23.750523,21.076174,17.249706,20.526772,17.199429,21.22183,25.34129,21.3351,18.475346,17.698843,12.154679,11.68051,8.70538,8.332211
8,24.11497,21.395851,18.000225,15.106905,12.805923,10.372246,7.4405365,5.162528,0.0,4.58075,7.466372,8.5096245,10.233559,10.404075,11.202211,9.974974,14.435976,13.209065,18.862005,19.274376,22.221676,25.669119,27.69813,25.869595,29.217531,27.132538,26.986534,24.310677,17.533276,16.596487,12.305514,13.893563,8.269133,11.403712,11.594431,13.12179,17.195673,16.16316,15.661303,15.42002,13.154966,15.40116,11.604663,15.162471,20.556831,20.337128,24.382607,26.398554,28.979425,30.355865,28.637756,32.527264,32.068832,32.22627,28.811058,30.390543,25.185266,26.437416,25.425909,25.60067,22.184723,25.681236,24.470129,24.47685,27.832354,24.810236,28.488573,25.63976,28.768217,24.572662,19.414822,20.611801,15.789138,20.026777,14.767837,16.92445,16.392658,16.622221,18.526804,18.68097,20.65087,19.019411,17.301483,16.938362,13.746511,18.147758,13.87144,19.240017,18.874577,22.552443,23.254301,22.1172,28.287636,28.775099,28.620852,28.624275,24.075258,24.178272,22.08212,17.19022,20.70015,16.249954,20.252243,23.748766,19.877932,17.205564,16.231842,10.39404,10.9943,7.0588365,9.182164
9,25.738386,23.522997,19.41731,17.59761,15.332205,12.22676,10.487244,5.3683567,4.58075,0.0,5.2041636,8.198684,10.699143,11.831891,13.911409,13.481508,18.372843,17.598326,23.148436,23.798325,26.617779,30.185356,32.03391,30.047039,33.407696,31.32439,30.793394,28.053452,21.332672,20.22037,15.942598,17.132477,9.752112,13.369358,11.964236,12.826323,16.885632,15.911668,16.719433,17.542536,14.205384,17.756794,13.868664,18.021553,23.577229,23.56219,27.54313,29.79498,32.236794,33.269184,31.278395,34.885548,33.884415,33.833652,30.745115,32.075874,27.04534,28.443945,26.91775,26.475737,23.305498,26.22824,25.600332,25.10617,29.08829,25.634237,29.373089,26.679422,30.416275,26.25629,21.42346,22.30089,17.440475,21.177877,15.494262,18.399595,17.242912,18.16672,19.87707,19.648115,22.357548,21.474092,19.942621,20.268452,17.589563,22.149824,18.293615,23.663248,23.242054,26.798279,27.323133,25.72772,31.792494,31.999632,31.333073,30.867748,26.151716,27.019478,25.127762,20.65472,24.437939,20.45752,24.596434,28.253426,24.314,21.609968,20.358624,14.76285,14.6308,10.560563,11.081369
10,30.583878,28.289154,24.340624,22.070395,19.934496,16.754536,14.729072,10.099597,7.466372,5.2041636,0.0,4.7095947,8.590106,9.102067,12.886279,12.490608,17.90914,17.935019,22.920736,24.529785,26.962864,30.77949,32.402782,30.665718,34.655094,33.230183,32.49047,29.26111,23.28176,21.157845,17.748217,16.975456,8.949742,10.7051,8.999555,8.399604,12.686943,12.652436,13.761271,15.538667,13.071129,17.847954,14.968709,19.95593,24.77281,25.608408,29.324314,31.966805,34.11821,35.00795,32.672047,36.20132,35.31843,34.569897,31.083393,31.680168,26.590668,27.43546,25.322004,25.271118,22.40646,26.085836,26.284624,26.415482,31.034067,28.17517,32.12413,29.929707,33.781944,30.033245,24.952477,25.061228,20.241917,22.87912,16.411343,18.484793,15.969129,16.349277,17.111032,16.06471,18.980583,18.901806,17.130173,18.418028,16.802534,21.559914,19.101616,25.066229,25.449436,29.158916,30.231602,29.121243,35.163284,36.05392,35.450844,35.214424,30.629236,31.169651,29.425613,24.499504,28.13988,23.478706,27.238523,30.275972,26.188057,23.824947,21.667227,16.774445,16.445154,12.028689,12.982916
11,31.108488,28.825638,25.175121,22.259544,20.69882,17.158167,15.733276,11.440575,8.5096245,8.198684,4.7095947,0.0,4.246823,4.686517,8.892046,9.58789,14.722289,15.804328,20.317486,22.747683,25.378298,28.869732,31.039392,29.914131,34.183037,32.969994,32.857292,29.587858,23.851149,21.623104,18.606123,17.315462,10.7578945,10.015759,10.500573,8.896275,13.510955,14.501875,14.402603,15.766963,15.170827,19.35639,16.96564,21.62231,26.03224,26.870504,30.57059,32.99299,35.244003,36.48488,34.350906,38.125355,37.76016,36.987755,33.073563,33.56477,28.289232,28.658278,26.685415,27.455458,24.554375,29.017021,29.066862,29.701181,34.00662,31.480766,35.408726,33.08123,36.50139,32.64507,27.360134,27.76892,22.962257,25.870188,19.509087,20.788528,18.167776,17.497616,17.604136,16.034403,18.070555,17.876999,14.760958,16.390156,15.198938,19.983545,17.99563,24.256105,24.952013,28.87201,30.18998,29.78729,35.93589,36.783802,36.93495,37.080677,32.573177,32.48155,30.163166,25.159763,28.093988,23.005753,26.064518,28.651386,24.183573,22.177662,18.970812,15.175678,14.138185,9.949114,10.934241
12,30.273985,28.237038,24.746746,21.603565,20.745424,16.746891,16.481173,12.235058,10.233559,10.699143,8.590106,4.246823,0.0,3.9331822,6.3676615,9.239504,13.30824,15.341558,19.498943,22.362144,25.400517,28.34838,31.232004,30.62399,34.834282,33.508575,34.093918,31.03531,25.23323,23.38764,20.3691,19.483303,14.115626,12.63372,14.28202,12.594025,17.095942,18.398165,17.693192,18.520908,18.734705,22.215725,19.809244,23.90635,28.270332,28.755041,32.52848,34.58308,37.034023,38.609577,36.776257,40.744965,40.688587,40.14791,36.09916,36.752773,31.392212,31.61486,29.907354,31.053461,28.06057,32.731857,32.464725,33.166843,37.080124,34.51871,38.3422,35.729675,38.809437,34.69901,29.439495,30.382536,25.597816,29.051823,22.986343,24.11027,21.807137,20.730326,20.68692,19.009134,20.317976,19.816406,15.681429,17.190823,15.990919,20.568546,18.41619,24.574324,25.153122,29.170656,30.41842,30.452036,36.665005,37.031677,37.865738,38.19587,33.710426,33.274178,30.30029,25.59776,27.813862,22.75268,25.174194,27.600046,22.730112,20.981157,16.862648,14.248272,12.104141,8.640784,8.67602
13,31.788973,29.311445,26.259315,22.612295,21.42507,18.191605,16.722084,13.816199,10.404075,11.831891,9.102067,4.686517,3.9331822,0.0,5.1216445,6.377747,10.859968,12.904646,16.66958,19.83504,22.471083,25.660505,28.190071,27.63706,32.130543,31.232971,31.637032,28.35421,23.136696,20.790085,18.429909,16.582048,12.184529,9.363325,12.004842,10.437812,14.673688,16.115992,14.659119,15.219302,16.428549,19.655209,17.916134,22.040169,25.804434,26.698946,30.24352,32.44805,34.708286,36.256382,34.342953,38.305214,38.502495,37.72373,33.425343,33.86365,28.498055,28.427517,26.767357,28.341553,25.410378,30.544466,30.348093,31.52885,35.416042,33.36757,37.235996,34.88125,37.79342,34.00392,28.566654,29.109093,24.476387,27.45929,21.413862,21.83148,19.373255,17.748297,17.420519,15.7409935,16.629004,16.01891,11.748743,13.407264,12.670495,17.202044,15.913463,22.214287,23.340195,27.330694,28.974598,29.312914,35.38899,36.481895,37.265587,37.857548,33.575413,32.775906,30.178087,25.042082,27.31206,21.82198,24.12287,26.06571,21.494091,19.948826,15.999172,13.4742365,12.324986,8.900489,10.7452345
14,29.046179,26.558004,24.096708,19.938314,19.389172,16.373611,15.569905,13.956754,11.202211,13.911409,12.886279,8.892046,6.3676615,5.1216445,0.0,4.9703283,7.1729374,9.9819355,13.55346,16.753923,19.973906,22.470352,25.836763,25.76941,29.95744,28.794725,30.060846,27.192444,21.890604,20.282804,17.911598,17.080019,14.625541,12.104339,15.676026,14.991546,19.066916,20.114473,17.907282,17.326239,19.05805,20.875563,19.018997,22.075197,25.736887,26.013147,29.605722,31.24028,33.7618,35.75522,34.33788,38.536945,39.169807,38.878677,34.528313,35.434563,30.03258,29.994411,28.986498,30.882938,27.723684,32.889355,31.990803,33.211147,36.327747,34.30703,37.95385,35.244793,37.557655,33.549248,28.20866,29.43761,24.991785,28.716032,23.382017,23.64756,22.09617,20.220957,20.289644,19.155539,19.206415,17.640467,12.898023,13.381275,11.912943,15.896048,13.874337,19.738138,20.60595,24.6202,26.153683,27.029556,33.06311,33.739532,35.30535,36.20989,32.10458,30.747015,27.55857,22.736479,24.13859,18.693638,20.243326,22.006922,17.127384,15.8472,11.197483,9.998789,8.200724,6.307723,8.493631
15,29.455757,26.408451,24.313839,19.900099,18.591766,16.729256,14.112059,14.094416,9.974974,13.481508,12.490608,9.58789,9.239504,6.377747,4.9703283,0.0,5.5302663,6.569314,10.738581,13.481806,16.213999,19.41931,22.010115,21.511738,25.899195,25.019068,25.755249,22.632662,17.678967,15.57748,13.71054,12.191651,11.0839205,8.29951,12.535252,12.902681,16.481976,16.967657,14.099118,12.807364,15.032601,16.20216,14.85574,17.824324,21.038208,21.67551,25.09712,26.974068,29.30435,31.17397,29.634525,33.8001,34.54875,34.137314,29.686348,30.58218,25.194832,25.13289,24.336359,26.386572,23.192638,28.521084,27.517332,29.067125,32.079525,30.503815,34.159924,31.732248,33.938824,30.311815,24.840706,25.594004,21.353336,24.616226,19.518038,19.21749,17.934654,15.808675,16.174623,15.663166,15.537887,13.379128,9.449567,9.12027,7.0999284,11.450937,9.718821,15.943118,17.303776,21.264204,23.159502,24.004856,29.892458,31.473827,32.594013,33.6423,29.742971,28.216341,25.77789,20.398746,22.32341,16.503765,18.514751,20.096502,15.921586,14.504422,11.385082,8.791114,9.42958,7.1394854,11.173863
16,29.642717,26.532978,25.366997,20.434477,19.825895,18.59118,16.526396,17.839355,14.435976,18.372843,17.90914,14.722289,13.30824,10.859968,7.1729374,5.5302663,0.0,4.5472198,6.419359,10.1228285,13.223133,15.421637,19.001793,19.48459,23.71487,23.005362,24.795958,22.097277,17.97503,16.496866,15.508505,14.438993,15.912196,12.8601055,17.583576,18.05107,21.202251,21.762688,18.251865,16.107595,19.3437,19.081396,18.274529,19.912006,22.245108,22.492277,25.592289,26.825138,29.22974,31.567873,30.573929,34.87865,36.28443,36.164757,31.571604,32.671604,27.454113,27.10166,26.959494,29.60205,26.442995,31.938602,30.450243,32.303844,34.51233,33.330627,36.704014,34.149704,35.592495,32.030525,26.762558,27.943277,24.1881,27.687376,23.460752,22.61009,21.977371,19.391008,19.649553,19.389551,18.12627,15.339616,11.068984,9.611953,7.882957,10.215719,9.02674,14.054062,15.673582,19.460924,21.561678,23.444908,28.966991,30.524721,32.58682,34.14959,30.679998,28.31899,25.464296,20.460518,21.11648,15.321794,15.796342,16.326096,12.109559,11.650188,7.7667456,8.485898,9.231129,9.581342,13.2951355
17,27.707487,24.201962,23.391876,18.399313,17.262728,17.12202,13.941985,16.806864,13.209065,17.598326,17.935019,15.804328,15.341558,12.904646,9.9819355,6.569314,4.5472198,0.0,5.7480946,7.0359836,10.335566,13.211756,16.239536,15.987557,19.992,18.981426,20.508902,17.874605,13.443122,12.289016,11.33212,11.119573,14.05644,12.290922,16.641308,18.17554,21.071177,20.80848,17.203526,14.35767,17.097172,15.7114525,14.888967,15.744355,18.014612,18.005863,21.150478,22.331377,24.805035,27.171423,26.287395,30.638304,32.075977,32.238876,27.800447,29.309223,24.160187,24.161554,24.476383,26.890062,23.5843,28.732111,26.779793,28.585373,30.361471,29.297726,32.53515,29.992193,31.211826,27.790276,22.572994,23.763874,20.284765,23.868097,20.322332,19.38608,19.616615,17.318752,18.376675,18.97121,17.944414,14.541794,11.8635235,9.171903,5.706033,7.7352376,4.558408,9.894487,11.471776,15.326547,17.497398,19.20191,24.706133,26.693855,28.43189,30.058712,26.749342,24.277763,21.924568,16.625608,17.690834,11.729245,12.897649,13.836942,10.351952,9.328005,8.137374,6.64016,9.559437,9.785601,14.167226
18,31.800669,28.271925,28.143036,22.97887,22.217775,22.410534,19.460194,22.500292,18.862005,23.148436,22.920736,20.317486,19.498943,16.66958,13.55346,10.738581,6.419359,5.7480946,0.0,5.2885146,7.3979993,9.3201475,12.860208,14.05114,18.345133,18.39242,20.563713,18.090359,15.869581,14.540339,15.347529,13.992826,18.66855,15.677186,20.539808,21.769464,24.006554,24.13533,19.916245,16.702461,20.867935,18.802683,19.15266,19.364273,20.012383,20.348236,22.667786,23.49998,25.611183,28.185944,27.607016,31.859617,33.994106,33.97654,29.273294,30.478592,25.678263,25.005411,25.723871,28.946873,25.973724,31.527025,29.60525,32.014534,33.35769,33.061287,36.095253,33.8431,34.477955,31.540571,26.5597,27.490234,24.603909,27.549187,24.531425,22.697506,22.891455,19.908098,20.311018,20.860823,18.634499,15.053953,12.33736,9.245557,7.978919,6.7123265,7.7163076,10.238747,12.940829,16.023132,18.775784,21.595512,26.256319,28.878752,31.185513,33.30924,30.570896,27.417692,25.225204,20.306225,20.358303,14.818011,14.188475,13.010623,10.663642,11.284154,10.007513,11.607228,13.937845,14.964089,18.990282
19,29.314615,25.495987,26.072145,20.977774,20.031183,21.456446,18.013178,22.534788,19.274376,23.798325,24.529785,22.747683,22.362144,19.83504,16.753923,13.481806,10.1228285,7.0359836,5.2885146,0.0,4.3374534,6.410142,9.866055,10.3579645,13.865513,13.278375,15.87424,13.990614,11.889848,11.814576,12.909556,13.252566,19.159386,17.687819,21.929825,24.023909,26.167522,25.507427,21.429604,17.701096,20.976604,17.564417,17.811773,16.552862,16.818548,16.389292,18.557117,18.82993,21.133669,23.983536,23.891539,28.203665,30.537214,31.120983,26.761078,28.649862,24.12197,23.952139,25.383924,28.241428,25.14955,30.031645,27.387081,29.61252,30.075283,29.908752,32.58108,30.237955,30.286777,27.511297,22.902157,24.13929,21.873615,25.05853,23.232407,21.45881,22.81835,20.355274,21.645788,23.003986,21.151033,17.156921,15.898152,12.160238,9.581571,7.3743052,6.0350003,5.298679,8.024024,10.7842,13.661018,16.764713,21.086834,24.047184,26.385857,28.738424,26.418148,22.884314,21.11965,16.400461,16.228397,11.134362,10.397544,9.135977,8.455408,8.925096,10.805484,11.33791,14.8347845,16.211426,20.336914
20,32.960697,29.00382,29.745708,24.773891,23.517475,25.258429,21.255985,25.89688,22.221676,26.617779,26.962864,25.378298,25.400517,22.471083,19.973906,16.213999,13.223133,10.335566,7.3979993,4.3374534,0.0,4.771324,5.908721,6.7631745,11.064306,11.923157,13.955334,11.851663,12.197119,11.483603,14.180517,13.374661,20.613499,18.82336,22.983912,25.260382,26.692863,25.934729,21.576414,17.544949,21.44903,17.368317,18.689943,17.054672,15.745832,15.998538,17.264742,17.638573,19.362375,22.099035,22.026651,26.135557,28.912577,29.223356,24.728575,26.372463,22.255014,21.689556,23.546684,26.821056,24.055876,29.026388,26.446846,29.185278,29.385721,30.00201,32.52789,30.680786,30.446829,28.35668,23.944174,24.493443,22.817442,25.042904,23.777563,21.22577,22.730415,19.997091,21.11299,22.815445,20.469467,16.37504,16.244501,12.273503,10.742877,6.737376,8.390126,6.028076,9.804608,11.396526,14.797714,18.063938,21.50476,25.58458,27.53393,30.079132,28.212158,24.53275,23.636084,18.93819,18.982101,14.385605,13.667915,11.56452,12.335526,13.032314,15.044115,15.362929,18.974747,19.920353,24.241331
21,33.467575,29.665695,31.056559,26.03254,25.376667,27.2963,24.010006,28.867563,25.669119,30.185356,30.77949,28.869732,28.34838,25.660505,22.470352,19.41931,15.421637,13.211756,9.3201475,6.410142,4.771324,0.0,5.7931075,8.715753,11.216105,12.028304,15.594434,14.652848,15.503985,15.763084,18.104256,18.0483,24.987864,23.128819,27.463572,29.544462,31.17555,30.575897,26.203701,22.238737,26.118713,21.991945,23.051832,20.980412,19.61365,19.230005,20.184805,19.68715,21.44299,24.508219,25.064676,29.051085,32.16606,32.844715,28.57459,30.399319,26.593046,25.997698,28.079382,31.411991,28.702194,33.488388,30.663485,33.290764,32.93061,33.570034,35.79567,33.771175,32.968616,30.864506,26.870949,27.932158,26.52906,29.1079,28.208984,25.820904,27.475237,24.759848,25.778162,27.315619,24.7529,20.749586,20.04259,16.272844,14.907984,11.156844,12.114283,8.61724,11.289423,11.98945,15.05632,19.158115,21.86317,25.511103,28.379675,31.257359,29.813738,25.63086,24.321772,20.474688,19.255949,15.517743,13.194052,9.533607,11.57288,13.279059,15.529408,17.421679,20.621326,22.43911,26.38301
22,36.829735,32.791782,34.14174,29.343916,28.064665,30.419376,26.234318,31.344532,27.69813,32.03391,32.402782,31.039392,31.232004,28.190071,25.836763,22.010115,19.001793,16.239536,12.860208,9.866055,5.908721,5.7931075,0.0,4.376631,7.481833,10.412012,12.420252,11.28949,14.817249,14.5199585,18.217138,17.360552,25.393522,23.744452,27.617554,30.106852,30.948908,29.98985,25.573723,21.395782,25.387524,20.523502,22.58212,20.055866,17.063166,17.419842,17.279552,17.02475,17.964546,20.7159,21.238766,24.871119,28.377361,28.782707,24.54871,26.19323,23.036999,22.210247,24.83583,28.327171,26.027346,30.565485,27.772346,30.848408,30.150768,31.665121,33.684555,32.301464,31.276344,30.037727,26.315351,26.494951,25.823483,27.245033,27.155436,24.072342,26.071314,23.386593,24.476387,26.558298,23.86048,19.881031,20.769566,16.883762,16.052296,11.517983,13.873844,9.707795,12.953087,12.685205,16.096432,19.73543,21.536322,26.593306,28.495367,31.407457,30.3978,26.332636,26.271996,22.222675,21.84957,18.394262,17.10319,14.025313,16.570847,17.675688,20.387535,20.977783,24.684557,25.757158,30.060047
23,35.43764,31.264292,32.450897,27.923933,26.175325,28.879677,24.152018,29.536007,25.869595,30.047039,30.665718,29.914131,30.62399,27.63706,25.76941,21.511738,19.48459,15.987557,14.05114,10.3579645,6.7631745,8.715753,4.376631,0.0,5.44482,8.211913,8.620818,6.942466,11.330017,11.099655,15.206562,14.708954,23.02671,22.232656,25.51016,28.460283,29.142092,27.690357,23.54333,19.289587,22.568336,17.178307,19.372425,16.365017,12.866006,13.325326,12.962188,13.033698,13.916501,16.56693,16.932892,20.685446,24.06956,24.593147,20.468334,22.462671,19.341694,18.948738,21.826319,24.902124,22.55051,26.657118,23.625996,26.640224,25.78535,27.42254,29.397966,28.174248,27.21471,26.212132,22.55817,22.401716,22.054596,23.14933,23.607147,20.505766,23.035196,20.78114,22.405958,24.936771,22.766142,18.743183,20.498718,16.525278,15.142841,11.01698,12.596671,8.103745,11.236593,10.7455225,14.196024,17.091557,18.917576,24.534716,25.606552,28.338524,27.334942,23.565758,24.21169,19.925697,20.397146,17.062963,16.89221,14.920128,17.326324,17.701406,21.04365,20.292744,24.411312,24.987488,29.409622
24,35.246105,31.097216,33.051186,28.868155,27.289429,30.758512,26.25722,32.321568,29.217531,33.407696,34.655094,34.183037,34.834282,32.130543,29.95744,25.899195,23.71487,19.992,18.345133,13.865513,11.064306,11.216105,7.481833,5.44482,0.0,4.7936397,6.266522,7.6544604,12.912995,14.33297,17.93456,18.897617,26.989937,26.976965,29.920784,33.135044,33.917233,32.137333,28.257414,24.021446,26.507214,20.669353,22.46857,18.382227,14.624433,13.885324,12.601362,11.06874,11.7576065,14.848193,16.42822,19.796984,23.576298,24.983934,21.70562,24.382336,22.04926,22.160908,25.510513,28.065254,25.817747,28.935585,25.28581,27.906065,25.797249,27.664597,28.941221,27.711414,25.73872,25.212841,22.550812,22.801563,23.403164,24.629004,26.35564,23.61007,26.877062,25.146595,27.172752,29.922266,27.997852,23.992512,25.796177,21.784845,19.952015,16.159912,16.431,10.625087,12.174832,9.822598,12.572241,15.649165,15.703239,21.802938,23.030996,26.111855,26.014843,21.837498,23.10669,19.91872,19.72981,17.963251,17.331673,15.207251,18.938099,19.418425,23.83248,23.182087,27.392864,28.403286,32.588665
25,30.765007,26.641273,28.885984,24.932478,23.477848,27.3547,23.169346,29.630655,27.132538,31.32439,33.230183,32.969994,33.508575,31.232971,28.794725,25.019068,23.005362,18.981426,18.39242,13.278375,11.923157,12.028304,10.412012,8.211913,4.7936397,0.0,5.6411242,8.097184,10.783961,13.6781845,16.10731,18.68826,26.01524,26.805601,29.522474,32.869953,34.174194,32.19731,28.637817,24.51145,26.11029,20.361223,21.191818,16.62832,14.146011,12.017392,11.602819,9.215297,11.133855,14.650435,16.530556,20.200563,23.452787,25.547148,22.647472,25.91239,23.21206,23.967001,27.088188,29.05246,26.430655,29.116598,25.05573,26.989183,24.622614,25.714298,26.88289,25.066347,22.919968,21.825663,19.365864,20.503239,21.069065,23.289219,25.197971,23.239552,26.859137,25.59485,28.065117,30.78047,29.372658,25.291523,26.61571,22.587887,19.89965,16.939028,15.336429,9.110382,9.032205,5.70964,7.9218245,11.111713,11.304595,17.077206,18.626547,21.785154,21.680635,17.287022,18.439611,15.714014,15.261186,14.336519,13.906707,12.674581,16.57471,16.676872,21.88275,20.84203,25.076561,26.33955,30.225273
26,33.011784,28.789114,30.456203,26.852062,24.677135,28.573507,23.573938,29.8467,26.986534,30.793394,32.49047,32.857292,34.093918,31.637032,30.060846,25.755249,24.795958,20.508902,20.563713,15.87424,13.955334,15.594434,12.420252,8.620818,6.266522,5.6411242,0.0,4.2446685,9.488027,11.683048,14.8939705,16.923557,24.457823,25.770138,27.749546,31.445738,32.148815,29.754051,26.503857,22.485132,23.554625,17.386585,18.884357,14.024865,10.05078,8.617287,6.6705093,4.861868,5.936933,9.272979,10.960025,14.624752,17.982409,19.965609,17.243559,20.698038,18.513433,19.573969,22.99243,24.570784,22.239288,24.320065,20.184954,22.348372,19.754673,21.606028,22.70736,21.58961,19.609215,19.417393,17.079159,16.986597,18.302216,19.230106,22.00847,19.6781,23.711527,22.859728,25.590927,28.728525,27.66607,23.832375,26.304016,22.45008,19.9915,17.241869,16.218462,11.100573,11.596159,9.170196,11.140219,12.311995,12.317925,19.101078,18.779072,21.471874,21.391712,17.835255,20.290398,17.012232,18.17685,16.898605,17.921247,17.519335,20.569977,20.099401,24.973812,22.717657,27.188688,27.575792,31.684591
27,33.525536,29.262707,30.249483,26.405697,23.974941,27.295696,21.928381,27.690815,24.310677,28.053452,29.26111,29.587858,31.03531,28.35421,27.192444,22.632662,22.097277,17.874605,18.090359,13.990614,11.851663,14.652848,11.28949,6.942466,7.6544604,8.097184,4.2446685,0.0,7.4813166,8.117296,12.177425,13.064818,20.962488,21.934708,23.94304,27.588064,28.096436,25.792536,22.413166,18.365402,19.809523,13.662514,15.711614,11.516322,6.9969954,7.1759567,6.033531,6.9185786,7.8172445,10.2626915,10.419203,14.514875,17.534018,18.612034,15.016696,18.000515,15.130077,15.943949,19.149094,21.049578,18.613852,21.456255,17.75615,20.405214,18.963825,20.762178,22.540283,21.554752,20.59869,20.079365,16.7759,16.040424,16.581589,17.125652,19.011408,16.214533,19.903189,18.781124,21.39489,24.536703,23.45935,19.676394,22.439081,18.69407,16.48493,13.811371,13.480643,9.520728,11.106378,10.14458,12.777973,13.785486,15.388845,21.673061,21.160206,23.482449,22.597063,19.500254,21.491455,17.205114,19.076693,16.508644,18.061115,17.83028,19.951902,19.30254,23.433704,20.8188,25.290405,25.184126,29.514212
28,27.012272,22.786577,23.164835,19.365234,16.69495,19.909187,14.476054,20.446772,17.533276,21.332672,23.28176,23.851149,25.23323,23.136696,21.890604,17.678967,17.97503,13.443122,15.869581,11.889848,12.197119,15.503985,14.817249,11.330017,12.912995,10.783961,9.488027,7.4813166,0.0,4.744871,5.5753584,9.683723,15.784713,17.933733,19.678192,23.365276,24.886375,22.508312,19.64276,15.986681,16.032898,10.716334,10.532646,6.1791954,6.803071,4.77235,8.17615,9.395513,12.08119,14.332513,13.8856,18.287931,19.769476,21.13653,17.713898,20.857641,16.733032,18.261087,20.257246,21.36175,18.110222,21.018742,17.30166,18.810154,18.477694,18.24201,20.718649,18.544273,18.712738,16.39698,11.841126,12.477818,11.293616,14.252629,14.783975,13.558073,17.175364,16.640537,19.767803,22.499939,22.337433,18.617163,20.202318,16.727367,13.150308,12.565581,9.010512,7.164981,7.045535,8.288571,10.110881,9.819414,14.23564,18.625956,18.186626,19.933126,17.704893,15.159356,16.12815,10.870832,13.920806,10.607253,13.817334,15.514105,16.059055,14.407851,18.550676,14.607599,19.08664,18.76007,22.821371
29,30.387463,26.259087,25.934637,21.979862,19.16916,21.38873,15.654664,20.469667,16.596487,20.22037,21.157845,21.623104,23.38764,20.790085,20.282804,15.57748,16.496866,12.289016,14.540339,11.814576,11.483603,15.763084,14.5199585,11.099655,14.33297,13.6781845,11.683048,8.117296,4.744871,0.0,5.0493956,5.4086213,12.909148,14.271287,16.13495,19.801306,20.836637,18.583883,15.364249,11.513012,12.445961,6.9596753,8.297058,6.0493035,5.7502165,7.078388,9.716919,12.247827,14.039672,15.638723,14.179472,18.463406,19.83675,20.086266,15.876351,18.166197,13.46017,14.490328,16.094809,17.730326,14.465547,18.484678,15.587404,17.896317,18.848173,19.048735,22.03975,20.473597,21.440403,19.489655,14.564205,13.875204,12.024686,13.609041,12.758185,10.444545,13.377735,12.250969,15.187542,18.0164,17.742374,14.08905,16.342129,13.043009,10.069536,9.625614,7.9418883,8.472558,10.190842,12.082428,14.489172,14.552607,18.827702,23.36293,22.720518,24.23487,21.747883,19.680365,20.461706,14.853364,18.034079,13.725269,16.764349,17.943617,17.765333,16.266584,19.065334,15.063089,19.340149,18.249294,22.653658
30,26.205988,22.213915,21.339903,17.615015,14.559821,16.609158,10.721004,15.699929,12.305514,15.942598,17.748217,18.606123,20.3691,18.429909,17.911598,13.71054,15.508505,11.33212,15.347529,12.909556,14.180517,18.104256,18.217138,15.206562,17.93456,16.10731,14.8939705,12.177425,5.5753584,5.0493956,0.0,6.493611,10.414123,13.31136,14.615351,18.283892,20.223162,17.879906,15.449273,12.392291,11.49497,7.724428,5.857669,4.500062,8.796077,8.388077,12.287447,14.40864,16.832365,18.421413,17.047516,21.263414,21.811943,22.48091,18.842987,21.34874,16.476562,18.03972,18.889448,19.64735,16.073315,19.498898,16.61699,17.784693,19.225525,17.97969,21.231667,18.896536,20.534595,17.515978,12.093623,12.490378,9.260851,12.86539,10.988315,10.639327,13.358612,13.106288,16.325705,18.662828,19.257513,15.978735,17.101862,14.334747,10.448589,11.9411,7.672964,9.955649,10.079503,12.786115,14.259058,13.352915,18.710155,21.843815,21.148197,22.155842,18.875586,17.467487,17.565931,11.708457,15.667536,11.285598,15.421922,17.914053,16.724339,14.498087,17.164928,11.946831,16.061447,14.65655,18.719227
31,32.08743,28.204512,26.95459,22.993992,20.155548,21.064608,15.463899,18.556644,13.893563,17.132477,16.975456,17.315462,19.483303,16.582048,17.080019,12.191651,14.438993,11.119573,13.992826,13.252566,13.374661,18.0483,17.360552,14.708954,18.897617,18.68826,16.923557,13.064818,9.683723,5.4086213,6.493611,0.0,8.552261,9.03487,11.045867,14.544084,15.538933,13.602375,10.11592,6.3407044,8.156949,4.86548,6.5505013,8.40865,9.664835,11.902618,14.562275,17.507082,19.040167,20.165318,18.029781,21.970293,22.75342,22.06119,17.513636,18.680435,13.354833,13.824226,14.01908,15.904508,12.534804,17.738745,16.175735,18.597128,21.202198,20.98788,24.522774,23.11485,25.085485,22.866264,17.552145,16.447737,13.426823,14.545577,11.148297,8.713932,9.602162,7.7042456,10.348035,12.8353195,12.960143,9.6564455,11.92771,9.444525,7.0385175,8.592966,8.175856,11.895696,13.980701,16.703629,19.092072,19.092777,23.909878,27.82387,27.172136,28.303646,25.214447,23.748638,23.894531,17.993687,21.407291,16.316927,19.49921,20.8167,19.375805,17.765995,18.84992,14.558793,18.16459,16.084188,20.530113
32,30.878336,27.625452,24.870243,21.791275,18.828854,17.968208,13.153278,13.029586,8.269133,9.752112,8.949742,10.7578945,14.115626,12.184529,14.625541,11.0839205,15.912196,14.05644,18.66855,19.159386,20.613499,24.987864,25.393522,23.02671,26.989937,26.01524,24.457823,20.962488,15.784713,12.909148,10.414123,8.552261,0.0,6.150157,4.7099013,8.349776,10.833875,8.826452,8.024098,8.077453,5.0505834,8.918457,6.7444677,12.089318,16.13464,17.635506,20.992573,23.998587,25.802149,26.527792,24.043558,27.60279,27.092466,26.233604,22.423532,23.198164,17.96106,18.925041,17.408148,17.693281,14.426488,18.73358,18.387308,19.381672,23.641397,21.797064,25.795155,24.066675,27.456673,24.443478,19.058601,18.240458,13.803452,15.569416,9.282834,10.059649,8.333385,8.519848,10.699184,11.549878,14.0616665,12.81737,13.354661,13.211727,11.135661,15.175923,13.257914,18.574314,19.52397,22.81786,24.376915,23.354933,28.92528,31.332973,30.262022,30.485018,26.463116,26.374939,25.837257,20.197866,24.28899,19.367853,23.364227,25.88383,23.004536,20.745092,20.358406,14.919602,16.971252,13.24116,16.609161
33,34.35395,31.0851,28.598055,24.831161,22.449776,21.113111,16.941149,16.503056,11.403712,13.369358,10.7051,10.015759,12.63372,9.363325,12.104339,8.29951,12.8601055,12.290922,15.677186,17.687819,18.82336,23.128819,23.744452,22.232656,26.976965,26.805601,25.770138,21.934708,17.933733,14.271287,13.31136,9.03487,6.150157,0.0,5.166362,6.43874,8.795854,8.908048,5.8588347,5.930953,8.24034,11.447729,11.316603,15.890691,18.483719,20.549072,23.501389,26.426582,28.057817,29.046696,26.62646,30.281374,30.466032,29.108503,24.636349,24.671545,19.369368,19.165884,17.40781,19.169792,16.319304,21.940186,22.056334,23.973396,28.087593,27.015057,30.949247,29.41454,32.344467,29.519066,24.017439,23.178635,19.078724,20.388203,14.474627,13.543977,10.711378,8.452458,8.392138,7.8964753,9.271891,8.269485,7.487598,8.502597,8.237965,12.425907,12.724486,18.615587,20.556023,24.055716,26.235271,26.28122,31.797417,34.56356,34.27308,34.982616,31.153097,30.306019,29.296164,23.469084,26.706356,21.082405,24.06849,25.624123,22.48024,20.855925,19.189737,15.297554,16.890059,13.477544,17.17628
34,35.191376,32.075817,29.095346,26.058605,23.263016,21.856874,17.547874,16.249214,11.594431,11.964236,8.999555,10.500573,14.28202,12.004842,15.676026,12.535252,17.583576,16.641308,20.539808,21.929825,22.983912,27.463572,27.617554,25.51016,29.920784,29.522474,27.749546,23.94304,19.678192,16.13495,14.615351,11.045867,4.7099013,5.166362,0.0,4.2687182,6.1420546,4.8127728,4.9412007,7.4059787,5.659744,11.263016,10.60373,16.031649,19.141731,21.352995,24.296585,27.581314,29.038565,29.499884,26.688845,29.954227,29.367556,27.778759,23.808598,23.67069,18.61476,18.956934,16.539555,17.048346,14.378137,19.18964,19.990566,21.368874,26.285593,24.848577,28.909592,27.665155,31.27345,28.61123,23.334787,21.946436,17.779812,18.35926,11.779568,11.812885,8.035017,7.666926,8.236529,7.9315376,11.317775,11.479906,12.199591,13.362971,12.814794,16.788404,16.420685,21.961773,23.449757,26.750004,28.596102,27.823793,33.26524,35.94961,34.832012,35.050728,31.073673,31.023613,30.52245,24.845901,28.794592,23.645569,27.315662,29.423481,26.391258,24.393642,23.200285,18.420313,19.91954,15.959253,19.01224
35,37.228218,34.37188,31.097387,28.071684,25.632729,23.445038,19.970608,17.44675,13.12179,12.826323,8.399604,8.896275,12.594025,10.437812,14.991546,12.902681,18.05107,18.17554,21.769464,24.023909,25.260382,29.544462,30.106852,28.460283,33.135044,32.869953,31.445738,27.588064,23.365276,19.801306,18.283892,14.544084,8.349776,6.43874,4.2687182,0.0,4.6369925,6.204071,6.9576244,10.180878,9.853049,15.365377,14.739124,20.11946,23.18704,25.385708,28.353224,31.561274,33.05832,33.608807,30.810589,34.065296,33.524414,31.745451,27.703642,27.19728,22.258814,22.187363,19.416843,20.200134,17.923775,22.815725,24.02831,25.397886,30.48266,28.961695,33.036465,31.746166,35.436935,32.616043,27.318106,26.13082,21.847286,22.558208,15.898406,15.988367,11.828881,10.996042,10.13666,8.124913,11.470662,12.661494,12.074469,14.381008,14.641597,18.806938,18.90563,24.840824,26.457571,29.969038,31.874306,31.359379,36.97426,39.369843,38.571285,38.785522,34.66007,34.59632,33.634113,28.022343,31.670612,26.327536,29.676657,31.645098,28.147682,26.310827,24.138895,19.992928,20.652445,16.565962,19.037195
