,0,1,2,3,4,5,6,7,8,9,10,11,12,13,14,15,16,17,18,19,20,21,22,23,24,25,26,27,28,29,30,31,32,33,34,35,36,37,38,39,40,41,42,43,44,45,46,47,48,49,50,51,52,53,54,55,56,57,58,59,60,61,62,63,64,65,66,67,68,69,70,71,72,73,74,75,76,77,78,79,80,81,82,83,84,85,86,87,88,89,90,91,92,93,94,95,96,97,98,99,100,101,102,103,104,105,106,107,108,109,110,111
0,0.0,4.303312,6.306864,9.540688,11.988899,14.299122,17.457237,21.277151,24.46098,26.86287,31.243547,28.942415,27.230236,26.33264,21.497583,21.529783,16.57486,16.636648,14.405332,13.238862,13.833987,9.500012,13.980204,16.24438,15.787967,18.81367,19.869333,22.381634,19.923862,24.157215,23.112309,28.243279,31.676281,33.819733,37.028038,37.83532,41.598087,41.387314,38.68005,35.561333,36.424507,32.96205,30.692854,29.070051,27.058178,25.554083,21.460615,22.095621,18.147911,19.004587,16.552681,16.76694,16.353077,14.970336,11.080942,14.116519,15.086069,18.668716,20.87527,22.782492,21.143675,26.534065,27.142704,29.142866,33.702805,32.362446,36.274975,34.568405,39.979282,38.166126,33.877537,36.280178,33.534863,37.10632,33.331776,31.276987,33.04546,32.351162,32.548286,35.358368,32.255867,29.27358,28.933773,26.26865,27.214474,22.49877,26.148977,21.609211,23.576801,23.641592,24.280993,26.924114,25.862932,28.425081,29.612099,30.354332,30.628223,31.163324,29.69726,32.581207,30.873867,33.730076,35.84204,38.446712,43.23785,42.092224,39.58838,44.004333,38.464367,41.859722,39.91397,43.059013
1,4.303312,0.0,5.293908,6.4578686,8.638378,12.0179615,14.204532,18.89979,21.393251,24.204988,28.176044,26.119654,24.8945,23.684965,19.128506,18.397604,13.734084,12.967398,11.021472,9.052899,9.949183,6.1875753,10.879185,12.398837,12.743814,15.135911,16.310333,18.403763,15.773577,19.90674,19.09297,24.076103,27.963037,30.030039,33.302505,34.28177,37.880116,37.544567,34.721394,31.494759,32.44092,28.773605,26.678175,24.940763,23.160038,21.672853,17.714117,18.700506,14.896912,16.389936,14.174847,15.318018,15.60414,14.9256315,10.271808,13.603033,13.0270195,16.831867,19.185652,20.350475,18.170135,23.469908,23.691935,25.465101,29.906033,28.361,32.223877,30.358288,35.80453,33.983078,29.638098,31.990463,29.234503,32.875473,29.1834,27.218487,29.177427,28.604187,29.047157,31.9312,29.067425,25.87201,25.42447,22.569593,23.201818,18.550034,21.930403,17.427967,19.417028,19.752348,20.594196,23.435724,22.821808,25.413036,26.426794,26.842754,26.904984,27.308218,25.637375,28.615263,26.771223,29.866497,31.828474,34.652157,39.50137,38.276093,35.67973,40.01001,34.38933,37.85109,35.870155,39.14749
2,6.306864,5.293908,0.0,5.1582947,6.756922,8.355022,11.735058,15.041082,18.506493,20.635456,25.220121,23.047445,21.258205,20.714903,15.852383,16.328545,11.961594,12.234139,11.937888,10.975555,13.428515,10.745978,15.678504,16.220387,16.700983,18.475098,18.246176,20.175482,16.137775,20.548603,18.484419,24.123987,26.343048,28.999382,31.749605,32.499207,36.391506,36.20918,33.90018,31.142689,31.482521,28.744007,25.955013,25.220718,22.388172,21.901611,17.821451,19.329336,15.893434,17.178625,16.142267,15.790071,17.20377,14.931033,10.007148,11.871891,11.297688,15.096671,16.211971,18.386568,16.479942,22.488928,22.52147,25.080767,29.005322,28.421062,32.203793,30.784855,36.158882,35.057713,30.977806,33.554726,30.344019,34.38765,30.029366,28.72717,30.224907,29.025938,29.323908,31.789446,28.651047,25.91687,24.586348,22.377375,23.780245,19.29559,23.489317,19.942873,22.145456,23.242777,24.144123,27.314207,27.136724,29.348528,29.983465,30.05641,29.507744,30.33317,28.385693,31.733328,29.562578,33.26188,34.607338,37.844475,42.814632,41.11655,38.319798,42.10455,36.0556,39.16955,36.66168,39.624237
3,9.540688,6.4578686,5.1582947,0.0,3.7650015,6.0258403,8.826409,13.048126,15.397021,18.511713,22.20608,19.77028,18.564934,17.229252,12.722734,12.061056,7.497976,7.31442,7.0315394,6.715163,9.846949,8.775128,13.700528,13.596328,15.861209,16.527655,16.9143,17.729097,12.709408,16.604048,14.546029,19.643448,22.359573,24.413334,27.6157,28.309088,32.127514,32.084736,29.441206,26.546185,27.534325,24.667543,22.296879,21.886887,19.355236,19.498507,15.866513,18.278145,15.324547,17.604706,16.84454,17.791758,19.607737,18.309456,13.086111,15.167858,12.732244,16.608227,17.560114,18.706501,15.833565,21.750359,20.787472,23.029337,26.31706,25.50505,29.058714,27.097977,32.63468,31.643538,27.333277,29.42828,25.990957,29.66293,25.109325,23.741484,25.091091,23.886454,24.209866,26.749935,23.724045,20.843437,19.708029,17.315304,18.738184,14.203789,18.774704,15.691513,18.478228,20.036453,21.620993,24.847916,25.264492,27.79847,28.348387,27.956486,27.224358,27.452936,25.0174,28.244104,25.463167,29.375452,30.159594,33.464146,38.486046,36.46271,33.61679,37.2024,31.103981,34.108006,31.618952,34.533375
4,11.988899,8.638378,6.756922,3.7650015,0.0,5.267123,5.5776415,10.800806,12.81898,15.720768,19.568277,17.893349,17.048767,16.048609,11.894242,10.959743,7.9845147,6.4454665,8.788852,7.033125,10.925823,10.869957,14.831759,13.487242,15.44297,15.472899,14.730704,15.404463,9.95325,14.184146,11.744565,17.47771,19.820217,22.599163,25.275002,26.286304,29.980705,29.619244,27.27106,24.49784,24.759432,22.04564,19.272867,18.914495,15.992254,16.277868,12.621632,15.305693,12.778593,15.163699,15.252321,15.975403,18.594816,17.243284,12.082766,13.579999,10.06858,13.74063,14.455513,15.223718,12.180437,18.160105,17.100496,19.53436,22.830467,22.29442,25.893797,24.32349,29.733711,28.972374,24.934795,27.446394,23.999144,28.309244,23.81885,23.067415,24.674593,23.431423,24.159855,26.545258,23.82329,20.921947,18.91669,16.666634,17.793629,13.703231,17.68547,15.076575,17.346373,19.356483,20.644033,24.105793,24.891176,26.90747,27.079294,26.41961,25.233698,25.92791,23.501883,27.067593,24.513401,28.816631,29.540543,33.266907,38.281643,36.272095,33.280872,36.612877,30.309923,33.350838,30.567234,33.624653
5,14.299122,12.0179615,8.355022,6.0258403,5.267123,0.0,5.971289,7.3816595,10.777213,13.277408,17.424456,14.754007,12.994539,12.412281,7.619297,8.700186,5.9080877,7.386465,10.152002,10.953014,14.8162365,14.687298,19.300812,18.307043,20.663406,20.598227,19.707434,19.981546,13.587601,17.150423,13.516902,18.930218,19.198792,21.898981,24.375032,24.742695,28.872166,29.057972,27.084475,24.888546,25.17625,23.66441,20.58216,21.7044,18.015137,19.767265,16.516397,19.640339,17.54446,19.720928,20.202127,20.152166,22.98179,20.749601,15.7289095,16.320738,13.302824,16.609505,15.817144,17.532492,14.770706,21.042131,19.405212,22.40968,24.57634,24.987501,28.206785,26.720816,32.02315,32.01084,28.128906,30.301666,26.377842,30.361172,25.109983,24.72635,25.427824,23.457567,23.663353,25.53351,22.356815,20.199835,17.736837,16.433132,18.793009,15.020562,20.18001,18.67303,21.492172,23.851067,25.503618,28.951817,29.912462,32.043564,32.162483,31.307499,29.884047,30.4378,27.688704,31.188978,28.048368,32.56198,32.50362,36.24608,41.292435,38.70888,35.67434,38.43947,31.95603,34.4194,31.300936,33.746426
6,17.457237,14.204532,11.735058,8.826409,5.5776415,5.971289,0.0,6.643611,7.5146694,10.460362,14.115755,13.123786,12.874681,12.229178,9.1462755,8.000471,8.282709,6.4376388,11.497504,10.352956,14.516902,15.764103,18.990612,16.524746,18.884844,17.73995,15.873887,15.473348,8.716745,12.184168,8.225502,14.310149,14.866188,18.45365,20.390125,21.496851,25.196009,24.742012,22.904457,20.624275,20.099514,18.37862,14.987404,16.000957,12.078025,14.148585,11.343064,15.0127945,13.894739,16.445044,17.870674,18.296343,21.844864,20.336903,15.619122,15.978817,11.358047,14.025875,13.314629,13.499465,10.065699,15.876256,13.664736,16.573814,18.642881,19.090063,22.320065,21.131239,26.303705,26.431528,22.85059,25.438938,21.626978,26.368074,21.496447,21.831856,23.138798,21.457209,22.448105,24.31238,21.899092,19.399628,16.056868,14.579293,15.948756,12.970052,16.755602,15.915055,17.972584,20.846498,22.226807,25.820305,27.346195,28.895971,28.549282,27.267046,25.315783,26.223331,23.468805,27.25297,24.430529,29.323904,29.23633,33.456608,38.4208,35.987064,32.81402,35.35125,28.745419,31.39936,28.064722,30.90513
7,21.277151,18.89979,15.041082,13.048126,10.800806,7.3816595,6.643611,0.0,5.321145,6.0945644,10.896038,9.082493,7.402143,8.571231,5.958867,8.231595,10.163535,10.971739,15.727214,16.235203,20.376263,21.258081,25.140472,23.031868,25.391445,24.379393,22.198032,21.722752,14.855021,17.440922,12.662648,17.754602,14.832956,18.725695,19.721718,20.020485,24.186398,24.321905,23.407581,22.191954,21.134108,21.36943,17.534025,20.371048,15.647511,19.192522,16.956484,20.589304,19.845129,21.900335,23.72624,23.122757,26.925617,24.409151,19.987589,19.307173,15.483687,17.494987,14.926981,16.341633,13.873393,19.452436,16.90109,20.465496,20.991676,22.899916,25.509037,24.803633,29.488775,30.644356,27.551134,29.878307,25.707104,30.15988,24.637644,25.624275,25.929539,23.428316,23.898,24.918747,22.189886,20.80596,16.619774,16.661682,19.262787,17.024708,21.568733,21.782633,24.13629,27.228348,28.763355,32.344833,33.97219,35.481293,35.026924,33.600018,31.37287,32.348923,29.421444,33.156376,29.947645,35.0172,34.178673,38.450733,43.37665,40.388313,37.180283,38.95654,32.22534,34.13763,30.35055,32.38995
8,24.46098,21.393251,18.506493,15.397021,12.81898,10.777213,7.5146694,5.321145,0.0,4.8275347,6.8138957,6.0650587,7.152728,7.079287,7.3954163,6.854414,11.185921,10.7105055,16.133898,16.452213,20.412851,22.429108,25.463884,22.625937,25.662539,23.721823,21.601381,20.07868,13.092909,14.312378,9.355998,13.350765,9.512033,13.694275,14.502939,15.107197,19.101976,19.085938,18.120485,17.035099,15.922171,16.59355,12.908762,16.709824,12.1654005,16.852596,15.715887,19.86046,19.972427,22.50354,24.637136,24.881525,28.83991,27.126907,22.721087,22.373009,17.69137,19.3945,17.196636,17.11107,14.064274,18.53449,14.878193,17.902693,17.198662,19.231936,21.337557,20.41437,24.949438,26.52849,23.631582,25.628292,21.330172,25.734861,20.212156,21.86265,22.105562,19.6018,20.489113,21.294518,19.207836,17.843117,12.952503,13.355144,15.600286,14.518698,18.299692,19.758032,21.933105,25.449894,27.211838,30.694208,32.88554,34.26384,33.556335,31.66476,29.107779,29.797342,26.612099,30.224922,26.78976,32.058064,30.635942,35.11276,39.89612,36.70893,33.45334,34.72538,27.97686,29.687124,25.699669,27.73388
9,26.86287,24.204988,20.635456,18.511713,15.720768,13.277408,10.460362,6.0945644,4.8275347,0.0,5.9765234,7.205351,7.4322,9.583584,10.159675,11.31386,15.135481,15.042203,20.414188,20.443398,24.533659,26.112211,29.288452,26.403679,28.7281,26.991482,24.054928,22.947912,16.50126,17.968044,13.121677,17.188501,11.792164,16.7718,16.083279,16.639591,20.435507,20.241758,20.3795,20.052347,17.567446,19.315912,15.091964,19.152004,14.081269,18.807108,17.75193,21.478613,21.88233,23.83865,26.496271,25.837038,30.136673,27.829802,23.928007,22.729109,18.427626,19.374884,16.112497,16.551569,14.460131,18.51914,15.219318,18.801891,17.683817,20.803345,22.701849,22.75109,26.655956,28.74478,26.477816,28.892342,24.788523,29.556755,24.254929,26.319496,26.535198,23.941353,24.812,25.23389,23.24455,22.302042,17.162237,18.011309,20.187082,19.31113,22.724997,24.116997,25.890461,29.374352,30.73566,34.28793,36.41362,37.390247,36.485405,34.620464,31.823689,33.08826,30.150679,33.942383,30.883038,36.21501,34.889023,39.503952,44.215317,41.078266,37.8021,38.815643,32.09579,33.628483,29.45011,31.263512
10,31.243547,28.176044,25.220121,22.20608,19.568277,17.424456,14.115755,10.896038,6.8138957,5.9765234,0.0,5.458621,8.492702,9.466864,12.540787,12.315336,17.439035,17.042162,22.37164,22.784529,26.558323,28.98904,31.623299,28.371763,31.463556,28.998585,26.446949,24.358534,18.059887,17.938093,13.493877,15.247745,7.566502,12.288988,10.584202,10.943797,14.619333,14.672701,15.294209,15.826743,13.324333,16.573832,13.025669,18.453829,14.1167555,19.848328,19.95594,24.000484,25.025835,27.390097,30.098219,30.19703,34.474064,32.764587,28.751772,27.929188,23.180134,24.08275,21.220558,20.651957,18.191391,21.064411,16.83229,19.539272,16.520262,19.920254,20.815325,20.58759,23.965384,26.822098,24.930681,26.602175,22.389727,26.567286,21.248615,24.087498,23.769768,21.0095,22.022875,21.810526,20.560772,20.18831,14.6111355,16.375765,18.406652,18.955965,21.700062,24.483313,26.24858,30.041796,31.762997,35.103584,37.745544,38.73579,37.65931,35.345783,32.3072,33.07214,29.837757,33.29115,29.841576,35.225826,33.01013,37.66512,42.12006,38.584896,35.345352,35.502785,28.946465,29.861227,25.451542,26.786905
11,28.942415,26.119654,23.047445,19.77028,17.893349,14.754007,13.123786,9.082493,6.0650587,7.205351,5.458621,0.0,4.06434,4.2066183,8.257615,8.839856,13.883948,14.712833,19.407764,20.98849,24.701405,26.87064,30.129328,27.552528,31.159245,29.088215,27.384718,25.47461,18.45007,18.742928,14.07313,15.988152,9.7474985,12.416643,12.779915,11.954969,16.406412,17.48652,17.073984,17.10065,16.633162,18.95012,15.967884,20.932858,16.828043,22.1488,21.513445,25.74606,25.969683,28.562996,30.622053,30.877193,34.779503,32.88444,28.389444,27.974312,23.557125,25.241472,22.609592,22.80742,19.988365,24.059584,20.071703,22.852636,20.739214,23.276155,24.555319,23.436825,27.474564,29.790668,27.144903,28.312954,23.787886,27.17406,21.200085,23.251907,22.311794,19.127682,19.406317,19.217564,17.129948,17.092197,11.886082,13.976583,17.155426,17.037363,21.226141,23.69802,26.297451,29.940403,32.128643,35.457962,37.854588,39.465324,38.775272,36.68084,34.0638,34.29814,30.826508,34.09104,30.074348,35.296085,32.93803,37.23913,41.858784,38.05164,34.879093,35.28564,28.697172,29.489004,25.281593,26.301016
12,27.230236,24.8945,21.258205,18.564934,17.048767,12.994539,12.874681,7.402143,7.152728,7.4322,8.492702,4.06434,0.0,3.9798746,6.2797794,9.116635,12.982442,14.822381,19.11704,21.054245,24.895033,26.384974,30.254305,28.1738,31.480722,29.968147,28.278887,26.95004,19.755877,20.905577,16.058876,18.979956,13.580638,16.200169,16.843328,15.877361,20.363337,21.529673,21.09303,20.913208,20.495455,22.38876,19.15264,23.591887,19.180243,24.004686,22.690048,26.734694,26.441307,28.800426,30.652523,30.41913,34.199787,31.793306,27.279371,26.688684,22.835707,24.708462,21.822449,22.90001,20.363602,25.14788,21.696114,24.89749,23.551865,26.04717,27.724224,26.705812,30.958199,32.99427,30.13867,31.535242,27.013,30.458212,24.390324,25.928131,24.992058,21.768993,21.667625,21.65524,18.962246,18.945436,14.329205,16.074572,19.624094,18.621191,23.526054,25.221582,28.047768,31.472494,33.59206,37.012657,39.063335,40.822876,40.313015,38.49955,36.08345,36.463528,33.09281,36.46113,32.499165,37.633503,35.619617,39.782063,44.533733,40.805454,37.656868,38.423046,31.815472,32.745358,28.691582,29.697283
13,26.33264,23.684965,20.714903,17.229252,16.048609,12.412281,12.229178,8.571231,7.079287,9.583584,9.466864,4.2066183,3.9798746,0.0,5.0536985,6.2326417,10.661883,12.477687,16.434399,18.84599,22.41068,24.317663,27.978298,25.969221,29.864496,28.149853,27.129835,25.434053,18.151205,18.849564,14.312705,16.498829,12.1893215,13.649242,15.485671,14.424312,18.983107,20.359127,19.122,18.501911,19.243061,20.537128,17.927906,22.205332,18.388964,23.128057,21.938643,26.169659,25.776964,28.50397,30.002018,30.455515,33.97836,32.076805,27.279854,27.287241,23.171589,25.433,23.218882,23.820604,20.763094,25.548733,21.848314,24.587208,23.31271,25.127075,26.78145,25.096218,29.62637,31.37395,28.17079,29.100134,24.49265,27.412176,21.194399,22.430796,21.286055,18.025126,17.795568,17.959763,15.130006,14.991307,10.584132,12.351342,16.184479,15.2584305,20.442873,22.38344,25.521591,28.93566,31.39188,34.676403,36.815636,38.865086,38.485355,36.617622,34.377262,34.26298,30.714626,33.83476,29.54952,34.561638,32.324894,36.31892,41.06177,37.222527,34.123016,34.94773,28.39601,29.317995,25.425037,26.459843
14,21.497583,19.128506,15.852383,12.722734,11.894242,7.619297,9.1462755,5.958867,7.3954163,10.159675,12.540787,8.257615,6.2797794,5.0536985,0.0,4.911269,6.874316,9.566439,13.18832,15.581098,19.306442,20.454008,24.65416,23.145897,26.611395,25.55086,24.659012,23.690346,16.422709,18.302845,13.824081,17.544401,15.160945,17.151209,19.422333,18.911423,23.36948,24.318012,22.716236,21.374361,22.040138,22.155842,19.260738,22.39006,18.447119,22.186642,20.118973,24.051676,22.964867,25.514668,26.609678,26.819983,30.069315,27.93161,23.03179,23.195292,19.552078,22.227242,20.346436,21.561523,18.577042,24.157015,21.178268,24.168346,24.264666,25.575588,27.919445,26.249163,31.214241,32.263153,28.682463,30.077305,25.627018,28.932215,22.915878,23.366743,22.851627,20.004993,19.784292,20.727406,17.469967,16.478113,13.024934,13.404046,17.000359,14.647777,20.349405,20.943007,24.181015,27.229393,29.488386,32.864655,34.533314,36.718945,36.577534,35.11076,33.204857,33.291977,29.977144,33.25803,29.276617,34.1286,32.694534,36.563976,41.49187,38.06834,34.982304,36.63141,30.043978,31.581007,28.006805,29.58141
15,21.529783,18.397604,16.328545,12.061056,10.959743,8.700186,8.000471,8.231595,6.854414,11.31386,12.315336,8.839856,9.116635,6.2326417,4.911269,0.0,5.5462966,6.3216567,10.574221,12.683958,16.206095,18.358032,21.781765,19.796566,23.903835,22.23937,21.816326,20.191317,12.92996,14.068568,9.985238,13.012458,12.303965,13.671033,16.811504,16.765327,20.925087,21.621468,19.304392,17.359121,18.778028,18.071302,15.777733,18.610506,15.395694,19.078669,17.46339,21.633295,20.821283,23.82758,24.813438,25.953741,29.102957,27.82155,22.818222,23.568624,19.264158,22.022903,20.929361,21.070114,17.507355,22.562609,19.186913,21.51263,21.57373,22.164686,24.44432,22.215603,27.37839,28.13775,24.327467,25.421822,20.967754,24.11823,18.174164,18.519625,18.294003,15.720182,15.937486,17.341131,14.471057,12.692122,9.228538,8.832905,12.139063,9.899374,15.489355,16.52833,19.837,23.048609,25.55685,28.82462,30.788885,33.04263,32.86435,31.195944,29.30389,28.999407,25.522457,28.648499,24.493343,29.373022,27.80126,31.727638,36.642708,33.25859,30.144304,31.892004,25.28158,27.05416,23.593973,25.561913
16,16.57486,13.734084,11.961594,7.497976,7.9845147,5.9080877,8.282709,10.163535,11.185921,15.135481,17.439035,13.883948,12.982442,10.661883,6.874316,5.5462966,0.0,4.538996,6.3637633,9.498395,12.819765,13.952553,18.21628,17.3181,21.23608,20.508953,20.887968,20.119137,13.404483,15.69859,12.521078,16.30128,17.503244,18.608463,22.167952,22.189213,26.265507,26.894506,24.228872,21.779541,23.549175,21.783764,19.676619,21.123985,18.30176,20.54269,17.996561,21.614664,19.787657,22.646502,22.740967,23.934948,26.406515,25.089918,19.882202,21.24435,17.757328,21.16397,20.824312,21.581284,18.154697,23.852057,21.378517,23.67932,25.09497,24.955917,27.783,25.378643,30.854145,30.790962,26.539047,27.765486,23.633617,26.578018,21.037523,20.197432,20.363708,18.316786,18.190573,20.233618,16.925419,14.646264,13.088821,11.535092,14.387962,10.51943,16.605705,15.810511,19.46187,21.974201,24.449942,27.646921,28.95588,31.642365,31.912308,30.78478,29.511131,29.103163,25.894358,28.911959,24.979689,29.368086,28.609726,32.07815,37.10085,34.118565,31.164103,33.775066,27.428728,29.652052,26.769712,28.997623
17,16.636648,12.967398,12.234139,7.31442,6.4454665,7.386465,6.4376388,10.971739,10.7105055,15.042203,17.042162,14.712833,14.822381,12.477687,9.566439,6.3216567,4.538996,0.0,5.659656,6.376678,10.098826,12.281113,15.538335,13.695552,17.783318,16.474062,16.777832,15.666345,9.001399,11.355385,8.737145,12.879016,15.731115,17.19845,20.745155,21.469425,25.123528,25.17135,22.275995,19.365307,20.927975,18.28866,16.346577,16.979939,14.645666,16.349688,13.96185,17.651674,16.092045,19.252506,19.48329,21.311678,23.903967,23.291014,18.19387,19.822977,15.657887,18.92114,19.21902,19.030514,15.274781,20.468336,17.96712,19.807274,21.648525,20.932718,23.931492,21.446247,27.018145,26.59321,22.271185,23.772942,19.84344,23.310097,18.243917,17.457178,18.52242,17.063725,17.717325,20.129282,17.513683,14.502697,12.741412,10.28274,11.823238,7.744889,12.930073,11.855727,15.179866,17.882917,20.23611,23.523647,25.070929,27.525509,27.634556,26.371044,24.997282,24.672964,21.506323,24.689075,21.040592,25.59411,25.188745,28.933943,33.974106,31.330812,28.28889,31.158464,24.75541,27.45733,24.637918,27.463964
18,14.405332,11.021472,11.937888,7.0315394,8.788852,10.152002,11.497504,15.727214,16.133898,20.414188,22.37164,19.407764,19.11704,16.434399,13.18832,10.574221,6.3637633,5.659656,0.0,5.2995505,7.0912437,8.734473,12.536599,12.401797,16.994059,16.504997,18.507463,17.823088,12.662784,14.797949,13.608357,16.598911,20.662842,20.989904,25.256235,25.704662,29.266356,29.589693,26.189623,22.962687,25.559149,22.290792,21.134861,20.96265,19.544886,20.247002,17.645922,20.661152,18.349476,21.41225,20.4615,22.85005,24.399857,24.215752,19.090685,21.587961,18.389318,22.071163,23.117498,23.213848,19.635881,24.792702,22.810678,24.231092,26.592579,25.139326,28.189377,25.185158,30.846138,29.744646,25.028528,25.962221,22.399,24.783607,20.143053,18.031668,19.005455,18.046713,18.146622,21.03434,18.16206,14.929937,15.254189,12.29129,13.617783,8.861882,14.132734,11.666515,15.597082,17.32745,20.055243,22.907978,23.864986,27.08808,27.78598,26.989569,26.424942,25.399677,22.388567,24.959423,21.194475,24.911373,24.903856,27.85896,32.87508,30.438036,27.69301,31.22515,25.365282,28.212439,26.14109,28.924917
19,13.238862,9.052899,10.975555,6.715163,7.033125,10.953014,10.352956,16.235203,16.452213,20.443398,22.784529,20.98849,21.054245,18.84599,15.581098,12.683958,9.498395,6.376678,5.2995505,0.0,4.180731,6.5254984,9.207954,7.8778543,12.049004,11.453315,13.284783,13.023299,8.956513,11.931707,11.728118,15.547458,20.67813,21.94452,25.687933,26.84497,30.059635,29.689621,26.411219,22.91884,24.652807,20.604094,19.290157,17.807795,16.792412,16.177483,13.2828245,15.79088,13.31147,16.435053,15.394423,18.273178,19.838886,20.286272,15.402992,18.186535,14.716516,18.237137,20.108154,19.562548,16.051708,20.726503,19.350924,20.425474,23.792833,21.808245,25.253933,22.595552,28.219378,26.587461,21.944988,23.657711,20.591011,23.9453,20.140148,18.262627,20.39181,20.033506,20.92462,23.94359,21.664623,18.063848,17.678406,14.35946,14.301849,9.78339,12.954556,9.089773,12.010773,13.563171,15.646946,18.775152,19.649313,22.46135,23.029224,22.367222,21.815233,21.338486,18.732784,21.71454,18.865835,22.662888,23.655308,26.939882,31.93818,30.18698,27.374918,31.314863,25.471775,28.905176,26.862629,30.27446
20,13.833987,9.949183,13.428515,9.846949,10.925823,14.8162365,14.516902,20.376263,20.412851,24.533659,26.558323,24.701405,24.895033,22.41068,19.306442,16.206095,12.819765,10.098826,7.0912437,4.180731,0.0,4.7731833,5.7382817,5.749029,10.718365,10.469972,14.035064,13.820044,11.666255,13.838736,14.83773,17.559978,23.755415,24.341408,28.46124,29.64895,32.598682,32.2191,28.573055,24.80274,27.151503,22.50315,21.917482,19.709675,19.665686,18.29391,15.719462,17.57089,14.954086,17.95381,16.056059,19.727505,20.40296,21.683853,17.188051,20.540003,17.614693,21.060604,23.521254,22.734621,19.356016,23.442959,22.339985,22.814215,26.434217,23.74829,27.11393,24.072567,29.612576,27.357567,22.526213,23.802267,21.261639,23.874262,20.818123,18.118677,20.550085,20.838411,21.691946,25.01254,22.97116,19.16202,19.855755,16.206661,15.492707,11.169468,13.231611,8.2583885,11.093407,11.555571,13.893559,16.52139,16.990997,20.404009,21.420317,21.087772,21.243053,20.110216,17.755596,20.142496,17.48877,20.484486,22.06468,24.767336,29.659277,28.331266,25.775,30.2893,25.006933,28.69137,27.28045,30.844618
21,9.500012,6.1875753,10.745978,8.775128,10.869957,14.687298,15.764103,21.258081,22.429108,26.112211,28.98904,26.87064,26.384974,24.317663,20.454008,18.358032,13.952553,12.281113,8.734473,6.5254984,4.7731833,0.0,5.627764,8.133643,10.654226,12.305605,15.486874,16.562843,14.6637335,17.743505,18.13305,21.755344,27.197317,28.230812,32.16487,33.216618,36.454704,36.14545,32.72428,29.102074,31.05544,26.663073,25.558464,23.34372,22.730219,21.033318,17.774046,19.007566,15.6196785,17.928911,15.350184,18.347986,18.32398,19.213606,14.829789,18.497976,16.786875,20.451857,23.135592,23.15687,20.29217,24.866695,24.477055,25.39476,29.56189,27.159637,30.783676,28.145634,33.66075,31.368578,26.674038,28.314299,25.83897,28.641916,25.485626,22.817656,25.018476,25.056734,25.594826,28.82441,26.362455,22.793083,23.388226,19.993217,19.882486,15.313307,17.954245,12.932042,15.239567,15.106007,16.654057,19.13011,18.671711,22.020546,23.324038,23.608944,24.090384,23.471083,21.62014,24.031528,21.914333,24.525059,26.56168,28.9762,33.75588,32.67197,30.250723,34.909767,29.727507,33.356228,31.92661,35.35926
22,13.980204,10.879185,15.678504,13.700528,14.831759,19.300812,18.990612,25.140472,25.463884,29.288452,31.623299,30.129328,30.254305,27.978298,24.65416,21.781765,18.21628,15.538335,12.536599,9.207954,5.7382817,5.627764,0.0,4.9048147,7.494312,8.96158,13.754737,14.637686,15.153179,17.386341,19.265173,21.923086,28.702526,29.470665,33.432106,34.891556,37.594963,36.904675,33.234867,29.307858,31.401077,26.200638,25.827717,22.485828,23.114609,20.348911,17.733723,18.223396,15.225478,17.536968,14.487414,18.782831,18.165758,20.548378,16.994816,20.901388,18.977823,22.121359,25.50862,24.55239,21.718868,25.068968,24.923468,24.910414,29.431702,26.129417,29.660267,26.83517,32.070396,29.022495,24.360725,25.879522,24.234413,26.782724,24.840683,21.849825,24.814476,25.671585,26.672411,30.119741,28.31919,24.42906,25.392725,21.643862,20.3401,16.438168,16.990252,11.260382,12.334959,10.937539,12.141926,14.0735035,13.257468,16.937305,18.544325,19.104864,20.242613,19.199545,17.88918,19.820747,18.551867,20.366314,23.382404,25.473043,30.002478,29.689636,27.487528,32.647213,28.069532,32.11492,31.227087,35.072895
23,16.24438,12.398837,16.220387,13.596328,13.487242,18.307043,16.524746,23.031868,22.625937,26.403679,28.371763,27.552528,28.1738,25.969221,23.145897,19.796566,17.3181,13.695552,12.401797,7.8778543,5.749029,8.133643,4.9048147,0.0,6.05832,4.959507,9.731269,9.853914,10.993528,12.925818,15.376878,17.921282,24.992722,26.11115,29.708706,31.50699,33.94567,32.92439,29.395391,25.466402,27.108164,21.730898,21.390112,17.684866,18.651293,15.651965,13.44364,14.145695,11.801397,14.65453,12.494717,17.19537,17.584375,20.09268,16.482294,19.941364,16.957846,19.734444,23.032024,21.315786,18.257269,21.011211,20.603662,20.2557,24.72867,21.261719,24.791262,22.075287,27.265448,24.261978,19.664413,21.574621,19.95852,23.216282,21.444872,19.049097,22.456917,23.368593,24.874622,28.207977,26.789845,22.804693,23.044706,19.304571,17.42654,14.029603,13.494732,7.7990303,8.031702,7.4008136,8.60618,11.427705,11.814232,14.813135,15.754342,15.6311655,16.09574,15.363604,13.76493,16.354704,15.181012,17.861204,20.716902,23.585072,28.236868,27.798159,25.308926,30.151478,25.220545,29.387304,28.181574,32.26322
24,15.787967,12.743814,16.700983,15.861209,15.44297,20.663406,18.884844,25.391445,25.662539,28.7281,31.463556,31.159245,31.480722,29.864496,26.611395,23.903835,21.23608,17.783318,16.994059,12.049004,10.718365,10.654226,7.494312,6.05832,0.0,4.5907593,7.955219,10.598758,13.812035,16.560532,18.837124,22.282003,28.807655,30.814304,33.798912,35.862846,38.276497,36.88859,33.77735,29.996632,30.613058,25.285805,24.400728,19.984678,20.753836,16.466883,13.801336,12.647617,9.67218,11.214152,7.858358,12.958706,12.351459,15.864042,13.516963,17.133808,15.295792,17.476925,21.662397,19.973127,17.876701,19.953077,20.977179,20.607775,26.197882,22.75362,26.59888,24.79688,29.542458,26.211754,22.232088,25.03923,24.003344,27.948208,26.641642,24.64612,28.254906,29.128054,30.736599,33.98505,32.49442,28.568647,28.286371,24.712137,22.911062,19.576216,18.819063,13.415817,12.252825,10.846485,9.564602,12.022881,11.001215,12.7971525,13.8243885,14.767906,15.688249,16.423094,16.178663,18.907299,19.33733,21.48191,25.27709,28.045027,32.35601,32.61444,30.260271,35.21698,30.489481,34.78931,33.528515,37.754234
25,18.81367,15.135911,18.475098,16.527655,15.472899,20.598227,17.73995,24.379393,23.721823,26.991482,28.998585,29.088215,29.968147,28.149853,25.55086,22.23937,20.508953,16.474062,16.504997,11.453315,10.469972,12.305605,8.96158,4.959507,4.5907593,0.0,5.804091,6.6632895,10.943432,12.759715,15.830024,18.50015,25.542408,27.369493,30.266155,32.52811,34.607346,33.04958,29.874178,26.042267,26.701132,21.10996,20.6511,15.914494,17.407305,13.066961,11.262099,10.685173,8.953366,11.469598,9.657684,14.885581,15.449229,18.708847,16.020508,19.11608,16.035145,17.965921,21.73513,19.23751,16.642094,18.053429,18.362803,17.413816,22.616428,18.780409,22.459055,20.40832,25.136005,21.747612,17.669867,20.468277,19.547722,23.661263,22.679962,20.98488,24.85943,25.929277,27.87037,31.043625,29.982565,26.018005,25.557236,21.98739,19.619238,16.945978,15.083707,10.14289,8.081211,7.216776,6.0287127,9.306655,9.877048,11.446124,11.825177,11.742754,12.029958,12.510519,11.827854,14.928235,15.272904,17.947674,21.46053,24.664536,29.026983,29.124023,26.627111,31.334616,26.533966,30.872772,29.563032,33.91323
26,19.869333,16.310333,18.246176,16.9143,14.730704,19.707434,15.873887,22.198032,21.601381,24.054928,26.446949,27.384718,28.278887,27.129835,24.659012,21.816326,20.887968,16.777832,18.507463,13.284783,14.035064,15.486874,13.754737,9.731269,7.955219,5.804091,0.0,4.55003,9.437405,12.001961,14.29881,18.05303,23.78245,26.801517,28.727901,31.266542,33.325134,31.398424,28.931442,25.526602,24.734009,19.745472,18.295885,13.49287,14.159063,9.041292,6.843705,4.973727,4.022945,6.6072655,6.9695535,11.325903,13.368781,16.068222,13.870286,15.95036,12.3269615,13.32486,17.096388,13.987569,11.855978,12.463067,13.533715,12.807973,18.765583,15.541931,19.561558,18.691252,23.10644,20.294773,16.980827,20.906063,19.813656,25.137407,23.82908,23.236912,26.98719,27.569544,29.70724,32.51526,31.438684,27.720224,26.066866,22.978743,20.907848,18.578331,16.959164,13.317899,11.12638,11.749085,10.058846,13.381269,14.341414,14.229731,13.552001,13.025211,11.855539,14.29555,13.786683,17.651817,18.271687,21.717152,24.686718,28.526468,32.85145,32.70053,29.971413,34.02123,28.764349,32.892353,30.933567,35.227436
27,22.381634,18.403763,20.175482,17.729097,15.404463,19.981546,15.473348,21.722752,20.07868,22.947912,24.358534,25.47461,26.95004,25.434053,23.690346,20.191317,20.119137,15.666345,17.823088,13.023299,13.820044,16.562843,14.637686,9.853914,10.598758,6.6632895,4.55003,0.0,7.325307,8.228254,11.601292,14.164984,20.631048,23.195372,25.221388,27.882309,29.618614,27.628096,24.944122,21.423887,20.969526,15.580112,14.776306,9.607776,11.392852,6.5860906,6.2148113,6.586447,7.533107,10.606219,11.480255,15.589532,17.889912,20.297798,17.568888,19.47924,15.083224,16.18191,19.114647,15.57781,12.717557,12.904747,12.4404,10.953498,16.010574,12.185519,16.001497,14.493442,19.15203,16.344814,12.649734,16.439007,15.272438,20.68447,19.589888,19.282055,23.165117,23.931017,26.322302,29.048113,28.39513,24.688358,23.036087,19.97271,17.36522,15.812384,13.14996,10.512465,7.8525176,9.589368,8.774055,12.236242,14.4144945,14.55793,13.548093,11.922468,9.952809,11.63213,10.236694,14.387183,14.4910555,18.495852,20.842768,25.01761,29.371778,28.923336,26.085554,29.821291,24.500921,28.59142,26.6124,30.96994
28,19.923862,15.773577,16.137775,12.709408,9.95325,13.587601,8.716745,14.855021,13.092909,16.50126,18.059887,18.45007,19.755877,18.151205,16.422709,12.92996,13.404483,9.001399,12.662784,8.956513,11.666255,14.6637335,15.153179,10.993528,13.812035,10.943432,9.437405,7.325307,0.0,4.787958,5.1129274,9.951112,15.076261,17.891647,20.249575,22.384878,24.936607,23.606754,20.956888,17.672136,17.56678,13.367212,11.375724,9.291091,8.117358,7.5961237,5.779453,9.67622,9.598422,13.132839,14.394105,17.084799,20.18162,20.854162,16.784441,18.25471,13.108181,15.157254,16.568455,14.14578,10.211089,13.30142,11.026093,11.6707,14.935409,13.031102,16.631989,14.726338,20.166529,19.039911,15.02825,17.953724,14.916163,20.179184,16.875765,16.94425,19.776764,19.47504,21.462173,23.935167,22.678549,19.26172,16.872034,14.137851,12.8168955,10.629108,10.786909,9.434673,9.973435,13.106072,14.25397,17.824617,19.955124,21.17229,20.560564,18.89143,16.845213,17.545336,14.843548,18.7729,16.6192,21.498463,22.128416,26.533886,31.3335,29.626556,26.4972,29.569029,23.347006,26.81276,24.070469,27.862791
29,24.157215,19.90674,20.548603,16.604048,14.184146,17.150423,12.184168,17.440922,14.312378,17.968044,17.938093,18.742928,20.905577,18.849564,18.302845,14.068568,15.69859,11.355385,14.797949,11.931707,13.838736,17.743505,17.386341,12.925818,16.560532,12.759715,12.001961,8.228254,4.787958,0.0,4.9640784,6.0623584,13.080675,15.017226,17.534792,19.958332,21.880003,20.352764,17.304104,13.716473,14.229439,9.170526,8.560725,6.309686,7.2768226,7.8411126,8.605197,12.257667,13.259252,16.752829,18.096872,21.25603,24.229372,25.350735,21.46801,22.933083,17.711609,19.373985,20.528185,17.549564,13.714853,15.306056,12.107653,11.539375,13.260042,10.641199,13.572456,10.692295,16.32687,15.291795,11.033623,13.430436,10.147249,15.568731,12.621203,13.252813,16.385265,16.496359,18.975618,21.346237,20.868559,17.458204,15.185167,12.499139,9.976415,9.569887,7.4494214,8.452122,8.557174,12.378375,14.046516,17.23043,20.14938,21.287683,20.41035,18.080723,15.668473,15.592841,12.302685,16.003014,13.323149,18.582302,18.410685,23.121386,27.792387,25.860643,22.659597,25.300446,19.073687,22.530373,19.79106,23.781084
30,23.112309,19.09297,18.484419,14.546029,11.744565,13.516902,8.225502,12.662648,9.355998,13.121677,13.493877,14.07313,16.058876,14.312705,13.824081,9.985238,12.521078,8.737145,13.608357,11.728118,14.83773,18.13305,19.265173,15.376878,18.837124,15.830024,14.29881,11.601292,5.1129274,4.9640784,0.0,6.4780526,10.014753,13.098052,15.275648,17.31083,20.025198,18.918362,16.434097,13.527798,13.359944,10.360726,7.823279,8.763307,6.2607307,9.492011,9.174426,13.54839,14.173633,17.46983,19.23552,21.306824,24.793417,24.848377,20.604816,21.475746,16.121092,17.929857,18.011244,15.82093,11.848424,14.87207,11.118002,12.236952,13.101389,12.496109,15.286773,13.244472,18.63586,18.784945,15.122682,17.40784,13.505575,18.643877,14.307938,15.451491,17.449598,16.451187,18.459108,20.398806,19.29407,16.371456,12.914332,10.9899645,10.311086,9.378529,10.3904,11.630165,12.936626,16.62853,18.336082,21.709124,24.276228,25.526976,24.727999,22.616001,20.12814,20.472218,17.258898,20.936232,17.898314,23.18559,22.47037,27.117924,31.880281,29.412025,26.148413,28.267168,21.679195,24.496397,21.14432,24.497843
31,28.243279,24.076103,24.123987,19.643448,17.47771,18.930218,14.310149,17.754602,13.350765,17.188501,15.247745,15.988152,18.979956,16.498829,17.544401,13.012458,16.30128,12.879016,16.598911,15.547458,17.559978,21.755344,21.923086,17.921282,22.282003,18.50015,18.05303,14.164984,9.951112,6.0623584,6.4780526,0.0,8.7316885,9.21236,12.217793,14.50005,16.206327,15.056243,11.535798,7.849102,9.878431,5.909248,6.6729393,8.518337,9.03077,12.460873,13.906347,17.844795,19.075825,22.49943,24.038214,26.865347,30.043835,30.734068,26.574177,27.738216,22.389227,24.03852,24.224438,21.54784,17.730225,19.30574,15.0884905,14.744976,13.581971,12.224922,13.544739,9.967724,15.227219,15.718229,12.0162,12.658537,8.150345,12.629468,8.1600685,10.446969,12.44058,11.95921,14.675316,16.42943,16.580416,13.760739,10.847311,9.143821,6.6316533,8.932362,7.308383,11.613282,12.758631,16.675545,19.00773,21.759825,25.01872,26.367638,25.441158,22.761562,20.184391,19.373945,15.649252,18.53453,14.676852,20.039526,17.948013,22.746588,27.252935,24.31031,21.014057,22.351007,15.732687,18.317764,14.872205,18.436161
32,31.676281,27.963037,26.343048,22.359573,19.820217,19.198792,14.866188,14.832956,9.512033,11.792164,7.566502,9.7474985,13.580638,12.1893215,15.160945,12.303965,17.503244,15.731115,20.662842,20.67813,23.755415,27.197317,28.702526,24.992722,28.807655,25.542408,23.78245,20.631048,15.076261,13.080675,10.014753,8.7316885,0.0,6.0794773,5.6089582,7.7146435,10.547431,9.914915,8.768911,8.391133,7.0602307,9.701945,7.57892,13.429778,10.857614,16.658321,17.855425,22.063204,23.519339,26.453411,28.841553,30.259262,34.1915,33.642216,29.4935,29.552946,24.247154,25.405882,23.855158,21.960674,18.728384,20.618027,15.802029,16.988234,13.40313,15.409312,15.7953005,14.340671,18.011768,20.685392,18.564499,19.48904,15.195279,19.08301,14.02796,17.387928,17.41214,15.23338,17.062817,17.180458,17.008444,15.984559,10.73374,11.961351,12.570307,14.58365,15.682926,19.619488,21.098091,25.030907,27.05724,30.060995,33.16187,34.214977,33.074787,30.406012,27.373367,27.41208,23.938202,26.98468,23.306343,28.629854,25.957289,30.663769,34.934975,31.403193,28.175638,28.160473,21.664154,22.730618,18.35735,20.259932
33,33.819733,30.030039,28.999382,24.413334,22.599163,21.898981,18.45365,18.725695,13.694275,16.7718,12.288988,12.416643,16.200169,13.649242,17.151209,13.671033,18.608463,17.19845,20.989904,21.94452,24.341408,28.230812,29.470665,26.11115,30.814304,27.369493,26.801517,23.195372,17.891647,15.017226,13.098052,9.21236,6.0794773,0.0,5.548174,6.053505,8.425187,9.304345,6.0421576,5.493262,9.042569,10.953552,11.385903,16.373669,15.348344,20.481705,21.780804,26.010382,27.181507,30.453032,32.25724,34.35563,37.870052,37.702408,33.237995,33.862732,28.610186,30.24949,29.126284,27.274572,23.730936,25.76296,20.996664,21.52621,18.000202,18.853596,18.707321,15.961441,19.47844,21.90297,19.436457,18.747572,14.345482,16.094225,10.504598,13.993977,12.782034,10.292978,12.048876,11.634709,12.384651,11.931283,7.515582,9.577819,10.200435,13.599459,14.566792,19.520054,21.542099,25.352306,28.038143,30.641603,33.91084,35.4844,34.581486,31.805552,29.127113,28.108456,24.301191,26.583431,22.100489,27.048372,23.318552,27.604515,31.669485,27.530619,24.448696,23.75812,17.4597,17.737083,13.287825,14.574054
34,37.028038,33.302505,31.749605,27.6157,25.275002,24.375032,20.390125,19.721718,14.502939,16.083279,10.584202,12.779915,16.843328,15.485671,19.422333,16.811504,22.167952,20.745155,25.256235,25.687933,28.46124,32.16487,33.432106,29.708706,33.798912,30.266155,28.727901,25.221388,20.249575,17.534792,15.275648,12.217793,5.6089582,5.548174,0.0,3.6319063,4.967599,4.9136047,5.067082,7.4598236,6.639856,11.58919,11.172352,17.06652,15.502552,21.175076,22.956102,27.013021,28.766228,31.699951,34.140953,35.700317,39.63488,39.19912,35.092888,35.119724,29.805235,30.807352,29.094471,27.07363,24.03442,25.242239,20.348566,21.002459,16.147087,18.362589,17.49007,16.067808,18.399216,21.954206,20.616089,20.54285,16.60174,19.181606,14.648604,18.741552,17.924116,15.700287,17.435781,16.531622,17.406801,17.378992,12.584669,14.765961,15.218034,18.353552,18.787205,23.582983,24.959034,28.869764,31.053545,33.75231,37.13299,38.12881,36.868523,33.939106,30.80618,30.474274,26.957775,29.4881,25.647282,30.704817,27.13747,31.65572,35.46498,31.530033,28.481197,27.260489,21.313318,21.30944,16.753672,17.649206
35,37.83532,34.28177,32.499207,28.309088,26.286304,24.742695,21.496851,20.020485,15.107197,16.639591,10.943797,11.954969,15.877361,14.424312,18.911423,16.765327,22.189213,21.469425,25.704662,26.84497,29.64895,33.216618,34.891556,31.50699,35.862846,32.52811,31.266542,27.882309,22.384878,19.958332,17.31083,14.50005,7.7146435,6.053505,3.6319063,0.0,4.584283,6.942137,7.1505847,9.68783,10.255902,14.820343,14.383934,20.249254,18.403152,24.141766,25.532925,29.734459,31.161612,34.14922,36.421623,37.866726,41.753666,41.052685,36.733986,36.76485,31.598886,32.842377,30.892963,29.348642,26.272797,28.072966,23.21865,24.205448,19.579653,21.828526,21.100092,19.486223,21.916363,25.378445,23.805529,23.389776,19.306822,21.122763,16.133804,19.889181,18.262108,15.5116005,16.616238,15.107272,15.821532,16.59756,11.892417,14.859505,16.181084,19.186476,20.518122,25.306845,27.178955,31.057995,33.50602,36.218067,39.504055,40.80156,39.70501,36.856895,33.876484,33.316925,29.660854,32.06718,27.851429,32.80956,28.93456,33.197784,37.009007,32.730713,29.765923,28.296997,22.471836,21.939276,17.414507,17.471914
