,0,1,2,3,4,5,6,7,8,9,10,11,12,13,14,15,16,17,18,19,20,21,22,23,24,25,26,27,28,29,30,31,32,33,34,35,36,37,38,39,40,41,42,43,44,45,46,47,48,49,50,51,52,53,54,55,56,57,58,59,60,61,62,63,64,65,66,67,68,69,70,71,72,73,74,75,76,77,78,79,80,81,82,83,84,85,86,87,88,89,90,91,92,93,94,95,96,97,98,99,100,101,102,103,104,105,106,107,108,109,110
0,0.0,4.1332617,7.0066347,9.836899,12.481622,13.890067,17.249596,20.04879,22.773476,25.487303,28.612158,31.425938,33.790405,34.21993,37.87215,33.184795,36.76077,34.129543,40.594833,38.112774,42.188168,44.96363,45.33023,40.99719,39.34195,39.867584,35.66832,37.192318,33.291985,36.98564,30.314713,34.988544,31.9592,31.299574,28.84262,26.809704,23.669216,25.217102,24.973164,22.841438,19.963585,23.789167,23.106716,18.110691,18.662132,23.3831,21.395279,15.618335,18.526821,17.33099,22.786686,23.084232,25.52649,26.18816,28.995327,31.912525,28.855211,33.147144,34.699146,29.639557,30.66317,36.34714,37.172283,36.212826,33.32546,34.526028,40.164043,40.910065,37.589123,41.523453,37.450108,37.950813,32.21782,33.802994,30.092945,31.222391,28.45249,25.842707,23.49379,23.299826,21.10382,19.220493,20.660416,23.771282,26.585688,30.12037,31.050158,34.550823,37.54508,39.983223,43.721558,45.564087,47.76307,46.418205,45.285076,44.55961,39.634888,38.872334,35.625793,33.11341,29.730032,29.563047,26.644909,24.47256,26.26793,27.931692,29.902222,29.69613,33.516804,34.380524,38.758854
1,4.1332617,0.0,4.612833,7.2590394,9.29609,11.944845,14.277677,17.531593,20.274616,22.83606,26.209162,28.718367,31.20289,31.445734,35.46888,30.737675,34.28397,31.810963,38.12694,35.984333,39.94424,42.883404,43.49493,39.084995,37.613712,37.93174,34.036633,35.432266,31.596006,35.287437,28.717255,33.53584,30.04029,30.053404,27.62975,25.042349,22.129148,24.490925,23.887884,21.267914,19.161728,23.486523,22.114725,17.132849,18.762115,23.335714,20.602232,15.58117,19.338703,18.414988,23.484854,23.531107,26.72875,27.243185,29.527252,31.926817,28.500376,32.639324,34.825176,29.96993,30.182474,36.039345,37.199886,36.453407,33.143684,33.83139,39.43692,39.8262,36.21982,39.838173,35.448505,35.46667,29.71322,30.802599,27.120647,27.81503,25.05595,22.861109,20.145405,20.662666,18.279171,16.862364,18.5279,22.014635,24.697947,28.904549,29.35438,33.460037,36.214493,38.863308,42.469242,44.240704,46.71445,45.545002,44.23349,43.453342,38.67309,37.409138,34.38946,31.382149,27.974573,27.336622,24.387007,22.14402,23.370712,25.16439,26.524477,26.804495,30.323652,31.330662,35.62401
2,7.0066347,4.612833,0.0,5.4926543,6.435313,7.7176867,11.127132,13.329715,16.49537,18.743832,22.15838,24.747545,27.344053,27.910633,32.20659,27.851389,31.704824,29.68584,36.106613,34.49133,38.67681,41.67664,42.90432,37.99021,36.307545,36.26989,32.15319,33.07147,29.014782,32.34004,25.584068,29.853518,25.986975,25.910295,23.933098,21.439236,18.212154,20.84747,20.799341,18.216211,15.824499,21.025719,19.918072,14.992382,16.614908,22.054934,19.615767,14.8557625,18.925182,17.284843,21.957476,23.284437,26.100004,25.922499,28.356756,30.545319,26.731764,30.721016,33.05012,27.840292,27.61646,33.56967,34.589073,33.639523,29.9947,30.60247,36.077282,36.293594,32.968487,36.442875,31.93375,32.186424,26.555891,27.757465,24.46866,25.419064,23.05167,21.08927,19.277695,19.911,18.339212,17.788815,18.450907,21.784937,23.70614,28.223194,27.981195,32.205933,34.703663,37.145645,40.776817,42.216724,44.96167,44.056107,42.907967,42.563026,37.657383,36.315548,33.78818,30.56516,27.886236,26.627373,24.473255,22.697985,23.492146,24.79935,25.536062,25.397142,28.716812,29.143766,33.604736
3,9.836899,7.2590394,5.4926543,0.0,3.7009099,6.8090854,7.7658153,12.051588,13.719812,17.057257,19.920444,22.613497,24.701588,24.74705,28.341991,23.5451,27.115097,24.711628,31.126709,29.196789,33.338413,36.303368,37.42012,32.575905,30.958544,31.038218,27.06382,28.262482,24.39993,28.075321,21.59237,26.69824,23.518219,23.925655,21.02561,18.122873,15.685491,18.387354,17.113918,14.211173,12.989599,17.379997,15.4121475,10.606744,13.420833,17.779934,14.647366,10.799112,15.45099,14.66956,18.71905,19.127808,22.824486,22.848768,24.463139,26.191868,22.329348,26.237833,29.006975,24.40818,23.731125,29.669092,31.157318,30.716484,27.08268,27.262594,32.83365,33.04376,29.17857,32.72147,28.364826,28.380283,22.598478,24.043966,20.256731,21.560268,18.856512,16.226934,14.633034,14.57153,13.277958,12.905791,13.038235,16.32429,18.25195,22.867977,22.652828,27.023603,29.520525,32.13694,35.69684,37.292934,39.98842,39.037193,37.743458,37.24685,32.44029,30.951982,28.397135,25.102737,22.420952,21.170008,19.109694,17.534466,18.507221,19.585733,20.936998,20.34082,24.0232,24.613056,29.05767
4,12.481622,9.29609,6.435313,3.7009099,0.0,5.494954,5.016903,9.19083,11.285712,14.070763,17.339846,19.695559,22.070705,22.174156,26.458462,21.926382,25.665941,23.776754,30.030853,28.79197,32.89009,36.017014,37.64843,32.551315,31.018787,30.703426,26.949957,27.705677,23.816946,27.17598,20.752205,25.473526,21.51179,22.506157,20.109282,16.777885,14.381422,18.027075,16.94895,13.6983385,13.123091,18.315285,16.085245,11.744559,15.088302,19.594894,16.291489,13.459945,18.254866,17.270077,20.751041,21.648073,25.371984,24.99209,26.397476,27.669912,23.463787,27.058361,30.266335,25.686571,24.22363,30.211395,31.79444,31.343565,27.279364,27.035753,32.398888,32.194344,28.347145,31.455994,26.71831,26.388697,20.69799,21.586582,18.150414,19.027023,16.635445,14.823592,13.379201,14.415586,13.438835,14.082347,13.997447,17.369316,18.65732,23.896616,22.87998,27.7464,29.849005,32.48233,35.897545,37.227505,40.270905,39.607464,38.276623,37.958565,33.278744,31.362007,29.293152,25.53183,23.253658,21.26208,19.637375,18.263388,18.327845,19.284163,19.440516,19.248953,22.36427,22.748484,27.187729
5,13.890067,11.944845,7.7176867,6.8090854,5.494954,0.0,6.219753,6.5098934,9.359953,11.884344,14.795991,17.776009,20.135569,21.00804,25.168356,21.308872,25.484442,24.075512,30.547625,29.624664,34.082848,37.06372,39.164665,33.592297,31.602295,31.062958,26.69565,26.92394,22.658863,25.459948,18.602047,22.309084,18.303968,18.291765,16.500717,14.010285,10.595091,13.837814,14.159251,11.624915,9.41182,15.675742,14.707926,10.566781,12.58829,18.485394,16.49169,13.308788,17.542614,15.402381,18.540026,21.40245,23.886715,22.70406,24.787054,26.276897,21.935566,25.466782,28.204391,22.911478,21.637903,27.609858,28.646568,27.68461,23.50817,23.69691,28.965628,28.904943,25.776321,29.07014,24.524319,25.177967,19.757433,21.496555,18.725723,20.532667,18.805279,16.870848,17.125566,17.307827,17.446074,18.217102,17.0075,19.61771,20.09544,24.805233,23.465189,27.716116,29.725111,31.824787,35.40227,36.361523,39.457275,38.954933,38.03192,38.327545,33.368347,31.91761,30.243069,26.826008,25.49255,23.374586,22.732546,21.938803,22.226475,22.502504,22.674566,21.395906,24.499828,23.924347,28.565933
6,17.249596,14.277677,11.127132,7.7658153,5.016903,6.219753,0.0,6.1548514,6.6567845,9.944591,12.806367,15.106923,17.239103,17.193596,21.503357,17.116404,20.989162,19.539179,25.713116,25.081366,29.249617,32.430805,34.693893,29.21041,27.619255,26.891945,23.247433,23.537458,19.6644,22.740799,16.536644,21.169088,17.064949,18.794899,16.35501,12.50382,10.822433,15.239851,13.738232,10.175945,11.160166,16.342617,13.649963,10.477706,14.538036,18.475039,15.148206,14.14026,18.872427,17.97571,20.183535,21.521547,25.298227,24.43279,25.228214,25.74989,21.225412,24.308918,28.065247,23.850603,21.336048,27.217243,29.047726,28.824434,24.410172,23.52825,28.637486,28.066206,24.06994,26.835714,21.92883,21.40619,15.757979,16.659855,13.404711,14.686473,12.690643,11.113199,11.297765,12.348634,12.779017,14.652975,13.26174,16.048235,16.15594,21.760096,19.772932,24.940077,26.563345,29.106436,32.358303,33.386703,36.740364,36.393127,35.089836,35.092655,30.54,28.295094,26.90358,22.817446,21.474573,18.678774,18.191114,17.585836,16.97857,17.152706,16.5643,15.73899,18.535412,18.322426,22.865665
7,20.04879,17.531593,13.329715,12.051588,9.19083,6.5098934,6.1548514,0.0,4.7813787,5.479633,9.033384,11.531693,14.305975,15.457129,20.64418,17.623444,21.995695,21.692764,27.64015,27.985237,32.301994,35.414543,38.42619,32.47954,30.597275,29.363714,25.45367,24.797789,20.671368,22.649672,16.31286,18.968342,13.564974,14.956005,14.252927,11.080988,8.333055,13.3276415,13.8157625,11.120568,10.972573,17.306583,15.897411,13.401695,16.121765,21.213669,19.076136,17.842442,22.055317,20.113827,21.884823,25.074106,27.685757,25.964619,27.347168,27.865,23.166758,25.880001,29.340275,24.518274,21.74315,27.441938,28.703012,27.897038,23.09625,22.309528,26.93743,26.058731,23.03372,25.403141,20.305185,20.482676,15.548906,16.534594,14.867932,16.373598,15.689214,15.161031,16.573666,17.72711,18.756191,20.767607,18.987118,21.26776,20.5498,25.803394,23.164644,27.911982,29.130428,31.112083,34.331738,34.75321,38.391052,38.426743,37.50154,38.183098,33.55123,31.486168,30.768282,26.810081,26.429663,23.271769,23.661995,23.43436,22.577793,22.323765,20.836647,19.667698,21.669495,20.34942,24.836214
8,22.773476,20.274616,16.49537,13.719812,11.285712,9.359953,6.6567845,4.7813787,0.0,4.8043313,6.307104,9.209708,11.0512085,11.659418,16.158665,12.877736,17.270552,17.050314,22.97803,23.474098,27.819412,30.88224,34.151794,28.063282,26.14424,24.744259,20.933464,20.105867,16.073318,18.061617,11.9780035,15.247736,10.460308,12.804753,11.124446,7.106304,6.0750465,11.41651,10.652769,7.7774854,9.809744,14.966917,12.939353,11.810716,15.115502,18.920057,16.710756,17.09175,21.088919,19.69943,20.360632,23.220177,26.111568,24.31271,24.883278,24.711878,19.946339,22.194244,26.14041,22.013784,18.39042,23.90098,25.583479,25.258245,20.375345,18.906582,23.450872,22.396345,18.84762,21.147238,16.029669,16.059292,10.885378,12.488873,10.663329,13.126214,12.645789,11.784662,14.641028,15.106701,17.133163,19.639597,17.002626,18.600506,17.064304,22.244673,19.064903,23.86635,24.768576,26.726347,29.80743,30.143747,33.891224,34.060482,33.101513,33.90244,29.426107,27.185776,26.88491,22.863794,23.172235,19.690952,20.925793,21.302214,20.309881,19.412645,18.041641,15.971043,17.976671,16.205555,20.758749
9,25.487303,22.83606,18.743832,17.057257,14.070763,11.884344,9.944591,5.479633,4.8043313,0.0,4.396215,6.0999413,9.191879,10.716756,16.663395,14.780669,19.111986,19.922832,25.139399,26.603868,30.709343,33.8079,37.56843,31.399366,29.595865,27.79286,24.36248,22.905106,19.122124,20.16498,14.820504,16.213661,9.829197,12.826425,13.1270485,9.816264,8.724908,14.001395,14.434967,12.169869,13.574014,19.041483,17.485033,16.459219,19.311905,23.502357,21.502502,21.652822,25.622395,23.879555,24.575624,27.928339,30.49963,28.419687,29.194868,28.920395,24.16221,26.056328,29.954273,25.738356,21.889917,27.044764,28.468384,27.874506,22.794035,21.158733,24.99141,23.40468,20.569477,21.980707,16.568836,16.3544,12.301336,12.647385,12.483287,13.917872,14.476563,15.104159,17.716677,19.15098,20.973991,23.698027,21.404161,23.137072,21.436613,26.690256,23.117468,27.932648,28.432144,30.183338,33.01492,32.935024,36.946663,37.445442,36.578667,37.6336,33.364273,30.92227,31.066786,26.899366,27.45967,23.655085,25.022581,25.36099,23.81403,22.990671,20.422882,19.065899,20.012907,17.849749,22.000177
10,28.612158,26.209162,22.15838,19.920444,17.339846,14.795991,12.806367,9.033384,6.307104,4.396215,0.0,3.9016426,5.589814,7.7163286,12.950889,12.011895,16.325783,17.757996,22.633003,24.534018,28.656754,31.558916,35.737354,29.375904,27.39735,25.320995,21.8886,19.86861,16.243725,16.526518,11.835354,12.172464,5.6301317,9.673159,10.275557,7.4309406,7.9144764,12.478745,12.867696,11.443843,13.613168,17.968067,16.682007,16.922832,19.440563,22.872242,21.429798,22.537203,26.003614,24.355167,24.034971,27.736366,29.953377,27.542158,27.908354,27.12247,22.465662,23.724138,27.692307,23.934555,19.483826,24.111767,25.557186,25.121805,19.9913,17.849203,21.171917,19.296215,16.64932,17.735868,12.366319,12.713477,9.399419,10.698431,11.472659,13.923749,15.055401,15.45341,19.262472,19.901054,22.489939,25.372828,22.402029,23.405554,20.951817,25.649258,21.63106,25.973646,26.051218,27.414253,30.071688,29.631838,33.75514,34.51137,33.845585,35.313866,31.186377,28.847366,29.577347,25.648746,27.107777,23.181076,25.424625,26.307997,24.833706,23.416777,21.07385,18.76361,19.512419,16.554842,20.515024
11,31.425938,28.718367,24.747545,22.613497,19.695559,17.776009,15.106923,11.531693,9.209708,6.0999413,3.9016426,0.0,3.7459395,5.988826,12.537794,12.585919,16.404427,18.588652,22.582487,25.31457,29.03223,31.992147,36.52231,30.258202,28.582102,26.190155,23.469948,21.137308,18.068377,17.856886,14.390885,14.112005,7.6045322,12.456943,13.615726,10.825566,11.804292,16.27183,16.40511,14.854653,17.441294,21.60515,19.979984,20.348877,23.188295,26.276585,24.50627,25.934855,29.556412,28.093044,27.747595,31.081486,33.575874,31.233782,31.313797,30.201534,25.600998,26.5178,30.755468,27.417072,22.626032,26.889624,28.497335,28.242233,23.139818,20.588114,23.259577,20.868814,18.330458,18.37597,12.862978,12.031822,9.931836,9.402617,11.555241,12.936773,14.907557,16.490232,20.16839,21.541832,24.080513,27.301071,24.54113,25.598047,22.98304,27.892412,23.512796,28.113804,27.78399,29.19405,31.48004,30.81793,35.15644,36.17301,35.3955,36.857807,33.108913,30.346968,31.455149,27.264673,28.861414,24.593407,26.969221,27.907288,25.844828,24.414057,21.064054,19.38911,19.13081,16.00517,19.420046
12,33.790405,31.20289,27.344053,24.701588,22.070705,20.135569,17.239103,14.305975,11.0512085,9.191879,5.589814,3.7459395,0.0,3.4928956,9.083192,10.287852,13.744928,16.526628,19.970959,23.118147,26.725658,29.50139,34.34615,28.026289,26.299212,23.681265,21.189367,18.424246,15.769329,14.873647,12.606223,11.644545,6.3131776,11.797372,12.691931,10.374884,12.56964,16.241926,15.935713,14.939835,18.161638,21.23952,19.636591,20.924694,23.644348,25.886768,24.40971,26.64347,29.898043,28.67556,27.598059,30.862888,33.237957,30.789677,30.38964,28.790834,24.388052,24.716524,29.071836,26.363585,21.12088,24.79506,26.55942,26.611547,21.643147,18.578634,20.686768,17.996977,15.415754,14.903141,9.4302635,8.584784,7.7812843,7.8982763,10.904454,13.025943,15.307917,16.639652,21.077507,21.83052,24.887825,28.203865,25.0033,25.481138,22.334225,26.736656,22.047724,26.25648,25.515755,26.654255,28.687138,27.750494,32.17534,33.410786,32.733788,34.457115,30.948835,28.19399,29.803383,25.818441,28.10406,23.788946,26.817457,28.176641,26.167814,24.290436,21.200724,18.818363,18.348036,14.651604,17.726416
13,34.21993,31.445734,27.910633,24.74705,22.174156,21.00804,17.193596,15.457129,11.659418,10.716756,7.7163286,5.988826,3.4928956,0.0,7.1780233,7.888735,10.932184,13.893181,16.954037,20.351719,23.724783,26.593155,31.477514,25.285065,23.825775,21.122355,19.200851,16.56189,14.372021,13.811364,12.331293,12.699484,8.781074,14.276808,14.011836,11.080753,13.938244,17.670952,16.310081,14.982172,19.037165,21.537018,19.261644,20.834223,24.072987,25.508526,23.57497,26.442532,29.769154,29.04277,27.851542,30.279331,33.19086,31.054918,30.124573,28.18437,23.871342,24.02611,28.785482,26.67945,21.18413,24.761208,26.992708,27.505821,22.694014,19.296535,21.483173,18.78794,15.374409,14.670781,9.191063,6.5056367,5.660314,4.5242867,8.209024,10.23405,12.796669,14.45191,19.08116,19.888983,23.10268,26.628883,23.415443,23.714657,20.397018,24.892262,20.002785,24.521275,23.575857,24.994884,26.808239,26.020437,30.506447,31.743326,30.808846,32.278137,29.052168,25.901003,27.647762,23.454813,25.81699,21.323576,24.540907,26.070602,23.788359,21.747946,18.411514,16.053045,15.133147,11.31326,14.238219
14,37.87215,35.46888,32.20659,28.341991,26.458462,25.168356,21.503357,20.64418,16.158665,16.663395,12.950889,12.537794,9.083192,7.1780233,0.0,5.7161765,6.4662204,10.504489,12.1678705,16.023878,19.212215,21.52944,26.872826,20.631876,18.956379,15.907517,14.445886,10.938347,10.170267,8.054395,10.344348,10.2770605,10.961106,15.341653,13.987576,12.431771,16.501593,18.404396,16.19539,16.068192,20.662895,20.864716,18.809654,21.951992,24.684795,24.346184,23.163965,27.340803,29.756742,29.542337,27.053474,29.152124,31.715862,29.52975,27.647404,24.806936,21.181963,20.095837,24.917963,24.295372,18.31452,20.434519,23.045952,24.30932,20.181526,16.051615,17.15852,14.321029,10.389639,8.724404,4.6753545,0.97757035,5.8265266,7.9097767,10.537615,13.875408,15.955605,16.282898,21.775314,21.016043,24.967169,28.302916,24.38237,23.466593,19.34683,22.283224,17.134523,20.368505,18.592514,19.36273,20.648397,19.37676,23.959467,25.551893,24.83577,26.832535,24.093689,21.161629,23.881653,20.459759,24.205639,20.064888,24.407839,26.680056,24.922964,22.137033,20.180088,16.291685,15.614152,11.297978,13.192027
15,33.184795,30.737675,27.851389,23.5451,21.926382,21.308872,17.116404,17.623444,12.877736,14.780669,12.011895,12.585919,10.287852,7.888735,5.7161765,0.0,4.512094,6.2713265,10.724941,12.898027,16.819397,19.621304,24.168346,17.79811,16.081146,13.604648,11.38435,9.226418,7.283965,8.263201,7.866566,11.579648,11.646481,15.7164135,12.744383,9.874208,13.943976,16.3098,12.901398,11.942645,17.161467,17.338211,14.353747,17.264006,20.643019,20.010412,18.082014,22.426292,25.125504,25.316942,23.28588,24.504044,27.814281,26.126154,24.16311,21.610668,17.666456,17.405333,22.630497,21.736591,16.035093,19.31212,22.319866,23.702309,19.5183,15.848086,18.640293,16.746468,11.623948,12.311993,8.143713,5.9434533,2.6791117,6.4599805,6.1249557,10.557988,11.550876,10.856313,16.498882,15.330545,19.341618,22.616007,18.675842,17.848045,13.8603115,17.514229,12.422443,16.773172,15.763061,17.489796,19.451519,19.222174,23.517534,24.42183,23.263838,24.50039,21.216476,18.041363,19.853462,15.895605,18.989004,14.76234,18.856316,21.03898,19.485405,16.744204,15.496089,11.08573,11.598866,7.822844,11.277289
16,36.76077,34.28397,31.704824,27.115097,25.665941,25.484442,20.989162,21.995695,17.270552,19.111986,16.325783,16.404427,13.744928,10.932184,6.4662204,4.512094,0.0,4.663571,6.4028053,9.832508,13.0958,15.760526,20.816305,14.616361,13.320707,10.342763,9.899371,7.5525537,8.056207,8.439501,11.021684,14.258662,15.548575,19.512377,16.494484,14.144107,18.311695,20.181849,16.435116,15.773252,21.10149,20.287832,17.163946,20.558737,23.922575,22.110401,20.177103,25.276407,27.622213,28.329548,25.848068,26.215967,29.723383,28.295769,25.580914,22.37665,19.091751,18.008444,23.381073,23.727203,17.958138,20.15428,23.529852,25.482437,21.86191,17.894115,19.851381,17.876888,12.690112,12.436072,9.872736,6.757704,6.9468565,8.679904,8.796692,12.197596,13.328366,12.8631115,18.302559,16.87889,21.004341,24.302382,20.369463,18.91577,14.634934,17.347027,12.095979,15.89181,14.004649,15.705155,16.859016,16.505999,20.9007,22.071243,20.689423,21.872883,19.419247,15.739838,18.41501,14.6775465,18.57201,14.443869,19.150625,21.762457,20.055012,16.943687,15.860781,11.354031,10.959511,7.2542143,8.974123
17,34.129543,31.810963,29.68584,24.711628,23.776754,24.075512,19.539179,21.692764,17.050314,19.922832,17.757996,18.588652,16.526628,13.893181,10.504489,6.2713265,4.663571,0.0,6.7154026,6.784806,11.045028,13.945412,18.025364,11.68987,10.18998,8.061356,6.8487263,6.6276245,6.8175955,9.588714,10.753331,15.898587,17.460089,20.742292,16.70851,14.140267,18.01088,19.576824,15.019906,14.138062,19.548752,18.020458,14.35234,17.815844,21.36428,18.697666,16.384512,21.924166,24.11078,25.347483,22.955736,22.314632,26.330425,25.401142,22.373161,19.242308,16.088297,15.429458,20.958942,21.535984,16.27269,18.88059,22.532751,24.692055,21.397133,17.911774,20.78145,19.599066,13.9719,15.190879,12.917771,10.896404,8.820573,11.183663,9.076785,12.765414,12.565528,10.564797,15.817598,13.333316,17.584372,20.569082,16.478537,14.581535,10.220259,12.812418,7.588972,12.11123,10.864686,13.426862,15.142625,15.811546,19.697655,20.193897,18.47253,18.987812,16.075994,12.266137,14.193749,10.15273,13.97223,10.038524,14.941398,17.728975,16.60404,13.337925,13.921543,8.51672,9.927864,7.7577486,10.190539
18,40.594833,38.12694,36.106613,31.126709,30.030853,30.547625,25.713116,27.64015,22.97803,25.139399,22.633003,22.582487,19.970959,16.954037,12.1678705,10.724941,6.4028053,6.7154026,0.0,6.024826,7.318158,9.833001,15.340012,9.825975,9.723326,6.5594416,9.754582,8.856713,11.706217,12.375506,16.26421,19.770164,21.887823,25.576904,22.16963,20.01995,24.129131,25.58904,21.312511,20.724325,26.11212,24.250652,20.854445,24.499079,27.914148,24.660637,22.56352,28.391815,30.299692,31.780603,29.000664,27.917763,31.837822,30.996197,27.39083,23.61819,21.331684,19.619743,24.914501,26.728376,21.363394,22.506123,26.262987,28.859934,26.042624,22.135191,23.581984,21.946493,16.8795,16.344671,15.453846,12.439495,13.248495,14.018081,13.588776,15.847823,16.507675,15.884373,20.534567,18.680555,22.641912,25.720646,22.016846,19.843191,15.6998005,16.965271,12.353201,15.13584,12.434605,14.352658,14.22775,14.292502,18.255882,19.44337,17.502209,18.059628,17.041327,12.636452,16.143738,12.987717,17.456568,13.99755,18.98808,22.000223,20.341866,16.994225,16.741505,12.574006,11.642591,9.691233,8.733374
19,38.112774,35.984333,34.49133,29.196789,28.79197,29.624664,25.081366,27.985237,23.474098,26.603868,24.534018,25.31457,23.118147,20.351719,16.023878,12.898027,9.832508,6.784806,6.024826,0.0,4.8361106,7.487199,11.276423,4.9612465,4.494017,3.1559525,6.6107893,8.538626,11.197005,13.611019,16.348389,21.296549,23.938969,26.804325,22.457008,20.41703,24.17825,25.028336,20.156393,19.64989,24.778696,21.896345,18.318602,22.054516,25.29092,20.886295,18.76388,24.9921,26.379322,28.48649,25.637327,23.351295,27.601698,27.36278,23.300358,19.537058,17.847076,16.372787,21.535252,23.909874,19.366623,20.56404,24.535511,27.388845,25.143246,21.841375,24.103582,23.386578,18.002745,19.026484,18.367355,16.47356,15.526106,17.337547,15.268407,18.007244,17.411728,15.192976,19.31073,16.114164,19.992697,22.408567,18.600023,15.682616,11.787407,11.6004305,7.9163857,10.1568165,7.9910703,10.974331,11.4513445,13.055052,16.090044,16.278067,13.86042,13.444503,11.960359,7.168412,10.190358,7.334972,12.317346,9.955036,15.049415,18.29931,17.71385,14.297038,16.45329,11.6091795,12.789904,12.266656,12.549613
20,42.188168,39.94424,38.67681,33.338413,32.89009,34.082848,29.249617,32.301994,27.819412,30.709343,28.656754,29.03223,26.725658,23.724783,19.212215,16.819397,13.0958,11.045028,7.318158,4.8361106,0.0,3.5024292,8.12045,3.9944496,6.3786316,5.759538,10.978271,12.51673,15.763913,17.511227,20.9847,25.4649,28.122719,31.251127,27.105053,25.040155,28.860548,29.824158,24.985947,24.41274,29.580254,26.663006,23.075207,26.686172,29.992588,25.30333,23.088923,29.339424,30.636007,32.995617,30.144896,27.293377,31.652355,31.662088,27.31595,23.386618,22.243038,20.46537,25.317549,28.309143,23.907293,24.499514,28.479338,31.539167,29.569902,26.165752,27.87103,27.004227,21.8941,22.200539,21.990408,19.565073,19.439524,20.421034,18.799852,20.705658,20.322918,18.772137,22.280209,19.551935,23.037855,25.410973,22.08045,19.169321,15.782095,15.092371,12.351157,13.656295,11.15137,13.578527,12.671747,14.204026,16.659195,17.021753,14.2868595,13.213497,13.672868,8.87239,12.249356,10.411805,14.743446,13.002967,17.543045,20.74711,19.847462,16.605923,18.391724,14.596114,14.656081,14.734969,13.469719
21,44.96363,42.883404,41.67664,36.303368,36.017014,37.06372,32.430805,35.414543,30.88224,33.8079,31.558916,31.992147,29.50139,26.593155,21.52944,19.621304,15.760526,13.945412,9.833001,7.487199,3.5024292,0.0,6.167354,4.369181,6.9957423,7.083605,12.516389,14.064065,17.777279,19.125626,23.218367,27.334772,30.608149,33.469624,29.310425,27.639378,31.519712,32.052536,27.268589,27.04113,32.06008,28.600275,25.328371,29.192537,32.154415,26.998425,25.244164,31.610489,32.46837,34.957256,31.74545,28.74918,32.77121,32.849346,28.205664,24.042854,23.54175,21.295807,25.717352,29.422686,25.274673,25.082464,29.01822,32.30319,30.823675,27.482529,28.71751,28.036043,23.259295,23.446667,23.99938,21.95309,22.282625,23.517052,22.094759,24.134762,23.80871,22.13316,25.626682,22.638172,26.077406,28.20101,24.85092,21.668089,18.396198,16.6594,14.560044,14.436707,11.620341,13.343692,11.518179,13.096479,14.832429,15.231215,12.448316,11.268226,13.037561,8.926899,12.791977,12.339577,16.829294,15.822589,20.21712,23.43685,22.881508,19.70533,21.822987,18.019995,18.14186,18.096222,16.616224
22,45.33023,43.49493,42.90432,37.42012,37.64843,39.164665,34.693893,38.42619,34.151794,37.56843,35.737354,36.52231,34.34615,31.477514,26.872826,24.168346,20.816305,18.025364,15.340012,11.276423,8.12045,6.167354,0.0,6.517126,9.346874,11.407133,15.694252,18.382889,21.599062,23.739153,26.955011,31.802406,35.098003,37.57754,32.95334,31.244171,34.763145,35.04755,30.015947,29.70196,34.367348,30.42479,27.114248,30.642,33.4462,27.555193,25.734035,31.987902,32.37933,35.460392,32.459805,28.141504,32.423374,33.2443,28.331823,24.471922,24.764843,22.911493,26.718506,30.857244,27.674105,27.473122,31.365362,34.751133,33.780533,30.975903,32.687054,32.55064,27.707666,28.631147,29.108158,27.321886,26.794626,28.190395,25.983538,27.886969,26.8618,24.57822,27.12454,23.656237,26.483631,27.86859,25.020351,21.569965,19.311848,16.356789,16.187712,15.171646,13.495982,15.457537,13.897884,16.521471,16.754084,16.021599,12.919445,9.692443,12.538406,9.4886675,11.47542,12.5916395,15.79233,16.498348,19.808783,22.812246,23.05529,20.316631,23.806252,20.432299,21.360344,22.268559,21.150593
23,40.99719,39.084995,37.99021,32.575905,32.551315,33.592297,29.21041,32.47954,28.063282,31.399366,29.375904,30.258202,28.026289,25.285065,20.631876,17.79811,14.616361,11.68987,9.825975,4.9612465,3.9944496,4.369181,6.517126,0.0,3.3803525,5.111322,9.430552,12.031306,15.15021,17.396492,20.51262,25.3714,28.588892,31.098518,26.556372,24.849848,28.494707,28.861393,23.904274,23.651724,28.487635,24.83004,21.48827,25.281229,28.169598,22.826303,21.031347,27.412004,28.170183,30.771463,27.670433,24.417297,28.601278,28.839163,24.232243,20.259602,19.687521,17.842175,22.358267,25.81086,21.973984,22.286337,26.271782,29.468245,27.969732,24.946257,26.89138,26.572515,21.49607,22.584732,22.725739,21.125929,20.435253,22.257519,20.110947,22.60253,21.763796,19.329687,22.778925,19.197617,22.672787,24.53777,21.020203,17.63332,14.43544,12.295248,10.566741,10.47669,8.257399,10.865024,10.262538,12.670747,14.426433,14.1389,11.220971,9.655756,9.8671665,5.131055,8.613082,8.091337,12.865708,12.220251,16.67142,19.939049,19.94032,16.742168,19.841444,15.501024,16.752726,16.878393,16.519156
24,39.34195,37.613712,36.307545,30.958544,31.018787,31.602295,27.619255,30.597275,26.14424,29.595865,27.39735,28.582102,26.299212,23.825775,18.956379,16.081146,13.320707,10.18998,9.723326,4.494017,6.3786316,6.9957423,9.346874,3.3803525,0.0,3.4861562,6.363172,9.335036,12.368893,14.733547,17.776234,22.619057,26.242792,28.365488,23.726192,22.369282,26.005278,25.972288,21.093811,21.193333,25.863527,21.874846,18.835972,22.9456,25.496828,20.121569,18.818449,25.240845,25.789375,28.192644,24.790312,22.085209,25.882803,25.861284,21.283121,17.191362,16.569414,14.524326,19.115444,22.554943,18.685259,18.913225,22.901346,26.089487,24.65782,21.722208,23.768398,23.667118,18.618563,20.16439,20.488754,19.560347,18.685917,21.229612,19.04276,22.168087,21.327297,18.473808,22.401682,18.429096,22.17938,23.975647,20.052734,16.546474,12.9910965,10.446709,8.380819,7.521717,4.933888,7.768718,7.99973,10.552089,12.622206,12.2649555,9.651498,9.039149,7.699776,2.9632523,7.30638,7.050633,12.561196,11.817554,16.570017,19.846357,20.196848,16.921778,20.215261,15.223622,17.07152,16.60659,17.020422
25,39.867584,37.93174,36.26989,31.038218,30.703426,31.062958,26.891945,29.363714,24.744259,27.79286,25.320995,26.190155,23.681265,21.122355,15.907517,13.604648,10.342763,8.061356,6.5594416,3.1559525,5.759538,7.083605,11.407133,5.111322,3.4861562,0.0,5.638724,7.131635,10.724596,12.405275,16.216787,20.514242,24.016453,26.541582,22.279572,20.850817,24.768782,25.050776,20.379984,20.446928,25.400183,21.960724,18.917349,23.112196,25.846663,21.19057,19.820435,26.1276,27.079653,29.063118,25.674826,23.845562,27.486452,27.008436,22.752117,18.63316,17.372984,15.171725,20.106068,23.072546,18.483435,18.814966,22.778055,25.833422,23.954681,20.57013,22.266048,21.665209,16.575804,17.483622,17.74208,16.487972,16.269724,18.619898,17.040928,20.177147,19.861025,17.592966,22.039421,18.629768,22.628035,24.904,20.873472,17.754831,13.723374,12.545159,9.0668955,9.496848,6.371428,8.54677,8.544675,9.917004,13.095043,13.572673,11.37442,11.769283,10.514228,6.2997227,10.484613,8.994747,14.481366,12.586819,17.706034,20.969055,20.672403,17.258102,19.424706,14.382184,15.504518,14.354616,14.539336
26,35.66832,34.036633,32.15319,27.06382,26.949957,26.69565,23.247433,25.45367,20.933464,24.36248,21.8886,23.469948,21.189367,19.200851,14.445886,11.38435,9.899371,6.8487263,9.754582,6.6107893,10.978271,12.516389,15.694252,9.430552,6.363172,5.638724,0.0,4.1753435,6.1534047,9.114009,11.524155,16.496042,20.30644,22.076355,17.40473,16.372023,20.076006,19.792774,15.102612,15.614731,20.229935,16.40377,13.700899,18.237461,20.52325,16.05241,15.283038,21.438204,22.214586,23.860186,20.27506,19.322866,22.53794,21.707914,17.782883,13.87162,11.982015,10.048225,15.355643,17.60261,12.938683,14.006187,17.96428,20.789093,18.725039,15.648799,18.242733,18.145803,12.828666,15.203403,15.103098,15.178922,13.761273,17.426262,15.341683,19.426826,18.784199,15.635338,20.460114,16.458454,20.635601,22.650518,18.175749,15.107509,10.866586,9.751695,5.7985888,6.220512,4.3800807,6.736093,9.222493,10.608882,13.828685,13.842716,12.384295,13.437822,9.86306,7.3661623,9.884311,8.30239,13.5348425,11.681247,16.625935,19.658163,20.017422,16.761242,19.461618,13.759128,16.197624,14.577413,16.422865
27,37.192318,35.432266,33.07147,28.262482,27.705677,26.92394,23.537458,24.797789,20.105867,22.905106,19.86861,21.137308,18.424246,16.56189,10.938347,9.226418,7.5525537,6.6276245,8.856713,8.538626,12.51673,14.064065,18.382889,12.031306,9.335036,7.131635,4.1753435,0.0,4.462841,5.4034157,9.826569,13.4604845,17.638025,19.705448,15.666916,14.959289,19.053928,18.880842,14.797309,15.589898,20.291925,17.110157,14.882619,19.473864,21.640278,18.218992,17.75291,23.471163,24.508577,25.528362,21.848473,22.189648,24.832417,23.3719,19.939816,16.09563,13.777403,11.490768,16.652248,18.393589,12.927295,13.687126,17.4144,20.03596,17.525166,13.793813,15.626707,14.8768835,9.538978,11.184535,11.398284,11.758571,11.539865,15.393483,14.406996,18.657824,18.779104,16.415224,21.780588,18.49815,22.81082,25.227558,20.725933,18.151941,13.723658,13.690275,9.233046,10.069627,7.79168,8.541172,10.35582,10.239738,14.350667,15.236186,14.316085,16.264088,13.220466,10.92464,14.01383,12.152325,17.209146,14.605826,19.636158,22.563326,22.34656,19.066788,20.498304,14.928767,16.479996,13.834292,15.563432
28,33.291985,31.596006,29.014782,24.39993,23.816946,22.658863,19.6644,20.671368,16.073318,19.122124,16.243725,18.068377,15.769329,14.372021,10.170267,7.283965,8.056207,6.8175955,11.706217,11.197005,15.763913,17.777279,21.599062,15.15021,12.368893,10.724596,6.1534047,4.462841,0.0,4.735049,5.5600767,10.628139,14.214155,15.999834,11.559735,10.671854,14.656477,14.574181,10.4112625,11.223418,15.887793,13.238866,11.029053,15.507209,17.674192,15.248338,14.786739,19.955502,21.331268,21.890232,18.56141,19.781239,22.340298,20.59461,17.927422,14.826748,11.422845,10.305469,15.565835,15.723992,9.989066,12.520026,15.947924,17.955194,14.676964,11.164769,14.360263,13.775177,8.12974,11.1391945,9.813984,10.968024,8.999196,13.725646,12.244829,16.989077,16.860039,14.113694,19.570002,16.33455,20.58372,22.94513,18.371178,16.3191,12.075042,13.234464,8.768515,10.858132,10.097796,11.192653,13.9516325,14.082955,17.874607,18.362041,17.613611,19.327576,15.36479,13.490371,15.27817,12.841374,16.929176,14.094691,18.594772,21.144407,21.086555,18.103079,19.467056,13.888327,16.15449,13.407994,16.346226
29,36.98564,35.287437,32.34004,28.075321,27.17598,25.459948,22.740799,22.649672,18.061617,20.16498,16.526518,17.856886,14.873647,13.811364,8.054395,8.263201,8.439501,9.588714,12.375506,13.611019,17.511227,19.125626,23.739153,17.396492,14.733547,12.405275,9.114009,5.4034157,4.735049,0.0,7.0044193,8.310542,13.21722,15.055598,11.843804,12.017975,16.190619,15.801593,12.890323,14.267235,18.466265,16.145512,14.898372,19.29614,20.946026,19.086258,19.23312,24.035526,25.245234,25.350641,21.693073,23.84194,25.611782,23.358412,20.892347,17.605236,14.66293,12.658961,17.23449,17.643322,11.673336,12.694324,15.684786,17.611773,14.358071,10.119591,11.532321,10.083988,4.5829973,6.4706364,6.628868,9.019168,9.59852,14.152574,14.27478,18.81168,19.527847,17.692753,23.345707,20.669216,24.921701,27.478884,22.96236,21.03006,16.743574,17.621254,13.173927,14.275019,12.610569,12.490621,14.4357605,13.320509,17.526928,18.783329,18.558517,21.11358,17.798437,16.167995,18.882078,16.862038,21.373749,18.394466,23.07977,25.672785,25.25871,22.208918,22.69735,17.410603,18.652683,15.152104,17.41275
30,30.314713,28.717255,25.584068,21.59237,20.752205,18.602047,16.536644,16.31286,11.9780035,14.820504,11.835354,14.390885,12.606223,12.331293,10.344348,7.866566,11.021684,10.753331,16.26421,16.348389,20.9847,23.218367,26.955011,20.51262,17.776234,16.216787,11.524155,9.826569,5.5600767,7.0044193,0.0,7.0183425,9.529563,10.739683,6.120811,5.495271,9.447507,9.464973,6.222097,7.4842753,11.560348,10.559608,9.304615,13.004794,14.757608,14.667423,14.578148,18.236404,20.044685,19.542479,16.794191,19.855757,21.748873,19.367012,18.13492,16.21717,11.96503,12.179798,16.581347,14.505894,8.879362,13.036269,15.446097,16.299728,11.900772,8.801034,13.086258,12.437535,7.6981845,11.382357,8.486182,11.000781,7.82795,13.102796,11.923552,16.793219,16.78727,14.288242,19.555212,16.983849,20.848839,23.149055,18.775766,17.702652,14.1411295,16.470005,12.583747,15.128989,15.19788,16.03727,19.080805,18.946846,22.626028,23.074068,22.666101,24.488522,20.10076,18.684578,19.708443,17.043392,20.025238,17.045897,20.665232,22.605915,22.529163,20.062817,20.746975,15.767621,18.144781,15.149694,18.900194
31,34.988544,33.53584,29.853518,26.69824,25.473526,22.309084,21.169088,18.968342,15.247736,16.213661,12.172464,14.112005,11.644545,12.699484,10.2770605,11.579648,14.258662,15.898587,19.770164,21.296549,25.4649,27.334772,31.802406,25.3714,22.619057,20.514242,16.496042,13.4604845,10.628139,8.310542,7.0183425,0.0,7.07589,7.2432723,6.3719273,8.715981,11.764428,10.919242,10.987047,12.99067,15.3550625,15.072715,15.49073,18.72792,19.378252,20.281216,21.12378,24.01581,25.469398,24.165346,21.12691,25.64091,26.243637,23.099648,22.472439,20.581587,16.976486,16.264626,19.505705,17.324865,12.055932,14.260228,15.44131,15.536703,10.975969,7.419374,9.172578,7.2349987,5.5259066,7.771605,5.900922,10.91504,10.794701,15.377097,16.266964,20.658028,21.657743,20.268925,25.585308,23.690168,27.463943,29.893543,25.647102,24.719137,21.106092,23.007402,19.036715,20.588219,19.926956,19.63954,22.067144,20.785633,24.607632,25.742935,25.995783,28.710968,24.778305,23.743464,25.58993,23.348179,26.843252,23.737293,27.56453,29.51225,29.11463,26.623146,26.36135,21.754522,23.1027,19.344694,22.456564
32,31.9592,30.04029,25.986975,23.518219,21.51179,18.303968,17.064949,13.564974,10.460308,9.829197,5.6301317,7.6045322,6.3131776,8.781074,10.961106,11.646481,15.548575,17.460089,21.887823,23.938969,28.122719,30.608149,35.098003,28.588892,26.242792,24.016453,20.30644,17.638025,14.214155,13.21722,9.529563,7.07589,0.0,5.5368233,7.184431,6.849659,8.64595,10.859549,11.84421,12.1014185,14.152677,16.894886,16.58026,18.138128,19.655804,22.391613,22.070946,23.825958,26.42729,24.683474,23.185034,27.655909,28.99074,26.077152,26.236185,25.063808,20.742798,21.219511,24.809433,21.431791,16.645647,20.369734,21.494396,21.016672,15.957261,13.464126,15.986005,13.922766,12.155707,13.160407,8.506772,11.031288,9.453422,12.485893,13.851717,17.318653,18.628117,18.324759,22.988667,22.519638,25.71192,28.43705,24.830223,25.004309,21.940813,25.521389,21.373562,24.586535,24.295986,24.905447,27.445034,26.512358,30.588297,31.598455,31.381046,33.492252,29.4278,27.625053,28.931105,25.666368,28.113653,24.426552,27.471172,28.848871,27.805025,25.862944,24.284569,20.88075,21.76036,18.165586,21.75185
33,31.299574,30.053404,25.910295,23.925655,22.506157,18.291765,18.794899,14.956005,12.804753,12.826425,9.673159,12.456943,11.797372,14.276808,15.341653,15.7164135,19.512377,20.742292,25.576904,26.804325,31.251127,33.469624,37.57754,31.098518,28.365488,26.541582,22.076355,19.705448,15.999834,15.055598,10.739683,7.2432723,5.5368233,0.0,5.4553638,8.221109,8.341263,7.893627,11.0249,12.572845,12.652308,15.049675,16.322319,17.772558,17.801699,21.21748,22.0732,23.02088,24.900167,22.532112,20.800703,26.523422,26.66306,23.2827,24.242064,23.698864,19.671814,20.370691,22.858633,18.662539,14.911326,18.463993,18.623564,17.315912,12.337289,11.136825,13.869708,12.826111,12.552484,14.748679,11.74529,15.643749,13.939967,17.715054,18.331305,22.158964,22.924517,21.741602,26.193811,25.011517,28.06284,30.208853,26.510254,26.547375,23.802597,26.595259,23.165068,25.389996,25.547579,25.665073,28.547537,27.641392,31.255453,32.035793,32.246983,34.631966,30.189154,29.274017,30.2313,27.659437,30.0446,26.985657,29.821594,31.08967,30.77694,28.927977,28.320988,24.519012,26.172096,22.790804,26.556648
34,28.84262,27.62975,23.933098,21.02561,20.109282,16.500717,16.35501,14.252927,11.124446,13.1270485,10.275557,13.615726,12.691931,14.011836,13.987576,12.744383,16.494484,16.70851,22.16963,22.457008,27.105053,29.310425,32.95334,26.556372,23.726192,22.279572,17.40473,15.666916,11.559735,11.843804,6.120811,6.3719273,7.184431,5.4553638,0.0,4.6242666,6.1183786,4.7184362,5.820375,7.993841,9.109399,10.161034,11.071092,13.276977,13.606006,16.061325,16.884127,18.555489,20.293896,18.500738,16.32264,21.424915,22.060177,18.972971,19.369507,18.65976,14.418217,15.3977585,18.347517,14.348883,10.117928,14.57929,15.494432,14.881436,9.770133,8.219407,12.739363,12.421274,10.170588,13.785703,10.843761,14.4775305,11.562575,16.250032,15.641268,20.062946,20.17343,18.028877,22.642258,20.62817,23.888784,25.847214,21.861027,21.515844,18.738737,21.223267,18.058733,20.208492,20.716892,21.120699,24.315483,23.931078,27.365023,27.782494,27.790657,29.861122,25.201942,24.391895,24.997534,22.57611,24.904272,22.162588,25.032995,26.439016,26.544624,24.571548,24.91397,20.57434,22.943855,19.930426,23.92586
35,26.809704,25.042349,21.439236,18.122873,16.777885,14.010285,12.50382,11.080988,7.106304,9.816264,7.4309406,10.825566,10.374884,11.080753,12.431771,9.874208,14.144107,14.140267,20.01995,20.41703,25.040155,27.639378,31.244171,24.849848,22.369282,20.850817,16.372023,14.959289,10.671854,12.017975,5.495271,8.715981,6.849659,8.221109,4.6242666,0.0,4.345863,6.9652667,5.632586,5.2840357,8.458931,10.912989,9.871461,11.448121,13.477665,15.911981,15.256822,17.163988,19.866352,18.544487,17.23442,21.041018,22.972775,20.524372,20.551247,19.7265,15.084583,16.502262,20.352829,16.69056,12.205377,17.251335,18.91352,18.801146,13.855378,11.883699,16.414274,15.585165,12.0501585,15.060318,10.789527,12.730692,8.370872,12.635602,11.444714,15.711706,15.664577,13.729046,18.275045,16.807993,20.00402,22.327127,18.527082,18.631033,15.93315,19.591291,16.067015,19.56166,20.120531,21.319159,24.454369,24.415043,28.100119,28.445032,27.93816,29.450386,24.89121,23.28971,23.670946,20.453497,22.263102,19.051405,21.666199,22.924994,22.57889,20.74971,20.581345,16.643436,18.944519,16.193884,20.487518
