,0,1,2,3,4,5,6,7,8,9,10,11,12,13,14,15,16,17,18,19,20,21,22,23,24,25,26,27,28,29,30,31,32,33,34,35,36,37,38,39,40,41,42,43,44,45,46,47,48,49,50,51,52,53,54,55,56,57,58,59,60,61,62,63,64,65,66,67,68,69,70,71,72,73,74,75,76,77,78,79,80,81,82,83,84,85,86,87,88,89,90,91,92,93,94,95,96,97,98,99,100,101,102,103,104,105
0,0.0,3.7368958,5.477764,9.016588,11.312377,14.079369,17.176842,19.722456,23.548069,26.246542,30.149492,32.28957,37.953705,34.970722,33.01681,28.80018,25.913286,22.256235,20.219553,16.611351,15.01425,12.419112,9.879336,13.030147,11.409144,13.384043,15.880981,16.578094,17.117641,21.466518,21.653898,28.800089,29.974255,33.57196,36.271053,37.895683,39.96394,40.216335,37.778088,37.74324,35.044018,31.698395,28.84752,27.698202,23.985836,26.530577,22.07004,27.477226,31.067837,32.924843,32.745823,36.278965,39.050667,38.055927,39.69228,37.110172,39.20801,40.995674,41.669827,41.02133,42.162907,41.53155,44.171623,40.573902,36.783573,39.885563,38.268906,33.03579,35.15671,32.253796,34.87645,30.599115,33.387463,32.526733,34.951565,30.30899,30.255604,34.89179,31.31043,35.535854,34.745377,32.607216,28.430214,25.858301,23.731785,22.47306,18.288483,20.387476,20.165882,23.247957,22.752817,22.40343,25.955414,27.978155,26.98051,27.419777,30.698849,31.881165,32.925602,32.36524,31.29095,31.338812,28.932125,33.114586,30.687803,35.24993
1,3.7368958,0.0,4.243195,6.3923078,8.447751,11.684196,14.2645445,17.17177,20.643824,23.319548,27.208565,29.214243,34.898117,31.69115,29.628752,25.491957,22.597933,18.833504,17.082518,13.049725,12.22394,9.6797285,7.9593415,11.675437,11.329905,13.765763,15.717877,15.952236,15.628091,19.730618,19.438791,26.256245,26.927137,30.81504,33.18944,34.987213,37.243217,37.710228,35.436836,35.601,33.184875,30.087614,27.495993,26.605186,23.709238,26.453289,22.454538,28.011562,31.714592,33.629505,33.82152,36.865173,39.405914,37.872433,39.229095,36.336433,38.134567,39.71563,39.911186,39.500805,40.33204,39.775284,42.616356,39.239326,35.74886,39.154373,37.858234,32.508186,34.713505,31.526619,33.807606,29.267527,31.760202,30.633142,32.868217,28.017973,27.769312,32.211327,28.440315,32.3987,31.59929,29.72055,25.53957,23.36029,20.883667,20.467506,16.288021,18.957361,19.260418,22.213722,22.563911,21.890955,24.869062,27.29858,26.867914,26.949213,29.654228,31.143019,32.28693,31.252016,30.046637,29.667608,27.03754,30.860504,28.156757,32.646713
2,5.477764,4.243195,0.0,5.2844005,6.2947965,8.673305,12.187461,14.33335,18.486856,21.002645,25.029375,27.133024,32.761196,30.119083,28.2638,24.144981,21.091337,17.703018,15.266282,12.531131,10.019054,8.568785,6.2696824,10.657417,10.55307,11.790867,13.685437,12.801167,13.065575,17.041193,17.501223,23.942806,25.32101,28.643005,31.582827,32.849197,34.801563,35.200085,32.673183,32.997997,30.13267,27.309502,24.30909,23.990507,20.495762,23.72114,19.748247,25.301626,28.92438,30.49538,30.406322,33.329437,35.687496,34.301544,35.63446,32.96429,34.63268,36.46539,36.882244,36.69896,37.850666,37.52728,40.430016,37.330315,33.412594,36.97745,35.832577,30.603947,33.42803,30.429022,33.1222,28.207487,31.252235,29.687136,32.420834,27.749931,27.077766,31.976772,27.803974,32.06983,30.689962,28.342625,24.023455,21.424671,18.924906,17.480665,13.078682,15.174536,15.156558,18.154106,18.32308,17.783037,20.881714,23.135157,22.715588,22.999592,25.750916,27.022589,28.119896,27.243881,26.098099,25.974012,23.530382,27.653599,25.301619,29.889343
3,9.016588,6.3923078,5.2844005,0.0,5.002471,7.1736603,8.719227,12.117896,14.948093,18.305693,21.575449,24.257153,29.88529,26.451399,24.86069,20.156298,17.863811,14.192145,13.095675,9.459872,9.413439,9.639652,9.217776,13.960443,15.029659,16.469088,17.855452,16.062302,15.457715,18.62727,18.626257,23.660723,24.109339,27.753506,30.171974,31.353022,33.528088,34.610348,32.236244,33.334606,30.63893,28.71782,25.863676,26.465221,23.706102,27.356773,23.902042,29.434374,33.03437,34.396404,34.25699,36.73113,38.647385,36.93699,37.873314,35.07869,36.067844,37.836086,37.5572,38.09544,38.91705,38.902096,42.15505,39.56382,35.935005,39.92183,39.218845,33.96928,36.980907,33.73681,36.024605,30.81082,33.44728,31.446323,33.889416,28.9586,27.864069,32.34539,27.726185,31.297794,29.663486,27.847176,23.481972,21.725723,18.155476,18.057266,13.507443,15.79696,15.970537,18.097412,19.518448,19.412994,21.431744,23.598152,24.553572,24.916256,26.593191,27.640524,28.432272,26.808811,25.95334,24.6896,22.908115,26.277464,23.84807,28.337242
4,11.312377,8.447751,6.2947965,5.002471,0.0,3.7065396,6.506662,8.840637,12.742123,14.977469,19.175457,20.991442,26.653158,23.9693,21.998993,18.125385,14.8240595,11.5326605,9.033575,6.8008523,4.4563565,5.537352,6.137387,10.579609,12.804073,13.984078,14.607675,12.329167,10.96906,13.8028555,13.679176,18.805632,19.568022,23.10056,25.74493,27.005459,29.150284,29.945292,27.610205,28.451538,25.928991,23.860289,21.242533,21.837835,19.842886,23.486616,20.629082,26.082983,29.701426,31.167479,31.611572,33.531155,35.331818,33.055374,33.81884,30.72454,31.703285,33.234734,32.82137,33.243885,33.957706,33.92333,37.21019,34.73352,31.224085,35.358486,34.895977,29.670073,32.87287,29.569044,31.794062,26.350803,29.072214,26.779234,29.39182,24.575375,23.23452,27.94408,23.18186,27.053228,25.236647,23.111206,18.7188,16.748528,13.379628,13.278138,8.929581,12.00115,13.121196,15.616966,17.545881,16.387445,18.070488,21.041151,21.79305,21.418798,22.880539,24.660446,25.925251,24.181322,22.790867,21.91864,19.071579,22.541515,19.792688,24.287699
5,14.079369,11.684196,8.673305,7.1736603,3.7065396,0.0,4.7203264,5.6613517,10.302528,12.474066,16.617336,18.695227,24.25294,22.048807,20.43511,16.533096,13.334979,10.736116,7.8197966,7.9459534,4.43071,7.911299,8.520914,12.51873,14.885029,15.1265335,15.447964,11.909344,10.889765,12.821716,13.438053,17.207539,18.485966,21.359032,24.454082,25.045305,26.898373,27.848999,25.29204,26.597902,23.655272,22.295378,19.334211,20.949387,18.741554,22.892094,20.40388,25.61506,29.047352,30.08997,30.27199,31.849106,33.278316,31.024519,31.5962,28.70438,29.270487,31.02596,30.5901,31.51417,32.441334,32.757126,36.184063,34.181107,30.401796,34.76355,34.59333,29.582859,33.33679,30.20935,32.640564,26.9175,29.95713,27.195337,30.12981,25.552794,23.728752,28.619923,23.472828,27.336292,24.874971,22.454306,18.02708,15.952834,12.25932,11.361691,6.8189797,9.100855,10.0966425,12.152284,14.657482,13.7225,14.857343,17.687664,19.087593,18.891026,19.848038,21.352207,22.485859,20.569096,19.304049,18.263184,15.805621,19.353485,16.995176,21.577675
6,17.176842,14.2645445,12.187461,8.719227,6.506662,4.7203264,0.0,4.5050564,6.390941,9.664642,12.984841,15.600102,21.195078,18.093006,16.677053,12.174245,9.701939,6.854468,6.072971,6.0302916,6.6234236,10.584137,12.241448,16.070166,18.897621,19.568651,19.672495,16.158243,14.442874,15.4756,15.359053,17.294971,17.287,20.52017,22.860462,23.4331,25.574791,27.2593,25.003353,27.054665,24.537653,24.090748,21.578852,23.805353,22.551855,26.722395,24.698463,29.777576,33.153553,34.119015,34.39097,35.558605,36.624615,34.022923,34.203327,31.17222,31.101435,32.639,31.425194,32.989437,33.471954,34.036922,37.72839,36.205696,32.889748,37.516678,37.728306,32.771732,36.49297,33.172306,35.126244,29.321886,31.829529,28.781908,31.302946,26.600216,24.453102,28.740454,23.310684,26.32443,23.653437,21.914362,17.640253,16.73354,12.070411,13.236065,9.576235,11.846493,13.11672,14.014136,17.623262,16.98426,16.869818,19.594288,22.16088,21.888218,21.701284,23.100193,23.97938,21.274939,20.251337,17.930815,16.09205,18.42062,15.860506,20.155407
7,19.722456,17.17177,14.33335,12.117896,8.840637,5.6613517,4.5050564,0.0,5.6984954,7.1167755,11.295629,13.368622,18.796602,17.080505,15.811108,12.295804,9.209018,8.178725,5.5655346,9.1172285,7.016595,11.766977,13.312205,16.408382,19.438084,19.28649,18.904396,14.551935,13.002105,12.929251,13.555247,14.153221,15.19662,17.427628,20.556631,20.425655,22.144453,23.65311,21.126184,23.364475,20.458864,20.541723,17.838913,20.905663,19.807554,24.21365,22.799915,27.463243,30.60719,31.263762,31.588446,32.23326,32.96189,30.179302,30.151981,27.212784,26.842846,28.484327,27.324465,29.182858,29.89861,30.73247,34.474453,33.35942,29.81736,34.589954,35.09059,30.417606,34.623726,31.534554,33.70426,27.706682,30.592518,27.137194,30.069437,25.784357,23.231892,27.835796,22.20234,25.507545,22.226479,19.881342,15.675156,14.369197,9.925243,9.90091,6.941564,8.326189,10.030265,10.505336,14.7520485,13.70363,12.769646,15.801607,18.673363,18.137627,17.388231,18.96795,20.037886,17.21458,15.931076,13.859865,11.593395,14.233888,11.939838,16.427752
8,23.548069,20.643824,18.486856,14.948093,12.742123,10.302528,6.390941,5.6984954,0.0,4.967621,6.6334677,10.073369,15.376177,12.289185,11.657094,7.087281,6.0287476,6.0868044,7.3740935,10.223549,11.420367,15.910826,17.987827,21.184612,24.436817,24.716316,24.31457,20.161139,18.216297,17.678501,17.578197,16.165241,15.481501,17.88862,19.860106,19.522575,21.517805,24.05555,22.00289,25.193647,22.884888,24.075424,21.94703,25.471987,25.158613,29.496517,28.384966,32.93934,36.011627,36.57405,36.893806,37.20317,37.552452,34.537964,34.106884,31.14442,30.052814,31.442123,29.407717,32.03227,32.24042,33.37579,37.34567,36.803093,33.80082,38.760807,39.63056,35.06614,39.176697,35.932087,37.60876,31.633856,33.924694,30.257275,32.677895,28.356743,25.541805,29.316814,23.535505,25.663183,22.15763,20.780193,17.060322,17.232603,12.226186,14.344802,12.347771,13.577529,15.067007,14.424742,19.23434,18.71903,16.785439,19.279974,23.23908,22.790688,20.924776,22.142782,22.76942,19.156897,18.37764,14.684145,13.798717,14.344241,12.130576,15.776909
9,26.246542,23.319548,21.002645,18.305693,14.977469,12.474066,9.664642,7.1167755,4.967621,0.0,5.613035,6.2581186,11.78342,10.491572,9.284301,7.545993,4.719616,7.3432155,7.1302667,12.126383,12.199536,16.680555,19.082901,21.31294,24.983864,24.998402,23.989632,19.747498,17.377619,15.648536,15.405536,11.950303,11.303659,13.057651,15.263984,14.625031,16.601646,19.113945,17.188906,20.540293,18.617338,20.346424,18.811941,22.70657,23.570414,27.654257,27.40785,31.484335,34.3633,34.920467,35.786057,35.398357,35.478783,31.845106,31.06803,27.843393,26.43263,27.435816,24.930458,27.760567,27.713362,29.00862,33.061695,32.962845,30.289236,35.37075,36.643448,32.36769,36.60058,33.438774,34.89754,28.905617,31.08862,27.067116,29.521591,25.63538,22.436354,26.09554,20.23099,22.284992,18.272121,16.653418,13.303184,13.901681,9.268977,12.01627,11.740151,12.942209,15.26801,14.603032,19.66305,18.218723,15.438458,18.636679,22.426077,21.167572,18.553352,20.608131,21.733536,17.950993,16.519005,13.2136345,10.847272,10.534261,7.5743957,11.083407
10,30.149492,27.208565,25.029375,21.575449,19.175457,16.617336,12.984841,11.295629,6.6334677,5.613035,0.0,5.385738,9.423684,6.9003167,7.8718505,5.6486654,7.245001,10.244293,12.093975,15.882805,17.157148,21.661932,23.995071,26.627785,30.175838,30.215208,29.390934,24.988306,22.869177,21.168146,20.993292,16.664034,15.269442,16.377165,17.619768,16.1575,17.854853,21.336658,19.750835,24.020195,22.238962,25.017775,23.537651,27.952196,28.658453,32.898064,32.659008,36.63874,39.38268,39.635773,40.127346,39.578606,39.256733,35.805386,34.75463,31.88003,29.801838,30.870544,27.938747,31.56505,31.39201,33.064743,37.195473,37.664223,35.147118,40.286354,41.78934,37.70309,42.0318,38.910164,40.24098,34.28905,36.264812,32.140434,34.351257,30.57599,27.272032,30.344204,24.555162,25.647526,21.48403,20.623123,17.928997,19.170547,14.686314,17.396696,16.972513,17.512974,19.154593,17.539066,22.806923,22.217882,18.906996,21.11171,25.89797,25.150007,21.806625,22.959045,23.413065,19.146753,18.553368,13.895976,13.92896,11.888175,10.431078,12.330713
11,32.28957,29.214243,27.133024,24.257153,20.991442,18.695227,15.600102,13.368622,10.073369,6.2581186,5.385738,0.0,5.685327,5.9116354,5.3859897,7.747072,7.365178,11.437075,12.479343,17.132013,18.002808,22.171167,24.86061,26.607737,30.523968,30.584488,29.249863,25.134726,22.496948,19.982533,19.323498,13.354761,11.2266035,11.799729,12.451308,10.95201,13.0109415,16.659246,15.6292515,19.908321,19.078789,22.15188,21.610302,25.884785,27.95394,31.712206,32.23331,35.81338,38.428543,38.86474,40.053326,38.925507,38.493423,34.345325,32.99547,29.720867,27.480104,27.90632,24.306004,27.949858,27.23223,28.936768,33.10554,33.949646,32.068405,37.22664,39.092575,35.26999,39.444958,36.33838,37.23488,31.448792,33.027515,28.706087,30.67322,27.34905,23.805159,26.401714,20.758474,21.409817,16.92523,16.269215,14.372135,16.437862,12.754232,16.415722,17.352621,18.299835,20.703056,19.503925,24.711582,23.161972,19.525723,22.503395,26.698742,25.084316,21.36121,23.528625,24.585938,20.406654,19.056583,15.274282,13.458747,10.4057,7.980061,8.608388
12,37.953705,34.898117,32.761196,29.88529,26.653158,24.25294,21.195078,18.796602,15.376177,11.78342,9.423684,5.685327,0.0,6.7802567,7.9837704,12.0382595,12.830089,16.931276,18.100578,22.734964,23.576242,27.696405,30.388498,31.883408,35.845066,35.724625,34.200413,30.008009,27.448118,24.440506,23.868668,16.612171,14.425881,13.380511,13.028674,10.144959,11.370087,15.847924,15.595114,20.552357,20.376307,24.59505,24.599182,29.281364,31.90221,35.477272,36.561806,39.648838,41.952198,42.130657,43.40119,41.655212,40.706314,36.338757,34.5215,31.468601,28.480854,28.564396,24.281647,28.693684,27.643759,29.79129,33.91831,35.667744,34.26121,39.377407,41.713287,38.401165,42.650692,39.747223,40.38193,34.807972,36.122295,31.615376,33.355217,30.659346,26.941013,28.826427,23.600624,23.327782,18.650312,18.520712,17.839895,20.347603,17.53167,20.892637,22.459894,22.920126,25.186787,23.508677,28.698372,27.225586,22.997625,25.54865,30.052876,28.33685,23.810366,25.782055,26.665386,22.367624,21.246088,17.371408,16.4047,11.813293,10.876735,8.811949
13,34.970722,31.69115,30.119083,26.451399,23.9693,22.048807,18.093006,17.080505,12.289185,10.491572,6.9003167,5.9116354,6.7802567,0.0,3.8033311,6.570794,9.481698,13.034178,15.940814,19.137888,21.657848,25.630705,28.483688,30.632154,34.543213,35.054424,33.953312,30.04966,27.282587,25.234592,24.160902,18.7711,15.469725,16.781914,15.806387,14.903257,17.1356,21.272272,20.826963,25.193027,24.81601,27.894732,27.47067,31.508945,33.52572,37.309334,37.552727,41.38967,44.124306,44.63038,45.690853,44.7281,44.287125,40.22806,38.842243,35.607224,33.240093,33.56977,29.668577,33.45131,32.386677,34.064926,38.227985,39.152596,37.64169,42.77385,44.645355,40.72115,44.623184,41.333256,41.885494,36.246384,37.318607,33.17349,34.585163,31.089186,27.72145,29.505455,24.144632,23.650394,19.699097,20.261581,18.747276,21.427502,17.445793,21.806358,22.109882,23.33838,25.471632,24.115164,29.390339,28.324303,24.843407,27.406345,31.987741,30.696291,26.991903,28.70199,29.366379,25.003227,24.161358,19.690916,19.035994,15.740213,13.852265,13.850523
14,33.01681,29.628752,28.2638,24.86069,21.998993,20.43511,16.677053,15.811108,11.657094,9.284301,7.8718505,5.3859897,7.9837704,3.8033311,0.0,6.0499525,7.1825438,10.829422,13.558023,16.748236,19.375908,23.010782,26.067385,27.874952,31.9251,32.663036,31.435131,27.901718,24.799026,22.783587,21.260725,16.231516,12.276094,14.469024,13.1323,13.315712,16.145588,19.863266,19.540901,23.316513,23.315386,25.729448,25.607794,29.081697,31.539152,35.058456,35.34687,39.248325,42.091915,42.896683,44.317474,43.433884,43.267006,38.97669,37.716255,34.15183,32.18304,32.27668,28.38741,31.63651,30.358925,31.732237,35.864937,36.456684,35.174667,40.24912,42.025887,37.978024,41.609287,38.201397,38.555202,33.010773,33.856594,29.822256,31.05996,27.470907,24.183804,25.87232,20.533524,20.061333,16.283838,17.020866,15.476415,18.46456,14.583707,19.68812,20.166927,21.99726,24.53104,23.745842,28.89102,27.321636,24.188608,27.322138,31.313978,29.656178,26.361418,28.665062,29.720133,25.557158,24.250475,20.375683,18.475016,15.759108,12.92037,13.355197
15,28.80018,25.491957,24.144981,20.156298,18.125385,16.533096,12.174245,12.295804,7.087281,7.545993,5.6486654,7.747072,12.0382595,6.570794,6.0499525,0.0,5.0677896,7.246442,11.136687,13.210361,16.497753,20.373552,23.11589,25.827015,29.508446,30.330894,29.639225,25.954279,23.27608,22.202162,21.086872,18.002342,15.092559,17.891638,17.863802,17.965706,20.517176,23.911371,22.807968,26.454365,25.39461,27.229595,26.139223,29.56617,30.656752,34.61231,34.039177,38.4439,41.49753,42.244682,43.059982,42.887424,43.00333,39.373173,38.52189,35.22418,33.637264,34.37212,31.263195,34.28899,33.63513,34.870857,38.978195,38.9543,36.915173,41.97344,43.266098,38.831577,42.57862,39.113777,39.987854,34.23287,35.588802,31.812893,33.42169,29.239542,26.264442,28.759647,23.185892,23.687286,20.2811,20.34464,17.618967,19.529518,14.704275,19.004156,18.068369,19.841774,21.801506,21.00811,26.036213,25.18826,22.658659,25.335808,29.52858,28.59067,25.948874,27.555973,28.22813,24.166138,23.325666,19.070242,18.114443,16.644928,14.080509,16.088388
16,25.913286,22.597933,21.091337,17.863811,14.8240595,13.334979,9.701939,9.209018,6.0287476,4.719616,7.245001,7.365178,12.830089,9.481698,7.1825438,5.0677896,0.0,4.131927,6.6056004,9.98996,12.34554,16.16173,19.074633,21.303062,25.174074,25.959524,25.028084,21.529799,18.563158,17.371151,16.04617,13.526658,10.91434,14.322588,14.987362,15.717985,18.455544,21.104904,19.805408,22.737183,21.69654,22.769531,21.793413,24.758848,26.168688,29.905634,29.4602,33.83817,36.945953,37.922966,39.104527,38.942204,39.31403,35.484493,34.790867,31.227917,30.105307,30.718924,27.882584,30.310192,29.710411,30.667118,34.70367,34.302654,32.214394,37.21377,38.383125,33.864872,37.534058,34.054844,34.991665,29.206686,30.701582,26.952736,28.760931,24.527267,21.565619,24.550043,18.839865,20.177551,16.775242,16.200787,12.983205,14.587033,9.688621,14.420106,13.789229,16.147923,18.661457,18.572737,23.387861,21.808691,19.627241,23.019262,26.415033,25.005154,22.83802,25.156782,26.351889,22.637672,21.170273,17.900276,15.309313,14.796048,11.327883,14.141132
17,22.256235,18.833504,17.703018,14.192145,11.5326605,10.736116,6.854468,8.178725,6.0868044,7.3432155,10.244293,11.437075,16.931276,13.034178,10.829422,7.246442,4.131927,0.0,5.021125,6.110555,9.838759,13.264068,16.150127,18.84901,22.5129,23.711058,23.149515,20.071047,17.155012,16.999447,15.527648,15.340638,13.125025,17.201876,18.052803,19.335293,22.113642,24.346598,22.86599,25.217323,23.93383,24.062082,22.74114,24.982426,25.72928,29.443962,28.34482,33.133667,36.46704,37.67327,38.718964,39.144867,39.930935,36.426414,36.106228,32.542416,31.978958,32.774574,30.438766,32.305603,31.891544,32.50687,36.402172,35.361435,33.062782,37.89063,38.627197,33.790768,37.187965,33.58683,34.651543,28.946049,30.49391,27.174074,28.952751,24.296427,21.812933,25.052568,19.539177,21.34076,18.66525,18.015587,14.314443,15.251926,10.212233,14.595539,12.808748,15.763802,18.05883,18.570488,22.920122,21.509115,20.258821,23.613037,26.531483,25.390802,24.11953,26.30911,27.474817,24.109072,22.713257,19.775337,17.180721,17.75954,14.316491,17.71301
18,20.219553,17.082518,15.266282,13.095675,9.033575,7.8197966,6.072971,5.5655346,7.3740935,7.1302667,12.093975,12.479343,18.100578,15.940814,13.558023,11.136687,6.6056004,5.021125,0.0,5.97094,5.821108,9.80326,12.595202,14.838657,18.625357,19.372364,18.551651,15.266763,12.293419,12.022905,10.900336,11.880269,11.34802,15.048102,17.182026,18.360292,20.80674,22.20478,20.309723,21.985355,20.277323,19.697344,18.115103,20.129227,20.731955,24.426456,23.41716,28.132195,31.453266,32.70433,33.913063,34.33663,35.286644,31.779337,31.64331,28.037153,27.89969,28.79926,27.021336,28.391993,28.352554,28.81122,32.583023,31.242035,28.539885,33.31003,33.90288,29.047768,32.65377,29.188332,30.655436,24.795506,26.917917,23.550892,25.905533,21.363781,18.867603,23.011179,17.426027,20.464655,17.65926,15.858301,11.611969,11.248609,6.306512,9.762441,8.003272,11.414622,14.165327,15.344197,19.320877,17.261986,16.41419,20.263317,22.392366,20.92797,20.198244,22.845001,24.414139,21.525772,19.66825,17.84351,14.075028,15.874716,12.284837,16.32743
19,16.611351,13.049725,12.531131,9.459872,6.8008523,7.9459534,6.0302916,9.1172285,10.223549,12.126383,15.882805,17.132013,22.734964,19.137888,16.748236,13.210361,9.98996,6.110555,5.97094,0.0,6.4213705,8.237479,11.03495,14.110301,17.420914,19.242775,19.134789,17.024601,14.220388,15.632913,14.009346,17.212864,15.932901,20.422117,21.743538,23.64474,26.382797,27.811285,26.109606,27.420895,25.915712,24.55911,22.938429,23.857653,23.829315,27.23256,25.31881,30.529242,34.119545,35.73334,36.784634,37.969406,39.400482,36.281036,36.510303,32.91864,33.274956,34.205505,32.656902,33.54013,33.4049,33.472145,37.05157,35.059544,32.504288,36.95298,37.04161,31.854984,34.78095,31.100887,32.388424,26.92975,28.629824,26.022266,27.851608,22.819798,21.138252,24.859903,19.879736,22.619144,20.922249,19.866789,15.773125,15.527189,11.245273,14.476048,11.517377,15.273794,17.349077,19.013084,22.27851,20.742086,20.9726,24.425991,26.147478,25.136906,25.281555,27.572151,28.91765,26.279274,24.736757,22.80195,19.676027,21.667446,18.192127,22.132961
20,15.01425,12.22394,10.019054,9.413439,4.4563565,4.43071,6.6234236,7.016595,11.420367,12.199536,17.157148,18.002808,23.576242,21.657848,19.375908,16.497753,12.34554,9.838759,5.821108,6.4213705,0.0,4.779253,6.907249,9.780915,13.134707,13.9151945,13.567304,10.721319,8.2437315,10.054704,9.633297,14.380727,15.372526,18.777285,21.595837,22.902376,25.035719,25.632034,23.380512,24.085415,21.81513,19.800306,17.546227,18.360981,17.51255,21.123934,19.141615,24.315382,27.86095,29.357801,30.37221,31.60617,33.171837,30.264866,30.74961,27.334732,28.144001,29.385193,28.674927,29.125034,29.650381,29.669512,33.06136,30.843811,27.540539,31.901163,31.801844,26.66583,30.096317,26.733355,28.792578,23.089508,25.807375,23.086727,25.830482,21.170265,19.42594,24.28366,19.279947,23.330465,21.219149,18.816605,14.401965,12.342549,9.010987,9.297496,5.6209803,9.674961,11.954726,14.445259,17.024961,14.883505,15.8251505,19.555252,20.327755,19.162453,20.092596,22.607773,24.285278,22.317402,20.433685,19.799429,15.916345,19.24646,16.139954,20.544436
21,12.419112,9.6797285,8.568785,9.639652,5.537352,7.911299,10.584137,11.766977,15.910826,16.680555,21.661932,22.171167,27.696405,25.630705,23.010782,20.373552,16.16173,13.264068,9.80326,8.237479,4.779253,0.0,3.5261154,5.9234586,9.309123,11.246479,11.15782,10.347973,7.7680035,11.058131,9.950489,16.903542,17.765142,21.56927,24.063501,26.07465,28.348766,28.463717,26.411465,26.250359,24.382189,21.211218,19.316235,18.50972,17.684605,20.464823,17.977356,23.354534,27.091644,29.144363,30.512363,32.22205,34.33102,31.525364,32.366604,28.814049,30.344418,31.36865,31.006723,30.581163,31.014757,30.494331,33.538445,30.558966,27.475447,31.371014,30.762348,25.394432,28.081388,24.588186,26.552597,21.307592,23.81361,21.880465,24.360796,19.541252,18.652445,23.461596,19.25036,23.608116,22.450184,20.189789,16.031143,13.725594,11.720293,11.995489,8.914845,12.96712,15.022581,18.147383,19.742397,17.339382,19.230455,22.994425,22.671255,21.342003,23.205776,25.980297,27.850796,26.35077,24.314714,24.257425,19.994974,23.536642,20.263977,24.507359
22,9.879336,7.9593415,6.2696824,9.217776,6.137387,8.520914,12.241448,13.312205,17.987827,19.082901,23.995071,24.86061,30.388498,28.483688,26.067385,23.11589,19.074633,16.150127,12.595202,11.03495,6.907249,3.5261154,0.0,4.796006,6.726259,8.481807,9.187773,8.881963,7.7349772,11.916053,11.77513,19.201807,20.766874,24.137732,27.057531,28.78173,30.803082,30.692207,28.396984,28.037355,25.72272,22.225075,19.85491,18.72609,16.616943,19.363256,16.12324,21.672478,25.437475,27.469866,28.481041,30.72903,33.119034,30.867203,32.04832,28.82241,30.727486,32.053356,32.295704,31.608604,32.463833,31.870478,34.694897,31.43365,27.89147,31.492018,30.495995,25.146263,27.844255,24.621515,27.087246,22.058676,25.027237,23.425709,26.185781,21.602427,20.999588,26.050884,22.106796,26.744146,25.598946,23.038052,18.90344,16.03896,14.473934,13.26156,9.791482,13.051712,14.40455,17.889187,18.55031,16.422623,19.186466,22.54777,21.570944,20.646967,23.304401,25.728954,27.510368,26.523445,24.633965,25.061342,21.119171,25.203217,22.326557,26.714895
23,13.030147,11.675437,10.657417,13.960443,10.579609,12.51873,16.070166,16.408382,21.184612,21.31294,26.627785,26.607737,31.883408,30.632154,27.874952,25.827015,21.303062,18.84901,14.838657,14.110301,9.780915,5.9234586,4.796006,0.0,4.3459716,6.5721703,6.148811,8.14155,6.462605,10.654868,10.082814,18.594593,20.523355,23.69055,26.609068,28.72104,30.66918,29.896797,27.805862,26.521923,24.686346,20.221176,18.481037,15.916397,14.758745,16.437317,13.604329,18.885914,22.685713,25.240776,27.091782,29.122396,31.779306,29.16692,30.459557,26.962202,29.415194,30.340796,30.814287,29.306562,30.054268,29.021772,31.50399,27.749317,24.47212,27.714687,26.493979,21.070066,23.314814,20.032928,22.484743,17.728142,20.75672,19.612146,22.417803,18.144096,18.067743,23.238731,20.022522,25.095066,24.453293,21.668674,17.99054,14.744196,14.747928,13.341351,11.361118,14.669592,16.520132,20.251478,20.578648,17.576385,20.423147,24.21969,22.31841,20.638544,23.657179,26.777988,29.003412,28.310389,25.976238,27.126535,22.287966,26.40907,23.359324,27.433437
24,11.409144,11.329905,10.55307,15.029659,12.804073,14.885029,18.897621,19.438084,24.436817,24.983864,30.175838,30.523968,35.845066,34.543213,31.9251,29.508446,25.174074,22.5129,18.625357,17.420914,13.134707,9.309123,6.726259,4.3459716,0.0,4.1948156,5.588227,9.249588,9.467914,13.878038,14.025621,22.529377,24.79518,27.730728,30.856024,32.810993,34.59238,33.653843,31.406538,29.929047,27.778893,23.038883,20.961363,17.959736,15.428397,16.63349,12.789977,18.04616,21.807762,24.464441,25.94141,28.732258,31.809566,29.919516,31.636375,28.553493,31.45616,32.63724,33.72794,31.88055,32.997044,31.824839,33.970837,29.84548,26.243462,28.929913,27.138111,21.857931,23.749435,20.890617,23.785057,19.688534,22.95468,22.434486,25.280487,21.353426,21.71537,26.830046,24.042856,29.182339,28.703545,25.833164,22.231894,18.769316,18.906813,16.687004,14.399324,16.937452,18.017279,21.931051,21.254862,18.6886,22.349646,25.615963,22.988941,21.800953,25.63158,28.326204,30.413033,30.258274,28.12364,29.660843,25.228336,29.728418,27.000227,31.174438
25,13.384043,13.765763,11.790867,16.469088,13.984078,15.1265335,19.568651,19.28649,24.716316,24.998402,30.215208,30.584488,35.724625,35.054424,32.663036,30.330894,25.959524,23.711058,19.372364,19.242775,13.9151945,11.246479,8.481807,6.5721703,4.1948156,0.0,3.1007044,6.623131,8.581024,12.693056,14.026644,22.047348,25.217705,27.378626,31.126728,32.506657,33.8755,32.69094,30.165855,28.624292,25.939596,21.22186,18.641205,15.848716,11.979323,13.41579,9.058351,14.462814,18.196287,20.586302,21.800072,24.714062,27.8386,26.311398,28.21611,25.496279,28.573324,30.070118,31.718676,29.852488,31.483517,30.479364,32.51906,28.556961,24.301914,26.934086,25.097303,20.04414,22.65641,20.277544,23.853573,19.583326,23.605291,22.759998,26.189129,22.719675,22.724125,28.230654,25.235132,30.646608,29.657557,26.283054,22.69972,18.71157,19.18853,15.536383,13.551537,15.081437,15.748298,19.739908,18.352234,15.689114,19.783014,22.770206,19.484241,18.415045,22.771675,25.283487,27.406984,27.735271,25.615376,27.785742,23.491756,28.36732,26.125559,30.282005
26,15.880981,15.717877,13.685437,17.855452,14.607675,15.447964,19.672495,18.904396,24.31457,23.989632,29.390934,29.249863,34.200413,33.953312,31.435131,29.639225,25.028084,23.149515,18.551651,19.134789,13.567304,11.15782,9.187773,6.148811,5.588227,3.1007044,0.0,5.4532747,6.76523,10.387719,11.701133,19.736673,23.126549,25.053349,28.844538,30.280704,31.584448,30.149437,27.727627,25.873281,23.423462,18.41717,16.17194,12.920038,9.965892,11.125051,7.5792065,12.930401,16.737482,19.31125,21.206205,23.491238,26.485828,24.38445,26.130531,23.103392,26.237314,27.478535,29.039843,26.973936,28.504585,27.422953,29.451208,25.497988,21.328812,24.09407,22.445015,17.28394,20.117325,17.617842,21.203274,16.688965,20.883432,19.851131,23.450178,20.190765,20.097986,25.704926,22.800512,28.340109,27.32679,23.79564,20.432056,16.301394,17.42173,13.697355,12.582646,14.276961,15.529593,19.475723,18.48799,15.154965,18.809666,22.243843,18.901276,17.157629,21.280787,24.327728,26.736494,26.955046,24.533722,26.904701,22.060152,26.806263,24.457705,28.405392
27,16.578094,15.952236,12.801167,16.062302,12.329167,11.909344,16.158243,14.551935,20.161139,19.747498,24.988306,25.134726,30.008009,30.04966,27.901718,25.954279,21.529799,20.071047,15.266763,17.024601,10.721319,10.347973,8.881963,8.14155,9.249588,6.623131,5.4532747,0.0,4.2400002,7.228061,9.970838,16.582933,20.481564,21.88316,26.179193,26.86304,27.930338,26.87354,24.102833,23.089277,19.89821,15.961175,12.77061,11.751555,7.847643,11.330332,8.553311,13.820523,17.398613,19.006212,20.204702,21.95496,24.28212,22.078686,23.466133,20.578053,22.956713,24.651848,25.999598,24.93978,26.726973,26.309599,28.844769,25.822464,21.194645,24.754019,23.851048,18.947855,22.92956,20.504368,24.068155,18.766418,23.145187,21.022697,24.950533,21.56124,20.468071,26.298586,22.404203,27.781824,25.837595,22.05662,18.344427,14.090007,14.411277,9.454303,8.036766,8.908206,10.186779,14.08403,13.51759,9.979506,13.45482,16.970322,14.29733,12.684754,16.4061,19.247465,21.570263,21.569365,19.223446,21.502853,16.94911,21.905787,19.93792,24.055565
28,17.117641,15.628091,13.065575,15.457715,10.96906,10.889765,14.442874,13.002105,18.216297,17.377619,22.869177,22.496948,27.448118,27.282587,24.799026,23.27608,18.563158,17.155012,12.293419,14.220388,8.2437315,7.7680035,7.7349772,6.462605,9.467914,8.581024,6.76523,4.2400002,0.0,4.5798073,6.0322027,13.549795,16.829983,18.866188,22.702763,23.944092,25.415524,24.508905,22.071411,21.05593,18.603048,14.624678,12.318427,11.14667,10.119346,13.053831,11.419882,16.387426,19.97477,21.881813,23.726227,24.857088,26.919046,23.879152,24.820198,21.294638,23.300123,24.433998,24.917404,23.958921,25.0721,24.564543,27.378109,24.43381,20.539238,24.468992,23.95335,18.799986,22.469112,19.478594,22.346785,16.709124,20.536467,18.133522,21.770546,17.989973,16.719177,22.459145,18.383585,23.680696,21.888325,18.325184,14.52363,10.476899,10.822918,7.3088765,6.429879,9.210763,11.7148285,15.266394,16.068457,12.31836,14.499292,18.701809,17.032469,14.817385,17.339087,20.804565,23.261683,22.508839,19.911503,21.49625,16.253345,20.606228,17.920996,21.953083
29,21.466518,19.730618,17.041193,18.62727,13.8028555,12.821716,15.4756,12.929251,17.678501,15.648536,21.168146,19.982533,24.440506,25.234592,22.783587,22.202162,17.371151,16.999447,12.022905,15.632913,10.054704,11.058131,11.916053,10.654868,13.878038,12.693056,10.387719,7.228061,4.5798073,0.0,4.112497,9.537654,13.761472,14.867003,19.1556,20.02126,21.222576,20.05366,17.591509,16.509094,14.091192,10.363782,8.362467,8.38991,9.578722,12.621416,12.772584,16.70842,19.881552,21.455042,23.720097,23.780289,25.256857,21.431623,21.849573,17.969091,19.489258,20.355906,20.445486,19.795326,20.82131,20.614437,23.708382,21.438574,17.621061,22.081646,22.298407,17.509235,21.785275,18.911184,21.556671,15.562524,19.43357,16.186813,20.109383,16.84145,14.78954,20.580664,16.18586,21.449862,19.043707,15.025543,11.521734,7.077611,8.547543,4.085466,6.4926705,8.569656,11.832213,14.668376,16.244299,11.935072,12.658333,17.37491,16.155376,13.084932,14.4743185,18.666527,21.43578,20.40167,17.408848,19.210485,13.191904,17.211956,14.538748,18.181246
30,21.653898,19.438791,17.501223,18.626257,13.679176,13.438053,15.359053,13.555247,17.578197,15.405536,20.993292,19.323498,23.868668,24.160902,21.260725,21.086872,16.04617,15.527648,10.900336,14.009346,9.633297,9.950489,11.77513,10.082814,14.025621,14.026644,11.701133,9.970838,6.0322027,4.112497,0.0,8.742958,11.5005245,13.843381,17.182396,19.06541,20.870619,19.875563,18.008883,16.766268,15.581468,11.809758,11.269638,10.346886,13.131467,15.303218,15.516083,19.492083,22.748695,24.739882,27.40047,27.426529,28.960121,24.793457,25.033453,20.802622,22.183393,22.4342,21.732899,20.927883,21.098793,20.57807,23.761957,21.311417,18.534447,22.956926,23.267786,18.295155,21.774158,18.378302,20.179443,14.184999,17.16678,13.916097,17.278708,13.439715,11.370097,17.036123,12.566703,17.854956,15.955918,12.352084,8.748535,4.759927,6.7167525,6.3091836,8.253708,11.613562,15.072645,17.762857,19.856596,15.782461,16.164589,20.96101,20.202133,17.13447,17.999937,22.299726,25.00613,23.51629,20.538237,21.598078,15.445452,18.58136,15.150944,18.528532
31,28.800089,26.256245,23.942806,23.660723,18.805632,17.207539,17.294971,14.153221,16.165241,11.950303,16.664034,13.354761,16.612171,18.7711,16.231516,18.002342,13.526658,15.340638,11.880269,17.212864,14.380727,16.903542,19.201807,18.594593,22.529377,22.047348,19.736673,16.582933,13.549795,9.537654,8.742958,0.0,5.847569,5.3410845,9.938508,10.56057,12.133974,11.5708275,9.8330145,10.214798,9.750409,9.735589,10.499093,13.243263,17.424639,19.992592,21.649439,24.489876,27.004107,28.09993,30.657963,29.232706,29.494787,24.517494,23.57124,19.299189,18.6975,18.42798,15.856204,17.0957,16.587055,17.345976,21.331278,21.110807,19.060398,24.157743,25.879946,22.051771,26.189512,23.256243,24.400866,18.563168,20.821985,16.332903,19.318584,16.660437,13.063777,17.381407,12.069706,15.7702875,11.782878,7.7296724,5.265658,4.568152,6.000773,7.7794223,11.752181,13.399055,16.992945,17.897621,21.443575,17.660841,15.36413,20.077827,21.120451,17.743843,15.716303,20.261353,22.90394,20.451986,17.34992,17.62225,11.225707,12.082983,8.465601,10.479088
32,29.974255,26.927137,25.32101,24.109339,19.568022,18.485966,17.287,15.19662,15.481501,11.303659,15.269442,11.2266035,14.425881,15.469725,12.276094,15.092559,10.91434,13.125025,11.34802,15.932901,15.372526,17.765142,20.766874,20.523355,24.79518,25.217705,23.126549,20.481564,16.829983,13.761472,11.5005245,5.847569,0.0,5.574399,6.306904,9.141001,12.199276,13.018949,12.622179,13.748305,14.749684,15.128663,16.31476,18.311195,22.641151,25.060057,26.326418,29.574495,32.29308,33.6581,36.263042,35.02898,35.342308,30.320631,29.277529,24.951853,24.10344,23.451984,20.003359,21.491388,19.976425,20.580025,24.572853,24.466385,23.527613,28.451706,30.214705,26.264845,29.63764,26.302471,26.530945,21.041588,22.00748,17.731936,19.45147,16.318565,12.659338,15.465679,9.7565,11.762805,7.437643,5.4301906,3.5267723,7.3693094,6.61885,12.08099,14.753321,17.311907,20.891485,21.617836,25.714394,22.361664,20.030064,24.557182,26.286423,23.236944,21.002832,25.139786,27.447664,24.408575,21.682129,20.6342,15.137598,14.545029,10.327028,11.512565
33,33.57196,30.81504,28.643005,27.753506,23.10056,21.359032,20.52017,17.427628,17.88862,13.057651,16.377165,11.799729,13.380511,16.781914,14.469024,17.891638,14.322588,17.201876,15.048102,20.422117,18.777285,21.56927,24.137732,23.69055,27.730728,27.378626,25.053349,21.88316,18.866188,14.867003,13.843381,5.3410845,5.574399,0.0,5.572848,5.3679047,7.3265367,7.5773907,7.1222887,9.062075,10.393325,12.645311,14.318239,17.533928,22.244268,24.606096,26.71301,29.130096,31.34074,32.20905,34.83784,32.806904,32.520374,27.216665,25.675835,21.534496,19.893824,19.00059,14.977672,17.386324,15.950061,17.327547,21.485945,22.511349,21.468716,26.513916,28.857052,25.640703,29.599892,26.806076,27.30649,21.902369,23.349125,18.678236,20.920794,18.943472,15.078712,17.88627,12.884688,14.774964,9.952508,7.020099,7.227202,9.256204,9.95223,12.817711,16.5386,17.81725,21.204737,21.350567,25.375868,21.933811,18.766327,23.053835,24.88681,21.564852,18.372763,22.662848,25.082859,22.144484,19.263536,18.77686,13.214714,11.738051,8.497447,7.9715996
34,36.271053,33.18944,31.582827,30.171974,25.74493,24.454082,22.860462,20.556631,19.860106,15.263984,17.619768,12.451308,13.028674,15.806387,13.1323,17.863802,14.987362,18.052803,17.182026,21.743538,21.595837,24.063501,27.057531,26.609068,30.856024,31.126728,28.844538,26.179193,22.702763,19.1556,17.182396,9.938508,6.306904,5.572848,0.0,5.2224946,8.577662,9.898385,11.212101,12.887637,15.536941,17.455826,19.619987,22.030775,27.19731,29.255415,31.279654,33.849907,36.16102,37.30368,40.163258,38.16001,37.92685,32.470074,30.845612,26.60545,24.929228,23.553974,18.939383,21.176573,18.748777,19.84264,23.823536,25.02318,25.14352,29.932596,32.38404,29.21493,32.461292,29.42867,29.045155,24.136698,24.397459,19.983486,21.02576,19.15402,15.4177885,16.413132,11.924991,11.524021,6.559269,6.6404223,8.717102,12.574748,12.79827,17.396587,20.57476,22.496822,25.945984,26.0912,30.377892,27.075264,23.994793,28.221218,30.312136,27.062181,23.882296,28.006317,30.255856,27.01415,24.36505,23.131115,18.187538,15.8987255,12.584662,11.241419
35,37.895683,34.987213,32.849197,31.353022,27.005459,25.045305,23.4331,20.425655,19.522575,14.625031,16.1575,10.95201,10.144959,14.903257,13.315712,17.965706,15.717985,19.335293,18.360292,23.64474,22.902376,26.07465,28.78173,28.72104,32.810993,32.506657,30.280704,26.86304,23.944092,20.02126,19.06541,10.56057,9.141001,5.3679047,5.2224946,0.0,3.6890194,6.8218455,7.8758307,11.563458,13.4040165,17.156961,18.832035,22.590273,27.15077,29.633823,31.840391,34.10288,36.125515,36.702637,39.128872,36.740673,35.966316,30.661814,28.697155,24.93325,22.39251,21.321201,16.433796,20.013292,18.166225,20.108446,24.188368,26.192278,25.658442,30.591972,33.298145,30.491537,34.41675,31.745457,31.93798,26.812937,27.81865,23.17131,24.878988,23.25357,19.398926,21.069468,16.501434,16.691101,11.718056,10.656994,11.80308,14.520004,14.367259,17.542168,20.899965,21.806702,24.906145,24.337067,28.77273,25.818472,21.991337,25.712318,28.403225,25.374252,21.30209,25.007654,27.031727,23.642736,21.206799,19.821505,15.619755,12.2427635,10.053844,7.104973
36,39.96394,37.243217,34.801563,33.528088,29.150284,26.898373,25.574791,22.144453,21.517805,16.601646,17.854853,13.0109415,11.370087,17.1356,16.145588,20.517176,18.455544,22.113642,20.80674,26.382797,25.035719,28.348766,30.803082,30.66918,34.59238,33.8755,31.584448,27.930338,25.415524,21.222576,20.870619,12.133974,12.199276,7.3265367,8.577662,3.6890194,0.0,4.652224,5.8683996,10.396432,12.046535,16.871107,18.549362,22.852882,27.302982,29.745094,32.308475,34.088654,35.78068,36.010773,38.33992,35.519302,34.34844,29.037533,26.78069,23.353542,20.253946,19.134842,14.01547,18.365835,16.804474,19.266787,23.245914,25.900465,25.193361,30.047905,33.00414,30.665693,34.895615,32.578175,33.01251,27.980402,29.32448,24.605492,26.630114,25.475582,21.62778,23.498293,19.212345,19.709564,14.839638,13.255684,14.458467,16.421934,16.700129,18.675867,22.320633,22.545816,25.400312,24.512117,28.751986,25.871313,21.702164,25.067669,27.777756,24.73851,20.196205,23.751987,25.74523,22.534876,20.143688,19.18499,15.367798,11.61215,10.691847,6.76182
37,40.216335,37.710228,35.200085,34.610348,29.945292,27.848999,27.2593,23.65311,24.05555,19.113945,21.336658,16.659246,15.847924,21.272272,19.863266,23.911371,21.104904,24.346598,22.20478,27.811285,25.632034,28.463717,30.692207,29.896797,33.653843,32.69094,30.149437,26.87354,24.508905,20.05366,19.875563,11.5708275,13.018949,7.5773907,9.898385,6.8218455,4.652224,0.0,3.6053839,6.225547,9.183701,13.742937,16.240826,20.041199,25.180317,27.01262,30.146933,31.332855,32.753563,33.05654,35.846577,32.68778,31.555515,25.900818,23.581045,19.936928,17.099922,15.347486,10.006488,13.930833,12.169643,14.737671,18.661259,21.587004,21.097544,25.794483,28.952246,27.041122,31.238153,29.226707,29.669409,24.935484,26.408762,21.719027,23.984352,23.532509,19.823101,21.87679,18.199987,19.389748,14.92547,12.492563,14.230562,15.467745,17.137688,18.20091,22.431252,22.582766,25.536777,25.10263,28.738487,25.353933,21.56255,25.167894,26.883307,23.360203,19.25546,23.400183,25.822042,23.267065,20.458609,20.765217,16.049593,13.52242,12.597148,9.6209135
