,0,1,2,3,4,5,6,7,8,9,10,11,12,13,14,15,16,17,18,19,20,21,22,23,24,25,26,27,28,29,30,31,32,33,34,35,36,37,38,39,40,41,42,43,44,45,46,47,48,49,50,51,52,53,54,55,56,57,58,59,60,61,62,63,64,65,66,67,68,69,70,71,72,73,74,75,76,77,78,79,80,81,82,83,84,85,86,87,88,89,90,91,92,93,94,95,96,97,98,99,100,101,102,103,104,105,106,107,108,109
0,0.0,4.313457,6.3023396,9.330057,11.900356,13.958344,17.428951,20.788132,24.255844,26.755243,30.762682,28.81894,27.031364,27.589504,22.963928,24.324722,21.344696,21.42663,22.24155,21.202284,24.998676,23.68818,28.912859,30.39361,29.90116,30.751848,29.493084,30.116413,24.455042,27.327702,27.094034,27.56576,32.015312,28.464308,33.22425,33.546383,36.166664,37.1297,32.85359,29.89552,35.02834,32.62259,33.23047,33.040432,33.726513,32.591496,34.126472,35.191723,35.835133,34.886417,31.914215,34.80832,31.389008,35.501198,35.27668,39.003754,35.71977,38.741146,39.7798,37.532288,34.74922,32.807274,29.792597,26.111301,24.911058,20.457376,20.55843,17.575191,20.283434,17.368906,18.305828,21.818903,20.366755,26.400084,25.470757,29.03435,30.990656,32.85064,36.04646,37.006542,38.282978,35.501926,32.341812,30.85385,26.70216,29.538414,23.23934,25.13896,22.44931,23.204216,21.902214,22.1924,23.330687,23.083542,19.17608,18.957844,17.18784,16.85087,15.861163,14.415401,12.516998,12.278173,13.937288,15.025079,13.724317,17.120663,17.352352,17.689543,21.349173,21.401064
1,4.313457,0.0,5.2765217,6.539152,8.559478,11.889306,14.164185,18.561249,21.359459,24.207485,28.107552,26.17846,24.81272,24.953114,20.40194,21.074999,18.068806,17.602806,18.532654,17.118122,20.970722,19.958492,24.968107,26.460495,26.080841,26.826885,25.458672,25.902102,20.143263,23.069296,22.855892,23.519917,28.249708,25.054636,29.727558,30.413197,33.02714,33.68374,29.38399,26.1905,31.157574,28.49995,29.108604,28.76299,29.43083,28.295387,29.883394,31.035233,31.698496,30.863182,27.937452,31.051256,27.924278,32.09348,31.549883,35.315723,31.893412,34.824875,36.003777,34.019394,31.08057,29.543724,26.326664,22.903048,21.799904,17.393213,18.040676,14.609197,17.818764,14.348853,14.385733,18.098833,16.515581,22.582508,21.908676,25.224495,27.519379,29.346224,32.62424,33.856064,34.95179,31.961342,29.036318,27.25731,23.083927,25.638542,19.297688,21.016565,18.24878,19.197166,17.946623,18.606894,19.940361,19.2501,15.474628,14.85093,12.896683,12.940809,12.176343,10.443459,8.222347,8.499994,10.76558,11.799393,9.997101,14.14953,13.671164,14.854841,18.280872,19.026142
2,6.3023396,5.2765217,0.0,5.2959733,6.799517,8.252496,11.864775,14.732511,18.492807,20.647324,24.91728,23.481915,22.102379,22.980097,18.86235,20.217243,18.447271,18.142561,20.63435,19.453197,23.645666,23.53516,28.17858,29.77021,29.52271,29.783676,27.67098,27.856497,21.703726,24.847591,23.55384,25.048763,28.493395,25.667063,30.004662,30.384775,33.592735,34.37007,30.480717,27.67132,32.150585,29.939718,29.709986,29.530474,31.135006,29.418459,31.492554,32.219345,32.322216,31.099936,27.76717,30.402695,26.817446,30.440145,30.201027,33.672707,30.464832,33.605465,34.386913,31.796028,29.23278,26.886198,24.186413,20.301023,19.778557,15.0531845,15.535206,13.139898,16.894773,14.733318,14.78505,17.679031,15.6201725,21.57094,19.903273,23.789433,25.299452,27.32483,30.44586,31.257105,32.87354,30.255877,27.36526,25.888203,21.621204,24.660954,18.488855,20.884918,18.87883,19.938509,19.784246,20.46073,22.66364,22.297173,18.629957,17.828285,14.86387,16.506832,16.116621,12.925654,10.066192,12.332971,14.881223,14.615917,12.146316,14.760464,13.386029,13.226602,16.27583,15.950061
3,9.330057,6.539152,5.2959733,0.0,3.8206134,5.9078646,8.720914,12.641181,15.268821,18.334742,21.875895,19.71809,18.281748,18.559181,14.157204,15.247615,13.158658,13.1437435,15.7571945,15.174031,19.468134,19.840048,24.510925,26.472334,27.009571,27.523994,25.635738,25.12011,18.31563,20.826082,19.472075,20.316278,23.474302,20.399397,24.80788,25.167673,28.305012,29.114706,25.230278,22.565554,27.128822,25.32066,25.146635,25.588697,27.536629,26.249,28.65692,29.90217,30.046001,29.194906,25.891766,29.064001,26.156378,29.556446,28.407078,31.653759,27.822056,30.672472,31.259907,29.144592,26.231457,24.890562,22.38434,18.896776,19.604269,14.806075,16.632874,13.917391,18.604132,15.756232,13.621439,16.739555,13.641331,19.712296,17.240091,20.738098,22.313255,23.841537,26.979588,27.912119,29.01173,26.289782,23.016756,21.640276,17.57924,20.799759,14.796893,18.178995,16.37234,18.39555,18.434958,20.01989,22.238892,20.644339,17.53977,15.449002,11.344621,13.260774,14.620705,11.972294,7.127307,9.38102,11.722094,10.2481165,7.6115255,9.517327,8.508786,8.504756,12.032702,12.557457
4,11.900356,8.559478,6.799517,3.8206134,0.0,5.296369,5.611986,10.663685,12.911652,15.855581,19.742851,18.239061,17.622868,17.80824,14.0497465,14.284473,13.14047,11.989797,15.60051,14.258903,18.550257,19.552536,23.512598,25.278341,25.61222,25.634367,23.204914,22.649569,15.9562435,18.927189,17.040554,19.014347,22.090689,19.981153,23.970243,24.786907,28.151474,28.514437,24.825222,21.943136,25.894327,23.699095,23.086304,23.026377,25.210169,23.438517,25.96703,26.877089,26.776606,25.74808,22.330862,25.358187,22.40576,25.737448,24.652306,27.952377,24.28273,27.24807,27.992025,25.781715,22.930204,21.392021,18.667067,15.203684,15.870329,11.113999,13.310914,10.691232,15.755311,13.219514,10.49629,13.202105,9.950138,15.982118,13.748127,17.350716,19.127037,20.971098,24.199791,25.351305,26.655695,23.785784,21.1333,19.318884,15.006818,17.912409,11.74062,14.792652,13.269515,15.24818,15.920929,17.593008,20.33597,18.933466,16.059193,14.015747,9.770681,13.099312,14.071623,10.397172,6.037138,10.217655,13.082505,11.651863,8.3402405,10.546368,7.1085076,8.075535,10.367843,11.337437
5,13.958344,11.889306,8.252496,5.9078646,5.296369,0.0,6.012319,7.0181985,10.72352,13.071664,16.881577,15.308252,14.055849,15.241988,11.837189,13.64314,13.764499,13.842819,18.270346,17.983355,22.277193,23.706957,27.672157,29.691988,30.453863,30.452229,27.85407,26.915869,19.953886,22.43533,19.784391,21.592838,22.837843,20.54901,24.214468,24.254557,28.082338,28.922356,25.74339,23.676107,27.32323,26.175388,24.91492,25.652376,28.755495,26.90052,29.875225,30.700943,30.18016,29.004875,25.342957,27.99335,24.901892,27.39732,26.293947,28.984821,25.293564,28.247017,28.235685,25.514553,23.043013,21.019482,19.415413,15.6284275,17.783213,12.982354,15.1743,13.930881,19.089352,17.585629,15.016971,16.863754,13.0999,18.432232,14.316741,18.308895,18.702301,20.302868,23.173521,23.574286,25.229458,23.01508,19.822363,18.90337,14.931845,18.752903,13.515061,17.872095,17.277328,19.522587,20.811758,22.52302,25.49533,24.066004,21.327982,19.067886,14.338219,17.676666,19.266438,15.680261,11.110667,14.601615,16.966988,14.601702,11.786759,11.365981,8.956313,6.647577,8.848673,7.7233486
6,17.428951,14.164185,11.864775,8.720914,5.611986,6.012319,0.0,6.7687387,7.571239,10.723241,14.462374,13.481,13.848248,13.971423,11.489931,11.036731,12.059265,10.367971,15.715719,14.617933,18.639029,20.907698,23.850216,25.691051,26.492413,26.051586,23.065145,21.784082,14.979682,17.62596,14.406921,17.40399,18.79842,17.86691,20.985996,21.930214,25.769688,25.84236,22.813643,20.33926,23.20158,21.484943,19.834463,20.038765,23.396233,21.220814,24.383776,25.089996,24.390226,23.277431,19.621956,22.47157,19.889448,22.3162,20.684622,23.45985,19.569925,22.492483,22.816557,20.45452,17.676823,16.272459,14.156928,10.895909,13.599977,9.298701,12.723582,11.358598,16.810266,15.218024,11.042807,12.228533,7.8401423,12.794852,8.707144,12.500084,13.658626,15.48378,18.661175,19.775406,21.243284,18.478231,16.188496,14.321146,9.952361,13.168897,7.667532,12.061774,12.062815,14.6880045,16.718126,18.897686,22.21469,20.453072,18.450016,15.833549,11.019251,15.642394,17.37178,13.478997,9.566542,14.106024,16.715229,14.368556,11.137898,11.321549,6.0861325,6.481344,6.113201,7.559862
7,20.788132,18.561249,14.732511,12.641181,10.663685,7.0181985,6.7687387,0.0,5.4399195,6.2097964,10.481246,10.416528,10.561382,12.477994,11.525656,12.924656,15.670821,15.290838,21.040134,20.803858,24.718441,27.247478,30.136417,32.102192,33.10994,32.522793,29.26973,27.80537,21.184666,23.425892,19.529844,22.471046,21.618565,20.86531,23.241892,23.276487,27.666233,28.194153,25.986235,24.50685,26.712015,26.154932,23.670324,24.561087,28.825348,26.416546,29.913563,30.275509,29.01068,27.597462,23.758224,25.764252,22.906876,24.078379,22.7803,24.607353,21.129644,24.025059,23.304304,20.01391,18.15168,15.56893,15.346295,11.806447,16.120272,12.322368,15.091158,15.513758,20.636322,20.36236,17.087399,17.314869,13.270389,16.669285,10.781811,14.791247,13.5641165,15.190914,17.61712,17.486885,19.824848,18.217014,15.696536,15.1658125,11.739891,15.704563,12.356831,17.188112,18.127485,20.522963,23.061981,24.985472,28.553642,27.12006,25.064249,22.601173,17.720304,22.139137,23.965088,19.894917,15.934466,20.129425,22.51825,19.667227,16.798145,15.19524,11.535408,8.816149,7.2982426,4.52275
8,24.255844,21.359459,18.492807,15.268821,12.911652,10.72352,7.571239,5.4399195,0.0,4.5627313,6.9143267,6.6994843,8.6871605,9.301854,9.852567,9.590367,13.695037,12.823544,18.973896,18.948875,22.334763,25.607967,27.686207,29.715921,31.240044,30.565939,27.347996,25.235762,18.78719,20.31647,15.91244,19.01602,17.004921,17.32475,18.88017,19.291368,23.75021,23.855175,22.129482,20.911077,22.219107,22.045815,19.03143,20.344004,25.233759,22.987658,26.812576,27.39777,25.971386,24.888702,21.228537,23.517178,21.63859,22.290493,19.922335,21.272308,17.170713,19.657162,18.636736,15.917734,13.664211,12.639291,12.935315,10.679564,16.272564,13.401813,17.030748,17.21594,22.369953,21.745083,17.187197,16.979208,12.595831,14.720437,7.8049083,10.774198,9.107587,10.075636,12.607234,12.858731,14.715851,12.840807,10.486213,9.784382,6.775121,10.887426,9.24909,14.7373705,16.509598,19.46771,22.392925,24.859959,28.40152,26.279465,25.006449,21.951982,16.983366,21.69923,24.25255,20.621063,16.726078,20.77769,22.886717,19.672636,17.041489,14.817718,10.721102,8.959927,5.038112,4.984539
9,26.755243,24.207485,20.647324,18.334742,15.855581,13.071664,10.723241,6.2097964,4.5627313,0.0,5.4004016,8.142666,10.566506,12.231333,13.67343,13.930179,18.21927,17.327002,23.496897,23.229881,26.574402,29.87925,31.7355,33.583233,34.80929,33.783062,30.163408,28.24021,22.310215,24.137094,19.499037,23.209599,20.718119,21.569218,22.60746,22.869598,27.444096,27.50075,26.213945,25.19472,25.960163,25.838326,22.405186,23.336971,28.413462,25.683395,29.492111,29.510845,27.661861,26.193367,22.454767,23.890364,21.67874,21.49626,19.76004,20.562359,17.29924,19.910362,18.475471,14.820268,13.641894,10.971882,12.507341,10.206972,16.21039,14.019844,17.077948,18.383556,23.099611,23.461298,19.625177,18.667336,14.86976,15.97577,9.25813,12.243349,9.193081,10.639444,12.409363,11.8453865,14.863798,13.87571,12.650071,12.368633,10.190018,13.450449,12.711453,17.209053,19.370285,21.789988,25.112934,27.221798,31.043507,29.493649,28.139198,25.528696,20.846464,25.750835,27.764881,23.656878,20.252562,24.65165,26.975576,23.939161,21.151234,19.143158,14.999494,12.984161,9.483925,7.8319936
10,30.762682,28.107552,24.91728,21.875895,19.742851,16.881577,14.462374,10.481246,6.9143267,5.4004016,0.0,5.097473,8.782501,9.995425,13.344821,13.395379,18.55446,18.210491,24.203434,24.689384,27.56212,31.293596,32.752876,34.802986,36.677357,35.80519,32.45173,29.944637,24.117455,24.983774,20.21139,23.199701,18.837864,20.230637,20.215578,20.0737,24.697107,24.806156,24.401022,24.26169,24.162245,25.186703,21.336123,23.269972,28.932865,26.671026,30.733734,31.100554,29.157774,28.082153,24.643887,26.220821,24.908005,24.070684,21.449724,21.320389,17.669214,19.450972,17.055635,14.088244,13.1018505,12.427901,15.110305,14.123094,20.56245,18.787636,22.131424,23.179358,27.962776,27.984556,23.473682,22.55029,18.561853,18.977468,12.032394,13.425559,9.342826,8.874942,9.4745,7.848268,10.541234,10.63367,9.144428,10.328058,10.217762,13.272567,14.659882,19.612349,22.17004,25.03797,28.382744,30.881237,34.541607,32.360992,31.468054,28.325335,23.457499,28.14105,30.950428,27.36996,23.59087,27.482538,29.37543,25.861723,23.543665,20.456219,17.167568,14.918326,10.969471,9.859618
11,28.81894,26.17846,23.481915,19.71809,18.239061,15.308252,13.481,10.416528,6.6994843,8.142666,5.097473,0.0,4.3128557,4.9257846,8.744126,9.402565,14.55512,15.180165,20.78788,22.085272,24.976269,28.540035,30.480341,32.855026,35.199543,34.86478,32.076286,29.376055,22.935085,23.231686,18.90939,20.530968,15.925768,16.172909,16.594704,15.857587,20.54094,21.183498,20.553734,20.769537,21.359583,23.004126,19.696056,22.551964,28.027605,26.490395,30.553286,31.602173,30.133017,29.458763,26.100842,28.449537,27.287546,27.218847,24.176598,24.519926,20.152855,21.739431,19.60276,17.566813,15.6780815,16.21305,17.901243,16.607826,22.662815,20.082174,23.698862,23.86424,29.055073,28.214842,23.305489,23.255632,18.788836,20.355442,13.353445,14.756295,11.867842,10.737482,11.846448,10.809846,11.722866,11.285937,7.254692,9.326557,9.277248,13.236664,13.964737,19.848812,21.849941,25.209326,27.996593,30.785707,34.090694,31.320879,30.377989,26.76904,21.552727,25.66404,29.191341,26.237349,21.745403,24.908339,26.361979,22.481005,20.635157,16.648123,14.574028,11.784998,8.30968,7.629533
12,27.031364,24.81272,22.102379,18.281748,17.622868,14.055849,13.848248,10.561382,8.6871605,10.566506,8.782501,4.3128557,0.0,3.9080935,6.504174,9.369107,13.583978,15.375138,20.468424,22.34268,25.497906,28.585964,31.264902,33.845806,36.29642,36.354385,33.897125,31.342205,24.432114,24.678316,20.864908,21.510134,17.408321,16.086971,17.334509,15.785427,20.352583,21.737394,20.740074,21.162092,22.720276,24.621151,21.947874,25.125166,30.217505,29.02745,32.9663,34.301655,33.131676,32.51687,29.09723,31.698496,30.212402,30.6297,27.799368,28.491898,24.056583,25.760054,23.806265,21.787914,19.760933,19.98748,21.2281,19.319614,24.899485,21.635052,25.057243,24.869377,30.231491,29.056124,24.421717,25.023335,20.394686,23.012003,16.146368,18.100023,15.768245,14.868808,16.125238,15.023588,15.670333,15.248217,10.489574,12.654296,12.047288,16.415878,15.927518,22.145697,23.534716,26.97238,29.289291,32.037285,35.133877,32.271008,30.961739,27.279305,21.838604,25.375597,29.142647,26.46674,21.421953,24.024162,25.212406,21.137653,19.626389,14.967709,14.300428,10.437937,8.48274,6.771395
13,27.589504,24.953114,22.980097,18.559181,17.80824,15.241988,13.971423,12.477994,9.301854,12.231333,9.995425,4.9257846,3.9080935,0.0,5.0832887,6.421584,11.05802,12.880071,17.678211,19.869644,22.629505,25.949524,28.306465,30.966768,33.765762,33.97099,31.806812,28.96255,22.167097,21.819498,18.198412,18.228699,13.644551,12.392798,13.426583,12.021014,16.631235,17.863958,16.904488,17.50316,18.895811,21.12214,18.570116,22.209387,27.288994,26.522274,30.465588,32.14734,31.15601,30.879887,27.70403,30.677769,29.72607,30.289207,26.929241,27.650171,22.826515,24.197187,22.388544,21.135735,18.65529,20.059622,20.973112,19.59935,25.108955,22.033916,25.778275,25.132214,30.510372,28.870216,23.686308,24.422457,19.76422,22.17174,15.64585,16.843506,15.103445,13.666998,15.055198,14.58574,14.248279,13.320254,7.9763513,10.200151,10.223361,14.296412,14.396935,20.648542,22.047127,25.745966,27.916248,30.93511,33.80853,30.481104,29.572104,25.565926,20.216475,23.551598,27.77439,25.593332,20.591566,22.822151,23.725763,19.537823,18.33797,13.456936,13.037697,10.114521,7.911678,8.338159
14,22.963928,20.40194,18.86235,14.157204,14.0497465,11.837189,11.489931,11.525656,9.852567,13.67343,13.344821,8.744126,6.504174,5.0832887,0.0,4.924694,7.347062,10.045554,14.421147,16.745089,19.982103,22.652815,25.871708,28.612041,31.221651,31.770994,29.92079,27.442656,20.199947,20.181242,17.270414,16.687567,14.3704815,11.365261,14.257227,13.120274,17.2328,18.707056,16.479122,16.245256,19.223307,20.610992,19.023033,22.259312,26.530807,25.963917,29.604439,31.504618,30.953882,30.696754,27.471518,30.811295,29.464066,30.904978,27.868704,29.371656,24.49259,26.247412,25.15546,23.830809,20.945347,21.875626,21.725597,19.70355,24.267254,20.526978,24.099768,22.77859,28.220947,26.029408,21.117182,22.648872,17.976694,21.641655,15.786219,17.674335,17.114622,16.455385,18.578995,18.67059,18.536047,16.828466,11.75492,12.627785,11.067537,15.356411,13.373631,19.631214,20.146566,23.81872,25.363487,28.287083,30.878923,27.546925,26.235695,22.259563,16.805017,19.602894,23.885782,22.011847,16.619902,18.34808,19.133451,14.904033,13.837304,8.6709585,9.390243,5.97599,6.0694385,7.0911646
15,24.324722,21.074999,20.217243,15.247615,14.284473,13.64314,11.036731,12.924656,9.590367,13.930179,13.395379,9.402565,9.369107,6.421584,4.924694,0.0,5.470772,6.5126343,11.478253,13.467277,16.24829,19.578426,21.981922,24.649628,27.443737,27.839506,26.008007,23.19769,16.219086,15.754782,12.668252,12.238655,9.90133,8.009981,10.7090645,10.944843,14.990136,15.535794,13.133537,12.336536,14.843904,15.862816,14.119157,17.403881,21.801678,21.375969,25.083574,27.145504,26.649231,26.664135,23.696957,27.30357,26.583246,28.047709,24.512743,26.054243,20.921782,22.410927,21.663303,21.0352,17.741056,19.742191,19.201,17.948996,22.437777,19.290237,23.213745,21.651066,26.930632,24.514162,18.912506,20.197962,15.652486,18.59689,13.337685,14.253158,14.51283,13.615147,16.016682,16.970118,16.253582,13.755698,9.21602,8.991153,7.6138415,11.239962,9.965777,16.030697,16.823381,20.71584,22.393503,25.60356,28.130016,24.437656,23.753777,19.521801,14.310741,17.472818,21.942791,20.30335,15.490061,17.3938,18.21143,14.195986,13.030247,8.846548,7.9310923,7.28698,5.7613807,9.206843
16,21.344696,18.068806,18.447271,13.158658,13.14047,13.764499,12.059265,15.670821,13.695037,18.21927,18.55446,14.55512,13.583978,11.05802,7.347062,5.470772,0.0,4.539824,7.104501,10.028522,13.024533,15.459524,18.911324,21.78207,24.664003,25.718132,24.657824,22.1688,15.017532,14.369015,12.952608,10.649044,11.559558,7.3067775,11.964623,12.359252,15.19699,16.024473,12.279046,10.551658,15.106317,15.363593,15.301946,18.262407,21.309532,21.591915,24.746014,27.303566,27.482298,27.757725,25.033026,29.088717,28.271103,30.613832,27.287668,29.468056,24.364372,25.930872,25.83644,25.470762,21.926756,23.821156,22.358923,20.79975,24.050903,20.48608,24.11863,21.647789,26.750526,23.469955,18.135206,20.456923,16.265316,20.268188,16.388102,17.498688,18.883156,18.404436,21.056107,22.309143,21.459755,18.667515,14.446996,13.708191,11.771038,14.652619,11.741651,16.923319,16.480104,20.285862,20.897224,24.085953,25.962994,21.915607,21.044685,16.639149,11.631577,13.3688965,18.432306,17.860909,12.797853,13.222291,13.381809,9.194501,8.938537,4.5119476,6.6079955,7.476491,8.852802,12.238837
17,21.42663,17.602806,18.142561,13.1437435,11.989797,13.842819,10.367971,15.290838,12.823544,17.327002,18.210491,15.180165,15.375138,12.880071,10.045554,6.5126343,4.539824,0.0,6.192799,7.017384,10.255183,13.386819,16.089434,18.678234,21.206625,21.82461,20.384026,17.866854,10.633373,10.46705,8.703473,7.916778,10.649714,8.637038,12.558309,14.285087,17.058134,16.839437,13.070964,10.119456,14.020332,12.715509,12.490013,14.423271,17.375038,17.259129,20.43248,22.831697,23.005222,23.267895,20.607952,24.77298,24.150238,26.686722,23.335735,25.808138,20.799175,22.469238,22.931604,22.722757,19.01393,21.034582,18.970436,17.779121,20.56497,17.473799,21.22384,18.638308,23.51569,20.229918,14.456274,16.532948,12.577928,16.210175,13.306783,14.040867,16.35892,16.31675,19.301361,21.168537,20.490677,17.129015,14.058135,12.085728,9.522796,11.483914,8.002518,12.551911,12.122812,16.012962,16.854788,20.18554,22.23653,18.208818,17.685476,13.249584,8.324456,11.253087,15.864095,14.941949,10.704027,12.127372,12.968906,9.667095,8.404933,7.063964,5.0376163,8.444092,8.626755,12.821614
18,22.24155,18.532654,20.63435,15.7571945,15.60051,18.270346,15.715719,21.040134,18.973896,23.496897,24.203434,20.78788,20.468424,17.678211,14.421147,11.478253,7.104501,6.192799,0.0,4.7067137,6.4937353,8.568456,12.166313,15.158522,18.377163,20.045668,20.0522,17.656836,11.4492035,9.862325,11.098459,6.762517,12.408372,9.023216,13.492194,15.378761,16.533085,16.335983,11.667735,7.929896,13.526356,11.83277,13.866408,15.851768,16.942482,18.287397,20.597557,23.810478,24.82091,25.682045,23.703808,28.239845,28.053005,31.111189,27.682314,30.370367,25.40759,26.687956,27.544386,28.021975,24.192413,26.742933,24.293573,23.329468,25.173838,22.188412,25.58262,22.29783,26.621483,22.504185,17.193,19.991669,16.90897,20.560074,19.01981,19.259335,22.100079,21.835247,24.660326,26.705029,25.446342,22.052845,19.017153,17.222975,15.378033,16.44619,13.415181,16.259916,14.816606,18.28241,17.739037,21.042145,21.947823,17.14034,17.078276,12.44168,9.224661,8.892641,14.530681,15.752586,12.258397,11.016591,10.299684,7.7160587,8.650243,8.585777,9.801178,13.204216,14.5202265,18.426561
19,21.202284,17.118122,19.453197,15.174031,14.258903,17.983355,14.617933,20.803858,18.948875,23.229881,24.689384,22.085272,22.34268,19.869644,16.745089,13.467277,10.028522,7.017384,4.7067137,0.0,4.337482,6.663141,9.873637,12.358728,14.703546,15.957118,15.613863,13.60209,7.3320723,7.0634313,8.950735,7.0482135,14.305754,12.620045,16.460445,18.959196,20.379173,19.559008,15.152631,10.839038,15.324177,11.772111,13.738545,13.956484,14.217062,15.006752,16.980536,19.942635,21.134514,21.884888,20.007923,24.57898,24.33208,27.833567,24.749207,27.901861,23.311594,24.843367,26.336842,26.712654,22.901302,25.064087,21.924353,21.073204,21.927359,19.337147,22.50067,18.978733,22.833338,18.581945,13.29734,16.15215,13.796351,17.318502,17.246346,17.458124,21.082504,21.449951,24.53669,26.954065,26.117195,22.385384,20.272028,17.668844,15.173198,15.495112,11.676615,12.895603,10.805545,13.944034,13.103001,16.431812,17.346363,12.565324,12.682454,7.9889984,5.6079235,5.981574,10.865459,11.978431,9.82118,9.379622,9.637222,8.610901,8.281483,10.779554,9.590114,14.123607,15.085891,19.118647
20,24.998676,20.970722,23.645666,19.468134,18.550257,22.277193,18.639029,24.718441,22.334763,26.574402,27.56212,24.976269,25.497906,22.629505,19.982103,16.24829,13.024533,10.255183,6.4937353,4.337482,0.0,4.713242,5.92343,8.771137,12.180226,13.913205,14.601908,12.177877,7.983223,5.5860186,9.54576,6.1281404,14.368984,13.414864,16.507107,19.52279,20.068201,18.686518,14.404362,9.850029,13.797156,9.517166,12.784913,12.817074,11.762679,13.811858,15.212333,18.815042,20.463793,21.810535,20.648869,25.353083,25.89743,29.306519,25.875443,28.868612,24.334108,25.339188,27.07849,28.195559,24.353865,27.31025,24.172228,23.973475,24.68594,22.69775,25.836914,22.328552,25.705818,21.401436,16.223007,18.689537,16.92733,19.3956,20.04223,19.38953,23.26016,23.292074,26.152138,28.837948,27.495644,23.702248,22.065506,19.380075,17.650269,17.056309,14.530057,14.738478,12.884606,15.646643,14.469078,17.79178,18.019636,12.698588,14.043334,9.73391,9.399454,8.5786295,12.885858,14.97032,13.855587,12.820017,12.403219,11.979559,12.361891,14.44966,13.700388,18.105717,18.683323,22.893255
21,23.68818,19.958492,23.53516,19.840048,19.552536,23.706957,20.907698,27.247478,25.607967,29.87925,31.293596,28.540035,28.585964,25.949524,22.652815,19.578426,15.459524,13.386819,8.568456,6.663141,4.713242,0.0,5.9940915,8.389356,11.096119,13.813566,15.5519705,14.221705,11.0419235,9.834534,13.922901,10.661776,18.70865,16.785336,20.378092,22.979654,23.167223,22.191292,17.660252,13.357543,17.897947,13.887686,17.461016,17.193077,15.078053,17.21788,17.75835,21.275469,23.3687,24.666262,23.662346,28.290983,28.485865,32.405243,29.441488,32.761444,28.453722,29.645443,31.556522,32.46408,28.650238,31.122656,27.673698,27.06952,26.996086,24.742193,27.410238,23.47641,26.408396,21.650572,17.469091,20.564194,19.301111,22.435026,23.526882,23.373444,27.32667,27.605597,30.576042,33.17017,31.986979,28.21781,26.290115,23.730051,21.636786,21.40479,18.070107,17.952524,15.312988,17.383492,15.078076,17.852404,17.143408,11.916632,12.921091,9.312965,10.510104,7.1384025,10.971086,14.567357,14.108373,11.534125,10.341725,11.414549,12.537252,15.704718,15.88966,20.216448,21.634336,25.559862
22,28.912859,24.968107,28.17858,24.510925,23.512598,27.672157,23.850216,30.136417,27.686207,31.7355,32.752876,30.480341,31.264902,28.306465,25.871708,21.981922,18.911324,16.089434,12.166313,9.873637,5.92343,5.9940915,0.0,3.1890666,7.7623444,10.319053,12.817524,10.859127,10.648909,8.223049,13.231747,10.607646,18.556046,18.434357,20.747921,24.110485,23.892878,21.97784,18.140223,13.851756,16.521423,11.459348,15.528587,14.289253,10.584339,13.760817,13.543651,17.53583,19.978468,21.890182,21.74912,26.345753,27.569534,31.175304,27.851267,30.927973,26.901102,27.51808,29.824171,31.510962,27.793976,31.047222,27.587734,27.908836,27.750246,26.482079,29.247955,25.628908,28.067041,23.685574,19.236303,21.399773,20.76768,22.305592,24.370144,23.161888,27.447868,27.539783,30.253717,33.243248,31.714554,27.847206,26.950026,24.027369,22.610388,21.145863,19.231024,17.791704,15.778061,17.473335,15.527253,18.353434,17.452122,12.103353,14.774524,11.773976,13.826965,12.088957,14.676751,17.735926,18.240881,16.801653,16.139044,16.898743,17.489481,20.211391,19.352283,23.916029,24.362858,28.603806
23,30.39361,26.460495,29.77021,26.472334,25.278341,29.691988,25.691051,32.102192,29.715921,33.583233,34.802986,32.855026,33.845806,30.966768,28.612041,24.649628,21.78207,18.678234,15.158522,12.358728,8.771137,8.389356,3.1890666,0.0,5.063179,7.7918954,11.148611,9.793488,11.65608,9.922987,14.858669,13.268952,21.07533,21.421917,23.502651,27.017475,26.801355,24.676609,21.052069,16.80548,18.90039,13.475693,17.330873,15.173492,10.377599,13.481855,12.3047695,16.171223,18.979107,21.030352,21.376793,25.7946,27.250013,30.99373,27.905127,31.10427,27.482521,28.042067,30.702309,32.49428,28.903555,32.055534,28.358545,28.8933,28.144115,27.314077,29.810162,26.207886,28.06797,23.783981,19.81592,21.720333,21.762976,22.808287,25.71934,24.357126,28.876808,29.171877,31.8737,35.01345,33.593487,29.666294,29.22338,26.079391,24.601664,22.7542,20.909534,18.538685,16.442358,17.459597,15.228559,17.670448,16.295597,11.293327,14.577091,12.4766035,15.509427,13.8626,15.308427,18.435678,19.844091,18.608788,18.166542,19.399128,19.764677,22.94741,21.642395,26.357656,26.678034,30.898249
24,29.90116,26.080841,29.52271,27.009571,25.61222,30.453863,26.492413,33.10994,31.240044,34.80929,36.677357,35.199543,36.29642,33.765762,31.221651,27.443737,24.664003,21.206625,18.377163,14.703546,12.180226,11.096119,7.7623444,5.063179,0.0,3.9299154,8.363507,9.049433,12.589831,12.66007,17.044987,17.008236,24.907269,25.359407,27.667892,31.17651,31.368753,29.286413,25.592793,21.183756,23.298496,17.539198,20.751156,17.529266,12.358212,14.161308,11.978125,14.910316,18.04599,19.79575,20.429861,24.476822,25.663645,29.88059,27.540363,31.16108,28.175982,29.058573,32.155487,33.590477,30.198832,32.616596,28.449028,28.882864,26.992605,26.56175,28.45307,24.798353,25.723438,21.541012,18.68707,20.454134,21.54042,22.419258,26.474304,25.411867,30.203253,31.04927,33.902622,37.115814,36.176876,32.16059,32.06297,28.626665,26.622414,24.687828,22.206778,18.70647,16.152302,15.987422,13.0592575,14.647081,12.47938,8.398495,12.164513,11.763074,16.18629,14.650878,14.086401,17.163248,19.99582,19.109524,19.176554,21.20029,21.096685,25.23229,23.258505,28.141092,28.54337,32.555492
25,30.751848,26.826885,29.783676,27.523994,25.634367,30.452229,26.051586,32.522793,30.565939,33.783062,35.80519,34.86478,36.354385,33.97099,31.770994,27.839506,25.718132,21.82461,20.045668,15.957118,13.913205,13.813566,10.319053,7.7918954,3.9299154,0.0,4.9483438,6.592125,11.963721,12.831484,16.485706,17.89625,25.318424,26.512857,28.491644,32.174625,32.74663,30.438513,27.018204,22.610703,24.062723,18.036451,20.515612,16.412106,11.205943,11.97367,9.202588,11.452291,14.677316,16.354263,17.33945,21.111048,22.53703,26.707083,24.60429,28.286072,25.774313,26.680857,30.067299,31.462717,28.295721,30.509878,26.220026,26.982203,24.706383,24.92154,26.649546,23.332384,23.81414,20.139906,17.450788,18.492369,20.190271,20.18856,25.016514,23.742981,28.645355,29.739115,32.536545,35.85966,35.164955,31.14441,31.647577,27.971378,25.93298,23.575594,21.381052,16.961,14.7300415,13.913213,11.450231,12.780791,11.032874,7.9005394,12.026379,12.213947,16.614428,16.25499,15.0691185,17.06466,20.413021,20.506622,21.158092,22.955154,22.28125,26.447645,23.60297,28.514605,28.449528,32.39019
26,29.493084,25.458672,27.67098,25.635738,23.204914,27.85407,23.065145,29.26973,27.347996,30.163408,32.45173,32.076286,33.897125,31.806812,29.92079,26.008007,24.657824,20.384026,20.0522,15.613863,14.601908,15.5519705,12.817524,11.148611,8.363507,4.9483438,0.0,4.1703625,9.821882,12.059672,14.342358,17.52661,24.234125,25.955383,27.794666,31.465097,32.69627,30.382195,27.148504,22.782555,23.880577,17.869713,19.227306,14.493922,10.52341,9.268766,7.057621,8.001905,10.783758,11.909058,12.61248,16.320087,17.589302,21.818884,19.969213,23.85457,21.64642,22.876408,26.404207,27.41276,24.444109,26.163778,21.734457,22.629969,20.097994,20.80836,22.480656,19.56228,19.939175,16.845467,14.007834,14.245514,16.420248,15.6935005,21.146353,19.91589,24.851614,26.313354,29.137318,32.45545,32.192734,28.203043,29.13487,25.272223,22.99676,20.474625,18.26581,13.032767,11.143678,9.711675,8.230154,9.670787,9.44392,7.316373,10.962483,11.302115,15.0785885,16.275114,14.768574,15.159162,18.684132,20.037611,21.411259,22.758358,21.36431,25.443546,21.612923,26.413319,25.87782,29.621994
27,30.116413,25.902102,27.856497,25.12011,22.649569,26.915869,21.784082,27.80537,25.235762,28.24021,29.944637,29.376055,31.342205,28.96255,27.442656,23.19769,22.1688,17.866854,17.656836,13.60209,12.177877,14.221705,10.859127,9.793488,9.049433,6.592125,4.1703625,0.0,7.4380016,8.628418,10.952658,14.09968,20.434856,22.617846,24.045023,27.855774,29.002798,26.51302,23.52848,19.31239,19.900501,13.894595,15.175188,10.449997,6.4931674,5.615263,4.3226047,7.0933423,9.584594,11.29875,11.77934,16.049547,17.86846,21.463753,18.664577,22.139725,19.295073,20.180618,23.492239,24.937784,21.763039,24.320704,20.288458,21.52414,20.213102,20.718279,23.072865,20.31769,21.654018,18.571182,14.416985,14.566787,15.689654,14.674249,19.28642,17.484615,22.36461,23.386505,26.089254,29.474167,28.834959,24.837393,25.815329,21.997944,20.199253,17.372503,16.015377,11.31639,10.173426,10.183592,9.803858,12.303966,12.794798,9.390188,12.829961,11.561162,14.129988,15.76607,15.757243,16.062994,18.382711,19.796999,20.975502,21.592817,20.320658,23.602144,19.859924,24.601135,23.705242,27.695637
28,24.455042,20.143263,21.703726,18.31563,15.9562435,19.953886,14.979682,21.184666,18.78719,22.310215,24.117455,22.935085,24.432114,22.167097,20.199947,16.219086,15.017532,10.633373,11.4492035,7.3320723,7.983223,11.0419235,10.648909,11.65608,12.589831,11.963721,9.821882,7.4380016,0.0,4.700338,5.639308,9.135317,15.591832,16.68785,19.022963,22.321285,24.134872,22.355572,18.863337,14.587047,16.575874,11.44229,12.172545,9.503104,9.446306,8.479803,10.6221075,12.923429,13.90878,14.570405,12.916283,17.56761,17.917313,21.464615,18.41052,21.869287,17.85837,19.436975,21.795206,22.380314,18.76038,20.934355,17.162916,17.31583,17.32989,16.26419,19.344887,16.308558,19.337887,15.814368,10.1416855,11.447448,10.474522,11.77913,14.154697,13.377094,17.969967,18.94222,22.04174,25.033384,24.573349,20.55934,20.286451,16.706335,14.18254,12.651587,9.644683,7.2202487,5.4529657,8.233149,8.588835,12.19894,13.897518,9.731447,11.128084,7.6640325,7.4949512,10.526657,12.236723,11.708337,12.063209,13.967838,15.413818,15.0883665,13.475115,16.325607,12.449576,17.208858,16.603191,20.66003
29,27.327702,23.069296,24.847591,20.826082,18.927189,22.43533,17.62596,23.425892,20.31647,24.137094,24.983774,23.231686,24.678316,21.819498,20.181242,15.754782,14.369015,10.46705,9.862325,7.0634313,5.5860186,9.834534,8.223049,9.922987,12.66007,12.831484,12.059672,8.628418,4.700338,0.0,5.0254893,5.4978166,12.643343,14.056074,15.890995,19.524605,20.665203,18.55709,15.161309,10.851102,12.48008,7.0124655,8.972277,7.476761,7.317616,8.589172,10.860902,14.257574,15.441608,16.845716,15.765823,20.46139,21.593506,24.540361,20.765598,23.583195,19.14819,19.977081,22.001892,23.413553,19.647652,23.017414,19.899338,20.486225,21.44135,20.338514,23.692997,20.774853,24.017828,20.433514,14.702767,15.975114,14.456264,15.32826,16.603388,15.053334,19.256227,19.364485,22.136753,25.172987,23.912298,19.952967,19.488596,16.206694,14.766901,12.9478035,11.655598,10.69782,9.948156,12.830946,12.9655905,16.512365,17.576345,12.731292,14.681753,10.767968,10.22298,11.963146,15.072393,15.610781,15.059459,15.892064,16.468557,15.633158,14.896109,16.605125,13.950996,18.429327,17.723598,22.070839
30,27.094034,22.855892,23.55384,19.472075,17.040554,19.784391,14.406921,19.529844,15.91244,19.499037,20.21139,18.90939,20.864908,18.198412,17.270414,12.668252,12.952608,8.703473,11.098459,8.950735,9.54576,13.922901,13.231747,14.858669,17.044987,16.485706,14.342358,10.952658,5.639308,5.0254893,0.0,6.6020308,10.547916,12.993233,14.338496,17.812807,19.959719,17.965982,15.173061,11.580352,12.294293,8.225849,7.2001204,6.1429543,9.588472,8.796967,12.4191675,14.755963,14.798078,15.559109,13.622781,18.082838,18.948118,21.245714,17.205997,19.729256,14.92494,16.041155,17.667137,18.678059,14.854944,18.234161,15.512874,16.235355,18.283474,17.247543,20.988005,18.76103,22.536242,19.715496,13.517061,13.963743,11.592547,11.906073,12.010673,10.216728,14.24896,14.392159,17.26634,20.288282,19.334583,15.326778,15.1696,11.592598,10.035166,7.957719,7.3981657,7.5745745,8.470753,12.020724,13.710995,17.260456,19.397896,15.36481,16.570093,12.739892,10.456685,14.038679,17.053041,16.032232,14.685031,16.90638,18.118092,16.418722,14.902388,15.642761,11.794753,15.769154,14.069935,18.342289
31,27.56576,23.519917,25.048763,20.316278,19.014347,21.592838,17.40399,22.471046,19.01602,23.209599,23.199701,20.530968,21.510134,18.228699,16.687567,12.238655,10.649044,7.916778,6.762517,7.0482135,6.1281404,10.661776,10.607646,13.268952,17.008236,17.89625,17.52661,14.09968,9.135317,5.4978166,6.6020308,0.0,8.291103,8.739741,10.852746,14.302135,15.302658,13.546064,9.806931,5.4967017,8.393728,5.2550573,7.4252505,9.625619,11.431234,13.171709,15.904676,19.324726,20.109083,21.421255,19.948622,24.511429,25.424042,27.847017,23.714724,25.936722,20.931313,21.540241,22.596636,24.02326,20.168772,23.968966,21.718935,21.981243,24.228535,22.397781,26.113823,23.343943,27.367567,23.77642,17.785809,19.374191,16.663296,18.274685,17.380571,16.058573,19.246809,18.550634,21.083706,23.694347,21.896292,18.244884,16.600275,14.144077,13.440372,12.685564,12.060451,13.796007,13.544833,17.096205,17.44444,21.049685,22.231985,17.25542,18.493492,13.988427,11.646581,12.985125,17.612892,18.246132,15.947354,16.198769,16.163807,14.09741,14.024859,13.81725,12.667448,16.323404,15.756367,20.12463
32,32.015312,28.249708,28.493395,23.474302,22.090689,22.837843,18.79842,21.618565,17.004921,20.718119,18.837864,15.925768,17.408321,13.644551,14.3704815,9.90133,11.559558,10.649714,12.408372,14.305754,14.368984,18.70865,18.556046,21.07533,24.907269,25.318424,24.234125,20.434856,15.591832,12.643343,10.547916,8.291103,0.0,6.156255,4.106224,7.988731,10.115423,8.134939,7.056386,7.0212526,5.444289,8.51418,6.51757,11.888321,16.43844,17.453028,21.034721,23.846548,23.588573,24.653717,22.863935,26.779358,27.905964,28.895868,24.18878,25.05872,19.736677,19.687601,19.210278,20.910288,17.423985,22.14345,21.622412,22.308102,26.48765,24.789942,28.892406,27.136438,31.721441,29.009817,22.75904,23.453062,19.893772,20.565308,17.311716,15.444067,16.645502,14.520908,16.07724,18.132992,15.401058,12.499163,10.36555,9.3464155,11.225366,10.916963,13.4938135,17.145874,18.504765,22.331732,23.895653,27.49188,29.406982,24.84994,25.796532,21.32315,17.73632,20.122011,24.89343,24.462412,21.11599,22.219395,22.360512,19.094276,18.78925,16.013819,15.114507,16.717657,14.735703,18.5344
33,28.464308,25.054636,25.667063,20.399397,19.981153,20.54901,17.86691,20.86531,17.32475,21.569218,20.230637,16.172909,16.086971,12.392798,11.365261,8.009981,7.3067775,8.637038,9.023216,12.620045,13.414864,16.785336,18.434357,21.421917,25.359407,26.512857,25.955383,22.617846,16.68785,14.056074,12.993233,8.739741,6.156255,0.0,5.0987105,6.388578,8.431379,8.729689,5.274992,5.4935517,8.868614,11.528256,11.555954,16.230822,19.665655,20.979158,24.230225,27.313414,27.490726,28.407917,26.305338,30.469997,30.823175,32.49928,28.274702,29.701231,24.340103,24.896135,24.464613,25.369738,21.811224,25.459944,24.60909,24.24927,28.112272,25.425438,29.374376,27.125544,32.013527,28.781675,22.857468,24.537867,20.614452,22.976246,19.292055,18.743862,19.92612,18.270828,20.19403,21.668463,19.458815,16.870352,13.007294,12.769624,13.197265,14.630214,14.733295,19.276531,19.621769,23.577785,24.40156,27.928038,29.536476,24.826254,25.094185,20.413857,16.331308,17.668928,23.084785,23.189922,18.966843,19.03147,18.593956,14.877035,15.345903,11.590459,12.953692,13.998501,13.592289,17.147562
34,33.22425,29.727558,30.004662,24.80788,23.970243,24.214468,20.985996,23.241892,18.88017,22.60746,20.215578,16.594704,17.334509,13.426583,14.257227,10.7090645,11.964623,12.558309,13.492194,16.460445,16.507107,20.378092,20.747921,23.502651,27.667892,28.491644,27.794666,24.045023,19.022963,15.890995,14.338496,10.852746,4.106224,5.0987105,0.0,4.2462535,6.1097083,4.998277,4.843366,7.365796,6.528546,11.346333,10.300924,15.815698,19.94577,21.364223,24.788084,27.787365,27.642305,28.75101,26.937143,30.843725,31.829641,32.778175,28.106714,28.800598,23.480938,23.347393,22.445438,24.048847,20.757208,25.321194,25.151064,25.5373,29.958305,27.884308,31.980646,30.166313,34.959103,32.101055,25.94165,26.957537,23.155893,24.332504,20.523752,19.058336,19.681696,17.279987,18.463297,19.923046,16.902842,14.75406,11.620973,11.92488,14.018961,14.544548,16.73496,20.927814,22.041561,25.948017,27.259136,30.858574,32.612003,27.888649,28.646736,24.031328,20.224724,22.002096,27.20244,27.091972,23.227169,23.748623,23.455954,19.869793,20.104612,16.40771,16.902594,17.716259,16.235456,19.596985
35,33.546383,30.413197,30.384775,25.167673,24.786907,24.254557,21.930214,23.276487,19.291368,22.869598,20.0737,15.857587,15.785427,12.021014,13.120274,10.944843,12.359252,14.285087,15.378761,18.959196,19.52279,22.979654,24.110485,27.017475,31.17651,32.174625,31.465097,27.855774,22.321285,19.524605,17.812807,14.302135,7.988731,6.388578,4.2462535,0.0,4.684298,6.3769517,6.969235,10.346954,10.580276,15.465874,14.426689,19.865784,24.067965,25.336414,28.825132,31.744305,31.510038,32.426147,30.346306,34.13695,34.741875,35.584743,31.082987,31.638666,26.332457,26.360615,24.986134,26.118607,23.05853,27.13727,27.393774,27.349476,32.13739,29.650303,33.70657,32.020878,37.07411,34.28664,28.298239,29.49609,25.361446,27.051386,22.430872,21.548906,21.449278,18.933098,19.857615,20.60049,17.692917,16.293472,12.143897,13.638449,15.696071,17.200613,18.970621,23.896069,24.934649,28.918678,30.221365,33.76241,35.603416,30.963593,31.309313,26.657463,22.39876,24.017036,29.398912,29.184328,24.733757,25.079075,24.639118,20.680689,21.119,16.466124,17.959335,17.674824,16.542284,19.194023
36,36.166664,33.02714,33.592735,28.305012,28.151474,28.082338,25.769688,27.666233,23.75021,27.444096,24.697107,20.54094,20.352583,16.631235,17.2328,14.990136,15.19699,17.058134,16.533085,20.379173,20.068201,23.167223,23.892878,26.801355,31.368753,32.74663,32.69627,29.002798,24.134872,20.665203,19.959719,15.302658,10.115423,8.431379,6.1097083,4.684298,0.0,3.9404445,5.776663,10.28788,10.212841,15.703424,15.754131,21.286154,24.690353,26.74662,29.848969,33.16938,33.285133,34.579098,32.90044,36.88742,37.872356,38.88622,34.204678,34.787815,29.498562,29.192936,28.063889,29.754211,26.6286,31.134768,31.144909,31.315332,35.755222,33.35966,37.39936,35.396374,40.288116,37.147537,31.137674,32.549114,28.670643,30.293673,26.318607,25.10499,25.45701,22.897442,23.73698,24.696686,21.43943,20.014137,16.454603,17.600027,19.70086,20.615921,22.412489,26.75302,27.50969,31.421997,32.29934,35.887268,37.278076,32.305782,33.004353,28.311468,24.623592,25.424345,30.997894,31.512186,27.33043,26.943228,25.996973,22.360327,23.386835,19.111818,21.213543,21.436485,20.72612,23.582634
