,0,1,2,3,4,5,6,7,8,9,10,11,12,13,14,15,16,17,18,19,20,21,22,23,24,25,26,27,28,29,30,31,32,33,34,35,36,37,38,39,40,41,42,43,44,45,46,47,48,49,50,51,52,53,54,55,56,57,58,59,60,61,62,63,64,65,66,67,68,69,70,71,72,73,74,75,76,77,78,79,80,81,82,83,84,85,86,87,88,89,90,91,92,93,94,95,96,97,98,99,100,101,102,103,104,105,106,107,108,109,110,111
0,0.0,4.0234885,7.241086,10.238099,12.968584,15.182638,18.434937,21.51996,24.565466,26.957388,30.471172,32.51058,35.99612,36.639782,34.79917,31.109467,29.869925,27.548037,26.62782,25.510416,24.09411,25.455578,22.349548,26.083073,27.453987,28.81078,30.253553,33.391212,33.305733,37.778526,34.53931,41.058613,37.736027,41.264393,38.19805,33.781586,33.9295,37.575893,34.014565,30.455433,32.809856,34.825928,30.719358,28.188234,32.51596,32.445663,27.453226,27.447872,31.319647,32.859894,35.833755,32.146347,37.65587,39.43924,39.03874,39.377026,36.342556,39.530224,43.218536,40.718647,38.805008,44.205658,47.19,47.384247,43.485455,42.909832,48.22512,47.883194,43.2032,46.351955,48.93249,46.67533,43.062424,46.876472,43.44608,47.05422,44.23872,40.791042,41.2945,37.493126,35.005226,33.356922,30.282942,31.358355,32.55972,33.8065,35.489082,39.3015,40.963528,44.24989,46.236008,49.37458,48.06324,48.5136,47.429005,47.8695,42.97788,40.356167,40.992146,35.92996,34.431423,31.964502,29.092342,27.2857,24.587425,24.357191,21.647919,18.733665,22.56874,18.927626,20.548096,19.93968
1,4.0234885,0.0,5.234875,6.5059743,9.372879,12.332014,14.849129,18.554106,21.261038,23.92167,27.38105,29.49749,32.824005,33.439667,31.276524,27.492151,26.248205,23.70437,23.056316,21.617601,20.436453,21.839676,19.23262,22.676739,23.764345,25.19763,26.384417,29.61783,29.484362,34.009792,30.80474,37.403355,34.428413,37.906456,34.6387,30.24424,30.66326,34.226612,30.467339,26.958572,29.652662,31.403675,27.15933,24.971233,29.462715,29.098522,24.036957,24.598742,28.519123,30.140377,32.732662,29.087778,34.76046,36.39305,35.768864,35.86812,32.747272,35.808895,39.66633,37.313465,35.12322,40.470547,43.5259,43.859592,39.923462,39.174194,44.431095,44.02014,39.305878,42.49505,44.990055,42.695824,39.094368,42.933193,39.573147,43.22353,40.418736,37.026955,37.69279,33.9514,31.549341,30.173674,26.853497,27.695034,28.80455,29.987453,31.556376,35.30879,36.94399,40.230824,42.22011,45.362476,44.104755,44.592014,43.516308,44.013344,39.087296,36.473442,37.05095,31.973707,30.476755,27.952057,25.187494,23.511196,20.995134,21.013737,18.465693,15.334831,18.878807,15.053149,16.702291,15.960048
2,7.241086,5.234875,0.0,5.4575744,6.931526,8.179946,11.974088,14.347916,17.684631,19.78739,23.363369,25.318548,28.869576,29.557009,28.139465,24.474768,23.465553,21.58416,20.871948,20.590706,19.83359,21.95903,19.74858,21.662725,22.656668,23.35193,24.741476,27.399284,27.141624,31.471544,28.174232,34.474762,30.777252,34.535152,31.81298,27.305525,27.386307,31.434292,28.17877,24.448643,26.947979,29.702875,25.603106,23.010445,27.637005,28.404528,23.432657,23.436825,27.863924,28.779058,31.552385,29.098227,34.389908,35.496128,35.40882,35.674904,32.071426,35.280895,39.137634,36.099834,33.71073,39.336914,42.105553,42.104725,37.84949,37.232445,42.62775,42.134155,37.771866,41.42418,43.771324,41.35603,38.184334,42.519726,39.052414,43.146317,40.705868,37.20188,38.626373,34.574905,32.698196,31.715794,28.144047,28.274624,28.56508,30.37407,30.836426,35.006588,36.188896,39.707397,41.574978,44.39823,42.512047,43.201183,42.627403,43.55447,38.796715,36.485638,37.280853,31.96413,30.846352,27.681042,25.91565,24.248108,22.364325,22.456135,19.897783,16.097237,18.286524,14.606243,14.934841,14.978149
3,10.238099,6.5059743,5.4575744,0.0,3.87951,7.0034146,8.808053,12.89217,14.9892845,18.091938,21.30339,23.652468,26.755215,27.54825,25.395264,21.269876,20.444942,17.701727,18.06201,16.52429,16.454182,18.379156,17.312706,19.032932,19.27764,20.353228,20.856152,23.903446,23.34178,27.926373,24.371702,30.968836,28.098463,31.469398,28.137066,23.74646,24.28659,27.85764,24.078833,20.53865,23.504328,25.360464,21.046091,19.048159,23.782442,23.670424,18.601254,19.55737,23.77652,25.105135,27.299562,24.42947,30.016165,31.162645,30.607912,30.584026,27.086773,30.151442,34.133057,31.526627,29.00056,34.465088,37.424984,37.708694,33.611416,32.811638,38.10963,37.679993,33.07899,36.48014,38.921955,36.626938,33.188053,37.32563,33.87038,37.836365,35.313637,31.836746,33.19139,29.23078,27.3331,26.525124,22.810015,22.873198,23.305925,24.951641,25.715143,29.83667,31.252419,34.73347,36.783203,39.76824,38.284054,39.108524,38.40519,39.321674,34.38898,31.952097,32.34142,27.176626,25.648226,22.564222,20.583319,18.79228,16.979044,17.251614,14.923933,11.046768,13.162981,9.278538,10.321251,10.3757515
4,12.968584,9.372879,6.931526,3.87951,0.0,5.4631186,5.505719,9.9545145,12.4101515,15.00121,18.524559,20.507418,23.687729,24.185606,21.945063,18.175186,17.00522,14.749796,14.501757,13.808406,13.712905,16.11372,15.273743,15.925624,16.233534,16.932175,17.870066,20.668634,20.425226,24.844759,21.827526,28.301884,25.417267,29.19778,26.07772,21.583271,22.430529,26.388475,22.722343,19.10552,22.564205,24.784687,20.388597,18.802546,23.763407,23.939762,18.990795,20.422922,24.82321,25.796339,27.562113,25.454449,30.91781,31.58316,31.001131,30.656586,26.822514,29.634573,33.91289,31.221258,28.042048,33.519142,36.427254,36.753624,32.350163,31.243818,36.483036,35.732784,31.352036,35.234215,37.260044,34.661797,31.645828,36.112595,32.900047,37.120644,34.743305,31.462748,33.333683,29.547657,27.971725,27.734493,23.688074,23.095451,22.984533,24.612585,24.515486,28.453415,29.425678,32.93905,34.71223,37.48576,35.607433,36.30602,35.774185,36.82935,32.079185,29.866953,30.694687,25.312296,24.467775,21.091742,19.950392,18.90889,17.82121,18.640434,16.782286,12.778647,13.263193,9.204105,8.575024,8.204368
5,15.182638,12.332014,8.179946,7.0034146,5.4631186,0.0,6.179999,6.7023616,9.693931,12.107589,15.343224,17.66107,21.051474,22.141956,21.321737,17.225183,17.144735,15.525833,16.32867,16.626274,17.544483,20.341156,20.12797,19.426022,19.251448,19.047335,19.510197,21.445702,20.446964,24.653002,20.734356,26.766363,22.70764,26.415003,23.955511,19.4379,19.330608,23.642336,20.778713,16.942436,19.47034,22.97102,19.091042,16.456928,21.229944,23.00417,18.417456,18.366636,23.159748,23.300064,25.681168,24.831242,29.5795,29.874329,30.189892,30.469278,26.346563,29.584671,33.401546,29.75545,27.039633,32.83949,35.279343,35.01057,30.489151,29.974524,35.44055,34.95707,30.972145,34.976677,37.227676,34.85614,32.10675,36.898785,33.29152,37.83663,35.947887,32.356213,34.792244,30.458752,29.433516,29.183504,25.363129,24.392748,23.508005,26.128983,25.132929,29.86976,30.585625,34.361214,36.25294,38.707752,36.327164,37.56455,37.678997,39.272465,34.665478,32.736076,33.299057,28.015394,26.980074,23.041653,22.71803,20.929676,20.190863,20.449457,18.3244,14.130294,13.670992,10.9515705,9.278637,11.266764
6,18.434937,14.849129,11.974088,8.808053,5.505719,6.179999,0.0,6.1436415,7.535543,10.212994,13.562913,15.517975,18.438284,18.9253,16.614132,12.678859,11.809705,9.76047,10.521308,10.514914,11.860867,14.795636,15.654514,13.9033,13.216782,13.11035,13.436171,15.718023,15.176125,19.523045,16.504833,22.871279,20.125818,24.045162,21.012306,16.50088,17.734234,21.879131,18.352253,14.780364,18.781212,21.238977,16.93014,15.976128,20.988014,21.545004,17.044977,19.010048,23.419321,23.90462,24.982372,24.057259,29.119703,29.10681,28.580559,27.963282,23.74392,26.305729,30.745274,27.86038,24.054037,29.526058,32.27188,32.578114,27.91055,26.575083,31.75939,30.8073,26.7116,31.028076,32.74068,29.992603,27.424877,32.28112,29.180347,33.7359,31.733109,28.57576,31.243292,27.506483,26.58474,27.084661,22.821814,21.262686,20.2092,22.168785,20.759186,24.82077,25.28571,28.939,30.584206,33.057846,30.757378,31.706497,31.630526,33.13499,28.566174,26.701506,27.569023,22.165794,21.734362,17.789736,18.064568,17.46402,17.522171,18.723337,17.50161,13.617639,11.629328,8.500785,5.247056,5.990553
7,21.51996,18.554106,14.347916,12.89217,9.9545145,6.7023616,6.1436415,0.0,4.75763,5.4619074,9.14176,11.025991,14.541078,15.500493,15.337373,11.681503,12.0182295,11.863424,12.887669,14.893288,16.653233,19.886126,20.794432,17.769867,17.020144,15.634987,16.009893,16.750732,15.679347,19.282646,15.832073,21.20913,16.739012,21.064676,19.274061,14.76656,14.91781,19.875338,17.67598,13.971322,16.95153,21.204866,17.702274,15.865285,20.477968,22.973537,19.140757,19.620667,24.313683,23.709305,25.22766,26.003809,30.133139,29.5026,29.95834,29.871809,25.318266,28.11446,32.0931,28.17092,24.604126,30.289646,32.40031,32.028522,27.082855,26.262754,31.556051,30.677563,27.334618,32.029602,33.658344,30.994345,29.113535,34.39944,31.113705,36.0412,34.64838,31.361238,34.726677,30.627216,30.342236,30.957605,26.918652,24.911304,22.957584,25.784956,23.114162,27.704706,27.592274,31.412382,32.92355,34.838074,31.701971,33.083885,33.825535,35.915855,31.76661,30.388653,31.304035,26.064432,25.888388,21.502392,22.84087,21.876036,22.31938,23.1001,21.704462,17.759823,15.013401,13.239526,9.445568,11.7440605
8,24.565466,21.261038,17.684631,14.9892845,12.4101515,9.693931,7.535543,4.75763,0.0,4.8256464,6.5342946,9.507844,12.052906,13.592335,13.143634,8.43368,10.215723,9.391439,12.784391,13.812236,16.81717,19.81286,21.990826,18.361742,16.56805,15.136475,13.946482,14.426066,12.303226,16.06026,11.544415,17.156368,13.180019,17.002724,14.696967,10.143713,10.62396,15.363741,12.977684,9.358592,12.818887,16.788797,13.451004,12.237575,16.693192,19.140673,15.8505125,16.81817,21.187777,20.445692,21.288599,22.693422,26.494389,25.508768,25.899536,25.695972,21.045895,23.73772,27.649597,23.701252,19.949072,25.613098,27.658474,27.315964,22.35673,21.522478,26.85485,26.1136,22.761946,27.40262,29.148859,26.680437,24.779259,30.108318,26.710203,31.723965,30.593721,27.292097,31.024199,26.907455,27.070124,28.054953,24.107328,21.61189,19.106071,22.264685,18.980844,23.876892,23.714952,27.624102,29.3378,31.193254,28.185795,30.033535,31.014587,33.38944,29.225863,27.951395,28.33323,23.434668,22.909203,18.323757,20.320488,19.19804,20.280682,21.086441,20.161648,16.667313,12.601354,12.128355,7.9976144,11.317655
9,26.957388,23.92167,19.78739,18.091938,15.00121,12.107589,10.212994,5.4619074,4.8256464,0.0,4.3065643,5.59148,9.12407,10.181471,11.195519,8.200745,9.594449,11.060611,12.710935,15.700114,18.176262,21.41516,23.268017,18.723898,17.355375,15.047312,14.91581,14.235851,12.848759,15.512384,12.464695,16.751186,11.8054905,16.639229,15.676679,11.536262,11.871231,17.111782,15.818294,12.689998,15.649416,20.281475,17.472069,16.42932,20.430931,23.437548,20.504463,21.231934,25.55957,24.383139,25.148159,27.244745,30.67081,29.30347,29.922579,29.614084,24.8927,27.247278,31.143488,27.042267,22.968384,28.352488,30.057823,29.545498,24.374392,23.382206,28.390276,27.23954,24.625788,29.766357,30.876009,28.093065,27.044865,32.618862,29.621952,34.758636,33.880108,30.885714,34.944424,31.078257,31.436195,32.658714,28.650944,25.944378,23.191986,26.165848,22.183744,26.569613,25.749542,29.52128,30.729898,32.09653,28.333508,29.980978,31.374008,33.94888,30.285873,29.437124,30.460316,25.532694,25.921621,21.361794,23.98449,23.516073,24.779493,25.784887,24.90283,21.32569,17.355486,16.545523,12.210696,14.53498
10,30.471172,27.38105,23.363369,21.30339,18.524559,15.343224,13.562913,9.14176,6.5342946,4.3065643,0.0,3.8895566,6.0638905,8.455355,10.852876,7.794055,10.861833,12.327772,15.380342,17.850613,21.020508,24.064287,26.615341,21.705116,19.737295,17.295813,16.078617,14.679984,12.322336,14.30836,10.395185,13.61894,7.832937,12.497262,12.173832,8.539334,8.308916,13.580046,13.277647,10.771296,13.022326,18.025656,16.069216,15.28198,18.504633,22.153751,20.088623,20.534264,24.46582,22.774502,23.146694,26.352474,29.01382,27.136534,28.120483,27.9589,23.228714,25.479712,28.969414,24.507883,20.566963,25.78091,27.04404,26.212496,21.020483,20.3279,25.24558,24.27562,22.179749,27.295975,28.423609,25.929985,25.244753,30.870207,27.789013,33.00966,32.614384,29.637346,34.122917,30.205313,31.101408,32.569885,28.82359,25.75434,22.432919,25.817041,21.105112,25.721195,24.658539,28.436968,29.726273,30.76958,26.836096,29.049587,30.953577,33.92709,30.484491,29.89675,30.479471,26.023653,26.190832,21.559988,24.794285,24.090508,25.78508,26.629166,25.995136,22.787937,18.157902,18.394344,14.210817,17.123644
11,32.51058,29.49749,25.318548,23.652468,20.507418,17.66107,15.517975,11.025991,9.507844,5.59148,3.8895566,0.0,4.060854,5.370287,9.264689,8.365968,10.603944,13.481249,15.216706,18.808943,21.571999,24.669638,27.079271,21.556057,19.863295,16.910927,16.452768,14.269771,12.774227,13.705077,11.70476,13.6677685,7.995712,13.36894,13.97514,11.010111,11.306441,16.261131,16.3249,14.216088,16.568827,21.348152,19.48326,19.089455,22.21198,25.678072,23.665167,24.398401,28.27698,26.570452,26.712057,29.999788,32.63681,30.60131,31.45418,31.010046,26.303194,28.160646,31.786713,27.557411,23.222782,28.050957,29.190289,28.458113,23.225666,22.158215,26.617525,25.188662,23.633698,29.087917,29.573929,26.751644,26.737595,32.449066,29.837336,35.053665,34.746704,32.111122,36.739006,33.155704,34.09203,35.784985,31.912521,28.713398,25.363663,28.381077,23.336096,27.31939,25.770483,29.340801,30.157494,30.829414,26.36889,28.277178,30.422226,33.47362,30.473217,30.220531,31.357565,26.913939,27.848446,23.346802,26.957968,26.88645,28.719042,29.835,29.308659,26.038614,21.442022,21.280031,16.891806,19.075047
12,35.99612,32.824005,28.869576,26.755215,23.687729,21.051474,18.438284,14.541078,12.052906,9.12407,6.0638905,4.060854,0.0,3.616955,8.55667,8.531166,11.526908,14.433996,16.962385,20.13141,23.35119,26.19521,29.266155,23.350044,21.158182,18.13558,16.850773,13.970927,12.003254,11.782213,10.146465,10.260334,4.7035456,10.1397705,11.519322,9.746806,10.407165,14.53966,15.306605,14.1343975,16.247047,20.518318,19.321976,19.66078,22.115591,25.487616,24.211191,25.227972,28.608059,26.72764,26.181664,30.127218,32.23304,29.775864,30.601278,29.971493,25.388098,26.806442,30.21506,26.111559,21.588753,25.892984,26.692781,25.939522,20.768301,19.56425,23.58306,22.026062,21.134447,26.653084,26.787842,24.059246,24.646378,30.332571,27.972303,33.158485,33.2595,30.894264,35.86375,32.54011,33.90827,35.96154,32.260147,28.723839,24.99645,27.99572,22.316132,26.011412,24.072796,27.477127,28.161695,28.428913,23.74027,26.02761,28.642529,32.022076,29.381287,29.467104,30.378912,26.45213,27.490017,23.118212,27.342035,27.455961,29.731691,30.912874,30.746782,27.848406,22.7592,23.211039,18.93385,21.157951
13,36.639782,33.439667,29.557009,27.54825,24.185606,22.141956,18.9253,15.500493,13.592335,10.181471,8.455355,5.370287,3.616955,0.0,6.424658,8.613179,10.362007,14.210116,15.529145,19.42951,22.235357,25.02615,28.014711,21.68243,19.713078,16.391874,15.799034,12.434754,11.575795,10.599935,11.198772,11.104033,7.625369,12.828377,13.905479,12.179121,13.631862,17.579935,17.83541,16.643642,19.399828,23.160416,21.60457,22.334293,25.094158,27.85532,26.33267,27.916695,31.3476,29.757565,29.009535,32.502388,34.954964,32.589485,32.999035,31.965775,27.426685,28.491177,32.248,28.647274,23.646069,27.662004,28.662245,28.290367,23.14534,21.36834,25.003633,22.94434,22.15289,27.909794,27.469984,24.315748,25.271788,30.94842,29.079659,34.178947,34.13257,32.10376,37.01217,34.070564,35.290092,37.516083,33.622604,30.060055,26.509443,28.983944,23.30846,26.287785,24.038263,27.215212,27.453459,27.554512,22.56475,24.325033,26.91427,30.206076,27.879642,28.18166,29.676346,25.690802,27.456627,23.290197,27.675947,28.459145,30.799524,32.30631,32.26653,29.316956,24.319658,24.290934,19.890347,21.358446
14,34.79917,31.276524,28.139465,25.395264,21.945063,21.321737,16.614132,15.337373,13.143634,11.195519,10.852876,9.264689,8.55667,6.424658,0.0,5.4829545,5.364982,9.493451,10.597743,14.067917,16.956375,19.395184,22.998934,16.425367,13.98393,10.758172,9.796335,6.0871377,6.4904056,5.857617,8.851349,10.823182,10.81857,15.319436,14.187057,12.047374,15.146483,18.555283,17.135685,15.972568,20.155548,22.330025,19.981756,21.751926,25.012377,26.103884,24.238586,27.20341,30.442673,29.694792,28.360529,30.636543,33.849792,31.87387,31.263157,29.482843,25.116352,25.676079,30.125597,27.626787,21.875496,25.648474,27.416103,27.940876,22.897028,20.158297,23.68998,21.196451,19.49572,25.338037,24.610088,20.93316,21.51557,27.081985,25.669762,30.57495,30.021301,28.350763,32.94076,30.572924,31.46729,33.943913,29.837467,26.285439,23.152016,24.718552,19.39035,21.476105,19.222359,22.289988,22.372297,22.928427,18.37943,19.54303,21.451393,24.420177,21.784027,21.950247,23.7932,19.62255,21.95777,18.099651,22.606045,24.307123,26.835892,28.845348,29.227825,26.567215,21.60162,21.228325,17.045847,17.426033
15,31.109467,27.492151,24.474768,21.269876,18.175186,17.225183,12.678859,11.681503,8.43368,8.200745,7.794055,8.365968,8.531166,8.613179,5.4829545,0.0,4.418986,5.994918,10.02309,11.836338,15.563821,18.163254,21.854797,16.258766,13.4412775,11.059519,8.710883,7.0845056,4.729813,7.6901236,5.6224966,10.708776,9.605276,13.782525,11.352433,7.940868,11.135093,14.834597,12.609732,10.851407,15.40437,17.637468,14.885667,16.384165,19.92901,21.074615,18.945494,21.765465,25.129145,24.496284,23.464418,25.487226,28.897259,27.182178,26.704845,25.291718,20.737787,21.957588,26.382175,23.492126,18.103977,22.685652,24.71766,25.075504,19.94708,17.694323,22.156658,20.39155,17.673069,23.184391,23.573805,20.385736,19.720695,25.358128,23.049929,28.128403,27.360502,25.027746,29.468262,26.470081,27.242031,29.384068,25.311558,21.889227,18.740282,20.931696,15.964042,19.379988,17.996096,21.624508,22.620974,23.898645,20.248188,22.001238,23.453844,26.243425,22.715244,22.173496,23.080606,18.596058,19.569681,15.166685,19.175552,19.9361,22.289705,23.990623,24.193085,21.503202,16.388426,16.39314,12.223591,13.579793
16,29.869925,26.248205,23.465553,20.444942,17.00522,17.144735,11.809705,12.0182295,10.215723,9.594449,10.861833,10.603944,11.526908,10.362007,5.364982,4.418986,0.0,4.829661,5.9003077,9.110154,12.060707,14.758167,18.206274,12.144204,9.63496,6.8231735,6.1010303,4.908091,5.764505,8.564017,9.336186,14.075075,13.588064,17.997114,15.583357,12.262008,15.439061,19.155205,16.478899,14.500111,19.360552,21.206755,17.917063,19.456343,23.438484,23.843859,21.133709,24.460619,27.97179,27.79624,26.859123,27.932768,31.945902,30.58796,29.63728,27.868229,23.483997,24.458292,29.273977,26.986671,21.389221,25.72811,28.101007,28.84996,23.845713,21.202465,25.34411,23.215536,20.31346,25.801281,25.78032,22.185673,21.51293,26.935354,25.119865,29.950958,28.737066,26.719622,30.730583,28.156755,28.444288,30.56244,26.234465,23.09161,20.576643,21.924221,17.676239,20.133968,18.742855,22.07943,22.652164,24.103722,20.54889,21.369726,22.235205,24.554161,21.014423,20.385788,22.172922,17.235542,19.116495,15.094103,18.732777,20.387388,22.507292,24.615997,24.838753,22.01948,17.52698,16.4741,12.366988,12.176692
17,27.548037,23.70437,21.58416,17.701727,14.749796,15.525833,9.76047,11.863424,9.391439,11.060611,12.327772,13.481249,14.433996,14.210116,9.493451,5.994918,4.829661,0.0,6.6747265,6.017193,10.206244,12.59576,16.613497,11.836122,8.654899,7.6575623,4.6604505,6.618088,5.8897204,10.421998,9.022986,15.248621,15.331886,18.857855,15.2274885,11.635856,14.9824505,18.106474,14.349851,12.243801,17.543972,18.355524,14.515958,16.407715,20.590479,20.009104,16.990286,20.965511,24.284143,24.664314,23.62919,23.797487,28.253489,27.315384,25.945913,24.09728,19.837936,21.000542,25.990969,24.083418,18.676386,23.229462,26.051577,27.061834,22.317148,19.749743,24.208813,22.520735,18.687044,23.626696,24.30518,21.036554,19.247318,24.416704,22.188267,26.894188,25.285837,22.968283,26.60329,23.8764,23.87951,25.85911,21.481634,18.492327,16.333858,17.573856,14.125332,17.067858,16.542,20.11269,21.3539,23.508871,21.00091,22.05142,22.298769,24.288853,20.005507,18.71128,19.699484,14.554445,15.345116,11.087186,14.196306,15.585867,17.688124,19.849922,20.230614,17.673124,13.147337,12.251565,8.604598,8.404824
18,26.62782,23.056316,20.871948,18.06201,14.501757,16.32867,10.521308,12.887669,12.784391,12.710935,15.380342,15.216706,16.962385,15.529145,10.597743,10.02309,5.9003077,6.6747265,0.0,6.1154327,6.9039025,9.907173,12.5293665,6.4419007,5.053876,2.844591,6.348683,7.9822903,10.452411,13.396612,14.624245,19.772676,19.365402,23.789278,21.011768,17.410456,20.415642,24.181402,20.828945,18.441772,23.51331,24.944248,20.990625,22.288824,26.783222,26.332869,22.822699,26.532604,30.209826,30.677841,30.084633,29.76752,34.580585,33.85323,32.421993,30.466597,26.348963,27.348816,32.475475,30.756002,25.29248,29.610529,32.437634,33.52444,28.708513,25.954264,30.05419,27.900824,24.476103,29.581635,29.605228,25.894365,24.667694,29.620893,28.034399,32.47424,30.590506,28.6988,31.884626,29.611462,29.118887,30.90481,26.376587,23.896832,22.40965,22.892315,20.13887,21.89791,21.065767,24.076202,24.509745,26.462145,23.610653,23.458239,23.246805,24.633049,20.808477,19.663347,22.171263,16.728626,19.010065,15.662037,17.936216,20.233528,21.693375,24.117638,24.21092,21.283533,18.020597,15.616456,12.184955,9.901126
19,25.510416,21.617601,20.590706,16.52429,13.808406,16.626274,10.514914,14.893288,13.812236,15.700114,17.850613,18.808943,20.13141,19.42951,14.067917,11.836338,9.110154,6.017193,6.1154327,0.0,4.7353644,6.6577773,11.104943,7.4994273,4.3971024,6.2552357,5.365109,9.50865,10.750896,14.682776,14.6314,20.646534,21.317421,24.764534,20.845602,17.41337,20.702349,23.536692,19.244774,17.151777,22.474472,22.400564,18.125166,20.087002,24.48708,22.572403,18.972858,23.6451,26.794825,27.997055,27.017624,25.54518,30.778212,30.515633,28.393173,26.131279,22.438082,23.29502,28.576496,27.673656,22.413677,26.520144,29.823727,31.356018,27.002438,24.176964,28.268885,26.478117,22.222271,26.576334,27.12979,23.758572,21.467297,25.881855,24.155264,28.217659,25.850548,23.906498,26.500624,24.432238,23.559322,25.324898,20.786385,18.561398,17.77333,17.566341,16.078625,17.660496,17.769924,20.776241,21.832872,24.551302,22.981863,23.028528,22.067625,23.027155,18.367651,16.416647,18.025229,12.414342,13.6756,10.612065,11.966516,14.633786,16.134918,18.86361,19.420546,17.142042,14.121958,11.883477,9.759022,6.4888062
20,24.09411,20.436453,19.83359,16.454182,13.712905,17.544483,11.860867,16.653233,16.81717,18.176262,21.020508,21.571999,23.35119,22.235357,16.956375,15.563821,12.060707,10.206244,6.9039025,4.7353644,0.0,3.4033685,6.5391326,3.926067,3.824556,6.8528166,9.010658,12.669962,14.874082,18.30913,19.046772,24.822277,25.160788,29.009409,25.36223,21.78514,24.875055,28.045736,23.824415,21.488644,26.702301,26.904657,22.500368,24.025915,28.633572,26.687,22.729902,27.183132,30.50956,31.89265,31.271038,29.243591,34.778946,34.801476,32.60273,30.346336,26.828625,27.68701,32.98854,32.237835,27.092915,31.128153,34.49643,36.083504,31.734425,28.883453,32.866417,30.929893,26.762718,31.051939,31.398977,27.89291,25.72265,29.84823,28.423279,32.203377,29.568293,27.840189,29.892672,28.111471,26.769922,28.218918,23.706293,22.07398,21.90202,21.23097,20.505428,21.487808,21.637928,24.242197,24.919575,27.634367,26.147522,25.476103,24.018349,24.337498,19.928577,17.89615,20.31949,14.800983,16.660093,14.492422,14.746994,17.705881,18.482264,21.26032,21.561028,19.163568,17.350151,14.172522,12.601898,8.301796
21,25.455578,21.839676,21.95903,18.379156,16.11372,20.341156,14.795636,19.886126,19.81286,21.41516,24.064287,24.669638,26.19521,25.02615,19.395184,18.163254,14.758167,12.59576,9.907173,6.6577773,3.4033685,0.0,5.837397,5.617275,5.543366,9.133771,10.615118,14.457706,16.76465,19.987524,21.061445,26.708982,27.737053,31.28446,27.361164,24.056292,27.34735,30.105547,25.658398,23.617243,28.887194,28.388523,24.013687,25.93831,30.376257,27.682968,23.869791,28.779072,31.743998,33.473846,32.548733,29.967215,35.62904,35.83998,33.191467,30.61821,27.489468,27.982979,33.337795,33.236385,28.09426,31.694845,35.247326,37.161346,33.08841,30.039185,33.70142,31.727177,27.433607,31.346693,31.567484,28.103905,25.769829,29.391863,28.339453,31.69223,28.793882,27.422028,28.99354,27.765676,26.178148,27.69921,23.305641,21.932497,22.268414,20.830349,20.838615,20.983564,21.381529,23.569279,24.15589,27.092129,26.247318,25.219172,23.174677,22.946022,18.467405,16.15464,18.689177,13.452871,15.50173,14.285466,13.905707,17.560911,18.290138,21.302608,21.959465,20.10568,18.686657,15.665385,14.86019,10.3851385
22,22.349548,19.23262,19.74858,17.312706,15.273743,20.12797,15.654514,20.794432,21.990826,23.268017,26.615341,27.079271,29.266155,28.014711,22.998934,21.854797,18.206274,16.613497,12.5293665,11.104943,6.5391326,5.837397,0.0,7.045684,9.681724,12.500638,15.45823,18.94609,21.39956,24.669333,25.545403,31.337532,31.39654,35.40508,31.785044,28.064295,30.899654,34.204468,29.867933,27.328108,32.356815,32.550137,27.984404,29.072353,33.811127,31.557611,27.233137,31.468721,34.818806,36.579895,36.376057,33.413097,39.33299,39.85612,37.483208,35.28566,32.103764,33.036934,38.287457,37.82214,33.004673,36.980007,40.505577,42.18951,37.974804,35.19542,39.141254,37.237667,32.944714,36.911377,37.30643,33.848873,31.473269,35.115578,33.858948,37.20637,34.17914,32.591335,33.788624,32.30133,30.311605,31.223398,26.914265,26.15973,26.851618,25.669088,26.125914,26.677353,27.191296,29.399134,29.927782,32.794384,31.740925,30.494743,28.417374,27.92447,23.769001,21.524746,24.258139,19.190237,20.947126,19.72986,18.540821,21.438087,21.252739,23.915386,23.935127,21.697195,21.501781,17.6356,17.149233,12.533922
23,26.083073,22.676739,21.662725,19.032932,15.925624,19.426022,13.9033,17.769867,18.361742,18.723898,21.705116,21.556057,23.350044,21.68243,16.425367,16.258766,12.144204,11.836122,6.4419007,7.4994273,3.926067,5.617275,7.045684,0.0,4.03303,5.7892,9.960591,12.617164,15.719114,18.377964,20.289804,25.43186,25.712133,29.947578,26.807798,23.330067,26.46548,29.92845,26.091558,23.780127,28.98719,29.646757,25.398575,26.886929,31.497046,29.98753,26.15894,30.411978,33.886986,34.99711,34.357746,32.807888,38.173462,37.950428,35.887627,33.561558,29.921213,30.603529,35.93944,35.070538,29.644066,33.5583,36.763206,38.310207,33.79204,30.768461,34.538662,32.26868,28.545736,33.18831,33.02641,29.23709,27.708157,31.973972,30.90987,34.756096,32.30261,30.840876,33.141617,31.550251,30.39372,32.01119,27.49706,25.673285,25.204712,24.550816,23.206707,23.790306,23.374535,25.766317,25.908373,28.222012,26.231077,25.094547,23.749624,24.027601,20.212044,18.667477,21.90465,16.55791,19.389698,17.316813,18.240631,21.45605,22.383944,25.159918,25.411085,22.853699,20.849234,17.686113,15.569691,11.62521
24,27.453987,23.764345,22.656668,19.27764,16.233534,19.251448,13.216782,17.020144,16.56805,17.355375,19.737295,19.863295,21.158182,19.713078,13.98393,13.4412775,9.63496,8.654899,5.053876,4.3971024,3.824556,5.543366,9.681724,4.03303,0.0,3.6488388,6.1190777,9.324671,12.18228,15.046786,16.835857,22.046375,22.96631,26.817106,23.38504,20.158049,23.589945,26.64755,22.712759,20.733093,26.068153,26.266764,22.165457,24.168335,28.545307,26.804293,23.337288,27.936182,31.142141,32.218044,31.150093,29.88369,35.034206,34.619858,32.44467,29.962011,26.328543,26.808474,32.162193,31.437302,25.858541,29.61028,32.819504,34.466393,30.033035,26.890915,30.57425,28.330263,24.539143,29.1641,29.014242,25.266212,23.687439,28.033192,26.95292,30.875566,28.560055,27.12262,29.721361,28.160095,27.310867,29.247023,24.742704,22.52168,21.732533,21.106483,19.333326,19.911098,19.420376,21.957108,22.279318,24.664818,22.760601,22.013243,20.848373,21.507248,17.372696,15.808189,18.636162,13.163391,15.952328,13.596377,15.269433,18.64679,20.130413,22.990675,23.575546,21.270926,18.491953,16.004496,13.701364,10.179409
25,28.81078,25.19763,23.35193,20.353228,16.932175,19.047335,13.11035,15.634987,15.136475,15.047312,17.295813,16.910927,18.13558,16.391874,10.758172,11.059519,6.8231735,7.6575623,2.844591,6.2552357,6.8528166,9.133771,12.500638,5.7892,3.6488388,0.0,5.3750477,6.977569,10.330145,12.689266,15.066679,19.776241,20.33557,24.531973,21.652178,18.464367,21.83927,25.220514,21.80965,19.822712,25.036345,25.917686,22.081274,23.924511,28.229572,27.296413,24.049664,28.215738,31.613094,32.21182,31.188803,30.796768,35.57503,34.778328,33.01776,30.704355,26.773016,27.320868,32.562008,31.325563,25.58774,29.45883,32.356373,33.731697,29.048615,25.945606,29.646502,27.2424,23.926376,29.007332,28.621655,24.736525,23.758518,28.530022,27.407906,31.657759,29.750448,28.252232,31.411863,29.610739,29.173037,31.241482,26.740732,24.14563,22.714432,22.681284,19.872984,20.818958,19.750122,22.453136,22.566725,24.463182,21.727003,21.184362,20.742739,21.978598,18.306305,17.315722,20.2356,14.932268,17.927742,15.022055,17.62269,20.60709,22.341269,25.007774,25.442142,22.846375,19.475561,17.287678,14.15497,11.543844
26,30.253553,26.384417,24.741476,20.856152,17.870066,19.510197,13.436171,16.009893,13.946482,14.91581,16.078617,16.452768,16.850773,15.799034,9.796335,8.710883,6.1010303,4.6604505,6.348683,5.365109,9.010658,10.615118,15.45823,9.960591,6.1190777,5.3750477,0.0,4.3540173,6.2577686,9.502918,11.014715,16.145863,17.83356,21.176275,17.583342,14.811647,18.638145,21.205498,17.485573,16.082888,21.436945,21.394964,17.780247,20.427671,24.311026,22.866463,20.191174,24.849436,27.747955,28.406475,26.76886,26.606194,31.096466,30.129896,28.15008,25.635883,21.780272,22.068024,27.315783,26.353905,20.472464,24.141474,27.125631,28.684986,24.186565,20.93728,24.611235,22.372093,18.728985,23.68144,23.518559,19.800634,18.482897,23.347504,22.057775,26.399225,24.64546,23.09832,26.585,24.788256,24.745415,27.163603,22.79142,19.74316,17.907385,17.954857,14.594445,15.734113,14.721225,17.762108,18.384998,20.528181,18.182566,18.469185,18.251215,19.972212,15.80566,14.688877,16.51669,11.317222,13.668203,10.276489,13.926732,16.838745,19.246134,21.902552,22.785072,20.697498,16.486029,15.432092,12.481364,10.835874
27,33.391212,29.61783,27.399284,23.903446,20.668634,21.445702,15.718023,16.750732,14.426066,14.235851,14.679984,14.269771,13.970927,12.434754,6.0871377,7.0845056,4.908091,6.618088,7.9822903,9.50865,12.669962,14.457706,18.94609,12.617164,9.324671,6.977569,4.3540173,0.0,4.3910923,5.767688,9.404468,13.129757,15.14928,18.69487,15.902178,13.67536,17.571436,20.208107,17.374432,16.35439,21.384354,21.92576,18.946632,21.600323,25.110825,24.506912,22.392086,26.580673,29.473478,29.568447,27.75485,28.712416,32.58173,31.07994,29.502478,27.068508,23.058584,23.140427,28.132587,26.788668,20.680763,24.101332,26.605196,27.934134,23.24686,19.885157,23.238409,20.634188,17.887695,23.373257,22.612288,18.676275,18.487352,23.692162,22.66784,27.220531,26.066465,24.72672,28.817219,27.043644,27.545834,30.203083,25.982187,22.561413,20.043175,20.55019,15.980543,17.043777,15.087779,18.025251,18.155094,19.482977,16.017603,16.551348,17.332575,19.759644,16.435446,16.186613,18.216688,13.731476,16.538101,13.129081,17.598713,20.25568,22.925533,25.393381,26.234976,24.038189,19.330868,18.727972,15.221961,14.41438
28,33.305733,29.484362,27.141624,23.34178,20.425226,20.446964,15.176125,15.679347,12.303226,12.848759,12.322336,12.774227,12.003254,11.575795,6.4904056,4.729813,5.764505,5.8897204,10.452411,10.750896,14.874082,16.76465,21.39956,15.719114,12.18228,10.330145,6.2577686,4.3910923,0.0,4.799961,5.1189632,9.971061,12.048493,15.022583,11.69878,9.510002,13.59816,15.885685,13.043307,12.321383,17.245584,17.698812,15.029703,17.855602,21.028389,20.751265,19.077564,23.032389,25.74363,25.598146,23.643013,25.204458,28.675026,26.95836,25.670033,23.5071,19.308208,19.653772,24.423767,22.626812,16.609413,20.386383,22.761126,23.840223,19.042526,15.92594,19.780903,17.598276,14.6016445,20.151766,20.021957,16.498358,15.924863,21.456959,19.74917,24.62942,23.78683,21.996317,26.471924,24.195427,25.088314,27.736898,23.704792,20.023003,16.93349,18.258926,12.997079,15.316542,13.586718,17.070112,17.933716,19.336908,16.04672,17.736345,18.973154,21.778769,18.21376,17.794884,18.604198,14.451307,15.888327,11.854204,16.647675,18.348917,21.23818,23.345764,24.1851,22.127842,16.86699,17.18378,13.673857,14.157026
29,37.778526,34.009792,31.471544,27.926373,24.844759,24.653002,19.523045,19.282646,16.06026,15.512384,14.30836,13.705077,11.782213,10.599935,5.857617,7.6901236,8.564017,10.421998,13.396612,14.682776,18.30913,19.987524,24.669333,18.377964,15.046786,12.689266,9.502918,5.767688,4.799961,0.0,7.060377,7.9249353,11.756116,14.402778,12.270697,11.570783,15.497682,17.27699,15.577973,15.631443,19.912886,20.403202,18.56828,21.583706,24.15929,24.185398,23.176647,26.954561,29.385925,28.900677,26.537176,28.863766,31.721405,29.544203,28.352102,26.001925,22.04413,21.74083,26.187801,24.582558,18.41126,21.22766,23.075588,24.178804,19.526314,16.061789,18.881102,16.039112,14.424472,20.258707,19.02525,15.190333,16.214111,21.661503,20.767595,25.48344,25.203259,24.045603,28.86398,27.109915,28.427498,31.419903,27.594212,23.700092,20.35585,21.443632,15.569465,16.759642,13.996998,16.86231,16.908752,17.317213,12.922013,14.750697,16.953468,20.323803,17.796976,18.269619,19.46037,16.195164,18.519253,15.127798,20.407543,22.509466,25.634375,27.785227,28.793926,26.87018,21.50757,21.982466,18.41842,18.778694
30,34.53931,30.80474,28.174232,24.371702,21.827526,20.734356,16.504833,15.832073,11.544415,12.464695,10.395185,11.70476,10.146465,11.198772,8.851349,5.6224966,9.336186,9.022986,14.624245,14.6314,19.046772,21.061445,25.545403,20.289804,16.835857,15.066679,11.014715,9.404468,5.1189632,7.060377,0.0,6.825525,8.414762,10.394129,6.6330867,4.793442,9.038398,10.842981,8.684696,8.665944,12.894233,13.755335,12.020628,14.741431,17.169174,17.950584,17.111988,20.234093,22.710505,21.94746,19.899586,22.755884,25.378815,23.19083,22.615654,21.036953,16.619942,17.398785,21.523966,18.776203,13.105156,17.327883,19.178122,19.63394,14.578526,12.086681,16.58143,15.057873,12.342483,17.843344,18.447844,15.687369,15.05987,20.761276,18.267498,23.446459,23.222582,20.942764,25.888437,22.983946,24.464981,27.0114,23.37948,19.498806,15.666703,18.198803,12.239571,15.99988,14.495924,18.21334,19.64817,20.782602,17.52209,20.277813,22.135397,25.317026,21.882559,21.510283,21.30766,17.802732,17.96904,13.708226,18.39596,18.78766,21.74305,23.246082,23.949104,22.023907,16.318373,17.752037,14.353743,16.337725
31,41.058613,37.403355,34.474762,30.968836,28.301884,26.766363,22.871279,21.20913,17.156368,16.751186,13.61894,13.6677685,10.260334,11.104033,10.823182,10.708776,14.075075,15.248621,19.772676,20.646534,24.822277,26.708982,31.337532,25.43186,22.046375,19.776241,16.145863,13.129757,9.971061,7.9249353,6.825525,0.0,7.2770505,7.223214,6.5222964,8.617687,11.409318,11.697709,12.250395,13.63324,16.041536,16.972792,16.93295,19.662529,20.794403,22.275452,22.618511,25.152805,27.037334,25.613802,23.012512,27.276114,28.635021,25.659618,25.526855,23.956722,20.042412,19.983574,23.179932,20.441216,15.09412,17.683924,18.301228,18.395782,13.653895,11.104246,13.982341,11.905302,11.877945,17.455452,16.850956,14.313448,15.86802,21.286903,19.616161,24.529926,25.34135,23.770481,29.218214,26.854029,29.044024,31.96247,28.771097,24.653717,20.469791,22.872583,16.243244,18.836884,16.291277,19.237558,19.984537,19.787508,15.538345,19.019289,22.131088,25.970974,23.731106,24.262745,24.079868,21.705204,22.489868,18.881998,24.106121,24.750326,27.97726,29.395472,30.278397,28.582077,22.79656,24.531595,21.113354,23.05021
32,37.736027,34.428413,30.777252,28.098463,25.417267,22.70764,20.125818,16.739012,13.180019,11.8054905,7.832937,7.995712,4.7035456,7.625369,10.81857,9.605276,13.588064,15.331886,19.365402,21.317421,25.160788,27.737053,31.39654,25.712133,22.96631,20.33557,17.83356,15.14928,12.048493,11.756116,8.414762,7.2770505,0.0,5.5027566,7.3296847,6.978765,7.410335,10.411172,12.0375595,11.881906,13.286395,17.096474,16.775564,17.564312,19.151419,22.634878,22.216375,23.165901,25.960632,23.863914,22.779173,27.445612,28.882734,26.077888,27.076483,26.570004,22.144463,23.451216,26.389904,22.12472,17.863857,21.925388,22.371881,21.392387,16.287382,15.424633,19.454735,18.315456,17.699408,22.914337,23.36454,21.15914,21.736084,27.287199,24.7003,29.854847,30.356146,27.942392,33.137165,29.76584,31.57277,33.762924,30.41638,26.693813,22.615013,25.941444,19.937122,23.93685,22.083792,25.495972,26.532368,26.738247,22.407928,25.407412,28.230238,31.825798,29.13378,29.226059,29.364954,25.989305,26.379213,22.082096,26.504656,26.205902,28.756187,29.720604,29.801807,27.367764,21.921202,23.281427,19.411814,22.157742
33,41.264393,37.906456,34.535152,31.469398,29.19778,26.415003,24.045162,21.064676,17.002724,16.639229,12.497262,13.36894,10.1397705,12.828377,15.319436,13.782525,17.997114,18.857855,23.789278,24.764534,29.009409,31.28446,35.40508,29.947578,26.817106,24.531973,21.176275,18.69487,15.022583,14.402778,10.394129,7.223214,5.5027566,0.0,5.403988,8.222959,7.8643956,7.64735,11.059693,12.512377,12.398932,15.222305,16.401344,17.642822,17.76497,21.391771,22.22942,22.902203,24.77696,22.337885,20.546858,26.252634,26.559065,23.220436,24.57547,24.307802,20.322702,21.346098,23.35907,18.903654,15.381246,18.6627,18.293655,16.796995,12.043385,12.011723,15.581743,15.175573,15.448102,19.906961,20.663471,19.36406,20.163477,25.272581,22.547905,27.477291,28.636751,26.293941,31.713905,28.399843,30.797598,33.13079,30.345316,26.492867,22.102283,25.701807,19.501526,23.57151,21.801277,24.982489,26.314997,26.266617,22.421473,26.144056,29.246979,33.046818,30.524385,30.724937,30.036991,27.47921,27.218037,23.234993,27.751944,27.018597,29.81102,30.481607,30.83545,28.990095,23.387978,25.65566,22.35886,25.463573
34,38.19805,34.6387,31.81298,28.137066,26.07772,23.955511,21.012306,19.274061,14.696967,15.676679,12.173832,13.97514,11.519322,13.905479,14.187057,11.352433,15.583357,15.2274885,21.011768,20.845602,25.36223,27.361164,31.785044,26.807798,23.38504,21.652178,17.583342,15.902178,11.69878,12.270697,6.6330867,6.5222964,7.3296847,5.403988,0.0,4.5772104,6.284838,5.279053,6.375704,8.435289,9.768449,10.964991,11.625177,13.904609,14.435406,16.775858,17.534714,19.231934,20.959154,19.223269,16.86712,21.754797,22.735603,19.730812,20.284332,19.576086,15.392549,16.4324,19.105326,15.125887,10.664492,14.674487,15.288335,14.60732,9.367392,8.443156,13.241678,12.919897,11.475758,16.108868,17.484434,16.066204,15.770974,21.04073,17.940876,23.049858,23.795816,21.244843,26.570793,23.230936,25.50594,27.930128,25.05976,21.146214,16.759531,20.304878,14.18288,18.649324,17.348686,20.816813,22.628332,23.261515,20.20558,23.894405,26.372622,29.892374,26.809978,26.620382,25.512888,22.916096,22.121628,18.149292,22.53379,21.749743,24.677608,25.455532,26.074366,24.53578,18.796381,21.349436,18.450432,21.467834
35,33.781586,30.24424,27.305525,23.74646,21.583271,19.4379,16.50088,14.76656,10.143713,11.536262,8.539334,11.010111,9.746806,12.179121,12.047374,7.940868,12.262008,11.635856,17.410456,17.41337,21.78514,24.056292,28.064295,23.330067,20.158049,18.464367,14.811647,13.67536,9.510002,11.570783,4.793442,8.617687,6.978765,8.222959,4.5772104,0.0,4.3034773,6.8988295,5.6577177,5.3357797,8.466066,10.986636,9.917865,11.462981,13.508297,15.953114,15.381942,17.123672,19.774837,18.343401,16.928682,20.765606,22.828798,20.471645,20.899408,20.293865,15.680349,17.439974,20.798693,16.746798,12.230804,17.253485,18.605106,18.143333,12.931711,11.93938,17.123852,16.579508,14.066175,18.867266,20.447035,18.514969,17.447992,22.92561,19.60879,24.8318,24.84571,21.932,26.841639,23.138067,24.7595,26.816105,23.48925,19.83425,15.806478,19.426386,13.916366,18.87492,17.975016,21.78187,23.638094,24.796381,21.724836,24.813148,26.777359,29.968813,26.406809,25.827618,25.16197,21.69008,20.924644,16.503803,20.417149,19.51629,22.076721,22.920582,23.175934,21.11596,15.464033,17.488558,14.240816,17.415691
