,0,1,2,3,4,5,6,7,8,9,10,11,12,13,14,15,16,17,18,19,20,21,22,23,24,25,26,27,28,29,30,31,32,33,34,35,36,37,38,39,40,41,42,43,44,45,46,47,48,49,50,51,52,53,54,55,56,57,58,59,60,61,62,63,64,65,66,67,68,69,70,71,72,73,74,75,76,77,78,79,80,81,82,83,84,85,86,87,88,89,90,91,92,93,94,95,96,97,98,99,100,101,102,103,104,105,106
0,0.0,3.4517698,6.6474295,10.206367,13.061372,15.346704,18.554466,20.930946,24.8573,26.76025,32.38442,31.898586,35.132748,38.042076,33.360493,29.80549,27.383003,24.572515,20.112026,19.357836,15.197483,16.038326,11.39913,12.65346,12.834679,17.719236,17.352644,18.335077,18.139446,23.752737,21.576273,29.505745,27.66419,33.541447,33.35542,36.579872,37.84566,36.33304,36.731773,33.930904,34.36361,28.168802,28.992407,23.96193,26.725115,22.39122,24.561459,23.637724,26.487694,29.749897,31.285553,31.799614,36.824253,38.96526,36.41589,33.708897,36.472633,37.757904,43.57587,41.95785,38.48067,39.255196,36.21806,37.972046,35.22343,39.421165,37.324234,33.64953,30.542048,33.07277,29.529343,34.08393,32.783405,37.40791,35.99706,41.527637,42.07155,44.81292,45.421345,49.032463,47.33641,46.552685,41.257793,40.95057,35.53296,38.280304,31.756895,32.37825,28.469608,28.122179,25.27035,26.039547,27.44907,30.444223,31.408968,32.38967,37.188366,37.342068,42.138115,41.959423,40.41048,37.253956,35.696354,31.062567,29.118877,26.035389,23.176943
1,3.4517698,0.0,3.244344,6.91004,9.787119,12.000759,15.254725,17.49154,21.415218,23.386955,28.942049,28.556532,31.742544,34.681606,30.073784,26.467333,24.112463,21.391663,17.015017,16.59339,12.4488325,14.134428,9.88677,10.735736,12.285521,16.785679,16.590683,16.816229,15.783348,21.502645,18.7392,26.61812,24.443537,30.41169,30.02449,33.282436,34.485126,32.99924,33.530613,30.728962,31.395006,25.196041,26.338636,21.232628,24.541687,20.673048,23.164213,22.704395,25.07328,28.767853,29.593655,30.42302,35.349022,37.094803,34.392612,31.518076,34.162773,35.193325,41.01634,39.37639,35.85955,36.974094,34.153446,36.063755,33.750336,37.822655,36.03777,32.763813,29.434439,31.49758,27.519516,31.928276,30.2884,34.885498,33.193394,38.77924,39.075798,41.823784,42.311943,45.92713,44.177338,43.571934,38.236324,38.12208,32.6737,35.718708,29.211895,30.17514,26.47466,26.42043,23.945429,24.798191,25.854727,28.701012,29.178625,30.035051,34.682957,34.6566,39.37338,39.0693,37.61529,34.40191,33.19586,28.357983,26.644093,23.678768,20.877966
2,6.6474295,3.244344,0.0,4.5914383,7.0258694,9.325146,12.33386,14.306677,18.257128,20.168941,25.746317,25.323093,28.50277,31.451138,26.855686,23.297709,20.908878,18.376997,13.959917,13.999709,9.876674,12.416679,8.975935,9.700857,12.583428,16.428715,16.680502,16.225811,14.25614,20.017368,16.66754,24.4005,21.81776,27.862404,27.14386,30.48965,31.52059,29.997934,30.723993,27.86844,28.893085,22.601128,24.139393,18.92177,22.83752,19.521479,22.126514,22.33027,24.262156,28.349371,28.434317,29.719727,34.471924,35.7441,33.002354,29.977121,32.37114,33.140415,38.952763,37.193268,33.64563,35.03794,32.451103,34.424942,32.60012,36.389713,34.870983,32.05989,28.45962,30.029875,25.778278,29.991192,28.078655,32.6218,30.677261,36.315582,36.378166,39.186928,39.511963,43.09293,41.230865,40.757942,35.373806,35.436134,29.967173,33.252903,26.813204,28.038925,24.592377,24.743992,22.662907,23.506798,24.140562,26.80951,26.81876,27.615,32.05606,31.932442,36.553368,36.121674,34.71134,31.472046,30.52489,25.579206,24.024092,21.230412,18.46016
3,10.206367,6.91004,4.5914383,0.0,4.0765347,5.5118694,9.138847,11.709913,15.214478,18.093489,22.873604,23.345238,26.142769,29.045845,24.883698,20.731977,19.082767,16.128809,12.935263,12.991004,9.856505,13.605836,10.816542,9.175305,13.081068,16.28411,15.660489,14.027116,11.257936,16.665295,12.574215,20.216648,17.597174,23.672266,23.282743,26.445808,27.823624,26.558647,27.102669,24.498331,25.235739,19.478674,21.085032,16.234385,20.440855,17.80487,21.328966,21.220724,22.24064,26.583578,26.040398,27.069492,31.746984,32.865005,29.6534,26.500376,29.15447,29.650234,35.40255,34.030216,30.487991,32.450344,30.115095,32.5557,31.025475,35.181118,34.21288,31.63704,28.311682,29.43455,24.275679,28.281565,25.766317,30.22167,27.899351,33.476482,33.25338,35.808304,36.216736,39.93281,38.313896,38.174477,32.871284,33.179543,27.76552,31.537933,25.133852,27.084238,23.910444,24.813908,23.28925,24.569254,25.13846,27.55901,26.95674,27.197334,31.599962,30.835226,35.35554,34.87196,33.887886,30.50067,30.475264,24.951818,24.22689,21.468351,19.32012
4,13.061372,9.787119,7.0258694,4.0765347,0.0,5.7389426,5.5115886,9.576469,12.460212,15.775113,20.214043,20.712858,23.35835,25.847824,21.59054,17.268044,15.745367,12.236397,9.453699,9.120864,6.720763,11.050858,9.54616,7.521718,12.44972,14.456635,14.743569,12.655246,8.906778,14.280408,10.218485,17.677372,15.195665,21.04467,20.449858,23.840784,24.870045,23.281015,23.757544,20.955484,21.889633,15.722785,17.526567,12.452913,17.114662,15.05726,18.424587,19.226921,19.898508,24.56906,23.280382,25.08935,29.459763,30.019623,27.110481,23.89825,26.032618,26.454954,32.22524,30.507467,26.946362,28.85736,26.656689,29.007267,27.914558,31.683771,30.91708,28.817217,25.274166,25.93922,20.65221,24.487766,21.906149,26.341852,24.024729,29.646688,29.510473,32.22256,32.597984,36.24629,34.5681,34.23985,28.927666,29.147575,23.720499,27.474947,21.096994,23.170654,20.190588,21.335606,20.233995,21.616234,21.983002,24.213764,23.346039,23.352861,27.803139,26.863781,31.418945,31.054422,30.201633,26.772644,26.966965,21.204254,20.862398,17.999992,16.355541
5,15.346704,12.000759,9.325146,5.5118694,5.7389426,0.0,7.1881685,7.4666004,10.87112,13.863458,18.197222,19.19576,21.762589,25.001242,21.357996,17.222046,16.028326,14.019242,11.894196,13.475258,11.5226965,16.269949,14.938615,13.027246,17.665726,19.938646,19.337984,16.636093,12.61151,16.952976,11.236739,17.69523,13.676419,20.05234,19.045145,22.090528,23.498508,22.618881,23.675945,21.310299,22.714636,17.63147,20.140467,15.783614,20.988415,19.782772,23.65716,24.114456,24.094973,28.792356,27.033201,28.302889,32.579624,32.97287,29.340126,25.954138,28.422709,28.166622,33.69454,32.53775,29.028994,31.9359,30.239521,33.00732,32.385292,36.222313,35.89692,34.073387,30.624804,30.864141,25.104488,28.484865,25.188854,29.308468,26.218811,31.713758,30.666328,33.067417,33.11542,36.83456,35.12094,35.663353,30.373089,31.333725,26.05651,30.58015,24.591627,27.330853,24.893093,26.323471,25.610043,26.862734,26.6894,28.631777,26.989162,26.993124,30.660517,29.512337,33.58666,32.673523,31.930649,28.54512,29.441359,23.83139,23.68233,21.645887,19.747663
6,18.554466,15.254725,12.33386,9.138847,5.5115886,7.1881685,0.0,6.682811,7.753777,12.111512,15.374916,16.519136,18.666563,20.78725,16.870821,12.071488,11.375105,7.4453726,7.130586,7.5255957,7.937105,12.598376,13.111152,10.753673,15.9591465,16.364967,17.065153,14.011441,9.053572,12.793757,7.8686037,13.779819,10.704473,16.33129,15.223017,18.786882,19.503525,17.789783,18.417345,15.557041,17.078934,10.973137,13.729237,9.032131,14.874423,14.722834,18.161905,19.947683,19.434408,24.458412,21.658941,24.213163,27.94309,27.504017,24.572628,21.191809,22.69894,22.501968,28.11346,26.267454,22.71761,25.307753,23.738684,26.294407,26.27299,29.513569,29.473654,28.345354,24.72257,24.29656,18.408297,21.4932,18.180584,22.310734,19.394747,25.005737,24.386578,27.121222,27.281628,30.91469,29.185917,29.135998,23.824083,24.414076,19.065123,23.425539,17.414753,20.339436,18.218382,20.110306,20.100784,21.593622,21.309893,22.928358,21.034071,20.478903,24.449722,22.898909,27.175032,26.680197,26.245832,22.749613,24.000153,17.852047,18.564692,16.170372,15.487447
7,20.930946,17.49154,14.306677,11.709913,9.576469,7.4666004,6.682811,0.0,4.638548,6.5114555,11.515723,11.78399,14.548762,17.908354,14.115475,10.724228,9.086336,9.270225,7.9753857,11.764056,11.475431,16.313263,17.294369,16.425991,21.622007,22.554525,23.438768,20.499672,15.597651,18.994045,13.202916,17.41148,12.106761,17.957788,15.058214,18.545462,18.73746,17.494757,19.629616,16.9631,20.171747,14.973746,18.816193,14.731646,20.976332,21.30851,24.335896,26.576181,26.044022,31.092373,27.920876,30.557602,34.069363,33.151104,30.036938,26.570131,27.773085,26.82777,32.024086,30.197245,26.786083,30.076393,29.110058,31.558702,32.26267,34.756893,34.87739,34.30126,30.260445,29.331055,23.86345,26.327059,22.738373,26.342892,22.736294,28.141201,26.418503,29.166279,28.499426,31.895607,29.584871,30.404388,25.016586,26.515575,21.422598,26.337763,21.118975,24.17143,22.790907,24.323954,24.618399,25.45843,24.096003,25.320765,22.506054,22.53735,25.08148,23.952997,27.487247,26.110212,25.33947,22.074627,23.565943,18.285517,18.538956,17.611027,16.10038
8,24.8573,21.415218,18.257128,15.214478,12.460212,10.87112,7.753777,4.638548,0.0,5.746054,7.774089,9.614507,11.381666,14.198315,11.088696,6.8741717,7.096287,7.425922,9.311732,12.503682,13.785601,18.330528,19.969358,18.4311,23.656221,23.697495,24.595804,21.187456,16.064434,18.115705,12.567881,14.672124,9.140818,14.190625,10.683263,14.295183,14.165561,12.86484,15.192486,12.6492405,16.381569,12.033756,16.335976,13.314566,19.56927,21.12054,24.177025,26.738634,25.41552,30.48798,26.423319,29.383276,32.33895,30.754374,27.676983,24.236797,24.951778,23.513273,28.385956,26.590738,23.317934,27.13074,26.710941,29.312931,30.734163,32.928448,33.63966,33.68425,29.842669,28.224813,22.429369,24.188597,20.12765,23.251417,19.215263,24.363161,22.189774,24.832432,24.018824,27.413269,25.172632,26.300705,21.043707,22.9034,18.113476,23.459682,18.846354,22.531143,21.865086,23.986366,24.999222,26.044744,24.512104,25.273373,21.852516,21.242443,23.374527,21.539011,24.720236,23.315195,23.125011,19.845795,22.48777,16.951662,18.367735,17.737986,17.308279
9,26.76025,23.386955,20.168941,18.093489,15.775113,13.863458,12.111512,6.5114555,5.746054,0.0,7.0375443,5.4465,8.680783,12.63718,9.150571,8.200655,6.2876267,10.462688,10.514841,15.146436,15.865302,20.05081,22.227865,22.017601,27.214083,27.503399,29.063702,26.072693,21.026722,23.60421,18.14503,20.253712,14.532485,18.996561,14.49857,17.800344,16.700628,15.446387,18.808073,16.301394,21.045998,16.727715,21.2422,18.00225,24.330675,25.694832,28.055235,31.275988,30.39836,35.49252,31.45788,34.810265,37.696045,35.844536,33.096848,29.706263,29.975595,28.396318,32.984627,30.793665,27.673689,31.31208,31.081219,33.222713,35.000248,36.35244,36.875114,37.300056,32.95753,31.12124,26.1705,27.664688,23.973389,26.792429,22.806902,27.712198,25.175213,28.035084,26.553083,29.461475,26.551508,27.916525,22.70129,24.914242,20.442217,25.552904,21.584814,24.753078,24.475441,25.965961,27.05494,27.456305,25.084068,25.542358,21.660904,21.799202,22.704197,21.700201,24.255991,22.171465,21.3654,18.477474,20.724577,16.464682,17.078758,17.716532,16.632908
10,32.38442,28.942049,25.746317,22.873604,20.214043,18.197222,15.374916,11.515723,7.774089,7.0375443,0.0,5.601013,4.646895,7.871663,7.542231,6.6766953,8.707619,12.209424,15.261216,18.753262,20.708744,24.769709,27.172636,25.920286,31.104708,30.607191,31.776072,28.194437,23.097723,23.98848,18.95598,18.127636,12.693945,14.994865,9.613117,12.237168,10.375777,9.7212925,13.795882,12.222881,17.510494,15.578303,20.157951,18.730381,24.53191,27.270891,29.870466,33.051785,31.125887,36.088192,31.061,34.43982,36.548584,33.912056,31.068699,27.841251,27.603378,25.215096,28.971619,27.179691,24.479412,29.010372,29.66313,32.100685,34.77422,35.894627,37.30048,38.430946,34.57638,31.960625,26.570024,27.040531,22.744308,24.591146,20.016487,24.064444,20.51839,22.876396,20.99339,23.793306,21.06281,23.42225,18.765175,21.80814,18.306305,23.927492,21.221514,25.209518,25.864935,28.14393,30.010752,30.769135,28.423664,28.348114,23.871082,23.048153,23.223953,21.068571,22.700386,20.484022,20.828707,18.174404,22.322748,18.040173,20.268242,21.132147,21.35177
11,31.898586,28.556532,25.323093,23.345238,20.712858,19.19576,16.519136,11.78399,9.614507,5.4465,5.601013,0.0,3.9593792,8.032289,5.511296,7.9180365,7.038229,12.647693,14.007003,18.333338,19.87807,23.486706,26.40765,26.346853,31.48388,31.14261,33.128094,30.07437,25.012915,26.851526,21.918747,22.482426,17.12998,20.07739,14.826528,17.702932,15.421537,14.086764,18.139135,15.948279,21.547739,18.22082,22.884203,20.530607,26.559467,28.748098,30.60016,34.472515,33.250023,38.28174,33.579926,37.468136,39.75984,37.15117,34.814594,31.58884,31.049015,29.036345,32.984936,30.503958,27.742468,31.521698,31.919361,33.773933,36.417305,36.839535,37.767616,39.032703,34.6283,32.05093,27.572142,28.179203,24.523361,26.53524,22.432415,26.661674,23.57123,26.44508,24.330761,26.700415,23.3451,25.099976,20.2623,23.00899,19.374754,24.402874,21.753265,24.956482,25.637897,27.192879,28.96098,29.14495,26.18469,25.959534,21.341757,21.320124,20.779686,19.68986,21.193047,18.57322,17.989626,15.582261,18.814169,15.604749,16.900473,18.63763,18.342606
12,35.132748,31.742544,28.50277,26.142769,23.35835,21.762589,18.666563,14.548762,11.381666,8.680783,4.646895,3.9593792,0.0,4.8115935,5.4311132,8.271898,9.328293,14.248826,16.884619,20.66738,22.752804,26.32027,29.328554,28.773859,33.904324,33.181065,34.986465,31.663593,26.600554,27.632183,22.96823,22.132635,17.106924,18.826315,13.323427,15.631805,12.780065,11.757274,16.1374,14.536281,20.348291,18.324354,22.923988,21.504908,27.192001,30.054281,31.986485,35.850365,34.116287,39.053616,33.85593,37.77332,39.627647,36.582672,34.26531,31.167465,30.301476,27.87368,31.278046,28.974657,26.508055,30.695316,31.595226,33.54899,36.69659,36.91833,38.320217,39.992233,35.849922,32.85285,28.229443,28.251373,24.3507,25.756657,21.414896,25.039158,21.381252,23.966028,21.531883,23.695658,20.34621,22.717232,18.312462,21.56407,18.639105,23.82781,22.013996,25.58411,26.789307,28.727604,30.89575,31.252972,28.318928,27.801609,22.912403,22.370535,21.338814,19.620516,20.43526,17.694061,17.844437,15.703016,20.03103,16.957193,19.10524,20.914583,21.277657
13,38.042076,34.681606,31.451138,29.045845,25.847824,25.001242,20.78725,17.908354,14.198315,12.63718,7.871663,8.032289,4.8115935,0.0,5.4123964,8.907513,11.004707,15.100611,18.776741,21.757126,24.586363,27.631311,31.094545,30.384405,35.32504,33.910965,36.012924,32.704697,27.824804,28.12456,24.347008,22.440704,18.502693,18.812185,13.560601,15.511197,11.766671,10.195792,14.377936,13.055484,19.00994,17.848392,22.143675,21.628426,26.65563,30.186161,31.662,35.934345,33.882225,38.618313,32.945187,37.305347,38.566204,34.923782,33.15597,30.328358,28.68966,26.088875,28.912407,26.271496,24.181297,28.232708,29.620472,31.294031,35.08672,34.61144,36.408386,38.73132,34.77076,31.21855,26.98961,26.224289,22.490017,23.11789,18.931818,21.80766,17.979984,20.62201,17.847965,19.564672,15.929365,18.329142,14.326784,17.86272,15.86927,20.758951,20.165455,23.747162,25.693378,27.839304,30.544966,30.944807,27.93222,26.955471,21.826221,20.75662,19.056288,16.783491,16.829445,14.118032,15.074251,13.26299,18.624002,15.926141,18.992805,20.960035,22.25494
14,33.360493,30.073784,26.855686,24.883698,21.59054,21.357996,16.870821,14.115475,11.088696,9.150571,7.542231,5.511296,5.4311132,5.4123964,0.0,5.6805787,6.0077662,10.881765,13.74413,17.008072,19.63662,22.525288,26.132694,25.951689,30.860445,29.637518,32.14392,29.19162,24.328846,25.508703,21.66851,21.44931,17.32582,19.132542,14.139154,17.139366,14.113847,11.77901,15.458181,12.983809,18.820963,15.588762,20.056448,18.364342,23.818365,26.650108,27.87163,32.3649,30.930658,35.800083,30.666538,35.191257,36.96653,33.82495,32.172806,29.181643,27.82749,25.86456,29.555643,26.497555,23.922844,27.295061,27.964764,29.449154,32.63676,32.341003,33.523796,35.405945,31.070732,27.94413,23.903774,23.856598,20.451756,21.981585,18.138376,22.080347,19.279604,22.505444,20.358591,22.503942,18.94863,20.071993,15.156404,17.76476,14.426388,19.21867,17.344255,20.52239,21.897823,23.650507,26.020506,26.257801,23.194288,22.505358,17.550728,16.957834,16.07744,14.45996,15.87765,13.480953,13.378153,10.752199,15.0169,11.574594,14.118065,15.946872,16.917078
15,29.80549,26.467333,23.297709,20.731977,17.268044,17.222046,12.071488,10.724228,6.8741717,8.200655,6.6766953,7.9180365,8.271898,8.907513,5.6805787,0.0,4.512201,6.4135666,10.8464,13.34212,16.25015,19.649343,22.675251,21.53917,26.50717,25.292582,27.206226,23.960455,19.042868,19.969727,16.063148,15.981395,12.039469,14.388895,10.007095,13.618806,11.610739,9.0401,11.91068,8.930379,14.247818,10.4326,15.067924,13.297414,18.993008,21.843105,23.797836,27.637577,25.936594,30.87782,25.84122,29.95719,31.998415,29.273325,27.165434,24.022234,23.241508,21.453363,25.724726,23.059774,20.1054,23.760996,24.062365,26.124928,28.755276,29.561625,30.766487,32.01172,28.034868,25.332352,20.215122,20.743958,16.779768,19.004198,14.870462,19.584202,17.169527,20.293634,18.95813,21.920078,19.167625,20.036587,14.719923,16.86759,12.52621,17.978872,14.7011175,18.573196,19.222239,21.560713,23.627075,24.483437,22.30128,22.211155,17.930853,16.765106,17.865185,15.501661,18.165916,16.729403,17.030106,13.817759,17.658176,12.339103,15.148849,15.354399,16.392508
16,27.383003,24.112463,20.908878,19.082767,15.745367,16.028326,11.375105,9.086336,7.096287,6.2876267,8.707619,7.038229,9.328293,11.004707,6.0077662,4.512201,0.0,6.061712,7.827447,11.542076,13.752127,17.025648,20.30295,20.22057,25.199926,24.430292,26.887539,24.143986,19.27848,21.420061,17.301676,19.04114,14.786439,18.274302,14.090658,17.789433,15.975434,13.536182,16.333445,13.173708,18.090088,12.950573,17.39393,14.301863,20.298313,22.169859,23.67484,27.824905,26.935223,31.942879,27.556551,31.778954,34.24617,31.930151,30.01819,26.829517,26.23994,24.938028,29.52355,26.559978,23.479382,26.41964,26.211397,27.87547,30.037329,30.657206,31.220926,32.177917,27.709934,25.416313,20.970222,22.084991,18.784878,21.489822,17.939713,22.91385,21.051395,24.408659,23.082596,25.844496,22.806835,23.197803,17.775087,19.438347,14.782031,19.531462,15.703559,18.690247,18.84891,20.416378,22.0577,22.460495,19.912857,20.025156,15.883765,15.64687,16.81103,15.602975,18.635515,17.051949,16.344864,13.104084,15.511723,10.493309,12.021263,12.524233,12.705187
17,24.572515,21.391663,18.376997,16.128809,12.236397,14.019242,7.4453726,9.270225,7.425922,10.462688,12.209424,12.647693,14.248826,15.100611,10.881765,6.4135666,6.061712,0.0,6.021145,7.0335646,10.364905,13.599577,16.537964,15.386572,20.235813,18.990398,21.263184,18.436993,13.7123995,15.656897,12.393565,14.877719,12.129232,15.755218,13.234522,17.10017,16.22098,13.524763,14.675371,11.19411,14.496608,7.959849,11.97378,8.279259,14.365707,16.1748,18.049633,21.887312,20.87959,25.900145,21.688112,25.84758,28.499794,26.589573,24.695925,21.515444,21.234856,20.53191,25.66052,22.76431,19.401033,21.912842,21.128426,23.072872,24.599676,26.099766,26.57581,26.974854,22.857025,20.980122,15.712769,17.504112,14.110996,17.607317,14.461592,20.002962,19.189232,22.509056,22.12339,25.34137,23.05894,22.674488,17.194305,17.898638,12.553137,17.139456,11.895166,15.200914,14.521264,16.697886,18.107641,19.2445,17.822231,18.4823,15.363673,14.348737,17.562046,15.688022,19.772886,19.270327,19.040512,15.522842,17.544928,11.193438,13.181156,11.599196,12.490248
18,20.112026,17.015017,13.959917,12.935263,9.453699,11.894196,7.130586,7.9753857,9.311732,10.514841,15.261216,14.007003,16.884619,18.776741,13.74413,10.8464,7.827447,6.021145,0.0,5.1701612,5.9848347,9.647522,12.527166,13.121133,17.97143,17.869211,20.624525,18.65094,14.282328,18.134682,14.514925,19.283728,15.987431,20.815426,18.276506,22.162695,21.50641,19.079628,20.575254,17.154728,20.212194,13.315211,16.601826,11.626656,17.418718,17.3319,18.780815,22.48882,22.777386,27.72203,24.772709,28.595007,31.911137,30.794514,28.9386,25.755117,26.018349,25.837383,31.21022,28.281754,24.858967,26.677885,25.249174,26.79317,27.400583,28.994156,28.531597,28.17847,23.58099,22.687447,18.403011,21.097794,18.646103,22.528912,20.013824,25.593155,25.106358,28.499165,28.064999,31.165516,28.63684,28.069061,22.561739,22.990398,17.625086,21.347523,15.73519,17.650084,15.953899,16.82493,17.092407,17.638586,16.12587,17.47807,15.228867,15.603916,19.047878,18.594097,22.882511,22.218319,20.9913,17.656105,17.734816,12.224355,11.865979,9.963315,8.700104
19,19.357836,16.59339,13.999709,12.991004,9.120864,13.475258,7.5255957,11.764056,12.503682,15.146436,18.753262,18.333338,20.66738,21.757126,17.008072,13.34212,11.542076,7.0335646,5.1701612,0.0,4.4886947,6.7481604,9.820965,9.642568,14.090185,13.093424,16.353605,14.735533,11.000746,14.79175,12.91463,18.096687,16.548046,20.807018,19.465412,23.243973,22.913698,20.258472,20.65346,17.231562,18.949108,11.630204,13.644367,8.293702,13.1307335,12.477971,13.628961,17.505436,18.065031,22.886192,20.31737,24.320671,27.679804,26.888603,25.47286,22.514002,22.768736,23.287277,28.839949,25.789816,22.349829,23.297024,21.30048,22.710297,22.683891,24.715723,23.988224,23.196062,18.772842,18.349646,13.955403,17.302406,15.440554,19.740324,18.081703,23.673977,24.2026,27.559912,27.760983,30.94535,28.89324,27.57886,22.277029,21.843288,16.423279,19.33909,13.039717,14.503977,11.902166,13.000248,12.939282,14.164426,13.830189,15.618875,14.516334,14.284649,19.118128,18.3333,23.179695,23.332144,22.443796,19.07519,18.907284,12.951942,13.0923395,9.6323395,9.631293
20,15.197483,12.4488325,9.876674,9.856505,6.720763,11.5226965,7.937105,11.475431,13.785601,15.865302,20.708744,19.87807,22.752804,24.586363,19.63662,16.25015,13.752127,10.364905,5.9848347,4.4886947,0.0,4.9956927,6.577831,7.845893,12.337753,12.971331,15.8891735,14.854394,11.554752,16.576498,14.090452,20.55083,18.443253,23.531525,22.194756,25.960312,25.963018,23.609896,24.27216,20.942427,22.60786,15.43537,17.333609,11.786595,16.307402,14.320349,15.704724,18.60381,19.977531,24.617987,23.080824,26.340727,30.23277,30.140068,28.401058,25.400173,26.31463,26.97928,32.66642,29.913868,26.425621,27.370136,25.092068,26.526093,25.798777,28.261372,27.041636,25.503347,21.122826,21.568617,17.610262,21.365564,19.712252,24.109795,22.447832,28.070606,28.475803,31.73991,31.908815,35.171074,33.058266,31.95555,26.59365,26.296984,20.86845,23.742386,17.453619,18.484142,15.440787,15.753835,14.627507,15.487064,15.428179,17.727573,17.264061,17.775448,22.420496,22.2137,26.984444,26.898329,25.60672,22.33809,21.453468,16.123486,15.092815,11.819669,10.1088705
21,16.038326,14.134428,12.416679,13.605836,11.050858,16.269949,12.598376,16.313263,18.330528,20.05081,24.769709,23.486706,26.32027,27.631311,22.525288,19.649343,17.025648,13.599577,9.647522,6.7481604,4.9956927,0.0,5.119845,8.655471,11.321809,11.2534895,15.666876,15.89815,13.907402,18.653967,17.706114,23.958559,22.7005,27.255478,26.13331,29.902445,29.643532,26.976408,27.32758,23.908047,25.258457,17.984192,19.089657,13.831857,16.869232,14.131868,13.806081,17.426567,19.777712,23.906147,23.087399,26.758993,30.49736,30.546286,29.651157,27.00581,27.483938,28.689302,34.270782,31.071087,27.743193,27.585632,24.922722,25.605194,24.417538,26.346634,24.411135,22.64643,17.979252,19.059755,16.645332,20.603485,20.146194,24.47184,23.757145,29.11602,30.285357,33.71209,34.053097,37.078842,34.966072,33.138508,27.99973,27.023647,21.85556,23.541481,17.434752,17.116453,13.545395,12.734307,10.699514,11.234438,11.881121,14.688779,15.665381,16.554813,21.71638,22.121258,27.08715,27.501427,25.970404,22.9623,20.965033,16.334757,14.677995,10.753472,9.317802
22,11.39913,9.88677,8.975935,10.816542,9.54616,14.938615,13.111152,17.294369,19.969358,22.227865,27.172636,26.40765,29.328554,31.094545,26.132694,22.675251,20.30295,16.537964,12.527166,9.820965,6.577831,5.119845,0.0,5.6737247,7.511751,9.629835,12.805223,13.655467,12.621377,18.046724,17.153976,24.375736,23.331636,28.3318,27.845564,31.454185,31.845968,29.53005,29.629988,26.425861,27.075108,20.102217,20.734571,15.4704685,18.00201,14.058308,14.780162,16.411917,19.301958,23.140045,23.471708,25.99694,30.321955,31.312038,29.909744,27.285326,28.681751,30.145296,35.897198,33.28583,29.890425,29.85664,26.847576,27.945833,25.8308,28.923653,26.817604,23.993778,20.070625,22.07919,19.15126,23.58528,22.94592,27.489515,26.715569,32.13208,33.316456,36.458405,37.08229,40.373478,38.559883,36.964474,31.822271,30.918009,25.659948,27.605383,21.218588,21.2175,17.259577,16.73215,14.066442,15.009922,16.54204,19.523363,20.76775,21.4847,26.762337,26.909616,31.909317,32.2736,30.86238,27.75335,26.005789,21.19786,19.628471,15.825644,14.019378
23,12.65346,10.735736,9.700857,9.175305,7.521718,13.027246,10.753673,16.425991,18.4311,22.017601,25.920286,26.346853,28.773859,30.384405,25.951689,21.53917,20.22057,15.386572,13.121133,9.642568,7.845893,8.655471,5.6737247,0.0,5.2428546,7.167784,8.3595085,8.169055,7.262675,12.760564,12.409615,19.782614,19.619808,24.344486,24.776714,28.092497,29.067024,27.02411,26.508217,23.646166,23.314001,16.964043,16.957735,12.119036,14.161352,10.033308,12.664144,12.804718,14.909929,19.008587,19.236216,21.062637,25.627203,26.958181,24.995731,22.331306,24.366642,25.905678,31.707829,29.693815,26.283398,26.642017,23.591467,25.404789,23.048393,27.283672,25.782595,22.706865,19.601583,21.475239,17.061388,21.623152,20.36834,24.996252,24.047514,29.390045,30.582735,33.33456,34.34302,37.88345,36.57642,35.211784,30.224651,29.38808,24.172092,26.558933,19.98414,20.900503,16.972971,17.694155,15.637338,17.527008,19.4125,22.108223,22.780794,22.586176,28.107958,27.299114,32.312054,32.782238,31.988506,28.651169,28.069777,22.391457,21.990871,18.06502,17.179834
24,12.834679,12.285521,12.583428,13.081068,12.44972,17.665726,15.9591465,21.622007,23.656221,27.214083,31.104708,31.48388,33.904324,35.32504,30.860445,26.50717,25.199926,20.235813,17.97143,14.090185,12.337753,11.321809,7.511751,5.2428546,0.0,5.1325026,6.010841,8.666177,10.617973,15.118111,16.427773,23.496872,24.218811,28.530544,29.490698,32.658577,33.76146,31.676575,30.754946,28.005608,27.006836,21.02583,20.100693,15.941153,16.126959,10.825615,12.438197,10.987651,14.55001,17.510248,19.551525,20.691887,25.402523,27.612318,26.16724,24.012478,26.212555,28.393644,34.03404,32.0991,28.89438,28.345856,24.803534,26.224953,22.76165,27.41935,25.283047,21.183899,18.806227,21.852934,18.503984,23.294212,22.949594,27.463957,27.298794,32.29739,34.13355,36.774273,38.121235,41.595596,40.52922,38.727444,33.999462,32.674572,27.724709,29.3094,22.91758,23.043009,18.71497,18.905739,16.046276,18.028744,20.930696,23.875042,25.572792,25.427292,31.29977,30.690493,35.81441,36.650105,35.821785,32.607803,31.515343,26.170338,25.537878,21.338089,20.576105
25,17.719236,16.785679,16.428715,16.28411,14.456635,19.938646,16.364967,22.554525,23.697495,27.503399,30.607191,31.14261,33.181065,33.910965,29.637518,25.292582,24.430292,18.990398,17.869211,13.093424,12.971331,11.2534895,9.629835,7.167784,5.1325026,0.0,5.909636,8.256994,10.308082,13.421426,16.205345,22.143436,23.747797,27.16445,28.314713,31.43187,32.234985,29.873365,28.523203,25.798958,24.43802,18.643555,17.0205,13.529294,12.31456,6.891624,7.371374,6.9304957,10.766126,13.81847,15.452389,17.647526,21.850683,23.608776,22.950043,21.064009,22.5417,25.030392,30.488901,28.1847,25.148119,23.90325,20.210709,21.30404,17.777761,22.305668,20.204647,16.235735,13.922557,16.970697,13.850451,18.64432,18.893333,23.240845,23.713848,28.384573,30.774698,33.437695,34.983673,38.278965,37.386684,35.11632,30.700275,28.926008,24.31505,25.24314,19.124947,18.91333,14.553749,15.05499,12.525579,15.073612,18.392197,21.07862,22.947428,22.28475,28.40003,27.511091,32.636353,33.884514,33.35014,30.229477,29.34001,23.953304,23.929464,19.535702,19.827648
26,17.352644,16.590683,16.680502,15.660489,14.743569,19.337984,17.065153,23.438768,24.595804,29.063702,31.776072,33.128094,34.986465,36.012924,32.14392,27.206226,26.887539,21.263184,20.624525,16.353605,15.8891735,15.666876,12.805223,8.3595085,6.010841,5.909636,0.0,4.507235,8.9612,11.4109745,14.664946,20.706139,22.900555,26.277508,28.315628,31.018654,32.58305,30.734257,29.030546,26.772099,24.535772,19.76945,17.739769,14.97609,13.422412,8.167351,11.323483,7.085004,9.847153,12.437914,15.090644,15.07536,20.006243,22.877766,21.189066,19.362911,22.147226,24.67153,30.087622,28.795288,25.802902,25.22448,21.587177,23.555386,19.602215,25.456573,23.932968,19.575666,18.505947,21.413597,17.151796,21.741945,21.193773,25.455711,25.514267,30.042175,32.1554,34.302277,36.14651,39.716373,39.26624,37.494064,33.18553,31.735416,27.171398,28.745256,22.625935,23.318403,19.264862,20.46167,18.307804,20.937765,24.069832,26.670652,28.026442,27.088625,33.075993,31.67288,36.692604,37.76547,37.52638,34.237873,34.04741,28.213442,28.543222,24.305273,24.367205
27,18.335077,16.816229,16.225811,14.027116,12.655246,16.636093,14.011441,20.499672,21.187456,26.072693,28.194437,30.07437,31.663593,32.704697,29.19162,23.960455,24.143986,18.436993,18.65094,14.735533,14.854394,15.89815,13.655467,8.169055,8.666177,8.256994,4.507235,0.0,5.1279483,7.2103853,10.35309,16.289757,18.598055,21.897915,24.137478,26.702095,28.476254,26.837168,25.075682,23.002472,20.62966,16.24887,14.382993,11.871419,11.024011,7.0221415,11.909887,8.620579,8.986242,12.764389,13.562413,13.608438,18.566723,20.890427,18.37206,16.078005,19.215462,21.287603,26.841766,25.852673,22.727858,23.07708,19.859608,22.497417,19.399462,25.324423,24.577265,21.039837,19.739614,21.640661,16.110363,20.400085,18.884226,23.148005,22.557762,27.197983,28.83005,30.819529,32.61153,36.320755,35.955276,34.62073,30.27264,29.2173,24.603973,26.890528,20.756998,22.362207,18.766068,20.699883,19.31149,22.02875,24.528355,26.844149,27.340143,26.092346,31.793684,29.928951,34.781734,35.632725,35.658237,32.265076,32.826633,26.621939,27.477259,23.501995,23.741179
28,18.139446,15.783348,14.25614,11.257936,8.906778,12.61151,9.053572,15.597651,16.064434,21.026722,23.097723,25.012915,26.600554,27.824804,24.328846,19.042868,19.27848,13.7123995,14.282328,11.000746,11.554752,13.907402,12.621377,7.262675,10.617973,10.308082,8.9612,5.1279483,0.0,5.8521214,6.013522,12.9247675,14.065887,18.032074,19.572412,22.419767,23.995453,22.335365,21.079367,18.781996,17.305145,12.232175,11.6205435,8.094117,9.962739,7.847415,12.852043,12.070824,11.500801,16.200378,14.870252,16.188011,20.618832,21.66312,18.754402,15.799627,18.465979,19.680765,25.473194,24.21392,20.81097,22.17179,19.560541,22.414642,20.636835,25.685307,25.38561,22.89664,20.645636,21.492012,15.252699,19.225035,16.763443,21.165316,19.662891,24.773804,25.66568,27.883192,29.22948,33.00485,32.2815,31.38133,26.697334,26.168348,21.235731,24.356247,18.068697,20.403135,17.269583,19.511393,18.757729,21.226963,22.806139,24.87387,24.482054,23.262493,28.527576,26.558054,31.271612,31.742582,31.752447,28.28013,29.262508,22.88082,23.926771,20.331436,20.49167
29,23.752737,21.502645,20.017368,16.665295,14.280408,16.952976,12.793757,18.994045,18.115705,23.60421,23.98848,26.851526,27.632183,28.12456,25.508703,19.969727,21.420061,15.656897,18.134682,14.79175,16.576498,18.653967,18.046724,12.760564,15.118111,13.421426,11.4109745,7.2103853,5.8521214,0.0,6.536595,9.559445,13.332345,15.273418,18.212406,20.367521,22.294846,20.863832,18.5287,16.96676,13.770031,10.917353,8.599411,8.307938,7.6051126,8.090583,13.422607,11.970888,8.985871,13.494213,10.787026,11.661975,15.635321,16.459,13.016703,10.017218,13.248917,14.6122875,20.24516,19.645428,16.472406,18.137852,15.808086,19.367247,17.878695,23.52999,24.129162,22.076794,20.85914,21.098183,14.197667,17.335876,14.459066,18.264149,16.936993,21.327213,22.487358,24.111523,26.020987,29.833517,29.823252,28.932528,24.881062,24.222788,20.004824,23.005106,17.499666,20.416264,17.998692,21.073011,21.096546,23.914679,25.590696,27.206322,26.515078,24.52289,29.616089,26.856838,31.242023,32.001366,32.684387,29.299742,31.187895,24.674177,26.694942,23.270094,24.33046
30,21.576273,18.7392,16.66754,12.574215,10.218485,11.236739,7.8686037,13.202916,12.567881,18.14503,18.95598,21.918747,22.96823,24.347008,21.66851,16.063148,17.301676,12.393565,14.514925,12.91463,14.090452,17.706114,17.153976,12.409615,16.427773,16.205345,14.664946,10.35309,6.013522,6.536595,0.0,7.9406514,8.317628,12.629189,14.36451,16.930231,19.004591,17.925808,16.81914,15.009255,13.70401,10.01955,10.643435,8.455603,11.943039,12.458708,17.464289,17.173426,15.16582,19.874493,16.968855,18.072271,21.864758,22.033121,18.129229,14.731107,17.56163,17.578959,23.180021,22.555037,19.153933,22.14512,20.522226,23.992483,23.43551,28.151407,28.729355,27.139412,24.890175,24.681385,17.735588,20.688997,16.959314,20.834059,18.12437,23.124836,22.884672,24.735346,25.822733,29.772228,29.14606,29.177263,24.54467,24.874744,20.136518,24.365559,18.658278,22.143759,20.015545,22.829782,22.930632,25.238434,25.969099,27.553862,26.013538,24.511398,28.927694,26.393698,30.574625,30.577621,30.975737,27.47986,29.606882,23.07251,24.79204,21.971062,22.246307
31,29.505745,26.61812,24.4005,20.216648,17.677372,17.69523,13.779819,17.41148,14.672124,20.253712,18.127636,22.482426,22.132635,22.440704,21.44931,15.981395,19.04114,14.877719,19.283728,18.096687,20.55083,23.958559,24.375736,19.782614,23.496872,22.143436,20.706139,16.289757,12.9247675,9.559445,7.9406514,0.0,6.4717813,5.888508,10.028113,11.236547,13.923147,13.530648,11.09585,10.85545,7.6912155,9.084586,9.313463,11.218497,13.316999,16.546444,21.095293,21.174395,17.485435,21.640684,16.856459,18.031775,20.204151,18.908297,14.452777,11.0998955,13.369639,11.889978,16.764542,17.14643,14.185491,18.80965,18.561344,22.606707,23.47451,27.759706,29.597126,29.1646,27.565338,26.168762,18.921915,20.190079,15.591303,18.037579,14.637916,18.465954,17.43958,18.356813,19.732855,23.76811,23.935087,24.643377,20.88142,21.717262,18.180765,22.772005,18.67968,23.070896,22.29867,25.894234,27.080515,29.505602,29.850649,30.715975,28.366163,26.055239,29.606396,26.085712,29.410835,29.447926,30.773312,27.52219,31.103554,24.70373,27.664078,25.492105,26.752682
32,27.66419,24.443537,21.81776,17.597174,15.195665,13.676419,10.704473,12.106761,9.140818,14.532485,12.693945,17.12998,17.106924,18.502693,17.32582,12.039469,14.786439,12.129232,15.987431,16.548046,18.443253,22.7005,23.331636,19.619808,24.218811,23.747797,22.900555,18.598055,14.065887,13.332345,8.317628,6.4717813,0.0,6.412571,6.730152,9.125536,11.517132,11.392357,11.289875,10.3292055,10.868276,9.975012,12.742104,12.315084,16.851852,19.353876,23.673027,24.58177,21.832628,26.48963,22.030773,23.703712,26.31546,24.9472,20.820213,17.406782,19.122013,17.32672,21.99862,21.709803,18.621485,23.379826,23.217186,26.818295,27.996347,31.533888,33.001602,32.72549,30.168999,28.65118,21.681494,23.167856,18.435558,21.160353,17.002098,21.45836,19.3384,20.825153,21.05722,24.982853,24.171915,25.60375,21.168142,22.844769,18.75001,24.13576,19.795683,24.238037,23.533043,26.667892,27.784317,29.709444,29.271065,30.117851,27.161325,25.464397,28.338955,25.30125,28.44111,27.716742,28.587488,25.297659,28.859299,22.690496,25.185501,23.670511,24.196058
33,33.541447,30.41169,27.862404,23.672266,21.04467,20.05234,16.33129,17.957788,14.190625,18.996561,14.994865,20.07739,18.826315,18.812185,19.132542,14.388895,18.274302,15.755218,20.815426,20.807018,23.531525,27.255478,28.3318,24.344486,28.530544,27.16445,26.277508,21.897915,18.032074,15.273418,12.629189,5.888508,6.412571,0.0,5.5447817,5.4769177,8.607557,9.237971,7.2736893,8.412687,7.166781,10.882064,12.618423,14.78362,17.707077,21.58104,25.595186,26.547333,22.82193,26.960995,21.528915,23.233467,24.635527,22.28881,18.211926,15.238038,16.15897,13.338059,16.934303,17.426853,14.95124,20.614775,21.440695,25.270115,27.313713,30.536089,32.85436,33.30148,31.381035,29.188158,22.243605,22.5521,17.580679,19.03028,14.726686,17.824203,15.162975,15.689843,16.259352,20.223598,20.282215,22.143045,18.711979,20.592173,17.78268,22.98646,20.068521,24.864462,25.014696,28.649246,30.407948,32.52183,32.103794,32.491203,29.283207,26.92058,29.319752,25.544077,28.004753,27.545393,29.219429,26.225708,30.705648,24.76281,28.143667,26.847677,28.235481
34,33.35542,30.02449,27.14386,23.282743,20.449858,19.045145,15.223017,15.058214,10.683263,14.49857,9.613117,14.826528,13.323427,13.560601,14.139154,10.007095,14.090658,13.234522,18.276506,19.465412,22.194756,26.13331,27.845564,24.776714,29.490698,28.314713,28.315628,24.137478,19.572412,18.212406,14.36451,10.028113,6.730152,5.5447817,0.0,3.898766,4.806233,5.229124,6.440944,6.562514,9.477919,10.975007,14.396467,15.280769,19.62394,23.353025,26.81452,28.831966,25.70468,30.25418,24.740982,27.341326,28.912613,26.209875,22.764624,19.69099,19.82168,16.983852,20.523327,19.902245,17.33295,22.786753,23.746235,27.039583,29.60304,31.848616,33.966854,34.866325,32.160492,29.595928,23.111555,23.28522,18.330742,19.80712,15.013831,18.549042,15.067163,16.424765,15.75926,19.442732,18.377037,20.714819,16.708614,19.328075,16.269972,21.994673,19.295656,24.074955,24.614485,27.912258,29.89059,31.550154,30.370272,30.50278,26.678606,24.674551,26.22915,22.751259,24.846897,23.790495,25.241419,22.33504,27.033976,21.514053,24.805414,24.2572,25.445606
35,36.579872,33.282436,30.48965,26.445808,23.840784,22.090528,18.786882,18.545462,14.295183,17.800344,12.237168,17.702932,15.631805,15.511197,17.139366,13.618806,17.789433,17.10017,22.162695,23.243973,25.960312,29.902445,31.454185,28.092497,32.658577,31.43187,31.018654,26.702095,22.419767,20.367521,16.930231,11.236547,9.125536,5.4769177,3.898766,0.0,4.2716017,6.749197,7.07573,8.911752,10.520391,14.013636,16.75558,18.46768,22.135292,26.12919,29.749832,31.384249,27.855175,32.117462,26.442457,28.573448,29.721552,26.848642,23.16497,20.365171,20.536863,17.245495,19.879854,20.098282,18.030909,23.925205,25.313831,28.79108,31.547594,33.88821,36.364277,37.390736,35.054615,32.370102,25.831297,25.634876,20.639416,21.511786,16.776175,19.335552,15.374758,15.793325,15.147626,18.713846,18.267744,21.281286,18.099041,20.94602,18.706532,24.242672,22.195675,27.056097,27.811502,31.273722,33.359634,35.12018,34.014874,34.04667,30.163366,27.979507,29.2636,25.547586,27.176655,26.111078,27.907288,25.225737,30.287596,24.980795,28.45937,28.010668,29.310919
36,37.84566,34.485126,31.52059,27.823624,24.870045,23.498508,19.503525,18.73746,14.165561,16.700628,10.375777,15.421537,12.780065,11.766671,14.113847,11.610739,15.975434,16.22098,21.50641,22.913698,25.963018,29.643532,31.845968,29.067024,33.76146,32.234985,32.58305,28.476254,23.995453,22.294846,19.004591,13.923147,11.517132,8.607557,4.806233,4.2716017,0.0,3.5122693,5.9400463,7.5024323,11.11389,14.004935,17.258224,18.836098,22.754711,27.017118,29.99001,32.486034,29.152943,33.52035,27.532228,30.49495,31.3999,27.966148,25.005276,22.28716,21.524263,18.16628,20.556276,19.860622,17.92281,23.586557,25.29183,28.303919,31.676987,33.088852,35.632866,37.249485,34.57083,31.417152,25.415567,24.72951,19.896437,20.34982,15.499813,17.854414,13.373237,14.330061,12.798271,16.050941,14.87554,18.160507,14.928521,18.249985,16.402632,21.959038,20.661797,25.429066,26.749802,30.072395,32.525032,34.016533,32.441372,32.112316,27.842108,25.670465,26.210754,22.499294,23.614304,22.335674,24.274202,21.827576,27.245405,22.44335,26.15157,26.237026,27.806751
37,36.33304,32.99924,29.997934,26.558647,23.281015,22.618881,17.789783,17.494757,12.86484,15.446387,9.7212925,14.086764,11.757274,10.195792,11.77901,9.0401,13.536182,13.524763,19.079628,20.258472,23.609896,26.976408,29.53005,27.02411,31.676575,29.873365,30.734257,26.837168,22.335365,20.863832,17.925808,13.530648,11.392357,9.237971,5.229124,6.749197,3.5122693,0.0,4.5125313,4.674897,9.661566,11.470327,14.986701,16.386116,20.389183,24.725952,27.278067,30.279495,27.158552,31.61002,25.56335,29.113346,30.049246,26.475504,24.004421,21.245735,20.026005,16.960514,19.815552,18.267704,16.076775,21.324696,22.90555,25.642935,29.139036,30.180943,32.601078,34.38422,31.503551,28.22048,22.46283,21.70384,16.984228,17.554874,12.686735,15.565078,11.436747,13.297441,11.783115,15.1318245,13.463477,15.96611,12.0648985,15.235505,13.013022,18.658228,17.308687,22.023123,23.478712,26.748201,29.331343,30.753063,29.104147,28.688667,24.423557,22.18044,22.825926,19.07646,20.461765,19.372425,21.269258,18.689295,24.036074,19.123024,22.990562,23.028313,24.863646
