,0,1,2,3,4,5,6,7,8,9,10,11,12,13,14,15,16,17,18,19,20,21,22,23,24,25,26,27,28,29,30,31,32,33,34,35,36,37,38,39,40,41,42,43,44,45,46,47,48,49,50,51,52,53,54,55,56,57,58,59,60,61,62,63,64,65,66,67,68,69,70,71,72,73,74,75,76,77,78,79,80,81,82,83,84,85,86,87,88,89,90,91,92,93,94,95,96,97,98,99,100,101,102,103,104,105,106,107,108,109,110,111
0,0.0,4.1788654,6.4552007,9.314492,12.288354,14.414615,18.237566,22.597002,24.487825,27.811733,31.562998,33.8197,34.912777,31.639933,26.570175,26.441477,22.663328,23.036036,17.686052,20.236977,18.072142,18.869884,18.353275,21.040348,23.19625,21.93277,23.484985,21.704517,25.451796,21.545938,28.964487,23.650633,29.960972,28.009192,29.550602,32.198795,29.310976,28.527878,25.339582,23.503859,27.132786,24.283405,28.684753,28.260828,23.992819,28.013866,23.962526,27.479767,26.531092,27.775976,30.567602,30.833015,35.44698,36.86521,37.897152,34.093052,34.54316,35.60463,40.459026,39.48252,35.6697,34.552547,39.85697,40.421482,43.986256,39.35328,37.152454,42.85567,39.061863,36.71193,38.765774,40.65174,37.991184,35.67738,38.885025,37.70079,39.299023,41.67087,41.104404,45.720024,41.745323,46.748085,45.11904,40.71151,36.840057,34.63501,31.18228,29.778849,25.494453,24.447771,24.204351,20.936913,22.164944,21.10027,17.953314,13.534635,15.433132,11.698915,16.820831,18.908607,21.123203,24.484615,26.240885,30.334536,32.943916,31.405914,30.762024,28.54182,26.045094,29.184523,26.75099,31.442415
1,4.1788654,0.0,4.7454205,5.785117,8.454865,11.755359,14.638181,19.409414,20.971035,24.22017,28.17986,30.079096,31.1926,27.655897,22.612974,22.355207,18.53463,19.052414,13.753424,16.654179,14.872928,16.053967,16.035646,18.164515,20.012712,18.579056,19.67241,17.678116,21.304295,17.377193,24.847908,19.625212,26.118876,24.460754,26.120663,29.030083,26.442856,25.443163,22.065714,19.9317,23.42211,20.33453,24.680101,24.150167,19.994034,23.938925,20.159086,23.77439,23.215483,24.352554,26.971085,26.954714,31.602821,32.877537,33.94671,30.171427,30.442656,31.462027,36.323513,35.318928,31.517231,30.381641,35.70957,36.348186,39.88707,35.244446,33.137665,38.908573,35.273857,32.97964,35.312862,37.231697,34.80457,32.32245,35.831726,34.284878,36.158062,38.276596,37.596523,42.126427,37.950836,42.920395,41.123764,36.769936,32.883953,30.83395,27.242378,26.244894,22.03144,21.305456,21.505272,18.573296,20.552166,19.039274,15.069864,11.768811,13.773989,10.507109,15.702153,16.951906,19.02677,22.59743,23.719692,28.139149,30.569605,28.942003,27.94808,25.699806,22.696436,25.745499,23.053476,27.72779
2,6.4552007,4.7454205,0.0,5.033424,7.277269,8.327944,12.997543,16.401733,18.866932,21.889673,25.673714,28.209393,29.913553,26.799055,21.570984,21.572931,18.137798,18.851385,14.76723,17.213861,16.581081,17.053148,17.998817,20.356833,21.610159,20.709959,20.91977,18.920229,21.873865,18.158754,24.910576,19.568336,25.886581,23.434095,25.720121,27.967062,25.731295,25.39691,21.561392,19.531832,23.939215,21.28887,25.339912,25.096296,21.775135,25.23813,22.37722,25.54795,25.512505,25.793406,28.18737,27.854225,32.743706,33.448723,35.158916,31.644756,31.197165,32.245686,36.944664,35.79646,31.909246,30.418325,35.311844,35.58827,39.05272,34.48219,31.94802,37.414433,33.26676,30.922325,32.68808,34.737053,32.026142,30.050438,33.441383,32.548313,34.587833,37.036755,36.854668,41.500404,37.48334,42.721302,41.026608,36.828022,32.816753,30.618166,26.895546,25.78478,22.11969,20.73108,21.20077,18.715866,20.24407,17.439869,13.527352,11.039152,10.696781,6.723876,11.502471,12.816658,15.637479,18.497648,20.44064,24.46276,26.861319,25.093353,24.49162,22.100304,19.895962,23.012756,20.907095,25.644152
3,9.314492,5.785117,5.033424,0.0,3.7928543,6.6860814,8.940643,13.978618,15.26315,18.765854,22.475517,24.553995,25.655787,22.47674,17.375824,17.709805,14.266962,15.9935055,12.074117,15.485508,15.31476,16.695122,17.92118,19.171436,20.121527,18.629293,18.182257,15.51011,18.048216,13.890948,20.340683,14.844219,21.096703,18.966297,21.002968,23.645308,21.426668,20.72945,16.934307,14.751103,18.936335,16.356071,20.468529,20.503729,17.440445,21.210268,18.8141,22.624815,23.168974,23.745117,25.804836,24.89625,29.67319,30.216291,31.656506,28.091707,27.419352,28.070934,32.978714,31.42728,27.417486,26.45975,31.526398,32.207584,35.443325,30.497627,28.624155,34.268303,30.361261,28.320204,30.69774,33.00963,30.815817,28.653263,32.705463,31.116346,33.74157,35.6422,35.17043,39.57973,35.073418,40.146347,37.946117,33.898605,29.898304,28.19766,24.112947,24.1231,20.591194,20.024654,21.21081,19.22198,21.794817,18.779675,13.698109,13.06206,13.056674,10.115338,14.21812,14.00761,16.874945,19.571049,20.714739,25.08695,27.038935,24.89302,23.798847,20.819849,18.078714,20.584341,17.808834,22.325092
4,12.288354,8.454865,7.277269,3.7928543,0.0,6.2000856,6.9449687,11.519044,12.950839,15.83362,20.097513,21.771057,23.47076,19.786716,14.578595,14.382641,10.916029,12.415575,9.32318,12.499311,13.280819,14.512169,16.477568,17.344995,17.71357,16.515375,15.33041,12.755672,14.948105,11.232259,17.711786,12.572011,19.232855,17.43708,20.010159,22.780136,21.291403,20.514936,16.350588,13.656449,17.741627,14.736186,18.477716,18.119045,15.463342,18.560055,16.773186,20.033457,21.008419,20.997612,22.832844,21.727514,26.601547,26.889538,28.672775,25.296518,24.316591,25.176016,29.88844,28.575628,24.685379,23.224127,28.15243,28.64101,31.99916,27.311264,25.073606,30.720726,26.903963,24.740606,27.214016,29.40412,27.29869,24.974314,29.118715,27.36815,30.101887,31.914394,31.475182,35.87147,31.375046,36.505463,34.37561,30.351614,26.320293,24.570951,20.461054,20.54529,17.29315,16.769085,18.365753,16.923388,19.85973,16.362104,10.823395,11.844421,11.542789,9.850589,13.248674,12.191593,14.450373,17.419773,17.730314,22.34371,24.189991,22.181398,20.734814,18.17008,14.718302,17.449978,14.603366,19.29849
5,14.414615,11.755359,8.327944,6.6860814,6.2000856,0.0,6.6226444,8.572381,11.236589,14.457378,17.61623,20.755169,22.666681,20.420397,15.321053,16.386858,14.084391,16.476397,15.047971,17.670752,19.102053,19.751242,22.048939,23.253504,23.353247,22.470533,20.72096,18.09363,19.16781,15.674259,20.040316,14.770914,20.073067,16.647938,19.69499,21.116072,19.713549,20.141008,15.774902,13.954085,19.357044,17.830338,21.07778,21.71325,20.305271,23.144592,22.385448,25.523167,26.895048,26.399784,27.93542,26.398235,31.285591,30.872019,33.143795,30.08437,28.251287,28.756704,33.31378,31.40109,27.342283,26.06607,30.281635,30.513762,33.426353,28.528353,26.2809,31.334108,26.663635,24.75241,26.361252,29.059671,26.682566,25.415092,29.54557,28.765291,31.917088,34.045677,34.263084,38.65133,34.27613,39.595615,37.37833,33.749863,29.677086,28.024588,23.740353,24.093323,21.69738,20.521807,22.32503,21.274792,23.461128,18.804737,13.845331,15.267752,12.215414,9.814043,11.352117,9.720255,13.958014,14.763024,16.94477,20.581606,22.085073,19.381927,18.771345,14.971763,13.779746,15.846815,14.009707,18.349344
6,18.237566,14.638181,12.997543,8.940643,6.9449687,6.6226444,0.0,6.9932942,6.424042,10.416577,13.782262,15.73286,16.918941,14.193115,9.137882,10.8202095,8.942785,13.011419,12.793734,16.014435,18.122795,19.610601,22.125898,21.995007,21.572842,20.188349,17.456764,14.230064,14.117137,10.558634,13.579687,8.265805,13.560293,10.804729,13.927088,16.172895,15.355651,15.092318,10.515195,7.9702377,13.100204,11.709672,14.570407,15.567019,15.164025,17.830866,18.253643,21.736921,23.932224,23.614208,24.55734,22.238518,26.812405,26.08457,28.059536,25.10493,22.835257,22.816519,27.522867,25.136736,20.963816,20.302656,24.678108,25.459026,28.077055,22.716408,21.387123,26.718838,22.572222,21.112768,23.783352,26.705988,25.221832,23.539473,28.476307,26.589827,30.414736,31.69257,31.457283,35.431316,30.469889,35.47325,32.621784,29.25338,25.28064,24.375164,19.725924,21.703579,19.728577,19.72488,22.300213,21.925638,25.1703,20.758924,15.032991,18.052332,16.247194,15.014237,16.594448,13.898678,16.912024,17.984774,18.341274,22.370283,23.23827,20.376032,18.83219,14.764567,12.222558,13.098357,9.896011,13.819214
7,22.597002,19.409414,16.401733,13.978618,11.519044,8.572381,6.9932942,0.0,5.1419196,6.346787,9.714189,12.971428,16.305971,14.46166,10.077574,11.576753,11.490547,14.576667,16.61998,18.34914,21.565548,22.027645,25.326557,25.51359,24.4188,23.960205,20.526503,18.105062,16.977509,15.084415,16.092644,12.532333,16.187698,12.657155,16.927534,17.569353,18.224073,19.086843,14.503253,12.634101,17.707571,16.947086,18.461422,19.33131,20.173542,21.353441,22.891582,25.03045,27.602024,26.045498,26.57856,24.071072,28.622646,27.004112,30.024727,27.782833,24.586424,24.845701,28.702887,26.542164,22.762709,21.076149,24.091335,23.945713,26.379843,21.726265,19.259344,23.655142,18.574215,17.004934,18.468954,21.652908,19.824371,19.190983,23.955647,23.161518,27.296686,28.947708,29.577724,33.54246,29.088518,34.33895,31.871342,28.946596,25.035715,23.916384,19.53096,21.208815,20.5675,19.698479,22.575596,23.085667,25.674545,20.07262,15.244116,19.657133,15.811611,15.700212,14.8874655,10.956003,14.043251,13.1375475,13.862192,16.887083,17.14349,13.840261,12.628745,7.83542,7.1703987,7.53925,6.479526,10.281757
8,24.487825,20.971035,18.866932,15.26315,12.950839,11.236589,6.424042,5.1419196,0.0,4.998361,7.389921,9.733999,11.672128,10.103419,6.0954022,9.278076,10.054746,14.600447,16.908926,19.293911,22.456255,23.653482,26.736082,26.127254,24.955917,23.926163,20.127607,17.190182,15.1827,13.180426,12.1450815,8.880895,11.188517,7.6084127,11.990747,12.957487,14.048175,14.61721,10.196308,8.4314785,13.1283865,13.266295,14.183638,15.857894,17.6824,18.950628,21.301062,24.002846,27.033798,25.972235,26.127916,23.038128,27.194752,25.400455,27.917145,25.705381,22.209166,21.730852,25.821865,22.89205,18.895092,18.293829,21.442728,22.042908,23.961237,18.50857,17.48959,22.085188,17.515615,16.70528,19.225391,22.689816,21.791016,20.884768,26.216984,24.479532,29.0874,29.976954,30.139227,33.679317,28.669676,33.53309,30.366163,27.73985,23.98289,23.663801,18.99487,22.124342,21.576187,21.674204,24.852236,25.454247,28.684858,23.590677,18.280268,22.72627,19.929169,19.56022,19.600029,15.86825,18.614305,18.166782,18.117508,21.276527,21.148457,17.829811,16.16905,11.3486,10.010818,8.51514,5.7583632,8.130436
9,27.811733,24.22017,21.889673,18.765854,15.83362,14.457378,10.416577,6.346787,4.998361,0.0,5.6144915,6.93332,11.486824,9.447459,6.731072,8.417317,10.600863,14.050546,18.044718,19.359684,23.27656,23.972347,27.518335,26.742996,24.981813,24.548193,20.196747,17.967402,15.1807575,14.728795,12.602354,11.354016,13.05821,10.730687,15.219816,15.839794,18.011757,18.56846,14.497639,12.648098,16.183172,15.909036,15.810976,16.745739,19.30233,19.198122,22.401209,23.926199,27.290821,25.373861,25.077589,21.818031,25.75995,23.334042,26.549673,24.955534,20.872263,20.738274,24.024837,21.59714,18.153603,16.45367,18.555384,18.458746,20.395855,15.711817,13.619524,17.747652,12.80533,11.874095,14.240552,17.762897,17.104654,16.469528,21.89973,20.290852,25.197685,25.967382,26.486784,29.861858,25.110527,30.01378,27.083895,24.789047,21.176023,20.874483,16.519241,19.793926,20.340704,20.308462,23.770351,25.149918,28.246813,22.857271,18.18495,23.664207,20.518673,21.199389,20.317722,16.125368,17.79942,16.959066,15.814853,18.513119,17.840588,14.758325,12.613511,8.702102,7.027387,3.9753358,2.3423495,3.9488568
10,31.562998,28.17986,25.673714,22.475517,20.097513,17.61623,13.782262,9.714189,7.389921,5.6144915,0.0,5.499569,9.0169325,10.414187,9.878863,12.905297,15.483483,19.45066,23.232347,24.864222,28.64248,29.49367,32.944687,32.111443,30.411547,29.762342,25.37461,22.895523,19.768707,19.108553,15.200835,14.435201,13.441035,10.12551,14.279753,13.129573,16.232721,17.7292,14.422589,13.863377,17.24655,18.578709,17.833435,19.844534,23.180834,23.24026,26.896975,28.786129,32.334763,30.62209,30.113293,26.556122,30.090885,27.288237,30.306757,28.985233,24.506216,23.643559,26.655825,23.36004,20.02781,19.471064,20.590446,20.749691,21.509323,16.554268,15.949093,18.742533,13.66845,14.0635195,15.693577,19.751545,19.648373,20.088005,25.3785,24.188301,29.393497,29.903597,30.645678,33.558052,28.835411,33.346832,30.037172,28.447424,25.188213,25.444897,21.24429,25.045256,25.861868,25.886873,29.356266,30.723963,33.7218,28.15819,23.562717,28.779278,25.186409,25.407753,24.191582,19.98706,22.342438,20.336668,20.113327,21.819275,20.483028,16.903164,15.52038,10.624276,11.834077,7.564593,7.9228168,5.473991
11,33.8197,30.079096,28.209393,24.553995,21.771057,20.755169,15.73286,12.971428,9.733999,6.93332,5.499569,0.0,6.3547177,6.5682516,8.481393,10.765748,14.355953,18.087444,22.714764,24.054747,28.057878,29.130922,32.585228,31.045162,28.97953,28.307323,23.53406,21.330711,17.341682,17.785934,12.053403,13.424669,11.360474,10.477545,14.082331,14.018489,17.70793,18.212471,15.432784,14.439354,16.002249,17.109575,15.183646,16.840078,21.137516,20.20087,24.812737,26.181505,30.131304,28.329954,27.282738,23.351591,26.270754,23.090725,26.005508,25.147718,20.278364,19.135605,21.671722,18.299536,15.370567,14.889336,15.391275,15.879281,16.284523,11.095546,11.387647,14.257628,10.167514,11.261827,14.311764,18.055323,18.981453,18.739065,24.315042,22.06178,27.49732,27.201982,27.5177,29.928413,24.920101,28.99462,25.285936,24.092829,21.172184,22.124546,18.148975,22.980333,24.335768,25.097897,28.791216,30.58007,34.009533,28.937971,24.36249,30.038183,27.32354,28.035332,27.240715,23.01378,24.409126,23.335,21.699686,23.809708,22.400944,19.477295,17.278624,13.956436,13.078743,8.884708,8.286069,3.6818757
12,34.912777,31.1926,29.913553,25.655787,23.47076,22.666681,16.918941,16.305971,11.672128,11.486824,9.0169325,6.3547177,0.0,6.286214,9.814667,13.304404,16.422928,21.08142,24.705036,26.911222,30.317474,32.05575,35.04148,33.152542,31.441011,30.072634,25.579153,22.799934,18.83861,18.531063,11.461619,13.050777,7.7916274,7.669595,9.518645,9.210918,13.461849,13.732701,12.393569,12.501278,12.632144,15.475263,12.946714,16.006746,20.776417,20.61464,25.266651,27.655342,31.619131,30.748217,29.710152,25.588812,28.098904,25.255447,27.092642,26.00401,21.415298,19.201416,22.221975,17.57952,14.341837,16.274883,17.304419,19.07313,18.679386,12.495804,15.506204,18.35516,15.602743,17.128738,20.504946,24.145178,25.292196,24.782373,30.43439,27.701012,33.07636,32.417442,32.201378,34.317562,28.906397,32.44019,28.068953,27.071375,24.389505,25.928564,21.803337,27.226364,27.950106,29.258509,32.87721,34.22353,38.01162,33.334557,28.206907,33.24371,31.099234,31.083202,31.070204,27.103735,29.11665,28.318201,27.176184,29.634888,28.426075,25.261688,23.251488,19.176931,18.334934,14.539255,12.815049,9.519919
13,31.639933,27.655897,26.799055,22.47674,19.786716,20.420397,14.193115,14.46166,10.103419,9.447459,10.414187,6.5682516,6.286214,0.0,5.2796125,7.543843,10.934295,15.246594,19.23446,21.158623,24.656889,26.430748,29.411253,27.253994,25.379614,24.101845,19.470716,16.920805,12.686191,13.073885,5.798329,8.664805,6.055594,8.242622,10.785759,12.995763,15.897687,14.940438,12.561748,10.974437,10.606663,11.368364,8.756672,10.587337,15.391405,14.628697,19.476126,21.455744,25.479864,24.487616,23.428116,19.331673,22.045668,19.44423,21.387724,20.065722,15.577877,13.857968,17.40263,13.507913,9.774603,10.658386,13.103851,14.97593,15.889768,9.543075,11.502354,16.03871,13.743014,14.291766,18.644882,21.713404,22.673615,21.080933,26.812284,23.36055,28.453156,27.734432,27.086466,29.479254,23.854607,27.65015,23.436428,21.748085,18.76024,20.141268,15.868799,21.416641,21.98985,23.665926,27.27928,28.712072,32.72882,28.536812,23.44057,28.631771,27.289162,27.728342,28.164164,24.352701,25.553957,25.915138,23.80256,27.020115,26.306417,23.696333,21.073956,18.050762,15.165328,12.514063,9.601572,7.7655516
14,26.570175,22.612974,21.570984,17.375824,14.578595,15.321053,9.137882,10.077574,6.0954022,6.731072,9.878863,8.481393,9.814667,5.2796125,0.0,4.4866805,6.7345147,11.692307,15.01183,17.25905,20.637527,22.301098,25.309221,23.703354,22.136934,20.891275,16.552996,13.679928,10.431516,9.57233,6.2213264,5.1975613,7.461758,7.4692354,11.065995,13.692863,15.342298,14.489484,10.801494,8.216762,10.119578,9.452281,9.11988,10.309947,13.322775,13.646777,17.165854,19.577868,23.138931,22.182337,21.808197,18.234545,21.93108,20.025047,22.205431,20.14599,16.418312,15.670964,19.863867,16.908905,12.885589,12.464633,16.145548,17.36733,19.3872,13.667502,13.426702,18.713408,15.437819,14.828694,18.75143,21.77168,21.727642,19.871721,25.506212,22.4791,27.19562,27.257248,26.747755,29.895752,24.445133,28.91472,25.320202,22.74634,19.154892,19.504007,14.790453,19.202745,18.94089,20.133915,23.58136,24.584385,28.46605,24.136616,18.76776,23.674223,22.254492,22.49526,23.173117,19.551918,21.011301,21.75923,20.048498,23.736197,23.57723,20.916492,18.40625,15.128732,11.637872,10.204063,6.232052,7.489475
15,26.441477,22.355207,21.572931,17.709805,14.382641,16.386858,10.8202095,11.576753,9.278076,8.417317,12.905297,10.765748,13.304404,7.543843,4.4866805,0.0,4.102632,7.7934213,12.346436,13.768372,17.579226,19.033468,22.23513,20.366407,18.403765,17.546549,12.843075,10.609581,6.9254694,7.7615967,6.3427396,6.742578,10.716365,11.879514,15.1034565,18.103876,19.60319,18.353455,14.726394,11.702735,12.782339,10.361542,10.092425,9.224335,11.707822,10.817658,14.511801,15.890398,19.571749,18.084484,17.575813,14.053722,17.97624,16.161146,18.741024,16.723995,13.116886,13.309628,17.30156,15.55066,11.996959,9.790706,14.016409,14.83904,17.758541,12.985354,11.324838,17.215046,14.56923,13.227194,17.53553,19.858622,19.776716,17.09842,22.590023,19.025513,23.444553,23.421562,22.653872,25.9647,20.542734,25.186478,21.94887,18.920357,15.133824,15.164708,10.404351,14.8262415,14.747043,16.259047,19.80568,21.171324,25.208897,21.258764,16.20975,21.559889,20.78706,21.772415,22.52665,19.059175,19.387882,21.061455,18.227762,22.31252,22.42466,20.464193,17.494884,15.723276,10.676086,10.5562935,6.7322583,8.895875
16,22.663328,18.53463,18.137798,14.266962,10.916029,14.084391,8.942785,11.490547,10.054746,10.600863,15.483483,14.355953,16.422928,10.934295,6.7345147,4.102632,0.0,5.4399767,8.458421,10.590703,13.955911,15.671064,18.644453,17.01929,15.49637,14.369156,10.18168,7.426832,5.552914,4.599409,8.188324,6.1192207,12.401136,13.180792,16.090206,19.554937,20.084858,18.565823,14.716311,11.316893,12.886186,9.277409,10.722709,9.307822,9.548842,9.967633,11.905904,13.97321,17.07189,16.074589,16.30788,13.49049,17.97108,17.164385,19.308529,16.580284,14.186845,14.85933,19.307623,18.020288,14.387811,12.341613,17.289793,18.107924,21.396137,16.839323,14.971888,20.960012,18.28448,16.513884,20.45504,22.523636,21.834337,18.832848,23.943863,20.539585,24.302588,24.72949,23.770454,27.478601,22.240723,27.015724,24.16409,20.554365,16.611122,15.952203,11.27314,14.324175,12.890116,14.329763,17.528809,18.243135,22.3997,18.84935,13.423319,18.118692,18.062923,18.771086,20.300169,17.375998,17.744602,20.297544,17.764894,22.390081,23.128513,21.315607,18.52898,16.803347,11.396929,12.651816,8.715394,12.225359
17,23.036036,19.052414,18.851385,15.9935055,12.415575,16.476397,13.011419,14.576667,14.600447,14.050546,19.45066,18.087444,21.08142,15.246594,11.692307,7.7934213,5.4399767,0.0,6.436812,6.1437135,10.448557,11.46804,14.867592,13.169813,11.02089,10.91991,6.4954042,5.892901,5.7238135,7.272649,12.273797,11.382078,17.486704,18.564327,21.489597,24.948786,25.496689,23.90859,20.084906,16.650616,17.889425,13.630182,14.956833,12.1643,11.110374,10.117461,10.980665,10.929131,13.661799,11.566515,12.058765,10.123989,15.082673,14.848422,17.490274,14.870939,13.384485,15.4536295,19.135014,19.466867,16.70817,13.081781,17.80233,17.86582,21.937012,18.797344,15.515601,21.379803,19.300686,16.817823,20.491518,21.597944,20.60286,16.801392,21.18922,17.525583,20.390646,21.046568,19.866388,23.943422,19.188042,24.165295,22.21274,18.00931,13.998348,12.258939,8.220026,9.391577,7.451489,9.20412,12.441958,13.631899,17.939625,15.040781,10.42874,15.537974,16.450542,18.230145,19.715853,17.28178,16.044298,19.784883,16.076395,21.003105,22.194666,21.346605,18.330175,18.393757,12.147644,14.762153,11.775763,15.456759
18,17.686052,13.753424,14.76723,12.074117,9.32318,15.047971,12.793734,16.61998,16.908926,18.044718,23.232347,22.714764,24.705036,19.23446,15.01183,12.346436,8.458421,6.436812,0.0,4.536335,5.761881,8.178214,10.422001,9.299666,8.91648,7.580085,6.186825,4.693594,8.7757435,7.1870646,15.324537,12.590402,19.629156,20.364107,22.60822,26.492773,25.848948,23.9402,20.293255,16.90439,18.336311,13.535885,16.475216,13.910462,10.114362,11.726179,8.997454,10.943665,11.868682,11.767673,13.736974,13.245033,18.02909,19.187906,20.58202,17.093569,17.285082,19.088669,23.396341,23.529211,20.4597,18.039953,23.40354,23.946966,27.898315,24.25454,21.723806,27.69143,25.442118,23.024595,26.456898,27.677725,26.23078,22.567314,26.489317,23.270943,25.364468,26.421726,25.017881,29.198812,24.703836,29.404602,27.58965,23.135841,19.361372,17.496851,14.099308,13.838393,9.74466,11.039917,12.741547,11.887304,16.297083,14.703411,9.757941,12.087775,14.8952055,15.613405,18.744783,17.526884,16.91281,21.469856,18.972898,24.17015,26.005663,25.039892,22.535162,21.928427,16.276297,19.300547,16.006319,20.248758
19,20.236977,16.654179,17.213861,15.485508,12.499311,17.670752,16.014435,18.34914,19.293911,19.359684,24.864222,24.054747,26.911222,21.158623,17.25905,13.768372,10.590703,6.1437135,4.536335,0.0,4.783753,5.378399,8.786953,7.736807,6.1542873,6.869773,5.424147,6.778647,10.0902,10.503605,17.60459,15.8759775,22.6209,23.497805,26.120636,29.80862,29.625383,27.867094,24.08024,20.634518,22.007122,17.212069,19.46246,16.340513,13.155629,13.085352,10.861085,10.224583,10.849383,9.078708,11.229436,11.611079,16.436615,17.68367,19.68809,16.678171,17.060686,19.663877,23.178337,24.289804,21.805382,18.287983,23.104626,23.013144,27.342186,24.686602,21.197836,26.860434,24.94236,22.15065,25.280956,25.846172,24.26122,20.236183,23.503809,20.283722,21.665318,22.919142,21.518446,25.890266,21.947603,26.739801,25.661112,21.015728,17.357214,14.761539,12.236033,10.193985,5.586995,6.8337755,8.439838,8.3179455,12.9668255,11.839704,8.153709,11.338065,14.443449,16.389666,18.823929,17.71167,15.720753,20.813772,17.330505,22.47778,24.46889,24.219486,21.557535,22.238571,16.218258,19.768417,17.107996,21.263372
20,18.072142,14.872928,16.581081,15.31476,13.280819,19.102053,18.122795,21.565548,22.456255,23.27656,28.64248,28.057878,30.317474,24.656889,20.637527,17.579226,13.955911,10.448557,5.761881,4.783753,0.0,3.7398098,4.803192,4.187169,5.153692,4.9303823,7.315348,8.5149355,13.075807,12.503913,20.514702,18.252796,25.18706,26.11827,28.235844,32.213158,31.389534,29.360441,25.857454,22.52079,23.665892,18.670712,21.539663,18.439306,13.958072,14.985093,10.738094,10.907963,9.69311,9.805347,12.829216,14.206636,18.513172,20.680784,21.762613,18.348526,19.876553,22.346174,26.080343,27.229462,24.725376,21.842663,27.012655,27.24677,31.520283,28.676416,25.661797,31.417131,29.606636,26.887957,30.036036,30.600916,28.9085,24.901423,27.869751,24.75864,25.621275,26.92138,25.255175,29.51101,25.771265,30.204853,29.226332,24.4818,21.099955,18.62697,16.50887,14.245843,9.275297,10.307587,10.269677,8.28313,12.668426,13.411673,10.441331,10.63548,15.531679,16.746872,20.226826,20.024536,18.344187,23.792574,20.979008,26.118797,28.418774,28.168604,25.756163,26.135454,20.410824,24.004032,21.129652,25.41864
21,18.869884,16.053967,17.053148,16.695122,14.512169,19.751242,19.610601,22.027645,23.653482,23.972347,29.49367,29.130922,32.05575,26.430748,22.301098,19.033468,15.671064,11.46804,8.178214,5.378399,3.7398098,0.0,4.1593757,5.771959,5.9926634,7.725742,9.490486,11.275618,15.262463,15.166649,22.80813,20.618416,27.586466,28.160501,30.688791,34.364723,33.741096,32.014153,28.231123,24.874434,26.504557,21.6338,24.325216,21.215069,17.232508,17.664907,14.0754795,13.148813,11.870716,10.643606,13.65767,15.471097,19.782015,21.729244,23.413977,20.402622,21.679556,24.492699,27.796501,29.310684,26.97148,23.464514,28.180523,27.890463,32.34349,29.994274,26.25444,31.719395,29.763128,26.765873,29.400013,29.619373,27.577374,23.61043,25.943983,23.346704,23.606186,25.40076,24.065048,28.551931,25.397482,30.009335,29.620996,24.853724,21.515274,18.483534,16.871212,13.2351675,8.399345,8.126369,7.096603,4.5565305,8.969527,10.232492,8.66174,8.730857,13.772294,15.792176,18.741465,18.855133,16.360828,22.136366,19.090857,24.05658,26.59511,26.813118,24.535805,25.664024,20.056675,24.097853,21.771578,26.183773
22,18.353275,16.035646,17.998817,17.92118,16.477568,22.048939,22.125898,25.326557,26.736082,27.518335,32.944687,32.585228,35.04148,29.411253,25.309221,22.23513,18.644453,14.867592,10.422001,8.786953,4.803192,4.1593757,0.0,4.5591683,6.938621,7.8842726,11.534305,13.239269,17.769873,17.268885,25.312431,22.958427,29.945675,30.706072,32.819912,36.745274,35.706116,33.729107,30.231054,26.965702,28.259745,23.27722,26.262915,23.111935,18.401516,19.382326,14.690507,14.159552,11.647144,11.869317,15.240022,17.624968,21.452711,24.05671,25.011906,21.77633,23.880465,26.60117,30.006752,31.601688,29.316774,26.249128,31.22794,31.21816,35.630665,33.17611,29.832203,35.397556,33.637356,30.726334,33.504917,33.718372,31.723537,27.710543,29.916214,27.22792,27.18755,28.844921,27.218468,31.513924,28.463268,32.721035,32.367317,27.552008,24.452637,21.612728,20.240232,16.789152,11.900988,12.076309,10.428578,7.2051616,10.430379,13.341566,12.267537,10.274591,16.312988,17.652798,21.284279,21.96337,19.789068,25.624775,22.988728,27.897844,30.55822,30.749384,28.578108,29.464249,23.967161,27.924572,25.367153,29.791197
23,21.040348,18.164515,20.356833,19.171436,17.344995,23.253504,21.995007,25.51359,26.127254,26.742996,32.111443,31.045162,33.152542,27.253994,23.703354,20.366407,17.01929,13.169813,9.299666,7.736807,4.187169,5.771959,4.5591683,0.0,3.5111527,3.7607505,8.2380085,10.507045,14.9137335,15.099963,22.701393,21.160034,27.769688,29.301723,31.133583,35.36367,34.58192,32.252415,29.048607,25.717323,26.126131,20.97614,23.525286,19.974209,15.297317,15.722495,10.951005,9.847636,7.093586,8.030794,11.412987,13.877426,17.379843,20.329762,20.794395,17.48032,20.054472,22.793089,26.097286,27.908804,25.912544,23.00482,28.085625,28.38964,32.71484,30.371403,27.497248,33.119484,31.961843,29.27852,32.60264,32.797413,31.351871,27.052402,29.659222,26.165972,26.458609,27.40155,25.260351,29.212736,25.784218,29.693636,29.030745,24.238655,21.332914,18.93844,17.694881,15.14286,10.346831,12.076001,11.365187,9.569058,13.646856,15.921732,14.023414,13.797838,19.188269,20.575264,24.047924,23.992424,21.890036,27.495792,24.260023,29.305393,31.598421,31.648811,29.094736,29.871567,23.93939,27.435171,24.541138,28.546118
24,23.19625,20.012712,21.610159,20.121527,17.71357,23.353247,21.572842,24.4188,24.955917,24.981813,30.411547,28.97953,31.441011,25.379614,22.136934,18.403765,15.49637,11.02089,8.91648,6.1542873,5.153692,5.9926634,6.938621,3.5111527,0.0,3.6576157,6.091719,9.304009,12.973194,14.168466,21.048157,20.184727,26.553211,28.29671,30.379078,34.50788,34.20391,31.95152,28.636883,25.213387,25.5049,20.384977,22.386717,18.58181,14.678921,14.003907,10.422467,7.822383,6.179507,5.011306,8.331106,10.841352,14.527275,17.22331,18.180082,15.175366,17.408976,20.456427,23.40184,25.540121,23.792622,20.359947,25.146172,25.23041,29.638845,27.69591,24.537525,30.00636,29.103445,26.39755,29.768988,29.769203,28.527355,24.087738,26.696548,22.928549,23.287327,24.014412,21.80196,25.743156,22.28309,26.262592,25.68716,20.87715,17.96762,15.460246,14.475984,11.814901,7.2330146,9.671605,9.58131,9.10869,13.563434,15.152008,13.275846,14.637723,19.239273,21.184278,24.026018,23.448402,20.963505,26.408577,22.56056,27.53592,29.607716,29.804396,27.037535,28.204756,22.047937,25.435167,22.70681,26.453781
25,21.93277,18.579056,20.709959,18.629293,16.515375,22.470533,20.188349,23.960205,23.926163,24.548193,29.762342,28.307323,30.072634,24.101845,20.891275,17.546549,14.369156,10.91991,7.580085,6.869773,4.9303823,7.725742,7.8842726,3.7607505,3.6576157,0.0,5.1036158,7.304431,11.580177,12.056872,19.30412,18.204254,24.518257,26.479162,28.13209,32.50216,31.910402,29.410376,26.386879,23.047163,22.94184,17.760061,20.034685,16.344807,11.779017,11.998053,7.31128,6.551126,4.880969,6.480792,9.392791,11.031427,14.680047,17.510529,17.748484,14.19428,16.660175,19.195114,22.735096,24.304413,22.2722,19.647629,24.930092,25.570967,29.734924,27.147547,24.762339,30.507338,29.557194,27.12341,30.854168,31.2752,30.21707,25.891762,29.063942,25.098576,26.057713,26.52675,24.201277,27.948246,23.945879,27.78817,26.560684,21.85452,18.868294,16.994995,15.309865,14.091622,9.603343,12.294358,12.710757,11.784731,16.311676,17.441381,14.526915,15.551078,20.179224,21.414965,24.755198,24.082438,22.356758,27.574337,24.182632,29.306551,31.264297,30.998785,28.236073,28.624912,22.545847,25.568825,22.381441,26.070782
26,23.484985,19.67241,20.91977,18.182257,15.33041,20.72096,17.456764,20.526503,20.127607,20.196747,25.37461,23.53406,25.579153,19.470716,16.552996,12.843075,10.18168,6.4954042,6.186825,5.424147,7.315348,9.490486,11.534305,8.2380085,6.091719,5.1036158,0.0,3.8830884,6.9090676,8.695823,14.978368,14.597497,20.619715,22.740326,24.736683,28.918497,28.94006,26.616438,23.422338,19.998236,19.875929,14.852878,16.445738,12.621231,9.430706,8.328618,6.35534,5.123999,7.198577,6.331855,7.730718,7.4154205,12.001898,13.758115,14.866873,11.504748,12.561931,15.1363735,18.768736,20.082104,17.93581,14.849842,20.091097,20.687109,24.83048,22.16222,19.683855,25.485538,24.53337,22.216513,26.175978,26.765278,26.026531,21.749542,25.46949,21.204632,22.98744,23.158545,20.984009,24.718132,20.164085,24.338535,22.637735,18.032692,14.649183,13.046749,10.576864,10.776611,7.1810822,10.551411,12.453465,12.869218,17.624487,17.073921,13.388875,16.48833,19.63861,21.187729,23.75857,22.21116,20.587637,25.20492,21.419111,26.46029,27.979578,27.5129,24.515043,24.837687,18.601433,21.201027,18.005547,21.350492
27,21.704517,17.678116,18.920229,15.51011,12.755672,18.09363,14.230064,18.105062,17.190182,17.967402,22.895523,21.330711,22.799934,16.920805,13.679928,10.609581,7.426832,5.892901,4.693594,6.778647,8.5149355,11.275618,13.239269,10.507045,9.304009,7.304431,3.8830884,0.0,4.9460073,4.9523673,12.231362,11.039315,17.347328,19.303177,21.12933,25.394262,25.185469,22.826183,19.66,16.25783,16.24303,11.186469,13.298078,9.973679,6.4185,7.0608296,5.349505,7.5848575,9.913803,10.139403,11.21708,9.788145,14.277269,15.42978,16.331167,12.7252445,12.950281,14.609832,19.041039,19.220242,16.369692,14.213462,19.866003,20.907213,24.695482,21.07078,19.282598,25.326147,23.875689,21.834839,25.937431,27.128054,26.405628,22.51333,26.805431,22.746855,25.227814,25.45199,23.55156,27.241785,22.277565,26.550838,24.221262,19.907145,16.319695,15.2590065,11.789186,13.279358,10.019298,12.733405,14.962451,14.974547,19.663372,18.28297,13.586265,16.651789,19.213522,20.068405,22.84922,21.075312,20.391825,24.528717,21.432009,26.507038,27.883013,26.843834,23.973501,23.323715,17.399479,19.583338,15.9488325,19.36155
28,25.451796,21.304295,21.873865,18.048216,14.948105,19.16781,14.117137,16.977509,15.1827,15.1807575,19.768707,17.341682,18.83861,12.686191,10.431516,6.9254694,5.552914,5.7238135,8.7757435,10.0902,13.075807,15.262463,17.769873,14.9137335,12.973194,11.580177,6.9090676,4.9460073,0.0,4.832767,8.132812,8.940073,14.053964,16.67317,18.67236,22.759706,23.402012,21.143358,18.104137,14.799129,14.174879,9.749152,10.248087,6.711776,6.663318,4.7714233,7.9349856,9.151598,12.909255,12.193236,11.866058,8.674688,12.823174,12.611081,14.053914,11.07329,9.3830805,10.595603,15.108782,14.792342,11.841541,9.4451475,15.133467,16.428493,19.966908,16.13588,14.771403,20.833008,19.690903,18.052696,22.598232,23.991116,23.903446,20.183836,25.003593,20.56379,23.875944,23.51407,21.685923,24.972208,19.519732,23.71904,20.74216,16.879066,13.231511,13.098209,8.9820175,12.81595,11.3828535,14.276043,17.29092,18.273315,22.869001,20.609932,15.857674,20.207945,21.564392,22.65894,24.604462,22.02959,21.479181,24.745697,21.299479,26.01846,26.78168,25.52564,22.413195,21.61785,15.767959,16.949495,13.273651,15.739504
29,21.545938,17.377193,18.158754,13.890948,11.232259,15.674259,10.558634,15.084415,13.180426,14.728795,19.108553,17.785934,18.531063,13.073885,9.57233,7.7615967,4.599409,7.272649,7.1870646,10.503605,12.503913,15.166649,17.268885,15.099963,14.168466,12.056872,8.695823,4.9523673,4.832767,0.0,8.519707,6.1506715,12.729828,14.456807,16.213814,20.476198,20.257183,17.963764,14.747942,11.354323,11.565067,6.745979,9.301761,7.273492,5.2834907,7.5807233,8.136617,11.789053,14.546223,14.9043255,15.471877,13.010961,17.205519,17.383732,18.342476,14.949442,13.794178,14.227627,19.234875,17.953547,14.296252,13.346356,19.028328,20.502346,23.702682,19.003786,18.129433,24.214363,22.201082,20.633938,24.839035,26.74866,26.19316,22.899029,27.819838,24.020498,27.361794,27.5349,26.006342,29.544525,24.186094,28.521599,25.504282,21.705214,18.012703,17.610922,13.324268,16.231373,13.802113,15.9418125,18.614868,18.655283,23.120934,20.654392,15.206539,18.598928,19.896416,20.063936,22.61952,20.32686,20.78117,23.935114,21.599958,26.451696,27.449816,25.70836,22.995775,21.143982,15.868215,17.144167,13.074832,16.221455
30,28.964487,24.847908,24.910576,20.340683,17.711786,20.040316,13.579687,16.092644,12.1450815,12.602354,15.200835,12.053403,11.461619,5.798329,6.2213264,6.3427396,8.188324,12.273797,15.324537,17.60459,20.514702,22.80813,25.312431,22.701393,21.048157,19.30412,14.978368,12.231362,8.132812,8.519707,0.0,5.8034935,6.4261723,10.377213,11.822609,15.749186,17.266422,15.090744,12.820656,10.344467,8.382613,6.9109387,4.289164,4.825366,9.75286,9.219416,13.9587555,16.462755,20.383121,20.114553,19.24858,15.312886,18.10199,16.471308,17.540062,15.459509,11.900511,10.286329,15.03594,11.723272,7.4266186,8.642298,13.3731165,15.7786455,17.638186,11.842684,13.383668,18.880697,17.48157,17.237822,22.01538,24.455065,25.120447,22.520884,28.067282,23.933918,28.405312,27.608913,26.233007,28.812157,22.972216,26.673483,22.520605,20.046812,16.915955,18.193436,13.873187,19.309877,18.963312,21.31688,24.666553,25.714825,30.104404,26.832415,21.572521,26.156557,26.123486,26.482182,27.906315,24.631256,25.4205,27.065699,24.549185,28.571022,28.508537,26.30571,23.441416,20.990627,16.715494,15.615229,11.798321,12.113545
31,23.650633,19.625212,19.568336,14.844219,12.572011,14.770914,8.265805,12.532333,8.880895,11.354016,14.435201,13.424669,13.050777,8.664805,5.1975613,6.742578,6.1192207,11.382078,12.590402,15.8759775,18.252796,20.618416,22.958427,21.160034,20.184727,18.204254,14.597497,11.039315,8.940073,6.1506715,5.8034935,0.0,7.2066145,8.32754,10.302422,14.357844,14.5421095,12.596663,9.185395,5.89508,6.8867908,4.623023,6.400409,7.6725626,9.253426,11.340375,13.670786,17.392427,20.52832,20.666822,20.753208,17.556396,21.307428,20.412127,21.587769,18.769604,16.206623,15.348196,20.354591,17.449331,13.153451,13.708124,18.61185,20.413609,22.674206,16.890554,17.235697,22.906757,20.25337,19.448305,23.552906,26.273075,26.023287,23.62263,29.064606,25.680698,29.883936,29.95045,28.899168,32.15716,26.564745,30.849493,27.209505,24.173676,20.577597,20.842007,16.16218,20.178608,18.729319,20.367565,23.414875,23.694923,27.862373,24.355656,18.63342,22.433535,22.19615,21.822092,23.684252,20.745333,22.35761,24.054789,22.579317,26.841074,27.233164,24.712324,22.27752,19.023409,15.08883,14.766486,10.559866,12.678206
32,29.960972,26.118876,25.886581,21.096703,19.232855,20.073067,13.560293,16.187698,11.188517,13.05821,13.441035,11.360474,7.7916274,6.055594,7.461758,10.716365,12.401136,17.486704,19.629156,22.6209,25.18706,27.586466,29.945675,27.769688,26.553211,24.518257,20.619715,17.347328,14.053964,12.729828,6.4261723,7.2066145,0.0,5.5433846,5.6764016,9.586976,11.379264,9.4544735,8.104624,7.2492533,5.065567,8.061184,5.8259373,9.794755,13.982455,15.049588,18.915354,22.38742,26.01032,26.174812,25.552433,21.709808,24.407743,22.675117,23.485096,21.465174,17.979895,15.652592,20.078869,15.529908,11.327376,14.247422,17.720575,20.24975,21.013336,14.491352,17.301966,21.9018,19.764267,20.242573,24.454788,27.613953,28.258858,26.538622,32.25432,28.766346,33.60007,33.003048,32.014004,34.508152,28.712831,32.31445,27.898525,25.954699,22.975555,24.329443,19.908485,25.166033,24.673998,26.54876,29.865122,30.557362,34.742912,30.956202,25.36326,29.51702,28.717875,28.26151,29.567595,26.200003,28.154587,28.796549,27.478113,31.056576,30.70812,27.794062,25.471859,21.587763,18.976978,16.817432,13.342461,12.702131
33,28.009192,24.460754,23.434095,18.966297,17.43708,16.647938,10.804729,12.657155,7.6084127,10.730687,10.12551,10.477545,7.669595,8.242622,7.4692354,11.879514,13.180792,18.564327,20.364107,23.497805,26.11827,28.160501,30.706072,29.301723,28.29671,26.479162,22.740326,19.303177,16.67317,14.456807,10.377213,8.32754,5.5433846,0.0,4.542264,6.391994,8.082158,8.041611,5.0242248,5.1929975,7.7963777,10.792164,10.545226,14.078396,17.106396,18.834244,21.860798,25.48948,28.813377,28.699245,28.49013,24.90474,28.26055,26.471489,27.907787,25.731478,22.20195,20.424604,24.773104,20.51768,16.338102,18.157784,21.311695,23.129303,24.017035,17.611248,19.280985,23.62576,20.19176,20.49141,23.835524,27.427607,27.485353,26.436953,32.077625,29.496025,34.398163,34.454197,34.038692,36.950844,31.410748,35.53786,31.483759,29.384764,26.064837,26.80163,22.133427,26.622746,25.988678,27.064556,30.310045,30.77667,34.53321,30.091688,24.460678,28.416008,26.613152,25.720303,26.584583,23.167553,25.96578,25.762383,25.52696,28.711529,28.32436,24.952414,23.190474,18.33412,17.071949,14.672752,11.69332,11.456626
34,29.550602,26.120663,25.720121,21.002968,20.010159,19.69499,13.927088,16.927534,11.990747,15.219816,14.279753,14.082331,9.518645,10.785759,11.065995,15.1034565,16.090206,21.489597,22.60822,26.120636,28.235844,30.688791,32.819912,31.133583,30.379078,28.13209,24.736683,21.12933,18.67236,16.213814,11.822609,10.302422,5.6764016,4.542264,0.0,5.0873947,5.783703,4.3351865,4.4826474,6.37721,6.1551876,10.844785,10.335878,14.598303,17.616804,19.841873,22.699255,26.892292,30.117035,30.660175,30.424868,26.824245,29.764484,28.25094,28.938652,26.669949,23.5198,21.178522,25.661446,20.909348,16.817993,19.908394,23.198242,25.591467,26.095953,19.520489,22.283895,26.529375,23.730698,24.311867,27.921366,31.455511,31.758888,30.544052,36.231457,33.306206,38.175446,37.94704,37.20381,39.884293,34.159607,37.903603,33.522537,31.572462,28.488543,29.589273,25.015337,29.803637,28.894505,30.353868,33.493473,33.72499,37.674866,33.65224,27.883131,31.346577,30.106766,28.861553,30.247074,27.101933,29.995922,30.049885,29.859179,33.187332,32.858192,29.4875,27.720226,22.85003,21.481916,19.16415,16.058277,15.605126
35,32.198795,29.030083,27.967062,23.645308,22.780136,21.116072,16.172895,17.569353,12.957487,15.839794,13.129573,14.018489,9.210918,12.995763,13.692863,18.103876,19.554937,24.948786,26.492773,29.80862,32.213158,34.364723,36.745274,35.36367,34.50788,32.50216,28.918497,25.394262,22.759706,20.476198,15.749186,14.357844,9.586976,6.391994,5.0873947,0.0,4.822383,6.850231,7.347208,9.981075,11.232733,15.721766,15.024972,19.187746,22.442692,24.367266,27.443764,31.375837,34.693623,34.860325,34.557396,30.850275,33.846214,31.900743,33.012913,31.031002,27.423471,25.071957,29.115414,24.181942,20.345814,23.191267,25.595825,27.658073,27.650618,21.22608,23.984478,27.4229,24.126694,25.102337,28.02892,31.891499,32.21514,31.75151,37.369534,35.03491,40.14526,40.05885,39.753323,42.366066,36.81544,40.615826,36.255363,34.668213,31.628523,32.71747,28.154228,32.894234,32.37282,33.42995,36.66281,37.03856,40.711002,36.145454,30.529028,34.17626,32.064224,30.725615,31.43724,28.10169,31.435053,30.508875,30.942036,33.613728,32.903675,29.210894,27.892649,22.482763,22.52657,19.5017,17.30795,16.031933
