,0,1,2,3,4,5,6,7,8,9,10,11,12,13,14,15,16,17,18,19,20,21,22,23,24,25,26,27,28,29,30,31,32,33,34,35,36,37,38,39,40,41,42,43,44,45,46,47,48,49,50,51,52,53,54,55,56,57,58,59,60,61,62,63,64,65,66,67,68,69,70,71,72,73,74,75,76,77,78,79,80,81,82,83,84,85,86,87,88,89,90,91,92,93,94,95,96,97,98,99,100,101,102,103,104,105,106,107,108
0,0.0,4.0968494,6.433599,9.737217,11.970965,14.110789,17.067257,20.421955,23.543959,26.047949,29.676542,31.703033,34.46677,33.14927,31.809784,28.820353,26.440825,25.162062,21.52228,22.372805,20.719807,22.977934,26.596935,30.610214,30.876396,31.225992,32.62299,34.678226,33.750217,37.911766,33.63811,40.254646,37.172424,39.326855,36.01299,32.18902,31.396885,33.737717,30.631617,27.659224,28.133497,29.529984,26.518253,22.964418,25.802345,26.110744,19.684992,19.728304,22.502293,24.477863,28.263372,23.906145,28.551474,31.008957,31.37742,33.138847,30.956797,34.867027,37.119244,33.96167,34.290276,39.541103,42.571796,43.59118,39.246277,37.931538,42.946342,42.32867,37.637497,40.440933,43.294834,40.98891,37.50503,40.64377,36.6952,39.381435,35.927532,32.29146,31.851051,27.509136,24.837988,22.380054,20.24724,23.259308,25.982418,27.811594,30.352016,35.87728,37.10724,40.92026,42.342,45.222782,45.993877,46.409733,43.265682,41.343338,39.248383,35.815575,33.350704,30.093992,25.678247,22.481955,23.155546,26.336542,27.031406,29.852047,32.27005,34.498814,38.221706
1,4.0968494,0.0,5.1762023,6.299123,8.753297,11.83687,13.874882,18.039852,20.616074,23.517555,26.979198,29.142712,31.621288,30.310202,28.558975,25.366594,22.98998,21.37508,18.06045,18.434244,17.029184,19.53298,23.31405,26.97353,27.052118,27.473928,28.665995,30.837917,29.901775,34.172386,29.967783,36.704483,34.033363,36.151833,32.57804,28.782623,28.310112,30.551506,27.13266,24.206306,25.099222,26.101166,22.85335,19.652885,22.7797,22.59956,15.991346,16.683256,19.6259,21.874777,25.155235,20.634176,25.691269,28.043375,28.039402,29.499908,27.215239,31.032112,33.52486,30.561655,30.548775,35.856556,38.839203,40.049385,35.79901,34.32384,39.221832,38.587944,33.808777,36.520905,39.349945,37.070694,33.505775,36.573757,32.67652,35.348457,31.900772,28.325287,27.945341,23.676332,21.01399,18.823217,16.334349,19.22124,21.923403,23.760288,26.27172,31.7817,33.025646,36.834557,38.30102,41.195896,41.99435,42.38135,39.25065,37.314556,35.20218,31.807587,29.341059,26.063986,21.688112,18.523989,19.306353,22.419086,23.47856,25.998413,28.65775,30.842169,34.681957
2,6.433599,5.1762023,0.0,5.3966856,6.5038357,7.932948,11.212603,14.009669,17.343035,19.659653,23.321198,25.320614,28.180656,26.974052,26.121061,23.103834,21.034576,20.178207,16.81371,18.641264,17.963074,20.809017,25.272856,28.0613,27.685732,27.41899,28.4813,30.016275,28.761192,32.66926,28.17044,34.53941,31.028038,33.330486,30.344673,26.388783,25.410015,28.16549,25.345324,22.122746,22.605114,24.906145,21.822535,17.903435,21.19433,22.571047,16.03575,15.711816,19.492891,20.781197,24.545244,21.547417,26.13951,27.865875,28.566223,30.247917,27.360472,31.399961,33.8785,30.06748,29.946232,35.436646,38.1383,39.10593,34.454617,32.92267,37.97826,37.126106,32.72544,36.097534,38.607178,36.093678,33.072693,36.81296,32.845955,36.141563,32.99328,29.161594,29.709993,25.118086,23.121449,21.615694,18.632872,20.758406,22.487236,25.290644,26.587217,32.569958,33.40644,37.204422,38.57971,41.027916,42.243343,43.074234,40.131676,38.44964,36.61742,32.90283,31.062542,27.128502,23.373367,20.49157,20.455233,23.219128,23.211695,25.575676,27.721727,29.48127,33.243645
3,9.737217,6.299123,5.3966856,0.0,3.7834158,6.5533667,8.237608,12.655268,14.610049,17.979445,21.100117,23.568565,25.913153,24.915972,23.422539,19.692793,17.918934,16.092997,13.975183,14.506178,14.695159,17.998468,22.494997,24.640572,23.851223,23.822535,24.199484,26.037981,24.536684,28.772116,24.048903,30.688057,27.959543,29.890179,26.346172,22.604033,22.041134,24.278063,20.94688,17.972239,18.860153,20.201508,16.930807,13.494957,16.970547,17.462772,10.756146,11.271776,15.07635,16.878164,19.927813,16.583912,21.592785,23.291067,23.52181,24.954823,22.092236,26.072918,28.661175,25.164083,24.897234,30.356482,33.153378,34.28269,29.840109,28.287415,33.272438,32.60599,27.976404,31.024704,33.777405,31.50344,28.14613,31.6923,27.629663,30.828943,27.670023,23.785055,24.393496,19.751616,17.90981,16.73979,13.611463,15.542591,17.241348,20.14476,21.534222,27.492622,28.574226,32.34233,33.993176,36.465824,37.82797,38.488884,35.564594,33.753456,31.669262,28.34682,26.203623,22.540155,18.83859,16.087097,16.623917,19.139963,20.185333,21.636024,24.447792,25.971594,30.073975
4,11.970965,8.753297,6.5038357,3.7834158,0.0,5.4870853,5.1495614,9.843302,12.085918,14.990733,18.422327,20.535458,22.883705,21.614607,20.123564,16.861835,14.769219,13.674392,10.820484,12.6334095,12.946128,16.278595,21.169481,22.793417,21.892681,21.395542,22.121208,23.561451,22.264702,26.213074,21.892588,28.40697,25.412577,27.885805,24.598576,20.514194,20.154028,23.0846,19.77828,16.40151,17.929766,20.01778,16.352495,13.06359,17.27182,18.25378,11.581078,12.482604,16.892118,18.231592,20.866768,18.390598,23.449593,24.61556,24.750532,25.753757,22.367641,26.189642,29.24908,25.584032,24.481503,30.193287,32.59989,33.93952,29.335152,27.319664,32.13141,31.05306,26.633358,30.166765,32.360542,29.700727,26.822802,30.718342,26.943071,30.465788,27.498589,23.830652,24.91202,20.586592,18.991491,18.538103,14.687482,15.821658,16.80287,20.03672,20.521023,26.627443,27.195545,30.973639,32.28899,34.60281,35.9526,36.935608,34.10397,32.55854,30.937986,27.058468,25.676716,21.343332,18.160961,15.684945,15.163921,17.486803,17.482685,19.249052,21.545542,23.107317,27.023077
5,14.110789,11.83687,7.932948,6.5533667,5.4870853,0.0,6.062491,7.138039,10.010228,12.75066,15.917657,18.39884,21.267757,20.66672,20.686092,17.001923,16.158745,15.408882,14.067853,16.362906,17.745996,21.237738,26.246738,27.12218,25.657846,24.72342,24.624739,25.483946,23.361483,26.986227,21.678782,27.614939,23.684713,25.676558,23.028378,19.203716,17.71993,20.607315,18.366198,15.087793,15.072949,18.5043,15.800047,11.298267,14.766824,17.817846,12.192875,10.797933,15.493204,15.583671,19.144487,18.431822,22.332573,22.992237,24.281174,26.021168,22.449205,26.600637,28.982193,24.322058,24.009441,29.525835,31.879549,32.571674,27.619446,26.094343,31.268848,30.379648,26.4123,30.31755,32.647865,30.181335,27.654146,32.06734,27.955433,31.93979,29.3297,25.191942,27.08925,22.223467,21.478188,21.214052,17.945234,18.706724,18.84093,22.930231,22.526834,28.880287,29.436716,33.047215,34.640842,36.386158,38.409966,39.627815,37.043243,35.581615,33.83712,30.352049,29.014517,24.77064,22.141645,19.99351,19.622498,21.400883,21.177082,21.965511,24.073822,24.720882,28.718449
6,17.067257,13.874882,11.212603,8.237608,5.1495614,6.062491,0.0,6.1009827,7.2145925,10.347488,13.535749,15.709929,17.834736,16.697325,15.4205065,11.90659,10.354381,9.69999,8.193721,10.918291,12.828844,16.3355,21.46544,21.537857,19.884188,18.727978,18.853352,19.662672,17.974983,21.637148,17.147732,23.44926,20.288374,22.96231,19.8661,15.607345,15.3971815,18.805895,15.635777,11.974684,14.110342,16.934929,13.141359,10.149031,14.920023,16.660019,10.916381,11.858536,16.64504,17.259792,19.136423,18.265654,22.941675,23.259459,23.453491,24.096846,20.1012,23.75645,27.08525,23.072208,21.200647,27.037428,28.991955,30.398699,25.638191,23.261126,27.940706,26.574795,22.478506,26.546843,28.28189,25.41603,23.082533,27.508938,23.883825,27.921732,25.396393,21.787525,23.852211,19.72832,19.01119,19.648249,15.501172,15.306329,14.828759,18.890495,17.794268,24.094765,24.195288,27.841818,29.088657,30.92094,32.70675,34.064648,31.504225,30.238358,28.937809,24.948715,24.306696,19.527443,17.475456,15.773146,14.535944,15.928181,15.270746,16.016779,18.031906,18.901047,22.894842
7,20.421955,18.039852,14.009669,12.655268,9.843302,7.138039,6.1009827,0.0,4.8390794,5.7281632,9.448405,11.401156,14.471516,13.807782,14.8989935,12.012889,11.821036,12.829403,12.107621,16.042475,18.271076,21.536469,26.729782,26.113773,24.118572,22.23093,22.038605,21.770369,19.58076,22.269106,17.412022,22.500242,17.708015,20.56606,18.81904,14.616533,13.139474,17.412233,15.851003,12.163361,12.969034,17.994247,15.241442,11.566521,15.550581,19.511276,15.090962,14.245718,19.102571,18.308157,20.702276,21.845772,25.381813,24.950264,26.170929,27.224476,22.91571,26.60215,29.490858,24.52829,22.880005,28.481833,29.970276,30.835472,25.679007,23.466585,28.202526,26.628315,23.446903,28.235725,29.498493,26.516598,25.167467,30.243204,26.684967,31.24721,29.250198,25.52247,28.425034,24.169998,24.153015,25.020159,21.162466,20.604992,19.252834,23.867455,21.582697,27.862278,27.521786,30.881182,32.01552,33.1011,35.443893,37.286495,35.08571,34.154713,33.157696,29.180256,29.138851,24.188904,22.913292,21.5666,19.935888,20.806698,19.000063,19.284824,20.279501,20.198402,23.774788
8,23.543959,20.616074,17.343035,14.610049,12.085918,10.010228,7.2145925,4.8390794,0.0,4.8240085,6.60097,9.546722,11.667387,11.592963,12.2929,8.223427,9.486549,9.869459,11.690432,14.532514,17.895256,21.234468,26.215097,24.562214,21.967247,20.00436,18.776232,18.313164,15.508749,18.239626,12.778479,17.97325,13.723607,16.264053,14.063572,9.847798,8.718039,13.01037,11.221028,7.5111885,9.157162,14.058559,11.3710375,8.669074,12.734416,16.532948,13.379358,12.999963,17.495539,16.555998,17.770908,19.80437,23.055765,22.081203,23.022585,23.68203,19.151392,22.568531,25.571205,20.676577,18.467535,24.02249,25.284752,26.270552,21.17153,18.726463,23.375973,21.80209,18.671654,23.570759,24.775122,21.915663,20.67377,25.91255,22.392975,27.143364,25.48293,21.844885,25.32142,21.348066,22.001875,23.578295,19.855011,18.477085,16.205883,21.144411,17.97346,24.122765,23.719095,26.887337,28.234163,29.01471,31.752455,33.62514,31.623629,30.746758,29.720428,26.147568,26.256258,21.518175,21.003887,20.248386,18.798128,18.926638,17.74184,16.537382,17.895594,17.015545,20.909431
9,26.047949,23.517555,19.659653,17.979445,14.990733,12.75066,10.347488,5.7281632,4.8240085,0.0,4.37063,5.687794,8.8466425,8.506539,11.191634,9.234715,10.437625,12.707016,13.408079,17.569191,20.477463,23.429897,28.43508,26.51764,24.02642,21.490328,20.845688,19.542315,17.167536,18.77277,14.388587,18.223093,12.685411,16.238642,15.498516,11.363424,10.019092,15.182536,14.502762,11.121112,12.46648,18.103237,15.763872,13.349615,16.963314,21.213604,18.165442,17.608286,22.11841,20.80189,22.146063,24.611103,27.642181,26.414661,27.559254,28.100002,23.472265,26.602022,29.673342,24.670086,22.109827,27.43611,28.144108,29.075974,23.964233,21.310238,25.463827,23.390028,21.115837,26.445772,26.80408,23.565308,23.330141,28.788631,25.772068,30.652334,29.28041,25.97684,29.611736,25.936628,26.56689,28.196634,24.258526,22.808449,20.391605,25.174566,21.49422,27.350729,26.35504,29.318739,30.157988,30.541346,33.26652,35.571064,33.79435,33.297012,32.833332,28.807215,29.69014,24.568998,24.477262,23.849695,21.65988,21.654348,19.064331,18.401348,18.487013,17.388186,20.493397
10,29.676542,26.979198,23.321198,21.100117,18.422327,15.917657,13.535749,9.448405,6.60097,4.37063,0.0,3.8635523,6.0940146,7.4658713,11.158654,8.916619,11.790981,13.655685,16.104313,19.398508,22.973545,25.917364,30.701307,27.989326,25.034716,22.39556,20.79019,19.02448,16.0148,17.013123,12.183455,14.853222,8.774114,12.020407,12.021066,8.513318,6.674075,11.992362,12.38741,9.81734,10.752334,16.587397,15.091752,13.500859,16.264978,20.849539,19.225592,18.467337,22.445286,20.641092,21.244884,24.90086,27.198309,25.350727,26.65359,27.071756,22.407248,25.193548,28.000025,22.85967,20.13977,25.00564,25.274569,25.981888,20.920769,18.301983,22.203472,20.112787,18.55193,24.057676,24.159927,21.148668,21.491488,27.12905,24.254192,29.305374,28.441198,25.250051,29.45805,26.014288,27.299196,29.374493,25.753366,23.797033,20.694555,25.64562,21.189997,26.660282,25.547989,28.12873,29.135118,28.927645,32.19653,34.632267,33.191223,32.835808,32.397823,28.885103,29.94749,25.168816,25.757824,25.578764,23.620922,23.042904,20.891731,18.983501,19.092854,16.965132,19.988413
11,31.703033,29.142712,25.320614,23.568565,20.535458,18.39884,15.709929,11.401156,9.546722,5.687794,3.8635523,0.0,3.9832618,4.891278,10.235341,10.101879,12.446219,15.4117155,17.028494,21.034742,24.246798,26.834812,31.530819,28.594755,25.780983,22.771267,21.74412,19.429237,17.049597,17.145565,13.806149,15.418198,8.956523,13.288643,14.217707,10.91699,9.9002695,15.156218,15.656224,13.166815,14.561204,20.1903,18.492027,17.159912,20.111618,24.449594,22.54625,22.088636,26.194967,24.481586,25.040628,28.508478,30.99567,29.139454,30.268091,30.410814,25.70162,28.213469,31.279688,26.37042,23.1798,27.932867,27.802801,28.701279,23.840557,20.932407,24.217113,21.672224,20.65765,26.294943,25.652021,22.287123,23.343521,28.964447,26.603363,31.61668,30.894875,28.074934,32.23708,29.126143,30.258575,32.402584,28.51604,26.484638,23.366037,28.077345,23.380714,28.555756,26.964815,29.3951,29.898909,29.480341,32.56171,35.307686,34.023746,33.979946,34.044514,30.108944,31.807486,26.73277,27.627613,27.566088,25.04023,24.352507,21.22365,19.787909,18.9131,16.767195,18.995108
12,34.46677,31.621288,28.180656,25.913153,22.883705,21.267757,17.834736,14.471516,11.667387,8.8466425,6.0940146,3.9832618,0.0,3.461993,8.637448,9.299596,12.301382,15.234077,17.79551,21.19112,24.718657,27.063437,31.411234,27.701311,24.619423,21.46325,19.985441,17.159096,14.803102,14.025714,11.618412,12.026141,5.9107313,11.040973,12.28721,9.5515785,9.777099,14.591276,15.086044,13.221342,15.358881,20.141304,18.55145,18.315977,21.117796,24.79149,23.599379,23.682074,27.4577,25.879435,25.569498,29.245714,31.646551,29.520325,30.21274,29.825838,25.137827,27.084587,30.352798,25.914223,22.004921,26.42146,25.779993,26.96967,22.483637,19.184177,21.726929,18.821579,18.394823,24.054886,22.748201,19.274065,21.041172,26.605358,24.774733,29.737473,29.41561,27.070765,31.452677,28.921057,30.344978,32.917244,29.082417,26.576773,23.00917,27.495115,22.195751,26.765057,24.81803,26.887354,27.207228,26.371899,29.630577,32.556374,31.564627,31.770351,32.14672,28.370382,30.55668,25.651928,27.266874,27.679981,25.060179,23.826582,20.764055,18.520048,17.32215,14.444713,16.296482
13,33.14927,30.310202,26.974052,24.915972,21.614607,20.66672,16.697325,13.807782,11.592963,8.506539,7.4658713,4.891278,3.461993,0.0,6.1756153,8.420187,10.287713,14.022088,15.560368,19.51264,22.59612,24.68565,29.004566,25.44704,22.64483,19.33548,18.69533,15.879945,14.320886,13.680163,12.328187,13.713914,8.751957,14.07902,14.501432,11.105235,11.959711,16.97894,16.54626,14.144789,17.034323,21.534687,19.228498,18.940731,22.39443,25.530329,23.531107,24.123795,28.187063,27.046513,26.883688,29.717058,32.737316,30.968147,31.292294,30.699932,25.98196,27.953953,31.646053,27.515772,23.296303,28.065567,27.585957,29.160227,24.726147,21.153736,23.66448,20.588852,19.64996,25.220964,23.794046,19.955647,21.521742,26.928057,25.276278,30.089434,29.499428,27.337193,31.343739,28.963335,29.96277,32.43045,28.285294,25.891949,22.615528,26.82334,21.78578,26.407232,24.272923,26.546602,26.498312,26.053059,28.788786,31.750202,30.585283,30.847027,31.475965,27.14805,29.601744,24.348988,25.859982,26.204304,23.14661,22.033352,18.254932,16.793463,15.039981,12.780408,14.397222
14,31.809784,28.558975,26.121061,23.422539,20.123564,20.686092,15.4205065,14.8989935,12.2929,11.191634,11.158654,10.235341,8.637448,6.1756153,0.0,5.6389885,5.958163,9.912656,11.5976305,14.803621,17.828066,19.511997,23.436296,19.419466,16.590033,13.199895,12.986278,10.270144,9.80831,9.80438,10.179731,13.3339,11.398088,16.316437,14.861117,11.146036,13.735035,18.093292,15.947401,13.495755,17.937485,20.748425,17.524008,18.297667,22.354862,23.74813,21.420696,23.333298,27.229893,27.004051,26.16678,27.731684,31.534523,30.177946,29.46855,28.147774,23.582592,25.143766,29.544275,26.439314,21.407213,26.424593,26.112597,28.491905,24.499722,20.419563,22.591904,19.403543,17.528118,22.617205,21.095182,16.901321,17.945219,22.888018,21.66249,26.08096,25.26259,23.679308,27.178259,25.504484,26.161804,28.842915,24.515226,21.86076,18.69481,22.203537,17.27835,21.544601,19.1696,21.650082,21.283966,21.491632,23.606798,26.422989,25.009178,25.26008,26.136963,21.367233,24.199572,18.780407,20.663921,21.366123,17.979156,16.482924,12.570796,10.92105,8.872275,7.0581813,9.343334
15,28.820353,25.366594,23.103834,19.692793,16.861835,17.001923,11.90659,12.012889,8.223427,9.234715,8.916619,10.101879,9.299596,8.420187,5.6389885,0.0,4.4640856,6.016012,10.186626,12.149606,16.168118,18.706877,22.978746,19.46318,16.269327,13.669559,11.937762,10.476903,8.00258,10.270967,6.7791853,12.281617,10.404048,14.091865,11.279422,6.939992,9.586117,13.566937,10.723144,7.982923,12.759299,15.246897,11.942013,12.788794,16.79938,18.200134,16.213846,17.973612,21.690613,21.46686,20.543638,22.28722,25.921782,24.584951,24.032366,23.059954,18.402824,20.453033,24.59271,21.138824,16.56427,21.94809,22.25222,24.37631,20.061117,16.270292,19.454288,16.925774,14.033658,19.15666,18.922916,15.281046,14.997824,20.272547,17.985622,22.699318,21.60062,19.249058,23.009226,20.68126,21.639492,24.311523,20.279362,17.60395,14.206041,18.450785,13.612583,18.825294,17.347588,20.216627,20.92379,21.43946,24.083649,26.344818,24.644743,24.279177,24.150558,20.139261,21.72888,16.672438,17.981466,18.458334,16.07861,14.787844,12.977981,10.116871,10.757337,8.935641,12.941939
16,26.440825,22.98998,21.034576,17.918934,14.769219,16.158745,10.354381,11.821036,9.486549,10.437625,11.790981,12.446219,12.301382,10.287713,5.958163,4.4640856,0.0,4.7563424,6.128057,9.269548,12.492573,14.808233,19.260649,16.316328,13.690499,11.0550375,11.139616,10.395563,9.667436,12.298045,10.562021,16.206032,14.563996,18.536236,15.628624,11.301727,13.626554,17.61731,14.21614,11.095914,15.882628,18.00448,13.956412,14.363287,19.012993,19.651224,16.258322,18.718834,22.73845,23.161167,22.675922,22.997726,27.46288,26.749447,25.799837,24.709833,20.256052,22.393608,26.88152,23.879192,19.3847,24.983204,25.598286,28.000652,23.826042,20.055563,23.169277,20.65877,17.331049,21.939001,21.76062,17.960993,17.175606,21.862083,19.7698,24.016312,22.394156,20.272566,23.169807,20.989655,21.095718,23.409584,18.912079,16.642326,14.129644,17.726051,13.916132,19.181828,17.68038,20.907507,21.166983,22.44726,24.188328,26.299147,24.226921,23.79309,23.866056,19.03391,20.729599,15.116352,15.846315,16.015518,12.882244,12.051057,9.1168,8.184995,8.530388,8.762641,12.565897
17,25.162062,21.37508,20.178207,16.092997,13.674392,15.408882,9.69999,12.829403,9.869459,12.707016,13.655685,15.4117155,15.234077,14.022088,9.912656,6.016012,4.7563424,0.0,6.683624,6.324672,10.805741,13.663861,17.945677,15.202421,12.267897,10.7198105,9.390584,10.187976,8.646345,12.808001,9.740434,16.495527,16.016378,18.816103,14.767709,10.871152,13.400997,16.195635,11.810763,9.058491,14.133614,14.673501,10.221442,11.482492,16.04753,15.4437895,12.297999,15.508444,19.036476,19.990412,18.984297,18.67514,23.351587,22.87785,21.461416,20.239466,15.9391575,18.183577,22.733223,20.152279,15.813367,21.545397,22.69948,25.197567,21.225986,17.697212,21.143251,19.241718,15.008232,18.965357,19.778337,16.548634,14.429891,18.807308,16.108082,20.212234,18.2331,15.7892,18.561405,16.235527,16.432434,18.940683,14.642462,12.076148,9.392891,13.259111,9.784693,15.638045,14.950072,18.478535,19.504925,21.240053,23.096638,24.625809,22.294586,21.336649,20.619474,16.438185,17.07314,11.873609,12.22966,12.464515,10.429863,9.50491,9.534523,7.0608234,10.00889,10.256166,14.766493
18,21.52228,18.06045,16.81371,13.975183,10.820484,14.067853,8.193721,12.107621,11.690432,13.408079,16.104313,17.028494,17.79551,15.560368,11.5976305,10.186626,6.128057,6.683624,0.0,6.1226764,7.401901,10.033943,15.074956,14.213913,12.840018,11.3161125,13.175312,14.050376,14.210009,17.560835,15.826551,22.05091,20.432936,24.101603,20.752428,16.40674,18.146223,21.80374,17.836508,14.478736,18.760733,20.301699,15.737971,15.322022,20.334002,20.0965,14.975272,18.04215,22.194038,23.46735,23.722414,22.147778,27.487612,27.696745,26.47355,25.623209,21.630733,24.154598,28.64413,26.004519,22.251617,28.046515,29.362741,31.796675,27.665913,24.270536,27.772032,25.68539,21.6462,25.521395,26.099293,22.59481,20.725458,24.629953,22.240974,25.840097,23.417896,21.164516,22.792583,20.367723,19.281603,20.729757,15.888911,14.704756,13.944598,16.689667,15.115041,20.526295,19.71604,23.349283,23.63238,25.882744,26.736809,28.26063,25.64182,24.76649,24.463295,19.30291,20.083675,14.435677,13.341994,12.475084,9.052483,9.907202,7.2278547,9.6776085,10.93669,13.244376,16.708704
19,22.372805,18.434244,18.641264,14.506178,12.6334095,16.362906,10.918291,16.042475,14.532514,17.569191,19.398508,21.034742,21.19112,19.51264,14.803621,12.149606,9.269548,6.324672,6.1226764,0.0,4.910435,7.9844646,12.264638,11.191135,9.495595,9.610804,10.316345,12.87822,13.021937,17.339289,15.52953,22.261806,22.315687,25.025106,20.671368,17.04911,19.387009,21.717707,16.908073,14.4186125,18.973482,18.35286,13.64471,14.675246,19.223463,16.882542,12.36068,16.771143,19.92941,22.050417,21.297153,18.551651,24.244123,24.795576,22.577602,21.128653,17.693777,19.798294,24.509674,23.013676,19.192715,24.722433,26.414312,29.189262,25.68796,22.455896,25.724863,24.163889,19.45842,22.204643,23.476204,20.572233,17.531656,20.492298,18.012547,20.927769,18.10508,16.131222,17.029835,15.180902,13.828102,15.677739,10.926482,9.202315,8.966826,10.739626,10.404851,15.565413,15.545475,19.363153,20.19975,23.089596,23.722733,24.531507,21.612894,20.200714,19.215633,14.600545,14.330662,9.097813,7.3568945,6.808958,4.3439384,5.0450053,7.381684,7.7862124,11.451693,13.75569,17.707153
20,20.719807,17.029184,17.963074,14.695159,12.946128,17.745996,12.828844,18.271076,17.895256,20.477463,22.973545,24.246798,24.718657,22.59612,17.828066,16.168118,12.492573,10.805741,7.401901,4.910435,0.0,3.7596426,8.665022,10.113731,10.278888,11.01727,13.642021,16.268362,17.317259,21.25111,20.197828,26.759338,26.543877,29.620045,25.456284,21.656408,23.795557,26.418243,21.692408,19.001682,23.286556,22.894194,18.199493,18.597795,23.205765,20.755573,15.436799,19.782492,22.976316,25.44766,25.250427,21.505217,27.553764,28.621296,26.318525,24.967466,21.95381,24.02113,28.664042,27.43611,23.915905,29.352516,31.146847,33.976933,30.535526,27.358665,30.55178,28.92711,24.269598,26.787851,27.937048,24.960464,21.998693,24.421822,22.28991,24.626251,21.5619,19.980106,19.82647,18.29876,15.97772,16.8922,12.174967,11.783405,13.035357,13.455181,14.61282,18.928312,18.904127,22.626377,22.96735,26.289703,26.08245,26.677502,23.554592,22.148668,21.433903,16.414589,16.10478,11.274728,8.355178,6.7975416,3.2897305,6.3919516,7.5543346,10.931768,13.542269,16.898582,20.147804
21,22.977934,19.53298,20.809017,17.998468,16.278595,21.237738,16.3355,21.536469,21.234468,23.429897,25.917364,26.834812,27.063437,24.68565,19.511997,18.706877,14.808233,13.663861,10.033943,7.9844646,3.7596426,0.0,5.220301,7.8883185,9.453231,10.683601,14.437109,17.103224,19.018845,22.543013,22.579369,28.807394,29.000439,32.30342,28.207552,24.495409,26.933796,29.613688,24.85508,22.28445,26.792986,26.23084,21.54664,22.261948,26.838943,24.064327,19.008274,23.48149,26.514673,29.107727,28.694153,24.7151,30.810772,31.936441,29.299452,27.57642,24.794842,26.421354,31.25319,30.523731,26.673067,31.903812,33.505127,36.602177,33.428936,30.072176,32.825115,31.038073,26.534414,28.78278,29.525429,26.46937,23.73268,25.62271,24.123953,25.98128,22.993612,22.118578,21.478481,20.772823,18.258324,19.145435,14.743161,14.356414,15.725255,15.16268,16.56063,19.883163,19.56795,23.066545,22.8642,26.466446,25.527712,26.000858,22.83118,21.594027,21.400799,16.005463,16.280252,11.745828,9.31907,8.391772,4.6987433,7.1047535,7.5590467,11.958476,13.858212,17.811754,20.383595
22,26.596935,23.31405,25.272856,22.494997,21.169481,26.246738,21.46544,26.729782,26.215097,28.43508,30.701307,31.530819,31.411234,29.004566,23.436296,22.978746,19.260649,17.945677,15.074956,12.264638,8.665022,5.220301,0.0,6.71422,9.986784,12.330038,16.291613,19.28638,21.862505,25.11169,26.079967,31.985796,33.008934,36.18682,31.923944,28.55649,31.343487,33.671875,28.750774,26.562418,31.220888,29.92414,25.368788,26.66311,30.985826,27.367956,22.879063,27.673698,30.188711,33.114105,32.22893,27.704779,33.802456,35.109024,31.874054,29.644094,27.440874,28.425884,33.338776,33.533096,29.50427,34.273083,35.791145,39.1976,36.563007,33.180397,35.376846,33.6633,29.221775,30.720814,31.290236,28.486944,25.680977,26.525112,25.745134,26.675173,23.730696,23.796623,22.25567,22.71293,19.957329,20.794773,17.110798,16.766302,18.495296,16.481647,18.686523,20.47531,20.220297,23.294748,22.698408,26.745098,24.85849,24.791111,21.544136,20.302723,20.438326,15.275111,15.652362,12.4658375,10.517348,10.382065,8.127377,9.446822,10.900184,14.688846,16.393114,20.517416,22.46658
23,30.610214,26.97353,28.0613,24.640572,22.793417,27.12218,21.537857,26.113773,24.562214,26.51764,27.989326,28.594755,27.701311,25.44704,19.419466,19.46318,16.316328,15.202421,14.213913,11.191135,10.113731,7.8883185,6.71422,0.0,3.9906988,6.6258254,10.678623,13.450055,16.686728,19.366701,21.554893,26.750212,28.678978,31.819807,27.706049,24.76325,28.155313,30.33749,25.566278,23.802229,28.951437,27.504797,23.12799,25.368725,29.583107,26.081505,22.769587,27.604961,30.106642,32.565014,30.831293,27.585123,33.222794,33.783813,30.3991,27.564526,25.022287,25.350952,30.622707,30.999407,26.031202,30.521631,31.39478,35.097565,32.768303,29.005306,30.458563,28.434097,24.465332,25.985844,25.73103,22.754799,20.602402,21.41749,21.441992,22.554853,20.2794,21.009474,20.481653,21.628849,19.970953,22.06109,18.263836,16.40438,16.474567,14.774431,14.960277,15.94554,14.721663,17.538994,16.42441,20.303928,18.429466,18.81646,15.753296,15.013492,16.086807,10.035074,12.573004,8.548809,9.660139,11.316401,8.209611,6.7260466,7.871935,9.813329,11.200231,15.057687,16.658768
24,30.876396,27.052118,27.685732,23.851223,21.892681,25.657846,19.884188,24.118572,21.967247,24.02642,25.034716,25.780983,24.619423,22.64483,16.590033,16.269327,13.690499,12.267897,12.840018,9.495595,10.278888,9.453231,9.986784,3.9906988,0.0,3.6983213,6.693688,9.709922,12.7787,15.628548,17.732649,22.88127,25.114555,28.042797,23.880823,21.146297,24.719318,26.710062,22.006771,20.479372,25.73525,24.199526,19.965923,22.613558,26.67698,23.348349,20.66854,25.38616,27.845226,30.01271,27.940918,25.446564,30.767004,30.945295,27.658321,24.730515,21.911888,22.13942,27.490297,27.701479,22.439455,26.92385,27.624184,31.329906,28.994093,25.140781,26.513975,24.447538,20.522985,22.223415,21.877659,18.82896,16.737753,17.970701,17.9196,19.505648,17.478592,18.08363,18.3817,19.40669,18.423868,21.08208,17.239525,14.660021,13.742387,12.714594,11.55485,12.85181,11.28935,14.350345,13.547718,17.174452,16.101553,16.84796,13.88852,13.164923,14.104864,7.8582826,10.968507,5.969528,8.662457,10.891886,7.896498,4.9528427,6.8051786,6.2475443,8.4927025,11.732756,13.916362
25,31.225992,27.473928,27.41899,23.822535,21.395542,24.72342,18.727978,22.23093,20.00436,21.490328,22.39556,22.771267,21.46325,19.33548,13.199895,13.669559,11.0550375,10.7198105,11.3161125,9.610804,11.01727,10.683601,12.330038,6.6258254,3.6983213,0.0,5.6524634,7.234159,10.720037,13.024337,15.64412,20.469933,22.300823,25.672668,21.955091,19.005861,22.621311,25.117203,20.761362,18.998964,24.372984,23.680264,19.461914,21.87339,26.120543,23.720192,20.987507,25.28116,28.17269,29.86648,27.984993,26.363497,31.480188,31.291258,28.476358,25.770895,22.429295,22.878748,28.223722,27.755821,22.232485,26.928774,27.291603,30.881395,28.218279,24.124922,25.50681,23.0285,19.504839,22.024967,21.11063,17.540825,16.307573,18.48384,18.405998,20.75443,19.102734,19.315046,20.513817,20.972895,20.391384,23.150711,19.000027,16.266296,14.59884,14.808902,12.210523,14.273138,12.012748,14.975965,13.8753605,16.739931,16.244392,17.798717,15.288234,15.099611,16.426966,10.273512,13.889124,8.478996,11.239348,13.083562,9.396532,6.6260595,5.0544057,4.1081114,4.8153934,8.442857,10.552435
26,32.62299,28.665995,28.4813,24.199484,22.121208,24.624739,18.853352,22.038605,18.776232,20.845688,20.79019,21.74412,19.985441,18.69533,12.986278,11.937762,11.139616,9.390584,13.175312,10.316345,13.642021,14.437109,16.291613,10.678623,6.693688,5.6524634,0.0,4.1456017,6.3538604,9.554918,11.556464,16.399828,19.372995,21.825983,17.656477,15.498794,19.460758,21.029093,16.646988,15.749442,21.093248,19.510912,15.809746,19.223951,22.810972,20.105148,18.907589,23.05515,25.37392,26.830889,24.13924,23.383087,27.8467,27.199593,24.25719,21.250967,17.889175,17.864445,23.213318,22.9944,17.110365,21.488216,21.693832,25.379454,23.027618,18.937254,20.050678,17.800741,14.105476,16.377274,15.646911,12.327638,10.657677,13.149415,12.976337,15.735545,14.535548,14.801126,16.959536,17.620733,18.078823,21.515564,17.922731,14.387476,11.443481,12.201149,7.745206,9.705167,7.249004,10.475907,10.492446,12.943516,13.890813,15.40855,13.145555,12.692238,13.328206,8.453845,11.7106285,7.016332,11.106274,13.51707,11.380928,8.019425,9.436034,3.667155,6.9790263,7.341771,10.715895
27,34.678226,30.837917,30.016275,26.037981,23.561451,25.483946,19.662672,21.770369,18.313164,19.542315,19.02448,19.429237,17.159096,15.879945,10.270144,10.476903,10.395563,10.187976,14.050376,12.87822,16.268362,17.103224,19.28638,13.450055,9.709922,7.234159,4.1456017,0.0,4.5697317,5.9252014,9.860561,13.542642,16.565329,19.491938,16.065746,13.999677,18.13767,20.16438,16.49288,15.589598,20.918896,20.290571,16.93546,20.128124,23.68203,22.058636,21.08749,24.645996,27.278042,28.149742,25.554996,25.879866,29.928352,28.80646,26.373941,23.557472,19.832876,19.812973,24.96277,24.153362,17.991844,22.230715,21.785122,25.34622,22.834902,18.452623,19.15572,16.271269,13.561219,16.72817,14.862256,10.840169,11.035669,14.385562,14.623473,17.917816,17.400082,17.539648,20.424307,20.776573,21.613146,25.073597,21.362944,17.832586,14.42086,16.003035,10.733052,12.617886,9.482967,11.791443,11.159928,12.264372,13.888855,16.321041,14.780042,15.068755,16.372702,11.826465,15.644811,11.15868,15.059151,17.205118,14.560435,11.457057,10.688522,5.339682,5.612172,3.7126024,7.042949
28,33.750217,29.901775,28.761192,24.536684,22.264702,23.361483,17.974983,19.58076,15.508749,17.167536,16.0148,17.049597,14.803102,14.320886,9.80831,8.00258,9.667436,8.646345,14.210009,13.021937,17.317259,19.018845,21.862505,16.686728,12.7787,10.720037,6.3538604,4.5697317,0.0,4.9137588,5.4675217,10.22823,13.241229,15.514423,11.64426,9.804379,14.04069,15.65107,12.075041,11.586013,16.750986,16.114563,13.1891985,16.614271,19.740408,18.654522,18.486952,21.495377,23.966568,24.420826,21.672682,22.961597,26.453983,24.963776,22.969181,20.504583,16.444714,16.745138,21.586926,20.126831,14.019994,18.479752,18.123228,21.369415,18.478672,14.099264,15.4167795,12.681602,9.576881,13.610195,12.416267,8.49411,8.34801,13.08757,12.196912,16.419127,16.050041,15.284129,19.094563,18.679285,20.176292,23.743837,20.303196,16.642086,12.537075,15.316533,9.211388,12.320182,10.0308075,12.421631,13.142251,13.54802,16.452524,18.641613,17.239765,17.098404,17.384436,14.005781,16.517916,12.424836,15.761809,17.608019,15.729694,12.967346,13.0961,7.3297477,8.960692,5.9259686,10.0443945
29,37.911766,34.172386,32.66926,28.772116,26.213074,26.986227,21.637148,22.269106,18.239626,18.77277,17.013123,17.145565,14.025714,13.680163,9.80438,10.270967,12.298045,12.808001,17.560835,17.339289,21.25111,22.543013,25.11169,19.366701,15.628548,13.024337,9.554918,5.9252014,4.9137588,0.0,7.278863,8.097382,12.127784,14.794629,12.380517,11.392229,15.573635,17.377222,15.022265,14.836156,19.556795,19.626673,17.336884,20.542343,23.395758,22.99386,23.149937,25.76086,28.295818,28.316399,25.512777,27.550558,30.608315,28.718699,26.968794,24.42086,20.470074,20.291695,24.848001,23.3922,17.157084,20.772398,19.448256,22.650644,20.13977,15.638076,15.648642,12.135889,11.131441,15.226926,12.23544,7.829648,10.5378275,14.870768,15.211401,19.14911,19.566088,19.400587,23.35051,23.32623,24.992517,28.624796,25.198141,21.528305,17.410524,19.928808,13.766102,15.531468,12.461855,13.664903,13.413226,12.411792,15.687859,18.651236,18.042295,18.695953,19.91833,16.65036,20.16531,16.342527,20.15346,22.145521,19.815084,16.918621,15.794331,10.665918,10.083779,5.6913357,7.6791267
30,33.63811,29.967783,28.17044,24.048903,21.892588,21.678782,17.147732,17.412022,12.778479,14.388587,12.183455,13.806149,11.618412,12.328187,10.179731,6.7791853,10.562021,9.740434,15.826551,15.52953,20.197828,22.579369,26.079967,21.554893,17.732649,15.64412,11.556464,9.860561,5.4675217,7.278863,0.0,7.0232735,8.829474,10.392505,6.3441787,4.637485,8.954531,10.459077,7.837822,7.864553,12.3326845,12.770047,10.881351,13.863159,16.308363,16.890432,17.551151,19.310345,21.785894,21.339888,18.79093,21.76145,24.325125,22.2356,21.301653,19.687984,15.237602,16.213087,20.179783,17.33237,11.824316,16.381306,15.974059,18.363518,14.644362,10.375059,12.782434,10.182408,7.5603504,12.994378,12.487108,9.251065,9.547624,15.189855,13.175406,18.122929,18.007536,16.122326,20.774618,19.241938,21.350723,24.743118,21.59534,18.169641,13.772485,17.786604,11.739107,15.680108,14.229195,16.291363,17.69352,17.282043,21.018625,23.192583,22.050201,21.758114,21.415268,18.886091,20.443022,16.693695,19.182055,20.4759,19.08174,16.916647,16.945736,11.85851,13.313103,9.862091,13.677724
31,40.254646,36.704483,34.53941,30.688057,28.40697,27.614939,23.44926,22.500242,17.97325,18.223093,14.853222,15.418198,12.026141,13.713914,13.3339,12.281617,16.206032,16.495527,22.05091,22.261806,26.759338,28.807394,31.985796,26.750212,22.88127,20.469933,16.399828,13.542642,10.22823,8.097382,7.0232735,0.0,7.0960817,7.4781046,6.8992763,8.615907,11.706217,12.350545,12.460826,13.556114,16.447515,17.326834,16.901201,19.738493,21.179186,22.480085,24.156282,25.291859,27.408054,26.283285,23.405914,27.625055,29.155626,26.362501,25.812244,24.080318,20.086924,20.127434,23.33959,20.700094,15.393729,18.024578,16.015118,18.024982,15.208657,11.209082,11.111587,7.503365,9.187606,14.129616,11.515819,8.76162,12.246122,17.23012,16.608013,21.135752,22.189024,21.096333,26.046095,25.133944,27.699854,31.281853,28.423456,24.860415,20.324549,23.910234,17.573484,19.82716,17.764503,18.47099,19.384468,17.27744,21.766844,24.480618,24.309713,24.707487,25.050718,23.162687,25.52599,22.3406,25.557821,27.172934,25.575588,23.081175,22.439787,17.320835,17.410429,12.998194,14.913917
32,37.172424,34.033363,31.028038,27.959543,25.412577,23.684713,20.288374,17.708015,13.723607,12.685411,8.774114,8.956523,5.9107313,8.751957,11.398088,10.404048,14.563996,16.016378,20.432936,22.315687,26.543877,29.000439,33.008934,28.678978,25.114555,22.300823,19.372995,16.565329,13.241229,12.127784,8.829474,7.0960817,0.0,5.4659004,7.4338107,6.8547316,7.7517624,10.843885,12.190396,11.888198,13.721457,17.373781,16.808357,17.762403,19.526825,22.830524,23.313854,23.394949,26.335331,24.564133,23.176153,27.775957,29.373932,26.701204,27.29518,26.661053,22.195135,23.563732,26.435781,22.242212,18.168789,21.780079,20.637909,21.674347,17.538746,14.268214,16.279316,13.472348,13.968777,19.515963,18.117865,15.2568,17.480001,23.000744,21.289534,26.252092,26.53563,24.377398,29.252913,27.085314,29.235626,32.235054,28.969677,26.009844,21.876617,26.328245,20.500187,24.386309,22.612001,24.156216,24.988335,23.539349,27.542149,30.330082,29.688673,29.870565,29.986767,27.232744,29.211555,25.1087,27.295536,28.15358,26.206383,24.462526,22.725628,18.943316,18.593815,14.781246,16.94584
33,39.326855,36.151833,33.330486,29.890179,27.885805,25.676558,22.96231,20.56606,16.264053,16.238642,12.020407,13.288643,11.040973,14.07902,16.316437,14.091865,18.536236,18.816103,24.101603,25.025106,29.620045,32.30342,36.18682,31.819807,28.042797,25.672668,21.825983,19.491938,15.514423,14.794629,10.392505,7.4781046,5.4659004,0.0,5.4166784,8.067596,7.996157,8.097362,11.201707,12.502452,12.838546,15.621793,16.549904,17.936981,18.274574,21.746407,23.767792,23.305662,25.370487,23.156687,21.16716,26.876268,27.343853,24.130772,25.125364,24.736032,20.67829,21.762573,23.696863,19.349749,16.057173,18.555592,17.143612,17.383478,13.4186125,10.997808,12.900849,11.0009,12.486082,17.459993,16.685244,15.0849905,17.109365,22.338694,20.360703,25.20934,25.94107,23.637873,28.854172,26.659534,29.429455,32.52369,29.944862,26.91544,22.611313,27.092562,21.332117,24.76701,23.544596,24.687141,26.202677,24.387333,28.95878,31.413498,30.98619,30.970465,30.560125,28.893902,30.243378,26.9769,29.185495,30.14079,28.95613,27.125898,26.5232,22.029243,22.539583,18.559654,21.011148
34,36.01299,32.57804,30.344673,26.346172,24.598576,23.028378,19.8661,18.81904,14.063572,15.498516,12.021066,14.217707,12.28721,14.501432,14.861117,11.279422,15.628624,14.767709,20.752428,20.671368,25.456284,28.207552,31.923944,27.706049,23.880823,21.955091,17.656477,16.065746,11.64426,12.380517,6.3441787,6.8992763,7.4338107,5.4166784,0.0,4.629745,6.389379,5.504123,6.416964,8.385823,9.965361,11.119456,11.652085,14.022971,14.646351,16.927723,19.181929,19.412401,21.264866,19.698677,17.069288,22.130957,23.093714,20.157494,20.44524,19.70876,15.503407,16.651836,19.103683,15.08113,11.025119,14.428222,13.698574,14.711027,10.376827,6.9542284,10.207571,8.555005,7.890292,13.17417,13.406473,11.789709,12.477878,17.869291,15.332853,20.316633,20.736322,18.264858,23.453598,21.309334,24.118393,27.33591,24.883574,21.725332,17.353867,21.778788,16.137218,19.795462,18.995728,20.486567,22.456177,21.294388,25.718729,27.765543,26.983507,26.604675,25.760315,24.30244,25.149189,22.13781,24.228273,25.255157,24.498623,22.634058,22.990208,18.087774,19.566519,15.925465,19.241238
35,32.18902,28.782623,26.388783,22.604033,20.514194,19.203716,15.607345,14.616533,9.847798,11.363424,8.513318,10.91699,9.5515785,11.105235,11.146036,6.939992,11.301727,10.871152,16.40674,17.04911,21.656408,24.495409,28.55649,24.76325,21.146297,19.005861,15.498794,13.999677,9.804379,11.392229,4.637485,8.615907,6.8547316,8.067596,4.629745,0.0,4.3242607,7.04048,5.826075,5.3270936,8.592827,11.157338,9.989526,11.534308,13.641222,16.133959,16.687712,17.212807,19.9874,18.77213,17.063738,21.043156,23.082808,20.782904,20.972256,20.3882,15.763159,17.668806,20.805143,16.595743,12.47849,17.167303,17.152687,18.522043,13.9037695,10.4338665,14.13655,12.136649,10.039943,15.561447,15.859528,13.257986,13.309099,18.965424,16.17679,21.279509,20.941715,18.173403,22.940516,20.36163,22.50598,25.458122,22.388182,19.464869,15.369342,20.099825,14.706835,19.418446,18.478804,20.679222,22.287437,21.842205,25.65546,27.782894,26.560257,26.098083,25.37974,22.92167,23.85394,19.995974,21.607235,22.298256,21.08928,19.553015,19.279764,15.081074,16.442738,13.344239,17.077684
36,31.396885,28.310112,25.410015,22.041134,20.154028,17.71993,15.3971815,13.139474,8.718039,10.019092,6.674075,9.9002695,9.777099,11.959711,13.735035,9.586117,13.626554,13.400997,18.146223,19.387009,23.795557,26.933796,31.343487,28.155313,24.719318,22.621311,19.460758,18.13767,14.04069,15.573635,8.954531,11.706217,7.7517624,7.996157,6.389379,4.3242607,0.0,5.3803353,6.5783806,5.839492,6.02952,10.963025,10.777854,10.619662,11.989358,16.332191,16.851797,16.048294,18.940065,16.919151,16.18531,21.025057,22.424261,19.980448,21.261877,21.62437,17.105661,19.646404,21.942331,16.71713,14.178098,18.620157,18.949968,19.384232,14.262134,11.929102,16.30275,14.917892,13.246591,18.470865,19.340414,17.20567,17.064362,22.614553,19.35784,24.440771,23.960112,20.61866,25.34529,22.013737,24.150255,26.653488,23.788937,21.377235,17.693007,22.75626,17.99214,23.064093,22.494602,24.761375,26.543041,26.083824,29.963533,32.027534,30.749546,30.150042,29.134773,26.805483,27.248579,23.429337,24.385132,24.609278,23.639967,22.598879,22.220951,18.6813,20.025179,17.220177,20.847546
