,0,1,2,3,4,5,6,7,8,9,10,11,12,13,14,15,16,17,18,19,20,21,22,23,24,25,26,27,28,29,30,31,32,33,34,35,36,37,38,39,40,41,42,43,44,45,46,47,48,49,50,51,52,53,54,55,56,57,58,59,60,61,62,63,64,65,66,67,68,69,70,71,72,73,74,75,76,77,78,79,80,81,82,83,84,85,86,87,88,89,90,91,92,93,94,95,96,97,98,99,100
0,0.0,4.317359,6.6086683,9.606288,12.59679,13.945654,17.754461,21.307693,24.023815,27.215185,30.11824,33.045403,36.09317,38.081593,33.176632,30.704504,28.49955,26.892033,23.727243,24.023462,21.341297,21.009966,22.68538,26.291075,27.474186,28.077034,29.639776,32.161747,32.50503,36.553402,34.355595,40.78668,38.606888,42.014385,38.263596,34.108566,35.24564,38.408337,34.008636,30.961115,34.410904,34.78362,30.340391,29.375793,33.828804,31.826551,26.93829,29.021816,32.110577,34.6357,36.079453,30.929506,36.96265,39.03303,37.078304,36.41908,34.170284,36.723618,40.528316,39.351353,37.382874,42.975975,45.61459,47.639317,43.733475,41.540707,45.64646,44.22338,39.493286,42.011646,43.52547,40.429497,37.752342,38.98807,36.841564,38.63022,34.916576,32.273655,31.289299,29.05488,26.09675,24.830156,22.085081,23.997263,23.713438,20.54946,25.51917,23.93694,27.220993,27.852581,31.321995,28.604332,25.711899,21.731339,22.055506,17.553062,17.710274,14.35869,14.674728,13.951089,18.869322
1,4.317359,0.0,5.279433,6.239704,9.235833,11.8678665,14.541689,18.95713,21.276756,24.74219,27.67892,30.538738,33.493126,35.207935,30.001049,27.493776,25.066374,23.252115,19.99429,19.970505,17.110525,16.812847,18.418095,22.014051,23.293152,24.103115,25.676624,28.364424,28.887037,32.96312,31.115784,37.568146,35.975418,39.261295,35.24216,31.263474,32.74516,35.60823,30.983452,28.172827,31.908024,31.70935,27.221292,26.82701,31.238102,28.661339,23.876966,26.718307,29.587038,32.28503,33.19534,27.9589,34.12355,36.09078,33.778442,32.781727,30.607786,32.915928,36.87151,36.07366,33.83442,39.34676,41.926624,44.13253,40.427208,38.120426,42.021107,40.616753,35.820156,38.11566,39.611534,36.601627,33.823486,34.83243,32.80926,34.44033,30.688047,28.174444,27.100513,25.1003,22.105467,21.12357,18.181274,20.188416,20.016981,17.424414,22.367563,21.602127,25.045103,26.09307,29.795897,27.416958,24.069885,20.278639,19.703028,15.539229,14.222252,11.164862,10.845331,10.261754,15.191127
2,6.6086683,5.279433,0.0,5.515198,7.0050735,8.210473,11.829517,15.078284,18.195498,21.006313,24.216465,26.88197,30.145535,32.03315,27.07789,25.109877,22.701803,21.766628,18.078625,19.543083,17.169125,16.733782,19.677742,22.220352,22.786146,22.743212,24.726418,26.73818,27.312443,31.021393,29.312737,35.4095,33.205677,37.00704,33.45255,29.238497,30.807022,34.271095,29.909164,26.851997,30.910261,31.520712,26.914162,26.505754,31.290115,29.494514,24.626808,27.430214,30.870228,33.028454,33.92113,29.661297,35.745197,37.18706,35.157856,34.029045,31.240568,33.554974,37.87441,36.599117,33.77751,39.506863,41.711296,44.002014,39.985935,37.323616,41.165066,39.347107,34.932102,37.854046,38.74388,35.31555,33.22784,34.698574,32.960403,35.017345,31.257238,28.835094,28.628729,26.564726,24.09443,23.916954,20.233038,21.33542,20.111828,17.64188,21.386568,19.78018,22.802864,23.148672,26.648262,23.90255,20.918638,16.85022,17.30464,12.9847555,13.738209,11.531141,12.207251,13.165476,18.077517
3,9.606288,6.239704,5.515198,0.0,3.8219018,6.541317,8.644874,13.251856,15.128266,18.843876,21.610472,24.545576,27.357243,29.066288,23.973888,21.292727,19.051296,17.287376,14.482185,14.744435,12.7523985,13.206822,16.00176,17.875576,18.717112,18.994019,20.176592,22.633718,22.904524,26.97263,24.970568,31.374914,29.771202,33.10029,29.13201,25.125828,26.79161,29.755817,25.158312,22.325089,26.396978,26.395855,21.800655,21.72032,26.360449,24.110115,19.306885,22.60037,25.801144,28.12056,28.67662,24.335955,30.453588,31.8629,29.684202,28.51669,25.787092,28.131245,32.381287,31.224699,28.502737,34.178974,36.524,38.774998,34.893463,32.368713,36.26924,34.704685,30.05663,32.763496,34.030468,30.850904,28.338697,29.877428,27.803848,29.965246,26.30551,23.605562,23.568037,21.157164,18.833267,18.818596,14.929614,15.84026,14.739047,12.373773,16.51332,15.830271,19.217512,20.402788,24.221487,22.135588,18.476297,14.930562,13.741999,9.924732,8.483963,6.2386804,6.7996535,8.447349,13.110479
4,12.59679,9.235833,7.0050735,3.8219018,0.0,5.3359327,5.352263,10.415055,12.545993,15.910139,19.049696,21.641388,24.66565,26.155437,20.815882,18.70505,16.038885,14.912628,11.2261,12.689361,10.767221,10.899615,14.665243,15.807457,16.11784,15.925659,17.729395,19.787632,20.484055,24.21981,22.933437,29.01143,27.620485,31.254059,27.383965,23.428688,25.572823,28.649515,24.058764,21.36566,25.935198,25.904709,21.272291,21.838337,26.5582,24.277529,19.714476,23.61101,26.83524,28.933483,28.959541,25.222979,31.255466,32.24357,29.895763,28.272255,25.296185,27.268225,31.897057,30.9087,27.488085,33.15349,35.13341,37.663204,33.8312,30.913918,34.470966,32.58924,28.186039,31.056303,31.77924,28.357237,26.313454,27.81214,26.22901,28.39575,24.675652,22.355074,22.720066,20.781994,18.806137,19.627113,15.3287525,15.709355,13.961088,12.749926,15.522325,15.212131,18.277449,19.273802,23.062273,21.048965,17.355637,13.946343,12.643187,9.503724,7.9396496,7.668681,7.9458094,10.535055,14.466741
5,13.945654,11.8678665,8.210473,6.541317,5.3359327,0.0,6.0113616,7.5707865,10.329017,13.371836,16.189009,19.14331,22.186544,24.315226,19.904325,17.610058,15.909637,15.34974,12.9715605,15.113133,14.619398,15.361591,19.481129,19.419598,19.24273,18.187912,19.275623,20.657024,20.546627,24.140604,21.818275,27.746143,25.071306,28.98701,25.743109,21.39244,22.971111,26.78589,22.74385,19.529745,23.834623,25.187496,20.633884,20.307114,25.308481,24.506708,19.824823,22.614733,26.535479,27.939432,28.605078,25.90069,31.592175,32.241043,30.709156,29.619457,26.06618,28.541967,33.02289,30.97319,27.715584,33.59567,35.458576,37.62473,33.268867,30.422127,34.371338,32.35316,28.297537,31.95822,32.54968,28.895815,27.323128,29.781471,27.864916,30.787857,27.367205,24.637691,26.008669,23.259375,21.920807,22.783875,18.369705,17.780687,15.166801,12.873942,14.693917,12.378187,15.001272,15.189303,18.761396,16.298498,13.005008,9.140413,9.477679,5.6057773,8.994735,8.726131,10.915597,13.799307,17.70564
6,17.754461,14.541689,11.829517,8.644874,5.352263,6.0113616,0.0,6.1914897,7.56404,10.927875,14.060518,16.490501,19.46347,20.823353,15.48507,13.562458,10.872894,10.459631,6.9846516,9.935644,9.699777,10.512132,15.175982,14.0303755,13.44004,12.191979,13.789306,15.157006,15.780041,19.231596,18.200424,23.956379,22.64961,26.476868,22.780643,18.88562,21.45649,24.645102,20.234266,17.696524,22.697277,22.888004,18.366205,19.541252,24.251705,22.420391,18.298403,22.52615,25.853125,27.421476,26.931143,24.436272,30.083416,30.391605,28.199444,26.314651,22.83126,24.585175,29.491665,28.25494,24.154066,29.825891,31.36919,34.01904,30.094425,26.823193,30.1657,27.97614,23.930033,27.27969,27.478243,23.781002,22.34017,24.366915,23.023317,25.665485,22.167091,19.962845,21.518768,19.545061,18.530663,20.365097,15.711459,14.759469,11.852284,11.850109,12.26726,12.315078,14.7884,15.739148,19.440151,17.883293,14.07643,11.450655,9.45378,8.173379,7.092981,9.307645,10.066694,13.542994,16.240717
7,21.307693,18.95713,15.078284,13.251856,10.415055,7.5707865,6.1914897,0.0,4.635461,5.939202,9.412889,11.808981,15.223347,17.232357,13.103077,11.976339,10.469671,11.942227,9.994261,14.169742,15.191798,16.043766,20.948257,18.73014,17.362652,14.89771,16.093552,15.974105,15.970689,18.549463,17.061861,21.94237,19.126308,23.688341,21.065903,16.868637,19.16699,23.308456,19.814917,16.957651,21.83394,23.60696,19.439232,20.072695,24.871119,24.677328,20.836758,24.070368,27.954947,28.622461,28.458075,27.456678,32.54021,32.233612,30.83225,29.260696,25.179693,27.106607,31.938074,29.744827,25.435785,31.113796,32.162903,34.57265,30.194952,26.742882,30.111967,27.491205,24.28459,28.585403,28.100485,24.00854,23.701956,26.672255,25.456339,28.762941,25.693913,23.493582,26.130257,23.805468,23.529234,25.59682,20.926268,19.107735,15.413834,15.022951,13.387764,11.450108,12.487087,11.9289665,15.0243845,13.096309,10.124257,7.8691096,8.160639,8.155987,11.505178,13.682824,15.488658,19.042227,21.72754
8,24.023815,21.276756,18.195498,15.128266,12.545993,10.329017,7.56404,4.635461,0.0,4.813027,6.66878,9.674778,12.229965,14.12667,10.102694,7.6666083,7.13108,8.249951,8.848617,11.968502,14.328945,16.028742,20.583231,17.11651,15.657428,13.076937,12.848914,12.5981865,11.775449,14.636217,12.467164,17.681349,15.299226,19.50026,16.534126,12.405657,15.029544,18.863405,15.319433,12.69903,17.783743,19.333708,15.375728,16.511713,21.048052,20.980051,17.644564,21.065775,24.728638,25.14868,24.560081,24.297707,28.988562,28.31922,27.035511,25.461039,21.19185,23.097258,27.855165,25.486528,21.033407,26.664621,27.645056,29.985125,25.588202,22.119135,25.577717,23.056953,19.813087,24.305208,23.979124,19.991125,19.613203,23.097965,21.587833,25.293938,22.571875,20.166265,23.538305,20.898855,21.307335,23.755924,19.203365,16.604464,12.543024,12.912804,9.615892,8.646671,9.288907,9.713133,12.9895735,12.283738,8.704427,8.272351,6.051968,8.555061,10.490264,13.603049,15.3489,19.05167,20.756317
9,27.215185,24.74219,21.006313,18.843876,15.910139,13.371836,10.927875,5.939202,4.813027,0.0,4.2728195,5.8819313,9.483191,11.483424,8.355239,8.478182,8.247998,11.386728,11.265069,15.619388,17.859552,18.994076,23.834118,20.105762,18.05649,14.765868,15.280032,13.713286,13.344456,14.696018,13.686524,17.223505,14.180669,19.16606,17.309952,13.547122,16.271406,20.453283,17.792706,15.511733,20.34293,22.484034,19.022867,20.230173,24.495695,24.983015,22.048166,25.207052,28.901535,28.912691,28.200346,28.666174,33.01472,31.956446,30.858852,29.133335,24.774855,26.301046,31.099627,28.664822,23.82054,29.09819,29.460718,31.882282,27.531868,23.76357,26.63649,23.61289,21.340471,26.156696,24.872026,20.584427,21.42696,24.973814,24.175365,27.83946,25.32777,23.479816,27.118649,24.958601,25.571117,28.27554,23.726355,21.09154,17.007555,17.698805,13.822195,12.451779,11.848855,10.849122,12.94997,12.154842,10.047592,10.224053,10.051082,12.376133,15.1874485,18.179615,19.865017,23.562208,25.385736
10,30.11824,27.67892,24.216465,21.610472,19.049696,16.189009,14.060518,9.412889,6.66878,4.2728195,0.0,3.9397395,6.080138,8.892811,7.971876,7.1978583,9.182082,11.885016,13.866814,17.123533,20.15842,21.826916,26.35181,21.9516,19.940588,16.68907,15.866288,13.96168,12.412388,13.416085,11.128832,14.119767,10.084235,15.156581,13.874776,10.191818,12.643035,17.01891,15.147048,13.058852,17.423239,20.24662,17.39193,18.428316,22.27036,23.685707,21.310661,23.854822,27.513075,26.946814,26.238682,27.793644,31.50749,30.013573,29.471725,28.077011,23.515064,25.182856,29.626661,26.57169,21.911541,26.986027,27.156845,29.220514,24.659388,21.03254,24.067827,21.099834,19.298811,24.555948,23.326979,19.207975,20.343332,24.617249,23.469736,27.61245,25.606075,23.521769,27.824226,25.21805,26.41223,29.190605,24.854004,21.663864,17.466705,18.139761,13.189939,11.638439,9.838279,8.70692,10.045411,10.452368,8.886997,10.824034,10.269359,13.775269,16.77998,19.884369,21.82215,25.506086,26.836533
11,33.045403,30.538738,26.88197,24.545576,21.641388,19.14331,16.490501,11.808981,9.674778,5.8819313,3.9397395,0.0,4.162763,6.283488,6.5958176,8.486257,10.070586,13.787929,15.19623,19.055061,22.021702,23.336807,27.925705,23.22532,20.809004,17.191929,16.910746,14.134855,13.256536,12.850507,12.378242,13.547433,10.099731,15.424681,14.898671,12.152674,14.926396,18.848392,17.46532,16.013763,20.233088,22.742933,20.257698,21.790361,25.290344,26.524744,24.52918,27.352407,30.77335,30.131844,29.003536,30.861643,34.374573,32.624737,31.936924,30.201973,25.744955,26.874504,31.399027,28.704052,23.615002,28.228912,27.840145,30.127642,25.903873,21.993546,24.215956,20.847754,19.88223,25.078217,22.988928,18.733536,20.850838,24.89165,24.482687,28.388151,26.56193,25.071573,29.471893,27.451946,28.792402,31.880865,27.571224,24.402431,20.272436,21.581749,16.40375,15.50412,13.608195,12.335289,12.904368,13.445123,12.608906,14.412014,14.0968275,17.39311,19.930325,23.229977,24.86775,28.575996,29.78539
12,36.09317,33.493126,30.145535,27.357243,24.66565,22.186544,19.46347,15.223347,12.229965,9.483191,6.080138,4.162763,0.0,3.7034476,7.547002,8.671325,11.633661,14.750251,17.60029,20.50372,24.037428,25.743315,29.982784,24.714752,22.35463,18.891333,17.527357,14.524993,12.768158,11.687837,10.554716,10.228256,6.2995534,11.581255,11.886856,10.032513,12.614364,16.088215,15.652056,14.8479185,18.39925,21.081026,19.38099,21.023046,23.855247,25.653065,24.36547,26.812199,29.953903,28.861052,27.50358,30.336933,33.169853,30.983389,30.690477,29.142271,24.666624,25.699074,29.832222,26.807034,21.847618,25.996565,25.27564,27.279476,23.073826,19.277391,21.334955,17.99537,17.759192,23.183828,21.022047,17.07077,19.593176,24.138216,23.565182,27.754375,26.479948,24.947577,29.85588,27.642178,29.507462,32.70803,28.674593,25.11383,21.061855,22.59673,16.733368,16.253334,13.732418,12.838927,12.67794,14.3805065,13.859755,16.586592,15.683862,19.62356,21.797617,25.231653,26.894966,30.54977,31.226778
13,38.081593,35.207935,32.03315,29.066288,26.155437,24.315226,20.823353,17.232357,14.12667,11.483424,8.892811,6.283488,3.7034476,0.0,6.435969,9.035244,11.545039,14.947923,17.723957,20.556776,24.149975,25.719269,29.735891,24.082565,21.499178,17.980888,16.704992,13.131697,11.933508,9.53643,10.555219,8.610224,7.5957427,11.924733,12.070793,11.350313,14.514831,16.958246,16.498974,16.437727,20.056215,21.75372,20.354124,22.74952,25.208593,26.347353,25.509169,28.514399,31.220118,30.276413,28.28443,31.18111,33.848045,31.498358,30.841856,28.858053,24.628061,25.022314,29.219269,26.840824,21.440306,25.067446,23.87563,26.232716,22.571413,18.487404,19.624294,15.973944,16.364397,21.47678,18.599596,14.630032,17.93144,22.148808,22.242064,26.123121,25.09926,24.143719,29.108727,27.493816,29.558386,33.07213,29.195627,25.646027,21.79313,24.123394,18.097065,18.70943,16.50653,16.165617,16.241365,18.010803,17.151346,19.643433,18.152866,22.097918,23.210161,26.930447,28.174002,31.791187,32.082027
14,33.176632,30.001049,27.07789,23.973888,20.815882,19.904325,15.48507,13.103077,10.102694,8.355239,7.971876,6.5958176,7.547002,6.435969,0.0,5.4525824,5.6589847,9.873005,11.493643,14.87661,18.087204,19.404564,23.513748,18.098244,15.412665,11.746496,11.433846,7.9800186,8.281896,7.2369633,9.826945,11.269125,11.783127,15.882097,13.750953,11.956693,15.970136,18.363066,16.027243,15.562809,20.332731,20.785643,18.344637,21.310423,24.419493,24.028545,22.552534,26.654032,29.29921,29.242855,27.059513,28.429754,32.010464,30.29551,28.715845,26.19573,22.15111,22.408283,27.270992,25.817194,20.016506,24.31281,23.76785,26.74908,23.25538,18.925873,20.368109,16.88584,15.51973,20.047642,17.594477,13.160721,15.374959,18.770573,19.071161,22.49732,20.69291,19.884043,24.228245,23.08897,24.631256,28.21184,24.15777,21.050865,17.299799,20.16368,14.851706,16.43394,15.499114,15.905769,17.472319,18.361034,16.183006,17.493816,15.213245,18.580765,18.375547,22.268978,23.006063,26.590586,26.969746
15,30.704504,27.493776,25.109877,21.292727,18.70505,17.610058,13.562458,11.976339,7.6666083,8.478182,7.1978583,8.486257,8.671325,9.035244,5.4525824,0.0,4.4154916,6.15738,10.467834,12.036038,15.949515,18.139767,21.914293,16.484705,14.505217,11.60883,9.271741,7.419841,5.2229133,7.3093467,5.778338,10.418557,10.45723,13.868779,10.440445,7.722379,11.808545,14.18599,11.078614,10.305627,15.334348,15.733559,12.998202,15.879227,19.102844,18.862637,17.276855,21.205603,23.90862,23.86202,21.898703,23.262377,26.880087,25.30042,23.951185,21.876331,17.548187,18.545551,23.276958,21.219297,15.832391,20.80874,21.02486,23.638138,19.627966,15.628244,18.360872,15.544566,12.871163,17.738487,16.776762,12.731026,13.245546,17.469059,16.333658,20.438217,18.60227,16.713228,21.362339,19.167929,20.890318,24.211412,20.228052,16.721539,12.793568,15.376207,9.596727,11.701925,11.012139,12.503443,14.705331,15.973278,13.02335,14.656319,11.178824,15.119686,14.53388,18.433065,19.439045,22.973787,23.063246
16,28.49955,25.066374,22.701803,19.051296,16.038885,15.909637,10.872894,10.469671,7.13108,8.247998,9.182082,10.070586,11.633661,11.545039,5.6589847,4.4154916,0.0,4.7000327,6.4178886,9.356265,12.626406,14.311219,18.378529,13.2197275,10.937352,7.676854,7.204216,5.6525006,6.30225,8.515024,9.598628,13.94719,14.65022,18.179726,14.585434,11.989316,15.981101,18.20263,14.483306,13.562687,18.859348,18.42471,15.127576,18.257853,21.805273,20.344131,18.258865,23.00651,25.593922,26.221489,24.135674,24.2264,28.497765,27.397743,25.30405,22.704224,18.784712,19.379202,24.528826,23.449846,17.881433,22.852764,23.209642,26.273357,22.71922,18.65154,20.905005,18.074259,15.021145,19.001328,17.853626,13.695432,13.872071,16.850939,16.411772,19.729515,17.229698,15.861009,19.69337,18.320877,19.413862,22.84661,18.656824,15.792724,12.099125,15.20114,10.735075,13.287814,13.639712,15.033092,17.73632,18.178371,14.875509,15.306234,11.890264,14.780555,13.067196,17.07909,17.500967,21.028765,21.36334
17,26.892033,23.252115,21.766628,17.287376,14.912628,15.34974,10.459631,11.942227,8.249951,11.386728,11.885016,13.787929,14.750251,14.947923,9.873005,6.15738,4.7000327,0.0,6.557631,5.942352,10.13009,12.784868,16.101974,10.87648,9.562951,7.8319573,4.96793,6.350205,5.638343,9.936507,9.121765,15.003926,16.161516,18.697287,14.146687,11.5571995,15.194994,16.70077,12.132899,11.286739,16.52126,15.055865,11.389785,14.870979,18.337097,16.033878,13.856863,19.086035,21.360756,22.40379,20.216873,19.670536,24.173092,23.400492,21.045868,18.529043,14.675983,15.65519,20.794813,19.842505,14.674246,20.024542,21.120684,24.033401,20.489103,16.862268,19.786694,17.704119,13.513722,16.992737,17.214125,13.719587,12.086989,15.104896,13.516311,17.049753,14.388523,12.11805,15.971882,13.8848,15.070238,18.430754,14.3561535,11.198981,7.5335984,11.277286,7.147857,11.384294,12.6290655,15.154975,18.350271,18.988697,15.077914,15.393707,10.718938,13.547265,9.96992,14.1091175,14.282741,17.622139,17.316452
18,23.727243,19.99429,18.078625,14.482185,11.2261,12.9715605,6.9846516,9.994261,8.848617,11.265069,13.866814,15.19623,17.60029,17.723957,11.493643,10.467834,6.4178886,6.557631,0.0,6.0978255,7.2019143,8.172814,12.779067,9.157628,7.394321,5.2668376,7.9172883,8.994854,11.026383,13.91253,15.101251,20.106321,20.820297,24.248522,20.204199,17.318369,20.911282,23.064758,18.58488,17.242489,22.573322,21.378162,17.38893,20.274437,24.220238,21.412313,18.477356,23.862925,26.329966,27.891672,26.048328,24.184452,29.362947,29.14302,26.301872,23.46893,20.209332,20.807272,26.10292,25.921316,20.827503,25.935177,26.920822,30.15331,26.914898,23.173218,25.514505,23.117,19.294918,22.129244,21.657324,17.953115,16.868313,18.256578,17.908175,20.137802,16.70683,15.493229,17.538204,16.835405,16.616098,19.689735,15.306612,13.7725115,10.915788,13.875548,12.201073,14.876528,16.650928,18.21891,21.598118,21.114883,17.318327,16.158432,12.819986,13.757968,10.113046,13.742834,13.237574,16.53812,17.38929
19,24.023462,19.970505,19.543083,14.744435,12.689361,15.113133,9.935644,14.169742,11.968502,15.619388,17.123533,19.055061,20.50372,20.556776,14.87661,12.036038,9.356265,5.942352,6.0978255,0.0,4.5840864,7.78167,10.328513,5.8646336,6.046185,6.8733845,5.9182987,9.525615,10.489637,14.522563,14.6091795,20.415615,22.08123,24.328629,19.458397,17.083412,20.3559,21.36753,16.371996,15.572663,20.40664,17.7203,13.833815,17.236404,20.602345,16.48603,13.87544,19.936884,21.620192,23.723663,21.476707,18.819494,24.076414,24.20434,20.870789,17.934193,15.162026,15.80132,20.950361,21.351107,16.819223,21.86574,23.532007,26.634203,23.744852,20.563324,23.227427,21.671911,16.95178,18.843702,19.772863,16.957386,14.117936,15.178942,13.717323,15.8575,12.295299,10.196959,12.004456,10.767508,10.650601,13.983449,9.8433275,8.0795,6.1682773,10.546373,9.912659,14.462149,16.83677,19.565603,23.1704,23.256222,19.0249,18.23253,13.5641165,14.697688,8.294596,11.977786,10.678933,13.486276,12.771822
20,21.341297,17.110525,17.169125,12.7523985,10.767221,14.619398,9.699777,15.191798,14.328945,17.859552,20.15842,22.021702,24.037428,24.149975,18.087204,15.949515,12.626406,10.13009,7.2019143,4.5840864,0.0,3.590927,6.3873143,5.1286077,6.4178004,8.353906,9.817247,13.125734,14.837084,18.50695,19.085438,24.778545,26.212978,28.76414,23.98298,21.398508,24.556017,25.815742,20.7708,19.681408,24.454866,21.81813,17.797598,20.696781,24.241352,19.735811,16.692673,22.652035,24.291508,26.86032,24.934856,21.144835,26.809229,27.489445,23.848396,20.89866,18.751057,19.2736,24.228512,25.143509,20.994976,25.843653,27.634596,30.80309,28.121399,25.049809,27.549536,26.009964,21.335701,22.735016,23.6034,20.883533,18.084574,18.127258,17.176332,18.306746,14.383035,12.9461,12.761489,12.563108,10.966812,13.595013,9.575853,9.821559,9.233952,12.365668,13.598163,17.306173,20.096699,22.511375,26.28418,25.791405,21.556381,19.920229,15.904434,15.732269,8.948031,11.564428,9.253623,11.497548,11.440055
21,21.009966,16.812847,16.733782,13.206822,10.899615,15.361591,10.512132,16.043766,16.028742,18.994076,21.826916,23.336807,25.743315,25.719269,19.404564,18.139767,14.311219,12.784868,8.172814,7.78167,3.590927,0.0,5.159828,6.344063,7.188761,9.044812,12.156169,14.893051,17.306273,20.452675,21.831375,27.143234,28.562126,31.453762,26.861586,24.234272,27.541412,29.025871,24.05918,22.901182,27.813845,25.33942,21.314669,24.14337,27.797016,23.308817,20.227335,26.097057,27.788818,30.411505,28.518007,24.569874,30.273806,31.022846,27.258766,24.153322,22.195427,22.426132,27.407059,28.618004,24.30723,28.984331,30.565529,33.915894,31.376371,28.136023,30.296175,28.541319,24.129202,25.39256,25.781965,22.949446,20.601034,20.068857,19.842976,20.408934,16.404768,15.742749,14.891811,15.6309595,13.694618,16.027336,12.387913,13.260828,12.787361,15.535516,16.856903,20.07341,22.800735,24.826077,28.557915,27.738644,23.661018,21.646946,18.25492,17.58692,11.546773,13.637052,11.168743,13.012294,13.587604
22,22.68538,18.418095,19.677742,16.00176,14.665243,19.481129,15.175982,20.948257,20.583231,23.834118,26.35181,27.925705,29.982784,29.735891,23.513748,21.914293,18.378529,16.101974,12.779067,10.328513,6.3873143,5.159828,0.0,6.640915,9.048165,12.294753,14.448995,17.77552,20.10072,23.307796,24.757988,30.06555,32.223984,34.525578,29.596727,27.410408,30.608385,31.373363,26.29686,25.56973,30.06699,26.60872,22.951586,25.985966,29.062035,23.582304,21.003153,27.06374,27.944292,31.067211,28.85997,24.057747,29.634357,30.802708,26.491995,23.194004,22.235968,22.02411,26.560265,28.768215,25.007296,29.103361,30.964989,34.320347,32.395638,29.551153,31.459564,30.218111,25.580723,25.760626,26.765139,24.665075,21.57902,19.98282,19.75061,19.244295,15.288017,15.075233,12.383111,14.302068,11.684307,13.610419,11.275442,13.352387,14.431101,17.404058,19.535034,23.436518,26.376295,28.850994,32.652893,32.058792,27.826899,25.920198,22.10511,21.399797,14.401193,15.874314,12.630395,13.176022,12.384789
23,26.291075,22.014051,22.220352,17.875576,15.807457,19.419598,14.0303755,18.73014,17.11651,20.105762,21.9516,23.22532,24.714752,24.082565,18.098244,16.484705,13.2197275,10.87648,9.157628,5.8646336,5.1286077,6.344063,6.640915,0.0,3.1983805,6.9371076,8.090032,11.480343,13.905682,16.893925,18.871244,23.743032,26.589226,28.603266,23.69788,22.012386,25.54883,25.937094,21.063408,20.887594,25.511238,21.854076,18.543102,22.388697,25.170273,19.993368,18.135387,24.520933,25.394302,27.928009,25.05792,21.75834,26.800604,27.136848,22.979914,19.273699,17.716629,17.062263,22.088339,24.126696,19.5406,23.586452,25.013617,28.5714,26.660795,23.489553,25.087961,23.669024,19.20881,19.62417,20.25695,18.026325,15.131008,13.930742,13.912649,14.088908,10.090251,10.017133,9.607023,11.334219,10.606459,14.18755,11.222548,11.079133,11.080955,15.58146,15.56217,20.323038,22.65189,25.305521,28.833761,28.888794,24.727547,23.736464,19.32791,20.038124,13.22277,16.189226,13.814375,15.624887,14.157178
24,27.474186,23.293152,22.786146,18.717112,16.11784,19.24273,13.44004,17.362652,15.657428,18.05649,19.940588,20.809004,22.35463,21.499178,15.412665,14.505217,10.937352,9.562951,7.394321,6.046185,6.4178004,7.188761,9.048165,3.1983805,0.0,3.9045694,6.463143,9.017892,12.11872,14.563476,17.364933,21.749975,24.656687,26.964167,22.332731,20.69494,24.512455,25.139462,20.49123,20.348755,25.229233,22.018093,18.752407,22.740128,25.652401,21.079796,19.295584,25.567245,26.749466,28.88741,25.945967,23.468248,28.31103,28.229212,24.346367,20.590822,18.55543,17.775782,23.025002,24.72466,19.57183,23.647234,24.608044,28.320364,26.282785,22.731127,24.04828,22.192053,18.14675,19.067,18.884335,16.186377,14.144814,13.291828,13.934954,14.515563,10.76517,11.085633,11.924221,13.436771,13.319695,17.056108,13.783527,12.931438,11.948506,16.562521,15.429766,19.97765,21.901266,24.252562,27.58986,27.695107,23.727383,22.94127,18.763609,19.867125,13.904951,17.304384,15.417883,17.72411,16.750765
25,28.077034,24.103115,22.743212,18.994019,15.925659,18.187912,12.191979,14.89771,13.076937,14.765868,16.68907,17.191929,18.891333,17.980888,11.746496,11.60883,7.676854,7.8319573,5.2668376,6.8733845,8.353906,9.044812,12.294753,6.9371076,3.9045694,0.0,5.582259,6.4362054,10.042515,11.965758,15.253098,19.23949,21.755424,24.54954,20.334656,18.529446,22.549204,23.68244,19.34635,19.030676,24.168303,21.804977,18.502415,22.369091,25.543299,21.92589,20.028671,25.955996,27.640665,29.28047,26.509666,24.929937,29.62317,29.131533,25.755318,22.21243,19.501343,18.96752,24.347897,25.273012,19.689592,23.996489,24.542284,28.233,25.798597,21.88403,23.191856,20.80557,17.251465,19.150764,18.16317,14.758147,13.850154,14.080634,14.910818,16.342848,13.034517,13.11722,15.179958,15.90964,16.241829,19.978231,16.262304,14.702681,12.611286,16.94441,14.647997,18.614,20.042028,21.953455,25.052322,25.161339,21.466906,20.919603,17.135386,18.673796,14.041004,17.794188,16.618967,19.472576,19.138685
26,29.639776,25.676624,24.726418,20.176592,17.729395,19.275623,13.789306,16.093552,12.848914,15.280032,15.866288,16.910746,17.527357,16.704992,11.433846,9.271741,7.204216,4.96793,7.9172883,5.9182987,9.817247,12.156169,14.448995,8.090032,6.463143,5.582259,0.0,4.218428,5.844275,9.113185,11.040816,15.664475,18.800394,20.652948,15.91133,14.609226,18.506786,18.826786,14.403631,14.712887,19.492067,16.486092,13.60908,17.992441,20.588346,16.968075,15.810524,21.703417,23.02816,24.422623,21.282385,20.481615,24.664568,23.839693,20.657774,17.225851,14.205663,13.773073,19.15406,19.757017,14.110754,18.577185,19.365639,22.877739,20.337067,16.587576,18.34968,16.39587,12.184103,14.295166,14.241752,11.145451,9.0695915,10.695486,10.158275,12.8495,10.062379,8.998147,12.808095,12.331151,13.853675,17.842533,14.423182,11.696268,9.436321,14.421285,11.059909,16.116314,17.324797,19.9623,22.957933,23.815798,20.003244,20.307106,15.630211,18.139418,13.201171,17.21761,16.413534,19.261482,17.996613
27,32.161747,28.364424,26.73818,22.633718,19.787632,20.657024,15.157006,15.974105,12.5981865,13.713286,13.96168,14.134855,14.524993,13.131697,7.9800186,7.419841,5.6525006,6.350205,8.994854,9.525615,13.125734,14.893051,17.77552,11.480343,9.017892,6.4362054,4.218428,0.0,4.409612,5.6206427,9.718887,12.91704,16.364956,18.60506,14.530294,13.574819,17.830896,18.43064,14.772385,15.252449,20.071651,17.906652,15.470895,19.739342,22.279142,19.689428,18.789454,24.1773,25.77232,26.594748,23.44203,23.726076,27.453342,26.109522,23.399113,20.068857,16.767887,16.12472,21.343538,21.511047,15.423796,19.506151,19.46049,23.064882,20.464342,16.243061,17.3629,14.6514635,11.582049,14.520229,12.968519,9.024599,9.18429,11.47031,11.984991,14.841422,12.759101,12.418652,16.586802,16.30495,18.051752,22.040466,18.54833,15.648048,12.875655,17.38329,12.907316,17.154638,17.53676,19.582697,22.075974,23.126358,19.806156,20.56772,16.482817,19.484674,15.975683,20.108837,19.740065,22.852955,22.0022
28,32.50503,28.887037,27.312443,22.904524,20.484055,20.546627,15.780041,15.970689,11.775449,13.344456,12.412388,13.256536,12.768158,11.933508,8.281896,5.2229133,6.30225,5.638343,11.026383,10.489637,14.837084,17.306273,20.10072,13.905682,12.11872,10.042515,5.844275,4.409612,0.0,4.822394,5.4897895,9.995789,13.151549,14.868694,10.37907,9.467618,13.64197,14.038691,10.432758,11.174146,15.786045,13.949853,11.811696,16.032831,18.33828,16.61968,16.041744,20.8404,22.544323,22.892168,19.870213,21.115017,24.418144,22.749235,20.690855,17.951311,14.059601,14.13482,19.066133,18.132961,12.160085,16.726194,16.909546,20.040846,16.79184,12.629324,14.759341,12.267984,8.735288,12.901981,12.240246,8.4950075,8.104692,12.314101,11.244354,15.314494,13.805196,12.264884,17.302101,15.676829,17.974314,21.727219,18.315905,14.712016,11.5627985,15.610635,10.115235,14.422826,14.364223,16.776001,19.083576,20.678263,17.425735,18.895018,14.495018,18.199286,15.357654,19.436922,19.64608,22.816269,21.814344
29,36.553402,32.96312,31.021393,26.97263,24.21981,24.140604,19.231596,18.549463,14.636217,14.696018,13.416085,12.850507,11.687837,9.53643,7.2369633,7.3093467,8.515024,9.936507,13.91253,14.522563,18.50695,20.452675,23.307796,16.893925,14.563476,11.965758,9.113185,5.6206427,4.822394,0.0,7.231717,7.6679325,12.437865,14.092054,10.827916,11.227123,15.444813,15.57016,13.323836,14.584331,18.66067,17.18951,15.913483,20.048168,21.880754,20.646372,20.611992,25.106186,26.654917,26.617617,23.31577,25.354145,28.06417,25.934656,24.047892,21.126783,17.554256,16.839682,21.431103,20.780416,14.600551,17.951132,16.979912,20.334944,17.65332,13.160303,13.673038,10.290498,8.924733,13.046532,10.386363,5.992739,8.75072,12.62212,13.086108,16.638126,15.812889,15.420266,20.449242,19.658546,22.123457,26.068352,22.815744,19.343271,16.346636,20.388237,14.69821,18.339542,17.58071,19.31593,20.91346,22.750704,20.150686,21.965555,18.240944,22.074312,19.864622,23.97941,24.162481,27.376305,26.40044
30,34.355595,31.115784,29.312737,24.970568,22.933437,21.818275,18.200424,17.061861,12.467164,13.686524,11.128832,12.378242,10.554716,10.555219,9.826945,5.778338,9.598628,9.121765,15.101251,14.6091795,19.085438,21.831375,24.757988,18.871244,17.364933,15.253098,11.040816,9.718887,5.4897895,7.231717,0.0,6.901935,8.659836,9.771793,5.1511297,4.351014,8.475056,9.042422,6.5748568,7.6403017,11.537485,11.420415,10.205005,13.542496,15.443409,15.89573,15.733608,19.024035,21.078587,20.42029,17.915163,20.861177,23.332567,21.092651,20.332329,18.661196,14.247246,15.278863,19.305904,16.580376,11.344822,15.9509325,16.056957,18.228313,13.993485,10.080496,13.402403,11.098572,8.458851,13.931237,13.74547,10.600967,10.7483835,16.07867,14.052264,18.813541,17.99899,15.748482,21.17069,18.420044,21.051836,24.346718,21.067408,17.013271,13.613711,16.314587,9.9094715,12.873058,11.581441,13.913304,15.458025,17.88719,15.25586,17.837835,13.834149,18.278667,17.195683,20.92483,21.94658,25.158733,24.31948
31,40.78668,37.568146,35.4095,31.374914,29.01143,27.746143,23.956379,21.94237,17.681349,17.223505,14.119767,13.547433,10.228256,8.610224,11.269125,10.418557,13.94719,15.003926,20.106321,20.415615,24.778545,27.143234,30.06555,23.743032,21.749975,19.23949,15.664475,12.91704,9.995789,7.6679325,6.901935,0.0,7.345413,7.0264235,5.980976,8.683948,11.6030855,11.118346,11.641177,13.526268,15.82236,16.059586,16.317535,19.446768,20.308252,21.3911,22.13663,24.923412,26.554369,25.28674,22.392904,26.551105,27.968473,25.022152,24.65707,22.870487,18.99243,18.981667,22.309267,19.869867,14.736091,17.284895,15.7081585,17.774689,14.413481,10.408907,11.300933,7.981282,9.287817,14.507819,12.36,9.661616,12.62332,17.693556,17.002998,21.300497,21.41708,20.258818,25.856743,23.934181,26.912222,30.477842,27.449856,23.444048,20.277184,23.216057,16.802872,19.135725,17.046867,18.36282,18.62138,21.51992,19.997656,23.0596,19.935072,24.4521,23.8876,27.69851,28.647482,31.895359,30.92235
32,38.606888,35.975418,33.205677,29.771202,27.620485,25.071306,22.64961,19.126308,15.299226,14.180669,10.084235,10.099731,6.2995534,7.5957427,11.783127,10.45723,14.65022,16.161516,20.820297,22.08123,26.212978,28.562126,32.223984,26.589226,24.656687,21.755424,18.800394,16.364956,13.151549,12.437865,8.659836,7.345413,0.0,5.4527855,7.1350665,6.756903,8.094128,10.800354,12.036928,12.076527,14.106447,17.311325,16.84327,18.185646,19.94925,22.841686,22.492832,24.000404,26.758608,24.977507,23.60254,27.773693,29.579954,26.902084,27.420345,26.511686,22.051153,23.35216,26.650366,22.778904,18.59722,22.233763,21.492285,22.71342,18.224617,15.043538,17.633627,14.936857,15.164078,20.79655,19.450523,16.3709,18.439962,23.735964,22.304152,26.976818,26.404034,24.397627,29.802717,26.930628,29.39355,32.43777,28.902843,24.904652,21.139208,22.49477,16.209526,16.054579,12.951727,12.94403,12.127264,15.25999,14.8425455,18.503452,16.793667,21.315102,23.112144,26.434534,28.242796,31.685732,31.689781
33,42.014385,39.261295,37.00704,33.10029,31.254059,28.98701,26.476868,23.688341,19.50026,19.16606,15.156581,15.424681,11.581255,11.924733,15.882097,13.868779,18.179726,18.697287,24.248522,24.328629,28.76414,31.453762,34.525578,28.603266,26.964167,24.54954,20.652948,18.60506,14.868694,14.092054,9.771793,7.0264235,5.4527855,0.0,5.402709,8.0675535,8.023548,7.921077,11.14433,12.558635,12.782062,15.512867,16.541512,17.966238,18.302132,21.70322,22.503588,23.428087,25.441782,23.154102,21.391607,26.760489,27.431189,24.223272,25.328722,24.830399,20.710321,21.857595,24.223904,19.972383,16.572691,19.136623,18.115551,18.58818,14.221964,11.818162,14.344807,12.488324,13.581557,18.841745,18.092258,16.141417,17.916418,23.4313,21.582603,26.348082,26.535078,24.464548,30.122591,27.070423,30.052675,33.036144,30.082298,25.88034,22.61868,24.161728,17.892143,18.554756,15.572407,16.416672,15.4876795,19.130713,18.603962,22.459076,20.080679,24.744297,25.72643,28.992819,30.655367,33.83982,33.140644
34,38.263596,35.24216,33.45255,29.13201,27.383965,25.743109,22.780643,21.065903,16.534126,17.309952,13.874776,14.898671,11.886856,12.070793,13.750953,10.440445,14.585434,14.146687,20.204199,19.458397,23.98298,26.861586,29.596727,23.69788,22.332731,20.334656,15.91133,14.530294,10.37907,10.827916,5.1511297,5.980976,7.1350665,5.402709,0.0,4.5997233,6.3745484,5.2936153,6.3686256,8.478241,9.887471,11.004369,11.648106,14.040081,14.643119,16.867481,17.666231,19.503477,21.302889,19.659376,17.32631,22.005657,23.214365,20.296734,20.693897,19.841177,15.580801,16.801176,19.657562,15.794674,11.697994,15.215786,14.901003,16.030869,11.351336,8.160096,11.862887,10.155086,9.245686,14.743935,14.832008,12.734263,13.330492,18.968903,16.625683,21.53805,21.507393,19.170553,24.797848,21.668665,24.677292,27.713406,24.851912,20.637579,17.550697,19.56871,13.285614,15.264394,13.088052,15.110269,15.52926,18.79122,17.03867,20.400606,16.925322,21.56678,21.298603,24.69556,26.032438,29.096834,28.060802
35,34.108566,31.263474,29.238497,25.125828,23.428688,21.39244,18.88562,16.868637,12.405657,13.547122,10.191818,12.152674,10.032513,11.350313,11.956693,7.722379,11.989316,11.5571995,17.318369,17.083412,21.398508,24.234272,27.410408,22.012386,20.69494,18.529446,14.609226,13.574819,9.467618,11.227123,4.351014,8.683948,6.756903,8.0675535,4.5997233,0.0,4.3395615,6.9641767,5.757755,5.5224214,8.774339,11.204326,10.122269,11.818428,13.948087,16.263168,15.74156,17.63324,20.327085,19.015684,17.550364,21.109236,23.356348,21.07865,21.295858,20.536747,15.905452,17.851381,21.295694,17.303236,13.278772,17.98806,18.395815,19.705137,14.775029,11.719676,15.858362,13.959791,11.852323,17.357353,17.604986,14.7428,14.790649,20.222183,17.689901,22.614433,21.769077,18.99963,24.276329,20.776674,23.22048,26.02245,22.667671,18.570122,14.986292,16.280466,9.953557,10.955564,8.660615,10.725417,11.734236,14.641048,12.525442,15.80361,12.4494,17.120804,17.672468,20.937546,22.622808,25.85178,25.461267
36,35.24564,32.74516,30.807022,26.79161,25.572823,22.971111,21.45649,19.16699,15.029544,16.271406,12.643035,14.926396,12.614364,14.514831,15.970136,11.808545,15.981101,15.194994,20.911282,20.3559,24.556017,27.541412,30.608385,25.54883,24.512455,22.549204,18.506786,17.830896,13.64197,15.444813,8.475056,11.6030855,8.094128,8.023548,6.3745484,4.3395615,0.0,5.4134407,6.4911823,5.7645817,6.1983194,11.053538,10.813126,10.754709,12.327139,16.504232,16.16272,16.38087,19.302475,17.206362,16.690647,21.102737,22.698713,20.295128,21.567076,21.744589,17.191542,19.76577,22.39268,17.32077,14.745117,19.13712,19.836784,20.225687,14.9119,13.005302,17.684633,16.446062,14.680157,19.945215,20.794971,18.449207,18.191397,23.727343,20.669592,25.708393,25.074846,21.910707,27.092775,22.99108,25.434895,27.754562,24.65092,20.56049,17.226892,17.407356,11.771388,11.326356,8.418622,10.245431,10.36533,13.862035,12.487501,16.269247,13.54739,18.06527,19.589361,22.282494,24.392773,27.423037,27.112944
37,38.408337,35.60823,34.271095,29.755817,28.649515,26.78589,24.645102,23.308456,18.863405,20.453283,17.01891,18.848392,16.088215,16.958246,18.363066,14.18599,18.20263,16.70077,23.064758,21.36753,25.815742,29.025871,31.373363,25.937094,25.139462,23.68244,18.826786,18.43064,14.038691,15.57016,9.042422,11.118346,10.800354,7.921077,5.2936153,6.9641767,5.4134407,0.0,5.1681085,7.460551,5.7634745,8.089256,10.060953,11.099329,10.4884405,14.420407,15.749321,16.034586,17.644285,15.290329,13.589029,19.298557,19.685556,16.615751,18.167294,18.512524,14.387936,16.586285,18.344904,13.059516,11.076595,14.484563,15.15482,15.0155115,9.653993,8.5496435,13.549229,13.317291,11.762526,16.405363,18.018406,16.757984,16.02296,21.578539,18.184505,23.200521,23.351244,20.296595,25.69566,21.692904,24.751007,27.17151,24.781263,20.558054,17.960392,18.977224,13.507585,14.978317,12.922122,15.4388,15.745399,19.231453,17.55454,21.043331,17.497536,21.93817,21.84235,24.655087,26.251892,28.962746,27.703835
38,34.008636,30.983452,29.909164,25.158312,24.058764,22.74385,20.234266,19.814917,15.319433,17.792706,15.147048,17.46532,15.652056,16.498974,16.027243,11.078614,14.483306,12.132899,18.58488,16.371996,20.7708,24.05918,26.29686,21.063408,20.49123,19.34635,14.403631,14.772385,10.432758,13.323836,6.5748568,11.641177,12.036928,11.14433,6.3686256,5.757755,6.4911823,5.1681085,0.0,3.8185074,5.6558013,5.4530754,5.419586,8.022482,8.953882,10.8628,11.417998,13.305071,15.160919,13.989478,11.880862,15.873384,17.671505,15.352202,15.641529,15.339939,10.756988,13.321923,16.172405,11.732693,8.542969,13.632827,15.084425,15.995723,10.955391,8.871225,14.1100645,13.57421,10.115142,14.669103,16.695992,14.945583,13.127916,18.443758,14.740274,19.774101,19.294508,15.898179,21.117334,16.988422,19.832594,22.346241,19.723541,15.488804,12.805014,14.227873,8.673554,11.523733,10.55605,13.941922,15.543724,18.311913,15.567785,18.331568,13.9138365,18.178343,16.99996,19.975197,21.304848,24.021616,22.709944
39,30.961115,28.172827,26.851997,22.325089,21.36566,19.529745,17.696524,16.957651,12.69903,15.511733,13.058852,16.013763,14.8479185,16.437727,15.562809,10.305627,13.562687,11.286739,17.242489,15.572663,19.681408,22.901182,25.56973,20.887594,20.348755,19.030676,14.712887,15.252449,11.174146,14.584331,7.6403017,13.526268,12.076527,12.558635,8.478241,5.5224214,5.7645817,7.460551,3.8185074,0.0,5.393751,7.692105,5.535397,6.35315,9.288137,11.731474,10.662618,12.169923,15.152869,14.157428,13.324609,16.18974,18.875208,17.1921,17.534168,17.45523,12.788101,15.847622,18.989433,14.52269,11.758664,17.19731,18.832811,19.766447,14.682283,12.653155,17.76223,16.837034,13.311196,17.9509,19.69971,17.36659,15.642421,20.72138,17.117506,22.020603,20.911493,17.27468,22.057613,17.633152,19.845974,22.030712,18.932156,14.864538,11.677333,11.941035,6.422656,7.8269477,6.8649793,10.511071,12.576383,14.981012,12.004395,14.685302,10.414542,14.685407,14.5783615,17.299871,19.118715,21.993496,21.402683
