,0,1,2,3,4,5,6,7,8,9,10,11,12,13,14,15,16,17,18,19,20,21,22,23,24,25,26,27,28,29,30,31,32,33,34,35,36,37,38,39,40,41,42,43,44,45,46,47,48,49,50,51,52,53,54,55,56,57,58,59,60,61,62,63,64,65,66,67,68,69,70,71,72,73,74,75,76,77,78,79,80,81,82,83,84,85,86,87,88,89,90,91,92,93,94,95,96,97,98,99,100,101,102,103,104,105,106,107,108
0,0.0,4.408079,7.2000012,9.878142,13.0429,14.338153,17.954828,22.44535,23.791807,27.620813,31.513018,33.008488,27.673277,34.15489,31.247492,34.32035,34.347748,37.808533,38.211277,40.279377,42.39258,42.37257,45.02554,46.548935,46.369087,45.93403,43.23926,40.52096,39.897,37.010693,37.045666,32.998306,33.400486,27.84009,30.012918,26.535572,26.237087,29.853436,27.718246,29.054705,34.404842,36.33323,37.9286,40.55642,41.440193,43.75901,44.93229,47.975952,50.190838,47.970474,49.782406,47.21625,51.639175,49.998547,52.476955,50.167725,46.69225,45.803925,49.921356,45.690624,41.83952,42.705505,45.538074,47.021736,46.8158,40.827442,42.908043,45.97165,41.655685,42.659992,43.89899,47.980778,47.215443,46.22659,51.958015,48.227356,53.482693,51.902138,49.79077,50.866207,46.20051,46.247795,41.341602,38.171177,38.149784,38.54878,36.607285,38.36347,40.684162,38.594322,41.298515,38.97009,37.203182,35.54422,36.150043,31.266127,31.80943,30.731567,26.8727,30.379967,27.756279,26.85658,30.209791,28.748333,33.487686,33.20149,33.978092,36.023247,37.277355
1,4.408079,0.0,4.7651453,6.175788,9.08502,11.805023,14.11327,19.424786,20.537224,24.199205,28.299433,29.710052,23.957447,30.437616,27.39267,30.29523,30.405628,33.732048,34.45322,36.344532,38.687733,38.60233,41.435707,42.8385,42.484604,42.161488,39.304535,36.70106,35.960243,33.29629,33.33697,29.40417,30.101847,24.562454,27.191273,24.03303,24.029463,27.480349,24.885944,25.882967,31.34057,32.98469,34.500267,36.913464,37.8728,39.932995,41.254543,44.046635,46.311634,43.91416,45.679825,43.094196,47.529305,45.83982,48.43876,46.204857,42.66212,41.90253,45.94094,41.871357,38.03742,38.646427,41.347267,42.73212,42.551117,36.61057,38.56626,41.58838,37.247917,38.263523,39.537712,43.621346,42.924843,41.906433,47.6396,43.865646,49.119736,47.522434,45.44958,46.54197,41.923912,42.05945,37.170097,33.938633,33.85681,34.185116,32.339176,34.048515,36.51732,34.467533,37.272533,35.100037,33.54071,31.89219,32.747845,27.756186,28.099182,26.708902,22.84175,26.149134,23.52565,22.710527,25.933073,24.379332,29.123367,28.80793,29.632832,31.72178,33.095734
2,7.2000012,4.7651453,0.0,5.266058,7.0550127,8.103245,11.843296,16.009855,18.150515,21.368185,25.603237,27.726461,22.279036,29.21373,26.856943,29.956938,30.709652,34.213696,35.737675,37.500904,40.283722,40.26956,43.364544,44.377514,43.690483,43.381134,40.072086,37.496014,36.134052,33.91686,32.810863,29.570667,29.362858,23.973778,26.634789,22.99814,23.836609,27.43555,25.08823,26.217089,31.279032,33.30109,34.19704,36.76789,38.43651,40.02526,42.046894,44.59215,47.195618,44.538643,45.98689,43.076115,47.259583,45.10354,47.876247,45.979603,42.03735,41.04703,44.741817,40.480453,36.842823,37.71044,40.008,41.581623,40.90776,35.13876,37.687195,40.344395,36.383953,37.80566,39.246254,43.374893,43.148045,42.067192,47.763924,43.613064,48.688053,46.66757,44.336178,44.97113,40.423912,39.98098,35.03915,32.2175,32.737347,33.461445,31.986326,34.179012,37.20407,35.44142,38.527847,36.766323,35.607643,33.90693,35.019928,29.87872,29.599752,27.893528,23.381617,26.385193,23.005814,21.423576,24.519207,23.222681,27.71387,28.503052,29.216452,31.861792,33.22753
3,9.878142,6.175788,5.266058,0.0,3.7319753,6.9511228,8.196227,13.628087,14.380353,18.099918,22.151249,23.57983,17.901009,24.551704,21.914444,25.094933,25.700466,29.42628,30.808466,32.80273,35.52314,35.75238,38.779835,39.59498,38.957153,38.463886,35.1673,32.45496,31.139524,28.762186,27.830357,24.379772,24.44491,18.984121,21.797726,18.592474,19.253962,22.655386,20.0069,20.998945,26.173018,28.07248,29.111582,31.667574,33.22643,34.964466,36.906002,39.63661,42.27759,39.80649,41.247433,38.331154,42.52647,40.559147,43.132637,41.078487,37.297028,36.301098,40.231743,35.984592,32.213318,33.11945,35.834034,37.499302,37.1777,31.123184,33.628555,36.81252,32.940292,34.14172,36.011387,40.051476,39.71138,38.248726,43.874233,39.629147,44.65394,42.787045,40.40315,41.3937,36.58469,36.57596,31.683884,28.501503,28.652117,29.444214,27.534252,30.047827,32.81743,31.283337,34.42505,32.79078,31.514406,29.544012,30.471642,25.275446,24.711357,23.371641,18.469105,21.849178,18.474117,17.131666,20.656912,19.616125,24.719646,24.950188,26.354895,28.706446,30.71382
4,13.0429,9.08502,7.0550127,3.7319753,0.0,6.258986,5.1480527,11.3028345,12.431983,15.473822,19.904112,21.666267,15.633047,22.505262,20.084421,23.06576,24.085375,27.611269,29.69682,31.349026,34.462284,34.57679,37.861874,38.460827,37.51317,37.20269,33.595604,31.093664,29.406565,27.544205,26.134857,23.221424,23.225086,18.017973,21.315573,18.358315,19.722778,22.867018,19.948238,20.556479,25.523222,27.211632,27.86483,30.191116,32.109596,33.316135,35.68072,37.966515,40.749603,37.96032,39.230614,36.191776,40.29267,38.058784,40.88048,39.07864,35.047268,34.125603,37.76764,33.647953,30.016941,30.690052,32.98045,34.57568,34.011368,28.140093,30.740381,33.607536,29.835663,31.26133,33.13172,37.194836,37.132267,35.713757,41.32084,36.9288,41.8899,39.816742,37.396595,38.153667,33.48365,33.25854,28.338476,25.316652,25.731558,26.58673,25.065498,27.634054,30.838638,29.425331,32.731754,31.414537,30.564526,28.701782,30.018795,24.81913,23.870369,21.968761,16.98956,19.777443,16.05899,14.372646,17.552427,16.46179,21.340565,22.16128,23.428106,26.109491,28.094671
5,14.338153,11.805023,8.103245,6.9511228,6.258986,0.0,7.1853004,8.289043,11.009523,14.109671,18.014755,20.642216,16.201725,23.31646,22.164555,25.765974,27.36597,31.476881,33.843193,35.810913,38.97566,39.470505,42.69233,42.86475,41.846207,41.212383,37.36149,34.61107,32.365166,30.594154,27.667856,25.456356,23.636446,18.707432,21.071682,16.96068,18.993088,22.546347,20.768667,22.18173,26.312088,29.0336,29.019491,31.978756,34.66378,35.803955,38.77667,41.31525,44.467842,41.833694,42.730934,39.31352,42.971912,40.33572,42.967667,41.413033,37.118332,35.589947,39.00633,34.31889,30.911627,32.56264,34.816875,36.951435,35.896233,30.08481,33.73669,36.518414,33.505863,35.26247,37.57198,41.555267,41.900692,40.192886,45.61319,40.780247,45.37332,42.881794,40.003525,40.32641,35.5314,34.600082,29.716042,27.256645,28.400784,30.009474,28.519669,31.998957,35.375935,34.431908,37.8905,36.87723,36.0436,33.93083,34.974007,29.765738,28.303982,26.919523,21.117666,24.087418,19.602428,16.913132,20.331717,20.119467,24.809933,26.71939,28.182274,31.184954,33.325974
6,17.954828,14.11327,11.843296,8.196227,5.1480527,7.1853004,0.0,7.465287,7.867672,10.485217,14.993413,16.825348,10.763278,17.825373,16.034447,19.170725,20.83833,24.608881,27.440592,29.06683,32.513683,32.894093,36.305122,36.326397,35.084965,34.655838,30.650766,28.152473,25.838913,24.461815,21.932034,19.81398,19.125883,14.3592,17.911215,15.265339,17.489326,20.233938,17.327961,17.718573,22.070034,23.871096,23.901388,26.24549,28.81368,29.541887,32.56334,34.652943,37.77349,34.903107,35.80984,32.465786,36.266014,33.726322,36.552418,34.99189,30.708149,29.576288,33.023514,28.780415,25.270306,26.181847,28.377209,30.242525,29.50087,23.571205,26.767168,29.728508,26.534483,28.156906,30.60622,34.54137,34.857796,33.03457,38.437016,33.626175,38.28944,35.94283,33.2226,33.845516,29.02009,28.624609,23.719728,20.791033,21.525639,22.911982,21.441555,24.828812,28.32088,27.487476,31.030102,30.303627,29.800066,27.745628,29.131899,24.0185,22.198252,20.34287,14.623277,17.080862,12.543257,10.004646,13.389446,13.073234,18.144602,19.67558,21.513853,24.37953,26.923613
7,22.44535,19.424786,16.009855,13.628087,11.3028345,8.289043,7.465287,0.0,5.3271995,6.291364,10.215777,13.804915,10.595535,17.424217,17.875994,21.439447,24.069431,28.251833,31.75823,33.510056,37.14381,37.93014,41.323326,40.65851,39.16147,38.440685,34.043983,31.46046,28.249416,27.437607,22.61882,22.062698,18.869497,15.243459,17.652082,14.112353,17.713337,20.418959,18.910822,19.938408,22.681952,25.545527,24.347773,27.241692,31.0077,31.214327,35.24782,37.291077,40.911556,38.11942,38.387455,34.549694,37.57099,34.36726,37.02844,36.02235,31.32252,29.435797,32.261776,27.421642,24.454725,26.552185,28.33361,30.87504,29.333906,23.803352,28.44513,31.037296,29.123583,31.233957,34.24007,37.935654,38.93097,36.760498,41.73738,36.36578,40.351,37.37576,34.05732,33.95161,29.131943,27.643505,22.943596,21.06406,22.984482,25.423962,24.308638,28.79151,32.58619,32.480583,36.178722,36.043503,35.80383,33.5652,34.790718,29.853683,27.299921,25.880375,19.615242,21.712303,16.513657,12.76685,15.70048,16.734613,20.90888,24.068771,26.040283,29.291122,31.981068
8,23.791807,20.537224,18.150515,14.380353,12.431983,11.009523,7.867672,5.3271995,0.0,4.930025,7.8498645,9.677081,6.1392627,12.821497,13.1576395,17.09808,19.593979,24.194145,27.387081,29.50833,32.92369,34.06224,37.24488,36.355865,35.00547,33.981083,29.682217,26.858934,23.695894,22.60442,17.726501,16.99118,13.643645,9.949496,12.486137,9.583767,13.272174,15.531991,13.848741,14.781364,17.359392,20.294437,19.17922,22.255579,25.961006,26.474583,30.392664,32.817295,36.470123,34.038403,34.31759,30.484861,33.532024,30.66344,32.951355,31.634396,27.195005,25.198002,28.538567,23.563337,20.253988,22.647953,25.28609,28.021276,27.119886,21.062338,25.646313,29.107372,27.30297,28.99977,32.505676,36.02403,36.757713,34.13091,38.966103,33.57059,37.484978,34.81544,31.454494,31.968987,26.72136,26.025698,21.469854,18.93831,20.171736,22.745882,20.872707,25.852942,29.13274,29.350134,32.99694,32.97037,32.520756,30.001682,30.872522,26.097511,23.196888,22.483065,15.8500805,18.39029,13.269558,9.802754,13.5534315,15.180432,20.077234,22.198036,25.017498,27.694721,31.036612
9,27.620813,24.199205,21.368185,18.099918,15.473822,14.109671,10.485217,6.291364,4.930025,0.0,4.9647055,8.544641,6.341501,12.044055,13.699173,16.944803,20.201534,24.274672,28.431583,30.010122,33.838093,34.8535,38.25261,37.003555,35.231735,34.43692,29.780436,27.37656,23.59653,23.520458,17.606249,18.341959,14.655111,12.532375,15.113538,13.144123,17.221405,18.801714,17.19941,17.539062,19.151463,21.66926,19.708757,22.29696,26.655762,26.179956,30.818441,32.483646,36.34453,33.541645,33.406483,29.365667,31.975006,28.54294,31.152346,30.425652,25.56814,23.531471,26.092567,21.250177,18.491285,20.760336,22.437399,25.255793,23.698704,18.180363,23.37278,26.162008,25.04629,27.159452,30.764055,34.12697,35.405224,32.801876,37.36665,31.72448,35.262104,32.14381,28.580002,28.497875,23.507826,22.084454,17.59337,15.806833,17.954664,20.959583,19.914104,25.084654,28.892931,29.451736,33.18788,33.67732,33.797802,31.493092,32.759026,28.239735,24.991259,23.722208,17.568659,18.879198,13.674274,9.698689,12.005316,14.193877,17.973928,21.353844,23.939388,26.96151,30.1994
10,31.513018,28.299433,25.603237,22.151249,19.904112,18.014755,14.993413,10.215777,7.8498645,4.9647055,0.0,5.111738,7.871211,10.683215,14.034656,17.287416,20.763834,25.053896,29.181902,31.006989,34.6572,36.101463,39.259186,37.499424,35.726486,34.571907,29.909212,27.404728,23.270214,23.42237,16.24427,18.101929,12.836364,12.434337,13.755149,12.398369,16.754652,17.60973,16.99476,17.50786,17.549088,20.581335,17.81552,20.714209,25.681067,25.032553,30.104986,31.931068,36.02213,33.61075,33.071194,28.847492,30.823915,27.282612,29.381233,28.861732,24.080944,21.441093,23.784708,18.498407,16.133377,19.535446,21.477543,24.830282,23.289577,18.039637,23.853865,26.914476,26.743196,28.733309,32.84843,35.844856,37.277245,34.241653,38.32217,32.495792,35.432125,32.231464,28.353348,28.259768,23.155909,21.655493,17.819265,16.499002,18.71938,22.254335,20.970007,26.768408,30.208101,31.34763,35.003242,35.839134,35.94109,33.434822,34.355316,30.172825,26.513,25.955122,19.785427,21.079676,16.22204,12.668361,14.689517,17.532003,20.953335,24.1734,27.194735,29.903759,33.49629
11,33.008488,29.710052,27.726461,23.57983,21.666267,20.642216,16.825348,13.804915,9.677081,8.544641,5.111738,0.0,7.1323705,6.703654,10.751963,14.059798,17.317408,21.885872,25.589191,27.763062,31.088896,32.912544,35.77316,33.745575,32.14658,30.646118,26.157661,23.443195,19.350164,19.315838,11.745755,13.9783945,8.040789,9.219458,10.002082,10.491793,14.319593,14.130741,13.616261,13.795128,12.816587,15.8744545,12.854268,16.002426,21.054594,20.67482,25.675615,27.912987,32.02966,30.087303,29.521591,25.337524,27.253092,24.156778,25.716469,24.829565,20.416046,17.549688,20.576591,15.071193,12.24457,16.277971,19.361557,22.897709,22.21945,16.569952,22.084127,26.055506,26.011366,27.475702,31.99035,34.729687,35.84779,32.39324,36.22731,30.486242,33.269894,30.485386,26.641647,27.304815,21.8438,21.414156,18.001368,16.005274,17.231007,20.773956,18.692438,24.843475,27.58638,29.090845,32.58284,33.538364,33.441742,30.723864,31.245914,27.431808,23.502436,23.747972,17.732843,19.212286,15.010503,12.384422,14.631026,17.754747,21.535908,23.543297,27.21811,29.26871,33.35122
12,27.673277,23.957447,22.279036,17.901009,15.633047,16.201725,10.763278,10.595535,6.1392627,6.341501,7.871211,7.1323705,0.0,7.231493,7.494683,11.154769,14.08293,18.540756,22.27558,24.17073,27.778461,29.016045,32.24363,30.979094,29.410072,28.42252,23.928505,21.29166,17.801123,17.284164,12.127695,12.093475,9.671211,7.272873,10.946948,10.832429,14.036132,14.85006,12.254896,11.791253,13.85621,15.710475,14.329656,16.76759,20.633726,20.620214,24.81531,26.868792,30.610182,28.094997,28.238169,24.361105,27.415531,24.636335,26.969858,25.622667,21.168106,19.409418,22.925629,18.276825,14.739708,16.637611,19.581009,22.272924,21.868256,15.508794,19.911516,23.892723,22.32264,23.753832,27.694086,30.952034,31.679798,28.707253,33.308033,27.847347,31.630035,29.122412,25.791803,26.760708,21.304012,21.380293,17.027878,13.895605,14.525835,17.239267,15.084699,20.51423,23.668137,24.357216,28.002253,28.449137,28.310448,25.786335,26.783438,22.434679,18.950796,18.257252,11.941406,13.659089,8.758026,5.674805,9.14866,11.613267,16.437305,17.927294,21.417778,23.620657,27.494772
13,34.15489,30.437616,29.21373,24.551704,22.505262,23.31646,17.825373,17.424217,12.821497,12.044055,10.683215,6.703654,7.231493,0.0,5.308345,7.5987353,11.01924,15.322128,19.296972,21.246792,24.657011,26.481342,29.356258,27.19174,25.48189,24.08184,19.497725,16.942747,12.714747,13.156602,5.7030463,8.729,5.8878946,8.320891,10.574513,13.332551,15.8138,14.700371,12.630982,11.095956,10.284011,11.16713,8.372943,10.340524,15.20674,14.442195,19.441471,21.390497,25.461151,23.413378,22.990648,18.894651,21.297432,18.655663,20.359259,19.020912,14.699824,12.477807,16.389402,11.635086,7.7853703,10.59299,14.699299,17.873592,18.295952,12.0857,16.586002,21.41908,21.084984,21.975622,26.700886,29.226368,30.014807,26.320087,30.07342,24.504166,27.472265,25.190954,21.665586,23.264025,17.559336,18.661152,15.487483,12.3756895,12.086177,15.2898,12.563103,18.820377,21.130278,22.92242,26.287876,27.50136,27.577963,24.926617,25.555155,22.230787,18.01899,18.341663,13.2919445,13.92906,10.967693,10.004057,11.432436,14.58412,18.226526,18.818571,23.008772,24.318935,28.781317
14,31.247492,27.39267,26.856943,21.914444,20.084421,22.164555,16.034447,17.875994,13.1576395,13.699173,14.034656,10.751963,7.494683,5.308345,0.0,4.439045,6.8602037,11.778501,15.173373,17.359352,20.719788,22.34818,25.318611,23.74522,22.305054,21.055376,16.684517,13.851032,10.574025,9.824054,6.2360616,5.3397136,7.280168,7.0897346,10.753394,13.6454735,15.068465,14.227825,10.701757,8.231913,9.932526,9.458183,8.984501,10.309185,13.389013,13.66118,17.382318,19.710327,23.345665,21.214596,21.584232,17.965998,21.454966,19.648386,21.527557,19.440405,15.724928,14.606817,19.119051,15.359649,11.287423,12.048039,16.493214,18.791195,19.958942,13.417415,16.1822,21.470566,19.785582,20.177935,24.533007,27.335701,27.460844,23.946941,28.244904,23.12185,26.90081,25.246101,22.338528,24.587738,18.974634,20.926426,17.420404,13.370788,11.742542,13.759866,10.08429,15.7261715,17.676125,18.903456,22.279879,22.999159,22.741955,20.00314,20.660799,17.04411,12.949125,13.307727,8.111596,9.373639,7.091757,7.839084,9.923552,12.189967,16.718153,15.684622,20.11321,20.964428,25.531147
15,34.32035,30.29523,29.956938,25.094933,23.06576,25.765974,19.170725,21.439447,17.09808,16.944803,17.287416,14.059798,11.154769,7.5987353,4.439045,0.0,4.1127152,7.845366,12.36396,13.81566,17.55355,19.04781,22.168419,20.297081,18.484177,17.539417,12.849108,10.597836,6.9149814,7.7405367,6.1629405,6.5005336,10.514423,11.413383,14.718775,18.022505,19.198183,17.956964,14.397691,11.39893,12.411166,10.053294,9.760853,8.997591,11.461477,10.624292,14.452733,15.865695,19.505568,16.99319,17.331396,13.762451,17.56155,16.016388,18.16486,16.029291,12.440208,12.284244,16.70823,14.133259,10.408847,9.155121,13.60396,15.321841,17.220098,11.045148,12.464161,18.151255,16.525541,16.462545,21.015415,23.501377,23.562473,19.826504,23.918879,18.865915,22.642721,21.291555,18.690928,21.470705,16.04886,18.937735,16.01786,11.780334,8.920234,10.330323,6.1947055,11.959174,13.690758,15.433482,18.724821,19.991745,20.242575,17.768103,18.789549,15.942673,11.660157,11.603229,8.71401,7.7290993,7.780099,9.841927,10.032177,12.04119,15.422782,13.482188,18.122126,18.344513,23.123507
16,34.347748,30.405628,30.709652,25.700466,24.085375,27.36597,20.83833,24.069431,19.593979,20.201534,20.763834,17.317408,14.08293,11.01924,6.8602037,4.1127152,0.0,5.446167,8.46054,10.591998,13.898318,15.617436,18.523752,16.92204,15.551258,14.403178,10.203899,7.434926,5.581155,4.561165,8.081407,5.866404,12.252487,12.696342,15.753366,19.408758,19.666365,18.205217,14.334867,10.944607,12.578693,9.007843,10.497881,9.176558,9.349228,9.8615265,11.914396,14.040464,17.169306,15.125049,16.1813,13.363735,17.729599,17.324175,18.972403,16.12102,13.74402,14.204621,18.961819,17.012676,13.39229,11.744544,16.4331,17.556044,20.1528,14.44286,14.370116,20.245674,18.009197,17.203781,21.381695,23.72883,23.052683,19.321095,23.42487,19.08375,23.098808,22.561811,20.577536,23.945501,18.854706,22.33593,19.662062,15.349569,11.887508,12.088018,7.4697757,11.515214,11.777917,13.308872,16.265778,17.183037,16.939997,14.221034,14.857235,12.349643,7.967456,9.068783,7.7655864,7.230986,9.32794,12.366275,12.922706,14.103332,17.637632,14.135076,18.812712,18.195715,23.04118
17,37.808533,33.732048,34.213696,29.42628,27.611269,31.476881,24.608881,28.251833,24.194145,24.274672,25.053896,21.885872,18.540756,15.322128,11.778501,7.845366,5.446167,0.0,6.3897924,6.1527944,10.376126,11.485305,14.789866,13.024833,10.987172,10.803118,6.32195,5.6979394,5.540711,7.07766,12.118373,11.13218,17.364868,18.082504,21.169266,24.813704,25.072453,23.559723,19.690664,16.26271,17.595005,13.332365,14.712623,11.947825,10.7368965,9.818944,10.702572,10.784045,13.351429,10.428175,11.9829445,10.003348,14.987328,15.363578,17.342182,14.556477,13.016798,14.926955,18.909674,18.578028,15.756749,12.199922,15.769167,15.638081,19.004478,14.554643,12.0700445,17.747013,15.258801,13.553105,17.467669,19.320148,18.25164,14.386422,18.307968,14.548468,18.774519,19.002922,17.907555,21.856482,17.582403,21.91333,19.982744,15.906453,11.657911,10.249869,6.3977833,7.6352863,6.5346513,8.859748,11.512202,13.266545,13.922214,11.923756,13.347683,12.347511,8.803815,8.667391,11.053018,8.224858,12.263617,15.757352,14.89087,15.432215,17.399984,12.729052,17.09712,15.420703,20.247677
18,38.211277,34.45322,35.737675,30.808466,29.69682,33.843193,27.440592,31.75823,27.387081,28.431583,29.181902,25.589191,22.27558,19.296972,15.173373,12.36396,8.46054,6.3897924,0.0,4.4898744,5.6809015,8.068936,10.257884,9.178627,8.936772,7.7336287,6.244722,4.7082434,8.783231,7.074902,15.239156,12.408475,19.535751,19.893646,22.342178,26.27572,25.422821,23.643461,19.870909,16.49667,18.13261,13.358123,16.363914,13.861893,9.974213,11.710054,9.022702,11.156617,12.216365,11.356912,13.94532,13.483595,18.196278,19.921272,20.748709,17.169254,17.254387,19.001537,23.450607,23.094448,20.131142,17.435863,21.644835,21.538523,25.195742,20.785353,18.28385,23.832384,21.072725,18.928871,22.046486,23.612803,21.572155,18.095627,21.502457,19.131392,23.057753,24.201553,23.592945,27.844019,23.753036,28.212025,26.2918,22.138128,17.98073,16.513403,12.649759,12.640161,9.276179,10.423057,11.587749,12.1229105,11.153633,8.5094595,8.19567,8.867184,6.443035,9.2815485,12.850652,11.914944,16.196238,19.915842,20.071938,20.248531,22.932306,17.473036,21.526377,19.196115,23.681894
19,40.279377,36.344532,37.500904,32.80273,31.349026,35.810913,29.06683,33.510056,29.50833,30.010122,31.006989,27.763062,24.17073,21.246792,17.359352,13.81566,10.591998,6.1527944,4.4898744,0.0,4.7523637,5.375631,8.734172,7.6866775,6.2020307,6.983641,5.462243,6.7569265,10.093789,10.380794,17.535639,15.65938,22.534916,22.963861,25.809631,29.56373,29.130785,27.520962,23.607388,20.181494,21.79076,17.023235,19.358822,16.309128,12.992424,13.063836,10.779612,10.403209,10.8316765,8.660959,11.705404,12.000392,16.885895,18.761036,20.1158,16.983902,17.156395,19.65409,23.373486,23.878927,21.355915,17.59312,20.75452,19.83274,23.674934,20.126265,16.35796,21.333494,18.388474,15.77861,18.427431,19.643873,17.34405,13.978558,17.305746,15.532477,19.643148,21.220964,21.269642,25.640701,22.227526,26.964504,25.43574,21.52336,17.165262,14.848272,11.95319,9.95593,5.4287148,6.921059,7.5775175,9.157207,9.58315,8.181009,9.462022,10.880605,9.244575,9.780367,14.757104,12.323404,17.21262,21.059397,20.264324,20.09988,21.669073,15.827879,19.42073,16.50087,20.786175
20,42.39258,38.687733,40.283722,35.52314,34.462284,38.97566,32.513683,37.14381,32.92369,33.838093,34.6572,31.088896,27.778461,24.657011,20.719788,17.55355,13.898318,10.376126,5.6809015,4.7523637,0.0,3.7364736,4.7301855,4.1622677,5.21301,5.195905,7.355536,8.459777,13.029827,12.325627,20.381145,18.007048,25.05149,25.568926,27.913069,31.907463,30.874262,29.004118,25.344143,22.02726,23.42603,18.453552,21.403458,18.367044,13.791416,14.964485,10.6701975,11.168067,10.08027,10.025302,13.3591585,14.667501,19.006884,21.76297,22.278736,18.779207,20.059942,22.500439,26.355433,27.02921,24.572975,21.211824,24.731134,23.85032,27.926558,24.51377,20.790707,25.72995,22.964418,20.174637,22.436728,23.242508,20.483648,17.431105,19.893028,19.131498,22.641975,24.820576,25.15033,29.720995,26.46616,31.35279,29.99497,26.099213,21.745527,19.56373,16.536945,14.613501,9.734188,10.587234,9.764608,10.4442425,9.700123,8.436856,7.9884763,11.437004,10.958559,12.914979,17.929323,16.377977,21.17073,25.036133,24.679886,24.501474,26.339743,20.333473,23.738281,20.550888,24.500332
21,42.37257,38.60233,40.26956,35.75238,34.57679,39.470505,32.894093,37.93014,34.06224,34.8535,36.101463,32.912544,29.016045,26.481342,22.34818,19.04781,15.617436,11.485305,8.068936,5.375631,3.7364736,0.0,4.18121,5.8714304,6.1394916,7.988612,9.581988,11.248472,15.265805,14.984919,22.703121,20.321865,27.413797,27.49745,30.257475,33.927616,33.066257,31.525364,27.586939,24.273369,26.20138,21.38029,24.183475,21.174807,17.073776,17.6935,14.026776,13.460381,12.067528,10.965496,14.488974,16.081541,20.54816,23.09469,24.151802,21.00708,21.957945,24.665268,28.183306,29.06532,26.653584,22.820103,25.678207,24.329939,28.277449,25.189981,20.859896,25.209757,21.911901,18.940931,20.40915,21.183622,17.995522,15.563366,18.24943,18.189594,22.070961,24.446463,25.233337,29.684473,26.847734,31.690456,30.30338,26.47092,22.122576,19.372696,16.97665,13.693072,8.721746,8.5316725,6.7223415,7.198954,7.1339583,7.173375,8.134972,11.714015,12.053382,12.653332,18.630495,16.508148,21.639381,25.629293,24.88538,24.236078,25.562769,19.198408,22.033838,18.442783,21.959366
22,45.02554,41.435707,43.364544,38.779835,37.861874,42.69233,36.305122,41.323326,37.24488,38.25261,39.259186,35.77316,32.24363,29.356258,25.318611,22.168419,18.523752,14.789866,10.257884,8.734172,4.7301855,4.18121,0.0,4.575057,6.96065,8.040792,11.5235815,13.109648,17.67088,16.997816,25.107605,22.609333,29.704775,30.028463,32.362476,36.270573,35.017696,33.216137,29.55441,26.326868,27.89752,22.948092,26.036798,22.966312,18.148989,19.314308,14.525279,14.387552,11.980707,12.501634,15.962757,18.177914,22.138338,25.326933,25.71332,22.362082,24.142088,26.82291,30.379553,31.462654,29.17227,25.593628,28.72165,27.430305,31.596052,28.651758,24.377628,28.79055,25.8307,22.764711,24.171597,24.555103,21.227768,18.896938,20.719624,21.277094,24.52933,27.319214,28.259466,32.881866,30.152096,35.15135,33.9777,30.184982,25.805893,23.23521,20.668633,17.740501,12.618235,12.688234,10.486996,10.573551,9.716093,9.795716,9.199415,13.859579,14.630827,16.192701,21.863054,20.25241,25.255497,29.218512,28.731466,28.213486,29.699163,23.366282,26.193632,22.53899,25.87186
23,46.548935,42.8385,44.377514,39.59498,38.460827,42.86475,36.326397,40.65851,36.355865,37.003555,37.499424,33.745575,30.979094,27.19174,23.74522,20.297081,16.92204,13.024833,9.178627,7.6866775,4.1622677,5.8714304,4.575057,0.0,3.5164387,3.826649,8.202962,10.383887,14.812941,14.884001,22.536734,20.903934,27.652416,28.780264,30.849783,35.118748,34.11513,31.942995,28.567041,25.239075,25.909,20.754728,23.388735,19.879698,15.095205,15.673169,10.760573,10.058682,7.4612694,8.763441,11.99782,14.405752,17.992197,21.515633,21.484867,18.096994,20.376102,23.147104,26.523111,27.960503,26.009787,22.418833,25.6192,24.442442,28.821535,26.179739,22.030815,26.684668,24.55747,21.51952,23.68045,23.762222,20.98052,17.892803,19.127077,19.179152,21.807138,24.586042,25.339367,30.109167,27.372257,32.53179,31.771685,28.191626,23.810654,21.60332,18.978724,16.859411,11.66152,13.142324,11.582201,12.975283,12.832721,12.242978,11.688785,15.55022,15.002472,16.865294,21.764406,19.913074,24.651382,28.418278,27.753399,27.760092,29.076622,23.252632,26.497234,23.103403,26.872805
24,46.369087,42.484604,43.690483,38.957153,37.51317,41.846207,35.084965,39.16147,35.00547,35.231735,35.726486,32.14658,29.410072,25.48189,22.305054,18.484177,15.551258,10.987172,8.936772,6.2020307,5.21301,6.1394916,6.96065,3.5164387,0.0,3.6604362,6.1492386,9.326708,13.01397,14.127242,21.057127,20.095078,26.628872,27.941605,30.271996,34.478115,33.921463,31.82402,28.347021,24.919516,25.472788,20.342514,22.42771,18.656874,14.623801,14.077758,10.319932,8.046755,6.047639,5.5519905,9.004709,11.454072,15.24513,18.553005,18.969788,15.8899555,17.835562,20.894428,23.92619,25.654448,23.903828,19.843851,22.57148,21.150944,25.54648,23.25704,18.783783,23.27208,21.360294,18.288183,20.633009,20.599007,18.103104,14.712233,15.939943,15.694243,18.372194,21.082722,21.900553,26.66588,24.108978,29.318779,28.753277,25.349808,20.975943,18.647877,16.428122,14.101658,8.963195,11.157085,9.929269,12.289501,13.102674,12.6372595,13.04832,16.091516,14.912201,15.95591,20.78719,18.270864,22.98948,26.668707,25.543526,25.631203,26.452618,20.88408,24.098581,20.777233,24.640108
25,45.93403,42.161488,43.381134,38.463886,37.20269,41.212383,34.655838,38.440685,33.981083,34.43692,34.571907,30.646118,28.42252,24.08184,21.055376,17.539417,14.403178,10.803118,7.7336287,6.983641,5.195905,7.988612,8.040792,3.826649,3.6604362,0.0,5.0552053,7.293259,11.500647,12.01214,19.204447,18.139683,24.559946,26.196766,28.082195,32.539425,31.749086,29.375565,26.201508,22.843925,22.923967,17.718962,20.005035,16.295456,11.670017,11.907356,7.113657,6.5792465,5.134459,6.6991515,9.49233,11.301118,14.883047,18.329285,18.08808,14.515099,16.817684,19.45808,22.963617,24.309395,22.434776,19.03787,22.559977,21.741346,26.143618,23.364344,19.708492,24.756351,23.1671,20.374731,23.295618,23.50017,21.30656,17.620491,18.941166,17.965227,20.385433,22.729164,22.981903,27.756472,24.690857,29.823912,29.148102,25.634642,21.329292,19.60647,16.719378,15.722645,10.971456,13.351947,12.772607,14.644512,14.661956,13.403492,12.877631,15.748038,14.136298,16.276407,20.243338,18.43132,22.768917,26.310863,25.684515,26.128586,27.580957,22.27582,25.937181,22.974329,27.146536
26,43.23926,39.304535,40.072086,35.1673,33.595604,37.36149,30.650766,34.043983,29.682217,29.780436,29.909212,26.157661,23.928505,19.497725,16.684517,12.849108,10.203899,6.32195,6.244722,5.462243,7.355536,9.581988,11.5235815,8.202962,6.1492386,5.0552053,0.0,3.8998876,6.889797,8.67043,14.940722,14.520232,20.692194,22.434492,24.660614,28.972815,28.739176,26.53761,23.214943,19.77262,19.852417,14.813515,16.454723,12.646984,9.338558,8.31701,6.2382236,5.244784,7.156272,5.682625,7.779237,7.687838,12.208485,14.604789,15.178339,11.7513685,12.714651,15.3205,19.004408,19.967045,17.91801,14.265835,17.881168,17.331781,21.548462,18.375572,15.092848,20.522202,19.059834,16.642282,20.276796,20.950907,19.435026,15.303233,17.469225,15.004365,17.932705,19.40275,19.020712,23.627258,20.086187,25.070435,24.18503,20.623554,16.35118,14.917811,11.866983,11.882962,8.168238,11.315364,12.126892,14.439993,14.9793625,13.327822,13.684885,14.906179,12.146132,13.579742,16.706293,14.455332,18.457943,21.81195,20.958714,21.67574,23.100676,18.333982,22.31545,19.901245,24.428255
27,40.52096,36.70106,37.496014,32.45496,31.093664,34.61107,28.152473,31.46046,26.858934,27.37656,27.404728,23.443195,21.29166,16.942747,13.851032,10.597836,7.434926,5.6979394,4.7082434,6.7569265,8.459777,11.248472,13.109648,10.383887,9.326708,7.293259,3.8998876,0.0,4.9342647,4.9092813,12.1759,10.963656,17.39107,19.01606,21.046175,25.436443,24.988565,22.731884,19.453703,16.035023,16.186552,11.114257,13.271373,9.964456,6.280373,7.0387177,5.3242764,7.7285757,10.183382,9.520737,11.119029,9.8941145,14.234916,15.957575,16.364971,12.671786,12.931472,14.6290865,19.115307,18.979898,16.336433,13.716392,18.294989,18.546757,22.375757,18.209106,16.178251,22.041899,20.401758,18.454845,22.366196,23.596664,22.229177,18.156538,20.921413,17.856575,21.029232,21.889032,20.852564,25.170355,20.936663,25.511604,24.069132,20.212713,16.144934,15.386654,11.467244,12.991089,10.194661,12.736095,14.185756,15.729769,15.482494,13.081365,12.843001,13.154255,9.786773,12.271876,14.204529,12.97983,16.463278,19.702696,19.607948,20.544153,22.921877,18.400898,22.74951,20.823946,25.550993
28,39.897,35.960243,36.134052,31.139524,29.406565,32.365166,25.838913,28.249416,23.695894,23.59653,23.270214,19.350164,17.801123,12.714747,10.574025,6.9149814,5.581155,5.540711,8.783231,10.093789,13.029827,15.265805,17.67088,14.812941,13.01397,11.500647,6.889797,4.9342647,0.0,4.8761935,8.115569,8.915377,14.166334,16.472185,18.637934,22.944372,23.287216,21.093164,18.001808,14.675972,14.147106,9.694052,10.229829,6.69673,6.490892,4.6451907,7.860255,9.136738,12.895274,11.214045,11.514829,8.474068,12.485145,12.770817,13.760656,10.62906,9.108903,10.320806,14.990639,14.317732,11.556244,8.956287,13.940974,14.869201,18.30987,13.770815,12.9072075,18.9944,18.081614,16.81797,21.418226,22.866043,22.3855,18.09662,21.01845,16.762457,19.747545,19.602877,17.736824,21.656792,16.926445,21.177954,19.693974,15.982484,12.231784,12.467063,8.520958,12.188748,11.33642,14.25502,16.544033,18.477459,18.780466,16.422379,16.812458,15.903807,11.805639,13.216182,13.31041,11.758997,14.066857,16.683601,16.314917,17.917906,20.160654,16.897442,21.44427,20.338987,25.208828
29,37.010693,33.29629,33.91686,28.762186,27.544205,30.594154,24.461815,27.437607,22.60442,23.520458,23.42237,19.315838,17.284164,13.156602,9.824054,7.7405367,4.561165,7.07766,7.074902,10.380794,12.325627,14.984919,16.997816,14.884001,14.127242,12.01214,8.67043,4.9092813,4.8761935,0.0,8.527012,6.132959,12.800621,14.242443,16.165052,20.56541,20.105232,17.884516,14.592429,11.185231,11.512298,6.6743207,9.295001,7.2968583,5.1698556,7.5932527,8.2094345,11.896588,14.860436,14.142379,15.24101,12.942613,16.93785,17.55643,18.08842,14.590467,13.576295,14.002899,19.1229,17.517887,14.154327,13.024454,18.349318,19.528069,22.665562,17.445211,17.104284,23.175951,21.473589,20.226906,24.430403,26.266428,25.273733,21.288666,24.661089,20.826244,24.226213,24.264511,22.465303,26.255983,21.318733,25.1875,23.06931,19.009613,15.480225,15.688743,11.179805,14.542077,13.248019,15.206852,17.409311,18.348072,17.606785,14.66554,14.18454,12.825753,8.697552,11.765859,11.270069,11.480522,13.693906,16.504904,17.353813,18.65928,22.073868,18.310396,22.936226,21.822054,26.663025
30,37.045666,33.33697,32.810863,27.830357,26.134857,27.667856,21.932034,22.61882,17.726501,17.606249,16.24427,11.745755,12.127695,5.7030463,6.2360616,6.1629405,8.081407,12.118373,15.239156,17.535639,20.381145,22.703121,25.107605,22.536734,21.057127,19.204447,14.940722,12.1759,8.115569,8.527012,0.0,5.8360868,6.5991683,10.393937,11.851433,16.13254,17.276098,15.065599,12.876738,10.384398,8.305445,6.79207,4.132089,4.7042785,9.609904,9.129096,13.950624,16.43704,20.474905,19.126972,18.763996,14.942219,17.440044,15.911113,16.75644,14.592431,11.299906,9.46089,14.510119,10.809751,6.8142834,8.745426,14.34329,17.100136,18.911224,13.198929,15.975643,21.650208,21.378344,21.378937,26.27626,28.305756,28.580006,24.4823,27.73973,22.616594,25.320421,23.871464,20.781797,23.432829,17.876194,20.423159,18.15904,14.768839,12.880964,15.253998,11.605821,17.463625,18.3946,20.704416,23.618116,25.034306,24.92491,22.147242,22.261637,19.837233,15.443539,16.917564,13.337179,13.69847,12.8253355,13.579685,14.575587,17.256474,20.61887,19.52757,24.108059,24.402142,29.190176
31,32.998306,29.40417,29.570667,24.379772,23.221424,25.456356,19.81398,22.062698,16.99118,18.341959,18.101929,13.9783945,12.093475,8.729,5.3397136,6.5005336,5.866404,11.13218,12.408475,15.65938,18.007048,20.321865,22.609333,20.903934,20.095078,18.139683,14.520232,10.963656,8.915377,6.132959,5.8360868,0.0,7.2503176,8.146783,10.249211,14.481388,14.426861,12.515288,9.100669,5.8110275,6.8158875,4.576808,6.3914294,7.6980443,9.230933,11.337808,13.785196,17.448845,20.800898,19.729115,20.397331,17.29346,20.82407,20.161404,21.032907,18.14124,15.725324,14.741689,19.948112,16.627317,12.615082,13.513082,18.935995,21.051552,23.119955,16.988815,18.705524,24.546698,22.899418,22.549494,26.907099,29.331192,28.863255,25.074627,28.972689,24.400717,27.949945,27.057913,24.500624,27.470203,21.974657,24.718544,21.812487,17.77784,15.356654,16.73892,12.344158,17.233242,17.575779,19.012215,21.853458,22.383022,21.476883,18.368908,18.038523,15.070915,10.909717,13.335095,9.378624,11.403068,11.098092,12.755842,14.892938,16.706213,21.161175,18.808182,23.430683,23.413591,28.159891
32,33.400486,30.101847,29.362858,24.44491,23.225086,23.636446,19.125883,18.869497,13.643645,14.655111,12.836364,8.040789,9.671211,5.8878946,7.280168,10.514423,12.252487,17.364868,19.535751,22.534916,25.05149,27.413797,29.704775,27.652416,26.628872,24.559946,20.692194,17.39107,14.166334,12.800621,6.5991683,7.2503176,0.0,5.570237,5.533041,9.8251505,11.250366,9.254855,8.09878,7.286673,4.93574,8.081689,5.919841,9.956789,14.092027,15.221233,19.158035,22.584154,26.417505,25.365341,25.251713,21.522133,23.931808,22.188131,22.872883,20.827665,17.597342,15.077809,19.67946,14.796361,11.016393,14.642015,19.650745,22.795181,23.75055,17.67024,21.524906,26.805847,26.17471,26.62638,31.29007,33.784286,34.05168,30.220467,33.922024,28.716738,31.675385,29.919212,26.584967,28.620928,22.92875,24.351816,21.362461,18.191124,17.393755,20.108343,16.560343,22.464222,23.762121,25.413273,28.506517,29.24567,28.542135,25.48436,25.214037,21.925184,17.916876,19.704859,14.275669,16.508028,13.960541,13.411053,16.109291,18.79383,23.250751,22.912596,27.292604,28.217352,32.798504
33,27.84009,24.562454,23.973778,18.984121,18.017973,18.707432,14.3592,15.243459,9.949496,12.532375,12.434337,9.219458,7.272873,8.320891,7.0897346,11.413383,12.696342,18.082504,19.893646,22.963861,25.568926,27.49745,30.028463,28.780264,27.941605,26.196766,22.434492,19.01606,16.472185,14.242443,10.393937,8.146783,5.570237,0.0,4.6035633,6.7393737,8.111309,8.031444,5.0931253,5.191844,7.775189,10.714857,10.564592,14.063001,17.007254,18.733648,21.850094,25.367409,28.873825,27.451355,27.92126,24.396679,27.56907,25.847301,27.115849,24.896915,21.513926,19.552633,24.137459,19.406239,15.436322,18.05379,22.62869,25.391037,26.098864,19.578823,23.128393,28.181824,26.48967,27.086155,31.231417,34.236137,34.246502,30.870197,35.2622,30.2074,33.920597,32.178932,29.062891,30.965664,25.276472,26.435776,22.658024,19.102512,18.395327,20.647842,17.108316,22.447586,24.117302,24.919512,28.174679,28.238478,27.211264,24.162302,24.057102,19.93505,16.49305,17.826324,11.424244,14.862127,11.56596,10.745708,14.61574,16.624334,21.954664,21.49092,25.571875,26.796144,31.080286
34,30.012918,27.191273,26.634789,21.797726,21.315573,21.071682,17.911215,17.652082,12.486137,15.113538,13.755149,10.002082,10.946948,10.574513,10.753394,14.718775,15.753366,21.169266,22.342178,25.809631,27.913069,30.257475,32.362476,30.849783,30.271996,28.082195,24.660614,21.046175,18.637934,16.165052,11.851433,10.249211,5.533041,4.6035633,0.0,5.209683,5.790992,4.3072395,4.6188617,6.4682994,6.2087245,10.909364,10.436313,14.705696,17.731739,19.944098,22.931091,27.016182,30.545681,29.751366,30.018858,26.518917,29.191923,27.657969,28.255749,25.988842,23.033052,20.563116,25.164486,20.147484,16.485964,20.093218,24.994097,28.073626,28.849709,22.575224,26.40848,31.601727,30.40738,30.914373,35.273285,38.072113,38.08333,34.47906,38.53622,33.485394,36.791557,35.106926,31.843283,33.777912,28.064014,29.16114,25.746155,22.524693,21.931843,24.423084,20.763979,26.281435,27.498669,28.587524,31.654362,31.769089,30.503239,27.294691,26.641867,22.895697,19.511168,21.64117,15.580731,19.075075,16.096256,15.190953,18.911797,21.127745,26.297615,25.89922,30.073118,31.17155,35.548798
35,26.535572,24.03303,22.99814,18.592474,18.358315,16.96068,15.265339,14.112353,9.583767,13.144123,12.398369,10.491793,10.832429,13.332551,13.6454735,18.022505,19.408758,24.813704,26.27572,29.56373,31.907463,33.927616,36.270573,35.118748,34.478115,32.539425,28.972815,25.436443,22.944372,20.56541,16.13254,14.481388,9.8251505,6.7393737,5.209683,0.0,4.473374,6.6284833,7.3979216,10.111921,11.408573,15.9130335,15.377545,19.548803,22.688911,24.687254,27.795464,31.662054,35.19549,34.035187,34.37987,30.766987,33.563026,31.609543,32.623135,30.606844,27.208952,24.694168,28.92934,23.63792,20.103151,23.716051,28.01132,31.126923,31.283182,24.958754,29.236183,33.938503,32.47552,33.387665,37.458443,40.589474,40.755276,37.47334,41.88915,36.70568,40.271885,38.249058,34.873653,36.30351,30.644129,31.000244,27.131908,24.170185,24.264694,26.847118,23.622993,29.0156,30.834806,31.49515,34.751736,34.576912,33.292965,30.197437,29.808357,25.525434,22.54737,23.996634,17.383677,21.177387,17.316496,15.493073,19.664026,21.616953,26.994757,27.374046,31.100887,32.761,36.770004
36,26.237087,24.029463,23.836609,19.253962,19.722778,18.993088,17.489326,17.713337,13.272174,17.221405,16.754652,14.319593,14.036132,15.8138,15.068465,19.198183,19.666365,25.072453,25.422821,29.130785,30.874262,33.066257,35.017696,34.11513,33.921463,31.749086,28.739176,24.988565,23.287216,20.105232,17.276098,14.426861,11.250366,8.111309,5.790992,4.473374,0.0,4.000217,5.575253,9.01799,10.8557005,15.209844,15.802587,19.928192,22.044678,24.941658,27.113512,31.578793,34.7795,34.108715,34.76672,31.502995,34.511375,33.165276,33.81837,31.34491,28.557634,26.261692,30.925894,25.913347,22.220621,25.573994,30.386185,33.311245,34.00043,27.561424,31.194624,36.291237,34.49158,35.007824,38.989426,42.066277,41.797207,38.479347,42.886795,38.042942,41.732693,40.15514,37.025757,38.92616,33.219322,34.147423,30.365566,27.042168,26.506094,28.681236,24.990435,29.98677,31.130356,31.631746,34.619614,34.111923,32.351284,29.121784,28.198328,24.108389,21.543842,23.774416,17.602802,21.931036,18.859072,17.870148,22.168224,23.790354,29.42998,28.856922,32.725273,33.92391,38.009533
