,0,1,2,3,4,5,6,7,8,9,10,11,12,13,14,15,16,17,18,19,20,21,22,23,24,25,26,27,28,29,30,31,32,33,34,35,36,37,38,39,40,41,42,43,44,45,46,47,48,49,50,51,52,53,54,55,56,57,58,59,60,61,62,63,64,65,66,67,68,69,70,71,72,73,74,75,76,77,78,79,80,81,82,83,84,85,86,87,88,89,90,91,92,93,94,95,96,97,98,99,100,101,102,103,104,105,106,107,108,109,110,111
0,0.0,3.9729865,7.7988024,10.584925,13.964037,15.465978,18.651323,22.348946,24.58415,27.760326,30.791033,33.314686,36.48762,37.890594,33.70963,30.668041,28.048117,26.943216,23.348944,23.986685,20.700033,20.89054,21.991444,26.117361,26.80593,26.429512,29.477486,30.951393,32.19988,35.352646,34.59269,40.61234,39.38764,43.38389,39.77618,35.692574,37.766594,41.212955,36.69751,33.83725,38.26945,38.44382,33.823593,34.05004,38.811413,36.258865,31.566008,35.19177,38.28962,40.636074,40.996906,37.02538,42.76505,44.27832,41.97619,40.532143,37.717247,39.581562,44.176147,43.18755,39.38138,44.63214,46.056087,49.314472,46.006157,42.783474,46.06854,44.169563,39.86263,42.519608,42.6286,39.354862,37.002934,38.620216,38.309776,40.902313,37.397045,35.856716,37.29865,35.70343,34.015083,34.02019,30.048208,31.181532,30.882376,24.655104,29.478186,25.798033,22.434576,19.584303,21.339443,19.668571,18.841312,24.366821,25.133986,23.522802,28.243574,30.72276,28.28085,27.102755,32.15325,34.753113,31.969353,30.36688,29.173323,25.83049,26.937017,21.262196,24.244503,23.102516,23.014688,23.831112
1,3.9729865,0.0,5.2871156,6.8235183,10.425358,12.728373,15.377227,19.52716,21.894028,25.000847,28.238876,30.551455,33.75779,34.90033,30.454205,27.661459,24.740427,23.77109,19.729837,20.600166,17.226912,17.220982,18.79992,22.66791,23.16362,22.694416,26.035667,27.4185,28.958206,31.953867,31.699314,37.533615,36.766693,40.74018,37.076668,33.1504,35.552902,38.87636,34.30743,31.638248,36.35428,36.278683,31.677471,32.39185,37.13019,34.38061,29.877974,33.994625,36.987637,39.28399,39.192554,35.50687,41.236595,42.50043,40.013103,38.243443,35.36823,36.94633,41.73607,40.955437,36.77964,41.8919,43.097706,46.531372,43.43354,40.052464,43.043373,41.061962,36.868095,39.397995,39.284267,36.01356,33.81497,35.208973,35.212307,37.646618,34.17191,32.907566,34.436935,33.16965,31.621176,32.044216,27.791016,28.658815,28.597986,22.427494,26.908373,23.423605,20.514278,17.286194,19.091425,18.231253,17.259398,22.518402,23.727446,22.57583,27.180336,29.399849,27.556147,26.765661,31.385109,33.859444,31.54807,30.383461,29.526978,26.272633,26.956123,21.430792,23.469593,22.762808,21.981014,23.058372
2,7.7988024,5.2871156,0.0,4.9999065,8.1079035,8.755165,12.784961,15.802315,18.98447,21.376364,24.887207,26.909006,30.396118,31.621254,27.44573,25.309116,22.350338,22.348728,17.914892,20.269258,17.607607,17.724752,20.644932,23.215767,22.983591,21.650099,25.185368,25.745764,27.355877,29.785835,29.852715,35.20572,34.046246,38.426094,35.28263,31.282967,33.740383,37.50066,33.294106,30.513206,35.366848,35.995476,31.429018,32.120617,37.01678,35.021484,30.5487,34.507442,37.875942,39.683235,39.544823,36.832645,42.32356,43.118504,40.976635,39.17354,35.858845,37.399147,42.34235,41.10127,36.52881,41.660408,42.48805,46.062668,42.843967,39.156986,41.91522,39.54145,35.788586,38.85171,38.15679,34.519066,33.08414,34.7698,35.147808,37.784462,34.625027,33.58448,35.806263,34.562424,33.548443,34.450363,29.935637,30.052727,29.788326,24.026194,27.135069,23.394829,21.285952,17.664818,18.368425,18.024582,15.543224,20.753035,22.60988,21.425694,24.989317,28.138079,27.279688,25.700176,29.753267,32.8458,31.327265,29.817627,28.866716,26.272451,27.030565,22.016687,24.06659,24.31714,23.544485,25.461655
3,10.584925,6.8235183,4.9999065,0.0,4.0416527,7.540461,9.269626,13.723392,16.462212,19.178196,22.739962,24.638552,27.933043,28.747854,24.078878,21.879253,18.561522,18.262777,13.463609,15.564308,12.750327,12.782637,16.059387,18.284693,18.010288,16.814375,20.534569,21.325151,23.224474,25.74788,26.263367,31.611162,31.278433,35.354168,31.87482,28.160227,31.008667,34.33373,29.927496,27.497866,32.596104,32.565754,28.07883,29.420061,34.129505,31.61237,27.463434,32.03669,35.056526,36.966328,36.27024,33.605305,39.082203,39.73193,37.26901,35.118176,31.910774,33.11463,38.184074,37.359104,32.535236,37.45855,38.18457,41.88129,38.973465,35.252052,37.757256,35.479156,31.670904,34.365047,33.672222,30.203053,28.621187,29.985125,30.542747,32.964333,29.777552,28.945955,31.113672,30.185244,29.2462,30.49339,25.818394,25.760668,25.815174,20.20217,23.143888,19.844734,18.19033,14.367546,15.477752,16.185425,14.385077,18.852222,20.961863,20.53984,24.364119,26.488758,26.007977,25.45879,29.072964,31.555893,30.323156,29.653286,29.263035,26.519464,26.62678,21.804937,22.462595,22.90185,21.267368,23.17545
4,13.964037,10.425358,8.1079035,4.0416527,0.0,5.25252,5.2354827,10.13645,12.594976,15.413143,18.919914,20.817392,24.010641,24.781843,20.117596,17.847637,14.569958,14.459714,9.839532,12.554239,10.683768,11.458641,15.469581,16.193468,15.516107,13.803624,17.159428,17.653488,19.37805,21.85803,22.304823,27.592897,27.283098,31.349258,27.934013,24.257456,27.216753,30.554338,26.263168,23.895128,29.090408,29.204775,24.796911,26.311628,30.986074,28.78084,24.797787,29.409735,32.488636,34.126522,33.249477,31.225033,36.478558,36.809254,34.52861,32.36735,28.91649,30.10679,35.209194,34.136436,29.127563,34.04733,34.632725,38.34962,35.383976,31.553967,34.007404,31.622913,27.937012,30.912079,30.066757,26.451231,25.113613,26.819368,27.375925,30.058285,27.124237,26.260468,29.003933,27.90127,27.430391,28.992987,24.241554,23.547588,23.39424,18.300308,20.1137,16.792671,15.881294,11.938762,12.38708,13.933769,11.860486,15.606305,18.09338,18.126223,21.560343,23.422516,23.630486,23.325256,26.348244,28.707872,28.027103,27.694592,27.626247,25.178486,24.916437,20.663385,20.507975,21.62508,19.677097,22.113419
5,15.465978,12.728373,8.755165,7.540461,5.25252,0.0,5.8398786,7.078059,10.544653,12.630303,16.173943,18.170742,21.658504,23.00121,19.202969,17.249146,14.68957,15.607985,12.00333,15.770528,15.054116,16.287268,20.475267,20.348532,19.282026,16.867662,19.524773,19.136162,20.228722,22.253218,22.093306,27.068142,25.510836,30.10058,27.410467,23.405758,25.937796,29.986734,26.254192,23.477442,28.431122,29.766113,25.421425,26.232553,31.103895,30.107138,25.951918,29.72832,33.36773,34.459442,34.084267,32.9079,37.847717,37.914047,36.31648,34.587357,30.717234,32.28087,37.218704,35.284103,30.377571,35.479584,35.93864,39.51335,36.102665,32.169888,34.79026,32.091488,28.803352,32.626312,31.477695,27.465878,26.827284,29.297718,29.720188,32.8984,30.365707,29.299978,32.713516,31.117151,31.087103,32.60263,27.976952,26.811756,26.047293,21.435907,22.090622,18.2148,17.635427,13.94145,12.816331,13.833846,9.880842,13.849761,16.662891,16.172342,18.41422,21.70116,22.5162,20.93216,23.63691,26.849964,26.67629,25.593838,25.20061,23.460262,23.574432,19.872656,20.547007,22.356089,21.162943,24.24851
6,18.651323,15.377227,12.784961,9.269626,5.2354827,5.8398786,0.0,6.040181,7.6610065,10.6322365,13.973339,15.881716,18.89568,19.649233,15.089517,12.680751,9.594176,10.038369,6.3603663,10.205194,10.395164,12.162177,16.62392,15.158632,13.870571,11.33628,13.685062,13.496667,14.755489,17.09794,17.321524,22.481256,22.079283,26.179337,22.94036,19.29856,22.397625,25.814224,21.792614,19.507448,24.792587,25.26242,21.048323,22.745695,27.31875,25.748583,22.088015,26.572504,29.74239,30.90319,29.816217,28.855158,33.676285,33.51269,31.596352,29.49768,25.686756,26.883245,31.951557,30.423447,25.18958,30.083662,30.43971,34.149826,31.059069,27.067808,29.45447,26.87717,23.444176,26.948795,25.843624,21.968706,21.125778,23.459986,23.977331,27.081665,24.630657,23.706291,27.3046,25.91512,26.171022,28.115295,23.424068,21.798704,21.267546,17.24235,17.05833,13.776355,14.217805,10.531069,9.512847,12.354051,9.909829,11.955677,15.039771,15.790553,18.33979,19.82944,21.18232,21.154564,23.15792,25.348999,25.560947,25.669758,26.038147,24.133194,23.39172,20.15806,18.926987,21.016825,18.80528,21.904116
7,22.348946,19.52716,15.802315,13.723392,10.13645,7.078059,6.040181,0.0,4.8494973,5.5875764,9.407147,11.117706,14.641087,15.978834,12.633273,11.311358,9.432571,11.869092,9.973765,14.70331,16.007402,17.8131,22.455265,20.082577,18.286026,15.056166,16.485113,14.866289,15.35649,16.582817,16.452436,20.654613,18.85291,23.652866,21.550293,17.758242,20.46837,24.667347,21.604101,19.087639,24.01747,25.936653,22.090279,23.17777,27.730255,27.676031,24.180954,27.696692,31.340143,31.714775,30.966217,31.342155,35.573315,34.896763,33.7856,32.077766,27.853065,29.245884,34.05311,31.611164,26.41187,31.232798,31.209684,34.775093,31.3416,27.187654,29.452812,26.410667,23.805923,28.258867,26.554535,22.250353,22.644772,25.716406,26.310091,29.798824,28.00335,27.093224,31.406477,29.716492,30.569798,32.61981,28.129688,25.895964,24.837393,21.732948,19.88523,16.456903,17.686113,14.593975,11.8838825,14.400273,10.260749,11.0793915,14.7526655,15.318786,15.640139,18.577894,21.274284,20.02083,20.919838,23.953415,25.255413,24.797382,25.027338,24.172033,23.624962,21.452196,20.650028,23.60748,22.038584,25.729437
8,24.58415,21.894028,18.98447,16.462212,12.594976,10.544653,7.6610065,4.8494973,0.0,4.7598877,6.6603622,9.461081,12.035433,13.61694,10.640475,7.4971747,7.189868,8.806671,9.877488,13.203345,15.607513,18.175764,22.274477,19.018505,17.430292,14.477493,14.212728,12.819291,12.026272,13.925203,12.206635,17.13562,15.06303,19.572504,17.13307,13.11666,15.773738,19.930252,16.840267,14.252173,19.17889,21.227741,17.494366,18.545753,22.988865,23.309296,20.030928,23.329752,26.941328,27.09021,26.320288,27.212496,31.13756,30.288015,29.466118,28.023798,23.648531,25.301102,29.875458,27.036247,22.040535,26.998716,27.179651,30.514883,26.81231,22.769985,25.464409,22.599276,19.759676,24.58846,23.296635,19.031225,19.16017,22.97262,22.908506,26.883837,25.370058,24.003994,28.767138,26.520187,27.78064,29.78915,25.599577,22.926437,21.411865,19.186474,16.176435,12.809317,14.81143,12.504385,8.977481,12.079566,8.989315,7.3773355,11.1571,12.601066,12.817745,14.409741,17.691383,17.351088,17.570278,19.90901,21.606981,21.891516,22.691969,21.957617,20.823784,19.48162,17.548342,20.995434,19.263714,23.196796
9,27.760326,25.000847,21.376364,19.178196,15.413143,12.630303,10.6322365,5.5875764,4.7598877,0.0,4.2627625,5.5649447,9.094355,10.695751,8.628438,8.258181,8.234307,11.710529,12.126002,16.521734,19.063427,21.150494,25.710049,22.023327,19.905966,16.45102,16.4657,13.884394,13.398691,13.628484,13.132974,16.221935,13.753586,18.805187,17.548964,14.082968,16.69265,21.02831,18.890875,16.702528,21.22712,23.84469,20.671118,21.767426,25.840435,26.809298,23.990767,26.947947,30.538857,30.227135,29.305317,31.050957,34.534264,33.24458,32.69921,31.175932,26.755342,28.06036,32.537975,29.556236,24.368757,28.82623,28.403717,31.805796,28.309027,24.087921,26.060534,22.74784,20.945961,25.993923,23.876835,19.424109,20.840063,24.490953,25.070919,28.807932,27.74224,26.888657,31.824337,29.978971,31.513882,33.827698,29.639116,26.695156,25.342644,23.573135,19.890736,17.064718,19.478884,17.195557,13.7172165,16.686777,13.031393,11.259689,14.975079,16.23724,14.736889,17.187029,21.341087,20.309887,19.56654,22.337854,24.876072,24.859707,25.533392,25.450201,24.488588,23.598656,21.937906,25.568975,23.954372,27.92173
10,30.791033,28.238876,24.887207,22.739962,18.919914,16.173943,13.973339,9.407147,6.6603622,4.2627625,0.0,3.861736,5.9390955,8.558456,8.582525,7.5865583,9.735282,12.583186,14.917404,18.335629,21.467958,23.942492,28.12254,23.923256,21.951437,18.73345,17.494875,14.921102,13.200578,13.345487,11.2084465,13.919654,10.014321,15.222258,14.571821,11.094472,13.117561,17.74158,16.368153,14.211048,18.12106,21.543455,18.870255,19.544895,23.273834,25.22369,22.777395,24.978746,28.615871,27.778545,27.04467,29.694517,32.603428,30.999443,31.054844,29.959013,25.420885,26.971794,31.004766,27.379347,22.604315,26.964218,26.56321,29.592878,25.77929,21.732,23.955576,20.685226,19.223724,24.800547,22.867006,18.497194,20.164057,24.493841,24.54686,28.66333,28.048841,26.873777,32.19424,29.879076,31.82363,34.05159,30.23448,26.941597,25.148819,24.274538,19.595587,17.018581,19.900253,18.385445,14.464903,17.238714,14.150537,10.755914,14.017389,15.650491,12.973128,14.8206625,19.838417,19.00802,17.108843,19.571012,22.896383,23.198065,24.21768,24.672977,23.420855,23.557678,21.422844,25.463007,24.05323,28.186369
11,33.314686,30.551455,26.909006,24.638552,20.817392,18.170742,15.881716,11.117706,9.461081,5.5649447,3.861736,0.0,4.018269,5.912753,6.965728,8.756519,10.46744,14.235199,15.96231,19.931139,23.15855,25.256819,29.720388,25.1389,22.792015,19.323635,18.346521,15.040426,13.837908,12.593899,12.171778,12.968951,9.816138,15.023142,15.195726,12.686873,14.966931,19.097055,18.275059,16.75537,20.474356,23.642244,21.39594,22.531961,25.861357,27.759165,25.754803,28.131012,31.50322,30.525703,29.374687,32.427406,35.089756,33.181416,33.170303,31.791555,27.357601,28.41697,32.451477,29.089947,24.03867,27.82438,26.86193,30.039833,26.679281,22.499697,23.859406,20.27948,19.700499,25.089773,22.448769,18.076101,20.713762,24.617153,25.328041,29.055613,28.760918,28.12193,33.43891,31.638798,33.73813,36.293736,32.429768,28.965727,27.498255,26.896376,21.88442,19.855806,23.057392,21.394539,17.71983,20.827772,17.667233,14.535026,17.83033,19.506187,16.607794,18.387604,23.598505,22.789726,20.575537,22.925386,26.55783,26.92273,27.932003,28.51036,27.265461,27.382217,25.141317,29.139925,27.498192,31.537724
12,36.48762,33.75779,30.396118,27.933043,24.010641,21.658504,18.89568,14.641087,12.035433,9.094355,5.9390955,4.018269,0.0,3.625678,7.568844,9.127668,12.099945,15.249579,18.26115,21.40644,25.10499,27.416573,31.546677,26.440506,24.184649,20.981163,19.001648,15.7320385,13.662723,12.076405,10.719453,10.191668,6.13119,11.277405,12.333358,10.590251,12.454315,16.235735,16.338417,15.343842,18.333836,21.771002,20.237812,21.346998,24.05099,26.568365,25.178303,27.083054,30.211262,28.803886,27.525393,31.432703,33.473545,31.191349,31.596758,30.449066,26.059896,27.082277,30.670261,26.974375,22.243935,25.617933,24.491861,27.356392,23.966806,19.963757,21.190056,17.635668,17.69395,23.326859,20.727322,16.599148,19.644747,23.914103,24.316917,28.18033,28.391684,27.64982,33.20698,31.2132,33.69766,36.284336,32.781178,29.001898,27.340345,27.648163,21.784506,20.326366,23.986746,22.9258,19.184086,22.327766,19.850552,15.759132,18.561153,20.630936,17.308483,17.965872,23.678476,23.432772,20.347853,21.983397,26.21372,27.10908,28.495266,29.351204,27.77221,28.609543,25.75828,29.943796,28.266035,32.291355
13,37.890594,34.90033,31.621254,28.747854,24.781843,23.00121,19.649233,15.978834,13.61694,10.695751,8.558456,5.912753,3.625678,0.0,5.778096,9.174468,11.663813,15.073612,17.885717,21.002234,24.853445,26.891186,31.041294,25.51488,23.040049,19.84896,17.84009,14.166839,12.5188675,9.791925,10.323283,8.081535,6.9792857,11.06454,12.00643,11.344529,13.892339,16.681221,16.771461,16.496195,19.631538,22.133696,20.899717,22.761456,25.109802,27.038473,26.109419,28.533346,31.223978,29.941574,28.034286,32.00632,33.941433,31.477144,31.537779,29.969957,25.789448,26.230679,29.888477,26.764156,21.666803,24.463976,22.853304,25.976168,23.20109,19.056038,19.388447,15.624678,16.31041,21.499645,18.327377,14.285894,18.06076,21.81673,22.803175,26.229307,26.71089,26.472567,31.933264,30.481176,33.080837,35.988674,32.490616,28.577345,27.314688,27.952044,21.835472,21.047195,25.042135,23.929907,20.56301,24.192972,22.033964,18.04557,20.936365,23.266804,20.5253,20.55373,26.132973,26.436611,23.51445,24.69328,28.822144,30.100014,31.617146,32.19741,30.451088,31.042656,27.751217,31.78843,29.674717,33.501377
14,33.70963,30.454205,27.44573,24.078878,20.117596,19.202969,15.089517,12.633273,10.640475,8.628438,8.582525,6.965728,7.568844,5.778096,0.0,5.8524475,6.4833994,10.472128,12.393335,15.805872,19.49332,21.289068,25.575415,20.141758,17.516922,14.176525,12.837639,8.9280405,8.496511,6.0148497,8.920795,9.285275,10.703911,14.409938,13.078668,11.732011,15.449618,17.986046,16.395002,15.9886055,20.32199,21.470339,19.444363,22.08841,24.947659,25.367577,24.072247,27.64692,30.176823,29.680162,27.38308,30.112823,32.840504,30.838505,29.96909,27.78448,23.708628,23.857365,28.219484,26.021133,20.23395,23.440765,22.062008,25.798489,23.33044,18.878433,19.31465,15.682062,15.0517,19.581196,16.448315,12.052114,15.088353,18.214054,19.713995,22.85645,22.70382,22.744513,27.871778,26.897932,29.10299,32.169636,28.298988,24.642027,23.894245,23.857204,18.459818,17.712145,21.582748,19.983536,17.210842,21.364536,19.4567,16.2761,19.518858,21.92669,20.731623,20.558662,25.296139,26.064926,24.358572,25.484928,28.661034,30.059328,31.487597,31.258266,29.513706,29.105152,25.691572,29.301895,26.695644,30.263748
15,30.668041,27.661459,25.309116,21.879253,17.847637,17.249146,12.680751,11.311358,7.4971747,8.258181,7.5865583,8.756519,9.127668,9.174468,5.8524475,0.0,4.46843,6.176449,10.59165,12.478639,16.46536,19.069769,22.748781,17.575386,15.646382,12.883621,10.336678,8.043722,5.6357403,7.094459,5.291926,10.009713,10.227938,13.713834,10.721205,7.8818192,11.810535,14.657222,11.9047785,10.84176,15.760539,16.800444,14.120506,16.613932,19.913328,20.158852,18.41006,22.042574,24.753147,24.50845,22.543081,24.772648,27.842947,26.218128,25.362844,23.533573,19.201132,20.115795,24.54731,21.943,16.39072,20.64093,20.242517,23.745184,20.507519,16.185835,18.204006,15.177342,12.772807,17.803461,16.109194,11.7768135,12.763467,16.99185,17.100891,21.115993,20.47982,19.479834,24.81942,22.889835,25.011818,27.65693,23.884623,20.272728,18.960651,18.879381,13.368047,12.131171,16.083473,14.948444,11.970625,16.130205,15.112789,11.303788,14.212793,16.958776,16.704094,15.478601,19.800009,21.269281,19.996311,20.630297,23.310307,25.078285,26.721231,26.152502,24.16701,23.830204,19.985542,23.616549,21.028196,24.677332
16,28.048117,24.740427,22.350338,18.561522,14.569958,14.68957,9.594176,9.432571,7.189868,8.234307,9.735282,10.46744,12.099945,11.663813,6.4833994,4.46843,0.0,4.754989,6.4441705,9.687389,13.229534,15.366932,19.565636,14.674622,12.383862,9.118135,8.327708,5.799297,6.22547,7.606064,9.023467,13.140327,14.392656,17.880257,14.744925,12.197379,16.171518,18.760263,15.459572,14.403603,19.63339,19.820341,16.706673,19.571926,23.12907,22.225605,20.141283,24.581734,27.15437,27.492329,25.328651,26.474327,30.139736,28.88175,27.307114,24.930403,20.889246,21.369478,26.276207,24.586088,18.702467,22.839375,22.369211,26.250658,23.54668,19.194613,20.713388,17.748217,15.145431,19.136898,17.185585,12.955356,13.575116,16.572166,17.542133,20.884798,19.653103,19.208149,23.980972,22.799181,24.401426,27.227354,22.997862,19.812042,19.205744,18.063728,13.9054985,12.565931,15.941476,13.909315,11.73767,16.194952,14.9061,12.680251,15.922783,18.28663,18.97003,18.457182,21.933321,23.198713,22.893555,23.904291,25.861181,27.315819,28.644024,27.566935,25.848333,24.49881,21.076946,24.188683,21.290947,24.648186
17,26.943216,23.77109,22.348728,18.262777,14.459714,15.607985,10.038369,11.869092,8.806671,11.710529,12.583186,14.235199,15.249579,15.073612,10.472128,6.176449,4.754989,0.0,6.60271,6.400295,10.565034,13.435197,16.688246,11.716064,10.254468,8.20769,5.705242,6.0149136,5.2947516,9.280098,8.657105,14.423217,15.981855,18.601768,14.345215,11.687404,15.530533,17.45289,13.190221,12.18269,17.57035,16.663946,13.154389,16.430195,19.99219,18.123087,15.938933,20.946243,23.209814,24.031267,21.747688,22.099787,26.102444,25.215626,23.252516,20.848078,16.88491,17.629116,22.660694,21.260666,15.5518675,20.156824,20.402563,24.141178,21.313215,17.27149,19.571497,17.31206,13.490565,17.031246,16.291157,12.614743,11.267341,14.573929,14.516766,18.25002,16.565868,15.394084,20.163605,18.454557,19.951958,22.597324,18.426561,15.242508,14.503945,13.452423,9.289344,8.192268,11.828411,10.350443,8.915008,13.597382,13.92998,11.583221,14.054929,16.758303,18.763195,16.85401,19.43013,21.815779,22.047482,22.218157,23.464722,25.536684,27.13436,25.524027,23.477468,21.996471,17.811003,20.592773,17.27733,20.382149
18,23.348944,19.729837,17.914892,13.463609,9.839532,12.00333,6.3603663,9.973765,9.877488,12.126002,14.917404,15.96231,18.26115,17.885717,12.393335,10.59165,6.4441705,6.60271,0.0,5.999883,7.7686167,9.311555,14.048536,10.486113,8.354519,5.1808677,8.085933,7.8859897,10.404496,12.54486,14.55062,19.109663,20.75689,24.068592,20.379227,17.723852,21.564865,23.900606,19.78184,18.543352,23.980984,23.152363,19.455599,22.456573,26.326962,23.930513,21.290976,26.567436,28.926737,30.14296,27.985847,27.363491,31.878786,31.3482,28.89757,26.090612,22.570526,22.853525,28.129604,27.484911,21.691364,25.91593,25.848068,29.881605,27.559885,23.460178,25.024616,22.539146,19.248634,21.920305,20.503675,16.92269,16.132473,17.631037,18.908161,21.449427,19.139757,18.956694,22.560968,22.047745,22.64382,25.33857,20.630232,18.458332,18.684616,15.8087845,14.430723,12.863183,14.774219,11.756523,11.411068,15.581262,14.701354,14.747485,17.727835,19.524652,21.877012,21.68203,23.633142,24.962671,26.11558,27.261305,27.9698,29.164412,30.13971,28.203445,26.796408,24.085287,21.240084,23.351145,20.15043,22.855518
19,23.986685,20.600166,20.269258,15.564308,12.554239,15.770528,10.205194,14.70331,13.203345,16.521734,18.335629,19.931139,21.40644,21.002234,15.805872,12.478639,9.687389,6.400295,5.999883,0.0,4.543141,7.4780064,10.2958975,5.9082165,5.36209,5.293149,5.6851482,8.656314,10.208254,13.874443,14.599614,20.016138,22.340687,24.630188,20.00203,17.690735,21.357283,22.686071,17.917307,17.115963,22.314867,20.029198,16.33362,19.858019,23.32538,19.601913,17.237072,23.165712,24.826843,26.631172,24.138895,22.518822,27.28393,27.156073,24.101173,21.088854,18.021564,18.250835,23.555422,23.638819,18.21395,22.482664,23.080757,26.913797,24.782959,21.181168,23.214405,21.55483,17.327562,19.020779,18.884743,16.150751,13.462497,14.711687,14.999466,17.579454,14.6874275,13.865255,17.142439,16.351707,16.697775,19.349064,14.641869,12.585438,13.179571,10.382748,9.872663,9.41459,11.211202,9.1428995,10.43751,14.524232,15.798792,15.425798,17.37483,19.571262,23.086748,21.193262,22.184343,24.933687,26.410767,26.43514,26.454103,28.508673,29.879934,27.391464,25.528074,22.813253,18.911707,20.40741,16.536257,18.575098
20,20.700033,17.226912,17.607607,12.750327,10.683768,15.054116,10.395164,16.007402,15.607513,19.063427,21.467958,23.15855,25.10499,24.853445,19.49332,16.46536,13.229534,10.565034,7.7686167,4.543141,0.0,3.6844652,6.6837215,5.756614,6.379281,7.302867,9.871118,12.639326,14.686176,18.06953,19.028458,24.45591,26.519375,29.05748,24.469257,21.931322,25.432934,26.963127,22.069426,20.98086,26.126389,23.80343,19.898489,23.025726,26.694874,22.508413,19.71371,25.685272,27.340097,29.58348,27.39337,24.697151,29.902815,30.282213,26.916183,23.901741,21.272205,21.534517,26.752516,27.249569,22.176071,26.402273,27.182241,30.959332,28.942802,25.518414,27.572578,26.021923,21.759905,23.005854,23.007696,20.48565,17.664505,18.148167,18.580095,20.52441,17.12603,16.481375,18.505178,18.166851,17.522837,19.727493,14.83921,14.1226845,15.206347,10.824512,13.132895,12.176277,12.267008,9.591812,12.09012,15.257282,16.537003,17.645065,19.423653,21.016294,25.225098,23.935553,24.035082,26.446321,28.780247,29.127184,28.414146,30.043468,31.0588,28.120056,26.63146,23.024296,19.985344,20.653755,16.929592,18.331776
21,20.89054,17.220982,17.724752,12.782637,11.458641,16.287268,12.162177,17.8131,18.175764,21.150494,23.942492,25.256819,27.416573,26.891186,21.289068,19.069769,15.366932,13.435197,9.311555,7.4780064,3.6844652,0.0,5.349309,6.2425036,6.6415606,7.922584,11.8713255,14.274085,17.090954,19.864567,21.838339,26.72559,29.226627,31.817198,27.352808,25.034458,28.707085,30.162544,25.362598,24.443733,29.625616,27.130728,23.380842,26.661474,30.225634,25.81495,23.22966,29.28137,30.762972,33.09431,30.71054,27.858435,33.04378,33.438114,29.812107,26.507755,24.202892,24.008604,29.2393,30.251966,25.059765,28.883307,29.402529,33.331028,31.731104,28.273056,29.823084,28.230097,24.26186,24.985579,24.662916,22.338987,19.82184,19.368956,20.523277,21.67808,18.173998,18.286613,19.517004,20.151196,19.168732,21.503048,16.693937,16.441624,18.115923,13.825896,16.4489,15.832638,15.824543,13.07212,15.569027,18.577986,19.44154,20.948095,22.904428,24.332193,28.441307,27.504595,27.620756,29.79334,32.223476,32.74982,32.019756,33.485558,34.35178,31.351828,30.032858,26.145262,23.471083,23.884119,20.22815,21.25838
22,21.991444,18.79992,20.644932,16.059387,15.469581,20.475267,16.62392,22.455265,22.274477,25.710049,28.12254,29.720388,31.546677,31.041294,25.575415,22.748781,19.565636,16.688246,14.048536,10.2958975,6.6837215,5.349309,0.0,6.7789006,9.156842,11.953211,14.45814,17.797955,20.079767,23.34724,24.67601,29.848576,32.620266,34.652935,29.769434,27.676844,31.106678,31.955372,26.927843,26.25757,31.047028,27.659374,24.105232,27.422224,30.576605,25.20524,22.899153,29.09449,29.922935,32.7953,30.336086,26.355566,31.684526,32.59734,28.462297,25.1048,23.598879,23.294,28.183643,29.980778,25.46594,29.024063,30.0341,33.656296,32.345753,29.430855,31.186184,30.215616,25.859606,25.687742,26.26624,24.660212,21.168694,20.198677,20.679296,21.341177,17.421265,17.234272,17.048992,17.925018,16.030005,17.903244,13.401139,14.434388,16.736145,12.354865,16.806908,16.921446,16.158602,14.344547,17.790485,20.173264,22.233072,23.72795,24.979837,26.421457,31.240892,29.469017,28.711008,31.640404,34.43547,34.31565,32.921318,34.805706,35.811954,32.371292,30.901405,26.874847,23.910006,23.461267,19.617262,19.547743
23,26.117361,22.66791,23.215767,18.284693,16.193468,20.348532,15.158632,20.082577,19.018505,22.023327,23.923256,25.1389,26.440506,25.51488,20.141758,17.575386,14.674622,11.716064,10.486113,5.9082165,5.756614,6.2425036,6.7789006,0.0,3.2462547,6.8474317,8.090843,11.674225,13.99046,17.071209,18.90956,23.5419,27.067675,28.70132,23.858938,22.337057,26.063778,26.491148,21.726118,21.635328,26.469393,22.907671,19.785639,23.816847,26.601412,21.626339,20.075113,26.405691,27.138508,29.439623,26.33315,23.831417,28.560783,28.68759,24.756294,21.049232,19.110283,18.298359,23.501186,25.158705,19.987247,23.26494,23.818316,27.691158,26.575914,23.40462,24.703285,23.614988,19.506903,19.335476,19.549675,17.945148,14.660111,13.6884575,14.617525,15.542082,11.955539,12.193588,13.618052,14.585919,14.151384,17.21753,12.608765,11.477463,13.745489,11.387786,12.54233,13.702648,14.913386,13.458062,15.791039,19.391556,21.237228,21.160866,22.771194,24.94462,28.838438,26.45823,26.943663,30.22317,31.896336,31.441784,31.090105,33.497578,34.94186,32.090366,30.149792,27.146172,23.069054,23.744751,19.531097,20.405134
24,26.80593,23.16362,22.983591,18.010288,15.516107,19.282026,13.870571,18.286026,17.430292,19.905966,21.951437,22.792015,24.184649,23.040049,17.516922,15.646382,12.383862,10.254468,8.354519,5.36209,6.379281,6.6415606,9.156842,3.2462547,0.0,3.8563104,6.3210783,9.11347,12.146384,14.627358,17.385416,21.51106,25.221567,27.088846,22.556755,21.11714,25.084383,25.74411,21.249607,21.187002,26.211546,23.13518,20.083597,24.189787,27.070656,22.737188,21.230705,27.402216,28.418419,30.329596,27.152508,25.498209,29.977396,29.702145,26.08575,22.369211,20.042213,19.105001,24.419458,25.710747,20.077646,23.27093,23.333141,27.443804,26.338072,22.810608,23.70319,22.190338,18.52273,18.767527,18.176966,16.166214,13.771584,12.852691,14.613103,15.611387,12.542125,13.320299,15.4980135,16.575396,16.716145,19.997103,15.452826,13.686871,15.575784,13.594155,13.297989,14.216285,16.083923,14.236427,15.7968025,19.825727,20.926281,20.599022,22.672932,24.916605,28.200018,26.236258,27.408497,30.280802,31.563803,31.427668,31.605133,33.833927,35.240665,32.70879,30.8201,28.009731,24.039194,25.223682,21.141443,22.544693
25,26.429512,22.694416,21.650099,16.814375,13.803624,16.867662,11.33628,15.056166,14.477493,16.45102,18.73345,19.323635,20.981163,19.84896,14.176525,12.883621,9.118135,8.20769,5.1808677,5.293149,7.302867,7.922584,11.953211,6.8474317,3.8563104,0.0,5.5770583,6.61743,10.241088,12.170731,15.466408,19.345984,22.66488,25.06652,20.971642,19.279305,23.377905,24.625473,20.421143,20.078226,25.319378,23.161018,19.989742,23.847353,27.037645,23.634024,21.853182,27.681849,29.226109,30.706127,27.765919,26.912275,31.251049,30.660582,27.571526,24.12629,21.220978,20.589062,25.939823,26.43028,20.481022,23.926394,23.648403,27.871904,26.40787,22.491953,23.324186,21.238861,17.978691,19.253317,17.886257,15.088585,13.823075,13.8050995,15.848705,17.426395,14.9614525,15.641856,18.677492,19.254265,19.830881,23.046734,18.457676,16.245214,17.435253,15.403185,13.996295,14.118775,16.409863,14.085159,14.689159,19.001804,19.173803,18.711348,21.284065,23.472189,26.092579,24.813972,26.633537,28.87352,29.840202,30.214312,30.877653,32.744423,34.028194,31.86418,30.120392,27.490242,23.84785,25.581095,21.798239,23.847137
26,29.477486,26.035667,25.185368,20.534569,17.159428,19.524773,13.685062,16.485113,14.212728,16.4657,17.494875,18.346521,19.001648,17.84009,12.837639,10.336678,8.327708,5.705242,8.085933,5.6851482,9.871118,11.8713255,14.45814,8.090843,6.3210783,5.5770583,0.0,4.311104,5.977333,9.190689,11.183508,15.47001,19.243853,20.814457,16.242498,15.042303,19.094065,19.607126,15.38168,15.637079,20.582294,17.903795,15.17698,19.485401,22.13636,18.844778,17.767668,23.475775,24.689259,25.90694,22.622559,22.536322,26.381313,25.45272,22.570986,19.2144,16.080748,15.453468,20.752747,20.975863,14.940214,18.450335,18.341751,22.465425,20.847689,16.998755,18.160786,16.367682,12.612622,14.127497,13.343809,10.622253,8.480032,9.794107,10.876159,13.514881,11.592495,11.531919,15.837895,15.529168,17.034424,20.396736,16.282084,13.003813,13.6599865,13.4882765,9.702417,11.033531,14.5365505,13.43166,13.514288,18.054672,19.090034,17.115526,19.215729,22.003605,24.359636,21.76855,23.960962,27.049627,27.311703,26.841515,27.889475,30.480991,32.243294,30.312334,28.080023,26.37157,21.70147,23.829582,19.89658,22.113287
27,30.951393,27.4185,25.745764,21.325151,17.653488,19.136162,13.496667,14.866289,12.819291,13.884394,14.921102,15.040426,15.7320385,14.166839,8.9280405,8.043722,5.799297,6.0149136,7.8859897,8.656314,12.639326,14.274085,17.797955,11.674225,9.11347,6.61743,4.311104,0.0,4.4376736,5.620258,9.702838,12.750863,16.694962,18.735106,14.943935,13.908077,18.193474,19.183216,15.725874,15.950815,20.903225,19.288116,16.849142,20.863968,23.561045,21.422075,20.385239,25.531588,27.12814,27.770128,24.604122,25.585192,29.014013,27.619267,25.315517,22.179115,18.743376,18.109476,23.16875,22.761305,16.505095,19.712364,18.874195,23.121151,21.4613,17.212397,17.727764,15.1509905,12.514579,14.961337,12.804704,9.176418,9.480797,11.1652,13.113348,15.661417,14.592877,15.03126,19.568819,19.394249,21.193388,24.592205,20.558947,17.132692,17.433651,17.347975,12.834652,13.489072,17.29294,15.820154,14.879236,19.566412,19.507381,17.171347,19.83948,22.584316,23.86446,22.024452,25.156008,27.525002,27.168259,27.209362,29.00451,31.247173,32.910255,31.484623,29.395123,28.005949,23.697681,26.35259,22.764645,25.452784
28,32.19988,28.958206,27.355877,23.224474,19.37805,20.228722,14.755489,15.35649,12.026272,13.398691,13.200578,13.837908,13.662723,12.5188675,8.496511,5.6357403,6.22547,5.2947516,10.404496,10.208254,14.686176,17.090954,20.079767,13.99046,12.146384,10.241088,5.977333,4.4376736,0.0,4.8241725,5.467238,9.827596,13.314901,14.97,10.74852,9.667617,13.922958,14.775907,11.358468,11.761098,16.546164,15.254068,13.049318,16.983526,19.47996,18.113855,17.321932,21.938372,23.627476,23.867714,20.823986,22.648287,25.667215,24.010365,22.290936,19.678984,15.8003,15.756262,20.513823,19.173502,13.025844,16.721525,16.18446,20.131744,17.778402,13.447812,14.824657,12.266,9.106727,12.956233,11.438086,7.448654,7.5008583,11.376504,11.795171,15.531162,14.981417,14.397393,19.710915,18.411032,20.743603,23.863108,20.246103,16.350927,15.764248,16.668255,10.640987,11.415147,15.849092,15.187625,13.5594,18.101957,18.45094,14.979661,17.257862,20.338467,21.22606,18.570604,22.117188,24.85551,23.915342,23.477488,25.658504,28.257523,30.206095,29.078173,26.72626,26.116907,21.346039,24.408123,21.032026,24.01077
29,35.352646,31.953867,29.785835,25.74788,21.85803,22.253218,17.09794,16.582817,13.925203,13.628484,13.345487,12.593899,12.076405,9.791925,6.0148497,7.094459,7.606064,9.280098,12.54486,13.874443,18.06953,19.864567,23.34724,17.071209,14.627358,12.170731,9.190689,5.620258,4.8241725,0.0,7.160104,7.470323,12.385581,14.044368,11.230621,11.292367,15.468593,16.242565,14.176204,14.974274,19.200947,18.501709,17.04365,20.780516,22.878742,22.19369,21.825682,26.021706,27.665792,27.463657,24.261414,26.904266,29.388058,27.272072,25.833305,23.134436,19.48708,18.85937,23.25592,21.989286,15.877798,18.428051,16.838724,20.905602,19.180548,14.742283,14.546468,11.226281,10.241767,13.880482,10.65889,6.2922587,9.531597,12.339943,14.113146,16.97861,17.200096,17.587793,22.702522,22.15943,24.659084,28.050676,24.51869,20.58491,20.29555,21.362057,15.361577,16.16974,20.549404,19.585245,17.668623,22.197327,21.716396,18.211983,20.865816,23.809025,23.6756,21.72234,25.973463,28.126966,26.56377,26.480978,29.327818,31.678875,33.54227,32.8347,30.61114,30.206589,25.735537,28.995937,25.758905,28.815664
30,34.59269,31.699314,29.852715,26.263367,22.304823,22.093306,17.321524,16.452436,12.206635,13.132974,11.2084465,12.171778,10.719453,10.323283,8.920795,5.291926,9.023467,8.657105,14.55062,14.599614,19.028458,21.838339,24.67601,18.90956,17.385416,15.466408,11.183508,9.702838,5.467238,7.160104,0.0,6.955597,8.558307,10.034068,5.8349624,4.365,8.641045,9.953938,7.5516834,7.975347,12.147791,12.570287,11.04135,14.071883,16.27884,16.93103,16.381353,19.596043,21.677834,21.016068,18.507214,21.88183,24.100714,21.965769,21.472107,19.865381,15.5627985,16.407274,20.288612,17.318588,11.908545,15.853738,15.475212,18.692667,15.29892,10.984634,13.363936,10.639136,8.072181,13.772393,12.67294,8.837733,9.712009,14.887408,14.078207,18.518333,18.65325,17.3063,23.027184,20.695353,23.460331,26.1245,23.047405,18.945015,17.329618,19.00867,12.052607,12.298166,16.890644,16.946968,14.285105,18.200651,18.411015,13.646206,15.497623,18.74834,18.389425,15.222326,19.778482,22.402819,20.32865,19.600319,22.718325,25.452658,27.643105,27.222588,24.719748,25.274366,20.428543,24.115356,21.384258,24.7972
31,40.61234,37.533615,35.20572,31.611162,27.592897,27.068142,22.481256,20.654613,17.13562,16.221935,13.919654,12.968951,10.191668,8.081535,9.285275,10.009713,13.140327,14.423217,19.109663,20.016138,24.45591,26.72559,29.848576,23.5419,21.51106,19.345984,15.47001,12.750863,9.827596,7.470323,6.955597,0.0,7.3512383,7.0852942,6.3291836,8.661432,11.5463915,11.5805645,12.05559,13.603763,16.011597,16.704163,16.752808,19.635881,20.663599,22.053858,22.531322,25.127964,26.724636,25.403788,22.47195,27.11316,28.259731,25.362665,25.302307,23.588478,19.850525,19.689964,22.795826,20.080637,15.079855,16.854517,14.912896,17.988997,15.715833,11.621611,11.3139515,7.569582,9.082158,14.127831,11.270162,7.9833503,12.0767975,16.158897,16.543533,19.980465,21.291227,20.994663,26.562721,25.103304,28.259342,31.318287,28.539968,24.229652,23.072403,25.409328,18.241976,19.15708,23.804607,23.716272,21.030981,24.965584,24.555214,19.780361,21.813025,24.90306,23.29792,20.694078,25.91221,28.071592,25.021566,24.356506,28.348707,30.997492,33.198982,33.3475,30.898907,31.88751,27.179737,30.973124,28.289938,31.61486
32,39.38764,36.766693,34.046246,31.278433,27.283098,25.510836,22.079283,18.85291,15.06303,13.753586,10.014321,9.816138,6.13119,6.9792857,10.703911,10.227938,14.392656,15.981855,20.75689,22.340687,26.519375,29.226627,32.620266,27.067675,25.221567,22.66488,19.243853,16.694962,13.314901,12.385581,8.558307,7.3512383,0.0,5.3775024,7.271203,6.847963,7.7116013,10.648393,12.0759325,11.950285,13.651983,17.28817,16.837284,17.849648,19.54229,22.841387,22.352236,23.545876,26.213001,24.296467,22.871597,27.823944,29.002771,26.313553,27.311216,26.640072,22.380714,23.554346,26.387888,22.131512,18.137217,21.117514,20.158401,22.401262,18.696123,15.116061,16.785358,13.680095,14.045625,19.983225,18.126682,14.647003,17.38756,22.312748,21.777054,25.983377,26.74329,25.54848,31.324368,28.8147,31.751678,34.189102,31.332304,27.252092,25.220547,26.826136,20.035587,19.410103,23.49615,23.43899,19.827446,22.851671,21.676039,16.509928,18.338089,20.972506,17.824247,16.245472,22.200417,23.182356,19.293028,19.418955,24.135813,26.039118,28.043095,28.999332,26.862848,28.60781,24.782938,29.051897,27.32425,31.186163
33,43.38389,40.74018,38.426094,35.354168,31.349258,30.10058,26.179337,23.652866,19.572504,18.805187,15.222258,15.023142,11.277405,11.06454,14.409938,13.713834,17.880257,18.601768,24.068592,24.630188,29.05748,31.817198,34.652935,28.70132,27.088846,25.06652,20.814457,18.735106,14.97,14.044368,10.034068,7.0852942,5.3775024,0.0,5.4461594,8.15734,7.998999,7.939866,11.196974,12.561569,12.642662,15.53399,16.545687,17.82682,18.086323,21.711847,22.413658,23.151602,24.995783,22.660175,20.724392,26.696177,26.858084,23.635271,25.063787,24.641863,20.820793,21.688784,23.62997,19.242054,16.05714,17.896324,16.715359,18.267982,14.771264,11.8513565,13.131758,10.651139,12.147385,17.675838,16.290745,13.924516,16.659832,21.562,20.544418,24.604456,26.06446,24.83163,30.573235,28.008137,31.355768,33.801666,31.576344,27.277199,25.233515,28.046406,20.671917,21.116241,25.473446,26.084,22.871012,25.898571,25.63453,20.149813,21.32868,24.269112,21.528606,18.43632,24.124662,26.113152,21.884056,20.692158,25.536827,28.268177,30.688026,31.62131,29.096672,31.347578,26.784103,30.904684,28.994728,32.521336
34,39.77618,37.076668,35.28263,31.87482,27.934013,27.410467,22.94036,21.550293,17.13307,17.548964,14.571821,15.195726,12.333358,12.00643,13.078668,10.721205,14.744925,14.345215,20.379227,20.00203,24.469257,27.352808,29.769434,23.858938,22.556755,20.971642,16.242498,14.943935,10.74852,11.230621,5.8349624,6.3291836,7.271203,5.4461594,0.0,4.6156926,6.3221984,5.353597,6.400055,8.432814,9.809264,11.055545,11.661708,13.946182,14.522556,16.913273,17.621763,19.317846,20.932646,19.264837,16.73533,21.983915,22.760416,19.851095,20.523985,19.722898,15.712197,16.657032,19.173561,15.14522,11.092681,13.897902,13.339211,15.528891,11.664523,7.903203,10.56147,8.317181,7.5463295,13.541045,12.960577,10.428237,11.854402,17.19422,15.631466,20.077175,21.171917,19.606655,25.387188,22.654108,25.941603,28.39211,26.133902,21.832977,19.825293,22.807241,15.328822,16.225916,20.745852,21.58846,18.83411,22.119377,22.657366,17.260656,18.292065,21.573889,20.256958,16.14839,21.17031,24.110043,20.830622,19.129482,23.117878,26.35769,28.915808,29.103113,26.345823,28.060406,22.924416,26.772594,24.421291,27.724697
35,35.692574,33.1504,31.282967,28.160227,24.257456,23.405758,19.29856,17.758242,13.11666,14.082968,11.094472,12.686873,10.590251,11.344529,11.732011,7.8818192,12.197379,11.687404,17.723852,17.690735,21.931322,25.034458,27.676844,22.337057,21.11714,19.279305,15.042303,13.908077,9.667617,11.292367,4.365,8.661432,6.847963,8.15734,4.6156926,0.0,4.305982,7.0144687,5.7659426,5.4251914,8.645943,11.1883135,10.061801,11.668145,13.7891865,16.216904,15.580596,17.410767,19.94612,18.616587,16.95095,21.175825,22.896912,20.639898,21.161186,20.506508,16.050499,17.770372,20.899523,16.670313,12.477067,16.668434,16.796913,19.16619,14.869288,11.160172,14.603098,12.315599,10.125113,16.180386,15.773081,12.463449,13.009354,18.542982,16.891672,21.672583,21.927568,19.963673,25.734926,22.61186,25.449734,27.615059,24.915243,20.903547,18.571281,20.466135,13.541474,13.156356,17.392418,17.989569,14.804282,17.892836,18.151112,12.6874075,13.864159,17.08239,15.8735285,12.160968,17.334019,19.854624,16.966188,15.928603,19.692106,22.492811,24.857676,24.963238,22.382484,23.861124,19.128342,23.171158,21.08911,24.74373
