,0,1,2,3,4,5,6,7,8,9,10,11,12,13,14,15,16,17,18,19,20,21,22,23,24,25,26,27,28,29,30,31,32,33,34,35,36,37,38,39,40,41,42,43,44,45,46,47,48,49,50,51,52,53,54,55,56,57,58,59,60,61,62,63,64,65,66,67,68,69,70,71,72,73,74,75,76,77,78,79,80,81,82,83,84,85,86,87,88,89,90,91,92,93,94,95,96,97,98,99,100,101,102,103,104,105,106,107,108,109,110,111
0,0.0,4.0701804,7.4215612,10.186473,13.134099,14.734246,18.805458,22.85142,25.106302,28.267714,31.805399,34.226032,35.455788,32.185627,26.952383,26.34508,22.886757,22.446398,18.153185,19.560228,18.214102,17.907202,18.329048,21.677628,23.31016,23.031517,24.017809,22.857954,26.21439,23.128262,30.21367,25.066074,31.413261,28.821917,31.277452,33.21592,30.960798,30.917122,27.073755,25.134348,29.541918,26.780855,30.793234,30.253508,26.533472,29.699282,26.333672,28.630024,27.754786,29.884058,31.707726,32.228848,37.053467,38.039402,39.97548,36.46706,36.523083,38.016434,42.641994,42.094463,38.327976,36.55512,41.843277,41.96104,46.161816,42.36832,39.31846,45.102745,42.980183,39.81927,42.398075,41.68445,40.763,36.260708,39.14468,33.556587,36.86598,32.561924,32.811825,32.76949,29.484434,27.87029,23.409887,23.345137,22.631763,24.745646,21.172052,25.632004,22.576689,25.430607,26.141241,28.024626,32.33925,31.98874,30.181015,27.150377,25.958782,22.394209,20.707909,23.781462,19.884834,24.788206,27.681408,31.83454,33.877308,30.580288,31.01614,25.819721,28.354185,30.215176,29.221743,32.489635
1,4.0701804,0.0,3.966529,6.1652975,9.293679,10.828007,14.750981,18.964178,21.0512,24.301916,27.803368,30.194601,31.394314,28.193,22.958416,22.540367,19.201822,19.263466,15.426961,17.246191,16.63478,16.690845,17.791481,20.51179,21.721056,21.247875,21.496841,19.957792,22.8992,19.709066,26.41842,21.226051,27.475422,24.814383,27.398838,29.323917,27.271368,27.265997,23.267078,21.259321,25.81801,23.198486,27.091557,26.741896,23.43447,26.558132,23.745438,26.258951,25.918036,27.889736,29.573444,29.621977,34.534023,35.214275,37.237503,33.763626,33.42845,34.726463,39.449474,38.61813,34.724827,33.117558,38.4398,38.681072,42.753654,38.717106,35.8588,41.719345,39.410355,36.31473,38.996918,38.51993,37.54059,32.92677,35.959904,30.234251,33.57952,29.39154,29.4303,29.638912,25.985834,24.56468,19.924952,19.570814,18.938667,21.101828,17.900324,22.532063,20.007223,23.224482,24.367325,26.64245,31.057734,31.236267,29.586134,26.470516,25.634937,22.034243,19.50127,22.042656,18.308498,23.32316,26.047262,30.100876,32.279663,29.228746,29.287443,24.026903,25.818983,27.678432,26.242476,29.484344
2,7.4215612,3.966529,0.0,4.895497,7.2232914,7.6116285,12.388697,15.508854,18.179512,21.111338,24.626066,27.258657,28.953403,25.92455,20.687994,20.400227,17.520351,17.82259,15.25997,16.790688,17.292454,17.066988,19.025816,21.434643,22.020409,21.808838,21.157902,19.558304,21.767527,18.902504,24.780636,19.788498,25.754475,22.75578,25.805563,27.336832,25.799444,26.161299,21.871996,19.848526,24.788866,22.435392,25.932993,25.74083,23.201187,25.840193,23.927809,26.125938,26.482592,27.886124,29.152939,28.83209,33.847527,34.023056,36.458305,33.220375,32.282303,33.531754,38.16644,37.165573,33.17878,31.432285,36.53946,36.630985,40.61074,36.5336,33.50264,39.268257,36.592445,33.473625,35.894054,35.57163,34.330723,29.74104,32.4906,26.742754,29.834848,25.577223,25.55681,25.679155,22.12453,20.724535,16.129364,15.934694,15.449978,17.97632,14.769577,20.058325,18.099892,21.35803,23.070656,25.414303,29.874273,30.10788,28.239386,24.982718,24.151936,20.403889,17.306414,19.742977,16.91557,21.977318,24.567984,28.743698,31.186295,28.202501,27.78843,22.240921,23.68637,25.06679,23.408396,26.332983
3,10.186473,6.1652975,4.895497,0.0,3.7994778,6.2720466,8.651282,13.727481,15.181685,18.578182,22.169329,24.22497,25.333244,22.030518,16.801424,16.59537,13.41752,14.438366,11.61053,14.149057,14.823818,15.584488,17.570887,19.03024,19.497276,18.67634,17.665703,15.495649,17.636799,14.330789,20.408812,15.225238,21.436783,18.92346,21.724564,23.861275,22.26456,22.12519,17.847818,15.535371,20.145357,17.611032,21.25388,21.116842,18.53014,21.49189,19.672447,22.476463,23.0143,24.693466,26.142048,25.416103,30.36197,30.59595,32.672104,29.279331,28.371061,29.34961,34.19542,32.962482,28.918152,27.585129,32.966084,33.447803,37.306458,32.920433,30.435574,36.41378,33.947216,30.99351,33.957127,33.83085,32.893417,28.118988,31.563658,25.683836,29.254375,25.438213,25.182636,26.088295,21.672699,20.943432,16.030888,14.683584,13.960097,15.891697,13.646011,18.090395,16.591946,20.338379,22.052881,24.9254,29.327078,30.441132,29.233315,26.17103,26.0371,22.681921,19.043196,20.362213,16.876654,21.678219,23.977964,27.631573,29.901386,27.384459,26.90734,21.880064,22.25801,24.254627,22.0838,25.353102
4,13.134099,9.293679,7.2232914,3.7994778,0.0,6.1666965,6.5726643,11.408224,12.998305,15.770299,19.954195,21.496855,23.183094,19.3571,14.116367,13.343728,10.303647,11.042521,9.502953,11.596939,13.377219,13.987844,16.688951,17.628471,17.447718,16.906073,15.077401,13.062206,14.664395,12.000934,17.77122,13.160858,19.556808,17.482933,20.709677,23.012812,22.128422,21.872175,17.357183,14.615376,18.931322,16.057812,19.238808,18.73423,16.652008,18.870733,17.782537,19.996387,21.150911,22.230703,23.31403,22.35716,27.353752,27.28445,29.667702,26.491728,25.233984,26.352573,31.030386,29.94256,25.979883,24.264656,29.486866,29.812658,33.71518,29.51417,26.767258,32.699654,30.284367,27.28621,30.26665,30.071136,29.22975,24.456448,28.089918,22.26024,26.155823,22.552925,22.558096,24.044867,19.417488,19.562492,14.690339,12.425854,10.892785,12.330575,10.1507635,14.324088,13.164099,17.02913,19.03466,22.086365,26.429716,27.906263,26.903358,23.926622,24.192566,21.110313,17.022192,17.594343,14.363851,18.911299,20.97055,24.469744,26.824154,24.515753,23.746445,18.837395,18.680395,20.702915,18.385542,21.747683
5,14.734246,10.828007,7.6116285,6.2720466,6.1666965,0.0,6.447501,8.558438,10.929494,14.234646,17.17467,20.213684,21.820963,19.545412,14.530389,15.383165,13.577966,15.789267,15.390603,17.53544,19.54282,19.996958,22.722328,23.792692,23.524689,22.933117,20.67487,18.280733,18.80472,15.968028,19.570948,14.713804,19.545004,15.886776,19.362274,20.331444,19.47779,20.318975,15.802607,14.020572,19.486174,18.183474,20.958305,21.637691,20.731346,23.043394,22.873304,25.445753,26.963747,27.934313,28.776798,27.315754,32.242725,31.58726,34.16254,31.173445,29.190344,29.778126,34.526554,32.661926,28.367025,27.264215,32.24689,32.664986,36.134342,31.372551,28.995756,34.790806,31.433325,28.581303,31.074835,31.536123,29.976349,25.233389,28.043692,22.066725,24.786257,20.899714,19.978455,20.465208,16.047441,14.832223,9.929715,9.268763,9.980044,13.098627,11.821935,17.451246,17.528551,21.19446,23.831757,26.717768,31.038916,32.18524,30.60763,27.405975,27.162022,23.65161,19.427011,20.51512,18.869888,23.432709,25.391827,29.07389,31.696808,29.397165,28.151983,22.871761,22.389944,23.37609,20.568027,22.95777
6,18.805458,14.750981,12.388697,8.651282,6.5726643,6.447501,0.0,7.346022,6.837872,10.580951,14.0636215,15.685279,16.782833,13.642089,8.464351,9.459482,7.797854,11.496997,12.228646,14.960825,17.58257,18.884243,21.722996,21.502813,20.75443,19.676113,16.549541,13.61763,13.173755,10.333598,13.145981,8.3623905,13.61366,11.007653,14.558966,16.642885,16.34563,16.307768,11.630169,8.961077,13.76456,12.160818,14.608808,15.300842,15.110993,17.199736,17.957966,20.820173,22.939253,23.802046,24.579874,22.451063,27.157156,26.348484,28.611748,25.63881,23.411106,23.6416,28.539192,26.398087,22.042995,21.352953,26.568455,27.435907,30.72257,25.633097,23.91187,29.922115,26.900038,24.289211,27.523619,28.196718,27.14443,22.263178,26.078936,20.159454,23.67443,20.693605,19.727266,21.654903,16.241974,16.74317,12.135233,9.0176115,8.69215,10.117695,10.856185,14.488927,15.561482,19.513416,22.131735,25.517445,29.560955,31.776997,31.046474,28.201841,28.825373,25.938358,21.329987,20.954897,18.829525,22.657314,24.075188,26.913511,29.279047,27.696814,26.296572,21.946806,19.953096,21.64223,18.2368,20.998775
7,22.85142,18.964178,15.508854,13.727481,11.408224,8.558438,7.346022,0.0,5.1714206,6.1803427,9.5606365,12.580493,15.765008,13.899301,9.965008,11.373087,12.075733,15.011215,17.87827,19.238667,22.790752,23.155167,26.65574,26.673693,25.29844,24.99978,21.186922,18.961035,17.249306,16.025059,15.923843,13.166525,15.8881855,12.410051,16.825748,17.044271,18.306852,19.498417,15.06625,13.371216,18.06808,17.585955,18.51915,19.472496,20.855984,21.53731,23.673317,25.364626,28.222414,28.023436,27.94717,25.529163,30.075066,28.256138,31.396784,29.182629,25.879759,26.09825,30.329124,28.017857,23.794367,22.657518,26.78786,27.071108,29.984177,25.105751,22.827677,28.21398,24.090416,21.467026,23.627502,24.788197,22.841724,18.197746,20.821516,14.9150305,17.277393,14.141181,12.60837,14.385001,8.900936,9.985471,6.095389,1.85298,4.269044,7.4909472,9.357103,14.078123,16.624432,19.848835,23.313967,26.30151,30.107576,31.967707,30.686632,27.781473,28.187525,25.308651,20.45547,19.905539,20.127666,23.4878,24.54915,27.519402,30.287868,28.774527,26.591478,21.993425,19.604362,19.661789,15.926363,17.225042
8,25.106302,21.0512,18.179512,15.181685,12.998305,10.929494,6.837872,5.1714206,0.0,4.9677663,7.2502136,9.486942,11.161,9.584695,5.9689455,9.107014,10.440103,14.843531,17.716858,19.872026,23.266657,24.42489,27.62466,26.894114,25.527853,24.596495,20.54027,17.72106,15.341442,13.796806,11.982278,9.3818445,10.837508,7.3432007,11.813014,12.5013895,14.074241,14.893691,10.653694,9.0638895,13.312581,13.655923,14.102874,15.850021,18.048298,18.976463,21.70104,24.1216,27.146059,27.27135,27.389517,24.423117,28.651245,26.824333,29.3725,27.05808,23.63593,23.165981,27.694803,24.690603,20.23962,20.19383,24.62929,25.634237,28.139174,22.520338,21.494911,27.091646,23.134506,20.965012,23.887821,25.497686,23.973656,19.318426,22.714472,17.089533,19.691614,17.544731,15.59043,17.958776,12.190231,13.528165,10.31418,6.7676377,8.144171,9.348085,12.622348,15.583324,18.552923,22.017336,25.228647,28.561007,32.205082,34.74873,34.02767,31.317694,32.122643,29.458923,24.56095,23.493567,22.917816,26.009329,26.830618,29.18345,31.6561,30.633364,28.534784,24.63023,21.357367,22.106922,18.00668,19.550148
9,28.267714,24.301916,21.111338,18.578182,15.770299,14.234646,10.580951,6.1803427,4.9677663,0.0,5.574323,6.6175346,10.999903,9.137027,7.2593803,9.110849,11.829754,15.244423,19.60256,20.787474,24.833008,25.53261,29.124933,28.209362,26.292341,25.877443,21.30868,19.139557,15.941957,15.866689,12.648433,12.187265,12.737798,10.600258,14.949043,15.239388,17.890707,18.720041,14.915347,13.321822,16.388184,16.467813,15.845597,16.978298,20.007835,19.60266,23.271446,24.591621,28.183784,27.439953,26.907217,23.742682,27.704657,25.20475,28.333965,26.652157,22.568441,22.26292,26.120821,23.334074,19.240908,18.50141,22.044083,22.588291,24.904078,19.687363,18.118635,23.28476,18.860565,16.67923,19.184351,21.03203,19.268648,14.772807,17.976305,12.601957,15.143056,13.674222,11.875371,15.275001,9.612876,12.814919,10.8702755,6.8484416,7.311331,7.324895,11.771564,13.7408495,17.739988,20.582752,24.110046,27.234997,30.498528,33.172935,32.51525,30.020561,31.074966,28.811058,23.857412,22.093819,22.649359,24.995361,25.347885,27.364243,29.918905,29.222425,26.661118,23.168537,19.231482,19.250383,14.963237,15.689611
10,31.805399,27.803368,24.626066,22.169329,19.954195,17.17467,14.0636215,9.5606365,7.2502136,5.574323,0.0,5.5702186,8.59072,10.291741,10.320153,13.534544,16.344086,20.414799,24.356422,26.010723,29.83262,30.775808,34.21795,33.244167,31.466574,30.74748,26.220003,23.69467,20.321608,19.801434,15.166107,14.881803,12.87402,9.830565,13.564776,12.097965,15.641662,17.303135,14.416682,14.124164,16.983263,18.673891,17.523302,19.781689,23.452204,23.402197,27.342403,29.22304,32.810806,32.311184,31.85639,28.405598,32.040005,29.34529,32.13166,30.568111,26.25795,25.245693,29.01716,25.395039,21.292625,21.761213,24.858118,25.816765,27.298996,21.569778,21.281677,25.87373,20.92931,19.48159,21.568455,24.219748,22.121113,18.237886,20.567106,15.977314,16.8501,16.049067,12.988544,15.561329,10.4971075,12.702148,12.191435,9.936938,12.1307125,12.8482685,17.073881,19.255222,23.31201,26.122686,29.670977,32.771103,35.960014,38.618618,37.845848,35.31208,36.19202,33.776096,28.853464,27.347294,28.110083,30.540768,30.86596,32.781403,35.297806,34.733616,32.091988,28.664972,24.638483,24.359694,20.073097,20.08709
11,34.226032,30.194601,27.258657,24.22497,21.496855,20.213684,15.685279,12.580493,9.486942,6.6175346,5.5702186,0.0,6.248395,6.6077538,9.02039,11.481982,15.172159,18.978865,23.708914,25.076088,29.112968,30.258875,33.678738,32.016926,29.880383,29.137503,24.264452,22.008724,17.844229,18.365076,12.007012,13.869863,10.965302,10.555125,13.709138,13.646212,17.561142,18.129934,15.654231,14.806547,15.843839,17.167381,14.875829,16.703203,21.28848,20.24639,25.099863,26.475697,30.469755,29.5498,28.797865,24.96927,28.053097,25.030333,27.685446,26.537334,21.86402,20.571224,23.962975,20.212605,16.367285,17.019047,19.671007,20.898327,22.029934,16.112164,16.501158,20.997179,16.353222,15.313882,18.115683,20.928598,19.501657,15.824577,19.119232,15.187324,17.037243,17.333502,15.161319,18.951296,14.018158,17.444567,16.624538,13.244975,13.811932,12.77629,17.708406,17.875282,22.42154,24.938522,28.263378,31.440989,34.194176,37.50078,37.354553,35.18733,36.633232,34.733658,29.807407,27.449747,28.004398,29.688065,29.543234,30.673645,32.89073,32.939137,30.230844,27.763016,22.862219,22.966484,18.625233,18.755432
12,35.455788,31.394314,28.953403,25.333244,23.183094,21.820963,16.782833,15.765008,11.161,10.999903,8.59072,6.248395,0.0,6.283064,9.841914,13.457057,16.51227,21.243036,24.904154,27.189646,30.613232,32.44595,35.37853,33.403107,31.659374,30.213758,25.679918,22.802427,18.841244,18.426296,11.260815,12.915953,7.1904435,7.6041093,8.889474,8.971246,13.155372,13.311554,12.198228,12.342075,12.031349,15.002744,12.302823,15.520219,20.37549,20.277842,24.92638,27.450222,31.09634,30.960701,30.753166,26.746086,29.54364,27.004917,28.628716,27.104053,22.888092,20.72949,24.610538,19.946983,15.880068,18.450033,21.653517,23.834848,24.523365,17.899532,20.051228,24.615673,20.711672,20.175564,23.512163,26.339529,25.332302,21.712685,25.292252,21.352356,23.211878,23.297373,20.804983,23.978851,18.88338,21.149664,19.884315,16.863132,17.931427,17.251608,21.906744,22.170773,26.204939,29.158508,32.14161,35.57959,38.4604,42.013386,42.084454,39.8602,41.306004,39.214996,34.27143,32.169884,31.75012,33.768772,33.80268,34.81525,36.78412,36.911213,34.55728,32.17539,27.345922,28.177786,23.841515,24.56714
13,32.185627,28.193,25.92455,22.030518,19.3571,19.545412,13.642089,13.899301,9.584695,9.137027,10.291741,6.6077538,6.283064,0.0,5.255765,7.665088,11.037433,15.383647,19.495987,21.445173,25.01382,26.831964,29.787037,27.569231,25.63194,24.322048,19.621168,17.002842,12.741362,13.062606,5.610431,8.6294775,5.7255926,8.22232,10.575711,12.995979,15.860535,14.972874,12.585237,10.973583,10.357392,11.0998535,8.347445,10.2574625,15.154393,14.3963375,19.290651,21.323202,25.133465,24.750565,24.484314,20.522867,23.547232,21.184374,23.01235,21.307692,17.163141,15.53156,19.800325,15.872153,11.444101,12.98313,17.086836,19.137114,20.739134,14.3434305,15.516961,20.91697,17.799515,16.648624,20.745342,22.781586,22.375662,18.332043,22.916222,18.631208,21.924784,21.701326,20.228418,24.063297,18.579601,21.555912,19.318838,15.242502,14.838574,13.09871,17.657784,16.827082,20.691896,23.618067,26.340975,29.851702,32.667248,36.445812,36.85077,34.79254,36.533592,34.727665,29.87382,27.402214,26.482738,28.206268,28.152317,28.959084,30.797401,31.00155,28.819265,26.76391,21.826227,23.28316,19.091957,20.621328
14,26.952383,22.958416,20.687994,16.801424,14.116367,14.530389,8.464351,9.965008,5.9689455,7.2593803,10.320153,9.02039,9.841914,5.255765,0.0,4.450256,6.819245,11.7307625,15.263934,17.478947,20.949135,22.648384,25.655067,23.981922,22.334805,21.090178,16.649662,13.765382,10.425005,9.641272,6.0697756,5.2284784,7.184273,7.310354,10.867387,13.57164,15.253716,14.545049,10.820603,8.235142,9.956636,9.293898,8.850803,10.095601,13.172745,13.4547825,17.054111,19.420004,22.797358,22.808018,22.911919,19.526348,23.416704,21.662134,23.783464,21.457228,18.017942,17.315659,22.033047,19.0201,14.524838,14.7397,19.634233,21.123133,23.663284,17.89303,17.468164,23.377897,20.338058,18.37647,22.27217,23.659048,23.034634,18.425833,22.98554,17.805634,21.524765,20.190626,18.978619,22.365225,16.613794,19.015743,15.844437,11.585076,10.886181,9.719671,13.57078,13.955723,17.117863,20.527966,23.287453,26.86685,30.167702,33.498848,33.567364,31.240437,32.687904,30.563261,25.722141,23.781734,22.400097,24.791529,25.218287,26.74363,28.809381,28.382029,26.440437,23.566847,19.448156,21.144035,17.051775,19.264803
15,26.34508,22.540367,20.400227,16.59537,13.343728,15.383165,9.459482,11.373087,9.107014,9.110849,13.534544,11.481982,13.457057,7.665088,4.450256,0.0,4.1178517,7.826427,12.508129,13.9389,17.811033,19.301617,22.476067,20.567966,18.552282,17.67326,12.895081,10.617867,6.8670034,7.701773,6.1480117,6.608295,10.5210905,11.68351,14.916663,17.984777,19.455492,18.378893,14.6342,11.572778,12.604544,10.112275,9.881501,9.02944,11.463277,10.599578,14.349871,15.696257,19.358606,18.836683,18.694921,15.42028,19.546299,17.86981,20.374302,18.088417,14.758019,14.881852,19.432087,17.429064,13.316985,12.001422,17.113981,18.179773,21.366594,16.395203,14.854234,20.98873,18.681242,16.346354,20.484177,21.16086,21.041435,16.402792,21.494003,16.470028,21.083138,19.77625,19.50098,23.308851,17.804996,20.804338,17.448046,12.803764,10.567021,8.047139,11.465567,10.245514,13.33006,16.588638,19.151794,22.764711,25.932043,29.49089,29.879187,27.765158,29.540443,27.793245,23.082092,20.640692,18.99888,20.913767,21.156385,22.43488,24.41273,24.102299,22.22447,19.748283,15.432013,17.654144,13.834001,16.700462
16,22.886757,19.201822,17.520351,13.41752,10.303647,13.577966,7.797854,12.075733,10.440103,11.829754,16.344086,15.172159,16.51227,11.037433,6.819245,4.1178517,0.0,5.4005504,8.60349,10.754072,14.172858,15.970921,18.898254,17.194098,15.617252,14.45904,10.190329,7.4025073,5.462828,4.5372453,8.107808,5.99076,12.2420845,12.978997,15.915307,19.419376,19.91024,18.563065,14.584704,11.154483,12.702594,9.042531,10.575657,9.198178,9.302466,9.800819,11.738907,13.763618,16.738342,16.948566,17.461678,14.865116,19.432121,18.682453,20.818428,17.90825,15.713119,16.300163,21.12343,19.656961,15.688117,14.258675,19.77456,20.770323,24.336653,19.752182,17.961512,24.128641,22.30823,19.793177,23.857,24.04471,24.040989,19.334982,24.341911,19.075068,23.842041,21.897402,21.835903,25.170242,19.699154,22.001188,17.976511,13.626204,11.190034,9.395849,11.077127,10.576656,12.037438,15.764798,17.869802,21.574543,25.081524,28.395056,28.748306,26.514536,28.135193,26.207184,21.692045,19.762077,16.977354,19.463884,20.178295,21.860922,23.765512,23.007526,21.669935,18.80707,15.515202,18.36778,15.082916,18.60754
17,22.446398,19.263466,17.82259,14.438366,11.042521,15.789267,11.496997,15.011215,14.843531,15.244423,20.414799,18.978865,21.243036,15.383647,11.7307625,7.826427,5.4005504,0.0,6.4116044,6.2422943,10.537705,11.664357,14.979404,13.234746,11.079305,10.8997135,6.4095397,5.7452765,5.5850325,7.134967,12.1689415,11.223097,17.337797,18.321594,21.294765,24.772074,25.257744,23.86705,19.887573,16.425352,17.705366,13.393827,14.858625,12.116443,10.848141,9.9936495,10.823623,10.693826,13.667517,13.036133,13.268893,11.570926,16.556103,16.256052,18.913305,16.145258,14.677521,16.538153,20.654486,20.640955,17.493587,14.43462,19.486633,19.683008,23.904295,20.668154,17.542845,23.413883,22.448393,19.60481,23.435146,22.66198,23.133003,18.702818,23.771248,18.932497,24.273256,22.26065,23.194258,26.665445,21.748472,24.417004,20.42958,16.170584,12.661708,10.195112,10.0947895,7.7108655,7.5456705,11.081969,12.66962,16.403578,19.893354,23.29347,23.973984,21.990309,23.960634,22.5308,18.385645,15.989687,12.561438,14.48263,15.147212,16.788462,18.633862,17.720934,16.663795,14.115289,11.323254,14.97576,12.683606,16.909729
18,18.153185,15.426961,15.25997,11.61053,9.502953,15.390603,12.228646,17.87827,17.716858,19.60256,24.356422,23.708914,24.904154,19.495987,15.263934,12.508129,8.60349,6.4116044,0.0,4.5812435,5.8429456,8.429151,10.57332,9.353254,8.94755,7.6072865,6.2226872,4.8662515,8.944935,7.4407372,15.545575,12.715168,19.736403,20.315075,22.650679,26.49149,25.790894,24.09039,20.273043,16.884996,18.422876,13.666137,16.711454,14.235751,10.288843,11.997282,9.198778,10.94997,11.648408,13.148318,14.892452,14.493759,19.275867,20.332043,21.892534,18.364244,18.539377,20.268719,24.717562,24.765793,21.614147,19.408655,24.825068,25.354353,29.553003,26.199518,23.639063,29.495445,28.774343,25.996113,29.836428,28.96521,29.405449,24.941902,29.773642,24.6779,29.777374,27.17014,27.888155,30.660343,25.724724,27.318016,22.737038,19.175495,16.29653,15.132131,13.7740135,13.362223,11.132242,14.629556,15.073761,18.49713,22.269634,25.01973,25.576834,23.453176,24.943287,23.14372,19.630587,18.54346,13.351813,16.294107,17.792534,19.898136,21.37042,19.81635,19.852346,16.94928,16.164593,19.998196,18.328596,22.64557
19,19.560228,17.246191,16.790688,14.149057,11.596939,17.53544,14.960825,19.238667,19.872026,20.787474,26.010723,25.076088,27.189646,21.445173,17.478947,13.9389,10.754072,6.2422943,4.5812435,0.0,4.791159,5.4840446,8.801938,7.766762,6.202728,6.9369,5.5369687,6.980837,10.269124,10.727586,17.780987,15.9846,22.719717,23.42562,26.153135,29.786064,29.553236,28.032919,24.061937,20.612356,22.110771,17.336632,19.705162,16.673254,13.343113,13.385993,11.166683,10.318926,11.273086,11.32382,12.41915,12.863675,17.710554,18.747265,20.956665,17.92406,18.161234,20.647139,24.380898,25.2977,22.64424,19.350103,24.134838,23.983751,28.49767,26.086863,22.578207,28.042387,27.720957,24.763983,28.254498,26.790266,27.46316,23.324476,28.006311,23.367048,28.702772,26.196121,27.591652,30.546434,26.07239,28.154394,23.855198,20.235216,16.700487,15.018746,12.903644,11.328722,7.8692718,10.725041,10.625068,13.971796,17.726912,20.494247,21.2773,19.386225,21.224737,19.948942,16.743565,15.138591,9.662424,11.935584,13.382444,15.530797,17.035908,15.272341,15.474012,12.825464,12.701824,16.777235,15.951952,20.424658
20,18.214102,16.63478,17.292454,14.823818,13.377219,19.54282,17.58257,22.790752,23.266657,24.833008,29.83262,29.112968,30.613232,25.01382,20.949135,17.811033,14.172858,10.537705,5.8429456,4.791159,0.0,3.903695,4.8359127,4.277315,5.2669654,5.182894,7.56338,8.868066,13.393447,12.873085,20.862913,18.490242,25.438196,26.155552,28.41411,32.306015,31.432997,29.650831,25.94045,22.608288,23.934906,18.999699,21.98224,18.988064,14.42065,15.5318165,11.351304,11.275193,10.144902,11.778846,13.915722,15.277674,19.626715,21.585814,22.961489,19.578127,20.9429,23.363012,27.143452,28.235584,25.730112,22.881245,27.807888,27.878925,32.352795,29.985083,26.85609,32.26406,32.25798,29.389297,32.973698,31.423885,32.20715,28.110783,32.755737,28.084648,33.343353,30.634508,31.93477,34.58387,30.107168,31.679014,27.12965,23.863802,20.669628,19.445316,17.058802,16.098032,12.273975,14.644054,13.623982,16.369818,19.908648,22.213406,23.104748,21.354029,22.905737,21.619793,19.182358,18.390778,12.179054,14.543613,16.304718,18.33582,19.321905,17.354485,18.444357,16.13022,17.025093,21.128902,20.639894,25.10518
21,17.907202,16.690845,17.066988,15.584488,13.987844,19.996958,18.884243,23.155167,24.42489,25.53261,30.775808,30.258875,32.44595,26.831964,22.648384,19.301617,15.970921,11.664357,8.429151,5.4840446,3.903695,0.0,4.187931,5.9961805,6.2252083,8.086533,9.808874,11.713378,15.610312,15.628076,23.162256,20.92511,27.862564,28.223516,30.900156,34.46124,33.815838,32.36145,28.379005,25.034468,26.839458,22.032377,24.802645,21.790335,17.755564,18.225513,14.765609,13.564716,12.796452,13.280637,14.7100115,16.551096,20.907785,22.597239,24.589613,21.631483,22.704088,25.469831,28.8631,30.28726,27.89164,24.444407,28.942629,28.486877,33.128555,31.242256,27.405117,32.539917,32.477467,29.422949,32.54383,30.650854,31.335201,27.44523,31.676117,27.227428,32.4034,29.538294,31.253326,33.73584,29.733482,31.354595,26.990576,23.96327,20.530033,19.400454,16.232979,15.43223,10.810636,12.506507,11.138496,13.411864,17.136606,18.821712,19.455524,17.68251,19.157759,18.043646,16.047201,15.465917,9.049355,11.411897,13.530822,16.13363,17.327036,14.739355,16.025963,13.33634,15.4795265,19.267061,19.451733,23.81105
22,18.329048,17.791481,19.025816,17.570887,16.688951,22.722328,21.722996,26.65574,27.62466,29.124933,34.21795,33.678738,35.37853,29.787037,25.655067,22.476067,18.898254,14.979404,10.57332,8.801938,4.8359127,4.187931,0.0,4.663443,7.0185547,8.140886,11.758385,13.60255,18.081867,17.691816,25.680603,23.26366,30.250652,30.801767,33.07812,36.894615,35.83551,34.115974,30.40614,27.146862,28.621641,23.70214,26.767466,23.70131,18.947048,19.948761,15.382471,14.569173,12.39899,13.91231,16.023874,18.412323,22.283255,24.662989,25.9578,22.7983,24.71732,27.432152,30.800919,32.40612,30.193867,27.061153,31.649576,31.402784,35.992615,34.17326,30.683372,35.77294,36.05238,33.106808,36.397316,34.4549,35.31754,31.46899,35.80169,31.374897,36.569534,33.682472,35.30586,37.689762,33.608078,34.977154,30.463158,27.562395,24.33061,23.313969,20.261223,19.476635,14.946174,16.424484,14.529064,16.338556,19.578815,21.049892,21.948172,20.471355,21.789337,20.8317,19.480812,19.284185,12.849633,14.802542,16.823418,18.948643,19.595263,17.162481,19.064495,17.028515,19.35013,23.260477,23.554375,27.937712
23,21.677628,20.51179,21.434643,19.03024,17.628471,23.792692,21.502813,26.673693,26.894114,28.209362,33.244167,32.016926,33.403107,27.569231,23.981922,20.567966,17.194098,13.234746,9.353254,7.766762,4.277315,5.9961805,4.663443,0.0,3.525168,3.899412,8.4014635,10.751534,15.171268,15.375505,23.004192,21.361813,28.023048,29.363668,31.343197,35.51722,34.688946,32.591568,29.162247,25.817703,26.394512,21.271736,23.9516,20.483448,15.7023,16.226244,11.512483,10.216566,7.748988,9.56624,12.133064,14.4920635,18.09835,20.816141,21.637571,18.373425,20.727982,23.436695,26.69535,28.485067,26.581661,23.571987,28.141142,28.165014,32.62963,30.906788,27.857433,32.88999,33.63215,30.927675,34.603207,32.746155,33.989574,30.211714,35.015667,30.772503,36.22768,33.822662,35.344025,38.246357,33.80367,35.66438,31.1987,27.76014,24.392422,22.74179,20.5722,18.569424,14.708342,16.254854,14.298462,16.59914,19.417652,22.025885,23.639734,22.457977,24.376333,23.732206,21.842478,20.666885,14.474377,15.602241,16.935196,18.04583,18.31626,16.786371,18.521923,17.517662,18.473763,22.872353,22.853823,27.343006
24,23.31016,21.721056,22.020409,19.497276,17.447718,23.524689,20.75443,25.29844,25.527853,26.292341,31.466574,29.880383,31.659374,25.63194,22.334805,18.552282,15.617252,11.079305,8.94755,6.202728,5.2669654,6.2252083,7.0185547,3.525168,0.0,3.666188,6.187032,9.448198,13.139447,14.329894,21.227074,20.288239,26.70496,28.282663,30.492455,34.590225,34.236565,32.2124,28.679125,25.233847,25.662455,20.539349,22.68374,18.952085,14.90355,14.360662,10.798003,8.050042,7.098394,7.1567516,9.112996,11.442547,15.292318,17.687794,19.003384,16.023214,17.972431,20.94817,23.951109,25.96383,24.214897,20.738161,25.04354,24.851145,29.38308,27.947271,24.616325,29.513468,30.38514,27.692972,31.326982,29.372604,30.759184,27.128853,32.00446,28.020832,33.584812,31.470152,33.156624,36.3584,31.968431,34.285046,30.041748,26.328314,22.698677,20.592718,18.709919,15.825255,12.21542,13.494947,11.549908,14.135467,16.848831,20.049362,21.921125,20.863697,23.174353,22.793188,20.590586,18.698814,12.949123,13.394891,14.296676,15.022454,15.356764,14.168381,15.583126,15.036574,15.363966,19.90276,19.935555,24.403765
25,23.031517,21.247875,21.808838,18.67634,16.906073,22.933117,19.676113,24.99978,24.596495,25.877443,30.74748,29.137503,30.213758,24.322048,21.090178,17.67326,14.45904,10.8997135,7.6072865,6.9369,5.182894,8.086533,8.140886,3.899412,3.666188,0.0,5.1652255,7.4325185,11.747138,12.210163,19.515657,18.316425,24.696833,26.497816,28.284475,32.63439,31.995007,29.705591,26.456562,23.090023,23.121185,17.942959,20.35894,16.741177,12.042241,12.383723,7.715427,6.7517014,4.974421,7.2917037,10.148944,11.602845,15.38904,17.987696,18.576464,15.046737,17.27939,19.759518,23.281265,24.794197,22.838112,20.126678,24.92783,25.314579,29.622261,27.564869,25.001877,30.196447,30.949818,28.4219,32.42209,30.867756,32.198677,28.33264,33.458332,29.180418,34.702724,32.600002,33.86504,37.065422,32.30983,34.421597,30.008627,26.23522,22.930851,20.954779,19.604721,17.083374,14.117609,16.10396,14.72039,17.583227,20.357628,23.667334,25.4133,24.167566,26.305637,25.55757,23.023016,21.322355,15.538618,16.614744,17.556358,18.245253,18.582907,17.673738,18.821096,18.019129,17.641903,22.210962,21.604696,26.090843
26,24.017809,21.496841,21.157902,17.665703,15.077401,20.67487,16.549541,21.186922,20.54027,21.30868,26.220003,24.264452,25.679918,19.621168,16.649662,12.895081,10.190329,6.4095397,6.2226872,5.5369687,7.56338,9.808874,11.758385,8.4014635,6.187032,5.1652255,0.0,3.8977911,6.98473,8.719921,15.062987,14.59827,20.684837,22.666601,24.776361,28.961342,28.93427,26.822474,23.410606,19.949196,19.937422,14.881307,16.630688,12.873752,9.4844885,8.553583,6.5018697,5.07066,7.279286,7.325254,8.846897,8.449032,13.125902,14.59371,16.006004,12.637288,13.419616,15.841961,19.643782,20.7272,18.458202,15.4645815,20.444988,20.86818,25.168577,22.754711,20.119722,25.561203,25.963654,23.441427,27.561712,26.29134,27.533773,23.569477,28.869532,24.59443,30.141186,28.353992,29.505875,33.033096,28.158009,30.722837,26.569647,22.433788,19.017076,16.561392,16.037334,12.814411,11.046751,13.459192,13.121626,16.569778,19.474072,23.30209,24.899895,23.486048,25.813856,24.962824,21.671738,19.29534,14.4695215,15.460173,15.98094,16.580706,17.416437,16.912437,17.039288,16.068094,14.16415,18.671822,17.425915,21.822367
27,22.857954,19.957792,19.558304,15.495649,13.062206,18.280733,13.61763,18.961035,17.72106,19.139557,23.69467,22.008724,22.802427,17.002842,13.765382,10.617867,7.4025073,5.7452765,4.8662515,6.980837,8.868066,11.713378,13.60255,10.751534,9.448198,7.4325185,3.8977911,0.0,4.966864,4.964016,12.292031,11.02174,17.364014,19.214062,21.135818,25.413744,25.167147,22.996967,19.634712,16.199108,16.25103,11.175179,13.413426,10.150268,6.3959794,7.16799,5.337794,7.4423456,9.472718,10.647736,12.281565,10.870646,15.415306,16.417631,17.535997,13.894501,14.022763,15.5593405,20.12124,20.143265,17.199612,15.220638,20.785612,21.74851,25.736559,22.329313,20.428902,26.260267,26.029188,23.59647,27.90567,27.207409,28.08541,23.791044,29.117775,24.395702,29.69717,27.789064,28.39685,31.770784,26.566996,28.800966,24.513939,20.40594,17.478054,15.410838,15.472813,13.333947,12.414508,15.579189,16.003555,19.614498,22.814274,26.44484,27.623295,25.864128,27.868933,26.506245,22.809528,20.810078,16.205666,18.05246,18.804672,19.829899,20.948595,20.324533,20.105787,18.38114,16.100655,20.23228,18.221039,22.454746
28,26.21439,22.8992,21.767527,17.636799,14.664395,18.80472,13.173755,17.249306,15.341442,15.941957,20.321608,17.844229,18.841244,12.741362,10.425005,6.8670034,5.462828,5.5850325,8.944935,10.269124,13.393447,15.610312,18.081867,15.171268,13.139447,11.747138,6.98473,4.966864,0.0,4.754728,8.131601,8.883348,14.06286,16.58998,18.683777,22.811668,23.421774,21.361599,18.115046,14.756123,14.195776,9.688721,10.333764,6.8282104,6.54874,4.739818,7.85586,8.997092,12.64398,12.45373,12.943781,9.933998,14.243997,13.952996,15.561146,12.471793,10.818132,11.848384,16.617401,15.992254,12.723754,10.74845,16.484453,17.718542,21.438408,17.54541,16.015568,21.999453,21.508587,19.290981,23.841467,23.586636,24.478573,20.238176,25.783913,21.297647,26.53463,25.237284,25.638943,29.475935,24.159222,27.009731,23.205158,18.699781,15.843425,13.096522,14.684317,11.660524,12.717883,15.720503,16.929901,20.634262,23.524601,27.58616,28.800331,27.106396,29.317537,28.066523,23.931044,21.27865,17.956774,19.287691,19.464354,20.016853,21.296278,21.282133,20.275522,18.90396,15.0954685,18.802097,16.09984,19.90315
29,23.128262,19.709066,18.902504,14.330789,12.000934,15.968028,10.333598,16.025059,13.796806,15.866689,19.801434,18.365076,18.426296,13.062606,9.641272,7.701773,4.5372453,7.134967,7.4407372,10.727586,12.873085,15.628076,17.691816,15.375505,14.329894,12.210163,8.719921,4.964016,4.754728,0.0,8.521594,6.1196966,12.672991,14.368221,16.184776,20.485853,20.252113,18.116081,14.744029,11.320284,11.498647,6.644902,9.273119,7.2563086,5.084229,7.4592886,7.967599,11.589845,13.90299,15.186856,16.50093,14.11644,18.386648,18.552727,19.626263,16.121954,15.074431,15.464868,20.618795,19.268295,15.513313,14.834831,20.725002,22.219587,25.704311,21.159904,20.158646,26.261745,25.179441,22.937061,27.347134,27.404274,27.82134,23.273518,28.512974,23.441027,28.297075,26.432117,26.325314,29.57842,24.039387,26.009405,21.785208,17.687244,15.535041,13.913777,15.106903,14.127147,14.591974,18.208984,19.503035,23.225286,26.59468,30.12431,30.882399,28.819603,30.54456,28.726902,24.548466,22.771954,18.945198,21.340038,22.122438,23.419384,24.858017,24.26044,23.506756,21.197033,18.266273,21.754215,18.86886,22.644516
30,30.21367,26.41842,24.780636,20.408812,17.77122,19.570948,13.145981,15.923843,11.982278,12.648433,15.166107,12.007012,11.260815,5.610431,6.0697756,6.1480117,8.107808,12.1689415,15.545575,17.780987,20.862913,23.162256,25.680603,23.004192,21.227074,19.515657,15.062987,12.292031,8.131601,8.521594,0.0,5.8727994,6.541742,10.47506,11.993624,15.996213,17.520939,15.522888,13.070001,10.526595,8.573128,6.957316,4.3559794,4.715408,9.688511,9.055831,13.853349,16.316576,19.91172,19.963491,20.159494,16.30344,19.41073,17.88955,19.057697,16.701223,13.407539,11.989382,17.045633,13.772241,9.229934,10.615262,15.995858,18.320618,20.606478,14.740584,15.661792,21.503563,19.765512,18.355417,23.01641,24.20122,24.516653,20.340765,25.592825,21.172386,25.398033,24.763046,23.956818,27.821785,22.194405,24.987036,21.884712,17.515806,16.17357,13.966144,17.596182,15.85896,18.747057,21.831331,23.890596,27.554615,30.364088,34.41267,35.263405,33.35793,35.32527,33.695423,29.072968,26.540882,24.423025,26.059004,26.089079,26.639368,28.125368,28.391756,26.746653,25.093199,20.43007,22.961624,19.216387,21.79236
31,25.066074,21.226051,19.788498,15.225238,13.160858,14.713804,8.3623905,13.166525,9.3818445,12.187265,14.881803,13.869863,12.915953,8.6294775,5.2284784,6.608295,5.99076,11.223097,12.715168,15.9846,18.490242,20.92511,23.26366,21.361813,20.288239,18.316425,14.59827,11.02174,8.883348,6.1196966,5.8727994,0.0,7.140329,8.279359,10.278707,14.398521,14.57647,12.772261,9.243618,5.923769,6.8044853,4.4804425,6.2797174,7.561489,9.095581,11.19229,13.492355,17.199852,19.856785,20.892094,21.77897,18.712383,22.62291,21.844063,23.061262,20.026655,17.735626,16.98121,22.247377,19.421612,14.970024,15.773112,21.394812,23.290682,26.037167,20.373894,20.390253,26.461475,24.282095,22.36453,26.62717,27.61018,27.41992,22.788946,27.651512,22.407804,26.456064,24.790703,23.754734,26.812243,21.032608,22.714521,18.888634,14.981278,14.14013,13.230997,15.841996,16.114996,18.005018,21.727097,23.824764,27.542475,30.976547,34.38097,34.704006,32.39336,33.84178,31.649878,27.056911,25.45525,22.748407,25.43999,26.155216,27.649725,29.40449,28.868633,27.538374,24.77595,21.250134,23.819937,20.147274,23.08873
32,31.413261,27.475422,25.754475,21.436783,19.556808,19.545004,13.61366,15.8881855,10.837508,12.737798,12.87402,10.965302,7.1904435,5.7255926,7.184273,10.5210905,12.2420845,17.337797,19.736403,22.719717,25.438196,27.862564,30.250652,28.023048,26.70496,24.696833,20.684837,17.364014,14.06286,12.672991,6.541742,7.140329,0.0,5.5346274,5.7161913,9.749297,11.526155,9.740887,8.21855,7.2755384,5.1071334,8.011576,5.740839,9.712528,13.91832,14.974903,18.797588,22.296963,25.394608,26.078344,26.556208,22.79541,25.800297,24.24637,25.113556,22.76441,19.577158,17.497469,22.34377,18.038116,13.539438,16.403202,21.092875,23.652847,25.16845,18.630163,20.56212,25.996582,23.307518,22.269493,26.461435,28.41275,28.058258,23.896059,28.43948,23.82629,26.971321,26.245785,24.405882,27.586502,21.923279,23.779964,21.057419,17.513557,17.754097,16.842024,20.723936,20.688963,23.711605,27.094122,29.493572,33.16327,36.25124,39.959602,40.353264,38.135704,39.680904,37.55828,32.767887,30.843725,29.009089,31.301521,31.617739,32.63627,34.33413,34.32231,32.572765,30.247646,25.855747,27.816683,23.728428,25.712265
33,28.821917,24.814383,22.75578,18.92346,17.482933,15.886776,11.007653,12.410051,7.3432007,10.600258,9.830565,10.555125,7.6041093,8.22232,7.310354,11.68351,12.978997,18.321594,20.315075,23.42562,26.155552,28.223516,30.801767,29.363668,28.282663,26.497816,22.666601,19.214062,16.58998,14.368221,10.47506,8.279359,5.5346274,0.0,4.4937167,6.451526,8.11827,8.173044,5.10327,5.181735,7.76552,10.716504,10.444802,13.974922,16.974836,18.695538,21.666235,25.279276,28.120699,28.944124,29.485914,26.068005,29.674772,28.09273,29.530272,27.038689,23.844175,22.27772,27.12218,23.081614,18.512325,20.499655,25.1434,27.179543,28.955656,22.519272,23.506292,29.015125,25.495089,24.084898,27.657763,29.721819,28.668125,24.279224,28.1195,23.019497,25.486393,24.117651,21.759665,24.127728,18.530802,19.418633,16.720236,13.965479,15.350325,15.73339,19.270393,20.978165,23.868689,27.471394,30.247261,33.82697,37.302444,40.405563,40.175957,37.618614,38.664528,36.087337,31.247824,30.004578,28.573906,31.51763,32.205738,33.968925,36.04587,35.47609,33.62287,30.382654,26.609264,28.019262,23.83477,25.5358
34,31.277452,27.398838,25.805563,21.724564,20.709677,19.362274,14.558966,16.825748,11.813014,14.949043,13.564776,13.709138,8.889474,10.575711,10.867387,14.916663,15.915307,21.294765,22.650679,26.153135,28.41411,30.900156,33.07812,31.343197,30.492455,28.284475,24.776361,21.135818,18.683777,16.184776,11.993624,10.278707,5.7161913,4.4937167,0.0,5.1612406,5.9036374,4.565802,4.5393915,6.3699837,6.22025,10.886246,10.334173,14.59462,17.62074,19.82934,22.614481,26.824062,29.395603,30.659088,31.473312,27.963766,31.16685,29.842564,30.581285,27.997345,25.14791,23.047037,27.934978,23.46532,19.074278,22.11652,26.74599,29.272253,30.662294,24.0207,25.987055,31.33168,28.174404,27.130764,30.941124,33.12916,32.317684,28.07825,32.073177,27.190882,29.620073,28.485632,26.02143,28.317226,22.827444,23.463902,20.883265,18.390553,19.76879,19.98262,23.460703,24.770447,27.480669,31.125965,33.64464,37.305347,40.704575,44.026535,44.019238,41.52644,42.65447,40.097004,35.31744,34.06436,32.195744,35.10154,35.766407,37.27816,39.138596,38.751617,37.077484,34.12556,30.256348,31.978941,27.827847,29.639774
35,33.21592,29.323917,27.336832,23.861275,23.012812,20.331444,16.642885,17.044271,12.5013895,15.239388,12.097965,13.646212,8.971246,12.995979,13.57164,17.984777,19.419376,24.772074,26.49149,29.786064,32.306015,34.46124,36.894615,35.51722,34.590225,32.63439,28.961342,25.413744,22.811668,20.485853,15.996213,14.398521,9.749297,6.451526,5.1612406,0.0,4.8111544,6.90951,7.3833036,9.998431,11.3703785,15.813783,15.112927,19.2616,22.488218,24.412579,27.399391,31.335876,34.066303,35.087532,35.67453,32.111553,35.405415,33.682644,34.821236,32.486973,29.20142,27.100222,31.697475,27.029707,22.710375,25.605282,29.71497,32.01631,33.099133,26.411827,28.313023,33.306774,29.426651,28.516535,31.724525,34.33674,32.99443,28.957901,32.19156,27.47764,28.927467,27.878698,24.815102,26.49699,21.48766,21.52893,19.834747,18.266773,20.593704,21.449903,25.059525,27.127962,30.18834,33.746975,36.628857,40.174557,43.63597,46.67762,46.29112,43.654976,44.517788,41.765926,36.924557,35.91348,34.773567,37.823917,38.515377,40.28443,42.380844,41.86328,39.91138,36.605625,32.778885,33.852436,29.57433,30.746336
