,0,1,2,3,4,5,6,7,8,9,10,11,12,13,14,15,16,17,18,19,20,21,22,23,24,25,26,27,28,29,30,31,32,33,34,35,36,37,38,39,40,41,42,43,44,45,46,47,48,49,50,51,52,53,54,55,56,57,58,59,60,61,62,63,64,65,66,67,68,69,70,71,72,73,74,75,76,77,78,79,80,81,82,83,84,85,86,87,88,89,90,91,92,93,94,95,96,97,98,99,100,101,102,103,104,105,106,107,108,109
0,0.0,4.3524303,6.5080833,9.828514,12.406554,14.926887,18.019884,22.003357,24.989136,27.704887,31.561165,30.878256,28.110218,26.925758,22.12011,22.276829,16.999168,17.758762,15.045167,14.985252,16.280321,12.5710535,17.88347,20.550951,20.46066,22.98458,24.47141,25.867504,23.260601,26.394663,26.225676,29.451424,34.865776,34.89757,38.455284,40.148666,43.096878,42.65765,39.034218,35.352512,38.072006,33.938843,32.96235,32.144554,30.352112,29.718742,26.70662,28.13858,26.807829,25.582619,23.597971,23.98499,19.908161,24.994493,25.90859,29.129211,30.361523,31.39284,36.229103,35.985504,32.356514,37.00443,35.41173,35.71046,39.09442,35.96966,39.057648,37.5688,40.6674,36.93721,32.37201,33.531895,30.617352,33.209225,32.396305,29.378233,32.605984,32.47477,33.904236,36.955902,34.72097,31.09904,31.181131,27.9279,27.529936,23.287176,24.568287,18.819519,19.629133,17.5754,16.37218,18.573593,15.798441,13.184859,14.682165,10.072415,14.422617,15.960357,18.816572,22.187887,21.41337,20.216312,19.153267,23.125345,23.536594,27.932848,27.204432,31.346226,32.305717,36.551838
1,4.3524303,0.0,5.378974,6.5134797,8.938724,12.385905,14.553885,19.353987,21.688494,24.794373,28.271511,28.074797,25.710789,24.23919,19.638145,19.066492,13.906175,13.93611,11.280602,10.659212,12.150795,8.897865,14.378465,16.686136,17.138376,19.41496,20.944454,21.952824,19.318937,22.209337,22.285555,25.244331,30.998302,30.953749,34.52977,36.366287,39.1436,38.61646,34.920948,31.165035,33.959354,29.709145,28.927736,28.019789,26.534252,26.033241,23.281769,25.005709,24.043518,22.993896,20.815111,21.867352,18.124577,23.252508,23.367708,26.846962,27.497995,28.792393,33.64797,33.12543,29.393772,33.65977,31.821774,31.916142,35.118103,31.865488,34.864353,33.27174,36.418964,32.809704,28.19984,29.28024,26.28503,28.980196,28.106276,25.200083,28.534504,28.466393,30.081583,33.144634,31.146782,27.415575,27.445757,24.059212,23.378687,19.248327,20.236816,14.47165,15.417683,13.687579,13.052286,15.861858,13.715218,12.061075,13.006982,8.434587,11.136666,13.755937,15.947876,19.249287,19.183348,18.429901,18.269913,21.45374,21.31393,25.668766,24.108429,28.433195,29.000921,33.344093
2,6.5080833,5.378974,0.0,5.214858,7.042322,8.720327,12.262228,15.582872,18.923397,21.340675,25.469194,24.630817,21.780151,20.87927,15.944101,16.56649,11.632384,12.785812,11.7312975,12.219258,15.014473,13.041073,18.648184,20.400333,21.311241,22.921686,23.659763,24.178335,19.954117,22.868307,21.815123,25.077269,29.635464,29.558432,33.133854,34.49449,37.71486,37.537003,34.07827,30.6822,33.428734,30.024517,28.757307,28.831173,26.600767,27.231974,24.323656,26.394562,25.493082,23.694002,20.947123,21.343245,17.069,21.489162,21.914494,25.523535,26.922781,28.576025,33.132668,33.350628,29.820639,34.315277,32.07723,32.76861,35.394684,32.933666,35.967453,34.444397,38.053368,34.80578,30.28034,31.488249,27.939539,31.057917,29.014359,26.44033,29.17449,28.407265,29.684952,32.414825,29.922235,26.509686,25.901571,23.022148,23.099527,19.009588,21.064762,16.269344,17.551517,16.889217,16.272352,19.5809,17.097008,15.370204,14.759143,9.095758,11.663965,12.061052,13.850175,16.898592,16.239353,15.165681,14.081351,17.407095,17.826588,21.732069,21.311367,25.30451,26.312244,30.540472
3,9.828514,6.5134797,5.214858,0.0,3.8764832,6.285372,8.92649,13.329541,15.530994,18.780743,21.995823,21.64624,19.41061,17.756458,13.281377,12.588771,7.435973,8.071234,6.5901275,7.703275,10.726484,10.018395,15.389765,16.901508,18.993,20.393724,21.48049,21.23872,17.109081,19.196194,18.629595,20.902971,26.187199,25.478764,29.38279,30.781935,33.68191,33.566154,29.814285,26.269249,29.582838,26.050608,25.358185,25.329695,23.881207,24.85445,22.550743,25.065475,24.775227,23.371872,20.428715,21.830057,18.196976,22.458557,21.650276,25.611244,26.081411,28.148443,32.658722,32.420517,28.77143,32.519375,29.83166,30.079342,32.224987,29.458447,32.189827,30.263582,33.96974,31.084312,26.45423,27.137012,23.437365,26.209505,24.01113,21.30459,23.977589,23.295927,24.636833,27.480032,25.181202,21.616707,21.373222,18.230309,18.238857,13.952723,16.336094,11.925778,14.0296,14.208147,14.86008,18.676817,17.287949,16.65982,15.946712,11.048334,10.8404,12.82217,13.045276,15.693257,16.352606,16.037712,16.130548,18.005907,17.623726,20.959818,19.289038,23.50814,23.661205,28.13283
4,12.406554,8.938724,7.042322,3.8764832,0.0,5.3272595,5.643472,10.89807,12.870066,15.976101,19.534117,19.688871,17.68636,16.406061,11.995406,11.170642,7.166147,6.339586,7.7741647,7.2871184,11.310235,11.712588,16.36572,16.818707,18.748516,19.37629,19.672262,19.145018,14.082682,16.383656,15.200944,18.089663,22.804686,22.646475,26.230366,27.760248,30.825796,30.5553,27.061111,23.655682,26.459394,23.197737,22.071518,22.446665,20.493765,21.950115,19.607906,22.323421,22.19704,20.52601,17.319384,18.774118,15.371377,19.231329,18.045446,22.094841,22.528494,24.794096,29.153994,29.089996,25.535864,29.27287,26.4359,26.976284,28.979462,26.65561,29.515013,27.878191,31.7406,28.908733,24.459496,25.619076,21.71911,25.305017,22.592066,20.580177,23.226984,22.256376,23.834007,26.39579,24.264383,20.769548,19.583195,16.650282,16.369425,12.735301,14.559052,10.75992,12.39811,13.3155575,13.85893,17.951502,16.651321,16.52466,14.697998,10.223871,8.420923,9.908398,9.330174,11.848773,12.817645,12.826907,13.716335,14.884562,14.103758,17.643755,15.594384,19.902002,20.196348,24.609179
5,14.926887,12.385905,8.720327,6.285372,5.3272595,0.0,6.001435,7.432878,10.730605,13.246906,16.99647,15.958411,13.335455,12.226304,7.36548,8.205627,4.5088477,6.9837127,9.135359,11.174624,14.932745,15.659662,20.473436,21.191877,23.752243,24.34555,24.604855,23.607435,17.936728,19.51303,17.619087,19.709936,23.290337,22.273157,26.208225,26.917208,30.267696,30.658304,27.21677,24.248182,27.590591,25.324263,24.228952,25.487911,23.459885,25.964165,23.848213,26.795876,26.825562,24.82552,21.348259,22.363882,18.771841,21.724648,20.643553,24.723703,25.617361,28.235434,32.186058,32.640934,29.316835,32.87523,29.58611,30.39355,31.52352,29.768826,32.3364,30.439014,34.6471,32.42986,28.075743,28.757454,24.508219,27.641863,23.941942,21.91032,23.588097,21.94645,22.815653,25.071457,22.239607,19.23017,17.97979,15.720775,16.862724,13.1085005,16.845171,14.551494,16.873226,18.338688,19.166279,23.275457,21.894993,21.478003,19.541624,14.610982,13.3722,13.234196,11.794917,13.336761,14.008624,13.862312,13.606904,14.183692,14.032157,15.9711685,15.280884,18.973194,19.255651,23.615025
6,18.019884,14.553885,12.262228,8.92649,5.643472,6.001435,0.0,6.7713757,7.455531,10.760094,14.124644,14.891927,13.562984,12.422315,8.899483,7.413962,6.563092,4.471107,9.615585,9.312444,13.491979,15.58214,19.165812,18.568533,21.16315,20.825922,20.408644,18.829353,12.574033,13.86381,11.64627,14.056981,17.715145,17.374779,20.960047,22.243355,25.48411,25.416096,22.096405,19.044197,21.853739,19.52533,18.236124,19.67387,17.59004,20.556519,18.821203,22.056757,22.57917,20.731411,17.152842,18.90655,16.301258,18.792469,16.490639,20.688992,20.729166,23.63059,27.414919,27.580746,24.305141,27.352354,23.823494,24.597502,25.528624,23.961792,26.563498,24.902157,29.177702,27.052893,22.935066,24.034359,19.688643,23.71031,19.727327,18.609745,20.54995,18.901335,20.430386,22.478266,20.388521,17.22509,14.893725,12.53254,12.592426,10.004099,12.306294,11.12301,12.922833,15.40276,16.597889,20.830053,20.16293,20.758667,18.053102,14.4883795,10.795048,11.302655,8.167556,8.982205,11.250272,12.141076,13.969504,12.964357,11.426534,13.6771345,10.745376,14.979528,14.75505,19.258762
7,22.003357,19.353987,15.582872,13.329541,10.89807,7.432878,6.7713757,0.0,5.2759905,5.9757805,10.706862,9.66243,7.3371434,7.668665,4.387856,6.5480695,8.547024,9.5366955,14.315613,15.656619,19.624643,21.605877,25.513556,25.130816,27.9305,27.51402,26.81139,24.99246,18.234545,18.990046,15.749412,17.477654,18.461971,17.457615,21.000126,21.013083,24.841785,25.638851,22.833763,20.761547,23.632359,23.023918,21.437014,24.14299,21.60856,25.735775,24.119177,27.40756,27.95208,25.587805,21.825916,22.716154,19.949654,21.076218,19.189348,23.114424,23.998693,27.186316,30.254377,31.294071,28.492666,31.438194,27.546955,28.906197,28.767855,28.315598,30.601156,28.949537,33.52879,32.117756,28.355532,29.203547,24.640676,28.352175,23.26034,22.51185,23.187248,20.61468,21.22146,22.494768,19.597843,17.47011,14.327503,13.595997,15.464505,13.542299,17.350708,17.540596,19.547628,22.173481,23.21088,27.407255,26.379328,26.555391,23.531456,19.45833,16.733723,15.261256,11.843198,11.260624,12.559635,13.191638,13.710985,11.430078,10.819187,10.127748,9.965277,12.669763,12.860929,16.950508
8,24.989136,21.688494,18.923397,15.530994,12.870066,10.730605,7.455531,5.2759905,0.0,4.630429,6.702006,8.018231,8.218373,7.2761245,7.0421185,5.479124,9.784822,8.999986,14.415403,15.2713,18.82857,21.854248,24.732096,23.677427,27.021559,26.113111,25.368828,22.818409,16.360542,15.864867,12.879803,13.096997,14.10989,12.318203,16.230656,16.344095,19.891874,20.705328,17.66877,15.627771,18.941517,18.66743,17.603865,20.550804,18.828043,23.486458,22.670475,26.203661,27.338219,25.428116,21.774714,23.511686,21.64086,22.55435,19.514141,23.426058,23.187384,26.64444,29.45036,29.987228,27.25786,29.228304,24.931221,25.887756,24.984968,24.560368,26.428354,24.535772,29.21631,28.374945,24.867266,25.362978,20.742804,24.388641,18.767843,18.671333,18.947037,16.159407,16.971186,17.978601,15.588825,13.519837,9.543817,9.159363,11.006515,10.396643,13.955033,15.938148,18.03878,21.43205,23.18371,27.359028,27.142826,28.043562,25.017464,21.755173,17.693752,17.378998,13.154265,11.836424,14.584866,15.961421,17.724716,14.644831,12.948276,11.733454,8.817428,11.487836,9.862262,14.269874
9,27.704887,24.794373,21.340675,18.780743,15.976101,13.246906,10.760094,5.9757805,4.630429,0.0,6.0554676,6.3782315,6.456698,7.849132,8.428029,9.212845,13.3646755,13.255352,18.637417,19.464497,23.227205,25.990177,29.096071,27.95896,30.949919,29.842657,28.595629,26.14405,19.244625,19.040451,15.245918,16.080824,14.583591,13.481249,16.474413,15.819346,19.942856,21.080893,18.924786,17.806393,20.175234,21.09468,19.359577,23.08937,20.581226,25.786514,24.834768,28.26897,29.310001,26.97167,23.263775,24.326954,22.527893,22.417307,19.693995,23.24638,23.660591,27.192533,29.43404,30.67126,28.354836,30.433926,26.110603,27.690897,26.3577,26.9258,28.792027,27.327154,32.04172,31.408451,28.26958,29.111135,24.54338,28.471933,22.568634,22.940422,22.828485,19.736658,20.201223,20.544252,18.011332,16.779995,12.171579,12.9856615,15.034254,14.97562,18.208126,20.22036,21.93918,25.245882,26.559362,30.672129,30.108988,30.813583,27.332058,24.049656,20.363289,18.771893,14.484125,12.440338,14.464478,15.768402,17.162058,13.165486,11.862312,8.619812,7.8115664,8.7651205,7.987805,11.689714
10,31.561165,28.271511,25.469194,21.995823,19.534117,16.99647,14.124644,10.706862,6.702006,6.0554676,0.0,5.0324144,8.417544,8.078134,11.31398,10.194952,15.518341,15.037935,20.02381,21.177649,24.248108,27.76103,30.04688,28.661627,32.39411,31.105669,30.184345,27.064863,20.985544,19.35911,16.424465,14.813893,13.094936,9.677234,13.363795,11.850605,15.439768,17.312408,14.88551,14.344636,17.790031,19.519342,18.880646,22.688118,21.538,27.027729,26.9537,30.54167,32.09839,30.287935,26.758116,28.541668,27.262577,27.257511,23.80416,27.278833,26.688457,30.36257,32.33267,33.01693,30.789244,31.754765,27.065073,28.021282,25.60385,26.12951,27.213377,25.221773,29.960096,30.269348,27.452557,27.432785,22.956755,26.03728,19.53868,20.421804,19.224705,15.72826,15.73264,15.334986,13.074462,12.754944,7.6076655,10.042536,12.802207,14.037764,17.497025,21.15508,23.258307,27.059496,29.136606,33.209957,33.35186,34.510628,31.34185,28.364782,24.021418,23.54141,19.029396,16.924847,19.72419,21.299726,23.061874,19.07253,17.399044,14.088526,11.714514,12.025306,8.9127035,11.984123
11,30.878256,28.074797,24.630817,21.64624,19.688871,15.958411,14.891927,9.66243,8.018231,6.3782315,5.0324144,0.0,4.168416,4.85306,8.994772,9.835363,14.851951,15.87933,20.338781,22.468239,25.685873,28.653006,31.692642,30.974072,34.72774,33.919094,33.27405,30.502653,24.171564,23.14825,20.11788,19.155806,17.915997,14.678845,18.318016,16.452961,20.02717,22.187737,19.813951,19.177317,22.799278,24.227823,23.465528,27.089952,25.59979,30.844152,30.290474,33.832836,35.045444,32.951443,29.26329,30.557962,28.588596,28.746603,26.02913,29.597363,29.771315,33.35623,35.518867,36.560177,34.22896,35.809143,31.26294,32.400913,30.37129,30.734726,31.996893,29.906519,34.64821,34.71284,31.57654,31.443823,26.878607,29.575768,23.258247,23.33743,22.052643,18.539656,17.907362,17.707905,14.4696,14.396623,10.624674,12.650369,16.171059,16.07005,20.644878,23.354334,25.816252,29.24289,31.10625,35.309467,34.975243,35.60951,32.60846,28.88667,25.434498,24.412613,20.334675,18.635094,20.625164,21.707174,22.409487,18.866247,18.024477,14.2513685,14.01445,14.218097,12.409744,15.229261
12,28.110218,25.710789,21.780151,19.41061,17.68636,13.335455,13.562984,7.3371434,8.218373,6.456698,8.417544,4.168416,0.0,3.963079,6.2474303,9.10025,13.076808,14.99134,19.170486,21.595583,25.07536,27.438955,31.121775,30.834496,34.288414,33.817703,33.254192,30.927376,24.342403,24.082432,20.88583,20.95563,20.349972,17.835258,21.46603,20.013351,23.786188,25.648647,23.17646,22.094471,25.541943,26.343128,25.229494,28.603003,26.60299,31.477163,30.39473,33.82642,34.6719,32.337353,28.572596,29.440664,26.923132,27.330637,25.276611,28.92475,29.728016,33.15049,35.609436,36.883224,34.40669,36.678562,32.377605,33.715324,32.369476,32.50097,34.15639,32.17498,36.906963,36.431183,32.980293,33.116486,28.489227,31.365475,25.437817,24.953905,24.219524,20.960676,20.465096,20.819248,17.306316,16.641045,13.502553,14.559664,17.91516,16.76875,21.60901,23.198229,25.671886,28.672066,30.155884,34.38919,33.5872,33.788544,30.866302,26.682423,23.996443,22.484562,18.894197,17.645853,18.932926,19.589525,19.535925,16.582499,16.362143,12.977477,14.058156,14.736546,14.080179,17.178936
13,26.925758,24.23919,20.87927,17.756458,16.406061,12.226304,12.422315,7.668665,7.2761245,7.849132,8.078134,4.85306,3.963079,0.0,5.0727196,6.2310977,10.701194,12.689575,16.394667,19.266533,22.358711,24.962894,28.394665,28.263014,32.138474,31.853209,31.758562,29.283243,23.222837,22.546816,20.049438,19.290604,20.080166,16.750402,21.0381,19.865974,23.169409,24.99851,21.926048,20.402773,24.667822,24.89295,24.417677,27.29678,26.037388,30.595629,29.744692,33.249466,34.22915,32.25434,28.551508,29.940622,27.439793,28.49421,26.110271,29.990326,30.250134,33.667503,36.437843,37.19465,34.471825,36.492493,32.144287,32.984512,31.710342,31.200233,32.683453,30.298603,34.975246,34.563915,30.933922,30.584465,25.99073,28.293541,22.501694,21.619076,20.783194,17.629292,17.026972,17.750124,14.088388,13.093841,10.805709,11.445176,15.156626,13.637067,19.033817,20.802168,23.676622,26.736403,28.654787,32.903446,32.441803,32.808014,30.306297,26.128359,23.195532,22.6647,19.096945,18.222311,20.052801,20.821999,21.08984,18.590576,17.991138,15.540846,15.131505,16.607319,15.148851,18.7456
14,22.12011,19.638145,15.944101,13.281377,11.995406,7.36548,8.899483,4.387856,7.0421185,8.428029,11.31398,8.994772,6.2474303,5.0727196,0.0,4.90362,7.04112,9.779861,13.3538475,16.123768,19.60943,21.524412,25.599033,25.802805,29.168833,29.197666,29.147291,27.237816,21.033295,21.322098,18.779104,19.383694,21.143522,18.922398,23.07586,22.68194,26.186626,27.413847,24.21749,22.07364,25.904972,25.18029,24.281483,26.685423,24.89245,28.816813,27.383036,30.713657,31.293154,29.172485,25.465744,26.565157,23.563786,25.164774,23.365276,27.361702,28.069714,31.233229,34.44348,35.243855,32.301533,35.056023,31.07913,32.048622,31.734358,30.838863,32.839165,30.689154,35.267105,34.091255,30.131193,30.275726,25.70462,28.482204,23.3883,22.012476,22.22963,19.612448,19.644018,21.072945,17.66151,15.679622,13.70805,12.965971,15.747031,13.113153,18.180655,18.416174,21.122465,23.645908,25.09596,29.334059,28.426722,28.431078,26.026901,21.504168,19.238201,18.488451,15.526995,15.385898,16.665459,17.055313,16.915096,15.364072,15.100947,14.096977,14.048539,16.483883,16.021206,20.058191
15,22.276829,19.066492,16.56649,12.588771,11.170642,8.205627,7.413962,6.5480695,5.479124,9.212845,10.194952,9.835363,9.10025,6.2310977,4.90362,0.0,5.465794,6.537828,10.504274,13.065789,16.168379,18.909813,22.214455,22.083637,25.958733,25.838621,26.077024,23.768541,18.161041,17.694893,15.940409,15.466537,18.610214,15.824837,20.410776,20.502966,23.486328,24.474375,20.78316,18.18308,22.611555,21.345232,21.117336,23.068626,22.166592,25.91008,24.974154,28.426344,29.359348,27.74532,24.180557,26.08379,23.594755,25.578812,23.000877,27.122433,26.895624,30.113983,33.45301,33.60663,30.513681,32.68069,28.590351,28.998947,28.58695,27.143814,28.91303,26.43739,30.95639,29.933586,25.927488,25.675776,21.121616,23.619902,18.55953,17.115574,17.447569,15.00755,15.415843,17.22453,14.258745,11.606425,10.02404,8.403716,11.039748,8.280213,13.662872,14.669619,17.694574,20.63623,22.743706,26.974493,26.752571,27.326717,25.167168,21.22631,17.937904,18.573397,15.250691,15.129927,17.466236,18.33664,19.278076,17.559587,16.424425,16.05229,13.824926,16.83966,15.30832,19.686821
16,16.999168,13.906175,11.632384,7.435973,7.166147,4.5088477,6.563092,8.547024,9.784822,13.3646755,15.518341,14.851951,13.076808,10.701194,7.04112,5.465794,0.0,4.647933,6.3769145,9.773998,12.926547,14.606381,18.809643,19.542725,23.047037,23.662783,24.444643,22.89486,17.837671,18.377176,17.237825,17.839937,22.307753,20.272057,24.709612,25.354301,28.254496,28.81568,24.963337,21.828426,26.02247,23.618023,23.324598,24.348597,23.33638,25.933523,24.433088,27.587564,28.042654,26.519726,23.118597,24.871504,21.776667,24.786797,22.9318,27.12149,27.205929,30.006552,33.92255,33.890892,30.48554,33.33562,29.762949,30.030096,30.710133,28.537647,30.69823,28.292524,32.510567,30.704792,26.283924,26.218475,21.932384,24.302034,20.496078,18.114752,19.50991,17.9447,18.682072,21.160719,18.379776,15.181391,14.808093,12.19058,13.663064,9.443883,14.198419,12.7752695,15.902285,17.879587,19.654911,23.815313,23.200508,23.29281,21.784304,17.322714,15.123917,16.32965,14.271555,15.41881,17.086596,17.420444,17.817299,17.678247,16.958809,18.21384,16.357681,20.05334,19.294968,23.813879
17,17.758762,13.93611,12.785812,8.071234,6.339586,6.9837127,4.471107,9.5366955,8.999986,13.255352,15.037935,15.87933,14.99134,12.689575,9.779861,6.537828,4.647933,0.0,5.7706804,6.6407323,10.223546,12.912897,16.222483,16.042305,19.56129,19.666727,20.20998,18.384863,13.4136505,13.773814,13.038176,13.730503,19.064512,17.599615,21.792006,23.112501,25.778399,25.8127,21.915415,18.45109,22.307255,19.348982,19.12246,19.796541,19.031889,21.454277,20.205553,23.44485,24.170588,22.944895,19.652296,22.007988,19.554634,22.610563,20.0897,24.277979,23.664717,26.472767,30.42479,29.98333,26.521559,29.050179,25.494495,25.530218,26.393469,23.979366,26.227272,23.944763,28.099386,26.128382,21.724741,21.95876,17.662756,20.69979,17.082096,15.140663,17.222546,15.984193,17.518003,20.069504,18.0891,14.5099535,13.577083,10.393886,10.430946,6.567422,9.939907,8.67503,11.646968,14.202926,16.325253,20.532915,20.46612,21.2539,19.4694,15.96176,12.318837,14.510943,11.97748,13.034904,15.546241,16.386469,18.005127,17.396023,15.885249,17.79254,14.373266,18.501041,17.398872,21.997934
18,15.045167,11.280602,11.7312975,6.5901275,7.7741647,9.135359,9.615585,14.315613,14.415403,18.637417,20.02381,20.338781,19.170486,16.394667,13.3538475,10.504274,6.3769145,5.7706804,0.0,5.3033543,7.010088,8.768882,12.675246,14.024072,17.88314,19.136494,20.955133,19.717735,16.534658,16.995008,17.550571,17.752182,24.22236,22.345201,26.740694,28.139315,30.37147,30.387796,26.156002,22.393114,26.71792,22.959084,23.401844,23.016489,23.051596,24.242867,22.949078,25.806627,26.254772,25.526201,22.659369,25.10471,22.339836,26.305208,24.292156,28.397224,27.71895,30.115555,34.45663,33.57253,29.877798,32.49599,29.367468,28.851234,30.299791,26.966915,29.0928,26.461939,30.149557,27.873869,23.166649,22.736628,19.009686,20.679127,18.5325,15.266616,17.832325,17.525677,18.891722,22.04807,20.132383,16.32491,17.262262,13.645029,13.561203,8.820605,11.948385,8.71454,12.241965,13.500579,15.898814,19.747816,19.794403,20.228012,19.84431,16.118767,13.861869,17.211758,16.046747,17.899591,19.898973,20.301952,21.288183,21.851866,20.737043,23.116804,20.054098,24.237879,23.13782,27.735958
19,14.985252,10.659212,12.219258,7.703275,7.2871184,11.174624,9.312444,15.656619,15.2713,19.464497,21.177649,22.468239,21.595583,19.266533,16.123768,13.065789,9.773998,6.6407323,5.3033543,0.0,4.3173714,6.852276,9.883511,10.036029,13.288356,14.127481,15.686723,14.693965,11.992437,13.085593,14.215565,15.404815,22.379137,21.685843,25.444475,27.575165,29.710583,29.054253,25.047953,21.071386,24.440441,19.956507,20.124826,19.07229,19.010271,19.391043,17.998558,20.699871,21.155993,20.732891,18.152628,21.024088,18.818985,23.020823,20.76427,24.690231,23.547184,25.680798,30.174469,28.917223,25.136705,27.798897,25.03736,24.397654,26.574017,22.962826,25.451433,23.288052,26.718369,23.821829,19.092144,19.5176,16.040237,18.874279,17.481306,14.919706,18.447483,18.547375,20.696886,23.739386,22.538208,18.596788,18.62303,14.872673,13.235953,9.606032,9.636085,4.332238,7.150005,8.367364,10.899198,14.851559,15.296092,16.418468,15.78413,13.235157,9.808778,14.353021,13.463422,15.570074,17.838657,18.489431,20.422392,20.969002,19.369263,22.702568,18.765722,23.23946,22.32578,26.80468
20,16.280321,12.150795,15.014473,10.726484,11.310235,14.932745,13.491979,19.624643,18.82857,23.227205,24.248108,25.685873,25.07536,22.358711,19.60943,16.168379,12.926547,10.223546,7.010088,4.3173714,0.0,4.779592,6.051227,7.0942507,11.29943,12.885409,15.668232,14.809904,14.217002,14.657656,16.961178,17.166697,24.956207,23.893404,27.70425,29.993473,31.609707,30.840008,26.614382,22.460054,26.135906,21.096813,22.038074,20.109661,21.124363,20.63503,19.708487,22.091904,22.64221,22.893227,20.817621,24.015158,22.126686,26.57492,24.247593,27.996538,26.373747,28.258001,32.80897,31.0039,27.175251,29.366276,26.8703,25.578455,27.937435,23.57583,25.744081,23.264828,26.194893,23.241465,18.443632,18.141895,15.3504715,16.97807,17.01222,13.790306,17.765663,18.707462,20.946266,24.273827,23.5112,19.496235,20.541977,16.584848,14.586708,11.1316805,10.377051,5.0906844,7.789417,8.049123,11.357569,14.569978,15.83573,17.220102,17.67163,15.820269,12.90546,18.065626,17.524559,19.625517,21.977716,22.628067,24.548344,25.26473,23.621555,26.924109,22.694613,27.123743,25.84953,30.280767
21,12.5710535,8.897865,13.041073,10.018395,11.712588,15.659662,15.58214,21.605877,21.854248,25.990177,27.76103,28.653006,27.438955,24.962894,21.524412,18.909813,14.606381,12.912897,8.768882,6.852276,4.779592,0.0,5.7843018,8.875349,11.167256,13.901917,16.970644,17.273386,16.928637,18.375334,20.319519,21.473644,28.930462,28.212702,31.957453,34.21742,36.080956,35.29684,31.17154,27.047686,30.43054,25.329832,25.84878,23.808126,24.229635,23.07929,21.516468,23.410847,23.32392,23.505205,21.694696,24.352682,21.957111,26.964327,25.494886,29.09189,28.049206,29.51739,34.336433,32.664318,28.772041,31.657328,29.659405,28.583424,31.58673,27.229162,29.66815,27.492168,30.170185,26.758917,22.021505,22.113396,19.721943,21.26305,21.765615,18.413637,22.316093,23.24502,25.266932,28.65324,27.570183,23.584112,24.677246,20.77536,19.134981,15.336311,14.997308,9.095844,10.609463,8.8952055,10.793813,13.457487,13.927789,14.465698,16.014248,13.8937435,12.905529,17.97397,18.647043,21.357285,22.927927,23.098719,24.403986,26.12513,24.940086,28.814291,25.319515,29.842312,29.1421,33.602665
22,17.88347,14.378465,18.648184,15.389765,16.36572,20.473436,19.165812,25.513556,24.732096,29.096071,30.04688,31.692642,31.121775,28.394665,25.599033,22.214455,18.809643,16.222483,12.675246,9.883511,6.051227,5.7843018,0.0,4.616664,7.7838807,10.766766,14.908889,15.086768,17.119816,17.729427,20.930405,21.202871,29.358463,28.694082,32.13067,34.809002,36.01884,34.850845,30.703865,26.474064,29.683622,23.981468,25.24049,22.195747,23.84243,21.768372,21.022919,22.610315,22.942217,24.030344,22.82664,26.165756,24.71471,29.55354,27.480299,30.805017,28.812017,30.075212,34.756935,32.314716,28.48148,30.465506,28.761541,26.896757,30.062319,24.974352,27.049587,24.78137,26.752241,23.25065,18.70025,18.342249,16.98406,17.758274,19.938545,16.738598,21.128668,22.891008,25.301905,28.709347,28.463572,24.49312,25.936707,21.96641,19.452116,16.638273,14.532949,9.501433,10.145946,8.215696,11.13132,12.669413,14.821686,16.493593,18.35251,17.856983,15.81024,21.523293,21.841455,24.195091,26.334284,26.879866,28.888803,30.100594,28.44467,32.275158,27.858673,32.328682,31.117146,35.40279
23,20.550951,16.686136,20.400333,16.901508,16.818707,21.191877,18.568533,25.130816,23.677427,27.95896,28.661627,30.974072,30.834496,28.263014,25.802805,22.083637,19.542725,16.042305,14.024072,10.036029,7.0942507,8.875349,4.616664,0.0,5.632553,7.06662,11.098531,10.746189,13.799596,14.030976,17.786615,17.992548,26.17769,26.036589,28.99817,32.02639,33.03057,31.500557,27.573147,23.37662,25.995403,20.045818,21.382605,17.924753,19.972485,17.607615,17.358747,18.993431,19.772795,21.1935,20.174486,23.975449,23.28082,27.687883,25.050508,28.191006,25.584188,26.865168,31.34136,28.589653,24.83939,26.295696,24.609179,22.48933,25.723087,20.491484,22.600716,20.56117,22.409897,18.714842,14.180435,14.333881,13.181432,14.95053,17.327274,15.032979,19.69203,21.487408,24.313889,27.4617,27.688766,23.782095,24.575542,20.74774,17.503134,15.731586,11.993087,7.75099,7.137389,5.9647303,9.659459,11.203863,14.234835,16.836298,17.786663,18.220686,14.828768,20.67216,20.47637,22.423481,24.992287,25.898071,28.603985,29.18903,27.121504,30.920422,25.869217,30.2225,28.833586,32.882923
24,20.46066,17.138376,21.311241,18.993,18.748516,23.752243,21.16315,27.9305,27.021559,30.949919,32.39411,34.72774,34.288414,32.138474,29.168833,25.958733,23.047037,19.56129,17.88314,13.288356,11.29943,11.167256,7.7838807,5.632553,0.0,4.1125317,8.482581,10.348724,14.561003,16.10447,19.548437,21.189455,28.72537,29.641468,32.021286,35.35452,36.54381,34.62727,31.126535,27.062773,28.59139,22.52265,23.106857,19.275505,20.525343,16.708975,15.871619,16.494068,16.63794,18.552036,18.408754,21.947369,21.64756,26.284462,24.249641,26.827557,24.335985,24.855648,29.485083,26.510769,22.804815,24.803785,24.123363,22.173609,26.56032,21.454136,24.041483,22.933867,24.201931,19.662542,15.694897,17.264769,16.820375,19.43146,22.076998,20.353453,25.035133,26.697329,29.625456,32.648018,32.840683,28.931456,29.13666,25.414886,22.030434,20.423424,16.30997,11.57387,9.229748,5.840178,7.125529,6.5478506,10.312891,13.369732,14.925862,16.92234,14.383626,20.169369,21.007982,23.279303,25.27949,25.984072,28.778475,29.916124,27.954025,32.513477,27.71238,32.072628,31.30027,35.13523
25,22.98458,19.41496,22.921686,20.393724,19.37629,24.34555,20.825922,27.51402,26.113111,29.842657,31.105669,33.919094,33.817703,31.853209,29.197666,25.838621,23.662783,19.666727,19.136494,14.127481,12.885409,13.901917,10.766766,7.06662,4.1125317,0.0,4.7899504,6.543949,11.985862,13.328656,17.008091,18.777327,25.951454,27.419758,29.288017,32.868603,33.92604,31.716639,28.525326,24.623198,25.451422,19.349691,19.799822,15.68449,17.085087,12.852489,12.507671,13.131975,13.823822,16.080536,16.140768,20.090025,20.573994,24.63045,22.059599,24.410349,21.332829,21.873337,26.265564,23.014147,19.394089,20.89861,20.267712,18.147282,22.694523,17.616348,20.341639,19.65708,20.828382,16.064548,12.315358,14.801112,14.525518,18.144093,20.557749,19.711372,24.324581,25.85071,28.993305,31.722645,32.217747,28.450943,28.062017,24.590551,20.813232,20.067982,15.050078,11.451432,8.180151,6.1893983,7.5393395,7.199251,11.277908,14.916519,15.246767,17.838655,14.158462,19.682034,19.974617,21.778498,24.108145,25.131525,28.483824,29.005884,26.718914,31.147148,25.91102,30.067389,29.197393,32.745205
26,24.47141,20.944454,23.659763,21.48049,19.672262,24.604855,20.408644,26.81139,25.368828,28.595629,30.184345,33.27405,33.254192,31.758562,29.147291,26.077024,24.444643,20.20998,20.955133,15.686723,15.668232,16.970644,14.908889,11.098531,8.482581,4.7899504,0.0,4.289783,9.559186,11.65658,14.687932,17.578753,23.624296,26.108372,27.285378,31.057194,32.31306,29.820843,27.173655,23.59682,23.29338,17.542118,17.07588,13.175627,13.53558,8.601394,7.999042,8.366445,9.380792,11.851829,12.289117,16.410805,17.762945,21.162884,18.369322,20.299482,16.898392,17.259958,21.543383,18.22621,14.620737,16.337894,16.004087,14.307052,19.429613,15.045369,18.312983,18.530499,19.834915,14.859522,11.726852,15.62392,15.064842,20.00711,21.454151,21.500364,25.839512,26.883488,30.109283,32.47545,32.97812,29.38573,28.063656,24.968023,21.093136,20.994637,15.671217,12.914212,8.974406,8.15638,8.149755,8.001156,11.346212,15.200371,14.123871,17.472126,13.164553,17.878014,17.991076,19.402018,21.68485,22.89844,26.722713,26.838623,24.368437,28.903156,23.612783,27.49912,26.962484,30.123972
27,25.867504,21.952824,24.178335,21.23872,19.145018,23.607435,18.829353,24.99246,22.818409,26.14405,27.064863,30.502653,30.927376,29.283243,27.237816,23.768541,22.89486,18.384863,19.717735,14.693965,14.809904,17.273386,15.086768,10.746189,10.348724,6.543949,4.289783,0.0,7.3867755,7.9466777,11.757572,13.670367,20.06504,22.263472,23.456509,27.26686,28.282764,25.800783,23.043467,19.447971,19.334875,13.404416,13.458614,9.304017,10.799473,7.0004487,7.8944917,9.628194,11.646219,13.569354,13.187741,17.657993,19.008615,21.874441,18.247295,20.536274,16.649515,17.796886,21.692915,18.436344,14.933089,15.588929,14.157901,12.0091,16.255983,11.517866,14.662355,14.483715,16.276407,11.685286,8.047807,12.037047,11.059951,16.537672,17.504555,18.066248,22.202036,23.178486,26.476034,28.660778,29.419128,25.978981,24.5521,21.623682,17.52721,18.119864,12.306452,11.129805,7.550265,8.820352,10.387574,11.532835,14.664068,18.320154,16.78581,19.157877,13.884567,18.477215,17.464746,18.288164,21.255854,22.813501,26.856493,26.212809,23.459219,27.317217,21.482454,25.23899,24.121597,27.262747
28,23.260601,19.318937,19.954117,17.109081,14.082682,17.936728,12.574033,18.234545,16.360542,19.244625,20.985544,24.171564,24.342403,23.222837,21.033295,18.161041,17.837671,13.4136505,16.534658,11.992437,14.217002,16.928637,17.119816,13.799596,14.561003,11.985862,9.559186,7.3867755,0.0,4.7804976,5.440555,10.029207,15.216295,17.759583,19.252329,22.619286,24.65678,22.69424,20.007622,16.606602,16.66394,12.08475,10.397567,9.3052845,7.4263077,8.114575,7.092792,10.570498,12.185263,11.868986,9.512447,13.647639,14.247455,16.582737,12.531675,15.738634,12.805698,15.148907,19.153381,17.463093,13.870263,15.966524,13.093674,12.975029,15.841668,13.23337,16.653759,16.315157,19.654247,16.291018,12.710316,16.002645,12.936725,19.032764,17.263817,17.897696,21.307846,21.081741,24.03588,25.951332,25.905878,22.6008,20.054325,17.49085,14.132822,14.528714,10.207629,9.492414,7.0024924,9.945985,11.005571,14.036045,15.288954,18.04141,14.991064,15.819118,9.663527,12.888601,10.67139,11.03101,14.352486,16.147205,20.346989,19.094183,16.23028,19.936295,14.228438,18.178606,17.49624,20.91957
29,26.394663,22.209337,22.868307,19.196194,16.383656,19.51303,13.86381,18.990046,15.864867,19.040451,19.35911,23.14825,24.082432,22.546816,21.322098,17.694893,18.377176,13.773814,16.995008,13.085593,14.657656,18.375334,17.729427,14.030976,16.10447,13.328656,11.65658,7.9466777,4.7804976,0.0,4.9504905,5.990941,12.671495,14.4573145,16.070593,19.6188,21.03251,19.003738,15.977494,12.356255,12.978462,7.7969317,7.573238,6.16682,7.1519847,9.158413,10.169949,13.5604315,15.833252,16.021156,13.934788,18.07691,18.838331,20.676796,16.151987,19.230783,15.69478,18.320267,21.627478,19.602596,16.407187,16.798119,13.184407,12.119867,13.49825,10.35671,13.150232,12.069849,15.869328,13.356515,9.759351,12.341537,8.8363905,15.173832,12.937368,14.362886,17.485968,17.378695,20.512865,22.230843,22.765213,19.653603,17.24631,14.853685,10.917917,12.642416,7.3615246,9.619374,8.211321,12.110866,14.384296,17.274267,19.213566,22.127264,19.524342,19.994743,13.826093,17.106874,14.146346,13.782504,17.659985,19.66962,23.792261,21.85477,18.817223,21.36175,14.995277,18.542809,16.706663,20.03301
30,26.225676,22.285555,21.815123,18.629595,15.200944,17.619087,11.64627,15.749412,12.879803,15.245918,16.424465,20.11788,20.88583,20.049438,18.779104,15.940409,17.237825,13.038176,17.550571,14.215565,16.961178,20.319519,20.930405,17.786615,19.548437,17.008091,14.687932,11.757572,5.440555,4.9504905,0.0,6.485903,9.950302,12.783082,14.111121,17.316349,19.668535,17.943937,15.471681,12.532199,12.447334,9.456442,6.9896603,8.761663,6.2386746,10.727136,10.678279,14.295887,16.22671,15.264169,12.424666,15.847818,16.421041,17.356258,12.625509,15.960979,13.175963,16.404833,19.440414,18.52217,15.577444,16.807247,12.718443,13.275376,13.952121,12.919814,15.81859,15.310202,19.423094,17.371666,14.382033,17.040138,13.286088,19.406239,15.862779,17.368402,19.745869,18.706066,21.422993,22.73299,22.655294,19.858192,16.282377,14.562693,11.648571,13.264471,9.998513,11.968992,11.02902,14.719741,16.149065,19.423029,20.391676,22.791515,19.32781,19.209803,13.121783,14.699488,10.893832,9.601596,13.671106,15.905224,20.176077,17.558659,14.383607,16.63293,10.215424,13.723091,12.37841,15.741791
31,29.451424,25.244331,25.077269,20.902971,18.089663,19.709936,14.056981,17.477654,13.096997,16.080824,14.813893,19.155806,20.95563,19.290604,19.383694,15.466537,17.839937,13.730503,17.752182,15.404815,17.166697,21.473644,21.202871,17.992548,21.189455,18.777327,17.578753,13.670367,10.029207,5.990941,6.485903,0.0,8.569479,8.678452,11.01325,14.222159,15.50022,14.009435,10.433402,6.68216,9.092371,5.889985,6.922892,8.454799,9.975528,14.152932,15.529378,18.995794,21.368446,21.113094,18.609755,22.26988,22.707449,23.7934,19.031065,22.231178,19.027,22.200087,24.752241,23.320782,20.647566,20.269108,15.839947,15.067164,13.796235,12.049415,13.50905,11.493407,16.144388,15.57718,12.719544,13.569924,9.372131,14.681456,10.000755,12.486128,14.112908,13.11194,16.018059,17.10869,17.841816,15.304078,12.212232,10.711424,7.092867,10.7342005,7.261599,12.429965,12.768795,17.02787,19.696352,22.925343,24.648895,27.237785,24.509806,23.998045,17.952597,20.335539,16.393585,15.102683,19.297142,21.471577,25.298567,22.407236,19.362791,20.19595,13.697423,16.477757,13.39887,16.64072
32,34.865776,30.998302,29.635464,26.187199,22.804686,23.290337,17.715145,18.461971,14.10989,14.583591,13.094936,17.915997,20.349972,20.080166,21.143522,18.610214,22.307753,19.064512,24.22236,22.379137,24.956207,28.930462,29.358463,26.17769,28.72537,25.951454,23.624296,20.06504,15.216295,12.671495,9.950302,8.569479,0.0,6.23235,4.586433,7.9729934,10.4935055,8.954136,8.136933,8.1103,6.1117916,9.453003,7.5373235,12.550537,11.462188,17.588604,18.858582,22.10257,24.470375,23.393291,20.793623,23.427942,24.420902,23.519629,18.61413,21.028421,18.326946,21.883457,22.887323,22.710485,21.167599,20.318636,15.44229,16.386824,12.882418,14.976925,16.026257,15.595144,19.98195,20.46027,19.154724,20.696468,17.18141,22.265083,16.901892,20.088043,20.310436,18.214125,20.20851,19.842335,20.351143,19.206657,14.215426,15.006858,13.452913,17.203123,15.574629,20.16353,20.17265,24.226091,26.042736,29.231352,30.32935,32.669365,28.978556,28.441881,22.63212,22.941582,18.39125,15.623222,19.407318,21.818384,25.71584,21.409147,18.34459,17.275684,11.397795,11.696589,8.165434,9.397802
33,34.89757,30.953749,29.558432,25.478764,22.646475,22.273157,17.374779,17.457615,12.318203,13.481249,9.677234,14.678845,17.835258,16.750402,18.922398,15.824837,20.272057,17.599615,22.345201,21.685843,23.893404,28.212702,28.694082,26.036589,29.641468,27.419758,26.108372,22.263472,17.759583,14.4573145,12.783082,8.678452,6.23235,0.0,5.1299343,6.1966352,8.210002,8.650986,5.4707317,5.3133283,8.577657,11.275748,11.703645,15.530487,16.02695,21.577143,22.877527,26.344233,28.672276,27.762125,24.901178,27.73635,27.929611,27.809175,23.158386,26.140486,23.71636,27.298565,28.798107,28.404465,26.467566,25.69193,20.829105,20.951637,17.390045,18.091162,18.39837,16.501104,21.111378,22.279177,20.449106,20.443047,16.565292,20.13472,13.755197,16.707308,15.749558,13.060247,14.526787,13.781199,14.332178,13.698037,8.784852,10.498542,10.073056,14.219698,14.227857,19.72038,20.879051,25.146751,27.67541,31.187328,32.43164,34.603157,31.456888,30.080187,24.44324,25.321413,20.678686,18.350826,22.220123,24.415695,27.673891,23.590849,20.856548,19.080687,13.744491,14.352686,9.917872,11.992961
34,38.455284,34.52977,33.133854,29.38279,26.230366,26.208225,20.960047,21.000126,16.230656,16.474413,13.363795,18.318016,21.46603,21.0381,23.07586,20.410776,24.709612,21.792006,26.740694,25.444475,27.70425,31.957453,32.13067,28.99817,32.021286,29.288017,27.285378,23.456509,19.252329,16.070593,14.111121,11.01325,4.586433,5.1299343,0.0,4.2895746,5.915887,4.8714366,4.9883904,7.2763834,5.9770722,11.205686,10.82577,15.35245,15.467842,21.325743,23.019924,26.204763,28.726547,27.845798,25.329487,28.010664,28.96109,28.006123,23.14668,25.446575,22.68621,26.176723,26.814127,26.544733,25.249796,23.692522,18.862728,19.351768,14.75275,17.055025,17.079329,16.23105,20.452974,22.040798,21.207628,21.90269,18.645905,22.762852,16.995531,20.633738,19.877287,17.563593,19.126888,17.985746,19.002613,18.697948,13.849631,15.574859,14.589099,18.877033,17.783094,23.135296,23.552801,27.74757,29.930481,33.123528,34.447678,36.839973,33.32566,32.60305,26.79321,27.261189,22.630068,19.869862,23.603523,25.961582,29.602228,25.113148,22.219826,20.293247,15.0296755,14.586018,10.502901,10.707706
35,40.148666,36.366287,34.49449,30.781935,27.760248,26.917208,22.243355,21.013083,16.344095,15.819346,11.850605,16.452961,20.013351,19.865974,22.68194,20.502966,25.354301,23.112501,28.139315,27.575165,29.993473,34.21742,34.809002,32.02639,35.35452,32.868603,31.057194,27.26686,22.619286,19.6188,17.316349,14.222159,7.9729934,6.1966352,4.2895746,0.0,4.556009,6.4097013,7.05208,9.959607,10.15271,15.261277,14.955308,19.508913,19.372635,25.366241,26.789534,30.05572,32.433613,31.276152,28.522278,30.875748,31.43205,30.289394,25.713861,28.093573,25.91131,29.499477,30.015764,30.194284,28.966082,27.694265,22.870453,23.585665,18.936285,21.315998,21.196663,20.079554,24.280018,26.119339,25.140022,25.410915,21.978012,25.474466,19.227533,22.544773,21.031994,18.190693,19.011862,17.261993,17.886465,18.389545,13.363593,16.043192,16.221258,20.21976,20.355299,25.723003,26.607924,30.832972,33.058056,36.477745,37.562122,39.69921,36.147594,34.880707,29.34743,29.376041,24.614265,21.730022,25.19226,27.418146,30.58965,25.850294,23.280281,20.302078,16.076889,14.834244,10.632949,10.170264
36,43.096878,39.1436,37.71486,33.68191,30.825796,30.267696,25.48411,24.841785,19.891874,19.942856,15.439768,20.02717,23.786188,23.169409,26.186626,23.486328,28.254496,25.778399,30.37147,29.710583,31.609707,36.080956,36.01884,33.03057,36.54381,33.92604,32.31306,28.282764,24.65678,21.03251,19.668535,15.50022,10.4935055,8.210002,5.915887,4.556009,0.0,3.91198,5.658688,9.7316265,9.9030285,15.312957,16.089169,20.001118,21.040138,26.59707,28.602688,31.74401,34.37925,33.66823,31.193226,33.921394,34.77003,33.822453,29.021618,31.277395,28.507797,31.9466,32.317043,31.966192,30.853258,28.743807,24.034706,24.101528,18.837088,21.059935,20.106783,18.796768,22.564611,25.254831,24.8562,24.578756,21.716503,24.489223,18.586672,22.422129,20.49566,18.056469,18.876947,16.722916,18.356888,19.215866,15.07453,17.68549,17.450987,21.932434,21.514122,27.396502,28.246727,32.51936,35.058323,38.264828,39.79341,42.2074,38.899666,37.939674,32.173653,32.800377,28.112593,25.398916,29.073612,31.358887,34.701523,30.10426,27.413568,24.75545,20.157974,19.220053,14.992386,14.495774
