,0,1,2,3,4,5,6,7,8,9,10,11,12,13,14,15,16,17,18,19,20,21,22,23,24,25,26,27,28,29,30,31,32,33,34,35,36,37,38,39,40,41,42,43,44,45,46,47,48,49,50,51,52,53,54,55,56,57,58,59,60,61,62,63,64,65,66,67,68,69,70,71,72,73,74,75,76,77,78,79,80,81,82,83,84,85,86,87,88,89,90,91,92,93,94,95,96,97,98,99,100,101,102,103,104,105,106,107,108,109,110,111
0,0.0,4.467179,7.145624,9.506867,10.978585,15.004587,15.86584,22.089808,22.862473,26.797,30.25203,33.74829,33.805595,32.11843,28.938198,26.25475,22.645063,21.685707,17.61183,14.222049,13.734054,10.374799,11.70372,13.723081,13.937979,17.565577,15.568586,18.514105,16.77502,17.6336,20.306192,20.132708,27.30335,23.824844,28.605883,28.753271,30.743017,31.070745,27.462164,24.965578,28.168383,24.546358,26.233223,25.488022,23.492529,23.178732,24.611307,23.531425,20.72582,25.670923,26.109503,22.724401,25.949327,30.092413,27.68218,25.862307,31.162924,32.57394,30.723526,31.66322,36.80891,36.259487,34.945553,38.615795,41.436043,39.26776,38.068092,36.120827,33.35767,33.415436,29.681393,30.275167,32.07462,29.778412,35.326237,32.83466,38.24396,38.863636,39.006107,43.899708,42.40777,37.45951,34.295258,32.767563,29.02686,28.142685,23.422655,21.856178,17.912937,16.158222,14.134321,14.103874,12.809249,15.722186,16.188478,20.337692,21.500948,23.95676,21.907286,23.091156,19.02819,19.745466,18.306019,19.043383,21.526278,24.040798,22.86321,25.165426,23.681322,27.150993,26.43963,31.10975
1,4.467179,0.0,4.6678953,6.711162,7.1930213,11.199287,11.8909025,17.881073,18.986238,22.667616,26.478195,29.69105,29.778551,28.324337,24.945099,22.576696,19.012064,18.335417,14.683476,11.823073,12.18079,9.788323,12.406291,14.854122,16.315825,19.237871,17.013111,19.188934,16.175995,16.92231,18.365728,17.674871,24.423325,20.716284,25.413279,25.212917,27.678543,28.228436,25.01326,22.811253,25.882185,23.053507,24.335178,24.312094,23.457117,22.76356,25.236559,24.358438,21.734032,26.283371,26.27163,22.497286,26.209158,30.012285,26.894262,25.350624,30.715693,31.569931,29.366209,30.703112,35.977737,34.660908,33.448814,37.254356,39.71442,37.16558,36.246704,34.8177,31.438778,31.249096,27.247332,28.040531,29.401056,27.249384,32.605076,30.209764,35.769077,35.908016,36.583286,41.28129,39.92455,34.8663,31.506323,30.29919,26.38775,25.91466,20.811916,19.744715,16.427135,14.735007,13.756953,12.979256,10.041433,13.108828,12.571185,17.002127,17.892166,20.172434,17.927212,19.537752,15.660274,17.366093,16.122622,17.736652,20.789782,22.416138,20.898802,22.411587,20.625334,23.748285,22.741804,27.400837
2,7.145624,4.6678953,0.0,5.139648,7.801349,9.177493,12.510423,17.21472,19.319578,22.580088,26.671133,30.106312,29.249928,27.730383,23.77439,21.935251,17.892673,18.278484,13.192057,12.3978,11.629265,10.176554,13.922948,15.170775,16.401571,19.547304,18.609327,19.572393,17.333593,16.632347,18.918703,16.411673,23.370285,18.711857,23.566275,22.91405,25.001722,25.96471,22.636234,20.716228,24.481081,21.878176,24.137396,24.589054,23.909603,23.992586,26.202719,26.206856,24.380487,28.68454,28.085356,24.962345,29.202036,32.42775,29.269693,28.60697,33.71125,34.098225,32.235943,33.968388,38.92086,37.292187,36.665516,40.56288,42.86747,40.33107,39.84071,38.79305,35.156834,34.671604,30.543932,31.064875,31.949566,29.453812,34.61882,31.73495,37.30955,36.6186,37.344852,41.837727,40.00148,34.846752,31.351772,30.795452,27.076468,27.352549,21.946642,22.167639,18.92391,18.092882,17.60447,17.139511,13.508661,16.897167,15.362816,19.924751,20.072342,22.33695,19.805037,22.099419,18.303865,21.087614,19.54548,21.892162,25.239502,26.421976,24.604483,25.72779,23.219133,26.048882,24.312902,28.890303
3,9.506867,6.711162,5.139648,0.0,4.4966674,6.182353,9.136236,14.11852,15.496714,19.19679,22.612234,26.72426,25.551702,23.618368,20.158958,17.658361,13.655158,13.634594,8.402112,7.5236077,6.784443,6.448807,10.934807,12.299041,14.941207,16.874945,15.796463,15.891677,12.968164,12.060419,13.892205,11.435934,18.5045,14.398219,19.233347,19.300089,21.270788,21.722605,18.353207,16.197607,19.597906,17.023392,19.005634,19.61401,19.517143,19.49552,22.240334,22.582003,21.324152,25.086876,23.976955,21.081303,25.793816,28.407661,25.057484,25.200972,29.97413,29.89441,28.346401,30.447376,35.020794,33.175293,33.154953,37.10347,39.335075,37.083164,37.146355,36.5487,32.897385,31.987156,27.935274,27.730064,28.356277,25.374208,30.491655,27.18868,32.68724,31.88553,32.37841,36.890797,34.940914,29.806738,26.372263,25.778599,22.167423,22.616255,17.215912,18.15927,14.991495,15.122266,15.437502,15.547655,11.66249,16.147558,14.669525,19.486427,20.476423,21.557306,18.38368,20.518364,15.916779,19.494461,16.919891,20.248497,24.261251,24.61419,22.331493,23.804487,20.17303,23.214457,21.056742,25.590923
4,10.978585,7.1930213,7.801349,4.4966674,0.0,5.866393,5.145518,11.333786,12.061294,15.955054,19.473524,23.159283,22.833961,21.191128,18.081207,15.408533,11.993614,11.200448,8.490339,6.1976905,8.177436,8.209272,11.923693,14.507846,17.840303,19.108637,16.806255,17.40511,12.805775,13.286356,12.67799,11.633948,17.609585,14.32803,18.741238,18.839907,21.65875,21.965122,19.254198,17.272438,19.700693,17.893314,18.380594,19.286394,20.14543,19.038034,22.85818,22.559223,20.798122,24.320755,23.367289,19.633345,24.203785,26.947853,23.042292,22.726152,27.671179,27.46684,25.33031,27.464039,32.35405,30.077272,29.69827,33.66568,35.6859,33.112976,33.129494,32.726227,28.783232,27.842922,23.694487,23.804764,24.362734,21.781338,26.850462,24.051838,29.669113,29.121399,30.09785,34.58412,33.20623,28.081768,24.5942,23.736109,19.791107,19.996695,14.504108,14.9087515,12.501001,12.143202,13.205843,12.5757475,7.8633533,12.2862215,10.565577,15.360374,16.775263,17.344408,14.073324,16.063118,11.458453,15.397547,13.078758,16.770237,20.985588,20.763319,18.377777,19.429247,15.873188,18.809671,16.862705,21.469166
5,15.004587,11.199287,9.177493,6.182353,5.866393,0.0,6.708646,8.723458,11.570304,14.254956,18.365664,22.060171,20.347338,18.806332,14.644665,13.170756,9.038556,10.642981,6.3139234,9.001749,9.650694,11.426321,15.940306,17.28771,20.513247,21.716114,20.686531,19.827345,15.972069,14.647537,14.2650385,10.117815,15.480214,10.520146,15.051705,14.1232195,16.980072,18.063105,15.673383,14.486327,17.607899,16.98579,18.381973,20.39531,22.098179,21.753357,25.531267,26.23668,25.368414,28.40575,26.724607,23.726265,28.75385,30.685781,26.608658,27.32438,31.826532,30.88703,29.040998,31.676035,36.12547,33.20308,33.517887,37.517143,39.131886,36.435764,37.03399,37.25312,32.885956,31.573978,27.339252,27.289167,27.020805,24.269817,28.717123,25.493328,30.999947,29.071514,30.462732,34.44426,32.574986,27.355764,23.625587,23.941088,20.330778,21.832226,16.145285,18.507593,16.802046,17.326267,18.863115,18.272152,13.217793,17.053043,14.110327,18.539473,18.807463,19.221258,15.78261,18.709967,14.970585,20.015392,17.87702,22.10393,26.430265,25.614294,22.999577,23.140806,18.96642,21.032509,18.05475,22.229294
6,15.86584,11.8909025,12.510423,9.136236,5.145518,6.708646,0.0,7.056377,7.1034484,10.980987,14.619864,18.026058,18.078249,16.718836,13.947402,11.322135,8.800147,7.6922,8.448205,7.302034,10.736519,12.051106,15.317677,18.085287,22.053148,22.469223,19.824026,19.898853,14.259507,15.079414,11.885344,11.253191,15.126698,12.713378,16.278324,16.316494,19.917006,20.14768,18.409313,16.952003,18.321062,17.946175,17.06119,18.853878,21.263884,19.442482,24.331142,24.015886,22.46983,25.179558,23.881319,19.875448,24.506617,26.66479,22.086538,22.121061,26.750063,25.83547,23.314322,25.867014,30.66191,27.474197,27.280308,31.26205,32.7675,29.864964,30.360704,30.70723,26.22529,24.874672,20.632433,20.749203,20.609568,18.280146,22.881184,20.35342,26.00481,25.022972,26.720013,30.903461,29.940811,24.843658,21.246109,20.6306,16.53329,17.195658,11.631058,12.8124485,12.149209,12.190376,14.60853,13.465174,8.257682,11.868522,9.260091,13.439704,15.049522,14.260328,10.50067,12.71548,8.433154,13.884018,11.741639,16.394173,20.91866,19.346832,16.58887,16.615572,12.275196,14.568235,12.049821,16.554094
7,22.089808,17.881073,17.21472,14.11852,11.333786,8.723458,7.056377,0.0,5.182986,5.712206,10.767019,13.50412,12.246816,11.585409,7.6129217,7.285937,5.8228464,7.761745,10.128024,12.657125,15.305293,17.776087,21.456657,23.512857,27.5955,27.696814,25.785557,24.715555,19.38737,19.072975,15.139107,12.4594345,13.235011,10.485054,12.597431,11.289092,15.876417,16.815517,16.582993,16.44422,17.328482,19.152828,18.10431,21.30553,25.109083,23.584282,28.795874,29.213497,28.413673,30.381062,28.406403,24.963053,29.802553,30.983772,26.066347,27.08033,31.025833,29.121542,26.697208,29.798903,34.020763,29.762777,30.272337,34.14184,34.86515,31.656235,32.95662,34.314636,29.252684,27.394531,23.245111,23.315718,21.880075,19.832642,23.087976,20.56438,25.842638,23.064772,25.849365,29.120682,28.090637,23.06971,19.24635,20.126226,16.529932,18.799334,13.686374,16.928696,17.642935,18.399649,21.329567,20.06648,14.886825,17.356138,13.716748,16.616562,16.961954,15.282281,11.654818,14.731777,12.577268,18.729826,17.2074,22.147787,26.60548,24.046282,21.155098,19.677086,14.959115,15.405754,11.542864,14.847293
8,22.862473,18.986238,19.319578,15.496714,12.061294,11.570304,7.1034484,5.182986,0.0,4.83206,7.5283213,11.40926,11.407061,10.119206,8.783288,5.870665,6.5186367,5.0413847,10.84755,11.454504,14.9767885,17.405285,20.185003,22.67621,27.217167,26.55789,23.984217,23.084497,17.083256,17.796911,12.237966,12.063803,11.785542,11.63967,13.074728,13.530653,17.655031,17.461395,17.283852,16.661665,16.225645,17.937634,15.327524,18.310915,22.619804,20.31766,26.08091,26.107473,25.317612,26.71387,24.761906,21.136772,25.765282,26.648764,21.53995,22.711863,26.333973,24.20644,21.71978,24.954271,29.002258,24.599543,25.28331,29.133535,29.847439,26.872833,28.4752,30.072973,25.195038,23.052954,19.110344,18.525684,16.994902,14.675879,18.06114,15.515276,20.910608,18.844753,21.484509,25.066517,24.505182,19.570915,15.934652,15.961559,12.08838,13.940047,9.177023,12.44531,14.123874,15.301604,18.800476,17.817345,13.445699,16.012882,13.404942,15.947743,17.69683,14.919148,11.101463,12.934147,10.036396,16.110205,13.9226675,19.219486,23.83942,20.633102,17.518412,16.54115,10.848477,11.645496,7.565343,11.12593
9,26.797,22.667616,22.580088,19.19679,15.955054,14.254956,10.980987,5.712206,4.83206,0.0,5.863656,7.8419895,7.538997,7.7017245,6.120332,6.259047,8.380967,8.934126,14.216383,16.038303,19.22055,21.848791,24.893454,27.197927,31.66931,31.081375,28.746685,27.573038,21.764254,22.053793,16.563536,15.407989,13.402737,13.172497,13.322624,12.69268,17.376,17.72071,18.662132,18.883858,18.186264,21.081636,18.491428,22.044807,26.841866,24.668076,30.477814,30.709024,30.061611,31.220686,29.114038,25.642279,30.146118,30.700693,25.490358,26.799126,30.095922,27.562475,24.955122,28.295446,32.092297,27.062048,27.856462,31.509743,31.612793,28.27111,30.200712,32.382156,27.119884,24.822048,21.030214,20.853157,18.540651,17.000366,19.093983,17.156218,21.986588,18.754917,22.44386,25.156612,24.859005,20.22198,16.63299,17.6856,14.432335,17.007492,13.117633,16.62133,18.82453,19.848791,23.379961,22.05275,17.520746,19.242754,16.022696,17.681105,18.525675,15.339315,12.064364,14.29873,13.25222,19.236763,17.913433,22.966385,27.329199,23.708744,20.748535,18.575493,13.568901,12.739017,8.376038,10.255983
10,30.25203,26.478195,26.671133,22.612234,19.473524,18.365664,14.619864,10.767019,7.5283213,5.863656,0.0,6.3558125,5.9212627,4.87084,8.033195,6.5041366,10.594321,9.701249,16.41283,17.745779,20.929287,23.836687,26.169867,28.342655,33.155884,31.669943,29.276424,27.64997,21.876558,22.436083,15.962029,16.258007,11.9388075,14.513161,13.179213,14.227315,18.011242,17.229385,18.79245,19.04424,16.743198,20.29428,16.346355,20.046785,25.665249,23.166292,29.229565,29.587267,29.535515,29.687668,27.231987,24.316708,28.607824,28.154356,22.978281,25.243996,27.542295,24.261135,22.151997,25.845272,28.716923,23.247429,25.02942,28.457159,28.229446,25.459805,28.31153,31.160156,26.27048,23.431467,20.310349,18.870634,15.863457,13.855354,14.847341,12.504222,16.753113,12.930447,16.925583,19.358284,19.4103,15.09368,11.86438,12.964574,10.442533,13.538018,11.40877,15.681232,18.789719,20.659945,24.552334,23.820444,20.223852,22.19639,19.896492,21.286335,23.033716,19.150244,16.027283,17.09167,15.636411,21.040234,18.971493,24.156935,28.562366,24.289555,21.193096,19.65364,13.896771,12.996331,8.793645,8.910884
11,33.74829,29.69105,30.106312,26.72426,23.159283,22.060171,18.026058,13.50412,11.40926,7.8419895,6.3558125,0.0,6.5552516,8.88891,11.133232,11.924854,15.513252,15.179187,21.543102,22.691462,26.183016,28.744331,31.172033,33.731617,38.43031,37.30814,34.527725,33.443142,27.358845,28.274809,21.798391,22.032215,18.067654,19.77482,18.39807,18.219402,22.507168,22.387918,24.372349,24.918728,22.898882,26.562466,22.670391,26.227726,31.720446,28.906544,35.1044,35.00642,34.39378,34.688316,32.635555,29.165016,32.938732,32.85095,27.54742,28.880316,31.25007,28.111551,25.242064,28.587032,31.724787,25.795214,26.707268,29.800089,28.846968,25.240276,27.932669,31.241978,25.861364,23.14683,20.226822,20.044096,16.585114,16.505968,16.171011,15.9672575,19.389908,15.773636,20.886927,22.347223,23.476112,19.957304,17.270021,18.35983,16.135477,18.500044,16.822357,19.692104,23.27114,24.247593,28.098316,26.608295,22.9606,23.577728,20.936502,21.003923,22.0871,17.688217,15.612232,16.521347,17.288105,22.170437,21.531862,26.095938,29.949034,25.280993,22.60217,19.462841,15.342457,12.582517,9.356534,7.0951624
12,33.805595,29.778551,29.249928,25.551702,22.833961,20.347338,18.078249,12.246816,11.407061,7.538997,5.9212627,6.5552516,0.0,3.8075812,6.415343,8.718362,12.517407,13.664502,19.030611,21.860128,24.515,27.718534,30.63675,32.411255,37.055054,35.82919,34.00957,31.925983,26.604097,26.309828,20.592197,19.093908,14.020316,15.545819,13.121123,12.717519,16.644566,16.699217,19.370394,20.58452,18.607834,23.151028,20.135935,24.345448,30.0695,28.155584,33.945446,34.79166,34.985744,35.219425,32.52456,29.933552,34.401752,33.770557,28.692204,31.153305,33.375908,29.918604,27.964024,31.677881,34.330437,28.655754,30.582779,33.849537,33.23166,30.277811,33.26055,36.37741,31.239029,28.435078,25.348972,24.37473,21.087343,19.564966,19.717098,17.697378,21.090471,15.826681,20.346823,21.567377,21.299355,17.460056,14.420163,17.04633,15.394855,19.08167,16.882261,21.480616,24.261147,26.045004,29.811249,28.873276,24.712774,26.493195,23.465431,24.68511,25.392797,21.769754,18.991863,20.773224,20.19116,25.86321,24.280483,29.413038,33.74666,29.536928,26.544611,24.282011,19.13111,17.537664,13.399431,12.707043
13,32.11843,28.324337,27.730383,23.618368,21.191128,18.806332,16.718836,11.585409,10.119206,7.7017245,4.87084,8.88891,3.8075812,0.0,5.56243,6.0210247,10.18369,11.052103,16.45572,19.372896,21.774153,25.170723,27.94203,29.461288,34.167686,32.65954,31.073467,28.65269,23.59693,23.080976,17.433256,15.97646,10.341016,12.736973,10.065806,10.834375,14.284743,13.704028,16.19246,17.243467,14.914193,19.516685,16.44412,20.745796,26.553946,24.848707,30.50208,31.620031,32.176334,32.249565,29.330862,27.14531,31.8122,30.913013,25.996534,28.986383,31.06122,27.532911,26.055668,29.900808,32.313896,26.94243,29.33473,32.71021,32.447834,29.968454,33.049446,35.954502,31.130095,28.260014,25.17062,23.545998,20.50845,18.120047,18.813225,15.799539,19.418907,14.15115,17.895905,19.635721,18.722681,14.439692,11.095024,13.889635,12.316681,16.384813,14.159216,19.416363,21.899632,24.18235,27.922989,27.443943,23.468376,25.91967,23.21228,25.026041,26.197319,22.753073,19.536713,21.212809,19.573227,25.31215,23.00572,28.35231,32.90433,28.886383,25.732563,24.315746,18.495365,17.753428,13.422064,13.508686
14,28.938198,24.945099,23.77439,20.158958,18.081207,14.644665,13.947402,7.6129217,8.783288,6.120332,8.033195,11.133232,6.415343,5.56243,0.0,5.083835,7.1440063,10.042822,13.578117,17.536314,19.58003,22.915758,26.401323,27.7832,32.146423,31.403645,30.13818,27.862652,23.022785,21.937551,17.430372,14.16436,10.713797,9.902276,8.625953,7.183282,11.861121,12.655476,14.508591,15.684769,15.115052,19.13511,17.60308,21.826046,26.877562,25.667988,30.97897,32.187943,32.417103,33.341404,30.603352,28.130596,33.115543,32.98052,28.076448,30.490786,33.376328,30.433952,28.687838,32.325905,35.45542,30.496006,32.24451,35.875675,35.9878,33.145634,35.544273,37.8626,32.807323,30.32943,26.694939,25.83296,23.342062,21.01301,22.763071,19.769817,24.100807,19.43981,22.74128,24.930061,23.563253,18.923956,15.244606,17.779333,15.428314,19.167282,15.398114,20.380335,21.942568,23.7617,27.134846,26.377733,21.670906,24.24029,20.877958,23.172348,23.553982,20.9833,17.65246,20.229923,18.546309,24.687971,22.699638,27.996508,32.58216,29.220419,26.125912,24.512976,19.06936,18.647827,14.172346,15.534459
15,26.25475,22.576696,21.935251,17.658361,15.408533,13.170756,11.322135,7.285937,5.870665,6.259047,6.5041366,11.924854,8.718362,6.0210247,5.083835,0.0,4.407729,5.4148808,10.545416,13.529571,15.866985,19.231817,22.235249,23.755886,28.375822,27.20337,25.65889,23.427837,18.345652,17.688358,12.52313,10.477928,7.161364,8.049967,7.690973,8.861644,12.594701,12.091437,12.879325,13.087975,11.946203,15.292491,13.003075,17.027369,22.145756,20.665377,26.138628,27.213272,27.534883,28.288292,25.536192,23.120478,28.147312,27.937452,23.09362,25.738945,28.55193,25.690308,24.189459,27.85423,30.912832,26.316679,28.248476,31.969177,32.47356,30.05582,32.44251,34.50678,29.84264,27.32599,23.765678,22.260826,20.149569,17.09754,19.581007,15.940248,20.682152,16.93281,19.396614,22.439985,20.97972,15.961448,12.111892,13.722329,10.873724,14.432611,10.43896,15.795761,17.266718,19.540024,23.001759,22.707275,18.500612,21.665499,19.037838,21.75333,23.122564,20.417807,16.702667,18.676554,15.793872,21.751883,18.968424,24.428596,29.17837,25.889818,22.661676,22.031956,15.928644,16.469097,12.068467,14.196745
16,22.645063,19.012064,17.892673,13.655158,11.993614,9.038556,8.800147,5.8228464,6.5186367,8.380967,10.594321,15.513252,12.517407,10.18369,7.1440063,4.407729,0.0,4.623769,6.54746,10.665912,12.436251,15.837752,19.392012,20.660652,25.008974,24.376703,23.20911,21.017057,16.346058,15.068133,11.375432,7.4975586,7.7140336,5.200685,7.588027,8.072452,11.636598,11.726955,11.132283,10.87305,11.526255,13.657198,12.999006,16.59087,20.747417,19.849813,24.793945,26.018126,26.19983,27.642536,25.03491,22.615822,27.887672,28.247534,23.664179,25.964785,29.32574,27.04016,25.602003,29.021034,32.474766,28.50616,30.07403,33.948147,34.90693,32.498383,34.355602,35.80342,31.250307,29.077282,25.232847,24.042774,22.58785,19.371214,22.71992,18.93923,24.002825,20.851217,22.654778,26.09894,24.207344,19.039488,15.192954,16.410894,13.282852,16.243456,11.25285,16.122108,16.361408,18.424568,21.39492,21.19378,16.621862,20.32704,17.550909,21.008867,22.093498,20.315172,16.453442,18.875374,15.355729,21.328342,18.433666,23.758093,28.542526,26.029087,22.877552,22.671202,16.860088,18.129803,14.012192,17.102932
17,21.685707,18.335417,18.278484,13.634594,11.200448,10.642981,7.6922,7.761745,5.0413847,8.934126,9.701249,15.179187,13.664502,11.052103,10.042822,5.4148808,4.623769,0.0,7.277286,8.346222,11.230824,14.288639,16.986,18.865803,23.57818,22.442257,20.453032,18.745096,13.21901,13.240062,7.8395505,7.398099,7.934757,8.378139,10.403137,12.26053,15.2667265,14.365839,13.381877,12.207212,11.771626,12.922048,10.657707,13.696611,18.017204,16.269222,21.757948,22.424784,22.389488,23.596472,21.16275,18.36814,23.50972,23.920895,19.189764,21.403967,24.737705,22.538637,21.021309,24.41451,27.93077,24.137074,25.632263,29.529175,30.696257,28.519766,30.341825,31.68048,27.415964,25.20662,21.515368,19.884611,18.744251,15.200167,19.077126,15.220219,20.552217,18.541264,19.905926,23.930088,22.485817,17.319231,13.659552,13.558691,9.832048,12.014491,6.7215915,11.572078,12.155017,14.537598,17.826029,17.887728,14.009126,17.88678,15.984712,19.345985,21.432688,19.203247,15.276151,16.831558,12.56487,18.154175,14.674582,20.121967,24.979393,22.272953,19.037966,19.532074,13.309274,15.261935,11.54728,14.972794
18,17.61183,14.683476,13.192057,8.402112,8.490339,6.3139234,8.448205,10.128024,10.84755,14.216383,16.41283,21.543102,19.030611,16.45572,13.578117,10.545416,6.54746,7.277286,0.0,6.3837614,6.3437877,9.928232,13.907336,14.598539,18.668217,18.466536,17.892803,15.666763,11.996555,9.784898,9.183947,3.8068972,10.20467,6.3798504,11.036723,12.099388,13.862297,13.714732,10.787265,8.910709,11.652238,10.763111,12.303545,14.5053005,16.80191,16.813835,20.68486,22.126534,22.338192,24.530682,22.1412,20.094679,25.52541,26.461748,22.59345,24.660418,28.418737,26.967085,25.997766,28.996649,32.618015,29.818459,31.161974,35.113056,36.811043,34.842735,36.12697,36.68947,32.73271,30.971685,27.101095,25.791506,25.340164,21.659868,26.024006,21.88681,27.092054,25.074165,25.618685,29.729427,27.354475,22.179558,18.64066,18.908531,15.754809,17.604109,12.289647,16.059492,14.319953,16.414122,18.42271,18.944742,14.813982,19.525831,17.499502,21.865227,23.211878,22.537502,18.694311,20.911736,16.219498,21.338017,17.83998,22.665636,27.376253,26.050594,23.087425,24.183167,18.749115,21.25563,17.9008,21.776085
19,14.222049,11.823073,12.3978,7.5236077,6.1976905,9.001749,7.302034,12.657125,11.454504,16.038303,17.745779,22.691462,21.860128,19.372896,17.536314,13.529571,10.665912,8.346222,6.3837614,0.0,4.382032,6.129976,8.965875,11.299621,15.787472,15.429711,13.132854,12.608829,7.2876186,7.9954896,6.668195,7.56506,13.657261,12.211703,16.203806,17.867931,19.869583,19.101475,16.140856,13.575312,15.129323,12.656016,12.623082,13.112718,14.288994,13.107517,17.314663,17.48372,16.702402,19.430788,17.824083,14.7803955,19.930351,21.788488,18.016405,19.048307,23.338495,22.710182,21.441656,23.938906,28.065655,26.012259,26.631807,30.58032,32.76402,30.978275,31.67759,31.600565,28.15012,26.736423,23.006884,21.69877,22.185331,18.58752,23.749592,20.084078,25.459555,25.173107,25.23434,29.968224,28.270988,23.263632,20.078604,18.761738,15.12881,15.188343,10.015527,11.415253,8.539153,10.340656,12.10467,13.052296,9.930073,15.12333,14.492616,18.909344,21.345865,20.701054,17.057476,18.27079,12.716111,16.627697,12.572955,17.00055,21.64623,20.804605,18.016653,20.245922,15.281514,18.78,16.535221,20.854122
20,13.734054,12.18079,11.629265,6.784443,8.177436,9.650694,10.736519,15.305293,14.9767885,19.22055,20.929287,26.183016,24.515,21.774153,19.58003,15.866985,12.436251,11.230824,6.3437877,4.382032,0.0,4.0282693,7.7491136,8.362926,12.612904,12.50103,11.76262,10.182716,7.279254,5.376464,8.333002,7.0143533,14.4324045,12.170627,16.53987,18.26684,19.295885,18.56014,14.812443,11.900657,14.574878,10.93707,12.99273,13.045625,12.934277,13.308392,16.096916,17.190245,17.159739,20.054121,18.201479,16.336584,21.552225,23.163458,20.131657,21.691029,25.682617,25.18024,24.600435,27.018173,30.720425,29.152672,30.152044,34.030094,36.398083,34.946537,35.688053,35.428947,32.25941,30.894375,27.263945,25.740698,26.273745,22.390144,27.465197,23.354662,28.478518,27.888388,27.407677,32.097755,29.762262,24.814993,21.754875,20.795364,17.691437,18.076075,13.311545,15.197261,11.722659,13.72423,14.60718,16.115242,13.416274,18.670677,18.023129,22.657059,24.701368,24.559282,20.951492,22.428333,16.957285,20.607742,16.566544,20.533169,24.955757,24.677263,22.031967,24.520273,19.653835,23.137547,20.71851,24.946033
21,10.374799,9.788323,10.176554,6.448807,8.209272,11.426321,12.051106,17.776087,17.405285,21.848791,23.836687,28.744331,27.718534,25.170723,22.915758,19.231817,15.837752,14.288639,9.928232,6.129976,4.0282693,0.0,4.739234,6.3026876,10.015673,10.916468,9.442551,9.754748,7.473237,7.313046,10.864033,11.023064,18.310236,16.050882,20.502693,21.99999,23.18946,22.572374,18.751753,15.79944,18.460604,14.360218,16.187538,15.371987,13.877402,14.051014,16.072828,16.334846,15.415415,19.17963,18.153141,15.872591,20.546322,23.058247,20.46001,20.987812,25.399591,25.687206,24.918476,26.798996,30.873396,29.946898,30.300276,34.11412,36.805054,35.37128,35.535004,34.662876,31.840601,30.885868,27.311827,26.149057,27.285055,23.707253,29.10934,25.419222,30.572716,30.724504,30.118261,35.0117,32.943653,28.093174,25.157007,23.69551,20.44857,20.04445,15.519875,15.835352,11.601332,12.622872,12.409053,14.128054,12.268353,17.398811,17.46668,22.117386,24.306656,24.731377,21.4562,22.622171,17.12382,19.71337,15.923611,18.980095,22.996958,23.591732,21.323341,24.291946,20.269148,24.07776,22.305943,26.746367
22,11.70372,12.406291,13.922948,10.934807,11.923693,15.940306,15.317677,21.456657,20.185003,24.893454,26.169867,31.172033,30.63675,27.94203,26.401323,22.235249,19.392012,16.986,13.907336,8.965875,7.7491136,4.739234,0.0,4.465648,8.251417,8.219029,4.9579325,7.4383283,6.084653,8.073372,11.722159,14.164622,20.811678,19.734182,23.790926,25.86839,26.85962,25.735409,21.912157,18.71617,20.618208,15.873919,17.011236,14.932085,11.995176,11.852371,12.982179,12.383441,11.0602665,15.240045,14.870034,12.776818,16.877274,19.794912,18.011208,18.171583,22.424082,23.386671,23.019285,24.405882,28.272615,28.280252,28.504341,32.114143,35.201607,34.305607,34.246944,32.937534,30.867443,30.100168,26.969538,25.423016,27.136806,23.504574,29.048826,25.500557,30.305801,31.458664,30.190998,35.321167,33.450687,28.93379,26.437107,24.206635,21.216173,19.863174,16.351547,15.410789,10.606795,11.617865,10.488213,13.30141,13.384599,18.24027,19.447659,23.735537,26.586031,26.828197,23.764418,24.199001,18.529799,19.881634,15.748995,17.951544,21.56743,22.646837,20.675001,24.644331,20.984169,25.191334,24.03366,28.34022
23,13.723081,14.854122,15.170775,12.299041,14.507846,17.28771,18.085287,23.512857,22.67621,27.197927,28.342655,33.731617,32.411255,29.461288,27.7832,23.755886,20.660652,18.865803,14.598539,11.299621,8.362926,6.3026876,4.465648,0.0,5.005878,4.6380444,5.3868794,5.134113,7.866635,7.1552744,13.234608,14.318036,21.182182,19.852518,23.878067,26.100706,26.277462,25.079992,20.864716,17.586285,19.996735,14.603609,17.18544,14.908225,10.89791,12.579783,11.986972,12.899538,13.106477,16.70317,15.752744,15.270923,19.419807,21.531443,20.364906,21.495749,25.121433,25.830034,26.162334,27.70897,30.946161,31.129519,31.968864,35.511795,38.606697,38.007572,38.24581,37.067318,35.090008,34.16969,31.087502,29.20734,30.67552,26.682749,32.032158,27.971865,32.547207,33.231503,31.534157,36.542152,34.07794,29.66299,27.30027,25.464407,22.95048,22.114267,18.766415,18.90237,14.273005,15.906594,14.914276,17.756767,17.471075,22.447664,23.249134,27.722689,30.250057,30.594776,27.364397,28.1293,22.43512,24.237677,20.015963,22.40741,25.991066,27.05339,25.002127,28.887545,24.834248,28.929735,27.341024,31.561079
24,13.937979,16.315825,16.401571,14.941207,17.840303,20.513247,22.053148,27.5955,27.217167,31.66931,33.155884,38.43031,37.055054,34.167686,32.146423,28.375822,25.008974,23.57818,18.668217,15.787472,12.612904,10.015673,8.251417,5.005878,0.0,5.0810647,7.8515873,8.731015,12.757773,11.840059,18.234808,18.69801,25.778423,23.895851,28.087765,30.004467,29.909456,28.96211,24.535872,21.363338,24.264893,18.71362,21.920109,19.478012,14.684361,16.881737,14.812916,15.616189,15.613771,19.541931,19.195534,19.130835,22.505646,24.972023,24.491632,25.115402,28.713617,29.935535,30.371368,31.526354,34.744656,35.47619,36.038086,39.456795,42.76002,42.246418,42.122704,40.487656,38.816708,38.191547,35.15578,33.538883,35.270294,31.430443,36.852066,32.899677,37.413654,38.214653,36.3794,41.38171,38.786053,34.45917,32.15516,30.380981,27.947847,27.031118,23.735233,23.504904,18.729258,19.738396,17.953625,20.717543,20.826513,25.444946,26.418892,30.88817,33.136555,34.083294,31.078974,31.902617,26.386467,27.672274,23.86577,25.517694,28.553905,30.403675,28.690413,32.684437,29.176298,33.311802,31.89916,36.23195
25,17.565577,19.237871,19.547304,16.874945,19.108637,21.716114,22.469223,27.696814,26.55789,31.081375,31.669943,37.30814,35.82919,32.65954,31.403645,27.20337,24.376703,22.442257,18.466536,15.429711,12.50103,10.916468,8.219029,4.6380444,5.0810647,0.0,5.7476897,4.5805326,10.410897,9.64165,15.934198,17.515518,23.740576,23.09404,26.715303,29.369656,28.960499,27.382982,23.111017,19.793901,21.808449,15.979554,18.734896,15.63233,10.115094,12.838397,9.891408,11.468432,12.853048,15.7935705,14.899399,15.969485,19.453396,21.023264,20.987856,22.593819,25.44374,26.367636,27.493496,28.8066,31.3089,32.243195,33.4612,36.75003,40.05384,40.049454,40.392902,39.087364,37.676987,36.74842,34.030643,31.680063,33.29528,29.096395,34.28048,30.043911,34.119316,35.14771,32.7308,37.719017,35.031864,31.029503,29.127779,27.079678,25.136396,24.06256,21.585386,21.669039,17.1297,19.073853,17.85005,21.142458,21.585024,26.443155,27.58863,31.935265,34.677933,34.888718,31.665176,32.194996,26.427685,27.85091,23.43219,25.480494,28.772459,29.985233,28.065277,32.412926,28.322762,32.518738,31.029282,35.05504
26,15.568586,17.013111,18.609327,15.796463,16.806255,20.686531,19.824026,25.785557,23.984217,28.746685,29.276424,34.527725,34.00957,31.073467,30.13818,25.65889,23.20911,20.453032,17.892803,13.132854,11.76262,9.442551,4.9579325,5.3868794,7.8515873,5.7476897,0.0,5.7555556,7.541979,9.821862,13.858542,17.32749,23.308035,23.165678,26.799067,29.439802,29.926527,28.31926,24.440207,21.09873,22.434242,17.137976,18.104067,14.883007,10.230586,10.549981,9.5709915,8.583934,7.9469867,11.996728,12.066645,11.419802,14.682597,17.361454,16.92608,17.41915,20.871252,22.310266,22.832197,23.818846,26.938171,27.97275,28.50518,31.802105,35.21693,35.064724,35.04936,33.501965,32.238625,31.509409,28.913553,26.76138,28.785295,24.95342,30.355482,26.71192,30.935839,32.764435,30.660398,35.868748,33.927814,29.86459,27.902117,25.200768,22.79372,20.896475,18.57993,17.266102,12.558554,13.990075,12.454808,16.004166,17.349636,21.886133,23.682589,27.677776,30.902882,30.907724,27.919456,27.917213,22.210112,22.853062,18.476706,20.056303,23.20337,24.504457,22.768446,27.453234,23.86632,28.229898,27.343168,31.377838
27,18.514105,19.188934,19.572393,15.891677,17.40511,19.827345,19.898853,24.715555,23.084497,27.573038,27.64997,33.443142,31.925983,28.65269,27.862652,23.427837,21.017057,18.745096,15.666763,12.608829,10.182716,9.754748,7.4383283,5.134113,8.731015,4.5805326,5.7555556,0.0,6.7362494,6.0569324,11.752493,14.136059,19.720688,19.893253,23.137741,26.186274,25.893541,23.982433,19.989805,16.626715,17.925653,12.221081,14.275119,11.087347,5.9833255,8.6560545,7.1645904,9.390813,11.498396,13.622115,11.781502,12.881414,17.174652,18.047161,17.406967,19.862194,22.500536,22.776575,23.99443,25.751364,28.075958,28.478405,30.149153,33.521168,36.59858,36.60419,37.39336,36.595154,34.93504,33.674477,30.984135,28.25815,29.549173,25.1274,30.13897,25.697184,29.717638,30.603142,28.173761,33.15383,30.510225,26.485065,24.623623,22.50573,20.660799,19.705256,17.441183,18.100988,13.943807,16.695513,16.379847,19.670578,19.766842,24.811945,25.757248,30.011189,32.969604,32.572258,29.15863,29.61991,23.777252,25.702967,20.916197,23.671408,27.41904,27.804451,25.564314,29.771893,25.107676,29.194902,27.500397,31.306047
28,16.77502,16.175995,17.333593,12.968164,12.805775,15.972069,14.259507,19.38737,17.083256,21.764254,21.876558,27.358845,26.604097,23.59693,23.022785,18.345652,16.346058,13.21901,11.996555,7.2876186,7.279254,7.473237,6.084653,7.866635,12.757773,10.410897,7.541979,6.7362494,0.0,5.260871,6.328607,10.929333,16.146122,16.735817,19.965408,22.859999,23.739061,21.959028,18.619453,15.444302,16.014927,11.676631,11.347153,9.15262,7.9317913,6.6769066,10.190542,10.309213,10.529035,12.828024,11.062876,9.297315,14.555369,16.001118,13.513135,15.458671,18.961473,18.848131,18.960556,21.084951,24.300428,23.684881,24.913622,28.571625,31.367224,30.7671,31.571108,31.105345,28.865553,27.475647,24.544647,22.041182,23.206123,18.971966,24.224865,20.142279,24.738478,25.752697,24.193007,29.318,27.415215,22.997675,20.706566,18.262741,15.550565,14.290005,11.321743,11.584153,7.4872503,10.682747,11.508921,14.369152,14.030564,19.05637,19.934439,23.954672,27.19272,26.295841,22.869116,23.123604,17.281595,19.51482,14.575055,18.032164,22.26553,21.876486,19.355427,23.249527,18.382969,22.45991,20.884,24.745848
29,17.6336,16.92231,16.632347,12.060419,13.286356,14.647537,15.079414,19.072975,17.796911,22.053793,22.436083,28.274809,26.309828,23.080976,21.937551,17.688358,15.068133,13.240062,9.784898,7.9954896,5.376464,7.313046,8.073372,7.1552744,11.840059,9.64165,9.821862,6.0569324,5.260871,0.0,7.333555,8.090168,14.214971,13.878571,17.315828,20.1863,20.214977,18.53101,14.627481,11.289943,12.968043,7.83341,10.263589,8.953645,7.78575,9.328639,11.310785,13.462634,14.913933,16.852985,14.329497,14.078353,19.361277,19.97444,17.730999,20.532372,23.59315,22.907745,23.418575,25.88897,28.643248,27.654549,29.483908,33.161785,35.712406,35.054478,36.214596,36.06133,33.489925,31.906633,28.762907,26.281645,26.865486,22.40688,27.277168,22.621077,27.137829,26.906311,25.335625,30.125053,27.394363,22.836391,20.371927,19.008606,16.729841,16.854181,13.41569,15.647383,12.131954,15.269522,16.126589,18.585981,17.08858,22.365362,22.336645,26.73069,29.290531,28.636726,24.963873,25.956673,20.24458,23.458937,18.751049,22.615292,26.975687,26.527185,23.849745,27.096504,21.796925,25.477488,23.116217,26.934221
30,20.306192,18.365728,18.918703,13.892205,12.67799,14.2650385,11.885344,15.139107,12.237966,16.563536,15.962029,21.798391,20.592197,17.433256,17.430372,12.52313,11.375432,7.8395505,9.183947,6.668195,8.333002,10.864033,11.722159,13.234608,18.234808,15.934198,13.858542,11.752493,6.328607,7.333555,0.0,7.275521,10.338462,12.2353115,14.6055565,17.857662,19.097635,17.092405,14.65505,12.016338,11.3155155,9.105028,6.5921335,7.026222,10.392256,8.535438,13.939541,14.778479,15.525819,16.411842,13.688891,11.829165,17.35221,17.482306,13.623449,16.774292,19.733318,18.085442,17.890734,20.980207,23.907446,21.69027,23.689829,27.48135,29.538208,28.57,30.226175,30.833122,27.799913,25.786118,22.693386,19.895414,19.929914,15.384085,20.087122,15.485405,20.328142,20.170326,19.27246,24.15587,22.23721,17.460482,14.762351,12.84691,9.831452,9.958361,6.1140866,9.626624,8.075214,12.017044,14.591544,16.36304,14.536078,19.321426,19.151253,22.882025,25.911318,24.112955,20.369822,20.933706,15.45756,19.232626,14.372554,19.153507,23.884476,22.036753,18.9855,21.715183,15.701685,19.085337,16.621304,20.059687
31,20.132708,17.674871,16.411673,11.435934,11.633948,10.117815,11.253191,12.4594345,12.063803,15.407989,16.258007,22.032215,19.093908,15.97646,14.16436,10.477928,7.4975586,7.398099,3.8068972,7.56506,7.0143533,11.023064,14.164622,14.318036,18.69801,17.515518,17.32749,14.136059,10.929333,8.090168,7.275521,0.0,7.6780963,5.89934,9.673784,12.180076,12.953677,11.793121,8.613113,6.1489897,8.217459,7.1132774,8.828377,11.275993,14.167957,14.517545,18.360245,20.37833,21.40498,22.895794,19.996094,18.772055,24.336073,24.495895,20.861118,23.87479,27.00863,25.18609,24.869953,28.068777,31.04384,28.34392,30.385128,34.239788,35.950222,34.47127,36.184734,36.97263,33.307568,31.297691,27.730227,25.680838,25.094353,20.91497,25.056862,20.375607,25.2199,23.122078,23.025383,27.15777,24.401857,19.328367,16.021328,16.294518,13.680254,15.797286,11.167692,15.77147,14.184875,17.156736,19.34629,20.452482,16.99318,21.874928,20.294653,24.499084,26.275906,25.116768,21.19373,23.023218,18.093817,23.047977,18.980785,23.948282,28.744112,27.141716,24.061798,25.622389,19.680122,22.294905,18.854307,22.35299
32,27.30335,24.423325,23.370285,18.5045,17.609585,15.480214,15.126698,13.235011,11.785542,13.402737,11.9388075,18.067654,14.020316,10.341016,10.713797,7.161364,7.7140336,7.934757,10.20467,13.657261,14.4324045,18.310236,20.811678,21.182182,25.778423,23.740576,23.308035,19.720688,16.146122,14.214971,10.338462,7.6780963,0.0,6.5139933,5.1725235,9.612348,10.262483,7.766866,7.8385053,7.7323337,4.886835,9.252142,7.607444,12.137312,17.50686,17.164793,21.816425,24.027721,25.654585,25.758093,22.266281,21.486803,26.808357,25.587711,21.558847,25.680086,27.698734,24.603172,24.550196,28.337105,30.358086,26.547808,29.630255,33.23886,34.167435,32.822807,35.572666,37.454617,33.55475,30.924967,27.770052,25.099049,23.36241,19.167593,21.785088,16.795206,20.825256,17.083683,17.497002,20.796333,17.844103,12.768985,9.251491,11.268345,9.8584385,13.834399,10.892103,17.13549,17.603886,21.037533,24.12545,24.972391,21.560152,25.740013,23.864439,27.209942,29.036674,26.673323,22.79759,24.419638,20.39414,25.798237,21.890778,27.301254,32.174763,29.317205,26.025648,26.811539,20.261112,21.782429,17.775076,19.863174
33,23.824844,20.716284,18.711857,14.398219,14.32803,10.520146,12.713378,10.485054,11.63967,13.172497,14.513161,19.77482,15.545819,12.736973,9.902276,8.049967,5.200685,8.378139,6.3798504,12.211703,12.170627,16.050882,19.734182,19.852518,23.895851,23.09404,23.165678,19.893253,16.735817,13.878571,12.2353115,5.89934,6.5139933,0.0,4.926297,6.3182893,7.707293,7.6919284,6.1387105,6.3323956,8.345619,10.707694,12.111917,15.806399,19.592728,19.91604,23.931126,26.115591,27.143888,28.429543,25.368505,24.05234,29.57132,29.427118,25.413925,28.521908,31.515364,29.13983,28.52121,32.006298,34.904472,31.346386,33.549496,37.37881,38.52,36.59987,38.66457,40.027958,35.78407,33.559456,29.85572,28.171505,26.799171,23.0521,26.32746,21.861248,26.494785,22.89502,23.847004,27.129541,24.268192,19.225443,15.619394,17.479229,15.23357,18.560566,14.061667,19.42665,18.877052,21.501223,24.061039,24.485958,20.194283,24.454647,21.876783,25.708881,26.64745,25.2918,21.434332,23.90658,20.00377,25.732817,22.36668,27.60328,32.430042,30.297352,27.135445,27.51218,21.552755,23.130741,19.035038,21.925528
34,28.605883,25.413279,23.566275,19.233347,18.741238,15.051705,16.278324,12.597431,13.074728,13.322624,13.179213,18.39807,13.121123,10.065806,8.625953,7.690973,7.588027,10.403137,11.036723,16.203806,16.53987,20.502693,23.790926,23.878067,28.087765,26.715303,26.799067,23.137741,19.965408,17.315828,14.6055565,9.673784,5.1725235,4.926297,0.0,4.806845,5.489911,4.4488153,6.2742295,8.104687,7.5079565,12.271924,12.498341,16.886477,21.695631,21.859371,26.116428,28.536146,30.010263,30.543571,27.124403,26.211142,31.617672,30.675295,26.589762,30.359852,32.68413,29.643206,29.284624,33.056717,35.325947,31.245607,34.082752,37.729664,38.428345,36.655155,39.33128,41.307632,36.993626,34.42391,31.006357,28.938957,26.938908,23.22139,25.523886,20.962198,24.920101,20.257938,21.494251,24.031023,20.96285,16.20837,12.756299,15.796636,14.489136,18.639025,15.214163,21.25699,21.603758,24.56476,27.530718,27.953558,23.811733,27.766964,25.132372,28.477018,29.455225,27.430569,23.655838,25.959827,22.556105,28.421156,25.072433,30.505348,35.368195,32.59802,29.337383,29.368069,23.123884,24.082396,19.733112,21.672249
35,28.753271,25.212917,22.91405,19.300089,18.839907,14.1232195,16.316494,11.289092,13.530653,12.69268,14.227315,18.219402,12.717519,10.834375,7.183282,8.861644,8.072452,12.26053,12.099388,17.867931,18.26684,21.99999,25.86839,26.100706,30.004467,29.369656,29.439802,26.186274,22.859999,20.1863,17.857662,12.180076,9.612348,6.3182893,4.806845,0.0,5.037569,7.2146344,9.024402,11.17486,12.067356,16.164148,16.910784,21.1468,25.548376,25.683645,29.940355,32.140163,33.130127,34.19061,31.038403,29.593636,35.005074,34.597584,30.285614,33.416836,36.221577,33.38307,32.484848,36.16032,38.93484,34.62319,36.9263,40.647083,41.195477,38.886288,41.285282,43.226036,38.51225,36.105457,32.412502,31.084656,28.998201,25.838715,28.101807,24.113388,28.297108,23.40199,25.437029,27.683851,24.978695,20.332344,16.802778,19.915,18.179382,22.19523,18.184038,23.765968,24.089334,26.43169,29.291887,29.178997,24.440243,27.963917,24.683273,27.885317,28.052248,26.414509,22.864643,25.729488,23.03343,29.146536,26.476677,31.802786,36.560917,33.908035,30.748362,30.032827,24.302025,24.780914,20.345825,22.297646
