,0,1,2,3,4,5,6,7,8,9,10,11,12,13,14,15,16,17,18,19,20,21,22,23,24,25,26,27,28,29,30,31,32,33,34,35,36,37,38,39,40,41,42,43,44,45,46,47,48,49,50,51,52,53,54,55,56,57,58,59,60,61,62,63,64,65,66,67,68,69,70,71,72,73,74,75,76,77,78,79,80,81,82,83,84,85,86,87,88,89,90,91,92,93,94,95,96,97,98,99,100,101,102,103,104,105,106,107,108,109,110
0,0.0,4.234875,6.5920987,9.141228,12.062498,13.745749,17.552351,22.008799,24.204195,26.977457,31.30682,31.720312,36.802605,35.311367,29.983187,28.657038,24.77008,22.888723,17.973383,17.988531,15.045924,14.021985,12.627079,16.909529,19.385448,19.653643,22.323511,22.339209,26.589806,24.176352,32.287964,27.862993,34.97025,33.554005,36.011486,38.941864,37.023163,36.172176,32.275597,29.64617,33.023296,29.14423,33.0928,31.366362,26.83294,29.35052,24.998646,26.143606,24.152462,26.205557,28.399736,29.974432,34.436874,35.943462,37.823563,34.520164,35.27271,37.373173,41.20946,41.919506,38.527443,36.40754,41.53934,41.658443,45.43203,41.211937,38.297207,43.867405,40.674416,37.52041,39.122036,39.344788,36.76582,33.11599,33.408764,31.070097,30.930113,33.840584,34.593018,39.305477,38.1889,43.285057,43.48809,40.22542,36.10298,32.840794,31.541496,28.013494,23.766085,23.63667,20.97942,20.138699,20.429728,19.724154,17.940422,16.103796,17.068254,16.168383,19.885925,19.713713,25.343876,26.88315,30.859879,34.38369,35.18075,33.80182,39.120834,35.385212,40.138527,40.032177,43.599224
1,4.234875,0.0,4.558414,6.2745266,8.381364,11.115904,14.620115,18.77818,20.979298,23.44297,27.985657,28.651237,33.463734,31.635567,26.376774,24.780767,20.8758,18.765629,13.825956,13.780912,10.894127,10.009459,9.007308,13.125325,15.421354,15.658436,18.110302,18.18854,22.439156,20.239958,28.401194,24.249006,31.438124,30.384499,32.900684,36.078663,34.412888,33.363323,29.40412,26.556194,29.649511,25.547812,29.335798,27.396574,22.932934,25.214024,21.026766,22.047926,20.32721,22.237652,24.412958,25.816221,30.347174,31.775045,33.68259,30.396816,31.047478,33.16822,36.977848,37.7295,34.401443,32.210854,37.37556,37.55369,41.337833,37.15142,34.279297,39.920033,36.910988,33.77426,35.66319,35.90379,33.5306,29.670855,30.437391,27.730724,28.099913,30.807888,31.340733,36.096577,34.617596,39.71095,39.717327,36.314568,32.21139,28.843964,27.711924,23.910313,19.789051,19.764275,17.301062,17.002518,17.538397,17.598307,16.041832,15.132763,15.252301,14.199662,17.162813,16.339684,22.281567,23.308302,27.420391,30.946037,31.461296,29.900993,35.19075,31.27088,36.00906,35.89987,39.410233
2,6.5920987,4.558414,0.0,4.9548087,7.1901426,7.31529,12.10757,15.676886,18.436077,20.881622,25.221104,26.163767,31.047737,29.992676,24.885567,23.344437,19.748346,17.72424,14.018776,13.517179,12.184851,10.582126,11.334711,15.239303,16.697868,17.342806,18.626484,18.570484,22.146666,20.113874,27.656088,23.485424,30.513306,28.904562,31.89991,34.58915,33.262333,32.669994,28.409136,25.62103,29.33883,25.567509,29.106173,27.406393,23.694809,25.595152,22.375097,23.179195,22.32477,23.5314,25.232727,26.21658,30.969624,31.783142,34.271152,31.2459,31.148136,33.270958,36.88665,37.61165,34.309647,31.606512,36.35929,36.11602,39.93977,36.06648,32.63438,37.993347,34.722168,31.473177,32.835926,32.90543,30.306887,26.686773,26.82657,24.576952,24.434767,27.477102,28.460194,33.176914,32.122295,37.16368,37.370274,34.269928,30.195309,27.078766,25.788055,22.832542,18.534395,19.264578,17.394878,17.111588,18.471197,18.760284,15.9360075,14.863893,13.635612,11.58323,15.024615,14.750093,20.482975,21.75544,26.119873,29.505932,30.357986,28.984846,33.859303,30.184704,34.969345,34.60115,38.44387
3,9.141228,6.2745266,4.9548087,0.0,3.7265582,6.603237,8.5330715,13.637624,15.169319,18.267527,22.4294,22.635754,27.711294,26.313316,20.978954,19.948631,16.16642,15.216709,10.975051,11.989266,10.823971,10.699918,11.673546,14.512211,15.987982,15.682756,16.470713,15.47962,18.98727,16.210455,23.776709,19.180048,26.188707,24.575272,27.309196,30.149857,28.60963,27.880678,23.720934,20.97401,24.701475,21.096134,24.861622,23.549253,19.852638,22.394026,19.250708,21.134665,20.53364,22.268742,24.302952,24.626738,29.513165,30.241661,32.38682,29.101,28.779148,30.428862,34.477917,34.56406,30.92755,28.79977,33.67033,33.768692,37.283333,32.845123,30.022165,35.51314,31.94087,28.899244,30.485025,31.11174,28.448322,24.95769,25.807219,23.813255,24.62526,27.781017,28.822268,33.56686,31.871626,36.79442,36.35169,32.92253,29.076431,25.580875,25.205946,21.57815,17.953924,19.339193,18.050112,18.86184,20.277454,21.386007,19.292393,18.978401,17.290741,15.020065,17.417822,16.102095,22.193748,22.383276,27.060349,30.363361,30.580114,28.706308,33.280746,28.81805,33.518574,32.69688,36.406235
4,12.062498,8.381364,7.1901426,3.7265582,0.0,6.0881906,6.949985,11.170039,12.769871,15.317502,19.80512,20.458574,25.120298,23.319603,18.094809,16.615252,12.804498,11.502406,7.5391803,8.5467005,8.292237,8.508588,10.455395,12.393244,13.272363,12.957002,13.031004,12.046914,15.394964,12.981719,20.562357,16.388906,23.506277,22.3752,25.230442,28.34814,27.191942,26.241398,22.018759,18.988844,22.32452,18.439693,21.916706,20.304108,16.839035,18.943611,16.248117,17.889639,17.822874,19.201328,21.086172,21.12176,26.061535,26.623358,28.858864,25.658646,25.13165,26.825325,30.796623,30.973188,27.439426,25.132097,30.01945,30.143215,33.70589,29.357758,26.498695,32.07626,28.743475,25.693619,27.628202,28.227781,25.840458,22.073969,23.497238,21.030424,22.44496,25.29824,26.06891,30.81302,28.743393,33.64304,33.013203,29.44696,25.620329,22.019049,21.843565,17.963352,14.572041,16.24572,15.422843,16.882437,18.56048,20.34961,18.526228,19.00349,16.683449,14.430876,15.76474,13.755667,19.88255,19.44698,24.197876,27.43028,27.354975,25.311876,29.7891,25.1602,29.840393,29.01798,32.690952
5,13.745749,11.115904,7.31529,6.603237,6.0881906,0.0,6.4675565,8.64849,11.839419,14.189236,18.223326,19.51243,24.272064,23.980286,19.22475,17.83846,14.88495,13.553308,12.21679,11.791629,13.081016,11.807878,14.616879,17.069397,17.243168,17.817678,16.982136,16.319035,18.48171,16.711737,22.845278,18.903576,25.425507,23.34624,26.914665,29.102062,28.447514,28.294943,23.743668,20.992823,25.215683,22.009743,24.958605,23.696774,21.371521,22.715302,21.235712,22.123322,22.750225,23.162474,24.305258,24.168055,29.136078,28.967676,32.003506,29.307005,27.978315,29.794228,33.252243,33.609478,30.303232,27.17436,31.29716,30.67049,34.33655,30.700642,26.844328,31.84229,28.182974,24.916689,25.81872,25.964352,23.15266,19.815351,19.813284,18.176208,18.342024,21.810413,23.354752,27.997835,26.867916,31.692589,31.618849,28.687166,24.87883,21.89952,21.132318,18.999542,15.256206,17.622578,17.29715,18.124483,20.509918,21.960161,18.650307,18.57208,15.168841,11.898516,13.956482,13.249735,18.558138,18.926907,23.756824,26.750765,27.424421,25.908709,29.824148,25.969242,30.644684,29.626009,33.769913
6,17.552351,14.620115,12.10757,8.5330715,6.949985,6.4675565,0.0,6.8207455,6.8521085,10.779429,14.233944,14.182859,19.382826,18.799467,13.704795,13.399087,10.482556,11.551578,10.622883,12.242572,14.017221,14.392046,17.104895,18.248169,18.291033,17.744959,15.937265,13.873799,15.229877,12.456489,17.815273,13.207155,19.49596,17.122305,20.549404,22.793827,22.013834,21.838562,17.28168,14.602879,19.159336,16.526535,19.569447,19.129757,17.430573,19.46873,18.701437,20.955431,22.126041,23.026197,24.447031,23.300194,28.286217,27.855543,30.434315,27.521898,25.678535,26.70166,30.680168,30.02934,26.267595,23.947699,28.026108,27.836134,30.954252,26.528162,23.556479,28.615688,24.382156,21.47919,22.596138,23.692507,20.755758,17.833593,18.981833,18.026915,19.715193,23.18279,24.797089,29.268139,27.267752,31.743738,30.690905,27.3721,24.069826,20.65835,21.39967,18.55899,16.18572,19.359364,19.822617,21.784937,24.073462,26.244791,23.78825,24.292622,20.885595,17.80018,18.751764,16.953611,22.227083,21.191092,26.16257,28.901196,28.710096,26.574965,29.83082,24.958942,29.360989,27.581734,31.516056
7,22.008799,18.77818,15.676886,13.637624,11.170039,8.64849,6.8207455,0.0,5.166681,5.7680974,9.79046,12.314493,16.162506,16.371239,12.56727,11.031287,9.748772,9.679506,12.442029,12.226707,15.883469,15.454192,19.235905,19.800014,18.620535,18.946188,15.76168,14.551644,14.227994,13.522521,16.737005,14.030992,19.313337,17.3453,21.497416,23.34512,23.877838,23.931843,19.357756,16.632286,20.599766,18.14991,19.787403,18.926579,18.76288,18.93854,19.958023,20.692188,23.00947,22.460442,22.865156,21.279964,26.068375,24.723843,28.16126,26.02509,23.253706,24.570879,27.662138,27.580046,24.477856,20.901917,24.105215,23.115044,26.517353,23.237509,18.981997,23.581167,19.66024,16.397816,17.20028,17.579115,14.837468,11.4858885,12.538718,11.222764,13.227791,16.552538,18.32586,22.64605,20.802052,25.165325,24.348434,21.417105,18.15662,15.297079,15.795759,14.605351,12.706597,16.749514,18.345228,20.50617,23.43601,26.05487,23.158886,24.283726,19.765251,16.55624,16.110167,14.432127,18.295773,16.839008,21.670645,23.924824,23.913305,22.077633,24.520967,20.30996,24.57538,22.717638,27.026625
8,24.204195,20.979298,18.436077,15.169319,12.769871,11.839419,6.8521085,5.166681,0.0,4.9820967,7.4964275,7.960794,12.642896,12.635958,8.3509035,8.506133,7.670079,10.458765,12.940459,14.325934,17.617395,18.217367,21.56519,21.553017,20.595955,20.03299,16.558905,14.22303,13.197622,11.499173,13.417042,10.023747,14.791146,12.296737,16.443394,18.263191,18.720406,18.834085,14.2631855,11.704484,16.071804,14.432098,16.060495,16.204159,16.720154,17.64354,19.14555,21.129187,23.594688,23.654171,24.422844,22.180786,26.85807,25.458643,28.304459,25.933933,22.877901,23.37085,26.989164,25.862978,22.281002,19.698671,22.83823,22.37373,25.11656,20.92744,17.78592,22.382822,17.760092,15.0037155,15.973332,17.531904,14.668933,12.173554,14.313385,14.031011,17.008162,20.148178,21.887884,25.875683,23.404999,27.303682,25.60427,22.373228,19.747204,16.577951,18.46917,16.51158,15.763135,19.877432,21.614168,24.282843,26.93965,29.78781,27.44216,28.634062,24.447403,21.342068,20.921774,18.764322,22.831465,20.696075,25.433905,27.53183,26.864136,24.570307,26.51651,21.478733,25.364254,22.827316,26.804667
9,26.977457,23.44297,20.881622,18.267527,15.317502,14.189236,10.779429,5.7680974,4.9820967,0.0,5.1628094,8.863893,11.196869,11.0191145,8.35564,6.653599,7.6187654,9.141036,13.885584,14.15503,18.35552,18.64642,22.437418,21.86254,20.127567,20.05171,15.771784,14.175841,11.91823,12.144287,12.391754,11.237707,15.046759,13.767519,17.996601,19.881739,21.26226,21.168589,16.945475,14.33683,17.411821,15.60385,16.018223,15.494561,17.037706,16.39527,19.147247,19.94586,23.16273,22.235596,22.296997,19.701494,24.08113,22.060448,25.407734,23.632631,19.970493,20.693836,23.605806,22.995157,20.020044,16.443634,19.002888,18.029545,21.085545,17.765656,13.603796,18.12566,14.019334,10.863798,12.320087,13.343746,11.129064,7.7182302,11.106182,9.845259,13.890869,16.290968,17.677511,21.458931,18.642254,22.421274,20.63304,17.421305,14.869617,11.942248,14.106017,13.087455,13.239233,17.693338,20.201553,23.111206,25.998482,29.203531,26.94761,28.688747,24.075298,21.22294,19.691288,17.373104,20.350796,17.601955,22.001823,23.684021,22.852932,20.637846,21.941069,17.188257,20.904076,18.316433,22.502384
10,31.30682,27.985657,25.221104,22.4294,19.80512,18.223326,14.233944,9.79046,7.4964275,5.1628094,0.0,5.5966043,6.689647,9.133424,8.5785475,8.918961,11.276906,13.95144,18.617655,19.260214,23.366924,23.775808,27.511017,26.882141,25.149443,24.879477,20.436485,18.510298,15.553423,15.62102,13.256028,12.754996,14.118291,11.955413,16.382113,17.047113,19.253687,19.880875,16.036205,14.306098,17.510948,17.2026,16.802694,17.419634,20.148773,19.540762,23.049938,24.220833,27.67184,26.746096,26.665033,23.63041,27.613932,25.095587,28.338488,26.885931,22.622786,22.646969,25.26478,23.903881,21.056635,17.927244,19.145779,17.894323,20.075441,17.047918,13.217857,16.409014,11.246696,8.692291,8.580031,10.684958,7.9321074,6.9214005,10.083542,11.268537,15.203366,17.59177,19.515203,22.511187,19.893723,22.746893,20.463213,17.824833,16.3995,14.310569,17.135805,17.141327,17.998947,22.498434,25.222607,28.134054,31.078499,34.293457,31.87709,33.507217,28.727825,25.70021,24.257736,22.231564,24.626003,21.815765,25.859612,27.053247,26.136967,24.029926,24.14536,19.682255,22.59375,19.250782,23.236246
11,31.720312,28.651237,26.163767,22.635754,20.458574,19.51243,14.182859,12.314493,7.960794,8.863893,5.5966043,0.0,6.008294,8.714763,7.4958777,10.401559,12.175879,16.393562,19.682537,21.466406,24.879421,25.853678,29.13157,28.569586,27.384085,26.45506,22.407862,19.65731,17.070538,15.718778,13.035477,11.184258,11.509632,7.543408,12.025985,12.048783,13.958139,15.101873,11.312233,10.391487,14.469365,15.40713,15.443765,17.343739,19.988228,20.665565,23.697182,26.14131,29.188734,29.137106,29.648869,26.538528,30.599764,28.479687,31.033487,29.106829,25.128973,24.503162,27.83266,25.474493,21.999687,20.29275,21.811523,21.335669,22.758635,18.568117,16.52195,19.61187,13.956074,12.463302,12.2582245,15.30496,12.470065,12.481748,14.969588,16.744595,20.257847,23.025953,25.061014,28.099302,25.420803,28.147058,25.529232,22.734423,21.52343,19.053885,22.210976,21.153347,21.86802,26.214281,28.539139,31.530153,34.230083,37.34064,35.102913,36.439972,32.030994,28.870722,28.08882,25.931797,29.15816,26.43487,30.716597,32.157055,31.038246,28.65306,29.040129,23.991823,26.806427,23.237473,26.763048
12,36.802605,33.463734,31.047737,27.711294,25.120298,24.272064,19.382826,16.162506,12.642896,11.196869,6.689647,6.008294,0.0,6.419726,9.266931,11.487125,14.770478,18.585567,23.059908,24.408484,28.291,29.277674,32.75237,31.58405,29.86572,29.06355,24.436771,22.033155,18.317457,18.284739,12.902214,13.704489,11.405562,9.407221,13.047437,12.626678,16.018915,16.951368,14.3214855,13.789311,15.847496,17.373217,15.744795,17.702053,21.780842,21.262724,25.608278,27.419737,31.100107,30.401016,30.37017,26.737139,30.11689,27.333544,29.904675,28.668047,24.000181,22.927914,25.44875,22.834007,20.069149,18.290129,18.244967,17.486866,18.110004,14.759101,12.991838,14.689565,8.827888,8.512842,8.092561,11.9345665,10.346912,11.50304,14.93076,16.765593,20.964699,22.760153,24.425608,26.65607,23.588337,25.374582,22.09387,19.63396,19.53976,17.819609,21.670105,21.468012,23.33681,27.698997,30.616968,33.8757,36.64342,40.089252,38.09014,39.88402,35.21641,32.277584,30.676992,28.36593,30.625675,27.311033,30.97826,31.803183,30.286812,27.943384,27.080307,22.391764,24.250889,20.188383,23.317928
13,35.311367,31.635567,29.992676,26.313316,23.319603,23.980286,18.799467,16.371239,12.635958,11.0191145,9.133424,8.714763,6.419726,0.0,5.535793,7.515403,11.149622,15.292221,19.56507,21.33153,24.941925,26.53313,29.65662,27.755362,26.007372,24.771261,20.099388,17.533274,13.373374,13.694217,6.752687,9.2966585,6.5233774,7.8524237,10.607841,12.743797,15.460775,14.798417,12.439757,11.101736,11.153296,12.146983,9.714614,11.549995,16.227762,15.507454,20.268694,22.336636,26.083538,25.606928,25.799852,21.920279,25.068699,22.639791,24.527235,23.039541,18.579508,17.100348,20.235561,17.187147,13.944141,12.988122,14.028494,14.504765,15.280989,10.12591,10.041101,13.5547085,9.002941,8.680061,11.580862,14.869111,14.282867,13.358519,18.245115,17.987968,23.010569,24.286964,24.992456,27.608267,23.565012,25.755182,22.0528,18.560627,18.181906,15.59285,20.064785,18.27885,20.793781,24.743547,27.622599,31.290895,33.68365,37.392925,36.240643,38.43373,34.19347,31.69466,29.704824,26.705564,29.373499,25.487288,29.055471,30.081707,27.885433,25.044893,24.71511,19.08227,20.957418,17.056353,19.68659
14,29.983187,26.376774,24.885567,20.978954,18.094809,19.22475,13.704795,12.56727,8.3509035,8.35564,8.5785475,7.4958777,9.266931,5.535793,0.0,4.475943,6.54007,11.559612,14.794428,17.098764,20.3189,22.048563,24.984386,23.452599,22.150524,20.725267,16.495876,13.469041,10.345391,9.209232,5.852512,4.6012454,6.8050246,6.77853,10.22824,13.355655,14.575175,13.61873,10.0090885,7.4519734,9.268872,8.742131,8.532208,9.867096,12.817764,13.384936,16.783096,19.516832,22.689783,22.852491,23.621063,20.277386,24.188892,22.52421,24.412159,22.153875,18.53779,17.73546,21.714304,19.24665,15.329509,14.245805,17.15344,17.763279,19.514462,14.072365,13.190315,17.900438,13.505776,11.934355,14.613572,17.344915,15.826405,13.81349,18.198694,17.442963,22.040878,23.979048,24.830462,28.219028,24.442968,27.561157,24.52258,20.717226,19.167263,15.777714,19.529705,16.644726,18.090612,21.974504,24.30272,27.827612,30.109055,33.590008,32.391068,34.303226,30.365425,27.80498,26.380188,23.33785,26.961563,23.510706,27.64689,29.293703,27.42153,24.50554,25.531593,19.548098,22.473988,19.248823,22.313063
15,28.657038,24.780767,23.344437,19.948631,16.615252,17.83846,13.399087,11.031287,8.506133,6.653599,8.918961,10.401559,11.487125,7.515403,4.475943,0.0,4.123451,7.7987943,12.360649,13.819609,17.56718,19.045225,22.243591,20.449932,18.682777,17.683775,13.010614,10.655387,6.9603705,7.62887,5.9390984,6.4128923,10.151648,11.242941,14.444754,17.759552,19.001696,17.772991,14.209247,11.267518,12.265963,10.01893,9.70498,8.922852,11.502122,10.691112,14.482509,16.088661,19.637177,19.140394,19.56537,16.24616,20.29861,18.551249,20.901627,18.79446,15.119033,15.079548,18.791779,17.359493,13.84501,11.381478,14.94979,15.326218,17.965857,13.151533,11.017872,16.52522,13.113992,10.834769,14.3710575,16.217497,15.21735,12.001354,16.856354,14.724738,19.605755,21.05485,21.37576,24.934776,20.927027,24.394129,21.618359,17.539957,15.466461,11.7493925,15.36322,12.172602,13.882873,17.751595,20.336906,23.971,26.310112,29.953442,28.904305,31.145023,27.13992,24.864264,22.878365,19.631905,22.954487,19.25798,23.282183,24.950338,23.016815,20.077845,21.440348,15.416626,18.743261,15.971185,19.346087
16,24.77008,20.8758,19.748346,16.16642,12.804498,14.88495,10.482556,9.748772,7.670079,7.6187654,11.276906,12.175879,14.770478,11.149622,6.54007,4.123451,0.0,5.4086123,8.473165,10.592861,13.88245,15.606842,18.5694,17.018667,15.700214,14.470581,10.3429165,7.5200925,5.6755266,4.5331655,8.070394,5.8602853,12.101591,12.727002,15.691948,19.389402,19.72187,18.268538,14.388378,11.016575,12.629848,9.154721,10.632854,9.268866,9.518182,9.993194,11.98096,14.156393,17.02458,17.195866,18.221775,15.57208,20.119997,19.198896,21.327845,18.61721,15.981679,16.446161,20.604973,19.56238,15.809809,13.717313,18.1732,18.749773,21.663206,16.731028,14.75673,20.456062,17.185831,14.713991,17.919546,19.474907,18.049217,14.455106,18.593985,16.102915,20.36318,22.195166,22.513353,26.54083,22.817053,26.806257,24.527237,20.395718,17.67498,13.6556635,16.323196,12.104426,12.586719,16.107937,18.037407,21.54573,23.690718,27.138449,26.193666,28.235443,24.617075,22.405071,20.909903,17.56105,21.804056,18.567337,22.946962,25.134005,23.460224,20.522758,23.005463,16.989414,20.864105,18.755022,22.108852
17,22.888723,18.765629,17.72424,15.216709,11.502406,13.553308,11.551578,9.679506,10.458765,9.141036,13.95144,16.393562,18.585567,15.292221,11.559612,7.7987943,5.4086123,0.0,6.411662,6.1987247,10.475814,11.521479,14.942859,13.298116,11.319744,11.089889,6.655889,5.948749,5.614531,7.097881,12.043052,11.088862,17.108236,18.03748,21.053694,24.71247,25.115265,23.624454,19.754438,16.347767,17.621298,13.496415,14.799618,12.033831,11.058263,10.017898,11.165377,11.1646805,14.111048,13.332969,13.971153,12.038734,16.942839,16.30522,19.07371,16.543463,14.521024,16.275846,19.767267,20.236248,17.267014,13.923132,18.693197,18.861254,22.576921,18.73812,15.6675005,21.496616,19.275225,16.361341,19.721228,20.222895,19.204645,14.731757,18.518614,14.562034,18.43207,19.741867,19.41676,23.728493,20.1312,24.628735,23.083652,18.978802,15.473203,11.411325,12.727821,7.8154216,7.349469,10.717387,12.74758,16.31893,18.58535,22.169708,21.32708,23.742764,20.114582,18.352621,16.22367,12.571306,16.771446,13.541878,17.960909,20.44317,19.005772,16.222507,19.71402,14.215221,18.690844,17.636826,21.204304
18,17.973383,13.825956,14.018776,10.975051,7.5391803,12.21679,10.622883,12.442029,12.940459,13.885584,18.617655,19.682537,23.059908,19.56507,14.794428,12.360649,8.473165,6.411662,0.0,4.5052004,5.59718,8.128284,10.297408,9.031322,8.7819805,7.3724165,5.9936523,4.5728407,8.653295,7.1045647,15.241084,12.442695,19.486814,20.143137,22.503883,26.560818,25.859865,24.035818,20.279518,16.856049,18.31252,13.575385,16.494434,13.889196,10.116273,11.608585,9.031978,10.74261,11.505173,12.818159,14.908238,14.31141,19.182825,19.942118,21.65906,18.284142,17.968555,19.619474,23.762373,23.994328,20.590813,18.616735,23.997192,24.733578,28.218252,23.673624,21.596535,27.536871,25.057753,22.304201,25.470383,26.253426,24.773176,20.53159,23.663212,20.117655,23.130487,24.938547,24.746883,29.289537,26.048504,30.736624,29.410997,25.289858,21.688871,17.65914,18.378809,12.960537,11.049339,12.588255,12.655377,15.686575,17.12383,20.150318,19.887718,21.784693,19.364092,17.910624,17.09417,13.582329,19.185999,17.054314,21.448795,24.471476,23.29162,20.610392,25.054045,19.68137,24.130142,23.4732,26.609009
19,17.988531,13.780912,13.517179,11.989266,8.5467005,11.791629,12.242572,12.226707,14.325934,14.15503,19.260214,21.466406,24.408484,21.33153,17.098764,13.819609,10.592861,6.1987247,4.5052004,0.0,4.8131,5.3773417,8.841159,7.861819,6.4371476,7.107046,5.6073604,6.9349375,10.11027,10.470301,17.550678,15.684122,22.41519,23.08617,25.873213,29.68433,29.424107,27.814383,23.896816,20.445715,21.953815,17.283712,19.53224,16.449926,13.356678,13.208932,11.327271,10.538951,11.591804,11.404931,12.738241,12.84973,17.758993,18.397524,20.85487,17.995623,17.70514,20.129553,23.489836,24.709534,21.940968,18.897226,24.002676,24.222372,28.165686,24.537663,21.5136,27.294802,25.355618,22.324585,25.397299,25.477684,24.2613,19.650236,22.40895,18.125443,20.68978,22.090374,21.539513,26.142025,23.205496,28.104887,27.376997,23.504461,19.53935,15.846697,15.451315,10.448691,7.350295,8.434109,8.458999,11.507411,13.381833,16.612862,16.07483,18.382565,15.610266,14.475135,12.960228,9.233377,14.775567,12.897036,17.279211,20.462118,19.687078,17.356241,22.270641,17.682085,22.357075,22.303293,25.662558
20,15.045924,10.894127,12.184851,10.823971,8.292237,13.081016,14.017221,15.883469,17.617395,18.35552,23.366924,24.879421,28.291,24.941925,20.3189,17.56718,13.88245,10.475814,5.59718,4.8131,0.0,3.7458775,4.79733,4.2411118,5.3229375,5.1783156,7.455644,8.619665,13.121713,12.443511,20.502214,18.01102,25.012863,25.7142,28.027597,32.096386,31.219177,29.357464,25.658203,22.284538,23.63801,18.744017,21.662395,18.623692,14.21543,15.2148,11.265411,11.208962,10.215383,11.640901,13.948714,15.045935,19.572563,21.15688,22.80256,19.515518,20.388313,22.72577,26.378107,27.516502,24.601904,22.364553,27.820814,28.42863,32.235806,28.220797,25.818714,31.711998,29.741678,26.825,29.942455,30.196304,28.830488,24.320108,26.888166,22.798746,24.98682,26.531767,25.955715,30.578156,27.775496,32.703796,32.043537,28.116215,24.17037,20.470547,19.969307,14.734648,11.651432,11.261198,9.589643,11.746003,12.497935,15.0878935,15.433935,17.334335,15.96985,15.428935,14.938555,11.702158,17.557863,16.45665,20.407211,23.790472,23.094725,20.861012,26.226227,21.723303,26.262548,26.47238,29.486467
21,14.021985,10.009459,10.582126,10.699918,8.508588,11.807878,14.392046,15.454192,18.217367,18.64642,23.775808,25.853678,29.277674,26.53313,22.048563,19.045225,15.606842,11.521479,8.128284,5.3773417,3.7458775,0.0,4.2472677,5.946021,6.279128,7.9819922,9.642155,11.395441,15.288319,15.103701,22.745686,20.362127,27.349878,27.670738,30.397013,34.13997,33.475502,31.930443,27.973007,24.601128,26.43197,21.686623,24.40217,21.355589,17.466726,17.851412,14.601274,13.511905,12.826495,13.171448,14.757056,16.286963,20.765411,22.079283,24.339128,21.474136,22.101274,24.795101,27.966177,29.57482,26.934004,24.002176,29.131517,29.265951,33.33212,29.87391,26.733576,32.422222,30.521734,27.383038,30.13828,29.944502,28.526989,23.953487,25.880125,21.658474,23.126303,24.651924,24.111464,28.775627,26.526722,31.590673,31.48517,27.89488,23.732176,20.402147,19.042015,14.708647,10.695589,9.95675,7.7089562,8.950564,10.191846,12.484141,11.970844,13.836137,12.224115,11.827919,11.490619,8.680837,14.685841,14.468027,18.420849,21.935757,21.88735,20.132698,25.664927,21.903358,26.571405,27.026262,30.320658
22,12.627079,9.007308,11.334711,11.673546,10.455395,14.616879,17.104895,19.235905,21.56519,22.437418,27.511017,29.13157,32.75237,29.65662,24.984386,22.243591,18.5694,14.942859,10.297408,8.841159,4.79733,4.2472677,0.0,4.622184,7.0737643,8.058824,11.661441,13.321439,17.824007,17.190435,25.298174,22.684793,29.748232,30.251698,32.57086,36.556976,35.47645,33.683636,29.972582,26.671873,28.201912,23.319687,26.376137,23.300432,18.639996,19.630203,15.193803,14.486245,12.377705,13.812172,16.014973,18.159206,22.225851,24.246498,25.824259,22.697742,24.196972,26.817772,30.163816,31.7398,29.051332,26.720707,32.127983,32.604973,36.564083,32.823654,30.203796,36.012783,34.184692,31.158167,34.082188,34.04228,32.613953,28.067808,30.066763,25.898785,27.316181,28.822573,28.161366,32.775856,30.482489,35.518093,35.371735,31.675406,27.564198,24.166782,22.898811,18.195585,14.524707,13.01088,9.996235,10.4612665,10.291607,11.745141,12.519866,13.969233,14.016827,14.329755,14.642587,12.293037,17.930397,17.997833,21.456903,25.007792,24.862268,23.1146,28.912212,25.132723,29.654932,30.321823,33.295654
23,16.909529,13.125325,15.239303,14.512211,12.393244,17.069397,18.248169,19.800014,21.553017,21.86254,26.882141,28.569586,31.58405,27.755362,23.452599,20.449932,17.018667,13.298116,9.031322,7.861819,4.2411118,5.946021,4.622184,0.0,3.553174,3.8280797,8.326364,10.531142,14.991263,15.011493,22.76352,20.936947,27.650019,28.96767,30.972088,35.331215,34.449406,32.270153,28.865236,25.490408,26.096172,21.011932,23.666653,20.181828,15.47471,15.975496,11.38042,10.1305065,7.777701,9.467337,12.10787,14.233329,18.09512,20.459112,21.559574,18.302954,20.243444,22.856329,26.206835,27.859196,25.358809,23.343431,28.914665,29.759546,33.589542,29.808609,27.72471,33.602497,32.251842,29.455389,32.93118,33.02957,32.038826,27.368977,30.177267,25.627052,27.878494,28.906483,27.788183,32.241417,29.283363,34.129448,33.55429,29.587488,25.68784,22.142534,21.390558,15.919717,13.234293,11.414864,8.987487,10.89264,10.521616,13.158937,15.028032,17.367094,16.957146,17.340998,16.404043,13.1733055,18.321186,17.23962,20.403767,23.774263,22.87424,20.71902,26.478876,22.327604,26.609299,27.421146,29.981983
24,19.385448,15.421354,16.697868,15.987982,13.272363,17.243168,18.291033,18.620535,20.595955,20.127567,25.149443,27.384085,29.86572,26.007372,22.150524,18.682777,15.700214,11.319744,8.7819805,6.4371476,5.3229375,6.279128,7.0737643,3.553174,0.0,3.625564,6.185976,9.395239,13.111311,14.1931505,21.202364,20.129784,26.54694,28.129452,30.343496,34.650818,34.218853,32.08462,28.623053,25.17172,25.572525,20.513123,22.584017,18.80551,14.847191,14.201948,10.795676,8.030548,7.1687016,7.0034666,9.054058,11.13814,15.168383,17.239355,18.802944,15.863715,17.46286,20.384731,23.354847,25.402302,23.229559,20.665089,26.058115,26.730175,30.691553,27.347118,24.960596,30.729443,29.752256,26.951431,30.561903,30.44099,29.767326,24.984226,28.011915,23.114363,25.618967,26.245054,24.831865,29.165388,26.029055,30.80672,30.242683,26.304699,22.416317,18.993393,18.127544,12.648196,10.234448,8.157944,6.3716908,9.328242,9.600568,13.112749,14.769557,17.719185,16.490469,16.839165,14.911135,11.246575,15.857693,14.176996,17.235168,20.507166,19.405386,17.177084,22.934237,18.909748,23.190035,24.176584,26.76491
25,19.653643,15.658436,17.342806,15.682756,12.957002,17.817678,17.744959,18.946188,20.03299,20.05171,24.879477,26.45506,29.06355,24.771261,20.725267,17.683775,14.470581,11.089889,7.3724165,7.107046,5.1783156,7.9819922,8.058824,3.8280797,3.625564,0.0,5.1580205,7.3455763,11.673883,12.042081,19.421888,18.093304,24.488914,26.30025,28.098742,32.644535,31.939342,29.557781,26.35813,22.971504,22.996544,17.862968,20.216686,16.560486,11.953845,12.209864,7.6986055,6.657358,5.055382,7.128111,10.148159,11.387033,15.433015,17.694386,18.525711,15.029736,16.82596,19.212456,22.821829,24.185095,21.603012,19.888662,25.584318,26.716894,30.357615,26.355127,24.731783,30.663641,29.43616,26.847986,30.6475,30.997467,30.223637,25.603865,29.016663,24.463543,27.414797,28.289614,27.07863,31.41659,27.938284,32.58969,31.523329,27.325998,23.675747,19.92191,19.918545,13.878381,12.232818,11.069717,9.909691,12.912222,12.999632,16.24033,17.994068,20.610607,19.498096,19.48373,17.956543,14.219523,19.114996,17.03719,20.270597,23.395874,21.876026,19.274551,24.65172,19.891907,24.019325,24.590609,26.951077
26,22.323511,18.110302,18.626484,16.470713,13.031004,16.982136,15.937265,15.76168,16.558905,15.771784,20.436485,22.407862,24.436771,20.099388,16.495876,13.010614,10.3429165,6.655889,5.9936523,5.6073604,7.455644,9.642155,11.661441,8.326364,6.185976,5.1580205,0.0,3.9125862,6.955191,8.681565,15.054613,14.524413,20.558533,22.562517,24.667253,29.064371,28.939888,26.712418,23.40297,19.95923,19.897787,14.939932,16.567287,12.748747,9.52166,8.396874,6.634606,5.194475,7.4845204,7.2790623,9.117493,8.425261,13.233427,14.358709,15.943527,12.697781,12.97266,15.312538,18.956856,20.140326,17.508274,15.153358,20.744812,21.72286,25.395603,21.48884,19.589714,25.528517,24.319365,21.760729,25.703882,26.104172,25.546501,20.95312,24.832544,20.269869,23.860483,24.572454,23.394073,27.610312,23.76334,28.256384,26.826042,22.520138,19.019365,15.093252,15.781797,9.47487,8.941378,9.353687,10.157294,14.026329,15.180454,18.95311,19.783316,22.638151,20.292238,19.65173,17.385437,13.310115,17.70216,14.598303,18.160118,20.952427,19.052183,16.094505,20.804148,15.4688225,19.693525,19.797201,22.420504
27,22.339209,18.18854,18.570484,15.47962,12.046914,16.319035,13.873799,14.551644,14.22303,14.175841,18.510298,19.65731,22.033155,17.533274,13.469041,10.655387,7.5200925,5.948749,4.5728407,6.9349375,8.619665,11.395441,13.321439,10.531142,9.395239,7.3455763,3.9125862,0.0,4.951205,4.9091296,12.244968,10.921153,17.244818,19.116549,21.036873,25.520977,25.176783,22.897604,19.62305,16.19571,16.219913,11.227442,13.365199,10.037449,6.4534335,7.064776,5.4603896,7.5373282,9.58482,10.611052,12.640866,11.086295,15.741273,16.460953,17.695,14.205386,13.797463,15.204208,19.565588,19.63319,16.273882,14.711519,20.362627,21.595549,24.869865,20.156727,18.841711,24.867071,22.964136,20.56995,24.424156,25.397655,24.51095,20.266325,24.317045,20.47451,24.339195,25.54423,24.87984,29.109789,25.183027,29.530685,27.657406,23.248772,20.038816,15.874691,17.457321,11.368379,11.224201,12.724651,13.637211,17.338871,18.60775,22.152506,22.584934,25.031876,22.52927,21.348398,19.640116,15.723982,20.485413,17.368715,21.288275,23.956272,22.005526,18.914759,22.950113,17.049028,21.120571,20.421883,23.085104
28,26.589806,22.439156,22.146666,18.98727,15.394964,18.48171,15.229877,14.227994,13.197622,11.91823,15.553423,17.070538,18.317457,13.373374,10.345391,6.9603705,5.6755266,5.614531,8.653295,10.11027,13.121713,15.288319,17.824007,14.991263,13.111311,11.673883,6.955191,4.951205,0.0,4.8163247,8.164673,8.893613,13.951455,16.491034,18.549618,22.901554,23.341629,21.14923,18.053623,14.758818,14.139963,9.794305,10.303956,6.750406,6.6556897,4.7158976,7.994394,9.2235985,12.8287115,12.55373,13.515052,10.445742,14.7527895,14.256641,15.8523035,12.961424,10.786901,11.641494,15.978424,15.581042,12.18221,10.1443615,15.618143,16.899525,20.006372,15.249167,14.044825,20.059221,18.329336,16.184309,20.42539,21.592009,21.154861,17.126675,21.900143,18.21061,22.842205,23.680494,22.965776,26.799747,22.416851,26.311737,23.86388,19.34382,16.662167,12.48659,15.26506,9.653886,11.398971,13.885278,16.00438,19.98049,21.669172,25.513706,25.637398,28.319986,25.137922,23.696898,21.358467,17.459558,21.214106,17.3122,20.99864,23.091782,20.688292,17.38941,20.247444,13.868426,17.563326,16.19475,18.874727
29,24.176352,20.239958,20.113874,16.210455,12.981719,16.711737,12.456489,13.522521,11.499173,12.144287,15.62102,15.718778,18.284739,13.694217,9.209232,7.62887,4.5331655,7.097881,7.1045647,10.470301,12.443511,15.103701,17.190435,15.011493,14.1931505,12.042081,8.681565,4.9091296,4.8163247,0.0,8.5316305,6.0619125,12.665903,14.323877,16.162539,20.648937,20.286184,18.05962,14.752338,11.337598,11.581709,6.840121,9.404537,7.342222,5.3139777,7.572181,8.090164,11.720683,13.976384,15.187491,16.965935,14.566566,18.945534,18.92375,20.062105,16.732805,15.196918,15.474294,20.254877,19.02313,14.98171,14.199224,19.425991,20.78818,23.488235,18.014095,17.32549,23.19313,20.44652,18.350428,21.981133,23.653578,22.46046,18.839819,23.086357,20.259602,24.462164,26.097935,26.010353,30.087135,26.099485,30.119576,27.722813,23.33614,20.632526,16.449745,19.031425,13.671866,14.153731,16.68391,18.017157,21.64885,23.20085,26.64164,26.531706,28.654484,25.758339,23.984823,22.626778,18.96341,23.662315,20.411701,24.567007,26.96278,24.94949,21.782063,24.842997,18.547096,22.283424,20.604223,23.322214
30,32.287964,28.401194,27.656088,23.776709,20.562357,22.845278,17.815273,16.737005,13.417042,12.391754,13.256028,13.035477,12.902214,6.752687,5.852512,5.9390984,8.070394,12.043052,15.241084,17.550678,20.502214,22.745686,25.298174,22.76352,21.202364,19.421888,15.054613,12.244968,8.164673,8.5316305,0.0,5.827322,6.2665076,10.18934,11.608471,15.870916,17.086182,14.931852,12.676382,10.255789,8.261593,6.888771,4.2799,4.8160663,9.731327,9.248623,13.930749,16.57682,20.089626,20.170874,20.903358,17.104486,20.298807,18.794786,19.818548,17.593185,14.018096,12.49912,16.86734,13.887288,9.672726,9.881593,13.481853,15.254473,16.716436,10.475181,11.602995,16.711695,13.934094,13.0436,17.12395,19.629583,19.24051,16.77957,21.997358,20.090372,25.236898,26.30529,26.25222,29.418291,24.879047,27.746843,24.232666,19.970182,18.773743,15.243615,19.524529,15.695282,18.259594,21.474537,23.950968,27.869486,29.754477,33.56051,33.27784,35.70904,32.118828,30.115522,28.03343,24.470095,27.806242,23.720499,27.281145,28.754536,26.130503,22.868277,23.794329,17.3618,19.706537,16.695194,18.848568
31,27.862993,24.249006,23.485424,19.180048,16.388906,18.903576,13.207155,14.030992,10.023747,11.237707,12.754996,11.184258,13.704489,9.2966585,4.6012454,6.4128923,5.8602853,11.088862,12.442695,15.684122,18.01102,20.362127,22.684793,20.936947,20.129784,18.093304,14.524413,10.921153,8.893613,6.0619125,5.827322,0.0,7.23584,8.302496,10.2690525,14.600277,14.545198,12.608972,9.17305,5.884678,6.8706355,4.5953794,6.4832554,7.655949,9.133885,11.278926,13.474195,17.295898,19.851698,20.88802,22.306551,19.276798,23.275293,22.434456,23.6077,20.722515,18.069677,17.241755,21.935343,19.383192,15.001717,14.991003,19.014624,20.32235,22.149504,16.128567,16.190702,21.373959,17.584307,16.06808,19.131716,21.679342,20.192324,17.69479,21.981215,20.590387,25.01847,27.000042,27.54531,31.255854,27.324654,30.782747,27.843943,23.713625,21.785603,17.955992,21.414778,17.255104,18.321817,21.619394,23.393587,26.967264,28.829271,32.228756,31.569801,33.440628,30.087465,27.784863,26.64449,23.320547,27.658936,24.305285,28.525038,30.539742,28.51084,25.384138,27.261782,20.916939,24.074486,21.35941,24.05093
32,34.97025,31.438124,30.513306,26.188707,23.506277,25.425507,19.49596,19.313337,14.791146,15.046759,14.118291,11.509632,11.405562,6.5233774,6.8050246,10.151648,12.101591,17.108236,19.486814,22.41519,25.012863,27.349878,29.748232,27.650019,26.54694,24.488914,20.558533,17.244818,13.951455,12.665903,6.2665076,7.23584,0.0,5.5953035,5.599729,9.905973,11.322879,9.3451605,8.059257,7.2509317,5.0141993,8.001448,5.748244,9.677073,13.884112,14.963626,18.735453,22.328245,25.37532,26.05184,27.043575,23.324745,26.420187,24.888361,25.625896,23.40947,19.931137,17.804169,21.985846,17.979088,13.8530445,15.324877,17.52208,19.189098,19.49322,13.134016,15.304557,19.054476,15.16619,15.143393,17.97757,21.35899,20.447306,19.324724,23.96029,23.534264,28.388763,29.995438,30.598944,33.56927,29.363586,31.828053,28.078482,24.261189,23.59705,20.445618,24.815138,21.582645,23.76556,27.244404,29.54467,33.311913,35.250614,38.866947,38.259445,40.305866,36.666615,34.278282,32.77302,29.47953,33.075848,29.258936,33.03617,34.465656,32.021187,28.862225,29.330528,23.119482,25.09066,21.564522,23.48403
33,33.554005,30.384499,28.904562,24.575272,22.3752,23.34624,17.122305,17.3453,12.296737,13.767519,11.955413,7.543408,9.407221,7.8524237,6.77853,11.242941,12.727002,18.03748,20.143137,23.08617,25.7142,27.670738,30.251698,28.96767,28.129452,26.30025,22.562517,19.116549,16.491034,14.323877,10.18934,8.302496,5.5953035,0.0,4.542809,6.6760297,8.050749,7.991508,5.021913,5.2123203,7.8712873,10.784885,10.541362,13.976899,17.012505,18.70501,21.658184,25.351114,28.12674,28.917946,29.980925,26.581152,30.24404,28.63203,29.991873,27.670223,24.144136,22.556652,26.616484,23.060307,19.024332,19.446207,21.442984,22.296417,22.880898,17.19178,17.829565,21.237001,16.205055,15.765427,17.148636,20.699892,18.813927,18.383621,21.983637,22.723486,26.907026,29.240746,30.596241,33.689186,30.165388,32.782337,29.44612,26.03061,25.112486,22.09874,26.008316,23.414837,24.759981,28.63061,30.746916,34.16784,36.365208,39.67554,38.359135,39.917866,36.093033,33.274963,32.41492,29.595236,33.4227,30.168116,34.35366,35.9286,34.065235,31.160318,31.754059,25.848423,28.272997,24.63105,27.224512
34,36.011486,32.900684,31.89991,27.309196,25.230442,26.914665,20.549404,21.497416,16.443394,17.996601,16.382113,12.025985,13.047437,10.607841,10.22824,14.444754,15.691948,21.053694,22.503883,25.873213,28.027597,30.397013,32.57086,30.972088,30.343496,28.098742,24.667253,21.036873,18.549618,16.162539,11.608471,10.2690525,5.599729,4.542809,0.0,5.319387,5.7936625,4.278392,4.458431,6.365714,6.2210426,10.842903,10.288214,14.512314,17.594997,19.784237,22.55536,26.818104,29.354229,30.587257,31.899338,28.417574,31.71753,30.375763,31.028378,28.592146,25.403816,23.256071,27.519583,23.294855,19.174047,20.92346,22.88686,24.364594,24.351114,18.244408,20.31887,23.491224,18.96221,19.092806,20.804897,24.502924,22.953613,22.584412,26.41767,26.975643,31.330442,33.5035,34.63467,37.660343,33.850124,36.299236,32.658577,29.112177,28.441877,25.355686,29.509552,26.415054,28.026829,31.610043,33.59978,37.157024,39.090363,42.447342,41.55925,43.181458,39.646564,36.981045,36.12236,33.08617,37.089394,33.6506,37.71911,39.29924,37.11743,34.031178,34.605927,28.473759,30.560955,26.929806,28.923508
35,38.941864,36.078663,34.58915,30.149857,28.34814,29.102062,22.793827,23.34512,18.263191,19.881739,17.047113,12.048783,12.626678,12.743797,13.355655,17.759552,19.389402,24.71247,26.560818,29.68433,32.096386,34.13997,36.556976,35.331215,34.650818,32.644535,29.064371,25.520977,22.901554,20.648937,15.870916,14.600277,9.905973,6.6760297,5.319387,0.0,4.5007806,6.7010775,7.4088297,10.150681,11.535967,15.970217,15.289466,19.402266,22.666384,24.585958,27.547083,31.570498,34.23915,35.245865,36.35507,32.813583,36.16893,34.4456,35.470592,33.292496,29.700161,27.568855,31.410526,27.156422,23.37928,24.67018,25.745789,26.693249,26.2896,20.914228,22.551449,24.715118,19.676771,20.16954,20.628483,24.549421,22.717676,23.446886,26.529905,28.222893,32.17384,34.57798,36.202114,38.91411,35.53962,37.605106,34.00183,30.980804,30.667866,28.03068,32.12959,29.88339,31.389582,35.290794,37.417618,40.823277,43.00085,46.26485,44.885147,46.28652,42.46451,39.507973,38.856773,36.16916,39.916203,36.673813,40.780876,42.182518,40.25677,37.3745,37.43667,31.68785,33.59563,29.651175,31.79621
