,0,1,2,3,4,5,6,7,8,9,10,11,12,13,14,15,16,17,18,19,20,21,22,23,24,25,26,27,28,29,30,31,32,33,34,35,36,37,38,39,40,41,42,43,44,45,46,47,48,49,50,51,52,53,54,55,56,57,58,59,60,61,62,63,64,65,66,67,68,69,70,71,72,73,74,75,76,77,78,79,80,81,82,83,84,85,86,87,88,89,90,91,92,93,94,95,96,97,98,99,100,101,102,103,104,105,106,107,108,109,110,111
0,0.0,4.1545978,6.695563,9.916511,12.468313,14.609054,18.046906,21.556004,24.507965,27.596365,29.877567,31.840673,28.503899,27.1541,22.348099,22.690838,17.176737,18.59755,13.809322,15.756823,14.371033,9.893925,14.491945,17.215292,17.250935,18.844881,22.992786,25.012472,21.632273,26.045792,24.470411,29.828127,32.81314,34.78289,36.98174,39.2122,42.662403,41.41788,38.84649,35.42245,36.167603,32.71045,30.14392,29.541508,26.387037,26.136295,22.273472,23.742462,22.33537,19.927832,18.441929,16.72434,12.674954,16.655941,20.166632,23.981964,25.620459,27.776712,32.144474,32.73288,29.521145,35.007076,34.42279,34.691254,39.039856,35.26361,38.334354,35.094913,37.13868,33.093494,28.681421,27.670483,27.361843,24.211493,27.597536,23.471302,26.586878,29.129507,30.426737,34.026756,33.35666,30.102732,33.5785,30.002,28.998741,25.439978,26.767687,21.573343,24.030119,23.30936,26.016096,24.461794,29.438372,30.65936,29.80152,32.659866,30.537832,31.461555,28.770174,33.6324,34.606434,36.933743,36.18583,40.280933,42.36238,43.399887,40.84895,43.965298,37.719177,40.440998,37.53357,38.98813
1,4.1545978,0.0,5.0550075,7.2751174,9.13145,12.446406,14.796933,19.17287,21.573565,24.791033,27.302477,29.46578,26.528315,25.147892,20.333572,20.234125,14.874067,15.520731,11.09712,12.144941,11.057287,6.5352273,11.505321,13.431227,13.776744,15.077993,19.026922,20.915241,17.545963,22.018866,20.609484,26.018557,29.307987,31.440516,33.536846,36.00002,39.273895,37.848106,35.27658,31.759834,32.38501,28.738485,26.236341,25.420267,22.392818,22.010157,18.183886,19.794975,18.599257,16.321392,14.693183,13.580493,9.531251,14.226767,16.954435,21.01946,22.08934,24.288609,28.716555,29.031101,25.695223,31.037748,30.392294,30.563168,34.955025,31.141205,34.25053,31.060604,33.283947,29.248817,24.807077,24.15868,23.88331,21.35902,24.801945,20.799383,24.320827,26.697824,28.265375,31.879261,31.138115,27.643473,30.68655,26.958893,25.778393,22.144945,23.223412,17.85098,20.15016,19.49862,22.120281,20.851572,25.848633,27.198143,26.693071,29.837526,27.735615,28.86836,26.065369,30.448118,31.520988,33.457817,32.699596,36.623566,38.58124,39.723373,37.289513,40.492867,34.342224,37.323105,34.519,36.296494
2,6.695563,5.0550075,0.0,5.1554747,6.7648826,8.291771,11.802578,14.978013,18.203735,21.019548,23.671772,25.408083,22.172026,21.137526,16.151966,16.959412,11.716548,13.457146,10.385239,12.2848015,12.825253,9.485257,15.079659,15.756832,17.174768,17.633251,20.852856,22.162859,17.462124,21.8963,19.400278,25.24361,27.073265,29.603727,31.302475,33.5034,37.1168,35.800205,33.654198,30.608812,30.74533,27.96854,24.860214,25.079077,21.199461,22.066954,18.350056,20.28198,19.379532,16.429134,14.011365,12.417167,7.7297487,11.103664,14.336435,17.83164,19.705057,22.159008,26.168104,27.28735,24.359486,30.04495,29.287357,30.152214,34.237747,31.192987,34.38212,31.563065,33.819885,30.353512,25.568588,25.212524,24.000664,22.122993,24.251839,19.885427,22.87549,24.782152,25.862452,29.44329,28.175879,24.963303,28.007336,24.525318,24.13869,20.133404,22.561434,18.11038,20.940132,21.257763,24.02272,23.554081,28.409145,30.15415,30.035536,33.398018,30.933847,31.896845,28.730333,32.95962,33.337242,35.328922,33.710606,37.603405,39.382168,40.069645,37.644894,40.138107,34.00413,36.711662,33.462173,35.252556
3,9.916511,7.2751174,5.1554747,0.0,3.8715668,6.073638,9.064324,12.89964,14.938874,18.521233,20.29786,22.698082,19.837439,18.087404,13.500371,13.0080385,7.6067247,8.757011,5.308768,7.8361945,9.018156,7.4394593,12.857901,12.921339,16.050928,16.705608,19.275185,19.76092,14.170448,18.125727,15.591842,20.923243,23.1353,25.042646,27.210245,29.314983,32.84489,31.750517,29.259176,26.120546,26.877037,24.102047,21.321268,22.01307,18.383934,19.94351,16.723707,19.41124,19.291538,16.839424,13.852072,13.850868,9.329082,12.966616,14.353468,17.767778,18.517033,21.53264,25.16463,26.14982,23.09202,28.283035,26.754412,27.460913,30.928684,27.806826,30.721058,27.78645,29.550455,26.333828,21.465076,20.710157,19.181555,17.233507,19.099152,14.737052,17.867283,19.884834,21.22952,24.83723,23.90233,20.476109,23.684984,20.101574,19.35215,15.641978,17.79684,13.663384,16.911793,17.739101,20.966257,20.804617,25.350248,27.554766,27.32547,30.650723,27.62684,28.287676,24.852001,29.154612,28.910383,31.238117,29.121029,33.177273,35.060276,35.457386,32.908478,35.26187,29.056349,31.640324,28.40867,30.14395
4,12.468313,9.13145,6.7648826,3.8715668,0.0,5.358286,5.753735,10.811752,12.5078535,15.860502,18.479607,20.76285,18.36724,17.039854,12.381168,11.956684,7.451966,7.4640145,6.7525353,7.047933,9.603366,8.759103,13.53976,12.088985,15.2295,14.979932,16.918722,17.184843,11.328351,15.502543,12.668174,18.568722,20.493578,23.127234,24.764029,27.197456,30.615274,29.174944,26.98739,23.92196,24.01264,21.283075,18.177006,18.818382,14.866186,16.611517,13.434659,16.19282,16.305014,13.757173,10.451286,10.940227,6.9426856,10.310144,10.731105,14.235655,14.675181,17.690804,21.359308,22.27996,19.255371,24.531092,23.158388,24.067455,27.732706,24.897451,28.007248,25.361315,27.606016,24.55953,19.627298,19.766562,18.057165,17.517862,18.968365,14.849663,18.23215,19.675043,21.126358,24.65037,23.290627,19.725967,22.089787,18.401018,17.8517,13.699938,16.18496,12.210328,15.176149,16.37778,19.206053,19.684978,24.121626,26.36736,26.76875,30.409687,27.65367,28.633562,25.198727,28.650255,28.595322,30.20907,28.039185,31.71198,33.29363,33.81168,31.509678,33.794605,27.811872,30.719923,27.512762,29.741331
5,14.609054,12.446406,8.291771,6.073638,5.358286,0.0,6.0400167,7.1487184,10.442768,13.356212,15.448147,17.233475,14.088044,12.912749,7.9342227,9.069215,4.7778234,7.7475815,8.664357,10.854824,13.728592,13.205367,18.269411,17.057379,20.56731,20.27117,21.886795,21.716652,15.097576,18.569954,14.677951,20.30368,20.192886,22.805674,24.203123,25.97783,29.901361,28.888618,27.11608,24.752146,24.641552,23.207027,19.66178,21.756018,17.18575,20.350254,17.599953,20.42845,20.697392,17.790354,14.238749,14.039407,10.129808,11.141213,12.09153,14.21624,15.7538,19.040253,21.834938,23.845173,21.473495,26.824894,25.181839,26.796991,29.762625,27.804995,30.752987,28.46279,30.33022,27.973436,22.955822,22.858925,20.236832,19.696033,19.571514,15.157593,17.321087,18.291567,18.893875,22.329618,20.466394,17.47189,20.321142,17.176504,17.76799,13.586214,17.75986,15.412023,18.84293,20.752375,23.759186,24.551363,28.729733,31.226105,31.561514,35.10022,31.931818,32.52401,28.869814,32.591232,31.69434,33.77302,30.745062,34.509235,36.035786,35.90995,33.51764,34.89649,28.957592,31.209557,27.485249,29.359434
6,18.046906,14.796933,11.802578,9.064324,5.753735,6.0400167,0.0,6.555171,7.262219,10.323721,13.622375,15.735159,14.054653,13.209156,9.059434,8.758422,7.0444164,6.2340636,9.973448,9.311707,13.24445,13.866886,17.73796,14.819775,18.528645,17.323477,17.782352,17.007158,10.206239,13.480785,9.321405,15.49635,15.586744,19.085278,19.919624,22.39451,25.908432,24.32278,22.728323,20.245674,19.42969,17.766792,13.977182,15.978348,11.19884,14.832708,12.622404,15.68515,16.616241,14.152834,10.387774,11.753532,9.474897,10.278315,8.348083,10.533395,10.422151,13.956808,16.731245,18.269068,15.783885,20.884224,19.14613,20.826265,23.915865,22.168371,25.26532,23.299494,25.69081,23.566635,18.633146,19.669535,17.00946,18.374456,18.085798,14.398809,17.236347,17.56118,18.743797,21.977016,19.906101,16.478867,17.773859,14.28188,14.664297,10.050395,14.083991,12.097665,14.908047,17.29424,19.732054,21.357855,25.131763,27.706034,28.772024,32.599724,29.753149,30.716986,27.141518,29.661003,29.03957,30.141554,27.161203,30.369335,31.519764,31.635574,29.594719,31.092384,25.508741,28.348387,24.910261,27.552958
7,21.556004,19.17287,14.978013,12.89964,10.811752,7.1487184,6.555171,0.0,5.396268,6.571492,9.662379,10.577621,7.951097,8.105194,3.9421792,7.0091,7.9171352,9.64815,13.987647,14.9142,18.77813,19.306635,23.675213,21.153187,25.011625,23.828299,24.155993,23.11643,16.158415,18.482403,13.650821,18.820713,15.854803,19.448076,19.59994,21.107998,25.234585,24.178448,23.403862,22.071854,20.754482,21.018726,16.876677,20.504251,15.421403,20.2342,18.530773,21.371655,22.303747,19.516766,15.836431,16.210632,14.009885,12.617669,11.507158,11.307716,12.808348,16.229507,17.475649,20.50621,19.128525,24.035074,22.142237,24.702002,26.818466,26.33977,29.15883,27.756498,29.719023,28.462494,23.633146,24.446642,20.952593,22.34727,20.339766,16.658964,17.87388,17.315199,17.26925,20.126492,17.129585,14.731019,16.126379,13.730648,15.91361,11.708444,17.503565,17.355606,20.422638,23.301596,25.828487,27.66621,31.18884,33.94585,34.965862,38.694473,35.500515,36.108036,32.35661,35.07411,33.626446,35.119015,31.27217,34.43568,35.43452,34.806526,32.768044,33.080013,27.791195,29.789597,25.803946,28.0523
8,24.507965,21.573565,18.203735,14.938874,12.5078535,10.442768,7.262219,5.396268,0.0,4.5738025,6.48471,9.008497,8.615889,7.726317,6.369101,5.4618707,8.954593,8.345597,14.219314,14.054504,18.27318,20.058128,23.410688,20.104996,24.64689,23.347122,22.768194,20.87757,13.802282,14.84884,9.905831,14.050232,10.538926,14.137886,14.330071,16.084574,20.059439,18.970917,18.01251,16.762491,15.592634,16.269394,12.356902,16.882795,12.289139,17.960907,17.244825,20.446507,22.100979,20.062435,16.432001,18.151981,16.516134,15.934199,13.090409,12.849897,12.0950985,15.766508,16.335585,18.82416,17.449083,21.340288,18.56913,21.03289,22.299814,22.106226,24.595371,23.411987,25.050516,24.400003,19.812065,20.880487,16.997099,19.596905,16.766962,13.920761,15.095832,13.872306,14.270743,16.883976,13.984166,11.145074,11.421012,8.748408,11.095283,7.093379,13.218871,14.589121,17.346893,20.816523,23.2011,25.588766,28.439775,31.461824,32.68092,36.35251,33.01043,33.51643,29.763214,31.821705,29.95275,31.202824,26.909988,29.812641,30.653614,29.772366,27.84542,27.872248,22.823614,24.885876,21.003101,23.632318
9,27.596365,24.791033,21.019548,18.521233,15.860502,13.356212,10.323721,6.571492,4.5738025,0.0,6.1839705,6.4158053,7.1151214,8.355691,8.156187,9.277201,12.8747015,12.82775,18.51988,18.279034,22.524263,23.9583,27.457111,23.946102,28.04504,26.29234,25.420073,23.545918,16.99009,17.841682,12.979566,16.80158,11.305761,15.867848,14.585815,16.077385,20.060194,18.789196,18.994717,18.66105,16.14921,18.04832,13.802731,18.643326,13.87481,19.744177,19.32296,22.080036,23.707645,21.524107,18.108786,19.426172,18.530676,16.614676,13.567992,11.768654,11.657762,14.830144,14.209031,17.6379,17.210243,20.947168,18.59508,21.792168,22.821272,23.722673,26.228912,25.706476,27.659803,27.467754,23.140823,24.779976,20.88112,24.02062,20.845728,18.31351,19.035492,17.262733,17.085539,19.124475,15.527006,13.645121,12.653944,11.168349,14.386291,10.966269,16.960577,18.686655,21.048359,24.537682,26.49559,29.168291,31.890484,34.809353,36.398746,40.18643,37.067772,37.71405,34.02157,35.639603,33.83796,34.631363,30.267347,32.701176,33.162674,32.17597,30.581234,30.052391,25.623796,27.525614,23.65263,26.387548
10,29.877567,27.302477,23.671772,20.29786,18.479607,15.448147,13.622375,9.662379,6.48471,6.1839705,0.0,4.230346,6.0288596,5.1179724,8.427544,7.8481307,13.164276,13.28827,19.002134,19.495966,23.54222,25.71716,28.956003,25.799772,30.733566,29.570309,28.700686,26.378162,19.451387,19.384825,14.790962,16.744417,10.559853,12.911145,12.570854,12.63403,17.132452,17.0702,16.859854,17.137783,16.124706,18.852962,15.575658,21.186457,17.255548,23.3818,23.267626,26.451412,28.314375,26.3874,22.81798,24.435081,22.774038,21.695328,19.03061,17.815758,17.229929,20.56053,19.714848,22.752121,22.187153,25.115328,21.84455,24.633425,24.361797,25.310225,27.124142,26.498262,27.273544,27.722347,23.609161,24.301905,19.853294,22.60589,18.04232,16.086784,15.36249,12.842527,11.890677,13.397054,9.51004,8.434081,7.834585,7.670438,11.8305025,10.036715,16.08183,19.282846,21.977951,25.800524,28.230602,30.825142,33.132195,36.38559,37.501972,40.941807,37.207325,37.27006,33.45121,35.437717,32.581547,34.198357,29.003672,31.708828,32.3828,30.578114,28.71682,27.30407,22.946545,23.8623,19.649412,21.77003
11,31.840673,29.46578,25.408083,22.698082,20.76285,17.233475,15.735159,10.577621,9.008497,6.4158053,4.230346,0.0,4.547828,6.4397945,9.789773,11.084045,15.877674,16.630373,22.181345,22.810015,26.91362,28.629765,32.230587,29.066216,33.645084,32.21552,31.365393,29.224768,22.462805,22.663664,17.944393,20.28178,13.307801,16.323376,14.935552,14.681356,19.058317,18.90902,19.633469,20.463438,18.513947,21.812004,18.20996,23.785936,19.544092,25.670845,25.49238,28.378084,30.08099,27.896542,24.418304,25.54279,24.196737,22.189976,19.77616,17.693987,17.929491,20.868011,19.382097,23.110926,23.15548,26.188393,23.401442,26.671444,26.462986,28.040993,29.968245,29.702568,30.797504,31.354792,27.27514,28.29825,23.918049,26.7379,22.266241,20.186256,19.373192,16.836632,15.46262,16.56612,12.343692,12.235531,11.197982,11.7085285,15.94962,13.971634,20.071518,22.994892,25.602737,29.35557,31.594496,34.26529,36.694378,39.844086,41.160736,44.719074,41.142467,41.32868,37.521343,39.405533,36.704407,38.083313,32.95446,35.426422,35.887753,34.08612,32.426716,30.72415,26.755205,27.55965,23.393831,25.445074
12,28.503899,26.528315,22.172026,19.837439,18.36724,14.088044,14.054653,7.951097,8.615889,7.1151214,6.0288596,4.547828,0.0,3.9585927,6.39605,9.317289,13.200467,15.096385,19.920727,21.333647,25.220732,26.385815,30.538921,27.971592,32.39797,31.263922,31.089796,29.422298,22.341928,23.38675,18.476913,21.800259,16.119583,18.902016,18.402657,18.379158,22.876173,22.737917,22.832386,22.962255,21.562225,23.885693,20.073542,25.133175,20.467306,26.221146,25.332407,28.249874,29.557146,26.97714,23.3632,23.883722,21.924088,19.953796,18.590206,16.981285,18.225754,21.358816,20.791264,24.580631,24.173527,28.060907,25.583096,28.652899,29.216787,30.024326,32.23638,31.455538,32.643166,32.544025,28.084507,28.654242,24.426004,26.20338,22.302916,19.43592,18.745998,16.914288,15.438189,17.181837,13.239772,12.780373,13.648555,13.311784,17.078697,14.417763,20.741713,22.662003,25.720926,29.177494,31.756865,33.971493,36.910374,39.976776,40.97108,44.51783,40.875732,41.02935,37.1545,39.75375,37.241375,39.072655,34.210724,37.164062,37.955532,36.37967,34.42505,33.25245,28.660507,29.539993,25.219465,26.937473
13,27.1541,25.147892,21.137526,18.087404,17.039854,12.912749,13.209156,8.105194,7.726317,8.355691,5.1179724,6.4397945,3.9585927,0.0,5.122293,6.3311877,10.802448,12.634097,17.333673,19.05241,22.772148,24.350304,28.274996,25.944248,30.790558,30.054123,29.991486,28.191332,20.900894,21.750399,17.023117,19.89393,15.111597,16.84904,17.389755,17.266384,21.81784,22.005379,21.335669,21.096886,20.735184,22.611841,19.226055,24.272333,19.947184,25.639587,24.742043,27.96278,29.376669,26.994848,23.266983,24.157337,21.698235,20.700329,19.315104,18.543634,19.14027,22.610554,22.528456,25.772762,24.86195,28.621021,25.692324,28.310946,28.697073,28.951973,30.974146,29.834078,30.550205,30.374846,25.903097,25.89737,21.596014,22.879951,18.781826,15.91007,14.90106,13.201009,11.715533,13.788601,10.211982,9.357775,11.493322,10.852569,14.298772,12.009424,18.13477,20.245764,23.528185,27.00579,29.890118,31.920351,34.768654,37.956314,38.62197,41.98326,38.07346,37.9832,34.068752,36.98945,34.16794,36.461983,31.46261,34.72239,35.77336,34.069275,31.872345,30.817953,25.914045,26.61588,22.224707,23.673088
14,22.348099,20.333572,16.151966,13.500371,12.381168,7.9342227,9.059434,3.9421792,6.369101,8.156187,8.427544,9.789773,6.39605,5.122293,0.0,4.9533453,6.9697895,9.652259,13.761348,15.637034,19.284208,20.164095,24.548464,22.477592,26.860476,26.151752,26.61879,25.380266,18.114511,20.012253,15.242133,19.559649,16.379807,18.88123,19.639278,20.471678,24.834036,24.390667,23.351625,22.22026,21.718391,22.335684,18.598269,22.70211,17.967924,23.001368,21.421156,24.517052,25.540796,22.87291,19.129293,19.58937,16.811062,16.00389,15.295521,15.241004,16.454348,19.97813,20.937536,23.957325,22.563583,27.121206,24.735224,27.145775,28.64439,28.134201,30.626944,29.084133,30.389587,29.366068,24.561586,24.658932,20.85369,21.60205,18.91507,15.19548,15.520995,14.911815,14.348426,17.188503,14.27975,12.2466135,14.704076,12.713793,15.13332,11.58673,17.536938,18.026896,21.45734,24.486002,27.406216,29.083948,32.47564,35.42642,36.05804,39.56054,35.940582,36.15291,32.286793,35.481606,33.41434,35.562817,31.272259,34.729195,35.931343,34.87053,32.60445,32.52484,27.130861,28.554218,24.348305,26.078154
15,22.690838,20.234125,16.959412,13.0080385,11.956684,9.069215,8.758422,7.0091,5.4618707,9.277201,7.8481307,11.084045,9.317289,6.3311877,4.9533453,0.0,5.55305,6.389654,11.378199,12.823606,16.532078,18.490917,22.076998,19.771471,24.83876,24.41058,24.542412,22.829813,15.450082,16.633709,12.197813,15.598346,13.534114,14.990516,16.74447,17.720278,21.872324,21.596682,19.784395,18.224733,18.772968,18.956116,15.864242,20.057003,16.023554,21.1106,19.959152,23.422474,24.84745,22.755117,19.018682,20.453203,17.63943,18.080984,16.490332,17.129929,16.844414,20.601114,21.677786,23.920467,22.119497,26.044876,23.000647,24.877178,25.91584,24.960571,27.139666,25.344597,26.130884,25.220606,20.51705,20.205303,16.21083,17.063438,13.9940405,10.47249,10.948608,10.40894,10.583239,13.761099,11.584509,8.527395,11.519813,8.841458,10.524704,7.33437,13.009926,14.183064,17.69456,20.969109,24.085295,25.83635,28.842539,31.999853,32.462494,35.80026,31.920698,31.927876,28.025768,31.15194,28.716133,31.093174,26.575504,30.180964,31.54195,30.357973,27.945038,28.007076,22.413233,23.869736,19.741066,21.529482
16,17.176737,14.874067,11.716548,7.6067247,7.451966,4.7778234,7.0444164,7.9171352,8.954593,12.8747015,13.164276,15.877674,13.200467,10.802448,6.9697895,5.55305,0.0,4.5509467,6.823072,9.49468,12.6402645,13.673864,17.97085,16.577106,21.201706,21.253006,22.378086,21.492224,14.378206,16.903767,13.041039,17.592518,17.681257,19.240236,21.351597,22.809374,26.71945,26.133938,23.9164,21.547325,22.345226,21.10833,18.077993,20.831669,16.772577,20.567007,18.461609,21.779898,22.616968,20.272596,16.624685,17.488989,13.813886,15.340876,15.037582,16.915947,17.2533,20.88728,23.159199,24.973993,22.562569,27.205925,24.74709,26.142225,28.269684,26.279812,28.807064,26.41212,27.548012,25.580494,20.630274,19.910147,16.813105,16.089357,15.148506,10.71533,12.554809,13.611274,14.367139,17.889992,16.481787,13.273141,16.725954,13.556765,13.857996,10.245251,14.381068,13.069349,16.863047,19.276098,22.657993,23.623926,27.33138,30.191095,30.276743,33.60317,29.909582,30.08352,26.258644,30.124918,28.451511,31.041943,27.423744,31.397537,33.076084,32.52252,29.94633,31.03444,25.002998,26.907768,23.105886,24.740555
17,18.59755,15.520731,13.457146,8.757011,7.4640145,7.7475815,6.2340636,9.64815,8.345597,12.82775,13.28827,16.630373,15.096385,12.634097,9.652259,6.389654,4.5509467,0.0,6.162882,6.4441457,10.325288,12.616879,15.797803,13.408652,18.555262,18.42434,18.913406,17.545187,10.341472,12.463136,8.934933,13.327535,14.838836,16.304407,18.678337,20.696152,24.159029,23.27109,20.671251,17.797428,18.890503,16.9454,14.308938,16.727425,13.217416,16.90644,15.265277,18.830164,20.118614,18.390785,14.857844,16.831184,13.839197,16.009026,14.384889,16.595375,15.534359,19.18714,21.534973,22.614342,19.916035,24.020254,21.249903,22.223427,24.298979,21.940771,24.410103,21.897026,23.0847,21.056322,16.099512,15.670239,12.602704,12.858681,12.274081,8.259539,11.344428,12.362003,14.074434,17.528093,16.482254,12.651795,15.21365,11.462488,10.696387,6.9463067,10.13502,8.704737,12.440718,15.165952,18.477816,19.79847,23.199938,26.190939,26.517368,29.93714,26.307938,26.643711,22.83447,26.09812,24.556198,26.73387,23.197603,27.034508,28.662119,28.328892,25.836565,27.334982,21.29634,23.736902,20.269087,22.42974
18,13.809322,11.09712,10.385239,5.308768,6.7525353,8.664357,9.973448,13.987647,14.219314,18.51988,19.002134,22.181345,19.920727,17.333673,13.761348,11.378199,6.823072,6.162882,0.0,4.88086,6.2525444,7.7295074,11.527399,11.232155,15.958608,17.037317,18.908184,18.54335,12.595523,15.549689,13.490237,17.589428,20.71501,21.50868,24.443861,26.40277,29.694529,28.917414,25.867962,22.514551,24.3053,21.367373,19.324114,20.323278,17.457321,19.414097,16.952593,20.171165,20.750397,19.044636,15.986522,17.285187,13.367644,17.046015,16.981081,20.17105,19.68895,23.021467,26.214268,26.861917,23.700298,28.093174,25.762157,26.073946,28.770184,25.393692,27.857817,24.693693,25.697577,22.68984,17.909122,16.331446,14.635011,12.081859,14.02165,9.774764,13.273986,15.706883,17.55756,21.136833,20.908785,17.242548,20.707226,17.05154,15.498315,12.621274,13.714008,9.963165,13.612881,14.84086,18.580616,18.548933,22.568161,25.198307,24.654387,27.757463,24.112371,24.341688,20.673779,25.200972,24.244722,27.12186,24.568565,28.893919,30.994104,31.106438,28.361837,30.717358,24.397173,26.821938,23.748898,25.310814
19,15.756823,12.144941,12.2848015,7.8361945,7.047933,10.854824,9.311707,14.9142,14.054504,18.279034,19.495966,22.810015,21.333647,19.05241,15.637034,12.823606,9.49468,6.4441457,4.88086,0.0,4.296998,7.302482,9.461505,7.183265,12.455715,13.048491,14.302475,13.688439,8.046879,11.222007,10.085848,14.3052845,18.771744,19.986431,22.67813,25.269617,28.071619,26.790823,23.677145,19.91239,21.466621,17.672663,15.946279,15.963026,13.708401,14.902776,12.671918,15.9817915,16.904264,15.824495,13.038132,15.385143,12.488518,16.504705,15.258308,18.735357,17.172215,20.269659,23.664204,23.552643,20.123798,24.117006,21.859365,21.733276,24.791712,20.994888,23.606209,20.363781,21.886217,18.541754,13.719314,12.992976,11.876663,10.902444,13.661651,10.318737,14.693516,16.687086,19.095284,22.501095,22.195086,18.197989,20.486847,16.526443,14.338894,11.405711,11.125835,5.9664493,9.180564,10.345997,13.886231,14.255069,18.27002,20.920567,20.925508,24.381027,21.133923,21.896133,18.34309,21.84816,21.575321,23.511341,21.441284,25.400831,27.311697,27.933844,25.449873,28.371887,22.254564,25.415983,22.791914,25.036453
20,14.371033,11.057287,12.825253,9.018156,9.603366,13.728592,13.24445,18.77813,18.27318,22.524263,23.54222,26.91362,25.220732,22.772148,19.284208,16.532078,12.6402645,10.325288,6.2525444,4.296998,0.0,4.7892942,5.6408224,5.683063,10.538024,12.421832,14.599114,14.692896,10.900447,13.884005,13.869415,17.306517,22.675364,23.331383,26.404686,28.947004,31.546581,30.361832,26.926556,22.903252,25.002415,20.673893,19.547215,18.709538,17.222326,17.214352,14.795643,17.640501,18.128239,17.406385,15.262502,17.27275,14.218745,18.974062,18.436913,22.284271,20.858501,23.683977,27.413504,26.92778,23.291399,27.129599,25.080585,24.404726,27.648685,23.197748,25.623846,21.98168,23.215466,19.260061,14.943544,13.315413,13.473407,10.696239,15.192158,12.243654,16.622324,19.244543,21.79168,25.174137,25.397251,21.457516,24.132305,20.235388,17.59917,15.281873,13.8885565,8.175651,10.507455,10.101629,13.7696705,12.856739,17.156889,19.468657,18.697706,21.837223,18.614023,19.34273,16.009016,20.345264,20.643234,22.994934,21.817701,26.005545,28.233816,29.198326,26.600924,30.143412,24.00283,27.1462,24.931559,26.818802
21,9.893925,6.5352273,9.485257,7.4394593,8.759103,13.205367,13.866886,19.306635,20.058128,23.9583,25.71716,28.629765,26.385815,24.350304,20.164095,18.490917,13.673864,12.616879,7.7295074,7.302482,4.7892942,0.0,5.687392,7.6974306,9.909389,11.976647,15.404095,16.623363,13.40734,17.291931,16.830887,21.250357,25.935652,27.26993,29.938185,32.52303,35.373516,34.02886,30.922396,27.034096,28.490408,24.26174,22.57433,21.442049,19.37325,18.816057,15.586069,17.82625,17.469397,16.209124,14.399462,15.272206,11.807013,16.975962,17.720642,21.895763,21.416504,23.94134,28.151127,27.83844,24.194048,28.710842,27.362837,26.916088,30.841671,26.485819,29.249594,25.732643,27.488548,23.320574,19.05071,17.913494,18.134972,15.35594,19.630184,16.207104,20.280663,22.89532,25.071663,28.59621,28.452576,24.640852,27.499666,23.605492,21.527216,18.57543,18.170248,12.381356,14.484131,13.575938,16.631285,15.225179,20.03605,21.741323,20.98227,24.110096,21.559534,22.580898,19.635807,24.042007,24.99283,27.081327,26.402647,30.437721,32.567814,33.76125,31.2604,34.824017,28.700842,31.83687,29.450073,31.286127
22,14.491945,11.505321,15.079659,12.857901,13.53976,18.269411,17.73796,23.675213,23.410688,27.457111,28.956003,32.230587,30.538921,28.274996,24.548464,22.076998,17.97085,15.797803,11.527399,9.461505,5.6408224,5.687392,0.0,5.3555326,6.978017,10.320672,13.513835,14.784434,13.7462,16.752651,17.90937,21.038841,27.284945,28.02464,31.012646,33.829468,36.07835,34.63743,31.123465,26.83921,28.886492,23.826393,23.169186,20.943928,20.311275,18.537884,15.957236,17.889769,17.777578,17.730711,16.703585,18.479124,16.056183,21.335032,21.196434,25.44071,23.950281,26.197617,30.40872,29.237446,25.373125,28.976404,27.534216,26.207346,30.059168,24.933247,27.347313,23.484005,24.9975,20.306768,16.843966,15.388982,17.05032,14.114265,19.733227,17.417461,21.809004,24.56546,27.24848,30.556833,30.951744,26.987795,29.427605,25.495338,22.582262,20.44578,18.208773,12.098765,12.8631,10.528827,13.258763,10.783712,15.4419775,16.843695,15.569917,18.521507,16.23898,17.569899,15.082296,19.283665,21.136887,22.940704,23.377064,27.262459,29.543179,31.269352,28.872244,33.240086,27.407274,30.863708,29.222218,31.128902
23,17.215292,13.431227,15.756832,12.921339,12.088985,17.057379,14.819775,21.153187,20.104996,23.946102,25.799772,29.066216,27.971592,25.944248,22.477592,19.771471,16.577106,13.408652,11.232155,7.183265,5.683063,7.6974306,5.3555326,0.0,6.0218105,7.4960995,9.252857,9.745983,8.674549,11.645057,13.234866,16.424809,22.866215,24.090689,26.649176,29.788406,31.81493,30.050411,26.747564,22.45793,24.0204,18.78535,18.143515,15.5992365,15.235579,13.357337,11.183392,13.50376,14.106054,14.443905,13.251727,16.078695,14.503262,19.307257,17.90924,21.92979,19.638088,21.831213,25.825375,24.371433,20.504944,23.777897,22.216148,20.862827,24.789593,19.766085,22.387917,18.707125,20.800982,16.240833,12.410268,12.25897,13.672485,12.919407,17.756392,15.751841,20.406406,22.522215,25.345627,28.5351,28.566402,24.480764,26.034586,22.049576,19.137323,16.87508,14.39844,8.147073,8.237834,6.2206,8.93888,7.9139833,12.6794195,14.644365,14.70906,18.411095,16.229845,17.948997,15.17928,17.806057,19.569525,20.351814,20.370926,23.836985,25.749681,27.5545,25.420279,29.674198,24.05107,27.929243,26.299614,28.814438
24,17.250935,13.776744,17.174768,16.050928,15.2295,20.56731,18.528645,25.011625,24.64689,28.04504,30.733566,33.645084,32.39797,30.790558,26.860476,24.83876,21.201706,18.555262,15.958608,12.455715,10.538024,9.909389,6.978017,6.0218105,0.0,4.0081615,7.9563994,10.730699,12.65634,15.9206085,17.824009,21.349022,27.698633,29.51628,31.61288,35.01112,36.890007,34.766922,31.751072,27.47508,28.382345,22.864544,22.165424,18.444057,18.391369,14.701859,12.068953,12.761822,12.207684,13.16719,13.512699,15.639718,15.039158,20.009384,19.273693,23.585518,21.654705,23.01589,27.564415,25.557236,21.622145,24.948296,24.497292,22.827463,27.675709,22.452984,25.285082,21.797846,24.591993,19.652704,16.693361,17.253511,19.305176,18.625446,23.751474,21.719341,26.354412,28.476974,31.219656,34.4592,34.293995,30.215973,31.564478,27.562202,24.858082,22.305336,20.054247,13.927,13.211311,10.220896,10.84608,8.654087,13.57485,14.056046,14.406595,18.081604,17.557413,20.034184,18.23089,20.108618,23.365114,23.192802,24.61,27.487783,29.17136,31.682169,29.89515,34.59935,29.338888,33.45283,32.06863,34.692196
25,18.844881,15.077993,17.633251,16.705608,14.979932,20.27117,17.323477,23.828299,23.347122,26.29234,29.570309,32.21552,31.263922,30.054123,26.151752,24.41058,21.253006,18.42434,17.037317,13.048491,12.421832,11.976647,10.320672,7.4960995,4.0081615,0.0,4.759286,8.239839,11.017129,14.427856,16.267784,20.175943,26.049337,28.560877,30.052145,33.676136,35.464306,33.018505,30.419548,26.331003,26.434443,21.01937,20.024445,15.897866,15.790096,11.452286,8.732205,8.860641,8.301206,9.75865,10.632282,13.216199,13.716167,18.097723,16.720093,20.863838,18.653368,19.61338,24.205992,21.929972,18.023287,21.362661,21.37255,19.837418,25.142883,20.258436,23.415815,20.35404,23.859886,19.203636,16.193512,17.90622,19.547215,20.166315,24.543522,22.520756,27.139393,28.7963,31.45376,34.626717,34.044582,29.987986,30.716911,26.763622,24.39248,21.549095,19.72222,14.006272,12.943578,10.581491,10.334317,9.568685,14.098144,14.60916,16.11393,20.11654,19.884647,22.54781,20.665253,21.561874,24.782131,23.813509,25.001896,27.396378,28.667912,31.26786,29.775118,34.253643,29.257547,33.58034,32.117393,35.12023
26,22.992786,19.026922,20.852856,19.275185,16.918722,21.886795,17.782352,24.155993,22.768194,25.420073,28.700686,31.365393,31.089796,29.991486,26.61879,24.542412,22.378086,18.913406,18.908184,14.302475,14.599114,15.404095,13.513835,9.252857,7.9563994,4.759286,0.0,4.081076,9.506752,11.748579,14.465493,17.537205,23.65124,26.299934,27.408215,31.261017,32.581867,29.872795,27.448715,23.437654,23.181614,17.552788,17.0471,12.07813,13.136211,7.8030357,6.640073,6.574174,7.5844827,10.211076,11.135084,14.745391,16.038885,19.600294,16.902195,20.47432,17.193195,17.877737,21.991072,19.069191,15.211523,17.518328,17.460484,15.457808,20.843403,15.90561,19.109365,16.35059,20.37706,16.011898,13.494701,16.395636,18.067123,20.20263,23.961552,22.588795,27.12693,28.297426,31.066357,33.96809,33.31014,29.291277,29.179905,25.389372,22.948595,20.480858,18.150558,13.381411,11.280901,9.385943,7.718172,8.733783,12.111572,12.865151,15.525859,19.74504,19.675598,22.479097,20.660862,20.14054,23.35414,21.37802,22.550003,24.278072,25.13944,27.941908,26.827085,31.286783,26.82064,31.40023,30.241516,33.61746
27,25.012472,20.915241,22.162859,19.76092,17.184843,21.716652,17.007158,23.11643,20.87757,23.545918,26.378162,29.224768,29.422298,28.191332,25.380266,22.829813,21.492224,17.545187,18.54335,13.688439,14.692896,16.623363,14.784434,9.745983,10.730699,8.239839,4.081076,0.0,7.384815,8.210681,11.69683,13.830741,20.315107,22.72865,23.834503,27.728544,28.795563,26.087492,23.57702,19.553204,19.435453,13.620405,13.620637,8.443096,10.503056,5.654049,6.4002147,7.650842,9.932,12.229738,12.255928,16.437145,17.494905,20.64939,17.125639,20.207203,16.175766,17.202085,20.65363,17.69842,13.953534,15.463842,14.499963,12.234163,17.136898,12.028719,15.218153,12.425714,16.542625,12.514167,9.931037,13.580248,14.999147,18.230156,21.331,20.485659,24.859497,25.693296,28.542358,31.214432,30.627125,26.663568,26.094265,22.442156,19.849504,17.84345,15.011833,11.1989155,8.475238,7.5817294,5.6256886,8.525978,10.889338,12.54582,15.478217,19.695658,19.025227,21.554268,19.480856,18.388987,20.927979,18.72853,19.246517,20.797682,21.519287,24.132563,23.093115,27.37575,23.095682,27.749685,26.717337,30.272121
28,21.632273,17.545963,17.462124,14.170448,11.328351,15.097576,10.206239,16.158415,13.802282,16.99009,19.451387,22.462805,22.341928,20.900894,18.114511,15.450082,14.378206,10.341472,12.595523,8.046879,10.900447,13.40734,13.7462,8.674549,12.65634,11.017129,9.506752,7.384815,0.0,4.808176,5.280803,9.91099,15.120716,17.730919,19.158997,22.687613,24.706432,22.472757,19.90802,16.083652,16.157053,11.497975,9.783871,8.149358,6.6495066,7.1710863,6.376769,10.015762,12.178158,12.235518,10.016312,14.068479,13.700974,16.541872,12.95815,15.9051895,12.352014,14.854645,18.027838,16.789808,13.216479,16.37045,14.201531,13.795084,17.534748,13.785165,16.948275,14.272654,17.301184,14.249357,9.623741,12.118445,11.283019,14.424136,16.174913,14.416851,18.610126,19.284946,21.853231,24.738731,23.844452,19.85628,19.862528,15.993718,13.876748,10.998049,9.8346615,6.0933666,6.1410713,8.261355,9.818067,12.312107,15.418957,18.043415,19.768236,23.782614,21.53328,23.111126,20.01227,20.831366,21.351458,21.049477,19.307192,21.961536,23.036879,24.264664,22.566904,25.653683,20.447966,24.523102,22.440613,25.791916
29,26.045792,22.018866,21.8963,18.125727,15.502543,18.569954,13.480785,18.482403,14.84884,17.841682,19.384825,22.663664,23.38675,21.750399,20.012253,16.633709,16.903767,12.463136,15.549689,11.222007,13.884005,17.291931,16.752651,11.645057,15.9206085,14.427856,11.748579,8.210681,4.808176,0.0,4.9686484,5.830319,12.707758,14.581613,16.143192,19.827858,21.181171,18.900875,16.006819,11.930423,12.574966,7.184543,7.102485,5.6040144,6.706573,8.104548,9.573758,12.764722,15.5006895,16.212103,14.300882,18.517946,18.392143,20.786247,16.62792,18.767172,14.408356,16.762594,18.868567,17.265862,14.1512575,15.549318,12.2724,11.298766,13.768343,9.851242,12.595768,9.944348,12.749282,10.467583,6.0550594,9.718454,8.658386,13.767432,14.633393,14.23923,18.040943,18.199022,20.998018,23.397575,22.81269,18.955439,18.04407,14.499145,11.807655,10.379471,7.3749056,6.556609,4.9947596,8.368504,9.303335,12.801256,14.362428,17.409828,19.417974,23.216217,20.767021,22.131124,19.115356,18.813023,18.70481,17.883057,15.497639,17.720419,18.569996,19.63061,18.115606,21.145765,16.342592,20.690086,19.072983,22.77277
30,24.470411,20.609484,19.400278,15.591842,12.668174,14.677951,9.321405,13.650821,9.905831,12.979566,14.790962,17.944393,18.476913,17.023117,15.242133,12.197813,13.041039,8.934933,13.490237,10.085848,13.869415,16.830887,17.90937,13.234866,17.824009,16.267784,14.465493,11.69683,5.280803,4.9686484,0.0,6.564256,9.934288,12.935149,14.089238,17.524702,19.822384,17.74535,15.408679,12.092324,11.829212,8.667152,5.9106827,8.000994,5.235473,9.794003,10.201523,13.750847,16.198305,15.769936,12.959106,16.67151,16.089798,17.689634,13.522605,15.1807995,11.380777,14.482608,16.317099,16.0088,13.254291,15.942946,12.67059,13.360901,15.547263,13.331929,16.117079,14.204505,16.583485,15.068643,10.47519,12.884899,10.2166605,14.646349,14.087186,12.62119,15.977034,15.722835,18.018518,20.613686,19.34336,15.530767,14.81517,11.088248,9.599966,6.591347,7.146042,7.3026705,8.364566,11.969578,13.692926,16.676857,18.958654,21.971743,23.675459,27.477404,24.670803,25.724724,22.344913,23.079012,22.256874,22.303827,19.055855,21.602842,22.431742,22.696505,20.990866,22.861078,17.759201,21.425575,18.847647,22.378721
31,29.828127,26.018557,25.24361,20.923243,18.568722,20.30368,15.49635,18.820713,14.050232,16.80158,16.744417,20.28178,21.800259,19.89393,19.559649,15.598346,17.592518,13.327535,17.589428,14.3052845,17.306517,21.250357,21.038841,16.424809,21.349022,20.175943,17.537205,13.830741,9.91099,5.830319,6.564256,0.0,8.551464,9.0106125,11.099838,14.55472,15.676697,13.828972,10.405921,6.2282863,8.351629,4.6237164,5.942873,8.54351,9.435378,13.04125,14.928684,18.11213,20.959843,21.359222,19.028305,23.004492,22.50574,24.245543,19.90666,21.093431,16.768637,19.421654,20.178104,19.306196,17.082644,17.519217,13.094683,12.823778,12.489947,10.369635,11.796274,10.059233,11.002991,11.122257,7.7404604,10.29033,7.28713,13.764272,12.096326,12.934916,15.553284,14.750862,17.452147,19.214788,18.800058,15.31242,13.466714,10.529121,7.661758,8.293248,4.964002,9.181347,8.755301,12.706941,13.960042,17.418161,17.992882,21.362644,23.05491,26.384617,23.273457,23.908035,20.723194,20.299831,18.435118,18.198952,13.883316,15.983185,16.651869,16.338982,14.713223,16.371553,11.658464,15.688136,13.875387,17.872774
32,32.81314,29.307987,27.073265,23.1353,20.493578,20.192886,15.586744,15.854803,10.538926,11.305761,10.559853,13.307801,16.119583,15.111597,16.379807,13.534114,17.681257,14.838836,20.71501,18.771744,22.675364,25.935652,27.284945,22.866215,27.698633,26.049337,23.65124,20.315107,15.120716,12.707758,9.934288,8.551464,0.0,6.1260014,4.474994,7.9769793,10.568733,8.7565565,7.899963,7.760041,5.636098,9.144712,7.1561103,13.227498,11.5200615,17.383839,19.016573,22.037655,24.752316,24.21986,21.373077,24.590788,24.198294,24.145782,19.64861,19.037672,15.490275,18.248253,17.122885,18.0906,17.365654,18.036585,13.641915,15.7683735,14.201588,15.630181,16.952885,17.01872,17.955343,19.350374,16.264555,18.409706,14.445239,19.910242,15.921116,15.985724,16.780949,14.318973,15.500216,16.563126,14.508109,12.154489,7.9655404,6.727028,8.198019,8.283425,10.854092,15.557907,16.470242,20.52799,21.873545,25.351023,26.369492,29.621134,31.474335,34.89458,31.687603,32.124233,28.736334,28.74629,26.255262,26.321392,21.29246,22.864851,22.909063,21.432367,20.231115,19.233757,15.719486,18.015165,15.014965,18.772333
33,34.78289,31.440516,29.603727,25.042646,23.127234,22.805674,19.085278,19.448076,14.137886,15.867848,12.911145,16.323376,18.902016,16.84904,18.88123,14.990516,19.240236,16.304407,21.50868,19.986431,23.331383,27.26993,28.02464,24.090689,29.51628,28.560877,26.299934,22.72865,17.730919,14.581613,12.935149,9.0106125,6.1260014,0.0,5.13417,6.44218,8.408158,8.614722,5.258712,5.37417,8.231074,10.989508,11.268926,16.46325,15.952796,21.123781,22.780064,26.049461,28.805983,28.519703,25.626587,28.986273,27.948397,28.662365,24.580107,24.516752,21.074821,24.004448,23.200537,23.830107,22.759825,22.981384,18.229277,19.320965,16.635208,17.346886,17.56871,17.228422,16.288425,18.457027,16.01998,16.813416,12.595301,17.739744,12.581266,14.175647,13.945193,11.149344,12.635018,12.911363,12.292129,10.276858,6.3354754,6.274436,6.1305633,9.47079,9.946326,16.043621,16.990662,21.044685,22.790329,25.971045,26.35828,29.862988,31.108282,34.008,30.23132,30.027847,26.662512,26.857616,23.189693,24.148653,18.209513,20.093256,20.505255,18.018152,16.385832,14.468482,10.819877,12.200819,9.010868,12.780621
34,36.98174,33.536846,31.302475,27.210245,24.764029,24.203123,19.919624,19.59994,14.330071,14.585815,12.570854,14.935552,18.402657,17.389755,19.639278,16.74447,21.351597,18.678337,24.443861,22.67813,26.404686,29.938185,31.012646,26.649176,31.61288,30.052145,27.408215,23.834503,19.158997,16.143192,14.089238,11.099838,4.474994,5.13417,0.0,4.1888833,6.107892,4.854197,4.9436026,7.406391,5.8765025,11.185293,10.670184,16.375721,15.565967,21.106583,23.120188,26.029198,28.862955,28.526068,25.780622,29.037487,28.660381,28.514679,24.00677,23.095497,19.574114,22.05353,20.260193,21.190374,20.93008,20.618029,16.040308,17.991413,14.840481,17.254168,17.665503,18.37197,18.415426,20.90437,18.641867,20.54324,16.591015,22.194574,17.43983,18.410583,18.356043,15.353972,16.18644,16.2681,14.495447,13.136755,7.802062,8.610111,10.167782,11.831723,13.522152,19.020597,19.666796,23.722221,24.912502,28.484676,28.895113,32.207367,34.036945,37.19896,33.87302,34.04547,30.78238,30.374857,27.278835,27.312733,21.788584,22.830908,22.564793,20.329039,19.437231,17.122349,14.830299,16.309105,13.625762,17.310635
35,39.2122,36.00002,33.5034,29.314983,27.197456,25.97783,22.39451,21.107998,16.084574,16.077385,12.63403,14.681356,18.379158,17.266384,20.471678,17.720278,22.809374,20.696152,26.40277,25.269617,28.947004,32.52303,33.829468,29.788406,35.01112,33.676136,31.261017,27.728544,22.687613,19.827858,17.524702,14.55472,7.9769793,6.44218,4.1888833,0.0,4.5836806,6.141754,6.855938,10.245601,9.938376,15.171088,14.725883,20.492445,19.456345,25.143904,26.94823,29.965218,32.71944,32.168606,29.234959,32.251827,31.524624,31.21609,27.038532,25.904325,22.908228,25.503157,23.456055,24.870173,24.797092,24.619009,20.129509,22.147253,18.665943,21.210209,21.286585,21.981848,21.340534,24.127924,21.96137,23.19785,19.008265,23.985897,18.428864,19.606358,18.528728,15.056025,15.152874,14.375016,12.594999,12.42424,6.8373384,9.481371,11.746058,13.995302,16.107992,21.908493,22.92759,27.024511,28.511042,31.913313,32.30017,35.710835,37.257133,40.234657,36.595154,36.4245,33.09451,33.048454,29.33275,29.950455,23.98881,25.155859,24.987541,22.094915,21.099504,17.702335,15.909693,16.119621,13.175848,16.140553
