,0,1,2,3,4,5,6,7,8,9,10,11,12,13,14,15,16,17,18,19,20,21,22,23,24,25,26,27,28,29,30,31,32,33,34,35,36,37,38,39,40,41,42,43,44,45,46,47,48,49,50,51,52,53,54,55,56,57,58,59,60,61,62,63,64,65,66,67,68,69,70,71,72,73,74,75,76,77,78,79,80,81,82,83,84,85,86,87,88,89,90,91,92,93,94,95,96,97,98,99,100,101,102,103,104,105,106,107,108,109
0,0.0,4.3134813,6.7381682,9.804739,12.459939,15.273966,18.128006,22.572279,25.50063,29.932024,31.603413,37.068913,33.761524,32.068295,27.423347,25.242212,21.182503,19.931133,15.904071,14.80789,13.405654,11.795912,16.361948,16.162186,19.18505,20.986906,19.039724,19.04822,17.664423,18.388678,18.29248,19.947994,23.64052,24.374357,28.176926,29.589413,33.360485,33.70134,32.705578,31.881226,28.053345,28.412184,25.989029,24.845419,25.871014,22.447077,26.740509,24.788078,23.758404,28.653687,30.490976,27.83113,32.769947,35.71453,35.915947,36.51532,33.121666,33.626347,29.82368,30.62134,25.146206,28.09245,24.76663,27.578426,21.007914,24.055393,22.685541,19.851812,24.756636,23.960264,28.153875,29.938818,25.69796,29.788242,29.74134,28.11977,31.840033,29.889347,34.53038,32.987465,35.444042,39.05824,35.934895,33.31195,31.853685,30.897764,28.976992,30.084223,28.20517,31.1793,28.483538,34.411434,36.434685,33.242195,33.57021,31.642885,36.038597,35.09779,36.282322,37.85585,35.973354,39.174026,40.512936,39.335377,37.03251,36.758537,31.613892,31.250761,26.792662,27.631468
1,4.3134813,0.0,5.392876,6.5881143,8.919235,12.807692,14.581097,19.602455,22.02373,26.841852,28.220158,33.684486,30.900505,29.186209,24.89043,22.232805,18.52399,16.5904,12.90509,11.113148,10.130948,8.374012,13.11812,13.535084,16.098274,17.5837,15.146708,15.091636,13.508678,14.654374,14.565333,16.906494,20.84,22.243666,25.89576,27.781904,31.232386,31.200304,29.938663,28.741095,24.87691,24.767094,22.20326,20.776943,21.875156,18.243671,22.69201,20.918581,20.07039,24.94853,26.466213,23.940144,29.026865,31.731083,31.850275,32.32492,28.863884,29.45218,25.686085,26.814955,21.265368,24.494246,21.389978,24.735138,18.560844,21.566685,21.08414,18.720814,23.453188,23.039295,26.558802,27.840906,23.052834,26.969414,26.468153,24.545002,28.08455,25.852978,30.48696,28.777609,31.177324,34.763863,31.624224,29.038034,27.652012,26.750525,25.03786,26.366652,24.818483,28.07674,25.89524,31.733648,33.526955,30.43334,30.417156,28.206625,32.497192,31.248955,32.391884,33.760887,31.870945,34.957867,36.259377,35.186333,32.918564,32.84118,27.643637,27.634796,23.134531,24.420954
2,6.7381682,5.392876,0.0,5.291633,6.937348,9.037855,12.1774645,16.058075,19.425713,23.435047,25.495941,30.923971,27.332907,25.927221,20.987118,19.269613,15.277307,14.478764,11.359529,10.821503,11.504169,11.449284,16.308235,17.809444,20.303862,21.172037,18.552483,17.351755,14.620285,15.16053,13.358005,15.95143,18.053226,19.734465,22.845276,24.578434,28.415737,28.39736,27.869635,27.252375,23.894571,23.616869,22.47092,20.733025,23.37144,20.396893,25.013277,24.130938,23.667368,28.459072,29.19566,26.681608,32.213203,34.46264,34.01645,34.08044,30.218155,30.25868,26.28224,27.166357,20.791632,23.5727,20.000063,22.841997,16.424213,18.388374,17.190866,14.154373,18.798775,17.815159,21.809156,23.479044,19.058691,23.409082,23.41703,22.226948,26.10795,24.653309,29.449423,28.294537,31.17536,35.02476,32.2167,29.29624,28.38233,26.551725,25.511497,25.931715,24.467482,27.409004,24.962835,30.493084,33.08918,30.672037,30.68695,28.84296,32.453186,31.724186,32.049774,34.169357,31.395796,34.663208,36.017727,34.29008,31.961025,31.091288,26.202051,25.18221,20.820953,21.234035
3,9.804739,6.5881143,5.291633,0.0,3.8984208,6.677063,9.32907,13.639785,15.975869,20.796028,21.961132,27.424568,24.534267,22.653954,18.568623,15.692414,11.979018,10.146827,6.6114554,5.5792723,6.68887,7.6207104,12.080587,14.557854,16.811214,17.049728,15.175427,12.618091,9.781149,9.881637,8.607952,11.024993,14.25924,16.09481,19.45798,21.606764,24.931684,24.708782,23.596228,22.562445,18.97199,18.785683,17.22674,15.802846,18.302094,16.16594,20.392355,20.204775,20.600412,24.866993,25.216673,23.794868,29.125576,30.752487,30.679592,30.441315,26.503504,27.154982,23.396904,25.321383,18.740807,22.201368,19.14449,22.979273,17.471594,18.892698,19.045828,16.513126,20.525272,19.345009,22.702799,23.680815,18.108131,22.592371,21.53192,20.072342,23.526354,21.325773,26.394432,24.47179,27.385918,31.109741,27.951464,24.829824,23.527208,21.839388,20.327261,20.83142,19.31875,22.426367,20.315752,25.890343,28.138971,25.663473,25.5158,23.56852,27.249489,26.498169,27.02573,29.15249,26.716322,30.225595,31.8086,30.368147,27.831211,27.673185,22.23004,21.855875,17.47022,18.380089
4,12.459939,8.919235,6.937348,3.8984208,0.0,5.8383875,5.7528768,10.880614,13.1905365,17.986765,19.475943,24.92685,22.28197,20.8428,16.670076,14.003335,10.940402,8.710372,7.318353,5.748214,8.898093,9.844943,13.7581415,16.556326,17.991974,17.901058,14.830987,12.720073,9.012993,10.018025,7.017272,11.56139,13.371212,16.615282,19.130129,21.770771,24.892828,24.125193,23.209784,21.984646,18.779222,17.435717,16.619492,14.1744995,17.70371,15.0148945,19.66064,19.707415,19.942114,24.253542,24.029772,22.119785,27.78876,29.26776,28.578234,28.196947,24.09905,24.21978,20.337889,22.017315,15.174547,18.479412,15.383945,19.295677,14.180861,15.326537,16.127213,14.234202,17.92125,17.532389,19.960434,20.520498,14.851443,18.976358,17.908503,16.29322,19.849503,17.93209,22.897865,21.443008,24.434603,28.300194,25.52003,22.492756,21.853426,19.746931,19.37127,19.84569,19.125456,22.460686,21.048964,26.153496,28.459871,26.47672,25.856346,23.652008,26.75712,25.648489,25.616987,27.62355,24.56808,27.744974,29.104645,27.38967,25.042261,24.416544,19.360783,18.808722,14.335394,15.535905
5,15.273966,12.807692,9.037855,6.677063,5.8383875,0.0,6.9305468,8.0446205,11.505981,15.19291,16.998358,22.35407,18.531256,16.918758,12.186118,10.363791,6.3259296,6.739444,5.902903,7.67727,10.9591055,13.369155,16.91875,20.255339,22.15035,21.62342,19.798231,16.104704,12.367386,11.446855,7.539952,9.95325,9.311887,12.165138,14.317943,16.590162,20.164783,19.718134,19.584042,19.311918,16.722954,16.142632,17.004944,15.306329,19.848125,19.048141,22.957375,24.04601,25.021847,28.83414,28.118082,27.098577,32.645626,33.471752,32.80969,31.947056,27.637499,27.76236,24.0343,25.975548,18.679321,21.5672,18.399122,21.7916,17.04568,16.38977,16.485985,13.669875,16.515802,14.301881,17.655016,18.647366,12.915819,18.14279,17.184006,16.907675,20.459337,19.207005,24.41094,23.036285,26.541458,30.434084,27.738657,24.208553,23.54744,20.599766,20.118748,19.178776,17.99488,20.501091,18.388954,23.133398,26.387484,25.081272,24.835897,23.453827,25.884308,25.889364,25.190075,28.35175,24.79253,28.54173,30.248531,28.001627,25.352867,24.312374,19.276365,17.527946,13.58443,13.073844
6,18.128006,14.581097,12.1774645,9.32907,5.7528768,6.9305468,0.0,6.346278,8.017798,12.766909,14.434635,19.771715,17.57972,16.654907,12.874869,10.41347,9.029823,6.662725,8.9914875,8.090595,12.547219,14.152478,16.919678,20.346767,20.940353,20.092602,16.645609,14.115631,9.845162,10.881595,5.8836794,11.866225,11.107141,16.063236,17.15128,20.405958,22.972797,21.438112,20.827023,19.471333,17.121298,14.289846,15.186211,11.699768,16.994358,14.938118,19.32238,20.430872,21.107088,24.824125,23.451168,21.806059,27.5708,28.255013,26.866,25.92964,21.560001,21.120743,17.337019,19.21255,11.863574,14.893308,12.148773,16.28893,12.873823,12.3064,14.540646,13.699515,15.975063,16.146664,16.953672,16.576662,10.273599,14.058589,12.335838,10.833415,14.3434725,12.857083,17.897749,16.92113,20.277235,24.286976,22.031605,18.89446,19.17491,16.12959,17.39151,17.286478,17.648853,20.941143,20.504152,24.63693,27.105577,26.050867,24.868883,22.628103,24.587755,23.378021,22.31632,24.550177,20.498863,23.441814,24.681608,22.427853,20.17998,18.92006,14.289595,13.250803,8.788588,10.2821245
7,22.572279,19.602455,16.058075,13.639785,10.880614,8.0446205,6.346278,0.0,5.0514703,7.3784227,10.144143,15.294808,11.743348,11.254324,6.7439566,6.251868,6.2871766,7.1307817,11.094392,12.225689,16.633522,19.124403,21.622921,25.464478,26.285774,25.04033,22.465424,18.849234,14.733461,14.325531,9.072397,12.84841,8.128836,13.703004,13.073339,16.308676,18.817972,17.030682,17.574635,17.193167,16.158371,13.352355,16.74848,13.879807,20.211235,19.9204,23.475079,25.581959,26.849546,30.02927,28.029202,27.154924,32.72072,32.662796,31.084587,29.592459,25.124048,24.451939,21.062557,22.98498,15.740211,17.79656,15.311496,18.427465,16.096909,13.223352,15.044101,13.923582,14.453247,13.303785,13.758097,13.234402,6.583644,11.5409565,9.75884,10.546376,13.730242,13.648618,18.492964,18.042673,21.886017,25.80408,24.00626,20.512535,21.175272,17.064432,18.906328,17.159473,17.63311,19.9493,19.436705,22.484932,25.889027,25.953594,24.879646,23.441069,24.153015,23.99946,21.777311,25.20588,20.25736,23.531313,24.999641,21.925308,19.521778,17.304804,13.357658,10.194289,6.96584,5.307419
8,25.50063,22.02373,19.425713,15.975869,13.1905365,11.505981,8.017798,5.0514703,0.0,6.0947104,6.425151,11.791373,10.444804,9.57326,8.12941,5.418138,8.142539,7.1633587,12.24824,12.8134985,17.190363,19.749872,21.16582,25.27379,25.442451,23.657566,21.450718,17.468885,13.749159,13.340937,8.795073,12.395441,8.135071,14.134486,13.055628,16.86017,18.158165,15.663467,15.409551,14.156232,13.529367,9.391701,13.531541,10.404791,17.137442,17.788103,20.55964,23.450695,25.307076,27.704819,25.059198,25.119768,30.25331,29.453175,27.953737,26.06529,21.635368,21.345617,18.473743,21.34818,14.627767,17.028135,15.627221,19.433058,18.435915,15.741927,18.769732,18.412785,18.6804,18.104622,17.54759,16.05843,9.522363,12.731457,9.107792,9.217327,11.066616,10.016271,14.98822,13.770101,17.707825,21.444859,19.591879,15.965259,16.834118,12.394507,15.019751,13.155525,14.60747,17.072485,17.810137,20.152727,22.928373,23.352715,21.730001,20.06585,20.139572,19.664913,17.054508,20.41179,15.245437,18.581337,20.203371,17.250786,14.642512,13.123274,8.480821,6.113861,2.8524127,3.5731623
9,29.932024,26.841852,23.435047,20.796028,17.986765,15.19291,12.766909,7.3784227,6.0947104,0.0,5.0534253,8.729899,5.6809297,7.1652527,6.189352,7.8336577,11.201421,12.350375,17.19473,18.408216,22.769157,25.463375,27.126768,31.244175,31.526974,29.740667,27.410656,23.557493,19.815441,19.216759,14.572393,17.334959,11.065991,16.517344,13.675498,16.99941,18.027405,15.199862,16.507462,16.378202,17.219599,13.411963,18.805939,16.069244,22.818815,23.69074,26.292498,29.34458,31.094475,33.41906,30.45898,30.323965,35.4473,34.394783,32.381996,30.248837,25.935278,24.925724,22.351397,24.485018,18.227552,19.35958,18.073524,20.555426,20.546988,16.376644,19.049017,18.987568,17.653069,16.839544,15.075837,13.098569,8.202789,10.577632,7.5757575,10.268504,11.488617,12.795255,16.446848,16.698072,20.580793,24.066961,23.163235,19.82139,21.419703,16.591345,19.967686,17.246403,18.878895,20.361248,21.082,22.157497,25.612455,27.048016,25.50684,24.461388,23.3714,23.569536,19.919981,23.804373,17.904535,20.722603,22.100399,18.255114,16.113813,12.819368,10.857065,5.73601,6.6470594,2.6275365
10,31.603413,28.220158,25.495941,21.961132,19.475943,16.998358,14.434635,10.144143,6.425151,5.0534253,0.0,5.4696794,6.046323,5.657224,8.526938,7.535668,11.983069,12.250853,17.277895,18.405956,22.42821,25.306578,26.070797,30.372969,30.351307,28.136766,26.682575,22.202396,19.042715,18.009039,14.381251,16.096546,10.543917,15.58856,12.639502,16.267578,16.104845,12.780433,13.174446,12.402327,13.87092,9.670042,15.7166605,13.649665,20.087772,22.28297,23.901518,27.673609,30.100567,31.66092,28.346968,29.424898,33.98784,32.24778,30.722755,28.26508,24.100971,23.897501,21.878592,25.063583,19.267714,21.020916,20.401789,23.652987,23.863108,20.315695,23.429747,23.295916,22.46131,21.449257,20.10309,18.06672,12.851299,14.859201,10.86281,12.350121,12.307915,12.130991,15.772087,14.671546,18.481634,21.564419,20.291431,16.720793,17.980742,13.104162,16.385174,13.180265,15.328272,16.523056,18.187674,18.489199,21.438215,23.265068,21.424473,20.500933,18.738602,19.136164,15.153639,19.41378,13.656782,16.98645,18.838364,15.388384,12.752566,11.036889,8.040937,4.5467486,6.8428183,5.3574414
11,37.068913,33.684486,30.923971,27.424568,24.92685,22.35407,19.771715,15.294808,11.791373,8.729899,5.4696794,0.0,6.76099,7.7595253,12.437474,12.5713215,17.083433,17.619127,22.569174,23.7465,27.639982,30.547003,30.962915,35.292812,35.031567,32.60127,31.343777,26.903032,24.045496,22.97344,19.7236,20.947395,15.336983,19.565706,15.80607,18.90347,17.632923,13.972434,14.851912,14.438458,17.148272,13.2414055,19.49818,17.858673,23.81462,26.555761,27.530863,31.689667,34.31612,35.330395,31.556711,33.088448,37.21897,34.86531,33.159996,30.354445,26.541458,26.197376,24.860588,28.012007,23.094433,24.263521,24.239616,27.000689,28.192225,24.203304,27.470987,27.697563,26.144228,25.231493,23.111828,20.646534,16.728241,17.510431,13.710453,15.697109,14.411891,14.996886,17.134775,16.527645,19.849184,22.221487,21.715176,18.609358,20.352724,15.64408,19.449026,15.936995,18.544962,18.900406,21.240194,19.98674,22.696447,25.49988,23.47004,22.982124,19.88155,20.646078,15.814343,20.131254,14.274286,16.83294,18.530806,14.804,12.72064,10.746749,10.448717,7.689634,11.605228,10.172625
12,33.761524,30.900505,27.332907,24.534267,22.28197,18.531256,17.57972,11.743348,10.444804,5.6809297,6.046323,6.76099,0.0,3.9417548,6.8069715,9.488442,13.272025,15.424415,19.96453,21.910124,25.882645,29.001646,30.334087,34.634796,35.125965,33.099354,31.709856,27.059937,23.653543,22.22061,18.198223,19.192938,12.161284,16.176266,11.985517,14.66111,14.745033,11.720997,14.141382,15.108613,17.250706,14.536978,20.741085,19.140604,25.566126,27.73003,29.60649,33.22673,35.50091,37.390465,34.25981,35.007984,39.80305,38.242283,36.58336,34.167408,29.983847,29.408098,27.214415,29.746778,23.701494,24.869873,23.742123,26.066467,26.04141,21.680773,23.80263,23.264801,21.544039,19.564026,18.313383,16.696218,13.01124,15.322473,12.783083,15.729747,16.191605,17.341173,20.55449,20.356117,24.12534,27.15092,26.216816,22.7327,23.945477,19.103304,21.843365,18.114634,19.430117,19.719456,20.406614,20.10656,24.07414,26.435648,25.153751,24.976414,22.950966,24.285278,20.172956,24.929495,19.284487,22.456343,24.19204,20.390352,18.116207,15.39786,13.898834,9.35992,11.4902,7.6904473
13,32.068295,29.186209,25.927221,22.653954,20.8428,16.918758,16.654907,11.254324,9.57326,7.1652527,5.657224,7.7595253,3.9417548,0.0,6.1812005,7.021241,10.992277,13.120637,17.40473,19.613222,23.247522,26.569202,27.606468,31.974024,32.611755,30.490456,29.816956,24.609524,21.48156,19.518574,16.063305,16.022427,9.16618,12.689894,8.4987335,11.518639,11.374558,8.257686,10.320093,11.414864,13.556096,11.609186,17.787535,16.912226,22.99967,25.854342,27.391565,31.195461,33.80878,35.532352,32.581306,33.91615,38.542507,36.916927,35.80824,33.421837,29.225994,29.306124,27.083668,30.187586,23.895145,25.736925,24.503897,27.469122,26.75799,22.980955,25.024332,23.996294,23.046669,20.560984,20.37104,19.172142,14.4428005,17.63053,14.672838,16.869473,17.52329,17.558739,21.392609,20.176147,23.984858,26.985777,25.39626,21.60996,22.07742,17.451433,19.163578,15.127279,15.936343,15.986139,16.488722,16.302189,20.401209,22.645948,21.550713,21.60228,19.82114,21.58228,17.875727,23.001806,17.952791,21.818157,23.962446,20.69032,17.949371,16.475315,13.490017,10.000513,11.263212,7.998513
14,27.423347,24.89043,20.987118,18.568623,16.670076,12.186118,12.874869,6.7439566,8.12941,6.189352,8.526938,12.437474,6.8069715,6.1812005,0.0,5.4640794,7.3742967,10.664342,14.468751,16.84346,20.730934,23.853079,25.922632,30.042055,31.12311,29.539785,28.08242,23.438469,19.729975,18.14437,13.707704,14.769434,7.501526,11.816307,8.92774,11.711923,13.873325,12.014705,14.062622,15.109544,15.621416,13.855225,18.906195,17.286867,23.630007,25.035248,27.685682,30.6073,32.524174,35.154007,32.800495,32.934525,38.16372,37.432594,36.080227,34.15749,29.743364,29.34002,26.415009,28.71364,21.776892,23.49656,21.394196,23.971575,22.232822,18.48544,19.673973,18.143246,17.441437,14.556873,15.218553,14.828481,9.870662,14.410039,12.670789,15.003998,17.104578,17.587015,21.957315,21.3877,25.355446,28.908628,27.246948,23.493011,23.993546,19.467081,21.001406,17.79545,17.972778,18.891861,18.14777,19.772123,24.081818,25.263498,24.50959,24.108759,23.679382,24.856682,21.876032,26.45658,21.347252,25.053268,26.891136,23.487568,20.89259,18.590826,15.296211,11.121382,10.391043,6.2290688
15,25.242212,22.232805,19.269613,15.692414,14.003335,10.363791,10.41347,6.251868,5.418138,7.8336577,7.535668,12.5713215,9.488442,7.021241,5.4640794,0.0,4.5678782,6.1650023,10.542211,12.664308,16.440226,19.680899,21.124609,25.395555,26.272417,24.464306,23.579756,18.444656,15.03952,13.125195,9.2607565,9.926872,3.2906628,9.071818,7.7035894,11.47471,13.131608,11.156116,11.324282,11.177847,10.742973,8.867637,13.473565,12.183726,18.294716,20.278677,22.54633,25.699318,28.01324,30.31972,28.027178,28.844297,33.788372,32.908947,32.094906,30.196516,25.825714,26.18179,23.361044,26.490198,19.5897,22.20677,20.400684,24.040432,22.048567,19.360327,21.254091,19.779562,20.218319,17.931522,18.903831,18.282545,12.032799,16.449564,13.553809,14.43646,16.308811,15.199765,20.140377,18.332123,22.224619,25.71439,23.371326,19.409546,19.228125,15.037899,15.749499,12.767529,12.800641,14.327629,13.944365,16.3523,20.01794,20.622509,19.681385,18.923918,19.080198,19.965027,17.6168,22.02082,17.559772,21.733744,23.863176,21.154417,18.17909,17.332283,12.436157,10.038533,8.192708,6.274691
16,21.182503,18.52399,15.277307,11.979018,10.940402,6.3259296,9.029823,6.2871766,8.142539,11.201421,11.983069,17.083433,13.272025,10.992277,7.3742967,4.5678782,0.0,4.6204453,7.1680975,10.023619,13.522123,16.79574,18.992754,23.025871,24.515026,23.165628,22.330427,17.298014,13.778934,11.670936,7.756965,8.085863,3.2106702,7.631679,8.438196,11.410007,14.386216,13.517147,13.616244,13.741162,12.098334,11.621853,14.434477,13.396924,18.803633,20.049377,22.878286,25.314648,27.271822,30.153515,28.573324,28.881916,34.05195,33.83218,33.263985,31.77301,27.387606,27.821873,24.59141,27.377,20.13601,22.989613,20.533882,24.131664,20.862215,18.866903,19.856812,17.580582,18.925943,16.0833,18.481462,18.738468,12.536556,17.752611,15.723461,16.247175,18.941648,17.687151,22.90647,21.107365,24.898134,28.563318,25.905584,21.994745,21.332422,17.714893,17.38828,15.101964,14.072391,15.850788,14.135685,17.879982,21.628527,21.332085,20.94331,20.1488,21.464893,22.293867,20.830145,24.907448,21.027626,25.23284,27.30694,24.848074,21.905756,21.109995,15.956369,13.836902,10.912038,9.382098
17,19.931133,16.5904,14.478764,10.146827,8.710372,6.739444,6.662725,7.1307817,7.1633587,12.350375,12.250853,17.619127,15.424415,13.120637,10.664342,6.1650023,4.6204453,0.0,5.148396,6.5182056,10.529233,13.5823555,15.313123,19.45988,20.470564,18.978786,17.944122,12.936358,9.330395,7.6096363,3.319986,5.921734,5.402192,9.924283,11.5492525,14.883724,17.089437,15.846345,14.69429,13.46738,10.857335,9.456045,10.8355055,9.233638,14.525759,15.434008,18.35673,20.730059,22.760948,25.545374,23.98075,24.408047,29.478792,29.295813,28.8943,27.516628,23.185608,23.966837,20.775562,23.984468,16.969112,20.39358,18.288734,22.59965,19.508219,18.38977,20.228825,18.55335,20.449379,18.79424,20.523321,20.281778,13.577656,18.091703,15.418347,14.74728,17.24146,14.951566,20.335049,17.928148,21.496208,25.142962,22.161936,18.340729,17.43808,14.284673,13.766798,12.516301,11.878831,14.733581,13.89021,18.14071,20.852,19.91952,19.073719,17.476923,19.423773,19.322283,18.451105,21.75934,18.317867,22.388456,24.397469,22.46012,19.527552,19.512184,13.713843,13.061361,9.361111,9.945552
18,15.904071,12.90509,11.359529,6.6114554,7.318353,5.902903,8.9914875,11.094392,12.24824,17.19473,17.277895,22.569174,19.96453,17.40473,14.468751,10.542211,7.1680975,5.148396,0.0,3.8791726,6.3927884,9.776695,12.18967,16.024363,17.931738,16.980873,16.777851,11.6729965,8.7557535,6.342221,5.009347,4.6736655,8.454318,10.055474,13.532593,15.964124,18.768345,18.473917,17.045282,16.063128,12.546344,13.063398,12.314902,11.900426,15.199552,15.730086,18.751945,20.296238,22.12349,25.276604,24.683996,25.029995,29.972218,30.397285,30.622835,29.693201,25.574781,26.787226,23.453295,26.512428,19.64026,23.338,20.852875,25.140705,20.85897,20.784777,21.735281,19.320097,22.193792,20.080616,23.074812,23.550587,17.18365,22.030956,19.940025,19.009956,21.825783,19.28161,24.653967,21.990557,25.24819,28.804047,25.399109,21.728848,20.03311,17.852612,15.7616205,15.221956,13.307205,16.06846,13.944204,19.335981,21.838991,19.854267,19.715244,18.246021,21.431223,21.474781,21.694733,24.685545,22.251066,26.410892,28.472324,26.994865,24.052357,24.452093,18.486105,18.192513,14.329224,14.8539505
19,14.80789,11.113148,10.821503,5.5792723,5.748214,7.67727,8.090595,12.225689,12.8134985,18.408216,18.405956,23.7465,21.910124,19.613222,16.84346,12.664308,10.023619,6.5182056,3.8791726,0.0,4.584626,7.1167946,9.611226,13.371148,14.808772,13.995557,12.992082,8.508193,5.290764,4.4806547,4.112748,6.731361,11.267784,13.634381,16.853085,19.582867,22.056673,21.4051,19.578274,17.889212,14.111113,13.679636,11.656577,10.469139,13.08663,12.301057,15.87334,16.836613,18.351006,21.761417,21.397102,21.327932,26.333933,27.091583,27.314323,26.648869,22.641855,23.926378,20.547861,23.600086,17.09044,21.069874,18.785013,23.398964,19.190737,19.942938,21.391321,19.529964,22.737967,21.621332,24.03717,24.216772,17.813046,22.04412,19.83867,18.11793,20.867332,17.861124,23.077435,20.309286,23.230743,26.765965,23.286598,19.938772,18.26639,16.671703,14.7617235,15.386209,14.0725,17.514847,16.204424,21.578142,23.336569,20.96563,20.414898,18.225183,21.816088,20.920067,21.562962,23.672466,21.537,25.269136,27.086336,25.962543,23.23194,23.900682,17.944752,18.4442,14.248828,15.859873
20,13.405654,10.130948,11.504169,6.68887,8.898093,10.9591055,12.547219,16.633522,17.190363,22.769157,22.42821,27.639982,25.882645,23.247522,20.730934,16.440226,13.522123,10.529233,6.3927884,4.584626,0.0,3.7683804,6.2404747,9.695078,12.057565,11.694583,12.428336,7.8742476,6.9752474,5.626448,8.447209,8.135282,14.45728,15.178332,19.250784,21.448832,23.882935,23.765085,21.508213,19.802828,15.55891,16.414883,12.957909,13.111184,13.531759,13.062903,15.949747,16.289074,17.899025,21.166994,21.682022,22.118263,26.556501,27.600267,28.627872,28.273787,24.644136,26.552736,23.385643,26.581446,20.629906,24.768862,22.560757,27.185343,22.570007,23.956362,25.01645,22.840263,26.476273,25.071173,28.081738,28.538336,22.258385,26.566698,24.414396,22.569305,25.195686,21.853643,26.938148,23.727795,26.30025,29.550638,25.68059,22.507895,20.064045,19.397413,16.131117,17.277039,15.145634,18.36882,16.507978,22.374443,23.600569,20.361204,20.315355,18.239244,22.746624,21.961931,23.567022,25.353943,24.271544,28.095425,30.027296,29.423567,26.645681,27.933327,21.778692,22.727644,18.658497,20.261621
21,11.795912,8.374012,11.449284,7.6207104,9.844943,13.369155,14.152478,19.124403,19.749872,25.463375,25.306578,30.547003,29.001646,26.569202,23.853079,19.680899,16.79574,13.5823555,9.776695,7.1167946,3.7683804,0.0,4.897886,6.9741106,9.522763,10.0915,10.207787,7.7078123,7.773282,8.208796,11.006472,11.806459,17.953804,18.930063,22.956804,25.178135,27.647114,27.464167,25.13569,23.209518,18.91666,19.358984,15.300606,15.03683,14.4726305,12.431721,15.683218,14.771577,15.616141,19.348814,20.621792,20.37184,24.704847,26.416784,27.571375,27.673536,24.341442,26.25166,23.080542,25.927866,20.585638,24.72497,22.57649,27.144304,22.330439,24.56994,25.598576,23.662836,27.676191,26.863165,29.760101,30.23475,24.197563,28.132814,26.195457,23.917957,26.586868,23.139063,27.936743,24.849934,27.038506,30.199665,26.353868,23.613197,21.221914,21.146679,18.051552,19.95457,18.148155,21.574492,19.990019,25.831902,26.649042,23.098028,22.941166,20.511675,25.309368,23.932095,25.90422,26.973953,26.220644,29.623386,31.301506,30.976734,28.43242,29.776264,23.82274,25.092855,20.863771,22.88633
22,16.361948,13.11812,16.308235,12.080587,13.7581415,16.91875,16.919678,21.622921,21.16582,27.126768,26.070797,30.962915,30.334087,27.606468,25.922632,21.124609,18.992754,15.313123,12.18967,9.611226,6.2404747,4.897886,0.0,4.4350224,6.155545,5.8248916,9.018609,5.438407,8.08206,8.136502,12.690924,12.409025,19.385283,20.038652,24.055166,26.374258,28.107653,27.822311,24.803488,22.339146,17.913252,18.669117,13.355969,14.101251,11.447656,10.69424,12.388464,11.814058,13.788602,16.359707,17.744495,19.090181,22.4941,23.663998,25.666473,25.694565,22.754332,25.552504,22.974815,26.621893,21.992651,26.38887,24.901426,29.853436,25.798409,27.901356,29.551598,27.923033,31.65055,30.864702,33.370724,33.448254,27.08014,30.740713,28.169573,25.652931,27.678555,23.595764,28.144247,24.297161,26.069944,28.756683,24.51807,21.96115,18.845203,19.74453,15.646018,18.268734,16.440035,19.890173,18.973886,24.550785,24.38656,20.395555,20.08926,17.39351,22.653578,20.965837,23.766884,24.25616,24.614988,27.980461,29.791096,30.139866,27.57419,29.88926,23.753735,25.940706,22.08606,24.568714
23,16.162186,13.535084,17.809444,14.557854,16.556326,20.255339,20.346767,25.464478,25.27379,31.244175,30.372969,35.292812,34.634796,31.974024,30.042055,25.395555,23.025871,19.45988,16.024363,13.371148,9.695078,6.9741106,4.4350224,0.0,4.211114,6.1744046,9.540209,8.966598,11.830692,12.506738,16.733728,16.668644,23.63287,24.061089,28.260769,30.400791,32.269287,32.141563,29.11178,26.670113,22.225008,23.047169,17.53432,18.178484,14.827966,13.011751,14.513782,12.424305,13.414439,16.111109,18.671127,19.499249,22.324108,24.246014,26.634356,27.1968,24.751055,27.605532,25.141802,28.378662,24.435743,28.719955,27.247646,32.011265,27.693878,30.479319,31.87985,30.27034,34.34779,33.80583,36.485188,36.7228,30.591845,34.110085,31.795872,29.063175,31.16341,27.086617,31.367126,27.65058,29.054945,31.558817,27.36348,25.248941,22.137917,23.55178,19.502436,22.471254,20.656607,23.986296,22.94839,28.556873,28.10115,23.777674,23.644848,20.95587,26.43236,24.504553,27.67792,27.627563,28.42368,31.462791,33.081665,33.706955,31.325584,33.69055,27.7276,30.025433,26.069365,28.65539
24,19.18505,16.098274,20.303862,16.811214,17.991974,22.15035,20.940353,26.285774,25.442451,31.526974,30.351307,35.031567,35.125965,32.611755,31.12311,26.272417,24.515026,20.470564,17.931738,14.808772,12.057565,9.522763,6.155545,4.211114,0.0,3.3226645,6.9960003,8.152085,11.739563,13.263562,17.490465,18.190918,24.912632,26.014643,29.815285,32.32042,33.80175,33.26597,30.001507,27.097073,22.810123,22.889093,17.026438,17.318846,13.071177,10.538557,11.472574,8.600223,9.740052,11.946641,14.7867775,15.989215,18.295164,20.19826,22.85624,23.575457,21.51774,24.685133,22.634497,26.09677,23.031548,27.325052,26.421812,31.342037,27.772375,30.672552,32.69389,31.642052,35.50186,35.51407,37.515038,37.330666,31.169529,34.121258,31.522898,28.419548,30.075222,25.715797,29.524273,25.655315,26.563353,28.744,24.570566,22.939104,19.880035,21.961893,18.261545,21.929066,20.816118,24.410868,24.252857,29.43597,28.451162,24.273052,23.591742,20.406864,25.702696,23.014044,26.39437,25.508764,26.729357,29.260553,30.658333,31.715582,29.588964,32.33079,26.643549,29.564281,25.811398,28.941856
25,20.986906,17.5837,21.172037,17.049728,17.901058,21.62342,20.092602,25.04033,23.657566,29.740667,28.136766,32.60127,33.099354,30.490456,29.539785,24.464306,23.165628,18.978786,16.980873,13.995557,11.694583,10.0915,5.8248916,6.1744046,3.3226645,0.0,7.122706,6.232112,10.370475,11.553419,16.118359,16.512768,23.192078,24.382593,27.951166,30.587734,31.6954,30.99527,27.530594,24.416853,20.234478,20.246637,14.155645,14.801087,9.950211,8.709907,8.65708,7.119295,9.870198,11.107918,13.030242,15.530988,17.74644,18.752563,21.54977,21.841898,19.654335,23.182571,21.35576,25.401148,22.213669,26.622612,25.971012,31.108824,27.99698,30.392586,32.768944,31.808603,35.344448,35.228085,36.97078,36.544685,30.169798,33.07045,30.102163,27.060904,28.393524,23.821247,27.630016,23.39447,24.318348,26.37745,22.021801,20.245712,16.891802,19.161364,15.1508,18.970577,18.023422,21.63751,21.941319,26.821594,25.584124,21.539478,20.609678,17.276024,22.501303,19.718554,23.218435,22.301376,23.769434,26.412754,27.962273,29.151598,26.938082,30.040478,24.263094,27.475857,23.987095,27.212563
26,19.039724,15.146708,18.552483,15.175427,14.830987,19.798231,16.645609,22.465424,21.450718,27.410656,26.682575,31.343777,31.709856,29.816956,28.08242,23.579756,22.330427,17.944122,16.777851,12.992082,12.428336,10.207787,9.018609,9.540209,6.9960003,7.122706,0.0,6.8739104,8.713672,12.151285,14.650767,17.741268,23.033533,25.714085,28.704693,31.767939,33.339653,32.161465,29.322453,26.264048,22.392353,20.751492,15.894417,14.199067,11.758017,5.67546,9.438751,6.007935,5.549361,9.916361,11.523321,10.395603,14.545139,16.814386,17.957079,18.68387,16.12711,18.450277,16.019972,19.145565,16.32775,20.51817,19.903347,24.83653,21.987917,24.989136,27.63798,27.380941,30.904026,31.871677,32.88854,32.279507,26.432611,28.59737,26.10896,22.619715,24.208078,20.0535,23.50894,20.297752,21.129734,23.663925,20.036053,18.680668,16.845926,18.369911,16.721495,20.479792,20.563698,24.664396,25.167946,30.010227,29.554382,26.269169,24.869709,21.241617,25.56554,22.19682,24.512312,23.374256,23.370176,25.254665,26.173967,26.857946,25.105465,27.179798,22.113892,25.018585,21.225847,24.84429
27,19.04822,15.091636,17.351755,12.618091,12.720073,16.104704,14.115631,18.849234,17.468885,23.557493,22.202396,26.903032,27.059937,24.609524,23.438469,18.444656,17.298014,12.936358,11.6729965,8.508193,7.8742476,7.7078123,5.438407,8.966598,8.152085,6.232112,6.8739104,0.0,4.271821,5.9227467,9.996619,11.433863,17.426657,19.476511,22.628113,25.573587,26.880262,25.892845,22.828619,19.853643,15.769639,15.016828,9.754809,9.358446,7.076039,5.797071,8.162234,8.828299,11.5067005,13.830925,13.885859,15.474201,19.323923,19.8556,21.296251,20.937595,17.682821,20.46063,17.997288,22.12372,17.618383,22.10326,21.141396,26.364244,23.32078,25.00601,27.51545,26.565067,29.75185,29.547045,31.06235,30.546215,24.063652,27.118452,24.108742,21.311468,22.88329,18.530588,22.899466,18.912943,20.633934,23.365637,19.197306,16.632334,13.848425,14.688695,11.486441,14.637332,13.999285,18.0038,18.304705,23.236431,22.983368,19.737206,18.536846,15.213018,19.762266,17.299683,19.630707,19.766865,19.701899,22.783012,24.464268,24.8244,22.381021,24.820591,18.844223,21.557035,17.902262,21.011276
28,17.664423,13.508678,14.620285,9.781149,9.012993,12.367386,9.845162,14.733461,13.749159,19.815441,19.042715,24.045496,23.653543,21.48156,19.729975,15.03952,13.778934,9.330395,8.7557535,5.290764,6.9752474,7.773282,8.08206,11.830692,11.739563,10.370475,8.713672,4.271821,0.0,4.192439,6.1269126,9.501551,14.323329,17.2644,20.02757,23.166403,24.850311,23.680529,21.18966,18.555632,14.745922,13.224108,9.61823,7.7108006,8.9120865,7.024502,10.829519,11.80739,13.665699,16.706104,16.111238,16.453018,21.221983,21.80854,22.228374,21.6335,17.8124,19.644861,16.610226,20.320768,14.771702,19.164968,17.771347,22.912079,19.732803,21.002148,23.480804,22.538141,25.558144,25.40848,26.793007,26.30147,19.83314,23.035015,20.221067,17.61251,19.624355,15.719659,20.504877,17.131907,19.467796,22.732254,19.006832,16.061737,14.205661,13.629859,11.825278,13.981999,13.654671,17.706738,17.769106,22.673876,23.33559,20.772648,19.531023,16.483027,20.247469,18.153095,19.355886,20.263546,18.809052,22.011677,23.628593,23.205898,20.709595,22.23904,16.310396,18.267092,14.278382,17.217464
29,18.388678,14.654374,15.16053,9.881637,10.018025,11.446855,10.881595,14.325531,13.340937,19.216759,18.009039,22.97344,22.22061,19.518574,18.14437,13.125195,11.670936,7.6096363,6.342221,4.4806547,5.626448,8.208796,8.136502,12.506738,13.263562,11.553419,12.151285,5.9227467,4.192439,0.0,5.364541,5.629999,11.690428,13.641876,16.82818,19.728952,21.317616,20.489925,17.816435,15.4226,11.302855,11.168268,7.6016865,7.6083665,9.034493,10.239031,12.526085,14.506897,17.10033,19.502829,18.779606,20.227028,24.573141,24.616623,25.444109,24.52152,20.693245,22.82457,19.99876,23.979046,18.071741,22.338297,20.780191,25.7882,22.425312,22.998611,25.088182,23.564219,26.401756,25.284243,27.24289,26.971695,20.28533,24.147686,21.176844,19.248266,21.206045,17.440268,22.509956,18.815752,21.486542,24.638968,20.712439,17.27715,14.828041,13.869688,10.75741,11.9037285,10.49862,14.265776,13.7499695,18.954775,19.889215,17.269999,16.435799,13.942892,17.878155,16.79884,18.055666,19.939178,18.663202,22.60614,24.678719,24.135775,21.255133,23.009497,16.669586,18.256897,14.56724,16.726236
30,18.29248,14.565333,13.358005,8.607952,7.017272,7.539952,5.8836794,9.072397,8.795073,14.572393,14.381251,19.7236,18.198223,16.063305,13.707704,9.2607565,7.756965,3.319986,5.009347,4.112748,8.447209,11.006472,12.690924,16.733728,17.490465,16.118359,14.650767,9.996619,6.1269126,5.364541,0.0,6.451474,8.643212,12.5542555,14.694846,17.95764,20.047606,18.811384,17.172495,15.357081,12.179595,10.484583,10.05226,7.894503,12.498227,12.417436,15.787893,17.688175,19.516481,22.509779,21.226686,21.381844,26.494808,26.63723,26.356539,25.245716,20.993444,21.95947,18.672354,21.95231,15.156066,18.975689,16.970411,21.64997,18.384672,18.168325,20.278767,18.884857,21.309193,20.360706,21.938957,21.612703,14.930678,18.970816,16.285812,14.759527,17.271431,14.384226,19.728176,17.075565,20.331549,23.9782,20.78473,17.203846,16.114313,13.640534,12.889012,12.856429,12.396266,15.871555,15.343914,19.965958,21.974754,20.43058,19.412724,17.226265,19.848515,18.966846,18.743145,21.224043,18.275684,22.038872,23.875216,22.36804,19.587593,19.981018,14.050665,14.350562,10.238876,12.001778
31,19.947994,16.906494,15.95143,11.024993,11.56139,9.95325,11.866225,12.84841,12.395441,17.334959,16.096546,20.947395,19.192938,16.022427,14.769434,9.926872,8.085863,5.921734,4.6736655,6.731361,8.135282,11.806459,12.409025,16.668644,18.190918,16.512768,17.741268,11.433863,9.501551,5.629999,6.451474,0.0,7.458514,8.048755,11.654698,14.236408,16.058481,15.705172,13.410048,12.0239935,8.129176,9.865685,8.925386,10.1132145,12.959054,15.6474905,17.357922,19.96543,22.728207,24.930872,23.893684,25.638306,29.997755,29.63287,30.332716,29.041952,25.04787,26.911901,24.081818,27.947407,21.418133,25.294556,23.394224,27.989388,24.485401,24.0037,25.506657,23.347374,25.704897,23.379942,25.949081,26.003815,19.3861,23.997074,21.151701,20.306946,22.37437,19.331955,24.619572,21.189537,24.37972,27.579342,23.872732,19.990473,17.692163,15.678315,12.543119,11.443111,8.870192,11.46789,9.551813,14.983449,17.188728,15.265561,15.11153,13.940864,17.06098,17.649994,18.09009,21.470882,19.625349,24.204746,26.624937,25.491661,22.307823,23.601015,17.291092,17.67615,14.512202,15.166278
32,23.64052,20.84,18.053226,14.25924,13.371212,9.311887,11.107141,8.128836,8.135071,11.065991,10.543917,15.336983,12.161284,9.16618,7.501526,3.2906628,3.2106702,5.402192,8.454318,11.267784,14.45728,17.953804,19.385283,23.63287,24.912632,23.192078,23.033533,17.426657,14.323329,11.690428,8.643212,7.458514,0.0,6.0246243,6.2054744,9.727939,11.904614,10.760241,10.4667225,10.575777,9.323919,9.241192,12.786965,12.453412,17.795681,20.163555,22.278301,25.317932,27.782785,30.123787,28.236149,29.348215,34.181618,33.458454,33.128548,31.38535,27.073055,27.878756,24.986692,28.297226,21.304708,24.283302,22.26106,26.087164,23.366232,21.211414,22.630346,20.600843,21.626022,18.772635,20.739658,20.620804,14.375193,19.200151,16.550882,17.125648,19.193455,17.609858,22.740725,20.452827,24.226961,27.654345,24.87055,20.819075,19.91741,16.239742,15.6107855,12.6906395,11.607086,12.971564,11.592105,14.845649,18.659342,18.771063,18.305822,17.814774,18.669989,19.943537,18.31559,22.791336,19.091421,23.583965,25.901554,23.591084,20.470413,20.235603,14.873933,13.146471,10.918762,9.472424
33,24.374357,22.243666,19.734465,16.09481,16.615282,12.165138,16.063236,13.703004,14.134486,16.517344,15.58856,19.565706,16.176266,12.689894,11.816307,9.071818,7.631679,9.924283,10.055474,13.634381,15.178332,18.930063,20.038652,24.061089,26.014643,24.382593,25.714085,19.476511,17.2644,13.641876,12.5542555,8.048755,6.0246243,0.0,5.015495,6.3441315,9.079354,9.907292,9.413404,10.814431,9.391536,12.500233,14.813952,16.242346,20.044281,23.40141,24.84814,27.898607,30.71319,32.819202,31.40959,33.237675,37.69995,36.95108,37.34998,35.683807,31.551023,32.96256,30.17031,33.739986,26.787045,30.005981,27.83492,31.681044,28.305021,26.490643,27.196894,24.451704,25.81893,21.939455,25.082829,25.561852,19.740208,24.866068,22.480421,23.136066,25.165714,23.321007,28.4522,25.66736,29.27221,32.44376,29.23127,25.113337,23.321608,20.327765,17.979612,14.827796,12.084307,12.024077,8.483729,12.27291,16.656063,16.476805,17.152166,17.76779,19.094326,21.530361,20.701096,25.516329,22.917414,27.795343,30.422562,28.528034,25.244057,25.672012,20.15312,18.80752,16.877726,15.283868
34,28.176926,25.89576,22.845276,19.45798,19.130129,14.317943,17.15128,13.073339,13.055628,13.675498,12.639502,15.80607,11.985517,8.4987335,8.92774,7.7035894,8.438196,11.5492525,13.532593,16.853085,19.250784,22.956804,24.055166,28.260769,29.815285,27.951166,28.704693,22.628113,20.02757,16.82818,14.694846,11.654698,6.2054744,5.015495,0.0,3.9529383,5.9814224,5.7983623,7.314187,9.852352,10.503098,12.31603,16.58648,17.431309,22.207026,25.704,27.087406,30.578552,33.432785,35.36415,33.340878,35.140484,39.681194,38.517956,38.426575,36.426693,32.22528,33.209095,30.605417,34.057827,27.176876,29.901144,27.963247,31.433174,28.898026,26.168673,27.122005,24.765436,25.145754,21.233913,23.525286,23.629568,18.29865,23.040222,20.593126,22.005062,23.619785,22.493736,27.245247,24.959356,28.715609,31.811104,29.132158,25.015636,23.92581,20.229366,19.155981,15.190732,13.549945,12.889789,10.768544,12.179641,17.171846,18.417128,18.604511,19.444532,19.278473,22.016655,20.013182,25.339191,21.907671,26.629368,29.207903,26.799637,23.621166,23.44525,18.73987,16.544815,15.714186,13.168656
35,29.589413,27.781904,24.578434,21.606764,21.770771,16.590162,20.405958,16.308676,16.86017,16.99941,16.267578,18.90347,14.66111,11.518639,11.711923,11.47471,11.410007,14.883724,15.964124,19.582867,21.448832,25.178135,26.374258,30.400791,32.32042,30.587734,31.767939,25.573587,23.166403,19.728952,17.95764,14.236408,9.727939,6.3441315,3.9529383,0.0,4.740073,6.8075757,9.092821,12.458111,13.248241,15.961315,19.805298,21.08396,25.424507,29.08637,30.371672,33.77515,36.655502,38.62106,36.81111,38.706528,43.20956,42.106277,42.20031,40.23792,36.064102,37.128094,34.48185,37.864876,30.886822,33.573395,31.445986,34.723694,31.85183,29.097866,29.504564,26.74648,27.099533,22.52119,25.448387,25.981516,21.17197,26.080227,24.016891,25.660643,27.389122,26.420113,31.151146,28.90173,32.644382,35.689552,32.95576,28.829199,27.530622,24.00637,22.477865,18.47551,16.32484,14.976224,11.984665,12.926919,18.270203,19.606579,20.409033,21.834084,21.712965,24.983316,23.193857,28.655668,25.533785,30.314468,32.95915,30.57132,27.396484,27.188717,22.649357,20.296917,19.55381,16.724783
36,33.360485,31.232386,28.415737,24.931684,24.892828,20.164783,22.972797,18.817972,18.158165,18.027405,16.104845,17.632923,14.745033,11.374558,13.873325,13.131608,14.386216,17.089437,18.768345,22.056673,23.882935,27.647114,28.107653,32.269287,33.80175,31.6954,33.339653,26.880262,24.850311,21.317616,20.047606,16.058481,11.904614,9.079354,5.9814224,4.740073,0.0,3.7235868,6.2060714,10.285537,12.448125,15.3819895,19.654627,21.454529,25.480925,30.056286,30.58334,34.552647,37.87089,39.207863,37.004395,39.67152,43.75533,42.056534,42.322582,40.07935,36.092754,37.450382,35.242306,39.063614,32.4636,35.178646,33.527584,37.008083,34.79035,31.868265,32.861885,30.503801,30.569746,26.362776,28.537931,28.538837,23.654125,28.024685,25.392807,27.017927,28.056988,26.889526,31.264019,28.677608,32.240604,34.88481,32.201313,28.13509,26.753407,23.34246,21.775288,17.308933,15.463795,13.121915,11.188693,9.8389225,15.2912855,17.712025,18.371067,20.354734,19.191147,23.08798,21.015333,26.751617,23.986603,28.781446,31.587826,29.421839,26.242826,26.613104,22.336697,20.487501,20.55937,18.02698
