,0,1,2,3,4,5,6,7,8,9,10,11,12,13,14,15,16,17,18,19,20,21,22,23,24,25,26,27,28,29,30,31,32,33,34,35,36,37,38,39,40,41,42,43,44,45,46,47,48,49,50,51,52,53,54,55,56,57,58,59,60,61,62,63,64,65,66,67,68,69,70,71,72,73,74,75,76,77,78,79,80,81,82,83,84,85,86,87,88,89,90,91,92,93,94,95,96,97,98,99,100,101,102,103,104,105,106,107,108
0,0.0,3.9397943,5.5862217,9.598145,11.480393,14.831326,17.392183,20.138943,25.015116,26.3156,30.806513,35.00517,38.196922,37.71263,35.863544,31.99413,29.646065,26.491503,24.725079,21.444138,19.058891,18.450308,12.8845825,13.912178,14.942591,11.502499,15.307295,15.379604,18.55591,19.86457,23.315804,25.845354,29.054327,35.48187,36.805397,39.191166,42.56761,43.775948,41.697594,38.32719,33.922726,35.273643,30.140383,31.23316,25.936024,25.28998,21.034138,20.27905,15.626984,16.86182,18.003414,22.26024,22.53812,27.006422,30.015375,30.265026,33.808136,31.933414,34.854218,39.02635,35.43726,32.5992,30.553606,26.417374,26.043207,20.915365,24.285845,18.494183,21.953356,19.276003,19.339094,21.931677,22.172405,22.500593,26.962496,28.816017,32.01053,35.04786,35.69209,40.07104,41.392673,39.95811,40.584553,38.794125,34.806953,32.275654,29.379726,26.471678,21.848867,21.524418,19.529018,20.453205,21.468842,21.454288,22.934374,25.404945,26.232677,25.424751,25.108646,21.997162,24.654898,21.618021,21.037642,25.957626,26.303051,30.850794,30.981081,34.85448,36.40936
1,3.9397943,0.0,4.661378,7.2131886,8.641711,12.295352,14.104576,17.443632,21.902277,23.294615,27.746056,31.77164,35.154926,34.339996,32.348995,28.476759,26.100483,22.786974,21.14626,17.659544,15.5187,14.6979885,9.100883,10.988158,12.435869,10.237768,13.451003,14.512311,16.756464,17.45006,21.173235,23.113876,26.453413,32.68281,33.767044,36.388992,39.598858,41.022182,39.12523,35.641994,31.27045,32.877445,27.9224,28.769783,23.708788,23.730679,19.223713,19.354326,14.303433,16.648832,18.051825,21.944162,21.317211,26.242783,28.649565,28.669611,32.03365,29.807411,32.454197,36.652077,32.816166,29.870949,28.048922,24.0709,23.607409,19.056456,21.748209,16.299915,19.13871,16.32082,15.794165,18.173347,18.253077,18.6032,23.030712,24.978033,28.124094,31.233076,31.944275,36.28012,37.73708,36.501457,37.097557,35.498215,31.447475,29.008167,26.016066,23.319777,18.640568,18.890718,17.29964,18.879074,20.54906,20.776241,22.752924,24.564293,24.954763,23.995117,23.002264,19.926357,21.852987,18.667826,18.302391,23.02754,23.317247,28.287598,28.138288,32.073196,33.672527
2,5.5862217,4.661378,0.0,5.1873283,6.537274,9.46351,12.620579,14.819808,19.888763,21.157738,25.597898,29.994478,32.93164,32.77615,31.161804,27.344154,25.07895,22.288397,20.498852,17.903568,15.588715,16.400202,10.812092,13.477317,13.461592,10.951803,13.282978,12.618818,15.080286,15.579265,19.881712,21.44201,25.503187,31.31263,33.24789,35.302704,38.753628,40.282112,38.021908,34.94795,30.656097,31.316814,26.32666,26.859045,21.288157,21.198063,16.600498,16.533783,11.280279,13.070852,13.781693,17.858294,17.370815,22.40701,24.849842,25.387144,28.89641,26.706657,29.693012,33.698174,30.05514,27.342138,25.041756,20.87839,20.549757,15.3860445,19.163761,13.68377,17.67276,15.957337,16.284313,19.002285,19.644026,19.79159,24.211914,25.85759,28.755234,31.680357,31.840689,36.35281,37.127937,35.70181,36.734608,34.84588,30.840843,28.794601,25.302357,23.220427,18.579216,18.686075,17.504211,18.331575,20.491,19.6539,22.223639,24.511518,24.54811,24.359806,23.017685,20.79625,22.581432,20.364756,21.03661,25.24204,24.969772,29.925016,28.886528,33.082394,34.1136
3,9.598145,7.2131886,5.1873283,0.0,5.183229,7.409102,8.841356,12.449911,16.12829,18.306423,21.772827,26.888979,29.547249,29.006847,27.553427,23.277248,21.689373,18.676453,17.77954,15.2888155,14.113419,15.042166,10.003261,14.556682,15.047307,14.234525,15.520455,15.521627,16.569235,15.615401,20.750284,20.617273,25.50184,30.41989,32.38962,34.586502,37.780228,39.854576,37.7698,34.75485,30.64368,31.190788,26.636421,26.350164,20.930483,22.137184,17.175209,18.491302,12.842547,15.578358,15.633114,19.2113,17.203691,23.201372,24.339733,25.253265,28.487097,25.44504,28.164927,31.8116,27.60662,25.049595,22.207739,18.292295,17.100246,12.541002,14.763362,9.104774,12.567316,10.843339,11.655882,14.727587,16.207462,17.256672,21.168425,23.365131,25.70835,28.936602,28.908247,33.35785,34.00276,33.309746,34.66572,33.168858,29.041014,27.607185,23.449978,22.53808,17.937204,19.277775,19.027943,20.52422,23.515942,22.688644,25.835167,27.51066,26.952402,26.765003,24.44156,22.560808,23.044214,20.832315,21.812819,25.547571,25.169783,30.744827,29.090715,33.37672,34.330196
4,11.480393,8.641711,6.537274,5.183229,0.0,3.776927,6.617308,8.8043165,13.813905,14.836839,19.610245,23.563034,26.764359,26.45143,24.718597,21.139736,18.600584,16.020277,14.057951,11.980151,9.869303,12.1142,7.603013,11.820082,11.092212,11.1462755,11.1620455,11.429753,11.61787,10.483123,15.59334,15.668324,20.362345,25.517252,27.523987,29.625427,32.92396,34.83343,32.691452,29.679375,25.544437,26.109615,21.495504,21.403107,16.104101,17.324018,12.363007,14.171444,8.601924,12.416314,13.488363,16.311047,14.002267,19.680872,20.921612,21.057138,24.220793,21.471895,24.060242,28.106705,24.187763,21.308363,19.463745,15.528496,15.4419775,11.506915,14.680707,10.72059,13.9055195,13.162166,12.509031,14.606534,15.039892,14.593861,18.885841,20.16883,22.846148,25.607462,25.499832,30.05889,30.631422,29.255274,30.453485,28.658188,24.605556,22.947765,19.022335,17.740726,13.185652,14.296364,14.354332,15.810004,19.286657,18.35636,21.906858,23.171417,22.232218,22.259192,19.548985,18.161736,18.41609,16.927584,18.823835,21.968742,21.139196,26.546825,24.418985,28.795477,29.481941
5,14.831326,12.295352,9.46351,7.409102,3.776927,0.0,5.270659,5.378301,10.906973,11.762874,16.501677,20.683321,23.527073,23.694662,22.291803,18.865473,16.47507,14.574068,12.643764,11.877781,10.178859,13.791362,10.413012,14.708397,13.269605,13.7891445,12.737708,12.133896,11.4205675,9.215529,14.914625,13.719395,19.265558,23.546581,26.241219,27.886354,31.241316,33.402157,31.073404,28.455692,24.554878,24.293547,19.968155,19.227913,13.718636,15.600441,10.613019,13.199693,7.972543,11.784977,12.196001,14.305242,11.013565,17.14728,17.635092,18.144081,21.219204,18.1335,20.824522,24.654005,20.709652,18.006062,15.802724,11.79136,11.882741,8.127237,11.926946,9.1338,12.634932,13.299534,13.0747,15.020549,15.849699,15.233047,19.087069,20.028542,22.254482,24.76674,24.109455,28.718851,28.65553,27.25728,28.889593,26.9774,23.011225,21.94793,17.480608,17.269312,13.155417,14.560363,15.415389,16.47661,20.480719,18.898115,22.961405,24.140139,22.683992,23.270597,19.979286,19.507717,19.096962,18.532707,21.173042,23.61101,22.335552,27.69612,24.700851,29.175682,29.347267
6,17.392183,14.104576,12.620579,8.841356,6.617308,5.270659,0.0,6.087281,7.8753796,10.118459,13.71052,18.246529,21.282484,20.37705,18.749031,14.725394,12.862084,10.159132,9.501143,8.393411,8.67113,11.646985,9.74614,15.0369625,14.687513,16.594585,15.38041,16.331999,14.645034,11.49017,16.970701,14.235992,19.855518,23.311743,25.337791,27.545164,30.389994,33.049904,31.207277,28.394625,24.715569,25.063038,21.395618,20.044891,15.548227,18.71258,13.960772,17.516659,12.673413,16.899343,17.34963,19.04763,14.893658,21.127874,20.387865,20.721626,23.205212,19.335669,21.241411,24.762978,20.101913,17.384285,15.258791,12.082073,11.06295,9.668142,9.773919,8.2094,9.096691,9.684546,8.557865,10.064925,11.326173,11.547947,14.741113,16.36913,18.085308,21.049215,20.499992,24.988848,25.24912,24.790102,26.469452,25.218428,21.092487,20.498104,15.623598,16.485764,12.622728,15.536409,17.05129,19.140228,23.38147,22.50395,26.534212,26.93614,25.22026,25.321907,21.407194,20.797789,19.10417,18.120806,20.623138,22.605196,21.472485,27.363688,24.22301,28.563337,28.971533
7,20.138943,17.443632,14.819808,12.449911,8.8043165,5.378301,6.087281,0.0,6.8843083,6.5637608,11.9310665,15.534378,18.353779,18.920925,17.704773,14.92119,12.321282,11.660157,9.576239,10.939781,10.036324,14.948697,13.49922,17.575092,15.570842,17.266514,14.863424,14.355033,11.898493,8.094512,13.710035,10.181422,16.598783,19.41168,22.698788,23.921751,27.171576,29.719872,27.355776,25.165823,21.702293,20.681452,17.0947,15.323364,10.284368,13.756778,9.389602,13.498093,9.889732,13.731203,14.011092,14.422132,9.577076,15.545397,14.393531,14.702945,17.22858,13.481149,15.818206,19.523514,15.403964,12.661629,10.82938,7.163661,8.220685,7.3030066,10.288655,10.720541,12.947758,15.089513,14.46903,15.49397,16.191116,14.932021,17.969568,18.14213,19.753626,21.724,20.403477,24.981354,24.213081,22.705917,24.77943,22.80935,19.008463,18.7813,13.749486,15.166301,12.109482,14.156647,16.22206,17.20069,21.814625,19.942228,24.476503,24.990444,22.76332,23.80512,19.603422,20.308062,18.62735,19.267687,22.820116,24.068115,22.232473,27.447123,23.324915,27.772963,27.316496
8,25.015116,21.902277,19.888763,16.12829,13.813905,10.906973,7.8753796,6.8843083,0.0,4.6558433,5.8616195,11.294281,13.542325,13.083529,12.248457,8.559515,7.7964277,7.7263618,8.467446,11.053085,12.675036,16.76316,16.816067,21.567509,20.47659,23.04137,20.647192,21.029024,18.08314,13.807501,18.720268,13.248183,19.56207,20.230284,23.154842,24.57258,27.047464,30.424229,28.586384,26.63036,23.83963,22.879112,20.620722,17.699669,14.459683,19.162313,15.536272,20.07812,16.756788,20.546997,20.354225,20.446629,15.003392,20.720531,17.709143,18.38775,19.840982,14.986244,16.05967,18.57964,13.384678,11.2783375,8.721139,7.4156165,6.0864444,9.697899,7.233785,11.108158,10.266762,13.635221,13.007083,13.197811,14.727076,14.540162,15.783854,16.460682,16.574192,18.73209,16.839151,21.089327,19.862925,19.946453,22.63935,21.59571,17.90768,19.082415,13.3816805,17.17043,15.10512,18.495289,21.197172,22.883896,27.65254,26.204935,30.736242,30.639275,28.098162,28.865105,24.062061,24.890198,21.85576,22.38466,25.83582,26.364698,24.578058,30.116585,25.542164,29.696995,29.186373
9,26.3156,23.294615,21.157738,18.306423,14.836839,11.762874,10.118459,6.5637608,4.6558433,0.0,6.962998,8.971461,12.178332,12.671521,11.533351,9.882672,7.1329865,8.737313,7.4264812,11.31663,12.031157,17.018448,17.615263,21.458984,19.524,22.363024,19.189657,19.417566,15.760405,11.306763,15.430002,9.239029,15.595319,15.79386,19.266224,20.241718,22.951397,26.193375,24.146276,22.421663,19.783796,18.319698,16.326626,13.129008,10.440948,15.566277,12.741918,17.614052,15.455583,19.19285,19.520496,18.724142,13.303849,18.027534,14.860036,14.609187,15.7445135,11.076017,11.880094,15.060881,10.273684,7.4106536,7.150248,6.295402,7.8395576,11.329391,11.242988,14.691133,14.763463,17.76723,16.545477,16.321543,16.764847,15.132619,16.592794,15.945366,16.394423,17.632263,15.448169,19.79097,18.18935,16.995464,19.681726,18.041597,14.525669,15.77424,10.167507,14.267985,13.047933,15.989475,19.095715,20.369034,25.254515,23.604233,28.256191,27.84598,24.95868,26.100441,21.075783,22.702517,19.456001,21.022305,25.11551,25.01114,22.78482,27.779465,22.635326,26.761751,25.749823
10,30.806513,27.746056,25.597898,21.772827,19.610245,16.501677,13.71052,11.9310665,5.8616195,6.962998,0.0,7.831213,8.233766,8.302884,8.952821,6.4742236,8.0183735,10.2607355,11.917241,15.555533,17.622652,21.700842,22.45945,27.018194,25.757875,28.556774,25.780214,25.951088,22.60492,18.182123,22.363329,15.908078,21.864836,20.3478,23.6732,24.42785,26.386225,30.247015,28.549316,27.338148,25.38167,23.5855,22.570122,18.768854,16.912123,22.069744,19.398022,24.075293,21.608547,24.996744,24.445452,23.719976,18.039461,22.896023,18.472633,19.42148,19.868935,14.652418,14.678921,15.709159,10.278922,9.527303,6.922929,8.716393,7.485709,13.3561735,9.753395,15.475186,13.812773,17.902029,17.56874,17.216505,18.818724,18.64771,18.635155,18.802633,17.687717,19.062061,16.251757,19.800074,17.235847,18.12428,21.585882,20.92486,17.961626,20.461994,14.910355,20.182383,19.274456,22.69256,25.813814,27.296036,32.173065,30.508755,35.17395,34.79753,31.880537,32.949387,27.823332,29.323023,25.675404,26.861956,30.601332,30.387503,28.358522,33.548187,28.326935,32.163868,31.115921
11,35.00517,31.77164,29.994478,26.888979,23.563034,20.683321,18.246529,15.534378,11.294281,8.971461,7.831213,0.0,5.5115705,5.647071,5.2310877,8.310467,7.3219247,11.680826,12.049938,16.74156,18.558369,22.818922,25.02071,28.409067,26.621656,30.227299,26.578176,27.325558,23.030014,18.708448,21.01793,14.03145,18.273539,14.491719,17.586359,17.923664,19.272356,23.42812,22.116653,21.385174,20.40807,18.51541,19.111149,14.889957,15.784177,21.1903,19.993763,24.903074,23.846775,27.387571,27.749893,26.092533,20.74247,23.939745,19.356745,18.54554,17.741247,13.329229,11.298508,12.311995,7.939508,6.95815,9.985197,12.753347,13.917242,19.266548,17.235086,22.281998,20.758915,24.099276,22.495003,21.13278,21.21829,19.4614,18.780432,17.110706,15.635841,15.212013,11.668083,14.650593,11.033869,10.807497,14.66234,13.986663,11.948429,15.606567,11.148898,17.450077,18.452135,21.625652,25.290295,26.692665,31.51194,30.143597,34.69095,33.379025,29.980759,31.165398,25.702337,28.139095,23.625206,26.010237,30.331264,28.75565,26.279055,30.53499,24.587288,27.850729,26.140776
12,38.196922,35.154926,32.93164,29.547249,26.764359,23.527073,21.282484,18.353779,13.542325,12.178332,8.233766,5.5115705,0.0,5.540738,8.186456,10.58565,11.791271,15.777392,16.819784,21.33312,23.2137,27.552477,29.19907,33.031483,31.224503,34.409973,30.925873,30.988258,27.011679,22.695547,25.401056,18.447393,23.066507,18.714268,22.421917,21.978832,23.159636,27.353651,25.871592,25.850132,25.217936,22.370737,23.228163,18.742899,19.244356,24.460285,23.36626,28.035027,27.010513,30.024645,29.636602,27.751844,22.316149,25.346998,19.893492,20.198957,19.06078,14.494455,12.541042,11.375535,7.355186,8.806906,9.717464,13.63439,14.176438,20.192434,17.620377,23.511261,21.96738,26.029322,25.309631,24.343521,25.208813,24.157757,23.337748,22.200243,20.314487,20.030432,16.3524,18.592175,14.107879,14.877055,19.045532,18.561022,17.144398,20.98807,16.592037,22.782618,23.488234,26.511087,30.073551,31.153587,36.003094,34.174015,38.854965,37.920845,34.51371,36.00798,30.636019,33.16288,28.912018,31.23851,35.503677,34.170414,31.720709,35.99833,29.992397,33.230633,31.315294
13,37.71263,34.339996,32.77615,29.006847,26.45143,23.694662,20.37705,18.920925,13.083529,12.671521,8.302884,5.647071,5.540738,0.0,3.7171214,6.7686043,9.155385,12.821264,14.985894,19.087166,21.804287,25.288734,27.63679,31.556309,30.423935,34.10643,30.830402,31.834084,27.757217,23.320438,26.123554,19.200888,23.479748,19.698565,21.972092,22.681763,23.343596,27.749006,26.91909,26.174212,25.392155,23.965954,24.650658,20.508837,21.104559,26.547329,24.87527,29.818932,28.109697,31.770905,31.773405,30.50481,24.934378,28.722166,23.845764,23.721724,22.952528,18.303276,16.405231,16.285145,11.927518,11.979546,12.952986,15.984735,15.69691,21.575085,17.678804,23.321997,20.586134,24.071676,22.749329,21.149612,21.846745,21.18451,19.461256,18.664083,16.063175,16.02653,12.48603,14.428758,10.562356,13.228677,17.06939,17.598309,15.850631,19.710037,15.396629,21.748634,22.462784,26.144823,29.725098,31.529032,36.36503,35.198643,39.726738,38.42753,35.141594,36.027584,30.54369,32.534565,27.806402,29.548527,33.431774,31.931463,29.768543,34.343296,28.704445,31.756655,30.383116
14,35.863544,32.348995,31.161804,27.553427,24.718597,22.291803,18.749031,17.704773,12.248457,11.533351,8.952821,5.2310877,8.186456,3.7171214,0.0,5.415947,6.3778543,10.11069,12.15581,16.181044,19.026506,22.237253,25.070742,28.690613,27.695965,31.686214,28.373404,29.917427,25.697338,21.328358,23.856544,17.126852,20.976034,17.742922,19.278917,20.657793,21.298237,25.63806,25.028563,23.768528,22.778368,22.184898,22.685785,18.878717,19.67873,25.11057,23.337795,28.36245,26.573378,30.56912,31.046574,29.977133,24.522274,28.407467,24.103157,23.36962,22.815655,18.353964,16.486393,17.393858,12.9753475,11.992219,13.8182125,16.133059,16.12709,21.479502,17.884073,22.87463,20.074192,22.963995,20.9626,18.982048,19.082285,18.008139,16.140602,15.033347,12.468659,12.3962755,8.915382,11.408031,8.430407,10.929218,14.367145,15.043497,12.88873,16.53645,12.353208,18.636024,19.524181,23.376646,26.971458,29.069153,33.830666,33.046818,37.430065,35.862724,32.631546,33.22875,27.730915,29.551674,24.615795,26.263315,30.092012,28.403048,26.287842,30.880209,25.386757,28.390503,27.258247
15,31.99413,28.476759,27.344154,23.277248,21.139736,18.865473,14.725394,14.92119,8.559515,9.882672,6.4742236,8.310467,10.58565,6.7686043,5.415947,0.0,5.1019883,6.909567,10.351884,13.52421,16.79319,19.652927,21.789852,26.137373,25.652115,29.290024,26.574043,28.083061,24.409025,19.998995,23.629404,17.282724,22.150848,20.660048,22.300848,24.136576,25.340046,29.418919,28.531572,26.744816,24.935791,24.65557,23.993378,20.52917,19.713385,25.023785,22.256811,27.184238,24.412754,28.521898,28.70438,28.370453,22.832556,27.748549,23.85397,23.819567,24.089449,19.19662,18.427351,19.820086,14.636419,13.285081,12.948088,14.257196,13.044396,18.00331,13.401768,18.169403,14.835329,17.717606,16.051336,14.39335,15.384721,15.447531,13.963542,14.366825,12.261088,13.924499,11.432143,14.659681,13.186525,15.570274,18.508982,18.927122,15.890936,18.49277,13.459869,18.959345,18.527155,22.684124,25.920092,28.25639,33.032154,32.26065,36.653034,35.582058,32.70256,33.073353,27.785698,28.854986,24.424667,25.128708,28.49251,27.740635,25.989115,31.307056,26.417002,29.853424,29.302896
16,29.646065,26.100483,25.07895,21.689373,18.600584,16.47507,12.862084,12.321282,7.7964277,7.1329865,8.0183735,7.3219247,11.791271,9.155385,6.3778543,5.1019883,0.0,4.411824,5.902313,9.994825,12.743961,16.189627,18.739017,22.436285,21.5013,25.427608,22.317009,24.119226,20.096832,15.758239,18.850264,12.605023,17.140236,16.319637,17.800634,19.922422,21.49349,25.281155,24.282093,22.139736,20.027437,20.168465,19.251848,16.12422,15.582225,20.821936,18.285067,23.282593,20.930817,25.250011,26.079292,25.576534,20.317911,24.819555,21.573063,20.643448,21.040398,16.610825,15.868474,18.398626,13.55453,11.122763,12.425543,13.012651,13.149776,17.256151,14.549017,18.297546,16.086388,18.352331,15.895384,14.12972,13.904339,12.406797,11.79888,11.016288,10.061827,11.362002,9.077345,13.316282,12.4991255,12.97482,15.438038,15.192582,11.63673,13.697847,8.441133,13.90003,13.766221,17.842936,21.23169,23.559294,28.31546,27.701986,32.022194,30.701159,27.75431,28.113934,22.767872,24.047924,19.511572,20.665766,24.431555,23.41076,21.405293,26.557447,21.494728,25.074684,24.468666
17,26.491503,22.786974,22.288397,18.676453,16.020277,14.574068,10.159132,11.660157,7.7263618,8.737313,10.2607355,11.680826,15.777392,12.821264,10.11069,6.909567,4.411824,0.0,4.589512,6.657835,10.260795,12.750695,15.275485,19.353535,19.162697,23.083628,20.564205,22.91372,19.369265,15.298096,18.915016,13.73446,18.230513,19.100052,19.888447,22.678654,24.37424,27.840162,26.935272,24.20263,21.520624,22.56247,20.802073,18.411777,16.919558,21.695974,18.388634,23.143732,19.9314,24.542202,25.522955,25.80104,20.79696,25.947174,23.485416,22.707056,23.718761,19.39136,19.301674,22.232792,17.278843,14.62769,14.915165,14.380122,13.798044,16.707588,13.698431,16.197733,13.578549,14.884174,11.834301,9.835053,9.55487,8.720548,8.472263,9.1597,8.99163,11.756355,10.81524,15.086622,15.636562,16.385155,18.110193,18.017534,14.101496,14.955783,9.994972,13.784765,12.499192,16.930998,19.867386,22.701628,27.27759,27.087156,31.18427,30.022467,27.483095,27.339487,22.3007,22.665932,18.463089,18.503164,21.665825,21.316523,19.78086,25.493803,21.2827,24.994211,25.11792
18,24.725079,21.14626,20.498852,17.77954,14.057951,12.643764,9.501143,9.576239,8.467446,7.4264812,11.917241,12.049938,16.819784,14.985894,12.15581,10.351884,5.902313,4.589512,0.0,4.818683,6.8727503,10.793797,13.323527,16.629074,15.621295,19.698862,16.659258,19.06073,15.165355,11.158291,14.361753,9.495783,13.875418,15.811389,16.794575,19.55985,21.776749,24.805105,23.600279,20.660812,17.573734,18.753645,16.507996,14.5964985,13.015171,17.535498,14.441309,19.193165,16.4957,21.186167,22.718586,22.75255,18.136457,22.753757,20.961155,19.487658,20.689606,16.959248,17.108742,20.846256,16.442667,13.199738,14.505555,13.362728,14.04939,16.071043,15.136852,16.850468,15.736515,16.819714,13.689805,12.218284,10.949312,8.136672,9.715931,8.84985,10.347268,12.25535,11.522449,16.133959,16.701456,15.710085,17.030489,16.050493,11.8786545,11.77584,6.711439,9.611922,8.215887,12.505562,15.639059,18.300697,22.940348,22.707052,26.82462,25.568167,22.938597,22.95203,17.846397,18.536695,14.430336,15.1376095,18.935415,18.474895,16.553242,22.070515,17.603031,21.615013,21.56639
19,21.444138,17.659544,17.903568,15.2888155,11.980151,11.877781,8.393411,10.939781,11.053085,11.31663,15.555533,16.74156,21.33312,19.087166,16.181044,13.52421,9.994825,6.657835,4.818683,0.0,4.2601547,6.286582,9.212048,12.737008,12.822966,17.011015,14.807261,18.127752,14.999364,11.8393955,15.170831,12.329224,15.88056,19.43469,19.534382,22.895494,25.093351,27.701147,26.68514,23.202614,19.668825,21.884232,18.928923,17.991688,15.739979,19.332,15.62941,19.746439,16.208242,21.112196,22.961721,23.87967,19.854673,24.845448,24.002676,22.61793,24.324696,20.888788,21.491478,25.432251,21.022305,17.758615,18.358767,16.447924,16.550983,17.160568,16.303732,16.320194,15.16788,14.775979,10.882518,9.365436,7.190184,4.0876327,7.6146154,8.271816,10.948464,13.804558,14.293306,18.637045,20.290752,19.61426,20.24781,19.508772,15.325376,14.055476,10.2781105,10.505131,7.583247,11.9433365,14.207652,17.55752,21.76091,22.215063,25.88302,24.746943,22.713633,22.005962,17.499336,16.874065,13.388686,12.409108,15.34117,15.823294,14.59207,20.677042,17.521862,21.516277,22.377033
20,19.058891,15.5187,15.588715,14.113419,9.869303,10.178859,8.67113,10.036324,12.675036,12.031157,17.622652,18.558369,23.2137,21.804287,19.026506,16.79319,12.743961,10.260795,6.8727503,4.2601547,0.0,5.6201854,7.277804,9.861776,8.916275,13.1297245,10.5837145,14.064265,10.998766,8.464506,11.6048,10.4254265,13.597892,18.599607,19.012554,22.122347,24.828684,26.87403,25.493282,21.9059,17.92589,20.150534,16.42188,16.318615,13.470114,16.15935,12.413177,16.080324,12.744225,17.659845,20.045446,21.01866,17.69293,22.225452,22.331947,20.58826,22.669695,19.922638,20.99582,25.424091,21.538357,18.067936,18.907152,16.386314,17.252455,16.732397,17.677444,16.830149,17.103893,16.616634,13.2251215,12.600944,10.472132,6.960816,11.285796,11.0431185,14.368914,16.579153,17.052639,21.459208,22.91169,21.176075,21.579294,20.125366,16.02694,13.856286,10.72015,8.861816,4.574749,8.21271,10.159845,13.405442,17.602379,18.017519,21.65576,20.719633,18.837158,18.221802,13.974508,13.216226,10.628226,9.862947,13.288295,14.3063,12.868912,18.71336,15.780621,20.068863,20.88796
21,18.450308,14.6979885,16.400202,15.042166,12.1142,13.791362,11.646985,14.948697,16.76316,17.018448,21.700842,22.818922,27.552477,25.288734,22.237253,19.652927,16.189627,12.750695,10.793797,6.286582,5.6201854,0.0,5.6809306,7.3677473,9.141869,13.501073,12.426886,17.06461,14.993503,13.553379,15.850921,15.737984,17.628494,22.928938,22.056757,25.888702,28.126446,29.97402,29.144691,25.105902,21.173782,24.5811,20.987564,21.365356,18.94253,21.135279,17.448795,20.409067,16.733227,21.475657,24.029778,25.661535,22.76086,27.40147,27.851744,26.125061,28.22082,25.519827,26.435741,30.780169,26.726288,23.30693,23.979889,21.494473,21.702314,20.866428,20.951159,19.218353,18.720894,16.760612,12.583731,11.486441,8.188894,5.1800056,9.816802,10.786934,14.525582,17.313406,18.86482,22.779009,25.357674,24.280956,24.031956,23.225504,19.259678,16.630192,14.627689,11.94374,8.36626,11.2965,11.977822,15.964566,19.161112,20.722998,23.492828,22.300732,21.121439,19.436209,16.088282,13.757531,11.610358,8.301171,9.724106,11.694766,11.521524,17.729479,16.589037,20.308285,22.204285
22,12.8845825,9.100883,10.812092,10.003261,7.603013,10.413012,9.74614,13.49922,16.816067,17.615263,22.45945,25.02071,29.19907,27.63679,25.070742,21.789852,18.739017,15.275485,13.323527,9.212048,7.277804,5.6809306,0.0,5.7554455,7.6645503,10.032126,10.399251,14.051935,13.462262,12.73705,16.133469,16.897556,19.78883,25.62695,25.84141,29.062172,31.827663,33.53744,32.146038,28.369637,24.156532,26.634024,22.28983,22.822605,18.978643,20.388885,16.036732,18.133844,13.5357,17.877476,20.135437,22.582157,20.312475,25.318758,26.50053,25.473387,28.178558,25.565668,27.299105,31.667343,27.614553,24.320929,23.859898,20.595953,20.554401,18.161568,19.375017,16.109562,16.985971,14.657204,11.679118,12.341674,10.803505,9.780824,14.459465,15.967847,19.352951,22.312025,23.321001,27.531439,29.452366,28.25979,28.51051,27.25781,23.184889,20.691917,17.97342,15.325499,10.792666,12.486911,12.136482,15.309174,18.248886,19.193737,21.94366,21.967886,21.315525,20.004578,17.452581,14.748438,14.563863,11.319417,12.089355,15.658758,15.593532,21.352865,20.470156,24.442753,26.101002
23,13.912178,10.988158,13.477317,14.556682,11.820082,14.708397,15.0369625,17.575092,21.567509,21.458984,27.018194,28.409067,33.031483,31.556309,28.690613,26.137373,22.436285,19.353535,16.629074,12.737008,9.861776,7.3677473,5.7554455,0.0,4.6142464,7.4217267,8.367905,13.394491,13.2519245,14.089906,15.487497,18.276348,19.270187,26.12622,25.543213,28.96417,31.71439,32.691303,31.471054,27.381464,23.062159,26.461405,21.964231,23.588799,20.410692,20.70613,17.219574,18.361916,14.948409,18.824425,22.01091,24.27766,22.986013,26.882242,28.944122,27.11446,29.773743,28.031084,29.632513,34.36354,30.880722,27.394327,27.868603,24.64686,25.309978,22.794191,24.783579,21.557362,22.728628,20.325865,17.160862,17.319809,14.798439,12.545806,17.135069,17.66343,21.657711,24.017086,25.53007,29.483765,31.887798,29.937561,29.461905,27.987757,24.24893,20.823198,19.601421,15.156659,11.233716,11.220692,9.429174,12.819303,14.545487,16.71103,18.460608,18.041672,18.059391,15.939232,14.584739,10.702716,12.066623,7.9415584,7.5598497,12.083795,12.537032,17.455229,18.014372,21.578152,23.743986
24,14.942591,12.435869,13.461592,15.047307,11.092212,13.269605,14.687513,15.570842,20.47659,19.524,25.757875,26.621656,31.224503,30.423935,27.695965,25.652115,21.5013,19.162697,15.621295,12.822966,8.916275,9.141869,7.6645503,4.6142464,0.0,5.2457647,3.9485536,9.429071,8.882158,10.431695,11.188167,14.943471,15.69898,22.9209,22.957985,25.852242,28.960096,29.711338,28.107101,24.253359,19.830198,22.699339,17.917374,19.888617,16.618973,16.33249,13.233481,14.119019,11.512727,15.331674,18.942001,20.668755,19.697409,22.911709,25.307245,23.137207,25.826153,24.59298,26.322708,31.2054,28.207716,24.709131,25.589697,22.340496,23.717691,21.185179,24.186167,21.453033,23.311455,21.817902,18.986618,19.235851,16.907568,13.818976,18.49762,18.10517,22.1033,23.916058,24.946411,29.075424,30.897318,28.213406,27.883772,25.861109,22.270313,18.757929,17.63011,12.80133,8.952419,7.5232606,5.263114,8.3169775,10.686829,12.352701,14.671266,14.337173,13.97863,12.5056505,10.862787,7.696879,9.768952,7.607368,9.520071,12.721996,12.12329,16.523571,16.082708,19.993296,21.487572
25,11.502499,10.237768,10.951803,14.234525,11.1462755,13.7891445,16.594585,17.266514,23.04137,22.363024,28.556774,30.227299,34.409973,34.10643,31.686214,29.290024,25.427608,23.083628,19.698862,17.011015,13.1297245,13.501073,10.032126,7.4217267,5.2457647,0.0,4.665037,7.433732,9.738339,12.530915,13.601784,18.135706,19.296648,26.628632,27.335691,29.71517,33.121384,33.63048,31.655794,28.103115,23.669876,25.774452,20.60224,22.807291,18.682623,17.230087,14.107441,13.291904,10.587443,13.058188,16.675167,19.152155,19.450516,22.351809,25.76012,24.117802,27.2607,26.415632,28.75129,33.57714,30.793684,27.477692,27.628868,23.913355,25.222448,21.497654,25.54054,21.829031,24.729012,23.098444,21.163847,22.22356,20.596558,18.291721,23.09203,23.108097,26.986406,28.955133,29.772356,34.027786,35.532238,32.77078,32.686905,30.419094,26.869606,23.494825,22.074526,17.515802,13.624838,11.551012,8.625092,9.423982,10.344611,11.323105,12.96457,14.338897,14.9739065,13.953876,13.890689,10.793571,14.433045,12.497894,13.2985115,17.238146,16.93257,20.562798,20.609701,24.365616,25.71283
26,15.307295,13.451003,13.282978,15.520455,11.1620455,12.737708,15.38041,14.863424,20.647192,19.189657,25.780214,26.578176,30.925873,30.830402,28.373404,26.574043,22.317009,20.564205,16.659258,14.807261,10.5837145,12.426886,10.399251,8.367905,3.9485536,4.665037,0.0,5.705642,5.7098618,8.640579,8.975094,13.810826,14.665775,22.016964,22.904726,25.099543,28.579252,29.111588,27.048868,23.58495,19.158764,21.116362,15.972594,18.24476,14.517035,13.2368355,10.470981,10.461019,8.69309,11.984466,15.941979,17.375341,17.088913,19.602612,22.609663,20.378004,23.266413,22.581367,24.649826,29.582447,27.055931,23.66742,24.551414,21.156006,23.044058,20.14704,24.207464,21.58896,24.22817,23.349863,21.083025,21.663137,19.76965,16.615501,21.24967,20.489704,24.310482,25.80735,26.36654,30.61613,31.842175,28.664454,28.596087,26.106855,22.693033,19.33383,18.08866,13.430034,9.917324,7.1855354,4.6270924,5.490362,8.309621,8.824066,11.753098,12.194619,11.722395,11.279778,9.919496,8.004237,10.898191,10.47772,13.006768,15.606918,14.485411,18.116098,17.00863,21.023546,21.85955
27,15.379604,14.512311,12.618818,15.521627,11.429753,12.133896,16.331999,14.355033,21.029024,19.417566,25.951088,27.325558,30.988258,31.834084,29.917427,28.083061,24.119226,22.91372,19.06073,18.127752,14.064265,17.06461,14.051935,13.394491,9.429071,7.433732,5.705642,0.0,4.9303994,8.717082,9.759734,14.498268,16.364895,23.066286,25.31044,26.499475,30.379623,30.874113,28.194597,25.460487,21.24819,21.506443,16.148169,18.213564,13.432392,10.821912,8.225181,5.967589,5.1246133,6.5984435,10.872984,12.295852,13.341512,15.134817,19.143133,17.503233,20.858198,20.696749,23.470179,28.197613,26.159016,23.132849,23.35798,19.663078,21.89271,18.174133,23.648687,20.92882,24.693756,24.538565,23.29071,24.505041,23.444191,20.739145,25.308456,24.609222,28.046665,29.46043,29.381918,33.795918,34.18421,30.79107,31.299465,28.408354,25.147484,22.38517,20.494507,16.879255,13.632004,10.873349,9.264599,7.3492236,9.7501135,7.385034,11.067172,13.328461,12.853828,13.987673,13.0713005,12.654997,15.546742,16.043673,18.691978,21.180765,19.78946,22.996029,21.197653,25.256525,25.351803
28,18.55591,16.756464,15.080286,16.569235,11.61787,11.4205675,14.645034,11.898493,18.08314,15.760405,22.60492,23.030014,27.011679,27.757217,25.697338,24.409025,20.096832,19.369265,15.165355,14.999364,10.998766,14.993503,13.462262,13.2519245,8.882158,9.738339,5.7098618,4.9303994,0.0,4.482335,5.168018,9.706558,11.639322,18.241867,20.516088,21.760742,25.596361,26.34114,23.736603,20.949345,16.7407,17.03963,11.744853,13.596384,9.230407,7.681005,4.9620147,5.794087,5.7296996,9.107314,12.903948,13.041521,12.375277,14.3234005,17.117321,14.67717,17.617836,17.195873,19.476856,24.386057,22.314426,19.091465,20.217873,16.997261,19.65422,17.250866,22.007118,20.504768,23.483643,23.809032,22.008005,22.605326,21.216593,17.88543,22.109636,20.810535,24.099386,25.13702,24.89039,29.242285,29.51331,25.921522,26.426476,23.490492,20.269173,17.62297,15.763614,12.355843,9.613246,6.9395847,6.965442,5.7275624,10.13646,8.152722,12.671155,13.245173,11.431428,12.793544,10.046264,10.909359,12.142623,13.765687,17.49672,18.868252,16.914795,20.345295,17.440113,21.69288,21.412113
29,19.86457,17.45006,15.579265,15.615401,10.483123,9.215529,11.49017,8.094512,13.807501,11.306763,18.182123,18.708448,22.695547,23.320438,21.328358,19.998995,15.758239,15.298096,11.158291,11.8393955,8.464506,13.553379,12.73705,14.089906,10.431695,12.530915,8.640579,8.717082,4.482335,0.0,5.8269587,6.2665167,10.489487,15.916455,18.592499,19.926756,23.615398,25.096664,22.593489,19.919281,15.895185,15.781361,11.026995,11.378797,6.562338,7.9735703,3.9967077,8.145294,6.6897783,10.996357,13.695038,13.489668,10.878631,14.1256,15.248776,13.094444,15.771082,14.204311,16.273424,21.100668,18.438208,15.107497,16.194504,13.172152,15.798459,14.383071,18.366312,17.811155,20.208189,21.089724,19.239277,19.606993,18.50149,15.284776,19.116224,17.85783,20.698265,21.813921,21.19046,25.658304,25.615808,22.421833,23.378593,20.649462,17.149908,15.232655,12.237325,10.399824,7.579047,7.1328382,9.063146,9.363944,14.154684,12.458692,17.029684,17.043385,14.673031,15.895063,11.85987,13.136212,12.342053,14.117643,18.284513,19.134165,16.951721,21.167324,17.291082,21.743458,21.236357
30,23.315804,21.173235,19.881712,20.750284,15.59334,14.914625,16.970701,13.710035,18.720268,15.430002,22.363329,21.01793,25.401056,26.123554,23.856544,23.629404,18.850264,18.915016,14.361753,15.170831,11.6048,15.850921,16.133469,15.487497,11.188167,13.601784,8.975094,9.759734,5.168018,5.8269587,0.0,6.99907,6.6270895,13.636643,15.671548,16.804235,20.640131,21.196367,18.64934,15.795017,11.619428,12.237322,7.018636,9.608213,7.502806,6.6551566,6.685548,8.815876,10.446178,13.507683,17.045372,16.023344,14.71106,15.565035,17.400328,13.718313,15.742866,15.814417,17.174345,22.235662,20.695488,17.377693,20.066416,17.745054,20.923353,19.969374,23.943312,23.629673,25.806047,26.473804,24.103567,23.953472,22.013647,17.888226,21.467318,19.132706,22.287138,22.501476,22.177824,26.22402,26.440935,22.171232,22.330885,19.133495,16.354013,13.505821,12.75721,9.01323,8.340516,5.2010617,7.093663,6.1401644,10.736815,9.423252,13.73189,12.6063175,9.551182,11.297246,7.046951,10.051414,9.640558,13.119482,17.685572,17.495972,14.917015,17.620054,13.603734,17.753738,16.836956
31,25.845354,23.113876,21.44201,20.617273,15.668324,13.719395,14.235992,10.181422,13.248183,9.239029,15.908078,14.03145,18.447393,19.200888,17.126852,17.282724,12.605023,13.73446,9.495783,12.329224,10.4254265,15.737984,16.897556,18.276348,14.943471,18.135706,13.810826,14.498268,9.706558,6.2665167,6.99907,0.0,6.7268414,9.944035,13.264133,14.228589,17.81116,19.812143,17.385998,15.074058,11.670065,10.847707,7.537588,6.0828185,4.414618,8.766825,7.793227,12.429857,12.598398,16.28577,18.477345,16.999847,13.434662,15.620283,14.788833,11.612279,12.865761,11.044296,11.70738,16.635832,14.288605,10.78666,14.059657,12.634557,15.864469,16.825277,19.414974,20.806122,22.03385,23.671436,21.411745,20.883568,19.495527,15.721026,18.286028,15.8713665,17.982372,18.069567,16.829603,21.03326,20.403902,16.596601,17.757454,14.784175,11.577299,10.561525,7.4726753,7.903056,8.057386,8.844678,12.280238,12.83428,17.616375,16.176815,20.668373,19.511864,16.244717,17.731733,12.605024,15.414218,12.487802,15.773858,20.619589,19.796722,17.020754,20.761448,15.359896,19.554787,18.141916
32,29.054327,26.453413,25.503187,25.50184,20.362345,19.265558,19.855518,16.598783,19.56207,15.595319,21.864836,18.273539,23.066507,23.479748,20.976034,22.150848,17.140236,18.230513,13.875418,15.88056,13.597892,17.628494,19.78883,19.270187,15.69898,19.296648,14.665775,16.364895,11.639322,10.489487,6.6270895,6.7268414,0.0,7.827424,9.096315,10.442608,14.093149,14.857889,12.677679,9.501333,5.4231944,7.2861385,4.4107223,6.4928875,9.096121,10.5105505,11.783014,14.837214,16.495789,19.719423,22.811445,21.113174,18.835802,19.300756,19.457047,15.079376,15.554638,15.614863,15.342079,20.156532,19.06445,15.8368435,20.26208,19.251081,22.56685,23.367916,25.990236,27.041626,28.089748,29.129087,26.210966,25.179667,22.792772,18.148863,20.47453,16.979818,19.564222,18.615501,18.124832,21.58111,21.724892,16.737165,16.415941,12.987685,10.919435,8.095619,9.289713,6.4844513,9.371055,8.185548,11.323051,11.591086,15.44509,15.025375,18.664824,16.100216,12.42037,13.786008,8.586676,12.743314,9.517223,14.385672,19.388432,17.277977,14.150011,16.074306,10.262434,13.982483,11.987877
33,35.48187,32.68281,31.31263,30.41989,25.517252,23.546581,23.311743,19.41168,20.230284,15.79386,20.3478,14.491719,18.714268,19.698565,17.742922,20.660048,16.319637,19.100052,15.811389,19.43469,18.599607,22.928938,25.62695,26.12622,22.9209,26.628632,22.016964,23.066286,18.241867,15.916455,13.636643,9.944035,7.827424,0.0,6.29162,4.6264267,8.28248,10.666588,8.366891,7.5233855,7.278449,4.8684897,8.079764,5.8648224,11.717804,14.725653,16.587849,20.240227,22.026785,24.993958,27.19208,24.636835,21.455008,21.449013,19.513763,15.270849,13.8836975,13.765808,11.523822,15.249566,15.19396,12.835593,18.714634,19.413897,22.856316,25.470022,27.022375,29.766415,30.078661,32.08715,29.40181,27.982306,26.047024,21.80642,22.692274,18.79022,19.79153,17.686293,15.967431,18.53881,17.127806,11.348393,11.854462,7.8927293,7.8197055,8.575062,9.631417,11.553976,15.145218,15.537346,18.990263,19.22854,23.082876,22.121065,25.882023,23.366629,19.532871,21.233423,16.252106,20.428879,16.37476,21.05401,26.04176,23.181482,20.012508,21.631405,15.10524,17.664427,14.486723
34,36.805397,33.767044,33.24789,32.38962,27.523987,26.241219,25.337791,22.698788,23.154842,19.266224,23.6732,17.586359,22.421917,21.972092,19.278917,22.300848,17.800634,19.888447,16.794575,19.534382,19.012554,22.056757,25.84141,25.543213,22.957985,27.335691,22.904726,25.31044,20.516088,18.592499,15.671548,13.264133,9.096315,6.29162,0.0,5.052529,6.236452,8.238408,8.330467,5.1011553,5.683331,8.994488,11.535351,11.170721,16.259888,18.877857,20.235456,23.762733,25.076069,28.551117,31.289438,29.312416,26.250359,26.746063,25.354702,21.072334,20.044807,19.722116,17.541428,21.060152,20.418238,17.865757,23.514393,24.009329,26.938704,29.445396,30.30178,32.651314,32.30455,33.575497,30.149647,28.134974,25.399248,20.786304,21.096136,16.603474,17.796286,15.007894,14.442068,16.19817,16.479021,10.7803545,8.940311,5.6256657,6.557253,5.649079,10.170569,10.580811,15.185529,15.78954,19.03015,20.141787,23.45612,23.7503,26.845905,23.405895,19.825003,20.455229,15.655471,19.331766,14.485469,19.069159,23.684216,19.781626,16.73641,17.518717,11.105271,12.643553,9.530583
35,39.191166,36.388992,35.302704,34.586502,29.625427,27.886354,27.545164,23.921751,24.57258,20.241718,24.42785,17.923664,21.978832,22.681763,20.657793,24.136576,19.922422,22.678654,19.55985,22.895494,22.122347,25.888702,29.062172,28.96417,25.852242,29.71517,25.099543,26.499475,21.760742,19.926756,16.804235,14.228589,10.442608,4.6264267,5.052529,0.0,4.2235036,6.0782895,4.4332366,4.5739694,7.136084,6.324691,10.880438,10.000066,16.023735,18.2874,20.632553,23.863024,26.027447,28.876688,31.32176,28.667154,25.843124,25.28563,23.58044,19.11397,17.34333,17.922422,15.347254,18.386238,19.01999,17.042995,23.085321,23.998552,27.393621,30.087847,31.483004,34.24536,34.345455,36.17625,33.208195,31.50127,29.196451,24.742558,25.236013,20.93211,21.802336,19.003666,17.650202,19.262299,18.179062,12.037764,11.33721,7.5612755,9.50617,9.998829,12.970163,14.107155,18.31729,18.369638,21.562359,21.772137,25.041426,24.53716,27.76538,24.659382,20.870646,22.377136,17.86481,22.19626,18.080843,22.998898,27.80661,24.230705,21.093128,21.512157,15.165473,16.578846,12.791129
36,42.56761,39.598858,38.753628,37.780228,32.92396,31.241316,30.389994,27.171576,27.047464,22.951397,26.386225,19.272356,23.159636,23.343596,21.298237,25.340046,21.49349,24.37424,21.776749,25.093351,24.828684,28.126446,31.827663,31.71439,28.960096,33.121384,28.579252,30.379623,25.596361,23.615398,20.640131,17.81116,14.093149,8.28248,6.236452,4.2235036,0.0,4.5755863,5.8570685,6.6102414,10.141019,10.510456,15.033778,14.014838,19.959833,22.473557,24.609974,27.984764,29.90661,32.944668,35.36825,32.774754,29.730192,29.368732,27.317244,23.03529,21.024063,21.319988,18.319992,20.659508,21.313286,19.650621,25.772652,27.08891,30.208685,33.366432,34.0917,37.175262,36.745525,38.5398,35.358868,33.30089,30.849478,26.48373,26.278147,21.802538,22.132746,18.745243,17.508215,18.087086,17.144625,11.203999,9.679281,6.923326,10.382587,11.545827,15.09286,16.675888,21.15199,21.61635,24.821182,25.395264,28.522957,28.38459,31.414822,27.995928,24.311384,25.439316,21.032463,25.099648,20.578333,25.272713,29.848837,25.75262,22.76599,22.79254,16.715055,17.235723,13.496035
