,0,1,2,3,4,5,6,7,8,9,10,11,12,13,14,15,16,17,18,19,20,21,22,23,24,25,26,27,28,29,30,31,32,33,34,35,36,37,38,39,40,41,42,43,44,45,46,47,48,49,50,51,52,53,54,55,56,57,58,59,60,61,62,63,64,65,66,67,68,69,70,71,72,73,74,75,76,77,78,79,80,81,82,83,84,85,86,87,88,89,90,91,92,93,94,95,96,97,98,99,100,101,102,103,104,105,106,107,108,109,110,111,112,113
0,0.0,4.3168564,6.020381,9.763617,12.084742,13.952106,17.478256,20.558184,24.239874,27.431297,30.081007,35.27074,32.433025,31.04197,26.466429,24.778378,21.50696,19.62385,17.192728,14.45386,14.674188,11.709534,15.07463,14.552448,17.384056,19.952116,14.922843,21.282587,21.432785,25.003569,25.310045,31.754814,33.828182,37.07322,37.36967,40.531635,41.04188,39.088,37.215427,33.400337,33.764614,29.346928,27.008064,24.947292,22.691725,18.31575,17.998493,14.84747,11.706445,14.824648,18.53665,17.387821,17.699835,20.807716,24.100801,24.370066,25.050009,24.864737,26.98975,31.104376,30.639322,34.620857,36.253345,40.23201,39.322884,34.303516,37.841915,37.313324,35.41546,36.679672,34.367447,37.85202,33.481026,38.88838,36.46683,40.457413,40.16974,36.18575,40.9389,35.94367,38.31771,38.781372,35.186176,31.069256,28.17,27.41438,23.087713,21.105207,17.613607,16.907269,13.635304,15.837224,12.692691,15.646369,18.194193,18.817503,20.197607,19.697685,22.700287,24.798399,26.33414,30.164488,32.57194,36.904865,35.9227,34.744583,37.219418,32.762585,33.086742,29.090397,27.94591,26.984352,23.890522,25.316925
1,4.3168564,0.0,5.345777,6.6324325,9.048636,12.132211,14.522886,18.609394,21.661837,25.602356,27.741833,33.14386,30.681503,28.997398,25.037024,22.557203,19.652567,17.056988,14.66159,11.326636,11.390495,8.394036,11.194619,11.10712,13.515303,15.908326,10.853379,17.347841,17.63507,21.372082,21.996897,28.254393,30.695822,33.734146,34.26471,37.265903,37.921967,36.21629,34.21035,30.336313,31.161055,26.350452,24.773949,22.238897,20.972763,16.619411,16.806505,14.5404215,12.2927,15.701409,18.586418,17.776241,19.196617,21.977663,24.760773,24.663416,24.800993,24.057947,25.684826,29.73656,28.42894,32.586346,33.943127,37.651928,36.954315,32.15082,35.72146,35.265625,33.110867,34.04069,31.409237,34.97007,30.25515,35.72062,33.20219,37.109837,36.796486,32.64844,37.360245,32.34121,34.664234,35.172745,31.408312,27.29073,24.494658,23.391727,19.337957,16.978058,13.68431,12.9077635,10.027798,12.506803,10.206144,13.585133,15.532649,16.173634,16.971722,16.2008,18.793314,20.87231,22.16654,26.200218,28.408012,32.750465,31.649565,30.440203,32.95843,28.576572,29.064604,25.169706,24.245369,23.491354,20.6513,22.518837
2,6.020381,5.345777,0.0,5.278739,6.9807677,8.082173,12.003492,14.547503,18.354933,21.429113,24.10119,29.276411,26.445425,25.119606,20.592428,18.917768,15.853165,13.955136,12.243515,9.698534,11.430793,9.873188,13.647144,14.9210205,17.226809,19.000504,12.737447,18.31905,17.455757,20.99992,20.383045,27.23917,28.67684,31.870613,31.799902,35.02289,35.365345,33.271214,31.537384,27.777466,28.06187,23.88336,21.41049,19.765228,17.235275,14.075163,12.831424,11.417621,7.971349,12.542839,15.1595745,12.85837,14.851999,18.306818,20.449831,20.851274,20.48567,20.639343,22.184366,25.842516,25.642063,29.363379,31.133953,35.235214,34.886547,30.151194,34.217644,34.202198,32.646435,34.34435,31.249523,34.213203,29.440456,34.611244,31.788637,35.688053,35.120853,31.16263,35.793655,30.7869,33.193512,33.683228,30.310709,26.222399,23.201069,23.133188,18.475616,17.515696,14.130854,14.786809,12.079633,15.975649,13.53084,16.049051,17.77084,17.19224,18.367998,16.661583,20.229155,21.24618,23.155994,26.132097,28.730225,32.90524,32.57271,31.774656,34.06262,29.502752,29.7035,26.659761,24.5325,24.36037,20.858515,22.907772
3,9.763617,6.6324325,5.278739,0.0,3.772543,6.276448,8.739833,12.655846,15.353606,19.657793,21.380262,27.009474,24.434181,22.5297,18.983664,16.040766,13.371518,10.452447,8.430861,4.9223733,6.7959733,6.17167,9.3343115,11.784566,13.484939,14.642413,8.000923,13.141211,12.22779,15.896611,15.69046,22.332417,24.280478,27.358923,27.734293,30.843012,31.571114,29.84801,28.131971,24.284168,25.451239,20.746042,19.58498,17.450779,16.435717,14.092524,13.234639,13.678126,11.551897,16.059816,17.513279,15.335194,18.63406,21.722408,23.057604,23.135185,21.87546,21.518208,22.168041,25.423443,24.19191,27.989662,29.41304,33.137604,33.337955,29.056444,33.260128,33.451435,31.615448,32.86837,29.194317,32.12711,26.701885,31.859997,28.700739,32.395348,31.60347,27.27524,31.695517,26.49784,28.685604,29.03183,25.540283,21.458395,18.790375,18.189093,14.206841,12.938226,10.308361,11.523346,10.118596,14.325656,13.387145,16.175142,16.944857,16.292793,16.462078,14.005172,16.808947,17.33941,18.757568,21.85809,23.914549,27.941643,27.509022,26.859816,29.324743,24.9976,25.60304,23.080889,21.163456,21.618689,18.54343,21.401571
4,12.084742,9.048636,6.9807677,3.772543,0.0,5.832359,5.485401,10.238929,12.761773,17.073786,18.949013,24.297476,22.433178,20.82572,17.548265,14.525209,12.763272,9.258774,9.135566,5.663169,9.07374,9.378901,11.456686,14.334364,15.165842,15.868926,9.591297,13.884408,12.183903,16.020132,14.983193,21.880896,23.362152,26.020582,25.914476,28.847546,29.120678,27.281096,25.22798,21.377827,22.178135,17.452816,16.098394,13.771038,12.99636,10.668298,10.147872,11.36828,10.473802,14.481205,15.03723,13.611158,17.389372,19.859304,20.776781,20.510303,19.02517,18.233366,18.653963,21.995535,20.452463,24.346077,25.713472,29.449284,29.575178,25.309296,29.58865,29.907017,28.222897,29.720173,25.860407,28.593668,23.239614,28.342466,25.247475,29.033922,28.378168,24.280743,28.93687,23.96914,26.496014,27.28084,23.682312,19.549463,16.309563,16.451635,11.504265,11.100341,8.020494,10.121016,8.948163,13.869406,13.095959,15.095473,15.3913355,13.943548,14.187255,11.228434,14.708139,14.757053,16.82043,19.281288,22.010073,26.203924,26.231928,25.571407,27.613428,22.99971,23.151804,20.896097,18.26327,18.88029,15.479494,18.418175
5,13.952106,12.132211,8.082173,6.276448,5.832359,0.0,7.0376368,7.3750453,11.05099,14.258205,16.451328,21.940525,18.696589,17.097998,12.912599,10.854327,7.9345493,6.2384887,6.0845175,5.583741,9.475754,10.90475,14.158539,17.353363,18.883492,19.355026,12.607931,15.486961,13.049231,15.896654,13.736749,20.906925,21.318756,24.592854,24.177668,27.59382,28.006508,25.818052,24.639643,21.021278,21.682413,17.977465,15.9353695,15.319413,12.871814,13.397876,10.391827,13.254263,10.654701,15.701312,16.128866,11.830733,16.412056,20.00682,19.959026,20.658306,18.234695,19.126226,19.17542,21.422033,21.605194,24.601952,26.510977,30.61129,31.541632,27.643782,32.45394,33.28138,32.17966,34.217243,29.946016,31.999437,26.47355,31.038612,27.405655,30.904398,29.651104,25.56847,29.642965,24.497326,26.636711,26.83897,24.054052,20.209393,17.524813,18.399893,14.19976,15.092672,13.059834,15.71043,14.766698,19.606413,18.573393,20.615849,21.115667,19.38811,19.77535,16.432035,19.877028,18.947432,20.88324,22.380573,24.653889,28.19172,28.779339,28.7463,30.885292,26.601063,26.93602,25.72501,22.511772,23.815376,20.271814,23.32874
6,17.478256,14.522886,12.003492,8.739833,5.485401,7.0376368,0.0,6.562275,7.690803,12.543012,13.942715,19.186926,18.075882,16.553574,14.287736,10.737622,10.6617565,6.6157002,9.273581,7.328333,11.490126,13.286622,14.449232,18.10996,18.121403,17.879866,12.274446,14.138916,11.169872,14.497998,12.051841,18.975023,19.601828,21.773373,21.11218,23.903372,23.828817,21.91686,19.763237,15.9300165,16.78121,12.070003,11.221171,9.100868,9.386221,9.780765,8.856481,12.769553,13.075838,16.536575,15.471796,13.989478,18.808252,20.751549,20.329159,19.893095,17.251312,16.359163,15.581259,18.078798,16.157518,19.739614,21.027159,24.679003,25.519857,21.854809,26.554472,27.451302,26.13633,27.930332,23.286028,25.280237,19.52688,24.180943,20.63603,24.250498,23.309443,19.282354,23.857182,18.99795,21.700178,22.764006,19.341537,15.320465,11.704078,13.177542,7.710743,9.709911,7.928365,11.595805,11.864732,16.839815,16.878815,18.054403,17.438293,15.014261,14.773277,10.7270155,14.171716,12.432543,14.934421,15.762895,18.822596,22.735409,23.661512,23.434536,25.010561,20.42384,20.293928,19.494673,15.703415,17.440456,14.012539,17.5137
7,20.558184,18.609394,14.547503,12.655846,10.238929,7.3750453,6.562275,0.0,4.9619875,7.032768,9.729691,14.755395,12.419531,11.550297,8.151917,6.487295,6.9796953,5.847087,10.039344,10.639709,14.955476,17.272587,19.405716,23.181187,23.770113,23.477106,17.44794,18.432756,14.849595,16.975523,12.898282,19.781399,18.501148,20.988972,19.29673,22.527624,22.054075,19.421228,18.213358,14.890648,14.738543,12.111646,9.400066,10.4535,7.6919827,12.164247,8.440776,14.201286,13.577957,17.29968,15.626412,11.702708,17.32621,19.861565,17.978584,18.470417,14.538892,15.642391,14.271804,15.159208,15.863505,18.042437,20.143532,24.342915,26.03608,22.865644,28.114168,29.649323,29.244118,31.879444,26.98307,27.970331,22.523153,26.241055,22.30972,25.53037,24.012955,20.507298,24.374306,19.753962,22.182726,22.877985,20.60665,17.195696,14.118033,16.97623,12.470665,15.708299,14.463508,18.141207,18.036554,23.135,22.589928,23.60534,23.311855,20.50211,20.752949,16.741346,20.401176,17.948202,20.505892,19.943645,22.812557,25.917917,27.71499,28.110222,29.473106,25.219908,24.9424,25.211979,20.678408,22.864233,19.219687,22.38804
8,24.239874,21.661837,18.354933,15.353606,12.761773,11.05099,7.690803,4.9619875,0.0,6.20745,6.274135,11.8873205,10.844352,9.363139,8.959332,5.3154907,8.4485445,6.6082606,11.453131,12.25234,16.137281,19.04084,20.137972,24.276459,24.154474,23.198992,18.089417,17.442127,13.490958,14.944895,10.300245,16.407753,14.762694,16.604876,14.74426,17.765429,17.322247,14.949195,13.648264,10.199099,11.186092,8.240003,8.04568,9.006495,9.267729,14.357571,11.919929,17.844238,18.053139,21.376898,19.184637,16.321388,21.90867,23.867292,21.643356,21.67804,17.421648,17.709831,15.330062,15.317636,14.59901,16.453684,18.011711,21.615278,24.142582,21.82667,27.086603,28.93666,28.461775,30.769995,25.338877,25.898924,19.989462,23.232561,18.855444,21.666048,19.752792,16.027582,19.565617,14.884818,17.259287,18.090973,15.92772,12.793708,9.962924,13.563166,10.102333,14.311447,14.389945,18.412285,19.345835,24.161182,24.487204,25.34957,24.38056,21.46438,21.00392,16.643314,19.41812,15.96461,18.193737,16.568516,19.08096,21.710638,24.027029,24.778875,25.881908,21.998318,21.81748,23.266651,18.570204,21.581377,18.543913,22.1546
9,27.431297,25.602356,21.429113,19.657793,17.073786,14.258205,12.543012,7.032768,6.20745,0.0,4.8857017,8.060223,6.6941066,7.631233,6.6349673,7.471878,10.65868,11.20091,15.832526,17.182777,21.260271,23.97777,25.73076,29.733168,29.96034,29.22042,23.730694,23.44336,19.481474,20.588001,15.574405,21.02161,17.870192,19.454964,16.297287,19.221859,17.734999,14.472767,13.919069,11.693123,10.203214,10.620551,7.642512,11.436205,9.076589,16.147058,12.587566,18.951086,19.11408,21.866674,19.041607,15.418673,20.90073,22.679869,19.213598,19.78905,14.730905,16.481068,13.694254,11.894681,14.102527,14.310603,16.716732,20.83623,23.718313,21.79336,27.268314,29.574377,30.0031,33.14909,27.860529,27.570559,22.559011,24.891436,20.740923,23.227468,21.232267,18.722908,21.678108,18.037443,20.315886,21.205603,20.08614,17.732645,15.152152,19.386702,15.824153,20.23527,19.78449,23.714054,24.073713,29.07549,28.781864,29.257301,28.556185,25.246187,25.393599,21.270388,24.653618,21.212471,23.853607,21.502735,24.372179,26.59508,29.468369,30.382332,31.081617,27.260746,26.589102,28.304804,23.037954,25.887402,22.51345,25.507423
10,30.081007,27.741833,24.10119,21.380262,18.949013,16.451328,13.942715,9.729691,6.274135,4.8857017,0.0,6.1834054,5.7859235,5.19363,8.208654,7.027576,11.425133,11.691744,16.295746,18.000515,21.582937,24.778294,25.854172,30.102486,29.920502,28.670574,23.901793,22.254656,18.19921,18.47021,13.26938,17.466124,13.730189,14.815211,11.427314,14.372811,13.217282,10.176342,10.294091,8.304284,8.773966,9.362223,9.581826,12.588708,12.623902,19.234722,16.413399,22.74075,22.987846,25.992748,23.23487,19.930153,25.509937,27.286402,23.973688,24.299086,19.310425,20.372847,17.17143,15.023616,15.616248,15.536729,17.215822,20.477575,24.276333,23.196476,28.54722,31.02468,31.221926,33.87434,28.171328,27.64249,22.14141,24.006813,19.39504,21.252094,18.64962,15.831601,17.943197,14.202473,15.977771,16.584957,16.023214,14.305937,12.711038,17.054792,15.073692,19.709114,20.339216,24.395237,25.511229,30.264233,30.657267,31.29704,30.178171,27.013863,26.531694,22.186455,24.671549,20.621742,22.648726,19.669197,21.701462,23.182184,26.421652,27.774836,28.413704,25.187643,24.876938,27.58906,22.559544,26.048315,23.3043,26.734573
11,35.27074,33.14386,29.276411,27.009474,24.297476,21.940525,19.186926,14.755395,11.8873205,8.060223,6.1834054,0.0,6.67693,8.7944975,12.235161,12.943811,17.118286,17.730953,22.383047,23.975214,27.696983,30.7921,31.851572,36.07169,35.74329,34.446354,29.835875,28.182745,24.145111,24.278442,19.13285,22.320333,17.824541,17.755245,13.2489395,15.054193,12.233768,8.547497,9.272303,9.542832,7.514372,11.665297,11.290786,15.344593,15.207207,22.405973,19.763643,26.083033,26.915138,29.111917,25.674747,22.938332,28.134172,29.188673,25.041876,25.294903,20.072504,21.337484,17.582436,13.695037,15.429346,13.394251,15.130364,18.014982,22.55828,22.599094,27.774626,30.762047,31.734594,34.862785,29.228395,27.649462,23.137543,23.659733,19.42465,20.52238,17.872757,16.733377,17.92293,15.984733,17.673557,18.778254,19.125458,18.370169,16.906965,21.746233,19.800194,24.737179,25.289412,29.302586,30.366844,35.07344,35.368202,35.499165,34.239235,30.724134,30.431995,26.292957,28.873028,24.605473,26.892513,22.936768,25.284924,26.25966,30.126343,31.596119,31.56238,28.580118,27.710783,31.044596,25.588037,29.11352,26.483948,29.419998
12,32.433025,30.681503,26.445425,24.434181,22.433178,18.696589,18.075882,12.419531,10.844352,6.6941066,5.7859235,6.67693,0.0,3.8606925,6.6515017,9.110565,12.515836,14.672549,18.713627,21.184458,24.663157,27.840162,29.584688,33.746628,34.084217,33.029934,27.791843,26.319687,22.320213,22.210114,16.956717,20.75305,16.098328,17.650955,14.01956,17.096552,15.982447,12.704393,14.310714,13.430181,12.891517,14.887685,13.648601,17.487438,15.747485,22.814693,19.028364,25.301338,24.788294,27.927858,25.31836,20.760258,26.1221,28.351871,24.455809,25.529205,20.26816,22.708038,19.74098,16.71815,19.494225,18.440397,20.657269,24.10818,28.073416,27.134253,32.543636,35.187023,35.82621,38.88873,33.333294,32.530636,27.451628,28.958807,24.504572,26.079237,23.351477,21.096025,22.469776,19.228788,20.400623,20.347021,20.742418,19.459871,18.356096,22.413628,20.520832,24.923964,25.227327,29.23448,29.913387,34.85847,34.78942,35.567036,34.82366,31.647345,31.519033,27.238445,30.070822,26.22782,28.261637,25.444807,27.250523,28.387892,31.669338,33.212986,33.971157,30.901218,30.65788,33.289516,28.220295,31.544968,28.537043,31.759373
13,31.04197,28.997398,25.119606,22.5297,20.82572,17.097998,16.553574,11.550297,9.363139,7.631233,5.19363,8.7944975,3.8606925,0.0,6.0926223,6.5248384,10.18045,12.267504,16.02437,18.774046,21.876642,25.276743,26.78205,31.010633,31.296253,30.081432,25.090115,23.080362,19.136543,18.66291,13.458782,17.0648,12.532333,14.62417,11.687379,15.247076,15.146614,12.40228,14.09559,12.682518,13.689392,14.37552,14.312091,17.290144,16.342382,22.823647,19.245672,25.428505,24.6382,28.280952,26.065159,21.406464,26.973454,29.544195,26.189041,27.14967,22.088129,24.089025,21.261389,18.973875,20.596336,20.267206,22.153421,25.389812,29.351559,28.250313,33.64177,36.09807,36.283333,38.90717,33.22314,32.817326,27.199915,29.08823,24.39271,26.001326,23.1139,20.13404,21.446636,17.537334,18.37243,17.823353,18.137169,16.77258,16.20001,19.732008,18.568865,22.678356,23.402065,27.385723,28.345806,33.161472,33.397053,34.50814,33.697388,30.798773,30.350498,25.964924,28.365955,24.51828,26.112646,23.656588,24.865679,25.873138,28.90523,30.563925,31.644503,28.780996,28.980038,31.635485,26.984472,30.451895,27.671299,31.235136
14,26.466429,25.037024,20.592428,18.983664,17.548265,12.912599,14.287736,8.151917,8.959332,6.6349673,8.208654,12.235161,6.6515017,6.0926223,0.0,5.4910283,6.785647,9.983702,13.352152,16.056276,19.52007,22.418507,24.848364,28.76579,29.693913,29.102592,23.206348,22.745537,18.982195,19.472162,14.619029,20.014336,16.723438,19.598629,17.28955,20.934608,20.705246,17.76474,18.489788,16.31457,16.242342,16.051702,13.874847,16.804153,13.833273,19.824827,15.410016,21.188757,19.620117,23.520063,21.830172,16.171373,21.599865,24.741467,21.687712,23.135878,18.37538,21.157919,19.203802,17.8473,20.55682,20.905682,23.34428,27.369484,30.32788,28.183765,33.64712,35.751816,35.91402,38.829002,33.58864,33.74075,28.331331,31.010494,26.637365,29.004906,26.660683,23.528954,25.913563,21.6231,23.061197,22.778812,22.163185,19.837896,18.254375,21.420229,18.76909,22.354918,21.996506,25.763088,25.886606,30.924429,30.416054,31.66186,31.43414,28.641888,28.77511,24.624657,27.823896,24.759205,26.79554,25.370043,27.256674,29.17607,31.595854,32.756332,34.14765,30.628012,30.684015,32.1104,27.47438,30.25472,26.870184,30.13286
15,24.778378,22.557203,18.917768,16.040766,14.525209,10.854327,10.737622,6.487295,5.3154907,7.471878,7.027576,12.943811,9.110565,6.5248384,5.4910283,0.0,4.530697,5.7567573,9.739731,12.271857,15.570917,18.846272,20.53572,24.6923,25.169237,24.245625,18.822384,17.64575,13.752184,14.232166,9.28344,15.168789,12.819226,15.810404,14.352579,18.044754,18.479494,16.144667,16.302708,13.434672,14.915827,13.052275,12.718519,14.273902,13.252851,18.341837,14.915435,20.624016,19.487547,23.623865,22.07713,17.491411,23.126507,26.042782,23.71758,24.496498,20.067574,21.51888,19.434198,18.892199,19.501116,20.72951,22.560728,26.162256,29.097557,26.928337,32.258995,34.158752,33.7374,36.02763,30.60957,31.169092,25.181879,28.247461,23.691994,26.124775,23.76561,19.91236,22.519352,17.622326,19.050028,18.740635,17.489187,14.801604,13.398753,16.088821,14.038286,17.46878,17.760742,21.599094,22.340992,27.162842,27.30307,28.74315,28.153414,25.599527,25.175207,20.861328,23.411613,20.198784,21.807213,20.65518,22.115038,24.119009,26.271065,27.413662,29.000067,25.597532,26.006598,27.526737,23.313667,26.32633,23.350964,27.041723
16,21.50696,19.652567,15.853165,13.371518,12.763272,7.9345493,10.6617565,6.9796953,8.4485445,10.65868,11.425133,17.118286,12.515836,10.18045,6.785647,4.530697,0.0,4.594785,6.6477113,9.860678,12.878963,15.906086,18.383661,22.253553,23.395102,22.919857,16.927187,16.69648,13.29261,14.1531315,10.229826,16.631992,15.315557,18.974813,18.262274,22.057285,22.869814,20.644905,20.752373,17.705439,19.039864,16.646841,15.59511,16.615456,14.652641,18.509123,14.728408,19.590569,17.385466,22.141659,21.485455,16.082125,21.42262,25.057383,23.390215,24.520216,20.621483,22.432283,21.137796,21.37742,22.338121,24.03501,26.03761,29.894104,32.291145,29.523727,34.78194,36.3515,35.710976,37.923965,32.83885,33.93196,27.96513,31.565212,27.194534,29.931787,27.79235,23.72276,26.60304,21.458328,22.817972,22.232924,20.698254,17.66856,16.235685,17.92747,15.592715,17.971565,17.68182,21.119852,21.315006,26.110582,25.835024,27.73444,27.643646,25.50522,25.325228,21.279003,24.019978,21.589783,23.066326,23.031717,24.3717,26.715723,28.195166,29.09042,31.128283,27.585464,28.238424,28.863659,25.136786,27.638298,24.469584,28.051796
17,19.62385,17.056988,13.955136,10.452447,9.258774,6.2384887,6.6157002,5.847087,6.6082606,11.20091,11.691744,17.730953,14.672549,12.267504,9.983702,5.7567573,4.594785,0.0,4.865371,6.5444927,10.172421,13.248661,15.053323,19.115938,19.753862,19.168886,13.301967,13.304341,9.750845,11.604873,8.094336,15.281863,15.186269,18.37085,18.029125,21.488266,22.251984,20.333088,19.552114,16.022491,17.7647,14.11877,13.825297,13.572993,12.909474,15.650151,12.920794,17.532906,16.128674,20.646572,19.92458,15.93933,21.248024,24.323977,23.198792,23.67692,20.176014,20.841423,19.597061,20.639565,20.147846,22.613203,24.215015,27.855541,29.844324,26.865595,31.911432,33.232895,32.19957,34.041527,29.013426,30.489809,24.36408,28.372187,24.153593,27.140175,25.322596,20.975805,24.428148,19.110441,20.868917,20.78014,18.355474,14.7889595,12.786896,14.095319,11.257955,13.40297,13.164626,16.684612,17.217117,21.948221,22.06685,23.90365,23.52631,21.463362,21.000301,16.907043,19.44629,17.125128,18.607744,18.989424,20.567976,23.428621,24.605625,25.1754,27.212456,23.42149,24.056757,24.347826,20.833298,23.249367,20.2385,23.972855
18,17.192728,14.66159,12.243515,8.430861,9.135566,6.0845175,9.273581,10.039344,11.453131,15.832526,16.295746,22.383047,18.713627,16.02437,13.352152,9.739731,6.6477113,4.865371,0.0,4.1508837,6.239874,9.434739,11.854818,15.659846,16.98781,16.742577,10.61,11.219382,8.738361,10.655124,9.163798,15.810808,16.948874,20.662516,21.257584,24.773125,26.174925,24.566843,23.978638,20.440037,22.557274,18.595898,18.456333,17.669582,16.903276,18.179272,15.704942,19.010778,16.637083,21.67293,21.985771,17.715664,22.427872,26.066847,25.735872,26.39927,23.491953,24.214893,23.558937,25.09541,24.537798,27.29626,28.84776,32.432594,34.145588,30.87532,35.721043,36.712982,35.314392,36.77483,32.058594,34.060875,27.875982,32.241154,28.150543,31.179394,29.431787,24.803938,28.150867,22.622017,23.998903,23.416517,20.90347,17.328783,15.952794,15.789415,13.786006,14.261268,13.938112,16.656576,16.925058,21.206627,21.25768,23.803326,23.832853,22.526325,22.00478,18.368568,20.446114,19.012863,19.839548,21.468044,22.346798,25.22215,25.563208,25.97891,28.593245,25.027817,26.190987,25.75677,23.196371,25.174196,22.389793,26.075445
19,14.45386,11.326636,9.698534,4.9223733,5.663169,5.583741,7.328333,10.639709,12.25234,17.182777,18.000515,23.975214,21.184458,18.774046,16.056276,12.271857,9.860678,6.5444927,4.1508837,0.0,4.460028,6.836229,9.058846,12.809988,13.930506,14.034522,7.4414873,10.004573,8.133674,11.41945,10.863523,17.553383,19.426596,22.646633,23.265509,26.468714,27.588854,26.06133,24.761808,20.983162,22.902435,18.257618,18.092001,16.32933,16.06705,15.720472,14.257968,16.628572,14.77896,19.48763,20.041813,17.027166,21.334297,24.52404,24.860258,25.067366,22.793173,22.709106,22.4521,24.814468,23.456072,26.835049,28.17026,31.685162,32.746876,29.093056,33.628742,34.265354,32.55008,33.757782,29.387102,31.857706,25.849373,30.639893,26.936491,30.271526,28.986416,24.37478,28.2967,22.866518,24.67404,24.633043,21.43189,17.496662,15.444305,14.824417,11.917113,11.428203,10.388517,12.73871,12.821526,17.071262,17.153084,19.749958,19.797014,18.734978,18.213339,14.873514,17.0174,16.305113,17.28288,19.706575,21.071968,24.588356,24.496878,24.381874,26.962852,23.021898,24.015951,22.718182,20.510893,21.96603,19.192944,22.7303
20,14.674188,11.390495,11.430793,6.7959733,9.07374,9.475754,11.490126,14.955476,16.137281,21.260271,21.582937,27.696983,24.663157,21.876642,19.52007,15.570917,12.878963,10.172421,6.239874,4.460028,0.0,3.8589234,5.802799,9.459198,11.057717,11.261455,5.136705,7.81591,7.746589,10.594708,11.978818,17.491514,20.435665,23.834198,25.280931,28.413355,30.134626,28.995935,27.893085,24.1692,26.681925,21.83774,22.32594,20.280964,20.485239,19.598965,18.524895,20.184248,18.015223,22.75428,23.851482,20.910069,24.790836,28.164724,28.915792,29.147408,27.127825,26.944511,26.805002,29.234545,27.549957,31.01612,32.168606,35.432335,36.510242,32.9121,37.23694,37.679184,35.62076,36.31872,32.123165,34.908356,28.787268,33.667805,30.00174,33.17855,31.851246,26.989315,30.609612,25.067291,26.428467,25.948763,22.747469,19.013575,17.77515,15.91359,14.474619,12.690618,12.336444,13.6872835,14.039614,17.282257,17.79299,20.97408,21.120846,20.851477,19.972223,17.136602,18.254192,18.121004,18.171007,21.456007,21.871275,25.145367,24.299566,24.12772,27.208685,23.75772,25.351805,23.766726,22.604683,23.885431,21.68751,25.232697
21,11.709534,8.394036,9.873188,6.17167,9.378901,10.90475,13.286622,17.272587,19.04084,23.97777,24.778294,30.7921,27.840162,25.276743,22.418507,18.846272,15.906086,13.248661,9.434739,6.836229,3.8589234,0.0,4.6953373,6.8259096,9.422666,10.738615,4.8814106,10.089911,10.959002,14.039875,15.7475395,21.127556,24.26994,27.582539,28.997559,32.061245,33.629795,32.430035,31.057873,27.250502,29.43059,24.42468,24.466413,22.091295,22.015928,19.887312,19.28624,19.695549,17.35757,21.853304,23.6183,21.231796,24.363016,27.68144,29.155693,29.300621,27.961182,27.562101,27.976864,30.974241,29.237791,33.017822,34.174362,37.514633,38.037167,34.04988,38.095432,38.185104,35.929764,36.47404,32.79848,35.990635,30.204006,35.37073,32.063766,35.457954,34.45318,29.692749,33.621628,28.18446,29.745079,29.474167,26.035254,22.202263,20.631048,18.576206,16.60441,14.048763,12.859729,13.154052,12.732872,15.370877,15.459724,19.002684,19.630842,19.96331,19.358257,17.269827,18.444477,19.308516,19.42162,23.401127,24.102678,27.710133,26.43279,25.829922,28.941324,25.331697,26.805178,24.273735,23.626785,24.196445,22.007675,25.122278
22,15.07463,11.194619,13.647144,9.3343115,11.456686,14.158539,14.449232,19.405716,20.137972,25.73076,25.854172,31.851572,29.584688,26.78205,24.848364,20.53572,18.383661,15.053323,11.854818,9.058846,5.802799,4.6953373,0.0,4.373688,5.265371,6.05452,2.2646797,7.195371,9.47191,12.548331,15.461201,19.802937,23.844059,26.672466,28.597322,31.26449,33.074097,32.34134,30.727423,26.957417,29.720388,24.299793,25.425323,22.42148,23.66998,21.286827,21.558376,22.108364,20.693962,24.711536,26.081783,24.58974,27.887667,30.677458,32.116604,31.83629,30.456903,29.354979,29.466766,32.488853,29.702044,33.667725,34.376026,37.209965,37.73974,34.033276,37.766384,37.73541,35.097233,35.003517,31.343367,34.737278,28.842688,34.001953,30.837048,34.039165,33.153343,28.27402,32.07347,26.76576,28.168852,27.970888,24.219246,20.533463,19.367542,16.31397,15.462966,11.865904,11.730332,11.407126,12.207712,13.830696,15.251852,18.731133,18.700863,19.433922,18.058405,16.202106,16.047039,17.168686,16.431318,21.038893,21.106146,24.680233,22.805317,21.975473,25.281898,22.022291,23.895948,21.292597,21.575972,22.181158,20.790709,24.07907
23,14.552448,11.10712,14.9210205,11.784566,14.334364,17.353363,18.10996,23.181187,24.276459,29.733168,30.102486,36.07169,33.746628,31.010633,28.76579,24.6923,22.253553,19.115938,15.659846,12.809988,9.459198,6.8259096,4.373688,0.0,4.045674,6.704061,6.3041425,10.973497,13.747223,16.564987,19.782665,23.76231,28.043678,30.86437,32.925842,35.534428,37.370205,36.670895,34.945873,31.156998,33.78088,28.278948,29.169203,25.968987,27.031937,23.767595,24.398788,23.928574,22.38297,26.075703,28.037222,26.968918,29.579939,32.314373,34.37603,34.043682,33.23263,31.981236,32.523132,35.935207,33.095272,37.26779,37.943638,40.761215,40.864395,36.906925,40.31475,39.935787,37.05922,36.65593,33.570488,37.340107,31.787903,37.111664,34.28043,37.56644,36.921677,32.12013,36.01722,30.82278,32.235344,32.06436,28.234087,24.616058,23.426342,20.151697,19.245186,15.177426,14.583972,13.130513,13.300399,13.536608,14.776343,18.581099,18.994263,20.556225,19.35086,18.428226,17.993792,20.055548,19.155436,24.311169,24.34062,27.97214,25.571468,24.379654,27.754814,24.654509,26.542671,23.118217,24.183613,24.105787,22.973158,25.7709
24,17.384056,13.515303,17.226809,13.484939,15.165842,18.883492,18.121403,23.770113,24.154474,29.96034,29.920502,35.74329,34.084217,31.296253,29.693913,25.169237,23.395102,19.753862,16.98781,13.930506,11.057717,9.422666,5.265371,4.045674,0.0,3.2815208,6.516541,9.851876,12.980912,15.8055935,19.367285,22.748636,27.396425,29.707336,31.92308,34.170815,35.998047,35.595013,33.60413,29.88881,32.78807,27.071304,28.676731,25.055992,27.08243,23.744593,24.998392,24.806423,24.065456,27.388887,28.850595,28.473799,31.341413,33.595264,35.483566,34.79455,33.88809,32.084026,32.344795,35.73788,32.11165,36.382336,36.704994,39.113537,39.188625,35.493156,38.636757,38.20076,35.09142,34.245716,31.158552,35.00812,29.469362,34.717308,32.06719,35.20089,34.712986,29.953829,33.800198,28.843573,30.2495,30.30846,26.231203,22.7504,21.693352,17.939318,17.636583,13.042063,13.181919,11.356874,12.585847,12.145654,14.566117,17.980055,17.683496,19.342255,17.529043,16.763367,15.311572,17.534397,16.090166,21.577278,21.33153,25.004986,22.268835,20.81203,24.168222,21.249943,23.296957,19.823378,21.540955,21.48685,20.988466,23.879242
25,19.952116,15.908326,19.000504,14.642413,15.868926,19.355026,17.879866,23.477106,23.198992,29.22042,28.670574,34.446354,33.029934,30.081432,29.102592,24.245625,22.919857,19.168886,16.742577,14.034522,11.261455,10.738615,6.05452,6.704061,3.2815208,0.0,6.8342957,7.7161264,11.17225,13.59705,17.546444,20.211798,25.141993,27.198174,29.666872,31.72333,33.746788,33.60759,31.692068,28.096071,31.411016,25.688591,27.969667,24.342747,26.970724,24.276518,25.491505,26.022688,25.524004,28.94425,29.94356,29.447268,32.77107,34.965885,36.42637,35.68395,34.371353,32.501728,32.341496,35.38827,31.443768,35.56082,35.704456,37.843437,38.28392,34.96999,38.16958,37.93185,34.827877,33.848423,30.397913,34.029606,28.234945,33.257885,30.444246,33.323948,32.681484,27.831345,31.378275,26.468363,27.642673,27.60449,23.550076,20.282644,19.689253,15.513128,16.233778,11.662422,12.896212,11.640254,13.780824,13.680196,16.61461,19.690601,18.865116,20.143583,17.899998,16.675253,14.599066,16.172062,14.153945,19.50366,18.638323,22.045795,19.19123,17.893124,21.413832,18.840729,21.245966,18.485407,20.302563,20.800348,20.650488,23.896275
26,14.922843,10.853379,12.737447,8.000923,9.591297,12.607931,12.274446,17.44794,18.089417,23.730694,23.901793,29.835875,27.791843,25.090115,23.206348,18.822384,16.927187,13.301967,10.61,7.4414873,5.136705,4.8814106,2.2646797,6.3041425,6.516541,6.8342957,0.0,6.6671524,8.133675,11.693618,14.064491,18.88912,22.640364,25.355347,27.013828,29.669672,31.267057,30.442337,28.70375,24.901175,27.542437,22.103035,23.197166,20.157232,21.515642,19.263405,19.581781,20.425812,19.2954,23.255606,24.328909,22.9672,26.472466,29.10939,30.355825,29.9934,28.491919,27.30163,27.301424,30.293694,27.441511,31.407572,32.114616,34.977615,35.524334,31.83829,35.646267,35.704365,33.16278,33.231644,29.418875,32.701813,26.77123,31.922333,28.722595,31.982174,31.115433,26.286646,30.225523,24.936499,26.526396,26.531382,22.693657,18.872723,17.398413,14.646434,13.309105,9.904399,9.64797,9.806164,10.782064,13.055212,14.478653,17.711037,17.493435,17.843609,16.466803,14.271763,14.422163,15.258914,14.845181,19.213854,19.656996,23.407835,21.865204,21.065956,24.17552,20.636606,22.295708,19.850195,19.691431,20.450123,18.865686,22.27535
27,21.282587,17.347841,18.31905,13.141211,13.884408,15.486961,14.138916,18.432756,17.442127,23.44336,22.254656,28.182745,26.319687,23.080362,22.745537,17.64575,16.69648,13.304341,11.219382,10.004573,7.81591,10.089911,7.195371,10.973497,9.851876,7.7161264,6.6671524,0.0,4.0563087,5.962063,10.0703335,12.963063,17.612234,20.091915,22.598383,25.00717,27.346518,27.143665,25.900826,22.418922,26.193249,20.940914,23.58912,20.869654,23.315712,22.788332,22.747917,25.071623,24.179665,28.326311,28.616127,26.708782,31.017534,33.681248,34.043964,33.727974,31.344316,30.277351,29.37181,31.40839,28.169363,31.607548,32.01157,34.3291,35.85352,33.059837,37.034428,37.546978,35.084007,34.910442,30.39297,33.107944,26.63427,31.155098,27.455902,30.04596,28.624514,23.499823,26.503384,21.127697,21.916529,21.298,17.768345,14.504682,14.61365,10.876924,12.609872,9.998347,12.325295,13.544771,15.910367,18.051003,20.326975,23.11375,22.136198,22.022861,19.943188,17.047848,16.021229,15.250058,13.6651745,17.147114,15.884537,18.62599,17.110062,17.119678,20.582993,18.05404,20.53671,19.942091,19.851164,21.823528,20.95185,24.951984
28,21.432785,17.63507,17.455757,12.22779,12.183903,13.049231,11.169872,14.849595,13.490958,19.481474,18.19921,24.145111,22.320213,19.136543,18.982195,13.752184,13.29261,9.750845,8.738361,8.133674,7.746589,10.959002,9.47191,13.747223,12.980912,11.17225,8.133675,4.0563087,0.0,4.1842055,6.4175982,10.943006,14.649444,17.244198,19.199263,21.835909,23.901669,23.427956,22.263033,18.735237,22.412893,17.371964,19.957012,17.659363,19.98747,20.445225,19.940544,23.094532,22.334272,26.530132,26.326546,24.085627,28.797052,31.428288,31.257982,31.030334,28.223331,27.407038,26.180708,27.823566,24.910624,28.075407,28.631683,31.123102,32.9719,30.327147,34.62047,35.450844,33.358467,33.68703,28.78941,31.059958,24.45446,28.774242,24.773127,27.381548,25.736628,20.633503,23.705698,18.164234,19.172428,18.682798,15.261269,11.699465,11.464527,8.784462,9.919841,8.914479,11.231614,13.603683,15.865826,18.967367,20.85696,23.271147,22.211128,21.361425,19.508305,15.94615,15.756905,13.974073,13.190989,15.46422,14.851222,17.618723,17.186213,17.57953,20.563345,17.631996,19.660278,19.80784,18.522945,21.004047,19.632118,23.811392
29,25.003569,21.372082,20.99992,15.896611,16.020132,15.896654,14.497998,16.975523,14.944895,20.588001,18.47021,24.278442,22.210114,18.66291,19.472162,14.232166,14.1531315,11.604873,10.655124,11.41945,10.594708,14.039875,12.548331,16.564987,15.8055935,13.59705,11.693618,5.962063,4.1842055,0.0,5.274888,7.264453,11.734832,14.51761,17.263067,19.870071,22.648432,22.581602,22.100197,18.979494,23.284267,18.791237,21.989655,20.237507,22.668526,24.044857,23.14029,26.799776,25.830301,30.20994,29.847296,27.057072,32.00869,34.835716,34.26619,34.22427,31.004152,30.516735,28.917841,29.91545,27.19612,29.862759,30.35373,32.573925,35.053604,32.92817,37.315155,38.39818,36.426308,36.69404,31.535374,33.426517,26.67919,30.482738,26.206589,28.29403,26.202513,21.049019,23.193804,17.671293,17.827368,16.501904,13.797657,11.062368,12.408371,9.644872,12.693526,12.358264,15.205455,17.599678,20.02535,22.945316,24.983295,27.41758,26.259398,25.36937,23.375238,19.740768,19.163574,16.86938,15.579957,17.04311,15.247418,16.84421,16.617615,17.742752,20.846376,18.821312,21.265726,22.415274,21.225628,24.155552,23.08672,27.36837
30,25.310045,21.996897,20.383045,15.69046,14.983193,13.736749,12.051841,12.898282,10.300245,15.574405,13.26938,19.13285,16.956717,13.458782,14.619029,9.28344,10.229826,8.094336,9.163798,10.863523,11.978818,15.7475395,15.461201,19.782665,19.367285,17.546444,14.064491,10.0703335,6.4175982,5.274888,0.0,7.256504,8.793982,11.932279,13.442056,16.574183,18.811665,18.17654,17.936232,14.808155,18.808361,14.935582,17.774586,16.91832,18.860136,21.629137,20.032562,24.623625,23.784252,28.094498,27.153994,23.915472,29.241098,32.001614,30.74366,30.86817,27.13808,27.102554,25.129803,25.505459,23.493029,25.657911,26.438526,28.960571,31.835024,29.891865,34.65401,36.124027,34.690334,35.645817,30.170643,31.465155,24.763065,28.217577,23.634962,25.740429,23.36927,18.434843,20.640556,15.02023,15.549826,14.46995,12.233878,9.300763,9.991798,9.650782,11.212201,12.923779,15.199453,18.491447,20.550585,24.336582,25.831173,27.834114,26.700455,25.049862,23.469358,19.324612,19.827765,16.70288,16.537876,16.50022,15.864816,17.47918,18.624405,19.973513,22.345758,19.799152,21.476467,23.23861,20.68009,23.981329,22.27631,26.549086
31,31.754814,28.254393,27.23917,22.332417,21.880896,20.906925,18.975023,19.781399,16.407753,21.02161,17.466124,22.320333,20.75305,17.0648,20.014336,15.168789,16.631992,15.281863,15.810808,17.553383,17.491514,21.127556,19.802937,23.76231,22.748636,20.211798,18.88912,12.963063,10.943006,7.264453,7.256504,0.0,5.9862685,8.10968,12.015616,14.2222595,17.952469,18.656273,19.25419,17.152555,22.216587,19.021175,23.240988,22.421513,25.298468,28.292942,27.028852,31.699299,31.022068,35.270344,34.184353,31.080189,36.464424,39.138233,37.6671,37.704865,33.76219,33.552616,31.1604,30.937841,28.374893,30.033588,30.295155,31.897078,35.46877,34.430717,38.906517,40.533592,38.969997,39.352364,33.701477,34.653027,27.91361,30.555704,25.926567,27.017021,24.210632,19.386417,19.797651,14.786065,13.49578,10.855654,10.022058,9.482626,12.9619875,11.488334,16.076567,17.311306,20.679981,23.53508,26.2591,29.315403,31.514362,33.544914,32.023384,30.636412,28.506016,24.57829,23.812159,20.400883,19.02356,18.387144,15.576541,15.077974,16.265835,18.59886,21.048027,20.224335,22.680647,25.726437,24.0307,27.769178,27.02165,31.386515
32,33.828182,30.695822,28.67684,24.280478,23.362152,21.318756,19.601828,18.501148,14.762694,17.870192,13.730189,17.824541,16.098328,12.532333,16.723438,12.819226,15.315557,15.186269,16.948874,19.426596,20.435665,24.26994,23.844059,28.043678,27.396425,25.141993,22.640364,17.612234,14.649444,11.734832,8.793982,5.9862685,0.0,4.589599,7.226632,10.28402,13.921911,14.237136,15.958606,14.550675,19.255062,17.550156,21.332558,21.764532,23.959066,28.407433,26.41464,31.858515,31.187212,35.33462,33.736317,30.071747,35.68427,38.33309,36.077866,36.385494,31.897228,32.328564,29.51567,28.307566,26.771444,27.511866,28.05801,29.793009,34.01903,33.43161,38.225147,40.313004,39.37689,40.436573,34.521038,34.719376,28.204473,30.173777,25.28302,26.070942,22.808012,18.573164,18.338213,13.748456,12.296656,9.381833,10.466798,10.670017,13.657407,14.41751,17.67564,20.317238,23.150331,26.581957,28.945845,32.649452,34.364548,36.081482,34.635612,32.64439,30.906683,26.646614,26.75499,22.769363,22.289265,20.344881,18.549692,17.818377,20.289976,22.777016,24.498095,23.377462,25.110744,28.738306,25.915588,29.931307,28.674482,32.93262
33,37.07322,33.734146,31.870613,27.358923,26.020582,24.592854,21.773373,20.988972,16.604876,19.454964,14.815211,17.755245,17.650955,14.62417,19.598629,15.810404,18.974813,18.37085,20.662516,22.646633,23.834198,27.582539,26.672466,30.86437,29.707336,27.198174,25.355347,20.091915,17.244198,14.51761,11.932279,8.10968,4.589599,0.0,4.890693,6.426978,10.723219,12.089729,13.87398,13.30316,18.408806,17.212875,21.905851,22.251297,25.332607,29.906862,28.411589,33.98399,33.93967,37.676353,35.64974,32.671486,38.31271,40.471172,38.00278,37.995644,33.444454,33.419765,30.24644,28.70117,26.494633,26.894512,26.959415,27.969337,32.566586,32.68381,37.1979,39.44361,38.57871,39.44501,33.42941,33.181866,26.88082,28.1257,23.321198,23.43334,19.981049,16.153698,14.810552,11.04107,8.656987,5.199175,7.9109015,9.824265,13.46922,14.571121,18.484037,21.424284,24.635899,28.048567,30.766323,34.253197,36.29981,37.664566,35.848072,33.709312,31.746176,27.564445,27.243464,22.87221,22.24348,19.328974,17.184736,15.5101,18.736158,21.530666,22.631876,22.108002,23.698877,28.228365,25.403711,29.704494,28.913664,33.090668
34,37.36967,34.26471,31.799902,27.734293,25.914476,24.177668,21.11218,19.29673,14.74426,16.297287,11.427314,13.2489395,14.01956,11.687379,17.28955,14.352579,18.262274,18.029125,21.257584,23.265509,25.280931,28.997559,28.597322,32.925842,31.92308,29.666872,27.013828,22.598383,19.199263,17.263067,13.442056,12.015616,7.226632,4.890693,0.0,3.97111,6.803097,7.424405,9.967389,10.090996,14.578321,14.708149,18.950294,20.155432,22.847805,28.266745,26.509243,32.46517,32.71143,36.096317,33.6076,30.679766,36.33606,38.200584,35.226887,35.249268,30.44782,30.658278,27.196703,24.996782,23.394814,23.119211,23.351763,24.489796,29.424946,29.832209,34.504807,37.050762,36.685883,38.111454,32.021324,31.222265,25.27027,26.046217,21.179306,21.227846,17.604988,14.463142,13.150177,9.960822,8.522161,6.9012384,9.485601,10.961121,13.293793,16.016459,18.455065,22.296844,24.96424,28.695227,31.105938,34.994213,36.66541,37.66108,35.879135,33.27897,31.663815,27.36338,27.755724,23.113522,23.313595,19.602009,18.750593,17.636389,21.475657,23.996758,24.548805,23.398588,24.218866,28.854254,25.136625,29.47508,28.274555,32.227207
