,0,1,2,3,4,5,6,7,8,9,10,11,12,13,14,15,16,17,18,19,20,21,22,23,24,25,26,27,28,29,30,31,32,33,34,35,36,37,38,39,40,41,42,43,44,45,46,47,48,49,50,51,52,53,54,55,56,57,58,59,60,61,62,63,64,65,66,67,68,69,70,71,72,73,74,75,76,77,78,79,80,81,82,83,84,85,86,87,88,89,90,91,92,93,94,95,96,97,98,99,100,101,102,103,104,105,106
0,0.0,4.407931,6.505906,9.852881,12.371898,15.008461,17.810537,21.197542,24.783077,28.203228,30.300182,35.794575,32.12478,30.298967,25.410656,24.219645,20.111101,19.20721,16.026901,14.455388,13.542287,11.283374,15.54346,16.258572,19.253101,21.385712,18.824772,21.085781,21.457293,22.489252,23.987564,24.746838,28.85424,28.774698,32.64831,34.820396,37.945583,38.92924,35.867943,34.3616,31.808874,31.439938,29.069693,27.536203,27.511276,23.19039,27.275389,24.9045,25.46859,27.541634,29.199741,30.910069,32.43686,33.82743,36.989002,36.124207,35.69203,35.20902,35.536953,40.46136,36.424896,40.345673,40.08278,45.09044,44.26523,43.170696,44.995144,46.946243,44.893894,48.56629,42.724297,44.98624,38.535168,42.396603,38.93804,41.689495,41.13883,36.73944,41.38735,37.112778,39.16463,40.35827,35.72316,32.543602,29.752085,27.22032,24.296452,20.744663,17.404045,15.2080345,13.539827,16.934723,19.402039,21.230915,24.491856,27.853893,29.66424,30.73908,34.715298,37.879818,38.75807,35.561623,38.887817,33.019802,36.59053,33.64242,36.750324
1,4.407931,0.0,5.3805113,6.657365,8.898488,12.656611,14.417023,18.633709,21.65656,25.706024,27.437288,33.091534,29.839258,27.821571,23.355597,21.38802,17.551165,15.879647,12.772727,10.522953,9.867851,7.5428987,12.021549,13.137881,15.705045,17.71653,14.556823,17.05775,17.31981,18.728838,20.179068,21.533146,25.736982,26.287981,29.88647,32.38858,35.161037,35.875656,32.524544,30.771534,28.184774,27.503517,24.995867,23.302307,23.277893,18.822294,23.001759,20.818823,21.518263,23.723917,25.12232,26.76367,28.567207,29.963465,32.870743,32.003166,31.385017,30.941753,31.182854,36.091286,32.16095,36.0982,35.956116,40.994953,40.39447,39.448128,41.510128,43.597324,41.76118,45.507545,39.56787,41.523567,34.99761,38.7893,35.129932,37.896477,37.17134,32.66014,37.30376,32.92452,35.03223,36.216755,31.608833,28.31501,25.560337,23.028017,20.08882,16.602482,13.286654,11.049146,9.928199,13.671398,16.123158,18.311808,21.21083,24.446857,25.930576,26.874943,30.804493,34.037876,34.846157,31.627346,35.171185,29.259172,32.915947,30.154581,33.32336
2,6.505906,5.3805113,0.0,5.2870507,6.9490714,8.98249,11.934149,14.760808,18.583923,21.724695,24.015007,29.365683,25.830893,24.204136,19.165264,18.190922,14.275746,13.554875,11.351507,10.346555,11.328264,10.754567,15.400346,17.520157,19.868254,21.396597,17.400667,19.054653,18.194494,19.304245,19.492048,21.183075,23.981234,24.58065,27.865032,30.21309,33.339626,34.125156,31.25626,29.641657,27.898865,26.96647,25.715416,23.617296,25.002419,20.943466,25.506893,24.033407,24.526,27.372028,28.305662,29.188059,31.793379,33.499146,35.76537,34.965225,33.624023,33.220436,32.78284,37.24429,32.846558,36.433277,35.69099,40.59724,39.19673,38.374474,39.791904,41.520325,39.19491,42.599644,36.69081,39.058186,32.675213,36.45451,33.25251,35.97516,35.749935,31.666561,36.503532,32.683018,34.982983,36.71533,31.974873,28.736326,25.371494,23.71814,19.837433,16.87955,12.996016,12.040128,10.705763,14.090537,14.93506,17.9824,21.424307,23.746395,25.844027,25.982101,30.39559,33.601055,33.965424,30.66129,33.36725,27.429577,30.765167,27.608126,30.672382
3,9.852881,6.657365,5.2870507,0.0,3.8645425,6.378064,9.132111,12.6853485,15.496068,19.722708,21.051474,26.888878,23.436295,21.245237,17.080181,14.805376,10.945793,9.437118,6.4166903,5.2553654,6.5073977,7.2555285,11.469054,14.470548,16.509106,17.426952,13.52581,14.106535,13.05807,14.020859,14.431476,16.11677,19.381588,20.285404,23.537859,26.139648,28.920692,29.574598,26.421795,24.743866,22.71862,21.948254,20.50147,18.66664,20.066023,16.831333,21.217525,20.568703,21.83093,24.338203,24.535929,25.983776,28.882612,30.106667,32.03617,30.933613,29.526464,28.652662,28.074146,32.481075,27.834555,31.461527,30.75812,35.683987,34.51871,33.509785,35.22557,37.17217,35.19456,38.933907,33.069996,35.241272,28.79705,32.886707,29.500816,32.546402,32.212173,28.058083,33.158978,29.249666,31.872116,33.697662,29.054071,25.433258,21.93096,20.678143,16.136988,13.992613,9.67778,9.640015,10.044325,13.778576,14.107747,17.994541,20.686953,22.530302,23.965334,23.427303,27.898623,31.272924,31.241129,27.803438,30.617943,24.367798,27.561285,24.417389,27.277637
4,12.371898,8.898488,6.9490714,3.8645425,0.0,5.9111986,5.6011147,10.224587,12.820225,17.178465,18.765247,24.371702,21.673492,19.766317,15.654461,13.149517,10.100919,7.612686,6.7423224,4.8950224,8.3845,9.425542,13.181395,16.154554,17.34867,18.200285,13.019399,14.330451,12.442319,14.19135,13.375207,16.676695,18.873768,20.88099,23.359863,26.293386,28.779022,29.035524,25.78289,23.713697,22.31626,20.579714,19.734518,17.076057,19.300428,15.467812,20.200233,19.642975,20.31885,23.509539,23.641901,24.037477,27.453026,29.193851,30.639137,29.857534,27.870432,27.529648,26.59188,30.753147,26.359777,29.795443,29.024271,33.935303,32.65926,32.174652,33.823307,35.69595,33.638493,37.08502,30.991695,32.88851,26.373682,30.049154,26.587484,29.373022,28.998043,24.849802,29.820465,26.03488,28.573557,30.541166,25.838427,22.376837,18.74389,17.696072,13.091878,10.89734,6.5565424,7.2943554,7.836682,11.049528,10.497047,14.810371,17.458574,18.871378,20.467987,19.793325,24.352547,27.687273,27.658339,24.247139,27.032537,20.907835,24.290634,21.327745,24.487717
5,15.008461,12.656611,8.98249,6.378064,5.9111986,0.0,7.0020804,7.176858,10.665757,13.977212,15.507351,21.195343,17.276203,15.319059,10.753076,9.332372,5.318321,5.880629,5.6203027,7.6244645,10.570183,12.896451,16.28403,19.917253,21.533953,21.784472,17.496307,16.7082,14.248569,14.535752,12.875115,14.995629,15.772053,17.017157,19.530237,22.013847,25.079218,25.732117,23.244654,21.794567,21.066345,20.015461,20.49902,18.358469,21.610392,19.514496,23.88013,24.335999,25.543743,28.468939,27.934444,28.66788,32.42884,33.77829,34.808304,33.708538,31.479567,30.501112,29.034695,32.65098,27.4331,30.445105,28.91975,33.534763,31.342867,30.437162,31.318422,32.826797,30.317081,33.72266,27.949097,30.634449,24.444462,28.674824,25.949108,29.078442,29.440483,26.005566,31.381613,28.334461,31.296936,33.826515,29.231054,25.662912,21.469685,21.704275,15.975961,15.330521,10.96326,12.929177,13.616423,16.455061,14.640578,19.495483,22.217047,22.571064,24.35019,22.38226,27.32644,30.621517,29.766193,26.255371,27.812677,21.522976,23.992525,20.273094,22.742388
6,17.810537,14.417023,11.934149,9.132111,5.6011147,7.0020804,0.0,6.3478947,7.864231,12.486303,14.05516,19.363268,17.643318,16.07022,12.57853,9.662503,8.515778,5.263103,8.205451,7.526138,12.058088,13.980912,16.779419,20.018698,20.346346,20.648287,14.766047,15.573975,12.411123,14.422876,11.529543,16.553617,16.682528,20.0583,21.293823,24.533241,26.596842,26.353516,23.221254,20.814157,20.61021,17.74353,18.410818,14.894125,18.795616,15.474782,20.149084,20.510561,20.843508,24.573645,24.067257,23.28594,27.592968,29.660814,30.093302,29.540827,26.62828,26.624403,24.882051,28.312553,23.928316,26.825747,25.636267,30.348534,28.600464,28.7112,30.03102,31.70088,29.486076,32.54067,26.269693,27.946423,21.457567,24.762941,21.423967,24.042389,23.899235,20.080736,25.126009,21.906813,24.625505,27.129623,22.481197,19.151241,14.989415,15.275321,9.815866,9.203425,5.668955,8.818872,10.059572,11.65886,8.632667,13.871435,15.980904,15.761661,17.42308,15.473823,20.38774,23.668985,23.062252,19.598354,21.750313,15.603305,18.85249,15.864471,19.196083
7,21.197542,18.633709,14.760808,12.6853485,10.224587,7.176858,6.3478947,0.0,4.961389,7.0846953,9.553027,14.613336,11.915093,10.918842,6.5527987,5.8499594,5.9633083,6.447592,10.425641,12.039548,16.115458,18.675701,21.510233,25.176035,25.885355,25.837158,20.563934,19.956692,16.407913,17.180126,13.259974,17.365202,15.119379,18.200928,18.761671,21.53669,24.062748,24.026615,21.928642,20.107773,21.168575,18.654072,21.084599,17.97389,22.921965,21.011225,25.32956,26.410006,26.971958,30.602411,29.652264,28.876324,33.483444,35.37986,35.365448,34.659386,31.415495,31.027441,28.708158,31.379381,26.381027,28.604683,26.515648,30.734222,27.754389,27.752607,27.955158,29.017874,26.068947,28.69746,22.654253,25.228403,19.227158,22.803055,20.568333,23.294233,24.171701,21.477894,26.691776,24.619532,27.606726,30.728975,26.321186,23.20233,18.66102,20.29756,14.36447,15.0689125,11.927689,15.134422,15.977554,17.357157,13.532547,18.702635,20.994213,19.63124,21.66533,18.443321,23.554415,26.571373,25.07152,21.690569,22.033875,16.12325,18.07515,14.168978,16.739223
8,24.783077,21.65656,18.583923,15.496068,12.820225,10.665757,7.864231,4.961389,0.0,6.124243,6.24112,11.818331,10.535456,9.114943,7.7923474,4.5082445,7.596473,6.780793,11.643194,13.129565,17.226215,20.17251,22.091309,25.849003,25.91453,25.364391,20.181444,18.947369,14.947467,15.761485,10.828285,15.934014,12.515764,16.97402,16.411213,19.630507,21.326406,20.704592,18.376667,16.17249,17.959978,14.669731,18.058569,14.740826,20.479048,19.53451,23.335503,25.266388,26.04277,29.525808,27.925793,26.933285,31.911648,33.61562,32.90991,32.174477,28.524818,28.06031,25.272404,27.364101,22.370125,24.194574,21.902401,25.977386,22.944344,23.272882,23.601456,24.785551,22.12563,24.848764,18.598526,20.705214,14.483486,18.166674,15.747739,18.737434,19.646574,17.175331,22.589737,20.857704,24.135078,27.511967,23.399786,20.216736,15.565653,18.272743,12.072565,14.383064,12.17438,16.0494,17.74672,18.71172,14.537357,19.69131,21.032513,18.821285,20.11592,15.84132,20.828268,23.81182,21.686777,18.287842,18.292017,12.183052,13.698022,9.696111,12.189682
9,28.203228,25.706024,21.724695,19.722708,17.178465,13.977212,12.486303,7.0846953,6.124243,0.0,4.8973603,7.8184466,6.707543,7.694352,6.2478223,7.714741,10.918857,12.065403,16.565907,18.47221,22.521894,25.375261,27.729244,31.510717,31.81575,31.384916,26.112974,24.97597,21.011305,21.493362,16.548424,20.793257,15.992062,19.797564,18.509441,21.007263,22.993074,22.462313,21.342684,19.711222,22.538492,19.463406,23.703701,20.52898,26.48625,25.526834,29.357632,31.183273,31.588833,35.363,33.885227,32.35429,37.473816,39.462563,38.541023,37.975666,34.05766,33.798943,30.753172,32.27072,27.3777,28.567087,25.7438,29.145786,25.080843,25.731436,24.814877,25.148539,21.617264,23.239622,17.332209,20.177301,15.086057,18.007713,17.090275,19.40842,21.28345,20.076332,24.930027,24.340778,27.378328,31.087658,27.213789,24.62567,20.091072,23.165575,17.509354,19.545815,17.502907,21.103518,22.111809,22.69585,18.028072,22.840227,24.529125,21.657965,23.58759,19.050125,23.855164,26.366558,23.880589,20.886469,19.186733,14.360298,14.612747,10.44478,12.02951
10,30.300182,27.437288,24.015007,21.051474,18.765247,15.507351,14.05516,9.553027,6.24112,4.8973603,0.0,6.287963,5.4353456,4.963229,7.529635,6.7776403,11.1707,12.128389,16.557209,18.786226,22.48219,25.750347,27.349375,31.294794,31.353216,30.423456,25.765795,23.599014,19.54578,19.524233,14.29766,18.25284,12.389145,16.825504,14.613575,17.306234,18.68743,17.838066,16.810623,15.267073,18.713137,15.746268,20.762348,18.083038,24.306822,24.671076,27.890612,30.524641,31.507715,34.798206,32.688766,31.66023,36.858803,38.32042,37.011303,36.16432,32.2148,31.436174,28.117346,29.161358,23.957232,24.782772,21.633032,24.794538,20.490908,20.92928,19.945272,20.391563,17.055706,19.22094,13.175677,16.13182,10.867331,14.779865,13.996571,17.02808,19.063414,18.206184,23.359026,22.996445,26.410112,30.223778,26.673618,23.82717,19.323322,23.036676,17.097328,20.17537,18.322016,22.25426,23.971104,24.771967,20.307224,25.264961,26.368484,23.33729,24.48527,19.315502,23.887764,26.439104,23.387077,20.378206,18.4769,13.500594,12.831615,8.426607,8.780654
11,35.794575,33.091534,29.365683,26.888878,24.371702,21.195343,19.363268,14.613336,11.818331,7.8184466,6.287963,0.0,6.614668,8.926641,11.987251,12.952385,17.156384,18.230032,22.765457,24.83741,28.683842,31.852715,33.516163,37.390812,37.261078,36.336,31.433994,29.554926,25.445673,25.558764,20.218002,24.16764,17.65739,21.910477,18.776564,20.858095,21.704048,20.473087,20.448065,19.170057,23.548933,20.281183,25.917402,23.12236,29.560242,29.909748,32.959904,35.66698,36.22532,39.787457,37.628353,35.787216,41.219532,42.978737,41.133965,40.567936,36.18483,35.809025,32.142826,32.333645,27.694202,27.664242,24.179201,26.375517,21.288769,22.610044,20.474934,19.95418,16.05101,16.385553,10.872763,13.8748045,10.754589,12.704705,13.873036,15.741768,18.734959,19.47025,23.655302,24.685019,27.76362,31.8644,28.84096,26.722214,22.57429,26.82063,21.642612,24.856943,23.61779,27.496866,28.947235,29.16605,24.272223,28.761116,29.6498,25.78132,27.063059,21.522602,25.516039,27.435736,23.881386,21.51587,17.821184,14.840736,12.608967,9.227557,8.002924
12,32.12478,29.839258,25.830893,23.436295,21.673492,17.276203,17.643318,11.915093,10.535456,6.707543,5.4353456,6.614668,0.0,3.7376254,6.822756,9.381473,12.873546,15.400894,19.193357,22.064142,25.432943,28.761509,30.665102,34.74735,35.2885,34.392387,30.067219,27.522644,23.65697,23.02054,18.240055,20.746979,14.440901,17.297356,15.055363,16.645082,18.745375,18.526007,18.79875,18.239082,21.81762,19.921722,24.989561,22.858843,28.870026,29.462383,32.7493,35.323933,36.442722,39.665234,37.61703,36.91598,42.021362,43.372467,42.23896,41.246063,37.454693,36.38716,33.111748,34.073444,28.589233,29.23737,25.788982,28.495214,23.565126,23.494177,21.480616,21.21849,17.157907,18.768768,13.799115,17.94329,14.190211,17.956625,18.339676,21.121223,23.658098,23.370333,28.306763,28.307716,31.666563,35.544113,32.022835,29.240759,24.722132,28.283072,22.232435,24.908464,22.541595,26.283974,27.650085,28.717999,24.308344,29.295265,30.866947,27.957275,29.480402,24.451567,29.039927,31.469648,28.357328,25.494234,22.991459,18.599081,17.43132,13.228159,12.602206
13,30.298967,27.821571,24.204136,21.245237,19.766317,15.319059,16.07022,10.918842,9.114943,7.694352,4.963229,8.926641,3.7376254,0.0,6.0006433,6.789849,10.373922,12.92714,16.393326,19.482601,22.54487,26.044498,27.633339,31.782452,32.3547,31.286795,27.39436,24.334066,20.572893,19.60199,15.009101,17.068037,10.7633705,13.694972,11.664444,13.622113,15.856339,15.797996,15.657321,15.154076,18.345238,16.906185,21.754463,20.01171,25.808594,26.886513,29.990189,32.766888,34.291546,37.16762,34.95096,34.855495,39.805458,40.80712,39.823177,38.597164,35.067543,33.615574,30.476181,31.673395,25.885963,26.805672,23.46724,26.466387,21.905588,21.282621,19.817867,20.0687,16.461004,19.1075,13.965318,17.962715,13.514243,18.177246,17.87792,21.230782,23.377277,22.565622,27.870626,27.347408,30.905022,34.62539,31.02883,27.888155,23.340883,26.73998,20.40577,23.221998,20.62589,24.401453,26.100742,27.526476,23.474188,28.647741,30.118887,27.598015,28.795732,23.862032,28.524048,31.19946,28.179312,25.104433,23.331093,18.274834,17.47835,13.151723,12.672352
14,25.410656,23.355597,19.165264,17.080181,15.654461,10.753076,12.57853,6.5527987,7.7923474,6.2478223,7.529635,11.987251,6.822756,6.0006433,0.0,5.50818,7.0299287,10.367622,13.60284,16.572195,19.867601,22.953226,25.427437,29.435171,30.449055,29.954136,25.57245,23.500832,19.934128,19.452818,15.379927,17.724743,13.503219,15.597829,15.48751,17.442642,20.455696,20.83296,20.00826,19.147192,21.109123,19.5904,23.189486,20.962658,26.278997,25.912205,29.734539,31.570509,32.70006,35.91985,34.42905,34.215008,38.923847,40.3321,40.026417,38.97749,35.702194,34.636856,31.96684,34.017437,28.397808,30.042982,27.225391,30.84001,26.870323,26.332972,25.463213,25.954386,22.440477,24.918985,19.566486,23.220167,18.143751,22.307997,21.286905,24.317785,26.036655,24.380869,29.708397,28.476877,31.769278,35.247044,31.158037,28.004309,23.353403,25.808401,19.512972,21.094004,17.900043,21.235756,22.269175,23.880758,20.051619,25.195826,27.383347,25.53901,27.39838,23.353876,28.36425,31.210491,28.940739,25.68712,24.719316,19.22539,19.687742,15.282569,16.293137
15,24.219645,21.38802,18.190922,14.805376,13.149517,9.332372,9.662503,5.8499594,4.5082445,7.714741,6.7776403,12.952385,9.381473,6.789849,5.50818,0.0,4.5332217,6.146832,10.00408,12.773352,16.144802,19.503859,21.318121,25.374126,25.965199,25.189425,20.937597,18.491844,14.7433815,14.394985,9.952109,13.230414,9.49412,12.985811,12.967616,15.891411,18.225153,18.209532,16.274227,14.8105755,16.266706,14.409822,17.733429,15.477634,20.823967,20.891848,24.457624,26.669086,28.142231,31.071795,29.264736,29.374733,34.06818,35.19701,34.78902,33.61569,30.413536,29.165552,26.532303,28.749338,23.086277,25.013885,22.501028,26.504433,23.249567,22.634354,22.736568,23.908653,21.157967,24.413746,18.625072,21.508867,15.60797,20.231815,18.247211,21.725971,22.851791,20.567253,26.185524,24.397581,27.875483,31.172228,27.110786,23.620554,19.00904,21.48344,14.944252,17.107517,14.070477,17.741568,19.53733,21.268032,17.709692,22.998997,24.613255,22.936903,24.119726,20.00958,24.941957,28.007437,25.780384,22.356241,22.278244,16.1739,17.116886,12.895524,14.300186
16,20.111101,17.551165,14.275746,10.945793,10.100919,5.318321,8.515778,5.9633083,7.596473,10.918857,11.1707,17.156384,12.873546,10.373922,7.0299287,4.5332217,0.0,4.556188,6.6071677,9.931669,12.884491,16.115225,18.440212,22.485989,23.67216,23.20591,19.265951,16.988165,13.8153105,13.294819,10.303943,12.367848,11.087228,12.909918,14.621201,17.209148,20.159945,20.716019,18.575981,17.354061,17.472504,16.512247,18.360466,16.484953,20.780344,20.26726,24.121843,25.718702,27.351465,30.087706,28.72085,29.48938,33.715595,34.732143,35.044197,33.742764,31.109482,29.705122,27.645092,30.580778,24.888124,27.402641,25.325964,29.6328,26.894157,25.832283,26.316395,27.683039,25.09189,28.594713,22.99151,25.934025,19.976578,24.637669,22.33843,25.799614,26.583153,23.735065,29.36009,26.920202,30.260172,33.20337,28.88165,25.210464,20.731253,22.18447,15.756045,16.765732,12.886148,15.933859,17.42782,19.833025,17.104483,22.3373,24.45733,23.762575,25.148819,21.953964,26.95211,30.190447,28.538174,25.015463,25.729866,19.411484,21.022593,16.969206,18.728401
17,19.20721,15.879647,13.554875,9.437118,7.612686,5.880629,5.263103,6.447592,6.780793,12.065403,12.128389,18.230032,15.400894,12.92714,10.367622,6.146832,4.556188,0.0,4.9096026,6.717818,10.542269,13.646257,15.699387,19.590796,20.212551,19.805655,15.213039,13.646255,10.197903,10.82332,7.635238,11.747257,11.735495,14.802906,16.296555,19.485455,21.675743,21.710491,18.68216,16.692345,16.29544,14.406956,15.467678,12.920009,17.11316,15.900065,19.940208,21.402948,22.885529,25.763323,24.45485,24.953007,29.220613,30.407215,30.696316,29.556551,26.860285,25.800726,23.869303,27.112288,21.839918,24.684046,23.123653,27.769196,25.785347,25.138208,26.395117,28.15758,26.061543,29.65715,23.694134,25.814863,19.409771,23.704473,20.630472,23.973417,24.149233,20.672308,26.224926,23.241646,26.477854,29.173943,24.781878,21.016085,16.669262,17.755133,11.394475,12.361015,8.616653,11.979324,14.003624,16.254374,13.706311,18.89441,20.601957,20.12448,21.15366,18.30335,23.179724,26.528027,25.21905,21.65279,23.26663,16.778378,19.138119,15.6200075,18.058203
18,16.026901,12.772727,11.351507,6.4166903,6.7423224,5.6203027,8.205451,10.425641,11.643194,16.565907,16.557209,22.765457,19.193357,16.393326,13.60284,10.00408,6.6071677,4.9096026,0.0,4.087801,6.291263,9.68265,11.850542,15.885018,17.252151,16.95068,13.510467,11.385524,9.1555605,9.047265,8.6162815,10.212617,12.99966,14.357415,17.300236,20.128368,22.632908,23.188198,20.014912,18.45299,16.62656,16.15416,15.526429,14.099274,16.575403,15.506993,19.360273,20.420364,22.529087,24.694681,23.62693,25.426151,28.972559,29.625122,30.689907,29.204678,27.360777,25.763113,24.536043,28.404835,23.05046,26.394285,25.266796,30.048082,28.62628,27.313602,28.975674,30.982103,29.191414,33.21707,27.554235,29.780693,23.46702,28.0701,24.859373,28.366251,28.282963,24.49681,30.010612,26.51131,29.665491,31.926981,27.52119,23.553709,19.627054,19.726543,13.926527,13.895574,9.652685,11.740416,13.725708,16.895048,15.792808,20.543997,22.444324,23.039034,23.887096,21.888308,26.519098,29.962257,29.051615,25.493824,27.71255,21.202684,23.715675,20.338497,22.595001
19,14.455388,10.522953,10.346555,5.2553654,4.8950224,7.6244645,7.526138,12.039548,13.129565,18.47221,18.786226,24.83741,22.064142,19.482601,16.572195,12.773352,9.931669,6.717818,4.087801,0.0,4.56038,7.0479946,9.520038,13.148766,14.150409,14.327411,9.970922,9.664576,7.9301887,9.448585,9.709937,12.490884,15.97219,17.919086,20.640667,23.708902,25.815248,26.0569,22.428381,20.394068,18.21115,17.05808,15.386809,13.429896,15.044637,12.428243,16.687641,16.968718,18.763466,21.125925,20.543453,22.12377,25.444695,26.395926,27.783482,26.539886,24.857689,23.773098,22.955223,27.26799,22.584536,26.244225,25.69001,30.671083,29.886524,28.970789,31.114977,33.31746,31.774355,35.717125,29.820251,31.511831,25.001667,29.121937,25.430676,28.63529,28.049301,23.76874,28.968735,24.949453,27.78913,29.65029,25.16154,21.264061,17.747057,16.896713,11.904705,10.801991,6.6225452,7.9330244,10.193593,13.489333,13.243958,17.525232,19.261166,20.534245,21.215418,20.10937,24.45595,27.917715,27.590714,24.113213,27.164528,20.80925,23.96327,21.112354,23.886135
20,13.542287,9.867851,11.328264,6.5073977,8.3845,10.570183,12.058088,16.115458,17.226215,22.521894,22.48219,28.683842,25.432943,22.54487,19.867601,16.144802,12.884491,10.542269,6.291263,4.56038,0.0,3.8503203,5.7653933,9.683621,11.595857,11.730294,9.5803995,8.263963,8.51029,9.007633,11.608211,12.097032,17.415848,18.159115,21.705818,24.451658,26.595142,27.177765,23.485405,21.83892,18.609072,18.681839,15.746254,15.061192,14.9446745,13.133855,16.62219,16.71744,19.329988,20.624983,20.10835,23.154213,25.663094,25.856668,27.89863,26.247658,25.465532,23.731169,23.575432,28.25669,23.564785,27.51105,27.304438,32.269997,31.968933,30.485817,32.96375,35.370007,34.153572,38.464645,32.85917,34.60189,28.226334,32.649525,28.916533,32.317425,31.58618,27.218376,32.37724,28.101435,30.913988,32.42764,28.11289,24.108208,21.034111,19.707495,15.360427,14.108531,10.4697695,10.548435,12.621107,16.29129,17.108475,20.81845,22.43123,24.312815,24.66491,23.968607,28.000341,31.465698,31.284487,27.86379,31.194475,24.855846,27.902369,25.105604,27.597902
21,11.283374,7.5428987,10.754567,7.2555285,9.425542,12.896451,13.980912,18.675701,20.17251,25.375261,25.750347,31.852715,28.761509,26.044498,22.953226,19.503859,16.115225,13.646257,9.68265,7.0479946,3.8503203,0.0,4.669567,7.24107,9.755467,10.906742,9.051079,9.911349,11.113732,12.235792,15.083228,15.735242,21.248537,21.905443,25.547556,28.250927,30.395586,30.967083,27.181318,25.432076,22.018696,21.93119,18.416286,17.617851,16.56253,13.519034,16.991133,15.875883,18.149979,19.287884,19.620018,22.771273,24.607225,24.948317,27.659498,26.194815,25.912006,24.568491,24.980095,29.999805,25.893866,30.015352,30.190342,35.214558,35.262028,33.928154,36.590427,39.054623,37.884125,42.13478,36.42517,38.01328,31.558731,35.72105,31.800627,34.976658,33.989662,29.37089,34.22531,29.63282,32.10248,33.213562,28.886667,25.087172,22.475336,20.26537,16.960669,14.66682,11.497834,10.134632,11.54922,15.348715,17.310703,20.209637,21.910284,24.61294,24.999973,25.232773,28.968618,32.367702,32.730232,29.431625,33.24865,27.101662,30.507719,27.94552,30.719978
22,15.54346,12.021549,15.400346,11.469054,13.181395,16.28403,16.779419,21.510233,22.091309,27.729244,27.349375,33.516163,30.665102,27.633339,25.427437,21.318121,18.440212,15.699387,11.850542,9.520038,5.7653933,4.669567,0.0,4.2515306,6.43228,6.7185416,7.6325264,7.0268188,9.824718,10.638872,14.772995,14.677075,21.124962,21.75801,25.342276,28.081436,29.675749,30.128689,26.048334,24.331465,20.191359,20.634336,16.028948,16.183254,13.62766,11.890978,14.185539,13.643405,17.013302,16.963055,16.696814,21.179605,22.574718,22.008358,24.826315,22.934324,23.262358,21.275545,22.144922,27.313957,23.411598,27.689741,28.313581,33.255043,33.993538,32.4102,35.593884,38.340286,37.720894,42.261093,36.786602,38.01799,31.733366,35.97416,31.88298,35.194683,33.932095,29.261518,34.00357,29.244375,31.75915,32.595436,28.61975,24.685112,22.532022,20.330654,17.47653,15.925035,13.55176,12.500799,14.692351,18.080656,20.071001,22.808887,23.753494,26.338047,26.001047,26.132765,29.442238,32.81411,33.086174,29.88929,33.985714,27.953966,31.19974,28.955109,31.459234
23,16.258572,13.137881,17.520157,14.470548,16.154554,19.917253,20.018698,25.176035,25.849003,31.510717,31.294794,37.390812,34.74735,31.782452,29.435171,25.374126,22.485989,19.590796,15.885018,13.148766,9.683621,7.24107,4.2515306,0.0,4.0972896,5.913679,8.608329,9.966328,13.269306,14.456015,18.66042,18.669104,25.249361,25.86091,29.457964,32.176975,33.63351,34.028275,29.830256,28.033968,23.695566,24.053297,18.908428,19.120623,15.523185,13.048833,14.664036,12.878827,16.110044,15.253437,15.858511,20.828169,21.168232,20.391102,24.018978,22.241884,23.386488,21.7058,23.325497,28.740498,25.617897,29.999643,31.103252,36.00547,37.25109,35.779022,39.237736,42.09287,41.654926,46.194843,40.68879,41.676563,35.388878,39.38422,35.103134,38.214832,36.647163,31.784239,36.138283,31.094666,33.240993,33.56481,29.771408,26.094343,24.582142,21.626062,19.959658,17.805262,16.138725,14.186255,15.915005,19.02301,21.917328,23.791447,24.504578,27.750118,27.209206,28.176844,31.011093,34.252422,35.01967,32.016388,36.59768,30.836866,34.32885,32.388786,35.061916
24,19.253101,15.705045,19.868254,16.509106,17.34867,21.533953,20.346346,25.885355,25.91453,31.81575,31.353216,37.261078,35.2885,32.3547,30.449055,25.965199,23.67216,20.212551,17.252151,14.150409,11.595857,9.755467,6.43228,4.0972896,0.0,3.2982705,6.535752,9.097219,12.526919,14.446802,18.375767,19.308893,25.573225,26.975405,30.013945,33.013927,33.97355,33.976555,29.500084,27.365625,23.09626,22.869923,17.35849,17.388578,13.068592,10.1978,11.113219,9.017385,12.661282,11.302302,11.800829,17.062904,17.222162,16.324295,19.940548,18.243814,19.523987,18.130413,20.053633,25.563116,23.12606,27.52691,29.054409,33.908634,35.66356,34.53789,38.32708,41.311836,41.167267,45.63151,40.092293,40.582146,34.372993,37.998203,33.504578,36.409725,34.50782,29.547455,33.53499,28.33843,30.283113,30.296473,26.763382,23.208416,22.25906,19.046988,18.307436,16.378183,15.709748,13.823338,16.001621,18.478573,21.366522,22.882708,22.887379,26.04523,24.964737,26.164757,28.49429,31.616957,32.544945,29.7404,34.681427,29.275768,32.84974,31.39303,34.12338
25,21.385712,17.71653,21.396597,17.426952,18.200285,21.784472,20.648287,25.837158,25.364391,31.384916,30.423456,36.336,34.392387,31.286795,29.954136,25.189425,23.20591,19.805655,16.95068,14.327411,11.730294,10.906742,6.7185416,5.913679,3.2982705,0.0,6.9962845,7.1219,11.000935,12.477781,16.787474,17.277842,23.700068,25.10481,27.985722,30.96464,31.622475,31.564241,27.035595,24.994333,20.470615,20.61104,14.754571,15.468072,10.566478,9.59264,9.574724,9.189286,13.676334,11.883554,11.021904,17.048542,17.56167,15.965685,19.033775,16.857567,18.148075,15.952063,17.81814,23.248508,20.564848,24.968552,26.550846,31.309134,33.252045,31.914028,35.863354,38.942593,39.05477,43.660492,38.338882,38.738686,32.712234,36.489098,32.05206,35.133812,33.26055,28.452484,32.555756,27.497395,29.685547,29.84195,26.495363,22.747612,21.72981,19.119516,17.949541,16.927666,16.242805,15.134675,17.808313,20.269365,22.527637,24.508793,24.292091,26.886164,25.536903,26.09724,28.424168,31.568731,32.098766,29.274004,34.01761,28.5857,31.853199,30.426023,32.850986
26,18.824772,14.556823,17.400667,13.52581,13.019399,17.496307,14.766047,20.563934,20.181444,26.112974,25.765795,31.433994,30.067219,27.39436,25.57245,20.937597,19.265951,15.213039,13.510467,9.970922,9.5803995,9.051079,7.6325264,8.608329,6.535752,6.9962845,0.0,6.782112,8.198407,11.5465555,13.813513,16.862427,21.748035,24.350018,26.633238,30.018824,30.916985,30.544563,26.032448,23.421354,20.113384,18.522205,14.072504,12.522018,10.142547,4.8831997,8.458875,7.2145286,9.994939,11.259928,11.039808,13.874215,16.084314,16.641521,18.805286,17.647043,17.041336,16.46791,17.13968,22.39801,19.619982,23.858837,24.950945,29.97458,31.175604,30.662416,34.144703,36.94918,36.49813,40.611412,34.786415,35.154125,28.800285,32.113934,27.5803,30.321653,28.498295,23.49793,27.65225,22.56262,24.691587,25.218605,21.281652,17.5348,16.03825,13.100477,11.815068,10.01141,9.70498,8.527197,11.565832,13.659688,15.615722,17.704405,17.575588,20.049822,19.063257,19.775692,22.467611,25.726479,26.429136,23.481234,28.294205,22.845846,26.562237,25.18843,28.159456
27,21.085781,17.05775,19.054653,14.106535,14.330451,16.7082,15.573975,19.956692,18.947369,24.97597,23.599014,29.554926,27.522644,24.334066,23.500832,18.491844,16.988165,13.646255,11.385524,9.664576,8.263963,9.911349,7.0268188,9.966328,9.097219,7.1219,6.782112,0.0,4.149197,5.575266,9.696734,10.823718,16.69045,18.690393,21.178452,24.365234,25.074724,24.935955,20.453228,18.329496,14.210003,14.123201,9.09041,9.548399,6.999718,8.005439,9.597346,11.737684,15.750894,15.835186,13.725638,17.996548,20.523033,19.69253,21.0604,18.918486,18.329767,15.78375,15.856816,20.71737,16.42911,20.67642,21.334026,26.267897,27.292595,25.881813,29.415035,32.340225,32.161366,36.745968,31.401854,32.108345,26.0313,30.186455,26.009308,29.439243,28.067625,23.58096,28.390348,23.864538,26.731089,27.852814,24.190184,20.003897,17.790482,16.721655,13.372008,13.796277,12.265327,12.959103,16.291136,18.885712,19.515089,22.811598,22.884989,24.2314,23.197083,22.209742,25.335062,28.683088,28.3085,25.15436,29.042,23.17148,26.0007,24.135193,26.277494
28,21.457293,17.31981,18.194494,13.05807,12.442319,14.248569,12.411123,16.407913,14.947467,21.011305,19.54578,25.445673,23.65697,20.572893,19.934128,14.7433815,13.8153105,10.197903,9.1555605,7.9301887,8.51029,11.113732,9.824718,13.269306,12.526919,11.000935,8.198407,4.149197,0.0,4.1044374,5.930284,9.283013,13.670921,16.655846,18.525455,21.98966,22.738396,22.376749,17.945005,15.505188,12.331501,11.158595,7.7216034,6.6753564,7.42784,8.175941,10.809604,13.407818,16.610134,17.809414,15.56128,18.265753,21.774187,21.658167,22.21406,20.420038,18.71573,16.647156,15.649092,19.953115,15.11125,19.051357,19.077805,24.110586,24.446846,23.365582,26.524487,29.275124,28.780146,33.168625,27.620644,28.415964,22.188118,26.35756,22.262983,25.75096,24.640133,20.299374,25.42909,21.241505,24.379803,26.039988,22.183372,17.912956,14.9858055,14.850932,10.264488,11.625753,9.849571,11.7684765,15.267132,17.590384,17.160673,21.047636,21.211996,21.777033,20.977694,19.174425,22.730997,26.137747,25.345568,22.03917,25.460842,19.398146,22.10763,20.052956,22.230175
29,22.489252,18.728838,19.304245,14.020859,14.19135,14.535752,14.422876,17.180126,15.761485,21.493362,19.524233,25.558764,23.02054,19.60199,19.452818,14.394985,13.294819,10.82332,9.047265,9.448585,9.007633,12.235792,10.638872,14.456015,14.446802,12.477781,11.5465555,5.575266,4.1044374,0.0,5.4739723,5.440594,11.230428,13.224214,15.624664,18.80978,19.683651,19.727028,15.479433,13.708136,9.810518,10.555238,7.4205003,8.432614,9.143611,11.978767,13.736391,16.769054,20.405117,21.026613,18.46805,21.945301,25.215748,24.488699,25.033884,22.821777,21.457123,18.514648,17.43787,21.319218,15.72695,19.430967,19.034773,23.832073,23.862055,21.979025,24.983004,27.738653,27.314264,32.03665,26.902176,28.139402,22.213512,26.98102,23.323887,27.17985,26.465088,22.598736,27.945679,24.181602,27.55156,29.410215,25.729237,21.435465,18.34422,18.776958,13.778475,15.468072,13.111552,15.153645,18.422104,21.096724,20.464582,24.670998,25.106441,25.472425,24.810965,22.500477,26.200941,29.577656,28.357533,25.023935,27.808228,21.650494,23.72906,21.267876,22.814024
30,23.987564,20.179068,19.492048,14.431476,13.375207,12.875115,11.529543,13.259974,10.828285,16.548424,14.29766,20.218002,18.240055,15.009101,15.379927,9.952109,10.303943,7.635238,8.6162815,9.709937,11.608211,15.083228,14.772995,18.66042,18.375767,16.787474,13.813513,9.696734,5.930284,5.4739723,0.0,6.9117637,8.177353,12.355353,13.261599,16.94372,17.751814,17.287445,13.193898,10.783782,9.185168,7.565945,8.091497,6.7382517,11.134941,13.106087,15.58574,18.792326,21.493525,23.213541,20.622875,22.317467,26.531252,26.634481,26.318552,24.604815,22.056406,19.91206,17.747255,20.765177,14.925921,17.948408,16.671112,21.462849,20.46986,19.273447,21.659557,24.121782,23.20516,27.567762,22.048899,23.348627,17.165472,21.90756,18.398748,22.2911,21.971123,18.451853,24.085655,20.935051,24.540537,27.029781,23.25471,19.08536,15.280299,16.982553,10.960698,13.823927,11.614768,14.858766,18.048443,20.120604,18.175243,22.858622,23.289639,22.591515,22.204546,18.862131,22.95033,26.275017,24.51024,21.086342,23.097553,16.830723,18.604431,15.883956,17.43763
31,24.746838,21.533146,21.183075,16.11677,16.676695,14.995629,16.553617,17.365202,15.934014,20.793257,18.25284,24.16764,20.746979,17.068037,17.724743,13.230414,12.367848,11.747257,10.212617,12.490884,12.097032,15.735242,14.677075,18.669104,19.308893,17.277842,16.862427,10.823718,9.283013,5.440594,6.9117637,0.0,7.512097,7.9480305,10.942196,13.720037,15.000212,15.663917,12.102014,11.495063,7.920769,10.770691,10.031533,11.817057,13.662111,17.32246,18.865376,22.18648,25.809866,26.411509,23.656195,27.105234,30.524473,29.59878,29.851892,27.466736,25.982359,22.606655,21.075167,24.093378,17.81246,20.767319,19.466352,23.736454,22.819649,20.11333,22.401646,24.914093,24.295736,29.248758,24.67293,26.630798,21.229414,26.617302,23.740826,27.921743,27.885391,24.781763,30.367332,27.338001,30.980682,33.277863,29.710003,25.46723,21.975748,23.269184,17.59934,19.775309,16.925385,19.414642,22.38244,25.194635,23.92552,28.600786,29.379845,29.214653,28.867048,25.762236,29.755987,33.06911,31.236807,27.872591,29.611538,23.446083,24.652634,21.648329,22.353842
32,28.85424,25.736982,23.981234,19.381588,18.873768,15.772053,16.682528,15.119379,12.515764,15.992062,12.389145,17.65739,14.440901,10.7633705,13.503219,9.49412,11.087228,11.735495,12.99966,15.97219,17.415848,21.248537,21.124962,25.249361,25.573225,23.700068,21.748035,16.69045,13.670921,11.230428,8.177353,7.512097,0.0,6.098164,5.141003,8.910391,10.081995,10.212699,7.5987015,7.2753386,8.15343,9.266267,12.912628,13.283314,17.765598,21.167507,23.04768,26.745544,29.625935,31.112806,28.143522,30.027521,34.334717,34.0467,33.295723,31.308567,28.687057,25.887327,23.213423,24.875587,18.37516,20.022,17.3302,20.958513,18.227333,15.846828,16.714008,18.654339,17.287155,22.0377,17.467257,20.024115,15.021586,20.74164,18.848017,23.12842,23.994179,22.037638,27.702047,25.917915,29.785553,32.83075,29.452318,25.55055,21.542953,24.338133,18.090454,21.355846,18.797827,22.264616,25.038004,27.201508,24.520327,29.59983,30.367332,28.887089,28.839386,24.4515,28.646593,31.702953,28.989948,25.735233,25.895275,20.119621,20.112028,16.708948,16.42093
33,28.774698,26.287981,24.58065,20.285404,20.88099,17.017157,20.0583,18.200928,16.97402,19.797564,16.825504,21.910477,17.297356,13.694972,15.597829,12.985811,12.909918,14.802906,14.357415,17.919086,18.159115,21.905443,21.75801,25.86091,26.975405,25.10481,24.350018,18.690393,16.655846,13.224214,12.355353,7.9480305,6.098164,0.0,5.265876,6.5231357,9.548765,11.5301,10.489669,11.887903,11.163038,14.470108,16.549282,17.97442,21.109001,24.746555,26.504988,29.922142,33.242847,34.22124,31.421574,34.32037,38.120216,37.35986,37.22179,34.884907,32.978592,29.607317,27.48753,29.482037,22.880041,24.710382,22.237434,25.5232,22.92661,19.62553,20.113462,21.789862,20.42924,25.286255,21.673433,24.842657,20.536013,26.338406,24.818907,29.093925,30.071836,28.100557,33.774044,31.808817,35.64868,38.533333,35.04782,31.011765,27.049614,29.274609,23.00377,25.54864,22.338583,25.296112,27.806763,30.555058,28.404045,33.5194,34.736977,33.82896,34.0029,30.015135,34.343025,37.495983,34.964527,31.647934,31.886364,26.010628,26.060425,22.44384,22.01472
34,32.64831,29.88647,27.865032,23.537859,23.359863,19.530237,21.293823,18.761671,16.411213,18.509441,14.613575,18.776564,15.055363,11.664444,15.48751,12.967616,14.621201,16.296555,17.300236,20.640667,21.705818,25.547556,25.342276,29.457964,30.013945,27.985722,26.633238,21.178452,18.525455,15.624664,13.261599,10.942196,5.141003,5.265876,0.0,3.902266,5.553142,6.8549476,6.864039,8.823143,10.554664,12.966615,16.897089,17.952103,22.104353,26.118643,27.661201,31.578878,34.64167,35.893364,32.72954,34.877045,39.127487,38.544044,37.645847,35.480453,32.966908,29.799421,27.044685,28.102646,21.565636,22.52418,19.400354,22.070412,18.64873,15.461382,15.183969,16.621166,15.17543,20.100397,16.794086,20.000809,16.39557,22.189632,21.307358,25.549551,26.91146,25.730536,31.204025,30.011076,33.921925,37.108242,33.976852,30.193731,26.244303,29.323137,23.118052,26.463102,23.82387,27.26438,29.918264,32.15762,29.340729,34.494778,35.356667,33.65603,33.66948,28.985458,33.09872,36.006466,32.938343,29.840075,29.254236,23.944447,23.140085,19.73277,18.464144
35,34.820396,32.38858,30.21309,26.139648,26.293386,22.013847,24.533241,21.53669,19.630507,21.007263,17.306234,20.858095,16.645082,13.622113,17.442642,15.891411,17.209148,19.485455,20.128368,23.708902,24.451658,28.250927,28.081436,32.176975,33.013927,30.96464,30.018824,24.365234,21.98966,18.80978,16.94372,13.720037,8.910391,6.5231357,3.902266,0.0,4.643946,7.4564085,9.399781,12.133277,13.658327,16.67573,20.353584,21.740074,25.56799,29.754362,31.212648,35.115482,38.309723,39.40782,36.23674,38.66012,42.80036,42.035526,41.225315,38.93223,36.599487,33.207527,30.544638,31.456467,24.935463,25.677952,22.480167,24.639885,20.996761,17.418194,16.419065,17.360527,15.846387,20.593023,18.326483,21.938375,19.200232,24.873657,24.519436,28.673256,30.276207,29.396887,34.78928,33.79958,37.713604,40.938473,37.85349,34.089653,30.13178,33.197918,26.949894,30.158148,27.319292,30.66164,33.18346,35.57289,32.783848,37.991722,39.02791,37.3528,37.486122,32.767933,36.914913,39.78736,36.624447,33.56858,32.679848,27.534437,26.466743,23.003048,21.395588
36,37.945583,35.161037,33.339626,28.920692,28.779022,25.079218,26.596842,24.062748,21.326406,22.993074,18.68743,21.704048,18.745375,15.856339,20.455696,18.225153,20.159945,21.675743,22.632908,25.815248,26.595142,30.395586,29.675749,33.63351,33.97355,31.622475,30.916985,25.074724,22.738396,19.683651,17.751814,15.000212,10.081995,9.548765,5.553142,4.643946,0.0,3.3790607,6.6838613,10.125003,12.330701,15.438118,19.509123,21.281189,25.028196,30.002533,30.838614,35.245026,38.55313,39.400326,35.812042,38.20176,42.373146,41.353264,40.04112,37.695957,35.268223,31.704086,28.823437,29.035046,22.72841,22.850296,19.531515,21.027788,17.504133,13.479528,12.5574255,13.801811,13.343281,18.479506,16.877375,19.772734,17.82464,23.285069,23.092524,27.213173,28.71841,28.236876,33.31722,32.6498,36.56123,39.736618,37.093563,33.457615,29.842356,33.253033,27.396553,31.124313,28.83313,32.288715,35.11152,37.2512,34.39885,39.47286,40.02915,38.065228,37.749405,32.79817,36.51252,39.209934,35.797497,32.974293,31.962763,27.308569,25.815363,22.930729,20.834902
37,38.92924,35.875656,34.125156,29.574598,29.035524,25.732117,26.353516,24.026615,20.704592,22.462313,17.838066,20.473087,18.526007,15.797996,20.83296,18.209532,20.716019,21.710491,23.188198,26.0569,27.177765,30.967083,30.128689,34.028275,33.976555,31.564241,30.544563,24.935955,22.376749,19.727028,17.287445,15.663917,10.212699,11.5301,6.8549476,7.4564085,3.3790607,0.0,4.854104,8.101698,11.465314,13.70905,18.426645,19.954151,24.033144,29.11229,29.761724,34.37863,37.52299,38.470097,34.719208,36.68368,41.02351,40.109463,38.392258,36.185875,33.457905,30.090315,26.925623,26.661942,20.561417,20.233551,16.689651,17.90346,14.151416,10.233325,9.303545,10.888122,10.923103,16.26477,14.554061,16.897179,15.222302,20.497011,20.374203,24.427364,25.907108,25.71701,30.583916,30.2061,34.087685,37.303745,34.911243,31.440948,27.997871,31.721766,26.138544,30.215864,28.360165,31.953371,34.899208,36.73909,33.707287,38.66228,38.90792,36.638077,36.10401,30.9579,34.40411,36.95182,33.369946,30.712622,29.532806,25.251554,23.474483,20.978235,18.625994
