,0,1,2,3,4,5,6,7,8,9,10,11,12,13,14,15,16,17,18,19,20,21,22,23,24,25,26,27,28,29,30,31,32,33,34,35,36,37,38,39,40,41,42,43,44,45,46,47,48,49,50,51,52,53,54,55,56,57,58,59,60,61,62,63,64,65,66,67,68,69,70,71,72,73,74,75,76,77,78,79,80,81,82,83,84,85,86,87,88,89,90,91,92,93,94,95,96,97,98,99,100,101,102,103,104,105,106,107,108,109,110,111
0,0.0,4.352367,6.7971964,9.760332,12.421727,14.670047,18.126257,21.68853,25.869589,27.319046,32.347874,33.672283,37.29976,37.365086,39.37287,36.265453,40.92148,37.810078,43.030483,41.095448,43.16925,45.905403,46.266262,48.043182,44.755817,41.933834,38.09989,38.536926,35.824184,37.92894,34.952324,40.265797,37.472027,43.656483,41.225895,44.634956,45.407116,42.303604,43.57844,43.045506,38.15756,39.075012,34.31537,37.4813,32.832214,35.991383,33.53296,35.283756,33.791996,31.941572,30.21161,30.012388,31.186218,27.519104,23.869946,23.507658,23.270119,24.738169,21.997414,17.62972,19.381021,16.199379,20.74771,20.59217,25.539646,25.842346,27.262566,29.679447,34.27673,34.226833,29.802996,31.37999,27.773237,28.092827,22.774075,25.002655,21.064323,21.512165,21.485294,19.018948,23.104671,24.421251,25.65701,26.179373,25.389587,27.46556,28.235846,31.325827,33.95449,36.12435,38.031773,40.479187,41.549923,35.574303,37.669556,33.179226,35.523838,31.396523,27.872753,24.268774,24.740984,20.468458,20.951437,16.151953,13.212121,18.71556,20.368952,24.009106,26.723404,29.606031,32.051575,34.830734
1,4.352367,0.0,5.317604,6.660352,8.903782,12.342989,14.669702,19.092989,22.772701,24.56749,29.311962,31.01494,34.367718,34.114815,36.010677,32.630543,37.163147,33.929535,39.02833,37.10612,39.054283,41.924316,42.145187,44.018284,40.84938,38.213314,34.235462,34.473537,31.76596,33.694576,30.792305,36.01645,33.41582,39.583893,37.239883,40.759182,41.465828,38.308327,39.431507,38.81374,33.922886,34.7407,29.975956,33.150524,28.574867,31.811937,29.493202,31.341703,30.045898,28.384666,26.615488,26.85974,28.17799,24.866076,20.734383,20.53293,19.609678,21.163683,18.338692,14.021815,15.371995,12.689641,17.259043,17.367266,22.776873,23.007668,24.916903,27.085064,31.742435,31.459988,26.630178,27.982115,24.175592,24.437826,18.827066,20.88035,16.806232,17.16278,17.21129,14.870875,19.009119,20.127779,21.45476,21.860277,21.159775,23.17178,24.215519,27.451494,30.192183,32.567318,34.438824,36.73941,37.955685,31.985443,34.48894,29.95276,32.7076,28.75902,24.955517,21.485592,21.216227,17.230648,16.974377,12.3825445,10.103822,15.426958,16.690645,20.853079,22.951397,26.080805,28.418882,31.238955
2,6.7971964,5.317604,0.0,5.305675,6.7576723,8.297042,12.147266,14.990668,19.346472,20.553291,25.65451,26.969349,30.691187,30.821587,33.087917,30.198769,35.121895,32.363686,37.747005,36.31585,38.722706,41.53371,42.4242,44.526855,41.754826,38.916176,35.33965,35.380558,31.6646,33.664696,30.131582,35.416374,31.89206,38.05219,35.553856,38.735806,39.834282,36.981716,38.380238,37.9993,33.456944,34.751225,30.125315,33.927994,29.96311,33.27061,31.099403,33.412724,32.399525,30.671822,28.379215,28.964712,29.515043,26.874565,22.633339,23.334276,22.111908,24.251802,21.75539,17.356005,17.832613,14.457081,18.1817,17.011772,22.64643,21.738283,23.720203,25.352179,30.427132,29.515234,24.847195,27.001213,23.009682,24.56402,18.567278,21.557394,17.965721,18.273859,19.002596,16.853968,20.697897,21.394073,21.42106,21.991943,20.6657,23.545135,23.394844,27.283041,29.482367,31.9173,33.282196,35.54674,36.286907,30.106878,31.773615,27.137926,29.411304,25.218006,21.660355,17.808205,18.750116,14.09192,15.4777565,10.4844675,7.58817,13.029073,14.691312,17.677938,20.717934,23.357635,25.783813,28.599884
3,9.760332,6.660352,5.305675,0.0,3.853237,6.5088196,8.743585,13.371941,16.813326,19.130142,23.751204,25.082079,28.278746,28.246984,29.856367,26.731873,31.296328,28.229034,33.58042,31.731697,34.12262,36.73864,37.646248,39.58101,36.68199,33.710632,30.247387,30.487425,26.878042,29.26182,25.898653,31.553028,28.966105,34.927364,33.027317,36.385395,37.686146,34.851574,35.646687,34.75597,30.62466,31.115017,26.509432,29.861383,25.702866,28.75583,26.338604,28.732307,27.649044,25.75589,23.282656,23.90695,24.289413,21.91576,17.572428,18.678303,17.44105,19.959328,18.02161,13.476842,13.6153965,9.531372,12.924383,11.770675,17.507944,16.869461,19.03207,20.78133,25.699804,25.027617,20.240896,22.025682,18.198936,19.351171,13.684509,16.773037,13.643865,14.728014,16.032877,14.751005,18.676958,18.498169,19.046814,18.73804,16.85618,19.32776,18.932629,22.284185,24.583967,26.880257,28.49299,30.894354,31.837215,25.82724,27.999067,23.537624,26.140802,22.218252,18.484472,15.243073,15.185446,11.387373,12.178621,8.440494,8.3568325,12.926592,13.3741,17.004797,18.298223,21.662176,23.349728,26.721416
4,12.421727,8.903782,6.7576723,3.853237,0.0,5.3628645,5.835392,10.753589,13.918956,16.065756,20.567595,22.38681,25.54406,25.221075,27.159327,23.892027,28.641308,25.727915,31.040216,29.638569,32.02596,34.929134,35.86621,38.111683,35.615402,32.941563,29.394882,29.144806,25.086452,26.99894,23.379921,28.728333,25.540794,31.610395,29.455078,32.77075,34.01589,31.20325,32.19661,31.541883,27.32681,28.291933,23.73943,27.607948,23.9831,27.275875,25.307894,27.94158,27.313091,25.809006,23.250317,24.604715,24.98786,23.299303,18.535616,19.93809,17.69043,20.229034,18.163364,14.200717,13.395784,10.638076,13.296455,11.976571,18.227606,16.837572,19.661089,20.664959,25.81015,24.413498,19.1401,21.084986,16.759174,18.671179,12.187931,15.391337,12.202748,12.652938,14.182518,12.958493,16.46207,16.146835,15.851782,15.854211,14.042218,17.112728,16.68511,20.91721,23.083096,25.804356,27.002316,29.072783,29.944365,23.753635,25.982277,21.298424,24.2228,20.381317,16.361755,12.889806,12.451502,8.351072,8.860074,4.648585,5.536077,9.275062,9.55341,13.244539,14.659119,17.915546,19.838892,23.020853
5,14.670047,12.342989,8.297042,6.5088196,5.3628645,0.0,5.9677215,7.380133,11.704822,13.418153,18.405916,19.176456,22.779325,23.247156,25.28353,22.868967,27.896477,25.557095,31.191582,30.08469,33.049007,35.55155,37.34144,39.573685,37.32003,34.217022,31.376581,31.276455,26.38017,28.747599,24.614126,30.184074,26.484156,32.26012,30.294422,33.153717,35.022587,32.67037,33.704174,33.077225,29.611948,30.634584,26.405212,30.451899,27.313162,30.33001,28.261087,31.169859,30.552015,28.737192,25.737751,26.907972,26.330404,25.09874,20.835323,22.938719,21.25707,24.225576,22.72579,18.597599,17.71118,13.810471,15.385143,12.560218,18.087185,15.596349,17.984499,18.59025,24.006792,22.23706,17.687075,20.62046,16.637165,19.767975,14.016879,18.1115,16.052216,16.916803,18.936548,18.061565,21.26261,20.504887,19.360598,19.160612,16.460232,19.954355,17.789421,21.965847,23.351793,25.719837,26.495867,28.737265,28.995573,22.788664,23.759706,19.17873,21.155052,16.925253,13.486769,9.688198,11.62575,7.0219846,10.866822,7.9410768,8.577488,11.373713,11.777474,13.274184,15.305801,17.948557,19.465929,22.912525
6,18.126257,14.669702,12.147266,8.743585,5.835392,5.9677215,0.0,6.852276,8.480962,11.534048,15.4347515,17.26759,20.020962,19.626156,21.344961,18.154634,22.978254,20.292662,25.768492,24.68707,27.437729,30.232561,31.766922,34.193386,32.199272,29.486898,26.444057,25.916847,20.885077,22.90433,18.782347,24.282103,20.970716,26.769587,25.034115,28.16634,29.935944,27.4821,28.14514,27.292492,23.91811,24.684334,20.498407,24.606628,21.830378,24.89354,23.185118,26.279415,26.10337,24.714037,21.700392,23.714174,23.34226,22.940567,18.214634,20.602625,17.830076,20.822517,19.58547,16.313383,14.357445,12.012619,12.437033,10.059538,16.067106,13.401641,16.846048,16.761396,22.041328,19.800415,14.269779,16.644466,12.071405,15.441682,9.014225,13.022376,11.448837,12.181818,14.719428,14.7081785,17.248657,15.70414,14.307851,13.5965185,10.566736,14.247017,12.108585,16.910769,18.446016,21.327213,21.973503,23.87795,24.476452,18.188784,20.25618,15.5170145,18.67218,15.078536,10.844646,7.8028855,6.648478,3.1160996,5.147586,5.1118903,9.038122,9.460073,8.163071,10.577561,10.254986,13.752081,14.803859,18.527817
7,21.68853,19.092989,14.990668,13.371941,10.753589,7.380133,6.852276,0.0,5.288475,6.1029677,11.176212,11.992358,15.778223,16.330942,19.001963,17.172194,22.588285,21.151796,26.74218,26.700542,30.010254,32.56553,35.024574,37.672657,36.33281,33.515965,31.196474,30.448772,24.444721,26.292103,21.557442,26.509676,21.637867,27.025772,25.01741,27.314869,29.702938,27.916588,29.111961,28.808985,26.18638,27.804054,24.239536,28.91741,27.182596,30.111673,28.740273,32.05888,32.143406,30.759602,27.504803,29.559505,28.436497,28.563313,24.247904,27.007101,24.461708,27.557705,26.419647,23.12899,21.193705,18.507698,18.501343,15.192692,20.134193,16.145588,19.10706,17.997751,23.448147,20.175758,15.663274,19.29394,15.213255,20.134468,14.686665,18.881212,17.995234,18.348288,20.837837,20.605429,22.663002,21.243622,18.41632,18.29562,15.180157,19.386536,15.836039,20.918962,21.306892,23.971258,23.614748,25.256632,24.881195,18.657694,18.61786,13.893982,15.6857195,11.590146,8.272095,3.8979683,7.8858595,4.2898393,10.054405,9.868755,11.926514,11.125716,10.6781645,9.117876,10.960651,12.454144,13.521462,16.904606
8,25.869589,22.772701,19.346472,16.813326,13.918956,11.704822,8.480962,5.288475,0.0,4.6239967,7.311184,8.927005,11.636191,11.568788,13.961143,11.887336,17.334963,16.114695,21.633087,21.973558,25.384811,27.93564,30.658857,33.465755,32.62454,30.060848,28.070024,26.972681,20.498222,22.112934,17.201439,21.916977,17.178898,22.169949,20.672348,22.884192,25.632298,24.12902,24.854288,24.309275,22.50211,23.822163,20.775589,25.411098,24.511053,27.15597,26.183405,29.673954,30.188648,29.109594,25.793444,28.418476,27.062391,28.149328,23.917458,27.029112,24.002005,27.108284,26.472036,23.91765,21.342085,19.562305,18.366884,15.226733,19.497936,15.110263,18.531523,16.4596,21.51959,17.534922,12.80569,16.28032,12.318539,17.928953,13.293939,17.113026,17.380526,17.731716,20.559252,21.144806,22.438053,20.26004,17.012993,16.315842,12.812412,16.887657,12.431071,17.679047,17.487442,20.349655,19.406725,20.62585,20.127726,13.955104,14.112664,9.257671,11.933551,8.706343,4.9701023,3.269407,4.705328,5.577163,9.409179,11.899897,15.303502,13.067144,11.368102,9.384663,8.070547,9.564272,9.115116,13.123225
9,27.319046,24.56749,20.553291,19.130142,16.065756,13.418153,11.534048,6.1029677,4.6239967,0.0,5.4928975,7.1918316,11.025006,11.344123,15.064066,13.917391,19.487225,19.107151,24.255777,25.368912,28.740583,31.402475,34.221794,37.227913,36.72531,34.361668,32.391872,31.04216,24.483171,25.543829,20.579874,24.452484,18.3775,23.217579,21.011366,22.639074,25.400034,24.201435,25.674715,25.853619,23.988094,26.31423,23.523413,28.625597,28.169842,30.996517,30.327467,33.80413,34.459827,33.528442,30.288181,32.95764,31.673576,32.627174,28.309496,31.268187,28.135672,31.114914,30.115974,27.499481,25.022472,23.345272,22.659216,19.521145,23.928608,19.449598,22.616148,20.463362,25.493057,21.256443,17.088129,20.723875,16.8995,22.530502,17.625364,21.300446,21.082342,20.891205,23.404678,23.519701,24.609138,22.923904,18.93962,19.082968,16.233498,20.5806,16.604195,22.092768,21.73227,24.600441,23.267536,24.132998,23.248932,17.424423,16.518017,12.103836,13.687219,10.598237,8.336837,6.212632,9.165635,8.42489,12.482829,13.806803,16.091894,13.244879,12.34256,8.263871,9.598167,8.991193,9.593556,12.312441
10,32.347874,29.311962,25.65451,23.751204,20.567595,18.405916,15.4347515,11.176212,7.311184,5.4928975,0.0,4.9205747,6.757891,6.1446295,10.571001,10.101314,15.392431,16.010172,20.546911,22.569693,25.950026,28.526178,31.691744,34.885025,35.11061,33.13614,31.637451,29.881367,23.025707,23.539951,18.625385,21.518509,15.151282,19.017128,17.246948,18.257624,21.588758,21.051914,22.225863,22.460028,21.790348,24.119272,22.232277,27.23784,27.89631,30.365074,30.22869,33.77263,34.878,34.29085,31.091337,34.20784,32.714844,34.49131,30.359013,33.534122,30.073893,32.968525,32.360912,30.382593,27.481522,26.52093,25.032207,22.111177,25.773546,21.133194,24.394485,21.477762,25.843212,21.026346,17.329155,20.591562,17.354572,23.201637,19.329401,22.40388,23.086922,22.791927,25.407621,26.104698,26.449102,24.271389,19.898695,19.738827,16.989704,20.907345,16.519596,21.722572,20.643793,23.499315,21.370234,21.502535,20.235525,15.160301,13.76799,10.19297,11.822059,10.53693,9.4765625,9.825281,10.884637,12.444869,15.025409,17.76583,20.675694,17.023907,15.454813,11.273371,10.140669,8.328287,6.8474545,9.128362
11,33.672283,31.01494,26.969349,25.082079,22.38681,19.176456,17.26759,11.992358,8.927005,7.1918316,4.9205747,0.0,4.7271137,7.1801972,10.563957,11.916468,16.708307,17.820356,22.445898,24.256948,28.058304,29.964294,33.805927,36.712612,36.879917,34.416397,33.52854,32.210285,25.172676,26.439562,21.542366,24.879002,19.336311,22.489372,21.421064,22.002945,25.729582,25.548388,26.410494,26.336569,26.267763,28.00949,26.208372,30.799726,31.222275,33.39305,32.86574,36.450306,37.301228,36.322567,32.88919,35.59339,33.493782,35.373444,31.688381,35.144676,32.286316,35.446587,35.12027,32.731297,30.062668,28.172176,26.45326,22.957355,25.846643,20.843672,23.465078,20.29035,24.451744,19.50862,17.071054,20.914623,18.416967,24.510115,21.398907,24.930752,25.927486,26.171667,28.976738,29.659739,30.44874,28.17952,24.200956,23.70365,20.439257,24.17873,19.002571,23.402363,21.83129,24.019041,21.746172,22.230932,20.351889,15.757519,12.508357,9.767875,9.163355,7.915177,8.88843,10.04684,12.882946,14.271721,18.073431,20.446371,23.129343,20.319927,19.044601,14.970264,14.3871565,13.143775,11.451833,13.859582
12,37.29976,34.367718,30.691187,28.278746,25.54406,22.779325,20.020962,15.778223,11.636191,11.025006,6.757891,4.7271137,0.0,4.000391,6.4429054,9.27476,13.097383,15.138385,19.085794,21.440664,25.257053,26.861368,31.064394,33.981167,34.68653,32.478306,32.1059,30.603714,23.507372,24.549839,19.927433,22.597368,17.737484,19.701292,19.545689,19.681902,23.84172,24.168056,24.40979,24.054344,25.128674,26.384157,25.321215,29.484488,30.635805,32.37391,32.15821,35.730526,36.861874,36.09796,32.724792,35.684044,33.38487,35.9379,32.522247,36.13219,33.144306,36.232777,36.310616,34.40844,31.473963,30.064049,27.69215,24.445839,26.592638,21.664473,24.273098,20.591301,23.964857,18.729002,16.903227,20.206242,18.444393,24.414736,22.371078,25.381466,27.128168,27.448206,30.34428,31.513247,31.871529,29.184875,25.258392,24.346247,21.0982,24.272087,18.840845,22.57267,20.392347,22.35583,19.472126,19.378244,17.113983,13.582369,9.735676,8.560708,7.793791,8.988976,10.679218,13.1892,14.486258,17.21035,20.020079,23.325006,26.568333,23.41131,21.640394,17.928429,15.749651,14.481318,11.493818,13.6659155
13,37.365086,34.114815,30.821587,28.246984,25.221075,23.247156,19.626156,16.330942,11.568788,11.344123,6.1446295,7.1801972,4.000391,0.0,5.0587974,6.5463653,10.5754385,12.627355,16.271456,19.075603,22.570232,24.648552,28.435482,31.605015,32.54468,30.813677,30.130651,28.216698,21.225561,21.57624,17.031158,19.06102,13.845117,15.793161,15.565436,15.845241,19.968721,20.257795,20.409826,20.137232,21.310814,22.768536,21.973364,26.260084,27.88403,29.672787,29.86877,33.403004,34.823227,34.426296,31.25448,34.597996,32.695347,35.371784,31.724268,35.170124,31.722511,34.58532,34.608463,33.1689,30.001184,29.394657,26.98098,24.229424,26.699368,22.074663,25.14131,21.54767,24.883017,19.718847,17.054943,19.724785,17.647007,23.358328,21.1616,23.633821,25.437515,25.426958,28.205048,29.563707,29.460274,26.687384,22.582851,21.709846,18.85307,21.865543,16.928682,20.980543,18.97122,21.405096,18.447779,17.840628,16.006433,12.399772,10.23941,8.705048,9.965953,11.189721,11.587134,13.908175,13.700557,16.938047,18.605844,22.424461,25.956682,22.250395,20.15303,16.694405,13.536494,12.063282,8.491031,10.361966
14,39.37287,36.010677,33.087917,29.856367,27.159327,25.28353,21.344961,19.001963,13.961143,15.064066,10.571001,10.563957,6.4429054,5.0587974,0.0,4.9982376,6.8441133,9.643903,12.915498,15.541335,19.322363,20.691975,25.09704,27.99356,29.13931,27.289444,27.350674,25.66058,18.706566,19.577168,15.486397,17.662178,14.750499,15.477177,16.897919,17.258602,21.550554,21.991478,21.018734,19.79646,22.074713,22.133759,21.826582,25.141037,26.945824,28.08096,28.17885,31.654415,33.084206,32.61877,29.43088,32.70766,30.384188,33.679146,30.588747,34.247627,31.105087,34.002686,34.632446,33.452194,30.24447,29.599592,26.457624,23.82562,25.140814,20.7168,23.471573,19.53267,21.926546,16.76352,15.086891,17.165018,16.275473,21.60746,21.003414,23.116533,25.809454,26.31902,29.27414,31.122036,31.024948,27.786621,24.384323,22.733685,19.547024,21.692696,16.243757,18.860096,16.131762,17.947468,14.530803,13.6677265,11.357723,9.085237,6.435448,7.249147,8.342638,11.274062,12.380337,15.850476,14.854113,19.054718,20.285606,24.709751,28.734894,25.450634,23.008577,20.462528,16.15212,15.748558,11.55363,13.994656
15,36.265453,32.630543,30.198769,26.731873,23.892027,22.868967,18.154634,17.172194,11.887336,13.917391,10.101314,11.916468,9.27476,6.5463653,4.9982376,0.0,5.59406,6.181802,10.660545,12.743059,16.300732,18.549448,22.13038,25.255268,26.02687,24.398222,23.668667,21.720093,14.734688,15.313676,10.859212,13.648638,10.859382,12.919784,14.046845,15.562071,19.290987,18.959127,17.83014,16.307932,17.803986,17.699707,16.967295,20.506819,22.135742,23.532621,23.737638,27.237114,28.759272,28.504454,25.455763,29.024256,27.248753,30.345438,26.888842,30.327297,26.791822,29.52452,30.040255,29.156792,25.810604,25.807459,22.74895,20.6362,22.561855,18.560045,21.898998,18.406881,21.22493,16.46078,13.160035,14.639428,12.925277,17.988602,16.90909,18.615211,21.269484,21.617775,24.516087,26.526268,26.255728,22.916113,19.694456,17.851183,14.789163,16.811672,11.72122,14.995235,12.876152,15.570259,12.697557,11.901307,10.884364,6.8459754,8.043627,6.607705,10.353715,11.940931,11.230078,14.223918,11.566737,16.210861,16.26101,21.122482,25.457306,22.072998,19.313454,17.649158,12.268865,12.70154,8.314629,11.488755
16,40.92148,37.163147,35.121895,31.296328,28.641308,27.896477,22.978254,22.588285,17.334963,19.487225,15.392431,16.708307,13.097383,10.5754385,6.8441133,5.59406,0.0,4.500871,6.0739765,9.2794695,12.711852,14.301134,18.480385,21.534286,23.169472,22.044119,22.225018,20.109165,13.660835,13.855837,10.802492,11.983877,12.178468,11.558239,14.72336,15.726484,19.5149,19.762861,17.414667,15.071746,18.46109,17.024267,17.63376,19.834105,22.440495,22.936684,23.56429,26.825014,28.66503,28.711836,25.933426,29.63266,27.670578,31.534773,28.680481,32.13095,28.703894,31.19496,32.27894,32.01864,28.591322,29.061378,25.420856,23.784473,24.564653,21.119656,24.085335,20.417059,21.897167,17.463135,15.408307,15.603377,15.389179,19.309578,20.00043,20.783327,24.222393,24.745056,27.544666,30.017021,29.34948,25.700579,23.024277,20.7396,18.057693,18.836832,14.247326,15.532897,12.671194,14.59268,11.011547,8.781845,7.5578504,7.365339,9.170458,10.433154,13.252101,16.047682,16.024939,19.447983,16.406643,21.35895,20.751583,25.938383,30.48577,27.126963,24.186361,22.94413,17.10157,17.58509,13.160751,15.40987
17,37.810078,33.929535,32.363686,28.229034,25.727915,25.557095,20.292662,21.151796,16.114695,19.107151,16.010172,17.820356,15.138385,12.627355,9.643903,6.181802,4.500871,0.0,5.768619,6.587544,10.244537,12.525747,16.022009,19.078035,19.96114,18.653498,18.208487,16.138695,9.387606,10.156047,6.7425466,9.816273,11.454693,12.365347,15.136181,17.239773,20.354721,19.749067,17.234219,14.348086,16.695848,14.406642,14.32151,16.25875,18.243324,18.792463,19.178982,22.509274,24.258497,24.282597,21.522131,25.32817,23.65544,27.407776,24.447477,27.792244,24.294353,26.733437,27.928139,27.826807,24.396067,25.137465,21.397484,20.19881,21.070473,18.133514,21.362848,18.14418,19.798285,15.908937,12.837695,12.2671,11.813376,15.148,16.088661,16.471289,20.153595,20.886599,23.707695,26.382141,25.82677,22.013391,19.991821,17.238104,14.439462,14.685633,10.217882,11.187893,8.698087,11.314282,8.468432,6.7793303,7.3479714,5.312882,10.087007,10.073713,14.044176,15.965587,14.951767,18.09288,14.036957,19.175982,17.769344,23.15784,27.923094,24.93772,21.825918,21.605406,15.223631,16.788593,12.696746,15.670449
18,43.030483,39.02833,37.747005,33.58042,31.040216,31.191582,25.768492,26.74218,21.633087,24.255777,20.546911,22.445898,19.085794,16.271456,12.915498,10.660545,6.0739765,5.768619,0.0,5.192876,7.208797,9.305789,12.825111,16.12063,18.416456,18.343893,18.60116,15.983241,10.885259,9.880484,9.086557,8.297734,12.629679,10.672468,15.093795,16.58713,19.428316,19.437502,15.869906,12.40589,16.765902,13.588421,15.3519,15.945361,19.449587,19.151234,20.43481,23.299746,25.56613,26.203354,24.003956,28.001451,26.532507,30.769936,28.22874,31.322182,27.725592,29.697527,31.170975,31.80806,28.310701,29.8059,25.930183,25.272987,25.6043,23.209719,26.174667,22.97698,23.67288,20.186745,18.01318,16.63473,16.981358,19.126629,20.905466,20.35017,24.232056,24.708017,27.195343,30.130291,28.946037,25.093033,23.262287,20.569683,18.656841,18.007797,14.949167,14.709519,12.256611,13.999562,11.036512,7.7503214,8.6274395,10.380402,14.213392,15.38311,18.685911,21.241293,20.610563,23.773321,19.649889,24.718801,22.773903,28.237152,32.999092,29.693642,26.513708,26.293388,19.792229,20.842573,16.772297,18.60234
19,41.095448,37.10612,36.31585,31.731697,29.638569,30.08469,24.68707,26.700542,21.973558,25.368912,22.569693,24.256948,21.440664,19.075603,15.541335,12.743059,9.2794695,6.587544,5.192876,0.0,4.3232436,6.0888705,9.735231,12.56196,13.900281,13.270416,13.69803,11.588935,6.7028337,7.621601,7.908804,9.574408,15.422372,14.896073,18.777008,20.969282,23.408394,22.747353,19.14409,15.249642,18.419394,13.932286,14.87912,14.217601,16.624243,15.729213,16.39223,19.19527,21.194288,21.601332,19.420528,23.257427,21.70534,26.175152,24.084986,27.163298,23.981411,25.93248,27.907646,28.669104,25.358557,26.765602,22.535528,22.312836,21.869225,20.267632,22.997612,20.257967,20.399992,17.823511,15.722848,13.22216,14.406788,15.213806,18.38848,17.363714,21.775755,22.854713,25.389742,28.56674,27.75302,23.713476,22.975412,19.66703,17.47923,15.91028,13.020944,10.805471,8.421022,9.6968,7.6926208,4.905976,7.8025155,9.605647,14.767982,15.732479,19.281366,21.438675,20.474434,23.633255,19.089458,24.198298,21.922281,27.37292,32.289543,29.712301,26.4715,27.199106,20.520369,22.580141,18.784561,21.438225
20,43.16925,39.054283,38.722706,34.12262,32.02596,33.049007,27.437729,30.010254,25.384811,28.740583,25.950026,28.058304,25.257053,22.570232,19.322363,16.300732,12.711852,10.244537,7.208797,4.3232436,0.0,4.694859,5.869348,9.326074,11.494927,12.445017,12.60135,9.778743,7.6346135,6.504968,9.318169,8.816262,16.475784,15.279626,19.408712,21.714544,23.456013,22.686398,18.570635,14.330338,17.798681,12.36767,14.25899,12.128157,15.422462,13.833412,15.335218,17.59819,20.054064,21.1354,19.646393,23.6756,22.783121,27.252274,25.312912,27.927885,24.552145,25.949858,28.045057,29.528206,26.22439,28.489681,24.402403,24.873018,24.467134,23.518726,26.254892,23.895382,23.800066,21.737669,19.47858,16.512802,17.559097,17.262287,20.54108,18.60337,22.920965,23.733177,25.87588,29.244328,27.959211,23.967863,23.708572,20.417866,19.06525,16.698837,15.400344,12.860766,11.470686,12.618165,11.492659,8.927834,11.855816,13.813155,19.055552,19.837666,23.54767,25.581945,24.327728,27.188967,22.2534,27.189001,24.165659,29.587593,34.47364,31.79977,28.507318,29.662197,22.856756,24.928192,21.422947,23.567593
21,45.905403,41.924316,41.53371,36.73864,34.929134,35.55155,30.232561,32.56553,27.93564,31.402475,28.526178,29.964294,26.861368,24.648552,20.691975,18.549448,14.301134,12.525747,9.305789,6.0888705,4.694859,0.0,5.983509,7.7023935,10.489022,11.027544,13.213225,11.593833,10.30666,10.886495,13.244624,13.339287,20.56448,18.849335,23.349434,25.216732,27.323723,26.913712,22.7339,18.550198,22.432718,17.036427,18.845482,16.360744,19.037708,16.867054,17.747013,19.689915,21.762854,22.458029,20.954334,24.424608,22.8525,27.821299,26.699903,29.49893,26.832962,28.341702,30.88593,32.208023,29.11938,30.785536,26.332775,26.603632,25.084827,24.323296,26.440931,23.978218,22.831238,21.22808,20.294409,17.07546,19.299309,18.723186,23.158543,21.491343,26.120388,27.382277,29.658957,33.049454,32.07516,28.032333,27.979633,24.538408,22.749416,20.390102,18.37778,14.71467,12.633191,12.268415,11.077247,8.542739,11.175171,14.961206,19.483877,21.239294,24.23937,26.753113,26.11768,29.419546,24.90784,29.975233,27.501871,32.88969,37.824577,35.45505,32.192738,33.2034,26.478445,28.563248,24.787043,27.178415
22,46.266262,42.145187,42.4242,37.646248,35.86621,37.34144,31.766922,35.024574,30.658857,34.221794,31.691744,33.805927,31.064394,28.435482,25.09704,22.13038,18.480385,16.022009,12.825111,9.735231,5.869348,5.983509,0.0,3.9602423,7.402882,10.486363,11.233858,8.806565,10.977876,9.947969,14.145429,13.14097,21.4971,20.028728,24.162819,26.502249,27.648691,26.751446,22.352333,18.037868,21.26631,15.088632,17.28108,13.179936,16.205488,13.30778,15.074361,16.212454,18.775404,20.35101,19.790077,23.497301,23.076122,27.667074,26.504137,28.593403,25.630337,26.397522,28.974026,31.162233,28.150873,30.913094,26.815578,28.012568,26.92854,26.976011,29.322319,27.493147,26.627611,25.547796,23.712595,20.060669,21.642786,19.836678,24.001972,21.273243,25.598827,26.544895,28.28737,31.834143,30.403116,26.525051,27.240152,23.837656,23.0165,19.77763,19.686687,15.9962,15.312562,15.5749,15.503273,13.482584,16.572317,19.078129,24.360004,25.281574,28.895864,30.87464,29.534771,32.286415,27.158154,31.91217,28.436409,33.674946,38.515373,36.182205,32.90099,34.6601,27.861572,30.205067,26.956484,29.003344
23,48.043182,44.018284,44.526855,39.58101,38.111683,39.573685,34.193386,37.672657,33.465755,37.227913,34.885025,36.712612,33.981167,31.605015,27.99356,25.255268,21.534286,19.078035,16.12063,12.56196,9.326074,7.7023935,3.9602423,0.0,5.1597576,8.9701605,11.02103,9.881266,13.366317,13.353719,17.451588,17.05237,25.349548,23.923235,28.104477,30.406513,31.594408,30.699194,26.292189,21.982628,25.063608,18.780828,20.681452,16.156351,18.329905,14.90203,16.092962,16.629051,18.802305,20.21489,19.997099,23.153435,22.600603,27.374472,26.965757,28.915243,26.575094,27.189766,30.173176,32.455,29.722378,32.27358,28.034315,29.416233,27.56417,28.152355,30.043932,28.487291,26.926598,26.542873,25.338387,21.351046,23.562153,21.051449,26.029438,23.211506,27.655746,28.936487,30.63199,34.217747,33.010773,29.160597,30.36036,26.807495,25.85464,22.37356,22.268322,17.729069,17.093685,16.516338,16.981356,15.413096,18.472458,21.459051,26.577696,27.784222,31.133492,33.164246,31.97916,34.835217,29.811848,34.526463,31.158117,36.277214,41.11413,39.151447,35.899136,37.884197,31.127153,33.68831,30.42296,32.700214
24,44.755817,40.84938,41.754826,36.68199,35.615402,37.32003,32.199272,36.33281,32.62454,36.72531,35.11061,36.879917,34.68653,32.54468,29.13931,26.02687,23.169472,19.96114,18.416456,13.900281,11.494927,10.489022,7.402882,5.1597576,0.0,5.0492287,6.7405877,7.2362013,12.337854,13.634371,17.492031,18.678692,26.587523,26.350172,29.958773,32.741096,33.892044,32.497753,28.442064,24.177246,26.07408,19.748262,20.521389,15.826085,16.234303,12.545003,12.649958,12.822796,14.428685,15.539325,15.584276,18.36893,18.082203,22.706392,22.715118,24.426815,22.59419,23.093304,26.415781,28.70804,26.31037,28.719873,24.526419,26.345222,24.14594,25.532389,27.194485,26.298153,24.686771,25.105736,23.709028,19.356565,21.67028,18.033297,23.536991,20.479708,24.886536,26.577446,28.19984,31.769793,31.003256,27.229118,29.204044,25.443386,24.376028,20.539165,20.842136,15.553123,15.7346525,14.920507,16.599222,16.103088,19.477423,21.464373,26.937124,27.619177,31.109362,32.592705,31.072891,33.639355,28.5701,32.95194,29.477919,34.26485,38.998573,37.670265,34.520725,37.114468,30.567955,33.682636,30.743643,33.499504
25,41.933834,38.213314,38.916176,33.710632,32.941563,34.217022,29.486898,33.515965,30.060848,34.361668,33.13614,34.416397,32.478306,30.813677,27.289444,24.398222,22.044119,18.653498,18.343893,13.270416,12.445017,11.027544,10.486363,8.9701605,5.0492287,0.0,5.4780526,7.944814,11.093357,14.267784,16.917639,19.736328,26.765419,27.205156,30.600151,33.434235,35.08255,33.642513,29.92683,25.7449,27.300142,21.36848,21.269596,17.555326,16.818808,13.755588,12.430181,13.316074,13.99369,13.858481,13.006904,15.289899,13.961737,19.016684,19.412182,21.639215,20.455679,21.574419,25.087057,26.626583,24.402323,25.789572,21.281946,22.741066,19.783285,21.332237,22.597454,21.857473,19.901058,20.823555,19.918829,15.436138,18.407661,14.553968,20.878792,18.44764,23.090145,25.338371,27.324572,30.760387,30.645025,26.800535,28.744751,24.81574,22.983192,19.515049,18.769108,12.7483225,12.741073,11.081258,13.511293,14.01659,17.265257,18.92012,24.13572,24.841227,28.015165,29.33252,27.992338,30.66873,25.994495,30.304424,27.45137,32.084812,36.81222,35.942417,32.88654,35.433952,29.123034,32.48378,29.495443,32.796932
26,38.09989,34.235462,35.33965,30.247387,29.394882,31.376581,26.444057,31.196474,28.070024,32.391872,31.637451,33.52854,32.1059,30.130651,27.350674,23.668667,22.225018,18.208487,18.60116,13.69803,12.60135,13.213225,11.233858,11.02103,6.7405877,5.4780526,0.0,4.0979023,9.0893955,11.778768,14.616781,17.769587,24.476967,25.85648,28.516094,31.829508,32.980446,31.016808,27.632425,23.6563,24.014763,18.220785,17.396032,13.543408,11.711775,8.7193985,6.973681,8.032171,9.026866,9.503782,8.9874,12.33402,12.568532,16.753841,16.14042,17.89972,15.916492,16.696804,20.052052,22.051447,19.734055,22.038847,17.967003,20.16648,18.464237,20.293497,22.223986,21.9315,21.231203,21.857391,19.427677,15.052316,16.685932,12.12515,17.52518,14.288988,18.61172,20.656706,22.350946,25.83335,25.594814,21.872944,24.35762,20.467081,19.19521,15.227282,15.96656,10.51218,12.0762005,12.008276,14.764781,15.393967,18.913073,18.905638,24.780193,24.41926,28.269592,28.90593,26.790665,28.814436,23.672848,27.575699,23.95725,28.377823,32.981678,32.176273,29.166784,32.304825,26.133919,29.767548,27.340668,30.537361
27,38.536926,34.473537,35.380558,30.487425,29.144806,31.276455,25.916847,30.448772,26.972681,31.04216,29.881367,32.210285,30.603714,28.216698,25.66058,21.720093,20.109165,16.138695,15.983241,11.588935,9.778743,11.593833,8.806565,9.881266,7.2362013,7.944814,4.0979023,0.0,7.107488,8.190022,11.835248,14.066234,21.17965,22.32359,24.992529,28.32339,29.232725,27.27677,23.765282,19.769674,20.273056,14.283877,13.950494,9.75371,9.28812,6.1917095,6.441083,8.108337,10.397584,11.835634,11.312776,15.372366,15.922827,19.783699,18.238806,19.971407,16.954782,17.628311,20.398022,22.662561,19.890774,22.902672,19.069935,21.11503,20.457573,21.511429,24.018436,23.241571,23.155403,22.874691,19.82804,15.805843,16.658808,13.1205435,17.306875,13.838994,18.054342,19.466675,21.089338,24.671528,23.841434,20.018694,22.035234,18.268702,17.462849,13.421711,14.686522,10.343517,11.790782,12.768403,14.626391,14.448859,18.039982,17.909946,24.02321,23.511557,27.693878,28.456139,26.193256,28.161722,22.714193,26.792328,22.776363,27.496893,32.175514,30.736584,27.60662,30.527355,24.110899,27.456642,25.014315,27.796814
28,35.824184,31.76596,31.6646,26.878042,25.086452,26.38017,20.885077,24.444721,20.498222,24.483171,23.025707,25.172676,23.507372,21.225561,18.706566,14.734688,13.660835,9.387606,10.885259,6.7028337,7.6346135,10.30666,10.977876,13.366317,12.337854,11.093357,9.0893955,7.107488,0.0,5.2816763,5.93079,10.505429,16.063896,17.777338,20.297894,23.481085,25.211605,23.516325,20.435791,16.68091,17.458546,12.611098,11.685794,10.627403,10.889916,10.347903,10.167552,13.351377,15.084705,15.387883,13.159839,17.328781,16.599989,20.506311,17.988111,20.774006,17.366106,19.231094,21.276964,22.231169,18.993906,20.881197,16.774218,17.454473,17.518715,16.947367,20.000929,18.31913,19.139477,17.53095,13.944693,10.64465,10.9515085,9.863917,13.196946,11.223443,15.8199005,17.235048,19.672688,23.003868,22.503056,18.423073,18.88678,15.115001,13.043012,10.383712,8.905199,5.4807906,5.767691,8.340192,9.07637,8.942891,12.258833,10.98111,17.197601,16.48967,20.784771,21.63802,19.532143,21.845217,16.571135,21.174528,17.940647,23.145155,28.050085,26.157703,22.937017,24.972885,18.392626,21.538483,18.639267,21.815329
29,37.92894,33.694576,33.664696,29.26182,26.99894,28.747599,22.90433,26.292103,22.112934,25.543829,23.539951,26.439562,24.549839,21.57624,19.577168,15.313676,13.855837,10.156047,9.880484,7.621601,6.504968,10.886495,9.947969,13.353719,13.634371,14.267784,11.778768,8.190022,5.2816763,0.0,4.9951205,6.058285,13.139877,14.256867,16.83989,20.145948,21.221249,19.451971,15.980833,12.047839,13.131278,7.6175933,8.076013,6.6668406,9.702692,9.449991,11.3075485,14.0678005,16.681395,18.030066,16.563046,21.07551,21.171513,24.69665,21.762579,24.006409,19.84187,21.089994,22.588844,24.220701,20.752634,23.785553,20.31793,21.272142,22.29595,21.504025,24.862932,23.05513,24.225868,22.129286,18.199623,15.519672,14.879606,14.393213,15.985029,13.492837,17.271353,17.62586,19.5778,22.945162,21.4829,17.52127,17.491617,14.167295,13.438804,10.704999,11.103504,10.163913,10.575551,13.366713,13.174592,11.781811,14.782746,13.770298,19.75289,18.882338,23.4275,24.38663,22.092741,24.065601,18.543144,22.97649,19.027468,24.29121,29.063145,26.385921,23.100897,24.973402,18.226582,20.789621,18.075394,20.264751
30,34.952324,30.792305,30.131582,25.898653,23.379921,24.614126,18.782347,21.557442,17.201439,20.579874,18.625385,21.542366,19.927433,17.031158,15.486397,10.859212,10.802492,6.7425466,9.086557,7.908804,9.318169,13.244624,14.145429,17.451588,17.492031,16.917639,14.616781,11.835248,5.93079,4.9951205,0.0,6.581544,10.191234,12.788792,14.597958,17.967907,19.702707,17.935993,15.316085,12.0819645,12.482099,9.166881,8.06143,9.968415,11.700041,12.784445,13.641361,16.955439,19.012306,19.636469,17.38851,21.72908,21.323542,24.516321,21.026077,23.721636,19.497097,21.408304,22.408632,23.088781,19.497866,21.684841,18.34873,18.441324,20.221283,18.468632,22.145702,20.00218,22.045145,19.205515,14.687014,13.045396,11.410192,12.808935,13.004119,11.80784,15.345181,15.684282,18.146967,21.167929,20.15972,16.203955,15.071087,11.870291,10.07721,8.933438,7.2432256,8.667511,8.673617,12.331053,11.548102,10.614831,12.890752,10.081513,15.902821,14.345788,19.096891,19.760063,17.334324,19.274149,13.874062,18.48009,15.082729,20.530748,25.360767,22.489004,19.19643,20.529106,13.727562,16.30855,13.392996,16.113567
31,40.265797,36.01645,35.416374,31.553028,28.728333,30.184074,24.282103,26.509676,21.916977,24.452484,21.518509,24.879002,22.597368,19.06102,17.662178,13.648638,11.983877,9.816273,8.297734,9.574408,8.816262,13.339287,13.14097,17.05237,18.678692,19.736328,17.769587,14.066234,10.505429,6.058285,6.581544,0.0,8.5563755,8.402057,11.320876,14.37519,15.389367,14.063659,10.248902,6.229471,9.192977,5.35478,8.015632,9.229863,13.9009075,14.47486,16.915472,19.547401,22.335678,23.844357,22.322065,26.864206,26.860844,30.232008,26.876907,29.165653,24.629269,25.89842,26.717888,28.154367,24.5132,27.583004,24.551224,24.918436,26.713903,24.99532,28.607094,26.23867,27.900574,24.84578,20.864792,19.235277,17.937962,19.111326,19.195402,17.472298,20.44774,19.93657,21.748724,24.726078,22.675404,19.065208,17.401205,15.076464,14.883683,13.6287985,13.58501,14.821458,14.46938,17.514235,16.06308,13.798843,15.773374,14.7981415,19.79087,18.95739,23.366394,24.623789,22.569952,24.466227,19.33849,23.694263,20.04361,25.302902,29.855259,26.196398,22.975107,23.750269,17.154127,18.47671,15.623207,16.605272
32,37.472027,33.41582,31.89206,28.966105,25.540794,26.484156,20.970716,21.637867,17.178898,18.3775,15.151282,19.336311,17.737484,13.845117,14.750499,10.859382,12.178468,11.454693,12.629679,15.422372,16.475784,20.56448,21.4971,25.349548,26.587523,26.765419,24.476967,21.17965,16.063896,13.139877,10.191234,8.5563755,0.0,6.3624716,4.7971826,8.588042,10.2223425,8.661935,7.777666,7.5374565,7.568095,10.239014,10.424588,15.210513,18.488825,20.585327,22.41024,25.430426,27.78844,28.818178,26.7674,31.127195,31.0091,33.584503,29.391685,31.803904,27.00924,28.694735,28.435675,28.872786,25.232582,27.658432,25.55512,24.997595,28.295841,25.448158,29.400078,26.8106,29.818602,25.826057,21.195879,21.357006,18.555254,21.769337,19.221886,19.045452,20.582445,19.255213,21.108725,23.136387,21.198313,18.320856,14.3669,13.668658,13.489941,14.890673,13.992979,18.257782,17.911219,21.542616,19.600473,17.91582,18.587772,15.519813,18.811996,16.721092,20.944117,21.481007,19.234446,20.27758,16.127293,19.598524,16.79308,21.468193,25.448114,20.844685,17.961105,17.192162,11.520789,11.145894,8.805566,8.325116
33,43.656483,39.583893,38.05219,34.927364,31.610395,32.26012,26.769587,27.025772,22.169949,23.217579,19.017128,22.489372,19.701292,15.793161,15.477177,12.919784,11.558239,12.365347,10.672468,14.896073,15.279626,18.849335,20.028728,23.923235,26.350172,27.205156,25.85648,22.32359,17.777338,14.256867,12.788792,8.402057,6.3624716,0.0,5.3381224,6.489437,8.770856,9.391505,6.3438625,5.51783,10.385743,11.5269165,14.004015,17.015099,21.62656,22.734617,25.08079,27.83707,30.54211,31.852634,29.995752,34.438805,34.009525,37.293354,33.62152,36.16699,31.537401,33.09002,33.33414,34.17106,30.486506,32.986053,30.331656,29.789276,32.15581,29.326357,32.992805,29.976862,32.123875,28.034367,24.421356,24.141792,22.423803,25.352858,24.222593,23.689367,25.954617,24.903965,26.72005,29.02868,26.83679,23.8161,20.35311,19.352133,19.114048,19.657515,18.427134,21.235777,20.08171,23.067768,20.480019,17.833694,18.20299,17.285028,20.065163,19.48653,23.060968,24.702785,23.355377,25.189016,21.30564,25.28036,22.81363,27.683231,31.75126,27.152674,24.28887,23.154533,17.608067,16.80596,13.846785,12.808174
34,41.225895,37.239883,35.553856,33.027317,29.455078,30.294422,25.034115,25.01741,20.672348,21.011366,17.246948,21.421064,19.545689,15.565436,16.897919,14.046845,14.72336,15.136181,15.093795,18.777008,19.408712,23.349434,24.162819,28.104477,29.958773,30.600151,28.516094,24.992529,20.297894,16.83989,14.597958,11.320876,4.7971826,5.3381224,0.0,4.246409,5.552005,5.185122,5.2963204,7.434713,8.665216,12.651531,13.939963,18.353058,22.333872,24.290487,26.541773,29.357006,31.925701,33.20866,31.330797,35.756668,35.69347,38.335636,34.13965,36.45711,31.559427,33.061886,32.637733,33.237446,29.621395,32.231808,30.29771,29.698748,33.041096,30.047274,33.956085,31.18968,34.118397,29.903128,25.590406,25.890827,23.232208,26.533798,23.944094,23.729376,25.022604,23.368332,24.90113,26.685326,24.35239,21.910164,17.629309,17.637505,17.993158,19.406775,18.78469,22.912077,22.348774,25.802303,23.527124,21.431078,21.759624,19.420782,21.928541,20.268036,23.970951,24.788292,22.935978,23.889769,20.324675,23.430841,20.921072,25.180355,28.747055,23.736507,21.174307,19.672503,15.055839,13.43183,11.655481,9.221425
35,44.634956,40.759182,38.735806,36.385395,32.77075,33.153717,28.16634,27.314869,22.884192,22.639074,18.257624,22.002945,19.681902,15.845241,17.258602,15.562071,15.726484,17.239773,16.58713,20.969282,21.714544,25.216732,26.502249,30.406513,32.741096,33.434235,31.829508,28.32339,23.481085,20.145948,17.967907,14.37519,8.588042,6.489437,4.246409,0.0,4.6278577,7.0374994,7.5584717,10.090651,12.593986,16.301273,18.051989,22.110418,26.361372,28.082737,30.37293,33.19062,35.803642,37.04917,35.085293,39.479343,39.130795,41.9866,37.905525,40.384876,35.587894,37.1878,36.823456,37.299484,33.689064,36.016,33.975883,33.07253,36.206593,32.899345,36.671047,33.59965,36.37666,31.87574,28.082434,28.642876,26.270485,29.940546,27.570839,27.62419,29.036798,27.45987,29.048868,30.722479,28.438604,26.093658,21.646135,21.776577,21.884304,23.452328,22.265451,26.215904,25.192184,28.377657,25.66774,23.305777,23.106525,21.419065,22.970491,21.881727,24.9351,26.174225,24.92077,26.098738,23.174364,26.2611,24.403965,28.528925,31.922482,26.779451,24.417965,22.143232,18.144915,15.79887,13.876873,10.827469
