,0,1,2,3,4,5,6,7,8,9,10,11,12,13,14,15,16,17,18,19,20,21,22,23,24,25,26,27,28,29,30,31,32,33,34,35,36,37,38,39,40,41,42,43,44,45,46,47,48,49,50,51,52,53,54,55,56,57,58,59,60,61,62,63,64,65,66,67,68,69,70,71,72,73,74,75,76,77,78,79,80,81,82,83,84,85,86,87,88,89,90,91,92,93,94,95,96,97,98,99,100,101,102,103,104,105,106,107,108,109,110
0,0.0,4.159901,6.418687,9.170297,12.046189,14.229094,17.344765,22.841095,24.54797,27.516111,31.719131,34.296753,36.288456,32.483418,27.2788,26.641441,22.603498,22.111616,16.12537,18.346947,15.079397,16.435007,14.8468075,17.169874,19.981937,18.516245,20.963924,19.671347,24.089434,20.522009,28.510786,23.793165,30.292156,29.501604,30.633183,34.101593,31.219166,29.640778,26.844519,24.646002,26.9248,23.347723,27.77213,26.704248,21.640064,25.772766,20.913677,24.532635,23.203035,25.278517,28.360699,28.782858,33.268032,35.44597,35.381374,31.352385,32.274693,33.048122,38.08881,36.81648,33.29874,32.37359,38.0568,39.07928,42.41927,37.629402,35.545803,41.581367,38.047287,34.919186,36.424473,36.14256,34.5506,30.172224,31.268559,25.776402,27.066751,24.419115,21.44108,23.662735,18.208376,19.120686,19.401453,15.645729,16.1157,19.160181,20.707678,22.269812,20.20491,24.36587,25.869823,27.092243,30.5055,34.17089,35.22667,33.223106,35.58419,29.983002,32.20026,29.746574,35.90344,35.370792,40.01359,41.17367,40.45807,38.130226,36.62067,31.538784,32.63729,28.330076,30.622555
1,4.159901,0.0,4.678041,6.1121097,8.366382,11.856598,13.71506,19.750116,21.338957,24.02331,28.467422,30.840101,33.10079,29.116735,23.884886,22.941036,18.87833,18.0865,12.2277355,14.337627,11.441275,12.765797,11.86421,14.10392,16.55545,15.293176,17.286764,16.062023,20.44999,17.10058,25.276306,20.690668,27.510477,26.804537,28.347862,31.89825,29.426886,27.877987,24.688457,22.162262,24.583773,20.699278,24.984152,23.658283,18.740847,22.509684,17.9655,21.256355,20.177917,21.738855,24.82281,25.148329,29.792002,31.834074,32.06983,28.134989,28.843716,29.83733,34.77314,33.68994,30.19938,28.847757,34.43147,35.26498,38.708412,34.131187,31.717865,37.682343,34.2334,31.03965,32.499737,32.082092,30.582718,26.198324,27.397776,21.803932,23.433893,20.74009,18.028679,20.718136,15.09905,16.93723,17.02933,12.749994,12.489849,15.238731,16.990538,18.167,16.280573,20.524677,22.26835,23.75545,27.224186,30.675688,31.464752,29.330088,31.541096,25.995338,28.090622,25.681496,31.87318,31.387638,36.11575,37.178368,36.388466,34.047745,32.478416,27.405596,28.485651,24.191175,26.589634
2,6.418687,4.678041,0.0,5.064914,7.1002173,8.338137,12.100835,16.756378,19.07167,21.746216,25.924313,28.859854,31.275106,28.043922,22.651276,22.44062,18.60167,18.728712,13.725203,16.12483,14.401315,15.361755,15.462688,17.721302,19.635933,18.510462,19.444002,17.641865,21.345003,17.534466,25.03534,19.872873,26.413437,24.807205,26.539291,29.503,26.88747,25.879692,22.513306,20.309017,23.682106,20.492844,24.85683,24.24321,20.06866,23.989735,20.3761,23.915386,23.474491,24.40818,27.324953,27.090551,31.93864,33.3607,34.0877,30.304855,30.231266,30.96729,35.990685,34.355824,30.579395,29.476582,34.887,35.661285,38.854904,33.995045,31.678644,37.41669,33.401806,30.321693,31.313148,31.33213,29.309814,25.179306,25.70459,20.55822,21.139244,18.73381,15.430891,17.657557,12.489042,13.837743,15.220736,11.49988,11.917332,14.927265,17.771202,19.001335,18.257484,22.451313,24.508038,26.129215,29.4315,32.514713,32.86724,30.66233,32.24004,27.421356,28.994566,26.605047,32.904285,32.012184,37.08096,37.75059,37.030807,34.364853,33.008835,27.543005,28.336296,23.987625,25.785086
3,9.170297,6.1121097,5.064914,0.0,3.739242,6.5498343,8.433528,14.282148,15.449739,18.592188,22.723948,25.148895,27.180649,23.49976,18.205395,17.872807,13.97514,14.601158,9.638823,12.929125,11.882238,13.713042,14.415454,15.431182,16.849503,15.243282,15.41847,13.079343,16.5566,12.549033,20.095766,15.074709,21.770042,20.737598,22.419445,25.854939,23.542873,22.13683,18.712135,16.15465,19.062738,15.555863,19.87913,19.179775,15.121274,19.116098,15.924348,19.834538,20.042564,20.91424,23.50962,22.785795,27.579508,28.753633,29.466057,25.721148,25.4046,25.976536,31.054623,29.306885,25.532722,24.575336,30.066807,31.049717,34.143673,29.163296,27.136368,33.055714,29.171926,26.146936,27.670925,27.799646,26.053112,21.595201,22.996523,17.619844,19.075075,17.287962,14.390814,17.892752,12.918435,15.989635,17.414433,13.1225,11.903134,13.729713,17.058435,16.546444,15.72905,20.20515,22.750502,24.947384,28.434923,31.225666,31.14166,28.545883,29.87977,24.748566,25.634378,22.754217,28.982994,27.738522,32.70115,33.50481,33.072933,30.391466,29.62926,23.894358,25.314108,21.184118,23.58711
4,12.046189,8.366382,7.1002173,3.739242,0.0,6.157236,5.3788943,11.767629,13.219983,15.665985,20.199316,22.560198,25.189754,21.534452,16.151287,15.499011,11.673455,11.933241,8.006992,10.725402,10.885074,12.097349,13.839562,14.877392,15.61941,14.619324,13.924201,11.797158,14.84004,11.315755,18.719006,13.863816,20.824308,19.580696,21.941782,25.170732,23.408493,22.305292,18.39075,15.565054,18.94,15.353428,19.286125,18.381762,14.929162,18.131243,15.730749,18.847845,19.350018,19.322208,21.866615,21.03714,26.005926,26.919044,28.148138,24.639805,23.939777,24.831722,29.669918,28.163784,24.43857,22.838068,28.057617,28.668037,31.892094,27.24356,24.631838,30.329813,26.417715,23.28486,24.467041,24.441093,22.629314,18.284952,19.449884,14.018381,15.590029,13.661028,11.032499,14.935392,10.049776,14.0137,15.299108,10.992286,9.068257,10.357316,14.204659,13.401594,13.402674,17.6663,20.406681,22.744043,26.088465,28.538021,28.138342,25.5009,26.52773,21.813625,22.555878,19.921144,26.197853,25.051184,30.22186,30.757792,30.137737,27.37944,26.391897,20.664177,21.799046,17.615808,19.869204
5,14.229094,11.856598,8.338137,6.5498343,6.157236,0.0,7.0238285,9.1658125,11.45607,14.604461,18.116034,21.396843,23.642715,21.314835,15.98874,17.006842,13.944427,16.134825,13.407093,16.482752,16.98591,18.208239,19.882872,20.915377,21.616417,20.343943,19.133085,16.306084,18.23246,14.055236,19.581013,13.973249,19.7719,17.172024,19.326164,21.694984,19.389969,18.992468,15.147681,13.166756,17.760712,15.715432,19.712994,20.202072,17.820398,21.521511,20.050474,23.86672,24.903963,24.858902,27.061693,25.556538,30.40824,30.579613,32.04064,28.707893,27.197304,27.37773,32.348923,29.841583,25.781017,25.193449,30.149061,30.99568,33.59959,28.332062,26.522469,31.89367,27.20264,24.474606,25.252403,26.145233,23.63975,19.729317,20.133581,15.819233,15.535863,14.754189,11.212925,14.294584,10.974202,13.844163,17.04,13.906952,13.180265,14.631971,19.17961,18.41975,19.228973,23.295639,26.164755,28.516497,31.698814,33.86198,33.091515,30.409494,30.721352,26.813936,26.764212,24.00044,30.07054,28.199137,33.504944,33.679253,33.40728,30.298971,30.006218,23.857082,24.883068,20.963993,22.41832
6,17.344765,13.71506,12.100835,8.433528,5.3788943,7.0238285,0.0,7.4983335,8.194647,10.427148,15.015539,17.20087,20.075579,16.658165,11.2522745,10.929495,7.6902046,9.406237,8.609805,11.098544,13.262137,14.319176,17.076532,17.236809,16.891706,16.086454,13.604384,11.045887,12.264503,9.0892935,14.856154,10.112595,16.831429,15.265962,18.303535,21.250526,20.232464,19.464579,15.132674,12.131464,16.03292,12.971765,16.20257,15.710476,13.910513,16.281105,15.846197,18.558746,20.13817,19.111801,21.013283,19.293818,24.205986,24.187033,26.100142,23.06407,21.287352,22.020674,26.627443,24.810385,21.01749,19.298925,24.075771,24.54167,27.509863,22.838259,20.173851,25.607372,21.349697,18.317047,19.371103,19.75306,17.74041,13.402055,14.783617,9.67053,11.382489,10.709313,8.723781,13.529005,10.323147,15.242578,17.078236,13.440113,10.79692,10.320232,14.999895,12.453139,13.870474,17.609978,20.834883,23.619537,26.729177,28.398798,27.160593,24.21674,24.282686,20.360909,19.833292,17.023067,23.06646,21.317684,26.691101,26.83172,26.43221,23.384829,23.060198,16.891943,18.208172,14.414674,16.564524
7,22.841095,19.750116,16.756378,14.282148,11.767629,9.1658125,7.4983335,0.0,5.0506067,6.0330186,9.47508,13.218145,16.663803,15.6734915,10.983436,12.819655,11.761811,14.863642,15.939262,17.927431,20.598862,21.157967,24.199263,24.590946,23.947065,23.374985,20.275904,17.636486,17.232977,14.494791,16.69529,12.171118,16.480934,12.719014,16.50679,17.622656,17.09179,17.831818,13.278209,11.459061,16.94938,16.06208,18.393244,19.36431,19.441156,21.391073,22.419367,25.003214,27.103043,25.474094,26.901552,24.552366,29.158772,28.024817,30.658613,28.22572,25.291567,25.50443,29.687256,27.05865,23.18488,22.056906,25.738739,25.960016,28.114178,23.354563,21.11434,25.373245,20.120651,17.745836,17.42888,19.021297,15.87878,12.950616,12.359353,10.078365,8.162135,9.937668,7.856118,11.342681,11.518058,15.450115,18.840582,16.84985,15.224874,14.599998,19.72043,17.49991,20.238018,23.216564,26.444433,29.146746,31.79023,32.751682,30.83081,27.982038,26.79865,24.68552,23.114399,20.775734,26.0517,23.634533,29.101652,28.392305,28.211498,24.765358,25.082066,18.914665,19.489439,16.48326,16.920895
8,24.54797,21.338957,19.07167,15.449739,13.219983,11.45607,8.194647,5.0506067,0.0,5.0075574,7.5035353,10.027343,12.493263,10.833956,6.1284833,8.895259,8.789792,13.224037,15.214665,17.601068,20.620852,21.801542,24.8402,24.284266,23.29224,22.317707,18.595055,15.598152,14.0786915,11.618221,11.939763,7.8737335,11.5546055,8.317979,12.342999,14.156316,14.255011,14.449429,9.902272,7.676602,12.621939,12.128146,13.754253,15.109777,16.283798,17.882719,19.9695,22.694906,25.439362,23.869938,24.744968,21.772997,26.012022,24.399874,26.983784,24.774235,21.367039,21.139421,25.293623,22.27807,18.378174,17.762383,21.394958,22.03806,23.870638,18.680254,17.205713,21.752445,16.504896,14.341906,15.143625,17.154522,14.576097,11.138288,12.509113,10.314201,10.410909,12.884395,11.81929,15.942157,15.601695,20.066435,22.958607,20.347248,17.974129,16.69806,21.542574,17.891502,20.254147,23.242771,26.710495,29.781912,32.553516,33.340374,31.154612,27.988918,26.657305,24.169039,21.718372,18.74222,23.605755,20.540573,25.738914,25.219734,25.583042,22.132048,23.527313,17.125525,18.75431,16.375912,17.71428
9,27.516111,24.02331,21.746216,18.592188,15.665985,14.604461,10.427148,6.0330186,5.0075574,0.0,5.2908964,7.872594,12.431498,11.630021,8.186038,9.808716,10.667439,13.808006,17.177494,18.426367,22.110907,22.531548,26.080915,25.753654,24.294743,24.041779,19.9687,17.710648,15.770046,14.570068,14.33804,11.712136,14.710296,11.591004,16.043354,16.953302,17.937141,18.67251,14.30449,12.410927,16.884598,16.270996,17.159369,17.958485,19.519327,20.025818,22.580734,24.183065,26.909386,24.451796,25.192482,22.350721,26.496271,24.565138,27.823278,26.088516,22.416315,22.737776,26.17395,23.79138,20.338793,18.640438,21.304426,21.088943,23.012045,18.86802,16.22078,19.759138,14.395912,12.211029,11.499353,13.532768,10.3445,7.96628,7.8472137,7.543811,6.5569305,10.203298,10.503351,14.105281,15.174435,19.638319,22.211258,20.3162,17.900076,15.943575,20.612642,17.026457,20.392672,22.542532,25.89463,28.850403,31.1792,31.37818,28.758999,25.745834,23.706728,22.50688,19.739225,17.59395,21.966366,19.176933,24.507713,23.350075,23.33394,19.785143,20.803034,14.818924,15.53764,13.671707,14.007307
10,31.719131,28.467422,25.924313,22.723948,20.199316,18.116034,15.015539,9.47508,7.5035353,5.2908964,0.0,4.747361,8.80756,10.73832,9.4234295,12.424272,14.346453,18.227705,21.765133,23.319164,26.990131,27.654814,31.129297,30.539337,29.01721,28.514639,24.221125,21.70722,19.047737,17.934278,15.310588,13.569301,13.857086,9.925317,14.279131,13.744633,15.678405,17.199436,13.484303,12.74133,16.946375,17.87266,17.88375,19.689974,22.37119,22.768162,26.112026,27.954124,31.077816,28.67997,28.995953,25.677658,29.313475,26.652502,30.023579,28.717009,24.42166,24.080849,27.120892,24.010487,20.721338,20.02506,21.756313,21.753456,22.647549,18.365614,17.016241,19.47909,13.707285,12.747036,11.765682,15.029095,11.877005,11.023358,10.78952,12.433075,10.771129,14.955983,15.192341,18.007614,19.862268,23.827478,26.884876,25.282993,23.086893,21.221745,25.864767,22.091167,25.397196,27.442831,30.825,33.852814,36.08495,35.99487,33.069294,30.036848,27.481258,26.861473,23.380299,21.190807,24.65841,21.238775,26.055279,24.576212,25.123695,21.56324,23.657694,18.069405,18.968182,18.017103,17.971014
11,34.296753,30.840101,28.859854,25.148895,22.560198,21.396843,17.20087,13.218145,10.027343,7.872594,4.747361,0.0,5.790768,7.7904625,8.798373,11.210797,14.293296,17.99723,22.487597,23.74165,27.75744,28.537807,32.107986,30.919464,28.975897,28.51541,23.796661,21.552805,17.995565,17.953672,13.534264,13.678551,12.715992,10.457263,14.5167465,14.4090185,17.25,18.2179,15.028866,14.11339,16.830034,17.79308,16.662966,18.245226,21.891853,21.300978,25.593039,26.84888,30.362883,27.67922,27.425373,23.775019,26.812456,23.577433,27.182268,26.439648,21.720972,21.301338,23.662334,20.711323,17.929361,17.072515,17.838894,17.722082,18.195845,14.336857,13.236821,15.051866,9.272685,9.02426,8.63448,12.379259,10.126465,9.8096485,11.1227255,13.274371,13.188292,17.288973,18.26992,21.504389,23.014082,27.426867,29.931156,28.033054,25.331146,22.909975,27.10134,22.47352,25.677351,27.29119,30.683912,33.87496,35.985245,35.524532,32.28569,29.133593,26.268288,25.870655,21.607866,19.383242,21.865345,18.052912,22.384546,20.757578,21.713678,18.25139,21.297884,16.157303,17.62733,17.65209,18.061337
12,36.288456,33.10079,31.275106,27.180649,25.189754,23.642715,20.075579,16.663803,12.493263,12.431498,8.80756,5.790768,0.0,6.2842946,9.706123,12.912758,16.221996,20.688402,24.725567,26.621344,30.310745,31.703861,34.932472,33.228775,31.40529,30.36981,25.684067,23.043678,19.088354,18.892319,12.400939,13.653146,9.64109,8.411118,11.131073,10.736504,14.438019,15.162471,13.265969,13.221491,14.373656,16.734108,14.611496,17.215786,21.78317,21.345072,26.148943,27.995512,31.8566,29.753773,29.123484,25.04332,27.47965,23.857327,26.96107,26.424244,21.428858,19.996496,22.237318,18.222136,15.588167,16.561712,16.970425,17.89062,17.231201,12.425858,14.010132,15.76645,10.674149,11.524092,12.896818,16.593315,15.234363,14.413242,16.751812,18.07577,18.502676,22.402908,22.870308,26.379763,27.35405,31.795858,34.534103,32.2208,29.442514,27.231655,31.445728,26.417295,28.9496,30.899944,34.383728,37.746895,40.08639,39.791695,36.631016,33.317223,30.685965,29.634365,25.095085,22.259306,24.266916,19.876501,23.375948,22.188612,23.960909,20.78188,24.86909,19.829094,22.15556,22.287798,23.351393
13,32.483418,29.116735,28.043922,23.49976,21.534452,21.314835,16.658165,15.6734915,10.833956,11.630021,10.73832,7.7904625,6.2842946,0.0,5.4462385,7.498616,11.088257,15.40295,19.569324,21.426718,25.066195,26.713556,29.78676,27.648188,25.72465,24.571304,19.828154,17.300692,13.040323,13.441657,6.467173,9.076686,6.6896653,8.289929,11.024869,13.365045,15.908626,15.150392,12.713422,11.2354555,11.232729,12.040641,9.6099415,11.301871,16.010431,15.105381,20.135597,21.798454,25.746883,23.797106,23.076971,18.937119,21.466125,18.168762,21.053814,20.236012,15.376415,14.150134,17.001823,13.3420925,10.242962,10.595937,12.317646,13.696539,14.163019,8.397339,9.5026455,13.514377,9.009802,8.516214,11.942853,14.5434475,14.021576,11.565942,15.671713,15.249758,17.472477,20.540016,21.09167,25.40671,25.1756,30.147089,32.214462,29.256233,26.02413,23.640898,27.447102,21.905956,23.82854,25.874603,29.37063,32.842155,35.378223,35.35965,32.4815,29.01877,27.027378,24.88606,20.511942,17.093607,19.51308,15.1016245,18.865284,18.420507,20.163969,17.066025,21.069166,15.665976,18.883427,18.716913,20.9108
14,27.2788,23.884886,22.651276,18.205395,16.151287,15.98874,11.2522745,10.983436,6.1284833,8.186038,9.4234295,8.798373,9.706123,5.4462385,0.0,4.4487753,6.668033,11.6685,15.051655,17.279423,20.701221,22.325901,25.35664,23.708965,22.161898,20.97424,16.548765,13.641041,10.418183,9.444938,6.2628007,5.027394,7.453092,7.3148365,10.892184,13.883011,15.053506,14.202409,10.53257,7.9780993,9.957946,9.319717,9.123583,10.298662,13.2497425,13.586643,17.289625,19.563599,23.037601,21.341467,21.413908,17.769846,21.370827,19.157372,21.76676,19.999222,15.991664,15.428557,19.35573,16.23048,12.458034,11.967086,15.496284,16.585897,18.233599,12.723919,11.943854,17.003935,12.286455,10.310462,12.957416,14.935296,13.621525,9.842482,13.612497,11.602052,13.886668,16.38416,16.358229,20.924528,20.120567,25.09788,27.22245,24.110622,21.007414,18.989565,23.129301,18.080345,19.950678,22.58033,26.144342,29.528543,32.302277,32.7952,30.342903,26.918188,25.49459,22.665962,19.261797,15.693822,19.73582,16.025143,20.741348,20.54136,21.512358,18.229689,20.831148,14.593139,17.473778,16.062735,18.41789
15,26.641441,22.941036,22.44062,17.872807,15.499011,17.006842,10.929495,12.819655,8.895259,9.808716,12.424272,11.210797,12.912758,7.498616,4.4487753,0.0,4.097621,7.9239254,12.45785,13.954071,17.767498,19.243904,22.422413,20.448072,18.495937,17.63615,12.857023,10.559606,6.808363,7.548996,6.2018313,6.4752216,10.52074,11.673085,14.841723,18.221745,19.290823,18.028442,14.463039,11.486884,12.4933605,10.117021,9.893277,9.0116625,11.444363,10.57703,14.492823,15.780979,19.302385,17.165304,17.136536,13.571373,17.385258,15.5077095,18.284573,16.47089,12.739242,13.122195,16.945833,15.045505,11.684886,9.292687,13.355701,14.047064,16.654737,12.004025,9.590901,15.404837,11.670654,8.896453,12.162568,12.947782,12.497229,8.0309725,12.903236,9.948686,13.881389,15.569049,16.180367,21.033276,19.637709,24.954687,26.233065,22.86012,19.303785,16.797256,20.298883,14.66482,16.355629,18.6556,22.197691,25.656073,28.396584,28.835642,26.428036,22.941652,21.810568,18.517637,15.140272,11.354863,15.696497,12.351237,17.325716,17.437056,18.082108,14.959673,17.144949,10.9076185,14.299562,12.924367,16.082138
16,22.603498,18.87833,18.60167,13.97514,11.673455,13.944427,7.6902046,11.761811,8.789792,10.667439,14.346453,14.293296,16.221996,11.088257,6.668033,4.097621,0.0,5.4224324,8.573919,10.689074,14.109008,15.8173065,18.793743,17.072376,15.5553665,14.47751,10.169305,7.3888774,5.4844933,4.4147964,8.180872,5.964954,12.329382,13.084087,15.968014,19.73446,19.899294,18.382078,14.58124,11.213655,12.709853,9.110231,10.625605,9.183818,9.32593,9.8098545,11.963913,13.956843,16.933449,15.355764,16.094498,13.204337,17.686886,16.940725,19.068333,16.468561,13.884552,14.575365,18.9954,17.378956,13.839236,11.6105995,16.50901,17.281284,20.264784,15.650851,13.178729,19.165035,15.640574,12.653389,15.375385,15.655004,14.912608,10.048599,14.157675,9.647525,13.732413,14.376433,14.33071,19.39074,17.013002,22.320648,23.43009,19.672274,16.127762,14.069712,17.643848,12.4539175,13.538695,16.594702,20.140976,23.514742,26.558409,27.597614,25.744926,22.340027,22.004967,17.772179,15.620804,11.789432,17.198565,14.687999,19.741667,20.2323,20.440397,17.511753,18.58171,12.283974,15.289384,12.79939,16.25038
17,22.111616,18.0865,18.728712,14.601158,11.933241,16.134825,9.406237,14.863642,13.224037,13.808006,18.227705,17.99723,20.688402,15.40295,11.6685,7.9239254,5.4224324,0.0,6.3366456,6.1922092,10.470078,11.534763,14.891929,13.094704,10.981122,10.886115,6.3846197,5.7284427,5.693905,7.0445614,12.392412,11.231029,17.461966,18.45002,21.36907,25.118874,25.271803,23.71149,19.909382,16.503777,17.734911,13.485711,14.938187,12.145313,10.79761,10.018439,10.867778,10.882851,13.214113,10.780915,12.053986,10.258891,15.235309,15.610536,17.713467,14.997851,13.668772,15.690947,19.527609,19.494102,16.70445,12.918344,17.579453,17.601248,21.424961,18.169376,14.273809,20.034212,17.595106,14.25385,16.579493,15.478609,15.428774,10.766828,14.635912,9.402392,14.569857,13.851979,14.545868,19.42987,16.420805,21.782646,21.652338,17.752844,13.77135,11.134612,13.490441,7.7106895,8.4568615,11.215751,14.756267,18.17244,21.225054,22.379074,20.810307,17.451233,17.86948,12.773251,11.7228365,8.249117,14.4074135,13.358629,18.390299,19.135817,18.53638,16.079847,15.616377,10.038882,12.740254,9.827846,14.04867
18,16.12537,12.2277355,13.725203,9.638823,8.006992,13.407093,8.609805,15.939262,15.214665,17.177494,21.765133,22.487597,24.725567,19.569324,15.051655,12.45785,8.573919,6.3366456,0.0,4.438084,5.7705603,8.28542,10.47692,9.132076,8.777138,7.4828906,5.9334545,4.511994,8.737964,7.154177,15.393012,12.609668,19.659813,20.438738,22.652418,26.781675,25.867872,23.94501,20.362331,16.98797,18.25262,13.426795,16.403645,13.782847,9.752018,11.537452,8.813598,10.893809,11.70319,11.553344,13.973285,13.373883,18.28066,19.820608,20.668633,17.079254,17.164696,18.732534,23.261276,22.88212,19.794466,17.235407,22.617138,23.235516,26.91169,23.002434,20.053778,26.09304,23.436161,20.186617,22.47568,21.636196,21.126732,16.389797,19.413416,13.603061,17.681192,16.005865,15.268059,19.917711,15.415064,20.193417,19.968323,15.363131,11.864673,10.994148,13.117337,9.671228,7.9433603,12.368921,15.383532,18.321491,21.894238,24.210363,23.7493,20.780952,22.335756,16.353704,17.034084,13.906994,19.98685,19.287771,23.902151,25.087591,24.504557,22.278442,21.400616,16.225817,18.4082,14.803524,18.572033
19,18.346947,14.337627,16.12483,12.929125,10.725402,16.482752,11.098544,17.927431,17.601068,18.426367,23.319164,23.74165,26.621344,21.426718,17.279423,13.954071,10.689074,6.1922092,4.438084,0.0,4.7187805,5.420233,8.7494,7.5957913,6.114659,6.8775463,5.419125,6.7916946,10.223211,10.479167,17.802141,15.843327,22.673313,23.46377,26.092152,30.013103,29.488129,27.768871,24.001202,20.581402,21.937016,17.160358,19.520538,16.41961,12.957028,13.157095,10.823565,10.42855,10.552304,9.049333,11.905106,12.303288,17.208387,19.166164,20.331442,17.085102,17.572712,19.939983,23.780436,24.355934,21.745255,18.112339,22.932545,22.889063,26.973633,24.032976,20.102135,25.702257,23.628029,20.239033,22.113262,20.504986,20.39494,16.062187,18.811052,13.1189995,17.665642,15.3913145,15.551692,19.872097,15.535282,20.295435,19.05133,14.711378,10.866557,9.161655,9.8468895,6.0871215,3.5316474,7.944139,10.978246,13.994258,17.511843,19.776337,19.441994,16.589806,18.602705,12.35818,14.042236,11.754965,17.76624,18.056427,22.571833,23.673098,22.516714,20.613733,18.688107,14.385167,16.011639,12.428035,16.325798
20,15.079397,11.441275,14.401315,11.882238,10.885074,16.98591,13.262137,20.598862,20.620852,22.110907,26.990131,27.75744,30.310745,25.066195,20.701221,17.767498,14.109008,10.470078,5.7705603,4.7187805,0.0,3.8057508,4.8067174,4.131273,5.2394853,5.178564,7.444719,8.697221,13.297359,12.657966,20.772346,18.348835,25.331842,26.196478,28.34267,32.501976,31.412634,29.430902,25.93658,22.615194,23.726652,18.755127,21.687765,18.60743,13.942554,15.191165,10.894676,11.340365,9.920293,10.4987545,13.8083515,15.006643,19.527988,22.220118,22.529825,18.880884,20.331203,22.476532,26.559486,27.103516,24.477537,21.448557,26.606276,26.905832,30.935087,27.733213,24.307083,30.100643,28.051968,24.70947,26.728504,25.218004,25.010551,20.607796,23.147598,17.32605,21.342396,18.676004,18.1072,22.048046,16.929003,20.952389,19.399323,14.755343,11.663249,11.4635725,11.339623,9.955624,6.047277,10.288102,12.273844,14.559194,18.312202,21.43475,22.013544,19.584784,22.342564,15.768133,18.26736,16.090462,21.816025,22.278858,26.429226,27.865324,26.7621,25.06987,23.046799,19.054169,20.603874,16.936312,20.57111
21,16.435007,12.765797,15.361755,13.713042,12.097349,18.208239,14.319176,21.157967,21.801542,22.531548,27.654814,28.537807,31.703861,26.713556,22.325901,19.243904,15.8173065,11.534763,8.28542,5.420233,3.8057508,0.0,4.1691923,5.8350434,6.1859784,8.028636,9.68001,11.47878,15.502621,15.29343,23.077423,20.667887,27.70263,28.157375,30.723637,34.570545,33.64985,31.992382,28.210094,24.879332,26.530958,21.699606,24.486105,21.421629,17.241491,17.919477,14.276474,13.637374,11.957581,11.363761,14.806774,16.472013,20.970957,23.640276,24.391348,21.071356,22.38857,24.893045,28.614038,29.495462,26.969143,23.380602,28.130295,27.926096,32.135788,29.424978,25.332708,30.713083,28.742765,25.310982,26.724865,24.842157,24.59177,20.603765,22.463877,16.853514,20.6556,17.434769,17.275175,20.69952,15.721091,19.47171,17.127874,12.839546,9.792586,9.461576,8.020425,8.193601,4.5602803,8.047466,9.571848,11.488321,15.15501,18.405119,19.242275,17.145798,20.173977,13.998925,17.38777,16.101452,21.720057,22.759884,27.009665,28.144154,26.58326,24.98143,22.103674,18.683784,19.429974,15.657869,18.854305
22,14.8468075,11.86421,15.462688,14.415454,13.839562,19.882872,17.076532,24.199263,24.8402,26.080915,31.129297,32.107986,34.932472,29.78676,25.35664,22.422413,18.793743,14.891929,10.47692,8.7494,4.8067174,4.1691923,0.0,4.6051807,7.063521,8.141658,11.675787,13.4309025,17.992403,17.437761,25.575647,23.059528,30.094116,30.776482,32.933475,37.014797,35.733067,33.81576,30.31622,27.06262,28.338348,23.383268,26.428013,23.303848,18.435877,19.624302,14.876114,14.644836,11.968394,12.915649,16.44065,18.579987,22.700645,25.908821,25.973051,22.41602,24.463787,26.821613,30.655191,31.590128,29.13255,25.9493,30.93768,31.02238,35.198643,32.334175,28.643774,34.219448,32.369995,28.979786,30.668957,28.848799,28.653328,24.53507,26.523108,20.82628,24.463705,21.18784,20.589203,23.793818,18.433691,21.546978,19.054394,14.746815,12.52627,13.12157,11.400941,12.340668,8.2895,11.235487,11.871504,13.035571,16.675894,20.498503,22.024061,20.245825,23.743652,17.319742,20.97377,19.563692,24.941673,26.054583,29.963291,31.423956,29.970411,28.561428,25.781628,22.546856,23.490845,19.803326,23.005657
23,17.169874,14.10392,17.721302,15.431182,14.877392,20.915377,17.236809,24.590946,24.284266,25.753654,30.539337,30.919464,33.228775,27.648188,23.708965,20.448072,17.072376,13.094704,9.132076,7.5957913,4.131273,5.8350434,4.6051807,0.0,3.5538015,3.891955,8.299331,10.611685,15.0605755,15.203907,22.918451,21.21573,27.887272,29.346817,31.236723,35.647533,34.62277,32.35754,29.133133,25.80675,26.201326,21.077724,23.666332,20.130371,15.285524,15.916978,11.031507,10.28412,7.416626,9.155776,12.5385685,14.741821,18.584044,22.051046,21.699314,18.074291,20.558342,22.94961,26.649607,27.863668,25.715122,22.565348,27.56914,27.89751,32.02749,29.290237,25.942743,31.65367,30.2654,27.007385,29.335175,27.5102,27.790836,23.486403,26.37441,20.699148,25.052498,22.381016,22.089367,25.943857,20.841259,24.658926,22.631191,18.142794,15.246219,14.925984,13.685196,12.403545,7.6930604,10.699522,11.818132,13.742421,17.478745,20.884197,21.990393,19.80147,23.196905,16.169018,19.174105,17.22663,22.268408,23.255041,26.731827,28.57433,27.42686,26.223305,24.056667,20.886847,22.612148,19.39031,23.243929
24,19.981937,16.55545,19.635933,16.849503,15.61941,21.616417,16.891706,23.947065,23.29224,24.294743,29.01721,28.975897,31.40529,25.72465,22.161898,18.495937,15.5553665,10.981122,8.777138,6.114659,5.2394853,6.1859784,7.063521,3.5538015,0.0,3.6756124,6.144287,9.397794,13.103186,14.249484,21.27683,20.232342,26.6724,28.333162,30.471231,34.81225,34.228825,32.043427,28.709215,25.298307,25.585876,20.49951,22.54351,18.748657,14.63774,14.167435,10.424569,8.14154,5.89867,5.880207,9.385575,11.735215,15.669449,19.051609,19.079346,15.735582,18.030392,20.788948,24.121012,25.727596,23.817665,20.100216,24.772705,24.832561,29.078747,26.799572,23.094767,28.593897,27.548225,24.319136,26.676033,24.612648,25.226814,21.090223,24.244024,18.8226,23.606358,21.186192,21.479305,25.529276,20.907228,25.176277,23.147846,18.826338,15.432514,14.195493,12.88113,10.306577,5.6209435,8.054256,9.616674,12.169117,15.833633,18.705467,19.336466,16.895798,20.134752,12.967193,15.779117,13.927028,18.77458,19.983414,23.37774,25.188046,23.950296,22.869703,20.65572,17.802137,19.64901,16.795204,20.880447
25,18.516245,15.293176,18.510462,15.243282,14.619324,20.343943,16.086454,23.374985,22.317707,24.041779,28.514639,28.51541,30.36981,24.571304,20.97424,17.63615,14.47751,10.886115,7.4828906,6.8775463,5.178564,8.028636,8.141658,3.891955,3.6756124,0.0,5.1185575,7.429936,11.701296,12.219319,19.517591,18.33633,24.676088,26.622793,28.319086,32.901497,32.08075,29.62474,26.59713,23.262148,23.08054,17.924744,20.180346,16.46368,11.744502,12.090918,7.27668,6.7771416,4.991921,7.1693716,10.107017,11.582134,15.509901,18.776644,18.304132,14.519379,16.897026,19.13328,22.967222,24.048132,21.950233,18.98571,24.125637,24.75243,28.736607,25.823532,22.889992,28.782211,27.492783,24.36884,27.181982,25.582932,26.054596,21.576132,25.113995,19.530396,24.233313,22.187508,21.994762,26.33301,21.534369,25.876957,24.46302,19.850765,16.540527,15.673603,15.351926,12.410076,8.1128845,11.366746,13.25272,15.828136,19.505463,22.344036,22.785679,20.157766,23.009274,15.882612,17.786388,15.122599,20.095007,20.56542,23.934961,25.954782,25.202087,23.931927,22.571257,19.030691,21.442688,18.529263,22.760128
26,20.963924,17.286764,19.444002,15.41847,13.924201,19.133085,13.604384,20.275904,18.595055,19.9687,24.221125,23.796661,25.684067,19.828154,16.548765,12.857023,10.169305,6.3846197,5.9334545,5.419125,7.444719,9.68001,11.675787,8.299331,6.144287,5.1185575,0.0,3.8899877,6.9886966,8.698582,15.157606,14.592368,20.691298,22.739256,24.77891,29.20172,28.92171,26.65396,23.44815,20.041397,19.905718,14.919491,16.552364,12.732239,9.301952,8.416232,6.305759,5.310146,6.956083,6.1087995,8.126752,7.891352,12.637602,14.90555,15.386335,11.862773,12.909772,15.285865,19.14623,20.033224,17.824272,14.344771,19.427347,19.940498,23.920958,20.99369,17.82316,23.753553,22.377558,19.27414,22.247812,20.774324,21.373219,16.875835,20.897072,15.618067,20.701637,19.347847,19.63507,24.340942,20.29988,25.251205,24.378223,19.960787,16.147297,14.309608,14.981316,10.173106,7.4575744,10.526991,13.397681,16.652359,20.092419,22.038256,21.458183,18.342482,20.21688,13.527257,13.978211,10.646059,15.93548,15.812082,19.6106,21.390192,20.838482,19.260008,18.527298,14.415715,17.326063,14.7502775,19.223064
27,19.671347,16.062023,17.641865,13.079343,11.797158,16.306084,11.045887,17.636486,15.598152,17.710648,21.70722,21.552805,23.043678,17.300692,13.641041,10.559606,7.3888774,5.7284427,4.511994,6.7916946,8.697221,11.47878,13.4309025,10.611685,9.397794,7.429936,3.8899877,0.0,4.9783545,4.956378,12.329064,11.025268,17.373846,19.30119,21.153708,25.655012,25.171188,22.84822,19.691635,16.307302,16.226257,11.200195,13.32129,9.9764385,6.22787,7.0431266,5.419579,7.727376,10.000944,9.896686,11.372494,9.85196,14.534394,15.885572,16.478834,12.854677,12.846971,14.328483,18.908524,18.654345,15.813964,13.287112,18.852804,19.859169,23.427198,19.535473,17.113749,23.367271,21.24989,18.231136,21.37421,20.608023,20.714115,15.91942,20.021177,14.694667,19.371002,18.51843,18.2678,23.188614,19.250607,24.272575,24.205212,19.714178,16.048037,14.537402,16.42598,11.655195,9.897549,13.558566,16.681139,19.935774,23.40668,25.304092,24.465216,21.235872,22.514717,16.376884,15.990623,12.145213,17.655914,16.509197,20.666582,22.239433,22.131638,20.085089,20.16477,15.091142,18.226889,15.452083,19.707636
28,24.089434,20.44999,21.345003,16.5566,14.84004,18.23246,12.264503,17.232977,14.0786915,15.770046,19.047737,17.995565,19.088354,13.040323,10.418183,6.808363,5.4844933,5.693905,8.737964,10.223211,13.297359,15.502621,17.992403,15.0605755,13.103186,11.701296,6.9886966,4.9783545,0.0,4.7863584,8.249407,8.903568,14.073476,16.640427,18.663467,23.03398,23.347246,21.13052,18.097992,14.8259115,14.170691,9.806834,10.313989,6.762392,6.542994,4.7049303,8.006074,9.147811,12.7973175,11.485977,11.566653,8.3087015,12.601012,12.463874,13.915446,11.03738,9.149452,10.433178,14.909157,14.36329,11.52781,8.5094,14.047204,15.194194,18.562094,14.579607,12.330792,18.679733,16.685982,13.90225,17.640373,17.184063,17.667328,13.046003,17.96684,13.591407,18.480774,18.691307,19.042557,24.094496,21.172945,26.49351,26.834238,22.718008,18.889936,16.656418,18.95933,13.175708,12.804349,15.478949,18.815054,22.30878,25.421915,26.518236,24.884336,21.411585,21.70355,16.463938,14.340075,9.962276,14.7675,12.593225,16.792488,18.209286,18.627249,16.385523,17.7184,12.399004,16.265055,14.454303,18.711185
29,20.522009,17.10058,17.534466,12.549033,11.315755,14.055236,9.0892935,14.494791,11.618221,14.570068,17.934278,17.953672,18.892319,13.441657,9.444938,7.548996,4.4147964,7.0445614,7.154177,10.479167,12.657966,15.29343,17.437761,15.203907,14.249484,12.219319,8.698582,4.956378,4.7863584,0.0,8.523351,6.1202197,12.725881,14.4399,16.229559,20.720592,20.243484,17.981483,14.7824335,11.409211,11.542083,6.755381,9.28784,7.213223,5.223729,7.527753,8.374522,11.895491,14.740322,14.482708,15.376195,12.731076,17.06583,17.094858,18.14022,14.905735,13.297394,13.615047,18.641424,16.930449,13.34298,12.092152,17.7319,19.181782,22.095604,17.160074,15.706913,22.024544,19.010834,16.255968,19.50551,19.69313,19.248192,14.389278,18.530787,13.711081,17.67298,17.806372,17.15522,22.199247,18.932545,23.995785,24.972212,20.724806,17.312386,15.922314,19.037981,14.217678,13.7918,17.438591,20.803389,24.118362,27.47436,29.054,27.729774,24.36701,24.7782,19.551256,18.05164,13.921231,19.238369,16.934782,21.383516,22.541403,22.95784,20.403479,21.517544,15.626653,18.916542,16.295385,20.078808
30,28.510786,25.276306,25.03534,20.095766,18.719006,19.581013,14.856154,16.69529,11.939763,14.33804,15.310588,13.534264,12.400939,6.467173,6.2628007,6.2018313,8.180872,12.392412,15.393012,17.802141,20.772346,23.077423,25.575647,22.918451,21.27683,19.517591,15.157606,12.329064,8.249407,8.523351,0.0,5.7256055,6.3023868,10.245723,11.643595,15.9241495,17.05645,14.885653,12.659625,10.248898,8.230557,6.889512,4.2619753,4.861062,9.8022375,9.266348,14.166642,16.557777,20.51979,19.491974,18.87887,14.796652,17.51573,15.225033,17.004177,15.317162,11.2152,9.723829,14.120332,10.5715065,6.5261984,7.475488,11.9225645,14.229917,15.714217,9.663842,10.760965,16.531572,13.473637,11.9722395,16.221796,17.582733,17.580093,13.72915,18.610428,16.081991,19.519176,21.426956,21.48162,26.346094,24.659506,29.807848,31.407427,27.711718,24.27483,22.212349,25.596636,19.925997,20.57848,23.183634,26.635979,30.157707,33.09123,33.72218,31.471973,27.925861,27.035154,23.236038,19.678612,15.481064,18.72303,14.777231,18.407814,19.17953,20.79919,18.12209,21.522913,15.940413,19.861406,18.903387,22.207924
31,23.793165,20.690668,19.872873,15.074709,13.863816,13.973249,10.112595,12.171118,7.8737335,11.712136,13.569301,13.678551,13.653146,9.076686,5.027394,6.4752216,5.964954,11.231029,12.609668,15.843327,18.348835,20.667887,23.059528,21.21573,20.232342,18.33633,14.592368,11.025268,8.903568,6.1202197,5.7256055,0.0,7.226281,8.344228,10.324778,14.634673,14.516451,12.575717,9.20739,5.954341,6.8598776,4.597526,6.3808246,7.603117,9.283216,11.285188,13.896298,17.44304,20.683495,20.064901,20.461597,17.073328,20.840387,19.494385,21.105583,18.599949,15.490452,14.601137,19.428776,16.12498,11.981765,12.468089,17.27016,19.038052,20.914833,15.0015545,14.931774,20.709133,16.660929,14.562455,17.662115,19.111336,18.042627,13.695404,17.520437,14.107097,16.744902,18.28183,17.430418,22.23355,20.221283,25.088955,27.145948,23.454578,20.432487,19.059315,23.058863,18.295122,19.026348,22.389208,25.900177,29.256498,32.407722,33.542072,31.665953,28.23264,27.670855,23.620657,21.036274,17.000124,21.62968,18.264162,22.73117,23.272558,24.25133,21.263004,23.493835,17.222452,20.408258,18.310358,21.274122
32,30.292156,27.510477,26.413437,21.770042,20.824308,19.7719,16.831429,16.480934,11.5546055,14.710296,13.857086,12.715992,9.64109,6.6896653,7.453092,10.52074,12.329382,17.461966,19.659813,22.673313,25.331842,27.70263,30.094116,27.887272,26.6724,24.676088,20.691298,17.373846,14.073476,12.725881,6.3023868,7.226281,0.0,5.554498,5.6055,9.881539,11.287783,9.331036,8.041557,7.2427354,5.0452003,8.082227,5.8344903,9.780617,14.089723,15.049702,19.144775,22.439526,26.207094,25.520496,25.114388,21.08664,23.67897,21.09945,22.758497,21.221813,17.09703,14.824333,18.767252,13.908797,10.074175,13.123968,16.222307,18.666016,18.91883,12.366379,15.060808,19.626108,15.627908,15.014416,18.416874,20.883448,20.04229,16.852108,20.683264,19.049204,20.95053,23.575274,23.017683,27.436792,26.418978,31.08595,33.61314,30.24977,27.32937,25.748346,29.810493,24.680532,25.688251,28.617378,32.143223,35.60736,38.57701,39.244366,36.896797,33.38592,32.120804,28.8567,25.214794,21.242266,24.401976,20.164742,23.648947,23.940298,25.810875,22.910482,26.625753,20.8535,24.270744,23.22869,25.776295
33,29.501604,26.804537,24.807205,20.737598,19.580696,17.172024,15.265962,12.719014,8.317979,11.591004,9.925317,10.457263,8.411118,8.289929,7.3148365,11.673085,13.084087,18.45002,20.438738,23.46377,26.196478,28.157375,30.776482,29.346817,28.333162,26.622793,22.739256,19.30119,16.640427,14.4399,10.245723,8.344228,5.554498,0.0,4.511441,6.678385,7.963826,7.8977246,4.9362607,5.1567802,7.8060045,10.787239,10.546679,14.04525,17.201582,18.79616,22.113148,25.522877,28.948477,27.97193,28.070446,24.31205,27.549982,25.08867,27.221418,25.48883,21.409891,19.711464,23.635748,19.110226,15.280353,17.227856,20.147434,21.877937,22.274443,16.111301,17.591492,21.650434,16.611326,15.85532,17.883934,20.826605,18.972576,16.18774,18.654858,17.595066,18.032492,21.050032,20.099545,23.961891,23.711487,27.914787,31.074663,28.25135,25.826195,24.55917,29.162416,24.753157,26.444733,29.487642,33.048344,36.366203,39.253834,39.915596,37.513145,34.130943,32.57277,29.930538,26.538725,22.977272,26.697306,22.646128,26.820435,26.526684,27.963894,24.69747,27.814457,21.71113,24.309317,22.898817,24.61176
34,30.633183,28.347862,26.539291,22.419445,21.941782,19.326164,18.303535,16.50679,12.342999,16.043354,14.279131,14.5167465,11.131073,11.024869,10.892184,14.841723,15.968014,21.36907,22.652418,26.092152,28.34267,30.723637,32.933475,31.236723,30.471231,28.319086,24.77891,21.153708,18.663467,16.229559,11.643595,10.324778,5.6055,4.511441,0.0,5.246776,5.77036,4.273531,4.4885097,6.3885736,6.214556,10.874626,10.311592,14.566506,17.793217,19.85489,23.01316,26.9936,30.447338,30.087912,30.05411,26.221857,29.07582,26.675413,28.206367,26.444052,22.580757,20.222673,24.214506,19.09691,15.406495,18.715214,21.676538,24.00994,23.963026,17.507986,20.21896,24.30869,19.763937,19.32629,21.859083,24.775707,23.22155,20.32999,23.112854,21.762314,22.409193,25.212454,23.97012,27.848497,27.194624,31.23418,34.48726,31.428007,29.079489,28.078571,32.586685,28.138872,29.277536,32.5612,36.10219,39.45588,42.50792,43.37772,41.131817,37.69037,36.378365,33.271774,29.91654,26.071188,29.611362,25.428827,29.111126,29.17605,30.947968,27.876966,31.34455,25.32912,28.276224,26.862228,28.876482
35,34.101593,31.89825,29.503,25.854939,25.170732,21.694984,21.250526,17.622656,14.156316,16.953302,13.744633,14.4090185,10.736504,13.365045,13.883011,18.221745,19.73446,25.118874,26.781675,30.013103,32.501976,34.570545,37.014797,35.647533,34.81225,32.901497,29.20172,25.655012,23.03398,20.720592,15.9241495,14.634673,9.881539,6.678385,5.246776,0.0,4.4662237,6.6252236,7.3539963,10.105574,11.455481,15.940983,15.287786,19.445728,22.820335,24.645988,27.96951,31.716248,35.187122,34.46392,34.431683,30.541014,33.398148,30.615582,32.563725,31.08478,26.876926,24.588642,28.096933,22.925827,19.552294,22.619593,24.744225,26.715658,26.163086,20.136435,22.831558,25.91049,20.999779,21.087742,22.70183,26.143476,24.154287,22.140997,23.971111,23.733534,23.27328,26.614244,25.405561,28.621655,28.943678,32.545235,36.266254,33.766262,31.73767,30.75872,35.52267,31.347445,33.055653,36.156998,39.71561,43.01649,45.896103,46.508564,44.006004,40.643154,38.836014,36.520973,32.922363,29.429447,32.71066,28.419958,32.119057,31.668985,33.44612,30.243223,33.81508,27.93756,30.393133,29.227211,30.52489
