,0,1,2,3,4,5,6,7,8,9,10,11,12,13,14,15,16,17,18,19,20,21,22,23,24,25,26,27,28,29,30,31,32,33,34,35,36,37,38,39,40,41,42,43,44,45,46,47,48,49,50,51,52,53,54,55,56,57,58,59,60,61,62,63,64,65,66,67,68,69,70,71,72,73,74,75,76,77,78,79,80,81,82,83,84,85,86,87,88,89,90,91,92,93,94,95,96,97,98,99,100,101,102,103,104,105,106,107,108,109,110,111,112,113,114
0,0.0,3.9237456,7.6563544,9.809335,12.788747,14.320957,17.573181,22.383673,24.745092,27.47917,31.742203,34.830593,36.705326,32.75819,27.472612,26.891726,23.008783,22.566256,17.232925,19.203644,16.618483,17.027304,16.114141,19.312218,21.735731,20.949799,22.839043,21.543268,25.523035,22.048931,29.827503,24.763823,31.445898,29.655155,31.668995,34.42703,31.890854,31.073511,27.55909,25.357002,28.864674,25.588234,29.889635,29.036518,24.535978,28.141743,23.94629,27.055038,25.639013,28.19304,31.074245,31.632689,35.999813,37.76999,38.43202,34.468952,35.350506,36.37917,41.372257,40.285522,36.574608,35.69091,41.31355,42.19638,45.56261,40.28338,38.94016,44.78061,41.271683,39.258953,41.992283,42.381264,39.0524,36.345734,37.24659,35.088436,40.381153,41.0269,40.779408,43.33135,38.774853,43.065952,39.79584,35.589043,32.67263,32.28002,27.678576,29.226969,25.979187,26.493792,27.400639,26.898254,23.627758,25.228682,23.000778,24.035952,20.767988,17.591936,14.313166,14.953153,13.877453,17.821115,18.78698,23.27268,23.701984,27.740568,31.242245,33.98363,35.864475,33.119976,37.687336,31.597097,34.577904,32.67543,34.398266
1,3.9237456,0.0,3.9680603,6.1216216,9.056726,10.495277,13.802946,18.468794,20.884115,23.562637,27.8349,30.955473,32.946777,29.111563,23.789993,23.302002,19.525806,19.374723,14.51857,16.67087,14.885798,15.355078,15.353087,18.199986,20.145706,19.36951,20.468407,18.91381,22.509888,19.007051,26.500969,21.38473,28.065023,26.108055,28.390362,31.04788,28.77523,28.091984,24.326555,22.025146,25.827948,22.642302,26.81939,26.10123,22.036266,25.480907,21.914972,25.03424,24.220999,26.373104,29.034815,29.20489,33.754494,35.161724,36.07766,32.188763,32.59521,33.514233,38.56136,37.22811,33.3933,32.56344,38.13179,39.073296,42.27391,36.84608,35.67832,41.45259,37.93548,36.087696,38.971798,39.601555,36.401405,33.552837,34.85993,32.284534,37.474525,37.894325,37.40503,39.81199,35.143375,39.313942,35.95381,31.772943,28.95301,28.754318,24.103931,26.093716,23.197758,23.956125,25.316267,24.904408,21.424505,23.643486,21.517857,22.143236,19.340746,16.345203,13.037065,12.841735,11.053418,14.960305,15.303469,20.040281,19.980585,24.230703,27.54436,30.215786,32.263943,29.62897,34.410336,28.477367,31.749578,30.08485,32.127266
2,7.6563544,3.9680603,0.0,4.9043264,6.7097273,7.3032975,11.367228,15.008629,17.980001,20.211655,24.598043,27.918531,30.29877,26.684334,21.349207,20.82731,17.310358,17.162804,13.339818,15.098522,14.442501,14.465636,15.53033,18.247437,19.561687,19.154234,19.375652,17.849443,20.887274,17.690722,24.687473,19.68017,26.314444,24.055883,26.847109,29.216486,27.408798,27.033533,22.907084,20.498043,24.738836,21.67939,25.539953,24.875088,21.458805,24.386164,21.661638,24.357437,24.107264,25.552303,28.011717,27.913675,32.70274,33.655804,35.05005,31.343622,31.167763,32.104996,37.094948,35.601364,31.655075,30.645481,36.00443,36.834644,39.878105,34.384655,33.17245,38.726974,34.982372,33.318867,36.13341,37.07799,33.901264,31.133835,32.979282,30.151266,35.111504,35.422424,34.68418,36.782936,32.11279,36.081085,32.56718,28.523624,25.76982,25.71765,20.978888,23.292942,20.914173,21.605782,23.462137,22.841694,19.03716,21.685751,19.438293,19.483541,17.08329,14.319217,11.322383,10.168679,7.992043,11.485127,11.548987,16.392912,16.115189,20.553387,23.763292,26.48,28.550676,25.93617,30.910532,25.150919,28.559553,27.261839,29.413937
3,9.809335,6.1216216,4.9043264,0.0,3.7392583,6.4338503,7.786907,13.423783,15.097336,18.10906,22.282164,25.150198,26.898943,23.05,17.726334,17.528708,13.867534,14.75086,10.691745,13.733354,13.291762,14.48629,15.627115,17.17305,18.344717,17.171364,16.913368,14.609879,17.44712,13.645238,20.602753,15.3677225,22.002054,20.098076,22.523348,25.321985,23.36852,22.605095,18.625431,16.110785,20.042894,16.996126,21.030977,20.621891,17.242178,20.667044,18.130762,21.62258,21.872719,23.674332,25.818626,25.194185,29.788006,30.717009,31.703053,27.901793,27.688026,28.253122,33.42403,31.64475,27.669752,27.221186,32.816055,34.05848,36.965233,31.271776,30.68196,36.494568,33.32739,31.732601,35.12077,35.98909,33.212574,29.891193,31.598595,28.211266,33.294285,33.193817,32.355923,34.75632,29.817823,33.90939,30.565706,26.284561,23.671522,23.853167,19.298607,22.183565,19.81935,21.41977,23.374567,23.577595,20.215277,23.494556,22.055548,22.274616,20.57382,18.195467,15.014201,13.680491,10.4474535,14.003894,12.395034,17.475105,16.087204,20.533453,23.32913,25.661552,28.140694,25.86714,30.897915,25.341267,29.217676,27.779755,30.561169
4,12.788747,9.056726,6.7097273,3.7392583,0.0,6.1761665,5.335877,11.034433,12.794533,15.192105,19.764889,22.58112,24.39431,20.286694,15.00796,14.295767,10.663603,11.254798,8.155256,10.88481,11.582206,12.613498,14.635164,15.711514,16.224855,15.339665,14.237108,12.052579,14.464081,11.180322,18.00656,13.19067,20.056103,18.445246,21.328094,24.234777,22.912771,22.110651,17.860231,14.960657,18.7731,15.43497,19.043142,18.301195,15.40367,18.115696,16.313658,19.22568,19.97957,21.1389,23.077532,22.267244,27.027637,27.653635,29.025803,25.399263,24.8041,25.535746,30.583845,28.912506,24.946514,24.09339,29.539309,30.6264,33.545048,27.93308,27.11857,32.85989,29.60371,28.0296,31.428215,32.3873,29.681631,26.32584,28.290874,24.73884,29.716772,29.600662,28.735746,31.094677,26.241001,30.425323,27.211819,22.903605,20.105999,20.147907,15.581664,18.509304,16.389988,18.159897,20.413183,20.755758,17.471313,21.187527,20.144726,20.217104,19.2072,17.332987,14.364973,12.597274,8.833469,12.020161,9.573043,14.47823,13.12233,17.118938,20.003487,22.321552,24.66521,22.40961,27.333029,21.83391,25.842194,24.4582,27.48399
5,14.320957,10.495277,7.3032975,6.4338503,6.1761665,0.0,6.8838444,8.423756,11.417918,14.030592,17.814957,21.275757,24.022215,21.318398,16.053139,16.627096,13.998948,15.670422,14.100716,16.330784,17.515423,17.930187,20.136026,21.696993,22.075375,21.440271,19.90773,17.597044,18.979568,15.679663,20.630438,15.475117,21.167965,17.973713,21.217329,22.852467,21.504381,21.78511,17.364185,15.280656,20.424738,18.466316,21.790852,22.081675,20.268356,22.929413,22.01144,24.955956,26.041416,26.835047,28.555029,27.371935,32.186337,32.242817,33.918488,30.491491,29.162977,29.452702,34.52975,32.109005,27.879726,27.613674,32.735237,33.961056,36.30899,30.309372,30.112322,35.36755,31.868237,30.84842,34.143017,35.747864,33.11433,29.991484,32.762623,28.840778,33.321877,32.80748,31.240509,32.82817,27.705406,31.02053,27.047903,23.193977,21.186895,22.180153,17.559711,21.618883,20.618177,22.047209,24.85166,24.560205,20.68923,24.381653,22.485283,21.48011,20.275696,18.238237,16.064898,13.516504,10.640559,12.175172,9.738623,14.800273,11.723419,17.366667,19.27831,21.528316,24.481367,22.477945,28.193356,23.364119,27.501188,27.057053,29.88839
6,17.573181,13.802946,11.367228,7.786907,5.335877,6.8838444,0.0,7.6243615,7.770025,10.933196,15.025269,17.560389,19.2026,15.431221,10.068523,10.390813,7.497909,10.485589,9.862994,12.89199,14.843106,16.243666,18.733253,18.79179,18.603064,17.419556,14.905309,11.972456,12.566289,9.107231,13.885752,8.798802,15.15095,13.1869335,16.356285,19.118734,18.228584,17.597445,13.138289,10.181981,14.478605,11.955974,15.09138,15.210872,13.883927,16.384443,16.319052,19.506868,21.3963,22.126492,23.329546,21.528814,26.113813,26.041815,27.45812,24.078718,22.569118,22.647352,27.802422,25.339687,21.139906,21.082281,26.433256,27.97844,30.337687,24.28589,24.492798,30.106834,27.319372,26.235039,30.165014,31.51368,29.3854,25.635044,28.13909,23.668156,28.262321,27.38796,25.905943,28.055319,22.787924,26.608366,23.231989,18.907099,16.699888,17.609568,13.389549,17.773893,16.78218,19.313803,22.103418,22.897314,19.883587,24.17953,23.544924,23.093216,22.853983,21.409878,18.88235,16.574566,12.789672,14.704704,10.782583,15.203144,11.833533,16.0871,17.79976,19.510937,22.546556,20.92117,26.16505,21.516273,26.038118,25.16933,28.749617
7,22.383673,18.468794,15.008629,13.423783,11.034433,8.423756,7.6243615,0.0,5.1343174,5.8622193,9.755339,13.474363,16.967213,15.140013,10.675709,11.749499,11.214344,13.849076,15.816272,17.244844,20.341417,20.638083,23.909182,24.370464,23.531906,23.195665,19.899685,17.67857,16.81004,14.92209,16.53838,12.841079,16.877285,13.404717,17.69339,18.595057,18.956594,19.741068,15.145753,13.149373,18.194695,17.144426,18.860723,19.541393,19.98085,21.126595,22.572767,24.61893,27.02117,26.544804,27.343536,25.233364,29.912117,28.811335,31.189766,28.460342,25.748943,25.709326,30.356184,27.407782,23.176365,22.97702,27.27828,28.53014,30.147575,24.024763,24.43784,28.999504,25.638298,25.352516,28.876013,31.167608,29.199505,25.991423,29.775932,25.02601,28.586761,27.349426,24.98379,25.842943,20.575207,23.179659,18.901384,15.3603115,14.106439,16.136032,12.180292,17.716686,18.620365,20.514206,24.100838,24.137209,20.716543,25.153734,24.059029,22.290808,22.74645,21.863752,20.515884,17.341337,14.431491,13.926903,9.544886,12.660487,6.8235703,12.299457,12.422265,13.966008,17.644344,16.467707,22.507309,19.07031,23.709894,24.187248,27.637472
8,24.745092,20.884115,17.980001,15.097336,12.794533,11.417918,7.770025,5.1343174,0.0,5.0263762,7.4471245,10.115297,12.629915,10.812683,6.4504313,9.142165,9.533085,13.818443,16.183031,18.344034,21.453981,22.519129,25.599203,25.213593,24.25183,23.328835,19.593925,16.793482,14.982613,12.941285,12.552969,9.060583,11.893464,8.3232,12.699939,13.905017,14.600513,15.147799,10.677893,8.7784195,13.588723,13.409693,14.579121,16.061842,17.51699,18.758036,21.042654,23.617687,26.57541,26.327538,26.64912,23.884703,28.12099,26.809511,28.7274,26.098415,23.076399,22.364,27.121128,23.55642,19.238829,20.082869,24.483128,26.357096,27.587135,21.126766,22.716562,27.431667,25.008842,24.931532,29.106909,31.2813,29.894005,26.149067,29.708256,24.379305,27.85027,25.983511,23.371332,24.52408,18.895979,21.454893,17.456806,13.663335,13.054621,15.667013,12.553255,18.55277,19.571934,22.278929,25.727972,26.520147,23.668568,28.32296,27.829117,26.454332,27.09849,26.225367,24.495777,21.566282,18.225296,18.384548,13.741574,16.650698,11.034039,15.161213,14.546287,15.140463,19.185452,18.667381,24.292658,21.376873,26.21555,26.47276,30.37889
9,27.47917,23.562637,20.211655,18.10906,15.192105,14.030592,10.933196,5.8622193,5.0263762,0.0,5.364529,8.522847,12.141242,10.705155,7.799798,8.96656,10.565697,13.563673,17.51426,18.484047,22.36841,22.809214,26.400635,25.986267,24.456766,24.177626,19.962105,17.939932,15.493761,14.944527,13.695742,11.9930525,14.229581,11.563157,16.117496,16.874743,18.567976,19.242949,15.074109,13.188638,17.062326,16.545708,16.802618,17.579065,19.631207,19.564772,22.599552,23.974026,27.186842,25.985247,26.038477,23.27964,27.57226,25.691423,28.401323,26.27164,22.680365,22.369453,26.53689,23.319464,19.271418,19.129202,22.700537,24.038315,25.095848,18.95592,19.982767,24.060074,21.145647,21.400024,25.25125,27.84969,26.572582,23.195919,27.410122,22.115881,24.923336,23.059362,20.158731,20.662378,15.248776,17.489109,13.227615,9.658418,9.167399,12.155408,9.533787,15.73826,17.88228,20.235506,23.99572,24.55814,21.890965,26.58476,26.317383,24.528402,25.925003,25.66539,24.521486,21.40386,18.454552,17.549162,12.870592,14.218676,8.544466,11.352286,9.817956,10.128721,14.266007,14.056902,19.68654,17.519156,22.324377,23.156303,27.072973
10,31.742203,27.8349,24.598043,22.282164,19.764889,17.814957,15.025269,9.755339,7.4471245,5.364529,0.0,4.2025003,9.004631,10.526154,9.691314,12.303097,14.707518,18.37394,22.346073,23.620132,27.44076,28.083582,31.596512,30.993853,29.4399,28.936417,24.559996,22.286104,19.268871,18.68076,15.288579,14.33604,13.900166,10.514459,14.786293,14.027441,16.673487,18.126862,14.68654,13.957289,17.553411,18.553164,18.011297,19.802513,22.853304,22.78427,26.46718,28.102892,31.63835,30.452734,30.13357,26.926683,30.746485,28.40002,30.935133,29.160398,25.059603,24.031288,27.882284,23.859512,19.979551,20.97208,23.814085,25.575985,25.660019,19.468008,21.88972,25.15064,22.995409,23.957882,27.911879,30.82943,30.133276,26.774605,31.176327,25.570871,27.672958,25.124504,21.588661,21.379068,16.017267,16.703928,12.092101,9.79966,11.450766,15.2901,13.964916,20.110235,22.723177,25.188213,28.958427,29.620422,27.08422,31.757853,31.466068,29.432156,30.891172,30.62877,29.607668,26.396452,23.554523,22.476187,17.933918,19.054436,13.107083,15.640957,12.673702,11.699143,16.270504,17.068632,22.408882,21.537243,26.189184,27.498886,31.426508
11,34.830593,30.955473,27.918531,25.150198,22.58112,21.275757,17.560389,13.474363,10.115297,8.522847,4.2025003,0.0,5.1712694,8.530224,9.900803,12.740044,15.887114,19.813707,24.150688,25.516476,29.401918,30.342173,33.794373,32.66586,30.924456,30.222263,25.591677,23.279709,19.608145,19.477648,14.249992,14.66777,12.279196,9.934554,13.529056,12.612163,16.11953,17.343664,14.724379,14.370611,16.699034,18.376333,16.857796,19.00648,22.975111,22.487839,26.901693,28.464891,32.367695,31.094513,30.330952,26.720865,30.005444,27.30791,29.641863,28.25265,23.78338,22.268417,25.736423,21.294737,17.707626,19.405642,21.675488,23.809048,23.278406,17.1336,20.625883,23.504019,22.275707,23.566366,27.816483,30.680153,30.556055,27.004282,31.27022,25.411798,27.05359,23.974474,20.180573,19.913916,14.640443,14.75507,10.742335,8.973341,11.635356,15.656665,15.440679,21.318604,24.141596,26.94969,30.57388,31.671988,29.593231,34.327435,34.46659,32.63999,34.326103,34.17368,33.021324,29.92327,26.904924,26.047752,21.38981,22.295174,16.729622,18.343708,15.156436,13.496436,17.765705,19.092684,23.701458,23.453169,28.02496,29.249956,33.394505
12,36.705326,32.946777,30.29877,26.898943,24.39431,24.022215,19.2026,16.967213,12.629915,12.141242,9.004631,5.1712694,0.0,6.16549,9.855325,12.813653,16.275074,20.545261,24.793589,26.49521,30.17821,31.62138,34.810066,33.055107,31.273405,30.171171,25.480278,23.00872,18.868778,18.983532,11.991009,13.855399,9.259461,8.978028,11.1965,11.015252,14.947153,15.379018,13.834445,13.743539,14.210666,16.57963,14.026598,16.648367,21.449846,20.777454,25.736433,27.490915,31.670362,30.62041,29.458063,25.462008,28.06116,25.2789,27.004316,25.874523,21.304588,19.108683,22.361708,17.37573,14.063734,16.984325,19.062319,21.854816,20.933811,14.778857,19.524303,22.50511,22.502296,23.752651,28.451006,30.896978,31.26491,27.32907,31.026518,24.98047,26.523418,23.012173,19.344229,19.703392,14.597927,14.96885,12.433402,10.6009655,13.150609,16.754467,17.258589,22.65643,25.171814,28.462723,31.752804,33.446854,31.853111,36.625973,37.230408,35.862553,37.56487,37.361656,35.852436,32.990147,29.659336,29.3854,24.601486,25.724867,20.589876,21.740519,19.029055,17.29093,21.086819,22.47211,26.383932,26.10347,30.635098,31.376728,35.765285
13,32.75819,29.111563,26.684334,23.05,20.286694,21.318398,15.431221,15.140013,10.812683,10.705155,10.526154,8.530224,6.16549,0.0,5.367078,7.3151417,10.885848,15.0393715,19.310541,21.006311,24.596119,26.255054,29.29905,27.21952,25.39763,24.192633,19.486895,17.0674,12.76962,13.285941,6.110827,8.980757,6.376944,8.353624,10.917856,13.324266,15.949996,15.07757,12.764915,11.23528,10.979368,11.71152,9.115318,10.845174,15.609484,14.653764,19.678318,21.337206,25.524458,24.590723,23.495707,19.539389,22.367744,19.997957,21.634668,20.10568,15.811852,13.993509,17.995535,13.595099,9.568338,11.848657,15.333097,18.122824,18.417332,11.818995,15.662464,20.046137,19.77564,20.200678,25.207586,27.072649,27.124823,22.819208,25.976425,19.94695,22.348642,19.265247,16.330164,18.043058,12.607771,15.257137,13.326499,9.745762,10.297754,12.964539,13.139053,18.097113,19.938093,23.546858,26.543795,28.607435,27.312855,32.053684,33.019974,32.214306,33.854122,33.635426,31.811821,29.274181,25.72658,26.035025,21.279758,22.618332,18.364498,19.093029,17.686182,16.69572,19.971474,20.626848,24.317423,22.909988,27.494171,27.462044,31.980215
14,27.472612,23.789993,21.349207,17.726334,15.00796,16.053139,10.068523,10.675709,6.4504313,7.799798,9.691314,9.900803,9.855325,5.367078,0.0,4.441368,6.6733675,11.61065,15.050704,17.198715,20.545597,22.187098,25.173044,23.631351,22.213604,20.962156,16.615538,13.782456,10.526971,9.623508,6.2496915,5.131538,7.220579,7.0825,10.722903,13.61399,14.96632,14.134187,10.506209,7.9635525,9.889061,9.316925,9.006682,10.307766,13.260612,13.566229,17.22164,19.542067,23.18772,22.76357,22.426758,19.045721,22.743534,21.202782,22.825748,20.450964,17.080133,16.024588,20.779814,17.137798,12.80651,14.005772,18.621504,20.918316,22.171892,15.651726,17.853333,22.96603,21.545979,21.353327,26.114992,27.856068,27.066021,22.803488,25.86808,20.15466,23.571941,21.30698,18.891037,20.84643,15.224697,18.554777,15.766501,11.487251,10.625574,12.866458,11.070954,16.523294,17.541681,21.027382,24.116234,25.840252,23.963778,28.716318,29.222256,28.478468,29.624641,29.075438,27.063562,24.534897,20.88206,21.541847,16.798054,18.995504,14.622176,16.560822,16.108007,16.097145,19.565828,19.393204,23.90743,21.254837,26.04033,25.743214,30.09124
15,26.891726,23.302002,20.82731,17.528708,14.295767,16.627096,10.390813,11.749499,9.142165,8.96656,12.303097,12.740044,12.813653,7.3151417,4.441368,0.0,4.097831,7.7880793,12.400313,13.747835,17.525839,18.976896,22.155703,20.332483,18.515537,17.615198,12.911257,10.706591,7.000786,7.7674675,6.205355,6.540262,10.38425,11.464032,14.736381,17.983858,19.226223,18.009855,14.442378,11.447033,12.512409,10.178573,9.893277,9.13756,11.5805235,10.679097,14.566398,15.883719,19.640303,18.685013,18.313051,15.083487,19.126793,17.668407,19.777185,17.401707,14.134277,14.011163,18.634554,16.076805,12.01493,11.360997,16.252592,17.98877,20.001839,13.898,14.669815,20.258297,18.44741,17.745201,22.454433,23.898737,22.923307,18.595354,21.52124,15.929487,19.701805,17.91056,16.068651,18.57484,13.301151,17.658016,15.520088,10.940433,8.598213,9.551184,7.70882,12.431385,13.290087,16.92847,19.896692,21.85924,20.40708,25.120481,26.10084,25.682882,27.151176,26.912495,24.937992,22.647617,19.046793,19.746601,15.205801,16.789772,13.749873,14.33136,14.8004,15.152397,17.77064,17.215517,21.112,17.995152,22.632889,21.907207,26.3286
16,23.008783,19.525806,17.310358,13.867534,10.663603,13.998948,7.497909,11.214344,9.533085,10.565697,14.707518,15.887114,16.275074,10.885848,6.6733675,4.097831,0.0,5.4033895,8.53838,10.610161,13.920824,15.638171,18.57514,16.998327,15.635069,14.492823,10.311459,7.592365,5.6868577,4.663378,8.143634,5.9365463,12.198599,12.847429,15.87366,19.521149,19.8423,18.380135,14.532345,11.124729,12.72713,9.187207,10.649428,9.337444,9.50222,9.926043,12.043586,14.085775,17.207495,16.984005,17.327412,14.777121,19.22222,18.70165,20.398233,17.372335,15.276473,15.613956,20.560566,18.56414,14.588841,13.694309,19.101223,20.61696,23.197264,17.426762,17.395718,23.308975,21.12248,19.8784,24.278173,25.325594,23.768806,19.523727,21.856653,16.872334,21.413914,20.322714,19.12677,21.920116,16.911917,21.489216,19.218262,14.617959,11.811004,11.973904,8.865871,12.770145,12.177196,15.736116,18.430641,20.300625,18.551678,23.142584,23.896782,23.86255,24.794027,24.211964,21.865984,19.830868,16.040627,17.51169,13.252303,15.743603,13.35133,14.7240715,16.31196,17.397964,19.813856,18.59126,22.68017,18.501421,23.031773,21.780252,25.965446
17,22.566256,19.374723,17.162804,14.75086,11.254798,15.670422,10.485589,13.849076,13.818443,13.563673,18.37394,19.813707,20.545261,15.0393715,11.61065,7.7880793,5.4033895,0.0,6.3632903,6.0823298,10.332437,11.389917,14.754738,13.100416,11.134872,10.9522085,6.5500984,5.9200654,5.706727,7.1741776,12.158804,11.1497345,17.236082,18.179943,21.236483,24.864624,25.224483,23.709488,19.875278,16.429579,17.706266,13.507464,14.846641,12.134386,10.9798975,10.026212,11.090676,11.148224,13.818779,12.751151,13.558516,12.018786,17.018564,16.95307,19.275337,16.32365,14.958687,16.61124,20.916262,20.347103,17.02345,14.239707,19.248938,19.769125,23.156324,18.379133,16.375679,22.31287,19.414011,17.446829,21.22935,21.8149,19.66674,15.700578,17.688406,13.563722,18.595646,18.584074,18.330727,21.390408,17.280676,22.398996,20.680977,16.297003,12.53164,10.948352,7.69328,8.9275875,7.015969,10.567803,13.05117,15.065399,13.763044,18.223593,19.53598,20.01484,21.276539,21.119247,18.907267,17.313812,13.85781,15.339999,11.924037,13.426486,13.399746,13.099221,16.043604,17.67761,18.893312,17.038921,20.238844,15.213543,19.26258,17.302977,21.35149
18,17.232925,14.51857,13.339818,10.691745,8.155256,14.100716,9.862994,15.816272,16.183031,17.51426,22.346073,24.150688,24.793589,19.310541,15.050704,12.400313,8.53838,6.3632903,0.0,4.5752707,5.632252,8.124701,10.270381,9.126826,8.908637,7.6171017,6.2261252,4.7651463,8.792776,7.2462773,15.355128,12.574709,19.631296,20.261738,22.692156,26.692717,25.945192,24.11381,20.402798,16.963806,18.418177,13.648612,16.569975,14.024563,10.15589,11.734923,9.165409,11.165009,11.964889,13.131947,15.12839,14.735207,19.396084,20.648783,21.808752,18.124435,18.410337,19.943771,24.599117,24.18281,20.87633,18.87947,24.37076,25.12143,28.717804,23.979673,22.223934,28.327969,25.587524,23.363949,26.840704,26.915483,24.370733,20.697395,21.513054,18.446653,23.880291,24.27156,24.41804,27.693253,23.54857,28.616535,26.642826,22.154043,18.615093,17.296192,13.673144,14.46373,10.976287,13.529163,14.871114,16.583586,14.892111,18.587784,19.315014,20.57898,20.545818,19.539549,16.469448,15.653589,12.041189,15.260506,12.92087,15.961198,16.359228,17.58893,21.038527,23.074827,24.48234,22.251574,25.704542,20.004156,23.631968,21.147903,24.52475
19,19.203644,16.67087,15.098522,13.733354,10.88481,16.330784,12.89199,17.244844,18.344034,18.484047,23.620132,25.516476,26.49521,21.006311,17.198715,13.747835,10.610161,6.0823298,4.5752707,0.0,4.7927127,5.361508,8.767719,7.7711763,6.34055,7.071287,5.559532,6.911484,10.099002,10.556648,17.56946,15.78446,22.510511,23.237171,26.068323,29.855162,29.57658,27.929043,24.07339,20.593655,22.03461,17.308369,19.522417,16.455055,13.260083,13.14948,11.205684,10.717461,11.217036,10.899267,13.176771,13.6022835,18.498503,19.659138,21.596207,18.352676,18.585297,20.848099,24.879171,25.20002,22.236252,19.08722,23.96725,23.977102,27.88691,23.803312,20.87492,26.653755,23.37307,20.84243,23.69115,23.59128,20.646662,17.439083,18.234774,15.957407,21.3134,22.39175,22.983747,26.149456,22.66264,27.855364,26.208082,21.983818,18.042488,15.891164,12.526291,11.531258,7.325152,9.216466,10.371596,12.035383,10.729763,14.3797035,15.701904,17.257772,17.814447,17.451998,14.840073,14.254923,11.236458,13.80593,12.173449,13.8746805,15.909374,15.691224,19.755823,22.001116,22.565825,20.044043,22.747894,16.748247,19.865786,17.001934,20.19685
20,16.618483,14.885798,14.442501,13.291762,11.582206,17.515423,14.843106,20.341417,21.453981,22.36841,27.44076,29.401918,30.17821,24.596119,20.545597,17.525839,13.920824,10.332437,5.632252,4.7927127,0.0,3.756234,4.772181,4.2143583,5.279094,5.1975718,7.4076767,8.548737,13.059518,12.498088,20.492773,18.145994,25.12266,25.892534,28.253366,32.303635,31.41295,29.504345,25.88304,22.48497,23.731052,18.781477,21.637165,18.579962,14.091433,15.105335,11.086621,11.449343,10.121869,11.645887,14.621535,15.8632555,20.227533,22.274517,23.384567,19.810349,21.164871,23.39427,27.486202,28.057007,25.232416,22.453798,27.55903,27.693842,31.76183,27.807232,25.006763,30.895231,27.858725,25.1629,27.844597,27.30667,24.253614,21.263565,21.099558,19.59958,25.08826,26.398838,27.308979,30.704927,27.250221,32.50153,30.848904,26.536446,22.68042,20.61792,17.242546,16.16053,11.616823,12.827906,12.785467,14.248452,13.13241,15.638787,16.663197,18.976398,18.560556,17.635975,14.452533,14.831331,12.157346,15.762152,15.064352,17.412334,19.60339,20.056835,24.241682,26.60127,27.23579,24.597511,27.255375,21.08092,23.788256,20.59207,23.205524
21,17.027304,15.355078,14.465636,14.48629,12.613498,17.930187,16.243666,20.638083,22.519129,22.809214,28.083582,30.342173,31.62138,26.255054,22.187098,18.976896,15.638171,11.389917,8.124701,5.361508,3.756234,0.0,4.1782365,5.884247,6.20125,7.96409,9.590856,11.346112,15.251479,15.181103,22.758808,20.496584,27.466106,27.865963,30.637745,34.371185,33.693325,32.09635,28.20766,24.804567,26.53258,21.725866,24.389345,21.33623,17.356838,17.765375,14.435137,13.7512045,12.368425,12.717427,15.782463,17.422571,21.935385,23.709654,25.428665,22.171482,23.197454,25.692818,29.516945,30.250961,27.436228,24.1673,28.88128,28.57544,32.691048,28.963936,25.573847,31.102604,27.503605,24.759302,26.843403,26.401026,22.944798,20.557533,20.684044,19.762278,24.979317,26.6837,27.650208,30.7074,27.564148,32.68984,30.966463,26.879332,22.89537,20.588396,17.136162,15.367537,10.885255,10.893904,10.732072,11.320502,9.9157505,12.031651,12.964299,15.508283,15.157843,14.547847,11.694062,12.359512,10.389843,13.567786,13.784772,15.422722,18.718975,18.673605,23.246384,25.861967,26.034353,23.125229,25.525673,19.138105,21.381493,18.142601,20.283298
22,16.114141,15.353087,15.53033,15.627115,14.635164,20.136026,18.733253,23.909182,25.599203,26.400635,31.596512,33.794373,34.810066,29.29905,25.173044,22.155703,18.57514,14.754738,10.270381,8.767719,4.772181,4.1782365,0.0,4.63331,7.0265155,8.063073,11.588282,13.229108,17.730469,17.225367,25.261963,22.81196,29.846867,30.429737,32.804764,36.778908,35.695896,33.851345,30.214544,26.883701,28.295708,23.356379,26.337076,23.232918,18.513844,19.502522,15.000414,14.742243,12.130023,13.751942,17.12817,19.279154,23.292461,25.712145,26.78344,23.358473,25.208055,27.695463,31.49328,32.482605,29.836325,26.7883,31.64546,31.436304,35.6868,32.10761,28.80694,34.448975,31.137695,28.25651,30.29454,29.464205,26.043758,23.73674,23.071404,22.669577,27.97874,29.824203,31.069126,34.377617,31.2774,36.510174,34.880764,30.70112,26.74916,24.448048,21.087717,19.264685,14.572086,14.56889,13.59138,14.2786,13.393774,14.441622,15.248276,18.31871,17.269798,16.263643,13.124925,14.616031,13.048944,16.723925,17.3554,19.350725,22.52615,22.820066,27.372972,29.9809,30.209822,27.299803,29.576796,23.194408,25.166836,21.697456,23.456484
23,19.312218,18.199986,18.247437,17.17305,15.711514,21.696993,18.79179,24.370464,25.213593,25.986267,30.993853,32.66586,33.055107,27.21952,23.631351,20.332483,16.998327,13.100416,9.126826,7.7711763,4.2143583,5.884247,4.63331,0.0,3.4902642,3.8049655,8.238006,10.429101,14.861828,15.033529,22.670843,21.03293,27.707151,29.09048,31.153913,35.481144,34.61194,32.395226,29.069815,25.670826,26.176508,21.05369,23.60946,20.086021,15.366787,15.833915,11.18499,10.370003,7.5009074,9.659266,13.010842,15.242656,18.946857,21.674248,22.390175,18.962208,21.241627,23.847599,27.43268,28.7916,26.49136,23.341677,28.158585,28.034647,32.38162,29.111473,25.874987,31.654299,28.938545,25.94945,28.340502,27.170029,24.174915,21.411903,20.145163,19.644875,25.082462,26.838871,28.376026,32.08584,29.155212,34.591103,33.45632,29.228537,25.276983,22.772589,20.01029,17.891094,13.013385,13.91975,12.657359,14.63573,14.712546,16.338356,18.10662,21.048752,20.77035,20.124027,17.109903,18.05716,15.867913,19.30971,18.941193,20.722174,23.396793,23.152626,27.41287,29.663296,29.893728,27.287796,29.182692,23.12321,25.275385,21.575367,23.899412
24,21.735731,20.145706,19.561687,18.344717,16.224855,22.075375,18.603064,23.531906,24.25183,24.456766,29.4399,30.924456,31.273405,25.39763,22.213604,18.515537,15.635069,11.134872,8.908637,6.34055,5.279094,6.20125,7.0265155,3.4902642,0.0,3.580945,6.130482,9.31619,13.002575,14.210428,21.09357,20.166378,26.556662,28.183445,30.45538,34.71851,34.296375,32.13678,28.74584,25.271946,25.612665,20.52569,22.516945,18.72857,14.759826,14.113946,10.646884,8.328204,6.4545884,6.8221283,10.123421,12.410706,16.381325,18.793844,20.046404,16.902958,18.78442,21.671576,24.980211,26.563334,24.409851,20.746498,25.259472,24.881502,29.289167,26.28648,22.681673,28.334566,25.595428,22.54509,24.897608,23.696236,20.771303,17.93459,16.737347,16.22397,21.623743,23.490385,25.158344,28.871014,26.220884,31.693878,30.841084,26.75169,22.723866,19.922283,17.583424,14.861762,9.963404,11.0674,9.772733,12.367957,13.003539,15.054464,17.437756,20.160496,20.629402,20.478165,17.840836,18.366354,16.084732,18.908033,18.153593,19.261478,22.076456,21.054453,25.232279,27.330442,27.287342,24.79563,26.282938,20.434454,22.543074,18.774118,21.394213
25,20.949799,19.36951,19.154234,17.171364,15.339665,21.440271,17.419556,23.195665,23.328835,24.177626,28.936417,30.222263,30.171171,24.192633,20.962156,17.615198,14.492823,10.9522085,7.6171017,7.071287,5.1975718,7.96409,8.063073,3.8049655,3.580945,0.0,5.1064,7.296145,11.571618,12.10809,19.348742,18.218403,24.571136,26.437897,28.293396,32.79644,32.1068,29.696108,26.579496,23.1738,23.111818,17.95128,20.195686,16.495152,11.900825,12.094714,7.5451574,6.880222,4.993009,7.600082,10.504663,12.060899,15.8107,18.487494,18.976526,15.387722,17.636848,20.122602,23.817738,25.08798,22.854422,19.871227,24.844011,25.008867,29.27161,25.913227,23.074347,29.049742,26.811163,23.921604,26.842026,25.71521,23.173096,19.835722,18.615295,17.348665,22.905815,24.253212,25.707108,29.638336,26.580286,32.074013,31.143766,26.854763,23.027052,20.629562,18.212849,16.477482,11.83846,13.8017,13.027435,15.7297945,15.946662,18.347748,20.355946,22.865166,23.026814,22.46869,19.467241,19.824608,17.075087,20.332346,19.052156,20.901564,22.794062,22.472685,26.3164,28.246925,28.719246,26.427593,28.372452,22.665339,25.243765,21.697958,24.618547
26,22.839043,20.468407,19.375652,16.913368,14.237108,19.90773,14.905309,19.899685,19.593925,19.962105,24.559996,25.591677,25.480278,19.486895,16.615538,12.911257,10.311459,6.5500984,6.2261252,5.559532,7.4076767,9.590856,11.588282,8.238006,6.130482,5.1064,0.0,3.8984997,6.896806,8.733481,14.990822,14.569502,20.597408,22.622362,24.781729,29.126038,29.000715,26.757511,23.51353,20.049059,19.958721,14.976036,16.543207,12.730924,9.479164,8.363506,6.5712614,5.3743715,7.2802815,7.2865915,8.921765,8.818638,13.453426,15.0834675,16.349443,12.909775,13.787261,16.207188,20.118591,20.942184,18.46679,15.260203,20.324348,20.62859,24.704462,20.999996,18.365854,24.471882,22.283108,19.627502,23.070768,22.420568,20.233114,16.338202,16.124138,13.479057,19.080048,19.89228,20.93301,24.805721,21.534966,27.016056,26.138111,21.86383,18.081768,15.756335,13.624676,12.381898,8.409858,11.5636215,11.987749,15.013711,15.054164,18.476404,20.586996,22.3206,23.204142,22.96135,20.294529,19.794828,16.634544,19.146917,16.867594,18.360443,19.533695,18.824154,22.195248,23.816092,24.444714,22.471888,24.543869,19.282099,22.397594,19.309309,22.915323
27,21.543268,18.91381,17.849443,14.609879,12.052579,17.597044,11.972456,17.67857,16.793482,17.939932,22.286104,23.279709,23.00872,17.0674,13.782456,10.706591,7.592365,5.9200654,4.7651463,6.911484,8.548737,11.346112,13.229108,10.429101,9.31619,7.296145,3.8984997,0.0,4.949807,4.99446,12.26806,11.040093,17.364853,19.250399,21.218178,25.654888,25.287283,22.986668,19.783384,16.338636,16.322783,11.290986,13.3878145,10.062044,6.381434,7.017502,5.397056,7.583125,9.86278,10.882778,12.033937,10.799447,15.192656,16.447498,17.236475,13.497585,13.847657,15.375383,20.008982,19.831532,16.832712,14.791287,20.416376,21.425718,25.053444,20.552546,19.092922,25.386532,23.463223,21.225737,25.174366,24.968344,23.044392,18.868246,19.248661,15.700177,21.145662,21.207853,21.570757,25.320913,21.350645,26.62577,25.31542,20.830317,17.405743,15.917827,13.368257,13.919075,10.772953,14.242364,15.357184,18.0148,17.291452,21.088337,22.59248,23.903912,24.465458,23.821028,20.934105,20.061739,16.472206,19.194935,16.301626,18.657524,18.593214,18.9706,21.857336,23.339733,24.701355,22.936855,25.816109,20.738663,24.41034,21.815397,25.61657
28,25.523035,22.509888,20.887274,17.44712,14.464081,18.979568,12.566289,16.81004,14.982613,15.493761,19.268871,19.608145,18.868778,12.76962,10.526971,7.000786,5.6868577,5.706727,8.792776,10.099002,13.059518,15.251479,17.730469,14.861828,13.002575,11.571618,6.896806,4.949807,0.0,4.8289795,8.143264,8.891777,13.9984045,16.546741,18.638899,22.945818,23.364637,21.154589,18.11765,14.795012,14.173276,9.778449,10.279648,6.757592,6.561172,4.6248045,7.9511385,9.021356,12.861532,12.483279,12.2919035,9.416819,13.666108,13.645379,14.963396,11.782266,10.345335,11.452762,16.224957,15.473288,12.270304,10.209008,15.9337635,17.308207,20.55915,15.712819,14.935021,21.252808,19.830526,18.014761,22.527618,22.71294,21.475842,16.90733,18.04616,13.295521,18.24625,17.484976,17.338858,21.093277,16.940376,22.157574,21.148794,16.738096,13.608586,12.436003,10.883309,12.306838,10.825924,14.861388,16.620829,19.468714,18.953644,23.172762,24.89504,25.628815,26.849691,26.562086,24.078531,22.666483,19.033596,20.872108,17.210663,18.910595,17.929237,17.720688,19.68584,20.549849,22.092531,20.925575,23.668457,19.541382,23.520868,21.470259,25.730627
29,22.048931,19.007051,17.690722,13.645238,11.180322,15.679663,9.107231,14.92209,12.941285,14.944527,18.68076,19.477648,18.983532,13.285941,9.623508,7.7674675,4.663378,7.1741776,7.2462773,10.556648,12.498088,15.181103,17.225367,15.033529,14.210428,12.10809,8.733481,4.99446,4.8289795,0.0,8.525176,6.118339,12.720231,14.390621,16.263979,20.708174,20.306952,18.054623,14.821939,11.391871,11.579985,6.771403,9.329535,7.301407,5.166879,7.46953,8.128691,11.707794,14.513023,15.519663,16.05936,13.729508,17.752861,18.173811,18.77707,15.189752,14.349147,14.622501,19.847593,18.247374,14.578927,14.144132,20.032072,21.811129,24.700968,19.299227,19.365417,25.597092,24.018661,22.410324,26.869545,27.27231,25.752867,21.338676,22.551025,18.012577,22.992985,22.121109,21.559063,24.962137,20.249956,25.057724,23.26014,18.682278,15.942047,15.651469,12.994511,15.622226,13.79619,17.486662,19.362263,21.704268,20.363188,24.583647,25.558348,26.200848,26.685205,25.801493,22.958323,21.49303,17.607819,20.039757,16.323261,19.268873,17.49218,18.943827,20.897951,22.013052,24.24032,22.911762,26.588568,22.084953,26.321146,24.438019,28.499044
30,29.827503,26.500969,24.687473,20.602753,18.00656,20.630438,13.885752,16.53838,12.552969,13.695742,15.288579,14.249992,11.991009,6.110827,6.2496915,6.205355,8.143634,12.158804,15.355128,17.56946,20.492773,22.758808,25.261963,22.670843,21.09357,19.348742,14.990822,12.26806,8.143264,8.525176,0.0,5.7885637,6.337242,10.275297,11.703463,15.928732,17.133453,14.964465,12.756432,10.295867,8.308738,6.8605957,4.224884,4.7759676,9.687445,9.096543,13.948629,16.245667,20.332857,20.14674,19.201077,15.325791,18.104603,16.727633,17.457134,15.177433,11.890375,10.217842,15.276111,11.706972,7.405788,9.512448,14.731996,17.605028,19.109114,13.03868,15.708946,21.262264,21.11099,20.558147,25.678894,26.651974,26.389416,21.722202,23.715664,18.015621,21.523155,19.097904,17.41467,20.453653,15.483954,19.475264,18.231178,14.142406,12.978592,14.033248,13.533574,17.322477,17.70097,21.687653,24.050785,26.631327,25.686392,30.240778,31.526316,31.492058,32.772118,32.32788,29.989765,27.965456,24.174389,25.465944,20.993795,22.934715,19.728281,20.460217,20.506811,20.299452,23.000849,22.900988,26.256886,23.623657,28.069159,27.053041,31.563877
31,24.763823,21.38473,19.68017,15.3677225,13.19067,15.475117,8.798802,12.841079,9.060583,11.9930525,14.33604,14.66777,13.855399,8.980757,5.131538,6.540262,5.9365463,11.1497345,12.574709,15.78446,18.145994,20.496584,22.81196,21.03293,20.166378,18.218403,14.569502,11.040093,8.891777,6.118339,5.7885637,0.0,7.222928,8.300729,10.35046,14.61487,14.56417,12.633743,9.241048,5.929032,6.87975,4.5661154,6.38032,7.640061,9.162105,11.185747,13.632789,17.220736,20.458122,21.108246,21.114939,18.006323,21.57192,20.989536,21.643522,18.611588,16.417152,15.339622,20.641548,17.380407,13.139065,14.701404,20.176338,22.660822,24.481085,18.270044,20.14523,25.870625,24.715513,23.939835,28.751701,29.855213,28.830303,24.352604,26.45169,21.117989,25.296751,23.442856,21.789684,24.509048,19.15872,23.03793,20.683023,16.302113,14.8151455,16.088736,13.807945,18.284084,17.921852,21.613314,24.139374,26.176018,24.398645,28.943586,29.49165,29.375805,29.959703,29.006746,26.438911,24.363777,20.464249,22.187933,17.796108,20.863346,17.218805,19.579987,20.135592,20.613352,23.774021,23.117949,27.466148,23.935953,28.589369,27.565792,31.82153
32,31.445898,28.065023,26.314444,22.002054,20.056103,21.167965,15.15095,16.877285,11.893464,14.229581,13.900166,12.279196,9.259461,6.376944,7.220579,10.38425,12.198599,17.236082,19.631296,22.510511,25.12266,27.466106,29.846867,27.707151,26.556662,24.571136,20.597408,17.364853,13.9984045,12.720231,6.337242,7.222928,0.0,5.547283,5.6147127,9.845766,11.297725,9.3609085,8.075206,7.2391753,5.0872726,8.048291,5.7783237,9.740339,13.977493,14.925977,18.91266,22.148024,25.95242,26.253714,25.460274,21.61252,24.106976,22.625069,22.928728,20.799126,17.585558,15.054149,19.68643,14.875036,10.895824,14.920664,19.20193,22.503023,22.973429,16.687176,20.74194,25.543852,25.660742,25.707006,30.822123,32.237885,32.1056,27.55441,29.91529,24.091633,27.172266,24.287794,21.890274,24.097563,18.826548,21.461267,19.50549,15.998511,16.236723,18.511961,17.754677,22.603075,23.312927,27.138344,29.795057,32.03028,30.528881,35.199623,35.922302,35.465458,36.41877,35.64633,33.30834,30.992949,27.184677,28.35516,23.690815,26.182343,21.690517,23.687193,22.825266,22.260372,25.80079,26.088676,30.162632,27.993753,32.67465,32.188118,36.656746
33,29.655155,26.108055,24.055883,20.098076,18.445246,17.973713,13.1869335,13.404717,8.3232,11.563157,10.514459,9.934554,8.978028,8.353624,7.0825,11.464032,12.847429,18.179943,20.261738,23.237171,25.892534,27.865963,30.429737,29.09048,28.183445,26.437897,22.622362,19.250399,16.546741,14.390621,10.275297,8.300729,5.547283,0.0,4.5736456,6.6871943,8.058351,8.007192,5.0090804,5.1638684,7.81298,10.741018,10.483885,14.002142,17.04672,18.64084,21.814482,25.243717,28.702435,29.010237,28.685188,25.158287,28.328459,26.85495,27.681705,25.321096,22.119999,20.052118,24.739346,20.028275,15.911888,19.132734,23.33781,26.268494,26.681866,20.122646,23.757385,28.340925,27.587532,27.827393,32.66464,34.559887,34.01289,29.734976,32.713657,26.908651,30.056364,27.336143,24.537106,26.036552,20.418512,22.458965,19.348366,15.996659,16.580189,19.49785,17.874193,23.560997,24.495287,27.933357,30.999628,32.612003,30.406141,35.121765,35.16546,34.211468,34.87826,33.899483,31.766685,29.13751,25.507961,26.31823,21.66403,24.522255,19.172514,22.363121,21.130262,20.732834,24.839918,25.059584,29.977034,27.768908,32.61011,32.60737,36.874374
34,31.668995,28.390362,26.847109,22.523348,21.328094,21.217329,16.356285,17.69339,12.699939,16.117496,14.786293,13.529056,11.1965,10.917856,10.722903,14.736381,15.87366,21.236483,22.692156,26.068323,28.253366,30.637745,32.804764,31.153913,30.45538,28.293396,24.781729,21.218178,18.638899,16.263979,11.703463,10.35046,5.6147127,4.5736456,0.0,5.251413,5.765837,4.309749,4.5282145,6.4370184,6.225388,10.887768,10.283245,14.560033,17.702827,19.759829,22.78086,26.735645,30.150042,30.951294,30.48391,26.834215,29.428514,28.168457,28.229012,25.90671,23.054783,20.423481,25.002274,19.984612,16.272858,20.534279,24.673925,28.016737,28.21025,21.910057,26.15182,30.728165,30.664892,30.874073,35.895206,37.524124,37.216366,32.751392,35.26033,29.470417,32.622704,29.72866,27.102036,28.881338,23.46925,25.415583,22.818434,19.67825,20.384892,23.107197,21.783876,27.133057,27.733425,31.38259,34.17648,36.08928,34.086132,38.74706,38.927254,38.23595,38.73636,37.59797,35.214848,32.785496,29.049017,30.275936,25.711002,28.7903,23.610563,26.74731,25.602705,25.093443,29.121313,29.418587,34.1037,31.894213,36.702423,36.457897,40.797485
