,0,1,2,3,4,5,6,7,8,9,10,11,12,13,14,15,16,17,18,19,20,21,22,23,24,25,26,27,28,29,30,31,32,33,34,35,36,37,38,39,40,41,42,43,44,45,46,47,48,49,50,51,52,53,54,55,56,57,58,59,60,61,62,63,64,65,66,67,68,69,70,71,72,73,74,75,76,77,78,79,80,81,82,83,84,85,86,87,88,89,90,91,92,93,94,95,96,97,98,99,100,101,102,103,104,105,106,107,108,109
0,0.0,4.1649985,7.0630627,9.186529,12.3883,14.365424,17.727894,21.429531,24.284966,26.568926,30.285528,32.722103,35.855877,34.65051,38.37676,32.64631,34.531944,31.540308,35.104397,31.91807,33.07796,36.178493,35.49807,35.58766,37.17838,37.64717,34.998623,37.43085,34.808266,38.84772,32.62849,38.866154,34.58432,36.05686,33.838993,30.065788,27.758339,31.219133,30.127968,26.773155,26.016401,30.708197,28.488232,23.81685,26.477354,30.507568,27.169048,22.951649,27.040869,26.524818,31.078869,30.496595,33.51256,34.414425,36.309826,38.548183,35.12585,39.345764,41.363857,36.763264,36.3467,42.06553,44.45603,44.51996,39.47519,38.62673,43.938892,42.853374,40.31972,45.602097,43.304924,44.340256,39.483784,41.764072,37.555,39.39918,35.858562,31.222113,30.74171,25.936193,24.911116,24.078035,25.096006,24.68418,24.432516,28.575611,26.20494,31.692595,31.780977,35.290855,36.420406,39.712624,39.39949,39.069912,35.919823,34.405582,30.403172,30.001583,24.814539,23.501532,21.346722,20.221228,19.997675,15.87054,16.785334,13.834361,18.679384,16.815483,21.160824,20.942448
1,4.1649985,0.0,5.2607703,6.468007,9.038984,12.272181,14.52673,18.919064,21.51977,23.885418,27.604496,29.986576,33.05044,31.577326,35.332664,29.670721,31.335413,28.55995,31.720121,28.875626,29.850798,32.86251,32.43719,32.757114,34.249996,34.5268,32.208336,34.51976,32.113342,36.059525,30.159277,36.49956,32.292854,34.266567,31.931225,27.861717,26.020153,29.867905,28.353415,24.769733,24.813564,29.418583,26.705471,22.379803,25.708427,29.264034,25.506498,22.141891,26.585482,26.391397,30.4729,29.56801,33.168797,34.038918,35.41638,37.18284,33.570206,37.63801,40.145935,35.866863,34.79396,40.647644,42.99965,43.43056,38.367714,37.074932,42.211735,40.823097,38.275352,43.42659,40.84138,41.92876,37.411594,39.547276,35.602592,37.37985,33.84529,29.2798,28.973454,23.908293,22.984852,21.944237,22.552124,21.661175,21.39306,25.02779,22.939913,28.170732,28.295368,31.820528,32.948326,36.34715,35.828987,35.38826,32.199417,30.626772,26.681326,26.16299,21.168049,19.885094,18.026161,17.043009,17.173517,13.333094,13.878846,12.282919,16.286203,14.999758,19.438826,19.41888
2,7.0630627,5.2607703,0.0,5.331006,7.020037,8.392638,11.856748,15.01962,18.40706,20.051289,24.021263,26.122272,29.503315,28.426163,32.751625,27.321089,29.612978,27.223555,31.01219,28.717197,30.349903,33.50805,33.849537,33.340836,34.357933,34.15878,31.347404,33.167896,30.304268,33.90687,27.606695,33.41705,28.554571,30.523521,28.835468,24.860355,22.66385,26.823822,26.000597,22.485792,22.23888,27.674046,25.328993,21.0411,24.232004,28.663504,25.296368,21.907227,26.543423,25.647211,29.492785,29.839542,33.036175,33.25948,34.910015,36.540455,32.567013,36.506298,39.066032,34.355316,32.992374,38.83571,40.75787,41.03721,35.77033,34.40529,39.420986,37.92821,35.941692,41.19954,39.043884,40.643238,36.233326,38.981842,35.116474,37.532722,34.274223,29.487276,30.174736,24.720543,24.724203,24.365,24.02009,22.615118,21.284275,24.807144,21.758379,26.892492,26.342218,29.702948,30.346834,33.487663,33.155117,33.18824,29.984842,29.00156,24.928192,25.348305,19.909702,20.514536,17.770885,18.315395,19.238098,15.213258,14.606469,12.058347,15.146897,12.561495,16.614431,15.620556
3,9.186529,6.468007,5.331006,0.0,3.854437,6.5419474,8.790491,13.066944,15.301972,18.064281,21.524235,24.206432,27.042921,25.659586,29.206148,23.483007,25.423306,22.622765,26.417152,23.682426,25.349636,28.589409,28.818037,28.122637,29.234304,29.245066,26.449076,28.564598,25.89701,29.800846,23.73376,30.066021,26.046627,27.963366,25.486929,21.401583,19.663382,23.601435,21.99845,18.37271,18.69253,23.436974,20.677322,16.520214,20.181326,23.887398,20.22569,17.33087,22.103647,21.724503,25.25509,24.98493,28.636852,29.070694,30.265049,31.709248,27.812525,31.762636,34.480835,30.174208,28.668335,34.566097,36.76568,37.31978,32.221413,30.728083,35.796745,34.357918,31.87724,37.050503,34.603054,35.90087,31.43678,33.923306,30.05416,32.295235,28.991089,24.247337,24.90707,19.413847,19.52706,19.377491,18.775785,17.466585,16.195389,20.219751,17.248943,22.755526,22.702053,26.195671,27.451097,30.741787,30.629444,30.228518,27.202175,25.649927,21.591919,21.533045,15.988958,15.92554,12.9008255,13.321819,14.306036,10.194927,9.365432,7.21172,10.198195,8.676921,13.088773,13.381617
4,12.3883,9.038984,7.020037,3.854437,0.0,5.546277,5.4918246,10.502642,12.674256,15.17791,18.75961,21.2106,24.111622,22.54304,26.424744,20.910988,22.8389,20.544884,24.038567,22.045341,23.714928,26.850302,27.6761,26.98499,27.778126,27.352093,24.807465,26.53175,23.96533,27.565208,21.778193,27.946383,23.731956,26.273092,23.991722,19.623964,18.390003,22.852665,21.086405,17.298178,18.509464,23.324802,20.22825,16.713581,20.87361,24.25411,20.415083,18.602497,23.51532,23.218088,26.08884,25.932266,29.889969,30.076115,30.84122,31.730803,27.578745,31.236555,34.449924,30.3933,28.106268,34.05156,36.01285,36.883892,31.757633,29.770666,34.5296,32.708187,30.477463,35.498646,32.9056,34.46417,30.485174,33.00787,29.52588,31.881716,28.741575,24.121403,25.288887,19.59657,20.134,19.96743,18.606733,16.51949,14.76144,17.87421,14.860723,19.909388,19.565489,23.021183,24.03765,27.37329,27.052553,26.724863,23.609968,22.255983,18.183935,18.43617,12.920139,14.003078,11.047118,12.555413,14.315662,11.011023,9.153725,9.004609,9.615246,8.559418,12.419059,12.497667
5,14.365424,12.272181,8.392638,6.5419474,5.546277,0.0,5.920619,7.1998544,10.490285,12.411331,16.06251,18.564249,21.68436,20.878582,25.023375,19.660841,22.521496,20.318094,25.019232,23.135145,25.734941,29.064112,30.33926,28.44574,28.828253,28.17238,24.69271,26.040619,22.73873,26.102253,19.511356,25.088898,20.29469,22.204193,20.511768,16.550253,14.375677,18.841238,18.158703,14.700391,14.79729,20.60848,18.412249,14.685865,18.103476,22.778042,19.845713,17.383482,22.141146,20.888506,23.705784,25.172298,28.229137,27.730326,29.120213,30.222029,25.879383,29.512291,32.33883,27.603785,25.547245,31.35984,32.942688,33.377995,28.053331,26.361483,31.210014,29.609116,27.884428,33.152554,31.306816,33.299095,29.08206,32.38539,28.752108,31.845001,29.053888,24.209063,26.2989,20.60486,22.048655,22.825039,20.965393,19.066597,16.29096,19.943893,15.582553,20.748325,19.737936,22.899794,23.581127,26.4505,26.766933,26.962948,24.064558,23.288324,19.185452,20.506783,14.583124,17.37196,13.279114,15.951216,17.844152,14.222192,12.000944,9.255448,9.387238,5.717203,8.7993555,7.56519
6,17.727894,14.52673,11.856748,8.790491,5.4918246,5.920619,0.0,6.1051683,7.4261074,10.072711,13.429025,15.957987,18.68046,17.053923,21.073393,15.741229,17.989395,16.242897,20.047052,18.912687,21.167131,24.284037,26.064901,24.55289,24.730255,23.71344,20.977549,22.104588,19.385824,22.597313,16.94165,22.844631,18.631584,21.656862,19.492973,14.943598,14.371088,19.234364,17.355095,13.57746,15.813534,20.555449,17.340103,14.845299,19.288008,22.375528,18.767296,18.269936,23.10083,22.709229,24.54418,25.012854,28.98984,28.662651,28.992022,29.215918,24.76662,27.988384,31.650673,27.838785,24.66384,30.539722,32.141827,33.322407,28.23381,25.728434,30.104599,27.94818,26.040245,30.909712,28.375204,30.331238,26.846914,29.671461,26.632837,29.407999,26.686567,22.218546,24.465382,18.714865,20.299631,20.77212,18.174702,15.3937435,12.412144,14.747763,10.813604,15.446275,14.54565,17.877811,18.75967,21.998533,21.915703,21.728119,18.729874,17.651394,13.526077,14.696901,8.887754,12.632166,8.986365,12.650727,15.281077,12.968163,9.93345,10.783996,8.122648,7.592769,9.69058,9.830511
7,21.429531,18.919064,15.01962,13.066944,10.502642,7.1998544,6.1051683,0.0,4.785704,5.2141833,9.062396,11.365935,14.5959425,14.012027,18.790636,14.141965,17.631315,16.617048,21.447527,21.035183,24.167255,27.273212,29.740341,27.064318,26.601416,25.080215,21.534683,21.807697,18.320654,20.769901,14.453373,19.107317,13.73338,16.637415,15.64598,11.515604,10.275943,15.567159,15.1094675,11.967843,13.506806,19.1378,16.977531,15.0016985,18.536379,22.637249,20.133202,19.549328,23.997797,22.695787,23.985043,26.22924,29.274197,28.08076,28.830862,28.940825,24.258657,27.121374,30.572556,26.252928,22.855257,28.428074,29.324944,30.201866,24.94336,22.415823,26.530043,24.321896,23.386906,28.353014,26.717422,29.395605,26.088873,29.791145,26.933392,30.519814,28.361221,23.90985,27.233278,21.67382,24.143373,25.382776,22.286222,19.60561,15.751801,17.880013,12.837572,16.623852,14.566912,17.18748,17.244677,19.73864,20.362381,21.022789,18.362452,18.377703,14.560689,17.289007,11.916101,17.468573,13.359199,17.799763,20.487354,18.079813,14.948936,14.099152,10.9030905,8.62589,8.130477,6.248863
8,24.284966,21.51977,18.40706,15.301972,12.674256,10.490285,7.4261074,4.785704,0.0,4.831629,6.514041,9.888889,11.9145775,10.743252,14.550939,9.479062,12.92226,11.939132,16.96472,16.803925,20.22265,23.261414,26.100288,22.951588,22.19647,20.4942,16.914013,17.03029,13.632637,16.180117,10.158301,15.487651,11.381949,14.637032,12.601676,8.026554,8.503994,13.546262,11.917878,8.766206,12.030893,16.38589,13.712337,12.988175,16.89889,19.762594,17.228054,18.09981,22.269789,21.50072,21.846659,23.679947,27.080921,25.898964,25.903996,25.402533,20.69764,23.22291,27.132889,23.501661,19.379168,24.935005,25.931793,27.328089,22.344463,19.30967,23.206118,20.789587,19.44324,24.228014,22.204746,24.819355,21.826132,25.382706,22.87161,26.44301,24.526295,20.39456,24.172535,18.888483,21.842966,23.394968,19.676945,16.832273,12.5697775,14.265155,8.898187,12.392226,10.477048,13.119643,13.910689,16.53542,17.542881,17.713423,15.410601,14.915368,11.306108,14.031548,9.074634,15.168732,11.098225,16.119915,19.011475,17.49125,14.103801,14.545189,9.691276,9.43977,7.668855,8.022335
9,26.568926,23.885418,20.051289,18.064281,15.17791,12.411331,10.072711,5.2141833,4.831629,0.0,4.3913407,6.1744,9.547605,9.25811,14.732121,11.253544,15.117099,15.399745,19.926693,20.807196,24.14639,26.926346,30.19585,27.068594,25.97061,23.800724,20.42329,19.707928,16.296045,17.66007,12.159068,15.440831,9.642058,13.704782,13.535384,9.74628,9.92702,15.088089,14.814005,12.425853,14.897622,19.71315,17.731888,17.190226,20.500559,23.884586,21.794413,22.43425,26.48287,25.246914,25.490614,28.088741,31.052244,29.458292,29.701859,29.064447,24.33443,26.452576,30.293945,26.494476,22.186764,27.312895,27.616682,28.869267,23.881443,20.721113,23.969143,21.227785,21.072214,25.563969,24.13198,27.331308,24.946222,28.806324,26.687153,30.4923,28.873098,24.914509,28.910736,23.698431,26.664043,28.11335,24.401604,21.377913,17.168013,17.905416,12.971029,14.946116,11.98502,13.76269,13.065263,15.046097,16.00974,17.160904,14.874628,15.741044,12.5784025,16.380869,12.264054,19.10551,15.478307,20.499506,23.469555,21.833136,18.46922,18.53369,14.260637,12.993244,11.083284,9.599221
10,30.285528,27.604496,24.021263,21.524235,18.75961,16.06251,13.429025,9.062396,6.514041,4.3913407,0.0,3.9701765,5.6699476,5.8560166,10.8126545,8.255851,12.472344,13.478482,18.096457,19.564587,23.23791,25.811106,29.519413,25.721294,24.150562,21.666035,18.147358,16.750494,13.297044,13.87027,9.005722,11.2321825,5.8971725,10.655612,10.530237,7.370061,9.084456,13.419396,13.038943,11.554286,14.636882,18.314013,16.614738,17.30854,20.249449,22.863785,21.312284,22.909203,26.442455,25.326536,24.630316,27.486979,30.265707,28.386244,28.185322,26.988314,22.345657,23.844227,27.872059,24.592657,19.686037,24.369192,24.320318,25.8981,21.250172,17.646357,20.276196,17.245974,17.45647,21.612337,20.386747,23.89267,22.086872,26.095844,24.500156,28.498096,27.384476,23.885054,28.435686,23.714579,27.146353,28.975765,24.841753,21.883955,17.48207,17.711222,12.877471,13.676561,10.499858,11.387581,10.763298,12.104888,13.972793,15.13724,13.620701,14.626429,12.280032,16.321682,13.2466,20.20339,16.754631,21.955044,24.947538,23.84296,20.42973,20.834988,15.877607,15.380111,12.475589,11.863818
11,32.722103,29.986576,26.122272,24.206432,21.2106,18.564249,15.957987,11.365935,9.888889,6.1744,3.9701765,0.0,4.321967,5.6346383,11.698665,10.963419,14.767599,16.645784,20.459291,22.712103,26.135548,28.441717,32.451015,28.868856,27.096556,24.29153,21.236412,19.316854,16.254316,15.861446,12.246659,12.577079,6.7221694,11.921496,13.262727,10.957042,12.433946,16.483282,16.685024,15.475851,18.25412,21.99472,20.503279,21.243013,24.035881,26.7324,25.254646,26.836876,30.368656,29.122997,28.380983,31.418453,34.090073,32.06164,31.874071,30.506664,25.935246,27.103123,31.144337,27.976671,22.9552,27.216427,26.688072,28.265486,23.829437,20.159973,22.02066,18.71912,19.842552,23.441698,22.536297,26.337524,25.183249,29.153383,27.94934,31.92386,30.982698,27.670006,32.236702,27.539997,30.89502,32.550854,28.40391,25.244204,20.946981,20.419104,16.085514,15.87486,12.23245,12.310317,10.284129,10.779104,12.476385,14.530795,13.193275,15.3213825,13.5728855,18.102474,15.756929,23.043121,19.985071,25.19059,28.274477,27.21937,23.782017,24.296019,19.52525,18.747852,16.07461,14.795965
12,35.855877,33.05044,29.503315,27.042921,24.111622,21.68436,18.68046,14.5959425,11.9145775,9.547605,5.6699476,4.321967,0.0,3.5654101,8.037199,9.161313,12.608501,15.220793,18.66834,21.476086,25.01125,27.0313,31.371744,27.330591,25.159918,22.104988,19.193956,16.628912,13.919137,12.491108,10.539192,9.295829,5.6623473,10.890751,11.947635,10.576016,13.23231,16.238337,16.0336,15.569306,18.863235,21.330256,19.96369,21.71811,24.280325,26.033165,24.928144,27.394293,30.466951,29.48917,27.956701,30.906403,33.52199,31.383083,30.663065,28.731043,24.385584,24.89899,29.135994,26.694834,21.183344,24.886816,24.090155,26.102524,22.200306,18.14043,19.168608,15.532572,16.956444,19.91752,19.076101,23.070196,22.68126,26.551424,25.963911,29.925583,29.455193,26.690031,31.580297,27.41557,31.052279,32.950623,28.510023,25.444832,21.167686,20.13336,16.223747,14.898902,11.420439,10.442711,8.647529,8.151225,10.965983,12.798243,12.460121,14.483447,13.680505,18.040083,16.710808,23.75809,20.989584,26.188202,29.243298,28.707443,25.279207,26.228613,20.972147,20.92856,17.789007,17.324892
13,34.65051,31.577326,28.426163,25.659586,22.54304,20.878582,17.053923,14.012027,10.743252,9.25811,5.8560166,5.6346383,3.5654101,0.0,6.6196084,7.055483,9.938959,12.878456,15.656432,18.81003,22.029264,23.948997,28.362122,24.74218,22.639101,19.500101,17.134321,14.702345,12.495046,11.503541,10.064729,10.656577,8.214418,13.392215,13.114983,10.790539,13.944222,17.3221,16.0528,15.033926,19.106012,21.282726,19.16229,20.968468,24.13073,25.27594,23.59532,26.496698,29.764427,29.250067,27.816614,29.88762,33.09426,31.35215,30.248512,28.168621,23.814325,24.458424,29.083555,27.00633,21.305632,25.365204,25.068956,27.413671,23.522785,19.314377,20.652037,16.97097,17.448898,20.390425,18.613907,22.24425,21.939297,25.30077,24.787321,28.365765,27.691618,25.015852,29.632433,25.437908,28.87786,30.513136,26.030363,22.757864,18.658895,16.962362,13.539256,11.590264,7.98712,7.0552053,5.513498,6.312942,8.654675,9.862877,9.237361,10.943323,10.219047,14.5656,13.769881,20.785957,18.47451,23.606836,26.718718,26.575653,23.149837,24.916605,19.42881,20.064585,17.37984,17.455267
14,38.37676,35.332664,32.751625,29.206148,26.424744,25.023375,21.073393,18.790636,14.550939,14.732121,10.8126545,11.698665,8.037199,6.6196084,0.0,6.0134296,6.7926555,10.597657,12.586064,16.225834,19.581257,21.034334,25.73044,21.287615,18.603855,15.235368,13.1300125,9.668659,8.588703,5.7078676,8.656242,8.071236,10.663018,14.188593,12.550376,11.624503,15.803787,17.45898,15.24867,15.335595,19.87014,19.833754,17.846136,21.098976,23.81759,23.249092,22.153023,26.350945,28.779541,28.815147,26.27803,27.877016,31.02797,29.31603,27.304304,24.380455,20.574888,20.203154,25.127983,24.404093,18.205397,21.384235,21.078857,24.159557,21.245626,16.729183,17.05802,13.266101,13.181669,14.980764,12.648969,16.279854,17.189072,20.112839,20.601892,23.975046,24.04568,22.379175,27.319424,24.192202,27.949886,29.978617,25.22315,22.388494,18.615864,16.562439,14.138505,10.929757,8.949897,6.674644,7.801831,7.55839,10.809423,10.434112,11.509997,11.75688,12.42457,15.394069,15.956428,21.653107,19.814194,24.51816,27.363398,27.98261,24.782995,27.006763,21.170994,22.839933,19.742743,20.977098
15,32.64631,29.670721,27.321089,23.483007,20.910988,19.660841,15.741229,14.141965,9.479062,11.253544,8.255851,10.963419,9.161313,7.055483,6.0134296,0.0,4.491363,6.0640836,10.4752445,12.397344,16.2308,18.514156,22.570261,18.243717,16.258556,13.55986,10.317546,8.611667,5.9079022,7.121286,5.059207,9.588455,10.18792,13.597066,10.4696455,7.6627584,11.759616,14.258926,11.131447,10.136492,15.17973,15.801579,13.018675,15.64612,18.994686,18.86331,17.07658,20.881287,23.789736,23.912266,22.082558,23.304945,26.883675,25.532333,23.882458,21.668072,17.36729,18.232204,23.130722,21.552834,15.772455,20.314653,20.984383,23.640453,19.864706,15.70847,17.97339,14.852324,13.2109,16.743689,13.904416,16.79789,15.651832,18.796957,17.941362,21.42306,20.64216,18.042965,22.77889,18.96532,22.660864,24.688833,20.040571,17.210415,13.103136,12.300403,8.630961,7.660026,6.0936804,6.6943164,9.193431,11.096433,13.279748,12.487707,11.955443,10.909327,9.675305,12.221014,11.067892,16.655993,14.155757,18.975388,21.81568,22.108566,18.894186,21.017815,15.165457,17.089249,14.289066,16.072033
16,34.531944,31.335413,29.612978,25.423306,22.8389,22.521496,17.989395,17.631315,12.92226,15.117099,12.472344,14.767599,12.608501,9.938959,6.7926555,4.491363,0.0,4.632424,6.307744,9.593473,12.897109,14.676885,19.154848,15.036197,12.730927,9.58594,7.8191524,5.7724204,5.775986,6.815143,8.424052,12.3828745,14.414345,17.619886,14.1095295,11.726129,15.82413,17.817265,13.920267,13.011362,18.349592,17.755047,14.429725,17.578508,21.140608,19.522324,17.368391,22.187517,24.817892,25.681822,23.534048,23.456598,27.60459,26.728348,24.26111,21.479742,17.677635,18.072393,23.386555,22.954494,17.066772,21.197453,22.223574,25.391985,22.254223,18.085846,19.832031,16.77636,14.443513,16.968527,12.99093,15.111092,14.922911,16.858273,16.793127,19.449371,18.822184,17.063765,21.443275,18.294603,21.752121,23.532442,18.75566,15.89062,12.5145,10.137802,8.629089,5.247702,5.715172,5.712814,9.619636,11.700908,13.359426,11.413085,11.465591,9.228388,9.232961,10.387671,11.261298,15.562362,14.290826,18.489645,21.187551,22.419659,19.456377,22.722351,16.847723,19.747984,17.492634,19.803114
17,31.540308,28.55995,27.223555,22.622765,20.544884,20.318094,16.242897,16.617048,11.939132,15.399745,13.478482,16.645784,15.220793,12.878456,10.597657,6.0640836,4.632424,0.0,6.6691685,6.478704,10.718428,13.343642,16.914856,12.331976,10.722239,8.776667,5.25743,6.001397,4.943673,8.810514,7.892267,13.854609,15.615484,17.96697,13.478197,10.731274,14.285237,15.999343,11.328369,10.0381155,15.405988,14.386731,10.474813,13.552649,17.314445,15.349821,12.807387,17.7772,20.400696,21.549955,19.646513,19.037018,23.469393,22.93347,20.5315,18.208721,14.265656,15.508515,20.658829,19.922602,14.596375,19.390396,21.190872,24.059906,20.675337,17.022213,19.853558,17.504713,14.083995,17.467201,13.439541,14.750276,12.844648,14.825986,13.625637,16.346571,15.124456,12.7330885,17.125435,13.757366,17.39055,19.488722,14.720404,12.275814,8.7480545,8.466021,6.169756,6.4056964,8.098587,9.705119,13.504451,15.928829,17.464956,15.57497,14.987812,12.197729,10.951466,10.983673,10.251246,13.138726,11.26973,15.122331,17.566645,18.690302,15.929829,19.018236,13.289943,16.726908,14.719768,17.784832
18,35.104397,31.720121,31.01219,26.417152,24.038567,25.019232,20.047052,21.447527,16.96472,19.926693,18.096457,20.459291,18.66834,15.656432,12.586064,10.4752445,6.307744,6.6691685,0.0,5.9333677,7.3822927,8.505042,13.324659,10.253282,8.169857,5.0888143,7.1720357,7.252501,9.813305,11.591636,13.83925,18.315279,20.624018,23.623098,19.563526,17.006752,20.737944,22.564701,17.915354,16.652485,22.01649,20.550352,16.529629,19.52672,23.44292,20.34487,17.401014,22.943485,25.365295,27.210445,25.20795,23.122265,28.129372,28.140676,24.938524,21.988863,18.940598,19.363405,24.756794,25.335579,19.998793,23.94486,25.721157,29.11244,26.42411,22.616457,24.458227,21.836006,18.601389,20.467937,15.564398,15.990167,16.096737,16.036783,16.383886,17.408733,16.456495,15.650996,18.803537,16.503304,19.17526,20.34865,15.7353,13.01077,11.302469,7.193555,9.457909,5.6184773,8.996327,9.615547,13.768956,16.240189,16.83142,13.846158,13.881378,10.1199665,10.792189,8.987925,11.86083,13.155173,13.772483,16.515656,18.778696,21.242588,18.865803,23.509026,18.084724,22.067268,20.794455,23.715523
19,31.91807,28.875626,28.717197,23.682426,22.045341,23.135145,18.912687,21.035183,16.803925,20.807196,19.564587,22.712103,21.476086,18.81003,16.225834,12.397344,9.593473,6.478704,5.9333677,0.0,4.6546664,7.671549,10.516879,6.3136697,5.82425,5.8187428,5.630697,8.807002,10.235363,13.8551445,14.099122,19.941975,22.073202,24.178623,19.330486,16.695349,19.69849,21.046223,15.917911,14.478579,19.350388,17.269455,12.900028,15.563122,19.439268,15.659018,12.220239,17.977837,20.169264,22.51966,20.834208,17.7122,23.1221,23.69184,20.501928,18.15883,15.286838,16.633207,21.60734,21.995867,17.634398,22.02841,24.637745,27.628662,24.815517,21.706429,24.562027,22.712446,18.517918,21.175034,16.43794,15.979008,14.118686,13.824264,12.738885,13.437808,11.524434,10.156265,12.9466505,10.707344,13.465238,15.094323,10.416729,8.571886,7.517083,6.77207,8.524644,8.890695,12.325337,14.088629,18.210655,20.9187,21.75926,19.109322,18.53119,14.714167,13.909474,11.516924,12.097449,11.031831,11.15109,12.835533,14.52356,17.065708,15.191351,19.62569,14.782715,19.309893,18.465397,22.085665
20,33.07796,29.850798,30.349903,25.349636,23.714928,25.734941,21.167131,24.167255,20.22265,24.14639,23.23791,26.135548,25.01125,22.029264,19.581257,16.2308,12.897109,10.718428,7.3822927,4.6546664,0.0,3.5575302,6.3656063,5.3018994,6.0985594,6.982391,9.685181,12.395539,14.591201,17.682852,18.552101,24.186646,26.204456,28.646818,23.91592,21.105371,24.040659,25.632675,20.50658,18.842936,23.626762,21.624306,17.197638,19.36449,23.372105,19.256859,15.492791,21.009674,23.148756,25.946026,24.576086,20.362972,26.132227,27.230871,23.797375,21.477686,19.201576,20.388172,25.202507,26.083744,22.024567,26.134106,28.854225,31.955248,29.353985,26.287004,28.936329,27.026138,22.866665,25.034662,20.028818,19.043175,17.871088,16.422651,15.892713,15.210315,13.152144,12.773926,13.773297,12.402608,13.786626,14.318907,10.287518,8.596235,9.649154,7.214125,11.389488,10.887752,14.721211,16.394459,20.443312,23.312529,23.524742,20.466503,19.890646,15.687802,15.396956,11.778134,13.744028,10.689346,12.723856,12.985196,14.202498,17.75331,16.436823,21.8318,17.585213,22.36126,22.19633,25.749159
21,36.178493,32.86251,33.50805,28.589409,26.850302,29.064112,24.284037,27.273212,23.261414,26.926346,25.811106,28.441717,27.0313,23.948997,21.034334,18.514156,14.676885,13.343642,8.505042,7.671549,3.5575302,0.0,5.285534,6.1766157,6.5875654,7.3833623,11.718419,13.826087,16.783262,19.210491,21.141356,26.199663,28.650894,31.226273,26.60503,24.0009,27.178747,28.662857,23.548355,22.101746,26.971994,24.665754,20.391502,22.823555,26.688488,22.180391,18.695684,24.376663,26.245468,29.190615,27.559107,23.09283,28.796505,29.975212,26.191406,23.506426,21.666664,22.31249,27.156162,28.676538,24.507734,28.133533,30.752138,34.093998,31.86617,28.69409,30.8534,28.863832,24.806187,26.311129,21.11587,19.787931,19.573586,17.357634,17.711508,16.333645,14.808972,15.430419,16.022552,15.527648,16.531498,16.70187,13.1857195,11.770645,13.136199,9.783719,14.462484,12.769505,16.604546,17.738817,21.719088,24.374846,24.376995,21.051214,20.869688,16.646687,17.142178,13.318558,16.401958,13.348206,15.975365,15.983023,16.999828,20.861412,19.708569,25.29671,21.10144,25.859129,25.650229,29.127815
22,35.49807,32.43719,33.849537,28.818037,27.6761,30.33926,26.064901,29.740341,26.100288,30.19585,29.519413,32.451015,31.371744,28.362122,25.73044,22.570261,19.154848,16.914856,13.324659,10.516879,6.3656063,5.285534,0.0,6.7510376,9.20766,11.611081,14.979066,17.922195,20.45725,23.477463,24.613213,30.204998,32.486748,34.687508,29.75506,27.100805,29.780901,31.052708,25.845228,24.283684,28.609697,26.04948,21.81835,23.644056,27.306227,22.381672,18.71831,23.950653,25.450697,28.913279,27.738537,22.06249,27.973394,29.850166,26.078094,23.97508,22.73946,23.829372,28.055317,29.676994,26.453001,30.067764,33.178135,36.24545,34.092834,31.42939,34.048714,32.49444,28.010855,29.745605,24.686201,22.767286,21.725098,18.971504,18.67793,16.286083,14.148517,15.128558,13.808337,14.435197,14.159716,13.713187,11.460191,11.488094,14.376737,12.750301,17.26404,17.059658,20.915155,22.505842,26.489082,29.32794,29.293406,26.038462,25.543606,21.25311,21.175274,17.023586,19.175947,14.231373,17.188978,15.572896,15.5552025,19.85515,19.58869,25.16887,21.990482,26.92629,27.30906,31.04959
23,35.58766,32.757114,33.340836,28.122637,26.98499,28.44574,24.55289,27.064318,22.951588,27.068594,25.721294,28.868856,27.330591,24.74218,21.287615,18.243717,15.036197,12.331976,10.253282,6.3136697,5.3018994,6.1766157,6.7510376,0.0,3.398118,6.9198637,9.0455265,12.394131,14.876993,18.014994,19.392273,24.662157,27.745481,29.301863,24.184736,22.195566,25.066343,25.565353,20.349985,19.50539,23.779575,20.33773,16.483463,19.324444,22.440834,16.99544,14.138353,20.251429,21.272476,24.477215,22.40265,17.566353,23.08134,24.410929,20.355942,17.727959,16.429916,17.167995,21.602655,23.47781,20.016275,23.373331,26.463226,29.587963,27.68304,25.079653,27.559313,26.270264,21.583242,23.285116,18.373455,16.338306,14.9803915,12.413526,12.133226,10.356242,8.646429,9.964582,10.847891,11.602794,13.305339,14.770244,11.152591,11.221145,12.312041,11.874009,14.667088,14.68223,18.302237,19.61086,23.806917,26.24515,27.061075,24.08837,23.928295,19.927256,19.72222,16.660189,17.950289,14.970899,16.081505,15.990456,16.548372,19.891914,18.975853,23.447561,19.52052,24.260769,23.656618,27.575132
24,37.17838,34.249996,34.357933,29.234304,27.778126,28.828253,24.730255,26.601416,22.19647,25.97061,24.150562,27.096556,25.159918,22.639101,18.603855,16.258556,12.730927,10.722239,8.169857,5.82425,6.0985594,6.5875654,9.20766,3.398118,0.0,3.8356102,6.8374352,9.534022,12.637679,15.204811,17.563946,22.207714,25.78729,27.419094,22.476007,20.784542,24.064959,24.454144,19.336573,18.835123,23.40389,19.857248,16.198135,19.670212,22.689287,17.409103,15.046517,21.41355,22.463768,25.287254,22.714249,18.853516,23.971916,24.766636,20.608896,17.400906,15.872643,15.961427,20.826752,22.918087,18.771942,21.856148,24.581402,27.981,26.238024,23.30044,25.27554,23.766897,19.295506,20.590261,15.508182,13.654817,13.20453,10.786954,11.457159,10.452132,9.7579,11.1125765,13.336952,13.609328,15.985716,17.690142,13.659619,13.032413,13.078038,11.814643,14.235948,13.202776,16.63814,17.429642,21.624308,23.74978,24.785917,21.827057,22.045452,18.249794,18.49497,15.949035,17.68117,16.073229,16.82974,17.712696,18.766333,21.812368,20.42432,24.709467,20.189142,24.706453,23.565458,27.309185
25,37.64717,34.5268,34.15878,29.245066,27.352093,28.17238,23.71344,25.080215,20.4942,23.800724,21.666035,24.29153,22.104988,19.500101,15.235368,13.55986,9.58594,8.776667,5.0888143,5.8187428,6.982391,7.3833623,11.611081,6.9198637,3.8356102,0.0,5.6347346,6.822616,10.513544,12.362611,15.553528,19.67446,23.275808,25.36046,20.796028,19.06334,22.743902,23.483114,18.570742,18.064186,23.041533,20.06522,16.416098,20.093096,23.330381,18.827637,16.529613,22.766556,24.257109,26.58571,23.926199,21.124418,26.004736,26.271666,22.37254,18.94873,16.804157,16.599768,21.868658,23.606564,18.66846,21.832626,24.004416,27.590443,25.670286,22.237501,23.806383,21.785883,17.841982,18.98953,13.771448,12.832299,13.309296,11.876336,13.01226,13.154775,12.830479,13.430891,16.470911,15.726705,18.4624,20.083715,15.6768055,14.121373,13.215999,10.724553,12.9092865,10.503447,13.709059,14.01306,18.159815,20.115683,21.178804,18.21273,18.695889,15.100472,15.817157,13.806498,16.128538,16.005934,16.591536,18.450846,20.079039,22.85746,20.960835,25.282757,20.196774,24.437672,22.962362,26.35762
26,34.998623,32.208336,31.347404,26.449076,24.807465,24.69271,20.977549,21.534683,16.914013,20.42329,18.147358,21.236412,19.193956,17.134321,13.1300125,10.317546,7.8191524,5.25743,7.1720357,5.630697,9.685181,11.718419,14.979066,9.0455265,6.8374352,5.6347346,0.0,4.1645994,5.9019413,9.263305,10.819314,15.622503,19.185272,20.586243,15.665245,14.199852,17.696545,17.98565,13.03775,12.919839,17.684258,14.53189,11.0963335,15.217041,18.103962,14.0919485,12.34261,18.434519,19.902454,21.721245,18.88009,17.309881,21.710705,21.462662,18.038345,14.898816,11.90648,12.232483,17.593601,18.434763,13.315374,17.143782,19.420057,22.698542,20.325705,17.00131,19.28069,17.535301,13.208199,15.557521,10.858347,10.716888,9.163957,9.866005,9.4928055,11.65005,11.156707,10.314075,14.863452,13.28766,16.992699,19.482012,14.852335,13.503409,11.265284,11.165227,10.708955,10.29653,12.670868,13.433863,17.436121,19.318684,21.09102,18.824862,18.933788,15.874982,15.497453,14.640986,14.897549,15.914702,14.784473,17.427494,19.211103,20.970577,18.801727,21.882761,16.65398,20.44936,18.374422,21.866617
27,37.43085,34.51976,33.167896,28.564598,26.53175,26.040619,22.104588,21.807697,17.03029,19.707928,16.750494,19.316854,16.628912,14.702345,9.668659,8.611667,5.7724204,6.001397,7.252501,8.807002,12.395539,13.826087,17.922195,12.394131,9.534022,6.822616,4.1645994,0.0,4.450272,5.676642,9.687658,12.915057,17.186708,18.916422,14.618317,13.643095,17.687105,18.024271,13.690029,14.000191,18.891546,16.167074,13.357912,17.656883,20.338427,17.058985,15.851743,21.592459,23.138832,24.450644,21.322903,20.830793,24.68321,23.877897,20.608759,17.11152,14.063168,13.499197,18.96735,19.868706,14.0280485,17.254606,18.670158,22.252934,20.069626,16.187178,17.481632,15.128578,11.612209,13.2678,8.456438,9.586046,9.954964,11.30218,12.105092,14.634762,14.867271,14.277989,19.003483,17.274847,21.02029,23.379322,18.662317,16.82051,14.107328,12.831338,12.046748,9.911898,11.4321995,11.11657,14.861601,16.141075,18.269772,16.168488,16.861906,14.412192,14.754994,14.842786,15.744204,18.24664,17.073292,20.413454,22.543676,24.127413,21.617762,24.561144,18.972048,22.248903,19.679264,22.63501
28,34.808266,32.113342,30.304268,25.89701,23.96533,22.73873,19.385824,18.320654,13.632637,16.296045,13.297044,16.254316,13.919137,12.495046,8.588703,5.9079022,5.775986,4.943673,9.813305,10.235363,14.591201,16.783262,20.45725,14.876993,12.637679,10.513544,5.9019413,4.450272,0.0,4.780367,5.354167,9.843273,13.451501,14.889112,10.343289,9.269143,13.283121,13.689169,9.519733,9.96959,14.774142,12.780329,10.258382,14.413547,16.962463,14.998755,14.072463,19.011332,20.867155,21.51507,18.638075,19.442196,22.841728,21.570198,19.129103,16.302843,12.401211,12.65062,17.820625,17.340046,11.336929,15.481307,16.740322,19.834265,16.829113,12.85175,15.067564,12.699215,9.287387,12.63753,9.086992,11.311569,9.80691,12.985199,12.366119,16.029833,15.835765,13.981974,19.203209,16.576002,20.662764,23.313337,18.633005,16.746157,13.18303,13.35493,10.620698,10.20852,10.68705,10.966752,14.215858,15.559993,18.049816,16.665283,16.804155,14.9164505,14.240675,15.255505,14.526814,18.026335,15.699049,19.637169,21.929676,22.660185,19.914928,21.869238,16.247166,18.871428,15.829328,18.609352
29,38.84772,36.059525,33.90687,29.800846,27.565208,26.102253,22.597313,20.769901,16.180117,17.66007,13.87027,15.861446,12.491108,11.503541,5.7078676,7.121286,6.815143,8.810514,11.591636,13.8551445,17.682852,19.210491,23.477463,18.014994,15.204811,12.362611,9.263305,5.676642,4.780367,0.0,7.2908244,7.6335306,12.821984,14.463526,11.19484,11.288454,15.551159,15.695168,12.69121,13.724647,18.125982,16.255098,14.5880375,18.780222,20.885485,19.10526,18.714848,23.561384,25.197805,25.576967,22.305838,23.684235,26.587837,24.922798,22.395994,19.082518,15.668101,14.75121,19.776928,19.858276,13.573066,16.347273,16.515034,19.975613,17.63484,13.240975,13.65608,10.513955,8.651642,10.401048,7.255935,10.766888,11.601219,14.639086,15.35898,18.881685,19.429966,18.302084,23.531586,21.261292,25.296532,27.836592,23.100006,21.002758,17.500422,16.500837,14.232639,12.061632,11.704092,10.453274,12.981855,13.1834135,16.219118,15.13851,16.155035,15.124916,15.467818,17.190634,17.435705,21.716322,19.72797,23.893024,26.33252,27.16089,24.28336,26.2611,20.545479,22.7432,19.402462,21.539219
30,32.62849,30.159277,27.606695,23.73376,21.778193,19.511356,16.94165,14.453373,10.158301,12.159068,9.005722,12.246659,10.539192,10.064729,8.656242,5.059207,8.424052,7.892267,13.83925,14.099122,18.552101,21.141356,24.613213,19.392273,17.563946,15.553528,10.819314,9.687658,5.354167,7.2908244,0.0,7.1799917,8.666209,10.106844,5.7957225,4.115102,8.371323,9.53251,6.6367817,7.0392966,11.346091,11.520055,9.883824,12.936476,15.242845,15.679841,15.051392,18.363653,20.737663,20.331682,18.098576,20.618303,23.305311,21.435612,20.258877,18.382364,13.922431,14.938123,19.287514,17.043108,11.391002,16.088457,16.709034,18.965214,14.900432,10.89661,13.952434,11.433924,9.472937,14.081238,12.343668,15.417879,13.093788,17.338497,15.832389,20.110044,19.568474,16.688395,21.945673,18.378187,22.496231,25.180576,20.720823,18.650642,14.409201,15.552928,11.103052,12.080208,11.013253,11.662088,13.698366,14.88635,17.62692,17.252499,16.83369,15.954877,14.379566,16.63497,14.348795,19.227991,15.83628,20.424234,22.933884,22.615429,19.582716,20.257593,14.786558,16.066673,12.3567705,14.349006
31,38.866154,36.49956,33.41705,30.066021,27.946383,25.088898,22.844631,19.107317,15.487651,15.440831,11.2321825,12.577079,9.295829,10.656577,8.071236,9.588455,12.3828745,13.854609,18.315279,19.941975,24.186646,26.199663,30.204998,24.662157,22.207714,19.67446,15.622503,12.915057,9.843273,7.6335306,7.1799917,0.0,7.1586227,7.5024385,6.665378,8.887441,12.182867,11.849665,11.60404,13.401676,16.136997,15.920419,15.928524,19.241018,20.338621,20.896687,21.399124,24.592419,26.302597,25.391462,22.41728,26.076986,27.707027,25.099411,23.982122,21.581432,17.820755,17.313469,21.101143,19.417288,13.722226,16.199154,14.9677105,17.32681,14.252229,9.874212,10.040764,6.3569264,8.110127,11.064235,11.544957,15.8216095,15.453632,19.960413,19.718826,24.157528,24.596651,22.56159,28.09159,25.150944,29.381289,32.179787,27.649914,25.56915,21.41587,21.610523,17.699482,16.968382,15.116556,14.077331,14.72838,14.010863,17.65189,18.138563,18.734465,19.132835,18.63897,21.677315,20.354847,25.889658,22.775286,27.491022,30.063131,29.75757,26.672434,26.989685,21.713604,22.261524,18.159613,19.05214
32,34.58432,32.292854,28.554571,26.046627,23.731956,20.29469,18.631584,13.73338,11.381949,9.642058,5.8971725,6.7221694,5.6623473,8.214418,10.663018,10.18792,14.414345,15.615484,20.624018,22.073202,26.204456,28.650894,32.486748,27.745481,25.78729,23.275808,19.185272,17.186708,13.451501,12.821984,8.666209,7.1586227,0.0,5.413102,7.3763266,7.2603264,8.97735,11.223838,12.338929,12.643194,14.690927,17.456411,17.147943,18.702305,20.336672,22.952188,22.66554,24.380983,27.08379,25.529894,23.968206,28.033976,29.821388,27.272335,27.209057,25.80725,21.44325,22.222733,25.747055,22.510042,17.607471,21.290325,20.37387,21.723734,17.420612,13.816025,15.591556,12.620218,14.21078,18.065758,18.208803,22.215645,20.75394,25.36812,24.12508,28.61178,28.184286,25.085577,30.226568,26.13917,30.034267,32.43504,28.177317,25.6761,21.203857,21.78899,16.97511,17.346596,14.469854,14.305701,13.680109,13.527389,16.505333,17.929869,17.420006,18.631247,17.090324,20.974573,18.387218,24.912033,21.277779,26.36067,29.161898,28.03187,24.746363,24.377428,19.545563,18.804928,14.947068,14.361196
33,36.05686,34.266567,30.523521,27.963366,26.273092,22.204193,21.656862,16.637415,14.637032,13.704782,10.655612,11.921496,10.890751,13.392215,14.188593,13.597066,17.619886,17.96697,23.623098,24.178623,28.646818,31.226273,34.687508,29.301863,27.419094,25.36046,20.586243,18.916422,14.889112,14.463526,10.106844,7.5024385,5.413102,0.0,5.4775505,8.31484,8.675449,8.28081,11.228703,12.902392,13.258758,15.431661,16.615097,18.288744,18.526245,21.580288,22.443775,23.636333,25.573332,23.493732,21.533518,26.782106,27.47762,24.397688,24.88015,23.840454,19.816156,20.438335,23.005459,19.286963,15.207077,18.146914,16.776503,17.362679,13.0206375,10.151925,12.116148,10.245015,12.384877,16.467136,17.917152,21.809994,19.771967,24.905092,23.389982,28.242777,28.13545,25.110153,30.45119,26.836271,30.942114,33.82448,29.755272,27.867735,23.462013,25.07062,20.040014,21.156057,18.844818,18.789862,18.721197,18.377142,21.623507,22.842539,22.544104,23.354004,21.740408,25.182627,22.206947,28.022812,23.984781,28.745707,31.229952,29.794935,26.766134,25.353455,21.062094,19.935318,15.5913105,15.158279
34,33.838993,31.931225,28.835468,25.486929,23.991722,20.511768,19.492973,15.64598,12.601676,13.535384,10.530237,13.262727,11.947635,13.114983,12.550376,10.4696455,14.1095295,13.478197,19.563526,19.330486,23.91592,26.60503,29.75506,24.184736,22.476007,20.796028,15.665245,14.618317,10.343289,11.19484,5.7957225,6.665378,7.3763266,5.4775505,0.0,4.6762733,6.4265485,5.2431183,6.084238,8.32532,9.699864,10.57217,11.347651,13.741987,14.288105,16.402437,17.188751,19.079592,20.89659,19.394245,17.057142,21.63587,22.839993,20.106947,20.042444,18.852861,14.605733,15.565218,18.606365,15.136494,10.436785,14.445066,14.200807,15.413574,10.752731,7.2131815,10.901315,9.235481,8.83305,13.92601,14.329939,17.704056,14.865806,19.965878,18.095175,22.924551,22.682924,19.649233,25.03534,21.643719,25.852789,28.895721,24.792393,23.193922,18.93889,21.027472,16.127708,17.772995,16.291136,16.728354,17.870531,18.31451,21.434448,21.786493,21.408146,21.204464,19.447634,22.103945,19.110693,24.052385,20.06248,24.526356,26.82755,25.729649,22.845915,21.862026,17.258524,17.107958,12.701532,13.775863
35,30.065788,27.861717,24.860355,21.401583,19.623964,16.550253,14.943598,11.515604,8.026554,9.74628,7.370061,10.957042,10.576016,10.790539,11.624503,7.6627584,11.726129,10.731274,17.006752,16.695349,21.105371,24.0009,27.100805,22.195566,20.784542,19.06334,14.199852,13.643095,9.269143,11.288454,4.115102,8.887441,7.2603264,8.31484,4.6762733,0.0,4.3571754,7.008502,5.7289934,5.426099,8.595291,11.053249,10.030226,11.59449,13.713935,16.044996,15.457114,17.282389,20.069601,18.93218,17.538519,20.976583,23.232292,21.153732,20.981794,19.99431,15.348473,17.112425,20.746075,17.23279,12.535119,17.569746,18.090374,19.511084,14.698652,11.35389,15.241565,13.151678,11.911181,16.99381,16.025219,19.071325,16.001846,20.54312,18.312473,22.754715,21.819788,18.25111,23.26021,19.108067,23.06799,25.718699,21.6001,19.586725,15.165792,17.263994,12.009733,14.327993,12.768664,13.982237,15.295806,16.608625,19.146008,19.30953,18.32932,17.864183,15.53778,18.163935,14.6515465,19.860104,15.779473,20.479221,22.981678,21.840096,18.765432,18.300426,13.315783,13.389834,9.290107,10.621914
36,27.758339,26.020153,22.66385,19.663382,18.390003,14.375677,14.371088,10.275943,8.503994,9.92702,9.084456,12.433946,13.23231,13.944222,15.803787,11.759616,15.82413,14.285237,20.737944,19.69849,24.040659,27.178747,29.780901,25.066343,24.064959,22.743902,17.696545,17.687105,13.283121,15.551159,8.371323,12.182867,8.97735,8.675449,6.4265485,4.3571754,0.0,5.3535104,6.521528,5.900062,6.0151486,10.885555,10.818006,10.673269,12.083186,16.319809,16.019869,16.126078,19.071575,17.123816,16.662262,21.02705,22.63792,20.383728,21.287546,21.255123,16.672092,19.067123,21.834972,17.182098,13.845038,18.932129,19.495678,20.01276,14.705104,12.472065,17.031946,15.656992,14.705799,20.049307,19.669758,22.522923,18.721134,23.446108,20.553581,25.079786,23.848991,19.783852,24.442158,20.011036,23.736067,26.417698,22.796238,21.110846,16.809412,19.933884,14.358727,17.770067,16.181309,17.78419,18.730085,20.104988,22.439116,22.905006,21.548252,21.240429,18.404408,20.996351,16.557405,21.431837,16.8372,21.240667,23.52505,21.545351,18.662565,16.696507,12.7616625,11.346793,6.932724,7.364307
