,0,1,2,3,4,5,6,7,8,9,10,11,12,13,14,15,16,17,18,19,20,21,22,23,24,25,26,27,28,29,30,31,32,33,34,35,36,37,38,39,40,41,42,43,44,45,46,47,48,49,50,51,52,53,54,55,56,57,58,59,60,61,62,63,64,65,66,67,68,69,70,71,72,73,74,75,76,77,78,79,80,81,82,83,84,85,86,87,88,89,90,91,92,93,94,95,96,97,98,99,100,101,102,103,104,105,106,107,108
0,0.0,4.210637,6.8900075,9.149738,12.346202,14.760926,17.533716,21.190578,24.024672,26.280365,30.01666,31.189508,33.591293,30.771534,34.51159,30.65884,30.729443,30.961489,29.91174,33.282913,32.83541,33.522755,36.15318,37.313232,37.65566,36.856373,36.598892,38.313004,36.406307,40.22576,34.502384,40.435314,35.702286,36.869938,34.88118,31.947485,29.863758,30.978027,29.180494,27.05994,25.25275,26.798582,25.568104,21.266903,21.94972,23.894464,19.301172,16.69483,18.598116,19.215202,24.12093,21.94035,23.491432,25.835773,27.737442,30.954958,28.994732,33.322933,33.956295,29.726372,32.16137,35.99461,39.149433,39.901363,35.007313,34.365017,39.7912,39.811287,35.367123,38.344944,41.38036,39.76971,36.078144,40.271282,35.813446,38.954857,35.84322,31.423275,31.483604,26.519749,24.36729,21.823576,20.461575,23.58975,25.378592,28.230577,30.90716,35.99708,38.43256,42.318005,44.237507,46.913162,44.45088,47.080254,49.87573,45.386322,42.187035,39.476112,40.042908,34.788956,35.970543,36.03574,31.50862,30.68398,24.791145,25.143944,21.342075,19.840084,18.244976
1,4.210637,0.0,5.2365417,6.3326416,9.135479,12.757179,14.423115,18.554108,21.295193,23.341463,27.2155,28.067947,30.321957,27.316612,31.01995,27.542788,27.432148,28.115858,26.856394,30.677525,30.43711,30.983652,34.067554,34.869263,34.911774,33.798172,33.807957,35.27002,33.547558,37.18648,31.742853,37.8503,33.057728,34.741867,32.798183,29.513851,27.600151,29.350744,27.356125,24.819195,23.551569,25.643044,23.85718,19.449377,21.021328,23.117836,17.737738,15.650909,18.546963,19.16117,23.860605,21.719555,24.11496,26.162859,27.793367,30.560732,28.074726,32.376163,33.610645,29.270693,30.80292,35.005882,37.890305,39.039482,34.0727,32.925304,38.21498,37.871346,33.39357,36.73119,39.392094,37.43743,33.892162,38.23954,34.038982,37.314827,34.17889,29.94969,29.949518,25.28585,22.887651,20.67472,18.48269,21.47324,23.295267,26.048365,28.644262,33.77522,35.962864,39.917454,41.605453,44.082138,41.28099,43.81921,46.404976,41.807007,38.729282,35.71802,36.46877,31.199457,32.48218,32.711567,28.152252,27.207405,21.394733,21.84343,17.780832,16.721022,14.711236
2,6.8900075,5.2365417,0.0,5.44329,6.8123775,8.6017,12.024676,14.761469,18.19152,19.870646,23.742064,24.765863,27.479166,24.887753,29.390614,25.806128,26.539738,27.197786,27.199339,30.753027,31.198942,32.24119,35.456917,35.388836,35.286846,33.938244,33.220764,34.303505,32.004845,35.36514,29.43243,35.01588,29.711515,31.113693,29.740643,26.757423,24.252312,25.913338,24.701872,22.331186,20.21056,23.20725,22.005722,17.170773,18.238735,21.828537,17.258358,14.021069,17.174744,16.614344,21.655962,21.198559,22.784433,24.107435,26.577606,29.572153,26.823816,31.166157,32.080563,27.041618,28.837273,32.81928,35.63156,36.475155,31.257454,30.259325,35.62435,35.22546,31.167072,34.94788,37.4592,35.438442,32.410343,37.16624,32.9047,36.680912,33.90119,29.460375,30.38419,25.444817,23.738136,22.282385,19.690348,21.956547,22.838156,26.50665,27.9456,33.559692,35.324333,39.25434,40.7304,43.089207,40.384075,42.577545,45.444305,40.641464,37.67851,34.910675,36.435932,30.992395,33.034275,33.702755,29.274078,27.775105,22.63934,21.64326,17.859037,15.83278,13.429526
3,9.149738,6.3326416,5.44329,0.0,3.925296,7.5666184,8.519525,13.048868,15.221623,17.80618,21.414051,22.637102,24.710182,21.839333,25.419075,21.550064,21.828512,22.284298,21.914179,25.44579,25.776176,26.801167,30.048223,29.999275,29.939339,28.720913,28.165848,29.51141,27.492247,31.151184,25.511318,31.582972,26.98682,28.597559,26.493134,23.200191,21.389872,23.210346,21.092558,18.489988,17.414894,19.733032,17.783396,13.254638,15.325876,17.855505,12.421211,10.230754,14.082453,14.409029,18.750263,17.366179,20.179106,21.623053,23.21508,25.649418,22.66444,26.93874,28.471355,23.877466,24.844751,29.184101,31.888195,33.20574,28.194792,26.78795,32.01635,31.567265,27.137506,30.702429,33.2051,31.19149,27.812468,32.373917,28.21406,31.806215,28.884312,24.609497,25.241251,20.543627,18.607164,17.369207,14.381811,16.614002,17.73731,21.14888,22.91416,28.366192,30.270588,34.22195,35.804134,38.26204,35.6329,38.090458,40.960976,36.407692,33.22851,30.703585,31.631294,26.251627,28.017054,28.530771,24.12234,22.730412,17.518003,16.596724,12.955419,10.921993,9.2765875
4,12.346202,9.135479,6.8123775,3.925296,0.0,5.492759,5.4574847,9.68697,12.291678,14.269285,18.107836,19.022892,21.276615,18.441751,22.620272,19.179256,19.845158,20.858553,21.086302,24.885723,25.825556,26.94619,30.622948,29.77444,29.321526,27.635592,26.941284,27.736776,25.561892,28.79756,23.165464,29.056955,24.009638,26.035967,24.41419,20.943338,18.911911,21.420685,19.68239,16.741268,15.73769,19.262411,17.183384,12.436156,15.083362,18.590576,13.307961,11.181735,15.661614,15.252063,19.33201,19.03549,21.852968,22.624498,24.426813,26.556097,23.072357,27.216713,29.033781,24.061445,24.32247,28.78278,31.144194,32.616245,27.461697,25.6813,30.748594,29.892078,25.756308,29.93232,31.933666,29.529827,26.686392,31.603556,27.72889,31.683586,28.998022,24.890644,25.963245,21.567196,19.881666,19.370394,15.675293,17.17278,17.671116,21.3979,22.305775,27.979107,29.339777,33.30171,34.500145,36.65756,33.722702,35.848537,38.646328,33.832108,30.882504,28.136765,29.798872,24.326687,26.680311,27.637068,23.352757,21.50492,16.994534,15.217316,11.54944,9.450139,6.654877
5,14.760926,12.757179,8.6017,7.5666184,5.492759,0.0,6.2028317,6.8375583,10.174189,12.206779,15.646884,17.317806,20.081896,18.059006,22.846493,18.901115,20.72067,21.126467,22.991583,25.893267,27.382998,29.122774,32.481224,30.988316,30.64927,29.057035,27.313238,27.925486,24.973671,28.04269,21.676334,26.762995,21.349009,22.52297,21.400902,18.628998,15.7732525,17.598467,16.923037,14.615968,12.027323,16.338839,15.425429,10.406591,11.713484,16.9659,13.534462,9.904119,13.93334,12.07761,16.355362,18.105799,19.623766,19.582151,22.351355,24.846571,21.391527,25.500555,26.637945,20.990717,22.007734,25.950594,28.370964,29.285826,23.909077,22.59335,27.821697,27.180626,23.559046,27.925507,30.016132,27.8512,25.502441,30.6751,26.606089,30.964912,28.750265,24.378332,26.512691,21.777258,21.1021,21.21463,17.887915,18.604288,17.944134,22.616228,22.21825,28.23887,29.29814,33.09697,34.245197,36.42857,33.98933,35.82165,39.107372,34.317043,31.38873,29.387554,31.545778,26.104998,29.04794,30.254765,26.303633,24.100483,20.465284,17.212313,14.625345,11.180771,9.304839
6,17.533716,14.423115,12.024676,8.519525,5.4574847,6.2028317,0.0,6.0678053,7.145537,9.710016,13.186534,14.34066,16.20788,13.444025,17.482553,13.872706,15.047666,16.154053,17.472435,21.024612,22.71056,24.1851,28.072788,26.207994,25.47525,23.516575,22.34284,22.766981,20.35868,23.426039,17.762531,23.684103,18.822994,21.147675,19.427635,15.712273,13.969654,17.10244,15.199284,11.8914995,11.758413,15.916694,13.417119,9.030242,12.759205,16.483198,11.705468,10.480097,15.341109,14.654398,17.554098,18.145817,21.344273,21.350334,22.827255,24.249584,20.215021,24.030046,26.371098,21.384579,20.423676,25.057722,26.97465,28.807617,23.74183,21.402925,26.16049,24.9502,20.95948,25.561825,27.089987,24.415455,21.968548,27.124916,23.58212,27.832493,25.470005,21.652945,23.301779,19.42362,18.285292,18.942385,14.681309,14.897719,14.387385,18.493092,18.20205,24.0264,24.84186,28.750126,29.66302,31.64806,28.719458,30.670546,33.640694,28.83176,25.873333,23.53173,25.530626,20.056648,23.008024,24.357573,20.458723,18.099976,14.899052,11.406118,8.790598,5.788859,3.39715
7,21.190578,18.554108,14.761469,13.048868,9.68697,6.8375583,6.0678053,0.0,4.892414,5.393958,9.028156,10.5011835,13.468419,11.889051,17.463697,14.307166,17.015238,18.131882,21.214407,24.086842,26.545725,28.440395,32.24974,29.451416,28.517677,26.299372,24.205036,23.84277,20.639132,22.841434,16.651814,21.22725,15.192379,17.25174,16.961441,13.913529,10.826629,14.271246,14.2537985,11.487077,9.738077,15.8719845,14.631193,10.508199,12.912716,18.51368,15.676599,13.41079,17.662186,15.511554,18.188728,21.03527,22.953358,21.921707,24.353613,25.897854,21.763414,25.275337,27.095577,21.395967,20.601933,24.630838,26.206245,27.57663,22.297121,20.11713,24.685572,23.230999,20.286415,25.569292,26.605368,23.791822,22.544668,28.090778,24.770086,29.527466,27.830616,24.069471,26.774662,22.947706,22.697466,23.908924,19.881313,19.374702,17.715374,22.429832,20.502678,26.481695,26.52491,30.160814,30.617018,32.246895,29.47668,30.70959,33.936855,28.915209,26.380701,24.44746,27.676937,22.413662,26.240038,28.097548,24.706385,21.899874,19.988247,15.393257,13.860723,10.749649,8.86545
8,24.024672,21.295193,18.19152,15.221623,12.291678,10.174189,7.145537,4.892414,0.0,4.8075476,6.6091766,8.994974,10.698912,9.192072,13.565656,9.711265,12.856389,13.607408,17.545284,19.87137,22.735155,24.871996,28.607094,25.243208,24.239265,22.049248,19.5477,19.140947,15.790179,18.18916,11.885029,16.977438,11.776234,14.082046,12.886412,9.327565,7.089915,11.219307,10.312385,7.1178803,7.290225,13.025113,11.175609,8.299871,11.628393,16.231976,13.92265,12.970847,17.051922,15.405489,16.668486,19.438889,21.965132,20.64694,22.27626,23.02864,18.599072,21.696774,24.117165,18.895271,16.767616,21.03415,22.242989,24.131765,19.14756,16.333284,20.583357,18.900835,15.763909,21.184183,21.946321,19.001198,17.804668,23.381979,20.340567,25.1437,23.650902,20.260967,23.20389,19.996763,20.130041,22.096546,18.00918,16.60661,14.2783785,18.931622,16.181925,22.050331,21.799559,25.364779,25.753096,27.40639,24.83926,26.185081,29.649769,24.888996,22.116083,20.891743,23.788963,18.707045,22.6616,24.59079,21.631123,18.69176,17.823805,12.325151,12.224847,9.004358,8.932695
9,26.280365,23.341463,19.870646,17.80618,14.269285,12.206779,9.710016,5.393958,4.8075476,0.0,4.312053,5.1254287,8.234198,7.341532,13.571654,11.661648,14.998378,16.773853,20.63951,23.35995,26.485723,28.396791,32.45433,28.70989,27.289604,24.594437,22.338802,21.061764,17.82521,19.03058,13.434067,17.3453,10.893619,14.174126,14.688683,11.483759,8.821674,13.647515,14.030982,11.195489,10.947639,17.302664,15.807638,13.03752,15.879997,20.969046,18.590815,17.362637,21.49997,19.451366,21.006153,24.17451,26.395807,24.871708,26.855171,27.619934,23.18385,26.057365,28.412062,23.043217,20.777191,24.71519,25.490908,27.287273,22.391434,19.526806,23.197948,21.00057,18.791458,24.597628,24.617302,21.255274,21.06652,26.675182,24.17805,29.03397,27.78544,24.715403,27.651297,24.71202,24.711853,26.590672,22.287533,20.996868,18.80044,23.130325,20.162868,25.73983,24.905165,28.28222,28.095106,29.166588,26.09531,26.747715,29.840708,24.665686,22.56642,20.73297,24.881702,20.002163,24.460546,26.811798,24.051365,20.890232,20.560583,15.335999,14.896977,12.634382,11.263784
10,30.01666,27.2155,23.742064,21.414051,18.107836,15.646884,13.186534,9.028156,6.6091766,4.312053,0.0,3.9006166,5.974676,7.017329,12.228392,10.568393,14.662477,16.002153,20.959383,22.820919,26.413744,28.610273,32.438675,28.014612,26.515446,23.84495,20.912603,19.187225,15.5520315,16.111273,10.562208,13.342,6.611066,10.246301,11.39219,8.730534,6.3397555,11.4824505,12.531698,10.389728,10.711415,16.73453,15.628564,14.10453,16.554653,21.340792,20.080946,19.247416,22.888697,20.734127,21.27291,25.09358,27.100618,25.04355,26.828493,27.09762,22.651236,24.929705,27.345219,22.243277,19.237854,22.746674,22.959862,24.833582,20.31162,17.199274,20.161482,17.62691,16.230217,22.22725,21.65577,18.20677,18.942432,24.4884,22.481785,27.408918,26.699026,24.060837,27.492249,25.072868,25.64606,28.08573,23.980133,22.029764,19.177067,23.43563,19.404898,24.61798,23.188301,26.203854,25.69187,26.521692,23.81546,24.071173,27.462925,22.528263,20.584286,19.732353,24.094278,19.7357,24.45997,26.979885,24.831629,21.570156,22.327274,16.560402,17.240015,14.946879,14.565131
11,31.189508,28.067947,24.765863,22.637102,19.022892,17.317806,14.34066,10.5011835,8.994974,5.1254287,3.9006166,0.0,4.10922,5.293721,11.565646,11.715993,15.242162,17.585838,21.8452,24.3485,27.943947,29.777014,33.97573,29.482517,27.623337,24.526724,22.26202,20.02853,16.989267,16.817524,12.534542,15.0880785,8.562261,13.136888,14.694929,11.834447,10.145257,15.349099,16.130806,13.634027,14.384889,20.382618,18.838558,17.089674,19.984158,24.61012,22.587471,21.96246,25.960773,23.973383,24.84455,28.17805,30.530266,28.689257,30.360651,30.548403,26.018642,28.290838,30.985601,26.004868,22.712267,26.366203,26.387655,28.473873,24.100506,20.821148,23.425894,20.569187,19.31775,25.323788,24.31531,20.519503,21.487505,26.90308,25.298332,30.072872,29.267538,26.893518,29.912588,27.754911,27.91597,30.205608,25.79751,24.026932,21.568293,25.375025,21.70319,26.645164,24.984972,27.974018,27.09441,27.489368,24.115713,24.008026,26.818165,21.518223,20.106752,18.362307,23.525337,19.311558,24.221691,26.99374,24.928537,21.590315,22.649532,17.341074,17.699127,16.263472,15.18788
12,33.591293,30.321957,27.479166,24.710182,21.276615,20.081896,16.20788,13.468419,10.698912,8.234198,5.974676,4.10922,0.0,3.8167486,8.087701,9.550967,12.920528,15.498793,19.90974,22.117924,25.96594,27.734892,31.942238,26.99493,24.881151,21.613733,19.408577,16.676575,13.977277,13.155629,10.092916,12.61067,7.5480933,12.900036,13.861673,10.826024,10.719158,15.947527,16.032936,13.594099,15.717474,20.817162,18.835268,18.045195,21.33485,24.986574,23.073578,23.312096,27.205994,25.666937,25.837355,28.736542,31.569483,29.720406,30.729734,30.291464,25.709715,27.507492,30.715874,26.365803,22.046738,25.734245,25.282257,27.87167,24.01708,20.277277,22.148811,18.911493,17.819357,23.69747,22.080973,17.989706,19.366625,24.488605,23.548494,28.083574,27.478333,25.72584,28.587984,27.18579,27.416756,30.073055,25.674465,23.458517,20.882421,24.078276,20.058992,24.381195,22.251629,25.01327,23.777004,23.851604,20.278528,19.981083,22.723248,17.453033,16.150965,14.768598,20.108536,16.385418,21.438206,24.37851,22.890463,19.526787,21.694248,16.334877,17.605927,16.73751,16.408514
13,30.771534,27.316612,24.887753,21.839333,18.441751,18.059006,13.444025,11.889051,9.192072,7.341532,7.017329,5.293721,3.8167486,0.0,6.9451194,8.043838,10.644982,13.847872,17.305939,20.300154,23.818247,25.31511,29.776632,25.31467,23.205847,19.859901,18.344784,16.081,13.854785,14.029315,10.755525,15.030433,10.3945055,15.418164,15.326066,11.469912,11.463345,16.8246,15.954162,12.832844,15.348072,20.284002,17.666685,16.42414,20.320488,23.614882,20.773575,21.29495,25.51744,24.389072,24.954823,27.002731,30.344316,28.968397,29.754658,29.429644,24.78942,26.949984,30.390564,26.083733,21.89047,26.101824,26.05668,28.8237,24.743267,20.962553,23.407417,20.427042,18.354208,24.065924,22.957907,18.896807,19.248087,24.409588,23.125254,27.539286,26.434383,24.49211,26.81888,25.286459,25.024328,27.399042,22.806513,20.900394,18.837736,21.827045,18.648363,23.179321,21.552675,24.696964,23.808336,24.205208,20.267345,20.623474,23.129995,17.71628,15.96314,13.597746,18.490833,14.130106,19.029242,21.860819,19.915638,16.559757,18.24193,13.190739,14.067598,13.666326,13.127246
14,34.51159,31.01995,29.390614,25.419075,22.620272,22.846493,17.482553,17.463697,13.565656,13.571654,12.228392,11.565646,8.087701,6.9451194,0.0,5.8850126,6.701758,10.210125,13.508784,15.772928,19.615278,20.954237,25.320723,20.157532,17.616957,14.001192,12.837544,9.837502,8.966268,8.690816,8.653556,13.336592,12.327923,17.032036,15.507726,11.774809,14.103068,18.691244,16.544899,13.85387,18.164019,21.144787,17.900856,18.391657,22.596561,23.961279,21.459929,23.455923,27.22751,26.938028,26.348768,27.432371,31.513245,30.250948,29.831085,28.44939,23.9378,25.233877,29.494068,26.482534,20.841536,25.030695,24.35587,27.910707,24.81525,20.539822,21.838108,18.62272,16.466286,21.370083,19.520716,15.265148,15.717675,20.007742,19.888851,23.597738,22.73122,21.99854,23.802217,23.742462,23.590975,26.542397,22.246712,19.598606,17.514175,19.044556,15.561307,18.635506,16.34085,19.136784,17.814066,17.877525,13.49601,14.170387,16.651094,11.513753,9.161288,7.7440176,12.093505,8.579902,13.647744,16.690199,15.965255,12.7319565,16.656797,11.950204,14.723363,15.288816,16.319408
15,30.65884,27.542788,25.806128,21.550064,19.179256,18.901115,13.872706,14.307166,9.711265,11.661648,10.568393,11.715993,9.550967,8.043838,5.8850126,0.0,4.5175395,5.974816,11.036744,12.690123,16.507174,18.548006,22.513882,17.771465,16.02463,13.294337,10.797202,9.586821,6.9923525,9.665591,5.7585335,12.529294,11.256843,14.728685,11.849138,7.563925,10.148152,14.148243,11.142352,8.267498,13.069114,15.401584,12.017996,12.822757,16.979948,18.094337,16.029089,18.037949,21.531164,21.34682,20.522806,21.668486,25.645927,24.413683,23.984108,22.80297,18.229235,19.885626,23.977898,20.790808,15.468135,20.000257,19.938066,23.331131,19.852633,15.718014,18.002485,15.4319,12.091235,17.109962,16.434504,12.662307,11.71293,16.748234,15.404411,19.608002,18.446608,16.891586,19.218426,18.439346,18.660234,21.760597,17.683285,14.81091,12.1589155,14.698021,10.777354,15.175034,13.769988,17.18364,16.960836,18.25859,15.228856,16.940252,20.38569,16.082169,12.794758,12.7075,14.759742,10.360607,14.613218,16.906065,15.326176,12.201853,14.633549,8.736841,11.9279,11.125735,13.192842
16,30.729443,27.432148,26.539738,21.828512,19.845158,20.72067,15.047666,17.015238,12.856389,14.998378,14.662477,15.242162,12.920528,10.644982,6.701758,4.5175395,0.0,4.701125,7.09139,9.901958,13.378979,14.840733,19.252893,14.800858,12.738832,9.660024,8.878539,8.317837,7.97011,11.02734,9.48846,16.077234,15.644662,19.137167,15.861853,11.753523,14.456775,18.09787,14.343356,11.439225,16.456982,17.804771,13.739331,14.692651,19.280857,19.096869,16.046673,19.055412,22.582983,23.20244,22.425045,22.071384,26.861937,26.239552,25.07275,23.563858,19.192972,20.759148,25.350147,22.914165,17.426859,22.17858,22.20576,25.928503,22.812445,18.723993,20.819519,18.482378,14.683799,18.674345,18.145636,14.625335,12.704624,16.824093,15.83412,19.222063,17.53918,16.541166,17.61729,17.615427,17.113115,20.080133,15.948447,13.154907,11.531066,12.472345,10.066994,13.526532,12.563678,16.157528,16.134108,17.524605,13.957036,16.428276,19.246033,15.245764,11.618973,10.864528,11.321555,6.4839044,10.256092,12.45556,10.871559,7.7675824,11.15767,6.216657,10.219744,10.954576,13.392312
17,30.961489,28.115858,27.197786,22.284298,20.858553,21.126467,16.154053,18.131882,13.607408,16.773853,16.002153,17.585838,15.498793,13.847872,10.210125,5.974816,4.701125,0.0,6.804163,6.8368216,10.731063,13.156446,16.707508,12.039588,10.785594,9.034829,6.219491,7.5759015,6.4216366,11.062162,8.781894,15.324931,16.065762,18.31006,13.989079,10.523259,13.815123,16.156855,11.682748,9.658733,15.007751,14.658582,10.643537,13.035062,17.075005,15.722802,13.949208,17.398438,20.120539,21.03235,19.344147,18.90238,23.625607,22.904541,21.200226,19.249537,15.014046,16.209358,20.974808,19.168043,13.316428,18.027822,18.163279,21.995676,19.25566,15.291028,17.360765,15.610378,11.188454,14.414225,14.548755,11.719559,8.559637,12.6784,11.20532,14.682633,13.022595,12.018032,13.631165,13.900273,14.215973,17.777485,14.373511,10.834564,8.283453,9.357732,5.4804335,9.465936,8.99189,12.870579,13.694796,15.986031,13.908297,16.927654,20.491554,17.43823,13.446134,14.499213,13.592418,9.829179,12.248421,13.580402,12.315567,10.022425,12.634729,7.6853175,12.06016,11.5900755,15.042526
18,29.91174,26.856394,27.199339,21.914179,21.086302,22.991583,17.472435,21.214407,17.545284,20.63951,20.959383,21.8452,19.90974,17.305939,13.508784,11.036744,7.09139,6.804163,0.0,5.7842293,7.303131,8.061003,12.826143,9.962588,8.5897455,6.9734054,8.734578,10.961457,12.250172,16.183302,15.274153,21.811096,22.16867,24.892576,20.708202,17.008774,19.740814,22.285442,17.557098,15.113291,19.987625,19.340052,14.860111,16.31055,20.774813,18.316559,14.602363,18.980906,21.871267,23.77876,22.79084,20.13832,25.844893,26.182457,23.847935,21.976744,18.310658,19.77485,24.689796,23.525038,18.492012,23.280067,23.822023,27.649914,25.032112,21.426699,23.662384,22.209337,17.61993,19.747906,20.287102,17.886225,14.168984,16.66645,15.418502,17.347832,14.658515,14.135974,13.060651,14.092266,12.620718,15.34891,11.895211,9.274431,9.621447,7.489615,8.882592,10.687308,11.766129,15.42226,16.623512,18.843786,16.113977,19.723642,22.075438,19.347214,15.49817,15.00897,11.975315,8.335483,8.05093,8.211531,5.950489,4.843662,7.441928,6.2441382,10.219911,11.917048,15.236162
19,33.282913,30.677525,30.753027,25.44579,24.885723,25.893267,21.024612,24.086842,19.87137,23.35995,22.820919,24.3485,22.117924,20.300154,15.772928,12.690123,9.901958,6.8368216,5.7842293,0.0,4.3979454,7.1489944,10.050422,5.385928,5.0898547,5.9749303,5.411318,9.457122,10.844073,15.204327,14.909017,20.58268,22.581045,24.315197,19.482132,16.76055,20.19112,21.57772,16.641197,15.390822,20.443401,18.174862,14.24238,17.3323,20.933598,17.237068,15.655364,20.253036,22.0656,24.106865,21.841063,19.37346,24.75864,24.77305,21.651873,18.82265,15.649436,15.9477415,21.185007,21.282904,15.584843,19.75414,19.936172,23.993423,22.351948,18.912512,20.293808,19.330036,14.872716,15.478698,16.175552,14.696085,10.396414,11.480864,10.78552,11.846009,9.419247,10.289975,9.420308,12.208278,12.197258,15.856663,13.788786,10.2337,9.346861,6.227718,5.8575096,4.965984,6.7755795,10.303034,12.362878,15.359471,14.345716,18.36741,21.388561,19.838854,15.777192,17.438366,13.591997,11.6247225,11.037753,10.671852,10.496968,10.11518,12.860517,10.912233,15.140025,15.569726,19.440393
20,32.83541,30.43711,31.198942,25.776176,25.825556,27.382998,22.71056,26.545725,22.735155,26.485723,26.413744,27.943947,25.96594,23.818247,19.615278,16.507174,13.378979,10.731063,7.303131,4.3979454,0.0,3.587641,6.039615,4.6237993,6.0974736,8.421649,9.581796,13.625948,15.239476,19.562407,19.127573,24.897766,26.676493,28.272375,23.303986,20.601265,23.72317,24.819626,19.697308,18.476116,23.137217,20.246862,16.346275,19.162577,22.582449,17.913134,15.913321,20.918474,22.320765,25.037132,22.926336,19.048515,24.806671,25.505133,21.84045,19.04226,16.597103,16.98011,22.020878,22.76851,17.944338,21.942059,22.569553,26.400227,24.910414,21.929808,23.572186,23.076824,18.433847,18.22623,19.601288,18.688389,14.0029955,14.177197,13.144547,12.99124,9.839551,10.8419075,7.71851,11.329022,10.511202,13.648283,12.543112,9.692865,10.424948,5.3363795,8.729967,6.8899074,10.133119,12.951118,15.51722,18.621664,17.887074,22.072533,24.660255,23.445427,19.493904,20.673101,16.014635,14.352962,12.382294,10.813188,10.419845,11.3101,12.705406,12.67609,16.20176,16.994188,20.906044
21,33.522755,30.983652,32.24119,26.801167,26.94619,29.122774,24.1851,28.440395,24.871996,28.396791,28.610273,29.777014,27.734892,25.31511,20.954237,18.548006,14.840733,13.156446,8.061003,7.1489944,3.587641,0.0,5.212385,6.077022,6.880504,8.925567,11.843828,15.430723,17.681686,21.638659,21.72736,27.614155,29.207922,31.216034,26.419239,23.445581,26.487122,27.972486,22.872618,21.3124,25.977255,23.469313,19.403057,21.717543,25.399183,20.844948,18.04405,23.10307,24.737482,27.631784,25.93129,21.54829,27.514893,28.52425,24.862328,22.239817,19.931467,20.450548,25.404613,26.136034,21.477537,25.525639,26.133604,29.986053,28.448439,25.41342,27.043688,26.374405,21.801285,21.740032,22.86152,21.737616,17.322527,17.338182,16.6838,16.220901,13.156623,14.283442,10.552782,14.012466,12.354341,14.666992,13.587842,11.558195,13.181685,7.973798,12.0815525,10.121848,12.875998,15.355766,17.574476,20.284212,19.039894,23.24381,25.178764,24.093967,20.362406,20.91535,15.62119,14.448202,11.342216,8.968669,8.865913,10.768622,12.121015,13.691509,16.782534,18.397322,21.984268
22,36.15318,34.067554,35.456917,30.048223,30.622948,32.481224,28.072788,32.24974,28.607094,32.45433,32.438675,33.97573,31.942238,29.776632,25.320723,22.513882,19.252893,16.707508,12.826143,10.050422,6.039615,5.212385,0.0,6.6036196,9.176877,12.595982,14.501714,18.540071,20.659527,24.699661,24.879017,30.244667,32.53473,33.873276,28.746317,26.377272,29.541018,30.204037,25.060814,24.185774,28.607042,24.963041,21.442081,24.367374,27.339176,21.751587,20.177221,25.273949,25.96137,29.202131,26.870768,21.990244,27.651419,28.84271,24.470264,21.368269,20.090954,19.845308,24.529383,26.501524,22.248865,25.562153,26.208588,29.883612,29.115294,26.588472,27.816149,27.75952,23.354673,21.919722,23.519272,23.343836,18.697025,17.315554,16.865513,14.928481,12.010728,14.099758,9.444475,14.165456,13.214587,15.4092865,15.930524,14.017716,15.499006,10.1200285,14.127517,10.61939,14.06953,15.608159,18.487476,21.55722,21.600906,25.89868,27.99813,27.71127,23.995028,25.394459,19.760653,19.220325,16.063324,13.5327635,14.023976,15.951843,16.900808,18.257568,21.295235,22.3354,26.174591
23,37.313232,34.869263,35.388836,29.999275,29.77444,30.988316,26.207994,29.451416,25.243208,28.70989,28.014612,29.482517,26.99493,25.31467,20.157532,17.771465,14.800858,12.039588,9.962588,5.385928,4.6237993,6.077022,6.6036196,0.0,3.359689,7.2862053,8.29171,12.267929,14.682728,18.395683,19.409346,24.275232,27.237375,28.71157,23.754128,21.542078,25.196636,26.144014,21.239702,20.46079,25.41665,22.360447,18.807281,22.249914,25.46284,20.827152,19.811255,24.65538,25.858292,28.31496,25.606546,22.420322,27.783043,28.040373,24.16104,20.713348,18.515554,17.855642,23.067673,24.504993,18.897106,22.275764,22.155731,26.275593,25.601463,22.481445,23.016632,22.40149,18.443876,17.497957,18.065548,17.443138,13.421621,12.097195,12.746745,11.530819,9.458187,12.314219,9.899437,14.5510845,14.605229,17.96434,17.067202,13.940194,13.7581,9.354394,10.248525,5.620115,7.8479185,9.540377,12.081631,15.127991,15.208438,19.490559,21.991272,21.769499,17.998857,20.3178,15.025791,14.845782,12.673734,11.22168,12.583906,13.397651,16.39035,15.83664,19.833712,20.619137,24.491364
24,37.65566,34.911774,35.286846,29.939339,29.321526,30.64927,25.47525,28.517677,24.239265,27.289604,26.515446,27.623337,24.881151,23.205847,17.616957,16.02463,12.738832,10.785594,8.5897455,5.0898547,6.0974736,6.880504,9.176877,3.359689,0.0,4.08551,6.5238767,9.836102,12.943736,16.198074,17.928604,22.814907,25.702805,27.71173,23.082167,20.571573,24.326271,25.891865,21.165752,20.005228,25.21655,23.010853,19.226921,22.36363,25.987709,22.135963,20.585085,25.279284,27.038956,29.17928,26.764545,24.083702,29.489609,29.536266,26.08481,22.834513,20.112453,19.704212,25.009298,25.805962,19.778877,23.421965,23.018785,27.295902,26.346529,22.83372,23.255138,22.077868,18.341467,18.290148,18.092697,16.73122,13.377243,12.774689,13.873024,13.501077,11.795017,14.244329,12.517809,16.504847,16.295736,19.630423,17.93577,14.76888,14.395672,10.531898,10.614167,6.9799485,7.482686,9.4276285,10.969747,13.434222,12.522281,16.807455,19.040741,18.633196,14.92334,17.108187,11.681262,11.87738,9.7501955,8.76667,10.74824,11.252706,15.370378,14.617375,18.794775,19.986088,23.582197
25,36.856373,33.798172,33.938244,28.720913,27.635592,29.057035,23.516575,26.299372,22.049248,24.594437,23.84495,24.526724,21.613733,19.859901,14.001192,13.294337,9.660024,9.034829,6.9734054,5.9749303,8.421649,8.925567,12.595982,7.2862053,4.08551,0.0,5.546313,7.347126,10.908348,13.683701,15.766975,20.885073,23.256298,25.933878,21.77927,18.815332,22.489925,24.827621,20.37782,18.686043,24.033356,22.951485,18.944935,21.523613,25.588432,22.785183,20.56903,24.944195,27.362951,29.091911,27.153603,25.08383,30.477028,30.316391,27.478088,24.624632,21.2994,21.385902,26.66954,26.544767,20.319244,24.337002,23.81786,28.125742,26.641428,22.76088,23.35885,21.57458,17.993624,19.214918,18.420181,16.122486,13.507339,14.245842,15.238756,16.035166,14.463924,16.083937,15.116066,18.104841,17.611675,20.85122,18.233812,15.1326475,14.540725,11.671176,10.966844,9.301519,8.495252,10.956459,11.336088,13.002047,10.421867,14.481715,16.515114,15.263013,11.508831,13.081116,7.980734,7.8741207,6.473724,6.8057866,8.805604,8.445897,13.722465,12.479719,16.727829,18.296415,21.475183
26,36.598892,33.807957,33.220764,28.165848,26.941284,27.313238,22.34284,24.205036,19.5477,22.338802,20.912603,22.26202,19.408577,18.344784,12.837544,10.797202,8.878539,6.219491,8.734578,5.411318,9.581796,11.843828,14.501714,8.29171,6.5238767,5.546313,0.0,4.4047966,6.4868174,10.207993,11.5844755,16.316223,19.394484,21.310762,16.85411,14.50265,18.521074,20.212397,15.929818,14.952788,20.297749,18.826874,15.354653,18.709658,22.207657,19.65917,18.881317,22.817156,24.848385,26.10788,23.54662,22.669891,27.406816,26.630442,24.009285,20.989405,17.50296,17.193558,22.391663,22.188995,15.50725,19.249708,18.44811,22.793974,21.487837,17.55217,17.82904,16.099459,12.63011,13.905274,12.95942,10.702978,8.0742235,9.441009,10.475991,12.2016115,11.376441,12.838241,13.665532,16.213715,16.914165,20.763784,18.281504,14.539109,12.450468,11.135217,7.471791,6.4750295,4.0612946,7.4282556,8.076561,10.596269,9.436712,13.256003,16.786215,15.387312,11.348129,14.425367,11.458247,10.355455,11.277945,12.165919,13.04755,11.735057,16.082493,12.774985,17.339417,17.551807,21.033394
27,38.313004,35.27002,34.303505,29.51141,27.736776,27.925486,22.766981,23.84277,19.140947,21.061764,19.187225,20.02853,16.676575,16.081,9.837502,9.586821,8.317837,7.5759015,10.961457,9.457122,13.625948,15.430723,18.540071,12.267929,9.836102,7.347126,4.4047966,0.0,4.555967,6.4171414,9.805463,13.807977,17.095306,19.694822,16.062187,13.658069,17.739527,20.175726,16.66147,15.444633,20.754026,20.529858,17.258656,20.125166,23.772858,22.408157,21.448235,24.857897,27.350384,28.049189,25.771515,25.791355,30.23597,29.083794,27.062223,24.286367,20.498777,20.290655,25.255554,24.39549,17.53514,21.119879,19.825214,24.128704,22.676533,18.431442,18.237396,15.672204,13.223088,15.654703,13.46079,10.140405,9.742093,11.804843,13.411409,15.67195,15.410827,16.605593,17.948597,19.98939,20.612469,24.350233,21.321266,17.721706,15.402321,14.935529,10.793574,10.752915,7.372144,9.548553,8.283054,9.209297,6.357504,9.530515,13.243647,11.264235,7.258916,11.076827,9.651582,9.011549,11.378485,13.293859,14.46596,12.510109,17.655788,13.821451,18.238972,18.623108,21.504253
28,36.406307,33.547558,32.004845,27.492247,25.561892,24.973671,20.35868,20.639132,15.790179,17.82521,15.5520315,16.989267,13.977277,13.854785,8.966268,6.9923525,7.97011,6.4216366,12.250172,10.844073,15.239476,17.681686,20.659527,14.682728,12.943736,10.908348,6.4868174,4.555967,0.0,5.015,5.4791226,10.090188,13.097308,15.29129,11.52191,9.223022,13.42823,15.705274,12.540431,11.615684,16.725622,16.87372,14.073942,16.970123,20.239468,19.717201,19.440218,22.177948,24.606524,24.768217,22.443668,23.553305,27.40065,25.821165,24.399435,21.99646,17.935163,17.996689,22.55534,20.961437,14.203173,17.811817,16.605494,20.671799,18.745384,14.39432,14.595486,11.832976,9.309792,12.999628,10.974339,7.05857,7.2329516,11.149294,11.684523,15.203154,15.144914,15.309927,17.888561,18.851719,19.991915,23.81474,20.681477,17.010988,13.869744,15.003869,9.578835,11.51433,8.48321,11.043658,10.283482,11.617573,9.889533,11.944937,16.275991,13.583757,9.947829,13.176066,13.517616,11.441962,14.719113,16.701818,16.837364,14.4039345,18.423378,13.371918,17.543064,16.892021,19.720036
29,40.22576,37.18648,35.36514,31.151184,28.79756,28.04269,23.426039,22.841434,18.18916,19.03058,16.111273,16.817524,13.155629,14.029315,8.690816,9.665591,11.02734,11.062162,16.183302,15.204327,19.562407,21.638659,24.699661,18.395683,16.198074,13.683701,10.207993,6.4171414,5.015,0.0,7.009638,8.309281,12.393593,15.177567,12.905841,11.329531,15.206032,17.921234,15.961864,15.149981,19.75141,20.821732,18.473564,20.974096,24.1115,24.35163,24.103474,26.46271,29.078716,28.819471,26.613842,28.342821,31.88066,29.983448,28.903797,26.506727,22.517298,22.304182,26.602062,24.882065,18.165255,21.109379,19.229786,23.129072,21.564709,17.242632,16.36934,12.893117,12.350488,16.115374,12.746154,8.542772,11.235676,14.262085,15.849028,19.022228,19.540117,20.123688,22.71697,23.860079,24.964272,28.730745,25.406975,21.851479,18.793076,19.858599,14.577475,15.787303,12.033009,13.401778,11.198947,10.794705,8.388403,8.5695505,13.000918,10.171981,7.587762,11.797505,13.702301,12.814609,16.574883,19.055307,19.816591,17.25564,21.9857,17.078165,20.97549,20.631426,22.830317
30,34.502384,31.742853,29.43243,25.511318,23.165464,21.676334,17.762531,16.651814,11.885029,13.434067,10.562208,12.534542,10.092916,10.755525,8.653556,5.7585335,9.48846,8.781894,15.274153,14.909017,19.127573,21.72736,24.879017,19.409346,17.928604,15.766975,11.5844755,9.805463,5.4791226,7.009638,0.0,7.0071616,7.8505936,10.267556,7.2222886,4.3935966,8.358734,11.344771,9.470207,8.481812,12.770825,14.623308,12.607947,14.600295,17.466583,18.825794,18.827478,20.337048,23.012655,22.257147,20.43308,23.030388,26.050854,23.988783,23.729342,22.182806,17.831758,18.594206,22.307436,19.317871,13.439061,16.977617,16.083597,19.419722,16.497019,12.182282,13.320302,10.2113495,8.287696,13.823784,12.218198,8.218986,9.424992,14.542249,13.814391,18.305025,18.255741,17.131035,20.60929,20.130758,21.439177,24.99605,21.544584,18.227617,14.6559305,17.51049,11.913564,15.639173,13.279514,15.858573,15.215317,16.303192,14.572842,15.532538,19.82139,16.206938,13.280659,15.284336,17.546244,14.44375,18.575804,20.823414,20.052103,17.154343,20.016008,14.088736,17.373592,15.753073,17.9075
31,40.435314,37.8503,35.01588,31.582972,29.056955,26.762995,23.684103,21.22725,16.977438,17.3453,13.342,15.0880785,12.61067,15.030433,13.336592,12.529294,16.077234,15.324931,21.811096,20.58268,24.897766,27.614155,30.244667,24.275232,22.814907,20.885073,16.316223,13.807977,10.090188,8.309281,7.0071616,0.0,7.248385,7.84415,7.4435816,8.607723,11.32803,12.881358,13.353333,13.893958,16.65282,18.472689,17.892378,20.140741,21.848047,23.707155,24.999336,25.939974,28.063892,26.689846,24.341309,28.184946,30.196089,27.400616,27.510317,25.771313,21.94625,21.777218,24.749847,22.072628,16.447956,18.177029,16.081863,18.870901,17.069454,13.30564,12.085851,8.23297,10.32624,15.044076,11.853002,8.457005,12.773044,16.615305,17.09053,21.174498,22.281195,21.805204,25.847605,25.719,27.627922,31.357765,28.237322,24.800404,20.956112,23.731674,17.608448,20.175022,16.986227,18.187866,16.665588,16.754488,16.211386,15.585871,20.072552,17.30007,15.5959425,18.84368,21.7918,19.912815,24.07134,26.460842,26.384401,23.55273,26.931389,21.069765,24.26094,22.472128,24.27365
32,35.702286,33.057728,29.711515,26.98682,24.009638,21.349009,18.822994,15.192379,11.776234,10.893619,6.611066,8.562261,7.5480933,10.3945055,12.327923,11.256843,15.644662,16.065762,22.16867,22.581045,26.676493,29.207922,32.53473,27.237375,25.702805,23.256298,19.394484,17.095306,13.097308,12.393593,7.8505936,7.248385,0.0,5.457531,7.6924143,7.057449,6.912194,10.577661,12.248312,11.6445055,12.957148,17.3267,16.784311,17.170715,19.00664,22.786861,23.04394,22.882044,25.727274,23.680449,22.738646,27.085152,28.84177,26.179277,27.436193,26.852316,22.618137,23.785032,26.289953,22.01485,17.860287,20.43845,19.586319,21.644115,18.13992,14.728231,15.988825,12.843551,13.205898,19.058897,17.363886,13.920245,16.378242,21.425142,20.423666,25.184898,25.38603,23.620066,27.596771,26.124079,27.467838,30.60277,26.92106,24.170313,20.625696,24.436089,19.105816,23.331861,20.99882,23.233902,22.196884,22.606516,20.748846,20.364723,24.239239,20.049595,18.388952,19.39178,23.589808,20.328854,25.069393,27.670904,26.506573,23.311876,25.459711,19.389309,21.385479,19.218016,19.926466
33,36.869938,34.741867,31.113693,28.597559,26.035967,22.52297,21.147675,17.25174,14.082046,14.174126,10.246301,13.136888,12.900036,15.418164,17.032036,14.728685,19.137167,18.31006,24.892576,24.315197,28.272375,31.216034,33.873276,28.71157,27.71173,25.933878,21.310762,19.694822,15.29129,15.177567,10.267556,7.84415,5.457531,0.0,5.456823,8.00551,7.323496,7.7754464,11.140419,12.236054,12.24871,15.609254,16.475742,17.471718,17.892324,21.752337,23.58291,22.95192,24.871403,22.441505,20.802412,26.204214,26.925922,23.701168,25.304749,24.83348,21.099577,21.871588,23.485546,19.221262,15.885468,17.266907,16.339077,17.555511,14.261817,11.658373,12.6365,10.212936,11.818624,17.074211,15.845131,13.560437,16.247532,20.940584,19.621618,24.378065,25.066309,23.130396,27.774847,26.058395,28.104504,31.34543,28.283054,25.42772,21.487658,25.669544,19.940489,24.057686,21.961744,23.823946,23.19777,24.0122,23.39556,23.172651,27.532347,24.05807,22.172134,24.0624,27.48771,24.35791,28.741884,31.023296,29.876019,26.87613,28.639439,22.44369,24.535929,21.643358,22.787798
34,34.88118,32.798183,29.740643,26.493134,24.41419,21.400902,19.427635,16.961441,12.886412,14.688683,11.39219,14.694929,13.861673,15.326066,15.507726,11.849138,15.861853,13.989079,20.708202,19.482132,23.303986,26.419239,28.746317,23.754128,23.082167,21.77927,16.85411,16.062187,11.52191,12.905841,7.2222886,7.4435816,7.6924143,5.456823,0.0,4.520143,6.1932654,5.629171,6.6865816,8.468158,10.014059,11.497368,11.958271,14.138267,14.863273,17.321913,19.516924,19.697304,21.320543,19.619165,17.196955,21.86463,23.180279,20.203787,20.930079,19.945877,16.100147,16.699163,18.898346,15.185469,10.743488,12.772287,12.028428,14.111708,10.730505,7.096607,8.807189,6.5587864,6.480916,12.046206,11.478574,9.376118,11.05973,15.938887,14.218861,19.058918,19.632622,17.723972,22.416155,20.96105,23.22574,26.698246,23.95643,20.817522,16.708467,20.695963,14.798062,18.870003,17.130724,19.18892,19.152826,20.661901,20.48198,21.163782,25.828568,22.731503,20.08465,22.435019,24.607859,21.446602,25.301195,27.206362,26.102652,23.370789,25.083559,18.981548,21.61176,18.67084,20.72845
35,31.947485,29.513851,26.757423,23.200191,20.943338,18.628998,15.712273,13.913529,9.327565,11.483759,8.730534,11.834447,10.826024,11.469912,11.774809,7.563925,11.753523,10.523259,17.008774,16.76055,20.601265,23.445581,26.377272,21.542078,20.571573,18.815332,14.50265,13.658069,9.223022,11.329531,4.3935966,8.607723,7.057449,8.00551,4.520143,0.0,4.358866,7.118707,5.889699,5.368434,8.634424,11.205915,10.051194,11.57605,13.738105,16.189676,16.819702,17.407898,19.892902,18.588745,16.949566,20.538363,22.84911,20.517267,21.0101,20.15568,15.781091,17.133486,20.086765,16.155712,11.389474,14.914592,14.746146,17.358847,13.530021,9.5697365,12.195048,9.824477,7.5303545,13.532602,13.171768,10.121137,10.519207,16.039106,14.054043,19.008993,18.797934,16.644314,20.706118,19.123285,20.706028,24.028807,20.73744,17.722986,13.898588,17.89777,12.477378,17.231085,15.724751,18.494205,18.494978,20.051998,18.801771,19.869411,24.210651,20.509182,17.599676,19.050167,21.3312,17.615582,21.623095,23.63052,22.181812,19.308777,20.888056,14.7205515,17.283844,14.626072,16.634148
36,29.863758,27.600151,24.252312,21.389872,18.911911,15.7732525,13.969654,10.826629,7.089915,8.821674,6.3397555,10.145257,10.719158,11.463345,14.103068,10.148152,14.456775,13.815123,19.740814,20.19112,23.72317,26.487122,29.541018,25.196636,24.326271,22.489925,18.521074,17.739527,13.42823,15.206032,8.358734,11.32803,6.912194,7.323496,6.1932654,4.358866,0.0,5.4017644,6.577333,5.8678017,6.0575433,11.024597,10.785584,10.624035,12.108611,16.41755,16.91502,16.219898,18.893661,16.771996,16.084085,20.595343,22.154903,19.677368,21.268639,21.353,17.08047,19.110695,21.210478,16.20682,13.245735,16.484024,16.931183,18.630869,14.004249,10.969923,14.508314,12.656696,10.865218,16.655666,16.859587,14.209507,14.461954,19.98863,17.427319,22.484045,22.051617,19.190838,23.323494,20.79015,22.21017,25.046133,21.658504,19.237486,15.667504,20.357523,15.624924,20.92489,19.848248,22.737057,22.849653,24.375875,22.911667,23.762934,27.919044,23.803476,21.152761,21.78135,24.688599,20.499378,24.673882,26.715425,24.715803,21.750324,22.3624,16.24328,17.757778,14.516003,15.672017
