,0,1,2,3,4,5,6,7,8,9,10,11,12,13,14,15,16,17,18,19,20,21,22,23,24,25,26,27,28,29,30,31,32,33,34,35,36,37,38,39,40,41,42,43,44,45,46,47,48,49,50,51,52,53,54,55,56,57,58,59,60,61,62,63,64,65,66,67,68,69,70,71,72,73,74,75,76,77,78,79,80,81,82,83,84,85,86,87,88,89,90,91,92,93,94,95,96,97,98,99,100,101,102,103,104,105,106,107,108,109
0,0.0,4.20744,6.5979886,9.732835,12.465439,14.464949,19.26432,22.699593,25.330965,27.79949,32.467434,34.2071,36.664722,33.033066,27.889225,26.88678,22.969799,22.195686,16.545967,18.226797,15.283071,15.820808,14.487472,17.584892,20.141472,19.304941,21.585007,20.752089,24.984636,21.93171,30.037638,25.323044,32.297874,30.767872,33.003166,35.885326,33.670425,32.74874,29.05879,26.565434,29.836927,26.13502,30.232758,28.893095,24.252432,27.50276,23.015093,25.084774,23.705217,24.683361,24.87684,26.217758,30.29455,30.434202,34.35103,32.87513,31.810202,35.069794,37.776024,39.98754,39.843273,33.427475,37.79948,38.15984,40.395355,35.083584,33.75587,38.07855,33.3931,33.419212,35.573456,39.11496,39.798798,37.93665,42.362667,37.37681,41.234474,39.511555,37.135357,39.809277,34.33179,36.44259,36.36409,32.32234,29.428482,30.010761,31.010418,26.523138,24.136002,26.267633,26.024452,22.021818,21.724264,26.369753,23.069664,18.824549,22.373884,21.324373,25.43553,26.872574,28.164005,32.96757,33.22297,30.83652,28.663708,25.339012,22.165468,19.684721,16.62051,14.977968
1,4.20744,0.0,4.2721043,6.675757,8.694347,11.93968,15.8355465,19.531921,21.820766,24.194712,29.006195,30.38818,32.994263,29.11724,23.990574,22.778206,18.862804,18.007063,12.49193,14.275739,11.799172,12.535924,11.967109,14.692322,16.849197,16.01287,17.745647,16.81994,20.92165,18.013111,26.094645,21.58554,28.691769,27.386942,29.81442,32.852966,30.976986,29.972897,26.085913,23.344784,26.532888,22.635513,26.567024,25.087742,20.657938,23.656794,19.547476,21.571066,20.692036,21.513617,21.83599,22.718962,27.032965,26.92178,30.92977,29.422535,28.032343,31.175215,33.945,35.974728,35.705875,29.296236,33.76377,34.15016,36.514492,31.276823,29.85493,34.3982,29.898209,29.837887,32.254677,35.64364,36.26318,34.204395,38.497295,33.37794,37.16407,35.359325,32.962368,35.608204,30.124908,32.276993,32.245132,28.213905,25.26614,25.933445,27.148472,22.497833,20.209532,22.576677,22.385849,18.342905,18.308846,23.221983,20.006674,16.047604,19.510365,18.0939,21.857836,23.564936,24.374441,29.283266,29.537666,27.407022,25.034313,22.198198,18.421015,16.440342,13.245487,12.263712
2,6.5979886,4.2721043,0.0,4.988332,6.933465,8.337083,13.369203,16.139841,19.054575,21.352795,25.98175,27.972876,30.616905,27.360203,22.105423,21.555386,17.897568,18.040718,13.341402,15.600684,14.272404,15.015638,15.371784,17.741543,19.37545,18.458618,19.151672,17.567625,20.971127,17.640831,25.049543,20.060549,26.866772,24.84953,27.472982,30.012909,28.137188,27.578377,23.530985,21.029984,24.946594,21.637695,25.565685,24.71771,20.967922,24.163908,20.884016,23.43642,23.087912,24.01733,24.549618,24.779608,29.333296,28.698809,32.933193,31.464033,29.449224,32.293427,35.050068,36.66385,35.873627,29.53325,34.19664,34.30489,37.131756,32.355167,30.178865,35.059467,30.53326,29.98218,32.245922,35.613056,35.732235,33.435955,37.819916,32.78177,36.178726,34.70637,32.013763,34.711903,29.579384,31.452486,32.13867,27.764534,25.055996,26.363255,27.611784,22.464441,21.16946,23.736296,23.103313,19.081757,19.974422,24.834023,20.83202,17.20169,19.581646,17.397226,21.374464,22.053621,22.978743,27.593096,27.429111,25.002771,22.763067,19.885212,16.687965,14.027093,11.705548,9.331964
3,9.732835,6.675757,4.988332,0.0,3.846157,6.28176,9.657726,14.242703,16.01879,19.189562,23.515558,25.225899,27.112497,23.710714,18.625845,18.292227,14.509317,15.499943,10.587819,14.034816,12.993182,14.870309,15.379093,16.46472,17.87863,16.199242,16.405247,14.097025,17.37427,13.508033,20.992264,15.844665,22.648268,21.082634,23.309328,26.32377,24.322397,23.324533,19.46919,16.853662,20.311636,16.925852,21.02598,20.332794,16.51153,20.214657,17.032995,20.480425,20.091902,21.739964,23.007858,23.04217,27.941757,27.549547,31.39356,29.396803,27.471605,29.938393,33.307377,34.302364,33.25228,26.64284,30.844534,30.55383,33.377506,28.955061,26.226002,30.900837,26.116138,25.430252,27.445763,30.91214,31.02587,28.941187,33.513023,28.758284,32.422684,31.254004,28.826824,32.004498,26.836279,29.405617,30.271969,26.188246,23.077442,24.41897,26.743315,21.36557,19.842833,23.071648,22.983376,19.062243,19.925083,25.207457,22.055927,18.974014,21.421507,18.776808,21.82172,22.939154,22.61987,27.322618,26.84727,24.984879,22.286942,20.808409,16.479866,14.915357,13.005579,11.39408
4,12.465439,8.694347,6.933465,3.846157,0.0,6.161141,7.325427,11.733453,13.231397,15.975351,20.618404,21.913158,24.30207,20.620237,15.435494,14.813636,11.103238,12.13744,8.237047,11.548543,11.768785,13.430722,14.944277,15.660189,16.339497,14.984541,14.150534,11.754417,14.462087,10.928527,18.117252,13.263902,20.262182,18.81801,21.532896,24.553993,23.164013,22.256634,18.041924,15.090102,18.650015,15.105737,18.806644,17.96477,14.795339,17.859058,15.608572,18.671028,19.132885,20.280634,21.471039,20.833637,25.789078,24.929613,28.932005,27.113218,24.66544,26.976603,30.194002,31.053492,29.833593,23.369186,27.860554,27.691845,30.759449,26.450197,23.655241,28.736582,24.375313,23.529907,25.981253,29.142712,29.094393,26.61012,30.919317,25.879854,29.287788,27.945288,25.34628,28.34954,23.24245,25.619919,26.627434,22.44727,19.438591,21.0339,23.353327,17.811544,16.810558,20.133625,19.900612,16.122915,17.523872,22.717424,19.516264,16.99522,18.91483,15.908952,18.49659,19.669212,18.92695,23.64349,23.185333,21.544252,18.70573,17.718706,12.911422,11.981041,10.291462,9.605158
5,14.464949,11.93968,8.337083,6.28176,6.161141,0.0,6.8627443,9.147246,12.014191,15.104956,18.88689,21.696844,23.55381,21.39624,16.318815,17.318708,14.416001,17.023535,14.136164,17.532324,17.904142,19.434755,20.809969,21.732656,22.484152,20.967953,19.859451,16.959215,18.730259,14.653041,20.137945,14.453713,20.256325,17.339745,19.940928,21.96317,20.055363,19.949652,15.793181,13.741504,18.55205,16.540216,20.292467,20.769728,18.503052,22.099451,20.5041,24.269163,24.668037,26.219332,27.587336,26.79047,31.778913,30.678406,34.730824,32.89194,30.148834,32.106243,35.321598,35.685566,33.871128,27.627472,31.985218,31.28673,34.75825,31.180468,27.436127,32.490143,27.92127,26.475016,28.206274,31.465694,30.725975,28.25735,32.82265,28.326956,31.201836,30.620296,27.776108,30.95273,26.550482,28.59014,30.572428,26.139458,23.556002,25.801908,28.071215,22.269297,22.277845,25.554768,24.879456,21.257383,23.219774,28.160826,24.189373,21.710579,22.69362,19.205027,22.162813,21.73879,21.396646,25.384075,24.176783,22.010067,19.576073,18.496214,15.279865,13.101996,13.083131,10.046125
6,19.26432,15.8355465,13.369203,9.657726,7.325427,6.8627443,0.0,7.0139995,6.6129546,10.739894,14.369403,16.098501,17.508497,14.733228,9.741444,11.066945,8.627344,12.731736,11.731529,15.387571,17.027449,19.053328,21.10838,20.688377,20.556871,18.816645,16.318064,12.849358,13.181652,9.142471,13.330066,7.641885,13.6868,11.571114,14.393346,17.240074,16.114477,15.427352,10.952606,8.026932,12.486173,10.362573,13.671993,14.384135,13.332513,16.523157,16.463749,20.46831,21.661106,23.298756,25.179829,23.633081,28.698542,27.462656,31.08318,28.97036,25.935371,27.226717,30.82343,30.369776,28.12743,21.94265,25.920391,24.880377,28.572887,25.657133,21.252636,26.411554,22.17558,20.359251,22.27411,25.213245,24.255568,21.535786,25.998932,21.540955,24.407722,24.024395,21.344915,24.893612,20.64858,23.278326,25.572998,21.576998,18.795357,21.256021,24.573324,18.78011,19.125141,22.862738,22.652702,19.589167,21.768503,26.655869,23.719673,22.276495,22.983143,19.189661,20.559366,20.78368,18.659492,22.530252,21.07315,19.999935,16.997627,18.17372,13.587528,13.629813,14.07141,13.171352
7,22.699593,19.531921,16.139841,14.242703,11.733453,9.147246,7.0139995,0.0,5.201743,6.464044,10.0988035,13.471211,16.297958,15.269433,10.721371,12.991117,12.235304,16.117645,16.819328,19.361103,21.788214,22.862055,25.54372,25.77016,25.266161,24.257961,21.264277,18.286785,17.623653,14.746451,16.36537,11.780562,15.585541,11.618159,15.556735,16.370623,16.248774,17.183153,12.520877,10.788436,16.25309,15.670898,17.72993,19.062986,19.437622,21.582956,22.608606,25.794088,27.666636,28.53457,29.8709,27.723383,32.490326,30.360577,34.43053,32.98496,29.104855,30.18101,32.931767,32.388638,29.65048,24.43637,28.94376,28.047821,32.260418,29.864893,25.380651,30.958748,27.513124,25.324703,27.342802,29.717796,28.03314,24.704739,28.53066,24.110575,25.56403,25.37012,21.99971,24.756006,21.636223,22.727621,26.05353,21.555086,19.941689,23.223848,25.412981,19.640566,21.776102,24.888653,23.707521,21.087975,24.279333,28.387302,24.30967,23.400816,22.494253,18.230595,19.68673,17.889217,16.41987,19.134485,16.995537,15.259653,12.946862,14.171591,11.912908,11.121085,13.619116,11.934246
8,25.330965,21.820766,19.054575,16.01879,13.231397,12.014191,6.6129546,5.201743,0.0,5.0694656,7.795754,9.937715,11.7762985,10.315025,6.014892,9.351136,9.561333,14.486002,16.197058,18.951101,21.770592,23.344957,26.099077,25.403635,24.510088,23.19313,19.566084,16.29834,14.546203,11.972586,11.603375,7.478492,10.445758,7.029335,11.198408,12.87155,13.361513,13.670428,9.037605,6.8869376,11.712158,11.596974,12.92019,14.722579,16.216057,18.053368,20.117699,23.552088,25.705679,26.849066,28.651623,26.206022,30.970787,29.006159,32.546234,30.749949,26.921122,27.42482,30.632917,29.34633,26.27145,21.086346,24.982582,23.6465,27.950249,26.226032,21.144373,26.543644,23.31348,20.833685,22.742275,24.8673,22.98004,19.58183,23.407305,19.238392,20.743446,20.937668,17.83755,21.158857,18.224031,20.111937,23.648762,19.74866,17.861439,21.13562,24.371113,18.803339,20.809736,24.274115,23.677351,21.453749,24.432028,28.578182,25.554466,25.137545,24.52311,20.344654,20.64937,19.798456,16.827604,19.44874,17.179144,16.682331,13.89931,16.96654,13.44814,14.384435,16.396433,15.9270935
9,27.79949,24.194712,21.352795,19.189562,15.975351,15.104956,10.739894,6.464044,5.0694656,0.0,5.437281,7.346178,11.744577,10.798554,7.505841,10.01925,11.376718,15.328752,18.379627,20.112106,23.602465,24.474379,27.753115,27.319984,25.995544,25.333393,21.318491,18.665575,16.364305,15.019543,13.562059,11.230491,13.132577,9.957974,14.479793,15.030454,16.66334,17.594927,13.29573,11.618302,15.794854,15.692892,16.093801,17.477482,19.598785,20.303795,23.047445,25.491434,28.269218,28.615646,29.921955,26.96756,31.34848,28.701962,32.483925,31.28969,26.849497,27.196356,29.614052,28.37416,25.094057,20.84426,25.225182,24.327103,28.85409,27.30698,22.691877,28.40919,26.050076,23.616308,26.002657,27.556568,25.503708,21.620935,24.566612,20.132381,20.536274,20.382046,16.752468,19.09509,16.978624,17.479301,21.604599,17.46369,16.583973,20.322588,22.632607,17.387503,20.673714,23.55051,22.368416,20.732224,24.30941,27.700134,24.299353,24.574162,22.889057,18.63162,18.37749,16.572805,13.513772,15.17582,12.516039,12.156791,9.696453,13.76169,11.524835,12.94393,15.869622,15.971605
10,32.467434,29.006195,25.98175,23.515558,20.618404,18.88689,14.369403,10.0988035,7.795754,5.437281,0.0,5.6269646,8.347328,10.474298,9.604112,13.240198,15.407512,19.857038,23.081726,25.063396,28.538176,29.654581,32.852657,32.120075,30.731783,29.826344,25.619152,22.74508,19.83862,18.552593,14.922795,13.432437,12.280841,8.447235,12.484725,11.432773,14.1394205,15.833967,12.477306,12.15851,15.768319,17.336422,16.860334,19.300913,22.443632,23.138338,26.549885,29.355389,32.1507,32.82149,34.423885,31.331654,35.625034,32.997135,36.406044,35.06232,30.613768,30.369017,32.877693,30.84001,27.012339,23.487549,27.046833,25.548855,30.22126,29.788706,24.494747,29.73764,27.688421,24.804337,26.518147,27.6789,24.912567,21.108868,23.71017,20.380493,19.778662,20.73789,17.388117,19.792597,19.085918,19.497406,24.312586,20.822275,20.315863,24.095594,26.745665,21.919888,25.361248,28.25391,27.201435,25.872126,29.420677,32.6649,29.504292,29.967968,28.0918,23.855232,23.267794,21.088198,17.8307,18.314137,15.092354,15.316055,13.606408,18.208649,16.800642,18.096264,21.236671,20.94024
11,34.2071,30.38818,27.972876,25.225899,21.913158,21.696844,16.098501,13.471211,9.937715,7.346178,5.6269646,0.0,6.5287576,6.8510714,7.987824,10.604614,13.946076,17.839485,22.30755,23.686089,27.65091,28.707619,32.137337,30.845062,28.936687,28.258528,23.561197,21.124575,17.318888,17.354338,11.993573,12.81288,11.020493,9.821466,13.491601,13.728773,17.00488,17.699371,14.692505,13.690727,15.566205,16.582253,14.93627,16.772932,20.831264,20.30011,24.71898,26.788403,30.115414,30.390348,31.971859,28.467068,32.37156,29.618717,32.602707,31.359434,26.773771,26.000372,28.390875,25.86584,21.806023,18.965685,22.230297,20.845299,25.57021,25.624212,20.563614,25.780443,24.653648,21.867317,24.089125,24.597044,21.958652,17.780264,19.540298,15.925866,14.728307,15.415887,12.002238,14.258582,14.165461,14.614081,19.61944,16.829294,16.60382,20.29976,23.299892,19.164839,22.810266,25.535378,24.819643,24.162643,27.577564,30.377958,28.178053,29.313677,27.464622,23.53423,21.773829,20.582779,16.134073,16.391562,13.533521,15.2063055,13.170448,18.954494,16.639803,19.328165,21.98743,22.946918
12,36.664722,32.994263,30.616905,27.112497,24.30207,23.55381,17.508497,16.297958,11.7762985,11.744577,8.347328,6.5287576,0.0,6.2952724,9.672594,13.274521,16.355288,21.035578,24.757114,26.925304,30.409235,32.146782,35.134167,33.331005,31.649261,30.309555,25.769547,22.83925,18.916557,18.402647,11.571664,12.749775,7.4146237,7.2027464,8.891022,8.972123,12.8506155,13.251387,11.8262005,12.025962,12.265818,15.120068,12.71768,15.92703,20.63924,20.724163,25.307907,28.302195,31.160322,32.305,34.528915,31.321728,35.388065,33.266384,35.64456,33.747803,29.767029,28.586714,31.767712,28.508244,24.269428,21.282642,23.09818,20.659391,25.192675,26.324066,20.280716,24.495575,23.128302,19.869518,20.90477,21.26429,17.915659,14.262473,16.36434,14.541984,13.401076,15.851382,13.690259,17.04375,17.267218,19.112585,23.77117,21.760195,20.873074,24.097961,28.1344,24.023718,26.743654,29.930569,29.796759,28.892729,31.833092,35.11142,33.414734,34.18722,33.00099,29.04311,27.50597,26.76827,22.262241,22.864185,20.060432,21.605995,19.465689,24.89865,22.009583,24.384283,26.71442,27.159657
13,33.033066,29.11724,27.360203,23.710714,20.620237,21.39624,14.733228,15.269433,10.315025,10.798554,10.474298,6.8510714,6.2952724,0.0,5.3052096,7.611858,11.032787,15.301042,19.468676,21.327639,24.94106,26.705505,29.71084,27.601067,25.712934,24.476067,19.774065,17.102623,12.840959,13.108497,5.7485447,8.574563,5.7723975,8.189412,10.538943,13.186956,15.758679,14.882755,12.46347,10.916971,10.424153,11.166133,8.4981165,10.4844675,15.332918,14.7182665,19.609713,22.155073,25.248758,26.146265,28.34793,25.09975,29.148033,27.190489,29.480778,27.48825,23.607231,22.571625,26.050205,23.074001,19.178024,15.315249,17.537157,15.433231,20.040745,20.367908,14.557314,19.442137,18.041355,15.108991,17.263926,17.820818,15.403543,11.231095,13.790762,9.967639,10.512033,11.553098,9.153234,13.324686,11.901258,14.9027,18.783682,16.84409,15.293981,18.220121,22.776245,18.727177,20.900858,24.210962,24.488539,23.639336,26.230698,29.570772,28.53857,29.39153,28.737852,25.07769,23.201674,23.680628,18.715473,20.327599,18.278862,20.064499,17.281715,22.602434,18.419153,21.527758,23.08114,24.401554
14,27.889225,23.990574,22.105423,18.625845,15.435494,16.318815,9.741444,10.721371,6.014892,7.505841,9.604112,7.987824,9.672594,5.3052096,0.0,4.480452,6.7662683,11.716621,15.167431,17.362581,20.799282,22.51018,25.487762,23.88802,22.342245,21.105137,16.705536,13.725544,10.422253,9.498169,6.0980263,5.080879,7.427225,7.5937243,11.147204,14.090363,15.522045,14.753238,10.984978,8.36093,10.093522,9.259111,8.865171,10.08548,13.136009,13.553504,17.151493,20.00319,22.80355,23.699692,25.704556,22.781076,27.276218,25.339594,28.312717,26.379904,22.49698,22.400757,25.866917,23.97472,20.714062,15.645409,19.142767,17.712862,22.116337,20.852062,15.60607,21.114788,18.633432,16.119398,18.63722,20.172987,18.44798,14.644337,18.040497,13.402055,15.130636,15.039095,12.152145,15.926956,12.830436,15.637848,19.003834,15.901367,13.772433,16.871382,21.026823,16.055645,17.963766,21.511332,21.527044,19.98992,22.686436,26.520525,24.789072,25.10419,24.696129,20.879072,19.812614,20.25692,15.899062,18.520716,16.664223,17.527431,14.395058,18.77702,14.136123,16.812712,18.180124,19.26297
15,26.88678,22.778206,21.555386,18.292227,14.813636,17.318708,11.066945,12.991117,9.351136,10.01925,13.240198,10.604614,13.274521,7.611858,4.480452,0.0,4.0876193,7.783344,12.429013,13.826415,17.686623,19.17939,22.365765,20.528704,18.593454,17.734055,12.996077,10.631064,6.8653507,7.6395245,5.923118,6.667641,10.664893,11.984123,15.151263,18.479723,19.770222,18.598835,14.911898,11.866853,12.743604,10.184142,9.821313,8.947588,11.4572315,10.626321,14.466184,16.318394,19.59489,19.882103,21.656982,18.495441,22.876907,20.867052,23.869934,22.067112,18.067122,18.17119,21.615389,20.1387,17.330782,11.752769,15.953448,15.272594,19.476547,17.359325,13.038129,18.991688,16.909132,15.03825,18.486666,19.871794,18.95644,15.147022,18.07647,12.496931,14.862015,13.453018,10.603023,14.052682,9.652902,12.956167,15.381116,12.317773,9.61983,12.481425,16.900656,12.0879545,13.693213,17.244905,17.56456,16.270462,18.749746,22.435509,21.358627,21.98582,21.87052,18.458275,16.820559,18.435472,13.725023,16.996897,15.975984,17.164324,13.816006,17.97133,12.451936,15.988344,16.58865,18.768167
16,22.969799,18.862804,17.897568,14.509317,11.103238,14.416001,8.627344,12.235304,9.561333,11.376718,15.407512,13.946076,16.355288,11.032787,6.7662683,4.0876193,0.0,5.430053,8.564602,10.679399,14.083154,15.877933,18.80124,17.153751,15.656786,14.518256,10.265022,7.417176,5.4367857,4.51162,8.029514,6.22295,12.538854,13.366328,16.339499,20.023705,20.429626,19.019968,15.07283,11.636275,13.044026,9.296826,10.6414,9.143002,9.347893,9.769898,11.848272,14.2146015,16.931623,17.514986,19.334232,16.76614,21.57429,20.02227,23.30608,21.295898,17.812735,18.73372,22.397705,21.749483,19.667273,13.357552,17.70059,17.275833,20.96368,17.778868,14.030039,19.822315,16.798851,15.393151,18.7936,20.872648,20.500883,17.21747,20.739622,15.229841,18.399555,16.84332,14.345212,17.685263,12.638185,15.974772,17.484789,14.100837,10.780782,12.986687,17.21371,11.925235,12.228062,16.15102,16.624243,14.510067,16.584879,20.969416,19.685997,19.576797,20.259903,16.958002,16.235634,18.311277,14.448488,18.588264,17.916252,18.335146,14.889181,17.68358,11.546052,14.46547,14.251267,16.29966
17,22.195686,18.007063,18.040718,15.499943,12.13744,17.023535,12.731736,16.117645,14.486002,15.328752,19.857038,17.839485,21.035578,15.301042,11.716621,7.783344,5.430053,0.0,6.424912,6.1974864,10.481207,11.621748,14.966551,13.231435,11.120648,10.951375,6.463443,5.7650633,5.420315,7.1767845,11.904732,11.460701,17.535164,18.741425,21.686108,25.40255,25.848896,24.337337,20.450678,16.976889,17.980742,13.625495,14.794839,11.909702,10.821268,9.679315,10.798945,10.934392,14.215586,13.494897,14.614067,11.801144,16.545473,14.864824,18.52167,16.896017,13.362197,15.128797,18.411543,18.91925,17.88946,11.514791,16.566511,17.340784,20.347607,15.857898,14.234037,19.9439,17.567038,17.162214,21.222012,23.051304,23.470476,20.356985,23.207731,17.291443,20.60601,17.924442,15.7050905,18.07537,12.294986,15.275229,15.117929,11.866505,8.088137,9.126172,12.954768,8.024643,6.8782268,10.923312,11.850266,9.81,11.388744,15.747564,15.316403,15.519433,16.793768,14.34222,13.128313,16.818022,13.267828,17.984549,18.390484,18.908873,15.616637,17.511887,10.997512,14.470852,13.053812,16.480238
18,16.545967,12.49193,13.341402,10.587819,8.237047,14.136164,11.731529,16.819328,16.197058,18.379627,23.081726,22.30755,24.757114,19.468676,15.167431,12.429013,8.564602,6.424912,0.0,4.5523534,5.7831893,8.381945,10.498456,9.211558,8.842056,7.4761724,5.9678187,4.6536326,8.744113,7.416907,15.42898,12.957189,20.04825,20.734375,23.180965,27.17085,26.522362,24.754915,20.944918,17.47828,18.84028,13.975364,16.752235,14.059699,10.234721,11.638488,9.002782,10.625002,11.791205,12.275384,13.660093,12.812836,17.888826,17.502806,21.045677,18.953964,16.95183,19.460491,23.010075,24.144442,23.677599,17.027859,21.276382,21.752542,24.143742,19.055487,17.634243,22.527443,18.797554,18.824432,22.214771,24.92868,25.781841,23.411137,27.088007,21.654133,25.678392,23.454094,21.53379,24.334448,18.534323,21.693,21.280315,18.059166,14.366081,14.688166,17.83731,13.176742,10.209983,13.953988,15.025387,11.727291,11.912104,17.32432,16.475342,14.896108,17.785229,15.711645,16.429337,19.929384,17.84178,22.919664,23.258501,22.849766,19.654533,19.908932,13.624851,15.259714,12.675581,15.051311
19,18.226797,14.275739,15.600684,14.034816,11.548543,17.532324,15.387571,19.361103,18.951101,20.112106,25.063396,23.686089,26.925304,21.327639,17.362581,13.826415,10.679399,6.1974864,4.5523534,0.0,4.7482467,5.482599,8.833681,7.7401824,6.1881723,6.896899,5.384404,6.889597,10.079724,10.713936,17.535133,16.179914,22.922714,23.811043,26.584011,30.419598,30.227736,28.599064,24.678217,21.166105,22.422312,17.58109,19.652357,16.45369,13.292061,12.990051,11.003876,10.002879,12.024586,10.6396675,10.842232,9.545375,14.325808,13.517255,17.531609,16.116028,13.876965,16.950884,19.775091,21.768406,21.9366,15.820308,20.524918,21.82659,23.937244,18.330383,18.308119,23.252605,20.475456,20.88794,24.79285,27.022446,28.086166,25.496847,28.512457,22.747528,26.453836,23.540302,21.620869,23.62509,17.750341,20.283545,18.960144,15.912808,12.488781,12.073966,14.240117,10.344189,6.394825,9.68679,10.95972,7.811978,7.418012,12.803254,12.651691,11.619894,14.758755,13.500329,13.606213,18.1251,16.251528,21.376007,22.404886,22.211884,19.234406,19.184689,13.062599,15.310725,12.271472,15.899844
20,15.283071,11.799172,14.272404,12.993182,11.768785,17.904142,17.027449,21.788214,21.770592,23.602465,28.538176,27.65091,30.409235,24.94106,20.799282,17.686623,14.083154,10.481207,5.7831893,4.7482467,0.0,3.7971761,4.8352847,4.1582694,5.120058,5.043883,7.324397,8.762746,13.234651,12.875445,20.712862,18.692162,25.703457,26.515089,28.895826,32.93116,32.13829,30.291668,26.573572,23.147171,24.323744,19.303478,22.01675,18.84054,14.429507,15.193969,11.186339,10.643096,10.73352,10.081635,10.284516,11.004722,15.448965,15.8538,19.364594,17.642618,16.74855,20.097303,23.075409,25.38667,25.954723,19.738033,23.822462,24.987942,26.588896,20.675865,20.977188,25.231323,21.837029,22.650042,26.132109,28.777834,30.223547,28.153187,31.525301,26.07299,30.228148,27.504555,25.851192,28.116508,22.176586,24.97785,23.435442,20.610922,17.157974,16.372976,18.352238,14.949334,10.520541,13.093885,14.541858,11.228257,9.482204,14.843744,14.888026,12.644613,16.97916,16.288609,17.381,21.72828,20.571644,25.760872,26.768042,26.196833,23.29498,22.473312,16.69959,17.925043,14.325857,17.124104
21,15.820808,12.535924,15.015638,14.870309,13.430722,19.434755,19.053328,22.862055,23.344957,24.474379,29.654581,28.707619,32.146782,26.705505,22.51018,19.17939,15.877933,11.621748,8.381945,5.482599,3.7971761,0.0,4.165006,5.789768,6.019446,7.8725333,9.580499,11.581904,15.419342,15.592194,22.932152,21.116562,28.094599,28.63607,31.401926,35.155766,34.61178,33.04464,29.077726,25.627403,27.19814,22.291367,24.769522,21.573467,17.690973,17.810368,14.519661,12.899713,13.560699,11.667036,10.562134,11.057502,14.811777,14.645341,18.703117,17.824213,16.61177,20.300304,22.413155,25.403152,26.268637,20.587425,25.121693,26.73972,28.369085,22.322523,23.190542,27.65555,24.791317,25.598026,29.332722,31.742216,33.096825,30.744658,33.802048,28.100414,31.867159,28.809902,26.935705,28.620607,22.812754,24.859028,22.992025,20.02927,17.074787,16.166407,16.827194,13.954708,9.741717,11.251279,12.231628,8.910005,6.6934958,11.823333,11.6008005,9.194327,13.930912,13.998452,15.251249,19.870401,19.4075,24.525534,25.959496,25.241905,22.640627,21.157612,15.940153,17.082218,13.168902,16.573895
22,14.487472,11.967109,15.371784,15.379093,14.944277,20.809969,21.10838,25.54372,26.099077,27.753115,32.852657,32.137337,35.134167,29.71084,25.487762,22.365765,18.80124,14.966551,10.498456,8.833681,4.8352847,4.165006,0.0,4.571802,6.9618864,8.028306,11.608822,13.521461,17.969557,17.67503,25.539057,23.432741,30.50247,31.132563,33.542046,37.497368,36.53259,34.74552,31.011505,27.641743,28.985046,23.974642,26.799086,23.573233,18.950884,19.657759,15.216824,13.885455,13.140471,11.879219,10.869006,12.871226,16.19258,17.075468,20.471003,19.270403,19.134506,22.883793,25.231499,28.31686,29.456938,23.650642,27.654333,29.150864,30.358364,24.14671,25.258171,29.14104,25.898125,27.027351,30.43292,33.096577,34.776283,32.849777,36.129486,30.688185,34.829834,31.90565,30.291914,32.23051,26.32786,28.735102,26.701649,23.99907,20.884457,19.706465,20.610397,18.027382,13.455275,14.82998,16.10693,12.983686,10.23018,14.761858,15.022179,12.080558,17.278263,17.648548,19.300571,23.760668,23.516972,28.652132,30.016102,29.158415,26.547577,24.800814,19.719501,20.342197,16.287188,18.943882
23,17.584892,14.692322,17.741543,16.46472,15.660189,21.732656,20.688377,25.77016,25.403635,27.319984,32.120075,30.845062,33.331005,27.601067,23.88802,20.528704,17.153751,13.231435,9.211558,7.7401824,4.1582694,5.789768,4.571802,0.0,3.5171335,3.8463776,8.299657,10.731167,15.139568,15.420404,22.932146,21.555866,28.279598,29.659092,31.71865,36.033962,35.210567,33.05589,29.641956,26.23494,26.708982,21.544167,24.014381,20.423128,15.747878,16.012835,11.395841,9.5543585,8.647082,7.5011854,7.397175,9.678508,13.434097,14.989298,17.694113,15.7647085,16.147234,19.658321,22.67062,25.316294,26.529312,20.59262,23.992392,25.41757,26.284225,20.03904,21.424555,24.900244,21.776175,23.201534,26.66419,29.177542,31.152948,29.476473,32.60018,27.37025,31.794832,28.878334,27.712748,29.877546,23.90983,26.973011,24.710304,22.608833,19.131943,17.530142,19.560545,17.21567,12.003437,13.972741,16.13286,13.489847,10.560269,15.2129345,16.795498,14.824218,19.574316,19.536589,20.177437,25.041779,23.742702,28.838923,30.075827,29.783974,26.894238,26.226368,20.45795,21.926695,18.247822,21.17091
24,20.141472,16.849197,19.37545,17.87863,16.339497,22.484152,20.556871,25.266161,24.510088,25.995544,30.731783,28.936687,31.649261,25.712934,22.342245,18.593454,15.656786,11.120648,8.842056,6.1881723,5.120058,6.019446,6.9618864,3.5171335,0.0,3.6310225,6.156986,9.490103,13.153594,14.433884,21.146967,20.541191,26.968065,28.649975,30.870121,35.158417,34.770893,32.653236,29.189047,25.709522,25.962402,20.821081,22.732279,18.890095,14.944966,14.127001,10.676045,7.476098,8.292926,5.6529455,5.2233186,6.3239355,10.53509,11.711403,14.593064,12.762706,12.679418,16.23681,19.189674,21.852135,23.147259,17.418533,20.972237,22.695831,23.604578,17.291258,19.073717,22.792507,20.297415,21.704502,25.561472,27.688848,29.60901,27.683565,30.40981,25.010365,29.227997,26.044405,24.936039,26.825762,20.904932,23.888918,21.349365,19.530514,16.105377,14.191993,16.359291,14.416938,8.945579,10.939671,13.501681,11.3860445,8.442757,12.942111,15.26309,14.210869,18.433598,18.359087,18.147144,23.36899,21.565693,26.513971,27.889025,27.990196,25.090889,24.98249,19.063423,21.245827,17.84151,21.372814
25,19.304941,16.01287,18.458618,16.199242,14.984541,20.967953,18.816645,24.257961,23.19313,25.333393,29.826344,28.258528,30.309555,24.476067,21.105137,17.734055,14.518256,10.951375,7.4761724,6.896899,5.043883,7.8725333,8.028306,3.8463776,3.6310225,0.0,5.106372,7.496648,11.805468,12.348749,19.540455,18.58434,25.013378,26.835613,28.667603,33.164772,32.472885,30.128187,26.92027,23.520948,23.458593,18.263071,20.48625,16.757011,12.144871,12.240369,7.648085,6.162044,5.7627196,5.620111,7.333953,8.540811,13.062924,14.540025,16.901243,14.300289,14.438745,17.468924,21.190733,23.084148,23.93976,17.694979,20.775507,21.90429,22.853853,16.795427,17.725521,21.216848,17.969973,19.358181,22.875713,25.340433,27.324154,25.709616,28.851215,23.745749,28.33738,25.58986,24.632853,27.124435,21.15722,24.75984,22.746801,20.874706,17.098158,15.583822,18.74551,16.095823,10.97553,13.782222,16.248615,13.813463,11.565471,16.383951,18.114294,16.717806,20.839739,20.162418,20.213966,24.997824,22.877296,27.885965,28.837719,28.903593,25.801096,26.016073,19.80964,21.799814,18.59691,21.511425
26,21.585007,17.745647,19.151672,16.405247,14.150534,19.859451,16.318064,21.264277,19.566084,21.318491,25.619152,23.561197,25.769547,19.774065,16.705536,12.996077,10.265022,6.463443,5.9678187,5.384404,7.324397,9.580499,11.608822,8.299657,6.156986,5.106372,0.0,3.914846,7.0454664,8.809403,15.020674,14.831667,20.935274,22.992273,25.073679,29.459892,29.319988,27.117723,23.793812,20.331247,20.164185,15.102622,16.663061,12.812685,9.464542,8.334566,6.3558116,5.0542264,7.8809576,7.349538,9.289246,7.7878237,12.9138155,13.110731,15.810122,13.243474,11.764091,14.2129545,18.24629,19.37058,19.561234,13.026086,16.64376,17.682064,19.336033,13.652939,13.734537,18.184229,15.375859,16.204874,20.20762,22.308128,23.841257,21.687384,24.612581,19.17622,23.505672,20.694155,19.56189,22.0977,16.127844,19.898434,18.312183,16.378857,12.42706,11.323437,15.43414,12.284673,7.896905,11.605187,13.9869175,11.952782,11.038305,15.739108,17.182634,16.731747,19.708467,18.34298,17.510654,22.124357,19.121037,23.913803,24.664635,25.170061,21.952396,23.170767,16.707804,19.525146,17.049599,20.317757
27,20.752089,16.81994,17.567625,14.097025,11.754417,16.959215,12.849358,18.286785,16.29834,18.665575,22.74508,21.124575,22.83925,17.102623,13.725544,10.631064,7.417176,5.7650633,4.6536326,6.889597,8.762746,11.581904,13.521461,10.731167,9.490103,7.496648,3.914846,0.0,4.9704127,5.0257382,12.266586,11.212971,17.612068,19.469234,21.425377,25.857962,25.51428,23.29478,19.97446,16.527266,16.500778,11.40902,13.465481,10.088215,6.414171,7.010703,5.3520846,7.6380877,9.630483,10.69569,13.064208,11.642355,16.742754,16.66178,19.373621,16.660383,14.813559,16.631538,20.929369,21.251377,20.615376,13.743345,17.261276,17.45755,19.718294,14.880353,13.108595,17.884197,14.235073,14.369649,18.021059,20.51602,21.611612,19.400848,22.92902,17.642057,22.067223,19.895517,18.5362,21.710865,15.897282,19.962246,19.44018,17.049246,13.020088,13.006463,17.539743,13.398979,10.323765,14.40168,16.192759,13.775197,13.797099,18.75476,19.120592,18.371586,20.923788,18.808712,18.378868,22.145515,18.952158,23.68901,23.869587,24.211763,20.846786,22.392715,15.853136,18.383654,16.412333,18.946674
28,24.984636,20.92165,20.971127,17.37427,14.462087,18.730259,13.181652,17.623653,14.546203,16.364305,19.83862,17.318888,18.916557,12.840959,10.422253,6.8653507,5.4367857,5.420315,8.744113,10.079724,13.234651,15.419342,17.969557,15.139568,13.153594,11.805468,7.0454664,4.9704127,0.0,4.765397,8.010599,9.007614,14.211851,16.783829,18.827883,23.168247,23.598818,21.465988,18.30155,14.973491,14.305855,9.811178,10.297252,6.7353,6.5350904,4.6689825,7.960382,9.607886,12.830417,13.430216,15.764802,13.13522,17.802965,16.968294,19.373747,16.782118,13.96262,14.650082,19.09791,18.286514,16.802368,9.950866,13.514818,13.340868,16.368355,12.594613,9.490977,15.112472,12.356468,11.746755,15.836977,17.654942,18.2396,15.433299,18.565216,12.972725,17.156477,15.007372,13.63242,17.0606,11.455845,16.004738,16.129372,14.112681,10.180087,10.835487,16.263771,12.248993,10.816327,14.83564,16.472765,14.938167,15.841843,20.045221,20.530502,20.726086,22.203064,19.687914,18.205053,21.59547,17.364834,21.484907,21.360998,22.411882,19.01242,21.931967,15.532752,18.910353,17.909258,20.624832
29,21.93171,18.013111,17.640831,13.508033,10.928527,14.653041,9.142471,14.746451,11.972586,15.019543,18.552593,17.354338,18.402647,13.108497,9.498169,7.6395245,4.51162,7.1767845,7.416907,10.713936,12.875445,15.592194,17.67503,15.420404,14.433884,12.348749,8.809403,5.0257382,4.765397,0.0,8.5428295,6.2407765,12.911915,14.528195,16.44229,20.855064,20.5152,18.374699,14.99203,11.551973,11.758695,6.8844814,9.350666,7.2221947,5.181418,7.487842,8.160375,12.014713,13.840443,15.533828,18.04475,16.26309,21.270912,20.696444,23.420813,20.725634,18.28356,19.322176,23.690836,23.0386,21.379005,14.617116,17.930763,17.15435,20.230114,16.760273,12.916657,18.006659,13.954555,12.886686,15.981134,18.665327,18.887226,16.388395,20.488766,15.484083,19.658134,18.382008,16.7034,20.519188,15.286305,19.452969,20.299545,17.566488,13.812339,15.028228,19.836594,14.993512,13.653474,17.817791,18.989862,16.584902,17.643381,22.494106,21.903831,21.22096,22.91342,19.982832,19.664192,22.256416,18.691328,23.008717,22.426289,22.749117,19.310139,21.608356,15.338957,17.671253,16.748741,18.385935
30,30.037638,26.094645,25.049543,20.992264,18.117252,20.137945,13.330066,16.36537,11.603375,13.562059,14.922795,11.993573,11.571664,5.7485447,6.0980263,5.923118,8.029514,11.904732,15.42898,17.535133,20.712862,22.932152,25.539057,22.932146,21.146967,19.540455,15.020674,12.266586,8.010599,8.5428295,0.0,5.965544,6.788937,10.647074,12.158655,16.357645,17.636253,15.625282,13.188168,10.688746,8.802513,7.144594,4.5518208,4.818012,9.794639,9.156479,14.048049,16.901451,19.740572,21.032455,23.601992,20.740467,24.994684,23.748068,25.732965,23.197193,20.004467,19.293941,23.5731,20.998785,17.878912,12.541851,14.545319,12.463707,16.639639,15.96608,9.997263,15.143929,12.858715,10.228677,13.105372,14.33334,13.097348,9.395757,13.026555,8.215578,11.625661,11.551293,10.11393,14.752912,11.294776,15.842094,18.174067,16.488989,13.733973,15.751934,21.159859,17.110332,17.75378,21.465559,22.466667,21.30417,23.11237,26.916527,26.667,27.1531,27.537745,24.253414,22.555458,24.324203,19.447994,22.246384,20.937231,22.463476,19.247662,23.711565,18.302608,21.524858,22.014702,23.718016
31,25.323044,21.58554,20.060549,15.844665,13.263902,14.453713,7.641885,11.780562,7.478492,11.230491,13.432437,12.81288,12.749775,8.574563,5.080879,6.667641,6.22295,11.460701,12.957189,16.179914,18.692162,21.116562,23.432741,21.555866,20.541191,18.58434,14.831667,11.212971,9.007614,6.2407765,5.965544,0.0,7.287865,8.308175,10.432175,14.651085,14.69238,12.902462,9.33351,6.0130935,6.965422,4.555732,6.269923,7.5282936,9.20275,11.348287,13.765171,17.811184,19.770483,21.581488,24.087223,21.876308,26.705423,25.589033,28.304768,25.771759,22.736723,22.994951,27.165117,25.530384,22.806787,16.836061,19.739416,18.028212,21.883812,20.106186,14.679859,19.682728,15.957129,13.585761,15.665485,18.086758,16.911488,13.944569,18.370096,14.109138,17.293768,17.32171,15.2711525,19.531874,15.619823,19.400148,21.82381,18.950222,15.965523,18.272482,22.996134,17.899044,18.271889,22.256865,22.822897,20.695082,22.641573,27.153727,25.774248,25.369242,26.009525,22.40217,22.00159,23.147783,19.255564,22.644257,21.113783,21.531975,18.252615,21.581747,16.25434,18.322206,18.809263,19.483765
32,32.297874,28.691769,26.866772,22.648268,20.262182,20.256325,13.6868,15.585541,10.445758,13.132577,12.280841,11.020493,7.4146237,5.7723975,7.427225,10.664893,12.538854,17.535164,20.04825,22.922714,25.703457,28.094599,30.50247,28.279598,26.968065,25.013378,20.935274,17.612068,14.211851,12.911915,6.788937,7.287865,0.0,5.490541,5.6202216,9.833617,11.361948,9.597604,8.10253,7.2919836,5.166997,8.097796,5.8036594,9.79693,14.110945,15.207578,19.14844,23.019424,25.212805,27.143866,29.8723,27.275465,31.688896,30.4207,32.52105,29.934975,26.781883,25.978523,30.118813,27.20074,23.61436,19.03552,20.471539,17.70585,21.81761,22.2143,15.755545,19.73211,17.053833,13.765073,14.523155,15.896317,13.164428,10.008409,14.164942,11.862037,13.649767,15.574292,14.141716,18.683363,16.80187,20.442608,23.844898,21.857815,19.654432,22.18381,27.177298,22.717154,23.900026,27.647642,28.211819,26.7336,28.911425,32.924587,31.814602,31.954258,31.971773,28.209604,27.126999,27.632204,23.149464,25.281626,23.109098,24.246403,21.365585,25.936924,21.505756,23.810158,25.097494,25.571728
33,30.767872,27.386942,24.84953,21.082634,18.81801,17.339745,11.571114,11.618159,7.029335,9.957974,8.447235,9.821466,7.2027464,8.189412,7.5937243,11.984123,13.366328,18.741425,20.734375,23.811043,26.515089,28.63607,31.132563,29.659092,28.649975,26.835613,22.992273,19.469234,16.783829,14.528195,10.647074,8.308175,5.490541,0.0,4.5221562,6.670524,8.093418,8.123735,4.9707747,5.1178455,7.6719446,10.616992,10.354923,13.9443035,17.038967,18.875355,21.926683,25.964886,28.006758,29.814701,32.231365,29.717112,34.36919,32.749897,35.518616,33.242916,29.724636,29.397608,33.12432,30.718138,27.105139,22.44858,24.870113,22.523062,26.812962,26.601854,20.464397,24.91243,21.885132,18.76663,19.505423,21.24902,18.504278,15.477372,19.395739,16.84493,17.919544,19.609497,17.328123,21.316528,19.515993,22.140434,26.075073,23.194214,21.322315,24.389727,28.589582,23.547535,25.31566,28.978647,28.91367,27.073196,29.731909,33.85008,31.651875,31.482548,31.048904,26.960857,26.60223,26.018366,22.280148,24.195353,21.583757,21.963495,19.378538,23.454176,19.966854,21.36525,23.283752,22.855719
34,33.003166,29.81442,27.472982,23.309328,21.532896,19.940928,14.393346,15.556735,11.198408,14.479793,12.484725,13.491601,8.891022,10.538943,11.147204,15.151263,16.339499,21.686108,23.180965,26.584011,28.895826,31.401926,33.542046,31.71865,30.870121,28.667603,25.073679,21.425377,18.827883,16.44229,12.158655,10.432175,5.6202216,4.5221562,0.0,5.2303357,5.8258996,4.515437,4.543696,6.4768867,6.1626363,10.855942,10.226339,14.510789,17.715942,19.940947,22.894335,27.423267,29.05426,31.424948,34.218517,31.952759,36.592476,35.399708,37.728752,35.07567,32.019268,31.448267,35.577885,32.79128,29.170488,24.560263,26.052036,23.173225,27.126127,27.539186,21.039207,24.57481,21.342127,18.052004,17.693865,19.470985,16.424833,14.256048,18.461359,17.207748,18.527704,20.94017,19.41073,23.731161,22.146648,25.332441,29.063807,26.666744,24.56233,27.291357,31.989733,27.124578,28.364195,32.189972,32.483334,30.608341,32.91535,37.20944,35.42265,35.108425,35.065502,31.062586,30.690321,30.4213,26.555277,28.516787,25.934849,26.460644,23.858364,27.913994,24.186255,25.546516,27.183315,26.61035
35,35.885326,32.852966,30.012909,26.32377,24.553993,21.96317,17.240074,16.370623,12.87155,15.030454,11.432773,13.728773,8.972123,13.186956,14.090363,18.479723,20.023705,25.40255,27.17085,30.419598,32.93116,35.155766,37.497368,36.033962,35.158417,33.164772,29.459892,25.857962,23.168247,20.855064,16.357645,14.651085,9.833617,6.670524,5.2303357,0.0,4.563207,6.776212,7.364916,10.122208,11.377848,15.864674,15.175562,19.37164,22.697306,24.724512,27.804941,32.150135,33.9576,36.09687,38.685925,36.224014,40.828533,39.25172,41.82711,39.450863,36.012222,35.36339,39.097363,36.211132,32.28543,28.250868,29.968788,27.15181,31.314487,32.037132,25.566563,29.204546,26.366106,23.01198,22.597649,24.000692,20.55975,18.294834,21.756962,20.905495,21.057684,23.811007,21.966965,25.760826,25.045366,27.368128,31.721586,29.129091,27.591034,30.71073,34.90056,30.001604,31.956291,35.58065,35.4423,33.662106,36.391,40.46765,38.103992,37.897736,37.242287,33.048264,32.790184,31.59087,28.051403,29.261824,26.24798,26.59451,24.508669,28.61849,25.981314,26.929482,29.22572,28.172268
36,33.670425,30.976986,28.137188,24.322397,23.164013,20.055363,16.114477,16.248774,13.361513,16.66334,14.1394205,17.00488,12.8506155,15.758679,15.522045,19.770222,20.429626,25.848896,26.522362,30.227736,32.13829,34.61178,36.53259,35.210567,34.770893,32.472885,29.319988,25.51428,23.598818,20.5152,17.636253,14.69238,11.361948,8.093418,5.8258996,4.563207,0.0,3.9540646,5.5893855,9.088201,10.786354,15.19095,15.621589,19.774544,22.073843,25.004784,27.12884,32.015034,33.229706,35.819344,38.548122,36.552227,41.37674,40.169403,42.810143,40.191868,37.130615,36.846073,40.8817,38.341866,34.727917,30.015478,31.801676,28.981802,32.899826,33.095367,26.670448,30.135328,26.513174,23.334755,22.512648,24.58255,21.541182,19.849546,24.001436,23.02917,24.093578,26.59429,24.826296,28.915693,27.41462,30.151703,34.11501,31.274248,29.282537,32.200645,36.51042,31.301146,32.643745,36.46466,36.443226,34.224953,36.674465,41.15426,38.6642,37.93106,37.775272,33.617325,33.950237,32.93167,29.789412,31.59884,28.744701,28.61426,26.358536,29.706202,26.798626,27.194418,29.133738,27.55572
