,0,1,2,3,4,5,6,7,8,9,10,11,12,13,14,15,16,17,18,19,20,21,22,23,24,25,26,27,28,29,30,31,32,33,34,35,36,37,38,39,40,41,42,43,44,45,46,47,48,49,50,51,52,53,54,55,56,57,58,59,60,61,62,63,64,65,66,67,68,69,70,71,72,73,74,75,76,77,78,79,80,81,82,83,84,85,86,87,88,89,90,91,92,93,94,95,96,97,98,99,100,101,102,103,104,105,106,107,108,109,110
0,0.0,4.4208274,6.861291,10.240743,12.877637,14.630848,18.64766,19.538368,23.260666,24.304657,27.615765,29.157145,32.26058,34.098335,38.475803,37.67031,42.05024,41.66104,47.881,47.490566,51.319313,53.66545,57.71367,52.503372,50.222866,48.999313,43.811195,45.029484,40.836422,44.018707,36.351227,41.589134,38.10267,37.667553,33.276573,31.558483,32.021748,36.677155,37.273346,35.42778,37.817207,42.46499,40.59807,40.477592,43.800392,47.158787,45.203888,45.930912,50.42539,50.582756,50.53009,52.436848,55.72029,54.793167,53.218723,52.42952,47.601418,48.67799,53.020214,50.114426,45.04892,48.29483,46.17726,48.672203,45.180702,41.19959,40.787205,36.917835,36.403835,38.504646,34.301826,30.893353,31.904106,28.808874,29.887262,26.803034,25.260815,27.469372,23.239033,27.833826,25.411383,26.587837,29.185734,32.95116,33.736355,40.360947,38.145668,44.20499,44.903625,47.95743,50.42551,51.549274,53.9693,54.13175,54.164154,51.588703,49.18538,46.30287,44.540955,40.224888,36.832012,34.39481,31.612183,29.38289,26.974728,29.475761,26.195469,30.553938,30.784248,32.84986,35.246826
1,4.4208274,0.0,5.017832,6.6143193,9.763476,10.546814,15.171023,16.04056,19.376408,20.833904,23.860258,25.706497,28.586271,30.27591,34.5106,33.515728,37.88354,37.352844,43.631195,43.11911,46.949783,49.27515,53.338844,48.12155,45.819183,44.630997,39.434525,40.730404,36.58398,39.886272,32.36922,37.85843,34.58767,34.320145,29.824106,27.77153,28.557076,33.27297,33.500626,31.623287,34.373383,38.721542,36.677963,36.805046,40.267265,43.266148,41.266407,42.334732,46.790237,47.100273,46.82677,48.541428,51.85711,50.972446,49.200333,48.279957,43.51978,44.48903,48.933773,46.22967,41.06173,44.308025,42.22667,44.88569,41.455757,37.384792,37.06846,33.276627,32.43177,34.46559,30.501995,27.11057,27.742132,24.725105,25.565578,22.578403,20.899693,23.051258,18.875963,23.528053,21.29423,22.765097,25.092852,28.778328,29.415028,36.060413,33.747467,39.812008,40.492176,43.537373,46.02934,47.14582,49.589962,49.743435,49.756466,47.193665,44.81171,41.96539,40.239506,35.880962,32.64342,30.076027,27.459675,25.365417,22.849102,25.22092,21.918993,26.157068,26.494982,28.54477,31.07275
2,6.861291,5.017832,0.0,5.379834,6.532699,9.163084,12.127225,13.298621,17.174364,18.179092,21.796947,23.406565,26.62262,28.210098,33.292885,32.187214,36.652363,36.48849,42.544067,42.558533,46.19682,48.776424,52.57363,47.466137,45.454952,43.954506,38.788494,39.550255,35.236794,38.07545,30.250174,35.251614,31.711418,30.97538,26.58244,25.122059,25.348505,29.932272,30.794836,29.073006,31.175398,35.947254,34.355415,34.147842,37.231037,40.85758,39.207573,39.674946,44.062817,44.012478,43.988327,46.259594,49.324387,48.312588,46.994656,46.468025,41.519543,42.913437,47.079605,43.833565,39.013203,42.565563,40.722816,43.075096,39.236214,35.380306,35.50183,31.612736,30.962713,33.689037,29.654762,25.859613,26.984726,24.771515,25.550028,23.37314,21.614296,23.140333,19.476603,23.603817,21.263386,22.378534,24.50236,28.366627,29.134558,35.771034,33.715206,39.616997,40.70075,43.633587,46.583862,47.521168,50.268696,50.303833,49.96572,47.48223,44.927765,42.67789,40.35398,36.47626,33.02461,30.61601,28.004011,25.863373,23.993431,26.229942,23.555569,26.912733,27.846758,29.334879,32.42218
3,10.240743,6.6143193,5.379834,0.0,3.8747234,5.727138,9.154918,11.790508,14.428618,16.75441,19.785637,22.167051,24.866959,25.920357,30.866823,29.036173,33.50106,32.801193,39.079166,38.594162,42.10472,44.679325,48.414295,43.029453,40.923885,39.43121,34.345215,35.344143,31.028357,34.089695,26.275621,31.491795,28.094929,28.067448,23.779121,21.960564,23.020163,27.391352,27.760435,26.306444,29.047216,33.026333,31.35156,31.881128,35.00208,37.90043,36.474907,37.669323,41.851204,41.91464,41.26044,43.4948,46.31781,45.176727,43.45071,42.562016,37.70883,38.6833,42.896473,40.02022,34.878807,38.06965,36.003387,38.496456,34.972935,30.968353,30.734505,26.890892,26.222326,28.608858,24.529821,20.895884,21.988071,19.46802,20.550016,18.202143,16.746325,18.771975,15.789917,20.185053,18.638771,20.585487,21.85948,25.416487,25.565239,32.27023,29.653759,35.579712,36.42552,39.21388,42.110573,42.861656,45.640934,45.94854,45.69397,43.307415,40.980473,38.67787,36.78873,32.573265,29.888752,26.944382,25.02917,23.362911,21.017344,22.742357,19.364786,22.548468,23.112677,24.31725,27.36821
4,12.877637,9.763476,6.532699,3.8747234,0.0,5.38711,6.052181,9.474272,12.305633,14.379601,17.800312,20.053198,22.92654,23.804163,29.42219,27.456537,31.964964,31.563858,37.61275,37.56542,40.89576,43.665806,47.167736,41.912403,40.065975,38.324955,33.294666,33.826393,29.400043,32.054554,24.023527,28.85274,25.269588,24.848143,20.60828,19.26321,19.905167,24.162819,25.011967,23.709738,25.962618,30.22272,28.913227,29.221478,32.03329,35.37755,34.253292,35.017227,39.117374,38.91218,38.41012,41.07031,43.686386,42.451237,41.070045,40.496758,35.505226,36.83544,40.824867,37.524605,32.67745,36.15476,34.334312,36.59505,32.713,28.888107,29.121056,25.23692,24.631737,27.647034,23.65064,19.672148,21.088964,19.474842,20.350716,18.90684,17.37514,18.668108,16.30185,20.025286,18.488548,20.131966,21.100012,24.710505,24.940634,31.538116,29.17336,34.886856,36.074898,38.74786,42.012028,42.619877,45.632027,45.818714,45.267494,42.960888,40.502678,38.727283,36.35009,32.594425,29.779829,27.013453,25.163189,23.524574,21.782402,23.327602,20.65045,22.932722,24.058863,24.759705,28.262457
5,14.630848,10.546814,9.163084,5.727138,5.38711,0.0,6.0781865,6.95737,9.054092,11.60694,14.21705,16.79448,19.271957,20.35004,25.141768,23.465132,27.92543,27.44836,33.635574,33.429344,37.066982,39.62585,43.449066,38.3623,36.33916,34.893402,29.683838,30.559113,26.339314,29.466654,22.0413,27.776949,24.902393,24.555374,19.85445,17.348454,18.530323,23.280432,23.056135,21.215822,24.345884,28.286554,26.197254,26.652637,30.113379,32.788773,31.016445,32.37034,36.646866,37.00362,36.423042,38.18275,41.353962,40.471104,38.66188,37.833485,33.034767,34.22102,38.66925,35.912,30.855951,34.508514,32.845016,35.626053,31.896341,27.827053,28.380514,24.773603,23.066273,25.758364,22.574059,18.806301,18.687954,17.168987,16.958048,15.625205,13.350348,14.152485,11.083017,14.918186,13.264991,15.18851,16.222263,19.836794,20.193665,26.863314,24.63322,30.49828,31.63489,34.530846,37.622417,38.531857,41.37384,41.33192,40.88181,38.4408,35.9014,33.880947,31.515959,27.687046,24.62827,21.951178,19.882975,18.219088,16.406858,18.066362,15.861209,18.235847,19.79635,21.019102,24.606884
6,18.64766,15.171023,12.127225,9.154918,6.052181,6.0781865,0.0,6.0417857,7.2157645,9.925647,13.001883,15.593439,18.121435,18.45021,24.556053,22.155727,26.645332,26.405804,32.219486,32.515903,35.649323,38.57873,41.860626,36.792854,35.21074,33.271744,28.309954,28.404032,23.946175,26.311523,18.303371,23.179527,19.832197,19.159369,14.701128,13.225412,13.980173,18.254894,18.961466,17.75871,20.083633,24.171328,22.955969,23.400171,26.107426,29.375826,28.482523,29.288603,33.242973,33.01248,32.3707,35.143593,37.64242,36.40836,35.10004,34.68819,29.644472,31.245733,35.178318,31.726885,27.060038,30.929277,29.500418,31.785892,27.591087,23.835636,24.880285,21.18571,19.94295,23.592281,20.310404,16.087055,17.012817,16.894848,16.92581,16.990114,15.24587,15.26795,14.198882,16.681805,15.679892,17.282192,17.240074,20.58794,20.665915,26.98416,24.851933,30.217196,31.770203,34.283577,37.94122,38.409023,41.65583,41.663486,40.773914,38.580387,36.017685,34.897858,32.044724,28.856476,26.17838,23.552467,22.130432,20.85087,19.842121,20.822443,19.213017,19.969542,21.922468,21.9685,26.052008
7,19.538368,16.04056,13.298621,11.790508,9.474272,6.95737,6.0417857,0.0,4.831312,5.0126476,8.708806,10.591687,13.651096,14.99679,20.723389,19.63996,24.073448,24.632252,30.154211,31.107521,34.65697,37.39642,41.007988,36.589603,35.042,33.374954,28.215023,28.222317,24.08804,26.521914,19.46655,24.88267,22.309916,20.652784,15.588328,13.269089,13.171095,18.40447,18.514402,16.19817,18.575577,23.477882,21.487635,20.952137,24.384441,27.938072,26.025778,26.438547,30.88819,31.139536,31.272032,33.097134,36.522636,35.872402,34.685093,34.54569,29.6377,31.717339,36.006985,32.66618,28.355759,32.90115,32.039467,34.645756,30.248308,26.553045,28.47217,25.146603,22.770813,26.463514,24.221823,20.188215,19.53584,19.99508,18.538488,19.066069,16.350061,14.963777,12.652986,14.215177,12.00422,12.469523,13.410586,17.225153,18.391054,24.535465,23.479534,28.788893,30.719189,33.581303,37.21705,38.18436,41.2597,40.63623,39.639297,37.231525,34.26159,33.1929,29.601105,27.031448,23.074755,21.389517,18.899633,17.042404,17.032423,18.59934,18.753809,19.396688,22.391422,23.160433,27.37985
8,23.260666,19.376408,17.174364,14.428618,12.305633,9.054092,7.2157645,4.831312,0.0,4.738545,6.057019,9.303683,11.194277,11.592944,17.362898,15.382069,19.880142,20.105368,25.76112,26.515322,29.953669,32.75483,36.288757,31.784021,30.275146,28.556019,23.420776,23.408255,19.270681,21.845007,15.007721,20.882307,18.831385,17.622507,12.530758,9.243528,10.293341,15.389616,14.550486,12.281885,15.655853,19.627884,17.351381,17.603107,21.197756,23.919764,22.140388,23.357622,27.594797,28.054365,27.585333,29.236143,32.548027,31.874268,30.311241,29.927423,25.076687,26.981407,31.399824,28.370295,23.876917,28.42595,27.673494,30.481485,26.213888,22.44702,24.639986,21.617342,18.61006,22.304636,20.744986,16.938,15.488358,16.824842,14.704998,16.247889,13.58815,11.323598,10.642111,11.083845,10.1076975,11.282312,10.500663,13.786877,14.363233,20.42616,19.139965,24.30243,26.29053,29.010998,32.808056,33.627888,36.820896,36.247116,35.142353,32.832615,29.939585,29.164696,25.600536,23.12503,19.79173,17.840107,16.181978,15.020402,15.187969,15.921714,16.508276,15.891841,19.247805,19.489653,23.944021
9,24.304657,20.833904,18.179092,16.75441,14.379601,11.60694,9.925647,5.0126476,4.738545,0.0,4.4316773,5.7684917,8.938334,10.42951,16.525429,15.929208,20.181192,21.445631,26.397758,28.078722,31.575788,34.331924,37.838924,33.981224,32.731823,31.045483,26.013943,25.53249,21.698162,23.736393,17.609339,22.916492,21.054075,18.698576,13.559649,10.934547,10.115936,15.576277,15.25042,12.36477,14.59968,19.80449,17.54323,16.385527,20.084885,23.805174,21.563131,21.63967,26.225267,26.678963,27.181395,28.63128,32.40409,32.059254,31.087748,31.290934,26.497099,29.064657,33.339783,29.936546,26.148884,31.20732,30.95175,33.585964,28.980637,25.568779,28.390488,25.513391,22.416374,26.410236,25.16686,21.33229,19.848106,21.519217,19.092287,20.770292,17.876007,15.119994,13.672336,13.325613,11.247573,10.697466,11.00748,14.5175705,16.18301,21.604504,21.459604,26.190805,28.607204,31.414667,35.305195,36.353806,39.49353,38.44843,37.11876,34.75274,31.53956,31.12353,26.78666,25.174301,20.801098,19.88763,17.371275,15.676342,16.936516,18.157057,19.919426,19.294857,23.124296,23.641653,28.088291
10,27.615765,23.860258,21.796947,19.785637,17.800312,14.21705,13.001883,8.708806,6.057019,4.4316773,0.0,3.8419576,5.187777,6.52064,12.177707,11.672383,15.873696,17.284966,22.155561,23.931831,27.551556,30.195728,33.825417,30.236229,29.008608,27.49437,22.487854,22.039265,18.558012,20.770748,15.788195,21.51382,20.556717,18.451258,13.504437,9.89227,9.866933,14.997194,13.273866,9.841026,13.197859,17.501402,14.414916,13.549984,17.901724,20.659615,17.845728,18.711098,23.332438,24.359566,24.605322,25.19372,29.382462,29.3466,27.98816,28.01171,23.478695,25.985245,30.525642,27.640535,23.888233,29.047874,29.081934,32.011044,27.631926,24.253538,27.432354,25.019363,21.137098,24.84754,24.552588,21.167686,18.573563,20.872541,17.559214,19.967068,16.965662,13.218639,12.628251,10.669929,9.267431,8.56582,7.513836,10.5102415,12.358157,17.339634,17.67392,22.111408,24.70771,27.542141,31.455654,32.63341,35.718647,34.433506,33.010628,30.631166,27.320818,27.141758,22.524849,21.35657,16.924385,16.4003,14.14259,12.894381,14.887257,15.577675,18.494392,16.85494,21.218752,21.661686,26.115074
11,29.157145,25.706497,23.406565,22.167051,20.053198,16.79448,15.593439,10.591687,9.303683,5.7684917,3.8419576,0.0,3.9490757,6.768983,12.040508,13.047842,16.68867,18.98841,23.022943,25.574175,29.150312,31.704039,35.24911,32.26311,31.272137,29.80997,25.009224,24.19769,21.070667,22.781805,18.495846,23.62033,22.823496,19.980663,15.250226,12.367441,11.082214,16.00544,14.729231,11.080298,13.157896,18.238945,15.279857,13.089,17.430765,20.941065,17.728628,17.47492,22.357315,23.433496,24.560879,24.86757,29.442526,29.723293,28.880075,29.394695,25.024088,28.005423,32.348225,29.229221,26.108185,31.554787,31.95296,34.720478,30.149473,27.073391,30.634762,28.322578,24.461828,28.337982,28.200117,24.781044,22.280144,24.712723,21.335226,23.742872,20.654076,16.828312,15.779289,13.5845,11.573624,9.541991,9.5425825,12.246794,14.825848,18.91618,20.186663,24.09372,26.970861,29.802578,33.725998,35.06244,38.067505,36.41522,34.81948,32.436954,28.921791,29.068556,23.904657,23.52389,18.418344,18.78655,15.997196,14.423518,17.154295,18.153372,21.702255,20.145815,24.675802,25.276766,29.672287
12,32.26058,28.586271,26.62262,24.866959,22.92654,19.271957,18.121435,13.651096,11.194277,8.938334,5.187777,3.9490757,0.0,3.7275481,8.159966,9.557923,12.883804,15.512765,19.213232,21.990185,25.579739,28.036398,31.609476,28.94864,28.057053,26.733189,22.101562,21.21499,18.555967,20.249302,17.261023,22.444605,22.447922,19.888052,15.569338,12.235703,11.626609,15.828702,13.413724,9.557919,12.410744,16.328224,12.681353,10.749008,15.617359,18.076277,14.301283,14.8593235,19.702173,21.336987,22.177633,21.646425,26.57804,27.14587,25.980362,26.372347,22.3202,25.260447,29.736143,27.093569,24.134405,29.594957,30.283964,33.224354,28.89716,25.955858,29.792849,27.922213,23.54462,27.143375,27.802952,24.81083,21.584545,24.533827,20.608807,23.594797,20.595001,16.190992,16.058195,12.689246,11.600894,9.707125,8.257941,9.737965,12.363716,15.503662,17.389853,20.731592,23.814322,26.570253,30.531652,31.926823,34.891827,33.02273,31.288305,28.94884,25.362267,25.894249,20.423458,20.679155,15.717908,16.56307,14.29236,13.354963,16.619217,17.000324,21.346142,18.882103,23.692202,24.099068,28.414509
13,34.098335,30.27591,28.210098,25.920357,23.804163,20.35004,18.45021,14.99679,11.592944,10.42951,6.52064,6.768983,3.7275481,0.0,7.529508,6.930584,10.41928,12.9367075,16.585938,19.429495,22.682344,25.3836,28.663822,25.8741,25.190302,23.619802,19.159594,17.870485,15.206163,16.593481,14.064067,19.027895,19.463882,17.118563,13.233635,9.854608,9.7588625,13.181515,10.061378,6.250335,9.869076,12.834381,9.010104,7.843443,12.782063,14.685743,11.376219,12.670109,17.203571,18.764067,18.95731,18.769728,23.33707,23.716574,22.401901,22.765533,18.617563,21.647308,26.036858,23.382477,20.499363,26.021376,26.89999,29.772327,25.473804,22.707655,26.82482,25.253033,20.737938,24.437393,25.534557,22.787598,19.483393,23.103878,19.141739,22.761414,20.139898,15.585175,16.759611,13.071535,13.133695,12.188334,9.388188,9.868985,11.450557,14.063497,15.699639,18.575846,21.819613,24.251734,28.513863,29.578262,32.767803,31.05727,29.1124,26.97548,23.517565,24.5969,19.173578,19.651712,15.76373,16.190237,15.079195,14.885981,17.808195,17.483171,21.555622,18.25374,22.99521,22.742464,27.13868
14,38.475803,34.5106,33.292885,30.866823,29.42219,25.141768,24.556053,20.723389,17.362898,16.525429,12.177707,12.040508,8.159966,7.529508,0.0,5.8462677,6.52105,9.940512,12.396337,15.478088,19.29694,21.188938,25.075163,23.373253,22.569178,21.916475,17.900375,17.293203,16.2752,18.112146,18.486534,23.50619,25.038647,23.399757,20.108139,16.401487,17.099098,19.735455,15.600209,12.429391,16.07438,16.831816,12.109161,11.66268,16.576475,15.742728,10.512164,13.762893,17.767347,20.787067,20.824488,17.715109,23.490953,24.845581,22.70131,22.509174,19.693409,22.042768,26.807034,25.721542,23.124382,28.128128,29.293888,32.633945,29.176647,26.549536,30.515606,29.575375,24.394648,26.914204,29.127123,27.17181,22.620483,26.031164,21.273073,24.887579,22.192537,17.259054,18.454027,13.547857,14.205594,12.898822,9.880695,7.689079,9.853745,9.182271,13.098946,14.613922,18.001715,20.640745,24.34805,26.092848,28.716951,26.22104,24.309553,21.989384,18.214052,19.476364,13.311159,15.411089,10.990944,13.369154,12.518717,13.152283,16.999569,16.165089,21.859972,18.007935,22.953938,23.227633,26.952246
15,37.67031,33.515728,32.187214,29.036173,27.456537,23.465132,22.155727,19.63996,15.382069,15.929208,11.672383,13.047842,9.557923,6.930584,5.8462677,0.0,4.510444,6.030748,10.5547,12.580479,16.132927,18.69209,22.328465,19.430977,18.558474,17.353352,12.965209,12.199744,10.541078,12.771536,13.018411,18.288877,20.01444,19.20179,16.29802,12.412944,14.275819,16.247387,11.438149,9.025542,13.824758,13.168453,8.328764,10.310586,14.783538,13.034237,9.337786,14.013323,17.38885,19.809074,18.420176,16.648918,21.26036,21.868248,19.12515,18.37508,14.996784,16.990652,21.983297,20.922804,17.652496,22.529825,23.504826,26.909021,23.566355,20.825045,24.72618,23.960613,18.699623,21.23294,23.695616,22.009584,17.42526,21.427843,16.802408,21.056622,18.904675,14.050515,16.879116,12.188103,14.174359,14.363381,10.059865,7.784391,7.5275,7.8358374,9.769878,11.702079,15.093589,17.40638,21.70276,22.783781,25.936068,24.175589,22.195576,20.09871,16.726816,18.193237,12.917509,13.868782,11.722637,12.07918,12.998435,14.312283,16.941498,15.3254595,19.826006,15.135662,19.796885,19.123747,23.08658
16,42.05024,37.88354,36.652363,33.50106,31.964964,27.92543,26.645332,24.073448,19.880142,20.181192,15.873696,16.68867,12.883804,10.41928,6.52105,4.510444,0.0,4.6464915,6.3913026,9.711261,13.041634,15.3234415,18.879059,17.083673,16.66006,15.817834,12.446282,11.30223,11.406327,12.834031,15.69565,19.9316,22.500862,21.772562,19.63261,16.233526,17.84794,18.923717,13.972094,12.17532,16.095062,14.075185,9.435391,11.419728,15.283111,11.763255,7.3997374,13.230817,15.772588,18.890676,17.320545,13.868684,18.961508,20.182972,17.142757,16.355165,14.104272,16.0,20.785141,20.565617,18.190317,22.77054,24.31129,27.657288,24.778467,22.596903,26.720076,26.562983,21.199041,23.232695,26.503004,25.337622,20.536106,24.7493,20.035484,24.443039,22.52056,17.725561,20.736532,15.7953825,17.91466,17.824734,13.725996,10.654528,10.3082285,7.1039987,10.614662,10.039161,13.842702,15.683272,19.926401,21.081831,24.056923,21.773611,19.400484,17.515627,14.03103,16.690727,10.895127,13.779651,12.501107,13.829943,15.324026,17.036884,19.946848,18.034925,22.971992,17.912954,22.370821,21.550606,25.046347
17,41.66104,37.352844,36.48849,32.801193,31.563858,27.44836,26.405804,24.632252,20.105368,21.445631,17.284966,18.98841,15.512765,12.9367075,9.940512,6.030748,4.6464915,0.0,6.6487384,6.6563087,10.512509,12.924863,16.891924,13.823131,12.77429,12.051729,8.146593,8.204878,8.581865,11.25328,14.407908,19.055143,21.728662,22.097902,20.136597,16.463245,19.093336,20.033073,14.828168,13.675235,18.3342,15.502742,11.203408,14.606605,18.093298,13.842759,10.975584,17.171606,19.232601,22.000229,19.394247,16.568941,20.60316,21.312561,17.354647,15.391257,13.298932,13.796502,19.088444,19.776047,16.47098,20.256857,21.335587,25.059633,22.828358,20.381145,23.87362,23.9623,18.461037,19.651857,23.353476,22.765339,17.53505,21.643211,16.927391,21.4421,19.98864,15.543192,19.452473,14.767609,17.812803,18.703863,14.181651,10.814545,8.797627,5.3126144,6.8888917,6.0754104,9.724326,11.580834,16.029488,16.971884,20.151224,18.404177,16.293245,14.369866,11.270447,13.55096,9.011377,10.680645,11.614221,11.6614065,14.602279,16.937506,18.918964,16.364332,20.578867,15.033345,18.992922,17.761084,20.973555
18,47.881,43.631195,42.544067,39.079166,37.61275,33.635574,32.219486,30.154211,25.76112,26.397758,22.155561,23.022943,19.213232,16.585938,12.396337,10.5547,6.3913026,6.6487384,0.0,5.90683,7.7288575,9.693149,12.81618,12.472022,12.879111,12.524572,11.330112,9.866885,12.435356,12.834362,18.639116,21.47696,25.026514,24.972113,23.929398,21.053045,22.90931,22.808733,17.813896,17.1125,20.398232,16.439798,12.891144,15.599243,18.043583,12.171345,9.391399,15.753926,16.41011,19.823883,17.245554,12.308197,16.693201,18.341549,14.438356,12.968803,12.850857,13.75992,17.992567,19.43431,18.08196,21.625082,23.735348,26.941483,25.050678,23.644629,27.70069,28.452911,23.170792,24.308306,28.623922,28.332893,23.4214,27.880762,23.342346,27.962648,26.626307,22.184248,25.88446,21.005936,23.64553,23.843058,19.661978,16.166355,15.01007,9.711522,12.819422,8.869729,12.414431,12.863649,16.951843,17.718426,20.539953,17.962288,14.971338,13.818928,10.895987,15.445196,10.618574,14.984221,16.04996,17.368715,19.984724,22.22353,24.796663,22.362793,27.013475,21.480703,25.26028,23.887909,26.663687
19,47.490566,43.11911,42.558533,38.594162,37.56542,33.429344,32.515903,31.107521,26.515322,28.078722,23.931831,25.574175,21.990185,19.429495,15.478088,12.580479,9.711261,6.6563087,5.90683,0.0,4.731,6.37315,10.8733225,8.595862,7.780848,8.397993,7.483117,8.285291,11.455676,13.229953,18.846882,22.214413,25.675472,26.742954,25.651392,22.383163,25.160725,25.268768,20.08764,19.666063,23.828754,19.624853,16.143278,19.826073,22.412483,16.48641,14.551192,21.091791,21.84172,24.873991,21.522177,17.56287,20.780113,21.777052,16.977512,13.984156,14.186912,13.037345,17.775923,20.48969,17.988598,20.261435,21.665491,25.351336,24.417683,22.67439,25.73288,26.75189,21.46002,21.328169,26.074917,26.506884,21.187235,25.155947,20.749647,25.141354,24.32474,20.469015,24.739264,20.24419,23.618313,24.676151,20.27482,16.550594,14.234227,8.885754,9.969175,4.346216,7.034699,6.96299,11.252815,11.922188,14.905627,12.827856,10.145393,8.863457,6.577008,10.99335,8.427324,11.529522,15.090973,15.334572,19.189054,21.979582,23.615093,20.625381,24.505028,18.78531,21.743784,20.134148,22.20012
20,51.319313,46.949783,46.19682,42.10472,40.89576,37.066982,35.649323,34.65697,29.953669,31.575788,27.551556,29.150312,25.579739,22.682344,19.29694,16.132927,13.041634,10.512509,7.7288575,4.731,0.0,3.6193223,6.4676986,5.0353575,6.172997,6.629446,8.767986,8.400339,12.713238,13.097208,20.216053,22.176863,26.194715,27.566065,27.347233,24.694311,27.394583,26.588293,21.632545,21.942167,25.481062,20.242313,17.694954,21.643127,23.255505,16.500525,15.93915,22.277548,21.967682,24.752916,20.757446,16.926641,18.857422,19.751886,14.623898,11.152932,12.974479,11.078667,14.832729,18.618847,17.137665,18.546932,20.501404,23.759754,23.472784,22.53013,25.657213,27.329222,22.427015,22.040985,27.281044,28.172619,23.304327,27.611284,23.659592,28.231709,27.829031,24.23579,28.874222,24.550701,27.98686,29.079376,24.590292,21.013468,18.607882,13.5691395,14.22113,8.70701,10.274832,8.399372,12.242115,11.716068,14.766955,13.099633,9.845716,10.00147,9.27477,14.323501,12.802833,15.885369,19.821304,19.884426,23.854153,26.62096,28.156622,25.105335,28.52883,22.721323,25.244268,23.054464,24.842375
21,53.66545,49.27515,48.776424,44.679325,43.665806,39.62585,38.57873,37.39642,32.75483,34.331924,30.195728,31.704039,28.036398,25.3836,21.188938,18.69209,15.3234415,12.924863,9.693149,6.37315,3.6193223,0.0,5.24484,6.3176847,7.1154428,8.938386,11.468676,11.877585,16.090805,16.709564,23.68217,25.771753,29.772566,31.164925,30.823732,28.0036,30.70585,30.094105,25.08923,25.177036,28.779835,23.695774,20.984324,24.65549,26.413876,19.61158,18.606258,24.886187,24.49064,27.539558,23.770966,19.225752,21.335728,22.556377,17.538137,14.167891,16.492643,14.422849,17.720003,21.943174,20.634129,21.609436,23.43486,26.694572,26.79838,25.880646,28.696424,30.449163,25.568422,24.730934,30.049479,31.130295,26.070362,30.019558,26.004683,30.305157,29.907265,26.407877,30.841236,26.464493,29.90233,30.937029,26.601843,22.801718,20.510662,14.872059,15.827611,9.8095255,10.549788,8.246865,10.771166,10.5826435,12.835102,10.557606,7.0403023,7.818086,7.9516044,13.344351,12.742777,16.288939,20.634005,21.05821,25.094553,27.98925,29.525572,26.416893,30.022385,24.350498,26.65249,24.75763,26.029402
22,57.71367,53.338844,52.57363,48.414295,47.167736,43.449066,41.860626,41.007988,36.288757,37.838924,33.825417,35.24911,31.609476,28.663822,25.075163,22.328465,18.879059,16.891924,12.81618,10.8733225,6.4676986,5.24484,0.0,6.6995525,9.361777,10.379748,14.440655,13.79081,18.341013,17.719215,25.590103,26.307087,30.712402,32.242714,32.71407,30.518202,33.040363,31.595709,26.929445,27.624458,30.548607,24.707333,22.91526,26.647528,27.45949,20.236198,20.481499,26.283688,24.891111,27.576677,23.373278,19.194052,19.815355,20.916458,16.017708,12.701755,16.472464,14.1427145,15.800504,20.795435,20.749744,20.940695,23.324358,25.92287,26.568974,26.508223,29.433556,31.719715,27.310883,26.469757,32.03674,33.402676,28.869473,33.15808,29.540323,34.033447,33.91546,30.542294,35.259197,30.969938,34.410244,35.417038,30.981922,27.333961,25.019053,19.658554,20.449818,14.662606,15.362849,12.54122,14.661106,13.425477,15.489941,13.951032,10.608508,12.356325,13.1286125,18.40839,17.915834,21.401815,25.686106,25.981203,30.013174,32.83454,34.384792,31.274055,34.579628,28.815851,30.923447,28.556429,29.774233
23,52.503372,48.12155,47.466137,43.029453,41.912403,38.3623,36.792854,36.589603,31.784021,33.981224,30.236229,32.26311,28.94864,25.8741,23.373253,19.430977,17.083673,13.823131,12.472022,8.595862,5.0353575,6.3176847,6.6995525,0.0,3.4843752,3.8566446,8.698515,8.983628,13.273755,13.57228,20.64116,21.928183,25.990118,28.242207,28.540487,26.17244,29.28763,28.0653,23.359735,24.279402,27.858332,22.158052,20.289576,24.804201,25.967894,19.24885,19.771868,25.972452,25.391756,27.62554,22.955664,20.370996,20.90921,21.04844,15.639183,11.331279,13.603541,10.012647,13.067659,17.978262,16.251305,16.024927,17.665722,20.84053,21.638039,21.012472,23.370193,25.598383,21.224606,19.921587,25.539192,27.153797,22.668337,26.822062,23.53397,27.981672,28.231153,25.317526,30.445225,26.665958,30.431086,32.04117,27.43189,24.085556,21.112398,17.01188,16.16273,11.32602,11.52585,8.530586,11.815851,9.787641,13.183636,13.0464325,10.361991,11.3423395,12.062708,16.152138,16.318554,17.996584,22.951176,22.105837,26.57139,29.452938,30.323053,27.061838,29.445555,23.689955,25.339514,22.525364,23.774076
24,50.222866,45.819183,45.454952,40.923885,40.065975,36.33916,35.21074,35.042,30.275146,32.731823,29.008608,31.272137,28.057053,25.190302,22.569178,18.558474,16.66006,12.77429,12.879111,7.780848,6.172997,7.1154428,9.361777,3.4843752,0.0,3.3932421,6.958611,8.966868,12.648674,14.156488,20.14635,22.408339,26.058962,28.491318,28.276808,25.481985,28.89527,28.243889,23.396744,24.003565,28.127436,22.965496,20.605133,25.187126,26.925724,20.634804,20.533625,26.93989,26.97604,29.3057,24.834425,22.287962,23.444725,23.53857,18.143593,13.869041,15.116224,11.508555,15.369045,19.801805,17.041765,16.900864,17.797716,21.444656,22.191853,20.921423,22.772644,24.704943,20.15184,18.390903,23.90286,25.579844,20.743025,24.456182,21.081945,25.278112,25.579292,22.87724,27.976557,24.380823,28.294243,30.160913,25.608444,22.25568,19.039698,15.265083,13.701087,9.220387,8.605247,5.485098,9.003833,7.057911,10.859743,11.095294,9.014043,9.436504,10.306439,13.465132,14.446577,15.220523,20.716877,19.49765,24.203428,27.193008,27.723473,24.361958,26.504843,20.846918,22.228006,19.54921,20.549725
25,48.999313,44.630997,43.954506,39.43121,38.324955,34.893402,33.271744,33.374954,28.556019,31.045483,27.49437,29.80997,26.733189,23.619802,21.916475,17.353352,15.817834,12.051729,12.524572,8.397993,6.629446,8.938386,10.379748,3.8566446,3.3932421,0.0,5.355091,6.286411,10.030577,11.069614,17.322477,19.120893,22.879221,25.40368,25.508812,23.043112,26.429298,25.40071,20.725084,21.719862,25.615608,20.201626,18.27775,23.094858,24.478167,18.328829,18.921108,25.119532,25.062904,27.02485,22.31205,20.635775,21.298862,20.994537,15.631271,11.293007,12.098572,8.246544,12.389342,16.550402,13.664953,13.668346,14.797734,18.397972,18.887535,17.751093,19.960941,21.975637,17.484972,16.193497,21.750378,23.314922,18.828949,23.039587,19.864338,24.383661,24.741983,21.9973,27.313128,23.824188,27.679321,29.55988,24.902035,21.845253,18.595795,15.532524,13.759656,10.090247,10.349593,8.04162,12.123074,10.167325,14.09368,14.4531,12.261014,12.465963,12.637505,15.813202,15.8341675,16.427588,21.310377,19.835844,24.356606,27.163315,27.724398,24.474098,26.385696,20.64783,22.216146,19.147602,20.713873
26,43.811195,39.434525,38.788494,34.345215,33.294666,29.683838,28.309954,28.215023,23.420776,26.013943,22.487854,25.009224,22.101562,19.159594,17.900375,12.965209,12.446282,8.146593,11.330112,7.483117,8.767986,11.468676,14.440655,8.698515,6.958611,5.355091,0.0,4.4495,6.253126,9.387283,13.680125,17.22812,20.309076,22.53902,21.745733,18.686634,22.286037,22.108744,17.230227,17.68597,22.236515,17.84805,15.151695,19.927,22.133963,17.006329,16.708302,22.893665,23.863884,25.854069,21.704664,20.34545,22.097544,21.792692,16.85085,13.235449,11.916327,9.478986,14.809101,17.157963,12.948136,14.5514,15.017565,19.086016,18.371632,16.131804,18.512587,19.59912,14.458559,13.87095,18.814547,19.685654,14.634157,18.877459,15.154804,19.834208,19.800875,16.752872,22.022089,18.535769,22.394245,24.399532,19.743298,16.896559,13.487613,11.56034,9.013543,7.2779226,8.284827,8.058255,12.790306,12.0245905,15.943367,15.948172,14.165887,13.17799,12.117737,14.139715,13.248643,12.7961445,17.007177,15.102658,19.47344,22.161179,22.644726,19.490604,21.490803,15.690645,17.807383,14.984687,17.373753
27,45.029484,40.730404,39.550255,35.344143,33.826393,30.559113,28.404032,28.222317,23.408255,25.53249,22.039265,24.19769,21.21499,17.870485,17.293203,12.199744,11.30223,8.204878,9.866885,8.285291,8.400339,11.877585,13.79081,8.983628,8.966868,6.286411,4.4495,0.0,4.5603995,5.5109425,11.959399,14.2956915,17.993586,19.779305,19.627876,17.217915,20.332886,19.322578,14.521741,15.515254,19.335182,14.150506,12.0572605,16.993885,18.491423,12.968856,13.647068,19.584917,20.051296,21.793253,17.38721,16.542803,17.813492,17.371164,12.535613,9.2522745,7.5249376,5.9264007,11.435463,13.208829,9.7824955,12.451133,14.000052,17.531506,16.154259,14.570993,18.132252,19.387098,14.392027,15.073447,19.885538,20.351463,16.002571,20.980091,17.447676,22.449781,22.220524,18.817049,23.950243,20.253561,23.718958,25.266634,20.579443,17.941057,15.085937,13.022865,11.824503,9.793412,11.899775,11.443104,16.30941,15.367844,19.28473,18.886662,16.471022,15.808367,14.391876,17.494064,15.3000345,16.067963,19.09378,17.778393,21.515564,23.887785,24.930374,22.080196,24.436703,18.680628,21.296589,18.410212,21.27339
28,40.836422,36.58398,35.236794,31.028357,29.400043,26.339314,23.946175,24.08804,19.270681,21.698162,18.558012,21.070667,18.555967,15.206163,16.2752,10.541078,11.406327,8.581865,12.435356,11.455676,12.713238,16.090805,18.341013,13.273755,12.648674,10.030577,6.253126,4.5603995,0.0,4.77504,7.69619,11.5446415,14.459326,16.314358,15.640132,13.019413,16.50546,15.92204,11.209011,12.256073,16.532362,12.295029,10.154613,15.223006,17.066607,13.187095,13.805323,19.088865,20.373112,21.632301,17.618376,18.08736,19.54089,18.659191,14.617949,12.205998,8.561747,8.268489,13.523132,13.470364,8.635683,12.370548,13.121049,16.765577,14.384392,11.85342,15.549683,16.026594,10.752449,12.52201,16.521662,16.354057,12.152233,17.40179,13.984204,19.102724,18.77437,15.443468,20.61387,17.372759,20.706713,22.48194,17.866335,15.951812,13.061004,13.138184,11.122464,11.558115,13.668672,14.157175,18.95345,18.261284,22.195688,22.044624,20.02222,18.91751,17.142654,19.176756,16.689274,16.273596,18.374619,16.419525,19.705868,21.729889,22.48169,19.899725,21.7024,16.246868,19.014666,16.082106,19.632376
29,44.018707,39.886272,38.07545,34.089695,32.054554,29.466654,26.311523,26.521914,21.845007,23.736393,20.770748,22.781805,20.249302,16.593481,18.112146,12.771536,12.834031,11.25328,12.834362,13.229953,13.097208,16.709564,17.719215,13.57228,14.156488,11.069614,9.387283,5.5109425,4.77504,0.0,8.446775,9.157004,13.218531,14.72762,15.410853,14.071807,16.741959,14.670358,10.440344,12.54231,15.371482,9.593472,9.097666,14.20559,14.639734,10.115815,12.604294,17.28108,17.567902,18.331348,13.679041,15.189785,15.436232,14.128988,10.299334,8.505252,4.016497,5.4371476,9.835347,8.944817,5.4306164,10.232973,12.36344,15.094148,12.3235445,11.15776,15.937207,16.9807,12.519755,14.909075,18.91778,18.757507,15.664643,21.183542,18.276474,23.386795,23.126873,19.806297,24.76306,21.45707,24.425806,25.76121,21.257292,19.44937,17.080322,16.423868,15.425804,14.697568,17.111029,16.927794,21.78853,20.702879,24.674246,24.383307,21.880484,21.254597,19.596407,22.623337,19.70766,20.3583,22.164345,20.768433,23.741941,25.585836,26.743155,24.334816,26.322487,20.950098,23.744478,20.670446,24.1281
30,36.351227,32.36922,30.250174,26.275621,24.023527,22.0413,18.303371,19.46655,15.007721,17.609339,15.788195,18.495846,17.261023,14.064067,18.486534,13.018411,15.69565,14.407908,18.639116,18.846882,20.216053,23.68217,25.590103,20.64116,20.14635,17.322477,13.680125,11.959399,7.69619,8.446775,0.0,6.9834585,7.6881742,9.504197,8.641578,7.116159,10.762634,9.899492,6.841645,9.046658,12.487841,10.23057,9.927221,14.052188,15.246036,14.685556,16.193098,19.2963,21.173662,21.126938,17.828985,20.8953,21.73614,20.030651,17.701344,16.78479,11.801812,13.203055,16.88213,13.954645,8.933316,13.616831,13.64482,16.251896,11.963803,8.695624,12.957379,11.9335165,7.707048,12.37615,13.856809,12.082207,10.263766,15.633265,13.575061,18.22744,17.854359,15.1975565,19.68663,17.729292,20.146395,21.8996,17.957396,17.758074,15.654818,18.308285,16.189342,18.50626,20.607225,21.550386,26.189415,25.494635,29.423746,29.519989,27.658798,26.403242,24.397287,25.783604,22.87269,21.687231,22.168314,19.804758,21.78741,22.878822,23.315853,21.577072,22.255468,18.034563,20.687561,17.850515,22.078648
31,41.589134,37.85843,35.251614,31.491795,28.85274,27.776949,23.179527,24.88267,20.882307,22.916492,21.51382,23.62033,22.444605,19.027895,23.50619,18.288877,19.9316,19.055143,21.47696,22.214413,22.176863,25.771753,26.307087,21.928183,22.408339,19.120893,17.22812,14.2956915,11.5446415,9.157004,6.9834585,0.0,4.8029113,7.553011,10.576843,12.006605,13.962352,10.16773,9.334417,13.033481,13.81544,9.74365,12.362364,16.153717,15.005231,14.424393,18.157381,20.247793,20.672789,19.499134,15.429337,20.482727,19.176514,16.467154,15.172147,15.123237,10.534766,12.411147,13.741483,9.073732,6.064945,10.554529,11.70949,12.495865,7.227722,6.63807,12.180355,12.418284,10.4996,14.920166,16.638346,15.624519,15.601084,20.891233,19.769411,24.269867,24.388378,22.10418,26.595673,24.670403,26.94795,28.403341,24.54323,24.190163,22.197243,23.75008,22.06268,23.020626,25.157543,25.233488,29.946774,28.585905,32.634647,32.92812,30.68583,30.02184,28.396677,30.720978,27.856564,27.47414,28.420452,26.357992,28.524012,29.648746,30.279589,28.49169,29.066322,24.767214,27.047157,23.723465,27.539537
32,38.10267,34.58767,31.711418,28.094929,25.269588,24.902393,19.832197,22.309916,18.831385,21.054075,20.556717,22.823496,22.447922,19.463882,25.038647,20.01444,22.500862,21.728662,25.026514,25.675472,26.194715,29.772566,30.712402,25.990118,26.058962,22.879221,20.309076,17.993586,14.459326,13.218531,7.6881742,4.8029113,0.0,5.2703295,8.21623,10.6674795,12.380764,9.109028,10.103241,13.461116,13.95244,12.222413,14.65389,17.658863,16.823162,17.938107,21.07407,22.45827,23.565678,22.06794,18.858986,24.222082,23.320286,20.638195,19.80938,19.870434,15.121835,16.885576,18.406372,13.700807,10.51025,14.149714,14.153813,14.695002,9.332616,7.78268,12.004359,10.844077,10.273241,15.366269,15.327333,13.4129925,14.87579,19.528297,19.210144,23.098257,23.241423,21.55136,25.512644,24.426119,26.272842,27.844795,24.472002,24.895638,23.129194,25.892782,23.844181,25.855448,27.865093,28.357267,32.9717,31.77497,35.79388,36.239723,34.24894,33.333286,31.570902,33.255398,30.41597,29.333885,29.722982,27.317442,28.965935,29.684114,29.947031,28.561543,28.416904,24.898376,26.952335,23.841928,27.83157
33,37.667553,34.320145,30.97538,28.067448,24.848143,24.555374,19.159369,20.652784,17.622507,18.698576,18.451258,19.980663,19.888052,17.118563,23.399757,19.20179,21.772562,22.097902,24.972113,26.742954,27.566065,31.164925,32.242714,28.242207,28.491318,25.40368,22.53902,19.779305,16.314358,14.72762,9.504197,7.553011,5.2703295,0.0,5.176451,9.225567,8.989068,4.5819793,7.9257746,11.064697,9.762438,9.909403,12.908688,14.471477,13.185689,16.27464,19.18972,19.160072,20.600302,18.701826,16.678125,22.448883,22.07671,19.725483,19.949171,21.014957,16.08071,19.111551,20.697765,15.25867,13.364715,18.082539,18.8071,19.341225,13.83642,12.710436,17.23204,15.823191,14.617831,19.89704,19.777964,17.178864,18.1114,22.679712,21.724771,25.59255,25.030064,22.716167,25.901693,24.508844,25.66069,26.519085,23.559845,24.321518,23.356012,26.118578,25.024311,27.086956,29.636343,30.460154,35.253532,34.450768,38.436676,38.31454,36.093414,34.993687,32.758003,34.682156,30.94276,30.477716,29.747072,28.000551,28.868124,29.173956,30.072273,29.11392,29.7849,26.422419,29.204273,26.655664,30.9762
34,33.276573,29.824106,26.58244,23.779121,20.60828,19.85445,14.701128,15.588328,12.530758,13.559649,13.504437,15.250226,15.569338,13.233635,20.108139,16.29802,19.63261,20.136597,23.929398,25.651392,27.347233,30.823732,32.71407,28.540487,28.276808,25.508812,21.745733,19.627876,15.640132,15.410853,8.641578,10.576843,8.21623,5.176451,0.0,4.7389,4.3495097,3.8992395,6.364224,7.9088144,8.025884,10.63618,11.744823,12.766238,13.291893,16.841833,18.187649,18.359388,20.983984,19.849941,18.555595,23.029774,24.109865,22.408834,22.061852,22.74392,17.564014,20.50119,23.251097,18.530003,15.531195,20.589024,20.863125,22.306593,17.03646,14.697348,18.717415,16.568314,14.465072,19.746773,19.176739,15.883531,16.128117,20.243816,18.847279,22.42104,21.313768,18.803175,21.339678,20.122478,20.86051,21.6366,19.011745,20.298328,19.738613,23.380451,22.349861,25.312016,27.893562,29.316608,33.995956,33.686283,37.534153,37.1965,35.20503,33.711594,31.162613,32.46447,28.52235,27.653225,26.12771,24.405344,24.666956,24.64614,25.550953,24.944908,25.764893,22.857626,25.963299,24.032711,28.580227
35,31.558483,27.77153,25.122059,21.960564,19.26321,17.348454,13.225412,13.269089,9.243528,10.934547,9.89227,12.367441,12.235703,9.854608,16.401487,12.412944,16.233526,16.463245,21.053045,22.383163,24.694311,28.0036,30.518202,26.17244,25.481985,23.043112,18.686634,17.217915,13.019413,14.071807,7.116159,12.006605,10.6674795,9.225567,4.7389,0.0,4.4162445,7.1708274,5.8079453,5.534806,8.834853,11.0872,10.13059,11.72574,13.95753,16.318745,16.390385,17.757336,20.969591,20.815771,19.381704,22.35941,24.452076,23.256351,21.989264,22.01846,16.895985,19.39381,23.124392,19.415068,15.494431,20.596607,20.637789,22.949583,18.174803,15.06569,18.78199,16.597055,13.247392,18.049026,17.876291,14.621419,13.361764,17.41643,15.174131,18.897314,17.403381,14.387406,17.023905,15.449167,16.436777,17.454725,14.493386,15.707599,15.080888,19.161596,18.022896,21.508926,24.023378,25.816145,30.351295,30.382559,34.088585,33.621998,31.833923,30.09626,27.424623,28.286222,24.396069,23.208212,21.516945,19.713116,19.962269,20.053747,20.949507,20.246422,21.416664,18.360476,21.784863,20.205143,24.840294
