,0,1,2,3,4,5,6,7,8,9,10,11,12,13,14,15,16,17,18,19,20,21,22,23,24,25,26,27,28,29,30,31,32,33,34,35,36,37,38,39,40,41,42,43,44,45,46,47,48,49,50,51,52,53,54,55,56,57,58,59,60,61,62,63,64,65,66,67,68,69,70,71,72,73,74,75,76,77,78,79,80,81,82,83,84,85,86,87,88,89,90,91,92,93,94,95,96,97,98,99,100,101,102,103,104,105,106,107,108,109,110,111
0,0.0,4.3432174,7.0850363,10.043437,12.932475,15.2497835,17.956501,23.212843,25.135998,28.113363,31.992851,34.239635,31.8877,34.120495,29.90922,32.20631,30.864305,33.67385,32.24243,34.5661,35.580997,35.690807,37.591568,39.66329,40.14092,39.462612,37.965862,35.367756,36.10215,32.58768,35.359615,30.025494,32.759132,27.608337,29.726664,28.258886,26.27802,28.765657,25.932587,26.401464,32.179756,32.781914,35.618595,37.56285,36.834454,39.939346,39.511772,42.761555,43.908764,45.02579,45.56385,44.064228,48.996586,47.97334,50.536247,47.72606,45.03016,44.939056,49.57064,47.117622,42.09097,41.66261,45.50617,46.387417,47.811554,41.975433,41.873363,45.791775,40.879333,40.212223,41.404392,44.686665,41.92378,38.572544,43.17525,37.986988,42.35787,40.40232,38.40641,41.139343,35.58264,37.43917,33.52169,30.690279,30.969069,31.350706,28.554098,31.21859,32.83122,30.802874,33.420765,31.108284,35.2468,29.990274,27.469463,27.855297,27.942907,30.12289,25.486288,26.108362,22.80743,20.844263,22.954832,21.01044,20.48441,23.56362,22.338484,27.448751,26.728352,28.100906,30.508797,32.12192
1,4.3432174,0.0,4.612732,6.050134,8.923554,12.333024,13.968425,19.666357,21.482681,24.206783,28.315252,30.37881,27.780775,30.047506,25.771557,28.00204,26.78212,29.624752,28.591948,30.842728,32.19332,32.31653,34.487972,36.328472,36.57406,35.954296,34.15933,31.58054,32.086037,28.754366,31.350138,26.143488,29.00935,23.888178,26.367754,25.109589,23.448927,25.835161,22.61116,22.817566,28.700365,29.153452,31.849123,33.68424,33.16386,36.014034,35.88216,38.95911,40.353924,41.28212,41.693966,40.040047,44.934948,43.790268,46.395794,43.67538,40.8367,40.72384,45.29878,42.841934,37.84368,37.378437,41.184635,42.11456,43.508636,37.6422,37.632996,41.597836,36.787544,36.157562,37.570866,40.841686,38.224518,34.706944,39.142647,33.86308,38.18149,36.14532,34.103966,36.832573,31.277176,33.199993,29.353493,26.415539,26.628448,27.032162,24.267881,27.095074,28.899681,27.066708,29.900774,27.859356,32.236595,27.226841,24.528782,25.247059,25.171347,27.323963,22.500402,22.6166,19.265127,16.819456,18.867664,16.694534,16.177551,19.262793,18.11812,23.396076,22.739298,24.388231,26.849463,28.795528
2,7.0850363,4.612732,0.0,5.350626,6.8207803,8.464725,11.938757,16.279703,18.682266,21.502262,25.335308,27.9777,25.760815,28.7684,25.033155,27.746073,27.189634,30.487875,30.28599,32.545815,34.40483,34.63306,37.119682,38.563263,38.475792,37.827724,35.482693,32.776093,32.591488,29.522411,30.851099,26.09943,27.918848,22.524982,25.030794,22.970356,21.88005,24.776453,21.79749,22.433527,28.216177,29.321432,31.456081,33.675304,33.945496,36.471283,37.09559,40.14625,41.98349,42.733475,42.95159,40.875874,45.592487,44.113625,46.66453,44.12778,40.90902,40.406406,44.87382,41.968864,37.007355,37.055656,40.75502,42.04983,43.043438,36.98044,37.74164,41.589363,37.119053,36.8336,38.67321,42.03704,39.77748,35.99507,39.9715,34.395603,38.29227,35.748253,33.309303,35.51982,29.919863,31.319601,27.235994,24.780157,25.70021,26.671747,24.320322,27.81396,30.225582,28.827673,31.994396,30.412794,34.998985,30.349506,27.52207,28.52684,28.19084,30.08721,25.03836,24.510773,21.500162,17.754034,19.98485,16.666864,15.0344715,18.303545,17.794855,22.766432,23.40427,24.97146,27.935932,29.892035
3,10.043437,6.050134,5.350626,0.0,3.7538495,7.9067073,8.014609,14.303801,15.583563,18.42786,22.469332,24.359436,21.884514,24.168564,20.131609,22.752684,21.997723,25.45131,25.164747,27.632505,29.514961,29.995325,32.490612,33.646774,33.52842,32.727276,30.32357,27.512484,27.364445,24.19247,25.810163,20.874811,23.204891,17.98909,20.690655,19.416784,18.194193,20.621,17.18111,17.42433,23.307636,24.093397,26.384241,28.459513,28.59898,31.192442,31.766031,34.91965,36.762978,37.619713,37.938866,35.843616,40.55373,39.260437,41.637894,38.97509,35.94001,35.48814,40.111435,37.355843,32.312542,32.309296,36.3172,37.62607,38.9496,32.8242,33.3918,37.649033,33.299976,32.7389,34.844063,37.956104,35.709984,31.776915,35.666298,30.205751,34.33643,31.921343,29.524473,31.858881,26.241203,27.692398,24.145805,21.057453,21.49934,22.473995,19.651114,23.475447,25.584991,24.462944,27.755802,26.226141,31.072433,26.539846,23.471594,24.413635,23.716446,25.33175,20.189302,19.381983,16.7758,12.543246,15.301589,12.004128,10.903834,14.668723,14.403726,20.040056,19.956423,22.368523,24.928724,27.617445
4,12.932475,8.923554,6.8207803,3.7538495,0.0,6.0828147,5.5060563,11.053092,13.0103445,15.319592,19.611996,21.81774,19.160038,22.235628,18.500383,21.207785,21.052744,24.537968,25.20191,27.35101,29.790426,30.143528,33.008907,33.90492,33.399807,32.791065,29.895145,27.209894,26.471275,23.818316,24.517666,20.171133,22.00573,16.736343,19.935228,18.33321,18.011597,20.588112,16.984285,17.129719,22.8942,23.809305,25.545557,27.61216,28.388197,30.402012,31.653265,34.419415,36.696854,37.157223,37.17694,34.784554,39.350803,37.68369,40.20697,37.823925,34.37738,33.75598,38.145504,35.17746,30.251415,30.371313,34.078644,35.54936,36.507473,30.334421,31.395922,35.408077,31.274652,31.044962,33.40236,36.629665,34.710274,30.63307,34.13887,28.457012,32.190327,29.437206,26.82576,28.909878,23.283983,24.645796,20.799591,18.057152,18.957918,20.197432,17.932093,22.013517,24.76236,23.952267,27.464336,26.473047,31.351854,27.340399,24.314884,25.75012,25.038744,26.645601,21.545609,20.01348,17.406527,12.442779,14.639304,10.440552,8.290934,11.901469,12.069138,17.333101,18.305779,20.562323,23.50115,26.161758
5,15.2497835,12.333024,8.464725,7.9067073,6.0828147,0.0,7.054437,8.637029,11.020275,14.330075,17.411173,20.54434,19.20722,22.857561,20.272816,23.799942,24.360687,28.531116,29.59461,32.044773,34.607616,35.299225,38.14671,38.6229,38.00945,37.117397,33.904583,30.933058,29.562449,26.961826,26.00714,22.24436,22.13889,16.64379,19.083384,16.01593,16.147842,19.537882,17.001034,18.240555,23.41443,25.555765,26.637835,29.46414,31.077703,33.062363,34.949448,38.061573,40.575287,41.19289,41.22563,38.443687,42.695488,40.88906,43.01847,40.701103,37.10969,35.883476,40.254036,36.65779,31.780478,32.89616,36.6955,38.706264,39.31018,32.92938,34.956936,38.97468,35.4116,35.428734,38.242104,41.381306,39.781715,35.518143,38.48477,32.71516,35.978447,32.70019,29.59382,30.765265,25.243017,25.3803,21.625002,19.626955,21.536606,23.680801,21.752806,26.622784,29.57068,29.243258,32.8967,32.077976,37.072514,33.139927,30.00389,31.21591,30.165018,31.282,26.084127,24.445395,22.678242,16.936695,19.764204,14.953428,11.807224,15.545404,16.705425,21.264103,23.401678,25.590105,28.7781,31.402775
6,17.956501,13.968425,11.938757,8.014609,5.5060563,7.054437,0.0,7.64828,8.015011,10.523542,14.6875105,16.449022,13.978212,16.925695,13.624868,16.870745,17.362543,21.512337,22.92263,25.278278,28.09171,28.865623,31.86456,32.02832,31.217676,30.373144,26.961294,24.073172,22.602226,20.212162,19.604422,15.77884,16.771708,11.512395,15.023861,13.587307,14.013314,16.382511,12.656929,12.78575,18.209988,19.51734,20.675064,23.012398,24.548954,26.256742,28.243881,31.09786,33.753693,34.21054,34.193752,31.389917,35.668606,33.942257,36.10135,33.755905,30.212896,29.191769,33.656284,30.375998,25.39953,26.135195,30.138752,32.040653,33.003506,26.601143,28.282116,32.655163,29.161362,28.92438,31.973974,34.871407,33.348682,28.972805,31.794619,26.143671,29.623238,26.54986,23.581022,25.12647,19.529627,20.154669,16.96467,13.9215975,15.089143,17.148102,14.841127,20.026852,22.837608,22.888353,26.648474,26.14253,31.244558,27.78927,24.587236,26.01243,24.73148,25.66429,20.642416,18.31899,16.936745,10.65337,13.446551,8.398795,5.3973007,9.75451,11.409245,16.48501,17.840643,20.872656,23.554064,26.897366
7,23.212843,19.666357,16.279703,14.303801,11.053092,8.637029,7.64828,0.0,5.0881124,6.3211718,9.572571,13.273294,11.97791,17.120298,15.937903,19.508116,21.435205,25.615726,28.424675,30.354313,33.78189,34.486076,37.813305,37.499092,36.16879,35.482536,31.406446,28.716135,26.101835,24.71974,21.536026,19.594479,18.067476,13.3820505,16.574558,13.486998,15.9444685,18.813164,16.222565,16.989794,21.030382,23.298574,22.992975,25.694677,28.665865,29.377745,32.656925,35.023884,38.322403,38.28486,37.825943,34.448997,38.12431,35.735847,37.808193,36.067173,31.872173,30.15452,33.986416,29.93045,25.455664,27.171675,30.460026,32.96836,32.940735,26.576435,29.805422,33.500134,30.906029,31.424139,34.953144,37.90259,37.10279,32.632687,34.429676,28.650885,30.924002,27.020313,23.436964,23.602392,18.434202,17.60353,13.973339,12.93902,15.987718,19.027119,18.323145,23.704334,27.36116,28.00621,31.871471,32.09445,37.048203,34.273464,31.224796,33.016987,31.713772,32.470016,27.651745,24.815136,23.752195,17.369705,19.291426,13.984444,10.003417,12.315834,14.947164,17.862665,21.573296,23.864435,27.09601,30.017485
8,25.135998,21.482681,18.682266,15.583563,13.0103445,11.020275,8.015011,5.0881124,0.0,4.941882,7.034319,9.531874,9.092943,13.0447,12.403708,16.50263,18.577305,23.32352,26.00188,28.360647,31.630842,32.824787,35.93811,35.14607,33.86333,32.784607,28.668137,25.697895,22.859116,21.338816,17.399527,15.69627,13.221728,8.652857,11.627378,8.812288,11.761615,14.227623,11.898796,12.862162,16.262829,18.997795,18.409058,21.497982,24.776772,25.663517,29.11257,31.901949,35.173042,35.492855,35.28216,31.79016,35.2814,33.230865,34.74235,32.75808,28.903536,26.90949,31.085001,26.911144,22.236599,24.563564,28.511936,31.281418,31.69448,25.196436,28.463896,32.781918,30.582794,30.722895,34.62126,37.12756,36.377872,31.793756,33.314842,27.845432,30.29747,26.518055,22.893757,22.8215,17.810799,16.232773,14.083719,12.171368,14.774656,18.256073,16.950933,22.968086,26.026197,27.162762,31.022839,31.225887,36.313553,33.630802,30.430025,31.846842,30.083055,30.225176,25.572048,22.60335,22.627655,15.955723,18.621672,13.629982,10.396906,13.174999,16.209284,19.56574,22.312546,25.40719,28.056627,31.605322
9,28.113363,24.206783,21.502262,18.42786,15.319592,14.330075,10.523542,6.3211718,4.941882,0.0,5.285311,7.718029,5.8378215,11.704986,11.73231,15.097829,17.913511,22.034782,25.807882,27.475212,31.268711,32.147827,35.592068,34.62289,32.900146,32.22821,27.716045,25.228218,21.84541,21.340929,16.716646,16.27932,14.0402565,10.786334,14.3550205,12.529969,15.964051,17.753862,15.1278,15.189138,17.990145,19.9781,18.737642,21.143623,24.905844,24.766085,28.864141,30.784668,34.485935,34.152218,33.495045,29.78895,33.016235,30.46044,32.29372,30.819044,26.441477,24.411198,28.037569,23.783058,19.476536,21.660536,24.914835,27.778353,27.679585,21.299541,25.153526,28.983541,27.193426,27.750414,31.826853,34.357075,34.049435,29.49882,30.433836,24.951122,26.72085,22.62757,18.826073,18.33066,13.507168,11.726399,9.281499,8.216676,11.65044,15.378423,15.263221,20.936481,24.560024,26.01689,29.859766,30.69156,35.53684,33.57465,30.613796,32.53511,30.953657,31.259972,26.95758,23.4768,23.29818,17.026886,18.442436,13.69197,10.5085125,11.515347,14.913091,16.839853,20.49155,23.262335,25.949903,29.371372
10,31.992851,28.315252,25.335308,22.469332,19.611996,17.411173,14.6875105,9.572571,7.034319,5.285311,0.0,4.975616,7.1775956,12.027477,14.038108,17.618996,20.828203,25.22279,29.081886,30.969063,34.681705,35.9062,39.198463,37.76992,35.99008,35.03325,30.412205,27.802752,23.974564,23.676357,17.49135,18.1824,13.809977,11.724456,13.906469,11.4538765,15.762951,17.428833,16.1077,16.824852,18.162586,21.086138,18.955662,21.8892,26.411856,26.092728,30.719189,32.848545,36.65948,36.501396,35.913227,31.962107,34.625305,32.121304,33.28911,31.94555,27.720444,25.057941,28.471481,23.690653,19.805285,23.183847,26.453583,29.802113,29.496077,23.352957,27.91181,31.724037,30.734188,31.332628,35.723114,37.91623,37.914658,33.36212,33.68764,28.569265,29.855698,25.625414,21.70145,20.11171,16.270172,12.760066,11.9992075,11.957989,15.359705,19.36298,19.3508,25.157333,28.48056,30.333603,34.119354,35.036293,39.887344,38.05369,35.032047,36.699196,34.82265,34.65182,30.488392,27.024292,27.57881,21.197891,23.06646,18.50841,15.532907,16.703762,20.142399,21.775534,25.461567,28.297829,30.837654,34.332394
11,34.239635,30.37881,27.9777,24.359436,21.81774,20.54434,16.449022,13.273294,9.531874,7.718029,4.975616,0.0,5.17226,7.7936096,11.203489,14.467665,17.956123,22.326538,26.359743,28.265337,31.925201,33.425022,36.572002,34.67738,32.804207,31.682795,26.989843,24.432608,20.275156,20.398386,13.277531,15.143948,10.157142,10.0027275,11.908782,11.293793,15.481382,15.989061,14.761654,14.906442,14.94864,17.600246,14.810961,17.5909,22.54697,21.860123,26.84425,28.915165,32.802338,32.705593,32.19415,28.145315,30.495626,28.210505,28.928663,27.533058,23.536198,20.636885,24.207277,19.387667,15.437602,19.36453,23.055119,26.581465,26.67146,20.620354,25.135092,29.357704,28.844519,29.142284,33.788746,35.514423,35.673138,31.15301,31.04616,26.405273,27.66867,23.697292,19.938387,18.195242,14.894897,10.913556,12.18857,11.350534,13.830412,17.86515,17.694849,23.500637,26.27529,28.614157,32.244877,33.344685,38.08801,36.654335,33.68722,35.19601,33.068638,32.455967,28.766426,25.109428,26.470905,20.4827,22.283838,18.498055,16.444086,17.312109,20.78032,22.368958,25.174269,28.492128,30.421808,34.33831
12,31.8877,27.780775,25.760815,21.884514,19.160038,19.20722,13.978212,11.97791,9.092943,5.8378215,7.1775956,5.17226,0.0,6.5694513,8.096568,10.849449,14.4058275,18.352497,22.78172,24.257626,28.199062,29.316883,32.715427,31.129976,29.137629,28.4056,23.626593,21.341675,17.338531,17.690336,11.859827,13.092363,10.68702,9.728312,13.234951,13.3800125,16.831827,17.321732,14.711417,13.885644,15.2275095,16.541685,14.494544,16.371216,20.72765,19.812057,24.547293,26.103413,30.06867,29.574543,28.844269,24.912249,27.751528,25.23419,26.733055,25.359747,20.979542,18.706318,22.372192,18.063934,13.687598,16.323574,19.901787,23.04566,23.24589,16.871254,20.963186,25.196877,24.133005,24.462452,28.971958,30.950247,30.988922,26.445421,26.649054,21.681519,23.204855,19.254835,15.51078,14.645219,10.43742,7.847339,8.262568,6.3066773,8.74483,12.803789,12.912212,18.58032,21.731049,23.93732,27.608753,28.872974,33.53552,32.275703,29.441282,31.315004,29.471062,29.29275,25.639454,21.754383,22.534304,16.862951,17.854733,14.268745,12.518375,12.592476,16.029892,17.376837,20.081982,23.380205,25.264633,29.183355
13,34.120495,30.047506,28.7684,24.168564,22.235628,22.857561,16.925695,17.120298,13.0447,11.704986,12.027477,7.7936096,6.5694513,0.0,5.2891426,7.5708227,11.023148,15.3458395,19.284979,21.251583,24.736418,26.516762,29.448902,27.21512,25.363455,24.074438,19.41779,16.856953,12.589516,13.023954,5.616503,8.638755,5.867785,8.309957,10.702708,13.286841,15.88244,14.822089,12.600149,11.054388,10.28785,11.036806,8.199706,10.079398,14.981621,14.11965,19.093084,21.193274,25.018827,25.08921,24.823181,20.90074,23.520027,21.810581,22.377548,20.42259,16.868013,14.372698,18.913004,14.930848,9.988395,13.333293,18.254972,21.417126,22.725567,16.681656,19.862387,25.025564,24.343931,23.869276,28.532936,29.748821,29.70377,25.255259,25.233772,21.148222,23.16231,20.054462,16.983973,16.488167,13.31172,11.160274,13.639822,10.697483,10.57836,13.871243,12.778465,18.325975,20.0332,22.787882,26.145357,27.283426,31.867693,30.814383,27.969799,29.266191,26.933733,25.92896,22.936222,19.07965,21.349188,16.434057,17.911613,15.72948,15.467384,15.963763,18.95691,20.938929,21.758743,25.789953,26.722271,31.204788
14,29.90922,25.771557,25.033155,20.131609,18.500383,20.272816,13.624868,15.937903,12.403708,11.73231,14.038108,11.203489,8.096568,5.2891426,0.0,4.467698,6.925561,11.874145,15.215628,17.43804,20.859785,22.480253,25.492315,23.84147,22.268854,21.072542,16.655104,13.817948,10.483435,9.756833,6.307037,5.3238072,7.344033,7.280061,10.9232,13.724013,15.209276,14.374636,10.765106,8.26463,9.984322,9.387167,8.894809,10.148999,13.251867,13.442839,17.146683,19.53934,22.998178,23.22685,23.145428,19.677034,23.269306,21.812647,23.105574,20.702843,17.335955,15.9373045,20.822706,17.773447,12.570155,13.8460865,18.978304,21.369923,23.19111,16.940243,18.74515,24.222153,22.359838,21.518908,25.761795,27.326889,26.654676,22.115873,23.202997,18.673101,21.76479,19.076218,16.348925,17.375626,13.162904,13.070224,13.937535,9.713742,8.401018,11.00651,8.523412,14.48283,16.073788,18.359161,21.877563,22.62548,27.44032,25.919733,22.96077,24.303085,22.09918,21.480732,18.144339,14.220204,16.113846,11.2189245,12.758722,10.924059,11.511711,12.283421,14.838289,17.765457,17.55895,21.907436,22.742472,27.357288
15,32.20631,28.00204,27.746073,22.752684,21.207785,23.799942,16.870745,19.508116,16.50263,15.097829,17.618996,14.467665,10.849449,7.5708227,4.467698,0.0,4.1020446,7.899684,12.368793,13.84949,17.644318,19.100702,22.265093,20.349356,18.417068,17.556532,12.816968,10.575016,6.823984,7.6933584,6.1963534,6.597335,10.574307,11.635155,14.897069,18.118658,19.377958,18.135262,14.540668,11.537748,12.526321,10.086675,9.7820635,8.919532,11.377502,10.424816,14.2820835,15.700486,19.4462,19.149462,18.831364,15.336891,19.098528,17.63139,19.281626,16.938004,13.47032,12.758331,17.61207,15.4216585,10.438344,10.192246,15.454795,17.435034,19.760536,13.866369,14.746339,20.501085,18.733517,17.583172,21.901638,23.15212,22.615816,18.150972,18.958055,14.832407,18.065132,15.963845,13.893817,15.596806,12.148904,13.220145,14.730621,10.578705,7.638644,8.870314,6.634896,11.4194355,12.501078,15.349451,18.604118,19.870039,24.334757,23.614338,20.992996,22.590748,20.522535,19.919205,17.44146,13.237711,15.288456,12.088908,12.10518,11.996532,13.621862,13.154089,15.122582,17.18127,16.008816,20.413418,20.50907,25.282566
16,30.864305,26.78212,27.189634,21.997723,21.052744,24.360687,17.362543,21.435205,18.577305,17.913511,20.828203,17.956123,14.4058275,11.023148,6.925561,4.1020446,0.0,5.4568024,8.453874,10.594394,13.9768915,15.67279,18.62699,16.958725,15.447351,14.355365,10.099001,7.3799777,5.4430013,4.601778,8.214322,6.1198974,12.408231,13.047788,16.018568,19.63921,19.978617,18.493343,14.647166,11.254422,12.814385,9.188454,10.641889,9.214766,9.358701,9.734724,11.790685,13.78921,16.901272,17.1261,17.303982,14.511707,18.888945,18.181562,19.87256,16.987425,14.490344,14.667644,19.638525,18.315695,13.615577,12.352114,17.585833,18.803905,21.765379,16.375385,15.70443,21.641432,19.16114,17.3713,21.112854,22.263424,21.086739,16.76736,18.54051,14.7660675,18.942326,17.694546,16.309896,18.81669,15.346951,17.1199,18.084091,13.669012,10.336024,10.3209715,6.7311144,10.463819,10.155426,12.698791,15.800121,16.545937,21.14045,20.090338,17.39839,18.700056,16.506683,15.826535,13.563594,9.369568,11.966248,10.069417,10.07674,11.461267,14.123092,14.029027,15.211088,18.015133,15.319726,19.997005,19.572935,24.4941
17,33.67385,29.624752,30.487875,25.45131,24.537968,28.531116,21.512337,25.615726,23.32352,22.034782,25.22279,22.326538,18.352497,15.3458395,11.874145,7.899684,5.4568024,0.0,6.404562,6.1405168,10.418232,11.457278,14.808344,13.043947,10.904569,10.812617,6.3195524,5.824697,5.5996685,7.2622776,12.235,11.400067,17.517149,18.44779,21.439129,25.055159,25.403503,23.858398,20.028172,16.598217,17.852762,13.585491,14.926785,12.117601,10.9151745,9.8719425,10.851236,10.622438,13.8225,12.965937,12.704911,10.429272,15.327722,14.741785,17.250027,14.651151,12.444747,14.053619,18.240759,18.317348,14.616463,11.24244,15.500472,15.582688,19.142906,14.877156,12.199816,18.05746,15.3462105,12.935528,16.341225,17.101997,15.857071,11.733676,13.634763,10.728235,15.346255,15.366137,15.240261,18.604107,16.169346,19.077383,20.188807,16.205212,12.16858,10.33813,8.007655,7.8230267,5.7218485,9.1223135,11.54539,13.176926,17.060715,17.334526,15.365578,17.162073,15.508591,15.218313,14.440756,10.596338,12.481447,13.178352,11.155577,14.26158,17.449247,16.196198,16.547337,18.142883,14.24858,18.564713,17.055164,21.941202
18,32.24243,28.591948,30.28599,25.164747,25.20191,29.59461,22.92263,28.424675,26.00188,25.807882,29.081886,26.359743,22.78172,19.284979,15.215628,12.368793,8.453874,6.404562,0.0,4.5271373,5.7913027,8.206051,10.417977,9.248233,8.872044,7.595757,6.1101236,4.717651,8.760221,7.2373996,15.359588,12.619505,19.66635,20.238104,22.560188,26.529997,25.752592,23.911428,20.23224,16.837452,18.363178,13.599444,16.560846,14.025905,10.178306,11.810005,9.203986,10.881719,11.896275,12.898279,14.063004,13.464346,18.35734,19.148924,20.913939,17.586853,17.124907,18.925674,23.33686,23.756048,19.993862,17.125954,21.523636,21.225283,25.135979,21.24907,17.983744,23.551355,20.32445,17.431498,19.556662,20.038437,17.73493,14.494077,17.698421,15.720781,20.802036,21.398912,21.456133,24.955679,22.127584,24.872274,25.562523,21.21085,17.428331,15.73186,12.284344,11.921748,8.0225725,9.381395,10.81356,10.518943,14.562778,13.692073,11.532998,12.064561,9.849251,8.929119,9.277155,6.615707,9.809746,12.821758,11.781183,15.89386,19.645247,19.45091,19.189781,22.053993,16.956648,21.307629,19.443953,24.173403
19,34.5661,30.842728,32.545815,27.632505,27.35101,32.044773,25.278278,30.354313,28.360647,27.475212,30.969063,28.265337,24.257626,21.251583,17.43804,13.84949,10.594394,6.1405168,4.5271373,0.0,4.758323,5.3603387,8.739053,7.697989,6.148445,6.913296,5.4496593,6.895071,10.140708,10.5749655,17.639875,15.910176,22.677767,23.347412,26.066893,29.844452,29.495373,27.82246,23.990717,20.547081,22.043413,17.288078,19.574621,16.498499,13.23385,13.202356,11.115477,10.216382,11.511806,10.883434,11.28723,11.256802,16.282137,16.83085,19.38962,16.66342,16.024397,18.555542,22.181477,23.31903,20.203669,16.236977,19.60567,18.540924,22.546904,19.50194,15.167948,20.242296,16.87789,13.708025,15.365751,15.629454,13.25726,10.280998,13.689693,12.48525,17.563313,18.964935,19.801579,23.721651,21.562586,24.979126,25.699282,21.726341,17.647186,15.085334,12.712143,10.131462,5.207368,6.941746,7.4434853,8.566743,11.734395,12.615984,11.398071,12.922331,11.748699,11.78209,12.840666,10.376239,11.864972,15.464854,12.94749,17.499153,21.27758,20.121773,19.509972,21.232412,15.77692,19.615475,17.055363,21.602217
20,35.580997,32.19332,34.40483,29.514961,29.790426,34.607616,28.09171,33.78189,31.630842,31.268711,34.681705,31.925201,28.199062,24.736418,20.859785,17.644318,13.9768915,10.418232,5.7913027,4.758323,0.0,3.727487,4.748809,4.175447,5.1448145,5.0446696,7.353473,8.640763,13.147662,12.607058,20.58876,18.332706,25.28997,26.026325,28.247128,32.284256,31.336966,29.401657,25.84072,22.495964,23.788363,18.839724,21.74101,18.682491,14.177347,15.2439575,11.166736,11.010088,10.248629,11.012464,12.518903,13.754717,18.317942,19.85198,21.749355,18.682686,19.256784,21.898758,25.543638,27.017828,24.007772,20.300987,23.767147,22.518505,26.757858,24.073994,19.522316,24.359875,21.061401,17.725245,18.546381,18.31104,15.491706,13.642297,17.201414,16.891823,21.855352,23.599184,24.551407,28.42346,26.240557,29.477428,30.207134,26.078583,22.08715,19.68774,16.916151,14.580204,9.610575,9.98997,9.156596,8.631536,10.822052,11.3840065,10.63893,10.812465,9.5335,8.956659,11.872084,10.957862,12.963527,17.679962,15.841409,20.634354,24.5757,23.94681,23.112614,25.351686,19.472609,23.148207,20.36812,24.601147
21,35.690807,32.31653,34.63306,29.995325,30.143528,35.299225,28.865623,34.486076,32.824787,32.147827,35.9062,33.425022,29.316883,26.516762,22.480253,19.100702,15.67279,11.457278,8.206051,5.3603387,3.727487,0.0,4.1719456,5.833474,6.0447817,7.8369,9.536847,11.396948,15.3118925,15.250785,22.846886,20.65751,27.640535,28.002312,30.632975,34.364082,33.60473,31.977259,28.137962,24.783302,26.56426,21.748358,24.466381,21.407875,17.39831,17.857256,14.460258,13.230511,12.798989,12.343822,13.077921,14.625438,19.19677,20.277365,22.887499,20.335695,20.442144,23.35675,26.537361,28.210714,25.406593,21.150923,23.871126,22.14043,26.17554,23.895838,18.818722,23.017359,19.244797,15.900724,15.881822,15.860318,12.590526,11.269932,15.535649,15.460177,20.440855,22.610601,23.984688,28.23584,26.19407,29.981094,30.33671,26.426996,22.378801,19.442663,17.199318,13.602944,8.676571,8.145891,6.1071877,6.0402026,7.3467016,9.201716,9.339494,10.53033,10.412065,11.181319,13.733815,12.808541,13.358339,18.607054,15.837824,20.945902,24.933403,23.788002,22.522852,24.193443,17.977882,21.114918,17.917067,21.806643
22,37.591568,34.487972,37.119682,32.490612,33.008907,38.14671,31.86456,37.813305,35.93811,35.592068,39.198463,36.572002,32.715427,29.448902,25.492315,22.265093,18.62699,14.808344,10.417977,8.739053,4.748809,4.1719456,0.0,4.560768,6.9038854,7.916109,11.519076,13.298392,17.78306,17.318108,25.327276,22.99264,29.99738,30.571623,32.785465,36.759716,35.61283,33.730476,30.172806,26.89838,28.338982,23.40277,26.415432,23.301622,18.577877,19.594128,15.07022,14.225604,12.356548,12.887177,14.391326,16.711704,20.803516,22.640104,24.649347,21.882301,22.907316,25.890488,29.063309,31.024601,28.352701,24.291197,27.143963,25.342602,29.58904,27.58906,22.430752,26.555246,23.077562,19.657206,19.291817,18.734829,15.473953,14.955703,18.823782,19.416641,24.194118,26.557114,27.98064,32.10698,30.139992,33.711563,34.240765,30.22075,26.196903,23.443338,20.946522,17.730753,12.77018,12.148278,9.852759,8.756783,8.596212,10.176045,10.84275,10.603265,10.470325,10.571851,14.484359,14.612373,15.723324,21.330423,19.158747,24.259552,28.298082,27.52111,26.245174,28.23114,21.920702,24.989607,21.73916,25.372717
23,39.66329,36.328472,38.563263,33.646774,33.90492,38.6229,32.02832,37.499092,35.14607,34.62289,37.76992,34.67738,31.129976,27.21512,23.84147,20.349356,16.958725,13.043947,9.248233,7.697989,4.175447,5.833474,4.560768,0.0,3.478532,3.7541974,8.213064,10.528653,14.911608,15.099856,22.66643,21.168413,27.812162,29.160368,31.103027,35.40703,34.503387,32.267662,28.999912,25.652054,26.204462,21.085503,23.678595,20.158451,15.436525,15.94339,11.284623,9.927522,7.816242,8.658155,10.703193,13.08775,16.900227,19.219011,20.649254,17.701038,19.31309,22.318478,25.455141,27.640255,25.264803,21.378159,24.43708,22.836466,27.339722,25.503819,20.553446,25.056383,22.4221,18.937555,19.44421,18.295938,15.795167,14.883614,17.557781,18.59237,23.003025,25.28895,26.6357,30.32859,28.790968,31.901766,33.128334,29.167974,25.09808,22.661798,20.292332,17.636633,12.563482,13.321836,11.723662,11.725622,12.30513,14.135591,14.119537,13.935938,12.846761,11.701178,15.4457655,14.809515,17.125277,21.707005,19.890932,24.602888,28.479923,27.689539,26.956182,28.76986,22.975655,26.419624,23.316313,27.333332
24,40.14092,36.57406,38.475792,33.52842,33.399807,38.00945,31.217676,36.16879,33.86333,32.900146,35.99008,32.804207,29.137629,25.363455,22.268854,18.417068,15.447351,10.904569,8.872044,6.148445,5.1448145,6.0447817,6.9038854,3.478532,0.0,3.6306157,6.103801,9.354483,12.995222,14.178831,21.010965,20.201963,26.61039,28.157333,30.35392,34.57848,34.121727,31.962263,28.587542,25.152588,25.57958,20.484232,22.53629,18.76313,14.772354,14.189897,10.685803,7.8722405,7.303375,6.349686,7.680285,9.88872,13.932972,15.915618,17.745878,15.084512,16.2899,19.488935,22.358381,24.687773,22.561014,18.338484,21.078436,19.373251,23.8866,22.266937,17.199718,21.689098,19.353495,15.879999,16.785542,15.4870825,13.43102,12.228608,14.315639,15.589885,19.749632,22.121574,23.618484,27.247396,26.076958,29.251593,30.692806,26.955894,22.826572,20.281597,18.422274,15.466727,10.5377245,12.071273,10.74133,11.902673,12.723866,15.218655,15.073623,15.716577,14.669869,13.826277,16.717615,15.192011,17.341854,21.305252,19.073092,23.599874,27.332285,26.120928,25.563673,26.81613,21.369616,24.7643,21.65154,25.761435
25,39.462612,35.954296,37.827724,32.727276,32.791065,37.117397,30.373144,35.482536,32.784607,32.22821,35.03325,31.682795,28.4056,24.074438,21.072542,17.556532,14.355365,10.812617,7.595757,6.913296,5.0446696,7.8369,7.916109,3.7541974,3.6306157,0.0,5.1028314,7.362967,11.615135,12.098877,19.297812,18.27247,24.618843,26.414335,28.177742,32.641403,31.923521,29.508823,26.428347,23.068857,23.083525,17.922518,20.237495,16.564848,11.936673,12.244016,7.6368847,6.6016164,5.220433,6.7756476,9.161108,10.655258,14.579888,16.95504,17.937576,14.627386,16.308386,19.059046,22.524887,24.476734,22.014555,18.52255,22.094576,20.980892,25.54131,23.352169,18.977999,24.00334,21.848583,18.484818,19.942942,18.827501,16.879305,15.173169,17.12551,17.759573,22.021109,23.85007,24.8431,28.144007,26.652874,29.306305,30.934364,26.96449,22.969414,20.95788,18.516941,16.750002,11.949094,13.646027,13.017416,13.419139,15.041333,16.375011,15.651641,15.571296,13.815296,12.024545,15.045135,13.706383,16.856682,20.413755,19.0452,23.282999,26.961176,26.308502,26.037838,27.941517,22.678701,26.498896,23.761957,28.129051
26,37.965862,34.15933,35.482693,30.32357,29.895145,33.904583,26.961294,31.406446,28.668137,27.716045,30.412205,26.989843,23.626593,19.41779,16.655104,12.816968,10.099001,6.3195524,6.1101236,5.4496593,7.353473,9.536847,11.519076,8.213064,6.103801,5.1028314,0.0,3.8989837,6.920306,8.666171,14.922978,14.592456,20.663967,22.595457,24.702158,29.003975,28.855108,26.613018,23.36928,19.933468,19.923004,14.911107,16.56538,12.77191,9.433757,8.460859,6.468484,5.0887756,7.52655,7.365298,8.382939,7.646512,12.342841,13.679861,15.098261,11.819924,12.147224,14.631812,18.47958,19.889172,17.126955,13.642567,17.63842,17.060015,21.445532,18.626299,14.901594,20.456654,18.541725,15.481249,18.066038,17.426834,16.085627,13.250324,14.584686,14.223511,18.37463,19.565317,20.17903,23.249075,21.746044,24.23611,26.063124,22.205114,18.235237,16.467733,14.298031,13.199188,9.1712675,12.028753,12.652627,13.924964,16.600409,17.723476,16.393766,17.17469,15.266586,13.869931,15.191055,12.504387,15.626987,17.783968,16.309505,19.951622,23.329372,22.424032,22.594484,24.205462,19.696869,23.743185,21.46775,26.122023
27,35.367756,31.58054,32.776093,27.512484,27.209894,30.933058,24.073172,28.716135,25.697895,25.228218,27.802752,24.432608,21.341675,16.856953,13.817948,10.575016,7.3799777,5.824697,4.717651,6.895071,8.640763,11.396948,13.298392,10.528653,9.354483,7.362967,3.8989837,0.0,4.9405627,4.9138327,12.186898,11.031806,17.36505,19.169271,21.07836,25.46669,25.101158,22.803707,19.610695,16.198912,16.253578,11.20849,13.3706665,10.070734,6.3628364,7.1366496,5.3824515,7.5352235,9.698556,10.8386545,12.082686,10.624919,15.089749,16.119059,17.102354,13.492935,13.363703,14.909683,19.540253,19.988392,16.43392,14.029311,18.91604,19.089256,23.158422,19.372581,16.707676,22.61724,20.493769,17.727255,20.67309,20.591959,19.114155,15.767421,17.471098,15.948191,20.304428,20.671392,20.544374,23.343462,21.11115,23.11576,24.777529,20.614983,16.908463,15.825487,12.847648,13.413573,10.088161,12.723749,14.208052,14.766706,18.344917,18.235476,16.228123,16.66054,14.22313,12.439892,12.809176,9.829029,13.764351,15.03648,14.554347,17.687435,20.946688,20.702824,21.16595,23.588602,19.40881,23.846119,22.151327,26.998486
28,36.10215,32.086037,32.591488,27.364445,26.471275,29.562449,22.602226,26.101835,22.859116,21.84541,23.974564,20.275156,17.338531,12.589516,10.483435,6.823984,5.4430013,5.5996685,8.760221,10.140708,13.147662,15.3118925,17.78306,14.911608,12.995222,11.615135,6.920306,4.9405627,0.0,4.78327,8.059968,8.92727,14.093934,16.540472,18.643318,22.886318,23.334482,21.139284,18.072323,14.762257,14.1928,9.748523,10.308156,6.774343,6.4908047,4.6333404,7.788606,9.056162,12.736901,12.874652,13.1987,10.159453,14.091179,14.095415,14.993116,11.751054,10.164837,10.794961,15.836785,15.484333,11.583642,9.872449,15.3640785,16.427736,20.069447,15.7200165,14.4522505,20.55789,19.205645,17.040417,20.92985,21.039583,20.365046,16.52776,17.073145,14.903028,18.463198,17.975124,17.261997,19.347672,17.333616,18.704412,20.980036,17.09352,13.630517,13.3190365,11.026875,12.926131,11.273813,14.609792,16.780436,18.04777,21.820147,21.899586,19.727541,20.701857,18.358648,16.870724,16.17272,12.475225,15.952793,15.287988,14.946131,16.843578,19.416723,18.921246,20.104801,22.005198,19.124605,23.555239,22.422905,27.313704
29,32.58768,28.754366,29.522411,24.19247,23.818316,26.961826,20.212162,24.71974,21.338816,21.340929,23.676357,20.398386,17.690336,13.023954,9.756833,7.6933584,4.601778,7.2622776,7.2373996,10.5749655,12.607058,15.250785,17.318108,15.099856,14.178831,12.098877,8.666171,4.9138327,4.78327,0.0,8.535086,6.18162,12.7548685,14.371083,16.188177,20.583107,20.217926,17.964819,14.7495365,11.352644,11.568246,6.7415357,9.326862,7.2851014,5.14035,7.5156536,8.051593,11.695207,14.072079,15.484785,16.516224,14.244817,18.387897,18.77191,19.499222,15.941951,14.90815,15.224079,20.45318,19.621475,15.217681,14.313114,19.877266,20.946264,24.448324,19.62583,18.439999,24.527048,22.375546,20.126041,23.571934,24.088268,22.718657,18.839258,20.56224,17.837118,22.065996,21.378513,20.320087,22.594387,19.585108,20.838963,22.312714,17.948835,14.809988,14.825547,11.239534,14.086336,12.261614,14.679998,17.095089,17.281748,21.620134,20.455109,17.806753,18.1625,15.422082,13.646253,12.232529,8.739222,13.0414295,12.198631,13.12307,14.974642,17.755041,18.286747,19.316832,22.47394,19.212063,23.921637,23.080097,28.020973
30,35.359615,31.350138,30.851099,25.810163,24.517666,26.00714,19.604422,21.536026,17.399527,16.716646,17.49135,13.277531,11.859827,5.616503,6.307037,6.1963534,8.214322,12.235,15.359588,17.639875,20.58876,22.846886,25.327276,22.66643,21.010965,19.297812,14.922978,12.186898,8.059968,8.535086,0.0,5.9793673,6.651244,10.530136,12.026223,16.158012,17.465738,15.303454,13.076619,10.613665,8.519612,6.915663,4.2120523,4.516134,9.5007715,8.845119,13.664279,16.260853,19.819859,20.413603,20.636248,17.000994,19.7298,18.960983,18.972862,16.276917,13.809571,11.873949,17.163065,14.3815155,9.470641,11.816112,17.59172,20.21355,22.614681,17.184221,18.804491,24.575922,23.841534,22.60567,27.076128,27.69804,27.41006,23.195955,23.286976,20.065016,22.700422,20.606071,18.40062,18.773268,16.175232,15.239516,17.991556,14.458683,12.7386465,14.7736435,12.754089,17.4293,17.680618,20.692766,23.612825,24.587011,28.952242,28.12848,25.408419,26.248213,23.637491,22.037497,19.862015,16.156841,19.521894,15.957115,17.376444,16.76016,17.784348,18.287027,20.64694,22.981838,22.159002,26.58419,26.67569,31.468113
31,30.025494,26.143488,26.09943,20.874811,20.171133,22.24436,15.77884,19.594479,15.69627,16.27932,18.1824,15.143948,13.092363,8.638755,5.3238072,6.597335,6.1198974,11.400067,12.619505,15.910176,18.332706,20.65751,22.99264,21.168413,20.201963,18.27247,14.592456,11.031806,8.92727,6.18162,5.9793673,0.0,7.2016907,8.2145195,10.23676,14.439485,14.46479,12.541408,9.15485,5.88002,6.802683,4.5012245,6.310009,7.602355,9.157035,11.2389345,13.5956135,17.340714,20.046719,21.314007,21.998987,19.07051,22.81297,22.407946,23.031933,19.864899,17.814745,16.831394,22.1972,19.875446,14.816553,15.782051,21.488457,23.472097,26.114483,20.35971,20.96772,26.887518,24.852703,23.310352,27.1981,28.308714,27.17861,22.886053,24.433327,20.636068,24.3926,22.519413,20.399773,21.829361,18.015932,18.116453,19.240187,14.915414,13.014323,14.622072,11.056113,16.160048,16.137327,18.276123,21.40571,21.485788,26.30715,24.40223,21.335365,21.838802,19.1451,17.754915,14.72859,11.2577505,14.666124,10.797122,13.339379,12.843691,14.412257,15.931161,17.817738,21.53022,19.864496,24.545916,24.77813,29.6019
32,32.759132,29.00935,27.918848,23.204891,22.00573,22.13889,16.771708,18.067476,13.221728,14.0402565,13.809977,10.157142,10.68702,5.867785,7.344033,10.574307,12.408231,17.517149,19.66635,22.677767,25.28997,27.640535,29.99738,27.812162,26.61039,24.618843,20.663967,17.36505,14.093934,12.7548685,6.651244,7.2016907,0.0,5.523398,5.6497674,9.770947,11.347346,9.41598,8.144295,7.3270698,4.9406443,7.9505544,5.6693306,9.699616,13.891136,14.952522,18.794937,22.389185,25.462742,26.62661,27.08543,23.583803,26.355186,25.523611,25.41391,22.742012,20.33306,17.991238,22.993341,19.365723,14.563686,17.856585,23.301958,26.227547,28.061584,22.15082,24.56273,30.109385,29.019997,28.08191,32.47297,33.572895,33.025253,28.626207,29.254412,25.343267,28.063015,25.33361,22.45915,22.32034,18.846443,16.823175,18.627977,15.344418,15.178325,18.180418,15.814573,21.60223,22.472929,24.866737,28.148539,28.513521,33.327194,31.498287,28.387268,28.916338,26.195889,24.65439,21.457462,18.27062,21.310595,16.20255,19.141184,16.951487,16.823666,18.70588,21.470238,24.716291,24.799385,29.15687,30.043312,34.672356
33,27.608337,23.888178,22.524982,17.98909,16.736343,16.64379,11.512395,13.3820505,8.652857,10.786334,11.724456,10.0027275,9.728312,8.309957,7.280061,11.635155,13.047788,18.44779,20.238104,23.347412,26.026325,28.002312,30.571623,29.160368,28.157333,26.414335,22.595457,19.169271,16.540472,14.371083,10.530136,8.2145195,5.523398,0.0,4.553497,6.6137133,8.089085,8.003386,5.018691,5.173269,7.652813,10.6201725,10.347454,13.897928,16.943348,18.604885,21.680332,25.318436,28.22349,29.301735,29.678707,26.360949,29.776505,28.642813,29.315065,26.663942,23.812325,21.878609,26.821106,23.155876,18.101309,20.614103,25.76105,28.450323,30.006443,23.662407,25.980877,31.324425,29.383614,28.640123,32.718815,34.44732,33.519646,28.988195,30.432106,25.764267,28.872406,25.879112,22.77254,23.124968,18.622238,17.196075,17.310364,13.816522,14.2963,17.406506,14.715709,20.928007,22.454605,24.143234,27.725668,27.703953,32.806324,30.262136,26.963188,27.650904,25.216993,24.351524,20.254269,17.27726,19.220615,13.123472,16.682642,13.407789,12.565505,15.377442,18.109566,22.106283,22.586828,26.755392,28.227375,32.601913
34,29.726664,26.367754,25.030794,20.690655,19.935228,19.083384,15.023861,16.574558,11.627378,14.3550205,13.906469,11.908782,13.234951,10.702708,10.9232,14.897069,16.018568,21.439129,22.560188,26.066893,28.247128,30.632975,32.785465,31.103027,30.35392,28.177742,24.702158,21.07836,18.643318,16.188177,12.026223,10.23676,5.6497674,4.553497,0.0,5.1797113,5.7765994,4.2907634,4.5096188,6.3998637,6.0662084,10.7523575,10.246266,14.529523,17.5693,19.770224,22.608053,26.86862,29.448908,31.081825,31.8014,28.56268,31.63617,30.936031,30.914349,28.054977,25.823982,23.61826,28.636786,24.920738,20.114325,23.24907,28.634949,31.472406,33.205418,27.058891,29.406778,34.913517,33.282623,32.362022,36.493923,37.927174,36.995213,32.54785,33.83527,29.537298,32.618053,29.748169,26.69283,26.698751,22.59594,20.576246,21.2626,18.061768,18.5406,21.632467,18.820192,24.889587,25.878023,27.662178,31.06537,30.816406,35.876884,33.191883,29.851622,30.022478,27.301771,25.881212,22.03521,19.56425,22.219625,16.517263,20.518435,17.591537,16.860855,19.89729,22.54753,26.65692,26.921474,31.185581,32.50601,36.96231
35,28.258886,25.109589,22.970356,19.416784,18.33321,16.01593,13.587307,13.486998,8.812288,12.529969,11.4538765,11.293793,13.3800125,13.286841,13.724013,18.118658,19.63921,25.055159,26.529997,29.844452,32.284256,34.364082,36.759716,35.40703,34.57848,32.641403,29.003975,25.46669,22.886318,20.583107,16.158012,14.439485,9.770947,6.6137133,5.1797113,0.0,4.5721903,6.6607504,7.314607,10.038351,11.240113,15.735824,15.075187,19.267508,22.506006,24.423761,27.473469,31.474972,34.225353,35.588585,36.07257,32.693638,35.82792,34.683487,34.993553,32.41882,29.667965,27.297646,32.018536,27.863392,23.155539,26.459661,31.405321,34.401325,35.575806,29.227055,32.169003,37.288765,35.532085,35.015816,39.125763,40.960754,40.07053,35.519836,36.900734,32.1236,34.954205,31.622314,28.215267,27.894382,23.496853,21.106682,20.906864,18.401688,19.910278,23.350666,20.990686,27.261955,28.989365,30.488022,34.10624,33.846916,39.022602,36.0641,32.66702,33.084778,30.628716,29.680893,25.356604,22.968132,24.7175,18.387257,22.399487,18.46827,16.634932,20.009825,22.820961,26.877878,28.167923,32.01343,33.949474,38.056953
