,0,1,2,3,4,5,6,7,8,9,10,11,12,13,14,15,16,17,18,19,20,21,22,23,24,25,26,27,28,29,30,31,32,33,34,35,36,37,38,39,40,41,42,43,44,45,46,47,48,49,50,51,52,53,54,55,56,57,58,59,60,61,62,63,64,65,66,67,68,69,70,71,72,73,74,75,76,77,78,79,80,81,82,83,84,85,86,87,88,89,90,91,92,93,94,95,96,97,98,99,100,101,102,103,104,105,106,107,108,109,110,111
0,0.0,4.2713737,6.4604874,9.627997,12.410376,14.538465,17.59302,20.289244,22.930742,26.359627,27.165216,31.92903,30.18762,29.389107,23.54118,24.47877,20.48497,21.930283,18.602993,20.623993,20.742495,21.197594,24.181637,26.629478,29.888603,29.190228,27.141632,26.394913,26.792727,24.581364,28.262877,25.420952,31.052341,29.945004,35.033924,37.60297,33.63445,34.711914,28.547903,31.667147,28.759354,30.725996,29.5627,30.39299,31.310009,31.450672,33.84161,35.8407,35.507046,37.942894,36.373466,34.760124,33.58035,37.428688,35.619232,39.486282,37.467064,37.11616,43.191723,43.818653,42.704506,37.857887,39.222466,37.17589,39.965412,36.934418,38.585247,37.661915,37.71684,34.440155,33.89022,31.386147,34.502316,32.551632,37.40091,35.21962,41.61205,39.631676,43.497025,41.13412,38.233204,43.554775,40.319412,36.16745,33.50257,33.25735,29.457941,28.849287,22.719385,22.227997,18.527279,17.559082,15.084917,18.451279,21.24599,19.984129,22.298662,23.984913,24.554398,25.562174,27.476488,29.191206,28.444258,29.069466,29.105415,28.607174,28.282265,28.114456,27.503172,31.013803,30.526619,35.086742
1,4.2713737,0.0,5.206517,6.549488,9.140951,12.2244425,14.494285,18.030914,20.584898,23.927393,25.498455,29.872042,28.586393,28.189524,22.403645,22.75643,19.030788,19.65512,17.112621,17.968365,18.65256,18.738615,22.289392,24.334003,27.251417,26.90517,24.386526,24.328253,24.204418,23.121788,26.3716,24.432299,29.613438,29.402191,34.249954,37.178165,33.558445,34.467117,28.175962,30.745104,27.86307,29.154537,27.813147,28.110989,29.040686,28.701387,31.388252,32.96745,32.376667,35.21396,33.832275,32.602272,31.793062,35.33635,33.877777,38.079285,35.78434,35.010113,41.045242,41.42276,39.950005,35.14595,36.041718,33.84871,36.391727,33.212376,34.66595,33.629055,33.823746,30.474585,29.958529,27.860365,30.979168,29.428463,34.212044,32.531002,38.863525,37.390804,41.363274,39.373043,36.166576,41.53467,38.513527,34.188828,31.278847,30.759024,26.985958,25.94147,19.740644,18.861898,15.216604,13.696519,11.568542,15.19538,17.633204,16.173498,18.788887,20.530163,20.646719,21.679314,24.054228,25.784832,24.697325,25.063871,24.975517,24.415333,24.237747,24.070118,23.847218,27.324741,27.215237,31.748892
2,6.4604874,5.206517,0.0,5.4081535,6.8988943,8.380488,11.87826,13.890427,16.955177,20.112549,21.063587,25.884268,24.614595,24.35887,18.419277,19.76053,16.423817,17.8868,16.125282,17.98897,19.587194,20.4852,24.160894,26.733082,29.461054,28.507578,25.20787,25.001106,23.86819,22.055935,24.710154,21.939724,26.899961,26.122946,31.256079,33.88481,30.341707,31.718657,25.831081,28.497004,26.328417,27.478846,27.313644,27.73996,29.412237,29.204723,32.997784,34.607803,33.49397,36.181774,34.08594,33.212803,31.874882,34.92963,32.850437,36.899677,34.093773,33.66145,39.558258,40.433743,38.851944,34.4705,35.52349,33.879356,36.192226,33.944633,34.763565,34.31313,34.793797,31.415222,30.282963,27.841322,30.446194,28.624332,33.105186,31.048594,37.203186,35.34512,39.19612,37.116623,33.627403,38.679955,35.210964,31.133131,28.214727,28.392225,24.048872,24.146086,17.96632,18.040861,14.944673,14.0892105,12.833229,16.717945,18.724054,18.41319,21.256989,22.268412,22.03304,24.093975,26.620184,27.52013,25.763773,26.658205,26.729223,25.285524,24.900463,23.611614,23.151371,26.168337,25.439816,29.857962
3,9.627997,6.549488,5.4081535,0.0,3.7528257,6.592486,8.273553,12.578091,14.309867,17.879309,19.767523,23.68957,22.458878,22.271849,16.68225,16.56478,13.2393875,13.517484,12.231658,12.878399,14.902213,15.64771,19.671007,22.048342,24.487452,23.60479,19.984623,20.216011,18.822725,18.06576,20.536531,19.016462,23.640018,24.096317,28.712175,31.875826,28.688927,29.548285,23.394264,25.403032,22.972385,23.546385,22.870226,22.876858,24.453806,23.970081,27.95282,29.36612,28.123075,30.931932,28.962357,28.295036,27.274176,30.17723,28.517548,32.861767,30.04881,29.18761,35.113186,35.66253,33.974724,29.454136,30.345922,28.551825,30.96191,28.609146,29.676144,29.258451,29.56857,26.263298,25.150824,22.5305,25.29825,23.530771,28.15352,26.350128,32.592262,31.131763,35.10525,33.29533,29.814041,35.11873,32.14326,27.772083,24.778873,24.285378,20.446434,19.555532,13.324378,12.901988,9.597432,8.901325,7.62271,11.513605,13.37783,13.558585,16.334007,17.019785,16.887718,19.363354,21.659199,22.232111,20.445475,21.670925,22.081694,20.618277,19.878456,19.105835,18.125301,21.481077,20.925785,25.471382
4,12.410376,9.140951,6.8988943,3.7528257,0.0,4.42731,5.52019,9.626286,12.022822,15.0760975,17.490221,21.347692,20.851633,21.32838,15.8552065,15.999481,13.586018,13.50838,13.886178,13.837662,16.848763,17.547966,21.874512,23.976639,25.936182,25.19768,20.866676,21.731047,19.244343,19.255014,20.754238,19.588299,23.420197,24.253008,28.77527,31.94042,29.140917,30.206347,24.408092,25.984404,24.131954,23.98936,23.93018,23.477463,25.450424,24.535254,29.252644,30.207785,28.452318,31.592302,29.492476,29.416426,28.49059,30.765413,29.100967,33.56813,30.216867,29.174517,34.872875,35.484787,33.32547,29.208202,29.589539,27.985975,29.84152,27.883299,28.169296,27.921743,28.67262,25.259455,23.822718,21.72731,24.064512,22.741793,26.965464,25.590155,31.540493,30.419542,34.377327,32.92161,28.918959,33.952717,30.848127,26.546764,23.252956,23.054419,18.726341,18.308773,12.1169195,11.958588,9.571317,8.373196,8.887326,12.751837,13.589653,14.073314,17.218243,17.622972,16.526941,19.41027,22.410074,22.662884,20.053766,21.04243,21.208216,19.108767,18.630623,16.81958,16.578585,19.377386,18.95794,23.326082
5,14.538465,12.2244425,8.380488,6.592486,4.42731,0.0,4.6105227,6.1204,8.635628,11.833667,13.407056,17.729908,16.970411,17.4594,11.851292,12.988531,11.106207,12.098893,13.198607,14.463341,17.867998,19.360044,23.380762,26.010365,27.906307,26.50461,21.839912,22.252407,19.127161,18.094751,19.032553,16.960594,20.543991,20.805023,25.52878,28.412767,25.70131,27.131073,21.788662,23.4338,22.2783,22.101166,23.195408,23.04245,25.639927,25.078066,30.529947,31.688543,29.645996,32.369133,29.58371,29.681479,28.180418,30.061943,27.75692,31.941784,28.243607,27.649324,33.17878,34.313442,32.249115,28.5423,29.322773,28.338882,30.13871,29.172247,29.103714,29.500904,30.316654,27.063164,25.104488,22.384104,24.178623,22.343044,26.241062,24.24767,30.001062,28.317612,32.10746,30.456379,26.338678,31.093477,27.570305,23.514904,20.323074,20.854706,16.045372,16.969679,11.149585,12.364854,10.839841,11.059517,11.786757,15.162681,15.841214,17.384974,20.256844,19.996767,19.083088,22.663486,25.26144,24.766905,21.95707,23.64424,24.135193,21.482725,20.60386,18.05248,17.019123,19.327238,17.968578,22.166122
6,17.59302,14.494285,11.87826,8.273553,5.52019,4.6105227,0.0,6.4937005,7.1584616,10.205326,13.4402275,16.404028,16.332644,17.355156,12.632297,12.088225,11.08538,10.197711,12.942582,12.266034,16.451023,17.579954,21.874844,23.988737,25.304895,24.199928,18.993467,20.27977,16.336107,17.089697,17.195732,16.862175,19.459017,21.235556,25.236822,28.582914,26.445644,27.433746,22.148333,22.883045,21.753986,20.593998,21.39398,20.48631,23.10498,21.953197,27.819256,28.465382,26.053095,29.126705,26.523268,27.159954,26.13117,27.509344,25.738974,30.253916,26.32921,25.132029,30.516037,31.283464,28.791943,25.182934,25.373259,24.295324,25.791311,24.878736,24.538675,25.010962,25.95486,22.715986,20.610428,18.190653,19.858654,18.499538,22.269114,20.963182,26.605667,25.66352,29.570183,28.46154,24.055614,28.8892,25.869413,21.566843,18.085009,17.984802,13.453186,13.4250145,7.606564,8.46017,7.940715,8.087221,10.17897,12.965388,12.644959,14.73667,17.571146,16.889938,15.409737,19.437168,22.210022,21.31701,17.993511,19.730217,20.330282,17.326078,16.318138,13.545725,12.554497,14.794317,13.81911,18.08337
7,20.289244,18.030914,13.890427,12.578091,9.626286,6.1204,6.4937005,0.0,5.3911295,6.5940294,8.50327,12.856104,13.460677,15.232508,10.666684,12.681599,12.986014,13.79487,16.919065,17.782099,21.952082,23.59932,27.614107,30.09825,31.41069,29.898949,24.547874,25.415045,20.988258,20.491701,19.790976,18.01345,19.859903,20.422104,24.742296,27.352451,25.453835,27.264757,23.001543,23.910618,23.97133,22.807096,25.201101,24.638218,27.871937,27.015217,33.446804,34.157722,31.446598,34.226147,31.017477,31.917143,30.31103,31.121183,28.579397,32.600647,28.13267,27.56469,32.443237,33.932533,31.35394,28.602283,28.919523,28.621677,29.595968,29.813667,28.55841,29.596249,30.937834,27.82057,25.241161,22.932453,23.686934,22.228617,25.104946,23.419895,28.327553,26.849173,30.360447,29.179924,24.38154,28.344744,24.465828,20.872467,17.437138,18.970669,13.403267,16.09418,11.732142,13.916572,14.143514,14.550309,16.493113,19.346601,19.0118,21.1817,24.05314,23.227522,21.550854,25.668964,28.59901,27.403715,23.78062,25.528395,25.9474,22.442137,21.647366,17.606014,17.032667,17.9316,16.13945,19.553698
8,22.930742,20.584898,16.955177,14.309867,12.022822,8.635628,7.1584616,5.3911295,0.0,4.3467216,6.8560033,9.42452,9.3593445,11.134437,7.6427264,8.057453,9.749566,9.951723,14.401933,15.084486,19.5227,21.550844,25.181454,27.785002,28.761879,26.79149,21.229074,22.005266,16.971071,16.641117,14.988246,14.009304,14.8858595,16.541153,20.224308,23.217358,21.800526,23.202396,19.201647,19.351402,19.793522,17.960938,20.879889,20.205603,23.797419,23.088764,30.025904,30.78279,27.866724,30.212194,26.583834,27.757769,25.975212,26.276297,23.621893,27.589125,22.92528,22.34269,27.090895,28.703993,26.233072,23.682825,24.350706,24.502544,25.664692,26.655764,25.600452,27.221636,28.261124,25.500683,22.613008,19.401808,19.792633,17.749046,20.45047,18.276983,23.150879,21.463818,24.986237,23.844156,19.028837,23.190327,19.560076,15.69284,12.239566,13.640293,8.120069,11.279794,8.083439,11.239719,12.516819,14.225046,16.212214,18.083096,17.436821,20.679083,22.962933,21.369633,20.174866,24.895344,26.991264,24.953354,21.447437,24.114592,25.175526,21.538006,19.980513,16.338879,14.061465,14.871042,12.064197,15.486573
9,26.359627,23.927393,20.112549,17.879309,15.0760975,11.833667,10.205326,6.5940294,4.3467216,0.0,5.395846,6.8775396,9.16603,12.277207,10.307983,11.279605,13.831072,13.786526,18.654158,18.870726,23.4961,25.343239,29.045555,31.381433,32.0098,30.22566,24.420334,25.618305,20.096035,20.392385,17.932783,17.35636,16.951063,18.77717,21.941656,24.606073,23.850016,25.477951,22.321852,22.00209,23.12803,20.73341,24.155766,23.131132,26.876785,25.84519,33.11145,33.45504,30.168518,32.68435,29.03384,30.735342,29.086973,28.700153,26.11956,29.920967,24.852816,24.180592,28.25639,29.987463,27.044235,25.306683,25.360039,25.89888,26.265009,27.928612,25.90745,27.829798,29.32489,26.658709,23.488771,21.045315,20.669348,19.30409,21.01926,19.50495,23.42115,22.208836,25.407494,24.822678,19.520994,22.795942,19.002249,15.730921,12.136291,14.346791,8.662158,12.916472,11.209922,14.150574,16.04799,17.26005,19.799242,21.64059,20.476873,23.622568,26.015533,24.352951,22.53287,27.263277,29.777496,27.576477,23.575401,25.908873,26.721136,22.66461,21.426592,16.831581,15.514971,15.054338,12.373339,14.730662
10,27.165216,25.498455,21.063587,19.767523,17.490221,13.407056,13.4402275,8.50327,6.8560033,5.395846,0.0,5.924458,6.50718,9.348298,7.924291,11.185533,13.884347,15.5015,19.530996,21.37195,25.53572,27.934464,31.222818,34.141014,35.13445,32.77964,27.317972,27.617764,22.542555,21.000439,18.74283,16.357023,16.03168,16.02826,19.618639,21.485043,20.616926,22.898268,20.555374,20.77377,22.591406,20.908766,25.27561,25.046055,29.015593,28.692936,35.89462,36.7745,33.704987,35.609013,31.465302,32.79236,30.458849,30.185019,26.802584,29.955963,24.965586,25.212606,29.108892,31.519958,29.201323,27.677671,28.61596,29.558212,30.310026,32.344593,30.66775,32.786396,34.04004,31.488565,28.311842,25.158361,24.783941,22.63169,24.29981,21.697422,25.3994,23.009026,25.792948,24.533554,19.680933,22.440996,17.843624,15.340156,12.604711,15.969388,10.575828,16.01647,14.53449,17.931963,19.290155,21.00409,22.831747,24.80856,24.267082,27.515123,29.809446,28.136335,26.92746,31.682081,33.77626,31.50888,27.94259,30.65599,31.641445,27.74835,26.30921,22.067997,20.082363,19.902027,16.606588,18.71374
11,31.92903,29.872042,25.884268,23.68957,21.347692,17.729908,16.404028,12.856104,9.42452,6.8775396,5.924458,0.0,5.227769,9.336603,11.032244,12.021577,16.026636,16.427135,21.532381,22.394753,26.768353,29.096445,32.131607,34.728447,35.09006,32.689774,27.0149,27.729275,21.968351,21.543732,17.88525,17.228695,14.655988,16.457417,18.390015,20.460474,20.883646,22.628048,21.252758,20.119598,22.65997,19.776117,24.632277,23.86884,28.048382,27.482342,35.13261,35.60284,32.12454,33.82263,29.501223,31.539228,29.379494,28.020226,24.87528,27.830484,22.414732,22.40158,25.381853,27.872284,25.208508,24.687273,25.285564,26.909286,27.102146,30.260546,28.054205,30.807486,32.11686,30.025476,26.532778,23.440002,22.143785,20.223972,20.70934,18.450531,20.96213,19.016943,21.424366,20.936827,15.635874,17.57503,13.2509775,11.189787,8.498538,12.46327,8.028367,14.109605,15.033345,18.453548,20.861977,22.892569,25.157564,26.36188,25.167063,28.952684,30.848448,28.622517,27.29716,32.32868,34.089535,31.127886,27.383257,30.414566,31.669525,27.53593,25.819698,21.518139,19.085527,17.893906,14.186605,14.98541
12,30.18762,28.586393,24.614595,22.458878,20.851633,16.970411,16.332644,13.460677,9.3593445,9.16603,6.50718,5.227769,0.0,4.110942,7.214408,8.504482,12.586555,14.014148,18.354013,20.418991,24.251411,27.052038,29.597395,32.70268,33.440056,30.490479,25.280506,25.089262,19.960133,17.920406,14.645407,12.693352,10.442841,11.261217,13.684653,15.785953,15.758797,17.604269,16.274935,15.512634,18.267012,16.070425,21.403322,21.427788,25.664137,25.846117,33.206673,34.31998,31.256912,32.328983,27.661495,29.094652,26.357243,25.474699,21.690615,24.309357,19.203665,19.944006,23.38798,26.255592,24.477299,23.413986,25.176304,26.7879,27.907322,30.814247,29.632717,32.306004,33.066334,31.03174,27.735,23.564304,22.812311,19.81091,21.03759,17.412205,20.656757,17.367174,19.846945,18.284422,13.746142,16.467827,11.782841,9.332892,7.536082,11.5101,7.6666894,13.631349,14.264794,17.982016,19.845995,22.56321,24.056149,25.090784,24.533615,28.535881,30.148521,27.85689,27.40367,32.463203,33.518368,30.51322,27.455376,31.042131,32.655888,28.912775,26.776722,23.382868,19.790264,19.632471,15.447069,17.043537
13,29.389107,28.189524,24.35887,22.271849,21.32838,17.4594,17.355156,15.232508,11.134437,12.277207,9.348298,9.336603,4.110942,0.0,5.976084,7.216461,10.835216,13.172248,16.49553,19.584562,22.794722,25.943113,27.994665,31.485292,32.52076,29.149849,24.461805,23.475233,19.087776,15.582314,12.872897,9.524476,7.8651342,7.1803603,10.281876,12.422003,11.80199,13.724122,12.432624,12.1315565,15.067136,13.706498,19.326279,20.09423,24.254038,25.085043,32.047108,33.679672,31.008194,31.541845,26.67497,27.552273,24.347883,23.920837,19.646095,21.880419,17.229818,18.656773,22.406115,25.506418,24.511444,23.029587,25.67256,27.230124,29.025454,31.688072,31.282358,33.85726,34.199997,32.24785,29.158154,24.298286,23.972853,20.272003,22.010706,17.49971,21.176258,16.958668,19.386723,16.925358,13.41192,16.631994,12.106305,9.650022,8.979963,12.203206,9.495136,14.4627075,14.845881,18.532215,19.879314,23.044256,23.869493,24.709457,24.680708,28.759138,30.098757,27.795036,28.043821,33.02299,33.493984,30.498764,28.051573,31.99112,33.85139,30.460712,28.060102,25.399244,21.110994,21.664528,17.365665,19.378786
14,23.54118,22.403645,18.419277,16.68225,15.8552065,11.851292,12.632297,10.666684,7.6427264,10.307983,7.924291,11.032244,7.214408,5.976084,0.0,5.5767913,7.128028,10.521053,13.017384,16.59847,19.862053,22.855247,25.457825,29.013737,30.544828,27.547754,22.853031,21.93595,18.017668,14.32978,13.349773,9.074416,11.027517,9.827576,14.577143,16.941008,14.787233,16.746641,13.210611,14.421219,15.547139,15.170188,19.325361,20.122728,23.903994,24.523773,31.069849,32.807182,30.419489,31.574793,27.231646,27.606367,24.707848,25.42247,21.570595,24.574295,20.377584,21.223278,25.976393,28.441479,27.214575,24.65825,26.952124,27.610638,29.659021,31.070314,30.95069,32.84651,33.262047,30.82486,28.04694,23.497324,24.03097,20.596247,23.435324,19.434065,24.298632,20.75132,23.827374,21.404709,17.77032,21.843855,17.637587,14.366253,12.441013,14.620144,10.444568,14.371955,12.178013,15.657894,16.062191,18.846672,19.381779,20.939709,21.372171,24.89267,26.645596,24.903942,25.053698,29.733034,30.691032,28.438007,25.97644,29.442064,30.985777,27.813246,25.737864,23.122704,19.448706,20.802418,17.128944,20.26763
15,24.47877,22.75643,19.76053,16.56478,15.999481,12.988531,12.088225,12.681599,8.057453,11.279605,11.185533,12.021577,8.504482,7.216461,5.5767913,0.0,4.627624,5.9692807,9.953303,12.395829,15.851307,18.841318,21.236853,24.576986,25.725733,22.631193,17.78018,17.070442,12.677832,9.889011,8.029807,6.194193,7.5763273,9.770228,13.168833,16.73445,15.092357,15.755541,11.453593,11.363187,11.90107,10.415757,14.249285,14.652206,18.547234,19.08719,25.855028,27.491404,25.0388,26.05562,21.679445,22.251934,19.563362,20.085552,16.60106,20.161333,15.910585,16.16154,21.312916,23.367546,22.15166,19.208971,21.678436,22.280966,24.671137,26.106934,26.48518,28.485493,28.550697,26.379805,23.660583,18.549227,19.184628,15.341854,18.500038,14.282337,19.68759,16.413588,19.91683,17.695536,14.126001,19.139658,15.951761,11.767295,9.737752,10.298869,7.4001827,9.582711,8.392338,11.851082,12.877473,16.344513,16.942278,17.52293,17.623451,21.726608,22.944168,20.709728,21.250692,26.113033,26.43816,23.697197,21.49287,25.46596,27.428204,24.447512,21.907074,20.13384,15.379119,17.106255,13.28812,16.652292
16,20.48497,19.030788,16.423817,13.2393875,13.586018,11.106207,11.08538,12.986014,9.749566,13.831072,13.884347,16.026636,12.586555,10.835216,7.128028,4.627624,0.0,4.8710713,5.9538307,10.05478,12.800437,15.951661,18.360994,22.04424,23.832066,20.76131,16.509249,15.174204,12.214301,8.100821,9.11149,6.0092993,10.61584,11.378275,15.524321,18.96052,16.268929,16.796389,11.099588,12.462797,11.280955,11.520693,13.641898,14.652896,17.874222,18.737852,24.591425,26.68475,24.838917,25.904982,21.973608,21.673502,19.017523,20.828613,17.592907,21.284124,17.977253,18.216076,23.907085,25.569061,24.74314,20.9363,23.608877,23.482067,26.42792,26.726797,27.873175,29.261189,29.05684,26.670212,24.444443,19.288176,20.853594,16.998934,21.04034,16.970491,22.960342,19.785063,23.403343,20.852411,17.999922,23.302235,20.337385,16.174097,14.273495,14.13935,11.500209,12.026403,8.752618,11.349257,10.863197,14.379938,13.983597,14.834705,15.857272,19.486572,20.70637,18.94996,20.072018,24.493843,24.64478,22.555206,20.960003,24.746237,26.643854,24.22116,21.782888,20.774336,16.21162,18.917305,15.80732,19.784424
17,21.930283,19.65512,17.8868,13.517484,13.50838,12.098893,10.197711,13.79487,9.951723,13.786526,15.5015,16.427135,14.014148,13.172248,10.521053,5.9692807,4.8710713,0.0,6.120531,6.459515,10.373709,13.041366,15.863209,18.910164,20.11493,17.40554,12.404424,12.202965,7.9971066,7.309092,7.258348,8.535051,11.224899,14.463608,17.348433,21.360374,19.428394,19.263582,13.729614,13.640314,12.015831,10.621326,11.471534,11.232599,14.448197,14.546918,20.905079,22.487411,20.322489,21.847094,18.201723,18.443611,16.555786,18.012632,15.749559,20.190218,16.734566,15.854206,21.694193,22.663074,21.331825,17.188696,19.29913,18.836447,21.784788,21.858215,23.137966,24.485413,24.199778,21.883255,19.68098,14.432065,16.19842,12.510979,16.92922,13.548178,19.882063,17.758091,21.714172,19.89821,16.732206,22.385313,20.241867,15.629718,13.319758,11.795054,9.990216,8.164096,4.967539,7.115481,7.5810356,11.509356,11.7556,11.712186,11.934055,16.130365,17.076956,14.856355,15.860279,20.541428,20.582172,18.09488,16.282812,20.304659,22.42139,20.014664,17.31383,16.833694,11.708478,14.763941,12.032501,16.242275
18,18.602993,17.112621,16.125282,12.231658,13.886178,13.198607,12.942582,16.919065,14.401933,18.654158,19.530996,21.532381,18.354013,16.49553,13.017384,9.953303,5.9538307,6.120531,0.0,6.444846,7.3678603,10.7257,12.79688,16.745556,19.079895,16.023481,12.814174,10.738153,10.112855,6.0396533,10.049248,8.995029,14.20868,15.504741,18.96999,22.636688,19.635056,19.275057,12.751576,14.3162775,11.010433,12.288598,11.366036,12.7038555,14.690087,15.88175,20.338034,22.913597,21.892923,22.84785,19.66348,18.383701,16.161684,19.367514,17.054209,21.01891,18.974833,18.726456,24.822699,25.683308,25.317287,20.535494,23.39106,22.401472,26.088923,25.099762,27.470274,28.201809,27.409126,25.094017,23.608988,18.29904,20.88302,17.056135,21.900837,18.196678,24.628536,21.94598,25.699697,23.145689,21.154226,26.89027,24.762714,20.419727,18.713243,17.27289,15.835944,14.02437,10.332205,11.067021,9.146792,12.750928,10.927393,10.913351,12.983319,16.195028,16.768217,15.310881,17.608,21.343847,20.618752,19.04968,18.645462,22.433952,24.5293,23.068747,20.520414,21.13678,16.416906,20.127684,17.923702,22.197477
19,20.623993,17.968365,17.98897,12.878399,13.837662,14.463341,12.266034,17.782099,15.084486,18.870726,21.37195,22.394753,20.418991,19.584562,16.59847,12.395829,10.05478,6.459515,6.444846,0.0,4.9182553,6.7100945,10.199976,12.786819,14.272224,12.194224,7.6294246,8.09561,6.272038,8.589852,10.724364,13.3580065,16.555355,19.949873,22.451117,26.607288,24.433062,23.65995,17.59312,17.644407,14.449491,13.700989,11.082098,10.303428,11.6555195,11.286645,16.154032,17.817295,16.419735,18.429787,16.110283,15.589789,14.920989,17.635492,16.940035,21.709373,19.488798,17.812708,23.80342,23.651926,22.502176,17.35697,19.045786,17.248497,20.847431,19.000751,21.65778,22.015783,21.126263,18.770597,17.579018,12.590871,15.7948675,12.79842,18.016865,15.805586,22.28829,21.18609,25.206877,23.685339,21.229319,27.083433,25.75846,21.087818,18.887297,16.26392,15.501782,11.45082,8.042855,6.6752033,5.183297,8.840941,7.847486,6.050006,7.0735216,11.049215,11.225645,9.156289,11.489303,15.453332,14.698775,12.824881,12.220702,16.134262,18.456882,17.237476,14.483289,16.160236,11.370323,15.609166,14.534262,18.852438
20,20.742495,18.65256,19.587194,14.902213,16.848763,17.867998,16.451023,21.952082,19.5227,23.4961,25.53572,26.768353,24.251411,22.794722,19.862053,15.851307,12.800437,10.373709,7.3678603,4.9182553,0.0,3.7208958,5.7808156,9.388492,11.915659,9.334206,7.4301095,5.7043495,8.350694,8.974423,12.854552,15.004325,18.938932,21.730026,24.045273,28.078949,25.53213,24.320625,18.04021,18.562918,14.368784,14.931658,10.623086,10.902225,10.698457,11.435756,13.969556,16.63256,16.487785,17.669224,15.945718,14.0302515,13.436751,17.516779,17.1939,21.54281,20.578497,19.195461,25.177416,24.76324,24.483683,18.940445,21.30641,19.212833,23.443132,20.929163,24.650778,24.628334,23.12041,21.117788,20.611996,15.592375,19.1304,15.969632,21.198303,18.697239,25.049969,23.63994,27.449467,25.53379,24.070688,29.990355,28.974127,24.465155,22.77689,19.978386,19.855776,15.766453,12.906105,11.47483,9.335401,12.175136,9.726148,7.1639585,9.599032,12.313619,11.426546,9.956668,13.775671,16.527931,14.350363,13.127584,14.37163,18.11477,20.558538,20.323532,17.63805,20.351845,15.721025,20.049343,19.129496,23.243542
21,21.197594,18.738615,20.4852,15.64771,17.547966,19.360044,17.579954,23.59932,21.550844,25.343239,27.934464,29.096445,27.052038,25.943113,22.855247,18.841318,15.951661,13.041366,10.7257,6.7100945,3.7208958,0.0,4.7501593,6.701197,9.325184,8.186467,7.0412273,7.149875,10.029343,12.521488,15.8525715,18.577549,22.175827,25.313726,27.527845,31.642431,29.209896,27.95575,21.736908,22.053186,17.89927,18.057055,13.263323,12.736428,11.632871,11.434041,12.689983,14.865224,15.106204,16.967772,16.37567,14.56553,15.097817,19.076645,19.630985,24.092978,23.266066,21.382719,27.154348,26.190218,25.622355,19.984,21.588446,18.849236,22.958126,19.412243,23.523888,22.895227,21.231628,19.206211,19.307304,15.103399,19.044718,16.718637,21.91512,20.349642,26.517265,25.86089,29.703278,28.197863,26.602589,32.488037,31.72133,27.134817,25.228804,22.142593,22.062891,17.393208,14.480858,12.152071,9.902966,11.677937,9.19466,5.714923,8.123214,9.867348,8.267476,7.2943397,11.639882,13.5241,10.947055,10.5280905,12.47377,15.64137,18.010744,18.484964,16.038511,19.623962,15.704592,20.158096,20.067633,24.102453
22,24.181637,22.289392,24.160894,19.671007,21.874512,23.380762,21.874844,27.614107,25.181454,29.045555,31.222818,32.131607,29.597395,27.994665,25.457825,21.236853,18.360994,15.863209,12.79688,10.199976,5.7808156,4.7501593,0.0,4.649051,8.00831,5.5938907,8.056682,6.037652,11.5825205,13.045259,16.853914,19.676504,23.226448,26.236097,27.874544,31.89282,29.471603,27.702072,21.761942,22.010921,17.420456,18.210741,12.4214945,12.6632395,10.345369,11.397927,10.307625,13.670268,15.05096,15.523773,15.25637,12.245885,12.864176,17.673826,18.615652,22.512712,22.81026,21.181112,26.69037,25.535934,25.849796,20.112717,22.504158,19.91116,24.532217,21.152557,25.994543,25.496231,23.28007,21.87153,22.21514,17.598736,21.373125,18.614641,23.579193,21.56926,27.420837,26.453766,29.99373,28.229868,27.600193,33.427444,33.10396,28.744402,27.40821,24.095188,24.851736,20.12279,18.136356,16.207504,14.318952,16.406979,13.791409,10.461863,12.624793,14.221607,11.9542885,10.906121,15.644033,16.999626,13.060502,12.387275,15.573035,18.97853,21.592182,22.445047,19.818546,23.791286,19.377745,23.670591,23.289536,27.012434
23,26.629478,24.334003,26.733082,22.048342,23.976639,26.010365,23.988737,30.09825,27.785002,31.381433,34.141014,34.728447,32.70268,31.485292,29.013737,24.576986,22.04424,18.910164,16.745556,12.786819,9.388492,6.701197,4.649051,0.0,4.0954247,4.922834,8.629811,8.925036,13.621128,16.96681,19.990416,23.661982,26.62333,30.250275,31.61208,35.775932,33.647686,31.780027,26.0141,25.810242,21.432806,21.502874,15.488952,14.713578,11.655676,11.470446,8.288512,10.783603,12.903136,14.023979,15.349457,12.800665,14.897127,19.086391,21.096148,25.086037,25.442848,23.196152,28.283888,26.438923,26.425354,20.761951,22.233871,19.014242,23.425177,19.039469,24.394077,23.313955,20.782011,19.674187,20.747625,17.115292,21.064024,19.257696,23.93,23.006536,28.440666,28.40872,31.912647,30.718414,29.97673,35.688747,35.77807,31.380003,29.885881,26.19798,27.217844,21.868319,20.2358,17.659914,16.114904,17.41105,15.259665,11.487208,12.816669,13.565042,10.439621,9.722122,14.498623,14.7370205,9.794605,9.778927,14.045685,16.785803,19.385021,21.039225,18.644695,23.511152,19.748266,23.912167,24.336393,27.763432
24,29.888603,27.251417,29.461054,24.487452,25.936182,27.906307,25.304895,31.41069,28.761879,32.0098,35.13445,35.09006,33.440056,32.52076,30.544828,25.725733,23.832066,20.11493,19.079895,14.272224,11.915659,9.325184,8.00831,4.0954247,0.0,4.7909493,8.224329,10.080111,13.695796,18.550982,20.570715,25.240862,27.299417,31.685827,32.5129,36.81821,35.178444,33.138607,27.757599,26.865194,22.870731,22.069328,16.06797,14.396743,10.985116,9.783367,5.647032,6.905348,9.357921,10.881425,13.27893,11.544303,14.708888,17.954498,20.826303,24.8756,25.164658,22.383902,26.957197,24.573944,24.307878,18.86691,19.691761,16.197657,20.488457,15.842188,21.597467,20.483414,17.607014,17.039816,18.414417,15.219576,18.983746,17.787882,21.966213,21.84581,26.711613,27.45306,30.825714,30.185488,29.44938,34.93888,35.532986,31.226099,29.781422,25.731861,27.326534,21.518188,20.83736,18.093464,17.383698,18.582903,17.240246,13.216581,13.38857,14.444676,11.020345,9.616163,13.961923,14.127559,8.546167,7.462161,12.367355,15.167532,18.034546,19.838213,17.331776,22.6518,18.949125,22.730934,23.5441,26.470999
25,29.190228,26.90517,28.507578,23.60479,25.19768,26.50461,24.199928,29.898949,26.79149,30.22566,32.77964,32.689774,30.490479,29.149849,27.547754,22.631193,20.76131,17.40554,16.023481,12.194224,9.334206,8.186467,5.5938907,4.922834,4.7909493,0.0,6.1238155,5.902289,10.777375,14.539141,16.829222,21.35271,23.459068,27.640594,28.260609,32.484375,30.827456,28.623339,23.394627,22.48346,18.37649,17.906288,11.640798,10.657322,7.0247912,7.498521,4.818157,8.400488,10.130235,10.022433,10.645838,7.8913827,10.258079,14.233756,16.602324,20.515488,21.081161,18.736378,23.586552,21.680376,22.042852,16.398235,18.541117,15.816127,20.637024,17.41325,22.831291,22.570469,19.8607,19.22567,19.74429,15.101723,18.58962,16.161766,20.547615,19.225004,24.349903,24.21228,27.518202,26.390053,26.103579,31.67035,32.19364,28.005726,26.93974,23.000616,24.888008,19.43758,19.093925,17.042122,16.404058,18.586628,16.99962,13.103608,13.770951,15.987414,13.126291,11.042719,15.617718,17.092167,12.21925,10.029158,13.931585,17.809294,20.87652,21.799343,18.844614,23.37735,18.615036,22.448696,22.32554,25.353222
26,27.141632,24.386526,25.20787,19.984623,20.866676,21.839912,18.993467,24.547874,21.229074,24.420334,27.317972,27.0149,25.280506,24.461805,22.853031,17.78018,16.509249,12.404424,12.814174,7.6294246,7.4301095,7.0412273,8.056682,8.629811,8.224329,6.1238155,0.0,5.0263653,5.512943,11.638273,12.7127,17.85188,19.424002,24.179081,25.09409,29.499979,28.086176,26.35371,21.050274,19.806051,16.409025,14.743153,9.755384,7.362483,6.1219873,4.499645,8.901421,10.300674,9.2266865,10.977521,9.805075,9.397519,10.758267,13.264296,14.835861,19.608898,18.519674,15.784735,21.103853,19.638718,18.85084,13.201111,14.746821,12.164998,16.674793,14.161056,18.547216,18.80516,16.786308,15.520108,15.137868,9.792077,13.37809,10.7786,15.672796,14.5181675,20.20713,20.309126,24.025497,23.207989,21.788343,27.46191,27.596998,23.171986,21.619928,17.717323,19.198326,13.550682,13.314758,11.261516,11.45674,14.001559,13.417056,9.720411,9.314248,12.923443,10.9936495,7.797853,11.5094185,14.616067,11.418424,7.939904,9.661078,14.375058,17.52502,17.337814,14.072657,17.841349,12.640334,16.513569,16.262049,19.507809
27,26.394913,24.328253,25.001106,20.216011,21.731047,22.252407,20.27977,25.415045,22.005266,25.618305,27.617764,27.729275,25.089262,23.475233,21.93595,17.070442,15.174204,12.202965,10.738153,8.09561,5.7043495,7.149875,6.037652,8.925036,10.080111,5.902289,5.0263653,0.0,6.4815216,8.639155,11.379856,15.455677,17.924149,21.794794,22.746355,26.95503,25.121128,23.145681,17.680843,16.973907,12.84048,12.594817,6.687435,6.6853833,5.218818,7.199365,9.7811165,12.956721,12.949437,12.817677,10.6986265,8.373235,7.9951053,12.249012,12.8315115,17.113684,16.904585,15.171764,20.7993,19.950909,20.309483,14.642559,17.7605,15.971845,20.747404,18.94753,23.291153,23.78901,21.720898,20.543797,20.017319,14.268995,17.40654,13.767839,18.569426,15.865289,21.696762,20.443954,23.961775,22.23929,21.686577,27.467783,27.385582,23.140324,22.127563,18.621181,20.147602,15.4113245,14.858335,13.711729,13.119628,16.283892,14.714178,11.484643,12.525845,15.893826,14.135881,11.636235,15.727494,18.626196,15.183532,12.513662,14.556849,19.104677,22.109253,21.905678,18.717955,21.92971,16.405651,20.278622,19.123482,22.512434
28,26.792727,24.204418,23.86819,18.822725,19.244343,19.127161,16.336107,20.988258,16.971071,20.096035,22.542555,21.968351,19.960133,19.087776,18.017668,12.677832,12.214301,7.9971066,10.112855,6.272038,8.350694,10.029343,11.5825205,13.621128,13.695796,10.777375,5.512943,6.4815216,0.0,7.843042,7.444103,13.077585,14.049484,19.11395,20.015211,24.457693,23.26689,21.775957,16.734615,15.134171,12.516346,9.992848,6.984584,4.500458,6.9620323,6.5784235,13.390155,14.825564,12.7408285,13.852233,10.491234,10.983295,10.343573,11.7666235,11.644658,16.681097,14.401491,12.0269375,17.842983,17.409872,16.434961,11.1606045,13.583182,12.440364,16.537104,16.108597,19.04412,20.326447,19.006016,17.536478,15.955948,9.672721,12.150059,8.032747,13.089054,10.417045,16.73593,15.901064,19.821842,18.70087,16.79107,22.60784,22.309278,17.822512,16.315557,12.634847,14.1245575,8.971731,9.570254,9.001008,10.181186,13.751033,13.764132,11.2112665,10.671014,15.240874,14.49184,11.257093,13.627792,17.917362,16.06065,12.414558,12.06754,17.055115,20.008316,18.55541,15.153867,17.103848,10.95279,14.392913,12.744869,16.13401
29,24.581364,23.121788,22.055935,18.06576,19.255014,18.094751,17.089697,20.491701,16.641117,20.392385,21.000439,21.543732,17.920406,15.582314,14.32978,9.889011,8.100821,7.309092,6.0396533,8.589852,8.974423,12.521488,13.045259,16.96681,18.550982,14.539141,11.638273,8.639155,7.843042,0.0,5.545954,6.8586664,10.567649,13.29235,15.107932,19.153082,16.897451,15.523546,9.576806,9.613807,5.870823,6.7531962,5.9670205,8.328214,10.931848,13.125068,18.069292,20.902328,19.77438,19.558655,15.505343,14.294881,11.19136,13.96827,11.13515,14.979844,13.247178,13.296989,19.32666,20.372648,20.750366,16.137932,20.066486,19.797907,23.852274,23.948078,26.629984,28.024355,26.828629,25.188894,23.49813,17.319418,19.31595,14.653277,19.021053,14.386138,20.472296,17.227863,20.733475,17.932003,16.950777,22.720018,21.391012,17.294897,16.553493,14.467227,15.008226,12.784253,11.960104,13.094257,12.779853,16.823503,15.627419,14.350377,15.569706,19.578213,19.32859,16.955757,19.68729,23.733982,21.958494,19.23496,19.27841,23.903627,26.548473,25.008718,21.909891,22.879354,17.043177,20.28145,17.476713,21.02589
30,28.262877,26.3716,24.710154,20.536531,20.754238,19.032553,17.195732,19.790976,14.988246,17.932783,18.74283,17.88525,14.645407,12.872897,13.349773,8.029807,9.11149,7.258348,10.049248,10.724364,12.854552,15.8525715,16.853914,19.990416,20.570715,16.829222,12.7127,11.379856,7.444103,5.545954,0.0,7.0236096,6.7359347,12.035263,12.596424,17.037258,16.096325,14.73504,10.4504795,8.155417,7.293943,3.6007724,6.794585,7.3128467,11.408725,12.761402,19.35219,21.311728,19.175653,19.056007,14.266905,14.712545,11.802195,12.127922,8.856706,13.074227,9.525316,9.170818,15.070266,16.5506,16.328825,12.558138,16.412327,17.115173,20.572023,22.131926,23.909613,26.063345,25.187605,23.8077,21.494476,15.237983,16.101799,11.175194,14.661701,9.450373,15.338689,11.972047,15.666398,13.3220215,11.573788,17.437792,16.378847,12.157894,11.601479,9.146075,10.873956,8.921461,10.663196,12.578648,13.933257,17.971048,18.011934,16.732355,16.716759,21.31922,21.23858,18.290884,20.113338,24.766794,23.405952,19.838758,18.924118,23.787004,26.503061,24.275322,21.029015,21.211561,15.026807,17.27262,13.802748,16.644556
31,25.420952,24.432299,21.939724,19.016462,19.588299,16.960594,16.862175,18.01345,14.009304,17.35636,16.357023,17.228695,12.693352,9.524476,9.074416,6.194193,6.0092993,8.535051,8.995029,13.3580065,15.004325,18.577549,19.676504,23.661982,25.240862,21.35271,17.85188,15.455677,13.077585,6.8586664,7.0236096,0.0,6.441464,6.7386847,10.09593,13.697065,11.121389,10.980409,5.47003,6.615815,6.482021,7.5149117,11.512231,13.6183815,17.099537,18.977451,24.703562,27.247715,25.561964,25.434488,20.800236,20.309189,16.721138,18.103117,13.852726,16.571552,13.578827,15.012924,20.309084,22.630785,22.806498,19.48768,23.3309,23.97892,27.256933,28.509636,29.994982,31.92016,31.32543,29.49437,27.166914,21.272911,22.327595,17.69727,21.10581,15.863484,21.212803,16.801426,19.889326,16.529673,14.977453,20.082396,17.44848,13.880326,13.479814,13.403,12.703444,13.603266,12.938488,15.615894,15.760117,19.64972,19.05794,19.020277,19.99559,24.031738,24.578714,22.334509,24.1042,28.601456,27.77729,25.025063,24.041471,28.461914,30.790134,28.451792,25.596159,24.977684,19.55422,21.864264,18.131514,21.313173
32,31.052341,29.613438,26.899961,23.640018,23.420197,20.543991,19.459017,19.859903,14.8858595,16.951063,16.03168,14.655988,10.442841,7.8651342,11.027517,7.5763273,10.61584,11.224899,14.20868,16.555355,18.938932,22.175827,23.226448,26.62333,27.299417,23.459068,19.424002,17.924149,14.049484,10.567649,6.7359347,6.441464,0.0,6.8762145,6.730013,11.016087,10.933262,10.362797,8.598688,5.6923027,8.930187,6.265352,12.548322,13.611561,17.723816,19.179628,25.825466,27.731382,25.354801,24.958832,19.802855,20.54385,17.085424,16.348803,11.840608,14.111764,9.566429,11.283371,15.52202,18.524715,18.470846,16.55888,20.364496,22.091934,24.727945,27.502985,28.241476,30.935461,30.511494,29.141453,26.349367,20.521444,20.371157,15.774182,17.71183,12.109753,16.176008,11.18084,13.941157,10.776029,8.767283,13.646369,11.283067,7.913867,8.738444,9.0046835,10.134444,11.960821,14.145599,17.161642,18.723612,22.582304,22.93793,22.473627,22.443495,26.987537,27.389702,24.568281,25.806963,30.700865,29.880484,26.307491,24.816711,29.481976,31.963339,29.150486,26.127897,25.016558,19.349419,20.498816,16.220278,18.162884
33,29.945004,29.402191,26.122946,24.096317,24.253008,20.805023,21.235556,20.422104,16.541153,18.77717,16.02826,16.457417,11.261217,7.1803603,9.827576,9.770228,11.378275,14.463608,15.504741,19.949873,21.730026,25.313726,26.236097,30.250275,31.685827,27.640594,24.179081,21.794794,19.11395,13.29235,12.035263,6.7386847,6.8762145,0.0,5.6856747,7.801819,5.3549633,6.9971232,6.2314653,7.159006,10.451228,11.240687,16.847769,18.996752,22.705595,24.69802,30.63411,33.115757,31.197392,30.675468,25.626713,25.488379,21.525303,21.874792,16.933369,18.08808,14.834395,17.504715,21.392572,24.727938,25.18597,23.184292,27.166168,28.646267,31.421947,33.735134,34.54679,36.9753,36.625957,34.940826,32.248634,26.507523,26.75729,22.21111,24.487764,18.964392,22.874733,17.540516,19.5795,15.77414,14.693749,18.241531,14.764658,12.816824,13.666737,15.35806,14.65342,17.680475,18.011292,21.236202,21.815609,25.512577,25.265467,25.564674,26.324318,30.411726,31.149042,28.831076,30.240442,34.936985,34.32226,31.337006,30.020113,34.44302,36.695065,33.938877,31.162268,29.724771,24.552563,25.984196,21.742905,24.045937
34,35.033924,34.249954,31.256079,28.712175,28.77527,25.52878,25.236822,24.742296,20.224308,21.941656,19.618639,18.390015,13.684653,10.281876,14.577143,13.168833,15.524321,17.348433,18.96999,22.451117,24.045273,27.527845,27.874544,31.61208,32.5129,28.260609,25.09409,22.746355,20.015211,15.107932,12.596424,10.09593,6.730013,5.6856747,0.0,4.490257,5.862155,5.0909224,8.283951,6.045357,10.9469,10.537441,16.710585,18.727507,22.404633,24.593702,30.496164,32.855354,30.85242,29.619038,24.297176,24.535633,20.465954,19.671534,14.574141,14.510174,11.334791,14.789192,17.399382,21.232683,22.32805,21.26382,25.66641,27.809643,30.50022,33.668076,34.525562,37.38638,36.81826,35.65247,32.89141,26.962704,26.649162,21.990273,23.349646,17.580029,20.198536,14.301435,15.414369,11.2223425,11.735396,14.436326,12.02447,11.21468,13.573746,14.822007,16.0747,18.62167,20.668451,23.733353,24.92743,28.82152,28.77909,28.410954,28.781462,33.214256,33.505783,30.763992,32.340103,37.125614,35.961845,32.405968,31.315847,36.075096,38.615654,35.87311,32.830666,31.699055,26.074936,27.06865,22.700176,24.141434
35,37.60297,37.178165,33.88481,31.875826,31.94042,28.412767,28.582914,27.352451,23.217358,24.606073,21.485043,20.460474,15.785953,12.422003,16.941008,16.73445,18.96052,21.360374,22.636688,26.607288,28.078949,31.642431,31.89282,35.775932,36.81821,32.484375,29.499979,26.95503,24.457693,19.153082,17.037258,13.697065,11.016087,7.801819,4.490257,0.0,4.840393,5.5030093,11.016269,10.018286,14.645194,14.936852,20.929857,23.143396,26.711042,29.032478,34.747135,37.223354,35.291077,33.894535,28.560043,28.671167,24.47238,23.678766,18.56549,17.674656,15.129988,18.851797,20.674646,24.771126,26.089506,25.472185,29.86757,32.177128,34.726852,38.094574,38.779064,41.725586,41.23522,40.06017,37.232002,31.387276,30.947971,26.376812,27.471695,21.798677,23.813395,17.859728,18.233618,14.133791,15.105001,16.42951,13.751104,14.22645,16.830011,18.74895,19.609566,22.80181,24.64514,27.851818,28.91565,32.732353,32.620335,32.493755,33.0029,37.347427,37.75057,35.10289,36.64414,41.433067,40.34587,36.862247,35.744934,40.453747,42.928974,40.094334,37.12672,35.719223,30.28707,31.106401,26.6634,27.896166
