,0,1,2,3,4,5,6,7,8,9,10,11,12,13,14,15,16,17,18,19,20,21,22,23,24,25,26,27,28,29,30,31,32,33,34,35,36,37,38,39,40,41,42,43,44,45,46,47,48,49,50,51,52,53,54,55,56,57,58,59,60,61,62,63,64,65,66,67,68,69,70,71,72,73,74,75,76,77,78,79,80,81,82,83,84,85,86,87,88,89,90,91,92,93,94,95,96,97,98,99,100,101,102,103,104,105,106,107,108,109,110
0,0.0,4.279057,6.890895,9.621559,12.700257,14.467513,18.154667,23.41869,26.00205,29.09796,33.33322,35.67031,39.69527,36.2589,31.246767,29.839668,26.593977,24.492226,21.500937,20.712154,19.841614,17.555552,18.103706,22.36511,23.60159,24.712835,25.885609,25.98235,29.265713,27.38181,34.467705,30.18891,36.93269,34.75459,37.89518,40.021996,38.601036,38.390667,34.171368,31.64586,35.861668,32.471962,35.993298,34.58326,31.07307,32.906025,29.962158,30.313238,29.64962,30.309074,31.144741,32.05236,36.907204,36.900425,40.161537,37.573498,36.39498,38.442886,41.97507,41.698036,38.4158,35.050236,37.486572,36.245403,38.957233,35.41547,31.736929,34.845524,29.243063,27.9651,26.63066,30.04576,27.28338,27.874134,32.812958,31.993095,37.31217,37.89283,38.868046,42.044514,39.975113,43.13018,40.384098,36.408188,32.580345,30.875887,27.383926,26.027925,21.048365,20.529587,17.309162,17.747564,14.31364,13.555041,12.093771,13.215739,13.202885,14.85177,18.149368,16.600658,23.052452,21.006876,25.996067,29.682112,28.745644,26.038532,29.021198,22.592413,23.70725,21.899105,21.119375
1,4.279057,0.0,4.731914,6.169543,8.7023535,11.552029,14.275131,20.00595,22.476507,25.495686,29.911083,32.375988,36.16201,32.446007,27.530102,25.86276,22.58863,20.265509,17.380205,16.455257,15.837676,13.529845,14.549453,18.590477,19.60778,20.734146,21.665018,21.819675,25.061678,23.367533,30.486425,26.4408,33.28243,31.449022,34.628635,37.02591,35.802795,35.374046,31.098202,28.365177,32.320694,28.729979,32.12141,30.527748,27.083206,28.711645,25.927328,26.156746,25.722607,26.252031,27.063726,27.831,32.71836,32.708115,35.917385,33.31734,32.127495,34.193493,37.74286,37.52365,34.28693,30.880417,33.454308,32.288177,35.161186,31.564297,27.84978,31.299412,25.822111,24.334938,23.35305,26.707703,23.808279,24.069614,28.979155,28.002308,33.27176,33.882202,34.80052,38.127842,35.98424,39.323418,36.73677,32.61651,28.821243,26.903713,23.616417,21.939928,16.95696,16.51205,13.34474,14.292079,10.952373,9.860525,7.975583,9.371604,9.319631,11.814221,14.757889,13.920101,20.441156,18.334536,23.41465,27.16964,26.127563,23.55186,26.316038,19.847906,21.31428,19.156109,19.19851
2,6.890895,4.731914,0.0,5.1177926,7.5481358,8.033472,12.6537285,16.900024,20.043297,22.68232,26.937283,29.643076,33.83881,30.705578,25.925825,24.40446,21.643616,19.545921,18.069511,16.8727,17.562668,15.084543,17.2012,20.711912,20.9997,22.35181,22.228718,22.291513,24.716204,23.341122,29.532547,25.689022,32.12836,29.885628,33.477398,35.38709,34.614838,34.59147,30.113995,27.480925,31.840683,28.624043,31.628693,30.26694,27.63834,28.798138,27.008604,26.98941,27.366161,27.278479,27.61443,27.824862,32.738316,32.075806,35.63539,33.319935,31.373816,33.17412,36.58292,35.973835,32.68094,29.318447,31.496552,30.453718,32.816647,29.017023,25.768358,28.840628,23.235723,22.30147,21.649529,25.427612,23.121775,23.004322,28.33381,26.657072,32.071053,32.103466,32.883785,35.71415,33.7222,36.60023,33.79401,30.013521,26.114124,24.66685,20.884861,20.20972,15.352906,15.46478,13.164251,14.465885,11.611757,12.009876,9.766081,11.76212,10.13694,12.79362,14.514204,12.478354,18.54457,15.541373,20.508818,24.099648,22.520607,19.66735,22.218996,15.744462,16.965826,15.232358,15.039813
3,9.621559,6.169543,5.1177926,0.0,3.8424602,6.2195926,8.657966,14.342661,16.459616,19.794342,24.021286,26.271666,30.121334,26.656038,21.666466,20.351755,17.26812,15.771358,13.753651,13.516968,14.24752,12.6506405,14.923528,17.914692,18.31431,19.002201,18.6241,18.068388,20.588606,18.678003,25.129282,20.95088,27.550617,25.462463,28.825014,31.047285,30.071047,29.80327,25.39399,22.686316,26.937763,23.705978,26.911434,25.7247,22.988146,24.61673,22.767126,23.517925,23.978344,24.3957,25.137918,24.968222,30.000542,29.591465,32.664677,29.975023,28.220652,29.775978,33.65813,32.750565,29.231794,26.372993,29.386562,28.840618,31.522516,27.133585,24.324657,28.344118,23.107428,21.826725,22.108662,25.654463,23.031025,22.13994,27.229195,25.100433,30.294739,30.274488,30.566828,33.672146,31.050228,34.176308,31.258808,27.133009,23.437075,21.882504,18.558,17.8738,13.085417,14.063672,12.1334095,14.634613,12.134256,10.95436,7.7998576,8.337478,5.4289384,7.8822613,9.442332,8.172379,14.522759,12.310346,17.390682,21.169853,20.317593,18.017273,21.287302,15.103217,17.568249,15.941891,17.267756
4,12.700257,8.7023535,7.5481358,3.8424602,0.0,5.8908143,5.6515455,11.93499,14.10097,17.035147,21.579317,24.18072,27.715912,23.887985,19.148031,17.277657,14.266295,12.165729,10.856961,10.08793,11.680996,10.075156,13.134164,15.453605,15.308619,16.161411,15.230977,14.921129,17.207258,15.856398,22.199318,18.575277,25.241747,23.703804,27.168943,29.700985,29.105467,28.575367,24.127804,21.144989,24.934935,21.409845,24.287796,22.74248,20.227642,21.311357,19.866228,20.169083,21.060698,21.070992,21.61598,21.256098,26.281075,25.765917,28.898624,26.313292,24.445896,26.092434,29.872023,29.135895,25.744059,22.657787,25.66799,25.116842,27.949501,23.64024,20.68572,24.97687,19.941063,18.450205,19.128841,22.526335,19.89106,18.625446,23.64689,21.354042,26.497269,26.519459,26.849945,30.11669,27.557201,30.913187,28.291056,24.02657,20.321894,18.418352,15.330387,14.109221,9.315476,10.51259,9.107391,12.243957,10.44994,9.496884,6.4068356,7.451661,4.497298,8.368251,8.497257,8.712242,14.258394,11.835606,16.701336,20.383257,19.155346,17.020178,19.56506,13.526828,16.151691,14.025477,16.250416
5,14.467513,11.552029,8.033472,6.2195926,5.8908143,0.0,6.976556,9.206914,12.374851,15.077919,19.047113,21.674412,26.054752,23.457527,18.819838,17.762863,15.710213,14.806339,15.293417,14.761388,17.230719,15.677849,18.979664,21.060802,20.483688,21.36724,19.486357,18.785,19.824627,18.55094,23.180052,19.548119,25.295618,22.729748,26.684708,28.22359,28.04668,28.310263,23.694181,21.15967,25.793194,23.210571,25.649075,24.833065,23.492361,24.315493,24.06956,24.461376,26.058104,25.64305,25.740383,24.696386,29.594595,28.286476,31.692375,29.43785,26.628204,27.683718,31.35842,29.814478,26.230495,23.609446,26.152166,25.966702,27.909832,23.075653,21.253593,24.92012,19.8189,19.329552,20.485334,24.361485,22.603966,20.966042,26.349669,23.125607,28.29959,27.38427,27.313684,29.68575,27.158806,29.617476,26.363487,22.702066,18.917177,18.160112,14.190969,15.377032,11.321039,13.474511,13.263729,16.151045,14.63546,14.951132,12.062057,13.171398,9.463347,11.481988,10.4607935,7.717835,12.083798,8.177957,12.949804,16.450493,14.687728,12.064939,15.158954,9.054315,11.956608,11.254335,13.250948
6,18.154667,14.275131,12.6537285,8.657966,5.6515455,6.976556,0.0,7.626605,8.698651,11.906147,16.368414,18.81705,22.11372,18.257954,13.56568,11.78919,9.096078,8.154231,8.946503,9.158982,12.296972,11.93007,15.468932,16.266136,15.3979025,15.659096,13.1043415,11.964208,12.945617,11.676326,16.91225,13.51097,19.869015,18.465733,22.107687,24.679008,24.53557,23.97436,19.477848,16.401796,20.098593,16.877,19.293139,18.058952,16.593283,17.38549,17.305153,18.054756,19.981216,19.797823,20.225275,18.77174,23.709297,22.816166,25.6353,23.012287,20.582138,21.618578,25.739782,24.310717,20.653942,18.23848,21.864136,22.094532,24.779726,19.678307,17.883886,22.866825,18.572407,17.250393,19.381523,22.535997,20.300333,17.82736,22.528217,19.09193,23.823881,23.217932,22.791739,25.911976,22.769028,26.051298,23.24034,18.831165,15.341683,13.669299,10.985003,10.866729,7.3152237,10.454727,11.078302,14.946627,14.305293,13.39538,10.668886,10.670934,7.190253,9.404902,6.573426,7.8441534,10.955457,8.832777,12.854019,16.285225,15.251557,13.859367,16.446024,11.583504,15.224906,13.711713,17.340044
7,23.41869,20.00595,16.900024,14.342661,11.93499,9.206914,7.626605,0.0,5.0709434,5.9314704,10.11292,13.541471,17.721073,15.568154,12.015546,10.910373,10.919986,11.30008,15.220159,14.888143,19.001347,18.406115,22.35461,22.60723,20.903416,21.48093,17.663397,16.627855,15.254341,15.252718,16.656065,14.698331,18.88484,16.826042,21.226025,22.582817,23.735844,24.00693,19.521599,17.025023,20.943678,19.05643,20.010462,19.484362,20.2667,19.78534,21.904922,22.035423,25.111982,23.897755,23.416859,20.950603,25.283564,23.085443,26.276346,24.49289,20.5708,20.701462,24.267548,21.80074,18.157024,16.326561,18.955238,19.853243,21.189632,15.340651,15.606783,19.794922,16.14428,16.182898,19.43583,22.755503,21.867281,18.667358,23.376692,18.569653,22.93079,20.877111,19.796478,21.55742,18.573353,20.638935,17.193214,13.5956,9.911416,10.10671,6.231237,10.533265,9.584638,13.391311,15.679767,19.14371,19.253231,19.823702,17.440207,18.174294,14.623961,16.235508,12.654284,11.851186,11.481802,7.8994155,9.510198,11.792719,8.958378,7.680028,9.11404,6.2695737,10.482137,10.6699095,15.08255
8,26.00205,22.476507,20.043297,16.459616,14.10097,12.374851,8.698651,5.0709434,0.0,5.034476,8.119849,10.12551,13.806616,11.294179,7.175807,7.306278,7.79952,10.5485325,14.310088,15.329889,19.196903,19.594263,23.200182,22.838076,21.316242,21.067642,16.950403,14.95108,12.932388,12.225372,12.479937,10.157786,13.940749,11.826055,16.177126,17.823202,18.960182,19.042843,14.633318,12.15856,16.034908,14.6879225,15.514693,15.717599,17.122313,17.180609,19.770025,20.998991,24.190166,23.594223,23.587109,20.637642,24.79839,22.961597,25.266281,23.060812,19.394184,18.83443,23.098663,19.910412,15.820387,15.428265,19.337612,21.057196,22.645525,16.27823,17.523592,22.479107,19.658401,19.31466,23.019533,25.87466,24.69649,21.084013,25.11298,20.107603,23.768267,21.653372,19.725601,21.662361,17.617393,19.822113,16.098188,12.066527,9.342118,9.848477,8.064217,12.071339,11.970627,16.037968,18.29581,22.113806,22.226679,21.821175,19.304039,19.006142,15.394374,15.867977,11.522518,11.7843275,9.287048,7.9395967,7.9280143,9.862954,9.08105,9.63475,12.208148,11.072945,15.377358,15.690062,20.150047
9,29.09796,25.495686,22.68232,19.794342,17.035147,15.077919,11.906147,5.9314704,5.034476,0.0,5.0198565,9.184992,12.57128,10.749672,8.930131,8.011223,10.233226,11.801437,17.06261,17.072876,21.496874,21.567348,25.473509,24.706646,22.561356,22.78364,18.143755,16.893879,13.8567095,14.795587,13.122691,13.027304,15.314872,14.102723,18.436525,19.73237,21.83366,21.96508,17.9635,15.720124,18.535942,17.3526,16.971529,16.765837,19.195992,17.829151,21.528423,21.63201,25.446589,23.923477,23.201769,19.86623,23.4701,20.829414,23.497826,22.06844,17.556973,16.741095,20.223291,16.87408,13.186248,12.580489,15.480658,17.476652,18.35771,11.822955,14.235058,18.685148,16.698475,16.920101,21.195585,23.784508,23.363163,19.418474,23.123503,17.575588,20.811613,17.98892,15.858591,17.110088,13.435223,15.225437,11.610173,7.810238,4.6197996,6.4141192,4.9752254,10.669669,12.291349,16.146027,19.249966,22.730257,23.501535,23.937014,21.862757,22.257866,19.04488,20.293356,16.097765,16.34605,14.060519,11.975496,11.243504,11.96214,9.480762,10.138203,9.836062,10.665885,14.106985,14.545421,19.334845
10,33.33322,29.911083,26.937283,24.021286,21.579317,19.047113,16.368414,10.11292,8.119849,5.0198565,0.0,5.010081,8.80671,9.573565,9.531795,10.428937,13.499558,16.158758,21.268402,21.762249,26.07269,26.40756,30.215864,29.267368,27.146502,27.082367,22.29931,20.676746,17.071957,17.80297,13.897176,14.466244,14.357347,12.695603,16.90389,17.120577,20.059166,20.735952,17.280313,15.887189,18.476063,18.645138,17.459671,18.27399,21.761545,20.451385,24.814762,25.364225,29.351212,27.943172,27.227648,23.5361,26.600798,23.759167,25.89313,24.69549,20.005829,18.25926,21.51856,17.122126,13.576923,14.7713585,17.396246,20.12707,20.166399,13.600277,17.663082,21.51326,20.41401,21.065578,25.551521,27.956612,27.89147,23.804462,27.06278,21.274853,23.701641,20.259962,17.322842,17.38364,13.340809,13.588648,8.961706,6.690827,6.091904,9.659107,9.53068,15.288715,17.300856,21.125755,24.26921,27.736982,28.495882,28.853489,26.664728,26.791344,23.363317,23.977623,19.591604,19.458824,15.630883,14.320279,11.710443,10.77194,8.930268,11.048327,10.696511,13.842219,17.02445,18.376987,22.902008
11,35.67031,32.375988,29.643076,26.271666,24.18072,21.674412,18.81705,13.541471,10.12551,9.184992,5.010081,0.0,5.5164986,8.54894,9.048593,11.850924,14.84569,18.750021,23.099077,24.47094,28.392338,29.216232,32.737083,31.696655,29.897089,29.288372,24.633911,22.35011,18.73187,18.588589,13.627647,13.819104,11.816805,9.280046,13.155188,12.478157,15.838413,16.950928,14.054383,13.573064,16.131586,17.63391,16.260569,18.264128,22.15055,21.627546,25.98262,27.528957,31.333958,30.5559,30.2767,26.464897,29.416079,26.977682,28.36787,26.822056,22.585213,20.294298,23.981825,18.990437,15.313856,17.910236,21.255592,24.342987,24.500046,17.992134,22.21569,26.322655,25.329275,25.78178,30.256561,32.616383,32.285263,28.147917,31.202482,25.492178,27.58042,24.238008,20.862484,20.867027,16.266108,16.114504,11.413103,9.865584,10.534709,13.685085,14.049173,19.32407,21.039673,25.012848,27.866558,31.553587,32.04862,31.817535,29.393585,28.892958,25.285454,24.993353,20.512753,20.392197,15.246433,15.373699,11.580094,9.635046,10.192321,13.248504,14.53781,17.628744,21.176702,22.792765,27.167078
12,39.69527,36.16201,33.83881,30.121334,27.715912,26.054752,22.11372,17.721073,13.806616,12.57128,8.80671,5.5164986,0.0,6.2785473,9.745525,12.491006,16.017366,20.15139,24.549582,26.175863,29.941448,31.263657,34.549892,32.82884,30.92812,29.963024,25.18472,22.819876,18.60857,18.90501,11.8798275,13.906568,9.427987,9.234571,11.614009,11.495558,15.46439,15.837817,14.141461,13.996261,14.440998,16.650723,14.015685,16.43787,21.323933,20.41677,25.470583,27.182632,31.154974,30.45048,30.2434,26.132576,28.342043,26.101677,26.576298,25.165567,21.2494,18.240759,21.81481,16.35293,13.097289,17.236626,20.924349,24.540575,24.783253,18.7129,23.414524,27.72604,27.653038,27.824144,32.57057,34.35084,34.00865,29.639492,31.81086,26.196545,27.27612,23.981964,20.053898,20.023836,14.977514,14.836309,11.12984,10.006964,12.315671,14.946632,16.848948,21.146534,23.647238,27.444912,30.486519,34.178246,34.99337,34.46692,32.28841,31.508327,28.324331,27.953594,23.407059,24.278214,19.165724,19.986105,16.509104,14.756728,15.685806,18.63228,19.307213,22.362387,25.793505,26.93941,31.580719
13,36.2589,32.446007,30.705578,26.656038,23.887985,23.457527,18.257954,15.568154,11.294179,10.749672,9.573565,8.54894,6.2785473,0.0,5.3693204,7.1106787,10.675033,14.780466,19.028137,20.778376,24.347237,25.9832,29.051414,26.986567,25.117306,23.956434,19.219006,16.819342,12.491961,13.060039,5.7143736,8.832273,6.1090307,8.363357,10.834727,13.360835,15.99643,15.004951,12.667664,11.168638,10.708337,11.398198,8.684231,10.343247,15.219028,14.1577425,19.232143,21.013798,24.92931,24.404234,24.45663,20.422234,22.843813,21.147736,21.417643,19.48437,16.029718,13.362909,17.828722,13.036527,9.060436,12.856274,17.7878,21.13244,22.499554,16.507164,19.97515,25.179585,24.823397,24.275354,28.886974,30.422703,29.55299,25.216646,27.15388,21.926847,23.133978,20.623545,17.01711,18.575542,13.156054,15.249724,12.564,9.095928,10.497877,11.418611,14.05991,16.808954,19.350271,22.947424,25.85524,29.575876,30.50384,29.593761,27.65997,26.704775,24.037664,23.957043,19.489758,21.533493,17.539362,18.459883,16.417088,16.108112,16.77874,18.97446,19.811874,21.201063,24.852077,25.015852,29.901022
14,31.246767,27.530102,25.925825,21.666466,19.148031,18.819838,13.56568,12.015546,7.175807,8.930131,9.531795,9.048593,9.745525,5.3693204,0.0,4.4616127,6.645031,11.586352,15.034128,17.223843,20.600239,22.165699,25.20519,23.729235,22.260908,21.057695,16.671555,13.842094,10.576294,9.665032,6.169489,5.0171323,6.917316,6.8075585,10.395878,13.331312,14.733846,13.838263,10.183695,7.700487,9.606684,9.155725,8.804057,10.151418,13.211919,13.481447,17.17298,19.514921,22.922443,22.899754,23.341217,19.811424,23.234789,21.931438,22.801847,20.250435,17.169111,15.579583,20.49491,16.602009,12.313311,14.169645,19.386929,22.008665,23.909369,17.629005,19.784513,25.344902,23.776407,22.983994,27.147524,29.20076,27.834303,23.809729,26.591047,21.623644,23.97607,21.971258,19.114927,21.327423,16.24479,18.806839,15.598249,11.394069,10.824242,11.100566,12.284353,14.887914,16.135605,19.94234,22.324633,26.23595,26.679825,25.44708,23.20763,22.021765,19.066,18.710653,14.210011,16.246616,12.545926,13.714505,12.434803,13.151997,14.208826,15.950242,18.0862,18.086254,22.190613,22.226141,26.93101
15,29.839668,25.86276,24.40446,20.351755,17.277657,17.762863,11.78919,10.910373,7.306278,8.011223,10.428937,11.850924,12.491006,7.1106787,4.4616127,0.0,4.074723,7.7590933,12.34334,13.757846,17.523726,18.929768,22.146553,20.374617,18.514557,17.654789,12.913977,10.697657,6.932324,7.677729,5.8771367,6.3430066,10.075642,11.224481,14.44098,17.725218,19.021168,17.741581,14.149506,11.195136,12.209655,9.932678,9.611769,8.860935,11.432589,10.472115,14.436389,15.754275,19.485836,18.899529,19.069078,15.5191145,19.116545,17.75388,19.03456,16.553896,13.296446,12.370403,17.257387,14.2347765,10.064596,10.460277,15.859333,18.115652,20.519835,14.599288,15.874832,21.72518,20.19108,19.059662,23.215248,25.026339,23.59091,19.522099,22.159641,17.322294,19.815182,18.188763,15.794587,18.745747,14.048891,17.58606,15.204776,10.3732605,9.062672,7.793512,9.57784,10.83071,12.620883,16.189255,18.853142,22.639776,23.469995,22.495604,20.645067,19.901266,17.481462,18.143013,13.857072,16.532923,14.490981,14.5952,14.5681505,15.887093,15.692114,16.667395,17.73606,17.013016,20.743084,20.008995,24.863476
16,26.593977,22.58863,21.643616,17.26812,14.266295,15.710213,9.096078,10.919986,7.79952,10.233226,13.499558,14.84569,16.017366,10.675033,6.645031,4.074723,0.0,5.39552,8.536408,10.653314,13.990916,15.629596,18.6205,17.127968,15.721666,14.618139,10.39716,7.6650167,5.7025847,4.6080523,7.9367146,5.707442,11.931109,12.6228285,15.569085,19.252947,19.615107,18.090412,14.229842,10.842097,12.435135,8.963466,10.436081,9.164839,9.450472,9.85868,12.046667,13.993937,17.058334,17.141048,17.865889,14.992039,19.212967,18.573902,19.933271,16.906517,14.604532,14.579038,19.560108,17.398039,13.46889,12.855913,18.225792,19.792213,22.74637,17.195827,17.087841,23.111944,20.77978,19.195652,22.737875,24.727602,22.681547,19.043453,22.029192,17.890755,20.991968,20.132444,18.431238,21.90103,17.571842,21.38774,19.052998,14.177967,12.20387,10.263662,10.920893,10.748183,11.048988,14.437533,16.39343,20.306646,20.757088,19.193514,17.232487,16.089296,13.825778,14.416084,10.357684,13.838,13.026554,13.38804,14.57852,16.742603,16.851065,17.278183,19.162977,17.038464,20.915792,19.742153,24.325624
17,24.492226,20.265509,19.545921,15.771358,12.165729,14.806339,8.154231,11.30008,10.5485325,11.801437,16.158758,18.750021,20.15139,14.780466,11.586352,7.7590933,5.39552,0.0,6.301105,6.1133943,10.325753,11.347265,14.748697,13.158303,11.155901,10.988156,6.5257134,5.822524,5.4908805,6.933805,11.856945,10.917459,16.952837,17.935394,20.927332,24.58336,24.98736,23.414042,19.565947,16.137548,17.403265,13.247433,14.603005,11.9046545,10.825838,9.842743,11.010997,10.830778,13.958368,13.125127,13.447036,11.165413,15.947547,15.384379,17.647406,14.87352,12.767759,14.152394,18.396189,17.715355,14.516507,11.715135,16.25711,16.764713,20.314365,15.762321,13.747149,19.766418,17.045809,14.894389,17.97247,19.806759,17.454567,14.053744,17.24892,13.747142,17.504086,17.471241,16.924057,21.016483,17.730694,22.111027,20.568253,15.699838,13.030515,9.768035,10.015478,6.8794813,6.81058,9.488671,11.6200695,15.356376,16.271683,15.158597,13.828433,13.604556,12.334446,14.584911,11.525696,15.089807,16.30632,15.387284,17.729273,20.273695,19.242168,18.79172,19.586618,16.432066,19.552832,17.342072,21.767069
18,21.500937,17.380205,18.069511,13.753651,10.856961,15.293417,8.946503,15.220159,14.310088,17.06261,21.268402,23.099077,24.549582,19.028137,15.034128,12.34334,8.536408,6.301105,0.0,4.556509,5.7197146,8.14899,10.330563,9.230132,8.947675,7.602479,6.1010413,4.5467267,8.590251,7.0145364,15.096372,12.3876705,19.383858,20.133041,22.43366,26.50138,25.793564,23.866194,20.201908,16.766888,18.125402,13.386123,16.31095,13.767916,9.946475,11.532971,9.047914,10.690373,11.637292,12.862496,14.591953,13.834224,18.65088,19.442806,21.019722,17.561335,17.221045,18.91737,23.31706,23.061255,19.920841,17.537695,22.173243,22.290361,26.174892,22.001068,19.32538,25.117304,21.823332,19.29868,21.191782,23.02247,19.79354,17.488583,20.534502,18.484415,22.242653,23.049894,22.832533,27.170284,23.82733,28.2723,26.566204,21.649584,19.041065,16.027847,15.745109,12.419327,10.244684,11.612441,11.541516,15.0890665,15.026264,12.102318,10.682371,8.927309,8.830381,10.609377,9.103797,13.860665,16.603354,16.621063,19.857067,22.966455,22.821783,22.154068,24.18669,19.968658,23.220335,20.814644,24.512491
19,20.712154,16.455257,16.8727,13.516968,10.08793,14.761388,9.158982,14.888143,15.329889,17.072876,21.762249,24.47094,26.175863,20.778376,17.223843,13.757846,10.653314,6.1133943,4.556509,0.0,4.734222,5.2935653,8.721889,7.7664533,6.2855663,6.9697614,5.3899097,6.7300806,9.910078,10.347797,17.321356,15.610468,22.284979,23.078178,25.816431,29.646494,29.404238,27.682373,23.84269,20.370144,21.774239,17.0854,19.31632,16.26038,13.105665,12.986562,11.124372,10.153245,11.423404,11.088566,11.996355,11.822532,16.823143,17.275986,19.751146,16.892746,16.219347,18.604666,22.254925,22.748325,20.054625,16.478899,20.134909,19.507685,23.500536,20.08573,16.33624,21.7341,18.205894,15.43852,16.863714,18.646778,15.310484,13.308503,16.687973,15.136615,19.374378,20.549618,21.112986,25.532572,22.995138,27.53973,26.268976,21.510193,18.537476,15.093001,14.477185,9.857102,7.2908297,7.4660583,7.4743476,10.908405,11.476871,9.545668,8.921405,9.010875,9.615288,12.984009,11.847167,15.651849,19.004927,17.868162,21.40824,24.520018,23.411978,22.260159,23.26734,18.720144,21.25478,18.219309,21.741896
20,19.841614,15.837676,17.562668,14.24752,11.680996,17.230719,12.296972,19.001347,19.196903,21.496874,26.07269,28.392338,29.941448,24.347237,20.600239,17.523726,13.990916,10.325753,5.7197146,4.734222,0.0,3.770945,4.7749977,4.149613,5.131486,4.929943,7.1814113,8.375182,12.875795,12.358154,20.275747,18.053314,24.955317,25.851078,28.095585,32.20917,31.372643,29.370869,25.797,22.397484,23.542423,18.623407,21.457535,18.389847,13.94879,14.923877,10.989532,10.7687435,9.941911,11.19976,13.125283,14.135437,18.749384,20.169703,22.046362,18.875507,19.40931,21.96841,25.617443,26.488842,23.923002,20.590063,24.348255,23.534672,27.746073,24.67853,20.660273,25.85165,22.270716,19.315464,19.91424,21.389208,17.561182,16.492367,19.268194,18.860567,22.762156,24.528996,25.271748,29.89765,27.341763,32.026222,30.80996,25.985828,23.14223,19.71288,19.16093,14.522524,11.704997,11.027423,9.389113,11.84699,11.707289,8.114492,8.18422,7.151975,9.719156,12.656878,12.985814,17.169783,21.246721,20.684757,24.548862,27.871542,27.240557,26.037386,27.577965,22.634094,25.13071,21.998884,24.973455
21,17.555552,13.529845,15.084543,12.6506405,10.075156,15.677849,11.93007,18.406115,19.594263,21.567348,26.40756,29.216232,31.263657,25.9832,22.165699,18.929768,15.629596,11.347265,8.14899,5.2935653,3.770945,0.0,4.214035,5.868751,6.0810204,7.78858,9.386373,11.155119,15.026655,14.969924,22.478046,20.300009,27.214407,27.690792,30.36693,34.146626,33.51305,31.837969,27.978384,24.572691,26.261152,21.498919,24.161787,21.12102,17.205343,17.587038,14.378166,13.112769,12.6425295,12.753655,13.857878,15.182162,19.847418,20.757624,23.38246,20.69387,20.66154,23.43072,26.66474,27.695778,25.215046,21.294544,24.298443,22.999933,27.01913,24.287565,19.723114,24.346764,20.26294,17.381138,17.282526,19.079714,15.224305,14.772581,18.20151,18.079609,22.509481,24.265884,25.469734,29.892252,27.834015,32.338802,31.113935,26.464165,23.25912,19.873169,18.658556,13.921024,10.3834095,8.778384,6.1433964,8.257842,7.944834,4.8005958,5.5842023,6.56624,9.303628,13.254474,13.890902,17.164557,21.866678,20.504288,24.723091,28.141932,26.941256,25.298065,26.453735,21.081495,23.053143,19.626234,22.133402
22,18.103706,14.549453,17.2012,14.923528,13.134164,18.979664,15.468932,22.35461,23.200182,25.473509,30.215864,32.737083,34.549892,29.051414,25.20519,22.146553,18.6205,14.748697,10.330563,8.721889,4.7749977,4.214035,0.0,4.5595517,6.9267306,7.859187,11.425375,13.087633,17.567104,17.0848,25.049541,22.696707,29.670795,30.358093,32.622932,36.654503,35.618515,33.68713,30.09608,26.758753,28.099012,23.198809,26.1688,23.07268,18.40594,19.37565,14.974213,14.138301,12.191491,13.405099,15.191203,17.260628,21.50995,23.161207,25.248154,22.36555,23.24058,26.12756,29.347742,30.697588,28.347881,24.614399,27.772236,26.401003,30.61688,28.152807,23.472914,28.02226,24.107819,21.093063,20.549911,21.91876,17.82062,17.956964,20.65636,21.347588,25.366016,27.576756,28.867668,33.493107,31.393003,36.06514,34.954487,30.224468,27.176165,23.719862,22.75736,17.898733,14.580354,12.8139305,9.867121,10.827968,10.090035,5.900535,7.534455,7.3282638,11.32083,14.522377,16.071918,19.611876,24.566578,23.704823,28.007061,31.511467,30.680624,29.091825,30.561918,25.083586,27.058802,23.623232,25.797756
23,22.36511,18.590477,20.711912,17.914692,15.453605,21.060802,16.266136,22.60723,22.838076,24.706646,29.267368,31.696655,32.82884,26.986567,23.729235,20.374617,17.127968,13.158303,9.230132,7.7664533,4.149613,5.868751,4.5595517,0.0,3.5027375,3.711486,8.189963,10.411857,14.804171,15.001232,22.545782,21.032877,27.630259,29.107695,31.08482,35.449314,34.64469,32.362865,29.061008,25.666666,26.103254,21.020336,23.555094,20.043005,15.380317,15.817128,11.275808,9.873542,7.666079,9.121517,11.415086,13.570987,17.541075,19.688364,21.238197,18.22943,19.725605,22.710224,25.84261,27.529602,25.495369,21.905502,25.306023,24.12647,28.605728,26.365246,21.853275,26.762995,23.627983,20.3868,20.49899,21.224417,17.161036,16.692696,18.432299,19.215395,22.557259,25.05132,26.222237,31.106274,28.943747,33.881462,33.20878,28.445486,25.81017,22.086342,22.011526,16.653522,14.494418,12.958598,11.2479105,12.5861025,12.983559,9.672734,10.979235,10.4201975,13.646274,16.509953,17.063423,21.302351,25.328732,24.77951,28.559584,31.799458,31.040846,29.843462,30.930336,26.092247,28.248549,24.803535,27.620148
24,23.60159,19.60778,20.9997,18.31431,15.308619,20.483688,15.3979025,20.903416,21.316242,22.561356,27.146502,29.897089,30.92812,25.117306,22.260908,18.514557,15.721666,11.155901,8.947675,6.2855663,5.131486,6.0810204,6.9267306,3.5027375,0.0,3.6021717,6.089087,9.295254,12.91841,14.139421,20.923752,20.120407,26.436148,28.116901,30.3355,34.611176,34.261185,32.0596,28.661589,25.199232,25.514032,20.47273,22.451656,18.68615,14.785972,14.10236,10.769628,7.847196,7.2169476,6.768721,8.39387,10.413728,14.586937,16.390526,18.346657,15.629611,16.71654,19.888506,22.740717,24.625639,22.79946,18.843739,21.940567,20.654497,25.161556,23.166172,18.520733,23.429768,20.591766,17.286156,17.729511,18.26574,14.347369,13.4578495,15.097657,15.737836,19.075968,21.58871,22.905502,27.799557,25.891375,30.861593,30.456446,25.802647,23.213919,19.337784,19.514505,13.7720375,12.281231,10.606404,9.824697,11.350291,12.590265,10.428165,11.66047,11.878944,14.345687,17.615015,17.370895,21.471203,25.053106,24.126848,27.652157,30.700132,29.547098,28.389097,28.86015,24.382381,26.359844,22.82565,25.93101
25,24.712835,20.734146,22.35181,19.002201,16.161411,21.36724,15.659096,21.48093,21.067642,22.78364,27.082367,29.288372,29.963024,23.956434,21.057695,17.654789,14.618139,10.988156,7.602479,6.9697614,4.929943,7.78858,7.859187,3.711486,3.6021717,0.0,5.1314206,7.3215938,11.5761795,12.094992,19.26948,18.241102,24.526476,26.460913,28.245977,32.77126,32.142258,29.684126,26.571177,23.178646,23.070929,17.95084,20.192131,16.519358,11.967515,12.165623,7.707362,6.513353,5.030956,6.9331813,9.676168,11.000366,15.031491,17.290884,18.364317,15.035305,16.684292,19.468445,22.869234,24.377474,22.347355,19.158495,23.056644,22.343689,26.8762,24.3603,20.416584,25.778008,23.163618,19.957535,20.929804,21.507887,17.7269,16.368364,17.727295,17.827894,20.729506,23.028847,23.766531,28.727905,26.240808,31.266918,30.6964,25.897371,23.60602,19.858027,20.415688,15.169537,13.890631,13.12624,12.504279,14.541729,15.325237,12.341978,12.969431,12.003376,14.321694,16.747023,16.41101,21.054579,24.205421,23.98774,27.27027,30.268156,29.700603,28.880655,29.905489,25.649088,28.123247,24.913647,28.280817
26,25.885609,21.665018,22.228718,18.6241,15.230977,19.486357,13.1043415,17.663397,16.950403,18.143755,22.29931,24.633911,25.18472,19.219006,16.671555,12.913977,10.39716,6.5257134,6.1010413,5.3899097,7.1814113,9.386373,11.425375,8.189963,6.089087,5.1314206,0.0,3.891286,6.857065,8.659774,14.856182,14.53987,20.49978,22.565762,24.675964,29.028635,28.966017,26.687054,23.423086,19.980263,19.869638,14.927304,16.501425,12.716696,9.507744,8.384886,6.6552763,5.0123854,7.4739246,7.192472,8.740474,7.9408245,12.64781,13.926864,15.341147,12.015989,12.405239,14.903256,18.662096,19.612114,17.360157,14.224578,18.516273,18.324186,22.690832,19.625631,16.364542,22.169146,19.921883,16.964758,19.052485,19.838795,16.663485,14.096397,15.775989,14.365376,17.30578,18.893036,19.131502,23.983593,21.223984,26.202122,25.588556,20.795412,18.641,14.885894,15.903444,10.919504,10.765175,11.107948,12.05774,14.914424,16.147762,14.14133,14.00584,13.418884,14.223031,16.646648,14.949075,19.427368,21.543556,21.138233,23.84041,26.51143,25.740313,25.202314,25.84309,22.305382,24.96478,22.069098,26.032648
27,25.98235,21.819675,22.291513,18.068388,14.921129,18.785,11.964208,16.627855,14.95108,16.893879,20.676746,22.35011,22.819876,16.819342,13.842094,10.697657,7.6650167,5.822524,4.5467267,6.7300806,8.375182,11.155119,13.087633,10.411857,9.295254,7.3215938,3.891286,0.0,4.950708,4.9400644,12.176043,11.031514,17.287828,19.236189,21.130161,25.589201,25.27614,22.927717,19.721178,16.299185,16.237295,11.244934,13.347869,10.042289,6.407492,7.0418177,5.4423437,7.370532,9.516059,10.53464,12.340198,10.786611,15.210073,16.27507,17.122967,13.426339,13.501536,15.076448,19.608294,19.522867,16.671747,14.684143,19.784004,20.304375,24.35963,20.392614,18.188107,24.268867,21.953102,19.335276,21.856003,23.039265,20.053055,17.187822,19.195442,16.966864,19.809885,20.709091,20.161158,24.736998,21.224268,25.96786,24.803295,19.887207,17.935043,14.665376,15.70997,12.066852,11.751489,13.204232,14.132392,17.485046,18.17666,15.686643,14.783688,13.320697,13.319031,14.74328,12.539576,17.345335,18.772284,19.093006,21.462126,24.071775,23.965466,23.791443,25.206799,21.927258,25.15999,22.798344,26.948456
28,29.265713,25.061678,24.716204,20.588606,17.207258,19.824627,12.945617,15.254341,12.932388,13.8567095,17.071957,18.73187,18.60857,12.491961,10.576294,6.932324,5.7025847,5.4908805,8.590251,9.910078,12.875795,15.026655,17.567104,14.804171,12.91841,11.5761795,6.857065,4.950708,0.0,4.7955585,8.046604,8.916481,13.945185,16.515476,18.585367,22.884491,23.374372,21.144926,18.060751,14.773389,14.145851,9.789937,10.295525,6.784114,6.6180067,4.6109204,7.928393,8.946834,12.663908,12.396164,13.2090845,10.089241,13.966892,14.055309,14.750535,11.389662,10.07908,10.774087,15.710551,14.844903,11.779031,10.499466,16.15217,17.487722,21.169128,16.769,15.848473,22.075485,20.604136,18.412495,21.88778,22.9416,20.70013,17.027733,18.715994,15.303712,17.502499,17.567966,16.228601,20.566898,16.6448,21.343376,20.316904,15.469497,14.103269,11.006668,13.179806,10.554809,12.08243,14.335739,16.460018,19.919764,21.061153,19.422539,18.351664,17.374018,16.491127,17.770039,14.5235615,18.713856,18.64137,18.861568,20.194578,22.173306,21.89446,22.22447,23.01451,20.953428,24.232948,22.315214,26.93934
29,27.38181,23.367533,23.341122,18.678003,15.856398,18.55094,11.676326,15.252718,12.225372,14.795587,17.80297,18.588589,18.90501,13.060039,9.665032,7.677729,4.6080523,6.933805,7.0145364,10.347797,12.358154,14.969924,17.0848,15.001232,14.139421,12.094992,8.659774,4.9400644,4.7955585,0.0,8.482372,6.157654,12.679822,14.435314,16.222647,20.696274,20.353565,18.04729,14.818097,11.416443,11.533212,6.762911,9.303448,7.2507434,5.1745324,7.4205956,8.079797,11.556572,13.932148,15.123202,16.689089,14.28092,18.31929,18.77987,19.250683,15.585962,14.814752,15.121191,20.27308,18.793608,15.275402,14.844143,20.547369,21.926512,25.423946,20.480078,19.744932,25.941566,23.769024,21.677065,24.815088,26.366581,23.799788,20.480145,22.77762,19.525616,22.174515,22.124372,20.630857,24.63703,20.32487,24.565987,22.734798,17.862856,16.329443,13.947522,15.118707,13.48648,13.497198,16.078405,17.36534,21.097574,21.47075,19.02701,17.391953,15.483301,14.193915,14.350593,11.104453,15.715736,15.549645,16.742485,18.240973,20.51772,21.181625,21.610846,23.729568,21.210527,25.006182,23.43575,27.832598
30,34.467705,30.486425,29.532547,25.129282,22.199318,23.180052,16.91225,16.656065,12.479937,13.122691,13.897176,13.627647,11.8798275,5.7143736,6.169489,5.8771367,7.9367146,11.856945,15.096372,17.321356,20.275747,22.478046,25.049541,22.545782,20.923752,19.26948,14.856182,12.176043,8.046604,8.482372,0.0,5.8881245,6.414039,10.349336,11.802358,15.99372,17.279938,15.1138935,12.820498,10.4103,8.427097,6.9408197,4.32514,4.683188,9.626245,8.913321,13.774045,16.19064,19.801918,19.875751,20.50807,16.740868,19.321226,18.657246,18.328608,15.562179,13.371403,11.40116,16.646008,13.203675,9.408206,12.144594,18.03397,20.842888,23.322918,17.930779,19.779968,25.644873,24.98521,23.654305,27.88564,29.110405,27.572212,23.45011,24.994247,20.545813,21.76576,20.38126,17.389221,20.34602,15.1804905,18.699991,16.966635,12.735203,13.15165,12.185896,15.066595,15.646201,17.827774,20.989107,23.472479,27.168465,28.095636,26.537624,24.879042,23.502516,21.543676,21.495815,17.407299,20.72044,17.954567,19.27525,18.549871,19.283508,20.102951,21.683712,22.905396,22.779642,26.52726,25.837196,30.717403
31,30.18891,26.4408,25.689022,20.95088,18.575277,19.548119,13.51097,14.698331,10.157786,13.027304,14.466244,13.819104,13.906568,8.832273,5.0171323,6.3430066,5.707442,10.917459,12.3876705,15.610468,18.053314,20.300009,22.696707,21.032877,20.120407,18.241102,14.53987,11.031514,8.916481,6.157654,5.8881245,0.0,7.189142,8.305735,10.268822,14.557935,14.54997,12.574017,9.155917,5.879663,6.8204765,4.574715,6.390608,7.6253843,9.190545,11.178249,13.60676,17.194063,19.909645,20.870419,22.054207,18.981066,22.558378,22.249495,22.521578,19.260103,17.476908,16.404463,21.721647,18.634546,14.582391,16.051441,21.83028,24.080206,26.730715,20.907541,21.939953,27.921799,26.055367,24.653326,28.37919,30.251104,28.241394,24.516783,27.044102,22.829905,25.19479,24.058554,21.592764,24.617144,19.602613,22.86843,20.195082,15.755869,14.978568,14.131771,15.349965,16.200693,16.709803,20.11207,21.828398,25.762526,25.966097,23.867445,21.705967,19.773687,17.346008,16.436811,12.348911,15.68925,12.952608,15.110219,14.926119,16.381706,18.039663,19.377445,22.123365,20.937168,25.149889,24.617277,29.166023
32,36.93269,33.28243,32.12836,27.550617,25.241747,25.295618,19.869015,18.88484,13.940749,15.314872,14.357347,11.816805,9.427987,6.1090307,6.917316,10.075642,11.931109,16.952837,19.383858,22.284979,24.955317,27.214407,29.670795,27.630259,26.436148,24.526476,20.49978,17.287828,13.945185,12.679822,6.414039,7.189142,0.0,5.54636,5.641244,9.843329,11.35853,9.426938,8.043265,7.2678723,5.1123757,8.028347,5.7405596,9.640718,13.902635,14.808531,18.765747,22.14897,25.305204,25.95405,26.81213,23.133726,25.666368,24.924051,24.40056,21.719364,19.569489,17.10187,22.019064,17.651419,13.958012,17.731953,23.219189,26.365198,28.215006,22.330482,25.10079,30.6762,29.864853,28.941504,33.238846,34.841694,33.400787,29.281542,31.20071,26.474482,27.7674,25.863562,22.43561,24.418371,18.975603,21.141354,18.451647,15.178155,16.167994,16.628458,18.77339,20.857155,22.486656,26.04803,28.302433,32.188858,32.672886,30.889294,28.760023,26.951733,24.362495,23.205448,19.022192,21.498308,17.062988,19.512524,17.463127,17.333183,19.577614,21.925594,24.198185,24.856527,28.956678,29.110075,33.835793
33,34.75459,31.449022,29.885628,25.462463,23.703804,22.729748,18.465733,16.826042,11.826055,14.102723,12.695603,9.280046,9.234571,8.363357,6.8075585,11.224481,12.6228285,17.935394,20.133041,23.078178,25.851078,27.690792,30.358093,29.107695,28.116901,26.460913,22.565762,19.236189,16.515476,14.435314,10.349336,8.305735,5.54636,0.0,4.5696197,6.6524477,8.134796,8.058512,5.0255013,5.232922,7.8803954,10.803638,10.486581,13.941574,17.068989,18.566439,21.777359,25.200165,28.164648,28.844746,29.651941,26.162653,29.33121,28.249784,28.512985,25.842705,23.180183,21.03008,25.88861,21.34243,17.309393,20.385645,25.478376,28.429976,29.925568,23.527979,26.367105,31.682556,30.167116,29.60699,33.73987,35.94276,34.565384,30.592424,33.369976,28.377903,30.471334,28.234316,24.966444,26.497974,21.199152,22.672297,18.936268,15.936441,16.249596,17.489317,18.35431,21.607168,22.425007,26.305178,28.328016,32.315662,32.35279,30.71279,28.149916,26.382223,23.100115,21.45978,17.224571,18.472353,12.9878,15.81333,12.978156,12.508086,15.667556,18.257877,21.583464,22.34268,26.64823,27.44426,31.848938
34,37.89518,34.628635,33.477398,28.825014,27.168943,26.684708,22.107687,21.226025,16.177126,18.436525,16.90389,13.155188,11.614009,10.834727,10.395878,14.44098,15.569085,20.927332,22.43366,25.816431,28.095585,30.36693,32.622932,31.08482,30.3355,28.245977,24.675964,21.130161,18.585367,16.222647,11.802358,10.268822,5.641244,4.5696197,0.0,5.259535,5.789113,4.3333473,4.43753,6.4027576,6.235211,10.860958,10.261562,14.486982,17.644478,19.678415,22.663538,26.726915,29.395845,30.576992,31.711245,28.257666,31.055391,30.422028,29.95688,27.11196,25.11993,22.7372,27.634697,23.109377,19.405931,23.091833,28.448133,31.55279,33.213287,27.042994,29.90024,35.37521,34.123535,33.358364,37.49745,39.46343,37.91007,33.930603,36.2834,31.525574,33.17585,31.162924,27.733479,29.374537,23.94384,25.456608,22.133303,19.363522,20.160397,21.147205,22.49263,25.187948,26.092436,29.816483,31.681652,35.669518,35.688213,33.62214,31.142887,28.953531,25.990429,23.903267,19.997965,21.72272,16.384962,19.816875,17.119331,16.56464,20.097675,22.743044,26.12427,26.852715,31.182224,31.85268,36.28047
35,40.021996,37.02591,35.38709,31.047285,29.700985,28.22359,24.679008,22.582817,17.823202,19.73237,17.120577,12.478157,11.495558,13.360835,13.331312,17.725218,19.252947,24.58336,26.50138,29.646494,32.20917,34.146626,36.654503,35.449314,34.611176,32.77126,29.028635,25.589201,22.884491,20.696274,15.99372,14.557935,9.843329,6.6524477,5.259535,0.0,4.617354,6.7795024,7.385253,10.142789,11.490014,15.933596,15.190066,19.30546,22.663197,24.397375,27.60894,31.389772,34.2317,35.14422,36.028465,32.443584,35.274544,34.173225,34.029026,31.491816,28.935785,26.329647,30.902447,25.899622,22.266253,26.132378,30.952282,34.21067,35.260597,28.898994,32.4135,37.434677,36.199295,35.890877,40.12549,42.351673,41.125896,37.093353,39.756115,34.6333,36.380383,33.846733,30.230871,31.087727,25.802942,26.301247,22.447,20.597755,21.613092,23.464891,24.353212,28.08326,28.960289,32.885902,34.868523,38.86322,38.76979,37.04058,34.351963,32.380928,28.975769,26.759615,22.837303,23.45418,17.3067,20.588848,16.844522,15.2391205,19.261473,22.328016,25.889029,27.50876,31.72072,33.075138,37.280937
