,0,1,2,3,4,5,6,7,8,9,10,11,12,13,14,15,16,17,18,19,20,21,22,23,24,25,26,27,28,29,30,31,32,33,34,35,36,37,38,39,40,41,42,43,44,45,46,47,48,49,50,51,52,53,54,55,56,57,58,59,60,61,62,63,64,65,66,67,68,69,70,71,72,73,74,75,76,77,78,79,80,81,82,83,84,85,86,87,88,89,90,91,92,93,94,95,96,97,98,99,100,101,102,103,104,105,106,107,108,109,110,111
0,0.0,4.627218,6.5507197,9.618766,12.567638,14.975086,18.162998,19.613895,23.901857,26.007647,29.887602,32.99393,30.009802,28.926392,23.64801,24.033756,18.881332,21.364658,17.67498,19.464762,14.911284,14.71634,14.716522,16.472208,16.283995,19.41947,21.439243,22.571665,22.002443,26.74838,28.09273,33.78935,33.10839,37.26782,38.746304,40.240234,41.52462,43.161842,37.879787,37.62022,33.55386,33.94351,28.565725,30.069923,24.906244,28.763882,24.68916,25.733984,26.08744,29.022099,29.561031,31.857887,35.865906,35.691643,38.91468,36.632896,36.10522,37.489426,41.533962,38.512024,44.56221,38.80362,42.6294,42.8686,45.992725,45.69848,47.60299,47.60115,44.723373,43.118225,40.608067,43.03743,42.17354,37.931793,40.501053,36.713764,41.19133,35.18375,40.87079,38.41239,37.910606,33.66701,30.804523,29.97631,27.732576,29.677227,25.051432,29.422165,26.084595,28.876375,29.201319,32.122036,32.1783,37.013287,32.31867,29.120773,30.365147,29.991413,29.380007,26.305422,30.875898,29.620066,32.62966,34.616394,36.72252,39.46303,37.072155,41.62323,36.197433,39.29298,37.085934,39.80903
1,4.627218,0.0,4.871101,5.900485,8.682388,12.035351,14.53785,17.07747,20.788681,23.3363,27.196035,30.603516,28.160513,27.151632,21.950935,21.795013,17.070045,18.548948,16.005123,16.396383,12.332041,11.242076,12.292577,13.264098,12.517405,15.687515,17.156738,18.107859,17.764149,22.308247,23.99087,29.744339,29.405695,33.485283,35.180496,36.819748,38.280064,40.246723,34.95639,34.59079,30.323706,30.611298,25.062595,26.301477,21.19146,24.658625,20.77009,21.431625,21.786577,24.526575,24.990356,27.35905,31.27853,31.198057,34.369812,32.170315,31.74863,33.24741,37.316277,34.440556,40.59265,34.923046,39.03788,39.45412,42.783165,42.588146,44.829872,44.972504,42.033512,40.465275,37.70528,40.252193,39.14469,34.67717,37.056744,33.13926,37.42861,31.329933,36.83423,34.254543,34.09403,29.55897,27.051828,26.09572,24.076338,26.104702,21.594944,26.307732,23.001955,26.147367,26.535173,29.729776,30.24965,34.900356,29.904596,27.271025,28.52107,27.750727,27.481228,23.813587,28.308437,26.65591,29.524286,31.294083,33.210236,36.03742,33.82019,38.49019,33.14234,36.51339,34.364643,37.461563
2,6.5507197,4.871101,0.0,5.2006445,6.974193,8.750852,12.093012,13.239802,17.690292,19.610182,23.789774,26.694132,24.118526,23.39355,17.94228,18.636965,14.057763,16.483988,14.165508,15.736677,12.662632,12.360431,14.358462,16.112686,15.672861,18.567665,19.161093,19.14139,17.963314,22.657568,22.828802,28.916815,27.499128,32.25293,33.339417,35.216038,36.173347,37.844543,32.47435,32.564243,28.158422,29.290915,23.74619,25.891191,20.841604,25.16783,22.471241,23.11926,24.08216,26.038086,25.804909,27.966917,31.758537,30.886896,34.734604,32.84539,32.022743,33.922222,37.84487,34.904823,40.774338,34.658764,38.621834,38.58717,42.015133,41.040276,43.46255,43.168327,40.09688,38.80587,36.404457,39.29071,38.53349,34.203983,37.0086,33.40663,38.08792,32.43409,37.982803,35.711376,36.22968,31.537865,29.495966,27.779047,25.498625,26.854862,22.296276,25.960506,22.143269,24.709726,24.396503,27.707365,28.005054,32.901646,28.53107,25.76533,27.624022,27.179192,27.562317,24.209713,28.979748,28.398897,30.558168,32.88578,34.907856,37.277836,34.867836,38.872,33.25285,36.37105,33.693485,36.698532
3,9.618766,5.900485,5.2006445,0.0,3.7652764,6.767677,9.049253,12.005766,15.133652,18.045422,21.550468,25.31454,23.030775,21.93407,16.995964,16.286268,12.027481,12.851115,11.470006,11.203795,8.481671,7.454329,10.417548,11.767376,11.426421,13.989417,14.285816,14.221628,12.919747,17.791485,18.48467,24.289083,23.593649,27.81998,29.342676,31.04369,32.407166,34.396595,29.096888,28.783497,24.43896,24.947891,19.345734,21.004911,15.915946,20.030777,17.336775,18.124508,19.431505,21.300026,21.142944,23.140657,27.21279,26.484808,30.074514,27.950926,27.090004,28.828693,32.7696,29.791311,35.72422,29.738691,33.79687,33.998394,37.45209,36.915195,39.380226,39.40716,36.391163,34.949604,32.225857,35.00822,33.98264,29.50013,32.096752,28.370415,32.941956,27.236292,32.79505,30.574276,31.1475,26.497265,24.539364,22.621443,20.348898,21.738142,17.235683,21.277145,17.666073,20.709213,20.865644,24.249828,25.014774,29.59298,24.689104,22.437689,24.015625,23.141216,23.610994,19.769077,24.399271,23.544018,25.607431,27.823399,29.7845,32.162476,29.833387,33.977917,28.464375,31.796585,29.334631,32.605556
4,12.567638,8.682388,6.974193,3.7652764,0.0,4.731646,5.9235187,9.661987,12.521394,15.379568,19.295298,22.808657,21.234041,20.609396,15.672288,15.188421,11.988033,12.169878,12.640556,11.544852,10.585203,9.11884,13.091057,13.743016,12.810116,15.045349,14.069159,13.027555,11.664801,16.02239,16.076763,22.332382,21.245813,25.966629,27.295355,29.422375,30.59742,32.764946,27.422514,27.374365,22.65435,23.74952,17.98138,19.92086,15.121602,19.0499,17.446613,17.491001,18.901243,19.995008,19.270658,21.330355,25.00176,23.928677,27.920265,26.222994,25.353735,27.542154,31.40339,28.663647,34.531143,28.453335,32.785076,32.91831,36.660713,35.70987,38.674133,38.553947,35.39901,34.217987,31.496185,34.602547,33.539158,28.94029,31.522406,27.870646,32.332596,26.81701,32.030807,29.776474,31.081842,26.04279,24.819555,22.544712,20.568224,21.678238,17.50354,21.168095,17.376848,20.329227,19.98915,23.721539,24.803087,29.2723,24.604832,22.913488,24.824362,23.799976,24.919409,20.857603,25.35732,24.587372,26.136293,28.280516,30.00778,32.26138,30.096054,33.977936,28.508148,31.934158,29.27083,32.809074
5,14.975086,12.035351,8.750852,6.767677,4.731646,0.0,4.2459946,5.245613,8.955594,11.353608,15.268964,18.629288,16.623716,16.03215,10.958154,11.012075,8.2039175,9.36391,10.351185,10.751497,11.150383,11.059875,14.988185,16.626328,16.45757,18.274258,17.038603,15.32884,12.819819,17.251883,15.257878,21.439875,19.078278,24.33389,24.951025,27.121548,27.771393,29.513687,24.112425,24.47742,19.79231,21.700233,16.18028,19.225191,14.704801,19.728289,19.385162,19.870394,21.994528,22.412834,21.107018,22.62209,26.28205,24.300282,28.838526,27.307234,25.85791,28.23269,31.813068,28.903425,34.265152,27.767797,31.65315,31.238195,34.92477,33.226776,36.1836,35.633198,32.398228,31.445364,29.161457,32.517727,31.900408,27.608126,30.68591,27.515594,32.433132,27.60787,32.90754,31.191504,32.938984,28.138699,27.159714,24.16965,21.802298,22.04703,17.964193,20.09325,15.865955,17.949568,16.86732,20.606672,21.400316,26.082352,22.128643,20.27385,22.76352,22.154089,23.887379,20.426468,25.069315,25.637337,26.412382,29.224596,31.142117,32.779247,30.353964,33.39064,27.70063,30.69563,27.513906,30.80964
6,18.162998,14.53785,12.093012,9.049253,5.9235187,4.2459946,0.0,5.8768907,6.848127,10.119994,13.804224,17.476013,16.640865,16.32332,12.088258,11.213281,10.21819,9.046493,12.372384,10.535806,12.426179,11.487803,16.06078,16.741385,16.129398,17.432413,15.115459,12.596158,10.11353,13.774361,11.458317,17.940685,15.81398,21.16613,21.984144,24.475016,25.29208,27.502922,22.164118,22.453285,17.442768,19.406178,13.735024,16.543152,12.489448,16.843906,17.492702,17.312803,19.577599,19.25375,17.507442,18.954876,22.327723,20.173975,24.867636,23.609581,22.202457,24.873878,28.384201,25.737185,31.100004,24.709906,28.967077,28.733595,32.698986,31.02911,34.473003,34.0735,30.784508,29.953411,27.407871,30.922924,30.0249,25.524548,28.33029,25.120512,29.723726,25.018831,29.902803,28.135382,30.479162,25.42963,25.140213,21.908512,19.956024,20.059042,16.503738,18.613861,14.596418,16.948826,15.829794,19.858347,21.311338,25.506762,21.402393,20.514423,22.915209,21.849216,24.017302,20.107573,24.349203,24.573921,24.954718,27.456184,29.06045,30.665562,28.521624,31.50596,26.052752,29.291367,26.208672,29.905222
7,19.613895,17.07747,13.239802,12.005766,9.661987,5.245613,5.8768907,0.0,5.5210805,6.3961143,10.887764,13.541378,11.826679,11.959656,6.9923244,8.433317,8.1882715,9.539706,12.148337,13.118252,15.072193,15.450121,19.430626,21.201933,21.1563,22.593996,20.708097,18.237005,15.247346,18.8962,14.846279,20.805386,16.909876,22.905186,22.580263,25.103271,25.005821,26.402222,21.043129,22.1146,17.336634,20.5552,15.59137,19.622866,16.004421,21.284258,22.483294,22.810993,25.330416,24.85031,22.843208,23.90206,27.085695,24.169363,29.289406,28.261995,26.397125,29.150255,32.325905,29.543161,34.268627,27.544048,31.106737,30.147457,33.909695,31.20575,34.495823,33.41533,30.052252,29.571627,27.789902,31.537872,31.319897,27.3632,30.756332,28.16093,33.21068,29.214264,34.183945,32.905003,35.39508,30.652304,30.296404,26.726835,24.373386,23.818481,20.270725,20.806879,16.45418,17.432026,15.214257,18.993467,19.700186,24.295065,21.44706,19.985775,23.091316,22.776861,25.344288,22.402754,26.831072,28.390911,28.278975,31.442547,33.300255,34.35264,31.902058,33.99862,28.340876,30.929598,27.259836,30.415785
8,23.901857,20.788681,17.690292,15.133652,12.521394,8.955594,6.848127,5.5210805,0.0,4.3885984,6.9855146,11.005729,10.696926,10.7464285,8.211731,7.1761155,9.837244,8.208105,13.434499,12.431794,16.186495,16.306566,20.568071,21.80396,21.81849,22.500004,19.79718,16.642035,13.30549,15.922225,10.37723,15.857991,11.44101,17.638863,17.16857,19.927252,19.85493,21.634315,16.304337,17.354343,12.279654,15.915199,11.270358,15.583353,13.064837,17.964405,20.731335,20.868177,23.866898,22.47131,19.95721,20.393013,23.343428,19.829094,25.106375,24.299355,22.089241,25.015879,27.846657,25.214216,29.504671,22.77977,26.325983,25.287767,29.2448,26.34539,30.093075,29.087141,25.666811,25.359802,23.4449,27.408188,27.07651,23.133936,26.43766,24.153704,29.042656,25.715643,30.242605,29.34045,32.494747,27.913715,28.264446,24.18125,22.063438,20.859793,18.144009,17.654716,13.629515,14.284425,11.734678,15.745913,17.236536,21.126642,18.39634,18.182238,21.253672,20.56465,23.820324,20.79099,24.632387,26.496433,25.552807,28.685694,30.31014,30.929823,28.66629,30.197378,24.81384,27.376753,23.663343,27.110325
9,26.007647,23.3363,19.610182,18.045422,15.379568,11.353608,10.119994,6.3961143,4.3885984,0.0,5.6776843,7.46041,7.7829175,9.247087,7.12837,8.537927,11.825987,11.707118,16.140251,16.391617,19.829205,20.226187,24.36094,25.86917,25.842995,26.719805,24.04571,20.847887,17.650234,19.986032,14.006703,19.02061,13.566841,20.09094,18.673157,21.674253,20.741863,21.94698,16.860155,18.738268,13.975886,18.63402,14.800695,19.410238,17.30139,22.143017,25.118605,25.146515,28.038506,26.478107,23.757818,24.164368,26.631481,22.729969,28.269066,27.883104,25.612528,28.721752,31.286802,28.824265,32.653698,25.95992,29.153677,27.689287,31.55787,27.80299,31.66178,30.108839,26.6498,26.793694,25.488573,29.629328,29.70552,26.170877,29.648806,27.774052,32.655666,29.758593,34.06089,33.310738,36.707294,32.1238,32.62474,28.497902,26.38894,25.002872,22.395365,21.314077,17.338808,17.194145,13.939223,17.54504,18.554195,22.419636,20.843573,20.485113,23.920574,23.647121,27.105848,24.557253,28.38757,30.70228,29.551916,32.838673,34.46217,34.84879,32.560555,33.57638,28.264824,30.445778,26.457394,29.565022
10,29.887602,27.196035,23.789774,21.550468,19.295298,15.268964,13.804224,10.887764,6.9855146,5.6776843,0.0,5.713821,6.1631894,6.7713284,8.489093,7.7601953,12.968019,11.721448,16.816069,16.783447,21.194708,22.034702,25.829685,27.5035,28.0014,28.308813,25.592745,22.313578,18.701122,20.576302,13.709142,16.881325,10.6509,16.58336,14.357459,17.02522,15.59473,16.392475,11.394804,13.647724,9.49065,14.826849,12.54543,17.501877,16.643135,21.468111,25.459959,25.96385,29.372921,27.404638,24.570225,24.188337,26.704054,22.334387,27.650856,27.187185,24.37623,27.224323,29.247643,26.70005,29.628454,22.957521,25.315834,23.330818,26.963478,22.639908,26.467113,24.659357,21.204346,21.596668,20.71922,24.962065,25.414236,22.460691,26.160856,25.035717,30.0012,28.173563,32.247242,32.22081,35.83752,31.897047,32.613293,28.037933,25.814459,23.60865,21.74693,18.970238,15.563642,14.17954,10.348862,13.361859,14.539699,17.690289,17.12715,17.584568,21.088816,20.962185,24.985334,23.127731,26.356564,29.69085,27.663155,31.288069,32.931953,32.586884,30.245564,30.216099,25.170723,26.767971,22.562054,25.384535
11,32.99393,30.603516,26.694132,25.31454,22.808657,18.629288,17.476013,13.541378,11.005729,7.46041,5.713821,0.0,5.7344117,8.796937,10.777009,12.37993,17.105011,16.98736,21.428009,22.123047,26.125502,26.93107,30.821573,32.54315,32.789314,33.350048,30.498152,27.083557,23.732048,25.311804,18.359648,21.519997,14.923566,20.888784,17.90495,20.87358,18.536673,18.680334,14.632651,17.666239,14.191161,19.936226,18.113995,22.948732,22.206446,26.756401,30.824467,30.968525,34.15046,31.983398,28.91172,28.66973,30.54507,25.908287,31.470308,31.571215,28.887169,32.01425,33.807728,31.59768,34.141815,27.720055,29.900835,27.649569,31.180119,26.043072,30.039682,27.663511,24.30668,25.293854,25.06875,29.36331,30.120462,27.549421,31.187391,30.349813,35.088875,33.52757,37.245995,37.20296,41.138058,37.013504,37.977085,33.45653,31.382353,29.229403,27.390556,24.633379,21.271227,19.69117,15.71721,18.18398,18.84634,21.686195,22.233377,22.544498,26.208054,26.363504,30.41081,28.767004,32.010994,35.392048,33.333424,36.905487,38.450108,38.034096,35.786472,35.436348,30.592865,31.936693,27.64856,30.15451
12,30.009802,28.160513,24.118526,23.030775,21.234041,16.623716,16.640865,11.826679,10.696926,7.7829175,6.1631894,5.7344117,0.0,3.7140067,6.4594545,8.845437,13.160278,14.3811865,17.486187,19.659245,23.139927,24.645369,27.987642,30.432064,31.196661,31.937138,29.845665,26.93279,23.217098,25.89807,19.442366,22.83875,16.722267,22.279861,19.739218,21.883247,19.920206,19.53575,15.119631,17.701817,14.636906,19.662495,17.597683,22.703337,21.208715,26.715523,29.913591,30.818544,34.139465,32.686672,30.070072,29.932842,32.65182,28.401442,33.740925,33.144897,30.346195,33.038776,35.130474,32.380802,35.2208,28.505892,30.338099,28.006023,31.14928,26.430193,29.51116,27.14788,23.87611,24.391922,24.313162,28.326496,29.369787,26.918285,30.94615,29.99766,35.2758,33.394577,37.84402,37.849964,41.050297,37.19782,37.386494,32.935856,30.332626,28.231527,25.840504,22.98861,19.344091,17.456808,13.547403,15.703229,15.466575,19.17501,19.727571,18.924198,22.77383,23.446697,27.172098,26.077755,29.670519,33.58214,31.81393,35.820724,37.772045,37.379143,34.737865,34.524765,29.281815,30.39232,25.967867,28.027658
13,28.926392,27.151632,23.39355,21.93407,20.609396,16.03215,16.32332,11.959656,10.7464285,9.247087,6.7713284,8.796937,3.7140067,0.0,5.6849227,6.4583964,10.920155,12.1410475,14.809876,17.333202,20.852747,22.740606,25.699585,28.427216,29.584173,30.179901,28.454197,25.822166,21.895592,24.954659,18.820944,21.84042,16.241629,21.171976,18.981628,20.525263,18.951786,18.45687,13.883803,15.953741,13.311352,17.634594,15.7569895,20.83865,19.255507,25.093706,28.029501,29.434128,32.929726,31.753935,29.40773,29.127823,32.30618,28.277258,33.31713,32.290764,29.368948,31.702965,33.84044,30.809895,33.659805,26.896845,28.428255,26.091614,28.989239,24.684027,27.25537,25.075396,21.873968,22.023453,21.89652,25.702513,26.834894,24.488384,28.668129,27.751965,33.248802,31.39411,36.13544,36.305748,39.121647,35.60778,35.4532,30.985067,28.133808,25.91359,23.470606,20.284521,16.721214,14.517065,10.764016,12.612003,12.033582,16.121323,16.524668,15.355348,19.232193,20.098345,23.747385,23.007172,26.578342,30.878216,29.085346,33.3115,35.44309,34.93993,32.126507,31.865276,26.515562,27.462788,23.026665,24.888979
14,23.64801,21.950935,17.94228,16.995964,15.672288,10.958154,12.088258,6.9923244,8.211731,7.12837,8.489093,10.777009,6.4594545,5.6849227,0.0,5.2163715,7.279864,10.055972,11.896482,14.929458,17.475536,19.13322,22.295582,25.014893,25.85708,26.95465,25.46862,23.07951,19.413563,23.116245,17.887589,22.399258,17.451017,23.016861,21.700838,23.62639,22.759924,23.047958,17.988892,19.54486,15.8292885,19.60528,16.081255,20.915194,18.081053,24.109999,25.973642,27.15915,30.254326,29.613462,27.520145,27.880905,31.25329,27.740435,32.8578,31.696926,29.206512,31.667969,34.374454,31.303791,35.11857,28.228857,30.642574,28.900799,32.130424,28.619484,31.319157,29.627974,26.368986,26.113974,25.247025,28.970123,29.560991,26.463095,30.432552,28.683899,34.18358,31.218073,36.313694,35.821915,38.288807,34.258812,33.753334,29.703934,26.86554,25.422203,22.194822,20.6948,16.509426,15.716979,12.663148,15.51908,15.233587,19.985046,18.716864,16.799261,20.466396,21.012217,24.01754,22.44526,26.674166,29.936079,29.050385,32.978058,35.14132,35.376057,32.576023,33.473923,27.789886,29.450216,25.291645,27.630707
15,24.033756,21.795013,18.636965,16.286268,15.188421,11.012075,11.213281,8.433317,7.1761155,8.537927,7.7601953,12.37993,8.845437,6.4583964,5.2163715,0.0,5.582394,5.734588,9.237714,10.940061,14.5995865,16.335423,19.424168,21.987707,23.177223,23.74281,22.213633,19.860605,15.888715,19.561066,14.43875,18.23037,13.989893,18.786638,18.016188,19.474922,19.255255,19.931383,14.7008295,15.49345,11.87143,14.778424,11.293669,16.092161,13.500217,19.681396,21.871511,23.44995,26.894484,26.170301,24.21654,24.190357,27.926497,24.55149,29.27828,27.745926,25.06707,27.196955,29.848127,26.590134,30.358406,23.477112,25.773825,24.185799,27.381163,24.46909,27.037586,25.799618,22.566898,21.927721,20.610556,24.227549,24.60128,21.368685,25.336527,23.57676,29.16214,26.35803,31.542646,31.292698,33.65087,29.981789,29.462,25.207333,22.265867,20.504631,17.537,15.510075,11.403952,10.543208,7.7417054,10.962343,11.300589,16.006435,13.826638,12.3418665,15.881215,16.091358,19.350182,17.66055,21.677813,25.179031,23.979872,28.004927,30.197662,30.255367,27.423073,28.272575,22.575212,24.321877,20.244211,22.833172
16,18.881332,17.070045,14.057763,12.027481,11.988033,8.2039175,10.21819,8.1882715,9.837244,11.825987,12.968019,17.105011,13.160278,10.920155,7.279864,5.582394,0.0,5.556313,4.6934566,8.818582,10.47397,12.741706,15.293305,18.4737,19.886505,20.967642,20.418676,18.909065,15.240058,19.975866,16.64096,21.129,18.148466,22.566975,22.624405,23.820173,24.191303,25.019331,19.846802,20.080381,16.570557,18.197765,13.924402,17.81383,13.875782,20.248312,20.607065,22.571884,25.629887,25.923927,24.63705,25.16057,29.372774,26.807182,31.17726,29.185303,26.916878,28.723183,31.85575,28.398815,32.883396,26.136337,28.726496,27.629536,30.654346,28.686626,30.719736,29.892166,26.850136,25.734056,24.07563,27.190945,27.295599,23.788797,27.549452,25.164627,30.780014,27.011345,32.72863,32.008045,33.47735,29.744572,28.369495,24.716396,21.529669,20.62952,16.728743,16.458359,12.202195,12.676125,11.457691,14.325629,14.197318,19.261997,15.995998,13.16504,16.125704,16.389528,18.445593,16.490093,21.157179,23.93618,23.844503,27.732082,30.158058,30.842377,27.873812,29.748566,23.843868,25.915907,22.29269,24.780613
17,21.364658,18.548948,16.483988,12.851115,12.169878,9.36391,9.046493,9.539706,8.208105,11.707118,11.721448,16.98736,14.3811865,12.1410475,10.055972,5.734588,5.556313,0.0,6.5287204,5.29479,9.686692,11.077889,14.302971,16.497768,17.80386,18.13387,16.807093,14.844406,10.830929,15.135598,11.707866,15.738811,13.587213,17.457727,18.149763,19.301073,20.313015,21.85904,16.663662,16.26999,12.482989,13.316806,8.54602,12.282311,8.536796,14.945316,16.287905,18.16909,21.625553,21.372879,19.935526,20.068296,24.36995,21.80924,25.947685,23.85498,21.45878,23.22283,26.304455,22.868181,27.415356,20.684904,23.597975,22.81856,26.128494,24.648191,27.088175,26.734812,23.65433,22.389145,20.079477,23.284943,22.893942,18.950964,22.489435,19.931843,25.43918,21.757324,27.312927,26.70246,28.55256,24.846247,23.95446,19.908947,16.883863,15.625195,12.150089,11.663461,7.2523727,8.611454,8.022323,11.567514,12.772143,17.103523,12.776637,11.4685135,14.034527,13.341094,15.993352,13.141552,17.443983,19.963022,19.359007,23.088749,25.308092,25.904306,23.117447,25.06464,19.240807,21.761215,18.304697,21.498358
18,17.67498,16.005123,14.165508,11.470006,12.640556,10.351185,12.372384,12.148337,13.434499,16.140251,16.816069,21.428009,17.486187,14.809876,11.896482,9.237714,4.6934566,6.5287204,0.0,6.706898,6.9916067,10.168806,11.569209,15.321515,17.430412,18.341148,18.723965,18.055986,14.589409,19.725233,17.817783,21.70006,20.045645,23.36994,24.16138,24.732248,25.762436,26.724438,21.792744,21.263908,18.329731,18.461,14.364343,17.22158,12.935486,19.148136,18.337349,21.05172,24.067513,25.040388,24.392998,24.885126,29.564487,27.6389,31.347965,28.807013,26.673037,27.87678,31.143173,27.456148,32.139347,25.696863,28.11566,27.394896,30.076826,29.131008,30.53931,30.242147,27.471552,25.845352,23.848587,26.373718,26.247103,22.72848,26.273746,23.636269,29.235588,25.1432,31.207335,30.477114,31.127935,27.862146,25.788532,22.480764,19.01756,18.457245,14.246201,14.717812,10.96515,12.153934,12.468679,14.713795,14.546764,19.360233,15.105478,11.696478,13.75918,13.9094715,14.976605,13.038129,17.898382,20.516445,20.982094,24.880568,27.530972,28.406775,25.305185,27.699965,21.809689,23.964598,20.8482,23.190279
19,19.464762,16.396383,15.736677,11.203795,11.544852,10.751497,10.535806,13.118252,12.431794,16.391617,16.783447,22.123047,19.659245,17.333202,14.929458,10.940061,8.818582,5.29479,6.706898,0.0,5.538385,6.670168,9.500512,11.492801,13.259849,13.33478,12.834331,11.919991,8.337351,13.352902,12.672348,16.286745,16.288471,18.849358,20.69287,21.354336,23.251774,25.200764,20.323992,19.112387,15.793673,14.745558,9.918979,11.475501,6.6433024,12.533635,11.966529,14.576112,17.895609,18.56291,18.015915,18.376062,23.227299,21.75253,24.998817,22.2581,20.3025,21.417536,24.881084,21.290718,26.482159,20.248741,23.44886,23.447397,26.55669,26.471666,28.469051,28.849657,26.058586,24.273174,21.349863,23.878866,22.88863,18.600412,21.539309,18.263773,23.52075,18.898294,24.880264,23.89501,24.817972,21.27666,19.605778,16.046944,12.796812,12.455015,8.130643,10.235948,6.6373506,10.012714,11.43317,14.28942,15.652194,19.479242,13.8909645,12.50194,13.712817,12.329219,13.688447,9.733951,14.319752,15.568946,16.002878,19.36112,21.706985,22.949282,20.182276,23.348846,17.6104,20.706997,18.13169,21.501202
20,14.911284,12.332041,12.662632,8.481671,10.585203,11.150383,12.426179,15.072193,16.186495,19.829205,21.194708,26.125502,23.139927,20.852747,17.475536,14.5995865,10.47397,9.686692,6.9916067,5.538385,0.0,3.774932,4.8629003,8.358239,10.659874,11.6684065,13.007849,13.549524,11.189667,16.533783,17.367659,21.371984,21.659151,24.2534,26.22648,26.820013,28.742117,30.534084,25.653881,24.488047,21.266909,20.140383,15.429923,16.399961,11.437446,16.182821,13.175772,15.994911,18.41987,20.401638,20.653883,21.641682,26.565546,25.84426,28.721571,25.76932,24.352215,25.155415,28.87385,25.3294,30.857616,25.029202,28.227999,28.475063,31.309874,31.663465,33.213833,33.69999,31.051672,29.091358,26.245089,28.363909,27.354124,23.207104,25.860508,22.322733,27.25922,21.970213,28.112015,26.654705,26.50582,23.046028,20.345736,17.940676,14.755921,15.658515,10.939235,14.644536,11.743029,14.925159,16.458338,18.952208,19.665575,23.769833,18.220806,15.784472,16.484077,15.48308,15.298986,11.648542,16.381367,16.465744,18.400864,21.28633,23.759626,25.655525,22.910498,26.881243,21.336828,24.3978,22.299328,25.2325
21,14.71634,11.242076,12.360431,7.454329,9.11884,11.059875,11.487803,15.450121,16.306566,20.226187,22.034702,26.93107,24.645369,22.740606,19.13322,16.335423,12.741706,11.077889,10.168806,6.670168,3.774932,0.0,4.779997,5.9030204,7.290711,8.51112,9.567397,10.394914,8.8476925,14.024714,16.081593,20.418318,21.362707,23.959215,26.31994,27.229893,29.385958,31.633121,26.7175,25.501837,21.889318,20.692179,15.595188,15.887871,10.846431,14.485873,10.832654,12.9911995,15.034789,17.248854,17.725847,19.104652,23.910622,23.672503,26.340508,23.449398,22.4607,23.385174,27.314182,24.044674,29.98749,24.411972,28.215042,28.858807,31.986193,32.57723,34.565113,35.24821,32.53501,30.6395,27.461794,29.670713,28.25879,23.749605,25.955086,22.035635,26.49583,20.672632,26.558876,24.604273,24.559242,20.572903,18.058842,16.007982,13.358782,14.984246,10.385913,15.415017,12.748323,16.546629,18.065256,20.936842,22.146519,26.00847,20.211617,18.511597,19.107927,17.61844,17.554443,13.14636,17.44791,16.097013,18.407303,20.54822,22.665186,25.0709,22.705038,27.25237,21.966864,25.499434,23.683004,27.054167
22,14.716522,12.292577,14.358462,10.417548,13.091057,14.988185,16.06078,19.430626,20.568071,24.36094,25.829685,30.821573,27.987642,25.699585,22.295582,19.424168,15.293305,14.302971,11.569209,9.500512,4.8629003,4.779997,0.0,4.73628,7.919271,8.916679,11.987394,13.955901,12.872172,17.69962,20.265347,23.825003,25.20421,27.083588,29.61997,29.978874,32.33882,34.35499,29.674776,28.146214,25.155722,23.253683,18.799788,18.597464,13.92948,17.119474,12.249565,15.306871,16.970808,19.983133,21.115648,22.32599,27.307213,27.496325,29.568188,26.283993,25.385822,25.643482,29.48925,26.063171,31.849983,26.699621,29.981098,30.758797,33.37992,34.61858,35.888596,36.828728,34.393257,32.18411,29.0524,30.678185,29.295362,25.131273,27.167221,23.304945,27.635561,21.813951,27.88254,26.065403,24.885786,21.769712,18.241037,16.97278,14.125511,16.107483,11.676289,16.801344,14.906766,18.47483,20.604967,22.812794,23.624578,27.326399,21.40514,19.166073,19.015345,17.719757,16.411394,12.598681,16.640532,14.983561,18.170307,20.224415,22.612654,25.14148,22.65085,27.50997,22.465536,25.740482,24.428368,27.301203
23,16.472208,13.264098,16.112686,11.767376,13.743016,16.626328,16.741385,21.201933,21.80396,25.86917,27.5035,32.54315,30.432064,28.427216,25.014893,21.987707,18.4737,16.497768,15.321515,11.492801,8.358239,5.9030204,4.73628,0.0,3.7738988,4.3271675,8.266129,11.211786,11.51194,15.442763,19.595459,22.987011,25.349463,26.847626,29.898483,30.433842,33.145657,35.65821,31.070038,29.36541,26.171282,23.943691,19.397167,18.20979,13.904741,15.32763,9.366315,11.79138,12.738906,16.325603,18.037394,19.546509,24.345215,25.310171,26.782133,23.458344,23.140657,23.271109,27.270975,24.207312,30.36062,25.761911,29.586111,30.89657,33.727863,35.438156,37.082382,38.346504,35.917797,33.725204,30.202118,31.791344,29.910126,25.433977,26.815983,22.568968,26.151371,19.7723,25.428217,23.051619,21.697252,18.20606,14.654598,14.184171,12.17553,15.124611,11.272621,17.638096,16.27538,20.37822,22.641577,25.095953,26.456123,29.770924,23.55092,22.17228,21.820412,19.962063,18.791948,14.263007,17.519144,13.965625,17.661974,18.613583,20.51046,23.693562,21.74213,27.308735,22.755777,26.520159,25.679174,28.993176
24,16.283995,12.517405,15.672861,11.426421,12.810116,16.45757,16.129398,21.1563,21.81849,25.842995,28.0014,32.789314,31.196661,29.584173,25.85708,23.177223,19.886505,17.80386,17.430412,13.259849,10.659874,7.290711,7.919271,3.7738988,0.0,3.2839866,6.4608226,9.669802,11.082717,14.381668,19.213667,23.095675,25.554293,27.406452,30.515203,31.480791,34.15425,36.93795,32.246822,30.72607,27.098204,25.261911,20.3721,19.113115,14.889295,15.522948,9.717177,10.588824,10.6107235,14.446778,16.277714,18.331963,22.726376,24.05334,25.508427,22.495623,22.631048,23.11009,27.23304,24.555214,30.96174,26.49689,30.836447,32.3012,35.450466,36.988647,39.113605,40.33334,37.76895,35.756893,32.12545,33.971397,31.923548,27.211943,28.383055,23.979252,27.162363,20.530493,25.702402,22.82044,21.875364,17.652655,14.69398,14.627157,13.424175,16.63997,13.11889,19.700235,18.137665,22.390558,24.29377,27.137707,28.736065,32.099022,25.93239,24.873646,24.817816,22.831388,22.093449,17.296064,20.42307,16.343513,19.882694,20.280111,21.722918,25.210188,23.630007,29.34222,24.942118,28.945808,28.05112,31.665247
25,19.41947,15.687515,18.567665,13.989417,15.045349,18.274258,17.432413,22.593996,22.500004,26.719805,28.308813,33.350048,31.937138,30.179901,26.95465,23.74281,20.967642,18.13387,18.341148,13.33478,11.6684065,8.51112,8.916679,4.3271675,3.2839866,0.0,4.923167,8.724402,10.429637,13.016992,18.478626,21.511702,24.719782,25.80758,29.249264,29.946848,32.916737,35.84723,31.421585,29.595274,26.293373,23.8502,19.396955,17.38771,13.7389345,13.352317,6.958862,8.25806,8.52934,12.503575,14.711754,16.406387,20.957178,22.581295,23.487385,20.188662,20.387827,20.460987,24.533634,21.874762,28.25459,24.179913,28.462692,30.194818,33.22821,35.24097,37.275433,38.775154,36.355957,34.242794,30.434904,32.04153,29.764734,25.074177,25.879713,21.408852,24.258406,17.556652,22.663551,19.807533,18.624537,14.608953,11.439887,11.535596,10.6019945,14.146503,11.207166,18.055777,17.166695,21.521582,23.802425,26.41988,28.260633,31.175787,24.848759,24.288902,23.870955,21.59174,20.791111,15.844099,18.36351,13.621503,17.235067,17.215633,18.527803,22.145073,20.747766,26.67813,22.618332,26.733398,26.219072,29.911224
26,21.439243,17.156738,19.161093,14.285816,14.069159,17.038603,15.115459,20.708097,19.79718,24.04571,25.592745,30.498152,29.845665,28.454197,25.46862,22.213633,20.418676,16.807093,18.723965,12.834331,13.007849,9.567397,11.987394,8.266129,6.4608226,4.923167,0.0,4.0602174,6.9763155,8.400802,14.459383,17.688185,21.064959,22.356321,25.824018,26.968685,29.877645,33.123386,28.720041,27.060371,23.40246,21.351938,16.726746,14.608705,11.412866,10.072498,5.5455894,4.376901,5.5010185,8.23741,9.9399395,11.88711,16.329988,17.827507,19.049328,16.084663,16.35859,17.092062,21.253845,18.891651,25.421827,21.179537,26.0202,27.765497,31.24026,32.82472,35.529537,36.906403,34.325577,32.504734,28.61538,30.644697,28.250917,23.307133,24.038895,19.559206,22.25796,15.653493,20.319267,17.277325,17.624475,12.521899,11.14506,10.074052,9.818089,12.854656,10.494983,16.902548,15.845193,20.216717,22.064573,25.046762,27.32487,30.053692,23.933733,24.117249,24.14108,21.655378,21.861471,16.62353,19.03806,14.810214,17.219015,17.162102,18.03439,21.40525,20.274271,25.783445,21.74854,26.065527,25.260979,29.380577
27,22.571665,18.107859,19.14139,14.221628,13.027555,15.32884,12.596158,18.237005,16.642035,20.847887,22.313578,27.083557,26.93279,25.822166,23.07951,19.860605,18.909065,14.844406,18.055986,11.919991,13.549524,10.394914,13.955901,11.211786,9.669802,8.724402,4.0602174,0.0,4.1188517,4.8509436,10.639887,14.44993,17.44996,19.272621,22.514704,24.084116,26.763472,30.124321,25.662226,24.264538,20.260712,18.819067,13.962667,12.295471,9.348381,8.217326,6.976208,4.850354,7.2489986,7.3508625,7.4016204,9.355829,13.781248,14.442495,16.573368,14.072787,13.95072,15.534004,19.635983,17.358747,23.784807,19.033098,24.16111,25.642563,29.464943,30.389965,33.59952,34.70815,31.955038,30.420303,26.62141,29.091303,26.81181,21.766098,22.75687,18.48513,21.443985,15.353814,19.784945,17.009512,18.740662,13.269998,13.261927,10.902989,10.587087,12.516548,10.406122,15.733412,14.258604,18.412325,19.726067,23.005394,25.51214,28.200405,22.428091,23.035248,23.55215,21.08877,22.155212,16.955257,19.51364,16.413996,17.695663,18.13457,18.912457,21.70141,20.53538,25.311623,21.086779,25.359976,24.080246,28.413282
28,22.002443,17.764149,17.963314,12.919747,11.664801,12.819819,10.11353,15.247346,13.30549,17.650234,18.701122,23.732048,23.217098,21.895592,19.413563,15.888715,15.240058,10.830929,14.589409,8.337351,11.189667,8.8476925,12.872172,11.51194,11.082717,10.429637,6.9763155,4.1188517,0.0,5.43706,8.182757,12.509805,14.546886,16.868898,19.717934,21.221203,23.664976,26.754972,22.098112,20.799679,16.72962,15.558175,10.311538,9.6333475,5.7669597,7.415082,7.7958403,7.759226,11.03722,10.691706,9.840806,10.819701,15.497916,14.835022,17.824026,15.348029,14.222285,15.980126,19.883434,17.078245,23.154623,17.557444,22.319412,23.275417,27.101994,27.492683,30.618362,31.444777,28.589012,27.087927,23.491209,26.197147,24.272306,19.286224,20.976885,16.985624,20.893295,15.380701,20.407085,18.404703,20.369938,15.470743,15.245728,11.837177,10.341092,11.125834,8.321985,12.654032,10.509588,14.551219,15.692211,19.059868,21.490337,24.373983,18.735533,19.218998,20.071054,17.792656,19.343824,14.353201,17.419252,15.859649,16.435265,17.980177,19.257324,21.349468,19.643105,23.715929,18.906757,22.932983,21.102272,25.357119
29,26.74838,22.308247,22.657568,17.791485,16.02239,17.251883,13.774361,18.8962,15.922225,19.986032,20.576302,25.311804,25.89807,24.954659,23.116245,19.561066,19.975866,15.135598,19.725233,13.352902,16.533783,14.024714,17.69962,15.442763,14.381668,13.016992,8.400802,4.8509436,5.43706,0.0,7.3080826,10.068034,13.82761,15.101422,18.520012,20.265938,23.029755,26.696054,22.59378,21.149105,17.271736,15.822711,11.631554,9.481829,8.493946,5.720646,8.810312,6.4567237,9.544073,6.8768644,4.8529077,5.491071,10.068274,9.897374,12.459027,10.236264,9.583578,11.895842,15.775477,13.740517,19.914518,15.093551,20.522919,22.01972,26.101015,26.802078,30.491081,31.609135,28.863556,27.574493,23.734348,26.39972,24.013346,18.986053,19.770966,15.821088,18.51588,13.29358,17.017998,14.699706,17.924576,12.550051,14.1327505,10.714633,10.895912,11.508534,10.887976,14.47929,13.505342,17.151628,18.214333,21.397285,24.336857,26.385496,21.034979,22.629602,23.266794,20.65268,22.505423,17.56464,19.465712,17.185106,17.100357,17.577948,17.97804,20.07101,19.177439,23.122437,19.25569,23.455956,22.105148,26.653563
30,28.09273,23.99087,22.828802,18.48467,16.076763,15.257878,11.458317,14.846279,10.37723,14.006703,13.709142,18.359648,19.442366,18.820944,17.887589,14.43875,16.64096,11.707866,17.817783,12.672348,17.367659,16.081593,20.265347,19.595459,19.213667,18.478626,14.459383,10.639887,8.182757,7.3080826,0.0,6.7318087,7.003645,10.725146,12.757001,15.352969,17.17888,20.625143,16.178427,15.506437,10.864646,11.496045,7.1012883,8.150937,7.998004,9.283211,14.280527,13.431664,16.770563,13.990065,11.028895,10.502884,13.564339,10.228671,14.994676,13.981022,11.741147,14.881745,17.773426,15.530127,20.321667,14.157811,18.962078,19.19784,23.604286,22.471878,26.740059,27.015884,23.915125,23.197565,19.97519,23.502344,21.896694,17.23103,19.209742,16.382101,20.179207,16.81741,20.470333,19.456825,23.4318,18.827618,20.439535,16.126968,15.179319,13.8923855,13.066098,13.362077,11.325578,13.5141535,13.109334,16.641615,19.641636,21.757725,17.578924,19.492031,21.1345,19.06709,22.195572,18.123886,20.474276,20.762142,19.311527,21.25232,22.088854,22.856571,21.408003,23.482685,19.053669,22.493872,19.939672,24.33436
31,33.78935,29.744339,28.916815,24.289083,22.332382,21.439875,17.940685,20.805386,15.857991,19.02061,16.881325,21.519997,22.83875,21.84042,22.399258,18.23037,21.129,15.738811,21.70006,16.286745,21.371984,20.418318,23.825003,22.987011,23.095675,21.511702,17.688185,14.44993,12.509805,10.068034,6.7318087,0.0,6.727275,5.1196647,8.918042,10.582023,13.508797,17.520794,14.412651,12.705661,9.988733,8.355396,7.751117,6.248358,10.067966,8.808471,15.5865965,15.181492,18.772013,15.315608,12.61641,10.254024,12.734621,9.175917,12.450331,11.301819,7.9317985,10.59471,12.409537,10.252308,13.943658,7.798072,12.686637,13.283722,17.798538,17.391693,21.856106,22.73673,20.02415,19.269434,15.697414,18.874847,16.824211,12.431796,13.654547,11.626284,14.757158,13.335209,15.874002,16.08757,20.797821,17.436768,19.881475,15.191847,14.79399,12.304751,13.769576,12.071473,12.226179,13.497614,13.893631,16.127512,19.612938,20.074184,16.304241,19.73012,20.640089,18.245092,21.6332,18.199024,18.950369,19.764683,16.92832,18.590683,18.972044,18.686207,17.69636,18.574097,15.241918,18.399197,16.4521,20.92842
32,33.10839,29.405695,27.499128,23.593649,21.245813,19.078278,15.81398,16.909876,11.44101,13.566841,10.6509,14.923566,16.722267,16.241629,17.451017,13.989893,18.148466,13.587213,20.045645,16.288471,21.659151,21.362707,25.20421,25.349463,25.554293,24.719782,21.064959,17.44996,14.546886,13.82761,7.003645,6.727275,0.0,6.739329,6.4157586,9.815487,10.602496,14.009039,9.870155,9.848504,5.351346,8.356624,7.278682,10.011151,11.967459,13.902949,19.85148,19.69953,23.29139,20.181326,17.085836,15.610073,17.680521,13.102108,17.835,17.481125,14.387381,17.31639,18.890715,16.801855,19.54731,13.190997,16.536922,15.516411,19.923185,17.089108,21.93243,21.539251,18.300539,18.288435,15.83073,19.915028,19.052193,15.385621,17.961449,16.746735,20.711277,19.555164,22.516754,22.773026,27.249908,23.622852,25.521683,20.752733,19.537868,16.93552,16.986227,14.177085,12.654809,12.483569,10.831953,13.585284,16.720755,17.829767,15.527068,18.415396,20.501493,18.940311,23.020962,20.228899,21.995182,24.186842,21.407555,24.05007,24.943033,24.411808,22.844814,22.8617,18.797165,21.129961,17.918676,21.86115
33,37.26782,33.485283,32.25293,27.81998,25.966629,24.33389,21.16613,22.905186,17.638863,20.09094,16.58336,20.888784,22.279861,21.171976,23.016861,18.786638,22.566975,17.457727,23.36994,18.849358,24.2534,23.959215,27.083588,26.847626,27.406452,25.80758,22.356321,19.272621,16.868898,15.101422,10.725146,5.1196647,6.739329,0.0,4.641917,5.5913415,8.760379,12.8855,10.788883,8.807248,7.948411,6.31646,9.105452,8.827746,13.216736,13.015148,19.684587,19.913288,23.634933,20.27862,17.677448,15.113494,17.03689,13.126759,15.965445,15.192334,11.62247,13.47539,13.955522,11.945284,13.266014,7.226989,10.028621,9.404434,13.996655,12.520492,17.417366,18.055717,15.395096,15.023369,11.866487,15.32802,13.794771,10.452056,12.139766,11.887079,15.086065,15.757397,17.738422,19.076277,23.736847,21.346785,23.679232,18.852247,18.115055,14.811859,16.685953,12.817086,13.519121,13.135388,13.114548,14.298039,17.794912,17.145044,14.777549,18.971758,19.956024,17.93977,21.870354,19.530062,19.732454,22.054152,18.28881,20.525978,21.023642,19.608152,18.49193,17.46613,14.63691,16.693535,14.390051,18.417925
34,38.746304,35.180496,33.339417,29.342676,27.295355,24.951025,21.984144,22.580263,17.16857,18.673157,14.357459,17.90495,19.739218,18.981628,21.700838,18.016188,22.624405,18.149763,24.16138,20.69287,26.22648,26.31994,29.61997,29.898483,30.515203,29.249264,25.824018,22.514704,19.717934,18.520012,12.757001,8.918042,6.4157586,4.641917,0.0,4.2647,4.9366684,9.100177,7.2433696,6.5494266,6.238422,7.737105,10.844396,12.409863,16.008036,17.069513,23.532066,23.81018,27.54586,24.198433,21.310524,19.037193,20.589272,16.068274,19.594408,19.377922,15.91741,18.03809,18.271606,16.511316,17.014606,11.529146,12.89316,10.939214,15.096657,11.321504,16.736507,16.314781,13.341222,13.858378,11.902888,15.91911,15.413953,13.116843,15.453783,15.924774,19.28753,20.30762,22.269197,23.692516,28.365799,25.891623,28.095743,23.2075,22.145817,18.761301,20.042526,15.489489,15.462043,13.970089,12.698868,13.609473,16.787758,15.95223,15.246796,19.303255,20.932297,19.52397,23.87931,22.130316,22.714876,25.880466,22.046392,24.7471,25.442501,23.781624,22.443396,20.632168,17.704481,18.95873,15.9522085,19.339422
35,40.240234,36.819748,35.216038,31.04369,29.422375,27.121548,24.475016,25.103271,19.927252,21.674253,17.02522,20.87358,21.883247,20.525263,23.62639,19.474922,23.820173,19.301073,24.732248,21.354336,26.820013,27.229893,29.978874,30.433842,31.480791,29.946848,26.968685,24.084116,21.221203,20.265938,15.352969,10.582023,9.815487,5.5913415,4.2647,0.0,4.2657757,7.922953,7.6060705,5.1978955,7.913476,6.780281,11.793717,12.588746,16.704565,17.62078,23.872839,24.777887,28.66392,25.609755,23.16091,20.599718,22.550924,18.584747,21.218517,20.440952,16.84461,18.05257,17.850492,15.798938,15.316282,10.264642,9.836546,7.120254,10.982322,7.380172,12.619019,12.686525,9.995149,10.147451,8.002609,11.809918,11.458043,10.043497,12.473423,13.925663,17.306356,19.346266,21.269735,23.358929,27.570227,25.958641,27.869356,22.980433,21.764502,17.974268,19.815348,14.325972,15.310713,13.283205,12.859914,12.546247,15.674075,13.68966,13.355562,17.978592,19.030767,17.657686,21.943916,20.903673,20.737415,24.587034,20.243116,23.144396,23.936834,21.629038,20.209904,17.396809,14.98153,15.519715,12.725914,15.764261
