,0,1,2,3,4,5,6,7,8,9,10,11,12,13,14,15,16,17,18,19,20,21,22,23,24,25,26,27,28,29,30,31,32,33,34,35,36,37,38,39,40,41,42,43,44,45,46,47,48,49,50,51,52,53,54,55,56,57,58,59,60,61,62,63,64,65,66,67,68,69,70,71,72,73,74,75,76,77,78,79,80,81,82,83,84,85,86,87,88,89,90,91,92,93,94,95,96,97,98,99,100,101,102,103,104,105,106,107,108,109,110
0,0.0,4.2813873,6.3261013,9.87083,12.421898,14.748992,17.964901,22.212414,25.206018,27.885988,31.672754,33.36908,36.268787,34.619053,34.629017,31.146656,29.732744,28.108824,26.348066,27.020233,25.139275,26.923498,27.252207,30.461315,32.375996,31.89543,33.422073,35.28232,34.420547,38.562965,35.11273,42.05469,40.15938,43.37474,39.371574,35.226627,36.405777,39.28305,34.82972,31.872616,35.066647,35.125095,30.755009,29.75782,33.919533,31.441082,25.217604,28.640423,31.206556,34.50623,35.73027,29.78393,36.124954,38.484905,36.38884,35.869366,34.0654,36.334312,40.10403,39.737988,37.729126,42.27135,46.16235,47.87549,44.26961,42.185562,46.262768,45.345764,40.231064,42.21837,44.449722,42.067177,38.40365,39.450867,36.827545,36.954174,33.685795,31.584984,28.689482,27.346533,23.288948,20.846365,19.40202,22.00966,25.578096,23.944374,28.901686,30.27753,32.848297,36.18116,37.691208,41.237118,41.583153,38.860004,38.072414,35.35556,31.972158,29.867783,25.364147,24.834917,18.67127,21.910263,17.350658,14.572467,14.970138,17.370728,19.996012,24.107315,25.006035,29.363815,30.981041
1,4.2813873,0.0,5.201184,6.5326934,9.373541,12.776604,14.944725,19.88628,22.384966,25.280684,28.940165,30.640343,33.26015,31.493202,30.997894,27.536325,25.905228,24.162266,22.237461,22.79807,20.869678,22.686956,23.197697,26.258314,28.121433,27.634052,29.286615,31.190805,30.521004,34.657772,31.545088,38.470173,36.996372,40.214504,36.079525,32.028545,33.560387,36.317608,31.687737,28.872448,32.459087,32.185097,27.70539,27.250069,31.518276,28.684801,22.745064,26.665848,29.247433,32.563766,33.237934,27.506266,33.914436,36.034706,33.622444,32.716393,30.845516,32.843163,36.869102,36.769955,34.33912,38.8058,42.651936,44.545307,40.979218,38.66604,42.54445,41.516537,36.43464,38.412193,40.454346,38.021473,34.431297,35.403496,32.957798,33.09345,29.93068,28.055298,25.221205,24.22304,20.229786,18.337736,16.537857,18.653187,22.109402,20.154537,25.0137,26.159054,28.639416,31.936966,33.416386,36.96734,37.31768,34.603214,33.818268,31.135199,27.733728,25.603529,21.109785,20.608564,14.483423,17.957405,13.5659075,11.166191,12.187088,14.657495,18.129068,21.499302,22.887726,27.085024,28.943554
2,6.3261013,5.201184,0.0,5.4750185,6.6833687,8.851561,11.981798,15.983869,19.22078,21.634615,25.516924,27.113918,30.121172,28.526093,29.009254,25.571795,24.460821,23.232393,21.981426,23.291115,22.35788,24.598064,25.939573,27.887163,29.285776,28.243454,29.276535,30.672928,29.464912,33.427113,29.71202,36.525177,34.20052,37.623226,33.91458,29.599173,30.71953,33.996716,29.743757,26.541613,29.890055,30.652157,26.153465,24.973024,29.505898,27.820974,21.380749,24.677397,27.942904,30.776302,32.06687,27.072783,33.43563,35.267727,33.51192,32.99626,30.49828,32.9427,37.029583,36.05025,33.56195,38.531994,42.182434,43.689564,39.696304,37.51666,41.80631,40.693092,35.751625,38.368855,40.38863,37.72599,34.368416,36.16509,33.396687,34.303528,31.153082,28.7069,26.739801,24.865217,21.121185,19.399754,16.60139,18.73698,21.661617,20.902884,24.90623,27.06698,29.193182,32.794952,34.13883,37.59939,37.988342,35.701202,35.381084,32.71003,29.56307,26.763618,22.926006,20.983795,15.143253,17.375864,13.205965,11.054868,10.089233,11.860953,14.570931,18.666906,19.149939,23.541239,24.894962
3,9.87083,6.5326934,5.4750185,0.0,3.8586879,7.1997313,8.896424,13.905432,15.968486,19.199892,22.633686,24.584179,27.097748,25.564764,25.309366,21.449972,20.343494,18.464146,17.71563,18.213737,17.452768,20.035614,21.302681,22.723944,24.172985,23.328302,24.138472,25.852854,24.66453,28.876925,25.25059,32.21763,30.607056,33.719837,29.620928,25.53109,27.031273,29.855719,25.292437,22.385994,26.084381,26.101192,21.53317,21.076992,25.56558,23.202877,17.181097,21.167763,24.206583,27.17951,27.748447,22.838501,29.227608,30.878986,28.736526,27.87697,25.4182,27.638964,31.86305,31.225115,28.501102,33.313915,37.001186,38.697823,34.87575,32.572987,36.682835,35.6389,30.606146,33.014988,35.092567,32.570953,29.05078,30.730743,27.949585,28.839159,25.710972,23.34043,21.475647,19.785654,16.150084,15.048358,11.857101,13.507616,16.435564,15.442393,19.546051,21.677225,23.997297,27.636915,29.276642,32.668,33.340023,31.171991,30.665956,28.318844,24.792353,22.236929,18.206108,16.318645,10.008657,12.301241,7.8195343,5.798671,5.910674,8.225597,12.246517,15.0686865,16.707531,20.755098,22.850433
4,12.421898,9.373541,6.6833687,3.8586879,0.0,5.4465437,5.6065435,10.796821,13.28627,15.938683,19.653433,21.267157,23.94256,22.269503,22.421583,18.91029,17.833864,16.690535,15.90339,17.487675,17.45136,20.074774,22.269827,22.926764,23.84081,22.39975,23.07494,24.193089,22.894524,26.767933,23.194902,29.947792,27.887405,31.406258,27.689112,23.383896,24.92691,28.271503,23.939804,20.77515,24.72209,25.500395,20.842745,20.276115,25.092852,23.532219,17.549637,21.253143,24.847916,27.330341,27.9582,23.982834,30.219595,31.414953,29.552671,28.629084,25.636698,27.857704,32.3608,31.296679,28.045815,33.16322,36.58195,38.14751,33.986668,31.500818,35.695736,34.356415,29.570332,32.577686,34.268616,31.398684,28.32589,30.566175,27.891062,29.355692,26.46443,24.05375,22.924173,21.091839,17.894453,17.444538,13.514635,14.434476,16.486677,16.182152,19.09786,21.644993,23.315773,27.05078,28.28958,31.639042,32.12641,30.220694,30.205095,27.725237,24.734192,21.499767,18.343714,15.224049,10.024578,11.179418,7.9239736,7.54691,5.949088,6.723552,10.899665,13.4943285,14.465413,18.52702,20.107111
5,14.748992,12.776604,8.851561,7.1997313,5.4465437,0.0,5.9790463,7.8979063,10.990116,13.802855,17.315323,19.453266,22.497822,21.539421,22.96239,18.896326,19.100576,17.860865,18.912249,20.040083,20.929554,23.994473,26.040607,25.745323,26.509993,25.037865,24.547209,25.529743,23.303799,27.242184,22.3923,29.111732,26.200628,29.358269,25.883175,21.485493,22.141663,25.639814,21.785738,18.315533,21.401075,23.08707,18.69981,16.911985,21.699339,21.352146,14.845217,17.507198,21.573977,23.644592,25.180037,21.71086,27.716286,28.8558,27.861965,27.73804,24.411764,27.348133,31.402853,29.337898,26.76649,32.229965,35.55625,36.565094,32.181007,30.264877,35.011826,34.00092,29.254143,32.50325,34.682247,32.018112,28.827665,31.734152,28.411177,30.443733,27.425446,24.179995,23.798885,20.747873,17.902458,17.16586,12.928408,14.3940935,16.047256,17.35771,19.741901,23.514698,25.334986,29.284658,30.873001,33.936764,34.840256,33.452682,33.502514,31.445766,28.221619,25.076706,22.125635,18.472128,13.412219,12.97455,9.784964,8.839342,4.7795243,4.247652,6.019449,10.200094,10.311874,14.702679,16.306782
6,17.964901,14.944725,11.981798,8.896424,5.6065435,5.9790463,0.0,6.095442,7.969332,10.508135,14.129391,15.748122,18.350708,16.803513,17.432354,13.815191,13.40101,12.793361,13.366301,15.479216,16.932873,19.873144,22.877163,21.885946,22.085938,20.069675,19.864006,20.340843,18.52339,22.126003,18.20386,24.757416,22.343796,26.03974,22.627634,18.190788,19.809927,23.528986,19.48644,16.154404,20.395405,21.888153,17.28168,16.805391,21.830038,21.217453,15.790553,19.10526,23.165367,24.943787,25.377895,22.875284,28.665049,29.156822,27.677876,26.724337,23.076256,25.32003,30.013487,28.361652,24.55789,29.983812,33.024113,34.35808,29.858955,27.263845,31.597456,30.060736,25.579042,29.254784,30.664967,27.560896,24.936289,28.018103,25.27218,27.606524,25.041761,22.415445,22.528996,20.332691,18.019537,18.59067,13.936591,13.712815,14.283886,15.31908,16.344707,19.810669,20.794556,24.673527,25.749128,28.819471,29.451477,28.202286,28.667606,26.499668,23.87026,20.164404,18.195854,13.539545,10.226533,8.766073,7.888505,9.45816,6.7971044,4.895032,8.746257,9.579933,10.263625,13.84626,15.276894
7,22.212414,19.88628,15.983869,13.905432,10.796821,7.8979063,6.095442,0.0,4.7984858,5.9828033,9.765101,11.632307,14.925688,14.231077,17.001595,13.434615,14.720744,14.841956,17.15298,19.317144,21.7666,24.863657,28.028625,25.991488,25.740965,23.441298,22.044107,21.839817,19.056591,22.139183,17.038822,22.985125,19.089407,22.788774,20.208635,15.5742445,16.12206,20.588291,17.55951,13.783793,17.150427,20.438677,16.376375,14.610525,19.594732,21.01501,15.7776,17.498177,22.190153,22.980078,24.2465,23.208935,28.348362,28.35663,27.960823,27.708776,23.511593,26.292664,30.59636,27.70762,24.230871,30.038956,32.65072,33.282604,28.355074,26.245623,31.082577,29.651342,25.618443,29.918756,31.426916,28.345991,26.112633,30.133236,26.988174,30.147993,27.739439,24.499096,25.687529,22.547443,20.925358,21.549004,16.756943,16.575436,16.132206,18.85151,18.536417,23.103678,23.717293,27.626944,28.685972,31.31956,32.18128,31.645514,32.47489,30.669767,28.27775,24.464584,23.227053,17.973,15.6338625,12.805668,12.718605,13.972062,10.235135,7.211834,6.9677544,7.5263524,5.434841,8.971418,9.455046
8,25.206018,22.384966,19.22078,15.968486,13.28627,10.990116,7.969332,4.7984858,0.0,4.8750935,6.832886,9.663251,11.995681,11.723807,13.892533,9.517906,11.770611,11.429617,15.326678,16.688793,19.911499,23.158672,26.319166,23.259882,22.72005,20.460999,18.236917,17.98957,14.749261,17.96529,12.370116,18.537247,15.213661,18.560846,15.564772,10.955477,11.996573,16.212505,12.979796,9.310229,13.357328,16.326187,12.352314,11.435811,16.322186,17.712414,13.646068,15.492283,19.931477,20.43266,20.893148,20.817621,25.492495,25.004255,24.523342,24.036612,19.615326,22.202286,26.571663,23.661667,19.760927,25.568172,28.01102,28.668003,23.718748,21.48035,26.300661,24.898762,20.918169,25.36054,26.85653,23.87065,21.702759,26.049196,22.846933,26.399998,24.25341,21.023712,22.973167,19.891838,19.048738,20.50648,15.747091,14.584771,13.019136,16.427544,14.844106,19.847033,20.253794,24.122236,25.400936,27.734386,28.957947,28.84635,29.656,28.355322,25.875963,22.332785,21.558052,16.159416,14.878534,10.883149,12.2276535,14.309755,11.40179,8.354921,8.45622,5.2459674,5.216409,6.654475,8.5823965
9,27.885988,25.280684,21.634615,19.199892,15.938683,13.802855,10.508135,5.9828033,4.8750935,0.0,4.4165897,5.657893,9.048752,8.676584,12.778124,10.148102,12.460225,13.853297,16.986206,19.63142,23.018248,25.932323,29.69606,26.495779,25.486048,22.694334,20.651655,19.418932,16.372179,18.397415,13.523704,18.328362,13.692167,17.977,16.351044,11.816195,12.527617,17.60744,15.50857,12.0301075,15.526937,19.6441,16.235155,15.1065645,19.63278,21.986313,18.278217,19.449705,24.044518,23.970125,24.675997,25.37253,29.684351,28.848158,28.732965,28.245731,23.666733,26.03224,30.407684,27.18458,22.991173,28.73703,30.667637,31.071844,25.88969,23.566456,28.20043,26.387735,23.155792,28.15105,28.968546,25.618973,24.338346,29.041922,26.25404,30.10715,28.294575,25.330265,27.516188,24.633598,23.885248,25.34214,20.555117,19.376299,17.62633,20.872034,18.623352,23.322996,22.926054,26.559177,27.14422,29.30784,30.123184,30.310492,31.703041,30.201973,28.526154,24.462118,24.564259,18.653503,18.452894,14.54513,16.365139,18.541014,15.388171,12.274582,11.868619,9.725075,7.5018883,7.8440638,6.920023
10,31.672754,28.940165,25.516924,22.633686,19.653433,17.315323,14.129391,9.765101,6.832886,4.4165897,0.0,3.8977811,6.0311007,7.286622,11.87841,9.290961,12.854693,14.125096,18.479998,20.421785,24.376469,27.328735,31.005207,26.938684,25.623505,22.89472,19.944332,18.403038,14.813488,16.329222,10.871482,14.815423,9.617735,13.668136,12.543129,8.289535,8.639123,13.91664,12.714786,9.707013,12.727579,17.35469,14.757325,13.9077425,17.741604,20.862055,18.417181,18.949646,23.268353,22.535805,22.911726,24.91989,28.433056,27.024643,27.300032,26.915316,22.180143,24.44096,28.527817,24.880949,20.634485,26.264713,27.73714,27.805244,22.518482,20.384432,25.052916,23.318277,20.591768,25.842714,26.592722,23.423275,22.526726,27.694828,24.858685,29.178493,27.69962,24.687344,27.653997,24.660543,24.647434,26.54862,21.964647,20.33115,17.767778,21.639692,18.299593,23.304573,22.622097,26.044052,26.743067,28.421988,29.573086,30.345871,31.811924,30.837584,29.216606,25.45814,26.03109,20.182217,20.711182,16.236778,18.693594,21.070465,18.219938,15.141174,14.236625,10.675755,9.03828,6.9317794,6.216944
11,33.36908,30.640343,27.113918,24.584179,21.267157,19.453266,15.748122,11.632307,9.663251,5.657893,3.8977811,0.0,4.079241,4.781241,10.807833,10.1605625,13.084011,15.548906,18.947407,21.846046,25.77064,28.395864,32.538074,28.515549,26.881685,23.770159,21.282011,19.06101,16.03719,16.55067,12.559732,15.207114,9.578068,14.564661,14.514744,10.786265,11.487188,16.698042,15.92669,13.281391,16.283768,20.869925,18.362053,17.79413,21.53449,24.577362,22.159962,22.835573,27.162315,26.384768,26.653603,28.718334,32.23472,30.717722,30.884468,30.240215,25.526976,27.42876,31.687273,28.245304,23.613731,29.02975,30.198877,30.329685,25.068043,22.653831,26.86186,24.68923,22.528526,28.017815,28.079363,24.569107,24.376665,29.545914,27.216282,31.552967,30.323126,27.700966,30.598352,27.996943,27.888252,29.846737,25.17816,23.442978,20.92201,24.3486,20.768082,25.265982,23.976892,27.158186,27.2241,28.831617,29.53964,30.44056,32.35157,31.156055,30.217636,26.077166,27.306017,21.1941,22.529982,18.224817,21.039684,23.626726,20.796036,17.711569,17.201458,14.187457,12.185811,10.559332,8.546816
12,36.268787,33.26015,30.121172,27.097748,23.94256,22.497822,18.350708,14.925688,11.995681,9.048752,6.0311007,4.079241,0.0,3.4962096,8.813492,9.155563,12.450865,15.082557,18.928785,21.45558,25.734442,28.188313,32.38283,27.709084,25.706064,22.567528,19.656363,16.959454,13.981501,13.558395,10.372577,11.539474,6.0590878,11.48542,12.022566,9.201603,10.586633,15.166711,14.896083,13.133623,16.162762,20.212862,18.261684,18.573305,21.743736,24.619186,23.292952,24.027967,27.928993,26.93162,26.480015,29.278332,32.27342,30.331676,30.388924,29.443342,24.78233,26.178263,30.38597,27.137846,22.087742,27.104952,27.816574,27.97014,22.822332,20.179062,23.926855,21.517271,20.011515,25.672552,25.23607,21.70157,22.169685,27.517841,25.551378,30.117895,29.334085,27.072178,30.42639,28.195885,28.605,31.038214,26.563437,24.304329,21.23687,24.64863,20.15646,24.385242,22.576864,25.387741,25.279722,26.450432,27.26451,28.664463,30.745924,29.947048,29.318462,25.396946,27.27569,21.294985,23.630169,19.05878,22.592417,25.530813,23.18531,20.212172,20.043476,16.147213,15.038319,12.690292,11.48129
13,34.619053,31.493202,28.526093,25.564764,22.269503,21.539421,16.803513,14.231077,11.723807,8.676584,7.286622,4.781241,3.4962096,0.0,6.4593725,7.907979,10.139892,13.556549,16.375935,19.67338,23.727858,25.952559,30.446466,26.132372,24.077988,20.69091,18.53782,15.670378,13.388337,12.971622,11.002651,12.869679,8.859625,14.33397,14.181538,11.063533,13.223686,17.681688,16.556194,14.590979,18.406357,21.832373,19.299034,19.957582,23.58456,25.657291,23.879679,25.28938,29.251738,28.730173,28.092545,30.137981,33.628338,31.947582,31.48758,30.16166,25.610584,26.759129,31.358112,28.688139,23.263418,28.248508,29.206371,29.806103,24.78499,21.70016,25.155308,22.449863,20.686663,26.255104,25.498749,21.63145,22.131495,27.132904,25.520658,29.790745,28.99138,27.076561,29.991863,28.202932,28.27798,30.70327,26.146927,23.828049,21.043161,23.815538,19.575167,23.278532,21.234802,24.03422,23.538883,25.001575,25.411655,26.514183,28.760286,27.597755,27.291893,23.045162,25.153172,19.03963,21.812616,17.522173,21.265972,24.401716,22.262531,19.397766,20.00804,16.45262,15.559406,14.141609,13.049531
14,34.629017,30.997894,29.009254,25.309366,22.421583,22.96239,17.432354,17.001595,13.892533,12.778124,11.87841,10.807833,8.813492,6.4593725,0.0,5.5759544,5.7831073,9.786912,11.944293,15.079325,19.208353,20.966917,25.631083,20.970226,18.51339,14.951343,13.296588,9.893405,9.00407,8.016349,9.324127,11.359292,11.227273,15.782393,14.369099,12.078375,15.7172785,18.81137,16.695004,15.592657,20.296978,21.749922,19.078825,21.266804,24.726381,25.128153,24.130075,26.57155,29.900728,29.943789,28.153229,29.74499,33.277477,31.619598,30.174747,27.956266,23.849445,24.007048,29.004454,27.619953,21.431086,25.743786,26.757605,28.178827,23.711746,19.828926,22.293715,19.131628,17.341923,22.569931,21.051249,16.829569,17.75244,22.197422,21.467491,25.383362,25.04206,24.09781,26.822937,26.172884,26.46024,29.424809,25.245543,22.250946,19.315659,21.017805,16.227457,18.658957,15.827502,18.193275,17.24522,18.71741,18.964012,20.119398,22.499264,21.489384,21.620268,17.49747,20.498625,14.769293,19.236609,15.192063,19.900175,23.563208,22.55024,20.203375,22.151836,18.057014,18.747744,17.762226,18.041187
15,31.146656,27.536325,25.571795,21.449972,18.91029,18.896326,13.815191,13.434615,9.517906,10.148102,9.290961,10.1605625,9.155563,7.907979,5.5759544,0.0,4.480067,5.9642267,10.732671,12.328471,16.722717,19.279612,23.281248,18.609009,16.801262,13.824562,11.1649475,9.33263,6.557355,8.738191,5.981118,11.415555,11.004489,14.760458,11.734603,8.474043,12.287448,15.276216,12.154575,10.656612,15.8039465,16.884764,13.751501,15.978137,19.65027,19.773127,18.558401,21.139225,24.434776,24.717047,23.027628,24.24578,28.00375,26.603144,25.16798,23.232159,18.964771,19.712748,24.722782,23.08634,17.2294,22.142355,23.810303,25.19166,20.55458,16.94744,20.397676,17.94133,14.811148,19.875807,19.688324,15.944451,15.273343,19.924856,18.11376,22.114496,21.179144,19.497644,22.275997,21.01689,21.29705,24.200388,19.999859,17.04868,14.0006275,16.338583,11.745077,15.439046,13.819969,17.044422,17.469913,19.308725,20.406624,21.093481,22.567533,21.763515,20.433039,16.772173,18.313437,12.598563,15.580056,10.953456,15.443988,18.96805,17.94144,15.623403,17.46576,12.915193,14.415394,13.584005,15.02916
16,29.732744,25.905228,24.460821,20.343494,17.833864,19.100576,13.40101,14.720744,11.770611,12.460225,12.854693,13.084011,12.450865,10.139892,5.7831073,4.480067,0.0,4.743285,6.6647863,9.781867,13.753103,15.850574,20.392609,16.30163,14.391321,10.963694,10.121693,8.269853,7.75107,9.681498,9.749304,14.534874,14.954336,18.867853,15.850289,12.890754,16.738424,19.519163,15.994583,14.544135,19.888699,20.24612,16.736412,19.254528,23.149942,22.232595,20.611673,23.95205,27.116842,27.955095,26.04387,26.26789,30.493052,29.441795,27.340086,24.881708,21.056028,21.283709,26.617247,25.907885,19.867523,24.341648,26.215834,28.126375,23.878477,19.94524,22.700958,19.976702,16.80174,21.308651,20.59438,16.586716,16.02205,19.730139,18.690033,21.969526,21.106266,20.198954,22.137817,21.793915,21.599684,24.475052,20.399773,17.391308,15.006068,15.878037,11.993785,14.17251,12.083351,15.177549,14.945434,17.338896,17.79438,17.872946,19.52372,18.135595,17.282509,13.053713,15.125002,9.183685,13.511538,9.688639,14.577543,18.376467,17.979877,16.097694,19.047619,15.268455,16.973808,17.086739,18.388514
17,28.108824,24.162266,23.232393,18.464146,16.690535,17.860865,12.793361,14.841956,11.429617,13.853297,14.125096,15.548906,15.082557,13.556549,9.786912,5.9642267,4.743285,0.0,6.688279,6.458402,10.879863,13.67142,17.378834,12.976841,11.659615,9.11069,7.385836,7.6821814,6.519953,10.555633,9.20002,15.297471,16.50369,19.352247,15.202131,12.430061,16.254454,18.13366,13.777148,12.650351,18.057426,17.126457,13.401341,16.561277,20.253506,18.26072,16.977184,20.806183,23.477243,24.737955,22.425896,22.097866,26.413572,25.611254,23.092258,20.488697,16.887518,17.122852,22.53227,22.260664,16.446949,20.901173,23.324858,25.48372,21.531187,17.743513,20.716373,18.578156,14.436396,18.267778,18.495241,15.048157,13.108922,16.498295,14.828727,17.90214,16.663404,15.559038,17.423874,17.131004,17.094341,20.222847,16.454426,13.101835,10.583687,11.297954,7.3435507,10.087533,9.153832,12.901319,14.031708,16.587364,17.85846,17.615736,18.303713,17.3919,15.129659,11.8334055,12.548102,7.307216,10.651614,6.4382176,11.55092,15.3588295,15.654844,14.237124,17.453682,13.332932,16.253145,16.53923,18.951466
18,26.348066,22.237461,21.981426,17.71563,15.90339,18.912249,13.366301,17.15298,15.326678,16.986206,18.479998,18.947407,18.928785,16.375935,11.944293,10.732671,6.6647863,6.688279,0.0,6.172496,8.307793,9.885236,14.826764,12.388893,11.185645,8.107318,10.4872,10.489554,11.85841,14.40128,15.315099,20.426304,21.548573,25.13086,21.50523,18.630943,22.406569,24.725784,20.441177,19.017572,24.460077,23.627272,19.666605,22.451359,26.483158,23.963642,21.816824,26.148918,28.895105,30.642435,28.500692,27.040583,31.903454,31.551628,28.540964,25.581083,22.584538,22.38288,27.87154,28.407263,22.663929,26.586464,29.045858,31.58337,27.931217,23.942156,26.18674,23.686,19.987253,23.22237,22.644152,18.976265,17.644014,19.57079,19.123137,20.95281,19.844364,19.81142,20.176992,21.040386,20.076527,22.711172,19.180273,16.349922,15.2977915,13.8877,12.180495,12.060637,10.594785,13.525824,13.23038,16.575867,16.484966,14.98652,16.001762,13.666845,12.484304,7.7588177,9.289213,3.4504805,9.456028,8.023404,12.40767,16.160833,17.077839,16.253096,20.530458,17.860645,20.234112,21.499302,23.228552
19,27.020233,22.79807,23.291115,18.213737,17.487675,20.040083,15.479216,19.317144,16.688793,19.63142,20.421785,21.846046,21.45558,19.67338,15.079325,12.328471,9.781867,6.458402,6.172496,0.0,4.724924,7.522786,10.962142,7.057951,6.6072993,5.323846,6.9721193,9.488592,10.703345,14.442899,14.800486,20.335838,22.658308,25.029816,20.513178,18.343666,22.113216,23.166683,18.433758,17.818266,22.962421,20.486975,16.852386,20.52067,23.849415,20.003748,18.989426,23.682005,25.510654,27.605146,24.692627,22.896366,27.441334,27.218998,23.599,20.225458,17.88009,17.162245,22.577438,24.013193,18.584631,21.888222,24.751911,27.657715,24.646143,20.82965,22.808708,20.935816,16.600498,18.685524,18.905998,16.037914,13.43863,14.470383,13.757464,15.013694,13.751178,14.150424,14.370484,15.994854,15.588888,18.817366,16.111732,12.670364,11.472629,9.063603,7.463978,6.002163,6.053892,9.575505,11.248489,14.502146,15.659059,14.146591,13.746029,12.661457,9.228776,6.8250184,6.383546,3.897495,8.383169,7.1532044,11.330459,14.890507,16.871078,16.628857,20.815258,17.550026,21.094687,22.052872,24.819925
20,25.139275,20.869678,22.35788,17.452768,17.45136,20.929554,16.932873,21.7666,19.911499,23.018248,24.376469,25.77064,25.734442,23.727858,19.208353,16.722717,13.753103,10.879863,8.307793,4.724924,0.0,3.6707263,6.8179502,6.1482415,7.4289827,7.664493,11.0318575,13.736431,15.397144,18.935482,19.487858,25.034086,27.29211,29.727047,25.129278,22.856104,26.468344,27.506891,22.605888,21.85013,26.866846,24.06741,20.321022,23.741121,27.100939,22.542435,21.0553,26.121458,27.668684,30.297995,27.477354,24.505718,29.389336,29.719637,25.667297,22.193657,20.600458,19.766294,24.898577,27.02372,22.154455,25.011408,28.142141,31.269655,28.632208,24.974508,26.69406,25.016382,20.660645,21.906187,22.258064,19.783056,16.997011,16.657652,16.377602,16.217129,14.730949,15.782029,14.3536005,16.927437,15.779699,18.488277,16.508509,13.676726,13.861329,9.8175745,10.9307575,7.865033,9.018205,11.445617,12.956233,16.456776,17.136656,14.53611,13.33968,11.6120205,7.4030485,6.082194,1.8404561,5.0472846,7.6700387,9.260208,11.722473,14.638924,17.510036,18.035822,22.725517,20.394514,23.985935,25.565514,28.361557
21,26.923498,22.686956,24.598064,20.035614,20.074774,23.994473,19.873144,24.863657,23.158672,25.932323,27.328735,28.395864,28.188313,25.952559,20.966917,19.279612,15.850574,13.67142,9.885236,7.522786,3.6707263,0.0,5.437348,6.557369,7.631628,8.192927,12.80196,15.162953,17.643824,20.547585,22.15779,27.14086,29.788504,32.320686,27.907984,25.839476,29.618773,30.612432,25.832111,25.221327,30.293732,27.397167,23.804682,27.352924,30.63765,25.961159,24.690657,29.770283,31.202362,33.85353,30.844507,27.875664,32.60394,32.911083,28.657846,24.93244,23.66998,22.375206,27.395845,29.99496,25.008928,27.377926,30.309858,33.656227,31.2868,27.467045,28.609493,26.745583,22.806957,23.737238,23.488754,21.032623,18.795448,17.694277,18.350012,17.60926,16.663504,18.515955,16.808016,20.039862,18.952255,21.548605,19.914299,17.212048,17.444532,13.230993,14.11412,10.051957,10.31852,11.577325,12.266068,15.807962,15.875473,12.6034155,11.184121,8.896711,5.2049556,4.6935387,2.109571,7.3110275,10.741955,12.699512,15.061348,17.791668,20.76414,21.365019,26.16959,23.951813,27.394724,28.970163,31.574547
22,27.252207,23.197697,25.939573,21.302681,22.269827,26.040607,22.877163,28.028625,26.319166,29.69606,31.005207,32.538074,32.38283,30.446466,25.631083,23.281248,20.392609,17.378834,14.826764,10.962142,6.8179502,5.437348,0.0,6.8269987,9.652911,11.962868,15.617111,18.847414,20.982409,24.302914,25.36595,30.53845,33.511097,35.446354,30.629168,28.840752,32.389645,32.742443,27.808874,27.509789,32.15897,28.358622,25.065155,28.714603,31.498777,25.891981,25.070402,30.27645,30.938215,34.016563,30.756685,26.968966,31.491194,32.246002,27.533405,23.723206,23.47345,21.939371,26.355043,29.79864,25.666533,27.31585,30.569208,34.101402,32.373085,28.949566,29.87313,28.617409,24.447779,24.18658,24.666656,23.091105,20.11493,17.768263,18.34395,16.198189,15.035215,17.47467,14.512629,18.714323,17.621231,19.979546,19.595465,17.24889,18.183195,13.156513,15.570283,10.846849,12.730983,13.454909,15.256588,18.309225,18.974092,15.681242,12.984768,11.876551,6.990898,9.645525,5.590565,11.765048,12.785119,15.475963,16.615767,18.497265,22.198193,23.398237,28.093239,26.115633,30.014687,31.68785,34.778202
23,30.461315,26.258314,27.887163,22.723944,22.926764,25.745323,21.885946,25.991488,23.259882,26.495779,26.938684,28.515549,27.709084,26.132372,20.970226,18.609009,16.30163,12.976841,12.388893,7.057951,6.1482415,6.557369,6.8269987,0.0,3.4597719,6.7371974,9.253522,12.845265,15.0293665,18.21975,19.685112,24.308153,27.979517,29.454128,24.69935,23.518559,27.264957,27.14639,22.502,22.796535,27.407658,23.409609,20.596577,24.894636,27.294523,22.091637,22.486483,27.323095,27.98834,30.44224,26.6309,24.39204,28.235344,28.197811,23.678177,19.542122,18.802944,16.725111,21.525133,24.793396,19.953735,21.476841,24.387123,27.953743,26.199553,22.552069,23.194843,21.815458,17.817047,17.76191,17.939728,16.27849,13.392158,11.43106,12.249531,11.121173,10.654038,13.373806,12.474925,16.34922,16.559116,19.996447,18.921337,15.527359,14.822352,10.946098,10.5491705,4.8893113,6.207222,7.085556,9.978428,12.778724,14.420595,12.30761,9.966562,10.301531,4.9786396,7.542087,6.4474196,9.831323,12.93917,13.331643,16.167679,18.926678,21.91848,22.337658,26.506598,23.269737,27.295769,28.07958,31.253822
24,32.375996,28.121433,29.285776,24.172985,23.84081,26.509993,22.085938,25.740965,22.72005,25.486048,25.623505,26.881685,25.706064,24.077988,18.51339,16.801262,14.391321,11.659615,11.185645,6.6072993,7.4289827,7.631628,9.652911,3.4597719,0.0,3.8797119,6.8580837,9.937066,12.784889,15.360926,17.815678,21.805952,25.820137,27.404951,22.972023,22.01918,25.996834,25.969463,21.623466,22.05989,26.817263,23.196016,20.538568,24.983147,27.410727,22.838121,23.4786,28.05722,29.007633,31.045572,27.15459,25.816376,29.408142,28.91079,24.687183,20.52394,19.287413,17.028957,22.028332,24.94028,19.475307,21.054268,23.502728,27.039343,25.105772,21.133207,21.474918,19.633497,16.100027,16.653692,15.941211,13.745161,11.727675,10.419655,11.906527,11.8389,12.070749,14.647046,14.865505,18.201859,18.73491,22.362755,20.754337,17.103237,15.646821,12.695543,10.504951,5.3794565,3.6956944,4.1353784,6.6764855,9.628861,11.290909,9.680243,8.107443,8.73323,4.9469867,6.3018913,7.9134803,9.477113,14.1758585,13.629371,17.36247,20.552965,23.041748,23.005232,27.021214,23.347715,27.115158,27.521688,30.420902
25,31.89543,27.634052,28.243454,23.328302,22.39975,25.037865,20.069675,23.441298,20.460999,22.694334,22.89472,23.770159,22.567528,20.69091,14.951343,13.824562,10.963694,9.11069,8.107318,5.323846,7.664493,8.192927,11.962868,6.7371974,3.8797119,0.0,5.5094995,7.236808,10.514756,12.71866,15.636529,19.551643,23.145683,25.325369,21.265665,19.971737,24.104263,24.723473,20.538223,20.609995,25.67172,22.965843,20.033104,24.201029,27.059599,23.345345,23.423073,27.829111,29.39547,31.134869,27.630562,26.747696,30.567945,29.854174,26.10301,22.243216,20.21375,18.455133,23.741066,25.77298,19.822111,22.155869,24.347267,27.576487,25.02038,20.803846,21.539158,19.169825,15.845435,17.679298,16.461834,13.349511,12.153699,12.505653,13.590748,14.733491,14.790569,16.47848,17.250341,19.693024,19.99164,23.519934,21.148703,17.498898,15.707992,13.550453,10.463933,7.201177,3.777896,5.4992857,5.9670706,9.375947,10.345214,9.118331,9.209479,8.768352,6.925575,4.9560184,8.418069,7.4395394,13.4771595,12.201794,16.635157,20.208832,22.105345,21.641665,25.621174,21.878632,25.200369,25.548336,28.022106
26,33.422073,29.286615,29.276535,24.138472,23.07494,24.547209,19.864006,22.044107,18.236917,20.651655,19.944332,21.282011,19.656363,18.53782,13.296588,11.1649475,10.121693,7.385836,10.4872,6.9721193,11.0318575,12.80196,15.617111,9.253522,6.8580837,5.5094995,0.0,4.280361,6.04669,9.14138,11.108533,15.077303,19.131098,20.547724,16.211267,15.493293,19.574173,19.57297,15.59824,16.282032,21.013178,18.082151,15.713188,20.233303,22.566957,19.324976,20.402601,24.243603,25.655901,26.89539,23.143116,23.43522,26.61485,25.397242,22.064503,18.401476,15.875749,14.159567,19.470695,20.901094,14.655993,17.24708,19.29382,22.300905,19.541851,15.311248,16.420048,14.208929,10.4667015,12.9907465,12.279797,9.089593,7.296893,9.698784,9.657394,12.496617,12.643798,13.466583,15.85802,17.318947,18.507689,22.393047,19.870249,15.916411,12.978514,12.532746,7.21451,6.426863,3.2117128,6.182379,8.347718,10.213688,12.585478,13.01691,13.141299,13.840457,11.555886,10.351763,12.366627,10.148697,14.831581,11.98699,16.66042,20.215984,21.564629,20.6815,23.820557,19.229696,22.703144,22.255167,25.03028
27,35.28232,31.190805,30.672928,25.852854,24.193089,25.529743,20.340843,21.839817,17.98957,19.418932,18.403038,19.06101,16.959454,15.670378,9.893405,9.33263,8.269853,7.6821814,10.489554,9.488592,13.736431,15.162953,18.847414,12.845265,9.937066,7.236808,4.280361,0.0,4.502783,5.507188,9.677804,12.39834,16.533342,18.523743,15.040314,14.397318,18.675037,19.252157,15.981603,16.502455,21.305136,19.517134,17.291521,21.422321,23.937105,21.844576,22.667192,26.066238,27.979158,28.725538,25.294767,26.371073,29.42121,27.842218,25.073906,21.716562,18.702925,17.263426,22.41939,23.08621,16.51837,19.35225,20.69136,23.320814,20.137459,15.680466,16.663517,13.673343,11.11129,14.856792,12.99257,8.860951,9.305527,12.657431,13.017799,16.350311,16.770496,17.294653,19.997202,20.964365,22.051523,25.797121,22.773901,18.948444,15.780883,16.056501,10.467874,10.624798,6.83135,8.592209,8.676319,10.044032,11.710071,12.99781,14.359827,14.729732,13.982726,11.676394,14.968468,11.509042,17.010769,13.663874,18.749264,22.51825,23.230366,21.862848,24.735754,20.009592,22.778656,21.955435,24.067646
28,34.420547,30.521004,29.464912,24.66453,22.894524,23.303799,18.52339,19.056591,14.749261,16.372179,14.813488,16.03719,13.981501,13.388337,9.00407,6.557355,7.75107,6.519953,11.85841,10.703345,15.397144,17.643824,20.982409,15.0293665,12.784889,10.514756,6.04669,4.502783,0.0,4.982929,5.326132,9.657326,13.087054,14.842879,10.883845,9.995614,14.244587,14.893412,11.594876,12.115956,16.840971,15.529017,13.3802595,17.319477,19.785147,18.489855,19.363443,22.251528,24.375074,24.765873,21.644073,23.345882,26.259851,24.500393,22.340052,19.576946,15.903973,15.302333,20.360643,19.93189,13.409999,17.217886,18.676914,20.75201,16.903433,12.655992,14.980717,12.389453,9.09842,13.876258,13.239496,9.507836,8.958199,13.745913,12.52511,16.739677,16.610744,15.890792,19.296337,19.087881,20.374922,24.029024,20.715322,17.011438,13.33144,15.050305,8.933905,11.527495,9.228057,11.857687,12.939926,14.112725,16.133944,17.420189,18.458023,18.7949,17.222431,14.8748045,16.950174,12.781137,16.814182,12.597029,17.44416,21.038908,21.163841,19.470911,21.624487,16.489307,19.198847,17.915789,20.239159
29,38.562965,34.657772,33.427113,28.876925,26.767933,27.242184,22.126003,22.139183,17.96529,18.397415,16.329222,16.55067,13.558395,12.971622,8.016349,8.738191,9.681498,10.555633,14.40128,14.442899,18.935482,20.547585,24.302914,18.21975,15.360926,12.71866,9.14138,5.507188,4.982929,0.0,7.337444,7.305731,12.021776,13.917442,11.594159,11.769933,15.863443,16.5389,14.606625,15.419898,19.613258,19.00412,17.55128,21.207218,23.355072,22.81479,24.01111,26.456272,28.638287,28.553295,25.411707,27.915726,30.326717,28.147282,26.29757,23.519999,19.982662,18.960426,23.61356,23.102564,16.533838,19.56715,20.005104,21.877968,18.213964,13.865266,15.007118,11.549798,10.519261,15.523666,13.252982,9.037521,11.08794,15.751112,15.67227,19.88615,20.466377,20.28341,23.84736,23.902359,25.331764,29.010902,25.660051,21.986162,18.293175,19.91203,13.785251,15.438714,12.078169,13.468996,13.194596,13.440188,14.987179,17.258942,19.14275,19.678368,19.442215,16.937984,20.262686,16.069237,21.045008,16.964212,21.979897,25.675076,25.572542,23.650194,25.588816,20.470327,22.480316,20.710537,22.239174
30,35.11273,31.545088,29.71202,25.25059,23.194902,22.3923,18.20386,17.038822,12.370116,13.523704,10.871482,12.559732,10.372577,11.002651,9.324127,5.981118,9.749304,9.20002,15.315099,14.800486,19.487858,22.15779,25.36595,19.685112,17.815678,15.636529,11.108533,9.677804,5.326132,7.337444,0.0,7.1439877,8.613275,10.253332,6.222157,4.7636914,9.023943,10.292401,7.805323,8.147078,12.431372,12.814219,11.139738,14.14425,16.483244,17.076988,17.85116,19.615547,22.196604,21.810946,19.424768,22.27491,24.817871,22.714956,21.70578,19.954895,15.598028,16.171839,20.623629,18.507128,12.53693,17.27482,18.4374,19.474314,14.747056,11.201216,14.985757,12.897708,10.013199,15.499699,15.732475,12.632171,12.045624,17.535282,15.268377,20.007929,19.495365,17.56625,21.527796,19.946196,21.339655,24.646563,20.98522,17.750689,13.800652,17.12649,11.375299,15.644536,14.237771,17.018124,18.23081,19.15212,21.181063,22.66863,23.783176,24.023357,22.27977,19.720575,21.181955,16.439589,19.0949,14.310496,18.50033,21.72148,20.882446,18.672335,19.577322,14.104315,16.109646,13.861658,16.020817
31,42.05469,38.470173,36.525177,32.21763,29.947792,29.111732,24.757416,22.985125,18.537247,18.328362,14.815423,15.207114,11.539474,12.869679,11.359292,11.415555,14.534874,15.297471,20.426304,20.335838,25.034086,27.14086,30.53845,24.308153,21.805952,19.551643,15.077303,12.39834,9.657326,7.305731,7.1439877,0.0,6.98313,7.0013123,6.7159,8.925134,11.740444,11.8716955,12.319944,13.754541,16.251368,17.055468,16.99482,19.769142,20.967817,22.437872,24.313873,25.300793,27.506252,26.316769,23.662464,27.944403,29.31297,26.464138,25.96998,24.219172,20.276688,20.046326,23.667236,21.469692,15.73519,18.950876,18.449448,18.945824,14.677958,11.328457,13.360648,10.551959,11.029771,16.561172,15.178462,12.287471,14.250932,19.758879,18.616838,23.530563,23.989199,22.759806,27.203749,26.027264,27.932713,31.419647,27.983044,24.657707,20.557878,23.684698,17.47711,20.671478,18.23096,19.793388,20.1457,19.860336,21.765512,24.38908,26.104774,26.907246,26.25319,23.912848,26.5595,22.038855,25.76358,21.105085,25.544561,28.844809,27.933376,25.585995,26.100403,20.67881,21.92219,18.865091,19.993843
32,40.15938,36.996372,34.20052,30.607056,27.887405,26.200628,22.343796,19.089407,15.213661,13.692167,9.617735,9.578068,6.0590878,8.859625,11.227273,11.004489,14.954336,16.50369,21.548573,22.658308,27.29211,29.788504,33.511097,27.979517,25.820137,23.145683,19.131098,16.533342,13.087054,12.021776,8.613275,6.98313,0.0,5.5566626,7.46086,7.079525,8.2203045,11.160151,12.362827,12.156791,14.102411,17.619858,17.021996,18.007158,19.889612,23.073591,23.447502,23.650318,26.814192,25.239906,24.098883,28.26182,30.141155,27.563196,27.951488,27.085234,22.567747,23.625975,27.225101,23.735193,18.828365,23.25137,23.256666,23.000076,17.981874,15.659933,19.172377,17.021902,16.448671,22.093695,21.65963,18.706142,19.62522,25.292921,23.306099,28.243282,27.918753,25.721155,29.866734,27.64189,28.91233,31.768034,27.752827,25.11357,21.393732,25.240778,19.881336,24.17784,22.31195,24.693964,25.005295,25.442327,26.903418,28.972504,30.838373,30.868078,30.031246,26.873478,28.919008,23.501284,26.123604,21.27352,25.059933,28.019983,26.092615,23.290728,22.831823,18.011328,17.799994,14.367167,14.266385
33,43.37474,40.214504,37.623226,33.719837,31.406258,29.358269,26.03974,22.788774,18.560846,17.977,13.668136,14.564661,11.48542,14.33397,15.782393,14.760458,18.867853,19.352247,25.13086,25.029816,29.727047,32.320686,35.446354,29.454128,27.404951,25.325369,20.547724,18.523743,14.842879,13.917442,10.253332,7.0013123,5.5566626,0.0,5.478057,8.255364,8.140948,8.230667,11.350264,12.637952,12.864052,15.746848,16.674309,17.89477,18.317493,21.916641,23.752314,23.253567,25.627268,23.464304,21.89954,27.301105,28.000853,24.88539,25.819946,25.309755,21.086288,22.029045,24.707003,20.775253,16.623055,20.327375,19.64516,18.687317,13.863147,12.490498,15.928822,14.584756,14.849883,20.000454,20.036211,18.078121,18.985296,24.684084,22.461815,27.55578,27.506294,25.200354,29.921059,27.518211,29.481068,32.495033,28.993032,26.284103,22.262053,26.482288,20.885218,25.261461,23.730194,25.78884,26.679646,26.573914,28.649183,31.076902,32.559338,33.24714,32.010773,29.593626,31.411448,26.59574,28.950455,24.066229,27.662561,30.409002,28.732119,26.128386,25.247286,20.065071,20.408062,16.413822,17.11382
34,39.371574,36.079525,33.91458,29.620928,27.689112,25.883175,22.627634,20.208635,15.564772,16.351044,12.543129,14.514744,12.022566,14.181538,14.369099,11.734603,15.850289,15.202131,21.50523,20.513178,25.129278,27.907984,30.629168,24.69935,22.972023,21.265665,16.211267,15.040314,10.883845,11.594159,6.222157,6.7159,7.46086,5.478057,0.0,4.6513805,6.2048144,5.24858,6.350748,8.327205,9.693955,11.04337,11.621802,13.792068,14.457073,16.936396,19.02977,19.195995,21.340199,19.789219,17.58534,22.419157,23.53054,20.671366,20.961378,20.1615,15.82725,16.842968,19.956522,16.398718,11.626201,16.010195,16.237011,15.986725,10.811029,8.656402,13.179267,12.095882,10.603757,15.803048,16.69166,14.791243,14.512251,20.215189,17.48335,22.542933,22.222532,19.75582,24.451809,22.09343,24.143867,27.30198,23.98939,21.10766,16.989073,21.206604,15.662501,20.274815,19.294308,21.663326,23.2033,23.445992,25.874746,27.872812,28.852564,29.598595,27.698801,25.629013,26.86425,22.447847,24.391842,19.588085,23.093132,25.811373,24.580269,22.264141,21.859333,16.306135,17.756008,14.225069,16.271896
35,35.226627,32.028545,29.599173,25.53109,23.383896,21.485493,18.190788,15.5742445,10.955477,11.816195,8.289535,10.786265,9.201603,11.063533,12.078375,8.474043,12.890754,12.430061,18.630943,18.343666,22.856104,25.839476,28.840752,23.518559,22.01918,19.971737,15.493293,14.397318,9.995614,11.769933,4.7636914,8.925134,7.079525,8.255364,4.6513805,0.0,4.2939405,7.05001,5.76508,5.2816024,8.553194,11.176991,9.967068,11.419615,13.648965,16.133522,16.525629,17.1091,20.127317,19.073462,17.690321,21.26056,23.54844,21.347206,21.41844,20.686913,16.00676,17.677336,21.448975,17.936472,13.144047,18.429596,19.541803,19.64957,14.415634,12.109753,16.890669,15.547289,12.89294,18.143175,19.211931,16.693756,15.731025,21.279999,18.287312,23.09078,22.164043,19.335855,23.418812,20.744404,22.065388,24.897038,21.073774,18.462528,14.675617,18.997238,14.07823,19.197643,18.50063,21.498186,22.934504,23.885204,25.94143,27.357536,28.386133,28.49865,26.453398,23.806885,24.629208,19.687628,21.060028,16.17718,19.466652,22.162075,20.543047,18.030304,17.66427,12.2302065,13.425539,10.230574,12.3571005
