,0,1,2,3,4,5,6,7,8,9,10,11,12,13,14,15,16,17,18,19,20,21,22,23,24,25,26,27,28,29,30,31,32,33,34,35,36,37,38,39,40,41,42,43,44,45,46,47,48,49,50,51,52,53,54,55,56,57,58,59,60,61,62,63,64,65,66,67,68,69,70,71,72,73,74,75,76,77,78,79,80,81,82,83,84,85,86,87,88,89,90,91,92,93,94,95,96,97,98,99,100,101,102,103,104,105,106,107,108,109,110,111
0,0.0,4.3283434,6.0427403,9.608858,11.976888,14.148026,17.289095,21.417753,24.411617,27.05977,31.242247,29.693586,27.335981,26.596998,21.665047,22.077625,17.065031,17.605074,14.863359,14.730822,15.091854,10.635437,15.050756,17.59654,16.579567,18.950117,20.486624,22.666018,19.463736,23.83339,22.237225,27.15297,30.602552,32.560978,35.754684,36.56722,40.346134,39.97092,37.417904,34.17648,35.167942,31.97598,29.52699,28.540169,25.8706,24.795095,20.644886,20.89779,19.622612,17.711964,17.69919,14.047056,16.813032,14.955195,19.773561,23.605312,24.841778,25.243378,30.034515,30.019964,26.799728,32.2695,31.983734,32.66391,36.268837,34.304153,37.713604,35.523296,40.31272,37.5802,32.990467,33.951065,32.256317,32.128162,32.080643,28.093182,30.597284,30.626596,30.966654,34.046844,31.15585,28.286291,29.010492,26.563469,27.947748,23.606882,27.377975,24.062334,25.55765,26.305302,27.036444,30.780869,30.139507,32.018814,32.617733,31.949333,30.226833,31.920322,30.715418,34.07655,33.09858,37.91711,37.753235,42.784878,46.263176,44.938328,42.122696,43.57832,37.66456,40.484715,37.112633,40.047043
1,4.3283434,0.0,5.292321,6.4936886,8.8605585,12.061261,14.368825,19.285685,21.535336,24.584051,28.390987,27.108446,25.21258,24.076412,19.362082,18.969923,14.052889,13.878612,11.132631,10.444033,10.901991,6.7275167,11.547777,13.64645,13.447014,15.1166525,17.27332,19.010502,15.540348,19.746147,18.412186,23.072313,27.10927,28.850704,32.237812,33.1827,36.78905,36.34785,33.579933,30.17645,31.414715,27.960493,25.783796,24.708483,22.33763,21.367935,17.371267,18.005919,17.057186,15.779083,15.636652,12.804564,15.598937,13.819302,18.010733,21.722057,22.281853,23.03056,27.966696,27.631847,24.148836,29.27756,28.676353,29.072767,32.610954,30.344046,33.61951,31.285004,36.074394,33.402817,28.764994,29.683014,27.92972,27.920292,27.858377,23.943007,26.621962,26.71549,27.296766,30.443779,27.782938,24.662477,25.412172,22.725786,23.828821,19.483828,23.076614,19.765348,21.341839,22.251228,23.241793,26.99208,26.7077,28.784906,29.549517,28.839085,26.822836,28.287643,26.89858,30.334156,29.063131,33.99008,33.676888,38.718258,42.307404,40.83091,37.96322,39.444447,33.44649,36.28194,32.970634,35.90299
2,6.0427403,5.292321,0.0,5.1185427,6.856524,8.268033,11.699713,15.3910055,18.613281,21.104818,25.388983,23.866056,21.471891,20.98596,16.010818,16.776398,12.230948,13.059309,11.850226,12.088688,14.0619,10.893922,16.157444,17.405771,17.375643,18.239866,19.552279,20.821243,16.050959,20.325363,17.776175,22.948975,25.262125,27.554028,30.389414,31.11648,35.02563,34.708313,32.49805,29.618898,30.238043,27.773249,24.947998,24.936817,21.602427,21.717463,17.854525,18.956799,18.66978,16.612448,15.479668,12.005313,13.559054,10.44707,14.905894,18.56884,20.2203,21.198353,25.739655,26.338701,23.135918,28.810781,27.96407,29.131208,32.111496,30.8732,34.307865,32.255085,37.342728,35.258698,30.6414,32.03746,29.700064,30.572744,29.490414,25.943928,28.172024,27.56529,27.855303,30.612019,27.480026,24.73636,24.5478,22.515404,24.18801,20.319956,24.221636,22.144735,23.66886,25.291157,26.337696,30.336561,30.41508,32.196045,32.684025,31.490828,29.556875,30.491243,28.509256,31.472244,29.96901,34.758938,34.012234,39.01768,42.12665,40.840443,38.191208,39.318974,33.784542,36.64608,33.305183,36.626507
3,9.608858,6.4936886,5.1185427,0.0,3.8048186,6.0755568,8.795144,13.26937,15.340686,18.65594,22.166243,20.646324,18.841679,17.597338,12.945492,12.568374,7.8041515,8.16654,6.9468303,7.6378765,10.220537,8.44724,13.779338,14.440978,16.04506,15.636894,18.022902,18.375372,12.698178,16.41541,13.900725,18.448456,21.359657,23.022314,26.3221,27.016653,30.815643,30.625553,28.05678,25.032797,26.267523,23.661184,21.306053,21.619211,18.644085,19.421474,16.026081,17.868073,18.162506,17.051914,15.713485,13.539562,14.8269205,11.73757,14.831022,18.081005,18.875307,20.580278,25.144852,25.462683,21.936728,27.039165,25.505901,26.298916,28.914595,27.29144,30.391228,27.94154,33.106388,31.297754,26.572287,27.701311,25.073566,26.001778,24.502344,21.043133,23.160725,22.477745,22.866898,25.653606,22.681986,19.757236,19.691055,17.46765,19.143816,15.234815,19.449818,17.854956,19.771124,21.760738,23.412323,27.24309,27.93803,30.096144,30.890646,29.715277,27.330835,27.850126,25.502884,28.525164,26.299456,31.304695,30.017887,35.041283,38.276608,36.574173,33.838234,34.697655,29.029861,31.715996,28.277937,31.53105
4,11.976888,8.8605585,6.856524,3.8048186,0.0,5.3185277,5.5117984,11.01868,12.822738,15.819472,19.663155,18.9004,17.408653,16.524246,12.094789,11.449609,8.108322,7.1443524,8.581224,7.6647415,11.224657,10.51522,15.12024,14.555695,15.767057,14.728879,16.17674,16.174107,10.047994,13.957309,10.977583,16.22649,18.659092,21.132256,23.899433,24.933905,28.614443,28.08609,25.816236,22.892225,23.418592,20.980198,18.178652,18.621998,15.222038,16.298,13.06114,15.207752,16.036024,14.846869,12.978616,11.359336,11.969274,8.978491,11.315303,14.449313,15.075751,16.885561,21.39207,21.791119,18.312992,23.511734,21.966492,23.063454,25.619974,24.490042,27.821754,25.822601,31.030592,29.398664,24.835915,26.60719,23.890263,25.742651,24.125105,21.175007,23.540348,22.639109,23.371578,25.959713,23.145391,20.08761,19.098982,16.971058,18.18271,14.903773,18.169863,17.104681,18.472454,20.84405,22.198206,26.239594,27.091324,28.846165,29.365883,27.823147,25.561985,25.726301,23.094088,25.788143,23.722212,28.52785,27.366974,32.34962,35.375195,34.039375,31.442009,32.574657,27.202852,30.243965,27.13923,30.76821
5,14.148026,12.061261,8.268033,6.0755568,5.3185277,0.0,5.907278,7.6160784,10.866653,13.611101,17.480032,15.608459,13.290285,12.828944,7.8945932,9.249727,6.2295637,8.142798,10.016799,11.508286,15.0504265,14.323734,19.41528,19.263714,20.997597,19.785816,21.341036,20.978155,14.203505,17.319202,13.369264,17.97151,18.262915,20.505766,23.02408,23.379852,27.519495,27.544632,25.719543,23.508526,24.004442,22.880177,19.895744,21.804771,17.859491,20.281374,17.531683,19.943657,21.047913,19.520618,17.248194,15.190908,14.786869,10.529198,12.461387,15.021689,16.925247,19.220537,22.994148,24.417728,21.308805,26.613485,24.547585,26.179672,27.81661,27.4827,30.565388,28.46224,33.84493,32.894432,28.357006,29.967976,26.690727,28.693758,25.951366,23.221802,24.657248,23.076168,23.132936,25.242361,21.835913,19.53333,18.000599,16.875862,19.198715,16.384407,20.601665,20.782143,22.534985,25.257053,26.981415,30.892076,32.06041,33.91971,34.46857,32.816994,30.492783,30.310135,27.28575,29.626965,26.991354,31.69219,29.720068,34.554165,37.12917,35.582134,33.175716,33.470222,28.559994,31.163666,27.796553,31.468655
6,17.289095,14.368825,11.699713,8.795144,5.5117984,5.907278,0.0,6.67814,7.666532,10.435254,14.383347,14.300016,13.319181,12.853962,9.257696,8.464816,8.146041,6.731283,11.215402,10.469113,14.616103,15.267113,19.25378,17.613419,19.24653,17.047543,17.802849,16.697256,9.675153,12.450368,8.087086,13.393396,13.774066,17.082642,19.073498,20.204563,23.91073,23.279947,21.56574,19.206734,18.928467,17.620022,14.2574005,16.214025,12.014007,14.989738,12.90163,15.805977,17.66716,16.653305,13.994901,13.477647,12.43604,9.315632,8.982812,10.936182,11.631675,14.36724,18.12197,19.197851,15.999376,20.948505,18.666286,20.388947,21.972164,21.945444,25.214613,23.617878,28.95287,28.158205,23.886835,26.217274,22.968191,26.056974,23.466476,21.431417,23.416698,21.846268,22.650007,24.65718,21.88056,19.102285,16.643436,15.249194,16.41945,14.492908,17.021967,17.78249,18.808283,21.92147,23.354797,27.335524,28.795164,30.248156,30.5745,28.57661,26.307459,25.611994,22.2606,24.211674,21.66645,26.132425,24.345688,29.134724,31.618233,30.463072,28.1573,29.000303,24.32636,27.465359,24.656815,28.730846
7,21.417753,19.285685,15.3910055,13.26937,11.01868,7.6160784,6.67814,0.0,5.2674036,6.3455005,10.731443,9.511754,7.466096,8.626102,5.7526383,8.048044,9.94547,10.968024,15.374664,16.311283,20.36744,20.868673,25.309765,23.991188,25.889729,23.642565,24.299072,22.954159,15.889414,17.676407,12.835054,16.705816,13.415539,16.767315,17.731297,17.9804,22.193802,22.190987,21.492826,20.423096,19.616373,20.442844,16.901625,20.63971,16.046844,20.325537,18.880548,21.815685,23.879673,22.463495,19.477848,18.523386,16.477013,12.53901,11.385123,11.917422,14.337854,17.405384,19.736723,22.21546,19.8023,24.591675,21.81045,24.280167,24.523735,25.813375,28.715147,27.277723,32.623398,32.74008,28.71543,30.996927,27.219198,30.650396,26.868618,25.333906,26.288244,23.917393,24.024597,25.226574,21.947731,20.241592,16.712925,16.876707,19.078262,18.108885,21.171179,23.284346,24.5283,27.931276,29.599857,33.430256,35.18606,36.609985,36.872253,34.694756,32.46918,31.359701,27.642025,28.989565,25.98893,30.013443,27.345158,31.711218,33.381523,32.190025,30.304949,30.128159,26.449236,29.061235,26.209536,30.371656
8,24.411617,21.535336,18.613281,15.340686,12.822738,10.866653,7.666532,5.2674036,0.0,4.6387606,6.8597136,7.121557,7.6628633,7.4116626,7.1202326,6.253756,10.502344,10.039645,15.408233,15.859639,19.875896,21.560373,25.18619,23.115314,25.743803,22.583431,23.533253,21.327915,14.298611,14.680426,9.969571,12.39882,8.231534,11.665063,12.6465225,13.211067,17.25456,17.135468,16.234539,15.253106,14.581318,15.820357,12.683986,17.291534,13.223954,18.430418,17.970663,21.317068,23.837229,23.246468,20.340473,20.520815,18.608667,15.57726,13.294035,13.010627,13.673238,17.309942,19.345915,21.262018,18.760345,22.451353,18.902615,21.020178,20.535152,21.80731,24.287123,22.780077,28.06615,28.704458,24.912062,27.226862,23.221094,27.239925,23.034058,22.222137,23.053064,20.497349,20.964907,21.886778,19.151335,17.336203,13.031796,13.403068,15.074355,15.223533,17.401861,20.638908,21.75775,25.472618,27.398222,30.90342,33.187443,34.665245,35.055542,32.83999,30.395891,28.750109,24.700447,25.748962,22.108,26.008717,22.729534,26.954859,28.576021,27.11413,25.269295,24.884417,21.427574,24.027897,21.41797,25.740503
9,27.05977,24.584051,21.104818,18.65594,15.819472,13.611101,10.435254,6.3455005,4.6387606,0.0,5.7011666,7.576042,8.013658,9.731117,10.088853,10.688506,14.663272,14.39496,19.735163,19.872412,23.989782,25.385622,29.0874,26.847286,28.825834,25.820984,25.843441,23.725746,17.209053,17.65105,13.001153,15.613993,9.464027,14.080146,13.193505,13.842945,17.631512,17.21292,17.586674,17.490246,15.246558,17.704945,13.978992,18.944277,14.429651,19.843634,19.709251,22.858511,25.55976,24.579794,21.393461,21.620064,18.916021,16.084675,12.850611,11.416716,12.959053,16.457573,17.365808,20.209087,18.463472,22.151003,18.770962,21.690634,20.67228,23.260925,25.881508,25.163834,30.215395,31.157125,27.764404,30.590565,26.683456,31.210855,27.040684,26.56005,27.399113,24.741007,25.199507,25.789064,23.115564,21.631655,16.930998,17.72744,19.121536,19.690287,21.173824,24.515903,25.17297,28.907597,30.420477,34.023052,36.208218,37.2408,37.29261,34.77863,32.669014,30.817907,26.701323,27.153814,23.995907,27.234266,24.154654,27.961805,28.866697,28.097403,26.70612,26.39785,23.902319,26.620787,24.525667,28.988564
10,31.242247,28.390987,25.388983,22.166243,19.663155,17.480032,14.383347,10.731443,6.8597136,5.7011666,0.0,5.271273,8.45468,9.072357,11.950052,11.397327,16.60421,16.233238,21.554924,22.082798,25.92762,28.097378,31.343729,28.86794,31.720314,28.082003,28.740356,25.970955,19.596285,18.69413,14.65188,14.897501,6.8581386,10.174441,8.394428,8.376806,12.277414,12.481854,13.276423,14.286204,12.477584,16.408146,13.825451,19.735064,16.24453,22.230217,22.85676,26.247105,29.147842,28.781878,25.758724,26.464329,24.032976,21.398573,18.114517,16.481117,16.87394,20.57495,21.040522,23.435299,21.761024,24.181595,20.03721,22.436754,20.175938,22.825266,24.554579,23.596848,28.39373,30.220604,27.174932,29.638042,25.408636,30.185743,25.197474,25.538002,25.652042,22.604607,22.955357,22.822012,20.59957,19.730516,14.380072,16.136335,17.478086,19.291578,20.389902,24.96395,25.790737,29.711546,31.67392,34.79028,37.53461,38.795616,39.08787,36.6612,34.28466,31.956194,27.588066,27.72016,23.706724,26.644878,22.489283,25.788313,26.303045,24.943823,23.806625,22.460213,20.810009,22.89871,21.02348,25.378777
11,29.693586,27.108446,23.866056,20.646324,18.9004,15.608459,14.300016,9.511754,7.121557,7.576042,5.271273,0.0,4.109893,4.436718,8.5001,9.203983,14.201234,15.250869,19.800358,21.554138,25.254963,27.024986,30.812952,29.092524,32.340084,29.038734,30.4676,28.036434,21.02996,20.688562,16.391504,16.859926,10.500196,11.651375,11.793408,10.409828,14.913004,16.18567,16.18506,16.848457,16.672216,19.789486,17.542776,23.04667,19.487312,25.116014,24.998955,28.390627,30.941738,30.3398,27.398952,27.319437,25.235962,21.792814,19.606401,18.800428,19.991993,23.648275,24.772781,27.249496,25.195168,28.309698,24.326628,26.470524,24.740124,26.550282,28.214325,26.499155,31.511099,33.081814,29.579643,31.362745,26.957905,30.836903,25.476795,25.246048,24.773203,21.51438,21.129116,20.934822,17.994936,17.718248,12.781426,15.06379,17.685804,18.771818,21.499062,25.76581,27.28878,31.096745,33.459503,36.607765,39.268414,40.981216,41.53765,39.37075,36.781216,34.838745,30.60752,31.323444,27.06111,30.57066,26.268753,29.834328,30.736912,28.771032,27.353687,25.448664,23.164951,24.65323,21.981045,25.937
12,27.335981,25.21258,21.471891,18.841679,17.408653,13.290285,13.319181,7.466096,7.6628633,8.013658,8.45468,4.109893,0.0,3.9779263,6.2172666,9.102412,12.924612,14.953794,18.985638,21.176579,24.923649,25.984215,30.321371,29.121593,32.021584,29.260668,30.642138,28.71731,21.480719,22.021795,17.407707,19.03837,13.6240425,15.169554,15.734623,14.509579,19.020676,20.183916,20.035873,20.238619,20.057507,22.539396,19.857042,24.862814,20.84283,26.029432,25.264702,28.474817,30.742874,29.679808,26.720057,25.960896,23.900623,19.96044,18.493673,18.176367,20.277481,23.692074,25.12651,27.897688,25.776108,29.66944,26.109299,28.455648,27.353613,29.018389,31.072844,29.295315,34.483894,35.58585,31.791243,33.538162,29.245277,32.67731,27.62571,26.75497,26.430426,23.334072,22.695194,22.862568,19.416256,19.083296,14.861364,16.728909,19.787588,19.92601,23.430367,26.928108,28.613924,32.263412,34.52666,37.929756,40.253643,42.001488,42.517433,40.397633,37.891323,36.32743,32.275932,33.299473,29.382727,33.158436,29.286247,33.12896,34.23352,32.417618,30.851925,29.246275,26.49703,28.115322,25.154116,29.016762
13,26.596998,24.076412,20.98596,17.597338,16.524246,12.828944,12.853962,8.626102,7.4116626,9.731117,9.072357,4.436718,3.9779263,0.0,5.0481806,6.3165407,10.635191,12.652868,16.40613,18.967648,22.447098,23.929375,27.990324,26.850273,30.364782,27.370123,29.450823,27.333874,20.04519,20.2006,15.942941,16.767433,12.556902,12.750574,14.586274,13.216359,17.769268,19.194687,18.193674,17.979418,18.950367,20.851675,18.826653,23.659002,20.197231,25.280989,24.552505,27.880356,30.081831,29.445864,26.72021,26.161438,24.62125,20.795364,19.633163,19.703556,21.014566,24.571745,26.50917,28.658308,26.144888,29.735832,25.956953,27.72878,26.733288,27.594482,29.352243,27.042862,32.246063,33.313503,29.391205,30.670912,26.300877,29.3554,24.108717,23.2001,22.614424,19.476149,18.73437,18.961946,15.475727,15.132576,11.082961,13.054166,16.455309,16.58559,20.524218,24.176985,26.192444,29.802406,32.4102,35.58232,38.084354,40.150955,40.931995,39.03488,36.284443,34.74947,30.738293,32.037323,27.7145,31.778421,27.643284,31.60531,33.109707,30.758718,28.949722,27.132437,23.903522,25.24957,21.960695,25.622753
14,21.665047,19.362082,16.010818,12.945492,12.094789,7.8945932,9.257696,5.7526383,7.1202326,10.088853,11.950052,8.5001,6.2172666,5.0481806,0.0,4.9174433,6.8687744,9.7059355,13.028716,15.663349,19.247948,19.981133,24.529587,23.827631,26.839382,24.45337,26.456793,24.946398,17.566713,18.842808,14.413246,16.852476,14.438037,15.59875,17.88196,17.265112,21.731321,22.58288,21.17999,20.049103,20.89124,21.557568,19.040066,22.902967,19.087486,23.36576,21.858334,24.93691,26.769138,25.784536,23.169802,22.034603,20.811607,16.682173,16.49938,17.43928,19.177746,22.397484,25.046125,27.05253,24.272469,28.645344,25.444674,27.229563,27.260841,27.658169,29.981792,27.662977,33.052486,33.322918,29.055664,30.424631,26.37779,28.976585,24.572775,22.815296,22.952127,20.355223,19.818235,20.908325,17.22295,16.034315,13.113295,13.724784,17.019718,15.788978,20.254076,22.654211,24.705605,28.051685,30.420397,33.90798,35.93714,37.98934,38.712574,36.907406,34.27194,33.246548,29.547947,31.295658,27.525343,31.950195,28.5882,32.989975,34.959015,32.88358,30.788387,29.7901,25.75065,27.611853,24.155346,27.843836
15,22.077625,18.969923,16.776398,12.568374,11.449609,9.249727,8.464816,8.048044,6.253756,10.688506,11.397327,9.203983,9.102412,6.3165407,4.9174433,0.0,5.5287013,6.394906,10.619961,12.716767,16.224981,18.020828,21.799143,20.53583,24.207014,21.176184,23.682089,21.664309,14.365644,14.832013,10.862025,12.318823,11.490649,11.887109,15.175276,15.011177,19.14896,19.792658,17.590004,15.829039,17.503216,17.425694,15.566047,19.24933,16.162457,20.474295,19.39738,22.68954,24.68234,24.42103,22.033792,21.714685,20.899403,17.489508,16.869406,17.762024,18.128267,21.540686,24.471483,25.677975,22.590132,26.27053,22.773066,23.92656,23.983372,23.652735,25.708399,23.051933,28.428846,28.701168,24.416668,25.60757,21.499212,24.204803,19.752773,18.190935,18.529428,16.01302,15.983082,17.341272,14.140367,12.198126,9.162486,9.114853,12.130997,11.124585,15.410217,18.230547,20.363098,23.82146,26.447979,29.69105,32.028027,34.240273,35.151573,33.46076,30.605465,29.399807,25.647343,27.501835,23.344954,27.935585,24.401731,28.890476,31.226711,28.825802,26.522345,25.664873,21.171349,23.112753,19.611988,23.348162
16,17.065031,14.052889,12.230948,7.8041515,8.108322,6.2295637,8.146041,9.94547,10.502344,14.663272,16.60421,14.201234,12.924612,10.635191,6.8687744,5.5287013,0.0,4.6337957,6.1711354,9.494751,12.651766,13.429508,17.892311,17.669065,21.15142,19.01561,22.058918,20.89605,13.858668,15.6455,12.265052,14.924929,16.3452,16.764248,20.453283,20.456673,24.474106,24.975462,22.383812,19.944813,21.937078,20.572392,18.72347,20.968163,18.018665,20.936975,18.834084,21.677074,22.970366,22.480768,20.528927,19.40606,19.47356,15.871308,16.90652,18.918322,19.557579,22.406792,26.151693,26.996693,23.584036,27.902874,25.093258,25.953142,27.102383,25.921272,28.29558,25.378578,30.738043,30.109009,25.458696,26.246443,22.638449,24.143885,20.722815,17.990803,18.826944,17.101366,16.955332,19.142662,15.779298,13.3947315,12.567225,11.26245,14.196736,11.233803,16.556128,17.47318,19.97814,22.853893,25.421576,28.818247,30.598318,33.064453,34.110104,32.75681,29.923292,29.468002,26.27445,28.80596,25.191397,30.173252,27.4005,32.19313,35.052063,32.67413,30.080692,29.746817,24.507093,26.528936,22.769533,26.067055
17,17.605074,13.878612,13.059309,8.16654,7.1443524,8.142798,6.731283,10.968024,10.039645,14.39496,16.233238,15.250869,14.953794,12.652868,9.7059355,6.394906,4.6337957,0.0,5.7142167,6.346616,10.080346,12.039364,15.571427,14.269304,17.89627,15.088328,18.093515,16.524061,9.488884,11.055532,8.098556,11.008547,14.1926,15.034298,18.798006,19.552643,23.095377,23.006441,20.09055,17.048018,18.96975,16.666603,14.986967,16.572166,14.074821,16.704712,14.889005,17.892424,19.417992,19.506521,17.675817,17.486614,17.725798,15.050344,15.421101,17.320868,16.806961,19.634336,23.591776,23.75512,20.152662,24.015148,21.22924,21.691713,23.190851,21.545671,24.038097,21.217554,26.564257,25.688475,21.03711,22.166807,18.716528,20.732315,17.862892,15.31279,17.069874,15.740769,16.519543,18.974863,16.39512,13.178094,12.15097,9.826773,11.3830595,8.367558,12.6153755,13.364942,15.553782,18.600224,21.06873,24.517065,26.425697,28.761435,29.774233,28.355265,25.471336,24.875717,21.65047,24.239382,20.704632,25.756866,23.322472,28.231155,31.35539,29.145182,26.435696,26.763975,21.231955,23.771458,20.35319,23.880804
18,14.863359,11.132631,11.850226,6.9468303,8.581224,10.016799,11.215402,15.374664,15.408233,19.735163,21.554924,19.800358,18.985638,16.40613,13.028716,10.619961,6.1711354,5.7142167,0.0,5.2506285,6.958644,8.084674,12.069627,12.509662,16.636822,14.846611,19.085814,18.342373,12.562565,14.564925,12.971454,15.26496,19.629894,19.49551,23.859848,24.306995,27.793951,27.994959,24.6427,21.321234,24.089886,21.106686,20.052685,20.606773,18.816008,20.162357,17.698387,20.06419,20.710373,20.882875,19.790527,18.903795,20.205301,17.558987,19.330093,21.888361,21.548521,23.895117,28.292887,28.096537,24.326807,28.276987,25.934956,25.877,27.95013,25.368647,27.650103,24.300938,29.366997,27.85558,23.00913,23.118639,20.20378,20.381737,18.361574,14.676525,16.39838,15.895001,16.279753,19.333471,16.745596,13.530261,14.723614,11.95852,13.782423,9.338333,14.734379,13.647193,16.563618,18.693306,21.426634,24.588142,26.069223,28.967083,30.361343,29.53496,26.547966,26.703348,24.177235,27.39027,24.092209,29.36814,27.271317,32.20802,35.766785,33.20192,30.264145,30.554417,24.509224,26.58509,22.808775,25.544933
19,14.730822,10.444033,12.088688,7.6378765,7.6647415,11.508286,10.469113,16.311283,15.859639,19.872412,22.082798,21.554138,21.176579,18.967648,15.663349,12.716767,9.494751,6.346616,5.2506285,0.0,4.178069,6.589961,9.341934,8.22517,12.012182,9.777765,13.869762,13.179305,8.112111,10.723651,10.203197,13.288811,18.999914,19.795753,23.748877,24.956995,28.01096,27.50276,24.13846,20.364683,22.512432,18.545338,17.409885,16.650602,15.323443,15.544366,12.959682,15.144278,15.761662,16.435692,15.649513,15.60053,17.264917,15.756707,17.193876,19.804441,18.543758,20.477781,25.14916,24.230337,20.34491,24.042274,22.175737,21.785082,24.611359,21.626677,24.296457,21.379374,26.30916,24.204775,19.39293,20.158918,17.799828,18.550217,17.791216,14.344443,17.36519,17.394197,18.71393,21.854738,19.946077,16.212658,16.804174,13.495782,13.674525,9.497482,12.664245,10.243055,12.424344,14.454339,16.684391,20.203615,21.467875,24.059504,25.282639,24.357038,21.462877,21.765377,19.465012,22.856344,20.213684,25.457275,24.240831,29.268822,33.053745,30.9936,28.007656,29.286999,23.112999,25.898851,22.705252,25.710497
20,15.091854,10.901991,14.0619,10.220537,11.224657,15.0504265,14.616103,20.36744,19.875896,23.989782,25.92762,25.254963,24.923649,22.447098,19.247948,16.224981,12.651766,10.080346,6.958644,4.178069,0.0,4.776685,5.66473,5.75499,10.5809355,9.006393,14.309805,14.087141,10.961206,13.045076,13.7157135,15.840203,22.482838,22.616402,26.938179,28.109467,30.927872,30.479593,26.749147,22.721992,25.468708,20.92186,20.468987,18.915415,18.480734,17.79288,15.230953,16.81086,16.778828,17.94442,17.895082,17.86054,20.189964,19.092144,20.93351,23.68025,22.165445,23.798542,28.603537,27.212036,23.292757,26.5669,24.976248,23.98704,27.145222,23.325148,25.67168,22.414738,26.920383,24.284801,19.498596,19.421047,17.73971,17.051704,17.44439,13.434125,16.760065,17.627653,19.024515,22.477701,20.994555,17.204664,18.959808,15.347359,15.183381,10.660342,13.6088505,9.609368,12.153095,13.144476,15.586542,18.64241,19.617762,22.712013,24.322775,23.972145,20.969948,21.822958,20.206974,24.002264,21.569239,26.822773,25.935677,30.862883,35.00657,32.70622,29.567896,30.97598,24.49155,27.004889,23.791935,26.191372
21,10.635437,6.7275167,10.893922,8.44724,10.51522,14.323734,15.267113,20.868673,21.560373,25.385622,28.097378,27.024986,25.984215,23.929375,19.981133,18.020828,13.429508,12.039364,8.084674,6.589961,4.776685,0.0,5.621373,8.19765,10.556518,11.124226,15.423988,16.371046,13.415737,16.591002,16.523527,19.752048,25.510725,26.171284,30.260807,31.293987,34.466007,34.071533,30.633032,26.79453,29.068707,24.834698,23.733553,22.185583,21.044626,19.961143,16.61183,17.624483,16.921328,17.23459,17.41967,16.262514,19.077118,17.795162,20.744392,24.007368,23.281588,24.49732,29.499565,28.40461,24.5821,28.633957,27.546211,27.008541,30.48203,27.100508,29.811323,26.860594,31.395075,28.566317,23.847887,23.977348,22.471556,21.620216,22.108109,17.96178,20.94059,21.656925,22.599913,26.028997,24.044275,20.55805,22.247469,18.960333,19.444227,14.815282,18.22251,14.200092,16.316416,16.907501,18.637539,21.89775,22.077503,24.891169,26.257656,25.966143,23.377209,24.764484,23.4843,27.287037,25.450912,30.605442,30.069637,35.055927,39.07646,37.0513,33.97453,35.424915,29.039976,31.602001,28.285782,30.739368
22,15.050756,11.547777,16.157444,13.779338,15.12024,19.41528,19.25378,25.309765,25.18619,29.0874,31.343729,30.812952,30.321371,27.990324,24.529587,21.799143,17.892311,15.571427,12.069627,9.341934,5.66473,5.621373,0.0,4.914109,7.9500384,8.803828,14.053594,15.101178,14.5149765,16.840216,18.333942,20.572449,27.69081,27.979958,32.222923,33.5781,36.208,35.54797,31.744696,27.535221,30.155989,25.042448,24.745764,22.037256,22.176083,20.024477,17.18321,17.660013,16.5685,18.02059,18.988272,18.873968,22.046413,21.762592,24.197615,27.233843,25.555548,26.496016,31.513506,29.555412,25.723202,28.805042,28.014399,26.621935,30.514944,26.142473,28.51842,25.484257,29.372011,25.889639,21.438982,21.031147,20.533436,18.72501,20.867226,16.776085,20.424059,22.015692,23.51102,27.098358,25.940311,22.20012,24.428326,20.720709,20.134775,15.784258,17.692633,12.247634,13.994076,13.350356,14.938774,17.603548,17.443491,20.658182,22.419315,22.73604,20.051334,21.922974,21.452173,25.571762,24.147444,29.12641,29.214165,33.993023,38.410263,36.342846,33.155197,35.128033,28.55489,31.114195,28.181284,30.160206
23,17.59654,13.64645,17.405771,14.440978,14.555695,19.263714,17.613419,23.991188,23.115314,26.847286,28.86794,29.092524,29.121593,26.850273,23.827631,20.53583,17.669065,14.269304,12.509662,8.22517,5.75499,8.19765,4.914109,0.0,6.1678147,4.3450155,10.30652,10.554036,10.826681,12.611075,14.944811,16.914623,24.50714,25.12527,29.04494,30.792507,33.06241,32.029545,28.284805,23.967999,26.25162,20.784399,20.668129,17.42593,18.132198,15.696811,13.420468,14.118207,13.586495,15.793552,16.608328,17.627022,20.393085,20.651804,22.124697,24.731466,22.298038,23.276245,28.124617,25.781763,21.95475,24.429514,23.583912,21.899378,25.886263,21.33785,23.79096,21.027964,24.879997,21.334557,16.90238,17.156105,16.744078,16.04377,18.386293,14.942657,19.163465,20.63885,22.693602,26.111443,25.293287,21.301397,22.795954,18.982971,17.522776,13.8306055,14.137542,8.366517,9.373266,8.990968,10.544385,13.706538,14.093204,17.106524,18.769423,18.717728,15.790573,17.256306,16.559753,20.672024,19.320704,24.242283,24.582949,29.330128,33.763393,31.939924,28.795555,31.215618,24.77264,27.735235,25.242579,27.540781
24,16.579567,13.447014,17.375643,16.04506,15.767057,20.997597,19.24653,25.889729,25.743803,28.825834,31.720314,32.340084,32.021584,30.364782,26.839382,24.207014,21.15142,17.89627,16.636822,12.012182,10.5809355,10.556518,7.9500384,6.1678147,0.0,5.05666,7.192802,9.894968,12.4650545,15.354583,17.474766,20.746765,27.652184,29.383976,32.63522,34.690075,36.99688,35.54996,32.27342,28.078735,29.251701,23.800407,22.916376,18.815426,19.182642,15.181096,12.213824,11.342211,9.454955,11.61522,13.491627,14.560268,17.972578,19.400425,21.312044,24.169054,21.826067,21.784817,26.762812,24.052443,20.518349,23.333506,23.7118,22.316853,27.14612,23.093111,26.180487,24.420618,27.951395,23.912786,20.031485,21.24365,21.423172,21.323853,24.119568,20.97365,25.26759,26.598003,28.644749,32.001606,30.946686,26.970232,27.882318,24.232912,22.770737,19.316471,19.06214,13.512853,13.061967,12.071929,11.3452835,14.935358,13.696359,15.47659,16.375845,16.255024,14.296903,16.763317,17.009714,20.965513,21.269012,25.605124,27.184467,31.810661,36.069794,35.099133,32.144695,35.272854,29.174126,32.60201,30.476265,33.06257
25,18.950117,15.1166525,18.239866,15.636894,14.728879,19.785816,17.047543,23.642565,22.583431,25.820984,28.082003,29.038734,29.260668,27.370123,24.45337,21.176184,19.01561,15.088328,14.846611,9.777765,9.006393,11.124226,8.803828,4.3450155,5.05666,0.0,6.135445,6.4017243,8.763005,10.688604,13.52761,16.029997,23.422909,24.900295,28.169434,30.33576,32.37609,30.875496,27.474396,23.214249,24.587923,18.945398,18.491795,14.411806,15.352768,11.926993,9.837141,10.182369,9.848439,12.650437,13.587543,15.562675,18.1156,19.214075,20.065573,22.40238,19.429823,20.023218,24.777922,22.012629,18.293005,20.480907,20.102573,18.37428,22.845932,18.493622,21.412556,19.438797,23.17814,19.449064,15.30567,16.782053,16.605768,17.3075,19.718515,17.03752,21.456404,22.639658,24.97505,28.162449,27.401922,23.349136,23.9389,20.26658,18.28974,15.362819,14.2195635,8.917637,8.174399,8.034121,8.166718,12.18791,12.405183,14.52238,15.66095,15.072463,12.317747,13.721502,13.06553,17.11126,16.596775,21.231194,22.334867,27.029251,31.3405,30.145113,27.15403,30.220285,24.134943,27.631594,25.659727,28.373829
26,20.486624,17.27332,19.552279,18.022902,16.17674,21.341036,17.802849,24.299072,23.533253,25.843441,28.740356,30.4676,30.642138,29.450823,26.456793,23.682089,22.058918,18.093515,19.085814,13.869762,14.309805,15.423988,14.053594,10.30652,7.192802,6.135445,0.0,4.257859,9.60664,12.0427,14.515683,18.06729,24.266378,27.047476,29.288023,31.871504,33.757683,31.707903,29.009127,25.08083,24.949394,19.615082,18.27674,13.399313,14.004488,8.79868,6.5983443,5.0237474,4.3435283,8.081012,9.557198,12.781969,15.077522,17.600576,17.894053,19.951702,16.617659,16.163853,20.774364,17.445478,14.101362,16.303835,17.217571,15.914507,21.144876,17.767977,21.425804,20.85448,24.27226,20.506292,17.173073,20.043423,20.100035,22.085354,24.357607,22.309671,26.69297,27.492756,29.903267,32.84012,31.928562,27.93742,27.542791,24.213879,22.102894,19.867964,17.885553,13.7626705,11.726347,11.799877,9.849975,14.113187,13.517877,13.695575,13.533033,11.958405,10.364782,11.89786,11.645632,15.02009,16.350441,20.086094,22.434359,26.868036,30.751429,30.640738,28.005869,31.80344,26.429941,30.465717,29.063736,32.236626
27,22.666018,19.010502,20.821243,18.375372,16.174107,20.978155,16.697256,22.954159,21.327915,23.725746,25.970955,28.036434,28.71731,27.333874,24.946398,21.664309,20.89605,16.524061,18.342373,13.179305,14.087141,16.371046,15.101178,10.554036,9.894968,6.4017243,4.257859,0.0,7.3860345,8.404342,11.684121,14.384427,20.915459,23.503561,25.673307,28.385103,29.978445,27.843878,25.062336,21.110056,21.050617,15.491755,14.564893,9.41773,10.878389,6.086225,5.6575108,6.149356,7.6178837,10.979341,11.328368,14.916169,16.364183,18.374136,17.695215,19.166973,15.19716,15.471848,19.73267,16.375051,12.870899,14.195728,14.20799,12.433063,17.412004,13.6816635,17.292952,16.670288,20.268953,16.855686,13.399105,16.72447,16.458845,19.315279,21.1473,19.677532,23.994045,24.623222,27.231415,29.94707,29.313866,25.350279,24.625689,21.385275,18.824627,17.286398,14.368353,11.1300955,8.596078,9.667651,8.361157,12.64079,13.351593,13.813432,13.924312,12.001496,9.642433,9.72038,8.183036,11.664718,12.214096,16.271696,18.23302,22.755108,26.70158,26.41712,23.760334,27.563887,22.2873,26.412321,25.234932,28.513783
28,19.463736,15.540348,16.050959,12.698178,10.047994,14.203505,9.675153,15.889414,14.298611,17.209053,19.596285,21.02996,21.480719,20.04519,17.566713,14.365644,13.858668,9.488884,12.562565,8.112111,10.961206,13.415737,14.5149765,10.826681,12.4650545,8.763005,9.60664,7.3860345,0.0,4.761556,5.139265,9.766071,15.33814,18.007217,20.536097,22.762617,25.162527,23.620378,20.885735,17.175346,17.451578,13.067532,11.089611,9.211709,7.7462163,7.607685,5.98864,9.150058,11.276726,12.549204,11.162861,13.317302,13.907534,14.013832,13.25366,14.912454,11.978795,13.797612,18.241741,16.6643,12.767431,15.951191,14.2061,13.970848,17.270117,14.92076,18.405855,16.856558,21.740461,19.764189,15.485483,18.255527,16.100176,19.331722,18.852592,17.046091,20.586037,20.299076,22.382488,24.94122,23.578268,19.816132,18.496407,15.580518,14.121265,12.262054,11.467855,10.289359,9.974622,12.876238,13.8280525,17.870274,19.392054,20.745905,21.207088,19.349052,16.794193,16.159414,13.133737,15.867048,13.924386,18.760511,18.38346,23.380377,26.88347,25.874723,23.17548,25.596611,20.14839,23.976994,21.921988,25.683271
29,23.83339,19.746147,20.325363,16.41541,13.957309,17.319202,12.450368,17.676407,14.680426,17.65105,18.69413,20.688562,22.021795,20.2006,18.842808,14.832013,15.6455,11.055532,14.564925,10.723651,13.045076,16.591002,16.840216,12.611075,15.354583,10.688604,12.0427,8.404342,4.761556,0.0,4.876221,6.035618,13.150331,15.126537,17.718386,20.218105,21.97639,20.256788,17.162237,13.17657,13.935648,8.745127,8.081755,6.188784,6.834131,8.089734,8.913092,12.033512,14.518749,16.478241,15.187213,17.86273,18.067532,18.171917,16.504938,17.262712,13.585792,15.843703,19.468979,17.600325,13.999539,15.418248,12.693856,11.572416,14.109773,11.014203,14.034795,12.172603,17.20989,15.767757,11.540772,14.590302,12.06524,16.384125,15.537829,14.750236,18.226713,17.905859,20.412207,22.66653,21.978859,18.244152,16.665333,13.795023,11.207188,10.806469,7.8199,8.521847,7.768111,11.468713,12.9958105,16.384508,18.854818,20.318537,21.000433,19.126831,16.228144,14.600311,10.850039,13.226374,9.936596,15.035592,13.932298,18.976057,22.671598,21.305,18.51051,21.017115,15.543943,19.529606,17.88531,21.698053
30,22.237225,18.412186,17.776175,13.900725,10.977583,13.369264,8.087086,12.835054,9.969571,13.001153,14.65188,16.391504,17.407707,15.942941,14.413246,10.862025,12.265052,8.098556,12.971454,10.203197,13.7157135,16.523527,18.333942,14.944811,17.474766,13.52761,14.515683,11.684121,5.139265,4.876221,0.0,6.224182,10.247487,13.231861,15.519946,17.685314,20.24348,18.863081,16.355492,13.073095,13.141693,10.035489,7.503457,8.799411,6.129936,9.817151,9.724146,13.256745,15.88427,16.695288,14.586469,16.429626,15.879281,14.988485,13.043796,13.722241,11.064897,14.0494795,17.582909,16.985613,13.464112,16.30633,13.214415,13.690698,15.291609,14.14748,17.236427,15.6024275,20.892706,20.196262,16.104153,18.914217,15.737003,19.928387,17.756548,16.725494,19.402578,18.256811,20.140549,22.14149,20.650366,17.26296,14.746475,12.548156,11.4279175,10.8850975,10.34652,12.072153,12.287785,15.934871,17.509417,21.103674,23.320765,24.71998,25.201178,23.135113,20.511171,19.00831,15.170937,16.984144,13.731211,18.394758,16.520693,21.448599,24.428637,23.131409,20.621412,22.225412,17.259935,20.95873,18.83881,23.02936
31,27.15297,23.072313,22.948975,18.448456,16.22649,17.97151,13.393396,16.705816,12.39882,15.613993,14.897501,16.859926,19.03837,16.767433,16.852476,12.318823,14.924929,11.008547,15.26496,13.288811,15.840203,19.752048,20.572449,16.914623,20.746765,16.029997,18.06729,14.384427,9.766071,6.035618,6.224182,0.0,8.747004,9.259858,12.434634,14.695493,16.36659,15.115579,11.559997,7.536174,9.778467,5.9931383,6.712989,9.060753,9.25777,13.165275,14.437304,17.782598,20.418463,22.011353,20.267744,22.461988,22.043995,21.158812,18.963263,19.023928,15.942391,19.045795,21.764122,20.823254,17.674812,18.583479,14.610052,13.906856,14.000251,11.886683,13.542799,10.86091,16.285051,16.631975,12.773625,15.023136,11.09201,16.137915,12.924621,13.285265,15.465232,14.179032,16.546875,18.10615,17.62664,14.359892,11.770506,9.657699,6.895513,8.860392,6.097029,10.848448,11.322322,15.271658,17.682293,20.268343,23.435669,25.22416,26.134409,24.333193,21.308542,19.071657,14.948523,16.367111,11.3946705,16.037167,12.531727,17.320707,20.554169,18.204502,15.469041,16.49657,11.143909,14.742267,12.786833,17.04916
32,30.602552,27.10927,25.262125,21.359657,18.659092,18.262915,13.774066,13.415539,8.231534,9.464027,6.8581386,10.500196,13.6240425,12.556902,14.438037,11.490649,16.3452,14.1926,19.629894,18.999914,22.482838,25.510725,27.69081,24.50714,27.652184,23.422909,24.266378,20.915459,15.33814,13.150331,10.247487,8.747004,0.0,6.1633835,5.595447,7.99559,10.600576,9.507864,8.532306,8.146326,6.5559,9.601392,7.7567096,13.792791,11.502603,17.481596,18.874443,22.35817,25.408642,25.929174,23.298841,24.977703,23.154453,21.478233,18.071808,16.739286,15.048682,18.768818,19.843206,20.780983,18.649435,19.960373,15.388998,16.818644,14.604036,16.310509,17.850546,16.746449,21.595963,23.376856,20.458752,23.093893,18.998186,24.292925,19.785679,20.619226,21.381641,18.825548,20.106869,20.40037,19.127796,17.304075,12.321051,12.904547,12.568478,15.140731,14.48748,19.460726,19.880716,23.836882,25.81089,28.610407,31.62904,32.889294,33.30971,30.98493,28.44704,25.846054,21.412256,21.533806,17.085775,20.187204,15.860836,19.51811,20.773233,19.116488,17.556273,17.022053,14.588877,17.405619,15.908797,20.534088
33,32.560978,28.850704,27.554028,23.022314,21.132256,20.505766,17.082642,16.767315,11.665063,14.080146,10.174441,11.651375,15.169554,12.750574,15.59875,11.887109,16.764248,15.034298,19.49551,19.795753,22.616402,26.171284,27.979958,25.12527,29.383976,24.900295,27.047476,23.503561,18.007217,15.126537,13.231861,9.259858,6.1633835,0.0,5.5093703,6.0840583,8.410723,9.074727,5.952926,5.7104383,8.790874,11.091383,11.720521,16.912767,15.967152,21.347393,22.631735,26.145718,28.939814,29.88975,27.589027,29.09539,27.85615,25.845497,23.18851,22.39654,20.695423,24.382143,25.846313,26.36347,23.929636,24.804985,20.132517,20.494722,18.112715,18.30439,18.61318,16.196667,20.807547,23.11148,20.17852,21.53552,17.033073,21.662107,16.026976,17.48068,17.110416,14.138141,15.197415,14.869227,14.21507,12.963921,7.95304,9.460176,9.386146,13.115428,13.032251,18.938332,20.1321,23.970154,26.731865,28.896439,32.360798,34.263725,35.201572,33.323936,30.364521,27.77688,23.488926,23.98973,18.62835,21.959593,16.634043,19.96117,21.568155,18.410358,16.605494,14.405874,11.620746,13.08667,10.853248,15.228393
34,35.754684,32.237812,30.389414,26.3221,23.899433,23.02408,19.073498,17.731297,12.6465225,13.193505,8.394428,11.793408,15.734623,14.586274,17.88196,15.175276,20.453283,18.798006,23.859848,23.748877,26.938179,30.260807,32.222923,29.04494,32.63522,28.169434,29.288023,25.673307,20.536097,17.718386,15.519946,12.434634,5.595447,5.5093703,0.0,3.612688,5.0272746,4.7044578,5.1494293,7.80572,6.7707443,11.998402,11.815636,17.789425,16.440586,22.31321,24.135769,27.57964,30.683216,31.397818,28.809673,30.56886,28.663017,26.905222,23.383417,21.702486,20.106016,23.739983,24.092096,25.135094,23.432024,23.80014,19.003302,20.123537,16.577,18.677233,19.022161,17.964584,22.073809,24.974375,22.744005,24.928041,20.717216,26.088982,20.838467,22.619328,22.466284,19.560831,20.584743,19.902134,19.248888,18.371035,13.125914,14.851234,14.542023,18.186577,17.243584,23.044062,23.557863,27.46144,29.68177,31.951029,35.357853,36.692513,37.23042,34.970856,32.373165,29.399443,24.943771,24.562387,19.69487,21.974852,16.677599,19.200493,19.566164,17.350307,16.424772,14.256481,13.749166,15.4642935,14.622913,18.93382
35,36.56722,33.1827,31.11648,27.016653,24.933905,23.379852,20.204563,17.9804,13.211067,13.842945,8.376806,10.409828,14.509579,13.216359,17.265112,15.011177,20.456673,19.552643,24.306995,24.956995,28.109467,31.293987,33.5781,30.792507,34.690075,30.33576,31.871504,28.385103,22.762617,20.218105,17.685314,14.695493,7.99559,6.0840583,3.612688,0.0,4.567529,6.6931186,7.187327,10.079824,10.34002,15.177342,15.041493,20.98927,19.401972,25.305264,26.769897,30.276777,33.26863,33.806553,31.159689,32.510876,30.616753,28.373123,25.172525,23.646967,22.65959,26.38584,26.815094,28.198887,26.423744,27.202232,22.44743,23.621923,20.18783,22.060583,22.244164,20.754099,24.840387,27.81096,25.414135,27.09918,22.702044,27.546553,21.751654,23.42577,22.596375,19.341135,19.789267,18.63213,17.74295,17.600254,12.233631,14.814222,15.414383,18.950237,19.031523,24.903599,25.870275,29.760223,32.26747,34.509464,37.949867,39.544254,40.228016,38.07975,35.36169,32.5284,28.102991,27.952131,22.923473,25.391775,19.925802,22.329342,22.605515,20.00095,19.128174,16.070583,15.698278,16.529778,15.19689,19.128094
