,0,1,2,3,4,5,6,7,8,9,10,11,12,13,14,15,16,17,18,19,20,21,22,23,24,25,26,27,28,29,30,31,32,33,34,35,36,37,38,39,40,41,42,43,44,45,46,47,48,49,50,51,52,53,54,55,56,57,58,59,60,61,62,63,64,65,66,67,68,69,70,71,72,73,74,75,76,77,78,79,80,81,82,83,84,85,86,87,88,89,90,91,92,93,94,95,96,97,98,99,100,101,102,103,104,105,106,107,108
0,0.0,4.3238087,6.289823,9.635457,12.165217,14.386545,17.616901,21.614191,24.582062,27.034225,31.365686,28.778465,27.160122,26.041101,21.278793,21.342512,16.18739,16.781536,14.005956,14.114359,14.51792,10.264981,15.040415,17.305738,16.747595,19.442741,21.01043,23.338057,20.280527,24.54019,23.345993,28.248283,31.82188,33.82728,36.71985,37.922806,41.468464,40.951252,38.387928,35.110046,36.31272,32.76658,30.536585,29.404871,26.890509,25.842592,21.898392,22.448622,21.075615,19.67987,18.292212,15.105414,14.874617,13.9707575,17.32526,20.739649,22.051413,24.07059,28.225153,29.116905,26.05924,31.853937,31.33546,32.250023,36.472477,33.479477,36.66443,34.338005,38.466877,34.66774,30.363503,30.955519,30.126282,29.779772,30.680376,26.654413,29.630604,30.815544,31.488466,34.957554,32.985424,29.575169,31.253742,28.05964,28.40985,23.87906,26.694061,21.959082,24.077776,24.000807,25.365467,28.36845,25.367954,23.509226,19.498482,15.785262,14.749438,17.190897,14.263124,19.778412,18.343426,17.659885,22.750671,23.85923,28.843348,28.859045,33.061264,34.213463,38.547585
1,4.3238087,0.0,5.3095303,6.4266353,8.825965,12.066528,14.361601,19.187235,21.474747,24.240782,28.223156,25.916111,24.7871,23.374681,18.900629,18.195534,13.19625,12.995953,10.335482,9.815422,10.470009,6.718355,11.798281,13.499131,13.841507,15.895798,17.893942,19.73743,16.3075,20.39538,19.335854,24.015015,27.946716,29.757713,32.813473,34.092705,37.5147,36.980114,34.26297,30.894312,32.297394,28.637821,26.614195,25.534132,23.221228,22.418007,18.700695,19.71736,18.760487,18.003317,16.825155,14.466705,14.764568,14.040652,16.288595,19.431816,19.822496,22.190441,26.29349,26.86414,23.549566,29.042973,28.080566,28.79186,32.755375,29.647926,32.683384,30.177828,34.364323,30.698465,26.289738,26.806408,25.836645,25.633419,26.429981,22.487446,25.608723,26.81534,27.696114,31.180294,29.41536,25.850235,27.479448,24.134892,24.234629,19.766573,22.376532,17.675434,19.891376,20.051167,21.648748,24.722542,22.111914,20.64823,16.389778,12.7415695,11.634928,13.407501,10.427024,16.231014,15.598998,15.71925,20.442247,21.07882,26.287306,25.52559,29.920086,30.714159,35.103252
2,6.289823,5.3095303,0.0,5.170098,6.917848,8.397618,11.916181,15.396041,18.67452,20.875736,25.414783,22.915924,21.173876,20.408573,15.542235,16.055891,11.404026,12.260431,11.36367,11.691752,13.87105,11.236611,16.508854,17.343222,17.911648,19.193026,20.114887,21.565395,16.906105,21.211578,18.997683,24.35954,26.69187,29.2527,31.612936,32.77302,36.457996,35.937435,33.812782,30.935257,31.621168,28.858288,26.176804,26.068583,22.825745,23.015827,19.32618,20.672136,20.26994,18.798265,16.7815,14.612653,13.564402,11.346169,13.263649,16.098032,17.498667,20.120094,23.677742,25.189217,22.320456,28.223492,27.263008,28.774908,32.45302,30.27516,33.522373,31.278694,35.88956,32.681843,28.218786,29.298477,27.674955,28.399975,28.116287,24.4263,27.12324,27.614246,28.146961,31.369545,29.000309,25.680647,26.559689,23.67607,24.58063,20.008532,23.615526,19.897491,22.100048,23.074196,24.556036,28.042845,25.620787,24.444042,19.961166,16.328178,14.102742,14.602318,10.66095,15.0803795,12.923713,11.603238,16.787445,18.067106,22.731825,23.18927,27.215084,28.574419,32.886154
3,9.635457,6.4266353,5.170098,0.0,3.7969427,6.092876,8.773126,13.208194,15.305489,18.357702,22.079016,19.518158,18.462961,16.959587,12.572889,11.845294,6.9926,7.346851,6.463687,7.3878603,10.139411,9.025972,14.175182,14.549121,16.806286,17.149832,18.994991,19.519846,13.95168,17.64968,15.358737,20.083149,22.668968,24.59978,27.388998,28.396645,32.09095,31.812521,29.406925,26.487068,27.794434,25.113283,22.877216,23.229269,20.316265,21.257769,18.132626,20.229406,20.411404,19.88545,18.271276,17.084196,16.717077,14.854291,15.309594,17.48213,17.589699,20.77431,24.012596,25.186731,22.033339,27.357542,25.554073,26.77403,29.776518,27.498398,30.355474,27.615707,32.361687,29.498898,24.83539,25.459307,23.42895,24.0144,23.225267,19.507095,22.015842,22.450975,23.00246,26.25787,24.03447,20.61864,21.767385,18.74361,19.631536,15.006907,18.969591,15.772442,18.451239,19.909178,21.968233,25.314848,23.691254,23.100727,18.569595,15.340533,13.416041,12.460722,8.23924,12.626072,11.854067,11.439906,15.898485,16.45195,21.075104,20.383657,24.696308,25.335018,29.852053
4,12.165217,8.825965,6.917848,3.7969427,0.0,5.292163,5.540125,10.920433,12.833453,15.496904,19.528753,17.721766,16.923946,15.843532,11.693731,10.789791,7.399765,6.2366405,8.201444,7.3464065,11.114909,11.088894,15.411703,14.533311,16.622646,16.168198,17.119951,17.24718,11.139455,15.02959,12.290047,17.638357,19.842142,22.483168,24.803823,26.131506,29.668238,29.066906,26.912745,24.084974,24.762001,22.224915,19.603724,20.180069,16.871792,18.222399,15.26726,17.670393,18.372766,17.873266,16.122465,15.723802,15.304149,13.454691,12.769889,14.492629,14.082359,17.446247,20.479557,21.64637,18.54997,23.809906,21.93146,23.397734,26.356112,24.446074,27.46664,25.051346,29.932316,27.26946,22.70231,23.965652,21.744186,23.35452,22.283482,19.096264,21.80882,21.920572,22.75191,25.809027,23.627033,20.11927,20.343187,17.371737,18.14011,13.732871,17.392694,14.622932,16.824692,18.754082,20.47936,24.133759,22.6342,22.354498,17.77705,14.798945,12.182331,10.1073065,5.634954,8.989976,8.153075,8.5400505,12.507436,12.819169,17.777079,16.927008,21.261097,22.105543,26.523432
5,14.386545,12.066528,8.397618,6.092876,5.292163,0.0,5.9453177,7.526325,10.738964,13.282858,17.415907,14.545846,12.858028,12.112935,7.297551,8.358714,5.441183,7.4385376,9.892057,11.41947,15.045251,14.946941,19.775724,19.334593,21.828432,21.339228,22.242334,22.065199,15.353018,18.654488,14.978726,19.966604,20.13865,22.85688,24.695686,25.446733,29.442648,29.283705,27.664516,25.520863,26.022472,24.731739,21.89706,23.727041,19.928356,22.385351,19.75175,22.31437,23.23973,22.360603,20.1917,19.646404,18.351969,15.426696,14.520673,15.539384,16.195827,19.777225,21.894625,24.069155,21.521898,26.800297,24.676168,26.741621,28.962255,27.925188,30.786964,28.301718,33.44824,31.34937,26.761164,27.88904,25.066805,26.724546,24.527233,21.414423,23.170778,22.586489,22.668085,25.398268,22.474264,19.538635,19.505453,17.312904,19.324999,14.989968,20.047022,18.54296,21.053122,23.414335,25.360994,28.955626,27.773094,27.606544,23.040918,20.065151,17.438543,15.069093,10.675236,12.048643,9.875372,7.589138,11.754238,12.843293,16.279182,16.889061,20.654352,21.749292,26.171776
6,17.616901,14.361601,11.916181,8.773126,5.540125,5.9453177,0.0,6.697896,7.610562,10.155768,14.130936,13.002208,12.728294,12.048961,8.8922615,7.7304077,7.636026,5.8554926,10.886972,10.144669,14.359875,15.730957,19.290897,17.37931,20.087473,18.438845,18.739166,17.707378,10.5193815,13.415536,9.308809,14.715444,15.007984,18.399418,19.96625,21.325539,24.91225,24.262575,22.63849,20.37912,20.392595,18.996637,15.975425,18.081928,14.17442,17.33863,15.390573,18.482752,20.153194,19.91114,18.07609,18.795124,18.12459,16.002872,13.544989,13.780429,12.590536,16.416117,18.243639,19.791567,17.106184,21.730045,19.114311,21.116764,23.042862,22.207212,25.050175,22.785265,28.001635,26.20789,21.783794,23.476454,20.471348,23.277843,20.914877,18.57959,20.75486,19.998161,20.75467,23.300983,20.900522,17.641289,16.51488,14.091419,15.435713,11.6141405,15.772027,14.952592,16.83989,19.761059,21.42867,25.156176,24.443798,24.846365,20.472698,18.156073,15.278006,11.39436,7.8296046,6.669158,6.0500135,6.845287,8.67859,8.365213,12.777693,11.67109,15.925957,16.749918,21.190334
7,21.614191,19.187235,15.396041,13.208194,10.920433,7.526325,6.697896,0.0,5.247603,6.120601,10.848078,8.7754545,7.029159,8.13977,5.445177,7.691764,9.860111,10.735485,15.466357,16.30028,20.373022,21.445833,25.525415,23.954569,26.707674,25.121275,25.069635,23.900455,16.70227,18.930395,14.238265,18.81046,15.896718,19.74974,20.050798,20.71683,24.727873,24.492243,23.96502,22.87147,22.132704,22.63071,19.29327,22.829893,18.429527,22.615803,21.035759,24.070065,25.93118,25.15343,22.844543,23.465614,21.86732,18.765396,15.934568,15.081892,15.269348,18.995232,19.35913,22.234045,20.519321,24.948025,22.281395,25.115297,26.076223,26.610703,29.267551,27.25526,32.610477,31.555607,27.338768,29.096111,25.571566,28.639393,25.134039,23.168818,24.275295,22.615372,22.532507,24.396227,21.152174,18.859797,16.775883,15.80806,18.576721,15.409379,20.532034,21.01526,22.952927,26.176062,27.85215,31.550512,31.039185,31.502329,27.134226,24.739763,21.696386,17.912588,14.386459,12.092832,9.713923,7.2749286,7.6721697,8.639375,9.630659,11.548235,14.320756,15.875925,19.97888
8,24.582062,21.474747,18.67452,15.305489,12.833453,10.738964,7.610562,5.247603,0.0,4.6025443,6.792984,5.786465,6.8829107,6.691412,7.0783663,6.258182,10.675753,10.19008,15.587562,16.073717,20.004873,22.19652,25.428429,23.272274,26.822247,24.4625,24.787659,22.762346,15.454338,16.369028,11.639908,14.853564,10.995259,14.600682,14.923584,15.543616,19.57462,19.507404,18.873896,18.024189,17.619656,18.721344,15.895853,20.27188,16.414867,21.443674,20.745209,24.204124,26.496357,26.493189,24.659702,25.891624,24.931543,22.43353,19.181131,18.10673,16.798347,20.574028,20.63039,22.741394,20.882862,24.241713,20.721025,23.156134,23.083782,23.805868,25.91091,23.599466,28.97478,28.541834,24.450357,25.964422,22.017365,25.4344,21.19475,19.901073,20.5997,18.512001,18.563648,20.082754,17.108278,14.886449,11.943261,11.312383,14.2354555,11.94052,16.937681,18.80176,20.642721,24.31041,26.191883,29.602932,29.889065,30.897223,26.82341,25.018944,22.32818,17.700924,14.968736,11.663277,11.461455,11.182927,9.930718,9.102886,9.534783,8.603474,11.659647,11.860445,16.289501
9,27.034225,24.240782,20.875736,18.357702,15.496904,13.282858,10.155768,6.120601,4.6025443,0.0,5.940563,7.163064,7.5117383,9.436707,9.962479,10.654834,14.610541,14.198919,19.675854,19.691683,23.793526,25.719427,28.995382,26.557838,29.469116,27.039085,26.414452,24.42921,17.52038,18.534864,13.730523,17.284464,12.009988,16.844027,15.663235,16.556454,20.205086,19.669075,20.052906,19.819666,17.928867,19.878746,16.406849,21.149782,16.769503,22.091888,21.605145,24.892948,27.415,27.040663,24.969563,26.528965,25.17602,22.512981,18.637686,16.719791,15.720177,19.191383,18.226856,20.96424,19.852156,22.976696,19.748207,22.872643,22.58643,24.337923,26.640532,25.089529,30.375286,30.210619,26.49611,28.694187,24.840506,28.974056,24.800432,23.933176,24.737577,22.495022,22.612194,23.751793,20.804157,18.947865,15.198124,15.151317,17.821297,16.04941,20.285465,22.185074,23.47451,27.167242,28.557016,32.151104,32.256752,33.259727,29.243011,27.468977,24.386734,19.78146,17.327778,12.965464,11.769091,11.114942,8.015223,7.4647503,5.3036575,7.0551486,8.629836,10.340882,14.107025
10,31.365686,28.223156,25.414783,22.079016,19.528753,17.415907,14.130936,10.848078,6.792984,5.940563,0.0,5.4449153,8.465011,9.338497,12.438699,11.880364,17.035717,16.442976,21.776453,22.133675,25.875132,28.565067,31.29419,28.685041,32.422634,29.490648,29.46046,26.787666,20.014374,19.651756,15.263315,16.56901,9.337579,13.156746,11.234537,11.310153,15.16868,15.348744,16.20145,16.996784,15.561757,18.99069,16.514252,22.179415,18.699343,24.61901,24.916908,28.470133,31.229877,31.454317,29.73747,31.532759,30.552868,28.124681,24.261263,22.370937,20.671276,24.056067,22.8064,24.945894,23.833454,25.824806,21.849363,24.464048,22.706432,24.870045,26.302412,24.394234,29.530134,30.27304,26.808496,28.461054,24.149426,28.286186,23.106133,23.027735,22.870762,19.968653,19.78256,20.089668,17.276985,16.266348,11.502865,12.849342,15.945086,15.5682,19.642725,23.089352,24.425339,28.423798,30.129272,33.277832,34.229156,35.69897,31.976728,30.65236,28.002918,22.957405,20.974209,16.542774,16.774555,16.75963,13.731925,12.431959,9.598327,8.50148,8.823196,8.07046,11.626988
11,28.778465,25.916111,22.915924,19.518158,17.721766,14.545846,13.002208,8.7754545,5.786465,7.163064,5.4449153,0.0,4.0459275,4.083925,8.150078,8.446832,13.612885,14.384898,19.038261,20.624334,24.22445,26.481133,29.840532,28.035503,32.06397,29.704357,30.405355,28.19212,20.915098,21.22736,16.721199,18.492064,12.937351,15.303222,15.00643,14.312053,18.725304,19.611221,19.653584,19.886436,19.796755,22.264463,19.984846,25.036066,21.496601,26.880915,26.442774,29.945986,32.27081,32.260777,30.35875,31.442741,30.255308,27.417612,24.299688,23.009884,22.157003,25.837788,25.299013,27.765366,26.25627,29.214476,25.473642,27.953087,26.94082,28.237461,29.823837,27.331135,32.603027,32.807613,28.851221,29.87639,25.579306,28.62615,23.457067,22.470358,21.96472,19.168575,18.29132,18.971802,15.374039,14.493381,11.173611,12.3216305,16.287271,14.865198,20.328602,23.155972,25.257215,29.037638,31.203491,34.350925,35.039635,36.1812,32.164894,30.388765,27.882996,23.28707,20.462809,17.41977,17.043211,15.886262,14.520477,14.08538,12.220347,12.307591,13.684524,13.278831,17.06258
12,27.160122,24.7871,21.173876,18.462961,16.923946,12.858028,12.728294,7.029159,6.8829107,7.5117383,8.465011,4.0459275,0.0,3.9640074,6.215478,8.832412,12.965956,14.740802,19.035246,21.019281,24.732393,26.291946,30.2612,28.875624,32.48695,30.614271,31.135412,29.426962,22.050817,23.175907,18.491955,21.289118,16.337044,19.105904,18.868122,18.330107,22.699282,23.41061,23.495554,23.477863,23.136179,25.182013,22.467573,27.113205,23.133036,28.130484,27.148981,30.434605,32.50321,32.00577,29.798004,30.470129,28.857765,25.61308,22.82486,21.636303,21.718134,25.366247,24.925737,27.936863,26.541462,30.178877,26.91792,29.708263,29.346567,30.547749,32.53043,30.1883,35.535473,35.320023,31.207853,32.390244,28.300127,31.124794,26.387135,24.869268,24.6442,22.150532,21.160782,22.161385,18.333961,17.328814,14.791383,15.442108,19.34312,17.150517,22.926678,24.894508,27.135496,30.69574,32.786533,36.15004,36.33531,37.130352,32.886204,30.71158,27.994982,23.863712,20.51479,18.001501,16.503643,14.188317,13.565102,14.044376,12.166891,14.090957,15.453939,16.088057,19.765928
13,26.041101,23.374681,20.408573,16.959587,15.843532,12.112935,12.048961,8.13977,6.691412,9.436707,9.338497,4.083925,3.9640074,0.0,5.0576134,6.0074058,10.603201,12.458676,16.33431,18.779991,22.174887,24.040678,27.80252,26.621017,30.760181,28.874596,30.108055,28.287518,20.872448,21.70321,17.328594,19.48135,15.487259,17.13144,17.941547,17.166422,21.698631,22.758604,22.142002,21.780695,22.489035,24.059755,21.910475,26.329449,22.846605,27.668072,26.701422,30.096159,32.04986,31.9231,29.972944,30.525652,29.305737,26.323301,23.875404,23.170216,22.780226,26.588358,26.713043,29.198309,27.338552,30.921892,27.385963,29.672888,29.297503,29.868979,31.604366,28.757174,34.064365,33.77196,29.502207,30.11585,25.984156,28.204666,23.359262,21.62993,21.119406,18.68374,17.513893,18.718214,14.829557,13.712893,11.9882345,12.427484,16.53353,14.229901,20.383883,22.483421,25.068367,28.572773,31.010677,34.13132,34.567665,35.435116,31.262905,29.188505,26.86002,22.726992,19.400696,17.58757,16.949883,15.23495,15.301007,15.327161,14.636072,14.893352,17.033813,16.754166,20.820654
14,21.278793,18.900629,15.542235,12.572889,11.693731,7.297551,8.8922615,5.445177,7.0783663,9.962479,12.438699,8.150078,6.215478,5.0576134,0.0,4.8438244,7.0389104,9.803554,13.329312,15.857456,19.406889,20.479485,24.819197,24.030663,27.594852,26.293327,27.411114,26.245216,18.882103,20.774252,16.428831,19.95507,17.556726,19.81385,21.069489,20.951895,25.342949,25.888197,24.877325,23.752518,24.332558,24.767897,22.199568,25.706041,21.915306,25.938927,24.262762,27.368622,28.930607,28.420069,26.296753,26.37357,24.981554,21.850058,19.957262,19.788641,20.03155,23.830309,24.63249,27.225706,25.14845,29.546616,26.571657,28.908789,29.612535,29.59922,31.860704,29.133339,34.476154,33.428856,28.94636,29.77023,26.087456,28.050959,24.187943,21.739553,22.11676,20.427896,19.681225,21.636276,18.010181,16.042965,15.22355,14.400474,17.822758,14.391314,20.515184,21.176529,23.85434,26.966635,29.26691,32.628334,32.39133,32.82212,28.430159,25.93646,23.456955,19.953081,16.085428,15.316059,13.830861,11.41553,13.031485,13.72291,14.54078,15.442934,18.321718,18.846832,23.155836
15,21.342512,18.195534,16.055891,11.845294,10.789791,8.358714,7.7304077,7.691764,6.258182,10.654834,11.880364,8.446832,8.832412,6.0074058,4.8438244,0.0,5.4694586,6.5024724,10.607383,12.793072,16.186588,18.220818,21.814896,20.657026,24.89598,23.135586,24.835176,23.215733,15.880235,17.08307,13.109974,15.781747,14.491484,15.898281,18.076006,18.10366,22.365583,22.956326,21.261053,19.711298,21.141691,21.079792,19.1302,22.496964,19.363934,23.403387,22.11263,25.450268,27.14034,27.304588,25.648556,26.070753,25.378729,22.91071,20.878693,20.903912,19.975296,23.84942,24.987534,26.74877,24.251379,28.126884,24.70742,26.437931,26.903538,26.36256,28.291183,25.153,30.424356,29.445675,24.916193,25.335981,21.55463,23.344717,19.352129,16.957119,17.376055,15.787697,15.381802,17.622974,14.434859,11.843876,11.444934,9.907557,13.114166,9.59723,15.874352,16.971163,19.796392,23.041597,25.605415,28.71231,28.954563,29.697786,25.512817,23.42758,21.36153,17.4174,14.061004,13.379772,13.592588,12.9274435,14.113826,13.755279,15.501751,14.181426,17.734692,17.250866,21.833525
16,16.18739,13.19625,11.404026,6.9926,7.399765,5.441183,7.636026,9.860111,10.675753,14.610541,17.035717,13.612885,12.965956,10.603201,7.0389104,5.4694586,0.0,4.6620526,6.3303404,9.608051,12.693234,13.667114,18.03191,17.834387,21.695894,20.865181,23.042845,22.293959,15.43894,17.725346,14.465302,17.974785,18.77461,20.034796,22.807196,23.117226,27.200247,27.578123,25.39978,23.143599,24.88832,23.554169,21.611887,23.65571,20.668667,23.40798,21.274416,24.170198,25.180595,25.104687,23.46189,23.088947,22.490145,20.118658,19.23835,20.239601,19.888906,23.60872,25.717783,27.309444,24.439306,29.057487,26.245478,27.702238,29.26775,27.805586,30.081278,26.879204,31.96811,30.120628,25.380365,25.568459,22.478168,23.28289,20.621914,17.245945,18.439089,17.913218,17.742147,20.644835,17.833776,14.846536,15.929809,13.537234,15.716523,11.282313,17.03492,16.164015,19.325294,21.816496,24.44099,27.568357,27.11427,27.29278,22.9286,20.341623,18.513847,15.731731,11.772424,13.520181,13.297752,12.357115,15.434917,15.6202135,18.724432,17.780798,21.780828,21.738632,26.379915
17,16.781536,12.995953,12.260431,7.346851,6.2366405,7.4385376,5.8554926,10.735485,10.19008,14.198919,16.442976,14.384898,14.740802,12.458676,9.803554,6.5024724,4.6620526,0.0,5.725847,6.3377614,10.043947,12.215145,15.571048,14.318403,18.4256,16.915743,19.072464,17.913788,11.02477,13.104565,10.186399,13.775983,15.944868,17.313227,20.367237,21.261541,24.923628,24.871445,22.326056,19.582613,21.388346,19.329306,17.573046,19.180782,16.568373,19.164286,17.337582,20.430826,21.693893,22.169092,20.919474,21.170338,21.19417,19.543947,18.140053,19.077795,17.595915,21.25791,23.572046,24.42936,21.289406,25.463213,22.476875,23.523024,25.187872,23.332674,25.588238,22.379969,27.42074,25.470251,20.734547,21.12379,18.113611,19.433771,17.143633,14.002973,16.04519,15.830297,16.52943,19.576832,17.496243,13.907512,14.585135,11.450668,12.53136,7.952352,12.892044,11.803937,14.771805,17.468594,20.022701,23.206902,22.9701,23.452045,19.20014,17.027489,15.246422,11.756262,8.410649,9.958389,11.295777,12.215215,14.500311,13.847183,17.844065,15.444097,19.893005,19.500591,24.151892
18,14.005956,10.335482,11.36367,6.463687,8.201444,9.892057,10.886972,15.466357,15.587562,19.675854,21.776453,19.038261,19.035246,16.33431,13.329312,10.607383,6.3303404,5.725847,0.0,5.3068137,6.834863,8.122514,12.048151,12.601424,16.965944,16.604092,20.06899,19.684942,14.117477,16.336224,14.736459,17.531982,21.044912,21.331827,25.124207,25.7483,29.353645,29.583345,26.539194,23.446215,26.13902,23.348778,22.212242,22.784348,20.903652,22.266191,19.965322,22.506832,22.956272,23.506067,22.553885,21.904959,22.276928,20.941893,20.87292,22.645,21.630363,25.010498,28.001728,28.596786,25.188759,29.595085,26.9642,27.482857,29.634077,26.901958,29.00859,25.451746,30.05164,27.523418,22.733767,22.149822,19.86449,19.29292,18.17499,14.051796,16.154434,16.966473,17.48265,20.965353,19.228237,15.718579,18.146116,14.841979,15.422429,10.901351,15.075628,12.491497,16.010216,17.616268,20.57065,23.250444,22.701326,22.685595,18.562405,16.125088,15.373843,13.617977,10.478367,14.416585,15.5991745,16.115034,19.452112,19.15251,23.362646,21.136126,25.615587,25.082806,29.734518
19,14.114359,9.815422,11.691752,7.3878603,7.3464065,11.41947,10.144669,16.30028,16.073717,19.691683,22.133675,20.624334,21.019281,18.779991,15.857456,12.793072,9.608051,6.3377614,5.3068137,0.0,4.2308307,6.844454,9.382572,8.2624235,12.435538,11.517279,14.810625,14.433113,9.477423,12.11763,11.4560375,14.7629175,19.710592,20.592936,24.243467,25.587782,28.67338,28.251446,25.056488,21.486685,23.748922,19.987661,18.826677,18.33977,16.833508,17.34549,15.020773,17.491045,17.991755,18.994034,18.462456,18.366539,19.407185,18.92265,18.51653,20.364399,18.4853,21.554506,24.914886,24.758379,21.117775,25.25482,22.860067,22.971687,25.703884,22.451382,24.799665,21.562176,25.987518,23.006083,18.271578,18.284275,16.53237,16.741789,16.747112,13.069856,16.464497,17.639172,19.091772,22.533928,21.417662,17.525839,19.083157,15.3603945,14.678893,10.48357,12.613183,8.556895,11.533469,12.963415,15.569021,18.57169,17.74768,17.82588,13.603166,11.374081,10.55788,8.583129,6.4096556,11.054519,13.332797,15.397535,18.213444,17.417131,22.499687,19.48297,24.187849,23.735825,28.206537
20,14.51792,10.470009,13.87105,10.139411,11.114909,15.045251,14.359875,20.373022,20.004873,23.793526,25.875132,24.22445,24.732393,22.174887,19.406889,16.186588,12.693234,10.043947,6.834863,4.2308307,0.0,4.7824473,5.672214,6.0283885,10.943708,10.775307,15.4205675,15.416289,12.202847,14.203411,14.695409,16.880733,22.817957,22.842165,27.01798,28.260735,31.135311,30.850618,27.236921,23.401423,26.366945,22.063917,21.599997,20.353783,19.736076,19.385563,17.142094,19.134016,19.089035,20.49569,20.471634,20.019741,21.565939,21.585283,21.815908,23.9942,22.08271,24.86659,28.525702,27.953356,24.176996,28.030106,25.773642,25.291395,28.143967,24.201452,26.220293,22.722544,26.600641,23.2583,18.677444,17.753977,16.76904,15.399194,16.668756,12.605305,16.198368,18.197973,19.775492,23.382078,22.800018,18.965467,21.42143,17.591873,16.336426,12.616794,13.642776,8.708556,11.784998,12.051908,15.003166,17.292015,16.480995,16.336342,12.592728,10.708735,11.365537,10.864075,9.847331,14.855218,17.353327,19.428923,22.40467,21.572361,26.69003,23.372114,28.09009,27.324804,31.741999
21,10.264981,6.718355,11.236611,9.025972,11.088894,14.946941,15.730957,21.445833,22.19652,25.719427,28.565067,26.481133,26.291946,24.040678,20.479485,18.220818,13.667114,12.215145,8.122514,6.844454,4.7824473,0.0,5.6659184,8.352421,10.809295,12.461419,16.505943,17.663967,14.914577,17.880962,17.991032,21.133453,26.547644,27.10609,31.004206,32.222412,35.317898,34.9807,31.595499,27.850666,30.36901,26.108156,25.136742,23.632683,22.526049,21.569798,18.56931,19.925276,19.158207,19.83183,19.587753,18.151365,19.525959,19.55049,20.863302,23.613981,22.604631,25.140715,29.193502,28.922544,25.219402,29.764296,28.142797,27.958284,31.452364,27.561588,29.96954,26.835918,30.644659,26.941488,22.500654,21.938578,21.312082,19.889526,21.43765,17.295328,20.641994,22.557018,23.792131,27.432608,26.45373,22.749365,25.222895,21.531599,20.775604,16.72362,18.29613,13.151704,15.764981,15.442376,17.778156,20.160505,18.305466,17.264347,13.399573,10.581724,11.202058,12.505812,10.823574,16.768696,18.098259,19.444485,23.30039,23.067568,28.361639,26.009686,30.688206,30.504436,34.960743
22,15.040415,11.798281,16.508854,14.175182,15.411703,19.775724,19.290897,25.525415,25.428429,28.995382,31.29419,29.840532,30.2612,27.80252,24.819197,21.814896,18.03191,15.571048,12.048151,9.382572,5.672214,5.6659184,0.0,4.960997,7.910256,9.581441,14.891428,15.945638,15.297627,17.284086,18.876772,20.807392,27.620346,27.54097,31.805332,33.26217,35.79508,35.2865,31.45844,27.341824,30.338129,25.266668,25.126713,22.590637,22.729105,20.852678,18.438677,19.457518,18.507284,20.205128,20.858288,19.982986,22.242895,23.172081,24.197645,26.840862,24.942568,27.121353,31.300419,30.13289,26.265884,29.926975,28.306137,27.23284,30.756912,26.054064,28.036097,24.824026,27.871857,23.81057,19.762642,18.537912,18.956106,16.604265,19.782337,16.007446,19.891502,22.509693,24.333311,27.935452,27.822369,24.041843,26.70296,22.817106,20.975777,17.778116,17.357748,11.553244,13.509842,11.921067,14.281864,15.806036,14.156341,13.206246,10.3038025,8.863293,11.277395,13.044672,13.268806,18.738209,21.220306,23.560043,26.730074,25.943033,31.447214,28.067123,32.79421,32.117607,36.363365
23,17.305738,13.499131,17.343222,14.549121,14.533311,19.334593,17.37931,23.954569,23.272274,26.557838,28.685041,28.035503,28.875624,26.621017,24.030663,20.657026,17.834387,14.318403,12.601424,8.2624235,6.0283885,8.352421,4.960997,0.0,6.164834,5.3370347,10.956527,11.250717,11.163926,12.733062,15.005307,16.757795,24.043604,24.287952,28.294664,30.127125,32.308594,31.437124,27.652819,23.425264,26.074179,20.683949,20.635527,17.72482,18.251211,16.256199,14.335074,15.678816,15.338463,17.664751,18.564285,18.707775,21.1945,22.355614,22.445772,24.644775,21.931797,24.032415,27.999165,26.39221,22.497406,25.586666,23.787107,22.452248,25.92332,21.108461,23.120836,20.072468,23.17055,19.08576,14.962376,14.340747,14.814827,13.729442,16.998964,13.920073,18.358734,20.74328,23.050406,26.461882,26.563358,22.628508,24.474876,20.541298,18.143925,15.412688,13.79974,7.595182,8.803295,7.2977953,9.678642,11.819533,10.511102,10.408232,7.09189,6.5845284,8.745433,9.353304,10.87999,15.423653,18.743614,21.954294,24.284174,23.031532,28.614315,24.613428,29.281155,28.48235,32.508892
24,16.747595,13.841507,17.911648,16.806286,16.622646,21.828432,20.087473,26.707674,26.822247,29.469116,32.422634,32.06397,32.48695,30.760181,27.594852,24.89598,21.695894,18.4256,16.965944,12.435538,10.943708,10.809295,7.910256,6.164834,0.0,4.6607656,8.212147,10.80267,13.256991,15.766062,18.163618,20.938848,28.001684,29.160997,32.605705,34.802567,36.83102,35.485374,32.01099,27.792171,29.474083,23.754005,23.156136,19.133894,19.565207,15.814998,13.182144,13.00083,11.384427,13.622475,15.159051,14.972325,18.152138,20.361929,21.16155,23.794935,21.375834,22.596334,27.12183,25.076298,21.285393,24.565838,23.963287,22.548988,27.188906,22.19532,24.762821,22.749256,25.288296,20.535397,17.19108,17.73352,19.106018,18.765556,22.604162,19.915993,24.442362,26.71974,29.064898,32.43652,32.380543,28.401737,29.75396,25.86926,23.537874,20.75152,18.945478,12.779732,12.556103,10.110554,10.195459,12.475612,8.806771,6.854422,3.3042786,2.4136481,6.3183513,10.130869,12.41564,17.145834,19.727856,23.068192,25.590927,24.633076,30.629354,27.2416,31.759262,31.638914,35.40292
25,19.442741,15.895798,19.193026,17.149832,16.168198,21.339228,18.438845,25.121275,24.4625,27.039085,29.490648,29.704357,30.614271,28.874596,26.293327,23.135586,20.865181,16.915743,16.604092,11.517279,10.775307,12.461419,9.581441,5.3370347,4.6607656,0.0,5.967791,6.8301163,9.881002,11.540979,14.613426,16.785662,24.191109,25.294685,28.636826,31.006287,32.731724,31.238262,27.734583,23.481985,25.120878,19.229025,18.931078,14.75474,15.73934,12.240916,10.484304,11.164536,10.804513,13.845609,15.401252,16.395687,19.404142,21.344868,21.022705,23.031252,19.747967,21.167475,25.24173,22.885685,19.040985,21.584436,20.39894,18.659168,22.899855,17.777723,20.19815,18.0896,20.758677,16.1547,12.59857,13.544614,14.806201,15.4428,19.067926,17.008842,21.672533,23.749376,26.3787,29.534227,29.724407,25.750866,26.621414,22.80021,20.06052,17.84659,15.126557,9.287582,8.206441,6.0040054,6.045092,9.165153,6.549577,6.566741,2.8440018,4.4776416,6.5815287,7.7638035,11.163068,14.609772,18.156628,22.136337,23.795355,22.322206,28.148779,24.017162,28.46311,27.987537,31.587751
26,21.01043,17.893942,20.114887,18.994991,17.119951,22.242334,18.739166,25.069635,24.787659,26.414452,29.46046,30.405355,31.135412,30.108055,27.411114,24.835176,23.042845,19.072464,20.06899,14.810625,15.4205675,16.505943,14.891428,10.956527,8.212147,5.967791,0.0,4.3685465,9.689383,11.985081,14.677446,17.93552,24.356026,26.73763,29.07571,31.882246,33.37155,31.286848,28.43158,24.484583,24.613062,18.888266,17.673874,12.817912,13.3019085,8.216087,6.039765,5.427591,5.3415613,8.995687,11.042831,13.220241,16.405014,18.945646,18.063726,19.752222,16.130539,16.681366,20.831982,17.896452,14.22279,16.615341,16.460623,14.896896,20.20366,15.536522,18.777754,18.064392,20.633976,16.067638,13.317138,16.221432,17.351574,19.798784,22.742638,21.316978,25.891138,27.394182,30.043985,32.95545,32.860367,28.919395,28.722792,25.174767,22.666212,20.609154,17.966833,13.167911,11.126383,10.051255,8.000772,11.688598,8.431384,8.2998295,5.798787,6.817399,6.2903056,7.4787273,11.61966,13.477105,16.53824,20.966217,21.940916,20.477396,26.382246,22.714687,26.752537,26.97943,30.105452
27,23.338057,19.73743,21.565395,19.519846,17.24718,22.065199,17.707378,23.900455,22.762346,24.42921,26.787666,28.19212,29.426962,28.287518,26.245216,23.215733,22.293959,17.913788,19.684942,14.433113,15.416289,17.663967,15.945638,11.250717,10.80267,6.8301163,4.3685465,0.0,7.4338665,8.257904,11.7046,14.082813,20.786762,22.971676,25.258902,28.16664,29.373405,27.221893,24.292738,20.335226,20.5202,14.6105995,13.795733,8.728616,10.079335,5.6298676,5.583652,7.0442524,8.804884,12.284155,13.834964,16.51841,19.222553,21.152464,19.37168,20.394798,16.046335,17.056557,20.471828,17.424744,13.769811,15.152368,13.895911,11.871887,16.510084,11.596735,14.686253,13.737707,16.626276,12.401088,9.31584,12.798476,13.5491085,16.983234,19.422235,18.646637,23.103178,24.373888,27.195648,29.856619,30.005527,26.163609,25.59724,22.18751,19.357174,17.961145,14.568492,10.767532,7.9905424,8.023707,6.108853,10.139487,8.796305,10.219388,8.136551,9.589655,8.933945,7.1793065,11.637076,11.975519,16.049992,20.844683,21.004967,19.001076,24.558075,20.022478,23.99714,23.706182,26.715633
28,20.280527,16.3075,16.906105,13.95168,11.139455,15.353018,10.5193815,16.70227,15.454338,17.52038,20.014374,20.915098,22.050817,20.872448,18.882103,15.880235,15.43894,11.02477,14.117477,9.477423,12.202847,14.914577,15.297627,11.163926,13.256991,9.881002,9.689383,7.4338665,0.0,4.802232,5.2184596,9.954108,15.3191395,17.99498,20.304722,22.824091,24.928358,23.29365,20.59802,16.976429,17.30659,12.807585,10.828856,9.374014,7.640186,8.293936,7.1811924,10.668816,12.821463,14.593059,14.486759,16.622627,18.069569,18.443905,16.04749,16.723768,12.738777,15.314537,18.20565,16.875292,13.200806,16.187962,13.578562,13.507594,16.681604,13.608763,16.639244,14.586355,19.176813,16.38737,12.088407,14.669849,12.998379,16.706491,16.735989,15.319894,19.204533,19.701382,22.007626,24.703934,24.07312,20.244648,19.397476,16.041859,14.256008,11.929006,10.935149,8.254016,7.901488,10.562272,11.345565,15.262729,14.755191,15.840617,12.17432,11.487657,9.34634,3.9678328,6.26361,5.410704,10.18346,14.735331,14.993391,12.978514,18.503574,14.147945,18.644377,18.407,22.185535
29,24.54019,20.39538,21.211578,17.64968,15.02959,18.654488,13.415536,18.930395,16.369028,18.534864,19.651756,21.22736,23.175907,21.70321,20.774252,17.08307,17.725346,13.104565,16.336224,12.11763,14.203411,17.880962,17.284086,12.733062,15.766062,11.540979,11.985081,8.257904,4.802232,0.0,4.8442674,5.985326,12.957909,14.77503,17.349035,20.05306,21.554482,19.83188,16.708748,12.787274,13.729661,8.520426,7.9242196,6.6578,7.0556884,8.91353,9.9662,13.385975,15.893249,18.33822,18.644192,21.124968,22.726759,23.152832,20.423996,20.604748,16.148067,18.562992,20.6815,18.890108,15.542436,16.804453,13.250347,12.266045,14.013933,10.6014805,12.818753,10.0739355,14.920378,12.824073,8.435681,11.044103,8.769744,13.687361,13.30403,13.076237,16.815874,17.217817,19.939611,22.273863,22.316622,18.65121,17.507954,14.306247,11.536575,10.783685,7.6276093,7.172577,5.799435,9.532383,10.557766,13.809891,14.848129,16.85481,14.109946,14.505252,13.2728815,8.365657,10.750908,8.77802,13.900758,18.385427,17.702461,15.114888,19.745245,14.052934,18.248138,16.937517,20.42569
30,23.345993,19.335854,18.997683,15.358737,12.290047,14.978726,9.308809,14.238265,11.639908,13.730523,15.263315,16.721199,18.491955,17.328594,16.428831,13.109974,14.465302,10.186399,14.736459,11.4560375,14.695409,17.991032,18.876772,15.005307,18.163618,14.613426,14.677446,11.7046,5.2184596,4.8442674,0.0,6.4369507,10.144147,13.275783,15.219997,17.705847,19.974909,18.488773,16.06427,12.91176,13.036915,9.97149,7.6177654,9.421718,6.9191446,11.007081,11.228417,14.961538,17.58608,19.07982,18.542303,20.811806,21.595404,21.152384,17.97754,17.733938,13.728092,16.817667,18.413982,17.778635,14.717204,16.964527,13.1771345,13.789375,15.029594,13.444522,15.889565,13.4891405,18.726698,17.327011,13.143494,15.489754,12.395348,16.982174,14.995267,14.308878,17.275158,16.826925,18.926739,21.1587,20.32819,16.78407,14.914401,12.016839,10.743014,9.120176,9.135233,9.722017,9.96278,13.715119,14.9978075,18.458784,19.005718,20.548433,17.121803,16.523174,14.404355,8.963622,9.380677,5.58354,10.354896,14.412534,13.405904,10.814168,15.253787,9.901031,14.442834,13.572576,17.588955
31,28.248283,24.015015,24.35954,20.083149,17.638357,19.966604,14.715444,18.81046,14.853564,17.284464,16.56901,18.492064,21.289118,19.48135,19.95507,15.781747,17.974785,13.775983,17.531982,14.7629175,16.880733,21.133453,20.807392,16.757795,20.938848,16.785662,17.93552,14.082813,9.954108,5.985326,6.4369507,0.0,8.538794,8.921389,12.049407,14.536277,15.946397,14.700389,11.135688,7.186983,9.701131,6.227879,7.266649,9.699328,10.148703,14.07854,15.652468,19.183802,21.838562,24.118172,24.130962,26.527834,27.702429,27.487852,24.396273,24.040115,19.78753,22.585768,23.715845,22.51992,19.7013,20.264507,15.817922,15.184027,14.360826,12.494829,13.20019,9.486272,14.710204,14.570803,10.745532,11.922691,7.7608542,13.125212,10.009613,11.126099,13.517622,12.944884,15.64416,17.351665,17.69037,14.46344,12.612935,9.974818,6.869611,8.31478,5.1655583,9.497366,9.370707,13.446815,15.204033,17.53111,19.700483,22.032715,19.517017,19.883183,18.80004,13.714904,14.849408,12.015417,16.72174,20.465387,19.06716,16.245195,19.343061,12.873055,16.564514,13.902798,17.395271
32,31.82188,27.946716,26.69187,22.668968,19.842142,20.13865,15.007984,15.896718,10.995259,12.009988,9.337579,12.937351,16.337044,15.487259,17.556726,14.491484,18.77461,15.944868,21.044912,19.710592,22.817957,26.547644,27.620346,24.043604,28.001684,24.191109,24.356026,20.786762,15.3191395,12.957909,10.144147,8.538794,0.0,6.2680407,5.336306,8.038617,10.363322,9.261505,8.270049,8.001724,7.008104,10.040797,8.891481,14.753897,12.98161,18.899296,20.405832,24.083885,27.128881,28.50379,27.70508,30.201254,30.36498,29.156988,25.235704,23.779608,20.186424,23.230955,22.703434,22.891123,21.152523,21.619518,16.855679,18.054455,15.455474,16.913412,17.604967,15.35677,20.360058,21.57102,18.529093,20.197437,15.899505,20.96976,16.111338,17.333492,17.879045,15.495766,16.825354,17.298304,16.40107,14.438552,9.7007265,9.673168,10.049971,11.636906,12.65334,17.222305,17.62708,21.74661,23.246965,25.878893,27.69301,29.798689,26.832928,26.534826,24.543512,19.104649,18.861412,14.166835,17.114042,19.596958,16.637135,13.869372,14.131615,7.937795,10.019019,6.264305,10.077257
33,33.82728,29.757713,29.2527,24.59978,22.483168,22.85688,18.399418,19.74974,14.600682,16.844027,13.156746,15.303222,19.105904,17.13144,19.81385,15.898281,20.034796,17.313227,21.331827,20.592936,22.842165,27.10609,27.54097,24.287952,29.160997,25.294685,26.73763,22.971676,17.99498,14.77503,13.275783,8.921389,6.2680407,0.0,5.486084,6.329,8.375528,9.116839,5.899324,5.5878854,9.294528,11.542363,12.735049,17.519745,17.214022,22.353594,23.944412,27.607502,30.385418,32.258278,31.79378,34.006405,34.53193,33.45819,30.04734,29.079782,25.487665,28.628702,28.609493,28.43633,26.30969,26.599695,21.74406,21.948746,18.993992,19.344076,18.934309,15.534882,19.992157,21.673038,18.704767,18.778719,14.1847515,18.073784,12.106363,14.173772,13.456159,10.657354,12.06464,11.927929,12.177443,10.722341,6.725014,7.28165,6.939326,10.598329,11.005793,16.888758,17.757315,21.706388,23.861652,25.696081,28.334162,30.700987,28.098278,28.13213,26.902197,21.695059,21.580507,18.222555,21.712149,24.08289,21.998463,19.409016,19.923367,14.048021,16.08646,11.956797,14.934151
34,36.71985,32.813473,31.612936,27.388998,24.803823,24.695686,19.96625,20.050798,14.923584,15.663235,11.234537,15.00643,18.868122,17.941547,21.069489,18.076006,22.807196,20.367237,25.124207,24.243467,27.01798,31.004206,31.805332,28.294664,32.605705,28.636826,29.07571,25.258902,20.304722,17.349035,15.219997,12.049407,5.336306,5.486084,0.0,3.6577103,5.06073,4.942964,5.228523,7.815666,7.4282107,12.501915,12.739145,18.54248,17.60715,23.420002,25.34326,28.969765,32.07826,33.642876,32.949203,35.51534,35.694473,34.429897,30.450827,28.820547,25.280493,28.186083,27.209875,27.361845,25.932482,25.630821,20.762962,21.648981,17.757347,19.83114,19.496847,17.283657,21.582792,23.87211,21.460096,22.548128,18.16421,22.938019,17.343004,19.474552,18.9296,15.996724,16.959894,16.284494,15.923021,15.137512,9.963407,11.551706,12.068942,14.960684,15.560538,21.048141,21.41322,25.46695,27.069431,29.191362,31.61124,33.987972,31.337805,31.307322,29.571575,24.154942,24.016403,19.49559,22.359608,24.527605,21.366695,18.73075,17.815155,12.353586,12.786688,8.236867,10.12009
35,37.922806,34.092705,32.77302,28.396645,26.131506,25.446733,21.325539,20.71683,15.543616,16.556454,11.310153,14.312053,18.330107,17.166422,20.951895,18.10366,23.117226,21.261541,25.7483,25.587782,28.260735,32.222412,33.26217,30.127125,34.802567,31.006287,31.882246,28.16664,22.824091,20.05306,17.705847,14.536277,8.038617,6.329,3.6577103,0.0,4.582174,6.897603,7.3754163,10.236948,11.019436,15.820662,16.184164,21.900217,20.8599,26.656128,28.31789,32.002613,34.99512,36.464912,35.642475,37.95149,37.97489,36.42896,32.613773,31.04473,27.883133,30.981825,30.001242,30.507324,29.051437,29.092873,24.25807,25.228983,21.412104,23.335203,22.885733,20.356808,24.548513,26.869305,24.306805,24.838327,20.318508,24.346733,18.216858,20.197657,18.82222,15.454919,15.726651,14.442161,13.846988,13.934733,8.715249,11.421388,12.832707,15.754031,17.239965,22.903091,23.74094,27.77487,29.711039,31.722227,34.222317,36.539948,33.769974,33.568386,31.909634,26.55114,25.983095,21.853123,24.402454,26.012625,23.13728,20.795275,19.371758,14.694125,14.9290905,10.6247835,12.387186
36,41.468464,37.5147,36.457996,32.09095,29.668238,29.442648,24.91225,24.727873,19.57462,20.205086,15.16868,18.725304,22.699282,21.698631,25.342949,22.365583,27.200247,24.923628,29.353645,28.67338,31.135311,35.317898,35.79508,32.308594,36.83102,32.731724,33.37155,29.373405,24.928358,21.554482,19.974909,15.946397,10.363322,8.375528,5.06073,4.582174,0.0,3.9176884,5.738781,9.949811,10.214923,15.652992,16.80396,22.278639,22.01831,27.62597,29.876589,33.436394,36.57949,38.348495,37.79533,40.444557,40.71049,39.48904,35.483418,33.77515,30.182373,32.955242,31.743124,31.741161,30.489765,29.573696,24.6999,25.234205,20.54547,22.877008,21.721395,19.635212,23.095314,26.210201,24.409256,25.016472,20.788256,25.181023,19.356363,22.17123,20.879581,17.788511,18.498571,16.869978,17.22292,17.411732,12.679,14.964066,15.2777405,18.863619,18.91924,24.841314,25.092714,28.999262,30.622738,32.27709,35.182346,37.780205,35.451412,35.687706,34.19174,28.81841,28.860783,24.475311,27.418974,29.514278,26.268837,23.672722,22.261494,17.166912,16.855772,12.345403,12.684789
