,0,1,2,3,4,5,6,7,8,9,10,11,12,13,14,15,16,17,18,19,20,21,22,23,24,25,26,27,28,29,30,31,32,33,34,35,36,37,38,39,40,41,42,43,44,45,46,47,48,49,50,51,52,53,54,55,56,57,58,59,60,61,62,63,64,65,66,67,68,69,70,71,72,73,74,75,76,77,78,79,80,81,82,83,84,85,86,87,88,89,90,91,92,93,94,95,96,97,98,99,100,101,102,103,104,105,106
0,0.0,4.3160863,6.3477616,9.587573,12.252844,14.320319,17.998535,22.09545,25.478872,29.422144,31.656319,35.958366,36.869884,36.778805,35.89891,32.515606,33.649475,29.40725,31.533674,28.302258,31.301348,30.692606,32.754635,33.371887,31.404438,32.56943,26.078926,31.137188,29.704247,33.662,31.71979,38.012035,38.29807,42.681175,42.371685,46.225098,45.5345,43.31371,39.77568,36.32029,35.741142,30.934053,28.419231,25.819925,23.97784,18.669447,19.434715,15.304462,12.102964,15.434393,18.735472,17.563412,17.814285,20.94813,24.263927,24.877756,25.005917,26.545887,28.846981,33.29577,31.233389,35.4868,34.653786,39.0262,35.870663,31.025911,31.93279,29.826422,26.91087,25.139482,21.281044,23.337755,20.264112,21.308857,23.112158,23.803827,27.068079,26.329117,29.960693,30.682022,31.52775,34.058495,29.734797,26.785015,25.23579,21.738453,20.48333,16.577394,15.273413,13.450657,12.403185,14.851484,16.928745,17.705135,16.984537,20.552038,22.330196,22.255817,22.87154,24.224974,27.551863,26.74133,31.857851,29.36041,33.88191,34.541813,38.41022
1,4.3160863,0.0,5.375133,6.614605,9.020373,12.322205,14.738755,19.612352,22.512943,26.919765,28.880962,33.359245,34.26638,33.849537,33.22335,29.440756,30.529003,26.179125,28.14744,24.927992,27.810026,27.36304,29.102833,29.816847,27.672594,28.64267,22.129782,27.121765,25.722008,29.738712,27.876766,34.21066,34.71365,39.161358,38.907635,42.707195,41.99416,39.928032,36.23004,32.86418,32.391624,27.467854,25.379574,22.334913,21.277605,15.6584425,17.130339,13.511184,11.428899,14.831952,17.196482,16.72139,17.846424,20.563427,23.426771,23.65547,23.30151,24.370476,26.253807,30.627806,28.040516,32.106663,30.975883,35.20031,31.79072,26.9391,27.659426,25.514978,22.603327,20.93491,17.111248,19.528688,16.63609,18.282625,20.193266,21.515543,24.87179,24.071053,28.270002,28.510193,29.71477,32.28071,27.856777,24.525843,22.448217,19.567974,17.295238,13.734607,11.614656,9.389584,8.199093,10.539791,12.708696,13.55425,12.8684025,16.245985,18.065472,18.185156,18.81373,20.517431,23.58534,22.62854,27.901772,25.351656,29.823,30.638296,34.414333
2,6.3477616,5.375133,0.0,5.3274055,6.8913736,8.605141,12.301391,15.888962,19.602488,23.185787,25.684017,29.729942,30.948652,31.037775,30.586956,27.316618,29.014893,24.949816,27.768291,25.048431,28.640013,28.75858,30.782507,32.148792,30.295078,30.945597,24.24497,28.19331,26.067308,29.872667,27.166649,33.728317,33.130318,37.796818,37.010002,40.851044,39.95251,37.545784,34.130432,30.66016,29.851313,25.248177,22.344957,20.167952,17.83092,13.28971,13.340552,9.997657,6.4774613,10.853157,13.383551,11.595069,12.849239,16.241045,18.720716,19.471384,18.959286,20.887848,22.97935,27.210176,25.670204,29.83168,29.284658,33.773735,31.27544,26.621962,28.293364,26.809261,24.338274,23.464462,18.82308,21.132166,16.606852,18.680548,19.300304,20.358315,23.182728,21.524878,25.29038,25.315475,25.9641,28.202341,23.780966,20.842157,19.629288,16.041159,15.364212,12.118726,11.169374,10.561373,9.298994,12.783052,14.343038,13.754902,14.095859,17.905453,18.91139,17.923746,19.468004,21.211275,23.790726,22.772598,27.24761,24.56037,29.157728,29.491495,33.585148
3,9.587573,6.614605,5.3274055,0.0,3.8355045,6.1885953,9.102586,13.621566,16.229843,20.861813,22.502832,27.263367,27.772272,27.388447,26.64157,23.005249,24.292404,20.068672,22.58918,19.76435,23.313925,23.50248,25.546799,27.083035,25.4031,26.012236,19.288736,23.063448,20.99059,24.786345,22.406427,28.771917,28.747017,33.149403,32.799397,36.666996,36.111755,33.95625,30.51297,26.956928,26.885738,21.7461,20.01774,17.232395,16.44866,12.542219,13.100055,11.728374,9.578934,14.129257,15.103254,13.065757,15.956677,19.203186,20.55147,21.142157,19.414751,21.194265,22.339575,26.028103,24.131588,27.651659,26.530037,30.569881,27.79996,23.33247,24.476435,22.905682,20.227713,19.307915,14.077858,15.965644,11.342007,13.487393,14.301128,15.791986,18.844707,17.588226,21.95656,21.92498,23.246632,25.914627,21.529873,18.080832,15.899308,13.06935,10.906208,7.335673,6.067467,5.8941503,6.4490957,9.425198,9.852551,10.052476,11.779827,14.325652,14.605572,14.629902,16.997921,19.807482,21.434334,19.745668,24.378376,20.80512,25.3724,25.468378,29.357246
4,12.252844,9.020373,6.8913736,3.8355045,0.0,5.601612,5.768381,10.844057,13.612632,18.04257,20.014269,24.407034,25.542387,25.14789,25.166048,21.33163,23.167747,19.058847,21.975271,19.612259,23.310682,24.036915,25.633808,27.516903,25.65367,25.78545,19.17497,22.160307,19.67493,23.413506,20.433765,27.145897,26.491241,31.317972,30.48415,34.275433,33.353832,31.11048,27.534355,24.112093,23.561941,18.683144,16.527618,13.7288475,12.830475,8.825348,9.634342,9.023277,8.448321,12.253529,12.192269,11.161942,14.43293,16.975657,17.910284,18.138811,16.203217,17.60021,18.590382,22.354736,20.311169,23.938831,22.968557,27.205896,24.684702,20.209187,21.961847,20.83087,18.653912,18.520285,13.435836,16.07464,10.881363,14.431022,14.38495,16.574333,19.190216,17.099205,21.7535,20.760534,21.986479,24.223694,19.703094,16.10316,13.998263,11.666424,9.252047,7.4178476,5.3939033,6.1236277,5.4116697,8.828691,9.307656,7.631079,9.724543,12.6692705,12.738769,11.600579,14.253292,17.029818,18.348093,16.757074,21.019163,17.783014,22.388958,22.623682,26.695148
5,14.320319,12.322205,8.605141,6.1885953,5.601612,0.0,6.983125,8.584465,11.881335,15.674087,17.611738,22.142687,22.616854,22.800816,22.0849,19.19169,21.197435,17.529701,21.13338,19.187477,23.51447,24.461641,26.810163,29.134148,27.970675,28.184265,21.668903,23.784819,20.874142,24.125797,20.792747,27.11085,25.743574,30.211672,29.3288,33.236374,32.6356,30.128149,27.180836,23.45253,23.354288,18.515528,16.29041,14.793978,12.929266,11.977715,10.323177,11.352358,8.82028,13.619119,13.6106,9.222369,13.476486,17.27601,17.101158,18.396067,15.587742,18.621258,19.383764,22.312437,21.935518,25.065523,24.519297,28.556484,27.037298,23.157907,25.236912,24.540941,22.479708,22.489748,16.672422,17.95002,11.667538,14.024409,12.675074,13.741113,15.773755,13.248365,17.132881,16.723228,17.512756,19.9703,15.585903,12.475489,11.336462,7.462827,8.137745,5.8289766,7.623852,10.016813,10.819335,13.838969,13.246517,12.009029,15.078706,17.286306,16.264427,15.306862,18.938482,21.955036,22.51485,20.565502,23.905151,19.831833,24.320547,23.531921,27.643045
6,17.998535,14.738755,12.301391,9.102586,5.768381,6.983125,0.0,6.3578362,8.245277,12.885951,14.681096,19.001045,20.379465,19.842644,20.628103,16.636883,19.117357,15.39906,18.915043,17.470236,21.45466,23.03919,24.288725,26.869492,25.22505,24.718649,18.5974,19.762896,16.547846,19.846014,15.983923,22.863615,21.277113,26.429491,25.112682,28.846804,27.722391,25.399166,21.850246,18.440567,17.83814,12.973247,11.015092,8.269608,8.318804,7.2702556,7.455828,10.343465,11.440716,14.211051,12.156833,11.340757,15.633724,17.459372,16.744646,16.763762,13.489104,14.764059,14.583676,17.546122,15.808985,18.814583,17.867455,21.992062,20.201605,16.244848,18.762623,18.549704,17.184277,18.2514,13.10358,15.623284,9.643011,14.341952,12.720489,15.613323,17.349762,14.294597,19.217762,16.945055,18.295736,20.134308,15.673145,11.790549,9.4601555,8.671132,5.803155,7.525173,6.442522,9.00664,8.977555,11.200098,10.379928,7.0496993,10.799933,12.468866,11.000888,8.78246,12.963611,16.293627,15.934939,13.876291,16.922113,13.144491,17.69021,17.450243,21.696947
7,22.09545,19.612352,15.888962,13.621566,10.844057,8.584465,6.3578362,0.0,5.123175,7.3384323,10.178033,13.863141,15.568609,16.010925,17.122055,14.425364,17.911648,15.298933,19.834793,19.447098,23.932156,26.048912,27.663467,30.789528,29.711763,29.009615,23.315569,23.078295,19.301151,21.70413,16.991312,23.31542,19.912594,25.029303,22.922636,26.627151,25.383505,22.532621,19.787453,16.242666,15.402577,11.459999,8.3057165,8.737409,6.3287873,10.555739,7.5701714,12.609582,13.0541115,15.502028,12.834112,9.855569,14.772246,16.848242,14.273382,15.168531,10.545837,13.605481,12.881901,14.476694,15.380064,17.708508,17.809418,21.787516,21.84761,18.94641,22.345331,23.003435,22.236422,23.800198,18.522858,20.117851,13.588786,17.41192,14.144035,16.140995,16.52956,12.11986,15.89932,12.779728,13.148644,14.286287,9.767635,6.427497,6.66736,5.4517393,7.7131343,10.444212,11.764191,14.905724,15.143869,17.541466,16.409515,13.223142,16.916912,18.413122,16.267973,13.632404,18.107216,21.068262,19.940876,17.95475,19.116581,15.247614,19.18974,17.769117,22.083597
8,25.478872,22.512943,19.602488,16.229843,13.612632,11.881335,8.245277,5.123175,0.0,6.253331,6.492076,11.596028,12.16582,11.696033,13.063718,9.663607,13.333299,11.101422,15.694775,16.04829,20.38466,22.982376,24.313204,27.793203,27.025152,26.002768,21.003176,19.470104,15.471265,17.291265,12.351309,18.36828,14.837929,19.929094,17.997633,21.780687,20.858406,18.252491,15.4968,11.718564,12.169724,7.375423,7.284196,7.2922993,8.729929,13.3489895,11.710068,16.851534,17.737452,20.203926,17.199413,14.974029,19.871613,21.622625,18.783655,19.274824,14.376823,16.44346,14.468011,14.724967,15.214666,16.087835,15.446197,18.53185,18.76998,16.665539,19.668156,20.702108,20.25246,22.213457,17.140694,18.08204,12.103328,15.943572,12.080398,14.640847,14.456581,10.152719,14.431458,10.376293,11.869882,13.265737,9.429984,5.5325637,3.4534047,6.6996984,6.7345133,11.154606,12.487876,15.866094,16.89186,18.325104,16.308716,13.574627,17.916245,17.938505,14.819287,13.031948,18.04912,21.639608,19.298704,16.723011,17.205345,12.259829,15.713834,13.51171,17.600183
9,29.422144,26.919765,23.185787,20.861813,18.04257,15.674087,12.885951,7.3384323,6.253331,0.0,4.916,6.5557337,9.4741,10.684577,13.577123,12.270547,16.696016,15.864818,20.622738,21.656242,25.948019,28.770542,30.052963,33.69671,33.022903,31.800386,27.10367,25.000938,20.911633,22.069485,16.786602,21.908657,16.468622,21.505016,18.25895,21.592592,19.989782,16.732002,14.955931,11.800145,10.730325,9.016766,6.5433297,10.1376095,8.877456,15.844662,12.862656,18.645962,19.736616,21.233643,17.736637,15.363482,19.778627,20.941408,16.788807,17.57928,12.276549,15.025969,12.662184,11.263177,14.563219,14.928644,15.826043,18.891466,21.024101,19.745237,23.71639,25.419914,25.574656,27.948414,23.196323,24.307302,18.332401,21.910889,17.713535,19.534212,18.506657,13.593133,15.964437,11.050874,10.67181,9.92118,6.7981377,5.69253,8.21162,9.934962,12.713906,16.57117,18.157387,21.446844,21.845884,23.730217,22.16156,18.817995,22.610573,23.271233,20.423239,17.60125,22.169882,24.983648,22.524734,20.543692,19.486143,15.899251,18.480516,15.971442,19.849533
10,31.656319,28.880962,25.684017,22.502832,20.014269,17.611738,14.681096,10.178033,6.492076,4.916,0.0,6.254304,5.8062887,6.016041,9.042529,7.814934,12.347026,12.415798,17.00752,18.748735,22.814539,25.915842,27.159025,31.038519,30.810638,29.47438,25.438292,22.379492,18.31947,18.746004,13.677825,17.833282,12.2078495,16.812515,13.892002,17.425985,16.547611,13.555596,12.212525,8.69012,9.999937,7.6941595,9.032609,11.415788,12.647598,18.90273,16.686655,22.325083,23.212412,25.281408,21.916529,19.362087,24.07936,25.55566,21.626486,22.33254,17.05623,19.31945,16.504135,14.520951,16.98118,16.087038,16.07882,17.937681,20.113264,19.587141,22.81046,24.61103,24.804983,27.205744,22.532442,22.79872,17.451149,20.463629,15.941305,17.75589,16.132376,11.657839,13.95921,8.5027485,9.355133,9.31561,7.4951115,6.28024,7.243643,10.911312,12.63198,16.90857,18.776419,22.217926,23.36689,24.636179,22.393206,19.766386,24.047983,23.637802,20.151056,18.417698,23.309944,26.704092,23.549295,21.049929,19.809698,15.216906,17.174936,13.754737,17.059614
11,35.958366,33.359245,29.729942,27.263367,24.407034,22.142687,19.001045,13.863141,11.596028,6.5557337,6.254304,0.0,6.4288855,8.276345,13.022095,13.26468,17.696678,18.42357,22.762312,24.790735,28.627771,31.870775,32.779453,36.694527,36.3263,34.719063,30.963882,27.557842,23.52088,23.593111,18.405224,21.892313,15.010153,19.43955,15.134638,17.709013,15.721859,12.1804,11.975702,10.0395155,9.089052,10.583866,10.161716,14.281292,14.205767,21.441069,18.800804,24.66977,26.131853,27.16615,23.32662,21.493774,25.547653,26.121117,21.404324,21.947327,16.885479,18.838865,15.623865,11.911277,16.40759,14.727622,16.122494,17.735613,21.618505,21.862581,25.908146,28.314026,29.144638,32.013176,27.820786,28.59608,23.304247,26.641312,22.169281,23.876757,22.063093,17.46525,18.698654,13.258632,12.570053,10.20393,9.996223,10.792291,13.1328945,15.855408,18.253733,22.471958,24.047142,27.336975,27.841146,29.344213,27.526731,24.215351,27.974842,28.023375,24.836933,22.13012,26.510572,29.166515,25.841888,23.950056,21.335056,18.328249,19.427494,16.254393,19.165434
12,36.869884,34.26638,30.948652,27.772272,25.542387,22.616854,20.379465,15.568609,12.16582,9.4741,5.8062887,6.4288855,0.0,3.7727785,7.0687227,9.237419,13.090017,14.968728,19.050838,21.604866,25.33316,28.611425,29.953794,34.02283,34.329235,32.917114,29.57947,25.696245,21.843454,21.293562,16.811077,18.946154,12.535192,15.52191,12.291117,15.231768,14.981853,12.035197,12.796424,10.317229,12.583965,12.188383,14.143023,16.948488,18.040277,24.625809,22.136097,27.822021,28.40339,30.500437,27.173616,24.113392,28.69809,30.260035,25.852587,26.830557,21.552542,24.041414,21.028269,17.944422,21.395939,19.485544,19.754452,20.450085,23.65341,24.095388,27.078133,29.14706,29.542856,31.99532,27.446756,27.04964,22.154928,24.331062,19.568697,20.623077,18.049631,14.13123,14.42212,9.16448,9.285488,8.0103245,9.300335,10.35652,12.055348,15.387718,17.753248,21.739645,24.068474,27.58722,29.00938,30.177935,27.703558,25.398897,29.763565,29.03957,25.331675,23.959303,28.820375,32.21444,28.708906,26.189795,24.269821,19.83964,20.856989,16.85358,19.089836
13,36.778805,33.849537,31.037775,27.388447,25.14789,22.800816,19.842644,16.010925,11.696033,10.684577,6.016041,8.276345,3.7727785,0.0,5.9692993,6.7171483,10.406314,12.572862,16.208427,19.066214,22.43288,25.86667,26.863905,30.97289,31.315931,29.746489,26.871864,22.496101,18.75394,17.845768,13.552047,15.231031,8.797014,12.00268,8.964363,12.326749,12.449434,9.927922,10.268952,7.6078324,11.302225,10.345757,13.9391,15.861149,18.316336,24.337385,22.554705,28.15438,29.042812,31.244312,27.825626,25.317938,30.068993,31.529068,27.46919,28.088602,22.833876,24.700174,21.44,18.555738,20.862661,18.554962,18.082253,18.2092,21.02364,21.776138,24.27552,26.37988,26.88631,29.426844,25.235975,24.669987,20.435047,22.674625,18.1169,19.658115,17.265886,13.889013,15.140179,9.986411,11.415984,11.229321,11.646908,11.424633,11.600377,15.836499,16.795116,21.073479,23.027054,26.419107,28.037067,28.74824,26.040012,23.997469,28.421888,27.091208,23.179193,22.298233,27.127752,30.74881,26.885014,24.164232,22.23178,17.464796,18.100693,13.862073,15.733839
14,35.89891,33.22335,30.586956,26.64157,25.166048,22.0849,20.628103,17.122055,13.063718,13.577123,9.042529,13.022095,7.0687227,5.9692993,0.0,5.421344,7.3010097,10.244553,13.6805525,16.527748,20.039148,23.176205,25.020763,29.09062,30.035774,28.961971,26.01327,22.05151,18.643534,17.731253,14.522917,15.473551,11.388989,12.628767,12.045763,15.4393635,16.997871,15.177775,15.545438,12.600748,16.745281,14.230474,17.73854,18.859575,21.115372,26.400572,24.469141,29.615543,29.479197,32.574326,29.835035,26.106104,31.076843,33.46249,29.75299,30.880692,25.605911,28.220266,25.489494,23.363243,25.416277,23.768185,22.900661,23.194344,24.953648,25.145988,26.814974,28.236366,27.99522,29.794226,25.027758,23.385654,19.2985,20.077362,15.410611,15.870679,12.776398,10.418519,10.546059,6.787961,9.275081,10.895631,11.696918,11.567642,11.311499,14.962308,16.273355,19.666483,22.446136,25.930225,28.272873,28.939772,25.874832,24.831787,29.58387,28.050074,24.029802,24.218414,29.296082,33.359734,29.922754,26.85892,26.084408,20.433249,21.648449,17.445068,19.13047
15,32.515606,29.440756,27.316618,23.005249,21.33163,19.19169,16.636883,14.425364,9.663607,12.270547,7.814934,13.26468,9.237419,6.7171483,5.421344,0.0,4.544467,5.884435,9.850754,12.447722,16.102509,19.382763,20.806707,24.8636,25.369375,24.161077,20.999353,17.105076,13.468575,13.030803,9.351594,11.839988,8.628035,11.620786,11.3129225,15.236538,16.279896,14.629114,13.407949,9.903608,14.22166,10.320862,14.701006,14.652981,18.061466,22.475624,21.35807,26.284298,26.651342,29.68194,26.853325,24.0198,29.060219,31.180872,28.013813,28.670465,23.560976,25.478952,22.738586,21.32813,22.019718,20.682405,19.14862,19.712305,20.447424,20.237759,21.61101,22.867292,22.575352,24.449608,19.862082,18.541613,14.666603,16.251808,11.836483,13.6191435,11.611937,9.223099,12.10853,8.198988,11.495283,13.563402,12.4779415,10.492522,8.21288,12.853685,12.19441,16.100552,18.165016,21.478178,23.797228,24.108831,20.973799,19.96475,24.693348,22.816278,18.726372,19.194832,24.217522,28.43031,24.949137,21.754213,21.446276,15.443672,16.971592,13.042627,15.165678
16,33.649475,30.529003,29.014893,24.292404,23.167747,21.197435,19.117357,17.911648,13.333299,16.696016,12.347026,17.696678,13.090017,10.406314,7.3010097,4.544467,0.0,4.497476,6.4641795,9.778215,12.822552,16.1012,17.751514,21.837645,22.940262,21.92302,19.487574,15.273003,12.349257,11.254612,9.538135,10.034315,9.718091,10.636193,12.43781,16.053316,18.117985,17.254988,16.236668,13.197628,18.039146,13.955854,18.785254,17.969486,21.874998,25.423674,24.74363,29.217937,29.265688,32.71176,30.212013,27.22833,32.30981,34.735207,31.921432,32.596054,27.599873,29.439236,26.80568,25.644926,25.742542,24.336674,22.282612,22.306246,22.266287,22.166176,22.446075,23.26043,22.620325,24.007244,19.644463,17.240788,14.7119465,14.988438,11.161077,12.5538435,10.471551,10.215685,12.829017,10.688442,14.374303,17.032227,16.229736,14.222801,11.351017,15.526847,13.956136,17.112385,19.191069,22.229916,25.111534,24.91459,21.419703,21.429216,26.171864,23.612595,19.434988,21.099127,25.94726,30.441183,26.968388,23.55681,23.801466,17.498764,18.740696,14.983888,16.212505
17,29.40725,26.179125,24.949816,20.068672,19.058847,17.529701,15.39906,15.298933,11.101422,15.864818,12.415798,18.42357,14.968728,12.572862,10.244553,5.884435,4.497476,0.0,4.950742,6.641601,10.735483,13.755224,15.620506,19.533445,20.135447,19.350843,15.889726,12.800702,9.606388,10.0326395,8.035015,11.102098,11.683572,14.011531,15.369666,19.16618,20.530075,19.414833,17.397596,13.954172,18.001154,12.880631,17.156294,15.451042,19.425985,21.968803,21.680561,25.67384,25.669516,29.269497,27.040081,24.279835,29.306725,31.816214,29.554556,30.121405,25.401766,27.11381,24.880398,24.606987,23.969221,23.39309,21.14677,21.976477,20.946856,19.895174,20.04063,20.337599,19.205465,20.270275,15.453546,13.212239,10.216047,10.888159,7.1287284,9.570896,8.778535,8.525875,12.826921,11.052886,14.808533,17.862524,15.9129715,12.958903,9.013742,12.87913,10.0319805,13.000653,14.815305,17.76957,20.760487,20.5172,17.00222,17.276297,22.034649,19.563837,15.500666,17.498722,22.33459,26.930965,23.937601,20.4811,21.701988,15.194398,17.335163,14.293984,16.31998
18,31.533674,28.14744,27.768291,22.58918,21.975271,21.13338,18.915043,19.834793,15.694775,20.622738,17.00752,22.762312,19.050838,16.208427,13.6805525,9.850754,6.4641795,4.950742,0.0,4.045527,6.3825464,9.747765,11.381095,15.416479,16.627657,15.88478,13.762975,9.926747,8.0930605,7.5685716,8.64426,9.274386,12.951273,13.757697,16.628002,19.97032,21.975893,21.63323,19.656506,16.79462,21.27069,16.352219,21.246782,18.924147,23.596622,25.300163,25.685884,29.235033,29.304602,32.990864,30.911572,28.548649,33.48681,35.96231,34.03467,34.39906,29.854826,31.134766,28.843042,28.65071,27.266314,26.405407,23.595634,23.701803,21.870392,21.155231,19.997272,19.874235,18.560793,19.188913,15.287846,11.9165,11.6614,11.104748,9.23444,11.42989,11.16771,12.698266,16.496162,15.55026,19.38143,22.497267,20.811682,17.903734,13.832607,17.43226,13.678441,15.906587,17.080633,19.378687,22.697363,21.666866,17.911375,19.201323,23.641407,20.24721,16.250364,19.467648,23.776112,28.505648,25.375187,21.81808,23.355938,16.946283,18.416317,15.761394,16.688454
19,28.302258,24.927992,25.048431,19.76435,19.612259,19.187477,17.470236,19.447098,16.04829,21.656242,18.748735,24.790735,21.604866,19.066214,16.527748,12.447722,9.778215,6.641601,4.045527,0.0,4.8111215,7.2399135,9.690344,13.301375,14.208358,14.061113,10.848922,9.065735,7.817437,9.055634,10.341068,12.4530945,16.267317,17.679335,20.252165,23.692543,25.348335,24.809612,22.368612,19.293995,23.154236,17.72618,21.890688,18.966341,23.369202,23.961407,24.686863,27.537252,27.323511,31.249084,29.626753,27.308704,32.077347,34.751617,33.402752,33.76233,29.56035,30.831251,29.001581,29.551014,27.683773,27.552094,24.680721,25.406809,22.788387,21.22757,19.749918,18.891348,16.851496,16.70909,12.398655,8.42553,8.8730955,7.4791036,7.116415,9.6355,10.752564,12.842009,17.192799,16.935331,20.672346,24.095192,21.813477,18.509495,14.113648,16.848873,12.341453,13.553876,14.415597,16.316017,19.919975,18.705812,14.91223,17.018526,21.277435,17.914774,14.289341,18.154629,22.200356,26.971481,24.497175,20.982761,23.562765,17.243223,19.406452,17.481537,18.893202
20,31.301348,27.810026,28.640013,23.313925,23.310682,23.51447,21.45466,23.932156,20.38466,25.948019,22.814539,28.627771,25.33316,22.43288,20.039148,16.102509,12.822552,10.735483,6.3825464,4.8111215,0.0,3.7147083,5.3267446,9.150492,10.867834,10.759101,9.812342,7.401799,8.420878,8.662721,12.24534,12.369546,18.051975,18.46272,21.88703,24.85683,26.868988,26.937687,24.531025,21.979013,26.085844,20.976654,25.649323,22.40536,27.368925,27.473343,28.73911,31.324236,31.362513,35.162457,33.545082,31.736845,36.39633,38.88231,37.729828,37.85263,33.783115,34.59917,32.639668,33.14564,30.692799,30.233576,26.948277,27.013943,23.810362,22.67456,20.078041,18.893908,16.87395,16.349699,13.640624,9.151058,12.448993,10.745157,11.735417,13.855058,14.966409,17.524067,21.52336,21.361803,25.163122,28.497637,26.423393,23.157314,18.723148,21.612366,16.751774,17.77124,17.957212,19.172375,22.730509,20.817991,17.091852,19.772953,23.506325,19.385986,16.063213,20.633865,24.014755,28.723885,26.084822,22.622833,25.250477,19.321314,20.734856,19.225288,19.678732
21,30.692606,27.36304,28.75858,23.50248,24.036915,24.461641,23.03919,26.048912,22.982376,28.770542,25.915842,31.870775,28.611425,25.86667,23.176205,19.382763,16.1012,13.755224,9.747765,7.2399135,3.7147083,0.0,4.613482,7.006207,9.255411,10.234632,9.484562,9.426192,11.229625,12.025782,15.651964,15.973487,21.75615,22.080585,25.595772,28.543798,30.573563,30.627096,28.134125,25.51723,29.426596,24.139944,28.428453,24.942177,29.637674,29.009571,30.46664,32.468304,32.1759,36.18042,34.991177,33.11255,37.591686,40.28488,39.551655,39.722023,35.899628,36.762077,35.112297,36.01444,33.334126,33.246532,29.931244,30.221872,26.59548,25.072035,22.119976,20.361332,17.830994,16.407566,14.034603,9.083754,13.526763,10.7767725,13.097399,14.691011,16.387293,19.523481,23.41129,23.908138,27.647758,31.205116,28.97049,25.63804,21.194073,23.471693,18.529726,18.636602,18.651752,19.327278,23.050823,20.914734,17.356709,20.80831,24.155392,20.065271,17.321474,22.308424,25.278215,29.900736,27.79886,24.459005,27.716003,22.001242,23.65461,22.524534,23.055855
22,32.754635,29.102833,30.782507,25.546799,25.633808,26.810163,24.288725,27.663467,24.313204,30.052963,27.159025,32.779453,29.953794,26.863905,25.020763,20.806707,17.751514,15.620506,11.381095,9.690344,5.3267446,4.613482,0.0,4.1663203,6.1855125,6.2413235,8.214241,6.9486523,10.172821,10.535926,15.117788,14.828625,21.386946,21.72814,25.271807,27.869967,29.7186,30.163849,27.433277,25.30701,29.0976,24.176208,28.846155,25.067202,30.408886,29.537811,31.552765,33.580864,33.998096,37.53244,36.011684,35.035267,39.431805,41.59792,40.906544,40.67275,36.9735,37.16388,35.286175,36.122364,32.789337,32.39766,28.75041,28.560757,24.435326,23.294756,19.587393,17.779768,15.642847,14.498351,13.83514,9.776182,15.2592535,13.96929,16.10697,18.447424,20.03445,22.523958,26.745657,26.462843,30.235033,33.466507,31.174713,27.684803,23.083574,25.87695,20.367163,21.105772,20.31827,20.663996,23.942759,21.305834,17.920603,21.110388,24.01649,19.311083,16.70424,21.840622,24.231964,28.690102,26.225311,23.009956,26.049387,20.895235,21.876207,21.295954,21.212421
23,33.371887,29.816847,32.148792,27.083035,27.516903,29.134148,26.869492,30.789528,27.793203,33.69671,31.038519,36.694527,34.02283,30.97289,29.09062,24.8636,21.837645,19.533445,15.416479,13.301375,9.150492,7.006207,4.1663203,0.0,3.9905148,5.702215,9.125688,10.095037,13.694173,14.390568,18.948847,18.758554,25.430246,25.732332,29.322496,31.815516,33.609905,34.132736,31.267817,29.211372,32.770943,27.814367,32.211193,28.164791,33.39906,31.76667,34.127155,35.582108,35.927654,39.45773,38.253292,37.530586,41.69451,43.86055,43.59937,43.273132,39.875164,39.886368,38.247574,39.439644,35.707455,35.588776,31.852726,31.75098,27.137754,25.747778,21.568888,19.21261,16.775993,14.779885,15.233293,11.476531,17.774817,16.16057,19.125944,21.245699,23.221474,25.9645,30.195421,30.22766,33.96444,37.298748,34.84279,31.250254,26.60696,29.023592,23.339872,23.492455,22.319942,22.038792,25.2155,22.239101,19.226345,22.951653,25.233368,20.486885,18.628004,24.024645,25.74775,29.954472,27.977764,25.008907,28.542448,23.864618,24.873373,24.791483,24.646141
24,31.404438,27.672594,30.295078,25.4031,25.65367,27.970675,25.22505,29.711763,27.025152,33.022903,30.810638,36.3263,34.329235,31.315931,30.035774,25.369375,22.940262,20.135447,16.627657,14.208358,10.867834,9.255411,6.1855125,3.9905148,0.0,3.2327776,6.666054,9.312919,12.978893,14.481739,18.5479,19.451187,25.700508,26.829388,29.85563,32.428375,33.702587,34.08666,30.801416,28.788506,31.785917,26.84733,30.855778,26.494068,31.738367,29.4452,32.2512,33.347477,34.07479,37.26953,36.071953,36.029633,39.952076,41.78523,41.834885,41.246418,38.17921,37.773968,36.302048,37.865314,33.620335,33.833305,30.051104,30.257698,25.143778,23.340336,18.94978,16.171654,13.530208,11.184103,12.724204,10.052676,16.74046,16.134663,19.327648,21.981972,24.307838,26.478437,31.172815,30.803911,34.425602,37.60453,34.78291,30.960443,26.248938,28.53244,22.44846,22.611013,20.719465,19.98321,22.751991,19.481678,16.812187,20.510101,22.24936,17.388037,16.067234,21.500639,22.631107,26.620695,24.92677,22.182669,26.124296,21.99407,23.154116,23.729803,23.863249
25,32.56943,28.64267,30.945597,26.012236,25.78545,28.184265,24.718649,29.009615,26.002768,31.800386,29.47438,34.719063,32.917114,29.746489,28.961971,24.161077,21.92302,19.350843,15.88478,14.061113,10.759101,10.234632,6.2413235,5.702215,3.2327776,0.0,6.724007,7.277694,11.220112,12.374981,16.601278,17.26499,23.561996,24.787668,27.668152,30.067486,31.19814,31.740942,28.407898,26.672403,29.642538,25.013407,29.31742,24.994783,30.612413,28.671638,31.559683,33.028694,34.20312,37.10707,35.518764,35.83002,39.829823,41.350243,41.149128,40.38645,37.224567,36.533485,34.790905,36.096115,31.716522,31.590923,27.691385,27.566528,22.424133,21.016708,16.405252,13.924128,11.856543,10.442893,12.51937,10.478525,16.755512,16.996403,19.538124,22.58193,24.608309,26.332798,31.136215,30.217691,33.840736,36.76846,34.029247,30.219677,25.514555,28.250343,22.076212,22.917984,20.907003,20.426737,22.940128,19.67645,16.951698,20.008904,21.833752,16.701777,15.050367,20.256084,21.384726,25.366781,23.124857,20.358362,23.815845,19.883877,20.579374,21.2885,21.109613
26,26.078926,22.129782,24.24497,19.288736,19.17497,21.668903,18.5974,23.315569,21.003176,27.10367,25.438292,30.963882,29.57947,26.871864,26.01327,20.999353,19.487574,15.889726,13.762975,10.848922,9.812342,9.484562,8.214241,9.125688,6.666054,6.724007,0.0,6.8976007,8.848841,11.980525,14.342932,17.507256,22.30299,24.728468,26.798786,29.844313,30.53049,30.304443,26.687302,24.249516,26.676275,21.415543,24.770819,20.306812,25.243814,22.85468,25.592402,26.763208,27.609919,30.73098,29.439419,29.45458,33.373848,35.150425,35.17597,34.611294,31.585386,31.28958,29.998394,31.858067,27.749628,28.48713,24.981337,26.053324,21.115595,18.468855,15.062158,12.304352,9.027255,6.9403925,6.175459,4.180401,10.5781,11.443009,14.353695,17.670029,20.263271,21.552883,26.713873,25.927896,29.324846,32.367443,29.155066,25.161745,20.47663,22.513712,16.21846,16.54447,14.290491,13.742149,16.487183,13.447658,10.432488,13.938691,16.149734,11.455425,9.717573,15.215305,16.909983,21.240358,19.700264,16.750607,21.151678,16.6575,18.795004,19.399052,20.638216
27,31.137188,27.121765,28.19331,23.063448,22.160307,23.784819,19.762896,23.078295,19.470104,25.000938,22.379492,27.557842,25.696245,22.496101,22.05151,17.105076,15.273003,12.800702,9.926747,9.065735,7.401799,9.426192,6.9486523,10.095037,9.312919,7.277694,6.8976007,0.0,4.100564,5.4823036,9.358215,10.906226,16.521019,18.386833,20.804186,23.530727,24.543058,24.791582,21.51926,19.544285,22.817415,18.122444,22.893518,18.995937,24.844294,24.317543,26.549343,29.068453,30.3722,33.255333,31.10291,30.975534,35.356518,36.87034,35.908577,35.316795,31.622288,31.26799,29.108452,29.823444,26.164429,25.621035,21.883839,21.784464,17.543415,16.448421,13.033179,11.859224,10.494945,11.132142,10.396726,8.41249,12.371638,13.734706,14.592687,18.121935,19.500063,20.418692,25.273544,23.643362,27.23434,29.907303,27.352394,23.676928,19.059973,22.456713,16.579672,18.5973,17.219837,17.925985,20.527584,18.049816,14.71683,16.532095,19.598372,14.764039,11.513109,16.056746,18.639732,23.123016,19.970013,16.659777,19.184446,14.110088,14.957366,14.721585,14.972446
28,29.704247,25.722008,26.067308,20.99059,19.67493,20.874142,16.547846,19.301151,15.471265,20.911633,18.31947,23.52088,21.843454,18.75394,18.643534,13.468575,12.349257,9.606388,8.0930605,7.817437,8.420878,11.229625,10.172821,13.694173,12.978893,11.220112,8.848841,4.100564,0.0,4.12684,5.645302,9.348677,13.462416,16.27288,17.96769,21.060055,21.766748,21.582563,18.217024,15.875151,19.10296,14.171882,18.982197,15.319138,21.143673,21.3725,23.181675,26.220343,27.579126,30.4023,27.993288,27.6416,32.16442,33.664223,32.34752,31.862957,27.936563,27.814903,25.528164,26.05064,22.85263,22.305815,18.803839,19.097816,15.53531,14.299974,12.187461,11.809737,10.808842,12.283144,9.90728,8.647729,10.105047,12.489054,12.14087,15.9875765,17.055048,17.186409,22.172825,20.041958,23.522846,26.027328,23.417843,19.75072,15.198325,18.880726,13.223347,15.972395,14.947276,16.337162,18.8205,16.963284,13.530448,14.396771,18.09129,13.836264,9.887365,13.598207,17.052404,21.680304,18.283272,14.77573,16.858078,11.053529,12.451817,11.577538,12.688719
29,33.662,29.738712,29.872667,24.786345,23.413506,24.125797,19.846014,21.70413,17.291265,22.069485,18.746004,23.593111,21.293562,17.845768,17.731253,13.030803,11.254612,10.0326395,7.5685716,9.055634,8.662721,12.025782,10.535926,14.390568,14.481739,12.374981,11.980525,5.4823036,4.12684,0.0,5.451257,5.553707,11.249214,12.947903,15.396509,18.126835,19.405981,19.768927,16.937765,15.108829,19.151306,14.952147,20.584003,17.5559,23.55312,24.683517,26.177958,29.688763,31.08534,33.857338,31.188927,30.642847,35.312836,36.76073,34.997646,34.55633,30.346884,30.25786,27.553137,27.319319,24.54113,23.109186,19.559162,18.790785,15.951423,16.02005,13.830885,14.174779,13.941793,15.680972,13.977503,12.207308,13.703951,15.364328,14.437421,17.822163,18.120398,18.430548,22.823652,20.49567,24.070091,26.378752,24.403584,21.151716,16.902737,21.129137,16.16089,19.245783,18.73931,20.36274,22.865395,21.079988,17.65221,18.310696,22.019663,17.73306,13.798647,17.012001,20.44523,24.916885,20.970537,17.546392,18.455648,12.856409,12.956451,11.285937,11.080727
30,31.71979,27.876766,27.166649,22.406427,20.433765,20.792747,15.983923,16.991312,12.351309,16.786602,13.677825,18.405224,16.811077,13.552047,14.522917,9.351594,9.538135,8.035015,8.64426,10.341068,12.24534,15.651964,15.117788,18.948847,18.5479,16.601278,14.342932,9.358215,5.645302,5.451257,0.0,7.0275803,8.191368,12.223481,12.804199,16.13108,16.51402,16.038786,12.782103,10.30875,14.057013,9.535436,15.240826,12.64283,18.551426,20.65773,21.66035,25.760382,27.401361,29.866592,26.839249,26.30088,31.001913,32.24211,30.08226,29.67158,25.280993,25.32435,22.46182,22.01004,19.758793,18.377895,15.213265,15.18632,13.376587,13.179289,12.956742,14.147759,14.326425,16.79086,13.945207,13.447821,12.245124,15.27298,13.039083,16.697376,16.678385,15.524635,20.096987,16.811613,20.054583,21.937302,19.75477,16.495924,12.526286,17.109585,12.712087,16.733965,16.47316,18.705765,20.730053,19.71834,16.541378,15.8397255,19.923119,16.572786,12.365899,13.975517,18.147314,22.52249,18.421808,15.002059,15.1883745,9.013907,9.864277,7.223688,8.863763
31,38.012035,34.21066,33.728317,28.771917,27.145897,27.11085,22.863615,23.31542,18.36828,21.908657,17.833282,21.892313,18.946154,15.231031,15.473551,11.839988,10.034315,11.102098,9.274386,12.4530945,12.369546,15.973487,14.828625,18.758554,19.451187,17.26499,17.507256,10.906226,9.348677,5.553707,7.0275803,0.0,7.504506,7.6100144,10.75768,13.071067,15.090409,15.985518,14.169077,13.023674,17.933023,14.968394,21.198814,19.297892,25.118841,27.665117,28.517744,32.760124,34.208652,36.828194,33.768135,32.88947,37.71119,39.058136,36.584206,36.26921,31.680084,31.78142,28.58153,27.282915,25.468483,22.996408,19.781794,17.948792,16.855726,18.305004,17.001621,18.327713,18.842442,21.034384,19.226877,17.463486,17.890589,19.35449,17.340027,20.163055,19.379002,19.307568,22.764858,19.906912,23.316555,25.113707,24.034687,21.497171,17.986847,22.746529,18.981693,22.629898,22.80497,24.92111,27.312075,25.935263,22.54866,22.554354,26.474588,22.553633,18.479961,20.701603,24.41462,28.673565,24.187956,20.915249,20.293915,15.018119,14.001487,11.05102,9.5828905
32,38.29807,34.71365,33.130318,28.747017,26.491241,25.743574,21.277113,19.912594,14.837929,16.468622,12.2078495,15.010153,12.535192,8.797014,11.388989,8.628035,9.718091,11.683572,12.951273,16.267317,18.051975,21.75615,21.386946,25.430246,25.700508,23.561996,22.30299,16.521019,13.462416,11.249214,8.191368,7.504506,0.0,6.0485,4.6190357,8.164403,9.087248,8.933829,7.581334,6.357292,11.790171,10.315145,16.423204,16.17427,21.189001,25.509295,25.424873,30.50852,32.205734,34.304707,30.73731,29.736465,34.501038,35.49657,32.215805,32.011353,27.143225,27.494751,23.90462,21.565956,21.217422,18.106573,15.869583,14.179362,15.6845045,17.566723,18.546417,20.846277,21.898989,24.76948,22.075436,21.36262,19.395624,21.85921,18.46046,21.11751,19.59304,17.742079,20.590122,16.33045,18.983694,19.713858,19.13739,17.34135,15.121346,20.157505,18.073898,22.54601,23.229143,25.96971,27.759,27.299463,24.291334,22.86307,26.971598,24.194368,20.089777,20.379282,24.589022,28.438002,23.758413,20.802902,18.674057,13.836022,12.821773,8.474118,8.280599
33,42.681175,39.161358,37.796818,33.149403,31.317972,30.211672,26.429491,25.029303,19.929094,21.505016,16.812515,19.43955,15.52191,12.00268,12.628767,11.620786,10.636193,14.011531,13.757697,17.679335,18.46272,22.080585,21.72814,25.732332,26.829388,24.787668,24.728468,18.386833,16.27288,12.947903,12.223481,7.6100144,6.0485,0.0,5.3974986,7.0055494,10.625547,11.8383665,12.3873625,12.055251,17.46028,16.287409,22.296574,22.06059,26.966316,31.21682,31.04389,36.055023,37.3304,39.81497,36.442394,34.875782,39.77753,41.126633,37.765736,37.78599,32.800083,33.446705,29.86964,27.30184,27.219437,23.858774,21.60257,19.168438,20.550064,22.846178,22.88818,24.9015,25.767988,28.229715,25.786455,24.056156,23.03876,24.30362,21.121614,23.08524,21.064354,20.325876,22.194738,18.831299,21.633091,22.580616,22.881588,21.588129,19.465563,24.35216,22.462414,26.474041,27.547726,30.251196,32.52426,31.800611,28.485357,27.80437,32.016945,28.774826,24.58528,25.71603,29.853289,33.87124,29.15222,26.093407,24.166588,19.33772,17.939753,13.935327,12.311356
34,42.371685,38.907635,37.010002,32.799397,30.48415,29.3288,25.112682,22.922636,17.997633,18.25895,13.892002,15.134638,12.291117,8.964363,12.045763,11.3129225,12.43781,15.369666,16.628002,20.252165,21.88703,25.595772,25.271807,29.322496,29.85563,27.668152,26.798786,20.804186,17.96769,15.396509,12.804199,10.75768,4.6190357,5.3974986,0.0,3.9742672,5.9876847,6.4862566,7.7697864,8.134143,13.1065,13.400305,18.945608,19.631083,24.042381,29.099901,28.590897,33.965305,35.64831,37.575195,33.839397,32.644287,37.350895,38.228516,34.486767,34.388157,29.424063,29.908707,26.103968,22.931631,23.531223,19.759174,18.14497,15.75087,18.599781,21.16451,22.440641,25.027693,26.33571,29.307981,26.691206,25.873707,23.76749,25.978231,22.302912,24.50234,22.440334,20.468851,22.319054,17.930645,20.064613,20.095457,20.504572,19.584051,18.266182,23.167902,21.993593,26.478804,27.475483,30.352993,32.071247,31.782597,28.82448,27.213797,31.296017,28.69074,24.630243,24.577623,28.72308,32.337936,27.509766,24.77806,21.908352,17.789204,16.246315,12.007661,11.052374
35,46.225098,42.707195,40.851044,36.666996,34.275433,33.236374,28.846804,26.627151,21.780687,21.592592,17.425985,17.709013,15.231768,12.326749,15.4393635,15.236538,16.053316,19.16618,19.97032,23.692543,24.85683,28.543798,27.869967,31.815516,32.428375,30.067486,29.844313,23.530727,21.060055,18.126835,16.13108,13.071067,8.164403,7.0055494,3.9742672,0.0,4.591105,6.910414,9.456526,11.148438,15.38166,16.697678,22.058363,22.914454,27.327307,32.463085,32.04116,37.46061,39.358856,41.065594,37.175224,36.25733,40.868473,41.49398,37.618664,37.384384,32.513268,32.711746,28.742813,25.176031,25.828714,21.529917,20.043272,16.809303,20.188622,23.448647,24.584515,27.406036,29.057087,32.185703,30.049854,29.256063,27.5383,29.722103,26.169697,28.331923,26.188795,24.344904,25.898682,21.566856,23.477,23.143566,23.941969,23.302248,22.188143,27.063747,25.906717,30.419546,31.292963,34.08185,35.706787,35.294994,32.380756,30.721478,34.627037,31.883642,27.902906,27.791248,31.647524,35.051395,29.990961,27.455946,24.031507,20.626331,18.381151,14.532562,12.629335
36,45.5345,41.99416,39.95251,36.111755,33.353832,32.6356,27.722391,25.383505,20.858406,19.989782,16.547611,15.721859,14.981853,12.449434,16.997871,16.279896,18.117985,20.530075,21.975893,25.348335,26.868988,30.573563,29.7186,33.609905,33.702587,31.19814,30.53049,24.543058,21.766748,19.405981,16.51402,15.090409,9.087248,10.625547,5.9876847,4.591105,0.0,3.5855153,6.3487725,9.317336,12.203311,14.898917,19.663729,20.922548,25.093212,30.41449,30.04423,35.522182,37.915207,39.060684,34.90061,34.67478,39.013565,39.099205,35.14857,34.62216,29.980585,29.694994,25.581377,21.720186,22.424982,17.7643,16.693708,13.31654,17.740328,21.250898,23.184048,26.39229,28.435318,31.935308,29.975328,29.960886,27.8036,30.750471,27.153612,29.673565,27.799545,25.264576,27.197649,22.302519,23.82364,22.958515,23.419418,22.753235,21.958021,26.724796,25.657375,30.411228,30.932194,33.65055,34.76437,34.533283,31.976429,29.678274,33.26403,30.925924,27.20044,26.257418,29.83273,32.796024,27.674519,25.517159,21.356972,18.92022,16.413713,12.947588,11.477377
37,43.31371,39.928032,37.545784,33.95625,31.11048,30.128149,25.399166,22.532621,18.252491,16.732002,13.555596,12.1804,12.035197,9.927922,15.177775,14.629114,17.254988,19.414833,21.63323,24.809612,26.937687,30.627096,30.163849,34.132736,34.08666,31.740942,30.304443,24.791582,21.582563,19.768927,16.038786,15.985518,8.933829,11.8383665,6.4862566,6.910414,3.5855153,0.0,4.630837,7.108779,9.509854,12.615718,16.793556,18.64336,22.217474,27.995588,27.229847,32.84811,35.149643,36.218666,32.047977,31.62461,35.903885,36.007217,31.886518,31.497997,26.783363,26.787016,22.715267,18.684992,20.106642,15.687821,15.177749,12.793029,17.578403,20.484474,23.1029,26.259962,28.113485,31.582628,29.102074,29.318893,26.407217,29.555614,25.681879,28.116415,26.209547,23.173698,25.019985,19.85861,21.037277,19.876102,20.289577,19.830643,19.519285,24.075844,23.595299,28.381119,29.087276,31.961483,32.92636,33.054783,30.634926,28.022736,31.682384,29.833029,26.15398,24.72698,28.532349,31.439291,26.57247,24.45645,20.380163,17.807705,15.998593,12.337987,12.153665
