,0,1,2,3,4,5,6,7,8,9,10,11,12,13,14,15,16,17,18,19,20,21,22,23,24,25,26,27,28,29,30,31,32,33,34,35,36,37,38,39,40,41,42,43,44,45,46,47,48,49,50,51,52,53,54,55,56,57,58,59,60,61,62,63,64,65,66,67,68,69,70,71,72,73,74,75,76,77,78,79,80,81,82,83,84,85,86,87,88,89,90,91,92,93,94,95,96,97,98,99,100,101,102,103,104,105,106,107,108,109,110,111
0,0.0,4.288804,7.35122,9.811274,12.440688,14.318006,17.914806,22.44026,25.10161,27.333399,31.569485,34.52565,37.862823,36.22773,30.81288,29.706331,25.805136,25.731863,18.75933,18.625015,15.437878,14.132987,12.406912,16.789705,19.391008,19.844875,22.864918,22.84349,27.340422,24.99626,33.200954,28.858526,35.96904,34.419365,37.45272,40.018295,38.617477,37.921963,33.71135,30.993809,34.32353,30.258038,34.039516,32.083412,27.358494,29.67853,25.044466,25.990765,23.884464,27.049505,30.366613,32.54701,35.50083,38.720825,39.081627,35.4647,37.47248,39.818066,43.830418,44.6375,41.925625,38.66295,41.58421,39.446754,44.046143,43.520695,37.829987,40.290737,39.899105,37.305073,37.03424,35.332073,37.966118,35.695538,41.36972,38.48521,43.34468,44.067074,41.82357,45.326794,39.502693,44.113087,40.283752,36.351597,32.69291,31.568827,27.432974,28.096996,23.52026,24.368666,23.501427,22.192646,24.737425,21.993938,18.394787,18.023941,17.654573,19.79503,23.251228,23.604456,28.35574,30.878698,32.59519,35.40467,37.636242,40.38409,38.016243,42.861305,36.97211,40.35736,38.120525,40.385742
1,4.288804,0.0,4.3303328,6.8996363,8.672383,11.342175,14.504313,18.693773,21.487827,23.40164,27.86022,30.828218,34.1192,32.445984,27.059923,25.818563,22.031513,21.766483,15.241883,14.768252,12.15662,10.437561,9.6692705,14.115054,16.262192,16.990189,19.417946,19.49134,23.742723,21.650665,29.640285,25.508238,32.597034,31.103615,34.370537,36.86671,35.85817,35.217297,30.862463,28.000744,31.359297,27.274797,30.809422,28.800043,24.452293,26.416191,22.337118,23.060211,21.606146,24.627441,27.835224,29.724861,33.084305,35.961227,36.64732,33.013584,34.543594,36.80978,40.997654,41.502666,38.56196,35.365013,38.50117,36.508335,41.095947,40.15587,34.56801,37.332397,36.568253,33.829517,33.53395,31.569902,34.125896,31.83348,37.463127,34.515514,39.47116,40.04181,37.817493,41.269188,35.39386,40.02189,36.253727,32.270103,28.548725,27.37015,23.2103,23.906649,19.384129,20.38233,19.81943,18.671865,21.486767,19.00407,15.328563,14.530869,13.789695,15.690642,19.159187,19.325886,24.10405,26.626034,28.312317,31.152544,33.433617,36.13393,33.742973,38.62254,32.770657,36.204926,34.10038,36.43131
2,7.35122,4.3303328,0.0,4.9521093,6.844653,7.42345,11.968312,15.296869,18.444735,20.380617,24.576763,27.776272,31.307442,30.334166,24.93797,24.270258,20.643204,20.793243,15.215631,15.066505,13.5653715,11.789366,12.38809,16.462048,18.088856,18.788412,20.18098,19.780014,23.495113,21.093746,28.55769,24.066458,30.90343,28.76596,32.241108,34.266975,33.31322,33.094254,28.614845,25.95968,29.945278,26.337545,29.8454,28.338015,24.529882,26.650358,23.244112,24.440166,23.594969,26.72774,29.850351,31.211037,34.83521,37.384182,38.126118,34.337208,35.455093,37.365402,41.9241,41.880466,38.582306,35.84221,39.5167,37.88708,42.497593,40.88469,35.63002,38.943523,37.76226,34.786865,34.564686,32.110012,34.401173,31.869806,37.357227,33.950405,38.93249,39.046467,36.544594,39.603355,33.69084,37.92393,33.862408,30.207891,26.472252,25.817259,21.337252,23.1115,18.972065,20.591919,20.78285,19.82795,22.985931,20.739632,17.276136,15.785117,14.13046,15.610082,18.744125,17.984806,22.954193,24.408575,26.748102,29.026945,31.121197,34.211033,32.05176,37.3456,31.82789,35.568207,33.944336,36.451122
3,9.811274,6.8996363,4.9521093,0.0,3.8069,6.040288,8.167976,13.602887,15.496956,18.331,22.204111,24.9349,28.240332,26.837606,21.401121,20.903723,17.032282,17.793604,11.725805,12.917543,11.35175,10.921545,11.704191,14.87461,16.583979,16.438076,17.45356,16.262806,20.007763,16.982908,24.610052,19.790571,26.698967,24.730692,27.91917,30.273537,29.072506,28.582375,24.208532,21.519518,25.350056,21.754356,25.497091,24.211182,20.258791,22.95519,19.436258,21.567078,20.683582,24.26219,27.459032,28.370287,31.76593,34.35559,34.687622,30.715715,31.975336,33.620316,38.337177,38.163857,34.91209,32.4991,36.48716,35.16177,39.89066,38.09437,33.13203,36.868828,36.0123,32.927063,33.39516,30.826294,32.70778,29.596306,35.100777,31.27921,35.956844,36.2233,33.522064,36.6716,30.959194,35.202038,31.130594,27.477337,24.047104,23.576063,19.372253,21.440603,17.432648,19.851076,20.216831,20.270573,23.493813,21.973488,18.219942,16.80477,15.228582,15.490886,18.986635,17.39567,22.349876,23.1756,25.358643,27.385769,29.18647,32.29932,30.378126,35.528328,30.099762,34.18866,32.51086,35.536095
4,12.440688,8.672383,6.844653,3.8069,0.0,6.1473217,6.0499997,11.095624,13.04632,15.362222,19.666485,22.350208,25.526636,23.876886,18.463566,17.610956,13.858508,14.261465,8.919564,9.676356,9.250671,8.628839,10.653288,13.214699,14.216621,14.353587,14.543633,13.533974,16.907305,14.35832,21.715712,17.329466,24.242218,22.541485,26.006638,28.374146,27.730606,27.207977,22.712883,19.780043,23.433813,19.723099,23.061962,21.58031,18.1219,20.217356,17.444317,19.128899,19.012566,22.243187,25.221247,25.863703,29.626854,31.838747,32.553253,28.668161,29.408398,31.025772,35.821976,35.419292,31.981964,29.555689,33.64835,32.424683,37.079258,34.96084,30.095074,34.027306,32.83211,29.65755,30.088491,27.32459,29.126862,26.041307,31.492132,27.691761,32.486496,32.662155,30.04953,33.235527,27.441656,31.824848,27.898256,24.06854,20.532639,19.870934,15.680026,17.652664,13.7314625,16.370777,17.084011,17.451796,20.781677,19.68453,16.106447,14.394625,12.5535145,12.16998,15.59691,13.720909,18.631613,19.589926,21.591124,23.774338,25.68833,28.65444,26.648046,31.756243,26.304745,30.397236,28.796242,31.861832
5,14.318006,11.342175,7.42345,6.040288,6.1473217,0.0,6.797696,9.103613,11.9211445,14.458435,17.884932,21.120735,24.850409,24.752834,19.48049,19.903254,16.658154,17.824198,14.236424,15.197701,15.386717,14.434842,16.472004,19.34334,20.223577,20.433466,20.090029,18.667387,21.237564,18.264608,24.467058,19.474937,25.651535,22.631413,26.271286,27.686295,26.818363,27.133297,22.57032,20.278843,25.064068,22.37531,25.738285,25.180044,22.416082,24.856339,22.678768,24.860062,24.936184,28.245945,31.156013,31.482954,35.279507,37.281315,37.910316,33.924477,34.428158,35.622074,40.704163,39.764706,36.019268,34.20803,38.75054,37.855854,42.46079,39.78811,35.3153,39.579937,38.018745,34.71468,35.034786,31.886717,33.46253,30.298216,35.424747,31.167706,35.882202,35.39453,32.40264,34.859417,29.12602,32.68061,28.223185,25.15999,21.710306,22.060068,17.473711,21.080555,17.934822,20.831392,22.1398,22.157253,25.612955,24.2659,21.039806,18.929977,16.439365,16.351757,18.954279,16.274443,21.14739,20.357569,23.530266,24.66095,26.196163,29.84372,28.259619,33.95918,29.14588,33.477398,32.56405,35.613373
6,17.914806,14.504313,11.968312,8.167976,6.0499997,6.797696,0.0,7.678278,7.6573925,11.237108,14.635971,16.956478,20.126688,18.880701,13.473095,13.740225,10.2370615,12.094288,9.259354,11.543353,12.609219,13.042018,15.574719,16.867464,17.25246,16.73542,15.29282,13.070498,15.077517,11.735112,17.79194,12.725997,19.168434,16.802862,20.34264,22.4374,21.80836,21.55128,16.960928,14.20843,18.536018,15.657748,18.94875,18.465225,16.055422,18.620766,17.100163,19.90877,20.54451,23.876892,26.57847,26.214336,29.914873,31.650087,32.10569,28.078178,28.340277,29.219044,34.4482,33.26028,29.49577,28.024715,32.88917,32.392857,36.997955,34.005398,29.974354,34.71463,33.36811,29.976557,31.05721,27.800581,28.834763,25.079132,30.126703,25.502167,29.882547,29.628292,26.528309,29.25851,23.727694,27.558418,23.319283,19.969345,16.890108,17.215649,13.264348,16.898418,14.215982,17.972843,19.539255,20.823647,24.162525,23.843994,20.58533,18.640612,16.46136,14.802698,17.560097,14.086204,18.503988,17.311308,19.80857,20.873537,22.146227,25.524202,24.12646,29.40948,24.658289,29.288393,28.262648,31.875605
7,22.44026,18.693773,15.296869,13.602887,11.095624,9.103613,7.678278,0.0,5.162413,5.5105357,9.439883,13.016687,16.805708,17.522491,12.860655,13.867924,12.206658,13.36051,14.509252,14.980688,17.68076,16.863556,20.358524,21.762589,21.183243,21.64863,19.11484,17.678627,18.034925,16.133657,19.466343,15.558359,20.302021,16.993109,21.34689,21.936958,22.55847,23.388754,18.783897,16.60182,21.42418,19.67467,21.691492,21.663979,21.072708,22.293161,22.582684,24.282581,26.054201,28.563747,30.751682,30.03662,34.34661,35.2222,36.479637,32.76642,31.8868,32.47713,37.80849,35.838192,31.53295,30.485884,35.564007,35.359463,39.579018,35.68483,32.157093,37.115772,34.6516,31.154436,31.574049,27.734688,28.580835,25.34081,29.68942,25.042189,29.629267,28.293003,25.164328,26.92234,21.243462,24.232077,19.682701,17.025469,13.626467,14.866408,10.407205,15.791044,14.593426,18.166782,20.755882,21.59182,24.971647,24.773882,22.441349,19.831182,16.836916,15.096849,16.187584,11.766107,15.524699,12.289152,16.207924,16.216537,17.432673,21.395102,20.226826,26.227827,22.31039,26.891499,26.932924,30.177523
8,25.10161,21.487827,18.444735,15.496956,13.04632,11.9211445,7.6573925,5.162413,0.0,5.0150642,7.0240235,9.446642,12.966228,13.30568,8.567792,10.6839485,9.378074,11.811333,13.97136,15.650607,18.41534,18.64162,21.954355,22.523891,21.905334,21.631046,18.516235,16.246948,15.816454,13.3894005,15.535949,11.26323,15.459031,11.886164,16.193247,16.981325,17.575106,18.278694,13.698938,11.588724,16.551102,15.444094,17.348335,18.053125,18.112686,19.751442,20.625902,23.194777,25.12427,27.797909,29.855894,28.522299,32.490208,33.21084,34.039516,30.261284,29.312151,29.392096,34.892006,32.566746,28.249657,27.879322,33.361046,33.64088,37.849674,33.635303,30.704685,36.104492,33.981422,30.442242,31.648355,27.765577,27.999346,24.106297,28.209711,22.991116,26.99984,25.707418,22.212305,23.898735,18.623455,21.393488,16.722403,14.297694,11.705982,13.6405525,10.24103,15.934564,15.400991,19.559063,22.17118,23.867485,27.096981,27.467548,24.977118,22.631176,20.00266,17.51715,18.817043,14.06341,17.141865,12.991344,16.359106,15.659011,16.1318,20.103941,19.494385,25.116816,21.638224,26.56795,26.653341,30.447107
9,27.333399,23.40164,20.380617,18.331,15.362222,14.458435,11.237108,5.5105357,5.0150642,0.0,5.3832974,8.554064,11.995786,12.98569,9.245021,10.667012,10.715057,11.803594,15.939438,16.326061,19.949747,19.523567,23.332878,23.7862,22.522709,22.913963,19.285337,17.84133,16.638266,15.631401,16.478218,13.836106,17.06486,14.004168,18.56758,18.746746,20.473581,21.41194,17.1266,15.1272335,19.35919,18.33421,19.23107,19.583162,20.507465,20.901512,22.741795,24.192265,26.82741,28.816568,30.49025,29.083403,33.47951,33.646973,35.16867,31.720102,30.03262,30.164812,35.526947,32.93101,28.384413,27.945847,33.276066,33.579422,37.474495,32.872917,30.13077,35.466496,32.623726,29.09668,29.783684,25.644243,25.833626,22.48019,26.136375,21.221869,25.497126,23.649483,20.421646,21.717768,16.18487,18.799665,14.240214,11.841959,8.720595,10.89861,7.4274435,13.703577,14.215758,17.980219,21.089565,22.596169,25.68453,26.28893,24.457813,21.8775,19.0441,16.402906,16.611525,11.625602,13.782504,8.479826,12.53065,11.397763,12.143173,16.287146,15.5778885,21.578304,18.456339,23.202673,23.857683,27.320662
10,31.569485,27.86022,24.576763,22.204111,19.666485,17.884932,14.635971,9.439883,7.0240235,5.3832974,0.0,4.1337414,8.166154,11.583611,9.4964695,12.641566,13.6028385,15.532035,20.06945,21.131443,24.593634,24.54268,28.198526,28.499945,27.321924,27.334103,23.485975,21.527582,19.707338,18.35129,17.31925,14.790561,15.959011,11.79478,16.136261,15.022197,17.148426,18.894865,15.125391,14.178818,18.670774,19.109943,19.574427,21.056194,22.82464,23.562578,25.907663,28.010164,30.683561,32.798042,34.350838,32.46257,36.56254,36.47356,37.67464,34.24477,32.37031,31.877396,37.339584,34.16033,29.54644,30.054544,35.729355,36.561504,40.289394,35.197796,33.244392,38.907616,36.11098,32.602463,33.695045,29.462215,29.074522,25.465773,28.417137,23.103018,26.55504,24.17138,20.570534,20.801805,16.21819,17.252317,12.275731,11.713321,10.275737,13.704286,11.706672,17.943554,19.096035,22.956276,26.118979,27.852278,30.861994,31.620537,29.790094,27.243351,24.425922,21.732283,21.82569,16.82587,18.297514,11.785197,15.700699,12.897365,12.216129,16.704687,17.107512,22.78558,20.987768,25.763083,26.992283,30.6184
11,34.52565,30.828218,27.776272,24.9349,22.350208,21.120735,16.956478,13.016687,9.446642,8.554064,4.1337414,0.0,4.1416383,8.536733,8.223393,12.001025,13.846914,16.073622,21.370466,22.812344,26.342312,26.768194,30.338465,30.09537,28.787447,28.461712,24.258339,22.042694,19.496326,18.31747,15.493094,13.767703,13.1228075,9.049325,13.072934,11.5349,14.456742,16.22205,13.075623,12.640224,16.409435,17.75755,17.504337,19.613493,22.262522,22.882544,25.914467,28.272343,31.162058,33.150375,34.453358,32.09239,35.9176,35.515476,36.52992,33.244045,31.103685,30.139961,35.573788,31.996624,27.401608,28.590065,34.435013,35.702312,39.236347,33.82455,32.548313,38.43863,35.787907,32.340454,33.921967,29.71461,28.799185,24.917442,27.338669,21.778103,24.516024,21.985304,18.18023,17.969625,14.15571,14.466766,9.494117,9.912803,9.973872,13.794426,13.146578,18.906733,20.63683,24.590555,27.738104,29.946377,32.772602,33.93164,32.13283,29.749063,27.161024,24.093517,24.179026,19.20615,20.062008,13.441831,16.473103,13.108124,11.560252,15.684633,16.749735,21.750822,20.6962,25.48592,26.880968,30.768019
12,37.862823,34.1192,31.307442,28.240332,25.526636,24.850409,20.126688,16.805708,12.966228,11.995786,8.166154,4.1416383,0.0,6.475187,8.866693,12.427333,15.167014,17.250204,23.328457,24.831955,28.501663,29.22536,32.76282,32.002487,30.469618,29.970688,25.433584,23.215746,19.936602,19.28679,14.579851,14.265256,11.553899,8.561055,11.731603,9.825711,13.854435,15.405273,13.227205,13.2101555,15.636975,17.746635,16.493387,19.014015,22.625935,22.804502,26.626814,28.915648,32.111404,33.793068,34.74786,31.947042,35.543148,34.699722,35.68945,32.680054,30.121819,28.712204,33.994194,29.986702,25.42892,27.288877,33.166237,34.862656,38.079174,32.317837,31.804659,37.820946,35.195255,31.870651,33.810486,29.659847,28.213974,24.268232,25.958511,20.361702,22.284225,19.50368,15.64485,14.777583,12.0539665,11.339349,6.742482,8.608359,10.367961,14.190479,14.913051,19.915287,22.289633,26.127647,29.268185,31.844595,34.422913,35.988647,34.36376,32.125156,29.756165,26.390001,26.290115,21.475315,21.581526,15.066476,17.133135,13.352809,11.053223,14.425469,16.162294,20.252218,20.13692,24.735216,26.38334,30.384043
13,36.22773,32.445984,30.334166,26.837606,23.876886,24.752834,18.880701,17.522491,13.30568,12.98569,11.583611,8.536733,6.475187,0.0,5.437075,7.7275357,11.136139,13.031089,19.56621,21.242702,24.859932,26.148935,29.445017,27.915194,26.226967,25.390356,20.64018,18.404781,14.501408,14.488769,8.328019,9.746147,6.633913,6.999956,9.851752,10.839517,14.39895,14.187749,12.000583,10.870762,11.345892,12.776284,10.654711,12.876433,17.161282,16.816437,21.253187,23.43061,26.824705,28.23788,28.95798,25.884296,29.28058,28.344027,29.264906,26.360878,23.686773,22.239862,27.543715,23.659636,19.098637,20.911352,26.848139,28.632156,31.89035,26.27205,25.819918,31.912209,29.726048,26.457233,28.972479,25.091436,23.432753,19.022665,20.9489,15.113556,16.935987,15.038509,11.017543,11.945012,8.679288,10.476183,7.246856,6.1281867,8.391676,11.039841,12.914646,16.449425,18.891813,22.698427,25.499308,28.647223,30.945177,32.930355,31.249117,29.39398,27.548382,23.806131,24.059607,19.668938,19.578667,14.731847,15.203084,12.879928,11.331883,13.430693,14.527998,17.74477,16.739487,21.44526,22.323809,26.73391
14,30.81288,27.059923,24.93797,21.401121,18.463566,19.48049,13.473095,12.860655,8.567792,9.245021,9.4964695,8.223393,8.866693,5.437075,0.0,4.4078836,6.4130616,9.084037,14.71537,16.625456,20.049767,21.261553,24.534855,23.432783,22.063026,21.256763,16.86314,14.391997,11.493433,10.472916,7.8639355,6.2682858,7.997063,6.891597,10.970769,12.82042,14.903717,14.548826,10.896963,8.537602,10.855058,10.520631,10.326932,11.618897,14.219737,14.691287,17.90605,20.374748,23.32293,25.26108,26.537436,24.089554,27.775785,27.619396,28.469044,25.084478,23.19573,22.520847,28.04311,25.002754,20.525803,21.114376,26.969152,28.04999,31.869331,26.95774,25.223967,31.133476,29.132244,25.67819,27.86031,23.99257,23.148449,18.65368,21.936306,16.20528,19.316214,18.124035,14.392538,16.397205,11.695847,14.872106,11.0040455,8.10384,7.476455,9.59758,9.562217,13.815585,15.110817,19.295898,21.975685,24.878534,27.502766,29.043339,26.971743,25.054863,23.104181,19.55483,20.396046,15.863316,16.97809,12.796631,14.008354,12.887642,12.532846,15.393251,15.389398,19.700129,16.984121,22.009075,22.19336,26.57273
15,29.706331,25.818563,24.270258,20.903723,17.610956,19.903254,13.740225,13.867924,10.6839485,10.667012,12.641566,12.001025,12.427333,7.7275357,4.4078836,0.0,4.1450715,5.321097,12.283628,13.584824,17.34051,18.620638,21.916025,20.289011,18.52721,17.874989,13.117156,11.184112,7.660348,8.190121,6.2666984,6.586361,9.788127,10.730266,14.1777115,16.721441,18.733423,17.747091,14.277475,11.390907,12.306779,10.3642845,9.830179,9.384476,11.953602,11.218567,14.974733,16.553549,19.957111,21.430576,22.511084,20.108273,24.098204,23.845161,25.139244,21.894958,19.770277,19.568645,24.979471,22.321224,17.848345,17.617235,23.26037,24.065737,27.937183,23.228886,21.063921,26.888073,24.837763,21.361937,23.544228,19.769667,19.065128,14.524135,18.311747,12.819266,16.59671,16.04832,12.838132,15.983677,10.756535,15.369176,12.44571,8.1941185,6.7803946,6.889737,7.6103125,10.13236,11.58683,15.588855,18.136145,21.34708,23.734314,25.595726,23.706783,22.009584,20.435724,16.62309,17.448374,13.453852,14.187641,11.778884,11.669465,12.052912,12.56771,14.498807,13.697249,17.583704,13.873691,18.81579,18.418926,22.867453
16,25.805136,22.031513,20.643204,17.032282,13.858508,16.658154,10.2370615,12.206658,9.378074,10.715057,13.6028385,13.846914,15.167014,11.136139,6.4130616,4.1450715,0.0,3.9148123,8.45028,10.491204,13.762476,15.279421,18.364902,17.035805,15.76938,14.878197,10.698018,8.199998,6.4872317,5.177752,8.174338,5.6960244,11.653028,11.958461,15.3634815,18.343836,19.353966,18.177246,14.232701,10.882573,12.56795,9.3770075,10.644564,9.589953,9.912087,10.447142,12.433713,14.635823,17.330503,19.470875,21.136763,19.345308,23.284445,23.84072,24.783878,21.149136,19.982985,20.323282,25.727213,23.811518,19.699656,18.720222,24.091246,24.35342,28.630358,24.715298,21.663607,27.166962,25.591978,22.116114,24.147257,20.653614,20.626703,16.176842,20.761354,15.709549,19.741087,19.741428,16.75026,20.104036,14.843947,19.461626,16.246824,12.095409,9.887943,9.504305,8.264092,10.623595,10.250601,14.522364,16.644651,19.653975,22.30593,23.70905,21.297731,19.67719,18.155075,14.6153555,16.335066,12.542557,14.621857,13.316732,13.728318,14.903319,15.883264,18.115202,16.892944,21.043715,16.565964,21.364494,20.351364,24.633575
17,25.731863,21.766483,20.793243,17.793604,14.261465,17.824198,12.094288,13.36051,11.811333,11.803594,15.532035,16.073622,17.250204,13.031089,9.084037,5.321097,3.9148123,0.0,8.105727,8.441928,12.5030155,13.608638,16.963074,15.275766,13.340691,13.088509,8.381664,7.3194084,5.269428,6.7362614,9.64581,9.181793,14.416727,15.346135,18.743206,21.61168,23.026545,21.82044,18.02853,14.716984,15.76856,12.248159,12.807746,10.611505,10.929887,9.734108,12.186317,12.699473,16.054588,17.459454,18.856867,17.282248,21.73311,22.044218,23.70705,20.385706,18.799603,19.661549,24.766298,23.137478,19.054531,17.272907,22.205065,22.111515,26.30462,22.514214,19.006638,24.299664,22.325344,18.812365,20.466703,16.92686,17.21051,13.099245,18.054049,13.5898905,18.266151,18.49104,16.100372,19.874819,14.332709,19.573576,16.933325,12.258536,9.556437,7.6343045,6.7397447,7.007092,6.7535505,10.856812,13.100285,16.308422,18.77304,20.498108,18.466446,16.915115,15.640888,11.802661,13.196125,9.97027,11.517108,11.903799,11.298352,13.680153,15.325246,16.905794,15.04932,18.953115,13.759897,18.302002,16.931973,21.064636
18,18.75933,15.241883,15.215631,11.725805,8.919564,14.236424,9.259354,14.509252,13.97136,15.939438,20.06945,21.370466,23.328457,19.56621,14.71537,12.283628,8.45028,8.105727,0.0,4.565783,5.5629582,8.018538,10.238441,9.154489,9.035719,7.8359404,6.367863,4.619306,8.621191,6.8321247,14.88379,11.989682,18.994295,19.373806,22.276001,25.724833,25.637901,24.074509,20.089197,16.626974,18.182098,13.514513,16.254934,13.705573,10.035529,11.434764,9.008762,10.753481,11.605383,14.639025,17.340673,17.301407,21.08971,23.08092,23.80724,19.96886,20.489061,22.184948,26.908358,26.66823,23.470125,20.791742,24.862743,23.818644,28.53209,26.446096,21.73707,26.012478,25.308651,22.13683,23.582382,21.03932,22.340164,18.70039,24.256435,20.58702,25.004395,26.004608,23.752174,27.71159,22.351927,27.452856,24.436298,20.012386,17.124119,15.501889,13.063449,12.959872,9.39091,12.504405,12.970762,15.364749,18.095078,18.647818,15.343626,14.361618,13.67378,11.195175,14.623146,12.858409,16.383202,18.19314,18.34592,21.12385,22.942198,24.878798,22.83115,26.7568,21.093552,25.106073,22.873745,26.49453
19,18.625015,14.768252,15.066505,12.917543,9.676356,15.197701,11.543353,14.980688,15.650607,16.326061,21.131443,22.812344,24.831955,21.242702,16.625456,13.584824,10.491204,8.441928,4.565783,0.0,4.7192936,5.293735,8.634737,7.634972,6.303426,7.088252,5.631081,6.79992,9.95712,10.208478,17.064861,15.229488,21.807505,22.259083,25.5371,28.659155,29.115183,27.78218,23.70111,20.232374,21.773956,17.22263,19.224545,16.237156,13.353455,13.074011,11.500586,10.748202,12.299065,14.19495,16.598791,17.103851,21.48527,23.148453,24.753168,21.361692,21.334467,23.46302,27.8398,27.752487,24.513304,21.241188,24.7551,23.27983,27.788292,25.849588,20.680975,24.483122,23.164776,20.034508,20.620007,18.102818,20.010141,17.177551,22.841187,19.926266,24.847303,25.772041,23.98875,28.00641,22.395763,27.741655,25.007536,20.346956,17.02983,14.6795,12.113531,10.583672,6.1315346,8.354326,8.666629,10.831204,13.673019,14.253123,11.21003,10.085124,9.583822,6.9397154,10.489998,9.857346,13.281691,16.717855,16.424347,20.020145,22.367023,23.944588,21.41243,25.273827,19.211365,22.742847,20.326653,23.441011
20,15.437878,12.15662,13.5653715,11.35175,9.250671,15.386717,12.609219,17.68076,18.41534,19.949747,24.593634,26.342312,28.501663,24.859932,20.049767,17.34051,13.762476,12.5030155,5.5629582,4.7192936,0.0,3.8278282,4.804423,4.2646112,5.4625344,5.2824197,7.451088,8.233345,12.790279,12.037707,19.985529,17.52143,24.473925,24.913694,27.813578,31.257694,31.045954,29.465015,25.490038,22.06609,23.526741,18.671484,21.372774,18.329498,14.085651,14.866404,11.154512,10.982984,10.519559,13.285915,16.342575,17.706213,21.385153,23.928905,24.90604,21.39197,22.49749,24.932323,28.98486,29.604921,26.88041,23.34005,26.350769,24.477577,29.133299,28.1312,22.614922,25.773634,25.332571,22.521868,23.198427,21.36141,23.493357,20.771885,26.500702,23.82967,28.459988,29.789438,28.019262,32.180145,26.725191,32.057533,29.230247,24.641272,21.445044,19.273342,16.625853,15.2332535,10.73882,12.066912,11.150872,12.550781,15.079198,14.889581,11.129514,10.856589,11.152505,10.046603,14.010223,14.0848875,17.76425,21.264317,21.141848,24.673624,26.93646,28.596401,26.109407,29.823996,23.721697,27.056673,24.300386,27.229925
21,14.132987,10.437561,11.789366,10.921545,8.628839,14.434842,13.042018,16.863556,18.64162,19.523567,24.54268,26.768194,29.22536,26.148935,21.261553,18.620638,15.279421,13.608638,8.018538,5.293735,3.8278282,0.0,4.165406,5.985589,6.442571,8.104897,9.730582,11.14131,15.06025,14.708245,22.182579,19.744995,26.622932,26.600807,29.908197,32.934986,32.964268,31.7566,27.54275,24.157738,26.158918,21.526754,24.039743,21.101042,17.409988,17.702173,14.731999,13.758982,13.768159,15.837101,18.620546,20.210306,24.227978,26.479404,27.94912,24.63836,25.32116,27.813902,31.828302,32.299797,29.367023,25.743605,28.638803,26.628418,31.099174,29.972513,24.336735,27.250013,26.202507,23.401562,23.28628,21.326344,23.844618,21.67871,27.340694,24.919062,29.905193,30.884012,29.203306,33.154846,27.438871,32.693832,29.76365,25.201368,21.635103,19.405521,16.262691,14.89731,10.148623,10.773069,9.920077,10.162283,13.0563755,12.172419,8.314032,7.5531287,7.6259704,7.488978,11.525407,12.298045,16.252237,20.289606,20.444132,24.173965,26.712095,28.465284,25.769255,29.79281,23.622107,26.748781,24.18353,26.668385
22,12.406912,9.6692705,12.38809,11.704191,10.653288,16.472004,15.574719,20.358524,21.954355,23.332878,28.198526,30.338465,32.76282,29.445017,24.534855,21.916025,18.364902,16.963074,10.238441,8.634737,4.804423,4.165406,0.0,4.615547,7.059293,8.0214405,11.585457,12.939983,17.469482,16.811594,24.780241,22.20796,29.22396,29.41308,32.385452,35.714226,35.329273,33.86137,29.814783,26.460587,28.16663,23.317654,26.145975,23.056412,18.59945,19.329065,15.174176,14.294898,12.907998,15.252504,18.345032,20.615461,24.015133,26.877062,27.929686,24.678238,26.156984,28.918032,32.55337,33.63629,31.162302,27.270628,29.643618,27.294376,31.793554,31.483934,25.60275,27.898842,27.581898,25.094044,25.079998,23.73301,26.38551,24.33165,30.024158,27.889992,32.63998,34.01603,32.436882,36.586014,31.025267,36.36777,33.50011,28.913109,25.492254,23.225573,20.2742,18.645319,13.939596,14.111673,12.423735,12.35796,14.601591,13.285392,9.225861,9.645728,10.678645,11.320962,15.222086,16.433422,20.229923,24.430573,24.43715,28.225567,30.714756,32.374004,29.67889,33.426052,27.186344,30.102386,27.19381,29.540369
23,16.789705,14.115054,16.462048,14.87461,13.214699,19.34334,16.867464,21.762589,22.523891,23.7862,28.499945,30.09537,32.002487,27.915194,23.432783,20.289011,17.035805,15.275766,9.154489,7.634972,4.2646112,5.985589,4.615547,0.0,3.5264812,3.7333744,8.214238,10.187604,14.617112,14.742734,22.31707,20.633278,27.323544,28.372871,31.034609,34.73019,34.580425,32.71891,28.97609,25.524454,26.295095,21.240185,23.626532,20.084978,15.695532,15.764434,11.663062,9.904747,8.619474,10.658138,13.755633,16.04984,19.431355,22.293884,23.41636,20.30994,21.784304,24.725624,28.117117,29.450214,27.251904,23.111898,25.184252,22.7645,27.290348,27.220852,21.303276,23.561066,23.63412,21.236797,21.73519,20.683947,23.141987,20.992933,26.645397,24.811577,29.268433,31.092419,29.794868,34.239803,29.012398,34.57374,32.18268,27.451864,24.399921,21.76204,19.672928,17.062017,12.731685,12.771615,10.687754,11.932923,13.627763,13.542149,9.976017,10.851419,12.354779,11.754508,15.413926,16.629095,19.653221,24.143568,23.339945,27.325066,29.731424,30.88117,28.201183,31.276247,25.031418,27.7578,24.490145,27.026827
24,19.391008,16.262192,18.088856,16.583979,14.216621,20.223577,17.25246,21.183243,21.905334,22.522709,27.321924,28.787447,30.469618,26.226967,22.063026,18.52721,15.76938,13.340691,9.035719,6.303426,5.4625344,6.442571,7.059293,3.5264812,0.0,3.5996265,6.161467,9.235592,12.8339205,14.029161,20.76144,19.856825,26.184956,27.514235,30.33119,33.909885,34.255814,32.451347,28.716578,25.210716,25.754627,20.793262,22.57263,18.818056,15.270821,14.231295,11.500587,8.400324,8.914751,9.771797,12.30654,14.26897,18.305605,20.539818,22.3293,19.456223,20.112104,23.077227,26.483791,27.55798,25.17002,20.900303,22.971674,20.594154,25.009464,24.568775,18.625175,21.071924,20.597092,18.070486,18.403744,17.191465,19.71318,17.778933,23.405218,21.841146,26.440804,28.221582,27.162962,31.638311,26.442059,32.099728,30.00726,25.194736,22.180466,19.207762,17.54425,14.141037,10.077849,9.644922,7.4575524,9.46963,11.070724,11.831615,8.85021,9.539699,11.102166,9.753187,12.975111,14.452654,16.853977,21.814192,20.519003,24.75306,27.264772,28.077171,25.281921,28.094652,21.811502,24.336187,21.010254,23.500607
25,19.844875,16.990189,18.788412,16.438076,14.353587,20.433466,16.73542,21.64863,21.631046,22.913963,27.334103,28.461712,29.970688,25.390356,21.256763,17.874989,14.878197,13.088509,7.8359404,7.088252,5.2824197,8.104897,8.0214405,3.7333744,3.5996265,0.0,5.1807513,7.2464604,11.470657,12.060183,19.213526,18.113306,24.47775,26.086449,28.499496,32.405563,32.425888,30.329206,26.828861,23.360205,23.494087,18.39353,20.446072,16.694452,12.4744425,12.146636,8.292797,6.2888083,5.7924075,8.00595,11.097325,12.755347,16.295576,19.001926,20.07346,16.851265,18.147804,21.012648,24.532825,25.750845,23.571274,19.488068,21.789614,19.62432,24.283636,23.941399,18.22464,21.007732,21.255142,18.727398,19.949272,18.784878,20.78908,18.187273,23.807108,21.82417,26.014727,28.0573,26.798338,31.37779,26.424438,32.03555,29.90975,25.172016,22.48442,19.777668,18.345118,15.46095,11.689402,12.260341,10.560692,13.00508,14.5443325,15.409888,12.311164,12.913449,14.123986,12.45381,15.82309,16.439331,18.95706,23.083614,21.866756,25.724062,27.929077,28.833494,26.311956,29.012386,22.911095,25.749538,22.420494,25.361288
26,22.864918,19.417946,20.18098,17.45356,14.543633,20.090029,15.29282,19.11484,18.516235,19.285337,23.485975,24.258339,25.433584,20.64018,16.86314,13.117156,10.698018,8.381664,6.367863,5.631081,7.451088,9.730582,11.585457,8.214238,6.161467,5.1807513,0.0,3.9360118,6.7089257,8.61955,14.665466,14.364416,20.274614,22.140066,24.728844,28.459948,29.067146,27.09369,23.61074,20.12031,20.071632,15.225149,16.544632,12.742156,9.936894,8.368586,7.332945,5.381925,8.2951765,9.583163,11.653234,11.589478,15.982766,17.572622,19.158434,15.878987,15.789813,18.149353,22.307035,22.571177,19.732424,16.05944,19.348,17.903069,22.538046,20.864872,15.682851,19.697039,19.076612,16.035866,17.701277,15.662858,17.074245,13.813259,19.490822,16.923576,21.288694,23.051472,21.674961,26.214527,21.254122,26.885962,24.918423,20.155504,17.663164,14.868927,14.053178,11.036569,8.132876,9.774048,9.4406395,12.956456,14.7519455,16.46813,13.975702,13.734726,14.13606,11.162012,13.85708,13.469691,15.348739,18.870983,17.337973,21.008415,23.07285,23.835922,21.446407,24.117283,18.162653,21.385246,18.385195,21.864323
27,22.84349,19.49134,19.780014,16.262806,13.533974,18.667387,13.070498,17.678627,16.246948,17.84133,21.527582,22.042694,23.215746,18.404781,14.391997,11.184112,8.199998,7.3194084,4.619306,6.79992,8.233345,11.14131,12.939983,10.187604,9.235592,7.2464604,3.9360118,0.0,5.0193696,4.9389715,12.199694,10.954158,17.25009,18.967627,21.345549,25.254852,25.510334,23.435047,19.984756,16.504673,16.530956,11.578349,13.515605,10.142857,6.65352,6.938521,5.430258,7.142648,9.173392,11.681837,13.939725,13.163075,16.945816,18.67415,19.417519,15.638248,15.88212,17.601135,22.295767,22.127914,19.104906,16.270203,20.370905,19.531424,24.26,22.138777,17.651901,22.213154,21.865389,18.747337,20.952517,18.631548,19.458988,15.47183,20.921558,17.412842,21.409693,22.975952,21.029247,25.387136,20.524385,25.87094,23.532503,18.997406,16.769146,14.711647,13.73556,12.356959,9.861862,12.68584,12.979375,16.300255,18.423393,19.851269,17.025307,16.468523,16.313196,13.273473,16.13063,14.5950985,16.918179,18.941833,18.041134,20.92991,22.564772,23.79859,21.845047,24.85855,19.323914,23.129436,20.583157,24.479347
28,27.340422,23.742723,23.495113,20.007763,16.907305,21.237564,15.077517,18.034925,15.816454,16.638266,19.707338,19.496326,19.936602,14.501408,11.493433,7.660348,6.4872317,5.269428,8.621191,9.95712,12.790279,15.06025,17.469482,14.617112,12.8339205,11.470657,6.7089257,5.0193696,0.0,4.8853087,7.9758105,8.93662,13.833294,16.393293,18.715944,22.497177,23.564539,21.508617,18.39643,15.068394,14.265654,9.996063,10.261884,6.7013206,6.7259192,4.47266,8.022956,8.991711,12.566447,13.8624325,15.055885,12.905935,16.924658,17.408365,18.60965,15.181831,13.860312,14.832475,19.94184,18.765978,15.127861,12.993918,17.954409,17.964334,22.37328,19.040722,15.561979,20.990332,20.048847,16.738415,19.469774,16.648916,16.557707,11.939278,16.950575,12.808048,16.643738,18.057978,16.052011,20.4832,15.892941,21.282084,19.419342,14.912176,13.367636,11.284918,11.81997,10.36782,9.967827,13.09399,14.2671585,18.063574,19.953747,22.071102,19.920116,19.085915,18.632671,14.950407,16.760462,14.562071,15.626938,16.7339,15.207824,17.64728,18.935057,19.724741,18.078081,20.61239,15.591349,19.610268,17.486551,21.826395
29,24.99626,21.650665,21.093746,16.982908,14.35832,18.264608,11.735112,16.133657,13.3894005,15.631401,18.35129,18.31747,19.28679,14.488769,10.472916,8.190121,5.177752,6.7362614,6.8321247,10.208478,12.037707,14.708245,16.811594,14.742734,14.029161,12.060183,8.61955,4.9389715,4.8853087,0.0,8.549799,6.0851426,12.656149,14.200763,16.445127,20.421173,20.59286,18.521244,15.091197,11.629859,11.788312,7.0411267,9.429079,7.252509,5.007231,7.1975384,7.649425,11.264389,13.214136,15.908079,17.860186,16.164627,19.483013,20.753063,20.954132,17.005981,16.872835,17.513655,22.787865,21.667221,18.212831,16.755293,21.816395,21.852024,26.418674,23.387337,19.99342,25.23163,24.725536,21.479969,24.106976,21.309162,21.395561,16.782974,21.663849,17.098097,20.590025,21.641962,19.01379,22.937057,18.311174,23.12418,20.432383,16.34365,14.671859,13.687464,12.934156,13.485192,12.131953,15.846245,16.961102,20.254198,22.615679,24.036436,21.236551,20.24173,19.437855,16.16804,18.655819,15.861812,18.119215,18.149792,17.879452,19.618355,20.610735,22.304403,20.986547,24.290367,19.531857,23.915564,22.09629,26.407644
30,33.200954,29.640285,28.55769,24.610052,21.715712,24.467058,17.79194,19.466343,15.535949,16.478218,17.31925,15.493094,14.579851,8.328019,7.8639355,6.2666984,8.174338,9.64581,14.88379,17.064861,19.985529,22.182579,24.780241,22.31707,20.76144,19.213526,14.665466,12.199694,7.9758105,8.549799,0.0,6.055915,6.392218,10.4861555,11.95276,15.716294,17.488962,15.382447,13.238257,10.744594,8.44976,7.0239506,4.1959624,4.587292,9.577306,8.903614,13.728058,16.187489,19.440067,20.803654,21.483955,18.251305,21.24852,20.755472,21.231955,18.111769,15.922643,14.807878,20.349878,17.333902,13.066617,14.000163,20.004335,21.546314,25.260332,20.518417,19.415133,25.457462,24.37914,21.216324,24.544943,21.365637,19.922695,14.888331,17.936176,12.426596,14.406542,14.884767,11.772447,15.353673,12.040472,16.188519,14.485726,11.234087,11.848819,11.808593,13.726688,14.6686125,16.073,19.64296,21.53936,25.26095,27.219244,29.453053,27.462156,26.262974,25.236803,21.39504,22.542871,19.140118,19.497684,17.627193,16.63111,16.825193,16.65915,17.579409,17.365389,19.510983,16.629183,21.03981,20.266447,24.971716
31,28.858526,25.508238,24.066458,19.790571,17.329466,19.474937,12.725997,15.558359,11.26323,13.836106,14.790561,13.767703,14.265256,9.746147,6.2682858,6.586361,5.6960244,9.181793,11.989682,15.229488,17.52143,19.744995,22.20796,20.633278,19.856825,18.113306,14.364416,10.954158,8.93662,6.0851426,6.055915,0.0,7.202712,8.174747,10.477029,14.337387,14.763663,12.937691,9.47735,6.1448874,6.9327593,4.526163,6.386419,7.503071,8.783629,10.97791,13.083133,16.926231,19.075998,21.617949,23.20907,20.820366,23.818317,24.406574,24.34722,20.581125,19.763584,19.210453,24.782202,22.469345,18.578724,18.839872,24.599165,25.513983,29.70554,25.659336,23.537437,29.290535,28.408361,25.09894,27.932455,24.669224,24.016195,19.115553,23.024826,17.56452,20.279264,20.425266,17.031227,20.014767,15.931302,19.660551,16.54882,13.440215,12.814452,13.466009,13.228018,15.795681,15.786376,19.931496,21.774145,24.99017,27.505405,28.980333,26.363289,24.954979,23.570919,20.15612,22.022543,18.184423,20.022774,17.706802,18.182327,18.29208,18.332,20.537289,20.137373,23.657858,20.163982,24.957739,24.114313,28.670338
32,35.96904,32.597034,30.90343,26.698967,24.242218,25.651535,19.168434,20.302021,15.459031,17.06486,15.959011,13.1228075,11.553899,6.633913,7.997063,9.788127,11.653028,14.416727,18.994295,21.807505,24.473925,26.622932,29.22396,27.323544,26.184956,24.47775,20.274614,17.25009,13.833294,12.656149,6.392218,7.202712,0.0,5.658168,5.748237,9.611433,11.513297,9.5944395,8.37135,7.3852596,5.0438967,7.9587517,5.6821456,9.588475,13.745376,14.760569,18.552376,22.033756,24.692497,26.608068,27.50219,24.25294,26.725971,26.313364,26.106651,22.95983,21.167944,19.311312,24.688862,21.108454,17.14185,19.399015,25.4113,27.364096,30.856304,25.881388,25.509075,31.570171,30.540653,27.432983,30.740482,27.392477,25.743711,20.817274,23.137314,17.415276,18.39056,17.901009,14.187065,15.994458,13.86885,15.931613,13.625995,12.315416,13.903515,15.5428915,16.95872,19.672476,21.103249,25.04621,27.20917,30.67262,32.92485,34.86057,32.65574,31.19013,29.735237,26.057474,27.202045,23.121494,23.792547,20.125336,20.277758,18.953915,17.802034,19.489,20.24245,22.73052,21.094454,25.661709,25.642769,30.309261
33,34.419365,31.103615,28.76596,24.730692,22.541485,22.631413,16.802862,16.993109,11.886164,14.004168,11.79478,9.049325,8.561055,6.999956,6.891597,10.730266,11.958461,15.346135,19.373806,22.259083,24.913694,26.600807,29.41308,28.372871,27.514235,26.086449,22.140066,18.967627,16.393293,14.200763,10.4861555,8.174747,5.658168,0.0,4.566679,6.410589,8.106896,8.03263,5.1307497,5.0505514,7.7223616,10.53588,10.429539,13.838329,16.618341,18.412104,21.19036,24.91642,27.244865,29.658194,31.008627,28.237534,31.091051,31.054502,30.952137,27.504883,26.068317,24.591984,30.071442,26.656763,22.566687,24.37089,30.40115,32.008675,35.72067,30.763842,29.823719,35.85727,34.44397,31.133873,33.873314,30.188631,28.954266,24.20693,26.89385,21.017914,22.76177,21.532461,17.548933,18.508324,15.664777,16.95216,13.256079,12.641019,13.557084,16.197403,16.336493,20.64223,21.710802,25.963514,28.424774,31.386515,34.04937,35.476944,33.097214,31.268982,29.315647,25.957237,27.110027,22.512272,23.828299,19.027555,20.540085,18.523466,17.218935,20.082779,20.956495,24.652098,22.996761,27.882017,28.258133,32.761913
34,37.45272,34.370537,32.241108,27.91917,26.006638,26.271286,20.34264,21.34689,16.193247,18.56758,16.136261,13.072934,11.731603,9.851752,10.970769,14.1777115,15.3634815,18.743206,22.276001,25.5371,27.813578,29.908197,32.385452,31.034609,30.33119,28.499496,24.728844,21.345549,18.715944,16.445127,11.95276,10.477029,5.748237,4.566679,0.0,5.048268,5.8496933,4.418911,4.726188,6.4931183,6.3745937,10.980884,10.410809,14.610071,17.648691,19.778868,22.5486,26.741987,28.818228,31.26825,32.481968,29.424603,31.624195,31.54823,30.846243,27.542896,26.316595,24.320347,29.570019,26.012522,22.373983,24.900126,30.854195,32.825497,36.360195,31.492502,31.155186,37.175896,36.257835,33.125164,36.33873,32.898766,31.358282,26.46628,28.753523,22.982315,23.781809,22.884983,19.041939,19.798891,18.156937,18.894033,16.01065,15.953509,17.499052,19.909403,20.532852,24.289597,25.367739,29.549644,31.785854,34.975033,37.49897,39.068226,36.594093,34.96341,33.219646,29.813858,31.131042,26.695677,27.885159,23.320168,24.420023,22.393848,20.843937,23.217869,24.357967,27.31301,26.074265,30.763496,31.034761,35.646896
35,40.018295,36.86671,34.266975,30.273537,28.374146,27.686295,22.4374,21.936958,16.981325,18.746746,15.022197,11.5349,9.825711,10.839517,12.82042,16.721441,18.343836,21.61168,25.724833,28.659155,31.257694,32.934986,35.714226,34.73019,33.909885,32.405563,28.459948,25.254852,22.497177,20.421173,15.716294,14.337387,9.611433,6.410589,5.048268,0.0,4.934204,6.8984375,7.5255117,9.98466,11.392545,15.72136,14.992834,19.040247,22.263813,24.075676,27.0569,30.959013,33.24547,35.627224,36.814747,33.759445,36.236195,35.90833,35.51151,32.306236,30.72423,28.651041,33.85557,29.93394,26.10758,28.862543,34.862827,36.936543,40.305107,35.025066,34.925232,41.027565,39.619793,36.428326,39.332283,35.61774,33.986847,29.332357,31.204992,25.397173,26.140413,24.429514,20.498007,20.07698,18.887594,18.233822,15.091443,16.403948,18.276611,21.40439,21.933025,26.443924,27.90216,32.103245,34.68286,37.63565,40.277027,41.751194,39.44129,37.54101,35.46668,32.14416,33.062214,28.32842,29.31284,23.719675,25.410954,22.476229,20.414165,23.142542,24.794943,27.993248,27.560688,32.219574,33.12327,37.566864
