,0,1,2,3,4,5,6,7,8,9,10,11,12,13,14,15,16,17,18,19,20,21,22,23,24,25,26,27,28,29,30,31,32,33,34,35,36,37,38,39,40,41,42,43,44,45,46,47,48,49,50,51,52,53,54,55,56,57,58,59,60,61,62,63,64,65,66,67,68,69,70,71,72,73,74,75,76,77,78,79,80,81,82,83,84,85,86,87,88,89,90,91,92,93,94,95,96,97,98,99,100,101,102,103,104,105,106,107,108
0,0.0,4.2220073,6.9055915,10.035893,12.33321,14.279278,17.526949,22.566336,25.181381,27.088358,31.74327,33.470806,37.5641,35.54283,30.683916,28.686417,24.751484,22.838606,17.738588,18.133877,15.135761,14.748316,13.305708,17.221243,19.786741,19.648314,22.242952,22.033745,26.420046,23.80069,31.997484,27.577074,34.618263,33.453167,35.566994,38.71947,36.43214,35.33672,31.64823,29.166048,32.186348,28.280273,32.3799,30.745083,25.951176,28.929667,24.346037,26.445248,24.517807,25.951525,29.306395,30.470835,35.12677,37.516235,38.00824,34.227505,35.24403,36.853966,41.45088,40.963463,37.532043,35.48616,40.74278,40.994297,44.773727,40.769985,37.521797,42.98385,39.753006,36.462166,37.448414,36.65117,34.991135,31.06205,31.150743,25.967834,26.5588,23.867836,20.660929,21.856457,18.765722,19.37496,22.829561,19.883469,20.614096,22.427431,22.261492,23.928364,21.132164,22.605951,23.621307,23.899893,27.443325,28.139841,28.859322,29.296545,31.280006,30.78994,36.585148,36.599194,41.82125,42.21986,41.089012,38.619007,35.906513,31.53555,31.537512,27.145428,27.93553
1,4.2220073,0.0,4.5376983,6.2552724,8.25524,11.161316,13.517953,19.09801,21.390718,23.295815,27.988121,29.698511,33.61032,31.419353,26.587982,24.488106,20.553225,18.653027,13.62015,14.170333,11.532348,11.398839,10.678676,14.227134,16.475899,16.24052,18.347073,17.9878,22.266521,19.700884,27.869434,23.567856,30.676428,29.674938,31.909891,35.184372,33.139168,31.972792,28.157753,25.496704,28.4516,24.429564,28.414501,26.714075,22.094193,24.940983,20.674814,22.821321,21.300709,22.483553,25.731977,26.60105,31.362673,33.538734,34.181633,30.441986,31.208998,32.805206,37.399822,36.868183,33.43422,31.317535,36.548862,36.815052,40.564804,36.557217,33.314083,38.811153,35.598614,32.313858,33.45056,32.706474,31.122349,27.053106,27.467339,22.12635,23.102798,20.581984,17.55581,19.508453,16.072592,17.770391,21.028742,17.599821,17.615465,18.984451,19.185934,20.162893,17.546356,19.518429,20.792019,21.624498,24.906033,25.210978,25.696098,25.909382,27.571682,26.847595,32.687786,32.520443,37.770657,38.169926,37.15715,34.633373,32.18161,27.58281,27.837395,23.430387,24.564861
2,6.9055915,4.5376983,0.0,5.013672,6.980362,7.511859,11.576651,15.819459,18.631687,20.688225,25.197033,26.852945,31.179253,29.66055,24.90794,23.312685,19.581663,18.591455,14.282912,15.359408,13.91052,13.83099,14.208248,17.3159,19.02904,18.677576,19.725943,18.691471,22.36648,19.339836,26.917433,22.146397,29.01666,27.264494,29.68917,32.460842,30.360155,29.646498,25.678211,23.267244,26.987234,23.529713,27.565502,26.478886,22.4776,25.545378,22.072823,24.671621,23.87116,24.619455,27.624144,27.843641,32.803,34.366253,35.412666,31.771658,31.801338,33.101982,37.824448,36.744415,33.053886,31.207088,36.273396,36.516743,40.014744,35.729916,32.601498,37.940388,34.17118,30.999863,31.713799,31.357212,29.285183,25.500143,25.396332,20.508318,20.520279,18.484863,15.033324,16.75619,14.518293,16.268654,20.310986,17.430922,17.171358,18.777754,20.111015,20.805782,19.15923,21.55333,23.408169,24.576283,27.722675,27.3699,27.309229,27.670341,28.481804,27.528887,33.21179,32.514954,37.966667,38.03392,37.214684,34.398,32.424324,27.368963,27.555252,23.146675,23.926882
3,10.035893,6.2552724,5.013672,0.0,3.7227879,6.0257487,8.403524,14.06107,15.658072,18.275414,22.740875,23.88802,27.979258,25.765602,20.781076,19.19496,15.273067,14.652501,9.843649,11.921779,10.69079,11.733438,12.458041,14.397857,15.893541,14.91712,15.570602,14.057988,17.788456,14.520537,22.325031,17.642845,24.63901,23.469395,25.67992,28.93615,26.940426,25.801584,21.91633,19.25741,22.44814,18.715746,22.774557,21.59329,17.491053,20.758888,17.349043,20.432379,20.081007,21.055695,23.842686,23.697908,28.608168,30.089123,30.9518,27.238575,27.222368,28.336994,33.18481,31.978546,28.28078,26.680368,31.94708,32.492588,35.902073,31.393751,28.65728,34.27852,30.642645,27.52903,28.868046,28.695568,26.88329,22.658934,23.556108,18.306135,19.286871,17.79914,14.882395,17.937124,15.204753,18.418282,21.794497,18.234362,16.897724,17.42924,18.974188,18.158337,16.419987,19.55471,21.268936,23.11585,25.728657,25.276627,25.191267,24.84484,25.511995,23.97548,29.84418,28.873669,34.21049,34.543133,34.018353,31.230434,29.777617,24.399696,25.322405,20.989223,22.663694
4,12.33321,8.25524,6.980362,3.7227879,0.0,6.078763,5.2915115,11.678435,13.374494,15.291345,19.957275,21.652578,25.37613,23.271593,18.587284,16.540014,12.774343,11.672797,7.993963,9.399529,9.545907,10.040822,11.978769,13.625045,14.336454,13.89156,13.601447,12.302604,15.559718,12.876284,20.384014,16.086248,23.173502,22.029829,24.736465,27.905931,26.453194,25.471054,21.27662,18.360596,21.69497,17.856903,21.490747,20.085897,16.567572,19.07871,16.486694,18.87902,18.936466,19.068947,21.716936,21.385078,26.422672,27.617685,28.92284,25.445513,25.055855,26.416737,31.03114,30.04161,26.4449,24.305338,29.306784,29.55022,33.064175,28.891703,25.680902,31.122526,27.55766,24.349234,25.513346,25.149548,23.405249,19.21212,20.050722,14.686545,15.995456,14.3570595,11.763553,15.330146,12.229148,16.155897,19.098776,15.4051695,13.57439,13.862596,15.83564,14.851395,13.75291,17.00475,19.171856,21.242153,23.690598,22.698158,22.247473,22.114405,22.33176,20.93509,26.639414,25.681665,31.119072,31.256956,30.629671,27.79087,26.278404,20.889647,21.666952,17.333242,18.992691
5,14.279278,11.161316,7.511859,6.0257487,6.078763,0.0,6.994709,9.348969,11.732018,14.626191,18.676912,19.721212,24.423439,23.345234,18.666815,17.96588,14.690134,15.600638,12.760008,15.014809,15.406501,16.113432,17.802742,19.441994,20.214535,19.355753,18.599152,16.397972,18.79414,15.182799,21.425467,16.22289,22.574984,20.155449,22.770084,25.156788,23.214655,22.870895,18.683985,16.448053,20.922396,18.28117,22.146172,21.958094,19.17718,22.402576,20.464102,23.761711,24.311567,24.571037,26.921297,25.93716,30.933668,31.492002,32.960857,29.548626,28.451927,29.147903,33.995693,32.062893,28.098076,26.865198,31.684355,32.136383,35.116333,30.331043,27.772032,33.003242,28.594059,25.7199,26.371332,26.806393,24.29612,20.625837,20.746035,16.437748,15.887211,15.451946,12.229235,15.086023,14.318871,17.627554,21.610262,18.905987,17.198519,17.904654,20.843958,19.738308,19.448032,22.80747,25.159098,27.254992,29.68103,28.426332,27.642975,27.56115,27.05166,25.306343,30.703014,29.01359,34.507874,34.330166,34.08239,30.938461,30.207235,24.37111,25.161379,21.046448,22.168703
6,17.526949,13.517953,11.576651,8.403524,5.2915115,6.994709,0.0,7.3873935,8.402925,10.119436,14.747061,16.567965,20.128416,18.327715,13.945602,12.030281,8.781145,8.937687,8.192121,9.757693,12.054737,12.61373,15.555645,16.119133,15.745021,15.338717,13.185937,11.265703,12.879711,10.409078,16.47648,12.329242,19.099373,17.654701,20.883648,23.765112,22.918392,22.248045,17.773691,14.755351,18.516539,15.163872,18.219315,17.234573,15.159766,17.077517,16.29302,18.554552,19.768728,19.021177,21.004293,19.705675,24.741386,25.01811,26.92411,23.833496,22.397402,23.523964,28.00412,26.629023,22.952597,20.791748,25.393515,25.534698,28.79085,24.551853,21.318407,26.565445,22.616186,19.498745,20.511547,20.52917,18.548702,14.382693,15.443001,10.339045,11.738011,11.22846,9.409273,13.925553,11.747198,16.661362,19.159557,15.795124,12.86906,12.28366,15.632471,13.291216,13.848984,17.54113,20.188848,22.814222,24.636307,22.764582,21.596235,21.343214,20.28415,18.45647,23.729244,22.082888,27.611828,27.429352,27.113144,24.015507,23.339973,17.42816,18.53313,14.517802,16.382195
7,22.566336,19.09801,15.819459,14.06107,11.678435,9.348969,7.3873935,0.0,4.9871883,5.9623027,9.677729,11.902883,16.31147,16.811422,13.610751,13.307255,11.979743,14.040156,15.245802,16.618505,19.396145,19.57789,22.720884,23.430933,22.758396,22.485268,19.618677,17.384224,17.324331,14.975209,17.880468,13.734634,18.638884,15.292287,19.211994,20.500084,20.098833,20.7274,16.062918,13.941967,19.154142,17.63019,19.983276,20.36833,20.058483,21.732113,22.424894,24.740206,26.57306,25.273525,26.733337,24.691828,29.478176,28.634893,31.217985,28.662336,26.04521,26.61561,30.790894,28.591532,24.803745,23.183027,26.765808,26.65831,29.174345,24.853912,21.906109,26.16638,21.165905,18.582335,18.165146,19.154152,16.00599,13.287098,12.557298,10.059791,7.953975,9.922141,8.356311,11.938929,13.057127,17.346844,20.278662,18.419239,15.554078,15.439953,19.99729,17.957205,19.97488,23.35543,26.43977,29.015347,30.704512,28.141615,26.284916,26.490307,24.141005,22.341946,26.501934,24.031088,29.472105,28.504997,28.531963,25.080406,25.387634,19.384865,20.024591,16.814974,17.452818
8,25.181381,21.390718,18.631687,15.658072,13.374494,11.732018,8.402925,4.9871883,0.0,5.0351105,7.714815,8.311901,12.692043,12.308764,8.781026,9.353742,8.731808,12.445422,14.409208,16.45942,19.550474,20.460293,23.58311,23.332167,22.367056,21.597418,18.091211,15.316431,14.247322,11.866175,13.23651,9.238625,13.669352,10.611039,14.621598,16.385508,16.3555,16.631506,11.975557,9.600036,14.54014,13.427971,15.311219,16.155756,16.784008,18.357058,19.983088,22.63753,25.125982,23.948147,24.899536,22.218382,26.702925,25.425516,27.901552,25.480442,22.421995,22.499035,26.754358,24.0761,20.196074,19.17771,22.792002,23.147673,25.320654,20.471226,18.324593,22.893957,17.774498,15.435948,15.98308,17.595343,14.803634,11.579791,12.75538,10.393394,10.146615,12.844386,12.321638,16.451998,16.769693,21.602152,23.93609,21.56825,18.13555,16.949986,21.378014,17.82915,19.939703,23.764915,26.566671,29.614908,30.730879,28.12845,26.2626,25.702354,23.022762,20.457384,24.497072,21.424423,26.607378,25.899252,26.472885,23.045086,24.350391,18.03821,19.740597,16.99736,18.690067
9,27.088358,23.295815,20.688225,18.275414,15.291345,14.626191,10.119436,5.9623027,5.0351105,0.0,4.872389,8.605674,11.434992,12.199611,10.466356,9.855539,10.34268,12.6278515,16.196558,16.962034,20.777103,20.906902,24.55343,24.419176,22.913887,22.89958,18.976446,17.017246,15.368798,14.4523,14.972923,12.569856,16.283157,13.569079,17.995556,19.179304,20.058304,20.661325,16.176626,13.933179,18.27955,17.036758,18.062809,18.33324,19.504526,19.840797,22.107553,23.55415,26.102,23.973618,24.725801,22.098085,26.47918,24.835413,27.98717,26.071415,22.693035,23.297895,26.837656,24.803953,21.400866,19.289774,21.98739,21.513163,23.845793,20.067669,16.72587,20.45637,15.397221,12.88057,12.215293,13.473944,10.307975,7.7886887,7.774022,6.676964,5.872798,9.407695,10.251947,14.178345,14.8312025,19.654713,21.203098,19.356215,15.760512,14.452242,19.315521,16.190725,19.356243,22.653366,25.829481,28.738344,29.719355,26.545256,24.196066,24.246284,20.872599,18.935038,22.159363,19.237602,24.47275,23.18379,23.445013,19.920525,21.068808,15.103,16.089275,13.858481,14.856361
10,31.74327,27.988121,25.197033,22.740875,19.957275,18.676912,14.747061,9.677729,7.714815,4.872389,0.0,5.2891984,7.4401784,10.391991,10.609847,11.427654,13.274429,16.360182,20.3842,21.341867,25.274294,25.571531,29.226713,28.787169,27.102867,26.943956,22.67181,20.529552,17.99697,17.343761,15.4356575,13.977218,15.439599,12.169807,16.691275,16.76729,18.533539,19.760279,15.752937,14.29762,18.442636,18.454197,18.570396,19.65239,22.016058,22.05437,25.245445,26.734135,29.726957,27.467514,27.735086,24.600214,28.481522,26.057917,29.445591,28.010056,23.942287,24.01289,27.108728,24.523056,21.32416,19.85087,21.533499,21.069136,22.54122,18.825151,16.273048,18.976187,13.335918,11.783559,10.333894,12.882847,9.367072,8.733748,8.587475,10.292306,8.849703,13.160513,14.459786,17.676609,19.164648,23.663527,25.001043,23.61723,20.037048,18.562302,23.448889,19.990343,23.508425,26.75878,29.888388,32.92411,33.564583,30.146463,27.565157,27.461424,23.465723,21.322866,23.5658,20.018183,24.674202,23.029844,23.825653,20.314363,22.628387,17.038637,18.227795,17.019478,17.830952
11,33.470806,29.698511,26.852945,23.88802,21.652578,19.721212,16.567965,11.902883,8.311901,8.605674,5.2891984,0.0,5.692523,8.504934,8.760668,11.590997,13.678416,18.084978,21.479404,23.35807,26.928463,27.912832,31.224476,30.378849,28.910353,28.101118,23.852983,21.072529,18.264683,16.964508,13.566181,12.04888,11.603387,7.5120225,11.863008,11.490552,13.550319,14.983747,11.454622,10.796494,14.757735,16.074991,15.866721,18.057888,21.025305,21.643276,25.094986,27.4389,30.727724,29.093962,29.15238,25.615421,29.202566,26.56979,29.496874,27.99767,23.727026,22.940332,26.319515,22.74798,19.309534,19.328064,21.155466,21.564198,22.30816,17.521282,16.813246,19.803926,13.98137,13.213467,13.113427,16.361374,13.462023,12.3685055,13.6601925,14.548649,13.734881,17.848167,18.54945,21.98434,23.334417,27.963934,29.704824,27.958355,24.305435,22.637186,27.3036,23.117794,26.112556,29.790304,32.592926,35.88392,36.351665,33.227505,30.89448,30.119753,26.310099,23.458508,25.86906,21.822338,26.045477,24.832928,26.26003,22.8892,25.986351,20.20237,22.239355,21.00538,22.505842
12,37.5641,33.61032,31.179253,27.979258,25.37613,24.423439,20.128416,16.31147,12.692043,11.434992,7.4401784,5.692523,0.0,6.1563535,9.795091,12.076033,15.436692,19.305971,23.877045,25.181658,29.21654,30.077131,33.61236,32.255527,30.255926,29.700197,24.955124,22.639963,18.852148,18.920172,13.50314,14.354225,12.28172,10.302321,14.007197,13.592898,16.864178,17.940977,15.240037,14.525776,16.743103,18.116869,16.50289,18.369558,22.463303,21.798166,26.366865,27.81355,31.509262,29.291016,28.711487,24.840366,27.7108,24.30515,27.652466,26.941954,22.097599,21.26499,23.627148,20.295565,17.643616,17.343657,17.645304,17.707487,17.776848,13.856781,13.367039,15.046326,9.235633,9.6187935,9.4833975,13.342298,11.287062,11.393902,13.495229,15.585974,15.7995825,19.846674,21.51261,24.985386,25.93471,30.708946,31.556929,29.859608,25.981955,23.720036,28.176514,23.532763,27.07562,30.459835,33.175465,36.58309,36.470272,32.999584,30.40249,29.491482,25.037512,22.22063,23.345568,18.96658,22.397825,20.88716,22.737246,19.593155,23.686872,18.653131,20.940096,20.837881,22.496862
13,35.54283,31.419353,29.66055,25.765602,23.271593,23.345234,18.327715,16.811422,12.308764,12.199611,10.391991,8.504934,6.1563535,0.0,5.3989997,7.641561,11.444616,15.516636,20.056864,21.611027,25.485765,26.835535,30.107153,28.100494,26.033724,25.140045,20.320486,17.950287,13.695815,14.26822,7.639327,10.094717,8.065701,8.911181,12.006679,13.859595,16.591204,16.243744,13.669302,12.124328,12.647436,13.301334,11.009564,12.477025,17.07045,16.020048,21.022652,22.495264,26.425398,24.527975,23.694775,19.600668,22.268328,18.99512,21.939245,21.086145,16.26363,15.213504,18.0222,14.585393,11.641035,11.510375,12.786028,13.714352,14.304097,9.066519,9.27717,12.990108,8.0663595,7.7057343,10.669248,13.587006,12.782947,10.788776,15.04738,15.087064,17.232712,20.435436,21.93995,26.196568,25.80661,31.068995,31.739422,29.198425,25.112568,22.276691,26.105726,20.559124,23.53091,27.154802,29.40596,33.051098,32.604916,29.496126,27.269487,25.586277,21.572199,18.081383,19.783573,15.28641,18.747686,18.159714,20.232325,17.286905,21.443226,16.131226,19.490973,19.145533,21.969114
14,30.683916,26.587982,24.90794,20.781076,18.587284,18.666815,13.945602,13.610751,8.781026,10.466356,10.609847,8.760668,9.795091,5.3989997,0.0,4.4815745,6.993527,12.016872,15.453594,17.707666,21.131733,22.8361,25.820143,23.96727,22.34759,21.067112,16.63308,13.688582,10.228325,9.435355,5.047872,4.8431535,6.4758854,7.1521354,10.391156,13.633649,14.924181,13.933035,10.5353155,7.9836626,9.245412,8.713448,8.013691,9.361645,12.76778,13.014849,16.961582,19.38938,22.996096,21.793983,21.576368,17.832872,21.295448,19.106846,21.40581,19.558735,15.594233,14.759038,18.865032,15.528743,11.666382,11.632834,15.119691,16.417402,17.982208,12.290716,11.906063,17.026855,12.546139,10.908517,13.893738,16.017467,14.79465,11.2767105,15.491804,13.64114,16.01132,18.667675,19.358007,23.94259,23.089846,28.44433,29.684067,26.705307,22.733023,20.14236,23.828209,18.33475,20.494667,24.514606,26.660013,30.29102,30.274752,27.649769,25.839031,24.024633,20.901808,17.220911,20.527605,16.601894,20.867458,20.807154,22.343315,19.300037,22.25881,16.229033,19.608965,18.087225,21.221632
15,28.686417,24.488106,23.312685,19.19496,16.540014,17.96588,12.030281,13.307255,9.353742,9.855539,11.427654,11.590997,12.076033,7.641561,4.4815745,0.0,4.1102405,7.974263,12.533661,14.001146,17.856146,19.252537,22.471977,20.521357,18.54983,17.71768,12.971217,10.641706,6.910293,7.6043005,6.011251,6.459575,10.402979,11.54229,14.72423,18.097778,19.194935,18.020805,14.418875,11.388707,12.435254,10.047005,9.788357,8.955812,11.456571,10.646563,14.55926,16.001732,19.532455,17.788029,17.655169,14.117307,18.010098,16.22521,18.821625,16.867376,13.237858,13.529167,17.51417,15.503125,12.046178,9.901401,13.903014,14.593835,17.211706,12.527913,10.158107,15.855883,12.166689,9.552523,12.843674,13.858985,13.20795,8.801077,13.627988,10.722123,14.431019,16.23595,17.261366,22.05711,20.322956,25.816257,26.53325,23.280972,19.231136,16.289825,19.663826,13.947886,16.271646,20.178816,22.370403,26.00266,25.918203,23.189644,21.358982,19.609797,16.546968,12.971583,16.760128,13.309933,18.145233,18.191221,19.203217,16.159174,18.366491,12.217593,15.715123,14.024758,17.568336
16,24.751484,20.553225,19.581663,15.273067,12.774343,14.690134,8.781145,11.979743,8.731808,10.34268,13.274429,13.678416,15.436692,11.444616,6.993527,4.1102405,0.0,5.455495,8.638743,10.74132,14.19635,15.8598,18.85804,17.139084,15.604811,14.518543,10.257211,7.4424334,5.525047,4.439403,8.043519,5.9514236,12.263602,13.030663,15.91982,19.697464,19.886803,18.433186,14.559261,11.158278,12.675246,9.051303,10.551026,9.124184,9.312757,9.828937,11.982468,14.141985,17.11782,15.999292,16.609806,13.76876,18.27227,17.596207,19.577131,16.872309,14.392174,15.029567,19.550522,17.862854,14.23299,12.217233,17.051874,17.828896,20.814138,16.160013,13.748099,19.610397,16.163008,13.324682,16.187315,16.704079,15.810784,11.029844,15.073081,10.773473,14.466487,15.450779,15.690912,20.620638,18.335344,23.794947,24.935064,21.315031,17.488525,14.890841,17.948757,12.585932,13.928766,18.137165,20.23521,23.770166,24.1482,21.904417,20.504765,18.79125,16.749918,13.398692,18.30857,15.662526,20.73337,21.063972,21.608997,18.665623,19.732162,13.515692,16.602238,13.916046,17.494663
17,22.838606,18.653027,18.591455,14.652501,11.672797,15.600638,8.937687,14.040156,12.445422,12.6278515,16.360182,18.084978,19.305971,15.516636,12.016872,7.974263,5.455495,0.0,6.341909,6.1736417,10.470415,11.453465,14.847568,13.091813,10.994226,10.89757,6.453863,5.741246,5.6568184,7.051171,12.261427,11.245647,17.409904,18.422813,21.35044,25.108963,25.301603,23.801512,19.921772,16.48873,17.73085,13.458613,14.886815,12.096558,10.81711,10.022474,10.950472,11.171496,13.513517,11.560541,12.715443,10.916942,15.930112,16.267519,18.316433,15.533454,14.18875,16.149752,20.081446,19.939592,17.037418,13.438502,18.116625,18.163376,21.982138,18.646467,14.833108,20.472336,18.109259,14.83376,17.424913,16.625772,16.420376,11.548538,15.2203455,9.906023,14.741898,14.17179,14.6864605,19.512144,15.873394,21.261614,21.63552,17.568457,13.841273,10.855939,12.984457,7.4424706,8.524717,12.687056,14.886846,18.391417,18.839027,16.578268,15.326649,13.8369875,12.511318,9.890757,15.572777,14.270022,19.558634,20.034039,19.726748,17.085773,16.54973,10.862239,13.476111,10.268872,14.255606
18,17.738588,13.62015,14.282912,9.843649,7.993963,12.760008,8.192121,15.245802,14.409208,16.196558,20.3842,21.479404,23.877045,20.056864,15.453594,12.533661,8.638743,6.341909,0.0,4.4796443,5.815268,8.340811,10.517003,9.146952,8.791574,7.4061522,5.9405723,4.5085745,8.715902,7.188299,15.375571,12.68038,19.704206,20.521406,22.748152,26.899265,26.026041,24.13977,20.43849,17.067999,18.331278,13.493253,16.45264,13.812994,9.812064,11.538717,8.833976,11.041624,11.825214,12.1494465,14.4368,13.888101,18.786283,20.341745,21.15809,17.538649,17.662588,19.253054,23.806974,23.403524,20.215147,17.784224,23.166107,23.790956,27.471193,23.509178,20.625303,26.518562,23.980513,20.829142,23.382309,22.805016,22.183138,17.336174,20.257824,14.55869,18.245846,17.091223,16.162758,20.669653,16.661179,21.47834,22.814173,18.39007,15.565252,13.800302,14.880469,11.185212,9.325307,13.502463,14.915069,17.98369,19.255249,18.378714,18.207647,16.6304,17.17694,14.937436,21.018019,20.180506,25.167067,26.039888,25.673136,23.247557,22.16273,16.934845,19.041847,15.268313,18.64708
19,18.133877,14.170333,15.359408,11.921779,9.399529,15.014809,9.757693,16.618505,16.45942,16.962034,21.341867,23.35807,25.181658,21.611027,17.707666,14.001146,10.74132,6.1736417,4.4796443,0.0,4.7211514,5.3545713,8.715007,7.600311,6.1590457,6.8616343,5.4444385,6.8074117,10.165205,10.517764,17.718824,15.902697,22.67359,23.50596,26.15534,30.089828,29.625875,27.952534,24.07767,20.648693,22.001518,17.213524,19.53234,16.417164,13.040309,13.148434,10.952098,10.710035,10.890718,9.829408,12.512825,12.836405,17.787899,19.656183,20.867573,17.615252,18.02413,20.395947,24.272852,24.788685,22.076454,18.554344,23.40787,23.377012,27.467182,24.464085,20.591314,26.06423,24.099527,20.750761,22.950645,21.611862,21.399519,16.77916,19.33813,13.530219,17.748734,15.720322,15.316763,19.561193,14.722494,19.399164,19.859661,15.229205,12.514409,10.526817,10.672348,7.5239644,5.014375,9.107002,10.918508,13.944627,15.361305,14.227525,14.050428,13.027528,14.0252695,12.763127,18.758202,18.788914,23.794783,24.530586,23.584467,21.371677,19.250546,14.739299,16.187757,12.337036,15.625062
20,15.135761,11.532348,13.91052,10.69079,9.545907,15.406501,12.054737,19.396145,19.550474,20.777103,25.274294,26.928463,29.21654,25.485765,21.131733,17.856146,14.19635,10.470415,5.815268,4.7211514,0.0,3.7811458,4.787186,4.1439843,5.2688055,5.1270576,7.4596252,8.75414,13.295813,12.750154,20.794588,18.470928,25.425684,26.325363,28.507658,32.68097,31.65574,29.715286,26.082222,22.765156,23.888178,18.911488,21.810398,18.708118,14.118535,15.247075,11.070707,11.555799,10.147118,11.015742,14.242155,15.45078,20.006289,22.655657,23.03753,19.407944,20.809855,23.016422,27.094887,27.629604,24.901754,21.940723,27.128548,27.422039,31.465641,28.218077,24.831758,30.46864,28.553204,25.265245,27.587976,26.330446,26.028313,21.385916,23.75045,17.884026,21.564543,19.28073,18.161547,21.964453,16.975332,20.900768,21.817196,17.115294,15.3299265,14.209602,13.379444,11.713307,7.787048,10.725187,11.36036,13.686912,15.675955,15.89091,16.6516,15.516941,17.747007,16.665497,22.693817,23.018263,27.742336,28.785648,27.813871,25.811407,23.438492,19.324202,20.639608,16.76591,19.695337
21,14.748316,11.398839,13.83099,11.733438,10.040822,16.113432,12.61373,19.57789,20.460293,20.906902,25.571531,27.912832,30.077131,26.835535,22.8361,19.252537,15.8598,11.453465,8.340811,5.3545713,3.7811458,0.0,4.156044,5.762074,6.1006026,7.8988924,9.572494,11.451369,15.379167,15.339416,22.977827,20.762539,27.73312,28.265757,30.868963,34.740852,33.91857,32.289604,28.383585,25.042208,26.65824,21.809202,24.514519,21.400568,17.330544,17.832829,14.362938,13.753893,12.156842,11.821435,15.157947,16.758133,21.316498,23.89415,24.739992,21.450148,22.679415,25.241394,28.948612,29.829546,27.233282,23.691122,28.46062,28.250607,32.48138,29.754595,25.690153,30.938658,29.122766,25.711527,27.494833,25.817654,25.530455,21.214403,22.898235,17.133478,20.65018,17.704659,16.706804,20.039265,14.602418,18.110338,18.585264,13.854002,12.5588045,11.9185095,10.372497,10.430242,6.559069,8.434391,9.669569,11.415503,14.06006,14.040705,14.719996,14.585876,16.930658,16.750704,22.448315,23.239141,28.060713,28.789906,27.394459,25.431742,22.313274,18.706446,19.203056,15.24051,17.552233
22,13.305708,10.678676,14.208248,12.458041,11.978769,17.802742,15.555645,22.720884,23.58311,24.55343,29.226713,31.224476,33.61236,30.107153,25.820143,22.471977,18.85804,14.847568,10.517003,8.715007,4.787186,4.156044,0.0,4.5978465,7.0483885,8.079174,11.634883,13.459363,17.94523,17.521162,25.570103,23.184408,30.187944,30.919874,33.129005,37.227325,36.035957,34.154068,30.501862,27.248287,28.525778,23.560623,26.549429,23.38658,18.61378,19.639402,15.046666,14.796483,12.156717,13.24124,16.744936,18.886354,23.058949,26.203993,26.38831,22.875082,24.845034,27.291758,31.0955,32.047215,29.502333,26.346012,31.36387,31.431612,35.63068,32.743744,29.073477,34.489758,32.794018,29.43633,31.458324,29.85594,29.59992,25.190565,26.98176,21.181871,24.511677,21.569979,20.208763,23.251404,17.911278,20.775839,21.515461,16.931366,16.2702,15.976639,13.943259,14.302578,9.902266,11.0353775,10.98929,11.970974,14.834622,16.022404,17.439344,16.99007,20.142916,19.913898,25.644793,26.61367,31.17329,32.204586,30.84408,29.073591,25.901794,22.54862,23.1782,19.323746,21.6046
23,17.221243,14.227134,17.3159,14.397857,13.625045,19.441994,16.119133,23.430933,23.332167,24.419176,28.787169,30.378849,32.255527,28.100494,23.96727,20.521357,17.139084,13.091813,9.146952,7.600311,4.1439843,5.762074,4.5978465,0.0,3.5323846,3.857933,8.266191,10.631396,15.023568,15.2572775,22.914461,21.300035,27.934612,29.439997,31.357054,35.784714,34.825317,32.59969,29.243279,25.92208,26.320002,21.1918,23.750343,20.195114,15.42903,15.930316,11.201861,10.423566,7.5902033,9.366027,12.781791,15.02017,18.924688,22.342054,22.120089,18.537369,20.939156,23.417871,27.101578,28.312807,26.052406,22.944706,28.02285,28.350878,32.49817,29.69938,26.400337,31.93728,30.70273,27.49004,30.131279,28.592697,28.773922,24.161427,26.848879,21.066853,25.155119,22.715399,21.887236,25.55604,20.253428,23.866545,24.204912,19.450254,17.978899,16.65248,14.700897,13.237181,8.509634,10.315694,9.533014,11.594882,13.270416,14.541758,16.115793,14.531911,17.898413,17.132786,22.932272,23.886122,28.079893,29.515003,28.398172,26.85236,24.130728,20.850348,22.240664,18.787281,21.89642
24,19.786741,16.475899,19.02904,15.893541,14.336454,20.214535,15.745021,22.758396,22.367056,22.913887,27.102867,28.910353,30.255926,26.033724,22.34759,18.54983,15.604811,10.994226,8.791574,6.1590457,5.2688055,6.1006026,7.0483885,3.5323846,0.0,3.6635184,6.084836,9.372535,13.011969,14.251917,21.185617,20.261074,26.631039,28.356407,30.498245,34.860905,34.33924,32.191093,28.75745,25.344925,25.60901,20.514513,22.520674,18.710295,14.684028,14.095551,10.535437,8.30607,6.215533,6.235383,9.711417,11.99892,16.032467,19.312445,19.47897,16.167957,18.335075,21.147087,24.490974,26.057411,24.034174,20.3826,25.160572,25.244183,29.500706,27.135307,23.504847,28.848804,27.950935,24.75144,27.449102,25.702333,26.210152,21.690083,24.63334,19.024872,23.595947,21.251905,21.012115,24.890905,19.5313,23.527617,23.294626,18.529398,16.591473,14.627935,12.621573,10.328053,5.625538,7.740797,7.184193,10.15802,11.146891,11.696946,13.008092,11.135919,14.398213,13.715032,19.433071,20.567072,24.700401,26.11594,24.92036,23.47323,20.705957,17.661905,19.170338,16.022425,19.437359
25,19.648314,16.24052,18.677576,14.91712,13.89156,19.355753,15.338717,22.485268,21.597418,22.89958,26.943956,28.101118,29.700197,25.140045,21.067112,17.71768,14.518543,10.89757,7.4061522,6.8616343,5.1270576,7.8988924,8.079174,3.857933,3.6635184,0.0,5.1150174,7.4228716,11.688,12.220687,19.521753,18.362865,24.681726,26.65239,28.359829,32.956615,32.170246,29.76045,26.611565,23.284399,23.126055,17.966167,20.234655,16.526533,11.848711,12.140292,7.451232,6.987693,5.2010055,7.444683,10.425069,11.961704,15.956731,19.187595,18.829744,15.072049,17.369709,19.672237,23.519512,24.559813,22.315203,19.427631,24.668846,25.305676,29.29903,26.282976,23.417208,29.131516,27.968548,24.905895,27.990723,26.726204,27.050617,22.290539,25.634949,19.969786,24.410519,22.577574,22.048538,26.201954,21.222027,25.457901,25.815096,21.04976,18.87444,16.880808,15.674076,12.534163,8.415503,11.28047,10.721451,13.653015,14.381936,15.036153,16.20546,13.772529,16.521563,14.917478,20.850088,21.351013,25.430689,27.066692,26.330564,24.75596,22.787361,19.129438,21.243671,18.046602,21.731562
26,22.242952,18.347073,19.725943,15.570602,13.601447,18.599152,13.185937,19.618677,18.091211,18.976446,22.67181,23.852983,24.955124,20.320486,16.63308,12.971217,10.257211,6.453863,5.9405723,5.4444385,7.4596252,9.572494,11.634883,8.266191,6.084836,5.1150174,0.0,3.8962574,6.9624295,8.725616,15.124434,14.643086,20.681723,22.777489,24.810507,29.251822,29.00906,26.788567,23.496208,20.083052,19.939516,14.937781,16.559664,12.734561,9.356859,8.402698,6.4195843,5.5267353,7.137641,6.5846643,8.533616,8.355646,13.130074,15.35475,15.889286,12.367615,13.362287,15.756698,19.652498,20.477402,18.135408,14.772101,19.942646,20.475168,24.459385,21.435356,18.347168,24.103514,22.858257,19.819965,23.059998,21.932308,22.37731,17.597784,21.43921,16.05988,20.920849,19.683517,19.778212,24.333668,19.78898,24.672543,24.806963,20.21742,17.219704,14.461495,14.3671255,9.440711,7.1167693,11.028717,11.609562,15.247047,15.349052,14.510795,14.627613,11.941955,13.092234,10.662251,16.757769,16.633623,21.00965,22.456331,21.982065,20.155254,18.903627,14.646788,17.334715,14.4269285,18.578138
27,22.033745,17.9878,18.691471,14.057988,12.302604,16.397972,11.265703,17.384224,15.316431,17.017246,20.529552,21.072529,22.639963,17.950287,13.688582,10.641706,7.4424334,5.741246,4.5085745,6.8074117,8.75414,11.451369,13.459363,10.631396,9.372535,7.4228716,3.8962574,0.0,4.9597626,4.972383,12.316091,11.0646305,17.376852,19.338116,21.19123,25.709072,25.25523,22.982864,19.726416,16.339207,16.266373,11.2267,13.34758,9.998722,6.2845902,7.0466566,5.455517,7.8237033,10.055766,10.30727,11.699317,10.302637,14.979577,16.375038,16.942411,13.286111,13.34079,14.8531065,19.45379,19.168987,16.205074,13.809803,19.394693,20.400177,23.974081,20.012356,17.656208,23.725945,21.734251,18.825428,22.175182,21.7281,21.678316,16.757122,20.740599,15.473557,19.865349,19.316938,19.101206,23.866146,20.00157,25.10453,25.911942,21.495373,18.266405,15.68614,16.677671,11.539919,10.159129,14.395295,15.347301,18.899448,19.214518,18.19405,17.964287,15.432197,15.647075,12.566016,18.527456,17.410498,21.970762,23.264977,23.287298,21.09203,20.763468,15.656884,18.672098,15.635532,19.70602
28,26.420046,22.266521,22.36648,17.788456,15.559718,18.79414,12.879711,17.324331,14.247322,15.368798,17.99697,18.264683,18.852148,13.695815,10.228325,6.910293,5.525047,5.6568184,8.715902,10.165205,13.295813,15.379167,17.94523,15.023568,13.011969,11.688,6.9624295,4.9597626,0.0,4.8083563,8.231115,8.954516,14.0708065,16.662127,18.681374,23.060171,23.397114,21.249556,18.147902,14.847846,14.21325,9.814281,10.32556,6.7682104,6.5664897,4.7187014,8.027521,9.212147,12.845033,11.804261,11.826775,8.709817,13.05861,13.016544,14.387642,11.419369,9.669648,10.953562,15.483958,14.886678,11.923503,9.084824,14.6106825,15.736621,19.122639,15.079476,12.868426,19.020262,17.13958,14.461546,18.331871,18.201717,18.494839,13.737627,18.552967,14.169039,18.88006,19.194994,19.779081,24.701015,21.435846,26.852034,27.269482,23.194895,19.46232,16.288485,18.009552,11.870279,12.309931,16.362768,17.6338,21.429647,21.067564,19.218672,18.294672,15.546594,14.219654,10.310061,15.558082,13.5077915,17.973856,19.19749,19.740717,17.446173,18.344858,13.00252,16.784624,14.639001,18.988604
29,23.80069,19.700884,19.339836,14.520537,12.876284,15.182799,10.409078,14.975209,11.866175,14.4523,17.343761,16.964508,18.920172,14.26822,9.435355,7.6043005,4.439403,7.051171,7.188299,10.517764,12.750154,15.339416,17.521162,15.2572775,14.251917,12.220687,8.725616,4.972383,4.8083563,0.0,8.518247,6.145908,12.730216,14.472386,16.25541,20.7659,20.30427,18.093697,14.79939,11.420803,11.562002,6.75039,9.295876,7.2106833,5.191146,7.520406,8.305407,11.930178,14.747293,14.898885,15.676419,13.152023,17.469786,17.617697,18.535732,15.213035,13.773408,14.117284,19.18247,17.470764,13.789617,12.685895,18.274485,19.7122,22.636946,17.663794,16.255705,22.404995,19.50558,16.909563,20.288057,20.749285,20.150381,15.344162,19.467102,14.8575325,18.523888,19.079454,18.791477,23.67786,20.904335,26.1978,27.548882,23.537725,20.013737,17.543545,19.730545,14.378284,14.261823,18.61177,20.007051,23.573189,23.903198,22.429483,21.685715,19.334167,18.372595,14.782801,20.160646,17.891811,22.505148,23.481436,24.109608,21.53096,22.3952,16.579393,19.889898,17.064045,20.914375
30,31.997484,27.869434,26.917433,22.325031,20.384014,21.425467,16.47648,17.880468,13.23651,14.972923,15.4356575,13.566181,13.50314,7.639327,5.047872,6.011251,8.043519,12.261427,15.375571,17.718824,20.794588,22.977827,25.570103,22.914461,21.185617,19.521753,15.124434,12.316091,8.231115,8.518247,0.0,5.71299,6.298785,10.194567,11.640508,15.895979,17.054382,15.003974,12.716241,10.236279,8.338349,6.9324193,4.3370233,4.8896604,9.819168,9.285097,14.152327,16.527643,20.492996,19.692492,18.967968,14.95374,17.745543,15.622955,17.249693,15.414164,11.492586,10.063275,14.588581,11.112496,7.029003,7.899154,12.29251,14.507428,16.082571,10.064766,10.975202,16.63856,13.628438,12.268358,16.46185,18.080194,17.885471,14.11789,19.137974,16.72467,20.12315,22.17149,22.930525,27.73633,26.027885,31.513687,32.394978,28.9437,24.953712,21.932062,24.801676,18.68491,20.187159,24.1949,25.722153,29.528227,28.99909,26.753677,25.324366,22.713509,20.069305,15.889533,19.207735,15.420154,18.980331,19.773766,21.584423,19.064306,22.206774,16.699959,20.75513,19.50167,23.331364
31,27.577074,23.567856,22.146397,17.642845,16.086248,16.22289,12.329242,13.734634,9.238625,12.569856,13.977218,12.04888,14.354225,10.094717,4.8431535,6.459575,5.9514236,11.245647,12.68038,15.902697,18.470928,20.762539,23.184408,21.300035,20.261074,18.362865,14.643086,11.0646305,8.954516,6.145908,5.71299,0.0,7.2188473,8.354497,10.313009,14.646146,14.524378,12.642415,9.205519,5.922497,6.8340044,4.529882,6.328072,7.5582986,9.222298,11.281789,13.819252,17.470808,20.69845,20.5042,20.757812,17.452192,21.206203,20.01619,21.421213,18.7887,15.880068,14.983525,19.908792,16.618546,12.418869,13.027476,17.743994,19.494131,21.396067,15.481369,15.405342,21.078909,17.113276,15.207931,18.332756,19.978752,18.761143,14.6399145,18.619799,15.470066,17.93544,19.892996,19.755129,24.471909,23.10123,28.395088,30.118013,26.711073,22.981947,20.654476,23.861937,18.499725,19.517279,23.813858,25.601816,29.19209,29.451672,27.471361,26.202248,24.087856,21.992857,18.19505,22.540716,19.174973,23.543446,24.026749,25.31753,22.43399,24.614004,18.476347,21.865313,19.57811,22.96277
32,34.618263,30.676428,29.01666,24.63901,23.173502,22.574984,19.099373,18.638884,13.669352,16.283157,15.439599,11.603387,12.28172,8.065701,6.4758854,10.402979,12.263602,17.409904,19.704206,22.67359,25.425684,27.73312,30.187944,27.934612,26.631039,24.681726,20.681723,17.376852,14.0708065,12.730216,6.298785,7.2188473,0.0,5.576011,5.6059856,9.889916,11.29343,9.43284,8.156347,7.276607,5.0871997,8.05685,5.7476864,9.694588,14.014735,14.993921,19.038185,22.350288,26.12088,25.753532,25.190119,21.221127,23.79813,21.393463,22.820946,21.149359,17.217155,14.91661,19.015371,14.196361,10.301248,13.3707075,16.413229,18.827417,19.139076,12.585928,15.191164,19.726603,15.759742,15.341283,18.645424,21.303669,20.307331,17.3897,21.54751,20.103043,22.064154,24.951006,25.337952,29.81786,29.189283,34.47163,36.003246,32.938286,29.027966,26.454422,29.89075,24.145205,25.737402,29.87843,31.580118,35.32101,35.05903,32.80733,31.27693,28.891457,26.054804,21.991413,24.935335,20.774326,23.97424,24.371868,26.545406,23.883595,27.560146,21.916079,25.640324,24.359745,27.648623
33,33.453167,29.674938,27.264494,23.469395,22.029829,20.155449,17.654701,15.292287,10.611039,13.569079,12.169807,7.5120225,10.302321,8.911181,7.1521354,11.54229,13.030663,18.422813,20.521406,23.50596,26.325363,28.265757,30.919874,29.439997,28.356407,26.65239,22.777489,19.338116,16.662127,14.472386,10.194567,8.354497,5.576011,0.0,4.540388,6.6951337,7.9891596,8.013648,5.1027384,5.2060394,7.837006,10.788733,10.489141,13.9861355,17.15931,18.776157,22.043781,25.53458,28.96603,28.408733,28.3343,24.607897,27.83373,25.513716,27.411615,25.552708,21.637068,19.881138,23.94502,19.413647,15.54686,17.573694,20.382902,22.09085,22.521816,16.373896,17.781569,21.862152,16.809692,16.234,18.17549,21.214787,19.217976,16.81099,19.712086,18.865265,19.39807,22.79035,22.84618,26.871584,27.246103,32.193653,34.249577,31.693752,27.967163,25.978157,30.023462,25.000319,26.930063,31.071812,33.247772,36.795593,37.055458,34.584236,32.81568,31.089542,28.02643,24.37148,27.46684,23.305317,27.113014,26.867952,28.7454,25.686049,29.04251,23.046026,26.082573,24.484398,27.03179
34,35.566994,31.909891,29.68917,25.67992,24.736465,22.770084,20.883648,19.211994,14.621598,17.995556,16.691275,11.863008,14.007197,12.006679,10.391156,14.72423,15.91982,21.35044,22.748152,26.15534,28.507658,30.868963,33.129005,31.357054,30.498245,28.359829,24.810507,21.19123,18.681374,16.25541,11.640508,10.313009,5.6059856,4.540388,0.0,5.2668796,5.77264,4.3715434,4.627186,6.439945,6.213666,10.871198,10.250497,14.501855,17.73311,19.813873,22.90971,26.927494,30.379578,30.405731,30.189764,26.415257,29.210339,26.977604,28.25596,26.378382,22.714918,20.311405,24.424202,19.33072,15.598835,18.97377,21.827065,24.145132,24.117792,17.659584,20.340036,24.410244,19.87339,19.65576,22.083239,25.14909,23.45436,20.956192,24.173065,23.079794,23.84144,27.080738,26.931288,31.005753,31.19233,36.146427,38.341183,35.571484,31.873703,29.811756,33.577633,28.303116,29.764536,34.01519,35.858727,39.481182,39.60173,37.44651,35.929382,33.787174,31.040817,27.110426,30.243292,26.056963,29.385609,29.535732,31.684507,28.854284,32.44057,26.564362,29.920065,28.32755,31.164341
35,38.71947,35.184372,32.460842,28.93615,27.905931,25.156788,23.765112,20.500084,16.385508,19.179304,16.76729,11.490552,13.592898,13.859595,13.633649,18.097778,19.697464,25.108963,26.899265,30.089828,32.68097,34.740852,37.227325,35.784714,34.860905,32.956615,29.251822,25.709072,23.060171,20.7659,15.895979,14.646146,9.889916,6.6951337,5.2668796,0.0,4.4827003,6.6941123,7.51707,10.17434,11.47391,15.955309,15.2304735,19.38377,22.779617,24.616001,27.891691,31.691837,35.17156,34.857227,34.63008,30.766956,33.572613,30.932066,32.623722,31.03544,26.995981,24.629993,28.26148,23.07907,19.686584,22.836939,24.817211,26.774021,26.225151,20.207722,22.868816,25.97758,21.017208,21.31364,22.777054,26.312868,24.189987,22.642809,25.001461,24.999851,24.740646,28.509583,28.447884,32.01547,33.11258,37.772987,40.11098,37.86172,34.236668,32.42919,36.615223,31.666685,33.612114,37.76571,39.908554,43.467487,43.69393,41.229534,39.422474,37.638218,34.43015,30.720264,33.357647,28.961853,32.17918,31.834713,34.07542,31.136395,35.02439,29.249033,32.226852,30.888958,33.177906
36,36.43214,33.139168,30.360155,26.940426,26.453194,23.214655,22.918392,20.098833,16.3555,20.058304,18.533539,13.550319,16.864178,16.591204,14.924181,19.194935,19.886803,25.301603,26.026041,29.625875,31.65574,33.91857,36.035957,34.825317,34.33924,32.170246,29.00906,25.25523,23.397114,20.30427,17.054382,14.524378,11.29343,7.9891596,5.77264,4.4827003,0.0,3.979261,5.59392,9.01239,10.854137,15.211858,15.638734,19.768435,22.14075,24.886787,27.216145,31.632256,34.758198,34.994686,35.128513,31.559395,34.65594,32.58168,33.882492,31.810308,28.320187,26.021463,30.196478,25.076859,21.365644,24.59781,27.412376,29.52191,29.422098,23.115881,25.486593,29.261316,24.27171,24.067556,25.665882,28.928278,26.626902,24.523603,26.75014,25.981487,25.58265,29.014305,28.357872,31.871311,32.891514,37.384125,40.190266,37.797443,34.387726,32.87585,36.9176,32.21574,33.61446,37.8837,39.90908,43.36624,43.888504,41.777416,40.240974,38.424294,35.73658,32.003716,35.324253,31.16804,34.742264,34.623356,36.64813,33.637684,37.011105,30.953682,33.882484,32.00431,34.332275
