,0,1,2,3,4,5,6,7,8,9,10,11,12,13,14,15,16,17,18,19,20,21,22,23,24,25,26,27,28,29,30,31,32,33,34,35,36,37,38,39,40,41,42,43,44,45,46,47,48,49,50,51,52,53,54,55,56,57,58,59,60,61,62,63,64,65,66,67,68,69,70,71,72,73,74,75,76,77,78,79,80,81,82,83,84,85,86,87,88,89,90,91,92,93,94,95,96,97,98,99,100,101,102,103,104,105,106,107,108
0,0.0,4.3763313,6.282286,9.807554,12.112753,14.98667,17.67321,21.299965,25.010918,27.591972,30.58109,35.931835,30.893059,30.090017,24.441801,24.670729,20.551075,20.822412,17.360092,17.379421,15.24151,14.930416,19.493088,20.93114,24.1879,26.826614,28.44042,30.504091,29.976887,32.43166,29.440882,35.94758,35.633926,37.970867,40.534584,40.26512,41.618137,41.8237,37.937943,33.964,37.0081,31.575325,34.005203,31.094488,33.1321,33.114178,31.987894,33.57398,31.241713,36.17225,37.27438,34.329456,38.296013,41.8943,42.513645,43.216072,40.608986,40.058884,38.61638,40.63197,36.76692,39.500652,37.490036,40.45889,41.44026,36.915524,41.44209,39.548958,41.63467,41.083584,39.517056,38.31956,31.978962,34.64412,30.44385,30.662306,29.600662,28.779036,30.287022,28.273241,30.417831,32.140957,30.26206,27.695074,25.710003,24.514803,23.11983,24.512007,22.727633,25.73223,23.10462,25.44177,22.217606,18.79002,19.711977,17.831396,21.438274,18.376791,22.420996,22.079956,24.475958,26.91414,26.036634,23.940798,25.938713,24.565828,24.505527,26.684557,25.538166
1,4.3763313,0.0,5.3465824,6.565166,8.830484,12.794859,14.412361,18.897491,22.047619,25.326242,27.96149,33.510216,28.990732,27.962355,22.505033,21.90832,17.903952,17.421865,13.913606,13.361385,11.017942,10.574258,15.204789,16.857939,20.081041,22.648554,24.573496,26.42987,26.000021,28.501957,25.835531,32.227707,32.477844,34.703907,37.531322,37.54454,38.721687,38.647366,34.70807,30.683804,33.382633,27.873297,30.002407,26.993832,28.919075,28.747787,27.650652,29.220016,27.010056,31.897816,32.916412,30.122854,34.117664,37.610775,38.2193,38.86329,36.288036,35.690807,34.303146,36.445366,32.65914,35.501972,33.639336,36.73249,37.94035,33.563194,38.35171,36.766,38.9313,38.863876,37.1321,35.683804,29.370823,31.772163,27.487766,27.261915,26.105942,24.86811,26.463772,24.10573,26.328705,27.989262,25.980064,23.338856,21.414232,20.271183,19.02856,20.632677,19.283773,22.587284,20.330568,23.020359,19.88698,16.338116,16.453182,14.330907,17.504593,14.171628,18.049929,17.789495,20.219355,22.7507,22.091005,19.897953,22.429396,20.716463,21.195202,23.387983,22.769299
2,6.282286,5.3465824,0.0,5.3369217,6.8034945,8.9426985,12.039073,15.063112,18.953846,21.34514,24.362053,29.663338,24.634968,23.900387,18.203377,18.631714,14.666857,15.3345375,12.559963,13.173226,12.590372,13.146857,17.995642,19.963053,22.587595,24.775843,25.915237,26.890654,25.722525,27.709072,24.132748,30.632393,29.813204,32.041763,34.470726,34.067036,35.46847,35.810383,31.992493,28.07774,31.414688,26.141335,29.089901,26.43299,28.99854,29.831299,28.845545,31.147993,29.691996,34.369442,34.71108,32.18919,36.64257,39.83865,39.855724,40.357754,37.251667,36.67837,34.703373,36.14139,32.183098,34.54845,32.32166,35.315083,35.76213,31.26671,35.601055,33.50948,35.775803,35.051357,33.842953,32.86819,26.331432,29.48213,25.535536,25.79906,25.404415,24.637922,26.957518,25.079065,27.867651,30.05183,27.49583,24.769855,21.968832,21.007435,18.644754,20.058191,17.707024,20.486229,18.097092,20.744215,18.271826,14.680702,16.095203,13.670896,18.095419,14.572773,19.962412,18.697796,22.15363,24.948427,23.777462,21.103727,22.493467,20.357426,19.915707,21.430225,20.08145
3,9.807554,6.565166,5.3369217,0.0,3.8971558,6.8125024,9.12438,13.243162,16.080057,19.757143,21.852324,27.514706,23.135029,21.751812,16.59866,15.501977,11.415101,11.099326,7.630179,8.084704,7.649028,9.252241,13.903765,16.69307,19.245844,21.18598,23.169828,23.426218,22.280247,24.103226,20.924244,27.109283,27.190855,28.81575,31.76584,31.652,32.52811,32.587368,28.500914,24.486366,27.556612,21.995089,24.930088,21.82275,24.778362,25.004303,24.509342,26.529884,25.475708,29.863394,30.108622,28.348513,32.66355,35.4801,35.668133,35.872875,32.931282,31.911476,29.96432,31.702744,27.343039,29.951197,27.792461,30.669306,31.746372,27.180769,31.864752,30.28303,32.370846,32.4282,30.61901,29.178202,22.82482,25.356277,21.185625,21.059887,20.36349,19.426792,21.646145,19.796595,22.600302,24.92732,22.361021,19.842525,17.086584,17.026154,14.412249,16.777782,15.199906,18.482208,17.01853,20.334745,18.322369,14.668692,14.732907,11.671652,15.23609,10.462579,15.473405,13.656781,17.125134,19.912464,18.561804,15.807707,17.324389,15.150642,15.087163,16.970392,16.236177
4,12.112753,8.830484,6.8034945,3.8971558,0.0,5.9747105,5.6532617,10.431914,13.245155,16.834019,19.289783,24.872004,20.86511,19.874418,14.612992,13.553663,10.145556,9.334214,7.5069466,7.2799687,8.376064,9.311066,13.685639,15.967591,17.834242,19.50683,20.603607,20.626324,19.208315,21.019331,17.590883,24.003244,23.813345,25.940563,28.710117,28.743322,29.962318,29.877598,26.043348,22.053051,24.928469,19.612597,22.293877,19.717436,22.307251,23.579657,22.612724,25.381136,24.612453,28.999924,28.778458,26.610897,31.315655,34.16159,33.793633,34.164375,30.821686,30.281681,28.100855,29.35909,25.610222,27.915012,25.829023,29.146318,29.576363,25.402548,30.09069,28.382177,30.951067,30.903597,29.712036,28.480196,21.911478,24.91757,21.054771,20.507755,20.438316,18.896393,21.932003,19.504639,22.792107,25.03579,21.888012,18.922306,15.643961,14.740336,11.910114,13.560663,11.509211,14.678595,13.123195,16.477335,14.683329,11.090147,11.354952,8.204553,12.426126,8.341683,14.564534,12.850582,17.103119,20.174356,19.315706,16.203785,18.113785,14.75247,15.1268635,16.037594,15.620569
5,14.98667,12.794859,8.9426985,6.8125024,5.9747105,0.0,6.9490995,7.5414586,11.09699,13.833317,15.978661,21.424526,16.537226,15.242352,9.923638,9.874275,5.8448377,7.916222,6.8996596,9.465557,11.922598,14.273751,18.27247,21.19719,22.821503,24.08094,25.162539,23.941368,21.779554,22.596325,18.266056,24.18435,22.925037,24.177025,26.699081,26.040546,27.005693,27.614054,23.633614,19.8133,23.814627,18.706142,22.926897,20.38577,24.345394,25.861849,25.70356,28.55293,28.653864,32.48772,31.776085,30.670227,35.374393,37.603832,37.02937,36.942642,33.400448,32.313526,29.583616,30.291697,25.677267,27.512453,24.849995,27.461452,27.507353,22.788881,26.82153,24.63449,26.845203,26.206913,25.028608,24.18528,17.527163,21.1353,17.61563,18.132206,18.763224,18.558184,21.811533,20.795868,24.23387,27.157736,23.967096,21.573853,17.802586,18.32935,14.206675,16.388779,13.736165,16.035776,15.099952,18.443434,17.901413,14.660204,15.855522,12.663322,16.972042,12.412881,18.467062,15.383547,19.852354,22.72406,20.814028,17.646832,17.31214,14.522513,12.974154,13.406333,11.577787
6,17.67321,14.412361,12.039073,9.12438,5.6532617,6.9490995,0.0,6.3881326,8.029315,12.138371,14.352552,19.890831,16.78518,15.961444,11.320071,9.508786,7.7908163,6.0349298,7.588405,7.2520466,10.677144,11.779156,14.844075,16.95916,17.603132,18.446882,18.676388,17.261429,15.06044,16.232016,12.208314,18.621565,18.170012,20.404959,23.138369,23.35987,24.690062,24.431421,20.794163,16.865213,19.618528,14.631672,17.471615,15.549895,18.343748,20.964651,19.959019,23.614258,23.858126,27.72189,26.603605,24.794395,29.845314,32.21859,31.09353,31.340227,27.47292,27.159388,24.453142,24.921679,21.571844,23.346706,21.220318,24.869877,24.547823,20.808462,25.445395,23.72987,26.765442,26.85166,26.236805,25.181232,18.611877,22.00147,18.725222,17.658846,18.566214,16.555138,20.648434,18.05315,21.928722,24.3102,20.461786,17.346586,13.258078,12.313784,8.383401,9.560928,6.8805275,9.727184,9.234577,13.0086155,12.657367,9.784391,9.855869,6.689352,10.668398,7.3836007,14.160301,11.823396,16.902369,20.073162,19.410276,15.979603,17.57456,12.945949,13.569976,12.945146,13.107752
7,21.299965,18.897491,15.063112,13.243162,10.431914,7.5414586,6.3881326,0.0,4.960339,6.516956,9.4894705,14.700043,10.625132,10.316193,5.28611,5.9826226,6.1420603,7.6874585,10.768013,12.319078,16.214384,17.963926,20.981577,23.259941,23.611862,24.086267,23.68037,21.24067,18.229195,18.157074,12.918993,18.533358,15.922593,17.730179,19.683018,19.020565,20.637938,21.236288,17.842085,14.311526,18.390938,14.3584175,18.720417,17.592716,21.32305,24.83603,24.299236,28.292572,29.309711,32.66196,30.929388,29.779423,34.905582,36.761444,35.11862,35.07784,30.839493,30.38956,27.05751,26.46315,22.874079,23.698162,21.015144,24.123907,22.493414,18.624973,22.206911,19.577623,22.777985,21.769571,22.116713,21.916939,15.218615,19.856081,17.53905,17.417446,19.550652,18.681034,23.194475,21.76772,25.797617,28.648064,24.670837,21.9984,17.556484,17.432735,12.846996,13.597897,10.089323,10.713568,10.7396,13.797964,15.094244,13.02613,14.666298,12.173405,16.23306,13.494046,19.886948,16.79191,21.925774,24.911243,23.572126,20.144064,19.859356,15.583014,14.492245,12.466148,11.244809
8,25.010918,22.047619,18.953846,16.080057,13.245155,11.09699,8.029315,4.960339,0.0,6.011068,6.4536924,12.084199,10.206112,9.260625,7.1225915,4.2900705,7.2671847,6.8904095,11.448915,12.445584,16.866613,18.715313,20.692204,23.017706,22.715864,22.57979,22.250362,18.618795,15.272688,14.377951,9.184302,14.033703,12.069738,13.186677,15.757142,15.619631,16.751282,16.863749,13.276409,9.571806,13.451947,9.533567,14.225606,13.44816,17.576368,21.489231,21.309376,25.473206,27.274183,30.003748,27.737143,27.331951,32.354813,33.658543,31.727327,31.417175,27.07345,26.475483,22.875805,21.892006,18.363007,18.8681,16.19363,19.498814,17.719664,14.170057,18.104912,15.999793,19.481659,19.43113,19.66696,19.163754,12.8875265,17.09785,15.268097,14.317264,17.001457,15.681877,20.65228,19.211407,23.371185,26.205029,21.993412,19.557592,15.021412,15.573798,10.781757,11.7147455,9.260199,9.449919,11.309107,14.458949,16.51642,15.031792,15.441513,13.16009,15.716451,13.299306,18.68793,15.324029,20.36157,23.149769,21.99,18.639309,18.28029,13.469461,12.957151,9.803991,9.943111
9,27.591972,25.326242,21.34514,19.757143,16.834019,13.833317,12.138371,6.516956,6.011068,0.0,5.1227674,8.77648,5.869249,7.363709,5.962688,7.8743587,10.942646,12.3839445,16.44673,17.872505,22.10247,23.756012,26.161764,28.154102,27.76946,27.663385,26.347702,22.889164,19.320866,18.09234,12.542426,16.50052,11.783957,13.544757,14.337822,13.124227,15.452654,16.518776,14.073563,11.574995,15.880902,13.84599,18.365501,18.649586,22.260195,27.01993,26.527756,31.057095,32.860355,35.60694,33.11012,32.324726,37.51955,38.855896,36.438347,36.271175,31.629509,31.485909,27.68541,25.824211,23.035326,22.679012,19.952236,22.88782,19.472637,16.605406,18.923738,15.643383,19.544777,17.774307,19.832006,20.524767,14.642977,19.869518,19.012457,18.877913,22.079824,21.344336,26.294699,25.170305,29.319132,32.17899,27.930305,25.450045,20.913013,20.807867,16.355713,16.165218,12.81298,11.380978,12.548823,14.464416,17.427069,16.623138,18.465294,16.761154,20.083263,18.508242,24.372162,21.242836,26.332918,29.153646,27.919868,24.570953,23.719362,19.282166,18.033525,14.633102,13.59103
10,30.58109,27.96149,24.362053,21.852324,19.289783,15.978661,14.352552,9.4894705,6.4536924,5.1227674,0.0,5.8358755,5.7232823,5.2212796,7.7008357,7.029763,11.384857,12.402886,16.853512,18.447996,22.928022,25.052877,26.82137,29.211039,28.6207,28.130188,27.446247,23.023909,19.355167,17.29725,12.3143835,14.573619,10.579647,9.974892,11.4783,10.212147,11.267582,12.474918,9.452966,7.1718225,12.2402725,10.811719,16.189926,16.463806,20.938148,25.327206,25.640774,29.863369,32.392124,34.46179,31.62543,31.999914,36.8763,37.533688,35.140522,34.48842,29.992931,29.239988,25.213636,23.115465,19.726934,18.96145,15.97299,18.31189,14.770633,11.727254,13.814149,10.693785,14.656032,13.714438,15.448746,16.007774,10.763608,15.712492,15.662825,15.422908,19.16881,18.83724,23.774382,23.360168,27.38082,30.417326,26.264221,24.37639,19.987349,21.12318,16.493742,17.114193,14.856665,13.698441,15.959239,18.192461,21.24614,20.391504,21.282911,19.35445,21.703405,19.627113,24.495409,20.865992,25.59219,28.070955,26.556723,23.442545,21.772627,17.653088,16.162298,12.060141,11.5263195
11,35.931835,33.510216,29.663338,27.514706,24.872004,21.424526,19.890831,14.700043,12.084199,8.77648,5.8358755,0.0,6.6851296,7.961236,12.171477,12.732907,17.013212,18.22583,22.668804,24.247274,28.736952,30.758097,32.3675,34.54244,33.616497,32.865013,31.581842,26.809582,23.02742,20.38535,15.885028,16.265087,10.785026,9.389338,8.554719,5.7120347,7.6289544,10.065188,9.168255,9.434999,13.539597,14.508138,19.167656,20.469616,24.452885,29.449903,29.75286,34.177425,37.093224,38.763866,35.498917,36.06177,40.881924,41.179886,38.27387,37.546524,32.89788,32.405586,28.20503,25.157873,22.668322,20.875074,18.131151,19.840492,14.590221,13.226795,12.958407,9.097933,13.484205,11.335001,15.341902,17.017477,13.65369,18.352972,19.580317,19.553528,23.662796,23.566246,28.433067,28.283335,32.208107,35.175022,31.004824,29.286642,25.035069,26.002838,21.700666,21.715664,19.506664,17.470846,19.838776,21.217999,24.931429,24.703135,25.90719,24.40132,26.591166,25.153465,29.835674,26.339853,30.930593,33.2747,31.8261,28.840422,26.87014,22.973312,21.384241,17.092976,16.496166
12,30.893059,28.990732,24.634968,23.135029,20.86511,16.537226,16.78518,10.625132,10.206112,5.869249,5.7232823,6.6851296,0.0,3.8647227,6.6340795,9.70201,12.945262,15.588007,19.312464,21.592813,25.844662,28.096972,30.588196,33.05576,32.87261,32.727867,31.867754,28.005798,24.366154,22.622324,17.338848,19.978157,14.910631,14.71565,14.840588,12.3299265,13.937763,16.273281,14.050116,12.575137,17.724016,16.460312,21.875662,21.997156,26.462465,30.73531,30.953808,35.13607,37.33094,39.715958,37.09234,37.15479,42.144802,43.034237,40.708725,40.143005,35.631924,34.90455,30.907064,28.817242,25.289518,24.498877,21.402493,23.141384,19.378286,16.218513,16.962557,12.871949,16.170328,13.044681,15.8964615,17.519857,12.491726,18.148073,18.332747,19.26727,22.902924,23.373997,28.000862,28.029316,31.982758,35.20733,31.20402,29.276178,24.817741,25.729353,20.97177,21.496216,18.44668,17.162003,18.393312,20.161533,23.137657,22.193949,24.152023,22.186863,25.525486,23.213818,28.774797,25.074236,29.924793,32.50142,30.607166,27.449947,25.2035,21.698896,19.288067,15.729272,13.703084
13,30.090017,27.962355,23.900387,21.751812,19.874418,15.242352,15.961444,10.316193,9.260625,7.363709,5.2212796,7.961236,3.8647227,0.0,5.939921,7.358503,10.737119,13.466178,17.043594,19.621822,23.884678,26.533508,28.850569,31.712877,31.703892,31.550577,31.436813,27.366854,23.839703,22.0572,17.051394,19.591711,15.721883,14.459544,15.60789,13.440226,13.84013,16.01822,12.893277,10.994065,16.55987,14.636672,20.621164,20.084743,25.218712,28.711533,29.462214,33.209827,35.551617,37.74953,35.240883,35.916107,40.679245,41.349575,39.388596,38.555157,34.309967,33.02496,29.074944,27.415138,23.037418,22.550339,19.246344,20.549799,17.705303,13.68548,14.87171,11.146255,13.871311,11.639482,13.0323925,14.169021,8.707355,14.413686,14.530482,15.746172,19.379732,20.32149,24.714937,25.26339,29.064295,32.45922,28.664948,27.090235,22.761448,24.511152,19.554966,20.90995,18.355919,17.757137,19.282673,21.649574,24.252607,22.882256,24.262959,21.912338,24.932055,21.881151,26.97521,22.911537,27.513935,29.90937,27.684147,24.669973,21.854218,18.791739,15.973389,12.443644,10.210716
14,24.441801,22.505033,18.203377,16.59866,14.612992,9.923638,11.320071,5.28611,7.1225915,5.962688,7.7008357,12.171477,6.6340795,5.939921,0.0,5.5816054,6.9708633,10.399832,13.3605795,15.943281,19.906057,22.28229,25.269255,27.969103,28.39172,28.725245,28.568733,25.527285,22.26919,21.458786,16.11887,20.523188,17.012114,17.514484,18.996092,17.421453,18.64732,20.147894,16.792469,13.845232,18.946472,15.629596,21.072153,20.016592,24.62772,27.958832,28.094069,31.880192,33.388664,36.32896,34.364513,34.04461,39.016945,40.405178,38.731804,38.316837,34.095894,33.15699,29.53368,28.550669,24.31744,24.644165,21.539585,23.712364,21.648277,17.405893,19.903564,16.643389,19.416044,17.524956,18.181904,18.633244,12.150058,17.50989,16.023123,16.984713,19.732914,20.086052,24.43474,24.18277,28.08491,31.325056,27.518417,25.395376,20.967834,21.87313,16.974592,18.201513,14.987163,15.021254,15.491409,18.104908,19.933239,18.083654,19.940266,17.435005,21.296463,18.099607,24.033834,20.328175,25.232216,27.963634,25.950043,22.693218,20.850777,17.437654,14.973282,12.462284,9.934411
15,24.670729,21.90832,18.631714,15.501977,13.553663,9.874275,9.508786,5.9826226,4.2900705,7.8743587,7.029763,12.732907,9.70201,7.358503,5.5816054,0.0,4.524746,6.114971,10.051393,12.303634,16.64596,19.288885,21.509684,24.49959,24.71772,24.765224,25.347256,21.738283,18.599436,17.633516,12.900685,17.029451,15.351852,15.035759,17.7627,17.05724,17.354458,18.047997,13.935072,10.303711,15.080091,10.825129,16.518595,14.846167,20.007313,22.737638,23.35447,26.840317,28.718391,31.30073,29.266796,29.633165,34.362347,35.42344,33.972965,33.307465,29.30995,27.940472,24.368237,23.803963,19.02966,19.761333,16.675629,18.995558,18.003788,13.387643,17.112783,14.932466,17.584673,17.51544,16.811787,16.159876,9.488508,13.906963,11.865298,11.909857,14.641246,14.588107,19.128593,18.837534,22.766647,26.02848,22.203293,20.336273,15.974438,17.817385,12.746744,14.912004,12.831339,13.613573,15.092928,18.364725,20.013535,18.028679,18.484089,15.7218275,18.427145,14.721861,19.753275,15.695223,20.429483,23.00134,21.020725,17.812963,16.05552,12.230708,10.235767,7.2048674,5.990568
16,20.551075,17.903952,14.666857,11.415101,10.145556,5.8448377,7.7908163,6.1420603,7.2671847,10.942646,11.384857,17.013212,12.945262,10.737119,6.9708633,4.524746,0.0,4.6168904,6.543334,9.640172,13.493504,16.429213,19.313866,22.59011,23.518854,24.091448,25.296394,22.619896,19.963202,19.820108,15.394968,20.351461,19.23794,19.369614,22.192356,21.518911,21.859749,22.508068,18.290432,14.532011,18.912725,13.949648,19.09705,16.608322,21.57225,23.306318,23.866766,26.844847,28.015387,31.083757,29.706976,29.735825,34.363094,35.840683,34.967396,34.428993,30.760654,29.232492,26.074373,26.341074,21.218401,22.680914,19.74287,21.986391,21.971796,17.054806,21.03706,19.046227,21.162521,21.045715,19.609148,18.626616,11.923266,15.660489,12.521632,12.998553,14.533539,14.716734,18.569656,18.258804,21.953451,25.23748,21.777525,19.844576,15.731256,17.549665,12.644836,15.403336,13.276147,15.056652,15.597169,19.132809,19.777725,17.11359,17.614105,14.439322,17.670315,13.014092,18.328701,14.30014,18.916561,21.577528,19.32761,16.108654,14.530342,11.343179,9.034772,8.109803,6.162362
17,20.822412,17.421865,15.3345375,11.099326,9.334214,7.916222,6.0349298,7.6874585,6.8904095,12.3839445,12.402886,18.22583,15.588007,13.466178,10.399832,6.114971,4.6168904,0.0,4.7914286,6.221648,10.643888,13.325929,15.477424,18.693663,19.30734,19.678251,21.196625,18.384848,15.980411,16.130499,12.449121,17.551798,17.897062,18.270403,21.679518,21.797197,22.012241,21.856478,17.577837,13.550182,16.803238,11.255702,15.513842,12.635943,17.312023,18.83466,19.281124,22.276316,23.492958,26.540478,25.156061,25.15152,29.751286,31.253855,30.436352,29.962225,26.374826,24.925987,21.953514,22.62965,17.761772,19.691406,17.15231,20.042154,20.65432,16.175446,21.024614,19.821766,22.192318,23.093843,21.412224,19.840456,13.542087,16.228071,12.764758,11.714808,12.756062,11.479884,15.689797,14.3381605,18.24833,21.27426,17.56176,15.366978,11.164376,13.100287,8.193876,11.561264,10.46151,12.924905,14.001821,17.81868,18.232655,15.664977,14.950536,11.782714,13.91295,9.138624,14.006652,9.984568,14.837528,17.62409,15.961607,12.569128,12.463261,7.9773116,7.7611027,7.0072875,7.6878123
18,17.360092,13.913606,12.559963,7.630179,7.5069466,6.8996596,7.588405,10.768013,11.448915,16.44673,16.853512,22.668804,19.312464,17.043594,13.3605795,10.051393,6.543334,4.7914286,0.0,4.021479,7.18365,10.639593,13.472316,17.218525,18.802048,19.780312,22.29078,20.538483,18.834133,19.669022,16.60042,21.84422,22.610102,22.982433,26.457418,26.49475,26.567232,26.484476,22.082026,18.0926,21.193825,15.453583,19.176392,15.624346,19.965284,19.996458,20.605621,22.667358,23.080532,26.511457,25.959082,25.860935,30.104345,31.92475,31.880941,31.441395,28.405441,26.625761,24.214058,25.779083,20.533579,23.08009,20.707317,23.20058,24.754486,19.986341,24.861229,23.819572,25.633848,26.57243,24.170624,22.298346,16.239925,18.181349,13.989817,13.460291,13.055119,12.293334,15.161295,14.044368,17.355515,20.364042,17.362446,15.402399,12.030317,14.201985,10.223862,14.060746,13.301903,16.428135,16.692019,20.532223,19.94904,16.814062,15.929167,12.515291,14.720902,8.84327,13.120801,9.26867,13.385176,16.08479,13.9783745,10.785107,10.943637,8.044825,7.6939692,9.499303,9.582896
19,17.379421,13.361385,13.173226,8.084704,7.2799687,9.465557,7.2520466,12.319078,12.445584,17.872505,18.447996,24.247274,21.592813,19.621822,15.943281,12.303634,9.640172,6.221648,4.021479,0.0,4.5151343,7.3074446,9.70815,13.29975,14.78083,15.820527,18.565033,17.276205,16.075346,17.523151,15.27504,20.675676,22.333874,23.255173,26.895567,27.457132,27.699072,27.079523,22.86759,18.845448,20.973227,15.206156,17.612797,14.034435,17.351004,17.208334,17.285355,19.381298,19.402218,23.146433,22.788748,22.119026,26.416054,28.554937,28.57653,28.40415,25.456585,24.043531,21.98538,23.93464,19.41806,22.284592,20.417204,23.5079,25.244467,21.065044,26.340815,25.659563,27.80422,29.138857,26.918518,24.872206,19.003542,20.596462,16.474041,14.958052,14.191958,11.9800005,14.855264,12.247642,15.623803,18.089857,14.888663,12.347482,9.170855,10.605967,7.457294,11.354627,11.497332,15.112396,15.398825,19.226887,18.214432,15.195836,13.297032,10.062655,11.239349,5.133871,9.278691,6.042674,10.492491,13.516855,12.465113,9.1553,11.727774,7.9318757,9.840719,11.4231205,12.664474
20,15.24151,11.017942,12.590372,7.649028,8.376064,11.922598,10.677144,16.214384,16.866613,22.10247,22.928022,28.736952,25.844662,23.884678,19.906057,16.64596,13.493504,10.643888,7.18365,4.5151343,0.0,4.0579805,7.1244884,11.031001,13.602521,15.314335,18.959036,18.953905,18.579504,20.632792,19.07039,24.438982,26.52241,27.604437,31.296345,31.945372,32.171955,31.456303,27.244108,23.2487,25.061256,19.311693,21.004484,17.226412,19.718456,18.342527,18.272717,19.38935,18.32227,22.506952,23.078894,22.005299,25.833454,28.406069,29.156994,29.163914,26.813862,25.363846,23.99277,26.669592,22.329203,25.60133,24.038418,27.00225,29.320032,25.172087,30.526379,30.017242,31.941187,33.38429,30.819784,28.57527,22.932734,24.03622,19.653421,18.238113,16.559528,14.403142,15.95322,13.094851,15.550123,17.480234,15.137366,12.774581,11.033217,11.978739,10.582156,14.059933,14.639066,18.490963,18.226007,21.846403,19.978428,16.774847,14.505544,11.620688,12.209961,6.6256948,8.541291,7.0689335,9.59268,12.36613,11.684484,9.101438,12.900668,10.618082,12.7862015,15.30538,16.42376
21,14.930416,10.574258,13.146857,9.252241,9.311066,14.273751,11.779156,17.963926,18.715313,23.756012,25.052877,30.758097,28.096972,26.533508,22.28229,19.288885,16.429213,13.325929,10.639593,7.3074446,4.0579805,0.0,4.851002,7.63887,10.62462,12.857967,16.312157,17.553335,17.796194,20.511814,19.488575,25.035717,27.355646,29.142614,32.70388,33.63069,34.217342,33.225273,29.293827,25.331392,26.58269,21.083044,21.739372,18.412828,19.561308,18.452488,17.412756,18.646114,16.674706,21.430733,22.351625,20.041073,23.944023,27.142479,27.886099,28.381752,26.097795,25.355558,24.37792,27.152536,23.82621,27.105484,25.923733,29.36346,31.424006,27.754852,33.215427,32.709534,34.98619,36.38167,34.202946,32.04182,26.298977,27.582428,23.32474,21.55415,19.98338,17.138683,18.745026,14.917436,17.173939,18.305502,15.978569,13.05228,11.8704,10.916899,11.077741,13.439843,14.358793,18.277245,17.59857,20.874647,18.3789,15.364507,12.508525,10.299063,10.122379,6.2567463,7.522074,8.419715,10.375329,13.150184,13.795696,11.564666,16.44953,13.723213,16.490997,18.564762,19.906385
22,19.493088,15.204789,17.995642,13.903765,13.685639,18.27247,14.844075,20.981577,20.692204,26.161764,26.82137,32.3675,30.588196,28.850569,25.269255,21.509684,19.313866,15.477424,13.472316,9.70815,7.1244884,4.851002,0.0,4.529078,7.2804346,9.260716,14.189734,15.429,16.48102,19.329304,19.64332,24.307606,27.831018,29.345276,33.19417,34.583305,34.847214,33.376633,29.571451,25.812498,26.106972,20.894348,20.374228,16.967606,17.187859,14.87389,13.849717,14.242216,11.91009,16.693153,17.98738,15.894355,19.370472,22.53119,23.699389,24.177032,22.413298,21.584583,21.225138,24.636824,21.804743,25.385715,24.77268,28.26046,30.933317,27.788876,33.455593,33.571415,35.775204,37.87851,35.444763,32.942585,27.76283,28.29703,24.199728,21.723238,19.78176,16.159742,17.23026,12.530692,14.226923,14.534733,12.464557,9.574369,9.9418955,9.202914,11.10479,13.490066,15.794242,19.60128,19.641062,22.803066,20.56735,18.113441,14.262829,12.691762,10.217207,7.7744594,4.05323,7.289838,7.2345886,9.665524,11.747307,10.212123,16.378004,13.735198,17.585596,19.60285,21.808348
23,20.93114,16.857939,19.963053,16.69307,15.967591,21.19719,16.95916,23.259941,23.017706,28.154102,29.211039,34.54244,33.05576,31.712877,27.969103,24.49959,22.59011,18.693663,17.218525,13.29975,11.031001,7.63887,4.529078,0.0,4.0469913,6.914931,11.393291,14.374882,16.223547,19.655859,20.60145,25.192055,28.868008,31.073858,34.697037,36.359642,36.99306,35.25954,31.830996,28.196547,27.929325,23.177067,21.622246,18.966967,17.618334,15.991115,13.674107,14.342673,10.904841,16.211649,17.783049,13.871284,17.421589,21.393211,22.391531,23.541775,21.854836,22.056679,22.14029,25.434986,23.91414,27.304026,27.090298,31.002745,33.257435,30.666294,36.325684,36.414505,38.973324,40.986855,38.996758,36.629974,31.353102,32.142254,28.216276,25.516287,23.847807,19.82643,21.11712,15.936042,17.459976,16.966099,14.955699,11.760538,12.510919,9.645119,13.038613,13.912382,16.477127,20.017658,19.758581,22.365683,19.698738,17.770267,13.472763,13.000714,9.509452,9.899129,6.5256605,10.920198,10.778126,12.775814,15.718316,14.415921,20.73978,17.689447,21.70611,23.262787,25.55084
24,24.1879,20.081041,22.587595,19.245844,17.834242,22.821503,17.603132,23.611862,22.715864,27.76946,28.6207,33.616497,32.87261,31.703892,28.39172,24.71772,23.518854,19.30734,18.802048,14.78083,13.602521,10.62462,7.2804346,4.0469913,0.0,3.0584657,7.761523,10.915396,13.336243,16.920595,18.72115,22.715017,26.88601,29.27948,32.829876,34.831028,35.527107,33.461994,30.392567,27.009432,26.024097,21.83639,19.283031,17.275257,14.718391,13.84237,10.601052,12.066148,8.999309,14.155508,15.11552,10.292959,14.464623,18.538275,18.911293,20.354664,18.401768,19.309513,19.486547,22.553467,22.088749,25.241877,25.424345,29.65023,31.601828,29.656233,35.26958,35.55645,38.358105,40.56689,38.90946,36.59672,31.52498,32.31526,28.748844,25.628462,24.360718,19.828697,21.594059,15.9723015,17.725548,16.91694,14.3965435,10.906421,11.760169,7.7908564,12.311801,12.2698555,15.543109,18.661606,18.903969,21.226076,19.010738,17.739458,12.99763,13.162479,8.358578,10.62389,6.9411387,11.535887,11.653111,13.551281,16.998589,15.621308,21.966265,18.279497,22.650488,23.549744,26.240702
25,26.826614,22.648554,24.775843,21.18598,19.50683,24.08094,18.446882,24.086267,22.57979,27.663385,28.130188,32.865013,32.727867,31.550577,28.725245,24.765224,24.091448,19.678251,19.780312,15.820527,15.314335,12.857967,9.260716,6.914931,3.0584657,0.0,6.4872766,8.665008,11.523655,14.968105,17.559595,20.811672,25.544031,27.78146,31.37373,33.62192,34.184624,31.868093,29.012083,25.863483,24.304785,20.557055,17.278088,15.635317,12.2778015,11.606348,7.851085,9.825027,7.5520325,12.202481,12.546978,7.551003,12.221262,16.050232,16.007755,17.478163,15.37649,16.579035,16.857368,19.898478,20.073347,23.108118,23.618782,27.936497,29.871584,28.387537,33.951546,34.50623,37.351826,39.838364,38.26499,35.915993,31.163425,31.756573,28.48168,25.052382,23.986042,19.16351,21.103243,15.319084,17.113405,16.104372,13.303606,9.85682,10.982387,7.047139,12.038861,11.729274,15.564899,18.331913,19.162107,21.393492,19.738176,18.843775,13.999324,14.296546,8.978561,11.6707945,7.567458,11.821792,11.848165,13.509732,17.198961,15.89884,22.12759,18.205372,22.80443,23.31452,26.347988
26,28.44042,24.573496,25.915237,23.169828,20.603607,25.162539,18.676388,23.68037,22.250362,26.347702,27.446247,31.581842,31.867754,31.436813,28.568733,25.347256,25.296394,21.196625,22.29078,18.565033,18.959036,16.312157,14.189734,11.393291,7.761523,6.4872766,0.0,6.413409,9.375478,13.232859,15.839909,19.122927,23.092796,26.525116,29.413687,31.831944,33.15716,30.736145,28.599077,25.738056,23.871746,21.043663,17.171637,17.174446,12.632938,15.378646,10.616732,14.587364,13.302406,17.073639,16.268589,9.9162855,15.161733,19.015125,17.198566,19.407722,16.20849,19.120197,18.788338,20.2425,22.060484,24.168018,24.75149,29.6263,30.096853,29.315748,34.504356,34.62103,38.101948,40.015533,39.488003,37.66863,32.626728,34.09232,31.230621,27.862555,27.708471,22.87326,25.833603,20.182674,22.644234,21.981619,18.605808,14.913273,14.548169,8.856294,13.335007,10.541018,13.849896,15.553669,16.180197,17.396988,15.988248,16.26258,11.658344,13.369628,8.238909,13.61868,12.5833235,15.906049,17.454586,19.507597,22.772604,20.899033,26.531353,21.750937,25.93567,25.492552,28.26356
27,30.504091,26.42987,26.890654,23.426218,20.626324,23.941368,17.261429,21.24067,18.618795,22.889164,23.023909,26.809582,28.005798,27.366854,25.527285,21.738283,22.619896,18.384848,20.538483,17.276205,18.953905,17.553335,15.429,14.374882,10.915396,8.665008,6.413409,0.0,3.7978218,7.1675434,10.978483,13.088885,18.008663,20.759851,23.91323,26.561274,27.468653,24.81449,22.783146,20.228807,17.75075,15.475658,10.903171,11.615235,6.5383725,11.458358,7.164823,12.674897,13.834286,16.30099,13.892736,10.244748,15.674386,17.921907,15.201238,16.524584,12.244002,14.800113,13.446685,14.147627,16.212843,17.93067,18.641962,23.614285,23.887493,23.563076,28.621737,29.072527,32.52513,34.828373,34.34772,32.5285,28.021591,29.252567,26.943995,23.296766,23.714464,18.810474,22.369982,17.106361,20.049704,19.94282,15.888384,12.47689,11.326521,6.9983015,10.404034,7.819052,11.891844,13.034165,15.208504,16.910019,17.07013,17.316374,13.142308,13.896546,9.209043,13.107276,12.346707,14.066071,16.197035,18.212101,20.941301,18.87593,23.604988,18.466763,22.58851,21.390715,24.569168
28,29.976887,26.000021,25.722525,22.280247,19.208315,21.779554,15.06044,18.229195,15.272688,19.320866,19.355167,23.02742,24.366154,23.839703,22.26919,18.599436,19.963202,15.980411,18.834133,16.075346,18.579504,17.796194,16.48102,16.223547,13.336243,11.523655,9.375478,3.7978218,0.0,3.9800491,7.2009516,9.866562,14.335678,17.209686,20.318367,22.850323,23.884806,21.381186,19.329168,16.743227,14.565379,12.349433,8.346825,9.650624,6.070231,12.457979,9.286205,14.934702,16.682383,19.013092,16.235558,13.775828,19.098663,20.84985,17.941965,18.763334,14.072612,16.007769,13.663441,13.345682,14.785067,16.022943,16.254675,21.362926,20.932869,20.523285,25.433113,25.604109,29.238695,31.281633,31.125883,29.553463,24.939772,26.587631,24.535416,21.061346,22.075075,17.478085,21.684155,16.961775,20.428846,21.019707,16.601065,13.248453,10.860258,7.302594,8.7088785,5.6990676,9.350972,9.970466,12.793975,14.701393,15.667833,15.912569,12.411853,12.756282,9.276444,12.38942,13.251128,13.708737,16.81427,19.109554,21.097673,18.630152,22.498947,17.016052,20.63352,18.84915,21.860226
29,32.43166,28.501957,27.709072,24.103226,21.019331,22.596325,16.232016,18.157074,14.377951,18.09234,17.29725,20.38535,22.622324,22.0572,21.458786,17.633516,19.820108,16.130499,19.669022,17.523151,20.632792,20.511814,19.329304,19.655859,16.920595,14.968105,13.232859,7.1675434,3.9800491,0.0,5.598695,5.9735947,11.382836,13.644013,16.868195,19.629456,20.388748,17.658865,15.880808,13.754961,10.868699,9.749852,5.1224446,8.097838,5.5959835,12.916037,10.936109,16.402287,19.134127,20.651365,17.211666,16.249483,21.181755,22.046598,18.739925,18.989378,14.009105,15.510045,12.365925,10.731777,12.440177,12.850786,13.107081,18.28689,17.25997,17.458838,22.070631,22.450338,26.144138,28.397635,28.474113,27.027548,22.934282,24.500353,23.06582,19.53196,21.152184,16.84658,21.37939,17.36549,20.943056,21.886545,17.37399,14.62562,11.938568,10.229764,10.14614,8.07927,10.846818,10.557526,14.15968,16.0045,17.89981,18.239674,15.4085245,15.361438,12.724708,14.740245,15.79281,15.252754,18.458422,20.557594,22.047213,19.588718,22.476381,17.0207,20.211866,17.732782,20.864986
30,29.440882,25.835531,24.132748,20.924244,17.590883,18.266056,12.208314,12.918993,9.184302,12.542426,12.3143835,15.885028,17.338848,17.051394,16.11887,12.900685,15.394968,12.449121,16.60042,15.27504,19.07039,19.488575,19.64332,20.60145,18.72115,17.559595,15.839909,10.978483,7.2009516,5.598695,0.0,6.7189474,8.28038,11.312476,14.280028,16.247492,17.599073,15.73685,13.445566,10.6403675,10.08076,7.888568,7.609679,9.335569,10.272183,16.488516,15.050742,20.264647,22.518446,24.731077,21.736847,20.643106,25.811068,27.009789,24.11634,24.254116,19.41693,20.208698,16.730347,15.02752,14.566429,14.751519,13.636058,18.510881,16.51852,15.572054,19.992794,19.33108,23.329454,24.634953,25.18085,24.213629,19.310478,21.99275,20.518476,17.734081,19.964773,16.508986,21.583376,18.31732,22.37385,24.10715,19.486254,16.577326,12.690997,11.311536,8.8715315,6.963788,7.330003,6.3465333,10.297104,12.596543,15.085568,15.094135,13.525522,12.8670435,12.372817,13.246508,16.619938,14.991003,19.343004,21.918648,22.473598,19.476202,21.362694,15.702301,17.788668,14.814683,17.129467
31,35.94758,32.227707,30.632393,27.109283,24.003244,24.18435,18.621565,18.533358,14.033703,16.50052,14.573619,16.265087,19.978157,19.591711,20.523188,17.029451,20.351461,17.551798,21.84422,20.675676,24.438982,25.035717,24.307606,25.192055,22.715017,20.811672,19.122927,13.088885,9.866562,5.9735947,6.7189474,0.0,7.1549845,8.214031,11.3401985,14.438621,14.950001,11.922303,10.970337,10.041825,6.115832,8.186858,5.4175777,9.776634,9.93204,16.649153,15.942726,20.918705,24.359743,25.1968,21.280912,21.610704,26.130527,26.146778,22.508652,22.148975,17.185139,18.045633,14.163716,10.5492,12.10684,10.616825,10.493075,15.35045,12.454374,13.85945,17.496508,17.91094,21.83791,24.073965,24.884893,23.914175,20.645336,22.401701,22.077736,18.865175,21.50833,18.117626,22.94769,20.200987,23.83256,25.303705,20.862122,18.832182,15.808756,15.568215,14.0200815,12.68219,13.991799,12.525747,16.545227,18.075817,21.060123,21.565308,19.765175,19.388918,17.922413,18.979893,20.70596,19.105284,22.531147,24.468502,25.170446,22.68887,24.031357,18.85539,20.984709,17.51121,20.354023
32,35.633926,32.477844,29.813204,27.190855,23.813345,22.925037,18.170012,15.922593,12.069738,11.783957,10.579647,10.785026,14.910631,15.721883,17.012114,15.351852,19.23794,17.897062,22.610102,22.333874,26.52241,27.355646,27.831018,28.868008,26.88601,25.544031,23.092796,18.008663,14.335678,11.382836,8.28038,7.1549845,0.0,6.0563655,6.694669,9.02147,11.493956,9.774524,9.763168,9.316393,8.791659,10.909879,11.819742,15.03994,16.379951,23.006407,22.090694,27.25708,30.160965,31.670916,28.046152,27.619972,32.52804,33.0143,29.36063,29.224367,24.192335,25.120789,21.176292,17.545973,17.95902,16.132195,14.831345,18.805681,13.873054,14.706524,16.92006,15.599812,20.243988,20.699905,23.143211,23.29073,19.512888,22.846603,22.95816,20.866644,24.249292,21.880304,27.071714,24.94436,28.922977,30.92311,26.384445,24.059324,20.243483,19.554796,16.839783,15.077061,14.16681,11.323728,14.868364,15.713521,19.677538,20.468231,20.323273,19.913895,20.319395,21.112907,24.773893,22.654144,26.970171,29.333946,29.385084,26.458588,26.887302,21.699905,22.50046,18.463783,19.963417
33,37.970867,34.703907,32.041763,28.81575,25.940563,24.177025,20.404959,17.730179,13.186677,13.544757,9.974892,9.389338,14.71565,14.459544,17.514484,15.035759,19.369614,18.270403,22.982433,23.255173,27.604437,29.142614,29.345276,31.073858,29.27948,27.78146,26.525116,20.759851,17.209686,13.644013,11.312476,8.214031,6.0563655,0.0,4.6106935,6.951418,6.7762966,4.4385147,4.086311,5.6808853,5.1320415,9.185108,11.591483,14.288813,17.23637,22.708033,23.086105,27.537212,31.167324,31.958662,28.12192,29.318623,33.73258,33.395725,30.076086,29.18455,24.544487,24.293911,20.065475,16.276648,15.3244095,12.748589,10.9470005,13.834952,8.084303,9.605609,11.0979595,10.547644,14.932705,16.470589,18.455584,18.477926,16.068684,18.59376,19.661022,17.673487,21.477917,19.890774,24.808071,23.824694,27.53785,29.871105,25.620417,24.142607,20.543175,21.598867,18.406136,18.10715,17.776812,15.856018,19.531977,21.06755,24.713968,24.896526,24.417816,23.36691,23.542852,23.101837,26.007797,23.139187,27.01409,28.965117,28.428143,25.810513,25.042912,20.590654,20.832317,16.482525,18.178255
34,40.534584,37.531322,34.470726,31.76584,28.710117,26.699081,23.138369,19.683018,15.757142,14.337822,11.4783,8.554719,14.840588,15.60789,18.996092,17.7627,22.192356,21.679518,26.457418,26.895567,31.296345,32.70388,33.19417,34.697037,32.829876,31.37373,29.413687,23.91323,20.318367,16.868195,14.280028,11.3401985,6.694669,4.6106935,0.0,3.7551718,5.813716,4.6286106,7.355225,9.613649,9.582011,13.634445,15.655531,18.709793,21.050322,27.00322,26.997967,31.702728,35.20921,36.090015,32.169468,32.90766,37.434044,37.18707,33.50628,32.818462,28.040651,28.288397,24.121992,19.893997,19.77544,16.90437,15.3562975,17.768764,11.231958,13.319023,13.152128,11.7312975,16.277647,16.563322,20.026217,20.878199,18.778753,21.861032,23.304476,21.791424,25.750845,24.39167,29.33521,28.356958,32.11804,34.42562,30.127163,28.480059,24.783913,25.253895,22.117846,21.20654,20.288565,17.67321,21.024532,21.85098,25.95542,26.572058,26.716639,25.962631,26.569914,26.572891,29.989857,27.256931,31.33988,33.406345,32.88811,30.169744,29.315426,24.85356,24.769955,20.337526,21.425438
35,40.26512,37.54454,34.067036,31.652,28.743322,26.040546,23.35987,19.020565,15.619631,13.124227,10.212147,5.7120347,12.3299265,13.440226,17.421453,17.05724,21.518911,21.797197,26.49475,27.457132,31.945372,33.63069,34.583305,36.359642,34.831028,33.62192,31.831944,26.561274,22.850323,19.629456,16.247492,14.438621,9.02147,6.951418,3.7551718,0.0,4.650216,6.1878953,8.130268,10.266055,12.010651,15.182672,18.344416,20.798304,23.831882,29.463678,29.632055,34.24474,37.60741,38.721077,34.976997,35.727352,40.35803,40.234516,36.774265,36.027603,31.293142,31.239737,27.015512,23.089247,22.06448,19.402348,17.350208,19.169096,12.692069,13.734968,12.705993,10.133233,14.689138,13.785947,18.062721,19.53716,17.460823,21.117002,22.815243,21.9966,26.148102,25.434433,30.341667,29.839376,33.65661,36.26229,32.016384,30.398577,26.466892,27.169538,23.534334,22.936916,21.431,18.873323,21.828558,22.70314,26.815817,27.207922,27.899664,26.890097,28.180904,27.65136,31.609888,28.523584,32.819874,34.976357,34.033833,31.22041,29.75055,25.581732,24.783295,20.311308,20.672846
36,41.618137,38.721687,35.46847,32.52811,29.962318,27.005693,24.690062,20.637938,16.751282,15.452654,11.267582,7.6289544,13.937763,13.84013,18.64732,17.354458,21.859749,22.012241,26.567232,27.699072,32.171955,34.217342,34.847214,36.99306,35.527107,34.184624,33.15716,27.468653,23.884806,20.388748,17.599073,14.950001,11.493956,6.7762966,5.813716,4.650216,0.0,3.8678794,5.7533283,9.148764,10.775086,14.375123,17.944317,19.986908,23.716448,28.522678,29.447435,33.54027,37.319195,37.94253,34.123333,35.87179,40.135296,39.493713,36.31326,35.10811,30.710196,29.9303,25.67317,21.86853,20.057325,17.141096,14.94709,15.703025,9.149457,10.590861,8.387532,6.6136436,10.824683,11.342423,14.913246,16.165577,15.448829,18.154243,20.534342,19.740995,23.983255,23.742058,28.292412,28.488258,32.02308,34.74756,30.77504,29.723043,26.069517,27.756071,24.03507,24.219505,23.284218,21.302113,24.541553,25.93931,29.778633,29.80695,30.009356,28.669003,29.562433,28.414682,31.683111,28.26832,32.14048,33.970238,32.739704,30.215185,28.107735,24.516874,23.5246,19.061987,19.702469
