,0,1,2,3,4,5,6,7,8,9,10,11,12,13,14,15,16,17,18,19,20,21,22,23,24,25,26,27,28,29,30,31,32,33,34,35,36,37,38,39,40,41,42,43,44,45,46,47,48,49,50,51,52,53,54,55,56,57,58,59,60,61,62,63,64,65,66,67,68,69,70,71,72,73,74,75,76,77,78,79,80,81,82,83,84,85,86,87,88,89,90,91,92,93,94,95,96,97,98,99,100,101,102,103,104,105,106,107,108,109,110,111
0,0.0,4.3630815,6.312115,9.852106,12.366567,14.840383,18.314585,20.871817,24.630222,26.671085,30.080908,30.147093,27.042686,27.795862,22.905714,25.489485,22.380524,23.648716,24.393305,24.585299,27.641533,25.863663,30.62195,29.635778,31.004765,27.353949,31.685993,32.34498,26.791805,30.527445,27.41169,32.56687,33.387016,34.889824,37.22147,37.979313,42.075684,41.98384,39.674725,37.164326,38.41241,36.62356,33.80434,35.301296,31.20705,32.791557,29.414387,31.085463,30.439405,27.08796,23.855343,22.047945,18.503744,18.150223,19.964106,22.234888,25.94526,28.32288,30.363941,33.38201,31.574205,36.434998,34.362774,37.00948,39.00475,39.017952,42.294285,41.680126,45.104267,41.746525,37.663464,40.09882,37.057865,40.75541,38.94972,36.874413,39.63285,38.538208,39.678356,41.853302,39.19765,36.274414,34.075832,32.64495,32.526806,30.954336,30.683617,29.191263,28.68637,27.922478,26.624039,23.449484,21.677011,21.71352,19.78809,21.944916,18.254772,17.662273,14.096467,17.131088,15.13936,16.748674,18.862267,20.649214,23.33854,23.003397,20.799984,23.370214,22.078802,22.112736,24.632187,23.90961
1,4.3630815,0.0,5.356849,6.537263,9.194198,12.452876,15.205091,18.761393,21.836348,24.439526,27.431107,28.006958,24.903212,25.128439,20.069082,22.085691,18.581081,19.639368,20.093254,20.284195,23.303827,21.602846,26.403843,25.500732,27.165041,23.746248,28.14956,28.665854,23.21535,26.880772,24.089535,29.031261,30.6406,31.862366,34.488247,35.449528,39.3537,39.197147,36.576298,33.805862,35.40007,33.21598,30.709764,31.910826,28.222023,29.646898,26.409588,28.20187,27.667828,24.599817,21.205395,20.018211,16.141628,16.835533,18.015347,20.935205,24.05093,26.663586,29.175339,31.659592,29.466938,34.21035,31.88602,34.178,36.208885,35.749836,38.965935,38.106064,41.45862,38.054207,33.829384,36.053776,33.053226,36.538704,34.926228,32.716713,35.60439,34.691994,35.940685,38.27821,35.782204,32.669422,30.728199,28.989283,28.729263,26.936031,26.706818,24.945347,24.607822,23.936964,22.83843,19.978104,18.227802,18.950638,17.382853,20.171915,16.942854,16.058895,12.529481,14.500882,11.621566,13.15995,14.736404,16.355618,19.034292,18.646656,16.480265,19.29189,18.153593,18.58129,21.356165,21.168
2,6.312115,5.356849,0.0,5.2231436,6.9358788,8.768794,12.498634,14.567194,18.46256,20.371733,23.877478,23.9395,21.038927,21.92245,17.175396,19.929949,17.635008,18.897732,20.931467,21.148582,24.822083,24.106808,28.636524,26.948559,29.285278,25.658482,29.297546,29.224573,22.861486,26.066404,22.514961,27.320745,27.589752,28.876587,31.24154,31.798323,35.93587,36.014046,33.761646,31.464462,32.83716,31.547749,28.774557,30.842228,26.855955,29.386848,26.47028,28.749203,28.773941,25.670084,22.107529,21.322725,18.294092,17.877268,17.973482,20.812252,23.46096,26.42894,28.180666,30.928175,29.102098,33.23698,30.52396,33.152195,34.38087,34.715664,37.75207,36.984165,40.733982,37.876698,33.764706,36.07697,32.622356,36.58647,34.054585,32.309486,34.717007,33.28939,34.3736,36.29664,33.63951,30.896782,28.265516,27.165136,27.198545,26.114773,25.877192,25.384258,24.883524,24.78906,22.976608,19.851,16.893042,16.888342,14.358571,16.129635,13.301037,13.358316,9.589816,13.869912,10.740726,14.383319,15.152901,18.194357,21.160639,20.16228,17.38491,19.370218,17.170443,16.778713,18.798466,17.843143
3,9.852106,6.537263,5.2231436,0.0,4.01086,6.3197494,9.452843,12.827772,15.611384,18.52316,21.02521,21.724669,18.59693,18.626045,13.559798,15.679126,12.678886,14.149265,15.848524,16.569351,20.242641,19.77966,24.443077,23.05159,26.04371,22.975517,26.661692,26.263855,20.025114,22.891527,19.844543,24.00293,25.47354,25.983921,28.983921,29.656004,33.504982,33.663883,30.866787,28.205265,30.377453,28.601732,26.443197,28.15345,24.946205,27.353323,24.768753,27.237267,27.44308,24.842005,21.15235,21.272224,17.910122,18.883205,18.197577,21.761856,23.525839,26.745522,29.063885,31.05837,28.736282,32.59372,29.473902,31.52226,32.64224,32.26584,35.124023,33.854465,37.553604,34.71946,30.330198,32.12801,28.623793,32.068497,29.66933,27.568579,30.008356,28.754242,29.835432,32.009106,29.408684,26.43397,24.33837,22.823856,22.949326,21.347672,21.662945,20.882723,20.92567,21.233385,19.779005,17.3633,14.043243,15.396082,13.300321,15.781552,14.216256,14.053656,10.661341,13.20488,8.070564,12.197339,11.109462,14.016048,16.83674,15.269673,12.5506735,14.181931,12.583523,12.26466,14.998065,14.685782
4,12.366567,9.194198,6.9358788,4.01086,0.0,5.333184,6.0250335,10.434222,12.812814,15.611038,18.676422,19.767887,17.303305,17.33082,12.525634,14.051461,11.92509,12.298368,15.185848,14.994705,19.03301,19.296833,23.353954,21.141201,24.296204,21.001478,24.067265,23.383533,16.723837,19.502853,16.11486,20.561243,21.709644,22.691391,25.394184,26.312658,30.1704,30.098219,27.467943,24.868652,26.626673,24.981611,22.600718,24.53997,21.139355,23.93855,21.531858,24.242683,24.795916,22.294981,18.567196,19.176628,16.478924,17.130735,15.487119,19.169735,20.31467,23.727446,25.873692,27.698708,25.434158,28.954893,25.670778,27.789915,28.72491,28.606462,31.462986,30.376375,34.17749,31.5077,27.277885,29.371302,25.775282,29.805655,27.153042,25.575954,28.065798,26.744175,28.10237,30.107185,27.828152,24.857105,22.172184,20.753746,20.406315,19.52452,18.95483,18.851048,18.36418,18.788393,16.815786,14.160178,10.409968,11.446801,9.3287325,12.171838,10.817202,10.626084,7.671539,10.116881,4.8217144,10.203293,9.033163,13.055592,16.100246,14.81827,11.607417,13.817582,10.463816,10.881388,12.640384,12.773404
5,14.840383,12.452876,8.768794,6.3197494,5.333184,0.0,6.2420754,6.74344,10.291202,12.706483,15.301717,15.557335,12.595704,13.208951,8.584658,11.717495,10.974315,12.780353,16.611168,17.533905,21.715887,22.595285,26.671202,24.530277,28.429976,25.50494,28.124857,26.86564,19.869253,21.672995,17.974829,21.23683,21.291485,21.29796,24.299461,24.360973,28.370502,28.970245,26.414442,24.316772,26.647106,25.988914,23.891964,26.604288,23.573153,27.306519,25.42713,28.452917,29.376644,27.059328,23.350113,24.218836,21.76661,22.085823,20.087946,23.592394,24.31716,27.896118,29.491425,31.355032,29.325989,32.144894,28.406376,30.513103,30.425756,30.765053,33.194298,31.795898,35.94174,33.935978,29.691038,31.275238,27.219118,30.945705,27.34302,25.805372,27.4507,25.520836,26.311373,27.943981,25.147606,22.686117,19.800972,19.162186,19.868868,19.191309,19.840351,20.87321,20.971891,22.236551,20.128649,17.9575,13.048352,14.009167,10.891099,11.763666,12.343203,13.478816,10.796852,14.664405,9.42479,15.255586,12.62827,16.749557,19.49324,17.13463,14.053513,13.943004,11.120679,9.144997,10.604901,9.108587
6,18.314585,15.205091,12.498634,9.452843,6.0250335,6.2420754,0.0,6.767786,7.20132,10.439681,13.309149,15.135636,13.556661,13.1861925,9.24668,9.654485,9.596854,8.942525,13.922069,13.430411,17.808754,19.564997,22.706087,19.698112,23.806042,20.94367,22.762924,21.114876,13.948011,15.490234,11.749649,15.268424,16.100384,16.674105,19.559109,20.47118,24.216572,24.22442,21.499964,19.020763,21.061665,19.900599,17.81506,20.364473,17.539658,21.403713,19.920256,23.169357,24.50003,22.652533,19.067799,20.873323,19.135906,19.83076,16.662014,20.420776,19.967043,23.68376,25.498816,26.635223,24.38348,26.733206,22.755177,24.540533,24.464186,24.5429,26.983637,25.641962,29.760893,27.778536,23.643442,25.485142,21.456608,25.801132,22.287407,21.323318,23.38563,21.735842,23.193405,24.887817,22.885868,20.077934,16.739271,15.632635,15.16818,15.290426,14.411606,16.01862,15.495452,16.95129,14.444749,12.510797,7.089531,8.638321,6.445926,8.841222,10.2849865,10.7725315,9.587647,11.123578,6.295065,12.046697,8.753695,13.632476,16.350056,14.558708,11.180777,12.302105,7.0328236,7.465269,7.352158,8.253207
7,20.871817,18.761393,14.567194,12.827772,10.434222,6.74344,6.767786,0.0,5.37254,6.124171,9.768449,9.806753,8.367132,9.823318,7.484742,10.238817,12.657924,13.528694,19.02374,19.435059,23.76266,25.829197,28.969511,25.954472,30.352835,27.551115,28.897346,26.869347,19.574545,20.153038,15.957608,18.116669,16.153286,15.967658,18.58198,18.099318,22.292704,23.18581,21.123644,19.819523,21.865026,22.573803,20.48396,24.22878,21.436384,26.39433,25.348087,28.7713,30.396812,28.471436,24.977995,26.555553,25.155098,24.910126,21.727379,24.939966,24.448606,28.18469,29.002705,30.548836,28.90304,30.473799,26.245667,28.348448,26.972527,28.186722,30.11416,28.786636,33.282593,32.202065,28.383856,29.92195,25.515987,29.740372,25.038643,24.516438,25.391556,22.859129,23.566536,24.436174,21.852793,20.06087,15.914452,16.442324,17.292955,18.215023,18.422638,21.410658,21.200905,23.168789,20.442564,18.600697,12.947345,13.067932,9.608637,8.091789,11.660328,13.803408,12.701731,16.572712,12.583798,18.557695,15.428317,20.151566,22.7131,20.272081,17.118738,16.279392,12.044326,9.695455,8.041085,5.456335
8,24.630222,21.836348,18.46256,15.611384,12.812814,10.291202,7.20132,5.37254,0.0,4.631648,6.180911,8.571922,8.420825,7.9780016,7.028179,6.9182353,10.842824,10.60391,16.684927,16.874458,20.99352,23.899904,26.304005,23.071314,27.997166,25.799551,26.454252,23.868525,16.964905,16.467966,12.848456,13.482012,12.475515,11.177221,14.602944,14.4678755,18.227043,19.070786,16.38107,14.75592,17.649544,18.170416,16.865187,20.481277,18.76761,23.828915,23.494596,27.061516,29.041744,27.768,24.479084,26.888659,25.760303,26.229923,22.39016,25.834164,24.3161,28.083143,29.200853,29.881584,27.949135,28.831646,24.240026,25.640173,23.81445,24.499557,26.04201,24.265472,28.790236,28.084345,24.285788,25.36176,20.818361,24.901396,19.856169,19.660793,20.331818,17.767656,18.7203,19.58623,17.46763,15.512038,11.036897,11.486448,12.130446,13.741088,13.860693,17.787123,17.784414,20.396185,17.785788,16.945568,11.265555,12.410672,10.273146,9.626616,14.097733,15.633127,15.380867,17.285387,13.345759,18.662066,14.419753,18.896357,20.998455,18.439756,15.579925,14.2739935,9.591609,7.8351297,4.001815,3.850291
9,26.671085,24.439526,20.371733,18.52316,15.611038,12.706483,10.439681,6.124171,4.631648,0.0,6.05958,6.897302,8.591772,9.785111,10.321641,11.133053,15.386864,15.163458,21.286818,21.177776,25.297346,28.260138,30.450792,26.840439,31.528072,29.049225,29.228079,26.557991,19.58607,18.851906,14.776504,15.307157,11.447627,10.8408375,13.006462,12.051668,16.326668,17.439207,15.817617,15.36892,17.143871,19.169044,17.396057,21.858738,19.732779,25.472088,25.33561,28.952347,31.145885,29.763203,26.621773,28.87165,28.280382,27.92309,23.903603,26.848557,25.174137,28.873974,29.195692,30.138205,28.747175,29.050425,24.45744,26.254055,23.653791,25.467638,26.784155,25.46931,30.147648,29.984291,26.685585,28.056295,23.531208,28.034521,22.550394,23.086958,23.280594,20.391247,21.145073,21.267166,19.272783,18.134201,12.962293,14.547934,15.210811,17.696463,17.294813,21.802277,21.354776,23.842936,20.851679,19.637926,14.148302,13.876689,11.300916,8.580579,13.96905,16.204567,16.447472,19.279848,16.369316,21.776695,18.35177,23.063293,25.298956,22.971285,20.015816,18.887434,14.101391,12.3313,8.522254,6.9866676
10,30.080908,27.431107,23.877478,21.02521,18.676422,15.301717,13.309149,9.768449,6.180911,6.05958,0.0,4.373242,6.6257906,5.9496355,9.123731,8.741686,14.135885,14.496866,20.259945,21.104036,24.788696,28.199791,30.210257,27.159483,32.51087,30.854591,30.961052,27.907885,21.60537,19.966843,17.026035,15.398808,13.338953,9.631966,13.423107,11.744403,15.020262,17.03603,14.464991,13.9849,17.770823,19.622494,19.280388,23.19813,22.528107,27.920673,28.26603,31.88997,34.15373,33.236267,30.121784,32.791996,31.815834,32.30828,28.283188,31.58915,29.62509,33.33996,34.114506,34.49635,32.7435,32.744946,27.929462,28.921152,25.959307,26.882841,27.605051,25.422535,30.00598,30.309277,26.849682,27.098017,22.442726,25.737051,19.743404,20.00707,19.20658,15.88493,15.969755,15.832125,13.45637,12.833925,7.8031783,10.373907,12.493418,14.790729,16.199,21.064768,21.619389,24.796158,22.417313,22.26662,16.847475,17.970272,16.040773,14.338901,19.499735,21.371307,21.309067,23.347494,19.46274,24.63458,19.916033,23.948349,25.612713,22.584354,20.232115,17.464436,14.166764,11.498242,7.6684494,6.514015
11,30.147093,28.006958,23.9395,21.724669,19.767887,15.557335,15.135636,9.806753,8.571922,6.897302,4.373242,0.0,4.505132,6.387748,9.971014,11.529946,16.543604,17.75248,23.37662,24.561182,28.400986,31.477114,33.911003,30.981264,36.212437,34.274952,34.657513,31.773743,25.153406,23.89587,20.528158,19.518318,16.335415,13.251382,16.20051,13.72137,17.230253,19.653582,17.829376,17.955442,21.146984,23.568655,22.818413,27.056368,25.856585,31.454586,31.5443,35.17179,37.3439,36.100246,32.867294,35.14547,34.067974,34.102943,30.34908,33.478962,31.954636,35.679558,36.09279,36.958237,35.468643,35.59886,30.880993,32.277237,29.198782,30.665455,31.440142,29.491074,34.124275,34.47117,31.057838,31.44926,26.794024,30.062555,24.049711,24.175713,23.168112,19.71702,19.324282,18.863361,16.009087,16.016336,11.527729,14.339391,16.806526,18.715271,20.423906,25.01034,25.552465,28.545282,26.04582,25.423069,19.79287,20.37649,17.749178,15.163946,20.256767,22.60514,22.22236,25.379381,21.42725,27.047808,22.682463,26.897434,28.777199,25.600836,23.114334,20.142384,17.207415,13.802177,10.707325,7.8288965
12,27.042686,24.903212,21.038927,18.59693,17.303305,12.595704,13.556661,8.367132,8.420825,8.591772,6.6257906,4.505132,0.0,3.9682639,6.581389,9.687561,13.865823,16.111048,21.217295,23.051964,26.921108,29.508757,32.546833,30.15111,35.36058,33.412426,34.520947,31.950472,25.206198,24.564095,21.232447,20.927279,19.078638,16.17713,19.670362,17.72797,21.24092,23.420076,21.079926,20.443785,24.057083,25.538857,24.720125,28.510092,27.09504,32.23479,31.86086,35.3965,37.24088,35.769627,32.32924,34.311783,32.65524,32.98664,29.7284,33.09694,32.178974,35.948875,36.77548,37.883232,36.13924,37.00272,32.400845,33.865368,31.497364,32.43231,33.559357,31.449066,35.992252,35.760094,31.925217,32.247192,27.613235,30.508629,24.974142,24.244043,23.616796,20.40154,19.896576,20.11568,16.702877,16.119333,12.628513,14.545922,17.355284,18.068075,20.566505,24.239132,25.160877,27.989937,25.774773,25.014788,19.282673,20.377455,17.481897,15.596683,19.91969,22.109554,21.000763,24.416506,19.67838,25.450909,20.916346,24.902308,26.817595,23.347454,20.928804,17.553179,15.514561,11.310583,9.602578,5.7781315
13,27.795862,25.128439,21.92245,18.626045,17.33082,13.208951,13.1861925,9.823318,7.9780016,9.785111,5.9496355,6.387748,3.9682639,0.0,5.148219,6.600155,11.199447,13.457599,18.294947,20.445124,24.038475,26.86505,29.705215,27.58148,33.05262,31.564678,32.639263,29.940834,23.632694,22.676777,19.98449,18.976267,18.627888,14.942792,19.177385,17.66257,20.690434,22.765902,19.74078,18.570152,23.015223,23.826992,23.61542,26.887264,26.150389,30.91096,30.733454,34.23053,36.07718,34.921494,31.537685,33.853764,32.045864,33.01546,29.655195,33.286263,32.091846,35.86203,37.133472,37.803566,35.73739,36.57798,31.895962,32.89381,30.685764,30.907654,31.914389,29.403057,33.796776,33.519405,29.532835,29.392376,24.79917,27.13912,21.720919,20.655302,19.95145,16.827679,16.285213,16.88246,13.398454,12.398911,9.515934,11.021995,14.243058,14.503567,17.747025,21.306911,22.680876,25.768501,23.922216,23.757996,18.22251,20.141653,17.84771,16.875628,21.1401,22.87439,21.830824,24.233768,19.143831,24.50658,19.296509,22.833588,24.397097,20.705782,18.638481,14.642542,13.275099,9.013463,7.5242734,5.0446444
14,22.905714,20.069082,17.175396,13.559798,12.525634,8.584658,9.24668,7.484742,7.028179,10.321641,9.123731,9.971014,6.581389,5.148219,0.0,5.0009565,7.506612,10.398523,15.001242,17.174917,21.024147,23.222113,26.646847,24.7226,29.860424,28.062504,29.831263,27.608873,21.07671,21.090256,18.213247,18.68613,19.29091,16.841476,20.976295,20.303349,23.686378,25.095066,21.917011,20.002617,24.01634,23.83865,23.10767,25.951027,24.591824,28.828703,28.052439,31.399347,32.88876,31.43324,27.897593,29.869038,27.661667,28.799776,25.885822,29.658638,29.04935,32.794125,34.436863,35.369377,33.120182,34.764267,30.344946,31.57438,30.298777,30.194237,31.774837,29.476606,33.754337,32.67408,28.379152,28.704584,24.261477,26.91069,22.332302,20.7013,21.129025,18.636322,18.729317,20.124546,16.915462,14.84849,12.406952,12.351933,14.62012,13.924474,16.683577,19.07526,20.317625,22.9161,21.16217,20.561172,15.092491,17.294994,14.89678,14.925821,18.129013,19.50142,17.925266,20.298563,14.720952,20.142048,15.126212,18.7078,20.560678,16.972616,14.616339,11.2565565,9.785457,5.101805,5.7384176,3.3975956
15,25.489485,22.085691,19.929949,15.679126,14.051461,11.717495,9.654485,10.238817,6.9182353,11.133053,8.741686,11.529946,9.687561,6.600155,5.0009565,0.0,5.525585,6.913785,11.938834,13.873154,17.448711,20.38704,23.110056,21.077957,26.593897,25.360434,26.642694,24.083124,18.156923,17.47609,15.467015,14.841898,17.133608,14.078706,18.733433,18.692596,21.476822,22.574442,18.79625,16.29265,20.985216,20.10612,20.112047,22.39576,21.969988,25.879658,25.581226,28.920788,30.593817,29.684553,26.367712,28.963743,26.982336,28.742006,25.391495,29.32113,27.996967,31.6878,33.679268,33.919693,31.392157,32.664417,28.129925,28.73831,27.464714,26.646906,28.007353,25.333462,29.45757,28.460936,24.12365,24.021156,19.584187,21.949274,17.396357,15.7159815,16.30421,14.0446,14.604336,16.421698,13.810828,11.008932,8.906823,7.753603,9.81162,8.985993,12.096398,14.861208,16.435997,19.4974,18.041632,18.34874,13.293252,16.352661,15.049964,15.904111,19.33752,20.174543,19.221775,19.974241,14.668972,19.235054,13.453751,16.595263,17.962996,14.377125,12.390255,8.759561,7.0404315,3.6232882,3.302122,5.3631163
16,22.380524,18.581081,17.635008,12.678886,11.92509,10.974315,9.596854,12.657924,10.842824,15.386864,14.135885,16.543604,13.865823,11.199447,7.506612,5.525585,0.0,4.7292013,7.560009,10.542697,13.979775,16.010307,19.592222,18.4623,23.684729,22.56388,24.880335,22.963009,17.500675,17.910227,16.446812,17.05961,20.828207,18.628574,23.12187,23.653927,26.415688,27.071033,23.126604,20.016308,24.45716,22.342052,22.218914,23.525314,22.90469,25.687136,24.773268,27.75889,28.886097,27.838871,24.444262,26.712826,24.004978,26.50074,23.881905,28.034267,27.378006,30.915699,33.563335,33.884087,31.007792,33.19306,29.058418,29.61372,29.476677,27.89198,29.719091,27.075089,30.784266,28.885258,24.188683,24.156572,20.202911,22.067202,18.994503,16.25303,17.96778,16.710392,17.548328,20.114819,17.684612,14.305248,13.708109,11.325729,12.40367,9.585921,12.735357,13.0044775,15.036873,17.482258,16.754381,17.045279,12.835315,16.63367,15.726733,17.887047,19.861748,20.009037,18.444605,18.43527,12.490307,16.247026,10.216462,12.374947,13.642967,9.679231,7.935498,3.8079643,5.02971,3.097556,7.246893,9.273821
17,23.648716,19.639368,18.897732,14.149265,12.298368,12.780353,8.942525,13.528694,10.60391,15.163458,14.496866,17.75248,16.111048,13.457599,10.398523,6.913785,4.7292013,0.0,6.1948047,6.994167,10.841446,13.750338,16.438757,14.429901,19.824863,18.747055,20.49828,18.351322,13.053852,13.278258,12.335001,13.019484,17.941881,16.389095,20.611977,21.928362,24.443031,24.4837,20.464008,16.91567,20.99838,18.1639,18.14388,18.975,18.656294,21.161894,20.50652,23.518429,24.848091,24.160732,20.968702,23.770542,21.58255,24.271935,21.13508,25.281183,23.981918,27.445765,30.259218,30.09775,27.087484,29.037708,24.921688,25.175842,25.28822,23.330872,25.25168,22.685759,26.298725,24.21936,19.523205,19.799011,15.882801,18.47727,15.721478,13.454697,16.01064,15.231468,16.946404,19.585312,18.074287,14.390263,13.272528,10.260216,9.576556,7.3715725,8.459262,8.840425,10.432523,13.101891,12.267459,13.0842,9.397136,13.698623,13.852907,16.70214,18.611948,18.2823,17.484056,16.044233,11.017783,13.874527,7.6047373,10.007133,11.227138,8.176189,6.0866876,5.3095737,1.9682859,5.4082456,7.1281857,10.7318125
18,24.393305,20.093254,20.931467,15.848524,15.185848,16.611168,13.922069,19.02374,16.684927,21.286818,20.259945,23.37662,21.217295,18.294947,15.001242,11.938834,7.560009,6.1948047,0.0,5.0118303,6.912286,8.864591,12.342682,12.393517,17.519327,17.467525,20.222075,18.789007,15.403773,16.199684,16.6436,17.335806,23.549105,21.934292,26.203411,27.740332,29.86592,29.757719,25.480373,21.598358,25.853249,21.986298,22.46648,21.977896,22.243887,23.145746,22.210377,24.572433,25.268179,24.857924,21.924564,24.513243,21.602446,25.439432,23.183096,27.393044,26.55813,29.648853,33.187,32.773563,29.376814,31.936956,28.321474,28.096733,29.165922,26.118181,28.121471,25.32742,28.169462,25.387653,20.5195,20.15338,17.218782,18.116016,17.386662,13.837131,17.122509,17.492147,19.143316,22.4014,21.103157,17.16259,17.823624,14.192925,13.483762,9.46754,11.372895,8.036929,10.948765,12.793815,13.6830015,15.215161,13.513085,18.074625,18.747467,22.222765,23.167608,22.251793,21.072823,18.600298,13.736929,14.524816,8.731032,7.577067,7.2417235,3.0759945,4.2826753,4.286073,7.4265685,10.094739,13.067285,16.2403
19,24.585299,20.284195,21.148582,16.569351,14.994705,17.533905,13.430411,19.435059,16.874458,21.177776,21.104036,24.561182,23.051964,20.445124,17.174917,13.873154,10.542697,6.994167,5.0118303,0.0,4.380789,7.3463874,9.628123,8.013123,13.214752,12.831335,15.268905,13.884251,10.826725,12.126949,13.129624,14.670709,21.391533,20.897615,24.526472,26.742783,28.809423,28.059597,24.029942,19.964067,23.273317,18.758808,18.955885,17.858353,18.022398,18.301601,17.33839,19.61757,20.390162,20.220812,17.493095,20.501562,18.154076,22.088892,19.472383,23.574663,22.297493,25.22788,28.941292,28.186687,24.685427,27.266777,23.878819,23.525394,25.178127,21.883537,24.212118,21.827997,24.497583,21.244572,16.409332,16.918232,14.284887,16.475277,16.346418,13.748208,17.788736,18.44839,20.788223,23.839144,23.185976,19.242352,18.974152,15.353265,13.1950035,10.573424,9.31856,4.896638,6.466233,7.823027,8.863336,10.814442,10.53497,15.0630455,16.707108,20.734934,21.23437,19.817934,19.311874,15.506452,12.038905,11.47598,6.4499636,5.1532216,5.059804,4.547034,4.437828,8.500412,7.666391,12.08446,13.870636,17.534107
20,27.641533,23.303827,24.822083,20.242641,19.03301,21.715887,17.808754,23.76266,20.99352,25.297346,24.788696,28.400986,26.921108,24.038475,21.024147,17.448711,13.979775,10.841446,6.912286,4.380789,0.0,4.8116035,5.689187,6.0923033,11.151707,12.344588,14.79866,13.788809,13.09352,14.06133,16.24973,17.078272,24.603489,23.917131,27.520428,29.940237,31.551079,30.638834,26.460379,22.241152,25.654678,20.516802,21.344116,19.236889,20.286005,19.370844,18.664389,20.346933,20.815598,21.254122,19.077442,22.151588,19.803127,24.3579,22.102627,26.019974,24.639273,27.177513,31.254545,30.02349,26.327358,28.876331,25.857998,24.892487,27.002983,22.844597,24.98931,22.40315,24.33053,20.739622,16.02961,15.829995,14.248722,15.025678,16.607021,13.585714,18.01612,19.509892,21.936468,25.22298,25.012358,21.02612,21.648226,17.741982,15.421359,12.360544,11.334759,5.2578716,7.53282,8.137943,10.733666,13.50395,14.471707,18.848639,20.856516,24.975225,25.317602,23.667078,23.255785,18.843388,15.994082,14.254809,10.353962,7.14101,4.827418,5.93227,7.8977723,11.144334,11.844136,15.936391,17.812052,21.562826
21,25.863663,21.602846,24.106808,19.77966,19.296833,22.595285,19.564997,25.829197,23.899904,28.260138,28.199791,31.477114,29.508757,26.86505,23.222113,20.38704,16.010307,13.750338,8.864591,7.3463874,4.8116035,0.0,5.5072374,8.2102165,10.929397,11.95884,15.923836,16.101065,15.713941,17.739529,19.484371,21.333328,28.429731,28.124636,31.649145,34.0244,35.923584,35.00142,30.940145,26.76084,29.862646,24.715065,25.042713,22.860132,23.194788,21.63119,20.161573,21.297935,21.005991,21.078466,18.965675,21.27127,18.21257,23.279604,22.048527,25.860064,25.37477,27.626312,32.030613,31.140638,27.393995,30.78555,28.271288,27.609077,30.409874,26.326702,28.799776,26.573065,28.255697,24.19268,19.6946,19.908525,18.789385,19.409931,21.39934,18.20805,22.533125,23.992197,26.19932,29.570747,29.02767,25.022135,25.711506,21.874765,19.900398,16.564949,15.8881,9.952948,11.393688,10.562318,13.300071,15.15893,16.698072,20.791666,22.642931,27.06278,26.511671,24.567402,23.704617,19.178953,16.50076,13.702006,11.225951,6.424355,3.2950056,6.384923,8.8457775,12.916282,14.390898,18.215298,20.812586,24.150702
22,30.62195,26.403843,28.636524,24.443077,23.353954,26.671202,22.706087,28.969511,26.304005,30.450792,30.210257,33.911003,32.546833,29.705215,26.646847,23.110056,19.592222,16.438757,12.342682,9.628123,5.689187,5.5072374,0.0,5.421216,7.5910397,10.666014,13.195154,13.319685,15.368422,16.648197,19.659863,20.714912,28.55099,28.410782,31.569757,34.39379,35.71535,34.376343,30.361294,26.103096,28.869959,23.116041,24.059168,20.843967,22.254732,19.658094,18.932117,19.6225,19.49348,20.586525,19.260273,22.20601,20.119118,25.202663,23.505102,26.989536,25.627462,27.507467,32.01824,30.301033,26.4573,29.224386,26.988272,25.536108,28.61189,23.72434,25.936575,23.693348,24.599949,20.317743,16.21811,16.110033,16.156382,16.261566,19.69267,17.056953,21.69461,23.806154,26.40651,29.697842,29.949036,26.018778,26.842571,22.903751,20.177431,17.478872,15.648157,9.561172,10.46258,9.248116,12.86879,15.817986,18.450382,22.355427,24.914875,29.329805,29.053907,26.948647,26.785845,21.452333,19.874115,16.558268,14.541708,10.470052,7.6811366,10.723568,12.874921,16.628036,17.289093,21.54767,23.319143,27.108637
23,29.635778,25.500732,26.948559,23.05159,21.141201,24.530277,19.698112,25.954472,23.071314,26.840439,27.159483,30.981264,30.15111,27.58148,24.7226,21.077957,18.4623,14.429901,12.393517,8.013123,6.0923033,8.2102165,5.421216,0.0,6.000944,7.7009635,8.935656,8.253237,10.19448,11.487426,14.70665,16.161139,23.79936,24.353323,27.023157,30.128725,31.510988,29.865305,26.14869,21.967863,24.026703,18.22474,18.841263,15.593895,16.855982,14.425931,13.952634,15.104712,15.624377,16.83175,15.432917,19.031145,17.79084,22.264019,19.710634,23.141863,21.078564,23.123627,27.389053,25.499802,21.704607,24.096071,21.640665,20.236128,23.26498,18.591284,21.054344,19.144493,20.454092,16.104963,11.780394,12.899788,12.474578,14.677881,17.188713,15.637754,20.34316,22.048836,24.987812,27.927168,28.361303,24.531807,24.336948,20.676731,17.290216,15.806311,12.170534,7.015492,5.89922,4.020576,7.7650504,11.185375,14.343952,17.915218,20.900135,25.254072,25.143005,23.027576,23.45756,17.81909,17.067635,13.930198,12.160142,9.6677,8.216779,11.201307,11.978138,16.340803,14.988838,19.725853,20.602734,24.542456
24,31.004765,27.165041,29.285278,26.04371,24.296204,28.429976,23.806042,30.352835,27.997166,31.528072,32.51087,36.212437,35.36058,33.05262,29.860424,26.593897,23.684729,19.824863,17.519327,13.214752,11.151707,10.929397,7.5910397,6.000944,0.0,4.863581,6.754105,8.804817,13.066657,15.284415,18.396967,20.802443,27.901186,29.339409,31.41525,34.817245,36.219143,34.171886,30.861612,26.828094,27.875751,21.918556,22.01729,18.125298,18.833454,14.552862,13.467766,13.106701,12.523136,14.278661,14.010975,17.10877,16.33037,21.106123,19.435013,22.16356,20.469328,21.610312,26.326138,24.170862,20.326122,23.396448,22.138113,20.673536,25.006325,20.195652,22.993958,21.978432,22.39211,17.309515,14.147735,16.14944,16.969223,19.167875,22.503742,21.307987,26.031746,27.898102,30.90154,33.79171,34.336655,30.524609,30.158592,26.589985,23.069597,21.799814,17.822723,13.00903,11.219301,7.830857,11.028466,13.367291,18.003502,20.704592,24.034105,28.649874,27.546516,24.927578,25.54256,19.158009,19.944563,15.261551,15.846843,12.895405,11.578309,15.643434,16.43109,21.532658,20.085545,24.904314,25.874454,29.6383
25,27.353949,23.746248,25.658482,22.975517,21.001478,25.50494,20.94367,27.551115,25.799551,29.049225,30.854591,34.274952,33.412426,31.564678,28.062504,25.360434,22.56388,18.747055,17.467525,12.831335,12.344588,11.95884,10.666014,7.7009635,4.863581,0.0,5.6813655,8.328457,10.556551,14.017297,16.032085,19.83306,25.899294,28.073282,29.833609,33.19215,35.083508,33.00554,30.034737,26.1967,26.63069,21.155167,20.240679,17.086575,16.292913,12.37974,10.127298,9.971165,9.155456,9.977336,9.246331,12.342765,11.749196,16.302277,14.616357,17.356358,16.016436,17.291212,22.068289,20.455542,16.623484,20.488483,19.294247,18.708736,23.273588,19.4278,22.738247,22.281061,23.370129,18.397705,15.179047,18.229502,18.147415,21.672964,23.78141,22.8615,27.452986,28.732664,31.700077,34.410088,34.593254,30.821655,29.667809,26.409668,22.943245,22.1043,17.707012,13.694545,11.036005,7.1123595,8.93523,9.838105,15.009217,17.063337,20.411173,25.128588,23.425207,20.618788,21.332727,14.748592,16.459978,11.323056,13.388171,11.432913,11.353231,15.431715,15.258812,21.004538,18.53044,23.359076,24.18521,27.635714
26,31.685993,28.14956,29.297546,26.661692,24.067265,28.124857,22.762924,28.897346,26.454252,29.228079,30.961052,34.657513,34.520947,32.639263,29.831263,26.642694,24.880335,20.49828,20.222075,15.268905,14.79866,15.923836,13.195154,8.935656,6.754105,5.6813655,0.0,4.0419483,9.642836,11.817006,14.827224,17.807863,23.869106,26.45409,27.53985,31.299213,32.66273,30.12917,27.505337,23.874502,23.480913,17.762964,17.170439,13.085174,13.291254,8.072844,7.4174275,6.967669,7.6148343,10.209165,10.59565,14.561717,15.602382,19.005823,16.228025,18.386862,15.433172,16.411346,20.770803,18.036343,14.247985,16.721613,15.660736,14.128952,18.972887,14.5772085,17.81046,17.822996,18.395185,13.294064,10.946039,14.830926,15.475457,19.691008,21.957355,22.121407,26.542519,27.94518,31.175089,33.540035,34.34507,30.824312,29.36879,26.348536,22.330135,22.536234,17.073908,14.375646,10.946983,7.6059537,8.75306,10.586789,15.963517,17.45991,21.312162,25.594976,24.56274,21.932655,23.489737,16.913517,19.294027,15.08673,16.456038,15.50383,15.360119,18.858091,18.505877,23.651968,20.400782,25.297474,25.171055,28.858797
27,32.34498,28.665854,29.224573,26.263855,23.383533,26.86564,21.114876,26.869347,23.868525,26.557991,27.907885,31.773743,31.950472,29.940834,27.608873,24.083124,22.963009,18.351322,18.789007,13.884251,13.788809,16.101065,13.319685,8.253237,8.804817,8.328457,4.0419483,0.0,7.4204273,8.258346,12.006319,14.071494,20.546827,22.825136,23.966766,27.756393,28.895847,26.388214,23.639933,19.979717,19.803299,13.9034195,13.817397,9.504813,10.807268,6.647161,7.5752397,8.6862545,10.535789,12.775453,12.4764385,16.832497,17.778976,20.82318,17.250113,19.743582,16.142925,17.72156,21.536974,18.704132,15.074232,16.385502,14.303681,12.341291,16.243223,11.485406,14.536775,14.078225,15.125998,10.341276,7.288954,11.441884,11.657926,16.485615,18.232254,18.845,23.077171,24.387033,27.676994,29.878582,30.87998,27.497618,25.943773,23.039772,18.852722,19.559935,13.718519,12.013506,8.3444395,6.18827,6.7608967,9.661237,14.223447,15.99453,19.84039,23.798798,23.638105,21.389723,23.106634,17.001328,18.702736,15.622732,15.641854,15.3678875,15.272368,18.0143,17.496393,21.973822,18.399267,23.195837,22.585238,26.425161
28,26.791805,23.21535,22.861486,20.025114,16.723837,19.869253,13.948011,19.574545,16.964905,19.58607,21.60537,25.153406,25.206198,23.632694,21.07671,18.156923,17.500675,13.053852,15.403773,10.826725,13.09352,15.713941,15.368422,10.19448,13.066657,10.556551,9.642836,7.4204273,0.0,4.7280054,5.508431,10.083194,15.352713,17.876923,19.366177,22.705643,24.78651,22.798262,20.034388,16.493998,16.65433,12.002806,10.39218,9.128058,7.54442,8.239704,7.6542377,10.899748,12.9830475,13.093878,10.8958845,15.041423,15.389397,17.552605,13.192443,16.510273,13.310636,16.233095,19.428421,18.03404,14.730995,16.552593,13.060697,13.062486,15.342938,12.920757,16.127113,15.445967,18.396662,15.059257,11.284436,14.839536,12.49659,18.261204,17.458866,17.84016,21.583143,21.797178,24.775505,26.795256,26.979074,23.661627,21.141884,18.676348,14.959391,16.05034,10.341347,10.41995,6.574994,6.1963024,2.5135946,3.631376,6.922607,8.83162,12.51654,16.52619,16.670956,14.772854,16.389233,11.146971,12.201441,10.949767,10.224638,12.211386,13.50282,15.030223,13.213363,17.502861,12.534425,17.084946,16.155355,19.658682
29,30.527445,26.880772,26.066404,22.891527,19.502853,21.672995,15.490234,20.153038,16.467966,18.851906,19.966843,23.89587,24.564095,22.676777,21.090256,17.47609,17.910227,13.278258,16.199684,12.126949,14.06133,17.739529,16.648197,11.487426,15.284415,14.017297,11.817006,8.258346,4.7280054,0.0,4.942825,6.057272,12.759689,14.644338,16.154991,19.714169,21.165699,19.069437,16.050915,12.356493,12.889479,7.6431303,7.433912,5.9025435,7.148794,9.125179,10.518904,13.684541,16.283234,17.075537,15.328336,19.583492,20.116198,22.11594,17.510963,20.5811,16.739794,19.56329,22.171122,20.233402,17.24532,17.439486,13.342827,12.375279,13.1237755,10.195686,12.688215,11.261705,14.700921,12.294881,8.468776,11.542417,8.590113,14.9713125,13.494781,14.80907,18.167377,18.399189,21.544456,23.28981,24.024206,20.95988,18.440804,16.13557,11.959935,14.090608,7.6743574,9.885629,6.559283,8.2002,5.748874,8.227597,9.231087,11.216252,14.482341,17.575832,19.084457,17.809263,19.60023,15.261643,15.48071,15.292827,13.117246,15.088535,15.8622,16.618162,15.105746,18.052681,13.215417,17.351614,15.590929,19.373083
30,27.41169,24.089535,22.514961,19.844543,16.11486,17.974829,11.749649,15.957608,12.848456,14.776504,17.026035,20.528158,21.232447,19.98449,18.213247,15.467015,16.446812,12.335001,16.6436,13.129624,16.24973,19.484371,19.659863,14.70665,18.396967,16.032085,14.827224,12.006319,5.508431,4.942825,0.0,6.520135,9.999153,12.850633,14.154325,17.337845,19.733204,17.960478,15.416671,12.325229,12.331454,9.274811,6.8828773,8.665136,6.551858,11.023067,11.344618,14.962874,17.486107,17.226076,14.830888,18.555355,19.046196,20.07853,15.20412,18.344835,14.890029,18.252234,20.228056,19.285988,16.74455,17.307457,12.822928,13.448633,13.445952,12.793666,15.387818,14.587587,18.563229,16.696455,13.305715,16.325445,12.864855,19.070055,16.321655,17.439335,20.218,19.561192,22.313608,23.7611,23.806026,20.955814,17.428812,15.815318,12.385022,14.848094,9.37467,12.409204,9.535812,10.984188,7.4670177,7.3145094,5.919358,6.8260794,9.800478,12.654495,14.411134,13.523777,15.45819,12.258747,12.477978,13.758593,11.832365,15.29007,16.94861,17.14177,14.753928,17.528526,11.615925,15.161695,12.907962,16.111237
31,32.56687,29.031261,27.320745,24.00293,20.561243,21.23683,15.268424,18.116669,13.482012,15.307157,15.398808,19.518318,20.927279,18.976267,18.68613,14.841898,17.05961,13.019484,17.335806,14.670709,17.078272,21.333328,20.714912,16.161139,20.802443,19.83306,17.807863,14.071494,10.083194,6.057272,6.520135,0.0,8.51759,8.830768,10.94589,14.238624,15.456618,13.827283,10.277686,6.4428453,8.666493,5.3245416,6.6102476,8.270503,10.140879,14.245757,16.017223,19.349281,22.123104,22.671974,20.664963,24.674988,25.016247,26.501661,21.678185,24.752731,20.918186,24.021076,25.767458,24.155956,21.740171,20.898203,16.202213,15.449982,13.567284,12.139999,13.179137,10.880639,15.319907,14.966787,11.764994,13.110728,8.908943,14.816018,10.75326,13.041597,14.984481,14.282881,17.215376,18.32377,19.18673,16.689913,13.463612,12.013057,8.045151,11.989191,6.626118,12.041559,10.470144,13.42184,11.135272,12.937817,11.174019,12.921602,14.952976,16.581612,19.78952,19.510881,21.188847,18.579195,17.58016,19.241467,15.73101,18.481615,19.33893,18.726177,17.034075,18.009335,13.150475,15.928655,12.952315,16.520128
32,33.387016,30.6406,27.589752,25.47354,21.709644,21.291485,16.100384,16.153286,12.475515,11.447627,13.338953,16.335415,19.078638,18.627888,19.29091,17.133608,20.828207,17.941881,23.549105,21.391533,24.603489,28.429731,28.55099,23.79936,27.901186,25.899294,23.869106,20.546827,15.352713,12.759689,9.999153,8.51759,0.0,6.1959643,4.5903077,7.9055552,10.548334,8.948223,8.061158,7.9254866,6.0458827,9.431829,7.652324,12.820053,11.98911,18.137232,19.62399,23.11696,26.092339,25.900045,23.812756,27.162628,28.126802,27.94952,22.879465,25.210226,21.425224,24.610033,24.71295,23.98167,22.757494,21.009129,16.15464,16.982933,12.980229,15.426217,16.107386,15.490114,20.143183,20.920988,18.947264,20.940296,17.087048,22.85612,17.821089,20.471348,21.114643,19.16874,21.226469,21.078308,21.387312,20.092302,15.072756,15.840397,13.674443,18.161976,14.387103,19.89798,18.105759,20.457273,17.265543,17.147871,14.091508,13.251713,13.862576,12.9331255,17.355354,18.224224,20.448944,20.018509,19.745537,22.834694,20.262672,24.283302,25.91933,24.98398,22.5095,23.05064,17.379417,18.57347,14.396048,16.149813
33,34.889824,31.862366,28.876587,25.983921,22.691391,21.29796,16.674105,15.967658,11.177221,10.8408375,9.631966,13.251382,16.17713,14.942792,16.841476,14.078706,18.628574,16.389095,21.934292,20.897615,23.917131,28.124636,28.410782,24.353323,29.339409,28.073282,26.45409,22.825136,17.876923,14.644338,12.850633,8.830768,6.1959643,0.0,5.1176114,6.1684484,8.110493,8.502691,5.2242217,5.083281,8.455875,11.251162,11.807619,15.824679,16.540981,22.04019,23.618904,27.14306,29.987701,29.971262,27.618055,31.113276,31.313084,31.878777,27.030508,29.91223,26.454107,29.801357,30.415565,29.604101,27.967863,26.493141,21.581947,21.705591,17.757803,18.772453,18.771711,16.751549,21.376184,22.612568,20.135891,20.634716,16.324717,20.70689,14.618389,17.064651,16.577255,14.009225,15.590288,15.0866785,15.3741865,14.534812,9.483934,11.04529,9.986145,14.721347,12.894788,19.009594,18.48288,21.692305,19.147264,19.879374,16.059835,16.749964,16.799484,15.885125,20.89939,21.993801,23.407043,23.284739,21.371195,24.974438,20.932451,24.597399,25.84587,24.013395,21.937737,20.878927,16.347282,16.541847,12.207103,13.996719
34,37.22147,34.488247,31.24154,28.983921,25.394184,24.299461,19.559109,18.58198,14.602944,13.006462,13.423107,16.20051,19.670362,19.177385,20.976295,18.733433,23.12187,20.611977,26.203411,24.526472,27.520428,31.649145,31.569757,27.023157,31.41525,29.833609,27.53985,23.966766,19.366177,16.154991,14.154325,10.94589,4.5903077,5.1176114,0.0,4.2709255,5.981739,4.7816653,4.9026465,7.184961,5.8960967,11.185912,10.92613,15.634522,15.9409075,21.824265,23.735443,27.14117,30.216175,30.263845,28.279743,31.715612,32.643063,32.535606,27.46941,29.750471,25.864922,28.936676,28.806683,27.88673,26.836155,24.45443,19.707697,20.059692,15.138485,17.662977,17.361378,16.39035,20.926098,22.73699,21.18852,22.40072,18.603584,23.654932,18.000172,21.143286,20.799433,18.516336,20.18019,19.27172,19.963507,19.484348,14.4794035,16.125902,14.598893,19.461489,16.563803,22.54959,21.258646,23.992426,21.096075,21.433233,18.244913,17.74313,18.023882,16.491083,21.372475,22.54068,24.604246,24.519663,23.806698,27.124264,24.032309,27.895643,29.305195,27.995277,25.740242,25.418062,20.322897,20.865473,16.447794,17.838472
35,37.979313,35.449528,31.798323,29.656004,26.312658,24.360973,20.47118,18.099318,14.4678755,12.051668,11.744403,13.72137,17.72797,17.66257,20.303349,18.692596,23.653927,21.928362,27.740332,26.742783,29.940237,34.0244,34.39379,30.128725,34.817245,33.19215,31.299213,27.756393,22.705643,19.714169,17.337845,14.238624,7.9055552,6.1684484,4.2709255,0.0,4.543387,6.261353,6.922842,9.862963,10.073988,15.230386,15.020493,19.769238,19.822443,25.834558,27.489344,30.97825,33.96176,33.7536,31.524933,34.738167,35.367275,35.10236,30.191114,32.545918,29.055933,32.26024,31.930058,31.435572,30.5023,28.323975,23.599834,24.223143,19.279673,21.924564,21.534184,20.350842,24.845001,26.790215,25.044611,25.863588,21.852112,26.317842,20.172014,22.962769,21.921574,19.078766,20.053879,18.61603,18.81161,19.04618,13.8253355,16.431355,16.055214,20.68466,19.003653,25.079441,24.258608,27.201162,24.32779,24.470236,20.569145,20.102243,19.575235,17.222025,22.580605,24.253004,25.940819,26.823494,25.475399,29.476625,26.023996,30.08723,31.594067,29.773035,27.450405,26.327242,21.628525,21.18908,16.669014,17.165092
