,0,1,2,3,4,5,6,7,8,9,10,11,12,13,14,15,16,17,18,19,20,21,22,23,24,25,26,27,28,29,30,31,32,33,34,35,36,37,38,39,40,41,42,43,44,45,46,47,48,49,50,51,52,53,54,55,56,57,58,59,60,61,62,63,64,65,66,67,68,69,70,71,72,73,74,75,76,77,78,79,80,81,82,83,84,85,86,87,88,89,90,91,92,93,94,95,96,97,98,99,100,101,102,103,104,105,106,107,108,109,110
0,0.0,4.4003897,6.3896527,9.762191,12.125766,14.538497,17.374662,21.04015,24.50067,28.283403,30.296894,35.862476,32.497334,30.818415,26.074516,24.448353,20.5983,19.422232,16.316248,14.477754,13.337167,10.871371,15.116686,15.330539,18.4054,20.651266,18.629145,20.348755,20.974428,21.685514,24.634739,23.856878,29.031603,28.33768,32.563263,34.11159,37.25223,37.495617,34.855293,33.78481,31.771175,31.316265,29.009443,27.819025,27.930473,24.212254,28.452103,26.24083,25.76241,29.533398,31.147713,30.638739,33.729202,36.31073,38.543648,38.7926,35.67578,39.887722,38.67867,42.185135,37.874405,40.099457,37.401985,39.676067,34.48922,32.762966,29.359917,26.367,24.405993,19.339417,21.183971,22.392658,24.504622,27.53536,29.252562,33.248703,35.231037,34.87496,40.26623,37.80439,41.242138,43.628944,40.60954,36.259933,31.974154,31.272657,25.538292,23.62866,19.58881,19.665016,22.181732,24.992325,24.081259,30.561995,30.136599,34.435246,36.511536,37.54589,41.260544,40.895622,36.407124,34.749516,39.552322,42.101196,39.160065,36.02875,34.798523,29.886206,28.333689,24.829802,23.065722
1,4.4003897,0.0,5.3362627,6.493751,8.741525,12.231419,14.117443,18.55041,21.408268,25.804213,27.330341,33.057606,30.091274,28.160938,23.919767,21.532497,17.927189,16.067787,12.923523,10.503606,9.464045,6.8861475,11.275488,12.076305,14.794153,16.86921,14.350213,16.16507,16.712585,17.743685,20.63487,20.44845,25.652685,25.592607,29.56584,31.490152,34.352615,34.2954,31.46439,30.143415,28.112324,27.321266,24.928999,23.549814,23.736988,19.894276,24.23832,22.235023,21.902555,25.738977,27.064678,26.578415,29.902271,32.359985,34.420227,34.56368,31.367268,35.55057,34.42374,38.087315,33.824654,36.26458,33.772583,36.365223,31.43663,29.790922,26.83933,23.963526,22.370646,17.455359,19.4529,20.593988,21.626017,25.219742,26.344538,30.486639,32.23446,31.417242,36.84117,34.044964,37.351913,39.62169,36.47215,32.09478,27.81276,27.00977,21.370605,19.533222,15.3968935,15.846909,18.526386,21.184443,20.167217,26.638182,26.223019,30.392017,32.737514,33.538616,37.44532,36.945805,32.557312,31.14512,36.031517,38.640213,35.878746,32.67187,31.733297,26.495998,25.43903,21.735762,20.572248
2,6.3896527,5.3362627,0.0,5.2444725,6.742815,8.585251,11.547709,14.702844,18.379494,21.917244,24.119322,29.561743,26.267866,24.778368,19.943886,18.496128,14.857192,13.815652,11.633914,10.254086,10.912988,10.060391,14.764207,16.604437,19.06405,20.694677,17.175417,18.241512,17.664116,18.311562,20.166374,19.909098,23.987192,23.628828,27.466888,29.011879,32.35699,32.452824,30.29166,29.059248,27.853313,27.00027,25.817606,24.200344,25.712278,22.349161,26.956429,25.687126,25.383139,29.50003,30.243347,29.317572,33.307808,35.746574,37.21066,37.14227,33.465652,37.196293,35.870358,39.603516,34.619617,37.06022,34.441532,36.901093,32.366985,29.865133,27.182281,24.969992,22.437754,18.425259,18.639597,18.797304,20.494432,23.089663,24.424793,28.372124,30.015314,29.85921,35.045025,32.72534,36.24838,38.62144,36.011364,31.761934,27.361925,27.491426,21.205473,20.070938,16.46864,17.111202,19.019873,21.24215,19.454012,26.111162,25.052603,29.60631,31.001356,32.3553,35.71,35.63737,31.088474,28.990618,33.6561,36.141827,33.11569,30.025269,28.81905,24.041388,22.320816,19.135702,17.185509
3,9.762191,6.493751,5.2444725,0.0,3.8317144,6.1729035,8.898959,12.680068,15.399689,19.882755,21.105028,26.969646,23.80094,21.717829,17.695438,15.095272,11.462453,9.7584715,6.747418,5.2521853,6.063424,6.5681973,10.887363,13.748952,15.896533,16.883318,13.462473,13.35855,12.627777,13.067501,15.190912,14.921822,19.435995,19.478329,23.259544,25.193521,28.14972,28.058744,25.536522,24.233969,22.756985,21.958448,20.593557,19.166773,20.718933,18.03832,22.469564,21.898668,22.310051,26.052416,26.204782,25.963867,30.083345,31.95701,33.38686,32.96055,29.353733,33.086323,32.158802,36.334133,31.548561,34.49596,32.34441,35.389786,31.349142,29.038576,27.126062,25.097116,23.204678,19.479214,19.95368,19.931232,19.890934,23.19478,23.440351,27.557253,28.641722,27.701214,32.82847,29.826084,33.057087,35.04908,32.28544,27.97557,23.429356,23.693043,17.444859,16.989449,13.294421,15.051375,17.1599,18.853779,16.397322,23.130701,21.624132,26.00715,27.561468,28.209545,31.970247,31.325634,26.733723,25.226082,30.174686,32.895683,30.32943,27.026865,26.708181,21.268017,20.544308,17.324987,16.4097
4,12.125766,8.741525,6.742815,3.8317144,0.0,5.837786,5.4307885,10.283382,12.72522,17.36313,18.763857,24.416647,21.95493,20.152813,16.302849,13.461933,10.659547,8.038892,7.0421395,4.8309674,8.002338,8.816663,12.513156,15.544713,16.85297,17.775303,12.96306,13.707113,12.049992,13.276278,14.044083,15.38936,18.677116,19.702711,22.793325,24.96803,27.904972,27.409834,25.196735,23.431206,22.681316,20.973236,20.355885,18.12196,20.608637,17.34089,22.1096,21.657467,21.58517,25.767967,25.702559,24.542368,29.145798,31.328873,32.148323,31.820778,27.813562,31.19471,29.908974,33.89678,28.709091,31.513317,29.247408,32.191948,28.387436,25.726444,24.0903,22.479145,20.365532,17.342678,17.063524,16.65995,16.278358,19.493069,19.62194,23.728962,24.83386,24.020697,29.170881,26.396576,29.775354,31.994116,29.36354,25.11487,20.66014,21.09346,14.637483,14.17562,10.966737,12.5811615,14.142979,15.628593,13.083217,19.827974,18.448538,22.96541,24.486483,25.683336,29.180777,29.087748,24.671469,22.704205,27.460728,30.011482,27.200409,23.993584,23.239227,17.936207,17.018932,13.603595,12.789742
5,14.538497,12.231419,8.585251,6.1729035,5.837786,0.0,6.9673014,7.416787,11.020108,14.480337,16.1523,21.82669,18.061026,16.287022,11.711022,10.113593,6.3236732,6.511723,5.9609776,7.479697,10.112899,12.184257,15.796314,19.28309,21.074306,21.462442,17.547132,16.228743,14.153338,13.771696,14.138119,13.620865,16.114307,15.802648,19.242262,20.723524,24.207476,24.28755,22.682516,21.568869,21.275156,20.535917,20.941605,19.451126,22.622158,21.052498,25.360115,25.846876,26.502937,30.227259,29.580683,29.164871,33.86212,35.445324,36.193703,35.388783,31.394037,34.46464,33.52004,37.86385,32.444664,35.542294,33.516464,36.5804,33.31217,30.190174,28.97768,27.795599,25.262941,22.717907,21.506361,20.28427,20.1891,22.33292,22.217726,25.967842,26.521196,26.095728,30.68794,28.040657,31.317215,33.177387,31.15793,27.134754,22.533266,24.165873,17.5162,18.423347,15.793109,17.94983,19.075111,19.845472,16.206112,22.718874,20.060991,24.704865,24.84108,25.847803,28.933798,28.562365,23.777384,21.596008,26.301426,28.963305,26.334158,23.117434,23.036572,18.045448,16.970842,14.861554,13.463526
6,17.374662,14.117443,11.547709,8.898959,5.4307885,6.9673014,0.0,6.3903093,7.791642,12.657189,13.989881,19.385038,17.75431,16.253397,13.055189,9.8766575,8.803431,5.520542,8.108008,7.158859,11.567815,13.330083,16.033333,19.495644,19.98108,20.354588,14.701652,15.064522,12.071386,13.491129,12.00996,15.000046,16.06648,18.239006,20.23462,22.596325,25.463606,24.51562,22.927757,20.729843,21.193266,18.572905,19.501081,16.556929,20.639462,17.778555,22.479525,22.884413,22.76789,27.018497,26.197159,24.398636,29.62078,31.697594,31.6106,31.078085,26.60892,29.246798,27.756102,31.74009,25.965187,28.851221,26.746283,29.77313,26.865126,23.561232,22.92521,22.292984,19.970867,18.48856,16.76241,15.284028,13.7456045,16.364895,15.626311,19.549383,20.137383,19.402033,24.278378,21.664955,25.123343,27.387287,25.223343,21.193958,16.805836,18.247456,11.543775,12.29766,10.661136,12.613473,12.897781,13.194766,9.53614,16.012753,13.929686,18.672348,19.484882,21.254492,24.267958,24.740932,20.470146,17.860777,22.367437,24.777094,21.815437,18.66803,17.84303,12.582939,11.709947,8.56435,8.324308
7,21.04015,18.55041,14.702844,12.680068,10.283382,7.416787,6.3903093,0.0,4.9320655,7.283876,9.762956,14.883305,12.080739,11.1921625,7.0569153,6.0514355,6.09639,6.4035125,10.281678,11.721212,15.678936,18.110361,20.954967,24.726984,25.57596,25.59726,20.535843,19.44802,16.111473,16.191242,13.784767,15.444693,14.343315,15.664457,17.19351,18.758287,22.24798,21.69441,21.278793,19.606272,21.20592,19.234766,21.728838,19.35578,24.30129,22.90158,27.158297,28.372171,28.726696,32.666004,31.3187,29.927431,35.281166,36.910294,36.540215,35.602516,31.079365,33.15897,31.870588,35.998966,29.905619,32.890305,31.001032,33.93405,31.745502,27.848978,27.703808,27.666313,24.803917,23.993206,21.142893,18.723082,17.797775,18.681864,17.773418,20.915775,20.799528,20.879833,24.801445,22.748816,26.09612,28.039286,26.864784,23.347433,19.120905,22.010117,15.580947,17.617521,16.701023,18.794456,18.566917,18.152576,13.805691,19.212118,15.762505,20.443626,19.202204,21.228445,23.271912,23.919628,19.438293,16.031475,20.099724,22.43438,19.448612,16.466908,16.116976,11.889669,10.356014,9.744198,8.466078
8,24.50067,21.408268,18.379494,15.399689,12.72522,11.020108,7.791642,4.9320655,0.0,6.088906,6.204856,11.788991,10.586381,9.22243,8.022224,4.6784024,7.597837,6.5744033,11.43795,12.731522,16.837831,19.627354,21.50538,25.467756,25.625334,25.166992,19.98977,18.545435,14.696921,14.998253,11.1074295,14.373281,11.63223,14.723006,14.963764,17.21444,19.996466,18.717909,18.39285,16.140558,18.488977,15.627177,19.048422,16.290695,22.023815,21.151176,25.013529,26.906954,27.47521,31.12275,29.175602,27.76076,33.28198,34.568417,33.673912,32.49909,27.891468,29.464394,28.315092,32.575203,26.503592,29.771421,28.35589,31.639118,30.237503,26.440224,27.216381,27.61129,25.315195,25.123596,22.37756,19.907394,17.341537,18.54958,16.341082,19.283054,18.381992,17.651604,21.239965,18.64867,21.712122,23.362658,22.32024,18.980124,14.879223,18.45624,12.586967,15.708775,15.796465,18.322443,17.659916,16.31831,11.43619,15.851094,11.637209,16.070206,14.482082,16.317408,18.418339,19.047873,14.69084,11.20786,15.491693,17.99608,15.349944,12.103096,12.809821,7.8085194,8.133386,8.189153,9.11899
9,28.283403,25.804213,21.917244,19.882755,17.36313,14.480337,12.657189,7.283876,6.088906,0.0,4.9440174,7.9724774,6.3774033,7.4286,6.3241787,7.601067,10.842544,11.87801,16.413807,18.191683,22.180851,24.92953,27.219744,31.171007,31.565418,31.177126,25.998102,24.495804,20.685295,20.563381,16.61388,18.87503,14.674997,16.76129,16.1758,17.308989,20.547106,19.601116,20.733452,19.013124,22.351143,19.964254,24.26155,21.798775,27.764727,27.206898,30.965525,32.973972,33.425777,37.151024,35.12075,33.463608,39.0865,40.403923,39.194855,37.965008,33.27761,34.33465,33.044785,37.009712,30.639685,33.57377,32.101936,34.93273,34.009834,29.644337,30.605145,31.519068,28.622084,29.084517,25.305855,22.146887,20.520569,20.036238,18.178474,20.110256,18.835203,19.417698,21.865294,20.5301,23.51326,25.110485,25.182756,22.5874,19.165249,23.343573,18.024794,21.110283,21.521292,23.621864,22.532438,21.063663,16.525938,19.848288,15.534907,19.4608,16.052618,18.746069,19.195099,20.69974,16.831596,12.330113,15.008712,16.875666,13.868643,11.46469,11.711143,9.689187,8.414086,10.974545,10.58247
10,30.296894,27.330341,24.119322,21.105028,18.763857,16.1523,13.989881,9.762956,6.204856,4.9440174,0.0,6.193511,5.789629,5.062461,7.817503,6.7531905,11.130601,11.759403,16.302423,18.318136,22.055819,25.190258,26.680481,30.799438,30.835928,29.953957,25.232676,22.91685,18.987627,18.578465,13.959259,16.584,11.050597,14.298258,12.581414,14.326912,16.818478,15.313956,16.535849,14.581728,18.497711,15.921795,20.93384,18.703766,24.967478,25.40093,28.56522,31.279682,32.25032,35.442783,32.86643,31.794798,37.326004,38.053867,36.682472,35.08836,30.585314,31.352606,30.530006,34.832115,28.8247,32.21675,31.333412,34.662086,34.25722,30.286114,31.833616,32.762096,30.506563,30.913584,27.737057,24.875826,22.031248,22.36779,19.543894,21.49972,19.56968,18.970726,21.051409,18.75826,21.14414,22.052593,22.16059,19.742847,16.424416,21.110262,16.514957,20.446913,21.220144,23.881374,22.874554,20.887232,16.008923,18.592354,13.574481,16.878242,13.077155,14.650662,15.41369,16.115154,12.094132,7.9564233,11.240107,13.712382,11.780551,8.874067,11.635642,8.712718,10.037069,12.387578,13.539256
11,35.862476,33.057606,29.561743,26.969646,24.416647,21.82669,19.385038,14.883305,11.788991,7.9724774,6.193511,0.0,6.599568,8.577558,12.12102,12.802482,17.045958,17.855913,22.464651,24.347631,28.199306,31.250896,32.743942,36.82338,36.667225,35.762077,30.808687,28.782827,24.788246,24.523539,19.601654,22.400166,16.048681,19.123829,16.282951,17.27912,19.275175,17.587667,20.091757,18.306307,23.06619,20.328058,25.988733,23.67052,30.166103,30.654215,33.608227,36.486034,37.23238,40.439064,37.650993,36.089703,41.72353,42.463886,40.47443,38.859394,34.28975,34.247105,33.245224,37.081173,30.945034,33.962597,33.269127,36.210835,36.687885,32.37247,34.520435,36.11453,33.69327,34.980785,31.078262,27.770155,24.983953,24.145208,21.124882,21.903326,19.286348,19.462372,19.925282,18.851933,20.779821,21.456663,22.884056,21.550983,19.355476,24.442076,20.881792,24.823895,26.279554,28.574743,27.009197,24.629128,20.213793,21.212626,16.445648,18.7122,13.286142,15.772436,14.292146,16.385117,13.868494,9.206295,9.183196,10.401854,8.544585,7.4144697,10.312633,10.963135,11.853031,15.635786,16.681795
12,32.497334,30.091274,26.267866,23.80094,21.95493,18.061026,17.75431,12.080739,10.586381,6.3774033,5.789629,6.599568,0.0,3.830948,6.720723,9.397426,12.8993,15.242153,19.213083,21.912966,25.31927,28.530218,30.445326,34.60609,35.14485,34.30518,29.965656,27.17031,23.46823,22.360237,18.417288,19.231441,13.543732,14.647421,12.891111,12.960214,16.187254,15.688703,18.085272,17.253609,21.268463,19.988749,25.051231,23.537777,29.524464,30.456438,33.559628,36.329124,37.49005,40.62992,38.089336,37.37475,42.83748,43.431805,42.260468,40.54137,36.164207,36.944332,36.258236,40.5761,34.55383,37.85997,36.898746,40.028034,39.56697,35.356865,36.652824,37.563156,34.869488,35.1482,31.61742,28.517433,26.637587,26.249098,24.019129,25.62001,23.739258,23.936129,25.463554,23.852808,26.086088,26.77035,27.420649,25.317518,22.154703,26.88518,22.149136,25.908913,26.282454,28.893026,28.028496,26.311386,21.464886,24.273863,19.324467,22.485584,18.073656,19.485956,19.433016,19.97144,16.225918,12.561082,14.505005,16.459183,14.887752,12.926725,15.3623295,14.010481,14.121148,16.950476,16.947428
13,30.818415,28.160938,24.778368,21.717829,20.152813,16.287022,16.253397,11.1921625,9.22243,7.4286,5.062461,8.577558,3.830948,0.0,5.9355254,6.811204,10.442888,12.785977,16.459253,19.399754,22.51501,25.917822,27.492496,31.712996,32.23988,31.200989,27.304377,23.96322,20.368881,18.932566,15.142654,15.5485325,9.762711,11.034302,9.37861,10.048923,13.280656,12.740125,14.570916,13.785263,17.525066,16.575016,21.483288,20.31593,26.115887,27.533745,30.412321,33.3844,34.89986,37.749615,35.10505,34.95148,40.245323,40.548576,39.647182,37.782642,33.598988,34.63782,34.271267,38.899277,33.18237,36.802505,36.0103,39.480995,38.82761,34.975388,36.20435,36.791893,34.44689,34.262398,31.351402,28.607012,26.296476,26.741297,24.292484,26.376488,24.56461,24.014812,26.004759,23.580103,25.690119,26.146841,26.271166,23.853033,20.363255,24.943058,20.161667,24.104359,24.217909,27.186852,26.668816,25.003227,19.964241,23.151451,18.04233,21.23177,17.472797,17.912846,18.846272,18.383894,14.098605,11.3150425,14.403907,16.963196,15.859772,13.2860985,16.478237,13.704253,14.680878,16.708216,17.17793
14,26.074516,23.919767,19.943886,17.695438,16.302849,11.711022,13.055189,7.0569153,8.022224,6.3241787,7.817503,12.12102,6.720723,5.9355254,0.0,5.506842,7.096649,10.404016,13.715374,16.638515,19.817795,22.861383,25.328398,29.373148,30.443916,29.943434,25.803993,23.123056,19.78432,18.541456,15.835703,15.62434,12.4129925,12.2411375,13.044263,13.408159,17.42812,17.539637,18.388384,17.67669,20.14246,19.393555,23.047262,21.682423,26.93608,27.288918,30.848177,32.980736,34.095562,37.440353,35.48315,35.009357,40.292152,41.17314,40.743042,39.265884,34.960922,36.640465,35.897663,40.37643,34.416073,37.746586,36.34193,39.496952,37.966373,33.977463,34.343674,34.546455,31.719559,31.048534,28.062557,25.38894,24.298183,24.606997,23.196587,25.692945,24.735495,24.848654,27.69282,25.651773,28.433779,29.607664,29.220457,26.242344,22.262947,26.132767,20.306618,23.351671,22.6908,25.283688,25.0523,24.135092,19.324995,23.817207,19.331127,23.396126,20.559202,21.80905,23.162668,23.182545,18.630726,15.4473295,18.957693,21.353418,19.201061,16.50162,17.8333,14.673296,13.994939,15.22701,14.357392
15,24.448353,21.532497,18.496128,15.095272,13.461933,10.113593,9.8766575,6.0514355,4.6784024,7.601067,6.7531905,12.802482,9.397426,6.811204,5.506842,0.0,4.4620852,5.9923277,9.941768,12.63484,15.976684,19.24774,21.050308,25.20967,25.841032,25.099106,20.964727,18.094563,14.551261,13.546274,10.382823,11.343575,8.501503,10.30237,11.207613,13.139284,16.318073,15.674994,15.3192,13.85939,15.892678,14.456137,17.845173,16.212885,21.562363,21.963293,25.411158,27.723665,29.016356,32.16843,30.049398,29.774227,34.99794,35.718987,35.316788,33.794888,29.556824,31.39352,30.821514,35.5007,29.83514,33.442173,32.269436,35.804264,34.26747,30.736088,31.308584,31.324694,29.12752,28.254072,26.013134,23.787594,21.571966,23.01861,20.987396,23.958012,22.955585,22.02405,25.36455,22.414675,25.079674,26.156713,25.115034,21.791277,17.532093,21.145933,15.366919,18.695734,18.08286,21.093594,21.050442,19.962862,14.963747,19.629826,15.114339,19.179836,17.363312,17.914352,20.330368,19.769915,14.94154,12.482778,17.03848,19.880299,18.014563,14.746208,16.675764,11.911119,12.619499,12.785724,13.211371
16,20.5983,17.927189,14.857192,11.462453,10.659547,6.3236732,8.803431,6.09639,7.597837,10.842544,11.130601,17.045958,12.8993,10.442888,7.096649,4.4620852,0.0,4.5383935,6.658152,9.959395,12.779,15.974059,18.304724,22.361412,23.592836,23.121876,19.470718,16.512161,13.592075,12.233141,10.963617,10.150903,10.364681,10.309395,13.10455,14.676978,18.138617,18.13174,17.02449,16.057426,16.68915,16.160673,18.080967,16.930645,21.235325,21.345657,25.010036,26.792278,28.149588,31.334784,29.708683,29.827517,34.760105,35.599983,35.855583,34.487087,30.466248,32.941414,32.424206,37.154846,31.705818,35.264828,33.831272,37.314632,35.03964,31.751604,31.594423,31.024805,28.764294,27.042082,25.37204,23.58565,22.149647,24.022337,22.710508,26.089064,25.676517,24.829786,28.713436,25.70524,28.545366,29.797495,28.274815,24.594152,20.059221,22.850466,16.606205,19.116453,17.484367,20.440079,21.048595,20.715908,16.068308,21.721752,17.82788,22.134996,21.192583,21.555876,24.447554,23.576134,18.640545,16.69083,21.42016,24.286018,22.287554,18.993177,20.332035,15.300694,15.362711,14.523199,14.188682
17,19.422232,16.067787,13.815652,9.7584715,8.038892,6.511723,5.520542,6.4035125,6.5744033,11.87801,11.759403,17.855913,15.242153,12.785977,10.404016,5.9923277,4.5383935,0.0,4.879741,6.696778,10.423429,13.475841,15.441033,19.494907,20.17788,19.77389,15.412622,13.242897,9.969224,9.807157,8.184308,9.868328,10.928025,12.795371,15.06008,17.501322,20.260296,19.538353,17.75337,15.946944,16.238436,14.491401,15.807391,13.792864,18.159184,17.323648,21.31548,22.833063,23.888536,27.297894,25.772953,25.428818,30.46369,31.57749,31.71401,30.559664,26.40515,29.01661,28.302328,32.937294,27.552473,31.080816,29.613182,33.182705,30.795525,27.769976,27.669384,27.022985,25.152952,23.454931,22.201645,20.742401,18.568989,21.211185,19.655607,23.340153,23.122322,21.760294,26.102982,22.768518,25.694508,27.18438,25.145973,21.19026,16.546051,18.763754,12.350961,14.6208315,12.998608,16.071499,16.719084,16.397228,11.863981,17.834106,14.464624,18.862602,19.019054,19.468773,22.881554,22.197647,17.455473,15.685478,20.681747,23.543682,21.40196,17.971836,18.930798,13.194573,13.722888,11.81967,12.31999
18,16.316248,12.923523,11.633914,6.747418,7.0421395,5.9609776,8.108008,10.281678,11.43795,16.413807,16.302423,22.464651,19.213083,16.459253,13.715374,9.941768,6.658152,4.879741,0.0,4.0939975,6.151854,9.529313,11.661753,15.70683,17.081419,16.767544,13.655859,10.757303,8.777752,7.852737,9.305119,8.514376,12.75452,13.18862,16.726871,18.986944,21.619919,21.389433,18.797981,17.549046,16.280706,15.73891,15.220562,14.200278,16.868608,16.220367,20.05868,21.159428,22.640541,25.703947,24.614315,25.231806,29.684603,30.610598,31.605099,30.484724,26.834002,30.124136,29.75405,34.527092,29.739279,33.33608,31.85853,35.511982,32.509064,30.04903,29.335701,27.973883,26.419579,23.656738,23.523375,22.78753,21.10131,24.362917,23.27222,27.213343,27.346922,25.766775,30.385603,26.77118,29.569588,30.933289,28.425468,24.269869,19.571993,20.862715,14.714026,16.119043,13.323098,16.459257,18.059345,18.489244,14.6615505,20.962587,18.20091,22.345165,23.253567,23.02046,26.954126,25.591646,20.813639,19.891907,25.055746,28.04747,26.144903,22.673386,23.731407,17.868141,18.374285,15.950946,16.129221
19,14.477754,10.503606,10.254086,5.2521853,4.8309674,7.479697,7.158859,11.721212,12.731522,18.191683,18.318136,24.347631,21.912966,19.399754,16.638515,12.63484,9.959395,6.696778,4.0939975,0.0,4.4815383,6.9182563,9.246258,13.047347,14.07916,14.257515,10.204942,9.180568,7.575003,8.537583,10.220891,11.344765,15.664838,16.985462,20.136444,22.70133,25.08595,24.478516,21.654465,19.91429,18.475496,17.05284,15.745592,13.963188,16.051533,13.728416,18.123167,18.371635,19.249887,22.770826,22.193256,22.156118,26.593008,28.063433,29.122023,28.411266,24.691156,28.255077,27.558077,32.042603,27.363173,30.70905,29.004353,32.52985,29.111662,26.955173,25.916061,24.262108,22.986885,19.933752,20.412783,20.19446,18.408127,22.279043,21.436188,25.583298,26.145052,24.419224,29.43792,25.848658,28.785254,30.489101,27.566053,23.235783,18.645123,18.992554,12.889886,13.187956,9.816854,12.698317,14.666433,15.621575,12.603295,19.130087,17.35866,21.470362,23.352287,23.459406,27.573555,26.59773,22.134169,21.14922,26.24969,29.092356,26.928337,23.513054,23.887325,17.941568,18.316277,15.060753,15.440433
20,13.337167,9.464045,10.912988,6.063424,8.002338,10.112899,11.567815,15.678936,16.837831,22.180851,22.055819,28.199306,25.31927,22.51501,19.817795,15.976684,12.779,10.423429,6.151854,4.4815383,0.0,3.778214,5.8256116,9.647187,11.561676,11.731894,9.90044,7.8653316,8.329417,8.416905,12.250344,11.527769,17.534382,17.966719,21.742184,24.171036,26.30636,26.031935,22.65891,21.387613,18.819592,18.434,15.710467,15.03234,15.314607,13.575907,17.375866,17.300543,18.79951,21.656282,21.44509,22.608835,26.281317,27.36725,29.260088,28.506287,25.42217,29.474892,29.224134,33.824745,29.835484,33.2734,31.72623,35.35393,31.620306,30.04267,28.674149,26.48959,25.652294,21.824875,23.32201,23.655916,22.109316,26.28914,25.59919,29.799643,30.436098,28.466625,33.513065,29.644426,32.351772,33.81014,30.603853,26.245733,21.742556,21.530922,16.111462,16.038504,12.188866,14.929271,17.546816,18.86026,16.378342,22.638899,21.098963,24.851007,27.082016,26.520414,30.99297,29.383137,24.927105,24.634495,29.859125,32.837883,30.97867,27.509972,28.240175,22.191948,22.778168,19.512287,19.836536
21,10.871371,6.8861475,10.060391,6.5681973,8.816663,12.184257,13.330083,18.110361,19.627354,24.92953,25.190258,31.250896,28.530218,25.917822,22.861383,19.24774,15.974059,13.475841,9.529313,6.9182563,3.778214,0.0,4.7277784,7.2059073,9.724444,10.894688,9.376162,9.534837,10.841043,11.706438,15.535755,15.238278,21.260668,21.697718,25.514778,27.910252,30.08009,29.789715,26.356262,25.002186,22.297638,21.717073,18.507278,17.63475,17.090244,14.136986,18.049934,16.812449,17.703482,20.790865,21.430527,22.255877,25.505407,27.081898,29.34417,29.018347,26.126303,30.467422,29.995823,34.23697,30.498695,33.594254,31.789108,35.14344,30.854298,29.634592,27.670458,25.00829,24.355227,19.901306,22.210093,23.144873,22.140623,26.543713,26.379395,30.646204,31.718054,29.869719,35.154278,31.46938,34.290955,36.002922,32.567005,28.156033,23.826359,22.903316,17.76793,16.652708,12.400883,14.2976885,17.325089,19.299719,17.737108,23.957733,23.172873,26.874271,29.604378,29.326214,33.811882,32.458584,28.15981,27.739841,32.8895,35.759773,33.675045,30.273043,30.46389,24.547575,24.780067,21.12296,21.204329
22,15.116686,11.275488,14.764207,10.887363,12.513156,15.796314,16.033333,20.954967,21.50538,27.219744,26.680481,32.743942,30.445326,27.492496,25.328398,21.050308,18.304724,15.441033,11.661753,9.246258,5.8256116,4.7277784,0.0,4.261289,5.990738,6.3695345,7.218962,6.497442,9.378802,10.432981,14.9348,14.896772,21.32749,22.286776,25.783289,28.529917,30.023966,29.483246,25.530777,24.096685,20.72598,20.201042,15.870185,15.471759,13.431657,10.866005,14.031839,12.8728285,14.669297,16.893028,17.392662,19.366732,22.074022,23.060532,25.751015,25.272797,22.914095,27.514874,27.539644,31.95881,28.996002,32.34645,31.020752,34.731075,30.723255,30.147251,28.627602,25.924263,26.117489,21.817942,24.73513,25.882524,23.856203,28.772112,27.995258,32.231823,33.027767,30.479342,35.64437,31.431967,33.823204,35.174335,31.396366,27.051998,22.981133,21.484606,17.41853,16.407616,12.4226,14.728019,17.929825,19.573505,18.29407,23.794794,23.235617,26.29318,29.621292,28.563185,33.469162,31.552254,27.567488,27.987207,33.16185,36.113857,34.504948,31.082602,31.847124,25.696817,26.742365,23.07849,23.938816
23,15.330539,12.076305,16.604437,13.748952,15.544713,19.28309,19.495644,24.726984,25.467756,31.171007,30.799438,36.82338,34.60609,31.712996,29.373148,25.20967,22.361412,19.494907,15.70683,13.047347,9.647187,7.2059073,4.261289,0.0,4.093638,6.004802,8.856185,9.974404,13.236687,14.512378,19.007027,18.991734,25.539604,26.39345,29.966097,32.680416,34.098625,33.58127,29.497799,28.092155,24.47342,23.989532,19.179878,18.878622,15.826825,12.605674,15.172412,12.669426,14.016707,15.868144,17.458586,19.557709,21.302778,22.54814,25.887545,25.833937,24.028227,28.908525,28.911316,32.935047,30.571226,33.59909,32.18978,35.668633,31.218803,31.23839,29.249939,26.06781,26.713865,21.906116,25.750689,27.486599,25.8066,30.917604,30.494139,34.727303,35.82978,33.270916,38.556625,34.419147,36.77691,38.228703,34.214706,29.911726,26.118456,23.939686,20.486923,18.705046,14.698599,16.14865,19.60338,21.70213,21.270184,26.458652,26.54396,29.383282,33.16719,32.15282,37.120087,35.25584,31.464907,31.959887,37.071938,39.958458,38.28492,34.91571,35.392487,29.336546,30.229136,26.328533,27.080853
24,18.4054,14.794153,19.06405,15.896533,16.85297,21.074306,19.98108,25.57596,25.625334,31.565418,30.835928,36.667225,35.14485,32.23988,30.443916,25.841032,23.592836,20.17788,17.081419,14.07916,11.561676,9.724444,5.990738,4.093638,0.0,3.2810404,6.6572514,9.194284,12.497879,14.594974,18.491234,19.715242,25.715826,27.442722,30.450872,33.508453,34.566456,33.628067,29.455965,27.658215,24.17802,22.985447,17.99229,17.24175,13.766192,9.545143,11.8967495,8.705154,10.033146,11.844292,13.595605,15.6103325,17.218248,18.579992,21.869722,21.98638,20.292816,25.252903,25.271416,29.171667,27.247372,30.256668,29.085617,32.694324,28.477861,28.945961,27.34494,24.276773,25.562046,21.191816,25.27559,27.128145,24.640686,30.07455,29.259632,33.38835,34.391743,31.41985,36.618767,32.312675,34.431026,35.822746,31.581213,27.389387,23.973335,21.179716,18.676495,16.619526,13.090623,14.448687,17.8277,19.711021,19.838451,24.270052,24.881205,27.213446,31.559689,30.401133,35.4656,33.65017,30.27021,31.030731,35.970966,38.753544,37.23561,33.9695,34.480194,28.475918,29.782219,25.800144,27.118467
25,20.651266,16.86921,20.694677,16.883318,17.775303,21.462442,20.354588,25.59726,25.166992,31.177126,29.953957,35.762077,34.30518,31.200989,29.943434,25.099106,23.121876,19.77389,16.767544,14.257515,11.731894,10.894688,6.3695345,6.004802,3.2810404,0.0,6.9795685,7.34631,11.061049,12.836764,16.865234,17.976671,23.961067,25.846464,28.632627,31.793695,32.492893,31.476961,27.128185,25.387821,21.644672,20.642704,15.251807,14.97793,10.790699,7.8242326,9.312387,7.2992897,10.205749,10.992365,11.731713,15.047091,16.668598,17.111038,20.43838,20.069052,18.590712,23.535421,24.042889,28.332708,26.634186,30.018707,29.260977,33.207268,29.518448,29.952583,28.904999,26.164385,27.509708,23.549683,27.234097,28.76763,25.712337,31.147839,29.833101,33.903828,34.534767,31.23425,36.20938,31.574753,33.409245,34.44835,30.202295,26.098452,22.731543,20.117432,18.02122,16.694767,13.564247,15.617379,18.758213,20.081316,19.739775,23.853062,24.086954,26.119297,30.403433,28.68596,33.91702,31.656378,28.37801,29.629316,34.574078,37.44128,36.284435,32.995377,34.061493,27.939861,29.732466,25.997614,27.663773
26,18.629145,14.350213,17.175417,13.462473,12.96306,17.547132,14.701652,20.535843,19.98977,25.998102,25.232676,30.808687,29.965656,27.304377,25.803993,20.964727,19.470718,15.412622,13.655859,10.204942,9.90044,9.376162,7.218962,8.856185,6.6572514,6.9795685,0.0,6.8173833,8.0692215,11.550483,13.766348,16.96524,21.59168,24.35667,26.684584,29.982069,31.180117,29.810282,26.107306,23.719938,21.340736,18.861214,15.2184105,12.916736,11.894871,5.861764,10.548473,8.761199,9.103118,12.813802,13.1291,12.926974,16.67785,18.617907,20.24945,20.225807,17.127619,21.578012,20.973064,25.081041,21.995579,25.182312,23.868849,27.659843,23.915712,23.627632,22.676455,20.326178,21.228176,17.869518,20.822031,22.083508,18.752378,24.18407,22.905888,27.005877,27.820415,24.813648,30.020912,25.800741,28.115421,29.748693,25.674744,21.365633,17.774805,15.250409,12.1224575,10.089921,6.621738,8.8313465,11.902345,13.336598,13.201612,17.744913,18.346132,20.888998,25.19973,24.585825,29.416454,28.20695,24.881748,25.137054,29.922337,32.5626,30.848812,27.663942,27.948997,22.037857,23.463469,19.489084,21.248966
27,20.348755,16.16507,18.241512,13.35855,13.707113,16.228743,15.064522,19.44802,18.545435,24.495804,22.91685,28.782827,27.17031,23.96322,23.123056,18.094563,16.512161,13.242897,10.757303,9.180568,7.8653316,9.534837,6.497442,9.974404,9.194284,7.34631,6.8173833,0.0,4.0683036,5.6370325,9.639435,11.0755625,16.663313,18.894398,21.442207,24.685896,25.529062,24.452244,20.34428,18.492899,15.253488,14.057332,9.626027,9.04707,7.6086354,6.8658624,9.770263,11.091565,13.958172,15.681357,14.365126,16.84148,20.294697,20.422682,22.258398,21.084335,18.40128,22.590302,23.057152,28.040247,25.040537,28.968985,28.28333,32.53141,29.599411,28.850779,28.526142,26.61728,27.020433,23.888577,25.934923,26.43439,22.980927,27.887667,26.009888,30.035095,30.107277,26.913015,31.639719,26.906488,28.84679,29.71018,25.975487,21.763107,17.751984,16.713217,13.2594,13.719797,10.917693,14.412453,16.88623,17.298454,15.215435,19.90306,18.740513,21.255533,24.553082,22.73785,27.877254,25.495117,21.738264,22.853289,27.966509,30.985384,29.936789,26.531883,28.169453,21.890543,23.9832,20.789492,22.626963
28,20.974428,16.712585,17.664116,12.627777,12.049992,14.153338,12.071386,16.111473,14.696921,20.685295,18.987627,24.788246,23.46823,20.368881,19.78432,14.551261,13.592075,9.969224,8.777752,7.575003,8.329417,10.841043,9.378802,13.236687,12.497879,11.061049,8.0692215,4.0683036,0.0,4.1280155,6.006705,9.368252,13.628387,16.646467,18.69383,22.082033,23.117006,21.782911,18.10995,15.846181,13.657428,11.47904,8.835487,6.8618426,8.724707,7.972327,11.494687,13.432408,15.622745,18.001604,16.178371,17.431702,21.756083,22.15118,23.03344,21.748081,18.317478,21.89319,22.014406,27.078588,23.284286,27.304678,26.563719,30.830353,28.323996,26.959892,27.06251,25.693409,25.662739,23.22249,24.319866,24.260729,20.4957,25.054693,22.853819,26.783274,26.602089,23.503408,28.115616,23.461004,25.549026,26.500652,23.0688,18.812468,14.491639,14.353796,10.031716,11.513912,9.355478,13.29554,15.11273,14.934177,11.982523,16.851124,15.068421,17.918522,20.761604,19.266285,24.226994,22.183613,18.239237,18.940737,24.07662,27.081015,25.920012,22.498323,24.189674,17.896456,20.13518,17.192505,19.262083
29,21.685514,17.743685,18.311562,13.067501,13.276278,13.771696,13.491129,16.191242,14.998253,20.563381,18.578465,24.523539,22.360237,18.932566,18.541456,13.546274,12.233141,9.807157,7.852737,8.537583,8.416905,11.706438,10.432981,14.512378,14.594974,12.836764,11.550483,5.6370325,4.1280155,0.0,5.564646,5.5611925,11.237741,13.29507,15.870451,19.053307,20.050547,19.166061,15.252923,13.678301,10.774667,10.292313,7.651334,7.787318,9.418345,11.260941,13.691153,16.264442,19.111483,20.83983,18.762617,21.060698,25.025112,24.768126,25.931671,24.237564,21.210226,24.614729,25.202723,30.487518,26.80206,30.991062,30.415104,34.73658,32.381336,30.83116,30.939913,29.586702,29.265366,26.666668,27.51436,27.199657,23.823103,27.976074,25.780882,29.62403,29.184792,26.265842,30.566147,25.885195,27.812298,28.37214,25.30662,21.259766,16.89859,17.604856,13.3047,15.422751,13.272002,17.178915,18.967655,18.701818,15.182971,20.052952,17.422287,20.278555,22.19549,20.147297,25.037987,22.329971,18.030869,19.115942,24.369083,27.570385,26.748365,23.25489,25.624311,19.372513,21.645117,19.270153,20.99359
30,24.634739,20.63487,20.166374,15.190912,14.044083,14.138119,12.00996,13.784767,11.1074295,16.61388,13.959259,19.601654,18.417288,15.142654,15.835703,10.382823,10.963617,8.184308,9.305119,10.220891,12.250344,15.535755,14.9348,19.007027,18.491234,16.865234,13.766348,9.639435,6.006705,5.564646,0.0,7.0131884,8.0818,12.395657,13.326143,16.945715,17.860619,16.209368,13.076441,10.459324,9.8701315,6.9397097,8.04155,6.003287,11.275468,12.726528,15.346943,18.472757,20.689068,22.871317,20.19352,21.194342,25.932888,25.879282,25.842384,24.03333,20.292082,22.743824,22.997084,28.261282,23.879616,28.147821,27.726906,32.076233,30.537437,28.440239,29.342302,28.774134,28.215775,26.715914,26.507675,25.53642,21.476759,25.099781,22.232685,25.726803,24.759846,21.756006,25.639816,20.963207,22.842344,23.348019,20.71815,16.830116,12.376462,14.433535,10.021161,13.59572,12.914808,16.858755,17.624067,16.37937,12.061747,16.169613,12.64625,15.505183,16.755331,14.870382,19.57303,17.241142,12.826652,13.605391,18.845575,22.022882,21.269375,17.802414,20.555735,14.411261,17.333344,15.607817,17.979708
31,23.856878,20.44845,19.909098,14.921822,15.38936,13.620865,15.000046,15.444693,14.373281,18.87503,16.584,22.400166,19.231441,15.5485325,15.62434,11.343575,10.150903,9.868328,8.514376,11.344765,11.527769,15.238278,14.896772,18.991734,19.715242,17.976671,16.96524,11.0755625,9.368252,5.5611925,7.0131884,0.0,7.4647098,7.8988123,11.101052,13.888588,15.137128,14.910926,11.28809,10.790264,8.225922,9.914677,9.633437,10.960737,13.555113,16.684685,18.620436,21.67622,24.658352,26.204763,23.821976,26.320509,30.348757,29.72362,30.679733,28.63294,25.653135,28.510403,29.291182,34.701572,30.713013,35.008133,34.523182,38.820522,36.824932,34.751575,35.0486,34.00049,33.133755,30.773281,30.836306,29.950125,26.96376,30.344402,28.082901,31.669228,30.831886,28.323586,32.10148,27.638502,29.462992,29.664062,27.331507,23.64498,19.303219,21.280928,16.757982,19.695213,17.893885,21.771156,23.18247,22.603106,18.327085,23.079012,19.38352,22.339756,22.754797,20.48028,24.8433,21.733116,17.047047,18.129509,23.273167,26.593904,26.098623,22.644596,25.739098,19.87138,22.062021,20.655434,21.964478
32,29.031603,25.652685,23.987192,19.435995,18.677116,16.114307,16.06648,14.343315,11.63223,14.674997,11.050597,16.048681,13.543732,9.762711,12.4129925,8.501503,10.364681,10.928025,12.75452,15.664838,17.534382,21.260668,21.32749,25.539604,25.715826,23.961067,21.59168,16.663313,13.628387,11.237741,8.0818,7.4647098,0.0,6.084998,5.2673063,8.977645,10.063172,8.843385,7.0018206,5.773877,7.9022155,7.9966645,12.254991,12.410131,17.424782,20.57377,22.442442,26.140684,28.699547,30.509699,27.45904,28.957897,33.608765,32.980377,32.734386,30.449436,26.97068,28.606056,29.210556,34.509624,29.941042,34.248264,34.04957,38.288612,37.36529,34.647003,35.858074,35.7189,34.513714,33.362385,32.174324,30.451082,26.973118,29.36481,26.406092,29.306444,27.656887,25.340034,28.104565,23.935802,25.44284,25.236343,23.966055,20.982807,17.09915,20.756119,16.722847,20.881664,20.49425,24.26591,24.629469,23.067417,18.163937,21.58608,16.78424,19.334454,17.892876,15.5877495,19.02974,16.01173,11.148861,12.01707,16.745243,20.064877,20.094429,16.874865,21.029741,16.031603,18.819313,18.8937,20.611143
33,28.33768,25.592607,23.628828,19.478329,19.702711,15.802648,18.239006,15.664457,14.723006,16.76129,14.298258,19.123829,14.647421,11.034302,12.2411375,10.30237,10.309395,12.795371,13.18862,16.985462,17.966719,21.697718,22.286776,26.39345,27.442722,25.846464,24.35667,18.894398,16.646467,13.29507,12.395657,7.8988123,6.084998,0.0,5.206574,6.4182124,8.987675,10.139074,8.835393,10.138695,10.438613,13.136813,15.76129,17.017633,20.730803,24.158806,26.03293,29.395964,32.207436,33.90227,31.234869,33.366013,37.713512,36.990387,37.42121,35.136703,31.965569,34.045197,34.77227,40.131824,35.613037,39.86678,39.418564,43.54743,42.10119,39.297855,39.919334,39.409386,37.848427,36.074257,34.979073,33.30332,30.795357,32.98238,30.670063,33.70934,32.358055,30.578665,33.487766,29.643864,31.351305,31.222794,30.03915,26.979433,22.935421,26.284155,21.657211,25.289333,24.067497,27.772118,28.573973,27.5751,22.688862,26.967598,22.284813,25.231081,23.591833,21.581057,24.654806,21.630917,16.905811,17.384031,21.753908,24.944904,24.807014,21.709871,25.47291,20.737667,22.572012,22.64777,23.393826
34,32.563263,29.56584,27.466888,23.259544,22.793325,19.242262,20.23462,17.19351,14.963764,16.1758,12.581414,16.282951,12.891111,9.37861,13.044263,11.207613,13.10455,15.06008,16.726871,20.136444,21.742184,25.514778,25.783289,29.966097,30.450872,28.632627,26.684584,21.442207,18.69383,15.870451,13.326143,11.101052,5.2673063,5.206574,0.0,3.9485185,5.2292976,5.324272,5.986955,7.2795043,10.126126,11.955207,16.381666,17.278387,21.888613,25.659798,27.194328,31.098534,33.857704,35.44545,32.259274,34.085793,38.629436,37.69197,37.436253,34.93621,31.673124,32.99607,33.809357,39.101665,34.565384,38.868496,38.788376,42.96696,42.295506,39.35684,40.66222,40.664078,39.200127,38.134396,36.593376,34.590664,31.460262,33.29672,30.392317,32.96436,31.042059,29.110256,31.252605,27.450966,28.692244,28.09215,27.512978,25.044266,21.552322,25.594112,21.784418,26.031334,25.667429,29.383701,29.662275,28.041111,23.043964,26.17416,21.106089,23.378218,20.857126,18.45492,20.928545,17.672705,13.3312645,14.217332,17.926935,21.038673,21.615133,18.837164,23.466251,19.416315,21.898094,22.755991,24.053164
35,34.11159,31.490152,29.011879,25.193521,24.96803,20.723524,22.596325,18.758287,17.21444,17.308989,14.326912,17.27912,12.960214,10.048923,13.408159,13.139284,14.676978,17.501322,18.986944,22.70133,24.171036,27.910252,28.529917,32.680416,33.508453,31.793695,29.982069,24.685896,22.082033,19.053307,16.945715,13.888588,8.977645,6.4182124,3.9485185,0.0,4.5646415,6.7959886,8.87272,10.965852,13.459546,15.864732,20.027617,21.134264,25.50798,29.295792,30.892374,34.693226,37.463863,39.0931,36.00934,37.9064,42.43795,41.50021,41.35324,38.839012,35.613743,36.93032,37.723038,42.980934,38.325283,42.556576,42.373264,46.436085,45.70955,42.563385,43.731327,43.74216,41.98709,40.86929,39.078724,36.91084,34.26179,35.703564,33.052795,35.493546,33.57452,32.07112,34.014355,30.57971,31.871832,31.26591,31.01971,28.690567,25.242693,29.399359,25.353207,29.501923,28.970964,32.60207,32.891167,31.389494,26.328224,29.632708,24.48716,26.889364,23.87455,21.81533,23.703571,20.702827,16.632,17.045073,20.184084,23.055426,23.62408,21.114283,25.593685,22.082726,24.048635,25.255295,26.059795
