,0,1,2,3,4,5,6,7,8,9,10,11,12,13,14,15,16,17,18,19,20,21,22,23,24,25,26,27,28,29,30,31,32,33,34,35,36,37,38,39,40,41,42,43,44,45,46,47,48,49,50,51,52,53,54,55,56,57,58,59,60,61,62,63,64,65,66,67,68,69,70,71,72,73,74,75,76,77,78,79,80,81,82,83,84,85,86,87,88,89,90,91,92,93,94,95,96,97,98,99,100,101,102,103,104,105,106
0,0.0,4.202822,6.572047,8.496757,11.894795,12.8706,16.25438,18.738335,22.41258,25.507523,28.832783,31.356543,35.010098,34.33255,33.178024,28.749508,26.376171,23.893045,20.856688,19.477257,16.154078,18.185505,13.198629,15.402538,16.45681,20.76837,18.647568,23.018265,22.068478,27.218401,25.320244,31.64429,34.498215,36.734142,38.741924,38.222,39.597553,38.381676,34.135197,30.85615,32.394466,27.786474,31.965464,29.920074,25.93581,26.972115,23.38391,25.494537,24.681362,25.981213,29.034286,32.695232,32.15357,34.078724,33.187878,36.803207,35.13288,37.377144,41.79482,39.511616,36.32038,37.034733,32.510586,31.2498,30.377993,26.862518,27.355927,24.299105,23.129467,22.876337,24.391207,26.773811,28.35874,31.458483,32.05555,37.55865,35.74248,40.543686,42.149055,39.786102,43.008476,41.300434,36.41314,33.75578,30.104752,30.551771,24.031384,21.447477,18.693161,15.216573,14.931623,11.694027,16.946993,21.14028,20.572735,14.994959,15.314329,19.51174,20.520866,22.73068,25.756973,23.766115,29.534704,25.993887,29.439903,30.91696,32.441708
1,4.202822,0.0,5.3337607,6.052986,9.190522,11.807475,14.763705,17.108469,21.285402,24.053822,27.692526,29.775618,33.51548,32.922028,31.350473,27.206755,24.41219,22.021116,18.497057,17.024557,13.13253,14.955986,10.325551,12.260896,14.305122,18.433187,17.163498,21.01235,21.26339,25.944675,24.793612,31.037912,34.017612,36.742,38.600956,38.582424,39.92942,39.059444,34.49724,30.953308,32.98908,28.153429,32.11722,29.734869,26.054386,26.257921,22.545021,23.998566,23.231735,23.91733,27.47859,31.01812,30.968952,32.337482,31.929327,35.610794,33.529606,35.955654,40.127956,37.583584,34.592625,34.617714,30.125582,28.538242,27.465002,23.857779,23.892406,20.690845,19.295235,19.409624,21.593597,23.978516,26.083189,29.104797,30.21489,35.575138,34.342953,38.979153,40.610603,38.432163,41.97145,40.348076,35.376812,32.60509,28.912483,28.996674,22.812618,19.517746,17.369524,13.908125,14.431745,11.929634,17.758076,21.703615,22.007895,16.599693,15.852128,20.293118,22.193726,24.707333,27.26949,24.950935,30.412313,26.154936,29.643665,30.522757,32.126442
2,6.572047,5.3337607,0.0,5.3116603,6.9616013,7.272826,11.876272,13.098843,17.562572,20.091862,23.566988,25.62371,29.48716,29.20469,27.81463,23.937494,21.106016,19.385984,15.868467,15.557101,11.703698,15.586854,11.945302,15.224217,17.209406,20.62847,18.556396,21.704475,20.955725,25.779234,23.506859,30.095528,31.775639,34.92083,36.128033,36.13575,37.00837,36.10471,31.65091,28.270912,31.200804,26.719883,30.966122,29.388683,26.200539,26.619034,24.076015,25.306267,25.348665,26.406343,29.877186,33.206814,32.761242,33.46487,32.682964,36.09717,33.588417,35.54246,39.80283,36.836014,33.739986,34.190525,30.146029,28.361935,28.45305,24.071005,24.15807,21.922245,19.582228,18.503681,20.469255,21.935127,24.026232,26.488031,27.613098,32.650547,31.24227,35.896996,37.910866,35.97155,39.527905,38.289875,33.049408,30.749271,26.833536,27.706463,21.262968,18.82952,16.852215,13.997561,15.499944,11.799662,17.301704,19.883886,20.926758,15.95248,13.226789,17.55334,20.011194,22.85935,24.927656,22.236092,27.388536,23.00511,25.911438,26.883757,27.944626
3,8.496757,6.052986,5.3116603,0.0,3.7722979,7.34954,8.83247,11.656313,15.553037,18.38255,22.082052,24.227055,27.820591,27.05273,25.475956,21.221556,18.514454,15.972421,12.593321,11.171259,7.687548,10.6230545,6.8202147,10.705829,12.369246,15.437755,13.452234,16.455278,16.410212,20.935448,19.541206,25.873093,28.41042,31.55473,33.12587,33.471764,34.718914,34.14339,29.364004,25.66672,28.30607,23.46723,27.344576,25.188763,22.108301,21.904936,19.214361,20.133566,20.256329,21.25429,24.767515,28.009401,27.67508,28.216852,27.618818,31.101816,28.574652,30.740467,34.913948,32.090103,29.060312,29.311468,25.076376,23.427477,23.29781,19.106167,19.562422,17.311438,15.620657,14.615528,16.03322,18.29722,20.131615,23.18708,24.166134,29.566118,28.322653,32.94152,34.56492,32.435688,36.058636,34.55339,29.492682,26.803074,23.037003,23.28129,17.095192,13.980895,12.123852,9.132639,11.082655,8.492782,14.271043,17.18929,18.701454,13.992482,11.481783,15.900422,18.835299,21.709269,23.49933,20.825201,25.802414,20.968975,24.508783,24.944075,26.766956
4,11.894795,9.190522,6.9616013,3.7722979,0.0,5.810663,6.7827888,8.632757,13.079933,15.390924,19.267101,20.994736,24.687525,24.133295,22.295332,18.454157,15.341897,13.311336,9.417759,8.842409,4.768788,9.539395,7.7658973,11.818922,13.935541,16.052416,14.350676,16.144672,16.458506,20.447395,19.023539,25.297173,27.102688,30.84024,31.89839,32.661522,33.613773,33.309772,28.414764,24.66476,28.148283,23.471222,27.222069,25.339218,22.900753,22.19248,20.279829,20.500187,21.190002,21.93631,25.616758,28.539602,28.318365,28.007458,27.551292,30.841038,27.765781,29.737307,33.720524,30.451378,27.54927,27.51834,23.669312,21.638563,22.200096,17.446894,17.582678,16.074791,13.535512,11.778103,13.549838,15.139852,17.427551,20.058243,21.49189,26.569199,25.725264,30.19383,32.043137,30.213491,34.082104,32.87989,27.642996,25.174944,21.294537,21.718678,15.845445,12.7952585,11.859785,9.783046,12.845226,10.55313,15.732337,17.441416,19.942675,15.917574,11.830296,15.935364,19.683178,22.790207,23.918886,20.912954,25.283394,19.917444,23.083393,23.005184,24.609167
5,12.8706,11.807475,7.272826,7.34954,5.810663,0.0,6.2161975,6.213317,10.48205,12.966234,16.316433,18.585508,22.359976,22.072868,20.929352,17.083508,14.494539,13.28332,10.37826,11.4491625,9.128,14.624853,12.846905,17.26623,18.604118,20.650513,17.716526,19.512611,17.683788,22.172834,18.87487,25.49621,25.775724,29.49657,29.990831,30.321867,30.784388,30.134651,25.605173,22.264853,26.311525,22.243446,26.466705,25.726542,23.512487,23.79327,22.977657,23.661818,24.837183,26.350456,29.48615,32.35221,31.413042,31.1191,29.91432,32.866943,29.859781,31.190805,35.437016,32.07783,28.925892,29.984472,26.603048,24.801657,26.448532,21.41845,22.011358,21.31024,18.518791,15.7363615,16.410238,16.904196,18.432323,20.425467,21.25083,26.05773,24.380747,29.038603,31.27278,29.520956,33.075172,32.20099,26.781878,24.966665,20.929901,22.600039,16.23773,15.106035,13.677004,12.261866,15.040395,11.199646,15.315964,15.64968,18.263306,14.73287,9.125959,12.803086,16.592022,19.841866,20.716599,17.51007,21.787306,16.830757,19.288586,19.915548,20.81281
6,16.25438,14.763705,11.876272,8.83247,6.7827888,6.2161975,0.0,5.031265,6.943645,10.151077,13.671669,16.255434,19.479393,18.39779,17.171429,12.545965,10.426769,7.7948303,5.8561454,6.1430593,6.6689963,11.21131,10.895977,15.512277,15.934544,16.726685,13.465815,14.166969,12.284598,16.230751,13.343039,19.742016,20.541697,24.470358,25.212307,26.049816,26.887825,26.718908,21.760763,18.000427,22.038801,17.700542,21.45301,20.40624,18.79541,18.36246,18.373497,18.489529,20.309277,22.01896,24.83674,27.342093,26.242123,25.398066,24.130093,26.92733,23.733139,25.009539,29.22242,25.897503,22.722004,23.978884,20.6613,19.10941,21.316132,16.320826,17.742496,17.858658,15.817125,12.376158,11.173576,12.283151,12.873737,15.653483,15.943133,21.348732,19.626364,24.342152,26.11952,24.100555,27.733671,26.603651,21.283817,19.105564,15.110929,16.423103,10.16324,9.1918545,8.304888,8.251784,11.902819,9.642806,12.541294,12.087956,15.863039,13.509257,7.7162447,10.681918,15.299522,18.504942,18.638,15.430684,19.059687,13.363087,16.62768,16.378567,18.418837
7,18.738335,17.108469,13.098843,11.656313,8.632757,6.213317,5.031265,0.0,5.530824,7.0644703,10.823023,12.69223,16.453682,16.2098,14.78045,11.342802,8.40659,8.237528,5.8361893,8.894953,8.59544,14.272701,14.745362,19.111168,20.321627,20.982813,18.269323,18.300035,16.734562,20.040482,16.811714,22.87272,22.01713,26.587797,26.329754,27.438908,27.548185,27.497675,22.770956,19.358593,24.573872,20.895658,24.590576,24.258953,23.211197,22.69273,23.203941,22.938148,24.95376,26.315641,29.332829,31.622244,30.682146,29.194569,28.064878,30.568417,26.906061,27.795904,31.7023,27.834084,24.895363,25.870998,23.274548,21.242325,24.143734,18.724403,19.390247,20.134024,16.994562,12.995806,12.739297,11.900167,13.289872,14.557497,15.656609,20.034166,18.763561,23.216185,25.666842,24.297089,28.136118,27.680283,22.126303,20.709778,16.668465,18.69134,13.295594,12.981186,13.000544,13.224714,16.913778,14.260722,17.037909,15.521091,19.615591,17.576578,10.917019,13.150844,17.988783,21.288643,20.887732,17.41083,20.188974,14.388638,16.268002,15.666535,16.544823
8,22.41258,21.285402,17.562572,15.553037,13.079933,10.48205,6.943645,5.530824,0.0,4.0831833,6.8462234,10.1184,13.008651,11.965338,11.469556,6.9939494,6.1793633,5.8918695,7.2581935,10.010747,12.181927,16.641502,17.550983,21.991142,22.169806,22.049158,18.595911,17.883472,14.85224,17.599651,13.303715,18.876537,16.817385,21.559631,20.914162,22.152193,22.13043,22.282454,17.518349,14.179328,19.983877,16.914444,20.336426,20.855595,20.684464,20.391052,22.377949,22.045017,24.723814,26.687967,28.951647,30.856064,29.286655,27.471363,25.730103,27.703312,24.106554,24.319101,28.302933,24.533895,21.450974,23.614882,21.610817,20.16784,24.112112,18.978838,20.606312,22.231583,19.83407,15.38451,12.914204,11.81084,11.072311,12.270647,11.7979555,16.394207,14.010518,18.74251,21.060944,19.480886,23.017908,22.644114,17.084631,16.114206,12.155281,15.1689625,10.265388,12.21915,12.429442,13.980867,17.419333,15.281546,16.073383,12.717012,17.589386,17.19577,10.515922,10.81591,15.890452,18.964437,17.540562,14.109637,15.657197,9.611318,11.308054,10.244359,11.767028
9,25.507523,24.053822,20.091862,18.38255,15.390924,12.966234,10.151077,7.0644703,4.0831833,0.0,4.0622306,6.1791363,9.516034,9.216226,8.24997,5.600089,4.188379,6.953562,8.273976,11.985421,13.9742985,18.560196,20.265812,24.458315,25.091743,24.629164,21.755804,20.344116,18.133131,20.035269,16.288956,21.09393,17.993036,23.281616,21.803143,23.587835,23.01931,23.557268,19.050646,16.088263,22.550047,19.998987,22.964605,23.72632,24.09584,23.339537,25.602654,24.756706,27.602001,29.173517,31.595503,33.21893,31.905005,29.402494,27.95714,29.65429,25.618532,25.567623,29.081923,24.857292,22.157093,23.824236,22.542887,20.734068,25.21622,19.933846,21.0481,23.307814,20.393473,15.677412,13.62651,11.047301,10.779688,10.330003,10.724258,14.031112,12.477995,16.710892,19.578632,18.727207,22.533466,22.79054,17.24752,16.928522,13.276781,16.385487,12.898495,14.704788,15.725645,17.431082,21.109592,19.158808,20.11775,16.539549,21.526367,21.272804,14.5215645,14.648509,19.63503,22.631516,20.819733,17.437511,17.991018,12.207082,12.539663,10.456053,10.930717
10,28.832783,27.692526,23.566988,22.082052,19.267101,16.316433,13.671669,10.823023,6.8462234,4.0622306,0.0,4.473839,6.624887,6.3973136,7.026473,5.755071,6.90413,9.828916,12.143787,15.599551,17.968328,22.324852,24.020802,28.259113,28.578112,27.913855,24.746332,23.122599,20.188795,21.703537,17.359455,21.411991,16.742401,22.080807,19.763338,21.616217,20.453592,21.138056,17.100803,14.803401,21.780035,20.159388,22.814886,24.443892,25.393826,24.944605,27.982687,27.17692,30.284168,32.12591,34.1549,35.550247,33.894814,31.204361,29.410366,30.649725,26.711975,26.056086,29.417402,25.247122,22.647955,25.029781,24.395206,22.912617,27.924116,22.884863,24.259212,26.888298,24.142271,19.366938,16.774975,13.934353,12.696652,11.406988,10.7544,12.867824,10.477366,14.458363,17.625849,17.085865,20.47121,21.235119,15.910462,16.54353,13.417187,17.269379,14.691665,17.563763,18.531422,20.574856,23.998777,22.021,22.118067,17.629099,22.657022,23.256594,16.661919,15.744114,20.37643,23.0859,20.604378,17.439838,16.674173,11.643181,10.478893,7.880532,7.3742013
11,31.356543,29.775618,25.62371,24.227055,20.994736,18.585508,16.255434,12.69223,10.1184,6.1791363,4.473839,0.0,4.2048273,6.034216,5.181562,7.529066,7.483124,11.694391,13.344616,17.212458,19.232443,23.556822,25.929958,29.857939,30.694685,29.784134,27.304256,25.168613,23.332355,24.256922,20.821926,24.431696,19.732773,25.37434,22.681948,25.057114,23.6598,24.707117,20.881388,18.730692,25.75302,24.148426,26.458874,27.824116,28.98187,27.940456,30.838604,29.53593,32.65272,33.978024,36.30495,37.495785,36.27087,32.99429,31.693321,32.837025,28.479832,27.839401,30.65643,26.074114,23.963436,25.396751,25.306627,23.378897,28.568335,23.466572,24.189898,27.24396,24.056826,19.302406,17.42735,13.5820055,13.243627,10.467505,11.318401,11.58655,11.129493,13.942944,17.571255,17.932224,21.65626,22.925539,17.856386,18.721205,15.9281,19.225887,17.601128,19.755154,21.354147,23.359398,27.086567,25.32197,25.96429,21.801668,26.898985,27.185743,20.460619,19.999666,24.742077,27.514257,25.074488,21.904552,21.000784,16.042097,14.677485,11.646598,10.501689
12,35.010098,33.51548,29.48716,27.820591,24.687525,22.359976,19.479393,16.453682,13.008651,9.516034,6.624887,4.2048273,0.0,3.4991016,4.519998,8.530442,10.131961,13.929859,16.483315,19.97826,22.629921,26.415962,29.049772,32.896908,33.377308,32.03709,29.488644,26.890856,24.81709,25.02603,21.647625,24.20636,18.505013,24.154583,20.792068,23.565792,21.810999,23.29588,19.921259,18.322327,25.395424,24.520428,26.210522,28.064362,29.88889,28.778488,32.387386,30.900764,34.293335,35.74077,37.669205,38.50596,37.080246,33.43285,31.974447,32.61564,28.290285,27.104755,29.540125,25.012201,23.196703,25.069147,25.741943,24.157297,29.841072,25.135279,26.169605,29.685474,26.87716,22.126871,19.523355,15.674366,14.336429,11.029393,10.880335,9.3714285,8.802647,10.599518,14.467856,15.398647,18.789162,20.608082,16.072582,17.755726,15.751142,19.235226,18.890078,21.726044,23.525795,25.961,29.53806,28.123163,28.04972,23.34042,28.516506,29.529503,23.1186,21.997986,26.489134,28.973932,26.016233,23.154474,21.165205,16.874224,14.863085,11.197705,9.936876
13,34.33255,32.922028,29.20469,27.05273,24.133295,22.072868,18.39779,16.2098,11.965338,9.216226,6.3973136,6.034216,3.4991016,0.0,3.812219,6.3501544,9.269084,12.225208,15.588296,18.570436,21.852667,25.119951,27.756323,31.58143,31.618685,30.036665,27.29993,24.53654,22.166693,22.060598,18.701214,20.839703,15.09539,20.814709,17.614094,20.58462,19.149775,20.82104,17.175886,15.413937,22.344183,21.525553,22.931883,24.823046,26.909777,25.763142,29.7277,28.236698,31.762491,33.417862,35.030075,35.75307,34.12074,30.49742,28.839409,29.342924,25.14593,23.810108,26.366594,22.004875,20.04171,22.482914,23.163288,21.946827,27.766752,23.32046,24.874117,28.445488,26.154884,21.412773,17.977093,14.660465,12.306492,9.621661,8.111048,7.482852,5.4700794,8.297466,11.848077,12.233608,15.715817,17.275303,12.597601,14.3059435,12.481821,16.113762,16.23061,19.553526,21.369898,24.112858,27.51206,26.476675,25.884148,21.005978,26.24092,27.658434,21.648157,20.219017,24.622896,26.962763,23.862253,21.164524,18.957373,14.635211,13.080371,8.910796,9.011073
14,33.178024,31.350473,27.81463,25.475956,22.295332,20.929352,17.171429,14.78045,11.469556,8.24997,7.026473,5.181562,4.519998,3.812219,0.0,5.635635,6.9988704,10.581902,13.362039,16.517197,19.582212,22.727716,25.832163,29.400328,29.848097,28.16327,26.016397,22.997797,21.730007,21.474623,19.034946,21.512724,17.035686,22.92171,20.302895,23.418941,22.398766,24.05079,20.005856,17.6782,24.387537,22.83459,24.335665,25.432465,27.246553,25.524017,28.941483,27.099497,30.49473,31.679085,33.69569,34.430386,33.27781,29.402246,28.281868,29.071148,24.509275,23.655535,26.044981,21.33065,19.546646,20.850971,21.415182,19.691092,25.386105,20.75417,21.837334,25.542122,23.00969,18.315195,15.369488,11.514994,10.010474,6.5175257,6.9665213,6.492221,7.1328263,9.649536,13.027431,13.532746,17.67618,18.944864,14.122526,15.011042,12.8299055,15.617649,15.74173,18.079634,20.361258,22.96248,26.659504,25.843332,25.980633,21.766285,27.08821,27.858557,21.695902,21.021332,25.7781,28.370129,25.69091,22.767242,21.408714,16.350784,15.652258,11.639677,12.074817
15,28.749508,27.206755,23.937494,21.221556,18.454157,17.083508,12.545965,11.342802,6.9939494,5.600089,5.755071,7.529066,8.530442,6.3501544,5.635635,0.0,4.343003,5.9422565,9.793115,12.361045,15.975947,19.015635,21.500284,25.346064,25.281025,23.841663,21.04888,18.53036,16.374273,16.821726,13.695033,17.095072,13.6261215,19.321264,17.724342,20.294851,19.996931,21.21839,16.533506,13.478853,19.888855,17.69763,19.67975,20.527218,21.910856,20.552822,23.87355,22.490723,25.836182,27.503029,29.357645,30.432655,28.933504,25.77998,24.232193,25.410261,21.212734,20.698143,23.953459,19.683142,17.103613,19.297426,18.730274,17.397272,22.691074,17.968107,19.817188,22.88782,20.866053,16.156597,12.329598,9.908366,7.318739,6.885054,5.3597503,9.459878,7.4557366,11.971088,14.355282,13.268689,17.288511,17.487803,11.996925,11.809119,8.584149,11.83667,10.43326,13.3249445,15.12581,17.827923,21.333012,20.54333,20.371407,16.228767,21.560946,22.355497,16.475723,15.770542,20.565506,23.185968,20.773867,17.809822,17.22615,11.57638,12.2264805,8.684508,10.794412
16,26.376171,24.41219,21.106016,18.514454,15.341897,14.494539,10.426769,8.40659,6.1793633,4.188379,6.90413,7.483124,10.131961,9.269084,6.9988704,4.343003,0.0,4.5457315,6.434409,9.910873,12.682706,16.31741,19.016024,22.769886,23.439312,22.326427,20.119867,17.846395,16.897352,17.85685,15.493689,19.721022,17.529894,23.064676,21.899,24.275633,24.107319,25.084625,20.295979,16.997648,23.09602,20.19604,22.600487,22.672756,23.335917,21.682236,23.927988,22.439686,25.405128,26.555216,29.076864,30.424828,29.478125,26.424257,25.446156,27.12967,22.733337,22.899391,26.09653,21.635237,19.18385,20.075006,18.942036,16.886839,21.576887,16.336388,17.397024,20.182552,17.487146,12.686607,10.135244,7.0790987,6.913228,6.520253,7.9100533,11.680487,11.34355,15.324729,17.84306,17.024748,21.308096,21.391766,15.946874,15.137064,11.617522,13.793611,11.384239,12.488542,14.482291,16.571995,20.481754,19.482317,20.573421,17.461916,22.61082,22.315435,16.071627,16.529888,21.603865,24.5482,22.794376,19.55288,20.092655,14.04343,15.120057,12.270459,13.684297
17,23.893045,22.021116,19.385984,15.972421,13.311336,13.28332,7.7948303,8.237528,5.8918695,6.953562,9.828916,11.694391,13.929859,12.225208,10.581902,5.9422565,4.5457315,0.0,4.6820307,6.4330745,10.400128,13.154749,15.604617,19.40438,19.477097,18.274712,15.712753,13.563494,12.426305,13.690833,11.619394,16.34111,15.848853,20.897963,20.779758,22.870089,23.445086,24.249565,19.128159,15.347795,20.50386,16.91508,19.401634,18.79803,19.105757,17.354324,19.393452,18.059078,21.005754,22.43892,24.80608,26.32495,25.22744,22.632282,21.505577,23.513388,19.40371,19.996096,23.653135,19.63997,16.779594,18.02524,15.984627,14.323132,18.542,13.452952,15.34347,17.644558,15.815442,11.309985,7.4759235,6.838635,5.539444,8.199508,8.249701,13.7327585,12.621556,17.038649,18.73188,17.037693,21.141304,20.41165,15.021911,13.164618,9.300982,10.796425,7.1796913,8.065665,10.024462,12.4166765,16.23399,15.802059,16.677225,14.124269,19.163765,18.80944,13.282029,13.998134,18.959227,21.83203,20.459183,17.381298,18.687578,12.5006075,15.011709,12.7147,15.327492
18,20.856688,18.497057,15.868467,12.593321,9.417759,10.37826,5.8561454,5.8361893,7.2581935,8.273976,12.143787,13.344616,16.483315,15.588296,13.362039,9.793115,6.434409,4.6820307,0.0,4.2719197,6.2774534,10.35133,12.730754,16.516848,17.594425,17.108961,15.260942,13.916849,14.138335,16.17702,14.791651,20.09408,20.391941,25.207434,25.324413,27.14895,27.726086,28.25454,23.161144,19.357252,24.212082,20.171206,23.075169,21.883167,21.310719,19.534264,20.122753,18.917109,21.190943,22.0439,25.173552,27.091545,26.58391,24.384201,23.820478,26.327015,22.268274,23.478712,27.043474,23.031723,20.352766,20.453197,17.812777,15.526578,18.561102,13.064385,13.866466,15.303073,12.590818,8.150766,6.929782,6.6194673,8.464316,10.675393,12.339316,17.184566,16.871634,21.050299,22.974504,21.531374,25.753153,25.026455,19.6834,17.654093,13.825295,14.610495,10.322198,8.761703,10.372669,11.461397,15.607359,14.745316,17.271519,16.091982,20.571684,18.900356,13.244496,15.317566,20.257711,23.374975,22.75939,19.515383,21.843845,15.643965,18.20704,16.488903,18.427578
19,19.477257,17.024557,15.557101,11.171259,8.842409,11.4491625,6.1430593,8.894953,10.010747,11.985421,15.599551,17.212458,19.97826,18.570436,16.517197,12.361045,9.910873,6.4330745,4.2719197,0.0,5.025863,6.8479543,9.401655,13.012383,13.57546,12.87371,11.140035,9.906116,11.129895,13.261823,13.105038,18.352627,20.410395,24.6393,25.638422,27.31241,28.498737,28.977152,23.75787,19.736357,23.476662,18.900852,21.61668,19.51632,18.494698,16.33927,16.191341,14.956576,17.006157,17.845793,21.034767,23.124287,22.745247,20.973629,20.588314,23.461554,19.722715,21.497875,25.216116,21.690762,18.914879,18.84026,15.343711,13.363476,15.426577,10.236508,11.722297,12.436645,10.920426,7.407361,5.3253236,7.9938993,9.143524,12.7436905,13.783161,19.261614,18.783236,22.99177,24.282516,22.350739,26.405388,25.087088,20.08595,17.310226,13.711454,13.355498,8.789368,5.2658167,7.027717,8.032514,12.169314,12.409704,15.055307,15.042388,19.04558,17.11937,12.793614,15.233595,19.742643,22.66677,22.509045,19.584707,22.462091,16.501566,19.952143,18.498322,21.158018
20,16.154078,13.13253,11.703698,7.687548,4.768788,9.128,6.6689963,8.59544,12.181927,13.9742985,17.968328,19.232443,22.629921,21.852667,19.582212,15.975947,12.682706,10.400128,6.2774534,5.025863,0.0,6.120349,7.363081,11.002344,13.087133,13.803996,12.863818,13.1168,14.815146,17.689032,17.371733,23.038868,25.057903,29.184544,30.150911,31.525612,32.556667,32.734024,27.614614,23.678675,27.41118,22.710539,25.876387,23.68628,21.924223,20.198404,18.764486,18.013508,19.164152,19.465908,23.283976,25.791454,25.878403,24.697172,24.653938,27.815653,24.281006,26.324114,29.972116,26.466757,23.818886,23.155016,19.47588,17.155933,18.019566,12.977077,13.0363655,12.272098,9.625735,7.215387,8.974313,10.862553,13.495909,16.301712,18.128672,23.14001,22.949179,27.13114,28.77788,27.075142,31.195278,30.012827,24.894245,22.267,18.559956,18.376211,13.44981,9.665782,10.177195,9.231714,13.068383,12.35149,16.666588,17.730694,21.030014,17.857458,13.580453,17.047668,21.314728,24.394346,24.899994,21.859783,25.48186,19.636889,22.8678,21.91303,23.918615
21,18.185505,14.955986,15.586854,10.6230545,9.539395,14.624853,11.21131,14.272701,16.641502,18.560196,22.324852,23.556822,26.415962,25.119951,22.727716,19.015635,16.31741,13.154749,10.35133,6.8479543,6.120349,0.0,5.42467,6.918131,8.729211,8.343882,9.466396,9.192741,13.689621,15.458156,17.495966,22.121439,25.968712,29.587801,31.331276,32.904633,34.538227,34.95138,29.733858,25.65616,28.275682,23.266045,25.68013,22.343977,20.485855,17.7448,15.231991,13.808969,14.402519,13.823821,18.039906,20.493631,21.298635,20.230654,20.989895,24.436266,21.182005,23.939114,27.262177,24.292612,21.960867,20.37421,16.023695,13.93783,12.9975195,8.96075,9.279522,7.1815395,7.078815,7.1570487,8.366373,12.258477,14.378717,18.024029,19.618423,24.829906,25.024784,28.892761,29.801912,27.823679,31.857262,30.162237,25.660383,22.377626,19.301199,17.588978,13.919187,8.596147,9.719245,8.807454,11.854377,13.479032,17.334524,19.441538,22.251661,19.2544,16.840773,20.089384,23.844507,26.547722,27.247486,24.653652,28.253578,22.639017,26.470304,25.237331,27.98348
22,13.198629,10.325551,11.945302,6.8202147,7.7658973,12.846905,10.895977,14.745362,17.550983,20.265812,24.020802,25.929958,29.049772,27.756323,25.832163,21.500284,19.016024,15.604617,12.730754,9.401655,7.363081,5.42467,0.0,4.7397685,6.239769,8.812338,8.403526,11.11718,13.650028,17.038664,17.954575,23.306171,27.447481,30.422642,32.588165,33.42907,35.216976,35.106186,30.059118,26.081656,28.007694,22.81534,25.823368,22.522392,19.59888,18.083523,14.501825,14.669023,14.40199,14.69092,18.592066,21.751345,22.054935,22.491997,22.6182,26.316607,23.874207,26.624233,30.449615,27.97412,25.25391,24.669767,20.007296,18.542875,17.223944,13.877826,14.612519,11.689051,11.725531,11.923141,12.893608,16.5701,18.19609,21.987732,22.967928,28.581213,27.901041,32.2101,33.190285,30.8829,34.579716,32.668312,28.094337,24.791883,21.523542,20.36972,15.350266,10.68303,9.616287,6.775649,8.684259,9.664544,14.536384,18.001638,19.706026,15.726733,14.5303335,18.368694,21.359789,23.935951,25.45331,23.075645,27.593641,22.528597,26.649546,26.324764,28.993254
23,15.402538,12.260896,15.224217,10.705829,11.818922,17.26623,15.512277,19.111168,21.991142,24.458315,28.259113,29.857939,32.896908,31.58143,29.400328,25.346064,22.769886,19.40438,16.516848,13.012383,11.002344,6.918131,4.7397685,0.0,4.771868,7.5805526,9.894569,12.340619,16.59211,19.087767,21.353785,25.971354,30.92551,33.700382,36.166313,37.154415,39.16581,39.18202,34.1164,30.10856,31.57222,26.31459,28.87226,24.948912,21.959866,19.880545,15.286382,15.08445,13.814857,12.814985,17.214975,20.38607,21.60127,22.316404,23.253742,27.094337,24.913883,28.119944,31.527582,29.363747,27.018309,25.523535,20.684452,19.251833,16.381168,14.262565,14.38381,10.186258,11.533538,13.496983,15.183922,19.170086,21.08203,24.89964,26.175833,31.609972,31.425573,35.46628,36.190563,33.9142,37.64831,35.57375,31.327396,27.79249,24.869638,22.969198,18.869846,13.726342,13.202684,10.66551,11.5246105,13.579189,18.126757,22.09125,23.398733,19.409342,19.100843,22.861107,25.556156,27.916306,29.61037,27.436995,31.930462,26.94115,31.158167,30.634817,33.440346
24,16.45681,14.305122,17.209406,12.369246,13.935541,18.604118,15.934544,20.321627,22.169806,25.091743,28.578112,30.694685,33.377308,31.618685,29.848097,25.281025,23.439312,19.477097,17.594425,13.57546,13.087133,8.729211,6.239769,4.771868,0.0,4.7684436,6.2483606,9.878379,13.608489,16.133146,18.751633,22.900026,28.698914,30.791147,33.806835,34.538666,36.925415,36.875435,31.943193,28.02602,28.536034,23.26802,25.53287,21.257538,17.978941,16.071007,10.864293,11.34119,9.619471,9.642644,13.384052,16.870094,17.537212,19.13984,19.64815,23.577526,22.08801,25.35184,28.98029,27.447918,24.936617,24.239386,19.155329,18.57036,15.649831,14.337728,15.785746,12.268276,14.628869,15.848619,15.772427,20.26185,21.065422,25.371262,25.77676,31.56138,30.793627,34.913074,35.220406,32.5587,35.887924,33.446423,29.593693,25.849897,23.275578,21.128002,17.176117,12.485238,11.296072,8.946792,8.434343,11.942306,15.3290825,19.752834,20.532225,17.05737,18.060535,21.32729,23.455729,25.435188,27.212433,25.466824,29.931852,25.460398,30.029886,29.711103,32.972797
25,20.76837,18.433187,20.62847,15.437755,16.052416,20.650513,16.726685,20.982813,22.049158,24.629164,27.913855,29.784134,32.03709,30.036665,28.16327,23.841663,22.326427,18.274712,17.108961,12.87371,13.803996,8.343882,8.812338,7.5805526,4.7684436,0.0,5.614889,6.483113,12.314612,13.16012,17.30996,20.4185,26.62529,28.836683,31.849571,33.075607,35.56326,35.928963,30.92656,26.976921,27.511288,22.388874,23.910984,19.299334,16.907673,13.71896,9.175929,7.8915606,6.731176,5.9161787,10.113127,13.10485,14.19035,14.818873,15.906385,19.774115,18.001053,21.478657,24.749027,23.289291,21.07502,19.875631,14.7598915,14.423789,11.119628,10.659505,12.75861,10.040067,13.480091,14.611057,13.532039,18.313372,18.664877,23.082485,23.38549,28.973932,28.589182,32.333996,32.27382,29.649603,32.98932,30.474075,26.997852,23.105568,20.998215,18.083942,15.53729,10.684135,10.766933,9.968585,10.225908,14.449282,16.679457,20.114962,21.618034,19.200953,19.631264,22.285679,24.804705,26.740074,27.86131,26.133192,29.840492,25.197798,29.72696,28.806042,32.371975
26,18.647568,17.163498,18.556396,13.452234,14.350676,17.716526,13.465815,18.269323,18.595911,21.755804,24.746332,27.304256,29.488644,27.29993,26.016397,21.04888,20.119867,15.712753,15.260942,11.140035,12.863818,9.466396,8.403526,9.894569,6.2483606,5.614889,0.0,5.435315,7.4641695,10.244943,12.692797,16.701548,22.672419,24.560736,27.707745,28.438198,30.96114,31.020277,26.118809,22.244568,22.5048,17.276134,19.33565,15.131573,12.180385,10.13056,6.1761556,6.88781,7.144066,9.575527,11.877461,15.007869,14.226713,15.438983,14.826601,18.613453,17.115719,19.992039,24.076967,22.663858,19.77616,20.413656,15.460472,15.581299,14.356996,12.663723,15.622038,13.974637,16.110632,15.654253,13.300265,17.82973,17.243706,21.858019,21.263468,27.293896,25.87304,30.053898,30.092491,27.148458,30.161722,27.568487,23.87892,20.094883,17.725332,15.674932,11.731526,8.001088,6.3303156,5.6128793,5.228243,9.848013,11.148917,14.665906,16.013811,13.927332,14.766484,17.071285,19.301252,21.15269,22.307209,20.711536,24.616186,20.355091,25.076872,24.683594,28.352942
27,23.018265,21.01235,21.704475,16.455278,16.144672,19.512611,14.166969,18.300035,17.883472,20.344116,23.122599,25.168613,26.890856,24.53654,22.997797,18.53036,17.846395,13.563494,13.916849,9.906116,13.1168,9.192741,11.11718,12.340619,9.878379,6.483113,5.435315,0.0,7.454857,7.0871572,11.676968,14.437162,20.329226,22.858114,25.6122,27.1736,29.581089,30.239954,25.199434,21.262613,22.209208,17.328316,18.502113,14.275401,13.095717,9.13263,7.8517466,5.229363,7.6885657,9.072003,11.340369,13.325985,12.9330845,11.872507,11.884238,15.418396,12.810365,15.823332,19.531076,17.685555,15.066159,15.025343,10.068565,10.232743,9.819395,8.16767,11.964618,11.884577,14.34639,13.462504,9.845268,14.501253,13.435523,18.09464,17.572845,23.297245,22.539696,26.248417,26.01108,23.250816,26.515062,24.018925,20.536072,16.626177,14.672945,11.626005,9.743088,5.683347,6.9738126,8.604961,10.035939,13.928326,14.531644,16.13571,18.759874,17.776926,17.118011,18.762352,21.76272,23.72393,23.912622,22.124458,24.900436,20.178951,24.575113,23.24371,27.095116
28,22.068478,21.26339,20.955725,16.410212,16.458506,17.683788,12.284598,16.734562,14.85224,18.133131,20.188795,23.332355,24.81709,22.166693,21.730007,16.374273,16.897352,12.426305,14.138335,11.129895,14.815146,13.689621,13.650028,16.59211,13.608489,12.314612,7.4641695,7.454857,0.0,5.720537,5.2727337,9.988513,15.406552,17.237791,20.309607,20.988503,23.531652,23.692142,18.80216,14.984928,15.326487,10.187706,12.318251,9.06762,7.386406,6.137898,8.014127,8.638811,11.399408,14.883875,15.519663,17.604343,15.153324,15.288052,12.832305,15.716122,14.02445,15.642062,20.385748,18.891584,15.409245,18.360138,14.417157,15.228069,16.778784,14.426023,18.240915,18.545649,19.77501,17.54625,13.120932,16.62043,14.160978,18.648281,16.553082,22.694515,20.147776,24.46524,24.333017,21.06288,23.60047,20.965208,17.268238,13.684367,11.432928,10.405064,6.006489,6.5542626,4.695442,7.4804826,8.084267,10.73175,8.653966,9.074956,11.827129,12.303691,12.103405,12.491817,14.945894,16.645327,16.590738,15.113577,17.958267,14.021491,18.778698,18.365517,22.452816
29,27.218401,25.944675,25.779234,20.935448,20.447395,22.172834,16.230751,20.040482,17.599651,20.035269,21.703537,24.256922,25.02603,22.060598,21.474623,16.821726,17.85685,13.690833,16.17702,13.261823,17.689032,15.458156,17.038664,19.087767,16.133146,13.16012,10.244943,7.0871572,5.720537,0.0,7.0236254,7.4415503,14.219808,16.108889,19.245707,20.86836,23.596725,24.50586,19.74084,16.145695,16.30163,12.088923,12.074259,8.090093,9.078791,4.674811,8.956202,7.168149,11.038289,13.92423,13.79708,14.68568,12.281722,10.5969305,8.171888,10.705567,8.329251,10.198187,14.779338,13.536337,10.245461,13.329766,9.734657,11.576582,13.733083,12.608989,16.952164,18.293884,20.241774,18.175734,12.8985615,16.346941,13.09521,17.529558,15.138455,20.781641,18.899557,22.443388,21.541956,18.236961,20.710947,17.78809,14.986547,10.9562645,10.117942,6.96333,7.368339,8.063758,8.933966,12.102808,12.981883,16.26451,14.218437,13.690853,16.694246,17.926554,17.399612,17.281393,19.852173,21.26814,20.459116,19.219444,20.638304,16.835207,21.077078,19.64353,24.019054
30,25.320244,24.793612,23.506859,19.541206,19.023539,18.87487,13.343039,16.811714,13.303715,16.288956,17.359455,20.821926,21.647625,18.701214,19.034946,13.695033,15.493689,11.619394,14.791651,13.105038,17.371733,17.495966,17.954575,21.353785,18.751633,17.30996,12.692797,11.676968,5.2727337,7.0236254,0.0,6.7382717,10.310476,12.469039,15.133243,15.906028,18.311352,18.649958,13.6945715,9.88511,10.950029,6.344544,8.529641,7.567381,8.2537,8.193134,12.587304,12.849865,16.111433,19.575975,19.724377,21.177835,18.203144,17.453417,14.249947,16.004438,14.099908,14.335203,19.218668,17.529348,13.824021,18.340012,15.624251,16.625248,19.76145,17.090036,20.954699,22.257286,22.871992,19.772526,14.643494,16.895142,13.30356,17.140982,13.897796,19.762024,16.27105,20.617966,20.434687,17.00124,19.121153,16.61974,12.80287,9.723129,7.6207542,8.386801,4.788291,9.186499,8.347834,11.560376,12.627871,13.834473,10.519191,7.4703875,11.501776,13.846995,12.441607,11.052405,13.685302,15.210319,13.800248,12.377217,13.713819,10.071265,14.55468,13.990438,18.361107
31,31.64429,31.037912,30.095528,25.873093,25.297173,25.49621,19.742016,22.87272,18.876537,21.09393,21.411991,24.431696,24.20636,20.839703,21.512724,17.095072,19.721022,16.34111,20.09408,18.352627,23.038868,22.121439,23.306171,25.971354,22.900026,20.4185,16.701548,14.437162,9.988513,7.4415503,6.7382717,0.0,8.42997,8.827697,12.584312,14.030317,17.147343,18.270876,14.130892,11.435669,10.321524,8.084622,5.8213305,4.916419,9.241384,8.1002,14.382802,13.863116,17.456272,20.865046,19.69281,19.994448,16.459558,14.968351,11.030314,11.205256,10.184113,9.121456,13.953785,13.560291,10.147415,16.215757,14.704063,16.94527,20.379238,19.19183,23.448206,25.399567,26.794985,23.96271,18.245146,20.360807,15.943391,19.362078,15.350913,20.198599,16.8252,20.027962,18.554293,14.754356,15.732432,12.389018,10.743619,7.5957365,8.700557,7.9394064,9.906128,13.784499,13.994276,17.325731,17.85618,20.027872,16.125826,13.254764,16.212528,19.567646,19.072718,17.137733,18.897,19.56695,17.537008,17.095377,16.567427,14.5476885,18.062338,16.839544,21.433619
32,34.498215,34.017612,31.775639,28.41042,27.102688,25.775724,20.541697,22.01713,16.817385,17.993036,16.742401,19.732773,18.505013,15.09539,17.035686,13.6261215,17.529894,15.848853,20.391941,20.410395,25.057903,25.968712,27.447481,30.92551,28.698914,26.62529,22.672419,20.329226,15.406552,14.219808,10.310476,8.42997,0.0,5.9132795,5.43915,8.404062,10.059678,12.00863,7.9125385,6.28179,9.282588,10.037904,8.997141,12.383221,16.037733,16.0069,21.87003,21.296206,25.019388,28.139133,27.665884,27.994661,24.770681,22.457502,19.018171,18.58521,16.543482,14.185459,17.892448,16.152697,13.214685,19.488253,19.488527,20.778297,25.737667,23.295757,26.965485,29.728224,29.832226,25.976313,20.373974,20.568924,15.804026,17.421658,12.554069,15.919652,11.061244,14.092171,13.15272,9.58631,9.892224,7.9233274,5.135543,5.831586,7.270809,10.415061,12.183477,17.478006,18.007128,21.426811,22.90053,23.44597,19.753086,14.5836935,18.588781,22.441372,19.920328,16.87619,19.141851,19.98403,16.463667,15.679377,12.497895,11.141184,12.481627,10.565092,14.818653
33,36.734142,36.742,34.92083,31.55473,30.84024,29.49657,24.470358,26.587797,21.559631,23.281616,22.080807,25.37434,24.154583,20.814709,22.92171,19.321264,23.064676,20.897963,25.207434,24.6393,29.184544,29.587801,30.422642,33.700382,30.791147,28.836683,24.560736,22.858114,17.237791,16.108889,12.469039,8.827697,5.9132795,0.0,5.3935304,5.7457776,9.330716,10.726146,8.426526,8.563991,6.3215795,9.376298,6.362331,11.156198,15.154382,16.296762,22.40489,22.541927,25.96399,29.605312,28.223112,28.418318,24.516651,23.239344,19.114864,18.138803,17.777077,15.19224,18.842602,18.707148,15.970476,22.791222,22.5689,24.55418,28.795918,27.120173,31.132723,33.45431,34.142147,30.640831,24.965853,25.838587,21.094355,23.153608,18.326393,21.62347,16.828054,19.323364,17.769243,14.203678,12.79878,10.110172,10.277456,10.468388,12.393127,14.387537,15.917737,21.008797,20.810514,23.97105,24.474976,25.331913,20.57965,15.860976,18.396172,23.177057,22.316538,18.848114,19.619827,19.479626,16.033117,16.5286,13.132053,14.151297,15.700587,15.144411,19.147339
34,38.741924,38.600956,36.128033,33.12587,31.89839,29.990831,25.212307,26.329754,20.914162,21.803143,19.763338,22.681948,20.792068,17.614094,20.302895,17.724342,21.899,20.779758,25.324413,25.638422,30.150911,31.331276,32.588165,36.166313,33.806835,31.849571,27.707745,25.6122,20.309607,19.245707,15.133243,12.584312,5.43915,5.3935304,0.0,4.6189094,5.738807,8.515566,6.866103,8.2538185,9.774649,12.938612,11.245632,15.860469,19.67929,20.414879,26.448141,26.17988,29.817204,33.137173,32.264854,32.414898,28.870108,26.78905,23.084236,22.029402,20.714888,17.781727,20.838434,19.772068,17.374065,23.89792,24.43865,25.906977,30.933037,28.673723,32.321632,35.163383,35.199665,31.240551,25.709478,25.56558,20.833591,21.809404,16.907244,18.9445,13.821342,15.708838,14.497375,11.545764,9.557448,8.413237,8.486286,10.704423,12.581726,15.671637,17.47014,22.843567,23.104174,26.376917,27.558363,27.798079,23.596287,18.101667,21.400845,25.919432,23.725883,20.07288,21.48081,21.70691,17.677217,17.646189,12.943539,13.913479,13.78951,12.570089,15.908193
35,38.222,38.582424,36.13575,33.471764,32.661522,30.321867,26.049816,27.438908,22.152193,23.587835,21.616217,25.057114,23.565792,20.58462,23.418941,20.294851,24.275633,22.870089,27.14895,27.31241,31.525612,32.904633,33.42907,37.154415,34.538666,33.075607,28.438198,27.1736,20.988503,20.86836,15.906028,14.030317,8.404062,5.7457776,4.6189094,0.0,4.0667715,5.168297,5.2659483,8.126188,7.389839,11.924893,10.680213,16.026484,19.233358,21.143547,26.91202,27.387535,30.73663,34.46879,33.388092,33.85316,29.941742,28.801346,24.705261,23.875843,23.276274,20.646349,24.094803,23.493507,20.826057,27.481756,27.412304,28.971596,33.549713,31.245148,35.001175,37.358387,37.43385,33.54423,28.167831,28.36449,23.822035,25.165874,20.357983,22.932566,17.523829,19.878633,19.00544,16.069124,14.1242285,12.816367,12.639415,14.152906,15.361491,18.552576,19.040718,24.464317,23.978558,26.89849,27.551876,27.427946,22.679823,17.202188,19.567572,24.58102,23.175016,19.102102,19.45005,19.072683,14.963638,15.727858,10.711084,13.660465,13.563765,13.864293,16.91592
36,39.597553,39.92942,37.00837,34.718914,33.613773,30.784388,26.887825,27.548185,22.13043,23.01931,20.453592,23.6598,21.810999,19.149775,22.398766,19.996931,24.107319,23.445086,27.726086,28.498737,32.556667,34.538227,35.216976,39.16581,36.925415,35.56326,30.96114,29.581089,23.531652,23.596725,18.311352,17.147343,10.059678,9.330716,5.738807,4.0667715,0.0,3.4528291,5.4677973,9.163719,10.787818,14.905384,14.360522,19.579609,22.631433,24.372862,30.036613,30.34675,33.78949,37.35813,36.623585,37.133915,33.413395,31.892551,28.005293,27.210495,26.093319,23.358564,26.560495,25.41455,22.899797,29.28449,29.547066,30.744337,35.725395,32.997253,36.48073,39.077045,38.67513,34.50168,29.345186,28.891092,24.516,25.150114,20.486,22.235323,16.717356,18.703047,18.340933,16.043749,14.010662,13.804615,13.327866,15.707982,16.6305,20.408735,20.77378,26.279154,25.980324,28.876366,29.924261,29.30117,24.9649,19.099195,21.840313,26.581347,24.318779,20.167011,20.849716,20.716228,16.34614,16.729933,10.953898,14.021158,12.466301,12.693488,14.818879
37,38.381676,39.059444,36.10471,34.14339,33.309772,30.134651,26.718908,27.497675,22.282454,23.557268,21.138056,24.707117,23.29588,20.82104,24.05079,21.21839,25.084625,24.249565,28.25454,28.977152,32.734024,34.95138,35.106186,39.18202,36.875435,35.928963,31.020277,30.239954,23.692142,24.50586,18.649958,18.270876,12.00863,10.726146,8.515566,5.168297,3.4528291,0.0,5.2503257,9.320626,10.144637,14.460258,14.6238165,19.964987,22.405382,24.83253,30.150738,30.937279,34.162582,37.945553,37.226707,38.030907,34.16717,33.226715,29.174225,28.676668,27.822626,25.38069,28.929834,27.878897,25.11263,31.495071,31.278471,32.430943,37.11657,34.241318,37.731033,39.963783,39.50037,35.37033,30.417006,30.164984,26.007921,26.904179,22.384737,24.630919,18.979609,21.454617,21.396183,19.001907,17.314709,16.86426,15.896086,17.789215,18.169989,22.053137,21.421087,26.868736,26.073454,28.659372,29.424904,28.419989,23.908825,18.11694,20.255087,25.121489,23.24603,18.891827,18.892097,18.43631,14.07158,14.887765,9.018089,13.438279,11.883014,13.317741,15.161253
