,0,1,2,3,4,5,6,7,8,9,10,11,12,13,14,15,16,17,18,19,20,21,22,23,24,25,26,27,28,29,30,31,32,33,34,35,36,37,38,39,40,41,42,43,44,45,46,47,48,49,50,51,52,53,54,55,56,57,58,59,60,61,62,63,64,65,66,67,68,69,70,71,72,73,74,75,76,77,78,79,80,81,82,83,84,85,86,87,88,89,90,91,92,93,94,95,96,97,98,99,100,101,102,103,104,105,106,107,108,109
0,0.0,4.337626,5.743959,8.770883,11.913254,11.859996,16.517796,17.988846,22.378355,25.418732,28.231125,31.643147,33.25005,31.428852,28.364187,26.31019,22.238642,21.227228,16.833836,14.361684,11.822172,9.3427,8.437441,7.8713107,11.417657,12.663735,14.502851,13.56111,18.610323,16.343287,22.576897,20.538227,28.89882,26.697105,31.059534,33.171764,32.34248,31.755201,27.012411,23.231909,27.674145,22.848827,26.23476,24.182161,19.510538,20.673628,19.96658,18.021719,18.546808,21.839876,19.229342,21.963549,17.458025,20.119371,15.332689,13.845469,18.210209,19.09439,23.027056,24.853464,22.602325,26.13415,22.61642,24.525866,25.44265,24.960758,29.1964,32.707325,33.544903,28.587091,28.501125,32.65617,31.520773,28.236444,31.473713,35.25529,31.827978,31.71763,35.590645,36.598137,33.821342,36.464077,31.04341,28.325592,26.423565,23.538717,22.736986,17.197708,18.362467,20.048765,22.403013,24.017141,24.041582,25.660583,27.359491,28.737196,30.045094,32.13071,32.95039,34.259125,34.662663,35.68289,36.47084,33.567852,32.60019,28.14819,26.102825,26.67558,22.480751,24.956364
1,4.337626,0.0,5.362146,6.155348,9.289429,11.319392,14.875075,17.03239,21.305706,24.459377,27.559305,30.744112,32.818165,31.331718,28.307734,26.200706,22.236279,20.726517,16.807676,13.724484,12.422332,8.646019,10.046981,9.842204,11.661475,13.759137,14.155052,14.666356,18.54469,17.369663,23.021471,21.48872,29.539865,27.209146,31.97068,33.82911,33.563,33.277184,28.354147,24.479134,29.095104,24.322786,27.127426,24.952955,20.914877,21.270111,21.043894,18.09974,19.311983,22.372377,20.67287,23.916115,19.776905,22.735003,18.069956,17.153038,20.884687,21.906662,26.21994,27.435778,24.849243,28.138807,24.259472,25.566315,25.980658,25.043756,29.29999,32.222206,33.6311,28.7054,27.651932,32.02975,31.302385,27.583355,30.340046,34.60636,31.269527,30.520859,34.307587,35.705826,32.6691,34.820393,29.539438,26.503378,24.847712,21.491243,21.152248,15.652109,16.143122,18.4227,20.702204,23.067516,22.489914,23.53853,25.849295,27.463703,28.066776,30.108017,31.590828,32.9755,32.722664,33.57297,34.1962,30.94023,30.168854,25.338387,23.725365,23.752647,19.653414,21.998718
2,5.743959,5.362146,0.0,5.2333965,7.0697184,6.4305487,11.432546,12.450296,17.138767,20.006485,23.089539,26.262674,28.177563,26.552011,23.33219,21.649572,17.469748,16.657324,12.500428,10.617179,8.70798,8.134196,9.092782,11.062804,13.633211,13.953485,13.732864,12.9189825,16.09001,13.792689,19.435762,16.845362,24.83063,22.082325,26.88734,28.63125,28.282206,28.115997,23.153637,19.359816,24.451126,20.077242,22.999565,21.650099,18.107851,18.938564,19.783762,17.620121,19.35717,23.253191,21.234428,24.227697,20.18624,21.634027,16.849058,15.181134,18.466461,18.661146,23.233292,24.161425,21.334219,25.539602,22.237108,23.492334,25.09032,23.408934,27.339369,30.554724,31.25164,26.081358,25.553535,29.513273,28.106785,24.558096,27.682434,31.372831,27.614729,27.192682,31.114153,32.031666,28.872932,31.369282,26.00598,23.379963,21.951971,18.722496,19.011782,13.858736,15.692537,18.097435,21.156849,22.425009,21.477438,23.31946,26.076664,26.400913,26.871521,29.91126,30.905392,31.381258,31.377302,33.043713,34.18351,31.052967,29.726154,25.497,22.597326,22.773169,18.345234,20.205673
3,8.770883,6.155348,5.2333965,0.0,3.7419333,7.2752533,8.9511385,12.040747,15.633057,19.022722,22.036037,25.248846,27.415243,26.155106,23.441067,20.942953,17.286598,15.202983,11.881022,8.442613,8.700383,5.6309524,9.324133,11.400941,11.923222,12.828562,10.887039,12.086781,13.86756,13.603132,18.281631,17.355375,24.835423,22.816967,27.71661,29.516747,29.919582,29.777117,24.826847,20.864902,25.209677,20.622952,22.652983,20.591103,17.6738,17.293554,18.374203,15.042419,17.484856,21.0301,20.124336,23.649057,20.221313,22.110605,17.725422,17.233486,19.555721,20.402071,25.235104,25.332546,22.278662,25.511887,21.626785,22.126808,22.839287,20.85353,24.841516,27.376612,28.852797,23.883736,22.267366,26.57502,25.902937,21.93616,24.484924,28.854643,25.524788,24.487066,28.242607,29.764454,26.686947,28.73253,23.47602,20.372723,18.742483,15.344738,15.267518,9.991868,10.952438,13.773701,16.716265,18.673563,17.30462,18.606833,21.740963,22.427883,22.492252,25.250498,26.766726,27.553192,27.081331,28.40534,29.361412,26.062479,24.922651,20.431105,18.01893,18.085531,13.814421,16.23198
4,11.913254,9.289429,7.0697184,3.7419333,0.0,6.0128517,6.2553797,9.227352,12.842333,16.024696,19.326681,22.205954,24.733982,23.731268,20.94021,18.847633,15.2767515,13.326348,10.711902,8.114172,9.408618,8.376939,12.172751,14.882091,15.256808,15.663345,12.778318,13.952639,14.08432,13.980938,17.735256,16.489534,23.260988,20.81095,25.986315,27.39829,28.218687,28.442774,23.462852,19.668514,24.369925,20.3343,21.87291,20.449268,18.552637,17.931324,20.017181,16.758827,19.772285,23.479609,22.8766,26.38197,23.211592,24.44154,20.189854,19.511345,21.285711,21.660969,26.646685,26.272722,22.97929,26.560976,22.972809,23.027496,24.162138,21.398344,25.007317,27.193409,28.576746,23.578926,21.529432,25.592995,24.76004,20.598183,22.8996,27.196892,23.642036,22.209435,25.954702,27.450089,23.994808,25.783358,20.636505,17.551792,16.503304,12.610697,13.899119,9.456859,10.827518,14.2177105,17.516111,19.19091,16.975533,18.301674,22.28207,22.13677,21.341131,24.852486,26.577543,26.680397,25.75477,27.579302,28.777681,25.280794,23.894226,19.621866,16.56106,16.04852,11.599023,13.222079
5,11.859996,11.319392,6.4305487,7.2752533,6.0128517,0.0,6.413539,6.147257,10.923251,13.627977,16.704744,19.859797,21.772999,20.22751,17.014793,15.494991,11.2848625,10.868927,7.1351376,7.177158,6.389908,9.642438,11.263396,14.949559,16.779957,15.705775,13.770609,12.593852,13.128377,10.665706,15.005235,11.817898,19.100327,16.098532,21.172495,22.7104,22.919203,23.039364,18.002611,14.229095,19.593826,15.894615,18.147707,17.762167,15.815563,16.403822,18.978601,17.25329,19.949984,24.343338,22.783554,25.688856,22.35648,22.246878,17.9384,16.313276,17.956184,17.387903,22.3004,22.089045,18.801939,23.508501,20.771435,21.30973,23.874704,20.988289,24.291454,27.312681,27.51367,22.253838,21.714216,25.14306,23.23017,19.694613,22.877054,26.087818,21.979574,21.582907,25.547657,26.137291,22.7982,25.465586,20.113237,17.88512,16.829771,13.786312,15.064846,11.103522,14.171536,16.725376,20.441751,20.63145,18.89305,21.345184,24.820835,23.600471,23.503807,27.656736,28.339792,27.69679,27.671392,30.218796,31.894304,28.895678,26.999174,23.602303,19.389585,19.624899,15.1647215,16.360168
6,16.517796,14.875075,11.432546,8.9511385,6.2553797,6.413539,0.0,5.224243,6.8265176,10.417737,13.319531,16.485085,18.768526,17.853695,15.5369215,12.902741,9.87688,7.3960567,6.3531537,5.579474,8.541937,10.672075,13.942104,17.79147,17.891384,16.80324,12.826038,13.430842,10.812729,11.179162,12.953576,12.152094,17.70937,15.812161,20.835758,22.27856,23.710659,23.97187,19.234468,15.604336,19.645601,16.231348,16.799324,16.028946,15.833655,14.830436,18.43528,15.90789,19.575245,23.64173,23.355675,26.591022,24.165247,23.953451,20.351135,19.862343,20.108803,20.019785,25.042295,23.603483,20.076044,23.66059,20.655415,19.98638,21.991371,18.163069,21.03997,23.061035,23.904383,18.919353,16.935137,20.43434,19.166529,15.032081,17.45535,21.308863,17.529446,16.202965,20.048359,21.281036,17.872963,20.041664,14.716017,11.947918,10.875466,7.448363,9.450706,6.9301147,9.985757,12.894176,16.746254,16.865025,14.037269,16.287094,20.630613,18.725649,17.649038,22.311089,23.3804,22.325352,21.680248,24.464092,26.292702,23.217865,21.12604,18.127512,13.384588,13.517261,9.210573,10.486112
7,17.988846,17.03239,12.450296,12.040747,9.227352,6.147257,5.224243,0.0,5.583848,7.633184,11.127813,13.871014,16.224974,15.098081,11.87691,11.04376,7.274025,7.5923243,6.599,8.964696,10.120426,14.242653,16.36063,20.443026,21.590273,20.047007,16.90479,16.078041,13.886258,12.263941,13.913573,10.633588,15.602807,12.073304,17.52956,18.418406,19.648237,20.380907,15.535687,12.315442,17.684744,15.363548,16.263206,17.135506,17.33713,17.34427,21.313341,19.793964,23.155027,27.571928,26.62411,29.46181,26.775957,25.751354,22.046421,20.649977,20.989594,19.89592,24.7213,23.447437,19.945097,24.69209,22.567139,22.236189,25.326006,21.363373,23.787956,26.178736,26.066883,21.018538,20.026371,22.708328,20.43447,16.890425,19.667356,22.355133,17.906998,17.114471,20.98389,21.292667,17.46575,19.989855,14.849713,13.15291,13.130327,10.184188,13.415481,11.754723,15.162782,17.812239,21.737062,21.223816,18.529776,21.12944,25.391478,22.777277,21.629951,26.822603,27.479406,25.64313,25.212582,28.607088,30.721388,27.77589,25.43709,22.92213,17.723423,17.584301,13.564616,13.397226
8,22.378355,21.305706,17.138767,15.633057,12.842333,10.923251,6.8265176,5.583848,0.0,3.955917,6.5192637,9.778093,11.969961,11.294723,9.369521,7.121396,5.4988146,4.514529,7.362254,10.09314,12.550201,16.670042,19.024876,23.334133,23.643234,21.615118,17.583487,17.23522,12.825235,12.77024,11.607046,10.285796,12.624662,10.680068,15.52213,16.474493,18.798443,19.4783,15.2917385,12.547248,16.052872,14.478017,13.688929,14.871934,16.945692,16.088938,20.935263,19.611597,23.382336,27.599754,27.354475,30.103855,28.235403,26.600813,23.669785,22.967999,22.011377,21.04941,25.69635,23.346794,19.815523,23.709736,21.893635,20.654448,23.814627,19.122059,20.695374,22.429321,22.199934,17.555565,16.124298,18.14831,15.860462,12.330942,14.710048,17.107462,12.67227,11.602243,15.4375105,15.761428,11.972471,14.720598,9.439207,8.186538,8.388499,6.8285117,10.446772,11.300779,14.724084,16.789177,20.61002,19.23171,16.07829,18.90941,23.31625,19.529013,17.924255,23.72197,24.037485,21.322569,20.910854,24.898905,27.385204,24.84519,22.113943,20.748608,14.823951,15.159327,12.077738,11.675535
9,25.418732,24.459377,20.006485,19.022722,16.024696,13.627977,10.417737,7.633184,3.955917,0.0,4.133559,6.286426,9.052213,8.782909,6.577969,6.730046,6.287175,7.568435,10.512376,13.878419,15.86379,20.408636,22.50627,26.867619,27.456846,25.314722,21.462698,20.760958,16.374233,15.778613,14.042161,11.828813,11.984131,9.050966,13.814086,13.872054,16.735497,18.016397,14.262628,12.46527,16.153679,15.928027,14.789532,17.154852,19.814926,19.27394,24.306372,23.36492,27.064077,31.337671,30.96947,33.539787,31.682692,29.62651,26.792215,25.764112,24.688164,23.224886,27.596207,25.135015,21.724184,25.979143,24.759228,23.498232,27.084309,22.252127,23.306503,24.867985,24.13224,19.8207,18.703285,19.909,17.14928,14.265494,16.294249,17.623116,12.977354,12.005264,15.418424,14.987795,10.7424965,13.421173,8.910748,9.079281,10.583687,9.592207,13.855431,15.240188,18.562822,20.610489,24.369488,22.766514,19.528069,22.295376,26.793251,22.534786,20.545101,26.640259,26.846403,23.487171,22.948488,27.34801,30.010841,27.56392,24.706972,23.799845,17.785576,17.732988,15.120642,13.701861
10,28.231125,27.559305,23.089539,22.036037,19.326681,16.704744,13.319531,11.127813,6.5192637,4.133559,0.0,4.3818994,5.4591904,5.281085,5.189604,4.4541698,6.866554,8.20352,12.070359,15.714845,17.697048,22.57899,24.321753,28.802862,29.223396,26.593613,22.716902,21.777567,16.702677,16.388035,13.083431,11.785286,9.227503,8.095351,11.501633,11.751892,15.235087,16.29488,13.405406,12.288291,14.198777,14.955415,12.763345,15.80321,19.56484,18.931618,24.26661,23.937534,27.56831,31.751966,31.52541,33.796894,32.441727,29.738667,27.499441,26.727062,24.83718,23.271502,27.258657,24.1911,20.970325,24.76008,24.129341,22.510748,26.441969,21.425114,21.707909,23.11328,21.757961,17.928951,17.389992,17.633419,14.403171,12.3809805,14.359495,14.474495,9.762732,9.663683,12.760547,11.517995,7.804142,11.463436,7.4663005,9.137698,10.364132,11.236461,14.373534,16.790907,20.189627,21.5685,25.155514,22.734507,19.744417,22.82392,26.87573,21.867178,20.183125,26.390158,25.92167,21.922419,21.956186,26.722134,29.65438,27.772697,24.674955,24.702076,18.464672,19.094172,17.128853,16.04313
11,31.643147,30.744112,26.262674,25.248846,22.205954,19.859797,16.485085,13.871014,9.778093,6.286426,4.3818994,0.0,4.417993,6.19544,6.5561833,8.572985,10.78125,12.402348,16.100267,19.636232,21.670218,26.381489,28.341173,32.782833,33.215714,30.787632,26.79158,26.041515,20.96055,20.688059,17.41457,15.842373,12.243855,10.380415,13.133077,11.987286,16.110077,17.889975,15.659922,15.384784,17.456564,18.983526,16.684238,20.029402,23.935583,23.264568,28.61833,28.134449,31.849545,35.973072,35.854637,38.170815,36.77501,34.092915,31.79505,30.864769,29.10527,27.364388,31.228168,28.183594,25.059368,28.922361,28.4646,26.760479,30.60996,25.49507,25.50372,26.407179,25.087317,21.70974,20.769838,20.55747,17.53294,15.808007,16.900436,16.48,12.279212,11.47049,13.613659,12.028739,7.847065,10.240722,8.138531,10.650397,13.116629,13.693641,17.771511,20.478075,23.56733,25.205143,28.70089,26.504728,23.181232,25.873165,30.277124,25.126179,22.69195,29.055254,28.892824,24.497547,23.929943,28.895578,31.863913,29.893959,26.81099,27.079817,20.997343,20.939238,19.43174,17.367262
12,33.25005,32.818165,28.177563,27.415243,24.733982,21.772999,18.768526,16.224974,11.969961,9.052213,5.4591904,4.417993,0.0,2.9968615,6.153016,7.741823,11.185449,13.173048,16.952198,20.867771,22.546867,27.766775,29.148521,33.68137,34.217373,31.273825,27.578514,26.293337,21.11774,20.584743,16.480642,15.19565,9.416919,9.275685,10.157194,9.296755,13.723409,15.144793,13.917453,14.361771,14.815131,17.363367,14.526272,18.577065,23.079445,22.676271,28.07986,28.36664,31.826641,35.945084,35.6869,37.607185,36.56542,33.207554,31.431225,30.57718,28.193008,26.243746,29.612879,26.192823,23.369795,26.97886,27.224634,25.469711,29.803154,24.784473,24.21169,25.349155,23.184422,20.225712,20.390247,19.353952,15.692514,15.12421,16.571243,14.722272,10.659238,11.495538,13.234235,10.46663,7.9153223,11.482279,9.902494,12.953056,14.506548,16.197456,19.002663,21.94221,25.295607,26.336813,29.744305,26.797293,24.011944,27.133501,30.879782,25.292,23.642366,29.867355,28.89925,24.187246,24.531567,29.631617,32.778008,31.365795,28.129475,28.976643,22.765066,23.487036,22.092072,20.689915
13,31.428852,31.331718,26.552011,26.155106,23.731268,20.22751,17.853695,15.098081,11.294723,8.782909,5.281085,6.19544,2.9968615,0.0,4.3238883,5.8282256,9.210528,11.788482,15.150343,19.38014,20.619371,26.211182,27.175085,31.727472,32.540478,29.386728,26.063969,24.302794,19.535055,18.394573,14.52702,12.648339,6.6563363,6.6125326,7.4149475,7.324183,11.368356,12.477772,11.058032,11.529842,11.932015,14.655161,12.128237,16.557573,20.828882,20.848858,26.148615,26.802586,30.053562,34.3074,33.72301,35.480114,34.357346,30.785456,29.035717,28.037102,25.621786,23.496063,26.760283,23.434872,20.655035,24.580133,25.022678,23.556097,28.233845,23.419687,23.030237,24.767166,22.274694,18.991297,19.905754,19.08528,15.010859,14.583257,16.814587,15.02312,10.62885,12.321342,14.568816,11.833392,9.713482,13.813999,11.312966,13.845089,14.705007,16.326803,18.56936,20.979286,24.623798,25.528072,29.036484,25.918146,23.509644,26.936977,30.368156,24.945566,23.943382,30.015894,28.77124,24.35978,25.207966,30.153532,33.26347,31.889936,28.666569,29.249199,22.975647,24.039003,22.215574,21.297213
14,28.364187,28.307734,23.33219,23.441067,20.94021,17.014793,15.5369215,11.87691,9.369521,6.577969,5.189604,6.5561833,6.153016,4.3238883,0.0,5.7908907,6.877501,10.575683,13.015289,17.508343,18.32474,24.087427,25.00898,29.52331,30.775518,27.87686,24.833683,22.857721,18.921993,16.945328,14.594558,10.994053,7.901726,3.8912015,7.6966877,7.299623,10.408715,11.972752,9.160807,9.138466,12.158499,14.094329,12.90599,17.090538,20.266716,20.712553,25.786991,26.164186,29.375254,33.860687,32.89292,34.814983,33.12494,29.926508,27.583855,26.114363,24.463911,22.150917,25.739168,23.098467,20.113792,24.916117,24.975807,24.031357,28.707401,24.08612,24.481125,26.66618,24.548624,20.575327,21.30895,21.40828,17.489368,16.200989,18.859106,18.184471,13.435006,14.483165,17.371546,15.325607,12.278396,15.972876,12.585069,14.212184,15.168149,15.5412035,18.431978,19.793425,23.60314,25.005362,28.76207,26.20556,23.721195,27.089428,30.808228,25.9978,24.951162,31.000517,30.205784,26.353794,26.88285,31.579065,34.496372,32.639076,29.573805,29.302313,23.09061,23.73909,21.240158,20.19615
15,26.31019,26.200706,21.649572,20.942953,18.847633,15.494991,12.902741,11.04376,7.121396,6.730046,4.4541698,8.572985,7.741823,5.8282256,5.7908907,0.0,4.4480276,6.144906,9.627407,13.696915,15.101355,20.539001,21.57159,26.112,26.745478,23.624084,20.239153,18.589245,13.786389,12.845754,9.228315,7.8811975,5.6852365,6.3287177,9.348935,11.134015,13.691136,13.848594,10.754284,9.11273,10.123808,10.55558,8.41657,11.796451,15.583423,15.406359,20.69579,21.0772,24.385916,28.692701,28.12372,30.097141,28.86576,25.718578,23.752977,23.037815,20.748455,19.113016,22.955334,19.756247,16.573309,20.432657,20.081629,18.693033,23.13471,18.380524,18.738256,20.980167,19.055569,14.879843,15.674066,16.011215,12.19097,10.647809,13.8507805,13.738132,8.908481,10.538371,13.931152,12.521866,10.239723,14.614276,10.237231,11.285159,10.84504,12.274822,13.570442,15.411723,19.236319,20.047794,23.658245,20.675896,18.467228,22.106926,25.378326,20.459854,20.039663,25.846851,24.691555,21.066936,22.137436,26.644312,29.557028,28.01092,24.915085,24.895332,18.677078,20.200285,17.87232,17.91236
16,22.238642,22.236279,17.469748,17.286598,15.2767515,11.2848625,9.87688,7.274025,5.4988146,6.287175,6.866554,10.78125,11.185449,9.210528,6.877501,4.4480276,0.0,4.6067624,6.1686096,10.7603655,11.56973,17.326956,18.253042,22.784395,23.905403,21.03749,18.046637,16.081455,12.498348,10.378313,9.257181,5.5534725,8.339883,6.226698,10.961234,12.715283,14.200179,14.40022,10.070301,7.1548,10.920779,9.83963,9.74449,12.263408,14.309403,14.690895,19.532843,19.587282,22.782866,27.336508,26.304829,28.466948,26.594082,23.945982,21.283278,20.107187,18.723782,17.02211,21.315815,18.952862,15.546024,20.274181,19.368023,18.67782,22.991154,18.654568,20.011183,22.782196,21.333967,16.539822,17.192638,18.613958,15.206831,12.886992,16.41152,17.427147,12.700749,13.647146,17.405897,16.603207,13.769694,17.638023,12.680923,12.560927,11.933885,11.77344,13.357546,13.544927,17.613228,18.926004,22.783293,20.49066,18.386745,21.943323,25.351202,21.344467,21.094032,26.626505,25.926203,23.131739,23.94969,28.000607,30.626127,28.61519,25.770985,24.73855,18.769648,19.963314,16.795078,17.055054
17,21.227228,20.726517,16.657324,15.202983,13.326348,10.868927,7.3960567,7.5923243,4.514529,7.568435,8.20352,12.402348,13.173048,11.788482,10.575683,6.144906,4.6067624,0.0,4.679443,7.759898,10.038188,14.687679,16.388998,20.833546,21.074995,18.410454,14.59024,13.6998205,8.882448,8.879744,7.1425343,7.1123657,10.685298,10.587856,14.649407,16.692799,18.4705,18.32407,14.233683,10.997231,13.196045,10.687,9.940715,10.431743,12.573774,11.743298,16.747274,16.034542,19.63865,23.946285,23.574211,26.09293,24.533957,22.486383,19.943808,19.607756,18.02348,17.297045,21.887802,19.262785,15.734581,19.247936,17.437757,16.194967,19.674112,15.086772,16.75747,19.158844,18.585371,13.645066,13.231007,15.426745,12.907248,9.602346,13.045973,15.365116,11.120348,11.360252,15.327442,15.556504,12.972727,16.51531,11.130154,9.969837,8.22586,8.311901,8.783639,9.394994,13.361945,14.512783,18.32986,16.143398,13.8037405,17.340122,20.83373,16.96786,16.732523,22.109875,21.620451,19.220175,19.906548,23.672386,26.188848,24.157944,21.377352,20.28224,14.3755245,16.006052,12.964901,14.063754
18,16.833836,16.807676,12.500428,11.881022,10.711902,7.1351376,6.3531537,6.599,7.362254,10.512376,12.070359,16.100267,16.952198,15.150343,13.015289,9.627407,6.1686096,4.679443,0.0,4.8467803,5.6316094,11.193101,12.289173,16.792854,17.766882,15.132546,12.230196,10.443873,8.019301,5.8179073,8.036761,6.0204034,12.969735,11.918569,16.260983,18.556421,19.273981,18.85855,14.232437,10.3033285,13.7703705,9.969813,11.294145,11.032491,10.752164,10.969867,15.018761,14.3414955,17.489794,22.088861,20.965866,23.513208,21.27942,19.630428,16.417442,15.617622,14.974608,14.28751,19.19303,17.513142,13.95799,18.20216,15.979073,15.751965,19.2055,15.519865,18.13161,21.31778,20.837425,15.582984,15.8368845,18.680094,16.306786,13.19642,16.932102,19.500498,15.452931,15.94268,19.904053,20.158482,17.617956,21.064594,15.626389,14.024297,12.115724,11.030805,10.84028,8.743675,12.936096,14.270313,18.169731,16.579481,15.014733,18.479012,21.49967,18.831774,19.370235,24.006577,23.624088,22.209877,23.096798,26.221643,28.38879,26.158058,23.72688,21.704645,16.474157,18.016994,14.2321615,15.9133
19,14.361684,13.724484,10.617179,8.442613,8.114172,7.177158,5.579474,8.964696,10.09314,13.878419,15.714845,19.636232,20.867771,19.38014,17.508343,13.696915,10.7603655,7.759898,4.8467803,0.0,4.273193,6.931231,9.342483,13.511671,13.6061735,11.651752,8.003444,7.8931737,6.2391315,6.5716324,9.903135,10.304555,17.24853,16.723581,20.969105,23.329098,24.101093,23.552029,18.976778,14.975137,17.829985,13.23798,14.5028,12.400339,10.826284,10.017923,13.03403,10.889912,14.288091,18.618214,17.965502,21.071188,18.758806,18.443108,14.996736,15.026801,14.973657,15.506645,20.508547,19.181553,15.799328,18.827105,15.428599,15.170196,17.162683,14.000916,17.455616,20.359018,21.016165,15.862545,15.060234,18.899437,17.682957,14.031135,17.260393,21.00241,17.656818,17.467325,21.307297,22.416075,20.029663,22.911797,17.470396,14.960465,12.4450865,10.774917,9.165182,4.88533,8.751492,10.271353,14.111047,13.551814,12.17965,15.170955,18.07073,16.684916,17.474718,21.252186,21.425365,21.142008,21.734173,24.015287,25.73994,23.280117,21.272362,18.459251,14.141203,15.814195,11.876172,14.699591
20,11.822172,12.422332,8.70798,8.700383,9.408618,6.389908,8.541937,10.120426,12.550201,15.86379,17.697048,21.670218,22.546867,20.619371,18.32474,15.101355,11.56973,10.038188,5.6316094,4.273193,0.0,6.640783,6.7450986,11.234834,12.816917,10.375303,8.9073715,6.388251,8.147531,5.161515,10.896327,9.520201,17.638802,16.69886,20.73394,23.303274,23.233343,22.418201,17.77836,13.686297,17.026999,12.099642,14.716217,12.948157,9.799491,10.669038,12.710237,11.715107,14.081464,18.715431,16.919212,19.628077,16.680494,16.1201,12.1293545,11.3208475,12.123165,12.348244,17.372187,16.899279,13.69605,17.592234,14.503417,15.327384,17.94297,15.64588,19.227276,22.89755,22.907007,17.685272,18.18326,21.73311,19.975334,16.948717,20.66787,23.771225,20.23158,20.747747,24.637415,25.240501,22.96233,26.234276,20.758444,18.636328,16.263653,14.713444,13.250673,8.906275,12.373846,13.473324,17.009132,16.275436,15.80102,18.903881,21.051249,20.00458,21.46388,24.931206,24.682499,24.56719,25.668602,27.867834,29.538614,27.243326,25.314018,22.434942,18.358274,20.037445,15.988035,18.577404
21,9.3427,8.646019,8.134196,5.6309524,8.376939,9.642438,10.672075,14.242653,16.670042,20.408636,22.57899,26.381489,27.766775,26.211182,24.087427,20.539001,17.326956,14.687679,11.193101,6.931231,6.640783,0.0,4.918425,7.5277634,7.400983,7.322013,5.7473755,7.0137405,10.214786,10.468953,15.472242,15.91551,23.636805,22.95807,27.137072,29.626907,29.811024,29.033163,24.398724,20.303999,23.25757,18.038816,20.177488,17.093212,13.332676,12.893117,13.0202875,9.804687,11.903132,15.636595,14.578673,18.117626,14.976689,16.914385,12.861523,13.338781,15.104193,16.756449,21.409388,21.37067,18.570148,20.83082,16.586855,17.298622,17.658897,16.401346,20.667276,23.67866,25.074362,20.268063,19.430038,23.824799,23.345045,19.841162,22.753292,26.98311,24.13849,23.830862,27.501434,28.980455,26.730844,29.296358,23.948969,21.02529,18.408115,16.272434,13.990317,8.406165,9.582998,10.826587,13.54725,14.817424,14.72776,16.606777,18.383017,19.399624,20.90965,22.996895,23.652332,24.97388,25.508427,26.516094,27.471575,24.86121,23.67455,19.732363,17.411392,18.85627,15.023743,18.50066
22,8.437441,10.046981,9.092782,9.324133,12.172751,11.263396,13.942104,16.36063,19.024876,22.50627,24.321753,28.341173,29.148521,27.175085,25.00898,21.57159,18.253042,16.388998,12.289173,9.342483,6.7450986,4.918425,0.0,4.553319,7.0925965,5.2576046,7.4178004,5.241895,11.272395,9.591357,15.626324,15.424052,23.590914,23.143236,26.760967,29.602716,29.063324,27.857513,23.472357,19.485067,22.07003,16.639345,19.669523,16.634493,11.584413,12.571772,11.552629,10.202027,10.796598,14.866271,12.288313,15.178664,11.390153,13.032118,8.503304,8.6174,11.245534,13.079137,17.366709,18.137995,15.796348,18.262953,14.355605,16.14229,17.169462,16.846018,21.071848,24.920523,25.528637,20.757854,21.385798,25.39317,24.393661,21.588297,25.08492,28.607038,25.709919,26.253275,29.964373,30.93514,29.044052,32.159454,26.732626,24.252483,21.449255,19.898985,17.244535,12.073097,13.867726,14.183302,16.62221,16.886662,17.792952,20.220737,20.982267,21.846931,24.290155,26.225828,26.034657,27.350117,28.720692,29.815214,30.875534,28.734045,27.431894,23.955542,21.4002,23.307726,19.507536,22.879528
23,7.8713107,9.842204,11.062804,11.400941,14.882091,14.949559,17.79147,20.443026,23.334133,26.867619,28.802862,32.782833,33.68137,31.727472,29.52331,26.112,22.784395,20.833546,16.792854,13.511671,11.234834,7.5277634,4.553319,0.0,4.998436,5.64224,9.688652,8.808789,15.106554,13.981353,19.854494,19.901773,28.063736,27.625845,31.189651,34.05701,33.333076,32.044243,27.730785,23.806976,26.286108,20.807913,23.922266,20.540514,15.136236,16.001005,13.632542,12.032931,11.352301,14.304776,11.41985,14.26165,9.953096,13.6227,9.428511,10.055992,13.557579,15.930151,19.48328,20.953402,19.13673,20.84139,16.765797,18.870243,18.832973,19.574207,23.94396,27.661764,28.66341,24.219736,24.70408,28.891762,28.295948,25.527815,28.804317,32.56835,29.93659,30.360868,33.98374,35.166664,33.342678,36.294743,30.906343,28.22414,25.36142,23.65844,20.77929,15.465489,16.278587,16.368492,17.9772,19.050764,20.471788,22.295109,22.38513,24.392202,27.091705,28.155413,28.180786,30.2598,31.581654,32.02792,32.671707,30.549961,29.683214,25.825064,24.236786,26.039593,22.425858,26.004066
24,11.417657,11.661475,13.633211,11.923222,15.256808,16.779957,17.891384,21.590273,23.643234,27.456846,29.223396,33.215714,34.217373,32.540478,30.775518,26.745478,23.905403,21.074995,17.766882,13.6061735,12.816917,7.400983,7.0925965,4.998436,0.0,4.712054,7.406615,9.242311,14.225537,15.117171,19.93072,21.486856,29.120945,29.317896,32.892284,35.813995,35.648785,34.372482,30.091671,26.069452,27.9047,22.315434,24.615969,20.486235,15.675967,15.235839,12.520631,9.424893,8.9128475,10.951003,9.726739,13.419061,10.323253,14.735987,11.590355,13.593617,15.677033,18.612288,22.242,22.853102,20.925467,21.393675,16.694975,18.00148,16.506681,17.506208,21.982054,25.046608,26.905504,22.863392,22.482782,26.961851,27.19098,24.24668,26.960773,31.253881,29.194704,29.222603,32.581684,34.27806,32.71038,35.300404,30.120993,27.164097,24.035423,22.569345,18.926144,13.908248,13.5692,13.089004,13.886162,15.737741,17.462412,18.661873,18.24566,21.19497,24.020927,24.239382,24.569613,27.343863,28.480652,28.286875,28.596804,26.584967,26.05884,22.13522,21.46225,23.483202,20.437826,24.510742
25,12.663735,13.759137,13.953485,12.828562,15.663345,15.705775,16.80324,20.047007,21.615118,25.314722,26.593613,30.787632,31.273825,29.386728,27.87686,23.624084,21.03749,18.410454,15.132546,11.651752,10.375303,7.322013,5.2576046,5.64224,4.712054,0.0,5.586905,5.194879,10.996253,11.360852,16.126791,17.911251,25.36556,26.114023,29.198286,32.38252,32.067287,30.521158,26.51819,22.604166,23.740551,18.110737,20.514687,16.324533,11.160471,11.211848,8.2910385,6.6168137,5.9010596,9.633082,7.3847895,10.826833,7.8812966,10.684901,7.5734425,10.090857,11.201805,14.293435,17.938791,18.218376,16.332127,16.727823,12.117336,13.731853,13.215449,14.153159,18.533926,22.254345,23.360899,19.208977,19.87611,23.985096,23.744057,21.275793,24.464949,28.160086,26.069828,26.743235,30.119905,31.409487,30.19786,33.25293,28.041084,25.501383,22.136606,21.364733,17.285889,12.703752,13.555639,12.474151,13.889995,14.020546,16.153952,18.360489,17.706749,19.470331,22.900877,23.714138,23.117207,25.303177,27.175724,27.56744,28.34845,26.763508,25.728107,22.61372,20.881657,23.500216,20.395033,24.422413
26,14.502851,14.155052,13.732864,10.887039,12.778318,13.770609,12.826038,16.90479,17.583487,21.462698,22.716902,26.79158,27.578514,26.063969,24.833683,20.239153,18.046637,14.59024,12.230196,8.003444,8.9073715,5.7473755,7.4178004,9.688652,7.406615,5.586905,0.0,5.3398075,7.1185184,9.885824,13.265016,16.08135,22.860672,23.742498,27.159832,30.096134,30.56429,29.368164,25.227785,21.248991,22.413774,17.027939,18.360882,14.087461,10.646411,8.907271,8.414454,4.1736608,7.180593,10.950707,11.008691,14.693675,12.943951,14.454701,11.769623,13.843182,13.749608,16.222145,20.520775,19.571615,16.988638,17.475615,12.742847,12.774043,12.133946,11.219641,15.6491375,18.615713,20.355585,16.007242,15.300373,19.77302,19.943468,16.850262,19.610262,23.873796,21.866455,21.923243,25.23828,26.924023,25.572294,28.269577,23.17324,20.409863,16.994768,16.261932,11.905007,7.470413,8.178646,7.122631,9.377958,9.648748,10.850593,13.1488,13.586713,14.771005,17.546322,18.89787,18.782398,20.622522,21.952917,22.596209,23.566166,21.704092,20.464813,17.38895,15.301473,18.002989,15.086832,19.28267
27,13.56111,14.666356,12.9189825,12.086781,13.952639,12.593852,13.430842,16.078041,17.23522,20.760958,21.777567,26.041515,26.293337,24.302794,22.857721,18.589245,16.081455,13.6998205,10.443873,7.8931737,6.388251,7.0137405,5.241895,8.808789,9.242311,5.194879,5.3398075,0.0,6.8811264,6.1793556,11.230066,12.760146,20.190168,21.01858,24.02226,27.223347,27.01422,25.507994,21.511755,17.606585,18.702835,13.100445,15.512108,11.76951,6.8000383,7.374721,6.89943,6.5341625,7.8949757,12.642537,10.667042,13.40358,11.018092,10.806471,7.506229,8.967624,8.71978,10.948526,15.365907,14.815277,12.271244,13.86152,9.696431,11.005285,12.579672,11.849649,15.944682,20.051086,20.352066,15.648776,16.881727,20.630203,19.633709,17.240318,20.905901,24.1034,21.580462,22.600965,26.127127,27.005493,25.745106,29.128237,23.85331,21.694159,18.408337,17.973957,14.216175,10.105847,12.486504,11.726005,14.303329,13.054689,14.437235,17.580786,17.863132,17.818205,20.931452,23.02067,22.026348,23.023119,25.069418,26.424713,27.795248,26.212156,24.573017,22.04263,18.93331,21.670057,18.33951,21.957273
28,18.610323,18.54469,16.09001,13.86756,14.08432,13.128377,10.812729,13.886258,12.825235,16.374233,16.702677,20.96055,21.11774,19.535055,18.921993,13.786389,12.498348,8.882448,8.019301,6.2391315,8.147531,10.214786,11.272395,15.106554,14.225537,10.996253,7.1185184,6.8811264,0.0,5.9092207,6.3257804,10.611121,16.124186,17.921703,20.820292,23.870533,24.748297,23.524525,19.76157,16.079023,16.237955,11.366813,11.626817,7.6361995,6.8514147,4.190528,8.326246,7.3012986,10.89615,15.098613,15.06778,17.766035,16.807508,15.478303,13.551028,14.921956,12.8363905,14.107232,18.559937,16.150143,13.046292,14.126982,10.539979,9.327341,11.446901,7.869557,11.338992,14.756553,15.207507,10.166796,10.435089,14.191075,13.336054,10.454789,14.043059,17.461876,15.099199,15.899234,19.312431,20.416256,19.402472,22.700768,17.638466,15.652624,12.026173,12.72283,8.182842,6.4845157,9.677538,8.644919,11.928831,9.174619,9.276425,13.243917,14.553103,12.418221,15.013221,18.230309,17.031492,16.877062,18.87251,21.02362,22.941225,21.523,19.313873,17.836628,13.57332,16.828262,14.120799,17.584047
29,16.343287,17.369663,13.792689,13.603132,13.980938,10.665706,11.179162,12.263941,12.77024,15.778613,16.388035,20.688059,20.584743,18.394573,16.945328,12.845754,10.378313,8.879744,5.8179073,6.5716324,5.161515,10.468953,9.591357,13.981353,15.117171,11.360852,9.885824,6.1793556,5.9092207,0.0,6.546548,6.6002316,14.177797,14.922819,17.86625,21.048273,20.963875,19.580385,15.543268,11.662408,12.967135,7.595997,10.136341,8.062104,5.2662783,6.878623,10.021366,10.872313,13.116777,17.885605,16.13386,18.200178,16.235575,13.9125595,11.144002,10.940834,9.363124,9.366163,14.261608,12.634154,9.233655,12.955418,10.491198,11.089757,14.964568,12.377611,15.37471,19.592556,18.704578,13.530226,15.493067,18.36245,16.110088,13.963254,18.193398,20.426308,17.143572,18.69458,22.388332,22.544062,21.1201,24.95921,19.687708,18.241268,15.383264,15.393418,12.814813,10.190637,14.015158,13.907787,17.289227,14.919878,15.080571,18.926512,20.308079,18.216984,20.530893,24.116844,22.794098,22.17439,24.25698,26.797209,28.803421,27.223734,24.955994,23.18539,18.601686,21.166378,17.724007,20.41192
30,22.576897,23.021471,19.435762,18.281631,17.735256,15.005235,12.953576,13.913573,11.607046,14.042161,13.083431,17.41457,16.480642,14.52702,14.594558,9.228315,9.257181,7.1425343,8.036761,9.903135,10.896327,15.472242,15.626324,19.854494,19.93072,16.126791,13.265016,11.230066,6.3257804,6.546548,0.0,6.815755,10.148932,13.262565,15.101341,18.446928,19.401022,17.971466,14.866297,11.833991,10.379032,6.549758,5.361313,3.301231,6.989571,6.3565173,11.641354,12.903983,15.74421,19.95399,19.387945,21.162935,20.533731,17.306877,16.071999,16.593935,13.314224,13.0631075,17.016466,13.508965,10.268195,12.399845,11.086117,9.600135,14.173017,9.979187,11.258406,15.046977,13.342485,8.191844,10.887092,12.586505,9.685842,8.2639475,12.790554,14.095698,11.077036,13.467056,16.802057,16.660826,16.157288,20.309795,15.56031,14.961358,11.874165,13.841234,10.807031,11.373296,15.086286,14.336601,17.521965,13.687812,13.376174,17.653458,19.092047,15.084251,17.286978,21.548546,19.441525,17.496082,20.140436,23.433619,25.958464,25.011906,22.25932,21.995932,16.690495,19.824677,17.403753,19.727161
31,20.538227,21.48872,16.845362,17.355375,16.489534,11.817898,12.152094,10.633588,10.285796,11.828813,11.785286,15.842373,15.19565,12.648339,10.994053,7.8811975,5.5534725,7.1123657,6.0204034,10.304555,9.520201,15.91551,15.424052,19.901773,21.486856,17.911251,16.08135,12.760146,10.611121,6.6002316,6.815755,0.0,8.44791,8.464652,11.4159775,14.477122,14.491778,13.4208145,9.231767,5.477549,7.9055295,4.8025117,6.967323,9.027864,9.852589,11.538619,15.786819,17.045885,19.495903,24.188337,22.479836,24.132612,22.321894,18.9985,16.649866,15.403851,13.51749,11.567033,15.777697,13.50932,10.094071,15.365458,14.842967,14.922174,19.879396,16.366314,17.991957,21.837374,19.81331,14.866541,17.241652,18.779694,15.189336,13.695744,18.010616,18.762371,14.598275,16.725416,20.378983,19.46532,17.754585,22.024498,17.076227,16.772175,14.980864,15.365979,14.801807,13.937284,18.166967,18.640474,22.299414,19.470337,18.639202,22.626509,24.843512,21.312836,22.592247,27.343716,25.879534,23.7644,25.661114,29.232737,31.727943,30.150959,27.431517,26.35507,20.785818,22.836521,19.527082,20.887733
32,28.89882,29.539865,24.83063,24.835423,23.260988,19.100327,17.70937,15.602807,12.624662,11.984131,9.227503,12.243855,9.416919,6.6563363,7.901726,5.6852365,8.339883,10.685298,12.969735,17.24853,17.638802,23.636805,23.590914,28.063736,29.120945,25.36556,22.860672,20.190168,16.124186,14.177797,10.148932,8.44791,0.0,6.3846674,5.4462485,8.782459,10.477351,9.598572,8.140791,8.058078,5.5144653,8.678142,6.1713967,11.401937,15.559497,16.33966,21.27786,22.99493,25.649706,29.946085,28.892056,30.145452,29.270094,25.049736,23.834995,22.971813,19.919918,17.69197,20.52982,16.935291,14.37813,18.292994,19.349302,18.290855,23.623503,19.403708,19.05841,21.946083,18.661966,15.101773,17.93219,17.256577,12.604432,13.040094,16.597895,14.729108,10.644545,14.060269,16.70183,14.229337,13.599652,18.320168,14.877266,16.494705,15.635364,17.7042,17.855387,19.471216,23.434536,23.57524,26.974686,23.21237,21.936651,25.93908,28.255203,23.132511,23.783125,29.180632,27.073124,23.32711,25.47887,29.954567,32.968876,32.023743,28.868628,29.337595,23.23833,25.32718,23.104927,23.503593
33,26.697105,27.209146,22.082325,22.816967,20.81095,16.098532,15.812161,12.073304,10.680068,9.050966,8.095351,10.380415,9.275685,6.6125326,3.8912015,6.3287177,6.226698,10.587856,11.918569,16.723581,16.69886,22.95807,23.143236,27.625845,29.317896,26.114023,23.742498,21.01858,17.921703,14.922819,13.262565,8.464652,6.3846674,0.0,5.595931,6.7253323,8.139399,9.022525,5.429284,5.4333076,9.126403,11.2173195,10.993734,15.481001,18.05742,19.230818,23.977123,24.945345,27.756485,32.373363,30.915981,32.5423,30.749014,27.209412,24.938824,23.199331,21.536335,18.887049,22.238867,19.84801,17.006536,22.31659,22.724367,22.281652,27.372746,23.181555,23.781878,26.672602,24.152708,19.96076,21.682758,21.951113,17.730888,16.778221,20.143732,19.402744,14.700899,16.574131,19.671934,17.570688,15.16498,19.257252,15.462016,16.676989,16.807964,17.205013,19.139053,19.735828,23.819235,24.950676,28.735395,25.96176,24.081854,27.763481,30.948885,26.41724,26.21625,31.942225,30.761147,27.301857,28.452707,32.913677,35.767273,34.046734,31.03026,30.539885,24.40534,25.499857,22.622093,22.237085
34,31.059534,31.97068,26.88734,27.71661,25.986315,21.172495,20.835758,17.52956,15.52213,13.814086,11.501633,13.133077,10.157194,7.4149475,7.6966877,9.348935,10.961234,14.649407,16.260983,20.969105,20.73394,27.137072,26.760967,31.189651,32.892284,29.198286,27.159832,24.02226,20.820292,17.86625,15.101341,11.4159775,5.4462485,5.595931,0.0,4.1289506,5.1793475,5.1366816,5.42443,8.02625,7.3437104,11.954218,10.965995,16.343763,19.676033,21.128319,25.76178,27.642456,30.09666,34.562634,33.019924,34.081745,32.82582,28.405317,26.96927,25.374449,22.854855,19.908957,22.203068,19.289614,17.161615,21.9566,23.535477,23.027567,28.607311,24.632946,24.377377,27.346632,23.838844,20.464443,23.333908,22.54367,17.848682,18.340298,21.647837,19.392132,15.341109,18.365273,20.753864,17.769302,16.716322,21.094141,18.218958,20.179646,20.081799,21.504314,22.623453,23.791994,27.880028,28.405123,31.962065,28.44097,27.055094,30.979578,33.53421,28.507711,28.854206,34.434685,32.483433,28.6103,30.500505,35.122852,38.159798,37.02667,33.864685,34.125256,27.94029,29.538338,27.077057,26.876406
35,33.171764,33.82911,28.63125,29.516747,27.39829,22.7104,22.27856,18.418406,16.474493,13.872054,11.751892,11.987286,9.296755,7.324183,7.299623,11.134015,12.715283,16.692799,18.556421,23.329098,23.303274,29.626907,29.602716,34.05701,35.813995,32.38252,30.096134,27.223347,23.870533,21.048273,18.446928,14.477122,8.782459,6.7253323,4.1289506,0.0,4.6791606,6.965518,7.6518126,10.603199,11.455788,15.788197,14.742857,20.01888,23.373745,24.62918,29.415594,30.903576,33.580704,38.09192,36.634106,37.878777,36.425495,32.239674,30.51665,28.712627,26.584497,23.574074,25.967653,23.302837,21.125393,26.054064,27.45726,26.854477,32.272675,28.058575,27.795963,30.365902,27.081326,23.795427,26.003185,25.126991,20.57663,20.79493,23.613028,21.290024,17.174911,19.538591,21.671083,18.512384,16.923748,20.776045,18.534885,20.830984,21.522833,22.586655,24.696007,26.050951,30.04983,30.969334,34.620617,31.391045,29.537008,33.232975,36.2911,31.146675,30.798132,36.6855,35.103844,30.930557,32.26636,37.10273,40.18297,38.829357,35.643875,35.88829,29.629372,30.692144,28.324818,27.443214
36,32.34248,33.563,28.282206,29.919582,28.218687,22.919203,23.710659,19.648237,18.798443,16.735497,15.235087,16.110077,13.723409,11.368356,10.408715,13.691136,14.200179,18.4705,19.273981,24.101093,23.233343,29.811024,29.063324,33.333076,35.648785,32.067287,30.56429,27.01422,24.748297,20.963875,19.401022,14.491778,10.477351,8.139399,5.1793475,4.6791606,0.0,3.4947338,5.612114,9.599177,10.797638,15.241446,15.4330225,20.670975,23.110016,25.130606,29.389755,31.37483,33.58749,38.195656,36.156662,37.064972,35.39201,30.95226,29.255241,27.01505,25.149826,21.719824,23.551676,21.510225,19.74412,25.22488,27.032028,27.079836,32.800167,29.120495,29.153095,32.368008,28.81119,25.334442,28.280998,27.689928,23.001904,23.330658,26.677265,24.52183,20.415297,23.140093,25.551212,22.505611,21.065472,25.118166,22.384258,24.261786,24.498112,25.28402,26.92425,27.470407,31.639734,32.462944,36.146927,32.90204,31.53454,35.418617,38.095512,33.341743,33.61575,39.237713,37.44746,33.70491,35.43633,40.043064,43.029835,41.675323,38.565994,38.45129,32.285717,33.54039,30.75671,30.259106
