,0,1,2,3,4,5,6,7,8,9,10,11,12,13,14,15,16,17,18,19,20,21,22,23,24,25,26,27,28,29,30,31,32,33,34,35,36,37,38,39,40,41,42,43,44,45,46,47,48,49,50,51,52,53,54,55,56,57,58,59,60,61,62,63,64,65,66,67,68,69,70,71,72,73,74,75,76,77,78,79,80,81,82,83,84,85,86,87,88,89,90,91,92,93,94,95,96,97,98,99,100,101,102,103,104,105,106,107,108
0,0.0,4.0559645,6.6048594,9.842418,12.2195215,14.307073,17.460321,20.378077,23.708998,25.701038,29.257547,30.903294,33.555744,30.817762,32.783203,29.412897,28.352934,28.231226,25.01649,29.670368,28.654686,30.151913,32.90129,34.903667,35.99449,35.55841,36.298717,37.519775,36.082397,40.152634,34.917255,41.442135,37.324963,39.33593,36.612537,33.077305,31.77067,33.524784,30.809765,28.232899,27.78264,28.946337,26.67933,22.857153,24.723154,25.33462,19.609755,18.684107,20.962753,22.585852,26.824488,23.030333,26.30704,28.972773,29.720207,32.093754,30.098558,34.155575,35.686596,32.228592,33.66318,38.02311,41.01691,42.28091,37.77944,36.556915,41.687366,41.41774,36.691914,39.466366,42.197437,40.233948,36.25359,39.87424,36.06046,38.75833,35.32932,31.494604,30.607586,26.244274,23.428679,20.409662,19.122543,22.529816,25.19289,26.882927,30.621376,34.591187,37.554985,41.30074,42.789326,47.320866,45.69468,43.990475,42.763245,39.268562,35.69925,35.0905,28.78489,29.449213,25.059086,21.935589,23.3994,26.28341,27.001064,30.112669,32.828114,34.60307,38.291897
1,4.0559645,0.0,5.11658,6.2951756,8.929661,11.99582,14.1690035,17.923674,20.76645,23.162916,26.631187,28.361917,30.703638,27.876753,29.308558,25.885798,24.625856,24.370956,21.016653,25.624668,24.62595,26.172611,29.011988,30.866547,31.938599,31.53185,32.31898,33.62848,32.30754,36.460724,31.427683,38.08995,34.354626,36.441803,33.449467,29.810974,28.865654,30.694902,27.614475,24.964462,25.052511,25.950531,23.322966,19.791628,22.129942,22.258657,16.15233,15.933846,18.550941,20.495564,24.288847,20.193094,24.13134,26.697144,27.006577,28.995064,26.802296,30.766304,32.673264,29.413177,30.299192,34.807415,37.680515,39.201153,34.819782,33.3602,38.345074,38.00631,33.187294,35.88348,38.520344,36.535667,32.486317,36.006653,32.324635,34.969093,31.512857,27.809465,26.86625,22.65755,19.713686,16.890593,15.211779,18.586573,21.349447,22.89574,26.70791,30.592413,33.54545,37.273735,38.753536,43.27267,41.656258,39.984585,38.793785,35.34031,31.787394,31.293142,25.083302,25.759048,21.50671,18.485672,20.137785,22.82225,23.940285,26.549,29.535957,31.140583,34.965492
2,6.6048594,5.11658,0.0,5.3997793,6.539724,7.8587465,11.430585,13.784884,17.282804,19.126534,22.67835,24.342096,27.065222,24.449783,26.916843,23.487854,22.920744,23.08447,20.818462,25.679596,25.611664,27.554222,30.773718,31.564451,32.231876,31.386364,31.559666,32.377213,30.584623,34.434708,28.924788,35.282528,30.863037,32.994205,30.561785,26.964113,25.458971,27.574615,25.120428,22.327103,21.81951,23.86591,21.517454,17.280153,19.5942,21.303993,15.3647,14.008155,17.402275,18.320187,22.635601,20.104366,23.49953,25.409441,26.53397,28.780563,26.075943,30.25104,32.036674,27.929657,28.823826,33.39262,36.127083,37.504086,32.744217,31.21313,36.339626,35.786415,31.270597,34.67191,37.054493,34.81469,31.272469,35.41802,31.658455,34.931442,31.7652,27.814238,27.817122,23.228466,20.886683,18.851257,16.36579,18.980797,20.822845,23.431751,26.059742,30.692875,33.199894,37.15308,38.43428,43.164413,41.652573,40.062634,39.392643,35.788578,32.686897,31.388288,25.946955,25.611752,21.84397,18.940989,19.438065,22.124718,21.941631,25.056732,27.423172,28.94257,32.502975
3,9.842418,6.2951756,5.3997793,0.0,3.7845166,7.036614,8.356432,12.673736,14.820961,17.790895,20.930946,22.974688,25.057281,22.391304,23.722982,19.891842,19.03248,18.53917,16.16065,20.605076,20.415245,22.527142,25.566502,26.348549,27.19204,26.641392,26.791769,28.012627,26.34766,30.529707,25.247532,31.86438,28.298494,30.279512,27.172213,23.541414,22.717676,24.57751,21.382559,18.674608,19.024271,20.056973,17.220413,13.656281,16.513563,16.951973,10.519165,10.51822,14.055827,15.779661,19.190958,15.851314,20.174564,22.128334,22.439901,24.165274,21.40368,25.427546,27.619682,24.040596,24.37967,29.055647,31.754227,33.418385,28.958141,27.255405,32.20323,31.757347,26.989595,29.97209,32.460365,30.399462,26.512873,30.365458,26.647957,29.708038,26.459856,22.61796,22.453352,18.008478,15.55972,13.790336,11.002848,13.608937,15.684303,18.084976,21.028057,25.454348,28.163368,32.052135,33.539097,38.1672,36.85488,35.42156,34.754967,31.356749,28.18464,27.447788,22.153473,22.045038,18.627275,16.049465,17.092958,19.238955,20.024965,21.857632,24.878704,25.897966,29.783062
4,12.2195215,8.929661,6.539724,3.7845166,0.0,5.450694,5.296812,9.639978,12.076753,14.5707035,18.006926,19.692833,21.824316,19.001991,20.65587,17.230562,16.407028,16.677174,14.56316,19.576658,20.060312,22.167828,25.773582,25.746122,26.109459,25.039833,25.15272,25.857758,24.194365,28.05728,22.878042,29.484013,25.595915,28.062809,25.31285,21.397993,20.551208,23.128681,20.10332,16.953697,17.661497,19.71765,16.565561,12.794718,16.40211,17.69571,11.151439,11.247637,15.6006975,16.66596,19.923117,17.587605,21.95001,23.302801,23.761171,25.169212,21.839357,25.780502,28.36091,24.444567,23.955973,28.877787,31.218557,33.135986,28.532797,26.379097,31.174284,30.301373,25.719467,29.308239,31.277567,28.798014,25.379873,29.569347,26.18005,29.571238,26.498493,22.873972,23.14053,18.986763,16.72702,15.755652,12.004854,13.763541,15.229017,17.951084,20.058422,24.799454,26.993011,30.989607,32.0717,36.871662,35.308796,33.75371,33.332226,29.727144,26.901545,25.38521,20.583609,19.745874,16.594225,14.120762,14.295864,16.48179,16.550318,18.838696,21.50221,22.719496,26.464773
5,14.307073,11.99582,7.8587465,7.036614,5.450694,0.0,6.099812,6.6942883,9.874971,12.097561,15.181144,17.353123,20.036058,17.888409,20.990078,17.059301,17.653902,17.746143,17.613989,21.950354,23.203394,25.789244,29.12199,28.340849,28.576553,27.432894,26.489481,26.92753,24.433859,28.06308,21.951994,27.93177,23.273907,25.195127,23.006212,19.552317,17.694132,19.960798,17.944036,15.099858,14.238653,17.367687,15.231827,10.4853,13.171297,16.511213,11.313255,9.095686,13.645784,13.352881,17.363478,16.994291,20.059448,20.795694,22.418518,24.488846,21.054579,25.241196,27.10707,22.252497,22.63372,27.247622,29.68018,31.047987,26.03929,24.276186,29.402811,28.654749,24.483118,28.54804,30.620758,28.237192,25.272968,30.0389,26.259346,30.227604,27.575636,23.487823,24.843834,20.0946,18.863014,18.353678,15.037459,16.071606,16.300175,20.29062,21.056147,26.493885,28.42182,32.536972,33.740818,38.566498,37.53154,36.31166,36.466045,32.99077,30.589674,28.789055,24.91553,23.356504,20.964525,18.82536,18.147524,20.002882,18.716877,20.988518,22.915867,23.560843,26.949215
6,17.460321,14.1690035,11.430585,8.356432,5.296812,6.099812,0.0,6.1365466,7.120151,10.135325,13.224671,15.045207,16.801737,14.074098,15.719006,12.062589,11.82626,12.35376,11.863275,16.60248,18.240908,20.70198,24.514502,23.162645,23.049591,21.604807,21.041628,21.345913,19.33957,23.023785,17.676012,24.235882,20.404945,23.056652,20.375685,16.292889,15.659284,18.723978,15.70155,12.224352,13.641711,16.389364,12.938531,9.410977,13.87736,15.796601,9.92083,10.421423,15.245114,15.664707,18.06998,17.113245,21.421608,21.897755,22.340263,23.241638,19.28735,23.009754,25.97024,21.812725,20.278753,25.35718,27.273653,29.447598,24.823002,22.198614,26.761026,25.54693,21.174093,25.315948,26.812836,24.049486,21.122265,25.72262,22.587444,26.427748,23.74119,20.301624,21.465954,17.616798,16.136723,16.513315,12.132419,12.25797,12.32577,15.87077,16.388527,21.647436,23.243576,27.351028,28.213163,33.11776,31.7369,30.372791,30.545515,26.99987,24.783777,22.751154,19.33984,17.445425,15.587106,13.9586525,13.062709,14.376404,13.671014,15.087014,17.507185,18.108948,21.81718
7,20.378077,17.923674,13.784884,12.673736,9.639978,6.6942883,6.1365466,0.0,4.839751,5.4352236,8.951432,10.69816,13.549494,11.518117,15.790035,12.554169,14.059462,15.301172,16.708754,20.95769,23.409655,26.020113,29.835106,27.601435,27.053576,25.17629,23.727913,23.201181,20.465368,23.297644,17.246046,22.785263,17.46373,20.163147,18.827257,15.0961075,13.030112,16.693556,15.362682,11.997529,11.736343,16.77504,14.487432,10.237008,13.739931,18.140835,13.87098,12.392218,17.166487,15.968184,18.888433,20.21129,23.167492,22.79114,24.448036,25.816969,21.652378,25.395123,27.777782,22.613283,21.462193,26.193756,27.851862,29.583818,24.520756,22.010786,26.63744,25.144438,21.606352,26.666523,27.745848,24.74597,22.902185,28.156952,25.036264,29.49098,27.370802,23.798029,25.983944,21.92183,21.257536,21.925402,17.840452,17.473011,16.391968,20.765903,19.675858,25.435987,26.332954,30.468697,31.043308,35.98448,34.83219,33.642185,34.44098,30.897694,29.328081,26.454037,24.137024,21.305145,20.136925,18.737192,16.606861,17.804544,14.895204,17.157978,18.014605,18.396414,21.278841
8,23.708998,20.76645,17.282804,14.820961,12.076753,9.874971,7.120151,4.839751,0.0,4.843797,6.3951793,9.081351,10.745722,9.070167,12.357203,8.289338,10.712473,11.452649,14.4732485,17.706635,20.793327,23.630926,27.216885,24.21065,23.500423,21.665918,19.547588,19.025112,15.931799,18.887753,12.548468,18.274572,13.623306,16.204063,14.2942705,10.366652,8.90978,12.816307,11.0191145,7.4345503,8.495686,13.386191,10.8344,7.7096896,11.7474,15.689554,12.464701,11.930505,16.368385,15.234446,16.792866,18.680132,21.760696,20.85363,22.026676,22.762785,18.31174,21.673979,24.40574,19.490252,17.30793,22.097755,23.431347,25.461992,20.601713,17.673399,22.042048,20.411236,16.877802,22.106007,22.956766,19.919085,18.274206,23.655119,20.719646,25.33509,23.540583,20.228485,22.965454,19.355553,19.323189,20.87381,16.791342,15.370711,13.279031,17.949835,15.691183,21.57938,22.147285,26.250252,26.873545,31.744717,30.964657,30.081484,31.274601,28.023352,26.82631,24.171818,22.879128,19.771013,19.640614,18.931614,16.870024,17.135426,14.713525,15.099126,16.18301,15.472384,18.500742
9,25.701038,23.162916,19.126534,17.790895,14.5707035,12.097561,10.135325,5.4352236,4.843797,0.0,4.279573,5.271672,8.291775,6.7591667,12.471077,10.298188,12.840576,14.8924,17.704031,21.341208,24.63556,27.20102,31.152271,27.810316,26.658022,24.282475,22.299026,20.908487,17.963675,19.835833,14.040057,18.750322,12.83487,16.29142,15.949455,12.267013,10.159078,14.940734,14.464576,11.16515,11.522603,17.450338,15.379853,12.294527,15.688959,20.373343,17.184374,16.191051,20.66862,19.020823,20.959263,23.371834,26.082537,24.947487,26.558184,27.373676,22.890247,26.083635,28.724503,23.558512,21.271498,25.808205,26.735216,28.693144,23.803286,20.789476,24.731934,22.620422,19.894754,25.601791,25.770569,22.34691,21.669777,27.136974,24.679482,29.3777,27.811651,24.778805,27.567944,24.157082,24.002172,25.428574,21.149899,19.867258,17.869385,22.251347,19.661589,25.372608,25.34577,29.33944,29.394958,34.28905,33.168507,32.108494,33.511833,30.072998,29.290174,25.705397,24.912853,21.193348,21.23619,20.567661,17.579025,17.980833,13.938445,15.622343,15.273404,15.080439,17.241772
10,29.257547,26.631187,22.67835,20.930946,18.006926,15.181144,13.224671,8.951432,6.3951793,4.279573,0.0,3.883531,5.9372597,6.4039817,12.015781,9.7473135,13.439782,14.961581,19.188654,21.735437,25.508053,28.259806,31.86276,27.854378,26.556099,24.24712,21.402847,19.806194,16.307545,17.70101,11.52878,15.200795,8.871995,12.087391,12.364274,9.275904,6.6664023,11.743167,12.256201,9.650713,9.781263,15.9941,14.6322975,12.494266,15.172575,20.124329,18.328026,17.297636,21.223093,19.148607,20.250303,23.764435,25.905329,24.124506,25.855984,26.446415,21.938354,24.730173,27.183657,21.964624,19.338692,23.441992,23.976097,25.813824,21.042551,17.968212,21.550198,19.290827,17.259907,23.250917,23.087244,19.726055,19.80964,25.418083,23.12872,28.028715,26.990534,24.13648,27.593357,24.430922,24.96975,26.92579,22.91593,21.023108,18.236315,22.87347,19.154678,24.855164,24.386906,28.221218,28.292234,32.99459,32.400074,31.736029,33.64824,30.556,30.223654,26.778587,26.945581,23.022123,23.836205,23.582664,20.65066,20.468739,16.60533,16.967516,16.305996,14.971785,16.638693
11,30.903294,28.361917,24.342096,22.974688,19.692833,17.353123,15.045207,10.69816,9.081351,5.271672,3.883531,0.0,4.0366664,4.610681,11.421007,10.998027,14.1576605,16.688475,20.422045,23.347662,27.201159,29.647821,33.60613,29.395533,27.731026,24.977634,22.546638,20.309841,17.313889,17.860737,12.867528,15.946533,9.414871,13.710768,14.832124,11.760951,9.894006,15.1332245,15.688856,12.978545,13.653492,19.734201,18.074677,16.028986,18.9965,23.729116,21.429674,20.67369,24.825556,22.871342,24.09128,27.288862,29.691013,27.98968,29.588423,29.98231,25.40411,28.026857,30.754036,25.71541,22.626421,26.733803,26.925312,28.987152,24.434517,21.13283,24.178413,21.50122,19.868938,25.94698,25.183353,21.469677,22.09093,27.532797,25.789286,30.559258,29.557096,27.07273,30.294363,27.465225,27.706957,29.624567,25.320314,23.473299,20.907467,25.101807,21.393166,26.784527,25.885315,29.591352,29.122211,33.831905,32.7804,31.883093,33.86112,30.61401,30.602253,26.456682,27.066763,22.738338,23.787252,23.698631,20.19441,19.948765,15.21746,16.234179,14.526945,13.670975,14.5956
12,33.555744,30.703638,27.065222,25.057281,21.824316,20.036058,16.801737,13.549494,10.745722,8.291775,5.9372597,4.0366664,0.0,3.6787965,8.798144,9.43024,12.784156,15.362917,19.742573,21.882425,26.08215,28.426865,32.269,27.46716,25.496641,22.60504,19.889126,17.233076,14.31495,14.172585,9.98764,12.523371,6.7237415,11.839547,12.939256,9.987912,9.477771,14.719156,15.029633,12.635666,14.465418,19.770742,17.959904,17.024336,20.12102,24.070827,22.264444,22.232613,26.144045,24.45113,24.821064,27.981691,30.585236,28.679873,29.751957,29.538721,24.919333,26.997942,30.082796,25.578678,21.501373,25.452484,25.111605,27.55482,23.487495,19.783798,22.054785,18.985191,17.78808,23.8543,22.44568,18.519077,19.81833,25.04064,23.92533,28.560635,27.89624,25.978775,29.32842,27.159828,27.642508,30.02793,25.747297,23.373446,20.44566,24.263649,19.843843,24.806734,23.339796,26.80624,26.043608,30.607824,29.645853,28.914602,31.245184,28.245077,28.72206,24.534952,26.177835,21.631647,23.530085,23.985703,20.51535,19.58251,15.294477,14.838452,12.879397,11.002264,11.508059
13,30.817762,27.876753,24.449783,22.391304,19.001991,17.888409,14.074098,11.518117,9.070167,6.7591667,6.4039817,4.610681,3.6787965,0.0,6.996005,7.785001,10.263372,13.494642,16.94589,19.844812,23.780268,25.96297,30.111343,25.725557,23.82066,20.821692,18.849802,16.39037,13.986518,14.587648,10.581314,14.754689,9.820335,14.762764,14.762475,10.955622,10.841699,16.197027,15.441814,12.350354,14.795291,19.833897,17.292892,16.008745,19.798088,23.264868,20.494349,20.859438,25.112757,23.884184,24.587538,26.810858,30.020475,28.589766,29.35159,29.126583,24.456926,26.783142,30.194191,25.849209,21.743643,26.177452,26.159021,28.842825,24.68282,20.880598,23.521982,20.598341,18.557613,24.397617,23.302847,19.290487,19.772772,24.887949,23.674543,28.134506,27.019316,25.056458,27.86457,25.678576,25.652872,27.797981,23.282736,21.168102,18.735952,22.24991,18.580427,23.542854,22.40916,26.051672,25.280867,30.065105,28.618618,27.530941,29.428213,26.12168,26.253822,21.930264,22.993673,18.4831,20.06001,20.414955,16.870445,16.086428,11.729895,11.794918,10.160742,9.1476,10.634548
14,32.783203,29.308558,26.916843,23.722982,20.65587,20.990078,15.719006,15.790035,12.357203,12.471077,12.015781,11.421007,8.798144,6.996005,0.0,5.525573,6.0142245,9.621554,13.127622,14.842256,19.052359,20.844463,24.93204,19.938797,17.580559,14.278221,12.685243,9.806522,8.611773,9.332513,8.087033,13.214682,11.931024,16.480045,14.890051,11.001527,13.389503,17.885332,15.595855,12.824227,17.249506,20.194988,16.857794,17.314129,21.551182,22.921013,20.316315,22.290928,26.138506,25.859716,25.426226,26.50214,30.522493,29.30035,28.783993,27.484522,22.933538,24.441528,28.719906,25.701054,20.136854,24.616953,24.126644,27.631145,24.384209,20.085537,21.736654,18.630552,16.279703,21.286465,19.594315,15.376555,15.801402,20.05572,19.924911,23.709202,22.68799,21.824738,24.128544,23.275583,23.198462,25.913555,21.501188,18.724686,16.288883,18.436277,14.437726,18.256609,16.501009,19.872414,18.65641,23.457157,21.684067,20.543854,22.576841,19.459553,20.06944,15.8808975,18.37891,13.785688,16.80465,18.167616,15.244067,13.140379,11.073668,7.2783217,6.935739,3.5973299,6.9756064
15,29.412897,25.885798,23.487854,19.891842,17.230562,17.059301,12.062589,12.554169,8.289338,10.298188,9.7473135,10.998027,9.43024,7.785001,5.525573,0.0,4.4754686,5.9335003,10.990834,12.541481,16.727762,19.262247,22.916178,18.41806,16.878489,14.510099,12.0227995,10.826702,8.0360365,11.054332,6.237076,13.042016,11.270806,14.663553,11.8255825,7.3760595,9.692576,13.685274,10.64619,7.5463834,12.313408,14.854095,11.3939905,11.908282,16.138428,17.471186,15.182836,17.032824,20.69512,20.447947,19.928104,21.137358,25.009407,23.823318,23.427269,22.455853,17.829376,19.814383,23.832335,20.487972,15.4580145,20.271013,20.450914,23.668003,19.974287,15.904863,18.60855,16.149282,12.757548,17.891495,17.389933,13.652455,12.730547,17.718536,16.315134,20.58866,19.277216,17.510391,20.242676,18.585909,18.84894,21.599203,17.413137,14.53332,11.615116,14.901131,10.797114,15.88566,15.217153,19.127607,19.109156,24.005735,23.075132,22.316427,24.05009,21.099472,20.805624,17.980688,18.89953,15.188104,17.131163,17.849815,15.759997,14.307662,13.06834,9.928521,11.413989,8.981326,12.448559
16,28.352934,24.625856,22.920744,19.03248,16.407028,17.653902,11.82626,14.059462,10.712473,12.840576,13.439782,14.1576605,12.784156,10.263372,6.0142245,4.4754686,0.0,4.6559,7.2883554,9.79427,13.651397,15.728677,19.912155,15.806656,14.173995,11.523365,10.710215,9.880366,8.934784,12.24295,9.713144,16.440212,15.458905,19.012598,15.904318,11.609139,14.069437,17.771324,14.053093,10.939189,15.864739,17.50914,13.358127,13.925701,18.62129,18.714396,15.308367,18.144886,21.899292,22.440485,22.037,21.7274,26.43237,25.865498,24.782274,23.479164,19.067926,20.937843,25.446165,22.824022,17.647388,22.625359,22.912348,26.44548,23.105549,19.072227,21.548046,19.23662,15.461456,19.649605,19.206509,15.585565,13.902819,17.973104,17.024021,20.55275,18.72261,17.462057,19.061195,18.028067,17.462769,20.03767,15.59458,12.891706,11.024764,12.858221,10.184748,14.388918,13.991577,17.86094,17.600552,22.624023,20.897827,19.620316,20.751833,17.440405,16.787645,13.87064,14.433173,10.792843,12.909053,13.98767,12.254931,10.38207,10.69895,6.489521,9.619716,8.164296,12.392533
17,28.231226,24.370956,23.08447,18.53917,16.677174,17.746143,12.35376,15.301172,11.452649,14.8924,14.961581,16.688475,15.362917,13.494642,9.621554,5.9335003,4.6559,0.0,6.64201,6.7987494,10.936337,13.719809,17.083065,12.983765,12.07305,10.609897,8.751207,9.709469,8.127164,12.733536,9.5022955,16.33221,16.369522,18.718327,14.52267,10.742661,13.648453,16.045965,11.479028,9.082927,14.328878,14.236408,9.927934,11.814724,16.114923,14.920268,12.458974,15.910855,18.932848,19.88583,18.67303,18.04613,22.800297,22.267187,20.636717,18.99665,14.699611,16.403566,21.053514,18.98003,13.661485,18.675812,19.263372,22.819067,19.74422,15.9204645,18.565798,16.887836,12.417132,15.8341055,16.210947,13.260907,10.27165,14.315996,12.72007,16.288527,14.305168,12.811018,14.709226,13.748598,13.763941,16.878244,13.015986,9.599256,6.9077253,9.085776,5.6849995,10.665056,11.134293,15.259975,16.04386,20.925812,20.106197,19.389769,20.481567,17.760927,16.697462,15.527249,15.651705,13.236937,14.982135,15.880111,15.322796,13.659864,15.012039,10.728454,14.176265,12.132802,16.152988
18,25.01649,21.016653,20.818462,16.16065,14.56316,17.613989,11.863275,16.708754,14.4732485,17.704031,19.188654,20.422045,19.742573,16.94589,13.127622,10.990834,7.2883554,6.64201,0.0,6.1306415,7.748126,9.647229,14.170159,12.212292,11.863116,10.616697,12.058337,13.419224,13.699573,17.831367,15.807728,22.637888,22.221506,25.069187,21.070177,17.086473,19.38911,22.02038,17.340061,14.593954,19.175682,18.942709,14.321958,15.032414,19.679903,17.588964,13.015864,17.240559,20.478342,22.370821,22.014456,19.203764,24.916607,25.450382,23.362888,21.892405,18.211746,20.167337,24.864267,23.314514,18.93044,23.937082,24.95109,28.450247,25.460428,22.006166,24.80735,23.37003,18.750244,21.226063,21.94577,19.292961,15.799103,18.479593,17.111313,19.427114,16.523163,15.320936,14.906946,14.292814,12.363796,14.427464,10.093085,8.025078,8.685659,7.9459915,9.571784,12.342648,13.873969,17.52647,18.126535,22.845041,20.864594,19.284657,18.933712,15.59311,13.14297,12.458833,9.913869,8.937428,9.248009,10.050532,10.953515,9.617581,13.358709,9.951474,14.609287,14.413836,18.709614
19,29.670368,25.624668,25.679596,20.605076,19.576658,21.950354,16.60248,20.95769,17.706635,21.341208,21.735437,23.347662,21.882425,19.844812,14.842256,12.541481,9.79427,6.7987494,6.1306415,0.0,4.674296,7.315786,10.39429,6.664767,6.7270064,7.061947,7.7961373,10.850236,11.573561,16.028788,15.121284,21.20439,22.653118,24.620726,19.951519,16.864462,20.092197,21.625227,16.62924,15.069504,20.072773,18.123034,13.911361,16.553564,20.404379,16.843182,14.498994,19.175041,21.287844,23.385296,21.576872,18.862139,24.325119,24.537434,21.504448,18.918793,15.684121,16.399784,21.562239,21.385544,16.07068,20.483942,21.102953,24.9434,22.965593,19.5693,21.417828,20.34478,15.8263235,16.845333,17.576004,15.652482,11.6351595,12.977528,12.30583,13.779489,11.057033,11.201791,10.777652,12.125663,11.437676,14.759388,11.895634,8.509546,7.9112854,5.1268973,5.628211,6.263059,8.310939,11.824034,13.225093,17.65259,16.603159,15.808942,15.866397,13.651673,11.703946,13.076771,12.767759,12.409223,14.189879,15.601358,16.713041,14.733442,18.425255,13.445981,17.821486,16.24048,20.214375
20,28.654686,24.62595,25.611664,20.415245,20.060312,23.203394,18.240908,23.409655,20.793327,24.63556,25.508053,27.201159,26.08215,23.780268,19.052359,16.727762,13.651397,10.936337,7.748126,4.674296,0.0,3.531667,6.5531583,6.35091,8.122474,9.722621,11.850802,15.1330595,16.21667,20.584421,19.716085,25.823812,27.140923,28.995514,24.17881,21.14016,24.074617,25.321398,20.172106,18.67686,23.250654,20.691385,16.56504,18.887482,22.522285,17.988777,15.185457,20.244482,21.910622,24.711496,23.080524,18.86505,24.723732,25.662582,22.107195,19.537592,17.119534,17.823135,22.759521,23.27413,18.860025,23.004665,24.047132,27.66479,25.904173,22.978357,24.989244,24.362888,19.700985,19.830841,21.166101,19.803345,15.359679,15.683191,14.823027,15.113967,11.771135,12.103078,9.520979,11.595224,9.797003,12.486688,10.524905,8.229283,9.730637,4.665079,9.264372,8.160285,11.345339,13.95268,15.729143,19.48673,18.251427,17.261074,16.150574,14.188871,11.016433,14.112585,12.00609,13.493296,14.15084,15.283928,17.608706,16.06129,20.749968,16.425182,21.125008,20.194094,24.232544
21,30.151913,26.172611,27.554222,22.527142,22.167828,25.789244,20.70198,26.020113,23.630926,27.20102,28.259806,29.647821,28.426865,25.96297,20.844463,19.262247,15.728677,13.719809,9.647229,7.315786,3.531667,0.0,5.213333,6.661578,8.293837,9.985958,13.463942,16.5175,18.377089,22.329868,22.32119,28.280653,29.805141,31.933668,27.240509,24.13547,27.182398,28.66049,23.549889,21.941254,26.618534,24.217836,20.064568,22.231922,25.981735,21.431673,18.371222,23.432802,25.151224,28.069006,26.55217,22.028389,27.958857,29.06183,25.362888,22.678904,20.516256,20.965385,25.90884,26.728922,22.218414,26.206514,27.05383,30.786638,29.258307,26.269363,27.95742,27.203331,22.745895,22.666723,23.647106,22.260382,18.148163,17.824951,17.67947,17.320807,14.177037,15.219094,12.04037,14.712366,12.576126,14.6600685,12.975045,11.3639765,13.218178,8.151538,12.431101,10.240962,12.86767,14.733726,16.034204,19.378988,17.484444,16.118753,14.179376,12.325023,8.570737,12.792909,10.495057,13.031769,13.734046,15.213433,17.95448,16.269892,21.609638,17.270561,21.997469,21.440857,25.328312
22,32.90129,29.011988,30.773718,25.566502,25.773582,29.12199,24.514502,29.835106,27.216885,31.152271,31.86276,33.60613,32.269,30.111343,24.93204,22.916178,19.912155,17.083065,14.170159,10.39429,6.5531583,5.213333,0.0,6.7149587,9.767112,12.900874,15.54179,19.270292,20.992203,24.99632,25.114756,30.569202,32.817387,34.26147,29.217281,26.718191,29.89755,30.535397,25.377188,24.471218,28.909283,25.359215,21.749672,24.575111,27.615911,22.026337,20.246239,25.361824,26.128416,29.372295,27.171156,22.207205,27.799059,29.055534,24.670765,21.483496,20.332092,19.978464,24.653467,26.697124,22.560194,25.765217,26.674902,30.232399,29.470743,26.994392,28.265036,28.113821,23.803017,22.345325,23.82032,23.366453,18.938923,17.275753,17.27864,15.527857,12.485653,14.439164,10.199337,14.368154,12.885674,15.048289,15.013595,13.472538,15.197203,9.758514,14.1238785,10.327679,13.605454,14.450857,16.676142,18.967705,18.143269,17.555176,15.537996,15.071516,11.824428,17.136097,15.44913,18.16182,18.86677,20.16102,23.086636,21.47098,26.694302,22.132532,26.774647,25.750977,29.52404
23,34.903667,30.866547,31.564451,26.348549,25.746122,28.340849,23.162645,27.601435,24.21065,27.810316,27.854378,29.395533,27.46716,25.725557,19.938797,18.41806,15.806656,12.983765,12.212292,6.664767,6.35091,6.661578,6.7149587,0.0,3.481927,7.189424,9.090688,12.937267,14.927818,18.606167,19.585243,24.49101,27.454576,28.939997,24.091043,21.814901,25.50116,26.341114,21.424786,20.677927,25.63915,22.58296,18.981503,22.403812,25.633173,20.926912,19.813185,24.692,25.93681,28.403467,25.771988,22.544676,27.775642,28.076653,24.108658,20.561083,18.485306,17.716244,22.935762,24.508007,18.961548,22.237488,22.35735,26.389072,25.732899,22.667353,23.242262,22.568077,18.704327,17.682549,18.143528,17.298548,13.551404,11.879536,13.02935,11.955355,9.753789,12.510084,10.645443,14.655119,14.39207,17.726622,16.378265,13.401307,13.235473,8.874913,9.820603,4.964336,7.0576,8.239013,10.309677,13.411269,12.839447,12.6696005,12.199187,11.7379675,10.14071,14.180165,15.1354065,16.018948,18.328487,20.210468,21.901701,19.587036,23.962427,18.39685,22.588947,20.740358,24.198166
24,35.99449,31.938599,32.231876,27.19204,26.109459,28.576553,23.049591,27.053576,23.500423,26.658022,26.556099,27.731026,25.496641,23.82066,17.580559,16.878489,14.173995,12.07305,11.863116,6.7270064,8.122474,8.293837,9.767112,3.481927,0.0,3.968465,6.6911535,10.030981,12.732275,15.900545,17.798773,22.467379,25.622452,27.496471,22.994839,20.605095,24.496374,25.82874,21.153704,20.188873,25.430397,23.121185,19.41198,22.716557,26.245256,22.325975,20.987818,25.659266,27.379189,29.452877,26.957956,24.452482,29.60421,29.563175,25.987436,22.532383,19.942616,19.254242,24.583754,25.628973,19.493433,22.924799,22.588867,26.83983,26.059282,22.579893,22.831577,21.607649,18.112555,17.833132,17.376804,15.908831,13.040631,11.813842,13.7125,13.33789,11.764867,14.3906765,13.494843,16.919998,16.709896,20.100462,18.035482,14.8434725,14.12844,10.616488,9.942969,5.936152,5.6449122,7.009861,7.7837734,11.622313,10.285244,9.850163,10.099512,9.326223,8.816344,11.8087845,14.290428,14.31084,17.471176,19.726624,20.80196,18.110748,22.160769,16.17272,20.04655,18.024439,21.234093
25,35.55841,31.53185,31.386364,26.641392,25.039833,27.432894,21.604807,25.17629,21.665918,24.282475,24.24712,24.977634,22.60504,20.821692,14.278221,14.510099,11.523365,10.609897,10.616697,7.061947,9.722621,9.985958,12.900874,7.189424,3.968465,0.0,5.492855,7.3107452,10.659395,13.360402,15.757909,20.558268,23.311201,25.82407,21.80978,19.022459,22.889952,24.96918,20.569332,19.111822,24.521696,23.284887,19.363611,22.17042,26.117077,23.200583,21.242134,25.61775,27.967888,29.647833,27.599873,25.68196,30.847315,30.594297,27.581568,24.498688,21.31008,21.108438,26.439165,26.61233,20.227982,24.059952,23.537115,27.85067,26.576235,22.703232,23.077349,21.241106,17.947536,18.919947,17.798655,15.417767,13.408066,13.470313,15.30305,16.002401,14.590516,16.48132,16.279928,18.770859,18.348995,21.60643,18.713358,15.52415,14.51763,12.005846,10.37731,8.491334,6.8990636,8.957425,8.090226,12.682532,10.271905,9.051691,9.947473,7.935164,8.29997,8.987245,12.69567,11.52452,15.421966,17.937866,18.281313,15.296058,18.918617,12.669506,16.284903,14.313862,17.446371
26,36.298717,32.31898,31.559666,26.791769,25.15272,26.489481,21.041628,23.727913,19.547588,22.299026,21.402847,22.546638,19.889126,18.849802,12.685243,12.0227995,10.710215,8.751207,12.058337,7.7961373,11.850802,13.463942,15.54179,9.090688,6.6911535,5.492855,0.0,4.293821,6.17747,9.530732,11.475312,15.780098,19.250341,21.071589,16.87174,14.707754,18.881395,20.40369,16.294712,15.516807,20.861874,19.421244,16.073994,19.534004,22.940563,20.454247,19.830214,23.69833,25.756487,26.904264,24.3159,23.702707,28.150795,27.254082,24.549887,21.406116,17.982176,17.476913,22.665247,22.619497,15.757957,19.330053,18.444052,22.805048,21.64033,17.659487,17.67492,15.763117,12.707725,13.957512,12.483423,9.937453,8.322216,9.240615,11.142743,12.87311,12.297483,13.909426,15.436824,17.408897,18.13703,21.90899,19.14521,15.359728,12.9009075,12.074941,7.5522337,7.041649,3.9155922,7.3090453,7.3684654,12.26126,11.943717,12.113333,14.337894,13.071054,13.760369,13.809839,17.225307,15.233957,18.892725,20.967232,20.711046,17.947224,20.188631,13.9889145,16.906334,13.732229,16.643547
27,37.519775,33.62848,32.377213,28.012627,25.857758,26.92753,21.345913,23.201181,19.025112,20.908487,19.806194,20.309841,17.233076,16.39037,9.806522,10.826702,9.880366,9.709469,13.419224,10.850236,15.1330595,16.5175,19.270292,12.937267,10.030981,7.3107452,4.293821,0.0,4.483732,6.0515156,9.793766,13.544753,16.934238,19.493916,16.185001,13.846989,17.994415,20.342295,16.936941,15.784484,21.097164,20.950945,17.69455,20.563438,24.197578,22.895367,21.893934,25.271582,27.856962,28.494087,26.310774,26.458153,30.719555,29.529058,27.432674,24.639263,20.845373,20.653366,25.621027,24.811405,17.872417,21.487574,20.223724,24.51735,23.0359,18.741777,18.547636,15.852748,13.638043,16.180367,13.715276,10.187712,10.542276,12.3946295,14.3751545,16.66995,16.394629,17.584734,19.480387,20.863155,21.4416,25.033596,21.7135,18.068003,15.441419,15.4354925,10.630777,11.319049,7.9442205,10.461113,8.92018,13.69845,12.641405,12.444277,15.297964,13.615422,15.156943,13.39587,17.879309,14.805497,19.01783,21.253063,20.111073,17.144732,18.372494,12.091442,13.979099,10.329539,12.680733
28,36.082397,32.30754,30.584623,26.34766,24.194365,24.433859,19.33957,20.465368,15.931799,17.963675,16.307545,17.313889,14.31495,13.986518,8.611773,8.0360365,8.934784,8.127164,13.699573,11.573561,16.21667,18.377089,20.992203,14.927818,12.732275,10.659395,6.17747,4.483732,0.0,4.9787297,5.5511823,10.068176,13.1258335,15.282614,11.73804,9.460438,13.715356,15.890501,12.752953,11.861339,16.991762,17.14687,14.305199,17.214436,20.499353,19.950209,19.576317,22.344042,24.865725,25.025482,22.806004,23.9437,27.662102,26.094114,24.546644,22.149446,18.063303,18.212502,22.80622,21.27263,14.451028,18.197918,17.056448,21.115452,19.128824,14.732042,15.032847,12.200019,9.797525,13.568361,11.406319,7.364866,8.034618,11.740347,12.516465,15.986869,15.851379,16.038843,18.987482,19.389568,20.499897,24.147562,20.82385,17.074493,13.678559,15.191756,9.292001,11.963889,9.367638,12.539487,12.1456375,16.708803,16.64025,16.778404,19.529716,17.747534,18.680397,16.905273,20.240795,16.964077,20.482576,22.183804,20.775356,18.278801,18.532469,13.036269,14.58126,10.562053,13.009704
29,40.152634,36.460724,34.434708,30.529707,28.05728,28.06308,23.023785,23.297644,18.887753,19.835833,17.70101,17.860737,14.172585,14.587648,9.332513,11.054332,12.24295,12.733536,17.831367,16.028788,20.584421,22.329868,24.99632,18.606167,15.900545,13.360402,9.530732,6.0515156,4.9787297,0.0,7.249553,8.25931,12.529744,15.070148,13.048898,11.624342,15.585394,18.084995,16.138538,15.435424,20.060266,21.017487,18.672228,21.272762,24.372002,24.524853,24.280321,26.681353,29.33583,29.089088,26.924425,28.693731,32.07991,30.178799,28.933392,26.520712,22.521841,22.360184,26.69067,25.087978,18.249731,21.310915,19.432037,23.384773,21.78978,17.409794,16.593147,13.10503,12.618467,16.414053,12.930531,8.784113,11.808653,14.694128,16.44561,19.566793,20.043049,20.6824,23.69215,24.32474,25.464954,29.09,25.641594,21.966137,18.622435,20.024374,14.210603,16.084583,12.611021,14.713939,13.134356,17.06116,16.859386,17.143105,20.599207,19.105186,21.026546,18.409536,23.017902,19.21565,23.3085,25.276932,23.27058,20.547985,19.973381,14.600901,14.674294,10.202277,10.930603
30,34.917255,31.427683,28.924788,25.247532,22.878042,21.951994,17.676012,17.246046,12.548468,14.040057,11.52878,12.867528,9.98764,10.581314,8.087033,6.237076,9.713144,9.5022955,15.807728,15.121284,19.716085,22.32119,25.114756,19.585243,17.798773,15.757909,11.475312,9.793766,5.5511823,7.249553,0.0,7.0282645,7.888856,10.227099,7.273843,4.4731674,8.512755,11.373259,9.473991,8.510562,12.848133,14.663556,12.597319,14.630554,17.50716,18.833252,18.758444,20.295362,23.057693,22.312323,20.592533,23.214413,26.132694,24.08625,23.691574,22.197432,17.783009,18.711855,22.470022,19.511059,13.573257,17.374714,16.513414,19.849926,16.842876,12.464859,13.780894,10.678671,8.7474575,14.37806,12.739242,8.741617,10.05186,15.134398,14.489381,18.945826,18.828297,17.730015,21.496794,20.516579,21.888716,25.242268,21.735786,18.287674,14.475025,17.690542,11.78114,16.110455,14.324236,17.648489,17.588839,21.95951,22.136066,22.228764,24.91842,22.807718,23.418056,21.021572,23.47718,19.772123,22.569414,23.67672,21.65189,19.7711,18.450768,14.475963,15.016865,11.128914,13.121199
31,41.442135,38.08995,35.282528,31.86438,29.484013,27.93177,24.235882,22.785263,18.274572,18.750322,15.200795,15.946533,12.523371,14.754689,13.214682,13.042016,16.440212,16.33221,22.637888,21.20439,25.823812,28.280653,30.569202,24.49101,22.467379,20.558268,15.780098,13.544753,10.068176,8.25931,7.0282645,0.0,7.2114806,7.6013536,7.480072,8.693133,11.46507,12.94401,13.414509,13.957197,16.73965,18.538702,17.923698,20.207508,21.932848,23.76813,24.978464,25.951313,28.177652,26.819422,24.571611,28.449635,30.345713,27.570772,27.542261,25.89466,21.965876,22.01101,25.034195,22.349031,16.593016,18.650866,16.542114,19.428076,17.438442,13.539868,12.591037,8.775934,10.6008415,15.585162,12.438291,9.114057,13.306563,17.362036,17.720879,21.808638,22.83032,22.35206,26.640265,26.085281,28.055096,31.610619,28.448683,24.874483,20.82842,23.888548,17.497559,20.760529,18.092157,20.355116,19.884504,23.266876,24.299421,25.055462,28.532291,27.097954,28.558264,26.07732,29.668533,25.75943,29.065073,30.385296,28.06158,25.998976,24.093012,20.17986,19.571651,15.313576,15.426068
32,37.324963,34.354626,30.863037,28.298494,25.595915,23.273907,20.404945,17.46373,13.623306,12.83487,8.871995,9.414871,6.7237415,9.820335,11.931024,11.270806,15.458905,16.369522,22.221506,22.653118,27.140923,29.805141,32.817387,27.454576,25.622452,23.311201,19.250341,16.934238,13.1258335,12.529744,7.888856,7.2114806,0.0,5.39689,7.704041,7.125113,7.1277056,10.769513,12.393401,11.7655115,13.17144,17.498835,16.900898,17.332859,19.19856,22.950872,23.123245,22.998657,25.941729,23.922878,23.082632,27.433146,29.149303,26.50763,27.60584,27.09463,22.762083,24.12741,26.721256,22.477217,18.190414,21.132013,20.195423,22.344149,18.762274,15.206977,16.619503,13.478243,13.698661,19.732979,17.998253,14.574302,16.994759,22.13759,21.141468,25.876154,26.033602,24.333973,28.53187,26.658045,28.12786,31.05906,27.423967,24.477537,20.73288,24.791563,19.21321,23.908077,22.112932,25.202665,24.852072,28.913988,29.129786,29.194141,32.112885,29.828457,30.639156,27.352314,29.690619,25.450438,27.84848,28.539238,25.655941,24.330622,21.068432,19.047155,17.799692,14.544968,14.809944
33,39.33593,36.441803,32.994205,30.279512,28.062809,25.195127,23.056652,20.163147,16.204063,16.29142,12.087391,13.710768,11.839547,14.762764,16.480045,14.663553,19.012598,18.718327,25.069187,24.620726,28.995514,31.933668,34.26147,28.939997,27.496471,25.82407,21.071589,19.493916,15.282614,15.070148,10.227099,7.6013536,5.39689,0.0,5.465798,8.08788,7.578827,8.1584,11.423854,12.4671335,12.604555,15.930819,16.721209,17.787241,18.28047,22.08244,23.81801,23.261835,25.301039,22.917639,21.353909,26.751787,27.439598,24.240614,25.66333,25.268696,21.399652,22.378918,24.113026,19.87755,16.309305,18.106024,17.001781,18.385223,15.022754,12.195067,13.262808,10.736082,12.186052,17.738222,16.408329,14.061173,16.704962,21.64603,20.27389,25.025112,25.701895,23.850595,28.623272,26.64393,28.81997,31.894886,28.89508,25.837273,21.752687,26.08833,20.221535,24.774141,23.206854,26.03681,26.310371,29.930325,31.084085,31.675976,34.751152,32.90187,33.62738,31.112707,33.33099,29.473484,31.771324,32.36343,29.91652,28.636137,25.86823,23.509855,22.822565,19.320272,19.782457
34,36.612537,33.449467,30.561785,27.172213,25.31285,23.006212,20.375685,18.827257,14.2942705,15.949455,12.364274,14.832124,12.939256,14.762475,14.890051,11.8255825,15.904318,14.52267,21.070177,19.951519,24.17881,27.240509,29.217281,24.091043,22.994839,21.80978,16.87174,16.185001,11.73804,13.048898,7.273843,7.480072,7.704041,5.465798,0.0,4.561304,6.199466,5.6073856,6.7775636,8.541659,10.0283375,11.5742,12.029098,14.20508,14.933369,17.431108,19.550678,19.726788,21.459166,19.745064,17.443401,22.187647,23.371765,20.403177,21.036774,20.197298,16.235786,17.096445,19.318974,15.545349,11.055964,13.464167,12.673407,14.763258,11.2425995,7.5319242,9.461841,7.1689963,6.9425554,12.787398,12.1847515,9.978375,11.573184,16.73906,14.915315,19.773298,20.302382,18.397375,23.213604,21.418056,23.784718,27.065342,24.357784,21.08831,16.859756,21.073309,15.15079,19.714708,18.58774,21.5894,22.443329,26.174444,27.551521,28.237442,31.042433,29.330133,29.692091,27.971384,29.816633,26.476782,28.682192,29.314816,27.50419,26.113441,24.437021,21.31155,21.737328,18.086643,19.587524
35,33.077305,29.810974,26.964113,23.541414,21.397993,19.552317,16.292889,15.0961075,10.366652,12.267013,9.275904,11.760951,9.987912,10.955622,11.001527,7.3760595,11.609139,10.742661,17.086473,16.864462,21.14016,24.13547,26.718191,21.814901,20.605095,19.022459,14.707754,13.846989,9.460438,11.624342,4.4731674,8.693133,7.125113,8.08788,4.561304,0.0,4.3941455,7.0982285,5.889929,5.3589935,8.628101,11.233328,10.043258,11.565759,13.73484,16.212587,16.76109,17.342226,19.928003,18.615358,17.10655,20.74642,22.95585,20.635658,21.024477,20.274143,15.818101,17.389229,20.371946,16.424942,11.657642,15.490165,15.318162,17.899296,13.995478,9.994032,12.777233,10.393322,8.119669,14.235314,13.827802,10.713547,11.130975,16.731663,14.778659,19.715963,19.458813,17.335865,21.58449,19.572695,21.259607,24.35714,21.092028,17.943682,13.954916,18.247158,12.728221,17.90974,17.024256,20.54244,21.155985,25.449945,25.997688,26.160723,28.595352,26.39941,26.474638,24.375021,25.782122,22.333237,24.328297,24.885302,22.97163,21.676619,19.985802,17.084808,17.737957,14.440326,16.547739
36,31.77067,28.865654,25.458971,22.717676,20.551208,17.694132,15.659284,13.030112,8.90978,10.159078,6.6664023,9.894006,9.477771,10.841699,13.389503,9.692576,14.069437,13.648453,19.38911,20.092197,24.074617,27.182398,29.89755,25.50116,24.496374,22.889952,18.881395,17.994415,13.715356,15.585394,8.512755,11.46507,7.1277056,7.578827,6.199466,4.3941455,0.0,5.392199,6.612038,5.9068174,6.0483465,11.041902,10.80411,10.639349,12.093466,16.450636,16.903797,16.178757,18.930176,16.795246,16.23117,20.802864,22.286184,19.813412,21.306572,21.510973,17.161125,19.409107,21.544619,16.529457,13.570622,17.137426,17.52137,19.201408,14.545504,11.447381,15.096419,13.23046,11.410849,17.356228,17.521282,14.816032,15.023143,20.672615,18.108665,23.165026,22.714556,19.900866,24.182726,21.284155,22.873558,25.478567,22.219608,19.627663,15.931635,20.834106,16.055016,21.636143,21.177912,24.797401,25.50392,29.832731,30.2973,30.317085,32.588585,30.145449,29.94576,27.581076,28.285496,24.791176,26.144342,26.222523,24.077541,23.346518,20.858696,19.270092,19.51229,16.848722,18.735943
