,0,1,2,3,4,5,6,7,8,9,10,11,12,13,14,15,16,17,18,19,20,21,22,23,24,25,26,27,28,29,30,31,32,33,34,35,36,37,38,39,40,41,42,43,44,45,46,47,48,49,50,51,52,53,54,55,56,57,58,59,60,61,62,63,64,65,66,67,68,69,70,71,72,73,74,75,76,77,78,79,80,81,82,83,84,85,86,87,88,89,90,91,92,93,94,95,96,97,98,99,100,101,102,103,104,105,106,107,108,109,110
0,0.0,4.0434604,6.433979,9.654174,12.321882,14.414788,17.552437,20.827438,23.829386,26.515196,29.908268,32.145477,34.973763,34.083313,31.801466,28.998116,26.974115,25.431667,22.914343,22.70443,19.21501,19.943823,15.087253,19.332464,21.984745,23.673412,26.563604,29.44522,30.620699,34.809307,31.923819,38.973682,36.380642,38.59896,35.452793,31.690395,30.985813,32.961414,29.772295,26.983393,27.348446,28.279274,25.44478,22.024271,24.576448,24.517519,20.42085,18.461876,21.052755,22.960419,26.700638,22.594753,26.395504,29.011145,29.43964,31.480896,29.392536,33.38411,35.19213,31.858223,32.95567,37.476845,40.53378,41.70621,37.289867,36.057693,41.13426,40.773052,36.0169,39.09378,41.606503,39.553917,35.77079,39.66726,35.631325,39.070267,36.081985,32.194206,32.41532,27.7583,25.625626,23.45177,21.196165,23.4002,25.145464,27.830008,29.18749,34.563904,35.831516,39.38839,39.97367,41.13526,44.087517,46.954243,48.189213,49.36576,47.594387,46.43486,41.94798,40.757473,37.751926,35.48898,31.933329,29.260073,31.118853,33.73058,35.164677,37.03796,39.595825,40.782665,43.99854
1,4.0434604,0.0,5.189757,6.085806,9.182956,12.364975,14.356794,18.390747,20.998074,23.959133,27.296677,29.5685,32.124977,31.174137,28.47594,25.587618,23.462854,21.687038,19.291029,18.718447,15.291794,16.083492,11.571685,15.708377,18.140959,20.010487,22.702827,25.749876,26.941357,31.20365,28.504929,35.58753,33.467857,35.68258,32.25942,28.479166,28.155128,30.099533,26.561094,23.788975,24.674442,25.218271,22.073015,19.071663,21.999306,21.370481,16.958944,15.889642,18.662687,20.869959,24.065208,19.753363,24.09108,26.594322,26.580162,28.23647,25.992146,29.878212,32.02982,28.925161,29.514147,34.16078,37.110344,38.528427,34.231255,32.78109,37.712006,37.30171,32.442467,35.42731,37.875565,35.817745,31.947155,35.764927,31.832287,35.245014,32.21012,28.426086,28.657383,24.127367,21.959911,20.069118,17.443388,19.478931,21.23211,23.850595,25.220966,30.559996,31.83526,35.40383,36.00452,37.114468,40.066536,42.957653,44.16258,45.323154,43.560825,42.418785,37.923553,36.744183,33.77336,31.48452,27.999659,25.3865,27.296118,29.823202,31.440084,33.108696,35.79229,36.934624,40.23937
2,6.433979,5.189757,0.0,5.469737,6.8192945,7.989603,11.723928,14.493607,17.580828,20.193972,23.536198,25.82283,28.72365,27.995028,26.199574,23.259703,21.624866,20.375128,18.36169,18.859493,16.129774,17.89855,14.082137,16.011166,18.225143,19.198277,21.940228,24.403303,25.313185,29.372879,26.18941,33.137955,30.134935,32.50236,29.665112,25.788147,24.894926,27.270994,24.341715,21.286232,21.667416,23.5069,20.560581,16.723238,19.796051,20.836956,16.46035,14.200947,17.894169,19.087782,22.822964,20.174898,23.883976,25.735104,26.54924,28.484642,25.676302,29.800648,31.850153,27.853748,28.41997,33.14811,35.934784,37.1676,32.461803,30.94866,36.03973,35.41097,30.903399,34.59577,36.75056,34.44594,31.13547,35.55313,31.565086,35.52422,32.888687,28.932022,30.091204,25.304508,23.851624,22.631693,19.73524,20.914867,21.62944,25.173586,25.175406,30.997396,31.732252,35.28825,35.56262,37.185757,40.15655,42.682037,44.243073,45.742054,44.15033,43.57994,38.964806,37.799866,35.330456,32.542374,29.659391,27.28426,28.66212,30.920553,31.914595,33.303238,35.58911,36.33636,39.379623
3,9.654174,6.085806,5.469737,0.0,3.890348,7.9015055,8.423908,13.193959,15.194321,18.524565,21.641085,24.064396,26.381157,25.5828,22.892908,19.64248,17.83764,15.8723345,14.312689,13.729701,11.256005,13.097207,10.34993,11.979832,13.5781355,15.049962,17.213886,20.175943,21.033487,25.371464,22.423573,29.507694,27.519653,29.721193,26.240614,22.41451,22.26803,24.347511,20.690952,17.792976,19.105364,19.861593,16.403133,13.493167,17.07204,16.7481,11.886563,11.466454,15.107674,17.002506,19.666803,16.386526,20.928576,22.751305,22.711763,24.03368,21.149271,25.073196,27.59407,24.172792,24.058197,28.924784,31.636263,33.234528,28.829071,27.06453,31.931746,31.35156,26.566906,29.90202,32.11648,29.927462,26.282564,30.443731,26.547432,30.346033,27.576702,23.757917,24.787071,20.203314,18.67018,17.825083,14.547349,15.491148,16.302908,19.705181,19.942883,25.644848,26.560282,30.118357,30.577358,32.055054,34.941013,37.6325,39.10842,40.473236,38.914116,38.18944,33.544144,32.504883,29.89459,27.293356,24.452534,22.195084,23.832687,25.938856,27.473175,28.442585,31.091908,31.782114,35.072113
4,12.321882,9.182956,6.8192945,3.890348,0.0,5.4006815,5.457096,9.572964,12.070164,14.926781,18.31361,20.48522,22.955488,22.018543,19.624334,16.710405,14.860397,13.668534,11.755744,12.61305,10.581991,13.188046,11.138365,10.442402,11.987462,12.591935,15.225612,17.584219,18.642231,22.64535,19.973286,26.93729,24.55387,27.232334,24.119322,19.994032,19.853653,22.63842,19.181948,15.8473015,17.564085,19.339724,15.613843,12.557584,16.817783,17.419426,12.386439,12.175998,16.527885,17.7222,20.198631,18.171492,22.517643,23.704426,23.867985,24.91378,21.453438,25.302553,28.16595,24.365189,23.459778,28.548569,30.88694,32.67487,28.07698,25.887054,30.621738,29.627872,25.086294,29.046183,30.728802,28.132996,25.023598,29.604334,25.994312,30.158201,27.620049,24.002352,25.605942,21.287699,20.13998,20.02857,16.274744,16.33037,16.326681,20.01889,19.135447,25.08665,25.406149,29.030012,28.993814,30.688202,33.822556,36.143436,37.730316,39.41035,37.812294,37.643013,33.085354,31.7592,29.835644,26.545689,24.177961,22.08876,23.026949,24.979063,25.76823,26.800896,28.995499,29.574648,32.606365
5,14.414788,12.364975,7.989603,7.9015055,5.4006815,0.0,6.0843816,6.9746275,9.991257,12.557124,15.659839,18.134577,21.101141,20.758549,19.91482,16.679441,16.01006,15.310466,14.704475,16.220892,15.283761,18.21533,16.527912,14.952255,15.943643,15.564586,17.590773,19.16639,19.43647,23.172997,19.414711,26.06036,22.391441,24.942379,22.65399,18.672462,17.41575,20.459402,18.105734,14.688969,15.067082,18.499493,15.603042,11.322942,15.104151,17.943249,13.773635,11.450485,16.263529,16.136312,19.40079,19.286762,22.445412,23.011541,24.323767,25.976227,22.281458,26.35543,28.639328,23.847435,23.54713,28.397139,30.687096,31.967897,26.944016,25.030083,30.02748,29.006508,25.016113,29.570662,31.140015,28.523685,26.06271,31.135878,27.34098,31.923319,29.929218,26.057735,28.507895,23.85931,23.502785,23.62,20.316164,19.957005,19.011934,23.551369,21.47544,27.638325,27.551348,30.949522,30.78674,33.089016,35.94805,37.929935,39.96087,41.870716,40.60759,40.846443,36.16629,35.14283,33.463615,30.140974,28.37993,26.596502,27.282831,28.87236,29.275562,29.775593,31.622355,31.619001,34.35055
6,17.552437,14.356794,11.723928,8.423908,5.457096,6.0843816,0.0,6.1772585,6.977178,10.558728,13.437486,15.897044,17.99652,17.38703,15.212703,11.605787,10.614355,9.291574,9.468067,10.503733,10.67846,13.959114,14.0981865,10.876461,10.689427,10.221226,11.546229,13.440951,13.768521,17.815926,14.591434,21.535791,19.220196,21.86089,18.749615,14.553049,14.61426,17.650858,14.211456,10.652828,13.036573,15.322492,11.434205,8.751279,13.628281,14.903168,10.224068,10.84412,15.437321,15.93698,17.519709,17.17478,21.126608,21.413698,21.641918,22.292164,18.24581,21.925755,25.032303,20.939089,19.173225,24.35898,26.33166,28.25587,23.584297,21.0354,25.634693,24.421286,20.098768,24.544859,25.88458,23.142551,20.486347,25.47988,21.997112,26.556898,24.49916,20.991066,23.539421,19.453121,19.226816,20.174955,16.40045,15.170503,13.7310095,18.166767,15.6198845,21.771278,21.551369,25.024935,24.805733,27.014793,29.946056,31.96693,33.911694,35.80829,34.52412,34.835545,30.199598,29.144466,27.68454,24.224073,22.808338,21.313698,21.884575,23.169655,23.828096,23.846825,25.917507,25.817951,28.764357
7,20.827438,18.390747,14.493607,13.193959,9.572964,6.9746275,6.1772585,0.0,4.826658,5.7057652,9.368217,11.329683,14.386491,13.870647,13.792298,11.248497,11.11667,12.0549,11.950919,15.164537,15.58616,18.993828,18.890846,14.59299,14.637599,12.711168,14.495418,14.589307,14.886488,17.670452,14.607135,20.618143,16.535107,20.031096,18.408106,14.053019,13.186788,17.545418,15.590723,11.761081,13.417365,17.998686,14.86712,11.72321,16.120289,19.397058,15.519519,14.863664,19.670778,18.95226,20.909807,22.28473,25.33731,24.91781,25.984818,26.785917,22.431261,25.94826,28.874018,24.064817,22.031603,27.003633,28.439829,30.187346,25.210835,22.457748,26.811396,25.03109,21.664368,27.026094,27.538506,24.311804,22.95687,28.431114,25.392574,30.29833,28.777857,25.536245,28.705011,24.857103,25.051105,26.256413,22.484552,20.923317,18.875927,23.361143,19.649244,25.648703,24.563162,27.836699,26.86925,29.492813,32.569798,33.866974,36.059147,38.417828,37.197716,38.326992,33.92636,32.597263,32.05339,27.924152,27.160185,25.881859,25.564642,26.619545,26.003645,26.169752,27.246996,26.840118,29.066761
8,23.829386,20.998074,17.580828,15.194321,12.070164,9.991257,6.977178,4.826658,0.0,4.885548,6.574691,9.57134,11.660509,11.903312,11.796616,7.8247404,9.346568,9.499448,11.9946,14.053085,15.931002,19.355598,20.513744,15.772743,14.556208,12.518222,12.371531,12.296295,11.304904,14.35149,10.082037,16.249825,12.6010685,15.636003,13.616962,9.284223,8.667407,13.007852,10.998913,7.203785,9.546203,14.106001,11.207441,8.999849,13.258492,16.59529,13.533501,13.665181,18.006504,17.020138,17.937681,20.339127,23.020624,22.00702,22.944101,23.410374,18.873232,22.111414,25.063414,20.278372,17.698683,22.565168,23.78218,25.582182,20.677727,17.742498,22.009266,20.245495,16.99339,22.508818,22.970222,19.878956,18.738182,24.343807,21.317595,26.355965,25.25439,22.105627,25.85026,22.23781,23.118727,24.920856,21.462599,19.24588,16.357243,21.176805,16.538836,22.367382,21.094086,24.078478,23.281843,26.312551,28.930613,30.160278,32.663853,35.004436,34.172066,35.39848,30.897034,30.0831,29.558693,25.797956,25.691797,24.902884,24.722649,25.2057,25.07012,24.080921,25.398914,24.307732,26.65461
9,26.515196,23.959133,20.193972,18.524565,14.926781,12.557124,10.558728,5.7057652,4.885548,0.0,4.3024783,5.63641,8.797402,8.588655,10.33353,8.599343,9.956044,12.16645,13.319392,16.980219,18.584063,22.018124,23.015045,17.521885,16.653963,13.81246,14.542525,13.093731,12.836719,14.289182,11.663099,16.371607,11.626167,15.903293,15.281447,11.078336,10.446544,15.637617,14.590739,11.117337,13.263294,18.43772,15.764837,13.816314,17.779207,21.409636,18.329853,18.3764,22.804403,21.567749,22.575043,25.222027,27.816545,26.613935,27.6621,27.94174,23.328802,26.250294,29.357876,24.58857,21.484873,26.163107,26.819803,28.747114,23.960546,20.736708,24.34809,21.986252,19.551828,25.442442,25.030329,21.452198,21.346197,26.990925,24.63949,29.670921,28.756147,26.06865,29.842716,26.648367,27.427223,29.343893,25.599188,23.279707,20.416948,24.769848,19.817102,25.289146,23.381458,26.27158,24.708544,27.730783,30.696222,31.314009,33.76361,36.46508,35.478718,37.355667,33.223392,31.904194,32.23195,27.780228,28.00731,27.282526,26.31754,26.743626,25.46009,24.94676,25.339,24.282465,25.946081
10,29.908268,27.296677,23.536198,21.641085,18.31361,15.659839,13.437486,9.368217,6.574691,4.3024783,0.0,3.8841858,6.099918,7.62947,10.866865,8.653917,11.645718,13.39072,16.143867,19.001266,21.409046,24.800358,26.38127,20.813787,19.313778,16.475105,15.870747,14.034828,12.537972,13.424204,9.7821865,13.299867,7.605133,11.828846,12.069243,8.527789,7.3917074,12.746825,12.832491,10.133193,11.76127,17.264881,15.453931,14.141141,17.26666,21.400873,19.292763,19.32101,23.269306,21.518454,21.924908,25.740482,27.639908,25.820602,27.108864,27.292072,22.683079,25.25523,28.075699,23.18466,19.906023,24.088686,24.352858,26.073624,21.37785,18.175951,21.444956,18.979284,17.358105,23.452215,22.738647,19.31241,19.989347,25.66928,23.491583,28.57201,28.237692,25.705605,30.008953,27.023489,28.410799,30.683283,27.308025,24.62383,21.189394,25.721754,20.068808,25.11066,22.920252,25.329756,23.794563,27.271019,29.702742,30.00621,32.82683,35.592052,35.046375,37.1789,33.065018,32.220795,32.702255,28.5887,29.441229,29.12164,28.20116,28.14112,27.058872,25.598804,25.934362,24.146976,25.607014
11,32.145477,29.5685,25.82283,24.064396,20.48522,18.134577,15.897044,11.329683,9.57134,5.63641,3.8841858,0.0,4.016472,4.832753,9.794375,9.736047,12.159577,15.05537,16.87646,20.602785,22.8689,26.194513,27.839235,21.757902,20.392351,17.137104,17.053486,14.383065,13.636208,13.208427,11.617117,13.77146,8.248343,13.358599,14.326808,11.064678,10.736894,15.990791,16.10089,13.508417,15.584945,20.824463,18.788542,17.77901,21.098412,24.892212,22.525433,22.922058,26.971216,25.358953,25.678045,29.241474,31.381474,29.581861,30.644312,30.52193,25.874584,28.168251,31.289934,26.689386,22.843391,26.969574,26.812004,28.807552,24.404537,20.926899,23.522495,20.613008,19.46769,25.577646,24.177742,20.390242,21.709017,27.235992,25.67503,30.625942,30.323837,28.227371,32.402008,29.828548,31.04232,33.438118,29.791351,27.00478,23.66262,27.719528,21.991783,26.68274,24.067307,26.41983,24.277939,27.590141,30.342573,30.182451,32.843964,35.859303,35.133175,37.74776,33.994007,32.701107,33.865715,29.236376,30.33599,30.090979,28.58344,28.45223,26.53687,25.44284,25.05271,23.354807,24.24205
12,34.973763,32.124977,28.72365,26.381157,22.955488,21.101141,17.99652,14.386491,11.660509,8.797402,6.099918,4.016472,0.0,3.5404823,8.772979,9.170363,12.264585,15.030798,17.726635,20.917286,23.841438,27.008144,29.398022,23.033146,21.063488,17.78572,16.70244,13.534094,12.221599,10.707815,9.927955,10.340633,5.7605076,11.1580925,12.350075,9.824885,10.587406,15.298387,15.519802,13.644312,16.249273,20.693419,18.882566,18.923761,21.963762,25.19071,23.304174,24.454199,28.090078,26.564825,26.06638,29.878777,31.928755,29.839056,30.525131,29.896215,25.307938,27.027943,30.313608,26.204376,21.599335,25.385706,24.676767,26.935715,23.014874,19.249798,21.021534,17.78203,17.278866,23.294125,21.287628,17.414312,19.515512,24.809042,23.832052,28.602041,28.673271,27.076405,31.419672,29.425756,30.93683,33.735855,30.233055,27.071835,23.420044,27.137264,20.983835,24.984411,21.991426,23.940441,21.560238,25.041204,27.53711,27.004906,29.801811,32.91324,32.41639,35.35602,31.819126,30.698973,32.273697,27.755192,29.478308,29.645115,27.977133,27.371092,25.48008,23.639456,23.063227,20.81505,21.461695
13,34.083313,31.174137,27.995028,25.5828,22.018543,20.758549,17.38703,13.870647,11.903312,8.588655,7.62947,4.832753,3.5404823,0.0,6.2474227,8.528464,10.451155,14.102038,15.652824,19.55998,22.155502,25.228617,27.5885,20.93927,19.17291,15.677394,15.345884,11.804267,11.6897335,9.799371,10.963706,12.119642,9.039719,14.371962,14.756741,11.638272,13.010293,17.850548,17.185621,14.852538,18.167082,22.255407,19.768959,19.829266,23.459631,26.07401,23.565,25.16561,29.034718,27.939587,27.557808,30.540602,33.181534,31.451403,31.74938,30.913769,26.28553,28.02936,31.738811,27.931255,23.009224,27.162792,26.532911,29.152805,25.310646,21.325512,23.080545,19.754261,18.7033,24.55312,22.459154,18.295422,20.050026,25.219702,24.471361,29.123547,28.815422,27.40741,31.345098,29.544044,30.631548,33.373455,29.540152,26.450392,23.13176,26.401054,20.583813,24.595947,21.53988,23.798368,21.071302,24.123018,27.188568,26.678616,29.097883,32.28274,31.368206,34.380543,31.028818,29.353708,31.231539,26.219713,27.778507,27.821407,25.775797,25.337856,22.885685,21.727537,20.803307,19.0738,19.626665
14,31.801466,28.47594,26.199574,22.892908,19.624334,19.91482,15.212703,13.792298,11.796616,10.33353,10.866865,9.794375,8.772979,6.2474227,0.0,5.5615926,5.473021,9.5927105,10.672022,14.372765,17.180809,19.944246,23.012852,16.14319,13.885446,10.441511,9.919521,5.9509907,7.490814,5.97985,9.679203,12.556154,12.469123,16.992632,15.322186,11.718546,14.538585,18.731483,16.344254,13.902483,18.558762,21.01314,17.626108,18.581556,22.76213,23.661371,20.648596,23.613811,27.27966,27.099205,26.240177,27.834469,31.334387,30.119936,29.442738,28.023626,23.522667,25.041475,29.417402,26.511044,20.952934,25.54675,25.121376,28.365025,24.878622,20.606731,22.342873,19.20148,16.933716,22.149313,20.309841,16.019434,16.676943,21.51036,20.971407,25.31769,24.43789,23.374748,26.684317,25.386269,26.022337,28.875145,24.830162,21.655043,18.706057,21.153666,15.811232,19.658058,16.72397,19.46798,16.696724,19.1748,22.8388,22.86519,24.814941,27.824068,26.45731,29.11386,25.75567,23.672052,25.539083,20.233393,21.64664,21.708513,19.538853,19.121996,16.858717,15.865046,15.401488,14.2526655,15.67749
15,28.998116,25.587618,23.259703,19.64248,16.710405,16.679441,11.605787,11.248497,7.8247404,8.599343,8.653917,9.736047,9.170363,8.528464,5.5615926,0.0,4.4334884,5.8948016,9.946919,11.883747,15.321671,18.352398,21.416548,15.293447,12.618586,9.883497,7.7097163,5.651478,4.278608,6.5974436,5.3308697,10.977767,10.593979,14.131629,11.328369,7.145462,10.086105,13.894874,10.984335,8.394122,13.295408,15.493929,12.152795,13.242584,17.26594,18.308647,15.649561,18.494854,21.954147,21.674833,20.690601,22.666374,25.87858,24.580599,24.108992,23.01842,18.414085,20.34179,24.41153,21.120264,16.02049,20.850069,20.984562,23.915777,20.034637,15.978127,18.666496,16.082966,12.975671,18.457369,17.654873,13.833988,13.457561,18.890625,17.229588,22.02065,21.156672,19.299526,23.074078,21.059835,22.117132,24.932201,21.259762,18.039814,14.608124,18.153944,12.394405,17.191288,14.902013,17.777222,16.149483,19.187769,22.119999,22.902618,25.300697,27.90461,26.998373,28.867249,24.787231,23.658836,24.261295,19.940092,20.992672,20.96042,19.960943,19.624365,19.092186,17.182594,18.174677,16.626642,18.946566
16,26.974115,23.462854,21.624866,17.83764,14.860397,16.01006,10.614355,11.11667,9.346568,9.956044,11.645718,12.159577,12.264585,10.451155,5.473021,4.4334884,0.0,4.770777,5.83831,9.19259,11.96053,14.914567,17.9475,11.373157,8.892871,5.704966,5.4367003,3.5834663,6.03655,8.259946,9.449762,14.861269,14.796487,18.560125,15.595309,11.418997,14.11077,17.855219,14.315468,11.396604,16.377064,18.05278,13.9765005,14.7855625,19.38726,19.50191,15.86601,19.225405,22.906397,23.294886,22.662815,23.205423,27.227404,26.565529,25.624203,24.404467,19.973701,22.00162,26.436878,23.598106,18.615221,23.705658,24.091629,27.251825,23.515882,19.53206,22.222631,19.767992,16.181171,21.006702,20.372213,16.551712,15.403469,20.322197,18.82179,23.240181,21.684025,19.985813,22.894342,21.03912,21.26924,23.816645,19.632618,16.707249,14.134167,16.879152,12.239892,17.135723,15.16168,18.54855,16.762625,18.940447,22.617393,23.67865,25.461945,27.978842,26.463242,28.102625,24.18592,22.288046,22.956896,18.008669,18.394014,17.957441,16.622406,16.813694,15.876286,15.248785,16.25548,15.811112,18.347162
17,25.431667,21.687038,20.375128,15.8723345,13.668534,15.310466,9.291574,12.0549,9.499448,12.16645,13.39072,15.05537,15.030798,14.102038,9.5927105,5.8948016,4.770777,0.0,6.6037297,6.1378856,10.068968,12.917985,16.471727,11.0388155,7.784408,6.453236,3.0600946,5.247413,5.3544455,9.834364,8.751519,15.192528,15.936285,18.499355,14.423655,10.598801,13.423377,15.980482,11.522103,9.016636,14.190355,14.361069,9.979921,11.657184,16.060808,15.075089,11.581879,15.810307,18.957893,19.789558,18.675293,18.731472,22.91437,22.43739,21.090948,19.78676,15.451577,17.625051,22.080393,19.561426,14.812441,20.065525,20.971182,24.065647,20.419537,16.732765,19.895123,18.126566,13.673365,17.890354,18.2651,15.118129,12.58358,17.441479,15.129347,19.584694,17.773508,15.570121,18.52207,16.324245,16.741234,19.40712,15.507113,12.370319,9.458311,12.843489,8.18139,13.836868,12.731889,16.266788,15.595278,17.841724,20.935831,22.763098,24.671236,26.718048,25.490488,26.31343,21.872782,20.755613,20.258966,16.317749,16.361624,15.948076,15.819028,15.963579,16.84412,15.29445,17.606009,16.94701,20.195091
18,22.914343,19.291029,18.36169,14.312689,11.755744,14.704475,9.468067,11.950919,11.9946,13.319392,16.143867,16.87646,17.726635,15.652824,10.672022,9.946919,5.83831,6.6037297,0.0,6.1498036,6.8150845,9.730555,12.34917,5.5580087,3.818985,0.92154026,6.062241,7.4000707,10.657556,13.455113,14.526697,20.435472,20.367006,23.90944,20.497879,16.286457,18.5381,21.908968,17.734488,14.646162,19.271065,20.187,15.591386,15.859987,20.761557,19.779938,15.148432,18.796291,22.509151,23.763056,23.683226,22.350994,27.219921,27.454426,26.089323,25.021395,21.011013,23.366133,27.864473,25.43673,21.219648,26.504305,27.499493,30.63093,26.924227,23.314234,26.416443,24.435974,20.17205,24.16885,24.28239,20.876215,18.531946,22.790777,20.941721,24.868961,22.450533,20.547018,22.257233,20.194183,19.300274,21.145067,16.500807,14.413176,13.377209,15.289739,12.942145,17.965345,17.046326,20.826208,19.571846,20.758673,24.782614,26.506186,27.651983,29.748474,27.702782,28.51105,24.603483,22.220581,22.147501,17.194008,16.029142,14.686403,13.725191,15.061529,14.596115,15.731442,17.352522,18.257826,21.170544
19,22.70443,18.718447,18.859493,13.729701,12.61305,16.220892,10.503733,15.164537,14.053085,16.980219,19.001266,20.602785,20.917286,19.55998,14.372765,11.883747,9.19259,6.1378856,6.1498036,0.0,4.819774,7.001676,11.384058,7.2710714,3.7621768,5.9152575,5.0520835,9.125801,10.744917,14.776488,14.660799,20.875225,22.070599,24.419182,19.975187,16.457119,19.025873,20.980495,16.048824,13.861769,18.451912,17.264582,12.654087,14.193809,18.487436,15.56107,11.24787,16.38918,19.061747,21.0991,20.179663,17.728472,22.971853,23.549429,21.318617,19.840399,16.315603,18.460022,23.060102,21.577032,17.593596,22.722206,24.15019,27.300291,24.081865,20.875587,24.038258,22.807009,17.88691,20.662207,21.750666,19.197428,15.486678,19.03821,16.655153,20.129972,17.254099,15.125622,16.309687,14.271949,13.211873,15.334432,10.835841,8.338912,7.7168837,9.338457,8.322709,13.4414625,13.75725,17.561586,17.547384,18.507727,21.869041,24.4623,25.586761,27.064634,25.30434,25.079851,20.670908,19.156645,17.643742,14.006312,12.312054,11.045542,11.925107,13.047399,15.18601,14.887448,18.059706,18.649279,22.330488
20,19.21501,15.291794,16.129774,11.256005,10.581991,15.283761,10.67846,15.58616,15.931002,18.584063,21.409046,22.8689,23.841438,22.155502,17.180809,15.321671,11.96053,10.068968,6.8150845,4.819774,0.0,3.4593022,6.6565237,3.7859266,3.5547879,6.9591084,9.272516,12.699059,15.034855,18.767855,18.785887,25.196413,25.614025,28.324718,24.146318,20.316132,22.33228,24.633823,19.859638,17.252916,21.28207,20.5904,15.992363,16.320395,20.757034,18.022617,13.06531,17.285769,20.230064,22.596737,22.621054,19.108881,24.694843,25.906998,23.882051,22.94055,19.76565,22.282757,26.547907,24.898737,21.786226,26.917507,28.649214,31.582584,28.152397,25.193863,28.671707,27.48696,22.552746,25.31899,26.564104,23.987667,20.285614,23.647928,21.169716,24.376663,21.188902,18.914165,19.240088,16.855827,14.799089,15.734629,10.927059,10.127891,11.214043,12.165084,12.917609,17.648949,18.273727,22.075096,21.990536,22.493351,26.106264,28.750292,29.519691,30.887878,28.763971,28.241474,24.105267,22.113043,20.387386,16.743862,13.8461485,11.599146,12.613517,14.804269,16.492538,17.851871,20.702177,22.084654,25.573177
21,19.943823,16.083492,17.89855,13.097207,13.188046,18.21533,13.959114,18.993828,19.355598,22.018124,24.800358,26.194513,27.008144,25.228617,19.944246,18.352398,14.914567,12.917985,9.730555,7.001676,3.4593022,0.0,5.732569,5.8662806,6.085041,9.693521,11.615413,15.126301,17.569925,21.140272,21.600807,27.793701,28.727333,31.289433,26.899984,23.282255,25.482924,27.473234,22.536383,20.228258,24.240986,22.881746,18.405897,19.090874,23.227627,19.653008,14.973878,19.49544,21.902956,24.709553,24.52006,20.109943,25.932713,27.496138,24.968384,23.762384,21.108189,23.289707,27.5917,26.63686,23.60667,28.519503,30.29756,33.328518,30.25825,27.418798,30.665104,29.651093,24.635334,26.742588,28.132732,25.815264,21.815393,24.476381,22.23001,24.818462,21.310589,19.408674,18.771929,16.950144,14.214842,14.782424,10.095398,10.031819,12.263269,11.734644,14.122533,17.956537,19.073965,22.760044,22.922667,22.81678,26.410791,29.313936,29.676786,30.726166,28.393696,27.360804,23.453148,21.313871,19.19939,15.983253,12.2691765,9.571102,11.258691,13.871017,16.241114,18.026817,21.166069,22.991753,26.587969
22,15.087253,11.571685,14.082137,10.34993,11.138365,16.527912,14.0981865,18.890846,20.513744,23.015045,26.38127,27.839235,29.398022,27.5885,23.012852,21.416548,17.9475,16.471727,12.34917,11.384058,6.6565237,5.732569,0.0,7.050877,9.75584,12.693051,15.9052305,19.099092,21.585688,25.246758,25.055862,31.654964,31.456455,34.24987,30.208439,26.277828,27.71659,30.02439,25.411825,22.67876,25.915049,25.359741,21.032404,20.359951,24.478203,21.75029,16.70202,19.64191,22.396856,25.18416,26.169565,21.385115,27.091537,29.110954,27.264061,26.94285,24.384403,27.189991,30.937395,29.30628,27.314978,32.307533,34.45662,37.08293,33.543175,31.005005,34.824596,33.86677,28.836302,31.353933,32.97757,30.57315,26.656885,29.71624,27.00974,29.838242,26.346611,23.88375,23.258768,20.566101,17.612318,16.96872,12.714998,13.939953,16.381783,16.758434,19.049454,23.394583,24.51464,28.24051,28.359985,28.455301,32.06948,34.910717,35.350567,36.45446,34.081726,33.013584,29.133362,26.976137,24.730808,21.659214,17.756762,14.859975,16.326782,19.241209,20.829752,23.368622,26.063797,28.045885,31.405584
23,19.332464,15.708377,16.011166,11.979832,10.442402,14.952255,10.876461,14.59299,15.772743,17.521885,20.813787,21.757902,23.033146,20.93927,16.14319,15.293447,11.373157,11.0388155,5.5580087,7.2710714,3.7859266,5.8662806,7.050877,0.0,3.9903898,5.900663,10.27086,12.6435795,15.740309,18.825768,19.558998,25.764511,25.611689,28.939701,25.266632,21.108097,22.987831,25.99763,21.554249,18.518778,22.589834,22.914944,18.264406,18.025984,22.789753,20.99004,15.874399,19.355421,22.848001,24.820591,25.275148,22.314077,27.725767,28.77395,27.142992,26.337416,22.889141,25.46887,29.778952,27.70713,24.368088,29.621912,31.117245,34.104977,30.448969,27.245869,30.659794,29.08277,24.43317,27.766592,28.500359,25.484306,22.390617,26.062662,23.907003,27.326588,24.309462,22.221754,22.794033,20.522884,18.578989,19.457638,14.659846,13.868475,14.536992,15.565305,15.546266,20.279402,20.298704,24.146883,23.423292,23.920422,27.955406,30.17915,30.86793,32.542244,30.18297,30.183294,26.357864,23.79391,22.887642,18.447416,15.795407,13.52543,13.369488,15.766087,16.013971,18.390985,20.440844,22.1642,25.244194
24,21.984745,18.140959,18.225143,13.5781355,11.987462,15.943643,10.689427,14.637599,14.556208,16.653963,19.313778,20.392351,21.063488,19.17291,13.885446,12.618586,8.892871,7.784408,3.818985,3.7621768,3.5547879,6.085041,9.75584,3.9903898,0.0,3.6666522,6.5019827,9.409436,12.293216,15.578703,16.45768,22.508324,23.151258,26.178625,22.205051,18.29733,20.701677,23.380163,18.730286,16.042337,20.60623,20.357317,15.678022,16.412516,21.069208,18.837582,14.126576,18.512487,21.696848,23.603418,23.274559,20.780382,26.089304,26.77459,24.826069,23.547775,19.976574,22.20225,26.77915,25.023844,21.05158,26.250109,27.523693,30.71227,27.318611,23.948017,27.053156,25.472824,20.806286,23.978182,24.607195,21.649115,18.490677,22.110868,20.126287,23.566383,20.687178,18.826363,19.743505,17.856361,16.391495,18.04819,13.304379,11.519541,11.455937,12.491438,11.735839,16.450579,16.328106,20.178429,19.519852,20.176199,24.084293,26.343359,27.188835,28.877422,26.718405,26.823092,22.828074,20.528908,19.708914,15.23887,13.21651,11.489451,11.369562,13.132856,13.983251,15.203008,17.668259,18.935873,22.278837
25,23.673412,20.010487,19.198277,15.049962,12.591935,15.564586,10.221226,12.711168,12.518222,13.81246,16.475105,17.137104,17.78572,15.677394,10.441511,9.883497,5.704966,6.453236,0.92154026,5.9152575,6.9591084,9.693521,12.693051,5.900663,3.6666522,0.0,5.515496,6.836425,10.278232,12.969974,14.388062,20.148073,20.389194,23.897465,20.418655,16.293724,18.739029,22.027897,17.795658,14.832742,19.595737,20.314913,15.721013,16.271957,21.119417,19.937197,15.4133,19.297337,22.893562,24.191887,23.917225,22.567942,27.459543,27.656971,26.149193,24.916637,20.932463,23.133774,27.73179,25.478113,21.058794,26.307112,27.211159,30.438684,26.853268,23.179274,26.124271,24.11351,19.864471,23.758461,23.782446,20.366484,18.033386,22.183943,20.491909,24.338165,21.919899,20.18264,21.849096,20.002388,19.125904,21.100237,16.467825,14.247507,13.175564,14.847403,12.464534,17.311777,16.331226,20.110178,18.79853,19.903572,23.981728,25.695112,26.787333,28.885288,26.807924,27.650427,23.79186,21.346577,21.390465,16.34491,15.292927,14.050005,12.961884,14.207245,13.742641,14.811122,16.468727,17.406122,20.365488
26,26.563604,22.702827,21.940228,17.213886,15.225612,17.590773,11.546229,14.495418,12.371531,14.542525,15.870747,17.053486,16.70244,15.345884,9.919521,7.7097163,5.4367003,3.0600946,6.062241,5.0520835,9.272516,11.615413,15.9052305,10.27086,6.5019827,5.515496,0.0,4.291687,6.0114026,9.727451,10.609238,16.270002,17.941307,20.574183,16.41995,12.922597,16.150835,18.520912,13.955445,11.85844,17.104338,16.635319,12.267258,14.41227,18.692673,16.81868,13.320952,18.160397,21.025059,22.250935,20.839582,20.16309,24.693619,24.418024,22.49889,20.682127,16.643133,18.295885,23.123755,21.370333,16.179031,21.270689,21.947247,25.389685,22.220417,18.420973,20.995985,19.152102,14.723079,18.300272,18.398003,15.2207,12.535161,16.748652,15.083,19.044611,16.948082,15.409204,17.747568,16.349434,16.368507,19.202942,15.133218,11.879529,9.497028,11.501327,7.4047256,12.369615,11.208826,14.947492,14.05165,15.713931,19.241198,21.159628,22.676052,24.67717,23.131227,23.928541,19.683504,18.109085,17.924496,13.522561,13.6104355,13.321532,12.868445,12.931383,13.906776,12.476784,15.017374,14.79436,18.260048
27,29.44522,25.749876,24.403303,20.175943,17.584219,19.16639,13.440951,14.589307,12.296295,13.093731,14.034828,14.383065,13.534094,11.804267,5.9509907,5.651478,3.5834663,5.247413,7.4000707,9.125801,12.699059,15.126301,19.099092,12.6435795,9.409436,6.836425,4.291687,0.0,4.500607,6.2077947,9.311826,13.852555,15.5227375,18.846018,15.480177,11.952856,15.449057,18.525396,14.735233,12.58214,17.90496,18.515905,14.556969,16.486332,20.743296,19.930134,16.766087,20.976616,24.131794,24.771666,23.38375,23.750652,27.838627,27.084446,25.555225,23.698421,19.455479,20.81387,25.598463,23.54172,17.80477,22.665936,22.678791,26.234173,23.079506,18.895294,20.862232,18.335499,14.7876425,19.071505,18.068466,14.216143,13.10261,17.576511,16.75222,20.82894,19.350828,18.335749,21.120924,20.102974,20.46356,23.440908,19.423412,16.107363,13.399107,15.28286,10.372814,14.399731,12.049049,15.389399,13.353831,15.389306,19.193611,20.22819,21.901934,24.428766,22.895853,24.678818,20.905638,18.961008,20.051886,14.9888735,16.05797,16.14335,14.577287,14.171225,13.480195,11.933698,13.176145,12.481268,15.345852
28,30.620699,26.941357,25.313185,21.033487,18.642231,19.43647,13.768521,14.886488,11.304904,12.836719,12.537972,13.636208,12.221599,11.6897335,7.490814,4.278608,6.03655,5.3544455,10.657556,10.744917,15.034855,17.569925,21.585688,15.740309,12.293216,10.278232,6.0114026,4.500607,0.0,4.996821,5.2135725,10.265684,12.555466,15.015838,11.173567,8.080939,12.041637,14.46311,10.795867,9.369156,14.685328,14.984159,11.63771,14.275748,17.882736,17.412825,15.266227,19.316708,22.053226,22.27294,20.32862,21.820581,25.217363,23.93736,22.631033,20.778646,16.40032,17.602972,22.138119,19.876345,13.872697,18.578362,18.462448,21.907682,18.727966,14.469017,16.485235,14.027942,10.437147,15.219057,14.340961,10.583659,9.659012,14.838101,13.606175,18.15027,17.306976,16.018438,19.726355,18.505941,19.751099,23.021185,19.601568,15.970874,12.322735,15.158409,8.98174,13.114228,10.63623,13.524648,12.069966,15.141886,17.932932,18.992569,21.372408,23.81687,23.019524,24.73295,20.596851,19.754244,20.35042,16.348799,17.937399,18.389894,17.584352,16.718708,17.023497,14.008699,15.674352,13.7857685,16.669205
29,34.809307,31.20365,29.372879,25.371464,22.64535,23.172997,17.815926,17.670452,14.35149,14.289182,13.424204,13.208427,10.707815,9.799371,5.97985,6.5974436,8.259946,9.834364,13.455113,14.776488,18.767855,21.140272,25.246758,18.825768,15.578703,12.969974,9.727451,6.2077947,4.996821,0.0,7.3099604,8.548087,11.850116,14.928738,12.404233,10.148969,14.1353245,16.912756,14.372685,13.281036,18.20185,19.120562,16.297224,18.7873,22.207775,22.181955,20.251945,24.066628,26.874855,26.799604,24.76522,26.721909,29.880203,28.29404,27.060495,24.94275,20.704628,21.303644,25.820236,23.78633,17.345818,21.382473,20.365433,23.994915,21.309649,16.838924,17.529085,14.295676,12.341491,17.0388,14.639253,10.282263,11.624728,16.122087,16.322691,20.386137,20.090971,19.722532,23.359838,22.900784,24.180492,27.613543,24.15017,20.456245,16.95481,18.974545,12.922824,15.50109,12.034518,14.158431,11.312423,14.4416685,17.463894,17.362724,19.753119,22.736612,21.930035,24.720669,21.335752,20.029146,22.037088,17.470566,19.96222,20.809183,19.028027,17.669214,16.610044,13.370867,13.582642,10.977794,12.922888
30,31.923819,28.504929,26.18941,22.423573,19.973286,19.414711,14.591434,14.607135,10.082037,11.663099,9.7821865,11.617117,9.927955,10.963706,9.679203,5.3308697,9.449762,8.751519,14.526697,14.660799,18.785887,21.600807,25.055862,19.558998,16.45768,14.388062,10.609238,9.311826,5.2135725,7.3099604,0.0,7.1060967,8.236394,9.980064,6.2277064,3.068507,7.3638067,9.742415,7.357148,6.6282773,11.091479,12.513621,10.485151,12.762593,15.482407,16.700506,15.632695,18.406235,21.012285,20.279371,18.316109,21.641512,23.911724,21.905529,21.561878,20.303957,15.790304,17.193272,20.861584,17.594795,12.082554,16.359974,16.119566,18.932013,15.217561,11.002478,13.481327,10.948637,8.213547,14.160715,13.368797,9.960748,10.246273,15.897611,14.101351,19.055262,19.050407,17.23135,21.80833,19.970789,21.9771,25.153702,22.26971,18.7518,14.610315,18.505243,12.023495,16.06372,13.73092,15.767835,14.778194,18.574429,20.344213,21.05424,24.072954,26.522459,26.394655,28.218256,23.974522,23.923758,24.220243,20.970444,22.690699,23.168064,22.707476,21.783403,22.152206,18.795547,20.192621,17.626408,19.96827
31,38.973682,35.58753,33.137955,29.507694,26.93729,26.06036,21.535791,20.618143,16.249825,16.371607,13.299867,13.77146,10.340633,12.119642,12.556154,10.977767,14.861269,15.192528,20.435472,20.875225,25.196413,27.793701,31.654964,25.764511,22.508324,20.148073,16.270002,13.852555,10.265684,8.548087,7.1060967,0.0,7.2550735,7.73358,6.766908,7.9244075,11.061148,12.307055,12.301913,13.011786,16.089197,17.376375,16.650505,19.25107,21.006697,22.416374,22.27076,24.922338,27.052425,25.894009,23.322214,27.547565,29.059484,26.406073,26.097435,24.355877,20.349592,20.522306,23.811665,21.233955,15.281441,17.810675,15.940925,18.792322,16.347435,12.211719,11.8368635,8.1158495,9.217479,14.423758,11.494262,8.069916,11.863013,16.32146,16.298506,20.471796,21.643196,21.01959,25.780718,25.01584,27.466248,31.018986,28.457691,24.69129,20.447603,23.494455,16.853739,18.87364,15.674136,16.24461,14.498777,18.679361,19.589018,18.915295,22.40186,25.199797,25.735542,28.575863,25.08937,25.34692,26.790642,23.73065,26.61768,27.73171,26.696667,25.038713,24.794937,20.53707,20.941923,17.279097,18.479755
32,36.380642,33.467857,30.134935,27.519653,24.55387,22.391441,19.220196,16.535107,12.6010685,11.626167,7.605133,8.248343,5.7605076,9.039719,12.469123,10.593979,14.796487,15.936285,20.367006,22.070599,25.614025,28.727333,31.456455,25.611689,23.151258,20.389194,17.941307,15.5227375,12.555466,11.850116,8.236394,7.2550735,0.0,5.399785,7.605001,6.9500504,7.212642,10.706102,12.241733,11.694959,13.324346,17.407125,16.795197,17.413109,19.292572,22.842505,22.171576,23.105965,26.017153,24.068304,22.92153,27.840069,29.0055,26.355719,27.331127,26.788595,22.427635,23.854856,26.511482,22.298365,18.008001,21.04638,20.154688,21.942373,18.110975,14.667607,16.307152,13.345572,13.702464,19.661623,17.915947,14.76253,17.213327,22.428022,21.165636,25.926882,26.620087,24.890533,29.751492,27.707916,29.908358,32.875847,30.025793,26.716986,22.617176,26.73346,20.254143,23.895937,21.129671,22.49082,20.85222,24.86001,26.347017,25.944527,29.25433,32.104202,32.281094,34.93639,31.140327,30.984728,32.004185,28.449034,30.465952,30.918613,29.899557,28.956894,28.136787,25.144444,25.291113,22.34281,23.362185
33,38.59896,35.68258,32.50236,29.721193,27.232334,24.942379,21.86089,20.031096,15.636003,15.903293,11.828846,13.358599,11.1580925,14.371962,16.992632,14.131629,18.560125,18.499355,23.90944,24.419182,28.324718,31.289433,34.24987,28.939701,26.178625,23.897465,20.574183,18.846018,15.015838,14.928738,9.980064,7.73358,5.399785,0.0,5.444293,8.030195,7.648158,8.091982,11.282728,12.400476,12.700029,15.807939,16.620768,17.819695,18.312155,21.945036,22.560894,23.273882,25.297632,23.002087,21.150896,27.053862,27.24411,24.042301,25.28591,24.824625,20.917734,21.900833,23.735144,19.594528,15.896491,17.75484,16.60369,17.696297,14.172261,11.421692,12.638131,10.336167,11.97696,17.292906,15.940588,13.971054,16.606695,21.32872,19.874865,24.370726,25.720547,23.964247,29.169466,27.18735,29.996758,33.05522,30.900414,27.5598,23.232603,27.494205,21.043018,24.080944,21.667212,22.347202,21.50726,25.781797,26.240086,25.952864,29.62757,32.147625,32.960175,35.30619,31.38894,32.125683,32.64255,30.057177,32.29428,32.99476,32.519356,31.309391,31.343924,27.522219,28.21111,24.81686,26.061113
34,35.452793,32.25942,29.665112,26.240614,24.119322,22.65399,18.749615,18.408106,13.616962,15.281447,12.069243,14.326808,12.350075,14.756741,15.322186,11.328369,15.595309,14.423655,20.497879,19.975187,24.146318,26.899984,30.208439,25.266632,22.205051,20.418655,16.41995,15.480177,11.173567,12.404233,6.2277064,6.766908,7.605001,5.444293,0.0,4.5962443,6.302321,5.613313,6.625511,8.481189,10.082567,11.417784,11.872096,14.159759,14.888194,17.229992,17.94421,19.626263,21.35193,19.72054,17.190474,22.420109,23.13845,20.211147,20.68489,19.812275,15.772748,16.73226,19.10555,15.375692,10.771471,13.442293,12.756933,14.609434,10.811477,7.076003,9.441577,7.3968062,6.9828434,12.7245655,12.196523,10.274677,11.667169,16.686754,14.687914,19.406195,20.475069,18.549995,23.73943,21.801193,24.64946,27.820522,25.797396,22.378649,18.002125,22.22009,15.8686285,18.994583,16.97546,17.890108,17.654922,21.866686,22.306099,22.760866,26.331684,28.559397,29.266891,31.030186,26.786715,27.750044,27.696056,25.501822,27.543774,28.265387,28.229576,27.031647,27.860874,23.79294,25.252789,22.050732,24.06505
35,31.690395,28.479166,25.788147,22.41451,19.994032,18.672462,14.553049,14.053019,9.284223,11.078336,8.527789,11.064678,9.824885,11.638272,11.718546,7.145462,11.418997,10.598801,16.286457,16.457119,20.316132,23.282255,26.277828,21.108097,18.29733,16.293724,12.922597,11.952856,8.080939,10.148969,3.068507,7.9244075,6.9500504,8.030195,4.5962443,0.0,4.3710084,7.065562,5.849406,5.3266134,8.648414,11.202195,9.996633,11.543397,13.72252,16.151224,15.523795,17.300251,19.90797,18.605923,16.940144,21.175848,22.828352,20.53682,20.91205,20.243824,15.736899,17.516407,20.522371,16.474255,11.912085,15.9324875,15.960856,18.12452,13.874198,10.071256,13.2702055,11.098929,8.873483,14.95181,14.623923,11.768874,12.11709,17.740961,15.428917,20.481287,20.675377,18.387724,23.202991,20.821693,23.049387,25.995045,23.353174,20.059292,15.886758,20.343254,14.0560465,18.319979,16.313244,18.16206,17.513477,21.415337,22.84454,23.563362,26.748606,29.118689,29.193535,30.890446,26.529154,26.75536,26.714096,23.766754,25.271498,25.601168,25.386711,24.615376,25.069614,21.835173,23.238327,20.64434,22.851173
