,0,1,2,3,4,5,6,7,8,9,10,11,12,13,14,15,16,17,18,19,20,21,22,23,24,25,26,27,28,29,30,31,32,33,34,35,36,37,38,39,40,41,42,43,44,45,46,47,48,49,50,51,52,53,54,55,56,57,58,59,60,61,62,63,64,65,66,67,68,69,70,71,72,73,74,75,76,77,78,79,80,81,82,83,84,85,86,87,88,89,90,91,92,93,94,95,96,97,98,99,100,101,102,103,104,105,106,107,108,109
0,0.0,4.22958,6.279566,9.5494375,11.968099,13.851438,17.246017,20.520113,23.654026,25.63132,29.317276,31.023613,34.543114,35.477577,29.56404,28.434675,25.186157,24.700806,19.887867,21.529484,17.942337,17.30149,19.283636,23.19265,23.889378,23.902517,26.570126,28.841331,30.042833,33.369343,33.393322,40.438675,40.015533,42.81833,38.591007,34.985275,36.265537,38.18248,33.48811,31.104748,34.022484,32.74267,28.80323,28.19039,31.699707,28.093546,22.50866,26.252352,28.071024,31.419064,32.651344,26.176407,32.148895,34.89077,32.435497,31.864473,30.614767,32.811523,36.150803,35.994804,34.600983,38.872913,42.60123,44.511658,41.443634,39.63909,43.42474,43.001507,37.637753,38.811977,41.56039,40.056496,35.226677,36.60881,33.736057,33.895325,30.091959,28.466915,24.76476,24.067389,20.007116,17.412336,17.143772,20.0203,24.297596,21.242779,27.290394,27.347582,30.722458,32.708607,31.942015,34.58156,33.515865,34.64526,32.60711,36.02778,36.034748,37.38848,36.50925,40.865295,39.123165,42.961052,45.318214,45.05682,42.200138,42.020504,37.60661,37.149075,32.912357,32.331505
1,4.22958,0.0,5.279713,6.1794086,8.845859,11.819562,14.1026535,18.289171,20.95703,23.325891,26.932947,28.768326,32.066715,32.860527,26.829723,25.300608,22.06327,21.104752,16.544086,17.55243,13.91008,13.570427,15.490692,19.223936,20.084665,20.341675,22.708593,25.235218,26.400238,29.889967,29.954805,36.943466,36.99878,39.655144,35.244247,31.796406,33.386612,35.08739,30.232027,28.060642,31.286043,29.567318,25.570292,25.536089,29.062193,24.997288,19.788565,24.05409,25.762083,29.170586,29.839445,23.447805,29.563694,32.080246,29.29355,28.344038,27.039831,29.002232,32.573467,32.67645,30.921679,35.128212,38.783993,40.876698,37.915863,35.947884,39.53491,39.077858,33.710117,34.786247,37.450485,35.983097,31.126919,32.408844,29.631863,29.756123,25.968515,24.50543,20.788141,20.41075,16.39273,14.303883,13.872324,16.338495,20.555233,17.17742,23.260992,23.126766,26.51144,28.488577,27.785574,30.437841,29.421251,30.708017,28.835056,32.276234,32.027725,33.60006,32.550537,37.022655,35.314415,39.330807,41.857132,41.583687,38.840805,38.55114,34.33661,33.907665,29.636456,29.489223
2,6.279566,5.279713,0.0,5.387972,6.5295362,7.972506,11.526434,14.309481,17.689861,19.389072,23.149572,24.755297,28.313082,29.26161,23.438627,22.516756,19.307709,19.333803,14.537306,17.18405,14.423477,14.278962,17.738474,19.937542,19.969992,19.202606,21.797268,23.579142,24.669212,27.778906,27.817041,34.82689,34.017044,37.05999,33.067257,29.24186,30.472471,32.79994,28.208656,25.527117,28.651806,28.042988,23.84108,23.029425,27.017447,24.142448,18.063229,21.868368,24.463821,27.346884,28.68518,23.10051,29.220762,31.428003,29.367367,28.865986,26.825996,29.355215,33.00791,32.08042,30.26746,35.045788,38.579918,40.368317,36.84659,34.88527,38.94646,38.30021,33.04853,34.916317,37.468525,35.629246,31.058012,33.23034,30.13103,31.129633,27.384996,25.305998,22.51698,21.152925,17.17808,15.201597,13.290806,15.912964,19.861664,17.606989,23.0158,24.138487,27.30054,29.799099,29.653778,31.841604,30.046825,31.426027,29.160494,32.389652,32.294903,32.907597,31.895597,36.025105,33.9778,37.512657,39.685913,39.586414,36.671814,36.928513,32.326294,32.28434,28.29828,27.7759
3,9.5494375,6.1794086,5.387972,0.0,3.754827,6.582516,8.282143,12.740087,14.917968,17.70172,21.078606,23.184797,26.281132,27.228518,21.41633,19.431702,16.559776,15.474208,11.786139,12.984489,10.542688,11.546639,14.680925,16.304714,16.689232,16.321135,17.864601,20.181805,20.811657,24.433273,23.961075,31.044876,30.966202,33.517235,29.141882,25.675463,27.21744,28.944767,24.116982,21.882572,25.190327,23.676453,19.540352,19.536125,23.281055,19.560907,14.11951,18.635895,20.77048,23.878544,24.441607,18.746681,24.97781,27.03681,24.537722,23.694279,21.75748,24.081522,27.819431,27.27975,25.329416,29.907982,33.4809,35.410374,32.145523,30.172308,34.040485,33.566757,28.225563,29.750883,32.48409,30.916912,26.136316,28.115156,24.90872,25.829247,22.068466,19.940372,17.173672,15.875837,11.930967,10.480836,8.431798,10.781689,14.888834,12.359062,18.077553,19.150192,22.518072,25.026037,25.114702,27.468279,25.892267,27.77653,25.961958,29.211914,28.403692,29.495066,27.847654,32.294754,30.001959,33.930405,36.485836,36.53858,33.872105,34.114418,29.89012,30.064533,26.08843,26.446516
4,11.968099,8.845859,6.5295362,3.754827,0.0,5.426962,5.395171,9.997933,12.564913,14.771283,18.424564,20.152855,23.345322,24.03885,18.03189,16.552443,13.303178,12.864063,8.4172,10.9067135,9.033939,9.919828,14.156951,14.568669,14.302456,13.30537,15.351089,17.20817,18.207949,21.463602,21.644814,28.579397,28.3141,31.295475,27.138632,23.408283,25.147211,27.38752,22.595284,20.066404,23.855192,22.96268,18.5134,18.583534,22.83775,19.754354,14.193638,18.731644,21.500353,24.119017,24.624247,19.872467,26.049723,27.590496,25.303911,24.287054,21.708847,24.033546,28.174475,27.212137,24.579197,29.535025,32.821003,34.816235,31.213892,28.893812,32.799717,31.954885,26.760593,28.911398,31.186594,29.184488,24.748531,27.255274,24.21206,25.671442,22.07504,20.015787,17.94887,16.69416,13.129894,12.650871,9.319321,10.647692,14.055261,11.981301,16.769426,18.36669,21.312065,24.094639,24.419756,26.286133,24.122643,25.844275,23.697714,26.799913,26.298527,26.776268,25.454807,29.626108,27.471704,31.11977,33.4528,33.40353,30.614098,30.926197,26.514547,26.739962,22.863268,23.045572
5,13.851438,11.819562,7.972506,6.582516,5.426962,0.0,6.06116,7.136793,10.07153,12.2865095,15.622753,17.765997,21.095604,22.50778,17.309568,15.797792,13.517882,13.797489,11.0430355,14.171449,13.64568,15.075621,19.359772,18.967749,18.319494,16.57335,17.71721,18.847185,18.884369,22.021013,20.93165,28.03196,26.675304,29.53662,25.753761,21.858541,22.697037,25.165998,20.836819,17.91042,20.83136,20.959665,16.723475,15.362464,19.679459,17.94324,11.408526,14.934584,18.353165,20.56495,22.115068,17.909042,23.801132,25.353893,24.054893,24.018814,21.157965,24.31162,27.863493,25.792063,24.045666,29.270945,32.64995,34.01036,30.03445,28.267405,32.824787,32.24595,27.17109,29.685627,32.38648,30.494078,26.182884,29.334995,25.635338,27.73937,24.219248,21.182268,19.974125,17.182123,13.838992,12.69551,8.842521,11.130277,14.307561,14.1316,18.279093,21.271029,24.231508,27.33054,28.245123,30.002684,27.56015,29.727638,27.644562,30.482227,29.59088,29.441423,27.527794,31.47092,28.451208,31.695732,33.83008,34.31991,31.54677,32.74528,28.16634,29.116037,25.743979,25.900368
6,17.246017,14.1026535,11.526434,8.282143,5.395171,6.06116,0.0,6.186048,7.580573,10.195937,13.529767,15.4584465,18.320868,19.052736,13.267008,11.2267685,8.389231,8.032686,5.5149183,8.510119,9.207953,11.236743,15.752957,13.769468,12.780681,10.879276,11.669636,12.934199,13.303037,16.566837,16.351942,23.309042,22.937477,25.92762,21.861198,18.042572,19.899588,22.319445,17.590675,14.926659,19.093046,18.633848,14.008169,14.342822,18.910759,16.571169,11.400928,15.853785,19.07614,21.03845,21.247494,17.939262,23.767954,24.570272,22.677832,21.678223,18.33051,20.858389,25.1735,23.5098,20.392855,25.730925,28.73957,30.597427,26.6469,24.184826,28.30536,27.314777,22.283062,25.086012,27.201708,24.989431,20.872984,24.204306,20.920416,23.302198,20.015944,17.499609,16.872906,14.960357,12.300658,13.064823,8.494836,8.303791,10.360144,10.041969,13.118722,16.229277,18.755157,22.004519,23.149649,24.496181,21.723318,23.944836,21.912624,24.628006,23.612993,23.413898,21.53378,25.520393,22.79186,26.250803,28.56983,28.840698,26.144379,27.033875,22.678993,23.597292,20.222116,20.995668
7,20.520113,18.289171,14.309481,12.740087,9.997933,7.136793,6.186048,0.0,4.657295,5.17294,8.863911,10.657117,14.078177,15.45008,10.633648,9.879155,8.243476,10.358733,9.372143,13.649034,15.138484,16.81331,21.675638,19.041801,17.369827,14.452343,15.033779,14.663574,14.391918,16.594982,15.757255,22.396595,20.224783,23.714706,20.580687,16.244362,17.056349,20.547543,16.703342,13.1667185,16.655533,18.42577,14.062767,12.548777,17.558361,17.677938,11.971475,14.6342325,18.965048,19.85107,21.230898,19.472422,24.644165,25.03253,24.442093,24.35596,20.45598,23.669706,27.498152,24.38987,21.772514,27.501394,30.242603,31.419914,26.818914,24.707277,29.45692,28.386868,23.86109,27.537645,29.564049,27.102482,23.679491,27.907131,24.326248,27.541758,24.565104,21.419764,21.829567,18.844046,16.665003,17.009668,12.245245,12.523366,13.536047,15.194534,16.740608,21.112516,23.170685,26.679342,28.3248,29.19747,25.850964,28.091309,25.828514,28.059666,27.18556,25.721125,23.818554,27.017944,23.6684,26.123068,27.798811,28.529152,25.713636,27.661934,22.964169,24.647654,22.075762,22.341007
8,23.654026,20.95703,17.689861,14.917968,12.564913,10.07153,7.580573,4.657295,0.0,4.8300323,6.4958987,9.47791,11.830729,13.507239,9.588154,6.8075156,7.169178,8.182622,10.38949,13.002955,15.661047,18.081821,22.421558,18.893549,17.314684,14.580499,13.390261,12.927049,11.343045,13.925975,11.611225,18.472595,16.638922,19.562645,16.13612,11.969226,12.879506,16.000704,12.046141,8.556079,12.385823,14.013485,9.698816,8.673638,13.697829,14.155851,9.647836,12.10823,16.256662,16.713633,17.46099,16.872833,21.526781,21.345518,20.932285,20.860455,16.636303,19.92705,23.63066,20.170658,17.432535,23.222143,25.834578,26.87245,22.193977,20.160215,25.057703,24.153389,19.716839,23.52435,25.706745,23.450342,20.144848,24.68623,20.852625,24.525934,21.865032,18.395267,19.801308,16.432877,15.179441,16.331272,11.619234,10.849445,10.50135,13.599674,13.803984,19.022392,20.877007,24.485857,26.66745,27.40592,24.079544,26.883318,25.116182,27.094353,25.421835,24.012444,21.214676,24.463428,20.413506,23.005922,24.990803,26.156742,23.687529,26.030966,21.83618,24.062017,21.895138,23.054916
9,25.63132,23.325891,19.389072,17.70172,14.771283,12.2865095,10.195937,5.17294,4.8300323,0.0,4.254239,5.516927,8.952778,10.430228,6.727818,7.0307937,7.1482143,10.49804,11.523222,15.557858,18.143097,19.904001,24.733759,20.881546,18.702873,15.292142,15.122529,13.456462,12.682133,13.724807,12.913035,18.735052,15.663542,19.665062,17.306011,12.747195,13.369192,17.71645,14.663081,10.8749895,14.475251,17.628088,13.694786,12.200384,17.115873,18.696436,14.241587,15.898778,20.405289,20.282114,21.46762,21.529535,25.907406,25.465103,25.459326,25.414728,21.019243,24.136524,27.914042,24.110853,21.058958,26.894218,29.052439,29.986595,25.015163,22.76827,27.563816,26.170822,22.303476,26.758152,28.249376,25.463148,22.915674,27.812815,24.406456,28.316397,25.853783,22.720465,24.19951,21.1652,19.824802,20.84486,16.046757,15.387117,14.908914,17.663937,17.284662,22.383427,23.708588,27.352556,29.501574,29.74585,25.89684,28.189255,25.954994,27.611778,26.663754,24.205572,22.244787,24.677176,21.003271,22.625465,23.851015,24.900852,22.152412,24.867964,20.269348,22.670582,20.983755,21.434814
10,29.317276,26.932947,23.149572,21.078606,18.424564,15.622753,13.529767,8.863911,6.4958987,4.254239,0.0,3.8835926,5.794698,8.347133,7.5271063,7.0421906,9.405647,12.074546,14.876495,17.966877,21.148743,23.266336,27.80133,23.438494,21.288736,17.984436,16.680025,14.635512,12.754697,13.332589,11.040191,16.190569,12.217853,15.990786,14.214014,9.771206,9.540362,14.301388,12.175928,8.4071865,11.311645,15.625884,12.480898,10.684649,15.0685425,17.989208,14.695095,15.242634,19.646626,18.68514,19.828615,21.391941,24.903057,23.864807,24.53271,24.834414,20.264185,23.482119,26.812975,22.31617,19.54114,25.268326,27.09758,27.576712,22.391342,20.467041,25.468536,24.200788,20.860437,25.602983,27.100218,24.465796,22.431534,27.678026,24.126831,28.484026,26.40832,23.003498,25.323286,21.892529,21.257626,22.557602,17.976475,16.976254,15.598769,19.364641,17.895813,23.572662,24.603981,28.268196,30.864946,30.899033,27.012213,29.651192,27.76398,29.065372,27.600433,24.850477,22.277163,24.309128,19.948626,21.070776,22.16941,23.823278,21.432203,24.881388,20.771507,23.80351,22.776796,23.707777
11,31.023613,28.768326,24.755297,23.184797,20.152855,17.765997,15.4584465,10.657117,9.47791,5.516927,3.8835926,0.0,4.0741076,5.8042727,6.020843,8.261854,10.024885,13.700077,15.735723,19.452257,22.589418,24.263906,29.011614,24.38813,21.868818,18.24588,17.637041,14.876502,13.8067255,13.157185,12.639089,16.604666,12.068823,16.7782,15.853354,11.477839,11.5454,16.75354,15.1053915,11.59752,14.565045,19.085352,16.001581,14.546817,18.80801,21.729242,18.396759,19.083586,23.527617,22.488174,23.583988,25.203335,28.751923,27.598682,28.20743,28.264904,23.6234,26.54264,30.105106,25.718079,22.465868,28.13453,29.604181,30.203096,24.981016,22.729385,27.383404,25.659702,22.75914,27.856829,28.709194,25.648428,24.18871,29.555305,26.458593,30.873146,28.93311,25.918207,28.180733,25.1803,24.436403,25.806583,21.087616,19.977697,18.578093,21.91753,20.130508,25.535896,26.156052,29.787516,32.302227,31.945059,27.712976,29.90118,27.704079,28.721302,27.848387,24.35707,22.560923,23.912573,20.104849,20.443102,20.87543,22.301212,19.702787,23.32896,19.013954,22.11804,21.545328,21.995173
12,34.543114,32.066715,28.313082,26.281132,23.345322,21.095604,18.320868,14.078177,11.830729,8.952778,5.794698,4.0741076,0.0,3.5453365,7.6306944,8.985573,12.007806,14.998296,18.307854,21.162584,24.809746,26.732122,31.157064,25.993877,23.490343,20.041626,18.515192,15.444785,13.661669,12.302283,11.120302,13.621409,8.27031,13.149748,13.093468,9.222453,9.021324,14.37881,13.743252,10.871871,13.376381,18.275152,15.963412,14.994303,18.524652,22.022015,19.890045,20.126627,24.199055,22.633053,23.253086,26.019024,28.86773,27.138405,28.048414,28.10316,23.389639,26.068895,29.375834,24.720032,21.35922,26.73775,27.70477,28.066425,22.801327,20.610455,25.100088,23.298992,21.108435,26.468729,27.013714,23.992132,23.238493,28.821178,25.87484,30.606945,29.117226,26.153162,29.093365,26.106758,25.981117,27.755789,23.21511,21.632812,19.458538,23.33064,20.481865,26.117615,26.304174,29.865656,32.7338,32.06727,27.793167,30.184486,28.330378,28.941277,27.66317,23.870321,21.671349,22.473314,18.256474,17.938263,18.15526,20.11211,17.935627,22.18833,18.536402,22.170204,22.280584,23.280884
13,35.477577,32.860527,29.26161,27.228518,24.03885,22.50778,19.052736,15.45008,13.507239,10.430228,8.347133,5.8042727,3.5453365,0.0,6.515134,9.11498,11.662414,14.900226,17.985273,20.799667,24.536255,26.19258,30.536987,25.022596,22.303953,18.812746,17.548838,13.9851465,12.887889,10.45952,11.285705,12.781774,8.284797,13.764608,13.83122,10.222757,11.201962,16.230997,15.380231,12.863696,16.083858,20.273045,17.78408,17.622923,21.232643,24.046513,22.071306,22.911125,26.85678,25.533285,25.660927,28.20872,31.262554,29.463423,29.929663,29.480415,24.747261,26.957998,30.641098,26.46397,22.369352,27.630177,28.289381,29.037163,23.932482,21.20601,25.138144,22.853912,20.958563,26.506205,26.376472,22.96285,22.7012,28.26118,25.859343,30.548208,29.24157,26.79258,29.693045,27.307915,27.206686,29.275696,24.673286,22.731022,20.383644,23.809143,20.508453,25.752756,25.48547,28.94367,31.74049,30.694813,26.191761,28.226389,26.252672,26.568014,25.670141,21.36254,19.786148,20.043756,16.448114,15.636884,15.466162,17.083946,14.728178,19.006058,15.352523,19.081211,19.621271,20.598902
14,29.56404,26.829723,23.438627,21.41633,18.03189,17.309568,13.267008,10.633648,9.588154,6.727818,7.5271063,6.020843,7.6306944,6.515134,0.0,5.3438582,5.6426854,9.791232,11.599297,15.070322,18.411308,19.838812,24.397263,19.269117,16.509268,12.824559,12.577081,9.389527,9.599204,8.55971,10.890586,15.064987,12.888447,17.762009,15.8556385,11.571258,13.701205,18.178045,15.421419,12.4240055,17.003437,19.692598,16.0146,16.331457,20.801598,21.906937,18.90038,21.073345,25.073908,24.79263,24.78992,25.570118,29.698477,28.622612,28.136255,27.203224,22.616468,24.773184,29.100834,25.819204,21.334044,26.928633,28.28591,29.71979,24.856165,21.716911,25.650131,23.417934,20.269632,25.327948,25.538376,22.050106,20.611792,25.743587,23.322317,27.463718,25.598433,23.409416,25.381021,23.482546,22.730015,24.696568,19.966368,18.096518,16.484852,18.879961,16.652136,21.358042,21.558107,25.08862,27.380342,26.742092,22.321156,24.157948,21.797956,22.799868,22.284864,18.748259,17.585676,19.102959,16.177692,17.11505,17.940727,18.557045,15.623912,18.362164,13.7367115,16.48757,15.589192,16.356543
15,28.434675,25.300608,22.516756,19.431702,16.552443,15.797792,11.2267685,9.879155,6.8075156,7.0307937,7.0421906,8.261854,8.985573,9.11498,5.3438582,0.0,4.40198,6.0385,10.591436,12.3038025,16.238802,18.527248,22.545746,17.35164,15.169843,12.154622,9.905305,7.787224,5.8536325,7.2258463,6.69597,12.785132,11.961915,15.582641,12.340139,8.108229,10.8901415,14.356298,10.71935,7.999397,13.215908,14.717457,10.9243,12.193753,16.433455,16.862955,14.703319,17.16946,20.660414,20.581703,19.930555,20.791792,24.781054,23.635895,22.898926,21.880249,17.279707,19.490732,23.76989,20.635303,16.130516,21.803942,23.468374,24.96266,20.222454,17.159842,21.373878,19.602322,15.827603,20.598038,21.503109,18.506628,16.34279,21.505096,18.544586,22.80414,20.915735,18.36133,20.74859,18.578995,18.317373,20.674261,16.187773,13.81206,11.539056,14.69961,12.013742,17.37759,17.931198,21.57548,24.18908,23.967548,19.986826,22.678398,20.993359,22.288141,20.584238,18.20259,15.500846,18.082333,14.11312,16.34735,18.282412,19.356804,16.95792,19.500717,15.63641,18.380299,17.007027,18.889292
16,25.186157,22.06327,19.307709,16.559776,13.303178,13.517882,8.389231,8.243476,7.169178,7.1482143,9.405647,10.024885,12.007806,11.662414,5.6426854,4.40198,0.0,4.706483,6.507971,9.604891,12.94696,14.751298,19.189577,14.372101,11.973087,8.581044,8.213168,6.605192,7.207071,8.848238,10.57244,16.473743,16.0458,19.905243,16.56099,12.473281,15.198909,18.55712,14.494503,11.752686,16.929333,17.802183,13.482548,14.655533,19.277151,18.631441,15.38519,18.744999,22.311434,22.930708,22.465816,21.881594,26.6505,26.09731,24.759115,23.401327,19.115044,21.130674,25.801968,23.409145,18.826153,24.420486,26.366581,28.262638,23.81212,20.582792,24.437729,22.55576,18.418926,22.702026,23.495367,20.35859,17.725016,22.298347,19.676514,23.286184,20.981674,18.908085,20.218193,18.693638,17.635221,19.731714,15.113598,13.022729,11.88673,13.475052,12.199418,16.531109,17.366337,20.93508,22.934809,22.899496,18.911938,21.050215,18.839846,20.579187,19.668652,17.599022,15.951205,18.882635,16.077133,18.646006,20.510653,20.82202,18.036299,19.59899,15.153203,16.999212,14.739242,16.053423
17,24.700806,21.104752,19.333803,15.474208,12.864063,13.797489,8.032686,10.358733,8.182622,10.49804,12.074546,13.700077,14.998296,14.900226,9.791232,6.0385,4.706483,0.0,6.667255,6.3667736,10.534173,13.208603,16.771334,11.790457,10.152795,8.028541,5.244058,5.9362803,5.3607836,9.171138,9.574327,16.026686,17.178198,19.93673,15.652143,12.332613,15.537801,17.5757,12.837289,11.04892,16.344687,15.389939,11.083135,13.665476,17.726412,15.603219,13.43008,17.47804,20.205645,21.31267,19.938768,18.910675,23.702826,23.21273,21.170603,19.291416,15.238789,16.850435,21.754385,20.165106,15.312709,20.67329,22.878876,25.130604,21.15573,17.856653,21.440414,19.89621,15.1870365,18.797115,20.03068,17.347431,13.889777,18.099571,15.2730055,18.680271,16.28477,14.298889,15.698526,14.561657,13.952347,16.704918,12.558663,9.557573,7.790332,9.251652,7.5616746,12.065188,13.260857,16.882565,19.035357,19.401995,15.918399,18.739202,17.21265,19.23949,17.338917,16.619883,13.907621,17.837479,14.780692,18.492016,21.179525,21.563139,19.236408,20.271843,16.63209,18.215576,15.601514,17.891306
18,19.887867,16.544086,14.537306,11.786139,8.4172,11.0430355,5.5149183,9.372143,10.38949,11.523222,14.876495,15.735723,18.307854,17.985273,11.599297,10.591436,6.507971,6.667255,0.0,5.9791985,7.293493,8.529523,13.424496,10.046144,8.163113,5.5907717,8.16687,9.172951,11.271138,13.790631,15.895102,22.024784,22.426006,25.929327,22.027779,18.282183,21.029108,23.720072,19.03651,16.62757,21.61381,21.123716,16.52323,17.907434,22.471516,20.041214,16.030405,20.513186,23.611021,25.308966,24.78717,22.13938,27.749151,28.06307,25.780855,23.969292,20.46161,22.112787,27.03585,25.87768,21.525118,26.734009,29.191694,31.564026,27.69852,24.488895,27.909521,26.255888,21.554062,24.704012,25.770203,22.959995,19.424656,22.732012,20.427298,22.792929,19.888327,18.495058,18.038925,17.565893,15.476008,17.138391,12.972717,11.442545,12.194452,11.05944,12.536943,14.796202,16.42072,19.592257,20.54412,21.23039,17.93216,19.51292,17.030052,19.663084,19.379496,18.813992,17.970438,21.6753,20.004488,23.35705,25.525305,25.173758,22.34365,22.518505,18.122786,18.499315,14.868305,15.64587
19,21.529484,17.55243,17.18405,12.984489,10.9067135,14.171449,8.510119,13.649034,13.002955,15.557858,17.966877,19.452257,21.162584,20.799667,15.070322,12.3038025,9.604891,6.3667736,5.9791985,0.0,4.6267977,7.5901794,10.448888,6.0820684,5.6854835,5.9869833,5.346095,8.823382,10.243249,13.83208,15.307249,21.222504,23.300179,25.796553,21.209541,18.407057,21.700743,23.109995,18.10494,16.833885,21.834671,19.53996,15.380153,18.277178,21.999664,18.0397,15.7929535,20.772839,22.764843,24.856775,23.130583,20.224405,25.598608,25.83972,22.666048,20.007263,17.047585,17.752254,22.930815,23.013172,18.281017,22.803457,25.301113,28.170256,25.042116,21.70221,24.393877,22.995317,18.040699,20.203714,21.405886,19.102339,14.953347,17.3832,15.358635,17.114496,14.21335,13.599298,12.959831,13.793023,12.45685,15.2040205,12.05942,9.214623,9.296308,6.657033,7.999967,8.889648,10.86992,13.926432,14.906534,16.032345,13.419176,15.743748,14.238829,17.134909,15.662406,16.79202,15.017228,19.59759,18.039513,22.380892,25.310652,24.957584,22.6771,22.2482,18.917212,19.10752,15.395549,17.592688
20,17.942337,13.91008,14.423477,10.542688,9.033939,13.64568,9.207953,15.138484,15.661047,18.143097,21.148743,22.589418,24.809746,24.536255,18.411308,16.238802,12.94696,10.534173,7.293493,4.6267977,0.0,3.6370335,6.7612066,5.7667465,6.6693406,8.025156,9.669097,12.947232,14.81452,18.194887,19.802343,25.838379,27.668562,30.279545,25.67455,22.743431,25.782116,27.241552,22.150578,20.695274,25.435205,23.011969,18.8074,21.184492,24.939135,20.47265,17.479082,22.705162,24.54589,27.168213,25.79976,21.652857,27.438147,28.314648,24.847088,22.244131,19.933672,20.625893,25.5804,26.163826,22.007118,26.245789,29.024666,31.938747,29.050964,25.927876,28.535578,27.31223,22.284197,23.83713,25.229233,23.181046,18.848696,20.37274,18.589767,19.326368,16.090118,15.878837,13.637801,15.0767765,12.786854,14.657219,12.228798,10.58195,12.310677,8.147445,11.868015,11.064796,13.53925,15.872191,15.740179,17.505386,15.705058,17.258408,15.557164,18.89084,18.179436,19.927868,18.920021,23.456491,22.453724,26.767895,29.588558,28.961327,26.55418,25.652147,22.1859,21.69379,17.489872,18.917458
21,17.30149,13.570427,14.278962,11.546639,9.919828,15.075621,11.236743,16.81331,18.081821,19.904001,23.266336,24.263906,26.732122,26.19258,19.838812,18.527248,14.751298,13.208603,8.529523,7.5901794,3.6370335,0.0,5.3691897,6.2849436,7.011078,8.555944,11.861374,14.675782,17.302423,20.119497,22.601595,28.373356,30.05517,33.047653,28.646671,25.539675,28.615786,30.428509,25.403625,23.732176,28.577692,26.508883,22.210629,24.322142,28.286388,24.014126,20.623856,25.789896,27.832016,30.471472,29.331375,25.02493,30.911762,31.89153,28.434029,25.817673,23.568964,24.168198,29.147366,29.793425,25.535173,29.750465,32.408535,35.41334,32.50011,29.235418,31.6871,30.23443,25.382256,27.023418,28.022633,25.750467,21.741875,23.06009,21.7627,22.239008,19.145767,19.355244,16.81804,18.56352,16.059437,17.468021,15.174924,14.017151,15.892588,11.7556,15.217093,13.87916,15.884457,17.837822,17.094118,18.643408,16.869385,17.494902,15.308094,18.7418,19.041275,20.662148,20.658121,24.853058,24.55633,28.610008,31.163599,30.154049,27.590878,26.227009,22.632359,21.528572,17.065504,17.78803
22,19.283636,15.490692,17.738474,14.680925,14.156951,19.359772,15.752957,21.675638,22.421558,24.733759,27.80133,29.011614,31.157064,30.536987,24.397263,22.545746,19.189577,16.771334,13.424496,10.448888,6.7612066,5.3691897,0.0,6.67735,9.2079,12.270617,14.40196,17.83651,20.240776,23.245663,25.587358,30.975243,33.571068,36.040676,31.35896,28.814394,32.12298,33.238926,28.15389,27.090168,31.828323,28.764261,24.881714,27.627632,31.043127,25.850338,23.473682,28.79218,30.063105,33.034046,31.251116,26.529339,32.160336,33.27592,29.168697,26.003687,24.577429,24.340307,29.183613,30.979685,26.762537,30.139694,32.752644,36.109127,33.91049,30.666693,32.37751,31.125858,26.381416,26.991238,27.911236,26.15384,22.047783,22.010538,21.464437,20.720602,17.84416,19.214973,15.8576,19.065182,16.995941,18.62754,17.588701,16.210367,17.957901,12.970832,16.492214,13.109404,15.052973,15.949497,14.148645,16.3179,15.933032,16.269375,14.962136,18.527208,18.561327,21.65565,21.650444,26.058512,26.314493,30.77394,33.655148,32.462566,30.257689,28.241085,25.43474,23.907236,19.475153,20.746412
23,23.19265,19.223936,19.937542,16.304714,14.568669,18.967749,13.769468,19.041801,18.893549,20.881546,23.438494,24.38813,25.993877,25.022596,19.269117,17.35164,14.372101,11.790457,10.046144,6.0820684,5.7667465,6.2849436,6.67735,0.0,3.2210147,6.9372463,8.210957,11.579159,14.23469,16.894104,19.890902,24.712757,27.651606,30.194706,25.72525,23.321325,26.994484,28.244228,23.376028,22.460827,27.570738,24.885754,21.032438,24.278713,27.79227,23.32786,21.57376,26.67549,28.316702,30.614899,28.476976,25.253916,30.523178,30.821716,27.083216,23.766888,21.477953,21.136763,26.411283,27.58711,22.472109,26.181414,28.29199,31.694052,29.169436,25.500988,27.112917,25.40449,20.931732,22.398031,22.664307,20.318624,16.711294,17.692719,17.294567,17.78107,15.364321,16.59614,15.066347,17.769535,16.584387,19.275679,17.064026,14.457159,14.635027,10.852196,11.821435,9.374687,10.273816,12.099319,11.650462,12.604393,10.588995,11.568941,9.971248,13.39608,12.924235,15.345481,15.148126,19.514914,19.745638,24.114916,26.994001,25.8434,23.716623,21.878965,19.205975,18.101131,13.929915,16.184021
24,23.889378,20.084665,19.969992,16.689232,14.302456,18.319494,12.780681,17.369827,17.314684,18.702873,21.288736,21.868818,23.490343,22.303953,16.509268,15.169843,11.973087,10.152795,8.163113,5.6854835,6.6693406,7.011078,9.2079,3.2210147,0.0,3.8982396,6.4686832,9.077081,12.372402,14.507621,18.23192,22.91299,25.462086,28.433638,24.269705,21.577682,25.277805,27.032057,22.323343,21.093857,26.391464,24.438454,20.411436,23.40625,27.234978,23.513403,21.404581,26.29133,28.413443,30.35992,28.489777,25.846663,31.10388,31.153696,27.84203,24.778471,21.946842,21.956526,27.313032,27.79758,22.440313,26.586084,28.504215,31.744877,28.798708,24.974224,26.84777,24.827911,20.526703,22.790895,22.751783,19.910381,16.756989,18.648169,18.090397,19.382599,17.110928,17.823423,17.01567,18.963093,17.762178,20.421648,17.51736,14.867571,14.678965,11.842839,11.920138,10.960908,11.354974,13.682756,13.85234,14.059492,10.979622,11.782469,9.408964,12.543305,12.5880575,13.679352,13.908471,17.897966,18.12474,22.102556,24.695068,23.487762,21.13192,19.49904,16.388962,15.412768,11.199506,13.3546915
25,23.902517,20.341675,19.202606,16.321135,13.30537,16.57335,10.879276,14.452343,14.580499,15.292142,17.984436,18.24588,20.041626,18.812746,12.824559,12.154622,8.581044,8.028541,5.5907717,5.9869833,8.025156,8.555944,12.270617,6.9372463,3.8982396,0.0,5.6209702,6.7151146,10.431719,12.110055,16.175785,21.037678,22.738089,26.212135,22.393549,19.223364,22.745579,25.141077,20.615599,18.881306,24.256708,23.258514,19.017162,21.46948,25.67099,22.884054,20.191174,24.74103,27.433243,28.998726,27.615452,25.517712,30.775908,30.652899,27.926085,25.339727,21.945232,22.5807,27.874659,27.437656,22.122293,26.832935,28.703352,31.596485,28.104399,24.305405,26.750557,24.575052,20.352934,23.465252,23.464014,20.264444,17.414764,20.349155,19.23052,21.376888,19.07369,18.923693,18.752224,19.627575,18.294724,20.746696,17.106428,14.631631,14.256517,12.607925,12.2299595,13.146107,13.544785,16.398235,17.193266,17.091131,13.353199,14.322065,11.572004,14.114601,14.35081,13.796356,13.986345,17.505562,17.1523,20.595495,22.824461,21.815578,19.125372,18.235773,14.335689,13.967565,9.982699,11.653308
26,26.570126,22.708593,21.797268,17.864601,15.351089,17.71721,11.669636,15.033779,13.390261,15.122529,16.680025,17.637041,18.515192,17.548838,12.577081,9.905305,8.213168,5.244058,8.16687,5.346095,9.669097,11.861374,14.40196,8.210957,6.4686832,5.6209702,0.0,4.114885,6.039743,9.0082,11.839505,16.721687,19.457415,22.069712,17.810188,15.304989,19.16977,20.708967,16.1632,15.230822,20.579254,18.791256,15.012252,18.437288,22.012644,19.045633,17.856064,22.194036,24.358557,25.674526,23.527514,22.32884,26.97234,26.364555,23.59809,20.793291,17.258778,17.56066,22.879631,22.514967,16.828526,21.384892,23.106384,26.059322,22.732878,18.850342,21.170898,19.142956,14.759859,17.921333,18.092546,15.067064,11.947113,15.433893,13.986183,16.79525,14.854437,14.505129,15.595627,16.285099,16.04456,19.290337,15.864628,12.430461,10.519047,10.093548,7.2535233,9.438936,9.50777,12.922818,14.863943,14.691267,10.890897,13.5003605,12.076455,14.143511,12.265867,12.202208,10.106239,14.438779,12.88,17.105936,20.046175,19.670298,17.52951,17.269068,14.27917,15.034982,12.09375,15.224433
27,28.841331,25.235218,23.579142,20.181805,17.20817,18.847185,12.934199,14.663574,12.927049,13.456462,14.635512,14.876502,15.444785,13.9851465,9.389527,7.787224,6.605192,5.9362803,9.172951,8.823382,12.947232,14.675782,17.83651,11.579159,9.077081,6.7151146,4.114885,0.0,4.47947,5.502723,10.19114,14.351796,16.50477,19.804897,16.230658,13.39493,17.317871,19.631516,15.661872,14.36243,19.80769,19.27356,15.593129,18.519344,22.317455,20.633724,19.240637,22.97106,25.663622,26.37419,24.578264,24.365782,28.722979,27.72104,25.62018,23.208633,19.205723,19.837957,24.961166,23.721262,17.909264,22.747498,24.012877,26.651182,22.845705,18.830755,21.349632,18.865105,15.160061,19.341852,18.930439,15.3283825,13.404985,17.729496,16.374489,19.846409,18.285662,17.579052,19.303211,19.32941,19.15583,22.213842,18.300385,15.092498,12.826564,13.598856,10.105765,13.239545,12.680782,16.022972,18.222027,17.36489,12.952963,15.084939,13.243768,14.5379095,13.255384,11.15253,9.590537,12.770972,11.023278,14.339693,16.785072,16.450686,14.008179,14.438142,10.9186535,12.468247,10.351066,13.373396
28,30.042833,26.400238,24.669212,20.811657,18.207949,18.884369,13.303037,14.391918,11.343045,12.682133,12.754697,13.8067255,13.661669,12.887889,9.599204,5.8536325,7.207071,5.3607836,11.271138,10.243249,14.81452,17.302423,20.240776,14.23469,12.372402,10.431719,6.039743,4.47947,0.0,4.6222587,5.9569254,11.105842,13.509694,16.075508,12.031128,9.432141,13.497746,15.281583,11.297069,10.462851,15.803112,15.081236,11.788033,15.1171,18.45274,17.188328,16.737967,19.949186,22.39822,22.743286,20.673105,21.396322,25.185669,23.80777,22.074633,19.95515,15.668911,16.579128,21.408634,19.614172,13.847355,18.911272,20.200176,22.528801,18.498613,14.623157,17.70728,15.557252,11.606729,16.209501,16.431316,13.19741,11.062855,16.152643,13.939947,18.150387,16.774542,15.257503,18.006819,17.182413,17.683168,20.93486,17.122417,13.685921,10.439674,12.851338,8.177217,12.971506,12.678964,16.227041,19.10717,18.524612,14.552871,17.619215,16.56744,17.677502,15.180234,13.486856,9.956031,13.311709,9.568317,13.221789,16.128065,16.786469,14.858774,16.389526,13.559687,15.955945,14.527079,17.677473
29,33.369343,29.889967,27.778906,24.433273,21.463602,22.021013,16.566837,16.594982,13.925975,13.724807,13.332589,13.157185,12.302283,10.45952,8.55971,7.2258463,8.848238,9.171138,13.790631,13.83208,18.194887,20.119497,23.245663,16.894104,14.507621,12.110055,9.0082,5.502723,4.6222587,0.0,7.128681,9.366935,11.541843,15.002298,12.268215,9.827987,13.872778,16.408997,13.587047,12.651903,17.67755,18.185774,15.348891,18.10202,21.417564,21.199799,20.671782,23.363958,26.138071,25.968626,24.126793,25.609316,29.076372,27.344273,26.05853,24.060295,19.707687,20.450201,25.06775,22.905724,17.061548,21.816872,22.358473,24.516357,20.349197,16.313494,18.905603,16.072145,13.487625,18.679466,17.767454,13.907909,13.519952,18.72099,17.305576,21.620995,20.725985,19.579288,22.475708,21.778236,22.270618,25.416845,21.40901,18.163433,15.012099,17.344997,12.557992,16.73946,15.625699,18.870855,21.7368,20.3683,15.879798,18.247196,16.908098,17.209429,15.431792,11.932239,9.495272,11.040351,7.7157564,9.818111,12.059521,12.609871,10.451074,12.709276,9.857681,13.061996,12.857852,15.935066
30,33.393322,29.954805,27.817041,23.961075,21.644814,20.93165,16.351942,15.757255,11.611225,12.913035,11.040191,12.639089,11.120302,11.285705,10.890586,6.69597,10.57244,9.574327,15.895102,15.307249,19.802343,22.601595,25.587358,19.890902,18.23192,16.175785,11.839505,10.19114,5.9569254,7.128681,0.0,7.254032,8.857797,10.489352,6.2580667,3.7504518,8.013619,9.539925,6.5229425,6.424266,11.008878,11.4009075,9.389846,12.340725,14.805357,15.464437,16.163782,17.869062,20.235342,19.540842,17.521656,20.283958,22.892506,20.761745,20.217896,19.00985,14.398221,15.9503975,19.769676,16.48109,11.3798,16.58557,17.532934,18.90345,14.179728,10.829124,14.999993,13.316732,10.138842,15.422886,16.21868,13.619214,12.3289585,17.933283,14.976575,19.8949,18.9655,16.44968,20.313639,18.203773,19.39372,22.457432,18.77628,15.66901,11.837352,16.04775,11.148428,16.867193,16.698633,20.087168,23.458195,22.923552,19.315748,22.748863,22.116001,22.824877,19.794016,17.758446,13.398631,15.720049,10.283483,12.771356,15.4766865,17.439674,16.122292,19.12944,16.886606,20.171272,19.648447,22.642662
31,40.438675,36.943466,34.82689,31.044876,28.579397,28.03196,23.309042,22.396595,18.472595,18.735052,16.190569,16.604666,13.621409,12.781774,15.064987,12.785132,16.473743,16.026686,22.024784,21.222504,25.838379,28.373356,30.975243,24.712757,22.91299,21.037678,16.721687,14.351796,11.105842,9.366935,7.254032,0.0,6.8823376,7.095263,5.98154,7.487367,10.535023,11.138431,11.276836,12.413591,15.178058,16.082603,15.700413,18.485853,19.847797,21.30561,23.072084,24.104652,26.077356,24.691431,22.239084,26.354612,27.86086,24.947065,24.832613,23.484299,19.31954,19.844847,22.99802,19.841501,14.753136,18.302912,17.494854,18.586546,14.373706,10.916244,13.252714,10.609292,10.733121,16.306904,15.264142,12.443111,14.097564,19.498293,17.874058,22.857615,23.059944,21.384819,25.816708,24.303139,26.048723,29.359632,25.915314,22.623676,18.512712,22.426512,16.578503,21.36215,19.965836,22.755556,26.418459,24.929478,21.248045,24.358274,24.189758,23.819063,20.692686,17.645422,13.49353,13.5137825,7.932354,7.796123,10.148193,13.136076,13.111872,16.970486,16.479725,20.328024,21.342756,24.681448
32,40.015533,36.99878,34.017044,30.966202,28.3141,26.675304,22.937477,20.224783,16.638922,15.663542,12.217853,12.068823,8.27031,8.284797,12.888447,11.961915,16.0458,17.178198,22.426006,23.300179,27.668562,30.05517,33.571068,27.651606,25.462086,22.738089,19.457415,16.50477,13.509694,11.541843,8.857797,6.8823376,0.0,5.571658,7.3239603,6.4223614,6.98657,10.34895,11.604107,11.138129,12.896999,16.670172,16.027296,16.829609,18.651037,22.054846,22.484312,22.51414,25.390266,23.350945,22.41009,26.85315,28.428574,25.687319,26.660011,26.35368,21.83407,23.602173,26.408863,21.884642,18.097443,22.44393,22.27362,22.417294,17.44057,15.1809435,18.876108,16.946072,16.389141,21.91008,21.770794,19.071133,19.775518,25.395588,22.96314,28.034275,27.55215,24.990984,29.075642,26.507742,27.610413,30.221224,26.271145,23.757421,20.28268,24.687277,19.986948,25.542543,24.880297,28.07647,31.531837,30.371332,26.3638,29.217907,28.30047,28.230902,25.89976,22.190657,18.913155,18.89729,13.854931,12.684844,13.186986,16.284834,15.442119,20.233168,18.44068,22.596848,23.599838,25.90016
33,42.81833,39.655144,37.05999,33.517235,31.295475,29.53662,25.92762,23.714706,19.562645,19.665062,15.990786,16.7782,13.149748,13.764608,17.762009,15.582641,19.905243,19.93673,25.929327,25.796553,30.279545,33.047653,36.040676,30.194706,28.433638,26.212135,22.069712,19.804897,16.075508,15.002298,10.489352,7.095263,5.571658,0.0,5.313072,7.8927813,7.5182295,7.6216345,10.851794,12.096052,12.190983,15.101485,16.039831,17.28978,17.5728,21.230568,23.249989,22.666758,24.618464,22.165686,20.53071,26.152088,26.548826,23.226074,24.64013,24.591942,20.505592,21.970438,23.835932,19.106808,16.103857,19.415186,18.678072,18.111279,13.382845,12.034834,15.521198,14.354237,14.832579,19.76395,19.96415,18.221092,19.303368,24.58089,22.045444,27.124146,27.15536,24.48031,29.161413,26.429071,28.252024,31.023325,27.668303,25.027376,21.154537,25.964005,20.876638,26.366926,25.664469,28.574839,32.318424,31.284681,27.83782,31.17396,30.906,30.764578,27.599277,24.65883,20.440046,20.566557,15.004952,14.199712,15.322995,18.862074,18.866116,23.39962,22.489227,26.567934,27.54289,30.375021
34,38.591007,35.244247,33.067257,29.141882,27.138632,25.753761,21.861198,20.580687,16.13612,17.306011,14.214014,15.853354,13.093468,13.83122,15.8556385,12.340139,16.56099,15.652143,22.027779,21.209541,25.67455,28.646671,31.35896,25.72525,24.269705,22.393549,17.810188,16.230658,12.031128,12.268215,6.2580667,5.98154,7.3239603,5.313072,0.0,4.5885987,6.241528,5.198154,6.243759,8.272932,9.678401,10.78911,11.37129,13.726382,14.260541,16.627443,18.970013,19.141766,20.830044,19.05195,16.742989,21.671146,22.590765,19.527979,20.162767,19.694057,15.463031,16.915188,19.290304,14.976865,11.152585,15.175043,15.176108,15.349152,10.297665,8.041691,12.509595,11.5379505,10.403578,15.408117,16.334095,14.704654,14.7037945,20.036682,17.07002,22.156733,21.961676,19.187391,23.849499,21.230219,23.165823,26.13643,22.967262,20.092638,16.052027,20.854713,15.754238,21.317413,20.92085,23.916115,27.631798,26.976377,23.781939,27.44138,27.320372,27.600567,24.06282,21.99325,17.172628,18.520298,12.568967,13.703529,16.055965,19.033281,18.650896,22.403233,21.144732,24.84411,25.047956,28.174606
35,34.985275,31.796406,29.24186,25.675463,23.408283,21.858541,18.042572,16.244362,11.969226,12.747195,9.771206,11.477839,9.222453,10.222757,11.571258,8.108229,12.473281,12.332613,18.282183,18.407057,22.743431,25.539675,28.814394,23.321325,21.577682,19.223364,15.304989,13.39493,9.432141,9.827987,3.7504518,7.487367,6.4223614,7.8927813,4.5885987,0.0,4.3542223,6.9746127,5.6496377,5.2187023,8.523255,10.901578,9.701826,11.339658,13.433404,15.834334,16.496078,17.083038,19.698687,18.257608,16.871372,20.663948,22.682787,20.279112,20.715422,20.310158,15.676184,17.800154,20.872993,16.530334,12.5741415,17.661638,18.482883,19.014395,13.856942,11.411817,16.130648,14.83464,12.43191,17.623722,18.693686,16.429152,15.522719,21.085686,17.863884,22.856533,21.948538,18.947527,22.949205,20.11958,21.294182,23.97138,20.238579,17.627323,14.05175,18.757084,14.399141,20.317831,20.339972,23.702648,27.115644,26.633844,23.04898,26.440187,25.71468,26.332874,23.423506,21.022078,16.82624,18.559847,12.951702,14.306422,16.374174,18.884577,17.683,21.414303,19.119545,22.735777,22.540472,25.178816
36,36.265537,33.386612,30.472471,27.21744,25.147211,22.697037,19.899588,17.056349,12.879506,13.369192,9.540362,11.5454,9.021324,11.201962,13.701205,10.8901415,15.198909,15.537801,21.029108,21.700743,25.782116,28.615786,32.12298,26.994484,25.277805,22.745579,19.16977,17.317871,13.497746,13.872778,8.013619,10.535023,6.98657,7.5182295,6.241528,4.3542223,0.0,5.4213657,6.5223613,5.735154,5.9405656,10.812641,10.560665,10.389491,11.810174,16.12012,16.656994,15.880192,18.67147,16.416945,15.979389,20.676378,22.023785,19.488613,21.02758,21.575165,17.103333,19.850485,22.069931,16.736908,14.393633,19.218746,20.135654,19.75344,14.410047,13.264812,18.37829,17.688803,15.7018,20.470856,22.047358,20.22845,19.290165,24.695904,21.101032,26.035273,25.028576,21.498707,25.486813,21.895267,22.992764,25.1552,21.514507,19.541035,16.398046,21.456629,17.832912,23.911087,24.28305,27.645788,31.05116,30.781708,27.313435,30.744234,29.945126,30.629496,27.769379,25.30335,21.16506,22.705988,17.054464,17.794188,19.338787,22.18208,21.049301,25.194332,22.772017,26.516808,26.394163,28.671679
