,0,1,2,3,4,5,6,7,8,9,10,11,12,13,14,15,16,17,18,19,20,21,22,23,24,25,26,27,28,29,30,31,32,33,34,35,36,37,38,39,40,41,42,43,44,45,46,47,48,49,50,51,52,53,54,55,56,57,58,59,60,61,62,63,64,65,66,67,68,69,70,71,72,73,74,75,76,77,78,79,80,81,82,83,84,85,86,87,88,89,90,91,92,93,94,95,96,97,98,99,100,101,102,103,104,105,106,107,108,109,110,111,112
0,0.0,4.545526,6.838196,9.925189,12.376522,16.44777,19.622429,22.18694,26.089836,28.0288,32.53058,35.979717,33.13566,30.160133,27.862337,24.484865,20.742344,20.426964,16.49835,16.47879,12.2652235,14.532806,13.168526,8.582706,10.051341,10.137823,15.291553,16.997862,20.769266,20.62771,27.354887,30.011826,32.960266,36.073364,38.387215,41.851757,41.867653,44.406834,39.50369,35.62083,36.241432,31.983156,30.308168,27.839966,25.947872,26.225517,20.748499,25.001587,26.817287,26.955265,27.070913,29.96691,33.53288,33.40886,36.744755,35.340492,33.894142,34.422302,37.730385,34.402367,39.895702,33.87938,37.75643,37.127396,40.78065,38.534634,41.56273,40.839046,37.749348,36.603233,34.60711,37.74182,37.38579,33.312363,36.60916,33.34575,38.382835,33.23482,38.601997,37.097,37.626694,33.106236,31.198675,28.529034,25.958616,26.56976,22.009108,24.790422,20.592382,22.530075,22.099543,25.394663,25.20128,29.561602,30.983147,26.041756,27.628355,30.591223,26.304451,24.841354,23.63115,28.545076,29.693916,30.169828,33.38292,35.689205,37.43042,34.673325,38.71913,32.616318,35.783386,33.24086,35.96294
1,4.545526,0.0,4.653206,6.2043138,9.094765,12.989083,15.939752,18.908234,22.438541,24.646957,29.204857,32.432175,29.636503,26.89834,24.182793,20.621578,16.789326,16.093233,12.364995,11.934859,7.999197,10.557374,10.075161,5.5991573,6.581724,5.969703,10.85707,12.463389,16.270115,16.31964,23.06045,25.92483,28.88517,32.03129,34.266087,37.662292,37.592155,40.12224,35.131542,31.25237,31.770739,27.49612,25.801376,23.300858,21.499863,21.849964,16.6895,21.137932,23.170835,23.284948,23.218199,25.944468,29.702906,29.361654,32.71304,31.16358,29.563305,30.078821,33.290512,29.940813,35.36837,29.342766,33.27302,32.71516,36.448788,34.37126,37.51377,36.96607,33.86602,32.67514,30.473705,33.661327,33.15895,28.979696,32.22088,28.966824,33.990417,28.994854,34.279537,32.920685,33.742134,29.200916,27.586384,24.555288,21.975868,22.345219,17.925598,20.527054,16.345482,18.585041,18.361378,21.918262,22.1785,26.327099,27.436451,22.319914,24.611244,27.725578,23.02307,22.039328,20.368599,25.063396,26.129354,26.24753,29.490204,31.732857,33.331104,30.61249,34.547424,28.480032,31.765604,29.23524,32.225384
2,6.838196,4.653206,0.0,5.139615,5.9406414,9.732073,13.178253,15.363153,19.40221,21.215559,25.70259,29.209297,26.543526,23.60127,21.645922,18.055576,14.96847,14.694055,11.518006,12.4825325,10.048685,13.383812,13.64291,9.855668,10.112153,8.282302,12.024823,12.757805,15.699876,15.612893,21.408005,24.30312,26.647284,30.112236,32.169777,35.823067,35.756428,38.275753,33.59781,29.763538,30.787785,26.646187,25.49307,23.540226,21.88034,23.206722,18.994425,23.543892,25.664736,25.258696,24.552906,27.128805,30.655418,29.57403,33.590553,32.26683,30.306467,31.20905,34.105263,30.759228,35.622993,29.359104,32.87372,31.777357,35.44536,32.511806,35.81343,34.777054,31.587557,30.733109,29.044054,32.503624,32.436565,28.619438,32.240402,29.499735,34.781174,30.494184,35.604607,34.695717,36.054127,31.582926,30.390018,26.846222,24.14418,23.764452,19.679447,20.89362,16.183596,17.556816,16.305637,19.817392,20.466185,24.79383,26.265894,21.754795,23.773973,27.64484,23.52772,23.290949,22.014977,26.375132,28.322832,27.631624,31.317913,33.62068,34.654343,31.804663,35.053986,28.736683,31.629524,28.566782,31.39559
3,9.925189,6.2043138,5.139615,0.0,3.952796,8.027617,10.200016,14.113161,17.018137,19.737535,24.023897,27.519724,25.482824,23.07482,20.692442,16.358248,13.772182,11.727438,10.3009205,8.922404,8.374437,10.891155,12.741952,9.246732,7.6659956,5.042933,7.871554,9.53852,12.098586,13.534524,18.564285,22.578876,24.365131,28.336918,29.884344,33.504055,32.878452,34.989933,30.224009,26.208244,27.493494,22.836845,22.258295,19.672531,18.929647,19.464993,16.030272,20.872059,23.457056,23.572886,22.93826,25.079817,29.124584,27.87449,31.548311,29.669348,27.462065,27.89368,30.477245,26.886051,31.677551,25.307877,28.572746,27.581558,31.089586,28.70549,31.641865,30.95261,27.89096,26.685148,24.723196,27.93959,27.765514,23.93678,27.57593,24.843132,30.288757,26.128342,31.496681,30.872707,31.997215,27.981482,26.587187,22.915459,19.901758,19.206488,15.129747,16.00316,11.307732,12.782108,12.234832,15.72872,16.218592,20.353617,21.562605,16.773188,19.099447,22.824364,18.469908,18.487453,17.134583,21.330374,23.645967,22.696531,26.600677,29.03759,29.856377,26.90115,30.102554,23.741913,26.624609,23.705511,26.54585
4,12.376522,9.094765,5.9406414,3.952796,0.0,4.486589,7.3336835,10.463596,13.860254,16.221235,20.513763,24.18562,22.214846,19.674706,17.913584,13.562349,11.823682,10.27948,9.626211,9.9608755,10.574515,13.592908,15.562612,12.660116,11.434659,8.657475,9.898358,10.169737,11.604706,12.69448,16.646812,20.576391,21.826332,26.018398,27.440006,31.257078,30.703043,32.87838,28.390564,24.476519,26.129652,21.753073,21.577673,19.697502,18.958078,20.552277,18.006702,22.684229,25.204096,24.788694,23.596516,25.583881,29.311718,27.431671,31.662878,30.066957,27.597584,28.449232,30.755278,27.283092,31.49665,25.031843,27.953411,26.48323,29.98169,26.765171,29.987196,28.85305,25.672144,24.84972,23.349838,26.890661,27.07617,23.588366,27.487026,25.270048,30.788351,27.347034,32.355713,32.096054,33.80918,29.795689,28.933872,24.866486,21.957827,20.645483,17.149141,16.691769,11.748052,12.299478,10.487883,14.077656,15.342703,19.480629,20.910622,16.826872,19.139463,23.57272,19.751312,20.582106,19.431082,23.089443,25.892498,24.223433,28.332148,30.692852,31.029413,28.073854,30.585827,24.154688,26.685146,23.286867,26.075281
5,16.44777,12.989083,9.732073,8.027617,4.486589,0.0,4.106984,6.0955925,9.67185,11.810581,16.239052,19.745432,17.758501,15.324452,13.785034,9.324085,8.774187,7.5997486,8.560224,10.24489,12.3838215,15.408536,17.765625,15.90919,14.775257,11.899461,11.2425785,9.993281,9.866446,10.604523,13.002409,16.853952,17.61359,21.945852,23.244053,27.15842,26.698015,29.015726,24.710272,20.967525,22.77822,18.832859,18.953093,17.914137,17.219526,19.896511,18.5751,22.87717,25.313334,24.402178,22.630014,24.26937,27.668818,25.11155,29.773027,28.419703,25.687424,26.943205,28.904047,25.648014,29.206408,22.802485,25.463287,23.645052,27.228586,23.372822,27.066368,25.690079,22.382568,21.956259,20.698828,24.594078,24.930708,21.695946,25.656654,23.94988,29.336098,26.71004,31.153591,31.278543,33.70387,29.722578,29.578428,25.102045,22.467943,20.538523,17.909674,16.180593,11.485419,11.463094,8.689264,12.479537,15.062465,18.648865,19.845484,16.428799,19.369473,24.246944,20.625795,22.370258,21.021633,23.909306,26.783773,24.365175,28.456276,30.59719,30.463873,27.653559,29.454784,23.195559,25.497267,21.783829,24.770405
6,19.622429,15.939752,13.178253,10.200016,7.3336835,4.106984,0.0,5.8002543,6.9405975,10.278867,14.14543,17.744822,16.776352,15.088506,13.663197,8.604273,9.845428,6.8356256,10.556484,10.665851,14.36023,16.626162,19.741814,18.172653,16.352446,13.51143,11.577696,10.508631,8.770818,11.084079,10.9705305,16.122091,15.596557,20.669355,21.179928,25.149282,24.038597,25.85925,21.68998,17.802402,20.29517,15.964316,17.234194,16.02503,16.492111,18.813158,18.829813,23.015148,25.696712,25.057693,23.21102,24.314785,27.911983,24.988771,29.444838,27.73548,24.699718,25.662437,27.06757,23.699997,26.701683,20.22705,22.228195,20.143211,23.48122,19.616667,23.058653,21.738062,18.479153,17.909672,16.725954,20.586317,21.117184,18.223238,22.376034,21.131859,26.64774,24.702734,29.091816,29.718634,32.145218,28.72303,28.633242,24.031052,21.283823,18.749456,16.74453,13.681641,9.366272,8.239204,4.8933034,8.667405,11.917516,15.0133295,16.035507,13.124303,16.274551,21.321379,18.071827,20.531431,19.378387,21.559582,25.021952,21.992245,26.306889,28.488686,27.831379,24.965668,26.183823,19.940418,21.86885,17.970701,20.864635
7,22.18694,18.908234,15.363153,14.113161,10.463596,6.0955925,5.8002543,0.0,5.2191515,5.868599,10.396288,13.9570055,12.270012,9.9575205,10.019764,6.1308327,9.073552,9.139503,11.811419,14.52522,17.518444,20.411774,22.90034,21.694485,20.64753,17.784178,16.142841,13.93366,12.061617,12.199143,11.006645,14.265571,13.447714,18.104374,18.932205,23.067484,22.703009,25.0852,21.459518,18.209106,20.548323,17.579605,18.491571,18.826956,18.390236,22.227345,22.37374,26.085068,28.329721,26.857502,24.436428,25.553534,28.297697,24.805655,29.992342,29.064402,26.043818,27.815653,29.138506,26.296724,28.625057,22.565054,24.4351,21.94602,25.341932,20.237532,24.442717,22.432535,19.05096,19.458595,19.041283,23.253874,24.059834,21.62163,25.58715,24.83854,29.898682,28.569626,32.16829,32.876747,36.07661,32.322994,32.94088,28.160454,25.863087,23.280788,21.716217,18.556984,14.6703205,13.588322,9.896268,12.695063,16.481047,19.1442,20.222658,18.286308,21.260357,26.540218,23.673302,26.312239,25.08446,27.054388,30.21289,26.974909,31.02178,32.903263,32.078213,29.47656,30.136364,24.307907,25.965212,21.87632,24.711546
8,26.089836,22.438541,19.40221,17.018137,13.860254,9.67185,6.9405975,5.2191515,0.0,4.339643,7.506351,10.885459,10.936802,10.262516,10.277518,6.3179417,11.081683,9.54501,14.356983,15.663007,19.92395,22.078075,25.245783,24.467398,22.869276,20.07716,17.272272,15.12149,11.834424,13.218013,8.5527115,13.180481,10.236048,15.938008,15.560686,19.756868,18.54027,20.354893,16.96625,13.68925,16.926523,13.9096775,16.273403,16.802479,17.613468,21.173117,22.880804,26.250797,28.655546,27.42416,24.909708,25.337196,28.17246,24.243992,29.114214,27.852379,24.520277,26.025309,26.59534,23.81247,25.208157,19.329576,20.267601,17.37165,20.47216,15.067998,19.29807,17.300499,13.900329,14.433717,14.25689,18.512917,19.54126,17.720776,21.689217,21.691198,26.599072,26.312864,29.525808,30.853199,34.199677,31.100687,31.965876,27.10307,24.895386,21.713982,21.102074,16.656706,13.826705,11.930485,8.509991,10.232004,14.791621,16.27999,16.835567,15.91725,19.202938,24.386446,21.978209,25.365992,24.216982,25.210733,28.696888,24.79275,28.836573,30.60152,29.13672,26.649422,26.430325,20.993664,22.116098,17.934689,20.693323
9,28.0288,24.646957,21.215559,19.737535,16.221235,11.810581,10.278867,5.868599,4.339643,0.0,4.8449335,8.1291065,7.5885715,6.5946684,8.679088,6.8131466,12.004142,12.314405,16.06051,18.696697,22.395496,24.943378,27.683632,27.03685,25.887968,23.06433,20.592186,17.970385,14.989645,15.058278,10.460303,12.931768,9.768751,14.748488,14.63114,18.866882,18.397335,20.67979,17.926762,15.4216175,18.26901,16.495796,18.312271,19.787077,19.863256,24.248907,25.783466,28.89169,30.988544,29.234724,26.407913,26.885603,29.068375,24.837246,30.147097,29.483557,26.25832,28.303173,28.875675,26.505383,27.49656,22.073912,22.988226,19.973515,22.999887,16.916264,21.526802,19.061037,15.782285,17.063925,17.444538,21.692438,22.84068,21.308805,25.013784,25.227985,29.754173,29.732964,32.440464,33.735733,37.523636,34.170467,35.426678,30.507133,28.557838,25.479027,24.931965,20.73719,17.886211,16.23733,12.700377,14.267475,18.696217,20.156567,20.827085,20.241858,23.30965,28.578178,26.311398,29.645702,28.447737,29.504902,32.758316,28.870693,32.723858,34.30891,32.84132,30.531996,30.092209,24.967497,25.980701,21.827358,24.461584
10,32.53058,29.204857,25.70259,24.023897,20.513763,16.239052,14.14543,10.396288,7.506351,4.8449335,0.0,5.0852942,7.9926643,8.737453,12.040988,11.148264,16.589636,16.496714,20.756182,22.935553,26.985323,29.320616,32.276226,31.609234,30.227856,27.402794,24.716543,22.265514,18.854109,19.3651,13.300232,15.588942,10.535646,15.536363,14.03827,18.131998,17.084133,18.62073,17.139074,15.364687,18.996122,17.877634,20.727697,22.502039,23.258642,27.471958,29.77829,32.691467,34.815094,33.108196,30.191397,30.276316,32.24635,27.681358,32.835884,32.174236,28.823906,30.787182,30.714243,28.574524,28.510744,23.620338,23.413584,19.921513,22.180613,15.326994,19.615261,16.526524,13.610401,15.658065,17.126667,21.023449,22.717104,22.232557,25.786242,26.830505,31.048248,32.005337,34.27524,36.071198,39.96623,37.11982,38.52401,33.617485,31.714947,28.310413,28.268587,23.372894,21.120586,18.830084,15.408884,15.74961,20.112457,20.70401,21.31489,22.027573,24.555416,29.760763,28.3432,32.09242,31.235943,31.68419,35.368587,31.066076,34.927414,36.433228,34.409817,32.21529,30.864647,26.25994,26.504366,22.33023,24.35586
11,35.979717,32.432175,29.209297,27.519724,24.18562,19.745432,17.744822,13.9570055,10.885459,8.1291065,5.0852942,0.0,5.742262,8.525099,11.611113,12.545326,17.89425,18.400871,22.577536,25.048307,29.232542,31.366888,34.278023,34.306023,33.120502,30.393568,27.16883,24.218018,20.54617,20.43828,13.535011,14.09084,8.392943,12.118288,10.099296,13.86143,13.377876,15.451772,14.635738,14.030734,16.938417,17.416744,19.941195,22.717806,23.264435,27.982634,30.951252,33.199375,35.0031,32.966713,29.80413,29.469885,30.788382,25.895802,30.985252,30.739458,27.482021,29.78867,29.359692,27.839933,26.948662,22.959204,22.58612,19.247017,21.485506,14.723221,19.6019,16.867035,14.31299,16.761044,18.03078,21.785719,23.125473,22.84805,25.746542,27.136967,30.563156,32.198593,33.533455,35.489525,39.95592,37.161804,39.22974,34.324154,32.935127,29.4967,30.124144,25.21458,23.649054,21.83346,18.958183,19.468935,24.064028,24.124928,24.11151,24.87196,28.060425,32.9543,31.244509,35.164772,33.891167,33.91105,36.946728,32.503048,35.851204,36.943645,34.79229,33.02704,31.272068,27.459513,27.719675,23.931517,26.241371
12,33.13566,29.636503,26.543526,25.482824,22.214846,17.758501,16.776352,12.270012,10.936802,7.5885715,7.9926643,5.742262,0.0,3.7508473,6.774585,9.583797,14.113397,16.121408,19.05973,22.65294,26.156294,28.574162,30.967276,31.382347,30.761337,28.11812,25.111746,21.634542,18.557684,17.09031,11.84197,10.279552,7.3025026,9.376684,9.976843,13.67145,14.899361,18.369543,16.286518,15.381412,16.678923,17.424164,18.148815,21.360378,20.5973,26.085398,28.261679,30.319304,31.782028,29.276896,25.969177,25.98843,26.90335,22.140516,27.683987,27.969965,25.00064,27.840103,28.149244,26.770115,26.80556,22.672096,23.701982,21.006313,24.14355,18.174631,23.579565,21.419,18.531797,20.424395,20.647831,24.775492,25.452303,24.077183,26.86929,27.405506,30.792032,31.512075,32.845783,34.177826,38.90775,35.36865,37.670654,32.746555,31.611265,28.623512,28.905127,24.945007,22.9417,22.061123,19.219141,20.915743,25.598328,26.446363,26.432428,25.916624,29.762838,34.70643,32.034035,35.506805,33.70867,34.33271,36.560547,32.59285,35.68313,36.660114,35.16855,33.46981,32.632137,28.530758,29.65986,25.983755,28.996077
13,30.160133,26.89834,23.60127,23.07482,19.674706,15.324452,15.088506,9.9575205,10.262516,6.5946684,8.737453,8.525099,3.7508473,0.0,5.572122,8.166053,12.131968,14.83433,16.905972,21.122124,24.04535,26.834,28.90739,29.03264,28.651136,25.979713,23.544819,20.099382,17.616163,15.708603,12.189036,10.821382,9.604699,11.785901,13.255406,16.960127,18.261288,21.738022,19.160488,17.64717,18.850641,18.813501,18.983152,21.732523,20.435205,25.962677,27.234056,29.63636,31.111233,28.553791,25.340261,25.860666,26.950594,22.534988,28.29646,28.608595,25.757624,28.619713,29.461248,27.798307,28.658192,24.010479,25.616016,23.045567,26.43272,20.574167,25.853226,23.62641,20.521385,22.126345,22.166573,26.454695,27.112556,25.2726,28.363459,28.388468,32.183926,32.137543,34.00439,34.96658,39.462036,35.550617,37.54806,32.630646,31.30012,28.572039,28.243036,24.798347,22.139795,21.456968,18.32219,20.490131,24.974464,26.473082,26.820374,25.759161,29.443863,34.55941,31.672808,34.803,33.032017,34.213623,36.463535,32.81582,36.087418,37.255226,36.11882,34.207897,33.95132,29.32178,30.758177,26.933466,30.013077
14,27.862337,24.182793,21.645922,20.692442,17.913584,13.785034,13.663197,10.019764,10.277518,8.679088,12.040988,11.611113,6.774585,5.572122,0.0,5.151948,7.8228593,11.015035,12.811666,17.010448,20.018583,22.467817,24.561377,25.400892,25.144135,22.683796,19.70843,15.860168,13.473642,10.840206,8.328889,5.870905,7.8193097,9.358606,12.141125,15.585907,17.140049,21.104668,17.351702,15.462744,15.452182,15.310257,14.183541,17.080805,15.135934,20.951662,22.225313,24.289652,25.636963,23.026093,19.79161,20.301523,21.557098,17.286549,23.03041,23.258938,20.501669,23.446922,24.686943,23.052109,24.592136,19.906612,22.4917,20.61387,24.588684,19.90016,25.401955,24.032,20.828552,21.801147,20.749252,25.064936,24.994812,22.352394,25.109262,24.528566,28.11724,27.535635,29.330011,29.944212,34.529224,30.347038,32.550896,27.686924,26.667786,24.211626,24.047745,21.231382,18.912745,19.189196,16.87631,19.758902,24.253786,25.79132,25.644043,23.639154,28.18465,32.89562,29.168085,32.068745,29.729345,30.949566,32.344627,28.99787,31.861439,32.839245,32.11834,30.385988,30.733126,26.227114,28.316689,24.89934,28.591167
15,24.484865,20.621578,18.055576,16.358248,13.562349,9.324085,8.604273,6.1308327,6.3179417,6.8131466,11.148264,12.545326,9.583797,8.166053,5.151948,0.0,5.5476613,6.695032,10.034079,13.164181,16.801725,19.190567,21.81043,22.010221,21.213198,18.596987,15.57426,12.196304,9.474653,8.389354,5.915866,8.18896,8.750916,12.664687,14.244228,18.085236,18.317068,21.459572,17.25204,14.290561,15.384888,13.319043,13.167822,14.625014,13.591539,18.46131,19.554409,22.424114,24.351843,22.469332,19.669807,20.366697,22.7578,18.929817,24.207294,23.527401,20.505651,22.69865,23.999462,21.60288,23.756958,18.137365,20.640831,18.623407,22.579111,18.09121,23.103104,21.800856,18.43035,18.85624,17.59314,21.950064,22.015806,19.141073,22.467665,21.640774,26.019516,24.983393,27.74753,28.423454,32.33453,28.388212,29.86369,24.954687,23.348173,20.730124,20.105534,17.015461,14.202532,14.220283,11.789397,14.917037,19.270834,21.096899,21.146818,18.843124,23.23195,28.008001,24.331266,27.193142,25.10638,26.521975,28.526712,25.16432,28.528078,29.907476,29.163021,27.033813,27.654808,22.503103,24.62166,20.996063,24.606232
16,20.742344,16.789326,14.96847,13.772182,11.823682,8.774187,9.845428,9.073552,11.081683,12.004142,16.589636,17.89425,14.113397,12.131968,7.8228593,5.5476613,0.0,5.354864,5.002647,9.752461,12.204688,14.850381,16.880161,17.594812,17.452126,15.115222,12.473216,8.572817,7.781136,4.2137647,8.508496,9.369258,13.010453,15.339068,18.046698,21.335066,22.122774,25.595081,20.813044,17.756407,17.548368,15.263584,13.08851,13.894062,11.220246,16.141346,15.617159,18.53673,20.23792,18.201324,15.63082,17.085443,19.687996,16.794697,21.93332,21.356562,18.835892,21.076557,23.353102,20.909716,24.403288,18.797514,22.566956,21.415035,25.724482,22.362514,27.215046,26.436602,23.104694,23.027636,21.010746,25.17203,24.628902,20.869965,23.864918,21.989002,26.259462,23.883423,26.967148,26.802917,30.492619,25.836073,27.177876,22.468508,21.053858,19.28118,17.977104,16.693008,13.56637,15.1001,13.546748,17.480991,21.168774,23.588192,23.577148,19.991016,24.716377,29.075138,24.476374,26.53079,23.904457,26.050354,27.026754,24.535261,27.50906,28.830326,28.961544,26.901583,28.684904,23.437786,26.364298,23.205925,27.175117
17,20.426964,16.093233,14.694055,11.727438,10.27948,7.5997486,6.8356256,9.139503,9.54501,12.314405,16.496714,18.400871,16.121408,14.83433,11.015035,6.695032,5.354864,0.0,6.1927505,6.66065,11.215993,12.9935665,16.212858,16.46769,15.220643,12.780692,9.025372,5.840169,3.12034,4.6067653,6.9930835,11.37658,13.222313,16.968027,18.493534,21.9013,21.507942,24.14773,19.145605,15.433035,16.10094,12.247957,11.441631,10.607067,9.851262,13.1859045,13.548341,17.098852,19.520548,18.53657,16.494314,17.496677,21.103296,18.372574,22.695082,21.083778,18.196198,19.471016,21.368885,18.266312,21.92489,15.687945,19.12144,17.981874,22.124424,19.41817,23.641653,23.233839,20.000685,19.313223,16.903534,20.844604,20.256905,16.342035,19.682909,17.718063,22.601458,20.18702,24.01802,24.208994,27.295788,23.258408,24.00102,19.199343,17.210281,14.9517765,13.6370325,11.555052,8.343341,9.907905,9.101189,13.0780945,16.575516,18.79338,18.580507,14.699994,19.661507,23.828173,19.198622,21.496408,18.984837,20.892206,22.473658,19.682718,23.098715,24.738708,24.612686,22.254421,24.070091,18.450912,21.38025,18.24294,22.20612
18,16.49835,12.364995,11.518006,10.3009205,9.626211,8.560224,10.556484,11.811419,14.356983,16.06051,20.756182,22.577536,19.05973,16.905972,12.811666,10.034079,5.002647,6.1927505,0.0,6.2881274,7.2683225,10.260545,12.014729,12.639384,12.781662,10.683999,8.765817,5.2446313,7.30183,4.3908324,12.01872,13.65711,17.551603,19.879389,22.56912,25.69176,26.236437,29.456776,24.370516,20.984848,20.616955,17.524672,14.90684,14.226454,11.28253,14.747666,12.301061,15.873089,17.736193,16.270067,14.509478,16.644712,19.919277,18.212643,22.594082,21.598036,19.480566,21.125021,24.019245,21.230957,25.807827,20.04239,24.32714,23.68207,27.982475,25.46406,29.815092,29.371214,26.098719,25.494122,23.053162,26.906122,26.088783,21.828987,24.764433,22.095392,26.564423,22.974627,26.813055,26.045322,28.96628,24.031153,24.65345,20.273466,18.62507,17.636831,15.329649,15.695877,12.179546,14.705512,13.967356,18.205988,21.009588,23.937399,24.028908,19.502897,24.084831,28.002096,22.869518,24.099155,21.282394,24.180092,24.697554,23.053383,25.951763,27.468409,28.27629,26.07689,28.846136,23.34305,26.731949,23.919294,27.889545
19,16.47879,11.934859,12.4825325,8.922404,9.9608755,10.24489,10.665851,14.52522,15.663007,18.696697,22.935553,25.048307,22.65294,21.122124,17.010448,13.164181,9.752461,6.66065,6.2881274,0.0,5.6833677,6.4937897,10.22419,10.647987,9.216439,7.3828025,2.9558191,1.3022648,5.092558,6.942432,12.898072,16.620485,19.485374,22.591713,24.416016,27.415117,26.986273,29.42899,24.12283,20.323893,20.310778,15.979876,14.147378,11.374889,10.21724,10.832378,8.411747,12.964927,15.710877,15.779968,14.963119,16.610754,20.989042,19.812668,22.990648,20.8344,18.612373,18.994118,21.739727,18.311335,23.47036,17.438803,21.647274,21.48253,25.510103,24.283438,27.769016,27.974237,24.975685,23.622465,20.60107,23.851446,22.698942,18.118906,20.983305,17.77218,22.624569,18.355455,23.16564,22.42688,24.370157,19.979504,19.677011,15.378581,13.051458,12.161724,9.197082,10.444124,7.2344203,10.89683,11.9238205,15.857713,17.812035,20.488653,20.216284,14.938142,19.753271,22.909632,17.27761,18.214474,15.108615,18.111666,18.614311,17.248951,20.340645,22.188704,23.179914,20.743994,24.142754,18.482698,22.176529,19.891531,23.830896
20,12.2652235,7.999197,10.048685,8.374437,10.574515,12.3838215,14.36023,17.518444,19.92395,22.395496,26.985323,29.232542,26.156294,24.04535,20.018583,16.801725,12.204688,11.215993,7.2683225,5.6833677,0.0,4.0039096,5.431783,5.7653637,6.265601,5.4067845,5.756679,5.990003,10.480898,10.0781975,17.70768,20.158224,23.966288,26.42435,28.896221,31.816982,31.933226,34.71727,29.384481,25.724379,25.274103,21.388287,18.716696,16.278036,13.898309,14.360612,9.160996,13.532988,15.653549,15.653501,15.501252,18.053738,22.067024,21.870535,24.866486,23.176676,21.656683,22.2011,25.597193,22.464378,28.125153,22.486397,27.058104,27.084118,31.157965,29.863657,33.416943,33.485294,30.41915,29.15213,26.247608,29.471245,28.300264,23.654581,26.300041,22.750278,27.233273,22.164972,26.943157,25.435457,26.928331,21.98296,21.255493,17.746574,15.759617,16.170782,12.471445,15.534312,12.305771,15.8117285,16.465431,20.462212,21.830976,25.080877,25.184622,19.708815,23.802984,26.703896,21.009586,20.82286,17.80273,21.680773,21.401447,21.229889,23.83493,25.60539,27.352514,25.051,29.093348,23.582636,27.407892,25.298399,29.063948
21,14.532806,10.557374,13.383812,10.891155,13.592908,15.408536,16.626162,20.411774,22.078075,24.943378,29.320616,31.366888,28.574162,26.834,22.467817,19.190567,14.850381,12.9935665,10.260545,6.4937897,4.0039096,0.0,4.4370956,6.3866577,6.0620785,6.529518,5.675826,7.160058,11.312182,11.825617,18.94115,21.695211,25.474154,27.837044,30.11295,32.752327,32.612064,35.15596,29.694141,26.054625,25.313477,21.262915,18.483637,15.313688,13.428869,12.198504,6.24999,10.762945,13.168331,14.169547,14.764997,17.04057,21.47555,21.846003,23.943583,21.741081,20.461842,20.331884,23.813356,20.616238,26.67057,21.370003,26.088694,26.64151,30.591488,30.23815,33.434296,33.99656,31.132101,29.53599,26.234322,29.036968,27.479618,22.65685,24.839535,20.891338,25.065714,19.424322,24.423819,22.62952,23.53726,18.70556,17.524792,14.387565,12.469131,13.62275,9.82346,14.254899,12.11795,16.12861,17.74602,21.436928,22.454042,25.292088,24.983883,19.237036,23.545921,25.687216,19.612616,19.02955,15.540367,19.326843,18.1215,18.59759,20.725567,22.429607,24.614742,22.466349,27.04932,21.942087,26.029766,24.526886,28.338163
22,13.168526,10.075161,13.64291,12.741952,15.562612,17.765625,19.741814,22.90034,25.245783,27.683632,32.276226,34.278023,30.967276,28.90739,24.561377,21.81043,16.880161,16.212858,12.014729,10.22419,5.431783,4.4370956,0.0,5.135544,7.288549,8.5453615,9.720097,10.605415,15.010517,14.314592,22.227156,24.05815,28.493689,30.321365,33.080753,35.630493,35.952694,38.82011,33.33809,29.838371,28.739573,25.115314,21.749477,19.089497,16.362614,15.651714,8.992564,12.307628,13.794862,14.466584,15.47203,18.300112,22.180906,23.2197,25.207436,23.525328,22.773909,22.94079,26.79626,23.953018,30.15219,25.170202,30.135563,30.7551,34.813843,34.286236,37.693077,38.13253,35.180923,33.72635,30.504303,33.412426,31.84803,26.995928,29.048582,25.021315,28.84844,22.969902,27.610554,25.338573,26.16202,20.969887,19.82907,17.3602,16.000027,17.687492,14.011989,18.688732,16.39926,20.26618,21.491882,25.31875,26.264542,29.381311,29.263247,23.522354,27.54316,29.65972,23.665735,22.616938,19.290728,23.320374,21.612963,22.6538,24.359924,25.85754,28.43276,26.47769,31.257393,26.3201,30.44555,28.956879,32.748623
23,8.582706,5.5991573,9.855668,9.246732,12.660116,15.90919,18.172653,21.694485,24.467398,27.03685,31.609234,34.306023,31.382347,29.03264,25.400892,22.010221,17.594812,16.46769,12.639384,10.647987,5.7653637,6.3866577,5.135544,0.0,3.7539904,5.3327165,9.265167,11.331579,15.686496,15.81544,23.199724,25.890137,29.501322,32.15452,34.546688,37.537174,37.494526,40.062378,34.761105,30.966982,30.7605,26.557817,24.17157,21.224012,19.258455,18.544022,12.530754,16.65686,18.584923,19.315586,19.947575,22.664427,26.66661,27.098251,29.593796,27.772133,26.58515,26.67406,30.178461,26.947067,32.88791,27.326473,31.741203,31.86269,35.692238,34.646305,37.729195,37.803772,34.825527,33.33719,30.512623,33.416565,32.324318,27.753632,30.391825,26.620796,31.132298,25.486013,30.716843,28.877407,29.3138,24.642225,22.835304,20.287415,18.079168,19.286442,14.882176,18.969202,15.789173,19.03407,19.90391,23.533276,23.842981,27.46717,27.920069,22.28304,25.351328,27.671118,22.187456,20.796082,18.281973,22.91711,22.583063,23.462849,25.97984,27.979284,30.18059,27.767363,32.349113,26.806528,30.567484,28.70531,32.035168
24,10.051341,6.581724,10.112153,7.6659956,11.434659,14.775257,16.352446,20.64753,22.869276,25.887968,30.227856,33.120502,30.761337,28.651136,25.144135,21.213198,17.452126,15.220643,12.781662,9.216439,6.265601,6.0620785,7.288549,3.7539904,0.0,2.8909647,7.0007887,10.226289,14.123468,15.47272,21.929453,25.521551,28.417347,31.627642,33.52828,36.6171,36.089653,38.261116,33.037815,29.093111,29.347986,24.692362,23.033604,19.583582,18.546955,17.174307,11.980236,16.575125,19.036121,20.183441,20.713995,23.023886,27.41455,27.471745,29.901806,27.640028,26.125292,25.842705,28.982029,25.46495,31.233273,25.470697,29.49115,29.534933,33.12858,32.294617,34.98487,35.157444,32.30356,30.610651,27.788734,30.465961,29.459194,25.028461,27.807426,24.138098,28.945263,23.470186,29.078735,27.60373,27.75333,23.595612,21.420603,18.717268,15.97917,16.860165,12.2004175,16.063839,12.913633,16.026587,17.306877,20.64674,20.595184,24.11957,24.556122,18.886986,21.768167,23.936464,18.495882,17.095953,14.7383375,19.470861,19.799702,20.479216,23.397814,25.665174,27.590107,24.960392,29.44562,23.744913,27.35747,25.537989,28.670855
25,10.137823,5.969703,8.282302,5.042933,8.657475,11.899461,13.51143,17.784178,20.07716,23.06433,27.402794,30.393568,28.11812,25.979713,22.683796,18.596987,15.115222,12.780692,10.683999,7.3828025,5.4067845,6.529518,8.5453615,5.3327165,2.8909647,0.0,5.3760743,8.352062,12.017735,13.498744,19.622715,23.40399,25.997557,29.441145,31.234322,34.47826,33.91803,36.096992,30.972212,26.992283,27.529938,22.85017,21.495344,18.29777,17.350842,16.698612,12.209931,17.036034,19.62246,20.347242,20.380732,22.601124,26.935148,26.471233,29.367023,27.207132,25.392849,25.380856,28.327293,24.758415,30.21369,24.192604,28.030312,27.753307,31.382261,30.076843,32.91792,32.86113,29.923538,28.377996,25.748045,28.648657,27.857733,23.544405,26.619904,23.238115,28.303297,23.304522,28.824854,27.687923,28.32332,24.164934,22.408697,19.173193,16.308298,16.501616,12.017125,14.81004,11.041936,13.891461,14.742948,18.247387,18.535492,22.185087,22.759783,17.256367,20.258617,23.012516,17.746733,17.01971,14.8171425,19.321127,20.342241,20.281229,23.592972,25.905958,27.397537,24.650251,28.678143,22.710625,26.15816,23.953173,27.116508
26,15.291553,10.85707,12.024823,7.871554,9.898358,11.2425785,11.577696,16.142841,17.272272,20.592186,24.716543,27.16883,25.111746,23.544819,19.70843,15.57426,12.473216,9.025372,8.765817,2.9558191,5.756679,5.675826,9.720097,9.265167,7.0007887,5.3760743,0.0,4.2511625,7.3306675,9.891061,15.274888,19.453573,21.912077,25.320108,26.884216,29.922867,29.182625,31.297348,26.048328,22.116755,22.428823,17.700825,16.373209,12.946935,12.512942,11.755169,8.769399,13.652449,16.59571,17.31408,17.00246,18.655342,23.237906,22.382008,25.158262,22.708187,20.595976,20.477547,23.166838,19.534712,24.856932,18.818155,22.768457,22.68559,26.447645,25.56547,28.557255,28.86152,25.982458,24.359005,21.327745,24.251137,23.13686,18.605164,21.514336,18.127747,23.163734,18.505295,23.845945,23.035309,24.228716,20.157583,19.059883,15.130025,12.311325,11.790754,7.908949,10.082501,6.7814155,10.547149,12.128739,15.762923,16.92156,19.788218,19.65552,14.052064,18.401842,21.194187,15.451178,15.82856,12.825502,16.381176,17.135359,16.241856,19.538105,21.676668,22.84837,20.211672,23.989449,18.170874,21.854927,19.764858,23.420584
27,16.997862,12.463389,12.757805,9.53852,10.169737,9.993281,10.508631,13.93366,15.12149,17.970385,22.265514,24.218018,21.634542,20.099382,15.860168,12.196304,8.572817,5.840169,5.2446313,1.3022648,5.990003,7.160058,10.605415,11.331579,10.226289,8.352062,4.2511625,0.0,4.506193,5.6567674,12.022439,15.438689,18.539858,21.4737,23.449299,26.43106,26.175488,28.78515,23.468142,19.751131,19.574547,15.483593,13.384917,11.019578,9.433145,10.793505,8.623542,12.921442,15.523423,15.260646,14.194519,15.85976,20.09984,18.773327,22.164688,20.183311,17.929878,18.57462,21.34818,18.046268,23.103804,17.114058,21.421484,21.210896,25.345133,23.938576,27.647026,27.790298,24.741352,23.527605,20.541689,23.929663,22.776224,18.209772,21.038618,17.930021,22.664022,18.584682,23.124552,22.406958,24.667807,20.145535,20.17753,15.775486,13.682656,12.684496,10.098334,11.000364,7.895669,11.385055,12.119294,16.14002,18.399136,21.007736,20.700523,15.59734,20.533905,23.830776,18.269588,19.384438,16.263418,19.081757,19.48549,17.966085,20.952711,22.671093,23.593113,21.254433,24.481071,18.917418,22.587452,20.223873,24.25379
28,20.769266,16.270115,15.699876,12.098586,11.604706,9.866446,8.770818,12.061617,11.834424,14.989645,18.854109,20.54617,18.557684,17.616163,13.473642,9.474653,7.781136,3.12034,7.30183,5.092558,10.480898,11.312182,15.010517,15.686496,14.123468,12.017735,7.3306675,4.506193,0.0,5.198507,7.9722476,12.641497,14.659181,18.18561,19.555262,22.642952,21.975136,24.37812,19.125917,15.317945,15.622642,11.272223,10.213384,8.212182,8.046947,10.293273,11.063957,14.648442,17.31724,16.863325,15.196687,16.003479,20.098442,17.794992,21.455563,19.345959,16.496239,17.238682,19.229649,15.880273,20.05386,13.758539,17.569002,16.973331,21.138979,19.46085,23.337034,23.477037,20.433672,19.316301,16.339827,19.932936,18.898321,14.554464,17.638323,15.191551,20.10649,17.24583,21.380058,21.461588,24.286621,20.346354,20.938871,16.135185,14.106122,11.868566,10.696057,8.970877,6.433381,9.063146,9.651829,13.41134,16.490694,18.410807,17.77167,13.356059,18.7837,22.400122,17.298906,19.475704,16.58194,18.345898,19.471117,16.810163,20.073248,21.709936,21.787899,19.453672,21.710232,16.172682,19.499725,16.820349,21.00205
29,20.62771,16.31964,15.612893,13.534524,12.69448,10.604523,11.084079,12.199143,13.218013,15.058278,19.3651,20.43828,17.09031,15.708603,10.840206,8.389354,4.2137647,4.6067653,4.3908324,6.942432,10.0781975,11.825617,14.314592,15.81544,15.47272,13.498744,9.891061,5.6567674,5.198507,0.0,8.493907,10.113137,14.263652,16.350147,18.956026,21.840216,22.344318,25.645304,20.415586,17.200207,16.34851,13.601732,10.577929,10.5479355,7.4806633,12.047868,11.596833,14.430701,16.311728,14.665339,12.378215,13.770247,17.10064,14.766217,19.223137,18.0974,15.644595,17.47822,20.071472,17.451069,21.66306,16.06664,20.472832,19.994003,24.437141,22.245077,26.82729,26.704473,23.528406,22.959423,20.243658,24.094051,23.002817,18.734371,21.34329,18.901608,23.019669,20.069214,23.320774,22.885984,26.412973,21.664888,23.004848,18.323914,17.090256,15.576942,14.450483,13.907867,11.465738,13.995667,13.666417,17.645706,21.014288,23.177725,22.698395,18.508224,23.772596,27.543365,22.38027,24.223099,21.122988,23.160353,23.38859,21.187979,23.80025,25.009129,25.486465,23.558357,25.879068,20.849194,24.240627,21.60744,25.867554
30,27.354887,23.06045,21.408005,18.564285,16.646812,13.002409,10.9705305,11.006645,8.5527115,10.460303,13.300232,13.535011,11.84197,12.189036,8.328889,5.915866,8.508496,6.9930835,12.01872,12.898072,17.70768,18.94115,22.227156,23.199724,21.929453,19.622715,15.274888,12.022439,7.9722476,8.493907,0.0,6.785997,6.7219462,10.871688,11.668751,15.05658,14.53466,17.455265,12.51425,9.251714,9.911968,7.482205,7.901465,9.732446,10.03681,14.570205,17.576359,19.777052,21.826452,20.367138,17.643959,17.433647,20.178038,16.16337,20.710154,19.410505,16.05056,17.855375,18.568401,16.189482,17.905136,12.327399,14.873702,13.2324095,17.497091,14.201426,19.29246,18.950401,15.830505,15.796227,13.595828,17.757698,17.181427,14.103512,16.958118,16.342892,20.343168,20.005249,22.28481,23.392815,27.542723,24.124903,26.01607,21.073416,19.835999,16.79613,17.429193,13.633666,12.519512,12.86388,11.953193,14.544187,18.983429,19.73795,18.803175,16.598648,21.8719,25.977852,22.064772,25.33382,22.867455,23.317642,24.8343,21.062422,24.00741,25.079514,24.011515,22.195137,22.445087,17.947393,20.179344,17.067982,21.130934
31,30.011826,25.92483,24.30312,22.578876,20.576391,16.853952,16.122091,14.265571,13.180481,12.931768,15.588942,14.09084,10.279552,10.821382,5.870905,8.18896,9.369258,11.37658,13.65711,16.620485,20.158224,21.695211,24.05815,25.890137,25.521551,23.40399,19.453573,15.438689,12.641497,10.113137,6.785997,0.0,6.821248,6.3190904,9.870335,12.402148,14.226084,18.572386,14.1317005,12.6476,10.819735,11.808557,9.380741,13.349346,11.275797,17.357399,19.838305,20.929142,22.03523,19.412838,16.046701,15.755745,16.851713,12.187681,17.68094,17.854393,15.043541,18.192139,19.247952,18.101952,19.416828,15.460977,18.58963,17.504934,21.763727,18.471905,24.070538,23.647911,20.721542,21.324625,19.421654,23.414783,22.582756,19.648018,21.554651,20.88679,23.625376,23.38254,24.331865,24.98018,30.021002,25.973263,28.838478,24.07756,23.718752,21.311443,22.119537,19.481033,18.435759,19.40305,18.263672,21.079807,25.57077,26.463863,25.531277,23.291735,28.628218,32.69254,28.494995,31.473217,28.605623,29.213524,29.640694,26.299688,28.431715,28.93487,28.272573,27.032944,27.365452,23.71432,26.114882,23.385818,27.51031
32,32.960266,28.88517,26.647284,24.365131,21.826332,17.61359,15.596557,13.447714,10.236048,9.768751,10.535646,8.392943,7.3025026,9.604699,7.8193097,8.750916,13.010453,13.222313,17.551603,19.485374,23.966288,25.474154,28.493689,29.501322,28.417347,25.997557,21.912077,18.539858,14.659181,14.263652,6.7219462,6.821248,0.0,6.2018156,5.6380196,9.694763,9.719827,13.3309145,9.762942,8.465306,9.494223,10.413295,11.743511,15.166177,15.421528,20.394304,23.910229,25.524254,27.156324,25.154112,22.01311,21.336046,22.818108,17.97337,22.8129,22.363216,19.089325,21.481985,21.295233,19.90362,19.581873,15.547354,16.522678,14.143756,17.683523,12.852865,18.582806,17.563505,14.728751,15.974541,15.116365,19.124077,19.13546,17.545757,19.884214,20.566582,23.598198,24.817469,25.817348,27.477234,32.249237,29.203682,31.714697,26.853523,25.987265,22.766598,23.942886,19.617506,18.838104,18.309984,16.667679,18.263634,23.03111,23.123507,22.220709,21.53431,26.225859,30.530182,27.489017,31.189302,29.036259,28.941612,30.696646,26.518433,29.222612,29.960897,28.272814,26.837242,25.80433,22.268177,23.556295,20.3836,23.86833
33,36.073364,32.03129,30.112236,28.336918,26.018398,21.945852,20.669355,18.104374,15.938008,14.748488,15.536363,12.118288,9.376684,11.785901,9.358606,12.664687,15.339068,16.968027,19.879389,22.591713,26.42435,27.837044,30.321365,32.15452,31.627642,29.441145,25.320108,21.4737,18.18561,16.350147,10.871688,6.3190904,6.2018156,0.0,4.947541,6.6941977,9.845989,14.730599,11.721731,12.149112,10.293611,13.677673,12.775773,17.412472,16.385351,22.04554,25.533144,26.132689,27.040913,24.36995,20.950834,19.935675,20.03647,14.911967,19.84048,20.488258,17.761345,20.971224,20.866934,20.57309,19.844942,17.379452,19.031982,17.58449,21.138891,17.393705,23.111736,22.534994,20.097708,21.415161,20.259594,23.907436,23.352076,21.571077,22.941963,23.415186,25.265327,26.59639,26.38054,27.714428,33.18676,29.812689,33.161514,28.513416,28.4247,25.662865,27.200968,23.737339,23.314291,23.567547,22.251015,24.226244,28.94751,29.075352,27.927309,26.85629,31.947392,35.988045,32.46145,35.93422,33.289845,33.17469,33.830273,29.996727,31.899422,32.089916,30.755373,29.887104,29.028229,26.331043,27.967548,25.360052,29.091812
34,38.387215,34.266087,32.169777,29.884344,27.440006,23.244053,21.179928,18.932205,15.560686,14.63114,14.03827,10.099296,9.976843,13.255406,12.141125,14.244228,18.046698,18.493534,22.56912,24.416016,28.896221,30.11295,33.080753,34.546688,33.52828,31.234322,26.884216,23.449299,19.555262,18.956026,11.668751,9.870335,5.6380196,4.947541,0.0,4.2610855,5.46564,10.081007,8.051913,9.402428,9.180084,12.747241,13.9977455,18.195343,18.595846,23.465208,27.750332,28.574469,29.838423,27.66307,24.4308,23.114779,23.699423,18.606194,22.890646,22.905315,19.868961,22.431185,21.438005,21.024038,19.098946,16.875456,16.982439,14.892452,17.745737,13.495215,19.075447,18.402288,16.334967,17.989801,17.427374,20.7513,20.598257,19.816917,21.164558,22.56972,24.364162,26.762072,26.450817,28.488537,33.74549,31.141512,34.29228,29.646751,29.328798,26.097824,28.025152,23.62889,23.653801,23.155966,21.86506,22.996048,27.707819,27.141073,25.836151,25.771307,30.489061,34.43208,31.62981,35.528893,33.27616,32.564304,33.888847,29.560688,31.660666,31.917397,29.898212,29.021837,27.206602,24.905096,25.790413,23.16859,26.437704
35,41.851757,37.662292,35.823067,33.504055,31.257078,27.15842,25.149282,23.067484,19.756868,18.866882,18.131998,13.86143,13.67145,16.960127,15.585907,18.085236,21.335066,21.9013,25.69176,27.415117,31.816982,32.752327,35.630493,37.537174,36.6171,34.47826,29.922867,26.43106,22.642952,21.840216,15.05658,12.402148,9.694763,6.6941977,4.2610855,0.0,5.0251303,9.831415,8.880228,11.577541,9.904279,14.82202,15.49277,20.03911,20.356783,25.05718,29.75493,29.920301,30.85139,28.588078,25.386427,23.623034,23.535744,18.512896,22.125465,22.49927,19.801558,22.438961,20.990286,21.380678,18.543488,17.81494,17.724453,16.280079,18.746359,15.674922,20.848644,20.710178,19.14765,20.730768,19.996376,22.798628,22.28035,21.728241,22.252115,23.866024,24.644135,27.63134,26.318314,28.46124,34.036617,31.690544,35.32621,30.927542,31.090849,28.006441,30.419577,26.255932,26.824274,26.599625,25.680405,26.762253,31.392967,30.53403,28.915655,28.906815,33.809063,37.40426,34.51887,38.41613,35.95973,34.90571,35.65702,31.402315,32.924515,32.772823,30.715208,30.308676,28.228159,26.83451,27.680187,25.592625,28.858461
