,0,1,2,3,4,5,6,7,8,9,10,11,12,13,14,15,16,17,18,19,20,21,22,23,24,25,26,27,28,29,30,31,32,33,34,35,36,37,38,39,40,41,42,43,44,45,46,47,48,49,50,51,52,53,54,55,56,57,58,59,60,61,62,63,64,65,66,67,68,69,70,71,72,73,74,75,76,77,78,79,80,81,82,83,84,85,86,87,88,89,90,91,92,93,94,95,96,97,98,99,100,101,102,103,104,105,106,107,108,109,110,111,112,113
0,0.0,4.121053,7.2584443,10.268105,12.651486,15.210939,18.371674,20.360344,24.116644,26.176472,30.960588,32.78409,29.723091,28.574614,26.405308,23.8042,19.777285,22.092,16.558239,22.132872,20.35319,16.896845,20.138922,22.577898,21.284819,24.132645,22.226635,24.326101,25.714628,26.88825,32.36759,32.354176,36.78858,36.17673,40.23074,42.00531,44.42381,46.532795,41.719467,38.920433,39.321033,35.328564,34.009205,32.277004,29.409937,29.886301,26.569574,28.372875,27.729118,30.561735,32.390995,36.004116,38.33407,40.612522,41.87494,40.380398,39.529484,36.133144,32.906513,32.683662,35.786907,35.961033,36.379185,39.092293,38.399837,44.166374,41.795124,46.501694,45.51424,44.96841,43.048073,38.69354,39.943512,36.827873,41.37073,36.85475,41.628952,37.88891,39.884037,40.4755,41.711147,36.19529,33.453976,31.469046,29.118917,29.860548,26.895416,29.012167,28.447,31.989086,32.81678,35.800938,38.705273,40.335594,44.57879,41.292156,37.983746,35.539577,32.946857,29.420448,28.78794,26.25957,27.887384,23.560287,28.360409,26.153011,26.055332,30.629787,30.576117,34.77665,33.506554,37.87522,37.928562,42.489258
1,4.121053,0.0,3.6520333,6.4715557,8.931218,11.155544,14.380098,16.362656,20.042585,22.2024,26.900427,28.88787,25.9176,24.755518,22.861845,20.43881,16.794569,19.426355,14.423453,20.43237,19.616776,16.514881,20.294643,22.129505,20.513014,23.036718,20.31899,21.996523,23.010197,23.952227,29.048767,28.730036,33.209152,32.351757,36.515614,38.15275,40.68018,42.902054,38.11664,35.399258,35.913857,32.07747,30.940859,29.519354,26.851534,27.672451,24.58841,26.82761,26.737698,29.45244,31.503805,35.12237,37.338295,40.006115,40.790802,39.248352,38.114193,34.59662,31.538115,30.845816,33.946026,33.534725,33.94932,36.2493,35.447,40.966568,38.563606,43.433437,42.19168,41.554016,39.860706,35.48643,37.038136,34.17278,38.92193,34.741753,39.78322,36.522728,38.71614,39.58117,41.324512,36.00228,33.55737,31.177736,28.424282,28.601082,25.85092,27.056057,26.81384,30.103907,31.378458,34.378414,36.99273,38.583565,43.13516,39.832928,36.53191,34.31654,31.993906,28.184578,27.110893,24.52766,25.556522,21.364887,25.609798,23.187033,23.068375,27.714203,27.72753,32.31047,31.210808,35.59511,36.00616,40.457413
2,7.2584443,3.6520333,0.0,5.1590176,6.0829377,8.206987,11.640926,13.280783,17.136324,18.970781,23.862564,25.533834,22.601965,21.748798,19.44123,17.512802,13.703276,16.937155,12.084566,18.48777,18.363865,15.505173,19.556528,20.638283,18.58537,20.965418,17.618103,19.249321,19.849483,21.105894,25.697771,25.674599,29.85347,29.295963,33.354183,34.927555,37.543835,39.843483,35.173893,32.556263,32.795856,29.245876,27.779354,26.648691,23.689154,24.940386,21.620487,24.135376,24.347178,26.82875,29.085302,32.67627,34.925926,37.850727,38.272556,36.59891,35.36966,31.751793,28.981588,27.91285,31.249952,30.412365,31.13066,33.25277,32.62332,38.02219,35.82835,40.815094,39.61224,39.144905,37.57724,33.22004,34.96248,32.078342,37.055336,33.044773,38.2836,35.651863,37.665802,38.99708,40.87986,35.755196,33.630894,30.784971,27.83301,27.66322,24.761417,25.317541,24.916643,27.881203,29.38229,32.53743,35.04852,36.269173,41.027122,37.518578,34.299088,32.154724,30.19158,26.342398,25.016226,22.82267,23.556484,19.903135,23.862097,21.776817,22.020254,26.572653,26.331865,31.374239,29.923147,34.38469,34.86873,39.212093
3,10.268105,6.4715557,5.1590176,0.0,3.950344,6.5513835,8.5082035,12.154309,14.577715,17.446772,21.767982,23.948622,20.573914,18.839184,17.929565,14.895289,12.465722,14.684563,11.353794,17.095377,17.795473,15.69092,19.857327,20.9941,19.40457,21.055943,17.585651,18.157948,18.990974,18.893944,24.062874,22.905964,27.89519,26.433308,30.735865,32.498924,34.83284,36.981087,32.098778,29.354149,30.304739,26.335762,25.938965,24.64845,22.98219,23.760359,21.860544,24.517965,25.330975,28.088512,30.166727,33.691814,35.422806,38.531494,38.74979,37.431076,35.76604,32.28147,29.162905,28.075352,30.577728,29.650154,29.5177,31.271965,30.07488,35.333702,32.68815,37.618317,36.07145,35.256226,33.70575,29.326818,31.111448,28.62323,33.47806,29.77675,35.05029,32.335606,34.89167,35.992496,38.505386,33.56773,31.593288,28.798376,25.523712,24.850117,22.722546,22.59966,23.137693,26.118,28.014692,30.780718,32.86273,34.731533,39.568195,36.56557,33.257477,31.524767,29.428831,25.221416,23.54029,20.593588,20.673191,16.559399,19.890167,17.16131,17.067474,21.707405,21.766565,26.707445,25.863688,30.186798,31.065796,35.331425
4,12.651486,8.931218,6.0829377,3.950344,0.0,4.560684,6.194695,9.826167,12.227514,14.617394,19.274084,20.81961,17.27212,15.926444,14.241196,11.660408,8.805122,11.83476,8.749136,14.807585,16.260601,14.498616,18.770779,19.040255,17.02101,18.46524,14.363759,14.883301,15.286865,15.650224,20.398287,19.799526,24.418839,23.52601,27.619106,29.430243,31.793276,33.975246,29.21376,26.54456,27.037506,23.35396,22.405823,21.36367,19.275475,20.491573,18.31951,21.221733,22.33523,24.842813,27.085764,30.552837,32.31154,35.6415,35.5232,34.083733,32.3492,28.788841,25.962551,24.528042,27.282326,25.985996,26.219542,27.900257,26.979767,32.223118,29.88148,34.916893,33.566544,33.069115,31.568876,27.216806,29.13076,26.470413,31.583761,27.977829,33.42802,31.455112,33.64537,35.319523,37.814842,33.10659,31.489388,28.19261,24.809715,23.852749,21.425625,20.669731,20.853018,23.446138,25.522078,28.493,30.529493,31.900959,36.919464,33.65203,30.44796,28.75427,27.065077,22.894518,20.988861,18.635529,18.492744,15.218161,18.349037,16.385466,16.980223,21.330982,20.895252,26.342329,24.817522,29.244267,30.046202,34.190186
5,15.210939,11.155544,8.206987,6.5513835,4.560684,0.0,4.317203,5.630843,8.968806,11.165167,15.770813,17.925016,15.300347,14.473856,13.23398,12.293908,10.647075,14.341264,12.478348,18.319227,20.403421,18.825424,23.087168,22.920025,20.564041,21.835268,17.06266,17.213945,16.566885,16.964859,19.94452,18.952042,23.151585,21.860422,26.194927,27.362024,30.265453,32.856876,28.327177,26.001009,26.547316,23.585112,22.708725,22.569988,20.430273,22.531326,20.234432,23.568571,25.070225,27.06476,29.610325,32.96123,34.798717,38.413933,37.787025,36.111336,34.278316,30.590717,28.383232,26.267502,29.328812,27.039516,27.688625,28.590801,27.683252,32.24122,30.020588,35.330196,33.484867,32.79743,31.879555,27.602612,30.111153,28.009893,33.299126,30.318846,35.936256,34.532246,36.879807,38.7252,41.575443,37.07849,35.63501,32.234196,28.708939,27.348045,25.21321,23.569628,24.001196,26.066107,28.530376,31.492508,33.176907,34.25865,39.52423,36.150005,33.105904,31.625597,30.38592,26.222845,23.98427,21.914698,21.008442,18.278198,20.172632,17.78966,18.053356,22.318653,22.219881,27.95541,26.976133,31.210566,32.521046,36.396957
6,18.371674,14.380098,11.640926,8.5082035,6.194695,4.317203,0.0,6.2069716,6.32521,9.625898,13.578564,15.748503,12.4011,10.707742,10.800494,8.998794,9.249647,11.974505,12.108689,16.83109,19.805275,19.01048,23.137785,22.652699,20.588306,21.147205,16.308807,15.447072,14.769101,13.990396,17.139977,15.239415,20.090576,18.206787,22.656723,24.113586,26.691933,29.120659,24.43595,22.014502,22.995186,19.796215,19.700634,19.570637,18.552721,20.362093,19.331434,22.721361,24.767565,26.832418,29.206015,32.400047,33.78303,37.562737,36.65965,35.268646,33.082188,29.564331,27.2299,25.02847,27.380713,24.904652,24.933527,25.435303,24.151306,28.543692,26.07748,31.37275,29.34747,28.542242,27.65756,23.388369,26.017103,24.21014,29.48848,26.897566,32.561214,31.554844,34.09069,36.04397,39.32816,35.178364,34.069347,30.525614,26.80257,24.916237,23.33387,20.776527,21.818438,23.583364,26.41595,29.079498,30.336428,31.68745,37.026867,33.998085,30.987045,29.901487,28.78194,24.483643,21.910295,19.639431,17.985655,15.607329,16.49121,14.093268,14.543542,18.517166,18.349731,24.257582,23.394812,27.48859,29.080233,32.75409
7,20.360344,16.362656,13.280783,12.154309,9.826167,5.630843,6.2069716,0.0,5.5364733,6.160642,10.850477,13.173979,11.898074,12.267055,11.161185,12.743821,12.457644,16.527481,16.084646,21.320078,24.22682,23.08072,27.230782,26.27061,23.562346,24.435968,19.05125,18.731579,16.848034,17.461172,17.893053,16.895761,20.044127,18.769073,23.047825,23.449068,26.93868,29.958994,25.908352,24.116798,24.367226,22.559961,21.453186,22.47469,20.229633,23.349688,21.03648,24.743023,26.78032,28.071325,30.891033,33.976788,35.803417,39.766716,38.422977,36.51171,34.537926,30.801819,29.443508,26.5171,29.848106,26.372492,27.617033,27.589134,26.900415,30.544495,28.733162,34.249878,32.06738,31.430004,31.183563,27.16207,30.26442,28.686003,34.132557,31.909117,37.640495,37.249287,39.483486,41.79361,44.933445,40.82938,39.770493,36.048405,32.40242,30.560194,28.60245,25.878166,26.342798,27.597164,30.458982,33.419006,34.673645,35.16622,40.67038,37.132423,34.383213,33.204952,32.658955,28.643578,26.049528,24.640461,22.964188,21.348696,21.932795,19.84878,20.240835,23.936638,23.81971,29.864336,28.979572,32.956055,34.648182,38.102734
8,24.116644,20.042585,17.136324,14.577715,12.227514,8.968806,6.32521,5.5364733,0.0,4.433518,7.2865205,10.235548,8.292638,7.61096,9.246887,10.4672165,12.665542,15.400676,17.076069,20.963808,24.73187,24.386557,28.357178,27.137379,24.809872,24.898087,19.583307,18.09973,16.122196,15.220158,15.146366,12.539706,16.42501,13.909403,18.521511,19.07634,22.300243,25.238985,21.058367,19.304605,20.258373,18.457605,18.565859,19.857021,19.197174,21.978449,21.297657,25.000404,27.651031,29.00157,31.585443,34.44314,35.690975,39.833115,38.129288,36.582066,34.172096,30.691786,29.241474,26.206188,28.592062,24.779644,25.232798,24.44321,23.228237,26.326864,24.209488,29.72414,27.113602,26.216948,26.25082,22.355068,25.770376,24.83101,30.163462,28.662012,34.357155,34.533752,37.028618,39.41382,43.111755,39.48262,38.81838,35.016598,31.192608,28.741823,27.54471,23.739162,24.982582,25.773169,29.072481,31.587154,32.21839,33.033386,38.589657,35.5451,32.892956,32.255875,31.886387,27.778955,24.82322,23.2269,20.611046,19.573967,18.628304,16.546913,16.992527,20.02483,19.96588,26.028603,25.522963,29.136572,31.28453,34.35185
9,26.176472,22.2024,18.970781,17.446772,14.617394,11.165167,9.625898,6.160642,4.433518,0.0,5.3729496,7.0477724,6.905049,8.681233,8.371021,12.139541,13.770181,17.223522,18.709732,22.617489,26.466375,26.095974,29.964445,28.19991,25.480112,25.5943,20.005117,18.805267,15.98402,16.21203,13.999036,12.776188,14.817655,13.569346,17.606895,17.520376,21.312252,24.580702,21.002583,19.749094,19.715424,19.08878,18.047283,20.17251,18.552567,22.241453,20.78654,24.61983,27.35274,28.088491,30.908852,33.585293,35.048306,39.3242,37.229336,35.362694,33.073605,29.519049,28.832716,25.280096,28.277773,23.760462,25.172474,24.08293,23.504944,26.13152,24.73393,30.296204,27.91152,27.45689,27.78618,24.166965,27.708298,26.676065,32.10513,30.76106,36.448257,37.247696,39.293045,42.114586,45.582905,42.07594,41.566986,37.50777,33.773342,31.35789,29.776463,25.836597,26.484175,26.791498,30.062971,32.7987,33.445972,33.465954,39.094543,35.65254,33.25828,32.589436,32.743332,28.937803,25.98679,25.214407,22.689,22.434351,21.56083,20.237123,21.054207,23.788002,23.389202,29.551397,28.510445,32.09755,34.07161,36.96948
10,30.960588,26.900427,23.862564,21.767982,19.274084,15.770813,13.578564,10.850477,7.2865205,5.3729496,0.0,5.274448,7.6137123,9.232893,11.465436,15.13805,18.108627,20.679466,23.219326,26.36786,30.62824,30.636778,34.402466,32.52425,30.003157,29.69855,24.237282,22.413206,19.475792,18.766052,15.159483,12.560897,13.912851,11.204075,15.219338,14.145463,18.292269,21.845266,18.795986,18.203922,18.753765,19.073528,19.134773,21.88811,21.480831,25.04502,24.62613,28.383064,31.468603,32.0313,34.73451,37.14319,38.241207,42.647675,40.131756,38.433327,35.890766,32.582775,32.160725,28.40929,30.784056,25.742636,26.763832,24.62739,23.722788,25.044216,23.661652,29.099392,26.046192,25.245657,26.370604,23.23208,27.224691,27.144487,32.27623,31.888245,37.404984,38.812958,41.090008,43.93363,47.88265,44.796074,44.56756,40.52675,36.703556,33.855766,32.90751,28.20734,29.429161,29.255878,32.819603,35.15739,35.197773,35.304024,40.913048,37.863243,35.69284,35.494663,35.915142,32.161472,29.002422,28.187346,24.979399,25.177046,22.985434,21.55201,22.10563,24.075172,23.973045,29.834927,29.465067,32.498974,35.0005,37.373497
11,32.78409,28.88787,25.533834,23.948622,20.81961,17.925016,15.748503,13.173979,10.235548,7.0477724,5.274448,0.0,5.456208,9.1420555,9.474947,14.665679,17.490683,20.051702,22.974041,25.43299,29.921751,30.255867,33.698067,31.16299,28.510433,27.899523,22.505985,20.63932,17.111786,17.123142,11.486273,10.676043,9.7786255,9.430071,12.259812,11.212931,15.4902,19.080227,16.543982,16.297972,15.47006,16.901175,15.720069,19.1925,18.299765,22.397423,21.870823,25.523458,28.813437,28.842354,31.545359,33.632885,34.66714,39.162914,36.239613,34.4439,31.901537,28.713604,28.934843,24.827267,27.355818,21.767685,23.485552,21.089025,20.878572,21.922424,21.379917,26.741293,24.337545,24.335657,25.377754,22.534464,26.358995,25.927841,31.088287,30.773224,36.180122,38.358017,40.010395,43.401833,47.04757,44.24654,44.329563,39.97786,36.300236,33.43716,32.186268,27.247622,27.889463,27.088524,30.59904,33.02194,33.000183,32.30436,37.890083,34.5795,32.7266,32.634247,33.627674,30.280783,27.142298,27.239656,24.096859,25.35056,23.227615,22.987072,24.267044,25.839449,25.045305,30.995384,29.624208,32.65458,34.75299,36.93323
12,29.723091,25.9176,22.601965,20.573914,17.27212,15.300347,12.4011,11.898074,8.292638,6.905049,7.6137123,5.456208,0.0,4.41015,4.887722,9.356675,12.827586,14.7666445,18.307215,20.233526,24.887352,25.504122,28.84045,26.380615,24.012545,23.163452,17.933067,15.65186,12.49043,11.789087,7.709409,6.333947,8.24145,7.800543,11.37456,12.398417,15.423787,18.34134,14.636803,13.354443,12.833125,12.634456,11.672248,14.417935,14.095014,17.60909,17.79593,21.397818,24.771399,25.338623,27.813797,30.076118,30.892065,35.314472,32.762867,31.28242,28.582624,25.402458,24.846264,21.150887,23.19611,18.26196,19.217663,17.462818,16.882296,19.262247,18.11745,23.651447,21.621758,21.71663,21.943521,18.611317,22.116034,21.137474,26.489857,25.684408,31.20596,33.076454,34.73489,38.065765,41.65401,38.795387,38.883358,34.535767,30.85086,27.986206,26.768759,21.823605,22.588352,21.997616,25.55212,27.942997,28.049107,27.79855,33.42235,30.261566,28.13998,28.013508,28.680786,25.148682,21.959888,21.824589,18.662468,19.97218,18.01764,18.180582,19.87317,21.479677,20.317888,26.397596,24.555267,27.833353,29.682278,32.1183
13,28.574614,24.755518,21.748798,18.839184,15.926444,14.473856,10.707742,12.267055,7.61096,8.681233,9.232893,9.1420555,4.41015,0.0,6.3837543,7.1856933,11.977851,12.719071,16.99682,18.479383,23.234587,24.064415,27.411886,25.413895,23.51846,22.49744,17.630013,14.8350115,12.676658,10.211648,9.1878805,5.007504,10.23614,7.6139064,11.986356,13.875696,16.018257,18.434887,13.908185,11.876529,12.890775,10.952689,11.937899,13.556426,14.782559,17.0785,18.430769,21.833725,25.172506,26.382456,28.556982,30.962048,31.465296,35.74382,33.574802,32.49531,29.636736,26.604307,25.204247,22.113688,23.29768,19.220833,18.852793,17.355906,15.841505,18.767056,16.632061,22.16644,19.813047,19.39072,19.26545,15.533914,19.03143,18.235905,23.564085,22.729803,28.311321,29.728058,31.865831,34.82635,38.7503,35.880295,35.924786,31.782598,27.976955,24.920296,24.247644,19.12073,20.689596,20.49106,24.173475,26.23565,26.19325,26.876974,32.428463,29.792223,27.410439,27.418255,27.564703,23.712814,20.443403,19.438803,15.895005,16.738676,14.18444,13.944155,15.571654,17.082863,16.051552,22.143942,20.728168,23.99847,26.103624,28.645048
14,26.405308,22.861845,19.44123,17.929565,14.241196,13.23398,10.800494,11.161185,9.246887,8.371021,11.465436,9.474947,4.887722,6.3837543,0.0,6.331438,8.38967,10.978913,13.927844,16.065447,20.505774,21.009996,24.294846,21.722727,19.207392,18.53652,13.161313,11.279969,8.021845,8.604345,6.851932,8.062658,10.467762,11.6641655,14.64505,16.463238,18.868124,21.269634,17.296474,15.417728,14.260212,12.867679,10.398903,12.132079,10.309911,13.976228,13.258693,16.967054,20.147985,20.940506,23.466082,25.977684,27.057032,31.376743,29.23194,27.66555,25.151304,21.749218,20.815046,17.341429,19.930002,15.675849,16.986685,16.59795,16.45444,20.297514,19.207754,24.599827,23.417217,23.90194,23.277555,19.627373,22.443739,20.386864,25.923338,24.107756,29.713947,31.083889,32.379803,35.77464,38.836094,35.65886,35.574406,31.139936,27.58092,25.129963,23.234997,18.993647,19.017275,18.81453,22.068197,24.878677,25.613672,25.2168,30.841059,27.28764,24.937935,24.35318,24.808792,21.256521,18.248392,18.378761,15.975495,17.173517,16.660545,17.347466,19.458868,21.560564,19.974834,26.155554,23.453102,27.218391,28.413479,31.31068
15,23.8042,20.43881,17.512802,14.895289,11.660408,12.293908,8.998794,12.743821,10.4672165,12.139541,15.13805,14.665679,9.356675,7.1856933,6.331438,0.0,5.602152,5.6309547,10.109075,11.416023,16.061594,16.947208,20.227158,18.35752,16.644653,15.721733,11.090294,8.380739,7.602409,5.0864463,9.968597,8.990842,14.143692,13.7560215,17.102026,19.90064,21.27235,22.935316,18.141058,15.348558,15.596619,11.745748,11.285241,10.59061,10.855391,12.061767,13.116423,16.284142,19.218468,21.16795,23.12596,25.898584,26.554327,30.539486,29.180986,28.236456,25.600763,22.45599,20.025972,17.789938,19.082218,16.656439,16.00609,16.670103,15.484422,20.5645,18.369328,23.482468,22.406134,22.509306,20.994879,16.850857,19.022818,16.481958,21.996586,19.451881,25.175901,25.562683,27.326357,30.238157,33.48515,30.08877,29.84684,25.614635,21.895058,19.378006,17.85302,13.728156,14.595266,15.353251,18.62561,21.150936,22.035347,22.992329,28.45146,25.53276,22.690702,22.093452,21.578705,17.465382,14.40945,13.153829,10.637076,10.953954,10.9164715,11.634898,14.077324,16.376095,14.592636,20.718061,17.911264,22.009104,23.065523,26.410646
16,19.777285,16.794569,13.703276,12.465722,8.805122,10.647075,9.249647,12.457644,12.665542,13.770181,18.108627,17.490683,12.827586,11.977851,8.38967,5.602152,0.0,5.2256784,5.5425167,9.20076,12.768492,12.773316,16.359756,14.551484,12.224664,12.299145,7.1448197,6.5898,6.527342,7.73014,12.900121,13.992044,17.911943,18.68997,21.770147,24.317802,26.003971,27.743465,23.202473,20.519299,19.935358,16.412102,14.241019,13.038085,10.522959,11.965437,10.308314,13.514068,15.645183,17.849232,20.043768,23.227377,24.58245,28.317694,27.55524,26.246721,24.147982,20.675688,18.04729,16.188723,18.749798,17.198933,17.633385,19.566635,19.206333,24.795273,23.078188,27.955925,27.47043,27.865047,26.075033,21.980192,23.629185,20.339952,25.688595,22.169365,27.700785,27.304136,28.558184,31.38922,33.763226,29.781225,29.07735,24.870695,21.454342,19.90554,17.102766,14.91883,14.26886,15.853785,18.277302,21.483442,23.351898,23.833303,29.089386,25.525743,22.525307,21.086493,20.234941,16.240135,13.833614,13.026272,12.485573,11.879299,14.4789295,15.118023,17.350212,20.367188,18.612497,24.42661,21.129961,25.554094,25.869905,29.644499
17,22.092,19.426355,16.937155,14.684563,11.83476,14.341264,11.974505,16.527481,15.400676,17.223522,20.679466,20.051702,14.7666445,12.719071,10.978913,5.6309547,5.2256784,0.0,6.3995543,5.845278,10.565874,11.948716,14.871668,13.1835,12.105946,10.99339,7.6072483,5.0462847,7.3406415,5.3599854,13.378102,13.587361,18.377293,18.706049,21.456524,24.743282,25.494331,26.567099,21.771383,18.706326,18.71569,14.053218,13.178835,10.513056,10.553418,9.647579,11.05493,13.334787,15.68657,18.467722,19.91398,22.87396,23.424734,26.981213,26.444212,25.844557,23.413664,20.470251,16.945436,15.969468,16.758465,16.349308,15.052273,17.421335,16.422848,22.54456,20.343117,24.75751,24.599659,25.014614,22.619772,18.554153,19.5143,15.8481045,20.977798,17.123846,22.619606,22.094612,23.463331,26.270569,28.905985,25.159752,24.74864,20.453138,16.87193,14.90679,12.610323,9.775468,9.897155,11.828697,14.460585,17.202442,18.8758,20.280485,25.388992,22.518452,19.32282,18.27349,16.971094,12.630634,9.950569,8.193062,7.350458,7.142002,10.025463,11.843129,14.675242,16.990488,14.709007,20.121782,16.216463,20.67573,20.721169,24.566015
18,16.558239,14.423453,12.084566,11.353794,8.749136,12.478348,12.108689,16.084646,17.076069,18.709732,23.219326,22.974041,18.307215,16.99682,13.927844,10.109075,5.5425167,6.3995543,0.0,6.6094193,8.175047,7.419903,11.332281,10.606601,8.842225,9.815397,6.6766024,7.8484154,10.115624,11.1375265,17.85753,18.895555,23.10902,23.784231,26.805723,29.623667,30.98271,32.395927,27.711412,24.780561,24.423521,20.233362,18.348589,15.991699,13.630211,13.386022,11.531184,13.565941,14.465759,17.597723,19.289484,22.73669,24.184736,27.289818,27.564236,26.520304,24.81369,21.561066,17.964962,17.490034,19.704145,19.937574,19.83493,22.840569,22.41287,28.570843,26.637835,31.04925,30.972721,31.336798,28.988441,24.87608,25.76018,21.942198,26.805641,22.357958,27.493591,25.823433,26.954191,29.260172,30.992964,26.451162,25.232515,21.340242,18.221714,17.636635,14.142048,14.215003,13.012731,15.877608,17.332884,20.576387,23.17282,24.228115,28.94393,25.552904,22.279016,20.306026,18.444576,14.441238,12.951757,11.415213,12.738582,10.677497,15.447886,16.04404,18.109503,21.402903,19.659098,24.744848,21.19799,25.785173,25.424286,29.634613
19,22.132872,20.43237,18.48777,17.095377,14.807585,18.319227,16.83109,21.320078,20.963808,22.617489,26.36786,25.43299,20.233526,18.479383,16.065447,11.416023,9.20076,5.845278,6.6094193,0.0,5.2190857,7.8101454,9.614662,7.849337,7.9996023,6.496536,6.531309,5.8956103,9.993016,9.586251,17.554678,18.770216,22.935482,24.004702,26.199684,29.757914,30.08237,30.70727,26.120495,23.031364,22.60721,17.86861,16.397783,12.708296,12.150612,9.374099,10.582761,11.223965,12.469446,16.057861,16.756197,19.785748,20.238617,23.157803,23.60933,23.380243,21.338274,18.77954,14.244066,14.915842,15.199368,17.033033,15.505105,19.341402,18.816809,25.420792,23.515228,27.133186,27.900236,28.70453,25.710432,21.991179,21.884304,17.419762,21.735945,16.790924,21.549969,20.204035,20.709028,23.483255,25.060236,20.975746,20.414267,15.997265,12.914758,12.122358,8.302052,8.486989,6.4926076,9.876318,11.011138,14.053112,16.80095,18.305975,22.741968,19.85279,16.42907,14.716213,12.456212,8.144674,6.7129235,5.268477,8.030257,7.796822,12.825322,15.3948345,18.218643,20.260916,17.713335,22.004406,17.158886,21.554306,20.382553,24.475876
20,20.35319,19.616776,18.363865,17.795473,16.260601,20.403421,19.805275,24.22682,24.73187,26.466375,30.62824,29.921751,24.887352,23.234587,20.505774,16.061594,12.768492,10.565874,8.175047,5.2190857,0.0,3.815901,4.472685,4.732102,6.489161,6.5777264,9.136938,10.407993,14.3206415,14.750966,22.46648,23.893013,27.967087,29.107582,31.386784,34.874756,35.288227,35.898666,31.329576,28.225069,27.765858,23.048206,21.38086,17.653439,16.341578,13.552543,13.345788,13.044789,12.6551895,16.703344,16.959133,20.11819,20.895891,22.985426,24.529186,24.366825,22.959068,20.613152,15.755206,17.488747,18.045696,20.934406,19.720697,24.039276,23.713764,30.376986,28.521486,31.847252,32.831303,33.60308,30.424511,26.770382,26.298292,21.724846,25.457281,20.030518,24.062971,21.493979,21.652004,23.767632,24.295103,19.553236,18.280676,14.374909,12.109669,13.0248375,8.359566,11.9380665,9.406796,13.3047285,12.972783,15.869493,19.317371,20.921953,24.536959,21.714764,18.317385,15.958108,12.7833,9.382908,9.810694,8.483405,12.465051,10.966895,16.919577,18.924063,21.314407,23.669237,21.390547,24.985176,20.308453,24.585686,22.844028,27.145227
21,16.896845,16.514881,15.505173,15.69092,14.498616,18.825424,19.01048,23.08072,24.386557,26.095974,30.636778,30.255867,25.504122,24.064415,21.009996,16.947208,12.773316,11.948716,7.419903,7.8101454,3.815901,0.0,4.2755184,6.157683,6.6429896,8.531466,9.957161,12.138104,15.532074,16.620878,23.953636,25.39872,29.472061,30.501652,33.134937,36.312656,37.184536,38.132366,33.49954,30.433296,29.970577,25.428875,23.505623,20.219929,18.03188,16.180635,14.506803,14.632009,13.755942,17.647505,18.316854,21.711987,23.089209,25.105158,26.771229,26.19531,25.095726,22.441732,17.983126,19.34885,20.872644,23.230904,22.685564,26.802492,26.560322,33.139694,31.27312,34.934643,35.60489,36.193993,33.233856,29.38018,29.27302,24.88834,28.85661,23.529255,27.70334,24.811054,25.23687,27.00485,27.422827,22.380505,20.615791,17.229359,15.123655,16.270027,11.855017,15.312337,13.055858,16.8159,16.615252,19.64565,23.09998,24.47691,28.150562,25.053112,21.726885,19.153004,16.170952,13.010346,13.3052025,11.892009,15.406277,13.060283,19.161041,20.305473,22.297897,25.260872,23.359638,27.208055,23.104614,27.499495,26.042353,30.457724
22,20.138922,20.294643,19.556528,19.857327,18.770779,23.087168,23.137785,27.230782,28.357178,29.964445,34.402466,33.698067,28.84045,27.411886,24.294846,20.227158,16.359756,14.871668,11.332281,9.614662,4.472685,4.2755184,0.0,4.7342043,7.2577558,8.57441,12.144416,14.280577,17.953373,19.035275,26.409292,28.198872,32.015984,33.409298,35.649616,39.07101,39.56528,40.180134,35.693504,32.624935,31.964762,27.395758,25.370586,21.698444,19.751135,17.10921,15.929153,14.989333,13.387125,17.41392,17.311077,20.411383,21.506903,22.84749,25.217348,25.040953,24.22533,22.094418,17.309193,19.675785,20.550123,24.030796,23.226662,27.847645,27.795652,34.471424,32.786854,35.93138,37.138363,37.989937,34.728157,31.151031,30.492647,25.834911,29.22776,23.621275,27.105392,24.008059,23.71715,25.440884,24.979017,19.972435,18.229626,14.998971,13.771617,15.78512,11.075593,15.89172,12.996664,16.73254,15.547805,18.312366,22.128794,23.464064,26.42698,23.55646,20.35174,17.570017,14.142641,11.911043,13.275026,12.526583,16.783775,15.107609,21.211521,22.992476,25.147705,27.641354,25.497599,28.709307,24.108244,28.228878,26.121372,30.418608
23,22.577898,22.129505,20.638283,20.9941,19.040255,22.920025,22.652699,26.27061,27.137379,28.19991,32.52425,31.16299,26.380615,25.413895,21.722727,18.35752,14.551484,13.1835,10.606601,7.849337,4.732102,6.157683,4.7342043,0.0,3.7198493,4.112616,8.786902,11.122146,14.5899105,16.367065,23.04535,25.628445,28.73515,30.854757,32.638657,36.07895,36.483948,37.043587,32.846664,29.956484,28.690626,24.593142,21.814941,18.296427,15.7750435,13.207749,11.715983,10.341673,8.818092,12.908404,12.835171,16.003685,17.150974,18.971954,20.859268,20.531836,19.595688,17.371447,12.633915,14.994612,16.137144,19.636026,19.33255,24.102978,24.540316,31.138512,29.931913,33.062702,34.582474,35.830696,32.676582,29.26168,28.714617,23.900496,27.533928,22.172165,25.855856,24.067844,23.238413,25.91577,25.617052,21.263374,20.326061,16.327477,14.850677,16.046785,11.078635,14.485229,10.594827,13.580374,12.409668,15.757025,19.610933,19.960524,23.26353,19.776377,16.660814,13.702893,10.98117,8.895989,10.190593,11.142497,15.1549635,14.99805,20.451424,22.974758,25.576199,27.763052,25.251001,28.934847,23.759998,27.872667,25.791378,29.797312
24,21.284819,20.513014,18.58537,19.40457,17.02101,20.564041,20.588306,23.562346,24.809872,25.480112,30.003157,28.510433,24.012545,23.51846,19.207392,16.644653,12.224664,12.105946,8.842225,7.9996023,6.489161,6.6429896,7.2577558,3.7198493,0.0,3.6447203,6.178149,9.517288,12.296387,15.085002,20.98735,23.995735,26.723547,29.113998,30.992043,34.136818,34.948685,35.84008,31.724073,28.975912,27.40433,23.744812,20.345924,17.435625,13.739607,12.408707,9.14643,8.527819,7.1813216,11.007502,11.8708315,15.382377,17.18308,19.567446,20.80797,19.843906,18.921818,16.109182,12.0683,13.389769,15.869949,18.275177,18.926481,23.353775,24.056425,30.488132,29.48688,33.053383,34.315796,35.57238,32.752926,29.198547,29.17896,24.528454,28.682472,23.658325,27.825722,26.567423,25.972956,28.88576,28.979698,24.702814,23.793015,19.69694,17.822956,18.453617,13.643194,15.739405,11.964111,14.4275,13.994745,17.713064,21.301245,21.029663,24.865614,20.834015,17.838436,14.903177,13.101279,10.770291,11.154568,12.429585,15.668921,15.6205435,20.748255,22.980799,25.55664,28.05364,25.639439,29.964914,25.006811,29.289034,27.657629,31.627748
25,24.132645,23.036718,20.965418,21.055943,18.46524,21.835268,21.147205,24.435968,24.898087,25.5943,29.69855,27.899523,23.163452,22.49744,18.53652,15.721733,12.299145,10.99339,9.815397,6.496536,6.5777264,8.531466,8.57441,4.112616,3.6447203,0.0,5.672295,7.7435937,10.954716,13.15569,19.242004,22.287392,24.936848,27.47057,28.972687,32.401123,32.774597,33.351246,29.330214,26.581423,24.944427,21.20783,17.93866,14.63199,11.736433,9.35761,7.8458133,6.5971384,6.3389955,10.300871,10.684942,13.914406,14.982857,17.659845,18.572815,18.039413,16.647736,14.102536,9.476684,11.181209,12.63008,15.5927305,15.645151,20.312716,21.021795,27.512974,26.58932,29.863523,31.426924,32.886196,29.921568,26.58571,26.297844,21.522491,25.50653,20.55306,24.6155,23.947289,23.076885,26.404436,26.67691,22.844582,22.457903,17.997221,16.036963,16.239307,11.582731,13.01184,8.801435,10.895026,10.429392,14.229169,17.749443,17.412416,21.364115,17.425385,14.33352,11.570389,9.903701,7.392921,7.734624,9.952568,13.170216,14.211763,18.820528,21.771955,24.653564,26.604094,23.892042,28.039,22.655828,26.761919,24.975395,28.72973
26,22.226635,20.31899,17.618103,17.585651,14.363759,17.06266,16.308807,19.05125,19.583307,20.005117,24.237282,22.505985,17.933067,17.630013,13.161313,11.090294,7.1448197,7.6072483,6.6766024,6.531309,9.136938,9.957161,12.144416,8.786902,6.178149,5.672295,0.0,4.069957,6.1782184,9.508073,14.924555,17.987158,20.640368,23.033901,24.961954,27.998028,28.983877,30.105251,25.98575,23.346107,21.701084,18.323977,14.7216835,12.406917,8.346214,8.343005,5.0159845,6.9834194,8.625053,11.371046,13.178448,16.485853,17.9626,21.4346,21.190731,19.986835,18.22705,14.896172,11.61283,10.860566,13.7263155,14.1216135,15.026683,18.622171,19.231274,25.419348,24.428848,28.51203,29.323263,30.526957,28.120386,24.474033,25.109905,20.84319,25.64737,21.366646,26.255611,26.07814,26.03793,29.392183,30.627869,26.790026,26.334784,21.836922,19.119371,18.376549,14.393902,13.702771,10.784629,12.28545,13.520038,17.292835,20.01324,19.559322,24.368868,20.250395,17.282295,15.15467,14.4101925,11.153457,9.67681,11.030128,12.481828,13.329854,17.127096,19.413439,22.178133,24.540504,22.09351,27.162579,22.443117,26.766466,25.903599,29.63333
27,24.326101,21.996523,19.249321,18.157948,14.883301,17.213945,15.447072,18.731579,18.09973,18.805267,22.413206,20.63932,15.65186,14.8350115,11.279969,8.380739,6.5898,5.0462847,7.8484154,5.8956103,10.407993,12.138104,14.280577,11.122146,9.517288,7.7435937,4.069957,0.0,4.1767273,5.644669,12.137954,14.612707,17.757648,19.79827,21.639952,24.983103,25.602165,26.526445,22.262611,19.506115,18.1655,14.390509,11.420513,8.697297,6.482819,5.6992583,6.206016,8.401378,11.177812,13.622896,15.126541,18.003864,18.7035,22.453358,21.673803,20.876694,18.516964,15.459953,12.143473,10.979983,12.457798,12.283478,12.091682,15.309144,15.461024,21.7369,20.485239,24.621096,25.31282,26.483341,24.051092,20.421537,21.106802,16.954433,21.931278,18.010483,23.159689,23.553432,23.810202,27.34814,29.250261,25.81412,25.74612,21.094177,18.013803,16.441208,13.267408,10.824874,8.786582,9.708584,11.971378,15.377883,17.454796,17.436476,22.61274,18.956936,15.943117,14.563367,14.049737,10.323153,7.78883,8.892072,9.090103,10.983585,13.701794,16.502308,19.528828,21.388725,18.747591,23.894854,19.115402,23.330559,22.756401,26.290115
28,25.714628,23.010197,19.849483,18.990974,15.286865,16.566885,14.769101,16.848034,16.122196,15.98402,19.475792,17.111786,12.49043,12.676658,8.021845,7.602409,6.527342,7.3406415,10.115624,9.993016,14.3206415,15.532074,17.953373,14.5899105,12.296387,10.954716,6.1782184,4.1767273,0.0,5.490742,8.75396,12.328993,14.464707,17.208673,18.908234,21.868893,22.94059,24.262188,20.299946,17.920572,15.932703,13.2783375,9.128926,8.205304,4.00003,6.851627,5.7988033,9.2113695,12.527536,13.842648,15.964596,18.618711,19.591516,23.738335,22.151419,20.863577,18.421797,15.045674,13.127515,10.412249,13.022249,10.704098,11.980333,14.098123,14.736565,20.334396,19.573303,24.125694,24.529968,25.814346,23.966993,20.442379,21.819483,18.210615,23.457096,20.35212,25.619648,26.800074,27.089373,30.859047,32.986267,29.794207,29.853746,25.171171,22.047764,20.185736,17.33479,14.090808,12.446911,12.298475,14.919339,18.241474,19.812082,18.962364,24.395586,20.414038,17.834532,16.734825,17.12918,13.87554,11.223689,12.728995,11.864191,14.079835,15.534786,17.987244,20.887468,22.737059,20.265518,25.850464,21.464088,25.497972,25.408575,28.600855
29,26.88825,23.952227,21.105894,18.893944,15.650224,16.964859,13.990396,17.461172,15.220158,16.21203,18.766052,17.123142,11.789087,10.211648,8.604345,5.0864463,7.73014,5.3599854,11.1375265,9.586251,14.750966,16.620878,19.035275,16.367065,15.085002,13.15569,9.508073,5.644669,5.490742,0.0,8.566078,9.34236,13.516959,14.599118,16.641535,20.18328,20.601454,21.5502,16.985853,14.097502,13.477753,9.226397,7.8842707,5.78969,7.401243,7.3598638,10.485265,13.017581,16.367502,18.240757,19.747595,22.175053,22.307892,26.317358,24.796204,24.215094,21.349266,18.56329,15.943559,13.971117,14.287745,12.387243,11.04806,12.437813,11.580546,17.473005,15.688425,20.332027,20.29876,21.184372,19.090637,15.321607,16.702707,13.323621,18.768322,16.004494,21.570343,22.816528,23.816513,27.359299,30.320206,27.410467,27.69128,23.123692,19.63477,16.974216,15.34194,10.540554,10.802595,10.650036,14.120136,16.604149,17.38712,17.943834,23.446688,20.52766,17.773643,17.453814,17.361265,13.561124,10.298786,10.300262,7.6730385,10.453449,10.354161,13.249216,16.380735,17.625908,14.996956,20.562016,16.37984,20.321022,20.68717,23.797064
30,32.36759,29.048767,25.697771,24.062874,20.398287,19.94452,17.139977,17.893053,15.146366,13.999036,15.159483,11.486273,7.709409,9.1878805,6.851932,9.968597,12.900121,13.378102,17.85753,17.554678,22.46648,23.953636,26.409292,23.04535,20.98735,19.242004,14.924555,12.137954,8.75396,8.566078,0.0,6.356776,5.741056,9.849516,10.511892,13.340896,14.46178,16.175806,12.809656,11.354175,8.408082,8.630397,4.451015,8.2338295,8.214731,11.741446,13.201105,16.162903,19.981865,20.130735,22.17607,23.906332,24.18959,28.678993,25.726692,24.536636,21.574852,18.78732,18.580965,14.763709,16.12037,10.76073,12.034652,10.374843,10.941824,14.180876,14.108327,19.171389,18.787258,20.234108,19.624685,16.798464,19.336016,17.398676,22.559849,21.620003,26.76861,29.700788,30.316061,34.39802,37.464134,35.179565,35.830647,31.140877,27.822483,24.976133,23.508532,18.279858,18.15997,16.415638,19.859354,22.183004,22.147512,20.88486,26.460175,23.116228,21.369322,21.564068,23.011045,20.189148,17.093273,18.48454,15.57607,18.827679,17.12771,19.456266,22.14572,22.90977,20.670553,26.297434,22.77794,25.915735,26.871918,29.006369
31,32.354176,28.730036,25.674599,22.905964,19.799526,18.952042,15.239415,16.895761,12.539706,12.776188,12.560897,10.676043,6.333947,5.007504,8.062658,8.990842,13.992044,13.587361,18.895555,18.770216,23.893013,25.39872,28.198872,25.628445,23.995735,22.287392,17.987158,14.612707,12.328993,9.34236,6.356776,0.0,6.6778917,5.257994,8.1697,11.304756,12.299989,14.18586,9.601039,7.4945354,7.9281487,6.5401993,8.097875,10.447056,13.128911,15.1026,17.7893,20.779203,24.490974,25.378218,27.242197,29.189762,29.17524,33.51622,30.910353,30.120962,27.003502,24.388845,23.30931,20.138735,20.447815,16.021132,15.211738,12.836619,11.289659,13.796382,12.000777,17.561857,15.627693,15.9282875,15.755687,12.500127,15.939404,15.25906,20.429092,20.262094,25.576065,28.149628,29.80077,33.274204,37.204887,34.962646,35.53794,31.187313,27.54615,24.199837,23.80001,17.933758,19.438393,18.251364,22.086393,23.788805,23.190754,23.449568,28.941177,26.544346,24.524384,25.051113,25.7734,22.363388,19.016844,18.832022,14.894169,17.349981,13.967467,15.346845,17.597898,17.94389,16.218424,21.876692,19.655424,22.481537,24.392305,26.38325
32,36.78858,33.209152,29.85347,27.89519,24.418839,23.151585,20.090576,20.044127,16.42501,14.817655,13.912851,9.7786255,8.24145,10.23614,10.467762,14.143692,17.911943,18.377293,23.10902,22.935482,27.967087,29.472061,32.015984,28.73515,26.723547,24.936848,20.640368,17.757648,14.464707,13.516959,5.741056,6.6778917,0.0,6.473426,5.5148067,7.744638,9.234239,11.651759,9.270142,9.279528,6.213707,9.639951,8.152596,12.539526,13.758381,16.980974,18.820795,21.663197,25.519361,25.328709,27.334888,28.712694,28.744844,33.25409,29.80168,28.677626,25.635294,23.22033,23.631924,19.668053,20.510208,14.634828,15.595686,12.017982,12.202645,12.548783,13.002442,18.000172,16.728952,18.045727,18.648209,16.613005,19.843988,19.299665,23.981396,24.372032,29.215366,32.86975,33.744053,37.805767,41.353615,39.4985,40.370007,35.772083,32.387302,29.174738,28.351776,22.559713,23.10475,20.997631,24.583141,26.394426,25.622261,24.354977,29.714146,26.875242,25.558897,26.26514,28.000216,25.335236,22.178646,23.32521,19.810947,23.081902,20.091814,21.97323,24.274988,24.433939,22.583181,27.92459,25.249142,27.719555,29.316952,30.784447
33,36.17673,32.351757,29.295963,26.433308,23.52601,21.860422,18.206787,18.769073,13.909403,13.569346,11.204075,9.430071,7.800543,7.6139064,11.6641655,13.7560215,18.68997,18.706049,23.784231,24.004702,29.107582,30.501652,33.409298,30.854757,29.113998,27.47057,23.033901,19.79827,17.208673,14.599118,9.849516,5.257994,6.473426,0.0,4.9221096,6.779028,8.551901,11.343958,7.624156,7.2689013,8.453594,9.777831,11.943713,15.08222,17.698149,20.032932,22.520971,25.564562,29.33543,29.86817,31.82928,33.56783,33.50098,37.915028,34.905693,34.0415,30.897474,28.420689,27.920095,24.43742,24.74493,19.70369,19.174828,15.657175,14.12485,14.176208,12.772363,18.049866,15.070129,14.909104,16.16465,13.80895,17.854752,18.496906,23.077633,23.999475,28.968107,32.02424,33.877007,37.274902,41.54033,39.59047,40.28076,36.034477,32.376804,28.85185,28.830265,22.764223,24.532347,23.08585,26.945822,28.382206,27.32773,27.438646,32.772186,30.62251,28.924738,29.727665,30.72406,27.465975,24.122929,23.924578,19.788324,22.09399,17.999569,18.702171,20.354736,20.245197,19.109934,24.328817,23.088377,25.26424,27.736904,29.145863
34,40.23074,36.515614,33.354183,30.735865,27.619106,26.194927,22.656723,23.047825,18.521511,17.606895,15.219338,12.259812,11.37456,11.986356,14.64505,17.102026,21.770147,21.456524,26.805723,26.199684,31.386784,33.134937,35.649616,32.638657,30.992043,28.972687,24.961954,21.639952,18.908234,16.641535,10.511892,8.1697,5.5148067,4.9221096,0.0,4.528745,4.2576785,7.022293,4.8882937,6.46553,5.800405,9.937287,11.615206,15.357733,18.337454,20.597712,23.570063,26.22002,30.143084,30.202543,31.945559,33.18682,32.761227,37.16808,33.668888,32.95661,29.72096,27.691202,27.813948,24.215101,24.006622,18.600891,18.19596,13.705806,12.727217,10.836599,10.798299,15.467658,13.015585,13.869362,15.508896,14.301682,17.952477,18.828712,22.83472,24.454542,28.906967,33.001682,34.29926,38.129055,42.25818,40.86341,41.964703,37.583004,34.14603,30.541975,30.591372,24.27722,25.729984,23.499907,27.249939,28.39807,26.898846,26.307539,31.38089,29.400852,28.226944,29.443157,31.055727,28.351894,25.11634,25.706335,21.604445,24.866762,20.610619,22.242386,24.21504,23.498016,21.971092,26.665731,24.859642,26.553938,28.760126,29.570583
