,0,1,2,3,4,5,6,7,8,9,10,11,12,13,14,15,16,17,18,19,20,21,22,23,24,25,26,27,28,29,30,31,32,33,34,35,36,37,38,39,40,41,42,43,44,45,46,47,48,49,50,51,52,53,54,55,56,57,58,59,60,61,62,63,64,65,66,67,68,69,70,71,72,73,74,75,76,77,78,79,80,81,82,83,84,85,86,87,88,89,90,91,92,93,94,95,96,97,98,99,100,101,102,103,104,105,106,107,108,109,110,111,112
0,0.0,4.1673656,7.7217646,9.958112,13.206809,15.428065,17.59789,22.70772,23.879808,27.73859,31.4411,33.82051,30.756357,37.487785,37.41149,41.413208,43.133595,47.65348,49.48649,52.022488,54.84838,55.623085,58.5613,58.78293,58.01951,57.10517,53.231503,50.21943,47.803993,45.802723,41.92377,40.129284,36.607433,32.344414,32.867035,27.642864,29.514416,33.295567,33.511063,35.969704,39.039474,42.934273,42.453476,46.163136,49.286972,50.699257,53.89748,56.851105,60.114845,57.55948,58.363182,54.793972,58.02019,55.003666,57.668545,56.379833,51.96294,50.155293,53.204597,48.354893,45.408325,47.487465,48.30769,48.87448,47.859455,43.712185,44.624294,44.90512,39.567665,40.18389,37.74577,41.234486,40.21775,43.803127,46.187176,49.15586,52.291412,54.430855,57.51495,61.220596,57.511143,63.207565,61.509525,59.319805,55.58261,55.893036,51.678318,53.65662,52.086292,48.80412,49.509544,52.236702,48.38805,48.447533,44.252842,43.585075,40.056274,40.849033,35.27228,33.54239,33.42696,37.766506,37.993587,42.077236,43.228252,45.06132,48.699806,47.35313,53.57023,49.76227,53.49931,54.478455,55.870712
1,4.1673656,0.0,4.8759184,6.322759,9.431308,12.800145,13.8156805,19.536089,20.312304,24.181448,27.834682,30.395542,26.918573,33.78557,33.572113,37.493793,39.250065,43.67887,45.669147,48.089584,51.024773,51.737125,54.758747,54.95192,54.1051,53.275894,49.342304,46.410908,43.96657,42.07058,38.273544,36.47893,33.192493,28.816118,29.69549,24.536394,26.64741,30.425026,30.272987,32.54475,35.786976,39.483173,39.009293,42.580387,45.693363,46.97618,50.213432,53.008102,56.25632,53.596313,54.411118,50.866932,54.141968,51.139084,53.89906,52.618484,48.183144,46.509274,49.56075,44.8485,41.856026,43.696743,44.544624,45.009293,44.14248,40.043137,40.699585,41.05201,35.639545,36.168007,33.652016,37.134193,36.06365,39.668808,42.032673,45.021187,48.134098,50.302494,53.374493,57.095486,53.44065,59.154385,57.52358,55.2884,51.542076,51.802708,47.629795,49.546314,48.042603,44.740547,45.51759,48.31655,44.525272,44.686325,40.445763,39.663754,36.205647,36.798054,31.23781,29.430063,29.29579,33.667393,33.865295,37.94358,39.11056,40.965714,44.58383,43.223045,49.437614,45.635017,49.41273,50.40938,51.878986
2,7.7217646,4.8759184,0.0,5.247527,6.752708,8.867864,11.147528,15.852548,17.607592,20.915773,24.815025,27.929638,24.818754,31.599684,31.948978,35.76135,37.95756,42.323887,44.92763,47.143856,50.38422,51.129,54.321926,54.183033,53.05935,52.280987,48.066704,45.279324,42.407024,40.997997,36.469204,35.36623,31.653723,27.717295,28.746332,23.733803,26.574404,30.084162,29.896135,31.97569,34.788868,38.470455,37.492912,40.952465,44.53484,45.309383,49.051918,51.481823,54.926666,52.061924,52.605457,48.888203,51.867397,48.551266,51.439007,50.48839,45.8197,44.080036,46.724865,42.062428,39.375935,41.18227,41.488308,41.878757,40.672756,36.927994,37.805656,37.626667,32.460556,33.373333,30.92348,34.356228,33.763245,37.38658,39.691765,42.656967,45.798393,47.698307,50.944626,54.454098,50.634094,56.264065,54.626095,52.70518,49.091496,49.646446,45.54724,47.849407,46.80007,43.596333,44.769714,47.854145,44.312233,44.58041,40.18804,39.057705,35.70731,35.63858,30.282373,27.747612,28.062065,32.657192,32.082077,36.499252,37.213604,38.774376,42.65878,41.562916,47.82659,44.306377,48.328136,49.439053,51.282158
3,9.958112,6.322759,5.247527,0.0,3.729194,8.050442,7.7566576,13.682555,14.02843,18.045675,21.612362,24.076038,20.837082,27.585518,27.67187,31.662613,33.61903,38.191788,40.415905,42.884815,45.911274,46.82664,49.864494,49.724148,48.771107,47.826603,43.758194,40.806374,38.12184,36.407925,32.15744,30.699484,27.09115,22.94226,23.859388,18.775099,21.415531,25.005703,24.812677,27.003433,29.938366,33.672123,32.936455,36.509968,39.87461,40.97713,44.465786,47.203743,50.599075,47.97703,48.623245,44.965862,48.098877,45.050182,47.723606,46.493736,42.024513,40.257412,43.304768,38.541588,35.562565,37.532063,38.420723,39.054886,38.18095,33.86316,34.76293,35.33121,29.911375,30.448282,28.355618,32.05536,31.048027,34.339188,37.16078,39.69127,43.17071,45.07443,48.097843,51.83275,47.89843,53.57064,51.699608,49.50343,45.776806,46.227516,41.94053,44.271576,42.880394,39.785614,40.795937,43.775303,40.184814,40.132656,35.751015,34.808723,31.256903,31.716322,26.293398,24.155867,24.722326,29.357672,29.782738,33.711735,35.0354,36.88382,40.478306,39.051884,45.185314,41.169907,45.221012,45.963547,47.78502
4,13.206809,9.431308,6.752708,3.729194,0.0,6.3467174,4.486004,10.658461,11.149222,14.799912,18.490719,21.500328,18.081495,24.90645,25.206333,29.04448,31.283909,35.721077,38.409664,40.654892,43.92547,44.791676,47.978313,47.656517,46.492813,45.654892,41.39776,38.603798,35.66745,34.32367,29.748144,28.699924,25.084682,21.144531,22.479137,17.677942,20.896927,24.225985,23.692066,25.5629,28.368929,31.887007,30.876802,34.249237,37.851154,38.560173,42.346233,44.746876,48.225513,45.40562,45.9183,42.191257,45.2053,41.991066,44.821888,43.78223,39.166397,37.47918,40.295994,35.67889,32.839123,34.574635,35.171215,35.668755,34.72673,30.655167,31.450752,31.768219,26.405592,27.094038,24.9587,28.629519,27.854319,31.183046,33.940033,36.49182,39.954376,41.744167,44.85994,48.491516,44.52078,50.1695,48.360073,46.297558,42.633213,43.1995,38.993553,41.470894,40.388237,37.329193,38.60787,41.781467,38.383877,38.489193,34.025234,32.80087,29.40549,29.29728,24.04334,21.391098,22.215677,26.97265,26.906673,31.012463,32.079082,33.773537,37.49195,36.209644,42.356533,38.5253,42.718025,43.551826,45.6115
5,15.428065,12.800145,8.867864,8.050442,6.3467174,0.0,7.2998543,7.798738,11.14186,13.767837,17.734138,20.761189,19.392563,25.305984,26.873026,30.712029,33.440285,38.027336,41.12365,43.41291,46.773376,47.947296,51.09918,50.253403,48.919735,47.869175,43.408318,40.615746,37.1495,36.261852,30.405163,30.448713,25.592789,22.805874,23.371557,18.835585,22.564793,25.36188,25.65768,27.645859,29.23318,33.16511,31.369139,34.888092,39.1841,39.475246,43.87082,46.160244,49.95697,47.22096,47.276943,43.264515,45.681786,42.086662,44.729286,44.09423,39.28878,37.14191,39.4467,34.543365,32.2323,34.61536,34.536503,35.353287,33.643497,29.716358,31.65308,31.357742,26.600203,27.959005,26.548456,30.23247,30.181154,33.120937,36.159763,38.20998,41.985176,43.178818,46.41852,49.756596,45.299282,50.71731,48.55715,46.997643,43.564217,44.712246,40.46582,43.78277,43.125824,40.427372,42.091614,45.469425,42.3879,42.2286,37.69778,36.295593,32.871456,32.464176,27.673347,24.362476,26.140291,31.020452,30.434877,34.6503,35.323875,36.63104,40.562954,39.549164,45.578487,41.921345,46.39515,47.10398,49.59095
6,17.59789,13.8156805,11.147528,7.7566576,4.486004,7.2998543,0.0,7.554032,6.829583,10.547676,14.0891075,17.19881,13.69877,20.480606,20.978401,24.786903,27.212763,31.674734,34.612175,36.81242,40.180397,41.15307,44.366425,43.80337,42.53154,41.6581,37.293533,34.54467,31.419806,30.2974,25.425425,24.692575,21.004618,17.303734,18.92677,14.52863,18.235037,21.202747,20.400005,21.99624,24.581623,27.944,26.727562,29.985302,33.75713,34.247387,38.227425,40.49299,44.057434,41.221874,41.618164,37.828312,40.761696,37.52422,40.341053,39.341663,34.694523,33.015453,35.829285,31.258318,28.407564,30.092762,30.73748,31.309948,30.455162,26.23441,27.06921,27.614265,22.20611,22.84608,21.058117,24.885513,24.143625,27.188229,30.28858,32.470627,36.188953,37.788998,40.849815,44.494854,40.35626,45.97873,44.02946,41.96716,38.31359,38.992702,34.731,37.480637,36.521137,33.63108,35.10951,38.415226,35.23177,35.23348,30.7112,29.317211,25.953667,25.599117,20.587523,17.595133,19.069405,23.934278,24.030684,27.92151,29.102634,30.778748,34.412975,33.086582,39.10346,35.15157,39.518414,40.168877,42.489147
7,22.70772,19.536089,15.852548,13.682555,10.658461,7.798738,7.554032,0.0,5.5624943,6.2810874,10.214902,13.768759,13.297121,18.375622,20.734251,24.27781,27.43806,31.88682,35.539097,37.61973,41.16821,42.490845,45.68314,44.364967,42.782166,41.713448,37.0573,34.459675,30.573051,30.304272,23.707384,24.717974,19.614326,17.840155,18.757483,15.405432,19.840628,21.738495,21.655714,23.02453,23.87572,27.427853,25.054224,28.246794,32.968273,32.65667,37.520218,39.401302,43.361954,40.56354,40.312214,36.173782,38.278923,34.524845,37.170364,36.76706,31.845728,29.669363,31.729708,26.919416,24.810755,27.133703,26.808783,27.756401,25.968254,21.955269,24.231,24.012323,19.464596,21.018982,20.422993,24.18314,24.477345,26.806683,30.298159,31.653376,35.78873,36.523933,39.697712,42.929947,38.1627,43.45205,41.058582,39.6531,36.338516,37.801407,33.566246,37.447197,37.186993,34.87093,36.944695,40.53199,37.939915,37.673134,33.15659,31.426777,28.247992,27.218498,23.20458,19.288393,22.146706,26.927841,26.29345,30.121254,30.759031,31.873283,35.661285,34.70871,40.40034,36.7528,41.464268,41.921135,44.870384
8,23.879808,20.312304,17.607592,14.02843,11.149222,11.14186,6.829583,5.5624943,0.0,4.766081,7.679703,10.430169,8.369011,14.260548,15.816624,19.661474,22.485107,27.146461,30.386353,32.674313,36.054714,37.415867,40.52155,39.379208,37.984455,36.858196,32.351707,29.582941,26.01586,25.299023,19.371683,19.612087,15.063185,12.530334,14.004087,10.75194,15.194281,17.137745,16.445213,17.686928,19.167263,22.551048,20.685032,23.942568,28.239138,28.378702,32.818638,35.019905,38.83418,36.17852,36.22976,32.240524,34.825863,31.510265,34.07272,33.174286,28.488077,26.526165,29.332293,24.563992,21.76996,23.902493,24.634434,25.675032,24.742758,19.954357,21.574478,22.630795,17.444017,18.130215,17.678907,21.738209,21.226881,23.31195,27.276928,28.368126,32.73166,33.745712,36.633274,40.237213,35.59512,41.05112,38.607082,36.653645,33.08605,34.168957,29.72293,33.300636,32.54553,30.19176,32.014023,35.471207,32.762287,32.31132,27.795336,26.228712,22.879652,22.352476,18.181835,14.76373,17.814623,22.546202,23.12832,26.33045,27.732367,29.277102,32.64115,31.259953,36.83401,32.64265,37.28486,37.436176,40.235325
9,27.73859,24.181448,20.915773,18.045675,14.799912,13.767837,10.547676,6.2810874,4.766081,0.0,4.1161065,8.801874,8.106551,12.539322,15.170286,18.360035,21.778162,26.016985,30.05481,31.908379,35.597347,36.93676,40.17384,38.628227,36.881573,35.884727,31.119112,28.71196,24.629923,24.801485,18.054565,19.593725,14.998411,13.882882,15.6147,13.751321,18.25024,19.36937,18.480465,19.044285,19.69022,22.529472,19.962105,22.686316,27.497042,26.764158,31.815813,33.349236,37.334145,34.431583,34.0967,29.947449,32.067886,28.342201,31.102575,30.700462,25.731892,23.77603,25.916342,21.361193,19.113205,20.978188,20.8373,21.77317,20.409204,16.090004,18.056108,18.426548,13.664877,15.002363,15.097101,18.95941,19.226355,20.996296,24.916153,25.717154,30.129766,30.68444,33.719097,37.02232,32.15508,37.461678,34.9825,33.437687,30.090721,31.587482,27.335907,31.426207,31.35292,29.276682,31.587505,35.277477,33.052303,32.77696,28.345104,26.373537,23.50141,21.953642,18.68741,14.48035,18.137451,22.60543,22.246426,25.488655,26.30889,27.410059,30.8874,29.855648,35.21434,31.473042,36.28183,36.51551,39.721897
10,31.4411,27.834682,24.815025,21.612362,18.490719,17.734138,14.0891075,10.214902,7.679703,4.1161065,0.0,5.614109,6.3889837,8.7600975,12.126226,14.999553,18.60325,22.771015,26.961462,28.772583,32.435722,33.94409,37.094715,35.25926,33.44719,32.357105,27.558401,25.223894,20.939865,21.456179,14.288584,16.546541,12.047324,12.077014,13.939612,13.515307,17.730553,18.055016,16.92011,16.924934,16.934729,19.319908,16.434696,18.871075,23.874063,22.846663,28.102255,29.50505,33.57193,30.763775,30.274532,26.066717,28.066391,24.385227,27.0303,26.61486,21.65467,19.661665,21.923243,17.376114,15.032079,16.92875,17.068825,18.305412,17.220499,12.306145,14.569016,15.726884,11.16527,12.219443,13.504448,17.296963,17.528845,18.447046,22.90646,22.89113,27.67046,27.91378,30.727814,34.06208,28.979177,34.192528,31.440578,29.824612,26.494394,28.141884,23.802195,28.292097,28.306568,26.601315,29.059252,32.757355,30.874939,30.381718,26.094978,24.050182,21.383196,19.700611,17.286097,13.235517,17.54679,21.55041,21.702242,24.218857,25.290222,26.369024,29.460278,28.333096,33.26085,29.367527,34.21912,34.114826,37.527832
11,33.82051,30.395542,27.929638,24.076038,21.500328,20.761189,17.19881,13.768759,10.430169,8.801874,5.614109,0.0,7.320205,6.065535,10.320695,13.50553,16.619408,21.29967,24.635183,27.05591,30.15318,32.20224,34.9058,32.808052,31.337862,29.713142,25.22178,22.476019,18.333715,18.375797,10.585871,13.183371,7.254931,9.20458,9.778145,11.021829,14.601133,13.890811,13.3970585,13.437542,12.031832,14.933091,11.693878,14.794418,19.961155,19.518112,24.603376,26.776882,30.917526,28.823263,28.29891,24.110271,26.051697,22.901432,24.715378,23.809477,19.313652,16.749035,19.891647,14.705234,11.73124,15.098298,16.645037,18.849417,18.230343,12.032307,15.304851,18.040174,14.180946,14.366588,16.827003,20.484884,20.139008,19.967943,25.18211,24.02455,29.295786,29.281887,31.53485,35.036762,29.724472,34.67449,31.3126,29.410212,26.075144,27.75827,23.103567,27.977169,27.420477,26.257135,28.413815,31.810568,30.054062,28.756613,24.68679,23.092268,20.158113,19.691269,17.829351,15.028476,19.615992,23.161572,24.832796,26.336227,28.202505,29.546047,32.01978,30.505798,34.891148,30.38863,35.109375,34.290714,37.648335
12,30.756357,26.918573,24.818754,20.837082,18.081495,19.392563,13.69877,13.297121,8.369011,8.106551,6.3889837,7.320205,0.0,7.2302837,7.5930696,11.329589,14.193776,18.785131,22.25454,24.384312,27.872408,29.24718,32.39232,31.117771,29.634119,28.594849,24.034212,21.383926,17.849253,17.322815,12.074907,12.11805,9.539274,7.2613273,10.769622,10.527942,14.050454,14.72651,12.275519,11.928358,13.824745,15.761937,14.248447,16.749697,20.676746,20.634571,24.92301,26.889807,30.600582,27.87321,28.090763,24.247715,27.2685,24.408731,27.040113,25.759333,21.294855,19.933779,23.351103,19.237326,15.821476,16.917479,18.838333,19.80366,20.177683,14.932207,15.177187,18.004972,12.603062,11.880984,12.415373,16.459549,15.152356,16.21261,20.959105,21.176754,25.921515,26.959677,29.422213,33.32964,28.79744,34.304287,31.82652,29.322058,25.561052,26.317448,21.731268,25.221233,24.300303,22.18432,24.121363,27.634607,25.306202,24.756006,20.330462,18.522785,15.478623,14.595869,11.441871,8.299022,12.571552,16.550358,18.462885,20.286646,22.455523,24.244965,26.83277,25.078537,30.082016,25.434578,30.103628,29.785429,32.783802
13,37.487785,33.78557,31.599684,27.585518,24.90645,25.305984,20.480606,18.375622,14.260548,12.539322,8.7600975,6.065535,7.2302837,0.0,5.2701173,7.549974,10.871246,15.292707,19.01343,21.136982,24.419815,26.370079,29.178068,27.022251,25.399227,23.959835,19.324726,16.773708,12.502417,13.009245,5.5883527,8.70894,6.174188,8.588893,10.82601,13.578116,16.135157,14.904748,12.82467,11.315643,10.5029,11.262209,8.441795,10.27654,15.139231,14.286577,19.366468,21.154484,25.215448,22.89169,22.551716,18.45895,20.952854,18.201933,20.284937,18.98843,14.573569,12.839151,16.663902,12.502901,8.743686,10.429727,13.382732,15.293419,16.11934,9.973665,11.250168,15.611815,11.871854,10.712404,13.893662,17.108265,16.202715,15.084475,20.670696,18.849533,24.274586,24.350904,26.251516,30.003592,24.924776,29.96534,26.737988,24.283014,20.72501,22.048567,17.28357,22.029724,21.414042,20.471087,22.74272,26.161695,24.785088,23.565632,19.708338,17.888073,15.529797,14.571242,14.0735235,11.967898,16.652803,19.233,21.58194,22.030802,24.302094,25.755384,27.588072,25.868021,29.726543,25.03838,29.669281,28.575773,32.04243
14,37.41149,33.572113,31.948978,27.67187,25.206333,26.873026,20.978401,20.734251,15.816624,15.170286,12.126226,10.320695,7.5930696,5.2701173,0.0,4.4259233,6.7838793,11.745402,14.961435,17.270632,20.569817,22.262472,25.2097,23.661987,22.266754,21.046131,16.573515,13.797313,10.470805,9.813914,6.356129,5.534947,7.5469856,7.369697,11.028323,13.740891,15.393378,14.525721,11.034442,8.646938,10.29985,9.776276,9.210727,10.434632,13.4966345,13.634513,17.452099,19.564072,23.154537,20.715229,21.179306,17.606205,21.183243,19.290812,21.521261,19.510563,15.786525,15.140121,19.48648,16.332787,12.349132,12.350439,16.28293,17.444183,19.331831,13.963353,12.9128,17.879408,13.612059,11.27223,13.378187,16.444708,14.307169,13.298379,18.831339,17.396578,22.54355,23.426031,25.039923,29.242973,24.878159,30.14422,27.433239,24.232716,20.341509,20.654041,15.828635,19.283281,17.778692,16.354328,18.187021,21.516659,19.773369,18.624138,14.584011,12.821801,10.273811,9.875932,9.461994,8.926182,13.054504,15.041213,18.815325,18.485807,21.614365,23.588406,24.934706,22.726196,26.576498,21.30221,25.739517,24.507666,27.625603
15,41.413208,37.493793,35.76135,31.662613,29.04448,30.712029,24.786903,24.27781,19.661474,18.360035,14.999553,13.50553,11.329589,7.549974,4.4259233,0.0,4.0900035,7.880188,12.30405,13.835474,17.538805,19.096899,22.200937,20.325123,18.536926,17.612349,12.83073,10.675076,6.9601774,7.889679,6.510806,6.838538,10.823575,11.665052,14.994367,18.114538,19.496023,18.251652,14.714478,11.803899,12.8183775,10.503119,10.140316,9.334792,11.726872,10.743642,14.68211,15.820222,19.39049,16.555813,16.979206,13.473462,17.318954,15.725304,18.190674,16.155863,12.649873,12.994068,17.163528,15.253127,11.674702,9.789779,14.197245,14.957817,17.740032,13.263428,10.758466,16.396168,13.13616,10.174318,12.938461,15.044597,12.910654,10.564491,16.20707,13.799985,19.050577,19.720781,20.986082,25.230022,21.006733,26.163528,23.549435,20.08429,16.150526,16.281282,11.446877,15.069476,13.928717,13.020748,15.322268,18.777,17.817938,16.910822,13.417919,11.213375,10.123843,8.287336,10.426116,10.340877,13.974808,14.668887,18.27022,16.958288,20.021355,21.781736,22.521002,20.359236,23.45645,18.315699,22.69682,21.217213,24.678553
16,43.133595,39.250065,37.95756,33.61903,31.283909,33.440285,27.212763,27.43806,22.485107,21.778162,18.60325,16.619408,14.193776,10.871246,6.7838793,4.0900035,0.0,5.434998,8.382059,10.553378,13.852991,15.601893,18.51877,16.929508,15.566011,14.482342,10.143874,7.497474,5.5676703,4.7171755,8.248662,6.0889034,12.365946,12.78757,15.889019,19.350916,19.818945,18.38837,14.539713,11.220623,12.840236,9.361674,10.716378,9.39295,9.577107,9.907582,12.110845,13.953023,17.016895,14.648259,15.797102,13.055586,17.530104,17.084753,18.985884,16.220997,13.92682,14.744828,19.31668,17.884855,14.241811,12.340662,17.379171,18.112959,21.301172,16.992907,14.30722,20.084639,17.03179,13.875121,16.119751,17.879723,15.148095,12.637894,17.806427,15.217116,20.025682,21.029123,21.653923,26.08169,22.451027,27.335592,24.861801,20.89465,17.010672,16.327179,11.739406,14.094613,11.670743,11.012275,12.546787,15.576936,14.626664,13.146514,9.969894,8.251275,7.56534,7.4565334,10.5511055,12.285794,14.963624,14.718862,19.62806,17.340214,21.119467,23.189302,23.231195,20.671455,23.168922,17.498798,21.37439,19.277895,22.3611
17,47.65348,43.67887,42.323887,38.191788,35.721077,38.027336,31.674734,31.88682,27.146461,26.016985,22.771015,21.29967,18.785131,15.292707,11.745402,7.880188,5.434998,0.0,6.4425287,6.171798,10.424065,11.540984,14.856489,13.088483,11.050068,10.915364,6.383949,5.922313,5.831334,7.2440023,12.43541,11.319107,17.550707,18.181822,21.30541,24.749771,25.17042,23.698221,19.832031,16.45897,17.841135,13.650006,15.019207,12.322096,11.032638,10.089425,11.058559,10.8857155,13.263654,10.061299,11.761048,10.005718,14.982692,15.455326,17.53369,14.822803,13.551664,15.73134,19.524975,19.699245,16.844889,13.271303,17.959503,17.931223,21.90694,19.005314,14.986152,20.61668,18.65452,15.264772,17.39717,17.923677,15.243451,11.748852,15.932215,12.51444,16.648426,17.663725,17.53459,22.007006,19.167845,23.70567,21.764887,17.3491,13.622065,11.950606,8.112909,9.0025625,6.439268,6.941247,8.984086,12.013277,12.48339,11.74795,10.067366,8.045025,9.98411,8.215682,13.3043,15.246553,17.016645,15.280072,19.755724,16.258465,19.866882,21.675207,20.72693,18.219713,19.394444,13.981891,17.397772,14.84206,18.270643
18,49.48649,45.669147,44.92763,40.415905,38.409664,41.12365,34.612175,35.539097,30.386353,30.05481,26.961462,24.635183,22.25454,19.01343,14.961435,12.30405,8.382059,6.4425287,0.0,4.530549,5.732414,8.095623,10.335624,9.330498,9.108732,8.000152,6.313415,4.7424226,8.779931,6.9090877,15.183938,12.204676,19.290491,19.608963,22.064838,25.81802,25.077888,23.35973,19.601343,16.251888,17.91904,13.212994,16.232126,13.827028,9.91263,11.693062,9.131751,11.208575,12.196419,11.180937,13.844127,13.48267,18.321241,20.030104,20.911406,17.352432,17.561424,19.386806,23.79962,23.717075,20.553633,18.123821,23.450724,23.923826,27.786583,24.25248,21.048262,26.858465,24.59696,21.236048,23.10811,23.958866,20.86233,17.903532,21.734968,18.66576,22.1771,23.41671,22.663551,27.013515,24.754055,28.702381,26.68802,22.096962,18.820524,16.726952,13.7144575,13.139701,8.634932,9.665843,8.990722,10.003354,10.378493,7.5554476,7.6761622,7.97126,9.883598,11.622098,15.837625,19.166662,20.338112,18.322803,24.203074,20.287565,24.596064,26.78878,25.38515,22.495035,23.100185,17.31644,19.533966,16.06118,18.22176
19,52.022488,48.089584,47.143856,42.884815,40.654892,43.41291,36.81242,37.61973,32.674313,31.908379,28.772583,27.05591,24.384312,21.136982,17.270632,13.835474,10.553378,6.171798,4.530549,0.0,4.7915072,5.41443,8.773472,7.707607,6.2434483,7.032747,5.485447,6.794946,10.218657,10.314956,17.672518,15.62339,22.499168,22.8709,25.711508,29.281235,28.954805,27.389687,23.497923,20.109041,21.74512,17.02601,19.40892,16.439163,12.994893,13.155654,10.901002,10.486118,10.686563,8.501348,11.65633,12.179603,17.04307,19.042494,20.324924,17.194822,17.662283,20.259401,23.916426,24.781187,22.12493,18.59614,23.340006,23.175648,27.414019,24.896553,20.783913,26.246527,24.609907,21.17888,22.868305,22.92618,19.993969,16.663332,19.589191,16.306047,19.03508,20.33422,19.1258,23.391104,21.86896,25.552721,24.142027,19.402632,16.37771,13.563532,11.609296,9.367422,4.6462893,6.9726353,6.6312566,7.666032,9.721855,8.649693,9.646627,9.075146,12.304781,12.080457,17.222763,20.231396,20.992435,18.198418,23.326466,18.82281,22.751368,24.659859,22.646107,19.930538,19.558138,14.255737,16.025555,12.291412,14.86456
20,54.84838,51.024773,50.38422,45.911274,43.92547,46.773376,40.180397,41.16821,36.054714,35.597347,32.435722,30.15318,27.872408,24.419815,20.569817,17.538805,13.852991,10.424065,5.732414,4.7915072,0.0,3.7884529,4.790197,4.184078,5.280674,5.222266,7.317265,8.354928,13.009755,12.131456,20.329876,17.813097,24.80975,25.318867,27.623337,31.463036,30.493258,28.664398,25.049881,21.761837,23.14347,18.213268,21.220201,18.262152,13.552866,14.854368,10.522808,11.123218,9.8984585,9.977645,13.32137,14.757483,19.168571,21.985739,22.387182,18.849878,20.365486,22.79592,26.661558,27.566925,24.903805,21.946491,27.032463,27.21545,31.41212,28.617231,25.026772,30.658201,29.069397,25.674902,27.48979,27.692558,24.699545,21.43314,24.326681,20.957829,23.456936,24.601843,22.960255,26.942787,25.707283,28.80395,27.249079,22.539614,19.960485,17.186563,15.680997,13.430268,8.959392,11.330355,9.753665,8.729434,11.056987,8.702937,11.324456,12.045652,14.870544,16.119783,20.76771,24.228857,24.88481,22.085863,27.712679,23.09663,27.211132,29.20378,26.950356,24.170422,23.290848,18.189358,19.073706,14.8943615,16.403315
21,55.623085,51.737125,51.129,46.82664,44.791676,47.947296,41.15307,42.490845,37.415867,36.93676,33.94409,32.20224,29.24718,26.370079,22.262472,19.096899,15.601893,11.540984,8.095623,5.41443,3.7884529,0.0,4.151925,5.84856,6.1830106,7.9939284,9.626157,11.236392,15.376794,14.8587,22.7925,20.203218,27.279934,27.309826,30.02934,33.5101,32.71403,31.226978,27.332047,24.057432,26.003996,21.234182,24.125523,21.218037,16.946714,17.738445,14.00662,13.568688,11.947627,11.082222,14.631545,16.399094,20.844625,23.529654,24.418531,21.227417,22.496319,25.226479,28.74766,29.922806,27.343796,23.858091,28.53458,28.222944,32.571087,30.28042,26.031769,31.324284,29.755945,26.291456,27.575037,27.368046,24.266554,21.232164,23.288994,20.433832,22.095556,23.684958,21.89858,25.843437,25.389183,28.448101,27.576914,22.819107,20.3445,17.004059,16.209661,12.432318,7.9642797,10.051855,7.874773,5.8710036,9.284495,8.417021,11.621472,12.113788,15.653541,16.179085,21.025457,24.602972,24.623806,21.21538,26.60422,21.598518,25.618149,27.586176,24.891333,22.11426,20.67387,15.876627,16.016241,11.698622,12.801557
22,58.5613,54.758747,54.321926,49.864494,47.978313,51.09918,44.366425,45.68314,40.52155,40.17384,37.094715,34.9058,32.39232,29.178068,25.2097,22.200937,18.51877,14.856489,10.335624,8.773472,4.790197,4.151925,0.0,4.6082416,7.0270157,8.0797205,11.563549,13.0743265,17.72644,16.85527,25.11441,22.441502,29.485569,29.778826,32.0632,35.797554,34.58482,32.84264,29.233309,26.04157,27.612713,22.71887,25.889225,22.917326,17.954327,19.285353,14.421458,14.455022,11.900638,12.679675,16.109999,18.431778,22.448729,25.718422,25.92887,22.517366,24.5574,27.190042,30.783314,32.070766,29.567387,26.443417,31.348492,31.314735,35.64297,33.194366,29.350557,34.801178,33.379147,29.950571,31.481646,31.370764,28.315226,25.168291,27.349514,24.220871,25.879118,27.18665,25.084522,28.750956,28.400389,30.951946,29.897009,25.22054,23.106924,19.924887,19.350943,15.968387,11.844911,14.186826,11.894461,9.295734,12.351972,10.623968,14.395713,15.497036,18.623116,19.924044,24.525423,28.256926,28.384619,25.096315,30.69846,25.703995,29.754711,31.708673,28.912287,26.173767,24.397135,19.884106,19.579685,15.183907,15.59148
23,58.78293,54.95192,54.183033,49.724148,47.656517,50.253403,43.80337,44.364967,39.379208,38.628227,35.25926,32.808052,31.117771,27.022251,23.661987,20.325123,16.929508,13.088483,9.330498,7.707607,4.184078,5.84856,4.6082416,0.0,3.525472,3.813715,8.224597,10.367389,14.862513,14.809002,22.578604,20.822344,27.534899,28.641869,30.692284,34.815845,33.861008,31.736523,28.390005,25.089622,25.761372,20.644335,23.334728,19.886412,14.9845495,15.658345,10.720085,10.085819,7.3320236,8.851774,12.038087,14.560375,18.24453,21.822685,21.635637,18.20143,20.70768,23.419725,26.816582,28.435493,26.26017,23.119223,28.02166,28.221216,32.514523,30.184622,26.70698,32.245594,31.33968,28.051825,30.234138,30.115997,27.467089,23.782167,26.426722,22.47342,24.663826,25.274296,23.069775,26.591177,25.672222,27.98157,26.40934,21.836876,19.909702,17.181602,16.559814,14.358692,10.9276285,14.157372,13.001206,11.6885195,14.749831,12.734458,15.500301,16.046108,18.894192,19.700735,24.59732,27.743662,28.59935,25.735023,30.898315,26.166601,29.914297,31.603668,29.060774,26.55178,24.847244,20.455988,20.892067,16.551495,18.071245
24,58.01951,54.1051,53.05935,48.771107,46.492813,48.919735,42.53154,42.782166,37.984455,36.881573,33.44719,31.337862,29.634119,25.399227,22.266754,18.536926,15.566011,11.050068,9.108732,6.2434483,5.280674,6.1830106,7.0270157,3.525472,0.0,3.6008582,6.229934,9.386888,13.156927,14.128141,21.224571,20.115807,26.655664,27.91663,30.247065,34.299866,33.807476,31.753143,28.289452,24.894135,25.477528,20.380651,22.5295,18.818651,14.655496,14.201747,10.459394,8.202231,5.9252477,5.6733017,9.097436,11.729434,15.533972,18.952606,19.197704,16.08839,18.314545,21.357418,24.37587,26.345324,24.40436,20.708374,25.269285,25.200935,29.594294,27.724554,23.90858,29.257833,28.681734,25.44176,27.705381,27.307697,24.908195,20.990864,23.46915,19.25928,21.404997,21.82327,19.586542,23.119991,22.156878,24.53685,23.06894,18.443272,16.501883,13.671635,13.335863,11.097294,8.362087,12.087941,11.789652,11.360171,14.670453,13.389544,15.468284,15.286894,18.360329,18.115408,23.363588,26.048927,27.048264,24.169445,28.724995,24.044077,27.440483,28.900648,26.376324,24.0706,22.26637,18.149326,18.921991,14.764271,17.059072
25,57.10517,53.275894,52.280987,47.826603,45.654892,47.869175,41.6581,41.713448,36.858196,35.884727,32.357105,29.713142,28.594849,23.959835,21.046131,17.612349,14.482342,10.915364,8.000152,7.032747,5.222266,7.9939284,8.0797205,3.813715,3.6008582,0.0,5.0744104,7.3600526,11.576234,12.062304,19.312912,18.188904,24.571331,26.202347,28.093456,32.42346,31.700357,29.365637,26.205923,22.871157,22.948412,17.773788,20.073961,16.387924,11.69922,11.922596,7.2037826,6.496998,4.8526607,6.4988556,9.29317,11.276612,15.00221,18.486385,18.145983,14.558289,17.058367,19.671152,23.159988,24.70728,22.610355,19.612524,24.635433,25.115877,29.287409,26.789774,23.711475,29.376034,28.624048,25.46091,28.098467,28.169464,25.776014,21.844967,25.065279,20.667267,23.549091,23.738575,21.79415,25.376804,23.667198,26.162611,24.024277,19.527021,17.429903,15.285899,14.0483,13.323707,10.339012,13.727914,13.442173,13.239925,15.813656,13.554617,15.285742,15.416708,17.80857,18.375156,23.25005,25.932707,27.37658,25.011509,29.933702,25.595049,29.197922,30.78453,28.671825,26.267775,25.09658,20.552061,21.815632,17.729006,19.99265
26,53.231503,49.342304,48.066704,43.758194,41.39776,43.408318,37.293533,37.0573,32.351707,31.119112,27.558401,25.22178,24.034212,19.324726,16.573515,12.83073,10.143874,6.383949,6.313415,5.485447,7.317265,9.626157,11.563549,8.224597,6.229934,5.0744104,0.0,3.8946693,6.9455214,8.617526,15.033423,14.49761,20.677776,22.37874,24.617796,28.79621,28.642277,26.467957,23.149797,19.74179,19.84949,14.846757,16.520746,12.764938,9.368648,8.383639,6.4366035,5.275133,7.035671,5.3577814,7.5867577,7.6919985,12.334655,14.786294,15.330578,11.910954,13.076969,15.726395,19.365156,20.585258,18.328465,14.967337,20.00123,20.42796,24.565863,21.965445,18.717133,24.448149,23.557201,20.413448,23.21014,23.41379,21.173489,17.149485,20.867146,16.375809,19.976606,20.116264,18.816063,22.742626,20.234089,23.525984,21.154036,16.619205,13.811413,12.078293,9.656123,10.365427,7.8565154,10.865933,11.785726,13.1262865,15.014513,13.238961,13.4662285,12.696659,14.805494,14.43485,19.381126,21.486555,23.344463,21.39604,25.879992,21.988552,25.401768,26.925789,25.341797,23.023275,22.709171,17.934776,20.235016,16.717724,19.804825
27,50.21943,46.410908,45.279324,40.806374,38.603798,40.615746,34.54467,34.459675,29.582941,28.71196,25.223894,22.476019,21.383926,16.773708,13.797313,10.675076,7.497474,5.922313,4.7424226,6.794946,8.354928,11.236392,13.0743265,10.367389,9.386888,7.3600526,3.8946693,0.0,4.9602323,4.8714495,12.228186,10.941668,17.336245,18.958551,20.989517,25.259277,24.891148,22.65615,19.393715,16.006943,16.155125,11.122179,13.280132,10.010703,6.2680974,7.0095725,5.4167233,7.6306243,10.047555,9.173625,10.857088,9.734114,14.28773,15.999898,16.475153,12.796216,13.170248,14.948165,19.395702,19.507803,16.627018,14.280266,19.824919,20.73923,24.501574,20.928804,18.369455,24.36185,22.73905,19.621624,22.426865,23.31552,20.851055,17.26997,21.686508,17.6724,21.855389,22.22847,21.501122,25.613415,22.57157,26.31477,23.617647,19.269724,16.102009,14.884102,11.436418,12.984443,9.905083,11.751539,12.41273,14.000787,14.790848,12.280178,11.677449,11.207992,12.328774,13.092329,17.318554,19.599691,21.750187,20.397314,25.444416,22.011038,25.775652,27.589567,26.520422,23.993622,24.609034,19.26615,21.998346,18.685123,21.545183
28,47.803993,43.96657,42.407024,38.12184,35.66745,37.1495,31.419806,30.573051,26.01586,24.629923,20.939865,18.333715,17.849253,12.502417,10.470805,6.9601774,5.5676703,5.831334,8.779931,10.218657,13.009755,15.376794,17.72644,14.862513,13.156927,11.576234,6.9455214,4.9602323,0.0,4.8309183,8.160546,8.901004,14.145257,16.445171,18.606493,22.817299,23.246983,21.039515,17.966206,14.693311,14.155854,9.751163,10.271167,6.780617,6.5309925,4.646884,8.010308,9.095811,12.837815,10.902397,11.267281,8.252114,12.452117,12.717277,13.862618,10.766744,9.343859,10.75493,15.321713,14.965892,12.004094,9.498262,15.121848,16.291433,19.792622,15.973862,13.775084,19.84089,18.311028,15.432246,18.834496,19.967651,18.047075,14.361004,19.421429,15.246734,20.195662,20.128332,20.104095,24.14563,20.175032,24.351305,21.246405,17.329554,13.849771,13.7379055,9.320644,13.125227,11.571542,12.757241,14.605883,17.180355,17.545654,15.708034,13.83572,12.438854,12.732064,12.158802,15.951712,16.998571,19.993263,19.475073,23.565565,20.97213,24.184542,25.73368,25.37449,23.17793,24.55528,19.514023,23.073702,20.46419,23.918648
29,45.802723,42.07058,40.997997,36.407925,34.32367,36.261852,30.2974,30.304272,25.299023,24.801485,21.456179,18.375797,17.322815,13.009245,9.813914,7.889679,4.7171755,7.2440023,6.9090877,10.314956,12.131456,14.8587,16.85527,14.809002,14.128141,12.062304,8.617526,4.8714495,4.8309183,0.0,8.573742,6.1295795,12.7525425,14.195429,16.142136,20.415726,20.05674,17.86659,14.576617,11.199227,11.543937,6.775142,9.332286,7.3577557,5.2538643,7.563447,8.272934,11.777409,14.729424,13.737871,14.929897,12.678879,16.927708,17.47123,18.211874,14.748362,13.73668,14.343664,19.410692,18.080631,14.470323,13.443278,19.146252,20.49931,23.669514,19.05657,17.348032,23.371748,20.85329,17.903833,20.62935,22.345171,19.783945,16.913996,22.002338,18.702854,23.447638,24.031519,24.05844,28.315033,24.672323,28.969746,26.029562,21.993353,18.47086,17.848967,13.550806,15.987412,12.9912195,13.487213,14.238273,16.340858,15.829739,13.109043,10.996995,10.534411,9.900015,11.676164,14.563498,16.684063,19.324236,18.961765,24.262526,21.665161,25.57915,27.620022,27.304605,24.690605,26.476799,20.77433,24.101534,21.304548,24.081276
30,41.92377,38.273544,36.469204,32.15744,29.748144,30.405163,25.425425,23.707384,19.371683,18.054565,14.288584,10.585871,12.074907,5.5883527,6.356129,6.510806,8.248662,12.43541,15.183938,17.672518,20.329876,22.7925,25.11441,22.578604,21.224571,19.312912,15.033423,12.228186,8.160546,8.573742,0.0,5.8829837,6.597843,10.432298,11.837947,16.097784,17.290768,15.009044,12.8577585,10.451123,8.337221,6.8822474,4.164751,4.7430344,9.672831,9.166637,14.04572,16.428156,20.485468,18.887873,18.59742,14.755022,17.438261,15.777985,16.94437,14.806777,11.38921,9.867521,14.859009,11.45555,7.2295527,8.782332,13.728645,16.044441,17.84661,11.9886265,12.746699,18.246382,15.638021,13.753686,17.433882,19.954227,18.598164,16.250027,22.00075,18.949121,24.467726,24.29635,25.376152,29.214,24.27937,28.857464,25.261843,22.341347,18.882257,19.968765,15.161071,19.973349,18.809095,18.757074,20.691824,23.65546,22.804691,20.852036,17.660267,16.296524,14.418265,14.455318,15.50761,15.032183,19.238073,20.714647,24.206179,23.387905,26.243492,27.810007,28.776833,26.7754,29.666218,24.627522,28.863699,26.9804,30.379004
31,40.129284,36.47893,35.36623,30.699484,28.699924,30.448713,24.692575,24.717974,19.612087,19.593725,16.546541,13.183371,12.11805,8.70894,5.534947,6.838538,6.0889034,11.319107,12.204676,15.62339,17.813097,20.203218,22.441502,20.822344,20.115807,18.188904,14.49761,10.941668,8.901004,6.1295795,5.8829837,0.0,7.183432,8.111408,10.214655,14.335411,14.394406,12.483548,9.083947,5.8526373,6.857043,4.688833,6.4009147,7.723216,9.267265,11.325956,13.804006,17.355165,20.69226,19.358643,20.128307,17.058174,20.804708,20.040052,21.202814,18.340284,15.870074,15.158863,20.31712,17.315325,13.103715,13.828026,18.946049,20.649208,22.873114,17.240574,16.733032,22.290894,18.699547,16.238293,18.657394,21.37157,18.944683,17.225836,22.731337,20.463001,25.570435,26.323145,27.206394,31.479406,27.28074,32.091377,29.022825,25.464235,21.726583,21.728704,16.952341,20.087893,17.552378,16.884676,17.880075,20.46784,18.853626,16.49438,13.044937,12.376182,9.684264,11.865175,12.297261,13.593764,16.93671,18.111458,23.138687,21.865625,25.616306,27.779783,28.444572,25.912008,28.98064,23.239523,27.142483,25.073967,27.817429
32,36.607433,33.192493,31.653723,27.09115,25.084682,25.592789,21.004618,19.614326,15.063185,14.998411,12.047324,7.254931,9.539274,6.174188,7.5469856,10.823575,12.365946,17.550707,19.290491,22.499168,24.80975,27.279934,29.485569,27.534899,26.655664,24.571331,20.677776,17.336245,14.145257,12.7525425,6.597843,7.183432,0.0,5.5772643,5.482045,9.827409,11.225928,9.130908,7.9643464,7.214973,4.921093,8.057148,5.9026065,9.943494,14.0795355,15.228348,19.136251,22.508228,26.346682,25.039688,25.041224,21.316074,23.966902,22.090233,23.14232,21.087858,17.695927,15.464083,20.109621,15.442429,11.372065,14.63336,18.4932,20.907661,21.686878,15.207807,17.175285,21.71206,17.961906,16.724718,19.403688,22.807796,21.316967,20.30111,25.948366,24.033205,29.44208,29.714224,31.20578,35.129543,30.177998,34.9966,31.47688,28.73974,25.212664,26.211374,21.333158,25.640024,23.952705,23.156572,24.607985,27.465227,25.68201,23.537716,19.81637,18.938232,15.768363,17.124727,15.933493,15.258428,19.447409,22.09021,25.796764,25.939348,28.938177,30.79538,32.377525,30.255028,34.017345,28.708426,33.027065,31.427616,34.40755
33,32.344414,28.816118,27.717295,22.94226,21.144531,22.805874,17.303734,17.840155,12.530334,13.882882,12.077014,9.20458,7.2613273,8.588893,7.369697,11.665052,12.78757,18.181822,19.608963,22.8709,25.318867,27.309826,29.778826,28.641869,27.91663,26.202347,22.37874,18.958551,16.445171,14.195429,10.432298,8.111408,5.5772643,0.0,4.5866895,6.5769944,8.145316,8.02186,5.078096,5.220766,7.853334,10.7598915,10.58228,14.082912,17.01645,18.734463,21.834637,25.270805,28.741787,27.06252,27.657621,24.180084,27.530626,25.708315,27.325878,25.12332,21.66273,20.045105,24.613174,20.248926,16.153023,18.285614,21.92202,23.635298,24.582834,18.481943,19.21783,23.408504,18.610336,17.155855,18.431755,22.155386,20.053091,20.117502,25.352222,24.601482,29.601778,30.661297,32.390617,36.58546,32.121296,37.35579,34.415302,31.374207,27.558027,27.942919,23.089521,26.324266,24.17085,22.509195,23.5602,26.404287,23.847984,22.09912,17.931643,17.19642,13.377461,15.33288,12.512484,12.301342,15.819166,18.92923,23.090881,23.615427,26.911669,29.147055,30.924713,28.59294,32.962494,27.452295,31.692722,30.479057,33.01842
34,32.867035,29.69549,28.746332,23.859388,22.479137,23.371557,18.92677,18.757483,14.004087,15.6147,13.939612,9.778145,10.769622,10.82601,11.028323,14.994367,15.889019,21.30541,22.064838,25.711508,27.623337,30.02934,32.0632,30.692284,30.247065,28.093456,24.617796,20.989517,18.606493,16.142136,11.837947,10.214655,5.482045,4.5866895,0.0,5.241605,5.81631,4.2795258,4.523037,6.410812,6.261756,10.916838,10.414753,14.684507,17.74012,19.938547,22.89304,26.914408,30.445219,29.380018,29.766537,26.279524,29.206783,27.51752,28.501118,26.235582,23.098408,20.879284,25.533182,20.677834,16.735146,20.077375,23.773153,26.044361,26.602795,20.138893,22.047852,26.204216,21.824053,20.710686,22.462467,26.205341,24.368887,24.141542,29.548374,28.354326,33.548946,34.2758,35.86244,39.947353,35.204437,40.18576,36.825977,33.955734,30.315884,30.989845,26.09615,29.756678,27.499502,26.25128,27.151243,29.73012,27.289333,24.991167,21.153017,20.826433,16.996622,19.53301,17.002235,16.838068,20.37038,23.466167,27.64379,28.157047,31.437002,33.600407,35.3658,33.049397,37.233055,31.661531,35.828285,34.32964,36.82997
35,27.642864,24.536394,23.733803,18.775099,17.677942,18.835585,14.52863,15.405432,10.75194,13.751321,13.515307,11.021829,10.527942,13.578116,13.740891,18.114538,19.350916,24.749771,25.81802,29.281235,31.463036,33.5101,35.797554,34.815845,34.299866,32.42346,28.79621,25.259277,22.817299,20.415726,16.097784,14.335411,9.827409,6.5769944,5.241605,0.0,4.558811,6.7053266,7.247022,9.952409,11.478222,15.888428,15.382823,19.528442,22.644978,24.643286,27.694035,31.484917,34.98267,33.53552,34.033493,30.464785,33.502747,31.424118,32.854397,30.83204,27.284199,25.105692,29.389782,24.363491,20.618261,23.742498,26.723799,28.653353,28.788042,22.589706,24.39577,27.744642,22.792215,22.086601,22.87175,26.890749,25.12242,25.870926,30.853987,30.609365,35.52898,36.599274,38.582012,42.676746,38.04152,43.292854,40.23657,37.486557,33.746227,34.357758,29.499435,32.8447,30.682817,28.855116,29.727854,32.428707,29.519827,27.714075,23.583271,23.162832,19.105589,21.36895,17.589193,16.909117,19.936644,23.73424,27.368195,28.737864,31.7567,33.97312,36.226856,34.009834,38.814472,33.414352,37.642887,36.649067,38.96452
