,0,1,2,3,4,5,6,7,8,9,10,11,12,13,14,15,16,17,18,19,20,21,22,23,24,25,26,27,28,29,30,31,32,33,34,35,36,37,38,39,40,41,42,43,44,45,46,47,48,49,50,51,52,53,54,55,56,57,58,59,60,61,62,63,64,65,66,67,68,69,70,71,72,73,74,75,76,77,78,79,80,81,82,83,84,85,86,87,88,89,90,91,92,93,94,95,96,97,98,99,100,101,102,103,104,105,106,107,108,109,110,111,112
0,0.0,3.5321267,7.0835867,10.568605,14.255083,18.433765,20.549454,25.782051,26.83862,31.047745,33.496117,34.27431,35.642933,32.618126,37.593414,33.084343,34.14292,33.782654,34.32337,35.50913,34.496754,37.96722,37.549866,33.24884,33.881958,30.75117,30.332647,28.223633,26.77854,26.320925,24.02718,26.92507,22.55388,27.010933,27.057968,22.875677,25.339855,24.284925,23.86218,23.826218,18.740463,23.715002,21.313572,25.771578,23.56239,30.312664,28.933853,32.678158,34.03434,37.29911,34.613747,39.22777,39.74127,38.079548,36.121487,36.206036,31.948097,33.51317,36.1208,31.471014,29.498022,30.179844,29.286999,29.136927,25.461416,23.69786,24.927963,22.639814,24.633478,29.887716,27.904991,25.443132,28.66084,33.752384,32.71097,37.139866,37.094933,35.238323,38.567467,37.29419,38.878666,39.7067,36.680855,37.04456,35.519737,37.27141,36.013817,36.69714,39.03552,37.799213,40.93705,44.287994,44.2451,45.08136,48.373962,45.9664,45.319717,43.234924,41.37523,44.1279,40.58081,41.17,42.035442,40.01636,41.670597,42.245495,43.057266,41.888966,42.3231,38.780056,41.21622,37.72928,40.79309
1,3.5321267,0.0,4.115676,7.33544,10.874528,15.328541,17.162699,22.50527,23.52116,27.663694,30.171305,30.875473,32.35829,29.405115,34.665318,30.29119,31.5844,31.432886,32.273827,33.68428,33.076717,36.620983,36.588245,32.2629,32.739937,29.598621,28.648354,26.480518,24.595825,24.248808,21.116869,24.267998,19.516573,23.894594,23.680664,19.44551,21.811867,20.835196,20.592438,20.815351,15.852399,21.121933,19.324799,23.895863,22.293056,29.14965,28.438566,32.065926,33.723915,37.15132,34.188526,38.40347,38.93278,37.389492,34.950584,34.64557,30.326668,31.743092,34.78332,30.53466,27.889647,29.082994,28.1039,28.4632,24.676695,22.361351,23.609661,20.952885,22.65685,28.099836,25.882889,23.0371,26.295597,31.393702,30.455952,34.84916,34.557045,32.582912,35.673367,34.38907,35.775486,36.47858,33.605385,34.14581,32.849274,34.670765,33.74205,34.74702,37.2362,36.324345,39.50796,42.72011,42.488213,43.107838,46.348633,44.032356,43.51305,41.5926,39.521835,42.115944,38.3094,38.907867,39.319645,37.425392,38.797173,39.223415,40.121807,39.10971,39.691223,36.28664,38.926926,35.652943,38.947346
2,7.0835867,4.115676,0.0,4.1694403,8.035561,12.174282,14.324559,19.751049,21.356865,25.197706,28.12715,28.878372,30.834278,28.190739,34.077602,29.923376,31.72744,31.757658,33.22134,34.735363,34.68186,38.269966,38.7182,34.24342,34.42666,31.377684,29.738245,27.741549,25.255318,25.292772,20.81481,24.495195,19.060823,23.043602,22.091776,17.701828,19.223825,18.06409,18.712507,19.54211,15.293906,20.728321,20.20861,24.647863,23.954948,30.578539,30.67306,33.978867,35.97313,39.412773,35.98755,40.070415,40.244034,38.62681,35.76471,35.00978,30.821016,31.748077,35.106903,31.420094,27.898874,29.203821,27.781397,28.685312,25.272388,22.43584,22.982456,19.87342,21.876457,27.208038,24.294329,21.192915,24.991554,29.766558,29.420216,33.500317,33.055756,31.330912,33.905098,33.0555,34.04767,34.69791,32.223557,33.23498,32.239334,34.432423,33.736015,35.406193,37.949364,37.40375,40.523785,43.452637,42.88681,43.28906,46.56409,44.51672,44.246826,42.59878,40.358074,42.652393,38.56212,38.920155,38.725258,36.809875,37.736305,37.8625,38.631752,37.931503,38.270348,35.361973,37.998253,34.960743,38.47158
3,10.568605,7.33544,4.1694403,0.0,4.029989,8.117186,10.2973995,15.618884,17.373993,21.204994,24.218718,25.196777,27.330349,24.91208,31.006458,26.857117,29.072636,29.030905,31.153692,32.516495,32.98157,36.565598,37.542496,32.844147,32.690224,29.793633,27.515648,25.80469,22.849207,23.429907,18.14357,22.565176,16.931087,20.929728,19.189932,14.635297,15.832842,14.161927,14.823597,15.819041,12.19402,17.486551,18.03253,22.19761,22.379818,28.630768,29.568382,32.493877,34.8301,38.28178,34.45146,38.250713,38.171043,36.59164,33.307514,32.161545,28.084393,28.681705,32.346256,29.197216,24.98315,26.657331,25.114405,26.5509,23.225388,19.893711,20.303099,16.900856,18.6118,23.940058,20.82547,17.430653,21.271496,25.946203,25.772125,29.727333,29.137463,27.46583,29.843773,29.176456,30.065083,30.8098,28.43466,29.658278,28.749336,31.24884,30.578861,32.76079,35.29005,35.04652,38.082054,40.75541,39.937325,40.17678,43.467262,41.640038,41.575615,40.168133,37.842724,39.869106,35.6422,35.74725,35.26583,33.261086,34.005978,34.033184,34.67444,34.084,34.32307,31.630705,34.299313,31.447277,35.11028
4,14.255083,10.874528,8.035561,4.029989,0.0,5.248378,6.341349,11.797959,13.413751,17.191431,20.234802,21.22604,23.499645,21.269098,27.622953,23.672165,26.236729,26.367586,28.967379,30.442429,31.43651,34.988934,36.440456,31.78797,31.405088,28.641375,25.74906,24.146282,20.714144,21.606247,15.345518,20.224392,14.426948,18.176985,15.747097,11.154276,12.057132,10.168602,10.9882145,12.43636,9.676039,14.840914,16.546148,20.425629,21.509596,27.434586,29.169247,31.800528,34.411114,37.92998,33.89314,37.113987,37.042446,35.658585,31.884178,30.277422,26.270706,26.643421,30.76425,28.243973,23.350521,25.698866,24.198734,26.217442,22.875322,19.051546,19.583502,15.957506,16.881252,22.205626,19.018396,15.133421,18.722155,23.299345,23.19278,27.033146,26.089092,24.239504,26.291971,25.594257,26.249836,26.88379,24.685713,26.134256,25.512442,28.126516,27.832905,30.430998,33.054237,33.220215,36.21771,38.652985,37.614468,37.587986,40.774963,39.10282,39.208874,38.041367,35.531654,37.29958,32.850742,32.903347,31.89127,30.027693,30.426682,30.28777,31.007566,30.597576,31.044666,28.53653,31.445173,28.935604,32.82146
5,18.433765,15.328541,12.174282,8.117186,5.248378,0.0,4.565269,8.288944,11.499532,14.678699,18.256521,19.943184,22.813658,21.341158,27.915806,24.090603,27.334288,27.140148,30.78447,31.717854,33.32578,36.756588,38.797466,33.761707,32.864487,30.459507,26.898867,26.026756,22.212414,24.023514,17.260403,22.895578,17.327614,20.556334,16.872873,12.617443,11.798613,8.274934,9.976402,11.783794,11.375266,15.012242,18.421362,21.378664,23.524315,28.407696,31.05273,32.990646,35.936214,39.21341,34.57373,37.851185,36.98308,35.38999,31.33947,29.296053,25.818167,25.31603,29.458767,27.796885,22.048899,24.149738,22.077723,24.72258,22.229454,18.102573,17.443563,13.571458,14.9020405,19.455149,15.423595,11.49813,15.839651,19.610092,20.488113,23.663843,22.77569,21.69393,23.13709,23.466005,23.82101,24.857246,23.097252,25.121159,24.55701,27.949493,27.315662,30.851467,33.191227,33.653385,36.332325,38.264153,36.782753,36.634953,39.954254,38.802116,39.28774,38.519558,36.09697,37.373005,32.93301,32.264687,30.956669,28.68085,28.776659,28.391167,28.487196,28.36342,27.958738,26.263988,28.755884,26.487,30.425043
6,20.549454,17.162699,14.324559,10.2973995,6.341349,4.565269,0.0,5.7115655,7.760992,11.020273,14.454901,15.694737,18.541037,17.042385,23.895037,20.494745,23.829058,24.174723,27.78299,29.247269,31.19355,34.578938,36.845303,32.2601,31.415564,29.02641,25.144707,23.988417,19.881136,21.471333,13.872268,19.348423,13.805378,16.489449,12.433005,8.413816,7.42268,4.050975,6.3668866,9.1649885,9.625129,13.167898,17.13473,20.012194,22.63901,27.54303,30.568594,32.532543,35.545166,39.00899,34.594448,36.984158,36.670403,35.5132,31.048006,28.656298,25.05952,24.773104,29.467241,28.200666,22.238771,25.360796,23.778475,26.698635,23.763123,19.419619,19.66806,15.954342,15.79682,20.47421,17.046402,12.664695,15.786281,19.643116,20.05151,23.309797,21.772566,19.93193,21.043686,20.703247,20.723461,21.241936,19.640825,21.757936,21.742277,24.769564,25.046133,28.572676,31.195473,32.08092,34.858395,36.729298,35.21969,34.730232,37.753067,36.520824,37.01643,36.364906,33.636955,34.808903,30.067709,29.800097,27.75313,26.041328,25.663597,25.09496,25.741953,25.803978,26.311327,24.495152,27.619856,25.831247,30.01173
7,25.782051,22.50527,19.751049,15.618884,11.797959,8.288944,5.7115655,0.0,4.810381,6.684205,10.491217,12.724421,16.040514,15.631919,22.259062,19.261005,23.255524,23.328215,28.000856,28.937487,31.643702,34.770054,37.734608,33.024982,31.662537,29.76013,25.168379,24.777073,20.404602,22.861734,15.309418,21.102863,16.56587,18.490732,13.461955,10.867784,8.587766,4.180621,5.9110646,8.6443405,12.118202,13.176578,18.729565,20.327818,24.127743,27.689802,31.763096,32.943775,36.264767,39.492287,34.67433,36.572678,35.721638,34.63519,29.754595,26.759968,23.828793,22.721323,27.608171,27.554686,20.858618,24.273827,22.583578,26.175812,23.900871,19.42273,19.186192,15.783983,14.823374,18.300922,14.850214,10.618271,12.96536,15.645867,16.763597,19.181877,17.259375,15.854061,16.000095,16.533407,16.074554,16.970066,15.927599,18.700905,18.969181,22.670424,22.907724,27.379393,29.716005,31.110462,33.505898,34.74697,32.76868,31.979548,34.949554,34.281883,35.196934,35.059364,32.37155,32.910526,28.19237,27.258818,24.635843,22.705475,21.795464,20.910965,21.031326,21.481085,21.521572,20.581533,23.552824,22.405941,26.683725
8,26.83862,23.52116,21.356865,17.373993,13.413751,11.499532,7.760992,4.810381,0.0,4.6339693,6.9361486,8.962939,11.655172,10.950322,17.474318,14.557856,18.58779,18.970934,23.612135,24.86063,27.803146,30.83887,33.96782,29.676336,28.377514,26.54072,21.77776,21.202435,16.72901,19.08717,11.492421,17.113123,13.452425,15.134457,10.142417,8.517619,7.6744227,5.21512,3.2568479,5.9371862,10.4095745,10.524873,16.24304,17.521482,21.645092,25.053324,29.353828,30.543045,33.842087,37.20282,32.74155,33.776638,33.587025,32.976406,27.859444,24.724669,21.6088,21.0041,26.284748,26.362753,19.932833,24.301884,23.368563,26.874699,23.99254,19.585844,20.598112,17.594078,15.22844,18.941177,16.775255,12.612832,13.076998,16.24887,16.081161,18.958536,16.5257,13.841561,14.356119,13.371312,13.101445,13.550817,11.961762,14.456551,15.065944,18.277708,19.298693,23.52869,26.119831,27.808636,30.31765,31.620409,29.774035,28.757418,31.445015,30.543083,31.36266,31.233519,28.318218,28.87248,23.952278,23.505095,20.514278,19.12073,18.112953,17.367008,18.273163,18.539658,19.9402,18.248144,21.986998,21.127485,25.493088
9,31.047745,27.663694,25.197706,21.204994,17.191431,14.678699,11.020273,6.684205,4.6339693,0.0,4.3853283,6.536626,10.297302,11.107386,17.595007,15.981176,20.254215,21.041656,25.951271,27.330944,30.745659,33.544216,37.018517,33.033268,31.580067,30.011366,24.98797,24.61119,20.145838,22.478954,14.898239,19.716959,16.510168,16.829763,11.461837,11.329201,8.827971,7.419732,7.861359,10.279636,14.998455,14.569222,20.48201,21.25084,25.734293,28.535252,33.24752,34.10992,37.492714,40.74551,36.217773,36.749905,36.420376,35.948254,30.616814,27.093592,24.514349,23.433426,28.753078,29.638355,22.953262,27.342955,26.269493,30.095133,27.679085,23.300335,23.824778,20.93388,18.603333,21.377098,19.040901,15.25093,15.431067,17.186708,17.775126,19.575804,16.662943,14.388552,13.101703,12.824934,11.097811,10.943783,11.0207815,14.444633,16.041626,19.239187,21.002254,25.679358,28.155748,30.335823,32.577915,33.38277,31.212019,29.786095,32.16273,31.697144,32.817883,33.121487,30.10768,30.12279,25.134544,24.50791,20.322815,19.402943,17.211555,15.691535,16.57874,17.696667,19.153206,18.637815,22.329603,22.352743,26.694376
10,33.496117,30.171305,28.12715,24.218718,20.234802,18.256521,14.454901,10.491217,6.9361486,4.3853283,0.0,3.950152,6.6798573,8.320722,13.812979,12.809776,17.164583,18.075281,23.203053,24.546265,28.348969,30.876892,34.667088,31.06656,29.514904,28.243507,23.052343,22.861387,18.551985,20.969763,14.27061,18.46881,16.679056,16.597778,11.77627,12.83092,11.601659,11.057112,9.707434,10.977506,16.032354,14.348361,20.149582,20.168337,24.992659,27.066015,32.13291,32.706215,36.082714,39.280388,34.998466,34.673992,34.693657,34.635353,29.140425,25.426424,23.078793,22.169521,27.617598,28.96448,22.585365,27.543419,27.035358,30.830538,28.23918,24.07594,25.292126,22.851997,19.610462,22.039186,20.742521,17.30552,16.060493,17.636456,17.354927,19.083914,15.790927,12.68765,11.271811,9.644759,7.6531863,6.895219,6.9466634,10.50807,12.784085,15.588514,18.108671,22.767067,25.244532,27.821402,29.935797,30.521452,28.33389,26.606756,28.641346,28.213945,29.40647,29.93059,26.812212,26.550604,21.52103,21.066315,16.244114,15.892364,13.228341,11.629439,13.22637,14.367612,17.076569,16.26041,20.441195,21.001274,25.243519
11,34.27431,30.875473,28.878372,25.196777,21.22604,19.943184,15.694737,12.724421,8.962939,6.536626,3.950152,0.0,4.292859,6.3173475,12.428924,12.645555,16.562334,18.48196,22.796879,25.032629,28.750362,31.244709,34.857162,31.889076,30.6687,29.251116,24.301918,23.515379,19.323885,20.924,13.997713,16.996416,15.5051,14.22483,9.736887,12.117032,10.968122,12.019542,11.330109,13.016708,17.256222,16.306072,21.419573,21.844992,26.292969,28.852913,33.58781,34.50627,37.71701,41.089096,37.21196,36.46115,37.1128,37.306705,31.84204,28.245382,25.657352,25.226372,30.740576,31.808342,25.74159,30.883286,30.52507,34.167717,31.228683,27.069258,28.606234,26.014597,22.83179,25.680964,24.359129,20.69237,19.677643,21.55589,21.034462,22.93273,19.601254,16.213074,14.81032,12.472132,10.221903,7.8962073,8.6746,11.671723,14.651366,16.267485,19.968142,23.943659,26.734549,29.432013,31.717636,32.47064,30.504131,28.607897,30.25052,29.54495,30.54903,30.988438,27.6006,27.462673,22.233042,22.615255,17.13311,17.85137,14.762688,12.962553,15.554768,16.83795,20.402618,19.390745,23.821856,24.487843,28.67602
12,35.642933,32.35829,30.834278,27.330349,23.499645,22.813658,18.541037,16.040514,11.655172,10.297302,6.6798573,4.292859,0.0,3.8395321,8.242782,9.513253,13.072804,15.438005,19.468552,21.94245,25.828922,28.074984,31.806923,29.3819,28.244034,27.019632,22.185804,21.336927,17.51473,18.845993,13.237577,15.142907,15.318482,13.823831,10.65601,13.687854,13.94575,15.257147,13.349974,14.101204,17.989113,16.315,20.74086,20.681831,25.076593,27.188835,31.93975,32.770035,35.847893,39.212402,35.76497,34.23068,35.46073,36.070976,30.630264,27.103767,24.55699,24.598179,30.084604,31.211958,25.736322,31.266928,31.453856,34.884666,31.64264,27.757383,30.003033,27.75053,23.967646,26.790615,26.301374,22.83436,20.967676,23.06902,21.66369,23.793076,20.432817,16.388184,15.604316,11.868799,10.2810955,7.469069,7.360249,9.146938,12.638542,13.059317,17.762682,21.135267,24.039623,26.964397,29.240297,30.00649,28.257391,26.191084,27.437151,26.490452,27.36249,27.826284,24.295376,24.127682,18.858114,19.879223,14.0623045,15.708019,12.645526,11.239775,14.804333,15.673256,20.437277,18.71294,23.483881,24.318642,28.295694
13,32.618126,29.405115,28.190739,24.91208,21.269098,21.341158,17.042385,15.631919,10.950322,11.107386,8.320722,6.3173475,3.8395321,0.0,7.5306005,7.443432,10.717999,13.413513,16.825418,19.775415,23.23865,25.7413,29.105513,26.706131,25.871532,24.323406,19.786015,18.389317,14.564116,15.404941,9.635242,11.357086,11.729365,10.666727,8.154031,11.135787,12.680794,14.275339,11.735164,12.226833,15.206293,14.043019,17.730968,18.184875,22.11137,24.933847,29.201494,30.473078,33.405964,36.95553,33.756786,32.428986,34.07126,34.67923,29.421598,26.250309,23.173208,23.799929,29.280571,29.682722,24.583523,30.152817,30.508024,33.629166,29.94609,26.123894,28.825888,26.516966,22.755846,26.242313,25.865248,22.197704,20.526417,23.509468,21.609268,24.4823,21.402279,17.032404,17.402082,13.251245,12.732736,10.704983,9.0778,9.817876,12.476083,12.4309025,16.98961,19.651386,22.870234,25.422926,28.04432,29.346859,27.967838,26.21336,27.640587,26.158222,26.658642,26.652617,23.049181,23.505476,18.140156,19.715582,14.943254,16.347723,14.3974085,13.731297,17.191849,17.398283,22.107141,19.490316,24.370693,24.559212,28.562351
14,37.593414,34.665318,34.077602,31.006458,27.622953,27.915806,23.895037,22.259062,17.474318,17.595007,13.812979,12.428924,8.242782,7.5306005,0.0,5.584272,6.6142173,9.888308,12.7393,15.616651,19.62836,21.306456,25.16249,23.888485,23.011938,22.207066,18.001617,17.045034,14.535378,15.151445,13.579488,13.15982,16.585709,15.609407,15.046756,17.983784,20.162504,21.457216,18.01086,17.244236,19.928398,17.231003,19.662153,18.66413,22.481075,23.617468,28.074787,28.765163,31.440449,34.731873,32.287796,29.317743,31.78886,33.1819,28.0808,25.027054,22.550747,23.702505,28.7755,29.704868,25.778162,31.690859,32.887096,35.706036,31.943373,28.779892,32.253006,30.67909,26.120625,28.90336,29.850676,26.84106,23.8266,26.435062,23.525305,26.179026,23.174137,18.41623,19.247375,13.930243,14.320734,12.367775,10.243043,8.283405,11.087371,8.097155,14.418243,15.729073,18.824606,21.935339,24.223991,25.23143,24.187796,22.056887,22.546728,20.809069,21.164656,21.435974,17.676413,17.764868,12.613891,15.403568,10.35619,13.607602,12.070736,12.387425,16.621403,16.172926,22.285078,19.04424,23.98015,24.718153,28.063328
15,33.084343,30.29119,29.923376,26.857117,23.672165,24.090603,20.494745,19.261005,14.557856,15.981176,12.809776,12.645555,9.513253,7.443432,5.584272,0.0,4.483414,6.0166264,10.510814,12.490407,16.342667,18.643057,22.428778,19.958097,18.899815,17.782507,13.183186,12.360696,9.2704115,10.872394,9.600095,11.037729,13.898949,14.802317,13.849926,15.443083,18.320772,18.77055,14.371175,12.769463,15.146681,11.926274,14.240793,13.149525,17.19299,18.649422,23.195251,24.019405,26.869455,30.27752,27.467096,25.348698,27.504745,28.567263,23.489244,20.631697,17.618011,19.05493,24.199194,24.562502,20.679674,26.560156,27.8328,30.452486,26.499903,23.394789,27.13838,25.689322,21.063398,24.18827,25.366472,22.438826,19.367643,22.694035,19.334192,22.712835,20.109966,15.187193,17.40081,12.071088,13.765265,13.187498,9.393389,6.992418,7.850713,6.017114,10.686611,12.313043,15.658765,18.222958,20.88958,22.439161,21.493765,19.958914,21.371979,19.338902,19.535915,19.28598,15.697318,16.511177,11.205036,13.376146,10.577726,11.810293,12.051409,13.12304,16.367514,15.136229,20.39872,16.241947,21.142168,20.98808,24.465061
16,34.14292,31.5844,31.72744,29.072636,26.236729,27.334288,23.829058,23.255524,18.58779,20.254215,17.164583,16.562334,13.072804,10.717999,6.6142173,4.483414,0.0,4.709862,6.4477468,9.757791,13.275899,15.345149,18.901056,17.496078,16.970512,15.900664,12.284868,10.77728,9.1924,9.284691,11.173504,10.310699,14.957549,15.758194,16.297285,18.056522,21.564533,22.415321,17.98766,16.212055,17.39932,14.553065,14.988065,13.852448,16.787882,18.126617,21.932251,23.014482,25.425873,28.891048,26.956223,24.040506,27.249552,28.76541,24.130705,21.839304,18.763275,21.003986,25.690926,25.580479,22.831362,28.65317,30.371107,32.52884,28.239754,25.59227,29.88244,28.661993,23.99858,27.256348,28.866938,26.063576,22.910824,26.481882,22.683262,26.25415,23.890213,18.954227,21.51751,16.04165,17.918398,17.157433,13.577811,10.610233,10.958067,7.234138,11.966214,11.25655,14.829185,17.168064,19.99456,21.962004,21.688745,20.294779,21.194542,18.473465,18.066586,17.36343,13.609212,15.078169,10.1917515,13.865112,12.232047,14.158263,15.031591,16.463018,19.88786,18.364952,23.904177,19.346405,24.069494,23.768183,26.828777
17,33.782654,31.432886,31.757658,29.030905,26.367586,27.140148,24.174723,23.328215,18.970934,21.041656,18.075281,18.48196,15.438005,13.413513,9.888308,6.0166264,4.709862,0.0,6.623834,6.5699763,10.765133,12.882953,17.010609,14.433252,13.215185,12.578126,8.30374,8.263169,7.167473,9.144394,12.445983,13.297261,17.157171,19.083971,18.944695,19.789196,23.268673,23.203669,18.17339,15.589469,16.913023,12.874922,13.100463,10.604928,14.030927,13.960595,18.46503,18.920015,21.566286,24.85061,22.599459,19.711395,22.594025,24.1173,19.478178,17.286041,14.346021,16.809225,21.224304,21.238802,18.99024,24.76864,26.83657,28.798536,24.646276,22.40549,26.92926,26.230133,21.282469,24.061604,26.39831,24.155626,20.40412,23.928524,19.613794,23.305683,21.377682,16.585987,20.054785,14.750665,17.618202,17.901417,13.643102,10.162991,8.707393,5.530007,7.8675547,6.802707,10.425522,12.67539,15.536346,17.630249,17.411495,16.385191,17.805689,14.987225,14.59381,13.750752,10.25987,11.97189,7.3479934,10.334329,11.090154,11.633968,14.077636,16.231215,18.795261,16.574585,21.544218,16.39086,20.76204,20.09264,22.834854
18,34.32337,32.273827,33.22134,31.153692,28.967379,30.78447,27.78299,28.000856,23.612135,25.951271,23.203053,22.796879,19.468552,16.825418,12.7393,10.510814,6.4477468,6.623834,0.0,5.9271483,7.724544,9.69808,12.641117,12.38869,12.753453,11.715692,10.250532,8.093005,9.493703,8.028731,14.353499,12.311707,17.777634,19.399395,21.056622,22.181171,26.382896,27.10001,22.362276,20.062443,19.793236,17.18941,15.134553,13.804683,14.801442,15.733846,18.135157,19.578463,21.273588,24.75976,24.052261,20.50492,25.01098,26.953648,23.228735,22.016695,18.84973,22.137575,25.919088,24.875462,23.922823,29.348,31.671574,33.02682,28.378046,26.55964,31.535734,30.793997,26.195602,29.5405,31.832073,29.397861,26.149927,30.144308,25.743843,29.705517,27.914818,23.139524,26.573456,21.19984,23.706287,23.368433,19.496492,16.156548,15.292972,11.393514,13.923408,10.222739,13.561556,14.781437,17.845081,20.662437,21.455639,20.751734,21.44168,17.834349,16.4416,14.66806,11.348051,14.224026,11.068228,15.424071,16.466187,17.900528,20.05597,22.027815,25.050924,22.961607,28.133244,22.935059,27.145185,26.243263,28.673529
19,35.50913,33.68428,34.735363,32.516495,30.442429,31.717854,29.247269,28.937487,24.86063,27.330944,24.546265,25.032629,21.94245,19.775415,15.616651,12.490407,9.757791,6.5699763,5.9271483,0.0,4.864628,6.3887315,10.889832,8.923391,8.017939,8.292225,6.703695,7.301276,9.730252,10.567293,17.138031,16.97671,21.491177,23.892403,24.605501,25.081024,29.035713,28.848547,23.624514,20.655811,20.817665,16.971973,14.933297,11.897901,13.226142,11.385946,14.723053,14.928984,16.855421,19.963663,19.06129,14.899209,19.322905,21.524805,18.000046,17.126879,14.555116,18.073668,21.129108,20.413118,20.459906,25.63772,28.43883,29.51224,25.20668,24.048742,29.173273,29.135426,24.267508,26.762712,29.942469,28.266607,24.32335,27.953976,23.109373,26.91023,25.642715,21.251833,25.344587,20.314354,23.605099,24.181583,19.898447,16.196514,14.028472,10.831752,10.628493,5.260303,8.062739,8.904174,11.946149,14.987983,16.121273,15.936636,16.974518,13.174971,11.5820055,9.4096,6.603921,10.112649,8.376162,11.785153,15.443468,15.687504,19.18489,21.77855,23.923895,21.222116,25.724987,20.172113,23.713781,22.576826,24.358665
20,34.496754,33.076717,34.68186,32.98157,31.43651,33.32578,31.19355,31.643702,27.803146,30.745659,28.348969,28.750362,25.828922,23.23865,19.62836,16.342667,13.275899,10.765133,7.724544,4.864628,0.0,3.602461,6.4626355,4.984445,5.9450846,5.74932,7.7782774,7.3224998,11.354229,10.918831,18.92651,18.157064,22.72372,25.56621,26.957207,27.039011,31.426867,31.301987,26.11107,23.087143,22.091955,19.0461,15.360738,13.043234,12.220286,10.934936,11.990055,13.074906,14.105432,17.41869,17.737232,13.821627,19.278172,21.50883,19.02918,19.20838,16.378138,20.453981,22.792818,20.896421,22.184677,26.770884,29.770409,30.183619,25.57685,24.968157,30.4013,30.511889,26.035402,28.877369,32.12463,30.520641,26.981932,31.053497,26.125786,30.257622,29.33352,25.115173,29.541573,24.690418,28.042442,28.635757,24.27297,20.743717,18.437838,15.567551,14.815486,9.311625,11.192788,10.264753,13.357153,17.12695,18.978504,19.442327,20.505844,16.4935,14.358907,11.378276,9.8441515,13.786923,13.097018,16.238295,20.306126,20.327145,23.963709,26.523874,28.590801,25.831451,29.942122,24.244825,27.474901,25.792755,27.31485
21,37.96722,36.620983,38.269966,36.565598,34.988934,36.756588,34.578938,34.770054,30.83887,33.544216,30.876892,31.244709,28.074984,25.7413,21.306456,18.643057,15.345149,12.882953,9.69808,6.3887315,3.602461,0.0,5.1541653,6.340014,7.1073437,8.319318,10.590773,10.846367,14.69789,14.3506365,22.227928,21.146517,26.026342,28.55009,30.000694,30.338314,34.632877,34.540043,29.321735,26.277872,25.58099,22.259687,18.85163,16.176483,15.490905,12.971058,13.846251,14.103188,14.623707,17.3256,18.452057,13.225353,19.263365,21.989315,19.955997,20.345825,18.225134,22.185333,24.02588,22.569426,24.414476,28.85611,32.073265,32.372314,28.020403,27.713505,33.12217,33.47095,28.875183,31.269644,34.83476,33.456013,29.609377,33.330963,28.308176,32.132477,31.258331,27.132595,31.444706,26.54683,29.92468,30.500637,26.267124,22.509672,20.27112,17.004807,16.27221,10.252991,11.267237,10.328895,12.704519,16.23044,18.53104,19.018402,19.481335,15.317129,12.7963505,9.630257,8.834519,12.7405405,13.344404,16.600653,21.117739,21.428614,25.161592,27.86559,29.909883,27.06414,31.313124,25.697605,28.683441,27.285774,28.375208
22,37.549866,36.588245,38.7182,37.542496,36.440456,38.797466,36.845303,37.734608,33.96782,37.018517,34.667088,34.857162,31.806923,29.105513,25.16249,22.428778,18.901056,17.010609,12.641117,10.889832,6.4626355,5.1541653,0.0,6.659162,9.283635,9.647239,13.717646,13.003302,17.332714,15.948237,24.4106,22.685694,27.543812,30.267578,32.3699,32.46552,37.096813,37.18299,32.103878,29.1401,27.505974,25.027004,20.52902,18.733187,16.498737,15.130742,13.64341,14.953922,14.3227415,17.007668,19.471554,15.053047,21.547447,24.104858,22.962885,24.031452,21.61822,25.851723,27.302898,24.876436,27.440786,31.391516,34.63522,34.42214,29.832434,29.871468,35.426044,35.772346,31.593132,34.392597,37.828438,36.386997,32.99694,37.120075,32.119232,36.232746,35.526695,31.44299,35.92822,31.078957,34.415287,34.88604,30.61453,27.009214,24.805676,21.651556,20.943645,15.0904665,16.070179,14.373279,16.65891,20.450716,23.0471,23.861626,24.3639,20.211025,17.56178,14.2702875,13.946221,17.803066,18.413671,21.684446,26.064745,26.351809,30.025673,32.632225,34.760323,31.947498,36.034256,30.331089,33.24176,31.464138,32.504055
23,33.24884,32.2629,34.24342,32.844147,31.78797,33.761707,32.2601,33.024982,29.676336,33.033268,31.06656,31.889076,29.3819,26.706131,23.888485,19.958097,17.496078,14.433252,12.38869,8.923391,4.984445,6.340014,6.659162,0.0,3.4361944,3.3926926,8.3966255,8.826233,13.16509,13.216372,21.192057,21.224892,24.976059,28.53738,29.734108,29.104975,33.548584,32.935722,27.672482,24.391321,22.800343,19.924608,15.3802805,13.056461,10.750179,8.5730095,7.610198,8.93017,9.354962,12.848231,13.751531,10.840914,16.466068,18.464748,17.046383,18.294289,15.526713,19.890303,21.24704,18.368313,21.056889,24.800182,28.045437,27.76682,23.187487,23.366438,28.922308,29.480055,25.38488,28.066168,31.635683,30.491829,27.135042,31.3429,26.342585,30.622976,30.271873,26.52728,31.43927,27.101667,30.769949,31.843737,27.278692,23.950598,21.043793,19.119965,16.832443,11.739074,12.618258,10.0712,12.965856,17.216274,19.443056,20.705456,22.292288,18.468662,16.301373,13.037665,12.765947,16.613665,16.651371,18.708067,23.76347,22.884445,27.047085,29.727343,31.230227,28.253641,31.480207,25.677727,28.27186,25.942741,27.033049
24,33.881958,32.739937,34.42666,32.690224,31.405088,32.864487,31.415564,31.662537,28.377514,31.580067,29.514904,30.6687,28.244034,25.871532,23.011938,18.899815,16.970512,13.215185,12.753453,8.017939,5.9450846,7.1073437,9.283635,3.4361944,0.0,3.411125,6.611774,8.733129,12.495601,13.743075,20.984894,21.83407,25.283756,28.87702,29.461658,28.786531,32.92891,31.9714,26.575068,23.124609,22.20153,18.58771,14.870096,11.589305,10.518846,6.1690135,7.66674,7.3123183,8.840579,12.07862,11.820013,8.506284,13.647231,15.731315,13.876097,14.984785,12.534896,16.823942,18.083628,15.756051,18.420797,22.283564,25.644712,25.55511,21.260374,21.468554,26.925613,27.702564,23.357985,25.534683,29.409483,28.544928,24.803724,28.682499,23.598953,27.681223,27.445286,23.881285,28.872206,24.73804,28.587248,29.97091,25.367847,22.022762,18.794939,17.309652,14.156784,9.308286,9.671054,6.792358,9.810666,14.08626,16.17247,17.573404,19.462181,15.853774,13.941205,10.871042,10.859719,14.422128,14.66526,15.991709,21.60369,20.265045,24.723137,27.529146,28.681345,25.576708,28.514765,22.72841,25.080982,22.780876,23.703896
25,30.75117,29.598621,31.377684,29.793633,28.641375,30.459507,29.02641,29.76013,26.54072,30.011366,28.243507,29.251116,27.019632,24.323406,22.207066,17.782507,15.900664,12.578126,11.715692,8.292225,5.74932,8.319318,9.647239,3.3926926,3.411125,0.0,5.4887147,6.2147512,10.281013,11.041194,18.485617,19.303707,22.504347,26.338623,27.137447,26.251133,30.593132,29.773682,24.486336,21.144917,19.598703,16.618624,12.146806,9.689639,7.639844,6.0358205,6.5651608,8.2613,9.843429,13.66771,13.076657,11.440339,15.957176,17.454945,15.330707,16.201534,12.877138,17.254084,19.102821,16.095053,18.100304,22.07187,25.136389,25.098146,20.37771,20.22728,25.779015,26.19595,22.079372,24.969952,28.364521,27.12958,23.883245,28.250793,23.327297,27.773655,27.410229,23.684359,28.678047,24.509392,28.19321,29.408743,24.775536,21.683804,18.629496,17.299751,14.674721,10.421013,11.747864,9.44221,12.771878,16.962265,18.658474,19.842169,21.919931,18.34442,16.589808,13.648676,12.874046,16.516607,15.722911,17.362932,22.148909,20.878382,25.007425,27.589554,28.950508,26.029833,29.010656,23.211979,25.912092,23.394766,24.824726
26,30.332647,28.648354,29.738245,27.515648,25.74906,26.898867,25.144707,25.168379,21.77776,24.98797,23.052343,24.301918,22.185804,19.786015,18.001617,13.183186,12.284868,8.30374,10.250532,6.703695,7.7782774,10.590773,13.717646,8.3966255,6.611774,5.4887147,0.0,4.3702784,6.3868823,9.221172,14.973285,16.941797,19.71186,23.367016,23.312006,22.569765,26.497316,25.474327,20.054367,16.631649,16.24304,12.223564,9.541888,5.7494674,7.385476,5.8676414,10.353745,10.90535,13.707841,17.206915,14.807838,13.362796,16.283194,17.461489,13.716035,13.135518,9.371862,13.36275,16.498854,14.677138,14.647667,19.590036,22.319445,23.189411,18.650362,17.560513,22.854713,22.968462,18.330294,21.146671,24.361732,22.91876,19.297335,23.502993,18.609812,23.011972,22.30569,18.352245,23.241085,19.034582,22.731874,24.080235,19.412365,16.433979,13.238172,12.520485,9.636975,6.8769636,9.090241,8.347823,11.894677,15.399539,16.090641,16.716393,19.185244,16.06246,15.048842,12.946037,11.24394,14.18544,12.11268,13.1999235,17.3982,15.805408,19.820429,22.327726,23.60352,20.764645,23.844297,18.080965,21.20052,18.950432,20.968948
27,28.223633,26.480518,27.741549,25.80469,24.146282,26.026756,23.988417,24.777073,21.202435,24.61119,22.861387,23.515379,21.336927,18.389317,17.045034,12.360696,10.77728,8.263169,8.093005,7.301276,7.3224998,10.846367,13.003302,8.826233,8.733129,6.2147512,4.3702784,0.0,4.4844813,5.1860795,12.41915,13.353137,16.561045,20.224253,20.979279,20.363426,24.764874,24.366358,19.193232,16.163124,14.778002,12.101113,8.197856,6.754346,6.73925,9.133349,11.438817,13.554025,15.742265,19.616217,17.936382,16.726366,20.264404,21.357504,17.878586,17.32188,13.235676,17.040396,20.50019,18.123598,17.634556,22.532007,24.889046,25.761663,20.829405,19.33079,24.608717,24.1479,19.887764,23.598812,26.068314,23.990356,21.105148,25.784458,21.22427,25.84906,24.816317,20.562105,25.088568,20.593204,23.812462,24.561222,20.046705,17.27196,14.865443,13.495154,12.549741,9.765919,12.673006,12.225839,15.8269,19.3975,20.160244,20.475376,22.574268,19.224232,17.997885,15.7329855,13.4698925,16.696009,13.931721,16.129562,18.956533,18.186487,21.4322,23.583158,25.480272,23.002302,26.571266,20.974838,24.570599,22.420078,24.843807
28,26.77854,24.595825,25.255318,22.849207,20.714144,22.212414,19.881136,20.404602,16.72901,20.145838,18.551985,19.323885,17.51473,14.564116,14.535378,9.2704115,9.1924,7.167473,9.493703,9.730252,11.354229,14.69789,17.332714,13.16509,12.495601,10.281013,6.3868823,4.4844813,0.0,4.743038,8.59755,11.163436,13.373728,17.10827,17.067633,16.352182,20.517773,20.01483,14.804259,11.842964,11.113725,8.1317215,6.0819945,5.314694,7.9809556,11.251984,14.669559,16.481731,19.171623,22.951546,20.28792,19.725012,22.172861,22.819689,18.584986,17.136497,12.839375,15.827693,20.185041,18.37859,16.116957,21.41964,23.203789,24.743164,19.962433,17.578728,22.407753,21.433655,17.102434,21.141546,22.97628,20.462255,17.799095,22.564318,18.390114,23.038553,21.669596,17.28399,21.521044,17.149477,20.102777,20.821985,16.360504,14.127916,12.008059,11.586259,11.218386,10.709158,13.915833,14.349178,17.78064,20.77086,20.762686,20.665083,23.030222,20.211031,19.580835,17.957657,15.264408,17.756437,13.92041,15.57838,17.048048,16.091698,18.725027,20.513247,22.414001,20.262487,23.750408,18.469582,22.435905,20.443544,23.490385
29,26.320925,24.248808,25.292772,23.429907,21.606247,24.023514,21.471333,22.861734,19.08717,22.478954,20.969763,20.924,18.845993,15.404941,15.151445,10.872394,9.284691,9.144394,8.028731,10.567293,10.918831,14.3506365,15.948237,13.216372,13.743075,11.041194,9.221172,5.1860795,4.743038,0.0,8.551838,8.315442,11.887944,15.362301,16.832378,16.529024,21.254257,21.646675,16.98287,14.698923,12.745232,11.719847,8.273771,9.358987,9.480243,14.032629,15.716035,18.473324,20.485386,24.474123,22.827557,21.896778,25.344461,26.238342,22.501703,21.476696,17.188814,20.45565,24.554554,22.224592,20.566296,25.593447,27.352203,28.593975,23.547167,21.311008,26.18054,24.956238,21.088516,25.534712,27.007526,24.175898,22.095573,27.016394,23.025755,27.681969,26.175543,21.678646,25.53743,20.91313,23.402407,23.450464,19.33191,17.104177,15.775269,14.208904,15.218317,13.45518,16.850185,17.08722,20.642365,23.937443,24.366335,24.202948,26.079905,22.847223,21.787344,19.808477,16.948301,19.881384,16.15137,18.91673,19.844181,19.82673,21.966398,23.542496,26.03175,24.107937,28.098877,22.919168,27.044758,25.173574,28.168217
30,24.02718,21.116869,20.81481,18.14357,15.345518,17.260403,13.872268,15.309418,11.492421,14.898239,14.27061,13.997713,13.237577,9.635242,13.579488,9.600095,11.173504,12.445983,14.353499,17.138031,18.92651,22.227928,24.4106,21.192057,20.984894,18.485617,14.973285,12.41915,8.59755,8.551838,0.0,6.464762,5.339203,9.18335,8.789433,8.119447,12.710396,13.460428,9.474584,8.625659,7.635994,8.626089,9.59535,12.117309,14.390393,19.43448,22.238539,24.634825,27.2544,31.139093,28.210793,28.289911,30.26876,30.47028,25.937107,23.866804,19.63788,21.415585,26.441664,24.865475,20.790531,25.85014,26.41882,28.638556,24.099094,20.57805,24.130045,21.822622,18.558054,23.465462,23.280188,19.527058,18.667933,23.455587,20.78364,25.112267,23.058777,18.799099,21.467937,17.625534,18.94615,18.590319,15.264383,14.843365,14.766742,15.002901,16.978855,18.182775,21.592627,22.68096,25.962528,28.483112,27.876787,27.190128,29.39023,27.041098,26.805822,25.658268,22.458418,24.346024,19.511272,21.261961,19.748133,19.58245,20.101572,20.610134,23.066273,22.098438,25.619823,21.581005,26.00787,24.49947,28.35195
31,26.92507,24.267998,24.495195,22.565176,20.224392,22.895578,19.348423,21.102863,17.113123,19.716959,18.46881,16.996416,15.142907,11.357086,13.15982,11.037729,10.310699,13.297261,12.311707,16.97671,18.157064,21.146517,22.685694,21.224892,21.83407,19.303707,16.941797,13.353137,11.163436,8.315442,6.464762,0.0,6.330194,7.5844464,10.699731,11.938772,16.561787,18.64056,15.520045,15.047055,13.566194,14.618133,13.721622,16.006935,17.006626,22.043957,23.904589,26.7397,28.79129,32.788994,30.962542,29.952585,33.169083,33.950405,29.720758,27.959473,23.794065,26.201206,31.016935,29.266823,26.134474,31.324192,32.296825,34.199654,29.374336,26.265217,30.22923,28.069994,24.744202,29.569693,29.694328,25.989779,24.898859,29.545963,26.56961,30.808878,28.578728,23.987553,26.389061,21.85454,22.894894,21.682236,18.762514,17.666172,18.231625,16.585373,19.982687,19.579472,23.247494,24.407484,27.789865,30.53665,30.43198,29.558798,31.040735,28.189396,27.505182,26.114925,22.671114,24.884104,20.223066,23.334196,21.497011,22.632343,22.88769,23.416958,26.698786,25.77839,30.3099,26.097517,30.772608,29.59902,33.21133
32,22.55388,19.516573,19.060823,16.931087,14.426948,17.327614,13.805378,16.56587,13.452425,16.510168,16.679056,15.5051,15.318482,11.729365,16.585709,13.898949,14.957549,17.157171,17.777634,21.491177,22.72372,26.026342,27.543812,24.976059,25.283756,22.504347,19.71186,16.561045,13.373728,11.887944,5.339203,6.330194,0.0,5.422468,6.990833,6.3968244,11.350866,13.518156,11.4834585,12.108766,9.972183,13.176115,13.445946,16.883242,18.101196,24.019133,25.941622,28.908113,31.229973,35.233997,32.630634,32.94774,35.188305,35.307022,30.98307,29.075476,24.7464,26.52222,31.47763,29.513561,25.47113,30.153988,30.375124,32.487045,27.906622,24.316422,27.45193,24.704369,22.299248,27.551268,26.589066,22.498932,22.687574,27.47015,25.36439,29.585033,27.463537,23.436474,25.513222,22.007023,22.61526,21.653362,19.12904,19.232847,19.762268,19.7182,22.257717,23.16767,26.668299,27.647362,31.018274,33.674076,33.164474,32.430313,34.47517,32.02966,31.670265,30.405823,27.115526,29.12512,24.245773,26.365726,24.25497,24.538864,24.462421,24.524038,27.23116,26.679405,30.18512,26.546696,30.97915,29.500763,33.4504
33,27.010933,23.894594,23.043602,20.929728,18.176985,20.556334,16.489449,18.490732,15.134457,16.829763,16.597778,14.22483,13.823831,10.666727,15.609407,14.802317,15.758194,19.083971,19.399395,23.892403,25.56621,28.55009,30.267578,28.53738,28.87702,26.338623,23.367016,20.224253,17.10827,15.362301,9.18335,7.5844464,5.422468,0.0,5.4677653,8.097243,11.5066595,15.058414,14.212774,15.59486,14.833015,17.35164,18.384462,21.225296,22.870085,28.240664,30.470436,33.249557,35.56317,39.552254,37.11294,36.683353,39.178505,39.569805,34.986095,32.72337,28.668575,30.22534,35.42231,34.04297,29.693531,34.661835,34.81523,37.238537,32.83008,29.089643,31.977058,29.103727,26.576933,31.493689,30.317766,26.09465,26.163046,30.37944,28.581623,32.329426,29.761393,25.627811,26.752985,23.112076,22.86426,20.986574,19.428553,19.852613,21.43552,20.809673,24.660408,25.672672,29.28197,30.811384,34.057827,36.3971,35.74066,34.559002,36.134132,33.824757,33.583878,32.632366,29.056442,30.693039,25.590248,28.106571,24.694813,25.90583,24.835817,24.384949,27.651693,27.63039,31.74924,28.630667,33.331043,32.500355,36.54709
34,27.057968,23.680664,22.091776,19.189932,15.747097,16.872873,12.433005,13.461955,10.142417,11.461837,11.77627,9.736887,10.65601,8.154031,15.046756,13.849926,16.297285,18.944695,21.056622,24.605501,26.957207,30.000694,32.3699,29.734108,29.461658,27.137447,23.312006,20.979279,17.067633,16.832378,8.789433,10.699731,6.990833,5.4677653,0.0,4.6161494,6.7178493,10.177497,9.894594,12.068594,12.894883,15.026081,17.906824,20.360495,23.064976,27.900873,31.006401,33.257565,35.989277,39.824955,36.61811,36.596905,38.19583,38.275703,33.370853,30.677816,26.903679,27.710732,33.08554,32.292484,27.071695,31.948107,31.678974,34.552933,30.638338,26.551592,28.764122,25.718546,23.299171,27.872372,26.226774,21.93141,22.228085,25.99436,24.826214,28.179037,25.50151,21.751438,22.321774,19.393667,18.72519,17.07413,15.89417,17.253572,18.990604,19.56808,22.976671,25.265285,28.651237,30.422386,33.44959,35.371555,34.21893,32.94334,34.82474,33.046227,33.244316,32.674633,29.176102,30.330742,25.049362,26.642883,22.795912,23.427883,21.94478,21.128283,23.913336,24.22708,27.721735,25.235348,29.769802,29.116293,33.346375
35,22.875677,19.44551,17.701828,14.635297,11.154276,12.617443,8.413816,10.867784,8.517619,11.329201,12.83092,12.117032,13.687854,11.135787,17.983784,15.443083,18.056522,19.789196,22.181171,25.081024,27.039011,30.338314,32.46552,29.104975,28.786531,26.251133,22.569765,20.363426,16.352182,16.529024,8.119447,11.938772,6.3968244,8.097243,4.6161494,0.0,5.104811,7.340604,7.1206574,9.567068,9.370509,12.8013735,15.618526,18.699705,21.083422,26.442808,29.250494,31.666376,34.42443,38.241127,34.74859,35.657864,36.80886,36.481895,31.80115,29.368282,25.388021,26.127573,31.29837,29.991356,24.727972,29.115204,28.570604,31.280628,27.392529,23.260643,25.217297,21.988127,20.161478,25.124952,23.109528,18.727745,19.805445,24.0261,23.040491,26.70819,24.461454,21.104595,22.279305,19.943462,19.811522,19.027935,17.286219,18.692516,19.553175,20.920141,23.08219,25.53563,28.768583,30.053688,33.1497,35.28706,34.163483,33.277508,35.62864,33.836884,33.996536,33.20446,29.970152,31.376705,26.274946,27.374533,24.504995,24.224257,23.440832,22.900682,25.011263,25.03155,27.62844,24.987648,29.159851,27.897308,32.132584
