,0,1,2,3,4,5,6,7,8,9,10,11,12,13,14,15,16,17,18,19,20,21,22,23,24,25,26,27,28,29,30,31,32,33,34,35,36,37,38,39,40,41,42,43,44,45,46,47,48,49,50,51,52,53,54,55,56,57,58,59,60,61,62,63,64,65,66,67,68,69,70,71,72,73,74,75,76,77,78,79,80,81,82,83,84,85,86,87,88,89,90,91,92,93,94,95,96,97,98,99,100,101,102,103,104,105,106,107,108,109
0,0.0,4.4087615,6.736643,9.692853,12.923803,15.469665,18.154373,22.308079,24.521948,28.181389,31.13726,34.791893,33.590824,32.647293,26.962769,27.358356,23.246758,24.286793,20.286224,21.361353,20.499508,20.72351,23.106026,25.464832,28.553144,28.021755,26.338768,25.581108,26.961727,24.86174,29.496952,27.721407,33.72188,33.787296,37.408447,40.520218,36.753216,36.150753,29.714766,32.550953,28.296968,31.389309,28.571522,29.856808,30.440722,30.627085,32.67714,33.94404,34.213158,36.977394,35.787846,35.005856,39.65108,37.382652,37.76616,40.273663,40.844513,38.27834,40.776466,36.30903,38.863304,33.338196,34.719063,33.29091,33.19138,34.012325,31.987852,36.15203,37.208214,37.205605,38.76519,36.173054,38.679432,34.898827,39.38225,34.424103,39.158306,34.8831,34.2788,35.18192,30.601187,34.341396,32.22262,29.917294,27.135164,23.95497,21.459223,17.605911,14.410883,13.171216,12.281793,15.907836,18.697672,20.549768,19.49101,21.583439,24.866205,23.922892,22.818108,26.751678,29.567272,27.82766,27.19053,27.59656,28.296528,28.876503,28.952686,32.3106,33.17067,37.436573
1,4.4087615,0.0,5.399742,6.3905897,9.662789,13.100661,14.974697,19.887335,21.792189,25.468882,28.9021,32.11639,31.407772,30.883022,25.134361,25.40754,21.698196,22.211685,19.151846,19.644737,19.617022,19.590836,22.729107,24.727303,27.356005,27.12693,24.695965,24.71653,25.232983,24.027824,28.135748,26.67295,32.426662,32.900604,36.70987,40.01479,36.40501,36.03421,29.431337,32.041096,28.022068,30.496212,27.846642,28.56123,29.346495,28.943796,31.610704,32.44287,32.191193,35.430965,34.312904,34.102314,38.7188,37.045414,37.274952,39.819176,39.812775,37.18985,39.107864,34.558014,36.577908,31.012495,31.795803,30.20859,29.668814,30.509031,28.094004,32.305115,33.432587,33.605225,35.411957,33.153835,35.94382,32.467163,37.19809,32.602516,37.681946,33.76598,33.65693,34.952785,30.55591,34.812447,33.017128,30.890972,27.697561,24.858673,22.728601,18.223698,14.798199,12.630349,10.53593,13.663795,16.247892,16.870382,16.393139,18.965124,21.872486,20.390083,19.94764,24.231316,26.59768,24.367777,23.416138,23.805962,24.82916,25.351929,26.121662,29.486525,30.820143,34.945084
2,6.736643,5.399742,0.0,5.4421344,7.197246,9.277947,12.25753,16.012901,18.904716,22.19532,25.417658,29.263378,28.560883,28.103495,22.10157,23.446499,19.709623,21.299387,18.189981,20.510199,20.746582,21.632671,24.630981,27.329397,29.90874,28.907307,25.892616,25.528814,25.30324,22.79971,26.818926,24.130465,30.24059,29.720745,34.0093,36.956116,33.015648,33.04956,26.564184,29.76198,26.146,29.052607,27.4593,28.525564,30.011599,29.888184,33.504704,34.585884,33.92244,36.87987,34.968582,34.827835,39.118397,37.21718,36.74037,38.659184,38.98025,35.81731,38.142273,33.354523,35.589336,30.202406,31.030354,30.1156,29.309452,31.24173,28.702778,33.0423,33.54296,33.963963,35.27226,33.412075,35.67575,32.36708,36.89703,32.230392,37.50841,32.974564,33.012424,33.510357,29.396666,33.721947,31.219671,29.867805,26.850616,23.514486,22.466322,18.582392,14.32567,11.722817,10.502179,14.295229,15.5008,17.159416,17.963465,20.240204,22.600357,21.717216,22.179502,25.961235,27.643572,25.82973,24.934301,24.331778,25.289051,24.701658,25.524778,28.200487,29.187075,33.478523
3,9.692853,6.3905897,5.4421344,0.0,3.8219945,7.3210487,8.773686,13.870122,15.414813,19.142305,22.645905,25.735706,25.201038,24.954552,19.146381,19.678337,16.350067,16.997063,14.883623,16.238073,17.279581,17.930971,21.543306,23.881195,25.969885,25.185238,21.54916,21.937105,21.002733,19.760403,23.225021,21.478727,27.080505,27.571054,31.660295,35.001167,31.503134,31.482824,24.853178,27.404196,23.896557,25.92356,24.171114,24.588423,26.126175,25.459545,29.546856,30.259851,29.177908,32.467213,30.689632,31.048212,35.317852,34.04826,33.597874,35.74355,35.401173,32.40956,34.07879,29.337032,31.106659,25.637564,26.132483,24.945766,24.135693,25.828033,23.359322,27.671415,28.274029,28.609507,30.05688,28.190985,30.703535,27.524649,32.25431,27.889051,33.36379,29.351652,29.815266,30.99093,27.027187,31.8217,30.03784,28.60034,25.112425,22.47529,21.542183,16.953083,12.950637,9.621389,6.9104857,9.775428,10.899272,11.760057,12.751708,15.239824,17.343668,16.293827,17.132845,20.96963,22.364656,20.412619,19.53416,18.950909,19.902725,19.619772,20.59922,23.557533,24.95498,29.083895
4,12.923803,9.662789,7.197246,3.8219945,0.0,4.509577,5.385139,10.5919895,12.665543,16.023222,19.900427,23.03106,23.033422,23.265133,17.317268,18.606092,15.821736,16.775295,15.630416,17.657366,19.328253,20.274454,24.020739,26.413029,28.158089,27.183119,22.90021,23.55465,21.595404,20.221643,23.054688,20.735462,26.223412,26.310854,30.816935,33.995255,30.44024,30.876225,24.379301,27.09423,24.14357,25.943356,25.063074,25.290648,27.346666,26.46895,31.369339,31.929295,30.300962,33.67144,31.517063,32.285954,36.255302,35.24714,34.290592,36.030636,35.50907,32.174828,33.648758,28.761433,30.201128,24.933205,24.886826,24.08545,22.6256,25.149965,22.23174,26.60889,26.80606,27.506191,28.8079,27.58064,29.927172,27.196274,31.897263,27.867828,33.614174,29.549131,30.440195,31.342747,27.781986,32.80117,30.819181,29.97092,26.473864,23.832748,23.693987,19.373531,15.175219,11.55428,9.137608,11.370169,10.936758,11.122701,13.810067,16.28528,17.484356,16.408585,18.445675,22.02358,22.522055,20.481007,19.359177,17.996098,19.222385,17.938105,19.711103,22.041054,23.610012,27.66687
5,15.469665,13.100661,9.277947,7.3210487,4.509577,0.0,4.3654118,6.8562293,9.859638,12.933348,16.283848,20.125462,19.829647,19.97365,13.864109,16.190258,13.473146,15.570273,14.435364,18.103958,19.79346,21.49274,24.845095,27.772833,29.489328,27.814959,23.30576,23.473013,21.022665,18.415144,21.037354,17.635485,23.33134,22.589802,27.42074,30.311476,26.563454,27.304508,20.995865,24.102612,21.61209,23.698471,23.811605,24.390944,26.9931,26.499947,31.996265,32.84973,31.024263,33.928665,31.089954,31.818886,35.414288,34.18488,32.63942,33.81497,33.613758,29.87192,31.766443,26.766014,28.526272,23.54663,23.819265,23.758028,22.439657,25.840487,23.306057,27.562199,27.126337,27.855976,28.480974,27.429272,29.089567,26.448303,30.77124,26.665163,32.393528,27.810709,28.782732,28.980768,25.773392,30.763008,28.321976,28.157604,24.868528,22.0299,22.872961,19.268116,14.864559,11.336502,10.193718,12.483595,10.663911,12.685738,15.758559,17.48622,18.241114,18.177095,20.461823,23.225246,23.268875,22.034967,21.300161,19.136187,19.91799,17.723616,18.938538,20.51903,21.502377,25.696316
6,18.154373,14.974697,12.25753,8.773686,5.385139,4.3654118,0.0,6.244853,7.675613,10.793626,15.04584,17.86358,18.42112,19.257534,13.496273,15.322967,13.641661,14.628107,15.168138,17.714901,20.22626,21.552536,25.361105,27.770063,28.938692,27.635683,22.546894,23.59406,20.225704,19.068512,20.746881,18.195875,23.089363,23.150873,27.898699,31.002205,27.687992,28.582361,22.410473,24.904171,22.79544,23.899857,24.118828,23.942553,26.638731,25.47351,31.441492,31.80633,29.444757,32.774376,30.111364,31.470207,34.937084,34.41947,32.834534,34.09989,33.178974,29.54192,30.591827,25.640617,26.591045,21.689287,21.039682,20.818174,18.818394,22.42049,19.419344,23.687227,23.215815,24.200043,25.077854,24.543436,26.519144,24.374979,28.91329,25.418894,31.39625,27.4611,28.982792,29.741615,26.847956,32.154984,30.289225,30.136074,26.576761,24.335762,25.20275,21.214853,17.223917,13.536626,11.508164,12.406576,9.931425,9.710625,14.078924,16.054655,15.942936,15.365568,18.68702,21.4686,20.746122,19.05788,18.006294,15.486397,16.670315,14.079204,16.473137,17.92333,19.663246,23.530066
7,22.308079,19.887335,16.012901,13.870122,10.5919895,6.8562293,6.244853,0.0,5.444901,6.6885757,10.212698,14.297871,14.824674,15.900811,10.257873,14.138963,13.178442,15.651495,16.433933,20.726143,23.130255,25.216103,28.47304,31.418484,32.53347,30.466625,25.24828,25.702925,21.761898,19.09498,20.114431,15.9535265,20.720123,19.285587,24.600557,27.098507,23.55684,25.136806,19.61286,22.601358,21.504545,22.839529,24.641102,24.878506,28.244766,27.558733,34.157722,34.83928,32.23545,34.935493,31.42907,32.779892,35.61973,34.883682,32.448254,32.790966,32.273335,28.053185,29.574627,24.582582,25.79256,21.626287,21.207647,22.174444,20.225384,25.021759,22.50739,26.395048,25.009054,26.132788,26.035313,26.010769,26.932209,25.175821,29.01177,25.676361,31.49571,26.988619,28.693773,28.385517,26.2113,31.335518,28.849411,29.7531,26.611721,24.210716,26.335093,23.380264,19.36518,16.097885,15.427184,16.464489,12.907703,14.511415,18.848059,19.966928,19.29095,19.825764,23.282011,25.082335,23.741068,23.03273,22.398045,19.045666,19.68967,15.846905,17.581106,17.51553,18.357952,22.1718
8,24.521948,21.792189,18.904716,15.414813,12.665543,9.859638,7.675613,5.444901,0.0,4.311656,7.797773,10.405565,10.82962,12.21026,7.199041,9.850596,10.2456045,11.634069,14.1920595,17.7206,20.74968,22.776339,26.080376,28.70544,29.260847,27.190353,21.553566,22.562756,17.71084,16.309362,16.194155,13.315065,17.01002,17.098627,21.878735,24.868776,22.07719,23.422056,18.033173,19.969532,19.219896,19.350903,21.312582,20.876625,24.415283,23.33297,30.420866,30.84194,27.81328,30.514389,26.946337,28.795013,31.372652,31.270138,28.767494,29.234438,28.024307,23.987865,24.789307,19.859583,20.579805,16.45947,15.766992,16.896332,15.189315,20.18636,18.297905,21.899069,20.264042,21.162254,20.751064,20.72263,21.517439,19.980694,23.814669,20.887142,26.813953,22.864618,25.077457,25.404943,23.606806,29.002562,27.369226,28.202799,24.804598,23.279428,25.526562,22.451113,19.155771,16.053892,15.163543,14.765777,10.423437,11.848652,16.20679,16.710648,15.188481,16.371637,20.139442,21.160402,19.156347,19.011026,18.8022,15.047691,15.167772,11.052051,12.418463,12.081653,13.234647,16.952446
9,28.181389,25.468882,22.19532,19.142305,16.023222,12.933348,10.793626,6.6885757,4.311656,0.0,5.2212443,7.8108253,9.735396,12.184619,8.504291,12.147688,13.495501,15.091538,18.006407,21.725061,24.8092,26.91468,30.114988,32.73426,33.100277,30.935019,25.199568,26.23972,21.00923,19.444468,18.567472,15.185975,18.000076,17.247103,22.269009,24.730816,22.068247,24.051533,19.487974,21.446411,21.590101,21.481602,24.35811,23.861746,27.64969,26.536171,33.9192,34.250164,30.91746,33.481735,29.657806,31.758354,33.864323,33.96259,30.99119,30.868975,29.588076,25.309017,25.879719,21.156933,21.386698,18.17449,16.831873,18.66357,16.332972,22.083359,20.021267,23.23915,21.013924,22.315557,21.493803,22.401907,22.686417,21.94066,25.272146,23.024141,28.772179,24.95384,27.47335,27.334124,26.170082,31.404282,29.579382,31.012417,27.859156,26.36898,29.114054,26.40708,23.109362,20.105871,19.3964,19.068913,14.679319,15.501984,20.21844,20.662994,18.657957,19.769659,23.96323,24.708698,22.092194,22.00787,21.664867,17.523062,17.787754,12.867546,14.849327,13.13689,14.132758,17.181795
10,31.13726,28.9021,25.417658,22.645905,19.900427,16.283848,15.04584,10.212698,7.797773,5.2212443,0.0,5.720938,5.866347,8.293076,6.6726775,10.994058,13.13229,15.444879,18.305773,22.829363,25.619768,28.202562,30.781412,33.719967,34.027027,31.256561,25.760727,26.218567,20.918625,18.403372,16.78188,12.722102,14.575766,12.924696,17.95826,20.010824,17.582989,19.93674,16.36477,18.131556,19.313745,19.057367,23.117413,22.959208,27.069942,26.495699,34.0187,34.68007,31.38681,33.18728,28.761395,30.700674,32.185833,32.103653,28.536453,27.674301,26.738111,22.156883,23.196554,18.696503,19.428366,17.12693,16.722988,19.444317,18.162443,23.972572,22.999996,25.712353,23.062958,23.967823,22.185429,22.89067,22.05715,21.398893,23.802578,21.643856,26.866959,22.70902,25.28017,24.365898,23.97964,28.860132,26.91933,29.08369,26.347479,25.140417,28.693275,26.864462,24.00137,21.57862,21.70105,21.29447,16.735334,19.098297,23.006243,22.687056,20.663597,22.784344,26.416443,26.271498,23.620483,24.614395,24.880114,20.710567,20.190216,15.516995,15.633609,12.96169,12.406737,15.220083
11,34.791893,32.11639,29.263378,25.735706,23.03106,20.125462,17.86358,14.297871,10.405565,7.8108253,5.720938,0.0,5.283754,9.248783,10.166226,12.088534,15.615246,16.301344,20.66144,23.805162,27.13464,29.33155,32.05773,34.40202,34.035137,31.601772,25.812315,27.097317,21.02124,20.40993,17.450687,15.428634,15.173731,15.477067,19.352638,21.607595,20.373234,22.549461,19.64619,20.11306,21.768898,20.044903,24.12345,23.020985,27.088917,25.840233,33.678925,33.808464,29.928453,31.88004,27.641361,30.355032,31.369802,32.290432,28.707909,27.8963,25.882769,21.716,21.227581,17.254227,16.4024,15.122406,13.291204,16.480953,14.776774,20.915325,20.290382,22.244862,19.07376,20.11347,17.890997,19.590961,18.48131,19.001226,21.077599,20.282825,25.370325,22.462494,25.728174,25.616617,25.801483,30.751919,29.747013,31.761566,28.858448,28.434977,31.799906,29.703281,27.334124,24.90244,24.518244,23.178343,18.580755,19.534811,23.563326,23.01063,20.053177,22.14553,26.270906,25.545124,21.924063,23.092087,23.44863,19.04907,18.387033,13.462926,14.090517,10.170646,10.386342,11.735724
12,33.590824,31.407772,28.560883,25.201038,23.033422,19.829647,18.42112,14.824674,10.82962,9.735396,5.866347,5.283754,0.0,3.9884896,6.988684,8.4939575,12.226301,13.57608,17.412355,21.285843,24.147552,26.77281,28.905828,31.632471,31.469166,28.466751,23.088844,23.620142,17.902102,16.226372,13.063643,10.708547,10.038523,10.460576,14.188007,16.756979,15.573834,17.439798,14.684317,14.87145,16.861805,15.184016,19.846008,19.259611,23.491398,22.947084,30.622135,31.255077,27.791523,29.04567,24.342035,26.552887,27.425707,27.829893,24.005981,22.96148,21.4831,17.025707,17.55584,13.334605,13.958176,12.552769,12.846073,16.217093,16.243687,21.633385,22.04029,24.058796,21.201351,21.474852,18.852047,19.16482,17.398998,16.952284,18.570303,16.907469,21.710453,18.026293,21.057592,20.478535,20.87263,25.647665,24.635582,26.867235,24.187843,23.982553,27.72839,26.261612,24.31873,22.437923,22.764717,21.4719,16.96009,19.79088,22.742605,21.557947,19.147102,22.194633,25.32457,24.053917,21.110638,23.221714,24.19601,20.170803,18.751925,14.789534,12.979055,9.490594,7.5773377,9.913043
13,32.647293,30.883022,28.103495,24.954552,23.265133,19.97365,19.257534,15.900811,12.21026,12.184619,8.293076,9.248783,3.9884896,0.0,6.1348042,6.817635,10.201956,12.182435,15.211665,19.66211,22.019571,24.966228,26.576595,29.615923,29.673944,26.239931,21.32695,21.145407,15.975303,13.196372,10.076681,7.2595572,6.3884873,7.013666,10.598848,13.61502,12.360168,13.756549,10.941265,10.8864765,13.098441,11.624323,16.741302,16.736721,21.015507,21.136044,28.502342,29.570957,26.552937,27.248005,22.253574,23.919275,24.759436,24.609625,20.64702,19.47575,18.613781,13.926111,15.616701,11.240839,13.403153,11.767242,13.813446,16.956247,18.106842,22.765959,23.777071,25.861013,23.331493,23.11977,20.423323,19.686619,17.637909,16.304386,17.584362,15.032715,19.493261,15.018821,17.688658,16.647964,17.11555,21.75344,20.693405,23.065636,20.577023,20.531404,24.561794,23.645828,22.086756,20.721272,21.635128,20.45477,16.226519,20.39823,22.438917,20.828789,19.00902,22.624567,24.896065,23.30403,21.062607,23.745525,25.105898,21.480968,19.635847,16.52797,13.208344,10.641984,7.4233394,10.410692
14,26.962769,25.134361,22.10157,19.146381,17.317268,13.864109,13.496273,10.257873,7.199041,8.504291,6.6726775,10.166226,6.988684,6.1348042,0.0,5.5462475,6.636248,9.891855,11.87699,17.060394,19.40805,22.293842,24.502268,27.748583,28.380707,25.280508,20.172916,19.99541,15.329118,11.83639,11.122502,6.6882257,10.48762,9.996199,14.756925,17.78714,15.070914,16.275972,11.235011,13.067555,13.164133,13.454478,16.899395,17.257061,21.26577,21.241869,28.363728,29.461885,26.7572,28.241192,23.784899,25.103024,27.066027,26.390297,23.207201,22.961075,22.47887,18.019243,20.012964,15.102196,17.29749,13.799102,15.303494,17.397774,17.693789,22.346779,22.220425,25.198025,23.226662,23.34495,21.728949,20.784918,20.137255,18.0732,20.78714,17.273893,22.55984,17.669302,19.684002,19.00481,17.852358,22.961695,21.167568,22.79094,19.84091,18.692646,22.110771,20.38641,17.87223,15.875477,16.56641,16.094439,11.743406,16.251253,18.757357,17.905954,16.743834,19.658962,22.086468,21.721031,20.121704,21.747545,22.583586,19.07486,17.880957,14.629751,12.517724,11.513342,10.090573,14.203539
15,27.358356,25.40754,23.446499,19.678337,18.606092,16.190258,15.322967,14.138963,9.850596,12.147688,10.994058,12.088534,8.4939575,6.817635,5.5462475,0.0,4.613002,5.3939347,9.207464,12.978686,15.658245,18.386732,20.457735,23.339134,23.538145,20.4342,15.181723,15.405446,10.089748,8.440923,6.457743,6.073401,8.216781,11.367519,14.284759,18.207895,16.565819,16.690115,11.661179,11.601113,11.160578,9.752229,12.458366,12.043305,16.096798,15.825074,23.15201,24.13045,21.336512,22.726686,18.319546,19.915976,21.971273,21.815208,19.002048,19.528137,18.261612,14.346658,15.717515,10.684869,13.075968,8.79931,11.477133,13.172319,14.910457,18.51544,19.536629,22.139803,20.491272,19.917906,18.197382,16.227608,15.598735,12.86929,15.81482,11.926069,17.475746,13.047092,15.406451,16.101713,14.831142,20.27974,19.807858,20.664825,17.305964,17.282066,20.171682,18.18148,16.710907,15.160861,15.618911,13.876922,9.829289,14.565398,15.805176,14.087078,12.725947,16.532255,18.272882,17.003916,15.47458,18.005556,19.514015,16.471476,14.440112,12.551997,8.231944,8.298854,6.514624,10.994325
16,23.246758,21.698196,19.709623,16.350067,15.821736,13.473146,13.641661,13.178442,10.2456045,13.495501,13.13229,15.615246,12.226301,10.201956,6.636248,4.613002,0.0,4.9842052,5.310702,10.890833,12.828826,15.889216,17.902697,21.311295,22.264233,19.05574,14.341419,13.681942,9.987071,6.0895514,7.617777,5.7945857,10.763343,12.636782,15.815748,19.64115,17.190287,16.869112,10.697488,11.831115,9.626936,10.319419,11.497248,12.192914,15.730636,16.079369,22.549313,23.965586,21.955135,23.379808,19.325233,20.011522,22.82203,21.715233,19.497261,20.514866,20.165949,16.47764,18.850498,13.968313,17.068193,12.338683,15.300216,16.127958,17.80098,20.747124,21.335318,24.442398,23.371794,22.778011,21.703516,19.186728,19.210926,15.757379,19.024343,14.239175,19.519266,14.4393,15.671571,16.130398,13.590371,19.061274,17.961588,18.232933,14.689085,13.829177,16.355797,14.142469,12.23797,10.745097,11.761892,10.8031025,7.2774615,13.778695,14.266706,12.826473,12.906976,16.396313,17.274353,16.814419,16.628067,18.653322,20.002243,17.563063,15.849014,14.65676,10.806576,12.293677,11.040184,15.492294
17,24.286793,22.211685,21.299387,16.997063,16.775295,15.570273,14.628107,15.651495,11.634069,15.091538,15.444879,16.301344,13.57608,12.182435,9.891855,5.3939347,4.9842052,0.0,6.05985,7.7121572,10.879858,13.217574,15.770213,18.349401,18.62403,15.942828,10.425744,11.265894,6.142132,7.216645,7.2209983,9.492364,12.08962,16.021957,18.236326,22.430134,20.818121,20.21149,14.616446,14.320275,12.149709,10.875166,10.497904,9.504066,12.795505,12.045842,19.01846,19.871563,17.410324,19.42422,15.862866,17.307959,20.38198,20.305311,18.728168,20.590946,19.043175,16.16504,17.094717,12.435862,14.598754,9.172945,11.955802,11.889624,14.257991,16.231085,17.436125,20.28908,19.598093,18.611095,17.850103,14.760329,15.455497,11.70721,15.7299795,11.174686,16.926874,13.189997,14.978625,17.155588,14.69598,20.277994,20.496222,19.985403,16.09397,16.298529,17.780117,14.747609,13.714176,12.200013,12.037053,9.339518,6.166462,11.26752,10.964103,8.854747,8.316133,12.412508,13.163101,12.111336,11.679062,14.109801,15.880906,13.822116,11.58259,11.6633625,6.7952504,9.812214,9.609604,13.640482
18,20.286224,19.151846,18.189981,14.883623,15.630416,14.435364,15.168138,16.433933,14.1920595,18.006407,18.305773,20.66144,17.412355,15.211665,11.87699,9.207464,5.310702,6.05985,0.0,7.052776,7.874327,11.171243,12.978555,16.682934,18.234205,15.050352,11.213046,9.764463,8.483659,5.0005393,9.25519,9.628429,14.244962,16.712198,18.943201,22.891172,20.540987,19.364117,13.10066,13.892708,10.004061,11.383472,9.540634,10.7716675,13.157303,13.970718,19.14545,20.914114,19.8443,21.250917,17.940866,17.781342,21.465582,19.813437,18.791576,20.899567,20.844776,18.076412,20.631342,16.24489,19.638165,14.539747,17.978107,17.732195,20.038837,21.523182,22.3924,25.566809,25.281,24.286047,23.806103,20.337435,21.022936,16.7877,20.300308,14.896205,19.645323,14.828005,14.982751,16.343845,12.53121,17.76992,17.166351,15.956546,12.011143,11.1924715,12.179809,9.128979,7.9091363,7.258082,8.698996,7.617022,6.52945,13.700718,12.095349,10.380646,12.191767,15.564394,14.712147,14.554905,16.060537,18.008821,19.5757,18.289602,16.499704,16.937761,12.787448,15.731539,14.885228,19.064144
19,21.361353,19.644737,20.510199,16.238073,17.657366,18.103958,17.714901,20.726143,17.7206,21.725061,22.829363,23.805162,21.285843,19.66211,17.060394,12.978686,10.890833,7.7121572,7.052776,0.0,4.227449,5.538811,8.800808,11.022644,11.938708,9.930598,5.4389596,6.575865,6.2474136,9.710452,12.078046,15.456527,18.228344,22.401567,23.787783,28.06188,26.493763,25.037102,19.340214,18.856895,15.187013,14.631907,10.4369,9.533534,10.124904,9.41488,13.89963,14.947792,14.016038,16.428255,14.683074,15.038316,19.468046,19.017029,19.44258,22.804678,21.484583,20.04968,20.974474,17.3358,19.569191,14.275932,17.128265,15.355168,18.294708,17.66976,19.195005,21.984135,22.651413,21.119398,21.472647,17.181625,19.055872,14.570683,18.71868,13.881096,18.381714,15.6867895,16.03637,19.502237,15.808109,20.680845,21.730457,19.359299,15.284161,15.856041,14.870777,10.641613,11.171538,10.699327,10.047891,6.4776816,7.9426217,12.06164,7.8780847,4.9572206,8.10347,11.368494,8.575148,8.070175,11.166668,13.122544,15.192858,15.372999,13.298189,16.004637,11.873392,16.239672,16.572395,19.930914
20,20.499508,19.617022,20.746582,17.279581,19.328253,19.79346,20.22626,23.130255,20.74968,24.8092,25.619768,27.13464,24.147552,22.019571,19.40805,15.658245,12.828826,10.879858,7.874327,4.227449,0.0,3.7655756,5.3680854,8.90959,11.068127,8.444209,6.861529,5.1734014,8.688817,10.076834,13.675044,16.709017,19.820774,23.591644,24.575743,28.707455,27.036123,25.1134,19.544064,19.177912,14.869132,15.27479,10.043992,10.477673,10.020107,10.810777,13.137185,15.076439,15.502245,16.998539,15.531244,14.558779,19.304081,17.811941,18.90321,22.561344,22.084633,20.990913,22.759518,19.461218,22.432732,17.44509,20.939535,19.329805,22.496248,21.671658,23.313595,26.046143,26.821344,25.179184,25.434675,20.882208,22.424114,17.698254,21.240686,16.008486,19.557545,16.478174,15.736005,18.970165,14.682803,18.883524,19.95765,16.811373,12.919078,13.512186,11.438948,7.268947,9.270188,10.193607,10.571205,8.309358,10.79138,15.611871,11.030618,8.685399,12.26618,15.144755,11.42353,11.040648,14.945532,16.923347,18.948273,19.470684,17.485012,20.1704,15.852822,19.996962,19.759226,23.172623
21,20.72351,19.590836,21.632671,17.930971,20.274454,21.49274,21.552536,25.216103,22.776339,26.91468,28.202562,29.33155,26.77281,24.966228,22.293842,18.386732,15.889216,13.217574,11.171243,5.538811,3.7655756,0.0,4.657033,6.289468,8.513336,7.5741343,6.8806868,7.067945,10.576826,13.640623,16.667685,20.141258,22.95163,27.06202,28.00757,32.21322,30.672913,28.775373,23.24291,22.718779,18.542645,18.489685,13.008314,12.597432,11.240123,11.081883,12.042075,13.388723,14.234373,16.408207,16.168924,15.457788,20.407843,19.525871,21.26791,25.29412,24.330559,23.70613,24.770733,21.761696,24.105146,19.133736,22.04281,19.784876,22.848,21.073036,22.691345,25.274136,26.593224,24.840946,25.655891,20.989113,23.180885,18.616585,22.395563,17.6972,21.04624,18.973703,18.384405,22.18213,18.053114,21.991404,23.457642,20.00706,16.275272,17.018318,14.268393,9.863478,11.83695,12.446544,11.859096,9.186935,12.487236,15.659604,10.203627,8.179229,12.15044,14.206396,9.40821,9.5388775,14.2978525,15.701947,17.671448,19.056858,17.27472,20.779446,17.045992,21.564924,21.913479,25.027199
22,23.106026,22.729107,24.630981,21.543306,24.020739,24.845095,25.361105,28.47304,26.080376,30.114988,30.781412,32.05773,28.905828,26.576595,24.502268,20.457735,17.902697,15.770213,12.978555,8.800808,5.3680854,4.657033,0.0,4.6802793,7.88341,5.55803,8.347822,6.1697674,12.051613,14.137502,17.373285,21.141571,23.535048,27.685242,27.842041,31.910084,30.65626,28.249224,23.310047,22.383495,18.074549,18.248833,12.089037,12.510998,10.128048,11.503254,10.221015,12.730524,14.871571,15.558268,15.435551,13.40712,18.39035,16.675451,19.174002,23.50147,23.158342,23.12782,24.772707,22.358185,25.340528,20.892385,24.628668,22.685684,26.367144,24.491428,26.726736,28.99156,30.167515,28.151138,28.516254,23.485819,25.031982,20.251535,23.177961,18.268217,20.410593,18.337824,16.813671,20.616287,16.415323,19.39238,21.416224,17.34592,14.1005535,15.570049,12.241016,9.295494,12.853447,14.637606,15.108129,13.103975,16.056974,20.09493,14.801739,12.456346,16.04766,18.61823,13.735816,12.775424,17.531725,19.715675,21.970736,23.27446,21.162983,24.594555,20.056086,24.280127,23.925655,26.870277
23,25.464832,24.727303,27.329397,23.881195,26.413029,27.772833,27.770063,31.418484,28.70544,32.73426,33.719967,34.40202,31.632471,29.615923,27.748583,23.339134,21.311295,18.349401,16.682934,11.022644,8.90959,6.289468,4.6802793,0.0,4.0302477,5.0919003,9.074233,9.065983,14.0588,17.943718,20.359215,24.836584,26.642786,31.377289,31.35685,35.540848,34.599915,32.22842,27.429335,26.12781,22.12998,21.51399,15.323912,14.65169,11.508264,11.679871,8.266825,9.868253,12.814158,14.014575,15.541246,14.030382,18.949263,18.322226,21.445902,26.109516,25.015942,25.606432,26.286934,24.349546,26.568169,22.352564,25.534012,22.998623,26.746674,23.783285,26.299877,28.126863,29.80843,27.574009,28.381027,23.215454,25.282812,20.791904,23.736877,19.620474,21.349228,20.652554,19.493057,23.999481,20.225056,23.029985,25.63181,21.525549,18.42396,20.203836,16.816431,13.764385,16.983576,18.310999,17.999514,15.440622,18.602425,21.165106,15.439798,13.232399,16.569763,18.535555,13.006272,11.837451,17.01518,18.927189,21.250244,23.340794,21.289423,25.517374,21.356182,25.814096,25.971651,28.439955
24,28.553144,27.356005,29.90874,25.969885,28.158089,29.489328,28.938692,32.53347,29.260847,33.100277,34.027027,34.035137,31.469166,29.673944,28.380707,23.538145,22.264233,18.62403,18.234205,11.938708,11.068127,8.513336,7.88341,4.0302477,0.0,4.8560996,8.391047,9.961596,13.705979,19.06818,20.4289,25.682756,26.63236,32.000492,31.691067,35.96915,35.465252,33.174026,28.673403,26.83932,23.352158,21.777357,15.856385,14.171012,10.744263,9.836302,5.7068267,6.092794,9.248913,10.818029,13.352463,12.684435,17.301231,17.886488,21.074535,25.836315,23.936178,24.97531,24.743694,23.281935,24.842781,21.054152,23.92117,21.139511,25.177574,21.543806,24.662561,25.93351,27.72691,25.237469,26.053423,20.773876,22.946424,18.764833,21.507341,18.161638,19.531466,20.019753,19.392654,24.488646,21.306627,24.226011,27.369518,23.594946,20.447424,22.710512,19.950672,16.98812,19.95504,20.88034,20.237398,17.043377,19.64546,21.396431,15.845423,13.322338,15.817689,17.871218,12.504133,10.165971,15.059074,17.382566,20.009016,22.282995,19.9999,24.640339,20.414465,24.792093,25.16815,27.083454
25,28.021755,27.12693,28.907307,25.185238,27.183119,27.814959,27.635683,30.466625,27.190353,30.935019,31.256561,31.601772,28.466751,26.239931,25.280508,20.4342,19.05574,15.942828,15.050352,9.930598,8.444209,7.5741343,5.55803,5.0919003,4.8560996,0.0,6.148677,5.6991115,10.619416,15.027497,16.544806,21.794706,22.654999,27.88598,27.290674,31.492277,31.038464,28.575037,24.328335,22.34262,18.847643,17.411535,11.281966,10.209174,6.5859833,7.420272,4.840065,7.564435,9.9569845,10.033678,10.653668,9.028238,14.001362,13.690776,16.635586,21.346357,19.9821,20.830975,21.42186,19.850754,22.274546,18.533873,22.333858,20.255692,24.661606,22.057215,25.334057,26.83529,27.97964,25.536486,25.608185,20.23182,21.53307,16.916328,19.259605,15.081512,16.332357,15.872154,14.811727,19.736372,16.50456,19.390139,22.587242,18.93689,15.809508,18.429073,16.214039,13.987146,17.30469,18.629297,18.780367,15.821096,17.851624,21.143759,16.007206,12.922332,15.378196,18.494448,13.749339,10.848828,15.224549,18.42771,21.239683,22.601322,19.967201,23.879969,18.753408,22.803234,22.426842,24.580591
26,26.338768,24.695965,25.892616,21.54916,22.90021,23.30576,22.546894,25.24828,21.553566,25.199568,25.760727,25.812315,23.088844,21.32695,20.172916,15.181723,14.341419,10.425744,11.213046,5.4389596,6.861529,6.8806868,8.347822,9.074233,8.391047,6.148677,0.0,4.942659,5.3938746,11.738302,12.472147,17.75717,18.729359,24.095394,24.306814,28.6861,28.01062,26.172773,21.402143,19.66971,16.563135,14.544838,9.563289,7.16067,6.072696,4.385135,8.980372,9.854489,8.957521,10.999022,9.86573,10.561439,15.055979,15.607058,16.78963,20.783934,18.684824,18.42795,18.453615,15.902884,17.788925,13.305734,16.637497,14.547449,18.715946,16.786623,19.799885,21.605791,22.420101,20.216398,20.261866,15.16368,16.787449,12.114517,15.610164,11.25842,14.6370735,13.618968,14.017395,18.73966,15.736573,20.048996,22.46747,19.862276,16.080338,18.049742,17.05309,13.860084,15.693706,15.87916,15.454289,11.78605,12.792593,15.756598,11.360221,7.813411,9.522198,13.274357,9.7213955,6.3099484,9.871447,13.359172,16.225399,16.9045,14.133276,17.768806,12.672226,16.903372,16.995817,19.384832
27,25.581108,24.71653,25.528814,21.937105,23.55465,23.473013,23.59406,25.702925,22.562756,26.23972,26.218567,27.097317,23.620142,21.145407,19.99541,15.405446,13.681942,11.265894,9.764463,6.575865,5.1734014,7.067945,6.1697674,9.065983,9.961596,5.6991115,4.942659,0.0,6.5820107,9.347704,11.51654,16.214537,17.69668,22.458733,22.300816,26.511774,25.670643,23.372606,18.754053,17.130714,13.406022,12.468109,6.3912935,6.381981,4.9969406,7.1016927,9.655033,12.166388,12.648305,12.855882,10.807544,9.439729,14.138351,12.86877,14.20754,18.267801,17.48647,17.13083,18.740084,16.210487,19.453058,15.223105,19.572365,18.26762,22.43946,21.323605,24.123436,26.164505,26.64534,24.56491,24.135092,19.130177,19.866655,14.976113,17.590809,12.335039,14.871019,12.323274,11.365942,15.539731,11.86724,15.790716,18.144096,15.107243,11.41935,13.690589,12.592508,10.411877,13.188352,14.415319,15.191802,12.539033,13.710423,18.505331,14.245825,10.998401,13.338321,17.1907,13.624106,11.124156,14.528665,17.92114,20.574938,20.871552,18.195316,21.021112,15.489224,19.217783,18.3143,21.111948
28,26.961727,25.232983,25.30324,21.002733,21.595404,21.022665,20.225704,21.761898,17.71084,21.00923,20.918625,21.02124,17.902102,15.975303,15.329118,10.089748,9.987071,6.142132,8.483659,6.2474136,8.688817,10.576826,12.051613,14.0588,13.705979,10.619416,5.3938746,6.5820107,0.0,7.815938,7.2928414,12.808521,13.477478,18.918867,19.36346,23.76986,23.088934,21.576067,16.868433,15.05347,12.593886,9.996787,6.9137855,4.2518053,6.830894,6.0974574,13.119789,14.189013,12.145487,13.474932,10.069986,11.394036,14.870029,15.242304,14.700333,17.73352,15.663963,14.277967,14.730483,11.280206,13.755475,8.912407,13.080795,12.179552,16.359879,16.2136,19.069908,21.052021,20.909412,19.012093,18.146276,13.575487,14.122617,9.3500805,12.847713,7.680317,12.502429,9.961467,11.317966,15.295109,12.834922,17.900156,19.740604,18.28873,14.443138,16.205917,16.855518,14.270685,15.181991,14.9354515,15.019822,11.656388,10.6961775,14.878532,12.284451,8.844401,9.03209,13.729458,12.317176,9.256689,10.1930685,14.165563,16.871294,16.075205,13.075443,15.200359,9.128669,12.661962,12.013064,14.829628
29,24.86174,24.027824,22.79971,19.760403,20.221643,18.415144,19.068512,19.09498,16.309362,19.444468,18.403372,20.40993,16.226372,13.196372,11.83639,8.440923,6.0895514,7.216645,5.0005393,9.710452,10.076834,13.640623,14.137502,17.943718,19.06818,15.027497,11.738302,9.347704,7.815938,0.0,5.4970026,7.067106,10.409394,13.601482,14.687439,18.76791,17.047344,15.36474,9.8327675,9.388201,5.59993,6.5524793,5.9004602,8.149288,11.255826,13.0650015,18.466919,20.638964,19.555264,19.809902,15.589698,15.137109,18.060785,16.096064,14.303444,15.99213,16.34307,13.443436,16.81453,12.743572,17.087374,12.841972,17.452927,17.94642,21.104473,22.711813,24.521032,27.131012,26.398872,25.101942,23.773937,20.10146,19.65834,15.378098,17.764734,12.115151,16.123875,10.513612,10.481188,11.395456,7.989864,13.504164,13.382768,12.858567,9.121639,9.62772,12.173343,11.154335,11.322185,11.706775,13.6614275,12.384261,10.7901125,17.589012,16.049007,13.576721,14.592002,18.775574,17.84638,16.288595,17.331533,20.43516,22.492525,20.920689,18.541874,18.798674,13.3869295,15.447549,13.323367,17.146025
30,29.496952,28.135748,26.818926,23.225021,23.054688,21.037354,20.746881,20.114431,16.194155,18.567472,16.78188,17.450687,13.063643,10.076681,11.122502,6.457743,7.617777,7.2209983,9.25519,12.078046,13.675044,16.667685,17.373285,20.359215,20.4289,16.544806,12.472147,11.51654,7.2928414,5.4970026,0.0,6.8303723,6.3534155,11.861781,12.136306,16.534689,15.951642,14.650377,10.580697,8.248998,7.4851074,3.9114943,6.8297462,6.902089,11.113792,12.11568,18.815763,20.426582,18.321758,18.348019,13.386645,14.242723,16.002844,15.442627,12.579857,13.598309,12.577504,9.207885,11.71497,7.31239,11.77078,8.241501,13.397754,14.692188,18.311972,20.277664,22.781507,24.749228,23.46835,22.040579,19.934088,16.547884,15.123487,11.330663,12.9971895,7.82659,12.269487,6.9110956,8.951962,10.425873,9.364661,14.699517,15.555346,16.02805,12.842824,14.348338,17.28848,16.392593,16.603357,16.432829,17.654785,15.5456,12.946359,18.445238,17.667383,14.860939,14.315947,18.953722,18.908802,16.301218,15.860525,19.727413,22.048164,19.94298,17.142136,17.004461,10.8691225,11.789917,8.837757,12.09972
31,27.721407,26.67295,24.130465,21.478727,20.735462,17.635485,18.195875,15.9535265,13.315065,15.185975,12.722102,15.428634,10.708547,7.2595572,6.6882257,6.073401,5.7945857,9.492364,9.628429,15.456527,16.709017,20.141258,21.141571,24.836584,25.682756,21.794706,17.75717,16.214537,12.808521,7.067106,6.8303723,0.0,6.5221643,7.10937,10.214139,13.883666,11.488757,11.222287,5.6052847,6.7751155,6.598557,7.6599994,11.74127,13.273784,17.205212,18.430153,24.817715,26.634445,24.690395,25.031277,20.163088,20.51852,22.270897,20.709538,17.374565,17.056879,17.597162,13.20413,16.840271,12.298925,16.388407,13.175695,16.957758,18.866108,20.95749,24.363508,25.546446,28.168661,26.513872,25.836363,23.833006,21.544025,20.226671,17.167519,18.976828,14.428382,18.690523,12.772772,13.927042,12.551361,11.368503,16.306454,14.679938,16.472307,13.816838,13.315048,17.420923,16.979614,15.704295,15.109644,16.979801,16.387165,13.072013,19.319752,19.876938,18.034355,17.76229,21.67125,22.465225,21.156263,20.622505,23.421736,25.02908,22.273714,20.253674,18.538397,14.093004,13.983466,11.018434,14.965613
32,33.72188,32.426662,30.24059,27.080505,26.223412,23.33134,23.089363,20.720123,17.01002,18.000076,14.575766,15.173731,10.038523,6.3884873,10.48762,8.216781,10.763343,12.08962,14.244962,18.228344,19.820774,22.95163,23.535048,26.642786,26.63236,22.654999,18.729359,17.69668,13.477478,10.409394,6.3534155,6.5221643,0.0,6.8877115,6.7564874,10.976448,11.035584,10.626563,8.775239,6.0079336,9.045313,6.1211276,12.179215,12.6595335,16.773397,17.83659,24.522892,26.085005,23.655415,23.22914,17.857222,18.879812,19.22709,18.684633,14.424764,13.108408,12.688868,7.876705,11.190246,7.284481,11.685686,10.597694,14.909683,17.609106,20.498016,23.73416,26.004984,27.703897,25.59649,24.570475,21.625454,19.487444,16.819046,14.53547,14.6855135,11.322654,14.547261,9.344524,11.743486,10.533852,11.816892,16.072718,16.026884,18.344713,16.197529,17.312393,21.472977,21.468887,21.151917,20.808205,22.313875,20.781448,17.40643,22.604153,23.030613,20.579174,19.371208,23.772636,24.660984,22.11271,20.718405,24.462975,26.522648,23.645378,21.07602,19.512812,14.241156,12.882145,8.693154,11.076791
33,33.787296,32.900604,29.720745,27.571054,26.310854,22.589802,23.150873,19.285587,17.098627,17.247103,12.924696,15.477067,10.460576,7.013666,9.996199,11.367519,12.636782,16.021957,16.712198,22.401567,23.591644,27.06202,27.685242,31.377289,32.000492,27.88598,24.095394,22.458733,18.918867,13.601482,11.861781,7.10937,6.8877115,0.0,5.7272005,7.875424,5.442841,7.124504,6.257495,7.146695,10.637234,11.160399,16.99431,18.52933,22.53607,23.9589,30.370043,32.22302,30.051622,29.752464,24.423153,24.868887,25.361109,23.839151,19.450247,17.227112,18.42879,13.562118,17.608274,14.084286,17.920324,16.77498,20.132433,23.052328,24.837015,28.997828,30.287842,32.478104,30.138731,29.6788,26.889902,25.466795,23.027233,21.03957,21.447214,18.126348,21.22769,15.592024,16.94478,13.679506,14.75149,18.195955,15.991143,19.535677,18.132801,17.808035,22.759783,23.373749,22.167099,21.714933,23.747486,23.39161,19.79156,25.42537,26.651657,24.818161,23.970362,27.876774,29.173923,27.48749,26.254293,29.288855,30.854486,27.59707,25.6104,23.029224,19.034286,17.255377,13.532845,16.174871
34,37.408447,36.70987,34.0093,31.660295,30.816935,27.42074,27.898699,24.600557,21.878735,22.269009,17.95826,19.352638,14.188007,10.598848,14.756925,14.284759,15.815748,18.236326,18.943201,23.787783,24.575743,28.00757,27.842041,31.35685,31.691067,27.290674,24.306814,22.300816,19.36346,14.687439,12.136306,10.214139,6.7564874,5.7272005,0.0,4.4159102,5.9074697,5.2293,8.229894,5.7421784,10.670291,9.919612,16.112812,17.735659,21.376087,23.330257,29.104622,31.171814,29.290903,28.013376,22.506557,22.606384,22.136576,20.543749,15.694934,12.48012,14.330946,9.825864,14.728182,12.6205015,17.05553,17.128643,21.346731,24.261665,27.032598,30.432383,32.678654,34.339077,32.051502,31.095167,27.885744,25.933832,22.784388,20.779964,19.906017,16.94203,18.414824,13.102678,14.120192,10.105422,12.945344,15.1946945,14.12828,18.027538,17.331463,18.259968,23.255228,24.668324,24.517288,24.740667,26.967072,26.139929,22.987104,28.768713,29.142344,26.723707,25.9256,30.312506,30.919916,28.388113,27.358545,31.160194,33.202133,30.287113,27.802763,25.988234,20.976212,19.325459,15.074421,16.714964
35,40.520218,40.01479,36.956116,35.001167,33.995255,30.311476,31.002205,27.098507,24.868776,24.730816,20.010824,21.607595,16.756979,13.61502,17.78714,18.207895,19.64115,22.430134,22.891172,28.06188,28.707455,32.21322,31.910084,35.540848,35.96915,31.492277,28.6861,26.511774,23.76986,18.76791,16.534689,13.883666,10.976448,7.875424,4.4159102,0.0,4.8567424,5.417533,10.896226,9.5781975,14.301357,14.224764,20.27147,22.075373,25.601397,27.683376,33.2622,35.416996,33.596863,32.117157,26.601425,26.542938,25.695276,23.894156,18.960653,15.0486145,17.48878,13.426918,18.124792,16.608103,20.643515,21.241497,25.12511,28.271757,30.76609,34.472637,36.577286,38.198673,35.702606,34.8997,31.523558,29.933542,26.55581,24.915073,23.695671,21.162209,22.164686,17.181181,17.911587,13.259253,16.423677,17.644688,15.9585,20.50385,20.48694,21.11257,26.346577,28.220854,27.937288,28.22055,30.62691,30.11736,26.89379,32.681606,33.31782,31.012445,30.195667,34.49402,35.25096,32.79533,31.67553,35.404484,37.35199,34.267773,31.89972,29.731047,25.069029,23.0389,18.827635,20.103586
36,36.753216,36.40501,33.015648,31.503134,30.44024,26.563454,27.687992,23.55684,22.07719,22.068247,17.582989,20.373234,15.573834,12.360168,15.070914,16.565819,17.190287,20.818121,20.540987,26.493763,27.036123,30.672913,30.65626,34.599915,35.465252,31.038464,28.01062,25.670643,23.088934,17.047344,15.951642,11.488757,11.035584,5.442841,5.9074697,4.8567424,0.0,3.9014504,7.7794094,8.799504,12.631405,14.105797,19.81367,22.02703,25.679691,27.754026,33.460007,35.706314,33.992188,33.045265,27.631397,27.405155,27.430864,25.16985,20.609106,17.500387,20.063295,15.60454,20.521328,17.906252,22.11786,21.545813,25.257856,28.194849,30.215067,34.21679,35.68562,37.819153,35.46852,34.912994,31.964,30.377382,27.619537,25.570585,25.329754,22.024902,24.056513,18.317892,18.80845,14.145472,15.938508,17.813616,14.839063,19.351494,19.08958,18.697844,24.048239,25.767565,24.890858,25.01589,27.573742,27.63002,24.411837,30.477097,31.365534,29.432297,28.95116,32.95924,33.830452,32.028557,31.179646,34.408375,36.073257,32.94295,30.890045,28.458841,24.270454,22.57606,18.68173,20.904587
