,0,1,2,3,4,5,6,7,8,9,10,11,12,13,14,15,16,17,18,19,20,21,22,23,24,25,26,27,28,29,30,31,32,33,34,35,36,37,38,39,40,41,42,43,44,45,46,47,48,49,50,51,52,53,54,55,56,57,58,59,60,61,62,63,64,65,66,67,68,69,70,71,72,73,74,75,76,77,78,79,80,81,82,83,84,85,86,87,88,89,90,91,92,93,94,95,96,97,98,99,100,101,102,103,104,105,106,107,108
0,0.0,4.3067994,6.3984427,9.637533,12.190716,14.512503,17.626583,21.782581,24.675428,27.32091,31.575808,28.998453,27.34717,26.30482,21.469353,21.526562,16.352768,17.163008,14.063171,14.484691,13.995601,9.638756,13.804544,15.858533,14.461617,17.326488,18.60236,21.043028,19.069313,23.315643,22.71295,27.548126,31.913717,34.398945,37.213837,38.7769,42.039497,40.9255,38.3513,34.994537,35.479675,31.212967,29.047304,27.047085,24.950481,23.111582,18.897636,18.900482,17.319756,16.320919,16.088936,13.220452,14.409066,15.258738,18.857971,22.479343,23.104044,23.688951,28.569178,27.95455,24.892172,30.170912,30.409914,31.268127,34.960804,33.491135,37.210293,35.380463,40.522694,37.593132,33.406033,35.632267,32.734676,37.94628,34.259182,34.017605,36.269623,34.988525,35.708694,38.25158,35.388584,32.028214,32.075485,28.688967,27.929869,23.90692,25.031965,19.80884,22.00742,21.909557,23.641445,25.155844,24.923424,29.681597,31.017607,30.848145,30.847994,27.771235,27.215885,26.543497,24.283352,26.526611,23.885857,24.089676,26.246916,28.084558,26.885328,30.700384,29.174282
1,4.3067994,0.0,5.309794,6.693334,8.817915,12.307645,14.320298,19.311983,21.56422,24.372757,28.416508,26.240496,25.048403,23.827682,19.235409,18.59857,13.680995,13.604645,10.90772,10.397991,10.244125,6.5069594,10.777379,11.966653,11.303896,13.485232,15.039385,17.070398,14.916329,19.059616,18.702095,23.379429,28.1406,30.543127,33.40193,35.100895,38.185764,36.97898,34.312096,30.882729,31.444403,27.002026,25.012032,22.904028,21.035427,19.25306,15.14402,15.534715,14.321707,13.973474,13.7998905,11.929571,13.453986,14.331937,16.898954,20.317535,20.177721,21.039555,25.991165,25.054636,21.718884,26.738718,26.7253,27.349285,31.063967,29.33205,33.000866,31.095284,36.23851,33.326458,29.115406,31.369318,28.476307,33.807205,30.187056,30.11908,32.4837,31.267063,32.21023,34.781097,32.154457,28.63715,28.595959,25.077766,24.030993,20.14969,20.901924,15.598954,17.726015,17.785055,19.600452,21.360327,21.41365,26.074417,27.101086,26.74191,26.792488,23.536692,23.228672,22.481268,20.568867,23.274279,20.58114,20.454945,23.126598,24.441353,23.615398,27.318909,26.131618
2,6.3984427,5.309794,0.0,5.090485,6.8610373,8.377992,11.839903,15.4438505,18.671423,21.103916,25.535131,22.978598,21.172777,20.47455,15.541145,16.111734,11.414361,12.607159,11.319452,11.991963,13.427452,10.598389,15.460286,15.725943,15.498968,16.813347,17.173826,18.818542,15.1096735,19.598303,17.947987,23.386765,26.550434,29.557034,31.918613,33.419407,36.871574,35.790703,33.617054,30.612501,30.551567,27.003742,24.259466,23.224756,20.23358,19.5516,15.497188,16.34871,15.905957,14.524545,13.128259,10.803839,10.763494,10.215363,13.294342,16.663359,17.656296,18.786528,23.420456,23.492702,20.347103,26.119743,25.801739,27.22141,30.250528,29.586954,33.262154,31.677126,36.93792,34.65347,30.596981,33.09513,29.771484,35.28665,30.84167,31.259045,32.966583,31.174877,31.761045,33.91944,30.926083,27.772335,27.046577,23.922585,23.803125,19.424616,21.684694,17.125937,19.703587,20.625387,22.147211,24.734396,24.302313,29.004616,29.916948,28.99262,29.571508,25.73267,26.38774,25.024483,23.951,27.139063,23.809744,23.162497,25.349293,25.797356,24.419699,27.655325,25.754585
3,9.637533,6.693334,5.090485,0.0,3.8575149,6.222478,8.832654,13.384449,15.41866,18.653131,22.300386,19.714985,18.602045,17.163452,12.667157,11.99161,7.0847645,7.75456,6.471236,7.6593227,9.847296,8.470164,13.421456,13.112029,14.888422,15.030969,16.360476,16.920977,11.977975,15.941438,14.180562,19.076056,22.64433,25.051891,27.883106,29.25373,32.67662,31.81789,29.30906,26.18181,26.77907,23.2234,20.84749,20.298727,17.5241,17.745575,14.162936,15.980017,16.235527,15.912948,14.612724,13.677739,13.817235,12.804644,14.162838,16.833908,16.90076,18.869535,23.355698,23.260775,19.662329,25.017914,23.89346,24.949438,27.651194,26.520775,29.911987,27.832901,33.25098,31.189463,26.911957,28.957567,25.394815,30.6237,26.00919,26.297068,27.920586,26.165524,26.768812,29.044624,26.150251,22.868328,22.502968,19.223093,18.951828,14.630264,16.984314,12.779795,16.013964,17.539923,19.675283,22.377558,23.016388,27.305481,27.393543,26.128527,26.474323,22.106094,23.020067,20.84469,20.12808,23.540855,19.72761,18.761627,20.742657,20.818214,19.401436,22.575972,20.798592
4,12.190716,8.817915,6.8610373,3.8575149,0.0,5.3460717,5.5191994,10.939934,12.798485,15.619974,19.63019,17.769936,16.861738,15.884702,11.606007,10.850871,7.393109,6.7177258,8.246103,7.579332,10.876509,10.706316,14.688565,12.990127,14.58763,13.887658,14.201859,14.3862705,8.923238,13.207185,11.116865,16.645891,19.841427,22.896097,25.208206,26.8729,30.154833,28.991077,26.787128,23.815565,23.727615,20.286602,17.54604,17.068167,13.916563,14.380151,10.9740715,13.159088,14.068759,13.731682,12.084662,12.054339,12.03534,11.007711,11.159466,13.575208,13.140255,15.245188,19.67737,19.543728,15.906495,21.309391,20.124296,21.393644,24.020073,23.275833,26.777168,25.101122,30.43342,28.53948,24.518,27.053667,23.522266,29.217886,24.519157,25.478216,27.046497,25.132454,25.982662,28.014133,25.355242,22.066153,20.875698,17.649666,17.410831,13.076686,15.487852,11.589199,14.299831,16.163595,17.692158,21.003803,21.079683,25.303501,25.430593,23.860647,24.716238,20.276857,21.915174,19.999922,20.114838,24.106552,20.547287,19.071259,21.750412,20.750498,19.857485,22.527609,21.01877
5,14.512503,12.307645,8.377992,6.222478,5.3460717,0.0,5.9597173,7.6425004,10.860112,13.642531,17.624287,14.648412,12.865633,12.173631,7.262257,8.504421,5.521556,7.847888,9.964576,11.6177845,14.982052,14.567463,19.236723,17.98495,19.865837,19.181574,19.258787,19.180037,12.85145,16.5725,13.140354,18.608116,19.683073,22.888166,24.911695,26.023201,29.835459,29.136015,27.350306,24.91378,24.634823,22.469389,19.231562,20.296238,16.26796,18.201122,15.276247,17.627403,18.821335,17.827017,15.509517,14.926618,13.558283,10.750209,11.075234,12.81628,14.000012,16.617472,20.284182,21.440056,18.156187,23.96944,22.245274,24.193869,25.787031,26.024553,29.242842,27.627478,33.01053,31.847292,27.940876,30.230864,26.290224,31.60144,26.11565,27.173603,27.886621,25.416021,25.615187,27.210772,24.006039,21.312086,19.771776,17.208105,18.285057,13.642575,17.89917,15.278491,18.536879,20.930286,22.544052,26.037811,26.17848,30.273977,30.141037,28.216938,29.193924,24.34354,26.416864,23.72444,24.158728,28.045843,23.867487,22.27044,23.816622,22.500868,20.694565,22.882797,20.397379
6,17.626583,14.320298,11.839903,8.832654,5.5191994,5.9597173,0.0,6.630403,7.538391,10.223642,14.235022,12.997062,12.550303,11.994187,8.667684,7.7850685,7.5868306,6.2491846,10.939813,10.172103,14.285845,15.453632,18.775621,16.006845,18.26724,16.33293,15.82329,14.782912,7.8763323,11.252677,7.501891,13.480676,14.865597,18.630083,20.278858,21.972418,25.34199,24.152191,22.436552,19.965542,19.152895,16.762167,13.373314,14.513171,10.348038,12.998298,10.937548,13.971482,16.050232,15.810688,13.648748,14.765932,13.983231,12.07362,9.938198,10.776212,9.849775,12.993374,16.535534,17.0547,13.47147,18.714788,16.56915,18.353573,19.91911,20.10165,23.349644,21.996187,27.275848,26.220451,22.568033,25.274706,21.472477,27.261929,21.967636,23.779915,24.699104,22.310625,23.120682,24.615372,22.083279,19.110283,16.764614,13.981839,14.518264,10.227529,13.864636,11.867029,14.339422,17.143883,18.207523,22.203241,22.206638,25.875696,25.45967,23.164875,24.570541,19.675388,22.538303,20.1206,21.56349,26.045504,22.331524,20.158556,22.747665,20.179335,19.43557,21.074322,19.509459
7,21.782581,19.311983,15.4438505,13.384449,10.939934,7.6425004,6.630403,0.0,5.325383,6.443083,10.985938,8.79231,6.880826,8.120579,5.4167056,7.920867,10.01137,10.999127,15.604771,16.31776,20.37734,21.168163,25.059923,22.585934,24.709866,22.908358,21.857025,20.78771,13.995733,16.53814,11.901338,17.105675,14.889467,19.251993,19.82159,20.866764,24.782782,24.037441,23.315351,21.881516,20.231443,19.914263,15.910333,18.884485,13.953386,17.908014,16.477617,19.30128,21.57112,20.542574,17.738277,18.395643,16.312893,12.890013,10.35154,9.506004,10.896646,14.330793,16.301178,18.661304,15.972705,21.36794,18.756773,21.522291,21.55557,23.407215,26.204597,25.33148,30.337498,30.288193,27.103819,29.702593,25.664427,31.005844,24.998459,27.194147,27.034159,23.974432,24.061216,24.708614,21.737715,19.783342,16.389647,14.9660845,17.24544,13.222381,18.445385,17.82239,20.418146,23.508854,24.368969,28.555965,28.268282,31.777811,31.263863,28.620363,30.331045,25.269089,28.626633,25.735067,27.574863,32.00323,27.885317,25.582947,27.23508,24.150648,22.686155,23.47436,21.003899
8,24.675428,21.56422,18.671423,15.41866,12.798485,10.860112,7.538391,5.325383,0.0,4.6422057,6.90623,5.9145513,6.898149,6.781263,7.0734215,6.4287243,10.750786,10.194567,15.655964,15.851023,20.017853,21.953966,25.081112,22.038662,25.158144,22.496597,21.92417,19.86927,12.801452,13.811485,8.951507,12.824067,9.733939,13.942647,14.666389,15.743247,19.619425,18.998404,18.072016,16.75447,15.449519,15.686663,12.036791,16.16992,11.712113,16.892776,16.507362,19.843216,22.533918,22.395489,20.01782,21.514145,20.07913,17.312908,14.046976,12.717925,12.076622,15.909579,17.425915,19.12557,16.226223,20.424326,16.855156,19.07954,18.399086,19.905342,22.189238,20.981142,25.96738,26.408735,23.315628,25.527235,21.375786,26.390507,20.217152,22.78109,22.323511,19.17849,19.44089,19.927887,17.37248,15.398751,11.448157,10.198986,12.743778,9.447749,14.833203,15.734957,18.165512,21.717802,22.70423,26.89659,27.349257,30.199022,28.920345,25.908382,27.555218,22.253372,26.10132,22.72537,25.324644,29.87235,25.795946,23.112492,24.726328,20.665213,19.625935,19.672054,17.700483
9,27.32091,24.372757,21.103916,18.653131,15.619974,13.642531,10.223642,6.443083,4.6422057,0.0,5.8748875,7.2328277,7.603049,9.569574,10.194855,10.931473,14.860975,14.371786,19.851896,19.55766,23.780693,25.533405,28.547428,25.179296,27.577534,24.881943,23.298641,21.334509,15.034411,16.031427,11.404017,15.303229,10.425537,15.786341,14.821757,16.147545,19.731382,18.686197,18.896881,18.353487,15.401804,16.704493,12.469155,16.91328,12.056116,17.374502,17.506126,20.540133,23.484575,22.931974,20.293432,22.061295,20.217073,17.371132,13.289828,10.792862,10.501706,14.1420765,14.410158,16.968817,14.85621,18.855717,15.3356285,18.35867,16.917913,19.906946,22.14544,21.93759,26.392178,27.249739,24.82751,27.59668,23.76467,28.997574,23.046967,26.185642,25.577534,22.375122,22.713144,22.660614,20.453636,18.970222,14.20104,13.747172,16.291702,13.59739,18.33559,19.268442,20.981363,24.372496,24.619328,29.0871,28.682842,31.436916,30.487068,27.350492,29.551023,24.604897,28.831652,26.024187,28.923702,33.64939,29.884222,27.123129,29.117838,24.774141,24.045437,23.783064,21.972174
10,31.575808,28.416508,25.535131,22.300386,19.63019,17.624287,14.235022,10.985938,6.90623,5.8748875,0.0,5.4568653,8.4531765,9.32564,12.476379,12.024072,17.162737,16.456898,21.919535,21.96176,26.04531,28.477337,31.162994,27.726862,31.078327,27.89602,27.01092,24.36302,17.97917,17.545904,13.218865,14.705328,7.352376,11.772675,10.308578,10.809164,14.753983,14.509631,15.011548,15.355475,12.994273,16.051233,12.798916,18.51074,14.643068,20.65781,21.463314,24.781437,27.854471,27.866934,25.497013,27.457668,25.856775,23.03901,19.094938,16.637068,15.7512865,19.377064,19.161741,21.347195,19.29133,22.03798,17.715792,20.042454,17.3548,20.121735,21.32814,20.693907,24.840748,26.648218,24.463036,26.392097,22.448017,26.654526,20.423338,23.774694,22.267397,18.808714,18.81595,18.052715,16.2187,15.567992,10.139721,11.186777,14.538484,13.244692,18.071756,20.644558,22.445398,26.18052,26.771513,31.02683,31.520536,33.619045,31.830513,28.378098,30.329714,25.184778,29.695122,26.152695,29.612385,34.177807,30.268784,27.288755,28.582134,23.479437,22.753666,21.425495,19.768852
11,28.998453,26.240496,22.978598,19.714985,17.769936,14.648412,12.997062,8.79231,5.9145513,7.2328277,5.4568653,0.0,4.038972,4.0605016,8.16589,8.608073,13.755459,14.374503,19.220531,20.523838,24.488607,26.39452,29.812136,27.137535,30.693325,28.055096,27.792915,25.605558,18.484846,18.907082,14.212588,16.463314,11.070521,14.060941,14.381278,14.111802,18.548887,18.97287,18.596266,18.258768,17.370949,19.294409,16.1477,21.200329,17.054161,22.602945,22.415035,25.753847,28.430048,28.168276,25.653698,26.835272,25.0102,21.677422,18.733572,16.953363,17.201365,20.963211,21.620974,24.028072,21.553257,25.392414,21.453852,23.743177,21.943882,23.94832,25.493237,24.153795,28.8113,30.097706,27.231337,28.753923,24.447353,28.409372,21.79842,24.240593,22.64361,19.037,18.365923,17.982525,15.024096,14.413107,10.138115,10.821321,14.77577,12.423364,18.39761,20.331125,23.101995,26.833456,28.103804,32.15682,33.027584,35.63157,33.94673,30.752588,32.23598,26.771326,30.692957,26.639027,29.384521,33.652718,29.18301,26.489857,26.947645,22.64108,20.902647,20.03742,17.341898
12,27.34717,25.048403,21.172777,18.602045,16.861738,12.865633,12.550303,6.880826,6.898149,7.603049,8.4531765,4.038972,0.0,4.0183167,6.2895207,9.0182,13.122974,14.753438,19.19371,20.919422,24.875324,26.074362,30.033646,27.719719,30.718254,28.592115,28.053314,26.424473,19.280952,20.633785,15.786239,19.193876,14.518195,17.93901,18.18622,18.071383,22.462263,22.689795,22.427961,21.89549,20.671667,22.108751,18.530983,23.007013,18.385105,23.41332,22.629883,25.714764,28.160189,27.35855,24.58781,25.236414,22.997316,19.252792,16.839695,15.22043,16.641546,20.20222,21.006634,23.913837,21.573921,26.175089,22.745987,25.449924,24.09382,26.381659,28.344343,27.224451,31.993652,32.932972,29.947794,31.790579,27.489431,31.798153,25.236736,27.442768,26.114365,22.577436,21.828194,21.64943,18.378176,17.65707,13.9203415,14.09659,17.776411,14.6499405,20.762447,21.723898,24.6806,28.203884,29.422865,33.531002,33.94799,36.99952,35.791767,32.79353,34.3434,28.941807,32.606266,28.807451,31.0802,35.312508,30.746489,28.279238,28.753622,25.101204,23.027634,22.755226,19.652433
13,26.30482,23.827682,20.47455,17.163452,15.884702,12.173631,11.994187,8.120579,6.781263,9.569574,9.32564,4.0605016,4.0183167,0.0,5.081972,6.161998,10.770249,12.432872,16.542953,18.737345,22.48825,23.967676,27.836658,25.769566,29.414461,27.219387,27.469618,25.652748,18.273191,19.298357,14.663616,17.40145,13.80804,16.083176,17.498144,17.156641,21.638845,22.201344,21.165085,20.208633,20.178186,21.103224,18.110401,22.457472,18.330927,23.307814,22.420368,25.694368,28.006285,27.645739,25.16206,25.79196,23.988218,20.508097,18.45573,17.427437,18.1603,21.876762,23.301071,25.555946,22.748623,27.18858,23.582205,25.710968,24.66294,26.001823,27.838549,26.044388,31.043932,31.813576,28.471664,29.775986,25.326616,29.221266,22.582438,24.309832,22.950718,19.472452,18.560062,18.738869,15.19148,14.24045,11.359278,11.230584,14.984963,11.870555,18.204407,19.432283,22.800701,26.401966,28.135878,31.956005,33.097584,36.036957,34.471313,31.53791,32.66123,27.089334,30.477926,26.21655,28.333511,32.337265,27.567766,25.159117,25.142294,21.635664,19.263687,19.029377,15.7287655
14,21.469353,19.235409,15.541145,12.667157,11.606007,7.262257,8.667684,5.4167056,7.0734215,10.194855,12.476379,8.16589,6.2895207,5.081972,0.0,4.8809204,7.099937,9.745995,13.374926,15.741008,19.447247,20.174183,24.50542,22.810196,25.831482,24.231958,24.395525,23.247118,15.983935,18.18113,13.688184,17.880201,16.198156,19.058908,20.76119,21.073393,25.344633,25.353907,24.006933,22.377625,22.183895,21.813791,18.525974,21.685368,17.332678,21.313557,19.595049,22.579155,24.503777,23.804564,21.278671,21.388184,19.562378,16.062012,14.828469,14.689134,15.95217,19.394215,21.67188,23.729614,20.721886,25.930466,23.029663,25.240175,25.24439,26.259235,28.740189,27.016357,32.27631,32.255093,28.61589,30.359598,26.015007,30.575254,24.27014,25.689089,25.183052,22.066526,21.572952,22.421246,18.886597,17.103456,14.882786,13.501974,16.223421,12.071082,18.024221,17.693571,21.208673,24.432295,26.168222,29.927221,30.662455,34.12741,33.144623,30.578577,31.663605,26.267895,29.171528,25.423317,26.849318,30.833143,26.149467,24.052317,24.537062,21.967518,19.612139,20.505585,17.305214
15,21.526562,18.59857,16.111734,11.99161,10.850871,8.504421,7.7850685,7.920867,6.4287243,10.931473,12.024072,8.608073,9.0182,6.161998,4.8809204,0.0,5.485655,6.3234806,10.63337,12.617184,16.335339,18.04322,21.709452,19.715921,23.634459,21.502438,22.412647,20.694056,13.299708,14.664781,10.524109,13.765088,13.514823,15.45199,18.123363,18.586512,22.621298,22.659233,20.581783,18.464407,19.275032,18.302845,15.726295,18.791,15.201616,19.312262,17.96278,21.261675,23.282097,23.398514,21.357464,22.042099,20.986012,18.255497,16.613823,16.634796,16.388388,19.992504,22.581882,23.735893,20.31948,24.830347,21.5975,23.064188,23.267176,23.27342,25.552605,23.244087,28.63718,28.482704,24.609184,25.92287,21.511166,25.863962,19.62722,20.86332,20.5912,17.675293,17.503073,18.819519,15.558088,13.091592,11.5125675,9.305743,11.5542145,7.336303,13.38011,13.643657,17.35258,20.786377,22.901632,26.44901,27.967634,31.05589,29.5571,26.943966,27.706226,22.161222,25.036676,20.897306,22.552176,26.553682,21.855572,19.562555,20.109684,17.151428,15.061829,15.962,13.233768
16,16.352768,13.680995,11.414361,7.0847645,7.393109,5.521556,7.5868306,10.01137,10.750786,14.860975,17.162737,13.755459,13.122974,10.770249,7.099937,5.485655,0.0,4.5847425,6.3127866,9.527992,12.734977,13.383839,17.788595,16.76563,20.279343,19.074062,20.533848,19.693487,12.876515,15.451362,12.275042,16.27909,18.156988,19.969574,23.026176,23.753752,27.578749,27.3752,24.922411,22.226269,23.315996,21.056791,18.664875,20.14892,16.88874,19.42024,16.994604,19.822401,21.098743,21.06664,19.282677,19.167675,18.470493,16.131662,15.949841,17.216877,17.327635,20.38521,23.91989,24.623566,20.998198,26.047478,23.640663,24.891191,26.229239,25.561401,28.320745,25.869017,31.407265,30.373354,26.124697,27.522846,23.345636,27.904724,22.293861,22.74453,23.32104,20.981586,21.00198,22.935165,19.669115,16.788296,16.39998,13.574544,14.508025,10.002506,14.534834,12.681507,16.758465,19.517548,21.992521,25.096663,26.586487,30.20666,29.23849,27.210321,27.597109,22.370056,24.25244,20.56771,20.997747,24.624842,19.925623,18.269468,18.938364,17.689531,15.412209,17.708973,15.099604
17,17.163008,13.604645,12.607159,7.75456,6.7177258,7.847888,6.2491846,10.999127,10.194567,14.371786,16.456898,14.374503,14.753438,12.432872,9.745995,6.3234806,4.5847425,0.0,5.710636,6.304655,10.175648,12.215069,15.48572,13.43456,17.505354,15.510574,17.173792,15.757136,8.892375,11.013565,8.426614,12.217139,15.680156,17.404305,20.653883,21.885458,25.240345,24.65238,21.88183,18.796228,20.057426,17.018103,15.051092,15.992414,13.378672,15.749101,13.752901,16.85043,18.392864,19.098541,17.726927,18.498997,18.464783,16.935528,15.869714,17.013676,15.75788,18.798857,22.457556,22.364283,18.521532,22.898087,20.413633,21.114296,22.807562,21.453957,24.243963,21.662596,27.213179,25.918882,21.61098,23.136463,19.079424,24.02682,18.768003,19.486551,20.638464,18.627113,19.343672,21.524733,18.913767,15.478709,14.993872,11.538272,11.308168,6.885705,10.33981,8.291146,12.263955,15.237558,17.702578,20.895813,22.649914,25.984692,24.774298,22.67077,23.070248,17.807585,19.91032,16.36165,17.265562,21.337217,16.996656,14.947568,16.754189,14.808135,13.615779,15.914024,14.430961
18,14.063171,10.90772,11.319452,6.471236,8.246103,9.964576,10.939813,15.604771,15.655964,19.851896,21.919535,19.220531,19.19371,16.542953,13.374926,10.63337,6.3127866,5.710636,0.0,5.3426504,7.0136857,8.010603,12.042242,11.9213,16.175758,15.3536625,18.359175,17.76703,12.415828,14.724052,13.493565,16.450552,21.03617,21.884455,25.74636,26.761395,30.036673,29.662663,26.44571,23.035656,25.134499,21.465878,20.135166,20.04608,18.210058,19.240652,16.54486,18.974846,19.54567,20.370407,19.537605,19.423262,19.908823,18.857084,19.218004,21.16717,20.3135,22.870192,27.041624,26.61887,22.731031,27.167162,25.22883,25.523382,27.853146,25.736273,28.54504,25.53883,31.047928,29.137749,24.505907,25.450157,21.692287,25.988314,21.438091,20.923122,22.58325,21.18121,21.734634,24.433018,21.720518,18.220926,19.21922,15.713807,14.884113,11.195661,13.01422,9.610102,13.846751,15.818908,19.05071,21.220413,23.625887,27.166523,26.141779,24.730663,24.335325,19.544563,20.182152,16.721762,15.9276495,19.044392,14.466183,13.43359,14.486883,14.900088,13.170903,16.714357,15.2366085
19,14.484691,10.397991,11.991963,7.6593227,7.579332,11.6177845,10.172103,16.31776,15.851023,19.55766,21.96176,20.523838,20.919422,18.737345,15.741008,12.617184,9.527992,6.304655,5.3426504,0.0,4.224307,7.168656,9.304368,7.3076806,11.857142,10.232833,13.3874035,12.580097,8.230856,10.598794,10.778773,13.795202,19.814953,21.090427,24.634748,26.306646,29.024746,28.025827,24.781338,21.093122,22.777905,18.152718,17.131927,15.745805,14.739143,14.69423,12.145439,14.498586,15.13321,16.692997,16.40079,17.163826,18.38719,18.306904,17.980257,19.969572,17.997763,20.161755,24.520596,23.22217,19.275274,23.077286,21.532598,21.322136,24.36605,21.666538,24.735435,21.967894,27.330854,24.87147,20.299892,21.840797,18.521128,23.611664,19.806295,19.821867,22.255188,21.231867,22.570793,25.307253,23.281,19.440832,19.815678,15.993669,14.074902,10.898033,10.589629,5.539997,9.034558,10.721019,13.752037,16.083483,18.31573,21.845592,21.003849,19.723032,19.500301,14.993932,15.668826,13.202096,12.705733,16.59659,13.016925,11.625979,14.909259,14.591752,14.522617,17.833597,17.552246
20,13.995601,10.244125,13.427452,9.847296,10.876509,14.982052,14.285845,20.37734,20.017853,23.780693,26.04531,24.488607,24.875324,22.48825,19.447247,16.335339,12.734977,10.175648,7.0136857,4.224307,0.0,4.7437844,5.513401,5.423146,10.463061,9.796807,14.283114,14.029559,11.618917,13.493678,14.622429,16.753042,23.523699,24.193272,28.093746,29.718464,32.223343,31.28252,27.717865,23.815018,26.069368,20.99893,20.595598,18.480227,18.288353,17.324017,14.694781,16.371033,16.224384,18.15027,18.49306,18.893354,20.650913,21.10039,21.394077,23.713318,21.740925,23.54956,28.106142,26.412504,22.527882,25.973719,24.814558,24.139475,27.607367,24.227734,27.191011,24.15219,29.301332,26.327154,21.652985,22.703154,19.865826,24.384203,21.45735,20.668972,23.617367,23.172417,24.584734,27.640089,25.78684,21.881363,23.057621,19.195784,16.797321,14.266388,12.773693,7.5753527,10.252256,10.627326,14.1902275,15.302795,18.2732,21.691626,20.936184,20.3381,19.37761,15.60686,14.833468,12.864427,10.748681,13.780898,10.588479,10.220976,13.596379,14.971645,15.129692,19.009632,19.158058
21,9.638756,6.5069594,10.598389,8.470164,10.706316,14.567463,15.453632,21.168163,21.953966,25.533405,28.477337,26.39452,26.074362,23.967676,20.174183,18.04322,13.383839,12.215069,8.010603,7.168656,4.7437844,0.0,5.5786204,7.9982977,10.330779,11.609997,15.428168,16.373745,14.264383,17.170202,17.712652,20.845531,26.920301,28.095285,31.774094,33.33173,36.131165,35.187977,31.861303,28.084856,29.88665,24.995918,24.026117,21.834497,21.024126,19.580301,16.177671,17.21392,16.346107,17.501715,17.830994,17.177979,18.9664,19.599947,21.031645,23.908243,22.754667,24.194231,29.027163,27.59856,23.874153,28.002968,27.354769,27.131948,30.799002,27.92665,31.16648,28.454102,33.609535,30.5407,25.980883,27.325693,24.533205,29.124853,26.047335,25.223087,27.967316,27.311407,28.41868,31.39193,29.129412,25.38758,26.412956,22.658958,20.831663,17.699196,17.208942,11.924044,14.411097,14.332119,17.318338,18.28956,20.268854,24.250753,24.303642,24.041986,23.24442,19.894094,18.840681,17.495535,14.880856,17.137857,14.2678385,14.5364895,17.089684,19.225866,18.70325,22.765816,22.253757
22,13.804544,10.777379,15.460286,13.421456,14.688565,19.236723,18.775621,25.059923,25.081112,28.547428,31.162994,29.812136,30.033646,27.836658,24.50542,21.709452,17.788595,15.48572,12.042242,9.304368,5.513401,5.5786204,0.0,5.1250253,7.8317413,9.100844,14.187232,15.021421,15.161754,17.066198,19.070156,21.061188,28.365156,29.077044,32.878635,34.721226,36.93018,35.7346,32.121304,28.099886,30.248,24.638597,24.54778,21.29089,21.819986,19.405287,16.616644,17.196426,15.9985285,18.233965,19.441572,19.54851,22.052418,23.44267,24.319988,27.0586,24.991991,26.110708,30.912449,28.623095,24.969206,28.00105,27.666708,26.60905,30.79682,26.94504,30.021448,27.187515,31.915003,28.22471,23.766083,24.88435,22.876818,27.214191,25.40138,24.320873,27.795929,27.828371,29.453049,32.636333,31.016254,27.071028,28.376877,24.488657,21.741924,19.570086,17.176678,11.852917,12.866536,11.442042,14.549724,14.244066,17.077799,20.543688,20.552471,20.965748,19.559603,17.245525,14.960044,14.852637,11.328935,13.050508,11.791457,12.615804,16.388962,18.89401,19.565355,23.593302,24.151945
23,15.858533,11.966653,15.725943,13.112029,12.990127,17.98495,16.006845,22.585934,22.038662,25.179296,27.726862,27.137535,27.719719,25.769566,22.810196,19.715921,16.76563,13.43456,11.9213,7.3076806,5.423146,7.9982977,5.1250253,0.0,6.3112297,4.8238425,10.181491,10.165639,10.820176,12.335627,14.956081,16.837404,24.369724,25.431189,28.84269,30.999205,32.93798,31.421999,27.983791,24.004456,25.697096,19.891085,19.8803,16.247856,17.182816,14.61771,12.350825,13.287393,12.7920685,15.617075,16.794472,17.95381,20.441435,21.869165,21.723866,24.045856,21.259846,22.411846,26.992353,24.400404,20.725124,23.253107,22.80927,21.546427,25.807665,21.871885,25.033588,22.44548,27.140179,23.463875,19.092886,20.809265,18.828423,23.901775,22.048014,21.765574,25.291656,25.202477,27.181837,30.153542,28.85195,24.839056,25.447168,21.559698,18.556572,16.641068,13.617718,8.150958,8.109162,6.6645703,9.684447,10.32461,13.07041,16.537554,16.323515,16.293093,15.4083605,12.736269,11.3695755,11.654563,9.627167,13.053334,11.907149,11.483601,16.5188,17.247791,18.646763,22.093983,23.004652
24,14.461617,11.303896,15.498968,14.888422,14.58763,19.865837,18.26724,24.709866,25.158144,27.577534,31.078327,30.693325,30.718254,29.414461,25.831482,23.634459,20.279343,17.505354,16.175758,11.857142,10.463061,10.330779,7.8317413,6.3112297,0.0,4.6533213,7.6874075,10.2104845,13.330377,15.877281,18.375418,21.353628,28.28175,30.288877,33.0144,35.475006,37.37419,35.428867,32.47488,28.691435,29.297316,23.454908,22.87417,18.351885,19.098663,14.847498,11.950968,11.094255,9.038296,11.765897,13.884331,14.719877,17.97064,20.560478,21.064583,23.892155,21.358467,21.442234,26.260336,23.248642,20.08254,22.667097,23.529713,22.535452,27.500746,24.10108,27.70509,26.047915,30.319084,26.24824,22.50228,25.120464,23.678244,29.196257,27.613373,27.758562,31.289848,31.055756,33.064648,35.86077,34.444828,30.485882,30.4388,26.629204,23.943317,21.617384,19.104723,13.60543,12.643891,10.350766,11.02732,11.371028,11.171775,15.621105,17.330093,18.085583,17.85466,16.598083,15.094569,17.147627,15.134955,17.899887,17.756708,17.67731,22.67345,23.525099,24.825336,28.250607,28.88759
25,17.326488,13.485232,16.813347,15.030969,13.887658,19.181574,16.33293,22.908358,22.496597,24.881943,27.89602,28.055096,28.592115,27.219387,24.231958,21.502438,19.074062,15.510574,15.3536625,10.232833,9.796807,11.609997,9.100844,4.8238425,4.6533213,0.0,5.697932,6.3345194,9.969244,11.653085,14.807638,17.151737,24.400259,26.265005,28.905693,31.487648,33.121727,31.084032,28.098518,24.319191,24.953522,18.96003,18.735777,14.039049,15.407333,11.384417,9.365797,9.444678,8.813006,12.280959,14.000682,15.936674,18.79252,20.901546,20.290773,22.524824,19.239504,19.726538,24.226542,21.024878,17.657728,19.609774,19.942167,18.552095,23.41492,19.644142,23.147552,21.39942,25.69294,21.715567,17.903864,20.687288,19.235712,25.004677,23.473019,24.013523,27.55044,27.352022,29.5913,32.276966,31.195938,27.234774,26.97149,23.216772,20.25285,18.419127,15.266331,10.213315,8.315042,6.041907,6.6529903,8.055152,8.707834,12.835615,13.693222,13.867095,13.887912,12.137247,11.430154,13.445666,12.56726,16.262686,15.997424,15.193587,20.714306,20.491802,22.307323,25.276543,26.297216
26,18.60236,15.039385,17.173826,16.360476,14.201859,19.258787,15.82329,21.857025,21.92417,23.298641,27.01092,27.792915,28.053314,27.469618,24.395525,22.412647,20.533848,17.173792,18.359175,13.3874035,14.283114,15.428168,14.187232,10.181491,7.6874075,5.697932,0.0,4.245148,9.7198305,12.08224,14.68311,18.092056,24.048794,27.07755,28.683199,31.586624,33.14511,30.646622,28.4253,25.10667,24.247042,18.695963,17.610844,12.512476,13.349906,7.922353,5.8786216,4.28547,3.9574025,7.8614225,9.857334,12.799246,15.695387,18.344591,17.176462,19.246227,15.715767,15.334825,19.717766,16.100197,13.176777,15.058654,16.407139,15.550797,20.774887,18.10791,22.04881,21.502937,25.443712,21.70704,18.703522,22.613598,21.282179,27.691475,25.837227,27.298382,30.451397,29.819233,32.06986,34.31964,33.211163,29.447023,28.09065,24.629396,22.204128,20.09359,17.800251,13.404477,11.145621,9.808148,7.842187,10.710002,7.5449038,12.34439,14.480819,14.303214,15.797973,14.423051,15.147169,17.505732,17.717302,21.707113,21.342316,20.119467,25.60532,24.457617,26.180672,28.682526,29.393639
27,21.043028,17.070398,18.818542,16.920977,14.3862705,19.180037,14.782912,20.78771,19.86927,21.334509,24.36302,25.605558,26.424473,25.652748,23.247118,20.694056,19.693487,15.757136,17.76703,12.580097,14.029559,16.373745,15.021421,10.165639,10.2104845,6.3345194,4.245148,0.0,7.4217978,8.396066,11.755831,14.294524,20.603886,23.351885,24.966026,27.942863,29.249094,26.722252,24.387995,21.053255,20.345495,14.583385,13.955603,8.576113,10.355446,5.408094,5.3526177,6.074039,7.7259474,11.174347,12.337809,15.678481,17.9858,19.87738,17.802773,19.18617,14.978147,15.316342,19.208775,15.588562,12.371887,13.426694,13.7967615,12.349792,17.433174,14.181974,18.031492,17.272161,21.336641,17.757502,14.616406,18.641169,17.24227,23.784836,21.954468,23.740826,26.83169,26.25642,28.682009,30.835915,30.055323,26.33,24.884533,21.513475,18.837631,17.313856,14.461862,10.966501,7.958706,7.3755426,4.9856453,9.195061,7.5279675,11.23153,12.0355,10.973631,12.79975,10.746758,12.55794,14.517706,15.791556,20.247335,19.726688,17.994162,23.599934,21.604378,23.710457,25.758175,26.81549
28,19.069313,14.916329,15.1096735,11.977975,8.923238,12.85145,7.8763323,13.995733,12.801452,15.034411,17.97917,18.484846,19.280952,18.273191,15.983935,13.299708,12.876515,8.892375,12.415828,8.230856,11.618917,14.264383,15.161754,10.820176,13.330377,9.969244,9.7198305,7.4217978,0.0,4.782429,5.218472,9.926884,15.187151,18.208004,20.200817,22.707159,24.927727,23.022957,20.642529,17.399202,17.006464,12.316315,10.349729,8.344721,6.799564,6.998712,5.76923,9.221624,11.589623,13.291242,12.644588,15.257311,16.257858,16.462124,14.028431,15.052185,11.477901,13.568069,17.456533,15.652578,11.70277,14.984156,13.326687,13.369314,16.59698,14.666433,18.256102,16.738504,21.868675,19.71729,15.918103,19.13471,16.094591,22.530598,18.721378,20.629932,22.803053,21.40659,23.280506,25.26825,23.84737,20.248173,18.5255,15.12092,13.3483515,10.703776,10.161083,7.1425333,7.3593063,9.857034,10.396938,14.582604,14.839869,18.150417,17.592558,15.448391,16.890718,12.436736,15.335586,14.198095,16.021772,20.855076,18.404133,16.110657,20.497765,17.791565,18.831776,20.66512,20.825525
29,23.315643,19.059616,19.598303,15.941438,13.207185,16.5725,11.252677,16.53814,13.811485,16.031427,17.545904,18.907082,20.633785,19.298357,18.18113,14.664781,15.451362,11.013565,14.724052,10.598794,13.493678,17.170202,17.066198,12.335627,15.877281,11.653085,12.08224,8.396066,4.782429,0.0,4.867587,6.017133,12.919317,15.064352,17.264784,19.964108,21.56959,19.562769,16.783075,13.2975855,13.534111,8.072518,7.59039,5.586553,6.466947,7.9678683,9.076202,12.287436,14.837047,17.175135,16.853346,19.82804,20.872395,20.985212,18.027359,18.33794,14.180312,16.423601,19.451645,17.325035,13.669865,15.115864,12.581314,11.482678,14.262234,11.098863,14.239552,12.133858,17.393269,15.406777,11.452329,14.544537,11.474699,18.069645,14.605857,16.976467,19.294924,18.235126,20.571442,22.526762,21.835272,18.229145,16.621105,13.335358,10.673183,9.727197,7.198832,6.6885185,5.494226,8.850713,9.391185,13.489194,14.895504,16.971996,15.207237,12.408538,13.854541,8.865073,12.885995,11.329907,14.495688,19.492582,17.385778,14.627207,19.23308,15.466867,17.415186,18.545334,19.588167
30,22.71295,18.702095,17.947987,14.180562,11.116865,13.140354,7.501891,11.901338,8.951507,11.404017,13.218865,14.212588,15.786239,14.663616,13.688184,10.524109,12.275042,8.426614,13.493565,10.778773,14.622429,17.712652,19.070156,14.956081,18.375418,14.807638,14.68311,11.755831,5.218472,4.867587,0.0,6.350178,10.05939,13.322499,15.187123,17.559204,20.022503,18.379126,16.134003,13.240728,12.770049,9.374244,6.781485,8.275159,5.550704,9.75914,10.094128,13.700557,16.481253,17.796883,16.563808,19.127102,19.296923,18.437252,15.18339,15.038219,11.5776825,14.65934,17.41722,16.57097,12.879803,15.745862,12.547464,13.010155,14.42854,13.313386,16.257343,14.519162,19.871502,18.95614,15.3582535,18.109322,14.39671,20.509846,15.652348,18.243519,19.524303,17.572042,19.274715,20.82292,19.464146,16.163368,13.659539,10.592316,9.554534,7.159568,8.365965,8.533862,9.6024475,13.133511,13.910918,18.100142,18.97046,21.488205,20.012976,17.1183,18.689476,13.536328,17.463598,14.965174,17.885874,22.778145,19.716599,16.900818,20.380222,16.328144,17.121181,17.935003,17.908094
31,27.548126,23.379429,23.386765,19.076056,16.645891,18.608116,13.480676,17.105675,12.824067,15.303229,14.705328,16.463314,19.193876,17.40145,17.880201,13.765088,16.27909,12.217139,16.450552,13.795202,16.753042,20.845531,21.061188,16.837404,21.353628,17.151737,18.092056,14.294524,9.926884,6.017133,6.350178,0.0,8.66536,9.24106,12.19443,14.595836,16.131687,14.67395,11.300757,7.6371284,9.54664,5.5662384,6.5160823,8.77084,9.263423,13.18793,14.756703,18.116741,20.803455,22.906012,22.196257,24.996355,25.492096,24.778984,21.459398,20.98668,17.198036,20.1123,22.178919,20.87763,17.55062,18.454882,14.648435,13.619923,14.123742,11.276548,12.885955,9.699158,15.230224,14.865141,11.127046,12.720772,8.6193695,14.384089,9.574639,12.8063135,14.178669,12.769901,15.204559,16.855148,16.669296,13.333973,11.600354,8.7761345,5.9108677,7.2786865,5.262511,9.278824,9.471277,13.193883,14.346416,17.803333,20.183708,21.348677,18.470093,15.149982,16.19816,10.800601,15.327959,11.927097,16.145533,20.84422,18.149763,14.939037,18.242834,12.897253,14.885552,14.627904,16.00761
32,31.913717,28.1406,26.550434,22.64433,19.841427,19.683073,14.865597,14.889467,9.733939,10.425537,7.352376,11.070521,14.518195,13.80804,16.198156,13.514823,18.156988,15.680156,21.03617,19.814953,23.523699,26.920301,28.365156,24.369724,28.28175,24.400259,24.048794,20.603886,15.187151,12.919317,10.05939,8.66536,0.0,6.0985694,5.437884,7.8181486,10.5652685,9.458106,8.540155,8.208769,6.407837,9.321136,7.5029516,13.541667,11.481006,17.452883,19.220802,22.659624,25.83061,26.887854,25.250685,27.930021,27.288746,25.472353,21.352987,19.47356,16.649155,20.055809,20.406021,20.866,18.401978,19.566439,14.812064,15.648365,13.085454,14.138784,14.832609,13.547523,17.83631,19.68916,17.553505,19.220392,15.461664,19.72442,13.963598,17.939611,17.00281,14.141714,15.342096,15.128056,14.678092,13.08006,8.143758,8.253454,9.747022,10.424696,12.99425,16.772915,17.666096,21.403036,21.92079,25.878378,27.09774,28.386276,25.898966,22.274677,24.07602,19.094017,23.897476,20.470135,24.611847,29.199045,25.937996,22.733051,24.728546,18.932358,19.53214,17.914543,17.865454
33,34.398945,30.543127,29.557034,25.051891,22.896097,22.888166,18.630083,19.251993,13.942647,15.786341,11.772675,14.060941,17.93901,16.083176,19.058908,15.45199,19.969574,17.404305,21.884455,21.090427,24.193272,28.095285,29.077044,25.431189,30.288877,26.265005,27.07755,23.351885,18.208004,15.064352,13.322499,9.24106,6.0985694,0.0,5.525984,6.1420302,8.314896,8.921389,5.7226114,5.2279916,8.421396,10.870263,11.504874,16.603935,15.950022,21.31468,23.02785,26.522558,29.440174,31.011803,29.711248,32.257854,31.934967,30.179226,26.516806,25.038277,22.206306,25.62397,26.34821,26.395884,23.689497,24.41508,19.725506,19.518927,17.185085,16.48179,16.100786,13.338063,17.360779,19.57963,17.245607,17.160717,13.280706,15.6426935,9.51206,13.329362,11.469479,8.598585,9.986546,9.703121,10.438446,9.107988,5.806682,6.8083653,7.6938505,10.72778,12.190301,17.360245,18.495337,22.220081,23.485216,26.723372,29.247114,29.962378,26.612295,23.057693,24.012405,19.000425,23.407537,19.06851,23.392845,27.43232,24.127508,20.920902,21.95723,15.672683,16.509777,13.81055,14.632197
34,37.213837,33.40193,31.918613,27.883106,25.208206,24.911695,20.278858,19.82159,14.666389,14.821757,10.308578,14.381278,18.18622,17.498144,20.76119,18.123363,23.026176,20.653883,25.74636,24.634748,28.093746,31.774094,32.878635,28.84269,33.0144,28.905693,28.683199,24.966026,20.200817,17.264784,15.187123,12.19443,5.437884,5.525984,0.0,3.6098063,5.172765,4.736181,5.222284,7.6172533,6.201617,11.587749,11.365912,17.197927,16.127932,21.868172,24.13023,27.468382,30.696014,31.946787,30.416145,33.249332,32.609375,30.765598,26.504215,24.32503,21.504045,24.714863,24.371935,24.839586,22.832191,22.930395,18.048674,18.41729,14.660614,15.842321,15.06411,13.960757,16.972507,20.13286,18.906073,19.752733,16.5271,19.274544,14.06557,18.366678,16.521057,13.839412,14.920598,13.676046,14.493449,14.043107,9.423417,11.147932,12.579011,14.670483,16.42189,21.06296,21.61312,25.236881,25.664852,29.30849,30.862293,31.442244,28.436146,24.677364,26.386784,21.82273,26.719387,23.181475,27.729702,32.035732,29.016386,25.760254,27.29579,21.034714,21.912678,19.299381,19.755049
35,38.7769,35.100895,33.419407,29.25373,26.8729,26.023201,21.972418,20.866764,15.743247,16.147545,10.809164,14.111802,18.071383,17.156641,21.073393,18.586512,23.753752,21.885458,26.761395,26.306646,29.718464,33.33173,34.721226,30.999205,35.475006,31.487648,31.586624,27.942863,22.707159,19.964108,17.559204,14.595836,7.8181486,6.1420302,3.6098063,0.0,4.586471,6.664377,7.1113305,9.721988,9.768301,14.827947,14.621779,20.484734,19.163877,25.01549,26.974148,30.408016,33.56525,34.703754,33.039783,35.612564,34.782085,32.600956,28.551462,26.347982,24.03128,27.417582,27.063908,27.920227,25.8627,26.352446,21.468145,21.980646,18.216919,19.373846,18.453642,17.004723,19.877253,23.186726,21.820162,22.053028,18.682203,20.516544,15.03148,18.856684,16.179602,13.195223,13.5228195,11.539956,12.420515,12.94055,8.527868,11.357084,13.566354,15.741243,18.144339,22.99719,24.053085,27.780764,28.583681,32.109005,33.989994,34.64685,31.493938,27.779655,29.205141,24.472591,29.152187,25.107973,29.49825,33.571785,30.224167,27.032103,27.785885,21.563084,21.923183,18.836117,18.93086
36,42.039497,38.185764,36.871574,32.67662,30.154833,29.835459,25.34199,24.782782,19.619425,19.731382,14.753983,18.548887,22.462263,21.638845,25.344633,22.621298,27.578749,25.240345,30.036673,29.024746,32.223343,36.131165,36.93018,32.93798,37.37419,33.121727,33.14511,29.249094,24.927727,21.56959,20.022503,16.131687,10.5652685,8.314896,5.172765,4.586471,0.0,3.9244146,5.6516366,9.6001425,9.533429,15.064734,15.873293,21.269701,20.901873,26.37741,28.892084,32.16881,35.38213,36.83542,35.429214,38.34513,37.767952,35.932907,31.652336,29.38493,26.543198,29.63964,28.994276,29.3671,27.582396,27.004272,22.181635,22.098202,17.919737,18.775732,16.909771,15.806212,17.482315,21.532124,21.013138,20.954798,18.350107,19.429562,15.161744,19.30308,16.760138,14.575867,15.47051,13.437004,15.477836,15.971094,12.403377,14.774899,15.9427595,18.845442,19.951603,25.093575,25.448044,28.930023,29.391626,32.671223,34.617126,34.623898,31.18088,27.432497,28.908674,24.766272,29.53602,25.913557,30.647713,34.600468,31.821157,28.603308,29.680481,23.252254,24.342293,21.03512,21.961193
