,0,1,2,3,4,5,6,7,8,9,10,11,12,13,14,15,16,17,18,19,20,21,22,23,24,25,26,27,28,29,30,31,32,33,34,35,36,37,38,39,40,41,42,43,44,45,46,47,48,49,50,51,52,53,54,55,56,57,58,59,60,61,62,63,64,65,66,67,68,69,70,71,72,73,74,75,76,77,78,79,80,81,82,83,84,85,86,87,88,89,90,91,92,93,94,95,96,97,98,99,100,101
0,0.0,4.0804005,6.6164894,9.805535,12.070183,14.654534,17.294096,21.201675,24.077576,26.406794,30.220064,31.740892,34.6097,32.742523,32.260082,29.144907,27.89912,25.942545,25.785833,24.28726,23.574755,26.219618,25.07673,27.91467,28.636461,28.971516,29.992067,32.18193,31.953377,36.209904,33.337986,40.240997,38.273838,41.562927,37.576977,33.41418,34.66001,37.628315,33.16964,30.170996,33.556526,33.695023,29.222107,28.348484,32.74273,30.426376,24.19776,27.668299,30.75982,33.77526,34.810436,29.601482,35.955425,38.002937,35.931496,35.14295,32.997635,35.27205,39.4228,38.764088,36.11999,41.38135,44.196514,46.31168,42.529434,40.122627,43.958035,42.855377,37.747868,40.18732,41.778454,39.200886,35.41397,37.662025,35.579514,37.30262,33.537376,31.992653,30.052105,28.878881,25.106487,23.697721,20.658922,22.620226,25.681633,24.653795,27.939802,30.446335,32.170364,35.59381,34.959835,36.73857,35.748985,31.1359,28.519684,26.108171,24.658178,24.201443,20.77553,22.311045,17.956078,21.215519
1,4.0804005,0.0,5.220588,6.2200317,8.81844,12.108023,14.052793,18.568428,20.945896,23.601088,27.25463,28.901524,31.518856,29.68705,28.818735,25.538664,24.28551,22.063261,22.214754,20.368347,19.967081,22.721828,21.804075,24.29849,24.790743,25.186703,25.995579,28.297113,28.036327,32.364708,29.5617,36.50368,34.893475,38.0786,33.9362,29.872688,31.374626,34.187157,29.59205,26.719313,30.387606,30.235542,25.694368,25.246622,29.706135,27.142681,21.159685,25.010708,28.118988,31.111864,31.69849,26.76178,33.131725,34.946026,32.685863,31.656775,29.375656,31.511719,35.83296,35.27091,32.318436,37.575626,40.293438,42.514095,38.78121,36.253574,39.976307,38.84397,33.737984,36.1804,37.705994,35.13159,31.344711,33.6317,31.589136,33.398193,29.678997,28.191406,26.480482,25.406935,21.79382,20.849993,17.457556,19.010855,21.854364,20.853289,23.915148,26.46656,28.140501,31.604404,31.082458,32.97003,32.148457,27.49515,25.147982,22.315653,20.80721,20.178308,16.78722,18.346134,14.141809,17.66644
2,6.6164894,5.220588,0.0,5.4159145,6.5000057,8.315342,11.338764,14.654466,17.794062,19.93715,23.776022,25.321249,28.351967,26.660788,26.832958,23.571209,22.840328,21.226538,21.670885,20.929115,21.013964,24.16371,24.538235,25.71256,25.835384,25.533361,26.104717,27.75382,27.096928,31.26421,27.891296,34.672745,32.145702,35.539436,31.861635,27.530165,28.51973,31.84195,27.667606,24.396242,27.701468,28.638489,24.134417,22.83083,27.491196,26.16642,19.687826,22.76525,26.501394,28.986977,30.276093,26.095308,32.275375,33.861965,32.34087,31.863615,29.046867,31.733997,35.904835,34.392437,31.682484,37.25342,39.93261,41.74862,37.577797,35.222668,39.40896,38.241302,33.28229,36.336338,37.92617,35.167774,31.632957,34.68457,32.190083,34.703407,31.156961,29.07265,28.170351,26.19043,22.876892,21.96066,18.02728,19.631031,21.95631,22.186628,24.389078,28.0012,29.483675,33.1744,33.12087,35.39901,35.00202,30.276077,28.585798,24.875536,23.133856,21.755255,18.112526,18.333223,14.185689,16.445593
3,9.805535,6.2200317,5.4159145,0.0,3.7795513,6.778658,8.445758,13.064318,14.904982,17.980808,21.368979,23.31934,25.839584,24.311451,23.671188,19.89602,19.25504,16.846807,18.201986,16.441114,17.267176,20.481575,20.889915,21.740831,21.403145,21.400576,21.38606,23.43068,22.605999,27.05474,23.645615,30.636219,28.902315,31.930273,27.8041,23.723219,25.170664,27.99014,23.45449,20.510784,24.252056,24.335505,19.73537,19.280907,23.91122,21.811264,15.8228855,19.689049,23.170633,25.810677,26.273941,22.203678,28.42099,29.797876,27.834635,26.956854,24.134731,26.564388,30.924295,29.786377,26.729303,32.20648,34.85493,36.874084,32.91133,30.434229,34.420322,33.332455,28.258738,31.075914,32.72923,30.131092,26.395765,29.311827,26.825459,29.291645,25.76246,23.756119,22.994719,21.212637,18.082811,17.777369,13.518072,14.557709,16.734947,16.86334,19.032745,22.626335,24.216581,27.919567,28.059198,30.35561,30.167673,25.516558,24.046576,19.878078,17.956158,16.500942,12.719883,13.043247,8.931516,11.823216
4,12.070183,8.81844,6.5000057,3.7795513,0.0,5.529518,5.256765,10.152678,12.416222,14.879397,18.54663,20.117937,22.707083,20.962502,20.583094,17.191801,16.437204,14.759364,15.627686,15.041491,15.8072405,19.20502,20.69958,20.520521,20.164255,19.552477,19.858553,21.316767,20.63589,24.764637,21.613195,28.361876,26.242523,29.712288,25.945087,21.6406,23.147728,26.503939,22.216467,19.002878,23.001518,23.873722,19.212196,18.648354,23.576277,22.336462,16.49823,19.986822,23.966469,26.069298,26.575958,23.531963,29.480453,30.39398,28.749313,27.88545,24.527298,27.002213,31.526678,29.888908,26.398016,32.07732,34.4008,36.354813,32.096718,29.40662,33.440453,32.045307,27.237658,30.675936,31.925356,28.962177,25.733953,29.199736,26.82324,29.787022,26.519804,24.524355,24.531857,22.637373,20.009148,20.235624,15.62707,15.9947195,17.196823,18.098646,18.969223,22.987885,24.039103,27.814968,28.03055,30.658094,30.676203,25.960552,25.200647,20.624712,18.948137,16.763485,13.625938,13.039031,9.919176,11.911655
5,14.654534,12.108023,8.315342,6.778658,5.529518,0.0,6.0228767,7.410309,10.040011,12.790978,16.150682,18.323256,21.38569,20.387064,21.390024,17.368095,17.986433,16.36376,18.752892,18.366581,20.138174,23.625143,25.500599,24.654825,23.63262,22.763218,22.004147,23.074245,21.395525,25.583345,21.024902,27.706413,24.686792,27.745943,24.25593,19.899067,20.428286,23.8353,20.00227,16.526926,19.534136,21.226627,16.869442,14.988249,19.83419,19.731947,13.323974,15.759721,20.131361,21.899677,23.343601,20.658113,26.326868,27.292112,26.490255,26.500473,23.006744,26.224606,30.14321,27.604246,25.122747,30.893518,33.5009,34.837868,30.325369,28.262533,32.921314,31.93921,27.155415,30.683052,32.56044,29.91308,26.540396,30.419939,27.234167,30.607439,27.466974,24.591976,25.031107,21.956501,19.53344,19.313803,14.747501,15.731174,16.893959,18.952288,19.781391,24.767813,26.14146,29.986414,30.891605,33.579884,34.013866,29.510572,28.853592,23.793001,21.600252,19.363707,15.525788,13.645498,10.380393,10.222472
6,17.294096,14.052793,11.338764,8.445758,5.256765,6.0228767,0.0,6.005793,7.53735,9.913455,13.447456,15.025757,17.484764,15.88426,15.877444,12.2952795,12.186383,11.050744,12.819277,13.276066,15.034604,18.541996,21.439947,19.51383,18.477516,17.155853,16.88907,17.590343,16.489513,20.388613,16.932312,23.467178,21.025385,24.665997,21.181435,16.742487,18.308392,22.025818,18.048044,14.659135,18.918886,20.516268,15.961835,15.459223,20.524807,20.285578,15.127177,18.103394,22.431833,23.805342,24.121748,22.59233,27.965994,28.203094,26.99137,26.230392,22.253809,24.83703,29.362507,27.051096,23.221205,29.045927,31.032104,32.77932,28.22386,25.444147,29.629494,28.074326,23.580845,27.661285,28.697046,25.53995,22.809473,27.00647,24.467237,28.125158,25.302113,23.063387,24.225069,21.939503,20.174099,21.141077,16.291206,15.763105,15.568628,17.768137,16.933079,21.763098,22.335728,26.153866,26.893747,29.891953,30.457357,25.9291,26.14953,20.8115,19.150023,16.154654,13.633368,11.418243,10.01599,10.17776
7,21.201675,18.568428,14.654466,13.064318,10.152678,7.410309,6.005793,0.0,4.731842,5.4934044,9.264032,11.002164,14.33403,13.469387,15.828638,12.387675,13.860779,13.866756,16.308214,17.86883,20.070873,23.49277,27.043665,24.270395,22.824781,20.93044,20.035805,19.733849,17.831488,21.129593,16.5894,22.383177,18.31187,22.024555,19.491402,14.86466,15.148256,19.624456,16.737041,12.901257,16.02066,19.514761,15.591353,13.556287,18.479183,20.345716,15.303355,16.528719,21.387331,21.793283,23.10863,22.895683,27.534237,27.419025,27.352758,27.460144,23.131502,26.332859,30.239075,26.69044,23.653992,29.520367,31.438383,32.44511,27.448019,25.21562,29.96654,28.582857,24.561258,29.124517,30.384445,27.329538,25.0318,29.847157,26.757542,30.99006,28.530993,25.63279,27.529028,24.295256,23.017399,23.786066,19.089903,18.82147,18.102192,21.485569,19.987175,25.594496,26.083456,29.846539,31.158854,34.31155,35.27995,30.970734,31.538347,25.874674,24.01482,20.854853,18.231907,14.910847,13.968715,12.007488
8,24.077576,20.945896,17.794062,14.904982,12.416222,10.040011,7.53735,4.731842,0.0,4.8090982,6.655099,9.4976225,11.906794,11.717848,13.457584,9.030039,11.62252,11.074573,15.127059,16.099915,19.248833,22.50112,26.299217,22.847248,20.745543,18.902006,16.969877,16.584757,13.9770975,17.440266,12.142236,18.172907,14.65406,17.892773,14.911091,10.321815,11.010013,15.202032,12.112071,8.33002,12.101827,15.303735,11.505262,10.244571,15.064903,16.96053,13.14034,14.435682,18.993193,19.101273,19.604141,20.382753,24.532192,23.920004,23.805607,23.76657,19.199669,22.290556,26.161388,22.501331,19.176428,25.007256,26.79006,27.775938,22.769869,20.492636,25.290716,24.015345,20.038624,24.681992,26.038654,23.163685,20.920322,25.944729,22.685724,27.179823,25.047966,22.042492,24.611753,21.316904,20.755816,22.167166,17.631021,16.594143,14.905464,18.940973,16.515566,22.426464,22.819384,26.477331,28.245132,31.447535,32.798138,28.812042,29.843426,23.849865,21.92736,18.59595,16.385616,12.308968,12.768804,9.804424
9,26.406794,23.601088,19.93715,17.980808,14.879397,12.790978,9.913455,5.4934044,4.8090982,0.0,4.3374906,5.5331626,8.91637,8.444181,12.116149,9.439197,11.865329,13.182571,15.741259,18.38335,20.924295,24.049143,28.549313,24.505981,22.686737,20.198225,19.021227,17.62625,15.536186,17.840118,13.511815,18.16156,13.334158,17.560041,15.935756,11.401519,11.608829,16.72923,14.846597,11.258554,14.293065,18.744177,15.543269,13.969368,18.343409,21.266695,17.703234,18.269665,22.951431,22.46249,23.336264,24.838436,28.587587,27.66819,28.000898,28.072609,23.366688,26.322378,30.096212,26.034029,22.609602,28.263863,29.55807,30.325329,25.136665,22.802052,27.416283,25.757902,22.520594,27.690788,28.437975,25.209581,23.850332,29.163004,26.259474,30.954971,29.096056,26.316343,29.155207,25.994268,25.54691,26.957691,22.39221,21.347685,19.454004,23.45731,20.461218,26.171118,26.025167,29.554317,31.188156,34.56607,35.94047,31.945147,33.352135,27.441938,25.84897,22.28111,20.61131,16.692034,17.257391,14.60194
10,30.220064,27.25463,23.776022,21.368979,18.54663,16.150682,13.447456,9.264032,6.655099,4.3374906,0.0,3.8931022,6.2686825,7.5779934,11.822606,9.136659,12.73739,14.039376,17.527538,19.928057,23.04652,25.939093,30.662022,26.042875,23.73224,21.202116,19.187435,17.353357,14.601188,16.345936,11.335127,15.020018,9.533756,13.455079,12.438765,8.268345,7.776504,13.143103,12.289688,9.199915,11.496523,16.597801,14.302661,12.909448,16.470251,20.263823,17.986189,17.843945,22.159864,20.973959,21.574015,24.397766,27.280655,25.798409,26.591484,26.876482,22.060225,24.977442,28.324366,23.76084,20.561258,25.906837,26.918962,27.283136,22.001154,19.96025,24.665945,23.16801,20.468588,25.77627,26.57612,23.613546,22.668978,28.196724,25.116058,30.07552,28.680164,25.735186,29.218714,25.853476,26.07629,27.800882,23.554396,22.15611,19.586594,24.11608,20.409008,26.259142,25.97583,29.272598,31.37928,34.77625,36.53156,32.90741,34.71482,28.621986,26.991648,23.392653,22.042925,17.681313,19.084478,15.684001
11,31.740892,28.901524,25.321249,23.31934,20.117937,18.323256,15.025757,11.002164,9.4976225,5.5331626,3.8931022,0.0,4.0916276,4.8039975,10.573079,9.8207655,12.6822815,15.219842,17.367924,20.881897,23.447273,26.162243,31.353594,26.349878,24.342419,21.394901,20.149302,17.672411,15.669978,16.444319,12.988025,15.441961,9.5254965,14.412028,14.413701,10.683064,10.601795,15.939423,15.5351095,12.759928,15.078093,20.167355,17.934998,16.79828,20.279356,24.034681,21.716013,21.697426,26.050694,24.798576,25.352472,28.24155,31.126131,29.53204,30.274435,30.35408,25.498537,28.125097,31.624617,27.170235,23.57985,28.759472,29.346924,29.797556,24.57634,22.269876,26.521698,24.59442,22.445366,28.040497,28.190165,24.876917,24.616179,30.209515,27.611115,32.58543,31.327482,28.74666,32.285526,29.26038,29.447857,31.264982,26.88244,25.370867,22.72261,27.01523,22.964617,28.485312,27.750929,30.933315,32.78793,36.297867,37.995373,34.35087,36.446842,30.493353,29.183735,25.414331,24.536001,20.416084,21.88516,18.960636
12,34.6097,31.518856,28.351967,25.839584,22.707083,21.38569,17.484764,14.33403,11.906794,8.91637,6.2686825,4.0916276,0.0,3.5834775,8.651597,9.002433,12.036476,14.922686,17.131521,20.715593,23.472052,25.809494,31.313818,25.689266,23.430847,20.361904,18.848686,15.79468,13.86225,13.58595,11.06478,11.971736,6.205182,11.607615,12.251407,9.41181,10.074204,14.832037,14.961864,13.044842,15.48242,20.03079,18.319803,18.117535,21.063332,24.613258,23.3352,23.466507,27.395544,25.949692,25.743141,29.332865,31.749454,29.711948,30.324928,30.09845,25.234383,27.369757,30.824903,26.523846,22.474127,27.228926,27.259172,27.755674,22.70265,20.17103,23.916725,21.733892,20.30781,26.074572,25.713505,22.36727,22.86415,28.507982,26.274624,31.320282,30.519197,28.263268,32.253376,29.585144,30.270834,32.53916,28.33386,26.307755,23.069357,27.382654,22.551918,27.72506,26.55622,29.417847,31.42416,34.968266,36.908848,33.613857,36.229256,30.307695,29.242935,25.400784,25.236387,21.101187,23.387653,20.481756
13,32.742523,29.68705,26.660788,24.311451,20.962502,20.387064,15.88426,13.469387,11.717848,8.444181,7.5779934,4.8039975,3.5834775,0.0,6.40226,7.9522715,9.816095,13.455075,14.451155,18.75058,20.957048,23.269384,28.927547,23.338192,21.473778,18.20289,17.575283,14.4708805,13.408748,13.203776,11.9275055,13.6049795,9.160513,14.657753,14.588032,11.336562,12.7918415,17.54716,16.80897,14.568208,17.843039,21.885674,19.52847,19.557657,23.072277,25.906456,24.03335,24.79733,28.923084,27.940147,27.646101,30.476198,33.4714,31.704678,31.843784,31.255857,26.40659,28.364693,32.275158,28.464514,23.901506,28.858255,28.91889,29.873842,24.9266,21.95085,25.41883,22.907984,21.198698,26.992136,26.274996,22.544096,23.02952,28.550018,26.712164,31.583488,30.562757,28.65452,32.31631,30.04081,30.39103,32.65625,28.233513,26.191456,23.170303,27.045017,22.334099,27.205719,25.852917,28.79669,30.36751,33.95941,35.64486,32.143787,34.735306,29.003424,28.172905,24.252415,24.311453,20.558367,22.663418,20.41707
14,32.260082,28.818735,26.832958,23.671188,20.583094,21.390024,15.877444,15.828638,13.457584,12.116149,11.822606,10.573079,8.651597,6.40226,0.0,5.4871573,5.1651173,9.432095,9.613233,13.946975,16.093214,17.887197,23.78901,17.647808,15.695057,12.294796,12.072529,8.543679,8.878244,8.199846,9.883946,11.981518,11.18423,15.943877,14.526227,11.88382,15.099365,18.663485,16.8647,15.331784,19.774063,21.92145,19.287317,20.858355,24.402157,25.581059,24.312462,26.212961,29.867672,29.488756,28.044558,30.37675,33.61605,31.850245,30.990816,29.484766,24.860958,25.920673,30.375753,27.728924,22.053047,26.736078,26.45019,28.254913,23.850908,20.059763,22.555534,19.522383,17.782598,23.433672,21.909195,17.756804,18.673435,23.864664,22.938004,27.468752,26.6158,25.586548,29.187672,27.947994,28.471674,31.271063,27.00027,24.310898,20.966053,24.097698,18.827553,22.714022,20.76264,23.454151,24.690699,28.307968,29.96229,26.656902,29.726887,24.292154,23.99332,20.05235,21.28359,18.183382,21.110453,19.811916
15,29.144907,25.538664,23.571209,19.89602,17.191801,17.368095,12.2952795,12.387675,9.030039,9.439197,9.136659,9.8207655,9.002433,7.9522715,5.4871573,0.0,4.4271774,5.9538903,9.691308,11.913916,15.278152,17.70081,22.795403,17.450783,14.914747,12.2875,10.3385935,8.32433,6.3984475,8.76283,6.4319053,11.6479435,10.66182,14.607003,11.668569,8.109411,11.611877,15.015688,12.234739,10.358598,15.301009,17.002026,13.967608,15.646764,19.381275,20.226997,18.852783,20.915602,24.500881,24.373152,22.926712,24.91752,28.346582,26.816816,25.892118,24.57366,19.884232,21.399727,25.868076,23.11683,17.71691,22.92453,23.373915,25.12179,20.499037,16.917936,20.336287,17.947588,14.942068,20.416101,20.05339,16.342197,15.794734,21.176891,19.310463,24.00245,22.755283,21.08819,24.615889,22.86293,23.326008,26.02516,21.785625,19.176825,15.859445,19.419731,14.472118,19.279133,18.13493,21.296558,22.985338,26.51524,28.231134,24.732563,27.229765,21.336376,20.416582,16.51811,16.915106,13.265805,16.248316,14.482767
16,27.89912,24.28551,22.840328,19.25504,16.437204,17.986433,12.186383,13.860779,11.62252,11.865329,12.73739,12.6822815,12.036476,9.816095,5.1651173,4.4271774,0.0,4.790163,5.4119477,9.055712,11.530403,13.80934,19.310835,13.749377,11.788646,8.72673,8.674295,6.740308,7.3597364,9.297709,9.923359,14.502617,14.403513,18.542835,15.657627,12.451625,16.037325,19.278774,16.159365,14.336791,19.503582,20.607485,17.19723,19.144896,23.152273,23.114162,21.293373,24.047726,27.63279,27.979452,26.366035,27.502798,31.426104,30.167522,28.665598,26.829584,22.408363,23.431328,28.321018,26.358305,20.502874,25.54163,25.8481,28.115332,23.865175,19.924189,22.60114,19.833399,16.866371,22.018774,20.976936,16.863787,16.534681,21.391556,20.403465,24.600271,23.184254,22.282251,25.267471,24.33612,24.420572,27.15982,22.82946,20.148985,17.22144,19.776808,15.082881,18.880816,17.292814,20.399933,21.321905,24.89093,26.230406,22.514431,25.130644,19.64876,19.280436,15.334453,16.488806,13.853651,16.624283,16.140251
17,25.942545,22.063261,21.226538,16.846807,14.759364,16.36376,11.050744,13.866756,11.074573,13.182571,14.039376,15.219842,14.922686,13.455075,9.432095,5.9538903,4.790163,0.0,6.661808,6.193666,10.234597,12.781415,17.232523,12.511992,9.88979,8.147498,6.1849875,6.782496,6.2049747,10.314407,9.304873,15.390766,16.165308,19.264214,15.206648,12.145029,15.904579,18.251266,14.172592,12.636397,18.08357,17.81971,14.086804,16.754221,20.689795,19.446426,17.840265,21.24666,24.399872,25.26828,23.204,23.63644,27.80214,26.825329,24.784197,22.666685,18.479465,19.39356,24.495594,23.139914,17.247957,22.409353,23.233187,25.780607,21.794064,17.905443,20.737473,18.45894,14.475501,18.988688,18.690876,15.00941,13.32696,17.92173,16.555098,20.56249,18.779894,17.793564,20.52742,19.743053,19.793678,22.688389,18.538643,15.60716,12.681288,14.994963,10.482677,14.540779,13.54347,17.019089,18.166645,21.614687,22.967644,19.147541,21.380117,15.554956,14.814856,10.864436,11.896135,9.311011,12.612182,12.500772
18,25.785833,22.214754,21.670885,18.201986,15.627686,18.752892,12.819277,16.308214,15.127059,15.741259,17.527538,17.367924,17.131521,14.451155,9.613233,9.691308,5.4119477,6.661808,0.0,6.226975,6.650737,8.890052,14.597007,9.342184,8.6485615,5.72295,8.74947,8.414678,10.833164,12.769615,14.654126,19.22387,19.773285,23.808279,20.633186,17.547256,21.178257,24.18268,20.540743,18.722692,24.086357,24.434433,20.626373,22.794888,27.040178,25.91491,23.590395,27.106112,30.578236,31.552809,29.791977,29.768475,34.27728,33.450985,31.279463,28.940855,24.966904,25.543232,30.790398,29.753782,23.677853,28.54285,28.940037,31.71912,27.893063,23.766005,25.858135,23.004526,19.829527,24.254286,22.87109,18.713676,18.12645,22.011984,21.855772,25.24948,23.49565,23.396315,25.47542,25.467087,25.010702,27.652174,23.381447,20.790024,18.597961,19.798277,16.014894,18.453802,16.708652,19.7091,19.566362,22.979605,23.675667,19.630737,22.050396,17.299625,17.569315,13.907822,15.736933,14.619737,16.809452,17.860605
19,24.28726,20.368347,20.929115,16.441114,15.041491,18.366581,13.276066,17.86883,16.099915,18.38335,19.928057,20.881897,20.715593,18.75058,13.946975,11.913916,9.055712,6.193666,6.226975,0.0,4.8178225,7.201683,11.043637,7.0855513,5.2668867,5.3591666,6.2835226,9.048863,10.650181,14.086721,14.9250145,20.474756,22.128496,25.087757,20.843266,18.180115,21.976606,23.889174,19.460663,18.192335,23.610182,22.294024,18.413906,21.41899,25.339434,22.650282,20.820744,25.090025,27.844858,29.453623,27.045313,26.1079,30.787579,30.300432,27.356335,24.510935,21.132217,21.227047,26.651865,26.67448,20.621094,25.236235,26.085655,29.274565,26.008162,21.973366,23.853804,21.53551,17.51307,20.811752,20.066826,16.52571,14.552816,17.54272,17.432396,20.158424,17.99689,18.303331,19.769407,20.478945,19.967478,22.848211,19.046547,16.119976,14.214574,14.308171,11.196119,12.770667,11.574187,14.879802,14.662477,17.895666,18.494287,14.209668,16.272432,11.1462555,11.365476,7.792004,10.419732,10.49948,13.116261,15.117306
20,23.574755,19.967081,21.013964,17.267176,15.8072405,20.138174,15.034604,20.070873,19.248833,20.924295,23.04652,23.447273,23.472052,20.957048,16.093214,15.278152,11.530403,10.234597,6.650737,4.8178225,0.0,3.5121062,8.04305,4.886842,6.1739836,6.3567595,10.137948,12.167213,14.744073,17.338299,19.168205,24.238863,25.645235,29.09314,25.195309,22.359068,26.079292,28.400118,24.07955,22.539305,27.974459,27.005272,22.984625,25.622898,29.793701,27.12539,24.711868,29.075527,32.02366,33.790447,31.640461,30.226667,35.205322,34.92418,31.8851,28.968422,25.78268,25.781221,31.228987,31.454329,25.4158,29.913118,30.63138,33.933952,30.739637,26.624216,28.204735,25.656637,21.993336,25.155342,23.93576,20.273878,18.81157,21.2018,21.73993,23.930744,21.725792,22.519442,23.33314,24.496637,23.526035,26.062145,22.275322,19.778881,18.548962,17.930328,15.71258,16.28134,14.879445,17.66184,16.361097,19.280579,19.12892,14.687777,16.457556,12.751139,13.74308,11.000493,13.580081,14.573464,16.163765,18.855003
21,26.219618,22.721828,24.16371,20.481575,19.20502,23.625143,18.541996,23.49277,22.50112,24.049143,25.939093,26.162243,25.809494,23.269384,17.887197,17.70081,13.80934,12.781415,8.890052,7.201683,3.5121062,0.0,6.3129463,2.2680738,5.5812926,6.627301,11.069102,13.083013,16.288656,18.2378,21.119066,25.55507,27.657806,30.955376,27.139805,24.711678,28.630089,30.665834,26.45334,25.2523,30.694956,29.37649,25.59128,28.580904,32.538494,29.592388,27.664356,32.1048,34.818695,36.596874,34.088017,32.769978,37.562813,37.17429,33.886047,30.64393,27.711664,27.191048,32.63128,33.33591,27.06343,31.106367,31.496124,35.04398,32.22278,27.969835,28.890318,26.193598,22.955666,25.7454,23.965939,20.36344,19.412006,21.141855,22.497597,24.203972,22.316002,23.798016,24.529726,26.349926,25.602037,28.327806,24.861664,22.168861,20.80744,19.739738,17.375023,16.779627,14.855691,16.996723,15.034054,17.759851,17.36191,13.2668705,15.598734,12.91009,14.65156,12.425872,15.841596,17.229343,19.122393,21.901865
22,25.07673,21.804075,24.538235,20.889915,20.69958,25.500599,21.439947,27.043665,26.299217,28.549313,30.662022,31.353594,31.313818,28.927547,23.78901,22.795403,19.310835,17.232523,14.597007,11.043637,8.04305,6.3129463,0.0,6.993855,9.678188,12.229861,15.311662,18.321579,20.964148,23.511032,25.671652,30.607416,32.94453,35.825874,31.511284,29.157803,32.965443,34.545433,29.916687,28.851978,34.15794,31.958578,28.122963,31.233746,35.033154,30.997528,29.001389,33.906918,36.11512,38.511314,35.84836,33.33471,38.403076,38.551743,34.672466,31.143744,29.032661,28.182898,33.50816,35.175926,29.322735,32.99982,33.798412,37.57914,35.255405,31.242643,31.978775,29.752872,26.115551,27.757925,26.503347,23.629408,21.796257,22.145714,23.756207,24.253542,21.959959,24.025908,23.401875,26.123558,24.889349,27.279732,24.513231,22.193281,21.870255,19.319956,18.82398,16.759409,15.722974,17.412483,14.544887,16.20792,14.663023,10.420528,11.133337,10.710603,13.023662,12.52551,15.774672,18.712353,19.808586,23.561241
23,27.91467,24.29849,25.71256,21.740831,20.520521,24.654825,19.51383,24.270395,22.847248,24.505981,26.042875,26.349878,25.689266,23.338192,17.647808,17.450783,13.749377,12.511992,9.342184,7.0855513,4.886842,2.2680738,6.993855,0.0,3.837331,5.61839,9.738316,11.926268,15.253331,17.020481,20.265322,24.414982,27.0492,30.065737,26.205803,24.117231,28.169174,29.878452,25.741016,24.856272,30.265856,28.641464,25.090189,28.401197,32.118637,29.05075,27.650028,32.06356,34.569942,36.26333,33.448803,32.425865,36.956215,36.39939,33.027313,29.629177,26.774477,25.961563,31.365313,32.262886,25.851845,29.626493,29.82936,33.475986,30.864702,26.562351,27.156013,24.436655,21.380941,23.99895,21.99711,18.450903,17.711744,19.25608,20.927158,22.553633,20.925158,22.660763,23.641296,25.671183,25.260126,28.237314,24.942917,21.976313,20.27288,19.22704,16.411812,15.406319,13.125729,15.037731,13.091192,15.936935,15.799146,11.961293,14.94028,12.143663,14.067608,11.839382,15.784427,17.061993,19.466305,22.01997
24,28.636461,24.790743,25.835384,21.403145,20.164255,23.63262,18.477516,22.824781,20.745543,22.686737,23.73224,24.342419,23.430847,21.473778,15.695057,14.914747,11.788646,9.88979,8.6485615,5.2668867,6.1739836,5.5812926,9.678188,3.837331,0.0,3.6847687,6.070664,8.859185,11.84625,13.933441,16.907545,21.127243,24.145761,26.767504,22.72891,20.928242,25.065748,26.407595,22.311108,21.746773,27.080845,25.191818,21.88468,25.504269,28.943722,25.914528,25.103073,29.368317,31.692108,33.202515,30.137634,29.611382,33.808857,33.023407,29.73014,26.337666,23.361902,22.476898,27.851736,28.642645,22.136625,25.87001,26.033218,29.647596,27.046465,22.742489,23.372612,20.727013,17.547554,20.274714,18.396942,14.821521,13.947425,15.927551,17.361338,19.4001,17.954361,19.489817,21.081465,22.871635,22.915089,26.188402,22.943712,19.640223,17.354807,16.810337,13.131471,12.511147,9.980159,12.247867,11.214004,14.5205145,15.168891,11.499099,14.942198,10.941994,12.43214,9.673397,13.904195,14.558901,17.708736,19.692045
25,28.971516,25.186703,25.533361,21.400576,19.552477,22.763218,17.155853,20.93044,18.902006,20.198225,21.202116,21.394901,20.361904,18.20289,12.294796,12.2875,8.72673,8.147498,5.72295,5.3591666,6.3567595,6.627301,12.229861,5.61839,3.6847687,0.0,5.4718657,6.488254,10.077436,11.610845,15.078601,18.98262,21.497786,24.623672,21.048372,19.006279,23.125292,25.008823,21.262583,20.415678,25.788109,24.78216,21.45207,24.699907,28.332893,26.20443,25.12913,29.000843,31.747114,32.87543,30.156256,30.237215,34.35177,33.33732,30.546576,27.522663,24.038132,23.600504,28.91664,28.911032,22.350557,26.42319,26.403738,29.714842,26.652615,22.271107,23.244028,20.287054,17.425869,21.085268,19.014668,14.94984,14.770095,17.788408,18.754745,21.539684,20.249449,21.17977,23.32864,24.392673,24.490267,27.681692,24.026241,20.81561,18.203173,18.6139,14.287091,15.001468,12.430566,14.844866,14.386106,17.831772,18.716782,15.174872,18.5354,14.196741,15.217161,11.906194,15.406423,15.069069,18.23832,19.607777
26,29.992067,25.995579,26.104717,21.38606,19.858553,22.004147,16.88907,20.035805,16.969877,19.021227,19.187435,20.149302,18.848686,17.575283,12.072529,10.3385935,8.674295,6.1849875,8.74947,6.2835226,10.137948,11.069102,15.311662,9.738316,6.070664,5.4718657,0.0,4.287961,5.9517713,8.858721,10.993861,15.422339,18.66419,20.857054,16.696075,15.207451,19.437096,20.47965,16.63152,16.442692,21.62763,19.882736,16.984138,20.8238,23.903461,21.591888,21.54969,25.234394,27.527887,28.490522,25.309824,25.97917,29.57707,28.3033,25.538517,22.51448,18.960424,18.40523,23.629143,23.58403,16.93994,20.964289,21.048994,24.33238,21.329391,16.987654,18.161404,15.522163,12.107337,15.8529825,14.35161,10.461475,9.575885,13.394018,13.661046,17.052921,15.995917,16.489923,19.4383,20.134161,20.906782,24.444551,21.078764,17.471151,14.075301,15.21117,9.759875,11.329056,8.912881,11.767279,12.818445,16.408972,18.115324,14.986574,18.391611,13.081607,13.33288,9.806023,13.179165,11.947195,16.116272,16.615396
27,32.18193,28.297113,27.75382,23.43068,21.316767,23.074245,17.590343,19.733849,16.584757,17.62625,17.353357,17.672411,15.79468,14.4708805,8.543679,8.32433,6.740308,6.782496,8.414678,9.048863,12.167213,13.083013,18.321579,11.926268,8.859185,6.488254,4.287961,0.0,4.406604,5.241791,9.354494,12.50934,15.664425,18.371716,15.051798,13.667764,17.93448,19.477083,16.442146,16.16691,21.190912,20.55122,17.980381,21.388346,24.445492,23.339092,23.310486,26.361969,29.006496,29.386395,26.501844,28.133738,31.368174,29.697742,27.568062,24.949259,20.985569,20.738853,25.649958,24.757107,18.13561,22.150343,21.710098,24.597467,21.227598,16.806362,18.003094,14.847621,12.503961,17.246122,15.1399765,10.778755,11.5684,16.057686,16.22313,20.115313,19.51895,19.641924,23.126143,23.25871,24.214108,27.667934,24.054937,20.584011,16.895369,18.874613,13.046058,15.285412,12.682138,15.0548115,16.262789,19.873323,21.73285,18.872509,22.517334,17.342358,17.566021,13.924154,16.765882,14.731425,18.789398,18.526375
28,31.953377,28.036327,27.096928,22.605999,20.63589,21.395525,16.489513,17.831488,13.9770975,15.536186,14.601188,15.669978,13.86225,13.408748,8.878244,6.3984475,7.3597364,6.2049747,10.833164,10.650181,14.744073,16.288656,20.964148,15.253331,11.84625,10.077436,5.9517713,4.406604,0.0,5.009913,5.2117352,9.911338,12.833115,14.948882,11.009452,9.652532,13.968026,15.176671,12.054126,12.049491,16.930882,16.254677,13.937638,17.43296,20.199013,19.48492,19.911816,22.558874,25.087393,25.212233,22.330055,24.527906,27.427883,25.590767,23.827312,21.608139,17.344425,17.583618,22.261267,20.728184,14.315345,18.741985,18.652458,21.158686,17.358208,13.100822,15.314719,12.642045,9.5621195,14.866068,13.871601,10.01499,9.862786,15.211233,14.073561,18.640442,18.022415,17.20838,21.218634,20.503262,21.775757,25.206367,21.664925,18.221064,14.133765,17.10191,10.968222,14.651072,12.864725,15.568071,17.68368,21.185375,23.342037,20.526047,23.724941,17.995768,17.46142,13.808824,15.684326,12.664023,16.982885,15.741796
29,36.209904,32.364708,31.26421,27.05474,24.764637,25.583345,20.388613,21.129593,17.440266,17.840118,16.345936,16.444319,13.58595,13.203776,8.199846,8.76283,9.297709,10.314407,12.769615,14.086721,17.338299,18.2378,23.511032,17.020481,13.933441,11.610845,8.858721,5.241791,5.009913,0.0,7.348126,7.64858,11.918457,14.124978,11.739919,11.538456,15.613881,16.770699,15.020924,15.404321,19.64551,19.602547,18.040071,21.29526,23.646948,23.668577,24.529032,26.698048,29.20214,28.830675,25.904068,28.946287,31.273487,28.996126,27.567772,25.3812,21.224188,21.064808,25.314907,23.633795,17.279985,20.810032,19.711536,22.039606,18.530504,14.244411,15.296611,11.871243,11.03625,16.459023,14.104764,9.969809,12.230923,17.23245,17.009647,21.40594,21.523062,21.183613,25.478983,25.018932,26.586266,30.107449,26.651972,23.172892,18.971817,21.846457,15.517017,18.288422,15.753508,17.6162,19.598475,23.082283,25.422518,23.138979,26.983114,21.711025,21.65832,18.113707,20.512888,17.668205,21.936592,20.587563
30,33.337986,29.5617,27.891296,23.645615,21.613195,21.024902,16.932312,16.5894,12.142236,13.511815,11.335127,12.988025,11.06478,11.9275055,9.883946,6.4319053,9.923359,9.304873,14.654126,14.9250145,19.168205,21.119066,25.671652,20.265322,16.907545,15.078601,10.993861,9.354494,5.2117352,7.348126,0.0,7.1728244,8.731834,10.268678,6.06924,4.6603947,8.954518,10.189551,7.860663,8.148346,12.354611,12.787261,11.247472,14.135148,16.395378,17.244999,18.11506,19.65054,22.246443,21.623,19.149042,22.602516,24.817339,22.593752,21.835514,20.53438,15.877756,17.024347,20.930832,17.978727,12.439031,17.15841,17.28319,18.803377,14.214423,10.590184,14.249882,12.269995,9.492374,15.181314,15.295334,12.350159,11.991173,17.65705,15.262677,20.335833,19.866018,17.921629,22.417883,20.482214,22.056063,25.20862,21.729685,18.658789,14.429588,18.58625,12.796943,17.648603,16.620193,19.288483,21.984592,25.320658,27.676798,24.968975,27.794298,21.805542,20.665083,17.164082,17.814222,13.800253,17.78138,15.12386
31,40.240997,36.50368,34.672745,30.636219,28.361876,27.706413,23.467178,22.383177,18.172907,18.16156,15.020018,15.441961,11.971736,13.6049795,11.981518,11.6479435,14.502617,15.390766,19.22387,20.474756,24.238863,25.55507,30.607416,24.414982,21.127243,18.98262,15.422339,12.50934,9.911338,7.64858,7.1728244,0.0,7.066557,7.0178747,6.609776,8.832925,11.556764,11.723831,12.40538,13.733347,16.067678,17.062296,17.13107,19.699984,20.787106,22.611319,24.535725,25.248356,27.429695,25.97391,23.317009,28.1881,29.184608,26.21094,26.065502,24.900324,20.62952,21.073053,24.041092,20.870583,15.855934,18.789162,17.367676,18.249498,14.242043,11.050411,12.983946,10.470333,11.208414,16.677372,15.473888,12.921987,15.0874815,20.299204,18.807058,23.675241,24.283094,22.867867,27.866304,26.240776,28.407137,31.730621,28.586071,25.403318,20.953054,24.950197,18.75765,22.537264,20.756027,22.451784,25.314474,28.553152,31.288147,29.33178,32.902035,27.29412,26.598637,23.2278,24.590906,20.808016,24.935446,22.164318
32,38.273838,34.893475,32.145702,28.902315,26.242523,24.686792,21.025385,18.31187,14.65406,13.334158,9.533756,9.5254965,6.205182,9.160513,11.18423,10.66182,14.403513,16.165308,19.773285,22.128496,25.645235,27.657806,32.94453,27.0492,24.145761,21.497786,18.66419,15.664425,12.833115,11.918457,8.731834,7.066557,0.0,5.5472445,7.3586507,6.9401155,7.6373644,10.604302,12.104627,11.835414,13.371507,17.142063,16.760134,17.4558,19.091106,22.7224,23.227175,23.024208,26.084892,24.173302,23.090355,27.936314,29.273588,26.598114,27.41555,27.210138,22.520508,24.259842,27.099268,22.653023,18.80022,22.76087,22.301344,22.3985,17.517998,15.317557,18.856413,16.998442,16.479681,22.065895,21.821348,19.130104,20.107328,25.68589,23.329334,28.45764,28.320286,26.0321,30.663832,28.00899,29.526918,32.19242,28.557127,26.105759,22.227762,26.817253,21.402029,26.369427,25.157827,27.564775,30.201162,33.596443,36.00597,33.32986,36.29716,30.32678,29.204193,25.575537,25.77967,21.449898,24.583511,21.196415
33,41.562927,38.0786,35.539436,31.930273,29.712288,27.745943,24.665997,22.024555,17.892773,17.560041,13.455079,14.412028,11.607615,14.657753,15.943877,14.607003,18.542835,19.264214,23.808279,25.087757,29.09314,30.955376,35.825874,30.065737,26.767504,24.623672,20.857054,18.371716,14.948882,14.124978,10.268678,7.0178747,5.5472445,0.0,5.4596157,8.258645,7.955407,7.780164,11.144799,12.4770355,12.38402,15.288443,16.44524,17.523243,17.647226,21.510862,23.544008,22.773201,24.912804,22.502085,20.870123,26.84563,26.99803,23.786163,25.062414,25.17236,20.864536,22.396248,24.282532,19.5134,16.580656,19.514412,18.769012,18.077295,13.409028,12.24811,15.75086,14.779436,15.095967,19.960268,20.289291,18.650291,19.660093,24.880016,22.186565,27.215832,27.615162,25.115143,30.1307,27.294083,29.466372,32.245773,29.24526,26.70209,22.59105,27.341892,21.939007,26.706676,25.751074,27.754078,30.939524,34.074886,36.820694,34.664402,37.67026,31.738762,30.441599,27.172567,27.354343,22.96984,26.416462,22.620024
34,37.576977,33.9362,31.861635,27.8041,25.945087,24.25593,21.181435,19.491402,14.911091,15.935756,12.438765,14.413701,12.251407,14.588032,14.526227,11.668569,15.657627,15.206648,20.633186,20.843266,25.195309,27.139805,31.511284,26.205803,22.72891,21.048372,16.696075,15.051798,11.009452,11.739919,6.06924,6.609776,7.3586507,5.4596157,0.0,4.656115,6.3328986,5.2522264,6.366524,8.351433,9.681494,10.908898,11.60361,13.752682,14.275913,16.850424,19.083557,19.12542,21.123224,19.420317,17.04751,22.357689,23.092583,20.153734,20.622364,20.283285,15.807006,17.333162,19.819412,15.532592,11.65614,15.470946,15.394215,15.526481,10.458793,8.326239,12.829502,11.983956,10.638973,15.647555,16.612347,14.960607,14.91022,20.227383,17.152496,22.264162,22.36453,19.760315,24.712448,21.98283,24.164658,27.110924,24.182402,21.436947,17.214859,21.916388,16.568853,21.49574,20.874315,23.107304,26.369108,29.44576,32.120655,29.86477,32.60917,26.635706,25.188803,22.060928,22.165888,17.851973,21.541847,17.905287
35,33.41418,29.872688,27.530165,23.723219,21.6406,19.899067,16.742487,14.86466,10.321815,11.401519,8.268345,10.683064,9.41181,11.336562,11.88382,8.109411,12.451625,12.145029,17.547256,18.180115,22.359068,24.711678,29.157803,24.117231,20.928242,19.006279,15.207451,13.667764,9.652532,11.538456,4.6603947,8.832925,6.9401155,8.258645,4.656115,0.0,4.3221674,6.9689155,5.7321754,5.2387805,8.423843,11.001164,9.905134,11.296561,13.396269,16.051285,16.58076,16.974712,19.912008,18.655737,17.14572,21.273134,23.169258,20.894928,21.170746,20.877735,16.058397,18.235788,21.43457,17.210052,13.170313,18.10798,18.740932,19.28859,14.120622,11.72151,16.43289,15.218368,12.633388,17.90371,18.904123,16.532251,15.722132,21.279568,18.09092,23.230856,22.560232,19.76825,24.169365,21.206636,22.631632,25.270168,21.748127,19.302052,15.48385,20.283613,15.367003,20.930527,20.511734,23.337776,26.159485,29.406458,31.70967,28.835873,31.197802,25.052536,23.47326,20.080269,19.64617,15.124119,18.301453,14.666325
36,34.66001,31.374626,28.51973,25.170664,23.147728,20.428286,18.308392,15.148256,11.010013,11.608829,7.776504,10.601795,10.074204,12.7918415,15.099365,11.611877,16.037325,15.904579,21.178257,21.976606,26.079292,28.630089,32.965443,28.169174,25.065748,23.125292,19.437096,17.93448,13.968026,15.613881,8.954518,11.556764,7.6373644,7.955407,6.3328986,4.3221674,0.0,5.437905,6.5488377,5.7587786,5.808415,10.81998,10.633069,10.254413,11.639207,16.144377,16.56912,15.620886,18.65412,16.631052,16.175873,21.00921,22.331589,19.982254,21.320086,21.957693,17.276707,20.106667,22.496899,17.293144,14.889505,19.558144,20.488962,20.154758,14.822106,13.676729,18.796701,18.18118,15.936639,20.73756,22.297518,20.378447,19.406864,24.797817,21.14643,26.228043,25.521456,22.191757,26.480593,22.793913,24.155924,26.313843,22.951567,21.08965,17.720787,22.802164,18.600056,24.428055,24.38671,27.225307,30.178247,33.33409,35.642822,32.74024,34.805416,28.614704,26.75802,23.530851,22.410906,17.725393,20.197363,15.942298
37,37.628315,34.187157,31.84195,27.99014,26.503939,23.8353,22.025818,19.624456,15.202032,16.72923,13.143103,15.939423,14.832037,17.54716,18.663485,15.015688,19.278774,18.251266,24.18268,23.889174,28.400118,30.665834,34.545433,29.878452,26.407595,25.008823,20.47965,19.477083,15.176671,16.770699,10.189551,11.723831,10.604302,7.780164,5.2522264,6.9689155,5.437905,0.0,5.1681786,7.5128055,5.702376,7.875417,9.97042,10.8939,10.045484,14.15089,16.818748,15.643639,17.253891,14.891749,13.13665,19.302912,19.305115,16.270615,17.84604,18.652205,14.389238,16.899702,18.360188,12.835495,11.326116,15.072677,16.008644,15.081938,9.801846,9.797951,15.111599,15.481041,13.62283,17.480955,19.76229,18.891117,17.782406,22.67634,18.701092,23.605425,23.450031,19.98214,24.684189,20.982855,23.169094,25.593473,23.055393,20.931744,17.244812,22.292933,18.074108,23.457588,23.658028,26.036674,29.488464,32.341896,34.96225,32.64092,34.778538,28.740341,26.795948,24.020552,23.121164,18.625854,21.610346,17.279556
38,33.16964,29.59205,27.667606,23.45449,22.216467,20.00227,18.048044,16.737041,12.112071,14.846597,12.289688,15.5351095,14.961864,16.80897,16.8647,12.234739,16.159365,14.172592,20.540743,19.460663,24.07955,26.45334,29.916687,25.741016,22.311108,21.262583,16.63152,16.442146,12.054126,15.020924,7.860663,12.40538,12.104627,11.144799,6.366524,5.7321754,6.5488377,5.1681786,0.0,3.8712382,5.7117705,5.2990637,5.3481493,7.9175487,8.732061,10.719104,12.835476,13.08375,15.040736,13.946368,11.587167,16.13543,17.563204,15.240283,15.490577,15.565722,10.825556,13.580056,16.254358,11.721485,8.621078,13.845409,15.521789,15.8326645,10.753189,9.363267,14.857722,14.918897,11.387372,15.310051,17.86317,16.642172,14.427677,19.365278,15.17731,20.107077,19.342525,15.792535,20.227169,16.640186,18.526035,21.129175,18.314857,15.961512,12.1946,17.276798,13.231022,18.958788,19.48627,22.241796,25.49067,28.346931,30.735752,28.12569,29.953821,23.867022,21.798622,19.053982,17.958239,13.477124,16.605186,12.493056
39,30.170996,26.719313,24.396242,20.510784,19.002878,16.526926,14.659135,12.901257,8.33002,11.258554,9.199915,12.759928,13.044842,14.568208,15.331784,10.358598,14.336791,12.636397,18.722692,18.192335,22.539305,25.2523,28.851978,24.856272,21.746773,20.415678,16.442692,16.16691,12.049491,15.404321,8.148346,13.733347,11.835414,12.4770355,8.351433,5.2387805,5.7587786,7.5128055,3.8712382,0.0,5.4541655,7.6441026,5.4095078,6.1614633,9.074468,11.572812,11.435634,11.832245,14.977994,14.189894,13.138164,16.432655,18.91835,17.252964,17.5345,17.743053,12.938873,16.088583,19.194647,14.818175,11.856502,17.415045,19.21916,19.696802,14.619066,12.971657,18.288277,17.856287,14.068248,18.345976,20.544786,18.69023,16.357986,21.45643,17.446053,22.307491,20.982384,17.43066,21.257408,17.506752,18.546041,20.737225,17.26634,15.344958,12.152932,17.251406,13.715504,19.851427,20.4201,23.585058,26.40656,29.417238,31.490095,28.374853,29.91737,23.72559,21.589437,18.587322,16.946964,12.247675,14.665698,10.368449
