,0,1,2,3,4,5,6,7,8,9,10,11,12,13,14,15,16,17,18,19,20,21,22,23,24,25,26,27,28,29,30,31,32,33,34,35,36,37,38,39,40,41,42,43,44,45,46,47,48,49,50,51,52,53,54,55,56,57,58,59,60,61,62,63,64,65,66,67,68,69,70,71,72,73,74,75,76,77,78,79,80,81,82,83,84,85,86,87,88,89,90,91,92,93,94,95,96,97,98,99,100,101,102,103,104,105,106,107,108,109,110
0,0.0,4.3134036,6.6496325,9.609612,12.558271,14.668166,17.632418,22.714373,24.726868,28.08493,31.682165,33.777786,33.496426,31.159294,26.240782,26.878208,23.490583,24.570038,19.928953,22.630808,21.123262,21.881025,21.937943,24.380589,26.256382,25.017155,25.940348,23.887142,27.003107,22.924883,29.578045,23.782421,29.380676,26.636494,28.17962,30.143808,27.127794,26.903465,23.90157,22.5632,26.802134,24.904865,29.20076,29.48445,25.959991,30.022448,26.738789,29.938864,29.091768,30.649834,31.837532,32.63291,37.2173,36.983467,40.6795,38.683914,37.182663,39.74415,42.248745,44.22852,41.17664,37.183662,42.12313,41.695305,45.987347,42.675213,39.409435,45.02766,43.125374,40.405514,43.320137,42.596687,39.655685,35.80969,40.19241,36.4909,38.432697,39.087463,37.05218,39.94883,37.05582,38.777668,40.305016,35.28855,33.66433,35.1759,34.667084,28.942898,30.056232,32.455677,30.223152,27.087107,30.86811,30.503601,25.373829,22.802628,19.936932,15.907607,15.986601,19.021252,16.378277,21.501192,21.335274,24.100828,26.686472,26.721914,32.05871,28.77745,32.76756,33.14532,37.42576
1,4.3134036,0.0,4.70055,6.1147714,8.535979,11.8068285,13.723584,19.254364,21.164122,24.298935,28.188438,29.998001,29.989742,27.265318,22.251656,22.661531,19.239334,20.300991,15.899725,18.676626,17.635128,18.500877,19.08099,21.189606,22.722994,21.518007,21.991243,19.868801,22.834421,18.865612,25.593866,19.89927,25.830606,23.29413,25.167393,27.42934,24.792608,24.390291,20.993324,19.247227,23.522585,21.301142,25.507845,25.597225,22.224928,26.038118,23.087845,26.16282,25.719038,27.085846,28.292454,28.776424,33.45785,33.05807,36.784218,34.819107,33.09301,35.57977,38.09682,39.986774,36.99606,32.903652,37.81249,37.39055,41.679623,38.41614,35.138824,40.774693,38.96806,36.273415,39.33691,38.68759,35.851143,31.850441,36.13689,32.286987,34.341267,34.886013,32.913322,35.882732,32.840073,34.738785,36.204655,31.199444,29.445122,30.991987,30.685396,24.802391,26.006647,28.595562,26.490152,23.41071,27.37773,27.582237,22.560207,19.743965,17.31674,13.430853,12.564073,16.002522,13.13355,17.975906,18.282965,21.207716,23.342014,23.38876,28.426016,25.014656,29.189293,29.421469,33.86586
2,6.6496325,4.70055,0.0,5.078948,7.5212917,8.193755,12.184918,16.261505,18.640175,21.93552,25.377514,27.885881,28.02587,26.066631,21.103785,22.172974,19.33917,21.155275,17.949862,20.698595,20.625574,21.308361,22.585342,24.49853,25.53114,24.460207,24.061892,21.637302,23.752073,19.81396,25.357635,19.54558,24.775196,21.371712,23.533863,24.989166,22.512342,22.835262,19.277822,17.981565,23.032993,21.629307,25.495756,26.175198,23.757076,27.325365,25.35362,28.490875,28.665012,29.830988,30.998932,30.9075,35.681637,34.77137,38.69875,36.901016,34.558834,36.767788,39.1873,40.74428,38.002636,33.438343,37.87072,36.96424,41.375935,38.614914,34.65105,39.992855,38.229187,35.292492,37.99862,36.89508,34.103302,30.36628,34.619793,31.253706,32.677372,33.68597,31.579727,34.56331,32.17667,33.91127,36.069973,30.987164,29.424839,31.50921,31.222136,25.286182,27.315039,29.88915,27.568209,24.927652,29.138454,29.805918,24.269463,21.149916,19.08096,15.233158,13.781127,15.94683,11.49975,16.701967,15.715444,18.218235,20.768396,21.314716,26.629177,24.22588,28.321468,29.20183,33.617104
3,9.609612,6.1147714,5.078948,0.0,3.8104494,6.755309,8.19043,14.093876,15.331452,18.89426,22.445372,24.234251,23.968622,21.63947,16.75973,17.90159,14.985988,17.4225,14.301016,17.683308,17.926931,19.294216,20.75877,21.78906,22.56788,21.082466,20.241177,17.395153,19.26283,15.078208,20.549532,14.6692,20.098072,17.231018,19.256706,21.41447,19.034914,18.775183,15.090599,13.387614,18.152527,16.558271,20.487476,21.20424,18.908964,22.625736,20.920132,24.493149,24.804401,26.286829,27.868565,27.499632,32.44644,31.693502,35.289753,33.187256,30.881092,32.81868,35.6771,36.87341,33.74455,29.459332,34.00202,33.22878,37.471592,34.278652,30.561705,36.03561,33.894165,31.072527,33.79125,33.029224,30.047997,26.260319,30.754827,27.37177,29.382744,30.429487,28.733023,32.13957,29.259352,31.723082,33.601425,28.621494,26.50011,28.509092,28.969412,22.616434,24.400927,27.589802,25.81499,23.14081,27.482197,28.924421,24.095856,20.867752,19.428535,16.042887,13.448768,16.498653,11.946958,16.234526,16.039373,18.583302,20.177048,20.987413,25.532017,22.975418,27.450626,27.902098,32.626347
4,12.558271,8.535979,7.5212917,3.8104494,0.0,6.21595,5.269358,11.414006,12.919258,15.864856,19.947319,21.528362,21.99594,19.121014,13.988078,14.689227,11.841167,14.143811,11.97457,15.007399,16.109642,17.24908,19.37398,20.165586,20.41454,19.256424,17.751486,15.026706,16.478525,12.751128,18.116816,12.540117,18.423185,15.726369,18.449327,20.750238,19.116018,18.827295,14.63184,12.362464,17.20928,15.191567,18.758976,19.118572,17.240194,20.275215,19.218208,22.246962,23.192625,24.158014,25.530148,24.755905,29.675064,28.57947,32.325638,30.447632,27.76373,29.666227,32.31904,33.518776,30.69468,26.106369,30.515135,29.672976,34.00053,31.10419,27.221832,32.67307,30.874254,28.029484,31.009043,30.209106,27.504147,23.45191,27.667141,24.018066,25.951435,26.800821,25.022247,28.376781,25.475698,27.920202,29.83332,24.854193,22.763927,24.896996,25.383276,19.015207,21.123684,24.304634,22.548962,20.122517,24.560915,26.499884,21.763578,18.411432,17.563438,14.676611,11.276909,14.083302,9.48316,13.016494,13.345732,15.9764595,17.027561,17.771788,21.987463,19.372421,23.923056,24.328289,29.109632
5,14.668166,11.8068285,8.193755,6.755309,6.21595,0.0,6.804154,8.681852,10.88419,14.470605,17.343727,20.28218,20.641579,19.491522,14.879218,16.962185,15.391502,18.654371,17.785908,20.605537,22.19862,23.110674,25.456015,26.288986,26.304792,25.223236,23.183414,20.260807,20.64067,17.111649,20.16986,14.732726,18.684288,14.421933,17.306276,18.02511,16.482517,17.500298,13.411376,12.405907,18.205202,17.887625,20.799314,22.236643,21.6557,24.48566,24.435015,27.631645,28.92789,29.867949,31.220953,30.006556,34.882904,33.33527,37.173935,35.460712,32.240288,33.723145,36.263523,36.963238,34.416565,29.449467,33.074276,31.546265,35.917385,33.693054,28.940454,33.811203,31.928316,28.767292,30.968382,29.454195,26.713833,23.327085,27.552277,24.948654,25.834623,27.559011,25.67741,29.039143,27.249481,29.41832,32.303463,27.369501,25.620695,28.396778,28.880796,22.753593,25.724215,28.720549,26.729235,24.85343,29.341854,31.457993,26.186554,22.715925,21.946224,18.949232,15.803474,16.929142,10.807388,14.51163,12.470426,14.056067,15.820028,17.538988,22.074236,21.23472,25.445845,26.797377,31.360352
6,17.632418,13.723584,12.184918,8.19043,5.269358,6.804154,0.0,7.7877,7.9652567,11.041169,15.036638,16.293568,16.860886,14.046124,8.9573765,10.427961,8.639254,12.466475,12.488172,15.458637,17.729763,19.103882,21.776783,21.63074,21.122488,19.905943,17.152302,14.059781,13.898413,10.611212,13.810922,8.522619,13.79795,10.985811,14.308423,16.610195,15.84342,15.61396,11.0628395,8.521847,13.585866,12.166135,14.901929,15.750094,15.4316225,17.790014,18.350231,21.415012,23.169353,24.02773,25.60012,23.998823,28.923788,27.478697,30.992134,29.10059,25.869583,27.156054,30.025942,30.521193,27.70146,22.95152,26.853426,25.662174,29.907667,27.184483,22.859758,28.10869,26.087427,23.127012,25.875515,24.993732,22.252434,18.275265,22.60428,19.342121,21.274591,22.564745,21.141357,24.926983,22.167728,25.214647,27.431234,22.665102,20.227137,22.763813,24.06052,17.57914,20.17427,23.762024,22.477884,20.646616,25.105745,28.073616,23.865252,20.477865,20.540615,18.372194,14.293728,16.373846,11.526925,13.295019,13.438535,15.358385,15.33639,16.79019,19.934084,18.279163,22.88619,23.381317,28.244858
7,22.714373,19.254364,16.261505,14.093876,11.414006,8.681852,7.7877,0.0,5.1609,6.4162436,9.789687,13.119953,15.537322,14.445841,10.552442,12.642077,13.118891,16.550215,18.753092,20.535751,23.749212,24.308899,27.6258,27.69857,26.585073,26.05585,22.562363,19.993818,18.493958,16.671167,16.798283,13.359107,15.8899555,11.726248,16.016546,16.139565,16.88552,18.180784,13.821844,12.5622835,17.733776,17.725576,18.907482,20.238993,21.599756,22.638237,24.668867,26.830198,29.440136,29.496574,30.52128,28.199505,32.71093,30.30529,34.13209,32.95357,28.76151,29.594692,31.669521,31.744635,30.048756,24.508894,26.940077,24.727911,29.114498,28.072668,22.44875,26.600613,25.393066,22.045773,24.164286,22.089626,20.090208,16.705097,20.081306,17.90668,17.710188,19.81889,17.916498,21.33532,20.422482,22.626253,26.238161,21.708632,20.180662,23.611,24.539839,19.022238,22.985918,25.818134,24.152641,23.41706,27.72352,31.086317,26.402184,22.990902,23.627676,21.901981,17.914484,17.639893,12.1813965,12.470424,10.411175,10.564458,10.150726,12.8964405,15.671187,16.663181,20.5212,22.277632,26.636402
8,24.726868,21.164122,18.640175,15.331452,12.919258,10.88419,7.9652567,5.1609,0.0,4.9725075,7.2120676,9.408616,10.604586,9.937665,6.8513536,10.357017,11.680819,16.2733,18.742435,21.075489,24.28853,25.518648,28.647608,27.939064,26.716017,25.680515,21.850195,18.847198,16.566723,14.743,12.90538,10.007706,10.948553,6.765805,11.215959,11.724193,13.031503,13.965274,9.826818,8.763932,13.313453,14.164205,14.660637,16.702833,19.019163,20.072838,22.8013,25.549934,28.177261,28.742184,30.294733,27.744852,32.33423,30.248455,33.481335,31.865614,27.829933,28.111246,30.868156,30.232504,27.908365,22.917547,25.2578,23.094027,27.104563,25.419294,19.967873,24.136202,21.969774,18.65696,20.329967,18.60131,15.943826,12.796963,17.015234,15.48379,16.182337,18.835142,17.881813,21.995205,20.536737,23.852041,27.039497,22.873484,20.576378,23.829979,25.80884,20.035898,23.46897,26.958738,26.00078,25.184973,29.427727,33.266663,29.299963,25.95601,26.743246,25.079891,20.831953,21.50079,16.362617,16.509403,15.347028,15.598981,14.512686,17.19771,18.802063,19.637886,23.639425,24.818651,29.317835
9,28.08493,24.298935,21.93552,18.89426,15.864856,14.470605,11.041169,6.4162436,4.9725075,0.0,5.4635005,7.2063437,11.252019,9.809123,7.671888,9.66359,12.098234,15.711551,19.671513,21.038357,24.93431,25.695322,29.257088,28.428394,26.660477,26.179083,21.847029,19.47257,16.507061,16.064238,13.343616,12.277596,13.052773,10.321097,14.772976,15.154434,17.348404,18.160128,14.290116,12.909271,16.414885,16.650377,16.28322,17.537659,20.43225,20.19756,23.751333,25.439402,28.736944,28.537367,29.639404,26.60363,30.785837,28.14516,31.47235,30.382751,25.810179,25.871668,28.027685,27.27254,25.78999,20.347404,21.87704,19.29831,23.437124,22.786144,16.782423,20.482817,19.280067,15.881536,17.930405,15.817135,14.173075,10.6800995,13.677858,11.968237,11.659401,14.313274,13.169984,17.200794,16.32157,19.453077,23.012873,19.173126,17.231352,20.79751,22.77093,17.751808,21.687696,24.751505,23.900255,23.793085,27.73995,32.030533,28.405903,25.248735,26.68451,25.71204,21.376936,21.24526,16.965761,15.503732,14.792499,14.513632,12.1680155,14.851793,15.043242,16.762789,20.295122,21.607544,25.80813
10,31.682165,28.188438,25.377514,22.445372,19.947319,17.343727,15.036638,9.789687,7.2120676,5.4635005,0.0,5.3783007,8.893245,10.674247,10.827564,13.809948,16.672812,20.746346,24.597563,26.254313,30.047428,31.016079,34.476414,33.470745,31.72025,31.004627,26.59601,23.9992,20.649788,20.12913,15.63797,15.281118,13.391381,10.270025,14.019864,12.748969,15.967686,17.516628,14.617079,14.457715,17.398136,19.09983,17.967745,20.163553,23.897915,23.71768,27.741575,29.822865,33.0848,33.187244,34.514328,31.328337,35.405704,32.780945,35.756992,34.580467,29.990805,29.502413,31.804876,30.326796,28.831036,23.828402,24.455347,21.459024,25.013447,24.76996,18.600336,21.137915,19.417141,16.027163,16.473314,13.590925,11.825441,10.214281,12.985347,13.683585,12.382725,16.23479,15.817371,19.701185,19.803652,22.927036,26.799265,23.51803,21.677347,25.254442,27.54083,22.895845,26.75079,29.84353,29.152395,29.191856,33.057762,37.452053,33.82043,30.650682,32.007175,30.853462,26.58039,26.318844,21.60001,20.48049,18.910145,17.95227,15.902753,19.016935,18.806751,21.63784,24.705227,26.325788,30.191439
11,33.777786,29.998001,27.885881,24.234251,21.528362,20.28218,16.293568,13.119953,9.408616,7.2063437,5.3783007,0.0,6.1694775,6.767751,9.155569,11.566803,15.202265,19.182568,23.619009,25.143261,29.065323,30.326405,33.716373,32.032703,29.996035,29.16708,24.461624,22.019669,17.956116,18.301006,12.08973,13.707955,10.804635,10.095478,13.279189,13.404628,16.95027,17.406162,14.957484,14.326154,15.501631,16.973703,14.762637,16.69852,21.277454,20.314678,25.134958,26.995483,30.485569,30.60305,32.11888,28.660152,32.505737,30.071873,32.460503,31.124563,26.642923,25.62101,28.286299,26.21925,24.453598,20.003803,20.335636,17.49744,20.636322,19.94797,14.03103,16.581564,14.202729,10.849304,11.425564,9.214042,7.0543933,4.859549,8.298377,9.460427,9.566931,13.412626,14.136471,18.493835,17.703976,21.836231,24.924934,22.176947,19.730707,22.930777,26.09504,21.641224,24.899572,28.31302,28.336533,28.478504,32.055,36.901604,34.161102,31.197369,32.893627,32.120316,27.666054,28.002768,23.995792,22.35325,21.968004,21.486683,18.802086,21.417084,20.205904,22.283955,25.400354,26.237593,30.132717
12,33.496426,29.989742,28.02587,23.968622,21.99594,20.641579,16.860886,15.537322,10.604586,11.252019,8.893245,6.1694775,0.0,6.3175244,9.869808,13.453654,16.451242,21.29404,24.573326,26.985546,30.266579,32.168854,35.060425,33.09872,31.479599,29.963907,25.635767,22.613094,18.811432,18.230137,11.311737,12.653077,6.958232,7.0623527,8.335808,8.625943,12.408965,12.461873,11.358544,11.729795,11.568091,14.660601,12.138601,15.4396925,20.22193,20.274662,24.75175,27.762192,30.601034,31.65893,33.811478,30.703522,34.825706,33.083218,35.002316,32.985435,29.184158,28.033699,31.552288,29.216734,26.338175,22.885323,23.861671,21.612825,24.193523,22.096891,17.308462,20.07368,16.059273,13.262986,12.645355,11.618311,7.5890784,7.354946,12.107415,13.707593,15.253192,18.826124,19.90358,24.406902,22.922754,27.482492,30.060936,27.184467,24.220861,27.017061,30.544254,25.452278,28.037436,32.007607,32.22397,31.781832,35.525505,40.173557,37.46505,34.395687,35.647118,34.387325,29.963583,31.15273,26.631798,26.042704,25.508013,25.392025,23.392101,26.085516,25.719624,27.10082,30.669197,31.247065,35.446102
13,31.159294,27.265318,26.066631,21.63947,19.121014,19.491522,14.046124,14.445841,9.937665,9.809123,10.674247,6.767751,6.3175244,0.0,5.2810745,7.650985,10.946195,15.425899,19.16209,21.242458,24.681675,26.579407,29.508678,27.287247,25.455448,24.077623,19.561272,16.786385,12.664868,12.821201,5.5357556,8.304603,5.4588513,7.82399,10.189223,12.940443,15.394812,14.287591,11.940577,10.4387245,9.8971195,10.710216,8.060674,10.081096,14.929416,14.308867,19.082644,21.61143,24.715881,25.47803,27.552597,24.393208,28.522406,26.882421,28.80624,26.752222,22.9927,22.06889,25.73116,23.791658,20.670443,17.03318,18.903744,17.224194,20.221876,17.315662,12.816396,17.052576,13.343311,10.506365,12.33815,12.439423,9.161612,5.479295,10.755585,9.650547,13.06387,15.422693,16.46748,21.153366,18.406067,23.409721,25.229673,22.242483,18.8559,21.30544,25.064215,19.84929,21.993599,26.134584,26.65532,26.140728,29.72322,34.48964,32.337105,29.46218,30.95535,30.10268,25.630228,27.224255,23.601517,22.511225,23.19062,23.696253,21.30172,23.354332,22.760725,22.910334,26.69809,26.596804,30.963528
14,26.240782,22.251656,21.103785,16.75973,13.988078,14.879218,8.9573765,10.552442,6.8513536,7.671888,10.827564,9.155569,9.869808,5.2810745,0.0,4.471597,6.723848,11.7423,14.941852,17.241045,20.612387,22.345251,25.349705,23.684093,22.1217,20.847515,16.586672,13.5835085,10.386852,9.43135,6.261596,5.003645,7.299086,7.2242565,10.816045,13.812985,15.126469,14.198578,10.489341,7.931105,9.84503,9.156482,8.892331,10.111609,13.111657,13.446049,16.971498,19.618263,22.498758,23.161095,25.045631,22.280193,26.826147,25.152155,27.791225,25.8071,22.06198,22.077078,25.461897,24.586351,21.584787,17.169893,20.149954,18.70027,22.452387,19.582413,15.026442,20.048584,17.345772,14.418975,17.08873,16.730608,13.905848,9.680521,14.349934,11.55876,14.560421,16.291527,16.206171,20.740454,17.684652,22.157795,24.104712,20.29211,17.04952,19.653763,22.655146,16.726118,19.161064,23.278534,23.237614,22.321238,26.26371,30.60994,27.880877,24.843088,26.062357,24.981768,20.524616,22.253035,18.514235,17.849283,18.677402,19.64813,17.694477,19.525824,19.986246,19.357092,23.574183,23.566788,28.241049
15,26.878208,22.661531,22.172974,17.90159,14.689227,16.962185,10.427961,12.642077,10.357017,9.66359,13.809948,11.566803,13.453654,7.650985,4.471597,0.0,4.092621,7.9033904,12.372062,13.842822,17.669107,19.185293,22.394606,20.478477,18.49971,17.622932,12.974031,10.594837,6.909822,7.6643424,6.262723,6.616765,10.629451,11.654717,14.92586,18.23925,19.437325,18.161303,14.500221,11.506754,12.631816,10.177145,9.96666,9.111034,11.53705,10.617155,14.435069,16.016262,19.404095,19.4246,21.024971,18.032545,22.479685,20.688366,23.421562,21.615477,17.711716,17.974392,21.207338,20.745499,17.9288,13.188632,16.785892,15.836236,19.787397,16.765947,12.691649,18.305677,16.390167,13.810563,17.592333,17.73107,15.664563,10.872203,14.457982,10.084917,13.858424,14.324589,14.163079,18.493958,14.510003,19.175495,20.418537,16.648384,13.09937,15.382774,18.579226,12.703593,14.838202,19.032715,19.327038,18.550323,22.259546,26.878695,24.779518,22.001524,23.648,23.177614,18.730707,20.56377,18.047516,16.508368,18.54966,19.857656,17.43511,18.545918,18.403946,16.767254,20.95042,20.292427,24.973198
16,23.490583,19.239334,19.33917,14.985988,11.841167,15.391502,8.639254,13.118891,11.680819,12.098234,16.672812,15.202265,16.451242,10.946195,6.723848,4.092621,0.0,5.4147387,8.450919,10.561073,13.97736,15.732176,18.730684,17.036762,15.472665,14.366459,10.211807,7.3983855,5.5066676,4.5682025,8.243055,6.10567,12.395906,13.046911,16.024246,19.741209,20.037916,18.503614,14.63548,11.247982,12.867221,9.258321,10.762361,9.355868,9.498421,9.86919,11.910504,13.936885,16.757011,17.064194,18.779955,16.44613,21.278482,19.95558,22.93379,20.882526,17.590887,18.642057,21.926153,22.269487,19.13721,14.720264,19.248016,18.855701,22.82179,19.329903,16.086163,21.911709,20.0675,17.703733,21.536932,21.789572,19.53479,14.841078,18.54523,13.980732,17.648176,17.709108,17.090286,21.05506,16.734947,20.906317,21.735931,17.555573,14.100981,15.887772,18.473536,12.015442,13.542091,17.908218,17.939249,16.422724,20.369682,24.469719,22.193573,19.37076,20.622175,19.919514,15.574558,18.210201,15.986628,15.19026,17.714605,19.655764,17.86888,18.537893,19.413935,16.5978,21.111864,20.192385,25.076683
17,24.570038,20.300991,21.155275,17.4225,14.143811,18.654371,12.466475,16.550215,16.2733,15.711551,20.746346,19.182568,21.29404,15.425899,11.7423,7.9033904,5.4147387,0.0,6.39488,6.127235,10.450685,11.5361595,14.942727,13.201891,11.023163,10.925549,6.5436225,5.8601832,5.6871862,7.193473,12.279873,11.33567,17.503408,18.414433,21.411098,25.12297,25.408335,23.818241,19.96514,16.538675,17.859877,13.593531,15.015895,12.263385,11.008912,10.023328,11.065165,10.839893,14.160413,13.168841,14.122611,11.772148,16.556332,15.088308,18.558882,16.935366,13.669673,15.643378,18.260508,19.709946,17.195938,12.674651,17.838451,18.172361,22.159296,18.912773,16.612572,22.456244,21.718248,19.803038,24.30558,24.786102,23.22574,18.359222,20.987976,15.570578,19.169603,17.935562,16.975657,20.133532,15.13196,18.744156,18.551521,14.401345,11.070162,11.961759,14.067225,7.6864944,8.300382,12.718306,12.994429,11.373269,15.090928,19.380388,17.901304,15.520236,17.318798,17.564034,13.549096,16.2393,16.030735,14.284661,18.190193,20.46495,18.457289,18.108147,18.559238,14.24541,18.505913,16.683847,21.463364
18,19.928953,15.899725,17.949862,14.301016,11.97457,17.785908,12.488172,18.753092,18.742435,19.671513,24.597563,23.619009,24.573326,19.16209,14.941852,12.372062,8.450919,6.39488,0.0,4.4868793,5.780842,8.259074,10.518501,9.264904,8.83167,7.533737,6.1404195,4.757875,8.779918,7.1915336,15.352039,12.519237,19.557404,20.161251,22.474821,26.541445,25.723974,23.81667,20.172594,16.777304,18.272718,13.542124,16.547398,14.065419,10.179401,11.83491,9.272751,10.679703,11.805342,12.19078,13.722181,13.310013,18.275986,18.115736,21.292215,19.068953,17.43039,19.935926,22.830017,24.748362,21.538956,18.155733,23.725857,24.383732,28.152578,24.179916,22.512445,28.469662,27.107635,25.23491,29.423,30.012957,27.851824,23.158089,26.541307,21.452875,25.141672,24.247246,23.171448,26.262793,21.411879,24.57548,24.203957,19.955938,17.045332,17.390554,18.614553,12.589914,11.89765,15.820938,15.621743,12.617397,16.330564,19.022831,17.197332,14.856041,15.338948,14.741547,11.396007,15.823733,15.748709,15.943845,19.663084,22.546804,21.676088,21.172443,23.095177,18.191414,22.569662,20.800282,25.524214
19,22.630808,18.676626,20.698595,17.683308,15.007399,20.605537,15.458637,20.535751,21.075489,21.038357,26.254313,25.143261,26.985546,21.242458,17.241045,13.842822,10.561073,6.127235,4.4868793,0.0,4.763632,5.4736366,8.869828,7.7696447,6.170262,6.897974,5.4588385,6.8341374,10.103927,10.463558,17.611979,15.794757,22.581692,23.282173,25.981003,29.870388,29.462906,27.71844,23.915749,20.472948,21.944025,17.19374,19.539597,16.50427,13.154675,13.160329,11.159558,10.003296,11.905139,10.487005,10.813588,10.320804,14.985085,14.445906,18.147747,16.594683,14.794731,17.872868,19.922077,22.587488,20.211832,16.649311,22.161945,23.10458,26.869282,23.469126,22.122059,27.876064,27.398012,25.724293,30.310446,30.901594,29.309309,24.461105,27.059748,21.53839,24.966621,23.32182,22.024149,24.480932,19.480286,22.06335,21.092573,17.050404,14.55631,14.304683,14.8768635,9.582646,8.0986395,11.563072,11.455114,8.372076,11.877317,14.903087,13.837469,11.963568,13.271279,13.887424,10.900269,14.675687,16.233292,15.242371,19.788986,22.642786,21.390804,20.255392,21.576279,15.956388,19.894653,17.537964,22.005928
20,21.123262,17.635128,20.625574,17.926931,16.109642,22.19862,17.729763,23.749212,24.28853,24.93431,30.047428,29.065323,30.266579,24.681675,20.612387,17.669107,13.97736,10.450685,5.780842,4.763632,0.0,3.7419744,4.8578076,4.200262,5.136694,5.046875,7.380921,8.693514,13.190876,12.575583,20.609165,18.227625,25.186737,25.934351,28.143167,32.269917,31.26766,29.27081,25.752302,22.410196,23.676434,18.764505,21.724146,18.737122,14.15341,15.28005,11.27086,10.71438,10.593172,10.104416,10.721117,12.0235195,16.286333,16.894016,20.031239,18.103369,17.649158,20.912346,23.125443,26.024279,23.222979,20.543663,26.267078,27.50283,31.043207,27.13533,26.34687,32.17178,31.344515,29.790804,34.260426,35.035072,33.145615,28.390217,31.333408,25.927113,29.564362,28.018515,26.780561,29.218596,24.196695,26.64809,25.40729,21.534275,19.186567,18.551712,18.811508,14.142718,11.946057,14.741158,14.596141,11.001176,13.70231,15.118045,14.433574,13.06563,13.268061,13.502007,11.696156,16.36327,18.230349,18.33054,22.662813,25.779446,25.111801,23.88972,25.83016,20.01303,23.818335,21.425392,25.6402
21,21.881025,18.500877,21.308361,19.294216,17.24908,23.110674,19.103882,24.308899,25.518648,25.695322,31.016079,30.326405,32.168854,26.579407,22.345251,19.185293,15.732176,11.5361595,8.259074,5.4736366,3.7419744,0.0,4.184976,5.854062,6.1091957,7.8829684,9.623771,11.479168,15.401946,15.261769,22.929808,20.625206,27.619776,27.992083,30.603603,34.431683,33.60603,31.915394,28.123058,24.774767,26.530186,21.74201,24.525473,21.524014,17.419256,17.931871,14.598172,12.999223,13.421306,11.746901,11.090196,12.422777,16.107706,16.176258,19.902536,18.742338,17.981062,21.56775,22.923683,26.354685,24.355137,21.256086,26.695448,27.857508,31.536373,28.307568,27.302889,32.927433,32.73177,31.123674,35.756336,36.28721,34.73073,29.870087,32.399254,26.81968,29.960773,28.097822,26.488724,28.3994,23.65317,25.340965,24.039452,20.18077,18.491796,17.755648,17.004087,13.117227,11.085761,12.761532,12.015063,8.24491,10.752995,11.591045,10.782039,9.779003,10.255077,11.380209,10.187775,14.260029,17.34859,16.964472,21.65064,24.780405,24.151375,22.455778,24.402231,18.206276,21.60562,19.107538,23.027166
22,21.937943,19.08099,22.585342,20.75877,19.37398,25.456015,21.776783,27.6258,28.647608,29.257088,34.476414,33.716373,35.060425,29.508678,25.349705,22.394606,18.730684,14.942727,10.518501,8.869828,4.8578076,4.184976,0.0,4.595626,6.995802,8.026255,11.636412,13.457126,17.934917,17.396917,25.458836,22.987894,29.991667,30.566553,32.76449,36.821114,35.609596,33.669632,30.167973,26.901567,28.312923,23.4235,26.498465,23.46108,18.646173,19.728697,15.260569,13.980588,12.960805,12.007686,11.608875,14.159446,17.380592,18.417294,21.478281,19.990328,20.295626,23.915237,25.484955,28.995388,26.614893,24.26726,29.891247,31.33578,34.785625,31.086994,30.612795,36.306263,35.814926,34.354897,38.926655,39.682583,37.914433,33.124672,35.884045,30.362259,33.792973,31.968842,30.517796,32.491444,27.60815,29.393291,27.799274,24.16582,22.396273,21.3474,20.699787,17.150726,14.568647,16.075926,15.643724,11.950401,13.524195,13.058715,13.085175,12.713686,12.290365,13.037825,12.877128,17.31005,20.358614,20.655563,25.105148,28.345068,28.016928,26.35031,28.538467,22.327093,25.622658,23.056175,26.743689
23,24.380589,21.189606,24.49853,21.78906,20.165586,26.288986,21.63074,27.69857,27.939064,28.428394,33.470745,32.032703,33.09872,27.287247,23.684093,20.478477,17.036762,13.201891,9.264904,7.7696447,4.200262,5.854062,4.595626,0.0,3.5355906,3.8319852,8.275335,10.616485,15.028401,15.115355,22.76464,21.107313,27.768394,29.121561,31.037544,35.43641,34.454803,32.15055,28.926126,25.582895,26.107792,21.014711,23.688427,20.254786,15.399517,16.024096,11.39798,9.639504,8.441109,7.616682,8.086882,10.728569,14.2522545,15.897901,18.280714,16.186903,16.97012,20.37954,22.54319,25.716162,22.822033,21.171019,26.96467,28.741953,31.846775,27.614946,27.79969,33.498207,32.735588,31.573349,36.147503,37.313957,35.531765,30.849958,33.556564,28.081554,32.052906,30.152706,29.200863,31.454763,26.127573,28.625923,26.616459,23.328337,20.962418,19.570211,19.972445,16.283201,12.91899,15.308881,15.936953,12.565417,14.014063,15.023315,16.083397,15.543916,15.895218,16.675547,15.488162,19.94864,22.319523,22.140465,26.668724,29.748707,28.88358,27.516787,28.988508,22.98197,26.429092,23.54182,27.376806
24,26.256382,22.722994,25.53114,22.56788,20.41454,26.304792,21.122488,26.585073,26.716017,26.660477,31.72025,29.996035,31.479599,25.455448,22.1217,18.49971,15.472665,11.023163,8.83167,6.170262,5.136694,6.1091957,6.995802,3.5355906,0.0,3.6140037,6.058818,9.312547,13.011574,14.103337,21.039053,20.097815,26.539698,28.109291,30.27239,34.610863,34.07464,31.836622,28.493011,25.058535,25.453289,20.353603,22.48486,18.774015,14.630568,14.148761,10.695464,7.5258703,8.1027565,5.6424513,5.5869865,7.396803,11.299898,12.54212,15.183805,13.282306,13.558383,17.05747,19.075945,22.300764,19.693455,17.867353,23.588562,25.445436,28.506624,24.50591,24.773453,30.35165,29.915508,28.855793,33.575764,34.7811,33.286587,28.576273,30.892647,25.307972,29.266989,27.107391,26.257645,28.395678,22.950619,25.533695,23.296015,20.21896,17.770773,16.160973,16.853657,13.405733,9.623971,12.276359,13.427313,10.45498,11.83746,14.082049,15.574217,14.991788,16.169678,17.422691,15.643064,19.565155,21.992508,21.00752,25.754532,28.638842,27.30238,25.919718,26.73933,20.806585,24.121277,21.004566,24.815449
25,25.017155,21.518007,24.460207,21.082466,19.256424,25.223236,19.905943,26.05585,25.680515,26.179083,31.004627,29.16708,29.963907,24.077623,20.847515,17.622932,14.366459,10.925549,7.533737,6.897974,5.046875,7.8829684,8.026255,3.8319852,3.6140037,0.0,5.0731206,7.3556643,11.65332,12.033268,19.317892,18.137022,24.505444,26.31401,28.052622,32.61579,31.82643,29.339958,26.288034,22.928078,22.917017,17.766428,20.161242,16.574614,11.803254,12.244812,7.672859,6.260072,5.6143446,5.649793,7.6783457,9.173527,13.442762,15.035207,17.066465,14.382463,14.893172,17.883104,20.774084,23.339487,19.882761,18.407825,24.314568,26.098244,29.083324,24.447674,24.752695,30.519554,29.383892,28.301956,32.780704,34.141613,32.258587,27.682405,30.496475,25.168772,29.487331,27.764677,27.170061,29.802092,24.284845,27.437937,25.51966,22.279514,19.37068,18.122406,19.493004,15.226355,11.919351,15.312537,16.42242,13.3820915,15.292754,17.494968,18.32631,17.306513,18.021194,18.52196,16.45673,20.903053,22.405718,22.036968,26.39156,29.303175,28.114227,27.127954,28.224266,22.639662,26.347675,23.523266,27.626913
26,25.940348,21.991243,24.061892,20.241177,17.751486,23.183414,17.152302,22.562363,21.850195,21.847029,26.59601,24.461624,25.635767,19.561272,16.586672,12.974031,10.211807,6.5436225,6.1404195,5.4588385,7.380921,9.623771,11.636412,8.275335,6.058818,5.0731206,0.0,3.8760319,6.9890585,8.656188,15.004056,14.574256,20.673655,22.642298,24.719976,29.138756,28.922495,26.600695,23.368933,19.930006,19.89281,14.858326,16.579828,12.831386,9.347399,8.44863,6.510842,4.8986793,7.7241316,6.971502,8.896277,7.7670984,12.806187,13.192293,15.607365,13.032557,11.888886,14.4442425,17.674341,19.653103,16.20293,13.875285,19.771515,21.279348,24.446955,19.9844,19.778967,25.605253,24.52295,23.332253,27.884026,29.168993,27.451027,22.822914,25.459564,20.098831,24.470745,22.808924,22.385794,25.2657,19.701044,23.342052,21.752058,18.439894,15.094218,14.271728,16.50578,11.595536,8.931512,13.320686,14.670314,12.311564,14.861384,18.500483,18.782513,17.240013,18.6609,19.198603,16.133614,19.931541,20.738571,19.634043,23.879435,26.466866,24.747427,24.06693,24.534477,19.500576,23.350979,20.69085,25.037306
27,23.887142,19.868801,21.637302,17.395153,15.026706,20.260807,14.059781,19.993818,18.847198,19.47257,23.9992,22.019669,22.613094,16.786385,13.5835085,10.594837,7.3983855,5.8601832,4.757875,6.8341374,8.693514,11.479168,13.457126,10.616485,9.312547,7.3556643,3.8760319,0.0,4.910344,4.893789,12.174231,10.959709,17.290348,19.138374,21.047586,25.534128,25.13975,22.777218,19.586424,16.167131,16.20192,11.159255,13.345669,10.088366,6.353995,7.113788,5.4865894,7.4211845,9.465021,10.307631,12.689858,11.462443,16.494118,16.630438,18.975515,16.20565,14.658399,16.554016,20.24582,21.48863,17.590368,14.917167,20.628452,21.618305,24.956158,20.291119,19.345001,25.332846,23.55228,22.043268,26.247341,27.386806,25.217115,20.668934,23.973707,18.984615,23.420822,22.466099,22.108393,25.513725,20.230904,24.241623,23.432793,19.748674,16.181673,16.209764,18.705446,12.923185,11.595268,16.19918,17.047346,14.652006,17.85376,21.4011,20.648838,18.56249,19.590754,19.363398,15.869787,19.85125,19.458395,18.980598,22.606098,25.134434,23.62554,23.445576,24.353928,19.92548,24.1802,22.103191,26.755035
28,27.003107,22.834421,23.752073,19.26283,16.478525,20.64067,13.898413,18.493958,16.566723,16.507061,20.649788,17.956116,18.811432,12.664868,10.386852,6.909822,5.5066676,5.6871862,8.779918,10.103927,13.190876,15.401946,17.934917,15.028401,13.011574,11.65332,6.9890585,4.910344,0.0,4.762222,8.091827,8.9161005,14.105621,16.579153,18.68019,23.025776,23.42965,21.175257,18.073288,14.758015,14.222822,9.749189,10.353516,6.8577685,6.540854,4.694597,7.9037304,9.260944,12.599146,12.92747,15.1135,12.545697,17.245913,16.623322,18.70955,16.123606,13.454162,14.308262,18.340961,18.56865,14.614323,11.436461,16.73346,17.399866,20.697899,16.057312,14.658963,20.653412,18.67363,17.140852,21.375227,22.625544,20.606441,16.079662,19.210072,14.339854,19.109808,18.344746,18.50221,22.268698,17.037355,21.739431,21.235804,17.876009,13.896998,14.4305525,17.943228,12.281139,11.890723,16.683056,17.87693,16.402592,19.5589,23.979023,23.234642,21.006058,22.576328,22.50602,18.533588,21.638407,20.597565,19.342182,22.592762,24.597204,22.446398,22.712082,22.68128,19.248215,23.374424,21.514765,26.12332
29,22.924883,18.865612,19.81396,15.078208,12.751128,17.111649,10.611212,16.671167,14.743,16.064238,20.12913,18.301006,18.230137,12.821201,9.43135,7.6643424,4.5682025,7.193473,7.1915336,10.463558,12.575583,15.261769,17.396917,15.115355,14.103337,12.033268,8.656188,4.893789,4.762222,0.0,8.524036,6.1141043,12.682725,14.337209,16.178839,20.659653,20.281092,17.975906,14.743276,11.334204,11.570037,6.774033,9.365645,7.360804,5.292237,7.58425,8.114737,11.691411,13.581514,15.029949,17.511707,15.85398,20.82552,20.494097,22.827484,20.069948,17.878723,19.00277,22.96384,23.329111,19.258886,16.124384,21.225477,21.480541,24.954746,20.38208,18.381569,24.319227,21.8,19.871157,23.527792,24.390635,21.7308,17.368639,21.416431,17.098671,21.419296,21.404102,21.186066,25.147346,20.408682,24.781418,24.922756,21.007381,17.328316,18.31687,21.12209,14.81951,14.92431,19.581795,20.03105,17.926418,21.606972,25.297043,23.588572,20.99694,21.810244,20.896692,16.944448,20.59303,18.645649,18.65394,21.299093,23.526747,22.126902,22.666462,23.819757,20.471725,24.988102,23.64425,28.496002
30,29.578045,25.593866,25.357635,20.549532,18.116816,20.16986,13.810922,16.798283,12.90538,13.343616,15.63797,12.08973,11.311737,5.5357556,6.261596,6.262723,8.243055,12.279873,15.352039,17.611979,20.609165,22.929808,25.458836,22.76464,21.039053,19.317892,15.004056,12.174231,8.091827,8.524036,0.0,5.991462,6.6755476,10.552532,12.056625,16.276943,17.539175,15.335176,13.01368,10.546585,8.589566,6.9376373,4.3318286,4.6171713,9.604528,8.977848,13.71901,16.5599,19.41045,20.5492,22.991463,20.137316,24.415604,23.457266,25.031982,22.464176,19.4066,18.777594,23.070135,21.561071,17.486353,14.600418,17.91678,17.380352,20.251616,15.812667,13.025638,18.29262,14.550693,12.538316,15.446518,16.660746,13.715027,9.892591,14.330309,11.51811,16.276485,17.311272,18.321753,22.857668,18.81517,24.087566,24.808655,21.759523,17.865517,19.482046,23.492413,17.995436,18.9938,23.551977,24.503445,23.514084,26.918184,31.545313,30.05535,27.40719,28.815617,28.10991,23.785763,26.283697,23.45085,22.555119,24.253239,25.46842,23.221605,24.637316,24.331244,22.958708,27.025272,26.12968,30.680677
31,23.782421,19.89927,19.54558,14.6692,12.540117,14.732726,8.522619,13.359107,10.007706,12.277596,15.281118,13.707955,12.653077,8.304603,5.003645,6.616765,6.10567,11.33567,12.519237,15.794757,18.227625,20.625206,22.987894,21.107313,20.097815,18.137022,14.574256,10.959709,8.9161005,6.1141043,5.991462,0.0,7.170385,8.25184,10.276674,14.580739,14.571596,12.583149,9.166629,5.8760405,6.8634334,4.5631914,6.423203,7.659703,9.2234,11.303224,13.5366745,17.379736,19.40338,20.964603,23.39446,21.280151,26.104597,25.244917,27.575487,24.987446,22.14424,22.494514,26.464941,25.908983,22.010939,18.485477,22.456802,21.769249,25.251238,21.212358,17.927692,23.360428,20.109613,17.663895,20.343117,20.680103,17.44073,13.57119,18.46107,15.449037,19.205658,20.470207,20.46344,24.8966,21.124954,25.686386,26.915741,22.984228,19.441,21.362957,24.373781,18.037075,19.421396,23.92131,24.041992,22.403782,26.362131,30.260704,27.758152,24.789377,25.521235,24.109335,19.880625,22.723768,19.175138,19.49238,20.73149,22.320873,20.981346,22.44901,23.637808,21.884377,26.395727,25.917723,30.777536
32,29.380676,25.830606,24.775196,20.098072,18.423185,18.684288,13.79795,15.8899555,10.948553,13.052773,13.391381,10.804635,6.958232,5.4588513,7.299086,10.629451,12.395906,17.503408,19.557404,22.581692,25.186737,27.619776,29.991667,27.768394,26.539698,24.505444,20.673655,17.290348,14.105621,12.682725,6.6755476,7.170385,0.0,5.515481,5.618994,9.868905,11.34623,9.34918,7.940059,7.119508,4.925561,7.892766,5.7454724,9.718687,13.916258,15.046953,18.716349,22.565395,24.76243,26.508993,29.118301,26.542553,30.979324,29.992098,31.703478,29.081947,26.065983,25.360844,29.562141,27.765692,23.817879,20.948223,23.508904,22.269583,25.004229,21.200607,17.6744,21.944183,17.519041,15.14584,16.11546,16.523567,12.5266695,10.344589,15.71999,15.029647,18.450237,20.86191,21.756054,26.44096,23.482264,28.4377,30.084833,26.801752,23.260494,25.43765,29.089518,23.316301,24.96512,29.423372,29.85293,28.720592,32.50476,36.826885,34.460743,31.471575,32.395462,30.977097,26.671906,28.970081,24.823143,24.879395,25.231699,26.035913,24.396183,26.546583,26.939674,26.631947,30.778965,30.65745,35.266212
33,26.636494,23.29413,21.371712,17.231018,15.726369,14.421933,10.985811,11.726248,6.765805,10.321097,10.270025,10.095478,7.0623527,7.82399,7.2242565,11.654717,13.046911,18.414433,20.161251,23.282173,25.934351,27.992083,30.566553,29.121561,28.109291,26.31401,22.642298,19.138374,16.579153,14.337209,10.552532,8.25184,5.515481,0.0,4.5278025,6.7146387,8.099144,7.9651937,4.863277,5.0662684,7.73773,10.681362,10.4847,13.968758,17.034813,18.726019,21.64774,25.460665,27.605947,29.118677,31.40468,28.96628,33.626453,32.23567,34.65524,32.355328,28.94759,28.706434,32.387184,31.058846,27.696245,23.87607,26.36075,24.596304,27.901205,25.017363,20.471203,24.604698,20.935963,18.019447,18.821566,17.993443,14.211327,12.057995,17.309544,16.738504,18.790041,21.688728,21.799074,26.330873,24.17624,28.431604,30.916504,27.136383,24.111973,26.847984,29.745739,23.752098,26.220898,30.35711,30.07042,28.912325,33.043495,37.02153,33.706356,30.457233,31.077656,29.24318,25.011871,26.7553,21.773241,22.402632,21.735086,22.26401,21.212324,23.746315,24.963377,25.284111,29.446455,30.031208,34.658394
34,28.17962,25.167393,23.533863,19.256706,18.449327,17.306276,14.308423,16.016546,11.215959,14.772976,14.019864,13.279189,8.335808,10.189223,10.816045,14.92586,16.024246,21.411098,22.474821,25.981003,28.143167,30.603603,32.76449,31.037544,30.27239,28.052622,24.719976,21.047586,18.68019,16.178839,12.056625,10.276674,5.618994,4.5278025,0.0,5.2417903,5.8017564,4.274734,4.3459024,6.2994275,6.153756,10.811747,10.3556595,14.580502,17.659805,19.886675,22.546223,26.987087,28.64574,30.77586,33.45429,31.222279,35.871624,34.92734,36.893284,34.213066,31.289827,30.823318,34.950203,33.31517,29.400785,26.368275,28.9096,27.408546,30.255907,26.756758,22.91827,26.858973,22.449831,19.935696,20.063915,19.774195,15.590196,14.412001,19.736744,19.744316,22.23702,25.185225,25.701103,30.313631,27.93216,32.480835,34.657955,31.043427,27.772703,30.218594,33.431633,27.375637,29.340086,33.714188,33.681778,32.303997,36.367992,40.27189,37.197212,33.997246,34.41958,32.40972,28.311152,30.530556,25.540401,26.561771,25.934072,26.564522,25.694267,28.205095,29.457186,29.57829,33.80861,34.191456,38.86585
35,30.143808,27.42934,24.989166,21.41447,20.750238,18.02511,16.610195,16.139565,11.724193,15.154434,12.748969,13.404628,8.625943,12.940443,13.812985,18.23925,19.741209,25.12297,26.541445,29.870388,32.269917,34.431683,36.821114,35.43641,34.610863,32.61579,29.138756,25.534128,23.025776,20.659653,16.276943,14.580739,9.868905,6.7146387,5.2417903,0.0,4.493721,6.642033,7.2654676,10.062,11.393254,15.881752,15.273127,19.41241,22.684452,24.638977,27.509827,31.710447,33.579,35.453854,37.916744,35.514008,40.13142,38.79801,41.017998,38.613037,35.2872,34.72655,38.509644,36.722916,33.306553,29.85924,31.746094,29.703428,32.573223,29.946894,25.420109,28.640984,24.519274,21.798254,21.06876,19.883827,15.934178,15.7943535,20.622196,21.664436,22.948544,26.5247,26.881659,31.305277,29.869072,33.995132,36.852444,33.265087,30.394905,33.25196,36.200916,30.345018,32.91517,37.02131,36.672443,35.54851,39.717884,43.61753,40.041084,36.71276,37.103638,34.947437,30.894442,32.42904,26.905949,27.995665,26.426107,26.457703,25.82886,28.761509,30.07633,31.221601,35.177433,36.149673,40.63607
