,0,1,2,3,4,5,6,7,8,9,10,11,12,13,14,15,16,17,18,19,20,21,22,23,24,25,26,27,28,29,30,31,32,33,34,35,36,37,38,39,40,41,42,43,44,45,46,47,48,49,50,51,52,53,54,55,56,57,58,59,60,61,62,63,64,65,66,67,68,69,70,71,72,73,74,75,76,77,78,79,80,81,82,83,84,85,86,87,88,89,90,91,92,93,94,95,96,97,98,99,100,101,102,103,104,105,106,107,108
0,0.0,4.3232346,7.2688875,10.064953,12.804369,15.464811,17.930433,21.970154,24.306581,26.790226,29.99817,33.069195,34.33888,31.750315,35.807453,32.207493,33.495693,32.462612,33.70267,33.81763,33.783535,36.040245,37.83694,38.581604,39.34765,38.703648,37.585968,38.294674,36.488937,39.323513,34.69546,39.143314,34.11354,38.016205,36.88219,32.2506,32.47333,37.754898,35.468544,31.798044,34.874023,38.823425,34.723476,32.9145,37.8686,39.42751,34.8176,35.133842,39.881763,44.088917,43.92245,40.507896,46.70128,48.15016,46.244373,45.365376,41.678425,44.444183,49.061245,46.917263,43.18689,48.716198,48.43296,51.751747,48.494247,44.285835,45.58211,43.69625,39.57169,38.54875,38.49201,36.98651,32.502842,29.917677,27.269396,25.003202,23.575567,24.110561,22.741426,23.516516,23.879728,25.932735,26.049831,25.252323,24.676365,26.261871,24.9787,28.618082,27.990644,31.366951,31.083893,34.562466,33.220993,29.944712,28.968416,25.351421,25.373842,20.94893,21.418034,20.328348,20.290508,21.338726,18.80577,18.243458,17.82454,20.256416,18.913893,23.052116,22.16405
1,4.3232346,0.0,5.1605344,6.8643246,9.6768265,13.51628,14.676912,19.345757,21.302689,23.78138,26.836142,29.799324,30.985115,28.260548,32.219776,28.972876,30.099085,29.487703,30.373968,31.067463,31.051018,33.177555,35.452126,35.974506,36.475166,35.535572,34.694294,35.117737,33.546165,36.120907,31.966969,36.199345,31.425901,35.66835,34.47583,29.840687,30.588604,35.84662,33.29823,29.745531,33.35301,36.88441,32.685402,31.4517,36.53684,37.6164,33.100986,34.14857,38.87788,43.102345,42.376125,39.02801,45.124763,46.466053,44.1754,42.92295,39.287354,41.744884,46.580757,44.82439,40.689457,46.142918,45.716328,49.210983,46.272396,42.071945,43.214535,41.592976,37.435074,36.004322,36.443844,35.337852,30.607294,28.552692,25.73652,24.186365,22.83697,22.818594,22.359203,22.267532,23.283617,25.35841,24.788359,23.370846,22.360308,23.240301,21.997736,25.093826,24.25499,27.470816,27.018732,30.452524,28.991577,25.775476,24.975147,21.353825,21.741896,17.671547,18.929903,17.941608,18.681393,20.294197,18.238707,16.982267,17.44116,18.606329,17.570848,21.328115,20.356453
2,7.2688875,5.1605344,0.0,5.378388,6.3631244,9.573573,11.439771,15.280931,18.075943,19.95465,23.459536,26.296442,27.928358,25.654861,30.448086,27.17719,28.993927,28.556158,30.307545,31.077566,31.809467,34.214417,36.82955,36.411797,36.632164,35.440834,33.992275,34.044666,31.999435,34.244938,29.705828,33.345943,27.95457,32.19422,31.646696,27.19487,27.727642,33.184868,31.22962,27.813124,31.187454,35.285343,31.434475,30.203379,35.07481,36.86148,32.705647,33.493687,38.20845,42.360413,41.48326,39.062706,44.854424,45.755226,43.612988,42.333187,38.33192,40.724407,45.560673,43.45972,39.050205,44.281303,43.51027,46.913353,44.050114,39.696484,40.3324,38.480118,34.773037,33.01548,33.0269,31.979494,27.746405,25.21985,23.096863,21.28747,20.675829,21.424055,21.803455,22.195265,23.830055,26.548471,25.420927,24.049196,22.232079,23.668196,21.229914,24.625263,23.22865,26.314459,25.561975,29.259073,28.136784,25.101547,24.80607,20.753462,22.231339,17.415562,20.135187,17.949387,19.757708,21.688965,18.999744,17.215069,16.18077,17.156849,14.921102,18.322678,16.529818
3,10.064953,6.8643246,5.378388,0.0,3.6964896,7.634093,8.238959,13.0107975,14.533026,17.396265,20.207458,23.36971,24.378855,21.694464,25.860258,22.410318,23.949104,23.37648,25.00571,25.728212,26.455025,28.886787,31.59022,31.056437,31.262676,30.112465,28.762096,28.944765,27.080711,29.54139,25.22246,29.354147,24.622345,28.885424,27.677464,23.074846,24.031528,29.289968,26.796095,23.364973,27.2011,30.703083,26.651691,25.78472,30.814852,32.007774,27.82388,29.194036,33.860508,38.024757,36.816353,34.20317,39.977516,40.9358,38.564236,37.159954,33.2841,35.625244,40.511543,38.684082,34.257957,39.59289,39.00854,42.50364,39.683506,35.437286,36.414547,34.86266,30.76174,29.158072,29.75256,28.866606,24.04368,22.360838,19.51253,18.639004,17.568924,17.321457,18.269598,17.711676,19.794569,22.432932,20.786545,19.033108,17.04685,18.29622,15.973044,19.440554,18.359943,21.712997,21.51041,25.124998,24.258665,20.917683,20.090689,16.11874,17.094015,12.067765,14.986608,12.761774,15.0497055,17.365356,15.192263,12.871098,13.226467,12.863812,11.759909,14.978575,14.089827
4,12.804369,9.6768265,6.3631244,3.6964896,0.0,5.509392,5.160265,9.762881,11.872523,14.1227045,17.301905,20.276516,21.665907,19.307648,24.168974,20.979994,22.995178,22.856483,24.91705,26.02641,27.274876,29.763325,32.86767,31.62464,31.491163,30.008432,28.381796,28.096668,26.008722,28.004595,23.684372,27.128805,21.996138,26.47706,25.8167,21.411325,22.48229,27.846266,25.73902,22.543312,26.397589,30.100767,26.33825,25.77066,30.60226,32.09385,28.292738,29.753712,34.321247,38.385162,36.85519,34.958965,40.408283,41.00252,38.588516,36.9994,32.921085,35.025993,39.9854,38.105373,33.297863,38.380898,37.445587,40.95041,38.36834,34.025784,34.49467,32.896748,29.18221,27.065027,27.5716,26.96531,22.488064,20.711008,18.449432,17.768173,17.412815,17.549347,19.470816,18.965899,21.60202,24.539495,22.37754,20.478693,17.787699,18.995821,15.818576,19.035168,17.323277,20.367687,19.74218,23.523062,22.835402,19.764454,19.547327,15.315864,17.482729,12.411962,16.74256,13.871758,17.111818,19.671698,17.394037,14.682089,14.234473,13.130969,11.181853,13.589781,11.8352585
5,15.464811,13.51628,9.573573,7.634093,5.509392,0.0,6.142239,7.1494355,10.089207,12.43101,15.682272,18.947617,20.400995,18.61611,23.870401,19.975292,22.79492,22.017721,25.466084,25.66602,27.652718,30.561867,33.3401,31.363716,31.309738,30.075298,27.452057,27.317259,24.470953,26.654118,21.281689,24.754955,19.00526,22.842617,22.515495,18.246368,18.438133,23.976381,22.623745,19.429064,22.48589,27.067974,23.779276,22.643005,27.106066,29.681852,26.21505,26.778269,31.278378,35.220722,34.01026,32.98838,38.149754,38.419506,36.555183,35.394924,30.964708,33.396324,38.008247,35.384583,30.888739,35.86943,34.917336,38.094822,35.15125,30.708157,31.099192,29.043734,25.592842,23.905321,23.512175,22.4401,18.457203,15.826442,14.164581,12.772134,13.070009,14.364082,16.657637,17.2165,20.002674,23.500502,21.250868,20.049627,17.091375,19.834171,15.569621,19.905334,18.362984,21.534828,21.401295,25.21144,25.295502,22.262762,21.835182,17.662819,19.632942,13.660337,17.850182,13.800901,17.151697,19.452051,16.395731,13.746711,11.16405,10.507864,6.9004116,9.167978,6.9649024
6,17.930433,14.676912,11.439771,8.238959,5.160265,6.142239,0.0,5.772733,6.987199,9.252567,12.187295,15.179808,16.512413,14.263173,19.539627,16.627596,19.05076,19.428482,21.917227,23.476126,25.348455,27.858776,31.44323,29.277334,28.70453,26.850586,24.97508,24.164679,21.963263,23.460842,19.416252,22.265812,17.232534,22.021471,21.542543,17.37402,19.015564,24.208776,22.188694,19.405027,23.587337,26.946682,23.476946,23.638353,28.21584,29.556454,26.301207,28.304134,32.605854,36.48665,34.3305,33.179333,38.140392,38.333782,35.710526,33.80467,29.627264,31.349892,36.399487,34.70124,29.431768,34.2251,32.989616,36.569542,34.355152,30.016712,30.091862,28.714128,25.224848,22.537344,23.468157,23.420881,19.005299,17.969704,15.991566,16.477514,16.677145,16.442848,19.818016,18.684626,22.104572,25.154799,22.154263,19.892668,16.363218,17.257048,13.200196,15.905245,13.6104145,16.333834,15.632577,19.492199,19.335773,16.479002,16.652487,12.370437,15.637002,10.828303,16.684189,13.309155,17.707272,20.6092,18.75026,15.524052,15.288994,12.391798,10.692798,11.316553,9.370541
7,21.970154,19.345757,15.280931,13.0107975,9.762881,7.1494355,5.772733,0.0,4.872485,5.369362,9.071091,11.997368,13.959669,12.935206,19.164143,16.135788,19.620977,19.899345,23.723827,24.833998,27.572363,30.33743,33.863113,30.701996,29.928852,28.045614,25.212484,24.086008,21.11411,22.160467,17.381502,19.204483,13.067618,17.600315,18.215107,14.6343,15.688854,20.937126,20.078066,17.759905,21.149887,25.245983,22.596647,22.661491,26.561077,28.945936,26.413488,27.785442,31.8029,35.403584,33.221447,33.39114,37.745094,37.35958,35.16072,33.44938,28.914757,30.605822,35.346363,33.05431,27.738129,32.07143,30.44622,33.72717,31.525438,27.067652,26.45148,24.667152,21.955853,18.96993,19.031015,19.057945,15.678609,14.043191,13.550516,13.99167,15.454339,16.292925,20.442799,20.09079,23.754587,27.220488,23.982702,22.217583,18.294437,20.166206,15.08965,18.13295,15.6556635,17.879921,17.232662,20.96716,21.630724,19.287682,19.790287,15.831187,19.40213,14.477441,20.353363,16.183323,20.758646,23.466919,21.142624,17.992634,16.120481,13.2489395,10.358339,9.13704,5.770314
8,24.306581,21.302689,18.075943,14.533026,11.872523,10.089207,6.987199,4.872485,0.0,4.8237214,5.991631,9.665175,10.403499,8.647413,14.440248,11.2859745,14.784927,15.293974,19.157034,20.509182,23.45779,26.14283,29.89509,26.353716,25.35845,23.32766,20.554943,19.256344,16.448666,17.47938,13.127387,15.381214,10.335234,15.221368,14.857483,11.1046,13.314094,18.123348,16.493101,14.423861,18.615738,21.68238,18.916796,19.83254,23.750742,25.266556,22.965136,25.217907,29.006308,32.519714,29.760904,29.90607,34.04831,33.628906,31.049847,29.02832,24.623981,26.049265,30.953234,29.126474,23.520609,27.916178,26.382174,29.892338,27.9082,23.562744,23.239315,22.002638,18.794645,15.63792,16.927074,17.490263,13.282856,13.456588,12.082929,14.267861,15.224634,14.715807,19.646519,18.181751,22.257185,25.425976,21.636782,19.45379,15.202231,16.510454,11.286249,13.7970295,11.357036,13.560075,13.583132,17.126986,18.29781,15.868513,16.02472,12.490569,15.947401,11.685905,17.905666,13.948563,18.97383,21.857475,20.335346,16.96268,16.513165,12.102427,10.999046,8.724799,7.5459547
9,26.790226,23.78138,19.95465,17.396265,14.1227045,12.43101,9.252567,5.369362,4.8237214,0.0,4.436533,6.689163,9.157651,8.983068,15.780428,13.970068,17.646584,18.93795,22.629898,24.537655,27.63331,30.13522,34.1613,30.288025,28.962141,26.584536,23.858185,21.910873,19.141977,19.057108,15.4199915,15.539231,9.73689,14.938997,16.160957,13.506778,15.537833,19.999195,19.315037,17.889938,21.534111,24.735283,22.59047,23.698269,27.106045,28.956264,27.145903,29.262653,32.824184,36.114883,33.17026,34.021595,37.730534,36.93267,34.39018,32.190987,27.787724,28.748331,33.55703,31.777939,25.871433,29.578802,27.442163,30.846891,29.412605,25.11516,23.729376,22.444855,20.346436,16.22771,17.160273,18.336372,15.499349,15.275688,15.339467,17.117962,18.836557,19.039753,23.97389,22.889221,26.929821,30.18762,26.41495,24.255438,19.970272,20.900158,15.83663,17.380047,14.33903,15.446848,14.373068,17.780281,18.951748,17.3541,18.591442,15.223967,19.688612,16.104458,22.563978,18.728989,23.743568,26.626503,24.918125,21.590948,20.48267,16.608267,14.657691,12.162248,9.643545
10,29.99817,26.836142,23.459536,20.207458,17.301905,15.682272,12.187295,9.071091,5.991631,4.436533,0.0,3.8679674,4.909777,5.1657505,11.869808,10.567645,14.398604,16.102049,19.939487,22.027044,25.44838,27.822987,31.996838,27.555902,25.92378,23.374699,20.553497,18.20307,15.515289,14.860786,11.9777565,11.394542,6.728186,12.224612,13.020078,10.982522,13.914081,17.530249,16.612429,15.869045,19.765675,21.99187,20.178276,22.091753,25.125282,26.378904,25.124575,27.829205,30.982088,34.02162,30.533075,31.78224,34.9982,33.972496,31.199402,28.732243,24.467497,24.998829,29.803823,28.399954,22.204142,25.622568,23.351667,26.886938,25.838215,21.712805,20.220173,19.478569,17.375032,12.768357,14.854999,16.767298,13.854139,15.199555,15.083205,18.05922,19.606071,19.045874,24.488287,22.761507,27.017044,30.029503,25.87336,23.551903,19.14576,19.649567,14.704842,15.397505,12.478242,12.957928,12.476716,15.356458,17.292864,15.987362,17.081377,14.503587,18.755085,16.089153,22.428837,18.852154,23.979418,26.864565,25.722538,22.365507,21.994083,17.312613,16.417559,13.170481,11.956905
11,33.069195,29.799324,26.296442,23.36971,20.276516,18.947617,15.179808,11.997368,9.665175,6.689163,3.8679674,0.0,3.926379,6.320233,12.492178,12.765214,16.257723,18.646664,22.02828,24.646713,28.090303,30.206114,34.623135,29.931723,27.98037,25.13234,22.580353,19.68019,17.362793,15.619098,14.095177,11.51499,7.8391485,12.913764,14.640272,13.695957,16.63587,19.554487,19.09067,18.925865,22.5486,24.37361,23.016436,25.285076,27.917614,29.0155,28.195925,31.072945,33.952312,36.75992,32.968513,34.656174,37.43581,36.13619,33.254253,30.530857,26.474613,26.439043,31.130054,30.071249,23.660482,26.346165,23.596447,27.070513,26.73366,22.873877,20.566236,20.155289,18.962173,13.690814,15.975546,18.540615,16.569008,18.068754,18.534416,21.491283,23.274942,22.816309,28.312628,26.54031,30.818708,33.768036,29.533073,27.107351,22.701834,22.702415,18.079268,17.859772,14.702165,14.158005,12.968494,15.299135,17.365555,16.911842,18.73776,16.616283,21.351963,19.426096,25.877617,22.530506,27.689953,30.611948,29.569654,26.197449,25.809252,21.180132,20.157032,16.853764,15.320237
12,34.33888,30.985115,27.928358,24.378855,21.665907,20.400995,16.512413,13.959669,10.403499,9.157651,4.909777,3.926379,0.0,3.8687675,8.869505,9.621928,12.961667,15.5782795,18.937569,21.589554,25.172283,27.177986,31.611423,26.623123,24.508228,21.607512,19.062675,15.953207,13.843179,11.752002,11.155649,8.476366,7.1332564,11.840954,12.4237995,11.802394,15.419637,17.622803,16.594065,16.848969,20.76333,21.622046,20.35575,23.216206,25.676876,26.082178,25.569454,28.959707,31.557037,34.21901,30.06329,31.773764,34.28501,32.95495,29.838367,26.91484,23.041319,22.72287,27.469831,26.802319,20.236708,22.896683,20.249573,23.93533,23.775356,20.096708,18.14217,18.309507,16.688131,11.418954,14.932361,17.776493,15.341102,18.01679,17.916986,21.640638,23.044897,21.88154,27.557234,25.245222,29.583328,32.259556,27.82039,25.292427,20.949322,20.619648,16.31896,15.503688,12.742066,11.861975,11.613229,13.394279,16.089165,15.610968,16.946308,15.519928,19.66723,18.416582,24.500353,21.462357,26.545322,29.413242,28.857323,25.527542,25.837048,20.700533,20.564655,17.040459,16.504374
13,31.750315,28.260548,25.654861,21.694464,19.307648,18.61611,14.263173,12.935206,8.647413,8.983068,5.1657505,6.320233,3.8687675,0.0,6.881889,7.0076284,10.0468645,12.834766,15.718803,18.669716,21.945122,23.933905,28.467447,23.910374,21.920866,19.002813,16.889534,14.047567,12.293828,11.113186,10.41328,10.139848,9.0038395,13.888992,13.12271,11.298385,15.320809,17.989098,15.892917,15.548242,20.206184,20.803085,18.762371,21.6697,24.736553,24.54407,23.46029,27.27193,30.145554,33.08102,28.987005,29.785593,32.821896,31.931185,28.534346,25.519337,21.7198,21.651756,26.763155,26.349287,19.825203,23.235138,21.139912,25.0661,24.514704,20.774693,19.80142,20.015224,17.33468,12.809322,16.5933,18.883644,15.246908,18.041147,16.897154,20.73348,21.557667,19.80511,25.321947,22.540125,26.870392,29.359285,24.914623,22.103006,17.7953,16.974573,12.911,11.779041,8.892952,8.41801,8.670323,10.935115,13.468661,12.351551,13.2743845,11.768456,15.801888,14.807571,20.91973,18.193151,23.291006,26.245836,25.990147,22.614332,23.670353,18.273928,18.728611,15.680028,15.58335
14,35.807453,32.219776,30.448086,25.860258,24.168974,23.870401,19.539627,19.164143,14.440248,15.780428,11.869808,12.492178,8.869505,6.881889,0.0,5.5514655,5.605586,9.770403,11.178795,14.863044,18.057241,19.438997,24.17888,19.154991,16.600504,13.269342,12.063192,8.396487,8.599664,6.4290175,9.964094,10.258548,13.269552,16.507593,14.0185995,13.104473,17.575134,18.576036,15.377466,15.896166,20.752043,19.025038,17.163488,21.269987,23.874641,21.790285,21.359692,26.367517,28.541033,31.086905,26.245361,26.773252,29.176193,28.34138,24.250963,20.570087,17.635042,16.560436,21.838978,22.817038,16.221497,19.332048,17.693918,21.913265,22.019188,19.111254,19.010567,20.434956,17.307325,13.706011,18.873783,21.3856,17.493343,21.720608,19.821672,24.436558,24.57087,21.669464,27.03497,23.252214,27.42216,29.148317,24.495409,21.438251,17.687054,15.545129,13.268415,9.920464,8.691213,6.7740703,9.310774,9.274467,12.738528,12.057447,11.903361,12.6663265,14.921142,16.172804,20.924366,19.375261,23.900171,26.634094,27.466543,24.354753,26.759817,20.933,22.79654,19.8486,20.946964
15,32.207493,28.972876,27.17719,22.410318,20.979994,19.975292,16.627596,16.135788,11.2859745,13.970068,10.567645,12.765214,9.621928,7.0076284,5.5514655,0.0,4.4548736,5.963327,10.227011,11.983767,15.73891,18.013403,22.127163,17.18038,15.388186,12.965507,10.09215,8.02107,5.9509516,7.1485233,6.0856504,9.882989,11.2242155,14.32019,10.896682,8.587592,12.974654,14.72298,10.983413,10.708185,15.931473,15.068181,12.545095,16.14438,19.26237,17.939964,16.885777,21.40792,24.025475,26.936317,22.656967,22.961155,26.06351,25.468378,21.872675,18.932854,15.13702,15.523051,20.807878,20.517134,14.3059225,18.694124,17.675426,21.683239,20.416233,16.885683,17.713457,18.308847,14.145992,11.591813,16.045967,17.695807,12.90269,17.060253,14.572284,19.261374,19.152815,16.147543,21.5687,18.000153,22.23295,24.238285,19.590475,16.868382,12.883075,12.290075,8.804959,7.991604,7.586488,8.48724,11.557754,12.965577,15.749752,13.7544,12.434958,11.9685545,13.186454,12.593417,17.053543,14.786773,19.29683,21.924173,22.431854,19.388012,21.532461,15.708899,17.856491,14.91349,16.720999
16,33.495693,30.099085,28.993927,23.949104,22.995178,22.79492,19.05076,19.620977,14.784927,17.646584,14.398604,16.257723,12.961667,10.0468645,5.605586,4.4548736,0.0,4.755459,6.148287,9.387956,12.576548,14.301011,18.856485,14.104646,11.954539,9.038747,7.8298545,5.644342,6.407258,7.7084913,9.474077,13.114282,15.566979,18.397476,14.558232,12.5565405,16.772282,17.917776,13.513712,13.334107,18.622551,16.389437,13.5473795,17.64052,20.78882,17.860222,16.722536,22.224035,24.579998,27.396515,22.81193,22.115122,25.216663,25.028477,20.787537,17.316143,14.410238,14.225188,19.752712,20.658052,14.7431965,19.073769,18.58766,22.699831,21.804193,18.905432,20.334297,21.508265,17.17493,15.219301,20.016712,21.63231,16.705067,21.030607,18.006369,22.667929,21.98502,18.27571,23.162884,18.811024,22.765491,24.092587,19.462395,16.302683,12.959331,10.542749,9.248242,5.904271,6.981385,7.261944,11.271294,11.673053,14.375227,12.425412,10.293594,11.32271,11.280921,12.785641,16.255684,15.282443,19.266005,21.808619,23.189516,20.334288,23.665369,17.814032,20.724863,18.380758,20.43372
17,32.462612,29.487703,28.556158,23.37648,22.856483,22.017721,19.428482,19.899345,15.293974,18.93795,16.102049,18.646664,15.5782795,12.834766,9.770403,5.963327,4.755459,0.0,6.618811,6.112599,10.2275305,12.857112,16.429703,11.482701,10.22541,8.794195,5.5563035,6.1789536,5.338983,9.334652,8.449705,14.180868,16.155298,18.15924,13.491883,11.0036,14.524282,15.53481,10.510481,9.859851,15.081056,12.717842,9.223416,13.19313,16.57253,13.587713,12.016836,17.527168,19.995817,23.000048,18.775372,17.718973,21.30566,21.396471,17.513567,14.75095,11.319313,12.520899,17.798601,17.816948,12.723505,17.963705,18.273775,22.033268,20.088644,17.095665,19.612417,20.373428,15.303175,14.899951,19.014048,19.831232,14.472629,18.86313,15.2597475,19.959415,18.812077,14.693146,19.325686,14.911689,18.726553,19.99546,15.328719,12.625153,9.564174,8.893831,7.4999638,7.2374153,9.539896,11.328726,15.272591,16.186113,18.570107,16.069277,13.207876,13.570449,11.964696,12.062228,14.071743,12.857991,16.226778,18.401384,19.850904,17.335115,20.738207,15.077717,18.631977,16.467634,19.390013
18,33.70267,30.373968,30.307545,25.00571,24.91705,25.466084,21.917227,23.723827,19.157034,22.629898,19.939487,22.02828,18.937569,15.718803,11.178795,10.227011,6.148287,6.618811,0.0,6.1119113,7.3267617,8.371748,13.358379,9.815579,7.9833,5.4433665,7.631355,7.8859673,10.402497,12.669948,14.515144,18.970152,21.436852,24.03561,19.666388,17.346226,21.061264,22.03944,17.008673,16.376738,21.52718,18.427176,14.970254,18.809847,22.214855,17.720594,15.908217,22.14451,24.37887,27.23678,22.885841,20.255424,23.855421,24.58375,19.92487,16.445206,14.79541,14.807242,20.05517,21.836458,17.177408,21.711685,22.201408,26.087967,24.972378,22.636702,25.055548,26.359135,21.5591,20.683052,25.26009,26.358366,21.008797,25.153934,21.324347,25.673658,24.13699,19.682486,23.468782,18.351124,21.62146,21.954216,17.674786,14.197174,12.29017,7.979706,10.239637,6.1507497,9.434833,10.250817,14.3683405,14.198603,15.968013,13.67845,10.098358,12.383809,9.439204,12.98024,14.05371,14.958443,17.664667,19.846445,22.350313,19.996721,24.7474,19.265839,23.11244,21.723625,24.25462
19,33.81763,31.067463,31.077566,25.728212,26.02641,25.66602,23.476126,24.833998,20.509182,24.537655,22.027044,24.646713,21.589554,18.669716,14.863044,11.983767,9.387956,6.112599,6.1119113,0.0,4.623503,7.553715,10.370366,5.876498,5.8681726,6.5794196,5.7179637,8.950083,10.050652,14.055079,13.978143,19.824514,22.143589,23.704798,18.657015,16.313906,19.08369,19.534662,14.261335,13.460062,17.858793,14.303555,10.575741,14.040968,17.280947,12.266907,10.075926,16.504492,18.55537,21.466925,17.529003,14.23354,18.352041,19.490791,15.255825,12.757571,10.871767,12.481895,17.108332,17.948492,14.672713,19.87571,21.275,24.64731,22.473225,20.293205,23.828096,24.793959,19.496515,20.264402,24.11938,24.441332,19.048843,23.220814,19.045996,23.307941,21.315779,16.551493,19.743782,14.662948,17.477535,17.50183,13.268353,10.66174,9.803284,8.265998,10.335402,9.857628,13.4007,15.262874,19.39767,19.80165,21.684917,19.041494,15.287774,16.49795,12.667795,14.031004,13.081508,13.727617,15.269728,16.730772,19.417418,17.688658,22.362299,17.36625,21.79088,20.524975,23.914465
20,33.783535,31.051018,31.809467,26.455025,27.274876,27.652718,25.348455,27.572363,23.45779,27.63331,25.44838,28.090303,25.172283,21.945122,18.057241,15.73891,12.576548,10.2275305,7.3267617,4.623503,0.0,3.558278,6.5876403,5.4323845,6.564045,7.9465995,9.755699,12.664052,14.480637,18.096327,18.451134,24.170029,26.290451,28.180937,23.212818,20.620188,23.316198,24.031216,18.756084,17.633219,21.93725,18.484343,14.681863,17.45502,20.846594,15.411424,12.707216,18.920153,20.95209,23.849258,20.410849,15.560677,20.039328,21.913252,17.636723,15.322131,14.567984,15.906516,20.075344,21.522675,18.901665,23.845926,25.449501,28.763233,26.716234,24.779068,28.404642,29.412052,24.0915,24.810997,28.644249,28.842184,23.28691,27.080223,22.613853,26.441143,24.036963,19.114538,21.327297,15.962496,18.021072,17.159754,13.617152,10.790142,11.346972,8.348134,12.525801,11.401994,15.228775,17.084084,21.062906,21.235416,22.509882,19.787605,15.640594,17.35272,12.361537,14.943906,12.407411,14.654374,15.111076,16.25228,19.761538,18.437273,24.012486,19.484365,24.156792,23.608597,26.914614
21,36.040245,33.177555,34.214417,28.886787,29.763325,30.561867,27.858776,30.33743,26.14283,30.13522,27.822987,30.206114,27.177986,23.933905,19.438997,18.013403,14.301011,12.857112,8.371748,7.553715,3.558278,0.0,5.457614,6.110088,6.786327,8.051281,11.617782,14.076162,16.71501,19.739618,21.124336,26.345137,28.926758,30.91051,25.986216,23.635897,26.554783,27.050581,21.789856,20.940094,25.240992,21.33999,17.85004,20.84851,23.95779,18.027401,15.808267,22.070738,23.732098,26.327003,22.71577,17.694477,21.601875,23.589832,19.022217,16.37386,16.535027,17.128899,21.062115,23.39511,20.906454,25.370832,27.027021,30.343426,28.762686,27.172737,30.71111,32.03985,26.886238,27.387909,31.540369,31.981472,26.520473,30.461674,26.06236,29.938034,27.554579,22.636942,24.727982,19.33979,21.16613,19.945803,16.774494,13.957538,14.680967,10.818031,15.429422,13.182776,16.90343,18.169489,22.04348,21.669926,22.750237,20.37304,16.282871,18.70333,13.665008,17.39001,14.854283,17.647137,17.955444,19.014639,22.776884,21.530437,27.32507,22.820316,27.4432,26.925905,30.070883
22,37.83694,35.452126,36.82955,31.59022,32.86767,33.3401,31.44323,33.863113,29.89509,34.1613,31.996838,34.623135,31.611423,28.467447,24.17888,22.127163,18.856485,16.429703,13.358379,10.370366,6.5876403,5.457614,0.0,6.7185717,9.275156,12.124084,14.565531,17.887527,20.036808,23.580278,24.257408,29.963037,32.500736,33.915714,28.719288,26.447012,28.708513,28.829927,23.693434,22.790592,26.249304,22.133865,18.911905,21.116285,23.758154,17.478771,15.23802,20.85539,21.983133,24.286453,21.478624,15.179394,19.186932,21.954803,17.991697,16.48487,17.389927,18.673094,21.492826,23.523159,22.56838,26.983473,29.293882,32.120495,30.025602,28.826668,33.018696,34.200634,28.924168,30.384779,34.067047,34.01166,28.687153,32.4467,27.905756,31.442919,28.683432,23.749987,24.79646,19.717361,20.514868,18.4222,16.212286,14.511105,16.580465,14.256387,18.779379,17.85898,21.679321,23.325104,27.245771,27.056791,28.13264,25.603384,21.413904,23.43851,18.016909,20.779388,16.740929,19.757736,18.70964,18.842918,22.964603,22.518404,28.345415,24.595596,29.476597,29.280884,32.837296
23,38.581604,35.974506,36.411797,31.056437,31.62464,31.363716,29.277334,30.701996,26.353716,30.288025,27.555902,29.931723,26.623123,23.910374,19.154991,17.18038,14.104646,11.482701,9.815579,5.876498,5.4323845,6.110088,6.7185717,0.0,3.3448324,6.9958,8.254769,11.848793,14.00181,17.457788,18.57579,23.927362,27.207016,28.144915,22.88328,21.272465,23.744759,23.1808,18.122097,17.976995,21.413057,16.518871,13.827153,17.16916,19.274187,12.648634,11.625186,18.045017,18.859598,20.981861,16.956652,12.643089,15.79298,17.54168,12.912207,10.498011,11.032623,12.041992,15.408007,17.559265,15.988489,20.353563,22.578117,25.468336,23.569931,22.442966,26.529976,27.97723,22.918442,24.375893,28.328766,28.649036,23.712234,28.130844,24.05759,28.259953,26.07245,21.262505,23.654602,18.678852,20.55908,19.567616,16.152264,14.31689,14.845426,13.130209,16.121805,15.047072,18.665464,19.93262,24.108738,23.826681,25.69138,23.428713,19.602108,21.548422,17.220015,19.450588,17.2759,18.800552,19.211391,19.949324,23.26422,22.168188,27.110937,22.587112,27.1994,26.028917,29.603338
24,39.34765,36.475166,36.632164,31.262676,31.491163,31.309738,28.70453,29.928852,25.35845,28.962141,25.92378,27.98037,24.508228,21.920866,16.600504,15.388186,11.954539,10.22541,7.9833,5.8681726,6.564045,6.786327,9.275156,3.3448324,0.0,3.8798707,6.333295,9.218081,12.142237,14.953048,17.15658,21.860958,25.653526,26.727673,21.624336,20.336359,23.271816,22.578646,17.573387,17.83172,21.610207,16.52058,14.10678,18.140951,20.148481,13.727472,13.301232,19.868353,20.683924,22.691542,18.066233,15.01273,17.456705,18.534803,13.515227,10.082665,10.523243,10.423993,14.457093,17.263142,14.711992,18.75202,20.612701,23.767748,22.465885,21.355864,24.996494,26.760597,21.961071,22.81968,27.226734,28.015068,23.227633,27.95113,24.155268,28.66543,26.828915,22.134842,25.206028,20.205805,22.605625,22.03876,18.246181,15.984171,15.645113,13.26726,15.83232,13.760869,17.121988,17.80915,21.9796,21.353462,23.44937,21.53193,18.002907,20.283047,16.608534,19.330666,18.281683,19.49102,20.712603,21.88008,24.938154,23.427906,28.16537,23.19829,27.551556,25.99144,29.295143
25,38.703648,35.535572,35.440834,30.112465,30.008432,30.075298,26.850586,28.045614,23.32766,26.584536,23.374699,25.13234,21.607512,19.002813,13.269342,12.965507,9.038747,8.794195,5.4433665,6.5794196,7.9465995,8.051281,12.124084,6.9958,3.8798707,0.0,5.6745653,6.751158,10.503152,12.464264,15.67219,19.67994,23.606947,25.17803,20.42256,19.1653,22.651281,22.282495,17.356295,17.703382,22.051567,17.390812,14.928244,19.339642,21.634687,15.925604,15.462423,22.012178,23.202961,25.364141,20.467852,18.2569,20.633028,21.2011,16.129826,12.161821,11.851292,10.907671,15.720939,18.6547,14.766229,18.608706,19.735706,23.31294,22.579271,21.15574,24.066261,25.972818,21.41509,21.30343,26.12932,27.37801,22.596022,27.387985,23.81991,28.493195,26.993189,22.465527,26.149601,21.120432,24.044847,23.943771,19.814192,17.010422,15.775852,12.559482,14.678962,11.402068,14.377561,14.462916,18.566736,17.667501,19.90319,18.276764,15.087869,17.668962,14.798789,18.059383,18.29091,19.222801,21.307701,22.979069,25.74289,23.768284,28.350754,22.982061,26.992626,25.192337,28.074724
26,37.585968,34.694294,33.992275,28.762096,28.381796,27.452057,24.97508,25.212484,20.554943,23.858185,20.553497,22.580353,19.062675,16.889534,12.063192,10.09215,7.8298545,5.5563035,7.631355,5.7179637,9.755699,11.617782,14.565531,8.254769,6.333295,5.6745653,0.0,4.2213807,5.8805327,9.324582,10.911752,15.707874,19.540462,20.401072,15.330569,14.33163,17.467747,16.703318,11.798675,12.534584,16.546694,11.843644,9.653798,14.422325,16.395864,11.453099,11.549182,17.709686,18.915695,21.144882,16.13407,15.393261,17.723198,17.671167,13.117766,9.6504755,7.302215,7.5860424,12.87867,14.228813,9.818027,14.591904,15.76754,19.282515,17.744064,15.879775,19.130596,20.720554,15.9320545,16.490246,20.968786,21.993204,17.41431,22.438744,19.154127,24.020128,22.80597,18.579243,22.739153,18.276768,21.502768,22.051704,17.648396,15.477115,13.627754,12.640984,12.790927,11.563326,14.166616,14.926695,19.034761,18.954754,21.638826,19.71457,16.793156,18.178997,15.978951,17.196041,17.940351,17.523046,19.946762,21.566547,23.597717,21.579277,25.170565,19.817327,23.59427,21.269833,24.431416
27,38.294674,35.117737,34.044666,28.944765,28.096668,27.317259,24.164679,24.086008,19.256344,21.910873,18.20307,19.68019,15.953207,14.047567,8.396487,8.02107,5.644342,6.1789536,7.8859673,8.950083,12.664052,14.076162,17.887527,11.848793,9.218081,6.751158,4.2213807,0.0,4.4897285,5.798131,9.710093,12.971747,17.45842,18.729141,14.233725,13.720633,17.511124,16.863436,12.496124,13.639171,17.94232,13.807741,12.154407,17.038656,18.936531,14.916082,15.274261,21.067944,22.375315,24.502848,19.274435,19.450005,21.31769,20.72721,16.218346,12.334779,10.005824,8.813492,14.327317,16.042637,10.328633,14.230454,14.362312,18.332033,17.746708,15.724061,17.844395,19.771852,15.607344,14.786371,19.902372,21.655092,17.441772,22.58372,19.855066,24.872236,24.185831,20.353968,25.104101,20.807882,24.43224,25.364815,20.797132,18.262495,15.649183,14.001966,13.379082,10.945443,12.61565,12.388023,16.262506,15.830384,18.887102,17.505646,15.328322,16.883904,15.998162,17.57546,19.740526,18.973936,22.212267,24.24322,25.934414,23.502565,26.7224,21.049051,24.250668,21.514744,24.085037
28,36.488937,33.546165,31.999435,27.080711,26.008722,24.470953,21.963263,21.11411,16.448666,19.141977,15.515289,17.362793,13.843179,12.293828,8.599664,5.9509516,6.407258,5.338983,10.402497,10.050652,14.480637,16.71501,20.036808,14.00181,12.142237,10.503152,5.8805327,4.4897285,0.0,4.895032,5.3710704,9.9570675,13.794523,14.716586,9.946419,9.362278,13.051476,12.553033,8.260215,9.5824175,13.852478,10.673059,9.163418,13.852753,15.7651415,13.334957,13.669194,18.586864,20.211933,22.543354,17.655453,18.79376,20.911697,19.976799,16.279299,13.294113,9.472384,9.70785,14.88341,14.778622,8.593319,13.287365,13.086931,16.965693,15.503152,12.601916,14.693548,16.012678,11.493065,10.861317,15.656098,17.211977,12.980979,18.213428,15.778187,20.878588,20.527182,17.146267,22.286392,18.625448,22.470093,23.996878,19.373219,17.29161,14.165506,14.2099,11.950672,11.464531,12.597886,13.165976,16.726685,17.20632,20.29158,18.569464,16.62459,17.05295,16.711216,16.583246,19.23799,17.410833,20.945988,22.983185,23.965096,21.462887,23.749947,18.176584,20.97397,17.83035,20.49859
29,39.323513,36.120907,34.244938,29.54139,28.004595,26.654118,23.460842,22.160467,17.47938,19.057108,14.860786,15.619098,11.752002,11.113186,6.4290175,7.1485233,7.7084913,9.334652,12.669948,14.055079,18.096327,19.739618,23.580278,17.457788,14.953048,12.464264,9.324582,5.798131,4.895032,0.0,7.1828423,7.544463,13.113433,14.132284,10.591206,11.384394,15.356455,14.478683,11.546506,13.456853,17.252975,14.249601,13.729699,18.334549,19.697393,17.524336,18.445553,23.192514,24.503983,26.447706,21.240515,23.142342,24.459259,23.020977,19.229885,15.747166,12.678517,11.265112,16.130522,16.86199,10.153436,12.919772,11.447952,15.666693,15.731601,13.234624,13.696833,15.750044,12.666057,10.269299,15.832623,18.413338,15.271846,20.455706,18.91708,23.968206,24.17845,21.273966,26.679926,23.178059,27.15576,28.781124,24.1267,21.815321,18.442327,17.673347,15.3217125,13.509166,13.617093,12.76703,15.700744,15.527275,19.039623,18.21964,17.26674,18.035454,18.93263,19.45552,23.042957,21.214544,25.183962,27.4439,28.298866,25.566227,27.55022,21.882801,24.04801,20.54787,22.452732
30,34.69546,31.966969,29.705828,25.22246,23.684372,21.281689,19.416252,17.381502,13.127387,15.4199915,11.9777565,14.095177,11.155649,10.41328,9.964094,6.0856504,9.474077,8.449705,14.515144,13.978143,18.451134,21.124336,24.257408,18.57579,17.15658,15.67219,10.911752,9.710093,5.3710704,7.1828423,0.0,6.9703984,8.955208,9.788433,5.179283,4.3100057,8.294491,8.767334,5.778712,7.014032,10.992765,10.517636,9.514673,12.940041,14.876249,15.074035,15.16815,18.493378,20.594017,23.110193,18.940891,21.070425,23.381575,22.084217,19.407818,17.300508,12.779228,13.81925,18.25592,16.489191,10.493299,14.8494,13.812825,17.340252,15.28679,11.303044,12.332021,12.521748,8.066111,6.5133915,10.75721,12.328111,8.212679,13.382272,11.8339205,16.891663,17.339024,15.03461,20.67535,18.10183,22.171194,24.493683,19.990398,18.359343,14.642705,16.19566,12.158994,13.441532,13.459877,14.494904,17.210798,18.589762,21.582525,19.756287,18.462526,17.667217,18.447935,16.563465,20.18321,17.132603,21.144764,23.283432,23.224676,20.549242,21.363625,16.056986,17.789299,13.984124,16.317585
31,39.143314,36.199345,33.345943,29.354147,27.128805,24.754955,22.265812,19.204483,15.381214,15.539231,11.394542,11.51499,8.476366,10.139848,10.258548,9.882989,13.114282,14.180868,18.970152,19.824514,24.170029,26.345137,29.963037,23.927362,21.860958,19.67994,15.707874,12.971747,9.9570675,7.544463,6.9703984,0.0,7.1117406,7.3038754,6.411898,8.958925,12.09849,11.543596,11.365051,13.437709,15.967446,15.544242,15.9606495,19.331238,20.231815,20.752829,21.74564,24.805424,26.34946,28.257475,23.749836,27.071987,28.304955,26.271677,23.669186,21.15599,17.261816,16.778284,20.644566,19.455711,13.134451,14.985755,12.171924,15.625848,15.426869,11.989599,9.883526,10.857663,9.647054,4.5142045,9.784867,13.263788,12.008274,16.461466,16.760248,21.313244,22.685905,21.275978,27.039263,24.847153,28.976564,31.426943,26.926262,25.135258,21.231298,21.959528,17.91104,17.808397,16.698414,16.217176,17.81232,18.6477,22.016712,21.308353,21.309744,20.711143,22.978672,21.694426,26.308828,23.228136,27.648474,29.980244,29.688053,26.8178,26.994677,21.868252,22.536684,18.317884,19.315037
32,34.11354,31.425901,27.95457,24.622345,21.996138,19.00526,17.232534,13.067618,10.335234,9.73689,6.728186,7.8391485,7.1332564,9.0038395,13.269552,11.2242155,15.566979,16.155298,21.436852,22.143589,26.290451,28.926758,32.500736,27.207016,25.653526,23.606947,19.540462,17.45842,13.794523,13.113433,8.955208,7.1117406,0.0,5.4964647,7.4454846,7.4498715,9.557479,11.984554,12.640349,13.03841,15.494247,17.924196,17.45238,19.3057,21.12172,23.324621,23.134188,25.080643,27.573622,30.093197,26.619982,29.3756,31.697773,30.050526,27.956335,26.008457,21.509144,22.187246,26.2345,23.980639,18.18987,21.02269,18.590097,21.59409,20.262634,16.08036,14.061616,12.898409,11.594235,6.800187,8.273556,10.832089,9.48592,11.794196,13.012578,16.564081,18.648726,18.477722,24.171816,22.984337,27.136608,30.232151,26.045458,24.461699,20.242039,21.960539,16.814608,18.314465,16.439869,16.976196,17.6537,19.80597,22.46085,21.213503,21.563364,19.568338,22.608467,19.651398,24.980812,21.0442,25.734833,28.19239,26.925394,23.922346,22.798641,18.320702,17.588629,13.300491,13.18052
33,38.016205,35.66835,32.19422,28.885424,26.47706,22.842617,22.021471,17.600315,15.221368,14.938997,12.224612,12.913764,11.840954,13.888992,16.507593,14.32019,18.397476,18.15924,24.03561,23.704798,28.180937,30.91051,33.915714,28.144915,26.727673,25.17803,20.401072,18.729141,14.716586,14.132284,9.788433,7.3038754,5.4964647,0.0,5.4277663,8.330194,8.643155,8.773446,11.488664,13.043671,13.560539,15.993769,16.967205,18.582745,19.019741,22.072361,22.88522,24.01974,25.76952,27.689684,24.353199,28.456394,29.869705,27.6633,26.312386,24.945957,20.469984,21.25153,24.344318,21.294645,16.30833,18.288015,15.819699,18.014338,16.375298,12.332492,9.630266,7.72053,8.051618,4.2616167,3.3442178,7.0989285,8.578614,11.429372,13.728071,17.276096,19.60176,19.762972,25.258884,24.55984,28.427187,31.470919,27.42851,26.474024,22.625341,25.05926,20.102419,21.979856,20.7659,21.307806,22.509066,24.246078,27.204248,26.007774,25.960949,24.314344,26.619516,23.603683,28.101877,24.105108,28.28748,30.348661,29.035334,26.4124,24.808449,20.773867,20.206907,15.69431,16.291525
34,36.88219,34.47583,31.646696,27.677464,25.8167,22.515495,21.542543,18.215107,14.857483,16.160957,13.020078,14.640272,12.4237995,13.12271,14.0185995,10.896682,14.558232,13.491883,19.666388,18.657015,23.212818,25.986216,28.719288,22.88328,21.624336,20.42256,15.330569,14.233725,9.946419,10.591206,5.179283,6.411898,7.4454846,5.4277663,0.0,4.75046,6.24891,5.3563957,6.29785,8.458112,9.780078,10.952129,11.727745,14.014147,14.643652,16.829094,17.700033,19.484346,21.170341,23.234251,19.524307,23.218449,24.79863,22.849184,21.182247,19.798069,15.190809,16.347942,19.709274,16.740038,11.534249,14.691552,13.095755,15.802605,13.409085,9.0008955,8.73894,7.8232384,4.3785157,2.6523297,5.7123036,7.825151,6.1646094,11.212047,11.620608,16.20298,17.578812,16.568893,22.116095,20.701529,24.551567,27.235691,23.043636,22.087223,18.492971,20.954905,16.477467,18.430014,18.052736,18.957375,21.091974,22.613358,25.667881,24.079279,23.22314,22.02628,23.26735,20.627335,24.312523,20.702892,24.560026,26.473553,25.73967,23.253672,22.668045,18.124462,18.825897,14.499292,16.421286
35,32.2506,29.840687,27.19487,23.074846,21.411325,18.246368,17.37402,14.6343,11.1046,13.506778,10.982522,13.695957,11.802394,11.298385,13.104473,8.587592,12.5565405,11.0036,17.346226,16.313906,20.620188,23.635897,26.447012,21.272465,20.336359,19.1653,14.33163,13.720633,9.362278,11.384394,4.3100057,8.958925,7.4498715,8.330194,4.75046,0.0,4.4779806,7.3776317,5.873525,5.599516,9.031518,11.341339,10.189146,11.941201,14.238362,16.297302,15.772617,17.741543,20.390778,23.198902,19.939383,22.125576,24.927898,23.723711,21.775578,20.373278,15.569718,17.400522,21.436192,18.631594,13.4944725,17.866114,16.832327,19.859474,17.098696,12.683619,13.41968,12.27046,7.9317584,6.839867,8.748126,9.344218,4.3984003,9.129333,7.978421,12.867984,13.813298,12.454192,18.199472,16.610184,20.653625,23.519886,19.303017,18.153313,14.320718,17.156038,12.253437,15.148653,14.810494,16.546875,18.75145,20.835741,23.46982,21.324894,20.15906,18.466337,19.502926,16.192013,19.976973,16.128016,20.155682,22.228876,21.357746,18.705765,18.334143,13.515897,14.43131,10.286436,12.638909
36,32.47333,30.588604,27.727642,24.031528,22.48229,18.438133,19.015564,15.688854,13.314094,15.537833,13.914081,16.63587,15.419637,15.320809,17.575134,12.974654,16.772282,14.524282,21.061264,19.08369,23.316198,26.554783,28.708513,23.744759,23.271816,22.651281,17.467747,17.511124,13.051476,15.356455,8.294491,12.09849,9.557479,8.643155,6.24891,4.4779806,0.0,5.5740533,6.5834637,5.980598,6.3939185,11.229078,10.881357,10.857538,12.485948,16.52565,16.116844,16.335255,18.965813,21.685452,19.367743,22.204893,24.91261,23.584988,22.61832,22.10464,17.202642,19.694378,22.953281,19.013945,15.129926,19.27873,18.536112,20.822289,17.24048,12.792206,13.750144,11.454072,7.538198,8.564331,7.454154,6.060456,0.09123203,5.543074,5.7539635,10.085916,11.606675,11.520653,16.801725,16.51193,20.105234,23.27197,19.559189,19.302797,15.9463005,19.966614,15.037652,18.927084,18.764267,20.82905,22.904737,25.189579,27.69258,25.395649,24.124182,22.10339,22.833502,18.701641,21.799526,17.567665,20.969877,22.609001,21.090345,18.874563,17.175203,13.488091,13.724059,9.550299,12.184046
