,0,1,2,3,4,5,6,7,8,9,10,11,12,13,14,15,16,17,18,19,20,21,22,23,24,25,26,27,28,29,30,31,32,33,34,35,36,37,38,39,40,41,42,43,44,45,46,47,48,49,50,51,52,53,54,55,56,57,58,59,60,61,62,63,64,65,66,67,68,69,70,71,72,73,74,75,76,77,78,79,80,81,82,83,84,85,86,87,88,89,90,91,92,93,94,95,96,97,98,99,100,101,102,103,104,105,106,107,108,109,110
0,0.0,4.3057337,6.2508297,9.474849,12.104726,14.074161,17.981731,20.910555,24.379377,26.877499,30.413687,29.756618,27.957748,29.078453,25.125671,26.535574,25.17149,24.183405,26.904606,24.850334,28.738937,28.01327,32.50504,31.338728,32.357418,29.9167,32.18396,33.86587,29.660915,32.909264,31.517591,35.236454,38.327095,38.831768,41.851757,43.171215,46.938305,46.807365,43.933804,40.919174,42.568844,39.53039,36.991425,38.20201,33.71426,34.68752,31.256844,34.821213,37.5339,38.435547,37.810005,40.429607,38.407608,42.1907,41.9954,45.007595,41.333168,44.165207,45.481888,42.891224,39.80422,39.476814,36.242805,33.42596,32.105526,27.857073,28.198011,23.949818,23.678986,19.37505,19.971823,24.772934,23.767807,29.817873,28.346777,32.72041,34.01104,35.363678,37.71309,37.736336,38.434715,36.067844,32.664898,30.595413,27.26742,28.302217,23.401756,23.97535,21.07753,22.740519,20.68889,23.786951,23.118763,24.40855,23.999662,22.172888,18.669933,19.126953,17.432117,15.157935,16.069384,17.107046,17.455564,20.06989,19.328608,17.397118,19.720871,19.295498,18.74543,21.911623,20.820663
1,4.3057337,0.0,5.2881913,6.4550447,8.803945,11.978016,14.782642,18.800076,21.617678,24.574968,27.862911,27.751701,25.995157,26.637192,22.726442,23.479877,22.082254,20.593155,23.3377,20.908121,24.739437,24.25389,28.53198,27.146635,28.30517,25.8541,28.018076,29.595997,25.382265,28.639193,27.369192,31.10856,34.4935,35.065723,38.107468,39.615047,43.233746,42.96892,40.014065,36.895702,38.53171,35.321365,32.866188,33.95188,29.602764,30.512022,27.156738,30.78741,33.552803,34.598404,33.97126,36.797043,35.00822,38.748154,38.285236,41.338028,37.650257,40.407154,41.89672,39.54755,36.35977,36.378284,32.966488,30.461435,29.101406,25.10354,25.736511,21.436893,21.119707,16.484074,16.51972,21.181292,20.105482,26.195967,25.032207,29.225925,30.88791,32.159817,34.672535,34.987385,35.475544,32.86076,29.684345,27.282969,23.738787,24.564734,19.491892,19.765142,16.777195,18.479317,16.617794,19.905699,19.609493,21.297806,20.895296,19.01038,15.681807,15.843235,13.417354,11.033323,11.860916,12.934397,13.690525,16.612118,16.073494,13.83434,16.925026,15.784403,16.015486,18.988392,18.583422
2,6.2508297,5.2881913,0.0,5.226707,6.884999,8.222166,12.299184,14.794106,18.493742,20.755976,24.613682,24.158743,22.895435,24.13562,20.794481,22.04094,21.786562,20.559837,24.349888,22.516562,26.610504,26.910425,31.12991,29.338379,31.298824,28.860027,30.329645,31.469282,26.217598,29.363577,27.212158,31.200563,33.295288,34.193535,36.81442,38.07473,41.9977,41.859055,39.342236,36.647556,37.87262,35.45055,32.527393,34.41195,29.635223,31.378668,28.167917,32.1466,34.60478,35.316006,34.161808,36.75298,34.38945,37.81194,37.430374,40.094517,36.18154,38.97736,39.972584,37.20438,34.178986,33.841763,30.933378,28.039042,27.495985,22.852573,23.742367,19.37806,20.253288,15.538497,15.2535095,20.120682,18.629639,24.684826,22.572994,27.093485,28.042156,29.490847,31.77781,31.74963,32.71431,30.533943,27.37556,25.518684,22.172953,23.93461,18.844738,20.658503,18.297386,20.659641,19.59391,22.706818,22.94655,24.672739,23.439936,20.999283,17.467127,16.541847,15.32419,12.008168,14.786442,14.517795,16.42862,19.487257,17.970732,15.277612,16.874727,15.091425,14.11791,16.626633,15.142753
3,9.474849,6.4550447,5.226707,0.0,3.8203819,6.1013556,9.148601,12.909009,15.392539,18.540304,21.482986,21.401636,19.682022,20.266613,16.611885,17.379488,16.7535,15.395704,19.134989,17.462934,21.641195,22.136042,26.44221,24.816414,27.270151,25.2395,26.900429,27.584003,22.274923,24.979664,23.117142,26.538073,29.091991,29.513317,32.479618,33.709316,37.531017,37.504345,34.732635,31.931221,33.635483,31.136532,28.5752,30.514683,26.356424,28.14558,25.290092,29.44859,32.047356,33.139385,31.920435,34.984406,33.057953,36.256916,35.180183,37.730087,33.55189,36.04676,37.14336,34.84365,31.588491,32.1743,29.217245,26.919033,26.781418,22.447884,24.047195,19.66716,20.764725,15.594682,13.70356,18.193228,15.9089365,22.218582,19.798096,24.088312,25.357368,26.316221,28.637661,28.776955,29.171345,26.660997,23.328733,21.137218,17.816881,19.067093,14.327406,15.983271,14.136881,17.030102,16.656872,20.361887,21.252058,23.645933,22.789919,20.476645,17.446,16.064507,13.222535,9.406324,11.305561,9.87045,11.918001,14.953681,13.107513,10.222318,11.983048,10.068487,9.717182,12.587363,12.245093
4,12.104726,8.803945,6.884999,3.8203819,0.0,5.291778,5.985058,10.832609,13.073957,16.19937,19.57326,20.175734,19.179422,19.57422,16.672272,16.657568,16.974436,14.859543,19.22994,17.14441,21.146845,22.355799,26.036818,23.726097,26.423286,24.156057,25.070766,25.644117,19.81975,22.773985,20.39485,24.44051,26.50379,27.600937,30.132483,31.621775,35.403214,35.10622,32.58827,29.88825,30.991354,28.63964,25.702637,27.81012,23.227734,25.332602,22.483707,26.757942,29.150652,30.037579,28.608,31.553427,29.460308,32.570316,31.564056,34.08125,29.95415,32.56048,33.66313,31.250982,28.041325,28.431929,25.42631,23.107603,23.040768,18.704016,20.483973,16.146059,17.612717,12.403036,10.030036,14.521366,12.280527,18.547846,16.38922,20.713701,22.127583,23.391008,25.911531,26.329967,26.982578,24.448822,21.723028,19.401909,15.685659,17.50054,12.053323,14.357742,12.529402,15.480963,15.587773,18.830095,20.126858,22.528694,21.091003,18.485167,15.597094,13.464363,11.345355,7.2124076,10.983997,9.335194,12.846602,16.156784,14.51078,11.195898,13.188389,9.278261,9.584652,11.146068,10.985149
5,14.074161,11.978016,8.222166,6.1013556,5.291778,0.0,6.2271914,7.05538,10.539018,12.927305,16.419598,16.055737,15.090568,16.325596,13.777246,14.982742,16.252127,15.268114,20.203848,19.432571,23.60517,25.10828,29.075628,27.02283,30.40195,28.525055,29.336462,29.369392,23.000835,25.298073,22.391724,25.857063,26.62046,27.389507,29.774466,30.645794,34.80627,34.96782,32.78081,30.597315,31.80872,30.428778,27.409576,30.380695,25.99708,28.811207,26.362797,30.821371,32.999596,33.76401,31.905533,34.74938,32.30686,34.934525,33.725777,35.66628,31.16008,33.54734,33.98579,31.320528,28.247192,28.724606,26.52337,24.018995,25.209524,20.343819,22.558792,18.373386,20.99451,16.039495,13.251703,17.34091,14.265198,20.196795,16.230707,20.798458,21.075003,22.076853,24.05617,23.76493,24.660591,22.69616,19.42954,18.015982,15.13906,17.69007,13.425008,17.157131,16.466032,19.903671,20.52471,23.871809,25.359745,27.804987,26.235275,23.50766,20.580433,18.126268,16.486269,12.30061,15.701663,13.0020485,16.063295,18.886473,16.186888,13.1804905,12.661199,9.7005625,7.4250326,8.930826,6.939032
6,17.981731,14.782642,12.299184,9.148601,5.985058,6.2271914,0.0,6.880847,7.5741386,10.982129,14.238748,15.733515,15.603931,15.622985,14.059768,13.124542,15.19184,12.728134,18.06616,16.540136,20.245535,22.647497,25.639095,22.797812,26.505716,24.555521,24.522327,24.231356,17.41481,19.810635,16.476702,20.573803,21.263777,22.82898,24.844141,26.293724,30.188389,29.87811,27.776207,25.513746,26.137907,24.654955,21.376673,24.403841,19.873558,22.976278,20.789108,25.339806,27.327513,28.085552,26.039812,29.021933,26.790932,29.229963,27.693415,29.65588,25.150003,27.537754,28.262758,25.857815,22.628336,23.506956,20.98388,19.007566,20.28327,15.966723,18.764256,14.881473,17.700766,12.916241,8.60585,11.807141,8.196176,14.171588,10.693399,15.105547,16.233458,17.41718,19.946022,20.497263,21.26143,18.799297,16.620937,14.428898,10.651774,13.575081,8.316057,12.7051735,12.433746,15.883068,17.407406,20.244822,22.43366,25.095772,23.209454,20.438938,18.217243,14.98865,13.432043,9.575074,13.786429,10.7303,15.152294,18.115812,16.009031,12.687389,13.33043,7.6360173,8.026432,6.993938,7.4740086
7,20.910555,18.800076,14.794106,12.909009,10.832609,7.05538,6.880847,0.0,5.286011,6.0062847,10.517419,10.674886,11.6165285,13.112662,12.95692,13.625265,17.163263,16.194294,21.845427,21.705687,25.445576,28.031282,31.244452,28.66027,32.85795,31.181488,30.973957,30.270163,23.12051,24.822426,20.894653,24.296112,22.843267,24.265112,25.696545,26.286312,30.653065,30.877605,29.488983,28.092531,28.498068,28.452194,25.007933,29.013245,24.641262,28.47063,26.679796,31.243307,32.863056,33.29229,30.77353,33.35134,30.548252,32.34202,30.845512,31.988667,27.205744,29.342146,29.034637,26.09764,23.29089,23.853148,22.65017,20.267595,23.139435,18.233366,21.25949,17.80755,21.837679,17.638952,13.953831,16.599432,12.917822,17.455687,11.792199,16.250437,15.2742605,16.31597,17.906553,17.298098,18.87363,17.582884,15.04327,14.599016,12.453073,16.423725,13.21365,18.550684,19.059614,22.65246,24.274433,27.083881,29.220142,31.739983,29.585905,26.63769,24.17818,20.82597,20.143272,16.219456,20.354172,16.965445,20.767195,23.352867,20.396978,17.467197,15.772767,11.751853,9.254589,7.2855315,3.9773002
8,24.379377,21.617678,18.493742,15.392539,13.073957,10.539018,7.5741386,5.286011,0.0,4.585879,6.6923594,8.844078,10.022389,10.026245,10.972834,10.0239105,14.511745,13.213491,18.911037,19.131914,22.40353,25.614738,28.271286,25.600128,30.351406,29.113722,28.603271,27.254223,20.014933,20.94659,16.912704,19.66298,17.726393,19.037544,20.442184,21.047039,25.385744,25.649382,24.250408,23.011251,23.529537,23.889002,20.670364,25.073486,21.452873,25.57507,24.440344,28.998415,30.502344,31.169086,28.487148,31.384508,29.046125,30.37792,28.098438,28.915386,23.849003,25.537432,25.210907,22.863184,19.8354,21.66911,20.618753,19.201351,22.635744,18.52808,22.134983,19.11594,23.084972,19.058554,14.358999,15.701819,11.330972,15.070385,8.605368,12.418693,11.629084,11.865389,13.576194,13.397039,14.288124,12.512652,10.261226,9.541589,7.645604,12.026811,10.090279,15.886623,17.496698,21.185488,23.618996,26.364576,29.041033,31.887178,29.92082,27.166842,25.311625,21.725721,20.37188,16.812954,20.276087,16.286575,20.185797,22.378208,19.475016,16.798353,14.897291,10.294757,9.002557,4.9552755,5.165443
9,26.877499,24.574968,20.755976,18.540304,16.19937,12.927305,10.982129,6.0062847,4.585879,0.0,5.8868546,7.5088882,10.56985,11.62382,13.789796,13.613779,18.49924,17.634642,23.270357,23.689884,26.867798,30.173502,32.706936,29.893377,34.66745,33.321537,32.43994,31.061617,23.689707,24.601246,20.161053,23.002064,19.56587,21.38115,21.897205,22.13741,26.579348,26.921717,26.271221,25.665653,25.473286,26.701313,23.18226,27.968328,24.098513,28.58261,27.539711,32.011646,33.17589,33.45602,30.48778,32.91676,30.101624,31.028528,29.045885,29.360216,24.359234,26.015398,24.992132,22.098444,19.566067,20.712881,20.587677,18.81936,23.125967,18.802963,22.405436,19.84063,24.455387,20.969162,16.79473,17.877985,14.011608,16.633034,9.791928,13.244521,10.833789,11.464527,12.435317,11.472293,13.616113,13.089145,11.631199,12.302553,11.436161,16.010563,14.451579,20.288763,21.778408,25.324347,27.667389,30.126995,32.734303,35.366905,33.01943,30.090382,28.127872,24.373423,23.933632,20.391523,24.427053,20.658379,24.616621,26.870834,23.860216,21.188107,18.908863,14.766434,12.7909355,9.157625,7.479623
10,30.413687,27.862911,24.613682,21.482986,19.57326,16.419598,14.238748,10.517419,6.6923594,5.8868546,0.0,4.794222,7.8602505,7.5686297,11.482261,10.770026,16.254295,16.135252,21.2258,22.725824,25.450338,29.019966,31.351952,29.009268,34.324978,33.66962,32.953068,30.899443,23.84889,23.598923,19.588728,20.736404,16.657465,17.267876,17.992744,17.433191,22.043005,23.032047,22.38343,22.257582,22.83544,24.827845,22.068153,27.207947,24.67891,29.200644,28.85471,33.243664,34.416183,35.07777,32.083637,34.892082,32.664227,33.12517,30.270906,30.108866,24.852747,25.710371,24.438543,22.4726,19.887074,22.643295,22.89844,22.161007,26.777252,23.153032,27.022675,24.62002,28.958742,25.343098,20.57848,21.03863,16.738813,18.767078,11.786959,13.739849,11.20305,9.7938385,9.73458,8.158141,8.814638,8.475247,6.296995,8.421958,9.782943,13.707589,14.683121,20.275234,22.820992,26.502754,29.382448,32.101357,35.035408,38.014236,36.10557,33.42499,31.797636,28.10858,26.677774,23.275282,26.204704,21.855776,25.23835,26.828146,23.594486,21.534296,18.30517,15.171586,13.431931,9.555673,9.717726
11,29.756618,27.751701,24.158743,21.401636,20.175734,16.055737,15.733515,10.674886,8.844078,7.5088882,4.794222,0.0,4.6442204,6.690163,10.387613,11.792282,16.741966,17.700214,22.6254,24.66977,27.774174,30.844032,33.84697,31.988834,37.207085,36.59101,36.404747,34.548035,27.57874,27.445908,23.728298,24.644505,21.132408,20.940006,22.11542,21.029839,25.68137,27.104227,26.322544,26.179504,27.323988,29.16622,26.596064,31.580881,28.986326,33.330765,32.70035,37.188423,38.56019,39.26555,36.372852,39.17786,36.782917,37.46006,34.839085,34.76207,29.536322,30.467466,29.08365,26.933716,24.48228,26.781208,27.089693,25.882004,30.348267,26.21329,29.850979,27.112293,31.476896,27.54945,23.105227,24.376648,20.047497,22.865938,15.844366,18.34123,15.662591,14.476516,13.993688,11.598594,12.259451,12.559367,9.103282,11.656011,13.17625,16.61159,17.528631,22.995584,25.279364,29.161966,31.67895,34.78704,37.453583,40.41731,38.6451,35.909748,33.887844,30.41606,28.821436,25.056883,27.7956,23.390709,26.26014,27.732956,24.071087,22.21852,18.060099,16.306578,13.274843,10.539288,9.251976
12,27.957748,25.995157,22.895435,19.682022,19.179422,15.090568,15.603931,11.6165285,10.022389,10.56985,7.8602505,4.6442204,0.0,3.9514837,6.4033427,9.265494,13.354227,15.244714,19.692198,22.30771,25.567902,28.166643,31.678686,30.439137,35.582314,35.236504,35.729794,33.931324,27.358942,27.069754,24.032444,24.336422,22.238934,20.949787,23.15344,21.97766,26.542925,28.223806,26.739403,26.148396,28.318457,29.512556,27.455662,32.044533,29.863045,33.771267,33.034145,37.54557,39.264496,40.32139,37.719013,40.877098,38.80853,39.83532,37.047256,37.32604,32.05311,32.9664,32.01418,30.223814,27.472242,30.135746,29.883696,28.744795,32.60624,28.427456,31.955275,28.78905,32.670105,28.270552,23.758204,25.512217,20.998295,24.66233,17.9692,20.678513,18.848347,17.41517,17.268925,15.263894,14.834821,14.329481,9.509683,11.406527,13.012524,15.420118,16.834991,21.716127,24.05674,28.057928,30.4187,33.972244,36.509632,39.62746,38.33206,35.77993,33.677113,30.553846,28.106844,24.261084,26.089994,21.528017,23.644545,24.737856,20.830145,19.418924,14.521274,14.267291,10.830222,9.357927,8.700684
13,29.078453,26.637192,24.13562,20.266613,19.57422,16.325596,15.622985,13.112662,10.026245,11.62382,7.5686297,6.690163,3.9514837,0.0,5.1494465,6.221121,10.80019,12.6382065,16.781794,19.696196,22.57939,25.451168,28.619411,27.470816,32.82933,32.796337,33.25511,31.143929,24.839714,24.040089,21.33225,20.916698,19.125515,17.262936,19.855158,18.68822,23.154245,24.899904,23.131592,22.468842,25.067057,26.232098,24.580957,29.109457,27.573261,31.368246,30.975111,35.37875,37.104065,38.378174,35.84154,39.225376,37.559586,38.464874,35.267513,35.521408,30.224218,30.866987,30.132492,28.871927,25.965446,29.348156,28.925465,28.326181,32.092537,28.38924,32.078674,29.024004,32.660366,28.285063,23.404299,24.652418,20.03304,23.38253,17.004063,19.124918,17.845707,15.872802,15.860013,14.39856,12.962511,11.766782,6.461369,8.107499,10.485924,12.209695,14.836155,19.38015,22.263676,26.193575,28.910635,32.426647,35.196907,38.479702,37.391857,35.019802,33.263165,30.133127,27.231302,23.674345,24.968145,20.22319,22.234993,23.02606,19.295387,18.131113,13.404071,13.000947,10.690919,8.75548,9.986958
14,25.125671,22.726442,20.794481,16.611885,16.672272,13.777246,14.059768,12.95692,10.972834,13.789796,11.482261,10.387613,6.4033427,5.1494465,0.0,4.97518,7.194991,9.821042,13.734329,16.669548,20.048689,22.185652,26.107237,25.432854,30.389122,30.325075,31.530083,29.842365,23.934406,23.548443,21.492159,21.28736,21.466328,19.32431,22.745483,22.087734,26.303057,27.829117,25.345087,23.875235,27.071405,27.057714,25.607216,29.436779,27.767656,30.968016,30.13771,34.554253,36.67491,38.187088,36.034794,39.63505,38.136753,39.620785,36.627922,37.486553,32.297966,33.26586,33.111343,31.83561,28.659786,31.780481,30.619074,29.760525,32.644665,28.768694,32.148167,28.630335,31.671864,26.88234,22.247341,24.2362,19.713125,24.146244,18.441008,21.186222,20.792257,19.305504,19.97203,18.969444,17.607061,15.715278,10.4832945,10.252829,11.077998,11.781497,13.542292,17.273624,19.699636,23.679708,25.952679,29.883034,32.346725,35.658253,34.984047,32.772057,30.837269,28.161758,24.588875,20.961428,21.466185,16.780376,18.074615,18.727442,14.760359,13.8317585,8.53697,9.778442,7.1098423,7.406467,9.072233
15,26.535574,23.479877,22.04094,17.379488,16.657568,14.982742,13.124542,13.625265,10.0239105,13.613779,10.770026,11.792282,9.265494,6.221121,4.97518,0.0,5.5517797,6.4670405,10.863848,13.489327,16.40785,19.322166,22.486761,21.394909,26.67871,26.755371,27.54282,25.501755,19.622002,18.824736,16.863792,16.322086,16.875505,14.768322,18.403252,18.24777,22.273909,23.479343,20.754108,19.04098,22.276606,22.099781,20.823175,24.629429,23.41172,26.606382,26.15526,30.46659,32.489376,34.123615,31.97371,35.723442,34.59024,35.906013,32.569096,33.42751,28.286886,29.07983,29.226114,28.401794,25.09191,28.782167,27.41216,27.12991,29.91707,26.662682,30.21506,26.990608,29.842953,25.304754,20.26876,21.43351,16.902863,20.74916,15.601612,17.67686,18.027016,16.28938,17.373583,17.211859,15.322105,12.567379,7.983292,6.1461067,6.916993,6.8928237,9.9364605,13.571714,16.710934,20.56174,23.403254,27.029325,29.866798,33.298824,32.620354,30.54355,29.101873,26.256218,22.5364,19.368078,19.738892,14.927001,16.750858,17.39071,14.015501,12.934532,9.1865225,8.235102,8.056166,6.695743,10.32378
16,25.17149,22.082254,21.786562,16.7535,16.974436,16.252127,15.19184,17.163263,14.511745,18.49924,16.254295,16.741966,13.354227,10.80019,7.194991,5.5517797,0.0,4.5384445,6.5973196,10.233924,13.323414,15.20384,19.221722,19.206924,24.066492,24.543957,26.391075,24.618507,19.871927,19.042042,18.464369,17.297068,20.177395,17.246178,21.709642,21.751778,25.224867,26.419638,22.956041,20.545067,24.755005,23.409878,22.895037,25.676176,25.01323,27.282969,26.649284,30.734571,33.172646,35.213787,33.583424,37.619488,36.939144,38.686623,35.358746,36.692387,31.778555,32.615547,33.30401,32.787544,29.33434,33.056355,31.105795,30.855223,32.76355,29.660181,32.8815,29.36556,31.417812,26.613573,21.91991,23.519617,19.3498,23.790071,19.705362,21.83533,22.928883,21.33755,22.65022,22.69617,20.539675,17.566265,13.222751,10.951339,10.865094,8.663059,11.357997,12.705046,15.5717,19.194553,21.639435,25.727053,28.275194,31.821606,31.881462,30.197624,28.81327,26.626654,21.875996,19.032415,17.689413,13.083022,13.255178,13.01934,9.537028,9.632551,5.7628956,8.067409,8.957939,10.0671215,13.619277
17,24.183405,20.593155,20.559837,15.395704,14.859543,15.268114,12.728134,16.194294,13.213491,17.634642,16.135252,17.700214,15.244714,12.6382065,9.821042,6.4670405,4.5384445,0.0,5.7376785,7.0892596,10.466013,13.147551,16.591742,15.643781,20.58706,20.69899,22.142673,20.44749,15.411851,14.9800825,14.34672,14.03761,17.711277,15.798281,20.036728,20.919563,24.211454,24.7452,21.201674,18.32564,21.975784,19.961782,19.153587,21.653873,20.674578,22.833202,22.113623,26.22135,28.66754,30.705177,29.145422,33.2165,32.66402,34.54592,31.294655,32.910778,28.166084,29.213083,30.3055,29.817757,26.265379,29.87165,27.505205,27.405588,28.873896,26.132193,29.286858,25.912085,27.677683,23.06051,18.279137,19.512136,15.5651655,19.92988,16.742249,18.760899,20.625656,19.43965,21.347044,22.061802,20.183435,16.73702,13.406314,10.057065,8.381731,5.738488,7.292487,8.23119,11.36744,15.004646,17.788216,21.627056,24.402521,27.968765,27.872261,26.211542,25.108093,22.81584,18.0797,15.570326,14.43505,9.788963,11.068038,11.521217,8.937626,8.027982,7.1774287,5.7169485,8.845245,9.135342,13.34096
18,26.904606,23.3377,24.349888,19.134989,19.22994,20.203848,18.06616,21.845427,18.911037,23.270357,21.2258,22.6254,19.692198,16.781794,13.734329,10.863848,6.5973196,5.7376785,0.0,5.2722235,7.1967406,8.9566965,12.768863,13.512707,18.208757,19.352556,21.765827,19.898842,16.811838,15.50465,16.706764,14.665863,20.14095,16.999844,21.892544,22.701118,25.242521,25.925364,21.758623,18.493647,23.303537,20.570957,21.052307,22.512663,22.955406,24.128328,23.785818,27.33168,29.98815,32.497242,31.424784,35.753586,35.888893,37.80057,34.252464,35.9884,31.524843,32.22173,33.673985,33.83637,30.290827,34.367596,31.808344,32.133053,33.133617,30.901167,33.881073,30.579082,31.701763,27.195513,22.722845,23.707664,20.242323,24.188557,21.864094,23.26577,25.511002,23.989601,25.752186,26.607164,24.097095,20.567919,17.443205,14.225599,13.383771,9.357651,12.022846,10.191227,13.25752,15.97294,18.580822,22.48615,25.109604,28.782307,29.529392,28.439337,27.747843,26.07001,20.568298,18.86519,15.87039,12.105862,11.160385,9.834377,8.348702,9.529642,9.549099,10.758291,13.797302,14.774224,18.829819
19,24.850334,20.908121,22.516562,17.462934,17.14441,19.432571,16.540136,21.705687,19.131914,23.689884,22.725824,24.66977,22.30771,19.696196,16.669548,13.489327,10.233924,7.0892596,5.2722235,0.0,4.3311033,6.488394,10.037097,9.622857,13.924702,14.442115,16.954796,15.653563,12.860917,12.612711,14.2453575,13.74889,20.253736,18.510498,22.903547,24.563963,26.909117,26.830082,22.694092,18.930954,22.835173,18.979918,19.095436,19.67625,19.541481,20.074497,19.30208,22.748678,25.612473,28.176683,27.43951,31.779472,32.090767,34.406685,31.210648,33.491478,29.400421,30.496656,32.492054,32.540855,28.945919,32.53059,29.36832,29.65854,29.76821,27.911703,30.537323,27.31535,27.765789,23.487032,19.407373,20.274738,17.519707,21.525558,20.585436,22.062782,25.066177,24.20607,26.547258,27.907757,25.908783,22.135187,19.758213,15.983899,13.713086,10.156683,10.241641,6.210102,8.578536,10.823667,13.460615,17.25651,19.924372,23.609562,24.44277,23.538177,23.145197,21.728882,16.018833,15.036192,11.542953,8.553974,8.088224,7.5617375,7.9330735,8.149304,11.248026,10.258805,14.47372,15.362546,19.391525
20,28.738937,24.739437,26.610504,21.641195,21.146845,23.60517,20.245535,25.445576,22.40353,26.867798,25.450338,27.774174,25.567902,22.57939,20.048689,16.40785,13.323414,10.466013,7.1967406,4.3311033,0.0,4.7627983,6.133287,6.433454,11.158006,12.751965,15.310491,13.438686,12.468836,11.149431,14.238208,12.453731,20.082922,18.0216,22.449823,24.343756,25.981457,25.702118,21.290237,17.266441,21.553865,17.134476,18.2626,17.97206,19.21966,19.055826,18.972597,21.800814,24.595795,27.475407,27.021503,31.493214,32.43417,34.52641,30.98972,33.23359,29.465372,30.198656,32.50029,33.163452,29.652102,33.68718,30.483086,31.338818,31.270521,30.103844,32.708588,29.855013,30.004887,26.163618,22.166786,22.263031,19.918926,22.962246,22.798212,23.477884,26.837538,25.747246,28.05552,29.747898,27.378326,23.500546,21.779371,17.94579,16.104439,11.974006,13.103432,8.368944,10.900104,11.914743,14.795578,17.87693,20.691957,24.345284,25.52878,25.045858,25.262432,24.015343,18.391027,18.183731,14.40817,12.291728,11.570228,10.392214,11.667487,12.366864,15.26038,14.3339615,18.568842,19.011425,23.228376
21,28.01327,24.25389,26.910425,22.136042,22.355799,25.10828,22.647497,28.031282,25.614738,30.173502,29.019966,30.844032,28.166643,25.451168,22.185652,19.322166,15.20384,13.147551,8.9566965,6.488394,4.7627983,0.0,5.762372,8.550481,10.92995,12.825398,16.823048,15.869688,16.10537,15.428113,18.664953,17.172539,24.830566,22.519564,27.098175,28.80538,30.414877,30.279177,25.781519,21.775602,26.220024,21.577133,22.801855,21.98611,23.07667,22.272247,21.754377,24.229105,27.278154,30.264997,30.244156,34.67159,35.712013,38.163662,34.925995,37.44925,33.843296,34.724068,37.13663,37.687374,34.15529,37.903774,34.48514,35.06561,34.5059,33.18577,35.46543,32.371475,32.01908,28.042784,24.5918,25.296965,23.207176,26.79884,26.713673,27.805193,31.113071,30.144634,32.44321,33.9344,31.602835,27.790909,25.558006,21.86959,19.994083,16.020742,16.553791,11.6115675,12.785758,13.2273655,14.933264,18.308746,20.426165,23.960737,25.88183,25.776676,25.901703,25.36439,19.290106,19.348942,14.329514,13.177472,10.635642,8.347503,10.835413,12.490308,15.964363,16.408663,20.377031,21.72432,25.64163
22,32.50504,28.53198,31.12991,26.44221,26.036818,29.075628,25.639095,31.244452,28.271286,32.706936,31.351952,33.84697,31.678686,28.619411,26.107237,22.486761,19.221722,16.591742,12.768863,10.037097,6.133287,5.762372,0.0,5.1320124,7.178183,10.446979,13.807022,12.2231,14.680794,13.2341,17.647913,15.538805,23.895334,21.948025,26.089312,28.281279,29.083403,28.438904,23.920612,19.755716,23.910032,18.626175,20.704609,18.75645,21.170744,19.551422,19.845833,21.486135,24.31236,27.55605,27.851942,32.31015,34.060112,36.216003,32.705173,35.215714,32.134113,32.690163,35.50564,36.678493,33.312527,37.370647,33.87501,35.10589,34.285778,33.87386,36.109417,33.572243,32.931355,29.620417,26.22916,25.902023,24.381784,26.746538,27.757725,27.95714,31.738237,30.73064,33.1174,35.110115,32.620636,28.712004,27.488695,23.651018,21.841238,17.721586,18.594673,13.217808,14.640603,13.964869,16.160637,18.274193,20.716612,24.08869,26.059195,26.335001,27.247768,26.675177,21.092539,21.953472,17.446402,16.794436,15.367269,13.722805,16.256657,17.356293,20.875994,20.174923,24.501036,25.039032,29.209429
23,31.338728,27.146635,29.338379,24.816414,23.726097,27.02283,22.797812,28.66027,25.600128,29.893377,29.009268,31.988834,30.439137,27.470816,25.432854,21.394909,19.206924,15.643781,13.512707,9.622857,6.433454,8.550481,5.1320124,0.0,5.8828583,7.7348666,9.562046,7.5394516,9.715789,8.789792,13.260455,12.438778,20.722168,20.026308,23.55182,26.276018,27.194273,26.020052,21.821835,17.568052,20.618889,14.920464,16.388538,14.201498,16.126509,14.484458,14.802292,16.656149,19.450228,22.615816,22.765745,27.236439,28.936901,31.097336,27.677212,30.33997,27.381018,28.160141,31.16383,32.208748,28.87976,32.683414,29.030891,30.37032,29.383253,29.3052,31.514124,29.265448,28.627619,25.674341,22.28294,21.393364,20.270275,22.09136,23.86486,23.84575,27.947899,27.310417,29.972687,32.28149,30.188402,26.235996,25.658415,21.634846,19.245363,15.712217,15.613712,10.148752,11.488188,10.422552,13.364933,14.859805,17.87412,21.273209,22.588943,22.6529,23.813898,22.861872,17.83909,18.984074,15.522192,14.955009,15.0797415,14.612585,16.8541,16.92027,20.821777,18.52311,23.134747,23.030197,27.16152
24,32.357418,28.30517,31.298824,27.270151,26.423286,30.40195,26.505716,32.85795,30.351406,34.66745,34.324978,37.207085,35.582314,32.82933,30.389122,26.67871,24.066492,20.58706,18.208757,13.924702,11.158006,10.92995,7.178183,5.8828583,0.0,4.1682873,8.039053,8.30276,13.247154,13.546276,17.933905,17.941063,26.125156,25.78903,29.084763,31.977087,32.65011,31.218746,27.127943,22.898983,25.43824,19.314537,20.750462,17.370373,19.020693,15.93468,15.762911,16.35068,19.346287,22.657476,23.746296,27.965939,30.15791,32.76553,29.928722,33.10716,30.844137,31.853788,35.260517,36.286892,33.082355,36.3215,32.250736,33.481503,31.442245,31.80258,33.382423,31.273657,29.637218,27.158602,24.761482,24.019236,23.806208,25.601065,28.31721,28.449965,32.784195,32.520653,35.352608,37.752705,35.87033,31.920704,31.333115,27.273003,24.556595,21.298933,20.262941,14.505541,14.213516,11.648545,13.03294,13.467568,15.650215,18.590488,20.833857,21.738226,23.442385,23.463522,18.579355,20.75076,16.59563,17.650988,17.071445,16.531569,19.772186,20.01,24.774122,22.725935,27.361345,27.712898,31.583231
25,29.9167,25.8541,28.860027,25.2395,24.156057,28.525055,24.555521,31.181488,29.113722,33.321537,33.66962,36.59101,35.236504,32.796337,30.325075,26.755371,24.543957,20.69899,19.352556,14.442115,12.751965,12.825398,10.446979,7.7348666,4.1682873,0.0,5.513333,7.6810308,11.848278,13.608056,17.185606,18.717913,26.35933,26.846004,29.807486,32.89647,33.900795,32.255783,28.44673,24.269386,26.019403,19.897812,20.399391,17.074986,17.307562,14.035629,12.967318,13.660422,16.907032,20.01712,21.242247,25.31214,27.259586,30.268616,27.966908,31.498178,29.379154,30.838377,34.326195,34.9165,31.73678,34.32969,29.990011,30.912453,28.338821,28.738977,29.995564,27.930542,25.911299,23.671621,21.793549,21.137543,21.495638,23.398205,26.661053,27.102581,31.531443,31.741652,34.79035,37.233032,35.813667,31.908422,31.396708,27.297678,24.043293,21.452496,19.180489,13.608639,12.223861,8.86626,9.7074175,9.409321,11.652405,14.59042,16.679024,17.638609,19.510101,19.722164,15.19926,17.8883,14.224131,16.05197,16.17774,16.471373,19.712404,19.329323,24.587908,21.809017,26.444641,26.766361,30.327955
26,32.18396,28.018076,30.329645,26.900429,25.070766,29.336462,24.522327,30.973957,28.603271,32.43994,32.953068,36.404747,35.729794,33.25511,31.530083,27.54282,26.391075,22.142673,21.765827,16.954796,15.310491,16.823048,13.807022,9.562046,8.039053,5.513333,0.0,4.288553,9.355312,11.589377,14.738685,17.213789,24.062506,25.668913,27.759317,31.266785,32.010517,29.832352,26.535557,22.606337,23.057682,16.901314,16.980862,12.984106,13.024442,8.967969,8.394313,8.359377,11.488866,14.707986,16.007843,20.081549,22.403769,25.189976,22.877354,26.50916,24.883724,26.371616,30.125057,30.874916,27.931597,30.353592,25.965376,27.340315,24.585257,25.842451,27.072897,25.69717,23.73286,22.326927,20.488443,18.673079,19.726706,20.22619,24.583265,24.351864,29.03703,29.517784,32.675293,35.48276,34.33783,30.547132,30.937433,26.900434,23.546047,21.550259,19.049416,14.287476,13.247633,9.909148,11.628239,9.745014,12.6779785,15.1586275,16.015419,16.749458,19.19277,18.770876,15.653694,18.525774,16.613234,18.039,19.529663,20.403412,23.030241,22.041239,26.946548,23.029482,27.66423,27.147081,30.651003
27,33.86587,29.595997,31.469282,27.584003,25.644117,29.369392,24.231356,30.270163,27.254223,31.061617,30.899443,34.548035,33.931324,31.143929,29.842365,25.501755,24.618507,20.44749,19.898842,15.653563,13.438686,15.869688,12.2231,7.5394516,8.30276,7.6810308,4.288553,0.0,7.4413824,8.075781,12.034816,13.461339,20.57767,21.93686,24.006577,27.517344,28.001608,25.835375,22.449379,18.515173,19.196596,12.91871,13.690887,9.581951,11.33278,7.9377246,9.018247,9.622775,12.167432,15.479609,16.0745,20.433254,22.806442,24.921186,21.77467,24.882772,22.915503,23.915434,27.564957,28.76886,25.790266,29.008005,25.005337,26.843758,25.01042,26.230818,28.024858,26.697863,25.528116,23.856224,21.155182,18.925348,19.268139,19.275953,23.14249,22.352505,27.004326,27.044392,30.027304,32.91483,31.423359,27.617165,28.302866,24.31789,21.422245,19.07958,17.688913,13.136635,13.473573,11.128146,13.967433,13.085423,16.387022,19.139366,19.670109,19.944033,22.049656,20.960646,17.636522,19.770441,18.01292,18.32602,19.945484,20.51499,22.685354,21.842642,26.062456,22.18013,26.819256,25.893408,29.708881
28,29.660915,25.382265,26.217598,22.274923,19.81975,23.000835,17.41481,23.12051,20.014933,23.689707,23.84889,27.57874,27.358942,24.839714,23.934406,19.622002,19.871927,15.411851,16.811838,12.860917,12.468836,16.10537,14.680794,9.715789,13.247154,11.848278,9.355312,7.4413824,0.0,4.7807994,5.626928,9.882626,15.549337,17.734043,19.633842,23.034115,24.545353,22.631754,19.59557,15.948235,16.141603,11.0866585,9.559952,8.692872,7.0333705,7.473323,7.4249077,11.1116085,13.377746,15.729915,14.727812,19.152985,20.024162,22.110508,18.880737,21.69028,18.509878,20.001167,23.037092,23.397621,20.083155,23.225975,19.370537,20.754557,19.942753,20.195288,22.633177,20.934156,20.94055,18.62613,14.929296,12.638122,12.130155,12.612508,15.770877,15.433875,19.988928,20.248703,23.388376,26.133762,25.072948,21.328936,21.960173,18.031351,14.657581,13.338176,10.960586,7.992083,9.072463,8.680899,12.588999,12.935488,16.723782,19.80861,19.083706,18.114859,19.248074,16.954872,13.972989,14.888345,14.914295,13.923112,17.06733,18.49454,19.453093,17.763922,21.285425,16.310411,20.691547,19.167746,22.813236
29,32.909264,28.639193,29.363577,24.979664,22.773985,25.298073,19.810635,24.822426,20.94659,24.601246,23.598923,27.445908,27.069754,24.040089,23.548443,18.824736,19.042042,14.9800825,15.50465,12.612711,11.149431,15.428113,13.2341,8.789792,13.546276,13.608056,11.589377,8.075781,4.7807994,0.0,5.1805253,5.714333,12.843729,14.117322,16.340012,19.708637,20.73645,18.937653,15.475511,11.575787,12.750987,7.3586006,7.6564302,7.098372,9.012561,9.757902,11.316504,14.128624,15.938379,18.485197,17.340689,21.775446,23.019842,24.32861,20.274988,22.330402,18.944382,19.5493,22.396715,23.558285,20.29039,24.555529,21.354254,23.307697,23.420609,23.72959,26.536438,24.94353,25.432903,22.997725,18.848425,16.507204,15.176876,15.118204,17.16759,16.004791,20.300005,19.703524,22.460466,25.253069,23.471354,19.64571,20.551788,16.69116,14.33187,12.002731,12.129674,9.355725,12.058815,12.241143,16.293427,17.067627,20.804766,24.004509,23.654903,22.830776,23.918749,21.60618,18.24862,18.69907,18.064331,16.275742,18.748306,19.431765,20.126015,19.014687,21.66377,17.4266,21.696173,19.93699,23.997133
30,31.517591,27.369192,27.212158,23.117142,20.39485,22.391724,16.476702,20.894653,16.912704,20.161053,19.588728,23.728298,24.032444,21.33225,21.492159,16.863792,18.464369,14.34672,16.706764,14.2453575,14.238208,18.664953,17.647913,13.260455,17.933905,17.185606,14.738685,12.034816,5.626928,5.1805253,0.0,6.6141114,10.090847,13.061473,14.382904,17.805462,19.613102,17.778042,15.16877,12.100402,11.706007,8.406607,5.6203856,8.331605,7.0326657,10.375569,11.330493,15.035063,16.39132,18.136728,16.070244,20.1877,20.440699,21.55711,17.611908,19.379564,15.283508,16.327858,18.719921,19.182299,15.739687,19.85142,16.846825,18.621838,19.562881,19.472857,22.663532,21.161465,22.50438,20.100195,15.550548,12.825441,11.047913,10.426513,12.136976,10.867478,15.2529545,15.026845,18.033798,20.918459,19.737217,16.068682,17.452772,13.807217,11.025652,10.394152,9.547113,9.415078,12.075254,13.229439,17.246649,18.091475,21.846212,24.900322,23.667225,22.1884,22.817675,19.782566,17.430016,17.16585,18.214062,15.886683,19.459986,20.840864,20.724823,18.909658,20.91465,15.67237,19.430882,16.89251,20.587107
31,35.236454,31.10856,31.200563,26.538073,24.44051,25.857063,20.573803,24.296112,19.66298,23.002064,20.736404,24.644505,24.336422,20.916698,21.28736,16.322086,17.297068,14.03761,14.665863,13.74889,12.453731,17.172539,15.538805,12.438778,17.941063,18.717913,17.213789,13.461339,9.882626,5.714333,6.6141114,0.0,8.466503,8.481183,11.17405,14.252311,15.334073,14.048107,10.238493,6.3530707,9.161554,6.161169,7.4161057,9.7229,12.440634,14.575705,16.469929,19.362843,20.70501,22.92777,21.192307,25.369242,26.23458,26.770918,22.16596,23.146387,19.128143,18.928686,20.916277,22.457085,19.24977,24.512293,22.309336,24.466806,25.988976,25.846966,29.18562,27.567883,28.999851,26.266268,21.49965,19.293217,16.896976,16.607525,16.719208,14.975076,18.454086,16.856236,19.02166,21.660227,19.18931,15.419971,16.662401,13.196182,12.307074,9.627092,12.540138,11.647888,15.496312,16.794117,20.925404,22.327438,26.044798,29.357738,28.873499,27.743626,28.397745,25.68609,22.33909,21.87584,21.503067,18.60669,20.93465,21.250925,21.000895,20.147007,21.205978,17.545286,21.153683,18.857286,23.053911
32,38.327095,34.4935,33.295288,29.091991,26.50379,26.62046,21.263777,22.843267,17.726393,19.56587,16.657465,21.132408,22.238934,19.125515,21.466328,16.875505,20.177395,17.711277,20.14095,20.253736,20.082922,24.830566,23.895334,20.722168,26.125156,26.35933,24.062506,20.57767,15.549337,12.843729,10.090847,8.466503,0.0,6.2315326,4.5915008,8.217176,10.216131,8.774001,7.6535993,7.577232,6.192078,9.641882,8.357534,13.629835,14.736102,18.754957,20.704075,23.798811,24.241152,25.474613,22.704475,26.042942,25.939342,25.323616,20.541788,19.98177,15.273299,14.3643055,14.747921,16.268139,13.435357,19.499561,18.929493,21.379961,24.812315,24.512741,28.335972,27.315271,30.044668,27.741451,22.777609,20.090782,17.342497,15.40177,13.865811,10.647267,12.658677,10.256599,11.736775,14.758583,12.4650345,9.441743,13.1560955,11.304245,11.924345,11.989449,15.083135,17.220322,20.89264,22.853556,26.911146,28.145456,31.882917,34.96291,33.5485,31.821615,32.098915,28.632544,26.666487,25.449251,26.820522,23.371616,26.598452,27.440735,26.189356,24.779562,24.385386,20.173525,22.434208,18.849775,22.218647
33,38.831768,35.065723,34.193535,29.513317,27.600937,27.389507,22.82898,24.265112,19.037544,21.38115,17.267876,20.940006,20.949787,17.262936,19.32431,14.768322,17.246178,15.798281,16.999844,18.510498,18.0216,22.519564,21.948025,20.026308,25.78903,26.846004,25.668913,21.93686,17.734043,14.117322,13.061473,8.481183,6.2315326,0.0,5.2085495,6.3645306,8.52242,9.210279,6.0216093,5.743943,9.483542,11.8961735,12.653838,16.812725,19.053957,22.279623,24.148638,27.266073,28.217327,29.975706,27.621126,31.328167,31.512379,31.222597,26.39694,26.027664,21.44891,20.394476,20.685802,22.311785,19.531805,25.501297,24.851734,26.927301,30.171537,29.338203,33.178062,31.564556,34.15009,31.15503,25.948875,24.106367,20.750301,20.337908,17.81337,15.733802,17.157614,14.099238,14.767438,16.727478,13.133105,10.010933,11.904917,10.207157,12.331866,10.616053,15.933438,17.439674,21.695312,23.966396,28.016134,29.980158,33.64118,37.021606,36.24916,34.70296,34.79012,31.635098,28.564316,27.08082,27.297691,23.41078,25.634804,25.729414,24.229237,23.567625,22.35637,19.697634,21.788498,18.855583,22.625465
34,41.851757,38.107468,36.81442,32.479618,30.132483,29.774466,24.844141,25.696545,20.442184,21.897205,17.992744,22.11542,23.15344,19.855158,22.745483,18.403252,21.709642,20.036728,21.892544,22.903547,22.449823,27.098175,26.089312,23.55182,29.084763,29.807486,27.759317,24.006577,19.633842,16.340012,14.382904,11.17405,4.5915008,5.2085495,0.0,4.121475,5.7131605,5.2869544,5.136595,7.445231,7.239911,12.191642,12.239412,16.98965,19.047617,22.782204,25.005163,27.867903,28.210299,29.503035,26.776752,29.993093,30.029411,29.008148,24.056807,22.883007,18.460941,16.809313,16.473377,18.553537,16.294289,22.58351,22.70988,25.258162,29.083767,28.746206,32.634777,31.646637,34.55226,32.167778,27.123981,24.605888,21.671915,19.832329,17.666958,14.492567,15.433887,12.327081,12.562208,15.060123,11.900576,9.70878,13.652999,12.821208,14.795896,14.450991,18.706438,20.800406,24.755373,26.81922,30.911749,32.331394,36.073933,39.237434,37.99134,36.31725,36.558136,33.117542,30.921766,29.549511,30.592299,26.890606,29.700724,30.163443,28.686329,27.64209,26.526535,23.128551,24.974209,21.449553,24.72855
35,43.171215,39.615047,38.07473,33.709316,31.621775,30.645794,26.293724,26.286312,21.047039,22.13741,17.433191,21.029839,21.97766,18.68822,22.087734,18.24777,21.751778,20.919563,22.701118,24.563963,24.343756,28.80538,28.281279,26.276018,31.977087,32.89647,31.266785,27.517344,23.034115,19.708637,17.805462,14.252311,8.217176,6.3645306,4.121475,0.0,4.6520457,6.8905144,7.3326902,10.184477,11.207657,16.048162,16.246777,20.985327,22.920431,26.70763,28.757982,31.785004,32.240025,33.539036,30.769604,33.945324,33.759842,32.697777,27.852394,26.448788,21.949688,20.248106,19.27676,21.07477,19.045507,25.163176,25.74633,27.983158,32.231277,31.433895,35.42991,34.245308,37.46137,34.79468,29.623816,27.54074,24.207253,22.906364,19.693031,17.00109,16.949644,13.37339,12.620866,14.232473,10.396264,9.099007,12.642423,12.910256,15.955174,15.6865015,20.617592,23.128145,27.23662,29.648123,33.68435,35.481483,39.171432,42.433125,41.251263,39.475098,39.448883,35.971832,33.59018,31.838392,32.797546,28.755508,31.29679,31.56561,29.66799,28.828804,26.86361,24.197454,25.421087,21.968643,24.996588
