,0,1,2,3,4,5,6,7,8,9,10,11,12,13,14,15,16,17,18,19,20,21,22,23,24,25,26,27,28,29,30,31,32,33,34,35,36,37,38,39,40,41,42,43,44,45,46,47,48,49,50,51,52,53,54,55,56,57,58,59,60,61,62,63,64,65,66,67,68,69,70,71,72,73,74,75,76,77,78,79,80,81,82,83,84,85,86,87,88,89,90,91,92,93,94,95,96,97,98,99,100,101,102,103,104,105,106,107,108,109,110,111,112,113
0,0.0,4.3516526,7.223618,9.770478,12.557033,14.568466,17.777843,22.7541,25.303738,27.551609,32.32836,34.622704,38.399273,37.24975,32.969913,29.86885,25.953035,25.461222,18.256256,18.084608,14.698384,13.267871,10.999181,15.453722,18.07938,18.872675,22.0439,22.09286,26.735092,24.429295,32.75574,28.508228,35.637928,34.28827,37.07142,39.8328,38.279587,37.45914,33.397728,30.643265,33.72783,29.607094,33.413944,31.409182,26.53065,28.955406,24.181591,25.598116,23.609268,27.331621,30.694418,32.330154,35.723198,38.63144,38.84557,34.997643,37.13836,39.018124,43.45654,43.571514,40.723804,38.396587,42.417477,41.219036,45.71359,43.375553,38.694725,42.90953,39.789467,36.40338,35.837784,31.61367,32.59998,31.783548,36.982986,35.994656,41.33478,42.14335,41.362125,45.623707,40.09796,45.16471,41.75882,37.48939,34.006912,32.425583,28.685,28.167982,23.368374,23.873821,21.506329,22.294855,22.92053,24.567284,19.285261,16.173264,15.799473,16.481068,19.505154,19.184948,23.463291,24.434174,28.717003,32.37742,33.109425,36.704754,39.16662,41.11144,38.346207,42.40351,36.131943,38.715153,35.98762,37.576992
1,4.3516526,0.0,4.313777,6.833341,8.753938,11.678669,14.257735,19.155077,21.754908,23.72659,28.613771,31.030851,34.589855,33.342113,29.021585,25.759975,21.929806,21.232328,14.30028,13.840724,10.834911,9.123598,7.60657,12.263693,14.577505,15.518468,18.155863,18.255804,22.73747,20.649776,28.84417,24.805946,31.948126,30.719307,33.699745,36.463284,35.277344,34.4453,30.253828,27.335705,30.386564,26.19327,29.780485,27.691534,23.103554,25.211996,20.898981,22.12143,20.710325,24.20696,27.437748,28.818377,32.511776,35.138927,35.611473,31.75104,33.506596,35.334644,39.874462,39.779457,36.80212,34.48254,38.604053,37.534924,41.954304,39.362988,34.829857,39.216156,35.95581,32.562344,32.210632,27.902504,28.636162,27.675432,32.86514,31.75777,37.141468,37.858562,37.10138,41.34477,35.820736,40.922657,37.588776,33.258217,29.751406,28.094435,24.401184,23.82635,19.03107,19.689297,17.524666,18.589876,19.573267,21.471855,16.401672,13.309978,13.019327,12.604539,15.765137,15.038226,19.416594,20.220081,24.48883,28.172607,28.79508,32.424892,34.89966,36.77996,34.014378,38.07491,31.817863,34.502094,31.857658,33.61788
2,7.223618,4.313777,0.0,4.9604034,6.8531528,7.7537565,11.79294,15.698816,18.738724,20.603758,25.39591,28.046082,31.894266,31.273756,27.284285,24.16507,20.477255,20.046246,13.988866,13.737033,11.97278,9.992341,10.199986,14.661144,16.447866,17.461796,18.998224,18.725174,22.678131,20.37398,28.064726,23.707697,30.652758,28.76721,32.047203,34.319305,33.264145,32.88326,28.500301,25.739248,29.465246,25.709076,29.222347,27.582455,23.5696,25.690079,22.16343,23.609642,22.994944,26.250355,29.238605,30.107368,34.100792,36.329395,36.953274,33.011864,34.22531,35.696392,40.536865,39.83071,36.531128,34.661854,39.173985,38.47716,42.74893,39.539883,35.48944,40.231396,36.70707,33.346367,33.324,28.904598,29.073269,27.841742,32.89961,31.336712,36.85086,37.067272,36.11253,40.039192,34.317406,39.12541,35.46465,31.37463,27.734558,26.494818,22.36302,22.75421,18.13517,19.314316,17.960318,19.051579,20.903355,22.629866,17.55433,15.000592,13.600413,12.591977,14.945584,13.495868,17.855726,18.100716,22.74508,25.700294,26.96638,30.224129,32.646606,34.909767,32.253006,36.819927,30.737057,33.724613,31.56633,33.46251
3,9.770478,6.833341,4.9604034,0.0,3.8054044,6.5099144,8.10965,13.9025135,15.710034,18.512083,23.06713,24.979946,28.843712,27.881603,23.84454,21.143026,17.201593,17.533636,10.899347,12.291285,10.324048,9.93137,10.217472,13.940969,16.038334,16.101984,17.2277,16.00583,19.90202,16.81568,24.556566,19.734015,26.661371,24.766924,27.735577,30.207687,28.826214,28.28787,24.026247,21.336576,25.05871,21.467213,25.26492,24.010551,19.918371,22.75153,19.186262,21.720678,21.30685,24.862555,27.670935,28.006523,31.718843,33.992123,34.125095,30.039686,31.377083,32.504227,37.497856,36.59318,33.343033,31.946575,36.79039,36.425205,40.781216,37.38371,33.684563,38.817444,35.74991,32.30341,32.979385,28.648579,28.627268,26.610285,31.911726,29.606466,35.040833,35.13938,33.747513,37.63823,31.92532,36.60373,32.864986,28.907562,25.590763,24.701067,20.700464,21.713196,17.253515,19.391306,18.327408,20.343115,22.108423,24.511967,20.119236,17.380537,16.900988,14.309395,17.001205,14.365022,18.870459,17.957108,22.735048,24.73772,26.104029,28.947783,31.029371,33.525105,31.168884,35.84303,29.924992,33.419132,31.302237,33.82487
4,12.557033,8.753938,6.8531528,3.8054044,0.0,6.223614,5.6109934,11.353896,13.1743555,15.527899,20.274117,22.372702,25.904144,24.759195,20.62046,17.646162,13.795269,13.835653,7.768334,8.955228,8.152783,7.823274,9.5177145,12.478485,13.916148,14.065709,14.266287,13.057109,16.588556,13.84033,21.345945,16.856163,23.81085,22.141392,25.377394,27.883007,27.018171,26.42957,22.032372,19.10368,22.698893,19.00134,22.448915,21.054886,17.427052,19.76099,16.927729,19.128513,19.43364,22.568245,25.1398,25.190958,29.181017,31.113636,31.559853,27.532572,28.407862,29.495285,34.54931,33.452076,30.069895,28.645271,33.546032,33.29922,37.537857,33.914005,30.38044,35.627056,32.43418,29.024736,29.912395,25.584242,25.2749,23.10404,28.335302,25.91567,31.378517,31.394949,30.056887,33.953915,28.241953,33.008224,29.379547,25.29851,21.932388,20.919287,16.979181,17.94933,13.571936,16.021278,15.371272,17.690308,19.765936,22.321754,18.478704,16.052406,15.7397585,12.0338545,14.566984,11.322513,15.749892,14.471724,19.18019,21.184156,22.375774,25.280113,27.390999,29.777723,27.409138,32.05111,26.159948,29.74579,27.729864,30.415443
5,14.568466,11.678669,7.7537565,6.5099144,6.223614,0.0,6.81684,8.853692,11.898498,14.081604,18.445227,21.03138,25.303875,25.564457,22.252895,19.762812,16.464136,16.984844,13.070209,13.994457,14.219263,13.095361,15.05191,18.447863,19.58237,20.107065,19.752356,18.473003,21.164532,18.344587,24.627518,19.771145,26.008987,23.068052,26.65819,28.139587,27.280024,27.591242,23.046707,20.673758,25.379597,22.62849,25.912092,25.276293,22.4595,24.753107,22.703587,24.884352,25.55682,28.45849,30.870287,30.642277,34.80716,36.36942,36.96312,32.954662,33.31967,33.99557,39.259274,37.485176,33.77709,32.948685,38.13601,38.231464,42.2242,38.006516,35.034733,40.442253,36.896416,33.62745,34.560486,30.189629,29.38869,27.27481,32.08758,29.371521,34.86469,34.200703,32.67211,35.97297,30.061794,34.20325,30.02351,26.512821,22.96943,22.741951,18.142784,20.63614,16.828714,19.390095,19.544804,21.241978,24.050154,25.96583,21.72884,19.8461,18.079004,15.238453,16.430117,13.127087,16.97535,15.254525,20.298918,21.084291,23.483595,25.68793,27.711681,30.7244,28.533834,33.878223,28.372587,32.1172,30.811752,33.321213
6,17.777843,14.257735,11.79294,8.10965,5.6109934,6.81684,0.0,7.6543984,7.8853893,11.190801,15.451639,17.009398,20.751806,19.92776,16.18497,13.902048,10.236697,11.590101,8.008984,10.6753645,11.51077,12.097929,14.393209,16.2776,17.208065,16.798956,15.468738,13.230121,15.381916,11.997006,18.108429,13.020317,19.454485,17.027645,20.429655,22.538132,21.759369,21.544252,17.002317,14.28122,18.65,15.829309,19.14108,18.722273,16.21371,18.82419,17.354378,20.299778,21.574184,24.363552,26.36805,25.465086,29.374533,30.791695,31.055813,27.026295,27.279022,27.634405,32.98822,31.056242,27.418688,26.95715,32.392017,32.824535,36.83123,32.487675,29.900417,35.641727,32.65138,29.355618,31.091457,26.96007,25.954128,22.96489,27.959969,24.495564,29.808807,29.171581,27.258354,30.691364,24.88741,29.13502,25.14476,21.515793,18.43003,18.330647,14.279334,17.035461,13.654793,17.240734,17.719704,20.474792,22.972618,25.66577,22.558847,20.568977,20.1516,15.643384,17.36816,13.112647,16.783869,13.865299,18.528713,18.557798,20.459648,22.393366,24.028648,26.973797,25.093897,30.201485,24.879196,29.092281,27.693895,30.938732
7,22.7541,19.155077,15.698816,13.9025135,11.353896,8.853692,7.6543984,0.0,5.1640024,5.328078,9.793492,13.14935,17.118082,18.172777,15.718277,13.612595,11.783058,12.592029,13.493018,14.296391,16.992817,16.3993,19.751764,21.588665,21.500378,21.896793,19.379847,17.825825,18.349749,16.31731,19.749516,15.720554,20.508848,17.065134,21.34034,21.960272,22.41665,23.282537,18.672653,16.509905,21.449917,19.746672,21.806063,21.865326,21.141323,22.417461,22.754154,24.554884,26.811981,28.662361,30.207092,28.924694,33.33381,33.828644,34.89326,31.196577,30.204834,30.197569,35.57525,32.760307,28.66544,28.65596,34.12688,34.958496,38.359386,33.2009,31.466166,37.202854,33.552013,30.625685,32.407024,28.378847,26.505741,23.790136,27.81633,24.234133,29.432976,27.869482,26.052443,28.635965,22.721443,26.240929,21.81422,18.782095,15.294929,16.030382,11.315739,15.932766,13.929252,17.43461,19.3098,21.342882,24.835804,26.765257,24.042744,23.088423,21.472528,17.146267,17.008717,12.601746,14.662854,10.789325,15.242192,13.462164,16.805742,17.856054,19.514637,23.025282,21.312376,27.172173,22.524307,26.812431,26.51928,29.52128
8,25.303738,21.754908,18.738724,15.710034,13.1743555,11.898498,7.8853893,5.1640024,0.0,4.993514,7.848915,9.330845,13.502483,14.166919,11.913016,10.9443445,9.350679,11.664695,13.327881,15.486737,18.016682,18.502216,21.548052,22.72487,22.794355,22.426699,19.508438,17.101404,16.92815,14.253122,16.50632,12.008116,16.11099,12.176359,16.330235,16.967398,17.264057,18.161861,13.58439,11.670152,16.935165,16.030962,18.043312,18.949825,18.824024,20.626917,21.462679,24.143988,26.634281,28.540108,29.75871,27.867083,31.82919,32.224316,32.76501,29.0736,28.028803,27.462408,32.939762,29.743301,25.70325,26.494293,32.282608,33.567585,36.9308,31.569996,30.438524,36.48169,33.445972,30.543682,33.039005,29.277431,27.281519,23.791681,27.852179,23.419447,28.284983,26.515415,24.071419,26.449085,20.65247,23.796888,19.219955,16.587595,13.875398,15.402087,11.448247,16.734089,15.371464,19.502018,21.422766,24.091213,27.21378,29.638102,27.396608,26.182571,25.302631,20.413363,20.809376,16.143412,18.166142,13.732058,17.55046,14.474837,17.636156,17.832651,18.756805,22.530323,21.407442,27.151901,23.000805,27.725792,27.493654,31.078108
9,27.551609,23.72659,20.603758,18.512083,15.527899,14.081604,11.190801,5.328078,4.993514,0.0,5.093277,8.968788,12.209982,13.654456,12.010433,10.497248,10.325913,11.341389,15.24071,16.03559,19.561758,19.431355,23.072622,24.006538,23.365,23.544407,20.009932,18.338667,17.382887,16.052944,17.058903,14.071856,17.332266,13.866293,18.408573,18.504078,19.998571,21.064793,16.72345,14.833578,19.393261,18.506836,19.533648,20.086203,20.816494,21.390726,23.193592,24.764889,27.813076,29.01599,29.961145,28.023912,32.366447,32.19439,33.456863,30.066732,28.264688,27.773264,33.083218,29.646538,25.410406,26.01634,31.553137,32.879974,35.84539,30.18241,29.356737,35.20365,31.694387,29.060343,31.436808,27.8034,25.35274,22.223242,25.594936,21.404882,26.186018,24.036476,21.958517,24.001852,18.184504,21.209717,16.650583,14.019985,10.804973,12.498984,8.345807,14.316809,13.956962,17.761335,20.422365,22.654814,26.191816,28.181717,26.46513,25.903553,24.664766,19.79932,19.247244,14.776402,15.586999,10.831042,13.943414,9.884563,13.677965,13.556402,14.719845,18.586596,17.39035,23.427792,19.595873,24.216555,24.56815,27.933998
10,32.32836,28.613771,25.39591,23.06713,20.274117,18.445227,15.451639,9.793492,7.848915,5.093277,0.0,5.067695,8.270883,11.612835,11.923009,12.085814,13.190895,14.781106,19.566067,20.719406,24.268978,24.40184,27.985132,28.703163,28.001143,27.952736,24.091013,22.16188,20.41693,19.158077,18.108189,15.709305,16.869448,12.694773,17.047552,15.844171,18.038162,19.837812,16.074734,15.134164,19.639578,20.055607,20.39363,21.841478,23.579645,24.090822,26.649586,28.441952,31.791664,32.76725,33.3361,30.90182,34.9662,34.35036,35.494816,32.341698,30.053343,28.939491,34.140087,30.017134,25.777323,27.32907,32.916744,34.77558,37.319443,31.231478,31.399355,37.294884,34.058575,31.713627,34.55014,31.266123,28.469015,25.072403,27.799116,23.09481,27.209387,24.375498,21.869633,22.88929,17.519491,19.184101,14.257342,13.12718,11.04964,14.060516,11.182169,17.571547,18.20832,21.996998,24.944283,27.188074,30.722664,32.674355,31.307308,30.88247,29.635752,24.767647,23.999046,19.647305,19.906527,15.087207,17.176691,11.235203,15.419535,13.534914,13.620768,18.058334,17.789213,23.85791,21.264482,25.98719,27.019796,30.534966
11,34.622704,31.030851,28.046082,24.979946,22.372702,21.03138,17.009398,13.14935,9.330845,8.968788,5.067695,0.0,5.163606,8.850725,10.374615,12.279265,13.670503,16.243782,20.862663,22.917992,26.075207,26.88435,30.127632,30.525654,30.076672,29.459044,25.56681,23.046465,20.952393,19.19149,16.903963,14.437186,13.972695,9.077539,12.92018,10.997875,13.335936,15.516656,12.316218,12.294773,16.683987,18.28784,18.409042,20.803799,23.032259,24.061483,26.83152,29.374296,32.71511,33.82205,34.169117,31.302698,34.824585,34.18477,34.736504,31.651484,29.427227,27.742659,32.909706,28.438873,24.39436,26.833248,32.596943,34.859177,37.346123,31.206415,31.94087,38.00674,35.428177,33.11674,36.480305,33.429,30.684183,26.741388,29.507942,24.199863,27.834467,24.896751,21.769588,22.421516,17.504051,18.411486,13.460851,13.283221,12.558098,16.025581,14.091807,20.274721,21.035427,25.136715,27.880644,30.557009,33.753284,36.088017,34.85657,34.12368,33.344616,28.187744,27.937372,23.396456,24.024174,19.1054,21.087008,15.09974,18.611538,16.250118,15.504612,19.869028,20.223324,25.83129,23.74384,28.658548,29.60127,33.511467
12,38.399273,34.589855,31.894266,28.843712,25.904144,25.303875,20.751806,17.118082,13.502483,12.209982,8.270883,5.163606,0.0,5.8025255,9.436444,12.200262,14.939133,17.092274,23.093573,24.837467,28.37322,29.375544,32.744747,32.484077,31.616053,30.910833,26.504902,24.171896,21.094406,20.25024,15.766347,15.165278,12.575527,9.107126,12.304331,9.991402,13.946245,15.754173,13.55558,13.745354,16.506844,18.70046,17.53574,20.14534,23.576803,23.766031,27.619804,29.70099,33.52036,34.00325,33.814175,30.523392,33.806164,32.543625,33.296993,30.685919,27.757652,25.671778,30.470495,25.53258,21.581879,24.596949,30.082918,32.747723,34.69915,28.324001,29.97581,35.86614,33.593517,31.666912,35.43034,32.886917,29.843956,25.777231,27.747192,22.203106,25.01007,21.643995,18.318665,18.154078,13.942819,13.7691145,8.958381,10.178096,10.988771,14.891023,14.554432,20.254242,22.089033,25.98562,29.0247,31.733593,34.768482,37.105236,36.66164,36.20079,35.768066,30.371296,29.954613,25.595718,25.560137,20.689394,21.526218,15.036886,17.787771,14.502243,12.834769,16.9165,18.041138,23.043911,22.066969,26.883192,28.257069,32.316406
13,37.24975,33.342113,31.273756,27.881603,24.759195,25.564457,19.92776,18.172777,14.166919,13.654456,11.612835,8.850725,5.8025255,0.0,4.9057403,8.718626,11.925125,14.160417,20.389048,22.36886,25.72695,27.304823,30.410307,29.44105,28.514341,27.39464,22.867306,20.385324,16.781168,16.259056,10.383771,10.998168,7.233234,6.0490546,8.897868,8.875776,12.815748,13.115383,11.152903,10.742032,11.81938,13.98857,12.066564,14.812046,18.873875,18.834469,23.158087,25.325922,29.24525,29.542803,29.081472,25.522417,28.44146,27.165195,27.667625,25.16156,22.220173,19.97099,24.801577,19.943182,16.022453,19.243074,24.842499,27.59575,29.69429,23.516333,25.172396,31.156317,29.437788,27.465649,31.581505,29.287739,26.455688,21.978573,24.155642,18.290543,20.91583,18.039938,14.3555,15.075319,10.791452,11.869307,7.9791913,7.7739573,9.482554,12.691387,13.448971,18.006025,19.95763,23.883759,26.61696,29.716192,32.21287,34.934826,34.942673,34.29355,34.622105,28.907879,29.05354,24.742683,24.953053,20.285318,20.894575,15.6546135,16.97594,14.589344,13.103902,16.207247,17.15281,21.326672,20.00972,24.878456,25.648844,30.070097
14,32.969913,29.021585,27.284285,23.84454,20.62046,22.252895,16.18497,15.718277,11.913016,12.010433,11.923009,10.374615,9.436444,4.9057403,0.0,4.3215547,7.24244,9.655812,15.644631,17.732574,20.950731,22.714138,25.69234,24.585815,23.737965,22.520853,18.087358,15.494058,12.091583,11.388876,6.5937777,6.538006,5.86561,5.8691454,9.386777,11.443798,13.964828,13.320354,10.3216505,8.42112,9.576867,10.094468,8.841141,10.809258,14.296641,14.427243,18.402914,20.682823,24.470566,25.002289,24.816345,21.506628,24.695578,23.92718,24.413488,21.495457,19.069765,17.422365,22.677366,18.585123,14.501321,16.662628,22.558054,24.81254,27.532522,21.733084,22.2633,28.445065,26.577044,24.21209,28.11836,25.510778,23.015892,18.426691,21.475939,15.752821,19.275215,17.241192,13.906591,16.205765,11.116855,14.2947445,10.874869,8.199573,8.367626,10.3873005,10.668636,14.588334,15.898314,19.96142,22.34313,25.659824,27.94154,30.880838,30.749426,29.884077,30.520802,24.72584,25.302202,20.988018,21.6783,17.216053,18.305132,14.50834,15.270529,14.380238,13.916177,16.615406,16.621075,20.818464,18.162048,23.09837,23.092705,27.577217
15,29.86885,25.759975,24.16507,21.143026,17.646162,19.762812,13.902048,13.612595,10.9443445,10.497248,12.085814,12.279265,12.200262,8.718626,4.3215547,0.0,4.161446,5.45789,12.401064,13.784629,17.412441,18.893673,22.103483,20.972275,19.866316,18.994423,14.397333,12.243937,8.999926,8.98308,6.765515,6.4766607,9.306814,9.567795,13.246519,15.557831,17.60587,16.80982,13.259138,10.539094,11.974427,10.512875,10.008618,10.161757,12.708098,12.231607,15.96656,17.55066,21.417831,21.88344,21.972157,19.106602,22.935787,22.396666,23.433447,20.315714,18.060953,17.296871,22.619692,19.270288,15.105526,15.807168,21.587816,23.251549,26.288599,20.72998,20.237747,26.398315,23.941927,21.33175,24.81272,21.861235,19.444452,15.06354,18.627153,13.368639,17.79975,16.291056,13.708553,16.925737,11.305551,15.762993,12.601734,8.507162,6.88344,7.4679456,7.162991,10.531129,11.578659,15.656805,18.059248,21.343307,23.69925,26.591026,26.460587,25.691683,26.354721,20.540329,21.105888,16.901638,17.592339,13.349257,14.552216,12.049426,12.304986,12.739691,13.254513,15.577442,14.708163,19.063541,15.309975,20.212679,19.790062,24.154179
16,25.953035,21.929806,20.477255,17.201593,13.795269,16.464136,10.236697,11.783058,9.350679,10.325913,13.190895,13.670503,14.939133,11.925125,7.24244,4.161446,0.0,3.9479804,8.516397,10.704434,13.810183,15.521758,18.489603,17.70081,17.104183,16.072567,12.076589,9.40902,7.792246,6.04793,8.307828,5.209825,11.029393,10.753578,14.281316,17.109348,18.05411,17.043236,13.002799,9.736681,11.962391,9.243126,10.547471,10.115618,10.604306,11.401424,13.495693,15.817172,19.05418,20.304825,21.01466,18.703556,22.592072,22.877348,23.527658,19.94015,18.745974,18.509579,23.947155,21.337914,17.456274,17.487696,23.222055,24.36538,27.931738,22.977005,21.468414,27.59047,25.097248,22.11466,25.123907,21.730179,19.902342,15.742259,20.19958,15.570394,20.433355,19.577576,17.305693,20.88876,15.333158,19.922087,16.669489,12.608859,10.41104,10.249275,8.398502,11.093505,10.31741,14.632581,16.34136,19.828335,22.049812,25.154448,24.324701,23.096966,23.846222,18.076637,19.265175,14.90867,16.634083,12.69087,15.102659,13.937303,14.412591,15.776294,16.792484,19.131502,17.780897,22.176783,17.599464,22.276873,21.197926,25.34096
17,25.461222,21.232328,20.046246,17.533636,13.835653,16.984844,11.590101,12.592029,11.664695,11.341389,14.781106,16.243782,17.092274,14.160417,9.655812,5.45789,3.9479804,0.0,8.132031,8.463609,12.462529,13.692406,17.045982,15.885202,14.603412,14.121213,9.592662,8.089093,6.2298946,6.8412976,9.545573,8.495706,13.797469,14.227052,17.75582,20.502678,21.835876,20.763422,16.870358,13.61696,15.13333,11.864688,12.557718,10.849093,11.203784,10.441293,12.86707,13.689744,17.298038,17.986458,18.690042,16.72154,21.163593,21.28695,22.690691,19.286076,17.815958,18.238607,23.417435,21.26643,17.411867,16.374098,21.68849,22.407175,25.963343,21.189188,19.09306,25.009005,21.999798,18.972935,21.642986,18.107227,16.20672,12.348774,16.937822,12.939773,18.221497,17.761408,16.221966,20.2405,14.72342,19.932688,17.194653,12.557304,9.796577,8.176101,6.564049,7.373897,6.6408863,10.846023,12.812225,16.239582,18.520712,21.52441,21.149332,20.266739,21.15905,15.303179,16.274931,12.263108,13.512787,10.0668955,11.933897,12.334141,11.815676,14.264882,15.868931,17.521715,15.61355,19.685453,14.49805,18.924906,17.555315,21.569
18,18.256256,14.30028,13.988866,10.899347,7.768334,13.070209,8.008984,13.493018,13.327881,15.24071,19.566067,20.862663,23.093573,20.389048,15.644631,12.401064,8.516397,8.132031,0.0,4.7828903,5.549188,8.007869,10.184291,9.869302,10.373432,9.284127,7.7239094,5.472941,9.0154085,6.505389,14.55945,11.117293,18.217615,18.203638,21.058764,24.432682,24.137005,22.692366,18.664848,15.261217,17.213058,12.75807,15.736067,13.631766,10.064024,11.995025,9.838387,12.327196,13.70549,16.374628,18.429363,17.833908,21.77792,23.525198,23.940323,19.944,20.6459,21.786306,26.78811,25.88996,22.702665,21.049965,25.947163,25.819286,30.11114,26.60137,23.13544,28.599281,25.955791,22.512896,24.178276,20.182804,19.772509,16.776373,22.241165,19.430513,24.654041,25.07756,23.703314,27.993929,22.670748,27.819551,24.903612,20.484512,17.72098,16.178524,13.611212,13.419975,9.664755,12.788569,12.371168,15.901441,17.353815,20.755394,18.77811,16.620443,18.003942,12.745312,15.5178795,11.951321,15.445187,13.543867,17.02524,19.02865,18.94319,21.94086,23.769007,25.522898,23.342402,27.19019,21.440123,25.183767,22.83904,26.20665
19,18.084608,13.840724,13.737033,12.291285,8.955228,13.994457,10.6753645,14.296391,15.486737,16.03559,20.719406,22.917992,24.837467,22.36886,17.732574,13.784629,10.704434,8.463609,4.7828903,0.0,4.815969,5.351093,8.801557,8.226221,7.383559,7.8984365,6.0443187,6.539224,9.703855,9.571144,16.5696,14.430168,21.094894,21.31674,24.545956,27.66404,27.96455,26.673079,22.586842,19.15079,20.898462,16.426535,18.575827,15.807536,12.8678465,12.955097,11.404321,11.429842,13.087728,14.9521,17.133097,17.192451,21.743582,23.22411,24.558512,20.898087,21.162146,22.85875,27.528141,26.930159,23.721241,21.235846,25.563335,24.972252,29.117023,25.825598,21.830381,26.84846,23.509935,20.10041,21.023098,16.75116,16.449844,14.371063,19.708803,17.965904,23.367102,24.071508,23.425335,27.867256,22.635593,28.09273,25.503881,20.783924,17.609764,15.235921,12.764247,10.869783,6.354449,8.443512,7.692595,11.128523,12.850718,16.091385,14.321372,12.578334,14.033479,8.463028,11.210968,8.262611,11.556285,10.868461,13.935533,17.627213,16.88435,20.71666,23.035618,24.239529,21.590765,25.104298,18.948456,22.117207,19.51335,22.3899
20,14.698384,10.834911,11.97278,10.324048,8.152783,14.219263,11.51077,16.992817,18.016682,19.561758,24.268978,26.075207,28.37322,25.72695,20.950731,17.412441,13.810183,12.462529,5.549188,4.815969,0.0,3.8406966,4.866645,4.786295,6.2234063,5.933597,7.484578,7.613425,12.276726,11.065933,19.220757,16.444118,23.465221,23.743298,26.488668,29.969349,29.535292,27.962332,24.043781,20.66961,22.2509,17.466734,20.376757,17.562183,13.181828,14.488817,10.682269,11.680552,11.481328,14.6239605,17.462273,18.223259,22.132864,24.471083,25.114168,21.285301,22.706718,24.640287,29.107195,29.144733,26.337194,23.725735,27.807024,26.873087,31.328014,28.737225,24.275343,28.984308,26.15593,22.659977,23.216309,19.056524,19.594744,17.776339,23.27828,21.817457,26.989447,28.078259,27.347261,31.923773,26.817465,32.257168,29.649,25.008577,22.03226,19.826677,17.361187,15.579329,11.114313,12.448038,10.387678,13.390509,14.012456,17.395798,14.826946,12.092388,14.221603,9.885817,13.645324,11.572265,15.442619,15.298007,18.59999,22.311481,21.697803,25.46268,27.68601,28.941734,26.349295,29.66326,23.508951,26.440872,23.465263,26.103354
21,13.267871,9.123598,9.992341,9.93137,7.823274,13.095361,12.097929,16.3993,18.502216,19.431355,24.40184,26.88435,29.375544,27.304823,22.714138,18.893673,15.521758,13.692406,8.007869,5.351093,3.8406966,0.0,4.213542,6.1453595,6.734739,8.248171,9.56319,10.579437,14.668153,13.98571,21.67316,18.976425,25.932667,25.772572,28.932682,32.021793,31.820612,30.603907,26.442959,23.095127,25.192741,20.601294,23.296307,20.51757,16.646313,17.34347,14.190058,14.113964,14.047583,16.63101,19.501865,20.57703,24.828852,26.90053,28.060741,24.398243,25.417522,27.444695,31.871923,31.780155,28.784304,26.0153,29.94228,28.876713,33.147427,30.45687,25.91528,30.375578,26.963734,23.56936,23.533081,19.172438,19.652372,18.556812,23.761274,22.824554,28.149336,29.10435,28.675604,33.136173,27.901642,33.335712,30.61376,25.94333,22.577063,20.23901,17.354204,15.413194,10.64615,11.174994,8.951657,11.133939,12.323634,15.1491375,11.753881,9.082241,10.526067,6.4403157,10.345937,8.935289,13.011552,13.756704,17.212046,21.62628,21.16479,25.218191,27.745123,28.978481,26.13214,29.602213,23.289806,25.909931,23.052084,25.174747
22,10.999181,7.60657,10.199986,10.217472,9.5177145,15.05191,14.393209,19.751764,21.548052,23.072622,27.985132,30.127632,32.744747,30.410307,25.69234,22.103483,18.489603,17.045982,10.184291,8.801557,4.866645,4.213542,0.0,4.677047,7.178632,8.045141,11.369343,12.25636,16.960741,15.878242,24.078194,21.194895,28.27194,28.324865,31.083858,34.481956,33.80417,32.32048,28.370008,25.083057,26.864227,22.08164,25.149796,22.267677,17.59177,18.879805,14.440241,14.774304,13.287139,16.613611,19.872976,21.50113,25.185322,27.86697,28.545599,24.87221,26.7187,28.960527,33.13499,33.59809,30.95244,28.014626,31.656979,30.293642,34.763027,32.68588,27.778576,31.918919,28.950811,25.53088,25.218685,21.059189,22.175518,21.24122,26.53692,25.838737,30.959171,32.268715,31.825384,36.437096,31.347412,36.830017,34.19237,29.52633,26.346819,24.01625,21.316507,19.226898,14.561777,14.807304,11.931657,13.798699,13.861844,16.70922,13.051851,9.679165,11.924551,9.569466,13.694902,12.989485,17.012182,17.969513,21.342695,25.779476,25.221605,29.269724,31.716703,32.885162,30.078604,33.28254,26.975605,29.401669,26.222902,28.198591
23,15.453722,12.263693,14.661144,13.940969,12.478485,18.447863,16.2776,21.588665,22.72487,24.006538,28.703163,30.525654,32.484077,29.44105,24.585815,20.972275,17.70081,15.885202,9.869302,8.226221,4.786295,6.1453595,4.677047,0.0,3.5830083,3.6418045,8.056738,9.660784,14.27582,14.082205,21.88673,19.976467,26.721682,27.690737,30.153091,33.928978,33.53062,31.624815,27.985104,24.591923,25.375294,20.33685,22.934565,19.525518,14.885922,15.472073,10.939017,10.415179,8.7011175,11.956663,15.262037,17.117466,20.681793,23.473993,24.222422,20.7202,22.73122,25.286774,29.116262,30.057074,27.744709,24.374104,27.59462,26.000769,30.527596,28.914454,23.737423,27.667679,25.064455,21.638428,21.439812,17.518152,18.98644,18.004696,23.318935,22.904842,27.697462,29.470953,29.226778,34.04969,29.38052,35.023743,32.919407,28.144285,25.342703,22.646292,20.82514,17.772379,13.616785,13.588817,10.409924,12.882125,12.020183,15.529259,13.454393,10.481912,13.982808,10.841027,14.882372,14.196565,17.550743,18.427465,20.97834,25.623466,24.28502,28.445772,30.768799,31.436165,28.700424,31.209602,25.02737,27.239664,23.703156,25.865686
24,18.07938,14.577505,16.447866,16.038334,13.916148,19.58237,17.208065,21.500378,22.794355,23.365,28.001143,30.076672,31.616053,28.514341,23.737965,19.866316,17.104183,14.603412,10.373432,7.383559,6.2234063,6.734739,7.178632,3.5830083,0.0,3.4913745,6.2516317,9.138752,12.953399,13.939695,20.917587,19.83415,26.241846,27.495768,30.160141,33.82522,33.94855,32.089245,28.429316,24.963524,25.524948,20.534573,22.497993,18.800087,14.9733515,14.320795,11.079683,8.813228,8.355564,10.267795,13.323656,15.231455,19.313011,21.62063,23.065819,19.82552,21.18291,23.914495,27.605919,28.515234,26.143608,22.421566,25.378939,23.673115,28.028357,26.376806,21.090193,24.881172,21.89782,18.511936,18.122366,14.074518,15.523338,14.927772,20.069841,20.139978,24.891626,26.790253,26.904276,31.75553,27.266157,33.003563,31.200026,26.336666,23.536991,20.480583,19.091156,15.201905,11.39991,10.662498,7.293046,9.917057,8.925962,12.690657,11.630545,9.372762,13.120277,9.4642105,13.096901,12.749168,15.391137,16.618479,18.479174,23.6309,21.786982,26.182241,28.605633,28.885805,26.043089,28.188004,22.003994,23.911894,20.26624,22.318077
25,18.872675,15.518468,17.461796,16.101984,14.065709,20.107065,16.798956,21.896793,22.426699,23.544407,27.952736,29.459044,30.910833,27.39464,22.520853,18.994423,16.072567,14.121213,9.284127,7.8984365,5.933597,8.248171,8.045141,3.6418045,3.4913745,0.0,5.1793585,7.129021,11.38862,11.891339,19.133524,17.969057,24.332483,25.917492,28.17208,32.13939,32.00205,29.858505,26.457472,23.039074,23.13627,18.038527,20.196468,16.494192,12.121736,12.097162,7.881463,6.798966,5.8064995,8.860417,11.971017,13.52516,17.175274,19.87658,20.67454,17.19616,19.106464,21.74163,25.4895,26.53731,24.365856,20.853811,24.006815,22.465206,27.036493,25.465046,20.314869,24.40242,22.094124,18.629368,18.953442,15.224378,16.610687,15.172782,20.5558,19.979755,24.559391,26.516787,26.275007,31.18246,26.792393,32.465878,30.699802,25.927485,23.474495,20.659042,19.507242,16.080818,12.53945,12.7628565,9.992002,13.091978,12.085404,15.966547,15.112537,12.706478,16.338772,12.3971815,16.050945,14.939349,17.7719,18.180838,20.179422,24.550133,22.781124,26.821812,28.955809,29.365955,26.78896,28.91871,22.940952,25.21913,21.603828,24.151114
26,22.0439,18.155863,18.998224,17.2277,14.266287,19.752356,15.468738,19.379847,19.508438,20.009932,24.091013,25.56681,26.504902,22.867306,18.087358,14.397333,12.076589,9.592662,7.7239094,6.0443187,7.484578,9.56319,11.369343,8.056738,6.2516317,5.1793585,0.0,3.9101636,6.7338376,8.61728,14.752601,14.390926,20.32528,22.123346,24.627174,28.394419,28.888569,26.885355,23.45191,19.99791,19.976465,15.117569,16.515137,12.73967,9.794436,8.402218,7.0887766,5.4442425,8.166048,9.284892,11.192541,11.259944,15.770215,17.45193,18.838312,15.359198,15.934362,18.223661,22.403479,22.674448,20.065142,16.744738,20.47593,19.504143,23.883339,21.371738,16.791962,21.6409,19.000196,15.4851055,16.801447,12.982183,13.275017,10.830936,16.42201,15.096052,19.935184,21.555014,21.208738,26.07598,21.630608,27.325375,25.667414,20.868376,18.538534,15.635398,14.986039,11.432066,8.642629,9.722271,8.438466,12.24945,12.3434105,16.198298,16.22422,14.663739,17.560429,12.444501,15.189869,13.206068,15.291736,14.845547,16.30695,20.12804,18.114252,21.966751,23.972986,24.314444,21.864136,24.074099,18.219774,20.951748,17.678556,20.862997
27,22.09286,18.255804,18.725174,16.00583,13.057109,18.473003,13.230121,17.825825,17.101404,18.338667,22.16188,23.046465,24.171896,20.385324,15.494058,12.243937,9.40902,8.089093,5.472941,6.539224,7.613425,10.579437,12.25636,9.660784,9.138752,7.129021,3.9101636,0.0,5.008215,4.928676,12.230844,10.952459,17.25472,18.908182,21.200981,25.125135,25.28971,23.204021,19.802547,16.361673,16.419333,11.477584,13.467865,10.142057,6.570437,6.9987564,5.391941,7.2838535,9.719745,11.664108,13.272306,12.383576,16.34634,18.0943,18.646175,14.757777,15.511444,17.124376,21.818243,21.555689,18.779493,16.37812,20.885326,20.535648,24.954622,21.948067,18.125366,23.50806,21.366095,17.909418,19.96303,16.388763,16.23161,12.896536,18.457073,15.900055,20.715645,21.850498,20.782751,25.47667,20.804361,26.254574,24.230156,19.637459,17.532547,15.322036,14.393767,12.436846,9.799275,12.251661,11.643691,15.533464,16.067461,19.859613,19.331,17.477726,19.934294,14.583073,17.335333,14.454585,16.963991,15.449243,17.518744,19.999395,18.651066,21.84112,23.498812,24.405592,22.314909,25.066195,19.515095,22.91377,20.103672,23.716957
28,26.735092,22.73747,22.678131,19.90202,16.588556,21.164532,15.381916,18.349749,16.92815,17.382887,20.41693,20.952393,21.094406,16.781168,12.091583,8.999926,7.792246,6.2298946,9.0154085,9.703855,12.276726,14.668153,16.960741,14.27582,12.953399,11.38862,6.7338376,5.008215,0.0,4.8963127,8.046542,8.9734,13.885482,16.38408,18.645285,22.45232,23.442705,21.34831,18.275766,14.990684,14.212607,9.921,10.228606,6.667846,6.5549664,4.2718277,7.8184276,8.622078,12.635209,12.996077,13.305493,10.947114,15.077727,15.633031,16.661451,13.138807,12.276754,13.340343,18.325531,17.287218,14.148684,12.06361,17.118723,17.47821,21.53908,17.712072,14.829633,20.7518,18.743181,15.537549,18.641304,15.603383,14.504367,10.157899,15.256835,11.638068,16.293266,17.137978,15.848075,20.545212,16.091476,21.544916,19.945778,15.40396,13.9238615,11.734615,12.160584,10.32462,9.756519,12.593132,13.299201,17.110798,17.991413,21.567368,22.017698,20.819546,23.012133,17.346811,19.214727,16.079268,17.474865,15.223643,16.215282,17.66026,15.850294,18.489624,19.755878,20.380888,18.666033,21.105799,16.160048,19.899096,17.574055,21.747063
29,24.429295,20.649776,20.37398,16.81568,13.84033,18.344587,11.997006,16.31731,14.253122,16.052944,19.158077,19.19149,20.25024,16.259056,11.388876,8.98308,6.04793,6.8412976,6.505389,9.571144,11.065933,13.98571,15.878242,14.082205,13.939695,11.891339,8.61728,4.928676,4.8963127,0.0,8.556477,6.098213,12.656614,14.164327,16.304567,20.297558,20.389528,18.301344,14.92652,11.50909,11.670833,6.9343348,9.353566,7.227099,4.894399,7.149779,7.6507545,11.216731,13.886189,15.6995535,16.651007,14.619891,18.020557,19.252672,19.199202,15.2398205,15.423874,15.880325,21.124407,19.803894,16.683754,15.74087,21.098425,21.664331,25.819693,21.989101,19.436153,25.347784,23.590199,20.347721,23.241285,19.97128,19.10362,14.952614,20.089546,16.156696,20.750301,21.10051,19.173052,23.441763,18.605371,23.572708,21.169367,16.99313,15.366446,14.189989,13.278018,13.355681,11.660291,15.191495,15.564443,19.438393,20.540924,24.181484,23.514517,21.738676,23.596384,18.001514,20.287428,16.588068,18.96053,16.200993,18.462877,19.053974,18.435493,20.586775,21.692923,23.211498,21.678707,24.96548,20.051548,24.145515,22.052782,26.136244
30,32.75574,28.84417,28.064726,24.556566,21.345945,24.627518,18.108429,19.749516,16.50632,17.058903,18.108189,16.903963,15.766347,10.383771,6.5937777,6.765515,8.307828,9.545573,14.55945,16.5696,19.220757,21.67316,24.078194,21.88673,20.917587,19.133524,14.752601,12.230844,8.046542,8.556477,0.0,6.0180492,6.367251,10.404726,11.83851,15.610559,17.344633,15.188545,13.073658,10.648792,8.385513,6.965807,4.0966735,4.5536394,9.488758,8.748987,13.65719,15.824603,19.71582,19.87151,19.26807,15.614378,18.304455,17.673552,17.841516,14.948417,12.659086,11.181057,16.617376,13.339168,9.556414,10.996659,16.990372,19.072063,22.203077,17.122585,17.091022,23.288713,22.239483,19.78434,24.005527,21.820137,19.873823,14.971104,18.361977,12.862259,16.032719,15.387462,12.431097,16.067106,12.013011,16.248903,14.650096,11.316169,11.81761,11.763173,13.2948,14.353916,15.515614,19.017931,20.674698,24.308474,25.652714,28.996386,29.531141,28.48162,30.135878,24.29822,25.567802,21.771576,22.663174,19.093987,19.709337,18.053844,17.090218,17.50529,17.410921,18.629139,18.275122,20.90738,17.880104,22.283068,21.299088,25.94128
31,28.508228,24.805946,23.707697,19.734015,16.856163,19.771145,13.020317,15.720554,12.008116,14.071856,15.709305,14.437186,15.165278,10.998168,6.538006,6.4766607,5.209825,8.495706,11.117293,14.430168,16.444118,18.976425,21.194895,19.976467,19.83415,17.969057,14.390926,10.952459,8.9734,6.098213,6.0180492,0.0,7.1842237,8.127589,10.332331,14.201441,14.5820055,12.742972,9.318144,6.036248,6.8377523,4.501232,6.2947526,7.488555,8.74159,10.874031,13.11995,16.775942,19.756554,21.213428,21.585083,18.715479,21.611254,22.025806,21.655989,18.064737,17.24192,16.257235,21.744753,18.950752,15.43999,16.525755,22.446,24.026455,27.600988,22.831015,21.920322,28.124159,26.627256,23.755413,27.329302,24.390198,22.785955,18.174059,22.46924,17.354317,21.387405,20.624395,17.739145,21.089966,16.231277,20.198936,17.282564,14.009994,13.247495,13.699339,13.018023,15.433582,14.995421,19.098408,20.39222,24.111345,25.781458,29.188036,28.525597,26.984863,28.209288,22.488163,24.110407,19.854202,21.748892,17.890728,20.012245,18.251911,18.570337,19.199574,19.487726,21.748672,21.023304,24.846539,20.9885,25.65217,24.514194,28.92422
32,35.637928,31.948126,30.652758,26.661371,23.81085,26.008987,19.454485,20.508848,16.11099,17.332266,16.869448,13.972695,12.575527,7.233234,5.86561,9.306814,11.029393,13.797469,18.217615,21.094894,23.465221,25.932667,28.27194,26.721682,26.241846,24.332483,20.32528,17.25472,13.885482,12.656614,6.367251,7.1842237,0.0,5.641112,5.68544,9.524042,11.429987,9.468401,8.276931,7.3887324,5.0817933,7.994229,5.6539507,9.590655,13.702356,14.631945,18.538195,21.72536,25.181528,25.847656,25.346376,21.631855,23.683449,23.040955,22.435778,19.733091,17.720917,15.241016,20.259655,16.027418,12.665914,16.041372,21.815474,24.452612,27.129494,21.807028,22.868647,28.93648,28.189651,25.946423,30.282984,28.119913,26.000404,21.125048,24.111975,18.295774,20.816496,19.221117,15.517298,17.548517,13.923039,16.193604,13.859793,12.373618,13.732792,15.388751,16.277107,19.24349,20.326084,24.265482,26.124805,29.725348,31.423418,34.704525,34.720127,33.515507,34.70685,28.882162,30.013033,25.769005,26.839666,22.614574,23.698618,20.278446,20.57709,19.616888,18.710894,20.884468,21.31159,24.548388,22.422958,27.10578,26.786467,31.438208
33,34.28827,30.719307,28.76721,24.766924,22.141392,23.068052,17.027645,17.065134,12.176359,13.866293,12.694773,9.077539,9.107126,6.0490546,5.8691454,9.567795,10.753578,14.227052,18.203638,21.31674,23.743298,25.772572,28.324865,27.690737,27.495768,25.917492,22.123346,18.908182,16.38408,14.164327,10.404726,8.127589,5.641112,0.0,4.5812674,6.368759,8.133245,8.066177,5.155818,5.109657,7.774903,10.576148,10.366101,13.799074,16.558046,18.231915,21.187021,24.653042,27.855804,29.050411,29.068125,25.750063,28.337519,27.96603,27.54958,24.508131,22.7758,20.639885,25.791721,21.547596,17.962416,20.981825,26.884169,29.33235,32.099407,26.498459,27.271093,33.458538,32.033516,29.61785,33.579346,30.908167,28.640657,23.984152,27.22101,21.452814,24.635376,22.516272,18.866783,20.391287,16.000086,17.739227,14.019914,13.013219,13.5259285,16.060623,15.535692,20.054703,20.655312,24.935928,27.001945,30.416552,32.684704,35.74952,35.013947,33.766693,34.240906,28.586014,29.441084,24.876528,26.161251,21.521019,23.353308,18.988739,20.617098,19.209217,18.356907,21.580866,21.948269,26.316572,23.959969,28.919514,28.948658,33.417496
34,37.07142,33.699745,32.047203,27.735577,25.377394,26.65819,20.429655,21.34034,16.330235,18.408573,17.047552,12.92018,12.304331,8.897868,9.386777,13.246519,14.281316,17.75582,21.058764,24.545956,26.488668,28.932682,31.083858,30.153091,30.160141,28.17208,24.627174,21.200981,18.645285,16.304567,11.83851,10.332331,5.68544,4.5812674,0.0,5.009538,5.818977,4.363578,4.629977,6.445533,6.3293624,10.915056,10.309202,14.522383,17.504969,19.567003,22.453112,26.394215,29.3798,30.617025,30.406656,26.85199,28.663334,28.33324,27.212353,24.418482,22.9613,20.324892,25.098015,20.817554,17.873024,21.594402,27.263105,29.963402,32.60431,27.328672,28.526041,34.573296,33.863903,31.570305,35.813225,33.453526,31.367931,26.539017,29.651443,23.805885,26.33419,24.409895,20.562033,21.796288,18.33885,19.450443,16.487543,16.127892,17.364578,19.736748,19.75347,23.735054,24.359747,28.561892,30.37268,33.953465,35.87309,39.139133,38.548306,37.11817,37.94272,32.26016,33.417435,28.90817,30.336668,25.81765,27.520393,23.306978,24.575039,23.063072,21.905415,24.780876,25.44829,29.231003,27.275526,32.11168,32.01536,36.609447
