,0,1,2,3,4,5,6,7,8,9,10,11,12,13,14,15,16,17,18,19,20,21,22,23,24,25,26,27,28,29,30,31,32,33,34,35,36,37,38,39,40,41,42,43,44,45,46,47,48,49,50,51,52,53,54,55,56,57,58,59,60,61,62,63,64,65,66,67,68,69,70,71,72,73,74,75,76,77,78,79,80,81,82,83,84,85,86,87,88,89,90,91,92,93,94,95,96,97,98,99,100,101,102,103,104,105,106,107,108
0,0.0,4.1087074,6.2171993,9.308221,11.433979,14.121571,16.206596,20.47351,23.316437,27.118568,31.457157,32.03297,34.665028,36.826252,33.254272,28.133862,27.898113,22.72052,21.496897,18.392725,16.425219,18.423367,14.0394335,10.549956,11.609203,15.068003,13.114165,12.004857,11.601642,17.06887,15.97293,23.90615,23.427044,28.526966,29.0403,32.28775,33.564682,31.624207,32.12348,29.138824,29.39627,23.251272,24.183687,19.175377,22.230263,18.603516,20.560406,21.147152,23.416128,27.466597,28.033173,29.942665,34.36184,35.652267,33.84533,30.469543,32.2131,33.182632,38.945423,36.44261,32.991478,33.46398,30.773838,31.795788,30.211311,32.606434,30.515388,28.163614,24.322111,25.228548,22.848085,26.975483,25.966467,30.371971,29.13561,34.624607,34.66419,38.2528,37.449234,39.73177,38.345016,34.909435,30.579512,28.082912,24.07045,23.081373,18.165136,15.925989,11.605721,10.338196,6.642754,6.4658585,8.090913,5.803298,3.7627265,7.772547,9.15873,9.263843,14.462521,14.851314,19.708448,23.22754,24.484074,24.105877,28.061092,25.844614,30.288568,29.641567,33.751434
1,4.1087074,0.0,4.8179865,6.1181517,8.15638,11.151556,12.702208,17.368406,19.766071,23.97114,27.826832,28.756968,31.167284,33.189228,29.854073,24.569353,24.737272,19.43844,19.004816,16.061436,14.679513,17.401217,13.853931,9.405496,11.976254,14.555604,12.457442,10.136313,8.309528,13.932128,12.23244,20.125141,19.464413,24.574116,24.975746,28.26295,29.475122,27.517956,28.044207,25.065157,25.492937,19.339352,20.605507,15.543887,19.265724,16.354403,18.830645,19.805786,21.280865,25.74203,25.505106,27.640116,31.877161,32.795746,30.769567,27.30851,28.91194,29.596874,35.33053,32.86315,29.379833,30.271477,27.848759,29.138557,28.04577,30.444431,28.87486,26.958977,23.106401,23.294195,20.189356,24.09739,22.588974,26.973013,25.392042,30.93807,30.73642,34.294987,33.437664,35.790127,34.38288,31.019484,26.607464,24.189589,20.15391,19.246925,14.294355,11.994763,7.654533,6.533944,3.5848074,5.0257683,8.082629,8.238061,7.092695,10.6974325,11.042126,10.4714985,14.813212,14.325332,19.11441,22.361647,23.27711,22.589903,25.87526,23.493114,27.720194,26.713795,30.723333
2,6.2171993,4.8179865,0.0,5.101296,6.0127587,9.272978,10.807998,14.69421,17.822931,21.208933,25.995,26.113897,28.946428,31.320173,27.542282,22.641209,22.023653,17.19436,15.456011,12.94046,10.660199,13.582883,10.040643,6.805111,10.696831,13.8234215,13.612568,12.038713,10.252488,15.967913,14.938023,22.318735,21.500069,26.407324,26.293344,29.835041,30.437752,28.03757,28.643871,25.368147,26.216639,19.386354,20.521902,15.184326,18.534004,15.78707,16.850592,19.234772,21.079208,25.512678,24.91482,28.047329,31.894972,32.249283,31.023369,27.742764,28.574783,29.452309,35.05039,31.968191,28.609535,28.748823,26.290478,26.903997,26.05373,27.489035,25.617014,24.238401,19.814104,19.843046,17.938437,21.679598,21.003157,25.17458,24.29768,29.62142,29.946484,33.68359,32.884056,34.837883,33.624165,30.18685,25.93866,23.530823,19.313932,19.012182,13.531892,12.70836,8.449018,9.492685,7.285947,9.729781,12.14949,11.103538,8.560838,10.78579,9.137515,7.377329,11.897759,10.348027,15.321459,18.701612,19.216408,18.402878,22.317451,19.68393,24.138441,23.523558,27.665562
3,9.308221,6.1181517,5.101296,0.0,4.0043535,5.041086,8.238021,11.58103,14.39031,18.310934,22.44943,23.40792,25.912992,28.434233,25.254522,20.051956,20.197552,15.576061,15.0179205,13.602912,12.045126,16.150158,13.863365,10.277377,14.95497,17.172392,16.380249,13.577526,10.027624,15.280514,12.497232,19.48072,17.502338,22.871521,22.076189,25.751125,26.16643,23.873247,25.021927,21.790854,23.472637,16.711554,18.92422,13.552287,18.381168,17.012194,18.746029,21.49109,22.208551,27.071722,25.363451,28.647316,32.21619,31.992329,30.308407,26.896479,27.481846,27.667374,33.12875,30.082575,26.685732,27.733269,25.903456,26.870045,26.992302,28.117111,27.044243,26.4896,22.02894,20.805313,18.104572,21.147095,19.552013,23.485386,21.793797,27.20085,26.732067,30.45304,29.235342,31.120155,29.551678,25.905634,21.909525,19.127806,15.434417,14.229696,9.457213,7.935996,4.1020465,6.357482,5.867227,9.511126,11.762075,12.56841,11.113705,13.09554,11.42318,10.011328,12.188058,10.5548315,14.77585,17.549507,18.20339,17.43147,20.04294,18.118603,22.183018,21.425436,25.496359
4,11.433979,8.15638,6.0127587,4.0043535,0.0,5.796876,4.8748507,9.594793,12.020133,15.975383,20.179144,20.665884,23.239817,25.486116,21.968933,16.853962,16.74511,11.847813,11.412404,9.719005,8.758602,13.004904,11.700995,8.162899,13.503697,15.010109,15.086336,12.4304085,8.894732,13.680466,12.12772,18.354692,17.184923,21.76124,21.196493,24.849646,25.038643,22.414488,23.089426,19.706753,21.094107,14.005476,15.770526,10.342602,14.826347,13.848431,15.201763,18.578396,19.062849,23.950539,21.846937,25.630518,28.918776,28.412712,27.123945,23.8442,24.065811,24.472311,29.904957,26.651659,23.301994,23.937359,22.023687,22.8786,23.089329,24.150414,23.217585,22.85663,18.464153,16.99007,14.118898,17.186094,15.824732,19.827997,18.568285,23.913404,24.006374,27.770214,26.90165,28.82749,27.668278,24.3492,19.98519,17.776564,13.349762,13.724746,7.7398376,8.339017,5.198666,8.362778,8.911198,12.164541,15.09951,15.749484,13.935571,16.11339,13.985656,11.924928,14.359732,11.393931,15.509125,18.117672,17.785551,16.316282,18.914236,15.80935,19.827324,18.574078,22.566956
5,14.121571,11.151556,9.272978,5.041086,5.796876,0.0,7.208739,7.4863544,10.82837,14.165267,18.560972,19.591545,22.150883,25.217653,22.322224,17.390957,17.53539,14.046253,13.401988,13.827388,12.305157,17.129597,16.022596,13.506085,18.805355,20.731413,20.6253,17.713512,13.676842,18.130495,14.837979,20.479189,17.429798,22.739998,20.824705,24.709173,24.34672,21.828701,23.614578,20.293571,23.139849,16.294344,19.252502,14.156325,19.477114,19.376635,20.4668,24.286757,24.446867,29.414896,26.669188,30.687468,33.66309,32.53297,31.1452,27.87614,27.60751,27.318264,32.37176,28.88745,25.677895,26.87951,25.676788,26.323408,27.517834,27.476604,26.889091,27.510794,22.745705,20.335413,18.20954,20.204784,18.593111,21.846212,20.072071,25.13082,24.339174,28.12627,26.527575,27.874828,26.114435,22.180737,18.820017,15.634849,12.687156,10.988107,7.3441596,7.238284,6.2372165,9.676427,10.312998,14.060676,15.781786,16.831026,15.38549,16.421581,13.796285,12.133939,11.939547,9.483194,12.328029,14.285876,14.678296,13.907329,15.497835,14.389946,18.127846,17.74983,21.809227
6,16.206596,12.702208,10.807998,8.238021,4.8748507,7.208739,0.0,6.6358595,7.652322,12.053827,15.647296,16.23043,18.585258,20.635954,17.223932,12.00173,12.283962,7.438574,8.669926,8.238015,8.919217,13.378915,13.928775,11.034991,16.448593,16.846167,17.432827,14.577129,10.699561,13.772697,12.449691,16.72291,15.545205,19.282936,18.32425,21.984621,21.63577,18.685541,19.26427,15.756997,17.621515,10.355655,12.541931,7.5384555,12.536324,13.437241,14.567266,18.729177,18.125439,23.091131,19.704533,24.138857,26.741488,25.368538,24.281528,21.167679,20.600628,20.648212,25.811897,22.279997,19.017994,19.8856,18.519747,19.44744,20.679338,21.226622,21.15279,21.755743,17.606781,14.854263,11.377396,13.4680605,11.60109,15.296798,13.903301,19.160496,19.29225,23.100863,22.297588,24.144476,23.211061,20.14497,15.614971,13.901637,9.048667,11.008824,4.64336,8.100259,7.4893703,11.125799,12.977041,16.166843,19.223217,20.432783,18.786266,20.888313,18.471626,16.234436,17.715504,14.022945,17.140858,18.989294,17.772022,15.701889,17.032875,13.257835,16.61538,14.610187,18.341417
7,20.47351,17.368406,14.69421,11.58103,9.594793,7.4863544,6.6358595,0.0,4.755261,6.772739,12.042659,12.19291,15.051991,18.44762,15.363995,11.119536,10.769208,9.252209,8.844787,11.792606,11.420352,16.211056,17.387524,16.102036,21.715769,22.639868,23.771332,21.09153,17.143074,20.192549,17.998909,21.357374,18.676369,22.488056,19.972094,23.781195,22.338997,19.206364,20.874474,17.436155,20.973986,14.286043,17.18161,13.185759,17.806063,19.453163,19.405956,24.532312,23.90278,28.668415,24.597267,29.69188,31.621773,29.245836,28.727219,25.934317,24.300394,23.779562,28.132143,23.946146,21.164366,21.917887,21.457031,21.5238,24.078768,22.5646,22.824852,24.999218,20.356384,16.364954,15.003781,15.307366,14.144934,16.250412,15.142895,19.393454,19.113985,22.963062,21.499067,22.216995,20.955023,17.324793,14.257932,11.813778,8.900817,9.889676,6.994973,10.812416,11.662429,15.571646,17.101976,20.73293,22.979967,23.999556,22.214191,23.206821,19.912355,17.641249,16.863106,12.854332,13.994326,14.64054,12.946101,10.906205,10.680392,8.195248,11.200274,10.32609,14.329301
8,23.316437,19.766071,17.822931,14.39031,12.020133,10.82837,7.652322,4.755261,0.0,5.661826,8.175691,9.581325,11.575287,14.393105,11.922791,7.1735916,8.509248,7.5322347,10.081063,12.887135,13.984137,18.347797,20.200996,18.355719,23.797882,23.854149,24.740194,21.746553,17.62394,19.338688,17.274963,18.838825,16.341404,19.143005,16.45608,20.075562,18.296616,14.98711,16.518248,13.150427,17.104233,11.122676,14.411262,11.615415,16.292032,19.194002,19.675959,24.529402,22.926983,27.644745,22.761292,27.804674,29.250706,26.383726,25.64463,23.005373,21.000195,19.945425,23.974384,19.893867,17.203411,18.76169,18.976452,19.568062,22.821472,21.584105,22.791864,25.234701,21.29407,16.799313,14.217906,13.58988,11.333659,12.854065,10.962014,15.119207,14.399012,18.23775,16.774593,17.700924,16.593208,13.315799,9.722326,8.039657,4.8166347,8.019642,6.433821,11.107066,13.158589,16.828127,19.260645,22.648264,25.214155,26.899008,25.44119,26.945993,24.040184,21.83242,21.41707,17.531277,18.694767,19.064255,17.130499,14.88314,13.2721815,10.40515,11.807412,9.356234,12.506065
9,27.118568,23.97114,21.208933,18.310934,15.975383,14.165267,12.053827,6.772739,5.661826,0.0,7.0857754,5.75059,8.942332,13.078478,10.399609,8.269868,7.5550437,10.12542,10.4774,14.975619,15.533272,19.502396,22.05152,21.52726,26.961916,27.238306,28.946653,26.40795,22.605808,24.558514,22.862547,24.299725,21.753727,24.169775,21.073532,24.480448,22.027655,18.681658,20.363518,17.297905,21.45978,16.048916,18.710331,16.397903,19.959196,22.941172,22.172028,27.837736,26.515827,30.871628,25.779982,31.452429,32.328506,28.785952,28.994074,26.795286,23.936626,22.979517,26.18858,21.502094,19.482233,19.983667,20.636183,20.132284,24.137552,21.078934,22.402477,26.05832,21.931154,16.783588,16.35073,14.553909,13.8810215,13.926817,13.53375,16.03579,16.013365,19.583128,18.117094,17.781952,17.021166,13.943843,12.175833,10.981137,9.833747,12.395958,11.833096,16.257456,17.964447,21.803387,23.72301,27.290323,29.625505,30.77057,28.943321,29.822348,26.282469,23.897303,22.562881,18.347557,18.172346,17.633066,14.799861,12.343714,9.316735,6.724501,6.4440093,4.7377386,8.041826
10,31.457157,27.826832,25.995,22.44943,20.179144,18.560972,15.647296,12.042659,8.175691,7.0857754,0.0,5.5236297,4.6736617,8.009935,8.350653,7.217533,9.631153,12.597801,15.720437,19.370686,21.017683,24.771515,27.516024,26.106657,31.383753,30.896662,31.98513,28.980263,24.932146,25.443407,23.511217,22.614851,19.98434,20.926374,17.319296,20.087788,16.902298,13.689133,15.564486,13.268715,18.206854,15.001753,18.061527,17.50384,21.066793,25.235504,25.396458,30.346092,27.884079,32.100266,26.17591,31.36808,31.58993,27.44911,27.129269,25.245062,22.024052,19.997215,22.19542,17.991201,16.483974,18.619247,20.497755,20.87818,25.649044,23.218983,25.723387,29.424711,26.22142,20.921316,18.92024,16.242035,14.064539,12.741632,10.910332,12.035488,10.353635,13.486132,11.482879,10.785582,9.989334,7.537033,6.753128,7.510482,8.831655,12.022219,13.831604,17.964577,20.87184,24.275103,27.077688,30.373526,32.83074,34.85382,33.533478,34.902805,31.862076,29.666609,28.5139,24.645859,24.672215,23.99154,21.531378,19.31244,15.322528,13.664638,11.921658,9.035692,9.188578
11,32.03297,28.756968,26.113897,23.40792,20.665884,19.591545,16.23043,12.19291,9.581325,5.75059,5.5236297,0.0,3.9358459,8.127549,5.969879,7.2442174,6.74253,11.7818985,13.266969,17.71624,19.19086,22.343792,25.751438,25.419289,30.549595,30.116777,32.124733,29.719759,26.169405,27.100567,26.089645,25.994001,24.112707,25.106808,22.128572,24.954315,21.99468,18.639603,19.75237,17.2308,21.194523,17.262737,19.300316,18.555035,20.957369,24.88834,23.824064,29.4885,27.517445,31.380127,25.596216,31.46117,31.412317,27.018803,27.81417,26.228315,22.480717,21.258408,23.329346,18.419111,17.234684,17.478292,19.123632,18.361568,23.375347,19.57265,21.962345,26.431692,23.164618,17.575714,17.30187,14.010184,13.630475,11.753377,12.19341,12.61009,13.247033,16.278543,15.287832,14.233493,14.501625,12.819229,11.845871,12.537475,12.153013,15.955812,15.954093,20.638075,22.640974,26.356792,28.62714,32.04178,34.652622,35.96547,34.143715,35.263367,31.758429,29.26689,28.19365,23.818623,23.548851,22.777428,19.509243,16.87792,13.339478,10.463341,7.7916512,4.417128,3.727895
12,34.665028,31.167284,28.946428,25.912992,23.239817,22.150883,18.585258,15.051991,11.575287,8.942332,4.6736617,3.9358459,0.0,4.916141,5.6910834,8.054371,9.224268,13.919913,16.562778,20.56436,22.459957,25.567116,28.998257,28.235575,33.29978,32.524067,34.214275,31.588577,27.929127,28.178446,27.057142,25.813782,23.94355,24.126966,20.974886,23.352491,20.03609,16.876522,17.957163,15.999072,20.185884,17.564445,19.706112,19.854097,22.212715,26.679583,26.090738,31.348722,28.81653,32.560173,26.383356,31.944212,31.497164,26.760193,27.318733,25.9715,22.008833,20.204086,21.510687,16.90239,16.18325,17.29415,19.66912,19.39148,24.755129,21.339342,24.32004,28.750652,25.978767,20.421844,19.359556,15.73562,14.597415,11.939161,11.703081,10.863344,10.725912,13.234628,12.110048,10.528995,11.177275,10.422252,10.32047,12.0507765,12.741393,16.604464,17.61111,22.09605,24.619,28.131248,30.789608,34.084927,36.731525,38.45628,36.873978,38.202545,34.912838,32.511803,31.461887,27.244291,27.034172,26.178331,23.116459,20.625587,16.625475,14.34651,11.48348,8.327984,6.314231
13,36.826252,33.189228,31.320173,28.434233,25.486116,25.217653,20.635954,18.44762,14.393105,13.078478,8.009935,8.127549,4.916141,0.0,5.256349,8.805901,10.806905,15.020203,18.747276,21.984732,24.603617,27.205818,30.91888,29.865908,34.555923,33.13012,34.734768,32.170494,28.804375,28.078547,27.618158,25.126362,24.201967,23.0784,20.601923,22.324076,19.07968,16.11522,16.142729,14.840905,18.170282,17.159489,18.595545,20.087797,21.534325,26.572027,26.250248,30.966232,27.820091,31.133953,24.608042,29.85784,28.777899,23.641052,24.298426,23.445704,19.094767,17.000368,17.334267,12.933707,12.966545,14.477001,17.60422,17.794584,23.407793,20.604029,24.279638,28.543074,26.647625,21.306866,19.472048,15.425171,13.918288,10.255465,10.151462,7.174743,7.693874,9.367045,9.368634,8.148993,10.341635,11.472746,10.840422,13.975065,14.305117,18.934181,19.687145,24.13865,26.705004,29.949432,32.90952,35.93603,38.87785,40.83239,39.362816,41.113625,38.086285,35.64889,35.2125,30.90885,31.202772,30.646435,27.546604,24.875198,21.3484,18.334042,15.773311,12.036907,9.6006
14,33.254272,29.854073,27.542282,25.254522,21.968933,22.322224,17.223932,15.363995,11.922791,10.399609,8.350653,5.969879,5.6910834,5.256349,0.0,5.6415668,5.943506,10.841798,13.929405,17.278355,19.8938,22.188328,26.13528,25.552542,30.139366,28.812403,30.934057,28.750603,25.70707,25.51115,25.646593,24.390148,23.918667,23.550228,21.611565,23.898668,21.229416,17.88192,17.607979,15.433761,18.096315,15.382202,16.253454,17.065767,18.002249,22.671389,21.67663,26.873123,24.245977,27.59537,21.372124,27.191093,26.477299,21.644146,22.86139,21.78078,17.47742,16.387596,17.942978,12.833416,12.120537,11.937711,14.230901,13.746472,19.245998,15.9919615,19.322355,23.68205,21.52361,16.103449,14.902401,10.715595,10.281197,6.85486,8.568831,7.4106064,10.035036,12.750767,13.141633,12.931822,14.509646,14.360766,12.185431,14.474577,13.025432,18.256105,17.35588,22.209225,24.030994,27.469646,30.035658,33.10604,36.199028,37.649075,35.865314,37.571228,34.385612,31.78534,31.747988,27.173944,27.75409,27.542862,24.18291,21.236197,18.763107,14.5048275,12.614082,8.331945,6.736334
15,28.133862,24.569353,22.641209,20.051956,16.853962,17.390957,12.00173,11.119536,7.1735916,8.269868,7.217533,7.2442174,8.054371,8.805901,5.6415668,0.0,4.5326343,6.4021645,10.982537,13.64947,16.312763,19.324635,22.552181,21.127878,25.940756,24.811008,26.330942,23.771877,20.391644,20.442549,20.126371,19.505669,18.813211,19.248901,17.425232,20.21219,18.090187,14.57344,14.530697,11.612457,14.546294,10.361259,12.0748825,11.961042,14.27077,18.700256,18.64147,23.532646,20.988907,25.030783,19.127172,24.629253,24.911737,21.005497,21.101637,19.207148,15.917035,14.806893,17.99893,13.367522,11.212664,12.347547,13.553822,14.136336,18.55162,16.978704,19.481712,22.65501,19.924685,14.889641,11.996864,9.260985,6.9366302,6.214301,5.450699,8.361096,9.444155,13.156404,12.934025,13.992187,14.453668,13.098332,9.183747,10.708368,7.811927,13.433538,11.85829,16.686241,18.528353,21.883287,24.583536,27.6011,30.702852,32.36872,30.78435,32.71059,29.844168,27.383968,27.685577,23.34185,24.581972,24.870659,22.084377,19.262255,17.454323,13.075367,12.853241,8.545264,9.647661
16,27.898113,24.737272,22.023653,20.197552,16.74511,17.53539,12.283962,10.769208,8.509248,7.5550437,9.631153,6.74253,9.224268,10.806905,5.943506,4.5326343,0.0,5.9633837,8.000291,11.688626,13.996545,16.552986,20.32867,19.988966,24.725546,23.862669,26.2397,24.260027,21.326368,22.12568,22.36476,22.886566,22.39164,23.315168,21.673914,24.60815,22.574144,19.048527,18.984524,15.996454,18.367504,13.471782,14.330862,13.464371,14.783545,18.543167,17.159996,22.879457,21.095236,24.878025,19.397184,25.486336,25.751795,21.877892,22.946491,21.235025,17.7706,17.546774,20.67452,15.645687,13.799655,12.862349,13.40743,12.624212,17.030489,14.049651,16.134472,19.99335,16.870657,11.42502,10.599821,7.46217,7.886638,7.234663,9.092005,11.136024,13.500871,16.958797,17.00762,17.491219,18.160027,16.656301,13.369665,14.218275,11.092455,16.179556,13.555442,18.556122,19.56374,23.173418,25.258675,28.406086,31.501045,32.486614,30.463696,32.065365,28.783426,26.100866,26.398643,21.696362,22.707436,22.98886,19.684507,16.58893,15.5325365,10.106357,10.058566,5.7655396,7.519222
17,22.72052,19.43844,17.19436,15.576061,11.847813,14.046253,7.438574,9.252209,7.5322347,10.12542,12.597801,11.7818985,13.919913,15.020203,10.841798,6.4021645,5.9633837,0.0,6.164443,7.3643446,10.38103,13.317761,16.31782,14.864501,19.58874,18.61448,20.487432,18.324507,15.415918,16.356562,16.926542,18.403519,18.52516,20.023481,19.272474,22.4118,21.3357,17.950413,17.517721,14.16139,15.562951,9.279759,9.967575,7.790993,9.903052,13.182677,12.848142,18.054152,16.404676,20.77553,15.89934,21.533766,22.829395,20.142761,20.267475,17.874998,15.69,15.933301,20.439579,16.158031,13.311082,13.079405,12.223132,12.6970215,15.3454275,14.899251,16.035812,18.027964,14.710413,10.441366,6.7713428,6.5564923,5.208788,8.24113,8.56297,12.991666,14.755137,18.45468,18.530693,20.167292,20.344418,18.408485,13.796236,14.016223,9.147104,14.16643,9.613654,14.332867,14.680281,18.022575,20.136717,23.02517,26.37846,27.458906,25.583694,27.6926,24.930893,22.35419,23.698574,19.252123,21.504963,22.681246,20.11504,17.216784,17.585182,12.123002,14.0420265,10.532573,13.294562
18,21.496897,19.004816,15.456011,15.0179205,11.412404,13.401988,8.669926,8.844787,10.081063,10.4774,15.720437,13.266969,16.562778,18.747276,13.929405,10.982537,8.000291,6.164443,0.0,5.246337,6.160242,9.184578,12.573244,13.074065,17.872965,17.961948,20.898085,19.559742,17.227308,19.729795,20.343046,23.5155,23.211405,25.63455,24.61922,28.01992,26.868378,23.466734,23.506432,20.077152,21.64225,15.015874,15.425262,12.186975,13.512295,14.833989,12.595107,18.823496,18.773859,22.79949,19.097912,24.987432,26.526976,24.189756,25.121592,22.86478,20.779406,21.62115,25.94664,21.375555,18.868689,17.202347,15.720859,14.651854,16.525026,14.499628,14.090564,16.479296,11.81815,7.558655,8.301336,8.918397,10.605184,12.910463,14.442889,18.085644,20.241903,23.935467,23.840117,24.814404,24.870117,22.458195,18.607178,17.972744,13.612596,17.288378,12.312127,16.584656,15.773106,19.348597,20.30975,23.411951,26.447899,26.4593,23.960978,25.353842,21.922876,19.071749,20.230228,15.369149,17.355799,18.684198,15.717373,12.657794,14.759098,8.605953,11.857706,9.990191,13.595804
19,18.392725,16.061436,12.94046,13.602912,9.719005,13.827388,8.238015,11.792606,12.887135,14.975619,19.370686,17.71624,20.56436,21.984732,17.278355,13.64947,11.688626,7.3643446,5.246337,0.0,4.20747,6.181623,9.150077,8.797173,13.13607,12.770818,15.843357,14.912339,13.416477,15.912241,17.670218,21.49729,22.288502,24.651024,24.69343,27.93969,27.556356,24.372965,23.78611,20.419096,20.698114,14.036816,13.429092,9.790987,10.0770645,9.978681,7.914861,13.832909,14.336046,18.467644,15.77836,21.149685,23.396984,22.152134,22.730476,20.26082,19.19834,20.695547,25.634117,21.703074,18.869225,17.166367,14.6338,14.303775,14.338859,14.660496,13.507034,13.785677,9.370576,7.429893,5.853273,9.249806,10.538641,14.159251,15.40832,19.683342,21.960228,25.558886,25.82319,27.527252,27.627409,25.376518,20.779022,20.255342,15.1454315,18.751501,12.667379,16.110023,14.303374,17.241152,17.968449,20.529516,23.950386,23.807856,21.340662,23.384388,20.609776,17.85292,20.555073,16.126371,19.374779,21.50637,19.212803,16.494267,19.393337,13.618896,17.087547,14.960144,18.322533
20,16.425219,14.679513,10.660199,12.045126,8.758602,12.305157,8.919217,11.420352,13.984137,15.533272,21.017683,19.19086,22.459957,24.603617,19.8938,16.312763,13.996545,10.38103,6.160242,4.20747,0.0,4.98831,6.585254,7.6155763,12.316579,13.42922,16.541744,15.854979,14.376353,18.100138,19.09172,24.02151,24.07389,27.283024,26.917654,30.408659,29.986464,26.834335,26.79609,23.316807,24.144274,17.132668,17.159927,12.832411,13.986464,12.865053,10.664604,16.220772,17.644794,21.665493,19.701431,24.788769,27.320274,26.303862,26.834385,24.259275,23.375702,24.75028,29.703482,25.667562,22.831507,21.191057,18.746605,18.038504,17.922634,17.524124,15.61672,15.860595,10.6986685,9.49654,10.000749,12.989932,14.400267,17.790413,18.849308,23.170258,25.097036,28.828638,28.714249,30.129267,29.88625,27.149502,22.931831,21.707886,16.952023,19.489664,13.485656,16.328709,13.914894,16.899225,16.78311,19.526281,22.518167,21.720343,18.907562,20.36666,17.169125,14.287612,16.902205,12.43926,15.821619,18.259445,16.255394,13.862335,17.85134,12.710862,16.89138,15.845887,19.657143
21,18.423367,17.401217,13.582883,16.150158,13.004904,17.129597,13.378915,16.211056,18.347797,19.502396,24.771515,22.343792,25.567116,27.205818,22.188328,19.324635,16.552986,13.317761,9.184578,6.181623,4.98831,0.0,5.1549277,8.494789,11.050857,11.6596155,16.090534,16.668333,16.587534,19.77086,22.078413,26.799025,27.797153,30.43589,30.679834,33.94851,33.69182,30.531958,29.92187,26.578262,26.534569,20.028986,18.930506,15.409766,14.490466,12.432898,8.485798,14.076639,16.473206,19.590458,18.674566,23.68686,26.11489,25.545435,26.807108,24.62004,23.825642,25.920519,30.707245,26.796307,24.222988,21.50334,18.449995,17.204243,15.801432,15.729942,12.721274,11.901185,6.7012277,8.080659,10.245376,13.599735,16.156712,19.363083,21.3179,25.150988,27.883545,31.413378,31.808949,33.310986,33.49969,31.163818,26.79421,26.051714,21.100548,24.171484,18.013203,20.784203,18.056597,20.554115,20.101892,22.284262,25.412022,24.0428,21.032145,22.569532,19.642931,16.828129,20.227919,16.04381,19.394802,21.930758,19.708515,17.294872,21.718563,16.162687,19.994045,18.863895,22.206846
22,14.0394335,13.853931,10.040643,13.863365,11.700995,16.022596,13.928775,17.387524,20.200996,22.05152,27.516024,25.751438,28.998257,30.91888,26.13528,22.552181,20.32867,16.31782,12.573244,9.150077,6.585254,5.1549277,0.0,5.4859033,7.444226,9.979607,13.706298,14.577273,14.94255,19.149134,21.017048,26.96362,27.716425,31.123617,31.50311,34.872562,35.038834,32.108032,31.77109,28.400476,28.350069,21.620314,20.93293,16.643787,16.688509,13.314898,10.963149,14.759822,17.930944,21.223946,21.342123,25.411642,28.618652,28.854847,29.36361,26.812191,26.865889,28.846605,34.041103,30.47339,27.597538,25.595125,22.434233,21.788286,19.90153,20.752296,17.660555,15.781256,11.22176,13.170094,13.95905,17.888882,19.50842,23.245678,24.389692,28.818037,30.922804,34.562828,34.6511,36.364624,36.123707,33.380463,28.92988,27.59901,22.682487,24.690523,18.405472,19.991913,16.44594,18.294418,16.947277,18.752869,21.578236,19.597012,16.444458,17.953238,15.428825,12.848175,17.287472,13.982566,18.134073,21.283712,20.05434,18.307024,23.31105,18.708904,23.043854,22.314974,26.048315
23,10.549956,9.405496,6.805111,10.277377,8.162899,13.506085,11.034991,16.102036,18.355719,21.52726,26.106657,25.419289,28.235575,29.865908,25.552542,21.127878,19.988966,14.864501,13.074065,8.797173,7.6155763,8.494789,5.4859033,0.0,5.6254883,7.771569,9.654135,9.474289,9.5119705,14.052211,15.734308,22.052174,22.972237,26.531912,27.278797,30.543396,31.15902,28.498932,28.104895,24.852768,24.533812,17.943304,17.525255,12.877499,13.924461,10.248112,10.422415,12.93655,15.406934,19.440504,19.396336,22.757843,26.482609,27.109133,26.586365,23.641502,24.420187,26.092348,31.63738,28.583347,25.396925,24.49186,21.427853,21.854164,20.061642,22.222912,20.008566,17.788025,13.879074,15.042815,13.137288,17.53638,17.73405,22.034399,22.162102,27.153183,28.593649,32.19166,32.154408,34.324993,33.836903,31.073784,26.283216,24.880468,19.830624,21.488527,15.070811,15.892064,12.110219,13.444648,12.481582,14.085912,17.396965,16.319622,13.741208,16.347218,14.728963,12.517912,17.338568,14.498545,19.20932,22.42084,21.682987,19.989534,24.119173,19.757313,24.018526,22.665375,26.455593
24,11.609203,11.976254,10.696831,14.95497,13.503697,18.805355,16.448593,21.715769,23.797882,26.961916,31.383753,30.549595,33.29978,34.555923,30.139366,25.940756,24.725546,19.58874,17.872965,13.13607,12.316579,11.050857,7.444226,5.6254883,0.0,4.6420717,7.1125703,9.4385195,11.984442,15.674017,18.61272,24.878113,26.74992,29.908636,31.419643,34.39394,35.441246,32.959644,32.097664,29.060785,27.81801,21.927038,20.645193,16.773252,16.274475,11.21067,11.344861,11.391633,15.282255,18.238262,20.131973,22.36625,26.50273,28.223907,27.799232,25.0894,26.576845,28.810478,34.339455,31.748901,28.678074,27.33623,23.780157,24.24843,21.125643,24.349163,21.543844,17.777369,15.039606,17.96603,16.340631,21.056227,21.60776,25.93191,26.367466,31.17803,32.974743,36.386856,36.689686,39.104015,38.812187,36.276802,31.287289,30.125183,24.958244,26.714802,20.311598,20.663364,16.667177,16.991613,15.464941,15.813575,18.968042,17.147627,14.703326,17.550179,16.949219,15.275174,20.939789,18.813606,23.61834,27.046255,26.461136,24.892109,29.434944,24.920265,29.157299,27.748394,31.366749
25,15.068003,14.555604,13.8234215,17.172392,15.010109,20.731413,16.846167,22.639868,23.854149,27.238306,30.896662,30.116777,32.524067,33.13012,28.812403,24.811008,23.862669,18.61448,17.961948,12.770818,13.42922,11.6596155,9.979607,7.771569,4.6420717,0.0,5.4599338,8.3674345,11.638738,13.650897,17.96242,23.085861,25.959484,28.175583,30.272459,32.920723,34.098892,31.661768,30.19527,27.382782,25.329655,20.166481,18.01781,15.141246,13.197567,7.7209306,8.462892,6.825572,10.938397,13.628332,16.005056,17.866667,22.032661,24.126568,23.7494,21.246586,22.995937,25.56467,30.979973,28.763802,25.825588,24.337381,20.582989,21.435516,17.744106,22.091627,19.674662,15.283611,13.73463,16.894733,14.2757845,19.074984,19.531471,23.812454,24.421638,28.966984,31.097252,34.256992,34.976532,37.644417,37.69871,35.64565,30.398964,29.846508,24.480055,27.037544,20.603233,21.42221,17.94585,18.300676,17.705557,17.94809,21.551893,20.542114,18.508436,21.728315,21.170408,19.376423,24.755478,22.152357,26.829483,30.033415,28.987133,27.015736,31.02097,25.900337,29.742191,27.692743,30.925293
26,13.114165,12.457442,13.612568,16.380249,15.086336,20.6253,17.432827,23.771332,24.740194,28.946653,31.98513,32.124733,34.214275,34.734768,30.934057,26.330942,26.2397,20.487432,20.898085,15.843357,16.541744,16.090534,13.706298,9.654135,7.1125703,5.4599338,0.0,4.3400187,8.97106,10.675063,14.815338,20.364122,23.42279,25.865679,28.412163,30.847282,32.60861,30.606842,29.205252,26.648077,24.346052,19.73251,18.052013,15.143965,14.470061,9.299069,12.589234,9.555967,12.22127,15.266031,17.698614,18.1339,22.918028,25.590742,23.967537,21.088848,23.806646,25.925964,31.56219,29.975557,26.816395,26.50525,23.046877,24.732054,21.396011,26.29092,24.441147,20.254332,18.774893,21.16699,17.260592,22.004019,21.24563,25.783623,25.367043,30.307266,31.63195,34.687103,35.176044,38.1914,37.903778,35.75654,30.420662,29.655615,24.51345,26.29995,20.284681,19.937132,16.451101,15.682789,15.194544,14.514964,18.163239,17.855066,16.675318,20.547071,21.018587,19.796741,25.282295,23.413204,28.335299,31.623104,31.159706,29.453466,33.052143,28.484821,32.3532,30.163101,33.491486
27,12.004857,10.136313,12.038713,13.577526,12.4304085,17.713512,14.577129,21.09153,21.746553,26.40795,28.980263,29.719759,31.588577,32.170494,28.750603,23.771877,24.260027,18.324507,19.559742,14.912339,15.854979,16.668333,14.577273,9.474289,9.4385195,8.3674345,4.3400187,0.0,4.8533645,7.010773,10.488003,16.443426,19.1513,21.920006,24.310488,26.809692,28.631765,26.745617,25.590538,23.04688,21.098883,16.386997,15.423375,12.146075,13.019556,8.962341,13.33057,11.4665985,12.545394,16.561497,17.505547,18.241741,22.91884,25.02484,22.762554,19.517092,22.215641,23.746449,29.517313,27.965487,24.627855,25.185287,22.170425,24.256596,21.836916,26.426897,25.184586,21.858315,19.875265,21.12524,16.364597,20.842707,19.215946,23.83651,22.694622,27.90909,28.62123,31.704618,31.910433,34.993717,34.45454,32.201008,26.902369,25.991915,21.039192,22.46858,16.765106,16.028496,12.855468,11.904866,12.193724,11.779402,15.734343,16.479467,15.701857,19.757801,20.16649,18.975784,23.904978,22.038939,26.860615,29.958946,29.634523,27.965363,30.947695,26.732645,30.458881,28.138296,31.485111
28,11.601642,8.309528,10.252488,10.027624,8.894732,13.676842,10.699561,17.143074,17.62394,22.605808,24.932146,26.169405,27.929127,28.804375,25.70707,20.391644,21.326368,15.415918,17.227308,13.416477,14.376353,16.587534,14.94255,9.5119705,11.984442,11.638738,8.97106,4.8533645,0.0,5.7767143,6.630391,13.450256,14.999223,18.517439,20.189238,23.019913,24.58441,22.63048,22.018576,19.290152,18.318985,12.934115,13.242983,9.081771,12.263497,10.00226,14.278296,14.295226,14.260855,18.999102,18.211676,19.886858,24.074999,25.157732,22.657017,19.15448,21.243988,22.048965,27.852747,25.99224,22.50665,23.797724,21.36601,23.52991,22.307095,26.010603,25.29757,23.11724,20.409924,20.358845,15.253442,19.212467,16.875376,21.446138,19.640188,25.123226,25.203026,28.440931,28.220697,31.176981,30.326744,27.813078,22.656885,21.428703,16.679964,17.67374,12.182211,11.214283,8.395188,7.871982,9.345814,10.055807,14.108495,15.779453,15.129578,18.945683,18.859318,17.56288,21.580338,19.563242,24.09576,26.901157,26.65365,25.036129,27.360514,23.60862,27.17861,24.878931,28.290644
29,17.06887,13.932128,15.967913,15.280514,13.680466,18.130495,13.772697,20.192549,19.338688,24.558514,25.443407,27.100567,28.178446,28.078547,25.51115,20.442549,22.12568,16.356562,19.729795,15.912241,18.100138,19.77086,19.149134,14.052211,15.674017,13.650897,10.675063,7.010773,5.7767143,0.0,6.31606,9.722494,13.620678,15.239085,18.269968,20.349918,22.430645,20.825552,19.219793,17.099762,14.561114,11.167378,10.419068,8.675028,10.539164,9.576482,15.005318,13.619653,11.838897,16.330605,15.230357,15.688593,19.872337,21.372383,18.008125,14.462622,17.467573,18.223755,23.942636,23.015875,19.650328,21.61042,19.374027,22.410484,21.09322,25.893425,25.929886,23.553501,22.009535,21.847189,15.590105,19.100405,16.009916,20.331415,18.16467,23.279676,23.327984,26.055803,26.325035,29.785051,29.296188,27.542591,22.131636,21.853813,17.230873,19.129185,14.45113,14.001432,12.732177,12.083268,14.463225,14.618224,18.528711,20.817705,20.579592,24.547087,24.632122,23.31348,27.165846,24.878428,29.184391,31.72726,31.092897,29.157413,30.777763,26.607141,29.566256,26.542648,29.348166
30,15.97293,12.23244,14.938023,12.497232,12.12772,14.837979,12.449691,17.998909,17.274963,22.862547,23.511217,26.089645,27.057142,27.618158,25.646593,20.126371,22.36476,16.926542,20.343046,17.670218,19.09172,22.078413,21.017048,15.734308,18.61272,17.96242,14.815338,10.488003,6.630391,6.31606,0.0,7.9740705,8.860268,12.806485,14.630562,17.201077,19.301369,17.989904,17.677658,15.489202,14.89225,11.03709,12.840508,9.97772,14.665175,14.563831,19.315712,19.275864,17.70758,22.447592,20.4931,21.565384,25.321493,25.959478,22.352179,18.71909,20.9992,20.661282,26.183252,25.00026,21.535372,24.477816,22.977583,25.834305,25.636703,29.26111,29.487274,28.02536,25.523243,24.412556,18.5232,21.432844,17.732801,21.78661,18.591364,23.998701,22.750607,25.638939,25.003782,28.24823,26.985981,24.602419,19.656376,18.455093,14.707076,14.749712,11.3574705,9.159089,8.927387,7.676476,11.1725025,11.782855,15.133355,18.51253,18.858692,22.50903,22.69093,21.737751,24.577719,22.884386,26.819672,29.093542,29.064302,27.56969,28.53262,25.555134,28.454838,25.846788,28.864492
31,23.90615,20.125141,22.318735,19.48072,18.354692,20.479189,16.72291,21.357374,18.838825,24.299725,22.614851,25.994001,25.813782,25.126362,24.390148,19.505669,22.886566,18.403519,23.5155,21.49729,24.02151,26.799025,26.96362,22.052174,24.878113,23.085861,20.364122,16.443426,13.450256,9.722494,7.9740705,0.0,6.4722476,5.731855,9.822986,11.010734,13.850539,13.292099,11.748929,10.899989,8.885269,9.48549,11.174653,11.812691,15.434676,17.551208,22.42223,22.111376,18.793118,22.970264,19.721657,20.073454,22.77243,22.834124,18.249594,14.940919,17.323273,15.897964,20.698492,20.752079,17.685097,22.123854,21.634361,25.29364,25.897675,29.83865,31.230106,30.313696,28.74971,26.925713,20.275637,21.905968,17.246601,20.24515,16.201248,20.665142,18.66514,20.649305,20.366007,24.18552,23.266937,22.05742,17.213985,17.493067,14.764813,15.945261,14.636018,13.896167,15.591964,15.176499,18.98412,19.61704,22.690605,26.39347,26.827587,30.41131,30.337381,29.17528,31.492605,29.291952,32.68733,34.416862,33.83115,31.978083,31.692554,28.527578,30.365702,26.977571,29.00755
32,23.427044,19.464413,21.500069,17.502338,17.184923,17.429798,15.545205,18.676369,16.341404,21.753727,19.98434,24.112707,23.94355,24.201967,23.918667,18.813211,22.39164,18.52516,23.211405,22.288502,24.07389,27.797153,27.716425,22.972237,26.74992,25.959484,23.42279,19.1513,14.999223,13.620678,8.860268,6.4722476,0.0,6.456136,6.3311477,9.012006,11.148513,10.700514,11.586792,10.355351,11.932067,10.792878,14.485788,13.521255,18.874243,21.022879,25.266577,26.1979,23.439943,28.080006,24.399038,25.825197,28.36902,27.627333,23.595964,20.32842,21.58252,19.594162,24.04503,23.262585,20.207975,24.839903,24.80853,27.91137,29.377779,32.018997,33.375,33.273777,30.75948,28.198366,22.257275,23.462915,18.778444,21.455624,16.906185,21.495235,18.375072,20.688965,19.237576,22.466051,20.612717,18.489708,14.41041,13.453102,12.127091,11.086942,11.985834,10.282391,13.4166975,13.331725,17.401,18.694996,21.035156,25.124687,25.729836,28.726095,28.412529,27.451197,28.620028,26.817894,29.595556,30.910961,30.77113,29.334099,28.347399,26.418617,28.108315,25.29142,27.5138
33,28.526966,24.574116,26.407324,22.871521,21.76124,22.739998,19.282936,22.488056,19.143005,24.169775,20.926374,25.106808,24.126966,23.0784,23.550228,19.248901,23.315168,20.023481,25.63455,24.651024,27.283024,30.43589,31.123617,26.531912,29.908636,28.175583,25.865679,21.920006,18.517439,15.239085,12.806485,5.731855,6.456136,0.0,5.4765234,5.4121943,8.609486,8.983164,7.675248,8.276532,7.872446,11.005631,13.58248,15.088049,18.890009,22.072668,26.415695,26.830732,23.078371,27.096956,22.868208,23.627314,25.348953,24.348942,19.800594,17.037827,18.346832,15.737899,19.39366,19.793594,17.22338,22.66133,23.210745,26.856398,28.540382,31.688875,33.752785,33.723183,32.125122,29.468758,23.04625,23.569784,18.568275,20.444956,15.749051,19.256342,15.999155,17.327818,16.606503,20.451038,19.32074,18.66047,14.608279,15.485485,14.439514,15.37394,16.239563,15.967887,18.85843,18.972166,23.014236,24.062395,26.760185,30.728867,31.206285,34.461063,34.06086,32.852886,34.319363,32.010807,34.758778,35.942806,35.22857,33.391968,32.008854,29.420382,30.462038,26.978758,28.386612
34,29.0403,24.975746,26.293344,22.076189,21.196493,20.824705,18.32425,19.972094,16.45608,21.073532,17.319296,22.128572,20.974886,20.601923,21.611565,17.425232,21.673914,19.272474,24.61922,24.69343,26.917654,30.679834,31.50311,27.278797,31.419643,30.272459,28.412163,24.310488,20.189238,18.269968,14.630562,9.822986,6.3311477,5.4765234,0.0,3.928534,4.820631,5.0177345,6.8577523,6.992427,10.350241,11.654483,15.511717,16.07496,20.863644,24.314837,27.995226,29.553938,26.109943,30.48705,25.718346,27.57969,29.064165,27.216978,23.395569,20.697018,20.852804,17.893198,21.151836,20.581343,18.123632,23.551432,24.572514,27.67177,30.21133,32.12921,34.297485,35.115192,32.856197,29.475885,23.730692,23.663229,18.744806,20.097006,15.118486,18.456284,14.230665,15.856515,14.006582,17.243378,15.326727,14.036662,10.764197,11.090524,11.701997,11.565215,14.431907,14.392016,18.193773,18.972853,23.0355,24.728584,27.036669,30.999018,31.35362,34.08643,33.232685,32.008007,32.502464,30.223116,32.294563,32.991516,32.354694,30.721626,28.543087,26.838276,27.471388,24.353853,25.675447
35,32.28775,28.26295,29.835041,25.751125,24.849646,24.709173,21.984621,23.781195,20.075562,24.480448,20.087788,24.954315,23.352491,22.324076,23.898668,20.21219,24.60815,22.4118,28.01992,27.93969,30.408659,33.94851,34.872562,30.543396,34.39394,32.920723,30.847282,26.809692,23.019913,20.349918,17.201077,11.010734,9.012006,5.4121943,3.928534,0.0,4.215946,6.522095,7.080603,8.911952,10.924238,14.3031025,17.498394,18.948156,23.081417,26.70831,30.607841,31.675701,27.869143,31.895977,27.125525,28.341074,29.502693,27.72489,23.512495,21.152525,21.542624,18.270061,20.78299,21.139189,19.092768,24.925766,26.217302,29.598099,32.11663,34.387764,36.83112,37.543407,35.706635,32.409748,26.437967,26.194717,21.195488,22.174488,17.222178,19.782598,15.357463,16.066858,14.5144005,17.95305,16.304377,15.97358,13.34426,14.37586,15.286539,15.418427,18.261627,18.136728,21.791203,22.243723,26.326149,27.701176,29.985065,34.12539,34.662037,37.548183,36.9001,35.728558,36.359043,34.118576,36.22285,36.893223,36.210793,34.52934,32.18922,30.417637,30.798115,27.502607,28.435577
36,33.564682,29.475122,30.437752,26.16643,25.038643,24.34672,21.63577,22.338997,18.296616,22.027655,16.902298,21.99468,20.03609,19.07968,21.229416,18.090187,22.574144,21.3357,26.868378,27.556356,29.986464,33.69182,35.038834,31.15902,35.441246,34.098892,32.60861,28.631765,24.58441,22.430645,19.301369,13.850539,11.148513,8.609486,4.820631,4.215946,0.0,3.529942,5.9990015,7.8097596,11.674078,14.443018,17.966007,19.37023,23.58019,27.66899,30.947664,32.82509,29.032675,33.13343,27.799435,29.847721,30.574654,28.007612,24.461792,22.308573,21.696718,18.168404,20.160273,19.862652,18.100254,23.870544,25.647316,28.643661,31.864317,33.241917,35.94438,37.36251,35.325176,31.485432,26.037703,25.121193,20.299183,20.575089,15.660274,17.58664,12.599073,13.246958,11.037013,14.090833,12.187283,12.049671,10.215848,11.709887,13.721272,14.130087,17.791441,18.483015,22.451233,23.565681,27.594212,29.448866,31.721455,35.627365,35.86706,38.447144,37.312828,35.960114,36.05382,33.540718,35.14129,35.42567,34.485992,32.766205,29.811592,28.338348,28.177965,24.95594,25.503717
