,0,1,2,3,4,5,6,7,8,9,10,11,12,13,14,15,16,17,18,19,20,21,22,23,24,25,26,27,28,29,30,31,32,33,34,35,36,37,38,39,40,41,42,43,44,45,46,47,48,49,50,51,52,53,54,55,56,57,58,59,60,61,62,63,64,65,66,67,68,69,70,71,72,73,74,75,76,77,78,79,80,81,82,83,84,85,86,87,88,89,90,91,92,93,94,95,96,97,98,99,100,101,102,103,104,105,106,107,108,109
0,0.0,4.336963,7.8823767,9.675857,12.6954155,14.827425,18.424957,22.377115,25.102932,28.336792,32.05517,36.28275,34.185295,32.290474,27.77101,26.314087,22.04768,22.743868,15.581806,17.20241,13.220986,11.698563,14.707041,12.337305,12.277366,15.693592,16.839453,21.89612,20.073517,24.618376,25.019749,29.68762,35.524227,37.116264,40.339134,41.737713,45.63034,49.00602,47.017113,46.840824,42.789738,42.684235,36.78263,37.15776,34.0966,29.844398,29.367094,25.135965,25.58411,24.020336,27.484608,28.804186,26.530348,25.572948,31.511747,30.820826,29.572723,32.806576,35.088806,34.066986,33.863148,39.07935,38.403324,42.11065,43.96192,38.609745,37.14294,34.82214,31.656742,32.290382,30.967402,31.103285,34.557976,32.231087,37.26387,35.55822,39.32229,43.521706,41.50091,46.72866,45.415516,43.78258,41.18363,38.341972,34.522087,32.605057,29.286213,27.493044,22.247677,22.984697,20.678164,23.410698,22.07315,21.310299,23.21841,25.752914,26.779316,26.05387,26.224161,22.520359,25.686314,22.287306,24.745905,20.747778,21.267008,26.504988,25.71386,28.259882,31.41059,32.34382
1,4.336963,0.0,3.6816146,7.2707067,9.588315,11.5255165,15.169625,18.70726,21.794136,24.74478,28.885408,32.678944,30.904423,29.320093,24.56928,23.534985,19.367342,20.407955,13.959654,15.581708,12.432724,10.856749,14.778971,13.197102,12.834867,16.745405,17.154945,21.408329,18.84488,23.70401,23.1185,28.440487,33.43265,35.591904,38.47591,40.020954,43.868244,47.27796,45.696125,45.758053,41.802853,41.604603,35.784866,35.848797,33.17076,28.737467,27.819254,24.165646,25.591087,23.544758,26.460325,28.644312,26.884146,25.106224,31.184517,31.31614,29.97385,32.57057,35.335846,34.739933,34.306477,39.097176,39.10623,42.874542,44.833023,39.52467,38.582222,36.531822,32.823536,33.126423,31.370918,31.129707,34.20776,31.299719,36.319336,34.01495,37.66292,41.6584,39.155457,44.286312,42.740635,41.427708,38.857407,36.33223,32.452576,31.124773,27.26012,26.388288,21.320131,22.532684,20.916086,23.892653,23.498566,22.21057,25.122026,27.444221,27.895927,27.439154,26.735071,23.446213,25.804863,22.26302,24.818989,20.244295,20.135664,25.27192,23.8229,26.098133,28.922115,29.391954
2,7.8823767,3.6816146,0.0,5.5687885,6.7863903,8.475742,11.9723,15.200274,18.45017,21.238869,25.6051,29.149216,27.628284,26.251919,21.424334,20.608776,16.612051,17.819132,12.289201,13.752599,11.570455,10.1872225,14.617155,13.932537,13.753219,17.616846,17.183626,20.714901,17.397274,22.39864,20.899742,26.655195,30.920969,33.451965,36.071983,37.685566,41.49635,44.925392,43.674248,43.941475,40.05841,39.85801,34.137524,34.024918,31.75394,27.204933,26.114239,22.98527,25.203945,22.638468,25.046339,27.901543,26.521782,24.013264,30.123547,30.968359,29.481705,31.496939,34.66007,34.41182,33.753025,38.153984,38.743153,42.520218,44.57968,39.369785,38.871426,37.054077,32.912792,32.920116,30.829485,30.267921,32.991222,29.645496,34.6077,31.84846,35.400208,39.19386,36.36349,41.41169,39.70217,38.61142,36.079834,33.790936,29.901957,29.03928,24.803905,24.685425,19.892897,21.519552,20.561565,23.77523,24.156853,22.666674,26.262636,28.250038,28.20975,27.90737,26.458769,23.552864,25.139894,21.544151,24.131775,19.211868,18.60766,23.597042,21.54396,23.63812,26.14569,26.288488
3,9.675857,7.2707067,5.5687885,0.0,4.433975,5.9905195,9.397094,13.374334,15.604622,19.061977,22.435282,26.955158,24.889616,22.94506,18.699337,16.822731,12.73172,13.231982,7.0314856,8.613573,6.176583,6.0416946,10.814033,11.487244,13.336294,15.963972,14.0826235,18.065908,13.685513,18.638596,16.877577,22.21532,26.97991,28.783512,31.770756,33.025806,37.044636,40.534916,39.143394,39.43962,35.320507,35.613674,29.774912,30.232891,28.24378,23.62393,23.688284,20.299809,22.41739,18.977415,21.531786,24.175644,22.339106,19.274345,25.51315,26.563656,24.46686,26.358822,29.745073,29.41723,28.367537,32.93178,33.619617,37.301228,39.573673,34.52863,34.079132,32.2006,27.8142,27.582245,25.529036,24.736609,27.490715,24.25656,29.218445,26.761013,30.421524,34.404102,32.01325,37.198128,35.81526,34.407017,31.915426,29.21113,25.424139,24.081863,20.320671,19.633533,14.869127,16.828493,16.156113,20.11599,20.647636,20.178465,23.577559,24.759905,24.505707,23.805359,21.977892,18.944159,20.005114,16.116636,18.59338,13.661113,13.247439,18.566753,16.602789,19.187004,21.975237,22.806152
4,12.6954155,9.588315,6.7863903,4.433975,0.0,5.8673496,5.7640734,11.073698,12.821648,16.514513,20.252392,24.351685,23.29325,21.764791,17.637623,15.746356,12.315143,12.178961,8.742731,7.974085,7.9389677,6.6419253,10.933092,12.10195,13.105081,15.848604,13.632704,16.099482,11.53278,16.536924,14.19533,20.165237,24.135069,26.803104,29.307592,31.049866,34.76093,38.168427,36.995876,37.354763,33.548244,33.339836,27.701218,27.565224,25.73865,21.09304,20.405247,17.698303,20.760302,17.276722,19.09972,22.59033,21.648504,18.258793,24.266388,25.983246,24.43651,25.731735,29.224495,29.482416,28.825417,32.49071,33.753166,37.558636,39.607864,34.551456,34.763294,33.498314,28.810228,28.566315,25.879498,25.296587,27.529324,23.866135,28.982197,25.849928,29.754406,33.01827,30.36347,35.519165,33.523376,32.134983,29.490332,27.285873,23.30543,22.610376,18.156961,18.45184,13.98577,15.94197,15.961076,19.43931,21.027487,19.597523,23.99482,25.184792,24.335054,24.260212,21.703676,19.572096,20.045368,16.863466,19.939972,15.035476,14.377975,19.638689,16.208223,18.999786,20.987621,21.291351
5,14.827425,11.5255165,8.475742,5.9905195,5.8673496,0.0,6.9447026,7.8866496,11.193203,13.771556,17.615183,21.652178,19.418226,17.820107,13.126644,12.221064,8.242429,10.29181,6.9058,9.44851,9.589459,10.668877,15.184974,16.80658,18.519825,21.086143,18.445284,21.223795,15.726308,20.493183,16.616646,22.511927,25.487534,27.728851,30.227951,31.2807,35.38432,38.957184,38.36079,39.166817,35.10017,35.720493,30.164467,30.507975,29.507238,24.81748,24.805983,22.528961,25.748167,21.543882,23.08221,26.703789,25.357492,21.001194,27.061478,29.316845,26.679121,27.417469,31.578249,31.688503,29.85187,33.927498,35.59457,39.08624,41.689125,37.01843,37.09486,35.341103,30.452368,29.549019,27.283175,25.508139,27.555195,23.52178,27.950506,24.724834,27.717405,31.689056,28.454252,33.355103,32.02026,31.355404,29.147736,26.813934,23.235113,22.921062,18.642883,19.69526,16.022655,18.916162,19.48469,23.757065,25.14932,24.675734,28.56634,29.240337,28.440325,27.769207,24.987967,22.495255,22.07414,17.940397,19.660872,14.337808,12.430804,16.52721,14.035514,15.467325,17.833029,17.937778
6,18.424957,15.169625,11.9723,9.397094,5.7640734,6.9447026,0.0,6.9979796,7.3254066,11.353569,14.967099,18.94488,18.569845,17.355116,13.782857,11.721449,9.578995,8.802872,9.836438,7.843354,10.696297,10.482368,13.695688,16.074444,17.36567,19.367477,16.0885,16.833275,11.20663,15.536765,10.987437,17.457832,19.678923,22.96856,24.924292,26.75397,30.352581,33.76613,33.194324,33.93734,30.315073,30.190796,24.905922,24.542297,23.732616,19.123648,18.51527,17.163586,21.392603,17.09781,17.602707,22.124062,21.918512,17.314468,22.83677,25.86713,24.097788,24.129364,28.216015,29.110634,28.0829,30.802366,33.097786,36.770004,38.93488,34.2535,35.23877,34.43679,29.251827,28.504902,25.340807,24.24028,25.613548,21.281565,26.106754,22.161398,25.914537,28.588364,25.482855,30.503433,28.161242,27.039227,24.449718,22.70484,18.756989,19.065256,13.9655695,16.048656,12.907336,15.529409,17.001692,20.518864,23.241976,21.850063,26.764284,27.240294,25.639854,25.767458,22.085802,20.904526,19.790071,17.002598,19.850473,15.095027,13.680919,18.059706,13.207248,15.770363,16.75202,16.52908
7,22.377115,18.70726,15.200274,13.374334,11.073698,7.8866496,6.9979796,0.0,5.215865,6.1128216,11.057339,13.998762,12.923952,12.393973,7.9081893,8.367689,7.2567234,9.3406,12.170382,12.75776,15.403233,16.400778,20.06255,22.484879,23.904701,26.1474,22.810598,23.673927,17.728905,21.618067,15.761186,21.81787,21.984142,25.216375,26.666666,27.850773,31.628698,35.11277,35.52623,36.877518,33.24494,33.819115,28.9622,28.795805,29.029425,24.597479,24.225574,23.649916,28.11181,23.447847,23.458323,28.201351,27.894857,22.52883,27.767235,31.453354,28.85063,28.078741,32.80153,33.732952,31.621181,34.343044,37.283756,40.599495,43.243603,39.032154,40.076023,38.96487,33.57986,32.169872,29.322866,27.027637,27.87723,23.028646,26.800598,22.373796,24.788115,27.802458,23.552898,27.998869,26.10971,26.26644,24.308514,22.951794,19.667929,21.086,16.12758,19.690598,17.782269,21.07647,23.007961,26.977406,29.609266,28.718363,33.38594,33.5598,31.948973,31.70281,27.787153,26.455132,24.496008,21.079952,22.580181,17.701664,14.992191,17.334467,13.105683,13.345545,13.782992,12.262755
8,25.102932,21.794136,18.45017,15.604622,12.821648,11.193203,7.3254066,5.215865,0.0,4.835958,7.719801,11.889785,11.756721,10.966964,8.665961,6.8807855,7.8599024,7.2805815,13.131019,11.860203,15.785141,16.824074,19.460205,22.565363,24.391512,25.822979,21.819569,21.711805,15.602298,18.586971,11.965068,17.590994,16.875084,20.27615,21.49518,22.814602,26.465391,29.923986,30.421606,31.86173,28.369808,28.947084,24.352667,24.18078,24.997871,20.798904,20.94358,21.004644,25.757675,20.758804,20.032087,25.01619,25.142385,19.368616,23.963799,28.30266,25.796837,24.287197,29.123175,30.487778,28.490797,30.36232,33.83346,37.076008,39.61143,35.65131,37.250397,36.643757,31.077147,29.543972,26.306318,24.111906,24.362741,19.34235,23.098164,18.260689,21.082214,23.35026,19.322908,23.980244,21.656696,21.379082,19.24413,18.038649,14.667424,16.56743,11.4046,15.909202,15.104031,18.39004,21.084393,24.811691,28.098963,27.339369,32.166523,31.800955,29.706251,29.65122,25.13636,24.593565,21.773874,19.139935,20.839064,16.646729,14.220736,16.330652,10.699456,11.738035,11.064058,9.792485
9,28.336792,24.74478,21.238869,19.061977,16.514513,13.771556,11.353569,6.1128216,4.835958,0.0,5.928554,7.948553,8.192589,8.789107,6.620632,7.7280984,9.823138,10.88207,16.59236,16.366226,19.949877,21.176357,24.133448,27.090298,28.708595,30.439077,26.580984,26.426731,20.416368,23.282148,16.50288,21.74298,19.604357,23.111357,23.716597,24.720982,28.21117,31.568476,32.817703,34.629227,31.345827,32.144142,28.0195,27.742474,29.089237,25.108196,25.006088,25.554873,30.47611,25.520346,24.531809,29.645304,29.871235,23.960684,28.275246,32.87536,30.155714,28.253727,33.27824,34.714424,32.288338,33.98002,37.80818,40.837154,43.546406,39.864258,41.546978,40.852917,35.242466,33.428387,30.35472,27.653122,27.540792,22.376366,25.29556,20.208933,21.9205,24.045427,19.112959,23.0457,20.853975,21.736542,20.164259,19.612625,16.954813,19.691822,14.932174,20.02529,19.726343,23.107708,25.865921,29.637589,32.905067,32.133762,36.97719,36.606625,34.50669,34.38565,29.820358,29.249254,26.20161,23.390478,24.481956,20.338726,17.433989,18.257774,13.410546,12.654757,11.104586,8.142749
10,32.05517,28.885408,25.6051,22.435282,20.252392,17.615183,14.967099,11.057339,7.719801,5.928554,0.0,6.584387,5.8168883,5.6975746,7.80684,7.1506863,11.214902,10.993729,18.346241,17.737568,21.785362,23.597343,25.808638,29.337687,31.688194,32.637486,28.16655,27.766535,21.602518,23.492867,16.428205,20.160767,16.890244,19.419968,19.854473,20.082466,23.712944,27.084446,28.760551,30.922762,27.623672,29.19714,25.563375,25.883385,28.143738,24.60443,25.68937,26.529438,31.244036,25.878052,24.474588,29.277002,29.43914,23.114424,26.575815,31.71931,28.509436,25.719965,30.990112,32.611034,29.62819,30.714905,35.131878,37.762115,40.672318,37.599907,39.61962,39.110683,33.42811,31.175634,28.178669,24.967558,24.06898,18.883905,20.845663,15.546497,16.585192,18.391378,13.240753,17.17085,15.377061,16.447435,15.326666,14.735088,12.937768,16.238218,12.601084,18.157143,19.397186,22.846428,26.181198,30.017462,33.47909,33.445312,37.93682,36.824272,34.46103,34.117165,29.186043,29.058756,25.017033,22.64319,23.03469,19.899632,17.05329,16.424189,11.5908575,10.219155,6.907301,3.6645572
11,36.28275,32.678944,29.149216,26.955158,24.351685,21.652178,18.94488,13.998762,11.889785,7.948553,6.584387,0.0,6.6287766,9.544289,11.209094,12.939212,16.509193,17.08522,23.863379,23.370594,27.319056,28.691133,31.179077,34.42187,36.099842,37.5013,33.361538,32.39317,26.625334,28.49651,21.46748,25.38435,20.627787,24.124739,23.440428,24.030968,26.822166,29.780823,32.297634,34.70473,32.062668,33.135265,30.19279,29.77022,32.343746,29.085096,29.15744,30.80779,35.984497,30.98272,29.108667,34.350334,35.080803,28.929152,32.093094,37.439888,34.66263,31.664309,36.808933,38.712048,35.953625,36.47422,41.184135,43.769722,46.5254,43.556187,45.853565,45.553185,39.859398,37.6461,34.519012,31.425508,30.2637,25.11995,26.629648,21.210054,21.485104,22.140917,16.352613,18.699364,16.21503,18.754068,18.16938,19.080164,17.855492,21.955702,18.187517,24.204418,25.391375,28.655516,31.974426,35.464928,39.183983,38.512928,43.429924,42.60066,40.11257,40.093235,35.07489,35.170643,31.259079,29.052546,29.6048,26.295523,23.348354,22.598513,18.119732,16.24412,12.834378,8.746022
12,34.185295,30.904423,27.628284,24.889616,23.29325,19.418226,18.569845,12.923952,11.756721,8.192589,5.8168883,6.6287766,0.0,3.7071714,6.6588016,9.165083,12.875004,14.494211,20.697294,21.54131,24.943695,27.140862,29.925516,33.244812,35.62045,36.943592,32.647648,32.88118,26.532316,28.849245,21.857368,25.66171,22.512712,24.507128,24.935194,24.531555,28.201923,31.476091,33.56449,35.93627,32.58063,34.60482,31.068228,31.612188,33.902275,30.292253,31.336235,31.9456,36.54565,31.124702,30.052698,34.714436,34.494415,28.12651,31.832384,36.789352,33.10535,30.446833,35.844753,37.160847,33.550426,35.158653,39.49109,41.881657,45.115696,42.23645,43.92229,42.955437,37.35567,34.83774,32.33775,28.515089,27.705627,22.687222,23.788118,19.003897,18.524658,21.064938,15.44528,18.191065,17.64973,19.961523,19.629593,19.084667,18.027122,21.06255,18.017456,23.059988,24.042234,27.706276,30.779488,34.98274,38.039776,38.2622,42.526276,41.480213,39.378105,38.70862,34.0295,33.38692,29.475128,26.4616,26.06513,22.793797,19.47452,17.610119,14.622739,11.345411,8.585133,4.628981
13,32.290474,29.320093,26.251919,22.94506,21.764791,17.820107,17.355116,12.393973,10.966964,8.789107,5.6975746,9.544289,3.7071714,0.0,5.448901,6.4511333,10.380881,11.833274,18.033468,19.092695,22.374866,24.92769,27.5584,31.005514,33.804356,34.856712,30.409037,31.072803,24.57178,26.885038,20.08027,23.603138,21.412836,22.64671,23.715214,22.982803,27.067635,30.504637,32.146168,34.381645,30.679586,33.05773,29.209705,30.227703,32.334538,28.63504,30.26989,30.387775,34.621864,29.041382,28.309765,32.5941,31.965063,25.568705,29.406591,34.156364,30.139465,27.643723,33.08214,34.159935,30.301105,32.33549,36.44812,38.79732,42.16574,39.293278,40.75339,39.59284,34.042038,31.448977,29.153788,25.143818,24.515514,19.582712,20.748085,16.273392,15.957477,19.39105,14.309015,17.750462,17.772858,19.348825,18.860693,17.45892,16.294014,18.62244,16.00075,20.410725,21.40291,25.153654,28.157267,32.584965,35.391167,36.073547,39.99101,38.756718,36.779877,35.853134,31.30655,30.454945,26.49053,23.288338,22.57102,19.471384,16.142174,13.936282,11.3166,7.687301,5.2753444,2.5359447
14,27.77101,24.56928,21.424334,18.699337,17.637623,13.126644,13.782857,7.9081893,8.665961,6.620632,7.80684,11.209094,6.6588016,5.448901,0.0,5.0978427,7.012907,10.1851635,14.75695,16.588587,19.304422,21.61946,24.935328,27.920942,30.319824,31.963238,27.993013,29.176935,22.695526,25.883358,19.360924,24.069407,23.127537,25.032394,26.45868,26.3779,30.517557,34.051285,35.16504,37.053757,33.212784,35.0273,30.586853,31.280415,32.55303,28.411718,29.353287,28.962057,33.181076,27.856596,27.663439,32.05391,31.271282,25.190054,29.892672,34.089813,30.356771,28.743189,34.004044,34.820374,31.39495,34.164272,37.652657,40.383854,43.615734,40.153046,41.202038,39.77241,34.29459,32.095592,29.78788,26.209402,26.425926,21.49746,23.75843,19.47496,20.1823,23.932875,19.169367,22.998953,22.463575,23.576231,22.512012,20.9319,18.814453,20.567978,16.952263,20.859495,20.460619,24.239157,26.689194,31.21848,33.70355,33.975986,38.021564,37.380726,35.71573,34.852547,30.69609,29.303648,26.234055,22.482782,22.318941,18.204987,14.72719,14.06496,11.397752,8.694786,8.615974,6.667608
15,26.314087,23.534985,20.608776,16.822731,15.746356,12.221064,11.721449,8.367689,6.8807855,7.7280984,7.1506863,12.939212,9.165083,6.4511333,5.0978427,0.0,4.4349856,5.577594,11.817217,12.693862,15.95834,18.492826,21.177277,24.573778,27.48438,28.50824,24.135923,25.274384,18.683357,21.51067,15.090277,19.341513,19.233755,20.56866,22.527205,22.410557,26.773952,30.40605,30.998198,32.687416,28.639196,30.579811,25.922054,26.975702,28.169014,24.059309,25.710754,25.049503,28.991611,23.466433,23.346567,27.436953,26.502638,20.31268,24.93257,29.13661,25.308798,23.656572,28.915985,29.737692,26.398108,29.145573,32.579308,35.36641,38.543224,35.05991,36.186768,34.913624,29.374985,27.203032,24.748375,21.307066,21.558645,16.60867,19.392357,15.174495,16.836967,20.731129,16.789465,21.40171,20.778553,20.838232,19.400492,17.136223,14.674531,15.767199,12.364795,15.826335,15.69667,19.512783,22.177856,26.743504,29.322517,29.95507,33.823597,32.845955,31.064627,30.14399,25.85024,24.6473,21.264685,17.732582,17.732424,13.884632,10.621501,10.539551,6.4654145,5.1982503,5.760893,6.138141
16,22.04768,19.367342,16.612051,12.73172,12.315143,8.242429,9.578995,7.2567234,7.8599024,9.823138,11.214902,16.509193,12.875004,10.380881,7.012907,4.4349856,0.0,4.7669406,7.846727,10.032469,12.40525,15.086108,18.332802,21.357594,24.265833,25.6075,21.603817,23.630564,17.104012,20.699528,15.089646,19.924093,21.458355,22.760046,25.216488,25.351221,29.787298,33.45355,33.468643,34.803932,30.56806,32.254818,27.101398,28.16779,28.528406,24.11386,25.53961,24.065248,27.605127,22.311558,22.983315,26.748137,25.3598,19.635704,24.99676,28.430038,24.683033,24.013235,28.981697,29.372164,26.298515,29.909872,32.584457,35.59751,38.71076,34.806007,35.391212,33.744434,28.397823,26.567286,24.341106,21.263988,22.394835,17.83327,21.314598,17.782902,19.975107,24.297443,20.868917,25.63836,25.025042,24.691584,22.976246,20.380505,17.474619,17.595154,14.041418,16.144985,14.571259,18.330248,20.28165,25.067213,27.084326,27.717806,31.381392,30.807604,29.440224,28.374928,24.636261,22.741335,20.290728,16.12498,16.423601,11.734202,8.45164,10.150148,7.1666727,7.336602,9.746623,10.500453
17,22.743868,20.407955,17.819132,13.231982,12.178961,10.29181,8.802872,9.3406,7.2805815,10.88207,10.993729,17.08522,14.494211,11.833274,10.1851635,5.577594,4.7669406,0.0,7.993293,7.3422575,11.085166,13.560953,15.767159,19.364992,22.597982,23.212105,18.680746,20.092098,13.470983,16.46601,10.729481,15.181042,17.237566,18.337166,21.046436,21.405233,25.800495,29.45989,29.099813,30.265759,26.019484,27.58605,22.355742,23.543476,23.954319,19.631145,21.622644,20.216713,23.743376,18.217453,18.634459,22.360027,21.165112,15.179685,20.328072,24.057247,20.47767,19.524906,24.499271,25.168488,22.463356,25.57259,28.430874,31.562338,34.480373,30.55008,31.518642,30.334192,24.821964,23.085943,20.38013,17.718548,18.654016,13.991631,18.141176,14.474919,17.74096,21.49863,18.80277,23.989473,22.959919,21.760542,19.680569,16.816807,13.534683,13.196198,9.564754,11.461405,10.310763,14.125811,16.621204,21.243095,23.751572,24.467506,28.250704,27.307768,25.58084,24.705402,20.524773,19.225584,16.213924,12.705716,13.728269,9.536714,7.054306,9.875161,4.42737,7.563404,9.29091,10.9380455
18,15.581806,13.959654,12.289201,7.0314856,8.742731,6.9058,9.836438,12.170382,13.131019,16.59236,18.346241,23.863379,20.697294,18.033468,14.75695,11.817217,7.846727,7.993293,0.0,5.7824364,5.1642566,8.642216,12.073516,14.624863,18.155363,19.295177,15.75018,19.487322,13.669649,17.874872,14.750471,19.246147,23.72638,24.386276,27.725454,28.142464,32.574703,36.190662,35.024914,35.64401,31.170174,32.512302,26.734537,28.082655,27.057234,22.507088,24.171556,21.131369,23.361917,18.638964,20.803452,23.35595,21.019464,16.577053,22.686155,24.528547,21.053314,22.154444,26.27615,25.901367,23.583782,28.383987,29.620031,32.94948,35.793045,31.287714,30.995205,28.903328,24.047764,22.99135,21.162052,19.19619,21.719152,18.313555,22.825825,20.654545,23.925709,28.47765,26.351593,31.511791,30.87303,29.473993,27.307924,24.073675,20.727766,19.05358,16.135674,15.292401,11.5531645,14.593826,15.048135,20.039934,20.913584,21.994995,24.91052,24.747952,24.102524,22.716845,20.105152,17.112844,16.446466,11.707294,12.922021,7.6126103,6.327987,11.55323,10.250404,12.853282,16.18361,17.91549
19,17.20241,15.581708,13.752599,8.613573,7.974085,9.44851,7.843354,12.75776,11.860203,16.366226,17.737568,23.370594,21.54131,19.092695,16.588587,12.693862,10.032469,7.3422575,5.7824364,0.0,4.7791862,6.51993,8.488068,12.031482,15.547248,15.974913,11.631055,14.231998,8.03675,12.168223,9.368231,14.048823,19.152761,20.275534,23.532001,24.623524,28.683249,32.174953,30.665142,31.029928,26.800058,27.47827,21.646198,22.636927,21.370483,16.778559,18.477234,15.502351,18.102467,13.137955,15.0477915,17.951046,16.243956,11.62165,17.770674,19.973969,17.328554,18.243177,22.169222,22.371117,21.08735,24.883778,26.384546,30.028316,32.39818,27.662212,28.063417,26.84235,21.738281,21.062042,18.28564,17.3774,19.566912,16.100426,21.367176,18.816534,23.108765,26.569427,24.907202,30.288023,28.85418,26.763506,24.172373,21.15706,17.376616,15.560704,12.222138,11.048009,6.6619477,9.564128,10.653317,15.306088,17.273941,17.711126,21.449776,21.141962,19.844706,19.134714,15.754365,13.77539,12.773044,9.348078,12.502436,8.049928,8.146941,13.82121,10.151414,14.258666,16.500004,18.20185
20,13.220986,12.432724,11.570455,6.176583,7.9389677,9.589459,10.696297,15.403233,15.785141,19.949877,21.785362,27.319056,24.943695,22.374866,19.304422,15.95834,12.40525,11.085166,5.1642566,4.7791862,0.0,4.1019053,7.0889206,9.547024,13.515532,14.23188,10.839022,15.332403,10.460352,14.7768955,13.70027,17.787266,23.705261,24.383419,27.924492,28.830856,32.961205,36.426197,34.57868,34.705166,30.360233,31.092562,25.133375,26.32405,24.389853,19.915533,21.478916,17.626062,19.072826,14.954121,17.90628,19.763357,17.228899,13.981264,20.238136,21.123531,18.49368,20.6004,23.926046,23.397472,22.231544,27.030031,27.524797,31.160973,33.52033,28.571186,28.098148,26.235954,21.692074,21.420183,19.396717,18.790564,21.77766,19.065628,24.206207,22.445198,26.50702,30.521793,29.061405,34.41297,33.34156,31.270906,28.755455,25.50448,21.873436,19.545181,16.813627,14.608431,9.687274,11.599158,10.945479,15.645312,16.151966,17.050495,19.900686,20.117357,19.697216,18.529812,16.484322,13.25577,14.014678,10.000535,12.827521,8.386348,9.2538185,15.206111,13.406118,17.03968,20.02176,21.872034
21,11.698563,10.856749,10.1872225,6.0416946,6.6419253,10.668877,10.482368,16.400778,16.824074,21.176357,23.597343,28.691133,27.140862,24.92769,21.61946,18.492826,15.086108,13.560953,8.642216,6.51993,4.1019053,0.0,4.78808,6.3722553,9.6120405,10.861747,8.136997,12.591721,8.829124,13.491839,13.589981,18.003752,24.095058,25.502026,28.761478,30.275974,34.03721,37.36605,35.325882,35.206417,31.181995,31.131762,25.216646,25.773186,23.206255,18.758377,19.36049,15.243852,16.653902,13.382377,16.522085,18.464605,16.504051,14.254117,20.359684,20.85404,19.403696,21.818178,24.595863,24.301256,24.16658,28.413954,28.712223,32.583855,34.458553,29.202059,28.895638,27.48345,23.18775,23.46659,21.077478,21.367474,24.261343,21.624058,27.05084,25.021772,29.445696,32.87729,31.385435,36.77388,35.136425,32.903847,30.143162,27.268139,23.372705,21.276165,18.070015,16.026676,10.747186,11.678888,10.400684,14.095854,14.788639,14.36052,17.917345,18.936214,18.514091,18.06453,16.292654,13.516351,15.218375,12.3582535,16.056726,12.091848,13.099203,19.080706,16.481617,20.294882,22.817482,24.241526
22,14.707041,14.778971,14.617155,10.814033,10.933092,15.184974,13.695688,20.06255,19.460205,24.133448,25.808638,31.179077,29.925516,27.5584,24.935328,21.177277,18.332802,15.767159,12.073516,8.488068,7.0889206,4.78808,0.0,4.2487726,8.754992,7.7833967,3.7638414,9.177641,7.0511003,10.537275,12.954707,15.876746,23.101957,23.97359,27.446083,29.098528,32.574814,35.70561,33.066242,32.53863,28.633778,28.305605,22.41208,23.137613,19.983242,15.898221,17.18016,12.34517,12.539082,9.686056,13.58604,14.381596,12.113107,11.220309,16.891441,16.549673,15.863033,18.920422,20.909798,20.558804,21.390541,25.33947,25.122265,29.125538,30.597637,25.159142,24.902296,23.920586,19.870909,20.715996,18.143612,19.56306,22.552517,20.674278,26.277609,24.789686,29.673979,32.63683,31.954102,37.387962,35.6456,32.78404,29.884325,26.895187,23.083345,20.324379,17.925634,14.589969,9.347071,8.674577,6.2566876,9.433345,10.1193075,9.981013,13.485437,14.275945,13.74925,13.53518,12.04333,9.554705,12.226152,10.843589,15.336178,12.774437,14.803034,20.729935,18.018934,22.428713,24.725107,26.55685
23,12.337305,13.197102,13.932537,11.487244,12.10195,16.80658,16.074444,22.484879,22.565363,27.090298,29.337687,34.42187,33.244812,31.005514,27.920942,24.573778,21.357594,19.364992,14.624863,12.031482,9.547024,6.3722553,4.2487726,0.0,5.2724276,4.9102335,4.678896,10.485525,10.42094,13.698797,16.736212,19.741798,26.927773,28.044882,31.413305,33.23344,36.577873,39.6291,36.845543,36.130352,32.392918,31.707815,25.935057,26.351974,22.66437,18.859543,19.266989,14.211392,13.546094,12.410778,16.459742,16.733574,14.59462,15.041311,20.27049,19.024479,19.049625,22.63105,24.021894,23.401737,24.718325,28.825003,27.999796,32.00554,33.185966,27.598963,26.880968,25.761433,22.39604,23.69113,21.49197,23.2532,26.467901,24.83115,30.395409,29.020037,33.85063,36.882854,36.10929,41.54122,39.71312,36.913025,33.970207,31.091476,27.23158,24.552376,22.027971,18.802675,13.591827,12.600219,9.526225,11.16221,10.503143,9.3599615,12.37406,14.494625,14.811196,14.842278,14.724473,12.023594,15.848509,14.583184,18.794342,16.236654,18.218699,24.196308,21.862123,26.052834,28.508898,30.145123
24,12.277366,12.834867,13.753219,13.336294,13.105081,18.519825,17.36567,23.904701,24.391512,28.708595,31.688194,36.099842,35.62045,33.804356,30.319824,27.48438,24.265833,22.597982,18.155363,15.547248,13.515532,9.6120405,8.754992,5.2724276,0.0,4.759677,7.87235,11.252187,12.806503,15.996964,19.180693,22.72988,29.238636,31.280077,34.15908,36.508743,39.51079,42.435364,39.753136,38.951805,35.622425,34.18218,28.679829,28.261532,24.210485,20.62556,19.415188,14.790971,14.413949,14.761301,18.221132,18.951166,17.935696,18.855995,23.662605,22.448107,23.433212,26.794123,27.927406,27.652834,29.513174,33.03133,32.307056,36.398075,37.19177,31.517536,31.04824,30.3202,27.187027,28.668312,26.230625,28.19751,31.176933,29.26592,34.919296,33.062572,37.962845,40.60562,39.462315,44.84595,42.511097,39.8565,36.782543,34.392185,30.353497,28.252415,25.092245,22.693897,17.615921,16.525333,13.815358,14.054289,13.836955,10.4123125,14.186017,17.418434,17.701948,18.621937,18.632265,16.71562,20.47055,19.558483,23.896854,20.990488,22.547413,28.560429,25.685028,29.70576,31.847258,32.92646
25,15.693592,16.745405,17.616846,15.963972,15.848604,21.086143,19.367477,26.1474,25.822979,30.439077,32.637486,37.5013,36.943592,34.856712,31.963238,28.50824,25.6075,23.212105,19.295177,15.974913,14.23188,10.861747,7.7833967,4.9102335,4.759677,0.0,5.2726665,8.992148,11.958245,13.897855,18.530508,20.743433,28.055899,29.387999,32.509052,34.764626,37.608147,40.377853,37.219296,36.11395,32.834164,31.382881,25.966885,25.89926,21.497059,18.359938,18.126623,12.932691,10.959732,12.043656,16.01532,15.449072,14.085889,16.286722,20.429657,18.383879,19.945831,23.750727,24.188627,23.776375,26.288858,29.606857,28.403107,32.488712,32.99164,27.282255,26.772383,26.356321,23.553373,25.431574,23.031673,25.73,28.748571,27.498589,33.12302,31.81267,36.941963,39.35205,38.910915,44.30869,42.086292,38.950146,35.85187,33.255016,29.396305,26.71835,24.36126,20.989151,16.23358,14.228718,10.936652,10.07456,9.377587,5.912852,9.53888,12.757414,13.133353,14.262178,14.853485,13.297912,17.63867,17.731102,22.272879,20.357235,22.541124,28.471214,25.706186,30.128202,32.232563,33.777317
26,16.839453,17.154945,17.183626,14.0826235,13.632704,18.445284,16.0885,22.810598,21.819569,26.580984,28.16655,33.361538,32.647648,30.409037,27.993013,24.135923,21.603817,18.680746,15.75018,11.631055,10.839022,8.136997,3.7638414,4.678896,7.87235,5.2726665,0.0,6.379829,7.319504,9.421447,13.746271,15.8165045,23.33257,24.350025,27.644417,29.683493,32.72869,35.62611,32.62503,31.751057,28.198935,27.221205,21.543924,21.9004,18.06407,14.426037,15.373742,10.101114,9.218487,7.8322196,12.055415,12.07057,10.3355,11.226838,15.978518,14.919243,15.638958,18.973671,20.112022,19.963741,21.912886,25.160324,24.62711,28.74772,29.664305,24.059797,24.030878,23.669382,20.017176,21.404528,18.597897,20.95694,23.767967,22.289522,27.943352,26.54842,31.710165,34.09534,33.75479,39.154037,37.076473,33.884056,30.840387,28.08263,24.277796,21.473421,19.286427,15.724999,10.990347,9.030609,6.071986,6.832242,7.9265656,6.319082,10.701621,11.965751,11.249163,11.9669285,10.896466,9.483474,12.839084,12.958379,17.746946,15.910701,18.136396,23.943249,20.880346,25.479866,27.43999,29.205317
27,21.89612,21.408329,20.714901,18.065908,16.099482,21.223795,16.833275,23.673927,21.711805,26.426731,27.766535,32.39317,32.88118,31.072803,29.176935,25.274384,23.630564,20.092098,19.487322,14.231998,15.332403,12.591721,9.177641,10.485525,11.252187,8.992148,6.379829,0.0,6.621549,6.114075,11.8927965,13.333169,19.99166,22.007248,24.520208,27.38408,29.66128,32.23407,29.239506,28.201132,25.368912,23.222279,18.056648,17.238008,12.96369,9.667848,9.367922,3.9908037,4.78368,4.728998,7.37324,8.532012,9.76891,10.9031315,14.044231,14.064863,16.413929,18.527191,19.346722,20.374186,23.215572,24.564472,24.894777,29.072838,29.4025,23.97061,25.237694,26.112629,22.287712,23.632627,19.970375,22.760262,24.60302,22.870321,28.477148,26.454187,31.895462,33.04149,32.776394,37.98867,35.124027,31.679419,28.434145,26.435604,22.609657,20.51941,18.04592,15.492095,12.136308,9.636999,8.810498,6.8716016,10.925973,7.003046,13.065052,13.925798,11.7031975,14.037594,11.546132,12.788254,14.451689,16.090107,21.099525,19.525257,21.348999,26.773788,22.441982,27.134722,28.132944,29.46265
28,20.073517,18.84488,17.397274,13.685513,11.53278,15.726308,11.20663,17.728905,15.602298,20.416368,21.602518,26.625334,26.532316,24.57178,22.695526,18.683357,17.104012,13.470983,13.669649,8.03675,10.460352,8.829124,7.0511003,10.42094,12.806503,11.958245,7.319504,6.621549,0.0,5.0352135,6.584592,10.305735,16.62067,18.61908,21.442509,23.766876,26.835278,29.891619,27.63209,27.322262,23.79568,22.880297,17.162394,17.105253,14.580182,10.021001,11.0894985,7.4776325,10.593089,5.957429,7.852843,11.178257,11.111933,8.198333,13.423083,15.348785,15.208012,16.369892,19.007175,19.999395,20.992434,23.083286,24.396568,28.43717,29.750801,24.61881,25.848427,25.968067,21.199623,21.526108,17.80494,19.065105,20.81041,18.08818,23.75776,21.209036,26.409563,28.206444,27.34112,32.67824,30.182722,27.191463,24.08592,21.740448,17.716343,15.843075,12.619035,10.753451,6.7196503,6.2864504,7.4018836,9.592909,13.344549,11.900211,17.018538,16.977737,14.821268,15.678146,11.845128,11.988781,11.781483,11.783345,16.523891,14.052925,15.284538,20.60542,15.9792595,20.58192,21.676231,23.058102
29,24.618376,23.70401,22.39864,18.638596,16.536924,20.493183,15.536765,21.618067,18.586971,23.282148,23.492867,28.49651,28.849245,26.885038,25.883358,21.51067,20.699528,16.46601,17.874872,12.168223,14.7768955,13.491839,10.537275,13.698797,15.996964,13.897855,9.421447,6.114075,5.0352135,0.0,7.083116,7.2359242,14.434745,15.94399,18.69685,21.331312,23.834791,26.582666,23.77317,23.073822,19.861908,18.39909,12.800935,12.699748,9.73092,5.381637,8.442598,5.1540914,7.946009,2.6491063,3.1961162,6.6389513,8.032785,6.0260634,9.286506,11.670013,12.764683,13.43714,15.339743,16.996689,19.014856,19.75489,21.251175,25.308372,26.132196,21.123438,23.132875,24.17251,19.545576,20.12015,15.943065,18.177355,19.34491,17.313185,22.80173,20.621367,26.127089,26.991198,27.00826,32.17924,29.474272,25.826826,22.629425,20.4445,16.745543,14.513473,12.4978695,9.8473215,7.9389143,5.6739745,7.681374,7.7783084,12.760425,11.517649,16.411211,15.505588,12.468958,14.017242,9.422642,11.627897,10.655421,12.829031,17.555923,16.490955,18.126118,22.835356,18.098164,22.865425,23.43388,25.058846
30,25.019749,23.1185,20.899742,16.877577,14.19533,16.616646,10.987437,15.761186,11.965068,16.50288,16.428205,21.46748,21.857368,20.08027,19.360924,15.090277,15.089646,10.729481,14.750471,9.368231,13.70027,13.589981,12.954707,16.736212,19.180693,18.530508,13.746271,11.8927965,6.584592,7.083116,0.0,6.5947423,10.558098,13.252441,15.618252,17.986303,21.151373,24.377293,22.917267,23.263384,19.743135,19.323738,13.927354,13.898627,13.567268,9.138586,11.194894,10.544204,14.87149,9.560573,8.329187,13.162552,13.950251,8.640834,12.651826,16.958982,15.857809,14.706793,18.566269,20.40289,20.346685,21.202143,24.145254,27.83261,29.517393,25.139261,27.293186,27.758665,22.410843,21.790794,17.66798,17.762638,18.201296,14.478904,19.719046,16.146282,21.26902,22.34182,21.18948,26.423584,23.658812,20.726667,17.608845,15.574052,11.441148,10.690869,6.4902315,7.4633455,6.823826,8.268491,11.737256,14.193992,18.513206,17.78521,22.638773,21.646889,18.87295,19.518064,14.460365,15.563535,12.662907,12.796154,16.519238,14.314324,14.563054,18.512209,12.685582,17.010803,16.966328,18.164927
31,29.68762,28.440487,26.655195,22.21532,20.165237,22.511927,17.457832,21.81787,17.590994,21.74298,20.160767,25.38435,25.66171,23.603138,24.069407,19.341513,19.924093,15.181042,19.246147,14.048823,17.787266,18.003752,15.876746,19.741798,22.72988,20.743433,15.8165045,13.333169,10.305735,7.2359242,6.5947423,0.0,8.626883,8.728762,11.906405,14.134503,16.916409,19.889202,17.420958,17.323614,13.620511,13.44003,7.6687145,9.1334,9.552498,6.5035872,11.791548,11.463257,14.213117,9.2331505,7.0772066,10.026272,11.149798,6.270659,6.942223,12.514199,11.732624,9.297754,12.823978,15.394649,16.009052,15.263801,18.676233,22.229088,23.622677,19.660746,22.635767,23.958471,18.765104,18.198349,13.690047,14.778892,14.41217,11.987928,16.883366,14.439058,19.969107,20.056515,20.701275,25.685322,23.189358,19.131435,16.05103,13.636675,10.408592,7.997309,7.685247,5.6152935,8.379128,7.964508,11.891214,13.19069,17.775936,18.145073,22.0317,19.851852,16.523607,17.210993,11.630512,14.409752,10.284847,12.851835,16.223047,16.17711,17.299032,20.376135,15.374687,19.804482,19.508806,21.487661
32,35.524227,33.43265,30.920969,26.97991,24.135069,25.487534,19.678923,21.984142,16.875084,19.604357,16.890244,20.627787,22.512712,21.412836,23.127537,19.233755,21.458355,17.237566,23.72638,19.152761,23.705261,24.095058,23.101957,26.927773,29.238636,28.055899,23.33257,19.99166,16.62067,14.434745,10.558098,8.626883,0.0,6.6186013,5.8522353,9.643506,11.451323,14.458229,14.22723,15.509138,13.132849,12.741458,10.012702,9.491395,13.312178,11.845908,14.601465,17.083158,21.205952,16.860832,13.287721,17.431726,19.594057,14.789407,14.36801,20.421824,19.597914,15.577916,19.318895,22.474478,22.196497,19.73033,24.713993,27.528433,28.968172,26.15033,29.858835,31.476088,26.234274,24.971031,20.691486,20.385952,18.440132,15.00797,18.047485,13.857684,18.27008,16.08421,15.829075,20.060421,16.251143,12.363381,9.042262,9.08363,6.6781836,9.060894,7.9445105,11.640205,15.311719,16.16103,20.19076,21.45355,26.268667,25.87491,30.332949,28.344164,24.872341,25.784618,20.205528,22.92777,18.349642,19.984062,22.312954,21.733858,21.564758,23.1084,17.300285,20.287226,18.119967,18.923553
33,37.116264,35.591904,33.451965,28.783512,26.803104,27.728851,22.96856,25.216375,20.27615,23.111357,19.419968,24.124739,24.507128,22.64671,25.032394,20.56866,22.760046,18.337166,24.386276,20.275534,24.383419,25.502026,23.97359,28.044882,31.280077,29.387999,24.350025,22.007248,18.61908,15.94399,13.252441,8.728762,6.6186013,0.0,4.75104,5.4518514,8.747193,12.107451,10.775795,12.132403,8.269694,10.778255,8.056009,10.706028,14.607785,13.77232,18.564379,19.74105,22.463448,17.875895,15.2254305,17.474411,18.494106,13.789093,12.022092,18.083786,16.161024,11.0940895,15.079611,18.140907,17.067087,13.957556,19.528816,21.839926,23.70229,21.624037,25.416618,27.032671,21.937422,20.23065,16.320581,15.727831,12.933251,10.608717,12.7365675,10.048763,14.651478,12.525712,14.579088,18.767542,16.590548,11.790988,9.251729,6.9388723,6.500694,5.818233,9.2336035,10.074362,15.160597,15.801545,19.801186,21.353706,25.551449,26.63999,29.939392,27.047731,23.711046,23.891006,18.47045,21.261475,15.865733,18.078642,19.417706,20.37299,20.723566,21.387058,16.889416,19.924139,18.267984,20.334414
34,40.339134,38.47591,36.071983,31.770756,29.307592,30.227951,24.924292,26.666666,21.49518,23.716597,19.854473,23.440428,24.935194,23.715214,26.45868,22.527205,25.216488,21.046436,27.725454,23.532001,27.924492,28.761478,27.446083,31.413305,34.15908,32.509052,27.644417,24.520208,21.442509,18.69685,15.618252,11.906405,5.8522353,4.75104,0.0,4.737485,5.649362,8.872499,9.155385,11.268584,9.246376,10.463873,9.95022,10.851755,15.7802105,15.618597,19.327677,21.685509,24.975695,20.819056,17.408258,20.263102,22.134903,17.717077,15.671002,21.763945,20.585075,15.571296,18.972185,22.338598,21.644205,17.740032,23.492182,25.564985,27.039028,25.332813,29.505796,31.472227,26.516932,24.894192,20.97694,20.43077,17.425709,14.965294,16.306963,13.011672,16.613817,12.760687,14.335736,17.678074,14.413462,9.520648,6.9432883,7.4117913,7.956626,9.859064,11.710682,14.222203,18.959707,19.612171,23.646667,24.776468,29.333868,29.737467,33.490887,30.827759,27.306017,27.922056,22.458197,25.51544,20.343098,22.497522,23.959654,24.484684,24.45599,24.907936,19.978638,22.460697,20.00287,21.262163
35,41.737713,40.020954,37.685566,33.025806,31.049866,31.2807,26.75397,27.850773,22.814602,24.720982,20.082466,24.030968,24.531555,22.982803,26.3779,22.410557,25.351221,21.405233,28.142464,24.623524,28.830856,30.275974,29.098528,33.23344,36.508743,34.764626,29.683493,27.38408,23.766876,21.331312,17.986303,14.134503,9.643506,5.4518514,4.737485,0.0,4.954351,8.553745,9.383921,12.045363,9.280545,12.874592,12.421906,14.678213,19.31109,18.951565,23.308096,24.986174,27.85125,23.317192,20.528948,22.789913,23.792328,19.082592,17.111614,22.994116,20.744558,15.348654,19.105835,22.077202,20.231783,16.45472,22.551443,24.052002,26.104462,25.067917,29.01225,30.627281,25.728977,23.560007,20.207235,18.771446,15.134065,13.07531,12.868348,10.265328,12.987725,8.62895,11.7380295,14.782315,12.940859,7.837014,6.5523267,5.525655,8.212962,9.410797,12.911229,14.825125,20.034569,21.049156,25.05908,26.767075,30.846941,32.08937,35.27736,32.21827,28.924294,28.930119,23.635456,26.282082,20.664518,22.475424,22.942854,24.0863,23.963913,23.37354,19.388302,21.317295,18.89195,20.710047
36,45.63034,43.868244,41.49635,37.044636,34.76093,35.38432,30.352581,31.628698,26.465391,28.21117,23.712944,26.822166,28.201923,27.067635,30.517557,26.773952,29.787298,25.800495,32.574703,28.683249,32.961205,34.03721,32.574814,36.577873,39.51079,37.608147,32.72869,29.66128,26.835278,23.834791,21.151373,16.916409,11.451323,8.747193,5.649362,4.954351,0.0,3.6931586,6.1676173,9.434102,8.922567,11.390676,13.22418,14.595534,19.80041,20.48064,24.389822,26.826006,29.641254,25.760862,22.428747,24.515785,26.251461,22.2899,19.319563,25.062037,23.781935,18.387094,21.154425,24.52574,23.56398,18.531116,24.632395,25.860416,27.238113,26.707579,31.187057,33.44747,28.913492,27.064333,23.638954,22.921682,19.217667,17.757998,17.382385,15.195713,17.423576,11.989723,15.131739,16.95589,14.399395,9.486468,8.737402,9.924802,12.337721,13.88449,16.832197,18.80189,23.876152,24.405397,28.339088,29.299494,33.64034,34.474346,37.75775,34.689087,31.183645,31.63552,26.416271,29.64224,24.269144,26.670671,27.478176,28.695877,28.693867,28.309639,24.118404,26.049032,23.359987,24.722395
