,0,1,2,3,4,5,6,7,8,9,10,11,12,13,14,15,16,17,18,19,20,21,22,23,24,25,26,27,28,29,30,31,32,33,34,35,36,37,38,39,40,41,42,43,44,45,46,47,48,49,50,51,52,53,54,55,56,57,58,59,60,61,62,63,64,65,66,67,68,69,70,71,72,73,74,75,76,77,78,79,80,81,82,83,84,85,86,87,88,89,90,91,92,93,94,95,96,97,98,99,100,101,102,103,104,105,106,107,108,109,110,111
0,0.0,4.626768,6.6614146,9.564718,12.497176,14.70554,17.87288,19.957497,23.634739,25.695427,30.154194,33.28342,31.27522,30.093395,24.90313,24.163677,18.948189,20.133207,16.11435,15.316846,14.329025,11.553405,12.837519,16.86079,17.741234,20.590582,21.339817,19.948902,20.21387,21.913935,21.645061,28.13947,25.911217,31.51949,31.868647,35.85359,36.770744,39.15257,35.414692,35.189445,30.301092,31.144835,27.055655,28.541887,25.388582,26.650032,25.379818,23.769192,23.570335,24.246176,23.874294,26.650213,29.516628,28.003017,33.267117,34.726215,33.02178,36.890312,37.77955,39.49926,41.258305,34.65682,36.49726,34.735283,37.426308,33.629406,35.371628,35.20965,35.832714,35.361095,34.733097,38.361282,39.37222,37.094524,41.30909,39.435505,45.014557,44.363335,46.735355,50.480247,47.44273,49.723335,48.436386,43.9719,43.46613,40.717686,44.379772,39.299698,43.138058,41.13728,43.910526,42.06163,39.38481,39.521164,38.078762,38.927494,37.58125,38.718727,40.34408,40.227398,37.973053,43.069584,37.48691,40.535442,40.861607,36.73331,35.3082,34.05345,31.581028,31.714375,30.879871,31.54595
1,4.626768,0.0,4.983272,5.764063,8.536843,11.710938,14.242269,17.428717,20.440128,22.982735,27.154705,30.738253,29.078205,27.789633,22.90676,21.388577,16.524803,16.687252,13.579238,11.423868,11.232724,7.9476395,10.452915,13.734096,14.186725,17.09488,17.343948,15.787729,16.585854,17.858852,18.660421,24.958893,23.687073,28.778505,30.01989,33.42666,34.80177,37.649902,33.696266,32.995182,28.349812,28.360754,24.312927,25.212349,22.240574,22.769108,21.466558,19.45941,19.08777,19.708971,19.49078,22.403677,25.237492,24.137396,29.169497,30.670078,29.18741,33.154804,34.395103,36.11818,37.616997,31.026514,32.42989,30.536417,33.028107,29.18806,30.78493,30.660221,31.409964,30.923624,30.459665,34.180534,35.21918,33.23846,37.464,35.883892,41.43458,41.241547,43.593166,47.495995,44.80852,47.208282,46.283962,41.830967,40.982315,37.96308,41.53766,36.133286,39.736465,37.531773,40.093597,38.144127,35.61506,35.557137,34.41925,35.62965,34.287376,35.833256,37.711086,37.441853,35.669907,40.708076,35.25398,38.56479,39.098083,34.731247,33.049755,32.08073,28.82388,29.052462,27.703938,28.442291
2,6.6614146,4.983272,0.0,5.134468,6.9384794,8.386104,11.660741,13.5545225,17.352856,19.20932,23.866886,26.871845,25.313063,24.429316,19.172703,18.427204,13.761949,14.783908,11.931657,11.414191,12.834877,10.542764,13.645444,16.996235,17.712053,20.30803,19.425634,16.951725,17.412453,17.71574,17.415379,23.217703,21.540615,26.517315,27.30816,31.164139,32.11247,34.92881,31.535408,31.114117,26.541435,26.814524,23.543404,24.5249,22.376534,22.718338,22.93389,20.633463,20.722208,20.166363,18.995806,21.565619,23.930563,21.920103,27.329412,29.004637,27.298605,31.17652,31.859617,33.82773,35.944096,29.667986,31.453196,30.143114,32.785286,30.009771,31.23534,31.771019,33.04658,31.765745,30.98879,34.646282,35.1247,32.89986,36.85312,34.91878,40.44806,39.530586,42.443905,46.05491,42.94522,45.848576,44.53307,40.284462,39.70377,36.764473,40.73859,35.539055,39.424236,37.638306,40.262535,38.70196,36.57351,36.88622,35.946335,37.490047,35.41304,37.477287,38.812798,37.914295,36.06789,40.492344,34.78673,37.666546,37.80676,33.38301,32.01414,31.791899,28.535145,29.591705,28.30848,29.77588
3,9.564718,5.764063,5.134468,0.0,3.7277808,6.532326,8.908037,12.337764,14.8530035,17.726078,21.560135,25.431976,23.776955,22.377808,17.791725,15.787787,11.241746,10.948942,8.631267,6.3983088,8.433303,6.389253,10.273678,12.81804,13.54095,15.826221,14.419203,11.822376,12.426252,12.799833,13.4203205,19.381153,18.597198,23.25838,24.983908,28.083273,29.64306,32.823,28.914059,27.95942,23.570194,23.08081,19.487015,20.064917,17.758263,17.817251,17.81685,15.553921,15.909814,15.451682,14.514093,17.149128,20.126598,18.649446,23.879341,25.17924,23.528727,27.456373,28.635157,30.362585,31.961857,25.4592,27.035017,25.436447,28.154375,25.07392,26.663635,27.028595,28.166374,26.827028,25.987019,29.638615,30.286047,28.14273,32.224873,30.517166,36.058674,35.70877,38.298523,42.138264,39.45913,42.153366,41.28766,36.949684,35.998615,32.853317,36.589523,31.129522,34.799217,32.796562,35.349667,33.672234,31.499464,31.753746,30.859125,32.528645,30.495283,32.729282,34.266808,33.39058,31.901022,36.439026,30.936296,34.16911,34.645584,30.084019,28.382374,28.104214,24.273354,25.173378,23.551327,24.9618
4,12.497176,8.536843,6.9384794,3.7277808,0.0,4.7719007,5.8182344,10.388469,12.426271,15.306021,19.225866,23.09869,22.178226,21.099342,16.699045,14.391808,10.950822,9.591484,9.532831,6.603408,10.63568,8.885419,13.163619,14.737599,14.848317,16.982437,14.712362,11.592049,12.913544,11.75127,13.39699,18.374826,18.594625,22.362795,24.74597,27.478544,29.192509,32.746777,29.097275,27.879606,23.902378,22.675936,19.76844,19.609587,18.153305,16.989223,17.782831,14.738143,14.833895,13.513757,12.158421,14.855841,17.13091,15.684884,20.796703,22.509178,21.138006,25.180304,26.439415,28.411282,30.123684,23.940619,25.02533,23.626871,25.996216,23.501589,24.42661,25.240076,26.869627,25.251106,24.61623,28.363625,28.733566,26.95943,30.844378,29.356619,34.795815,34.56506,37.482132,41.293587,38.755352,41.86703,41.13235,36.98016,35.861,32.517967,36.34168,30.700516,34.18963,32.17122,34.43646,32.822697,31.06844,31.180302,30.799862,32.98089,30.751999,33.557735,35.13383,33.877403,32.848114,36.977997,31.571402,34.761494,35.200817,30.478054,28.746572,29.127588,24.638826,26.01112,23.90838,25.65748
5,14.70554,11.710938,8.386104,6.532326,4.7719007,0.0,4.149895,5.8646264,8.97691,11.291124,15.5784445,19.04318,17.761541,16.865665,12.108864,10.53428,7.2436266,7.397867,7.5733166,7.9409094,12.313836,11.8875065,15.710418,17.674698,18.427362,20.094452,17.176361,13.552204,13.809394,12.117806,11.485086,15.856075,15.326528,19.108355,20.872164,24.094444,25.352367,28.809296,25.639215,24.751263,20.838102,20.083506,18.010555,18.219221,17.606281,16.832754,19.27817,16.629395,17.625803,15.311316,12.847728,14.654506,16.777708,13.932678,19.638664,21.116568,19.207357,22.998495,23.522766,25.60751,27.972412,22.065771,23.97991,23.293982,26.101997,24.782246,25.73182,27.08925,28.987059,26.486534,25.249079,28.701338,28.482399,26.170574,29.736563,27.688396,33.087166,31.943506,35.320263,38.79064,35.756138,39.22286,38.052418,34.08021,33.299294,30.148033,34.34479,29.102621,32.96314,31.516466,33.984688,32.876144,31.438993,32.135773,31.707726,33.966927,30.96987,34.070736,34.939342,33.11317,31.858007,35.34965,29.726934,32.414932,32.45727,27.766365,26.400457,27.43971,23.25324,25.414598,23.663168,26.107212
6,17.87288,14.242269,11.660741,8.908037,5.8182344,4.149895,0.0,6.2420177,6.8613653,9.94026,13.598465,17.5964,17.240036,16.437626,12.6535,9.91005,8.686125,6.291946,9.558592,8.176344,13.546445,13.216742,17.294155,18.178574,18.368792,19.75934,16.145903,12.318576,13.347698,10.215178,11.492602,14.530103,15.795608,18.223824,21.245644,23.517183,25.295422,29.248796,26.073326,24.626928,21.330482,19.368053,17.819702,16.972874,17.10679,14.882481,17.827644,14.556106,15.362155,12.282626,9.456087,11.235027,12.767797,10.2689,15.748201,17.535294,16.044485,20.0239,21.00627,23.219784,25.341743,19.69353,20.82533,20.167147,22.569155,21.680647,22.091038,23.78687,26.05796,23.350067,22.357525,25.880669,25.510899,23.717257,27.136372,25.527025,30.78389,30.187525,33.646935,37.22728,34.645313,38.336662,37.589737,33.770603,32.602467,29.165426,33.22339,27.67874,31.150892,29.521566,31.613333,30.461359,29.39784,29.849358,29.94759,32.691338,29.69039,33.2983,34.391327,32.34441,31.733135,34.95618,29.642561,32.493595,32.7259,27.900259,26.314793,27.811111,22.792948,25.1484,22.781343,25.3541
7,19.957497,17.428717,13.5545225,12.337764,10.388469,5.8646264,6.2420177,0.0,5.1809206,5.79048,10.60881,13.36049,12.255696,12.016771,7.250693,6.901792,6.6625824,7.8136067,9.923407,12.200417,16.77238,17.210707,20.751612,22.468592,23.380585,24.575697,20.917553,17.007648,16.7503,14.037009,11.898895,13.889233,13.382433,15.932867,17.409857,20.736563,21.524574,25.108572,22.835264,22.137884,18.90226,18.125223,17.770933,17.807426,18.742708,17.648798,21.896986,19.407555,20.958796,17.577682,14.183101,14.753746,15.961673,11.640902,17.470407,18.811327,16.534203,19.844633,19.428883,21.78784,24.983824,19.944124,22.390903,22.709948,25.630255,25.982225,26.53598,28.635727,30.991535,27.55285,25.87583,28.913042,27.889194,25.334906,28.248375,25.794542,30.88546,28.79826,32.87069,35.860622,32.429295,36.55231,35.027027,31.491179,30.97277,27.980097,32.5306,27.77083,31.773384,30.984741,33.396587,32.90344,32.112106,33.290016,33.142914,35.72572,31.946035,35.605854,35.78292,33.178562,32.060307,34.489464,28.899632,30.925413,30.511845,25.89308,24.968283,27.169119,23.039017,26.211103,24.584702,27.787611
8,23.634739,20.440128,17.352856,14.8530035,12.426271,8.97691,6.8613653,5.1809206,0.0,4.409751,6.8003397,11.19056,10.846765,10.228936,7.9128265,4.8819375,8.043521,6.4196057,11.349767,12.517862,17.537495,18.488293,21.995495,22.666546,23.31698,23.96076,19.58091,15.642317,15.58427,11.70935,10.704852,10.450022,12.364218,12.911813,16.240131,18.080402,19.687819,23.929281,21.48506,19.994825,17.650867,15.299274,15.806296,14.684736,16.750078,14.399287,19.627659,17.069014,18.917562,14.837038,11.040084,10.655354,11.526704,6.806927,12.630309,13.660636,11.377202,14.783964,14.797054,17.195528,20.14743,15.348012,17.403925,18.031542,20.856216,22.06666,22.410894,24.877996,27.484522,23.518578,21.727453,24.568882,23.209549,20.91659,23.565245,21.38986,26.328762,24.724977,28.85992,31.969126,29.058084,33.36604,32.377876,29.006922,28.011665,24.71034,29.1,24.105938,27.743229,26.93237,29.03266,28.67967,28.353575,29.53762,29.839264,32.864056,28.872921,33.092144,33.29501,30.337788,29.926224,31.9043,26.726337,28.895554,28.736715,23.997545,22.812346,25.61184,20.619122,24.131458,21.977673,25.459387
9,25.695427,22.982735,19.20932,17.726078,15.306021,11.291124,9.94026,5.79048,4.409751,0.0,5.636892,7.8361216,8.415228,9.281962,6.9169335,6.870723,10.468293,10.507829,14.406141,16.43279,21.309658,22.112083,25.642664,26.725039,27.44044,28.233805,23.951027,19.999588,19.821655,16.109966,14.268766,13.28003,14.233551,14.257091,16.449772,18.812685,19.57103,23.554743,22.149347,21.195477,19.21006,17.54641,18.945011,18.165373,20.590729,18.542944,24.003006,21.459412,23.182615,19.004528,15.184208,14.610989,14.430429,9.283386,14.342233,15.649411,13.432203,16.12458,14.990653,17.739256,21.54641,17.820448,20.08379,21.355417,23.961473,25.972467,25.870106,28.666292,31.492891,27.34349,25.53335,28.14417,26.378412,24.064375,26.181013,23.761045,28.308506,25.81162,30.500185,33.09166,29.718872,34.521675,33.050507,30.08175,29.498953,26.510366,31.130146,26.69503,30.418062,30.072638,32.116173,32.11322,32.09373,33.454155,33.841343,36.89034,32.638,36.925884,36.753143,33.4958,32.93652,34.331604,29.138884,30.713186,30.096771,25.591272,24.88987,28.192661,23.716864,27.596073,25.740002,29.42257
10,30.154194,27.154705,23.866886,21.560135,19.225866,15.5784445,13.598465,10.60881,6.8003397,5.636892,0.0,5.611009,6.586395,7.043654,8.657328,7.415862,12.8855715,12.0559225,16.784018,18.732313,23.391817,24.864737,28.056225,28.463692,29.231295,29.412992,24.678244,20.940697,20.45442,16.422325,14.564607,10.835507,13.426791,10.836027,14.345181,15.045168,16.328096,20.79898,19.621943,18.101528,17.418053,14.6596985,17.525984,16.050808,19.710707,17.234407,23.620975,21.582815,23.808456,19.327827,15.493696,13.694172,13.295102,8.262133,11.900067,11.993893,9.392153,11.135424,9.407185,12.197698,16.296715,13.595552,16.122757,18.220016,20.91592,24.207533,24.17636,27.269619,30.153475,25.338034,23.11105,25.095057,22.74299,20.36463,21.779594,19.279467,23.368448,20.670336,25.622612,28.01648,24.904598,30.008785,28.854042,26.262115,25.43172,22.408144,26.920086,22.797632,26.237936,26.32672,28.153399,28.64362,29.209345,30.90939,31.565548,34.850544,30.170555,34.886066,34.332596,30.565643,30.547619,31.061415,26.392593,27.702879,27.127996,22.764715,22.10577,26.213314,21.47877,25.833616,23.890099,27.92098
11,33.28342,30.738253,26.871845,25.431976,23.09869,19.04318,17.5964,13.36049,11.19056,7.8361216,5.611009,0.0,5.718249,8.615028,10.432266,11.692955,16.68057,16.968714,20.934164,23.518614,28.141153,29.4413,32.696857,33.532146,34.36678,34.738377,30.111258,26.302036,25.753141,21.884714,19.423216,15.817372,17.094193,14.444085,16.104921,17.369024,17.37205,21.202696,21.521362,20.771729,20.52649,18.785784,22.2035,21.203468,24.89733,22.803436,29.197912,27.110474,29.182896,24.658392,20.802477,19.143253,18.022362,13.084329,15.8185835,16.272963,14.133428,14.8373575,11.773433,14.6081915,19.450993,18.224472,20.76529,23.314333,25.683685,29.550625,29.097836,32.433167,35.492886,30.61042,28.43871,30.200872,27.539463,25.220562,26.036552,23.373943,26.792456,23.049133,28.494314,30.1047,26.47109,32.075794,30.307644,28.353714,28.092552,25.600153,30.218214,26.917044,30.352459,30.954735,32.689457,33.533558,34.37083,36.21513,36.920933,40.174404,35.296814,39.994602,39.05403,35.041916,34.825493,34.69121,30.109377,30.682692,29.561403,25.65271,25.59251,30.089308,26.067005,30.648188,29.053959,33.19417
12,31.27522,29.078205,25.313063,23.776955,22.178226,17.761541,17.240036,12.255696,10.846765,8.415228,6.586395,5.718249,0.0,3.6003335,6.523991,8.927914,13.524503,15.091043,17.826515,21.634624,25.496937,27.325142,30.050217,31.264072,32.656895,32.86974,28.48366,24.778587,23.396235,20.43903,16.211285,13.012933,12.442405,10.702845,10.732474,13.247882,12.646174,16.248283,16.369745,16.169718,15.495285,15.011234,18.391075,18.421608,21.78185,21.084345,27.438446,26.101358,28.724003,24.619766,20.826092,19.22731,19.687868,14.611837,18.413126,17.975925,14.948956,15.712253,12.5949,14.611708,19.33011,17.046286,21.029966,23.27512,26.54243,29.62302,30.244879,33.08225,35.628067,30.758984,28.051119,29.704369,27.31044,24.055538,25.249504,21.831656,25.661552,21.20263,26.335337,27.973812,23.674507,28.840673,26.569836,24.23712,24.41755,22.238804,27.111683,24.177313,28.227697,29.107166,31.459724,32.388645,32.733955,35.04475,35.07524,37.80728,32.718834,36.974007,35.590733,31.652473,30.785318,30.738667,25.813564,26.140507,24.799015,20.948992,21.175772,25.511604,22.347303,26.978502,26.070578,30.273586
13,30.093395,27.789633,24.429316,22.377808,21.099342,16.865665,16.437626,12.016771,10.228936,9.281962,7.043654,8.615028,3.6003335,0.0,5.7331886,6.9346676,11.526586,13.081381,15.571653,19.576437,23.036795,25.24055,27.65066,28.724255,30.311836,30.29272,25.947191,22.403358,20.641603,18.077188,13.268199,9.889954,9.015373,7.372595,7.7699127,10.352791,10.3407345,14.338795,13.454027,12.95928,12.02881,11.522397,14.883161,15.169183,18.49126,18.303038,24.645119,23.756718,26.691692,22.835958,19.200823,17.509663,18.855747,14.069657,18.114492,17.096924,13.709692,14.5982485,11.997759,13.493416,17.722841,14.615072,19.193151,21.172548,24.86443,27.499664,28.711962,31.24587,33.488644,28.640638,25.67974,27.254078,25.05894,21.414194,22.891842,19.241894,23.40344,19.117739,23.87759,25.84533,21.597807,26.36281,24.257444,21.49684,21.535572,19.23322,24.144289,21.060226,25.324223,26.16432,28.769285,29.649614,29.751554,32.227806,31.989882,34.53318,29.401415,33.522507,32.07134,28.202148,27.224714,27.390106,22.337357,22.888002,21.74058,17.66681,17.72289,21.949917,18.798208,23.427475,22.677633,26.89423
14,24.90313,22.90676,19.172703,17.791725,16.699045,12.108864,12.6535,7.250693,7.9128265,6.9169335,8.657328,10.432266,6.523991,5.7331886,0.0,5.070974,7.524737,10.501678,11.863804,16.299192,19.853075,21.514921,24.183823,25.941835,27.535461,28.076536,24.1705,20.43222,18.89703,16.69394,11.779647,11.566861,9.235938,11.195303,10.86594,14.95846,14.831201,18.1304,16.622145,16.557348,13.861724,14.24799,15.555606,16.410746,18.369421,18.495552,23.936647,22.583647,25.10753,21.571182,17.973347,17.29612,18.924934,13.98569,19.243912,19.237726,16.101442,18.201777,16.460567,18.34978,22.203985,17.901794,21.92178,23.104923,26.713469,28.142263,29.319363,31.573862,33.756165,29.525234,26.97283,29.231102,27.62615,24.167114,26.448513,23.093054,27.820122,24.252415,28.62097,30.98436,26.810978,31.11556,28.948362,25.72318,25.806356,23.378532,28.240469,24.544802,28.96625,29.160713,31.915262,32.19541,31.695702,33.75345,33.28671,35.63284,31.013556,34.71493,33.806175,30.568913,29.108574,30.436926,24.864178,25.954346,24.960823,20.68583,20.466732,23.551727,20.449774,24.44141,23.647951,27.458088
15,24.163677,21.388577,18.427204,15.787787,14.391808,10.53428,9.91005,6.901792,4.8819375,6.870723,7.415862,11.692955,8.927914,6.9346676,5.070974,0.0,5.694737,6.2358866,9.601689,12.789794,16.762188,18.623817,21.406342,22.381208,23.731293,23.999857,19.73896,15.997166,14.675665,11.914397,7.9301624,7.422352,7.626038,9.056977,11.59658,14.033818,15.435779,19.488216,16.772987,15.548234,12.90236,11.406692,12.190771,12.110451,14.282598,13.569772,19.206423,17.766518,20.425097,16.798185,13.232402,12.37859,14.613536,10.156255,15.539331,15.271428,12.141056,14.846666,14.272873,16.033472,19.078224,13.902257,17.534597,18.310574,21.977295,23.08556,24.442116,26.57154,28.697374,24.481256,21.974314,24.383516,22.989496,19.730213,22.389576,19.434193,24.500658,22.09715,26.07006,29.042744,25.647766,29.677744,28.335436,24.794191,24.126501,21.111101,25.711164,21.193163,25.35505,25.032064,27.652336,27.63324,27.080557,28.90707,28.623299,31.209642,26.773634,30.729355,30.300985,27.187475,26.269382,28.04741,22.636412,24.517906,24.175621,19.49109,18.537409,21.429152,17.136454,20.972902,19.533207,23.3017
16,18.948189,16.524803,13.761949,11.241746,10.950822,7.2436266,8.686125,6.6625824,8.043521,10.468293,12.8855715,16.68057,13.524503,11.526586,7.524737,5.694737,0.0,5.233565,4.385911,9.205527,12.346557,14.108505,16.669043,18.517801,20.268688,20.939768,17.504017,13.92916,12.231362,11.171976,6.269398,10.451978,8.185002,12.872894,13.913417,17.4302,18.552324,21.848597,18.437857,17.732164,13.661222,13.69441,12.062223,13.291985,13.275799,14.106443,18.04228,16.850157,19.32724,16.747864,13.853979,14.244763,17.46192,13.834629,19.57784,19.625416,16.754591,19.845583,19.771553,21.278172,23.771395,17.764614,21.272793,21.105606,24.891083,24.323128,26.276346,27.67914,29.2785,25.89053,23.594664,26.380419,25.780594,22.403606,25.75549,22.876747,28.265543,26.249899,29.530869,32.762814,29.315012,32.578983,31.113249,27.095572,26.608036,23.762445,28.158327,23.513062,27.869396,27.117968,30.077026,29.558445,28.174068,29.795511,28.88582,30.864103,27.000217,30.130499,30.043049,27.72812,26.080475,29.010178,23.221502,25.509737,25.341324,20.719603,19.61266,21.041405,17.469715,20.318438,19.313433,22.433252
17,20.133207,16.687252,14.783908,10.948942,9.591484,7.397867,6.291946,7.8136067,6.4196057,10.507829,12.0559225,16.968714,15.091043,13.081381,10.501678,6.2358866,5.233565,0.0,6.2158113,6.7981777,11.383487,12.940916,16.029207,16.566881,17.6215,18.069832,13.908476,10.042409,9.357255,6.5402594,5.3889832,8.806288,10.184632,12.898862,16.29295,18.117802,20.316856,24.300638,20.516003,18.791912,15.482088,13.3271675,11.549046,10.977379,11.348574,10.069682,14.235282,12.30634,14.702203,11.661035,8.6404295,9.148431,12.704144,9.997515,15.467724,15.639874,13.255559,16.884832,17.902725,19.451984,21.213871,14.913249,17.295061,16.677723,20.141018,19.368692,21.09384,22.550035,24.344154,20.968195,18.993116,22.079659,21.641262,18.920788,22.493696,20.355587,25.810917,25.040236,28.116434,31.782112,29.184332,32.464836,31.812883,27.81245,26.585434,23.191008,27.222467,21.798985,25.579988,24.224104,26.757372,25.888367,24.669851,25.808647,25.431242,27.949154,24.378242,28.01494,28.6006,26.333155,25.589714,28.689945,23.351078,26.26144,26.636393,21.789745,20.077168,21.599491,16.571333,19.211182,17.125742,20.139574
18,16.11435,13.579238,11.931657,8.631267,9.532831,7.5733166,9.558592,9.923407,11.349767,14.406141,16.784018,20.934164,17.826515,15.571653,11.863804,9.601689,4.385911,6.2158113,0.0,6.265239,8.129932,10.158798,12.345414,14.461425,16.509653,17.267878,14.478317,11.332905,9.336024,9.96092,5.875741,12.285842,10.123689,15.506849,16.696838,19.898113,21.376047,24.426538,20.310436,19.464996,14.953913,15.1020565,11.749964,13.360434,11.644969,13.365559,15.67525,14.883457,17.269777,15.726934,13.697197,14.776773,18.763308,16.153652,21.683315,21.67236,19.058092,22.354832,22.936592,24.1615,25.945326,19.382017,22.551224,21.61397,25.409044,23.540533,26.054062,26.79612,27.878727,25.17006,23.060661,26.031458,26.095959,22.800352,26.634878,24.048788,29.592865,28.320574,30.90873,34.47934,31.389116,33.981148,32.825836,28.48585,27.80179,24.922112,28.915033,24.010586,28.235159,27.007742,30.079529,29.11633,27.13702,28.504637,27.1971,28.760847,25.488588,28.031588,28.41554,26.80226,24.940731,28.803183,23.049337,25.89189,26.147425,21.595856,20.116161,20.345871,16.933125,18.755936,17.832537,20.272356
19,15.316846,11.423868,11.414191,6.3983088,6.603408,7.9409094,8.176344,12.200417,12.517862,16.43279,18.732313,23.518614,21.634624,19.576437,16.299192,12.789794,9.205527,6.7981777,6.265239,0.0,5.5620813,6.2561817,9.7119055,10.35369,11.3527,12.453408,9.477923,6.1662264,6.3789277,6.6304083,8.420001,14.226586,14.773557,18.717144,21.612087,23.601105,25.897581,29.462198,25.042978,23.412565,19.462587,17.907509,14.095228,14.05537,11.787966,11.466013,11.911158,9.976624,11.515998,10.693295,9.754676,11.997686,16.066193,15.116773,19.98089,20.469942,18.72943,22.533985,24.22594,25.53816,26.500275,19.762852,21.33102,19.506413,22.574888,19.47085,21.749739,22.05593,23.066713,21.196157,19.933523,23.446163,24.140688,21.874563,26.062313,24.497293,30.032463,30.232841,32.446808,36.493633,34.29672,36.759796,36.406403,32.037994,30.661259,27.301586,30.772617,25.076042,28.545902,26.421946,28.96713,27.309107,25.180857,25.620882,24.766327,26.68818,24.354502,27.01509,28.551785,27.463968,26.460083,30.892609,25.667091,29.22553,30.063267,25.384554,23.316957,23.194378,18.570314,19.52696,17.454456,19.10762
20,14.329025,11.232724,12.834877,8.433303,10.63568,12.313836,13.546445,16.77238,17.537495,21.309658,23.391817,28.141153,25.496937,23.036795,19.853075,16.762188,12.346557,11.383487,8.129932,5.5620813,0.0,3.9692411,4.7962813,6.427524,8.936111,9.843033,8.8972025,7.68621,6.3557143,10.074974,10.481783,17.083057,16.422445,21.292892,23.387362,25.521587,27.740135,30.7322,25.818981,24.43875,20.091034,19.497799,14.49511,15.556553,11.579623,13.518285,11.788491,11.6970005,13.351587,14.249467,14.315565,16.361486,20.963066,20.313433,24.950335,24.92812,23.040224,26.543684,28.271109,29.138334,29.667349,22.692493,24.669617,22.439333,25.764742,21.605196,24.841291,24.3008,24.382858,23.238428,21.83814,25.061834,26.355421,23.754541,28.168238,26.509304,32.00602,32.363914,33.81093,37.944557,35.80709,37.41709,37.096718,32.465157,31.202438,28.164223,31.216915,25.835367,29.326916,27.097055,29.973324,28.110098,25.239206,25.763105,24.035032,24.988424,23.275225,24.798525,26.49674,26.280539,24.662586,29.937551,24.814878,28.60609,29.703533,25.392157,23.246958,21.75075,18.234116,17.924314,16.656765,17.32605
21,11.553405,7.9476395,10.542764,6.389253,8.885419,11.8875065,13.216742,17.210707,18.488293,22.112083,24.864737,29.4413,27.325142,25.24055,21.514921,18.623817,14.108505,12.940916,10.158798,6.2561817,3.9692411,0.0,4.389886,6.5130568,7.827799,9.994249,9.896864,8.843656,9.230812,11.832037,13.471852,19.906807,19.51685,24.257692,26.437698,28.778358,30.905146,33.99997,29.309519,27.980747,23.618134,22.878939,18.16749,18.81425,15.182785,16.065035,13.856791,12.727194,13.20006,14.478077,14.869065,17.519053,21.527351,21.143991,25.756502,26.352312,24.806276,28.585203,30.410353,31.582563,32.242172,25.364412,26.754984,24.412758,27.233675,22.784433,25.40888,24.817425,25.04576,24.469805,23.67359,27.196976,28.591911,26.496311,30.912605,29.543354,35.038322,35.570675,37.228985,41.399,39.29554,41.13941,40.813206,36.230003,34.942646,31.798561,34.90012,29.338388,32.66079,30.216087,32.82609,30.743372,27.949081,27.979534,26.581758,27.688236,26.439428,27.950611,30.03975,29.966536,28.526606,33.835564,28.74776,32.530243,33.56847,29.195694,27.08263,25.718355,22.032438,21.718153,20.154728,20.586327
22,12.837519,10.452915,13.645444,10.273678,13.163619,15.710418,17.294155,20.751612,21.995495,25.642664,28.056225,32.696857,30.050217,27.65066,24.183823,21.406342,16.669043,16.029207,12.345414,9.7119055,4.7962813,4.389886,0.0,4.847811,7.5894837,9.159886,10.714162,10.96991,10.36015,14.368718,15.19298,21.813751,20.832232,25.95564,27.695118,29.986778,32.097397,34.80014,29.80125,28.606739,24.131516,23.93896,18.65197,19.904129,15.456935,17.633865,14.382347,14.591969,15.374908,17.40948,18.17064,20.532873,24.97819,24.707363,29.193163,29.336746,27.642475,31.183264,33.03618,33.868507,34.205147,27.21903,28.925568,26.379784,29.42463,24.450434,27.762466,26.655476,26.232655,26.031076,25.048637,28.26702,30.010956,27.6617,32.161877,30.722485,36.12969,36.773365,37.864082,42.06376,40.047775,41.255566,40.992657,36.27625,35.056026,32.169727,34.9188,29.661736,32.9444,30.482265,33.30147,31.13742,27.879972,28.028261,26.007248,26.357338,25.569614,26.198019,28.34992,28.916162,27.085339,32.888287,28.00527,31.89352,33.127075,29.091446,26.947592,24.666386,21.839094,20.654703,19.716806,19.432844
23,16.86079,13.734096,16.996235,12.81804,14.737599,17.674698,18.178574,22.468592,22.666546,26.725039,28.463692,33.532146,31.264072,28.724255,25.941835,22.381208,18.517801,16.566881,14.461425,10.35369,6.427524,6.5130568,4.847811,0.0,3.6129208,4.320379,6.891751,8.678976,8.933951,12.978565,15.707981,21.532541,21.92732,26.115477,28.889744,30.21542,32.915997,35.979027,30.726982,28.939146,25.001333,23.733587,18.439688,18.779037,14.303533,15.581704,10.83243,11.379745,11.892158,14.864728,16.513935,18.83301,23.363108,24.054348,27.776268,27.71931,26.439829,29.908243,32.355938,32.98617,32.642654,25.766476,26.707872,23.7003,26.3806,20.697376,24.266548,22.669386,21.850805,22.188921,21.55297,24.758411,26.933346,25.1313,29.687119,28.86076,34.06821,35.65054,36.32031,40.76689,39.42632,40.43154,40.79065,36.120026,34.40479,31.27591,33.56062,27.981657,30.67499,27.741968,30.219852,27.703163,24.34418,24.003473,22.162968,22.677052,22.508118,23.238695,26.09821,26.92446,25.849087,31.772276,27.42742,31.71775,33.365135,29.292791,26.782038,24.493137,20.87487,19.199831,17.55769,16.670301
24,17.741234,14.186725,17.712053,13.54095,14.848317,18.427362,18.368792,23.380585,23.31698,27.44044,29.231295,34.36678,32.656895,30.311836,27.535461,23.731293,20.268688,17.6215,16.509653,11.3527,8.936111,7.827799,7.5894837,3.6129208,0.0,3.317744,6.5058737,8.765732,10.503253,13.452629,17.635393,22.985197,24.187704,27.844341,31.180101,32.219624,35.120903,38.47282,33.29941,31.270247,27.56436,25.679369,20.704115,20.330038,16.332582,16.301458,11.0795145,10.651613,9.94721,13.623741,15.904554,18.53412,22.593363,23.93486,27.201206,27.485777,26.65902,30.264593,33.0362,33.806156,33.28251,26.590345,26.737038,23.50572,25.585335,19.495573,22.586994,20.776136,19.980639,20.97504,21.011026,24.437963,26.788708,25.658754,30.173403,29.834175,34.930336,37.015938,37.74615,42.300465,41.268097,42.46246,43.074272,38.491394,36.542118,33.201523,35.38915,29.530016,31.846846,28.60171,30.666807,27.8857,24.70558,23.75331,22.454567,23.370138,23.66073,24.67816,28.006203,28.830912,28.289488,34.08741,29.954723,34.349335,36.077106,31.883272,29.262026,27.295258,23.092249,21.518787,19.293013,18.285137
25,20.590582,17.09488,20.30803,15.826221,16.982437,20.094452,19.75934,24.575697,23.96076,28.233805,29.412992,34.738377,32.86974,30.29272,28.076536,23.999857,20.939768,18.069832,17.267878,12.453408,9.843033,9.994249,9.159886,4.320379,3.317744,0.0,5.125486,8.530466,9.766582,13.116844,17.358622,22.2153,23.772371,27.050169,30.645061,31.15556,34.303375,37.646538,32.28953,30.037537,26.639336,24.475449,19.43524,18.889807,14.756827,14.909076,8.852031,9.619191,9.585827,13.488739,15.984903,18.168734,22.541353,24.138468,27.037079,26.842287,26.021015,29.365858,32.32341,32.790226,31.837528,25.226885,25.336252,21.928177,24.106686,17.741093,21.457052,19.329361,18.07517,19.103289,18.950874,22.111477,24.70744,23.573956,28.08393,27.907385,32.83193,35.28852,35.59812,40.221615,39.51222,40.370087,41.278046,36.71619,34.58201,31.267458,33.105274,27.30162,29.354517,25.986364,28.032654,25.166431,21.79146,20.844294,19.323185,20.087545,20.619213,21.502752,25.0358,26.06423,25.774158,31.642721,27.86844,32.41419,34.376194,30.325006,27.560408,25.388134,21.140762,19.14347,16.833708,15.39237
26,21.339817,17.343948,19.425634,14.419203,14.712362,17.176361,16.145903,20.917553,19.58091,23.951027,24.678244,30.111258,28.48366,25.947191,24.1705,19.73896,17.504017,13.908476,14.478317,9.477923,8.8972025,9.896864,10.714162,6.891751,6.5058737,5.125486,0.0,3.9684372,5.989772,8.263581,13.506299,17.621832,20.060965,22.624422,26.818687,26.966444,30.29432,33.983025,28.807447,26.28551,23.222116,20.333069,15.831329,14.544945,11.201358,10.052369,4.8248878,4.697574,6.0805683,8.955997,11.190351,13.118301,17.682432,19.263437,22.070951,21.74505,20.901724,24.266079,27.274311,27.80254,26.94161,20.349497,20.391582,17.131462,19.546034,13.856713,17.541775,16.121288,15.671664,15.392832,14.826723,18.254652,20.396786,19.172663,23.678339,23.441576,28.48887,30.829739,31.558659,36.158615,35.410553,36.772766,37.683453,33.26053,31.00986,27.456837,29.59613,23.512838,25.689997,22.445656,24.468227,21.854996,18.994362,18.388048,17.436808,19.213083,18.540306,20.722519,23.757053,23.818176,23.919304,29.14095,25.176842,29.623692,31.451946,27.121206,24.332125,23.107536,17.911829,16.906845,13.891719,13.622939
27,19.948902,15.787729,16.951725,11.822376,11.592049,13.552204,12.318576,17.007648,15.642317,19.999588,20.940697,26.302036,24.778587,22.403358,20.43222,15.997166,13.92916,10.042409,11.332905,6.1662264,7.68621,8.843656,10.96991,8.678976,8.765732,8.530466,3.9684372,0.0,4.08419,4.7255955,10.436472,14.670625,17.162016,19.736448,23.936083,24.431496,27.573812,31.42141,26.539394,24.129816,20.954828,18.032766,13.975942,12.60325,10.022914,8.189157,6.230109,4.129456,6.3683553,6.9636292,8.046097,10.1570425,14.82079,15.738028,19.150175,19.069826,17.964079,21.571503,24.27126,25.101933,24.846388,18.141415,18.572735,15.823297,18.553473,14.122273,17.162716,16.71837,17.206123,15.811039,14.861756,18.476236,19.887922,18.311436,22.73235,22.060333,27.35381,29.00269,30.412691,34.84924,33.64782,35.59749,36.13436,31.78205,29.730042,26.10012,28.805079,22.678347,25.324036,22.49007,24.645697,22.462664,20.123812,19.994112,19.365887,21.566912,19.891726,22.721184,25.071936,24.373354,24.29197,28.993814,24.550718,28.69362,30.167503,25.585676,22.988836,22.533937,17.046886,17.144716,14.128346,15.056075
28,20.21387,16.585854,17.412453,12.426252,12.913544,13.809394,13.347698,16.7503,15.58427,19.821655,20.45442,25.753141,23.396235,20.641603,18.89703,14.675665,12.231362,9.357255,9.336024,6.3789277,6.3557143,9.230812,10.36015,8.933951,10.503253,9.766582,5.989772,4.08419,0.0,5.229668,7.6891837,12.675555,14.174592,17.418,21.028532,21.721214,24.73289,28.273844,23.165815,20.93309,17.49417,15.202119,10.486868,10.118973,6.5441456,7.2943897,6.455029,6.9805307,10.161412,10.278213,10.36946,11.5639515,16.720434,16.715088,20.55091,19.830093,18.064354,21.32156,23.584969,24.11075,23.984648,17.026936,18.695538,16.299625,19.83912,16.005703,19.70068,19.33561,19.540455,17.5758,15.720895,18.817663,20.025795,17.463535,21.918884,20.568478,25.994392,27.0415,28.28107,32.616848,31.08053,32.737316,33.029915,28.53247,26.705372,23.302038,26.111008,20.301228,23.451685,21.034002,23.752653,21.935328,19.352165,20.044428,18.696188,20.391245,18.078241,20.652323,22.373941,21.57398,20.911427,25.726212,21.004335,25.096598,26.532019,22.033873,19.486076,18.71096,13.687674,13.795958,11.424215,12.747727
29,21.913935,17.858852,17.71574,12.799833,11.75127,12.117806,10.215178,14.037009,11.70935,16.109966,16.422325,21.884714,20.43903,18.077188,16.69394,11.914397,11.171976,6.5402594,9.96092,6.6304083,10.074974,11.832037,14.368718,12.978565,13.452629,13.116844,8.263581,4.7255955,5.229668,0.0,7.423627,10.325063,13.741774,15.459907,20.151518,20.395891,23.58597,27.715036,23.161392,20.61096,17.830763,14.314237,11.336382,9.288389,8.570101,5.2948,8.012728,5.906154,8.968319,6.6671195,5.4469814,6.463106,11.537675,11.648803,15.385537,15.016089,13.503921,17.13442,19.612877,20.55076,20.699942,13.997444,14.939991,12.900082,16.167639,13.625433,16.250488,16.88497,18.163107,15.286373,13.593302,17.030954,17.528446,15.494523,19.670025,18.577263,23.987576,25.062239,27.065502,31.321022,29.864525,32.377197,32.73531,28.581123,26.581373,22.844051,25.983303,19.872637,22.82866,20.501492,22.725058,21.13145,19.500864,20.018051,19.774868,22.495405,19.676903,23.358807,24.915043,23.26141,23.333155,27.144142,22.516434,26.292889,27.482702,22.721016,20.284986,20.95076,14.9644575,16.402473,13.279024,15.523366
30,21.645061,18.660421,17.415379,13.4203205,13.39699,11.485086,11.492602,11.898895,10.704852,14.268766,14.564607,19.423216,16.211285,13.268199,11.779647,7.9301624,6.269398,5.3889832,5.875741,8.420001,10.481783,13.471852,15.19298,15.707981,17.635393,17.358622,13.506299,10.436472,7.6891837,7.423627,0.0,6.9621716,6.7769957,10.83771,13.689146,15.345148,17.747278,21.34197,16.759438,14.995115,11.227699,9.7227,6.5408006,7.5465646,7.0582223,8.695192,12.824105,12.7837,16.126467,14.010253,11.793817,11.6270275,16.178335,13.883088,18.691025,17.670185,14.814413,17.690216,18.603336,19.320494,20.564024,13.847654,17.47262,16.714663,20.951069,19.792063,22.750145,23.657785,24.7319,21.261417,18.537527,21.060944,20.839983,17.169739,20.911411,18.21305,23.760122,22.784176,25.163734,28.889727,26.204235,28.740753,28.079031,23.759071,22.614286,19.449364,23.350243,18.234705,22.423265,21.340786,24.452435,23.778694,22.111141,23.915005,22.75357,24.663635,20.73294,23.952045,24.013643,21.810612,20.543917,23.894234,18.37516,21.437084,22.000427,17.223501,15.363199,16.325224,11.781177,14.373811,13.056981,16.265373
31,28.13947,24.958893,23.217703,19.381153,18.374826,15.856075,14.530103,13.889233,10.450022,13.28003,10.835507,15.817372,13.012933,9.889954,11.566861,7.422352,10.451978,8.806288,12.285842,14.226586,17.083057,19.906807,21.813751,21.532541,22.985197,22.2153,17.621832,14.670625,12.675555,10.325063,6.9621716,0.0,6.8007917,5.1790595,10.933773,10.219015,13.548934,18.018229,14.055032,11.278966,9.885015,5.280449,7.055169,5.4593754,9.525765,8.795902,15.356001,15.273408,18.793339,15.531401,12.721735,10.657822,14.173193,11.55677,15.100896,12.933264,9.560331,11.43245,12.077611,12.4316025,13.851898,7.622278,12.371402,13.019028,17.453993,18.717453,21.164846,22.928225,24.542574,19.85631,16.56812,18.252771,16.823503,12.846443,15.635914,12.470941,17.815134,16.35095,19.472208,22.999287,20.465593,23.834162,23.466175,19.687477,18.170149,14.665452,18.886883,13.891273,17.98908,17.687437,20.49504,20.69649,20.245747,22.583826,22.201128,24.852571,19.980595,24.323406,23.675003,20.226933,20.01859,21.532492,16.639074,19.087404,19.487047,14.667303,12.960307,16.175848,10.764862,14.999583,13.275346,17.452873
32,25.911217,23.687073,21.540615,18.597198,18.594625,15.326528,15.795608,13.382433,12.364218,14.233551,13.426791,17.094193,12.442405,9.015373,9.235938,7.626038,8.185002,10.184632,10.123689,14.773557,16.422445,19.51685,20.832232,21.92732,24.187704,23.772371,20.060965,17.162016,14.174592,13.741774,6.7769957,6.8007917,0.0,6.7325673,7.01766,9.998701,11.406398,14.693922,10.521371,9.607545,5.611924,6.766994,7.035769,9.553959,11.054642,13.52937,18.675026,19.124853,22.634052,20.042732,17.294222,16.196953,19.87193,16.398918,20.979315,19.349895,15.848208,17.492844,16.839924,17.20936,19.425352,13.913003,19.119682,19.627493,24.150255,24.587055,27.402706,28.790539,30.018913,25.836485,22.533163,24.211136,23.134668,18.690321,21.42524,17.619759,22.661823,19.657364,22.618633,25.53139,21.743984,24.665045,23.025894,18.941967,18.686316,16.234474,20.805908,17.138033,21.955784,22.22215,25.619902,25.932207,24.823986,27.498869,26.19409,27.868816,23.022505,26.24661,24.88964,21.802837,19.94574,21.734468,15.947381,17.635073,17.2786,12.648581,11.864915,14.365675,11.654231,15.618202,15.639813,19.504927
33,31.51949,28.778505,26.517315,23.25838,22.362795,19.108355,18.223824,15.932867,12.911813,14.257091,10.836027,14.444085,10.702845,7.372595,11.195303,9.056977,12.872894,12.898862,15.506849,18.717144,21.292892,24.257692,25.95564,26.115477,27.844341,27.050169,22.624422,19.736448,17.418,15.459907,10.83771,5.1790595,6.7325673,0.0,6.843222,5.4142437,8.517845,13.210583,10.076728,7.5743375,7.7667394,4.5293045,9.399077,9.245793,13.394763,13.700959,20.186356,20.421368,23.9666,20.602985,17.615133,15.333542,17.971632,14.642502,17.738478,15.23606,11.650788,11.967973,10.7999935,10.672441,13.182649,9.037814,14.736943,16.432661,20.755514,23.098135,25.356787,27.383766,29.046366,24.047697,20.51381,21.478453,19.432455,15.097862,16.703815,12.656584,17.19212,13.629524,17.505695,20.205545,16.67422,20.64973,19.514664,16.131124,15.292892,12.411575,17.212406,13.736124,18.159084,19.0887,21.985746,23.017593,23.035923,25.943117,25.450407,27.853157,22.463074,26.69022,25.032227,20.967438,20.431168,20.500408,15.719523,16.880621,16.51409,12.0175495,11.323094,15.897639,12.086052,16.972698,16.262104,20.642506
34,31.868647,30.01989,27.30816,24.983908,24.74597,20.872164,21.245644,17.409857,16.240131,16.449772,14.345181,16.104921,10.732474,7.7699127,10.86594,11.59658,13.913417,16.29295,16.696838,21.612087,23.387362,26.437698,27.695118,28.889744,31.180101,30.645061,26.818687,23.936083,21.028532,20.151518,13.689146,10.933773,7.01766,6.843222,0.0,6.1916137,4.9442143,8.047775,5.8864717,6.7319374,5.918265,8.820172,12.288681,14.361984,17.040495,19.17234,24.929737,25.4851,29.048416,26.022245,22.96887,21.240368,23.964937,19.955984,23.76936,21.716059,18.098127,18.310036,16.076641,16.00327,19.097147,15.774096,21.566008,23.176003,27.57438,29.47401,31.951984,33.799355,35.246323,30.501373,26.912146,27.84577,25.989494,21.357986,22.820154,18.413967,22.340094,17.257318,20.909077,22.60399,17.680206,21.29177,18.531364,15.280416,16.14159,14.793289,19.680626,17.937584,22.738386,24.278704,27.563221,28.787731,28.408699,31.625309,30.474684,32.12825,26.705017,30.041143,27.607357,23.74811,21.863358,21.575857,16.393589,16.127062,14.548064,10.874489,11.776572,15.977089,15.010596,19.566555,20.237724,24.362612
35,35.85359,33.42666,31.164139,28.083273,27.478544,24.094444,23.517183,20.736563,18.080402,18.812685,15.045168,17.369024,13.247882,10.352791,14.95846,14.033818,17.4302,18.117802,19.898113,23.601105,25.521587,28.778358,29.986778,30.21542,32.219624,31.15556,26.966444,24.431496,21.721214,20.395891,15.345148,10.219015,9.998701,5.4142437,6.1916137,0.0,4.529551,8.93914,6.5089216,4.0935874,7.6259284,6.74193,12.140088,12.777156,16.694038,17.94851,24.104773,25.007881,28.733686,25.603598,22.815903,20.380598,22.89716,19.721937,22.163525,19.19555,15.817976,14.885043,12.940909,11.738098,13.980399,11.898053,17.804636,19.865467,24.153072,26.917023,29.44917,31.375126,32.76957,27.649298,23.822176,23.98936,21.717566,17.081638,17.69049,13.140466,16.435598,11.090156,14.8382845,16.616402,12.1391945,16.16805,14.36213,11.318413,11.220354,9.434517,14.3710375,12.987782,17.421156,19.520561,22.536154,24.291441,24.563707,28.045906,27.267834,29.234383,23.495049,27.393608,24.72609,20.229143,19.464464,17.954845,13.790615,13.484523,12.464237,8.828198,9.352059,14.882678,13.022911,17.94291,18.232752,22.543058
