,0,1,2,3,4,5,6,7,8,9,10,11,12,13,14,15,16,17,18,19,20,21,22,23,24,25,26,27,28,29,30,31,32,33,34,35,36,37,38,39,40,41,42,43,44,45,46,47,48,49,50,51,52,53,54,55,56,57,58,59,60,61,62,63,64,65,66,67,68,69,70,71,72,73,74,75,76,77,78,79,80,81,82,83,84,85,86,87,88,89,90,91,92,93,94,95,96,97,98,99,100,101,102,103,104,105,106,107,108
0,0.0,3.7082803,7.194003,9.967156,10.988998,14.796731,15.406542,20.89934,23.156355,26.364914,29.529583,32.60311,33.146503,32.705574,27.484715,25.924505,22.66013,20.752668,18.327372,16.256456,15.897355,11.347523,15.901842,16.422426,18.220045,15.489745,21.208895,23.751043,24.847622,25.910341,30.330324,32.971832,37.621876,38.367477,41.06935,43.49236,44.475773,42.11186,39.598026,37.363976,33.289654,33.63472,28.00689,30.455173,24.218084,24.061441,21.930851,22.55248,23.258465,22.728493,25.743633,24.194696,26.932467,30.850496,31.121313,34.024567,34.254757,37.34254,41.918865,40.054993,36.873188,37.964195,32.476074,33.387337,31.890577,35.13876,33.281387,28.924362,33.342144,29.437195,31.95031,31.763178,29.500952,34.131866,33.055332,38.401714,38.7374,41.284435,41.936825,43.38253,42.239807,38.12401,34.972916,31.79009,29.432772,25.828484,23.955753,19.132154,17.621155,15.234225,17.342428,18.792152,17.429733,17.16218,21.408644,21.54653,26.255173,26.551731,30.342102,29.944857,35.0846,39.604034,36.085342,33.045643,29.927586,25.758142,24.35089,20.24267,19.700066
1,3.7082803,0.0,5.242186,6.421119,7.9104614,11.739644,12.79456,18.296457,20.390324,23.89815,26.815228,30.074854,30.434248,29.729258,24.642057,22.707077,19.360687,17.35495,14.70747,12.724428,12.31385,7.905404,12.832449,13.394782,16.031973,13.566447,19.4797,21.481125,23.147598,24.232967,28.545437,31.42799,35.666367,36.785263,39.047623,41.694283,42.447365,39.930176,37.69461,35.225613,31.61494,31.336601,25.796444,28.050852,21.72233,21.312784,18.854721,19.245926,19.743078,19.041986,22.071514,20.522894,23.381403,27.229582,27.65919,30.696205,30.761042,33.904903,38.367718,36.514687,33.4188,34.365463,28.848133,29.816551,28.22975,31.625425,29.927393,25.76955,30.26633,26.538782,28.764103,28.768467,26.368027,31.090551,29.952143,35.350918,35.76467,38.16596,39.000336,40.620766,39.539444,35.214844,32.38462,29.005915,26.666252,22.898682,21.335371,16.242506,15.39924,13.201724,15.9896145,17.463984,16.841698,17.06395,20.974747,20.687822,25.29784,24.940212,28.866142,27.848219,33.118904,37.740738,34.326756,31.15075,28.644205,23.986841,23.1161,18.98055,18.664875
2,7.194003,5.242186,0.0,5.3122835,6.651182,8.178336,10.872442,14.886214,17.923311,20.749836,24.114475,27.10093,27.017231,26.492796,20.937712,20.141489,16.521532,15.614058,13.29774,12.624527,13.45448,10.182531,15.583425,15.943771,19.868843,17.234747,23.409061,24.604324,26.281898,26.752464,31.158882,33.223137,37.531624,38.276966,40.14296,42.771694,43.045433,40.26409,37.966488,35.421906,32.208,32.12931,26.644577,29.453392,22.837786,23.238773,19.920563,20.749586,19.959974,18.936918,21.051075,18.97403,20.957767,25.346836,24.942684,27.652647,28.506264,31.648823,36.241978,34.99309,31.819513,33.55403,28.115221,29.792023,28.170366,32.308334,31.318481,27.811064,32.202614,28.523216,29.889118,29.68855,26.514961,31.214949,29.268997,34.80798,34.495796,36.736214,37.23279,38.933292,37.38751,33.177254,30.525568,27.152527,25.577034,21.174675,20.982319,16.524746,15.713173,14.774579,17.601858,17.822048,17.095303,16.175821,20.342182,20.424335,24.681862,24.364096,28.424643,27.056778,32.27286,36.690605,32.792084,29.598389,26.984333,22.419933,21.26273,17.575296,16.235062
3,9.967156,6.421119,5.3122835,0.0,4.4862514,6.1155405,9.368706,13.673737,15.843491,19.509466,22.110283,25.5361,25.30866,24.18245,19.164804,17.060415,13.3595705,11.787594,8.679598,7.957406,8.278702,5.856477,11.041438,11.565325,16.198122,14.365963,20.170897,20.776358,23.300642,24.073965,28.11167,30.90002,34.433247,35.9426,37.281273,40.24129,40.38644,37.5204,35.73851,32.884876,30.294151,29.092447,23.86878,26.005716,19.574978,19.142849,15.672789,15.794691,15.057164,13.711843,16.24452,14.326591,17.00322,21.049082,21.360317,24.517262,24.674398,27.943087,32.250362,30.74476,27.780777,28.853996,23.314154,24.78936,22.970892,27.071005,26.067383,22.710293,27.228241,23.942488,25.133062,25.397106,22.361876,27.184063,25.51632,31.040136,31.22058,33.2555,34.24604,36.210777,35.01056,30.395048,28.274555,24.57814,22.709513,18.348955,18.191526,13.146967,13.729775,12.778387,16.391935,17.1761,17.663578,18.049822,21.351074,20.62232,24.708813,23.34326,27.431206,25.235096,30.588583,35.206192,31.782612,28.431087,26.942797,21.673105,21.60099,17.857801,17.466171
4,10.988998,7.9104614,6.651182,4.4862514,0.0,5.859911,5.2132287,10.806502,12.517175,16.256111,18.946774,22.305592,22.720022,22.003927,17.241962,14.990968,12.068212,9.91724,8.496032,6.7813497,9.271231,8.277616,12.847996,11.310146,16.269732,13.226395,19.37017,19.5292,21.155262,21.225687,25.495165,27.407648,31.37012,32.31447,33.794903,36.56979,36.68808,33.839977,31.78392,29.07181,26.257097,25.654043,20.285635,23.051819,16.419056,17.208681,13.591815,15.291043,14.080072,14.386244,15.983412,15.073449,17.070944,20.641678,20.752682,23.46645,23.54708,26.490452,31.293346,29.432442,26.09808,27.88446,22.578688,24.093119,23.448105,27.026531,26.314041,23.021318,26.72159,22.652203,23.730698,23.197031,19.943865,24.603872,22.775482,28.280941,28.21752,30.57513,31.24517,32.925743,31.723545,27.374226,24.699535,21.229048,19.226303,15.108628,14.473612,9.916093,9.658,9.335209,12.683785,12.887217,13.507359,14.112615,17.049377,16.21799,20.23226,18.936071,23.033081,21.0826,26.412981,31.003094,27.522007,24.209288,22.539146,17.316576,17.232822,13.425384,13.401213
5,14.796731,11.739644,8.178336,6.1155405,5.859911,0.0,7.1563344,8.381438,11.467309,14.393198,17.26285,20.43438,19.719076,18.72284,13.312164,12.355648,8.44452,8.572861,6.9356155,8.478436,11.079969,11.128749,15.453545,14.976795,20.537931,18.35794,24.110565,23.652735,25.894812,25.814901,29.784966,31.448542,34.904045,35.95695,36.699368,39.61011,39.134373,35.982735,34.234177,31.305704,29.40269,28.338608,23.439898,26.16651,19.74855,20.52198,16.2314,17.288792,14.723934,13.663367,14.246886,12.161261,13.167029,17.635443,16.83242,19.47567,20.490702,23.642132,28.234936,27.323843,24.199528,26.44337,21.224482,23.594658,22.278675,26.953121,27.00234,24.642862,28.521006,25.21709,25.213015,25.026537,21.07808,25.644943,22.967548,28.52338,27.80242,29.636896,30.219053,32.263718,30.589136,26.111486,24.292068,20.623465,19.75813,14.729813,16.521347,12.8968115,13.67658,14.471989,17.77473,17.120514,17.87996,17.549444,20.40534,19.811373,23.139297,21.504307,25.584194,22.788214,27.933575,32.249138,28.44888,25.107393,23.96385,18.751032,18.81851,15.913098,14.814234
6,15.406542,12.79456,10.872442,9.368706,5.2132287,7.1563344,0.0,6.817594,7.806533,11.453801,14.181892,17.41327,18.344397,18.055069,13.757121,11.629921,9.939316,7.882965,9.057476,7.839269,12.064191,12.779419,16.448416,13.57371,18.856289,15.291058,21.097431,20.282894,21.139215,20.19822,24.416052,25.02283,29.124626,29.444254,30.623234,33.246296,32.988873,30.001423,27.802286,25.136997,22.623251,22.476171,17.290499,20.821934,14.266215,16.69612,12.728238,15.96871,13.604703,15.304397,15.304586,15.322332,16.095058,19.07691,18.690168,20.717136,20.927582,23.433529,28.691416,26.732765,23.066381,25.898321,21.077991,22.935581,23.480347,26.773758,26.770266,24.09236,26.795822,22.282328,22.605808,21.225187,17.400482,21.678532,19.249084,24.683336,24.01667,26.557735,26.794014,28.266045,26.901882,22.834747,19.800398,16.540684,14.857947,10.726267,10.65963,7.908333,7.098104,8.961562,11.504043,10.134993,11.380564,12.014548,13.900285,12.859817,16.191275,14.5487795,18.664867,16.439335,21.679958,26.137232,22.474968,19.15116,17.71723,12.350253,12.64087,9.309037,9.613369
7,20.89934,18.296457,14.886214,13.673737,10.806502,8.381438,6.817594,0.0,4.6563168,6.070207,9.554693,12.322801,12.261093,12.235291,7.290558,7.720342,6.777189,7.9589114,10.60558,11.913791,16.287128,17.854492,21.316904,18.93773,24.691156,21.657337,27.072771,25.508715,26.590109,25.184683,28.96846,28.681564,32.26281,32.296833,32.55466,35.132523,34.041107,30.726133,28.79381,26.046995,24.777386,24.495361,20.212719,23.898829,18.043177,20.941418,16.522717,19.574623,15.723192,16.882437,15.004964,14.710051,13.374668,16.496904,14.571515,15.631196,17.152943,19.405273,24.819826,23.862495,20.196491,24.364426,20.171343,23.048363,23.72634,27.738243,28.814493,27.293255,29.622196,25.69733,24.642817,23.17688,18.513622,22.201004,18.49251,23.718346,21.781086,23.828146,23.529125,25.216845,23.097769,19.204462,16.928673,13.73718,14.045498,9.025212,12.688478,12.285759,12.45022,15.297156,17.381275,14.925627,16.188963,15.65935,16.887457,16.237904,18.079996,16.122683,19.853777,16.676952,21.278296,25.117083,20.976732,17.759047,17.127121,12.2544565,12.839036,11.585168,10.495196
8,23.156355,20.390324,17.923311,15.843491,12.517175,11.467309,7.806533,4.6563168,0.0,4.8611975,6.442401,9.959223,10.9877205,10.768407,8.121281,5.8029246,7.3340545,6.9681487,11.019772,11.63616,16.277294,18.813465,21.327847,18.060005,23.666937,20.68563,25.433767,23.184393,23.996756,22.211683,25.61656,24.998665,28.17507,28.297485,28.171074,30.828451,29.583803,26.2151,24.518038,21.63116,20.887384,20.153618,16.287645,19.918936,14.600334,18.046223,13.83346,17.604261,13.5432005,16.060188,13.543151,14.666884,13.345461,15.012975,13.821441,14.684971,15.073353,16.890442,22.528143,20.797037,16.90115,21.251148,17.46751,20.081635,21.884466,25.079344,26.388412,25.15988,26.652994,22.528631,21.117199,19.177397,14.437912,17.797432,14.032349,19.204964,17.41167,19.709942,19.545292,21.17581,19.472113,15.372257,12.877363,9.451272,9.393135,4.451261,8.768369,9.959821,10.706278,14.165215,15.901165,13.431569,15.699871,16.383232,16.342785,14.928998,16.114712,13.096408,16.614042,12.663878,17.308336,21.324202,17.704334,14.36199,15.076279,9.682719,11.843125,10.99401,11.558359
9,26.364914,23.89815,20.749836,19.509466,16.256111,14.393198,11.453801,6.070207,4.8611975,0.0,4.4713674,6.3963656,7.515495,8.750616,6.609574,7.9752727,10.0830345,11.326782,15.184428,16.302818,20.900887,23.159437,26.002878,22.882057,28.470581,25.285229,30.119663,27.846096,28.268883,26.084242,29.415434,27.783854,31.09916,30.476656,30.147135,32.442867,30.777637,27.374166,25.496738,22.940928,22.565691,22.687662,19.399254,23.40657,18.634886,22.597301,18.536226,22.36078,18.097347,20.31789,17.238602,18.046988,15.631341,17.212685,14.843621,14.4047985,16.004326,17.173868,22.889267,21.90264,18.05746,23.492783,20.45998,23.468575,25.463001,28.801735,30.55926,29.727144,30.934235,26.90066,25.066212,22.82305,18.003283,20.570581,16.223831,20.713116,17.71262,19.808683,18.704605,20.055334,17.555382,14.328457,11.811557,9.406498,11.276632,7.547718,12.4309,14.640615,14.684713,18.317411,19.490843,16.255968,17.926851,17.596899,17.238037,16.442692,16.614624,14.239691,17.179459,13.556191,17.192535,20.396906,16.168379,13.205019,13.786411,9.814713,11.374098,12.143965,11.67433
10,29.529583,26.815228,24.114475,22.110283,18.946774,17.26285,14.181892,9.554693,6.442401,4.4713674,0.0,3.9280756,5.8532906,6.560659,7.8525743,7.391697,11.119431,12.0023155,16.320047,17.457243,21.915375,24.96437,26.999603,23.59315,29.065125,26.287474,30.40211,27.48419,27.9893,25.640224,28.368496,26.587538,29.068104,28.734715,27.624577,30.048702,27.963556,24.434015,23.139608,20.391825,21.18299,20.438524,18.113203,21.62657,17.864588,21.808002,18.0348,21.85821,17.365295,20.133297,16.33193,18.040176,15.308638,15.468352,13.488125,12.520197,13.276918,13.764165,19.533293,18.200474,14.315762,20.202404,17.97073,20.94089,23.756811,26.542675,28.77396,28.581278,29.047468,25.31831,22.794794,20.393183,15.578622,17.395472,12.715837,16.745987,13.409975,15.365405,14.3032055,15.872532,13.557382,9.913058,8.096938,5.471156,8.542192,6.126715,11.796512,15.108848,15.982899,19.747452,20.835377,17.890265,20.27443,20.788454,19.659039,18.302893,17.804716,14.461272,16.791565,12.159133,15.202518,18.217112,14.782035,11.946205,14.625639,10.809863,13.696168,14.7735405,15.299127
11,32.60311,30.074854,27.10093,25.5361,22.305592,20.43438,17.41327,12.322801,9.959223,6.3963656,3.9280756,0.0,4.5938945,7.110963,9.621822,10.927625,14.518108,15.841157,20.077518,21.29955,25.79232,28.694977,30.888878,27.44887,32.861763,29.905857,34.023373,31.073414,31.2241,28.57395,31.189354,28.617601,31.136932,30.19693,28.911657,30.974325,28.555763,25.089745,23.705801,21.341293,22.478176,22.427296,20.645414,24.34627,21.07693,25.370869,21.781399,25.723495,21.232044,23.947515,19.964863,21.550018,18.378765,18.35885,15.852221,13.9292345,15.337161,15.081457,20.589657,19.763605,16.12982,22.569246,21.039007,24.079824,27.112055,29.788954,32.270382,32.30814,32.474506,28.767292,26.0469,23.393692,18.753235,19.869211,15.116495,18.214611,13.984033,15.69487,13.639561,14.733112,11.668477,9.433262,7.7491174,7.1281395,11.099434,9.887543,15.004047,18.777536,19.199842,23.06197,23.75396,20.40501,22.464432,22.508543,21.02407,20.012617,18.7286,15.888408,17.541342,13.418292,15.240454,17.290314,13.6348505,11.457465,14.337196,12.049662,14.515274,16.57543,16.720318
12,33.146503,30.434248,27.017231,25.30866,22.720022,19.719076,18.344397,12.261093,10.9877205,7.515495,5.8532906,4.5938945,0.0,3.5938525,6.963898,9.943855,13.137345,15.623458,19.435095,21.5341,25.751379,28.715538,30.972704,28.21896,33.944576,31.434454,35.699165,32.787815,33.667404,31.441721,34.073654,32.264122,34.43692,34.08145,32.548054,34.868206,32.358948,28.808329,27.804976,25.209782,26.56453,25.76454,23.861652,27.129057,23.556135,27.085894,23.11733,26.267,21.443375,23.164757,18.902588,19.835264,15.977285,16.259178,12.885838,10.394261,13.057441,13.043623,18.262081,18.552572,15.316723,21.7595,20.20225,23.759373,25.974749,29.42344,32.172142,32.57402,33.228428,30.146248,27.112286,25.16181,20.321148,21.775082,16.847868,20.110205,16.003763,16.837984,15.281897,17.07688,13.871895,11.135836,11.438589,10.011146,13.947,11.525881,17.573973,20.377619,21.394426,25.046293,26.35722,23.29165,25.264061,24.98693,24.250465,23.367483,22.671686,19.84821,21.873178,17.514357,19.653877,21.70969,18.207932,16.032455,18.538073,15.799574,17.879404,19.40755,18.901497
13,32.705574,29.729258,26.492796,24.18245,22.003927,18.72284,18.055069,12.235291,10.768407,8.750616,6.560659,7.110963,3.5938525,0.0,6.133215,7.8580103,11.199458,13.867841,17.484138,19.949224,23.848808,27.175491,29.032536,26.580467,32.35557,30.347536,34.357925,31.296494,32.740345,30.862558,33.30557,32.254612,33.920795,34.26965,32.467854,35.11833,32.635406,29.015732,28.443665,25.531168,27.172054,25.40909,23.563992,26.258608,22.743855,25.582268,21.542616,24.102983,19.148268,20.490883,15.9794445,16.95337,12.891807,12.795052,9.410102,6.93731,9.552706,9.907917,15.179693,15.602614,12.493668,18.674757,17.046366,20.78555,22.705149,26.379028,29.275896,29.977867,30.766222,28.167742,24.885176,23.44642,18.596611,20.245974,15.372889,18.84698,15.290101,15.712163,15.032793,17.438791,14.754418,10.990793,12.343725,10.049447,13.584396,10.774261,17.14929,19.4174,21.174011,24.614805,26.364332,23.792093,26.088837,26.225695,25.735481,24.550808,24.299809,20.998579,23.26363,18.399363,20.952675,23.39565,20.348703,17.928602,20.82064,17.288033,19.747505,20.628387,20.391186
14,27.484715,24.642057,20.937712,19.164804,17.241962,13.312164,13.757121,7.290558,8.121281,6.609574,7.8525743,9.621822,6.963898,6.133215,0.0,6.2594423,7.2642307,10.837222,13.779667,16.515732,20.45288,22.963596,25.68207,23.740221,29.7108,27.449099,32.238953,29.926558,31.533783,30.0279,33.159416,32.670807,35.213318,35.530296,34.644146,37.334034,35.444447,31.891047,30.692831,27.78093,28.092373,26.907747,23.814037,26.935175,22.118305,24.717247,20.240015,22.616854,17.886118,18.4163,14.897026,14.584398,11.051691,13.41512,9.861208,9.438662,12.506389,14.349653,19.480642,19.80021,16.56561,21.664345,18.51911,22.21266,22.922266,27.387108,29.530972,29.320604,31.199364,28.236996,25.865343,24.712242,19.738014,22.598007,18.084194,22.623854,19.786339,20.831938,20.386297,22.570105,19.949554,16.084309,15.786669,12.817487,15.07806,10.502546,16.460102,17.234457,18.541185,21.639936,23.772387,21.268396,22.968485,22.467726,23.034805,22.260752,23.013958,20.401285,23.462727,19.250963,22.874512,25.969334,22.139744,19.284292,20.381441,16.247313,17.673796,17.733011,16.650623
15,25.924505,22.707077,20.141489,17.060415,14.990968,12.355648,11.629921,7.720342,5.8029246,7.9752727,7.391697,10.927625,9.943855,7.8580103,6.2594423,0.0,4.446504,6.035925,9.855427,12.124253,16.024998,19.476625,21.21246,18.792004,24.64653,22.822422,26.972208,24.242783,26.19377,24.931541,27.725462,28.026802,29.988758,31.104025,30.050358,33.102993,31.450539,27.914606,27.131012,23.873447,24.378895,22.031832,19.003408,21.432474,16.82939,18.866627,14.466571,16.775309,11.920848,13.339151,9.550607,10.674198,8.222425,9.451528,8.067149,9.410683,9.626991,12.010496,17.357317,16.196266,12.655711,16.845078,13.099443,16.43637,17.683868,21.606575,23.587862,23.341661,24.973202,22.031206,19.634254,18.677467,13.758273,17.036543,12.961185,18.027874,16.3999,17.711184,18.309244,20.752491,19.150806,14.291562,14.0112095,10.100296,10.8893385,6.09327,11.855736,12.366845,14.826829,17.7678,20.190706,18.492292,21.062708,21.926498,22.094418,20.512728,21.599733,18.036877,21.211462,16.38079,20.552711,24.311216,21.322977,18.15256,20.167404,14.987074,17.533775,16.758265,17.119291
16,22.66013,19.360687,16.521532,13.3595705,12.068212,8.44452,9.939316,6.777189,7.3340545,10.0830345,11.119431,14.518108,13.137345,11.199458,7.2642307,4.446504,0.0,4.453578,6.603503,9.806356,13.340382,16.242317,18.546282,17.012747,23.034578,21.40116,26.038994,23.957445,26.396662,25.70041,28.85922,29.94199,32.238365,33.588947,33.03295,36.153065,34.869987,31.423748,30.434433,27.189714,26.969217,24.754595,21.037842,23.377247,18.019749,19.238619,14.603193,16.035591,11.576898,11.452091,8.907593,8.238105,6.693873,10.22026,8.949876,11.411193,12.17666,15.218244,19.98869,19.224163,16.080112,19.15865,14.579331,17.777517,17.538027,22.248116,23.646545,22.838562,25.524712,22.751238,21.047205,20.727207,16.09671,20.04941,16.544722,21.83863,20.68164,21.971092,22.740194,25.188324,23.549393,18.736935,18.190388,14.27639,14.413996,9.228934,13.684041,12.277689,14.68753,16.949537,19.949135,18.693007,20.799068,21.29854,22.442398,21.136553,23.080463,20.042683,23.650497,19.349117,23.972961,27.971642,24.685865,21.39584,22.368166,16.965094,18.710316,17.126959,16.906548
17,20.752668,17.35495,15.614058,11.787594,9.91724,8.572861,7.882965,7.9589114,6.9681487,11.326782,12.0023155,15.841157,15.623458,13.867841,10.837222,6.035925,4.453578,0.0,4.4737816,6.09411,10.137928,13.541254,15.350053,13.003415,18.970236,17.247267,21.707132,19.557657,21.957926,21.396984,24.576622,26.111094,28.437902,30.063665,29.806732,33.018753,32.122444,28.819855,27.799128,24.512753,23.887905,21.410294,17.371141,19.487556,13.891856,14.882659,10.230863,12.113646,7.937113,9.224225,7.6639485,8.406288,8.97472,11.300607,11.7195,14.460315,13.761687,16.654848,21.456919,19.57251,16.260311,18.514818,13.529314,15.899898,16.214025,20.093441,20.917253,19.482977,22.080374,18.788311,17.676046,17.246859,12.912012,17.333149,14.588692,20.123814,19.847197,21.599258,22.719397,24.974539,23.920881,18.981997,17.78591,13.760326,12.485242,7.777489,10.355773,8.03215,11.061976,13.072137,16.225931,15.5913,18.13956,19.559963,20.452635,18.701694,20.994389,17.684982,21.378756,17.226175,22.210394,26.608814,23.733055,20.33662,21.334005,15.523446,17.631205,15.413272,16.182573
18,18.327372,14.70747,13.29774,8.679598,8.496032,6.9356155,9.057476,10.60558,11.019772,15.184428,16.320047,20.077518,19.435095,17.484138,13.779667,9.855427,6.603503,4.4737816,0.0,4.271392,6.797454,9.9703865,11.962577,11.052101,17.017597,16.025873,20.609339,19.1491,22.340675,22.601503,25.848793,28.443142,30.707191,32.821476,32.84823,36.17279,35.592014,32.410797,31.442257,28.149378,27.15112,24.45552,20.16366,21.729256,15.975459,15.518134,11.127869,11.187159,8.134867,6.960448,7.7725587,6.6867642,9.220871,12.537658,13.44304,16.87403,16.245123,19.544846,23.706465,22.090004,19.259377,20.32366,14.856956,16.860912,15.564104,20.021944,20.166586,18.215216,21.952202,19.224522,18.80248,19.288256,15.612789,20.311377,18.215807,23.671762,23.896671,25.452011,26.882114,29.260479,28.286997,23.253162,22.245897,18.207188,16.694395,12.212,13.768873,9.756927,12.783504,13.560959,17.305166,17.518198,19.64912,20.955841,22.660025,21.085598,24.047342,21.120005,24.965828,21.194477,26.325102,30.842695,27.964788,24.547306,25.029692,19.208073,20.782026,17.95225,18.383713
19,16.256456,12.724428,12.624527,7.957406,6.7813497,8.478436,7.839269,11.913791,11.63616,16.302818,17.457243,21.29955,21.5341,19.949224,16.515732,12.124253,9.806356,6.09411,4.271392,0.0,4.7128625,7.8680334,9.703494,7.3971844,13.397473,11.855093,16.681086,15.49746,18.37762,18.779455,22.257523,25.139381,27.756731,29.849895,30.419369,33.670834,33.543034,30.582052,29.382156,26.228876,24.557608,22.113792,17.401443,18.955523,12.884188,12.297628,8.196911,9.00666,7.385165,8.169264,10.031858,10.242337,13.108645,15.562772,16.956667,20.18613,19.005423,22.009531,26.355705,23.986235,20.964628,21.733538,16.319326,17.468122,16.93401,20.248722,19.67916,16.803593,20.387863,16.844517,17.426794,17.566126,14.472434,19.324793,17.975252,23.402405,24.151497,26.169437,27.612171,29.666155,29.039179,24.16212,22.409763,18.55733,16.098108,12.391895,11.829749,6.656149,9.597133,9.645395,13.541325,14.46886,16.738338,18.776648,20.336557,18.520037,21.849941,19.052895,22.898558,19.691975,24.982332,29.71929,27.081335,23.682297,23.825546,17.986378,19.529594,16.188494,17.355944
20,15.897355,12.31385,13.45448,8.278702,9.271231,11.079969,12.064191,16.287128,16.277294,20.900887,21.915375,25.79232,25.751379,23.848808,20.45288,16.024998,13.340382,10.137928,6.797454,4.7128625,0.0,5.065138,5.246462,5.3301105,10.74728,10.937478,15.016481,14.495583,18.465029,19.907776,23.018337,27.183905,29.287838,32.123936,32.756187,36.160954,36.318592,33.52596,32.618294,29.435965,27.747852,24.717255,20.221786,20.785633,15.317564,12.830365,9.837637,7.9204082,8.472737,7.2575912,11.233899,10.834989,14.910935,17.273848,19.367653,23.051838,21.513931,24.706821,28.380054,26.003195,23.489511,22.960695,17.413723,17.894625,16.099787,19.351019,17.915882,14.437319,19.099573,16.446157,17.75471,18.947783,16.7884,21.609032,21.020117,26.177135,27.57687,29.351809,31.236212,33.44014,33.07282,28.035454,26.6543,22.760517,20.100365,16.75637,15.77075,10.274945,13.196748,12.005858,16.006197,17.906351,19.96493,22.17556,24.064827,22.2521,25.86533,23.155214,26.895384,23.824348,29.059238,33.853886,31.503716,28.133644,28.30685,22.504896,23.958727,20.373386,21.52278
21,11.347523,7.905404,10.182531,5.856477,8.277616,11.128749,12.779419,17.854492,18.813465,23.159437,24.96437,28.694977,28.715538,27.175491,22.963596,19.476625,16.242317,13.541254,9.9703865,7.8680334,5.065138,0.0,5.40158,7.3022285,11.035812,10.666341,15.574777,16.58565,19.965908,21.670082,25.240303,29.374039,32.234505,34.632683,35.977,39.146675,39.650436,37.003147,35.62831,32.692543,30.17432,28.069996,23.095608,24.118021,18.303339,16.195715,13.715833,12.358559,13.422853,11.984078,15.929276,14.697764,18.563467,21.688734,23.210512,26.80285,25.88371,29.154457,32.991066,30.861206,28.226662,27.987328,22.413784,22.948088,20.840847,24.129808,22.274363,18.270521,23.207079,20.349596,22.35146,23.303175,21.270193,26.096157,25.458214,30.71053,31.879795,33.865826,35.45097,37.48346,36.885197,32.029716,30.131142,26.35486,23.722258,20.149145,18.784227,13.0484705,14.503946,12.435235,16.262703,18.405743,19.505754,21.162256,23.901436,22.590544,26.761576,24.913725,28.791693,26.51347,31.859367,36.675385,33.948616,30.600914,29.738497,24.235336,24.818075,20.840786,21.48829
22,15.901842,12.832449,15.583425,11.041438,12.847996,15.453545,16.448416,21.316904,21.327847,26.002878,26.999603,30.888878,30.972704,29.032536,25.68207,21.21246,18.546282,15.350053,11.962577,9.703494,5.246462,5.40158,0.0,5.480727,7.7221265,9.931716,12.735873,13.479569,18.009478,20.477898,23.237688,28.533352,30.370634,33.719067,34.716953,38.122128,38.75752,36.265656,35.46001,32.407326,30.376532,27.181665,22.81839,22.606432,17.825037,14.042815,12.660519,9.435609,12.185057,10.710069,15.442726,15.017024,19.506456,21.564978,24.096191,27.928032,26.076954,29.241512,32.486538,29.890532,27.69749,26.205835,20.84885,20.490728,18.153767,20.551044,17.99021,13.5881405,18.907475,16.87373,19.333591,21.116438,20.058449,24.654871,24.908976,29.7209,31.733639,33.507694,35.653175,37.797783,37.72973,32.703835,31.267584,27.475796,24.428516,21.60623,19.715668,14.087723,16.524403,14.241484,17.931606,20.764389,22.543863,25.057022,27.11863,25.306652,29.209145,26.755585,30.335205,27.725533,32.886032,37.74361,35.694668,32.39695,32.37329,26.718891,28.005388,24.135822,25.47612
23,16.422426,13.394782,15.943771,11.565325,11.310146,14.976795,13.57371,18.93773,18.060005,22.882057,23.59315,27.44887,28.21896,26.580467,23.740221,18.792004,17.012747,13.003415,11.052101,7.3971844,5.3301105,7.3022285,5.480727,0.0,6.027908,6.143913,9.762331,9.51647,13.384876,15.317921,18.364105,23.179392,25.337736,28.362375,29.497099,32.812984,33.503983,31.059164,30.086988,27.120264,24.912954,21.92783,17.408617,17.457392,12.445871,9.148104,7.852713,6.571443,9.462645,10.707165,14.342514,15.247705,19.11674,20.553509,23.054949,26.492579,24.341,27.13857,30.918385,27.736902,25.124361,24.26969,19.127455,18.635681,18.073252,19.6012,17.419119,12.968319,16.934938,13.345006,16.030752,16.85742,15.825407,20.375128,20.815413,25.58394,27.64647,29.796934,31.751732,33.596165,33.71389,28.920898,26.991524,23.440792,19.95301,17.808546,14.859163,9.378929,11.833603,9.601063,13.135662,16.09724,18.400936,21.597437,22.91087,20.748821,24.406836,21.748402,25.158745,22.70985,27.785997,32.656773,30.84474,27.636126,27.78719,22.228956,23.844204,20.083498,22.126621
24,18.220045,16.031973,19.868843,16.198122,16.269732,20.537931,18.856289,24.691156,23.666937,28.470581,29.065125,32.861763,33.944576,32.35557,29.7108,24.64653,23.034578,18.970236,17.017597,13.397473,10.74728,11.035812,7.7221265,6.027908,0.0,5.328362,5.0901847,7.337493,11.397242,14.733616,17.09629,23.230461,25.043047,28.571264,30.26124,33.441452,34.81114,32.867107,31.996944,29.341581,26.69859,23.710672,19.629393,18.675556,15.109994,10.759762,11.955497,10.131674,14.4524355,15.677718,19.641928,20.702274,24.822037,25.862547,28.749031,32.224945,29.695171,32.33271,35.79153,32.21885,29.864977,28.198006,23.472527,22.088278,21.57617,21.769407,18.520563,13.250052,16.92848,13.724012,17.889986,19.009634,19.43933,23.396156,24.87649,29.03498,31.782362,34.01002,36.165165,37.799892,38.33765,33.71825,31.619349,28.349924,24.444063,23.110977,19.164047,14.23813,15.861472,12.746292,15.218076,19.132051,21.127666,24.78714,25.945465,23.746141,27.480206,25.16705,28.149841,26.423958,31.176647,35.991432,34.6982,31.69639,31.694336,26.527275,28.015802,24.132023,26.53065
25,15.489745,13.566447,17.234747,14.365963,13.226395,18.35794,15.291058,21.657337,20.68563,25.285229,26.287474,29.905857,31.434454,30.347536,27.449099,22.822422,21.40116,17.247267,16.025873,11.855093,10.937478,10.666341,9.931716,6.143913,5.328362,0.0,6.4002886,8.387474,9.936455,12.157949,15.764863,20.497835,23.669159,26.046574,28.334726,31.201782,32.615154,30.633797,29.092272,26.660215,23.233862,21.530441,16.70405,17.095354,12.461275,10.242913,10.74909,11.4833975,14.549059,16.752003,19.929916,21.06079,24.570168,25.979042,28.207565,31.309126,29.246536,31.752888,35.89415,32.343845,29.459854,29.005676,24.21968,23.416761,23.727991,24.320095,21.788374,16.907429,19.804815,15.237168,19.02351,18.868351,18.578226,22.620735,23.560028,27.985798,30.127584,32.769855,34.369167,35.690456,35.96403,31.66391,28.827738,25.788906,21.85594,20.529482,16.010405,11.234703,11.547457,7.9744883,10.122918,14.165589,15.905171,19.6748,20.777954,18.688883,22.617607,20.806778,23.881186,22.791737,27.6279,32.439697,30.798769,27.84662,27.159613,22.275326,23.35829,19.379866,21.90883
26,21.208895,19.4797,23.409061,20.170897,19.37017,24.110565,21.097431,27.072771,25.433767,30.119663,30.40211,34.023373,35.699165,34.357925,32.238953,26.972208,26.038994,21.707132,20.609339,16.681086,15.016481,15.574777,12.735873,9.762331,5.0901847,6.4002886,0.0,4.919435,7.258217,11.221457,13.055861,19.643911,21.398243,24.951105,27.110209,30.059324,31.918879,30.399902,29.504242,27.204706,24.23627,21.501888,17.88713,16.426289,14.192666,10.213386,13.032465,12.57408,16.900558,19.362915,22.677032,24.449467,28.224546,28.688038,31.661934,34.83355,31.980318,34.223988,37.78388,33.700306,31.274931,29.668982,25.499828,23.659475,24.321564,23.332893,20.05142,14.936204,16.901127,12.942946,17.820354,18.228275,19.603968,22.860575,25.052607,28.609617,31.719622,34.195114,36.278507,37.532375,38.453705,34.21736,31.75277,28.940762,24.656754,24.361135,19.386106,15.502607,16.492754,13.386582,14.598197,18.849005,20.979692,25.254023,25.632586,23.210608,26.568815,24.361582,26.774199,25.680506,29.957605,34.607468,33.88877,31.175468,31.281069,26.613321,28.258879,24.59886,27.605312
27,23.751043,21.481125,24.604324,20.776358,19.5292,23.652735,20.282894,25.508715,23.184393,27.846096,27.48419,31.073414,32.787815,31.296494,29.926558,24.242783,23.957445,19.557657,19.1491,15.49746,14.495583,16.58565,13.479569,9.51647,7.337493,8.387474,4.919435,0.0,5.847732,9.21349,10.336955,17.122488,17.939262,22.102299,23.421995,26.698875,28.170008,26.475338,26.061628,23.493942,21.413536,17.56872,14.546169,12.263604,10.870972,5.9867673,9.796868,9.672298,13.828243,17.191973,19.78535,22.301594,25.74374,25.448158,28.675106,31.662544,28.387259,30.353226,33.753937,29.404972,27.09108,25.33618,21.571436,19.46943,21.00065,19.40334,16.543365,11.973514,12.83457,8.172955,13.055624,13.397006,15.212676,18.178371,20.730534,23.98073,27.389622,29.73524,32.025932,33.33547,34.508087,30.26153,28.177334,25.43636,21.100826,21.379292,16.496506,13.410693,15.308287,13.176438,14.481207,18.200203,21.114935,25.607767,25.345726,22.554628,25.311897,22.320982,24.53325,22.731112,26.80172,31.39355,31.063177,28.384865,29.42202,24.614822,26.960293,23.725206,27.015028
28,24.847622,23.147598,26.281898,23.300642,21.155262,25.894812,21.139215,26.590109,23.996756,28.268883,27.9893,31.2241,33.667404,32.740345,31.533783,26.19377,26.396662,21.957926,22.340675,18.37762,18.465029,19.965908,18.009478,13.384876,11.397242,9.936455,7.258217,5.847732,0.0,4.312442,6.1273093,12.425298,14.580133,17.711937,20.206366,22.943962,25.039007,23.794771,22.763199,20.809555,17.65847,15.300988,12.29424,10.67942,10.242452,8.533706,12.333592,14.391871,17.558916,21.706404,23.620985,26.337711,29.23842,28.954521,31.719856,34.241096,31.172594,32.77053,36.6459,32.075043,29.395067,28.573847,25.205456,23.320778,25.81812,23.99517,21.618073,17.508734,17.16077,11.731904,16.162037,14.828849,16.759295,18.984241,21.625767,24.441761,27.605967,30.433258,32.192017,32.906284,34.190044,30.584188,27.662718,25.566208,21.02541,22.173487,16.251661,14.482768,14.838616,12.819645,12.387326,16.133337,18.847647,23.737108,22.713257,19.884554,22.260046,19.829918,21.415842,20.839645,24.387548,28.756695,28.736584,26.426481,27.024355,23.047422,25.167284,22.204573,25.96353
29,25.910341,24.232967,26.752464,24.073965,21.225687,25.814901,20.19822,25.184683,22.211683,26.084242,25.640224,28.57395,31.441721,30.862558,30.0279,24.931541,25.70041,21.396984,22.601503,18.779455,19.907776,21.670082,20.477898,15.317921,14.733616,12.157949,11.221457,9.21349,4.312442,0.0,4.8201413,8.569611,12.039528,14.073876,16.882284,19.431845,21.463137,20.18351,18.736473,16.962269,13.396394,11.880342,8.775406,8.186051,8.214949,9.222219,12.372631,15.88092,17.963657,22.748058,23.825245,26.81535,29.09541,28.648954,31.031097,33.10797,30.192938,31.460773,35.65682,31.032476,28.089512,28.127146,25.089886,23.557499,26.839186,25.121998,23.462229,19.951326,18.974884,13.0507765,16.474018,13.933055,15.458455,17.195492,19.583591,22.178373,24.966612,28.063263,29.419586,29.798351,31.083958,27.89458,24.555254,22.90161,18.369696,20.187872,13.918688,13.600699,13.319608,12.23638,10.838072,13.8062525,16.775106,21.78795,19.988651,17.000761,18.743351,16.248245,17.413647,17.227406,20.433338,24.686321,24.827156,22.720242,23.432411,19.914757,22.2011,19.723736,23.783613
30,30.330324,28.545437,31.158882,28.11167,25.495165,29.784966,24.416052,28.96846,25.61656,29.415434,28.368496,31.189354,34.073654,33.30557,33.159416,27.725462,28.85922,24.576622,25.848793,22.257523,23.018337,25.240303,23.237688,18.364105,17.09629,15.764863,13.055861,10.336955,6.1273093,4.8201413,0.0,7.8647933,8.555868,12.355467,14.601022,17.291286,19.651468,18.880493,18.34028,16.764774,14.375749,11.478762,10.71989,7.7790556,11.078328,10.925981,14.93272,17.660187,20.051506,24.919506,25.843153,29.244532,31.534107,30.366096,33.17436,35.179604,31.731937,32.67688,36.36201,31.382998,28.857008,28.17155,25.876549,23.70367,27.487402,24.643768,22.92005,19.918358,17.620712,12.327972,15.787772,13.390684,16.320229,16.940477,20.342669,21.861301,25.40035,28.248173,29.955479,30.229893,32.090176,29.10284,26.276495,24.92523,20.416992,22.981436,17.015705,17.254528,17.667065,16.810564,15.627595,18.35472,21.43983,26.452644,24.329504,21.27309,22.389652,19.562439,20.041542,19.607298,21.985168,25.8167,26.881187,25.093618,26.669416,23.426453,26.134567,24.030972,28.177275
31,32.971832,31.42799,33.223137,30.90002,27.407648,31.448542,25.02283,28.681564,24.998665,27.783854,26.587538,28.617601,32.264122,32.254612,32.670807,28.026802,29.94199,26.111094,28.443142,25.139381,27.183905,29.374039,28.533352,23.179392,23.230461,20.497835,19.643911,17.122488,12.425298,8.569611,7.8647933,0.0,6.978169,5.6343174,9.756648,11.353603,13.9845085,13.56586,11.762049,11.315991,7.737376,8.476377,9.028545,9.020333,12.536086,15.719752,18.306587,22.580284,23.5031,28.88983,28.705597,32.243614,33.544422,32.322334,34.317253,35.49731,32.535595,32.88486,37.074684,32.20542,29.282396,30.209703,28.486921,27.05466,31.705837,29.307148,28.585032,26.235453,23.640278,18.115252,19.960114,16.047596,17.82,17.392815,19.936783,20.745728,23.229908,26.52596,27.237349,26.657516,28.492462,26.641762,22.978468,22.77205,18.714457,22.334774,16.452383,18.899612,18.102228,18.500978,16.054224,17.103256,19.96473,24.688437,21.300217,18.366194,17.914051,15.545996,14.556017,15.563737,16.47065,19.593977,21.257734,20.22494,21.83296,20.12106,22.78636,21.822884,26.177143
32,37.621876,35.666367,37.531624,34.433247,31.37012,34.904045,29.124626,32.26281,28.17507,31.09916,29.068104,31.136932,34.43692,33.920795,35.213318,29.988758,32.238365,28.437902,30.707191,27.756731,29.287838,32.234505,30.370634,25.337736,25.043047,23.669159,21.398243,17.939262,14.580133,12.039528,8.555868,6.978169,0.0,6.7070136,6.7926383,9.579939,12.008645,12.105342,12.847855,12.075281,12.151732,8.714172,12.174694,9.011283,15.163984,16.621986,19.90121,23.129066,24.300888,29.644075,29.255735,33.269497,34.619274,32.427486,35.059883,36.244984,32.521595,32.504898,35.817604,30.569029,28.355045,28.136316,27.433544,25.245998,30.413303,26.754196,26.199665,24.777811,20.756683,16.433521,17.697845,14.231201,17.559656,15.753561,19.596104,18.933792,22.61217,25.28779,26.756975,26.337456,28.968735,27.089388,24.661325,24.501633,20.591059,24.730757,19.574684,22.017912,22.542915,22.97022,21.40335,22.733208,26.045689,30.80619,27.583416,24.490007,23.912542,20.696005,19.657887,19.18321,19.483803,22.10163,24.777534,23.876242,26.901617,24.802986,28.141891,27.288809,31.579031
33,38.367477,36.785263,38.276966,35.9426,32.31447,35.95695,29.444254,32.296833,28.297485,30.476656,28.734715,30.19693,34.08145,34.26965,35.530296,31.104025,33.588947,30.063665,32.821476,29.849895,32.123936,34.632683,33.719067,28.362375,28.571264,26.046574,24.951105,22.102299,17.711937,14.073876,12.355467,5.6343174,6.7070136,0.0,5.8721027,6.0043507,9.41518,10.2222395,8.930429,9.937439,8.434472,9.699208,12.723199,12.374561,17.02003,20.336456,22.795311,27.047224,27.552122,33.0815,32.307552,36.12865,36.961285,35.185696,37.076164,37.76769,34.690052,34.459858,38.363693,33.406036,30.72922,31.886103,31.083998,29.606113,34.88877,31.994892,31.763186,30.128603,26.681278,21.739979,22.741583,18.57728,20.57958,18.852705,21.512444,20.915258,23.285069,26.407278,26.83392,25.670574,27.985659,27.05999,23.665081,24.33788,20.844687,25.263948,20.077492,23.459764,22.803707,23.701197,21.209465,21.592646,24.373558,28.778975,24.841557,22.075806,20.517784,18.215668,16.070807,17.28567,16.401838,18.25061,21.210821,21.003195,23.436749,22.74802,25.626152,25.489706,29.784737
34,41.06935,39.047623,40.14296,37.281273,33.794903,36.699368,30.623234,32.55466,28.171074,30.147135,27.624577,28.911657,32.548054,32.467854,34.644146,30.050358,33.03295,29.806732,32.84823,30.419369,32.756187,35.977,34.716953,29.497099,30.26124,28.334726,27.110209,23.421995,20.206366,16.882284,14.601022,9.756648,6.7926383,5.8721027,0.0,4.0322104,5.2224817,5.8637843,7.5127096,7.8391795,10.373182,8.422291,13.513809,12.136251,17.797972,20.758419,22.976105,26.88871,26.878386,32.407646,30.998348,35.15426,35.59981,33.071255,35.114826,35.516937,32.071835,31.370178,34.72552,29.667404,27.420597,28.388603,28.530064,26.953375,32.772335,29.453224,29.89059,29.25094,25.061222,20.918156,20.68763,16.519106,18.775759,15.815736,18.797092,16.878628,19.656021,22.333954,23.073656,21.922024,24.81759,24.07806,21.685646,22.619177,19.568945,24.519669,20.324196,24.252708,24.528442,25.928274,24.12215,24.2264,27.496231,31.759628,27.864792,24.949587,23.105719,19.858936,17.763636,17.36691,15.856556,17.243265,20.968588,20.85753,24.761158,23.754301,27.314142,27.521698,31.676767
35,43.49236,41.694283,42.771694,40.24129,36.56979,39.61011,33.246296,35.132523,30.828451,32.442867,30.048702,30.974325,34.868206,35.11833,37.334034,33.102993,36.153065,33.018753,36.17279,33.670834,36.160954,39.146675,38.122128,32.812984,33.441452,31.201782,30.059324,26.698875,22.943962,19.431845,17.291286,11.353603,9.579939,6.0043507,4.0322104,0.0,4.379956,7.003237,7.6823525,9.676936,11.445735,11.792046,16.394928,15.721914,20.970337,24.295502,26.464928,30.59696,30.556913,36.12041,34.67044,38.754005,39.057064,36.648518,38.44255,38.62433,35.414,34.565884,38.010666,33.077198,30.778261,32.121185,32.344036,30.90276,36.73874,33.481007,33.902428,33.15087,28.995531,24.774235,24.704905,20.492287,22.511522,19.592043,22.192833,20.125366,22.320162,25.027185,25.260391,23.625696,26.46602,26.422497,23.715525,25.14118,22.376629,27.388002,23.18095,27.3099,27.077717,28.500515,26.26459,26.11386,29.035986,33.130493,28.912321,26.227272,23.904596,21.306515,18.580782,19.192833,16.84003,17.31902,21.480564,21.94399,25.496881,25.38329,28.618814,29.177347,33.309723
36,44.475773,42.447365,43.045433,40.38644,36.68808,39.134373,32.988873,34.041107,29.583803,30.777637,27.963556,28.555763,32.358948,32.635406,35.444447,31.450539,34.869987,32.122444,35.592014,33.543034,36.318592,39.650436,38.75752,33.503983,34.81114,32.615154,31.918879,28.170008,25.039007,21.463137,19.651468,13.9845085,12.008645,9.41518,5.2224817,4.379956,0.0,3.639801,6.2329855,8.016656,12.020878,11.62704,16.723238,16.334,21.357325,24.945318,26.547375,30.72419,30.038485,35.5468,33.519707,37.678547,37.5014,34.78589,36.36201,36.1658,33.014572,31.800295,35.07396,30.306398,28.136635,29.921434,30.670412,29.531845,35.620033,32.55823,33.576588,33.40253,29.16769,25.242317,24.257526,19.955868,21.46593,17.996092,20.121178,17.351532,19.114035,21.59958,21.626574,19.792484,22.840343,23.229567,21.008863,22.841469,20.679487,25.937029,22.625809,27.29224,27.390415,29.317844,27.408068,26.763079,29.86634,33.667343,29.40998,26.745676,24.06262,21.034536,18.252874,18.01335,14.996916,14.882375,19.493284,20.163147,24.587559,24.547022,28.096481,29.083767,33.008743
