,0,1,2,3,4,5,6,7,8,9,10,11,12,13,14,15,16,17,18,19,20,21,22,23,24,25,26,27,28,29,30,31,32,33,34,35,36,37,38,39,40,41,42,43,44,45,46,47,48,49,50,51,52,53,54,55,56,57,58,59,60,61,62,63,64,65,66,67,68,69,70,71,72,73,74,75,76,77,78,79,80,81,82,83,84,85,86,87,88,89,90,91,92,93,94,95,96,97,98,99,100,101,102,103,104,105,106,107,108,109,110,111
0,0.0,4.5732417,7.4046783,9.711383,12.535611,13.783066,17.381254,20.934145,23.97902,27.523907,29.635464,34.339886,35.41409,32.404762,35.669746,31.860245,32.19664,31.793179,32.48137,32.474598,31.794952,35.1331,34.023117,29.824764,29.677418,26.911516,27.67766,27.547812,26.75719,29.82161,27.59218,34.79785,33.17935,38.49415,37.811516,39.98831,41.6103,38.77668,37.227993,34.91744,31.810465,30.647507,26.262222,24.34818,20.595041,21.483429,15.937244,17.29703,20.333725,22.37943,23.936394,26.971869,26.51267,31.352203,27.802736,28.552876,26.530226,22.479164,22.654161,21.53057,22.819006,24.633957,21.995197,26.270157,24.438549,31.524567,30.43872,32.100185,28.283178,29.35562,26.149824,28.736958,26.873734,28.303463,28.192575,28.507347,30.89029,32.313103,35.871967,38.63765,37.65768,42.454773,43.69379,40.338577,38.693275,34.943783,38.224747,33.132904,33.405533,32.988495,31.547348,32.53546,29.506462,33.499992,35.938705,38.837887,41.09185,36.289722,39.131668,38.209644,38.640602,39.69239,37.215553,39.029247,39.15723,38.83212,38.350853,38.756454,34.995003,37.115047,33.580032,36.727695
1,4.5732417,0.0,4.985958,5.4128046,8.200792,10.479164,13.02677,17.315964,19.937277,23.434559,25.854086,30.24733,31.36869,28.4669,31.620607,27.69388,28.160759,27.64777,28.890429,28.69993,28.489437,31.771858,31.066698,26.71708,26.192959,23.545942,23.747993,23.74566,22.66787,26.0321,23.808966,31.023283,29.823792,34.801476,34.567947,36.95157,38.475273,35.890854,34.08504,31.671818,28.87871,27.728294,23.14413,21.410566,17.643286,17.770805,13.070182,13.844906,17.609465,18.906317,21.069653,23.42863,23.586107,28.435364,24.926712,25.227625,22.947845,18.788607,18.524689,17.270426,18.369963,20.13228,17.451546,21.848698,20.298992,27.353691,26.59754,28.388409,24.45229,25.25152,21.857143,24.286734,22.343382,23.738035,23.714378,24.07527,26.62244,28.385586,31.700985,34.627514,33.987198,38.530148,39.97816,36.648678,34.767357,30.923431,34.036697,28.794422,28.949976,28.441639,27.005249,28.005556,25.076822,29.105953,31.578863,34.495777,36.591446,31.83864,34.569546,33.720608,34.114418,35.3084,32.83204,34.848488,35.15526,34.78254,34.116844,34.589706,30.612207,32.734325,29.177954,32.30977
2,7.4046783,4.985958,0.0,5.0543146,6.822798,6.8650346,11.203976,13.654066,17.23867,20.68482,22.747347,28.024368,28.539171,25.328094,28.59674,25.00124,25.394926,25.462902,26.187578,26.867487,26.518896,30.04024,29.421505,25.304205,25.039888,21.97359,22.088417,21.282478,20.169907,22.916246,20.339096,27.571812,25.783445,31.18977,30.439636,32.62173,34.232204,31.458649,29.937445,27.703766,24.503527,23.681858,18.989912,17.528183,13.527372,15.089966,10.086622,12.521936,16.324926,18.170822,20.75085,23.115208,24.112738,28.8012,26.245827,26.600925,24.41868,20.267763,19.668653,17.478039,19.24508,19.280064,16.926025,20.46834,18.71774,25.947474,24.617529,26.976263,23.78595,24.625282,21.569334,23.6364,22.295195,23.000875,24.061657,23.555058,27.031918,28.311642,31.82014,34.779713,33.715218,38.109974,39.180004,35.44551,33.733437,29.861893,33.306374,27.871511,28.77187,27.96522,27.068851,27.924932,25.608984,29.19783,32.04608,35.21559,36.74307,32.453007,34.294537,33.662903,33.32268,34.840874,31.552681,33.303318,33.357,32.51168,32.136356,31.974174,28.669744,30.608856,27.234966,30.61316
3,9.711383,5.4128046,5.0543146,0.0,3.7225761,6.1340466,7.972532,12.509473,14.589293,18.114933,20.573008,24.844349,26.014143,23.224703,26.520485,22.728842,23.581022,23.321829,25.334818,25.38492,25.888771,29.17158,29.121582,24.753273,23.787783,21.16962,20.299034,20.013664,18.219488,21.737501,18.936958,26.295753,25.122675,29.754795,29.845942,32.45183,34.07109,31.753643,29.926058,27.577341,24.870455,24.237213,19.204018,18.210245,14.326028,14.173124,11.178313,11.869375,16.579689,16.930576,20.136003,21.387089,22.82334,27.495682,24.461567,24.097704,21.483639,17.301575,16.026272,14.190573,14.763781,15.70461,12.544904,16.571455,14.971507,22.084923,21.35372,23.396124,19.659681,20.29982,16.976997,19.251791,17.707632,19.023272,19.858196,20.077858,23.390118,25.673302,28.539145,31.771505,31.571629,35.579723,37.20713,33.751316,31.562086,27.557577,30.476702,24.823639,24.995564,24.026144,22.715942,23.388865,20.783247,24.476934,27.212181,30.343475,32.15308,27.897772,30.05584,29.66229,29.640526,31.413649,28.529715,30.866623,31.384977,30.597406,29.720373,29.786568,25.780157,27.587843,23.923174,27.017366
4,12.535611,8.200792,6.822798,3.7225761,0.0,6.004469,4.9284873,10.143195,12.418527,15.647537,18.664305,23.031157,23.64463,20.702255,23.545439,19.512417,20.097252,19.70807,21.658768,21.67801,22.2829,25.552391,25.669926,21.326714,20.272738,17.646812,16.603514,16.310734,14.644307,18.238031,16.034618,23.133194,22.601202,27.14058,27.493715,30.083862,31.348316,29.156107,26.969542,24.45407,22.207973,21.15435,16.352066,15.143629,11.577851,10.548417,8.515913,8.72158,13.69691,13.663049,17.244213,18.137417,20.135744,24.64531,22.133135,21.684982,19.156357,15.080592,13.663198,11.219025,12.734669,12.540091,10.404986,14.425154,13.694761,20.6994,20.340252,22.900574,19.40275,19.493029,15.930063,17.47645,15.758995,16.256084,17.30672,16.882395,20.52569,22.424173,25.440718,28.628584,28.233465,32.18264,33.686844,30.139467,27.984127,23.9804,27.040573,21.41366,22.018457,21.163673,20.277971,21.330933,19.250055,23.01842,25.813215,28.888403,30.10687,25.741886,27.517603,26.856138,26.600117,28.214928,25.121435,27.267073,27.70175,26.95133,26.16882,26.418365,22.490908,24.61879,21.225357,24.610147
5,13.783066,10.479164,6.8650346,6.1340466,6.004469,0.0,7.1709137,7.684075,10.83,14.377657,15.989365,21.44746,22.018658,18.932156,22.700663,19.62069,20.72886,21.47757,23.241302,24.525705,25.16916,28.644993,28.935402,24.960224,24.166756,21.193012,19.77484,18.308455,16.015491,18.63627,14.6332445,22.213245,19.903955,24.96047,24.418076,26.91628,28.89558,26.443008,25.164139,23.195692,19.78723,20.207195,14.656779,14.820915,10.6133995,12.59851,10.619202,13.07996,17.63946,18.275572,22.001854,22.898872,25.443485,29.773623,27.82204,27.375324,24.858568,20.886602,19.107063,16.339882,17.18669,15.805691,12.809081,14.942286,12.689016,19.83111,18.090794,20.82169,18.332125,19.16934,16.704151,18.530857,18.203732,18.763372,21.288088,20.559647,25.06687,27.021414,29.793709,33.113613,32.66604,36.226456,37.501633,33.611,31.51973,27.507446,30.615992,24.683546,25.633741,24.068851,23.40776,23.566605,21.834845,24.583572,27.789644,31.247473,32.41761,29.114431,29.998674,30.194204,29.152584,31.616594,27.671658,29.857061,30.187244,28.586056,27.945055,26.867142,23.77799,24.984955,21.45275,24.685097
6,17.381254,13.02677,11.203976,7.972532,4.9284873,7.1709137,0.0,7.0961256,8.005981,10.953715,14.417944,18.449629,18.906496,16.105553,18.859955,14.847959,15.86653,15.694233,18.699593,18.89337,20.410318,23.506432,24.395847,20.236315,18.673285,16.325647,13.874467,13.30608,10.646007,14.521528,11.91283,18.931711,18.857912,22.773321,23.718468,26.549551,27.748777,25.977308,23.623508,21.147455,19.342579,18.745512,13.768618,13.528354,10.512873,8.476859,9.939487,9.583181,14.565312,13.278885,17.64083,17.117273,20.404871,24.41792,22.557396,21.459547,18.794636,15.163885,12.776564,9.785403,10.724153,8.679168,6.6453676,9.826491,9.8025875,16.468359,16.456083,19.437191,16.38385,15.955416,12.514228,13.324246,12.08807,11.997934,14.262192,13.425077,17.964096,20.30657,22.708824,26.136158,26.22489,29.481522,31.156717,27.55982,25.091333,21.0032,23.763075,17.779291,18.49567,17.138697,16.599068,17.399904,16.025904,19.310232,22.32503,25.516998,26.20179,22.405872,23.393085,23.154585,22.373245,24.57486,21.027834,23.506086,24.194576,23.017258,21.973032,21.86479,17.851051,19.734362,16.310116,19.763016
7,20.934145,17.315964,13.654066,12.509473,10.143195,7.684075,7.0961256,0.0,5.612683,8.013304,10.046445,16.308584,15.402615,11.857333,15.268117,12.513507,13.708857,15.296537,17.306034,19.483189,20.807749,24.10713,25.199032,21.78747,20.78503,17.990664,15.424709,12.965414,9.996796,11.738203,6.9732256,14.55718,12.614436,17.564215,17.402973,20.037865,21.673615,19.594433,17.971615,16.02167,13.087212,14.055677,8.235272,10.083647,7.0989947,8.952365,11.160801,13.209003,17.15823,16.898483,21.183016,20.810392,24.809044,28.347681,27.738287,26.90961,24.613214,21.324434,19.042616,15.554579,16.961481,12.675149,11.584014,11.349207,10.5006695,16.40195,14.883851,18.791687,17.64668,17.557674,15.599294,15.756461,16.244778,15.084024,19.123108,17.059345,22.559792,23.998129,26.413553,29.677574,29.155556,31.929123,32.933414,28.807585,26.723999,22.86334,25.930143,20.030935,21.943064,20.027933,20.45112,20.60951,20.376854,22.30168,25.708685,29.136011,29.021154,26.491837,25.85471,26.261723,24.14566,27.011593,22.118263,24.050003,24.282734,21.987131,21.506834,19.646135,17.430368,18.42686,15.51246,19.157835
8,23.97902,19.937277,17.23867,14.589293,12.418527,10.83,8.005981,5.612683,0.0,3.7345924,6.4429154,11.162446,11.447371,8.841083,12.841498,10.394191,13.001711,14.492383,18.636753,20.12017,22.646553,25.453413,27.300264,23.877619,22.107946,20.04608,16.138367,14.328768,10.122648,12.60852,7.091924,14.055192,12.8721895,15.843697,17.141842,20.396372,22.220243,21.03586,19.360065,17.631224,15.602796,17.260258,11.929599,14.419563,12.277593,11.903643,15.616971,16.212236,20.4944,18.867228,23.505098,21.850674,26.323082,29.600492,28.692131,27.073107,24.43711,21.48903,18.403238,15.4335985,14.965162,10.853581,8.714551,6.3727517,5.632749,10.819514,9.858889,13.831845,12.863706,12.344133,10.910211,10.696356,12.184817,11.532636,16.410965,15.143496,20.715557,23.47678,24.70299,28.30631,28.99181,30.923487,32.598305,28.869148,26.177227,22.289965,24.412678,18.23854,19.194439,16.557713,16.691763,15.982698,16.070045,17.203363,20.714521,24.24922,24.2044,22.506613,21.529427,22.841057,20.659914,24.429604,19.769274,22.67207,23.630028,21.096004,19.785755,17.640759,14.587657,14.645847,10.991677,14.152112
9,27.523907,23.434559,20.68482,18.114933,15.647537,14.377657,10.953715,8.013304,3.7345924,0.0,4.7229767,8.866143,8.005175,5.4002013,9.221801,7.3381696,10.544717,12.538024,17.193567,18.921799,21.937727,24.42121,26.739294,23.734718,21.823418,20.11229,15.663637,13.651139,9.246464,10.963559,5.578128,11.111696,10.762717,12.615071,14.751541,18.13948,19.68666,19.04712,17.187477,15.625804,14.407591,16.363855,11.796872,14.841981,13.7246895,12.896744,17.775759,18.074255,21.856161,19.82415,24.45295,22.160084,27.12977,29.908968,29.588911,27.773144,25.308208,22.841356,19.662502,16.693056,16.326319,11.226544,10.521669,6.608002,7.5363593,10.060662,9.685922,13.996802,14.002749,12.863739,12.050293,10.585228,12.63306,10.950794,16.47796,14.666178,20.423092,22.9823,23.754063,27.26502,28.093866,29.404556,31.016415,27.324043,24.59328,20.934217,22.748283,16.80362,18.112762,15.237099,16.04691,15.223827,16.35192,16.748444,20.195637,23.571585,22.72822,21.709568,19.722607,21.309925,18.46478,22.592125,17.506971,20.39662,21.444317,18.479364,17.07519,14.302661,11.739515,11.245044,7.961361,11.306415
10,29.635464,25.854086,22.747347,20.573008,18.664305,15.989365,14.417944,10.046445,6.4429154,4.7229767,0.0,7.3980665,6.7350106,4.8704653,10.123599,10.466894,13.803149,16.493832,20.63027,23.020496,25.88399,28.389235,30.707207,27.927698,26.2248,24.360239,20.099918,17.675125,13.506605,14.146858,7.8505044,12.299463,9.5742,11.001087,12.441198,15.980409,18.48328,17.95636,17.253248,16.540071,14.445023,18.00069,13.379538,17.345495,16.076221,16.765585,20.93911,22.01509,25.816532,24.240053,28.825573,26.7786,31.716047,34.529133,34.247086,32.471764,29.959778,27.37868,24.158426,21.24393,20.474089,15.869511,14.294308,9.936975,9.033411,10.11654,7.835526,12.303587,13.94747,13.54082,14.134971,13.203478,16.16256,15.169,20.798233,19.279558,24.970984,27.624758,28.194963,31.691109,32.571884,33.602406,35.101086,31.3594,28.733784,25.24522,26.907852,21.155241,22.355526,19.20498,19.884165,18.28886,19.428745,18.859156,22.371527,25.875118,25.17054,25.178349,22.725517,25.045841,21.894379,26.493265,21.26659,24.083582,25.066439,21.60923,20.338278,16.418169,15.06023,13.242305,10.339438,12.484003
11,34.339886,30.24733,28.024368,24.844349,23.031157,21.44746,18.449629,16.308584,11.162446,8.866143,7.3980665,0.0,5.6682434,8.1469555,11.3067255,12.426675,16.356134,18.286392,24.02979,25.353218,29.18231,31.026896,33.977627,31.276049,28.918861,27.881563,22.822924,21.35065,16.981234,18.207417,13.510447,15.641753,15.10879,13.129308,16.64823,20.235344,22.329601,22.943861,21.965046,21.363607,20.63912,23.770525,19.854084,23.435844,22.475851,21.557837,26.485735,26.413883,30.32143,27.653263,32.294693,29.147139,34.268856,36.66415,36.1273,33.61625,30.946087,28.97317,25.284355,23.198208,20.820547,17.18147,15.467859,10.004172,10.290532,5.636916,6.049974,9.0588,11.777078,10.366017,12.552167,10.675566,14.726479,14.40351,19.92602,19.494066,24.42099,28.26372,27.337591,30.950426,33.21916,33.14266,35.387646,32.3535,29.183517,25.992329,26.3119,20.974854,20.838406,17.138195,17.502867,14.673532,16.640362,14.240311,17.408594,20.680803,19.795082,21.558722,18.387815,22.058172,18.974228,24.488226,20.155298,23.911196,25.72548,22.385948,20.168863,16.464132,14.338972,10.870368,7.8704,7.201568
12,35.41409,31.36869,28.539171,26.014143,23.64463,22.018658,18.906496,15.402615,11.447371,8.005175,6.7350106,5.6682434,0.0,4.026863,6.1291814,8.849704,12.470113,15.212826,20.13074,22.270172,25.922081,27.673515,30.722984,28.57149,26.538242,25.455864,20.561169,18.459621,14.564759,14.411553,10.468199,10.467371,10.566012,7.701804,11.893072,15.383291,16.941242,17.843998,16.668327,16.287054,16.233332,19.462265,16.512333,20.384926,20.345152,19.719973,25.22634,25.453455,28.672968,26.289534,30.754097,27.664982,33.110893,35.120136,35.506042,33.326508,31.054342,29.274529,25.930914,23.305647,22.389793,17.21295,17.192759,11.986188,13.187563,10.716568,10.649618,14.405047,16.794786,15.297038,16.400568,13.910007,17.157307,15.154331,20.939104,19.10187,24.448397,26.998562,26.567932,29.822079,31.234877,31.078142,32.657463,29.30273,26.56075,23.648296,24.413513,19.483429,20.74909,17.437922,18.934477,17.190853,19.77681,18.11356,21.17033,24.151545,22.147009,23.424374,19.457813,22.29866,18.337122,23.411108,18.112837,20.969156,22.284052,18.419373,16.793688,12.048597,11.761597,8.28755,7.16219,8.164792
13,32.404762,28.4669,25.328094,23.224703,20.702255,18.932156,16.105553,11.857333,8.841083,5.4002013,4.8704653,8.1469555,4.026863,0.0,5.2721076,6.753216,10.093396,13.214585,17.378405,19.983923,23.15774,25.282238,27.991713,25.728418,23.990107,22.502613,17.980915,15.42491,11.595124,11.20458,6.535087,8.006416,7.490868,7.3244834,10.32303,13.825949,15.346343,15.476445,14.024809,13.269995,12.697497,15.807958,12.511218,16.455484,16.406702,16.245796,21.568878,22.183695,25.30329,23.37559,27.807629,25.232767,30.57667,32.801,33.28358,31.468657,29.283566,27.23021,24.143179,21.128126,21.066856,15.394364,15.654734,11.120194,12.164714,12.071797,11.393001,15.71657,17.325708,16.0907,16.323095,14.194401,16.807837,14.444946,20.197397,17.808414,23.521275,25.470413,25.87248,29.085697,29.773169,30.31248,31.547647,27.818668,25.33089,22.188534,23.727394,18.497784,20.428896,17.461992,19.04415,17.988636,20.096024,19.448093,22.705597,25.837389,24.063766,24.210642,20.861605,22.869171,19.070284,23.525492,17.852272,20.238403,21.110062,17.322815,16.205107,11.740373,11.443152,9.525388,8.043592,10.68449
14,35.669746,31.620607,28.59674,26.520485,23.545439,22.700663,18.859955,15.268117,12.841498,9.221801,10.123599,11.3067255,6.1291814,5.2721076,0.0,4.965306,7.367754,10.619923,14.692657,17.28537,20.823923,22.339561,25.51654,23.924793,22.139288,21.241192,16.593443,14.20549,11.280347,9.73403,8.626556,5.052422,8.878631,6.4643874,10.990354,13.858675,13.797303,14.814541,12.32087,11.450482,13.131411,15.096378,13.708127,17.05013,18.216967,17.012278,23.197313,23.202602,25.498241,23.16862,27.267862,24.103102,29.74495,31.228462,32.531677,30.67393,28.900688,27.511902,24.661678,21.728828,22.331583,16.020895,18.028568,13.819262,16.200665,15.34322,15.857921,19.894575,21.311117,19.463604,19.34231,16.345404,18.380713,14.850459,20.231451,17.05259,22.421112,23.509575,23.633741,26.418898,26.92365,26.80244,27.739992,24.130226,21.824589,19.235706,20.494963,16.196405,18.899273,16.361404,18.876726,18.508066,21.46123,20.81236,23.631315,26.235184,23.366966,23.609486,19.407307,20.900814,16.477692,20.540161,14.523335,16.24187,16.993895,12.843348,11.918332,6.690533,8.37072,6.692597,7.945709,10.598067
15,31.860245,27.69388,25.00124,22.728842,19.512417,19.62069,14.847959,12.513507,10.394191,7.3381696,10.466894,12.426675,8.849704,6.753216,4.965306,0.0,3.9348197,6.5099316,11.647243,13.469592,17.124918,18.92163,21.92283,19.779877,17.777323,16.827244,11.946736,9.898298,6.554336,6.4615545,6.563775,6.295267,10.696872,10.923739,14.377537,17.200377,16.985672,17.130707,13.871335,11.861888,13.411765,13.758476,11.804483,14.125394,15.110105,12.662438,19.165186,18.589611,20.97581,18.34564,22.544273,19.34518,24.937126,26.65519,27.676498,25.864393,24.056978,22.588068,19.842709,16.829443,17.92212,11.3217945,14.125359,10.928562,14.035936,14.770298,15.848431,19.925032,20.050095,18.036945,16.82429,13.880176,14.929818,10.917213,16.013266,12.482809,18.078817,19.124466,19.770805,22.732973,23.083544,23.709389,24.854877,21.121017,18.603937,15.4661255,17.247087,12.220774,15.149924,12.954735,15.4375105,15.892269,18.414772,18.883638,21.722553,24.354448,21.867756,20.723688,17.519371,18.103775,14.294114,17.750818,11.791479,13.788183,14.606484,11.243795,10.097455,7.344291,5.896116,7.039461,6.9089375,10.913019
16,32.19664,28.160759,25.394926,23.581022,20.097252,20.72886,15.86653,13.708857,13.001711,10.544717,13.803149,16.356134,12.470113,10.093396,7.367754,3.9348197,0.0,3.9773312,7.782712,10.116711,13.545816,15.2864895,18.301804,16.55861,14.850931,13.977145,9.544543,7.150115,5.6235847,3.7833848,7.932663,6.031669,11.78631,12.731772,15.579858,17.797998,16.694258,16.644712,12.63179,10.06053,12.747234,11.505312,11.046688,12.392126,14.366708,11.468591,18.172255,17.446463,18.930946,16.483393,20.262833,17.176052,22.811,24.148342,25.89623,24.458714,23.103367,21.918058,19.735668,16.56389,18.92925,12.038393,16.033855,13.912844,17.135992,18.545223,19.612513,23.729885,23.539324,21.519995,19.817417,16.930548,17.188358,12.6696005,16.843496,12.445453,17.714382,17.322947,18.70077,21.191954,20.57163,21.504644,22.040354,17.992985,15.949211,13.022763,15.540384,11.230982,15.337489,14.055072,16.961369,18.29306,20.750914,21.812023,24.430153,26.793987,24.003798,22.151514,19.146833,18.655888,14.941971,17.160355,11.029426,11.647717,11.70899,8.483617,8.393885,6.928769,6.797095,9.599872,10.426387,14.342592
17,31.793179,27.64777,25.462902,23.321829,19.70807,21.47757,15.694233,15.296537,14.492383,12.538024,16.493832,18.286392,15.212826,13.214585,10.619923,6.5099316,3.9773312,0.0,7.1181664,7.139973,11.376166,12.764691,16.004244,14.0061035,11.741424,11.569301,6.60723,5.931713,5.5074034,6.0205603,10.802428,9.957814,15.6596365,16.48209,19.549015,21.757797,20.462736,20.400452,16.176668,13.378982,16.192608,13.881798,13.557688,13.669847,15.55018,11.070423,17.90081,16.089113,17.272,14.023043,17.62993,13.852826,19.588556,20.669155,22.435394,20.828766,19.629347,18.890112,16.904135,14.052479,16.791103,10.147612,15.245613,14.116621,17.957495,19.52917,21.319225,25.132528,24.209103,21.907825,19.617811,16.601925,15.938227,11.059029,14.140726,9.332358,14.131642,13.376895,14.845212,17.29778,16.772575,17.905249,18.75709,14.870686,12.460876,9.212232,11.893533,7.5265117,12.117818,11.610172,14.713402,16.889929,19.282356,20.956514,23.217876,25.244173,22.394358,19.682472,17.253206,15.7984705,12.6579275,13.920655,8.199573,8.818469,9.17645,7.3304725,6.768082,8.418854,6.222794,10.561536,11.305014,15.113299
18,32.48137,28.890429,26.187578,25.334818,21.658768,23.241302,18.699593,17.306034,18.636753,17.193567,20.63027,24.02979,20.13074,17.378405,14.692657,11.647243,7.782712,7.1181664,0.0,5.430593,6.570181,8.556207,11.061658,10.330657,9.891125,9.039803,7.58023,5.5035734,8.960663,6.5427976,13.2907,11.444662,16.698627,18.913969,20.477758,21.67179,19.479418,18.772438,14.1638565,11.0467825,14.607118,10.047861,12.479824,11.060996,14.513185,11.226204,16.918545,15.947347,15.204746,13.647429,15.986049,13.817187,18.892796,19.484707,22.65827,22.270807,21.922201,21.22373,20.4055,17.235258,21.685116,15.321794,20.382893,20.022194,23.151358,25.749372,26.734312,30.876797,30.046843,28.12756,25.656122,23.12102,22.213005,17.572184,19.871572,14.80696,18.734207,15.452983,18.623652,19.967304,16.96379,19.118341,18.168407,13.49516,13.038435,10.914794,15.045009,12.790081,17.99492,18.311235,21.30206,23.816189,25.803095,27.891304,30.198807,32.19854,29.326279,26.172195,24.042665,21.850975,18.984844,18.77066,13.684005,11.610573,9.69343,8.703282,10.826761,12.269328,12.899759,16.763517,17.867588,21.76632
19,32.474598,28.69993,26.867487,25.38492,21.67801,24.525705,18.89337,19.483189,20.12017,18.921799,23.020496,25.353218,22.270172,19.983923,17.28537,13.469592,10.116711,7.139973,5.430593,0.0,4.969106,5.768234,9.079074,7.7103076,5.8148694,6.929921,5.1874,6.618648,10.047021,10.069322,16.292088,15.322793,20.952288,22.560661,24.897318,26.465233,24.40614,23.95593,19.345194,16.255722,19.57731,15.163483,16.56016,14.5910635,17.260496,12.191718,17.831715,15.287373,14.318935,11.310199,13.250332,9.677824,14.955783,15.001029,18.263512,17.552986,17.499807,17.579027,17.084028,14.598891,19.188263,13.681166,19.500599,19.978006,23.7113,26.152483,27.967352,31.723867,30.188787,27.941835,24.997627,22.33786,20.585146,15.917353,16.738327,11.72747,14.356785,10.192924,13.64733,14.7325115,11.681761,14.290451,13.880764,9.437072,8.382844,5.8827515,10.515249,9.134982,14.319702,15.628021,18.574749,21.834476,23.710957,26.30723,28.13402,29.679756,26.811472,22.841822,21.461908,18.269836,16.3421,14.822144,11.04761,8.827775,7.316488,8.761958,9.98481,13.845068,12.648389,17.30442,18.27594,21.931458
20,31.794952,28.489437,26.518896,25.888771,22.2829,25.16916,20.410318,20.807749,22.646553,21.937727,25.88399,29.18231,25.922081,23.15774,20.823923,17.124918,13.545816,11.376166,6.570181,4.969106,0.0,3.7548003,4.848014,4.168865,5.0651593,5.222201,7.681554,8.355764,12.766589,12.221529,18.491632,17.934034,22.81425,25.40379,26.849924,27.977272,25.741375,24.736778,20.227545,17.100124,20.10321,14.678872,16.952723,13.83448,16.897596,12.620679,16.757889,14.667666,12.147616,10.731571,11.258281,9.746417,13.7698,13.6921835,17.739222,18.162336,18.676304,18.585707,18.986004,16.399122,21.90598,16.852928,22.338442,23.437716,26.684658,29.980797,31.324945,35.224945,33.54141,31.585308,28.423685,26.201445,24.252968,19.907585,20.376226,15.571958,17.786882,12.652637,17.190422,17.672192,13.031864,16.80061,15.2793255,10.764888,11.34963,9.832345,14.595121,13.780477,18.68383,20.18428,22.81119,26.167355,27.576286,30.561466,32.48897,34.12597,31.548994,27.178501,26.274286,22.862257,21.254864,19.318287,15.98996,13.323911,11.122495,12.715709,14.617201,17.896437,17.315512,21.816366,22.569662,26.435362
21,35.1331,31.771858,30.04024,29.17158,25.552391,28.644993,23.506432,24.10713,25.453413,24.42121,28.389235,31.026896,27.673515,25.282238,22.339561,18.92163,15.2864895,12.764691,8.556207,5.768234,3.7548003,0.0,4.245092,5.9843717,6.3454003,8.238684,9.985603,11.270099,15.371836,14.713734,21.246498,19.719755,25.25011,27.08837,28.95806,29.993452,27.372345,26.796688,22.153938,19.199078,22.83932,17.538692,20.209036,17.4107,20.557806,16.074488,20.396297,17.937292,15.296611,13.374372,13.308087,10.996449,14.679003,13.335656,18.181583,18.450176,19.416292,20.104916,20.631096,18.531248,23.745405,18.91493,24.716665,25.62666,29.232058,31.914022,33.637054,37.441765,35.81618,33.616352,30.51978,27.979197,25.955227,21.430582,21.468666,16.733067,18.056538,12.175482,16.259867,15.972087,10.763595,14.059613,11.880205,7.4068747,8.943638,8.800929,13.076312,13.927525,18.828632,20.754372,23.633022,27.188269,28.931814,31.760336,33.37572,34.6464,31.636639,27.355743,26.246342,22.421547,20.931261,18.172031,15.572363,12.054524,9.514195,12.19454,14.265252,18.364943,18.077997,22.66296,23.9649,27.533445
22,34.023117,31.066698,29.421505,29.121582,25.669926,28.935402,24.395847,25.199032,27.300264,26.739294,30.707207,33.977627,30.722984,27.991713,25.51654,21.92283,18.301804,16.004244,11.061658,9.079074,4.848014,4.245092,0.0,4.584639,7.0820117,8.16201,11.962385,13.115263,17.531637,16.999596,23.257061,22.50455,27.364939,29.97185,31.263092,32.12206,29.58901,28.544874,24.08599,21.102995,24.193438,18.424889,21.206833,17.637997,20.6893,16.676842,19.640024,17.384108,13.708533,12.994291,11.654709,11.183891,13.417447,12.092044,17.262377,18.46964,19.81009,20.320507,21.530361,19.467127,25.240484,20.928299,26.43915,27.966082,31.224123,34.634293,36.078472,39.915993,38.019768,36.043884,32.69789,30.552576,28.27287,24.069456,23.741777,19.242052,20.314745,14.167674,18.985264,18.519142,12.646985,16.94033,14.463595,10.617866,12.5630245,12.323733,16.678001,17.262857,21.866402,23.909744,26.440657,30.102955,31.372265,34.609753,36.295185,37.657917,35.03963,30.300047,29.771687,25.798388,24.689926,21.799103,19.481918,16.230267,13.759187,16.256433,18.352224,22.128565,21.709831,26.30098,27.214205,30.974987
23,29.824764,26.71708,25.304205,24.753273,21.326714,24.960224,20.236315,21.78747,23.877619,23.734718,27.927698,31.276049,28.57149,25.728418,23.924793,19.779877,16.55861,14.0061035,10.330657,7.7103076,4.168865,5.9843717,4.584639,0.0,3.556655,3.940957,8.604413,10.345677,14.541698,15.066425,20.69499,21.315857,25.744764,28.728281,30.085657,31.366348,29.421814,28.15115,23.785603,20.585373,22.94329,17.472103,19.005716,15.25318,17.627277,12.9587555,15.814663,13.019095,9.6684675,8.411106,7.5596166,7.14503,9.98655,10.146201,14.149602,15.2023,16.07935,16.073118,17.253637,15.078584,21.03304,17.082123,22.374887,24.415562,27.523834,31.393755,32.83278,36.527817,34.27191,32.412014,28.852713,27.021523,24.50807,20.645657,20.111177,15.839663,17.156633,11.678438,16.978954,17.300974,12.299566,17.238285,16.010578,12.137475,12.682518,11.062381,15.723358,14.948435,19.1582,21.085766,23.200228,26.859396,27.686008,31.241978,33.0219,34.56787,32.487946,27.39338,27.449482,23.62669,22.859928,20.434105,18.055065,15.883367,14.114756,16.25458,17.670332,21.335987,19.842232,24.490725,24.714287,28.590303
24,29.677418,26.192959,25.039888,23.787783,20.272738,24.166756,18.673285,20.78503,22.107946,21.823418,26.2248,28.918861,26.538242,23.990107,22.139288,17.777323,14.850931,11.741424,9.891125,5.8148694,5.0651593,6.3454003,7.0820117,3.556655,0.0,3.6939864,6.1788373,9.066899,12.728217,14.003103,19.455946,20.196335,24.984755,27.44823,29.369276,30.988504,29.21979,28.24265,23.798203,20.561035,23.014288,18.076511,18.91246,15.7223215,17.734476,12.185206,16.0692,12.589706,10.487933,7.3833103,7.87005,4.803279,9.330553,9.6716795,12.997789,13.125878,13.647111,13.871518,14.606338,12.603283,18.213606,14.299299,19.889284,21.874569,25.312576,28.784739,30.605427,34.130974,31.773506,29.720419,26.149977,24.13309,21.500444,17.569704,16.788176,12.511914,13.678703,8.379089,13.5925255,14.300919,10.158568,14.915944,14.579906,10.837176,10.332741,8.03688,12.639134,11.567807,15.622379,17.672213,19.79194,23.55633,24.494022,28.018879,29.664417,31.103071,28.995117,23.857685,23.994015,20.110094,19.533672,17.118855,14.985559,13.343337,12.167299,14.465229,15.287388,19.381557,17.1672,21.920553,22.070076,25.78974
25,26.911516,23.545942,21.97359,21.16962,17.646812,21.193012,16.325647,17.990664,20.04608,20.11229,24.360239,27.881563,25.455864,22.502613,21.241192,16.827244,13.977145,11.569301,9.039803,6.929921,5.222201,8.238684,8.16201,3.940957,3.6939864,0.0,5.501123,7.1811137,11.068576,12.276289,17.29496,18.892828,22.884287,26.12309,27.473944,29.050478,27.582117,26.18597,21.969944,18.69071,20.472248,15.477271,15.979111,12.39518,14.298658,9.13796,12.614691,9.711807,7.5434737,5.5421996,6.9492235,6.102645,10.251837,11.905412,14.376419,14.857555,14.879393,14.041248,14.6142025,11.896174,17.847837,13.581805,18.649647,20.742937,23.678867,27.825687,29.115839,32.797977,30.50087,28.759851,25.201618,23.547995,21.145647,17.435085,17.382038,13.098543,15.405368,11.273205,16.37053,17.598577,13.8390255,18.460089,18.067606,14.029174,13.517747,10.773879,15.487154,13.148966,17.192339,18.62548,20.520678,23.923452,24.558834,28.123934,30.13779,31.977823,30.225689,25.233797,25.347546,22.034824,21.122267,19.595324,16.616467,15.404139,14.164172,15.477964,16.425245,19.506668,17.451084,21.942574,21.656088,25.652803
26,27.67766,23.747993,22.088417,20.299034,16.603514,19.77484,13.874467,15.424709,16.138367,15.663637,20.099918,22.822924,20.561169,17.980915,16.593443,11.946736,9.544543,6.60723,7.58023,5.1874,7.681554,9.985603,11.962385,8.604413,6.1788373,5.501123,0.0,4.0642023,6.6646037,8.895655,13.648695,15.166253,19.671333,22.064682,24.20284,26.23828,25.046047,24.144825,19.908257,16.695524,18.666061,14.830527,14.360508,12.290772,13.841099,7.8841195,13.722784,10.800693,11.192085,7.576801,11.029424,7.685944,13.267777,14.938662,16.508568,15.584449,14.697801,13.76348,12.844702,9.840907,14.662434,9.178845,14.7813635,16.033928,19.485886,22.844002,24.503931,28.138868,26.09901,24.082293,20.791817,18.655876,16.604498,12.409487,13.290767,8.48505,12.19044,9.881899,13.62728,15.792665,13.906803,17.19542,17.823542,13.842415,11.956811,8.217296,12.421798,8.503778,12.737204,13.57799,15.773209,18.92012,20.059437,23.160446,25.2597,27.198912,25.22336,20.787487,20.30276,17.567259,16.15704,15.653006,11.899753,11.822148,11.498932,11.974381,12.056928,14.961831,12.118624,16.605345,16.26541,20.192747
27,27.547812,23.74566,21.282478,20.013664,16.310734,18.308455,13.30608,12.965414,14.328768,13.651139,17.675125,21.35065,18.459621,15.42491,14.20549,9.898298,7.150115,5.931713,5.5035734,6.618648,8.355764,11.270099,13.115263,10.345677,9.066899,7.1811137,4.0642023,0.0,4.5274067,5.263949,10.483746,11.95995,16.02787,19.016748,20.60705,22.486904,21.3741,20.2341,16.102236,12.867621,14.624102,10.872995,10.502534,8.822378,10.941069,6.2034826,12.613694,11.242554,11.893394,9.804978,13.362132,11.277335,16.512098,18.352076,20.086552,19.444149,18.431026,16.971712,15.79,12.297723,16.7357,10.47092,15.252303,15.650868,18.59492,22.12406,23.092945,27.083035,25.633806,23.88617,21.019205,18.966284,17.724554,13.541919,15.845964,11.109407,15.736245,13.867057,17.250202,19.450165,17.390486,20.270515,20.42026,16.051577,14.567222,11.157475,15.274793,11.106538,15.502783,15.506264,17.808317,20.266577,21.559649,24.158602,26.655264,28.954058,26.924505,23.236568,22.034836,20.096973,17.855095,18.283499,13.442019,13.217191,12.50064,11.631123,12.235041,13.528358,11.8638115,15.783278,15.492729,19.672934
28,26.75719,22.66787,20.169907,18.219488,14.644307,16.015491,10.646007,9.996796,10.122648,9.246464,13.506605,16.981234,14.564759,11.595124,11.280347,6.554336,5.6235847,5.5074034,8.960663,10.047021,12.766589,15.371836,17.531637,14.541698,12.728217,11.068576,6.6646037,4.5274067,0.0,4.769523,7.13122,10.294929,13.696964,16.387915,18.403227,20.860744,20.514818,19.564411,15.916468,13.013723,13.908363,12.051391,9.7004175,9.836905,10.626934,6.408984,13.204271,12.153605,14.457777,12.004736,16.30003,13.834687,19.131765,21.421555,22.184671,20.921062,19.223097,17.332893,15.190997,11.660293,14.584752,7.82266,11.776911,11.330466,14.278867,17.642567,18.584696,22.564737,21.270544,19.539288,16.946775,14.871217,14.230877,10.264417,13.876261,9.7427635,15.348002,15.479506,17.775196,20.667068,19.972902,22.210617,23.13099,19.078629,16.852842,13.11046,16.269518,10.853565,14.270091,13.227964,15.206466,16.921474,18.233585,20.419947,23.195377,25.81778,24.098618,21.008928,19.600529,18.690393,16.20528,18.028502,12.8602295,14.1678705,14.378852,12.600951,12.154594,12.205331,9.528333,12.704574,11.5565405,15.818378
29,29.82161,26.0321,22.916246,21.737501,18.238031,18.63627,14.521528,11.738203,12.60852,10.963559,14.146858,18.207417,14.411553,11.20458,9.73403,6.4615545,3.7833848,6.0205603,6.5427976,10.069322,12.221529,14.713734,16.999596,15.066425,14.003103,12.276289,8.895655,5.263949,4.769523,0.0,6.7786565,6.8115983,11.038537,13.886511,15.420082,17.344105,16.364933,15.4535265,11.4434185,8.416904,10.381011,8.233102,7.7751822,8.650385,10.999177,8.850594,15.166394,15.137872,16.395952,14.853101,18.53346,16.452839,21.76877,23.485973,25.259863,24.359158,23.093607,21.483406,19.68711,16.133938,19.34192,12.525283,16.253338,14.918569,17.48189,20.178759,20.582394,24.870947,24.454308,22.829313,20.832144,18.543972,18.531311,14.359582,18.232174,13.755138,19.090588,18.104658,20.480011,22.86133,21.379318,23.211386,23.301355,18.90554,17.370037,14.3130045,17.680738,13.327071,17.5795,16.574207,19.106321,20.601881,22.439726,24.016474,26.817692,29.379833,27.05104,24.642145,22.289076,21.488401,18.212109,19.937965,14.086319,14.1659355,13.582569,10.907604,11.573351,10.382606,10.380803,13.0926485,13.191391,17.320215
30,27.59218,23.808966,20.339096,18.936958,16.034618,14.6332445,11.91283,6.9732256,7.091924,5.578128,7.8505044,13.510447,10.468199,6.535087,8.626556,6.563775,7.932663,10.802428,13.2907,16.292088,18.491632,21.246498,23.257061,20.69499,19.455946,17.29496,13.648695,10.483746,7.13122,6.7786565,0.0,7.660554,7.3813477,11.376661,12.300974,15.091615,15.999542,14.7582245,12.453337,10.549198,9.265806,10.805066,6.5430336,10.044674,9.990524,10.24053,15.338119,16.419415,19.286259,18.107037,22.395632,20.743172,25.76179,28.325457,28.906145,27.723764,25.75447,23.344622,20.848045,17.301147,18.872557,12.750211,13.825183,11.395018,12.4558935,15.594246,14.818889,19.260277,19.367683,18.375317,17.10359,15.574132,16.728031,13.930586,18.932156,15.780795,21.665663,22.540539,24.319052,27.361256,26.897299,28.639364,29.389023,25.21253,23.162622,19.71148,22.44632,17.014473,19.815327,17.687483,19.273964,19.448187,20.750246,21.718699,25.01365,28.16418,26.730461,25.122316,22.914505,23.517517,20.306517,23.49636,17.767529,19.338297,19.514761,16.387014,16.061253,13.1427355,12.315507,12.96441,11.328086,15.201651
31,34.79785,31.023283,27.571812,26.295753,23.133194,22.213245,18.931711,14.55718,14.055192,11.111696,12.299463,15.641753,10.467371,8.006416,5.052422,6.295267,6.031669,9.957814,11.444662,15.322793,17.934034,19.719755,22.50455,21.315857,20.196335,18.892828,15.166253,11.95995,10.294929,6.8115983,7.660554,0.0,6.970824,7.477754,9.838924,11.869303,10.883704,11.205027,7.808574,6.451497,9.064731,10.387582,10.362843,13.519648,15.572111,15.1061125,21.018417,21.575455,23.13365,21.58257,25.307281,22.844088,28.342327,29.739765,31.653248,30.387753,28.973764,27.49631,25.194971,21.851572,23.783947,17.009628,19.698214,16.486427,18.621216,19.355541,19.295145,23.626417,24.687977,23.10974,22.390024,19.740227,21.099792,17.183378,22.105532,18.13147,23.562551,23.313795,24.505253,26.906246,26.159548,26.68692,26.797804,22.697489,21.106781,18.663506,20.927711,17.01159,20.78529,18.932201,21.661104,22.053976,24.63884,24.794098,27.671309,30.281715,27.43557,26.760942,23.01028,23.509035,19.240183,22.199505,15.9043455,16.261414,16.00904,11.864962,12.327162,7.750938,10.6828165,10.935185,12.149997,15.400291
32,33.17935,29.823792,25.783445,25.122675,22.601202,19.903955,18.857912,12.614436,12.8721895,10.762717,9.5742,15.10879,10.566012,7.490868,8.878631,10.696872,11.78631,15.6596365,16.698627,20.952288,22.81425,25.25011,27.364939,25.744764,24.984755,22.884287,19.671333,16.02787,13.696964,11.038537,7.3813477,6.970824,0.0,6.664082,5.0891466,7.7598433,9.523334,8.45956,8.05444,8.295901,6.1605763,11.164855,9.096633,13.774564,14.58576,16.718153,21.071829,23.026245,25.253345,24.679052,28.610659,27.119669,32.232807,34.378906,35.65065,34.605873,32.842213,30.606148,28.168644,24.619919,26.0794,19.900839,20.744417,17.334778,17.660164,19.108236,17.31202,21.700386,23.463594,22.804026,22.713337,21.073206,23.119087,20.34816,25.70511,22.413353,28.234638,28.646156,30.149897,32.894726,32.14869,33.21776,33.39846,29.138195,27.564024,24.742115,27.25596,22.595251,25.748804,23.405195,25.362442,24.966978,26.82275,26.738895,30.0323,33.15311,31.195427,30.821186,27.504799,28.720524,24.716558,28.264172,22.092485,22.992714,22.781641,18.787184,19.078857,14.271258,16.222963,15.366,15.048412,17.918007
33,38.49415,34.801476,31.18977,29.754795,27.14058,24.96047,22.773321,17.564215,15.843697,12.615071,11.001087,13.129308,7.701804,7.3244834,6.4643874,10.923739,12.731772,16.48209,18.913969,22.560661,25.40379,27.08837,29.97185,28.728281,27.44823,26.12309,22.064682,19.016748,16.387915,13.886511,11.376661,7.477754,6.664082,0.0,5.522006,8.35955,9.418752,11.01354,10.592423,11.49279,12.004872,16.098358,15.029144,19.314407,20.426888,21.106339,26.45121,27.518467,29.769,28.244444,32.267967,29.721186,35.247486,36.849922,38.32015,36.721096,34.942787,33.253624,30.445677,27.295397,27.892368,21.729507,22.830708,18.330778,19.372946,18.270235,17.292437,21.246151,23.893139,22.723244,23.44372,21.028852,23.691467,20.765337,26.356302,23.316832,28.815813,29.710562,30.05319,32.72761,32.85079,32.703987,33.192112,29.425043,27.558716,25.205574,26.653889,22.594309,25.33926,22.666262,24.933968,24.012283,26.745777,25.548092,28.515444,31.295685,28.61862,29.595402,25.174406,27.155775,22.614658,26.79228,20.766884,21.970337,22.272194,17.826908,17.589125,11.698457,14.779976,12.333651,13.312662,14.921578
34,37.811516,34.567947,30.439636,29.845942,27.493715,24.418076,23.718468,17.402973,17.141842,14.751541,12.441198,16.64823,11.893072,10.32303,10.990354,14.377537,15.579858,19.549015,20.477758,24.897318,26.849924,28.95806,31.263092,30.085657,29.369276,27.473944,24.20284,20.60705,18.403227,15.420082,12.300974,9.838924,5.0891466,5.522006,0.0,3.6314316,6.878528,7.1745296,8.920259,10.764485,9.358268,14.805058,13.842183,18.447474,19.446245,21.76532,26.053392,28.102282,30.186834,29.598595,33.451096,31.780409,37.011646,38.90366,40.431805,39.28945,37.56137,35.4765,32.930218,29.47184,30.602695,24.456755,25.149776,21.168898,21.303596,21.489534,19.424976,23.47184,26.18047,25.613253,26.235804,24.465637,27.010218,24.324856,29.871403,26.670807,32.400684,32.84531,33.936954,36.56603,35.96808,36.458473,36.500732,32.380898,30.928102,28.473053,30.59936,26.36828,29.45302,26.926012,29.009447,28.204771,30.411598,29.611954,32.809734,35.838017,33.57979,34.096172,30.130754,31.836842,27.467758,31.31764,25.12517,25.878498,25.666632,21.337389,21.70593,16.134132,19.20651,17.409155,17.764467,19.768448
35,39.98831,36.95157,32.62173,32.45183,30.083862,26.91628,26.549551,20.037865,20.396372,18.13948,15.980409,20.235344,15.383291,13.825949,13.858675,17.200377,17.797998,21.757797,21.67179,26.465233,27.977272,29.993452,32.12206,31.366348,30.988504,29.050478,26.23828,22.486904,20.860744,17.344105,15.091615,11.869303,7.7598433,8.35955,3.6314316,0.0,4.612862,5.0022745,8.35587,11.047793,9.881796,15.207144,15.368578,19.696566,21.115765,23.856995,27.848314,30.169346,31.809614,31.591286,35.169094,33.75994,38.90242,40.609814,42.52308,41.609768,40.076733,38.054672,35.719917,32.163624,33.717426,27.408316,28.399698,24.621218,24.777046,25.120264,22.99514,27.001127,29.75651,29.234299,29.783918,27.997793,30.406094,27.5178,32.941875,29.464188,35.12991,35.036385,36.35827,38.752304,37.703293,38.192513,37.81534,33.628933,32.559235,30.377323,32.67649,28.834965,32.274273,29.947407,32.21481,31.604198,33.87337,33.154556,36.317127,39.280907,36.824955,37.29315,33.201015,34.678535,30.200642,33.736088,27.478443,27.684208,27.113136,22.805967,23.638126,18.13606,21.88391,20.335928,21.083555,23.107946
