,0,1,2,3,4,5,6,7,8,9,10,11,12,13,14,15,16,17,18,19,20,21,22,23,24,25,26,27,28,29,30,31,32,33,34,35,36,37,38,39,40,41,42,43,44,45,46,47,48,49,50,51,52,53,54,55,56,57,58,59,60,61,62,63,64,65,66,67,68,69,70,71,72,73,74,75,76,77,78,79,80,81,82,83,84,85,86,87,88,89,90,91,92,93,94,95,96,97,98,99,100,101,102,103,104,105,106,107,108,109,110,111
0,0.0,4.693891,6.6657143,8.842564,12.1391115,13.561708,17.302458,21.403929,22.521791,27.624352,29.805033,34.228817,31.758612,29.455257,25.443901,23.49795,19.241241,19.011278,14.5828905,13.635751,10.221215,11.10653,10.75099,9.592089,11.448758,14.559418,16.538904,15.039811,16.663216,14.377282,18.050653,15.384746,22.61036,18.971292,23.518682,25.06722,25.390354,25.618408,20.873028,17.270763,22.988693,19.489428,21.973288,21.401966,19.38363,19.505884,20.24562,19.074911,21.744505,26.113014,26.637182,28.84713,28.360546,31.055168,26.405083,27.574009,26.424395,25.080774,29.249731,27.483852,24.846722,30.125042,30.224016,32.79434,37.426006,36.409657,39.91253,37.371563,38.552795,36.285133,33.432323,32.215096,27.522451,27.494736,23.64727,22.987055,19.979336,17.31003,18.619844,13.185259,13.544266,17.576368,16.630806,14.85055,19.202286,22.040009,18.115215,17.730042,22.148567,23.385809,21.834501,24.00868,27.618738,26.324314,26.182573,29.00325,31.567844,30.663637,31.659302,34.719463,35.17149,34.907738,35.462337,38.446747,40.251442,38.290203,36.182198,34.330914,29.04768,30.648462,26.43463,28.27694
1,4.693891,0.0,5.270063,6.4389343,8.86441,11.828879,14.216745,19.26294,20.016087,25.464806,27.92029,32.197823,30.2428,28.211172,24.12014,21.894323,17.91889,16.89596,12.750458,10.574116,8.428726,7.453197,9.154451,7.0454335,10.69447,13.530713,13.870427,12.646758,13.526741,12.771158,15.381604,14.35633,21.555029,18.760574,23.264671,25.146698,26.170483,26.011593,21.436409,17.644003,22.44472,18.607195,20.303553,18.9226,17.644037,16.818384,18.083773,15.828707,19.026674,23.145557,24.311247,26.18586,26.561775,29.392176,25.254114,26.943504,25.558804,24.95609,29.529074,27.60391,24.69447,29.460857,28.88942,31.523046,35.790348,34.846584,37.741642,35.33673,36.05019,33.35582,30.770916,29.091438,24.369152,24.283815,20.148712,19.927664,16.584515,14.419997,15.379633,10.232059,9.099711,13.066592,11.937255,10.337802,14.918506,17.435295,13.731846,13.777651,18.015335,19.170233,18.053726,20.524015,23.545803,22.545216,22.969305,25.623337,28.007324,27.473745,28.921648,31.405724,31.887835,32.389965,32.928577,35.438213,37.00875,35.179897,33.31214,31.29603,26.435583,28.475243,24.440117,26.900019
2,6.6657143,5.270063,0.0,5.1376953,7.3059177,8.192999,12.147074,15.714275,17.533777,21.876966,25.185272,29.171549,26.580067,24.801224,20.26551,18.90945,14.7074175,14.820457,11.001818,10.523779,9.183869,10.8328495,13.142182,12.047228,15.57425,17.843864,18.150904,15.951992,15.732825,14.597413,15.341114,13.934519,19.570105,15.792838,20.727558,21.873875,23.310411,23.788628,19.239685,16.018099,21.4496,18.82523,19.991425,19.996696,19.936646,19.265392,21.606329,19.27072,23.068573,27.077545,28.133999,29.166784,30.134773,32.278736,27.99229,29.345705,27.170294,26.44924,30.895681,28.090479,25.066349,29.366163,28.862774,30.872059,35.635925,33.662956,36.822628,33.710117,34.258564,31.82673,28.772242,27.013878,22.571815,21.755976,17.989973,16.756819,13.6667185,10.731762,12.305406,7.1424437,9.235135,13.118194,13.567386,11.317424,14.365515,18.556032,15.656869,14.365216,18.358576,20.505123,19.557844,20.630571,23.98176,24.272953,24.016876,26.001244,29.150402,28.950357,29.467052,31.988909,33.38125,33.81274,33.669575,36.060112,37.47121,35.057014,33.395695,30.638222,26.156921,27.520552,23.270838,25.40209
3,8.842564,6.4389343,5.1376953,0.0,3.6715124,5.854951,8.506702,13.191854,13.809153,19.389624,21.51854,25.84829,23.919716,21.81194,17.887424,15.458324,11.540338,10.561893,6.45948,5.566967,4.5684447,7.728866,10.303645,10.708256,14.0676565,15.09665,15.08863,11.983976,11.158393,9.989627,10.262147,9.25222,15.407015,12.832025,17.289776,19.243048,20.792059,20.510075,16.173374,12.603886,17.050644,14.075185,15.0035,14.896735,15.269155,14.613592,17.574995,15.464668,19.566776,23.496725,24.225561,24.660448,25.992926,27.69885,23.532452,24.931705,22.444347,22.086836,26.693617,23.76262,20.61426,24.655346,23.90619,26.066814,30.641176,28.99447,32.038467,29.250937,30.00408,27.582785,24.723719,23.372974,18.689106,18.799372,15.067119,14.811339,12.445794,10.547442,13.256551,9.421297,9.014641,12.459713,12.175327,8.738446,11.753137,15.885062,12.356038,10.191483,14.484953,16.629288,15.115115,15.969192,19.918829,19.849297,19.10023,21.217373,24.450495,24.063046,24.39673,27.147392,28.53951,28.730595,28.557003,31.07732,32.613453,30.25094,28.436884,25.969309,21.186506,22.718952,18.531624,20.890224
4,12.1391115,8.86441,7.3059177,3.6715124,0.0,5.1922426,5.3597527,10.943744,11.33374,16.973822,19.58319,23.624863,22.10065,20.385519,16.39036,13.937068,10.573429,8.920508,6.0328145,4.292724,6.549642,8.318025,12.213554,12.363564,16.224115,16.863375,15.664306,12.683471,10.598378,11.048898,8.924005,10.072875,14.888523,13.205905,17.36914,19.353348,21.601418,21.142918,17.248611,14.009426,17.331444,14.671669,14.445389,14.064621,15.735782,14.288793,17.999323,15.08619,19.633757,23.118717,24.284475,24.0733,26.318428,27.838299,24.190859,25.855433,23.016483,23.265778,27.98691,24.782354,21.504623,24.766926,23.422663,25.372257,29.675095,27.778301,30.28013,27.416029,27.643562,24.891201,22.15512,20.308033,15.665614,15.513155,11.564512,11.607797,9.167107,8.019404,10.868744,8.388125,7.2599173,9.901127,10.195598,6.4268446,8.277226,13.047984,10.303295,7.5931654,11.438127,14.058015,13.090944,13.429673,16.929008,17.79399,17.273615,18.857231,22.224297,22.347021,22.717438,24.88296,26.669947,27.539148,27.088963,29.083246,30.328955,27.880716,26.390392,23.49025,19.35081,21.060255,17.083235,19.935719
5,13.561708,11.828879,8.192999,5.854951,5.1922426,0.0,6.038825,7.857515,9.780493,14.063948,17.041574,21.021742,18.522154,16.710709,12.317836,10.770285,6.7062182,7.4145503,5.1185207,7.583646,8.671746,12.875516,15.6595745,16.485851,19.774176,20.292864,20.048218,16.398794,14.407111,13.314104,10.601424,9.827583,12.434658,9.196064,13.873745,15.033143,17.504934,17.751572,13.895629,11.471272,15.688605,14.671374,14.391121,16.121166,18.198845,17.645182,21.610632,19.49283,23.959702,27.535597,28.152464,27.508419,29.617838,30.438663,26.417896,27.462378,24.075966,23.83054,28.148762,24.211466,21.018053,23.988073,23.137917,24.38514,29.367378,26.443535,29.635445,26.027075,26.519838,24.458553,21.065283,19.739878,15.526375,14.906901,12.005735,10.640086,9.566006,7.5529304,11.703882,9.808239,11.551089,14.007285,15.129133,11.474144,11.861848,17.478886,15.176812,11.623324,14.897467,18.077572,16.84212,15.650299,19.864653,21.394985,19.775146,20.835957,24.914478,24.976412,24.082369,26.742144,29.263943,29.412127,28.350311,30.588816,31.874292,28.82691,27.33817,23.980791,19.922739,20.512451,16.247713,18.21044
6,17.302458,14.216745,12.147074,8.506702,5.3597527,6.038825,0.0,6.8143334,6.2760806,12.231924,14.784028,18.56997,17.58753,16.19672,12.5769825,9.874022,7.850259,5.4104424,5.858162,5.934918,9.923802,12.222245,16.069424,16.935324,20.54512,20.297882,18.558067,15.138273,11.769226,12.883849,7.456918,10.4494295,12.114423,11.925122,15.163179,17.152267,20.214903,19.4847,16.496351,14.100744,15.68766,14.274111,12.408247,12.953214,16.55768,14.925276,19.64614,16.746572,21.529955,24.406574,25.471642,23.981808,27.251232,27.885384,24.74826,26.30721,22.712044,23.52361,28.0808,24.22807,20.913837,22.856676,20.95417,22.280283,26.44738,23.863535,25.969109,22.788656,22.594616,19.803411,16.962164,14.996504,10.436909,10.359072,6.8196006,7.4935956,6.999006,7.66922,11.384786,11.454589,10.605227,11.502457,12.498219,8.752645,7.1853447,12.770471,11.328789,7.0949006,9.279856,12.853632,12.116491,10.23581,13.964247,16.34892,15.031264,15.517586,19.569502,20.196606,19.646936,21.47561,24.239904,25.328465,24.13653,25.672707,26.642195,23.738165,22.58769,18.99769,15.661203,17.003977,13.289544,16.410961
7,21.403929,19.26294,15.714275,13.191854,10.943744,7.857515,6.8143334,0.0,4.715667,6.237312,10.671212,13.747775,11.48865,10.669281,6.210326,5.844915,5.2822037,6.629542,9.230394,12.030903,14.93769,18.653166,21.922665,23.09586,26.464993,26.190071,25.077175,21.236567,17.980865,17.975485,12.256369,13.553426,10.961104,10.054071,12.694875,13.205041,17.18813,17.297342,15.236555,14.518572,15.984368,16.971523,14.599531,17.437012,21.567673,20.66089,25.574678,23.241121,27.949778,30.757578,31.432693,29.336395,32.708206,32.521584,29.27165,30.216784,25.985489,26.477736,30.455614,25.727476,22.62729,23.547188,21.980553,22.034042,26.749405,22.485239,25.042583,20.673183,20.309742,18.451689,14.686385,13.152022,10.054977,8.527197,7.8715053,5.8811417,8.559022,8.925175,13.232998,14.598926,16.136627,16.82174,18.756262,15.325984,12.747941,18.653555,18.010395,13.661074,14.762237,18.63469,17.976416,14.410103,18.140692,21.647821,19.320883,18.719816,23.447777,24.278057,22.141699,24.082972,27.948547,28.499462,26.366978,27.766228,28.51425,24.792393,23.995169,19.518766,17.241295,16.857265,13.335733,15.199181
8,22.521791,20.016087,17.533777,13.809153,11.33374,9.780493,6.2760806,4.715667,0.0,7.4668884,8.541377,12.394793,11.944414,10.582768,8.240694,4.91142,6.177224,4.4126,8.579461,10.74337,14.239363,17.619493,20.70964,22.449547,25.497105,24.483923,23.020132,19.057207,15.375649,15.889062,9.176196,11.887292,8.792026,10.597893,11.959345,13.774531,17.509577,16.514692,14.955851,13.994011,13.516844,14.275873,11.013412,13.660015,18.514637,17.49371,22.673727,20.581371,25.171167,27.617392,28.08643,25.421766,29.18118,28.614729,25.79311,26.841824,22.471704,23.514482,27.519653,22.911304,19.805117,20.135958,18.019466,18.260014,22.550047,18.804771,20.975008,17.122759,16.910946,14.751696,11.311459,10.309631,6.361428,7.271014,6.811497,7.6648197,10.3936405,11.762637,15.796753,16.967402,16.777763,17.108232,18.241983,14.627163,11.915982,16.914762,16.092487,11.432468,11.958819,15.615652,14.60313,10.290246,14.547506,17.823317,14.987244,14.193662,19.042648,19.802387,17.446363,19.465141,23.38692,23.878836,21.68128,23.076548,23.921818,20.272747,19.335194,15.067722,12.558391,12.515608,9.152373,11.827747
9,27.624352,25.464806,21.876966,19.389624,16.973822,14.063948,12.231924,6.237312,7.4668884,0.0,7.6991167,8.604842,6.6231184,7.779906,5.3460636,7.291722,9.872035,11.171277,14.857877,17.603825,20.78223,24.364605,27.653957,29.019176,32.327698,31.674307,30.277246,26.399328,22.76149,23.084034,16.62726,18.432547,13.223392,13.816526,14.524831,14.245421,18.746244,18.857693,18.301708,18.721977,18.540585,20.806814,17.56205,20.944332,25.87891,24.949974,30.140322,27.88346,32.53971,34.855957,35.466637,32.522583,36.51501,35.62099,32.904728,33.66955,29.039227,29.883759,33.418064,28.311272,25.488487,24.913906,23.039968,22.015749,26.284563,20.933027,22.863256,17.858078,16.641375,15.39418,11.418036,10.075657,9.475695,7.2949467,9.882142,8.259875,12.539999,13.846492,17.442127,20.03707,21.556835,21.463861,23.667599,20.543287,16.921825,22.306585,22.57475,18.21981,18.010887,21.862553,21.548616,16.83836,19.799763,24.347971,21.614082,19.827276,24.693256,25.98794,22.89755,24.213324,28.9768,29.655958,26.741703,27.439777,27.714827,23.51699,23.37818,18.212936,17.825428,16.408033,14.150608,15.347977
10,29.805033,27.92029,25.185272,21.51854,19.58319,17.041574,14.784028,10.671212,8.541377,7.6991167,0.0,5.0835733,6.3776975,5.035734,7.996805,6.5079255,10.938068,11.153055,15.476727,18.506207,21.268284,25.410837,27.68529,30.159807,32.589222,30.930685,29.96321,25.64008,22.11497,21.836437,15.562566,17.026896,9.560823,13.187918,11.210635,12.103799,16.015854,14.788417,15.80753,16.929516,14.0355625,17.50378,13.734655,18.177147,23.338655,23.174124,28.302444,27.221182,31.382032,33.419456,33.127724,29.448023,33.32973,31.378254,28.969185,29.22672,24.280003,25.353811,28.238752,22.97603,20.577312,18.575745,16.66816,14.878531,19.093063,13.317489,15.850567,10.68039,10.959394,11.179769,7.007081,9.528924,9.294401,11.027408,13.643881,14.111402,18.010286,19.381824,23.412804,25.013098,25.313507,25.48583,26.618114,23.031265,20.07765,24.464935,23.876516,19.228485,18.969788,22.180206,20.892185,15.544324,19.541193,22.916693,18.824919,16.925995,21.869999,22.496635,17.995865,20.267649,25.173399,24.508307,21.131723,22.407612,23.114779,18.689316,18.069021,13.654805,12.913413,10.0344305,8.780045,8.748361
11,34.228817,32.197823,29.171549,25.84829,23.624863,21.021742,18.56997,13.747775,12.394793,8.604842,5.0835733,0.0,5.499783,7.087986,10.4763975,10.931009,15.230775,15.7501955,20.113132,22.94353,26.000177,29.83059,32.455715,34.67475,37.347954,35.768673,34.46781,30.325949,26.586452,26.746887,20.181862,22.042223,14.585595,17.687649,15.685407,15.6727915,19.68266,18.884884,20.361914,21.807625,18.939127,22.543098,18.635773,22.709389,28.125422,27.680954,32.892555,31.503054,35.71491,37.45383,37.393394,33.382473,37.68517,35.559673,33.552624,33.843597,28.869934,30.129705,32.79214,27.514782,25.314163,22.65685,20.59636,18.200964,21.566265,15.233942,16.572657,11.082865,9.764409,10.74957,7.1026173,9.374109,11.468604,12.089257,15.852352,16.000294,20.358562,22.068209,25.689663,28.125257,28.736437,28.43143,29.994568,26.722637,23.083075,27.369246,27.56222,23.094149,22.140726,25.389986,24.650608,19.070084,21.992018,26.233421,22.454145,19.818403,24.51576,25.663685,21.045319,22.342913,27.734194,27.584131,23.814653,24.202188,24.317104,19.721466,19.92422,15.053676,16.340996,13.327195,13.29032,13.069809
12,31.758612,30.2428,26.580067,23.919716,22.10065,18.522154,17.58753,11.48865,11.944414,6.6231184,6.3776975,5.499783,0.0,3.8640566,6.4508944,9.126417,12.728191,14.771622,18.580862,22.140043,24.642473,29.122124,31.631365,33.67966,36.422546,35.34475,34.60529,30.28795,26.90386,26.304169,20.307093,20.954697,13.624557,14.800606,13.495933,12.217246,16.52477,16.805471,17.863092,19.662794,18.46033,22.308752,19.158255,23.80039,28.636162,28.491472,33.597805,32.215847,36.607506,38.9198,38.843704,35.486206,39.20182,37.47278,34.716988,34.836945,29.916813,30.486202,33.218296,27.731241,25.423405,23.798388,22.509945,20.383032,24.801283,18.398195,21.029476,15.428398,15.065392,15.794061,11.726176,12.921817,13.603847,13.010471,16.0722,14.845292,19.00461,19.876547,23.725363,25.8154,27.53689,27.78234,29.677217,26.243347,23.032978,28.195427,27.985573,23.367926,23.31035,26.920324,26.02507,20.88601,24.435125,28.45511,24.772985,22.839703,27.79318,28.667326,24.347284,26.291586,31.344477,30.884418,27.454706,28.494778,28.92525,24.398455,24.15899,19.415775,19.255154,16.350245,14.893139,14.237838
13,29.455257,28.211172,24.801224,21.81194,20.385519,16.710709,16.19672,10.669281,10.582768,7.779906,5.035734,7.087986,3.8640566,0.0,5.362261,6.6324043,10.311981,12.455342,16.097467,19.99044,22.042538,26.95521,28.968187,31.383408,33.767662,32.512016,32.200386,27.679419,24.577166,23.398092,17.904795,17.840849,10.116284,11.588402,9.701953,8.780713,13.027648,13.002914,14.175018,16.14584,14.773005,18.917866,16.07298,21.194403,25.683392,25.962917,30.90509,30.000553,34.231453,36.72982,36.30068,33.10893,36.401752,34.590004,31.567616,31.482786,26.575085,26.907024,29.546917,24.024786,21.751715,20.374994,19.446672,17.489113,22.42618,16.2751,19.803911,14.400648,15.193707,16.015135,11.840696,13.77693,13.350973,13.768342,16.061628,15.183485,18.949436,19.490881,23.72013,25.017733,26.47532,27.153912,28.614918,24.895346,22.327095,27.438112,26.542196,21.79921,22.287327,25.744421,24.33292,19.404575,23.728064,26.935553,22.8863,21.481823,26.487988,26.877157,22.428448,25.131504,29.831224,28.719482,25.492958,27.1965,28.053667,23.636541,22.848656,18.660769,17.294117,14.244264,12.258286,11.092328
14,25.443901,24.12014,20.26551,17.887424,16.39036,12.317836,12.5769825,6.210326,8.240694,5.3460636,7.996805,10.4763975,6.4508944,5.362261,0.0,4.983944,6.897917,10.014508,13.043984,16.934895,19.030354,23.772282,26.248201,28.05784,30.889555,30.273136,29.851627,25.552305,22.524815,21.507465,16.13529,16.041603,10.324591,9.497809,10.246253,9.194589,13.694547,14.384964,13.76181,14.80282,15.544907,18.504341,16.119686,20.563295,24.730679,24.625656,29.529438,28.01714,32.514484,35.32787,35.37894,32.84142,36.008194,35.00913,31.638304,31.92906,27.302933,27.448076,30.696247,25.405708,22.717224,22.707638,21.726448,20.696808,25.817791,20.383793,23.684603,18.573391,18.77867,18.372274,14.121205,14.256063,12.702171,11.772573,13.074245,11.145972,14.492217,14.541326,18.778715,20.036652,22.162203,23.025652,24.870035,21.2766,18.830791,24.52455,23.687994,19.09204,20.05385,23.801615,22.704052,18.398443,22.573238,25.978706,22.673576,21.697815,26.703424,27.270302,23.826084,26.29717,30.667559,30.237328,27.505188,29.167019,29.991571,25.796886,24.989716,20.518522,18.607199,16.672056,13.6347475,13.732879
15,23.49795,21.894323,18.90945,15.458324,13.937068,10.770285,9.874022,5.844915,4.91142,7.291722,6.5079255,10.931009,9.126417,6.6324043,4.983944,0.0,4.431287,5.851154,9.609413,13.359834,15.618623,20.330494,22.538912,24.809229,27.34696,26.240477,25.751257,21.319824,18.215769,17.235586,11.6211,11.937822,6.0240154,7.448618,7.8050547,9.029648,13.0218315,12.381188,11.475793,11.768414,11.372496,13.921228,11.188769,15.679833,19.997345,19.974873,24.92015,23.71164,28.067034,30.794699,30.623087,27.96994,31.121302,30.033068,26.756113,27.141535,22.505474,22.923584,26.380785,21.255571,18.405016,18.498945,17.229815,16.755531,21.852392,17.229542,20.601091,16.123014,16.898409,16.088963,12.090295,12.749405,10.010802,10.898197,11.434532,11.066104,13.989558,14.414411,18.847418,19.47259,20.273493,21.21675,22.322514,18.464241,16.447279,21.595274,20.20367,15.452137,16.579668,20.038782,18.460197,14.159652,19.000423,21.64939,18.014557,17.407331,22.389067,22.62213,19.242949,22.151903,26.18386,25.494205,22.998411,25.023064,26.15068,22.190397,20.96444,17.011839,14.0884695,12.561624,8.991406,9.754422
16,19.241241,17.91889,14.7074175,11.540338,10.573429,6.7062182,7.850259,5.2822037,6.177224,9.872035,10.938068,15.230775,12.728191,10.311981,6.897917,4.431287,0.0,4.4942956,6.27665,10.625284,12.1891775,17.322079,19.422186,21.44632,24.054264,23.463362,23.385666,19.001226,16.414444,14.851834,10.398253,9.455662,6.866557,4.9059124,8.146558,9.370504,12.703508,12.609031,10.047571,9.299791,11.467878,12.814778,11.348951,15.282607,18.611824,18.691685,23.284744,21.997482,26.385027,29.582375,29.516457,27.69438,30.236929,29.81619,26.006836,26.491482,22.266794,22.18658,25.961,21.162134,18.130442,19.696632,18.886675,19.203217,24.516172,20.641115,24.268808,20.171835,21.10173,19.903772,16.101395,16.055239,12.484161,12.782567,11.794072,10.826035,12.431463,11.85268,16.43894,16.059572,17.311678,18.943727,19.976612,16.020342,15.003603,20.484968,18.486834,13.945401,16.164555,19.57913,17.874746,14.741844,19.757444,21.75384,18.664557,18.934587,23.6627,23.64019,21.131437,24.262823,27.630308,26.966034,25.087856,27.462933,28.79141,25.183237,23.686872,20.118242,16.302807,15.601988,11.424067,12.485582
17,19.011278,16.89596,14.820457,10.561893,8.920508,7.4145503,5.4104424,6.629542,4.4126,11.171277,11.153055,15.7501955,14.771622,12.455342,10.014508,5.851154,4.4942956,0.0,4.507882,7.572623,10.267646,14.543834,16.949928,19.137405,21.7818,20.725866,19.970701,15.655777,12.535167,11.940718,6.1900187,7.5319896,6.7089977,7.864072,10.063011,12.637863,15.558159,14.359919,11.910645,10.118209,10.606039,10.519785,8.261818,11.178179,15.124109,14.692897,19.58136,18.070076,22.511292,25.447273,25.519918,23.464115,26.42255,26.100264,22.678759,23.592976,19.435085,20.016428,24.185087,19.781815,16.553347,18.051908,16.515099,17.494246,22.222113,19.286896,22.24929,18.892813,19.66785,17.786417,14.564318,14.293998,9.936488,11.43919,9.737767,10.461723,11.702859,12.037226,16.290583,15.954868,15.51128,16.766037,17.187136,13.148024,12.127146,16.921135,14.762688,10.057225,12.146964,15.3529415,13.471658,10.36103,15.629254,17.27073,14.253354,14.742616,19.328804,19.306175,17.30784,20.291742,23.374256,23.090488,21.482485,23.751152,25.120872,21.846544,20.24611,16.991776,12.768107,13.100938,8.891007,11.349018
18,14.5828905,12.750458,11.001818,6.45948,6.0328145,5.1185207,5.858162,9.230394,8.579461,14.857877,15.476727,20.113132,18.580862,16.097467,13.043984,9.609413,6.27665,4.507882,0.0,4.803245,6.072635,11.189298,13.205677,15.319515,17.890966,17.330067,17.216703,12.913129,10.727903,9.09544,6.0938334,5.1009874,9.077885,7.957533,11.583621,14.120026,16.145279,15.258277,11.608985,8.561586,11.426831,9.719909,9.469085,11.308486,13.526896,13.385588,17.603046,16.230843,20.545862,24.04629,24.104454,23.09524,25.162666,25.574507,21.57468,22.556536,19.019386,19.00823,23.423153,19.572166,16.299809,19.299618,18.361446,20.036224,24.856573,22.672829,25.944147,22.951956,24.02468,22.066349,19.014612,18.530046,13.946149,15.017699,12.300302,12.5873,12.267142,11.52033,15.536381,13.690621,13.23446,15.454604,15.40752,11.26683,12.0792465,16.697214,13.537975,9.4597025,12.991855,15.721382,13.570799,12.325273,17.476727,17.954971,15.618958,17.160517,21.179974,20.726408,19.659103,22.910767,25.11691,24.656885,23.767971,26.451214,28.063786,25.224781,23.332336,20.698002,15.780077,16.647034,12.31921,14.493343
19,13.635751,10.574116,10.523779,5.566967,4.292724,7.583646,5.934918,12.030903,10.74337,17.603825,18.506207,22.94353,22.140043,19.99044,16.934895,13.359834,10.625284,7.572623,4.803245,0.0,4.713012,6.9979105,10.219249,11.736335,14.856004,14.384048,13.14391,9.429794,6.8495626,7.3801355,5.0584507,7.166587,12.889002,12.740354,16.02648,18.842392,20.771109,19.534924,15.9429245,12.441636,14.471487,11.071759,10.837397,9.834547,11.626189,10.272922,14.373669,12.010437,16.55647,19.998936,20.692127,20.137259,22.429407,23.649782,20.07161,21.783583,18.888882,19.443,24.253164,21.242485,17.957226,21.176632,19.690142,22.023045,26.048332,24.846617,27.30388,25.008268,25.655096,22.97399,20.580996,19.399227,14.529182,15.745704,12.097373,13.369238,11.899655,11.679078,14.679328,12.583057,10.025104,12.094184,11.169962,7.0467567,9.1189575,12.649126,8.913484,5.4858246,9.806612,11.919583,9.948922,10.51923,14.856988,14.632989,13.568877,15.682766,18.930298,18.596209,18.985794,21.592272,23.044027,23.470995,23.230873,25.56343,27.080288,24.857754,23.040117,20.798502,16.001348,18.077759,14.230483,17.289507
20,10.221215,8.428726,9.183869,4.5684447,6.549642,8.671746,9.923802,14.93769,14.239363,20.78223,21.268284,26.000177,24.642473,22.042538,19.030354,15.618623,12.1891775,10.267646,6.072635,4.713012,0.0,6.4753404,7.3258586,9.670833,11.865819,11.728156,12.365726,8.39178,8.162603,5.5163913,7.9935145,6.078608,13.897698,12.570903,16.157091,18.934875,19.90208,18.849901,14.685766,10.668781,14.23999,10.2671,11.979927,11.463301,10.938813,10.984509,13.756302,12.721495,16.498966,20.566492,20.604116,21.034298,21.927929,23.428417,19.063498,20.378761,18.041733,17.664589,22.350615,19.77905,16.682367,21.097038,20.507637,23.130125,27.494696,26.658098,29.832464,27.646639,28.95963,26.73275,24.179136,23.559944,18.735212,20.012241,16.539099,17.206776,15.527503,14.343014,17.283611,13.814008,12.009475,15.052435,13.688552,10.031676,13.379685,16.440687,11.991014,9.733886,14.232992,15.725299,13.266575,14.5283,19.136837,17.777405,16.506042,19.256168,22.221992,21.205671,21.553373,24.892525,25.772778,25.249266,25.417385,28.439468,30.320557,28.239985,26.027618,24.374266,18.858116,20.611341,16.559788,18.83609
21,11.10653,7.453197,10.8328495,7.728866,8.318025,12.875516,12.222245,18.653166,17.619493,24.364605,25.410837,29.83059,29.122124,26.95521,23.772282,20.330494,17.322079,14.543834,11.189298,6.9979105,6.4753404,0.0,5.3201437,5.070384,8.820024,9.406477,7.6489673,6.1039324,6.4944735,7.959357,10.57169,11.731792,19.234737,18.691395,22.132183,25.034418,26.279448,25.010225,21.05027,17.03622,19.559029,14.773981,15.883894,12.741615,11.592004,9.780793,11.430541,8.519658,12.297888,16.247013,17.51885,18.909924,20.016125,22.808727,19.331108,21.618538,20.264944,20.666058,25.557331,23.974077,20.997225,25.200771,23.93455,27.015238,30.435541,30.458376,32.63312,31.082777,31.775276,28.785099,26.910892,25.46064,20.613241,21.751364,17.618975,19.013607,16.314596,15.721789,17.16158,13.714652,9.343253,11.944182,9.124532,6.8732214,11.849311,12.65709,7.780488,8.440948,12.62779,12.835628,11.208061,14.740312,17.603636,15.446667,16.226553,19.315256,21.07957,20.367565,22.52885,24.788534,24.712837,25.500502,26.407743,28.773066,30.398943,29.079313,27.125477,25.808634,20.883318,23.713318,20.245636,23.336964
22,10.75099,9.154451,13.142182,10.303645,12.213554,15.6595745,16.069424,21.922665,20.70964,27.653957,27.68529,32.455715,31.631365,28.968187,26.248201,22.538912,19.422186,16.949928,13.205677,10.219249,7.3258586,5.3201437,0.0,4.7497005,4.914756,4.8249745,6.6413274,4.80849,8.242459,6.7146206,12.662072,11.727465,20.099339,19.489082,22.529234,25.656301,25.986383,24.514572,20.528248,16.38626,19.05693,13.76352,16.288689,13.391242,9.867749,9.8453,9.518585,9.324449,11.440914,15.937768,15.949057,18.305515,17.681732,20.64928,16.484312,18.402819,17.899208,17.583647,22.218262,21.47362,18.885378,23.9507,23.430523,26.879082,30.318068,31.040565,33.75942,32.59544,34.033504,31.514355,29.642374,28.97319,24.10219,25.814085,21.994467,23.322062,20.997047,20.044653,21.87888,17.847927,14.326013,17.206976,14.274524,12.1659355,16.943666,17.523478,12.383012,12.745816,16.920067,16.693575,14.2100525,17.77717,21.33142,17.910461,17.998093,21.697311,23.18483,21.607397,23.595772,26.703213,25.975817,25.537884,26.928862,30.063145,32.13852,31.044722,28.614193,28.125381,22.423006,25.04446,21.600847,24.073189
23,9.592089,7.0454335,12.047228,10.708256,12.363564,16.485851,16.935324,23.09586,22.449547,29.019176,30.159807,34.67475,33.67966,31.383408,28.05784,24.809229,21.44632,19.137405,15.319515,11.736335,9.670833,5.070384,4.7497005,0.0,4.8551445,7.6553526,7.4586797,8.105791,10.601625,10.853274,15.30195,15.222327,23.335402,22.155191,25.781569,28.553305,29.253235,28.17385,23.951925,19.821335,23.049976,17.994663,19.985346,16.789865,14.044199,12.93908,12.513978,10.597366,12.690774,16.878553,18.065914,20.897707,20.617033,24.228662,20.583277,22.804989,22.447563,22.313553,26.946445,26.176046,23.508709,28.399904,27.600561,30.928692,34.312542,34.762997,37.151417,35.78027,36.699467,33.785,31.917212,30.526266,25.67709,26.676933,22.464155,23.529785,20.43861,19.322418,20.18632,15.87843,11.996452,14.935015,11.878563,10.982802,16.28973,16.41722,11.816017,13.422643,17.391964,17.066296,15.575455,19.627874,22.183922,19.32327,20.497372,23.909788,25.16611,24.134016,26.721186,29.09985,28.357136,28.883854,30.294094,32.889526,34.65369,33.643993,31.541416,30.6265,25.479294,28.310585,24.82227,27.62566
24,11.448758,10.69447,15.57425,14.0676565,16.224115,19.774176,20.54512,26.464993,25.497105,32.327698,32.589222,37.347954,36.422546,33.767662,30.889555,27.34696,24.054264,21.7818,17.890966,14.856004,11.865819,8.820024,4.914756,4.8551445,0.0,4.5181413,7.499985,8.569529,12.490128,11.407806,17.524448,16.434952,24.88338,23.917347,27.0791,30.075245,30.090582,28.765306,24.679543,20.565815,23.551453,18.206558,21.030348,17.823849,13.547795,13.571878,11.459404,11.654863,12.109021,16.456074,16.61141,20.322798,18.538431,22.397202,18.488283,20.447702,21.02131,20.436172,24.680634,24.822712,22.59142,27.964102,27.668505,31.295599,34.49236,35.651505,38.313786,37.38151,38.8392,36.23306,34.480328,33.669643,28.802015,30.345167,26.343868,27.560364,24.802696,23.627863,24.83848,20.362843,16.80835,19.716497,16.484129,15.424026,20.5966,20.398403,15.506649,16.914705,20.858032,20.118464,18.021545,22.20706,25.159847,21.26135,22.045061,25.902727,26.80185,25.119919,27.720442,30.62837,29.2552,28.911455,30.788237,33.90168,35.996613,35.27698,32.827946,32.653492,27.005598,29.777664,26.443247,28.847198
25,14.559418,13.530713,17.843864,15.09665,16.863375,20.292864,20.297882,26.190071,24.483923,31.674307,30.930685,35.768673,35.34475,32.512016,30.273136,26.240477,23.463362,20.725866,17.330067,14.384048,11.728156,9.406477,4.8249745,7.6553526,4.5181413,0.0,5.7268505,6.020514,10.4524555,9.175039,15.753916,14.907371,23.101828,23.167315,25.586683,29.012976,28.908295,27.0306,23.404884,19.389061,21.130556,15.512793,18.385595,14.778135,9.757957,10.348063,7.450894,9.337794,9.227784,13.655352,12.874225,16.388481,14.30608,17.927635,13.9852,16.072657,16.87521,16.606253,20.880934,21.37599,19.295263,24.468292,24.114473,27.957346,30.74909,32.507393,35.042908,34.59877,36.326588,33.887306,32.429836,32.104572,27.328337,29.564085,25.878807,27.618456,25.439356,24.73041,26.457474,22.51134,18.54587,21.05686,17.63141,16.053442,20.746708,20.227669,15.107683,16.10607,19.766857,18.697004,16.008728,20.147291,23.39357,18.747744,19.065634,23.174267,23.816368,21.694565,24.25599,27.451513,25.753206,24.875486,26.978722,30.33942,32.628883,32.12574,29.478554,29.89868,24.049683,26.927078,23.960657,26.299109
26,16.538904,13.870427,18.150904,15.08863,15.664306,20.048218,18.558067,25.077175,23.020132,30.277246,29.96321,34.46781,34.60529,32.200386,29.851627,25.751257,23.385666,19.970701,17.216703,13.14391,12.365726,7.6489673,6.6413274,7.4586797,7.499985,5.7268505,0.0,4.921045,7.887371,10.061096,14.428157,15.9092455,23.48537,24.245493,26.704771,30.223787,30.924583,28.90646,25.452662,21.443895,22.384033,16.777864,18.292505,13.378394,10.013106,8.160429,6.018066,4.4739556,5.2551336,9.597842,10.700284,13.782599,13.682055,17.68173,15.07778,18.04174,18.300772,19.24417,23.854736,23.882332,21.46983,25.664137,24.326727,28.11078,30.348969,32.0985,33.719097,33.43976,34.45644,31.434187,30.406176,29.448555,24.791151,26.945618,23.097752,25.387657,23.04372,23.026043,24.22105,21.087557,15.933455,17.533167,13.67073,12.821721,17.254566,15.427755,10.6437,12.876325,15.788544,14.016309,11.989256,17.045795,19.09275,14.373462,16.046915,19.970518,20.038465,18.511297,22.100481,24.235638,22.38975,22.991966,25.124966,27.636751,29.531176,29.320614,27.079876,27.30092,22.225554,25.74301,23.134825,26.24112
27,15.039811,12.646758,15.951992,11.983976,12.683471,16.398794,15.138273,21.236567,19.057207,26.399328,25.64008,30.325949,30.28795,27.679419,25.552305,21.319824,19.001226,15.655777,12.913129,9.429794,8.39178,6.1039324,4.80849,8.105791,8.569529,6.020514,4.921045,0.0,4.4407363,5.1761827,10.164979,11.067846,18.680468,19.564472,21.828707,25.41434,26.073225,23.994474,20.614054,16.663656,17.506931,11.940419,13.638224,9.43052,6.164003,5.1198487,5.65927,5.398842,8.227837,12.442986,12.366867,13.811239,14.216121,16.848074,13.279779,15.739903,14.92255,15.649564,20.50417,19.734322,17.074112,21.349815,20.191349,23.825445,26.644209,27.881374,30.033081,29.383425,30.72453,28.06385,26.671267,26.169716,21.421926,23.81579,20.252544,22.392706,20.609732,20.492477,22.534847,19.49087,15.120311,17.10036,13.902425,11.601224,15.585059,15.33581,10.16122,10.431656,13.975591,13.189453,10.226886,14.143509,17.595331,13.473533,13.529489,17.449543,18.570778,16.855667,19.203754,22.153532,21.187325,20.937958,22.467255,25.455738,27.537945,26.713293,24.27081,24.197441,18.598896,21.688454,18.75941,21.62474
28,16.663216,13.526741,15.732825,11.158393,10.598378,14.407111,11.769226,17.980865,15.375649,22.76149,22.11497,26.586452,26.90386,24.577166,22.524815,18.215769,16.414444,12.535167,10.727903,6.8495626,8.162603,6.4944735,8.242459,10.601625,12.490128,10.4524555,7.887371,4.4407363,0.0,5.7429457,6.6790185,9.9345665,16.294704,17.879173,19.975546,23.560509,24.909933,22.76565,19.70152,16.034,16.0782,11.102185,11.253192,6.6409683,6.82903,3.882453,7.9544163,5.6161056,10.038495,13.327321,13.888788,13.591413,15.899933,17.67287,14.748129,17.249449,15.305685,16.731833,21.684488,19.997013,17.025976,20.272877,18.39647,21.68277,24.463308,25.141724,26.86875,25.992836,26.88597,23.967056,22.639736,21.869226,17.153149,19.640968,16.186682,18.731842,17.337934,17.835087,20.056753,17.978106,13.460863,14.754789,12.012022,9.1734295,12.043483,12.1016245,7.2595744,6.4477057,9.734979,9.380975,6.208727,9.790703,13.396861,10.152083,10.001857,13.532562,15.196427,14.082135,16.171556,18.700724,18.53925,19.037025,19.94448,22.433765,24.243883,23.104187,20.940264,20.280846,15.099678,18.384872,15.543785,18.934715
29,14.377282,12.771158,14.597413,9.989627,11.048898,13.314104,12.883849,17.975485,15.889062,23.084034,21.836437,26.746887,26.304169,23.398092,21.507465,17.235586,14.851834,11.940718,9.09544,7.3801355,5.5163913,7.959357,6.7146206,10.853274,11.407806,9.175039,10.061096,5.1761827,5.7429457,0.0,7.3157506,6.077896,13.994159,14.7400465,16.825687,20.431725,20.916948,18.855587,15.452411,11.544315,12.655169,7.250122,9.63083,7.6850047,5.4881573,6.6745496,9.20764,9.884251,12.974323,16.89825,16.033257,16.237125,16.786432,17.968697,13.562884,15.01912,12.91874,12.989491,17.886106,16.015123,13.060863,17.591553,16.918695,20.217299,23.917444,24.359652,27.328005,26.110666,27.909473,25.815205,23.878942,23.983479,19.248337,21.748713,18.661266,20.345684,19.267197,18.861958,21.813255,18.849724,15.8541765,18.212511,15.965776,12.571994,15.713797,17.272385,12.379771,10.495716,14.398892,14.858516,11.461067,13.299799,18.174623,15.174579,13.3977585,16.901907,19.229504,17.43272,18.036186,21.88531,21.971561,20.69634,21.41855,24.916124,27.158966,25.597797,22.977772,22.48519,16.374132,18.60445,15.158371,17.457464
30,18.050653,15.381604,15.341114,10.262147,8.924005,10.601424,7.456918,12.256369,9.176196,16.62726,15.562566,20.181862,20.307093,17.904795,16.13529,11.6211,10.398253,6.1900187,6.0938334,5.0584507,7.9935145,10.57169,12.662072,15.30195,17.524448,15.753916,14.428157,10.164979,6.6790185,7.3157506,0.0,6.2894893,10.046459,12.327731,14.022017,17.518314,19.475155,17.404398,14.782363,11.821663,11.217271,8.107803,6.367108,5.660361,9.556972,8.531712,13.561614,12.140503,16.448484,19.317686,19.350271,17.513165,20.458324,20.614372,17.427774,18.97307,15.395515,16.61554,21.29465,17.973604,14.691647,16.912107,14.932646,17.287441,21.048767,20.126698,22.439129,20.54509,21.529694,19.063938,16.98428,16.695349,11.9340925,14.640576,11.98902,14.240874,14.227502,14.901275,18.289316,17.157965,14.463308,15.660243,14.586053,10.679701,11.179603,13.92367,10.588257,6.42677,9.214704,11.142389,8.260862,7.130738,12.738007,12.227185,9.572536,11.610859,15.281252,14.656166,14.16559,17.30459,19.086782,18.948862,18.371439,20.933445,22.638983,20.312319,18.258083,16.390898,11.082693,13.288839,9.7008295,13.087177
31,15.384746,14.35633,13.934519,9.25222,10.072875,9.827583,10.4494295,13.553426,11.887292,18.432547,17.026896,22.042223,20.954697,17.840849,16.041603,11.937822,9.455662,7.5319896,5.1009874,7.166587,6.078608,11.731792,11.727465,15.222327,16.434952,14.907371,15.9092455,11.067846,9.9345665,6.077896,6.2894893,0.0,8.4839325,8.730214,10.907757,14.374432,15.15166,13.369724,9.827817,6.1204934,8.164156,5.0437617,6.853043,9.14362,9.981414,11.32247,14.950798,15.200586,18.783745,22.413979,21.500818,20.607508,21.802826,21.816555,17.358479,17.90241,14.436114,14.009861,18.39957,14.80379,11.564542,15.454308,15.152271,17.44086,22.2605,21.096205,24.87119,22.616734,24.624916,23.14388,20.447115,21.019527,16.52704,18.748241,16.408344,17.315763,17.212358,16.569595,20.426792,18.031628,16.813992,19.204935,18.210485,14.162041,15.834776,19.253305,15.230207,11.629155,15.244375,17.072948,13.960485,13.284108,19.024149,17.872807,14.808373,17.168364,20.784267,19.41591,18.139534,22.364435,23.87688,22.17527,21.711773,25.242119,27.364758,24.864962,22.385765,20.924023,14.945385,15.811781,11.662527,13.202929
32,22.61036,21.555029,19.570105,15.407015,14.888523,12.434658,12.114423,10.961104,8.792026,13.223392,9.560823,14.585595,13.624557,10.116284,10.324591,6.0240154,6.866557,6.7089977,9.077885,12.889002,13.897698,19.234737,20.099339,23.335402,24.88338,23.101828,23.48537,18.680468,16.294704,13.994159,10.046459,8.4839325,0.0,6.2235045,4.4847064,8.299758,10.49361,8.285034,7.5251217,7.7333775,5.35246,8.830491,6.8367615,12.615086,16.075125,17.164835,21.631077,21.709146,25.485306,28.363293,27.324505,24.78965,27.121181,25.604218,21.958225,21.846313,17.156485,17.2146,20.439186,15.25339,12.452127,12.992922,12.463537,12.597296,18.224628,14.735143,19.15689,15.690768,18.035574,17.737854,14.3996935,16.353628,13.158542,15.652158,15.45347,16.01647,18.057442,18.137466,22.603966,21.975145,21.887995,23.397045,23.476984,19.357462,18.689861,22.950521,20.372046,15.781899,17.648092,20.320663,17.704473,14.119534,19.931225,20.720644,16.321098,16.761156,21.397623,20.600767,16.920832,21.153055,24.372635,22.269112,20.193771,23.35779,25.178972,21.633436,19.540869,17.114466,12.312518,10.734206,6.6597133,6.297366
33,18.971292,18.760574,15.792838,12.832025,13.205905,9.196064,11.925122,10.054071,10.597893,13.816526,13.187918,17.687649,14.800606,11.588402,9.497809,7.448618,4.9059124,7.864072,7.957533,12.740354,12.570903,18.691395,19.489082,22.155191,23.917347,23.167315,24.245493,19.564472,17.879173,14.7400465,12.327731,8.730214,6.2235045,0.0,5.127246,6.462085,8.475213,8.676664,5.375914,5.4925585,9.238228,11.480276,11.466367,16.305658,18.493643,19.649136,23.650848,23.423462,27.3489,30.850105,30.086287,28.590425,30.212854,29.52012,25.171917,25.025995,20.909212,19.997156,23.270748,18.364925,15.633268,17.83943,18.130743,18.450443,24.263922,20.615236,25.222052,21.322596,23.270582,22.819416,19.05,20.0024,16.591265,17.484446,16.597193,15.685696,16.950031,15.779045,20.308813,18.912533,20.345383,22.592627,23.13788,19.058239,19.058159,24.18951,21.39764,17.046354,19.847683,22.843779,20.503515,17.836134,23.408304,24.353815,20.76917,21.615255,26.194645,25.502188,22.617691,26.619738,29.590588,27.802496,26.10755,29.247705,30.989697,27.467728,25.507336,22.703503,18.060963,16.85495,12.646256,12.336514
34,23.518682,23.264671,20.727558,17.289776,17.36914,13.873745,15.163179,12.694875,11.959345,14.524831,11.210635,15.685407,13.495933,9.701953,10.246253,7.8050547,8.146558,10.063011,11.583621,16.02648,16.157091,22.132183,22.529234,25.781569,27.0791,25.586683,26.704771,21.828707,19.975546,16.825687,14.022017,10.907757,4.4847064,5.127246,0.0,4.2898397,6.060383,4.6432595,4.725549,7.2567015,6.8544416,11.435731,10.770203,16.67482,19.313868,20.915642,24.990156,25.417942,29.058146,32.194065,30.903273,28.674953,30.423565,28.793203,24.76694,24.126873,19.581293,18.810953,21.356588,15.928642,13.635459,14.355754,14.990057,14.468681,20.483555,16.387897,21.558678,17.68329,20.41202,20.87077,17.24633,19.482578,16.803707,18.600151,18.695421,18.382526,20.487099,19.964985,24.552275,23.659395,24.553688,26.430557,26.765148,22.617174,22.15959,26.857134,24.17114,19.626759,21.793951,24.592,21.979477,18.557547,24.317324,25.142666,20.738592,21.192888,25.824032,24.904959,20.95979,25.362713,28.61421,26.00887,23.856955,27.22141,29.085192,25.39508,23.319714,20.917223,16.438927,14.172893,10.64917,8.714059
35,25.06722,25.146698,21.873875,19.243048,19.353348,15.033143,17.152267,13.205041,13.774531,14.245421,12.103799,15.6727915,12.217246,8.780713,9.194589,9.029648,9.370504,12.637863,14.120026,18.842392,18.934875,25.034418,25.656301,28.553305,30.075245,29.012976,30.223787,25.41434,23.560509,20.431725,17.518314,14.374432,8.299758,6.462085,4.2898397,0.0,4.5423017,6.097353,6.7392526,10.001301,11.071375,15.554072,14.935149,20.722218,23.369741,24.842495,28.93995,29.099669,32.8989,36.14126,35.013737,32.874294,34.632744,33.07351,28.9741,28.246084,23.77086,22.762428,25.015326,19.573935,17.553078,18.083216,18.900585,17.812778,23.793718,18.903008,24.084743,19.605352,22.017431,22.835459,18.890717,20.93985,18.819988,19.707672,20.223309,19.04916,21.38851,20.538641,25.093372,24.460995,26.35395,28.265762,29.114666,25.05269,24.294115,29.516626,27.158865,22.572805,24.676825,27.797981,25.495623,21.878746,27.361105,28.81311,24.57625,24.696087,29.492203,28.844687,24.777136,28.879684,32.47487,30.061674,27.672789,30.766548,32.41883,28.472025,26.695023,23.790789,20.031794,17.398476,14.158427,12.01433
