,0,1,2,3,4,5,6,7,8,9,10,11,12,13,14,15,16,17,18,19,20,21,22,23,24,25,26,27,28,29,30,31,32,33,34,35,36,37,38,39,40,41,42,43,44,45,46,47,48,49,50,51,52,53,54,55,56,57,58,59,60,61,62,63,64,65,66,67,68,69,70,71,72,73,74,75,76,77,78,79,80,81,82,83,84,85,86,87,88,89,90,91,92,93,94,95,96,97,98,99,100,101,102,103,104,105,106,107,108,109,110,111
0,0.0,4.248024,6.647255,9.199419,12.133074,14.128566,17.340034,22.08494,24.25621,27.48056,31.451178,33.78077,34.325996,31.161072,26.058134,26.53784,23.346462,24.501162,20.322788,22.944633,21.970417,22.45453,22.920973,25.603806,27.22146,26.332146,26.69052,24.570906,27.382475,23.505188,29.792042,24.135206,29.808855,26.593193,28.762518,30.268362,27.62361,27.922764,24.321821,22.985798,27.773273,25.8406,29.884954,30.185364,26.969473,30.710678,27.847134,31.210463,30.743675,33.066742,34.836132,34.49179,39.369953,39.88242,41.63073,38.025364,37.38883,38.183174,43.064445,41.539013,37.112595,36.90011,41.922295,42.971157,45.75223,39.60149,39.60051,45.08654,41.266693,39.920372,42.32697,44.15654,40.967735,38.822083,42.046547,39.103096,43.33823,43.43965,41.666946,44.52624,40.216385,42.67196,39.620163,35.208027,32.217236,30.926796,28.952015,29.086739,25.758955,25.415081,25.90701,22.62576,24.297567,21.702267,17.540508,14.074428,13.755238,13.697291,16.295101,17.540775,21.313473,23.200075,25.92363,28.493391,31.240843,33.152645,30.458939,35.716213,30.277784,33.244335,32.114048,34.179024
1,4.248024,0.0,4.7376556,5.964892,8.333642,11.698606,13.643166,18.963646,20.974115,23.996477,28.225712,30.230282,30.852858,27.376104,22.203463,22.431772,19.218386,20.305674,16.41546,19.031927,18.514406,19.05053,20.003878,22.382187,23.681885,22.851778,22.795229,20.669079,23.32443,19.613209,25.94248,20.43426,26.40647,23.429085,25.911474,27.663052,25.449171,25.563234,21.623413,19.881159,24.646957,22.405804,26.324442,26.417725,23.365747,26.821676,24.278458,27.43992,27.323475,29.367695,30.980713,30.47192,35.382683,35.74795,37.613224,34.093216,33.276882,34.11312,38.92914,37.471024,33.07086,32.699646,37.694168,38.72824,41.539936,35.434692,35.391586,40.933586,37.2159,35.834766,38.384808,40.166668,37.05547,34.7576,38.017624,34.927853,39.17328,39.208443,37.426865,40.30223,36.035866,38.5655,35.628307,31.158005,28.116423,26.716574,24.833904,24.931244,21.660868,21.534603,22.262482,19.265093,21.221766,19.096933,15.164966,11.556019,10.426064,9.720652,12.560514,13.40696,17.448328,19.333809,21.944868,24.666441,27.433311,29.347498,26.651499,31.941261,26.445547,29.642576,28.482306,30.85923
2,6.647255,4.7376556,0.0,5.040694,6.935642,8.172312,11.99896,15.669974,18.408842,21.287622,25.335344,27.964273,29.095657,26.31678,21.213058,22.047266,19.479366,21.204079,18.589529,21.035666,21.473358,21.792671,23.42324,25.581419,26.378046,25.719185,24.820875,22.529528,24.325748,20.781107,25.870628,20.413391,25.658253,21.904564,24.735397,25.675034,23.782326,24.596447,20.525717,19.164381,24.559896,23.056728,26.548555,27.1565,25.043856,28.159262,26.595974,29.628391,30.170214,31.742281,32.978817,32.00149,36.940308,36.74291,38.90388,35.60853,34.091297,34.61147,39.35189,37.430565,32.889183,32.67285,37.28008,38.36584,40.73096,34.374336,34.785774,39.984753,36.17294,35.206764,37.81875,40.03936,37.21407,34.939472,38.763905,35.318375,39.879593,39.48955,37.42136,39.85048,35.350647,37.32219,33.89393,29.703686,26.767183,26.02498,23.776144,24.92748,22.436556,22.157516,23.502522,20.512665,23.207226,20.929964,17.01374,13.924446,12.485659,11.244253,12.775054,13.012297,16.531254,17.297932,20.564644,22.525059,25.153437,27.263115,24.795042,30.386284,25.494497,28.783655,28.345764,30.77644
3,9.199419,5.964892,5.040694,0.0,3.80474,6.5144577,8.265162,13.780042,15.238634,18.688797,22.581768,24.655663,25.145973,22.104288,17.049551,18.06533,15.386478,17.832695,15.242836,18.398645,19.010479,20.05623,21.752495,23.09247,23.753565,22.61439,21.359083,18.602673,20.168097,16.28438,21.277714,15.641253,21.000399,17.621288,20.249313,21.77372,19.816921,20.154428,16.018795,14.407314,19.62365,18.077448,21.666363,22.413336,20.400272,23.765734,22.41139,25.927044,26.686033,28.435516,29.800308,28.465006,33.27031,33.16337,34.93391,31.51836,30.088995,30.361706,35.303604,33.202854,28.638607,28.899961,33.863068,35.33609,37.73897,31.31351,32.16409,37.66886,34.406593,33.35422,36.48439,38.441006,35.789413,33.0011,36.575684,32.696472,36.91376,36.28182,33.98014,36.406616,31.813128,34.039738,30.923698,26.541515,23.902075,23.020329,21.602274,22.767847,20.272371,20.927153,22.53586,20.315725,22.950111,21.639198,18.229956,14.897495,12.57197,10.126418,12.604798,11.208754,15.754264,15.405423,19.029432,20.916447,23.32067,25.931368,23.694244,29.53419,24.636826,28.5051,27.88775,30.92376
4,12.133074,8.333642,6.935642,3.80474,0.0,6.2262406,5.474561,11.178194,12.9213505,15.732116,20.105413,21.962694,22.935034,19.626982,14.4351425,15.115876,12.6873455,14.9962015,13.508358,16.17963,17.649134,18.411911,20.748564,21.853445,21.99385,21.190317,19.293346,16.7409,17.806149,14.4898615,19.096872,13.892281,19.438486,16.198057,19.46451,20.962753,19.834393,20.18117,15.673764,13.60419,18.819843,17.015434,20.153154,20.62605,19.13498,21.78466,21.11911,24.027193,25.312294,26.470972,27.464558,25.943703,30.789757,30.327797,32.456818,29.284662,27.424911,27.78346,32.52037,30.501709,25.960808,25.83061,30.541494,31.8622,34.21506,27.81415,28.54191,33.957806,30.63099,29.641407,32.797626,34.849583,32.31348,29.514927,33.31073,29.333828,33.731136,33.014915,30.73244,33.097984,28.54802,30.6892,27.52341,23.150908,20.328463,19.483053,17.846678,19.256813,17.143177,17.811798,19.802076,17.885128,20.926199,19.9614,16.983847,14.109901,11.311953,8.301183,9.974171,7.742902,12.219415,11.667745,15.234438,17.180738,19.662827,22.169895,19.915855,25.77037,20.968613,24.969433,24.53016,27.750935
5,14.128566,11.698606,8.172312,6.5144577,6.2262406,0.0,7.039316,8.685377,10.9417925,14.401724,17.69395,20.745213,21.891006,20.199087,15.625146,17.802341,16.472374,19.883488,19.245237,22.04529,23.751598,24.59729,26.959017,27.915066,27.943779,26.978197,24.670755,21.787056,21.942564,18.561663,21.063618,15.924813,19.518198,14.927499,18.029854,18.118786,16.86809,18.370802,14.227091,13.465278,19.332262,19.190275,21.817883,23.427908,23.012575,25.735697,25.886003,29.163122,30.787209,31.907936,32.75876,30.73572,35.380756,34.490814,36.523556,33.50128,31.110794,30.799011,35.546776,32.695103,28.02862,28.725853,33.04698,34.71708,36.363667,29.634129,31.396402,36.34002,33.21879,32.81468,36.1524,38.62838,36.514038,33.665657,37.883274,33.451977,37.911537,36.57752,33.80638,35.459263,30.552656,31.884895,28.108572,24.25556,22.053162,22.3109,20.713417,23.50493,22.29625,22.95786,25.334776,23.410795,26.754879,25.487215,22.30591,19.574972,17.09306,14.367948,15.223659,12.771387,16.208212,13.336114,18.061295,18.393122,20.293453,23.43923,21.815691,28.04037,24.305542,28.362179,28.753319,31.94778
6,17.340034,13.643166,11.99896,8.265162,5.474561,7.039316,0.0,7.6965814,7.873715,10.947145,15.12041,16.612946,17.472036,14.352195,9.285216,10.847248,9.504023,13.287837,13.771638,16.487638,18.928593,20.068733,22.83537,22.9149,22.404205,21.411366,18.394192,15.498814,15.058905,12.131064,14.580275,9.774714,14.499696,11.174952,14.917068,16.363983,16.110294,16.459663,11.7777605,9.532612,14.769887,13.622116,15.944044,16.948362,16.8965,18.98618,19.809954,22.706709,24.863464,25.574917,26.22914,23.910452,28.460056,27.497395,29.512318,26.580969,24.075064,23.86013,28.596397,25.999645,21.365585,21.833437,26.440205,28.21038,30.159212,23.531857,25.192549,30.542267,27.85354,27.167776,30.908272,32.989307,30.98861,27.711466,31.63686,26.948378,31.15458,29.773806,27.00272,28.901104,24.088142,25.978989,22.767265,18.450756,16.145355,15.85728,15.061664,17.553215,16.510107,18.084883,20.743856,19.864979,23.131363,23.048203,20.79019,18.335697,15.174642,11.665573,12.64317,8.457847,12.431967,8.864079,13.293599,14.154583,16.044222,19.30948,17.711979,23.851076,19.878826,24.429966,24.437946,28.223597
7,22.08494,18.963646,15.669974,13.780042,11.178194,8.685377,7.6965814,0.0,5.1838903,6.2229624,10.053555,13.382391,16.085379,15.212373,11.653663,14.138034,14.815473,18.398767,20.580153,22.383192,25.56291,26.095375,29.355387,29.533695,28.520706,28.015207,24.37493,21.888435,20.262518,18.473877,17.993359,14.842679,16.68981,12.226282,16.453953,15.626397,16.838255,18.6361,14.51359,13.605307,18.708023,19.07822,19.988445,21.646358,23.158388,24.217867,26.35754,28.528225,31.33683,31.254461,31.232103,28.486427,32.728855,30.799597,33.346382,31.105768,27.516863,26.821438,30.888737,27.652699,23.195,23.716053,26.93098,28.590858,29.453693,22.689396,25.202068,29.423925,26.67172,26.936407,30.565966,33.4018,32.06439,29.099096,33.841496,28.894556,33.467495,31.41412,28.326927,29.149496,24.201218,24.602558,20.312935,17.091892,15.315839,16.857084,15.282419,19.784239,20.42661,21.35965,24.582499,23.729689,27.615791,27.200193,25.074875,23.308044,20.435276,17.377768,16.581604,12.827472,14.234951,8.059041,13.258929,11.527099,12.580195,16.307234,15.636139,21.934721,19.808466,24.127514,25.519617,29.110271
8,24.25621,20.974115,18.408842,15.238634,12.9213505,10.9417925,7.873715,5.1838903,0.0,4.996885,7.458296,9.832979,11.360037,10.769533,7.92369,11.564205,12.914127,17.48616,19.99352,22.278439,25.453102,26.614632,29.706192,29.128023,28.017097,27.034655,23.08704,20.220146,17.890434,16.098677,13.939328,11.273767,11.707622,7.2277403,11.56366,11.0597725,12.856621,14.279943,10.397727,9.660256,14.144509,15.27615,15.587952,17.865076,20.189537,21.258072,24.033775,26.635357,29.687044,29.75835,29.84255,26.637676,30.506134,28.627537,30.572187,28.29561,24.711802,23.43687,27.722322,23.966671,19.453815,21.033379,24.620323,26.950346,27.700546,20.856771,24.286142,28.773525,26.950962,27.14641,31.35049,33.78315,32.71142,29.201872,33.506454,28.086151,32.070435,29.604391,26.112772,26.727484,21.574451,22.164213,18.312237,14.949437,14.105569,15.7124815,15.708898,20.103006,20.840092,22.72353,25.971134,25.777319,29.357443,29.61239,27.744493,25.719221,22.56487,19.113916,19.119844,14.60991,16.753878,10.019061,14.941487,13.073638,13.38471,17.724255,17.554485,23.694105,21.725782,26.419361,27.493425,31.514376
9,27.48056,23.996477,21.287622,18.688797,15.732116,14.401724,10.947145,6.2229624,4.996885,0.0,5.4130964,7.5521274,11.245186,10.920445,9.15665,11.713853,14.045923,17.7125,21.51442,22.86663,26.676888,27.345144,30.864462,30.219778,28.608229,28.154007,23.773632,21.527205,18.60958,18.042458,15.0147705,13.959073,14.045207,10.837862,15.153061,14.328331,17.126225,18.488771,14.915954,13.901633,17.476929,18.17933,17.66829,19.319553,22.239769,22.14233,25.662678,27.224857,30.745192,30.014177,29.510773,26.188837,29.84953,27.330717,29.864462,28.18304,23.93236,22.76735,26.334772,22.731377,18.559048,19.342646,21.870611,23.848768,24.142738,17.379875,20.902044,24.767172,22.907846,23.537247,27.667585,30.385942,29.718918,26.400297,31.078451,25.64745,29.850391,27.156265,23.715271,23.87458,18.878283,18.748356,14.370842,11.544537,10.757452,13.329847,12.9327,18.200888,20.03868,21.651176,25.180101,25.38019,29.177671,29.654898,28.309626,26.907526,23.818823,20.585688,19.582218,15.205577,15.782175,8.40038,12.544411,9.345697,8.89325,13.389096,13.859338,19.711235,18.828648,23.360897,25.037949,29.03216
10,31.451178,28.225712,25.335344,22.581768,20.105413,17.69395,15.12041,10.053555,7.458296,5.4130964,0.0,5.058932,8.793596,11.450654,11.829251,15.161813,17.97863,22.115284,25.960567,27.596786,31.327686,32.28536,35.686893,34.718243,33.080696,32.351826,27.838879,25.379892,21.975084,21.431652,16.613108,16.401451,13.95694,10.822956,14.180678,11.945922,15.775312,17.624653,15.203693,15.259676,17.966484,20.014803,18.68847,21.178232,24.956596,24.829153,28.911903,30.769913,34.46033,33.7899,33.262325,29.57741,32.724667,30.00974,32.07456,30.636066,26.206089,24.298994,27.602348,23.227755,19.413662,21.358633,23.312119,25.804861,25.260952,18.819927,23.534676,26.718319,25.776115,26.837616,31.15069,33.835056,33.672813,30.220528,34.73876,29.034044,32.73458,29.459963,25.628345,24.910189,19.941727,18.885414,14.516759,13.020376,13.849009,16.996384,17.46284,22.825844,24.94128,26.819416,30.36489,30.7384,34.478718,35.046684,33.65073,32.109135,28.988935,25.658577,24.91365,20.463879,21.184837,13.801116,17.64907,13.904512,12.463145,16.935934,18.203653,23.49555,23.56445,27.964344,29.896698,33.90885
11,33.78077,30.230282,27.964273,24.655663,21.962694,20.745213,16.612946,13.382391,9.832979,7.5521274,5.058932,0.0,5.3035784,8.016129,10.345936,13.103564,16.629366,20.538794,25.062704,26.447668,30.348454,31.486986,34.87848,33.310265,31.373732,30.604898,25.815165,23.58631,19.530224,19.84428,13.588024,15.115254,11.821484,10.819378,13.756743,12.759019,16.998497,17.833254,15.76584,15.332633,16.499453,18.30731,16.017435,18.20298,22.73918,21.810291,26.638294,28.079224,32.09291,31.098969,30.36277,26.394209,29.022562,26.12616,27.947222,26.843637,22.214405,19.98202,22.977085,18.411892,14.883591,17.22391,18.971596,21.866114,21.203856,14.937876,20.287552,23.53721,23.479877,24.438883,29.107544,31.355844,31.500103,27.724333,31.8061,25.88502,29.032238,25.43775,21.405287,20.413425,15.461412,14.48519,10.74003,9.357976,11.348352,14.498178,16.255848,21.236097,23.706154,26.140371,29.646378,30.714766,34.168842,35.400833,34.509113,33.100372,29.86016,26.456816,25.867872,21.168892,21.817,14.75051,17.603662,14.144167,12.255435,16.553581,18.124914,22.800299,23.068213,27.55525,29.193987,33.464237
12,34.325996,30.852858,29.095657,25.145973,22.935034,21.891006,17.472036,16.085379,11.360037,11.245186,8.793596,5.3035784,0.0,6.049926,9.972402,13.188989,16.47362,20.93495,24.86934,26.850985,30.301023,32.0204,35.003693,32.983864,31.26119,29.944082,25.33544,22.727358,18.588104,18.558887,11.202774,13.316085,7.922935,8.607067,10.051798,9.929789,14.209556,14.249507,13.206615,13.158952,12.72939,15.430724,12.526644,15.500665,20.467329,19.953049,24.849716,26.992516,30.846064,30.363707,30.016088,25.883955,28.158709,25.757767,26.618034,25.234903,21.148905,18.317291,21.786903,16.705475,13.175646,17.107607,19.747427,23.292967,22.938498,17.041317,22.562746,26.305405,26.85614,27.401611,32.318096,34.04853,34.08476,29.946356,33.36342,27.316494,29.749945,26.099413,21.87865,21.066738,16.176643,16.078522,13.753358,12.005479,14.27655,16.484032,19.22539,23.351986,25.197365,28.208893,31.47843,32.69824,35.796227,37.286465,36.31206,34.51918,31.18142,27.608265,27.835691,22.932425,24.536524,17.835506,20.843971,18.237064,16.764889,21.011133,22.242405,26.946003,26.532335,31.21686,32.277805,36.732517
13,31.161072,27.376104,26.31678,22.104288,19.626982,20.199087,14.352195,15.212373,10.769533,10.920445,11.450654,8.016129,6.049926,0.0,5.261051,7.4924464,10.86475,15.116915,19.214798,21.047667,24.505823,26.283602,29.222765,27.035505,25.248608,23.960007,19.301497,16.80372,12.553881,12.925849,5.6185346,8.572073,5.8895884,8.188108,10.587882,12.740969,15.686866,14.722477,12.469236,10.860334,10.282158,11.018795,8.2866535,10.205013,15.01028,14.184478,19.089294,21.017765,24.894686,24.375374,24.119226,20.083141,22.732325,20.651505,21.674852,19.898003,15.992208,13.696173,17.911587,13.578253,9.157101,12.489808,16.51663,19.900318,20.710863,14.53376,18.995394,23.79261,23.920301,23.780754,28.733116,30.09998,29.668674,25.369112,28.493471,22.540611,25.07009,21.9343,17.952778,18.342806,13.295127,14.939115,13.241208,9.72359,10.92221,11.84894,15.144887,18.328281,19.729357,23.071383,26.141142,27.61443,30.418396,32.248344,31.558165,29.840416,26.492842,22.97605,23.43442,18.548855,20.412807,14.707565,17.071333,15.733507,15.016007,18.887957,19.419943,24.120478,22.649698,27.451252,27.848642,32.409725
14,26.058134,22.203463,21.213058,17.049551,14.4351425,15.625146,9.285216,11.653663,7.92369,9.15665,11.829251,10.345936,9.972402,5.261051,0.0,4.4467635,6.769332,11.678217,15.117244,17.271975,20.62765,22.282803,25.26891,23.667528,22.193092,20.97573,16.587915,13.783888,10.512008,9.681317,6.3552465,5.3582745,7.4599543,7.3014746,10.968573,13.378483,15.154866,14.424779,10.774945,8.21614,10.073545,9.429148,9.013632,10.292841,13.262521,13.510896,17.097233,19.408443,22.840996,22.712378,22.79159,19.287193,22.900938,21.28539,22.817564,20.43023,17.043634,15.823382,20.477837,17.128805,12.454575,14.131377,18.804989,21.479069,23.023478,16.482954,19.600613,24.957554,23.888567,23.389,28.021828,29.600681,28.492664,24.421844,27.867044,22.265335,25.562084,23.19893,19.726488,21.042786,16.030987,18.120762,15.781997,11.406675,10.652027,10.752789,12.839703,15.79479,16.34955,19.41671,22.442509,23.356968,26.293224,27.717257,26.68997,24.803362,21.447847,17.87956,18.501444,13.587759,16.079115,10.774139,13.768353,13.382001,13.734049,17.544975,17.20047,22.589264,19.976358,24.894403,25.0242,29.477417
15,26.53784,22.431772,22.047266,18.06533,15.115876,17.802341,10.847248,14.138034,11.564205,11.713853,15.161813,13.103564,13.188989,7.4924464,4.4467635,0.0,4.058291,7.7533293,12.353511,13.712963,17.468245,18.9316,22.094673,20.234367,18.385902,17.512377,12.795788,10.602123,6.9427266,7.71931,6.288565,6.699275,10.623882,11.639448,14.931022,17.748777,19.34565,18.21058,14.581118,11.554532,12.613939,10.178527,9.895323,9.1113405,11.492942,10.583444,14.348834,15.657846,19.360386,18.708225,18.545324,15.114264,18.96819,17.380543,19.34636,16.995602,13.600994,13.216549,17.765078,15.448351,10.98271,11.079077,16.183525,18.429575,20.699251,14.528192,16.478712,22.308239,21.086845,20.09802,24.668985,25.904503,24.590538,20.44003,23.637117,18.178051,21.543034,19.608118,16.543083,18.63262,14.025509,17.006475,15.386206,10.61852,8.98531,7.5172935,10.168205,11.9417095,12.450646,15.89561,18.803991,20.279726,22.949245,24.910503,24.469774,22.968515,19.67557,16.349197,16.772259,12.123956,14.135804,10.458653,11.77717,12.599715,13.343248,16.274796,15.542742,20.319502,17.187765,22.01644,21.64635,26.18005
16,23.346462,19.218386,19.479366,15.386478,12.6873455,16.472374,9.504023,14.815473,12.914127,14.045923,17.97863,16.629366,16.47362,10.86475,6.769332,4.058291,0.0,5.399918,8.507951,10.593861,13.89587,15.631637,18.556444,16.939413,15.537742,14.415812,10.210518,7.4988995,5.637463,4.676376,8.22022,6.143426,12.368651,12.964003,16.011452,19.278723,19.915054,18.54387,14.630564,11.234104,12.845344,9.246928,10.684866,9.353302,9.473415,9.893853,11.867981,13.844633,16.871157,16.924412,17.372646,14.617896,19.016024,18.288048,20.070557,17.11023,14.831843,15.138822,19.93727,18.293911,14.005867,13.730047,19.208073,21.07999,23.876118,18.007929,18.967949,25.050512,23.303457,21.88146,26.068089,27.125616,25.2212,21.275812,24.165403,19.28534,22.69979,21.531223,19.00799,21.727764,17.484587,20.808277,19.285275,14.480035,12.27879,10.052252,11.656767,12.038328,10.920212,14.358537,16.828981,17.909632,20.302818,22.134655,21.470413,19.67049,16.384296,13.054448,14.250783,9.881569,12.998821,11.036599,12.348163,14.407805,15.891277,18.445461,17.004168,21.861115,17.637175,22.323555,21.323784,25.678675
17,24.501162,20.305674,21.204079,17.832695,14.9962015,19.883488,13.287837,18.398767,17.48616,17.7125,22.115284,20.538794,20.93495,15.116915,11.678217,7.7533293,5.399918,0.0,6.388113,6.099634,10.301884,11.390509,14.721513,13.003887,10.988141,10.815642,6.37796,5.781895,5.6229453,7.1900864,12.127152,11.317262,17.37086,18.315254,21.353315,24.627596,25.295313,23.84233,19.962114,16.529387,17.76329,13.499928,14.815194,12.07222,10.897021,9.904656,10.869904,10.714297,13.738083,12.931078,13.056258,11.096879,15.992421,15.563437,18.069124,15.299861,13.552634,15.248047,19.303656,19.160366,15.640759,13.398615,18.535284,19.453793,23.016335,18.051874,17.141357,23.371494,21.180908,19.110615,22.787996,23.407942,21.019247,17.29067,19.787992,15.655778,19.267168,19.102505,17.571148,21.121754,17.792171,21.615332,20.701231,16.062042,13.181155,9.684338,10.702921,8.441813,6.147437,10.060755,12.091165,13.948661,15.853471,18.434233,18.678621,17.592396,14.634521,12.091306,12.778872,9.710384,11.634816,12.564305,11.635408,15.10275,16.982754,18.249817,16.282679,20.030085,15.051027,19.232227,17.388632,21.63698
18,20.322788,16.41546,18.589529,15.242836,13.508358,19.245237,13.771638,20.580153,19.99352,21.51442,25.960567,25.062704,24.86934,19.214798,15.117244,12.353511,8.507951,6.388113,0.0,4.578051,5.6803217,8.130363,10.296301,9.2421465,9.01556,7.7668066,6.387933,4.931202,8.927302,7.3970904,15.451437,12.699844,19.727598,20.242893,22.707811,26.3787,25.858139,24.145071,20.335892,16.952425,18.524666,13.774142,16.701246,14.208436,10.391666,12.003286,9.365239,11.124508,11.928022,13.228646,14.817177,14.238844,19.064625,19.968739,21.558878,18.056755,17.989939,19.727652,24.148586,24.120796,20.57479,19.133814,24.612938,25.573927,29.294529,24.388664,23.399742,29.609776,27.150606,24.89448,28.067665,28.496197,25.566538,22.322508,24.160227,20.969858,24.124847,24.605211,23.386591,27.142948,23.87141,27.794233,26.771168,22.025517,19.186665,15.962184,16.326126,13.765252,9.72433,12.384136,13.034446,13.587652,14.562129,16.571684,16.102123,14.157839,11.448266,9.289063,11.995226,10.302674,13.878411,16.111187,16.086098,19.928398,22.216661,23.616781,21.220963,25.216589,19.492067,23.223967,20.777256,24.40028
19,22.944633,19.031927,21.035666,18.398645,16.17963,22.04529,16.487638,22.383192,22.278439,22.86663,27.596786,26.447668,26.850985,21.047667,17.271975,13.712963,10.593861,6.099634,4.578051,0.0,4.741135,5.3270583,8.716992,7.7331924,6.276371,7.013007,5.5519385,6.905592,10.137474,10.630838,17.586168,15.933193,22.626839,23.315115,26.13717,29.597628,29.575357,28.007185,24.088856,20.647535,22.106482,17.352726,19.562347,16.503325,13.315302,13.217378,11.196042,10.383579,11.448145,11.292524,12.188806,12.36388,17.291477,18.047247,20.404667,17.44239,17.273762,19.744488,23.408539,24.217451,21.14086,18.452087,23.298729,23.530561,27.55784,23.29847,21.16011,27.184364,24.422318,21.851847,24.540695,24.735441,21.544197,18.631498,20.29361,17.80288,21.173758,22.284822,21.750431,25.810602,23.14597,27.137629,26.396866,21.879192,18.706018,15.05694,14.967608,11.018994,6.411723,8.856221,8.9654,10.464567,11.073659,13.997715,14.669301,13.81513,11.535506,10.292292,11.608125,10.883031,12.79826,16.473656,14.960732,19.359196,21.735706,22.258665,19.676413,22.720007,16.801819,19.994598,17.043165,20.523178
20,21.970417,18.514406,21.473358,19.010479,17.649134,23.751598,18.928593,25.56291,25.453102,26.676888,31.327686,30.348454,30.301023,24.505823,20.62765,17.468245,13.89587,10.301884,5.6803217,4.741135,0.0,3.7317803,4.7550216,4.258946,5.285256,5.190645,7.413472,8.566409,13.073578,12.574647,20.498657,18.2657,25.192112,25.918793,28.278906,32.039017,31.374285,29.54888,25.858671,22.517754,23.802652,18.846903,21.692112,18.64199,14.191735,15.20474,11.169378,11.176425,10.201566,11.663916,13.615973,14.771725,19.2823,20.975863,22.589231,19.27504,20.269423,22.781734,26.558184,27.574774,24.61628,22.355742,27.439804,27.742563,31.906855,27.81666,25.661541,31.672913,28.96843,26.265879,28.662407,28.558601,25.14399,22.54172,23.476784,21.66302,24.442127,25.968761,25.662132,29.88184,27.355429,31.528938,30.923044,26.34126,23.293764,19.676294,19.649345,15.672147,10.947843,12.564093,11.549675,12.172246,11.4337225,14.028164,14.455547,13.19404,11.609237,11.203466,13.639005,13.85374,16.40772,20.415743,19.344408,23.78228,26.25508,26.867653,24.17234,27.195696,21.088926,23.897572,20.592394,23.513865
21,22.45453,19.05053,21.792671,20.05623,18.411911,24.59729,20.068733,26.095375,26.614632,27.345144,32.28536,31.486986,32.0204,26.283602,22.282803,18.9316,15.631637,11.390509,8.130363,5.3270583,3.7317803,0.0,4.17367,5.8699026,6.113917,7.8901215,9.554876,11.338476,15.253397,15.265413,22.763287,20.657701,27.578255,27.966856,30.720757,34.165684,33.724937,32.199036,28.255516,24.899786,26.627954,21.798567,24.432226,21.369566,17.424662,17.805052,14.46086,13.368296,12.683241,13.053621,14.308597,15.904925,20.426338,21.770239,24.047476,21.170343,21.77208,24.564533,27.914598,29.207596,26.343586,23.409256,27.949575,27.71714,31.921156,28.067081,25.235487,30.953354,27.74963,24.970528,26.807295,26.78722,23.100275,21.05414,22.167213,21.004585,24.1946,26.081633,26.154488,30.400497,28.101841,32.079834,31.330843,26.905645,23.531437,19.91421,19.132675,14.721312,9.906578,10.343936,8.546802,8.992976,7.7378845,10.673775,11.83444,11.465494,10.407247,10.892632,12.333942,13.608364,15.136308,20.291061,18.510801,23.270226,25.923742,25.948807,23.023756,25.519472,19.23651,21.466642,17.898619,20.396719
22,22.920973,20.003878,23.42324,21.752495,20.748564,26.959017,22.83537,29.355387,29.706192,30.864462,35.686893,34.87848,35.003693,29.222765,25.26891,22.094673,18.556444,14.721513,10.296301,8.716992,4.7550216,4.17367,0.0,4.6106353,6.9597588,7.975202,11.538461,13.2114525,17.70464,17.288195,25.241207,22.937365,29.910849,30.484304,32.842365,36.556183,35.68907,33.91194,30.219921,26.948238,28.36638,23.41454,26.367977,23.251041,18.573263,19.534452,15.040935,14.38461,12.281634,13.749085,15.707533,17.901127,21.993006,24.04457,25.6901,22.60478,24.080486,26.903479,30.298592,31.793772,29.077559,26.451387,31.205313,31.075623,35.4025,31.72271,28.925625,34.67181,31.663538,28.778921,30.49251,30.158201,26.410463,24.497456,24.938845,24.20515,26.811869,28.97548,29.207174,33.589027,31.431255,35.612827,35.071583,30.589777,27.36862,23.698166,23.204487,18.762249,13.975287,14.445592,12.2824335,12.344832,10.099213,12.516864,13.467315,12.812102,12.445531,13.382453,15.539235,17.049109,19.038656,24.070148,22.599995,27.310616,29.953884,30.101765,27.183722,29.64955,23.367887,25.398365,21.656193,23.773151
23,25.603806,22.382187,25.581419,23.09247,21.853445,27.915066,22.9149,29.533695,29.128023,30.219778,34.718243,33.310265,32.983864,27.035505,23.667528,20.234367,16.939413,13.003887,9.2421465,7.7331924,4.258946,5.8699026,4.6106353,0.0,3.4851482,3.7447734,8.20208,10.418795,14.816737,15.059652,22.589586,21.099916,27.707884,29.06736,31.124178,35.1629,34.534447,32.388115,29.000978,25.659424,26.181015,21.051104,23.600132,20.075573,15.401448,15.855253,11.238237,10.050913,7.688015,9.431579,11.848873,14.060581,17.884216,20.340908,21.488703,18.302784,20.301395,23.181618,26.493917,28.234955,25.852636,23.371576,28.294573,28.41557,32.83187,29.459002,26.870335,32.757355,30.43286,27.469864,29.62857,28.912178,25.483559,23.027788,22.91297,21.843674,23.79009,25.874874,26.096766,30.569677,28.646778,33.113853,33.1064,28.683512,25.852785,21.994644,22.431847,17.82771,13.367711,15.038171,13.399473,14.721024,12.930291,16.16043,17.320585,16.520443,15.429611,15.392087,17.613,17.934473,20.071564,24.130753,22.618786,27.06635,29.373554,29.736078,27.155567,29.540257,23.618172,26.029474,22.333355,24.996254
24,27.22146,23.681885,26.378046,23.753565,21.99385,27.943779,22.404205,28.520706,28.017097,28.608229,33.080696,31.373732,31.26119,25.248608,22.193092,18.385902,15.537742,10.988141,9.01556,6.276371,5.285256,6.113917,6.9597588,3.4851482,0.0,3.5916576,6.1165023,9.312401,12.962345,14.223341,20.988796,20.222229,26.56137,28.150707,30.425594,34.360214,34.21049,32.128956,28.66907,25.239536,25.602999,20.501745,22.494589,18.715433,14.793976,14.137385,10.713185,8.009551,7.1279426,7.047945,8.829354,11.025447,15.041067,17.178768,18.787802,15.905491,17.507025,20.621363,23.621109,25.601976,23.413755,20.451073,25.106789,25.04972,29.515827,26.4044,23.560753,29.386026,27.198166,24.185675,26.41751,25.602686,22.298082,19.676004,19.541832,18.36628,20.366615,22.480812,22.838785,27.357557,25.65413,30.131569,30.322872,26.053448,23.258987,19.286661,19.912277,15.006817,10.90067,12.963148,11.598966,13.842389,12.45527,16.279041,17.894827,17.488306,16.065294,15.685704,17.230757,17.123407,18.66052,22.539371,20.534418,24.913595,27.057901,27.207716,24.776793,26.805351,21.143837,23.569496,19.906794,22.834953
25,26.332146,22.851778,25.719185,22.61439,21.190317,26.978197,21.411366,28.015207,27.034655,28.154007,32.351826,30.604898,29.944082,23.960007,20.97573,17.512377,14.415812,10.815642,7.7668066,7.013007,5.190645,7.8901215,7.975202,3.7447734,3.5916576,0.0,5.1007414,7.306351,11.543754,12.121745,19.268322,18.261065,24.561533,26.378857,28.244183,32.43648,31.999403,29.667469,26.47634,23.122873,23.10208,17.934696,20.198633,16.512012,11.954028,12.166389,7.6405597,6.653119,5.0249066,7.1484137,9.870468,11.251435,15.177729,17.634148,18.434505,14.98401,17.011866,19.700508,23.24626,24.79082,22.426035,20.308683,25.520327,26.045315,30.372046,26.903967,24.844536,30.898716,29.06358,26.214226,28.915066,28.194529,25.12929,22.107244,22.05181,20.191824,21.894222,23.512083,23.375896,27.767624,25.728647,30.306496,30.501455,26.078278,23.578615,19.735722,20.879833,16.6221,12.587572,15.222708,14.393155,16.20746,15.211954,18.553968,19.48013,18.379564,16.66835,15.796133,18.091805,17.376804,19.791128,22.79957,21.555573,25.638285,27.67339,28.39482,26.113203,28.749905,23.163923,26.07823,22.705723,25.899775
26,26.69052,22.795229,24.820875,21.359083,19.293346,24.670755,18.394192,24.37493,23.08704,23.773632,27.838879,25.815165,25.33544,19.301497,16.587915,12.795788,10.210518,6.37796,6.387933,5.5519385,7.413472,9.554876,11.538461,8.20208,6.1165023,5.1007414,0.0,3.8908832,6.868985,8.723329,14.890572,14.607054,20.600174,22.571043,24.744339,28.738848,28.901897,26.738876,23.419802,19.98847,19.929146,14.921384,16.51457,12.721807,9.482667,8.404032,6.5468707,5.092101,7.3810973,7.237587,8.646274,8.074973,12.782678,14.183307,15.588454,12.230808,12.898976,15.417747,19.206736,20.311077,17.690918,15.454187,20.802305,21.584208,25.726463,21.9229,20.30748,26.505089,24.889574,22.268332,25.532238,25.12705,22.470625,18.889622,19.57999,16.567701,18.735504,19.604975,18.931835,23.144156,20.782001,25.286203,25.415958,21.001347,18.624222,14.7997,16.441069,12.660648,9.410726,13.019345,13.380795,15.731942,15.946585,19.328615,20.15858,19.103266,16.727234,15.00302,16.664509,14.812423,16.95602,18.898275,17.639496,21.326487,23.093437,24.018005,22.04265,24.885324,19.751469,23.196943,20.380709,24.17629
27,24.570906,20.669079,22.529528,18.602673,16.7409,21.787056,15.498814,21.888435,20.220146,21.527205,25.379892,23.58631,22.727358,16.80372,13.783888,10.602123,7.4988995,5.781895,4.931202,6.905592,8.566409,11.338476,13.2114525,10.418795,9.312401,7.306351,3.8908832,0.0,4.9316025,4.9912057,12.214765,11.071542,17.365503,19.177015,21.175266,25.272875,25.180311,22.969809,19.679235,16.270678,16.31631,11.26836,13.395304,10.100323,6.43429,7.128426,5.3636713,7.446195,9.520519,10.568315,12.149925,10.650082,15.149678,16.20268,17.156599,13.465747,13.642804,15.246572,19.807362,19.872326,16.63048,15.565658,21.393015,22.800804,26.54246,21.98697,21.446238,27.755535,26.217482,23.953825,27.617172,27.635439,25.18089,21.391094,22.669434,18.95308,21.309856,21.436077,20.007915,23.788492,20.718103,25.01325,24.712355,20.086662,17.917063,14.534825,16.358236,13.844846,10.842847,14.547178,15.499721,17.145958,17.962688,20.681957,20.718756,19.02278,16.285275,13.917993,16.143333,13.526555,16.630087,17.443192,17.289984,20.532787,22.243507,23.876724,22.027422,25.730722,20.699278,24.65115,22.322475,26.311234
28,27.382475,23.32443,24.325748,20.168097,17.806149,21.942564,15.058905,20.262518,17.890434,18.60958,21.975084,19.530224,18.588104,12.553881,10.512008,6.9427266,5.637463,5.6229453,8.927302,10.137474,13.073578,15.253397,17.70464,14.816737,12.962345,11.543754,6.868985,4.9316025,0.0,4.796165,8.062323,8.94054,14.036683,16.520868,18.642927,22.56653,23.31085,21.18002,18.066801,14.752871,14.151302,9.701856,10.245377,6.7373176,6.487123,4.604363,7.775107,8.89723,12.578128,12.298195,12.80612,9.6972275,13.787756,13.698767,14.821053,11.576816,10.126965,11.037573,15.866201,15.26724,11.777445,11.079749,17.095425,19.030874,22.402061,17.636414,17.996017,24.25481,23.357828,21.455944,25.687098,25.863205,24.061947,19.824406,21.491034,16.784754,19.084854,18.240498,16.103737,19.469975,16.078354,20.335167,20.216688,15.701748,14.105926,10.993073,13.970164,12.575748,11.339625,15.474529,17.283112,19.403101,20.865225,23.670269,23.814486,22.332384,19.324146,16.515285,17.921902,14.315956,16.780922,15.855026,15.800233,18.122889,19.233147,21.200117,19.9683,23.684559,19.609745,23.914469,22.255825,26.625286
29,23.505188,19.613209,20.781107,16.28438,14.4898615,18.561663,12.131064,18.473877,16.098677,18.042458,21.431652,19.84428,18.558887,12.925849,9.681317,7.71931,4.676376,7.1900864,7.3970904,10.630838,12.574647,15.265413,17.288195,15.059652,14.223341,12.121745,8.723329,4.9912057,4.796165,0.0,8.500548,6.144595,12.699216,14.308008,16.215296,20.331,20.210546,18.044973,14.731209,11.3345,11.566562,6.738801,9.305667,7.296239,5.137706,7.5012307,7.9861712,11.599138,13.95872,15.137113,16.428694,13.978356,18.115086,18.431982,19.142883,15.537402,14.669569,15.008195,20.171465,18.84603,14.893241,15.326266,21.337692,23.448425,26.538261,21.175837,22.041647,28.268688,26.947113,25.219372,29.352612,29.882822,27.822899,23.797777,25.78461,21.240742,23.817411,22.987085,20.670893,23.721039,19.845732,23.663116,22.811754,18.113205,16.403912,13.88884,15.999967,15.313991,13.251182,16.90903,18.637304,19.763504,21.367804,23.434065,22.744036,20.571402,17.466871,14.360629,16.676699,12.962888,16.721132,15.544476,16.791468,19.08045,20.502028,23.013811,21.535402,26.101854,21.596592,26.067825,24.496647,28.721697
30,29.792042,25.94248,25.870628,21.277714,19.096872,21.063618,14.580275,17.993359,13.939328,15.0147705,16.613108,13.588024,11.202774,5.6185346,6.3552465,6.288565,8.22022,12.127152,15.451437,17.586168,20.498657,22.763287,25.241207,22.589586,20.988796,19.268322,14.890572,12.214765,8.062323,8.500548,0.0,5.9086924,6.538909,10.4053955,11.90594,15.695495,17.29731,15.201676,12.930554,10.435094,8.419026,6.850398,4.1917343,4.630614,9.552743,8.910373,13.696834,16.107306,19.75142,19.719688,19.964367,16.081026,18.829737,17.695484,18.037237,15.517644,12.686723,10.827252,15.974114,12.643582,8.1936,11.316346,16.813763,20.078491,21.978725,16.432934,19.568556,25.13367,25.194105,24.287125,29.137667,29.86593,28.948507,24.488878,26.779716,21.151335,23.169567,20.724014,17.20634,18.815403,14.364139,17.531704,16.970488,12.927466,13.166657,12.242703,15.969698,17.364712,17.666693,21.508839,24.051743,25.759493,27.942854,30.175077,29.676096,27.804712,24.517561,21.116896,22.351957,17.73485,20.330486,16.278265,17.983637,18.175314,18.217861,21.497559,21.320778,25.765299,23.15715,27.903093,27.388037,31.963636
31,24.135206,20.43426,20.413391,15.641253,13.892281,15.924813,9.774714,14.842679,11.273767,13.959073,16.401451,15.115254,13.316085,8.572073,5.3582745,6.699275,6.143426,11.317262,12.699844,15.933193,18.2657,20.657701,22.937365,21.099916,20.222229,18.261065,14.607054,11.071542,8.94054,6.144595,5.9086924,0.0,7.177451,8.192774,10.270971,14.201806,14.444652,12.593135,9.14005,5.8431883,6.7996693,4.4720445,6.2894826,7.6119294,9.090877,11.198321,13.4808235,17.176619,19.895636,20.825941,21.705866,18.562536,22.23706,21.677631,22.328527,19.183842,17.140793,16.121819,21.386963,18.48085,13.973547,16.0895,21.67001,24.430916,26.56835,20.48465,22.99168,28.790007,27.779362,26.764656,31.285645,32.38451,30.851599,26.702534,29.410578,24.15835,26.93043,25.099918,21.93274,23.907877,19.270082,22.150385,20.555489,16.109747,15.22771,14.215056,16.449049,17.88619,17.0595,20.436327,22.858902,23.614649,25.95406,27.4506,26.213736,23.82603,20.528929,16.975426,18.847649,14.293926,18.031145,14.3072605,17.119743,17.863043,18.697777,22.190012,21.345085,26.632309,23.087997,27.919687,27.283527,31.659327
32,29.808855,26.40647,25.658253,21.000399,19.438486,19.518198,14.499696,16.68981,11.707622,14.045207,13.95694,11.821484,7.922935,5.8895884,7.4599543,10.623882,12.368651,17.37086,19.727598,22.626839,25.192112,27.578255,29.910849,27.707884,26.56137,24.561533,20.600174,17.365503,14.036683,12.699216,6.538909,7.177451,0.0,5.5179725,5.6125207,9.46194,11.268712,9.365196,8.073389,7.2005734,4.90742,7.9163723,5.646619,9.680719,13.840148,14.876913,18.69861,22.133392,25.304995,25.883713,26.385422,22.590221,25.233957,24.049292,24.097712,21.639452,18.925014,16.453337,21.25138,16.875486,12.730686,16.94607,21.616339,25.167994,26.19752,20.281513,24.514397,29.535547,29.611025,29.240543,34.139866,35.33866,34.5809,30.226505,32.96486,27.189074,29.36827,26.529766,22.67126,23.34489,18.560343,20.435163,18.97127,15.609372,16.49764,16.89473,19.896215,22.51442,22.857365,26.3115,29.064304,30.107353,32.65681,34.232445,33.032047,30.719173,27.390099,23.769703,25.190508,20.373224,23.415436,18.008923,21.186625,20.325298,20.037426,24.109186,24.267387,29.400497,27.23492,32.129955,32.161278,36.680496
33,26.593193,23.429085,21.904564,17.621288,16.198057,14.927499,11.174952,12.226282,7.2277403,10.837862,10.822956,10.819378,8.607067,8.188108,7.3014746,11.639448,12.964003,18.315254,20.242893,23.315115,25.918793,27.966856,30.484304,29.06736,28.150707,26.378857,22.571043,19.177015,16.520868,14.308008,10.4053955,8.192774,5.5179725,0.0,4.521365,6.3196197,7.9922395,7.9617705,4.9871078,5.0731697,7.6493335,10.5918,10.320869,13.888042,16.865307,18.545633,21.550804,25.118208,28.052261,28.74061,29.26375,25.74077,29.027925,27.671854,28.416424,25.862158,22.904404,20.88504,25.621365,21.341602,16.93021,20.237452,24.592056,27.744265,28.602402,22.107115,26.210634,31.078323,30.335535,30.221043,34.886543,36.655018,35.697266,31.650229,35.09193,29.39661,32.386593,29.682844,25.887331,26.495577,21.393719,22.614279,19.94922,16.562298,16.819006,17.792906,19.549368,22.969286,23.236748,26.070059,29.009718,29.332441,32.32147,33.175747,31.43142,28.978586,25.700024,22.050425,23.236944,18.492075,21.627146,15.627956,19.846653,18.580418,18.538376,22.9149,22.91951,28.678293,26.470396,31.366133,31.806877,36.131626
34,28.762518,25.911474,24.735397,20.249313,19.46451,18.029854,14.917068,16.453953,11.56366,15.153061,14.180678,13.756743,10.051798,10.587882,10.968573,14.931022,16.011452,21.353315,22.707811,26.13717,28.278906,30.720757,32.842365,31.124178,30.425594,28.244183,24.744339,21.175266,18.642927,16.215296,11.90594,10.270971,5.6125207,4.521365,0.0,5.030399,5.741394,4.3012643,4.5354376,6.3964753,6.145649,10.81888,10.247441,14.529684,17.569403,19.7197,22.552776,26.684702,29.367855,30.492857,31.293423,27.721514,30.587763,29.570988,29.568882,26.915255,24.466925,22.037674,26.820648,22.293512,18.263306,22.448732,26.9278,30.425083,31.196726,25.051283,29.451054,34.29899,34.044247,33.871483,38.664597,40.18142,39.29977,35.089687,38.12354,32.390587,34.842403,32.034454,28.150356,28.623365,23.721292,25.024061,22.91089,19.8436,20.593042,21.404806,23.651148,26.707724,26.741066,29.8303,32.585064,32.994953,35.715332,36.68797,34.880985,32.198093,28.963455,25.336857,27.008951,22.358622,25.825556,20.087551,24.180544,23.002079,22.814468,27.194935,27.30015,32.925797,30.713352,35.627705,35.879906,40.25945
35,30.268362,27.663052,25.675034,21.77372,20.962753,18.118786,16.363983,15.626397,11.0597725,14.328331,11.945922,12.759019,9.929789,12.740969,13.378483,17.748777,19.278723,24.627596,26.3787,29.597628,32.039017,34.165684,36.556183,35.1629,34.360214,32.43648,28.738848,25.272875,22.56653,20.331,15.695495,14.201806,9.46194,6.3196197,5.030399,0.0,4.8307886,6.800165,7.3498564,9.902617,11.15407,15.588091,14.817516,18.987133,22.265867,24.079887,27.168787,31.001148,33.870358,34.714,35.259274,31.5899,34.512306,33.03592,33.425682,31.069618,28.07813,25.530365,29.938509,25.076838,21.14675,25.202793,28.94771,32.36789,32.53775,26.271702,31.12129,35.406696,35.06682,35.352463,40.066383,42.00064,41.352585,37.315834,40.835224,34.991325,37.76526,34.66612,30.628832,30.5212,25.506754,25.879402,23.095438,20.698212,21.706789,23.33619,25.059837,28.957382,29.479307,32.197468,35.20974,35.374176,38.468212,39.08349,37.078354,34.490265,31.299767,27.699232,28.861835,24.253605,27.243006,20.779402,25.28499,23.251348,22.713827,27.277498,27.741531,33.466152,31.926714,36.75266,37.57563,41.84494
