,0,1,2,3,4,5,6,7,8,9,10,11,12,13,14,15,16,17,18,19,20,21,22,23,24,25,26,27,28,29,30,31,32,33,34,35,36,37,38,39,40,41,42,43,44,45,46,47,48,49,50,51,52,53,54,55,56,57,58,59,60,61,62,63,64,65,66,67,68,69,70,71,72,73,74,75,76,77,78,79,80,81,82,83,84,85,86,87,88,89,90,91,92,93,94,95,96,97,98,99,100,101,102,103,104,105,106,107,108,109,110
0,0.0,4.80284,6.2369146,9.960005,12.547545,14.763893,18.525402,21.887756,24.920368,29.440191,32.819126,35.745407,34.92511,32.320217,30.577574,26.113695,23.528862,21.657919,17.080648,16.155165,12.032297,11.681707,13.565671,17.953396,17.97899,18.099335,23.64911,24.165525,25.691828,26.651817,30.046305,30.454235,37.539547,36.325207,40.212868,42.676414,43.52056,42.55244,38.250725,34.185688,37.911434,33.245583,34.946697,31.727266,29.664928,28.344334,28.818058,26.750538,30.41709,33.201138,36.53973,36.462883,40.14063,40.72299,39.82553,42.694458,38.86793,41.834747,44.746086,41.257973,37.702908,38.493,34.866886,35.89914,31.842121,34.383835,30.528015,30.05422,25.597198,28.290365,23.82839,26.904533,27.150246,28.454832,30.36853,30.428452,34.178566,33.71826,37.719734,39.13307,37.54888,37.513935,36.28737,31.949692,29.76585,26.357248,23.97773,19.630484,19.161676,16.254763,15.629307,15.199121,20.648075,24.893753,24.86485,28.532331,30.844923,30.266949,27.31232,25.774157,22.340082,21.656452,17.52268,15.606535,20.869127,22.061668,26.838316,27.740404,31.479496,33.196106,36.475704
1,4.80284,0.0,5.2281194,6.2841825,9.640363,12.228086,15.008873,19.492962,21.882252,27.361773,30.26093,33.522346,33.188435,30.72305,29.64492,24.86377,22.996117,20.729647,16.48442,15.622697,12.253951,13.382816,14.769551,18.29794,18.588526,17.489195,23.276714,22.888832,24.24759,24.476477,27.83015,27.493069,34.50394,32.699062,36.817936,39.030544,39.75273,39.06904,34.625797,30.649437,34.97287,30.610243,32.44644,29.94285,28.072186,27.142712,28.024586,26.551912,30.435995,33.425404,36.329845,35.75677,39.1938,39.217644,38.027557,40.57936,36.505356,39.190044,41.702972,38.054535,34.59033,34.865643,31.030968,32.0175,27.61154,30.522223,26.607985,25.805296,21.09388,23.629787,19.18079,22.224442,22.772547,24.032578,26.234259,26.418247,30.308372,30.190535,34.12707,35.986565,34.453762,34.072266,33.082905,28.822536,26.312416,23.640667,20.937323,17.095284,16.92019,14.223087,14.8207035,14.121951,19.386448,24.217907,23.208855,26.731018,29.069157,27.84246,24.865307,22.841736,19.556976,18.028772,14.011164,12.382342,17.309866,18.35036,23.58418,24.183136,27.91969,29.794548,32.769825
2,6.2369146,5.2281194,0.0,5.1146555,7.1108813,8.571622,12.803352,15.77596,18.805449,23.361774,26.586348,29.614365,28.81984,26.250458,24.80611,20.166183,17.97588,16.044659,11.535409,11.243733,7.1612077,9.131007,11.765108,14.746311,16.324026,15.110899,20.91152,20.409811,21.087942,22.42252,24.816309,25.644659,32.25189,31.062605,35.05135,37.410107,38.651585,37.758247,33.48953,29.486382,33.09365,28.719112,29.927721,26.942118,25.764986,24.166985,25.59665,23.326254,27.539919,30.097843,33.08369,32.25911,36.263565,36.18821,35.609577,38.320606,34.713,37.79286,40.532417,37.43551,33.9616,34.98526,31.371315,33.04959,28.986197,32.600765,29.212212,28.655828,23.674097,25.386751,20.58959,22.951757,22.596247,23.552282,25.086481,24.85642,28.452053,27.738272,31.760118,32.977467,31.512619,31.712223,30.614105,26.265213,24.315556,20.756496,19.259207,14.927709,15.670977,13.835893,14.226393,15.075841,19.901943,24.711042,23.066896,26.709572,28.619564,27.500505,25.081705,22.39894,20.011854,18.173765,15.188185,15.049458,19.55166,19.842455,24.956797,24.442432,28.531975,29.633684,32.984028
3,9.960005,6.2841825,5.1146555,0.0,3.937022,6.6055446,8.748882,13.45974,15.628949,21.398882,24.146229,27.448814,27.4329,25.179417,24.509087,19.578577,18.417543,15.817267,12.211024,11.709452,9.670639,12.599238,13.923855,15.749481,17.289207,14.752508,20.530054,18.986599,19.539373,19.832718,22.28834,22.107443,28.695297,26.857391,31.07453,33.203156,34.257854,33.63576,29.213701,25.29009,29.568218,25.527985,26.962599,24.867878,23.8251,22.801075,24.59439,23.191444,27.481842,30.295206,32.727715,31.41754,34.99678,34.33585,33.344646,35.67989,31.77365,34.50746,36.816315,33.534813,30.164904,30.66306,26.86091,28.538986,24.211073,28.254313,24.963299,24.19516,19.01928,20.385593,15.550276,17.849873,17.605621,18.688,20.439693,20.518097,24.270056,24.017319,28.053553,29.766329,28.174446,27.873842,26.968752,22.705017,20.310156,17.686176,15.642543,12.0431,13.169412,11.80244,13.651921,14.227813,18.490505,23.750341,21.052172,24.442104,26.336245,24.508753,22.131737,18.893503,16.821896,13.950153,11.439722,12.157343,15.835976,15.7496195,21.23155,20.249077,24.33536,25.552746,28.59207
4,12.547545,9.640363,7.1108813,3.937022,0.0,5.270244,6.4947453,10.2209,12.968278,18.060404,21.420937,24.217731,24.494698,22.556246,21.59819,16.74367,15.742763,12.52987,9.592494,8.569665,8.350189,11.520169,12.185959,12.855578,14.956239,11.765902,17.346254,15.393024,15.652453,16.227228,18.445421,18.704006,25.286377,23.99262,27.963453,30.343615,31.560806,30.662733,26.397564,22.41114,26.159325,22.017056,23.263296,20.97391,20.161343,18.989357,21.09191,19.663956,24.067709,26.791399,29.046144,27.55513,31.18733,30.44275,29.594704,31.987522,28.26219,31.189425,33.68037,30.704994,27.318186,28.407444,24.878473,27.028133,23.260597,27.584774,24.883423,24.612158,19.61217,20.423979,15.545904,17.547298,16.232777,17.67987,18.59115,18.903536,22.292648,21.81292,26.079792,27.271029,25.185266,24.998896,23.759132,19.430342,17.293438,14.061432,12.323856,8.402441,10.192306,9.791076,11.903013,13.512949,16.952742,22.146994,18.747318,22.09004,23.652008,21.834291,19.904528,16.240568,14.940004,12.039583,10.63765,12.708304,15.663109,14.919508,19.960611,18.189896,22.452133,23.085676,26.446438
5,14.763893,12.228086,8.571622,6.6055446,5.270244,0.0,5.9203367,8.085374,10.472744,15.732305,18.186644,21.689875,21.116703,18.667154,18.312408,13.328277,12.698887,10.81717,7.8113174,9.3945265,8.115955,12.7065115,15.090473,15.155682,18.532246,15.442344,20.641542,18.297031,17.287106,18.86371,19.090681,20.356228,25.726093,24.296078,28.519379,30.50363,32.3827,31.78767,27.615847,23.917265,27.472145,23.946337,24.2505,22.168379,22.720898,20.939621,23.949757,21.792265,26.515936,28.623402,30.769016,28.632893,32.905262,31.561085,31.418367,33.655464,30.426884,33.46196,35.673817,33.22102,30.050274,31.161617,27.634933,30.197847,26.189869,31.290073,28.711767,27.921392,22.55558,22.532263,17.72718,18.463985,17.184317,17.220078,18.083948,17.191477,20.492722,19.392204,23.374998,24.453566,23.363985,23.898764,23.24087,18.996305,17.452358,14.153614,14.670895,11.397797,14.457749,14.8157215,16.76986,18.712631,22.031145,27.12817,23.382421,26.58855,27.813389,25.760775,24.311304,19.98213,19.575932,15.844408,15.382171,17.615927,20.247192,19.206726,24.359884,21.654325,25.959976,26.09776,29.237087
6,18.525402,15.008873,12.803352,8.748882,6.4947453,5.9203367,0.0,6.80087,7.324014,14.210101,16.265724,19.698128,20.613342,18.999592,19.44834,14.606811,15.371082,12.439613,11.449486,11.752793,12.858754,16.881405,17.634708,16.739737,19.565584,15.430147,20.01982,16.586948,15.503462,15.532338,15.838194,15.626047,20.991869,18.860798,23.295376,25.132353,26.748146,26.35744,22.033474,18.40386,22.67526,19.586466,20.2139,19.373768,20.019901,19.108433,22.361538,21.452663,25.962149,28.363205,29.782778,27.222359,30.746096,28.788937,28.055153,29.81437,26.250784,28.850405,30.591368,27.99025,24.971535,25.64821,22.062853,24.800854,20.866337,26.455593,24.373219,23.659945,18.47406,17.669725,13.075312,13.371863,11.411811,11.950742,12.527016,12.45159,15.837862,15.458453,19.678799,21.25778,19.516153,19.203884,18.586544,14.420437,12.188494,10.32108,10.151033,8.595063,12.146241,13.464942,16.584904,18.298622,20.51911,25.697065,20.888462,23.598372,24.64897,21.85431,20.70693,15.749411,16.224575,11.428168,12.559386,15.987428,17.06187,15.314358,20.256998,16.666819,20.88243,20.88206,23.711208
7,21.887756,19.492962,15.77596,13.45974,10.2209,8.085374,6.80087,0.0,4.773537,7.9477873,11.538359,14.045628,14.493459,13.089055,12.887224,8.279032,9.713303,6.889798,8.362326,9.666252,12.393218,16.342638,17.347588,14.833005,19.008234,15.022943,18.465694,14.845583,12.121715,14.322535,12.040948,14.662402,18.682428,18.286507,21.981522,24.166574,26.640966,25.728535,22.088514,18.714699,20.984995,18.06657,17.28081,15.590473,17.837057,15.821448,20.04942,18.14499,22.836561,24.392765,25.634735,22.50762,26.840485,24.629105,25.018621,26.993423,24.44314,27.650166,29.800364,28.302584,25.441624,27.482214,24.67531,28.163694,25.303825,30.986174,29.641882,29.475685,24.640818,23.367186,19.121048,18.770655,15.624437,15.813826,14.56773,13.880659,15.846083,14.057542,18.34898,18.14326,16.120605,17.150795,16.072676,11.911512,11.571294,7.2355795,10.895014,9.338855,13.726815,16.119537,18.40272,21.351736,22.843056,27.417543,22.34142,24.91149,25.230526,22.93353,22.758652,17.628769,19.329,15.477141,17.417501,21.20863,22.248976,20.169558,24.121006,19.703321,23.858086,22.61357,25.895874
8,24.920368,21.882252,18.805449,15.628949,12.968278,10.472744,7.324014,4.773537,0.0,8.140418,8.986476,12.739303,13.96247,12.891971,14.561497,10.506827,13.227013,11.319732,12.848129,14.338125,16.567059,20.788023,21.810106,19.40941,23.272161,18.979553,22.214582,18.058666,15.204321,16.217422,13.116035,14.505332,17.213531,15.61367,19.83078,21.30445,24.00784,23.731627,20.020008,17.129368,20.161263,18.341742,17.31166,17.274958,20.09907,18.713278,23.16111,21.970486,26.45967,28.000734,28.690374,25.049124,28.93211,25.879229,26.07889,27.4062,24.831926,27.513075,28.867239,27.468723,24.970364,26.276653,23.36262,26.9705,23.850857,30.151497,29.03595,28.423653,23.596268,21.453197,17.720352,16.229143,13.088957,12.225153,10.724294,9.346714,11.231686,9.489467,13.78846,14.327553,12.948498,13.738418,13.617083,9.845329,9.371428,7.7034426,11.772672,11.965911,16.369602,18.917486,21.817568,24.302822,25.561949,30.266605,24.681818,26.86718,27.096838,24.12804,24.15864,18.593252,20.833084,16.048561,18.756855,22.78701,23.017836,20.655954,24.63601,19.556675,23.434883,22.088028,24.68989
9,29.440191,27.361773,23.361774,21.398882,18.060404,15.732305,14.210101,7.9477873,8.140418,0.0,6.4522758,6.3965955,7.655754,8.136643,8.546166,6.9419103,10.581705,9.567743,13.650754,15.182259,18.735718,22.124088,22.86868,19.053608,23.60695,19.8399,21.328741,17.408136,13.196807,16.251293,10.382558,15.128434,15.725342,16.989325,19.516562,21.540257,24.976002,23.86415,21.35366,18.989275,19.028963,17.569637,14.80667,13.768371,18.387346,15.99527,21.094734,19.121994,23.264751,23.662277,23.87903,19.587027,24.188799,20.864613,22.546682,24.07421,22.980854,26.271643,28.178452,28.151392,25.932264,28.834276,26.969986,31.104733,29.310295,35.257317,34.86202,34.985947,30.61337,28.466389,24.935337,23.615164,19.706474,19.392054,16.562853,15.519356,15.349488,12.449736,15.9656315,13.457546,11.122304,13.815464,12.674183,9.911712,12.151326,8.435142,14.764978,14.9384775,19.145586,22.347902,24.359825,27.785536,28.201088,32.05729,26.476032,28.36383,27.802067,25.601498,26.607918,21.403135,24.504221,21.027603,24.067759,28.308336,28.571198,26.042952,28.940527,23.548355,27.152187,24.66739,27.72651
10,32.819126,30.26093,26.586348,24.146229,21.420937,18.186644,16.265724,11.538359,8.986476,6.4522758,0.0,5.727772,6.7685905,7.3121552,11.334578,10.392195,14.6956,14.885386,18.088184,20.36344,22.897879,26.916342,28.27809,24.950653,29.470636,25.496801,27.428974,23.243929,19.215458,21.283575,15.332822,18.52601,17.370028,17.111797,20.092123,20.8568,24.782969,24.630785,22.23031,20.64517,21.510498,21.379007,18.446117,19.096712,23.896072,22.014334,27.124868,25.510698,29.602604,29.97474,29.88917,25.28461,29.486193,25.393711,26.987982,27.761024,26.76986,29.412035,30.308165,30.470882,28.711061,30.65969,28.636124,32.76114,30.501665,37.0509,36.679783,36.14404,31.654325,28.756721,25.737598,23.290157,19.912628,18.122536,15.389318,13.028534,11.977081,8.335019,10.668186,7.990711,8.540209,12.018024,12.834117,11.323318,13.529931,12.544275,18.576168,19.471537,23.867846,26.92232,29.433872,32.43555,33.12029,37.30785,31.442001,33.17531,32.68909,29.88455,30.859303,25.290516,28.507463,24.101612,27.385897,31.612574,31.51865,28.900845,32.134705,26.349102,29.707241,27.309414,29.543854
11,35.745407,33.522346,29.614365,27.448814,24.217731,21.689875,19.698128,14.045628,12.739303,6.3965955,5.727772,0.0,5.56212,8.589532,10.817161,11.724173,15.726721,15.652772,19.865507,21.504045,25.026094,28.38606,29.07625,24.985662,29.441795,25.682066,26.38909,22.318281,17.90853,20.434105,13.446772,17.843845,15.326214,17.072588,18.653927,19.927454,24.043564,23.214462,21.697199,20.477901,19.39621,19.655666,15.851466,16.375406,21.954872,19.937027,25.116901,23.596598,27.132507,26.919373,26.24715,21.294952,25.410496,21.03646,23.370975,24.076305,24.047153,26.88716,28.071259,29.097576,27.582705,30.500757,29.225939,33.609516,32.34262,38.524975,38.72177,38.799496,34.741837,31.900255,29.01954,26.905815,22.890064,21.991238,18.506071,17.16495,15.401459,12.17017,14.164799,9.8084755,8.067243,12.123946,11.781271,11.2595625,14.598437,12.994742,19.392403,20.604502,24.679344,28.145185,30.2949,33.693096,33.614033,37.18611,31.264318,32.636066,31.635195,29.249546,30.862907,25.630943,29.413054,25.82267,29.466139,33.93011,33.58625,30.808775,33.20078,27.265316,30.333227,27.261366,29.727976
12,34.92511,33.188435,28.81984,27.4329,24.494698,21.116703,20.613342,14.493459,13.96247,7.655754,6.7685905,5.56212,0.0,3.8178766,6.8536315,9.150579,13.052934,14.662857,18.527233,21.093332,23.731302,27.162674,28.785017,25.03539,29.999506,26.73359,27.95023,24.449072,20.04785,23.589703,17.083143,22.090097,20.654102,22.121332,24.093958,25.337828,29.429329,28.657122,26.862825,25.268028,24.536497,24.103338,20.532343,19.812498,25.083267,22.361158,27.462334,24.885359,28.711891,28.170336,28.155462,23.545975,28.482912,24.780052,27.550014,28.721512,28.714876,31.866686,33.38076,34.18856,32.409096,35.32162,33.701176,37.956165,36.148754,42.378857,42.05395,41.87478,37.3568,34.84312,31.496841,29.532383,25.973377,24.620237,21.840096,19.728851,18.64644,15.016064,16.760324,12.74733,13.005559,17.118332,17.064766,15.824513,18.6445,15.982157,22.37526,22.470306,26.68381,29.74198,31.50558,35.04001,35.669693,39.411972,33.97271,35.798965,35.039314,32.958775,34.176838,28.98531,32.157486,28.532215,31.475298,35.5698,36.01352,33.50759,36.506443,30.940819,34.38343,31.662788,34.376694
13,32.320217,30.72305,26.250458,25.179417,22.556246,18.667154,18.999592,13.089055,12.891971,8.136643,7.3121552,8.589532,3.8178766,0.0,5.5089326,6.8740773,10.701142,13.100401,16.279116,19.432747,21.285513,24.954105,27.190474,23.945158,29.068378,25.956543,27.876738,24.604197,20.448895,24.174965,18.375763,23.193941,22.866728,23.71005,26.284964,27.54768,31.468742,30.82678,28.547628,26.562326,26.619995,25.62736,22.525414,21.330238,26.070723,23.168396,28.142906,25.169325,29.338177,29.02895,29.567732,25.32269,30.541475,27.272346,29.783825,31.231474,30.747492,34.003277,35.655857,35.96453,33.915745,36.547607,34.517273,38.590256,36.24874,42.50525,41.729275,41.29963,36.473522,34.230373,30.58987,28.781616,25.633638,24.039782,21.878284,19.388206,19.043259,15.406567,17.404612,14.34749,15.189807,18.984053,19.087574,17.145025,19.360552,16.30575,22.387024,21.821634,26.112389,28.798222,30.48273,33.906357,35.11722,39.134163,33.981266,36.143986,35.702866,33.63659,34.42229,29.204802,31.849083,28.04894,30.477184,34.26893,35.189987,32.90331,36.4171,31.170725,34.880207,32.579937,35.39884
14,30.577574,29.64492,24.80611,24.509087,21.59819,18.312408,19.44834,12.887224,14.561497,8.546166,11.334578,10.817161,6.8536315,5.5089326,0.0,5.011701,7.231252,10.067213,13.707819,16.539255,18.805782,21.70506,23.752947,20.233452,25.483824,22.98397,24.444042,21.872784,17.810791,22.511436,17.207926,22.975492,23.618155,25.465246,27.631355,29.62525,33.26702,31.998018,29.772612,27.383224,26.729652,24.897346,21.942932,19.32294,23.695835,20.235529,24.901407,21.225779,25.277205,24.637815,25.594273,21.820206,27.522808,25.122896,27.955364,29.993826,29.67932,33.384945,35.772976,36.058327,33.745556,37.072002,35.208534,39.235523,37.23589,42.990314,42.163082,42.19343,37.451225,35.787186,31.801392,30.76734,27.365854,26.631605,24.437487,22.631493,22.677122,19.286398,21.961596,18.808784,18.208313,21.714285,20.82554,18.425854,20.607107,16.127043,21.866013,20.5167,24.409979,26.982359,27.996058,31.76804,32.890144,36.508648,31.877962,34.182808,33.684013,32.27948,33.05233,28.326284,30.696043,27.757841,29.775404,33.384224,34.742928,32.627445,35.88168,31.09914,34.92249,32.601913,35.961086
15,26.113695,24.86377,20.166183,19.578577,16.74367,13.328277,14.606811,8.279032,10.506827,6.9419103,10.392195,11.724173,9.150579,6.8740773,5.011701,0.0,4.3417583,6.372617,9.520442,12.649356,14.668125,18.154827,20.339142,17.294819,22.47516,19.610226,22.031475,19.242683,15.568562,19.798182,15.485554,20.444584,22.418283,23.388025,26.259138,28.310972,31.599106,30.496647,27.659037,24.843393,25.330116,22.972973,20.764738,18.208181,21.827751,18.637074,23.210648,19.804813,24.324244,24.518593,25.837626,22.362375,27.807144,25.575155,27.55128,29.684694,28.486958,32.105053,34.470177,34.034527,31.452168,34.291935,31.991182,35.789345,33.320816,39.056572,37.883884,37.741985,32.84707,31.418158,27.246416,26.45948,23.32785,22.697567,21.003948,19.285633,20.125376,17.08273,20.392187,18.3798,17.541367,20.348043,19.48652,16.298267,17.666965,13.00779,18.208689,16.462353,20.505968,22.836721,24.125513,27.646822,29.176626,33.21014,28.583462,31.129492,31.00886,29.352531,29.668081,24.82427,26.763988,23.53033,25.250511,28.734026,30.256918,28.269629,31.940863,27.414011,31.43397,29.587942,32.96169
16,23.528862,22.996117,17.97588,18.417543,15.742763,12.698887,15.371082,9.713303,13.227013,10.581705,14.6956,15.726721,13.052934,10.701142,7.231252,4.3417583,0.0,4.797529,6.824275,10.220715,11.672692,14.626709,17.259954,14.605122,19.919567,17.801947,20.464031,18.567698,15.491213,20.251308,17.146164,22.204082,25.222795,26.422098,29.24319,31.634134,34.632244,33.267235,30.29959,27.141735,27.603472,24.52554,22.79197,19.242949,21.97597,18.455095,22.43069,18.338158,22.896406,23.105633,25.117113,22.401262,28.08499,26.743212,28.67255,31.255856,29.917307,33.76896,36.599533,35.881855,33.040207,36.08191,33.69938,37.264256,34.74498,40.03388,38.54766,38.562965,33.62846,32.824432,28.349794,28.235386,25.325562,25.137321,23.849157,22.41982,23.73978,20.942991,24.455086,22.676817,21.547401,24.072989,22.843235,19.339962,20.301939,14.97207,19.169615,16.389688,19.912056,21.716492,22.33775,25.96472,27.888,31.768946,27.867022,30.714916,30.799816,29.66447,29.642742,25.30402,26.564259,23.976608,24.905933,27.898458,30.094528,28.457626,32.210373,28.375172,32.525482,30.991112,34.686123
17,21.657919,20.729647,16.044659,15.817267,12.52987,10.81717,12.439613,6.889798,11.319732,9.567743,14.885386,15.652772,14.662857,13.100401,10.067213,6.372617,4.797529,0.0,4.8571787,6.552907,9.99581,12.799635,14.162808,10.95822,16.109264,13.400579,16.154001,13.92969,11.070939,15.622459,13.425688,18.101393,22.104473,23.352188,26.137508,28.868044,31.445398,29.868505,26.74816,23.331573,23.969053,20.402897,19.240309,15.485027,17.583395,14.293081,18.198013,14.590722,19.348186,20.21065,22.184532,19.647684,24.90933,23.762156,25.054708,27.747427,25.930777,29.771523,32.7726,31.72211,28.730549,31.837612,29.488056,32.96549,30.69198,35.698887,34.343937,34.681988,30.003973,29.383062,24.931116,25.250633,22.066122,22.66429,21.254206,20.626387,22.156563,19.873161,23.8978,22.490341,20.281208,22.078691,20.335796,16.488213,17.016636,11.249987,14.735822,11.783403,15.225233,17.276905,18.071291,21.79445,23.336119,27.231344,23.110914,25.932858,26.058287,24.91387,24.85762,20.618122,21.900665,19.621792,20.702589,23.93475,25.858011,24.145496,27.618908,23.906622,28.040617,26.575008,30.433243
18,17.080648,16.48442,11.535409,12.211024,9.592494,7.8113174,11.449486,8.362326,12.848129,13.650754,18.088184,19.865507,18.527233,16.279116,13.707819,9.520442,6.824275,4.8571787,0.0,4.434593,5.2980003,8.902337,11.548126,10.146363,14.95553,12.792346,16.931635,15.464395,13.852124,17.664219,17.087145,20.66158,25.644676,26.110514,29.378633,32.009636,34.26755,32.891937,29.34822,25.650763,27.248222,23.294828,22.876026,19.159752,20.100338,17.145168,20.212427,16.605387,21.371939,22.730988,25.290716,23.451853,28.496395,27.837452,28.636673,31.44011,29.078278,32.79321,35.804054,34.126514,30.91222,33.477936,30.677458,33.700638,30.805292,35.533966,33.531826,33.594814,28.669193,28.68163,23.934784,24.794794,22.380762,22.958042,22.487843,21.769909,24.072859,22.125828,26.197256,25.610989,23.854172,25.278542,23.795012,19.655218,19.35679,14.037162,15.96299,11.994007,14.888005,15.84743,16.359316,19.660683,22.278193,26.518255,23.15846,26.403614,27.091661,26.036333,25.224703,21.337969,21.485415,19.258413,19.150661,21.599716,24.39064,23.19916,27.306656,24.453382,28.744932,28.02831,31.855713
19,16.155165,15.622697,11.243733,11.709452,8.569665,9.3945265,11.752793,9.666252,14.338125,15.182259,20.36344,21.504045,21.093332,19.432747,16.539255,12.649356,10.220715,6.552907,4.434593,0.0,5.6857276,7.4417906,7.9792113,6.1222906,10.680392,8.384465,12.775007,11.764586,11.166327,14.670847,15.680805,18.77211,24.671103,25.464424,28.419184,31.43557,33.223274,31.514273,27.993294,24.09629,25.543678,21.020521,21.27769,17.122633,16.900482,14.2048,16.547756,13.256076,17.932077,19.855286,22.590496,21.363108,25.934046,25.883644,26.163774,29.189741,26.522486,30.265533,33.614944,31.66508,28.293295,31.101841,28.464327,31.28938,28.825045,32.952183,31.068354,31.639418,27.11855,27.561531,22.879929,24.418325,21.797014,23.307014,22.715977,22.839888,25.175825,23.667091,28.004938,27.4839,24.840752,25.70287,23.677988,19.477676,18.84185,13.351489,13.818267,9.305377,11.288771,12.131059,12.22717,15.844198,18.11934,22.167978,19.045828,22.370556,23.147257,22.477135,21.531319,18.219175,18.02937,16.781364,16.42192,18.846975,21.613407,20.52608,24.142534,21.829498,26.02176,25.440426,29.524685
20,12.032297,12.253951,7.1612077,9.670639,8.350189,8.115955,12.858754,12.393218,16.567059,18.735718,22.897879,25.026094,23.731302,21.285513,18.805782,14.668125,11.672692,9.99581,5.2980003,5.6857276,0.0,4.845791,8.811601,10.0184765,13.580351,12.46023,17.515795,17.087524,16.819128,19.8647,20.955315,23.57299,29.497223,29.529907,32.993374,35.675476,37.48626,36.146233,32.32714,28.395103,30.615387,26.21715,26.570812,22.727808,22.41144,19.861715,21.86249,18.454412,22.926823,24.78392,27.86304,26.849037,31.540192,31.537588,31.819555,34.79009,31.952784,35.549667,38.693905,36.42095,33.003098,35.174442,32.094444,34.55091,31.298027,35.382267,32.787823,32.77861,27.869217,28.757463,23.873728,25.547302,23.888332,24.782759,25.108644,24.642118,27.515373,26.01218,30.132236,30.163403,28.438217,29.411886,27.928194,23.632835,22.662638,17.75864,17.986408,13.34935,15.011124,14.575575,14.415398,17.083527,20.746616,25.058994,22.824146,26.400229,27.633844,26.901236,25.34924,22.229166,21.098549,19.48885,17.948252,19.248499,23.011911,22.516987,26.929585,25.27214,29.53779,29.57768,33.407883
21,11.681707,13.382816,9.131007,12.599238,11.520169,12.7065115,16.881405,16.342638,20.788023,22.124088,26.916342,28.38606,27.162674,24.954105,21.70506,18.154827,14.626709,12.799635,8.902337,7.4417906,4.845791,0.0,5.4860744,8.377188,10.890529,11.558118,16.130136,17.107832,17.714405,20.901646,22.930891,25.658175,31.985128,32.580456,35.641716,38.664062,40.222393,38.522556,34.870636,30.848133,32.557503,27.730253,28.39531,23.876238,22.67345,20.096313,21.053131,17.382175,21.310083,23.217049,26.8054,26.712471,31.226784,32.125385,32.344536,35.644432,32.880108,36.60913,40.197704,37.866516,34.34604,36.905163,34.07008,36.292828,33.476654,36.808174,34.214966,34.67068,30.168018,31.604576,26.797565,29.03956,27.311245,28.766022,28.974525,28.918482,31.709562,30.273367,34.501053,34.2707,32.07598,32.964455,31.06289,26.814993,25.884825,20.682287,20.212688,15.331409,15.785173,14.72409,13.199971,15.929919,19.597166,23.215168,22.166872,25.823503,27.138681,27.205183,25.504648,23.352972,21.672014,21.365582,19.233265,19.874363,24.032007,23.912325,27.744328,26.91386,30.989954,31.146996,35.228516
22,13.565671,14.769551,11.765108,13.923855,12.185959,15.090473,17.634708,17.347588,21.810106,22.86868,28.27809,29.07625,28.785017,27.190474,23.752947,20.339142,17.259954,14.162808,11.548126,7.9792113,8.811601,5.4860744,0.0,5.1827517,5.52582,7.2492065,11.475712,13.385731,15.18742,17.723154,21.140514,23.323698,30.182928,31.200127,33.787132,37.149555,38.24489,36.195297,32.72787,28.666029,30.013271,24.819092,26.088207,21.360155,18.984425,16.910248,16.795803,13.813891,17.238623,19.774815,23.3771,23.948063,27.741323,29.243052,28.917665,32.35132,29.395409,33.06316,36.94795,34.463943,30.889317,33.760666,31.267574,33.303963,31.183643,33.815395,31.57308,32.700134,28.817331,30.51254,25.969034,28.702332,26.613274,28.937468,28.809324,29.548635,32.170345,31.087538,35.520805,35.212738,32.14886,32.54273,30.138208,26.015768,24.926083,19.809149,18.170689,13.42635,12.54236,11.286092,8.764589,11.999203,14.877286,18.005175,17.40184,21.014889,22.347965,22.969046,21.248981,19.965855,18.046225,19.054142,16.922705,17.635784,21.405132,21.318861,24.253893,23.9856,27.76826,27.948383,32.216934
23,17.953396,18.29794,14.746311,15.749481,12.855578,15.155682,16.739737,14.833005,19.40941,19.053608,24.950653,24.985662,25.03539,23.945158,20.233452,17.294819,14.605122,10.95822,10.146363,6.1222906,10.0184765,8.377188,5.1827517,0.0,5.351476,5.192438,8.105379,9.451424,10.545859,14.097397,16.711483,19.797426,26.105997,27.855984,30.0087,33.52961,34.878788,32.589443,29.470339,25.568863,26.023825,20.937738,21.709944,16.60422,14.816262,12.166222,12.743562,9.1173935,13.156653,15.444937,18.783382,18.912493,23.009207,24.29925,24.363815,27.851694,25.331991,29.245562,33.251144,31.334171,27.887762,31.410688,29.320675,31.90181,30.35025,33.446598,31.879166,33.24156,29.432446,30.395927,25.979288,28.159678,25.291323,27.646332,26.73531,27.55965,29.62905,28.313135,32.73322,31.829191,28.36984,28.972343,26.28812,22.374619,21.85061,16.278198,15.572274,11.274211,11.162587,11.634963,9.968443,14.124857,15.4217415,18.318113,16.315393,19.585691,20.236149,20.777006,19.919926,18.042452,17.476133,18.24217,17.548372,19.532402,22.255653,21.438416,23.857607,22.475475,26.254168,25.62269,30.055279
24,17.97899,18.588526,16.324026,17.289207,14.956239,18.532246,19.565584,19.008234,23.272161,23.60695,29.470636,29.441795,29.999506,29.068378,25.483824,22.47516,19.919567,16.109264,14.95553,10.680392,13.580351,10.890529,5.52582,5.351476,0.0,4.826903,6.760016,10.072662,13.072828,14.930346,19.452301,21.261003,28.247007,29.917568,31.819595,35.5106,36.218815,33.75962,30.674816,26.729013,27.332396,21.917006,23.63507,18.726435,15.210853,13.721065,12.261069,10.270074,12.822522,15.988364,19.429197,20.691889,23.63878,25.784698,25.003826,28.563507,25.618639,29.251654,33.471954,31.061813,27.528109,30.939348,29.005995,30.989227,29.835299,31.836645,30.231598,32.089832,28.925756,30.58462,26.45951,29.371088,26.777933,29.803875,29.139538,30.561949,32.79963,31.959282,36.46247,35.893177,32.027855,32.04712,29.14485,25.350166,24.343927,19.423824,17.032326,13.044213,10.957122,10.243451,7.039746,10.835726,11.627415,13.724185,13.316752,16.651567,17.719835,19.092945,17.715918,17.395847,15.759831,18.15659,16.651989,17.800909,20.592112,20.302925,21.932684,21.935661,25.272377,25.189533,29.634737
25,18.099335,17.489195,15.110899,14.752508,11.765902,15.442344,15.430147,15.022943,18.979553,19.8399,25.496801,25.682066,26.73359,25.956543,22.98397,19.610226,17.801947,13.400579,12.792346,8.384465,12.46023,11.558118,7.2492065,5.192438,4.826903,0.0,5.866101,6.531374,9.402832,10.727472,15.344365,16.735111,23.890583,25.209614,27.350908,30.925953,31.697659,29.418367,26.143515,22.141638,23.197443,17.860228,19.629824,15.264905,12.126402,10.873588,10.728586,9.513333,13.082304,16.407476,19.075834,19.210062,22.18105,23.327372,22.316658,25.589136,22.310616,25.870392,29.76771,27.28992,23.732214,26.943499,24.825111,27.11837,25.791105,28.468805,27.042377,28.724983,25.354515,26.509447,22.393246,24.99613,22.138979,25.193165,24.366179,25.91537,28.096521,27.405363,31.922222,31.5486,27.608946,27.412739,24.596806,20.736048,19.559124,14.841077,12.228135,8.277328,6.5549536,7.0946717,5.857986,10.164299,10.62705,14.0109215,11.309757,14.713263,15.681362,16.007885,14.818382,13.316505,12.397336,13.91846,13.292872,15.559403,17.65475,16.787863,18.76502,17.8074,21.426256,21.133497,25.553047
26,23.64911,23.276714,20.91152,20.530054,17.346254,20.641542,20.01982,18.465694,22.214582,21.328741,27.428974,26.38909,27.95023,27.876738,24.444042,22.031475,20.464031,16.154001,16.931635,12.775007,17.515795,16.130136,11.475712,8.105379,6.760016,5.866101,0.0,4.9789553,8.628465,10.037583,14.788028,16.670965,23.126982,25.726562,26.77732,30.738909,31.351297,28.481665,25.974014,22.343306,21.718637,16.339293,18.06068,13.051525,8.862529,7.8485847,5.5213184,5.4191256,7.598793,11.408807,13.87525,14.9399805,17.185732,19.353119,18.320902,21.93967,19.244217,23.026598,27.500452,25.629496,22.279274,26.56196,25.376053,27.826342,27.7721,29.903135,29.34925,31.705124,29.04122,29.92129,26.295578,28.703915,25.269768,28.646484,27.064964,28.986427,30.497673,29.747646,34.15488,33.095383,28.467476,28.266308,24.89603,21.658169,21.1201,16.476677,14.290337,11.903025,9.995715,11.44914,9.945012,13.813056,11.957975,13.2498255,10.670336,13.093568,13.056138,14.6225605,14.579164,14.154131,14.369523,17.02593,17.388561,19.885468,20.991983,19.857824,20.217327,19.144669,22.07338,21.007872,25.599384
27,24.165525,22.888832,20.409811,18.986599,15.393024,18.297031,16.586948,14.845583,18.058666,17.408136,23.243929,22.318281,24.449072,24.604197,21.872784,19.242683,18.567698,13.92969,15.464395,11.764586,17.087524,17.107832,13.385731,9.451424,10.072662,6.531374,4.9789553,0.0,4.545373,5.327541,10.151976,11.837831,18.41576,20.804012,22.067259,25.942057,26.740393,24.038385,21.347164,17.668657,17.346199,11.992952,13.631475,9.150431,5.6770244,4.9043665,5.8338695,6.774161,10.059556,13.321791,14.657175,13.980535,16.386644,17.026402,15.834442,19.080898,16.031883,19.836653,23.92632,22.111546,18.753588,22.933455,21.598108,24.535896,24.33636,27.332193,27.034296,29.123243,26.24911,26.443163,22.919449,24.788963,20.987226,24.278069,22.365414,24.379402,25.686602,25.035791,29.410364,28.454609,23.711157,23.33119,19.99484,16.731096,16.187965,11.741672,9.745095,8.280556,7.5596447,10.579127,10.949106,14.711178,12.901167,15.3535,10.58136,12.759002,12.442541,12.458736,12.95022,10.804692,12.447983,13.795963,15.439364,18.950233,19.269999,17.479374,18.15309,15.67652,18.88634,17.33458,21.903135
28,25.691828,24.24759,21.087942,19.539373,15.652453,17.287106,15.503462,12.121715,15.204321,13.196807,19.215458,17.90853,20.04785,20.448895,17.810791,15.568562,15.491213,11.070939,13.852124,11.166327,16.819128,17.714405,15.18742,10.545859,13.072828,9.402832,8.628465,4.545373,0.0,5.872769,6.551556,10.567662,15.901828,18.728264,20.03072,23.781757,25.301779,22.713337,20.174599,16.719904,15.821359,11.11839,11.2076025,6.24394,6.5142927,3.74941,8.164264,7.4688053,11.437723,13.504294,14.334111,12.140065,15.675121,15.112075,15.006778,18.059805,15.743639,19.784193,23.556839,22.49083,19.4176,23.720646,22.412357,25.92379,25.515205,29.42889,29.275295,30.94354,27.655226,27.122437,23.526218,24.557795,20.39027,23.005554,20.585564,22.103512,22.97032,21.842674,26.105215,24.62138,19.967028,20.176857,16.879183,13.629909,13.939156,8.7227955,9.442069,8.574858,10.079485,13.563915,14.476285,18.34787,17.139345,19.878042,14.765631,16.65093,15.960042,15.251929,16.288046,12.885314,15.507402,15.2861395,17.689901,21.655375,21.883923,19.717731,20.926289,17.206444,20.59372,18.385105,22.74105
29,26.651817,24.476477,22.42252,19.832718,16.227228,18.86371,15.532338,14.322535,16.217422,16.251293,21.283575,20.434105,23.589703,24.174965,22.511436,19.798182,20.251308,15.622459,17.664219,14.670847,19.8647,20.901646,17.723154,14.097397,14.930346,10.727472,10.037583,5.327541,5.872769,0.0,7.327929,6.658042,13.745363,15.7816305,17.020178,20.863316,21.46458,18.86242,16.03459,12.364815,12.500943,7.143726,9.557421,7.3555613,4.920787,6.592151,8.836569,11.29856,13.985217,16.905138,16.993452,15.141564,16.602839,15.698225,13.672306,16.119593,12.345788,15.780065,19.336353,17.382553,14.057041,18.105309,16.848139,20.217762,20.327349,23.88554,24.182335,26.224577,23.61557,23.055307,20.091473,21.41581,17.198559,20.720316,18.34766,20.905182,21.847046,21.683342,25.913284,25.271488,20.160397,19.065655,15.67209,12.743742,11.909779,9.019906,6.2877035,7.8550277,8.0467005,11.9054365,13.823212,16.773787,14.481495,17.268572,11.030743,12.257507,11.5627985,9.796198,11.149357,7.4776793,11.155828,11.362064,14.673626,18.981155,17.935781,15.468274,15.733339,11.790145,14.854331,12.639517,17.102385
30,30.046305,27.83015,24.816309,22.28834,18.445421,19.090681,15.838194,12.040948,13.116035,10.382558,15.332822,13.446772,17.083143,18.375763,17.207926,15.485554,17.146164,13.425688,17.087145,15.680805,20.955315,22.930891,21.140514,16.711483,19.452301,15.344365,14.788028,10.151976,6.551556,7.327929,0.0,6.779205,9.711348,13.056801,14.087011,17.685827,19.764713,17.360365,15.135197,12.315874,10.758457,7.726617,5.8326716,4.349625,8.772505,7.9795914,12.775879,13.311734,16.437675,17.785223,17.128565,13.252911,16.05815,13.077079,13.110612,14.994389,13.041556,16.683899,19.528826,19.250628,16.765944,20.915432,19.937061,24.082031,23.956583,28.748428,29.275288,30.649654,27.497578,25.811136,22.864723,22.710932,18.012613,20.138166,16.74937,18.347223,18.204796,17.141718,21.05477,19.262363,14.026025,14.055797,10.531315,7.94073,9.417826,5.8163724,9.14239,11.120942,13.727204,17.678177,19.668901,23.022717,21.531364,24.43782,18.350136,19.390322,18.227484,16.2336,18.12693,13.637304,17.778646,16.083496,19.948475,24.554174,23.655775,20.88432,21.884825,16.610182,19.59349,16.440908,20.14163
31,30.454235,27.493069,25.644659,22.107443,18.704006,20.356228,15.626047,14.662402,14.505332,15.128434,18.52601,17.843845,22.090097,23.193941,22.975492,20.444584,22.204082,18.101393,20.66158,18.77211,23.57299,25.658175,23.323698,19.797426,21.261003,16.735111,16.670965,11.837831,10.567662,6.658042,6.779205,0.0,7.98437,9.166489,10.682018,14.314905,15.111987,12.914799,9.732756,6.159217,7.491626,4.2950478,6.291591,8.87635,9.865796,11.641409,14.777785,17.193516,19.772783,22.074745,21.220955,18.113073,19.03569,16.096758,13.910539,14.79099,10.932686,13.339171,15.404088,13.771529,11.0320215,14.339676,13.160069,17.352934,17.581799,22.32759,23.324358,24.884033,22.42939,20.521252,18.408419,18.400866,13.658174,16.85236,13.593595,16.60404,16.73008,17.120056,20.941805,20.620478,15.240886,13.212515,9.918,7.826125,6.885555,7.6617274,6.5565267,10.95461,12.565203,16.393356,19.279703,21.608185,19.51718,22.56725,15.86698,16.22945,15.299168,11.930133,13.902495,9.032323,13.998126,12.0242195,16.81523,21.606155,19.375246,16.30525,16.556097,10.660418,13.184974,9.88299,13.417434
32,37.539547,34.50394,32.25189,28.695297,25.286377,25.726093,20.991869,18.682428,17.213531,15.725342,17.370028,15.326214,20.654102,22.866728,23.618155,22.418283,25.222795,22.104473,25.644676,24.671103,29.497223,31.985128,30.182928,26.105997,28.247007,23.890583,23.126982,18.41576,15.901828,13.745363,9.711348,7.98437,0.0,6.2812195,4.657632,8.373392,10.75214,8.516285,7.7210097,7.7331567,4.6257887,8.038085,5.638676,11.4908495,15.120641,16.373913,20.07333,22.188715,24.273472,25.490717,23.510828,19.267595,19.690477,14.795659,13.690229,12.782125,11.233454,12.609568,12.963234,13.975032,13.131524,16.360357,16.533249,21.029133,22.050346,27.151371,28.979822,30.240093,28.101057,25.103956,23.832703,22.397497,17.63432,19.419155,15.090225,17.463846,15.599091,15.776637,18.336718,16.90344,10.994233,8.80788,5.2254906,7.4080234,9.26217,11.857755,13.987582,18.165005,20.397358,24.285797,27.071302,29.57185,27.352118,29.973139,23.323162,23.068504,21.475662,18.321533,21.048706,16.692455,21.805147,19.432718,24.441256,29.280266,26.71891,23.530195,23.418213,17.211178,18.560728,14.454949,16.24462
33,36.325207,32.699062,31.062605,26.857391,23.99262,24.296078,18.860798,18.286507,15.61367,16.989325,17.111797,17.072588,22.121332,23.71005,25.465246,23.388025,26.422098,23.352188,26.110514,25.464424,29.529907,32.580456,31.200127,27.855984,29.917568,25.209614,25.726562,20.804012,18.728264,15.7816305,13.056801,9.166489,6.2812195,0.0,5.140154,6.3571973,8.43025,8.5042095,5.3248453,5.5832114,8.776279,11.315136,10.816874,15.987046,18.670626,20.083271,23.694576,25.755772,28.40669,30.159052,28.728476,24.722387,25.409395,20.88522,19.244606,18.314587,15.651158,16.11533,15.2388935,14.672688,13.823098,14.554885,13.595398,17.96508,17.898193,23.835646,25.413555,25.951622,23.72502,20.08782,19.402807,17.215164,12.793408,14.177328,9.911969,12.843285,11.090905,12.589389,14.964208,15.445587,10.649439,6.615678,5.5350533,7.170971,6.920535,12.330772,13.476516,18.057463,20.48566,23.978525,27.417753,29.262325,27.649628,30.972301,24.229324,24.191784,23.28088,19.281672,21.197067,16.333168,21.010696,17.392906,22.526676,27.269598,24.297602,21.077322,21.6463,15.195173,16.5038,13.268617,13.941992
34,40.212868,36.817936,35.05135,31.07453,27.963453,28.519379,23.295376,21.981522,19.83078,19.516562,20.092123,18.653927,24.093958,26.284964,27.631355,26.259138,29.24319,26.137508,29.378633,28.419184,32.993374,35.641716,33.787132,30.0087,31.819595,27.350908,26.77732,22.067259,20.03072,17.020178,14.087011,10.682018,4.657632,5.140154,0.0,4.2423615,6.1429152,4.597374,4.818505,7.287098,6.1161447,10.819006,9.826443,15.841383,18.679327,20.48828,23.746067,26.351925,28.255379,29.683882,27.548775,23.511253,23.205574,18.31497,16.518803,14.716114,12.935493,12.720412,11.237861,12.282563,12.413098,14.25613,14.877822,19.194962,20.648226,25.694057,28.039766,29.177204,27.633295,24.17866,23.819252,21.972033,17.577719,19.27274,15.046537,17.833729,15.605028,16.702078,18.533777,17.952679,12.6514635,9.218706,7.272915,10.290113,11.151583,15.357845,16.516195,21.142859,23.100569,26.782604,29.881107,31.897913,29.519175,32.100952,25.409546,24.738188,23.225555,19.628527,22.333315,18.262787,23.334667,20.7615,25.95794,30.704569,27.4724,24.254114,23.717337,17.5413,18.009129,14.001621,14.429186
35,42.676414,39.030544,37.410107,33.203156,30.343615,30.50363,25.132353,24.166574,21.30445,21.540257,20.8568,19.927454,25.337828,27.54768,29.62525,28.310972,31.634134,28.868044,32.009636,31.43557,35.675476,38.664062,37.149555,33.52961,35.5106,30.925953,30.738909,25.942057,23.781757,20.863316,17.685827,14.314905,8.373392,6.3571973,4.2423615,0.0,4.579019,5.984487,6.7545958,10.021239,10.323793,14.960135,13.87994,19.818811,22.828732,24.508158,27.906672,30.347515,32.414154,33.78165,31.640041,27.439117,27.221966,22.114506,20.548191,18.432081,16.957777,16.18175,13.637271,14.757408,15.455291,15.898572,16.401794,20.407745,21.546652,26.869104,29.294287,29.962141,28.529652,24.555367,24.754677,22.214643,18.299225,19.20535,15.103707,17.560566,14.738633,16.29458,17.154003,17.106936,12.783017,8.956923,8.878002,12.444503,13.167079,18.146065,19.541208,24.189934,26.377623,29.925554,33.252953,35.066757,32.947697,35.744366,29.03806,28.377607,27.026325,23.201496,25.672749,21.499798,26.370485,23.250896,28.445005,33.116066,29.697767,26.497305,26.206099,20.044245,20.246405,16.677416,16.104837
