,0,1,2,3,4,5,6,7,8,9,10,11,12,13,14,15,16,17,18,19,20,21,22,23,24,25,26,27,28,29,30,31,32,33,34,35,36,37,38,39,40,41,42,43,44,45,46,47,48,49,50,51,52,53,54,55,56,57,58,59,60,61,62,63,64,65,66,67,68,69,70,71,72,73,74,75,76,77,78,79,80,81,82,83,84,85,86,87,88,89,90,91,92,93,94,95,96,97,98,99,100,101,102,103,104,105,106,107,108
0,0.0,4.643997,6.771763,9.485624,12.721361,13.999258,17.888683,21.582397,23.693056,28.206713,32.13652,34.859543,34.753345,32.595,28.755104,26.432234,22.355883,21.715616,17.495974,15.650844,13.38764,11.756762,12.807629,9.739252,12.870988,16.406927,18.280699,17.957388,19.41445,18.935925,22.613283,21.021233,27.837593,24.748655,29.358257,30.947798,31.951546,31.898912,27.352198,23.497389,28.504116,24.688978,26.648485,24.744831,23.136625,22.413134,23.268639,21.025602,24.841597,27.592657,30.212563,28.463306,30.91733,33.222786,30.628206,33.301785,33.1435,34.134552,39.24103,37.10454,33.67157,35.808685,33.26291,35.57217,33.139954,37.949894,36.950424,33.966484,34.87291,31.678303,33.59192,32.911266,30.748392,35.22148,34.45223,38.85561,40.193096,41.85171,44.63374,44.425438,42.797,39.35254,37.200363,33.29071,32.688015,27.49805,26.02251,21.07863,21.19733,19.25848,18.764662,20.961777,20.526068,24.12824,24.196802,25.747824,20.485027,24.211472,17.650011,21.840876,18.701006,17.39901,21.75253,22.84572,27.694077,26.962368,31.628128,32.469414,36.479885
1,4.643997,0.0,4.978851,6.75616,9.363023,12.159273,14.6837225,19.46924,20.935894,26.205034,29.737856,32.37261,32.820698,30.76582,27.332693,24.517525,20.794014,19.359863,15.48088,12.626699,11.499097,8.141402,10.724359,6.9910135,11.392549,14.287606,14.87362,14.806955,15.754189,16.427681,19.392931,19.060633,25.817299,23.594303,27.945724,29.903597,31.331627,30.845053,26.515362,22.446419,26.656988,22.577835,24.00011,21.424137,20.339968,18.95672,20.277523,17.330109,21.517544,23.95493,26.64485,24.596096,27.703283,29.780058,27.51188,30.456549,29.870594,31.123003,36.23289,33.714935,30.275917,31.92849,29.24099,31.305618,28.863503,33.47075,32.421406,29.410515,30.2319,27.049114,29.025414,28.455496,26.475302,31.0297,30.537495,34.936295,36.54854,38.22262,41.235916,41.08609,39.571712,35.951797,33.69652,29.751957,28.866617,23.990313,21.846935,16.927635,16.720104,14.68361,14.130523,16.432959,16.376234,19.716751,20.064268,21.542631,16.18818,20.25948,13.878731,18.282827,15.918924,15.259175,19.52297,20.022038,25.193619,23.583864,28.381796,28.913397,32.891537
2,6.771763,4.978851,0.0,5.038364,7.0248823,8.365459,11.747903,15.514581,17.788343,22.129658,26.428247,28.645994,29.050669,27.272251,23.375778,21.143034,17.309525,16.540483,12.995948,11.212531,10.849517,9.645192,13.124161,10.702189,15.202826,17.390072,17.822004,16.635382,16.477844,17.013905,18.746641,17.980654,23.718164,20.797827,25.438839,26.858416,28.706827,28.655573,24.358868,20.714212,25.316122,22.042662,22.935387,21.371904,21.431349,20.139544,22.424911,19.74185,24.309093,26.865385,29.07086,26.157059,29.575644,30.736828,28.121313,30.721983,29.62384,30.324293,35.280544,32.61154,29.214401,31.492224,29.358843,31.566996,30.08765,34.205887,33.613125,30.843153,30.85503,27.150032,28.707088,27.428999,25.033573,29.24164,28.311808,32.688282,33.916817,35.82361,38.43145,38.607815,37.339684,33.761177,31.910404,27.834831,27.573616,22.242586,20.898172,16.404829,16.498371,15.577426,15.094914,18.368734,19.081068,20.92782,20.996332,21.704199,16.202234,18.745577,12.342843,15.492915,12.198376,10.877258,15.126122,16.135044,20.970692,20.270638,24.887856,25.893728,29.87115
3,9.485624,6.75616,5.038364,0.0,3.7427344,5.9640307,8.759926,13.180235,14.453892,19.915295,23.091864,26.027065,26.223005,24.056059,20.849642,17.797882,14.165988,12.622522,8.787024,6.403614,6.119208,5.811974,9.504528,8.656285,12.870463,13.961209,14.428314,12.285536,11.895266,12.098578,13.863647,13.145494,19.279388,17.104239,21.405579,23.375183,25.112896,24.570707,20.394596,16.467283,20.583721,17.080694,18.032333,16.478733,16.594133,15.527036,18.091127,16.019335,20.570726,23.514177,25.151133,21.970074,25.083597,26.002583,23.19737,25.708326,24.73602,25.445131,30.455517,28.004202,24.58676,27.075441,25.02447,27.601797,26.334953,30.796919,30.637884,28.422354,28.736315,25.117958,26.035763,25.19024,22.284163,26.711245,25.464703,29.850225,31.003046,32.480305,35.292248,34.949543,33.331676,29.870234,27.777716,23.845997,23.465584,18.082056,17.2688,12.54703,13.571275,12.891716,13.676447,16.615818,18.590014,20.497328,21.45839,21.980486,16.366074,19.088713,13.43339,15.572634,13.301257,12.264243,15.645366,16.255072,20.461252,18.98966,23.660425,23.872892,28.017292
4,12.721361,9.363023,7.0248823,3.7427344,0.0,5.194627,5.3551702,10.855727,11.672341,17.489054,20.618223,23.181126,23.97731,22.11795,19.158207,15.956451,12.860221,10.7203045,8.0089245,5.095723,7.6222205,6.9153786,11.642147,10.972891,15.323077,15.678556,14.905957,12.660167,10.937018,12.457017,12.310238,12.987728,18.073677,16.557022,20.568087,22.554918,24.883818,24.177498,20.381115,16.686708,19.978762,16.809662,16.770275,15.112265,16.535925,14.858603,18.286768,15.781566,20.597641,23.15041,24.588558,20.77031,24.618801,24.825928,22.24652,24.795145,23.100456,23.768923,28.642458,25.705925,22.326431,24.622213,22.755692,25.118376,24.399122,28.31403,28.338085,26.240574,26.015905,22.154772,22.875294,21.725338,18.74578,23.072763,21.86421,26.258274,27.499783,29.141975,31.980963,31.895515,30.545254,26.908615,24.939919,20.87732,20.556364,15.250481,14.148131,9.825826,10.7215185,10.909418,11.75356,15.196308,17.830126,18.571283,19.615128,19.619198,14.123794,16.118176,11.138858,12.312046,10.700763,10.200334,13.03297,13.150901,17.384926,15.371987,20.089901,20.204533,24.332798
5,13.999258,12.159273,8.365459,5.9640307,5.194627,0.0,6.070544,7.6510367,10.150212,14.315796,18.295462,20.921957,20.841381,18.919132,15.192627,12.792857,8.985697,8.60933,5.7702346,6.683974,7.9205885,10.793412,14.1644535,14.435491,18.240396,18.63023,18.993633,15.8554735,14.202404,13.975424,13.658713,12.15662,16.119894,13.00641,17.594639,18.829464,21.201403,21.197515,17.239567,14.15586,18.544682,16.541246,16.619005,16.900438,18.563242,17.851517,21.321625,19.884186,24.44742,27.443789,28.371317,24.333036,27.512384,27.199642,23.99656,25.847631,24.277061,24.11108,28.751686,26.270575,23.029282,26.480087,25.33656,28.134918,28.20287,32.004253,32.529152,30.816702,30.274168,26.213078,26.344664,24.74755,21.178425,24.983963,22.941628,27.176289,27.651398,29.25854,31.484257,31.39653,30.003342,26.731514,25.218943,21.263607,21.872227,15.965383,16.869213,13.300291,14.963277,15.796368,16.8157,20.325476,22.999584,23.471935,24.275623,23.94712,18.586666,19.360493,14.63374,14.336394,11.511501,9.677538,11.808595,13.080775,15.927425,15.752383,19.936773,20.513365,24.640837
6,17.888683,14.6837225,11.747903,8.759926,5.3551702,6.070544,0.0,6.789284,6.7184944,12.840577,15.740467,17.981647,19.25389,17.74746,15.227683,11.931051,9.869253,7.240198,7.1108103,5.958434,10.260882,11.107467,15.51077,15.76722,19.722162,19.174702,17.79545,14.899265,11.754527,13.679809,10.808438,12.408868,15.145161,14.326468,17.778738,19.579279,22.646856,21.874603,18.740488,15.756629,18.01763,15.971286,14.552872,13.922444,17.193588,15.458563,19.827957,17.734102,22.432554,24.770382,25.466957,20.77414,24.962336,23.865261,21.271133,23.39181,20.815372,20.951874,25.438293,22.12527,18.920252,21.630146,20.542881,22.92571,23.550896,26.651731,27.370651,25.899223,24.857933,20.680784,20.474297,18.76005,15.108913,18.975813,17.16914,21.497389,22.40857,24.13318,26.763866,26.881723,25.793257,22.121756,20.52072,16.365345,16.672554,11.16164,11.202891,8.508427,10.049695,12.048656,13.379513,16.980583,20.54853,19.738684,20.947765,20.051517,15.184072,15.317936,12.22765,10.533236,9.922795,9.747641,10.597461,10.285587,13.247409,10.975179,15.430603,15.277237,19.46533
7,21.582397,19.46924,15.514581,13.180235,10.855727,7.6510367,6.789284,0.0,4.7884517,6.7494755,11.430969,13.356294,13.644265,12.420688,8.825811,7.04102,5.279167,5.895566,7.931778,10.566395,13.4821005,16.751198,20.212038,21.16536,24.752163,24.183195,23.732632,20.092869,17.082024,17.365437,14.083914,13.48726,13.223292,10.796472,14.350725,14.810237,18.482594,18.63694,15.914648,14.400291,17.172817,17.15932,15.426412,17.381979,21.059183,20.317913,24.696474,23.646368,28.044178,30.732637,30.82637,25.882376,29.355083,27.434803,24.27489,25.405365,22.773865,21.693975,25.519154,22.728363,19.959911,24.069588,24.121899,26.858662,28.628794,31.290108,32.666508,31.728231,30.184898,25.877333,24.878979,22.56213,18.37166,21.056877,18.068777,21.860014,21.509686,23.21977,24.782082,25.075005,24.143345,21.063995,20.388624,16.599045,18.426485,12.704116,15.567043,14.288131,16.32503,18.724728,20.079477,23.721573,27.290764,26.094961,27.00475,25.68492,21.165916,19.829805,17.352274,14.023287,12.369658,11.000883,9.840961,10.893258,10.65742,11.495361,14.47423,14.996991,18.901594
8,23.693056,20.935894,17.788343,14.453892,11.672341,10.150212,6.7184944,4.7884517,0.0,7.677907,9.032295,11.906819,12.840971,11.321023,9.949514,6.175764,6.599214,4.1565156,8.096986,9.843104,13.619701,16.42314,19.754553,21.234533,24.452477,23.084284,22.000122,18.23046,14.611913,15.49024,10.709718,11.7801695,10.584916,10.728426,12.95444,14.459143,18.197117,17.371952,15.311443,13.677159,14.578459,14.573575,11.85339,13.736676,18.30597,17.387337,22.093657,21.296152,25.402105,27.900957,27.50671,22.276936,25.824299,23.318287,20.378042,21.461733,18.370157,17.354235,21.135523,18.049654,15.273864,19.33252,19.618618,22.434858,24.680004,27.186283,28.94775,28.536167,27.085587,22.990217,21.353369,19.458546,14.887739,17.673859,14.457227,18.280922,18.100433,19.37963,21.473328,21.27162,20.080446,16.808199,15.791385,11.934134,13.6883545,7.9771843,11.733331,11.4223175,13.983511,16.855795,18.878223,22.020592,26.272099,24.843946,26.340652,24.903696,20.734518,19.635311,18.105564,14.554281,14.502706,14.069571,12.791187,12.635248,12.270735,10.891584,13.752277,12.824152,16.819664
9,28.206713,26.205034,22.129658,19.915295,17.489054,14.315796,12.840577,6.7494755,7.677907,0.0,7.21881,7.4249206,7.637609,7.9546,5.0772276,6.3934,8.305796,9.974551,13.576646,16.6548,19.575327,23.17715,26.40019,27.731829,31.098524,30.112333,29.490294,25.620588,22.22119,22.41651,18.021059,17.557013,13.940235,12.2642,14.02195,13.170824,17.644917,18.212275,16.988888,17.171051,18.57106,20.324793,17.673054,20.937134,25.442705,24.937698,29.539528,28.942,33.040344,35.57051,35.060596,29.748678,33.06406,30.073877,26.993649,27.34326,24.191343,22.227304,24.911318,22.262241,20.27309,24.881641,26.053211,28.669695,31.710552,33.44387,35.483433,35.195663,33.001232,28.728504,26.858507,24.105352,19.744265,20.980265,17.168114,19.974537,18.415144,20.063543,20.476593,21.172544,20.7872,18.351738,18.84062,15.81673,18.851841,14.239999,18.526625,18.91753,21.014027,24.03399,25.503473,29.042988,32.963387,30.908691,31.80971,29.93156,26.138348,23.546036,22.529026,17.820528,16.910833,15.827632,12.882009,13.739895,10.057677,12.499987,13.133947,13.657503,16.674114
10,32.13652,29.737856,26.428247,23.091864,20.618223,18.295462,15.740467,11.430969,9.032295,7.21881,0.0,5.695366,5.139356,4.4361253,7.7239795,6.4788465,10.740144,10.793001,15.302585,18.132065,21.126919,24.87511,27.391209,29.6291,32.253567,30.313446,29.49053,25.314035,21.699545,21.699938,16.336163,16.58255,10.405764,12.006517,11.0324545,11.156644,15.538122,14.896317,15.28955,16.171267,14.897716,17.78683,14.225879,18.44707,23.50651,23.415583,27.970987,28.307142,31.67366,34.155437,32.72832,27.324139,29.956825,26.0266,23.071753,22.653929,19.275356,16.655079,18.445065,16.21949,14.901522,20.111017,22.208595,25.099243,29.020672,30.549297,33.349377,34.045742,32.1606,28.397957,25.481205,23.515032,18.79159,19.620209,15.212945,17.279478,15.121403,15.407982,15.953132,15.247686,14.110138,12.280543,12.967748,11.011285,14.682029,11.405804,17.352144,18.903353,21.651583,24.89037,27.198792,29.97312,34.61699,32.62665,34.25814,32.36716,28.898907,26.809616,26.486126,21.871216,22.160172,21.615707,18.99333,18.987923,15.594911,15.714551,15.8171215,14.259164,16.796553
11,34.859543,32.37261,28.645994,26.027065,23.181126,20.921957,17.981647,13.356294,11.906819,7.4249206,5.695366,0.0,5.5222344,8.161016,9.934712,10.772606,14.422883,14.839727,19.243856,21.730425,25.182196,28.311018,31.517021,33.138103,36.282124,34.63385,33.309124,29.513094,25.612848,26.402765,20.766087,21.65875,16.055489,16.863886,16.430515,15.706317,20.251902,20.175133,20.557259,21.448252,20.579668,23.192596,19.479826,22.941473,28.315722,27.660976,32.461308,32.07846,35.728344,37.785534,36.637825,31.048685,34.41106,30.313778,27.813726,27.629845,23.739836,21.349974,22.62545,19.776762,18.828941,23.0847,25.316849,27.483553,31.792788,32.330208,35.05056,35.59581,32.868744,28.94548,26.08422,23.301321,19.076204,18.71118,14.390909,15.705764,12.95026,14.241722,13.626358,14.74883,15.225961,13.397585,15.175577,13.402229,17.185204,14.787439,19.556023,21.731525,23.73678,27.285841,29.002579,32.113586,36.53597,33.61496,34.803154,32.451202,29.593365,26.3041,26.948915,21.452225,22.023941,21.749239,18.178833,17.995737,13.174865,14.321615,12.774093,11.970409,13.504956
12,34.753345,32.820698,29.050669,26.223005,23.97731,20.841381,19.25389,13.644265,12.840971,7.637609,5.139356,5.5222344,0.0,3.8220131,6.8075557,8.915582,12.772124,14.370032,18.495241,21.95788,24.508474,28.75994,31.21499,33.37604,36.09304,34.45022,34.030064,29.750591,26.338976,25.8795,21.047554,20.268524,13.838364,13.77151,12.789349,11.061431,15.500883,16.020184,16.83544,18.674702,18.215399,21.730385,18.665257,23.30679,28.049002,28.206234,32.65034,33.067688,36.522903,39.141792,37.763683,32.40702,34.85094,30.944613,27.832117,27.108,24.026,21.086535,22.31244,20.655901,19.70644,25.002348,27.288319,30.110611,34.14509,35.494415,38.311214,38.93642,36.786644,32.898666,30.063683,27.706789,23.161621,23.456238,19.02533,20.546295,17.723812,18.182625,17.43031,17.294828,16.71708,15.791923,17.246244,15.818642,19.641937,16.50483,22.245245,23.599323,26.204227,29.413578,31.458332,34.515408,38.94186,36.83357,38.14511,36.131824,32.65746,30.0392,29.637527,24.724367,24.401506,23.455173,20.387337,20.950108,16.472641,18.365694,17.645973,17.036741,18.958895
13,32.595,30.76582,27.272251,24.056059,22.11795,18.919132,17.74746,12.420688,11.321023,7.9546,4.4361253,8.161016,3.8220131,0.0,5.5266647,6.262144,10.2697735,11.862917,15.818336,19.53454,21.665558,26.327583,28.310999,30.825535,33.209507,31.450613,31.41665,26.934488,23.802612,22.758572,18.349186,16.902376,10.25891,10.262269,8.971568,7.604144,12.108068,12.359852,13.070178,14.9883995,14.562159,18.248934,15.518892,20.590714,24.950857,25.494328,29.709337,30.55335,33.841465,36.736927,35.259697,30.092703,32.061386,28.405903,24.987524,24.162731,21.549873,18.554365,20.21367,19.016338,17.779938,23.52694,25.593601,28.81768,32.47224,34.46601,37.242508,37.876328,36.247616,32.448864,29.68597,27.779316,23.021236,24.026838,19.637247,21.63697,19.2403,19.325735,19.314608,18.322927,16.87468,15.861149,16.580357,14.997336,18.543999,14.856634,20.999792,21.8264,24.811382,27.753756,30.09606,32.95623,37.43747,35.93776,37.47601,35.76594,31.920244,30.040953,29.016214,24.699234,24.173553,23.06252,20.632694,21.294498,17.738613,19.01961,19.222271,18.272652,20.772348
14,28.755104,27.332693,23.375778,20.849642,19.158207,15.192627,15.227683,8.825811,9.949514,5.0772276,7.7239795,9.934712,6.8075557,5.5266647,0.0,5.0664663,7.094277,10.28111,13.425512,17.530529,19.36618,24.153055,26.460238,28.435623,31.247353,30.186287,30.462881,26.129227,23.259993,22.148125,18.599503,16.402056,11.986409,9.052637,10.551171,8.657554,13.031145,14.267949,13.248818,14.437016,16.35626,19.001947,17.042105,21.45023,25.302036,25.64339,29.831347,30.114319,33.900467,36.9294,36.108738,31.05224,33.417576,30.543203,26.953526,26.749432,24.358099,21.907608,24.455719,22.852102,20.977404,26.415176,27.750896,30.908087,33.829098,36.179432,38.404495,38.335327,36.664654,32.538773,30.515314,28.22405,23.620314,25.131601,21.096615,23.76028,21.863806,22.792046,22.980602,22.785557,21.693787,19.987587,20.365143,17.844833,20.977375,16.151546,21.364334,21.209131,23.888523,26.559097,28.418808,31.73935,35.70536,34.415817,35.515354,33.94907,29.74166,27.844053,26.051231,22.027689,20.527098,18.900867,16.681244,18.045248,14.842067,17.346138,18.186348,18.376259,21.337204
15,26.432234,24.517525,21.143034,17.797882,15.956451,12.792857,11.931051,7.04102,6.175764,6.3934,6.4788465,10.772606,8.915582,6.262144,5.0664663,0.0,4.365045,5.792361,9.640625,13.431244,15.611096,20.209381,22.396961,24.674665,27.269615,25.809021,25.85589,21.454529,18.4708,17.482327,13.579697,11.89816,7.7568855,6.413926,8.045304,8.484899,12.584151,12.443722,10.95508,11.050952,12.2892275,14.351809,12.132798,16.38581,20.372547,20.671331,24.907562,25.322868,28.972212,32.0044,31.069363,26.03979,28.362537,25.568142,21.986467,22.016375,19.62471,17.490181,20.63056,18.844822,16.590408,21.99525,23.043375,26.387777,29.044725,31.771976,33.978786,34.012913,32.771862,28.8311,26.753805,25.001425,20.247137,22.407698,18.52582,21.620049,20.332203,20.949469,22.113916,21.289793,19.635101,17.457306,17.024097,14.175583,16.8377,11.624009,17.057703,16.746172,19.776672,22.368504,24.64072,27.612194,31.851818,30.887215,32.394848,31.036516,26.72244,25.588932,23.698019,20.168043,19.266678,18.041794,16.49346,17.242813,15.338006,15.918985,17.65837,16.928312,20.380833
16,22.355883,20.794014,17.309525,14.165988,12.860221,8.985697,9.869253,5.279167,6.599214,8.305796,10.740144,14.422883,12.772124,10.2697735,7.094277,4.365045,0.0,4.4679165,6.3823247,10.784639,12.273729,17.260365,19.394104,21.424938,24.160656,23.237255,23.798582,19.478872,17.036783,15.612861,13.129371,10.326829,9.354752,5.563144,9.626269,10.20642,13.425836,13.672945,10.710206,9.642614,13.070059,13.882101,12.856329,16.302862,19.347313,19.685444,23.622768,23.79793,27.701778,30.963705,30.536346,25.84535,28.15869,26.252422,22.507544,23.019833,21.185816,19.604168,23.395845,21.642286,18.96237,24.016298,24.33079,27.713348,29.482883,32.79556,34.505722,34.003433,33.08798,29.060986,27.655403,25.964472,21.427639,24.243578,20.838211,24.402489,23.624956,24.545488,26.005861,25.340813,23.6487,21.191969,20.32987,17.069286,19.061348,13.214233,17.527258,15.94242,18.842773,20.881721,22.914564,26.052448,29.843218,29.507143,30.816832,29.818724,25.038897,24.51415,21.580112,18.947767,17.187462,15.504514,14.911857,16.15216,15.52583,16.325409,18.963867,18.808722,22.610764
17,21.715616,19.359863,16.540483,12.622522,10.7203045,8.60933,7.240198,5.895566,4.1565156,9.974551,10.793001,14.839727,14.370032,11.862917,10.28111,5.792361,4.4679165,0.0,4.6111016,7.676952,10.410039,14.479076,16.93628,19.051785,21.781128,20.375744,20.210886,15.959524,13.011848,12.453206,8.930815,7.9896946,8.211634,7.5648355,10.544164,12.604531,15.629539,14.706201,11.9448185,9.732988,11.654045,11.317272,9.650917,12.170151,15.776374,15.6408615,19.907347,19.854616,23.764795,26.822683,26.343193,21.50566,24.194479,22.23839,18.750206,19.711563,17.545612,16.5158,20.731821,18.479612,15.498223,20.069056,20.055857,23.402973,25.019764,28.42591,30.103603,29.685278,28.972965,25.099997,23.637737,22.34938,17.806858,21.074574,17.97586,21.790445,21.60115,22.39318,24.573568,23.682539,21.840685,18.937897,17.483145,13.934668,15.293289,9.267248,13.285104,11.693474,14.85199,17.00282,19.401682,22.2417,26.390104,26.023035,27.705011,26.76075,22.0987,22.057579,19.466297,17.077324,16.305529,15.357126,15.077936,15.4436865,15.728465,14.696627,17.849327,16.917368,20.917313
18,17.495974,15.48088,12.995948,8.787024,8.0089245,5.7702346,7.1108103,7.931778,8.096986,13.576646,15.302585,19.243856,18.495241,15.818336,13.425512,9.640625,6.3823247,4.6111016,0.0,4.8372145,6.0820622,11.01927,13.076534,15.166603,17.853636,16.980904,17.643366,13.43974,11.533616,10.044198,9.215439,6.611387,10.733834,8.678716,12.71359,14.86382,16.931751,16.201088,12.410655,8.99754,12.805496,10.964309,11.119649,12.470626,14.380541,14.493497,18.103199,17.995878,22.023552,25.429531,25.466465,21.25422,23.604387,22.804434,19.18012,20.576782,19.313232,18.863308,23.52538,21.612514,18.408867,22.53092,21.745476,25.13516,25.635256,29.796957,30.935646,30.017952,29.900585,26.137177,25.392658,24.425098,20.273588,24.117104,21.555143,25.609417,25.811792,26.676601,29.065891,28.114023,26.109102,23.177692,21.371214,17.79363,18.445112,12.471379,14.9907055,11.80043,14.768064,15.917533,18.164612,20.922829,24.529482,25.214369,26.800093,26.419083,21.256796,22.294054,18.456694,17.547102,15.989699,14.6847515,15.751571,16.476526,18.101204,17.138826,20.946342,20.40646,24.549435
19,15.650844,12.626699,11.212531,6.403614,5.095723,6.683974,5.958434,10.566395,9.843104,16.6548,18.132065,21.730425,21.95788,19.53454,17.530529,13.431244,10.784639,7.676952,4.8372145,0.0,4.8905206,6.8116765,10.035481,11.509933,14.639466,13.706543,13.366772,9.7254925,7.600496,8.036355,7.6516347,8.109749,13.70971,13.213889,16.636322,19.285486,21.28796,20.022217,16.427477,12.504786,15.118857,11.7358465,11.854591,10.601947,12.174158,11.179926,14.898664,13.7363615,18.144302,21.247454,21.81425,17.764475,20.85112,20.698366,17.676441,19.951628,18.56911,19.112015,24.085907,21.631931,18.222,21.094118,19.462736,22.472738,22.10644,26.509834,27.144245,25.836939,26.06948,22.48476,22.302778,21.764694,18.139067,22.544724,20.800154,25.06865,26.046358,27.034927,30.01699,29.17087,27.273886,23.919016,21.648596,17.879135,17.517275,12.0530405,12.368223,8.078275,10.710373,11.272629,13.623198,16.16473,19.78245,20.802622,22.611639,22.54383,17.342804,19.381445,15.408613,15.6147995,14.817812,14.295153,16.104008,16.090525,19.06303,16.677956,21.047543,20.23645,24.417591
20,13.38764,11.499097,10.849517,6.119208,7.6222205,7.9205885,10.260882,13.4821005,13.619701,19.575327,21.126919,25.182196,24.508474,21.665558,19.36618,15.611096,12.273729,10.410039,6.0820622,4.8905206,0.0,6.573036,7.235555,9.697986,11.9062605,11.508201,13.271772,9.43864,9.551952,7.0777006,10.265391,7.67258,14.887578,13.308758,17.078394,19.676256,20.708664,19.67491,15.518067,11.212583,15.245545,11.469576,13.386498,12.688476,12.035869,12.352323,14.652348,14.538462,18.389545,22.129162,22.776958,19.63833,21.42675,22.209179,18.779184,20.814398,20.623327,21.09617,26.13664,24.532042,21.181833,24.402386,22.649141,25.95607,24.973766,30.043724,30.522182,29.152735,30.015827,26.701792,26.71303,26.480042,22.93307,27.378492,25.537773,29.743116,30.524027,31.277153,34.13387,32.92714,30.66393,27.656076,25.305437,21.830736,21.49976,16.103191,16.882607,12.357891,14.864131,14.465977,16.673792,18.715443,21.646849,23.910938,25.634039,26.079126,20.658827,23.373077,18.554424,19.665134,18.021997,16.896336,19.299023,19.878235,22.849604,21.216784,25.54998,24.938549,29.131664
21,11.756762,8.141402,9.645192,5.811974,6.9153786,10.793412,11.107467,16.751198,16.42314,23.17715,24.87511,28.311018,28.75994,26.327583,24.153055,20.209381,17.260365,14.479076,11.01927,6.8116765,6.573036,0.0,5.428314,4.9392776,8.758371,8.94378,8.6163435,7.064983,7.694602,8.8859415,11.797895,12.680323,19.733202,19.250051,22.69782,25.5261,26.92237,25.54205,21.691517,17.332113,20.063679,15.460418,16.708197,13.431758,12.430712,10.882018,12.817095,10.377335,14.846225,17.824156,19.62837,17.016191,20.004955,21.701534,19.387968,22.420712,21.867321,23.377428,28.519182,26.15749,22.735304,24.297962,21.586802,24.068123,21.858526,26.951313,26.546854,24.421427,25.67846,22.685839,23.69732,23.876614,21.322456,26.146023,25.392738,29.704437,31.340109,32.386093,35.767277,34.919838,32.9872,29.500185,26.850155,23.202711,21.907703,17.397732,15.521882,10.358104,11.369648,9.520598,11.213024,12.808125,15.20929,18.213919,20.029766,21.039158,15.742029,19.844952,14.916446,17.70514,16.934834,16.78855,19.873724,19.66816,24.002565,21.104877,25.84568,25.167593,29.238396
22,12.807629,10.724359,13.124161,9.504528,11.642147,14.1644535,15.51077,20.212038,19.754553,26.40019,27.391209,31.517021,31.21499,28.310999,26.460238,22.396961,19.394104,16.93628,13.076534,10.035481,7.235555,5.428314,0.0,4.842887,4.9031024,4.712038,7.9791203,6.0748744,9.3136635,7.574417,13.210573,12.464474,20.352476,19.934298,23.033817,26.13124,26.602058,25.03308,21.13594,16.654856,19.48282,14.444642,17.07636,14.117,10.800496,10.870895,10.815938,10.4614525,13.557506,17.396639,18.844824,17.371384,18.511572,21.192833,18.577932,21.353342,22.088293,23.661081,28.792747,27.351048,24.04804,25.879288,23.122131,26.030016,23.345522,29.19081,28.895533,27.16291,29.245525,26.744604,27.478518,28.226624,25.517492,30.360476,29.36846,33.548183,34.987286,35.55096,38.960117,37.48866,35.043655,31.948992,29.07041,25.849241,24.462315,20.166687,19.162466,14.205314,15.827184,13.728459,15.829967,16.334875,18.409904,22.487345,24.548744,25.897577,20.794855,25.212343,20.254183,23.078522,22.071505,21.55545,24.632494,24.71481,28.629871,25.987259,30.599094,29.645071,33.738884
23,9.739252,6.9910135,10.702189,8.656285,10.972891,14.435491,15.76722,21.16536,21.234533,27.731829,29.6291,33.138103,33.37604,30.825535,28.435623,24.674665,21.424938,19.051785,15.166603,11.509933,9.697986,4.9392776,4.842887,0.0,4.964095,7.3823304,8.594767,8.961632,11.430194,11.713615,16.114674,16.257048,23.850033,22.996658,26.554182,29.350578,30.248266,28.966743,24.916296,20.475489,23.606766,18.71002,20.726059,17.251328,14.740677,13.651385,13.849815,11.511985,15.106438,18.046146,20.527706,19.224182,21.444187,24.288088,22.209984,25.332209,25.4989,27.262966,32.419315,30.385258,27.009724,28.25951,25.202097,27.510538,24.391188,29.840887,28.902372,26.404331,28.314373,25.768618,27.324327,27.8205,25.71406,30.596275,30.127106,34.422173,36.194477,37.215054,40.66761,39.735126,37.688744,34.264446,31.495401,27.964607,26.456137,22.196047,20.014812,14.881529,15.343796,12.61476,13.544043,14.248112,15.13598,19.664661,21.23771,22.96483,17.875074,22.82043,17.411598,21.343546,20.2177,19.953964,23.59006,23.572708,28.292574,25.593388,30.406488,29.905102,33.937134
24,12.870988,11.392549,15.202826,12.870463,15.323077,18.240396,19.722162,24.752163,24.452477,31.098524,32.253567,36.282124,36.09304,33.209507,31.247353,27.269615,24.160656,21.781128,17.853636,14.639466,11.9062605,8.758371,4.9031024,4.964095,0.0,4.3948135,8.326927,9.104883,12.99993,11.935599,17.663914,17.225393,25.148243,24.69374,27.786922,30.875868,31.102247,29.545187,25.640392,21.201067,23.968039,18.787971,21.604725,18.095205,14.005786,13.895609,12.335682,11.553157,13.635136,17.057957,19.29644,19.159208,19.881176,23.641394,21.608883,24.588406,25.73428,27.693308,32.759872,31.392155,28.159891,29.341242,26.162306,28.68068,25.061604,31.085382,30.185278,28.056488,30.739407,28.707323,30.02676,31.109072,28.95373,33.88355,33.33568,37.504436,39.22854,39.83016,43.404156,41.949833,39.50915,36.367,33.359016,30.205074,28.47494,24.592236,22.813879,17.860743,18.755175,15.8778925,17.333141,17.02408,17.850515,23.095583,25.022444,26.975842,22.192366,27.391867,22.248892,26.060318,25.067629,24.703201,28.208138,28.227505,32.648846,29.847704,34.580727,33.71296,37.74291
25,16.406927,14.287606,17.390072,13.961209,15.678556,18.63023,19.174702,24.183195,23.084284,30.112333,30.313446,34.63385,34.45022,31.450613,30.186287,25.809021,23.237255,20.375744,16.980904,13.706543,11.508201,8.94378,4.712038,7.3823304,4.3948135,0.0,5.8371077,5.835773,10.254635,8.99677,14.816404,15.011738,22.706308,23.276104,25.709507,29.191938,29.368206,27.325449,23.837494,19.429796,21.106146,15.707561,18.496756,14.63562,9.973775,10.184116,8.043017,8.489585,10.072118,14.083119,15.582076,15.406481,15.597217,19.386486,17.396778,20.41393,21.795998,23.952276,28.92711,27.76856,24.658237,25.69114,22.529816,25.249638,21.7331,28.006248,27.495478,25.96336,28.873781,27.052471,27.819925,29.305292,26.96652,31.85365,31.2045,35.19651,36.897713,37.13794,40.84484,39.024746,36.379353,33.39741,30.218687,27.378712,25.431934,22.033949,20.52162,15.940307,17.354137,14.778301,17.10996,16.361994,18.306572,23.071442,25.554533,27.212202,22.629635,27.60758,23.171804,26.248293,25.860981,25.691978,28.682981,28.428019,32.394466,29.132675,33.6849,32.284233,36.238422
26,18.280699,14.87362,17.822004,14.428314,14.905957,18.993633,17.79545,23.732632,22.000122,29.490294,29.49053,33.309124,34.030064,31.41665,30.462881,25.85589,23.798582,20.210886,17.643366,13.366772,13.271772,8.6163435,7.9791203,8.594767,8.326927,5.8371077,0.0,4.9492865,7.839952,10.168758,13.595896,16.351448,23.237154,24.710316,26.908358,30.527004,31.446653,29.138018,25.998491,21.637999,22.262358,16.889643,18.31012,13.02105,9.987034,7.7997556,6.8537564,3.34112,6.6440964,9.654609,11.952836,11.287198,13.602362,17.058733,16.11462,19.80986,20.104296,22.826748,27.716955,25.690775,22.607903,22.424784,18.774473,20.797497,16.792074,22.825176,21.948765,20.16966,23.161526,21.588724,22.648205,24.460106,22.722837,27.623768,27.625793,31.51541,33.72117,34.111473,38.119602,36.608368,34.32546,31.010136,27.745157,24.849516,22.341684,19.768045,16.733902,12.533021,13.111678,10.13569,12.605239,11.046067,13.637793,18.017225,20.909533,22.504257,18.494959,23.692308,20.219831,23.294216,23.952003,24.511644,27.233286,26.316895,30.553244,26.36379,30.857784,29.178102,32.897774
27,17.957388,14.806955,16.635382,12.285536,12.660167,15.8554735,14.899265,20.092869,18.23046,25.620588,25.314035,29.513094,29.750591,26.934488,26.129227,21.454529,19.478872,15.959524,13.43974,9.7254925,9.43864,7.064983,6.0748744,8.961632,9.104883,5.835773,4.9492865,0.0,4.482032,5.2366567,9.3652,11.432737,18.44069,19.930672,22.015535,25.671535,26.510117,24.194975,21.068584,16.738537,17.418438,12.062427,13.740108,9.187602,6.119899,4.9115505,5.81664,5.5354476,8.954259,12.822373,13.540634,11.381236,13.118048,15.418077,13.279487,16.567457,16.906103,19.080256,24.14535,22.426003,19.217813,20.2624,17.256224,20.148254,17.484337,23.466888,23.505842,22.38022,24.678268,22.520578,22.709257,24.081793,21.42811,26.252317,25.473822,29.412819,31.10992,31.325129,35.08554,33.338516,30.830362,27.70985,24.536417,21.625505,19.629875,16.33359,14.835513,10.496058,12.486086,10.720873,13.92526,13.64074,17.115536,20.392376,23.192902,24.187466,19.6761,23.914234,20.31384,22.313505,22.596834,22.736166,25.061085,24.443956,27.97681,24.263218,28.621838,26.871643,30.754763
28,19.41445,15.754189,16.477844,11.895266,10.937018,14.202404,11.754527,17.082024,14.611913,22.22119,21.699545,25.612848,26.338976,23.802612,23.259993,18.4708,17.036783,13.011848,11.533616,7.600496,9.551952,7.694602,9.3136635,11.430194,12.99993,10.254635,7.839952,4.482032,0.0,5.899541,5.9599752,10.287683,16.06303,18.14072,20.025743,23.631828,25.152538,22.789814,19.987143,15.935541,15.9304085,11.157336,11.287028,6.283806,6.842262,3.9662855,8.192111,6.857397,10.9645195,13.967109,14.223654,10.339487,13.703658,14.28729,12.182437,15.479847,14.482222,16.505087,21.566307,19.130621,15.805462,16.888441,14.1383915,17.053904,15.443631,20.785398,21.26562,20.374237,21.866596,19.277994,19.003876,20.064295,17.10208,21.87944,20.995039,24.95603,26.672207,27.007488,30.784922,29.268621,27.009623,23.668022,20.584156,17.448505,15.484937,12.102817,10.427298,6.249576,8.90001,8.347573,12.050224,12.484519,16.909897,18.683477,21.551401,21.921728,17.55015,20.936956,18.128609,19.107721,19.962313,20.388426,22.103058,21.166447,24.347212,20.271574,24.466978,22.503218,26.338741
29,18.935925,16.427681,17.013905,12.098578,12.457017,13.975424,13.679809,17.365437,15.49024,22.41651,21.699938,26.402765,25.8795,22.758572,22.148125,17.482327,15.612861,12.453206,10.044198,8.036355,7.0777006,8.8859415,7.574417,11.713615,11.935599,8.99677,10.168758,5.2366567,5.899541,0.0,6.76235,6.414717,13.757288,15.147672,17.047543,20.74838,21.336489,19.028397,15.878608,11.585643,12.505739,7.2153325,9.689439,7.3931513,4.9920936,6.506863,8.482054,10.348364,13.095082,17.200346,16.814753,13.882662,14.5994,15.543146,12.092563,14.397798,14.972622,16.190386,21.305054,20.188116,16.976387,19.617767,17.590837,21.23979,19.981396,25.65937,26.50926,25.971485,27.6684,25.093218,24.470987,25.358213,21.862507,26.381815,24.716522,28.58176,29.602938,29.577291,32.944145,30.89342,28.100235,25.34395,22.380983,19.595514,18.405672,14.325581,15.091605,11.234958,14.379784,13.86654,17.228806,17.84155,21.655897,24.151957,26.771566,27.277,22.483818,25.69385,22.049889,22.916092,22.683882,22.278692,24.09084,23.910666,26.48538,23.553219,27.607712,25.855957,29.829458
30,22.613283,19.392931,18.746641,13.863647,12.310238,13.658713,10.808438,14.083914,10.709718,18.021059,16.336163,20.766087,21.047554,18.349186,18.599503,13.579697,13.129371,8.930815,9.215439,7.6516347,10.265391,11.797895,13.210573,16.114674,17.663914,14.816404,13.595896,9.3652,5.9599752,6.76235,0.0,6.8178015,10.407911,13.594648,14.653803,18.389025,20.181644,17.620045,15.424487,12.033555,10.825269,7.2820487,5.7040977,3.3852477,7.817072,7.1819863,11.749454,12.329853,15.527365,18.562506,17.554815,12.808148,15.327992,13.761123,10.58276,12.694196,10.919189,11.775558,16.854984,14.592449,11.183195,14.196434,12.9290695,16.66454,17.202269,21.742266,23.353865,23.390434,24.024223,21.08881,19.536455,20.044981,16.030006,20.200449,18.19118,21.931538,22.874851,22.832678,26.26872,24.384193,21.861105,18.8097,15.902804,12.883312,11.853657,7.604858,9.480505,7.37102,11.255668,12.576508,16.192709,17.370937,22.156626,22.730364,25.445045,25.086443,20.830946,22.656881,20.49822,19.665276,20.431005,20.507828,21.149366,20.422047,22.10546,18.583715,22.128532,19.815884,23.616302
31,21.021233,19.060633,17.980654,13.145494,12.987728,12.15662,12.408868,13.48726,11.7801695,17.557013,16.58255,21.65875,20.268524,16.902376,16.402056,11.89816,10.326829,7.9896946,6.611387,8.109749,7.67258,12.680323,12.464474,16.257048,17.225393,15.011738,16.351448,11.432737,10.287683,6.414717,6.8178015,0.0,7.985391,8.833915,10.766782,14.34291,15.135179,13.084923,9.785391,5.657086,7.605147,4.506361,6.5506325,8.91543,9.72564,11.4992075,14.384639,16.274168,19.143484,23.044544,22.106098,18.319471,19.023706,18.213326,14.040718,14.901121,14.851199,14.427655,19.221292,18.466152,15.413143,19.884695,19.192007,23.206398,23.602318,28.456924,30.029503,29.892067,30.646908,27.5319,26.17787,26.24221,21.977556,25.88083,23.224102,26.912025,27.05775,26.960705,29.659128,27.569532,24.721748,22.355053,19.980244,17.2592,17.412844,12.402866,15.791458,13.008362,16.709507,17.492905,20.676863,22.270163,26.35595,27.758707,30.05206,29.927246,25.023302,26.819038,23.424257,22.800955,22.05608,21.100887,22.028162,22.34544,23.559092,21.780962,25.263071,23.703964,27.652685
32,27.837593,25.817299,23.718164,19.279388,18.073677,16.119894,15.145161,13.223292,10.584916,13.940235,10.405764,16.055489,13.838364,10.25891,11.986409,7.7568855,9.354752,8.211634,10.733834,13.70971,14.887578,19.733202,20.352476,23.850033,25.148243,22.706308,23.237154,18.44069,16.06303,13.757288,10.407911,7.985391,0.0,6.453136,4.5469637,8.550024,10.470606,7.9105415,7.254685,7.1442666,4.687655,8.108738,6.1422677,12.09894,15.3862505,16.867844,20.399593,22.386013,24.991438,28.39302,26.601856,22.050613,22.82248,19.9274,15.886609,15.142817,13.861952,11.423293,14.890223,14.577013,12.37258,18.406818,19.500122,23.553017,25.943647,29.529339,32.078655,32.801655,32.642467,29.396236,26.89557,26.446846,21.661352,24.328163,20.669249,23.54509,22.585491,21.94495,23.855959,21.377964,18.380516,16.825087,15.295191,13.450798,15.203337,10.931202,16.957602,16.492426,20.272484,22.314512,25.492887,27.40223,32.04392,32.06461,34.325188,33.43018,29.078218,29.296593,27.227215,24.737173,24.44689,23.526209,22.867044,23.138344,22.225664,21.149094,23.264967,21.311436,24.70112
33,24.748655,23.594303,20.797827,17.104239,16.557022,13.00641,14.326468,10.796472,10.728426,12.2642,12.006517,16.863886,13.77151,10.262269,9.052637,6.413926,5.563144,7.5648355,8.678716,13.213889,13.308758,19.250051,19.934298,22.996658,24.69374,23.276104,24.710316,19.930672,18.14072,15.147672,13.594648,8.833915,6.453136,0.0,5.0671268,6.3947077,8.398229,8.417759,5.168995,5.4296374,9.167146,11.3618,11.281447,16.171268,18.401606,19.890102,23.18191,24.673943,27.857191,31.556814,30.512674,26.19656,27.19214,25.24656,21.042032,20.745695,19.895819,17.799974,21.313698,20.842203,18.459787,24.210073,24.828007,28.719595,30.518322,34.325134,36.377693,36.3771,36.041325,32.36382,30.550224,29.474056,24.755363,27.579874,23.935034,27.168167,26.075035,26.185295,27.56931,25.92242,23.479311,21.78746,20.744415,18.278963,20.258686,14.927488,20.161766,18.588057,22.045198,23.77477,26.369932,28.927319,32.926903,33.255756,34.956738,34.19473,29.338514,29.416441,26.35018,24.129257,22.529211,20.820312,20.469057,21.653418,20.799328,21.321262,23.6981,22.92969,26.556597
34,29.358257,27.945724,25.438839,21.405579,20.568087,17.594639,17.778738,14.350725,12.95444,14.02195,11.0324545,16.430515,12.789349,8.971568,10.551171,8.045304,9.626269,10.544164,12.71359,16.636322,17.078394,22.69782,23.033817,26.554182,27.786922,25.709507,26.908358,22.015535,20.025743,17.047543,14.653803,10.766782,4.5469637,5.0671268,0.0,4.3279405,6.0607038,4.467132,4.6274557,7.2480993,6.9290853,11.3270855,10.499389,16.482151,19.124916,20.977293,24.186909,26.37441,28.977802,32.58598,30.83046,26.462902,26.84048,24.089571,19.915384,18.715618,17.936539,15.083323,17.72772,18.119862,16.375275,22.607332,23.957838,27.995522,30.486296,34.009563,36.599285,37.27007,36.96756,33.572327,31.095692,30.321348,25.474504,27.82011,23.879013,26.5273,25.010162,24.39669,25.56541,23.178186,20.290247,19.372486,18.504488,16.990889,19.271082,15.016403,21.14771,20.528704,24.219412,26.22328,29.196583,31.371147,35.80168,35.8903,37.915955,36.982666,32.461826,32.365543,30.005106,27.325678,26.398605,25.012875,24.15454,24.961527,23.38129,23.497221,25.238266,23.793272,27.021843
35,30.947798,29.903597,26.858416,23.375183,22.554918,18.829464,19.579279,14.810237,14.459143,13.170824,11.156644,15.706317,11.061431,7.604144,8.657554,8.484899,10.20642,12.604531,14.86382,19.285486,19.676256,25.5261,26.13124,29.350578,30.875868,29.191938,30.527004,25.671535,23.631828,20.74838,18.389025,14.34291,8.550024,6.3947077,4.3279405,0.0,4.6210093,6.06692,6.7137165,10.199725,11.207546,15.495049,14.657175,20.499258,23.230213,24.937256,28.246363,30.159784,33.008526,36.60482,35.012127,30.53663,31.138332,28.328049,24.209301,22.957163,21.980505,18.937775,21.060114,21.384245,19.88249,26.14334,27.717756,31.594868,34.33707,37.546402,40.150013,40.698627,40.009438,36.383404,33.935246,32.67994,27.818493,29.759237,25.599802,28.041588,26.054825,25.691032,26.138779,24.207235,21.761988,21.147083,20.95531,19.489075,22.279957,17.957129,24.12264,23.609388,27.095253,29.261753,31.93244,34.48199,38.74759,38.554623,40.27695,39.16859,34.63811,33.966473,31.610716,28.519266,27.149643,25.456514,24.190756,25.404114,23.055593,24.314749,25.564972,24.677748,27.677433
36,31.951546,31.331627,28.706827,25.112896,24.883818,21.201403,22.646856,18.482594,18.197117,17.644917,15.538122,20.251902,15.500883,12.108068,13.031145,12.584151,13.425836,15.629539,16.931751,21.28796,20.708664,26.92237,26.602058,30.248266,31.102247,29.368206,31.446653,26.510117,25.152538,21.336489,20.181644,15.135179,10.470606,8.398229,6.0607038,4.6210093,0.0,4.0518417,5.53224,9.988944,11.234079,15.678276,15.993896,21.934437,23.626549,26.021637,28.643276,31.274864,33.664276,37.56613,35.786427,31.814262,31.47238,29.076735,24.73964,23.09554,23.14296,20.11764,22.106672,23.386797,21.997002,28.30447,29.738752,33.863747,36.22215,39.936836,42.52939,43.17343,42.97969,39.54789,37.145813,36.276314,31.422201,33.633698,29.567257,32.02477,30.124397,29.433329,29.990974,27.560806,24.692663,24.446507,23.95677,22.805191,25.234205,21.065128,27.127403,26.175558,29.838099,31.603256,34.460823,36.71189,40.879894,41.332546,43.20018,42.37625,37.635433,37.538578,34.71976,32.188686,30.603516,28.75331,27.971117,29.30783,27.380219,28.500435,30.019688,29.021238,32.099075
