,0,1,2,3,4,5,6,7,8,9,10,11,12,13,14,15,16,17,18,19,20,21,22,23,24,25,26,27,28,29,30,31,32,33,34,35,36,37,38,39,40,41,42,43,44,45,46,47,48,49,50,51,52,53,54,55,56,57,58,59,60,61,62,63,64,65,66,67,68,69,70,71,72,73,74,75,76,77,78,79,80,81,82,83,84,85,86,87,88,89,90,91,92,93,94,95,96,97,98,99,100,101,102,103,104,105,106,107,108,109
0,0.0,4.693996,6.7901697,9.388978,12.748387,14.2725525,17.885078,21.830292,23.681442,27.454842,32.197964,35.45806,32.751846,31.34234,26.539179,25.279612,21.523352,20.662174,17.639647,16.13807,16.64539,11.054027,13.346911,14.926928,12.83032,15.391474,16.459602,19.422943,20.756868,24.447912,26.237652,29.701591,35.680958,37.083313,39.512638,42.72893,44.498608,42.437637,39.15392,34.8635,35.857697,30.867636,31.267977,25.71949,25.593708,21.135145,21.100792,15.760797,17.017107,18.298359,22.419674,21.457306,27.080336,28.936594,30.195648,33.758724,31.8488,34.072876,37.941387,33.570496,30.77648,28.314981,24.499619,23.323557,18.427982,20.833508,15.534599,17.431158,14.545287,14.725436,16.289467,17.905611,19.110718,23.11523,25.740778,27.674927,31.164097,31.82582,34.116535,35.99385,35.32306,36.379322,35.795322,31.654772,29.839174,23.605595,24.286999,19.663622,20.084412,19.040049,19.673552,20.512428,22.643621,24.047787,25.927652,27.976286,29.514963,27.612614,33.069874,30.798975,36.17005,37.248528,40.388046,39.118324,36.861877,36.11697,31.40794,32.7874,28.889574,31.786133
1,4.693996,0.0,5.281954,6.4759955,9.445999,12.519089,14.718234,19.720646,20.998056,25.343863,29.788849,33.18435,31.105808,29.843002,25.236626,23.540064,20.31123,18.66432,16.356232,14.187616,16.115084,11.378194,13.201754,13.23549,10.254742,12.553067,12.450597,15.64457,17.318455,20.847523,23.03374,26.451721,32.459587,34.318962,36.330406,39.775574,41.360596,39.0376,35.99494,31.71878,32.22115,27.125698,27.657173,21.910772,21.343132,17.049225,16.612904,11.488834,12.353263,13.6698,17.813679,17.214657,22.55285,24.803,25.979586,29.637438,28.108793,30.528288,34.553555,30.54304,27.733938,25.404465,21.371788,20.829157,15.660233,19.37936,14.534519,17.432913,15.580787,15.542994,17.085995,18.21738,18.49277,22.645777,24.642159,26.572306,29.76008,30.070576,32.898808,34.22792,32.96707,34.234463,33.200912,29.112307,27.199844,21.281303,21.500673,17.023235,16.884747,15.913814,16.045107,17.644657,19.753038,20.385653,22.421898,24.79256,26.198765,24.394241,29.871662,27.660124,33.27214,34.486134,37.995075,36.724403,34.81628,34.316353,29.037413,30.537865,26.572664,29.320463
2,6.7901697,5.281954,0.0,5.099339,7.0729585,8.589537,11.878959,15.579612,17.741869,21.07685,26.304811,29.276062,26.769308,25.766739,20.862257,19.915869,16.65786,15.89126,14.188941,13.281778,15.714766,11.077452,14.838905,14.973582,13.387212,13.843899,14.548459,16.33465,16.448795,21.023048,21.445587,25.926376,30.977423,33.16185,35.103622,38.39614,40.51067,38.241955,35.381153,31.327824,31.406952,26.726444,26.380203,20.637392,21.326204,16.628456,17.52834,11.925937,13.894271,14.509411,17.923344,15.83315,22.04415,22.979366,24.685713,28.127522,25.791817,28.16361,31.733744,27.307516,24.753994,21.765427,17.933046,16.596514,11.679883,14.389382,9.395182,12.190863,10.817059,11.54379,13.647286,15.785104,17.05815,20.39203,22.894606,24.03936,27.420738,27.440268,29.898567,30.989063,30.526339,32.15409,31.43098,27.295042,26.152096,19.833666,21.322235,17.097677,18.143902,18.26707,18.946272,21.093294,22.13383,22.4782,25.346468,27.50778,28.40121,26.039608,31.571714,28.437103,34.215515,34.654896,38.173634,36.25487,34.076843,34.250088,29.111917,31.317928,27.784582,31.118412
3,9.388978,6.4759955,5.099339,0.0,3.7935085,6.6301064,8.776003,13.770732,14.705786,19.482796,23.428186,26.996666,25.053486,23.61984,19.271479,17.174322,14.169782,12.2363,10.49254,8.67359,12.024154,8.722501,11.751574,10.733496,9.659038,8.97474,10.234208,11.442772,11.684671,16.065289,17.006428,21.026886,26.520813,28.462929,30.505192,33.83235,35.745922,33.52688,30.522987,26.388718,26.80406,22.011097,22.00506,16.458887,17.062485,12.3122015,13.626233,7.775125,10.9773655,12.841302,15.767028,13.468537,19.403727,20.594404,21.362135,24.752758,22.696877,24.746712,28.74742,24.525442,21.58931,19.713114,15.946808,15.684178,11.797511,14.915269,11.752657,13.999605,12.824196,11.730024,12.928561,13.587506,13.46907,17.20321,18.978569,20.543558,23.634874,23.721073,26.655066,27.782057,26.57303,27.978432,27.03145,22.909954,21.38758,15.252506,16.290737,12.056803,13.138193,13.643522,14.747444,17.081684,17.443544,17.79058,21.005888,22.92215,23.601297,21.0666,26.589262,23.34464,29.120068,29.600574,33.17,31.367386,29.342224,29.456604,24.126286,26.32641,22.81938,26.198915
4,12.748387,9.445999,7.0729585,3.7935085,0.0,5.324418,5.2741337,10.911388,11.661041,16.432096,20.51952,23.938702,22.393559,21.301117,17.077219,15.034654,12.801657,10.626008,10.503356,9.149847,13.728247,11.611225,14.6893835,12.868201,12.004741,10.090583,10.463565,10.547615,9.741835,14.651495,14.612586,19.334066,24.114576,26.729467,28.290993,31.725702,33.786835,31.36197,28.733305,24.80829,24.422863,19.852846,19.338882,13.570538,14.699956,9.89377,11.932972,6.459902,9.98087,11.227602,13.300347,10.124267,16.382158,16.988768,18.019785,21.364256,19.126703,21.365843,25.242664,21.105415,18.315907,16.14599,12.251399,12.312445,8.660407,12.495738,10.441179,13.202064,13.348015,12.595692,13.891788,14.634074,14.310112,17.35234,18.751396,19.733208,22.555363,22.095665,25.261843,25.681192,24.415188,26.258158,25.076885,21.029018,19.974298,14.114118,15.530669,11.981292,13.225608,14.49774,15.355072,18.436905,18.196695,17.619932,21.30317,23.303051,23.553202,20.877686,26.263622,22.602182,28.563421,28.69394,32.541843,30.38166,28.54317,29.270262,23.651955,26.319902,23.122421,26.579924
5,14.2725525,12.519089,8.589537,6.6301064,5.324418,0.0,6.00362,7.757016,9.851813,13.484662,18.023827,21.211868,18.700819,17.357122,12.74094,11.327578,8.301903,7.808024,7.690381,8.686037,12.375949,10.670066,15.142302,14.324267,15.097579,12.465851,14.712132,13.695858,11.292751,16.69729,14.651481,19.999758,23.86558,26.040651,28.06747,31.039608,33.684097,31.68488,28.91778,25.241592,25.262964,21.3484,20.047476,15.115731,17.790867,13.051836,16.327515,11.133487,15.179961,16.348122,17.86664,13.648946,20.060137,19.212986,20.226099,23.019257,19.769333,21.375744,24.73271,19.86927,17.184292,14.925573,11.896607,10.732417,9.186283,9.529745,8.731939,9.301977,9.38421,8.062381,9.325797,10.759282,11.763975,13.736961,16.00621,16.259325,19.514599,19.168934,21.591753,22.420572,22.323713,24.158524,23.74293,19.651127,19.370502,12.974617,16.081871,12.886849,15.681162,17.575445,19.32411,21.919321,20.895496,20.999157,25.010473,26.433193,26.393496,23.229448,28.470514,24.066679,29.73197,29.048508,32.464725,29.78413,27.401644,28.492264,23.632675,26.75352,24.093382,28.121256
6,17.885078,14.718234,11.878959,8.776003,5.2741337,6.00362,0.0,6.918047,6.6405387,11.914217,15.487499,18.92016,17.959631,17.066545,13.425618,11.094972,10.284991,7.7898903,10.1129675,9.824727,15.111217,14.753734,17.823864,15.416314,15.561443,12.138445,12.60802,10.583466,7.5367317,12.916936,10.636821,16.349571,19.841518,23.071547,24.19977,27.587315,29.972216,27.49127,25.256773,21.7333,20.588917,16.658714,15.192194,9.708987,12.494251,8.084516,11.895977,8.180175,12.008732,12.883827,13.104998,8.319946,14.38761,13.43106,14.240709,17.155354,14.289093,16.329828,20.05924,15.83546,13.067378,11.127278,7.5053515,8.527451,7.609678,10.673139,11.487129,13.552109,14.9771185,13.942204,14.83249,15.170107,14.438395,16.25635,17.006966,17.13498,19.465364,18.332224,21.72359,21.31753,20.021196,22.339409,21.026018,17.139639,16.904373,11.649702,13.940323,11.786594,13.745359,16.160633,17.248856,20.73353,19.304892,18.032097,22.333118,23.991161,23.533806,20.51279,25.48323,21.05273,26.965488,26.34448,30.32898,27.603716,25.89637,27.481222,21.851337,25.19291,22.683577,26.367521
7,21.830292,19.720646,15.579612,13.770732,10.911388,7.757016,6.918047,0.0,4.6776476,5.760144,11.207226,13.713509,11.564277,11.066824,6.8702855,6.5633674,6.922558,7.6157837,11.241403,13.35344,17.51403,17.643225,21.756632,20.204784,21.411165,17.662815,19.261147,16.635366,12.418634,17.612629,12.51458,18.934927,20.149784,23.332237,24.516714,27.237307,30.488615,28.448002,26.508192,23.689014,22.364807,19.805523,16.958277,13.232149,17.66562,14.035548,18.428112,15.062887,18.868399,19.229391,18.910532,13.484634,19.070166,15.922157,17.159237,18.97964,14.614806,15.806616,18.172178,12.927601,10.91974,7.940052,6.5845456,5.1846213,8.968672,6.816623,11.07278,10.847457,13.523532,12.818545,13.593019,14.7222595,15.398855,15.119729,16.504877,14.917557,17.312632,15.667007,17.967802,17.117588,17.810427,20.609573,20.228647,16.662828,18.073374,13.147542,17.32879,16.073692,19.213614,22.086227,23.725441,26.910599,24.856731,23.965092,28.49933,29.687847,28.85612,25.458992,30.028502,24.83189,30.251965,28.496704,32.014362,28.470592,26.30043,28.745388,24.101147,28.065403,26.38897,30.541712
8,23.681442,20.998056,17.741869,14.705786,11.661041,9.851813,6.6405387,4.6776476,0.0,7.1110606,8.874055,12.599479,12.118891,11.097531,8.854973,5.929403,7.890854,6.2551513,10.932374,12.339809,17.013577,18.37093,21.498661,19.125933,20.574833,16.185822,17.577639,14.041602,9.293792,13.87026,8.023185,14.519108,15.588077,19.028986,19.997286,22.915422,25.985498,23.834103,21.946173,19.185322,17.692537,15.285713,12.315437,9.137548,14.10825,11.187779,16.043425,13.810543,17.729036,18.61096,17.582577,12.303217,16.8615,13.826375,13.803814,15.376066,11.263349,11.989409,15.128426,10.251797,7.359362,6.9744205,6.128301,7.7890925,11.437303,11.280655,15.029359,15.302653,17.395016,15.801496,15.948082,15.709782,14.858368,14.654391,14.711091,13.39906,15.006802,13.029615,16.332117,15.027696,14.261755,17.124292,16.157574,12.617699,13.998892,10.023232,13.853009,13.612686,16.594929,19.890556,21.561684,24.85627,22.190992,20.91094,25.594667,26.531939,25.343971,21.917667,26.126524,20.785921,26.111423,24.255243,27.96592,24.426449,22.61466,25.281979,20.353552,24.447931,23.055891,27.066586
9,27.454842,25.343863,21.07685,19.482796,16.432096,13.484662,11.914217,5.760144,7.1110606,0.0,7.860829,8.63364,6.819811,7.969874,5.7685466,7.602439,10.35216,11.732771,15.993412,18.423695,22.391315,23.117218,27.15397,25.456953,26.857334,22.805435,24.157993,21.000843,16.372837,20.869898,14.447745,20.755713,19.694845,23.405613,23.877108,26.16417,29.856617,27.923698,26.729954,24.754744,22.536226,21.27914,17.488333,15.307836,20.349005,17.740936,22.285967,19.927534,23.39976,23.313461,22.080664,16.540857,20.980013,16.360073,17.720892,18.466906,13.441971,13.970198,14.789477,9.39722,8.896482,5.443215,7.5041676,6.3518996,12.547203,9.182261,15.0600395,14.302584,17.761766,17.421316,17.984615,19.04203,19.725412,18.262882,19.133867,16.434374,17.940596,15.448179,17.144299,14.780197,16.538752,19.959976,19.78275,17.054861,19.686066,16.293793,20.687296,20.481874,23.648796,26.843647,28.414797,31.768211,29.265287,27.957108,32.618553,33.629467,32.381603,28.953787,32.95727,27.4553,32.44984,29.9824,33.369934,29.30759,27.325178,30.612192,26.44037,30.76471,29.773285,33.896458
10,32.197964,29.788849,26.304811,23.428186,20.51952,18.023827,15.487499,11.207226,8.874055,7.860829,0.0,4.91161,7.127684,6.64113,9.357505,8.06956,12.526018,12.665413,17.336672,19.562204,23.213083,25.73913,28.702862,26.424894,28.630278,23.831112,25.527765,21.290262,16.363169,19.198355,11.813602,16.72273,13.401875,16.872648,17.0773,18.808199,22.808842,21.307972,20.433302,19.37222,17.252422,17.605377,13.354235,14.158686,19.619019,18.40243,23.282797,22.21301,25.922144,26.643282,24.686789,19.558132,22.35075,17.791904,17.02537,16.499157,11.896533,10.066576,10.665012,5.9162526,5.2990847,8.546437,11.754491,13.138263,18.856771,16.715773,22.092295,21.134941,23.686537,21.985065,21.553974,20.912392,20.103445,17.812325,16.920292,13.826187,13.536777,10.193926,12.440169,8.457636,9.363526,13.172544,12.969861,11.352914,15.105506,14.380839,18.472628,20.02695,23.258606,26.956804,28.870901,31.966478,28.407473,27.036991,31.760574,32.02937,30.154392,26.654871,29.630081,23.82897,27.883373,24.574978,27.629583,23.1876,21.558668,25.63268,22.167034,26.728998,26.799156,30.758482
11,35.45806,33.18435,29.276062,26.996666,23.938702,21.211868,18.92016,13.713509,12.599479,8.63364,4.91161,0.0,5.493394,7.419846,10.774877,11.626548,15.883267,16.879154,21.471842,23.959887,27.54628,29.663553,33.04315,30.963057,32.989784,28.33551,29.803469,25.755518,20.85903,23.849857,16.518394,21.389866,17.166065,20.819197,20.429932,21.697676,25.864304,24.455603,24.237782,23.703371,20.96477,21.859451,17.395876,18.225561,23.581755,22.46821,27.189163,26.133604,29.57618,29.751686,27.585636,22.380377,24.978006,19.661499,19.684992,18.69612,13.937788,12.266268,10.7505,6.856749,8.570297,9.749014,13.794741,14.403982,20.688976,17.708464,23.68929,22.51106,25.673506,24.641111,24.475399,24.476698,24.332409,21.703459,21.245485,17.723114,17.396349,14.062969,15.0718355,10.404647,12.93884,16.72201,16.856743,15.9133215,19.876814,19.216017,23.368782,24.777245,27.968988,31.609398,33.358532,36.610638,33.199284,31.646746,36.35916,36.76269,34.864536,31.436043,34.307198,28.555225,32.455166,28.957,31.85363,27.25911,25.720469,30.043978,26.911617,31.487734,31.686697,35.608593
12,32.751846,31.105808,26.769308,25.053486,22.393559,18.700819,17.959631,11.564277,12.118891,6.819811,7.127684,5.493394,0.0,3.8462856,6.5287385,9.364423,12.838033,15.221531,19.231985,22.388477,25.364868,26.982046,30.967905,29.60256,31.83834,27.447285,29.591831,25.948595,21.03809,24.894531,17.749096,23.180733,20.424969,23.23885,23.906742,25.154335,29.402838,28.222517,27.23375,26.084324,24.364414,24.354616,20.235647,19.888592,25.30483,23.161097,28.004095,25.795923,29.610655,29.881968,28.502117,23.00664,26.887625,21.937506,22.524664,22.347836,17.321024,16.344168,15.774537,10.955427,11.432849,10.840878,14.010884,13.091546,19.228014,14.672886,20.668783,18.492783,21.508638,20.642952,20.514257,21.118586,21.99447,19.041176,19.664711,15.87353,16.565147,13.875129,13.870609,10.857026,14.931858,18.18592,19.105543,17.366161,21.002111,18.8283,23.69526,24.275688,27.964394,31.434933,33.491352,36.48455,33.35677,32.462704,37.20534,37.659817,36.097206,32.471474,35.907974,30.061298,34.233074,30.884132,33.549614,29.017881,26.80254,30.668932,27.7698,32.28684,32.148224,36.42517
13,31.34234,29.843002,25.766739,23.61984,21.301117,17.357122,17.066545,11.066824,11.097531,7.969874,6.64113,7.419846,3.8462856,0.0,5.336505,6.8287473,10.328035,12.796726,16.524675,19.880426,22.385756,24.527746,28.275791,27.03595,29.724058,25.209084,27.930052,24.150858,19.245918,22.942629,15.9186,20.987692,18.814714,20.809902,22.1999,23.33597,27.574936,26.673883,25.15495,23.807037,23.003542,22.807173,19.016428,18.86956,24.293558,21.99289,26.977854,24.550222,28.722733,29.54207,28.448872,23.01678,27.10394,22.73683,22.683718,22.712109,17.897165,16.606123,16.932407,11.966671,11.383552,12.066464,14.619083,14.021397,19.670258,15.317169,20.783161,18.269459,20.51653,18.844213,18.227346,18.200361,18.82745,15.530548,16.033972,12.109702,12.878104,10.453649,10.309081,8.252282,12.528755,15.3393755,16.672773,14.705366,18.23421,15.983448,21.053093,21.72883,25.693731,29.203918,31.594826,34.261578,30.91592,30.470139,35.19173,35.36896,33.820457,30.085678,33.494125,27.585556,31.575384,28.166197,30.585766,26.102179,23.601473,27.294613,24.715546,29.184437,29.155287,33.541428
14,26.539179,25.236626,20.862257,19.271479,17.077219,12.74094,13.425618,6.8702855,8.854973,5.7685466,9.357505,10.774877,6.5287385,5.336505,0.0,5.063458,6.8594046,10.172661,13.505246,16.941427,19.654535,20.717762,25.035843,24.122879,26.377785,22.319252,24.974993,21.850025,17.2184,21.8243,15.547727,21.39365,20.97263,23.253054,24.864323,26.648178,30.549452,29.24025,27.336819,25.199871,24.464542,23.087826,19.701843,17.843008,22.929352,19.771084,24.535147,21.272556,25.41697,26.052685,25.576574,20.097836,25.14296,21.246456,21.958218,22.848118,17.999205,17.83624,18.982998,13.496081,12.281023,10.843583,12.027564,10.316751,15.273793,10.394384,15.571414,12.961342,15.35817,14.148624,14.078045,15.030389,16.480822,14.086389,15.733992,12.6021805,14.752746,13.02045,13.578493,12.8769655,15.924519,18.584288,19.449783,16.527481,19.105291,15.071881,20.207277,19.74694,23.662739,26.83557,29.081987,31.807568,29.105118,28.794952,33.44221,34.0348,32.91044,29.225216,33.318783,27.64131,32.30742,29.599686,32.374973,28.281137,25.640879,28.636568,25.327871,29.582483,28.753641,33.21532
15,25.279612,23.540064,19.915869,17.174322,15.034654,11.327578,11.094972,6.5633674,5.929403,7.602439,8.06956,11.626548,9.364423,6.8287473,5.063458,0.0,4.470699,5.9855285,10.02489,13.1254425,16.158638,18.228102,21.772736,20.31751,22.895723,18.412151,21.295956,17.709778,12.961645,17.174067,10.954422,16.517849,16.887512,18.833185,20.811201,22.845295,26.467049,25.139498,22.843037,20.409939,20.245121,18.592981,15.591619,13.998257,19.059397,16.084995,21.025019,18.116661,22.53647,23.838535,23.285967,18.060852,22.75131,19.57046,19.253386,20.269093,15.915818,15.447537,17.711233,12.461797,10.0682125,10.680896,11.267287,11.199902,15.420986,12.587534,16.790596,15.043452,16.532047,14.162517,13.519995,12.989711,12.956285,10.913723,11.5776615,8.965886,11.029422,9.37626,11.424153,11.217773,12.465724,14.847981,15.330552,11.961062,14.139326,10.09082,15.243398,15.203713,19.197716,22.574223,25.011648,27.61181,24.52631,24.289764,28.961393,29.312937,28.075014,24.341612,28.328474,22.623053,27.270697,24.685541,27.57677,23.655748,21.094183,23.933441,20.317348,24.572884,23.767672,28.20383
16,21.523352,20.31123,16.65786,14.169782,12.801657,8.301903,10.284991,6.922558,7.890854,10.35216,12.526018,15.883267,12.838033,10.328035,6.8594046,4.470699,0.0,4.5926514,6.6972094,10.430248,12.798515,14.22756,18.268282,17.509888,20.20129,16.186823,19.719662,16.855473,12.751511,17.449488,12.720062,17.987503,19.99977,21.318464,23.87468,26.018042,29.353836,28.07805,25.269089,22.28777,22.917461,20.409088,18.18006,15.546716,19.913744,16.139307,20.719093,16.767431,21.38766,22.962326,23.290392,18.331608,23.793243,21.461224,21.421005,23.06797,19.023197,19.091202,21.785847,16.53141,13.92173,13.609102,12.92654,12.080737,14.679821,11.782556,14.578189,12.38335,12.8342705,9.884398,9.101365,8.8446045,9.758991,8.403716,10.566463,9.031612,12.313139,11.891461,13.518576,14.801653,15.939899,17.61644,18.248531,14.492342,15.572256,9.991235,15.059387,13.78467,17.981663,20.931404,23.576319,25.804518,23.200554,23.651915,28.119896,28.567036,27.774132,24.062916,28.53157,23.143602,27.985771,25.946077,28.701008,25.228817,22.353004,24.337034,20.726366,24.563894,23.190552,27.73254
17,20.662174,18.66432,15.89126,12.2363,10.626008,7.808024,7.7898903,7.6157837,6.2551513,11.732771,12.665413,16.879154,15.221531,12.796726,10.172661,5.9855285,4.5926514,0.0,4.8837657,7.202591,11.011019,13.140972,16.167984,14.39068,16.95251,12.457299,15.747767,12.453233,8.253498,12.870672,8.804433,13.934197,17.1041,18.610518,21.066795,23.683765,26.54676,24.973906,22.015173,18.64394,19.350554,16.271399,14.600575,11.621828,15.645644,11.967584,16.59817,13.110945,17.833551,19.866142,20.02553,15.445878,20.46084,18.89231,18.16907,20.070887,16.697424,16.910982,20.46149,15.7283125,12.5007925,13.157522,11.798502,12.38875,14.182939,13.544474,15.646604,14.9231205,15.213576,12.118869,11.391645,9.953454,8.605958,8.930769,9.527297,9.395617,12.075242,11.612974,14.674977,15.607072,14.823536,16.383724,16.139412,12.05023,12.204841,6.12879,10.788824,9.597182,13.646102,16.813087,19.394417,21.801085,18.992208,19.149498,23.684416,24.159603,23.304125,19.629406,24.179285,18.898176,24.049168,22.44601,25.62677,22.486105,20.007341,21.74643,17.266485,21.03069,19.364487,23.759727
18,17.639647,16.356232,14.188941,10.49254,10.503356,7.690381,10.1129675,11.241403,10.932374,15.993412,17.336672,21.471842,19.231985,16.524675,13.505246,10.02489,6.6972094,4.8837657,0.0,4.223945,6.3986073,8.628615,11.770626,10.930222,14.154801,10.267286,14.851118,12.578427,9.948728,14.085581,12.298294,16.051094,20.595263,21.04939,24.194029,26.6775,29.206196,27.89969,24.392641,20.645737,22.514177,18.902895,18.200499,14.969518,17.872187,13.803065,17.61282,13.225263,18.0224,20.623997,21.765457,17.880781,23.187681,22.596752,21.861248,24.12188,21.179905,21.524487,25.272478,20.610044,17.345764,17.760092,15.863077,15.921384,16.230032,15.732582,16.183338,15.141132,13.862044,9.858261,8.559344,6.0856085,4.4359174,6.928001,8.729632,10.224138,13.549878,14.3061495,16.783697,19.02138,18.309837,19.01806,19.114014,15.035749,14.103997,7.501705,11.108147,8.42814,12.6655035,15.145117,18.193998,19.78309,17.41142,18.763197,22.861351,23.195642,22.860033,19.282246,24.132341,19.400812,24.369965,23.353533,26.120745,23.591074,20.794664,21.437065,17.361132,20.411964,18.219337,22.660973
19,16.13807,14.187616,13.281778,8.67359,9.149847,8.686037,9.824727,13.35344,12.339809,18.423695,19.562204,23.959887,22.388477,19.880426,16.941427,13.1254425,10.430248,7.202591,4.223945,0.0,5.627509,7.704106,9.292229,7.2230105,10.215855,6.0496445,10.884221,9.02023,7.8299375,11.396369,11.880909,14.730218,20.585682,21.138594,24.092451,26.961409,28.905565,27.320612,23.716125,19.586283,21.569344,17.251112,17.477764,13.726131,15.411766,11.355374,14.423122,10.122608,14.797653,17.944242,19.372683,16.339779,21.225546,21.72904,20.668991,23.29395,21.152319,21.841892,26.11271,21.957472,18.498896,19.09278,16.577711,17.33037,16.512247,17.728312,17.29055,17.432642,16.046293,12.474646,11.634021,9.208437,6.195828,10.216991,10.819713,13.265119,16.008406,16.741283,19.881863,21.816519,19.978851,20.544548,19.93812,15.868441,13.870113,7.6238112,9.066337,5.1177173,8.784153,10.978595,14.016038,15.601913,13.494464,14.913451,18.839264,19.376923,19.320198,15.961511,21.12944,16.986519,22.264952,22.096828,25.196548,23.287716,20.95579,20.989002,16.138727,18.6407,15.737861,19.849514
20,16.64539,16.115084,15.714766,12.024154,13.728247,12.375949,15.111217,17.51403,17.013577,22.391315,23.213083,27.54628,25.364868,22.385756,19.654535,16.158638,12.798515,11.011019,6.3986073,5.627509,0.0,5.8224816,6.4609528,7.06289,11.539218,8.994539,14.683223,13.621646,13.13213,15.612323,16.415096,18.132687,24.06714,23.284618,27.049171,29.378214,31.261929,30.28445,26.211763,22.174023,25.415983,21.417822,21.945553,18.984348,20.517315,16.768326,19.367792,15.05745,19.37911,22.754353,24.646332,21.873652,26.749723,27.34026,26.130608,28.590101,26.3832,26.666338,30.780615,26.477758,23.049171,23.912384,21.715942,21.940674,21.166918,21.365257,20.482155,19.590067,16.964193,12.627994,10.868057,7.1648927,3.9387667,8.833626,10.188171,13.501016,16.490746,18.287222,20.522081,23.72538,22.413458,22.125668,22.285097,18.494698,16.276388,10.713313,11.947478,8.553886,11.894215,13.160537,16.7347,16.84975,14.893,17.873663,21.086454,20.965479,21.233196,18.017235,22.7932,19.108166,23.443447,23.324112,25.498974,24.012035,21.178694,20.254162,16.83411,18.583878,15.833475,19.975912
21,11.054027,11.378194,11.077452,8.722501,11.611225,10.670066,14.753734,17.643225,18.37093,23.117218,25.73913,29.663553,26.982046,24.527746,20.717762,18.228102,14.22756,13.140972,8.628615,7.704106,5.8224816,0.0,5.598054,7.939865,10.256094,9.761482,14.436361,14.975269,15.097795,18.50064,19.515055,22.240255,28.189499,28.267336,31.588875,34.23063,36.184124,34.82441,31.010267,26.845379,29.235676,24.789568,25.151777,20.991621,22.107883,17.720638,19.601076,14.29554,18.052689,20.917784,23.679241,21.217884,26.772884,27.673382,27.433527,30.366615,28.044762,29.06368,33.08758,28.51986,25.27799,24.727453,21.862999,21.339762,19.139841,19.705454,17.235153,16.818272,13.5194,10.079358,9.46176,8.29969,8.44239,12.811212,15.282749,17.810366,21.236074,22.604515,24.666851,27.489939,26.720684,27.00701,27.010376,22.99579,21.061651,14.869549,16.16632,11.870564,14.1987,14.508591,17.247604,17.57531,17.252901,19.85477,22.70375,23.412369,24.230175,21.418287,26.629133,23.401085,28.214308,28.508663,31.008984,29.546965,26.836498,25.99563,22.163189,23.784945,20.523539,24.252665
22,13.346911,13.201754,14.838905,11.751574,14.6893835,15.142302,17.823864,21.756632,21.498661,27.15397,28.702862,33.04315,30.967905,28.275791,25.035843,21.772736,18.268282,16.167984,11.770626,9.292229,6.4609528,5.598054,0.0,4.665038,7.7041306,8.4551325,13.256639,14.360429,15.916701,17.714783,20.58846,21.709463,28.60374,28.01712,31.515583,34.169918,35.47385,34.228577,30.14662,25.83393,29.014935,24.356901,25.70482,22.003714,22.054125,18.365973,19.351658,15.010975,18.206196,21.802935,24.620659,23.119854,27.751818,29.587412,28.597553,31.54335,30.002972,30.861593,35.29677,31.243753,27.777096,28.09267,25.171263,25.421566,23.070131,24.577951,22.136574,22.25068,19.08763,15.625961,14.6800375,12.314784,10.377966,15.2365675,16.444242,19.930622,22.76692,24.47998,26.948727,29.964386,28.188503,27.909075,27.591455,23.832125,20.964754,15.817008,15.3293295,11.193294,12.249319,11.508191,14.479243,13.543824,13.544457,17.160488,19.188093,19.510096,20.73646,18.391735,23.331308,21.103962,25.4039,26.52022,28.794386,28.194391,25.827148,24.023367,20.30834,20.90463,17.231962,20.358822
23,14.926928,13.23549,14.973582,10.733496,12.868201,14.324267,15.416314,20.204784,19.125933,25.456953,26.424894,30.963057,29.60256,27.03595,24.122879,20.31751,17.509888,14.39068,10.930222,7.2230105,7.06289,7.939865,4.665038,0.0,5.028299,4.2028184,9.222056,9.960227,12.143466,13.30329,17.06962,17.768566,25.006575,24.807362,27.919485,30.8551,31.905617,30.380154,26.455345,22.04619,24.92597,20.071508,21.766962,18.10013,17.669182,14.352048,15.168148,11.538357,14.782152,18.722208,21.074188,19.835459,23.854015,26.004145,24.599947,27.533558,26.45163,27.346012,32.000923,28.380945,24.84791,25.59873,22.639395,23.61694,21.43083,23.802568,21.925192,22.715887,20.418911,17.072002,16.286215,13.682868,10.478175,15.359069,15.529181,19.05006,21.422115,22.72218,25.886282,28.263998,25.68464,25.579521,24.682074,20.97181,17.773266,13.098367,11.576556,7.3737807,7.620074,7.0448227,10.311605,10.051668,9.398288,12.60114,15.044867,15.526834,16.546783,14.104142,19.295153,17.034739,21.76832,23.120697,25.920357,25.351597,23.435545,21.90431,17.250097,17.996801,14.04112,17.129118
24,12.83032,10.254742,13.387212,9.659038,12.004741,15.097579,15.561443,21.411165,20.574833,26.857334,28.630278,32.989784,31.83834,29.724058,26.377785,22.895723,20.20129,16.95251,14.154801,10.215855,11.539218,10.256094,7.7041306,5.028299,0.0,5.1121974,6.519916,9.696916,13.168208,14.308631,18.914906,19.921247,27.245674,27.889954,30.356527,33.678112,34.489624,32.49867,28.95065,24.496113,26.452204,21.195444,23.106403,18.604898,17.055695,13.800206,13.083591,9.587612,11.42372,15.308317,18.318964,18.188347,21.930103,24.984863,24.065304,27.399109,26.800812,28.34566,33.081184,29.716654,26.325672,26.34471,22.831778,23.879698,20.517496,24.156437,21.407331,23.302464,21.293884,18.905704,18.87347,17.286144,14.800664,19.648502,19.988089,23.160824,25.55013,26.403715,29.843876,31.638798,28.879229,29.217999,27.855202,24.115768,20.957886,16.378922,14.43665,10.238633,8.606212,6.45387,7.7950406,8.133644,9.860386,11.8896475,13.613391,15.23216,16.815016,15.165063,20.470682,19.03938,24.101843,26.04915,29.299353,28.912123,27.41613,26.014584,20.77931,21.34415,17.074905,19.349726
25,15.391474,12.553067,13.843899,8.97474,10.090583,12.465851,12.138445,17.662815,16.185822,22.805435,23.831112,28.33551,27.447285,25.209084,22.319252,18.412151,16.186823,12.457299,10.267286,6.0496445,8.994539,9.761482,8.4551325,4.2028184,5.1121974,0.0,5.754243,5.929887,8.476239,9.995639,13.960681,15.214891,22.337713,23.044527,25.554674,28.830458,29.920387,27.979343,24.42416,20.001307,21.943022,16.862505,18.43663,14.267768,13.649212,10.193605,11.122352,7.6131334,11.1855,15.144688,17.091002,15.808305,19.66888,21.879383,20.500256,23.547123,22.631325,23.794823,28.524681,25.128075,21.644405,22.287886,19.179272,20.603024,18.422497,21.530113,20.05247,21.491577,20.050045,17.143309,16.762941,14.614742,11.352383,15.827153,15.634057,18.627712,20.792492,21.454107,25.09822,26.678608,23.773376,24.191757,22.808056,19.02423,16.005928,11.333222,9.616233,5.245827,4.848783,5.3797574,8.180941,9.774257,8.7231245,10.204011,13.505999,14.5972185,15.222238,12.600598,18.10636,15.41029,20.852383,22.071676,25.508316,24.577145,22.993544,22.208391,16.665335,18.047894,14.172009,17.280787
26,16.459602,12.450597,14.548459,10.234208,10.463565,14.712132,12.60802,19.261147,17.577639,24.157993,25.527765,29.803469,29.591831,27.930052,24.974993,21.295956,19.719662,15.747767,14.851118,10.884221,14.683223,14.436361,13.256639,9.222056,6.519916,5.754243,0.0,4.9103856,9.35768,9.967236,15.134175,16.293995,23.247963,25.030737,26.531616,30.259024,30.922466,28.382607,25.454472,21.149319,21.760477,16.346218,18.325924,13.484028,10.967594,8.273052,6.5935006,4.913803,6.213033,10.524857,12.545112,12.916367,15.681552,19.212145,18.0456,21.472828,21.507832,23.370295,28.197136,25.494282,22.268412,22.446663,18.901312,20.887049,17.8111,22.577023,20.779839,23.49988,22.810585,20.858757,21.107544,19.69923,16.787645,20.95654,20.510574,23.075779,24.907633,24.94857,29.01886,29.691723,26.273378,27.180279,25.08348,21.535328,18.591877,14.889142,12.404449,9.291123,6.358964,5.5870395,4.9495044,8.699366,9.277646,8.155772,11.025056,13.472811,14.331966,12.693957,18.017912,16.293524,21.993608,23.851099,27.866005,27.160538,26.282307,25.764198,19.57552,20.75918,16.790388,18.870106
27,19.422943,15.64457,16.33465,11.442772,10.547615,13.695858,10.583466,16.635366,14.041602,21.000843,21.290262,25.755518,25.948595,24.150858,21.850025,17.709778,16.855473,12.453233,12.578427,9.02023,13.621646,14.975269,14.360429,9.960227,9.696916,5.929887,4.9103856,0.0,4.9722776,5.34843,10.359078,11.55,18.387293,20.263584,21.748003,25.453798,26.339024,23.84423,20.905092,16.638287,17.210756,11.883126,13.652015,9.252458,7.7346807,5.0227504,6.2172256,5.5781574,8.764775,12.51591,12.99227,11.891296,14.498891,16.949175,14.968073,18.007698,17.79197,19.138145,24.050028,21.418316,18.06111,19.183624,16.21305,18.739027,17.161634,21.18438,20.768467,22.883253,22.66445,20.240456,20.109806,18.194843,14.722279,18.176966,17.048769,19.328972,20.731823,20.525936,24.824312,25.212662,21.479794,22.43866,20.217716,16.72489,13.891832,10.687429,8.131183,6.111318,4.16438,6.5527973,7.612997,11.162038,9.193804,7.4984446,11.877501,13.4191475,13.181348,10.555191,15.840457,12.782747,18.796932,19.90761,24.098606,22.90012,22.047194,22.151535,15.741261,17.687998,14.304777,17.021162
28,20.756868,17.318455,16.448795,11.684671,9.741835,11.292751,7.5367317,12.418634,9.293792,16.372837,16.363169,20.85903,21.03809,19.245918,17.2184,12.961645,12.751511,8.253498,9.948728,7.8299375,13.13213,15.097795,15.916701,12.143466,13.168208,8.476239,9.35768,4.9722776,0.0,5.5354843,6.0501165,9.618541,15.181128,17.546314,19.04613,22.617691,24.267466,21.87373,19.084827,15.104545,15.151146,10.483411,10.635712,6.09771,7.9314747,4.4856915,8.927895,7.4770737,11.63142,14.375346,14.039739,10.969339,14.423528,14.96168,13.078638,15.70805,14.337706,15.324435,20.056505,16.903605,13.439122,14.846116,12.39049,15.000318,14.916737,17.841043,18.714844,20.186138,20.560883,18.048355,17.807205,16.015306,12.865718,15.231533,14.091503,15.50343,16.875286,16.20407,20.502943,20.51961,17.204634,18.633142,16.638857,12.874155,11.049485,7.1383305,6.9664655,6.0543013,7.535483,10.897382,12.562611,15.825508,13.080386,11.689561,16.356407,17.356428,16.468033,13.217864,18.028944,13.532804,19.492132,19.28277,23.433037,21.268047,20.037846,21.156857,14.994394,18.078377,15.590223,19.088932
29,24.447912,20.847523,21.023048,16.065289,14.651495,16.69729,12.916936,17.612629,13.87026,20.869898,19.198355,23.849857,24.894531,22.942629,21.8243,17.174067,17.449488,12.870672,14.085581,11.396369,15.612323,18.50064,17.714783,13.30329,14.308631,9.995639,9.967236,5.34843,5.5354843,0.0,7.395087,6.405163,13.564422,15.314983,16.592209,20.327293,21.015574,18.536161,15.586949,11.371747,12.151808,6.9134126,9.393477,7.29674,6.521429,6.6518254,9.006213,10.410503,13.230275,16.479313,15.607433,14.079167,15.227706,16.842743,13.470785,15.61265,15.808449,16.205992,21.209743,19.274906,15.915087,18.707819,16.767723,19.973654,19.979862,23.267668,24.135899,25.701654,25.857218,23.030914,22.448713,19.89373,15.777199,18.186024,15.8397665,17.875496,18.267889,17.803461,22.449118,22.41572,17.738224,18.477434,15.774149,12.818749,9.708913,9.110976,5.420471,7.08084,6.1785855,9.541744,10.936455,13.883451,10.168657,7.9011097,12.58607,13.0225115,11.534174,8.353166,12.717552,8.510031,14.583665,15.136697,19.610119,18.210701,17.854277,18.522203,11.880118,14.345025,11.958016,14.703898
30,26.237652,23.03374,21.445587,17.006428,14.612586,14.651481,10.636821,12.51458,8.023185,14.447745,11.813602,16.518394,17.749096,15.9186,15.547727,10.954422,12.720062,8.804433,12.298294,11.880909,16.415096,19.515055,20.58846,17.06962,18.914906,13.960681,15.134175,10.359078,6.0501165,7.395087,0.0,6.530921,9.53851,12.616519,13.707163,17.156786,19.365389,17.074863,14.676077,11.439063,10.722459,7.7551765,5.913601,5.001772,9.4988985,8.618593,13.291533,13.231109,16.93483,19.055077,17.511324,13.787261,15.994764,14.723376,11.867293,13.08747,11.170273,10.716792,15.328855,12.525935,8.997856,12.6981735,12.049199,15.230474,17.460436,19.016277,21.65905,22.34351,23.39077,20.723368,20.102621,18.016905,14.834191,15.3467,13.14741,13.369052,13.515547,11.954203,16.62333,15.641429,11.613404,13.499083,11.149446,7.6833744,7.352363,6.461776,7.747889,9.887546,12.0413065,15.802089,17.608118,20.642298,16.916426,15.270489,19.977348,20.254528,18.493134,15.049494,18.57678,13.085419,18.296768,16.648083,20.76633,17.690712,16.658388,19.123692,13.477217,17.494316,16.468857,20.078941
31,29.701591,26.451721,25.926376,21.026886,19.334066,19.999758,16.349571,18.934927,14.519108,20.755713,16.72273,21.389866,23.180733,20.987692,21.39365,16.517849,17.987503,13.934197,16.051094,14.730218,18.132687,22.240255,21.709463,17.768566,19.921247,15.214891,16.293995,11.55,9.618541,6.405163,6.530921,0.0,7.91606,8.952602,10.458416,13.996198,14.933292,12.835271,9.558915,5.4943895,7.4954333,4.6371155,6.4634333,9.008119,10.541549,11.716554,14.877734,16.285872,19.36623,22.20491,20.60516,18.289642,18.83852,18.885944,14.719694,15.3398905,15.289146,14.0644,18.648504,17.329828,14.197138,18.841364,18.343327,21.71963,23.465519,25.433575,27.613571,28.307512,28.754898,25.543186,24.472834,21.42074,17.127882,17.94296,14.455567,15.795815,14.818616,14.052393,18.79779,18.359842,12.735795,13.034263,9.887871,7.919619,4.936201,8.8680935,6.423654,10.713422,11.526674,15.036849,16.909088,19.16333,14.55615,13.001177,17.176975,16.45625,14.042125,10.758092,12.924822,7.219478,11.911849,10.474516,14.977786,12.6782875,12.699996,14.642577,8.590809,12.205888,11.94779,14.876082
32,35.680958,32.459587,30.977423,26.520813,24.114576,23.86558,19.841518,20.149784,15.588077,19.694845,13.401875,17.166065,20.424969,18.814714,20.97263,16.887512,19.99977,17.1041,20.595263,20.585682,24.06714,28.189499,28.60374,25.006575,27.245674,22.337713,23.247963,18.387293,15.181128,13.564422,9.53851,7.91606,0.0,6.21121,4.489451,8.099027,10.550617,8.366823,7.413628,7.342061,5.078473,8.317433,6.0878787,11.946827,15.100041,16.816507,20.496754,22.119146,25.095173,27.020939,24.45665,21.392906,21.213106,19.235212,15.06088,13.738938,13.21077,10.150044,13.330724,13.446213,11.521851,17.551647,18.83839,22.326883,25.85758,26.738243,30.427713,30.669344,32.038105,29.181835,28.147036,25.53684,22.035904,21.19728,17.674505,17.128595,14.898434,12.74214,17.026098,14.577091,8.438377,9.81312,5.883985,6.9658446,8.494105,13.496264,13.623088,17.671701,19.16143,22.78136,24.413963,26.989319,22.460342,20.49186,24.54639,23.85034,21.135313,18.277643,19.139797,13.922846,16.491274,13.097464,16.773148,13.031136,13.60583,17.638264,13.758657,17.708937,18.88517,21.531925
33,37.083313,34.318962,33.16185,28.462929,26.729467,26.040651,23.071547,23.332237,19.028986,23.405613,16.872648,20.819197,23.23885,20.809902,23.253054,18.833185,21.318464,18.610518,21.04939,21.138594,23.284618,28.267336,28.01712,24.807362,27.889954,23.044527,25.030737,20.263584,17.546314,15.314983,12.616519,8.952602,6.21121,0.0,5.1335316,6.224307,8.404414,8.543328,5.168829,5.7650185,9.127685,11.571252,11.1712055,16.222895,18.889914,20.1436,23.70291,24.785679,28.16033,30.76663,28.82515,25.887522,26.252539,24.876614,20.667528,19.748213,19.152206,16.163288,19.05928,18.577703,16.398817,22.349873,23.445541,26.476576,29.814278,30.139332,33.51272,33.104645,33.711384,30.170462,28.570717,25.16653,21.21738,20.03808,15.808811,15.877229,12.867499,11.973682,15.694739,14.91151,8.724416,7.227992,4.2451205,6.8998675,7.2835097,13.759873,13.466827,17.957745,19.749256,23.207333,25.494482,27.127651,22.10834,21.355572,25.033247,23.448122,20.679783,17.756845,17.79741,12.674894,13.456246,8.844521,11.378357,7.065909,7.7348576,12.147123,10.097116,13.816066,16.21188,18.833586
34,39.512638,36.330406,35.103622,30.505192,28.290993,28.06747,24.19977,24.516714,19.997286,23.877108,17.0773,20.429932,23.906742,22.1999,24.864323,20.811201,23.87468,21.066795,24.194029,24.092451,27.049171,31.588875,31.515583,27.919485,30.356527,25.554674,26.531616,21.748003,19.04613,16.592209,13.707163,10.458416,4.489451,5.1335316,0.0,4.195675,6.090837,4.558604,4.5298734,7.174182,6.409858,10.954119,10.0360985,16.065996,18.475231,20.673779,23.935177,25.937578,28.748482,30.854614,28.222507,25.555637,24.805008,23.130041,18.670578,16.944653,17.117987,13.8495655,16.259394,17.228296,15.728003,21.851595,23.299988,26.778875,30.334503,31.146059,34.84938,34.947147,36.14637,33.060307,31.80465,28.841175,25.07329,24.056925,20.113852,19.74867,16.889591,15.14415,18.912043,16.667303,10.46399,10.538175,6.944994,9.784366,10.805828,16.855871,16.343437,20.775131,21.974224,25.403309,27.052328,29.220024,24.447186,22.655584,26.246346,25.036062,22.072254,19.604185,19.213604,14.650441,15.502173,11.551027,14.556215,10.995368,12.649456,16.822664,14.188349,17.550491,19.637144,21.661337
35,42.72893,39.775574,38.39614,33.83235,31.725702,31.039608,27.587315,27.237307,22.915422,26.16417,18.808199,21.697676,25.154335,23.33597,26.648178,22.845295,26.018042,23.683765,26.6775,26.961409,29.378214,34.23063,34.169918,30.8551,33.678112,28.830458,30.259024,25.453798,22.617691,20.327293,17.156786,13.996198,8.099027,6.224307,4.195675,0.0,4.596492,5.9768577,6.499526,10.096779,10.565462,15.056043,14.037259,19.978495,22.611977,24.592821,27.994768,29.722372,32.73422,34.904972,32.338604,29.479591,28.911692,26.935541,22.636581,20.689466,20.548752,16.963562,18.527061,19.596142,18.456886,24.67481,26.52515,29.735039,33.694023,33.88179,37.87077,37.511024,38.63663,35.381313,33.90159,30.778444,27.133102,25.528996,21.466015,20.788177,17.393541,15.856555,18.79793,16.657835,11.065085,10.24349,7.897072,11.759672,13.269014,19.482067,19.362259,23.847805,25.365477,28.790913,30.691687,32.561832,27.618948,26.26417,29.724773,28.183634,25.189678,22.753525,21.892162,17.551859,17.280746,12.688802,14.341651,10.533906,12.333985,16.887333,15.903978,19.021324,21.804926,23.750347
36,44.498608,41.360596,40.51067,35.745922,33.786835,33.684097,29.972216,30.488615,25.985498,29.856617,22.808842,25.864304,29.402838,27.574936,30.549452,26.467049,29.353836,26.54676,29.206196,28.905565,31.261929,36.184124,35.47385,31.905617,34.489624,29.920387,30.922466,26.339024,24.267466,21.015574,19.365389,14.933292,10.550617,8.404414,6.090837,4.596492,0.0,3.9943397,5.5488167,10.001888,10.934253,15.4732275,15.664294,21.633684,23.236404,25.853003,28.590601,30.981512,33.567646,35.90643,33.27629,31.107912,29.800772,28.609087,23.899235,21.981583,22.826252,19.563877,21.48172,23.045626,21.76742,27.909008,29.364466,32.864426,36.30314,37.16858,40.76277,40.770412,41.71761,38.37088,36.88908,33.538605,29.473907,28.43263,24.155066,24.142063,20.870497,19.711475,22.875372,21.113039,15.267557,14.139918,11.51412,14.89643,15.206468,21.77068,20.532324,25.170557,25.954668,29.04561,30.658115,32.274643,27.366405,25.847294,28.738754,26.935051,23.811136,21.97547,20.051664,16.773857,15.305486,11.296598,12.785571,10.390923,13.429959,17.044859,16.171402,18.359917,21.38254,22.429007
