,0,1,2,3,4,5,6,7,8,9,10,11,12,13,14,15,16,17,18,19,20,21,22,23,24,25,26,27,28,29,30,31,32,33,34,35,36,37,38,39,40,41,42,43,44,45,46,47,48,49,50,51,52,53,54,55,56,57,58,59,60,61,62,63,64,65,66,67,68,69,70,71,72,73,74,75,76,77,78,79,80,81,82,83,84,85,86,87,88,89,90,91,92,93,94,95,96,97,98,99,100,101,102,103,104,105,106,107,108,109
0,0.0,4.32228,6.56475,9.457447,12.088516,13.782156,17.583961,21.989359,24.503006,28.59015,30.487123,34.233074,36.308884,33.903984,35.62434,30.177181,30.406393,26.829437,26.03255,24.380571,23.038809,24.225433,19.90079,21.30577,22.754053,20.472418,26.664513,21.144043,22.490776,20.200186,23.395716,19.859015,25.997522,23.359348,28.480583,29.993242,33.5984,36.73182,34.729515,33.443928,36.058163,34.72007,32.95639,32.47104,27.989996,30.977896,27.342329,30.129923,35.06561,31.99003,29.69553,37.076115,36.710644,33.027664,35.443794,33.771805,32.029373,33.855366,34.47413,39.647533,34.00089,38.600693,38.426247,43.18323,41.97417,37.26945,39.001057,39.26081,36.831066,35.203934,31.528774,33.009624,29.695433,34.006023,31.822649,35.820126,35.300488,30.934744,35.373898,30.067276,32.048122,31.555653,28.555677,24.73652,24.51438,19.748312,22.008005,19.50187,20.347797,21.240164,23.815033,24.871304,30.120842,29.71628,33.082684,33.19909,30.103485,27.62763,22.953474,23.539053,18.91582,15.789197,14.91381,13.931891,15.252206,14.521314,19.414457,20.36222,24.408108,25.17928
1,4.32228,0.0,5.3755403,6.3718987,8.638872,11.745494,14.153447,19.353374,21.356848,25.907349,27.396235,31.552155,33.108143,30.493568,31.9675,26.52936,26.472948,23.029572,21.963282,20.528872,19.06047,20.4864,16.448668,18.105766,19.994953,17.86224,23.63032,18.360477,19.530304,17.847809,20.78041,18.402822,24.5068,22.781202,27.604132,29.605509,32.976593,35.91871,33.41884,31.783714,34.329174,32.690243,30.533009,29.845024,25.837662,28.397537,25.318956,28.264757,33.246887,30.709911,28.270693,35.279556,35.573944,32.166267,34.172607,32.56853,30.219858,32.213634,32.350918,37.296585,31.280663,35.660473,35.211388,39.812954,38.41654,33.87674,35.268223,35.67303,32.98088,31.51702,27.589844,29.000942,26.043594,30.19116,28.262491,32.26915,32.0116,27.911556,32.63623,27.576567,29.949759,29.95852,26.707306,22.768755,21.922262,17.491892,18.775135,16.11497,16.420473,17.043802,19.62223,20.878817,26.017597,26.009964,29.198765,29.139841,26.129742,23.419401,18.857185,19.2385,14.729345,11.50657,10.865549,10.2443075,11.346037,11.756695,16.034748,17.848482,21.606503,22.879227
2,6.56475,5.3755403,0.0,5.3611174,6.777841,7.7834287,11.78403,15.624245,18.509417,22.188665,24.438974,27.876692,30.29779,27.947178,30.23546,24.900654,25.69924,22.406168,22.390507,21.396051,20.978518,22.98918,19.339674,21.855337,23.56701,21.108961,26.093403,20.135042,20.264093,18.214668,20.087803,17.470688,22.459682,20.1171,24.92312,26.610132,30.232925,33.341263,31.281607,29.970982,33.243587,32.024704,30.47526,30.241741,26.777637,30.352703,27.139942,30.806484,35.87511,33.129673,30.069466,36.960598,37.092415,33.222282,34.62539,32.55181,30.181377,31.276737,31.224966,35.962505,29.962513,34.154488,34.255585,38.782627,38.203846,33.972378,35.87877,36.854538,34.184353,33.588173,29.030611,29.754105,26.106297,29.817684,27.24592,30.930468,30.16112,25.716736,29.993221,24.596624,26.555513,26.127974,23.428806,19.644287,19.680363,15.164182,17.624464,16.264101,16.638552,18.138596,19.92666,19.95216,25.369356,23.982376,27.61185,28.153494,24.970938,23.23187,18.276342,19.994162,14.806109,13.244679,13.650483,11.685316,11.5462475,10.834995,14.324358,14.632861,18.815086,19.157951
3,9.457447,6.3718987,5.3611174,0.0,3.8139026,6.2154436,8.9476185,13.660727,15.412228,20.166521,21.37849,25.654585,27.118748,24.755747,26.229124,20.77305,21.229767,17.613533,17.490574,16.164698,15.985668,18.01767,14.531094,17.572697,19.140913,16.628008,21.015625,15.06643,15.010945,13.343457,15.225103,13.608006,18.927916,17.84439,22.263992,24.601448,27.780724,30.583967,27.874466,26.14146,29.044811,27.486715,25.552479,25.140089,21.927267,25.287434,22.422686,26.274084,31.32973,28.974934,25.756897,32.284122,32.914917,29.328827,30.409367,28.48187,25.650282,27.097311,26.788319,31.49217,25.33376,29.593416,29.398106,33.996765,33.103592,28.743406,30.628874,31.514793,28.952002,28.388245,23.879766,24.68717,20.918144,24.910929,22.499254,26.410244,25.887735,21.631159,26.278212,21.209736,23.659,23.89688,20.519384,16.558556,15.617532,11.302514,12.777418,10.947761,11.6032,13.437124,15.449041,15.970227,21.382217,21.045172,24.540483,24.918055,22.197412,19.749516,15.192129,16.442007,10.8031645,9.133382,9.403317,6.540391,6.554396,5.9127183,9.958604,11.571642,15.270539,16.736942
4,12.088516,8.638872,6.777841,3.8139026,0.0,5.652029,5.55313,11.070169,12.799664,17.476349,18.851345,23.09135,24.55205,21.91658,23.80219,18.443521,18.997929,15.908854,15.921518,15.491936,15.543825,18.152935,15.485845,18.701973,20.757992,18.556635,22.110037,16.642078,15.94537,15.041488,15.855325,15.614424,19.921528,19.360043,23.322798,25.793896,28.866137,31.553663,28.715305,26.863712,30.041206,28.417212,26.38081,25.94094,23.574944,26.662165,24.428486,28.424364,33.407883,31.49904,28.151863,34.192345,35.301983,31.869776,32.44393,30.447254,27.143122,28.301727,27.38444,31.609232,25.06554,28.80564,28.553806,32.80766,32.11586,28.248808,29.787678,31.159176,28.168135,28.186827,23.087774,23.40569,20.05507,23.353271,21.010332,24.65233,24.221197,20.191626,24.907677,19.991467,22.637869,23.163446,20.05244,16.18913,15.065536,11.512617,12.05371,11.098,10.402539,12.029799,13.332809,13.186913,18.610462,17.703466,21.205967,21.653112,18.719856,16.735258,11.913442,13.883612,8.300896,8.137176,9.752482,7.6058717,5.715637,7.2342367,8.247121,10.23679,13.7097435,15.07328
5,13.782156,11.745494,7.7834287,6.2154436,5.652029,0.0,7.154108,8.666785,11.616016,15.163381,17.263151,20.632961,23.153471,21.263288,23.726278,18.563148,20.2686,17.014933,18.468706,17.81965,19.05804,21.596216,18.88243,22.551342,23.845839,21.18103,24.33213,18.079487,16.624224,14.754085,14.729597,13.3029785,16.382658,14.873604,18.901554,20.959127,24.299809,27.201624,24.97226,23.628267,27.460056,26.460802,25.367609,25.569475,23.339853,27.766794,24.9563,29.501,34.474903,32.021774,28.171082,34.242584,34.760853,30.77432,30.959785,28.500206,25.61019,25.799652,25.115545,29.37289,23.31707,27.197,27.752659,32.16457,32.384743,28.555424,31.08564,32.690773,30.261927,30.832134,25.738913,25.608744,21.040422,24.259,21.004532,24.348879,23.103655,18.4273,22.383392,16.894623,18.817719,18.60026,15.901451,12.170206,12.543204,8.4809065,11.719888,12.28444,12.988249,15.828636,16.558842,15.300392,20.760292,18.644724,22.659748,23.86964,21.169483,20.0497,15.448958,18.264395,12.406604,13.13137,14.375988,10.869524,9.293671,7.0838513,8.415243,6.978292,11.317603,11.430478
6,17.583961,14.153447,11.78403,8.9476185,5.55313,7.154108,0.0,6.7828407,7.7215624,12.528319,13.685464,18.0476,19.27183,16.485134,18.808714,13.667562,14.75756,12.418971,13.405378,14.1682005,15.342639,18.543056,17.19666,20.866655,22.973442,21.011139,22.92322,18.02332,16.155025,16.125872,15.162435,16.831842,19.321522,19.811443,22.778584,25.495785,28.173481,30.541441,27.492393,25.49684,28.986874,27.37322,25.416664,25.112944,24.128025,27.196854,25.75581,30.116577,34.89732,33.522305,29.828861,34.987328,36.67231,33.411293,33.063614,30.9281,27.043009,27.613226,25.849808,29.285088,22.444204,25.400898,25.228605,29.008255,28.846487,25.72279,27.153814,29.270214,26.036455,27.178188,21.401434,20.777283,17.52321,19.73021,17.21825,20.351131,19.874815,16.171593,20.813538,16.305439,19.210674,20.30929,17.509483,14.050812,12.606157,10.748185,9.959959,10.941508,9.050862,11.047487,10.718706,8.844902,14.220873,12.311786,16.042257,16.93184,14.110455,13.042806,8.415195,11.878657,6.7091713,9.72483,12.362611,10.35426,7.0064664,9.198276,5.4593143,7.5928836,9.963481,11.417234
7,21.989359,19.353374,15.624245,13.660727,11.070169,8.666785,6.7828407,0.0,4.612425,6.6067224,9.369177,12.280418,15.1618185,13.331632,17.032383,12.737184,15.664371,13.9630575,16.86023,17.852543,20.323067,23.5013,22.479176,26.531967,28.070854,25.837069,26.907572,21.698526,18.868666,18.407232,15.885338,17.50108,17.425177,17.767715,19.776058,22.10125,24.663357,26.953474,24.504568,23.01629,27.352154,26.437584,25.542494,25.957232,25.862713,30.023783,28.456072,33.350536,37.980755,36.37672,32.162395,36.85925,38.26366,34.638634,33.465824,30.862263,27.137657,26.35476,24.280842,27.061403,20.703123,23.073668,23.915333,27.399057,28.66013,26.180504,28.504486,31.229706,28.490484,30.671219,24.781977,23.282154,19.0641,20.321005,16.78501,18.938416,17.387934,13.268147,16.64303,11.800348,13.927704,14.639166,12.953354,10.394545,10.663553,10.210009,11.202845,14.349637,13.520938,16.369957,15.096461,11.574489,16.023865,11.771102,16.020975,18.130676,15.837141,16.56219,12.989215,17.228077,12.756439,16.239952,18.628979,15.75671,12.731671,12.462099,7.971208,5.1907945,6.7456927,5.613758
8,24.503006,21.356848,18.509417,15.412228,12.799664,11.616016,7.7215624,4.612425,0.0,6.2063184,6.051768,10.896107,11.820743,9.662221,12.5916605,8.125015,11.226271,9.949604,13.379045,14.862431,17.88481,21.112541,20.96231,25.097193,26.573284,24.640274,24.568468,20.174707,16.917294,17.399754,14.124021,17.541994,16.998158,18.86997,20.085384,22.957958,24.867247,26.668953,23.54538,21.57685,25.481081,24.203985,22.907555,23.139988,23.949745,27.546482,26.742363,31.587963,35.961536,34.94702,30.751717,34.685993,36.707462,33.53859,31.91082,29.52354,25.27669,24.687498,21.99741,24.262365,17.57801,19.463219,19.913244,23.175148,24.295279,22.149033,24.225594,27.21339,24.413284,27.089415,21.09363,19.182997,15.174671,15.847891,12.420651,14.47572,13.257051,9.661523,13.682151,9.79059,12.859119,14.833184,12.569998,10.365043,8.967987,10.348916,8.936292,12.722854,11.376356,14.1754875,12.200295,8.242212,12.093143,8.617268,12.682435,14.779666,13.2505,13.699512,11.280407,15.185366,11.512915,15.66911,18.127428,15.570594,12.424368,12.96448,6.799296,6.2560353,4.7434626,6.251138
9,28.59015,25.907349,22.188665,20.166521,17.476349,15.163381,12.528319,6.6067224,6.2063184,0.0,5.1735206,5.7888365,9.785106,8.840848,13.858825,11.517508,15.430747,15.305614,19.072844,20.851189,24.009983,27.251133,27.155272,31.295456,32.73149,30.711756,30.527332,26.046583,22.602047,22.730925,19.028091,21.832937,19.71987,20.999062,21.466774,23.661022,25.472263,27.166937,24.867735,23.524044,28.039188,27.407164,26.960112,27.65272,28.95813,33.028095,32.14626,37.16369,41.439148,40.273235,35.871696,39.556244,41.345005,37.944477,35.869526,33.190384,29.226316,27.608892,24.748661,26.15801,20.281567,21.131735,22.43224,24.89979,27.288723,26.063627,28.38304,31.831821,29.214985,32.520523,26.509016,24.069965,20.207615,19.74938,16.154016,16.731243,14.721229,11.732959,13.439071,10.184273,11.714015,13.096136,12.920941,12.249216,12.748303,14.569418,14.611012,18.714115,17.578585,20.220951,17.928469,13.48976,16.009056,10.289441,14.027682,17.001387,15.644896,17.907349,15.891343,20.324076,17.23334,21.487167,24.070194,21.428808,18.28513,18.229225,12.748456,10.094286,8.552741,6.410747
10,30.487123,27.396235,24.438974,21.37849,18.851345,17.263151,13.685464,9.369177,6.051768,5.1735206,0.0,6.099978,5.895207,4.9260917,8.893501,7.067045,11.322852,11.809281,16.026506,18.025156,21.67419,24.76663,25.43121,29.580725,30.804758,29.056686,27.756975,24.117067,20.360357,21.270372,16.986158,21.256765,18.761436,21.48681,21.246254,24.008059,25.126516,26.290806,23.253756,21.409323,25.359707,24.379074,23.598625,24.152952,26.363832,29.899452,29.73195,34.642242,38.59004,37.976284,33.62931,36.491352,38.832764,35.910152,33.394314,30.964417,26.568819,25.149143,21.716223,22.538116,16.47588,16.701736,17.65197,19.875294,22.230854,21.398146,23.604088,27.272083,24.796637,28.586668,22.71012,19.888372,16.185564,14.9993925,11.479119,11.599273,9.745922,7.6478515,9.814399,8.146614,10.752938,13.603149,12.529044,12.190612,11.184342,14.46214,12.750898,17.136332,15.901601,18.458897,15.761215,11.4608965,12.840559,8.658168,11.740064,14.607258,14.368007,16.03947,15.29325,19.018835,16.618935,21.065407,23.502178,21.05469,18.043818,18.349562,12.238799,11.06067,7.6389346,8.0349
11,34.233074,31.552155,27.876692,25.654585,23.09135,20.632961,18.0476,12.280418,10.896107,5.7888365,6.099978,0.0,6.523671,7.8693166,12.884726,12.862082,17.058086,17.892698,22.09768,24.102102,27.728004,30.840109,31.317854,35.504673,36.696465,34.796494,33.665607,29.734613,25.928925,26.36536,21.981564,25.404491,21.852962,23.825897,23.03517,25.0502,26.079811,27.14343,25.053783,23.916275,28.364027,28.048536,28.095327,29.061165,31.412445,35.449627,35.037457,40.092705,44.00195,43.139675,38.625515,41.414417,43.41568,40.22886,37.427708,34.73419,30.744072,28.439363,25.085154,25.224182,20.255566,19.699537,21.494799,22.951078,26.416353,26.27127,28.725168,32.601383,30.364336,34.453964,28.656721,25.636072,21.99357,20.335236,16.86693,15.94697,13.517357,12.039187,11.475988,10.610754,11.12094,13.0059595,14.079772,14.951344,15.56878,18.602892,18.271214,22.75879,21.761435,24.347708,21.642578,17.144543,18.14512,12.670084,15.246622,18.551882,18.263489,21.096264,20.230225,24.38963,22.016323,26.465315,28.994427,26.354357,23.306599,23.079489,17.465551,14.871338,12.1628685,10.225508
12,36.308884,33.108143,30.29779,27.118748,24.55205,23.153471,19.27183,15.1618185,11.820743,9.785106,5.895207,6.523671,0.0,3.9386253,6.9806304,9.171909,12.887021,14.881207,19.01159,21.425167,25.264183,28.180843,29.606293,33.621494,34.74008,33.282314,30.953438,28.230785,24.302828,25.717129,21.030798,25.97384,22.558975,25.946798,24.730844,27.406498,27.775837,28.274288,25.249825,23.44576,26.982332,26.104704,25.52188,26.144817,29.507137,32.549232,33.120213,37.877205,41.36824,41.284946,36.980755,38.786964,41.565792,39.061382,35.888824,33.60863,29.081972,27.282936,23.277927,22.603115,17.489378,15.789922,16.810537,17.446875,20.780558,21.500076,23.34262,27.538715,25.305838,29.980354,24.407953,20.921358,18.178469,15.238284,12.558364,10.48413,8.778472,9.736368,9.47826,11.149436,12.911657,16.21428,16.001446,16.76877,15.684219,19.708868,17.425093,21.775911,20.379929,22.493738,19.361814,15.257442,14.514975,11.0006485,12.212833,15.204636,16.26048,18.606895,19.261908,22.56037,21.319181,25.922878,28.365337,26.224874,23.281815,23.825308,17.649912,16.808445,12.994388,13.326759
13,33.903984,30.493568,27.947178,24.755747,21.91658,21.263288,16.485134,13.331632,9.662221,8.840848,4.9260917,7.8693166,3.9386253,0.0,5.950677,6.8894997,10.296954,12.614764,16.284473,19.108994,22.569029,25.668535,27.14203,31.023186,32.50541,31.18378,29.180218,26.540117,22.856579,24.489328,20.219528,25.274025,22.953758,26.158194,25.690765,28.569893,29.352753,30.173252,26.879827,24.80886,28.232079,26.960306,25.752024,25.992561,28.908348,31.514547,32.143303,36.764435,40.439953,40.44021,36.300236,38.505,41.438904,38.98484,36.252792,34.095192,29.37959,28.234032,24.366837,24.368565,18.46716,17.477396,17.758953,18.799833,21.0748,21.361933,22.548199,26.655182,23.81522,28.193138,22.274845,18.908062,16.746767,13.972249,11.701056,10.5336275,9.788488,10.19711,11.8568945,12.226896,14.756983,17.937681,17.04099,16.882572,15.227607,18.717936,15.795402,19.793623,17.736423,19.450005,16.152771,11.871111,11.055524,7.091479,8.480018,11.528743,12.343095,14.816823,15.545797,18.9056,18.069063,22.831554,25.469416,23.740953,20.61722,21.937687,15.413652,15.454876,12.022226,12.93099
14,35.62434,31.9675,30.23546,26.229124,23.80219,23.726278,18.808714,17.032383,12.5916605,13.858825,8.893501,12.884726,6.9806304,5.950677,0.0,5.479756,7.268732,10.472489,13.921311,16.690147,20.417635,23.070747,25.366457,29.043978,30.187628,29.24346,26.019335,24.58858,20.882446,23.307209,18.932255,25.051517,22.804066,27.0967,26.193369,29.497944,29.682936,30.018538,26.047832,23.492702,25.914341,24.16881,22.424608,22.351986,26.151499,27.867006,29.35742,33.63779,36.834366,37.490387,33.58199,34.805748,38.336018,36.523247,33.486862,31.749178,26.725502,26.08806,21.864103,21.301754,15.540211,13.832899,13.072906,13.650276,15.342646,16.207212,16.954702,21.266998,18.65566,23.553915,18.09877,14.34526,12.896565,8.840523,7.7031507,5.3864346,6.4397354,9.315131,11.370713,13.36514,16.383057,20.212496,18.434666,18.322525,15.505217,19.612122,15.353326,18.918194,17.015009,18.394272,15.09794,12.059786,9.6430645,10.009765,9.899911,11.660284,13.828315,14.645743,16.6857,18.669502,18.568472,22.944431,25.162685,23.73415,21.075762,22.583984,16.38628,17.668121,13.710283,16.111456
15,30.177181,26.52936,24.900654,20.77305,18.443521,18.563148,13.667562,12.737184,8.125015,11.517508,7.067045,12.862082,9.171909,6.8894997,5.479756,0.0,4.3668904,5.820711,9.85761,12.367269,16.118135,19.038406,20.691948,24.57891,25.837677,24.628082,22.303637,20.015581,16.402626,18.587776,14.575654,20.421381,19.239866,23.118643,23.08339,26.517887,27.29098,28.166473,24.116852,21.45878,24.162304,22.244003,20.185179,19.976957,22.655922,24.794714,25.615,30.069172,33.74682,33.921307,29.966116,32.225117,35.3843,33.205215,30.805351,28.960493,23.989534,23.835697,20.13798,21.056667,14.308843,14.642876,13.905306,16.316301,16.983368,15.911967,17.157578,20.799242,17.90481,21.777807,15.844549,12.8539505,10.023928,8.382945,5.849021,7.150281,7.571846,7.246658,11.587051,11.162046,14.849076,18.328983,15.707025,14.559957,11.277084,14.75012,10.211749,13.7560625,11.804668,13.648695,10.613052,7.378061,7.3398347,7.9328294,9.666644,11.195492,12.004871,11.695064,12.498011,14.697556,13.5044775,17.798796,20.000029,18.348236,15.64363,17.192795,10.947973,12.849553,9.2998295,12.522194
16,30.406393,26.472948,25.69924,21.229767,18.997929,20.2686,14.75756,15.664371,11.226271,15.430747,11.322852,17.058086,12.887021,10.296954,7.268732,4.3668904,0.0,4.506901,6.728116,9.974076,13.282966,16.066685,18.50784,21.998451,23.46406,22.74885,19.90256,18.76932,15.625265,18.586445,15.282725,21.546225,21.431387,25.543146,25.805777,29.442915,30.15702,30.958311,26.547163,23.580675,25.512903,23.07599,20.181362,19.344637,22.042074,22.934345,24.455246,28.41655,31.907906,32.639446,29.089968,31.041689,34.713203,33.048164,30.916353,29.499851,24.32788,25.071491,21.452482,22.476488,15.740433,16.149113,14.27914,16.499115,15.639652,14.4588585,14.396054,17.897467,14.36144,18.146065,12.042985,8.946458,8.019479,6.035682,6.064582,8.037411,10.058458,10.63432,15.149569,15.005662,18.814907,22.310087,19.257072,17.711185,13.800993,16.721273,11.1029215,13.343423,10.664028,11.3815975,8.162059,6.5953326,4.7075973,9.284111,9.728133,9.856015,11.243192,9.396166,11.495539,12.282547,12.47925,16.42456,18.471802,17.688206,15.274747,17.839724,12.075302,15.457011,12.510113,16.241241
17,26.829437,23.029572,22.406168,17.613533,15.908854,17.014933,12.418971,13.9630575,9.949604,15.305614,11.809281,17.892698,14.881207,12.614764,10.472489,5.820711,4.506901,0.0,4.770649,6.556553,10.517247,13.31806,14.988216,18.863617,20.029135,18.922789,16.644144,14.57953,11.312559,14.108022,11.038506,17.192076,17.79538,21.775568,22.476952,26.19097,27.137123,28.194221,23.741394,20.735334,22.691956,20.19333,17.204067,16.377798,18.201525,19.742065,20.583162,24.802853,28.631054,28.871902,25.18736,27.84856,31.115395,29.148117,27.388597,25.889637,20.848068,21.910728,18.794542,20.87876,13.842675,15.769458,14.19291,17.694225,16.594597,13.830773,14.897968,17.572311,14.535246,17.241007,11.283415,9.428921,5.8134785,7.457506,5.8874035,9.745794,10.87306,9.613086,14.887084,13.490661,17.419483,20.57621,16.891298,14.764088,10.4819,12.852505,6.8731346,8.920434,6.94669,8.814965,6.6503787,6.146577,7.7971654,11.370149,13.080721,13.322347,13.622021,10.865086,11.228832,11.872419,10.215158,13.5367365,15.179282,13.779626,11.695546,13.689532,8.601245,12.487959,10.064781,14.381526
18,26.03255,21.963282,22.390507,17.490574,15.921518,18.468706,13.405378,16.86023,13.379045,19.072844,16.026506,22.09768,19.01159,16.284473,13.921311,9.85761,6.728116,4.770649,0.0,4.102338,6.5637183,9.517952,11.976623,15.30121,17.017382,16.513258,14.311453,13.466069,11.365597,14.736498,13.204565,18.910471,20.998428,24.687305,25.96924,29.714636,30.815525,31.964071,27.384699,24.256798,25.59979,22.719036,19.002298,17.49293,18.603678,18.645117,19.97801,23.490702,27.275839,27.9568,24.860731,27.623255,31.229376,29.714828,28.599295,27.54861,22.557981,24.600853,21.87695,24.25745,17.466703,19.533716,17.262455,20.518019,18.101324,15.075812,14.668831,16.606415,12.800492,14.401423,8.208579,7.5546236,6.9088464,9.178165,9.720975,13.358639,15.188609,14.357555,19.598642,18.140345,22.06024,25.044619,21.181223,18.639267,14.320266,15.547596,9.494892,9.135325,5.9545465,5.480926,3.868152,6.821185,7.920186,13.358655,14.337368,13.438476,13.607085,9.244324,10.203089,8.850985,8.742034,11.163038,12.580713,12.577966,10.973463,14.41259,10.503448,15.506878,14.062507,18.321922
19,24.380571,20.528872,21.396051,16.164698,15.491936,17.81965,14.1682005,17.852543,14.862431,20.851189,18.025156,24.102102,21.425167,19.108994,16.690147,12.367269,9.974076,6.556553,4.102338,0.0,4.5735164,6.89083,8.790275,12.487987,13.565017,12.797608,10.616661,9.423649,7.585675,11.232621,10.56379,15.994146,18.875446,22.56859,24.05845,27.838182,28.923641,30.11637,25.473389,22.309044,23.233305,20.218744,16.27718,14.589421,14.843842,14.998094,15.957875,19.535332,23.508533,23.93749,20.84864,23.999926,27.397554,25.857893,25.096382,24.183506,19.369423,21.978424,19.81886,22.918676,16.417326,19.439157,17.254885,21.224941,18.498781,14.346771,14.78462,15.756406,12.799037,13.1761675,7.9880366,8.861086,6.404141,10.87518,10.873259,15.052536,16.498238,15.020862,20.276678,18.412083,22.193491,24.916437,20.638851,17.88697,13.492694,14.103836,8.380843,6.508652,5.2422314,5.77361,6.626592,9.841968,11.934742,16.738575,18.190928,17.49129,17.407026,12.974539,12.921995,11.352253,9.752355,10.593646,10.9617195,10.466561,9.941063,12.455136,10.389322,15.349816,14.3859825,18.821447
20,23.038809,19.06047,20.978518,15.985668,15.543825,19.05804,15.342639,20.323067,17.88481,24.009983,21.67419,27.728004,25.264183,22.569029,20.417635,16.118135,13.282966,10.517247,6.5637183,4.5735164,0.0,3.5191336,5.888005,8.753048,10.835865,10.762446,9.844651,9.727715,9.83513,13.082208,13.972981,18.209618,22.312143,25.376066,27.487537,31.15242,32.514633,33.899376,29.349052,26.244204,26.922625,23.81381,19.636597,17.613693,16.784494,15.687938,16.66203,19.32521,23.322924,23.923485,21.545422,25.120092,28.506544,27.250517,27.308279,26.724401,22.257174,25.470867,23.7695,27.129793,20.833849,23.916725,21.527697,25.285332,21.96879,17.860271,17.312017,17.524248,14.215352,12.961285,8.648155,10.872646,10.603385,14.58895,15.239214,19.245804,20.906462,19.43565,24.760159,22.605686,26.364601,28.853138,24.562391,21.477766,17.336063,16.961271,11.902288,8.684392,6.8482285,4.797554,7.4265037,11.862762,13.919382,19.034803,20.215015,18.915064,18.44214,13.347195,13.141921,10.155294,9.586396,8.690761,8.405845,9.776316,10.004232,13.63495,12.787988,18.129498,17.970568,22.177141
21,24.225433,20.4864,22.98918,18.01767,18.152935,21.596216,18.543056,23.5013,21.112541,27.251133,24.76663,30.840109,28.180843,25.668535,23.070747,19.038406,16.066685,13.31806,9.517952,6.89083,3.5191336,0.0,4.8352733,6.4948106,8.04245,8.7480755,7.125152,9.011975,10.238137,13.551891,15.1926,19.070671,23.538136,26.707542,28.770102,32.437828,33.613617,34.86289,30.223063,27.071085,27.093287,23.813154,19.362177,17.01474,15.748767,13.421237,14.828315,16.719395,20.476347,21.459736,19.6171,22.92944,26.498194,25.73349,26.143236,25.98512,21.752834,25.574558,24.233423,27.706383,21.942987,25.183441,22.563297,26.350906,22.462824,18.033632,17.280737,16.55406,13.79269,11.1376,8.600302,11.866255,12.029977,16.322046,17.343126,21.317667,23.099213,21.816103,26.985884,25.043266,28.717705,31.186708,26.733778,23.722286,19.564886,19.088049,14.349241,10.694507,9.987786,8.250917,10.887635,15.317222,17.000734,22.43866,23.44669,22.005417,21.757149,16.555576,16.581654,13.261515,12.913677,11.168494,9.92151,11.5294075,12.630052,15.5859585,15.749733,20.898054,20.761717,25.042427
22,19.90079,16.448668,19.339674,14.531094,15.485845,18.88243,17.19666,22.479176,20.96231,27.155272,25.43121,31.317854,29.606293,27.14203,25.366457,20.691948,18.50784,14.988216,11.976623,8.790275,5.888005,4.8352733,0.0,4.3913016,5.94515,5.228902,7.908232,6.6394324,9.155532,11.134949,14.153514,16.333767,21.928753,24.178192,26.952349,30.371326,31.982277,33.61589,29.341251,26.470015,26.826334,23.843912,19.84259,17.848892,14.935021,14.033374,13.578197,15.749425,20.190826,19.988142,18.036333,22.866713,25.442196,24.010017,25.190989,24.807314,21.153448,24.982166,24.353664,28.60652,22.889378,26.875841,24.84476,29.167677,25.843126,20.947622,21.224424,20.449724,18.191282,15.481043,13.115282,15.997267,14.531265,19.445293,19.443346,23.728678,24.89585,22.650179,27.860027,25.017044,28.446623,30.35557,25.85221,22.48006,18.854177,17.186651,13.780396,9.264479,9.76136,8.964776,12.420606,16.437126,19.43562,23.738136,25.46772,24.395176,23.449293,18.51452,17.163012,14.501069,12.439763,9.297132,6.889594,8.158755,10.41018,12.624646,14.687608,19.450884,20.262136,24.189072
23,21.30577,18.105766,21.855337,17.572697,18.701973,22.551342,20.866655,26.531967,25.097193,31.295456,29.580725,35.504673,33.621494,31.023186,29.043978,24.57891,21.998451,18.863617,15.30121,12.487987,8.753048,6.4948106,4.3913016,0.0,4.074438,5.5932026,8.903124,9.945222,13.116031,14.935887,18.329103,20.063248,25.960245,28.030943,30.925837,34.266155,35.854294,37.45019,33.178783,30.3092,30.220745,27.133652,22.94973,20.69696,17.500698,15.153918,15.11957,15.831919,19.793644,20.04306,19.12882,23.709414,26.360357,25.52897,27.300476,27.369907,24.068419,28.346321,27.961575,32.16649,26.75604,30.628098,28.313408,32.422188,28.55579,23.75323,23.335693,21.921467,19.74102,15.906433,14.885888,18.34085,18.032162,22.686125,23.244568,27.409758,28.849098,26.883999,32.085167,29.38722,32.827213,34.727066,30.210205,26.828293,23.237904,21.454065,18.159864,13.650968,13.796063,12.163608,15.627574,19.986746,22.518019,27.240618,28.626677,27.17238,26.265089,21.087578,20.059248,16.685766,15.6717205,11.9516945,9.220618,11.684694,14.106574,16.548069,18.87999,23.691494,24.61295,28.503468
24,22.754053,19.994953,23.56701,19.140913,20.757992,23.845839,22.973442,28.070854,26.573284,32.73149,30.804758,36.696465,34.74008,32.50541,30.187628,25.837677,23.46406,20.029135,17.017382,13.565017,10.835865,8.04245,5.94515,4.074438,0.0,3.2832634,6.615944,8.473548,12.237692,13.804615,17.602331,18.952896,24.822538,27.071321,29.711576,33.0077,34.316563,35.733356,31.469225,28.648396,27.994822,24.909952,20.780554,18.497925,14.714096,12.00255,11.679302,11.845235,15.84598,16.000904,15.368827,19.967007,22.472942,21.90061,23.94719,24.322206,21.409122,26.066462,26.139608,30.509739,25.758234,29.897133,27.660418,31.96952,28.031456,22.853827,23.005236,21.023876,19.771742,15.563396,15.630001,19.235193,18.227617,23.29012,23.690016,27.87413,29.160172,27.173311,32.10281,29.57075,32.820755,34.65298,30.014238,26.838358,23.31813,21.632517,18.737045,14.253173,15.519849,14.717083,18.027082,22.172468,24.707502,29.466105,30.98542,29.743467,29.078272,23.97045,22.994413,19.947649,18.363329,14.895259,12.029519,13.274968,16.052761,17.262325,20.226538,24.616304,25.378029,29.332373
25,20.472418,17.86224,21.108961,16.628008,18.556635,21.18103,21.011139,25.837069,24.640274,30.711756,29.056686,34.796494,33.282314,31.18378,29.24346,24.628082,22.74885,18.922789,16.513258,12.797608,10.762446,8.7480755,5.228902,5.5932026,3.2832634,0.0,7.0999956,6.015782,10.076029,10.939256,15.163354,15.849853,22.004625,23.943567,26.780867,29.985512,31.459455,33.040787,28.950968,26.2706,25.957844,23.079859,19.288061,17.33111,12.948353,11.920187,10.287738,11.625877,16.251888,15.424139,14.026847,19.559689,21.4896,20.197983,22.280125,22.292938,19.493958,23.907251,24.196705,28.903576,24.088736,28.564253,26.720638,31.333569,27.91353,22.531258,23.440638,21.8374,20.676905,17.163204,16.406843,19.602425,17.494442,22.857264,22.62243,26.935492,27.843554,25.386826,30.25579,27.35206,30.44421,32.03409,27.412186,24.167473,20.916126,18.867373,16.613537,12.070461,14.053927,14.024729,17.381107,21.120316,24.233273,28.37389,30.296928,29.389624,28.504368,23.659689,22.136986,19.704641,17.155458,13.703651,10.762226,11.023498,14.063572,14.484574,18.10107,22.110323,23.137093,26.913065
26,26.664513,23.63032,26.093403,21.015625,22.110037,24.33213,22.92322,26.907572,24.568468,30.527332,27.756975,33.665607,30.953438,29.180218,26.019335,22.303637,19.90256,16.644144,14.311453,10.616661,9.844651,7.125152,7.908232,8.903124,6.615944,7.0999956,0.0,6.9037027,9.081238,11.997227,14.331331,17.539885,21.85084,25.405048,26.946255,30.541637,31.159555,32.038136,27.360497,24.258406,23.078545,19.696085,15.153723,12.555878,10.362088,6.5723486,8.4761305,9.827969,13.492549,14.681421,13.068728,15.911546,19.588459,19.4076,20.035892,20.491077,16.790197,21.471771,20.970936,24.769268,20.37676,24.174984,21.69033,25.890944,21.80711,16.511475,17.040363,14.921831,14.421731,10.818674,11.320607,14.717362,13.282029,18.34057,18.986492,22.907976,24.337059,23.017826,27.573383,25.971031,29.234928,31.54843,26.882044,24.28596,20.330814,19.997913,16.239525,12.694665,14.325486,14.253037,16.635056,20.390722,22.14268,27.353153,28.624226,27.6002,27.68922,22.788342,22.672728,19.999493,18.535387,16.632215,14.662115,14.729458,16.687826,17.411165,18.988647,23.203173,22.864237,27.168087
27,21.144043,18.360477,20.135042,15.06643,16.642078,18.079487,18.02332,21.698526,20.174707,26.046583,24.117067,29.734613,28.230785,26.540117,24.58858,20.015581,18.76932,14.57953,13.466069,9.423649,9.727715,9.011975,6.6394324,9.945222,8.473548,6.015782,6.9037027,0.0,4.185544,5.533664,9.235887,11.070813,16.409399,19.123877,21.409283,24.851398,26.10247,27.560986,23.294636,20.50304,20.573812,17.74373,14.131365,12.552366,8.688503,10.24137,8.231182,12.104103,16.930916,15.824006,12.7236395,18.00879,20.053095,18.03668,18.862566,18.2413,14.716064,18.597076,18.509165,23.2642,18.2463,22.9173,21.457426,26.346209,23.644531,18.138414,20.169878,19.311775,18.40584,16.44869,14.512474,16.801723,12.9758,18.605158,17.617214,21.94142,22.45433,19.784256,24.45656,21.64689,24.667599,26.387573,21.715437,18.70701,15.310873,13.871309,11.514254,7.547566,10.800923,12.299125,14.929915,17.823797,21.103107,24.744705,26.96013,26.587774,25.934156,21.596382,20.073774,18.63921,15.198306,13.226801,11.27597,9.487441,11.784811,11.005695,13.981151,17.521376,18.005478,21.901081
28,22.490776,19.530304,20.264093,15.010945,15.94537,16.624224,16.155025,18.868666,16.917294,22.602047,20.360357,25.928925,24.302828,22.856579,20.882446,16.402626,15.625265,11.312559,11.365597,7.585675,9.83513,10.238137,9.155532,13.116031,12.237692,10.076029,9.081238,4.185544,0.0,4.2157664,5.483551,9.565846,13.473585,17.012863,18.696224,22.373552,23.43546,24.763256,20.297491,17.340998,17.93662,15.138231,11.679174,10.495415,8.366367,11.34676,10.002152,14.676247,19.175583,18.248684,14.45864,18.880957,21.148624,18.84722,18.498331,17.364107,13.111389,16.170399,15.345406,19.881252,14.360055,19.010508,17.787418,22.780674,20.679846,15.329558,18.015707,17.975546,17.015352,16.448755,13.487484,14.827134,9.787819,15.380614,13.811776,18.11224,18.386778,15.642225,20.275558,17.634632,20.738089,22.725971,18.047815,15.257249,11.520464,11.029595,8.016173,5.256939,8.984569,11.482038,13.22336,15.3089,18.514912,21.783781,24.107199,24.097288,23.664717,19.801426,18.454838,17.753822,14.050895,13.473761,12.501978,9.902191,11.043439,9.885817,11.359911,14.609402,14.408238,18.480637
29,20.200186,17.847809,18.214668,13.343457,15.041488,14.754085,16.125872,18.407232,17.399754,22.730925,21.270372,26.36536,25.717129,24.489328,23.307209,18.587776,18.586445,14.108022,14.736498,11.232621,13.082208,13.551891,11.134949,14.935887,13.804615,10.939256,11.997227,5.533664,4.2157664,0.0,5.179089,5.6833086,11.1252365,13.622535,16.026758,19.428114,20.928846,22.673885,18.717289,16.223648,17.332018,15.154335,12.7802305,12.364077,8.712748,13.509779,10.375858,15.3229885,20.0893,17.988045,13.884727,19.522303,20.59019,17.384954,17.586237,15.991195,12.628087,15.242081,15.373533,20.589758,15.5712385,20.715796,20.245428,25.455183,24.008831,18.654343,21.925375,21.868092,21.182274,20.495676,17.677092,18.904821,13.462489,18.851233,16.550232,20.738457,20.357811,16.790802,21.051247,17.580517,20.16953,21.436056,16.807167,13.80521,11.1020565,9.196836,8.862556,6.4660983,10.987546,13.979225,15.907096,17.420246,21.361042,23.558947,26.40241,26.732069,25.856504,22.379362,20.192772,20.098686,15.446419,14.4575615,13.2596855,9.668362,11.262718,8.06342,11.603106,13.61898,14.346669,17.754822
30,23.395716,20.78041,20.087803,15.225103,15.855325,14.729597,15.162435,15.885338,14.124021,19.028091,16.986158,21.981564,21.030798,20.219528,18.932255,14.575654,15.282725,11.038506,13.204565,10.56379,13.972981,15.1926,14.153514,18.329103,17.602331,15.163354,14.331331,9.235887,5.483551,5.179089,0.0,6.940123,8.445789,12.629124,13.710629,17.505426,18.55917,19.981337,15.648412,12.844121,14.736644,12.655298,10.697461,10.909237,10.068376,15.164108,13.3106165,18.526138,22.803259,21.303164,16.852043,21.008696,22.602575,19.501795,18.17949,16.140152,11.901527,13.110733,11.937046,16.621359,10.896836,15.922967,15.847626,21.053497,20.445917,15.580551,19.476658,20.346823,19.660992,20.445776,16.8455,16.95798,10.579924,15.314967,12.267986,16.184088,15.4173565,11.771761,15.895385,12.774867,15.537474,17.357834,12.661522,10.139346,6.713782,7.122238,5.872817,6.6025467,10.479433,14.098476,14.810779,15.207445,18.709282,20.433458,23.270334,24.031382,23.560728,20.758673,19.052769,19.712055,15.257075,15.924789,15.748108,12.082349,12.184883,9.328248,9.8572035,11.159295,10.494186,14.190319
31,19.859015,18.402822,17.470688,13.608006,15.614424,13.3029785,16.831842,17.50108,17.541994,21.832937,21.256765,25.404491,25.97384,25.274025,25.051517,20.421381,21.546225,17.192076,18.910471,15.994146,18.209618,19.070671,16.333767,20.063248,18.952896,15.849853,17.539885,11.070813,9.565846,5.6833086,6.940123,0.0,7.3120413,8.126024,11.307159,14.298209,16.383217,18.679502,15.59774,13.940441,16.212221,15.192098,14.619881,15.305796,11.846787,18.082033,14.1502075,19.145752,23.726982,20.674618,16.2583,22.1757,21.972603,17.730455,17.785137,15.334483,13.140352,14.040152,14.962203,20.468966,16.199266,21.51711,22.130165,27.401083,27.094177,22.056211,26.118475,26.453417,26.02703,25.890574,22.819572,23.483107,17.388084,22.209837,18.979826,22.732319,21.448648,17.092894,20.456257,16.21324,17.865307,18.131401,13.8571825,11.034738,10.29544,7.3847127,10.708039,10.225236,14.576331,18.129475,19.626186,20.010355,24.406307,25.098713,28.482208,29.408144,28.23219,25.591743,22.76451,23.703465,18.30743,17.770548,16.954782,12.637203,13.72568,8.593021,12.749916,12.351838,13.758756,15.928538
32,25.997522,24.5068,22.459682,18.927916,19.921528,16.382658,19.321522,17.425177,16.998158,19.71987,18.761436,21.852962,22.558975,22.953758,22.804066,19.239866,21.431387,17.79538,20.998428,18.875446,22.312143,23.538136,21.928753,25.960245,24.822538,22.004625,21.85084,16.409399,13.473585,11.1252365,8.445789,7.3120413,0.0,6.0150223,5.282408,9.126014,10.258417,12.204115,8.950603,7.635071,11.649812,11.836012,13.240951,15.125116,14.30425,21.063011,18.095228,23.317331,27.198689,24.578913,19.785702,23.862745,23.772894,19.57802,17.626652,14.471486,12.1954775,10.1654825,10.407132,15.262006,12.0257435,16.938515,18.773157,23.76629,24.946402,20.754768,25.77345,26.858376,26.968687,28.219685,24.92016,24.523516,17.817406,21.42045,17.448368,20.154646,17.96648,13.674138,15.311166,11.675955,12.230192,12.408576,8.40363,7.6089873,8.385723,8.654906,12.159567,14.189915,17.911884,21.849913,22.20623,21.353432,25.00941,24.812565,28.157053,29.722103,29.082857,27.410967,25.163918,26.89596,21.814615,22.731634,22.666742,18.343079,18.314245,13.65727,14.856861,12.620824,12.321099,13.654033
33,23.359348,22.781202,20.1171,17.84439,19.360043,14.873604,19.811443,17.767715,18.86997,20.999062,21.48681,23.825897,25.946798,26.158194,27.0967,23.118643,25.543146,21.775568,24.687305,22.56859,25.376066,26.707542,24.178192,28.030943,27.071321,23.943567,25.405048,19.123877,17.012863,13.622535,12.629124,8.126024,6.0150223,0.0,5.2978125,6.9342194,10.256089,13.441026,12.375749,12.49017,16.514235,17.21948,18.762817,20.47995,18.302494,25.184195,21.294878,26.270123,30.436731,26.979406,22.430933,27.654705,26.546911,21.72886,20.929302,17.692312,16.752848,14.890883,16.10093,20.880497,17.949886,22.653088,24.6332,29.544348,30.816805,26.56555,31.345055,32.334064,32.129307,32.92461,29.43774,29.286213,22.739765,26.495232,22.415518,25.219494,22.869606,18.104925,19.638468,15.027502,14.824723,13.364442,10.574716,9.3042145,11.8744335,9.814081,15.316356,16.79767,20.47872,24.395441,25.113474,24.10434,28.495605,27.346996,31.129805,32.830505,31.53747,30.136198,27.00773,29.129614,23.448736,23.872898,23.718983,19.171572,19.33378,13.910662,16.576834,13.256656,14.672898,14.596222
34,28.480583,27.604132,24.92312,22.263992,23.322798,18.901554,22.778584,19.776058,20.085384,21.466774,21.246254,23.03517,24.730844,25.690765,26.193369,23.08339,25.805777,22.476952,25.96924,24.05845,27.487537,28.770102,26.952349,30.925837,29.711576,26.780867,26.946255,21.409283,18.696224,16.026758,13.710629,11.307159,5.282408,5.2978125,0.0,3.923796,5.5761504,8.420445,7.489435,8.399041,13.012608,14.552337,17.225477,19.512304,18.737335,25.730074,22.454073,27.486425,31.12878,28.065838,23.350386,27.260933,26.332668,21.793753,19.720476,16.280989,15.418419,11.997563,12.984238,17.016525,15.433374,19.638334,22.23678,26.8421,28.836348,25.091557,30.380426,31.584642,31.92518,33.36653,30.102634,29.504114,22.78135,25.903603,21.705982,23.813002,21.11595,16.886538,17.091974,13.617839,12.569922,11.232156,9.001355,9.746874,12.374913,12.453423,16.890045,19.172365,22.744896,26.747501,26.963394,25.62537,29.308449,28.199236,31.7147,33.6323,32.882786,31.771013,29.288107,31.480757,26.208876,27.231853,27.25208,22.78669,22.664598,17.673689,18.965319,15.535092,15.508171,15.380981
35,29.993242,29.605509,26.610132,24.601448,25.793896,20.959127,25.495785,22.10125,22.957958,23.661022,24.008059,25.0502,27.406498,28.569893,29.497944,26.517887,29.442915,26.19097,29.714636,27.838182,31.15242,32.437828,30.371326,34.266155,33.0077,29.985512,30.541637,24.851398,22.373552,19.428114,17.505426,14.298209,9.126014,6.9342194,3.923796,0.0,4.221423,7.8006926,9.283813,11.276752,15.587286,17.658905,20.747253,23.13091,22.097492,29.191654,25.621056,30.484472,34.030113,30.6149,26.03385,30.030674,28.495996,23.753717,21.902662,18.436417,18.465137,14.754677,16.221535,19.836004,19.02007,22.891464,25.75625,30.162731,32.465412,28.864826,34.228077,35.417805,35.839333,37.239815,34.00821,33.404587,26.68682,29.700134,25.430958,27.336174,24.457794,20.25402,19.905329,16.488754,14.727662,12.435783,11.53849,12.6479845,15.894897,15.568101,20.487759,22.709452,26.25799,30.270021,30.520653,29.011192,32.816082,31.211155,34.84819,36.92117,36.01838,35.165554,32.446568,34.85781,29.423548,30.360197,30.363106,25.83451,25.752481,20.56005,22.157331,18.235203,18.582018,17.699007
36,33.5984,32.976593,30.232925,27.780724,28.866137,24.299809,28.173481,24.663357,24.867247,25.472263,25.126516,26.079811,27.775837,29.352753,29.682936,27.29098,30.15702,27.137123,30.815525,28.923641,32.514633,33.613617,31.982277,35.854294,34.316563,31.459455,31.159555,26.10247,23.43546,20.928846,18.55917,16.383217,10.258417,10.256089,5.5761504,4.221423,0.0,3.5870914,6.3081484,9.213099,13.078434,15.7754,19.587412,22.262033,22.04318,29.019108,25.870798,30.60432,33.673534,30.557316,25.992628,28.95799,27.50068,23.1037,20.42991,17.010258,17.32441,12.791053,14.338523,17.232025,17.854925,21.296469,24.409792,28.543741,31.13092,27.829138,33.468876,34.606945,35.53954,37.194366,34.36356,33.617294,26.92291,29.631226,25.507452,26.998383,24.09036,20.512987,19.398592,17.141005,15.155441,13.437756,12.72721,14.623041,17.30121,17.967232,22.053339,24.437815,28.02505,32.00742,32.08113,30.62212,33.913002,32.701614,36.05707,38.131615,37.648018,36.756454,34.528748,36.757343,31.634466,32.740673,32.70034,28.262941,28.197027,23.224714,24.343672,20.77526,20.320309,19.81786
