,0,1,2,3,4,5,6,7,8,9,10,11,12,13,14,15,16,17,18,19,20,21,22,23,24,25,26,27,28,29,30,31,32,33,34,35,36,37,38,39,40,41,42,43,44,45,46,47,48,49,50,51,52,53,54,55,56,57,58,59,60,61,62,63,64,65,66,67,68,69,70,71,72,73,74,75,76,77,78,79,80,81,82,83,84,85,86,87,88,89,90,91,92,93,94,95,96,97,98,99,100,101,102,103,104,105,106,107,108,109,110
0,0.0,4.6547346,6.5982695,8.393552,11.750178,13.169771,16.558296,20.871428,22.257652,26.83138,30.043905,34.174294,31.920523,30.095167,26.05098,24.132631,19.987652,19.407894,14.967036,14.033964,10.302818,11.548612,10.570479,10.802364,11.350011,13.978355,16.532679,14.75601,16.591763,13.652514,17.895523,14.792376,22.380123,19.334139,23.504776,25.606087,25.288029,24.857061,20.300152,16.4616,21.597153,18.079025,21.061216,20.9813,20.003077,19.218142,20.077566,18.653095,22.53574,25.242195,27.188488,26.321213,30.06815,30.892197,26.927916,29.190245,28.155931,27.19721,31.42482,31.038334,29.090973,35.203896,35.111805,38.223156,40.99396,41.970276,43.120136,41.845184,38.866234,36.65183,33.744682,31.904963,27.452251,26.128817,22.270699,20.959326,17.944096,15.350827,15.990359,11.964881,13.567647,17.564804,17.217083,15.087103,18.88923,22.364231,18.640032,17.673243,21.943789,23.442976,22.194984,23.265211,27.023012,27.245638,28.156187,29.278957,25.556498,28.130764,31.98931,28.655567,25.405777,28.120352,32.44266,36.637928,35.078922,32.0946,33.720478,27.553587,29.210003,26.154644,27.37732
1,4.6547346,0.0,5.2741494,6.2456694,8.715183,11.740534,13.75021,19.022657,20.040165,25.084112,28.39136,32.46541,30.693407,29.148441,25.089151,22.921003,19.028965,17.759714,13.553951,11.4479475,8.8836155,8.125655,9.098521,7.9582253,10.43998,13.250435,14.138586,12.715629,13.960233,12.59266,15.819577,14.362376,21.943916,19.448467,23.723522,25.978634,26.447943,25.834198,21.328955,17.240753,22.161364,18.031937,20.212568,19.2534,19.005154,17.115704,18.418016,15.79415,20.08012,22.17053,24.512194,23.219837,27.595835,28.769814,25.2741,28.009771,26.956524,26.697876,31.263556,30.85615,28.629766,34.435146,33.80905,37.022194,39.258827,40.516304,41.193737,39.769466,36.596874,33.93277,31.327797,29.057276,24.603685,23.164438,18.998436,18.115463,14.615936,12.534691,12.780757,8.369587,8.964578,12.993189,12.647454,10.827504,14.803267,18.02073,14.646541,14.17708,18.23555,19.61282,18.991531,20.24426,23.554329,23.712214,25.22606,26.760197,23.152695,25.581419,29.509624,26.79505,23.61638,26.019627,30.310787,34.318382,32.348324,29.413229,30.390072,24.307016,25.636368,22.26045,23.56364
2,6.5982695,5.2741494,0.0,5.1179023,7.195008,8.092158,11.748261,15.517571,17.57196,21.456812,25.761341,29.50026,27.078642,25.867088,21.303408,19.99307,15.8189945,15.614048,11.633126,11.135716,9.330012,11.118322,12.959099,12.702349,15.34121,17.479298,18.31474,15.898942,15.958068,14.252018,15.645085,13.613141,19.977108,16.35385,21.094849,22.651949,23.33442,23.415691,18.734097,15.249656,20.666918,18.058289,19.79845,20.136917,20.921532,19.389864,21.719032,19.156012,23.784302,25.868729,27.794815,25.557417,30.421738,30.924688,27.229176,29.81614,27.890219,27.564854,32.263245,30.930061,28.375381,34.08954,33.371693,36.148956,38.84438,39.184593,39.70292,37.951435,34.455986,32.122982,29.08512,26.687424,22.54508,20.468346,16.789196,14.855507,11.810295,8.872196,9.866782,7.134604,10.138677,13.546668,14.566624,11.984168,14.283748,19.01516,16.359385,14.532915,18.192766,20.43514,19.885736,20.04917,23.736794,24.865805,26.312159,26.92438,23.183933,24.825306,29.01413,26.208925,22.661528,24.352877,29.081924,33.50431,31.27005,28.193672,29.472374,23.31362,24.227451,21.289906,21.78063
3,8.393552,6.2456694,5.1179023,0.0,3.6506557,6.0024977,8.187488,13.126266,14.031362,19.16027,22.20371,26.30783,24.568249,22.929646,19.030283,16.677704,12.847505,11.576219,7.382866,6.206163,4.4959407,7.4797997,9.752302,10.6292515,13.503468,14.486263,14.914506,11.69535,11.159181,9.575539,10.618368,9.161796,16.025593,13.646932,17.92626,20.203743,21.206429,20.542997,16.157011,12.164833,16.97961,13.574094,15.009932,15.027304,16.12199,14.562148,17.402546,15.085048,19.766853,22.1038,23.474258,20.970757,25.764389,25.9646,22.234112,24.842434,22.83447,22.71264,27.523056,26.252943,23.661715,29.300074,28.513618,31.46251,33.980045,34.705074,35.361282,33.857773,30.680025,28.317947,25.46569,23.543152,19.061853,17.944834,14.114015,13.304341,10.881078,9.254445,11.5568285,9.468306,9.188874,12.421147,12.434604,8.907157,11.567566,15.915036,12.54928,10.16843,14.222116,16.34939,15.165642,15.435303,19.378166,20.402401,21.435287,21.997456,18.234964,20.21744,24.288166,21.370066,17.946434,20.109589,24.599108,28.880707,26.952082,23.922848,25.516903,19.317947,21.008339,18.28724,19.666372
4,11.750178,8.715183,7.195008,3.6506557,0.0,5.2535486,5.048715,10.835226,11.478118,16.8128,20.102829,24.02702,22.641644,21.373627,17.472164,15.097334,11.705649,9.9399805,6.6748347,4.7612176,6.2116594,7.813035,11.63879,11.943534,15.624028,16.373074,15.569486,12.449909,10.686416,10.772894,9.454842,9.998277,15.636514,13.736758,17.92183,20.069187,21.828625,21.19016,17.086819,13.411488,17.70208,14.5034895,14.817899,14.493938,16.704554,14.425304,17.959755,14.87451,19.750692,21.515047,22.89572,19.624046,25.044065,25.213242,21.916208,24.78568,22.467625,22.960163,27.956316,26.380056,23.49844,28.678467,27.382156,30.228632,32.395523,33.055744,33.234646,31.505268,28.072765,25.413923,22.70909,20.377441,15.955658,14.616729,10.5933695,10.122863,7.656495,6.9864845,9.692869,8.860005,7.62741,9.943443,10.489773,6.6745644,8.132106,13.065996,10.485494,7.6261287,11.151255,13.652897,13.093446,12.9239435,16.597971,18.058216,19.563395,20.062124,16.427717,17.873528,22.080532,19.776182,16.359627,17.87341,22.44223,26.665094,24.276892,21.249193,22.385473,16.2104,17.51855,14.726559,16.01861
5,13.169771,11.740534,8.092158,6.0024977,5.2535486,0.0,5.904172,7.72859,9.969788,13.674635,17.756096,21.462584,19.098843,17.833838,13.409522,11.95971,7.8687596,8.153898,5.2521925,7.4496117,8.1724205,12.4733,15.175607,16.405794,19.353607,19.769817,19.923986,16.121513,14.22811,12.847089,10.685698,9.245285,13.039058,9.544264,14.257379,15.686895,17.448473,17.504494,13.25452,10.433323,15.169773,14.084753,14.335223,16.051193,18.589779,17.484156,21.324366,19.184095,23.88875,26.06183,26.84654,23.287695,28.447222,27.793089,24.078508,26.421478,23.349836,23.32883,28.163185,25.707144,22.695433,27.898026,26.880915,29.201267,32.171036,31.75671,32.15347,30.265764,26.745577,24.852074,21.484188,19.585718,15.556515,13.929449,11.107212,9.206264,8.607224,7.0874033,11.030672,11.682095,12.482122,14.422648,15.583144,11.742384,11.735426,17.320204,15.103723,11.266465,14.126253,17.190023,16.094522,14.751628,18.974073,21.238417,22.046074,21.3,17.599136,18.32415,22.575693,19.699873,15.936883,16.942245,21.893879,26.609955,24.403963,21.268822,23.344444,17.28769,18.584538,16.798233,17.306868
6,16.558296,13.75021,11.748261,8.187488,5.048715,5.904172,0.0,6.9147205,6.6263075,12.447727,15.42017,19.225935,18.31427,17.254545,13.753413,11.103276,8.689502,6.2979903,5.521205,5.0365067,8.930827,11.053403,15.059731,15.863848,19.556505,19.454615,18.017242,14.480936,11.287071,12.294758,7.643025,10.052716,13.03324,12.092948,15.669829,17.673563,20.328192,19.62236,16.196945,13.2678795,16.45134,14.218722,12.991972,13.190877,16.895073,14.670895,19.135086,16.199644,20.873896,22.365221,23.036837,18.721252,24.451279,23.923552,20.936872,23.72501,20.659258,21.670507,26.716412,24.43241,21.207592,25.725962,23.954231,26.48207,28.543896,28.791931,28.608374,26.68222,23.094608,20.450634,17.684252,15.391906,10.9532,9.972166,6.3162603,6.822357,6.6118793,7.8685637,11.478968,12.599078,10.770408,11.406058,12.207816,8.360273,6.8906054,12.167386,10.642997,6.360123,8.329131,11.609298,11.066238,9.433298,13.254655,15.760288,17.078186,16.658066,13.201376,13.653255,17.987362,16.103897,12.645811,13.254994,17.976625,22.308702,19.639912,16.565104,17.905926,11.753848,13.165932,11.191023,12.552853
7,20.871428,19.022657,15.517571,13.126266,10.835226,7.72859,6.9147205,0.0,4.579166,6.061928,11.183171,14.221314,12.067065,11.651795,7.2890134,6.639002,5.015381,6.22861,8.23676,11.0506735,13.992099,17.70093,21.077812,22.400826,25.715261,25.394138,24.566725,20.58562,17.295404,17.268456,11.804937,12.677255,11.483865,9.462345,12.685335,13.199708,16.708372,16.99415,14.236696,13.229676,15.778535,16.506516,14.59362,17.020388,21.238716,20.090792,24.823818,22.62829,27.069689,28.715132,28.790127,24.038689,29.50109,28.026024,24.934235,27.10016,23.080635,23.79462,28.508442,24.968435,21.518198,25.400856,23.64021,25.170376,28.02157,26.55897,26.210745,23.815653,19.847147,18.265865,14.564181,12.668199,9.498392,7.8085303,7.519415,5.950596,9.268556,10.149753,14.29998,17.06219,16.971016,17.1869,18.776917,15.170335,12.477494,17.86376,17.202606,12.711243,13.216259,16.770668,16.058384,12.950192,16.63269,20.208242,20.827738,18.69534,15.671279,14.421509,18.517824,16.54143,12.991652,11.751378,16.845594,21.673664,18.952059,15.9054785,18.241322,13.01844,13.785437,13.736879,13.531753
8,22.257652,20.040165,17.57196,14.031362,11.478118,9.969788,6.6263075,4.579166,0.0,7.2240076,8.836505,12.635062,12.264809,11.228609,8.877364,5.7124305,6.1645784,4.2882895,7.9981275,9.906435,13.662493,16.787186,20.183712,21.765625,25.042696,24.086834,22.71696,18.72579,14.886253,15.721177,9.059516,11.792507,9.973667,10.579705,12.535649,14.079189,17.749762,17.037445,14.950998,13.595741,14.860953,14.767431,11.877284,13.6883955,18.510315,17.216902,22.197231,20.187593,24.269766,25.79401,25.385923,20.344688,25.686289,23.962332,21.199766,23.402456,19.312893,20.56748,25.302284,21.899153,18.37538,21.857592,19.723236,21.514162,23.891918,23.080236,22.693213,20.54997,16.88619,14.916872,11.583924,10.297025,6.200081,6.995563,6.674812,7.9393425,10.931503,12.740745,16.67041,18.85109,17.175997,17.061653,17.829376,14.250988,11.509623,15.730152,15.0091095,10.450205,10.24822,13.547823,12.440117,8.876191,12.590572,16.2892,16.538786,14.159807,11.304886,9.850182,13.996943,12.272781,8.896993,7.617497,12.691509,17.418575,14.803665,11.688665,14.386459,9.036124,11.024062,11.466348,12.575739
9,26.83138,25.084112,21.456812,19.16027,16.8128,13.674635,12.447727,6.061928,7.2240076,0.0,7.8269706,9.153011,6.6694307,7.844563,4.6972136,6.616988,8.40423,10.181023,13.559315,16.493473,19.64926,23.340895,26.69905,28.181854,31.47366,30.79585,29.75975,25.708738,22.040447,22.283161,16.044569,17.317856,13.210123,12.284901,13.672391,12.980261,17.305107,17.967346,16.624662,17.028107,18.068426,20.253841,17.465532,20.448416,25.189484,24.351166,29.307943,27.371592,31.493755,32.928795,32.493958,27.276428,32.554947,30.451086,27.776127,29.568949,25.028427,25.987114,30.281893,25.980598,22.474161,25.082106,22.984705,23.545553,26.457163,23.716003,22.800432,19.949085,15.681147,15.028901,10.942599,9.722724,8.848633,7.803061,10.539179,9.660076,14.007308,15.387076,19.182972,22.634577,22.483265,22.060495,23.779808,20.445946,16.94016,21.656738,21.777107,17.364555,16.632013,20.019157,19.449234,15.606649,18.461187,22.636902,22.872255,19.66691,17.51847,14.806295,18.129168,16.922295,14.098925,10.944048,15.342019,19.960352,17.134607,14.531201,17.233776,13.699906,13.885623,15.567938,14.672751
10,30.043905,28.39136,25.761341,22.20371,20.102829,17.756096,15.42017,11.183171,8.836505,7.8269706,0.0,4.730463,6.752572,5.371684,8.22715,6.3866563,10.7303,10.775825,15.183354,17.8599,21.062654,24.788717,27.46472,29.737318,32.487328,30.744549,29.644556,25.410425,21.49738,21.912807,15.241403,17.285732,10.840457,13.515255,12.222832,12.680701,16.991718,16.23156,16.621187,17.38061,15.913406,18.383291,14.497284,17.702955,22.691626,22.6218,27.55862,26.712671,29.97209,31.606134,30.048779,24.826336,29.083532,26.01811,23.686722,24.816908,19.920746,21.170485,24.862272,20.188229,16.780306,18.061403,15.718258,15.843196,18.880371,15.939984,15.498328,13.194098,10.000353,10.562229,6.5450077,9.345612,8.7705345,11.686913,14.166373,15.382431,19.25882,21.041882,25.009659,27.580093,25.946167,25.577003,26.134653,22.706226,19.784283,22.918434,22.51071,18.221802,17.09315,19.64741,18.010635,14.008993,16.537703,20.50075,19.272728,14.822304,13.666394,10.382243,12.373115,11.090517,9.545513,5.668869,8.565887,13.148727,11.701572,9.573074,14.355931,12.262648,14.470838,17.186253,18.001509
11,34.174294,32.46541,29.50026,26.30783,24.02702,21.462584,19.225935,14.221314,12.635062,9.153011,4.730463,0.0,5.482136,6.540243,10.114058,10.351488,14.532033,15.171887,19.519262,22.201382,25.530657,29.12007,32.03623,34.109955,37.038784,35.405487,34.12826,30.00024,25.992008,26.601671,19.839619,21.888834,15.212895,17.271875,15.822928,15.254153,19.654675,19.472172,20.290457,21.578964,20.061777,23.043898,19.173279,22.292904,27.344254,27.165575,32.127113,31.088766,34.321194,35.676548,34.11752,28.698055,32.98402,29.833725,27.894197,28.911598,23.995209,25.3647,28.708385,23.805382,20.58369,20.82687,18.308315,17.464216,20.176132,15.98798,14.584919,11.587953,7.921779,9.88667,6.205614,9.45546,11.0986595,13.367783,16.862497,17.782457,22.050558,23.966225,27.742033,30.883738,29.565552,28.816933,29.75565,26.551931,23.068382,26.165817,26.411043,22.26515,20.600807,23.140076,22.0302,17.92387,19.691137,23.86567,22.8594,18.292528,17.747944,13.892255,15.096325,14.917838,14.003442,9.629604,11.012258,14.508049,12.826594,11.553705,15.553752,14.973142,16.073627,19.456099,19.490562
12,31.920523,30.693407,27.078642,24.568249,22.641644,19.098843,18.31427,12.067065,12.264809,6.6694307,6.752572,5.482136,0.0,4.004421,6.053604,8.7690735,12.129438,14.321014,18.121975,21.601217,24.359686,28.69128,31.44241,33.54704,36.379547,35.150364,34.50683,30.151644,26.49888,26.228706,20.058886,20.746254,14.235212,14.410618,13.5802355,11.820781,16.254879,17.095753,17.504925,19.34189,18.700483,22.55342,19.445831,23.382599,28.05379,28.115217,33.02888,31.96278,35.643093,37.36116,36.195484,31.002834,35.53648,32.602272,29.968554,31.027454,26.082565,26.755192,30.294384,25.257505,22.010923,23.425009,21.62853,21.0294,24.592384,20.276604,19.652058,16.893196,13.391381,14.88869,10.801188,12.253541,12.938446,13.569709,16.771608,16.326176,20.639511,21.832216,25.728714,29.030954,28.789412,28.492146,29.870205,26.387362,23.127043,27.313622,27.186235,22.684612,21.841272,24.884598,23.686932,19.669916,22.334644,26.509037,25.759312,21.517178,20.07395,16.916489,19.045074,17.706137,15.766138,12.25433,15.119711,19.296831,17.5829,15.707036,19.561089,17.541252,18.327816,20.948086,20.345894
13,30.095167,29.148441,25.867088,22.929646,21.373627,17.833838,17.254545,11.651795,11.228609,7.844563,5.371684,6.540243,4.004421,0.0,5.4846115,6.4275904,10.165898,12.222811,16.018618,19.744864,22.124334,26.854393,29.084736,31.627573,34.069057,32.517788,32.24602,27.707075,24.24516,23.499838,17.683973,17.892118,10.68621,11.701508,9.986252,8.764624,13.197819,13.468934,14.28676,16.281488,14.970181,19.170145,16.117756,20.535969,24.934828,25.518835,30.288116,29.795664,33.273647,35.361107,33.908157,29.017239,33.11044,29.94531,27.004827,27.795834,22.813555,23.15354,26.57403,21.478394,18.289217,20.062923,18.6907,18.331455,22.438454,18.46282,18.783834,16.644142,13.886413,15.42308,11.320577,13.541285,13.065288,14.541361,16.934135,16.811785,20.760374,21.746777,25.895775,28.57212,27.999105,28.126577,29.014349,25.283287,22.68194,26.699547,25.868265,21.267374,20.948227,23.825718,21.952902,18.139107,21.31287,25.16511,23.846626,19.45965,17.828142,15.260969,17.352873,15.072444,13.070566,10.497019,13.41361,17.890804,16.97678,14.935063,19.62665,17.077253,18.903597,21.213985,21.399813
14,26.05098,25.089151,21.303408,19.030283,17.472164,13.409522,13.753413,7.2890134,8.877364,4.6972136,8.22715,10.114058,6.053604,5.4846115,0.0,5.030716,6.642533,9.922862,12.952049,16.895802,19.127329,23.90489,26.45338,28.56423,31.272596,30.37567,30.196259,25.759998,22.512712,21.594536,16.146667,15.82743,10.661711,9.02421,9.859143,8.431758,12.754781,13.806256,12.811199,14.164392,14.893402,18.403084,16.104368,20.2418,24.458227,24.522194,29.277287,28.14104,32.158157,34.200424,33.467896,28.66283,33.39394,30.918434,27.67855,29.006247,24.326826,24.550379,28.560982,23.967426,20.63898,23.64961,22.299978,22.70808,26.537521,23.37991,23.436817,21.044945,17.517265,17.79905,13.516718,13.694162,12.323266,12.054801,13.851984,12.584415,16.388165,16.909452,21.02763,23.902372,24.142849,24.454435,25.846275,22.100061,19.505877,24.401323,23.592226,18.91358,19.105442,22.416014,20.987173,17.371319,20.965723,24.821024,24.33224,20.797276,18.379019,16.32829,19.479628,17.073751,14.089626,12.008789,16.301712,21.16739,19.347267,16.746721,20.513647,16.709734,17.866953,19.285316,18.897442
15,24.132631,22.921003,19.99307,16.677704,15.097334,11.95971,11.103276,6.639002,5.7124305,6.616988,6.3866563,10.351488,8.7690735,6.4275904,5.030716,0.0,4.4145317,5.8246775,9.670884,13.330153,15.816032,20.441494,22.798258,25.213007,27.769981,26.414703,26.065142,21.563154,18.164421,17.472399,11.632114,12.045854,6.6173472,7.4059715,7.7962995,8.739225,12.792802,12.326746,11.251628,11.587011,11.645123,14.158102,11.33244,15.319851,19.704948,19.833374,24.630556,23.793854,27.562166,29.72146,28.697899,23.98905,28.474539,25.920507,22.652931,24.020317,19.38744,19.806023,24.018414,19.723352,16.272482,19.655586,18.225409,19.304996,22.920683,20.845284,21.28966,19.375586,16.290512,15.998211,12.011123,12.70629,10.028757,11.299418,12.144039,12.224388,15.510867,16.419619,20.666098,22.762394,21.851967,22.297638,22.946241,19.074709,16.999367,21.227276,19.884495,15.190219,15.567619,18.57878,16.561535,13.062723,17.002865,20.555264,19.650072,16.152065,13.547659,12.025857,15.335862,12.3976145,9.177637,8.039778,12.646829,17.682255,16.25246,13.444682,17.704693,13.410055,15.77599,16.972534,17.774675
16,19.987652,19.028965,15.8189945,12.847505,11.705649,7.8687596,8.689502,5.015381,6.1645784,8.40423,10.7303,14.532033,12.129438,10.165898,6.642533,4.4145317,0.0,4.432417,6.407984,10.733584,12.5243225,17.642975,19.864279,22.17504,24.678547,23.796057,23.9038,19.398336,16.519503,15.118156,10.410665,9.401055,7.0116544,4.656029,7.857476,9.055421,12.183721,12.083581,9.351264,8.734021,10.901919,12.701386,11.163193,14.984954,18.690184,18.704245,23.242357,22.201267,26.332317,28.706427,28.220276,23.946753,28.615103,26.617302,22.929773,24.555489,20.3791,20.36445,24.84538,21.113964,17.821577,22.233738,21.200102,22.779802,26.396002,24.877201,25.514141,23.674782,20.485365,19.68573,15.823222,15.489503,12.093942,12.094017,11.579985,10.688989,13.101048,13.19811,17.517767,19.206816,18.951468,19.98803,20.7757,16.735365,15.368326,20.27336,18.415024,13.710313,15.172739,18.351421,16.38619,13.558029,17.984451,21.119251,20.671251,18.086628,14.83572,14.383163,18.18022,14.886122,11.191067,11.351806,16.224318,21.241447,19.639593,16.631077,20.24615,15.02918,17.142157,17.248558,17.931894
17,19.407894,17.759714,15.614048,11.576219,9.9399805,8.153898,6.2979903,6.22861,4.2882895,10.181023,10.775825,15.171887,14.321014,12.222811,9.922862,5.8246775,4.432417,0.0,4.4641137,7.531694,10.364014,14.632261,17.16106,19.435154,22.130077,20.918001,20.363636,15.947387,12.59583,12.1776,6.284291,7.587689,6.918899,7.6262703,9.898232,12.364407,15.268663,14.086175,11.558222,9.575822,11.141957,10.686675,8.429957,11.058487,15.270639,14.724596,19.492086,18.252264,22.285286,24.499134,23.925282,19.527864,24.318548,22.505337,19.03637,21.020739,17.064184,17.638163,22.436802,19.275974,15.906253,20.371628,18.963749,21.168188,24.082405,23.677553,24.20024,22.601856,19.59957,18.04617,14.765671,14.333325,10.093522,11.128188,9.695209,10.409444,12.224299,13.091379,17.190222,18.328491,16.67069,17.518234,17.655388,13.636798,12.508734,16.6352,14.535757,9.822633,11.2942,14.219411,11.979552,9.295097,13.920576,16.793406,16.362022,14.223057,10.75438,10.915713,14.944368,11.798718,7.992529,9.097716,13.907259,18.700405,17.059956,13.9825945,17.331184,11.727921,14.598002,14.368423,16.05951
18,14.967036,13.553951,11.633126,7.382866,6.6748347,5.2521925,5.521205,8.23676,7.9981275,13.559315,15.183354,19.519262,18.121975,16.018618,12.952049,9.670884,6.407984,4.4641137,0.0,4.762739,6.243793,11.359091,13.505488,15.828073,18.340065,17.572216,17.65183,13.225458,10.769113,9.242074,5.928766,4.900444,8.983539,7.883485,11.446855,14.090527,15.946305,14.852021,11.212032,7.8490834,11.326709,9.420747,9.139088,11.074615,13.9972,13.39858,17.625347,16.323484,20.648842,23.195028,23.177366,19.549744,24.242577,23.071436,19.198103,21.356756,18.123308,18.159006,23.040792,20.643456,17.628748,22.898945,21.977993,24.564705,27.49219,27.591202,28.400723,26.962673,24.030176,22.26333,19.12256,18.212433,13.764239,13.903639,11.254445,11.227557,11.45357,11.313455,15.187564,15.287958,14.004867,15.781157,15.72226,11.527788,11.9292965,16.340113,13.345141,9.011831,12.066995,14.756084,12.498529,11.15479,15.86679,17.913363,17.831226,16.7894,12.998136,14.335295,18.363344,14.964051,11.274928,13.338564,17.923616,22.51763,20.978031,17.91383,20.72631,14.728499,17.33956,16.036238,17.748142
19,14.033964,11.4479475,11.135716,6.206163,4.7612176,7.4496117,5.0365067,11.0506735,9.906435,16.493473,17.8599,22.201382,21.601217,19.744864,16.895802,13.330153,10.733584,7.531694,4.762739,0.0,4.7007337,7.121006,10.374137,11.991732,15.149686,14.573147,13.572481,9.629743,6.88964,7.3612943,4.8159285,6.9821615,12.68324,12.620611,15.815709,18.726849,20.555658,19.103334,15.597426,11.7340975,14.82089,10.7591505,10.565093,9.745367,12.416486,10.301515,14.441336,12.082827,16.700901,18.873726,19.41418,15.944904,21.052822,20.750639,17.318565,20.124592,17.720608,18.38671,23.428125,21.9876,19.146498,24.271034,23.010925,26.093302,28.13421,29.284605,29.781818,28.44429,25.531586,22.977186,20.513302,19.03362,14.298671,14.507581,10.800139,11.830853,10.693768,11.117951,14.125108,13.326351,10.374938,12.177175,11.335617,7.181032,8.839154,12.3455,8.779395,5.0072784,9.076736,11.196999,9.319044,9.344274,13.536288,14.758991,15.446323,15.815226,12.085709,14.20184,18.188986,15.554344,12.345565,14.734177,18.871298,22.906359,21.090801,18.151932,19.896383,13.778176,16.337152,14.080751,16.505941
20,10.302818,8.8836155,9.330012,4.4959407,6.2116594,8.1724205,8.930827,13.992099,13.662493,19.64926,21.062654,25.530657,24.359686,22.124334,19.127329,15.816032,12.5243225,10.364014,6.243793,4.7007337,0.0,6.5419035,7.4592643,10.117951,12.15789,11.762268,12.5823965,8.4370575,7.968255,5.1743903,7.631401,5.799454,13.659749,12.772032,16.154589,19.19355,19.98969,18.5121,14.581254,10.181361,14.085876,9.519693,11.32908,11.081266,11.713253,10.773785,13.699509,12.461958,16.798563,19.748934,20.38928,18.141289,22.308075,22.147768,18.11555,20.528358,18.667158,18.368486,23.13171,22.186453,19.80064,25.583466,25.066599,28.254917,30.762665,31.966078,33.065075,31.990704,29.360323,27.182404,24.520313,23.388338,18.692987,18.759996,15.1327715,15.333242,13.713797,12.925142,15.602475,13.575973,11.650475,14.607968,13.4527025,9.680297,12.765363,16.010471,11.723458,9.182035,13.563248,15.193841,12.886315,13.5575075,17.785486,18.381552,18.566021,19.096777,15.329328,18.035103,21.76448,18.383749,15.2371025,18.325167,22.335806,26.402752,25.13859,22.234303,24.40339,18.349537,21.03033,18.6943,20.935486
21,11.548612,8.125655,11.118322,7.4797997,7.813035,12.4733,11.053403,17.70093,16.787186,23.340895,24.788717,29.12007,28.69128,26.854393,23.90489,20.441494,17.642975,14.632261,11.359091,7.121006,6.5419035,0.0,5.3223305,5.0287294,8.963756,9.540305,7.863462,5.9205804,6.3244877,7.72143,10.339521,11.711633,19.053988,18.87063,22.129162,25.231123,26.393402,24.762722,21.031322,16.653738,19.993204,14.381474,15.532877,12.674399,12.872736,9.670601,11.587787,8.070493,12.789432,14.815224,16.747583,15.09485,19.68577,20.986843,17.97697,21.145327,20.412636,21.01701,25.739506,25.779982,23.55168,28.825373,27.789118,31.3481,32.759132,34.982685,35.54622,34.472683,31.76179,28.739304,26.829412,24.988466,20.305586,20.242008,15.940764,17.00247,14.189296,14.094238,15.283736,12.192327,7.890218,10.825991,8.285814,5.929168,10.912046,12.140663,7.533264,7.98623,12.179325,12.614271,11.569145,13.813598,16.655512,16.062407,17.475765,19.72343,16.442194,19.46948,22.97543,20.769085,18.217207,21.095783,24.626848,27.994978,26.28999,23.630796,24.373285,18.634104,20.808516,17.517525,20.216454
22,10.570479,9.098521,12.959099,9.752302,11.63879,15.175607,15.059731,21.077812,20.183712,26.69905,27.46472,32.03623,31.44241,29.084736,26.45338,22.798258,19.864279,17.16106,13.505488,10.374137,7.4592643,5.3223305,0.0,4.707909,5.0415096,4.7966595,6.5448956,4.565706,8.038387,6.469994,12.456018,11.880309,19.9148,19.89375,22.712141,26.113428,26.417784,24.454182,20.869644,16.380566,19.437904,13.305416,15.797463,13.201705,11.187054,9.622438,9.605319,8.680865,12.116911,15.372865,16.79815,16.69725,19.68087,20.906748,17.333937,19.928478,19.946222,19.67401,23.89579,24.7019,23.075506,28.75406,28.463892,32.180775,33.92481,36.426537,37.69016,37.043415,34.82748,32.226376,30.214815,29.038807,24.269304,24.652273,20.576628,21.41522,18.865896,18.203722,19.541142,15.877729,12.677449,15.9665785,13.243633,11.248753,16.124092,17.036472,12.064817,12.390129,16.69251,16.79358,14.732337,17.229607,20.363174,19.259798,19.631807,21.820839,18.587093,22.264858,25.386417,22.421116,20.102308,23.807934,27.017439,30.292355,29.368902,26.794777,28.247538,22.620775,25.404625,22.435106,25.300526
23,10.802364,7.9582253,12.702349,10.6292515,11.943534,16.405794,15.863848,22.400826,21.765625,28.181854,29.737318,34.109955,33.54704,31.627573,28.56423,25.213007,22.17504,19.435154,15.828073,11.991732,10.117951,5.0287294,4.707909,0.0,4.880109,7.404888,6.5858636,7.3531857,10.053263,10.542859,15.010865,15.442355,23.326015,22.871628,26.173521,29.310125,29.955524,28.311403,24.464949,19.981546,23.481993,17.552124,19.500044,16.399755,15.093978,12.300848,12.128769,9.148783,12.757141,14.770873,17.474741,17.43699,21.03923,23.12659,20.290016,23.304209,23.490381,23.7497,28.06569,28.886034,27.077553,32.504776,31.785416,35.51086,36.820286,39.43723,40.19604,39.28461,36.70681,33.63629,31.829794,29.94771,25.292805,25.07274,20.678593,21.465654,18.159838,17.552973,17.862467,13.628528,10.046806,13.331361,10.497269,9.86422,15.120885,15.506301,11.211418,12.838138,16.757301,16.623125,15.801007,18.547623,20.974554,19.664932,21.104269,23.922966,20.843056,24.18953,27.460405,25.20531,22.856646,26.005999,29.351881,32.50761,30.993292,28.437197,28.976582,23.425446,25.462524,21.916233,24.517723
24,11.350011,10.43998,15.34121,13.503468,15.624028,19.353607,19.556505,25.715261,25.042696,31.47366,32.487328,37.038784,36.379547,34.069057,31.272596,27.769981,24.678547,22.130077,18.340065,15.149686,12.15789,8.963756,5.0415096,4.880109,0.0,4.488569,7.1829333,8.374469,12.409792,11.30258,17.443642,16.709093,24.830782,24.534595,27.449598,30.780916,30.762766,28.876799,25.224335,20.77861,23.951593,17.839876,20.63421,17.75686,14.941213,13.441405,11.685431,10.934284,13.1173,15.995464,18.196072,19.428127,21.637585,23.682714,20.545065,23.020596,23.8737,23.47025,27.233208,28.72826,27.448864,33.08531,32.949757,36.777943,38.306103,41.16584,42.466476,41.89867,39.714943,36.955982,35.085613,33.707375,28.965225,29.107567,24.852146,25.5437,22.477188,21.543787,22.070652,17.625217,14.8095255,18.204525,15.305491,14.495318,19.707052,19.962029,15.331693,16.685244,20.76916,20.446604,18.887667,21.783531,24.433489,22.779919,23.438515,26.20119,23.193518,26.987156,29.956377,27.177921,25.035585,28.762358,31.845972,34.90144,33.98698,31.501822,32.57105,27.089184,29.610617,26.30559,29.084106
25,13.978355,13.250435,17.479298,14.486263,16.373074,19.769817,19.454615,25.394138,24.086834,30.79585,30.744549,35.405487,35.150364,32.517788,30.37567,26.414703,23.796057,20.918001,17.572216,14.573147,11.762268,9.540305,4.7966595,7.404888,4.488569,0.0,5.7640467,6.0131316,10.461793,9.030578,15.625668,15.074383,22.757433,23.441547,25.63911,29.315516,29.253605,26.874594,23.749935,19.398531,21.60784,15.082985,17.868952,14.689843,11.05368,10.30306,7.8145123,9.011,10.430276,14.245756,15.352495,16.900614,18.28807,19.917418,16.561773,18.77661,19.959946,19.437853,22.978012,24.858505,23.85947,29.358692,29.440199,33.35916,34.82396,38.003075,39.61607,39.38412,37.653053,35.120182,33.406883,32.63281,27.883247,28.770319,24.784824,25.964817,23.514952,22.984632,24.203026,20.320562,16.837122,19.891169,16.621672,15.267544,20.198217,20.054253,15.023729,16.044985,20.019573,19.428917,17.064436,20.09209,22.802309,20.91362,20.750864,23.397415,20.600807,24.74838,27.305717,24.314835,22.568863,26.733727,29.327179,32.110897,31.746336,29.430676,30.948347,25.737576,28.886435,26.0247,29.271408
26,16.532679,14.138586,18.31474,14.914506,15.569486,19.923986,18.017242,24.566725,22.71696,29.75975,29.644556,34.12826,34.50683,32.24602,30.196259,26.065142,23.9038,20.363636,17.65183,13.572481,12.5823965,7.863462,6.5448956,6.5858636,7.1829333,5.7640467,0.0,4.8809185,8.148648,10.167786,14.585311,16.31944,23.42316,24.63749,26.903023,30.581038,31.345015,28.946667,25.888836,21.5032,23.519516,16.80127,18.244055,13.702681,11.551356,8.366893,6.476873,4.142992,6.282295,9.097704,11.230349,12.458946,14.866507,17.41402,15.146072,18.228823,19.443993,20.151426,24.06775,25.802193,24.423624,29.282959,28.575367,32.58483,33.20424,36.819202,37.775764,37.392227,35.50163,32.40728,31.219326,30.02601,25.420448,26.39691,22.30667,24.192694,21.619688,21.88563,22.765663,19.24927,14.349575,16.528305,12.64303,12.208826,16.99911,15.444201,10.761678,13.172904,16.437536,15.118682,13.5754795,17.215117,18.940697,16.493816,17.208614,20.769213,18.355148,22.344746,24.795902,22.83497,21.380495,25.07577,27.410479,29.765913,28.921541,26.789808,27.35916,22.541168,25.375826,22.26541,25.806171
27,14.75601,12.715629,15.898942,11.69535,12.449909,16.121513,14.480936,20.58562,18.72579,25.708738,25.410425,30.00024,30.151644,27.707075,25.759998,21.563154,19.398336,15.947387,13.225458,9.629743,8.4370575,5.9205804,4.565706,7.3531857,8.374469,6.0131316,4.8809185,0.0,4.4562883,5.3497996,10.197656,11.499689,18.604216,19.90315,22.035725,25.749704,26.508892,24.086094,21.08461,16.749086,18.676044,12.030272,13.558766,9.641452,7.890383,5.2055054,5.8649607,4.9753704,8.561666,12.058153,12.744268,12.313652,15.322715,16.43989,13.094213,16.023344,16.19677,16.580952,20.921513,21.918913,20.275673,25.502228,24.934849,28.81106,30.056608,33.07626,34.26041,33.823616,31.917028,29.206545,27.614706,26.776188,22.059992,23.226004,19.369429,21.088232,19.093117,19.275679,20.990051,18.061947,13.646097,16.05769,12.779264,10.751146,15.126817,14.949822,9.767607,10.359199,14.183027,13.67817,11.100386,14.097399,16.859674,15.31761,15.320611,17.849186,14.931517,18.934824,21.665731,19.02545,17.217476,21.123623,23.755478,26.590643,25.89846,23.55239,24.950367,19.736689,22.987656,20.323914,23.789255
28,16.591763,13.960233,15.958068,11.159181,10.686416,14.22811,11.287071,17.295404,14.886253,22.040447,21.49738,25.992008,26.49888,24.24516,22.512712,18.164421,16.519503,12.59583,10.769113,6.88964,7.968255,6.3244877,8.038387,10.053263,12.409792,10.461793,8.148648,4.4562883,0.0,5.7049527,6.579077,10.0738325,15.992638,17.821032,19.805706,23.439114,24.885088,22.506624,19.726927,15.663933,17.221262,11.085379,11.126451,6.7995257,7.888154,3.9269328,7.9296293,5.7281933,9.936532,12.544572,12.711979,10.213394,14.624003,15.062829,11.941702,15.22614,14.333071,15.503909,20.293167,20.427824,18.246975,23.088966,21.944288,25.695799,26.787535,29.562996,30.361929,29.724205,27.64633,24.802956,23.290855,22.415375,17.738548,19.206818,15.564098,17.799793,16.38907,17.249216,19.410019,17.512693,12.714679,14.311688,11.391975,8.721023,11.971643,11.926014,6.947489,6.518099,10.051226,9.793474,6.834013,9.643947,12.594769,11.641693,11.791312,13.9832115,10.906043,14.663379,17.611427,15.326882,13.435327,16.997051,19.69265,22.616707,21.597713,19.199862,20.547838,15.290286,18.681908,16.2993,19.945396
29,13.652514,12.59266,14.252018,9.575539,10.772894,12.847089,12.294758,17.268456,15.721177,22.283161,21.912807,26.601671,26.228706,23.499838,21.594536,17.472399,15.118156,12.1776,9.242074,7.3612943,5.1743903,7.72143,6.469994,10.542859,11.30258,9.030578,10.167786,5.3497996,5.7049527,0.0,7.266952,6.371306,13.829886,14.932647,16.947676,20.678524,21.206053,18.807268,15.770381,11.46547,13.4863615,7.0894694,9.351993,7.688159,6.690449,6.7120366,9.216654,9.793133,13.212669,16.879866,16.652536,15.159507,18.203194,17.84505,13.530965,15.76573,14.587971,14.152407,18.760715,18.717802,16.814058,22.60481,22.417875,25.993996,28.199568,30.294544,31.859695,31.361626,29.450617,27.371592,25.173279,24.819675,20.094671,21.322403,17.927952,19.093525,17.872719,17.692492,20.30844,18.073145,14.909449,17.527748,15.255946,11.958848,15.376194,16.949385,12.015685,10.286487,14.386603,15.015629,11.655857,13.225011,17.17965,16.864326,16.052996,16.965534,13.520676,17.21943,20.239918,16.597683,14.223331,18.331224,21.406984,24.891918,24.453754,21.866724,24.35636,18.809721,22.363304,20.335844,23.412487
30,17.895523,15.819577,15.645085,10.618368,9.454842,10.685698,7.643025,11.804937,9.059516,16.044569,15.241403,19.839619,20.058886,17.683973,16.146667,11.632114,10.410665,6.284291,5.928766,4.8159285,7.631401,10.339521,12.456018,15.010865,17.443642,15.625668,14.585311,10.197656,6.579077,7.266952,0.0,6.272886,9.875669,12.10028,13.809992,17.277681,19.291897,17.112135,14.611784,11.23496,12.372297,8.186764,6.461594,5.631598,9.723455,8.4529505,13.2927265,12.231415,16.048485,18.50852,17.837376,13.956268,18.508987,17.237417,13.665727,16.190662,13.2205515,14.178701,19.258053,17.57856,14.643875,19.537544,18.244774,21.449175,23.483503,24.904219,25.731417,24.781626,22.455082,20.225157,17.977085,17.60636,12.924162,14.73731,11.992842,13.961808,14.114908,15.12951,18.466942,18.093027,14.684,15.883654,14.524652,10.721563,11.530566,13.749422,10.242884,6.359437,9.110741,10.744472,7.3224607,6.8018565,11.484504,12.793352,12.1226225,11.655309,7.8227406,10.502576,14.135604,10.977014,8.000221,11.364886,14.908246,18.797611,17.701313,14.915272,17.591616,11.931631,15.701336,14.482762,17.57262
31,14.792376,14.362376,13.613141,9.161796,9.998277,9.245285,10.052716,12.677255,11.792507,17.317856,17.285732,21.888834,20.746254,17.892118,15.82743,12.045854,9.401055,7.587689,4.900444,6.9821615,5.799454,11.711633,11.880309,15.442355,16.709093,15.074383,16.31944,11.499689,10.0738325,6.371306,6.272886,0.0,8.263816,8.581865,10.849774,14.381072,15.113788,13.08951,9.753967,5.592096,8.372586,4.86701,6.544872,9.11427,10.554973,11.535685,15.111664,15.412589,19.078718,22.41811,21.81875,19.097502,22.63476,21.152071,16.6703,18.291142,15.412143,14.569065,19.234488,17.349459,14.821485,20.744066,20.629175,23.519455,26.74618,27.362886,29.004295,28.18054,26.013414,24.646677,21.700302,21.705559,17.250708,18.283243,15.753402,16.112011,16.10872,15.698196,19.276518,18.38329,16.69728,19.014915,18.027752,13.973129,15.632595,18.9592,14.975774,11.331024,14.851788,16.736172,13.421696,12.953157,17.727274,18.944754,17.843258,16.88924,13.163937,15.614905,19.019632,14.723246,11.518152,15.031102,18.830858,23.120388,22.60091,19.76274,23.208754,17.531578,20.95787,19.77128,22.083672
32,22.380123,21.943916,19.977108,16.025593,15.636514,13.039058,13.03324,11.483865,9.973667,13.210123,10.840457,15.212895,14.235212,10.68621,10.661711,6.6173472,7.0116544,6.918899,8.983539,12.68324,13.659749,19.053988,19.9148,23.326015,24.830782,22.757433,23.42316,18.604216,15.992638,13.829886,9.875669,8.263816,0.0,6.0885906,4.369071,8.2196245,10.369457,8.01148,7.3700223,7.368955,5.3252797,8.547157,6.3284597,11.860528,15.098352,16.705109,20.919857,21.548666,24.741926,27.732775,26.149532,22.39521,25.702557,22.784248,18.753517,19.47217,14.997773,14.33298,18.362442,14.275803,11.118156,15.8975935,15.705791,17.478737,21.713821,20.649323,22.544893,21.705305,19.918793,19.87726,16.501982,18.077145,14.720218,16.798391,16.350178,16.838825,18.923452,19.244778,23.451195,24.173956,22.754364,24.0727,23.699158,19.612469,19.233366,22.716164,19.949938,15.556217,17.186253,19.472418,16.14002,13.766772,18.274727,20.720572,18.687334,15.416619,12.525616,13.028964,15.752881,11.054326,8.069984,10.367877,13.799359,18.448204,18.554111,15.967749,20.864233,16.376175,19.996706,20.572876,22.439405
33,19.334139,19.448467,16.35385,13.646932,13.736758,9.544264,12.092948,9.462345,10.579705,12.284901,13.515255,17.271875,14.410618,11.701508,9.02421,7.4059715,4.656029,7.6262703,7.883485,12.620611,12.772032,18.87063,19.89375,22.871628,24.534595,23.441547,24.63749,19.90315,17.821032,14.932647,12.10028,8.581865,6.0885906,0.0,5.0007257,6.572882,8.266514,8.211155,4.7786217,5.2425475,7.7278614,11.165097,10.9053955,15.769361,18.399601,19.52409,23.530169,23.461597,27.319443,30.29737,29.563723,25.945581,29.876488,27.63139,23.406797,24.487522,20.43849,19.463509,23.532976,19.782024,16.899578,21.875996,21.74829,23.281157,27.584618,25.944685,27.426886,26.031996,23.45462,23.258596,19.379356,19.768469,16.453972,16.7485,16.030853,14.918078,16.720463,16.034822,20.24649,21.185072,21.348963,23.071283,23.495113,19.321844,18.972185,23.716043,21.074398,16.548374,18.763433,21.637245,19.016787,16.730183,21.43424,24.090063,23.01923,20.377014,17.066702,17.35793,20.759247,16.579588,13.103771,14.362788,18.696957,23.62717,22.858139,19.989609,24.16982,19.03509,21.600496,21.5923,22.494232
34,23.504776,23.723522,21.094849,17.92626,17.92183,14.257379,15.669829,12.685335,12.535649,13.672391,12.222832,15.822928,13.5802355,9.986252,9.859143,7.7962995,7.857476,9.898232,11.446855,15.815709,16.154589,22.129162,22.712141,26.173521,27.449598,25.63911,26.903023,22.035725,19.805706,16.947676,13.809992,10.849774,4.369071,5.0007257,0.0,4.2334547,6.086614,4.558509,4.808162,7.4377604,5.6008263,11.352952,10.31044,16.03243,18.696823,20.658194,24.616474,25.389732,28.673174,31.819319,30.329758,26.72043,29.922031,26.91499,22.749447,23.1302,18.694614,17.43186,20.864388,16.40042,13.6722975,18.10388,18.445858,19.494238,24.368176,22.246284,24.373919,23.430794,21.656998,22.31879,18.574772,20.267366,17.469103,18.89712,18.902592,18.506895,20.8341,20.63,24.903973,25.877075,25.411509,26.92368,26.958479,22.791473,22.308208,26.39041,23.708918,19.202164,20.936308,23.485613,20.353514,17.853756,22.34625,24.992262,23.034468,19.574436,16.83049,16.900887,19.471218,14.900523,12.154321,13.532895,16.882086,21.543997,21.720367,19.226034,24.246464,19.933083,23.072184,23.8071,25.064394
35,25.606087,25.978634,22.651949,20.203743,20.069187,15.686895,17.673563,13.199708,14.079189,12.980261,12.680701,15.254153,11.820781,8.764624,8.431758,8.739225,9.055421,12.364407,14.090527,18.726849,19.19355,25.231123,26.113428,29.310125,30.780916,29.315516,30.581038,25.749704,23.439114,20.678524,17.277681,14.381072,8.2196245,6.572882,4.2334547,0.0,4.542294,5.9867883,6.7353683,10.358461,9.526847,15.456262,14.428013,20.025782,22.866957,24.603767,28.663464,29.107843,32.609028,35.610153,34.289394,30.437023,33.921368,30.90174,26.86731,27.252974,22.69887,21.510668,24.708616,19.950012,17.312946,21.035925,21.269983,21.641565,26.706833,23.557964,25.398422,24.100817,22.064285,23.227991,19.194471,20.80078,18.716524,19.510313,20.18384,19.10525,21.876732,21.48784,25.744034,27.311478,27.606825,28.96323,29.534513,25.395954,24.378458,28.965439,26.73389,22.081934,23.518827,26.379374,23.663786,20.790283,25.114433,28.170973,26.49641,22.790464,20.201414,19.550734,22.113522,18.023346,15.328322,15.5449705,18.957968,23.656355,23.53007,21.108843,26.027697,22.00291,24.502367,25.534966,26.094751
