,0,1,2,3,4,5,6,7,8,9,10,11,12,13,14,15,16,17,18,19,20,21,22,23,24,25,26,27,28,29,30,31,32,33,34,35,36,37,38,39,40,41,42,43,44,45,46,47,48,49,50,51,52,53,54,55,56,57,58,59,60,61,62,63,64,65,66,67,68,69,70,71,72,73,74,75,76,77,78,79,80,81,82,83,84,85,86,87,88,89,90,91,92,93,94,95,96,97,98,99,100,101,102,103,104,105,106,107,108,109,110,111,112
0,0.0,4.7637377,6.7943845,9.735961,12.766072,14.241721,17.702919,21.364311,23.424372,27.932434,31.849676,35.349182,32.731415,30.8211,25.971289,25.248186,20.942417,21.71888,17.92579,17.341911,17.831196,12.379592,15.616387,18.690968,17.875675,21.337542,21.916992,22.97697,26.317625,23.78624,29.690407,26.309471,33.825386,31.317657,34.848824,36.80145,35.79013,35.40986,31.164803,27.639402,32.297153,28.524254,32.14584,31.289661,28.889807,28.105375,26.994062,25.153212,28.23383,25.258396,29.283888,26.572863,31.20937,33.806713,34.97635,36.869263,33.896645,38.656555,42.32598,40.90809,39.728836,37.08191,34.344997,35.884537,37.513687,38.111416,40.550175,42.361652,42.23835,41.627182,40.127846,41.7895,38.131718,42.629246,41.04703,44.042034,44.881317,42.685204,44.825127,46.442883,41.146793,38.15961,36.43193,32.5612,32.762486,27.539593,26.041386,21.833458,20.707672,18.802595,18.862013,16.278128,20.248796,20.694847,15.043423,18.522581,21.612146,21.887384,27.002499,28.034344,30.516356,33.140823,35.901447,37.848614,42.45127,46.6954,44.97582,41.941772,42.786453,36.346733,37.378414,33.42476,33.785686
1,4.7637377,0.0,5.1202235,6.649347,9.14091,12.153742,14.264695,18.984247,20.307772,25.454853,29.070097,32.61835,30.592081,28.792826,23.97765,22.804071,18.763634,18.77173,15.309893,13.925918,15.502327,9.500014,13.82161,15.903704,15.585107,18.242743,18.07875,19.12551,22.159155,20.192255,25.716906,22.960184,30.613123,28.276897,32.001057,34.09051,33.58454,33.06211,28.697104,24.877337,29.632662,25.497343,28.754866,27.59277,25.629648,24.289152,23.482666,21.09631,24.384926,21.463379,25.224253,22.094648,26.97446,29.355053,30.339785,32.14924,29.163582,33.930935,37.64588,36.37595,35.33245,32.83756,30.317896,32.148884,33.883446,34.91734,37.201073,38.572315,38.566223,37.64562,36.344635,37.830006,34.229664,38.78526,37.246117,40.449593,41.3359,39.360954,41.71338,43.183205,38.018734,34.78325,32.966064,29.02971,28.960487,23.903513,21.83056,17.838846,16.411438,14.880801,14.538844,11.990162,15.826944,16.042597,10.357984,13.921882,17.002974,17.723042,22.63529,23.8445,26.6631,28.973604,31.989809,33.77507,38.43582,42.799088,40.85048,37.77202,38.482567,32.09132,32.92641,29.026035,29.17697
2,6.7943845,5.1202235,0.0,5.063139,6.869989,8.34598,11.305969,14.972752,17.243057,21.414602,25.824516,28.983664,26.685589,25.134996,20.036407,19.730585,15.700434,16.704351,13.952872,13.946224,15.868508,10.896986,16.012415,18.25613,19.186148,21.139532,21.122162,21.167728,23.552628,21.174936,25.921629,22.50756,29.638636,26.317995,30.36237,31.879293,31.308987,31.381512,26.856411,23.475752,28.66389,25.606304,28.774315,28.561678,27.205393,26.105305,26.257948,23.681602,27.52959,25.088968,28.53271,24.676348,30.046082,31.845955,32.244576,33.547832,30.138952,34.798206,38.422806,37.546017,36.355442,34.663,32.206593,34.487457,36.884228,37.69296,39.34264,40.75981,40.114727,38.96882,37.128086,38.34345,34.302155,38.593834,36.51133,39.65673,40.06616,37.81209,39.82378,40.887596,35.71315,32.5681,31.340645,27.363947,27.976704,22.50282,21.79802,18.13151,17.529787,16.949818,17.126392,15.216331,18.780378,17.708698,12.24553,13.820613,17.085169,16.723854,21.87595,22.16807,24.67262,27.906586,30.144594,32.73488,37.133877,41.51831,40.104473,37.028805,38.54318,32.0432,33.36486,29.796627,30.194298
3,9.735961,6.649347,5.063139,0.0,3.8200767,6.0372477,8.633329,12.865374,13.964057,19.3981,22.532028,26.274303,24.145847,22.231815,17.574434,16.156612,12.156743,12.282013,9.203836,8.892692,11.143618,6.6115694,12.234248,13.973838,15.912078,17.054478,17.383179,16.687931,18.979605,16.22863,21.065086,17.50392,24.780209,21.893059,25.762896,27.609442,27.146605,26.877878,22.391191,18.755869,23.833242,20.556566,23.731113,23.614489,22.344114,21.453041,22.039635,19.68302,23.847937,22.084526,25.54119,21.752922,27.60922,29.466925,29.229961,30.496319,26.710503,31.263855,34.623623,33.39852,31.931795,30.319357,27.686459,30.014854,32.826233,33.308224,34.63611,36.213665,35.26824,34.206673,32.18283,33.471203,29.421877,33.729164,31.771622,34.847202,35.436195,33.244167,35.404892,36.81154,31.584728,28.47351,26.853214,22.925121,23.323956,17.944218,17.191338,13.293083,13.080696,12.607227,13.582448,12.491076,16.31307,14.263359,9.289776,10.550932,13.441685,12.539952,17.883722,18.779316,20.846678,23.692371,26.225277,28.364279,32.86537,37.1146,35.63255,32.60779,34.007538,27.476027,28.999685,25.354822,26.215202
4,12.766072,9.14091,6.869989,3.8200767,0.0,5.447068,5.1768975,10.56676,11.291912,16.749678,20.231493,23.640663,22.11449,20.615665,15.844708,14.628479,11.24623,11.015954,9.433526,9.005209,12.6489725,8.9491625,14.7777405,15.52637,17.99014,18.193813,17.673922,16.655901,18.068731,16.040434,19.67972,16.69829,23.63379,20.320492,24.622242,26.213018,26.311462,26.280678,21.646662,18.050919,23.384813,20.407604,22.984749,22.98754,22.566658,21.130632,22.399797,19.397497,23.784338,22.194536,25.06204,20.585903,26.598148,27.871761,27.31547,28.20852,24.32701,28.811354,32.228954,31.490713,30.201607,29.175098,26.927109,29.7282,32.75642,33.676044,34.645103,35.70369,34.698658,33.1778,31.194906,32.108143,27.939487,32.138577,29.923119,33.22409,33.570023,31.489925,33.676964,34.59665,29.551565,26.1725,24.886032,20.849575,21.353106,15.953325,15.324073,12.197942,12.084465,12.83934,13.346211,12.677954,15.666714,12.85924,8.586991,7.884067,10.897687,9.914292,15.084652,15.441454,17.93136,21.04528,23.376715,25.905901,30.307081,34.753418,33.295162,30.20587,31.901663,25.41278,26.896883,23.567009,24.16623
5,14.241721,12.153742,8.34598,6.0372477,5.447068,0.0,6.147899,7.346064,9.769342,13.995541,17.745834,21.170757,18.5677,16.825539,11.868959,11.481992,7.5439315,9.475714,8.227471,10.454989,12.669112,10.88822,15.987909,17.629137,20.708738,21.016304,21.589611,19.742228,21.055605,17.868292,21.28118,16.872633,22.9494,18.754248,22.93154,23.965775,23.404467,23.94589,19.34564,16.520933,21.999708,20.481802,23.376408,24.64558,24.216473,23.7958,25.525696,23.214895,27.78134,26.701435,29.738348,25.435736,31.637884,32.87632,31.853453,32.49567,28.233305,32.44039,35.486115,34.644924,32.9296,32.36967,29.839787,32.59412,36.17277,36.261967,36.72953,38.40857,36.604637,35.350643,32.610744,33.549816,29.022898,32.835434,30.20849,33.07569,33.03976,30.473038,32.13787,33.10543,27.86813,24.993261,24.151749,20.31187,21.71511,15.977957,17.523148,14.464007,15.558238,16.238493,17.790113,17.478186,20.77462,17.510237,13.658913,12.416298,14.856791,12.166487,17.37668,17.056303,18.17334,22.20627,23.556046,26.65432,30.696632,34.821354,34.12219,31.198275,33.637,27.153486,29.377008,26.291716,27.609957
6,17.702919,14.264695,11.305969,8.633329,5.1768975,6.147899,0.0,6.621934,6.71738,12.000454,15.716276,18.741285,17.76505,16.748629,12.075644,11.251315,9.1079035,8.886025,9.819769,10.3850155,14.54648,12.749778,18.216354,18.29982,21.663584,20.811234,20.035973,18.094503,18.258348,16.550505,18.296776,15.477599,21.278606,17.09279,21.833624,22.84665,23.483473,23.953829,19.26618,16.156271,21.688625,19.85019,21.69984,22.5397,23.223663,21.739864,24.124498,20.902344,25.552275,24.640743,26.828835,21.809006,28.014444,28.525139,27.143557,27.362228,23.114504,27.213268,30.375565,30.163729,28.826963,28.87403,26.974882,30.295008,33.91521,34.84493,35.038258,35.79269,34.2419,32.307987,29.966793,30.395672,25.93104,29.725283,26.986385,30.33416,30.187054,28.054983,30.045406,30.373991,25.51269,22.011517,21.367102,17.335705,18.420403,12.976847,13.84407,12.085292,12.931227,15.051327,15.754806,15.967914,18.0554,14.080145,11.614378,8.100673,10.205471,7.7475243,12.337968,11.445686,13.660992,17.632923,19.141691,22.457142,26.513374,31.022797,29.989115,26.929052,29.410334,23.060001,24.93588,22.240847,23.00103
7,21.364311,18.984247,14.972752,12.865374,10.56676,7.346064,6.621934,0.0,4.9674425,6.6507473,11.511233,14.115364,11.947394,11.119851,5.90057,7.423954,6.4196353,8.887032,11.288058,14.08265,16.90887,16.872992,21.660511,22.345318,26.284887,25.386623,25.493011,22.771807,22.630888,20.007284,20.925964,16.889906,20.882744,15.315614,19.987709,19.891113,20.066545,21.563776,17.05177,15.345596,20.837675,21.146233,22.948816,25.330044,26.305359,25.79083,28.769112,26.160757,30.948227,30.57144,32.79304,27.886324,34.20759,34.529213,32.589645,32.400032,27.833145,31.422688,34.055553,33.93201,32.193546,33.02278,30.99158,34.345387,38.583572,38.738316,38.226883,39.474377,36.991657,35.216248,32.034035,32.294468,27.459568,30.557316,27.192736,29.991318,29.149128,26.458996,27.667206,27.663815,22.752285,19.88966,20.251446,16.66255,19.077833,13.668592,17.364065,16.106485,18.058205,20.138914,21.66945,22.151194,24.469307,20.153463,17.954927,14.411644,15.845367,12.008456,15.755658,13.737903,13.807419,19.032206,18.817759,23.095037,26.405754,30.466131,30.536692,27.761427,31.327065,25.254002,27.969675,25.82936,27.305775
8,23.424372,20.307772,17.243057,13.964057,11.291912,9.769342,6.71738,4.9674425,0.0,7.3488064,9.038382,12.572785,11.777849,10.743703,7.2507057,5.7423325,6.5157475,6.194625,10.146829,12.172406,15.569963,16.410526,20.804745,20.48496,24.888489,23.058338,22.900667,19.681036,18.792707,16.630156,16.393993,13.003272,16.667074,11.382232,16.324675,16.64182,17.63402,18.652473,14.12002,12.039585,17.414322,17.54974,18.713581,21.120386,22.752459,22.039,25.589628,22.96281,27.758823,27.968391,29.777176,24.913395,31.286638,31.406652,28.905699,28.534218,23.761114,27.091555,29.467087,29.267372,27.438612,28.624887,26.762789,30.310566,34.793175,35.01769,34.144215,35.125675,32.522488,30.554579,27.3858,27.473787,22.647718,25.736465,22.404911,25.395292,24.704138,22.261349,23.865948,24.00787,19.096546,15.825252,15.782902,12.006867,14.218358,8.933344,13.019947,12.668937,15.030623,17.764019,19.425833,20.623865,22.424376,17.513657,16.663874,12.356249,12.788669,8.348751,11.309007,9.532694,9.042425,14.104026,14.209321,18.190416,21.689066,25.853548,25.67005,22.8544,26.362906,20.325583,23.148403,21.206093,22.913252
9,27.932434,25.454853,21.414602,19.3981,16.749678,13.995541,12.000454,6.6507473,7.3488064,0.0,7.691361,8.132423,7.1244826,8.341813,5.4983673,8.775601,10.885354,12.70307,16.535051,19.287012,22.15653,22.98334,27.466867,27.61803,31.96119,30.359516,30.195877,27.01053,25.87211,23.806,22.760273,19.437216,21.09267,14.818712,19.362574,17.981651,18.959446,21.33314,17.453058,17.09233,21.876722,23.731586,24.500366,27.668827,29.661592,29.135332,32.886585,30.197096,34.965816,35.107662,36.699165,31.537388,37.73266,37.343716,34.719177,33.834568,29.213062,32.062744,34.1879,34.71119,33.00629,35.00756,33.452587,37.153934,41.805466,41.97927,40.68922,41.57105,38.56478,36.41284,32.943012,32.581074,27.697886,29.92597,25.984947,28.541899,26.866661,24.16034,24.759884,23.593596,19.335228,16.73795,18.578266,15.745777,18.964125,14.760313,19.777294,19.97231,22.298384,25.070713,26.536192,27.472298,29.118654,24.353281,23.270641,18.773615,19.362988,15.350252,17.18544,13.863392,12.594864,18.40168,16.330917,21.61816,23.864777,27.638723,28.581154,26.112343,30.673023,25.348576,28.381163,27.225094,28.775385
10,31.849676,29.070097,25.824516,22.532028,20.231493,17.745834,15.716276,11.511233,9.038382,7.691361,0.0,5.264547,5.555798,5.5717487,7.835426,7.3597603,11.66554,11.841692,16.5263,19.226551,21.41046,24.095207,27.389652,26.831615,31.815035,29.281849,29.636112,25.588594,23.767735,21.533195,19.014256,15.817962,14.879878,8.577676,12.483215,10.54327,12.350219,14.7979965,11.682447,12.596692,16.114033,19.483696,19.4147,23.624735,26.249271,26.436153,30.896671,28.974821,33.603634,34.806953,36.144012,31.564976,37.784573,37.422184,33.923687,32.86463,27.92933,30.063253,31.305779,31.308739,29.061642,31.690123,30.089153,33.690865,38.91645,38.366837,36.20817,37.36305,33.53742,31.590498,27.524857,27.018587,22.144224,23.645418,19.517664,21.522507,19.629427,16.69067,17.113123,16.433372,11.791304,9.625217,11.724151,9.862288,13.746913,11.120472,17.6321,18.748217,21.852974,24.77184,26.958605,28.74738,30.225979,24.93447,25.137194,20.609604,20.079554,15.489594,15.969832,13.612199,9.599012,14.557955,11.636356,16.342617,18.047007,21.144337,22.70504,20.635359,25.6028,20.858315,24.597464,23.973747,26.490768
11,35.349182,32.61835,28.983664,26.274303,23.640663,21.170757,18.741285,14.115364,12.572785,8.132423,5.264547,0.0,5.5274096,8.258091,10.564069,12.0380335,16.004148,16.660414,21.301271,23.912561,26.418772,28.609682,32.29339,31.753517,36.622635,34.110985,34.04777,30.187792,28.086643,26.38772,23.328548,20.834661,19.351976,13.402448,16.788502,14.040167,16.157568,19.088915,16.58526,17.822544,20.994503,24.562855,24.097559,28.190105,31.161478,31.000553,35.551285,33.26915,37.85614,38.920612,39.929344,35.01012,41.03119,40.17233,36.608807,35.134968,30.43425,32.211647,33.351883,34.09004,32.16739,35.371357,34.197327,38.007603,43.181705,42.979183,40.65836,41.377586,37.58935,35.300823,31.401363,30.447727,25.763554,26.71573,22.35556,24.238218,21.682453,19.024096,18.811909,16.529196,13.2347765,11.53056,15.007832,13.852451,17.615917,15.6729355,21.741987,23.275373,26.113497,29.29179,31.069954,32.715923,33.858383,28.626242,28.872534,23.95415,23.48176,19.300846,19.173187,15.840783,12.355566,17.328419,13.238981,18.676975,19.346834,22.223587,24.37745,22.564844,28.054276,23.979492,27.489899,27.458435,29.520412
12,32.731415,30.592081,26.685589,24.145847,22.11449,18.5677,17.76505,11.947394,11.777849,7.1244826,5.555798,5.5274096,0.0,3.6557446,6.7803664,9.398326,12.989806,14.929159,19.006132,22.453201,24.16983,26.583767,30.045887,30.254875,35.07152,33.148457,33.80681,29.941715,28.611752,25.879152,24.2105,20.28564,19.581524,13.234904,16.457903,13.82111,14.315172,17.61631,14.865846,16.377396,19.893093,23.752562,24.248392,28.63058,30.779236,31.251528,35.42229,33.54845,38.27702,39.140354,40.79383,36.093975,42.39764,42.12282,38.915985,37.904194,33.031715,35.327225,36.70803,36.82671,34.602802,37.083916,35.32467,38.808395,43.987007,43.23381,41.201824,42.664978,38.746998,36.99208,32.781544,32.388664,27.513428,28.850975,24.69017,26.284006,24.099197,20.917837,20.53772,19.501286,15.379089,14.28718,16.821547,15.285497,19.206139,16.161535,22.577402,23.028303,26.044353,28.621685,30.852274,32.229412,34.1071,29.030193,28.366467,24.099062,24.182762,19.581474,20.862467,18.125504,14.816636,20.043505,16.892115,21.795513,23.094679,25.807695,27.866013,25.968388,31.08979,26.411156,30.132957,29.399416,31.812126
13,30.8211,28.792826,25.134996,22.231815,20.615665,16.825539,16.748629,11.119851,10.743703,8.341813,5.5717487,8.258091,3.6557446,0.0,5.434391,6.7936997,10.411482,12.458443,16.269148,19.993565,21.172853,24.071527,27.113451,27.477028,32.35299,30.521612,31.635092,27.652641,26.647907,23.38159,22.320621,17.725906,17.332497,11.080798,14.136741,11.991075,11.698884,14.817037,11.828964,13.402383,16.973896,20.902538,21.827675,26.350805,28.100946,28.989838,33.014072,31.522842,36.2411,37.206264,39.14684,34.766636,41.1744,41.280033,38.140003,37.422394,32.436184,34.920296,36.309723,35.905643,33.444332,35.4984,33.404488,36.648663,41.854404,40.72823,38.792545,40.671864,36.67007,35.25597,30.893126,30.850069,25.9356,27.526829,23.601826,25.082882,23.31594,19.947168,19.796724,19.809237,15.060308,14.068293,15.690877,13.9737015,17.798304,14.419987,20.957552,20.93749,24.130814,26.36643,28.96116,30.393618,32.59526,27.555784,26.744816,22.922457,23.03709,18.221836,20.024336,18.02975,14.555565,19.47649,17.06011,21.311926,23.084696,25.738928,27.536766,25.583755,30.328705,25.357363,29.210579,28.095175,30.83976
14,25.971289,23.97765,20.036407,17.574434,15.844708,11.868959,12.075644,5.90057,7.2507057,5.4983673,7.835426,10.564069,6.7803664,5.434391,0.0,5.1127477,6.9222283,10.003192,13.300507,16.996918,18.749243,20.433743,24.263279,24.97365,29.453548,28.170904,28.960567,25.520218,25.02038,21.830034,21.887596,17.209358,19.143475,12.940245,17.006575,15.951591,15.692859,18.014374,14.043462,13.92532,18.736185,20.977207,22.516712,26.127825,27.406628,27.743023,31.260313,29.2943,34.104847,34.411232,36.58402,31.952204,38.38139,38.639675,36.08675,35.63925,30.796263,33.86291,35.878883,35.581356,33.420277,34.85001,32.70123,35.988197,40.771103,40.171097,38.946445,40.633026,37.31292,35.770493,31.896729,32.054386,27.088083,29.473598,25.771542,27.910494,26.594103,23.483889,23.997896,24.017084,19.104994,17.114178,18.113626,15.30516,18.598623,13.918436,19.43806,18.699053,21.42828,23.520237,25.736717,26.692635,29.076723,24.361078,22.771927,19.14636,19.912952,15.359858,18.226526,16.12746,14.163287,19.539543,18.118206,22.558252,25.148155,28.544016,29.531527,27.13838,31.381413,25.754301,29.14288,27.470196,29.676832
15,25.248186,22.804071,19.730585,16.156612,14.628479,11.481992,11.251315,7.423954,5.7423325,8.775601,7.3597603,12.0380335,9.398326,6.7936997,5.1127477,0.0,4.449767,5.6924367,9.685692,13.214779,14.808979,17.468596,20.703543,20.88726,25.702217,23.922876,24.973808,21.156572,20.570322,17.118254,17.172447,12.168179,14.445826,8.664476,12.872271,12.862351,12.738671,14.15736,9.728743,8.894507,13.970942,15.873198,17.476429,21.15311,22.422327,23.010387,26.693209,25.094177,29.85562,30.601126,32.784595,28.550526,35.028347,35.53442,32.75302,32.494762,27.515549,30.547228,32.38253,31.543184,29.13529,30.334497,27.986177,31.141872,36.052917,35.200207,33.88592,35.749046,32.345585,30.992874,27.052576,27.437931,22.495176,25.136457,21.739744,23.93083,23.14341,20.12184,21.19332,22.138752,16.815226,14.598122,14.432391,11.3570385,14.30434,9.469321,15.222635,14.455693,17.569181,19.62787,22.272953,23.69118,26.07125,21.14437,20.185856,16.755466,16.995897,12.132044,14.96865,14.005594,11.517685,16.101456,15.597174,19.06942,22.155771,25.533388,26.075571,23.636318,27.40608,21.608486,25.12031,23.212105,25.848886
16,20.942417,18.763634,15.700434,12.156743,11.24623,7.5439315,9.1079035,6.4196353,6.5157475,10.885354,11.66554,16.004148,12.989806,10.411482,6.9222283,4.449767,0.0,4.569452,6.456708,10.538499,11.88079,13.797843,17.34753,18.223478,22.65709,21.634256,22.931644,19.60586,19.947327,16.040462,17.914675,12.477765,16.782835,11.9804735,15.908465,16.62843,15.888444,16.71739,12.160137,10.1881895,15.61093,16.033253,18.569494,21.435074,21.767113,22.32295,25.262634,23.680624,28.437363,28.649353,31.3339,27.248236,33.742954,34.71095,32.537704,32.733437,27.91373,31.454817,33.71162,32.605255,30.302462,30.640593,27.996578,30.87611,35.380272,34.58886,33.960243,36.045727,33.135883,32.027622,28.415787,29.211622,24.404963,27.608698,24.640427,26.993132,26.673016,23.772657,25.104744,26.405664,21.017002,18.680117,17.912615,14.506578,16.691803,11.225269,15.40033,13.321681,16.002796,17.366362,20.034643,20.972326,23.913328,19.475868,17.484217,14.979673,15.95741,11.501241,15.697121,15.338516,14.174503,18.400078,18.899921,21.952467,25.550436,29.130445,29.144037,26.525724,29.637709,23.447605,26.568642,24.012564,26.39219
17,21.71888,18.77173,16.704351,12.282013,11.015954,9.475714,8.886025,8.887032,6.194625,12.70307,11.841692,16.660414,14.929159,12.458443,10.003192,5.6924367,4.569452,0.0,4.866017,7.5961914,9.87477,12.364997,15.6381855,15.393806,20.195217,18.32705,19.332798,15.639112,15.544303,11.890299,13.379873,8.253394,13.48753,9.654491,13.7346525,15.367536,15.427702,15.351641,10.682187,7.4107666,13.011118,12.299494,14.545414,17.039454,17.73848,17.994068,21.292614,19.654736,24.421713,25.036232,27.453682,23.494997,29.996101,30.939816,28.489342,28.718332,23.834314,27.303493,29.46618,28.135666,25.79304,26.082792,23.483913,26.478819,31.07097,30.461527,29.746717,31.58255,28.796412,27.558266,24.132742,24.94309,20.213285,23.719368,21.040005,23.690687,23.79948,21.266954,23.192719,24.804003,19.456867,16.690802,15.075624,11.389096,12.812476,7.2367325,10.936239,9.091741,12.137497,13.947625,16.747635,18.274628,20.818108,16.025871,15.104575,12.337856,12.566124,7.9285717,11.863755,12.504235,11.386619,14.665254,16.11368,18.35464,22.36646,26.092247,25.544981,22.828972,25.470066,19.16195,22.182219,19.497787,22.023941
18,17.92579,15.309893,13.952872,9.203836,9.433526,8.227471,9.819769,11.288058,10.146829,16.535051,16.5263,21.301271,19.006132,16.269148,13.300507,9.685692,6.456708,4.866017,0.0,4.6340704,5.667473,8.027364,11.120135,11.780088,16.248856,15.308973,17.081303,13.948617,15.298346,10.809555,14.896325,9.5240345,16.203587,13.673062,16.92456,19.106735,18.40457,17.762892,13.403691,9.733909,14.727009,12.459342,15.844431,17.371367,16.623608,17.212181,19.415344,18.236128,22.838081,22.99707,26.12796,22.741425,29.140417,30.79324,29.014936,29.847277,25.238407,29.101519,31.525269,29.676834,27.35451,26.53701,23.485586,25.902863,30.00663,29.174593,29.230904,31.545702,29.23815,28.513657,25.41839,26.794222,22.41958,26.333624,24.261396,26.801666,27.426111,24.983963,27.034594,29.184006,23.783516,21.217735,19.084558,15.5511675,16.230074,11.026638,12.50103,8.868998,11.189176,11.525014,14.724681,15.768196,19.157093,15.183694,13.10829,12.235691,13.16697,9.698978,14.514591,16.002504,15.780661,18.313774,20.53881,22.093676,26.390326,30.03166,29.070852,26.342596,28.171106,21.748262,24.335524,20.98369,23.37307
19,17.341911,13.925918,13.946224,8.892692,9.005209,10.454989,10.3850155,14.08265,12.172406,19.287012,19.226551,23.912561,22.453201,19.993565,16.996918,13.214779,10.538499,7.5961914,4.6340704,0.0,5.1425004,5.784008,9.122212,8.379441,12.791052,11.361145,12.518774,9.675256,11.478692,7.6136303,12.774506,9.053963,16.805014,15.533675,18.689287,21.43941,21.364876,20.116966,15.978188,11.678426,16.078518,11.843287,14.964577,14.907014,13.909436,13.563939,15.353729,13.7709875,18.372202,18.379345,21.52477,18.293436,24.62702,26.506105,24.986212,26.150286,21.792908,25.876204,28.533285,26.498388,24.431007,22.96276,19.955448,22.341255,26.040161,25.814236,26.39169,28.274435,26.704674,25.84577,23.473665,24.962296,20.996853,25.371782,23.849504,26.761244,27.8676,25.944853,28.508224,30.703909,25.537697,22.57603,19.917736,16.301262,15.8788,11.265138,9.976611,5.465307,6.891165,6.930048,10.151947,11.490911,14.763404,10.956321,9.359639,9.378689,10.047871,8.028793,12.685083,15.234939,16.045383,17.406912,20.716772,21.467794,26.140867,29.999258,28.261957,25.407782,26.3544,19.890423,21.794947,18.015724,19.996826
20,17.831196,15.502327,15.868508,11.143618,12.6489725,12.669112,14.54648,16.90887,15.569963,22.15653,21.41046,26.418772,24.16983,21.172853,18.749243,14.808979,11.88079,9.87477,5.667473,5.1425004,0.0,6.2270007,6.1544337,7.027111,11.57584,10.972633,14.182127,11.3280525,14.010082,8.7700405,15.005567,10.135526,17.28977,16.780458,18.857164,21.869349,20.827711,19.17966,15.604097,11.724408,15.151927,11.050416,15.219336,15.6431875,13.279369,14.678392,15.767714,15.817672,19.894852,20.245844,23.930382,21.759027,27.77485,30.191576,28.74738,30.164085,25.872883,29.734682,32.027786,29.344162,26.877783,24.941015,21.371822,22.941273,26.652567,25.227283,25.88886,28.845282,26.897161,26.896957,24.14046,26.166828,22.416405,26.594934,25.40896,27.69179,29.055782,26.912043,29.252748,32.20853,26.90462,24.601656,21.618662,18.515167,18.20719,14.107325,13.699253,9.319268,10.880037,9.308058,13.263206,14.388772,18.194736,15.177512,13.326537,14.422708,15.053143,12.887634,17.171167,19.818914,19.731476,20.903006,23.991364,24.278797,28.768198,32.079666,30.60384,28.020897,28.775145,22.583986,24.778162,20.926323,23.512527
21,12.379592,9.500014,10.896986,6.6115694,8.9491625,10.88822,12.749778,16.872992,16.410526,22.98334,24.095207,28.609682,26.583767,24.071527,20.433743,17.468596,13.797843,12.364997,8.027364,5.784008,6.2270007,0.0,5.8592186,7.511026,9.835364,10.960824,12.647079,11.768401,15.075616,11.571907,17.923376,14.453938,22.19914,20.990396,23.939032,26.656303,26.012646,24.781664,20.78053,16.713722,20.824514,16.28235,19.901,19.100533,16.798912,16.532385,16.47984,15.2449255,19.17514,18.019316,21.999859,19.419214,25.218758,27.800385,27.373598,29.098665,25.310307,29.713507,32.71142,30.530312,28.723835,26.297306,23.139112,24.827738,27.570366,27.405535,29.0039,31.152832,30.292776,29.841038,27.94147,29.76097,26.158962,30.660202,29.433859,32.251698,33.516094,31.556286,34.040604,36.356113,31.107489,28.244728,25.645689,22.051044,21.622778,17.021397,15.149078,10.472317,10.147026,7.9549117,10.354611,10.04102,14.456167,12.622998,8.832714,11.647009,13.403938,12.779009,17.663677,20.043892,21.49153,22.974943,26.356783,27.15053,31.8731,35.741962,33.852547,30.98892,31.509272,25.133371,26.564075,22.488178,23.92213
22,15.616387,13.82161,16.012415,12.234248,14.7777405,15.987909,18.216354,21.660511,20.804745,27.466867,27.389652,32.29339,30.045887,27.113451,24.263279,20.703543,17.34753,15.6381855,11.120135,9.122212,6.1544337,5.8592186,0.0,4.732669,6.5050364,8.515872,12.4572525,11.623285,15.71745,11.538249,18.785255,15.29777,22.586166,22.767134,24.617815,27.855274,26.736208,24.803066,21.554886,17.681847,20.460482,15.344534,19.419481,18.26661,14.577656,15.628491,14.549636,15.206602,18.325283,17.830648,22.234438,21.156784,26.426638,29.638643,29.182594,31.261444,27.633324,31.727526,34.29082,31.268337,29.128468,25.95949,22.280441,22.984165,25.500648,24.25131,26.196053,29.252636,28.379124,28.796057,26.918999,29.311317,26.239567,30.671,30.111692,32.43999,34.224148,32.371716,34.9097,38.0311,32.821938,30.425707,27.21189,24.135267,23.26866,19.544971,17.457592,12.843203,12.700175,9.2642355,12.466739,12.643283,16.92362,15.767651,13.228898,16.50328,17.508831,16.9056,21.120737,24.185606,24.945423,25.571354,29.249271,29.07443,33.749344,37.100986,35.08798,32.49033,32.345505,26.359156,27.782373,23.53752,25.51931
23,18.690968,15.903704,18.25613,13.973838,15.52637,17.629137,18.29982,22.345318,20.48496,27.61803,26.831615,31.753517,30.254875,27.477028,24.97365,20.88726,18.223478,15.393806,11.780088,8.379441,7.027111,7.511026,4.732669,0.0,5.317786,4.187716,8.3778515,7.090322,11.370471,7.850882,15.154611,13.043202,20.367903,21.432335,23.164518,26.741344,26.29115,23.974848,20.873575,16.688183,19.032772,12.894245,16.378,14.211462,10.567089,11.002072,9.954727,10.709109,13.925809,14.111265,18.220715,17.383823,22.660818,25.813337,25.027412,27.144693,23.593828,27.513393,29.939312,26.719713,24.62912,21.253773,17.596294,18.389406,21.031116,20.160255,22.076498,24.724571,24.127522,24.359709,22.88644,25.264008,22.517857,27.103329,26.91993,29.433916,31.50854,30.073702,32.960354,36.084503,31.142986,28.55158,24.99333,22.053791,20.49599,17.555855,14.232228,10.03468,9.484007,5.801008,9.397541,10.659163,14.170122,12.756887,11.899877,14.868789,15.052732,15.051409,18.374523,22.05544,22.940634,22.614532,26.820864,25.946487,30.697647,34.042778,31.58393,29.011396,28.311161,22.530205,23.596048,19.270998,21.235485
24,17.875675,15.585107,19.186148,15.912078,17.99014,20.708738,21.663584,26.284887,24.888489,31.96119,31.815035,36.622635,35.07152,32.35299,29.453548,25.702217,22.65709,20.195217,16.248856,12.791052,11.57584,9.835364,6.5050364,5.317786,0.0,5.2245226,8.6013155,10.137808,14.756933,12.653345,19.685009,18.290295,25.561708,26.714293,28.462584,32.058365,31.528671,29.179726,26.14563,21.988333,24.222296,17.952007,21.234713,18.25435,14.179622,14.017312,10.896119,11.906633,13.664813,12.619964,17.335331,17.627558,21.863,25.69443,25.967958,28.618279,25.809473,29.848896,32.520294,29.223446,27.561928,23.302994,19.856382,19.882425,21.084618,20.707909,23.822636,26.279806,26.756609,27.220348,26.55862,29.06452,26.851507,31.498074,31.665148,34.22293,36.481964,35.215298,38.180466,41.30012,36.40974,33.726337,30.1625,27.187128,25.450686,22.579412,18.563395,14.528737,12.92126,8.737569,10.403057,10.38677,13.895589,14.544664,13.109828,17.51081,18.084497,19.114023,22.4058,26.107353,27.620262,27.142881,31.590622,30.598492,35.407402,38.814323,36.02392,33.44611,32.17696,26.666235,27.08863,22.662962,23.902988
25,21.337542,18.242743,21.139532,17.054478,18.193813,21.016304,20.811234,25.386623,23.058338,30.359516,29.281849,34.110985,33.148457,30.521612,28.170904,23.922876,21.634256,18.32705,15.308973,11.361145,10.972633,10.960824,8.515872,4.187716,5.2245226,0.0,5.4108243,5.4769487,9.966398,8.459256,15.00841,14.689634,21.579004,23.466352,24.981619,28.782349,28.780882,26.16368,23.3478,19.124828,20.880775,14.138577,16.789303,13.218598,9.423184,8.800726,6.1888385,7.6395187,10.022689,10.607882,14.666534,14.845577,19.515034,22.963558,22.342268,24.777056,21.716177,25.45186,27.805216,24.287483,22.44783,18.327003,14.76036,15.113526,17.131468,16.826292,19.365437,21.563883,21.815094,22.061928,21.44669,23.895609,21.842007,26.50865,26.904593,29.519436,31.946497,30.979485,34.15045,37.293633,32.6673,29.955292,26.143324,23.420952,21.205935,19.14851,14.554966,11.2152815,9.77627,6.131703,8.524583,10.241936,12.685575,12.134137,12.698156,15.891071,15.504329,16.515417,18.862246,23.006748,24.222921,22.957502,27.660175,26.065,30.823378,34.10473,31.11086,28.616821,27.068197,21.752684,22.11379,17.714972,19.297718
26,21.916992,18.07875,21.122162,17.383179,17.673922,21.589611,20.035973,25.493011,22.900667,30.195877,29.636112,34.04777,33.80681,31.635092,28.960567,24.973808,22.931644,19.332798,17.081303,12.518774,14.182127,12.647079,12.4572525,8.3778515,8.6013155,5.4108243,0.0,4.885309,8.263565,9.809657,14.670768,16.091244,22.97059,24.526445,26.663172,30.269783,30.989763,28.625116,25.497213,21.099306,23.35217,16.640867,18.270422,13.905277,11.818069,8.562721,6.1865945,3.7344658,6.5945344,6.1334047,9.91007,9.484617,14.3182745,17.670063,17.418142,20.046299,17.44114,21.438335,24.280851,21.30698,20.200079,15.997572,13.33359,14.48978,15.843675,17.642366,20.312656,20.900726,22.10778,21.39447,21.685501,23.57489,21.719788,26.514105,26.870394,30.024296,32.331097,31.725882,35.116653,37.61618,33.2731,30.07062,26.508457,23.586712,21.051586,19.213219,13.28278,10.899487,8.023872,5.6056275,4.9235044,7.1610756,7.899763,8.206964,10.295574,13.438275,12.713351,15.231797,16.779423,20.979115,23.182755,21.525404,26.566763,25.012487,29.83479,33.523266,30.059427,27.390541,25.526041,20.325752,19.80955,15.438025,15.786995
27,22.97697,19.12551,21.167728,16.687931,16.655901,19.742228,18.094503,22.771807,19.681036,27.01053,25.588594,30.187792,29.941715,27.652641,25.520218,21.156572,19.60586,15.639112,13.948617,9.675256,11.3280525,11.768401,11.623285,7.090322,10.137808,5.4769487,4.885309,0.0,4.620151,5.0224295,10.202352,11.334913,18.103762,19.894709,21.816345,25.493202,26.255592,23.816652,20.805027,16.473537,18.527306,11.866859,13.479738,9.639339,8.018735,5.19225,6.0519834,4.656051,9.022549,10.503406,13.244397,11.8699,17.451567,19.99012,18.410067,20.350647,16.770832,20.509308,22.899271,19.756947,17.928772,14.67732,11.465625,13.341837,16.451763,17.078306,18.47606,19.64289,19.512884,18.771372,18.061838,19.97342,17.56669,22.370348,22.485395,25.526213,27.765535,27.003765,30.342735,33.022736,28.616083,25.586761,21.874527,19.080345,16.561407,14.903535,9.426388,7.0679646,5.5348706,4.2697515,6.5805855,9.732467,10.960478,8.51931,11.03931,12.491383,11.181214,12.34936,13.751221,18.133984,19.456774,17.745407,22.650759,20.990099,25.808067,29.346802,26.211832,23.573965,22.225122,16.656052,16.99562,12.576913,14.221891
28,26.317625,22.159155,23.552628,18.979605,18.068731,21.055605,18.258348,22.630888,18.792707,25.87211,23.767735,28.086643,28.611752,26.647907,25.02038,20.570322,19.947327,15.544303,15.298346,11.478692,14.010082,15.075616,15.71745,11.370471,14.756933,9.966398,8.263565,4.620151,0.0,5.7485075,6.6533833,10.254269,15.836024,17.974922,19.904264,23.47327,24.98768,22.604067,19.782497,15.702512,17.445127,11.343591,11.371077,7.234922,8.416888,4.2104244,8.154697,5.836235,9.976635,12.403115,13.546737,11.376551,17.027174,18.577635,15.848206,17.175186,13.129033,16.506958,18.64461,15.6653,13.742121,11.515022,8.875175,12.069582,16.025988,17.19519,17.48029,17.697113,17.194912,15.580448,14.90598,16.263212,13.78751,18.606499,18.696735,22.042,24.236376,23.845955,27.368593,29.721634,25.709677,22.51573,18.804985,16.26323,13.213953,12.720684,6.445667,6.777902,6.0946937,7.760882,9.0216255,12.499653,12.392325,8.772256,12.936737,12.499714,10.079062,11.19261,10.760646,15.425528,16.559538,13.875551,19.05064,16.876392,21.651554,25.260387,21.876186,19.20617,17.767862,12.194114,12.407972,8.005294,10.053709
29,23.78624,20.192255,21.174936,16.22863,16.040434,17.868292,16.550505,20.007284,16.630156,23.806,21.533195,26.38772,25.879152,23.38159,21.830034,17.118254,16.040462,11.890299,10.809555,7.6136303,8.7700405,11.571907,11.538249,7.850882,12.653345,8.459256,9.809657,5.0224295,5.7485075,0.0,7.3390265,6.4730678,13.493425,15.247839,16.964458,20.67903,21.26215,18.820469,15.818822,11.538676,13.58882,7.1633773,9.373925,7.5484223,6.6909437,6.465288,9.645798,9.345917,13.597539,15.518336,17.967356,16.007174,21.89928,23.870316,21.492733,22.762863,18.461325,21.838663,23.747858,20.68805,18.178831,16.27655,12.854353,15.096268,19.419113,18.78181,18.879002,20.819586,19.128084,18.514656,16.374996,18.262833,14.99151,19.622963,19.201216,21.987011,23.993647,22.818502,25.962265,28.884096,24.245983,21.50224,17.708973,14.986648,12.873665,10.989468,7.404375,4.86056,6.39783,6.622923,10.2285595,13.180372,14.981244,11.178707,13.006015,12.9594,11.561887,10.623952,12.285409,16.37717,16.453815,15.22147,19.5866,18.175852,22.897476,26.232067,23.756233,21.183432,20.813538,14.871657,16.505432,12.4761095,15.396146
30,29.690407,25.716906,25.921629,21.065086,19.67972,21.28118,18.296776,20.925964,16.393993,22.760273,19.014256,23.328548,24.2105,22.320621,21.887596,17.172447,17.914675,13.379873,14.896325,12.774506,15.005567,17.923376,18.785255,15.154611,19.685009,15.00841,14.670768,10.202352,6.6533833,7.3390265,0.0,6.5897117,9.6471,12.382518,13.871261,17.363796,19.424297,17.100376,14.713166,11.368785,12.383024,8.165794,6.2660985,5.523266,9.598961,8.318334,13.556041,12.44432,16.189371,19.03453,19.74934,17.149372,22.715738,23.348541,19.50604,19.674915,14.918564,17.194803,18.288994,15.654848,12.795566,13.333383,11.122487,14.718485,19.947187,19.878834,18.23311,18.858004,16.246464,14.337543,11.695698,12.453416,8.526513,13.16669,12.465811,15.82465,17.743729,17.202192,20.7227,23.168375,19.23155,16.266825,12.296299,10.267056,6.8536496,8.174146,5.0188913,7.8998914,9.96731,12.555209,14.711822,18.028929,18.272556,13.604766,17.183441,14.896318,12.201681,10.876187,9.140123,13.211714,12.272698,9.058651,13.739593,11.140848,15.826689,19.209255,16.469725,13.859059,13.805555,7.669536,10.160274,7.1737742,11.237362
31,26.309471,22.960184,22.50756,17.50392,16.69829,16.872633,15.477599,16.889906,13.003272,19.437216,15.817962,20.834661,20.28564,17.725906,17.209358,12.168179,12.477765,8.253394,9.5240345,9.053963,10.135526,14.453938,15.29777,13.043202,18.290295,14.689634,16.091244,11.334913,10.254269,6.4730678,6.5897117,0.0,7.900893,8.844398,10.72385,14.254776,15.009259,12.9069805,9.622129,5.46243,8.200684,4.760669,6.5049996,9.1296425,10.513486,11.522873,15.7584305,15.301688,19.596943,21.683641,23.642998,20.878048,26.994957,28.16428,24.99466,25.393318,20.519651,23.329174,24.703203,22.244123,19.31607,19.382608,16.444225,19.202343,24.336803,23.105274,21.76721,23.859436,20.66136,19.777813,16.157892,17.42371,13.020031,16.92851,15.3309145,17.863392,19.16311,17.356092,20.162846,23.047201,18.128172,15.648743,12.011909,9.308299,8.292704,6.0276866,7.3864155,6.8694434,10.389192,12.0693245,15.4820595,18.209053,20.000572,15.218066,16.655642,14.672001,13.205445,9.934935,11.177073,14.140509,12.302156,12.045568,15.133087,14.486361,18.826872,21.971462,20.577286,18.113314,19.443443,13.416251,16.568817,13.694782,17.37914
32,33.825386,30.613123,29.638636,24.780209,23.63379,22.9494,21.278606,20.882744,16.667074,21.09267,14.879878,19.351976,19.581524,17.332497,19.143475,14.445826,16.782835,13.48753,16.203587,16.805014,17.28977,22.19914,22.586166,20.367903,25.561708,21.579004,22.97059,18.103762,15.836024,13.493425,9.6471,7.900893,0.0,6.458354,4.6757665,8.660336,10.613026,8.01331,7.3468227,7.1494355,4.945897,8.069217,5.9045367,11.554126,14.613023,16.37947,21.26524,21.388912,25.082348,28.037258,29.208986,26.691202,32.36098,32.877853,28.756369,28.397348,23.531862,24.968056,25.047361,22.727077,19.326866,21.247252,18.962315,21.665646,27.432808,25.44906,22.385767,24.491173,19.734495,18.870983,13.963775,14.453524,9.897305,11.809164,9.511747,10.896826,11.89772,9.828834,12.631629,16.359528,11.9156885,10.733122,6.4302917,6.801269,6.4407554,8.79175,12.643693,14.276009,17.64305,19.682577,22.841969,25.799183,27.014158,22.048306,24.202074,21.392859,19.427448,15.907889,15.074609,16.99831,13.00819,11.846855,13.001989,11.316436,14.157257,15.94146,15.772852,14.176949,16.64374,12.372325,16.59274,15.585135,19.94699
33,31.317657,28.276897,26.317995,21.893059,20.320492,18.754248,17.09279,15.315614,11.382232,14.818712,8.577676,13.402448,13.234904,11.080798,12.940245,8.664476,11.9804735,9.654491,13.673062,15.533675,16.780458,20.990396,22.767134,21.432335,26.714293,23.466352,24.526445,19.894709,17.974922,15.247839,12.382518,8.844398,6.458354,0.0,5.0404553,6.3232465,8.4137535,8.400359,5.1259584,5.5977683,7.922595,11.532009,11.142135,16.032972,18.661804,19.701937,24.38908,23.504013,27.832735,29.898756,31.334831,27.781225,33.919495,34.165108,30.36356,29.77806,24.699663,26.690853,27.459948,26.145739,23.24128,25.34863,23.23967,26.406477,31.922361,30.590929,28.131962,29.895124,25.661121,24.304314,19.81981,19.895885,14.99988,16.912674,13.457084,15.306544,14.73539,11.818368,13.538862,15.588176,10.192732,8.193184,6.309727,4.4490747,7.5839577,6.3546696,12.912388,14.110248,17.691141,20.173052,23.106392,25.563072,27.108896,21.819075,22.95808,19.35831,18.040009,13.564892,13.671144,13.978546,9.44694,11.382409,10.87458,12.399685,15.142701,17.82406,18.492573,16.470404,20.317966,15.344446,19.512987,18.4355,22.030355
34,34.848824,32.001057,30.36237,25.762896,24.622242,22.93154,21.833624,19.987709,16.324675,19.362574,12.483215,16.788502,16.457903,14.136741,17.006575,12.872271,15.908465,13.7346525,16.92456,18.689287,18.857164,23.939032,24.617815,23.164518,28.462584,24.981619,26.663172,21.816345,19.904264,16.964458,13.871261,10.72385,4.6757665,5.0404553,0.0,4.287609,6.0892377,4.474497,4.6567297,7.3008676,5.416903,11.333495,10.348914,16.094952,18.650835,20.682886,25.391562,25.425056,29.346352,32.011543,33.41365,30.55991,36.448498,36.874752,32.80748,32.273502,27.306837,28.776644,28.88021,26.986334,23.680822,25.878754,23.618563,26.279634,32.03477,29.81858,26.706917,29.055273,24.076904,23.334974,18.276958,18.542557,14.104972,15.059401,12.054155,12.555221,12.27248,9.081253,10.570815,14.284845,9.314031,9.268245,6.577241,7.558463,9.417067,10.441885,15.963149,17.17075,20.766077,22.780958,26.073341,28.757963,30.335932,25.22072,26.674957,23.575994,22.033516,17.859755,17.59468,18.47336,13.79993,14.258802,13.736706,13.614312,15.501219,16.829847,17.988455,16.681278,20.194908,16.266722,20.629934,19.883888,24.041794
35,36.80145,34.09051,31.879293,27.609442,26.213018,23.965775,22.84665,19.891113,16.64182,17.981651,10.54327,14.040167,13.82111,11.991075,15.951591,12.862351,16.62843,15.367536,19.106735,21.43941,21.869349,26.656303,27.855274,26.741344,32.058365,28.782349,30.269783,25.493202,23.47327,20.67903,17.363796,14.254776,8.660336,6.3232465,4.287609,0.0,4.583544,6.032653,6.6115694,10.201767,9.4049,15.466756,14.502037,20.138187,22.85268,24.626865,29.399567,29.083193,33.151978,35.622505,36.93421,33.670956,39.6354,39.746555,35.595737,34.746162,29.760757,31.076115,31.126163,29.81057,26.690697,29.429062,27.448542,30.31004,36.068592,34.028736,30.79752,32.90563,27.862757,26.866978,21.847765,21.659986,17.27509,17.530207,13.928011,14.089743,12.562826,8.893557,8.94327,11.711508,6.5539465,7.6909533,7.3910723,8.890788,11.86641,12.553049,18.840136,20.220675,23.82911,26.106495,29.227467,31.750904,33.312412,28.041805,29.239841,25.659668,24.297485,19.856302,19.512205,19.38531,14.294502,15.770275,13.724252,14.870503,15.7744,16.796879,19.015402,17.943295,22.371693,18.861998,23.268513,22.983315,26.861473
