,0,1,2,3,4,5,6,7,8,9,10,11,12,13,14,15,16,17,18,19,20,21,22,23,24,25,26,27,28,29,30,31,32,33,34,35,36,37,38,39,40,41,42,43,44,45,46,47,48,49,50,51,52,53,54,55,56,57,58,59,60,61,62,63,64,65,66,67,68,69,70,71,72,73,74,75,76,77,78,79,80,81,82,83,84,85,86,87,88,89,90,91,92,93,94,95,96,97,98,99,100,101,102,103,104,105,106,107,108,109,110,111
0,0.0,4.283456,6.6199403,9.607379,12.271352,14.68088,17.908756,21.655334,24.815296,27.540686,31.311728,29.759825,26.511988,25.86148,20.873356,22.118633,17.4559,19.032976,17.920193,18.538475,21.67519,19.543018,25.236376,27.749172,29.320414,28.066969,32.027596,31.01004,24.795815,26.182709,24.196972,24.817171,28.160831,24.658276,29.220705,28.574446,32.09977,33.67698,30.101444,27.704357,32.446507,30.433504,29.494759,31.851936,29.989613,32.0648,30.080206,32.797703,30.225842,35.495975,32.858963,34.91398,36.98572,35.45552,30.284311,31.130535,28.861015,32.23535,30.916002,32.552467,30.946283,36.784657,35.07744,38.327297,41.703102,40.584774,37.600346,37.26277,42.115932,39.738934,34.7325,35.752728,32.49044,37.587093,33.736694,33.859203,36.30676,35.276608,36.769184,39.985577,37.51085,33.80026,35.24939,31.313568,28.405104,27.797169,24.272736,20.905802,18.93046,15.545881,16.293585,13.359266,15.399964,14.629355,16.834904,13.761657,15.705434,11.963569,14.05394,12.532915,16.894014,16.528654,20.70301,22.458399,22.763647,25.736086,25.086748,27.16517,26.811146,30.357155,30.285463,34.623577
1,4.283456,0.0,5.2698607,6.6340218,8.796932,12.316895,14.432787,19.03257,21.646112,24.602053,28.271017,27.267714,24.373634,23.545444,18.577364,19.146524,14.564339,15.417045,14.802001,14.789594,18.229856,16.555567,22.143206,24.271616,25.925001,24.412645,28.175537,27.1118,20.726109,22.41174,20.26695,21.493332,25.02947,22.16563,26.592628,26.457327,30.023706,31.20256,27.668226,25.041424,29.384628,27.052376,25.8401,28.039923,25.987734,27.99215,25.890018,28.63966,26.148605,31.44175,29.024446,31.122458,33.441936,31.991577,26.846151,27.630526,24.985952,28.315004,27.042246,28.44251,26.753881,32.53607,30.797182,34.05295,37.474865,36.376606,33.459274,33.15077,38.069885,35.878914,30.979265,31.993671,28.553194,33.780907,29.767132,30.183226,32.605316,31.553814,33.203396,36.36255,33.988155,30.230108,31.327908,27.359097,24.332134,23.778215,20.042263,16.812536,14.807532,11.632316,12.913497,10.674802,13.566091,13.073506,14.035889,11.140333,11.855465,7.8967547,9.78332,8.429971,12.851705,12.885835,17.185686,19.336319,20.387487,22.911001,21.899397,24.377039,23.331894,27.11305,26.895775,31.358719
2,6.6199403,5.2698607,0.0,5.2880797,6.880673,8.635721,12.2115965,15.279845,18.86166,21.177177,25.32146,23.765387,20.45394,20.249653,15.194583,16.91473,13.134361,14.856589,15.486563,16.525877,20.375366,19.735243,25.103918,27.001076,29.321505,27.767382,30.837618,29.28458,22.279783,23.722946,20.672527,22.030487,23.72424,21.032017,24.934643,24.246714,28.226715,29.759422,26.784536,24.826654,28.660034,27.418839,25.69974,28.933123,26.20258,29.227509,27.334938,30.500206,28.529663,33.842426,32.059967,34.08284,36.913002,35.316807,30.34588,30.670856,27.54435,30.495296,28.625088,29.80025,28.316582,33.52043,31.312218,34.68851,37.269413,36.74204,33.65602,32.668045,37.469307,35.144123,29.780266,30.326256,27.279839,31.883778,28.352848,27.939213,30.544598,29.800823,31.278894,34.649136,32.477627,28.812387,30.574923,26.856833,23.804361,24.005354,20.394085,18.256681,17.1806,14.677415,16.985632,15.515151,18.581491,18.282436,18.709639,15.886465,15.226569,11.226861,11.389392,9.597048,12.246815,12.36078,15.206825,17.386599,17.777067,20.009527,19.284933,20.751015,20.711544,24.009777,24.144703,28.356102
3,9.607379,6.6340218,5.2880797,0.0,3.829165,6.2110543,8.734572,13.010708,15.417979,18.625132,21.90868,20.756363,18.009281,16.948278,12.035849,12.611266,8.23341,9.84036,10.251732,11.674653,15.493224,15.467229,20.545555,22.381512,25.22852,24.089725,26.604855,24.710443,17.720198,18.68221,15.752794,16.745731,18.868284,16.203531,20.292746,20.096325,23.874445,25.07542,21.911854,19.713135,23.58811,22.151373,20.609844,23.860874,21.413626,24.552862,23.096424,26.462627,24.849592,30.421518,28.935043,31.416525,34.260376,33.332893,28.377623,29.070675,25.336594,28.337393,26.996798,27.387228,25.370602,30.37015,27.764267,30.779402,33.51649,32.428265,29.165163,28.47492,33.120525,30.508055,25.307358,26.346882,23.374388,28.551231,25.41063,25.456024,28.480314,28.074636,30.017414,33.34113,31.616734,27.887896,28.769564,25.057024,21.436773,22.191109,17.505346,16.30996,14.677785,12.993995,15.428067,14.438981,18.245295,17.328041,16.608917,13.773076,12.015942,9.107477,8.122281,8.4061165,9.739013,12.005237,14.18346,17.628853,19.304382,20.308933,18.779793,20.130491,18.511469,21.948994,21.199297,25.566618
4,12.271352,8.796932,6.880673,3.829165,0.0,5.3112545,5.6921062,10.703423,12.96609,15.906073,19.649874,19.08095,16.58863,15.913816,11.1359625,11.376273,8.286061,8.648308,11.072541,11.579325,15.798354,16.60902,21.20839,22.344007,25.158491,23.481415,25.64116,23.71421,16.379837,17.94503,14.278947,16.62224,17.947712,16.58585,19.977581,20.18554,24.167067,25.00832,22.287376,20.171017,23.065737,21.668926,19.370289,22.749327,19.554428,22.94151,21.18822,24.620758,23.208097,28.556631,27.503242,29.719397,32.98816,31.800753,27.084703,27.334177,23.33249,26.00275,24.279856,24.589603,22.828539,27.530348,24.89654,28.141901,30.538307,29.994295,26.871237,25.792744,30.593416,28.380157,23.075039,23.650589,20.469942,25.359451,21.917376,21.891693,24.763567,24.281717,26.191713,29.521568,27.81697,24.101425,25.09575,21.451488,17.892153,18.856264,14.417002,13.769963,12.986221,11.956782,15.197429,15.248791,19.121283,18.90092,17.38591,15.168852,11.985131,9.072934,6.826771,6.6309853,6.317843,8.892863,10.389473,14.069769,16.150856,16.725641,15.032026,16.698524,14.925915,18.56092,18.122816,22.571548
5,14.68088,12.316895,8.635721,6.2110543,5.3112545,0.0,5.964015,7.1900506,10.714532,13.213031,16.888447,15.168683,12.073382,11.717731,6.689125,8.912911,7.0350757,9.522197,12.142877,14.485997,18.295147,19.646791,23.9408,25.240515,28.75114,27.589767,29.061565,26.614435,19.327507,19.887789,15.926177,17.178856,16.301773,14.509784,17.378353,16.67616,20.979866,22.408058,20.244669,19.066504,21.726337,21.844671,19.557856,24.072311,20.790937,25.179914,24.138355,27.889725,27.079596,32.465645,31.87005,34.25424,37.6384,36.68973,32.077774,32.302673,28.027033,30.46754,28.621738,28.496689,26.69123,30.68141,27.458412,30.428596,31.993895,31.579815,28.166792,26.614428,30.942184,28.180794,22.497152,22.926277,20.63772,24.945347,22.732307,21.767143,25.163872,25.35397,27.220003,30.714249,29.506655,25.9998,27.338552,24.12386,20.455578,22.36886,17.86944,18.440363,17.91614,17.215403,20.378992,20.152168,24.041584,23.378994,22.099422,19.561028,16.631386,14.152828,11.754256,11.894193,10.300271,13.084085,12.523726,16.324844,17.738058,17.47931,15.967728,15.6050825,14.647994,17.26747,16.632885,20.632032
6,17.908756,14.432787,12.2115965,8.734572,5.6921062,5.964015,0.0,6.7150464,7.4903984,10.739646,14.192525,14.362585,12.685039,11.945073,8.137253,7.231432,7.0372214,6.220195,11.071173,11.756183,15.695888,18.056837,21.50685,21.870937,25.30022,23.694921,24.576103,22.107986,14.723504,15.946285,11.35596,14.482904,13.759318,14.134594,16.289297,17.019688,21.058334,21.437822,19.485317,17.838318,19.271055,18.627384,15.503392,19.681047,15.713337,20.103825,18.827225,22.601526,22.124357,27.260061,27.204859,29.482662,33.192165,32.3424,28.090368,28.103027,23.40888,25.502684,23.727112,23.079288,21.244106,24.849308,21.531118,24.560738,26.133717,25.903515,22.655554,21.023998,25.623495,23.376675,17.838945,18.117668,15.21718,19.918404,17.157492,16.891336,20.2445,20.368717,22.5803,25.926474,24.916744,21.374533,21.963161,18.77183,14.836995,17.163218,12.342655,14.142963,14.181766,14.709762,18.307247,19.307571,23.346575,23.150993,20.624622,18.909542,14.378523,12.855455,9.278974,10.243385,6.1583424,10.393238,8.701482,13.402593,16.298548,14.956838,12.580432,13.293922,10.150157,13.5806265,12.566746,17.052689
7,21.655334,19.03257,15.279845,13.010708,10.703423,7.1900506,6.7150464,0.0,5.374584,6.1796045,10.636707,9.261967,6.7391405,7.7962117,5.2053576,7.4456444,10.126425,11.251545,15.749073,17.755465,21.27361,23.921824,27.125397,27.523108,31.394972,30.045666,30.31711,27.487038,20.41996,20.86093,16.147802,18.287115,14.289606,14.988582,15.604582,15.184436,19.609285,20.591988,19.885105,19.645199,20.089546,21.526033,18.231457,23.542727,19.325218,24.66243,23.987179,27.880081,28.00095,32.859024,33.338795,35.5039,39.433144,38.5244,34.48963,34.2085,29.43687,31.111486,28.902847,28.056133,26.554188,29.132477,25.383858,28.17788,28.329466,28.824917,25.49728,22.952076,26.825426,24.282993,18.359177,17.783234,16.320637,19.282108,18.219168,16.192692,19.94385,20.91049,22.765858,26.263454,25.85272,22.774702,24.217304,21.812553,18.308455,21.49333,17.565132,20.141855,20.741096,21.212662,24.882355,25.630453,29.608147,29.318369,27.166285,25.178371,21.01042,19.216108,15.87881,16.192307,12.213748,15.241676,11.66063,15.547922,17.2281,14.843142,13.080545,10.592673,9.626518,10.914787,10.313698,13.809438
8,24.815296,21.646112,18.86166,15.417979,12.96609,10.714532,7.4903984,5.374584,0.0,4.6919413,6.7085056,7.67417,7.821227,7.177612,7.044447,5.5100307,10.119111,9.686089,14.699035,16.269897,19.175188,22.688055,24.858097,24.662142,28.795158,27.669422,27.016466,23.907776,17.412254,17.439066,12.710401,15.169808,10.170791,12.8949795,12.444318,13.349991,17.263515,17.298456,16.981453,16.725391,15.860705,17.39369,13.653957,19.137693,14.751033,20.45805,20.335815,24.276806,25.064783,29.71249,30.783777,33.13862,37.114204,36.74953,33.05301,32.91495,27.764112,29.168734,27.443935,25.738848,23.917473,25.743078,21.5567,23.855272,23.780052,23.960949,20.534275,17.96773,21.610193,18.913376,12.987403,12.664376,11.447329,14.969088,14.693442,13.328904,17.573196,19.031988,21.422934,24.655222,24.86143,21.927526,22.179571,20.080376,16.235456,20.098244,15.663317,19.542076,20.096361,21.486134,25.040905,26.351625,30.463188,30.049517,27.092659,25.536934,20.655895,19.988792,16.18806,17.567263,12.67851,16.715845,12.738256,17.153654,19.9553,16.682629,14.168473,12.207106,8.273891,9.429876,6.7641773,10.628269
9,27.540686,24.602053,21.177177,18.625132,15.906073,13.213031,10.739646,6.1796045,4.6919413,0.0,5.930661,6.810242,7.207492,8.725622,9.587444,9.838699,14.357319,14.216647,19.291735,20.739134,23.775908,27.242207,29.45223,29.07217,33.055622,31.619884,30.860306,27.844755,21.46823,21.808655,17.006435,19.763435,13.959542,16.953482,15.687188,16.03737,19.919065,20.112207,20.611834,20.918625,19.341015,21.525398,17.578014,23.008755,18.281734,23.99517,23.701157,27.485796,28.424374,32.643925,34.03173,36.007767,40.25144,39.51397,36.067017,35.47518,30.413992,31.409817,29.150373,27.575665,26.301079,27.476622,23.380304,25.798859,24.662426,25.916386,22.825949,19.487864,22.75616,20.602974,14.846284,13.17073,12.733235,14.071656,14.4846325,11.620884,15.724051,17.579893,19.530592,22.80137,23.319513,20.800694,21.848646,20.365181,17.189707,21.307707,18.030706,22.07209,23.326117,24.683764,28.485117,29.929108,33.92287,33.8477,31.01009,29.502975,24.584442,23.475859,19.734737,20.366919,15.369175,18.442396,13.446402,16.988642,19.12754,15.120095,13.093245,9.358982,7.2799444,6.2686067,4.990564,7.6827116
10,31.311728,28.271017,25.32146,21.90868,19.649874,16.888447,14.192525,10.636707,6.7085056,5.930661,0.0,5.081317,8.539926,8.321861,11.58853,10.317245,15.675406,15.353125,19.80877,21.614965,23.738598,27.775911,29.001629,28.390272,32.819305,32.047707,30.321527,26.918377,21.559156,20.82547,16.678427,18.36625,10.892906,15.2119055,12.274626,13.28903,16.27855,15.805033,17.328482,18.36075,15.298163,18.685036,14.999708,20.728107,16.59916,22.61261,23.378963,27.142588,28.815235,32.885,34.756992,37.09742,41.17248,41.179897,37.956512,37.722584,32.389313,33.272358,31.668032,29.27255,27.546598,27.911488,23.327223,24.79166,23.179878,23.738842,20.45989,17.245811,19.412533,16.466896,11.013526,9.863521,11.295718,12.494722,15.213909,13.057476,17.491262,20.04715,22.376732,25.20952,26.486101,24.272804,24.156094,23.08762,19.702185,24.21214,20.361359,25.124847,25.923487,27.749258,31.238016,32.74315,36.874393,36.349453,33.12782,31.713152,26.686174,26.47361,22.606052,24.164782,19.051384,22.928072,18.250614,22.146526,24.772099,20.560291,18.242378,14.8789015,11.422168,9.876014,6.1900773,6.8557463
11,29.759825,27.267714,23.765387,20.756363,19.08095,15.168683,14.362585,9.261967,7.67417,6.810242,5.081317,0.0,4.235052,4.8092775,9.036633,9.771271,14.770993,15.937037,19.750639,22.567427,24.882557,28.43977,30.314062,30.390965,34.998684,34.47597,33.296684,29.852558,24.030682,22.991451,18.907784,19.499857,11.98704,14.276636,11.755311,11.040715,14.614496,15.392163,16.832033,18.403692,16.618162,20.603914,17.62234,23.703032,20.043142,26.08648,26.818,30.743444,32.008812,36.532166,37.907066,40.406075,44.331326,44.232346,40.60194,40.52719,35.315884,36.586185,34.856495,32.907333,31.103128,32.174187,27.683764,29.346012,28.137995,28.400448,24.932667,22.049816,24.260183,20.880709,15.430614,14.871372,15.989276,17.4614,19.675861,17.146095,21.473349,23.79162,25.850214,28.931265,29.841963,27.452497,28.038057,26.617151,23.13005,27.318712,23.20186,27.209127,27.65868,28.851217,32.289574,33.1765,37.33736,36.52382,33.914795,31.997686,27.611422,26.879908,23.278383,24.586552,20.080524,23.81213,19.542242,23.403973,25.299889,21.67904,19.784925,15.713114,13.917658,12.523219,9.985347,10.778887
12,26.511988,24.373634,20.45394,18.009281,16.58863,12.073382,12.685039,6.7391405,7.821227,7.207492,8.539926,4.235052,0.0,3.9563472,6.3306623,9.128996,13.163937,15.185995,18.795784,21.90253,24.666395,27.67417,30.298529,30.816803,35.27299,34.60749,34.13704,30.864967,24.451242,23.728226,19.48083,20.04071,13.689451,14.378652,13.287325,11.7205105,15.919448,17.434393,18.008863,19.20958,18.81891,22.200302,19.398586,25.411114,21.73401,27.609167,27.88899,31.880472,32.617146,37.43905,38.316463,40.77144,44.633003,44.214615,40.276634,40.199245,35.200397,36.757572,34.80468,33.403156,31.677773,33.492794,29.252844,31.363058,30.691586,30.959953,27.441608,24.724167,27.512129,24.233107,18.52496,18.067118,18.314577,20.293827,21.38373,18.765377,22.907246,24.75332,26.608786,29.930544,30.292683,27.648272,28.846518,27.01394,23.516394,27.272522,23.157732,26.378761,26.715439,27.356232,30.80932,31.309467,35.396927,34.59593,32.489853,30.285257,26.354944,25.025663,21.70211,22.552288,18.616205,21.963202,18.144712,21.855652,23.207256,20.272589,18.709126,14.648838,14.019776,13.308451,11.752426,13.420662
13,25.86148,23.545444,20.249653,16.948278,15.913816,11.717731,11.945073,7.7962117,7.177612,8.725622,8.321861,4.8092775,3.9563472,0.0,5.057058,6.3991704,10.676956,12.797956,15.846068,19.308985,21.637691,24.785795,27.092577,27.722528,32.38911,32.144352,31.487844,28.079433,21.982735,20.684967,16.845232,16.561697,10.143446,10.498396,9.455849,8.074721,12.4053335,13.838546,14.087519,15.283133,15.174238,18.63422,16.263231,22.334135,19.205116,25.02975,25.710794,29.733583,30.55976,35.55588,36.359013,39.124,42.75214,42.765377,38.76279,39.052574,33.960567,35.708805,34.238476,32.557,30.428967,32.38762,28.020155,29.811077,29.6393,29.120705,25.401276,23.216099,25.922554,22.156431,16.567024,17.0316,17.243292,20.250698,21.4015,19.59028,23.951744,25.774006,27.985723,31.228462,31.613506,28.797363,29.294064,27.250433,23.382832,27.10254,22.303778,25.586098,25.398027,26.174747,29.347168,29.766779,33.943195,32.78442,30.5127,28.303085,24.439583,23.662474,20.330832,21.881548,18.045792,22.070963,18.81264,23.057135,25.000471,22.226105,20.239042,17.06346,14.972221,14.951418,12.356862,14.505239
14,20.873356,18.577364,15.194583,12.035849,11.1359625,6.689125,8.137253,5.2053576,7.044447,9.587444,11.58853,9.036633,6.3306623,5.057058,0.0,4.91366,7.1029286,9.944946,12.996088,16.358753,19.335243,21.842525,25.016327,25.996124,30.298733,29.735966,29.955462,26.87627,20.122068,19.493357,15.459779,15.701668,11.769795,10.703861,11.991764,10.871342,15.376916,16.91146,15.777265,15.793685,17.256401,19.158976,16.809795,22.383474,19.15024,24.505804,24.492535,28.495811,28.644444,33.910355,34.118397,36.793587,40.32308,39.98422,35.68535,35.994347,31.173845,33.250114,31.650616,30.565407,28.4978,31.37159,27.408241,29.728941,30.381985,29.830425,26.157223,24.26964,27.792435,24.393707,18.62585,19.164146,18.128511,21.946102,21.545437,20.095304,24.167261,25.3104,27.43518,30.850122,30.555172,27.385921,28.22225,25.625353,21.710169,24.783188,19.911976,22.22238,21.838432,22.081757,25.24744,25.389555,29.49638,28.448986,26.547506,24.158995,20.628363,19.288412,16.220043,17.41801,14.244043,18.02895,15.654163,19.909718,21.70106,19.835066,17.95695,15.787476,14.039906,15.296606,13.488141,16.753874
15,22.118633,19.146524,16.91473,12.611266,11.376273,8.912911,7.231432,7.4456444,5.5100307,9.838699,10.317245,9.771271,9.128996,6.3991704,4.91366,0.0,5.3881874,6.422595,10.089596,12.989356,15.550183,18.777594,21.194433,21.751432,26.22537,25.831886,25.518442,22.27945,15.838479,14.886209,10.881046,11.290148,7.5497136,7.9090085,9.197584,9.906826,13.895115,14.3757305,12.887196,12.237639,13.229915,14.489189,11.9244175,17.483738,14.3507185,19.743263,20.062119,24.08875,24.553236,29.784876,30.244522,33.123955,36.593086,36.699184,32.58547,33.10769,28.054129,30.068508,28.969217,27.3408,24.925062,27.585423,23.46029,25.446371,26.455313,25.335108,21.574036,20.096739,23.652119,20.141174,14.545167,15.789413,14.484731,19.267511,18.852543,18.368488,22.557964,23.738443,26.271734,29.472452,29.386642,26.187424,26.041264,23.43636,19.217966,22.455574,17.007736,19.976665,19.351284,20.29112,23.306238,23.941307,28.15863,27.036243,24.38724,22.413828,18.232021,17.914705,14.464605,16.661999,12.895123,17.558765,15.277969,20.030592,22.816965,20.563925,18.080908,16.878292,13.116922,14.902558,12.04708,15.70645
16,17.4559,14.564339,13.134361,8.23341,8.286061,7.0350757,7.0372214,10.126425,10.119111,14.357319,15.675406,14.770993,13.163937,10.676956,7.1029286,5.3881874,0.0,4.5630097,5.989946,9.673515,12.591693,14.759916,18.214743,19.599781,23.775234,23.529535,24.268295,21.403297,14.73908,13.987385,10.787057,10.38195,10.781496,8.309722,12.108637,12.458917,16.10261,16.951218,14.052024,12.249913,15.554694,15.193321,13.684536,18.122427,15.86604,20.171385,20.051846,23.904491,23.543205,29.185884,28.75892,31.799786,34.83788,34.909897,30.36053,31.28229,26.619965,29.215918,28.391209,27.340738,24.733885,28.521587,24.916359,27.118607,29.242554,27.564112,23.867662,23.17107,27.133085,23.728254,18.537115,20.232178,18.147038,23.606783,22.075754,22.175072,26.006346,26.559456,29.030878,32.267925,31.562185,28.057642,27.960632,24.775438,20.52531,22.773827,17.01379,18.434885,16.890993,17.0352,19.578487,19.523869,23.71291,22.226206,20.096525,17.71379,14.394642,13.883256,11.098864,13.579684,11.492686,16.018005,15.639244,20.277088,22.922062,21.900692,19.588366,19.555094,16.200254,18.893938,16.620272,20.6685
17,19.032976,15.417045,14.856589,9.84036,8.648308,9.522197,6.220195,11.251545,9.686089,14.216647,15.353125,15.937037,15.185995,12.797956,9.944946,6.422595,4.5630097,0.0,5.62622,6.7753386,10.025499,13.056444,15.877889,16.449488,20.47082,19.80137,20.251308,17.427095,10.461446,10.416073,6.5828457,8.397976,10.182883,9.996059,13.067677,14.74079,17.968208,17.826967,15.017979,12.511874,14.793223,13.07925,10.846999,14.652006,11.930102,15.9842,15.568139,19.438948,19.176416,24.734314,24.55594,27.555939,30.761015,30.908504,26.578856,27.42857,22.548252,24.994177,24.376959,23.013144,20.28731,24.022095,20.481176,22.72404,25.210932,23.467052,19.910892,19.436352,23.739155,20.821098,15.902466,17.67801,14.906944,20.89688,18.740894,19.657536,23.253813,23.596994,26.266521,29.299992,28.613667,25.10675,24.356726,21.133774,16.785158,18.993681,12.946078,14.9278345,13.497055,14.512143,17.212133,18.065825,22.283789,21.22468,18.155006,16.49466,11.942666,12.30636,8.876374,12.061404,9.089732,14.15361,13.741973,18.538906,21.975018,20.635828,17.936388,18.885675,14.323383,17.560055,15.123407,19.448221
18,17.920193,14.802001,15.486563,10.251732,11.072541,12.142877,11.071173,15.749073,14.699035,19.291735,19.80877,19.750639,18.795784,15.846068,12.996088,10.089596,5.989946,5.62622,0.0,5.2300014,7.036518,9.023993,12.366032,14.245916,18.428026,18.85506,19.838215,17.166546,11.402511,10.038499,8.882186,6.962376,12.070333,9.2861595,13.887408,15.290457,17.72627,17.842701,13.902683,10.60653,15.125094,12.574268,12.421703,15.104058,14.410785,17.230713,17.329716,20.81627,20.143219,25.966845,25.04187,28.512974,30.94909,31.67282,27.05453,28.672747,24.218067,27.176786,27.288712,26.066923,22.942133,27.207598,23.974066,25.741621,29.018099,26.23501,22.654871,23.148617,27.080296,23.707851,19.495792,22.079517,19.594093,25.880445,23.926626,25.164013,28.73785,28.99404,31.694784,34.64936,33.82656,30.255829,29.242184,25.850025,21.557064,23.117691,16.941885,17.692707,14.996921,15.2926035,16.79643,16.628088,20.725685,18.65218,16.084564,13.946585,11.0393915,12.231866,10.235902,13.943175,13.044588,17.619732,18.574606,23.137148,26.331892,25.685171,23.143173,24.22001,19.939978,23.109846,20.483074,24.621225
19,18.538475,14.789594,16.525877,11.674653,11.579325,14.485997,11.756183,17.755465,16.269897,20.739134,21.614965,22.567427,21.90253,19.308985,16.358753,12.989356,9.673515,6.7753386,5.2300014,0.0,4.3328958,6.6891837,9.874313,10.879052,14.351297,13.986918,15.476161,13.310204,7.1967044,7.6628747,7.0377736,8.147349,14.574773,13.646198,17.494818,19.615526,21.944405,21.382841,17.671587,13.97092,17.357145,13.194085,12.503539,13.43048,12.60571,14.034791,13.237993,16.419716,15.224029,21.08673,19.9132,23.32598,25.7887,26.446365,21.869864,23.545727,19.125643,22.183062,22.636545,21.474533,18.259895,23.014908,20.338482,22.301298,26.350739,23.545935,20.381964,21.31598,25.690815,23.159863,19.47363,21.897055,18.601328,25.131063,22.142918,24.21633,27.237099,26.99082,29.715925,32.410297,31.330692,27.7496,26.218334,22.666342,18.579615,19.419083,13.343559,13.570332,10.478829,11.425453,12.729739,13.537409,17.559763,16.08568,12.415246,11.268052,6.9289575,9.521455,7.593344,11.833179,11.232417,15.51127,17.215637,21.466585,25.183462,24.730387,22.058323,24.352797,19.532923,23.264038,20.940834,25.290161
20,21.67519,18.229856,20.375366,15.493224,15.798354,18.295147,15.695888,21.27361,19.175188,23.775908,23.738598,24.882557,24.666395,21.637691,19.335243,15.550183,12.591693,10.025499,7.036518,4.3328958,0.0,4.8084836,5.85888,7.2764864,11.450722,12.459127,13.327724,11.027913,7.3047214,5.8669744,8.165234,7.0500236,15.163091,14.144075,17.879553,20.4151,21.896976,20.909264,16.927479,12.831259,16.459307,11.302893,12.038927,11.510162,12.543842,12.789435,12.955856,15.680089,14.791674,20.505863,19.305246,23.177845,25.0552,26.603403,22.277636,24.530684,20.274204,23.309,24.564796,22.92965,19.34594,23.742294,21.128143,22.315664,26.801172,23.033762,19.932384,21.72788,25.573984,22.81816,20.023813,23.100653,20.16029,26.856968,24.374529,26.866894,29.918812,29.835682,32.71583,35.1962,34.364075,30.913448,28.7581,25.410744,21.379095,22.208748,16.187418,16.65634,13.295757,14.502874,14.85297,15.517987,19.133295,17.106188,13.2610035,12.567839,9.401373,12.957434,11.687602,15.910986,15.420825,19.648195,21.271431,25.528328,29.397596,28.75846,25.970903,28.150366,22.911476,26.412874,23.626469,27.707779
21,19.543018,16.555567,19.735243,15.467229,16.60902,19.646791,18.056837,23.921824,22.688055,27.242207,27.775911,28.43977,27.67417,24.785795,21.842525,18.777594,14.759916,13.056444,9.023993,6.6891837,4.8084836,0.0,5.70164,8.851148,11.356354,12.572942,15.149308,13.89856,10.9996395,10.52143,12.623908,11.3380575,19.356794,17.206587,21.57993,23.552792,25.082355,24.559196,20.22603,16.151188,20.689129,15.717409,16.811342,15.999987,17.216978,16.798716,16.38494,18.497828,16.6764,22.253849,19.996624,23.77734,24.990906,26.402418,21.720997,24.388836,20.932285,24.41349,25.821604,24.935925,21.529186,26.660248,24.658812,26.065962,30.944717,27.220867,24.357033,26.257006,30.225971,27.60361,24.77774,27.72219,24.593893,31.25346,28.291243,30.715786,33.58571,33.16401,35.875916,38.401268,37.143017,33.57085,31.727036,28.109718,24.312729,24.37292,18.75917,17.690195,13.69798,13.777929,12.9760065,12.58874,15.801427,13.116878,9.958687,8.992479,8.2501335,11.831449,12.097988,15.895501,17.051022,20.495281,23.27269,27.14057,30.648281,30.832916,28.30872,30.87001,26.198559,29.95207,27.533783,31.79608
22,25.236376,22.143206,25.103918,20.545555,21.20839,23.9408,21.50685,27.125397,24.858097,29.45223,29.001629,30.314062,30.298529,27.092577,25.016327,21.194433,18.214743,15.877889,12.366032,9.874313,5.85888,5.70164,0.0,4.238258,7.5734234,10.64738,11.602127,10.312348,10.656136,9.02631,13.091847,11.247002,19.736025,18.597702,22.159376,24.858818,25.553288,24.248877,20.143148,15.970199,19.59907,13.710002,15.730428,13.091127,15.951237,14.110492,14.71035,16.164692,15.067646,20.103222,18.332027,22.519627,23.285627,25.81546,21.833706,24.85601,21.332312,24.41943,26.651457,24.934206,21.194588,25.490713,23.534643,24.011824,29.216043,24.588863,21.992962,24.763803,28.096209,25.56,23.911493,27.344364,24.534323,31.206947,28.75254,31.752483,34.552372,34.335873,37.251648,39.44471,38.602905,35.266426,32.552177,29.311312,25.598894,25.872034,20.339846,20.239237,16.540789,17.665403,16.71524,17.163956,19.903687,17.462446,13.716148,13.887106,12.487402,16.687664,16.405987,20.425226,20.650894,24.409454,26.548668,30.537271,34.493835,34.0702,31.280588,33.797024,28.37034,31.878023,28.97895,32.895336
23,27.749172,24.271616,27.001076,22.381512,22.344007,25.240515,21.870937,27.523108,24.662142,29.07217,28.390272,30.390965,30.816803,27.722528,25.996124,21.751432,19.599781,16.449488,14.245916,10.879052,7.2764864,8.851148,4.238258,0.0,5.268244,8.156145,7.5672145,6.1791277,8.654155,7.5750766,12.094586,11.715009,19.684095,19.90736,22.714481,25.923931,26.593088,24.761848,21.15784,17.100636,19.354637,12.9931,14.475423,10.531234,13.621074,10.548867,11.266003,12.26832,11.637387,16.371912,15.20741,19.481531,20.482012,23.337687,19.87255,22.747313,18.97617,21.65663,24.221739,21.980282,18.142792,21.908733,20.101507,20.228659,25.6788,20.866495,18.606731,21.75567,24.99538,23.002129,21.989643,25.344376,22.43427,28.95669,26.430426,29.881214,32.397335,32.151176,35.120937,37.0362,36.38623,33.248108,29.997236,27.026098,23.525986,23.816446,18.607359,19.159119,15.949241,17.934769,17.290184,18.719538,21.399357,19.684748,15.209535,16.098436,13.452069,17.877937,17.097149,21.088814,20.60146,24.346653,26.043009,29.918434,34.211437,33.3875,30.4655,33.218735,27.36441,30.8121,27.8881,31.625937
24,29.320414,25.925001,29.321505,25.22852,25.158491,28.75114,25.30022,31.394972,28.795158,33.055622,32.819305,34.998684,35.27299,32.38911,30.298733,26.22537,23.775234,20.47082,18.428026,14.351297,11.450722,11.356354,7.5734234,5.268244,0.0,4.902862,6.3381243,7.8694153,11.7290745,12.281075,16.247414,16.825054,24.708076,24.964441,27.890295,31.052036,31.841766,30.023003,26.413477,22.33395,24.529655,18.119116,19.263355,14.796905,17.511631,13.243992,12.845926,12.32777,10.586226,14.283536,11.987225,16.209969,16.232285,19.551342,16.404387,19.808651,17.039799,19.769829,23.04481,21.240252,17.65893,21.787733,21.14091,21.297504,27.376534,22.727304,21.244244,24.643713,27.974089,26.768663,26.14181,29.175838,25.895864,32.20227,28.960384,32.77739,34.754105,34.03661,36.843006,38.483856,37.50411,34.45902,30.994982,28.007364,25.077726,24.406832,20.133987,19.616518,16.374746,18.220892,16.646818,18.342299,20.10622,18.848679,14.338156,16.292921,14.509073,19.05587,19.079403,22.58813,22.891207,25.814222,28.240294,31.552975,35.83963,35.48573,32.705276,36.180984,30.466413,34.17966,31.647335,35.46887
25,28.066969,24.412645,27.767382,24.089725,23.481415,27.589767,23.694921,30.045666,27.669422,31.619884,32.047707,34.47597,34.60749,32.144352,29.735966,25.831886,23.529535,19.80137,18.85506,13.986918,12.459127,12.572942,10.64738,8.156145,4.902862,0.0,5.8342533,8.21711,10.518239,12.9457855,15.687266,18.03734,25.279646,26.067577,28.908009,32.03482,33.40926,31.672907,28.269907,24.249407,26.034857,19.825262,19.810602,15.795335,17.04084,12.800589,10.808751,9.931399,6.8696957,10.829343,7.8642325,11.974863,12.799067,15.287967,11.85885,15.030702,12.155812,15.007946,18.27349,16.824284,13.46703,18.27779,18.250515,19.125639,25.34028,21.588564,20.420628,23.347496,27.248688,26.726686,25.736969,28.152842,24.368406,30.415808,26.362823,30.299883,31.82072,30.69874,33.328056,34.86035,33.58427,30.57251,27.178324,24.109703,21.576374,20.2822,16.72873,15.681818,12.845639,15.062218,13.670488,16.297762,17.94159,17.719206,12.733288,15.285165,12.624705,16.906424,16.944202,19.9442,20.305452,22.589455,25.22536,28.058842,32.378437,32.207455,29.550018,33.58938,28.079601,32.004425,29.987373,33.91757
26,32.027596,28.175537,30.837618,26.604855,25.64116,29.061565,24.576103,30.31711,27.016466,30.860306,30.321527,33.296684,34.13704,31.487844,29.955462,25.518442,24.268295,20.251308,19.838215,15.476161,13.327724,15.149308,11.602127,7.5672145,6.3381243,5.8342533,0.0,3.877175,9.945586,11.32952,14.688524,16.929865,23.433458,25.292887,27.212261,30.837395,31.704674,29.381624,26.52752,22.788317,23.295282,17.044237,17.120216,11.961329,14.050324,8.590456,8.022142,6.419733,6.1424503,9.224219,9.05986,13.220843,14.501421,17.851513,15.675538,18.206045,14.602649,16.348886,19.750937,16.899553,13.228657,16.132912,15.525769,15.200294,21.419195,16.808863,15.87739,19.490618,22.695473,22.343685,22.412159,25.09996,21.822117,27.644009,24.465254,28.715456,30.323793,29.683786,32.53977,33.820618,33.23875,30.530584,26.409662,23.941492,21.323307,20.996124,17.286196,18.198875,16.113379,19.078987,18.58327,21.346376,23.457119,23.027853,17.96479,19.993362,16.4184,20.692173,19.720623,23.097967,22.094408,25.097336,26.49199,29.682585,34.32493,33.22711,30.302475,33.79917,27.665918,31.102818,28.590136,32.0331
27,31.01004,27.1118,29.28458,24.710443,23.71421,26.614435,22.107986,27.487038,23.907776,27.844755,26.918377,29.852558,30.864967,28.079433,26.87627,22.27945,21.403297,17.427095,17.166546,13.310204,11.027913,13.89856,10.312348,6.1791277,7.8694153,8.21711,3.877175,0.0,7.463122,7.8631635,11.49456,13.45646,19.69002,21.780664,23.450665,27.164486,27.944569,25.550018,22.823164,19.19794,19.43127,13.228628,13.304989,8.130152,10.572083,5.462713,6.3240814,6.6246037,7.646074,11.676069,12.249439,16.276346,18.128845,21.03505,18.494976,20.690329,16.404018,18.166811,20.902075,17.744122,13.882973,16.431095,14.662485,14.270845,19.96797,15.092325,13.3871,16.924292,20.105303,19.122076,18.962612,21.943344,18.927324,24.98986,22.401514,26.415651,28.471668,28.230793,31.239782,32.744854,32.44518,29.659554,25.69419,23.243069,20.12838,20.636745,16.128395,17.96174,15.909439,18.964727,19.081032,21.632212,24.322258,23.559788,18.52812,19.911667,15.8160925,19.970617,18.417545,22.110847,20.469744,24.091417,24.888147,28.517567,33.177505,31.693285,28.644335,31.58379,25.28179,28.505686,25.65621,29.025436
28,24.795815,20.726109,22.279783,17.720198,16.379837,19.327507,14.723504,20.41996,17.412254,21.46823,21.559156,24.030682,24.451242,21.982735,20.122068,15.838479,14.73908,10.461446,11.402511,7.1967044,7.3047214,10.9996395,10.656136,8.654155,11.7290745,10.518239,9.945586,7.463122,0.0,4.797078,5.2788606,9.610334,15.281497,17.063614,19.271679,22.478369,24.312515,22.638418,19.767963,16.201204,17.139248,11.91683,10.305524,8.847667,7.746201,7.311317,6.070008,9.442088,9.212636,14.825089,14.874676,18.34031,21.27545,22.45232,18.786808,20.23029,15.213735,17.5242,18.666508,16.276001,12.633321,16.540482,13.851563,15.362157,20.001623,16.833916,14.10481,15.744857,20.161663,18.610674,16.1609,18.586163,14.932524,21.468018,18.257053,21.524216,24.01982,23.733221,26.687492,28.821756,28.168257,24.945805,22.083574,19.00783,15.177391,16.151814,10.403985,12.483797,10.481918,13.473733,14.836827,17.322992,20.805738,20.239779,15.408428,15.890427,10.544263,13.910523,11.550235,15.313992,13.189632,17.241074,17.91552,21.888407,26.38186,25.033962,22.022299,24.848255,18.894766,22.490433,19.957108,23.913649
29,26.182709,22.41174,23.722946,18.68221,17.94503,19.887789,15.946285,20.86093,17.439066,21.808655,20.82547,22.991451,23.728226,20.684967,19.493357,14.886209,13.987385,10.416073,10.038499,7.6628747,5.8669744,10.52143,9.02631,7.5750766,12.281075,12.9457855,11.32952,7.8631635,4.797078,0.0,5.0276036,5.766752,12.534055,13.999413,16.113361,19.55902,20.721098,18.826574,15.760761,12.0588255,13.231135,7.4690504,7.3203588,5.8643646,7.062818,7.579647,8.983503,12.162714,12.819031,18.083794,18.337782,22.152113,24.595009,26.4543,22.876663,24.68276,19.80765,22.060637,23.387054,20.710155,16.996016,20.037283,16.805685,17.381565,21.526424,17.460533,14.210261,16.242268,19.812841,17.165451,14.997357,18.322105,15.620509,22.27507,20.418741,23.329163,26.375769,26.669123,29.752327,31.961464,31.727741,28.58463,25.723595,22.92102,18.87903,20.523327,14.565668,16.985506,14.714165,17.156174,18.246675,19.947107,23.561367,22.183723,17.746696,17.649359,13.17163,16.57387,14.220969,18.328537,16.102837,20.712873,20.93239,25.324963,29.645767,27.996567,24.924835,26.81678,20.772682,23.846285,20.612364,24.261166
30,24.196972,20.26695,20.672527,15.752794,14.278947,15.926177,11.35596,16.147802,12.710401,17.006435,16.678427,18.907784,19.48083,16.845232,15.459779,10.881046,10.787057,6.5828457,8.882186,7.0377736,8.165234,12.623908,13.091847,12.094586,16.247414,15.687266,14.688524,11.49456,5.2788606,5.0276036,0.0,6.4428077,10.20917,12.4792385,14.291885,17.450459,19.555674,18.060167,15.515749,12.449241,13.011092,9.223863,6.5104094,8.537442,5.888826,9.42683,9.621642,13.555176,14.143993,19.44505,20.001513,23.26591,26.454216,27.375172,23.65355,24.720661,19.514618,21.571293,21.867184,19.432615,16.168404,19.185043,15.481125,16.997843,20.17806,17.48617,13.989464,14.531735,18.78101,16.239367,12.577686,15.142193,12.034982,18.713686,16.589436,18.9664,22.226818,22.599453,25.62444,28.116219,27.851711,24.614405,22.372488,19.49762,15.191005,17.468836,11.26575,14.518129,13.105743,15.581011,17.748194,19.635395,23.57225,22.692547,18.46572,17.963394,12.651879,14.89408,11.649599,15.380915,12.067659,16.964663,16.361221,20.935684,25.189196,23.245329,20.161982,21.804586,15.829318,18.98082,15.940742,19.876404
31,24.817171,21.493332,22.030487,16.745731,16.62224,17.178856,14.482904,18.287115,15.169808,19.763435,18.36625,19.499857,20.04071,16.561697,15.701668,11.290148,10.38195,8.397976,6.962376,8.147349,7.0500236,11.3380575,11.247002,11.715009,16.825054,18.03734,16.929865,13.45646,9.610334,5.766752,6.4428077,0.0,8.514449,8.409004,11.157634,14.251757,15.388179,14.023933,10.44405,6.6406493,9.516641,5.629505,6.529778,8.994942,9.685904,12.61948,14.338629,17.796257,18.432774,23.797108,23.919342,27.693274,30.130598,31.765947,27.841734,29.578611,24.692604,27.093977,27.844141,25.453836,21.952837,24.90125,21.1691,21.858831,24.95018,21.246817,17.51832,18.676811,21.797567,18.00706,14.848073,18.372461,16.572113,23.004128,22.18381,24.051579,27.74647,28.518175,31.549349,34.129433,34.043888,30.812983,28.713526,25.907072,21.56526,23.830036,17.556433,20.009579,17.716467,19.350077,20.757141,21.531939,25.464666,23.504374,19.94112,18.773043,15.019444,17.481947,14.947999,18.984047,16.65691,21.681705,21.443993,26.214993,30.043634,28.31161,25.364048,26.116669,20.6274,23.220503,19.66074,23.184185
32,28.160831,25.02947,23.72424,18.868284,17.947712,16.301773,13.759318,14.289606,10.170791,13.959542,10.892906,11.98704,13.689451,10.143446,11.769795,7.5497136,10.781496,10.182883,12.070333,14.574773,15.163091,19.356794,19.736025,19.684095,24.708076,25.279646,23.433458,19.69002,15.281497,12.534055,10.20917,8.514449,0.0,6.3477273,4.5254354,8.309306,10.081141,8.604081,7.789005,7.6714783,5.821551,8.697866,6.824736,12.867914,11.156427,16.61965,18.548697,22.365961,23.877958,28.71356,29.866665,33.16493,36.34422,37.487255,33.861416,34.809086,29.512827,31.242846,31.045288,28.35841,25.432901,26.982178,22.434862,23.119068,23.975357,21.60857,17.643091,16.950212,19.265848,14.747824,10.228832,13.201402,13.219498,18.277666,19.516489,19.97096,24.261908,25.990814,28.912264,31.625172,32.29298,29.437967,27.950287,25.876429,21.61558,25.226505,19.512867,23.453072,22.478174,24.255142,26.708633,27.689465,31.859638,30.325745,26.986658,25.504812,21.164612,22.35267,18.954803,22.113,18.193026,23.258661,20.897795,25.725037,29.149376,26.252716,23.409916,22.26409,17.196836,18.282558,14.150357,16.6976
33,24.658276,22.16563,21.032017,16.203531,16.58585,14.509784,14.134594,14.988582,12.8949795,16.953482,15.2119055,14.276636,14.378652,10.498396,10.703861,7.9090085,8.309722,9.996059,9.2861595,13.646198,14.144075,17.206587,18.597702,19.90736,24.964441,26.067577,25.292887,21.780664,17.063614,13.999413,12.4792385,8.409004,6.3477273,0.0,5.2578244,6.3696747,8.476124,9.083699,5.803627,5.3033714,8.966201,10.921467,11.145594,16.152584,15.553548,20.137274,21.754992,25.529398,26.224642,31.620611,31.83842,35.38723,38.113304,39.244205,35.06265,36.430542,31.475176,33.830944,33.718777,31.661797,28.57916,31.251211,27.056562,28.044203,29.695234,26.963486,22.99362,22.801582,25.382708,20.82814,16.526915,19.380959,18.891726,24.16605,24.657404,24.897,29.177418,30.54617,33.323296,36.300797,36.440804,33.26588,32.304195,29.688057,25.294298,28.268734,22.20057,24.805882,23.025219,23.866774,25.866196,25.847805,29.96816,27.793259,25.332798,23.171429,20.117224,20.966095,18.26834,21.440483,18.843052,23.770668,22.562757,27.40531,30.32204,28.376451,25.813421,24.747843,20.635561,22.176329,18.620018,21.562284
34,29.220705,26.592628,24.934643,20.292746,19.977581,17.378353,16.289297,15.604582,12.444318,15.687188,12.274626,11.755311,13.287325,9.455849,11.991764,9.197584,12.108637,13.067677,13.887408,17.494818,17.879553,21.57993,22.159376,22.714481,27.890295,28.908009,27.212261,23.450665,19.271679,16.113361,14.291885,11.157634,4.5254354,5.2578244,0.0,4.2911496,5.6251764,5.178269,5.1469984,7.309034,6.468321,11.273449,10.845643,16.504723,15.539666,20.749352,22.87959,26.646095,28.071644,33.012585,33.981354,37.40288,40.41101,41.646816,37.85402,38.944714,33.724613,35.605858,35.368195,32.81711,29.88035,31.502985,26.937256,27.499464,28.100576,25.674809,21.72969,21.02193,22.75163,17.87514,13.769575,16.516632,17.252638,21.601288,23.461718,23.331772,27.757301,29.691088,32.482853,35.29632,36.03512,33.209576,32.08428,30.038658,25.793375,29.420866,23.69595,27.307507,26.124712,27.481928,29.812086,30.272108,34.446285,32.539333,29.697304,27.81332,24.13219,25.041151,21.89741,24.915478,21.387777,26.35218,24.035597,28.828104,31.808876,29.030443,26.415113,24.5303,20.28639,20.85662,16.860575,18.841911
35,28.574446,26.457327,24.246714,20.096325,20.18554,16.67616,17.019688,15.184436,13.349991,16.03737,13.28903,11.040715,11.7205105,8.074721,10.871342,9.906826,12.458917,14.74079,15.290457,19.615526,20.4151,23.552792,24.858818,25.923931,31.052036,32.03482,30.837395,27.164486,22.478369,19.55902,17.450459,14.251757,8.309306,6.3696747,4.2911496,0.0,4.538154,6.9532795,7.1932096,9.9179945,10.559871,15.236655,14.900483,20.582565,19.419653,24.699118,26.523672,30.380217,31.503569,36.639282,37.336174,40.712425,43.7344,44.71069,40.673847,41.71102,36.58833,38.623676,38.082123,35.88905,33.09026,35.02473,30.502316,31.370228,31.806723,29.744043,25.804735,24.787022,26.597208,21.800674,17.408289,19.570827,20.37615,24.244822,26.105427,25.320494,29.804144,31.755241,34.336823,37.345413,37.95126,35.083508,34.582283,32.448208,28.24171,31.820461,26.194572,29.396593,28.21425,29.0814,31.482689,31.493816,35.656963,33.629505,31.35307,29.063284,25.887293,26.186413,23.241098,25.848122,22.66718,27.3503,25.057085,29.703543,32.123848,29.596006,27.292362,24.798635,21.583206,21.872559,18.33362,20.141636
