,0,1,2,3,4,5,6,7,8,9,10,11,12,13,14,15,16,17,18,19,20,21,22,23,24,25,26,27,28,29,30,31,32,33,34,35,36,37,38,39,40,41,42,43,44,45,46,47,48,49,50,51,52,53,54,55,56,57,58,59,60,61,62,63,64,65,66,67,68,69,70,71,72,73,74,75,76,77,78,79,80,81,82,83,84,85,86,87,88,89,90,91,92,93,94,95,96,97,98,99,100,101,102,103,104,105,106,107,108,109,110
0,0.0,3.9390407,5.319698,9.213151,11.079002,14.006814,16.171577,19.234127,23.483746,25.384336,30.128124,33.80096,36.838375,36.441074,34.25449,30.938932,28.094233,24.333933,22.808096,18.585295,15.669829,14.485958,10.864093,12.128964,8.3425045,11.85764,15.4508095,16.81962,17.60853,19.857115,19.312761,23.415915,22.406502,29.951427,27.42439,31.738766,33.827103,34.398262,33.90702,29.397705,25.274643,29.834167,25.551287,27.917957,25.507795,23.282404,22.579056,22.204987,20.237215,22.638802,26.99663,28.612658,29.366669,31.21143,34.726353,32.06713,34.98686,34.631477,36.727318,41.808716,39.85507,36.49014,38.262726,35.168255,37.799515,34.888996,40.304207,37.204407,40.542988,39.525345,35.56084,39.630436,38.6143,35.473846,39.97474,38.33015,42.65799,43.36988,45.222763,48.243168,46.356762,41.13427,38.635067,35.280712,32.326874,31.03466,26.6146,23.627983,19.003523,17.726572,14.700509,11.902393,13.215298,13.064164,16.821085,16.70906,16.238794,20.048138,19.742083,23.107393,23.73097,25.094467,28.485783,30.270115,32.38013,32.251183,30.991034,27.509771,28.784311,28.937923,28.080753
1,3.9390407,0.0,4.6614437,6.823513,8.354467,11.747185,13.012325,16.833353,20.453878,22.57476,26.998894,30.617947,33.817474,33.062843,30.753016,27.412155,24.564886,20.712954,19.335178,14.938841,12.469451,10.825591,8.355771,9.719192,7.230339,11.050493,14.049689,16.030369,15.713879,17.819498,16.51983,20.63772,18.951736,26.408377,23.636454,27.988392,30.00383,30.495594,30.09026,25.54449,21.490751,26.32404,22.303814,24.77673,22.999432,20.957067,20.666637,20.728691,19.279709,22.080387,26.46539,27.504154,27.927309,29.525913,32.672577,29.62716,32.30147,31.993526,33.805534,38.875004,37.130657,33.768333,36.05184,33.24095,36.18179,33.68651,39.16609,36.627754,39.904503,38.782326,34.465046,38.22357,37.098743,33.610165,38.00761,36.01642,40.30155,40.737274,42.5016,45.370895,43.234135,37.966377,35.708927,32.252613,29.485203,28.425991,23.826204,21.611444,16.80299,16.341555,13.904593,11.71435,13.993304,14.694579,18.700348,17.34169,17.152163,20.236895,19.22452,22.818115,22.64088,24.78931,27.477116,29.898846,32.55196,32.078545,30.467442,27.247242,27.630539,27.95841,26.581652
2,5.319698,4.6614437,0.0,5.0889497,6.4596534,8.861701,11.649215,14.069684,18.672535,20.378057,25.380701,29.059008,31.90565,31.890167,29.910595,26.727617,23.859844,20.34058,18.662815,14.952106,11.775217,12.05075,7.9718556,11.762543,8.391103,13.18952,15.587777,15.892287,15.842048,16.9507,17.105051,19.859327,19.492458,26.451567,23.997572,28.42638,30.40836,31.577608,31.119856,26.681751,22.611124,27.039387,23.048908,24.710001,22.459045,21.430504,20.235826,21.02272,18.364437,21.710442,25.99933,27.499344,27.23274,29.857763,32.579407,29.922266,32.77186,31.744188,33.683224,38.758488,36.40444,32.98553,34.915653,32.032665,34.604267,32.356728,37.22784,34.49051,37.344852,35.83888,31.666912,35.51284,34.15548,30.958105,35.31341,33.593994,37.92819,38.59769,40.649536,43.616478,41.996212,36.73495,34.035618,30.940115,27.768604,26.706123,22.00521,19.167225,14.672756,13.396179,11.064536,8.074068,11.039588,11.091887,15.714288,13.560353,12.779448,15.897031,15.00325,18.636093,19.120968,21.06317,24.279121,26.527756,29.017132,28.212713,26.65434,22.993517,23.803762,23.849003,22.81125
3,9.213151,6.823513,5.0889497,0.0,5.033636,7.000497,7.76047,11.605469,14.745752,17.314415,21.25357,25.657753,28.165655,27.927658,26.129831,22.429735,20.136446,16.348001,15.521398,11.999242,10.156833,10.648076,9.108653,13.322085,11.640558,16.259706,18.03393,18.817444,17.454811,17.872242,17.272497,19.1687,17.899448,24.022598,20.665787,25.443012,26.869238,28.202873,28.256828,23.74362,20.091234,25.197027,22.033747,23.481256,22.4523,22.220442,21.42677,23.024977,20.798943,24.635426,28.835161,29.738483,28.83932,31.370584,33.37168,30.240685,32.651775,31.435785,32.810802,37.808113,35.58574,32.1724,34.91009,32.54282,35.39059,33.94504,38.52228,36.496437,38.96661,37.033337,32.48335,35.800526,34.00063,30.428568,34.4326,32.18403,36.435314,36.604702,38.78418,41.391327,39.619698,34.210163,31.767128,28.833338,25.76772,25.435135,20.083311,18.778225,14.3761,14.193026,13.237063,10.890314,14.914809,15.131864,20.005589,16.554943,15.36034,17.453842,15.565258,19.52739,19.473843,22.500704,25.017853,28.070063,31.081472,29.458729,27.43512,23.593204,23.259964,22.936926,21.096645
4,11.079002,8.354467,6.4596534,5.033636,0.0,3.7060277,5.930163,8.55667,12.889142,14.37851,19.606655,22.784159,25.980946,25.739586,23.614164,20.80789,17.575556,14.324489,12.263078,8.903996,5.668096,7.571208,5.154721,10.528605,9.58259,14.125426,14.802822,14.945044,13.031681,12.93998,12.818948,14.29071,13.8633995,20.228655,17.922832,22.293633,24.313221,25.843584,25.302046,21.013218,17.03806,21.300003,17.794012,18.949377,17.499168,17.618814,16.583225,18.638916,16.359604,20.49195,24.536121,25.228228,23.976387,26.716156,28.469107,25.46917,27.978828,26.573313,28.122473,33.14627,30.785246,27.360308,29.917274,27.512915,30.40515,29.043655,33.66885,31.889704,34.433067,32.657696,27.969034,31.25031,29.677841,25.99334,30.163733,27.992235,32.274567,32.639965,34.618984,37.44675,35.66171,30.358152,27.80519,24.663,21.600094,20.849365,15.857087,14.119029,9.504115,9.795851,9.288127,8.254589,12.472183,13.98486,18.343798,14.09495,14.088445,15.27404,13.035934,16.784616,15.632539,18.99103,20.80549,24.141575,27.530455,26.094616,23.946228,20.98353,20.114504,20.653822,18.79086
5,14.006814,11.747185,8.861701,7.000497,3.7060277,0.0,5.2522173,5.230141,10.619443,11.596068,17.320345,20.495464,23.338737,23.739126,21.967863,19.39501,16.255503,13.56675,11.372753,9.410608,6.430425,10.072123,7.850149,13.6212845,12.627166,17.18229,17.374567,16.520542,14.512669,13.235687,14.216019,13.853977,14.571142,19.79341,17.770481,22.062044,23.89905,26.05372,25.55369,21.531406,17.849298,21.618505,18.545845,18.783514,17.365253,18.698324,17.088442,19.92674,17.00404,21.514769,25.273655,26.065706,24.051052,27.512728,28.613398,25.871805,28.321236,26.25672,27.705858,32.616,29.791029,26.376125,28.847473,26.61553,29.248404,28.44354,32.377907,30.777699,32.796333,30.567001,25.864521,28.959465,27.040068,23.460255,27.454008,25.338678,29.626614,30.04798,32.294685,35.104935,33.734554,28.444653,25.571478,22.839252,19.454948,18.945328,13.723158,12.005344,8.086164,8.197554,8.98947,8.233225,12.858897,14.091675,18.493858,13.187291,12.817458,13.02633,10.227535,14.034726,12.920452,16.712006,18.45212,22.030561,25.543411,23.501724,21.165037,17.968248,16.740404,17.068853,15.104164
6,16.171577,13.012325,11.649215,7.76047,5.930163,5.2522173,0.0,6.235973,7.4547057,10.172343,14.021646,17.987822,20.834919,20.32921,18.428385,15.108509,12.462259,9.01064,8.100086,5.9671316,6.0905695,8.664693,10.025539,14.566189,15.005433,19.044418,19.071321,19.48544,16.430233,15.312803,14.490676,14.114647,12.730893,17.163694,13.777232,18.538233,19.800863,21.814661,21.887001,17.687727,14.489881,19.286201,17.214512,17.712515,18.073574,19.500116,18.918446,21.90353,20.154486,24.572653,28.284708,28.31137,26.24072,28.894865,29.569542,26.149624,28.00375,26.236494,26.978916,31.768448,29.522226,26.190533,29.725397,28.094975,31.204855,30.965336,34.995876,34.15979,36.11737,33.835663,28.814688,31.286186,29.172895,25.094198,28.66204,25.816515,29.90437,29.603172,31.73683,34.07882,32.155678,26.697552,24.473629,21.641085,18.76231,19.126808,13.367064,14.224101,10.576768,12.378423,13.608959,13.239083,17.744047,19.118046,23.559568,18.405046,17.98984,18.003632,14.869523,18.542135,16.693264,21.15888,21.914997,26.09913,29.98882,27.623425,24.979568,22.06714,19.65172,19.833263,16.916603
7,19.234127,16.833353,14.069684,11.605469,8.55667,5.230141,6.235973,0.0,6.867951,6.6188116,13.042801,15.7694025,18.413313,19.349905,17.92295,15.961169,12.8595495,11.33467,9.048568,9.540346,8.071355,12.648125,11.904406,17.340105,17.16783,21.33068,20.686945,19.329195,16.62665,14.023938,15.478123,12.677024,14.265223,17.367605,15.796277,19.725704,21.272125,24.183945,23.73481,20.248888,17.212126,20.204443,18.128134,17.154669,16.556355,19.506916,17.738636,21.578579,18.69524,23.467575,26.69849,27.094011,24.061348,27.953722,27.920862,25.27486,27.335625,24.54292,25.548496,30.178116,27.005743,23.696274,26.495993,24.848923,27.375813,27.664026,30.716864,29.92116,31.229546,28.473879,23.565516,25.96093,23.557833,19.794144,23.33162,20.911259,25.107801,25.308062,27.779736,30.420565,29.344759,24.071712,21.02176,18.777782,15.201463,15.363853,9.768587,9.641347,7.577056,8.862832,11.583061,11.982919,16.335558,17.721523,21.704313,15.501045,15.236353,13.724889,10.115505,13.296047,11.13507,15.9827175,16.475441,20.814955,24.802193,21.893255,19.091347,16.351446,13.434249,13.848331,11.029278
8,23.483746,20.453878,18.672535,14.745752,12.889142,10.619443,7.4547057,6.867951,0.0,4.680036,6.7503204,11.328679,13.454799,13.528587,12.397154,9.410679,7.6384864,6.4230137,6.865188,9.307046,11.154026,14.492681,16.474567,20.930712,21.855652,25.64561,24.858698,24.576498,20.9816,18.493929,18.292173,15.076426,14.570426,15.150665,11.987196,16.141905,16.444054,19.738344,20.211191,16.995794,15.266444,18.902065,18.633219,17.480913,19.239346,22.551632,21.810415,25.836079,24.05702,28.717367,31.809322,31.412836,28.169664,31.272507,30.469826,27.191227,28.386927,25.724545,25.654633,29.874329,27.311018,24.263866,28.372463,27.677351,30.594517,31.812614,34.603664,34.82316,35.806118,32.852535,27.734114,29.114202,26.341324,22.154295,24.732346,21.342281,25.040583,24.11065,26.57609,28.389874,26.816225,21.383108,19.208963,17.324926,14.537631,16.361355,10.475204,14.149775,12.850979,15.327686,18.088013,18.4818,22.94093,24.298765,28.469584,22.359915,21.84444,20.289238,16.591589,19.476202,16.940102,22.14603,21.570082,26.413395,30.683325,27.276215,24.195702,21.77553,17.568523,17.508167,13.593433
9,25.384336,22.57476,20.378057,17.314415,14.37851,11.596068,10.172343,6.6188116,4.680036,0.0,7.6855536,9.205545,12.023863,13.0735655,11.954649,11.134387,8.25245,9.036807,7.481593,11.009681,11.820068,15.980303,17.122366,21.70831,22.628807,26.217823,24.821701,23.645996,20.094402,16.778963,17.70199,12.944081,14.363581,14.023107,12.91573,16.014126,16.94645,20.673622,20.418932,17.845858,16.068901,18.060886,17.749504,15.563466,16.848717,21.14033,19.861382,24.37597,22.287191,26.984028,29.622309,29.22283,25.370424,29.039722,27.658587,24.878002,26.12822,22.825172,22.898232,26.977476,23.840395,20.837154,24.543554,23.970325,26.602259,28.286615,30.493416,31.015902,31.645021,28.55171,23.435862,24.552767,21.714176,17.525368,20.063011,16.769463,20.583578,19.987694,22.54678,24.69623,23.569561,18.251253,15.441817,13.787951,10.500513,12.277084,6.642619,10.762147,11.001,13.593429,17.071388,18.256798,22.306837,24.020355,27.62215,21.1638,21.200434,18.739542,15.002757,17.142189,13.807658,19.18083,17.740501,22.798218,27.25604,23.718018,20.518835,18.967426,13.986605,14.701058,10.809221
10,30.128124,26.998894,25.380701,21.25357,19.606655,17.320345,14.021646,13.042801,6.7503204,7.6855536,0.0,7.18265,7.4891634,7.552714,7.9556746,5.5924706,7.0136514,8.805447,10.768187,14.557126,17.262455,20.224514,22.934885,26.96819,28.363232,31.87318,30.702929,30.434782,26.485802,23.597252,23.22391,18.979374,18.345879,15.722753,12.803925,15.648255,14.518625,18.5834,19.696602,17.714333,17.653816,20.30643,21.726986,19.758186,22.835636,26.924904,26.460033,30.835163,29.440964,34.033676,36.698853,35.83595,32.039036,34.987316,33.142384,29.882833,30.324707,27.34488,26.364796,29.784134,27.415485,24.878365,29.58551,29.844574,32.65228,34.97857,36.887318,38.07618,38.378742,35.085167,30.04837,30.32576,27.175201,23.050287,24.379213,20.4564,23.331062,21.429916,23.977922,24.874931,23.390472,18.26193,16.818737,16.13775,14.299598,17.510204,12.813893,18.27785,18.312216,21.071062,24.271046,24.974272,29.324562,30.702642,34.713326,28.345045,27.812748,25.622787,21.878384,24.122808,21.282467,26.586023,25.00454,30.09212,34.51,30.543964,27.289629,25.46857,20.22493,19.982864,15.727579
11,33.80096,30.617947,29.059008,25.657753,22.784159,20.495464,17.987822,15.7694025,11.328679,9.205545,7.18265,0.0,5.5801,5.3775845,5.118767,8.572632,7.718732,11.813264,11.94711,16.697758,19.050516,22.222404,24.889717,28.390366,30.358969,33.22822,31.146275,30.386265,26.178001,22.68211,22.730001,17.121738,17.68992,12.564024,12.658136,13.2048235,12.754364,17.31692,17.394192,16.856005,17.35435,17.477999,19.763172,16.58076,20.185074,25.19232,24.756838,29.48659,28.544912,32.849346,34.773018,33.38431,28.990162,31.86881,28.945385,26.09032,26.024982,22.54162,21.078924,23.847,21.336502,19.237396,24.112751,25.157234,27.849012,31.094015,32.337067,34.535908,34.494892,31.373718,26.38191,25.733158,22.81414,18.56004,19.175638,14.831061,17.182579,14.840013,17.028275,17.900148,16.256664,11.119545,9.852515,9.743404,8.935464,12.886141,10.425101,16.937654,18.464783,21.699566,25.367395,27.09681,30.877272,32.96386,36.22408,29.755417,30.147923,27.222328,23.581871,24.973879,20.95554,26.184832,23.045868,28.319803,33.018208,29.265152,25.966587,25.834297,19.749063,20.793638,16.890625
12,36.838375,33.817474,31.90565,28.165655,25.980946,23.338737,20.834919,18.413313,13.454799,12.023863,7.4891634,5.5801,0.0,5.507416,8.306614,10.301413,11.747331,15.220066,16.268581,20.762348,23.100595,26.429396,28.824354,32.81796,34.346043,37.633816,35.891052,34.96906,30.994606,27.446365,27.78176,22.245613,22.842604,18.000551,17.195347,18.054962,16.651627,21.202482,21.978569,21.49336,22.247183,22.917074,25.22506,22.133198,25.443262,30.49442,29.78831,34.566902,33.148487,37.61568,39.611347,38.514343,33.983757,37.227192,34.235672,31.572641,31.509916,27.862062,26.341423,28.73562,26.072157,24.219757,28.730526,29.875046,32.14773,35.65683,36.218407,38.36217,37.748524,34.124893,29.467228,28.517956,25.097248,21.466528,21.27237,17.259808,18.974293,16.34072,19.072586,19.141806,18.547995,14.314719,13.15369,14.488752,13.582934,17.5413,15.009481,20.878849,22.50582,25.216518,28.929554,30.191216,34.17853,35.715637,39.214386,32.566208,32.324352,29.23785,25.627151,26.885195,23.677156,28.72644,26.007166,31.054026,35.471413,31.097467,27.824146,27.118095,21.059547,21.111359,17.188414
13,36.441074,33.062843,31.890167,27.927658,25.739586,23.739126,20.32921,19.349905,13.528587,13.0735655,7.552714,5.3775845,5.507416,0.0,3.7690337,6.7918253,9.012905,12.812854,14.604061,19.015581,22.227713,24.70903,28.208153,31.404705,33.61664,36.462532,34.61733,34.514603,30.106062,27.020407,26.218433,21.356403,20.513638,14.859948,13.450951,13.804048,11.641103,16.088703,17.291843,17.171806,18.74736,19.597914,22.70396,20.105663,24.499361,29.023554,29.11049,33.61612,33.07383,37.3416,39.428894,37.817135,33.685272,35.99869,33.09786,29.862951,29.365383,26.406885,24.40444,26.750807,25.045835,23.25381,28.6087,29.936445,32.798836,36.08866,37.454823,39.819195,39.7992,36.6803,31.726952,30.893213,27.939909,23.794626,24.003738,19.61311,21.338581,18.337284,20.218908,20.064,17.959375,13.463342,13.720679,13.936803,14.020973,17.973495,15.356143,21.948154,22.873636,26.199226,29.648903,31.029531,35.07538,36.985218,40.58813,34.182007,34.238594,31.631006,27.91227,29.624554,25.9316,31.225676,28.352797,33.619545,38.282455,34.40237,31.095398,30.53486,24.562162,25.046806,20.959406
14,34.25449,30.753016,29.910595,26.129831,23.614164,21.967863,18.428385,17.92295,12.397154,11.954649,7.9556746,5.118767,8.306614,3.7690337,0.0,5.609939,6.197258,10.340071,11.814292,16.212715,19.60152,21.764744,25.608547,28.367115,30.913889,33.454865,31.455008,31.625626,27.05467,24.171343,22.935635,18.359734,17.04006,11.192314,9.903113,10.091275,8.3491,12.916558,13.780204,13.537518,15.109311,15.875597,19.086449,16.690485,21.425865,25.684195,26.08941,30.44643,30.313534,34.437164,36.54214,34.72711,30.829226,32.752426,30.03432,26.554756,26.03228,23.38615,21.401537,24.052858,22.646334,20.68187,26.314516,27.509228,30.693777,33.66633,35.60788,37.91611,38.34288,35.589977,30.45924,29.911453,27.31632,22.85275,23.62371,19.160872,21.252914,18.515783,20.002708,20.33785,17.514666,12.560926,12.956942,12.0053,12.288901,15.933158,13.259091,20.009512,20.606041,24.242773,27.535126,29.125225,33.04844,35.271885,38.76518,32.56186,32.96751,30.58681,26.88355,28.755608,24.69174,30.037388,27.070862,32.40497,37.188747,33.738308,30.453123,30.111877,24.276382,25.238178,21.190176
15,30.938932,27.412155,26.727617,22.429735,20.80789,19.39501,15.108509,15.961169,9.410679,11.134387,5.5924706,8.572632,10.301413,6.7918253,5.609939,0.0,5.0455117,7.027805,10.31811,13.837985,17.682816,19.45582,23.550936,26.524479,28.759298,31.683529,30.36957,31.034346,26.620796,24.277664,22.584867,19.175293,16.793386,13.3087435,9.215419,11.808252,9.741508,13.497122,15.26121,13.496648,14.490794,17.545792,19.902185,18.558285,22.830965,26.304855,26.753841,30.78979,30.41804,34.717716,37.396633,35.946354,32.559032,34.47681,32.660065,28.850382,28.77984,26.554886,25.051504,28.307175,26.932495,24.56102,30.027073,30.57033,33.8877,36.112087,38.660706,40.201756,40.97298,38.151585,32.922985,33.09784,30.36612,25.882042,27.274519,23.015747,25.648306,23.295033,25.136953,25.698233,23.088848,18.014519,17.820015,16.422518,15.691894,18.871256,14.590987,20.661232,20.108877,23.48778,26.359528,27.24655,31.535336,33.328987,37.337418,31.30854,31.154873,29.409742,25.67186,28.173155,24.824707,30.222782,28.308727,33.541996,38.16403,34.666775,31.41308,29.984098,24.762438,25.018862,20.808962
16,28.094233,24.564886,23.859844,20.136446,17.575556,16.255503,12.462259,12.8595495,7.6384864,8.25245,7.0136514,7.718732,11.747331,9.012905,6.197258,5.0455117,0.0,4.42929,5.8415546,10.07558,13.619784,15.720032,19.61824,22.481243,24.894026,27.5977,25.924997,26.35801,21.863113,19.383972,17.832926,14.142431,12.143468,9.144391,5.9388957,9.032764,8.958697,12.7052,13.191104,10.916427,10.840504,13.466097,15.237112,13.732072,17.791197,21.364649,21.746634,25.852472,25.56479,29.802683,32.39408,30.909214,27.532804,29.501417,27.819956,24.051163,24.260538,21.976225,20.86873,24.586447,22.985256,20.331097,25.63458,25.880716,29.324646,31.252916,34.15676,35.564014,36.65268,34.13826,28.814058,29.303751,26.920527,22.245264,24.241205,20.115849,23.193224,21.39287,23.04295,24.343332,21.6012,16.196827,15.450665,13.070902,11.9863825,14.582376,10.165149,16.222044,15.640822,19.321278,22.228752,23.582756,27.60756,29.82928,33.50672,27.56929,27.966763,26.171564,22.500366,24.91183,21.043186,26.41766,24.269789,29.517527,34.23353,31.178339,27.97894,27.033857,21.910172,22.891119,18.909304
17,24.333933,20.712954,20.34058,16.348001,14.324489,13.56675,9.01064,11.33467,6.4230137,9.036807,8.805447,11.813264,15.220066,12.812854,10.340071,7.027805,4.42929,0.0,4.456101,6.858567,10.966028,12.444289,16.72181,19.545816,21.811665,24.70032,23.585716,24.57046,20.245296,18.473679,16.339346,14.215535,11.0825815,11.113504,6.1587725,10.937787,11.144015,13.737909,14.485293,10.942805,9.782591,14.380111,15.039618,14.7599535,18.132467,20.67154,21.197042,24.816196,24.492266,28.731298,31.789373,30.579073,27.830162,29.608551,28.834923,24.839895,25.463505,23.714157,23.09367,27.242577,25.786316,22.881065,27.900248,27.552238,31.114319,32.240616,35.809948,36.54001,38.08117,35.728622,30.388891,31.545158,29.282068,24.647345,27.219517,23.376148,26.799057,25.357529,27.073948,28.609758,25.86673,20.440802,19.464136,16.723944,15.164993,17.00582,11.81192,16.559784,14.6828985,18.12533,20.430489,21.252842,25.4529,27.473848,31.470486,25.896736,26.040976,24.97214,21.4042,24.36185,21.032665,26.262022,25.015785,30.034958,34.566975,31.770952,28.700844,27.050146,22.702389,23.365364,19.516783
18,22.808096,19.335178,18.662815,15.521398,12.263078,11.372753,8.100086,9.048568,6.865188,7.481593,10.768187,11.94711,16.268581,14.604061,11.814292,10.31811,5.8415546,4.456101,0.0,4.7885323,7.8203635,10.303878,13.821355,16.834099,19.109709,21.879293,20.30844,20.716711,16.347532,14.1798725,12.626347,9.845956,7.8736563,9.280683,6.791121,10.890783,12.632243,15.20524,14.748477,11.270665,8.816845,12.306217,11.881732,11.257024,13.869018,16.734247,16.907532,20.768744,20.270975,24.555437,27.491768,26.35846,23.464521,25.574984,24.874771,21.11044,22.135773,20.13474,20.051254,24.538082,22.670626,19.544468,24.118912,23.432436,26.972404,27.864191,31.591524,32.16965,33.887226,31.74497,26.391703,27.823664,25.852528,21.197155,24.245031,20.701448,24.417364,23.544676,25.152575,27.265175,24.7009,19.266579,17.709078,14.458394,12.447553,13.451339,8.232317,12.441446,10.588625,14.345685,16.827549,18.241804,22.13535,24.582941,28.176243,22.580519,23.298498,22.009653,18.54358,21.26688,17.444357,22.59419,21.107374,26.093138,30.68147,28.242338,25.247295,24.117804,19.89352,21.229437,17.742388
19,18.585295,14.938841,14.952106,11.999242,8.903996,9.410608,5.9671316,9.540346,9.307046,11.009681,14.557126,16.697758,20.762348,19.015581,16.212715,13.837985,10.07558,6.858567,4.7885323,0.0,4.694715,5.75395,10.131019,12.723543,15.080055,17.85442,16.852013,18.105711,13.958638,13.037487,10.469077,10.541738,7.126648,12.145643,9.072618,13.541577,15.52125,16.968317,16.518417,12.248443,8.640301,13.583372,11.699156,12.782664,14.314012,15.451932,15.960075,18.9445,18.658932,22.73487,26.165403,25.280163,23.330496,24.972105,25.418665,21.482021,22.94204,21.741777,22.19053,26.973095,25.428936,22.188595,26.330393,25.021593,28.66319,28.543898,33.09749,32.952995,35.284737,33.528374,28.27912,30.39106,28.749151,24.246384,27.802626,24.61709,28.5141,27.962103,29.466198,31.77462,29.086557,23.729265,22.177753,18.639868,16.577005,16.754604,11.7306385,13.8147135,10.3321705,13.607495,14.989635,15.908354,19.742628,22.17747,25.935356,21.056885,21.769636,21.476564,18.3688,21.564035,18.336185,22.998392,22.462269,26.988245,31.28682,29.414982,26.685812,25.070974,21.905018,23.101324,20.023495
20,15.669829,12.469451,11.775217,10.156833,5.668096,6.430425,6.0905695,8.071355,11.154026,11.820068,17.262455,19.050516,23.100595,22.227713,19.60152,17.682816,13.619784,10.966028,7.8203635,4.694715,0.0,4.9063888,6.0096436,9.949899,11.3993845,14.652891,13.724366,14.083196,10.497966,9.598588,8.500196,9.199083,8.338522,14.729805,13.203778,17.109852,19.608253,21.144081,20.148228,16.109982,12.022427,15.70247,12.354579,13.357107,12.705323,13.471074,13.0282345,15.883494,14.6781025,18.94119,22.585703,22.344711,20.572361,22.897501,23.969141,20.594131,22.780672,21.378004,22.654057,27.657621,25.566277,22.173222,25.293037,23.292025,26.619608,25.807993,30.550106,29.677778,32.244095,30.646881,25.595943,28.349268,26.956745,22.79562,26.864918,24.306189,28.461292,28.5915,30.19049,32.98116,30.771389,25.53114,23.325396,19.788456,17.156475,16.366526,11.667287,11.236297,6.795762,9.445142,10.353904,11.446394,15.0972,17.743258,21.30436,16.567944,17.637571,17.585466,14.84007,18.016403,15.065328,19.214222,19.336195,23.410475,27.455654,26.020638,23.552372,21.889389,19.620539,21.065536,18.676506
21,14.485958,10.825591,12.05075,10.648076,7.571208,10.072123,8.664693,12.648125,14.492681,15.980303,20.224514,22.222404,26.429396,24.70903,21.764744,19.45582,15.720032,12.444289,10.303878,5.75395,4.9063888,0.0,6.349032,7.2156816,10.089782,12.376102,11.882728,14.2593565,10.642971,11.629593,8.082986,11.757401,8.277536,15.783384,13.566753,17.435709,19.945467,20.414228,19.523384,15.150158,10.86664,15.545312,11.99248,14.580228,14.515983,13.382449,14.266937,15.844542,16.040419,19.521603,23.357523,22.736254,22.030777,23.023209,24.835833,20.982796,22.985264,22.67985,23.837528,28.815073,27.56516,24.299349,27.695026,25.694849,29.343517,28.018293,33.48019,32.570393,35.652184,34.53127,29.534464,32.32907,31.253033,27.007725,31.07873,28.384464,32.405064,32.315975,33.580036,36.22118,33.44451,28.277693,26.662415,22.789127,20.756319,19.959732,15.705626,15.659656,11.191401,13.539483,13.33855,14.006617,17.089025,19.788965,23.237225,19.60891,20.757168,21.528303,19.143612,22.416506,19.669811,23.429735,23.656567,27.47458,31.36593,30.42006,28.10683,26.481335,24.49727,25.900595,23.489943
22,10.864093,8.355771,7.9718556,9.108653,5.154721,7.850149,10.025539,11.904406,16.474567,17.122366,22.934885,24.889717,28.824354,28.208153,25.608547,23.550936,19.61824,16.72181,13.821355,10.131019,6.0096436,6.349032,0.0,5.9618444,5.5246787,9.4772,9.68251,10.13769,8.371519,9.569496,9.163879,12.557033,12.389409,19.89933,18.737724,22.428177,25.176746,26.18479,24.96833,20.864601,16.471642,19.868498,15.41563,17.237598,14.798968,13.548676,12.725223,13.9184475,12.208413,15.908838,20.082329,20.692358,20.185444,22.3836,24.86581,21.993208,24.809826,23.983656,26.00082,31.087723,29.014374,25.640562,27.714489,24.93684,27.948095,25.824738,31.206482,29.225403,32.429058,31.374641,26.802116,30.36039,29.46452,25.829493,30.327042,28.427929,32.67617,33.338825,34.862617,37.971012,35.92529,30.861456,28.441626,24.838867,22.107166,20.533464,16.606115,13.90944,9.083279,9.434538,7.77569,8.088251,10.779809,13.584618,16.894361,13.67326,15.110473,16.475187,14.851144,18.000605,16.177132,18.898512,20.338211,23.307255,26.6409,26.190022,24.313398,22.388092,21.796356,23.21601,21.746908
23,12.128964,9.719192,11.762543,13.322085,10.528605,13.6212845,14.566189,17.340105,20.930712,21.70831,26.96819,28.390366,32.81796,31.404705,28.367115,26.524479,22.481243,19.545816,16.834099,12.723543,9.949899,7.2156816,5.9618444,0.0,4.949809,5.2267146,5.3613815,9.171837,7.516169,11.03538,8.264602,14.369398,12.689306,20.867504,20.026125,23.108074,26.189686,26.199364,24.668076,20.702187,16.290733,19.422052,14.551963,17.71111,15.465379,11.913246,12.673888,11.961023,12.583202,14.807683,18.953325,18.930923,19.85888,20.303644,23.76148,20.603008,23.331154,23.770458,25.861814,30.840704,29.656515,26.49059,28.582174,25.763329,29.104168,26.314533,32.589817,30.70578,34.596294,34.31904,29.863478,33.380024,33.057274,29.333965,33.86858,31.915588,35.98188,36.553417,37.556946,40.646046,38.014847,33.17847,31.320662,27.274584,25.216219,23.35964,20.249813,18.001562,13.523489,14.392558,12.361115,13.07706,14.23166,17.395676,19.735392,18.067451,20.07249,21.773882,20.493702,23.327253,21.113373,23.448225,24.372631,27.078411,30.303314,30.628172,28.938562,27.700119,27.072279,28.877386,27.37014
24,8.3425045,7.230339,8.391103,11.640558,9.58259,12.627166,15.005433,17.16783,21.855652,22.628807,28.363232,30.358969,34.346043,33.61664,30.913889,28.759298,24.894026,21.811665,19.109709,15.080055,11.3993845,10.089782,5.5246787,4.949809,0.0,4.9851236,7.3823037,8.944373,9.493904,12.504176,11.893022,16.84249,16.458347,24.443504,23.407545,26.889494,29.788311,30.242386,28.896914,24.802652,20.357565,23.59867,18.691664,21.201555,18.113564,15.19136,14.652507,13.9060335,12.652146,14.960913,19.346897,20.474463,21.402546,22.881302,26.545208,24.002052,27.07674,26.980114,29.375446,34.406868,32.633465,29.374565,30.841684,27.649109,30.47878,27.336794,33.279488,30.576017,34.3588,33.912544,29.795147,33.7763,33.34067,30.042967,34.722862,33.17511,37.396767,38.30283,39.65078,42.90449,40.780678,35.86266,33.503967,29.764334,27.177502,25.215698,21.83218,18.43969,13.8919,13.308452,10.220514,9.787447,10.403086,13.01975,15.52315,14.644325,16.326904,18.844141,18.203848,21.05996,19.98451,21.546072,23.660078,25.707191,28.366417,28.83411,27.464424,25.566368,26.019503,27.434233,26.479216
25,11.85764,11.050493,13.18952,16.259706,14.125426,17.18229,19.044418,21.33068,25.64561,26.217823,31.87318,33.22822,37.633816,36.462532,33.454865,31.683529,27.5977,24.70032,21.879293,17.85442,14.652891,12.376102,9.4772,5.2267146,4.9851236,0.0,4.395318,8.2764,9.463497,13.658622,12.162351,18.29361,17.510653,25.638548,25.19445,28.066109,31.289225,31.151686,29.440838,25.644,21.273096,23.84079,18.685144,21.820417,18.593172,14.208171,14.548939,12.200773,12.69901,13.491693,17.648882,18.394955,20.544102,20.735647,25.201567,22.746948,25.815283,26.588274,29.15251,34.01029,32.80298,29.7558,30.965277,27.687397,30.628082,26.899504,33.460888,30.792206,35.11384,35.353817,31.418999,35.37685,35.465034,32.192165,36.912266,35.44755,39.51271,40.468674,41.399635,44.712433,42.25811,37.6002,35.5652,31.547419,29.415064,27.117342,24.506598,21.200945,16.994253,16.818773,13.801974,14.158098,13.675147,16.674437,17.999155,18.188042,20.49664,22.892101,22.446035,24.923603,23.375488,24.622263,26.195194,27.979822,30.531895,31.688974,30.494223,29.34277,29.714653,31.573122,30.652023
26,15.4508095,14.049689,15.587777,18.03393,14.802822,17.374567,19.071321,20.686945,24.858698,24.821701,30.702929,31.146275,35.891052,34.61733,31.455008,30.36957,25.924997,23.585716,20.30844,16.852013,13.724366,11.882728,9.68251,5.3613815,7.3823037,4.395318,0.0,5.8000383,5.9938912,10.535123,8.933974,15.181725,14.927147,22.77639,23.282452,25.54218,29.110025,29.019644,26.86476,23.473034,19.144257,20.656355,15.305382,18.341097,14.824302,9.992233,10.661236,8.025255,9.719301,10.4328375,14.406294,14.480506,16.533127,16.444916,20.83278,18.39777,21.532461,22.392094,25.079008,29.861464,28.738909,25.792583,26.886078,23.66584,26.754982,23.113674,29.85683,27.657,32.065296,32.521317,28.494854,32.218483,32.563923,29.22268,33.890785,32.453896,36.369522,37.373756,38.031044,41.40059,38.865845,34.443367,32.526268,28.410057,26.561302,23.992815,22.112629,18.911728,15.207984,15.636604,13.282208,14.838307,14.400736,18.146826,19.073095,18.447502,21.380383,22.908531,22.196613,24.321136,21.89866,23.356054,23.994278,26.018784,28.918156,30.16869,28.864105,28.54219,28.321198,30.704054,29.693861
27,16.81962,16.030369,15.892287,18.817444,14.945044,16.520542,19.48544,19.329195,24.576498,23.645996,30.434782,30.386265,34.96906,34.514603,31.625626,31.034346,26.35801,24.57046,20.716711,18.105711,14.083196,14.2593565,10.13769,9.171837,8.944373,8.2764,5.8000383,0.0,4.9817,8.010885,10.023961,14.033174,16.306026,23.44697,24.779663,26.910551,30.606318,31.288452,28.916708,25.78032,21.433538,22.03518,16.627737,18.32076,13.284857,9.950658,8.168887,6.2493606,4.527153,6.0732923,10.444812,11.87449,13.113043,15.109056,19.153133,17.8122,21.450842,21.230019,24.438503,29.178682,27.13076,24.156652,24.170113,20.473194,22.91938,18.972925,25.338068,22.525534,26.857382,27.299421,23.592037,27.6997,28.217518,25.403524,30.214476,29.411674,33.350513,34.90718,35.727028,39.40352,37.545456,33.3032,30.790592,27.03236,24.77026,21.708242,20.437397,15.759217,12.879477,12.260012,9.783602,12.183564,10.721872,14.9500475,14.992138,14.200073,17.848278,18.838078,18.613277,20.029932,17.741892,18.35588,19.186049,20.606915,23.260822,24.88821,23.876953,24.02887,24.372087,27.057291,26.68648
28,17.60853,15.713879,15.842048,17.454811,13.031681,14.512669,16.430233,16.62665,20.9816,20.094402,26.485802,26.178001,30.994606,30.106062,27.05467,26.620796,21.863113,20.245296,16.347532,13.958638,10.497966,10.642971,8.371519,7.516169,9.493904,9.463497,5.9938912,4.9817,0.0,4.5639215,5.078568,9.648032,11.362222,18.546482,19.944815,21.943823,25.67214,26.339281,23.951666,20.853216,16.550467,17.133135,11.75665,13.622232,9.315742,6.1324563,5.3060846,5.640711,5.9839044,8.988108,12.714644,12.496144,12.482428,14.063847,17.118525,14.734067,18.044542,17.76271,20.53752,25.463938,23.663433,20.554243,21.669817,18.519691,21.684137,18.821192,25.104162,23.453783,27.399399,27.422758,23.052677,26.549229,26.731604,23.264189,27.90898,26.47892,30.403534,31.50627,32.241302,35.70362,33.4628,29.07279,26.878515,22.895895,20.88869,18.127872,16.618649,13.205311,10.079867,11.116097,10.008583,12.850105,13.1571665,17.348799,18.480297,16.020187,19.256342,19.562069,18.369028,20.171005,16.86223,18.875376,18.620792,21.252504,24.739613,25.481298,23.875282,24.106224,23.150454,25.920914,24.830708
29,19.857115,17.819498,16.9507,17.872242,12.93998,13.235687,15.312803,14.023938,18.493929,16.778963,23.597252,22.68211,27.446365,27.020407,24.171343,24.277664,19.383972,18.473679,14.1798725,13.037487,9.598588,11.629593,9.569496,11.03538,12.504176,13.658622,10.535123,8.010885,4.5639215,0.0,5.9141827,6.2162957,10.434296,16.316185,18.39053,20.184132,23.882023,25.267403,22.82554,20.044765,16.005728,15.850119,11.018501,11.267783,6.284025,6.735033,3.873208,7.768653,6.2233953,10.488572,13.449725,13.192697,11.124586,14.349055,15.859875,13.745992,16.978888,15.434132,18.168283,23.116589,20.580587,17.325893,18.440113,15.429576,18.530243,16.615822,22.140697,20.983112,24.33085,23.829088,19.138681,22.420177,22.346289,18.759966,23.400938,21.989614,25.967163,27.18416,28.078207,31.626303,29.74533,25.366234,22.825392,19.067307,16.785051,13.853241,12.654899,8.849883,6.6892667,8.362421,8.911847,12.49818,13.441575,17.5445,18.828758,14.9793415,18.211,17.410126,15.800456,17.236418,13.147682,15.736936,14.627843,17.891325,21.878323,22.035522,20.138594,20.806072,19.171392,22.248043,21.116848
30,19.312761,16.51983,17.105051,17.272497,12.818948,14.216019,14.490676,15.478123,18.292173,17.70199,23.22391,22.730001,27.78176,26.218433,22.935635,22.584867,17.832926,16.339346,12.626347,10.469077,8.500196,8.082986,9.163879,8.264602,11.893022,12.162351,8.933974,10.023961,5.078568,5.9141827,0.0,6.9794016,6.4487104,13.940385,15.198655,17.05385,20.796171,21.280909,18.922503,15.791367,11.529486,12.363611,7.085776,9.665193,7.6018963,5.333155,6.8842163,8.783204,10.454889,13.460887,16.583204,15.174012,14.341928,15.016631,16.868603,13.274202,15.816405,15.702331,17.671875,22.69911,21.43023,18.277145,20.833414,18.531244,22.324614,20.636862,26.614542,26.073687,29.594694,29.260843,24.422703,27.164465,26.982124,22.907074,27.184088,25.010548,28.814917,29.289396,29.89453,33.00483,30.226877,25.6716,24.017626,19.778408,18.238531,16.110008,14.212572,13.011502,9.913354,12.632835,12.770479,15.408787,16.962723,20.859556,22.761513,19.377296,22.052828,21.923975,19.93249,22.084465,18.114206,21.297298,20.164385,23.746727,27.785736,27.743093,25.651348,25.837198,23.673409,26.345062,24.478148
31,23.415915,20.63772,19.859327,19.1687,14.29071,13.853977,14.114647,12.677024,15.076426,12.944081,18.979374,17.121738,22.245613,21.356403,18.359734,19.175293,14.142431,14.215535,9.845956,10.541738,9.199083,11.757401,12.557033,14.369398,16.84249,18.29361,15.181725,14.033174,9.648032,6.2162957,6.9794016,0.0,6.733979,10.387984,13.257059,14.493515,18.179998,20.014006,17.551857,15.231048,11.838446,10.8858795,7.4887433,5.932301,4.193729,8.475917,7.764268,12.365993,12.202703,16.095398,18.308636,16.915451,13.63357,16.24796,15.678292,12.621475,14.745579,12.430025,14.053406,19.060175,16.603106,13.1960945,16.183722,14.507877,18.20946,18.27896,22.836554,23.279085,25.75974,24.647434,19.429653,21.460918,20.807932,16.413445,20.45894,18.066225,21.904854,22.40223,23.21476,26.425375,24.125237,19.517965,17.354807,13.326191,11.431675,9.166247,7.8466773,7.763023,7.0995197,10.87611,13.140681,16.361372,18.504765,22.173067,24.138294,19.243,21.760948,20.11861,17.554188,19.086752,14.095369,18.136154,15.543255,20.02743,24.647522,23.674156,21.15256,22.040108,18.58877,21.659004,19.574121
32,22.406502,18.951736,19.492458,17.899448,13.8633995,14.571142,12.730893,14.265223,14.570426,14.363581,18.345879,17.68992,22.842604,20.513638,17.04006,16.793386,12.143468,11.0825815,7.8736563,7.126648,8.338522,8.277536,12.389409,12.689306,16.458347,17.510653,14.927147,16.306026,11.362222,10.434296,6.4487104,6.733979,0.0,8.184046,8.815669,10.789967,14.37487,15.100435,13.042154,9.702982,5.5758543,7.555167,4.573146,6.665361,9.169943,10.028973,11.80982,14.780819,16.212473,19.57729,22.301657,20.365152,18.458826,19.003721,19.092525,14.7680855,15.965492,15.403472,15.903768,20.764072,19.879215,16.785294,21.093779,19.997082,24.092161,23.970625,29.04023,29.60397,32.35611,31.369308,26.140831,27.927782,27.095587,22.478361,26.067282,22.986938,26.564104,26.163149,26.800262,29.336155,26.070074,21.217703,20.20816,15.931579,14.93247,14.15531,11.473301,13.563102,11.182595,15.079568,16.502258,18.77289,21.47627,24.902105,27.570744,23.134684,25.072096,24.33943,21.543058,23.939587,19.553934,23.869371,21.975798,26.466251,30.98137,29.889803,27.283604,27.269522,23.767357,26.10712,23.35287
33,29.951427,26.408377,26.451567,24.022598,20.228655,19.79341,17.163694,17.367605,15.150665,14.023107,15.722753,12.564024,18.000551,14.859948,11.192314,13.3087435,9.144391,11.113504,9.280683,12.145643,14.729805,15.783384,19.89933,20.867504,24.443504,25.638548,22.77639,23.44697,18.546482,16.316185,13.940385,10.387984,8.184046,0.0,6.3651996,4.463216,8.399944,10.439672,7.977857,7.322613,7.3237596,4.919098,8.378812,6.3654265,12.30149,15.630405,17.112272,20.883879,22.247116,25.594995,27.426298,24.890348,21.724554,22.341179,20.130741,16.01949,15.542879,13.978773,12.467052,16.349808,15.81839,13.334126,19.220783,19.836903,23.866146,25.705658,29.326591,31.462643,33.21385,31.784029,26.513092,26.796974,25.606491,20.788801,23.074827,19.21607,21.95588,20.548254,20.77415,22.591064,18.717491,13.970502,14.176765,10.10094,10.910911,11.833085,10.707798,15.93662,15.819629,20.016338,22.591734,25.093937,28.068409,31.344198,33.99683,28.74438,30.479572,28.672457,25.44536,27.284124,22.296926,27.12561,23.790812,28.835766,33.704937,31.827532,28.885317,29.62957,24.667917,27.085331,23.807251
34,27.42439,23.636454,23.997572,20.665787,17.922832,17.770481,13.777232,15.796277,11.987196,12.91573,12.803925,12.658136,17.195347,13.450951,9.903113,9.215419,5.9388957,6.1587725,6.791121,9.072618,13.203778,13.566753,18.737724,20.026125,23.407545,25.19445,23.282452,24.779663,19.944815,18.39053,15.198655,13.257059,8.815669,6.3651996,0.0,5.0984178,6.4786615,8.4193125,8.409791,5.115659,5.41092,9.092736,11.396005,11.33042,16.303732,18.600264,20.126944,23.535358,24.5138,28.20625,30.797081,28.733698,26.125032,26.792316,25.563108,21.188158,21.078016,19.994759,18.751732,22.608305,22.143343,19.559202,25.224699,25.397417,29.359615,30.697847,34.580387,36.035522,37.857025,36.06389,30.684277,31.407322,29.699596,24.859264,27.254395,23.224947,26.227867,24.524353,25.39521,26.796545,23.120962,18.035242,18.12948,14.729625,14.564242,16.17377,12.689075,17.986618,16.570784,20.59925,22.841429,24.436937,28.075405,30.799192,34.234238,28.972105,29.923096,28.723103,25.29114,27.872616,23.674116,28.794933,26.559507,31.657936,36.41028,34.134735,31.096489,30.552952,25.868176,27.370188,23.671757
35,31.738766,27.988392,28.42638,25.443012,22.293633,22.062044,18.538233,19.725704,16.141905,16.014126,15.648255,13.2048235,18.054962,13.804048,10.091275,11.808252,9.032764,10.937787,10.890783,13.541577,17.109852,17.435709,22.428177,23.108074,26.889494,28.066109,25.54218,26.910551,21.943823,20.184132,17.05385,14.493515,10.789967,4.463216,5.0984178,0.0,4.3070965,6.076186,4.497187,4.6837764,7.3319035,6.8905773,11.360512,10.534222,16.54904,19.1807,21.094645,24.5132,26.158264,29.446661,31.436422,28.769508,25.938753,26.004553,23.898254,19.562796,18.577961,17.683155,15.578152,18.740244,19.053253,17.01594,23.16968,24.087845,28.12641,30.055336,33.647396,35.91261,37.605957,36.08226,30.811272,30.885479,29.497746,24.685184,26.562925,22.43589,24.82692,22.80717,22.973444,24.076532,19.758947,15.2328205,16.38852,12.964078,14.204529,15.869178,14.214774,19.887466,19.371262,23.56252,26.003035,28.121653,31.388577,34.463356,37.460003,32.217342,33.609005,32.02224,28.649355,30.776245,26.043898,31.049612,27.934458,33.056385,37.928303,35.82234,32.79548,33.135796,28.036888,30.024506,26.421446
