,0,1,2,3,4,5,6,7,8,9,10,11,12,13,14,15,16,17,18,19,20,21,22,23,24,25,26,27,28,29,30,31,32,33,34,35,36,37,38,39,40,41,42,43,44,45,46,47,48,49,50,51,52,53,54,55,56,57,58,59,60,61,62,63,64,65,66,67,68,69,70,71,72,73,74,75,76,77,78,79,80,81,82,83,84,85,86,87,88,89,90,91,92,93,94,95,96,97,98,99,100,101,102,103,104,105,106,107,108,109
0,0.0,4.3833942,7.2675624,9.958997,12.490462,13.605955,17.279793,19.940962,23.79912,26.762531,28.616318,34.41643,34.129147,30.602264,33.550285,29.966654,29.633873,29.422861,29.021103,29.78306,28.023079,31.517553,29.849743,26.248167,26.911737,23.696493,25.166605,24.454443,24.32436,26.467085,25.566387,32.463737,30.61074,36.165653,35.54952,37.376316,36.68112,33.47854,31.289629,28.948652,25.67616,23.479013,20.59178,17.471725,15.998046,18.825138,13.865969,17.047575,18.313751,22.779886,24.300547,28.262115,31.033316,33.160736,35.48366,35.633762,36.42386,35.175373,32.20414,33.745136,30.701555,25.708448,24.853456,22.258495,20.00013,23.119251,26.001308,27.23363,30.034166,30.080294,30.250847,30.122303,31.68714,29.740528,34.115345,33.88544,36.9729,41.448483,39.82858,45.118824,44.440292,45.877396,45.00696,41.30543,40.140694,36.541,39.055695,33.37445,33.45949,34.539375,33.854477,35.662,38.490734,37.81201,38.762146,35.290966,38.16525,35.0371,35.779926,36.21778,33.74412,35.963146,36.68745,35.49238,33.746582,31.743952,28.653042,28.592707,24.54799,26.170767
1,4.3833942,0.0,4.14328,6.073466,9.10608,9.480596,13.648653,16.10111,19.798569,22.888683,24.519547,30.305164,30.233572,26.820162,30.115862,26.721035,26.829742,26.90408,27.247894,28.159885,27.12557,30.712122,29.611362,25.836817,26.07005,22.822182,23.370708,22.40305,21.56784,23.91581,22.183641,29.491066,27.345331,32.718597,32.265705,34.327045,34.017582,30.853828,28.866446,26.612362,22.991955,21.565287,17.8422,15.518001,14.698625,16.630507,13.132092,16.163927,18.480305,22.259449,24.571243,27.80043,30.97823,33.56974,35.227688,35.01665,35.60436,33.878323,30.855286,31.892735,29.122202,23.623354,23.695415,20.773996,19.107471,23.261757,25.862925,27.918402,30.213362,29.8001,29.784454,29.093218,30.092064,27.619392,31.8509,31.18853,34.074776,38.368835,36.437527,41.743782,40.752857,42.192142,41.490128,37.94622,37.08244,33.63098,36.47982,31.084099,31.572327,33.0302,32.78454,34.940166,37.83244,36.776146,37.471893,33.793995,36.33277,32.904236,33.149662,33.137684,30.611618,32.46847,32.976727,31.686409,30.146515,27.898327,25.23982,25.207775,21.41713,23.329683
2,7.2675624,4.14328,0.0,5.0492268,6.6207027,6.80836,11.007869,12.7205305,16.889746,19.669422,21.542067,27.526594,26.926788,23.349228,26.346588,22.929369,22.849436,23.047787,23.223267,24.382174,23.469006,27.107765,26.242945,22.55111,22.75744,19.400497,19.749924,18.468712,17.696524,19.821787,18.34894,25.466427,23.570843,28.964365,28.578274,30.621397,30.123201,27.063147,24.870255,22.531525,19.101889,17.502733,13.749523,11.426275,10.878569,13.043211,10.196607,13.764415,16.278585,19.733238,22.331566,25.085882,28.734268,31.278793,32.7666,32.222992,32.966675,31.08932,28.392223,29.391188,27.102343,21.05339,21.846922,19.538382,18.739243,22.645185,25.695381,27.993944,29.5873,28.867416,28.26406,27.305784,28.185528,25.300915,29.855062,28.636835,31.956377,35.687386,34.060783,39.32402,38.228024,39.321175,38.32468,34.646484,33.731472,30.35924,33.07082,27.824957,28.078884,29.799276,29.547018,31.976452,34.733337,33.325657,33.80628,30.034418,32.575134,28.898317,29.36791,29.250637,26.939047,28.872328,29.511395,28.527557,26.887333,25.265654,22.203007,22.800808,19.041327,21.512486
3,9.958997,6.073466,5.0492268,0.0,3.7629862,5.7903867,7.816983,11.632222,14.3373995,17.615705,19.63559,24.814205,25.199085,22.078648,25.501764,21.947355,22.575085,22.5351,24.22249,24.720295,24.780687,28.268755,27.93646,23.859928,23.32194,20.368156,19.641512,18.902296,17.201761,20.321884,18.103395,25.713713,24.0684,28.712667,29.081999,31.599192,31.548616,28.76595,26.590479,24.192354,20.828304,19.8179,15.031871,13.805732,13.276444,12.757297,11.656061,13.439174,17.088129,19.58743,22.849699,25.031136,28.430872,31.694149,32.359287,31.819565,32.017246,29.777185,26.62284,27.066427,24.557404,18.756126,19.79222,16.580978,15.870164,21.03556,23.234196,26.278034,27.746592,26.744944,26.503721,25.151892,25.476984,22.54497,26.539711,25.587616,28.263187,32.511482,30.407562,35.71601,34.715084,36.272614,35.733063,32.315174,31.58641,28.178339,31.347015,26.167603,27.294966,28.958897,29.332743,31.712019,34.74337,33.503178,34.091305,30.340889,32.35655,29.128761,28.4436,28.498138,25.521093,27.315584,27.810955,26.102247,24.545631,21.958874,19.48208,19.212852,15.574378,17.640894
4,12.490462,9.10608,6.6207027,3.7629862,0.0,5.970788,4.842636,9.60336,12.039593,15.041241,17.746729,22.64474,22.733688,19.596533,22.576069,18.697922,19.18264,18.89501,20.877373,21.129482,21.531263,24.942768,24.911661,20.77797,19.964092,17.14322,15.99858,15.41847,13.670661,17.11023,15.466605,22.803146,21.923292,26.225561,27.046743,29.652214,29.357483,26.86761,24.29736,21.68714,18.919125,17.496294,12.627044,11.597652,10.93492,9.166533,9.399029,10.661704,14.750533,16.578339,20.208134,21.836752,25.481262,28.864815,29.203318,28.447887,28.643694,26.266071,23.272955,23.672901,21.48505,15.3086,16.918941,14.251458,14.462395,19.338627,21.826982,25.10612,25.885998,24.591768,23.881273,22.276834,22.487219,19.277628,23.552593,22.289492,25.37621,29.31738,27.58711,32.868782,32.025772,33.392395,32.596607,29.014904,28.086058,24.612879,27.658308,22.447405,23.545294,25.283035,25.76222,28.268103,31.274492,29.915373,30.463758,26.717028,28.639582,25.57564,24.783861,25.180044,22.062393,24.200964,24.974789,23.296404,21.455784,19.363802,16.228086,16.308744,12.487829,14.95061
5,13.605955,9.480596,6.80836,5.7903867,5.970788,0.0,7.273346,6.9343395,10.891552,13.84112,15.075553,21.197847,20.909565,17.559324,21.325758,18.50737,19.439249,20.37389,22.020857,23.511679,24.013128,27.575977,27.740988,24.080141,23.560549,20.443953,18.984203,17.163153,14.835421,17.126501,13.607887,21.445053,18.873466,23.792643,23.726843,26.222702,26.544008,23.6563,22.006142,20.00886,15.992175,16.375578,11.101908,11.368717,12.53801,12.420929,13.328797,15.880092,19.550581,21.513237,25.082466,26.454111,30.568245,33.664764,34.06726,32.92434,33.329815,30.699041,28.107298,28.137955,26.561594,19.899263,22.470207,19.945581,20.314192,25.29664,27.741041,31.037865,31.83922,30.469078,29.568499,27.734535,27.57161,23.807251,27.903557,25.750349,28.63782,31.756443,29.57807,34.77568,32.989754,33.976482,33.270344,29.940739,29.689146,26.747463,30.041235,25.613943,26.583782,28.997913,29.532887,32.487877,35.208153,33.147427,33.109093,29.092285,30.90947,26.683529,26.202757,25.012875,22.755669,23.785803,23.920559,22.861784,21.73625,19.77906,17.773575,18.679482,15.819484,18.943314
6,17.279793,13.648653,11.007869,7.816983,4.842636,7.273346,0.0,7.135192,7.669904,10.710308,13.8012905,18.021944,18.45805,15.69177,18.808115,14.993401,16.2114,16.06919,19.498583,19.582949,21.197123,24.37085,25.160656,21.103432,19.623672,17.257715,14.595061,14.008344,11.059615,15.049748,12.624756,19.97232,19.47106,22.88719,24.433973,27.38776,27.439096,25.363184,22.867634,20.35858,17.89319,17.313745,11.87084,12.515237,12.650306,8.60612,12.044664,12.121909,16.72694,17.077637,21.338827,21.707893,25.57435,29.35755,28.753628,27.55124,27.426222,24.482086,21.61352,21.2139,19.694738,13.13469,16.353521,13.872407,15.392803,20.613811,22.622698,26.573048,26.512335,24.67576,23.621428,21.303154,20.633186,16.713184,20.64156,18.628622,21.532581,25.048195,23.100069,28.366934,27.277693,28.60884,27.936804,24.507284,23.871685,20.590477,24.041521,19.37149,21.140047,23.289001,24.442223,27.254745,30.224386,28.494484,28.748632,24.945444,26.22958,23.155024,21.398684,21.513334,18.085945,19.92988,20.59901,18.598372,16.832598,14.524953,11.673052,11.889846,8.599019,11.7787695
7,19.940962,16.10111,12.7205305,11.632222,9.60336,6.9343395,7.135192,0.0,5.5899115,7.421108,9.078865,15.41534,14.241346,10.720373,14.415738,11.918846,13.414297,15.052465,17.699158,19.522095,21.240778,24.506874,25.65137,22.370232,21.330564,18.653397,15.72815,13.329738,9.886109,11.869454,7.0421677,15.055072,12.932866,17.146818,17.834553,20.7066,21.187754,18.877068,17.122095,15.228456,11.78399,13.299173,7.4625163,10.41849,12.718154,10.788712,14.967812,16.71651,20.570864,21.029232,25.083286,24.982103,29.588354,32.77526,32.33478,30.517368,30.884317,27.76153,25.821209,25.242859,24.851366,17.743797,22.011993,20.490828,22.323765,26.92489,29.41909,33.155552,32.81389,30.889715,29.21214,26.744589,25.899904,21.381075,25.389809,21.996391,25.193346,26.948528,25.084082,30.023008,27.808651,28.150791,27.099207,23.760838,23.797918,21.31971,24.662197,21.174356,22.251226,25.333729,26.349707,29.792963,32.21379,29.442053,28.835457,24.724072,25.948938,21.256886,20.330856,18.344961,16.419441,17.001223,17.11278,16.5291,15.505886,14.733905,12.69773,15.047723,13.2819195,17.284462
8,23.79912,19.798569,16.889746,14.3373995,12.039593,10.891552,7.669904,5.5899115,0.0,3.6865656,6.3165846,10.714656,11.130404,8.825361,12.954807,10.581922,13.400227,14.684827,19.358126,20.247858,23.169798,26.00265,27.79281,24.381395,22.578613,20.61274,16.51943,14.978314,10.606672,13.587713,8.584215,15.633046,14.546688,16.69579,18.827793,22.19941,23.18489,21.602127,19.933887,18.163858,15.650066,17.40322,11.883831,15.075877,16.82257,12.724831,18.143963,18.377234,22.75418,22.073027,26.56404,25.583385,29.883795,33.647457,32.2091,30.253813,30.027617,26.446274,24.343306,22.872873,22.829357,16.221613,21.26053,19.504074,21.982939,27.083431,28.773527,33.11267,32.267284,29.958992,28.37887,25.380636,23.6684,18.899265,21.997698,18.286274,20.707191,22.370184,19.942888,24.863396,22.49057,23.189196,22.64837,19.695147,20.18132,17.927647,21.90741,19.07318,21.28848,24.388515,26.224201,29.614174,32.155254,29.473423,28.868448,24.954641,25.308537,21.350304,18.692703,16.804865,13.970886,14.044961,13.881603,12.095763,11.310831,9.305211,8.636465,10.561806,10.17789,14.049452
9,26.762531,22.888683,19.669422,17.615705,15.041241,13.84112,10.710308,7.421108,3.6865656,0.0,4.6876135,8.596154,7.7488856,5.4369497,9.37218,7.572523,10.94976,12.78669,17.809082,18.94569,22.387892,24.937239,27.177961,24.173128,22.263618,20.598734,16.055208,14.238884,9.731324,11.950328,6.831573,12.658487,12.198651,13.376621,16.131313,19.60612,20.626715,19.528248,17.894398,16.352081,14.554844,16.742247,11.899459,15.758681,17.840858,13.705113,19.81463,19.98442,24.07397,22.861076,27.319714,25.684965,30.17536,33.774868,32.041374,29.730667,29.586264,25.859665,24.323036,22.631481,23.371693,16.83195,22.450024,21.436981,24.397081,28.973494,30.823957,35.14013,33.80527,31.329826,29.319593,26.151825,24.235252,19.245684,22.257322,17.798191,20.483229,20.920094,18.931767,23.506067,20.81159,20.840683,19.898582,16.898626,17.631966,15.867397,19.723845,17.754425,19.827255,23.300196,25.293274,28.905542,31.153742,28.045317,27.052816,23.177956,23.159634,18.908161,16.05543,13.409393,11.006988,10.502852,10.30745,9.126132,8.484284,8.319174,7.688703,11.009595,11.543493,15.527669
10,28.616318,24.519547,21.542067,19.63559,17.746729,15.075553,13.8012905,9.078865,6.3165846,4.6876135,0.0,7.3315716,6.618909,5.055071,10.345352,10.691609,14.170905,16.741026,21.177505,22.96912,26.24439,28.83701,31.054174,28.257929,26.577263,24.724886,20.405684,18.134338,13.816466,14.998909,8.612699,13.8805895,11.422683,12.380726,14.457803,18.02187,20.064877,18.842813,18.374695,17.61622,14.96478,18.707594,14.008995,18.284567,20.930716,17.748665,23.35266,24.087248,28.157543,27.324091,31.71635,30.251225,34.812546,38.31821,36.68018,34.306545,34.20534,30.445074,28.971184,27.130653,27.89846,21.453463,26.978268,25.604794,28.265116,33.22255,34.935593,39.312096,38.215973,35.776012,33.914455,30.736029,28.70178,23.726448,26.35894,21.842075,23.876072,23.887932,21.338648,25.547556,21.989975,21.800182,21.2974,19.018595,20.563852,19.494226,23.377577,22.112234,24.118986,27.744976,29.720339,33.418472,35.53424,32.182343,30.904722,27.018349,26.87658,22.091663,19.47683,15.448532,14.189655,12.053834,10.588869,10.148679,11.020078,10.436362,11.901871,14.69294,15.669297,19.407415
11,34.41643,30.305164,27.526594,24.814205,22.64474,21.197847,18.021944,15.41534,10.714656,8.596154,7.3315716,0.0,5.827514,8.470521,11.588083,12.637902,16.66742,18.53216,24.418365,25.18042,29.473978,31.451458,34.292236,31.559652,29.235876,28.192358,23.116674,21.763252,17.365955,19.04942,14.146402,16.948362,16.485294,14.410844,18.208899,21.823847,24.052904,23.846565,23.285831,22.593658,21.194305,24.44283,20.130774,24.263845,26.411745,21.850868,28.158712,27.689554,31.939953,30.025606,34.60498,32.19627,36.298748,40.208817,37.502384,34.968765,34.257812,30.156734,28.836226,26.041668,27.487658,22.275526,28.193142,26.984667,30.226336,35.188305,36.11851,40.91412,39.158833,36.362038,34.523605,30.9129,28.001236,23.13956,24.323765,19.500946,20.219276,19.116531,16.020315,19.490797,15.250632,15.116808,15.49773,14.380245,16.967749,16.903032,21.125578,21.386736,24.41188,27.872337,30.65041,34.15383,36.20339,32.981014,31.658371,28.260065,27.021605,23.436525,19.00961,15.334299,13.499741,10.235805,8.05,5.562614,8.157229,6.977346,11.445243,13.399717,16.330036,19.13238
12,34.129147,30.233572,26.926788,25.199085,22.733688,20.909565,18.45805,14.241346,11.130404,7.7488856,6.618909,5.827514,0.0,4.0854487,6.258863,8.908719,12.65723,15.4184885,20.401983,22.005793,26.135387,28.033587,30.976343,28.788502,26.804976,25.681673,20.807936,18.747513,14.773147,15.068932,10.492752,11.523576,11.348536,8.645031,12.795868,16.373058,18.35677,18.458063,17.929161,17.554865,16.766932,20.3334,16.975674,21.472057,24.053549,20.339025,26.762789,26.921146,30.654627,28.83815,33.152897,30.615757,35.15902,38.514503,36.201015,33.374424,33.21054,29.28235,28.63633,26.359827,28.25866,22.437553,28.542149,28.14755,31.531237,35.762283,37.48636,41.899242,39.98156,37.262596,34.86913,31.437,29.009052,23.972118,26.116226,20.799547,22.887457,20.897593,19.188663,22.479752,18.565939,17.139324,15.99764,14.023855,16.20022,16.320963,19.782833,20.284576,22.248463,26.138678,28.481588,32.29019,33.94258,30.157167,28.377235,24.863138,23.836,19.27852,15.952461,10.859612,10.669776,6.6910124,4.2844915,5.858269,7.744929,10.33652,12.003323,15.689676,17.789436,21.310751
13,30.602264,26.820162,23.349228,22.078648,19.596533,17.559324,15.69177,10.720373,8.825361,5.4369497,5.055071,8.470521,4.0854487,0.0,5.330061,6.7837186,10.219735,13.335347,17.603647,19.68073,23.281252,25.524834,28.129282,25.858702,24.179132,22.659866,18.156023,15.641118,11.702949,11.765162,6.4725237,9.1959095,8.341644,8.07304,11.250955,14.835842,16.32003,15.793323,14.8754015,14.19282,12.95278,16.466805,12.940592,17.501158,20.25016,17.117205,23.270088,23.935162,27.528215,26.187634,30.396002,28.323465,33.083538,36.240658,34.48431,31.774406,31.92351,28.200531,27.442879,25.712177,27.224674,20.805159,26.677326,26.304338,29.447329,33.539654,35.68389,39.849083,38.21709,35.683765,33.258587,30.069271,28.129501,23.071678,26.002245,20.919418,23.737013,22.55681,21.099436,24.927996,21.559721,20.432251,18.954498,16.237715,17.561216,16.865911,20.15016,19.560246,20.971462,24.89494,26.790178,30.67371,32.406075,28.63101,26.970596,23.167486,22.830605,17.698713,15.428951,10.650258,10.404914,8.023035,7.055346,8.482952,8.9246,11.326251,11.307738,15.393891,16.467344,20.41564
14,33.550285,30.115862,26.346588,25.501764,22.576069,21.325758,18.808115,14.415738,12.954807,9.37218,10.345352,11.588083,6.258863,5.330061,0.0,4.9986587,7.502359,10.857178,14.886929,16.98563,21.02938,22.672462,25.773989,24.166721,22.43212,21.494743,16.901655,14.490558,11.490559,10.302513,8.259915,5.7206936,8.668599,5.986376,10.635142,13.744893,14.223036,14.824679,13.220682,12.595289,13.529865,16.109446,14.234229,18.52331,21.054144,17.915722,24.353264,24.72276,27.735422,25.750193,29.663385,26.852856,31.649403,34.425198,32.42545,29.370052,29.724428,26.09285,26.18139,24.538923,26.869219,20.883734,26.897556,27.55172,31.130058,34.283855,36.725758,40.65709,38.436028,35.815056,32.859158,29.691994,27.825216,22.886728,25.894655,20.42463,23.86567,21.41016,21.225014,24.450766,21.492828,19.441769,16.89513,13.785946,14.709925,14.602887,16.929369,17.373505,18.088116,22.220304,24.074295,28.058802,29.312126,25.122122,23.021544,19.469025,18.715975,13.435497,11.441222,5.5899806,7.300834,4.9621525,5.576162,8.9242115,8.6567,13.568951,12.295196,17.036688,18.242727,22.055096
15,29.966654,26.721035,22.929369,21.947355,18.697922,18.50737,14.993401,11.918846,10.581922,7.572523,10.691609,12.637902,8.908719,6.7837186,4.9986587,0.0,4.0306864,6.6317916,11.820206,13.141551,17.27721,19.187063,22.111658,19.973158,18.016272,17.049507,12.201286,10.171399,6.799925,7.0839806,6.5792465,7.0656433,10.696656,10.553779,14.26181,17.226791,16.854311,16.805277,14.03092,12.213131,13.185804,14.024712,11.560417,15.252084,17.173847,13.24648,19.917278,19.874231,22.95795,20.84319,24.876156,22.18953,26.971136,29.950472,28.047308,25.191168,25.50872,21.914007,21.66104,20.324112,22.299707,16.055368,21.97098,22.766127,26.374464,29.311502,31.865196,35.70358,33.519466,30.958517,28.023134,24.948019,23.33835,18.426334,21.98049,16.837341,20.918701,19.579865,19.617222,23.484997,21.444475,20.194445,17.683157,13.800677,13.557855,12.088249,14.618668,13.477799,14.284346,18.282377,20.083519,24.010307,25.640753,21.8599,20.31047,16.50279,16.262524,11.522037,9.258117,6.6067543,5.137567,6.6029587,8.514217,9.581378,7.6166997,12.002802,8.693167,13.615838,14.05546,17.948355
16,29.633873,26.829742,22.849436,22.575085,19.18264,19.439249,16.2114,13.414297,13.400227,10.94976,14.170905,16.66742,12.65723,10.219735,7.502359,4.0306864,0.0,4.0421176,7.846877,9.687403,13.60835,15.443221,18.403542,16.671705,15.001824,14.119421,9.746055,7.3326354,5.7532,4.219628,7.773667,6.3318434,11.394166,12.067913,15.066024,17.416842,15.943629,15.9892235,12.329924,9.997338,12.343676,11.663451,10.714878,13.69413,15.3543415,12.194905,18.459667,18.64007,21.000132,18.880123,22.486221,19.73663,24.71643,27.184958,25.697159,22.750319,23.555857,20.343342,20.610102,19.98406,22.05941,15.886266,21.332071,22.882511,26.440073,28.490757,31.581366,34.961594,32.66674,30.267992,26.990393,24.257181,23.243107,18.655024,22.801733,17.964977,22.744654,21.406338,22.249193,25.986801,24.504932,23.069153,20.066708,15.887471,14.773589,13.036311,14.410863,12.760236,12.157488,16.20293,17.374563,21.41228,22.777615,18.762325,17.097246,13.12769,13.547036,8.168585,8.067366,6.982539,6.6302867,9.518018,11.880768,13.354199,11.084577,15.588486,11.25658,16.03159,15.67543,19.47196
17,29.422861,26.90408,23.047787,22.5351,18.89501,20.37389,16.06919,15.052465,14.684827,12.78669,16.741026,18.53216,15.4184885,13.335347,10.857178,6.6317916,4.0421176,0.0,7.1296177,6.6798916,11.3932,12.943661,16.086254,14.043932,11.807433,11.590206,6.683357,5.9632664,5.5541224,6.222849,10.825255,10.2373085,15.360345,15.907984,19.10207,21.385695,19.625015,19.695007,15.688735,12.997447,15.520457,13.43749,12.532798,14.397715,15.026116,10.87889,17.159021,16.394794,18.557926,15.70134,19.313536,16.072577,20.912863,23.569958,21.767065,18.831938,19.531876,16.321156,16.676968,16.286757,18.478987,12.736638,18.008913,20.178797,23.964369,25.40106,28.496672,31.76123,29.142544,26.70535,23.249943,20.555536,19.697826,15.374838,19.744219,15.268034,20.52118,19.59803,21.046095,24.807146,24.19364,23.12091,20.055601,15.608917,13.542077,11.026451,11.916371,9.163637,8.316113,12.2606125,13.577568,17.563335,19.150646,15.48641,14.329005,10.394087,10.918798,7.309472,6.512719,8.991299,6.92143,11.392477,14.199061,14.711126,11.778885,15.92858,10.605345,14.867019,14.152913,17.482027
18,29.021103,27.247894,23.223267,24.22249,20.877373,22.020857,19.498583,17.699158,19.358126,17.809082,21.177505,24.418365,20.401983,17.603647,14.886929,11.820206,7.846877,7.1296177,0.0,5.11811,6.584906,8.480201,11.07927,10.442248,9.97559,9.225158,7.7964835,5.6668286,9.056405,6.3642683,13.242012,11.269812,16.09414,18.095388,19.675108,20.906288,17.808207,17.701267,13.001408,10.04745,13.998396,9.822511,12.1278105,12.593361,13.106001,12.2906685,16.411991,17.076628,17.57688,15.835094,18.103899,15.717728,20.840363,22.016706,21.818947,19.00994,20.914612,18.895935,19.956669,20.92208,22.695147,17.201765,20.965399,23.70006,26.817472,27.071566,31.115614,33.430325,31.144531,29.238657,25.53869,23.748896,24.075003,20.50726,25.447016,21.669622,27.190807,26.355402,28.134245,31.767271,31.1847,29.771622,26.368395,21.99178,19.797195,17.629786,17.274582,14.488344,11.256956,14.355574,13.614162,17.472284,18.291008,14.237693,12.786606,8.790938,11.559408,6.7830386,11.39083,13.079481,13.307029,16.98339,19.549047,21.051916,18.473276,22.61219,17.309229,21.404558,19.800665,23.139162
19,29.78306,28.159885,24.382174,24.720295,21.129482,23.511679,19.582949,19.522095,20.247858,18.94569,22.96912,25.18042,22.005793,19.68073,16.98563,13.141551,9.687403,6.6798916,5.11811,0.0,5.465841,6.341431,9.691895,8.3637085,6.4428577,7.4394345,5.3927546,6.48312,9.834175,9.585128,15.988787,14.775627,20.028498,21.276869,23.711473,25.301416,22.481014,22.547897,17.930367,14.958234,18.42249,14.155857,15.232256,15.174264,14.564655,11.988535,16.235708,15.344396,15.722004,12.631953,14.960967,11.450538,16.388956,18.000465,17.031185,14.103478,15.830057,13.809234,15.136608,16.375158,18.362116,13.848804,17.24247,20.723154,24.168583,23.736937,27.588243,29.870367,27.04823,25.018866,21.087322,19.296486,19.723497,16.652296,21.525091,18.278357,23.998571,23.488377,25.83555,29.336535,29.611313,28.570417,25.208405,20.735893,17.802574,15.124653,14.211163,10.572206,6.721571,9.330143,8.660256,12.613235,13.807057,10.196553,9.628878,5.670613,8.612332,7.2393217,10.0662565,14.28782,13.077705,17.718794,20.658184,21.278522,18.229294,22.070393,16.280796,19.712444,18.057554,20.703346
20,28.023079,27.12557,23.469006,24.780687,21.531263,24.013128,21.197123,21.240778,23.169798,22.387892,26.24439,29.473978,26.135387,23.281252,21.02938,17.27721,13.60835,11.3932,6.584906,5.465841,0.0,3.7098925,4.860557,4.2256956,5.0750957,5.211232,7.713887,8.23795,12.707426,11.876444,18.461145,17.808678,22.200918,24.614958,26.06372,27.182487,23.851393,23.443495,18.693647,15.6371975,18.97519,13.387006,15.749954,14.190532,12.856455,12.719725,14.592945,14.6649885,13.502141,11.767402,12.662545,10.758042,15.62859,15.990821,16.920027,14.688783,17.248478,16.413008,17.58349,19.853579,20.934315,16.62209,18.468124,22.032011,24.698872,23.366266,27.905294,29.34068,27.065273,25.611021,21.803438,20.916105,22.37017,19.97677,25.215324,22.74123,28.47272,28.637596,30.836319,34.533585,34.868088,33.95871,30.64506,26.166956,23.263023,20.475882,19.506605,15.437505,11.4303,12.669407,10.292679,13.327292,14.239454,11.459933,11.558355,8.592497,12.667629,11.281578,15.4227705,18.93783,18.161919,22.537891,25.286343,26.06244,23.093025,26.473806,20.57612,23.714813,21.277288,23.845812
21,31.517553,30.712122,27.107765,28.268755,24.942768,27.575977,24.37085,24.506874,26.00265,24.937239,28.83701,31.451458,28.033587,25.524834,22.672462,19.187063,15.443221,12.943661,8.480201,6.341431,3.7098925,0.0,4.239788,5.998013,6.4034686,8.215303,10.140544,11.230324,15.443083,14.467031,21.239397,19.514336,24.566292,26.26401,28.012342,28.977242,25.430687,25.511194,20.765764,17.952936,21.87541,16.529165,19.139862,17.853802,16.553293,15.985194,17.97805,17.477768,15.990369,13.5366,13.783171,10.889757,15.139416,14.85153,15.43992,12.913648,15.802668,15.444925,17.517838,19.904976,21.535671,18.227032,19.872282,23.99345,26.870203,24.886421,29.30381,30.520119,27.74033,26.262854,22.170088,21.418049,22.899021,20.937492,25.825829,23.439335,29.195042,28.814056,31.615396,34.883793,35.55717,34.41636,30.853447,26.458193,23.260233,20.7674,18.963167,15.564467,10.917773,11.525195,8.572142,11.314642,11.423271,8.366423,8.5176325,6.565625,10.836249,11.071809,15.500318,19.737467,19.213902,23.724756,26.667984,27.560556,24.544096,28.357613,22.479395,25.594849,23.503386,25.771402
22,29.849743,29.611362,26.242945,27.93646,24.911661,27.740988,25.160656,25.65137,27.79281,27.177961,31.054174,34.292236,30.976343,28.129282,25.773989,22.111658,18.403542,16.086254,11.07927,9.691895,4.860557,4.239788,0.0,4.5257144,7.0402327,8.033467,11.969843,12.974455,17.46101,16.62913,23.19273,22.322426,26.670664,29.160906,30.373138,31.18338,27.514532,27.149603,22.43793,19.56493,23.004105,17.044744,19.956705,17.693417,15.798243,16.555952,16.830877,16.823309,14.280765,12.964751,12.023344,10.814351,14.641037,13.443333,15.693028,14.036598,17.212976,17.565565,19.146805,22.124746,22.95708,19.76529,20.320047,24.333353,26.581196,23.999321,28.809597,29.391933,27.126118,26.115036,22.281914,22.18949,24.348127,22.8348,27.95225,26.156906,31.875807,32.20033,34.76002,38.28258,39.027607,38.14232,34.73136,30.28965,27.11505,24.355898,22.821644,18.811222,14.467264,14.490447,11.045285,12.807498,13.0615425,11.380549,12.232404,10.780375,15.021811,14.997887,19.449274,23.383778,22.724955,27.19488,30.014893,30.783585,27.75262,31.065998,25.078152,27.88314,25.23676,27.382706
23,26.248167,25.836817,22.55111,23.859928,20.77797,24.080141,21.103432,22.370232,24.381395,24.173128,28.257929,31.559652,28.788502,25.858702,24.166721,19.973158,16.671705,14.043932,10.442248,8.3637085,4.2256956,5.998013,4.5257144,0.0,3.5417404,3.8684666,8.591261,10.248795,14.507022,14.78149,20.824825,21.36723,25.313553,28.080883,29.518097,30.78811,27.609934,26.871733,22.182028,19.003227,21.621443,15.744977,17.44037,14.962098,12.567141,12.54818,12.804583,12.336515,10.147324,8.689163,8.646372,7.8843246,12.487313,12.7308855,14.589095,13.166658,15.789595,15.609533,16.225723,19.20026,19.434359,15.792689,16.206491,19.949028,22.15212,20.016495,24.80851,25.754345,23.715094,22.598291,18.973057,18.701174,20.870249,19.216402,24.55496,23.020138,28.643177,29.745396,31.843967,35.71997,36.487816,36.060863,33.012806,28.52851,25.432766,22.22153,21.406002,16.486017,12.921906,13.029271,10.186122,12.252529,13.733724,12.482178,13.721521,11.434739,15.371175,15.084558,18.329056,22.338606,20.836845,25.42999,28.155514,28.368307,25.247496,27.867073,21.81356,24.216125,21.237286,23.285803
24,26.911737,26.07005,22.75744,23.32194,19.964092,23.560549,19.623672,21.330564,22.578613,22.263618,26.577263,29.235876,26.804976,24.179132,22.43212,18.016272,15.001824,11.807433,9.97559,6.4428577,5.0750957,6.4034686,7.0402327,3.5417404,0.0,3.6690848,6.215603,9.041408,12.805673,13.863485,19.724918,20.355036,24.69035,26.877405,28.912878,30.5159,27.650888,27.114662,22.441296,19.210957,21.798159,16.479982,17.26926,15.473616,13.2710085,11.333142,13.086108,11.470492,10.398902,7.2350616,8.600344,5.9316163,11.081742,12.563496,12.942015,11.0996685,13.245628,12.459199,13.002671,15.749502,16.28507,12.732361,13.704315,17.71104,20.474064,18.695663,23.094355,24.592817,22.074867,20.553726,16.730408,15.941019,17.721003,15.899793,21.167015,19.55714,25.199305,26.286276,28.484348,32.29549,33.25049,32.945515,29.983505,25.527729,22.315962,18.974245,18.221142,13.054801,9.768003,9.844358,7.5987926,10.180345,12.234946,10.922205,12.32647,9.827629,13.23153,13.611873,15.766716,20.357883,18.30552,23.117653,25.939598,25.810736,22.57454,25.14581,19.047297,21.29389,18.55513,20.429247
25,23.696493,22.822182,19.400497,20.368156,17.14322,20.443953,17.257715,18.653397,20.61274,20.598734,24.724886,28.192358,25.681673,22.659866,21.494743,17.049507,14.119421,11.590206,9.225158,7.4394345,5.211232,8.215303,8.033467,3.8684666,3.6690848,0.0,5.4795747,7.1400547,11.07709,12.083327,17.574419,19.147047,22.667814,25.6362,27.17023,28.766335,26.027807,25.037111,20.469072,17.153088,19.116238,13.610094,14.259404,11.984585,9.630205,8.692008,9.915436,9.460719,8.656314,7.24005,9.143901,8.528543,13.612033,15.123076,16.16689,14.630559,16.585917,15.517689,15.323477,17.77237,17.75816,13.0073805,14.205109,17.319801,19.675558,18.697523,23.286707,24.896906,23.10213,21.72462,18.351141,17.52006,19.22989,16.91921,22.44321,20.636486,26.164213,27.600922,29.172346,33.34796,33.825317,33.60951,30.82602,26.34447,23.531569,20.12507,20.082596,14.776914,12.067592,12.934702,11.163026,13.815869,15.877219,14.272479,15.178292,12.101309,15.574276,14.372066,16.751968,20.292938,18.357828,22.819765,25.378164,25.334036,22.256351,24.46717,18.469852,20.851557,17.731516,20.063942
26,25.166605,23.370708,19.749924,19.641512,15.99858,18.984203,14.595061,15.72815,16.51943,16.055208,20.405684,23.116674,20.807936,18.156023,16.901655,12.201286,9.746055,6.683357,7.7964835,5.3927546,7.713887,10.140544,11.969843,8.591261,6.215603,5.4795747,0.0,4.0992355,6.746735,8.929177,13.986398,15.600385,19.581968,21.68172,24.021229,26.095514,23.923841,23.249199,18.862215,15.615828,17.510305,13.377119,12.613035,12.154003,11.024765,6.9124246,11.771082,10.474288,11.989556,9.215795,12.788916,10.430353,15.5278425,18.19938,17.42543,15.21197,16.297132,13.900419,13.517673,14.705649,15.483542,9.714317,13.24098,15.962353,19.247522,19.696144,23.456469,26.118097,23.860918,21.832617,18.421162,16.461704,16.909445,13.488016,18.85048,16.07364,21.62507,22.60416,24.017344,28.202059,28.431307,28.173197,25.475965,21.013094,18.384418,14.948768,15.509112,10.295434,8.628728,10.805051,10.8041525,14.278025,16.555206,14.182727,14.465797,10.78934,13.068595,11.430017,12.105373,15.666446,13.10435,17.669245,20.27611,19.987968,16.84234,19.291538,13.259933,16.066748,13.585657,16.322498
27,24.454443,22.40305,18.468712,18.902296,15.41847,17.163153,14.008344,13.329738,14.978314,14.238884,18.134338,21.763252,18.747513,15.641118,14.490558,10.171399,7.3326354,5.9632664,5.6668286,6.48312,8.23795,11.230324,12.974455,10.248795,9.041408,7.1400547,4.0992355,0.0,4.5545516,5.1801505,10.725302,12.381924,15.875117,18.62403,20.406368,22.35008,20.167933,19.265305,14.920657,11.642505,13.448484,9.47457,9.016081,9.223135,9.284309,6.7180724,11.874368,12.267459,13.916975,12.449891,15.758632,14.11102,19.31445,21.533508,21.227772,18.902016,20.207062,17.775293,17.524582,18.343014,19.201975,12.826176,16.745565,18.707228,21.68996,22.818827,26.646238,29.35502,27.512383,25.570318,22.34653,20.363886,20.59693,16.74881,21.964338,18.569525,23.9086,24.404001,25.37768,29.633287,29.104782,28.499176,25.743235,21.329063,19.284971,16.315,17.22386,12.965636,11.284057,14.195379,14.093924,17.78682,19.640675,16.567389,16.080091,12.012071,14.359172,10.631405,12.292216,14.065427,12.462928,16.324598,18.650116,19.056767,16.279694,19.08115,13.486433,17.05744,14.796161,18.239754
28,24.32436,21.56784,17.696524,17.201761,13.670661,14.835421,11.059615,9.886109,10.606672,9.731324,13.816466,17.365955,14.773147,11.702949,11.490559,6.799925,5.7532,5.5541224,9.056405,9.834175,12.707426,15.443083,17.46101,14.507022,12.805673,11.07709,6.746735,4.5545516,0.0,4.903791,7.415816,10.954484,13.70285,16.139366,18.4109,20.943283,19.69569,18.701956,15.002442,12.073633,12.643682,10.787499,7.9434204,9.930205,10.890583,6.60601,13.206673,13.333661,16.277979,14.757249,18.764889,17.033407,21.992344,24.908081,23.920404,21.578222,22.240086,19.164827,18.313255,18.151306,18.993702,12.051706,17.04903,17.990194,21.17004,23.623648,26.787321,30.171736,28.443428,26.23602,23.39324,20.853481,20.254028,15.744338,20.506462,16.589186,21.41407,21.994118,22.185041,26.668507,25.63317,25.242212,22.916513,18.693506,17.301693,14.406592,16.482645,12.647865,12.639793,15.952389,16.87885,20.595243,22.705948,19.638737,18.985134,14.912468,16.20839,12.183217,11.742649,12.274761,9.9137125,13.163598,15.126254,15.0857525,12.4754505,14.806704,9.588083,13.475343,11.7010355,15.62785
29,26.467085,23.91581,19.821787,20.321884,17.11023,17.126501,15.049748,11.869454,13.587713,11.950328,14.998909,19.04942,15.068932,11.765162,10.302513,7.0839806,4.219628,6.222849,6.3642683,9.585128,11.876444,14.467031,16.62913,14.78149,13.863485,12.083327,8.929177,5.1801505,4.903791,0.0,6.8815236,7.435432,10.844958,13.66774,15.236454,17.222517,15.310083,14.513708,10.427358,7.426607,9.442377,7.5715394,7.197424,9.774387,11.710141,10.1253395,15.539362,16.72111,18.731394,17.5887,20.910278,19.114313,24.311121,26.418295,25.870039,23.226664,24.448805,21.672651,21.67093,21.752703,23.113848,16.492159,21.222065,22.608175,25.640806,27.554932,31.107336,34.129032,32.34422,30.256807,27.103527,24.78986,24.41653,20.04426,24.765797,20.496737,25.43373,24.950407,25.534924,29.605202,28.163692,27.007656,24.184076,20.011005,18.80357,16.670858,17.954336,15.240172,13.976112,17.633652,17.98187,21.928583,23.374775,19.562101,18.175869,14.02419,15.612452,9.972511,11.748459,10.875846,10.723354,13.298438,15.2218275,16.627136,14.480367,18.0211,13.451052,17.860275,16.521435,20.477594
30,25.566387,22.183641,18.34894,18.103395,15.466605,13.607887,12.624756,7.0421677,8.584215,6.831573,8.612699,14.146402,10.492752,6.4725237,8.259915,6.5792465,7.773667,10.825255,13.242012,15.988787,18.461145,21.239397,23.19273,20.824825,19.724918,17.574419,13.986398,10.725302,7.415816,6.8815236,0.0,8.021035,7.180086,10.898316,12.169355,15.056922,15.080462,13.565785,11.39163,9.68315,7.958193,10.337614,6.508368,11.100435,14.055054,12.15777,17.675365,19.198282,22.333727,21.766886,25.648521,24.347773,29.36451,32.092926,31.277475,28.807947,29.489235,26.245762,25.421694,24.694109,25.618185,18.583284,23.768707,23.681908,26.415539,29.930637,32.815834,36.43816,35.182865,32.992565,30.472206,27.789362,26.753428,21.927423,26.00214,21.516512,25.376791,25.23917,24.38475,28.717482,26.250212,25.429619,23.485098,19.94862,20.021791,18.263218,20.939419,18.713795,19.039278,22.781378,23.827068,27.70212,29.505579,25.87987,24.516376,20.407911,21.263206,15.663134,15.355579,12.142892,11.708321,11.971137,12.468531,13.603424,12.550887,14.701443,12.111606,16.28227,15.57501,19.8528
31,32.463737,29.491066,25.466427,25.713713,22.803146,21.445053,19.97232,15.055072,15.633046,12.658487,13.8805895,16.948362,11.523576,9.1959095,5.7206936,7.0656433,6.3318434,10.2373085,11.269812,14.775627,17.808678,19.514336,22.322426,21.36723,20.355036,19.147047,15.600385,12.381924,10.954484,7.435432,8.021035,0.0,6.7095637,6.844515,9.139012,11.215909,9.988256,10.590356,7.969331,7.3262935,9.87996,11.862678,11.97568,15.871475,18.616354,17.11955,22.763945,23.946585,26.150322,24.675026,28.01697,25.56037,30.639807,32.66846,31.497305,28.421783,29.459585,26.347883,26.883316,26.114832,28.326155,22.063772,27.52647,28.734331,32.057705,34.440346,37.601223,40.974083,38.88963,36.541306,33.29589,30.58385,29.476082,24.781336,28.621426,23.459436,27.717384,25.526396,25.988203,29.301622,26.819395,24.647268,21.622992,18.143717,18.141682,17.606533,18.870872,18.613594,17.798166,21.91961,22.848343,26.926304,27.81045,23.302788,20.95494,17.266153,17.481165,10.97776,12.112915,7.191787,10.198177,10.024834,11.20305,14.503715,13.609764,18.40234,15.747042,20.649944,20.788717,24.803926
32,30.61074,27.345331,23.570843,24.0684,21.923292,18.873466,19.47106,12.932866,14.546688,12.198651,11.422683,16.485294,11.348536,8.341644,8.668599,10.696656,11.394166,15.360345,16.09414,20.028498,22.200918,24.566292,26.670664,25.313553,24.69035,22.667814,19.581968,15.875117,13.70285,10.844958,7.180086,6.7095637,0.0,6.559882,5.2232866,7.9342756,8.860402,7.5303273,7.5761957,8.281071,6.778363,12.070577,11.045135,15.540149,19.110258,18.765186,23.629463,25.776909,28.358534,27.939487,31.415373,29.917437,35.08643,37.25123,36.585728,33.799637,34.801006,31.647156,31.496183,30.69806,32.19114,25.34802,30.633575,30.825548,33.552956,36.84952,39.913803,43.401737,42.04742,39.85578,37.085426,34.41817,33.326702,28.461351,32.305786,27.34786,31.039669,29.623993,28.942654,32.61197,29.386332,27.617233,25.403376,22.443714,23.19176,22.535406,24.647364,23.832556,23.535322,27.564686,28.398436,32.436096,33.631203,29.353533,27.24386,23.374372,23.980007,17.44899,18.285181,12.946382,15.094676,13.580978,13.237871,16.281775,16.326746,19.486479,18.097118,22.534845,22.4798,26.718744
33,36.165653,32.718597,28.964365,28.712667,26.225561,23.792643,22.88719,17.146818,16.69579,13.376621,12.380726,14.410844,8.645031,8.07304,5.986376,10.553779,12.067913,15.907984,18.095388,21.276869,24.614958,26.26401,29.160906,28.080883,26.877405,25.6362,21.68172,18.62403,16.139366,13.66774,10.898316,6.844515,6.559882,0.0,5.413443,8.433853,10.175219,11.265531,11.549331,12.504964,13.036016,17.288351,16.350721,20.881422,24.047491,22.283546,28.11008,29.310133,32.073444,30.641602,34.306484,31.800705,36.77419,39.14153,37.556816,34.427696,35.08886,31.631334,31.935282,30.45466,32.767826,26.594154,32.463867,32.98321,36.299423,39.55271,42.204338,46.01941,44.02088,41.501842,38.523758,35.4772,33.756172,28.81755,31.861755,26.374685,29.59147,26.770887,26.375834,29.21356,25.613287,23.068233,20.664492,18.347757,19.808268,20.289967,22.221272,23.108463,23.271948,27.456644,28.929522,32.983883,33.903133,29.37034,26.861729,23.426624,22.867048,16.876007,16.384714,9.7470455,13.064607,9.902911,9.033726,13.269786,14.056142,18.363728,17.974113,22.551699,23.682844,27.624508
34,35.54952,32.265705,28.578274,29.081999,27.046743,23.726843,24.433973,17.834553,18.827793,16.131313,14.457803,18.208899,12.795868,11.250955,10.635142,14.26181,15.066024,19.10207,19.675108,23.711473,26.06372,28.012342,30.373138,29.518097,28.912878,27.17023,24.021229,20.406368,18.4109,15.236454,12.169355,9.139012,5.2232866,5.413443,0.0,3.6523633,6.862027,7.115541,9.411867,11.501878,11.004555,16.370401,16.1803,20.536238,24.132526,23.843386,28.774578,30.871717,33.34165,32.70303,36.090107,34.241276,39.395935,41.39344,40.51862,37.51489,38.532555,35.32959,35.554222,34.507607,36.43802,29.84235,35.35169,35.68428,38.571804,41.84375,44.83689,48.395813,46.83283,44.538776,41.628704,38.84353,37.523964,32.611946,36.102238,30.828949,34.236374,31.913397,31.321241,34.40455,30.711369,28.325933,26.058836,23.716204,24.999445,25.153713,26.980011,27.237164,26.876808,31.016031,31.955864,36.031796,36.88053,32.289154,29.759426,26.207888,26.33914,19.78874,20.664303,14.406788,17.706697,15.10566,14.188311,18.081121,18.822039,22.446056,21.875782,26.371508,26.894577,31.043524
35,37.376316,34.327045,30.621397,31.599192,29.652214,26.222702,27.38776,20.7066,22.19941,19.60612,18.02187,21.823847,16.373058,14.835842,13.744893,17.226791,17.416842,21.385695,20.906288,25.301416,27.182487,28.977242,31.18338,30.78811,30.5159,28.766335,26.095514,22.35008,20.943283,17.222517,15.056922,11.215909,7.9342756,8.433853,3.6523633,0.0,4.7251034,5.679677,9.23713,12.096194,12.1396265,17.271606,18.140518,22.120333,25.753029,26.194254,30.695969,33.108315,35.197826,34.74514,37.83048,36.0718,41.26598,42.881474,42.2997,39.258118,40.530132,37.534073,38.026302,37.211945,39.223724,32.63983,37.982853,38.5454,41.362385,44.323704,47.563324,50.906982,49.354652,47.14846,44.10447,41.469204,40.359142,35.532547,39.19408,33.925747,37.536102,35.01504,34.69297,37.64269,33.999603,31.383085,28.905483,26.584616,27.72045,27.979069,29.396582,29.763062,28.918062,33.0107,33.63452,37.687485,38.26585,33.53267,30.824953,27.446571,27.76493,21.089312,22.84276,16.751251,20.52091,18.172194,17.449183,21.531437,22.178812,26.031292,25.19702,29.78447,30.13252,34.314426
36,36.68112,34.017582,30.123201,31.548616,29.357483,26.544008,27.439096,21.187754,23.18489,20.626715,20.064877,24.052904,18.35677,16.32003,14.223036,16.854311,15.943629,19.625015,17.808207,22.481014,23.851393,25.430687,27.514532,27.609934,27.650888,26.027807,23.923841,20.167933,19.69569,15.310083,15.080462,9.988256,8.860402,10.175219,6.862027,4.7251034,0.0,3.8737183,6.036519,9.193168,11.036398,14.777033,17.047352,20.440025,23.822206,24.779049,28.941654,31.42441,32.949608,32.487015,35.164513,33.394875,38.577644,39.739777,39.4781,36.431828,38.025223,35.36136,36.20992,35.83533,37.93206,31.484932,36.514854,37.625572,40.468575,42.725307,46.32322,49.311512,47.626965,45.540073,42.25912,39.877045,39.150364,34.5489,38.573795,33.447178,37.608852,35.099586,35.409664,38.419605,35.327957,32.64807,29.68072,26.87706,27.341953,27.34997,28.1483,28.265245,26.684502,30.629387,30.802082,34.781357,35.09149,30.299862,27.526823,24.292835,25.006788,18.259085,21.255777,15.995932,19.990692,18.71239,18.806713,22.874907,22.854607,27.23526,25.354475,30.139843,30.064135,34.238182
