,0,1,2,3,4,5,6,7,8,9,10,11,12,13,14,15,16,17,18,19,20,21,22,23,24,25,26,27,28,29,30,31,32,33,34,35,36,37,38,39,40,41,42,43,44,45,46,47,48,49,50,51,52,53,54,55,56,57,58,59,60,61,62,63,64,65,66,67,68,69,70,71,72,73,74,75,76,77,78,79,80,81,82,83,84,85,86,87,88,89,90,91,92,93,94,95,96,97,98,99,100,101,102,103,104,105,106,107,108,109,110,111,112
0,0.0,4.2375584,7.5143633,9.8452635,13.035542,15.820977,18.22535,21.654186,24.833048,28.081728,31.049465,33.940174,36.838688,36.056904,35.409275,30.209381,28.87635,25.644796,23.057411,21.162762,19.051123,19.379902,14.205682,14.763596,19.00954,18.513052,22.808676,21.27782,27.267221,28.471027,32.711037,36.50855,39.081352,38.558296,43.380642,43.849163,47.230335,46.713684,42.224182,37.962967,41.110107,36.29798,38.086136,34.914944,33.46768,30.615896,28.207773,27.860615,25.73037,25.300802,26.884563,27.986559,29.901556,34.53318,34.10819,38.031006,37.280823,39.801647,44.46469,42.86177,39.59068,40.959698,36.054905,35.298416,32.394623,30.323277,30.850502,27.21522,25.644411,25.96569,26.241156,29.098219,29.320957,33.080482,32.240253,38.122253,35.394634,39.832497,39.784637,35.77275,37.867348,35.287495,30.981682,29.171387,25.219461,24.011866,20.958467,18.247782,19.222748,17.340528,19.827265,17.911308,18.089037,23.439972,24.64748,28.073656,29.61723,33.887688,35.246876,34.58236,31.495457,27.468006,28.374565,22.313082,20.669304,18.533922,15.286723,17.38934,12.106125,18.359734,17.347904,21.043068,21.420916
1,4.2375584,0.0,5.1393695,6.720291,9.771212,13.344491,15.816395,19.13597,22.505892,25.502892,28.797323,31.296036,34.41805,33.895744,32.99162,28.07699,26.331161,23.528778,20.481335,19.133354,16.337017,17.529406,12.750278,14.066535,18.80503,18.79531,22.31652,21.357227,26.632748,28.594267,32.37528,36.196075,39.026848,38.160984,43.124733,43.17089,46.496098,45.676826,41.270004,36.998466,39.686554,35.030544,36.345284,33.126896,32.289177,29.043365,27.366621,26.807953,25.141806,25.223003,27.336721,28.879576,31.011213,35.10348,34.716694,38.63198,37.327023,39.888973,44.425266,42.372597,39.171276,40.06307,35.240154,34.04863,31.401854,28.747374,28.934294,25.313416,23.129606,23.376163,24.287184,26.767265,27.50114,30.968155,30.588928,36.275486,33.896442,38.41607,38.574562,34.60608,37.032413,34.561493,30.248838,28.270304,24.331001,22.697748,20.523108,17.579443,19.38399,18.168056,21.121748,19.885088,19.276405,24.814993,25.276184,29.110983,30.015385,34.865223,35.8565,35.18699,32.404434,28.166468,29.71691,23.493145,22.394464,20.74056,17.084593,18.594093,13.185149,18.773336,16.780455,20.486788,19.98844
2,7.5143633,5.1393695,0.0,5.42389,6.865678,9.037599,13.052452,15.235444,19.29195,22.008291,25.258787,27.87064,31.221292,30.973751,30.461182,25.66753,24.376986,21.96215,19.470581,18.941214,16.655697,19.326466,14.837533,17.221493,21.869135,21.10558,23.987453,22.30446,26.907774,28.841501,32.080086,35.262486,37.53523,36.071774,41.166264,40.88169,44.227726,43.32503,39.216045,35.030575,38.183567,33.919952,35.098152,32.558144,32.232346,29.25617,28.478415,28.391933,27.323414,28.006687,30.114786,31.446627,33.045692,36.98388,35.96196,39.71879,38.08146,40.235317,44.89868,42.54938,39.226288,40.58098,36.063625,34.85969,33.09784,29.853956,30.414768,27.353014,24.596241,23.873579,24.252806,26.039804,26.31245,29.376461,28.602741,34.008987,31.232628,35.690918,35.516163,31.382769,33.581127,30.852245,26.835232,25.350842,21.405361,20.28871,18.803171,17.240412,19.601587,19.161972,22.627724,21.139837,19.464882,24.503513,24.203823,28.102734,28.310322,33.158703,33.76404,32.604874,30.205492,26.017656,28.218655,21.901606,21.886316,20.818243,16.903988,17.579172,11.757761,16.140661,13.245572,16.497904,15.575683
3,9.8452635,6.720291,5.42389,0.0,3.6812327,7.8718734,9.216057,12.865516,15.91228,18.9116,22.25958,24.655378,27.740479,27.273617,26.324432,21.524336,19.764496,17.236952,14.31883,13.72361,11.234424,14.290976,10.336963,13.466366,18.046375,17.468534,19.510923,18.409874,22.371569,24.950872,27.899197,31.365547,34.208817,32.868572,37.945778,37.536404,40.79427,39.721237,35.46149,31.232182,33.733646,29.36899,30.342333,27.491945,27.329685,24.093857,23.643847,23.448225,22.76136,23.919722,26.364492,28.003456,29.73962,33.08598,32.16693,35.88967,33.834015,36.10656,40.583275,37.978283,34.771008,35.662407,31.18012,29.740091,28.134169,24.620174,25.123726,22.244171,19.327261,18.451517,18.998741,20.849781,21.51253,24.658106,24.371906,29.859138,27.637897,32.180847,32.49153,28.614822,31.36383,29.136549,24.79525,22.58984,18.769297,16.754036,15.6908245,13.185313,16.103802,16.239891,19.926651,19.417965,17.22584,22.475029,21.68308,25.927309,25.830227,31.31537,31.761944,31.126104,28.81737,24.417692,26.864885,20.687887,20.628534,19.980259,15.956072,16.254137,11.478698,15.287026,12.348854,16.014286,14.802061
4,13.035542,9.771212,6.865678,3.6812327,0.0,4.988151,7.233271,9.771937,13.417296,15.980351,19.54716,21.711098,25.093725,24.98677,24.119926,19.664074,17.94427,16.107178,13.386448,13.908167,11.557268,15.9062,12.816846,16.389273,20.789465,20.089039,21.372795,20.20702,23.22523,26.082039,28.391996,31.415855,34.024345,32.16511,37.326008,36.487286,39.691364,38.40214,34.41204,30.286785,32.757862,28.799603,29.379152,26.985657,27.51223,24.30963,24.82851,24.80213,24.693325,26.323963,28.895287,30.558094,32.08453,35.07006,33.862038,37.426746,34.97647,37.00262,41.418648,38.460285,35.272087,36.165043,31.988998,30.345444,29.423594,25.371151,25.894665,23.463871,19.98678,18.448269,19.013891,20.051914,20.724836,23.319752,23.092154,28.18319,25.971636,30.475653,30.716307,26.818653,29.618732,27.353422,23.261887,21.286919,17.60836,15.68413,15.80279,14.254123,17.69288,18.509232,22.397942,21.999601,19.1629,23.967375,22.454151,26.775455,25.966148,31.612186,31.64561,30.751514,28.87153,24.51926,27.566685,21.500114,22.238346,22.065762,18.006687,17.64926,13.107729,15.482991,11.622869,14.703683,12.54053
5,15.820977,13.344491,9.037599,7.8718734,4.988151,0.0,6.37316,6.2980742,10.968703,13.238134,16.476418,19.077862,22.575506,22.661316,22.491722,18.12236,17.399588,15.93069,14.549249,15.684953,14.654832,19.401644,16.488039,20.23937,24.271097,22.778585,23.775667,21.705652,24.164427,26.562477,28.374002,30.576519,32.393208,29.980822,35.18568,34.128788,37.356834,36.105885,32.465134,28.499538,31.71528,28.230165,28.876528,27.393986,28.181128,25.605368,26.70447,27.263798,27.503399,29.400122,31.688946,32.952858,33.865215,36.84619,35.003983,38.33999,35.80391,37.33577,41.87241,38.826797,35.527767,37.134136,33.337765,31.937017,31.831713,27.601767,28.678566,26.85862,23.353464,20.979523,20.508375,20.880178,20.615969,22.758648,21.754425,26.485716,23.610128,27.955465,27.691515,23.587654,25.981709,23.386835,19.669289,18.409302,14.818525,13.876843,14.687038,15.1210165,18.561607,19.89006,23.907015,23.112469,19.604624,23.555138,21.437767,25.557535,24.125082,29.495386,29.174744,27.752726,26.291122,22.159035,25.733227,19.875734,21.66367,22.028524,18.09492,16.971111,12.764002,13.216498,8.544832,10.650493,7.8519034
6,18.22535,15.816395,13.052452,9.216057,7.233271,6.37316,0.0,5.602987,6.776328,10.180659,13.210504,15.876656,18.663332,18.111637,17.46266,12.637314,11.621624,9.6156225,8.522199,9.871715,10.084332,15.104437,13.47037,17.58757,20.82903,19.154943,18.909967,17.154839,18.408968,21.358183,22.66126,25.055696,27.490612,25.30909,30.471767,29.389378,32.544918,31.183826,27.254686,23.182758,25.80268,22.121277,22.722431,21.030647,21.914354,19.3566,21.003998,21.770216,22.606003,25.078753,27.46131,28.810135,29.587532,31.851345,29.938932,33.11806,30.152172,31.679289,36.028328,32.75172,29.54839,30.89927,27.25846,25.777195,26.17452,21.726412,23.132473,21.94864,18.571634,15.528342,14.34843,14.640573,14.297982,16.691725,15.983922,21.078173,18.751503,23.269554,23.647709,19.898758,23.03098,21.23312,16.982254,14.538545,11.187755,8.7775755,10.503632,10.486287,14.436911,16.661766,20.66826,20.9008,16.846785,20.547163,17.781204,22.157965,20.345491,26.389984,25.923824,25.274565,23.886312,19.61645,23.335129,17.971502,19.689358,20.608505,16.921648,15.308419,13.037357,12.501787,8.851918,11.269397,9.195735
7,21.654186,19.13597,15.235444,12.865516,9.771937,6.2980742,5.602987,0.0,5.399403,6.983562,10.286979,12.8059635,16.345625,16.686098,16.712994,12.924871,12.748562,12.461896,12.380466,14.83303,15.003378,20.466179,18.96829,23.078316,26.42861,24.682882,24.293856,22.290154,22.871271,25.609922,26.180273,27.611225,29.196247,26.138746,31.291647,29.586185,32.635815,31.052855,27.80402,24.103899,27.067057,24.316414,24.413988,23.811031,25.521227,23.345861,25.861908,26.812334,27.979084,30.602047,32.948456,34.18143,34.68101,36.815483,34.543423,37.476295,34.308483,35.387966,39.65791,36.12155,32.969036,34.58306,31.452908,29.91028,31.024155,26.271673,27.654297,26.848751,23.09148,19.6759,18.568014,17.666574,17.01489,18.154112,17.131542,21.088152,18.390945,22.58543,22.444237,18.561136,21.33279,19.178291,15.78807,14.508471,11.742499,10.73364,13.867215,15.539554,19.309778,21.68481,25.691757,25.545813,21.248148,24.222385,20.940989,24.986908,22.363096,28.023174,26.987474,25.62619,24.970375,21.103432,25.449627,20.445179,23.138212,24.360579,20.775639,18.742756,16.309889,14.361698,9.865031,10.33274,6.3838162
8,24.833048,22.505892,19.29195,15.91228,13.417296,10.968703,6.776328,5.399403,0.0,4.003188,6.4627743,9.39923,12.037575,11.742477,11.673798,7.543253,8.08581,8.215153,9.823445,12.6847105,14.338366,19.534573,19.169281,23.276382,25.78569,23.782215,22.283245,20.387217,19.433117,22.369072,22.037413,23.097729,24.856112,21.702269,26.769321,24.838434,27.78771,26.052647,22.743032,19.086329,21.712744,19.19987,19.13423,18.997156,21.082249,19.371092,22.72032,24.047308,25.852516,28.948095,31.201305,32.338394,32.495087,33.910778,31.38483,33.98622,30.415825,31.220583,35.25836,31.468508,28.439249,30.068151,27.399809,25.901003,27.875097,23.00312,24.827244,24.88794,21.405716,17.300352,15.185225,13.583558,12.279901,12.976186,11.840523,15.73402,13.332601,17.631006,17.982569,14.4593935,17.918005,16.610949,13.026471,10.868852,9.020827,7.209248,11.974412,14.119522,17.81165,20.89667,24.670967,25.211426,20.539894,22.756933,18.789055,22.72586,19.461248,25.444416,24.071184,23.26701,22.966707,19.283247,23.827063,19.673943,22.557646,24.336727,21.190483,18.7022,17.93401,14.925288,11.643402,11.818715,9.180068
9,28.081728,25.502892,22.008291,18.9116,15.980351,13.238134,10.180659,6.983562,4.003188,0.0,4.1289153,5.9059916,9.442656,10.257814,10.388284,8.2418375,8.929983,10.832643,12.436124,15.91695,17.213846,22.70684,22.691835,26.833424,29.388071,27.591799,25.80506,24.176018,22.627169,25.704363,24.76997,25.29331,26.72469,23.059038,27.912426,25.36993,28.058746,25.982487,23.306486,20.119587,22.297709,20.67694,19.868198,20.434828,23.332272,21.712015,25.77531,27.035248,29.157633,32.422955,34.788307,36.015488,36.15544,37.245823,34.671097,37.072266,33.236816,33.819668,37.594078,33.51985,30.69085,32.08711,29.866766,28.151316,30.609642,25.484951,27.08134,27.451548,23.672995,19.425955,17.77847,15.286036,14.333959,13.739741,13.058882,15.445817,13.517682,17.298613,17.61366,14.468847,17.875282,16.776663,14.156716,12.737221,11.830667,10.655146,15.759136,18.052843,21.734062,24.879234,28.624516,29.200321,24.49464,26.464268,22.284874,26.000902,22.2963,28.035805,26.262114,25.235058,25.48681,22.158981,26.930136,23.131433,26.309534,28.188946,25.074905,22.507437,21.624126,18.340569,14.843378,14.259605,10.979967
10,31.049465,28.797323,25.258787,22.25958,19.54716,16.476418,13.210504,10.286979,6.4627743,4.1289153,0.0,4.4651003,6.542287,7.1407337,8.629706,7.394586,9.90033,11.91801,14.7786,17.947973,20.106537,25.169376,25.345554,29.393381,31.499437,29.292736,27.171122,25.16426,22.875042,25.475353,23.84883,23.47649,24.243235,20.144667,24.791103,21.93364,24.512741,22.405592,20.148737,17.346512,19.966724,19.093748,18.340399,19.984293,22.953316,22.167686,26.522995,28.210838,30.570436,33.964104,36.04813,36.970024,36.63151,37.441677,34.455345,36.49603,32.590225,32.683056,36.328384,32.232635,29.478556,31.401047,29.722952,28.330843,31.471144,26.534962,28.588402,29.49807,26.08589,21.577116,19.044298,16.259268,14.28952,13.003631,11.418979,12.755876,10.32569,13.677754,13.733738,10.806684,14.219301,13.587655,11.643347,10.699312,11.090324,10.81145,16.212769,19.45568,22.722277,26.127813,29.653107,30.262257,25.356531,26.428452,21.85839,25.101322,20.833078,26.19235,24.003742,22.951029,23.782158,20.980066,25.913006,22.980072,26.604855,28.891123,26.191692,23.26838,23.304949,19.021587,16.26647,14.915865,12.463732
11,33.940174,31.296036,27.87064,24.655378,21.711098,19.077862,15.876656,12.8059635,9.39923,5.9059916,4.4651003,0.0,4.4706283,6.9820476,7.5201335,9.004531,10.373006,13.771413,16.088789,19.83335,21.512102,26.804512,27.584301,31.647612,33.75362,32.005413,29.452234,28.12136,25.258854,28.39285,26.337217,25.968336,27.036713,22.893404,27.176355,23.821009,25.981844,23.42186,21.686087,19.362656,20.604836,20.438395,18.666506,20.494677,24.347256,23.288198,28.346151,29.745358,32.45595,36.052845,38.39614,39.603485,39.497787,39.837215,37.087856,39.013424,34.759136,34.884678,38.129066,33.68634,31.248915,32.409348,31.082047,29.265337,32.708706,27.479395,29.088947,30.28081,26.572937,22.048723,20.309265,16.770626,15.778726,13.411235,13.233816,13.055088,12.335422,14.947487,15.604881,13.695642,17.153713,17.081406,15.763303,14.779817,15.38993,14.541287,20.068516,22.613728,26.063412,29.506153,33.016266,33.937096,29.112259,30.39678,25.818214,29.097843,24.770555,30.17143,27.848103,26.977287,27.992743,25.279552,30.167969,27.287046,30.733637,32.945507,30.140076,27.346258,27.137865,23.269785,20.24244,19.08868,16.134836
12,36.838688,34.41805,31.221292,27.740479,25.093725,22.575506,18.663332,16.345625,12.037575,9.442656,6.542287,4.4706283,0.0,3.5193107,5.1769705,8.6437645,11.019982,14.41643,17.617237,21.022318,23.469427,28.206738,29.442429,33.34542,34.872906,32.901657,29.8178,28.462652,24.65689,27.532207,24.68706,23.60941,24.416777,20.159498,23.98621,20.27985,22.137672,19.375462,18.058418,16.30275,17.121675,17.887764,15.85934,18.724306,22.772316,22.486935,27.914415,29.625353,32.656837,36.4181,38.53468,39.53913,39.069283,38.887962,35.904774,37.41735,32.99793,32.71309,35.623924,31.08737,28.88343,30.215239,29.540411,27.95391,32.10893,27.114769,29.087254,30.917631,27.666054,22.965195,20.50426,16.693539,15.038727,11.830524,11.419587,9.461527,9.547391,11.2541275,12.412613,11.61726,15.2473955,16.197767,15.38664,14.311351,15.979069,15.297739,20.825047,23.657171,26.703573,30.373306,33.570744,34.777313,29.894943,30.467562,25.65749,28.503632,23.849201,28.958055,26.35815,25.877714,27.288439,25.04472,29.82051,27.79679,31.316994,33.83032,31.429878,28.449354,29.143333,24.785364,22.497013,21.2022,19.00062
13,36.056904,33.895744,30.973751,27.273617,24.98677,22.661316,18.111637,16.686098,11.742477,10.257814,7.1407337,6.9820476,3.5193107,0.0,3.8119078,6.5761266,9.847531,12.590657,16.437145,19.355276,22.424862,26.653692,28.003525,31.752855,32.89366,30.689411,27.421852,25.91862,21.75833,24.400703,21.329378,20.100456,21.014494,16.919449,20.812933,17.301632,19.33448,16.698103,14.851106,12.853355,13.936808,14.53968,12.897748,16.033602,19.75469,19.934153,25.246609,27.212488,30.273088,34.039677,35.950085,36.77547,36.08742,35.78346,32.663403,34.058865,29.665567,29.267433,32.21415,27.755306,25.493584,27.1521,26.54933,25.238253,29.567987,24.834085,27.192198,29.222954,26.393232,21.639746,18.445435,14.867546,12.4421,9.31102,8.1867895,6.2734227,6.2485743,8.409413,10.111265,9.468462,13.563388,14.934326,13.666724,12.0126915,14.089872,13.312941,18.652662,21.587164,24.316374,28.080229,31.062014,32.4287,27.565565,27.782303,22.923315,25.604658,20.93148,26.07731,23.524673,23.440258,24.763193,22.59603,27.195469,25.544949,28.947178,31.588108,29.453789,26.421698,27.740402,23.247322,21.558172,20.461792,18.921438
14,35.409275,32.99162,30.461182,26.324432,24.119926,22.491722,17.46266,16.712994,11.673798,10.388284,8.629706,7.5201335,5.1769705,3.8119078,0.0,5.6683855,7.3468466,10.91244,14.249577,17.434313,20.232615,24.423363,26.328722,30.013626,31.07957,29.33061,25.721745,24.945374,20.512203,23.867718,20.867579,20.447855,22.374231,18.87273,22.73984,19.45837,21.38629,18.638603,16.364632,14.121249,13.625917,13.749708,11.315143,13.676151,18.026321,17.584919,23.326094,24.946884,28.216574,32.109158,34.283344,35.436516,35.13107,34.540302,31.84261,33.364006,28.736477,28.734709,31.49489,26.807478,24.695559,25.425636,24.692493,22.914686,27.179823,22.188812,24.185625,26.336637,23.384014,18.65364,16.024576,11.980902,10.606178,6.8668118,7.8871207,6.606258,8.5594225,11.026618,13.406729,12.807022,17.09559,18.347479,16.44674,14.053042,15.478666,13.656173,18.955355,20.848223,23.780512,27.510359,30.476946,32.220337,27.536537,28.308176,23.653397,26.67151,22.376953,27.97154,25.72041,26.000898,26.894482,24.349726,28.748371,26.690392,29.596615,32.014847,29.705368,26.933815,27.997541,24.241337,22.337791,21.89631,20.047508
15,30.209381,28.07699,25.66753,21.524336,19.664074,18.12236,12.637314,12.924871,7.543253,8.2418375,7.394586,9.004531,8.6437645,6.5761266,5.6683855,0.0,4.4410477,6.0432477,10.132286,12.81081,16.077127,20.173775,21.44866,25.17726,26.398304,24.308748,21.220177,19.879723,16.339201,19.554314,17.521082,17.92232,20.171865,17.0914,21.711782,19.376354,21.991003,19.915684,16.506212,13.07892,14.4007435,12.479573,11.785349,12.674197,15.665667,14.910543,19.683083,21.467615,24.236506,27.90061,29.970287,30.995886,30.71758,30.859272,28.110954,30.081663,25.859108,26.222532,29.685402,25.431948,22.75646,24.149963,22.42673,20.958977,24.378807,19.526415,21.897903,23.376598,20.566433,15.8726225,12.44961,9.518327,7.0151806,5.947787,5.0757923,8.569333,7.80853,11.985981,13.704787,11.626649,16.008226,16.448755,13.254926,10.02087,10.53235,8.098221,13.360185,15.342526,18.350336,22.047777,25.16794,26.698849,21.97852,23.058622,18.538944,21.940609,18.035841,24.089054,22.303976,22.563805,22.784388,19.71217,24.035286,21.413553,24.141827,26.447601,24.052885,21.334206,22.420004,18.865578,17.17708,17.228628,15.862439
16,28.87635,26.331161,24.376986,19.764496,17.94427,17.399588,11.621624,12.748562,8.08581,8.929983,9.90033,10.373006,11.019982,9.847531,7.3468466,4.4410477,0.0,4.587135,6.9207397,10.425512,12.88735,17.314924,19.169428,22.906693,24.318003,22.957174,19.70284,19.38795,16.097012,20.24517,18.741318,20.244232,23.39219,20.875206,25.39662,23.23344,25.718363,23.536522,19.993725,16.550179,16.520468,14.058313,12.740631,11.989766,15.412119,13.342396,18.34793,19.466057,22.319345,26.054707,28.570652,30.098969,30.460514,30.49261,28.38941,30.644855,26.307186,27.271164,30.575981,26.204844,23.683601,23.917,21.755278,19.621866,22.488325,17.18757,18.862776,20.111052,16.825775,12.128111,9.988937,6.5545654,6.7037625,6.144835,8.1287365,11.536321,12.061625,16.014046,18.03974,16.058308,20.41683,20.640944,17.202318,13.807821,13.366678,9.969318,14.634613,14.915886,18.334042,21.791344,24.989254,26.839577,22.460072,24.485136,20.448908,24.247938,20.97808,27.318275,25.89978,26.323513,26.096031,22.639053,26.675982,23.399067,25.468945,27.339994,24.611671,22.357582,22.715532,20.365307,18.190445,19.040424,17.120628
17,25.644796,23.528778,21.96215,17.236952,16.107178,15.93069,9.6156225,12.461896,8.215153,10.832643,11.91801,13.771413,14.41643,12.590657,10.91244,6.0432477,4.587135,0.0,4.7813997,6.772302,10.421671,14.153331,15.577967,19.221693,20.459257,18.673504,15.691426,14.897504,12.258756,16.266884,15.637433,17.901915,21.371801,19.519794,24.252016,22.905836,25.708487,24.051874,19.858664,15.894273,16.853334,13.113521,13.272787,11.525719,13.273279,11.159631,14.973206,16.355963,18.765162,22.314692,24.632528,25.97735,26.278505,26.803898,24.658464,27.205696,23.250195,24.485554,28.24418,24.32946,21.4523,22.259216,19.38771,17.706934,19.86046,14.968885,17.198788,17.970709,15.260519,10.814041,7.2652736,6.0520434,4.817862,7.4798517,7.9054866,13.230256,12.657709,16.980183,18.708488,16.26641,20.39321,20.304396,16.15632,12.256219,11.063857,7.021792,10.63152,10.412122,13.74969,17.228716,20.414743,22.27958,17.95422,20.166138,16.417603,20.413836,17.742193,24.249159,23.322565,23.98048,23.152142,19.416601,23.059242,19.552485,21.19244,22.966185,20.333675,18.208853,18.95401,16.985523,15.4741,16.969488,15.925424
18,23.057411,20.481335,19.470581,14.31883,13.386448,14.549249,8.522199,12.380466,9.823445,12.436124,14.7786,16.088789,17.617237,16.437145,14.249577,10.132286,6.9207397,4.7813997,0.0,4.3251324,6.021703,10.73215,12.401677,16.171724,18.033804,17.191038,14.645925,14.956594,13.700706,18.246368,18.60984,21.76171,25.65756,24.142307,28.853607,27.64536,30.41704,28.719728,24.509668,20.562096,20.929773,16.978045,16.811325,13.872663,15.436382,11.958909,14.9852495,15.363636,17.373,20.71721,23.556225,25.461485,26.575308,27.373182,25.999218,28.939573,25.188581,27.053984,30.739729,26.961456,24.208231,24.067955,20.588482,18.376446,19.258778,14.144984,15.326554,15.111059,11.646994,7.601727,6.6948843,6.6686134,8.485102,11.065247,12.583284,17.532711,17.334332,21.639992,23.360758,20.753641,24.798967,24.333708,20.06584,16.370466,14.379996,10.283998,12.678182,10.415031,14.163449,16.97768,20.305737,22.231804,18.483135,21.885242,18.926537,23.212234,21.3048,27.835379,27.285114,27.851185,26.60067,22.5459,25.86254,21.568195,22.486685,23.611782,20.546247,19.100454,18.645596,18.272423,16.16459,18.452868,16.883015
19,21.162762,19.133354,18.941214,13.72361,13.908167,15.684953,9.871715,14.83303,12.6847105,15.91695,17.947973,19.83335,21.022318,19.355276,17.434313,12.81081,10.425512,6.772302,4.3251324,0.0,4.9866805,7.4651866,9.137614,12.596476,13.9921255,12.908325,10.452362,10.880323,10.63398,15.086147,16.46683,20.424564,24.694683,23.981066,28.577177,28.072582,30.944946,29.651423,25.043432,20.935728,21.606865,16.906847,17.696022,14.020668,13.964784,10.440714,11.665671,12.050705,13.497775,16.656883,19.380764,21.23505,22.470184,23.615744,22.459145,25.666092,22.339314,24.576618,28.475395,25.197033,22.307024,22.363522,18.264896,16.468908,16.37307,11.936662,13.556763,12.804237,10.413329,7.349477,5.319844,8.108515,9.183725,13.019088,13.91942,19.503304,18.995285,23.272982,24.929699,22.29233,26.109148,25.60251,21.00889,17.095299,14.825022,10.78603,11.203721,7.2519236,10.5769,13.137948,16.248943,18.48585,15.150479,18.875998,16.608854,20.869328,19.840818,26.24569,26.226742,27.165365,25.372437,21.248266,23.861946,19.563456,19.65347,20.5121,17.68153,16.660528,16.705694,17.165634,16.01541,18.889309,18.251276
20,19.051123,16.337017,16.655697,11.234424,11.557268,14.654832,10.084332,15.003378,14.338366,17.213846,20.106537,21.512102,23.469427,22.424862,20.232615,16.077127,12.88735,10.421671,6.021703,4.9866805,0.0,6.0667634,7.4430113,11.078521,13.738873,14.029146,12.711321,14.060261,15.095559,19.500702,21.29697,25.400229,29.653873,28.789398,33.46885,32.791348,35.650528,34.191765,29.730162,25.660969,26.037235,21.56167,21.809658,17.905937,18.299417,14.1583605,14.954614,14.249301,15.046782,17.646078,20.854744,23.232437,25.235586,26.681303,26.193146,29.60688,26.49581,29.04868,32.800007,29.566826,26.84356,26.195879,21.925583,19.689268,18.580822,14.196464,14.352913,12.285038,8.789928,7.227173,8.968021,11.122981,13.53069,16.68656,18.172482,23.389593,23.037617,27.395512,28.978806,26.13291,29.93776,29.080488,24.544895,20.953047,18.25436,14.396265,14.794751,10.419076,13.782775,15.369596,18.55083,20.44969,17.772457,22.362858,20.638351,25.008177,24.269003,30.605577,30.686651,31.301693,29.387182,25.088522,27.6742,22.734514,22.512526,22.757336,19.481611,19.066841,17.575033,19.340166,17.35129,20.57801,19.236298
21,19.379902,17.529406,19.326466,14.290976,15.9062,19.401644,15.104437,20.466179,19.534573,22.70684,25.169376,26.804512,28.206738,26.653692,24.423363,20.173775,17.314924,14.153331,10.73215,7.4651866,6.0667634,0.0,5.2944884,6.875083,8.144174,9.544208,8.2691965,11.361786,13.418946,17.523092,20.252483,25.214798,30.03758,30.206152,34.490837,34.51967,37.309685,36.203255,31.415854,27.39252,27.438301,22.436083,23.325775,18.587334,17.443726,13.326905,11.645771,10.083328,9.739703,11.850497,15.261565,18.003227,20.638779,22.1128,22.479807,26.090612,23.547285,26.682047,30.27142,27.683273,25.135593,24.052742,19.223272,17.320864,14.476132,11.516026,11.484415,8.269633,7.2008705,8.254976,9.712498,13.5562,15.761296,19.554039,20.983707,26.412504,26.274723,30.427902,32.19729,29.61383,33.306286,32.66914,27.94546,24.09589,21.516212,17.762262,16.605984,10.909171,12.657008,13.252612,15.403184,18.060528,16.630041,21.339224,20.709461,24.682865,25.016235,30.97619,31.634935,32.857307,30.45107,26.307209,27.88218,23.369688,21.919224,21.689672,19.055134,19.403198,18.73376,21.455713,20.67558,24.259233,23.818058
22,14.205682,12.750278,14.837533,10.336963,12.816846,16.488039,13.47037,18.96829,19.169281,22.691835,25.345554,27.584301,29.442429,28.003525,26.328722,21.44866,19.169428,15.577967,12.401677,9.137614,7.4430113,5.2944884,0.0,4.1764374,8.030533,8.389082,10.093085,11.025961,15.36314,18.360992,21.93528,26.654276,30.81776,30.84343,35.387638,35.65122,38.699833,37.83362,33.019558,28.806362,30.073154,24.974289,26.377907,22.201757,20.71684,17.205664,14.924222,14.072359,12.700887,13.688979,16.449106,18.614958,21.044876,23.854176,23.854752,27.708939,25.825962,28.788313,32.884884,30.689821,27.791405,27.79409,22.84952,21.54464,18.660702,16.21195,16.687529,13.368091,12.220086,12.732351,13.205662,16.877747,18.082844,22.135565,22.59055,28.44433,27.309662,31.670195,32.8628,29.74764,33.0171,31.793814,26.986204,23.56355,20.379034,17.220514,15.018732,9.3956,11.03775,10.684799,13.385961,14.9323635,13.794336,19.242443,19.219782,23.263783,24.08995,29.751244,30.696682,31.453062,28.713522,24.426264,25.803427,20.627918,18.926418,18.175793,15.155674,16.026848,14.352092,18.206429,17.504114,21.437576,21.365284
23,14.763596,14.066535,17.221493,13.466366,16.389273,20.23937,17.58757,23.078316,23.276382,26.833424,29.393381,31.647612,33.34542,31.752855,30.013626,25.17726,22.906693,19.221693,16.171724,12.596476,11.078521,6.875083,4.1764374,0.0,4.9306464,6.9059,9.932976,11.685874,16.736668,19.214802,23.339903,28.421001,32.790665,33.376446,37.667233,38.314144,41.31022,40.63071,35.695347,31.548824,32.62439,27.35319,28.994545,24.475452,22.321726,18.949549,15.38739,14.05134,11.563896,11.329759,13.956434,16.314032,19.354725,22.458912,23.18478,27.137356,25.851913,29.144285,33.07599,31.39126,28.661741,28.400091,23.250755,22.212133,18.25,16.985945,17.157185,13.306634,13.46994,15.11918,15.80331,19.886343,21.15746,25.348585,25.864225,31.728235,30.726234,34.97154,36.23569,33.24181,36.42085,35.264225,30.421614,26.964321,23.85849,20.832983,18.024134,12.237197,12.638488,11.188765,12.746498,14.512895,14.768379,20.17637,21.05056,24.689949,26.243969,31.499823,32.822742,33.85363,30.82621,26.709087,27.382307,22.516188,19.95957,18.68053,16.238182,17.795832,16.4516,20.955137,20.851227,24.867533,25.157272
24,19.00954,18.80503,21.869135,18.046375,20.789465,24.271097,20.82903,26.42861,25.78569,29.388071,31.499437,33.75362,34.872906,32.89366,31.07957,26.398304,24.318003,20.459257,18.033804,13.9921255,13.738873,8.144174,8.030533,4.9306464,0.0,4.699279,7.2169027,10.249751,14.9378395,17.012037,21.321331,26.734123,31.47063,32.757767,36.600163,37.640236,40.46513,39.986404,34.949547,30.997503,31.633482,26.248686,28.202034,23.414331,20.413994,17.492136,12.624183,11.090489,7.6474752,6.4971848,9.101732,11.758161,15.2193575,17.992088,19.322601,23.23135,22.290934,25.856674,29.502645,28.264078,25.779064,25.260895,20.039024,19.431482,14.719613,14.84784,15.319648,11.860308,13.764026,15.732952,15.73889,20.238932,21.300291,25.611275,26.186565,31.916567,31.276741,35.22887,36.743313,34.15877,37.348328,36.608154,31.779594,28.077646,25.423832,22.357887,19.267748,13.442478,12.676509,11.096324,11.222502,14.106397,15.028486,19.63012,20.8974,24.026524,26.002169,30.943682,32.47943,34.093544,30.991335,27.195108,27.283478,23.296965,20.242094,19.106243,17.567421,19.100662,19.207918,23.115282,23.782347,27.62981,28.344131
25,18.513052,18.79531,21.10558,17.468534,20.089039,22.778585,19.154943,24.682882,23.782215,27.591799,29.292736,32.005413,32.901657,30.689411,29.33061,24.308748,22.957174,18.673504,17.191038,12.908325,14.029146,9.544208,8.389082,6.9059,4.699279,0.0,5.628311,6.140045,12.168501,13.290958,18.084818,23.270191,27.603683,28.98026,32.82444,34.12754,37.05701,36.830597,31.767212,27.787054,29.245407,23.794947,26.329699,22.084255,18.604864,16.498693,11.442087,11.282257,8.284491,7.8824296,9.187059,10.541269,12.806109,16.353626,16.62112,20.62572,19.870596,23.088243,27.221228,26.146294,23.31323,24.011332,18.87262,18.918612,15.20134,15.188074,16.878803,14.397371,15.884009,16.544416,14.902542,19.418348,19.36753,23.916574,23.670317,29.592005,28.387733,32.264187,33.495716,30.848969,33.746204,32.964645,28.167282,24.593964,22.013498,19.367506,15.590692,10.2096815,8.460643,6.6143084,6.7100763,9.895352,10.538591,14.936102,16.394526,19.392836,21.618742,26.352623,28.0175,29.648712,26.442873,22.753757,22.624563,18.854366,15.709312,14.813382,13.579795,14.941079,16.045189,19.408947,20.775179,24.449419,25.75692
26,22.808676,22.31652,23.987453,19.510923,21.372795,23.775667,18.909967,24.293856,22.283245,25.80506,27.171122,29.452234,29.8178,27.421852,25.721745,21.220177,19.70284,15.691426,14.645925,10.452362,12.711321,8.2691965,10.093085,9.932976,7.2169027,5.628311,0.0,5.4569526,7.816386,10.554519,14.265998,19.740065,24.770807,26.177069,29.818329,30.82409,33.521584,33.059814,28.015385,24.201155,24.638748,19.22585,21.487356,16.909208,13.383186,11.122656,5.9010153,5.959314,4.4342585,6.913572,9.0160475,10.871638,12.718386,14.177335,14.277928,18.004725,16.061966,19.385824,23.196394,21.491625,18.830063,18.788382,13.631212,13.345732,10.163883,9.762411,12.103085,10.839167,12.737948,12.843271,10.538982,15.137066,15.327588,19.70309,20.066412,25.607122,25.226862,28.871891,30.62177,28.503399,31.79881,31.620773,26.936737,22.949093,21.022318,17.84088,15.239905,10.0357685,9.03236,9.508864,9.907647,13.82871,12.96592,16.22493,16.338493,19.405018,20.673018,25.903994,27.06846,29.125862,26.435795,22.875084,23.319101,20.235207,18.00597,18.111845,16.906435,17.207476,19.044666,20.907703,21.960295,25.23882,26.149794
27,21.27782,21.357227,22.30446,18.409874,20.20702,21.705652,17.154839,22.290154,20.387217,24.176018,25.16426,28.12136,28.462652,25.91862,24.945374,19.879723,19.38795,14.897504,14.956594,10.880323,14.060261,11.361786,11.025961,11.685874,10.249751,6.140045,5.4569526,0.0,7.1010866,7.7380066,12.43377,17.3426,21.527693,22.848871,26.702368,28.0294,30.98264,30.859577,25.797606,21.839182,23.824112,18.41024,21.434958,17.910053,14.160652,13.144972,8.973401,10.679471,9.635881,11.146449,11.869852,12.170629,12.436705,15.22623,13.764323,17.511541,16.050236,18.64559,23.201422,21.774761,18.57803,20.459597,15.731868,16.263435,14.548748,13.808163,16.827887,15.909721,16.858002,15.836127,12.134807,16.26492,14.8734255,19.472792,18.48646,24.380062,22.917597,26.588997,27.76504,25.329062,28.147926,27.683477,22.99307,19.30589,17.255676,14.821191,11.032204,6.8073015,4.0873203,5.144425,6.1962132,9.676203,7.851664,10.8461,11.111733,14.244647,15.889864,20.95091,22.327755,24.19775,21.271597,17.705505,17.955984,14.863377,12.663167,13.151799,12.208633,12.166157,15.052722,16.283218,18.169065,21.245113,22.910608
28,27.267221,26.632748,26.907774,22.371569,23.22523,24.164427,18.408968,22.871271,19.433117,22.627169,22.875042,25.258854,24.65689,21.75833,20.512203,16.339201,16.097012,12.258756,13.700706,10.63398,15.095559,13.418946,15.36314,16.736668,14.9378395,12.168501,7.816386,7.1010866,0.0,5.391579,6.8684063,12.145168,17.378191,18.721947,22.214422,23.118395,25.736593,25.327337,20.27237,16.583002,17.264503,11.813432,14.838009,11.334633,7.119102,7.3361063,5.4342136,8.7034235,10.484287,13.69348,14.660004,15.133547,14.668756,14.656675,12.464334,15.269827,11.884128,14.0819435,18.270002,15.74971,12.585033,14.203302,10.029707,10.526647,11.458162,9.923557,13.995022,15.173069,16.09221,13.908185,8.721107,12.031577,10.058673,14.236798,13.744912,18.94918,18.614428,21.78565,23.684784,22.152817,25.432034,25.92797,21.612665,17.493362,16.744019,13.891459,12.362563,9.931171,9.167289,11.930851,12.767526,16.242228,13.508151,14.398606,12.588142,15.29942,15.177247,20.643648,21.153734,23.615019,21.634157,18.570786,19.635658,17.91457,17.206263,18.755526,17.966408,16.78499,20.163984,19.450901,20.863623,23.122887,24.279358
29,28.471027,28.594267,28.841501,24.950872,26.082039,26.562477,21.358183,25.609922,22.369072,25.704363,25.475353,28.39285,27.532207,24.400703,23.867718,19.554314,20.24517,16.266884,18.246368,15.086147,19.500702,17.523092,18.360992,19.214802,17.012037,13.290958,10.554519,7.7380066,5.391579,0.0,5.56308,10.3773,14.8671665,17.294962,20.268982,22.215677,24.86977,25.193804,20.166166,16.780216,18.808216,13.724288,17.732204,15.377766,10.509495,12.360751,9.354484,12.648469,13.225714,15.29752,14.923584,14.036122,12.043292,12.778646,9.231586,11.941588,9.869929,11.491608,16.378134,15.155323,11.729004,15.502694,11.972258,13.982597,14.655184,14.689215,18.789476,19.74931,21.12405,19.200117,14.001742,17.041878,14.129064,18.047491,16.31558,21.283245,20.099964,22.789968,24.151442,22.712154,25.23513,25.71557,21.62088,17.974022,17.505207,15.784236,12.950614,11.873799,9.391558,11.500468,11.160441,14.282792,12.026304,10.954325,10.000891,11.385048,12.4657345,16.819595,17.967783,20.900463,18.556555,16.152243,16.026302,15.654403,14.504613,16.320314,16.686502,15.52692,20.17303,19.070282,21.668966,23.646824,25.740871
30,32.711037,32.37528,32.080086,27.899197,28.391996,28.374002,22.66126,26.180273,22.037413,24.76997,23.84883,26.337217,24.68706,21.329378,20.867579,17.521082,18.741318,15.637433,18.60984,16.46683,21.29697,20.252483,21.93528,23.339903,21.321331,18.084818,14.265998,12.43377,6.8684063,5.56308,0.0,5.6204987,11.204998,13.615095,16.157385,17.73837,20.099133,20.257963,15.278873,12.296821,13.578625,8.8619175,13.192369,11.962179,7.439438,11.124249,10.901984,14.402332,16.366568,19.184898,19.158699,18.55823,16.467445,15.421846,11.594895,12.798322,9.03083,9.226516,13.695188,11.263364,7.6620536,12.324047,10.380293,12.442331,15.476712,14.835842,19.171734,21.315006,22.328506,19.638916,14.000304,15.711215,12.1761675,15.0567,13.303643,17.18903,16.764347,18.746561,20.58135,20.017092,22.72081,24.006323,20.45531,16.777205,17.469915,15.821643,14.778877,14.907362,13.608613,16.448772,16.636082,19.576462,16.66348,14.994633,12.525429,13.497097,12.640568,16.983727,17.143513,20.384718,19.063257,17.238413,17.96999,18.466354,18.569283,20.920279,21.070402,19.248749,23.84976,21.531776,23.671988,24.963911,26.674019
31,36.50855,36.196075,35.262486,31.365547,31.415855,30.576519,25.055696,27.611225,23.097729,25.29331,23.47649,25.968336,23.60941,20.100456,20.447855,17.92232,20.244232,17.901915,21.76171,20.424564,25.400229,25.214798,26.654276,28.421001,26.734123,23.270191,19.740065,17.3426,12.145168,10.3773,5.6204987,0.0,5.966538,8.8359585,10.611878,12.52738,14.768675,15.380551,10.62822,8.518951,11.142096,8.326787,12.846429,13.979246,11.046915,15.289819,16.365292,19.820766,21.974098,24.786863,24.601091,23.68286,21.040562,19.856222,15.524285,15.592121,12.2244,10.410309,14.184319,11.740706,8.676423,14.667485,14.526213,16.599104,20.608213,19.670301,23.946566,26.443125,27.025002,23.795757,18.017437,18.570143,14.257062,15.841091,13.064264,15.419629,14.664149,15.45108,17.025354,17.322662,19.420212,21.363346,18.71977,15.7356415,17.618309,17.011728,16.814789,18.667488,17.64714,20.678122,21.038807,23.33358,20.019249,17.158762,13.950331,13.823984,11.610317,14.808845,14.118945,17.624104,17.30842,16.585682,17.612583,19.491095,20.667318,23.543634,23.949501,21.576933,26.517502,22.922073,25.193342,25.591404,27.47875
32,39.081352,39.026848,37.53523,34.208817,34.024345,32.393208,27.490612,29.196247,24.856112,26.72469,24.243235,27.036713,24.416777,21.014494,22.374231,20.171865,23.39219,21.371801,25.65756,24.694683,29.653873,30.03758,30.81776,32.790665,31.47063,27.603683,24.770807,21.527693,17.378191,14.8671665,11.204998,5.966538,0.0,5.1208057,5.586163,8.968131,11.337542,13.030626,9.292997,8.578463,13.528423,12.585559,16.58763,18.992643,16.83545,20.883444,22.025726,25.513832,27.400616,29.982176,29.54752,28.226416,25.109272,24.523844,19.81684,19.467934,17.120598,14.524444,17.851076,16.242046,13.746946,20.111645,20.41889,22.540781,26.515604,25.469872,29.72405,32.052013,32.30599,28.808727,22.971695,23.099691,18.337297,19.319393,15.534879,16.855515,14.902225,14.576316,15.009317,15.767402,16.531046,18.751701,17.202398,15.47243,18.106588,18.847271,18.738262,22.041739,20.984356,23.903915,24.343842,25.79929,22.32345,18.384329,15.011429,13.634753,10.653541,11.639992,10.12685,13.761405,14.462012,15.197542,16.16088,19.487064,21.548416,24.77775,25.559315,22.82794,28.054419,23.442293,26.076872,25.62369,27.969479
33,38.558296,38.160984,36.071774,32.868572,32.16511,29.980822,25.30909,26.138746,21.702269,23.059038,20.144667,22.893404,20.159498,16.919449,18.87273,17.0914,20.875206,19.519794,24.142307,23.981066,28.789398,30.206152,30.84343,33.376446,32.757767,28.98026,26.177069,22.848871,18.721947,17.294962,13.615095,8.8359585,5.1208057,0.0,5.20631,5.8667083,9.168669,10.1552725,6.6146274,5.6856117,12.32775,12.258363,15.441819,18.727089,17.95162,21.39995,23.65214,27.003473,29.171434,32.078968,32.158707,31.237885,28.556795,28.282637,23.73984,23.869223,20.999008,18.823385,22.113792,19.657537,17.123512,22.686207,22.84804,24.228714,28.505474,26.46326,30.507607,32.774223,32.25645,28.284136,22.621859,21.936735,17.005997,17.224842,12.91289,13.518147,10.733333,10.05996,9.968455,10.883843,11.607185,14.192405,13.189767,11.980957,15.314881,16.542639,17.671495,21.811872,21.631182,24.922003,26.141827,27.28435,23.160711,19.832703,15.589721,15.104872,10.661283,12.623433,9.90443,12.2451315,13.937798,14.399823,16.833176,19.333302,22.368578,25.73165,25.873703,22.74938,27.346075,22.030258,23.987278,22.930742,24.868753
34,43.380642,43.124733,41.166264,37.945778,37.326008,35.18568,30.471767,31.291647,26.769321,27.912426,24.791103,27.176355,23.98621,20.812933,22.73984,21.711782,25.39662,24.252016,28.853607,28.577177,33.46885,34.490837,35.387638,37.667233,36.600163,32.82444,29.818329,26.702368,22.214422,20.268982,16.157385,10.611878,5.586163,5.20631,0.0,4.724046,6.399309,8.947418,7.2948313,9.02381,13.77848,14.943204,17.932549,21.624292,20.625202,24.679344,26.773264,30.185375,32.417877,35.219616,34.948467,33.733276,30.638721,29.74923,25.108366,24.397816,21.862791,18.888552,21.28641,19.4002,17.580757,23.454636,24.587683,26.41021,31.026114,29.583038,33.700363,36.345245,36.227787,32.381393,26.698782,25.985281,21.235294,21.085018,17.284353,16.7037,14.949946,12.9802065,12.969856,15.052645,14.9787855,18.00856,17.882761,17.111887,20.493605,21.708258,22.611502,26.480593,25.90566,29.005241,29.720827,30.993025,27.263414,23.349995,19.657084,18.291172,14.614007,14.6934185,12.163998,14.920802,16.967508,18.400063,19.92422,23.45216,26.176043,29.526999,30.142872,27.15871,32.09001,26.83396,29.05696,27.912674,29.964111
35,43.849163,43.17089,40.88169,37.536404,36.487286,34.128788,29.389378,29.586185,24.838434,25.36993,21.93364,23.821009,20.27985,17.301632,19.45837,19.376354,23.23344,22.905836,27.64536,28.072582,32.791348,34.51967,35.65122,38.314144,37.640236,34.12754,30.82409,28.0294,23.118395,22.215677,17.73837,12.52738,8.968131,5.8667083,4.724046,0.0,3.4604843,4.7401814,4.2955017,7.287229,11.672674,14.069847,16.001226,20.503586,20.762718,24.42221,27.588207,30.8248,33.459343,36.620617,36.81901,36.031387,33.358833,32.329353,27.913065,27.482086,24.266214,21.620256,23.836578,21.057379,19.344055,24.304363,25.568895,26.745218,31.801926,29.615534,33.484234,36.293587,35.642254,31.468163,26.083176,24.57634,20.006348,18.91906,15.319616,13.365229,12.008243,9.031289,9.261102,12.317752,12.608495,16.198639,16.59185,15.985407,19.745655,20.848299,22.901028,26.90607,27.049824,30.47076,31.708147,33.05299,28.902151,25.681356,21.423233,20.908943,16.492722,17.740229,14.733314,16.592207,19.059175,19.92948,22.439249,25.06146,28.226618,31.59152,31.63529,28.461737,32.799313,27.304136,28.769028,27.342579,28.747486
