,0,1,2,3,4,5,6,7,8,9,10,11,12,13,14,15,16,17,18,19,20,21,22,23,24,25,26,27,28,29,30,31,32,33,34,35,36,37,38,39,40,41,42,43,44,45,46,47,48,49,50,51,52,53,54,55,56,57,58,59,60,61,62,63,64,65,66,67,68,69,70,71,72,73,74,75,76,77,78,79,80,81,82,83,84,85,86,87,88,89,90,91,92,93,94,95,96,97,98,99,100,101,102,103,104,105,106
0,0.0,3.8775363,6.659911,10.380568,13.051747,14.622786,18.908266,22.480932,24.985865,28.434893,31.903679,35.024582,38.503914,41.024586,41.873436,39.310154,34.97762,30.467846,30.650959,25.096716,26.105349,20.386425,21.66102,17.460451,16.119219,13.262066,18.87756,20.664598,24.689192,25.229042,30.97382,34.52615,38.359394,39.386715,43.050556,44.646767,46.864494,47.533657,44.656246,41.303127,38.025097,36.310505,32.264915,31.149664,25.704142,25.189564,20.298145,19.515636,16.61394,14.432331,16.318308,14.164983,15.567423,15.724792,18.514404,22.816236,24.613878,27.02147,31.292711,34.263916,33.019638,30.835087,31.88563,28.696053,25.613209,22.682924,18.868284,20.442902,21.821245,20.204025,25.049908,24.711535,27.914093,29.623081,32.411404,35.823174,38.428024,41.702473,45.087364,45.171547,48.57424,45.192333,43.78252,41.12316,36.876965,39.00084,33.127018,33.654144,30.895636,29.507011,28.321749,29.697565,28.269266,32.186028,34.876633,31.604055,29.44482,33.649227,37.064518,39.444843,40.1931,38.033005,41.61022,36.280464,40.227047,38.160522,41.093555
1,3.8775363,0.0,4.393957,6.982489,10.248975,11.973347,15.863278,20.096928,22.185673,26.01257,29.138847,32.09733,35.452522,37.800713,38.54086,35.75507,31.419836,26.990923,26.937449,21.452803,22.267313,16.620085,17.789581,13.707846,12.385588,9.797888,15.581146,17.165224,21.300314,21.708101,27.530256,31.097197,34.82673,36.038437,39.48529,41.277897,43.640965,44.475742,41.79196,38.375854,35.22699,33.633667,29.5518,28.70983,23.139805,23.14715,17.879421,17.962864,14.56334,13.548976,16.096666,14.873829,16.671787,17.592592,19.84709,24.046688,25.342142,27.592525,32.033375,34.7744,32.84527,30.504917,31.12445,27.842848,24.663296,22.25665,18.394037,20.378334,21.255795,19.616161,24.121103,23.902618,26.566666,28.44224,30.621592,34.319798,36.491375,39.93728,43.098995,42.86875,46.428936,43.20641,41.587162,39.1794,34.893684,37.450798,31.688992,32.611954,30.203508,29.140638,28.19671,29.959244,28.231586,31.545835,34.740345,31.82735,29.21124,32.916603,36.69421,39.201054,39.5367,37.21987,40.40138,34.845512,38.522408,36.11352,38.935963
2,6.659911,4.393957,0.0,4.850838,7.4986563,7.997134,12.60447,16.211584,18.41688,21.985186,25.3191,28.387497,31.962055,34.45688,35.32786,32.9887,28.689056,24.078041,24.778397,19.101921,20.82892,15.300756,17.154015,14.280414,12.43935,9.560034,14.670943,14.964287,19.298002,19.12539,25.26278,28.16846,32.29278,32.927917,36.81885,38.165165,40.28802,41.043034,38.12949,34.837112,31.43755,29.97224,25.732948,25.023241,19.408606,19.563341,14.739808,14.733426,12.756581,12.222011,13.581035,13.5183735,14.665675,16.73371,19.281666,22.945082,23.546814,26.065456,30.340641,33.229275,30.618868,28.82174,29.302174,26.363014,22.483831,20.5197,16.418318,17.705093,17.974003,15.822431,20.273233,19.721342,22.412218,24.101452,26.358263,29.960686,32.204533,35.63592,38.82052,38.728024,42.247417,39.027344,37.59949,35.095,30.83108,33.256195,27.593962,28.383389,26.120377,25.038654,24.362415,26.35419,24.697428,27.72043,31.034546,28.536602,25.99605,29.372831,33.105015,35.525517,35.66412,33.449665,36.44092,31.024088,34.765656,32.374893,35.41805
3,10.380568,6.982489,4.850838,0.0,4.079985,6.2550488,8.982164,13.837873,15.58393,19.71655,22.532465,25.457706,28.587334,30.99045,31.933565,29.162624,25.023817,20.448076,20.992285,15.473034,16.780416,11.866074,12.794827,10.908786,8.070694,5.2636557,10.0165415,10.358256,14.656916,14.856784,20.734818,24.228039,27.980112,29.16765,32.71352,34.449654,36.833385,37.55733,34.984436,31.50082,28.56126,26.89511,22.921846,22.18922,16.586292,17.192755,11.679895,13.091362,9.952297,11.291998,13.889027,14.747405,16.667936,19.039316,20.518986,24.019953,24.155077,26.212294,30.65717,33.07112,29.831747,27.648443,27.567736,24.483526,20.832348,19.57065,15.779945,17.921787,17.748634,16.200003,19.802603,19.966824,21.571405,23.871277,25.033932,29.183088,30.764626,34.31736,37.288887,36.66129,40.303295,37.187534,35.26274,33.15364,28.858574,31.95989,26.389545,27.968073,26.107546,25.724108,25.083992,27.41073,25.200132,27.40367,31.328062,29.101732,25.842007,28.594938,32.840107,35.49731,35.188133,32.66619,35.235355,29.441355,32.719994,29.931108,32.633987
4,13.051747,10.248975,7.4986563,4.079985,0.0,5.367225,6.3971605,10.657214,13.106772,16.909075,19.989809,23.211168,26.071026,28.886206,30.337208,27.824507,24.07337,19.305687,20.836582,15.499783,17.271746,13.467407,13.703442,13.450765,9.395281,6.135724,8.542031,8.654949,12.363195,13.22095,18.439457,22.297165,25.966534,27.10245,30.964525,32.463142,34.702938,34.89015,32.220238,28.673578,25.981882,23.735394,20.185234,18.724998,13.364925,13.343653,7.7343106,9.186299,6.4949613,8.765769,11.093446,12.976133,14.969881,17.863848,18.779673,21.761906,21.334238,23.240997,27.610893,29.862339,26.171526,24.1151,23.847624,20.945,17.042961,16.227396,12.583166,14.798475,14.322948,13.310476,16.39303,17.267431,18.349644,21.253984,22.09789,26.504665,28.074942,31.454222,34.638275,33.95855,37.42154,34.085876,31.954443,29.811464,25.51333,28.680244,22.96141,24.913395,23.025537,23.105522,22.226343,24.624033,22.061792,23.95049,28.073236,25.899176,22.304018,24.842466,29.265953,32.0437,31.657112,28.985212,31.59155,25.665258,28.906023,26.220188,28.843155
5,14.622786,11.973347,7.997134,6.2550488,5.367225,0.0,5.7118187,8.769672,10.462086,14.147471,17.329788,20.421593,24.088434,26.684263,27.767042,25.898966,21.826147,17.016455,19.002369,13.412731,16.509996,12.3339,14.626593,14.690611,12.233997,10.218859,12.448606,9.75313,14.043162,12.629532,19.05614,20.852232,25.407663,25.359543,29.711393,30.572903,32.491463,33.19744,30.187645,26.980364,23.446762,22.226803,17.778126,17.603794,11.831547,13.1946,9.131708,10.649711,11.10017,13.06539,13.227086,15.78123,16.428034,20.074938,21.96813,24.517466,23.646244,26.052736,30.025972,32.637512,28.422968,27.264507,26.971987,24.610418,19.949224,19.567348,15.758092,16.407007,14.957416,12.403092,15.453986,14.783179,16.222858,17.996489,19.16369,23.11792,24.751375,28.351477,31.287455,30.912556,34.542812,31.501133,29.994999,27.7275,23.473923,26.361002,21.104193,22.402464,20.998423,20.593372,20.646353,23.390001,21.433992,22.887566,26.999279,25.689909,22.713434,24.66786,28.738287,31.163485,30.435904,28.166553,30.250437,24.79196,28.138388,25.32501,28.484755
6,18.908266,15.863278,12.60447,8.982164,6.3971605,5.7118187,0.0,6.118782,7.061631,11.443273,13.854401,16.902237,19.765305,22.504864,24.007143,21.754816,18.186918,13.329586,15.899091,10.97817,13.829222,11.756499,12.39311,14.653308,11.261611,10.064637,9.266042,5.1096125,8.648632,7.71034,13.463251,16.12445,20.219748,20.81027,24.958197,26.156504,28.327616,28.688393,26.057817,22.546747,19.787697,17.9526,14.138515,13.564336,7.9749594,10.06345,5.607091,9.557097,9.613898,13.509296,14.536309,17.822424,19.134907,22.811768,23.550585,25.69918,24.26811,26.039951,29.9996,31.977867,27.034273,25.584051,24.57321,22.28824,17.975716,18.697695,15.671566,17.08638,15.163255,13.862621,15.231684,15.872363,15.467198,18.244112,17.661154,22.344086,23.034103,26.622833,29.348145,28.250746,31.91328,28.917967,26.660221,24.930033,20.697052,24.486776,19.449108,21.926802,21.078762,21.745354,21.688358,24.645657,22.0322,22.315628,27.059925,26.0984,22.314207,23.319563,27.945438,30.63265,29.37092,26.717922,28.236773,22.351622,24.989649,21.702812,24.355545
7,22.480932,20.096928,16.211584,13.837873,10.657214,8.769672,6.118782,0.0,4.5862856,6.467484,10.323837,14.086432,17.206022,20.680523,22.875687,21.987854,19.107681,14.4018545,18.738005,14.605278,18.410332,17.052172,18.143637,20.709686,17.317896,15.657301,14.400503,10.40299,12.073118,10.790042,14.970881,16.022867,20.5308,19.707928,24.874765,24.852009,26.26406,25.909258,22.60175,19.403084,16.221918,14.007869,10.286116,8.953258,3.5037494,5.4944997,5.7036977,7.931642,12.039018,15.190182,13.93499,18.269264,18.529736,22.88159,23.693613,24.768492,22.426561,24.356295,27.650723,29.7255,24.052135,23.761232,22.706236,21.36703,16.284868,17.808607,15.228846,15.045898,11.993856,10.512205,10.26514,10.90662,9.513874,12.580731,11.770747,16.56199,17.600756,20.951172,24.104986,23.42872,26.784569,23.445524,21.503143,19.320547,15.029697,18.47038,13.366256,15.89673,15.358571,16.469212,16.72716,19.914118,17.378016,16.74176,21.645931,21.486156,17.950207,18.083168,22.524218,25.045254,23.49675,20.99843,22.303514,16.652382,19.569056,16.57085,19.795185
8,24.985865,22.185673,18.41688,15.58393,13.106772,10.462086,7.061631,4.5862856,0.0,4.9451966,6.9713182,10.25257,13.754606,16.739855,18.544777,17.657993,14.66724,10.051088,14.8342905,11.380999,15.622028,15.3138685,16.799244,20.217625,17.671234,17.063864,15.364408,9.985251,11.431398,8.204844,12.83361,12.081263,17.119537,15.779226,20.961397,20.903833,22.45349,22.822178,19.725813,16.569822,13.062642,12.094945,7.4003315,8.696273,3.803189,8.828766,9.03292,12.351895,15.32218,19.054558,18.383915,22.544899,22.890478,27.20697,28.099674,29.319801,26.98523,28.816277,32.071686,33.981117,28.042461,27.71504,26.31225,25.003777,20.241055,22.065742,19.595278,19.631153,16.5237,14.800541,14.207104,14.088737,12.095759,14.084021,11.912913,16.557474,16.41234,20.165777,22.496534,21.284569,25.07433,22.38545,20.424307,18.890553,14.840571,18.900253,15.006596,17.605707,18.075134,19.210915,20.206427,23.549122,21.27996,19.847847,24.84162,25.378279,21.977661,21.290802,25.617064,27.938171,25.800106,23.4813,23.72513,18.435755,20.531017,16.87915,19.932693
9,28.434893,26.01257,21.985186,19.71655,16.909075,14.147471,11.443273,6.467484,4.9451966,0.0,4.8072867,8.663603,12.238803,15.829992,18.268726,18.788782,16.715591,12.867816,18.40571,15.768812,20.146626,20.137482,21.685238,25.142183,22.434963,21.480724,19.60379,14.629828,15.271282,12.555769,15.471086,13.445112,18.356688,15.721171,21.581213,20.330112,21.044283,20.707994,16.957075,14.2827425,10.304499,9.24736,4.718721,6.1199946,4.616472,8.460343,11.59845,13.612837,18.234118,21.486536,19.635225,24.20515,23.911491,28.495247,29.374062,29.832071,26.916086,28.755306,31.396368,33.27944,26.893454,27.470163,26.020891,25.47453,20.477646,22.812433,20.80933,19.851519,16.209219,14.581005,12.504274,12.196026,8.939244,10.568168,7.157813,11.93807,11.692149,15.305987,17.940048,17.055246,20.5993,17.650213,16.034445,14.157826,10.124164,14.026549,10.734568,13.404985,14.673646,16.297434,17.756266,21.156458,19.132496,16.583866,21.548698,23.015844,20.025814,18.277618,22.210527,24.251608,21.680342,19.628225,19.254482,14.502912,16.51432,13.069044,16.637087
10,31.903679,29.138847,25.3191,22.532465,19.989809,17.329788,13.854401,10.323837,6.9713182,4.8072867,0.0,3.9510255,7.6739855,11.035178,13.54776,14.442099,13.069973,10.181419,16.095318,14.963631,19.105816,20.478361,21.801756,26.075083,23.853453,23.677958,21.122992,15.680221,15.519088,12.078323,13.795662,9.633872,14.601224,11.113253,17.11672,15.563972,16.322369,16.462135,13.000173,10.300314,6.1241474,6.787484,1.366321,7.116623,7.6059713,12.065121,14.751266,17.637157,21.355492,25.182867,23.984432,28.492514,28.495428,32.994972,33.656536,34.19416,31.245228,32.823814,35.45323,37.011387,30.378077,30.775352,28.912676,28.407341,23.873848,26.572693,24.810768,24.304111,20.724403,19.346626,17.088882,16.88332,13.298831,14.404314,9.7477,13.78885,11.646965,15.31894,16.736765,14.7870455,18.741863,16.649443,14.635557,13.972733,10.725262,15.354266,13.750286,16.67579,18.690292,20.525673,22.224464,25.599052,23.583807,20.416752,25.375095,27.258377,24.159243,21.731804,25.612444,27.536674,24.444729,22.473429,20.995981,16.72819,17.447905,13.389742,16.262218
11,35.024582,32.09733,28.387497,25.457706,23.211168,20.421593,16.902237,14.086432,10.25257,8.663603,3.9510255,0.0,5.123822,7.4952335,9.775644,11.565316,11.001538,9.596001,15.336379,15.5728445,19.461088,21.707325,23.09335,27.73823,26.051489,26.389933,23.653297,18.006384,17.54721,13.616474,14.582577,8.273572,13.065827,8.242093,14.310298,12.117588,12.709684,13.725889,10.593166,8.410286,3.9506714,7.629547,4.6392035,10.321821,11.377686,15.895949,18.321255,21.488966,24.802925,28.834661,27.870354,32.327633,32.377956,36.869137,37.54132,38.124413,35.16223,36.670906,39.25079,40.6862,33.940296,34.33088,32.289364,31.837452,27.527962,30.350225,28.650352,28.250473,24.671482,23.234339,20.944935,20.508778,16.916433,17.43221,12.481723,15.621075,12.363268,15.87236,16.100378,13.437866,17.65712,16.54974,14.664093,14.945558,12.620461,17.145279,16.772846,19.492933,21.979734,23.781378,25.771833,29.136436,27.276632,23.786041,28.616283,30.859318,27.869175,25.0658,28.739355,30.474457,27.068768,25.308065,23.086342,19.455988,19.409275,15.269144,17.595825
12,38.503914,35.452522,31.962055,28.587334,26.071026,24.088434,19.765305,17.206022,13.754606,12.238803,7.6739855,5.123822,0.0,4.475614,8.572322,10.394567,11.869865,11.745887,16.952625,18.286806,21.24905,24.535036,24.893517,30.126196,28.154015,28.716242,25.068575,19.94722,18.240065,15.336603,13.696835,7.5061407,10.157561,5.158979,11.0454445,8.540131,9.261524,9.1828,6.9374447,3.9986925,4.101622,6.448132,7.530461,11.266827,13.96617,17.776339,20.4496,23.814087,26.689402,31.0317,30.49225,34.989765,35.391666,39.733486,39.813934,40.190727,37.058422,38.103634,40.54176,41.464672,34.521023,34.754436,32.29159,32.069298,28.412857,31.72039,30.602087,30.604376,27.12029,26.44057,23.610783,24.060291,19.850485,21.079613,15.522551,18.665567,14.7842045,17.453554,17.210222,13.526938,17.241503,16.48671,13.488144,15.014875,13.524844,18.450878,18.714096,22.145037,24.74163,27.128643,28.748386,31.97929,29.777254,25.78387,30.671965,32.96361,29.61763,26.260593,30.04874,31.88191,28.22472,26.268795,23.505188,20.021784,18.799511,14.506775,15.5883
13,41.024586,37.800713,34.45688,30.99045,28.886206,26.684263,22.504864,20.680523,16.739855,15.829992,11.035178,7.4952335,4.475614,0.0,4.435009,7.46369,10.244907,11.963875,16.185171,18.79044,21.333113,25.288683,25.806086,31.201418,29.914408,31.005472,27.447657,22.15174,20.555168,17.104633,15.486657,7.9459953,9.695918,3.3534827,8.139536,4.6452117,5.8454914,8.461004,7.919271,6.757462,7.254722,10.902512,11.290385,15.619623,17.646564,21.865774,23.952047,27.629923,30.022432,34.52011,34.274994,38.65707,39.129837,43.45932,43.678978,44.28409,41.278725,42.36943,44.91993,45.852077,38.94197,39.02466,36.51397,36.13656,32.583027,35.786884,34.508038,34.66382,31.214502,30.269157,27.73416,27.805819,23.860752,24.608313,19.217873,21.852,17.617506,20.237806,19.023651,15.0725765,18.818893,19.111073,16.62225,18.596931,17.557512,22.158342,22.876339,25.97403,28.738094,30.884706,32.75868,36.042755,33.98528,30.045317,34.86545,37.270397,34.003967,30.680801,34.366962,36.08261,32.32687,30.536444,27.489779,24.365875,22.959688,18.778988,19.571054
14,41.873436,38.54086,35.32786,31.933565,30.337208,27.767042,24.007143,22.875687,18.544777,18.268726,13.54776,9.775644,8.572322,4.435009,0.0,5.646413,8.603335,11.78367,14.823688,18.290873,20.613445,24.798943,25.797287,31.059305,30.555048,32.070023,28.937822,23.41087,22.339918,18.187193,17.510435,9.407853,11.252192,5.7900143,8.06616,5.2473326,6.7680635,11.604517,11.636464,11.136024,10.605875,14.9496155,14.168687,19.141483,20.205708,24.889853,26.324842,30.21931,32.2341,36.75733,36.703793,40.922802,41.38678,45.711056,46.24064,47.16098,44.363743,45.64326,48.386036,49.505505,42.70672,42.650078,40.240856,39.604527,35.927685,38.861397,37.242935,37.463448,34.057266,32.67944,30.628931,30.17196,26.691349,26.926508,21.962627,24.265234,20.095594,22.931467,21.225666,17.53679,21.4212,22.273642,20.418392,22.250727,21.161001,25.492495,26.202595,28.87161,31.64482,33.390278,35.529957,38.89234,37.0312,33.37375,38.15104,40.543976,37.406685,34.361156,38.00106,39.63814,35.92683,34.27366,31.275074,28.230446,27.103027,22.941776,23.955097
15,39.310154,35.75507,32.9887,29.162624,27.824507,25.898966,21.754816,21.987854,17.657993,18.788782,14.442099,11.565316,10.394567,7.46369,5.646413,0.0,4.899089,8.982679,10.560608,14.890279,16.127285,21.115976,21.357903,26.894611,26.59224,28.596212,25.2311,20.08207,18.762474,14.869738,13.814462,6.6659765,7.630819,5.6805625,5.638637,7.47285,10.9016695,14.768717,15.276009,13.479734,13.435981,16.224407,15.098978,19.38231,19.49456,24.231007,24.474417,28.890392,29.704824,34.48481,35.32149,39.216316,40.218388,44.24509,44.535194,45.894142,43.457592,44.579624,47.729923,48.734447,42.225475,41.45759,38.998196,37.86719,34.5753,37.290066,35.612335,36.566486,33.512276,32.36304,30.856497,30.840113,27.621052,28.5946,23.948616,27.127922,23.533705,26.710085,25.751724,22.137432,26.091774,26.255804,23.727299,25.270796,23.463057,28.314508,27.86203,30.953127,33.12973,34.853676,36.53311,39.91695,37.68165,34.612343,39.663933,41.330196,37.71326,35.296265,39.450874,41.470165,38.080456,35.998047,33.70797,29.750437,28.937134,24.511272,25.318752
16,34.97762,31.419836,28.689056,25.023817,24.07337,21.826147,18.186918,19.107681,14.66724,16.715591,13.069973,11.001538,11.869865,10.244907,8.603335,4.899089,0.0,4.9086666,6.227116,10.26028,12.070712,16.558126,17.537386,22.720434,22.779474,24.820967,22.16058,16.67758,16.386066,11.5981245,12.931724,6.4643726,9.898585,8.533068,10.237309,11.861017,14.833439,18.431353,17.900469,15.644015,14.069243,16.700125,14.014605,18.499752,17.196712,22.246595,21.709454,26.171097,26.745687,31.362947,32.266273,35.94609,36.909916,40.88538,41.530384,43.214165,41.06654,42.461758,45.851948,47.189877,40.96155,40.060448,37.908375,36.443348,32.82017,35.072872,32.94936,33.914486,30.996147,29.439487,28.608644,28.208021,25.639061,26.470264,22.572578,25.956055,23.078009,26.70662,26.30506,23.292717,27.53763,27.203976,24.990528,25.775387,23.3128,28.046577,26.784136,29.547045,31.333408,32.61937,34.299362,37.717133,35.58994,33.15798,38.200413,39.50835,35.98176,34.215343,38.450275,40.536015,37.474937,35.368713,33.71131,29.356827,29.351444,24.919846,26.397312
17,30.467846,26.990923,24.078041,20.448076,19.305687,17.016455,13.329586,14.4018545,10.051088,12.867816,10.181419,9.596001,11.745887,11.963875,11.78367,8.982679,4.9086666,0.0,5.9300222,6.827464,10.050197,13.342894,14.584731,19.543247,18.98074,20.550095,18.138512,12.3177,12.672762,7.3230524,10.71787,6.0729675,11.098789,10.18062,13.53462,14.822528,17.477823,19.97875,18.517393,15.650437,13.2426405,14.819173,11.169338,15.154572,12.819291,17.90809,17.009825,21.425638,22.11906,26.615053,27.408506,31.071468,32.01016,35.984432,36.7077,38.439663,36.383972,37.896122,41.37529,42.885765,36.84114,35.908627,33.97732,32.38153,28.510372,30.53149,28.22819,29.161705,26.325996,24.714905,24.191532,23.860027,21.598907,22.752148,19.372833,23.227211,21.129864,24.974098,25.447775,22.933855,27.20746,26.076311,23.828865,23.902945,20.824905,25.529263,23.371645,26.118042,27.450953,28.614744,30.05649,33.44931,31.251886,29.27105,34.330692,35.263416,31.705,30.414183,34.7652,36.979195,34.24487,32.01301,31.010748,26.213476,26.861568,22.51582,24.459707
18,30.650959,26.937449,24.778397,20.992285,20.836582,19.002369,15.899091,18.738005,14.8342905,18.40571,16.095318,15.336379,16.952625,16.185171,14.823688,10.560608,6.227116,5.9300222,0.0,5.7263727,6.130907,11.003294,12.059713,16.964441,17.849104,20.47028,18.544348,13.526114,14.285622,9.530966,12.968922,10.245714,13.2738495,14.056372,15.14736,17.82045,20.991524,24.223341,23.511244,20.776806,18.890633,20.501791,17.078089,20.675825,17.752045,22.563189,20.35968,25.000137,24.232063,28.7235,30.435194,33.50981,34.85909,38.440125,39.21025,41.510548,39.951115,41.427727,45.252007,46.7524,41.105625,39.59639,37.720467,35.645355,32.17293,33.76252,31.257608,32.792183,30.388071,28.712358,28.921322,28.525803,26.824615,27.962618,25.069181,28.85916,26.882366,30.77168,31.021694,28.44021,32.74977,31.882484,29.61229,29.818361,26.735231,31.427414,29.035685,31.674147,32.723244,33.594444,34.90688,38.25104,36.027584,34.57901,39.620308,40.133778,36.45988,35.682487,40.16994,42.487137,39.93582,37.618584,36.854572,31.874033,32.57747,28.203852,29.898245
19,25.096716,21.452803,19.101921,15.473034,15.499783,13.412731,10.97817,14.605278,11.380999,15.768812,14.963631,15.5728445,18.286806,18.79044,18.290873,14.890279,10.26028,6.827464,5.7263727,0.0,5.0967865,6.5530596,9.0258045,13.123261,13.555186,15.630339,14.687579,9.347874,11.816251,6.775909,13.085288,12.239792,16.324924,16.856722,19.390795,21.445528,24.249617,26.729036,25.145811,22.090988,19.38102,20.187754,15.933929,18.779953,14.544197,19.047783,16.06875,20.439852,19.625624,23.763922,25.359505,28.238659,29.503525,33.031956,34.091553,36.5666,35.24556,36.96364,40.908215,42.71636,37.43276,35.91428,34.42824,32.15603,28.347645,29.435429,26.553804,28.005266,25.818771,23.89062,24.787561,24.240097,23.27413,24.535769,22.626904,26.629799,25.637793,29.660082,30.722132,28.783266,33.063847,31.506744,29.43275,28.861778,25.257797,29.62472,26.329754,28.662401,29.116337,29.627321,30.702953,33.95556,31.795425,31.081451,35.977715,36.017693,32.472088,32.416096,36.888504,39.268898,37.17455,34.82958,34.8454,29.568594,31.074974,26.966276,29.200382
20,26.105349,22.267313,20.82892,16.780416,17.271746,16.509996,13.829222,18.410332,15.622028,20.146626,19.105816,19.461088,21.24905,21.333113,20.613445,16.127285,12.070712,10.050197,6.130907,5.0967865,0.0,6.272157,6.1275325,11.034641,12.3308935,15.516122,14.204719,10.429621,12.095277,8.812336,13.345009,14.216603,16.737492,18.877022,19.955532,23.144293,26.447414,28.998228,28.101187,24.905487,23.064548,23.474115,19.93884,22.232298,18.261513,22.287542,18.56321,23.159353,20.880356,25.167305,27.804907,30.205423,32.061516,35.12245,35.776745,38.592274,37.605995,39.015,43.193558,44.72404,39.735527,37.59671,35.98467,33.3672,30.25136,31.20781,28.525503,30.733557,28.964031,27.50564,28.574707,28.54614,27.532814,29.248922,27.19391,31.414713,30.249893,34.194923,35.1608,32.874092,37.116383,35.6309,33.132812,32.86316,29.306402,33.949566,30.514997,33.189747,33.460094,34.118298,34.85146,38.011463,35.587498,35.061115,40.03867,39.69106,35.815655,35.97528,40.68568,43.25687,41.24495,38.675755,38.80619,33.263622,34.525257,30.328568,32.06245
21,20.386425,16.620085,15.300756,11.866074,13.467407,12.3339,11.756499,17.052172,15.3138685,20.137482,20.478361,21.707325,24.535036,25.288683,24.798943,21.115976,16.558126,13.342894,11.003294,6.5530596,6.272157,0.0,5.7365403,7.077938,9.195207,11.8394575,12.981367,9.806812,13.566758,10.673803,17.074503,18.375639,21.861687,23.217035,25.356031,27.85051,30.763494,33.07649,31.435015,28.213234,25.48021,25.656363,21.342737,23.181858,18.102983,21.574759,17.067305,20.919,18.47074,21.907955,24.399248,26.255178,27.91758,30.775051,32.045906,35.22184,34.69249,36.49579,40.80145,42.79733,38.381294,36.29697,35.25332,32.41077,28.907822,29.055386,25.798758,27.80235,26.417585,24.451515,26.557924,26.030432,26.144373,27.594404,26.836159,30.888012,30.715858,34.742085,36.275345,34.7043,38.922626,37.006996,34.971046,33.97352,30.067915,34.13699,30.020296,32.05139,31.717304,31.733994,32.334534,35.31981,33.187706,33.6142,38.24331,37.416992,33.92051,34.96,39.45956,41.972954,40.48323,38.042957,38.921436,33.33302,35.429237,31.593752,33.92227
22,21.66102,17.789581,17.154015,12.794827,13.703442,14.626593,12.39311,18.143637,16.799244,21.685238,21.801756,23.09335,24.893517,25.806086,25.797287,21.357903,17.537386,14.584731,12.059713,9.0258045,6.1275325,5.7365403,0.0,6.042944,6.559791,10.290462,9.615122,8.341786,10.687825,10.050653,14.529459,18.1236,20.309664,23.187626,24.563879,27.880104,31.177708,32.93183,31.794664,28.244213,26.52947,25.761944,22.411983,23.273857,18.729713,21.56827,16.598764,20.830252,16.98914,20.937407,24.526808,26.212015,28.624748,31.090563,31.456669,34.674526,34.227165,35.4811,39.925674,41.417927,37.144085,34.42163,33.10078,30.018305,27.366638,27.688549,24.978626,27.876,26.820997,25.813028,27.567347,28.100994,27.649284,30.018406,28.701084,33.260853,32.842457,36.697006,38.369785,36.358067,40.43247,38.32471,35.601746,34.893364,31.002275,35.498795,31.161228,33.897903,33.40353,33.967503,34.020634,36.905167,34.25577,34.588,39.407936,38.20346,34.15135,35.194927,40.041496,42.839417,41.386696,38.590042,39.59314,33.625374,35.36616,31.482355,33.19066
23,17.460451,13.707846,14.280414,10.908786,13.450765,14.690611,14.653308,20.709686,20.217625,25.142183,26.075083,27.73823,30.126196,31.201418,31.059305,26.894611,22.720434,19.543247,16.964441,13.123261,11.034641,7.077938,6.042944,0.0,5.4981766,8.941118,11.525713,11.985571,15.3525095,15.033591,20.183315,23.707281,26.280607,28.78604,30.439789,33.538265,36.69022,38.513687,37.043514,33.528896,31.29942,30.527428,26.725452,27.343237,22.177313,24.40763,18.832094,22.132729,17.638578,20.375416,24.248344,24.929764,27.389442,29.243313,30.088156,33.866783,34.135002,35.63596,40.25239,42.08241,38.62009,35.72605,34.962242,31.566048,28.933697,28.318703,25.184856,28.13324,27.70526,26.393587,29.1609,29.326881,29.901134,32.018795,31.762415,36.10076,36.382263,40.277424,42.26204,40.717983,44.791775,42.47261,40.084675,38.922382,34.838142,38.88065,34.074448,36.26344,35.229218,35.207485,35.062042,37.69044,35.307392,36.591606,41.02774,39.265656,35.556488,37.47834,42.11797,44.873375,43.921623,41.228443,42.860947,36.892155,39.22228,35.63317,37.680027
24,16.119219,12.385588,12.43935,8.070694,9.395281,12.233997,11.261611,17.317896,17.671234,22.434963,23.853453,26.051489,28.154015,29.914408,30.555048,26.59224,22.779474,18.98074,17.849104,13.555186,12.3308935,9.195207,6.559791,5.4981766,0.0,4.1630716,6.2767663,8.46513,11.579724,12.871837,17.408438,22.239534,24.693428,27.431273,29.586359,32.50493,35.547176,36.551067,34.90489,31.182245,29.265356,27.565561,24.260252,23.809893,18.815653,20.196087,14.335288,17.534811,12.42077,15.505253,19.791159,20.664059,23.480164,25.367554,25.626076,29.201006,29.307673,30.566565,35.191998,36.829685,33.366974,30.319126,29.518978,26.086365,23.630295,23.085218,20.19753,23.530798,23.266312,22.61361,25.1574,26.090155,26.416235,29.224203,28.910849,33.555855,34.051735,37.732227,40.14837,38.63106,42.46888,39.731594,37.05655,35.749054,31.596197,35.63684,30.475243,32.99628,31.686096,32.019417,31.407358,33.92176,31.205215,32.53556,36.993153,34.948437,30.958372,33.00116,37.76671,40.677315,39.885517,37.00717,38.959015,32.79959,35.188454,31.82201,33.720753
25,13.262066,9.797888,9.560034,5.2636557,6.135724,10.218859,10.064637,15.657301,17.063864,21.480724,23.677958,26.389933,28.716242,31.005472,32.070023,28.596212,24.820967,20.550095,20.47028,15.630339,15.516122,11.8394575,10.290462,8.941118,4.1630716,0.0,5.913656,8.911703,12.22826,14.019829,18.623549,23.600468,26.404274,28.726297,31.535986,33.987087,36.754192,37.285732,35.24104,31.508009,29.38998,27.222385,23.952475,22.779753,17.668825,18.125666,12.084732,14.39733,9.022035,11.493062,15.851384,16.509935,19.405258,21.219511,21.51045,25.115904,25.342476,26.719368,31.364178,33.181946,30.009289,27.04019,26.57667,23.121807,20.459122,19.469437,16.374317,19.724642,19.80397,19.323502,22.231787,23.37045,24.115126,27.12345,27.401266,31.999765,33.045105,36.55757,39.405754,38.243664,41.885338,38.79076,36.245068,34.551952,30.308434,33.96994,28.42033,30.746357,29.004524,29.225763,28.264801,30.572496,27.854929,29.685675,33.897015,31.483791,27.60501,30.142355,34.779545,37.69938,37.260056,34.399864,36.851654,30.70553,33.494198,30.501143,32.59758
26,18.87756,15.581146,14.670943,10.0165415,8.542031,12.448606,9.266042,14.400503,15.364408,19.60379,21.122992,23.653297,25.068575,27.447657,28.937822,25.2311,22.16058,18.138512,18.544348,14.687579,14.204719,12.981367,9.615122,11.525713,6.2767663,5.913656,0.0,6.10963,7.216866,10.922815,13.615425,19.85688,21.828203,24.891546,27.35787,30.093296,33.005165,33.07829,31.43995,27.548634,26.298828,23.556849,21.202574,19.5444,15.336278,15.811987,10.152213,13.679039,8.313079,12.66499,17.041563,18.707403,21.758514,23.930553,23.245922,26.161596,25.66914,26.461021,30.95316,32.150093,28.241364,25.085812,23.888845,20.583605,18.398956,18.576176,16.396324,20.10968,19.685505,20.053045,21.657394,23.667236,23.144522,26.789831,25.881098,30.864153,31.235151,34.59715,37.278297,35.588036,39.119404,36.073997,32.94382,31.722124,27.653984,31.865627,26.619724,29.766562,28.453707,29.478386,28.471762,30.947598,27.75864,28.601252,33.23597,31.192074,26.72442,28.399405,33.393677,36.484135,35.614452,32.4875,34.460136,28.12372,30.240946,27.014858,28.521883
27,20.664598,17.165224,14.964287,10.358256,8.654949,9.75313,5.1096125,10.40299,9.985251,14.629828,15.680221,18.006384,19.94722,22.15174,23.41087,20.08207,16.67758,12.3177,13.526114,9.347874,10.429621,9.806812,8.341786,11.985571,8.46513,8.911703,6.10963,0.0,4.8230352,5.256783,10.418302,14.734143,17.807821,19.832726,22.892649,25.11762,27.870996,28.456175,26.58307,22.844805,20.987343,19.103779,15.978208,15.603904,10.937784,13.256957,8.496394,13.122744,10.774114,15.422096,18.007978,20.762024,22.840263,25.975908,26.084232,28.539793,27.361982,28.630863,32.797596,34.299984,29.456474,27.273777,25.865747,23.222822,19.889463,20.800747,18.263573,20.714441,19.181711,18.57489,19.638332,20.796238,19.83884,22.854614,21.42649,26.294613,26.24289,29.85383,32.149174,30.410326,34.185425,31.48839,28.671242,27.567356,23.517908,27.900433,23.208652,26.228718,25.616484,26.61204,26.424643,29.331888,26.449581,26.459017,31.370998,30.29907,26.105669,26.888319,31.78487,34.632507,33.19121,30.313793,31.514511,25.43658,27.404194,23.758432,25.703772
28,24.689192,21.300314,19.298002,14.656916,12.363195,14.043162,8.648632,12.073118,11.431398,15.271282,15.519088,17.54721,18.240065,20.555168,22.339918,18.762474,16.386066,12.672762,14.285622,11.816251,12.095277,13.566758,10.687825,15.3525095,11.579724,12.22826,7.216866,4.8230352,0.0,5.737279,6.535369,13.019911,14.809936,17.896154,20.45567,23.05781,25.976439,25.958574,24.58562,20.667263,19.959244,17.306648,15.5285845,14.418862,11.339043,13.231562,9.618712,14.403711,12.101693,17.174168,19.94937,22.950401,25.280308,28.328115,27.65052,29.67462,28.149244,28.861992,32.850773,33.78151,28.597874,26.2083,24.248478,21.803003,19.18178,20.892931,19.239704,22.01791,20.39504,20.675539,20.717188,22.7226,20.77845,24.356152,21.957418,27.04711,26.41289,29.742725,31.900732,29.661499,33.232285,30.559708,27.119623,26.515457,22.740059,27.552998,23.210012,26.932972,26.596813,28.257097,27.867882,30.735668,27.496273,26.808111,31.904673,30.991444,26.385511,26.522442,31.628757,34.610065,32.908504,29.803804,30.645613,24.475456,25.726585,21.948395,23.15551
29,25.229042,21.708101,19.12539,14.856784,13.22095,12.629532,7.71034,10.790042,8.204844,12.555769,12.078323,13.616474,15.336603,17.104633,18.187193,14.869738,11.5981245,7.3230524,9.530966,6.775909,8.812336,10.673803,10.050653,15.033591,12.871837,14.019829,10.922815,5.256783,5.737279,0.0,7.3762527,9.613951,13.20138,14.752962,17.896038,19.989273,22.801836,23.825006,22.173035,18.549696,16.765642,15.727439,12.547843,13.655733,9.922077,13.845955,11.12183,15.964009,15.276213,20.02,21.747765,25.077621,26.68144,30.246485,30.463194,32.479137,30.780901,32.04887,35.882465,37.26683,31.732359,30.078835,28.279364,26.168625,22.659325,24.329988,22.072598,23.874485,21.635733,20.74888,20.829002,21.585732,19.734554,22.254076,19.699827,24.427685,23.451445,27.157139,28.809483,26.629335,30.581911,28.40292,25.560085,25.001911,21.261961,26.034996,22.308458,25.510498,25.77025,27.048523,27.504814,30.677013,27.946573,26.88985,32.019894,31.850908,27.764347,27.462667,32.27203,34.92867,32.85025,30.13133,30.344496,24.620846,25.911436,21.821022,23.654243
30,30.97382,27.530256,25.26278,20.734818,18.439457,19.05614,13.463251,14.970881,12.83361,15.471086,13.795662,14.582577,13.696835,15.486657,17.510435,13.814462,12.931724,10.71787,12.968922,13.085288,13.345009,17.074503,14.529459,20.183315,17.408438,18.623549,13.615425,10.418302,6.535369,7.3762527,0.0,8.256976,8.495001,12.489057,14.3851,17.281961,20.41198,20.339561,19.752253,15.890732,16.44268,14.159022,13.716986,13.582459,12.758266,15.553408,14.256172,18.932753,18.05829,23.124159,25.200367,28.693508,30.682135,34.044575,33.240868,34.72955,32.64929,33.147446,36.68911,37.25302,31.373348,29.471012,26.953922,25.218672,22.831264,25.438208,24.332268,26.577154,24.363548,24.675219,23.541582,25.4682,22.418442,25.687605,21.888834,26.762089,24.928593,28.053566,29.42366,26.437483,29.958668,27.90119,24.061283,24.419043,21.296013,26.593725,23.543459,27.677912,28.277584,30.446167,30.544785,33.57772,30.387852,28.43823,33.705647,33.71472,29.131294,27.948164,32.94675,35.754566,33.33556,30.332388,29.971134,24.285282,24.34176,20.133621,20.607306
31,34.52615,31.097197,28.16846,24.228039,22.297165,20.852232,16.12445,16.022867,12.081263,13.445112,9.633872,8.273572,7.5061407,7.9459953,9.407853,6.6659765,6.4643726,6.0729675,10.245714,12.239792,14.216603,18.375639,18.1236,23.707281,22.239534,23.600468,19.85688,14.734143,13.019911,9.613951,8.256976,0.0,5.750217,5.191811,8.977734,10.387303,13.351491,14.890303,14.117824,10.918373,10.537921,11.318919,10.044808,13.324934,13.318755,17.789034,18.124796,22.510235,23.512732,28.297358,29.069593,33.057343,34.155052,38.142597,38.182858,39.402,36.918415,37.951233,41.11879,42.09783,35.655445,34.81344,32.408073,31.25864,27.910086,30.67341,29.131681,30.170343,27.188433,26.424767,24.821182,25.402023,22.048744,23.842056,19.288237,23.28651,20.377666,23.691538,23.928635,20.643988,24.581892,23.551294,20.475803,21.36423,18.83674,24.016031,22.551805,26.072174,27.776545,29.723467,30.929768,34.24861,31.71986,28.883633,34.066887,35.306274,31.438498,29.300447,33.72834,35.999607,32.900734,30.510414,28.888893,24.243645,23.876587,19.378149,20.43219
32,38.359394,34.82673,32.29278,27.980112,25.966534,25.407663,20.219748,20.5308,17.119537,18.356688,14.601224,13.065827,10.157561,9.695918,11.252192,7.630819,9.898585,11.098789,13.2738495,16.324924,16.737492,21.861687,20.309664,26.280607,24.693428,26.404274,21.828203,17.807821,14.809936,13.20138,8.495001,5.750217,0.0,6.4167957,6.0149927,9.658554,13.282317,14.18617,15.103882,12.109786,14.10545,13.986607,14.668819,16.693287,17.646307,21.313532,21.547167,26.020487,26.233322,31.229649,32.62265,36.470825,37.99936,41.72041,41.164314,42.319656,39.831608,40.381878,43.50686,43.959843,37.539764,36.308487,33.526592,32.42797,29.955338,33.01735,32.024998,33.60144,30.850029,30.742233,28.85796,30.124556,26.418653,28.71284,23.806692,27.833838,24.572828,27.409302,27.360899,23.5413,27.024538,26.262638,22.536858,24.160887,22.162748,27.499674,26.340334,30.329063,32.028023,34.367054,35.238586,38.434147,35.599987,32.53398,37.744602,38.85997,34.65117,32.263138,36.81657,39.214073,36.02527,33.44169,31.585417,27.000326,25.832321,21.422167,21.309858
33,39.386715,36.038437,32.927917,29.16765,27.10245,25.359543,20.81027,19.707928,15.779226,15.721171,11.113253,8.242093,5.158979,3.3534827,5.7900143,5.6805625,8.533068,10.18062,14.056372,16.856722,18.877022,23.217035,23.187626,28.78604,27.431273,28.726297,24.891546,19.832726,17.896154,14.752962,12.489057,5.191811,6.4167957,0.0,6.1505976,5.378873,8.200115,10.195014,10.173793,7.887726,8.88497,11.073965,11.354109,15.117746,16.673616,20.901985,22.342222,26.361965,28.07042,32.76301,33.051594,37.279125,38.098015,42.25564,42.266632,43.09586,40.27385,41.229942,44.01892,44.841877,38.075775,37.711555,35.129036,34.473824,31.182468,34.320312,33.064465,33.688473,30.4438,29.71837,27.449732,27.894527,24.042362,25.354063,20.127012,23.389149,19.564487,22.385527,21.706152,17.85373,21.579224,21.377262,18.390375,20.152067,18.604422,23.582947,23.490608,26.931194,29.295912,31.48336,33.023964,36.31692,33.98094,30.380768,35.39521,37.32697,33.713383,30.756464,34.802124,36.783764,33.237064,31.138622,28.570162,24.804527,23.573639,19.197355,19.784727
34,43.050556,39.48529,36.81885,32.71352,30.964525,29.711393,24.958197,24.874765,20.961397,21.581213,17.11672,14.310298,11.0454445,8.139536,8.06616,5.638637,10.237309,13.53462,15.14736,19.390795,19.955532,25.356031,24.563879,30.439789,29.586359,31.535986,27.35787,22.892649,20.45567,17.896038,14.3851,8.977734,6.0149927,6.1505976,0.0,5.5055084,9.442927,12.184464,14.239435,12.672272,14.858993,16.632063,17.367405,20.603012,21.947218,26.028471,26.742365,31.11028,31.802828,36.735775,37.76288,41.74581,42.975822,46.901302,46.636097,47.70569,45.069347,45.7682,48.716743,49.244907,42.60834,41.762035,38.962513,38.10419,35.42873,38.568928,37.465076,38.649296,35.64041,35.13635,33.062374,33.745792,29.950281,31.452251,26.253862,29.50518,25.534922,28.153502,27.038746,22.905386,26.305883,26.623434,23.441265,25.686872,24.433056,29.439384,29.411537,33.012863,35.29715,37.53297,38.924835,42.19666,39.68842,36.171196,41.237667,42.972294,39.10434,36.219913,40.406597,42.486694,38.927086,36.712727,34.06255,30.291971,28.66148,24.353079,24.17813
35,44.646767,41.277897,38.165165,34.449654,32.463142,30.572903,26.156504,24.852009,20.903833,20.330112,15.563972,12.117588,8.540131,4.6452117,5.2473326,7.47285,11.861017,14.822528,17.82045,21.445528,23.144293,27.85051,27.880104,33.538265,32.50493,33.987087,30.093296,25.11762,23.05781,19.989273,17.281961,10.387303,9.658554,5.378873,5.5055084,0.0,3.9886801,7.9062166,9.810435,9.499999,11.631699,14.649534,15.761105,19.593971,21.76719,25.846077,27.648447,31.548573,33.402855,38.094692,38.260616,42.558163,43.27173,47.490288,47.48128,48.14536,45.169952,46.047348,48.617607,49.29094,42.37475,42.232204,39.51179,39.11978,35.999294,39.32458,38.233376,38.7075,35.36143,34.630432,32.06808,32.361828,28.32852,29.211685,23.732119,26.248053,21.803572,24.06514,22.352379,18.100674,21.371513,22.262295,19.598625,22.155107,21.56421,26.122686,27.130316,30.374844,33.178665,35.444656,37.2338,40.484245,38.31514,34.266037,39.08444,41.480743,38.061108,34.602192,38.31579,40.046898,36.195194,34.370304,31.07172,28.130713,26.212248,22.133255,22.184381
36,46.864494,43.640965,40.28802,36.833385,34.702938,32.491463,28.327616,26.26406,22.45349,21.044283,16.322369,12.709684,9.261524,5.8454914,6.7680635,10.9016695,14.833439,17.477823,20.991524,24.249617,26.447414,30.763494,31.177708,36.69022,35.547176,36.754192,33.005165,27.870996,25.976439,22.801836,20.41198,13.351491,13.282317,8.200115,9.442927,3.9886801,0.0,5.912575,7.8078327,9.147645,11.238707,14.907527,16.430397,20.367517,23.140324,27.026749,29.538797,33.058308,35.61074,40.109524,39.731747,44.19965,44.581352,48.95199,49.062267,49.41862,46.214565,47.160603,49.421177,50.133503,43.06923,43.409687,40.731857,40.690826,37.38641,40.839294,39.828304,39.84158,36.31267,35.494648,32.57281,32.639828,28.457724,28.887007,23.273523,25.090933,20.29707,22.076,19.75706,15.406842,18.343954,19.88073,17.726374,20.613485,20.730015,24.766598,26.685642,29.621378,32.804573,35.109486,37.151714,40.332024,38.418472,33.972813,38.527885,41.414818,38.344746,34.44894,37.742043,39.180443,35.116753,33.62115,29.787287,27.6295,25.403984,21.670116,21.749754
37,47.533657,44.475742,41.043034,37.55733,34.89015,33.19744,28.688393,25.909258,22.822178,20.707994,16.462135,13.725889,9.1828,8.461004,11.604517,14.768717,18.431353,19.97875,24.223341,26.729036,28.998228,33.07649,32.93183,38.513687,36.551067,37.285732,33.07829,28.456175,25.958574,23.825006,20.339561,14.890303,14.18617,10.195014,12.184464,7.9062166,5.912575,0.0,4.653547,6.5882816,10.947827,12.6496935,16.078564,18.492624,22.52316,25.453613,28.75872,31.838902,34.777412,39.13596,38.52803,43.11712,43.505753,47.8033,47.46135,47.34078,43.865826,44.479393,46.36464,46.720535,39.56901,40.153732,37.3188,37.74335,34.803047,38.61414,38.166584,38.08903,34.591618,34.418415,30.863226,31.64989,26.962994,27.991251,22.058157,23.98768,19.256407,20.294973,18.512867,13.969888,16.034056,17.012457,13.938591,17.389915,18.10369,22.092505,24.338982,27.725864,30.887175,33.718124,35.369225,38.33403,36.21742,31.35671,35.779102,38.739132,35.591248,31.223387,34.39094,35.842037,31.703758,30.11845,26.03793,24.183027,21.220167,17.847355,17.092539
