,0,1,2,3,4,5,6,7,8,9,10,11,12,13,14,15,16,17,18,19,20,21,22,23,24,25,26,27,28,29,30,31,32,33,34,35,36,37,38,39,40,41,42,43,44,45,46,47,48,49,50,51,52,53,54,55,56,57,58,59,60,61,62,63,64,65,66,67,68,69,70,71,72,73,74,75,76,77,78,79,80,81,82,83,84,85,86,87,88,89,90,91,92,93,94,95,96,97,98,99,100,101,102,103,104,105,106,107,108,109,110,111,112,113,114,115
0,0.0,4.580326,6.6888967,9.642274,12.669935,14.151756,17.647448,21.664545,23.815935,27.380774,31.368351,33.481216,31.08312,26.905281,27.612429,24.721453,21.663809,21.631207,16.478102,18.480324,13.412434,16.110395,19.152525,19.972618,19.522255,22.171455,20.747023,22.33979,25.957146,25.453062,31.200329,31.891762,38.983574,37.893753,41.766582,44.985207,47.273834,45.22966,39.40037,34.864944,37.515636,31.498404,33.265938,29.481955,31.364082,28.388494,29.229046,25.763723,30.071453,30.320032,31.348478,28.485325,31.572369,30.593287,30.421215,27.97219,30.957956,31.731815,34.629295,38.595173,38.035408,35.920315,40.683903,38.04563,41.187897,35.452755,39.902687,38.82665,36.418495,36.72711,37.02433,34.807735,37.137585,32.74781,37.18651,32.538868,35.471798,33.091766,31.072578,32.105537,29.780893,27.980633,22.896286,23.511402,20.661379,22.942476,18.636168,23.900421,23.225433,26.185907,28.454693,30.798666,33.41054,36.916542,36.507336,41.159153,44.82342,45.460194,46.641964,46.16314,45.95682,42.005264,44.56074,39.33936,40.53913,36.351276,35.819954,32.97175,30.267313,30.785896,32.11893,31.477556,31.035917,33.514847,32.61384,36.62514
1,4.580326,0.0,5.460782,6.531283,9.230599,12.474559,14.349381,19.241995,20.972897,24.468136,28.557898,30.177715,27.348171,23.189651,23.421383,20.872494,17.538126,18.026451,12.409482,15.390216,11.080949,13.670628,17.493122,18.166813,17.079927,19.498623,17.165012,19.115229,21.98894,21.771797,27.098108,27.991718,35.10737,34.15511,38.112686,41.223648,43.76671,41.94188,36.059395,31.479408,34.02451,28.084026,29.602476,26.09561,27.581247,25.14937,25.70837,22.321856,26.50159,26.300667,27.251461,24.153482,27.113619,26.19482,25.864985,23.442156,26.442324,27.36703,30.337969,34.230026,33.949905,31.785685,36.734097,34.292725,37.59006,32.102184,36.76505,36.002316,33.471085,34.123844,34.075336,32.298107,34.50039,30.153727,34.768154,29.946354,33.316772,30.722551,29.23266,30.313408,27.491955,26.050303,21.06745,21.399117,18.301153,20.336313,16.472223,21.115837,21.103178,23.657415,26.296928,28.439117,30.61595,34.084908,33.194843,38.08309,41.61141,42.053356,42.912766,42.34068,41.87051,37.903774,40.230274,34.98286,36.1363,31.854656,31.419357,28.500952,25.826984,26.54886,27.919865,27.743334,27.20727,30.005157,29.342873,33.55565
2,6.6888967,5.460782,0.0,5.3010564,7.0946517,8.24056,11.944944,15.573252,18.492567,21.577572,26.003963,28.118822,26.157394,22.045198,23.386679,21.167116,18.53585,19.47562,14.773466,18.313377,14.880004,18.107157,21.73276,23.056372,22.076876,24.19642,21.312717,22.803053,24.893433,24.100327,29.064678,28.961834,36.408764,34.515903,38.820915,41.395344,44.16771,42.77633,36.664387,32.20021,35.433376,29.791006,31.8514,28.821812,30.516525,28.836857,29.781908,26.730421,30.791956,29.92213,30.748087,27.105543,29.442736,28.21565,27.505274,25.512964,28.444393,30.062246,33.31039,36.86616,37.375027,34.82237,40.117138,37.8623,41.128628,35.73186,40.40572,39.621273,36.625843,37.04624,36.56163,34.396484,36.05491,31.386755,35.45509,30.216072,32.925343,29.839045,27.903265,28.20561,25.302122,23.06394,18.69903,20.225456,17.885326,20.791948,17.584572,22.854406,23.944597,26.760418,29.68213,32.150673,34.04822,37.946945,36.500294,42.04894,45.04492,44.988705,45.95801,44.95768,44.57554,40.207417,42.143852,36.979557,37.39169,33.446274,32.11693,28.820127,25.826355,25.962872,27.675674,26.509157,27.179026,29.409893,29.244104,33.21708
3,9.642274,6.531283,5.3010564,0.0,3.7150786,6.8537927,8.142683,12.907967,14.4765005,18.01381,22.071754,23.900467,21.533617,17.363802,18.613882,15.972105,13.47359,14.246003,10.105594,13.750673,11.530042,14.942692,18.587269,20.401909,19.437487,20.985374,17.697674,18.551626,20.27146,19.073992,24.086617,23.737814,31.182947,29.30004,33.548817,36.234467,38.921223,37.491756,31.38818,26.909836,30.14735,24.555622,26.74621,23.890333,25.755775,24.466997,25.920292,23.423508,27.555723,26.282843,27.465641,23.76228,26.132294,25.57446,24.077028,21.826881,24.435076,26.060715,29.867363,32.869797,33.718166,30.515028,35.876064,33.56277,36.660534,31.264265,35.887177,35.118774,31.872152,32.29347,31.554714,29.469553,30.979588,26.326109,30.456846,25.17862,28.204357,25.13544,23.64113,24.306562,21.202572,19.67045,14.96333,15.766955,13.103263,15.773597,12.964156,17.851326,19.612429,22.251972,25.431051,27.935982,29.496593,33.621685,31.799095,37.774666,40.36924,40.062645,41.18526,40.009056,39.89902,35.332638,37.428215,32.34964,32.677395,29.06313,27.451834,24.55212,21.73729,21.650562,23.011229,21.916304,22.06612,24.386127,24.066422,28.132423
4,12.669935,9.230599,7.0946517,3.7150786,0.0,6.181003,5.303402,10.579098,12.58254,15.550172,20.064896,21.554764,19.223478,15.137194,16.46231,14.762739,12.4401245,14.322473,10.522629,15.235619,14.163577,17.223328,21.129955,22.75787,21.35833,22.666378,18.611639,19.740221,20.20782,19.217756,23.283714,22.699457,30.23176,28.036316,32.544468,34.76729,37.880486,36.940723,30.736341,26.344671,29.748531,24.522284,26.59413,24.342659,25.739382,25.339636,26.452335,24.129765,27.873156,25.983307,26.87036,22.769688,24.559134,23.735378,22.068865,20.244457,22.842638,24.99979,28.771856,31.624132,33.048008,29.875809,35.4745,33.524597,36.763325,31.790281,36.54498,36.097416,32.688366,33.355553,32.163548,30.404667,31.540844,26.905174,30.84863,25.311405,28.350946,24.846052,23.683828,23.881855,20.219406,18.567286,14.686384,15.955934,13.707356,16.414196,14.669953,18.828823,21.507467,23.75186,27.188961,29.520697,30.591007,34.66968,32.282227,38.511414,40.83171,40.19347,40.954735,39.555767,39.109943,34.45688,36.019558,30.985823,30.884882,27.280457,25.376398,22.05721,19.039057,18.909796,20.651733,19.56972,20.511715,22.873926,23.217056,27.311394
5,14.151756,12.474559,8.24056,6.8537927,6.181003,0.0,6.8035088,7.8056583,11.305223,14.151875,18.444878,21.195265,20.418222,16.60232,19.684399,17.497736,16.49211,17.490215,15.338381,18.725897,17.44875,21.163355,24.298992,26.724007,26.009024,27.265514,23.78231,23.981623,24.91954,22.966158,27.352104,25.564665,33.097004,29.929127,34.46834,36.39611,39.218376,38.34332,32.119686,28.000776,32.091114,27.149717,30.044598,27.87114,30.057474,29.592285,31.579,29.552074,33.522003,31.643545,32.757256,28.659962,30.303326,29.577555,27.549604,25.840912,28.138874,30.443504,34.54722,36.95827,38.693108,34.981796,40.565964,38.44452,41.348766,36.11313,40.562637,39.700115,35.959877,35.987286,34.76296,32.148243,32.87704,27.972399,31.12634,25.508686,27.374779,23.727102,21.564604,21.015379,17.94135,15.156247,11.658656,14.478086,13.450588,17.135412,15.633371,20.833076,23.750364,26.603277,29.909327,32.75472,33.99093,38.56317,36.189068,42.833595,44.68932,43.7689,45.1486,43.444115,43.612904,38.60379,40.278805,35.488144,34.843147,31.939241,29.097597,26.00756,22.986065,21.870626,23.481833,20.72151,22.57467,23.785192,24.092268,27.563927
6,17.647448,14.349381,11.944944,8.142683,5.303402,6.8035088,0.0,6.3285084,7.5822997,10.304509,14.874577,16.32142,14.444851,10.497504,13.050812,11.759479,10.888525,13.137673,11.727306,16.124,16.792255,19.807941,23.309284,25.448252,24.16034,24.82254,20.419819,20.705584,20.004345,18.334206,21.540924,19.76569,27.297235,24.260159,28.97819,30.68175,33.97315,33.503765,27.23276,23.101477,27.015598,22.442015,24.930506,23.503716,25.015337,25.697285,27.361002,25.848433,29.323082,26.690975,27.713108,23.394077,24.54553,24.150053,21.495737,19.989275,21.98631,24.654528,28.94172,30.880844,33.223373,29.31394,35.05299,33.30827,36.292847,31.632677,36.206154,35.83152,31.974266,32.51037,30.716793,28.906729,29.34824,24.687325,28.036695,22.257519,24.963554,21.012806,20.16242,19.873045,15.739083,14.237605,11.363992,13.017414,11.692527,14.500963,14.450386,17.819332,21.860657,23.848612,27.515558,29.92799,30.38815,34.775505,31.666431,38.556786,40.05873,38.793995,39.686234,37.797714,37.62032,32.57884,33.837627,29.119453,28.220882,25.394346,22.389856,19.21772,16.219196,15.123659,16.825027,14.761064,16.646486,18.46532,19.37603,23.230038
7,21.664545,19.241995,15.573252,12.907967,10.579098,7.8056583,6.3285084,0.0,5.5987616,6.698094,11.426931,14.183576,14.6342535,11.678009,16.144928,15.164498,15.848993,17.548697,17.616558,21.150764,21.951473,25.309519,28.303705,30.970535,30.046957,30.582783,26.402714,26.061506,25.24235,22.89293,25.688686,22.600447,29.80245,25.57074,30.34518,31.290121,34.51859,34.532917,28.351135,24.77188,29.378593,25.570614,28.696674,27.772783,29.71061,30.787823,33.0223,31.866802,35.310486,32.439827,33.50095,29.109734,29.797953,29.386415,26.39376,25.293144,26.89398,29.87528,34.33593,35.6907,38.619545,34.284546,40.011253,38.34683,41.02848,36.46022,40.73247,40.1668,35.963097,36.03179,33.94274,31.574223,31.317219,26.57425,28.831781,22.993921,24.346048,19.979406,18.47536,16.8327,12.831354,9.898882,9.3254595,12.90428,13.4377165,16.809984,17.66326,21.26692,25.833769,28.074068,31.672829,34.396446,34.708748,39.449245,36.06731,43.3917,44.23679,42.48647,43.75014,41.433437,41.678715,36.32907,37.32356,33.0397,31.304747,29.369068,25.28977,22.31322,19.435461,17.217304,18.868034,14.8265505,18.414165,18.72295,20.146704,23.096848
8,23.815935,20.972897,18.492567,14.4765005,12.58254,11.305223,7.5822997,5.5987616,0.0,4.4510517,7.5980344,10.130207,10.1720295,7.319344,12.515517,10.887857,12.84648,13.956068,15.984585,18.585598,20.750746,23.785814,26.282656,29.26102,28.54258,28.484318,24.430155,23.227146,21.971827,19.021791,21.533886,17.711252,24.703821,20.244734,24.924461,26.036877,29.037443,28.954283,22.790161,19.311007,24.067133,20.63478,24.042711,23.541897,25.748041,27.295855,30.136877,29.713923,33.05775,29.981153,31.442183,27.316315,28.045595,28.488678,24.745777,23.389362,24.3758,27.162676,32.108334,32.69453,35.868458,30.843283,36.39429,34.653053,36.961327,32.503437,36.47567,35.864357,31.45766,31.401615,29.030634,26.699127,26.103271,21.487114,23.539085,17.694637,19.280603,14.840173,14.111943,13.0374365,8.482109,7.502043,6.847217,8.970909,9.977545,12.640711,14.868383,17.223465,22.499382,24.365126,27.979404,30.654171,30.554504,35.434345,31.753487,39.37585,39.670803,37.634365,39.2047,36.687756,37.43065,31.893175,33.17773,29.165493,27.297699,26.065287,21.51038,19.437288,17.081957,14.262241,15.039274,10.425645,13.384175,13.323147,14.575239,17.522516
9,27.380774,24.468136,21.577572,18.01381,15.550172,14.151875,10.304509,6.698094,4.4510517,0.0,5.372335,7.582111,9.3422365,8.011372,13.379967,13.397233,15.687854,17.471933,19.53375,22.561384,24.941149,27.822344,30.474968,33.278866,32.31874,32.186554,27.790125,26.834414,24.739014,22.082382,23.40136,19.22694,25.708227,20.699596,25.48057,25.651548,29.105042,29.812622,23.853088,20.91269,25.730368,23.134329,26.32453,26.518288,28.252314,30.52639,33.049644,32.77646,35.73996,32.235825,33.40202,29.102453,29.16068,29.386868,25.523111,24.768585,25.526184,28.751436,33.511425,33.757824,37.531086,32.597713,38.191315,36.85627,39.17505,35.244267,39.17703,38.83654,34.36682,34.46145,31.713284,29.70006,28.632748,24.308964,25.772934,20.088928,21.185637,16.494194,16.197327,14.143038,9.410327,8.166889,10.291425,12.751218,14.242549,16.54969,19.212519,20.985397,26.547989,28.108587,31.762358,34.2602,33.77499,38.519405,34.41603,42.125763,42.0549,39.647427,40.894344,38.109123,38.59047,33.044655,33.62807,29.951632,27.387213,26.572603,21.486286,19.18928,16.895184,13.597247,14.723258,9.405735,14.275927,13.584604,15.985112,18.329693
10,31.368351,28.557898,26.003963,22.071754,20.064896,18.444878,14.874577,11.426931,7.5980344,5.372335,0.0,4.843496,8.92266,9.434312,14.866532,14.488653,17.877707,18.767023,22.34352,24.252975,27.363636,30.097998,32.101154,35.286777,34.682076,34.11359,30.090584,28.293468,26.066341,22.803339,23.690426,18.50325,24.020546,18.265207,22.659904,22.421642,25.428556,26.367834,20.788483,18.627707,23.712317,22.14165,25.734268,26.496876,28.619917,31.268066,34.472813,34.871964,37.74316,34.146713,35.641186,31.659447,31.663866,32.526554,28.15382,27.321285,27.455706,30.460907,35.53582,34.93373,39.000446,33.435993,38.697514,37.324142,39.102737,35.367233,38.771095,38.266335,33.58565,33.28986,30.258286,28.025707,26.266335,22.299038,22.685652,17.434856,17.584888,12.891313,13.176574,10.697443,6.3109627,7.138227,10.992373,12.516981,15.017065,16.581223,20.273958,21.087729,26.981031,28.317373,31.766354,34.303577,33.465218,38.370144,34.04976,42.008987,41.1457,38.298996,40.04209,36.924473,38.121742,32.407185,33.149868,30.08471,27.10322,27.433565,21.711277,20.576084,19.023727,15.148782,15.19112,8.8848,13.408985,11.002603,13.449561,14.599052
11,33.481216,30.177715,28.118822,23.900467,21.554764,21.195265,16.32142,14.183576,10.130207,7.582111,4.843496,0.0,5.5959053,8.095227,12.44557,13.565379,17.166445,18.682913,22.501186,24.70192,28.479437,30.699492,32.876663,35.674892,34.721306,33.878105,29.519835,27.940548,24.61988,21.840782,21.27162,16.087114,21.003628,15.2378645,19.773525,18.918964,22.635492,24.231972,18.813034,16.963985,21.641094,20.824434,23.804071,25.34851,26.724483,30.238947,32.988678,33.731754,36.06844,32.059,33.365547,29.460135,28.932934,30.008865,25.368574,24.925085,24.608679,27.79229,32.720184,31.614813,36.16115,30.652351,35.83247,34.887543,36.670807,33.61804,37.001785,36.946953,32.35035,32.519978,29.099903,27.72287,25.771803,22.310692,22.819267,17.849195,18.838858,14.391407,16.0578,14.362908,10.109819,11.8674135,14.810371,15.3431225,17.169374,17.891863,21.974457,21.556547,27.695263,28.35498,31.867144,33.953506,32.56063,37.098145,32.311367,40.194504,39.0597,35.94654,37.15401,33.88579,34.703144,29.083693,29.244019,26.488596,23.053226,23.81072,17.787626,16.91955,15.847481,11.740056,11.507766,5.347017,10.851516,8.594777,12.315415,13.554705
12,31.08312,27.348171,26.157394,21.533617,19.223478,20.418222,14.444851,14.6342535,10.1720295,9.3422365,8.92266,5.5959053,0.0,4.177882,6.982441,8.946122,12.43639,14.461763,18.251463,20.662966,24.872711,26.589636,28.970287,31.347725,30.11141,29.127731,24.57091,23.25603,19.346056,17.031807,15.956739,11.329322,17.007467,12.20972,17.154058,17.233685,21.305798,22.421782,16.62836,13.96959,18.118725,16.739017,19.130766,20.717495,21.554487,25.319502,27.651367,28.454252,30.588528,26.495304,27.803751,23.984993,23.553577,24.93501,20.147255,19.51531,19.097673,22.204874,27.190334,26.190098,30.599918,25.166307,30.46575,29.557692,31.584766,28.617186,32.274643,32.502983,28.09087,28.780216,25.384773,24.702124,23.275824,19.88391,21.545237,16.467712,19.107948,15.033566,17.28309,16.940063,12.464898,14.605043,15.440871,14.846791,15.444101,15.448885,19.387363,18.119825,24.187263,24.3787,27.998089,29.729502,28.188456,32.435368,27.572422,35.293694,34.55175,31.699871,32.487732,29.457554,29.85014,24.285492,24.591722,21.367176,18.387909,18.546896,12.813349,11.922193,10.9554,6.9959016,6.293833,0.46364665,6.1699996,6.400023,10.13466,12.9368515
13,26.905281,23.189651,22.045198,17.363802,15.137194,16.60232,10.497504,11.678009,7.319344,8.011372,9.434312,8.095227,4.177882,0.0,5.6671934,6.2304993,9.182503,11.454919,14.56575,17.397318,21.140598,23.1079,25.744654,28.127195,26.888727,26.21732,21.620901,20.548265,17.365328,15.009108,15.436537,11.61912,18.483858,14.466222,19.397814,20.402817,24.091501,24.436272,18.306759,14.81507,18.982513,16.21563,18.774128,19.372322,20.524158,23.453201,25.757019,26.016878,28.603811,24.860659,26.231524,22.227194,22.388865,23.47692,19.051298,17.944214,18.210577,21.19173,26.229813,26.091469,29.860104,24.66604,30.206753,28.937342,31.273224,27.648342,31.65646,31.679237,27.348995,28.01727,25.075949,24.040203,23.265656,19.325718,21.790466,16.258596,19.301956,15.176774,16.611643,16.574335,11.893766,13.332871,12.829704,12.357129,12.302599,12.834307,16.105864,15.75355,21.586014,22.216068,25.965324,27.915285,26.916948,31.310404,26.904272,34.529602,34.49328,32.156956,33.052036,30.3991,30.687426,25.18775,26.022558,22.138344,20.015131,19.03758,14.205752,12.5104885,10.698792,7.567787,7.770794,4.5787716,7.0570564,8.595959,10.919699,14.578889
14,27.612429,23.421383,23.386679,18.613882,16.46231,19.684399,13.050812,16.144928,12.515517,13.379967,14.866532,12.44557,6.982441,5.6671934,0.0,5.4963827,7.06052,10.451884,13.060234,16.21804,20.528286,21.545662,24.431862,26.03894,24.284998,23.333477,18.355295,17.894619,13.288931,12.211815,10.928094,8.838138,15.584787,13.329272,18.021105,19.451113,23.474407,23.737123,17.91905,14.278462,17.114374,14.313774,15.486785,16.507256,16.368568,20.047937,21.4197,21.903442,23.882421,19.763926,20.968277,17.065884,16.999578,18.565823,13.827712,12.704502,12.611307,15.671459,20.669704,20.45553,24.33101,19.3597,25.008911,24.070992,26.72059,23.656271,27.92263,28.521265,24.569086,26.033068,23.041407,23.21953,22.886728,19.57893,22.831846,17.904764,22.068945,18.641565,20.772436,21.50044,17.11348,18.888186,17.606405,16.248035,15.094227,14.527256,17.353495,15.564271,20.923187,20.646702,24.374512,25.622217,24.194822,27.932465,23.281109,30.517368,30.780123,28.63163,28.717478,26.311487,25.832682,20.601717,21.204971,16.943874,15.319975,13.550304,9.494845,7.685182,6.3123007,4.8399835,4.5749288,7.2985854,6.332918,10.298341,12.251758,16.352491
15,24.721453,20.872494,21.167116,15.972105,14.762739,17.497736,11.759479,15.164498,10.887857,13.397233,14.488653,13.565379,8.946122,6.2304993,5.4963827,0.0,4.389151,5.59409,10.038432,11.791352,16.374063,17.755035,20.100134,22.41141,21.320883,20.332043,16.08417,14.45466,11.612959,8.829753,10.753296,8.098505,15.666348,13.435311,17.816532,20.397297,23.36044,22.518106,16.38825,12.056336,15.410305,11.218008,13.63711,13.420234,14.939318,17.301708,20.012083,20.479353,23.361353,20.073227,22.02026,18.54582,19.737293,21.584589,17.242441,15.083474,15.328117,17.32826,22.733343,22.814249,25.69303,20.20054,25.61041,23.790733,26.104628,21.893288,26.023317,25.89342,21.696598,22.53004,19.974218,19.170237,19.228909,15.306408,19.047297,13.848195,18.288479,15.202903,16.901129,18.428642,14.608588,16.66871,14.080347,11.745745,10.075472,9.093322,12.02167,10.337965,15.925226,16.198044,19.98299,21.79486,20.945475,25.351469,21.287968,28.820469,29.264732,27.454075,28.61288,26.405651,26.983051,21.590168,23.568998,19.236204,18.492926,16.916353,13.490484,12.808779,11.578074,10.170239,9.275651,9.399814,6.3824396,9.828326,9.807892,14.37304
16,21.663809,17.538126,18.53585,13.47359,12.4401245,16.49211,10.888525,15.848993,12.84648,15.687854,17.877707,17.166445,12.43639,9.182503,7.06052,4.389151,0.0,4.719094,6.151168,9.471067,13.487295,14.590117,17.679836,19.373306,17.816284,17.20254,12.453306,11.947443,9.431359,8.01502,10.934636,10.738848,18.059742,17.02401,21.138313,23.983507,26.985224,25.88312,19.961622,15.503847,17.99777,13.048676,14.493068,13.275356,14.162543,15.671674,17.473494,17.139875,20.247013,17.247498,19.02489,15.379857,17.145027,18.64715,14.949554,12.349253,13.435546,15.2123165,20.300663,21.453894,23.60311,18.886007,24.471563,22.571001,25.427067,20.978428,25.59718,25.623821,21.911438,23.179369,21.19347,20.740707,21.613104,17.771791,22.197357,17.238287,21.907274,19.054382,20.239716,21.848923,18.034533,19.36652,15.9629345,13.962286,11.289542,10.678477,11.754719,10.858099,15.21981,15.545442,19.357038,20.946136,20.574198,24.580284,21.040146,27.95972,29.365828,28.2079,28.884398,27.220005,27.125374,22.20042,24.22124,19.354319,19.51883,16.617514,14.695013,13.1819725,11.529968,11.564226,11.502989,12.869048,10.305016,14.151491,13.989316,18.59488
17,21.631207,18.026451,19.47562,14.246003,14.322473,17.490215,13.137673,17.548697,13.956068,17.471933,18.767023,18.682913,14.461763,11.454919,10.451884,5.59409,4.719094,0.0,6.6069336,6.2697015,11.319105,12.48653,14.52259,17.061285,16.394968,15.418915,11.953693,9.537285,9.111929,5.6381783,11.199739,10.554627,17.488338,16.690977,20.22609,23.845577,25.942951,24.003244,18.216251,13.615212,16.066235,10.358352,12.714705,10.485277,13.045458,13.397783,16.776175,16.914497,20.56171,18.331495,20.795397,17.941595,20.351337,22.370699,18.756807,15.761868,16.458035,17.28487,22.582104,23.377113,24.916323,19.619972,24.674719,22.109505,24.396297,19.169054,23.393517,22.767557,18.849375,19.51185,17.906216,16.709951,17.949238,13.893888,18.691338,14.037106,18.914948,16.795801,17.856983,20.30082,17.333084,19.177275,15.041069,11.878935,8.77646,6.964345,8.008092,6.16923,10.762628,11.415432,15.244454,17.31484,17.325533,21.90989,18.85657,25.993929,27.273859,26.29933,27.936863,26.371004,27.298689,22.303272,25.338682,20.757639,21.333809,19.139914,17.241325,16.866472,15.720174,15.265436,14.4156,14.920422,11.082382,14.238023,12.602611,17.050022
18,16.478102,12.409482,14.773466,10.105594,10.522629,15.338381,11.727306,17.616558,15.984585,19.53375,22.34352,22.501186,18.251463,14.56575,13.060234,10.038432,6.151168,6.6069336,0.0,6.137701,8.0268755,9.262296,13.17001,14.499504,12.898223,13.177795,8.829198,9.39986,10.187871,9.674866,14.740379,15.935939,22.800936,22.518805,26.21338,29.595722,32.12502,30.346706,24.632284,20.046621,22.045801,16.266327,17.41586,14.517978,15.751521,14.841578,16.241322,14.544756,18.565514,16.9552,18.779446,15.573927,18.54007,19.49161,17.210917,14.1034155,16.138687,16.939014,21.288952,23.757883,24.397976,20.674606,25.899603,23.487343,26.571611,21.356295,26.142195,25.804611,22.71161,23.882536,22.977081,22.15996,24.031889,20.105585,25.09048,20.45368,25.04006,22.656805,22.936922,24.866718,21.564713,22.175959,17.554422,15.715118,12.119416,12.026229,10.31241,11.345334,13.322345,14.41611,17.909332,19.638445,20.473783,24.241165,22.035189,28.007563,30.589397,30.38371,31.190851,30.236048,30.061281,25.72599,28.301268,23.194847,24.382725,20.688305,20.10843,18.349031,16.491444,17.218103,17.538784,18.690468,16.225933,19.791637,18.890873,23.414474
19,18.480324,15.390216,18.313377,13.750673,15.235619,18.725897,16.124,21.150764,18.585598,22.561384,24.252975,24.70192,20.662966,17.397318,16.21804,11.791352,9.471067,6.2697015,6.137701,0.0,5.8854713,6.456342,8.372881,11.071607,10.997892,10.421582,8.573066,5.765364,9.838984,7.7660036,14.723468,15.812437,21.79622,22.106379,24.976652,29.16934,30.683804,27.98419,22.745584,18.292423,19.762772,13.5917845,15.163309,11.097811,13.984491,11.385562,14.813526,14.0404,18.53236,17.872826,20.576494,18.52909,22.007893,23.862324,21.335197,17.87444,19.122591,18.863039,23.488665,25.254768,25.240303,20.796139,25.235077,22.063128,24.386904,18.339117,22.552397,21.447845,18.344187,18.891672,18.691553,17.289711,19.80712,16.113766,21.427868,17.675966,22.401735,21.10468,21.424335,24.317509,22.022123,23.369371,18.254099,15.119198,11.351294,9.823804,7.3379517,7.087239,7.2447305,8.733595,12.077451,14.299658,15.779519,20.056108,18.65203,24.61629,27.112282,27.244143,29.091312,28.34711,29.308105,25.032099,28.729296,24.01841,25.703293,22.837317,22.308115,21.858084,20.662542,20.927145,20.322111,21.123587,17.241072,20.297577,18.07048,22.207306
20,13.412434,11.080949,14.880004,11.530042,14.163577,17.44875,16.792255,21.951473,20.750746,24.941149,27.363636,28.479437,24.872711,21.140598,20.528286,16.374063,13.487295,11.319105,8.0268755,5.8854713,0.0,4.109305,7.0619626,9.426442,9.7445345,10.90677,10.243978,9.570343,14.649232,13.538453,20.2352,21.492325,27.66448,27.7699,30.789679,34.88167,36.42274,33.663937,28.393074,23.936768,25.594194,19.41847,20.919012,16.608877,19.163877,15.537837,17.920856,15.776406,20.601805,20.89203,23.168825,21.147804,24.928017,25.952295,24.395794,21.0218,22.989138,22.72367,26.62791,29.376696,28.655962,25.224321,29.512197,26.30572,28.844532,22.691164,26.847246,25.543413,23.043697,23.377512,23.85609,22.042093,24.843496,21.037544,26.142454,22.35498,26.456057,25.077501,24.438745,27.027613,24.926966,25.323233,19.694704,17.495556,13.670893,13.566844,9.210226,12.054504,10.334563,12.841536,15.241923,17.546549,20.030178,23.821594,23.44277,28.421814,31.692354,32.3714,34.124397,33.73572,34.399494,30.457874,34.02917,29.131987,30.979763,27.536873,27.326904,26.151949,24.467707,24.950638,24.939014,25.331593,22.357061,25.244072,23.200092,27.264801
21,16.110395,13.670628,18.107157,14.942692,17.223328,21.163355,19.807941,25.309519,23.785814,27.822344,30.097998,30.699492,26.589636,23.1079,21.545662,17.755035,14.590117,12.48653,9.262296,6.456342,4.109305,0.0,4.8312135,5.674347,5.769311,6.8765197,7.4303827,7.200522,13.053538,12.956562,19.306824,21.642239,27.125214,28.178923,30.797874,35.154644,36.58451,33.63344,28.749832,24.40635,25.222237,19.137348,19.755466,15.200495,17.173267,12.775249,14.589968,12.285296,17.159666,18.12885,20.551098,19.25732,23.400843,24.764084,23.530546,19.993526,21.810266,20.836983,24.349382,27.241962,25.816696,22.816586,26.653809,23.336023,25.910269,19.811049,23.98408,22.85951,20.94825,21.748213,22.588568,21.557623,24.76686,21.574345,26.973103,23.735569,28.29431,27.26018,27.155622,30.026098,27.873331,28.677422,23.200876,20.591936,16.733835,15.825486,12.069926,12.995285,10.196563,11.582444,13.542598,15.104674,17.707039,20.837181,20.977594,25.18414,28.998102,30.151512,31.622766,31.663187,32.118412,28.679153,32.463207,27.627218,30.1124,26.466347,27.134235,26.313208,25.00396,25.982843,25.760347,27.045937,23.390732,26.67508,24.507774,28.606077
22,19.152525,17.493122,21.73276,18.587269,21.129955,24.298992,23.309284,28.303705,26.282656,30.474968,32.101154,32.876663,28.970287,25.744654,24.431862,20.100134,17.679836,14.52259,13.17001,8.372881,7.0619626,4.8312135,0.0,4.747002,7.5939364,7.559573,10.616716,8.305996,15.07269,14.228072,20.873907,22.955265,27.656025,29.009848,31.016825,35.77364,36.480713,32.95378,28.595905,24.565483,24.978148,19.097876,19.897701,14.974766,17.824055,12.442234,15.5757885,14.252296,18.95251,20.480825,23.330254,22.689066,26.903114,28.760416,27.25864,23.62642,24.962612,23.537283,27.163542,29.47046,27.723242,24.328749,27.44582,23.699215,25.54602,19.08268,22.4663,20.64472,19.023962,19.179781,20.803936,19.342121,22.982012,20.263245,25.531996,23.18425,27.528347,27.296217,27.16639,30.539627,29.088232,30.283373,24.704777,21.526627,17.901907,16.392252,12.636854,12.8484535,7.975277,9.513161,10.296864,12.1449795,15.585804,18.810257,19.932087,23.70555,27.416748,28.898226,31.15696,31.383568,32.666527,29.37624,33.799118,29.34858,32.02391,28.985779,29.559921,29.433447,28.438276,29.10158,28.41773,29.430729,25.175432,28.043983,25.209404,28.871616
23,19.972618,18.166813,23.056372,20.401909,22.75787,26.724007,25.448252,30.970535,29.26102,33.278866,35.286777,35.674892,31.347725,28.127195,26.03894,22.41141,19.373306,17.061285,14.499504,11.071607,9.426442,5.674347,4.747002,0.0,3.891486,4.716214,9.262213,9.052199,15.318797,15.969479,21.742313,24.919622,29.293888,31.342056,33.28375,38.01218,38.97988,35.58464,31.393585,27.375725,27.227108,21.50955,21.310358,16.545107,18.10122,12.419452,13.63974,11.445524,15.943689,18.389595,20.951809,20.938915,25.398455,27.10105,26.366924,22.786053,24.302423,22.389547,25.167269,28.103085,25.505522,23.22408,25.961716,22.37386,24.58972,18.577906,22.165983,20.900871,20.152643,21.106403,22.86835,22.422285,26.1898,23.871893,29.303795,27.014845,31.680363,31.295708,31.427656,34.67545,32.84263,33.94874,28.44776,25.48063,21.715773,20.251997,16.696253,16.479786,12.053635,12.385423,12.8226795,13.350732,16.597692,18.546865,20.1844,22.683058,27.307182,29.345692,30.81838,31.560926,32.100872,29.476028,33.702534,29.182028,32.41744,28.803785,30.359106,30.062105,29.166239,30.465427,29.96821,31.799618,27.512918,30.873882,28.359001,32.226444
24,19.522255,17.079927,22.076876,19.437487,21.35833,26.009024,24.16034,30.046957,28.54258,32.31874,34.682076,34.721306,30.11141,26.888727,24.284998,21.320883,17.816284,16.394968,12.898223,10.997892,9.7445345,5.769311,7.5939364,3.891486,0.0,3.3497317,6.4210415,8.397243,13.513019,15.178658,20.237955,23.961578,28.525272,30.691648,32.901085,37.37048,38.834526,35.844128,31.454424,27.320274,27.149944,21.468271,20.787666,16.404053,16.947884,12.001529,11.64486,8.466261,13.046436,15.379164,17.610983,17.493767,21.989796,23.46921,23.105402,19.614258,21.370777,19.49135,21.913229,25.341364,22.709507,20.994965,24.072289,20.853851,23.658903,18.112782,22.284857,21.698578,20.908455,22.504599,23.72855,23.883587,27.400797,24.983974,30.537285,27.824612,32.762066,31.92496,32.29285,35.260944,32.917835,33.917477,28.628323,25.927103,22.07483,20.765629,17.547653,17.171259,13.922428,13.818957,14.94444,15.072263,17.546074,19.156311,20.096634,22.643757,27.446571,29.3396,30.045055,30.785126,30.569609,28.06548,31.817947,27.090212,30.40465,26.301218,28.293379,27.650133,26.719353,28.433676,28.185326,30.550438,26.505028,30.249762,28.214123,32.34466
25,22.171455,19.498623,24.19642,20.985374,22.666378,27.265514,24.82254,30.582783,28.484318,32.186554,34.11359,33.878105,29.127731,26.21732,23.333477,20.332043,17.20254,15.418915,13.177795,10.421582,10.90677,6.8765197,7.559573,4.716214,3.3497317,0.0,5.7459197,6.3101554,11.478207,13.184706,17.989826,21.93382,25.913713,28.503588,30.365631,34.991276,36.237423,33.1184,29.028656,25.080292,24.463284,19.009731,17.994024,13.609547,14.105171,8.796989,8.994037,6.9389167,11.517114,13.75647,16.48611,16.759806,21.214697,23.325052,22.467482,18.887007,20.126083,17.89476,20.628222,23.427526,20.834883,18.573364,21.399353,17.957174,20.530523,14.824263,18.956917,18.392574,17.647705,19.435741,20.672588,21.233725,24.801542,22.781282,28.343868,26.024021,31.143038,30.579296,31.352133,34.540134,32.291683,33.740105,28.629238,25.500107,21.754673,19.87184,17.268925,15.6810465,12.409902,11.446029,12.438068,12.116724,14.320274,15.862306,16.780338,19.439878,24.116402,26.015095,26.858536,27.630892,27.695614,25.23455,29.286804,24.765017,28.249264,24.516705,26.589172,26.51102,25.945257,27.577932,26.95632,29.561525,24.985926,28.720242,26.491177,30.479277
26,20.747023,17.165012,21.312717,17.697674,18.611639,23.78231,20.419819,26.402714,24.430155,27.790125,30.090584,29.519835,24.57091,21.620901,18.355295,16.08417,12.453306,11.953693,8.829198,8.573066,10.243978,7.4303827,10.616716,9.262213,6.4210415,5.7459197,0.0,5.355389,7.661983,10.263562,14.422066,18.425571,23.279495,25.341263,27.881237,31.981958,34.003525,31.597609,26.924528,22.723001,22.682024,17.16727,16.183697,12.576693,12.208435,9.309139,8.552685,5.966132,10.551931,10.767214,13.173313,12.10501,16.398714,18.285685,17.130135,13.530126,15.152239,13.676623,16.933784,20.011875,18.550352,16.007471,20.14337,17.352537,20.666615,15.5269785,20.446243,20.556236,18.898792,21.054222,21.111954,21.846561,24.717402,22.151066,27.679647,24.467678,29.73439,28.390106,29.35957,32.043854,29.137789,30.42104,25.722715,23.0208,19.312325,17.787508,15.856729,14.381348,13.462007,12.664031,15.051061,15.161214,16.157131,18.281221,17.32391,21.37654,25.34133,26.35082,26.522713,26.695156,26.035614,23.013308,26.268887,21.30175,24.29607,20.076778,21.95042,21.261421,20.47393,22.339832,22.060442,24.989641,20.958307,25.050564,23.554644,27.885777
27,22.33979,19.115229,22.803053,18.551626,19.740221,23.981623,20.705584,26.061506,23.227146,26.834414,28.293468,27.940548,23.25603,20.548265,17.894619,14.45466,11.947443,9.537285,9.39986,5.765364,9.570343,7.200522,8.305996,9.052199,8.397243,6.3101554,5.355389,0.0,6.8035254,7.016209,12.830589,15.928625,20.481726,22.459316,24.589539,29.13569,30.486609,27.561337,23.059692,18.946728,18.856976,13.0830765,12.811865,8.360372,10.023456,6.1154923,9.269874,9.169101,13.484317,13.451632,16.577288,15.704573,19.604752,22.154118,19.947243,16.296614,17.080162,15.616296,19.820612,21.520954,20.595808,16.465145,20.284164,16.882841,19.287653,13.228727,17.692795,17.030338,14.708394,16.256855,16.448057,16.64388,19.692429,17.207521,22.785738,20.048273,25.313557,24.54834,25.659164,28.82467,26.492502,28.330551,23.567894,20.125818,16.570927,14.235708,12.703771,9.916491,8.543804,7.3379865,10.047129,10.740127,11.877851,15.199147,14.188442,19.340792,22.524801,23.273985,24.629282,24.49413,25.142136,21.591373,25.670856,21.08767,23.81469,20.73437,21.642845,21.883104,21.384504,22.411566,21.453445,23.69237,18.873777,22.466341,20.1831,24.210587
28,25.957146,21.98894,24.893433,20.27146,20.20782,24.91954,20.004345,25.24235,21.971827,24.739014,26.066341,24.61988,19.346056,17.365328,13.288931,11.612959,9.431359,9.111929,10.187871,9.838984,14.649232,13.053538,15.07269,15.318797,13.513019,11.478207,7.661983,6.8035254,0.0,4.8960876,6.780479,11.328343,15.709045,18.124607,20.512804,24.5105,26.696949,24.675184,20.10678,16.16247,15.735568,10.908054,9.268346,7.3223066,5.867752,7.391484,8.423731,9.689443,12.18608,9.651175,12.616702,11.128178,14.17269,17.392124,14.274718,10.81847,10.765515,9.619009,14.667512,15.542787,16.069666,11.084894,16.025906,13.540436,16.557665,12.03775,17.032372,17.667776,14.943494,17.483501,16.128664,17.732405,19.705864,17.57651,22.759676,19.715975,25.290123,23.943872,25.979784,28.66331,25.611448,27.801847,24.076143,20.870337,17.832094,15.395773,15.812685,11.875214,13.562698,11.532051,14.561293,14.485768,13.443395,16.177406,12.894298,18.922976,21.175594,20.949242,21.106096,20.422043,20.115152,16.175585,19.485912,14.618045,17.21165,13.936933,15.185712,15.725657,15.814224,17.281324,16.12378,19.728449,14.763441,19.009512,17.697386,21.865822
29,25.453062,21.771797,24.100327,19.073992,19.217756,22.966158,18.334206,22.89293,19.021791,22.082382,22.803339,21.840782,17.031807,15.009108,12.211815,8.829753,8.01502,5.6381783,9.674866,7.7660036,13.538453,12.956562,14.228072,15.969479,15.178658,13.184706,10.263562,7.016209,4.8960876,0.0,7.208898,8.951162,14.263942,15.539498,18.092913,22.357925,24.104101,21.751156,16.739084,12.465181,13.000582,7.2326446,7.842171,5.3039846,7.4866896,8.516047,12.248608,13.648413,16.713663,14.516156,17.495455,15.672769,18.323315,21.317484,17.648863,14.409273,14.252301,13.914921,19.274958,19.436579,20.559296,14.81755,19.43777,16.6613,18.774286,13.616736,17.914581,17.654882,13.935744,15.41334,13.756647,14.107262,15.824869,13.048698,18.274069,14.972577,20.509846,19.307404,21.29074,24.2203,21.557343,24.05605,20.28059,16.623661,13.801391,10.876094,12.042441,7.2776427,10.368867,8.870677,12.451409,13.469063,12.603142,16.763271,13.354233,20.506094,21.807756,21.034397,22.488203,21.220917,22.227674,17.536333,21.247938,16.813965,18.401846,16.367949,15.757733,16.645578,16.520847,16.802725,15.234811,17.446825,12.0730715,15.719032,13.679906,17.821154
30,31.200329,27.098108,29.064678,24.086617,23.283714,27.352104,21.540924,25.688686,21.533886,23.40136,23.690426,21.27162,15.956739,15.436537,10.928094,10.753296,10.934636,11.199739,14.740379,14.723468,20.2352,19.306824,20.873907,21.742313,20.237955,17.989826,14.422066,12.830589,6.780479,7.208898,0.0,6.1713767,9.389579,12.208147,14.461884,18.073908,20.667965,19.40266,15.0515585,11.77788,10.91534,8.296597,5.9947934,8.250495,6.0861115,11.591225,13.146283,15.665737,16.762243,12.97995,15.423891,13.809904,14.944488,18.735842,14.288674,11.93747,10.069404,9.990754,15.505443,13.888434,16.684767,10.198552,15.164034,13.670613,15.881428,13.1417,17.224459,18.360226,14.950056,17.48513,14.616567,16.979057,17.555622,16.110138,20.304243,17.577003,23.02826,21.627596,24.671894,27.091501,23.965685,26.879448,24.402866,21.12539,19.082521,16.304993,18.660027,13.655249,17.195395,14.825492,17.762705,17.610086,15.0641,17.830027,12.744885,19.787497,20.009998,18.263735,18.242952,16.390224,16.405653,11.3277,14.228546,9.806326,11.276602,9.867475,9.744246,12.113145,13.373153,14.1584425,11.956819,16.25003,10.647056,14.761032,14.045328,17.706764
31,31.891762,27.991718,28.961834,23.737814,22.699457,25.564665,19.76569,22.600447,17.711252,19.22694,18.50325,16.087114,11.329322,11.61912,8.838138,8.098505,10.738848,10.554627,15.935939,15.812437,21.492325,21.642239,22.955265,24.919622,23.961578,21.93382,18.425571,15.928625,11.328343,8.951162,6.1713767,0.0,7.5716786,6.993752,10.542018,13.8502245,16.605556,15.774981,10.3359585,6.720902,8.321628,6.6657095,7.895628,10.579042,11.158335,15.733989,18.714653,20.94567,22.665648,18.976885,21.274172,18.974548,19.618032,22.827934,17.888437,16.013943,14.441063,15.576619,21.10542,19.144278,22.666885,16.118656,20.720556,19.250834,20.688526,17.733507,21.036545,21.426493,17.154959,18.446068,14.893558,15.803839,15.083713,13.001052,16.2035,12.845039,17.859503,16.088272,19.521858,21.68091,18.684687,22.068806,20.432077,17.175665,16.126272,13.434693,17.211277,12.434116,17.600662,16.093739,19.264221,20.084112,17.691153,21.531246,16.387096,24.16912,23.237066,20.592478,21.740372,19.001831,20.253195,14.539591,16.927427,13.558052,12.660228,13.215153,9.68356,12.25205,13.206357,12.090918,9.1532545,11.606736,5.2758594,8.743102,8.110173,11.7389965
32,38.983574,35.10737,36.408764,31.182947,30.23176,33.097004,27.297235,29.80245,24.703821,25.708227,24.020546,21.003628,17.007467,18.483858,15.584787,15.666348,18.059742,17.488338,22.800936,21.79622,27.66448,27.125214,27.656025,29.293888,28.525272,25.913713,23.279495,20.481726,15.709045,14.263942,9.389579,7.5716786,0.0,6.4245706,5.754185,9.793644,11.624987,10.93409,8.29465,8.141442,5.3463454,9.290746,8.2174425,13.017059,12.507231,17.995169,20.785202,24.222706,24.821152,21.235308,23.560026,22.492397,22.620438,26.554382,21.688398,20.294575,17.655676,17.827524,22.616282,18.800304,22.592333,15.810648,18.653719,17.80224,17.859678,16.91765,18.663633,19.61788,15.828243,17.393784,13.200657,15.969419,14.419658,14.882083,16.700651,15.853748,20.299593,19.83452,24.040594,26.42808,24.19099,28.13836,27.091116,23.537878,22.86641,19.673576,23.551577,17.793602,21.934855,19.390018,21.56261,21.41208,17.817394,20.519037,14.821324,21.936968,19.201029,15.437689,16.586489,13.062685,15.507017,9.891222,12.682011,11.65111,10.684107,14.025041,11.558758,16.134445,18.306602,17.504124,14.180892,17.137297,11.515254,13.090936,12.276712,13.575126
33,37.893753,34.15511,34.515903,29.30004,28.036316,29.929127,24.260159,25.57074,20.244734,20.699596,18.265207,15.2378645,12.20972,14.466222,13.329272,13.435311,17.02401,16.690977,22.518805,22.106379,27.7699,28.178923,29.009848,31.342056,30.691648,28.503588,25.341263,22.459316,18.124607,15.539498,12.208147,6.993752,6.4245706,0.0,4.9831953,7.156606,10.195257,10.825485,5.9504595,5.804912,7.723386,10.592707,12.167526,15.918362,16.695261,21.559795,24.85911,27.576107,28.903063,25.085634,27.232176,25.14404,25.049099,28.291216,23.112923,21.94074,19.85278,21.182198,26.338085,23.167788,27.445763,20.789995,24.4783,23.51879,23.98269,22.140823,24.251226,24.589973,20.237219,20.864481,16.684275,17.46555,15.035564,14.150666,14.881603,12.787063,16.327606,14.987981,19.338726,21.060772,18.752985,22.823927,22.75195,19.712206,19.957787,17.398825,22.042248,17.324821,22.664244,21.176353,23.85063,24.674759,21.766155,25.453972,20.051516,27.679096,25.13027,21.379833,22.996168,19.398207,21.636778,15.97112,17.571674,16.144707,13.547441,16.704872,11.865647,15.485687,17.016325,14.819993,11.442497,12.2730665,7.689972,7.354278,7.5460896,8.252635
34,41.766582,38.112686,38.820915,33.548817,32.544468,34.46834,28.97819,30.34518,24.924461,25.48057,22.659904,19.773525,17.154058,19.397814,18.021105,17.816532,21.138313,20.22609,26.21338,24.976652,30.789679,30.797874,31.016825,33.28375,32.901085,30.365631,27.881237,24.589539,20.512804,18.092913,14.461884,10.542018,5.754185,4.9831953,0.0,5.453072,6.229907,6.513375,4.679821,7.5489316,6.5734396,11.920172,12.728464,16.99682,17.694809,22.561495,26.082808,29.420908,30.369076,26.851944,29.186876,27.814947,27.790945,31.459753,26.39269,25.17476,22.703375,23.332586,28.19257,24.292555,28.311045,21.561138,24.160456,23.266758,22.817469,21.748638,22.807339,23.161137,19.101885,19.554316,15.222747,16.735504,13.811554,14.628427,14.440891,14.368654,17.501549,17.425533,22.004301,24.131525,22.577888,26.914005,26.789507,23.366446,23.621403,20.607113,25.147308,19.755453,24.362865,22.343246,24.374071,24.757431,21.35838,24.540516,19.198742,26.322828,22.73214,18.47396,20.617323,16.763422,20.12201,14.919622,17.018978,16.879948,14.743713,18.868073,15.037481,19.384762,21.334496,19.502228,16.077845,17.199472,12.53315,11.932828,11.129077,10.372144
