,0,1,2,3,4,5,6,7,8,9,10,11,12,13,14,15,16,17,18,19,20,21,22,23,24,25,26,27,28,29,30,31,32,33,34,35,36,37,38,39,40,41,42,43,44,45,46,47,48,49,50,51,52,53,54,55,56,57,58,59,60,61,62,63,64,65,66,67,68,69,70,71,72,73,74,75,76,77,78,79,80,81,82,83,84,85,86,87,88,89,90,91,92,93,94,95,96,97,98,99,100,101,102,103,104,105,106,107,108,109,110,111
0,0.0,4.504978,6.94218,10.194034,13.361404,15.271138,18.697927,22.596811,24.625803,28.428106,31.786776,34.566334,33.897682,32.026283,32.298042,26.810108,26.796848,22.244835,24.470625,18.96762,19.451704,18.962694,14.602229,19.13327,22.356623,22.772638,24.572504,20.703943,25.754936,21.84281,29.084528,26.379286,32.69331,30.432007,33.20538,36.625084,37.50461,35.079067,29.813065,25.925869,29.08321,23.59903,27.013813,23.16571,27.64329,24.252602,28.858206,28.095716,32.878452,32.87276,35.7672,33.749287,36.93235,38.718643,35.85813,32.600887,33.54505,33.597324,38.56343,39.422497,39.32749,33.82546,38.024582,38.186455,36.818016,31.560057,35.124676,32.438164,29.495113,27.389122,28.371107,24.118526,26.106424,21.827023,25.476162,22.082863,24.239185,23.18351,21.305002,24.720198,25.348444,23.20231,18.070078,19.271164,15.58685,16.366308,11.776699,15.352083,11.460569,14.811264,15.537643,17.752132,21.323706,23.308458,23.387896,20.564915,18.537006,15.381311,13.453917,12.334086,9.998292,7.3829365,9.174748,6.1155944,7.742648,10.353619,10.6848955,16.705381,16.787703,21.002775,23.604355,27.439642
1,4.504978,0.0,5.4289694,6.74972,9.746553,13.116573,15.175989,19.842194,21.551134,25.436167,29.06044,31.508595,30.4398,28.311644,28.454025,22.971554,22.686394,18.264341,20.162424,14.930453,15.3100605,15.372994,11.581072,16.485403,19.230936,19.78294,20.852226,17.257744,21.980003,18.185072,25.519642,22.981619,29.650629,27.574064,30.657324,34.053482,35.43228,33.238407,27.724337,23.532381,26.646465,20.950848,24.157349,20.385149,24.48526,21.50213,25.704662,24.668959,29.453638,29.21734,31.934437,29.665894,32.803368,34.398605,31.64768,28.421146,29.570831,29.805687,34.72048,35.870415,35.870316,30.558384,35.0154,35.33782,34.066895,29.112793,33.11032,30.81873,27.567665,25.89955,26.371634,22.567204,24.49262,20.018898,24.176682,20.269268,23.216969,21.791557,20.623266,24.331375,25.169287,23.456123,17.81891,17.834293,13.927195,14.145151,9.425997,12.711354,9.282954,12.592766,14.230109,16.723166,19.231245,21.690302,21.089132,17.97843,16.238049,13.508499,10.2213745,9.233833,5.705623,5.796877,6.200178,5.991457,8.975126,10.569107,9.428555,15.870538,14.281035,18.634308,20.733587,24.655857
2,6.94218,5.4289694,0.0,5.4402785,7.4718075,8.70217,12.757419,16.183805,19.001297,22.447924,26.217438,29.200907,28.953842,26.895859,28.123308,22.559208,23.180939,18.867676,21.802778,17.210217,18.441479,19.308228,16.294174,21.28634,23.656263,24.0427,24.221952,20.518637,24.002167,19.67189,26.206036,22.552616,29.303492,26.140541,29.56844,32.273113,33.893997,32.366734,26.599566,22.650028,26.61789,21.553083,25.36218,22.448301,26.633429,24.748554,29.1642,28.34499,32.94905,31.993893,34.51917,31.704416,34.29003,35.688286,32.537144,29.656618,30.717175,31.61347,36.784664,37.60269,38.437904,32.916523,37.029995,37.90752,37.120457,32.03679,36.04477,33.886665,30.2457,28.316956,28.270836,24.041565,25.09248,20.241827,23.586584,18.975979,21.055897,18.80382,16.867563,20.03767,21.353004,19.25632,13.7579775,14.145829,10.938317,12.683289,7.991397,13.554859,12.413192,16.241098,18.486544,21.730438,23.682919,26.577003,25.964449,22.689638,21.35031,18.805248,14.962821,13.4212265,9.21907,10.191372,6.5630617,5.754595,7.942485,7.4244485,5.8159637,11.625901,11.064938,14.719705,17.551277,21.03265
3,10.194034,6.74972,5.4402785,0.0,3.8113766,7.4537296,8.587513,13.258636,14.836126,18.687506,22.399279,24.890951,24.090181,22.002623,22.817429,17.250359,17.814604,13.44501,16.801592,12.300836,14.527693,15.608761,13.701199,18.51328,20.340275,20.382277,19.816734,16.044525,18.794237,14.379362,20.803041,17.313713,24.221735,21.472134,24.981422,27.920128,29.800467,28.26899,22.401932,18.16375,21.910007,16.70814,20.339182,17.681656,21.587095,20.3664,24.65093,24.041948,28.42451,27.03067,29.49389,26.573778,29.010078,30.581253,27.242422,24.370266,25.314556,26.294579,31.53068,32.26071,33.33214,27.81731,31.920418,32.996395,32.42557,27.53006,31.769743,29.987947,26.068825,24.493073,23.923222,20.154043,21.092205,16.204163,20.072834,15.208954,18.393335,16.22618,15.722142,19.560614,20.648962,19.540113,13.657432,12.216274,8.481172,8.741215,4.37528,9.053568,9.4456005,12.949949,16.069519,19.920824,20.50365,23.983528,23.14108,19.68975,19.333996,17.37504,12.846157,10.403799,6.604547,9.194677,3.1056511,6.714373,9.443285,8.573272,5.541456,11.149948,7.8136334,12.221614,14.010817,18.014444
4,13.361404,9.746553,7.4718075,3.8113766,0.0,6.095457,5.7543125,10.761968,12.913839,16.395426,20.625656,23.048607,22.313475,19.87173,21.311342,15.818508,16.554276,12.745033,15.928817,12.722524,14.746178,16.792934,15.771282,20.444786,21.666082,21.919096,20.395485,17.28182,18.9319,14.740715,20.441538,16.61127,23.812696,20.658031,24.678186,27.066387,29.610449,28.728384,22.66771,18.449512,22.46299,17.673372,21.149769,19.111912,22.409409,22.023163,25.717913,24.827005,29.018911,27.234735,29.319565,25.913353,27.990898,29.090786,25.816605,23.245468,24.463379,25.99846,31.129704,32.10116,33.55758,28.344807,32.49363,33.89262,33.563274,29.059753,33.538406,32.13351,28.013071,26.745111,25.651237,22.263626,22.75404,17.848375,21.484543,16.087347,19.261593,16.3179,16.02244,19.44683,21.01122,20.01582,14.340625,12.073731,9.256946,9.882488,6.819298,11.127328,12.659001,15.743178,19.158098,22.865221,22.849476,26.457108,25.10428,21.631058,21.337841,19.76791,14.716801,12.9594555,8.698713,12.729523,6.7748275,10.294018,12.752404,10.98553,7.495991,11.462019,6.9139953,10.294274,11.823366,15.421176
5,15.271138,13.116573,8.70217,7.4537296,6.095457,0.0,6.9881268,7.7774844,11.6099825,14.372896,18.234413,21.612991,22.30508,20.49607,23.117369,17.905025,19.956,16.349813,20.8216,17.72884,20.598598,22.321241,21.03601,25.732346,27.212217,27.086065,25.665854,22.045776,23.030931,18.398993,22.868475,17.884964,24.352997,19.914797,23.852732,25.48344,27.771515,27.431265,21.4248,17.914701,22.75452,19.063084,23.210218,22.012993,25.702724,25.943287,30.270092,29.979006,33.952213,31.704979,33.818176,30.318314,31.83661,33.103973,29.284256,27.09678,27.802916,29.673866,35.03463,35.220436,37.43467,31.844673,35.268127,37.07385,37.17395,32.288654,36.35871,34.807487,30.56304,28.730001,27.505327,23.448639,23.05169,18.106255,20.32348,14.714784,16.205639,12.5008545,11.01746,13.778863,15.761688,14.441067,9.193381,7.4255095,6.3092937,9.34358,7.586005,13.27613,15.930826,19.476498,22.774448,27.095436,27.304708,31.059021,30.283808,26.800247,26.71367,24.827255,20.174894,17.64986,13.930903,16.140562,9.598063,11.093797,12.141046,8.735102,5.806814,6.212487,4.3083525,6.1485724,9.497303,12.531581
6,18.697927,15.175989,12.757419,8.587513,5.7543125,6.9881268,0.0,6.27207,7.4990077,10.842089,15.241473,17.457703,16.880487,14.453365,16.719444,11.505706,13.352289,10.419251,14.763878,13.171167,16.421032,18.811838,19.12409,23.206045,23.724857,23.535511,20.887999,18.053518,17.537535,13.449765,17.171953,12.552867,19.609964,15.903787,20.34451,22.126057,25.297186,25.179367,19.071272,15.107966,19.370039,15.666095,19.022156,18.373365,20.984758,22.260046,25.657635,25.22082,28.767174,26.041557,27.766184,23.936018,25.16262,26.227627,22.441236,20.421476,21.32906,23.575888,28.750828,29.274424,31.693138,26.570972,30.195127,32.22844,32.5338,28.358402,32.837185,31.963295,27.526318,26.506027,24.554161,21.652988,21.22417,16.581251,19.584166,13.842009,17.123737,13.675796,14.662424,17.859468,19.476078,19.421675,14.382886,10.441905,9.115139,9.164423,9.084696,11.697628,15.538172,18.0265,21.89251,26.104534,24.842278,28.907349,27.506857,24.060223,24.730276,23.6799,18.559109,16.233706,13.141363,17.022417,10.701255,14.55232,16.43758,13.92455,10.551178,11.594065,5.3804417,6.8908334,6.698743,10.348684
7,22.596811,19.842194,16.183805,13.258636,10.761968,7.7774844,6.27207,0.0,5.5769053,6.875009,11.248686,14.558186,15.897547,14.255147,18.219868,14.013018,17.197113,15.089554,20.08034,18.958649,22.613184,24.882072,25.09828,29.190058,29.778086,29.333992,26.590418,23.583313,22.215822,18.112017,19.96347,14.361856,20.086494,14.842396,19.335342,19.744476,23.111433,24.084354,18.186775,15.321342,20.260933,18.212288,21.88135,22.3409,24.943,27.053026,30.724075,30.75844,33.946964,30.699505,32.24824,28.281889,28.713003,29.731327,25.536854,24.185581,24.593174,27.32116,32.485386,32.265,35.583397,30.370062,33.158085,35.70843,36.549232,32.285557,36.382248,35.578636,31.03068,29.6739,27.398865,24.211922,22.743618,18.387974,19.723347,13.957978,15.43255,10.971327,11.730838,13.662847,15.769774,16.063807,12.467921,8.209757,9.7127075,11.219993,12.535463,15.703682,20.326189,23.057905,26.861519,31.504576,30.252981,34.454018,33.39393,29.95219,30.792606,29.575377,24.601702,21.873903,18.893246,21.891275,15.184062,17.88045,18.831974,15.360799,12.682312,10.202085,6.462337,2.618705,2.6798677,4.8591475
8,24.625803,21.551134,19.001297,14.836126,12.913839,11.6099825,7.4990077,5.5769053,0.0,4.3245854,7.8494287,10.248314,10.813801,9.612955,13.205048,9.417533,13.320086,11.83709,17.467514,16.91684,21.423569,23.359997,24.408175,27.837957,28.023708,27.10555,23.98277,21.060606,18.47235,14.713039,14.994625,9.225182,14.55683,9.490027,14.175187,14.980715,18.601994,19.519806,13.677225,10.812673,15.356871,14.0731945,17.284317,18.652664,20.671026,23.744375,27.20675,27.779343,30.42686,26.716137,28.199284,24.383297,24.427088,25.932909,21.305525,20.127796,19.973976,22.757235,27.930708,27.198011,30.932976,25.736122,28.084818,30.893543,32.07758,28.078472,32.058323,31.643051,27.036016,26.006851,23.222267,20.734785,18.901047,15.138177,16.441032,11.093916,13.665241,10.208649,13.15108,15.800372,16.949657,18.369068,14.885886,9.89583,10.857028,10.304111,13.2738695,14.010889,19.591341,21.539768,25.470415,30.305899,28.073732,32.490704,31.560543,28.267218,29.957354,29.164856,24.441376,21.219784,19.466501,22.231358,16.01783,19.419922,20.446764,17.545351,14.98883,13.047422,8.304495,6.838391,2.9751523,6.164184
9,28.428106,25.436167,22.447924,18.687506,16.395426,14.372896,10.842089,6.875009,4.3245854,0.0,5.0645723,7.8174143,9.970014,9.21891,14.188663,11.831051,15.910013,15.406691,20.558159,20.822891,25.106773,27.313877,28.566004,31.94588,31.922468,31.049652,27.571018,25.01315,21.789804,18.497396,17.50879,11.995441,15.859797,10.272071,14.853578,14.065519,18.382437,20.472641,15.225937,13.454834,17.734411,17.603142,20.447369,22.428844,23.967138,27.58441,30.705912,31.277529,33.60337,29.58358,30.695408,26.68442,26.07888,27.190653,22.602894,22.084713,21.862242,25.092798,29.929464,29.029907,33.308064,28.487326,30.396301,33.53859,35.058086,31.403238,35.251766,35.096478,30.49363,29.563805,26.512964,24.293636,21.99982,18.697197,19.14056,14.25589,15.744182,12.037341,14.8355,16.347982,17.765553,19.454924,17.040901,12.292807,14.303467,14.337518,17.286991,18.300444,23.906994,25.844933,29.778147,34.60581,32.224342,36.659664,35.61958,32.361717,34.067783,33.35287,28.516914,25.478868,23.504412,26.452244,20.09961,23.275139,24.120026,20.895966,18.46658,15.49198,11.7738285,8.642028,4.923912,3.862799
10,31.786776,29.06044,26.217438,22.399279,20.625656,18.234413,15.241473,11.248686,7.8494287,5.0645723,0.0,4.5202923,8.8070545,10.080408,14.671316,13.714073,18.128845,18.01176,23.496735,23.741098,28.545313,30.29872,31.69538,34.739506,34.700253,33.411327,30.03243,27.29895,23.501917,20.471415,17.93784,12.722699,14.087279,8.13351,11.753591,9.68057,14.080408,17.057089,12.752726,12.547126,16.278872,17.885937,20.413696,23.321089,24.617107,28.869913,32.118553,33.328682,35.17782,30.833628,31.924185,28.254147,27.141438,28.705296,23.799026,23.6554,22.682611,25.817116,30.50501,28.67643,33.54826,28.712332,29.645334,33.106636,35.089367,31.515184,34.82618,34.858307,30.356035,29.356487,26.039955,24.10608,21.095507,18.734148,17.897802,14.209473,14.782321,12.045642,15.678862,16.755102,17.457142,20.053509,18.7364,14.270619,16.76016,16.417793,20.234163,20.37297,26.378658,28.027874,31.820776,36.905903,34.17388,38.68788,38.05467,34.929146,37.12463,36.46647,31.966703,28.439016,27.16659,29.395325,23.320536,26.211622,26.639927,23.514618,21.594486,17.8991,15.178396,12.325502,9.093807,8.006706
11,34.566334,31.508595,29.200907,24.890951,23.048607,21.612991,17.457703,14.558186,10.248314,7.8174143,4.5202923,0.0,5.301125,7.6935964,11.993241,12.765184,16.956438,17.955853,22.83077,24.043785,28.793686,30.58324,32.648666,35.1803,34.66485,33.273205,29.431602,27.286238,22.525795,20.368683,16.278757,12.13959,11.993226,7.4264054,10.607067,7.9537277,13.367662,16.716814,13.242768,13.37279,15.823636,18.150404,19.682568,23.214329,23.542603,28.517904,31.048265,32.367046,33.63666,28.975763,29.673159,26.05473,24.336979,25.845459,20.960608,21.380598,20.139637,23.49966,27.721466,25.730871,31.002256,26.736185,27.29427,31.004032,33.29028,30.396896,33.664677,34.213684,29.800175,29.343239,25.639442,24.665272,21.646425,19.97727,19.386703,16.388206,17.766066,15.754515,19.801216,21.169321,21.648579,24.390873,22.809692,18.154802,20.074232,18.974878,22.90307,22.00726,28.0622,29.142883,32.94923,37.839455,34.435085,38.94558,38.128895,35.194756,37.777443,37.51698,33.100563,29.730488,28.899012,31.428196,25.717379,29.086317,29.780523,26.950367,24.837843,21.828259,18.312872,15.98913,12.229126,11.316291
12,33.897682,30.4398,28.953842,24.090181,22.313475,22.30508,16.880487,15.897547,10.813801,9.970014,8.8070545,5.301125,0.0,3.8423293,6.8145328,8.951692,12.626518,14.600851,18.724373,20.761927,25.331356,27.114765,29.810526,31.816126,30.853708,29.45291,25.22955,23.694447,18.238266,16.942205,11.916262,9.075253,9.059476,7.0042815,10.326037,9.756258,14.932556,17.131489,13.576054,12.782326,14.106046,15.9178295,16.479952,20.098797,19.543682,24.885267,26.675312,27.902027,28.83845,24.060066,24.535532,20.909304,19.045692,20.665691,15.711939,16.245928,14.942491,18.454088,22.51246,20.843466,26.041912,22.152195,23.039389,26.716013,28.949865,26.599997,30.156788,31.06658,26.706161,26.86146,22.974789,22.868067,20.401237,18.952198,19.5155,16.663733,19.515747,17.943806,22.223677,24.449297,24.84243,27.363272,24.796412,19.88474,20.751137,18.758696,22.467913,20.483675,26.289833,26.75619,30.553318,35.07632,31.108576,35.545147,34.443016,31.697653,34.555317,34.706,30.425594,27.35146,27.001331,29.898655,24.775883,28.729122,29.874166,27.536865,25.124731,23.429081,18.755116,17.526384,13.451395,13.723627
13,32.026283,28.311644,26.895859,22.002623,19.87173,20.49607,14.453365,14.255147,9.612955,9.21891,10.080408,7.6935964,3.8423293,0.0,5.779606,6.8172445,10.187139,12.418174,15.993375,18.52325,22.618347,24.857288,27.646217,29.80645,28.714325,27.66756,23.163954,21.978159,16.71911,15.43616,11.570789,8.650074,11.2283535,9.210407,13.266423,13.336237,18.35872,20.070581,15.784081,13.922411,15.734652,16.096792,16.819136,19.663336,19.140215,24.040539,25.54218,26.167936,27.432198,22.855347,23.241283,19.173286,17.65565,18.727701,14.017649,14.320613,13.85563,17.635038,21.771801,21.106068,25.752762,22.001356,23.816887,27.197248,29.02817,26.718765,30.754017,31.558529,27.12997,27.403366,23.71891,23.450474,21.547413,19.412066,20.873726,17.214722,20.592138,18.44669,22.288795,24.709373,25.496674,27.53095,24.367142,19.361809,19.826677,17.941385,21.016088,19.423992,24.890379,25.454044,29.36996,33.6315,29.81321,34.188976,32.671738,29.844816,32.377033,32.58764,28.038237,25.436089,24.64488,28.19254,23.005966,27.24485,28.729591,26.408436,23.655945,22.594482,17.277794,16.19381,12.089345,12.5567045
14,32.298042,28.454025,28.123308,22.817429,21.311342,23.117369,16.719444,18.219868,13.205048,14.188663,14.671316,11.993241,6.8145328,5.779606,0.0,5.5681796,7.1207733,10.566619,13.131966,16.232342,20.347788,22.041664,25.495407,26.774576,25.259151,23.911354,19.255817,18.618877,12.424344,12.561305,6.924001,7.3188033,8.867812,10.340517,13.10217,14.844019,18.967793,19.483011,15.836952,13.748638,13.743857,13.917509,13.131981,16.217953,14.485119,19.931623,20.668415,21.620598,22.292416,17.492853,17.816257,14.095912,12.488972,14.50447,9.339266,9.475136,8.265096,11.980558,16.124079,15.397063,19.982153,16.465754,18.39372,21.704454,23.55809,21.833607,25.91743,27.13531,22.922895,23.863216,20.048037,20.932297,19.579784,18.245537,20.440884,17.780008,22.07653,20.957535,25.111628,28.206034,28.537138,30.64277,26.99266,22.117706,21.649902,18.774189,21.798473,18.595057,23.612808,23.257372,26.920174,30.803974,26.25016,30.498692,28.98714,26.508217,29.625624,30.297642,26.305195,23.757181,24.071716,27.339085,23.26156,27.76028,29.447311,27.843592,25.186869,25.23403,19.565224,19.810015,15.985712,17.569548
15,26.810108,22.971554,22.559208,17.250359,15.818508,17.905025,11.505706,14.013018,9.417533,11.831051,13.714073,12.765184,8.951692,6.8172445,5.5681796,0.0,4.4630547,5.7375236,10.176885,11.875163,16.406836,18.227568,21.044155,23.062813,22.122654,20.97867,16.787432,15.190602,10.408011,8.656266,6.856035,4.262005,10.381417,9.883281,13.679604,16.159506,19.847466,19.699509,14.746145,11.338879,12.878869,10.970265,11.726524,13.472232,13.369257,17.562737,19.445156,20.019604,21.89846,17.771969,18.924938,15.086841,15.101361,17.066801,12.296092,10.828691,10.625808,13.522764,18.573885,18.42594,21.907013,17.33795,20.292025,23.01615,24.17175,21.289797,25.747902,26.17349,21.706635,22.021835,18.735579,18.370892,17.4693,14.892304,17.897867,14.16205,18.869013,17.33309,20.997417,24.45669,24.972069,26.583538,22.36384,17.603712,16.612688,13.773591,16.380669,13.664143,18.682608,18.870909,22.754847,26.860464,23.038057,27.410315,25.941484,23.073893,25.709139,25.957184,21.647709,18.937729,18.795221,22.163275,17.776224,22.324919,24.131176,22.547909,19.775982,20.3788,14.415247,15.358894,11.99611,14.650383
16,26.796848,22.686394,23.180939,17.814604,16.554276,19.956,13.352289,17.197113,13.320086,15.910013,18.128845,16.956438,12.626518,10.187139,7.1207733,4.4630547,0.0,4.724517,6.1671915,9.523798,13.240945,15.222407,18.792505,20.204327,18.695162,17.77947,13.008029,12.518114,7.2848535,7.276022,6.813071,7.6315603,13.026265,13.991885,17.223501,20.113417,23.55242,22.867962,18.244549,14.632924,15.251335,12.361896,12.038919,12.767953,11.700215,15.449781,16.217852,16.194832,18.059307,14.142404,15.1671295,11.131233,11.914403,13.79848,9.606098,7.248929,8.080386,10.649637,15.524316,16.566105,19.095335,15.0809145,19.011616,21.224205,21.905233,19.626167,24.470387,25.094032,20.885897,21.812305,18.79943,19.14851,19.14821,16.777845,20.613964,17.226923,22.352314,21.04569,24.412186,28.124405,28.665514,29.981653,25.299795,20.795547,19.086634,15.993945,17.694344,14.404579,18.280874,17.790552,21.485477,24.880701,20.666828,24.807499,22.81802,20.155483,22.867998,23.59828,19.46524,17.504662,17.772903,21.60636,18.238283,23.059607,25.271498,24.23975,21.354261,23.119213,16.876062,18.516792,15.564685,18.359793
17,22.244835,18.264341,18.867676,13.44501,12.745033,16.349813,10.419251,15.089554,11.83709,15.406691,18.01176,17.955853,14.600851,12.418174,10.566619,5.7375236,4.724517,0.0,6.499589,6.1793933,11.096969,12.66112,15.30797,17.484468,16.844162,15.869443,12.195033,9.99352,7.2137933,4.1360135,8.242503,7.164716,13.953315,13.927865,17.250479,20.672167,23.474112,22.185907,16.987028,12.731795,14.219683,9.824305,10.922297,10.314717,11.234158,13.537777,15.908256,15.98424,18.873259,15.7410145,17.632254,14.231935,15.936012,18.087057,14.150523,11.341722,11.905249,13.398727,18.705278,19.38993,21.313293,16.320442,20.43741,22.234196,22.474913,19.023317,23.860868,23.720438,19.374796,19.594145,17.139536,16.331581,16.72627,13.524923,17.914665,14.113086,19.401438,18.164703,21.086166,25.121723,25.59175,26.573542,21.545519,17.40871,15.090256,11.848938,13.163549,9.847631,13.734372,13.71698,17.610447,21.432981,17.960796,22.268139,20.678947,17.638836,20.0419,20.224335,15.958112,13.363845,13.593085,17.06321,13.601574,18.387133,20.604908,19.776878,16.995043,19.357292,13.253204,15.860705,13.699937,17.363253
18,24.470625,20.162424,21.802778,16.801592,15.928817,20.8216,14.763878,20.08034,17.467514,20.558159,23.496735,22.83077,18.724373,15.993375,13.131966,10.176885,6.1671915,6.499589,0.0,6.230066,7.6436353,10.193462,14.324469,15.370409,13.440761,13.312553,8.230534,9.158448,6.6402135,7.6946397,11.316918,12.811495,18.507502,19.614655,22.718002,26.020382,29.081295,27.754683,23.018353,18.94957,19.515993,15.160405,14.753757,13.317281,12.463496,13.797872,13.658258,12.095148,14.973995,12.541073,13.832556,10.198551,12.974965,14.249845,11.982794,8.683442,10.942099,11.884487,16.046144,18.659813,19.189665,15.748521,20.908726,22.022078,21.62293,19.544079,24.732533,25.037125,21.281467,22.441952,20.346872,20.65343,21.84202,19.170197,23.911682,20.49314,25.843441,24.554142,27.171854,31.161053,31.83655,32.520466,27.217716,23.300983,20.684746,17.704836,17.839857,14.719679,16.511526,15.563536,18.872398,21.171467,17.24553,20.90319,18.122126,15.530971,17.734684,18.86291,14.825934,14.232573,14.629383,19.082855,17.153587,22.006386,24.710789,24.40266,21.469923,24.795923,18.564363,21.14105,19.083624,22.26844
19,18.96762,14.930453,17.210217,12.300836,12.722524,17.72884,13.171167,18.958649,16.91684,20.822891,23.741098,24.043785,20.761927,18.52325,16.232342,11.875163,9.523798,6.1793933,6.230066,0.0,5.7650576,6.5822806,9.3074875,11.444319,11.113244,10.560273,7.97875,5.2480364,7.367543,5.2767243,12.5357895,12.823751,19.034626,19.543074,22.37278,26.313662,28.481565,26.360676,21.367395,16.954237,17.98538,12.369114,13.15693,10.014203,11.580153,10.754671,13.140589,12.277042,16.332323,14.85285,17.315369,14.839704,17.999098,20.08339,17.32878,13.853876,15.0071945,15.032795,19.842083,21.425375,21.562403,16.774866,21.799395,22.4664,21.628126,18.002005,23.0005,22.321774,18.510962,18.809832,17.551973,16.640865,18.476723,15.263241,20.49013,17.192097,22.504696,21.669834,23.762547,28.100914,28.50436,28.865149,23.314764,20.111301,16.750257,13.604208,13.045042,9.509728,10.309081,9.536161,13.063916,16.001354,12.983105,16.97994,15.028513,11.820964,13.877825,14.180261,10.130968,8.240087,9.517068,13.040125,11.858577,16.466814,19.137012,19.42936,16.898354,21.077667,15.525163,19.252161,18.167093,22.169647
20,19.451704,15.3100605,18.441479,14.527693,14.746178,20.598598,16.421032,22.613184,21.423569,25.106773,28.545313,28.793686,25.331356,22.618347,20.347788,16.406836,13.240945,11.096969,7.6436353,5.7650576,0.0,4.3761215,7.727005,9.324468,8.25474,9.530476,7.2305427,7.6070633,11.049678,10.810933,17.346357,18.156296,24.351088,24.95294,27.963362,31.719208,34.142307,32.093857,27.114954,22.686234,23.662897,18.068201,18.433613,14.931653,15.727024,13.653211,14.219507,11.50277,16.013996,15.937753,17.947855,15.73123,19.50833,20.657166,19.284813,15.839449,17.933224,17.671135,21.434732,24.29657,23.291023,19.710672,25.283285,25.342865,23.862343,21.10878,26.140684,25.505339,22.309359,22.989279,22.254984,21.663301,23.937336,20.785307,26.0939,22.696123,27.85153,26.701103,28.246187,32.448105,33.15177,33.038,27.265097,24.43117,20.907341,18.38751,16.647287,14.382537,13.139555,12.179811,14.684792,15.717308,13.465722,16.35292,13.113595,10.231138,10.8566065,11.840677,7.7398396,9.195709,9.688545,14.222534,14.504418,18.710464,21.755013,22.4398,19.842789,24.813074,19.394249,23.03699,22.292072,25.998995
21,18.962694,15.372994,19.308228,15.608761,16.792934,22.321241,18.811838,24.882072,23.359997,27.313877,30.29872,30.58324,27.114765,24.857288,22.041664,18.227568,15.222407,12.66112,10.193462,6.5822806,4.3761215,0.0,5.0701246,5.3171744,4.9463468,5.6458116,5.9768515,5.18183,10.949955,10.8782425,17.747486,19.105024,24.657856,25.825457,28.220877,32.49205,34.246185,31.548851,26.98062,22.689823,23.074963,17.296947,17.364748,13.087749,14.248581,10.60342,11.72189,9.501992,14.388147,15.1103325,17.75285,16.584702,20.67992,22.579618,21.073864,17.43791,18.898937,17.733944,21.475746,23.887411,22.233458,18.338575,23.830944,23.334692,21.422062,18.303688,23.085117,22.103708,19.304424,19.975498,19.883158,19.438326,22.319185,19.658077,25.105997,22.535688,27.705969,27.27647,28.873903,33.31164,33.61291,33.58003,27.859354,25.401964,21.583113,18.685555,17.04541,13.760701,11.369775,9.311826,11.080997,11.655409,9.143318,12.02084,9.129933,6.003147,7.654892,8.901408,6.4630427,7.3006296,10.148183,12.73402,14.697791,18.358,21.175688,22.542181,20.475985,25.711843,20.832726,24.961521,24.380404,28.424934
22,14.602229,11.581072,16.294174,13.701199,15.771282,21.03601,19.12409,25.09828,24.408175,28.566004,31.69538,32.648666,29.810526,27.646217,25.495407,21.044155,18.792505,15.30797,14.324469,9.3074875,7.727005,5.0701246,0.0,5.0187163,7.763875,8.540197,10.921402,8.516865,14.995002,13.544731,21.081335,21.41817,27.26237,27.688143,30.090897,34.41098,35.771057,32.837944,28.094374,23.767096,24.744585,18.656256,19.676193,14.933327,17.479834,12.974484,15.573681,13.923689,18.817019,19.806564,22.65448,21.552698,25.54025,27.485641,25.690207,22.062773,23.329508,22.261257,26.279757,28.230974,26.66481,22.285044,27.435163,26.82051,24.779118,20.862276,25.179373,23.427397,20.81972,20.633324,21.300709,19.721094,22.847614,19.774014,25.119709,22.519949,27.184488,26.822636,27.646912,32.054676,32.32644,31.805735,26.05052,24.44858,20.317942,17.981867,15.34514,13.168649,8.769577,7.5510783,8.487251,8.822381,9.300551,11.577731,9.807869,6.5852,5.7922106,4.9512434,2.5883718,4.223946,7.4999723,8.60878,12.352676,14.990066,17.764458,19.762844,18.190008,24.062222,20.162636,24.70467,24.954884,29.191437
23,19.13327,16.485403,21.28634,18.51328,20.444786,25.732346,23.206045,29.190058,27.837957,31.94588,34.739506,35.1803,31.816126,29.80645,26.774576,23.062813,20.204327,17.484468,15.370409,11.444319,9.324468,5.3171744,5.0187163,0.0,4.0147715,4.8765106,9.265963,8.423549,14.972851,15.039254,21.788149,23.404022,28.417864,29.882774,31.797607,36.407803,37.560036,34.289516,30.125198,26.025288,26.02188,20.23925,20.156229,15.332606,16.80482,11.471069,12.648198,10.7503195,15.4381695,17.527416,20.416405,20.318247,24.631613,26.778484,25.568539,21.923056,23.076157,21.196669,24.455694,26.695011,24.109316,20.456127,25.698774,24.407148,21.833261,18.664852,22.783108,21.264664,19.392443,19.955553,20.93326,20.509312,24.044884,21.871777,27.255075,25.442698,30.349018,30.464062,31.74591,36.269867,36.3041,36.08051,30.43002,28.635485,24.562395,21.751297,19.754036,16.435226,12.3651495,9.632575,9.273523,7.414314,6.364523,7.582122,4.8355594,1.9232278,3.3604498,5.3971796,6.983478,8.492248,12.46892,12.885731,17.017557,19.583319,22.133154,24.333597,22.896269,28.557493,24.467442,28.946959,28.761133,32.9864
24,22.356623,19.230936,23.656263,20.340275,21.666082,27.212217,23.724857,29.778086,28.023708,31.922468,34.700253,34.66485,30.853708,28.714325,25.259151,22.122654,18.695162,16.844162,13.440761,11.113244,8.25474,4.9463468,7.763875,4.0147715,0.0,3.3591185,6.3984065,7.96052,13.333866,14.615845,20.585993,22.948725,27.732971,29.691534,31.657299,36.14491,37.658417,34.63435,30.579538,26.513924,26.148184,20.669739,19.888767,15.55724,15.777919,11.247632,10.460009,7.4583416,12.15362,14.528241,17.08538,17.130392,21.576536,23.489288,22.81915,19.263847,20.685675,18.683323,21.390795,24.254597,21.33811,18.461205,24.01066,22.705793,20.126703,17.940603,22.37062,21.551014,19.658642,20.935179,21.337597,21.767004,25.068487,23.135057,28.546799,26.646679,31.850328,31.799768,33.502007,38.005287,38.142265,38.16154,32.487095,30.15925,26.289272,23.254488,21.697666,18.022463,15.0545635,12.196291,12.532731,11.045856,8.079743,9.334422,5.2204566,3.778789,6.162847,8.993868,9.325304,11.083672,14.487331,16.11774,19.226154,22.429245,25.118925,26.904127,25.088081,30.449669,25.720303,29.878393,29.19197,33.207153
25,22.772638,19.78294,24.0427,20.382277,21.919096,27.086065,23.535511,29.333992,27.10555,31.049652,33.411327,33.273205,29.45291,27.66756,23.911354,20.97867,17.77947,15.869443,13.312553,10.560273,9.530476,5.6458116,8.540197,4.8765106,3.3591185,0.0,5.7322817,6.127634,11.58254,12.985885,18.607225,21.288738,25.503532,27.841736,29.401049,34.09976,35.272633,31.997591,28.274609,24.412569,23.602934,18.31916,17.218374,12.835107,13.018735,8.037861,7.8153663,6.1684303,10.762527,12.81888,15.839381,16.250568,20.570847,23.107653,21.953344,18.368471,19.226664,16.871574,19.84421,22.064945,19.246788,15.840428,21.185963,19.812378,17.255358,14.669616,19.080032,18.227604,16.313099,17.702282,18.15041,18.89848,22.297438,20.811438,26.131952,24.76127,29.985823,30.35275,32.35758,36.944473,36.81876,37.11843,31.61571,29.218554,25.414352,22.043278,21.05944,16.581242,14.048225,10.628796,10.93971,10.220865,5.6052313,7.893073,5.086545,3.5081599,7.980341,10.242601,10.694138,10.861689,15.092063,15.937301,18.931196,22.128574,24.575405,26.378244,24.737284,29.770548,25.141945,29.350006,28.497149,32.61915
26,24.572504,20.852226,24.221952,19.816734,20.395485,25.665854,20.887999,26.590418,23.98277,27.571018,30.03243,29.431602,25.22955,23.163954,19.255817,16.787432,13.008029,12.195033,8.230534,7.97875,7.2305427,5.9768515,10.921402,9.265963,6.3984065,5.7322817,0.0,5.3383193,7.509143,10.171961,14.861636,17.925264,22.348698,24.75369,26.747768,31.01208,32.943874,30.373844,26.411634,22.490377,21.79742,16.902481,15.461506,12.218408,11.048809,9.009595,7.2572966,4.5362873,8.949839,9.269515,11.790571,11.068737,15.386623,17.607956,16.506332,12.92573,14.302126,12.538387,15.6829405,18.572557,16.56183,13.474669,19.249504,18.747055,16.981932,15.179089,20.219004,20.2599,17.550474,19.311596,18.455645,19.603481,22.176855,20.449244,25.678818,23.647717,29.132017,28.940834,31.389027,35.812363,35.96924,36.53211,31.051304,27.899916,24.520517,21.082222,20.662558,16.267538,15.614312,12.921687,14.763548,15.414636,10.657135,13.568767,10.513019,8.724236,12.072555,14.180332,12.428422,12.494105,15.381876,18.026785,19.052557,23.155027,25.802366,26.767393,24.522408,28.941036,23.477345,27.080442,25.600452,29.348846
27,20.703943,17.257744,20.518637,16.044525,17.28182,22.045776,18.053518,23.583313,21.060606,25.01315,27.29895,27.286238,23.694447,21.978159,18.618877,15.190602,12.518114,9.99352,9.158448,5.2480364,7.6070633,5.18183,8.516865,8.423549,7.96052,6.127634,5.3383193,0.0,6.8829393,6.930204,13.373343,15.309485,20.087084,21.884384,23.758247,28.306658,29.731855,26.81642,22.634344,18.586687,18.299969,12.770374,12.303094,8.084526,9.187583,6.129333,8.677504,8.493324,12.712675,12.22188,15.344576,14.338689,18.06655,20.869024,18.512432,14.868183,15.443151,14.006542,18.368975,19.794989,18.767347,13.961415,19.154255,18.976425,17.50965,13.8342085,18.763096,17.987246,14.706061,15.528715,14.932875,14.987569,17.732805,15.640272,21.011765,19.082811,24.4529,24.574982,26.874678,31.418873,31.352188,31.896128,26.484056,23.645454,20.087595,16.505693,16.196177,11.301686,10.669972,7.926359,10.402458,12.651626,8.295228,12.394883,10.84978,8.025316,11.576311,12.509025,10.46089,8.48492,12.197777,13.754066,14.745811,18.630167,21.034433,22.13351,20.203337,24.597914,19.636906,23.655506,22.569567,26.702425
28,25.754936,21.980003,24.002167,18.794237,18.9319,23.030931,17.537535,22.215822,18.47235,21.789804,23.501917,22.525795,18.238266,16.71911,12.424344,10.408011,7.2848535,7.2137933,6.6402135,7.367543,11.049678,10.949955,14.995002,14.972851,13.333866,11.58254,7.509143,6.8829393,0.0,4.9862046,7.3579855,10.9841385,14.867247,17.60478,19.431435,23.627573,25.684526,23.473654,19.61269,15.984726,14.992041,10.971662,9.090984,7.916109,5.843861,8.554181,9.100215,9.893952,12.004603,8.786895,11.273635,9.209482,11.996597,15.290206,12.118593,8.649208,8.649283,7.8469877,12.972004,14.063899,14.63547,9.808345,14.847756,15.897492,15.693863,13.139861,18.26378,18.758656,14.94619,16.49262,14.156026,15.509619,16.913338,15.466413,20.139666,18.218573,23.743055,23.683933,26.950972,31.225863,31.193317,32.430824,27.464811,23.65937,20.999224,17.165714,18.415695,13.298876,15.5395155,13.5341015,16.508482,19.312675,14.2352085,18.26071,16.63699,14.399074,18.08688,19.263535,16.49384,14.36913,16.772635,19.237463,18.124756,22.58012,24.790081,24.913202,22.591883,25.56035,19.89801,22.868418,20.643023,24.209814
29,21.84281,18.185072,19.67189,14.379362,14.740715,18.398993,13.449765,18.112017,14.713039,18.497396,20.471415,20.368683,16.942205,15.43616,12.561305,8.656266,7.276022,4.1360135,7.6946397,5.2767243,10.810933,10.8782425,13.544731,15.039254,14.615845,12.985885,10.171961,6.930204,4.9862046,0.0,7.7529488,8.406565,13.929895,15.084699,17.421633,21.64701,23.573471,21.366087,16.681726,12.509255,12.89225,7.7075915,8.143638,6.3708243,7.805775,9.517905,12.665436,13.48739,16.453037,13.689928,16.256235,13.848293,16.14861,19.098566,15.308218,12.113093,12.0294075,12.213243,17.654314,17.94206,19.202541,13.632609,17.880907,19.212719,19.148603,15.21506,20.042875,19.703466,15.424107,15.736674,13.570494,13.100597,14.241543,11.612976,16.53139,13.841768,19.372084,19.11297,22.119719,26.467701,26.469322,27.54293,22.504982,18.824598,16.037825,12.196814,13.558091,8.531717,11.7899065,10.812262,14.466158,18.35234,14.419721,18.841501,17.764067,14.870744,17.936815,18.22128,14.814335,11.622179,13.483162,15.693795,13.632246,18.07791,20.154263,20.045988,17.762802,20.62751,15.148118,18.439667,16.639654,20.606956
30,29.084528,25.519642,26.206036,20.803041,20.441538,22.868475,17.171953,19.96347,14.994625,17.50879,17.93784,16.278757,11.916262,11.570789,6.924001,6.856035,6.813071,8.242503,11.316918,12.5357895,17.346357,17.747486,21.081335,21.788149,20.585993,18.607225,14.861636,13.373343,7.3579855,7.7529488,0.0,5.9498415,7.6895976,11.214516,12.660591,16.591162,18.934553,17.463127,13.97526,11.259756,9.752241,8.629901,6.582479,9.651741,7.7320504,13.409937,14.918068,16.797836,17.69327,13.19945,14.767143,12.256643,12.3809595,16.00988,11.150309,9.339396,7.1840315,8.535101,13.916145,12.548207,16.101677,10.99232,13.491799,16.289564,17.751953,15.1667185,19.381094,20.324436,16.06452,17.129566,13.447263,14.844222,14.310506,13.557449,16.695215,15.129611,20.178696,20.26218,24.408176,28.24562,28.003551,30.020222,25.938766,21.586163,20.108925,16.341866,19.31148,14.468427,18.959356,17.838,21.142838,25.026243,20.17349,24.445177,23.543678,21.23085,24.910122,25.603224,22.431047,19.326696,21.026186,23.148705,20.356472,24.648455,26.269466,25.518272,23.299433,24.391642,19.009525,20.811121,17.75555,20.704033
31,26.379286,22.981619,22.552616,17.313713,16.61127,17.884964,12.552867,14.361856,9.225182,11.995441,12.722699,12.13959,9.075253,8.650074,7.3188033,4.262005,7.6315603,7.164716,12.811495,12.823751,18.156296,19.105024,21.41817,23.404022,22.948725,21.288738,17.925264,15.309485,10.9841385,8.406565,5.9498415,0.0,7.412877,6.941034,10.182068,13.572733,16.432964,15.711997,10.687823,7.2374396,8.748022,7.479984,8.835907,11.395604,12.078719,16.47695,19.398441,20.840837,22.670776,18.56496,20.229374,17.110218,17.208231,19.975664,14.945256,13.376268,12.152357,14.275332,19.635914,18.324575,22.03938,16.682064,18.873219,21.709171,23.082552,19.515768,23.52636,23.712036,19.147217,19.012426,15.600092,14.906805,13.4869,11.230587,13.808211,10.67652,15.455039,14.748999,18.88116,22.525278,22.51834,24.50715,20.613031,16.020113,15.130759,11.856204,15.403121,11.938881,17.5653,17.747238,21.494701,26.100098,22.341732,26.838985,26.097525,23.25234,26.214802,26.19743,22.333807,18.774622,19.307135,21.49577,17.247982,21.345095,22.699322,21.228243,18.949621,19.07506,13.852858,15.129137,12.021687,15.100968
32,32.69331,29.650629,29.303492,24.221735,23.812696,24.352997,19.609964,20.086494,14.55683,15.859797,14.087279,11.993226,9.059476,11.2283535,8.867812,10.381417,13.026265,13.953315,18.507502,19.034626,24.351088,24.657856,27.26237,28.417864,27.732971,25.503532,22.348698,20.087084,14.867247,13.929895,7.6895976,7.412877,0.0,6.2919855,5.523375,9.472131,11.482267,10.891826,8.610181,8.489855,6.338661,10.154039,9.369358,14.150151,13.431801,19.13609,21.562876,24.108326,24.632895,20.018929,21.331722,19.156591,18.033316,21.481064,16.304382,15.836482,13.081222,14.769738,19.245552,15.899526,20.921474,16.021385,15.786661,19.437372,21.905636,19.078232,21.905874,22.839441,18.683784,18.895227,14.782738,15.640301,13.051401,13.468801,13.912707,13.56297,17.11679,17.811438,22.615446,25.76722,25.062172,27.918413,25.1633,20.831942,20.692324,17.438538,21.67498,17.536764,23.08607,22.633316,25.850239,30.452627,26.029015,30.371468,30.213348,27.853634,31.525856,31.759233,28.58183,24.724922,26.119928,27.426048,23.753561,27.35982,28.210243,26.85333,25.125172,24.295872,20.12969,20.762953,17.46005,19.558125
33,30.432007,27.574064,26.140541,21.472134,20.658031,19.914797,15.903787,14.842396,9.490027,10.272071,8.13351,7.4264054,7.0042815,9.210407,10.340517,9.883281,13.991885,13.927865,19.614655,19.543074,24.95294,25.825457,27.688143,29.882774,29.691534,27.841736,24.75369,21.884384,17.60478,15.084699,11.214516,6.941034,6.2919855,0.0,4.886269,6.884308,10.25395,11.247573,6.685368,6.3251324,8.479288,11.154599,12.851295,16.562252,17.418537,22.186985,25.448751,27.40436,28.806822,24.408787,25.828882,22.89381,22.015516,24.699003,19.453651,18.879408,17.031582,19.407751,24.273062,21.711628,26.490982,21.313007,21.826914,25.250925,27.346197,23.78042,26.848188,27.092703,22.675077,21.994467,18.364914,17.3114,14.270705,12.9918375,12.658187,10.460819,13.080268,12.6334305,17.41252,20.105513,19.746378,22.611792,20.268694,15.759824,16.578764,14.276993,18.761114,16.35958,22.474808,23.137459,26.698671,31.738077,28.248669,32.755215,32.512352,29.695004,32.67559,32.365562,28.56423,24.589733,24.841562,26.350533,21.470343,24.7587,25.352407,23.238935,21.487444,19.466185,15.82151,15.4617605,12.170794,13.874352
34,33.20538,30.657324,29.56844,24.981422,24.678186,23.852732,20.34451,19.335342,14.175187,14.853578,11.753591,10.607067,10.326037,13.266423,13.10217,13.679604,17.223501,17.250479,22.718002,22.37278,27.963362,28.220877,30.090897,31.797607,31.657299,29.401049,26.747768,23.758247,19.431435,17.421633,12.660591,10.182068,5.523375,4.886269,0.0,5.3838696,6.3815017,6.8320746,4.8074856,7.338135,6.856689,11.93234,12.767785,17.200508,17.76526,22.784203,26.128067,28.783022,29.669384,25.254597,26.766462,24.548084,23.47483,26.715675,21.482502,21.050297,18.506796,20.226797,24.744045,21.127623,26.141783,20.983582,20.240923,23.792147,26.286673,22.815163,25.041378,25.452637,21.36693,20.648504,16.897041,16.459087,12.821595,13.29491,11.644804,11.8672285,13.7358465,14.8352995,19.750763,22.331245,21.281178,24.586882,22.856277,18.886412,19.66377,17.095566,21.820612,18.618011,24.52604,24.744637,27.902931,32.97132,29.229132,33.61914,33.900715,31.358208,34.767906,34.527916,31.289465,26.989218,28.01307,28.704472,24.497084,27.4147,27.678343,25.928228,24.66233,22.551477,19.654633,19.630598,16.707895,18.358204
35,36.625084,34.053482,32.273113,27.920128,27.066387,25.48344,22.126057,19.744476,14.980715,14.065519,9.68057,7.9537277,9.756258,13.336237,14.844019,16.159506,20.113417,20.672167,26.020382,26.313662,31.719208,32.49205,34.41098,36.407803,36.14491,34.09976,31.01208,28.306658,23.627573,21.64701,16.591162,13.572733,9.472131,6.884308,5.3838696,0.0,5.628452,9.7283945,8.861909,11.583326,12.224474,16.891525,17.897667,22.27554,22.630934,27.844805,30.873652,33.24413,34.029076,29.367754,30.447718,27.823465,26.12113,28.759773,23.606384,23.834852,21.502497,23.887337,28.02219,24.513739,30.032059,25.431273,24.486137,28.297325,31.021841,27.957447,30.15691,30.744267,26.708712,26.016142,22.267616,21.700476,17.939915,18.017061,15.810372,15.354121,15.948904,16.146536,20.828016,22.406527,21.657701,25.179682,24.319162,20.297226,22.030375,20.264473,24.94173,22.75117,28.853727,29.449003,32.78655,37.90671,34.2632,38.70397,38.73935,36.086285,39.29367,39.00787,35.37357,31.2606,31.621506,32.777267,27.890757,30.743664,30.907242,28.599737,27.239244,24.114147,21.605328,20.330776,17.201414,17.48689
