,0,1,2,3,4,5,6,7,8,9,10,11,12,13,14,15,16,17,18,19,20,21,22,23,24,25,26,27,28,29,30,31,32,33,34,35,36,37,38,39,40,41,42,43,44,45,46,47,48,49,50,51,52,53,54,55,56,57,58,59,60,61,62,63,64,65,66,67,68,69,70,71,72,73,74,75,76,77,78,79,80,81,82,83,84,85,86,87,88,89,90,91,92,93,94,95,96,97,98,99,100,101,102,103,104,105,106,107,108,109,110,111,112
0,0.0,4.2896304,7.497764,9.808989,12.708983,14.871261,17.812416,22.779758,25.299196,27.80668,32.347416,35.345448,37.40975,33.711525,28.459211,27.484013,23.507435,24.097034,17.07275,18.520874,15.700891,15.39199,14.164398,18.19889,20.830053,20.780756,22.764172,21.748407,25.835884,22.690582,30.471867,25.564684,32.359734,30.431505,32.923733,35.36381,33.270977,32.772137,28.865501,26.509293,30.255709,26.857347,30.920029,29.827442,25.424858,28.633867,24.472538,27.291819,25.721245,27.768787,30.853539,31.681969,36.102184,37.920998,38.877518,34.979965,35.924625,37.21572,42.080017,41.334164,37.75648,36.398518,41.896214,42.41319,46.291454,41.777195,39.31546,45.220646,41.39118,38.82125,40.561993,40.113605,36.455814,33.597214,37.09863,33.89344,39.60467,39.19051,39.827915,43.037853,39.526276,43.496426,40.028133,36.049057,32.71869,31.721254,27.791885,27.943966,23.11815,24.318565,22.892248,23.185238,24.913774,23.341785,20.819927,16.867094,15.687033,14.760527,17.92594,18.651709,19.054468,23.621702,22.97437,28.023697,31.321041,34.18952,35.966095,33.205994,37.664898,31.713205,34.40448,32.562366,33.952686
1,4.2896304,0.0,4.267152,6.909728,9.035108,11.786435,14.417313,19.071936,21.808973,23.93609,28.63558,31.72799,33.84179,30.203783,24.960705,23.816511,19.947779,20.355877,13.895962,15.110348,13.10879,12.512567,12.3846855,16.32324,18.448374,18.624323,19.843027,18.87473,22.620653,19.744978,27.27169,22.552496,29.379658,27.422384,30.285336,32.621933,31.005781,30.609741,26.43266,23.877756,27.783968,24.343874,28.139458,26.981123,23.022884,25.809036,22.28451,24.780516,23.695133,25.145567,28.100462,28.689531,33.33849,34.80174,36.136677,32.362377,32.85986,34.190372,39.032772,38.182858,34.52939,33.01505,38.41132,38.88352,42.666954,38.083992,35.602272,41.41373,37.474735,35.022743,36.870804,36.67335,33.032066,30.12758,33.39872,29.982443,35.666004,35.083656,35.728115,38.839058,35.418224,39.359325,35.963985,32.002472,28.583757,27.593315,23.589722,23.860786,19.10833,20.437572,19.369516,19.856197,22.032745,20.566965,18.588957,14.811313,12.938389,11.347816,14.284624,14.612921,14.779817,19.401089,18.727047,23.736607,27.052414,29.942244,31.67723,28.924284,33.443726,27.556976,30.390604,28.719776,30.314188
2,7.497764,4.267152,0.0,4.9404497,6.9710393,7.849252,11.834351,15.531315,18.604282,20.805056,25.29956,28.586002,31.117788,28.043682,22.721369,22.143919,18.547274,19.42334,14.253024,15.871852,14.981631,14.538122,15.3863125,18.860437,20.549683,20.607103,20.825907,19.401344,22.422552,19.335915,26.025627,21.057997,27.477703,24.86094,27.94725,29.769896,28.265667,28.333006,24.017912,21.710264,26.244173,23.39475,27.044998,26.438728,23.20272,25.996632,23.337757,26.056585,25.68338,26.720737,29.376743,29.391445,34.204742,35.17165,36.7344,33.03916,32.888138,33.88405,38.88021,37.45539,33.564247,32.46436,37.88112,38.597946,42.061832,37.049534,35.075264,40.821533,36.902355,34.73689,36.983433,37.191765,33.68699,30.568954,33.505108,29.480124,35.046444,33.932728,34.225452,36.98845,33.376953,36.934895,33.23011,29.542477,26.26178,25.836113,21.564314,22.943434,18.667015,20.512405,20.227219,21.033062,23.794756,22.411156,21.046383,17.589449,15.123263,12.7789,14.965015,14.014339,13.390648,18.014528,16.22986,21.89661,24.628983,27.383389,29.548994,27.030851,32.07794,26.601627,29.782835,28.679813,30.5412
3,9.808989,6.909728,4.9404497,0.0,3.7902358,6.5349665,8.080269,13.756468,15.607641,18.530725,22.878254,25.657543,27.696419,24.256546,18.937063,18.572105,14.807599,16.294975,11.043021,13.863451,13.0326185,13.785597,14.72804,17.198984,18.890217,18.220041,18.04378,15.904247,18.768944,15.12921,21.81742,16.592426,23.06943,20.7476,23.530996,25.770409,24.10301,23.812557,19.589676,17.171562,21.48568,18.648016,22.46797,22.09417,18.877241,22.123888,19.618626,23.051893,23.160604,24.525177,26.891113,26.421547,31.071188,32.035625,33.218403,29.422085,29.249687,29.916548,35.077377,33.4146,29.504972,28.876116,34.52874,35.60306,38.977276,33.777245,32.29708,38.305557,34.889763,32.658794,35.37882,35.382156,32.165493,28.541796,31.850214,27.493038,33.049538,32.04223,31.939127,35.031998,30.95776,34.718903,30.972363,27.037708,24.07572,23.586584,19.737785,21.182789,17.212523,19.778795,19.523602,21.262741,23.610392,23.25619,22.210907,18.80937,16.392412,13.880985,16.143015,15.24777,13.242622,18.339651,15.750313,21.280092,23.807207,26.27502,28.792482,26.54119,31.616508,26.2006,29.901772,28.625051,31.134819
4,12.708983,9.035108,6.9710393,3.7902358,0.0,6.1840677,5.506592,11.136594,13.048097,15.411602,20.049149,22.860125,24.814383,21.285534,15.996156,15.266161,11.608431,12.850946,8.761879,11.292003,11.71064,12.31537,14.272458,16.215525,17.24158,16.780478,15.682968,13.641727,15.939065,12.777358,19.070822,14.240725,20.775486,18.635458,21.857033,24.083836,23.092438,22.80121,18.343584,15.606691,19.861477,16.89576,20.27018,19.710176,17.090637,19.687422,18.006018,20.930986,21.562864,22.27679,24.420652,23.695858,28.49891,29.10483,30.659262,27.045383,26.429485,27.175026,32.25034,30.567886,26.626928,25.754269,31.269901,32.27229,35.571632,30.360676,28.816797,34.731224,31.245543,29.115519,31.941322,32.14994,29.008163,25.346062,28.430454,23.886875,29.394867,28.280933,28.196112,31.274176,27.288328,31.12892,27.531122,23.511276,20.424181,19.832651,15.976803,17.480782,13.724783,16.55271,16.741438,18.803205,21.394985,21.346254,20.907076,17.947369,15.207148,12.326842,13.998399,12.685614,9.943309,15.062051,12.335058,17.645596,20.228071,22.697855,25.14049,22.915098,27.961878,22.629654,26.504213,25.352093,28.118605
5,14.871261,11.786435,7.849252,6.5349665,6.1840677,0.0,6.779057,8.646136,11.528974,14.29107,18.187117,21.4792,24.44803,22.28741,17.047539,17.71999,14.919423,16.875816,14.66651,17.11192,17.882513,18.191511,20.143452,22.376614,23.35728,22.932268,21.481451,19.194134,20.62831,17.292559,21.86528,16.716791,21.993351,18.383493,21.74085,22.768543,21.598053,22.347773,17.900707,16.080284,21.446564,19.840876,22.99537,23.477676,21.773266,24.501553,23.54257,26.690237,27.640614,28.150087,30.080126,28.948141,33.74903,33.871784,35.57761,32.10271,30.864292,31.110123,36.277454,33.813038,29.625713,29.497925,34.891052,36.188484,38.98912,33.272236,32.489517,38.127434,34.649384,32.976227,36.08995,36.807434,33.79746,30.161655,32.67849,27.619926,32.78007,30.88551,30.314571,32.634064,28.467594,31.423752,27.210346,23.924007,21.215498,21.810009,17.57442,20.901165,18.002447,20.926403,21.835215,23.59795,26.744276,26.178114,25.851612,22.94918,19.991873,16.947012,18.026886,15.533343,12.792662,17.088211,12.831748,19.115568,20.472427,22.650045,25.779825,23.96949,29.73441,25.202026,29.17277,28.871452,31.522427
6,17.812416,14.417313,11.834351,8.080269,5.506592,6.779057,0.0,7.728237,7.941133,11.152132,15.315037,17.743208,19.620516,16.393543,11.044886,11.394889,8.37509,10.94954,10.106887,13.223291,14.76166,16.014935,18.374268,19.216898,19.706785,18.762592,16.407845,13.613186,14.299849,10.891661,15.144985,10.052449,15.847687,13.212488,16.634556,18.642714,17.989536,17.90159,13.303181,10.647848,15.421788,13.400616,16.350176,16.734182,15.527296,18.08112,17.929459,21.230024,22.93193,23.33614,24.785154,23.08805,27.69838,27.681334,29.184565,25.766321,24.335331,24.393284,29.614796,27.108742,22.946657,22.979235,28.531858,30.074883,32.859173,27.110098,26.622469,32.512936,29.574057,27.782246,31.325863,31.790865,29.15401,25.056738,27.91414,22.640816,27.749535,26.181509,25.33332,28.266428,23.71488,27.280182,23.382996,19.463999,16.971811,17.03289,13.604326,16.457418,14.138376,17.758125,18.731014,21.506174,24.07446,24.751764,24.957657,22.423489,19.613464,16.606602,17.55766,15.548978,11.526994,15.968239,11.643353,16.736778,18.22805,20.09059,23.236393,21.650307,26.99167,22.443792,26.881483,26.195091,29.57364
7,22.779758,19.071936,15.531315,13.756468,11.136594,8.646136,7.728237,0.0,5.1305876,5.916621,9.900162,13.634887,17.12731,16.098612,11.614262,12.915483,12.084446,13.977167,16.31205,18.002148,20.750607,21.006315,24.130259,25.234758,25.045582,24.786543,21.594982,19.439611,18.740482,16.70434,18.0076,14.338187,17.750654,13.784722,18.065298,18.119131,18.806566,20.099379,15.62447,13.997921,19.188663,18.574003,20.150846,21.096182,21.572289,22.901213,24.215776,26.487316,28.677944,27.948133,29.023046,26.97862,31.666822,30.649233,33.02014,30.211525,27.62162,27.494373,32.304195,29.200184,24.965311,25.10055,29.837828,31.30642,33.361187,27.329979,27.337576,32.371235,29.124355,28.14621,31.801994,33.247166,30.80891,27.145761,28.686356,22.952652,27.316156,24.587763,23.401455,25.04785,20.794918,23.144545,18.747774,15.906828,13.570507,15.266413,11.306302,16.585318,15.82935,19.17536,21.41659,23.71543,27.169153,27.284725,28.201008,26.279179,23.048561,19.767292,19.413584,15.924748,11.891043,14.330713,8.350732,13.7436285,13.431664,14.916404,18.732344,17.732885,23.807436,20.611023,25.056496,25.684334,28.939789
8,25.299196,21.808973,18.604282,15.607641,13.048097,11.528974,7.941133,5.1305876,0.0,4.984234,7.62077,10.12403,12.960309,11.795612,7.438736,10.153042,10.144291,12.985379,16.407644,18.777882,21.52606,22.575274,25.529205,25.819153,25.56255,24.714235,21.137274,18.428406,16.900862,14.680272,14.2393055,10.723691,12.919941,8.672261,13.001301,13.201401,14.1947565,15.334947,10.992933,9.598022,14.628631,14.89512,16.020193,17.747107,19.095179,20.567186,22.615269,25.374031,28.113754,27.612665,28.223888,25.566065,29.846827,28.655987,30.576822,27.84743,24.99571,24.24404,29.153418,25.490562,21.198818,22.288698,27.154425,29.173943,30.912992,24.562601,25.547903,30.736885,28.297306,27.363747,31.5637,32.789543,30.813694,26.708406,28.522852,22.5273,26.575129,23.95324,22.068262,24.031853,19.068369,21.508938,17.004671,13.945829,12.60773,14.460042,11.774413,16.965734,16.983047,20.77461,22.908503,25.86132,28.768795,29.698217,30.717833,28.803978,25.772644,22.606165,22.497229,19.50168,15.003103,17.548468,11.83221,15.87726,15.115076,15.816668,19.949007,19.500177,25.184608,22.344341,27.105341,27.50958,31.26662
9,27.80668,23.93609,20.805056,18.530725,15.411602,14.29107,11.152132,5.916621,4.984234,0.0,5.163777,8.643615,11.938712,11.56948,8.453507,10.06276,11.235755,12.827842,17.941505,19.197948,22.779825,23.239908,26.735704,26.933678,26.07916,25.766615,21.662243,19.662567,17.478844,16.582012,15.17584,13.302264,14.851221,11.507066,16.024588,15.746466,17.911753,19.108547,15.105313,13.627597,17.721878,17.727737,17.938847,19.09836,21.118721,21.389486,24.214327,25.881325,28.853846,27.467333,27.835766,25.144264,29.472729,27.708721,30.350452,28.094936,24.66063,24.203703,28.615425,25.128057,21.015123,21.415771,25.569208,27.233742,28.706652,22.519201,23.277586,27.870739,25.100178,24.597303,28.702833,30.471796,28.622614,24.913235,25.883204,19.830036,23.403267,20.257566,18.430624,19.813932,15.260163,17.412092,12.967328,10.127771,8.438039,11.038665,8.361718,14.477687,15.593171,19.037125,21.83217,24.574379,27.777523,28.630352,30.219702,28.887182,25.755478,22.606865,21.696987,18.318222,13.958386,15.031142,9.465368,12.171234,10.475534,10.888365,15.164632,15.039995,20.782707,18.706274,23.408436,24.406055,28.158361
10,32.347416,28.63558,25.29956,22.878254,20.049149,18.187117,15.315037,9.900162,7.62077,5.163777,0.0,4.3617673,8.957932,11.217725,10.109582,12.939623,15.041028,16.931026,22.541739,24.02363,27.583382,28.26009,31.690786,31.660242,30.755548,30.230787,25.932474,23.738386,20.961151,20.139343,16.807888,15.713558,14.876447,11.100272,15.10485,13.365138,16.458677,18.335052,15.184942,14.7891245,18.437408,19.777029,19.231895,21.248936,24.190058,24.380486,27.856312,29.672567,32.99795,31.57678,31.55791,28.429073,32.323948,30.112156,32.609535,30.69987,26.775461,25.681871,29.794922,25.582615,21.636227,23.038069,26.634117,28.712963,29.38677,23.007,25.005167,28.99968,26.93438,26.95441,31.370754,33.36585,32.006466,28.300879,28.873674,22.760386,25.42134,21.854183,19.21289,19.737547,14.997872,15.728313,10.762095,9.553032,9.955141,13.540543,12.287691,18.404518,20.296442,23.682362,26.609327,29.435589,32.545723,33.575943,35.297764,34.03194,30.912365,27.769855,26.795712,23.334093,19.06487,19.671162,14.25455,16.062546,13.074755,12.182605,16.800331,17.66454,23.050484,22.214455,26.80689,28.239246,32.070595
11,35.345448,31.72799,28.586002,25.657543,22.860125,21.4792,17.743208,13.634887,10.12403,8.643615,4.3617673,0.0,4.996524,9.008137,9.920631,13.225106,16.059877,18.102524,24.268408,25.947084,29.494137,30.56236,33.888206,33.327007,32.311794,31.481455,26.97999,24.633564,21.258701,20.687376,15.660754,15.628536,12.827367,9.791851,13.017883,10.888771,14.91479,16.617605,14.37247,14.485292,16.97902,19.14771,17.774755,20.310705,24.081863,24.059185,28.169527,30.060467,33.752472,32.378273,31.937853,28.392687,31.77693,29.301674,31.482124,29.867184,25.650824,24.007376,27.860617,23.151857,19.42166,21.689568,24.94079,27.45051,27.604433,21.128353,24.16528,27.92684,26.707443,26.912909,31.653294,33.526703,32.64623,28.78282,29.368948,23.301088,25.362516,21.921106,18.659336,19.213493,14.107051,14.501798,9.802692,9.064023,11.007455,14.411545,14.493245,19.978148,22.411404,25.882446,28.71345,31.866566,34.585884,36.13167,37.958466,36.76955,33.792034,30.750082,29.87463,26.712805,22.288437,22.930275,17.856342,18.877949,15.858609,14.406054,18.748457,20.039286,24.755404,24.360287,28.982145,30.27535,34.370792
12,37.40975,33.84179,31.117788,27.696419,24.814383,24.44803,19.620516,17.12731,12.960309,11.938712,8.957932,4.996524,0.0,6.021648,9.54347,12.497964,15.986762,17.866919,24.568636,26.251684,29.7939,31.239038,34.4417,33.204563,31.990797,30.890392,26.20876,23.881273,19.887522,19.87684,13.168223,14.75012,10.215483,9.389339,11.533348,10.353628,14.89994,15.64053,14.264787,14.332336,15.003797,17.51155,15.090534,17.792578,22.415676,21.90509,26.704508,28.44015,32.4854,31.107603,30.191551,26.27737,29.046835,26.354885,28.185932,26.926401,22.476765,20.357323,23.877285,18.828974,15.38681,18.403372,21.306227,24.220963,24.005465,17.525484,21.479343,25.140682,24.83363,25.06549,30.062988,31.648167,31.268097,27.263348,27.98624,22.146393,23.671543,20.698938,17.019012,18.136803,12.75139,13.673479,10.135067,8.9398,11.772629,14.297181,15.758168,20.079395,22.986198,26.44262,29.059862,32.555706,34.7209,36.905014,38.855717,37.83346,35.095802,32.258816,31.485315,28.81695,24.303705,25.00734,20.55459,20.686575,18.132189,16.518694,20.254316,21.658644,25.508059,25.214994,29.821701,30.727491,35.09855
13,33.711525,30.203783,28.043682,24.256546,21.285534,22.28741,16.393543,16.098612,11.795612,11.56948,11.217725,9.008137,6.021648,0.0,5.3488708,7.400233,11.003253,12.838113,19.497623,21.252867,24.627474,26.380753,29.388775,27.749811,26.53024,25.226244,20.578787,18.196316,14.060034,14.265526,7.1824603,9.619334,6.0478296,7.5917277,10.022391,11.580068,14.940718,14.311047,12.291154,11.108664,10.86682,12.225565,9.621005,11.844372,16.525984,15.900667,20.751886,22.54945,26.620014,25.480326,24.58592,20.66577,23.530783,21.269182,22.84805,21.21472,17.083593,15.152148,19.343298,14.722174,10.695897,13.423894,17.455751,20.388168,21.124096,14.5356455,17.702047,22.467176,22.004707,21.496456,26.506365,27.488327,26.913555,22.55255,24.111073,18.347605,20.708445,18.63649,15.525679,18.255653,12.689104,15.799135,12.969754,9.514277,10.828342,11.689932,13.317924,16.306269,18.786844,22.361526,24.507229,28.285997,29.979208,32.56452,34.36117,33.298447,30.808334,28.186121,27.734655,25.698753,21.154657,22.488277,18.636028,18.78033,17.645626,16.890673,20.108618,20.715883,24.340054,22.818117,27.538778,27.618145,32.135075
14,28.459211,24.960705,22.721369,18.937063,15.996156,17.047539,11.044886,11.614262,7.438736,8.453507,10.109582,9.920631,9.54347,5.3488708,0.0,4.4595485,6.7167444,9.514328,15.16356,17.363375,20.493202,22.193977,25.142616,24.07053,23.255753,21.994452,17.700562,14.966361,11.846917,10.796547,7.1032453,6.0302024,6.9190702,6.097513,9.981675,12.063248,14.07128,13.583821,10.060678,7.847805,9.9324465,10.025033,9.524654,11.257381,14.265435,14.748338,18.318867,20.730276,24.269796,23.554903,23.396559,20.039455,23.732773,22.240221,23.86814,21.449429,18.168388,17.009449,21.875225,18.06657,13.768179,15.295934,20.27069,22.690706,24.34446,17.950876,19.547024,24.98737,23.470194,22.416351,27.064331,27.88958,26.540024,22.066795,24.187763,18.26471,21.897562,19.92782,17.65062,20.61233,15.232366,18.73668,15.234021,11.178343,10.639584,11.25995,10.95494,14.398949,15.585004,19.477226,21.417048,25.08552,27.090029,29.21461,30.626144,29.165651,26.545351,23.770897,23.631775,21.531208,16.878742,19.0689,14.777299,16.394838,16.064827,16.243265,19.701967,19.534369,23.999077,21.317102,26.184204,26.013428,30.3267
15,27.484013,23.816511,22.143919,18.572105,15.266161,17.71999,11.394889,12.915483,10.153042,10.06276,12.939623,13.225106,12.497964,7.400233,4.4595485,0.0,4.135552,5.500786,12.482909,13.894907,17.481802,19.023474,22.179771,20.751228,19.514917,18.51617,13.8599,11.676437,8.105032,8.463567,6.0566454,6.4290843,9.495612,10.35639,13.753538,16.38065,18.211771,17.212528,13.712893,10.858139,11.953437,10.1527815,9.612115,9.414452,12.118587,11.51374,15.364995,16.901651,20.529394,19.361292,19.172697,15.938089,19.935303,18.52337,20.571121,18.134365,14.943355,14.602162,19.407757,16.566544,12.428802,12.343826,17.53378,19.457502,21.733004,15.762286,16.1307,21.930656,20.00467,18.572992,23.037525,23.688183,22.180012,17.681725,20.026464,14.247281,18.360771,16.948143,15.365186,19.045208,14.17628,18.642515,15.964142,11.274035,9.704603,8.658381,8.755666,10.513759,11.798943,15.5764675,17.420446,21.23022,22.97828,25.413616,27.032967,25.901371,23.451803,20.912153,20.613867,19.007618,14.573079,16.556898,13.484339,14.077316,14.822358,15.464143,18.069391,17.434677,21.315292,18.05382,22.822887,22.196981,26.580818
16,23.507435,19.947779,18.547274,14.807599,11.608431,14.919423,8.37509,12.084446,10.144291,11.235755,15.041028,16.059877,15.986762,11.003253,6.7167444,4.135552,0.0,3.8815622,8.596699,10.727225,13.828105,15.58912,18.51263,17.402784,16.642883,15.500458,11.394779,8.729354,6.830227,5.4888306,7.9349017,5.4810147,11.382897,11.660282,14.924236,17.984045,18.781776,17.60024,13.6644535,10.316011,12.192321,9.144298,10.422307,9.633016,10.160709,10.821767,12.987532,15.254108,18.257788,17.769314,18.277931,15.71273,20.111486,19.591944,21.294195,18.237389,16.153027,16.306257,21.382719,19.169683,15.150365,14.620875,20.204346,21.813211,24.661953,19.107397,18.58609,24.68221,22.326363,20.415993,24.390282,24.640089,22.583149,18.07297,21.100294,15.741662,20.602858,19.628899,18.690062,22.481144,17.916983,22.4255,19.565992,14.905353,12.672012,11.338983,9.990967,11.011068,10.366433,14.301351,15.510741,19.277426,20.999277,23.187681,24.315008,22.750814,20.334805,17.789816,18.052248,16.802944,12.459195,15.579598,12.687894,14.566876,16.286755,17.630783,20.10222,18.831316,22.965696,18.708273,23.344833,22.235126,26.343946
17,24.097034,20.355877,19.42334,16.294975,12.850946,16.875816,10.94954,13.977167,12.985379,12.827842,16.931026,18.102524,17.866919,12.838113,9.514328,5.500786,3.8815622,0.0,8.14963,8.548707,12.541015,13.781632,17.123487,15.717084,14.280809,13.730363,9.063154,7.6598754,5.4744473,6.730037,9.494861,8.926667,14.231466,15.09806,18.377619,21.35996,22.510445,21.275896,17.473093,14.14756,15.400754,11.896363,12.5723295,10.522054,10.859849,9.932583,12.344807,13.095397,16.155115,14.818324,15.3068075,13.007502,17.748505,17.161171,19.497646,16.662231,14.592498,15.599987,20.225475,18.884533,15.252899,13.2636595,18.500635,19.486166,22.726072,17.745773,16.059319,22.136824,19.304646,17.16384,20.832083,21.080702,18.830519,14.439298,17.45958,12.333235,17.543858,16.988792,16.762936,20.839388,16.955248,21.886515,19.698078,14.913896,12.141873,9.679961,8.697413,7.6502314,7.0556407,10.8204,12.132478,16.027304,17.635897,20.09507,21.615517,20.56137,18.26905,15.974137,15.8039055,14.973321,11.050121,13.49694,12.079209,12.577582,15.115984,16.721498,18.352093,16.751642,20.23235,15.601425,20.056475,18.623512,22.78288
18,17.07275,13.895962,14.253024,11.043021,8.761879,14.66651,10.106887,16.31205,16.407644,17.941505,22.541739,24.268408,24.568636,19.497623,15.16356,12.482909,8.596699,8.14963,0.0,4.5607276,5.422933,7.849954,10.056096,9.460009,9.771269,8.680079,7.0743933,5.185418,8.818679,6.859912,14.831983,11.79167,18.822021,19.146297,21.81483,25.324074,24.919186,23.368282,19.466038,16.02569,17.793926,13.232512,16.118166,13.828178,10.257312,12.013956,9.768358,12.180401,13.044955,13.892256,15.951411,15.430213,20.085413,21.27055,22.50437,18.794615,18.976631,20.372198,25.141975,24.588978,21.23327,19.364735,24.869848,25.573305,29.410965,25.052765,22.722939,28.917507,25.88899,23.183964,25.828363,25.199705,22.23779,18.2895,22.311968,18.576065,24.177723,24.3112,24.663616,28.751667,25.0598,29.888607,27.35211,22.668156,19.667667,17.48568,15.263472,13.745774,9.865472,12.544102,11.639891,14.869155,15.921649,17.73044,17.737568,15.476217,13.594716,11.679814,13.381448,13.993896,11.35755,15.740316,15.048183,17.59089,21.043509,23.32184,24.85425,22.57048,26.168036,20.429962,24.166065,21.873272,25.12665
19,18.520874,15.110348,15.871852,13.863451,11.292003,17.11192,13.223291,18.002148,18.777882,19.197948,24.02363,25.947084,26.251684,21.252867,17.363375,13.894907,10.727225,8.548707,4.5607276,0.0,4.828198,5.321801,8.8098755,8.082556,7.0755973,7.64522,5.711406,6.614169,9.67871,9.941441,16.854856,15.016169,21.628567,22.195826,25.193216,28.500998,28.631334,27.199514,23.237997,19.759058,21.315813,16.729694,18.849491,15.908814,12.906533,12.922052,11.159624,11.19893,11.707988,11.252437,13.637489,13.899732,18.803225,19.926828,21.88245,18.568817,18.75015,20.885653,25.06983,25.252195,22.228954,19.238394,24.133055,24.13655,28.230005,24.522343,21.145077,26.99269,23.412262,20.580786,22.564682,21.978971,18.65375,15.22882,19.053598,16.031973,21.72275,22.215652,23.309502,27.382864,24.457361,29.437555,27.446465,22.808348,19.428192,16.652094,14.583683,11.516195,6.9742036,8.591083,7.1274123,10.4080715,11.477587,13.4488125,13.959455,12.409076,10.592438,9.055287,10.147373,11.571172,9.912973,13.395593,14.466592,15.748945,19.890585,22.401794,23.100863,20.485409,23.367882,17.28527,20.52357,17.837873,20.878736
20,15.700891,13.10879,14.981631,13.0326185,11.71064,17.882513,14.76166,20.750607,21.52606,22.779825,27.583382,29.494137,29.7939,24.627474,20.493202,17.481802,13.828105,12.541015,5.422933,4.828198,0.0,3.783281,4.8309436,4.5731874,5.9130735,5.711717,7.3554826,7.843552,12.419045,11.504635,19.5661,17.02037,23.9824,24.55015,27.07408,30.70214,30.108381,28.418919,24.646305,21.247107,22.683645,17.841211,20.711578,17.809652,13.403379,14.673695,10.736724,11.850043,10.763567,12.212736,15.168365,16.16168,20.54421,22.542915,23.653078,19.987013,21.263834,23.343327,27.585815,28.025944,25.14631,22.49323,27.569996,27.64956,31.907562,28.391546,25.093325,31.03164,27.70745,24.689735,26.367233,25.245148,21.893766,18.690922,22.941517,20.489494,26.094547,26.88602,27.950668,32.13139,29.052277,34.04313,31.872736,27.197203,23.934778,21.315664,19.125317,16.337255,11.735247,12.819888,10.412666,12.704774,12.84441,14.418061,13.610816,11.120165,10.141783,9.444708,11.948069,14.178182,13.284237,17.300402,18.209839,20.279284,24.405987,26.981838,27.825184,25.142332,28.042124,21.8389,24.738787,21.764746,24.298546
21,15.39199,12.512567,14.538122,13.785597,12.31537,18.191511,16.014935,21.006315,22.575274,23.239908,28.26009,30.56236,31.239038,26.380753,22.193977,19.023474,15.58912,13.781632,7.849954,5.321801,3.783281,0.0,4.2234178,6.0221014,6.491705,8.101703,9.372503,10.721006,14.681755,14.349726,21.935808,19.538578,26.442587,26.649265,29.577694,32.861557,32.512882,31.142553,27.124039,23.728468,25.61657,20.928543,23.565077,20.639835,16.747297,17.34952,14.051426,13.99559,12.668092,13.052287,16.203482,17.649456,22.197515,23.950455,25.657326,22.295614,23.285069,25.64992,29.638376,30.238699,27.363617,24.245802,28.955393,28.632008,32.91787,29.608366,25.801016,31.39237,27.520716,24.592958,25.75983,24.927296,21.24148,18.653753,22.381899,20.286829,25.892084,26.593117,28.089727,31.989462,29.387363,34.256443,32.20616,27.690239,24.108772,21.46218,18.928162,15.902402,10.912656,11.050232,8.390891,9.711573,10.435366,11.067573,10.170749,7.683633,6.4151864,6.022746,8.586968,11.491701,11.7381315,15.276982,17.20868,19.02565,23.49539,26.319944,26.742409,23.787916,26.50339,20.118984,22.546783,19.557,21.59179
22,14.164398,12.3846855,15.3863125,14.72804,14.272458,20.143452,18.374268,24.130259,25.529205,26.735704,31.690786,33.888206,34.4417,29.388775,25.142616,22.179771,18.51263,17.123487,10.056096,8.8098755,4.8309436,4.2234178,0.0,4.677419,7.1238213,8.073106,11.366398,12.505643,17.114506,16.273582,24.392506,21.720417,28.74475,29.099459,31.628479,35.184948,34.348488,32.73554,28.942333,25.627497,27.253185,22.41975,25.444853,22.490604,17.796911,19.054188,14.513884,14.991381,12.54277,14.280386,17.664139,19.583796,23.642084,26.033485,27.086922,23.544182,25.34071,27.687353,31.64143,32.507923,29.802723,26.871967,31.674719,31.394325,35.81354,32.70915,28.937603,34.602932,30.995953,27.908731,28.87449,27.581703,23.969713,21.51474,25.590136,23.918322,29.440119,30.438648,31.906673,35.96455,33.24569,38.1909,36.08007,31.492702,28.030325,25.390053,22.942345,19.92796,15.035322,15.09381,12.061852,12.8757105,12.561606,13.048894,11.002356,7.887138,8.087151,8.802024,11.945899,15.1254225,15.63311,19.358759,21.083206,23.227034,27.646849,30.455189,30.959993,28.010939,30.635002,24.237415,26.446585,23.230608,24.943317
23,18.19889,16.32324,18.860437,17.198984,16.215525,22.376614,19.216898,25.234758,25.819153,26.933678,31.660242,33.327007,33.204563,27.749811,24.07053,20.751228,17.402784,15.717084,9.460009,8.082556,4.5731874,6.0221014,4.677419,0.0,3.5482783,3.6794953,8.073724,9.821155,14.388491,14.3036375,22.069344,20.270357,26.951143,28.178707,30.377985,34.311436,33.71063,31.676,28.216078,24.815289,25.459003,20.38722,22.98793,19.550602,14.807996,15.503575,10.736713,10.626364,7.8875465,10.225556,13.541409,15.604586,19.31068,22.044214,22.73792,19.21016,21.483532,23.989462,27.676159,28.990885,26.662727,23.541447,28.200438,27.904715,32.42304,29.716505,25.898434,31.607828,28.500244,25.235594,26.2805,24.518368,21.221592,18.519058,23.078924,21.759117,27.063316,28.57204,29.995947,34.40971,31.701689,36.901184,35.171314,30.442486,27.263842,24.23004,22.60343,18.83157,14.551228,14.728029,11.493058,13.269391,11.827142,14.027853,12.855969,10.908974,11.298361,11.879756,14.294904,17.366663,17.134285,20.551643,22.23272,23.526604,27.867487,30.3973,30.777418,28.04629,30.155586,23.943918,26.273912,22.737885,24.928616
24,20.830053,18.448374,20.549683,18.890217,17.24158,23.35728,19.706785,25.045582,25.56255,26.07916,30.755548,32.311794,31.990797,26.53024,23.255753,19.514917,16.642883,14.280809,9.771269,7.0755973,5.9130735,6.491705,7.1238213,3.5482783,0.0,3.488172,6.1944885,9.174305,12.950207,14.0301895,20.992153,20.013786,26.362684,27.893812,30.282305,34.134388,34.038197,32.033413,28.546934,25.06598,25.46417,20.414053,22.396029,18.63065,14.648418,14.120225,10.510863,8.642997,6.4625115,7.1584225,10.565294,12.873413,16.766792,19.260244,20.473888,17.264366,19.24576,22.090693,25.443213,27.060062,24.916779,21.242365,25.52678,24.925089,29.501291,27.124802,22.898224,28.409748,25.20524,21.908293,22.769571,21.011133,17.675993,15.089435,19.60667,18.645176,23.8181,25.5603,27.234781,31.67744,29.325846,34.597965,33.24981,28.559849,25.37682,22.040659,20.847086,16.359898,12.481639,12.216849,8.871581,11.018397,9.163583,12.304365,12.094714,11.165132,11.374937,11.906202,13.485738,16.558147,16.293785,19.016026,21.2242,21.589785,26.009497,28.44887,28.451294,25.757082,27.355879,21.260998,23.438425,19.743006,22.099552
25,20.780756,18.624323,20.607103,18.220041,16.780478,22.932268,18.762592,24.786543,24.714235,25.766615,30.230787,31.481455,30.890392,25.226244,21.994452,18.51617,15.500458,13.730363,8.680079,7.64522,5.711717,8.101703,8.073106,3.6794953,3.488172,0.0,5.179393,7.149196,11.424483,11.925548,19.1813,18.0501,24.35744,26.160177,28.147184,32.266403,31.906788,29.642778,26.419409,23.00015,22.98144,17.850409,20.051535,16.34726,11.793608,12.005068,7.402084,7.068199,5.093205,7.7453966,10.670181,12.282155,15.936199,18.694403,19.186884,15.575818,17.914883,20.401146,24.065763,25.451818,23.280766,20.174442,24.864986,24.736626,29.22647,26.565025,22.96167,28.799803,26.127466,22.824234,24.249247,22.326931,19.38471,16.193748,21.063923,19.59936,24.743996,26.427483,27.631077,32.252705,29.4195,34.728302,33.191303,28.404497,25.512653,22.324366,21.303493,17.309635,13.712503,14.342571,11.487335,14.167724,12.560636,15.728492,15.355254,13.927163,13.929685,14.017081,15.913233,18.509577,17.505161,20.752466,22.064985,22.876486,26.9674,29.22049,29.670414,27.200481,29.138096,23.210217,25.845556,22.334496,25.057896
26,22.764172,19.843027,20.825907,18.04378,15.682968,21.481451,16.407845,21.594982,21.137274,21.662243,25.932474,26.97999,26.20876,20.578787,17.700562,13.8599,11.394779,9.063154,7.0743933,5.711406,7.3554826,9.372503,11.366398,8.073724,6.1944885,5.179393,0.0,3.9172876,6.7761054,8.6683655,14.858756,14.513152,20.434298,22.41279,24.698198,28.610483,28.887922,26.789324,23.472118,19.996567,19.912863,14.986649,16.453676,12.631913,9.494056,8.334345,6.6041193,5.5641303,7.23599,7.051227,8.890249,8.917931,13.506682,15.223642,16.530481,13.064588,14.04889,16.48045,20.391151,21.297903,18.867409,15.576751,20.428429,20.491093,24.813862,21.705786,18.303555,24.34106,21.672718,18.519264,20.663546,19.248785,16.514755,12.573195,17.324505,14.961273,20.200201,21.592506,22.555202,27.201202,24.264946,29.593029,28.173616,23.390348,20.620672,17.329134,16.766273,12.695093,9.931798,11.325483,9.594615,13.327428,12.633294,16.1959,16.951578,16.003723,15.088953,14.2979965,15.254496,16.914211,14.984214,17.781942,18.705748,18.870007,22.64639,24.645159,25.171358,22.96802,24.962952,19.384567,22.539669,19.423708,22.844128
27,21.748407,18.87473,19.401344,15.904247,13.641727,19.194134,13.613186,19.439611,18.428406,19.662567,23.738386,24.633564,23.881273,18.196316,14.966361,11.676437,8.729354,7.6598754,5.185418,6.614169,7.843552,10.721006,12.505643,9.821155,9.174305,7.149196,3.9172876,0.0,4.986175,4.9563556,12.252447,11.027531,17.294655,19.122175,21.206945,25.249939,25.224262,23.058643,19.775583,16.318262,16.32434,11.334126,13.378044,10.05443,6.370879,7.0739493,5.3091593,7.6900353,9.796685,10.666893,11.992603,10.904243,15.24052,16.654615,17.440845,13.644795,14.199149,15.762097,20.380323,20.344475,17.438732,15.285349,20.787006,21.575035,25.541243,21.631483,19.31703,25.640486,23.337265,20.432302,23.268805,22.11736,19.676912,15.34424,19.905128,16.571724,21.795141,22.617348,22.883986,27.4585,23.826492,28.992424,27.062876,22.243597,19.741898,16.982407,16.181877,13.508785,10.949643,13.426243,12.373722,16.18645,16.139769,19.219675,19.703503,18.144,16.836115,15.482077,16.739784,17.689913,14.955624,18.434202,18.06624,19.177132,22.434658,24.272867,25.515759,23.55741,26.314562,20.962376,24.658583,22.023556,25.666584
28,25.835884,22.620653,22.422552,18.768944,15.939065,20.62831,14.299849,18.740482,16.900862,17.478844,20.961151,21.258701,19.887522,14.060034,11.846917,8.105032,6.830227,5.4744473,8.818679,9.67871,12.419045,14.681755,17.114506,14.388491,12.950207,11.424483,6.7761054,4.986175,0.0,4.8622932,8.119058,8.993364,13.944956,16.51683,18.654818,22.552217,23.366432,21.239252,18.205036,14.881511,14.156294,9.796819,10.202084,6.626843,6.4322295,4.498803,7.794989,8.88778,12.623079,12.043329,12.010481,9.230494,13.485322,13.661561,14.953198,11.661054,10.505241,11.671406,16.480919,15.8643675,12.755985,10.639938,16.334076,17.542315,21.152664,16.807253,15.155687,21.572329,19.753477,17.156141,20.776276,20.021626,18.227728,13.468728,17.56532,13.485786,18.247421,18.84449,18.597733,23.27106,19.452606,24.661154,23.027618,18.232857,16.2352,13.398178,13.751473,11.320305,10.784921,13.6954565,13.804804,17.935387,18.183018,21.592064,22.843449,21.824144,20.22355,18.56344,18.991865,19.176437,15.785818,18.373367,17.511757,17.602068,20.145824,21.437134,22.762686,21.33586,23.875214,19.353956,23.392187,21.239637,25.403124
29,22.690582,19.744978,19.335915,15.12921,12.777358,17.292559,10.891661,16.70434,14.680272,16.582012,20.139343,20.687376,19.87684,14.265526,10.796547,8.463567,5.4888306,6.730037,6.859912,9.941441,11.504635,14.349726,16.273582,14.3036375,14.0301895,11.925548,8.6683655,4.9563556,4.8622932,0.0,8.507409,6.1340113,12.663349,14.313973,16.28134,20.362196,20.288866,18.14987,14.864008,11.425082,11.582614,6.8121076,9.293483,7.2466335,5.020134,7.430168,7.966218,11.665402,14.401172,15.196563,15.872901,13.636901,17.626421,18.22953,18.81414,15.140498,14.5450115,14.889967,20.119015,18.70707,15.18228,14.588696,20.519125,22.129034,25.46397,20.593355,19.722988,26.12712,24.2747,21.820988,25.457874,24.782713,22.753113,18.095358,22.158781,17.76722,22.692219,22.742685,22.112831,26.44326,22.060339,26.883047,24.424528,19.704327,17.729033,15.775377,14.98923,14.197827,12.606096,15.990761,15.921696,19.822245,20.473202,23.21996,23.803745,21.984953,20.196444,18.23175,19.330013,19.235806,15.561764,19.231718,17.283867,19.081608,21.408133,22.85115,24.911905,23.427147,26.908962,22.164078,26.425024,24.483006,28.44555
30,30.471867,27.27169,26.025627,21.81742,19.070822,21.86528,15.144985,18.0076,14.2393055,15.17584,16.807888,15.660754,13.168223,7.1824603,7.1032453,6.0566454,7.9349017,9.494861,14.831983,16.854856,19.5661,21.935808,24.392506,22.069344,20.992153,19.1813,14.858756,12.252447,8.119058,8.507409,0.0,5.8591814,6.302164,10.28151,11.709966,15.531497,17.133495,15.001384,12.844311,10.376871,8.253315,6.817673,4.105425,4.6990376,9.581443,9.057644,13.865468,16.110315,20.16323,19.724436,18.895836,15.056631,17.879309,16.65923,17.396833,14.992872,11.909731,10.336593,15.533684,12.131651,7.957391,9.839224,15.416635,18.178429,20.218134,14.425545,16.054039,21.945415,21.463438,19.90012,24.577295,24.500246,23.67831,18.913021,21.85613,16.789352,20.126932,19.561367,17.549566,21.63006,16.672863,21.077047,18.989407,14.689753,14.439165,13.229569,14.566284,15.062747,16.347475,19.841581,20.975668,25.057577,25.882551,29.03576,30.455496,29.261902,27.251337,25.061619,25.239843,24.269722,20.007235,22.265358,19.485456,19.834377,20.471113,20.670914,23.095524,22.776016,25.874735,22.903875,27.4512,26.36681,30.866367
31,25.564684,22.552496,21.057997,16.592426,14.240725,16.716791,10.052449,14.338187,10.723691,13.302264,15.713558,15.628536,14.75012,9.619334,6.0302024,6.4290843,5.4810147,8.926667,11.79167,15.016169,17.02037,19.538578,21.720417,20.270357,20.013786,18.0501,14.513152,11.027531,8.993364,6.1340113,5.8591814,0.0,7.160031,8.225549,10.301417,14.232104,14.472967,12.617254,9.225865,5.909016,6.765003,4.475999,6.306172,7.622771,9.014806,11.194995,13.508312,17.18782,20.367785,20.789022,20.94083,17.899073,21.455322,21.061615,21.677643,18.53222,16.585209,15.573872,20.957998,17.868551,13.768286,15.19653,20.977982,23.383377,25.76841,19.93447,20.837376,26.923944,25.585741,23.804785,28.145924,28.090054,26.520914,21.770699,25.046516,19.768354,24.026867,23.109068,21.41691,25.158802,20.031693,24.132502,21.048616,16.737232,15.703715,15.081943,14.507798,16.039427,15.762224,19.627409,20.510492,24.374062,25.666286,28.113728,28.933762,27.058594,24.841888,22.389074,23.105892,21.93206,17.557444,20.897026,17.330568,19.559963,20.492931,21.27298,24.247858,23.469189,27.601522,23.851406,28.5441,27.45895,31.66839
32,32.359734,29.379658,27.477703,23.06943,20.775486,21.993351,15.847687,17.750654,12.919941,14.851221,14.876447,12.827367,10.215483,6.0478296,6.9190702,9.495612,11.382897,14.231466,18.822021,21.628567,23.9824,26.442587,28.74475,26.951143,26.362684,24.35744,20.434298,17.294655,13.944956,12.663349,6.302164,7.160031,0.0,5.565947,5.6347795,9.510657,11.318479,9.388378,8.156685,7.2755556,5.0243335,7.9810834,5.727757,9.717231,13.871207,14.878478,18.817635,22.003199,25.803816,25.81758,25.134731,21.318026,23.853167,22.506529,22.83379,20.597614,17.539513,15.090217,19.877337,15.218844,11.284463,15.114376,19.935427,23.183008,24.314268,18.109266,21.17052,26.471369,26.362377,25.301573,30.19129,30.44468,29.737013,25.036274,27.592709,22.167032,25.074907,23.71755,20.924398,24.091125,18.604507,21.77469,18.853376,15.471408,16.25614,16.611454,17.457228,19.824408,21.10021,24.888937,26.293858,30.250082,31.51211,34.250698,35.468235,33.8859,31.616608,29.101452,29.404,27.810825,23.233738,25.695509,21.64523,22.984335,22.543999,22.265429,25.580727,25.756676,29.574326,27.200872,31.96278,31.445688,35.922245
33,30.431505,27.422384,24.86094,20.7476,18.635458,18.383493,13.212488,13.784722,8.672261,11.507066,11.100272,9.791851,9.389339,7.5917277,6.097513,10.35639,11.660282,15.09806,19.146297,22.195826,24.55015,26.649265,29.099459,28.178707,27.893812,26.160177,22.41279,19.122175,16.51683,14.313973,10.28151,8.225549,5.565947,0.0,4.5415463,6.326117,8.033627,8.018907,5.092087,5.162266,7.7650356,10.680131,10.44351,13.969398,16.893791,18.5825,21.65144,25.104282,28.511635,28.527569,28.366657,24.893486,28.108276,26.793022,27.62585,25.147379,22.134096,20.139082,25.000084,20.40592,16.31588,19.456745,24.283278,27.24153,28.381893,21.886736,24.584808,29.797958,28.926682,28.030975,32.827103,33.523865,32.366245,27.783844,30.049461,24.186558,27.467035,25.38163,22.603434,25.069,19.470999,21.93386,17.999908,15.062523,15.583589,16.99616,16.595192,20.48352,21.342815,25.307201,27.026104,30.671515,32.62676,34.648376,35.705284,33.830936,31.216837,28.368406,28.63369,26.405516,21.74013,24.351074,19.366488,21.86423,20.915115,20.725552,24.68491,24.8566,29.575777,27.224373,32.106632,32.069893,36.33626
34,32.923733,30.285336,27.94725,23.530996,21.857033,21.74085,16.634556,18.065298,13.001301,16.024588,15.10485,13.017883,11.533348,10.022391,9.981675,13.753538,14.924236,18.377619,21.81483,25.193216,27.07408,29.577694,31.628479,30.377985,30.282305,28.147184,24.698198,21.206945,18.654818,16.28134,11.709966,10.301417,5.6347795,4.5415463,0.0,5.0280843,5.7701836,4.345124,4.5941954,6.4565163,6.275418,10.915046,10.327769,14.614362,17.683924,19.778969,22.762442,26.680527,30.116558,30.602377,30.235285,26.611658,29.227293,28.086266,28.174889,25.770704,23.050297,20.484629,25.18033,20.295835,16.629328,20.740038,25.419262,28.74286,29.629496,23.347212,26.674288,31.809845,31.619041,30.686644,35.577038,35.954746,35.08184,30.379583,32.91253,27.29071,30.291239,28.526382,25.544024,28.12174,22.509918,24.804844,21.20489,18.578165,19.5746,20.771423,20.835659,24.204481,25.034124,28.981216,30.4036,34.196934,35.773815,38.088478,38.99126,37.001907,34.581543,31.87291,32.414257,30.468563,25.838982,28.65519,23.807575,26.208069,25.297838,24.949196,28.825829,29.114546,33.556465,31.266193,36.125828,35.880318,40.23285
35,35.36381,32.621933,29.769896,25.770409,24.083836,22.768543,18.642714,18.119131,13.201401,15.746466,13.365138,10.888771,10.353628,11.580068,12.063248,16.38065,17.984045,21.35996,25.324074,28.500998,30.70214,32.861557,35.184948,34.311436,34.134388,32.266403,28.610483,25.249939,22.552217,20.362196,15.531497,14.232104,9.510657,6.326117,5.0280843,0.0,4.8983345,6.8628287,7.3863654,9.950182,11.281967,15.677558,14.92526,19.074245,22.34694,24.127947,27.331064,30.974815,34.46548,34.59533,34.22881,30.545425,33.310287,31.746752,32.265186,30.107191,26.91054,24.319685,28.710613,23.486065,19.894894,24.02338,28.19308,31.50575,31.891531,25.43981,29.181757,33.809147,33.544044,33.0469,38.013268,38.865574,38.038364,33.502758,35.47125,29.596226,32.234573,29.837622,26.538416,28.2744,22.735868,23.961761,19.972942,18.375425,19.913689,22.021793,21.938667,26.300032,27.506123,31.442785,33.2992,36.908543,38.93055,40.909588,41.96291,40.014652,37.34937,34.432487,34.675777,32.19299,27.54377,29.914524,24.573494,27.062689,25.298262,24.537912,28.768284,29.471666,34.189728,32.58361,37.439323,37.768555,42.04943
