,0,1,2,3,4,5,6,7,8,9,10,11,12,13,14,15,16,17,18,19,20,21,22,23,24,25,26,27,28,29,30,31,32,33,34,35,36,37,38,39,40,41,42,43,44,45,46,47,48,49,50,51,52,53,54,55,56,57,58,59,60,61,62,63,64,65,66,67,68,69,70,71,72,73,74,75,76,77,78,79,80,81,82,83,84,85,86,87,88,89,90,91,92,93,94,95,96,97,98,99,100,101,102,103,104,105,106,107
0,0.0,3.8188753,8.064854,10.184121,13.355242,16.518478,17.830013,22.274899,25.277538,27.961725,32.10507,33.96333,32.609406,31.313494,26.615204,24.945246,21.273157,20.592693,17.42167,15.736659,15.226487,10.618425,14.240133,18.063532,17.992298,17.162682,22.4113,24.163465,24.825037,28.037697,30.820915,33.897488,38.446472,40.451088,43.854786,46.014576,49.068634,46.348484,44.540012,41.375164,41.221004,36.51636,35.684147,33.770424,31.539982,29.988497,27.875523,33.252583,36.32323,37.487274,39.100746,42.57631,44.237865,45.991806,42.701824,45.970364,44.249973,40.706955,41.253002,37.619606,33.975746,35.063496,30.9891,31.801167,26.156044,27.460888,24.790478,27.46786,25.54563,29.427134,27.682531,30.2426,32.11592,32.874332,35.9112,37.445812,41.09272,40.339733,42.254723,42.9611,38.05577,38.572464,33.32113,30.724577,28.28005,25.578215,25.87265,23.121489,23.87121,22.027632,25.560532,29.089603,29.450937,27.39917,32.352085,33.481945,30.565197,27.886936,31.470646,36.074787,39.326893,38.435654,34.982075,37.964172,32.04375,33.020668,31.463362,30.58818
1,3.8188753,0.0,5.6328616,7.4704933,11.010698,14.349876,15.619168,19.681177,23.051687,25.352211,29.780596,31.311493,29.823462,28.80177,24.055386,22.781757,19.304522,18.815205,16.432438,14.556513,15.196893,10.882796,14.737741,17.757204,17.287655,15.507202,20.776115,22.640135,22.665382,26.450443,28.437311,31.89522,36.11315,38.418343,41.5376,43.786625,47.029186,44.30825,42.805264,39.725227,39.329926,34.985992,33.774887,32.274868,29.584208,28.662188,25.893917,31.38388,34.657913,35.47344,37.50654,40.68279,42.78449,44.35809,41.41656,44.758606,43.36284,39.969486,40.7168,37.577267,33.543404,35.234528,30.996191,32.138645,26.314844,27.992847,25.747213,28.65121,26.170673,29.913918,27.661875,30.251154,31.555769,32.74538,35.15953,36.73905,40.35321,39.496456,41.19247,41.58015,36.64906,37.285213,32.258312,29.666414,27.797852,24.942448,25.881966,23.169788,24.61332,23.246096,26.983671,30.443653,31.10406,28.52948,33.279514,34.78137,32.08511,29.011604,32.036625,36.800453,39.98067,38.83147,35.349075,37.860405,31.819143,32.586838,30.571804,29.674868
2,8.064854,5.6328616,0.0,4.3093014,8.054968,9.304572,12.6269655,15.156635,19.24013,21.368212,25.301191,27.325893,25.376053,24.007166,19.297625,18.475307,14.597284,15.253848,13.054436,12.540505,14.169816,10.998299,15.833662,18.18739,18.982141,16.45464,21.431732,22.253551,21.32687,25.009539,26.048471,28.887283,33.357174,35.1307,38.50896,40.33268,43.700653,41.465794,40.16302,37.09966,37.136715,33.174374,32.123493,31.277905,28.563871,28.985687,26.378958,32.033623,35.048218,34.950035,37.12416,39.721,42.13578,42.885704,40.000957,43.0053,42.094616,38.37625,40.02982,37.022667,33.342247,35.363647,31.588324,33.359814,27.601957,30.159628,27.94883,30.236965,27.164103,29.950312,27.43556,29.334211,30.045744,31.010992,32.86181,33.939667,37.326885,36.01333,37.46821,37.73519,32.73628,34.148426,29.02645,26.948895,25.38662,23.682606,24.538986,22.741098,24.730576,24.198416,27.67909,31.13143,31.45676,28.11366,32.82267,34.157936,31.284845,27.682976,30.243599,34.919117,38.019154,36.280136,32.813602,34.534294,28.720934,28.783121,26.632273,25.19577
3,10.184121,7.4704933,4.3093014,0.0,3.947614,7.4150395,8.602845,12.260361,15.68986,17.949923,22.31339,23.9374,22.476084,21.416553,16.68404,15.355575,12.075868,11.765706,10.381567,9.011809,11.581031,9.154093,13.484927,14.910968,15.714082,12.742116,17.478899,18.103588,17.018913,20.820972,21.874964,24.963047,29.306505,31.333784,34.568375,36.596413,39.92892,37.47962,36.177547,33.13898,32.976585,29.037626,27.860643,27.059877,24.261787,24.912636,22.322947,27.984615,30.908478,30.667694,32.873383,35.415092,37.892395,38.650623,35.874245,38.96769,38.12497,34.58108,36.18893,33.531704,29.583143,31.986227,28.14199,30.158716,24.402384,27.317503,25.47576,27.815107,24.30351,26.93799,24.064129,26.057919,26.42274,27.818836,29.319525,30.65718,34.116802,33.015633,34.4495,34.569607,29.625217,30.604763,25.730362,23.401665,22.230412,20.042788,21.48617,19.58074,22.104174,22.00661,25.610638,28.889744,29.624407,25.934578,30.297335,32.11208,29.693274,25.896057,27.865662,32.697872,35.697716,34.01867,30.564863,32.237755,26.195995,26.594406,24.061464,23.218098
4,13.355242,11.010698,8.054968,3.947614,0.0,6.2126603,4.6938095,9.609739,12.069785,14.668509,19.120188,20.649021,19.673971,18.690369,14.088429,12.056664,9.390568,8.062915,7.5865254,5.84147,9.557155,8.7407,12.343968,12.634067,14.125715,10.940203,15.038146,14.879973,13.524275,17.075933,18.17292,21.071903,25.550014,27.493574,30.81246,32.85339,36.104187,33.610264,32.242043,29.194197,29.099379,25.165165,24.099085,23.420294,20.755392,21.921778,19.766724,25.377048,27.985287,27.391832,29.483255,31.86874,34.332954,34.858257,32.06437,35.090336,34.370464,30.822468,32.65516,30.231506,26.304487,29.00079,25.355534,27.736675,22.143955,25.590643,24.023632,26.068953,22.120893,24.225174,21.071632,22.85681,22.817251,24.422699,25.561167,26.967987,30.432243,29.430716,30.843662,30.899664,26.003313,26.74806,22.009565,19.59794,18.760883,16.58157,18.396227,16.774466,19.820204,20.360409,23.847595,26.915903,27.834303,23.717344,27.718513,29.823977,27.75804,23.740427,25.072037,29.945103,32.820145,31.083149,27.67676,29.169674,23.041267,23.621777,20.818079,20.457317
5,16.518478,14.349876,9.304572,7.4150395,6.2126603,0.0,7.339114,6.6577654,11.025688,13.12036,16.236502,18.936808,16.886621,15.016237,10.433147,9.604886,5.446422,7.958815,7.6203403,9.513973,12.909883,12.949929,17.198895,17.588982,20.033312,16.922186,20.46424,19.365995,17.094612,20.023548,19.67617,21.26182,26.065905,26.982525,30.727348,31.985231,35.389366,33.751625,32.672974,29.698977,30.353506,27.053625,26.353884,26.518812,24.056583,26.546879,24.681562,30.130945,32.41699,30.92228,33.06737,34.720684,37.43225,36.936085,34.205677,36.655445,36.508617,32.524452,35.450863,33.001987,29.854773,32.51709,29.59107,32.328827,27.063978,30.890251,29.124943,30.48308,26.485413,27.576773,24.586348,25.36196,24.82665,25.737328,26.317335,26.785955,29.799814,28.015846,29.075983,29.058064,24.063707,26.271734,21.338568,20.007896,19.404346,19.387333,20.492733,20.232746,23.237947,24.273537,27.217054,30.266138,30.500145,25.973597,29.989212,31.486015,28.984585,24.644667,25.714172,30.194721,32.956654,30.454134,27.149002,27.530712,22.027864,21.295086,18.544304,16.91033
6,17.830013,15.619168,12.6269655,8.602845,4.6938095,7.339114,0.0,7.2383475,7.7606773,10.718779,15.280887,16.553362,16.257523,15.492546,11.308628,8.396461,7.3611,4.298718,6.6682944,5.1738744,9.85086,11.105835,13.392697,12.035555,14.1886,10.89839,13.509784,12.081102,9.909589,13.093342,13.746023,16.378231,20.958965,22.81811,26.185122,28.22644,31.431793,28.92723,27.587484,24.565294,24.535196,20.801949,19.798952,19.541113,16.96982,19.234234,17.595907,22.962732,25.114885,23.850872,25.895039,27.886683,30.473015,30.543886,27.855822,30.758,30.35317,26.847755,29.108532,27.184855,23.296284,26.50782,23.223219,26.116909,20.914427,24.988407,23.890944,25.523895,21.075418,22.30939,18.761263,20.12587,19.267393,21.248037,21.580732,23.031109,26.426683,25.499172,26.774584,26.624084,21.821146,22.33394,17.932446,15.499195,15.487782,13.513101,15.997069,14.998174,18.745646,20.179855,23.369608,26.05286,27.192406,22.567053,25.920708,28.393621,26.846388,22.595852,22.8901,27.706766,30.336601,28.445583,25.174292,26.19247,20.088488,20.771042,17.493036,17.794077
7,22.274899,19.681177,15.156635,12.260361,9.609739,6.6577654,7.2383475,0.0,5.9442754,6.6564164,10.346139,12.391362,10.429576,9.193309,4.508951,4.67964,4.325788,6.775015,10.25167,11.676113,15.98687,17.290308,20.326675,19.093668,21.318928,17.673138,19.711027,17.840569,14.182223,17.111732,14.576067,16.087355,20.269993,21.373285,24.70008,25.956257,29.608398,28.10138,27.587261,24.878057,25.319359,23.025288,21.921478,23.193604,20.397316,24.588858,22.566204,27.54643,29.522055,26.98774,29.526863,30.292221,33.60035,32.38579,30.321867,32.61229,33.210747,29.602291,33.05592,31.693895,28.349941,31.890165,29.234575,32.489166,27.642113,31.963963,30.942873,32.207012,27.658308,27.997053,24.455097,24.867905,23.032173,24.664719,23.658247,24.102999,26.801588,24.9505,25.459076,24.71158,19.922848,22.236141,18.29983,17.292957,18.385162,18.564318,20.729761,20.996567,24.805185,26.670782,29.45647,32.030502,32.720978,27.703539,30.812365,32.889454,31.135395,26.577768,26.229195,30.555103,32.898617,30.119476,27.092524,26.431923,21.217789,20.25916,16.54489,15.571897
8,25.277538,23.051687,19.24013,15.68986,12.069785,11.025688,7.7606773,5.9442754,0.0,4.207951,7.7850785,9.425335,9.816015,9.023918,6.55999,2.7673209,6.715058,5.391104,10.337859,11.340028,15.308787,17.988064,19.66975,17.25086,20.055775,17.002544,17.615993,14.511968,10.868687,12.259435,9.896908,10.358257,15.229296,16.036,19.769224,21.158974,24.521488,22.732347,21.854399,19.038603,19.700785,17.278624,16.622461,18.048807,15.914524,20.737028,19.925808,24.35366,25.57928,22.650627,24.684198,25.273272,28.291286,26.769869,24.540665,26.698668,27.391243,23.815985,27.539207,26.57448,23.465061,27.267525,25.121067,28.714506,24.50274,29.224546,28.612106,29.383654,24.594687,24.074326,20.388432,20.344645,17.79808,19.78232,18.05187,18.72197,21.47289,20.023155,20.615011,19.83431,15.137958,16.568804,13.013186,11.824315,13.885681,14.283211,16.905588,17.757788,21.90047,24.474321,26.862549,28.943636,29.914326,24.663746,26.961414,29.447174,28.399542,23.875422,22.480042,26.67998,28.733122,26.105375,23.280188,22.539757,17.29241,17.03783,12.9024935,13.57147
9,27.961725,25.352211,21.368212,17.949923,14.668509,13.12036,10.718779,6.6564164,4.207951,0.0,5.850462,6.014768,5.9894085,6.5092683,5.2324505,5.0740223,9.173963,9.312266,14.200644,15.055308,19.27847,21.58105,23.380777,20.840872,22.97631,19.463594,19.726915,16.955397,12.508339,14.4900055,9.666791,10.546794,13.974294,15.217278,18.147343,19.4909,23.279772,21.774708,21.736652,19.340015,19.59504,18.436653,17.106281,19.539299,16.828522,22.613354,21.048033,25.143318,26.463226,22.876238,25.510023,25.32066,29.01892,27.017963,25.597507,27.636915,28.95963,25.837162,29.736431,29.508589,26.203579,30.426718,28.264599,31.919851,27.79942,32.466045,32.151783,33.138485,28.276594,27.758823,23.924204,23.884838,20.82989,23.121403,20.515455,21.02335,23.321426,21.674822,21.666466,20.187595,15.90531,17.788094,15.36616,14.703636,17.536657,17.883125,20.840366,21.642988,25.895119,28.47301,30.922369,32.91411,34.011707,28.74826,30.806608,33.395935,32.47745,27.950958,26.26123,30.253538,32.094498,29.276415,26.662964,25.217184,20.525848,19.75439,15.447514,15.784052
10,32.10507,29.780596,25.301191,22.31339,19.120188,16.236502,15.280887,10.346139,7.7850785,5.850462,0.0,5.293124,5.1431246,3.767591,6.710515,7.262589,11.283201,12.545726,16.753658,18.824623,22.466116,25.32092,27.212532,24.762241,27.712492,24.626923,24.717276,21.300598,17.292627,17.728365,13.0953,10.8728895,14.4732275,13.362579,17.07366,16.99523,20.626686,20.40411,20.532011,18.40462,19.918901,19.570824,19.240227,22.12603,20.425106,26.576065,25.96491,29.612226,30.2836,26.180037,28.258274,27.398695,30.801403,27.683289,26.234552,27.350357,29.24587,25.80208,30.741453,30.54474,28.341782,32.261448,31.009972,34.870354,31.302095,36.210415,35.755135,36.03162,31.24806,29.729046,26.273718,25.225838,21.791777,23.259106,19.934744,19.311573,20.790909,18.409508,17.794935,16.058311,12.024383,15.65239,13.787111,14.733944,17.88589,20.239096,22.335146,24.26651,28.262657,31.25793,33.119,34.87954,35.495724,30.045437,31.711372,33.83163,32.912212,28.373138,26.047411,29.342304,30.80394,27.413105,25.215092,22.456964,18.981184,17.116165,12.938297,12.878131
11,33.96333,31.311493,27.325893,23.9374,20.649021,18.936808,16.553362,12.391362,9.425335,6.014768,5.293124,0.0,4.625499,7.063026,9.436456,10.220486,14.616673,14.81348,19.669771,20.623024,24.606304,27.289623,28.644304,25.604218,27.66757,24.32054,23.592043,20.447824,15.915874,16.810467,10.317362,9.437983,10.806923,11.4601555,13.5929,14.417239,18.49608,17.662369,18.59679,16.899315,17.213127,17.948166,16.593067,20.279703,17.950214,24.839254,23.646341,26.726849,27.40344,22.806126,25.464058,24.001394,28.082397,24.944548,24.430687,25.852186,28.137735,25.546856,30.023985,30.822086,27.916876,32.478493,30.932966,34.804585,31.375593,36.170574,36.285824,36.976578,32.04857,30.795656,26.986782,26.398893,22.484064,24.91677,20.90707,21.023003,22.487288,20.772068,19.938702,17.555002,14.340092,16.419031,15.971329,16.243273,20.181896,21.165554,24.227694,25.57971,29.88086,32.87171,34.962334,36.52795,37.716946,32.361595,33.631115,36.339943,35.915287,31.48541,28.869453,32.292343,33.613,30.606575,28.509113,26.027237,22.410997,21.310827,17.001389,17.791801
12,32.609406,29.823462,25.376053,22.476084,19.673971,16.886621,16.257523,10.429576,9.816015,5.9894085,5.1431246,4.625499,0.0,3.8702977,6.6292295,9.51476,13.028204,14.740072,19.235382,20.706789,24.89192,27.058754,29.217276,26.817225,28.871109,25.182453,25.361471,22.681334,18.027487,19.799953,13.747117,13.525969,15.389639,15.820615,18.037952,18.448742,22.53814,22.145382,23.087229,21.307093,21.797073,22.121433,20.743086,24.058685,21.385437,27.845911,26.029451,29.671055,30.847988,26.579464,29.466976,28.303963,32.431973,29.51835,28.826641,30.286674,32.389004,29.477217,33.963844,34.22383,31.290974,35.62002,33.809296,37.569157,33.659702,38.365734,38.11497,38.981373,34.114742,33.2384,29.488016,29.028982,25.575937,27.602852,24.2142,24.013693,25.525908,23.319183,22.506329,20.359007,16.786001,19.931734,18.540733,18.9522,22.19088,23.442513,26.13757,27.383347,31.575773,34.273003,36.55609,38.475105,39.367966,33.99834,35.86318,38.222164,37.25167,32.677746,30.658047,34.193695,35.74609,32.468575,30.181711,27.5953,23.931965,22.153318,17.977041,17.543013
13,31.313494,28.80177,24.007166,21.416553,18.690369,15.016237,15.492546,9.193309,9.023918,6.5092683,3.767591,7.063026,3.8702977,0.0,4.751982,7.7349067,10.714075,13.2831745,17.20809,19.475105,23.360962,25.650192,28.156136,26.167639,28.850533,25.4072,26.093649,23.187862,18.94936,20.302217,15.437933,14.306443,17.470385,16.875301,20.091497,20.013002,23.814377,23.737091,24.139917,22.084288,23.315794,22.969858,22.260015,25.085236,22.880344,28.871185,27.550177,31.523643,32.63173,28.663385,31.121117,30.342548,34.004265,31.084229,29.772707,31.034275,32.87608,29.426891,34.196445,33.808918,31.365665,35.24951,33.66428,37.408607,33.44844,38.223392,37.588493,38.14486,33.400723,32.3278,28.843721,28.073776,24.96162,26.344805,23.441198,22.790545,24.303282,21.719837,21.080175,19.399355,15.4098215,19.374422,17.141533,17.93934,20.596947,22.721458,24.74314,26.371506,30.320366,33.012936,35.11341,37.147083,37.642723,32.24177,34.356613,36.3021,35.000626,30.386086,28.59111,32.01122,33.65032,30.14939,27.812037,25.093164,21.565321,19.295248,15.3362255,14.2043495
14,26.615204,24.055386,19.297625,16.68404,14.088429,10.433147,11.308628,4.508951,6.55999,5.2324505,6.710515,9.436456,6.6292295,4.751982,0.0,4.7897863,6.693331,9.699671,13.4649515,15.5142145,19.608643,21.41571,24.260784,22.679663,25.167044,21.589714,22.96738,20.551836,16.489971,18.683928,14.8109,15.083757,18.904842,19.244759,22.568895,23.216286,26.981857,26.148315,26.072584,23.63493,24.469501,23.092316,22.155182,24.237501,21.67112,26.85124,25.121826,29.650826,31.233496,27.949842,30.502754,30.506048,34.037495,31.97501,30.258745,32.06575,33.27564,29.688217,33.840073,32.919407,30.014662,33.73796,31.604074,35.12252,30.679867,35.24885,34.392094,35.297943,30.637192,30.260824,26.732698,26.529558,24.045425,25.527721,23.594496,23.46917,25.629341,23.357527,23.33766,22.17621,17.64523,20.859024,17.586897,17.487436,19.360243,20.631796,22.702608,23.70859,27.603445,29.892162,32.33761,34.673996,35.2263,29.980213,32.651047,34.627937,33.0339,28.39989,27.36097,31.267979,33.297264,30.100965,27.37135,25.662523,21.211319,19.49028,15.579608,14.3237705
15,24.945246,22.781757,18.475307,15.355575,12.056664,9.604886,8.396461,4.67964,2.7673209,5.0740223,7.262589,10.220486,9.51476,7.7349067,4.7897863,0.0,4.651245,5.5630765,9.801001,11.8285885,15.661173,18.163258,20.460098,18.601118,21.683283,18.635946,19.808014,16.865267,13.429739,14.800287,12.572134,12.421957,17.382917,17.555012,21.53518,22.459608,25.841965,24.519985,23.692839,20.904495,21.976202,19.651405,19.251955,20.657673,18.6676,23.299936,22.457146,27.022095,28.31074,25.415024,27.395605,27.939095,30.891932,29.17379,26.842846,28.762968,29.498375,25.663044,29.65405,28.35418,25.608011,29.10461,27.100851,30.638363,26.342312,31.02816,30.11441,30.74901,26.087847,25.508549,22.05411,21.775627,19.488924,20.904015,19.429632,19.593903,22.170895,20.285942,20.808847,20.161232,15.318028,17.690643,13.738627,13.1338825,14.687748,15.9527445,17.918331,19.05706,22.9529,25.42369,27.728281,29.967186,30.574015,25.297123,27.884167,29.972277,28.548584,23.939348,22.818396,26.897282,29.013828,26.095583,23.238808,22.191822,17.16719,16.227968,12.241433,11.969677
16,21.273157,19.304522,14.597284,12.075868,9.390568,5.446422,7.3611,4.325788,6.715058,9.173963,11.283201,14.616673,13.028204,10.714075,6.693331,4.651245,0.0,5.130035,7.090141,10.056836,13.623891,15.412073,18.674568,17.919165,21.155088,18.21726,20.563812,18.256748,15.516135,17.362114,16.414396,16.738396,21.884195,22.0551,26.16038,27.042353,30.339201,29.031855,27.955135,25.030851,26.17814,23.245008,22.968594,23.667019,21.674326,25.221458,24.173307,29.210419,30.86947,28.642319,30.534653,31.649431,34.334835,33.103863,30.395935,32.43958,32.702232,28.590609,32.242786,30.156673,27.489794,30.413036,28.145943,31.353828,26.638336,31.02936,29.57362,30.32014,25.973219,25.962446,22.839203,22.836645,21.50876,22.351402,22.076189,22.166637,24.930462,22.94791,23.807747,23.663486,18.683945,21.24972,16.496717,15.7158985,15.857823,17.060066,18.24516,19.032711,22.448925,24.364424,26.832283,29.480947,29.711226,24.675022,28.030344,29.650454,27.57026,22.987488,22.948256,27.180973,29.643507,26.785513,23.673637,23.244894,18.003628,16.9272,13.68905,12.327291
17,20.592693,18.815205,15.253848,11.765706,8.062915,7.958815,4.298718,6.775015,5.391104,9.312266,12.545726,14.81348,14.740072,13.2831745,9.699671,5.5630765,5.130035,0.0,5.0872416,6.316552,10.170295,12.797501,14.904971,13.310754,16.742897,14.173415,15.999673,13.329619,11.193335,12.639175,13.301231,14.15937,19.54555,20.294022,24.348038,25.838455,28.8634,26.815762,25.267754,22.166866,22.958555,19.271791,19.067284,19.091116,17.34408,20.297726,19.812408,24.784512,26.274225,24.470348,26.031492,27.657255,29.979342,29.331934,26.346771,28.752344,28.56243,24.605349,27.682629,25.593382,22.54881,25.581297,23.100279,26.330423,21.655361,26.153494,24.941202,25.750435,21.222448,21.33371,17.973759,18.365873,17.143446,18.546679,18.605043,19.508324,22.750296,21.534624,22.814495,22.849691,17.94804,18.964956,14.19136,12.294876,12.329383,12.191832,14.0274315,14.345721,18.10862,20.210512,22.80867,25.296003,26.032875,20.995594,24.100756,26.296883,24.73933,20.255392,19.989258,24.58061,27.084896,24.817238,21.618668,22.134375,16.201786,16.560368,13.215506,13.593282
18,17.42167,16.432438,13.054436,10.381567,7.5865254,7.6203403,6.6682944,10.25167,10.337859,14.200644,16.753658,19.669771,19.235382,17.20809,13.4649515,9.801001,7.090141,5.0872416,0.0,4.7279234,6.7677703,9.285162,12.237312,12.189574,16.379017,14.720826,17.581371,15.413325,14.709109,15.690365,17.981947,18.49686,24.210686,24.519999,28.927267,30.225657,32.97479,31.010729,29.016184,25.78722,26.941061,22.59705,22.933657,22.084291,20.906332,22.401304,22.409334,27.547892,29.080597,28.058153,29.119228,31.359035,33.049637,32.835503,29.272997,31.611471,30.81614,26.493654,29.221777,26.074554,23.574734,25.597197,23.167677,25.952333,21.127026,25.263912,23.301477,23.856674,19.862238,20.335464,17.703243,18.150099,18.264496,18.658554,20.27565,20.995647,24.363008,23.173626,24.905172,25.614233,20.701565,21.77765,16.289642,14.4337635,12.592795,12.822867,13.06288,13.22395,16.045002,17.565313,20.102053,22.991028,23.156395,18.436989,22.381697,23.922901,21.654156,17.283913,18.325958,22.986315,25.848639,23.810265,20.395693,21.864302,15.835512,16.408804,14.191074,13.992884
19,15.736659,14.556513,12.540505,9.011809,5.84147,9.513973,5.1738744,11.676113,11.340028,15.055308,18.824623,20.623024,20.706789,19.475105,15.5142145,11.8285885,10.056836,6.316552,4.7279234,0.0,4.681513,6.751162,8.759401,8.192928,11.746699,10.045661,13.18842,11.7319765,11.756988,13.471077,16.688354,18.57391,23.729723,25.093338,28.924803,30.901104,33.65108,31.002565,28.972555,25.75917,26.101347,21.41386,21.2135,19.782074,18.234022,18.748188,18.392654,23.674429,25.533054,25.166746,26.34454,29.10626,30.775002,31.391817,27.957981,30.85145,29.694212,25.881895,27.63641,24.724203,21.275574,23.56448,20.32043,22.87141,17.598257,21.520542,19.83148,21.159714,17.02524,18.5669,15.556163,17.13543,17.516695,18.848778,20.654682,22.267939,25.930197,25.369,27.196371,27.724512,22.973465,22.910048,17.9287,15.130024,13.5368395,11.179347,12.590643,11.106129,14.260392,15.353,18.563446,21.469116,22.422625,18.074259,21.908947,24.154816,22.395218,18.385052,19.509817,24.462868,27.338287,25.947754,22.545979,24.705624,18.368244,19.861547,17.422258,18.064962
20,15.226487,15.196893,14.169816,11.581031,9.557155,12.909883,9.85086,15.98687,15.308787,19.27847,22.466116,24.606304,24.89192,23.360962,19.608643,15.661173,13.623891,10.170295,6.7677703,4.681513,0.0,4.7127666,5.7240763,6.808584,11.541988,11.68599,14.807134,13.4580555,14.976498,15.477536,20.189482,21.439453,26.872585,27.78819,31.922417,33.78318,36.14139,33.45842,30.919497,27.630568,28.306318,23.02936,23.504354,21.234419,20.598839,19.719736,20.475147,25.449362,26.98146,27.32033,27.746252,31.044811,31.905367,32.925198,28.925034,31.705616,29.920195,25.899984,27.177193,23.336884,20.547913,21.739407,18.726315,20.804907,15.714629,19.292276,16.913122,17.748116,14.177758,15.968643,13.83679,15.481255,17.178158,17.68037,20.86471,22.50175,26.253447,26.006655,28.254929,29.349817,24.775745,24.304234,19.053967,16.201971,13.243289,10.956877,10.762555,8.8975115,10.823148,11.369325,14.495016,17.668266,18.298624,14.374876,18.763386,20.628456,18.587631,14.963242,17.112043,22.036526,25.11366,24.261301,20.831062,24.057924,17.808872,19.960484,18.444048,19.294926
21,10.618425,10.882796,10.998299,9.154093,8.7407,12.949929,11.105835,17.290308,17.988064,21.58105,25.32092,27.289623,27.058754,25.650192,21.41571,18.163258,15.412073,12.797501,9.285162,6.751162,4.7127666,0.0,5.226231,8.573385,11.279788,11.230287,15.593487,15.679809,17.096949,18.79717,22.983183,25.105644,30.186914,31.627928,35.455692,37.51661,40.113514,37.31608,35.00831,31.759708,32.031357,26.8824,26.81057,24.531042,23.259405,21.83475,21.516666,26.754044,28.902575,29.70891,30.545145,34.045193,35.145237,36.5899,32.83548,35.872612,34.0216,30.25619,31.068691,27.28815,24.049353,25.158813,21.569206,23.065075,17.567245,20.234095,17.622519,19.364792,16.440336,19.415087,17.465446,19.704002,21.589476,22.278412,25.481737,27.185759,30.93128,30.580416,32.736183,33.691486,28.99655,28.755661,23.54417,20.691242,17.94448,15.164217,15.272999,12.697598,13.967813,13.202834,16.765867,20.18907,20.833582,17.770449,22.444546,24.09616,21.742788,18.56887,21.418898,26.243744,29.402813,28.653156,25.212036,28.483315,22.31708,24.124685,22.579905,22.841639
22,14.240133,14.737741,15.833662,13.484927,12.343968,17.198895,13.392697,20.326675,19.66975,23.380777,27.212532,28.644304,29.217276,28.156136,24.260784,20.460098,18.674568,14.904971,12.237312,8.759401,5.7240763,5.226231,0.0,4.8399243,7.830424,9.832697,13.133008,13.344757,16.228037,17.020727,22.624142,24.826855,29.62688,31.313934,34.92277,37.30315,39.53329,36.286083,33.633488,30.43673,30.425932,24.852188,24.980791,21.881124,21.23535,18.38956,19.10083,23.820456,25.61972,27.16976,27.400042,31.441048,31.90303,34.024624,30.07515,33.307114,30.920977,27.523779,27.409277,23.525751,20.079283,20.824448,16.932537,18.05281,12.55781,15.031686,12.439052,14.4335375,11.5497465,15.32701,13.597152,16.586733,19.083786,20.104109,23.789652,26.105251,29.98499,30.31759,32.69889,33.7827,29.436045,28.066284,23.323189,19.959944,17.08386,12.863671,13.147182,9.381913,10.155832,8.923981,12.917927,16.121244,17.570103,14.999802,19.209013,21.480503,19.929924,17.321825,19.925406,24.74055,27.778795,27.767109,24.494583,28.487339,22.307474,25.082026,23.658005,24.893736
23,18.063532,17.757204,18.18739,14.910968,12.634067,17.588982,12.035555,19.093668,17.25086,20.840872,24.762241,25.604218,26.817225,26.167639,22.679663,18.601118,17.919165,13.310754,12.189574,8.192928,6.808584,8.573385,4.8399243,0.0,5.7667823,7.735764,9.386914,8.739361,12.190953,12.430892,18.562294,20.8962,25.369627,27.33787,30.671478,33.278618,35.404457,31.902008,29.256536,26.132275,25.825539,20.240107,20.273726,17.058315,16.538786,13.795859,15.092704,19.633383,21.129148,22.460093,22.613445,26.609295,27.124664,29.24951,25.433764,28.8238,26.549223,23.429628,23.252121,20.02285,15.917755,17.572132,13.432408,15.286202,9.671508,13.331,11.865754,13.797853,9.664781,12.902251,10.120898,13.481492,15.270925,17.21009,20.198477,22.959145,26.877518,27.524876,29.797832,30.62995,26.509642,24.475136,20.308386,16.586636,14.4874935,8.97197,10.750815,6.515626,9.040348,9.422842,13.1879,15.722044,17.926895,14.656776,17.86817,21.019802,20.354631,17.463692,18.700247,23.607094,26.37265,26.355804,23.21446,26.86821,20.606228,23.716124,21.822308,23.786924
24,17.992298,17.287655,18.982141,15.714082,14.125715,20.033312,14.1886,21.318928,20.055775,22.97631,27.712492,27.66757,28.871109,28.850533,25.167044,21.683283,21.155088,16.742897,16.379017,11.746699,11.541988,11.279788,7.830424,5.7667823,0.0,4.6955247,6.4401755,8.971364,12.544396,14.347902,19.707573,23.495068,26.893805,29.977642,32.437847,35.610912,37.915333,33.951588,31.6981,28.808582,27.501715,22.33252,21.314428,18.060528,16.552046,12.567743,12.120369,16.693935,19.087734,21.372152,22.1299,26.445314,27.313871,30.32402,27.2081,31.10349,28.821577,26.593477,25.434563,23.114162,17.92445,20.07304,15.001662,16.06945,10.247489,12.41922,11.971574,15.639523,12.218303,16.6734,13.856487,17.90934,19.298069,22.037172,24.42005,27.569271,31.453321,32.265816,34.33263,34.76523,30.733776,28.395657,24.840042,20.948143,19.672182,13.431583,16.130634,11.656552,13.724941,13.142286,17.102322,19.327135,22.133083,19.669823,22.454145,25.906662,25.54089,23.012238,24.221462,29.044222,31.69205,31.870167,28.811712,32.342205,26.07241,29.080359,26.801641,28.691765
25,17.162682,15.507202,16.45464,12.742116,10.940203,16.922186,10.89839,17.673138,17.002544,19.463594,24.626923,24.32054,25.182453,25.4072,21.589714,18.635946,18.21726,14.173415,14.720826,10.045661,11.68599,11.230287,9.832697,7.735764,4.6955247,0.0,5.282254,8.12549,9.801673,13.331999,17.003428,21.472116,24.639244,28.07287,30.318432,33.508728,36.230362,32.430702,30.690395,27.841045,26.354227,21.795197,20.117153,17.880228,15.217573,13.252681,10.846048,16.256046,19.216492,20.494328,22.241266,25.862286,27.699165,30.081772,27.477169,31.365105,29.772223,27.481041,27.146736,25.422962,20.038305,23.043867,18.194908,19.904682,14.203911,16.890873,16.602068,19.975208,16.105032,19.733255,16.313742,19.840801,20.231155,23.258965,24.691605,27.592144,31.384527,31.760084,33.489178,33.510998,29.27937,27.559511,24.034847,20.341372,19.824492,14.104847,17.453314,13.690416,16.684048,16.718164,20.66299,23.04768,25.545336,22.369833,25.296852,28.680796,28.030128,24.900322,25.757526,30.718946,33.361317,32.92013,29.760399,32.481438,26.116926,28.481617,25.673773,27.17586
26,22.4113,20.776115,21.431732,17.478899,15.038146,20.46424,13.509784,19.711027,17.615993,19.726915,24.717276,23.592043,25.361471,26.093649,22.96738,19.808014,20.563812,15.999673,17.581371,13.18842,14.807134,15.593487,13.133008,9.386914,6.4401755,5.282254,0.0,4.9039607,7.7394247,10.451506,14.656458,19.389593,21.690107,25.617893,27.273396,30.841227,33.27208,29.039162,27.283653,24.668682,22.569096,18.138966,16.127054,13.555433,10.902727,8.191819,6.01833,11.214776,13.946335,15.484342,17.121614,20.944595,22.703356,25.512508,23.227148,27.361233,25.758854,24.177567,23.283901,22.529982,16.535507,20.303589,15.407239,17.398336,12.439956,15.435507,16.354761,19.538021,15.389142,18.445501,14.678,18.32706,18.049412,21.886393,22.604174,25.987915,29.665915,30.55049,32.182373,31.99482,28.264017,25.577196,23.042423,19.144953,19.461475,13.022129,17.272348,13.654966,16.990755,17.720219,21.227766,22.900616,25.977604,22.775755,24.641996,28.632557,28.826693,25.862,25.737013,30.479599,32.765656,32.589016,29.718937,32.30871,26.187609,28.974663,25.999971,28.274042
27,24.163465,22.640135,22.253551,18.103588,14.879973,19.365995,12.081102,17.840569,14.511968,16.955397,21.300598,20.447824,22.681334,23.187862,20.551836,16.865267,18.256748,13.329619,15.413325,11.7319765,13.4580555,15.679809,13.344757,8.739361,8.971364,8.12549,4.9039607,0.0,5.0734715,5.702642,11.348925,15.087473,18.052803,21.336697,23.532993,26.824493,29.081453,25.020205,22.960613,20.175303,18.622116,13.779145,12.439553,9.831522,7.9736233,7.2030754,7.985556,12.4121,13.817635,14.059156,15.111422,18.56856,20.160042,22.130024,19.37097,23.253038,21.83737,19.7749,19.73923,18.967474,13.357387,17.553558,13.441013,16.38951,11.960935,16.183632,16.905386,18.9064,14.170399,15.725075,11.541636,14.472904,13.48794,17.485153,17.767094,21.121155,24.773968,25.695461,27.342878,27.234482,23.60522,20.721361,18.272263,14.346804,15.04151,8.790043,13.53479,10.831951,14.843541,16.660574,19.648705,21.099375,23.94727,20.091928,21.554876,25.603977,25.998884,22.770563,21.878902,26.515638,28.640516,28.255821,25.494804,27.768705,21.798994,24.677628,21.686094,24.38119
28,24.825037,22.665382,21.32687,17.018913,13.524275,17.094612,9.909589,14.182223,10.868687,12.508339,17.292627,15.915874,18.027487,18.94936,16.489971,13.429739,15.516135,11.193335,14.709109,11.756988,14.976498,17.096949,16.228037,12.190953,12.544396,9.801673,7.7394247,5.0734715,0.0,5.799627,7.258717,12.186919,14.841513,18.57452,20.528553,23.798428,26.612654,22.850992,21.536947,18.85428,17.173971,13.534352,11.268191,10.867949,7.2909203,10.616738,9.117237,13.737938,15.485021,13.965845,16.29321,18.40108,21.259846,22.0794,20.097076,23.721254,23.338856,21.211432,22.372719,22.258524,17.04102,21.661045,18.095915,21.296776,16.998608,21.23252,21.803562,23.71495,18.881235,19.83489,15.551646,17.562675,15.465833,19.42283,18.389462,21.202524,24.579115,24.898108,26.03959,25.357985,21.557648,19.5585,17.340437,13.951035,15.806311,11.193287,15.955742,14.317076,18.680742,20.742342,23.721539,25.364279,27.804657,23.421562,25.047869,28.830614,28.889656,25.151968,23.907076,28.506079,30.552092,29.441002,26.665644,27.844782,22.003153,23.987988,20.373348,22.644142
29,28.037697,26.450443,25.009539,20.820972,17.075933,20.023548,13.093342,17.111732,12.259435,14.4900055,17.728365,16.810467,19.799953,20.302217,18.683928,14.800287,17.362114,12.639175,15.690365,13.471077,15.477536,18.79717,17.020727,12.430892,14.347902,13.331999,10.451506,5.702642,5.799627,0.0,7.809486,9.841656,13.275513,15.870254,18.491411,21.506704,23.589775,19.712793,17.488487,14.585676,13.574843,8.643109,8.07602,6.5311933,5.9768677,9.2806635,11.511305,14.595899,14.645084,12.907157,13.522143,15.811382,17.55403,18.055622,15.129813,18.588322,17.887705,15.45461,16.928602,16.859919,12.174893,16.960382,14.397701,18.140018,14.989996,19.771734,20.505125,21.312359,16.404995,15.854068,11.616529,12.817116,9.989944,14.3567,13.017993,16.27798,19.701729,20.647585,22.073313,21.773483,18.461588,15.199211,13.492341,9.7695265,11.989753,7.459742,12.397255,11.753377,16.066847,18.971931,21.132322,22.146645,24.619184,20.115181,20.77043,24.78034,25.50853,22.006233,19.81186,24.05356,25.77411,24.958881,22.49927,23.857306,18.37774,21.108093,17.897512,21.178259
30,30.820915,28.437311,26.048471,21.874964,18.17292,19.67617,13.746023,14.576067,9.896908,9.666791,13.0953,10.317362,13.747117,15.437933,14.8109,12.572134,16.414396,13.301231,17.981947,16.688354,20.189482,22.983183,22.624142,18.562294,19.707573,17.003428,14.656458,11.348925,7.258717,7.809486,0.0,6.499578,7.8647914,12.043793,13.535366,16.78911,19.91252,16.450056,15.9859915,13.69504,11.974564,10.612769,7.8908625,10.778625,7.675734,14.6312275,13.914291,16.71839,17.291912,13.30049,15.95066,15.826086,19.672522,18.459263,17.490831,20.391966,21.49091,19.628769,22.311863,23.494837,19.222439,24.328182,22.045033,25.746033,22.50879,27.067446,27.879913,29.023647,24.090391,23.497198,19.32132,19.885359,16.142168,20.085665,16.802216,18.96918,21.560127,21.578623,21.91731,20.377876,17.19777,15.455182,14.97309,12.793341,16.61161,14.40151,18.85177,18.880766,23.34323,26.175497,28.509771,29.736734,31.889507,27.031694,27.84963,31.520151,31.888128,27.927862,25.417381,29.39315,30.883255,29.150826,26.844202,26.457779,21.5939,22.79433,18.72075,21.237131
31,33.897488,31.89522,28.887283,24.963047,21.071903,21.26182,16.378231,16.087355,10.358257,10.546794,10.8728895,9.437983,13.525969,14.306443,15.083757,12.421957,16.738396,14.15937,18.49686,18.57391,21.439453,25.105644,24.826855,20.8962,23.495068,21.472116,19.389593,15.087473,12.186919,9.841656,6.499578,0.0,6.376843,6.7126093,10.57625,12.513207,15.238959,12.66833,11.57079,8.909071,9.651854,8.789174,8.88536,12.046737,11.646405,18.143574,19.324001,21.615416,21.106037,16.81256,17.970161,17.14101,20.022291,17.129667,15.486308,17.141314,18.881275,16.21239,20.612013,21.664959,19.090765,23.67933,22.801317,26.821053,24.396662,29.333523,29.837858,29.896791,25.060217,22.962822,19.304659,18.345533,13.854005,16.919611,12.360161,13.597736,15.641575,15.422276,15.506553,13.903236,11.008859,9.255043,9.786186,9.001652,13.800277,14.251811,17.58852,19.235498,23.40305,26.878773,28.409344,29.299692,30.895136,25.745789,25.967558,29.21272,29.745562,25.775846,22.316292,25.600922,26.657179,24.484453,22.607332,21.219913,17.311295,18.182318,14.264626,17.413338
32,38.446472,36.11315,33.357174,29.306505,25.550014,26.065905,20.958965,20.269993,15.229296,13.974294,14.4732275,10.806923,15.389639,17.470385,18.904842,17.382917,21.884195,19.54555,24.210686,23.729723,26.872585,30.186914,29.62688,25.369627,26.893805,24.639244,21.690107,18.052803,14.841513,13.275513,7.8647914,6.376843,0.0,6.227826,5.708313,9.468239,12.459345,8.969305,9.851292,8.827252,6.9186788,9.880964,8.099027,12.981046,11.97225,19.304148,19.800707,20.775076,19.930595,14.534704,16.437788,13.860595,17.950998,14.349817,14.888584,16.52647,19.296814,18.322975,22.043919,24.715002,21.676813,26.818102,25.869757,29.745804,27.777119,32.38959,33.572517,34.00279,29.21976,27.348373,23.601475,23.039045,18.30498,21.949266,16.781555,18.260292,19.565012,19.76056,19.172125,16.715055,15.355496,13.090622,15.592638,14.952962,19.810736,19.282495,23.136549,24.248304,28.44676,31.805822,33.437134,34.04796,36.088264,31.186197,30.901068,34.502266,35.479504,31.717964,28.02651,31.049732,31.770292,29.84239,28.306417,26.64698,23.3342,24.14339,20.298143,23.276598
33,40.451088,38.418343,35.1307,31.333784,27.493574,26.982525,22.81811,21.373285,16.036,15.217278,13.362579,11.4601555,15.820615,16.875301,19.244759,17.555012,22.0551,20.294022,24.519999,25.093338,27.78819,31.627928,31.313934,27.33787,29.977642,28.07287,25.617893,21.336697,18.57452,15.870254,12.043793,6.7126093,6.227826,0.0,5.776226,6.096839,8.6227255,7.2685747,7.439816,6.39132,8.482171,11.201846,11.974444,15.997184,16.447964,23.15215,24.708849,25.94896,24.677822,19.622135,20.34282,17.864464,20.658676,15.866367,15.455189,15.54283,18.806566,16.91827,22.159119,24.316637,22.857552,27.27824,27.38966,31.427092,29.876783,34.759674,35.515007,35.119194,30.473486,27.565992,24.345621,22.628654,17.71491,20.191864,14.335799,14.487322,14.85286,14.587262,13.451223,10.66552,10.239256,8.602694,12.400223,13.368498,18.327415,19.949928,22.690142,24.974552,28.837435,32.570423,33.59544,34.041206,35.475826,30.404652,29.805866,32.835682,33.781956,30.055536,25.786991,28.084948,28.413086,26.013447,24.93096,22.219582,20.11193,20.357712,16.948929,20.104185
34,43.854786,41.5376,38.50896,34.568375,30.81246,30.727348,26.185122,24.70008,19.769224,18.147343,17.07366,13.5929,18.037952,20.091497,22.568895,21.53518,26.16038,24.348038,28.927267,28.924803,31.922417,35.455692,34.92277,30.671478,32.437847,30.318432,27.273396,23.532993,20.528553,18.491411,13.535366,10.57625,5.708313,5.776226,0.0,4.619667,7.3729978,4.8188076,8.017267,8.875245,8.042587,13.15383,12.468739,17.260056,17.129272,24.17732,25.100462,25.38761,23.960146,18.316582,19.612627,15.840373,19.53537,14.38314,16.008038,16.23737,20.125278,19.731575,24.02634,27.355877,25.277905,30.1564,29.995949,33.882977,32.54278,37.149036,38.42954,38.450428,33.806614,31.28284,27.880976,26.69255,21.713217,24.832417,18.935118,19.64109,19.826921,19.978962,18.62564,15.562305,15.881174,13.898088,17.982063,18.393204,23.391426,23.877272,27.23198,28.91536,32.90427,36.48942,37.72601,38.03662,39.898487,35.012947,34.18143,37.574688,38.810356,35.195034,30.94209,33.2694,33.480427,31.385044,30.400387,27.846716,25.74901,26.12797,22.639599,25.611908
35,46.014576,43.786625,40.33268,36.596413,32.85339,31.985231,28.22644,25.956257,21.158974,19.4909,16.99523,14.417239,18.448742,20.013002,23.216286,22.459608,27.042353,25.838455,30.225657,30.901104,33.78318,37.51661,37.30315,33.278618,35.610912,33.508728,30.841227,26.824493,23.798428,21.506704,16.78911,12.513207,9.468239,6.096839,4.619667,0.0,4.3108206,5.8839345,8.980323,10.157104,11.371014,16.028492,16.29149,20.775196,21.053188,27.989079,29.188692,29.762243,28.271507,22.7439,23.65476,19.972359,23.064983,17.360008,18.531696,17.760397,21.946686,21.06414,26.181978,29.159418,27.948118,32.409283,32.769764,36.7428,35.50859,40.277267,41.275692,40.89373,36.303406,33.28119,30.151922,28.361958,23.377298,25.728765,19.607658,19.332397,18.714558,18.33196,16.35247,12.892041,14.235987,13.439279,17.957975,19.359009,24.265192,25.982502,28.70817,31.015972,34.84553,38.599567,39.54692,39.834053,41.281994,36.27966,35.37312,38.333977,39.442604,35.81503,31.317648,33.152157,33.10436,30.610674,29.949448,26.528627,25.384197,25.117916,21.957687,24.677204
36,49.068634,47.029186,43.700653,39.92892,36.104187,35.389366,31.431793,29.608398,24.521488,23.279772,20.626686,18.49608,22.53814,23.814377,26.981857,25.841965,30.339201,28.8634,32.97479,33.65108,36.14139,40.113514,39.53329,35.404457,37.915333,36.230362,33.27208,29.081453,26.612654,23.589775,19.91252,15.238959,12.459345,8.6227255,7.3729978,4.3108206,0.0,5.2433796,7.956424,10.179115,12.003602,16.88507,17.922983,21.985815,23.125343,29.551239,31.513174,31.580484,29.528969,24.179638,24.295622,20.415545,22.64908,16.411215,17.738428,15.995847,20.556091,20.15577,25.336414,28.708069,28.254839,32.37738,33.38792,37.28059,36.710346,41.392056,42.520786,41.747112,37.385506,33.869102,31.111027,28.95743,23.981092,26.033493,19.750751,19.299868,18.016636,18.179764,16.112803,12.918416,15.538669,13.862242,19.230251,20.844204,25.581627,27.559872,29.947313,32.51401,36.048996,39.936012,40.489998,40.40977,41.82879,37.045357,35.54349,38.43535,39.94378,36.648315,31.760664,33.030685,32.563328,30.32562,30.130083,26.633415,26.266832,26.292706,23.65946,26.749784
