,0,1,2,3,4,5,6,7,8,9,10,11,12,13,14,15,16,17,18,19,20,21,22,23,24,25,26,27,28,29,30,31,32,33,34,35,36,37,38,39,40,41,42,43,44,45,46,47,48,49,50,51,52,53,54,55,56,57,58,59,60,61,62,63,64,65,66,67,68,69,70,71,72,73,74,75,76,77,78,79,80,81,82,83,84,85,86,87,88,89,90,91,92,93,94,95,96,97,98,99,100,101,102,103,104,105,106,107,108,109
0,0.0,4.7249365,6.702505,9.071804,12.267888,13.784911,17.380507,21.652538,22.8704,27.619495,30.613989,34.700283,32.75026,30.574902,26.638002,24.518095,20.332323,19.896637,15.581592,14.128469,11.471419,11.717988,12.298119,10.206425,12.957389,16.068773,18.199892,16.711103,17.879625,16.230639,19.27854,17.087664,23.982044,20.628927,25.146873,26.733097,27.17009,27.252563,22.599075,18.96808,24.545412,21.161018,23.247803,22.89134,21.36312,21.19835,22.334383,21.016788,24.975023,28.718182,29.482552,28.170769,30.119741,31.984968,29.05598,32.03229,29.406075,31.26826,35.66677,32.64091,28.97138,30.05495,27.432522,27.772284,25.544641,26.318384,27.89117,32.839657,33.637806,34.20324,32.948853,35.302486,31.979376,36.04612,33.736816,37.746235,37.96699,38.858643,42.217148,42.742653,39.38697,36.20423,33.7437,30.947906,29.379309,26.004047,21.532686,16.504438,16.60878,13.779848,13.827353,12.534075,15.077018,18.677336,20.335775,22.012354,21.670086,25.50676,24.699448,27.83495,29.69323,32.77038,36.25758,35.989273,33.830536,31.483963,29.558891,29.954845,25.931273,28.722834
1,4.7249365,0.0,5.254507,6.350113,8.764153,11.832506,13.990052,19.239723,20.009315,25.204927,28.203794,32.277485,30.83201,28.914104,25.050259,22.615532,18.754177,17.555668,13.608854,11.133658,9.849411,8.484116,10.972647,8.30982,12.451371,15.028622,15.668869,14.385828,14.768848,14.547579,16.481174,15.826608,22.604015,20.014603,24.465212,26.331295,27.453869,27.175037,22.703125,18.907753,23.679483,20.010294,21.34292,20.295712,19.507437,18.489742,20.21775,17.96274,22.36844,25.691324,26.76914,24.90063,27.669271,29.117977,26.478586,29.53714,26.470419,28.60329,32.73527,29.72528,26.117409,26.906775,23.945885,24.627913,22.011244,23.709558,24.845488,29.559586,29.859432,30.503958,28.870586,31.331413,28.028257,32.173782,30.001305,33.992405,34.420944,35.139656,38.742104,39.236195,35.66956,32.31896,29.67687,26.927572,25.302185,22.087008,17.210335,12.315032,12.049842,9.061722,9.38762,8.294008,11.312137,14.758598,16.078775,17.456577,16.965227,20.823683,20.047508,23.271769,25.191511,28.393147,31.968836,31.437044,29.23219,26.803268,24.86251,25.256289,21.28626,24.248825
2,6.702505,5.254507,0.0,5.0556164,7.0478873,7.9590325,11.674709,15.505217,17.29818,21.45902,25.35293,29.132332,27.015413,25.273285,20.941404,19.257456,15.176704,15.033955,11.386892,10.691043,9.987795,11.404084,14.125742,12.79341,16.638102,18.549314,19.355143,16.98425,16.406845,15.601649,16.063911,14.713488,20.237772,16.566914,21.405191,22.60138,24.016203,24.318539,19.837938,16.5276,22.025425,19.451551,20.344896,20.64273,20.962215,20.228586,22.802462,21.000856,25.494083,28.675226,29.15026,26.623158,29.115612,29.70778,26.496975,29.034592,25.653488,27.05158,31.034903,27.43193,23.876932,24.13025,21.367561,21.290829,19.087278,19.620201,21.374063,26.345358,27.322247,27.820492,26.94985,29.377626,26.396927,30.624542,28.782787,32.95791,33.65267,34.91276,38.42653,39.56398,36.568054,33.3496,30.56672,27.290735,25.331564,21.438309,17.374674,12.674734,12.389439,10.730998,10.058331,11.082504,12.871356,15.763562,17.545591,18.490602,18.314041,22.646482,21.319923,25.38026,26.363268,30.206781,34.25793,33.18405,30.622545,28.542807,25.505444,25.956984,21.647532,24.085133
3,9.071804,6.350113,5.0556164,0.0,3.721344,6.128814,8.543362,13.419241,13.946039,19.334455,21.928095,26.054081,24.683565,22.65078,19.042835,16.313595,12.548613,11.233086,7.331334,5.693825,5.5565724,7.582268,10.743197,10.613444,14.354193,15.193547,15.58247,12.596225,11.553407,10.941779,11.1082,10.404526,16.460205,14.133471,18.472479,20.471214,22.017374,21.55121,17.300343,13.622851,18.068262,14.996984,15.692671,15.599761,16.175117,15.336207,18.273008,16.70255,21.13522,24.232124,24.38148,21.743338,24.119663,24.66671,21.504177,24.16914,20.925764,22.641537,26.808958,23.669104,20.022863,21.14515,18.664114,19.531813,18.205814,19.59714,21.727444,26.302439,26.382153,26.186457,24.913403,26.733782,23.181702,27.117863,24.782072,28.844912,29.206226,30.36262,33.75627,34.745342,31.804676,28.704731,26.097633,22.842192,21.051937,17.282875,13.55101,8.626723,9.686278,8.812307,10.0181465,11.406605,14.205264,16.750248,17.661404,17.67787,16.567556,20.54362,18.197012,22.21868,22.635527,26.31561,30.428072,29.735071,27.211645,25.972973,22.806356,24.050863,20.060392,23.200468
4,12.267888,8.764153,7.0478873,3.721344,0.0,5.318185,5.234421,11.018479,11.3801155,16.819466,19.836876,23.769415,22.684416,21.07161,17.415709,14.736804,11.507698,9.69407,7.0789495,5.221566,7.787757,8.819107,13.062018,12.827934,16.90068,17.288021,16.520536,13.658516,11.41362,12.2492285,10.192551,11.28322,16.037985,14.25861,18.409758,20.308897,22.570103,22.032663,18.174843,14.84098,18.445057,15.745365,15.342512,15.080161,16.922932,15.36903,19.032965,16.821352,21.460472,23.978449,24.219435,20.826075,23.881842,23.62503,20.609545,23.068151,19.216093,20.873722,24.613781,21.213657,17.689556,18.142818,15.2964325,16.264091,14.697921,16.724241,18.600557,22.958307,22.75924,22.575006,21.205153,23.145092,19.747696,23.854239,21.844652,25.987356,26.723072,27.928188,31.54683,32.772858,29.862535,26.65955,23.802143,20.366974,18.336447,14.390887,10.624625,6.1978006,6.81246,7.259056,8.328973,11.003941,13.265298,15.092056,15.75322,15.149499,14.018546,18.105219,15.517287,19.995562,19.996637,24.08726,28.44345,27.23277,24.520113,23.362503,19.669485,20.947739,16.915659,19.961481
5,13.784911,11.832506,7.9590325,6.128814,5.318185,0.0,6.0755525,7.915679,9.852844,13.846999,17.510975,21.233242,19.150105,17.376762,13.228986,11.333637,7.4002976,7.6985397,5.421895,7.595861,9.041435,12.9287615,15.955179,16.617987,20.054028,20.250261,20.50604,16.820766,14.647995,13.795215,11.325069,10.295901,13.338161,9.917982,14.575597,15.746303,18.098194,18.207687,14.311476,11.646893,16.259195,15.044299,14.630394,16.396942,18.66601,18.069035,21.869007,20.761288,25.028843,27.697046,27.168055,23.738676,25.784313,25.036764,21.314169,23.105362,19.43967,20.04487,23.838806,19.935059,16.444065,16.851934,14.8440075,14.854676,14.739793,14.70546,17.930256,22.494354,23.114859,22.422056,22.137867,23.648651,20.507547,24.375378,22.497725,26.69046,27.400244,29.250082,32.45949,34.283997,32.162823,29.333416,26.641195,22.835102,20.694353,16.221664,14.188567,10.580826,11.577919,12.50557,12.801316,15.71272,17.405346,19.137205,20.227644,19.582178,18.732296,22.865673,19.884104,24.629658,23.787567,28.08249,32.635582,31.319859,28.45107,27.82648,23.44016,24.867533,20.789125,23.275257
6,17.380507,13.990052,11.674709,8.543362,5.234421,6.0755525,0.0,6.898771,6.5788364,12.1446295,15.248165,18.942635,18.248043,17.047705,13.710782,10.972273,8.949206,6.619327,6.892315,6.7627883,10.835632,12.508923,16.709898,17.23759,21.024502,20.553782,19.131197,15.901608,12.442063,13.92339,9.047823,11.627132,13.73427,12.938474,16.383162,18.142315,21.235607,20.547194,17.479815,14.910945,17.157946,15.522067,13.647864,14.051787,17.671581,15.879608,20.374992,18.318996,22.69967,24.522104,24.271736,20.005394,23.162445,21.598299,18.48723,20.298782,15.84157,16.9702,20.178589,16.391066,13.0398245,12.9275255,10.129984,11.434074,11.065737,13.398468,15.762191,19.557066,18.903294,17.994308,16.890907,18.34556,14.950416,19.013811,17.266382,21.503359,22.571272,24.164574,27.77273,29.571112,27.211946,24.199745,21.248383,17.39379,15.06756,10.601692,8.624227,6.5750837,7.555172,10.229473,11.211972,14.825357,16.41131,17.209879,17.441004,15.729191,14.380933,18.114765,14.550414,19.52876,18.105783,22.663599,27.375883,25.672987,22.698524,22.471214,17.686914,19.518978,15.781022,18.57408
7,21.652538,19.239723,15.505217,13.419241,11.018479,7.915679,6.898771,0.0,4.7273693,5.9905195,11.14846,14.071595,12.035953,11.246728,7.118818,6.2059207,5.470228,6.4737234,9.145516,12.0624275,15.137277,18.667326,22.061016,23.227318,26.604004,25.909433,25.19794,21.340363,17.919813,18.085205,12.702389,13.55186,11.831048,10.067014,12.986062,13.404879,17.322298,17.387745,15.176888,14.209079,16.342669,16.999651,14.540673,17.267336,21.593964,20.654741,25.29048,24.210152,28.152285,29.881382,28.822453,24.388361,26.508265,23.953312,20.240156,20.832409,16.522854,15.828842,18.43647,13.678126,10.831072,9.656239,8.529949,7.931402,10.734166,9.964995,14.294183,17.7805,18.080524,16.215754,16.938028,17.576889,15.000678,18.468084,17.356161,21.456978,22.742931,25.261518,28.280762,31.041096,29.881018,27.449532,24.744043,20.582207,18.19358,13.527706,14.226832,13.309764,14.245818,16.941917,17.163734,21.057554,22.024141,22.549025,23.15625,21.34994,20.42627,24.035887,20.262217,25.35034,22.869762,27.580881,32.44054,30.423973,27.305607,27.773249,22.204971,24.097908,20.57371,22.396902
8,22.8704,20.009315,17.29818,13.946039,11.3801155,9.852844,6.5788364,4.7273693,0.0,7.1645575,8.677828,12.447364,12.300077,11.104542,9.111948,5.7036824,6.600406,4.4701724,8.553508,10.651816,14.362414,17.360441,20.666388,22.333221,25.402502,24.017557,22.763538,18.906164,15.046316,15.884003,9.453653,11.977856,9.89911,10.88966,12.5952215,14.272632,18.038103,17.027395,15.310768,14.056451,14.2702,14.518629,11.220417,13.420581,18.443758,17.249247,22.09958,21.155987,24.750536,26.102846,24.802717,20.16331,22.304123,19.377096,15.848399,16.450203,11.903425,11.628577,14.476634,10.232033,6.9140706,7.544208,6.92545,8.868495,12.177492,13.368083,16.948423,19.713022,18.675663,16.149656,15.940408,15.7242155,12.148731,15.237419,13.316485,17.416462,18.354424,20.756828,23.772747,26.379599,25.233543,22.918587,20.38252,16.21486,13.981029,9.405962,11.396372,11.465848,13.27484,16.44522,17.672821,21.322485,22.84979,23.280876,23.249706,20.910217,19.277948,22.273386,17.737862,22.528303,19.419014,23.870932,28.694267,27.038452,24.025606,25.346113,19.861141,22.505995,19.523785,21.996208
9,27.619495,25.204927,21.45902,19.334455,16.819466,13.846999,12.1446295,5.9905195,7.1645575,0.0,7.931553,9.118614,6.927803,7.7822647,5.246208,6.62074,9.176629,10.403561,14.24418,17.272953,20.495035,24.035147,27.316164,28.812492,32.010204,30.866905,29.876297,25.952044,22.196373,22.56064,16.450502,17.71934,13.311761,12.915488,13.8991995,13.496725,18.020947,18.122759,17.406965,17.659948,18.141195,20.097198,16.799122,20.079502,25.19047,24.304798,29.125837,28.312428,31.8501,33.030945,31.541851,26.760553,28.564936,24.911768,21.369884,20.878283,16.677261,14.671931,15.825642,10.590428,9.214376,6.3187594,7.652035,6.261164,11.983026,10.300779,14.917118,16.904593,16.979523,13.889922,15.814632,15.234876,13.569395,16.003115,15.718005,19.304474,20.934753,24.020815,26.567486,30.07945,29.898285,27.988588,25.515882,21.377413,19.084103,14.9386425,17.566427,18.03661,18.980429,22.161993,22.384491,26.482735,27.156319,27.15221,27.516922,25.20648,24.270617,27.356201,23.269073,28.222393,24.731888,29.407553,34.27244,31.934805,28.79388,30.107811,24.052443,26.207525,23.31319,24.57443
10,30.613989,28.203794,25.35293,21.928095,19.836876,17.510975,15.248165,11.14846,8.677828,7.931553,0.0,4.660891,6.9844675,5.9602227,8.926882,6.8890967,11.179269,10.794402,15.245156,18.090248,21.069994,24.761684,27.144314,29.69916,32.016037,29.843504,28.856718,24.706053,20.978836,21.101568,14.895729,16.552334,10.06618,13.408991,11.720953,12.840613,16.792091,15.336069,16.154062,16.87276,14.183915,16.928352,12.872748,16.594845,22.118082,21.74939,26.3695,26.65745,29.178917,29.973446,27.55739,23.046972,23.587193,19.267561,15.773614,14.220637,11.002715,7.6882367,8.815807,4.5848184,4.189035,7.041844,10.724277,12.356548,18.090115,18.006414,22.1118,23.483675,22.136719,18.094402,18.970219,16.568405,13.671487,14.162857,12.317461,15.065992,15.432005,18.878138,20.448702,24.113707,24.918522,23.843544,22.22049,18.39073,16.836992,13.699923,18.265001,19.388775,21.563202,24.878061,26.307669,29.916391,31.47651,31.701387,31.467466,28.738049,26.909674,29.193512,24.134657,28.350187,23.93224,27.76872,32.34053,30.942524,28.140755,30.971067,25.296614,28.517841,26.379993,28.509129
11,34.700283,32.277485,29.132332,26.054081,23.769415,21.233242,18.942635,14.071595,12.447364,9.118614,4.660891,0.0,5.5112147,6.8202744,10.5688,10.542354,14.886513,15.127897,19.587767,22.49575,25.575357,29.200108,31.755058,34.17913,36.62349,34.48609,33.34923,29.294989,25.46764,25.76104,19.471905,21.124329,14.302693,17.029675,15.050855,15.14109,19.19588,18.217264,19.655857,20.924187,18.260029,21.445715,17.420551,21.051765,26.66493,26.209461,30.845413,31.009928,33.47036,33.964603,31.534208,26.884598,27.462492,22.665192,19.592,17.472961,14.609345,10.885553,9.82146,6.088994,7.981312,8.093743,12.428332,13.2026615,19.46454,18.760527,22.753807,23.268559,22.019321,17.564287,19.296856,16.322792,14.651633,14.249785,13.634058,15.589824,16.453646,20.179012,21.310322,25.540089,27.044102,26.307245,24.786692,21.153196,19.642529,16.95379,21.819935,23.400038,25.19224,28.676023,29.770325,33.619915,34.803318,34.7001,34.486076,31.607632,30.01271,32.151543,27.251081,31.44307,26.70182,30.555983,35.06472,33.26985,30.46426,33.48667,27.569792,30.640789,28.775034,30.341309
12,32.75026,30.83201,27.015413,24.683565,22.684416,19.150105,18.248043,12.035953,12.300077,6.927803,6.9844675,5.5112147,0.0,3.8276284,6.473869,8.856883,12.648204,14.485242,18.492325,22.168907,24.775139,29.110521,31.610281,33.834747,36.43231,34.80562,34.30765,30.005526,26.463171,26.002436,20.240665,20.578745,13.870987,14.463679,13.151298,11.843561,16.19866,16.35193,17.436646,19.13891,18.176311,21.743093,18.406336,22.785381,27.906372,27.769564,32.369106,32.553158,35.44679,36.541492,34.26287,29.78649,30.320318,26.208511,22.543137,20.930021,17.967335,14.544743,14.834839,10.525525,10.759802,9.906394,13.317368,12.465892,18.622952,16.209122,20.947718,22.147577,22.214926,18.372452,20.83555,18.93365,17.57029,18.330679,17.910696,20.50044,21.513107,25.122173,26.538603,30.566729,31.626925,30.516407,28.680988,24.75879,22.915499,19.385437,23.16797,23.762537,25.29143,28.440975,28.997505,32.933254,33.87977,34.02089,34.33036,31.91879,30.738958,33.537384,29.014685,33.66535,29.53877,33.789013,38.496555,36.54116,33.556396,35.747524,29.699362,32.270996,29.750044,31.048866
13,30.574902,28.914104,25.273285,22.65078,21.07161,17.376762,17.047705,11.246728,11.104542,7.7822647,5.9602227,6.8202744,3.8276284,0.0,5.414171,6.4253554,10.254925,12.206114,15.997275,19.957424,22.108875,26.870361,28.88665,31.4505,33.707024,31.9546,31.880716,27.37934,24.132172,23.071447,17.816717,17.446188,10.35042,11.289281,9.396693,8.51745,12.806755,12.612539,13.804728,15.661385,14.489583,18.347403,15.306626,20.176973,24.947914,25.239344,29.62844,30.297394,33.016743,34.405552,31.900164,27.789326,27.775896,24.109755,20.111143,18.648855,16.12869,12.796202,14.264009,10.406319,9.749738,10.9124365,14.066666,13.899109,19.694958,17.61,22.547329,24.400253,24.362045,20.686329,22.532352,20.751179,18.531885,19.471994,18.13988,20.900837,21.294497,24.791655,26.100325,29.794125,30.70919,29.611889,27.936848,24.010185,22.307129,18.647799,22.235926,22.290817,24.280558,27.188753,28.09398,31.747011,33.119205,33.647976,33.96799,31.71381,30.290005,33.17262,28.454556,33.01491,29.073309,33.132664,37.793896,36.329285,33.42135,35.65592,29.866493,32.646324,29.961689,31.761555
14,26.638002,25.050259,20.941404,19.042835,17.415709,13.228986,13.710782,7.118818,9.111948,5.246208,8.926882,10.5688,6.473869,5.414171,0.0,4.981463,7.044338,10.172247,13.350909,17.459423,19.610292,24.339705,26.799536,28.744383,31.480509,30.3858,30.391096,26.018656,22.850725,21.849573,16.810175,16.131432,11.005533,9.204244,9.975612,8.593418,13.118009,13.853327,13.281398,14.362505,15.57635,18.440372,15.926385,20.380587,24.802809,24.786602,29.255116,29.2853,32.63596,34.375916,32.4697,28.26755,29.054867,25.979895,21.872915,21.317772,17.991371,15.647934,17.71807,13.050464,11.300281,10.864282,12.439161,11.175677,16.096056,13.239899,18.451029,21.109634,21.880182,19.048786,20.982817,20.388577,18.332499,20.496386,19.488905,22.950508,23.86516,27.062824,29.132252,32.531097,32.576756,30.860924,28.671242,24.532623,22.43867,18.14216,20.402737,19.757084,21.197716,23.83316,24.15856,27.918903,28.951387,29.55744,30.25475,28.393244,27.399136,30.790386,26.625917,31.548058,28.331196,32.802845,37.622116,35.813545,32.74677,34.02134,28.223904,30.435183,27.227386,28.788113
15,24.518095,22.615532,19.257456,16.313595,14.736804,11.333637,10.972273,6.2059207,5.7036824,6.62074,6.8890967,10.542354,8.856883,6.4253554,4.981463,0.0,4.3880816,5.8739805,9.696305,13.593689,15.931663,20.530739,22.80234,25.123577,27.607342,26.106863,25.957405,21.524546,18.292562,17.385447,12.089219,11.918004,6.795387,7.15933,7.741593,8.752453,12.818474,12.179946,11.227844,11.423626,11.611031,13.903861,11.051847,15.415811,19.964607,19.949608,24.428064,24.662634,27.812674,29.54335,27.519453,23.431328,24.100592,21.23247,17.05595,16.853699,13.509971,11.742752,14.825416,10.683565,7.9213777,9.757358,11.14744,11.7013855,16.214903,15.234773,19.903715,22.713665,22.496975,19.553806,20.379679,19.564377,16.439526,18.607836,16.620838,20.215372,20.611185,23.542604,25.697903,28.6731,28.414335,26.66268,24.613377,20.533741,18.625614,14.388125,16.822367,16.157213,18.276329,20.960476,22.050879,25.5145,27.151016,27.956364,28.285345,26.26074,24.74412,27.877436,23.303623,27.966745,24.712,28.89199,33.6181,32.308468,29.37586,30.989847,25.520538,28.186369,25.13828,27.413792
16,20.332323,18.754177,15.176704,12.548613,11.507698,7.4002976,8.949206,5.470228,6.600406,9.176629,11.179269,14.886513,12.648204,10.254925,7.044338,4.3880816,0.0,4.4837055,6.409278,10.875038,12.583917,17.633268,19.812002,21.870108,24.4638,23.479906,23.836592,19.394718,16.651928,15.155652,10.998682,9.523818,7.442248,4.694096,8.100239,9.215247,12.505922,12.344699,9.747753,8.878914,11.577609,12.806625,11.174416,15.174652,18.76213,18.881134,23.090605,23.190737,26.689457,28.957691,27.299324,23.588694,24.437057,22.55211,18.28882,18.926039,15.652912,14.855734,18.53528,14.584076,11.364653,12.861897,12.88795,13.0874815,16.094364,15.014177,19.560425,23.20578,23.485388,21.336102,21.851246,21.908098,18.664406,21.528221,19.428757,23.30397,23.673548,26.229351,28.701927,31.209156,30.288006,28.163965,25.92658,21.882172,19.894892,15.39171,16.22262,14.281535,16.298393,18.358793,19.271875,22.471247,24.228323,25.474676,26.129892,24.636604,23.304647,26.866282,22.736317,27.478289,25.078632,29.298458,33.994133,32.81427,29.892988,30.742268,25.63271,27.921623,24.415356,26.836908
17,19.896637,17.555668,15.033955,11.233086,9.69407,7.6985397,6.619327,6.4737234,4.4701724,10.403561,10.794402,15.127897,14.485242,12.206114,10.172247,5.8739805,4.4837055,0.0,4.5492477,7.7629366,10.577055,14.694007,17.224714,19.40069,22.031818,20.621891,20.243029,15.93263,12.689257,12.18579,6.8156886,7.6184344,7.1292524,7.7601504,10.103615,12.550344,15.519257,14.278179,11.82014,9.895971,10.919326,10.667739,8.30275,11.18471,15.316184,14.868547,19.371992,19.162575,22.65545,24.675873,23.145344,19.22064,20.561544,18.676641,14.670253,15.830242,12.157506,12.379883,16.39282,12.988939,9.341013,11.778304,11.322806,12.981588,15.505996,16.247614,20.015789,23.395313,22.708694,20.507023,20.083271,20.017466,16.121367,19.023022,16.389114,20.322092,20.510565,22.682623,25.42512,27.546673,26.198277,23.917059,21.661493,17.690313,15.79903,11.413715,12.285073,10.701856,13.300434,15.68193,17.3499,20.399658,22.554499,23.688791,23.842175,22.008505,20.195488,23.38329,18.895477,23.420574,20.92722,24.970102,29.613441,28.666092,25.84069,26.97536,22.111523,24.769184,21.553513,24.4978
18,15.581592,13.608854,11.386892,7.331334,7.0789495,5.421895,6.892315,9.145516,8.553508,14.24418,15.245156,19.587767,18.492325,15.997275,13.350909,9.696305,6.409278,4.5492477,0.0,4.827146,6.3441186,11.32602,13.471841,15.558177,18.148035,17.242626,17.630968,13.274077,10.961547,9.386508,6.6469917,5.1940823,9.194673,8.049871,11.639,14.176293,16.153387,15.129019,11.51436,8.311812,11.492966,9.740137,9.359314,11.384976,13.78712,13.683147,17.586346,17.433018,21.165144,23.869347,22.697485,19.510918,20.772766,20.19774,16.286942,18.220617,15.133792,16.08169,20.471254,17.436937,13.752726,16.08268,14.933617,16.272697,17.438715,18.188835,21.627213,25.62344,25.301085,23.77696,23.043137,23.612614,19.682716,22.910055,20.146248,24.08619,24.076101,25.83491,28.677029,30.244656,28.318785,25.79675,23.541473,19.854214,18.108833,13.947732,12.944578,9.600959,12.280145,13.570302,15.355242,17.740673,20.321407,22.100431,22.52509,21.36197,19.642576,23.134062,19.203403,23.513594,22.077394,25.8727,30.306683,29.729431,27.051218,27.45406,23.268806,25.560118,22.013714,25.208063
19,14.128469,11.133658,10.691043,5.693825,5.221566,7.595861,6.7627883,12.0624275,10.651816,17.272953,18.090248,22.49575,22.168907,19.957424,17.459423,13.593689,10.875038,7.7629366,4.827146,0.0,4.7054296,6.9530516,10.214538,11.754297,14.821826,13.98193,13.397599,9.590119,7.0553613,7.414101,5.4880276,7.111861,12.864768,12.840871,16.0571,18.905567,20.75768,19.367887,15.821953,12.191775,14.445211,10.981055,10.791051,10.093622,11.830979,10.62301,14.480323,13.251717,17.449337,20.142132,19.725883,16.61675,18.938147,19.033213,15.903399,18.635159,15.40801,17.513294,21.784443,19.252756,15.60814,17.785143,15.81489,17.83637,17.72037,19.944355,22.356548,26.256586,25.337336,24.293133,22.643946,23.611355,19.46606,22.912075,20.017288,23.89585,23.889065,24.975327,28.223845,29.148516,26.38633,23.47282,21.073868,17.767132,16.175674,12.582515,9.893518,5.6483216,8.786284,9.641281,12.318757,14.1353035,17.230803,19.082476,19.094297,17.976141,15.917334,19.185015,15.494545,19.436882,18.784134,22.306698,26.544477,26.189686,23.689407,23.684172,20.227621,22.454554,19.054472,22.741022
20,11.471419,9.849411,9.987795,5.5565724,7.787757,9.041435,10.835632,15.137277,14.362414,20.495035,21.069994,25.575357,24.775139,22.108875,19.610292,15.931663,12.583917,10.577055,6.3441186,4.7054296,0.0,6.522333,7.3667045,9.714881,11.887142,11.437432,12.828121,8.7458935,8.511716,5.729326,8.325066,6.2198825,13.805778,12.934756,16.301987,19.196747,20.04058,18.75947,14.722433,10.640918,14.11789,10.161055,11.893756,11.714019,11.210526,11.41147,13.939886,13.8983345,17.617952,21.112125,20.513178,18.59215,19.771769,21.0126,17.723974,20.601934,18.337973,20.327751,25.013094,22.758831,19.077604,21.780933,20.150896,21.811632,21.749575,23.216658,25.904758,30.151981,29.670584,28.708475,27.263842,28.222721,24.056017,27.343485,24.221073,27.961224,27.547874,28.60292,31.502129,32.15745,29.443712,26.726807,24.678827,21.656473,20.35416,17.021473,14.342544,9.773415,12.502897,12.050083,14.537656,15.296544,18.775595,21.314558,21.672392,21.249918,19.3691,22.641396,19.410564,22.84761,22.747492,25.775047,29.662722,29.877066,27.603281,27.395529,24.496801,26.545193,23.072193,26.757792
21,11.717988,8.484116,11.404084,7.582268,8.819107,12.9287615,12.508923,18.667326,17.360441,24.035147,24.761684,29.200108,29.110521,26.870361,24.339705,20.530739,17.633268,14.694007,11.32602,6.9530516,6.522333,0.0,5.3380275,5.1869626,8.834724,8.9787445,8.085776,6.2616634,6.6669436,7.977488,10.538,11.802467,19.018044,18.974108,22.194508,25.213484,26.401459,24.893202,21.092024,17.045233,19.402346,14.652618,15.755061,13.001163,11.835416,10.195603,12.04357,9.699697,14.155671,17.45108,18.295807,16.593382,19.39993,21.256279,19.181253,22.656422,20.119268,23.063004,27.318691,25.427958,21.91176,24.083836,21.633978,23.800825,22.371574,25.326838,26.785746,30.767733,29.653265,29.327148,26.943993,28.411814,24.291021,27.762356,24.779106,28.34496,28.111513,28.368822,31.751131,31.68728,27.968176,24.787554,22.56961,20.23525,19.168842,16.804747,12.414316,7.936641,9.91658,8.228673,11.661741,11.1046715,15.185204,17.698425,17.45081,17.261255,15.127795,17.866938,15.517585,18.082438,19.371645,21.864536,25.299679,25.713854,23.773264,22.780882,21.129162,22.83024,19.722277,23.784037
22,12.298119,10.972647,14.125742,10.743197,13.062018,15.955179,16.709898,22.061016,20.666388,27.316164,27.144314,31.755058,31.610281,28.88665,26.799536,22.80234,19.812002,17.224714,13.471841,10.214538,7.3667045,5.3380275,0.0,4.7703214,4.8762803,4.486369,7.245466,5.1817656,8.544948,6.848008,12.622328,11.9380665,19.796156,19.932331,22.679436,25.967014,26.248968,24.504086,20.750412,16.658585,18.88291,13.718233,16.221823,13.706717,10.211343,10.321764,10.178926,10.146322,13.207107,17.358572,17.649843,17.487085,18.665522,21.768324,19.675081,23.259026,21.851618,24.779924,29.44016,28.10169,24.579348,27.662603,25.780584,27.999273,27.197458,29.612123,31.555746,35.661476,34.65219,34.0147,31.777487,32.84324,28.469452,31.548458,28.10864,31.423746,30.579126,30.782263,33.64206,33.222206,29.710064,26.941381,25.313986,23.307882,22.653597,20.573273,17.025055,12.822798,15.211322,13.463209,16.64492,15.466638,19.65083,22.50531,22.369993,22.43566,20.255402,22.61184,20.173529,22.083256,23.29912,25.07398,28.035624,29.314938,27.690065,27.152687,25.913015,27.84547,24.94716,29.082508
23,10.206425,8.30982,12.79341,10.613444,12.827934,16.617987,17.23759,23.227318,22.333221,28.812492,29.69916,34.17913,33.834747,31.4505,28.744383,25.123577,21.870108,19.40069,15.558177,11.754297,9.714881,5.1869626,4.7703214,0.0,4.849178,7.3957615,8.243229,8.434554,10.928826,11.00625,15.366172,15.420075,23.176546,22.59667,25.962912,28.893217,29.505398,28.15753,24.118195,19.982475,22.921236,17.960415,19.953592,17.189644,14.438151,13.512168,13.525178,11.608282,15.260758,19.019268,20.371138,19.907087,22.235352,25.093504,23.286606,26.915169,24.881563,27.89294,32.28362,30.525997,26.98404,29.200945,26.67606,28.604126,26.730104,29.464224,30.703468,34.907707,34.067265,34.103428,31.671865,33.39538,29.36536,32.865475,29.867037,33.335415,32.954678,32.989624,36.27194,35.811665,31.837517,28.695372,26.69789,24.796644,23.94347,21.88667,17.237833,12.864083,14.071168,11.26671,13.993405,11.803104,16.00107,19.076313,19.074213,19.815544,18.08925,20.567162,19.281614,21.024527,23.29833,25.17693,27.996159,28.868202,27.282896,25.65752,24.964773,26.180645,23.15725,27.081402
24,12.957389,12.451371,16.638102,14.354193,16.90068,20.054028,21.024502,26.604004,25.402502,32.010204,32.016037,36.62349,36.43231,33.707024,31.480509,27.607342,24.4638,22.031818,18.148035,14.821826,11.887142,8.834724,4.8762803,4.849178,0.0,4.42737,8.10021,8.761901,12.687448,11.483827,17.411848,16.639278,24.547316,24.417845,27.247444,30.448305,30.416988,28.778112,24.952942,20.897415,23.323103,18.130272,20.91698,18.081059,13.815178,13.951228,12.310694,12.085413,14.317359,18.55925,19.567423,20.409563,21.55199,25.396975,23.797287,27.504646,26.368044,29.469574,34.08684,32.889793,29.393906,32.35912,30.263048,32.413124,31.0753,33.621464,35.19932,39.391712,38.437363,38.155514,35.70935,37.04041,32.747974,35.88098,32.48394,35.686504,34.79212,34.679554,37.541958,36.689217,32.825268,30.031307,28.549828,27.006378,26.535166,24.837389,20.810661,16.712284,18.476398,15.967293,18.836313,16.54154,20.712666,23.811884,23.694212,24.370256,22.419125,24.431911,22.885576,24.031324,26.165724,27.36885,29.726095,31.393314,30.11752,29.016527,28.697386,30.234547,27.506702,31.59619
25,16.068773,15.028622,18.549314,15.193547,17.288021,20.250261,20.553782,25.909433,24.017557,30.866905,29.843504,34.48609,34.80562,31.9546,30.3858,26.106863,23.479906,20.621891,17.242626,13.98193,11.437432,8.9787445,4.486369,7.3957615,4.42737,0.0,5.8378115,5.7849674,10.249388,8.927417,15.178517,14.845904,22.373486,23.336475,25.463923,29.054367,29.018341,26.869219,23.516638,19.590937,20.730381,15.303919,18.05848,14.766576,9.868608,10.403688,8.089087,9.225808,10.721647,15.175635,15.546608,16.78394,17.292374,21.456326,20.069267,23.820026,23.205103,26.4656,31.0841,30.446674,27.105953,30.689571,29.01997,31.619574,30.98149,33.71617,35.580963,39.485813,38.0981,37.309753,34.776886,35.558006,31.011961,33.703503,29.980602,32.899876,31.627077,31.418242,33.983974,32.960407,29.29066,26.776566,25.65449,24.286573,24.119291,22.792868,19.579962,16.063807,18.566916,16.869015,20.30874,18.691439,22.96102,25.706606,25.211031,25.19902,22.752426,24.384607,21.996296,22.966063,24.37197,25.250303,27.569427,29.667313,28.477669,28.307243,27.81265,29.957922,27.559404,31.904247
26,18.199892,15.668869,19.355143,15.58247,16.520536,20.50604,19.131197,25.19794,22.763538,29.876297,28.856718,33.34923,34.30765,31.880716,30.391096,25.957405,23.836592,20.243029,17.630968,13.397599,12.828121,8.085776,7.245466,8.243229,8.10021,5.8378115,0.0,4.915006,7.903049,10.187386,14.116476,16.22636,23.08247,24.754423,26.845737,30.519808,31.284924,28.963064,25.83541,21.928192,22.254787,16.801575,18.185213,13.500561,10.128076,8.233896,6.790323,4.1601634,7.0816393,10.859371,12.522564,12.98657,15.504234,19.127724,18.589626,22.513426,21.282463,25.04471,29.136997,28.658583,25.534986,28.67501,26.648645,29.677923,28.609463,32.318962,33.53927,36.969196,34.95477,34.31277,31.236998,32.086723,27.632427,30.272573,26.737387,29.476002,28.455086,27.778454,30.751421,29.46485,25.191313,22.32095,21.005594,20.05959,20.054094,19.468672,15.87827,13.390262,15.613733,14.272407,18.133997,16.643213,20.801779,22.926136,21.77564,21.27759,18.482998,19.384912,17.082191,17.399519,19.168482,19.706268,21.893818,23.990658,22.965147,22.807331,22.854078,25.07749,23.214735,27.725178
27,16.711103,14.385828,16.98425,12.596225,13.658516,16.820766,15.901608,21.340363,18.906164,25.952044,24.706053,29.294989,30.005526,27.37934,26.018656,21.524546,19.394718,15.93263,13.274077,9.590119,8.7458935,6.2616634,5.1817656,8.434554,8.761901,5.7849674,4.915006,0.0,4.4965444,5.293784,9.881882,11.362984,18.288815,20.013382,21.968102,25.679798,26.391895,24.051737,20.95755,17.101042,17.420286,11.993297,13.576802,9.60692,6.3603144,5.287551,5.8750596,5.797463,8.987112,12.83517,12.812637,12.3092785,13.867981,16.88463,15.30128,19.08996,17.828459,21.22851,25.675562,24.969559,21.69076,25.217836,23.601236,26.50655,26.212791,29.2901,31.182158,34.75532,33.0223,31.946688,29.36971,29.907442,25.299595,27.92042,24.209799,27.194857,26.093405,26.018217,28.811693,28.158836,24.581448,21.902798,20.495787,18.749586,18.444677,17.036757,14.225873,11.214534,14.285487,13.631727,17.46509,16.963387,21.079296,23.287403,22.515078,21.715345,18.933844,20.603115,17.315493,18.874943,19.378883,20.794636,23.755642,25.357952,23.841331,24.255714,22.992664,25.56752,23.235632,27.658998
28,17.879625,14.768848,16.406845,11.553407,11.41362,14.647995,12.442063,17.919813,15.046316,22.196373,20.978836,25.46764,26.463171,24.132172,22.850725,18.292562,16.651928,12.689257,10.961547,7.0553613,8.511716,6.6669436,8.544948,10.928826,12.687448,10.249388,7.903049,4.4965444,0.0,5.829904,6.3220873,10.108948,15.906492,18.10689,19.981647,23.62079,25.045319,22.704563,19.863697,16.246084,16.038769,11.16009,11.203253,6.867123,7.059183,4.1363673,8.053976,6.5415225,10.478965,13.134619,12.897722,10.423109,13.188826,14.594991,12.774625,16.410337,14.224872,17.67576,21.876442,20.930233,17.696182,20.969133,19.305796,22.444212,22.383018,25.760826,27.614742,30.88883,28.898165,27.62443,25.0291,25.427767,20.804,23.470192,19.862291,23.00881,22.216583,22.334406,25.429731,25.238276,21.784235,18.907276,17.087967,14.819888,14.223183,12.5494375,10.070655,7.7340064,11.266211,11.784395,15.674503,16.233234,19.960976,21.629107,20.685965,19.225668,16.272644,18.039957,13.982712,16.283289,15.875718,18.007795,21.606565,22.532993,20.651749,21.475655,19.387093,22.271254,19.95526,24.346483
29,16.230639,14.547579,15.601649,10.941779,12.2492285,13.795215,13.92339,18.085205,15.884003,22.56064,21.101568,25.76104,26.002436,23.071447,21.849573,17.385447,15.155652,12.18579,9.386508,7.414101,5.729326,7.977488,6.848008,11.00625,11.483827,8.927417,10.187386,5.293784,5.829904,0.0,7.084517,6.2808576,13.509425,15.098637,16.886152,20.618427,21.126934,18.81277,15.686242,11.881876,12.453211,7.143804,9.43365,7.6801023,5.515279,6.73773,8.861934,10.50218,13.158918,16.735277,15.406915,14.228867,14.391033,16.469107,13.557017,16.851261,15.687783,18.319756,23.171019,22.127575,18.696995,22.65061,21.63217,24.19465,24.8614,26.952177,29.665796,33.40421,32.12659,30.600452,28.72594,28.926205,24.297375,26.84046,23.056501,26.257113,25.091581,25.760084,28.223927,28.316912,25.647238,23.307835,21.893856,19.400343,18.76096,16.404232,14.761141,11.414574,14.966922,14.988456,18.350836,18.782143,22.618364,24.888193,24.582203,23.63293,21.071552,23.41185,19.510553,22.084446,21.509602,23.660656,27.159475,28.287064,26.376354,27.212631,24.79433,27.550104,24.791264,28.936684
30,19.27854,16.481174,16.063911,11.1082,10.192551,11.325069,9.047823,12.702389,9.453653,16.450502,14.895729,19.471905,20.240665,17.816717,16.810175,12.089219,10.998682,6.8156886,6.6469917,5.4880276,8.325066,10.538,12.622328,15.366172,17.411848,15.178517,14.116476,9.881882,6.3220873,7.084517,0.0,6.4119797,10.007332,12.738604,14.242225,17.79207,19.746166,17.470024,15.0187845,12.00874,11.316362,7.9939995,6.230759,5.1758184,9.150397,8.070804,12.728568,12.60628,15.858232,17.959867,16.516453,12.958894,14.586902,13.889223,10.494033,13.153986,10.160536,12.611192,17.106802,15.483291,12.0065565,15.707605,14.812036,17.780045,19.167753,21.608782,24.377012,27.559782,25.890465,23.910732,22.169245,22.009068,17.37531,19.93331,16.338873,19.85162,19.236261,20.398378,23.254482,24.225874,21.975145,19.508627,17.563889,14.214315,13.016939,9.872614,9.790376,8.080075,11.874635,13.753505,16.818192,18.789316,21.86347,23.232635,22.707155,20.812935,18.195583,20.58754,15.798161,19.343616,17.299742,20.43899,24.683903,24.766052,22.371841,23.850327,20.15265,23.289764,20.636095,24.508686
31,17.087664,15.826608,14.713488,10.404526,11.28322,10.295901,11.627132,13.55186,11.977856,17.71934,16.552334,21.124329,20.578745,17.446188,16.131432,11.918004,9.523818,7.6184344,5.1940823,7.111861,6.2198825,11.802467,11.9380665,15.420075,16.639278,14.845904,16.22636,11.362984,10.108948,6.2808576,6.4119797,0.0,7.9854217,8.85717,10.827513,14.380729,15.162204,13.17352,9.826599,6.1480126,7.936363,4.8869934,6.5213804,9.040942,10.102954,11.466086,14.627752,16.109253,18.913504,21.980532,20.07416,17.85916,17.599487,17.920237,13.833489,15.9830065,14.338256,15.567017,20.52005,18.641064,15.112489,19.00899,18.641867,20.538582,22.288208,23.110622,26.69458,30.497318,29.821827,27.885977,26.941725,26.885954,22.535496,25.073341,21.596056,25.07395,24.206114,25.78223,28.036116,29.166756,27.461164,25.367188,23.744719,20.467255,19.313133,15.887919,15.5417,12.399546,15.796423,16.67506,19.180462,20.769936,23.956188,26.023205,26.186886,25.033789,22.868597,25.838358,21.571285,25.171566,23.62387,26.653858,30.722631,31.047081,28.68883,29.743174,26.095705,28.844767,25.68759,29.298218
32,23.982044,22.604015,20.237772,16.460205,16.037985,13.338161,13.73427,11.831048,9.89911,13.311761,10.06618,14.302693,13.870987,10.35042,11.005533,6.795387,7.442248,7.1292524,9.194673,12.864768,13.805778,19.018044,19.796156,23.176546,24.547316,22.373486,23.08247,18.288815,15.906492,13.509425,10.007332,7.9854217,0.0,6.466711,4.6855044,8.663129,10.63211,8.10422,7.408915,7.384859,4.8314476,8.042113,5.97364,11.700116,15.257149,16.477057,20.249977,21.932554,24.244143,26.380478,23.639454,20.579575,19.624317,17.74162,13.130106,13.196743,11.692491,10.595759,15.150025,13.114126,10.246411,14.843845,16.296337,17.936602,21.844534,21.617773,26.038946,29.055708,28.369946,25.38138,25.414661,24.232645,20.270386,21.842136,18.61573,21.72131,20.833662,23.37754,24.896852,27.15598,26.956419,25.58919,24.221598,20.589895,19.3619,15.832816,18.150293,16.823895,19.97078,22.056858,24.086166,26.691545,29.22694,30.623642,30.73076,28.881956,26.792664,29.587624,24.666622,28.642117,25.568546,28.912146,33.253025,33.073883,30.50626,32.61396,27.924702,31.07076,28.227425,31.292868
33,20.628927,20.014603,16.566914,14.133471,14.25861,9.917982,12.938474,10.067014,10.88966,12.915488,13.408991,17.029675,14.463679,11.289281,9.204244,7.15933,4.694096,7.7601504,8.049871,12.840871,12.934756,18.974108,19.932331,22.59667,24.417845,23.336475,24.754423,20.013382,18.10689,15.098637,12.738604,8.85717,6.466711,0.0,5.0626497,6.3976445,8.396662,8.43864,5.207567,5.281951,9.23953,11.481293,11.164569,16.092583,18.646208,19.80096,23.381248,24.506962,27.53869,30.231287,28.11515,25.142706,24.83078,23.571642,19.020956,19.53934,17.40839,16.392263,20.499311,17.248308,14.226891,16.782217,17.379196,17.57198,20.706326,19.095673,23.847654,27.605225,28.107122,25.846579,26.464596,26.25194,22.863,25.319572,22.823359,26.417377,26.21197,28.80301,30.764053,33.120262,32.491734,30.668142,28.809534,24.942038,23.256298,19.021341,19.871206,17.383575,19.793259,21.301682,22.42916,25.096527,27.212845,28.906584,29.697477,28.500807,27.061977,30.609667,26.42451,30.897518,28.62045,32.479668,37.002514,36.34789,33.570927,34.583775,29.767372,32.177876,28.658304,31.273275
34,25.146873,24.465212,21.405191,18.472479,18.409758,14.575597,16.383162,12.986062,12.5952215,13.8991995,11.720953,15.050855,13.151298,9.396693,9.975612,7.741593,8.100239,10.103615,11.639,16.0571,16.301987,22.194508,22.679436,25.962912,27.247444,25.463923,26.845737,21.968102,19.981647,16.886152,14.242225,10.827513,4.6855044,5.0626497,0.0,4.3091874,6.079017,4.484974,4.671943,7.1392403,6.8690352,11.297265,10.431635,16.226519,19.130255,20.746992,24.214907,26.105654,28.454878,30.83456,28.034412,25.208244,23.897753,22.142881,17.5228,17.160507,16.023418,14.165103,18.112411,15.690661,13.315424,16.988842,18.745432,19.394432,23.607018,22.081696,27.002253,30.16069,30.218292,27.255518,28.005625,26.907642,23.440538,25.002937,22.237513,25.282463,24.565662,27.401339,28.646328,31.21211,31.390179,30.149532,28.774422,25.066053,23.711357,19.957975,22.09556,20.395159,23.21206,25.087029,26.618496,29.307415,31.595135,33.121574,33.61204,32.025875,30.265137,33.395943,28.699736,32.91075,29.932404,33.46164,37.86628,37.50913,34.84701,36.712128,31.801126,34.68828,31.579317,34.301056
35,26.733097,26.331295,22.60138,20.471214,20.308897,15.746303,18.142315,13.404879,14.272632,13.496725,12.840613,15.14109,11.843561,8.51745,8.593418,8.752453,9.215247,12.550344,14.176293,18.905567,19.196747,25.213484,25.967014,28.893217,30.448305,29.054367,30.519808,25.679798,23.62079,20.618427,17.79207,14.380729,8.663129,6.3976445,4.3091874,0.0,4.583525,6.001528,6.70121,9.908424,11.105094,15.470194,14.582689,20.2772,23.27763,24.741127,28.307867,29.91989,32.519653,34.905773,32.236706,29.206533,28.143032,26.118378,21.54291,20.89826,19.457973,17.083227,20.325468,17.297358,15.349212,17.802267,19.7153,19.411652,23.855835,21.19157,26.42603,29.537409,30.25965,27.365772,28.810472,27.843487,24.972824,26.598028,24.436968,27.507645,27.200132,30.302998,31.536741,34.486504,34.89014,33.631893,32.085644,28.22053,26.645893,22.64942,24.751547,23.050518,25.416636,27.314999,28.288431,31.239643,33.100647,34.524334,35.31066,33.843082,32.441742,35.83156,31.360582,35.867218,32.86979,36.71245,41.2617,40.498398,37.688995,39.30685,34.072662,36.672195,33.384785,35.65041
36,27.17009,27.453869,24.016203,22.017374,22.570103,18.098194,21.235607,17.322298,18.038103,18.020947,16.792091,19.19588,16.19866,12.806755,13.118009,12.818474,12.505922,15.519257,16.153387,20.75768,20.04058,26.401459,26.248968,29.505398,30.416988,29.018341,31.284924,26.391895,25.045319,21.126934,19.746166,15.162204,10.63211,8.396662,6.079017,4.583525,0.0,4.046067,5.516769,9.5957365,11.109842,15.626754,15.933155,21.690325,23.651728,25.818907,28.745916,31.0625,33.284626,36.019394,33.11037,30.779543,28.89953,27.615383,23.007957,22.49715,21.93535,19.834948,23.435661,21.062464,19.052149,22.125256,23.94367,23.819946,27.950756,25.307379,30.508326,33.86394,34.660877,31.85894,33.126495,32.171444,29.055084,30.60105,28.080215,31.01394,30.267864,33.214825,34.145927,36.776196,37.214855,36.109314,34.821186,31.139952,29.7783,25.943699,27.730305,25.528742,28.135767,29.592096,30.748947,33.249855,35.415207,37.21005,38.081722,36.87736,35.380596,38.787853,34.338234,38.625965,35.88799,39.436066,43.81332,43.504665,40.825485,42.439373,37.52163,40.178516,36.822685,39.33114
