,0,1,2,3,4,5,6,7,8,9,10,11,12,13,14,15,16,17,18,19,20,21,22,23,24,25,26,27,28,29,30,31,32,33,34,35,36,37,38,39,40,41,42,43,44,45,46,47,48,49,50,51,52,53,54,55,56,57,58,59,60,61,62,63,64,65,66,67,68,69,70,71,72,73,74,75,76,77,78,79,80,81,82,83,84,85,86,87,88,89,90,91,92,93,94,95,96,97,98,99,100,101,102,103,104,105,106,107,108
0,0.0,4.7576485,7.031212,9.781959,13.070702,14.552276,18.249159,21.688023,24.031015,27.044415,32.348793,34.84919,34.9653,33.574574,29.372105,27.40451,23.678959,22.6419,18.871515,16.249166,16.80953,10.814651,13.774683,17.154068,16.315172,14.244273,19.387033,20.214497,23.112234,22.026022,27.381601,25.706264,33.245895,31.158245,35.02799,37.396248,37.45179,36.729412,32.30664,28.202034,32.613094,28.213003,30.958721,28.431051,25.21916,24.946907,23.971096,22.671875,24.191858,28.484997,30.725573,30.95851,32.47098,35.33542,33.227074,36.25298,36.05648,37.962685,43.113094,40.78317,37.2145,38.679173,35.58878,37.597286,34.252262,39.465343,37.340004,35.562553,37.05358,36.30251,35.09551,37.282444,34.69422,39.41693,38.152153,42.506977,43.845352,45.023346,48.305046,47.26533,41.63362,39.16994,35.64361,33.03423,31.863504,27.275396,23.852188,19.970919,18.221313,16.395903,12.590509,15.291195,16.146135,19.106602,21.346811,23.179493,21.675312,22.881454,25.653666,27.283747,26.259634,25.604546,26.676788,27.577257,29.563591,29.133028,33.4569,33.80092,38.010796
1,4.7576485,0.0,5.112721,6.539035,9.472773,12.441521,14.732405,19.269392,20.950235,24.765404,29.701702,32.200924,32.864803,31.627357,27.845045,25.493298,22.257624,20.567802,17.456627,14.190064,16.13792,9.90931,14.041377,16.419817,15.723417,12.519277,17.011703,17.889414,20.12948,20.04696,24.656052,23.845215,31.130264,29.4187,33.33268,35.755756,36.360874,35.537167,31.157393,26.92504,31.015196,26.531029,28.685978,25.783598,23.30263,22.369026,22.08649,19.874313,22.09135,26.287298,28.7053,28.27106,30.588783,32.87621,31.08027,34.254845,33.452106,35.41256,40.49515,37.726604,34.173927,35.248795,32.130924,33.850197,30.621946,35.470924,33.3162,31.22536,32.55555,31.949715,30.996962,33.05382,30.655245,35.35923,34.33644,38.679348,40.235134,41.606445,44.976803,44.339558,38.852375,36.15049,32.847027,29.904263,28.371956,24.1815,20.019394,16.520454,14.15524,12.28626,8.381343,10.85801,11.482976,14.405573,16.80243,18.88214,17.156147,18.132633,21.034792,22.838934,21.767635,21.25733,22.644133,23.393902,25.959015,25.325825,29.804487,30.413845,34.556694
2,7.031212,5.112721,0.0,5.223264,7.129181,8.649874,12.001042,15.354048,17.85336,20.576239,26.250498,28.292957,28.89721,27.928009,23.724426,22.001575,18.60847,17.643398,14.846522,12.6095705,14.835076,9.318893,14.4313,17.273453,17.993944,15.280853,19.457857,19.065365,20.77288,20.034231,24.319798,22.498169,29.290749,26.697773,31.040321,32.976376,33.62677,33.30549,28.73915,24.771328,29.659363,25.772202,27.842085,25.943174,24.071177,23.481236,23.938492,22.110006,24.922033,29.264252,31.11868,30.13437,32.169376,33.865734,31.553896,34.347424,33.4089,34.822056,39.90659,37.14208,33.546795,35.348595,32.718044,34.715473,32.325737,36.97014,35.38878,33.084484,33.662834,32.558464,31.238035,32.799282,29.82353,34.33548,32.733875,37.104305,38.20729,39.711693,42.782722,42.040146,36.43918,33.554455,30.237608,27.742981,26.342117,22.388346,18.771255,15.786574,14.083824,13.576339,10.537858,13.558176,12.580222,14.505448,17.015142,17.448124,16.020012,18.604445,21.250101,21.685993,20.411898,19.568064,20.084402,21.194862,22.730074,22.879707,26.968443,27.64599,31.792751
3,9.781959,6.539035,5.223264,0.0,3.754811,6.58798,8.7432375,13.176431,14.599749,18.826824,23.277723,26.092968,26.614962,25.269352,21.824133,19.132055,16.195496,14.150535,11.53027,8.254279,11.467286,6.2831745,11.733667,13.420622,14.532239,11.53467,14.960253,14.150486,15.573552,15.203603,19.229134,18.042948,24.947456,23.107725,27.1413,29.452887,30.35172,29.623688,25.234377,21.050758,25.311134,21.188944,23.011335,20.800236,19.203869,18.397629,19.269558,17.334154,20.547564,24.857937,26.464025,25.135107,27.321152,28.740498,26.529772,29.403994,28.295895,29.839293,34.913643,32.103386,28.513203,30.192984,27.529684,29.631567,27.361826,32.16116,30.874311,28.914457,29.439362,27.9804,26.38328,28.182232,25.230928,29.869532,28.42447,32.789127,34.092697,35.38721,38.662163,37.901417,32.372585,29.679651,26.332388,23.50327,22.134682,17.852869,14.198106,10.730932,9.234784,8.913538,6.6979623,10.560265,11.260512,11.458218,12.947012,13.891284,13.64089,15.578519,17.354956,18.177277,18.004753,17.985098,18.414364,18.671394,20.636568,19.487783,23.920591,24.14974,28.34835
4,13.070702,9.472773,7.129181,3.754811,0.0,5.3389106,5.266552,10.4963,11.572431,16.002283,20.4873,22.97919,24.028648,23.032114,19.805027,17.194393,14.817699,12.624343,11.277206,8.501219,12.82589,9.036933,14.503681,15.610041,17.256554,14.114289,16.546545,15.1938095,15.526571,15.753395,18.593534,17.663479,23.766302,21.763515,26.02175,28.039843,29.430004,28.929382,24.569546,20.5747,24.89205,21.195929,22.359442,20.493834,19.983877,18.844479,20.622742,18.271261,22.098583,26.195642,27.638199,25.579447,28.19208,28.817497,26.651579,29.366222,27.687862,28.930326,33.87294,30.703253,27.148182,28.875618,26.519981,28.47165,26.827826,31.079296,30.084942,27.742367,27.672537,26.085007,24.539568,25.863005,22.741299,27.216208,25.63909,30.008926,31.237902,32.810112,35.977085,35.533794,30.092768,27.053932,23.94236,21.084051,19.408869,15.808232,11.70689,9.394175,7.792195,8.83851,7.9014826,10.997287,10.282249,9.295746,10.901219,10.638528,10.526011,13.447394,15.074198,15.004659,14.678491,14.633236,14.731418,15.025599,16.924932,16.069347,20.437042,21.012943,25.153202
5,14.552276,12.441521,8.649874,6.58798,5.3389106,0.0,6.269273,7.198965,10.04726,12.710612,17.869184,20.408577,20.521027,19.333628,15.430605,13.36363,10.2224455,9.237836,7.5208774,6.974384,10.310335,8.434678,13.505933,15.289545,18.158855,16.24287,18.852009,16.35618,16.867529,15.344842,18.511236,15.644066,21.483852,18.35561,22.949286,24.571949,25.549004,25.502068,20.924725,17.228996,22.553213,19.55481,21.173641,20.74148,20.14505,20.015291,21.817581,20.74388,24.37814,28.63708,29.34007,27.390205,28.932041,29.477507,26.548922,28.713396,27.520872,28.17969,33.14411,30.516157,26.960777,29.80094,27.979277,30.534424,29.555656,34.04604,33.688114,31.738504,31.276045,28.990631,26.72169,27.843592,24.051537,28.276613,25.917458,30.223196,30.789795,32.097298,34.927006,33.851044,28.163877,25.377144,21.932991,19.906883,19.002075,14.985279,13.071695,10.734004,11.191542,12.926673,12.38546,16.034279,15.545244,14.124465,15.0159,13.358344,14.436107,18.09812,18.927708,17.707487,17.88274,17.772911,16.56384,16.897158,16.897203,16.399355,20.106144,20.01303,24.216026
6,18.249159,14.732405,12.001042,8.7432375,5.266552,6.269273,0.0,6.808535,6.585097,11.837632,15.625557,18.084362,19.56443,18.827534,16.29361,13.514507,12.290015,9.742678,10.555234,8.992732,13.934991,12.385972,17.320034,17.598186,20.110712,17.297195,18.424326,16.054283,14.997134,15.546718,16.639431,15.83537,20.542828,18.44882,22.817339,24.470945,26.483118,26.215857,22.050611,18.452627,22.635675,19.721735,19.993767,18.9749,19.927933,18.692015,21.591286,19.301582,23.690142,27.461699,28.332617,25.399393,28.131691,27.659803,25.396227,27.707262,25.427832,26.123861,30.826538,27.385733,23.929405,26.030407,24.30355,26.299656,25.792467,29.43739,29.206713,26.775969,25.77652,23.585281,21.698772,22.38372,18.788988,22.962584,20.979097,25.323938,26.312538,28.064077,31.069569,30.833754,25.494175,22.164957,19.293974,16.504578,14.650933,11.897056,8.078363,7.861102,7.5770507,10.541102,11.503949,13.928187,12.745892,9.517511,9.960164,7.145175,8.980474,12.940312,13.286242,11.45611,11.930776,12.371046,11.2228985,10.943843,12.130166,10.967593,15.221655,15.811138,19.928038
7,21.688023,19.269392,15.354048,13.176431,10.4963,7.198965,6.808535,0.0,4.7709727,5.7020454,11.079072,13.210034,13.698673,13.100396,9.702632,8.091857,6.9322867,6.6747556,9.027747,10.641598,14.115684,14.76788,18.994228,19.775503,23.40881,21.702812,22.965836,19.542355,18.511513,17.306553,18.138422,15.083125,18.341965,14.4498415,19.39608,20.099869,21.94724,22.562822,18.276876,15.540476,20.890282,19.38264,19.79503,20.866602,22.090195,21.92272,24.940876,23.92507,28.10867,31.949574,32.004116,29.068455,30.66358,29.818333,26.73488,28.201338,26.319769,26.045288,30.549246,27.716208,24.412374,27.927197,27.087313,29.670715,30.172085,33.79036,34.360653,32.279053,30.686596,27.747385,25.112818,25.262959,20.894218,24.368528,21.249163,25.324875,25.231934,26.775438,29.130852,28.212881,22.650002,19.447279,16.341513,15.049674,14.304457,11.872261,11.677621,11.945079,13.548729,16.680277,17.57311,20.531176,19.267097,16.211863,16.26787,12.2357435,14.7630005,19.325796,18.99095,15.714021,16.499388,16.64755,13.785146,13.744735,11.555585,11.562458,14.133735,13.892242,17.905792
8,24.031015,20.950235,17.85336,14.599749,11.572431,10.04726,6.585097,4.7709727,0.0,7.2580047,9.072928,12.140088,13.421003,12.713,11.388218,8.324555,9.179913,6.8294263,10.516152,11.189946,15.356397,16.379848,20.289333,19.963144,23.474316,21.521318,21.668432,18.134075,16.06882,15.999778,15.22805,13.68929,16.027384,13.452322,17.895456,18.917524,21.529882,21.678171,17.868317,15.138455,19.2263,17.77139,17.168295,17.997753,20.329885,19.612774,23.333784,21.901302,26.407293,29.837358,29.759563,26.214014,28.341875,26.76005,24.076292,25.56234,22.997404,22.720984,27.042948,23.741785,20.507578,23.690527,23.04099,25.432064,26.43859,29.60853,30.522676,28.499018,26.541723,23.342548,20.620525,20.567888,16.15016,19.609003,16.609264,20.77289,21.008299,22.654295,25.295444,24.813862,19.42762,15.981242,13.132423,11.031951,9.736743,8.051714,7.822176,9.720831,11.680421,15.3379345,17.278181,19.668358,18.841635,14.628487,13.674677,9.212265,13.070978,16.99933,15.659185,12.029686,13.99847,14.993595,12.128079,10.924489,9.413138,7.2933636,10.463266,9.97144,14.176285
9,27.044415,24.765404,20.576239,18.826824,16.002283,12.710612,11.837632,5.7020454,7.2580047,0.0,7.720708,8.123449,8.872013,9.542036,6.566907,7.4138284,8.475949,9.829597,13.348985,15.846279,18.744009,20.23856,24.078577,24.724379,28.672644,27.1979,28.075167,24.320396,22.752203,21.499207,21.17926,17.870176,18.80317,14.1540785,19.017366,18.516615,20.818663,22.26466,18.47942,16.998701,22.222504,22.040834,21.804283,24.03492,26.082333,26.07344,29.497679,28.685118,32.969646,36.587048,36.254642,32.927826,34.331882,32.74284,29.536476,30.38063,28.264332,27.20584,31.152718,28.417723,25.491695,29.527197,29.47951,32.034782,33.50233,36.475887,37.627987,35.47303,33.170723,29.911964,27.138655,26.49583,21.889374,24.421791,20.668928,24.242092,23.306353,25.022518,26.654097,25.774927,20.527096,17.102552,14.61156,14.661661,14.357713,13.804566,15.056851,16.57298,18.463734,21.885094,23.085127,25.75949,23.966583,20.591852,20.452188,15.475129,18.220013,23.133131,22.340889,17.898699,18.704445,18.74753,14.883899,14.898727,10.422504,11.808955,12.265157,11.969525,15.24379
10,32.348793,29.701702,26.250498,23.277723,20.4873,17.869184,15.625557,11.079072,9.072928,7.720708,0.0,5.5646744,5.631787,5.6457734,8.358046,7.165152,11.239497,11.110229,15.861846,18.279867,20.984207,23.880932,26.746923,26.100527,30.298662,29.19661,28.689985,24.437748,21.845984,21.022423,18.536932,16.150845,13.929942,10.548255,14.240738,13.352079,16.910349,18.133749,15.536384,15.124776,18.472374,19.602787,17.998936,21.304916,24.760435,24.763494,28.879715,28.428965,32.74079,35.715508,34.64148,30.707846,31.903109,29.136562,26.08561,26.228096,23.624706,21.80029,25.018507,22.357779,19.943205,24.458633,25.397367,28.050623,30.781765,33.16067,35.31647,33.78401,30.882244,26.847355,23.476238,22.388924,17.61488,19.18211,14.872944,17.873941,16.341282,17.65562,19.115608,18.057169,12.914558,9.464989,7.336639,8.656645,9.493193,10.890517,14.630596,17.251598,20.063555,23.794561,26.105068,28.475937,27.700695,23.163725,21.640537,16.826746,21.015848,24.803196,22.48832,17.897762,20.450554,21.564823,17.706264,16.236513,11.999771,10.503913,9.36822,6.544534,9.144546
11,34.84919,32.200924,28.292957,26.092968,22.97919,20.408577,18.084362,13.210034,12.140088,8.123449,5.5646744,0.0,5.473282,8.436771,10.076582,11.314238,14.671556,15.457318,19.92386,22.366173,25.285042,27.510025,30.940472,30.782558,34.862293,33.428043,33.284466,29.282648,26.726639,26.150331,23.861279,21.53516,19.351116,15.5953865,19.212929,17.530243,20.94668,22.799068,20.341839,20.237635,23.91178,25.113638,23.546534,26.641346,30.072218,29.864527,33.981594,33.11868,37.586945,40.632404,39.83083,35.789677,37.322273,34.480206,31.579779,31.726454,28.94669,27.027742,29.893873,27.056807,24.88937,29.03527,30.084845,32.32681,35.18367,36.98772,39.019245,36.929108,33.665104,30.005575,27.179445,25.452135,20.951456,21.872402,17.640224,20.124664,18.147459,20.150751,20.779385,20.485107,16.297857,12.535848,11.903844,13.463525,13.535966,15.93948,18.40236,21.431616,23.584385,27.338833,29.325422,31.431192,29.567827,25.375889,24.511232,19.037193,22.378687,26.857397,25.06168,19.71992,21.203434,21.710806,17.366518,16.65086,11.041598,12.3124075,9.533388,8.879886,9.954364
12,34.9653,32.864803,28.89721,26.614962,24.028648,20.521027,19.56443,13.698673,13.421003,8.872013,5.631787,5.473282,0.0,3.7830195,6.7047834,8.834901,12.412141,14.147403,18.368914,21.665802,23.536945,26.793468,29.448965,29.38181,33.86436,33.1562,33.147007,28.734476,26.611685,24.91798,23.092451,19.487377,16.754463,12.048783,15.529901,13.239605,16.149166,18.51072,16.206606,16.905857,20.898083,22.835669,21.775679,25.832113,28.808786,29.359146,33.14939,33.211052,37.31899,40.46667,39.18969,35.553616,36.100227,33.533077,30.085894,29.77983,27.771164,25.518791,28.41011,26.473427,24.327402,29.347174,30.532745,33.37221,36.183437,38.668198,40.91058,39.412685,36.47942,32.429462,29.002,27.819836,23.081844,24.23107,19.765089,22.16607,19.856945,20.872677,21.369644,19.662794,15.037667,12.526106,10.967102,13.653324,15.012627,15.973505,19.91794,21.98187,24.838724,28.462658,30.351662,33.045498,31.958275,27.86271,26.751236,21.79973,25.524035,29.805021,27.854437,23.106895,25.07111,25.708998,21.545254,20.715998,15.563263,15.671033,13.818756,11.59804,12.95107
13,33.574574,31.627357,27.928009,25.269352,23.032114,19.333628,18.827534,13.100396,12.713,9.542036,5.6457734,8.436771,3.7830195,0.0,5.6558146,6.3479767,10.240874,11.820721,15.933102,19.435287,20.817741,24.691236,26.800816,26.516417,31.13758,30.808683,30.67801,26.080503,24.13749,21.96274,20.299225,16.206491,13.39343,8.341493,11.945056,9.938147,12.720301,14.886225,12.428517,13.249157,17.269936,19.38357,18.5654,22.971107,25.722635,26.617678,30.244604,30.7805,34.663204,37.795803,36.276924,32.863052,32.948277,30.569752,26.895485,26.47769,24.854328,22.61219,25.721647,24.172398,21.909494,27.27513,28.378323,31.548553,34.197605,37.147175,39.44414,38.361538,35.736706,31.489264,27.723795,27.029213,22.217762,23.742016,19.33518,21.924833,19.860168,20.302996,21.222614,18.822111,13.651345,11.848256,9.296476,12.044638,14.040482,13.893793,18.660492,20.135323,23.421577,26.91686,28.890676,31.833939,31.466854,27.304932,25.870392,21.465525,25.549894,29.414911,27.251812,23.083971,25.549812,26.462187,22.602057,21.462225,17.035517,15.926773,14.974642,11.924403,13.846755
14,29.372105,27.845045,23.724426,21.824133,19.805027,15.430605,16.29361,9.702632,11.388218,6.566907,8.358046,10.076582,6.7047834,5.6558146,0.0,5.0481753,6.591272,9.862186,13.049309,16.916336,18.12239,21.34873,23.908165,24.560106,29.100273,28.674036,29.513153,25.176558,24.010435,21.351341,21.309084,16.40018,16.267382,10.390271,15.058214,13.860235,15.337566,17.448154,13.8336315,13.533722,19.182997,20.162903,20.4407,24.06697,25.746435,26.730127,29.827415,30.256935,34.06611,37.67589,36.625164,33.692978,33.834156,32.369404,28.532305,28.6714,27.43406,25.825825,29.58524,27.917227,25.19378,30.253458,30.620838,33.804825,35.54925,39.03865,40.66584,39.253075,37.085945,33.2712,29.794592,29.478405,24.65476,26.959143,22.815422,25.993618,24.43404,25.229313,26.485352,24.328812,18.955917,16.783258,13.800612,15.287183,16.502285,15.022872,18.490877,19.085798,21.956951,25.19815,26.437033,29.700466,28.940678,25.547009,24.875957,20.553827,23.87999,28.280792,27.001375,23.058207,24.651012,25.004837,21.27593,20.88374,16.52389,16.564001,16.619371,14.65156,17.455948
15,27.40451,25.493298,22.001575,19.132055,17.194393,13.36363,13.514507,8.091857,8.324555,7.4138284,7.165152,11.314238,8.834901,6.3479767,5.0481753,0.0,4.4359026,5.575691,9.656094,13.148326,14.731221,18.349058,20.664776,20.58943,25.12206,24.681828,24.989725,20.524446,19.115814,16.637392,16.264448,11.653955,12.138175,6.945534,11.991823,12.122899,14.03255,15.050521,11.108547,9.756081,15.10191,15.54437,15.652107,19.033005,20.919342,21.785355,25.068031,25.498945,29.336506,32.812202,31.692463,28.661976,28.929052,27.410938,23.672083,24.046394,22.662842,21.364798,25.452503,23.602467,20.659794,25.590466,25.746435,29.033451,30.638817,34.35013,35.996994,34.880833,32.929718,28.994951,25.336697,25.430086,20.641344,23.380453,19.505339,22.989237,22.00624,22.577887,24.515417,22.381666,16.641697,14.552438,10.898212,11.420238,12.737351,10.229999,14.276636,14.668431,17.971344,21.23657,22.926178,26.156998,26.203743,22.378883,21.120783,17.36609,21.298115,24.98955,23.262796,19.914682,22.269552,23.162798,19.88326,18.835281,15.636942,13.896078,14.9726,12.382837,15.803735
16,23.678959,22.257624,18.60847,16.195496,14.817699,10.2224455,12.290015,6.9322867,9.179913,8.475949,11.239497,14.671556,12.412141,10.240874,6.591272,4.4359026,0.0,4.5067134,6.4869595,10.585712,11.5730295,14.921335,17.341354,18.087173,22.580809,22.280428,23.459343,19.23888,18.776752,15.607441,17.009491,11.678252,14.599792,9.530635,14.499259,15.163498,15.987727,16.805872,12.284541,9.99935,16.320707,15.742883,17.011425,19.647135,20.293718,21.41434,24.002579,24.59689,28.164331,32.014652,31.202887,28.779299,28.848547,28.260391,24.38854,25.16787,24.349781,23.604261,28.087694,26.39739,23.213142,27.86456,27.410866,30.75829,31.51508,35.798805,36.90559,35.74045,34.334244,30.74565,27.27886,27.852837,23.224884,26.511322,22.97109,26.721,26.08236,26.676764,28.814003,26.62991,20.838194,18.858965,15.088849,14.98273,15.8715315,12.1774845,14.977587,14.046048,17.03857,19.841732,20.828485,24.472797,24.62172,21.557493,20.84654,17.694422,20.956497,24.734762,23.715519,21.004307,22.781769,23.325918,20.463543,19.910559,17.293482,16.068764,17.983374,16.022463,19.751654
17,22.6419,20.567802,17.643398,14.150535,12.624343,9.237836,9.742678,6.6747556,6.8294263,9.829597,11.110229,15.457318,14.147403,11.820721,9.862186,5.575691,4.5067134,0.0,4.828973,7.619581,9.920801,13.128381,15.65754,15.46208,19.788603,19.129053,19.656448,15.376311,14.451256,11.944052,12.894044,8.576658,12.56703,9.226935,13.829142,15.495518,16.916399,16.7832,12.42814,9.112716,14.397822,12.877194,13.747529,15.587947,16.62578,17.281294,20.255787,20.463821,24.270311,27.983585,27.273104,24.568872,25.156797,24.405685,20.844566,22.042566,20.792763,20.495588,25.21129,23.089832,19.719658,23.906843,23.16323,26.432333,27.03225,31.364471,32.41845,31.362612,30.08967,26.504566,23.039698,23.910458,19.43826,23.101534,19.977135,23.949013,23.907791,24.504986,27.166864,25.342684,19.538494,17.442968,13.58369,12.285904,12.793774,8.220697,10.848234,9.767335,13.131029,16.0762,17.646957,21.092052,21.853043,18.277702,17.004196,14.3761,18.14137,21.228197,19.80943,17.638552,20.024935,21.055662,18.660952,17.536728,16.09272,13.490453,16.273611,14.213576,18.24216
18,18.871515,17.456627,14.846522,11.53027,11.277206,7.5208774,10.555234,9.027747,10.516152,13.348985,15.861846,19.92386,18.368914,15.933102,13.049309,9.656094,6.4869595,4.828973,0.0,4.574271,5.426254,8.931794,11.125245,11.765006,16.125301,15.909107,17.44002,13.479517,14.038294,10.42336,13.841165,9.009051,15.235164,12.2997265,16.39412,18.530323,18.936302,18.460209,13.904486,9.971494,15.503115,12.864963,15.153898,16.081774,15.3286915,16.47299,18.34636,19.048826,22.290855,26.381124,25.917023,24.108364,24.224562,24.670483,21.002695,22.5894,22.17996,22.495056,27.482386,25.75885,22.284128,26.138113,24.768871,28.128561,27.733097,32.772243,33.27649,32.42069,31.883562,28.661203,25.369202,26.867474,22.743769,26.80631,24.091322,28.14076,28.381203,28.802473,31.626556,29.58438,23.785547,22.045748,18.092213,16.604185,17.01121,11.711886,13.071243,10.06414,12.966711,14.95248,15.660555,19.663876,21.098524,18.497725,17.673481,16.315466,19.275633,21.955204,21.214529,20.13694,22.07001,22.8579,21.125093,20.369959,19.68014,17.358868,20.659473,18.895462,22.986382
19,16.249166,14.190064,12.6095705,8.254279,8.501219,6.974384,8.992732,10.641598,11.189946,15.846279,18.279867,22.366173,21.665802,19.435287,16.916336,13.148326,10.585712,7.619581,4.574271,0.0,5.188602,6.0803556,9.151599,9.20836,12.830408,11.771642,13.37984,9.973997,10.919663,8.429448,12.570062,9.903975,17.063202,15.522271,19.165802,21.811655,22.53136,21.496645,17.232655,12.931279,17.117569,13.263373,15.380427,14.47571,13.243853,13.588146,15.274188,15.161768,18.56089,22.768667,22.904514,21.182213,22.10645,22.962202,19.902143,22.219841,21.5145,22.599636,27.72946,25.55996,21.971573,24.826975,22.786097,25.812841,24.62067,29.84853,29.813915,28.882051,28.839542,26.065928,23.190382,25.12427,21.50763,25.988987,23.96244,28.169184,29.060894,29.645477,32.870716,31.322264,25.678865,23.736889,19.98454,17.546452,17.244024,11.779681,11.13912,6.921879,9.176872,10.588286,11.283925,15.310922,17.47159,15.067873,14.213354,14.165278,16.727898,18.554777,18.090284,18.127613,20.009901,20.964533,20.091295,19.212084,19.925993,17.12352,21.19401,19.910366,24.103165
20,16.80953,16.13792,14.835076,11.467286,12.82589,10.310335,13.934991,14.115684,15.356397,18.744009,20.984207,25.285042,23.536945,20.817741,18.12239,14.731221,11.5730295,9.920801,5.426254,5.188602,0.0,6.262395,5.9930687,6.966107,11.435634,12.289633,14.45075,10.963392,13.210808,8.586412,14.199022,9.87713,17.45737,15.756881,18.833864,21.639112,21.294157,20.106943,15.909993,11.739404,16.134188,12.362745,15.812728,15.652486,12.910393,14.696621,15.12633,16.749855,19.040192,23.313675,22.914087,22.188292,21.600254,23.338364,19.728806,21.696274,22.218332,23.239485,28.349407,27.120874,23.67058,27.053425,25.108501,28.561945,27.203262,32.95926,33.048866,32.735703,33.010017,30.053648,26.84305,29.07054,25.437443,29.778664,27.585209,31.590069,32.202213,32.274662,35.360104,33.09441,27.42686,26.204725,22.202633,20.41428,20.880243,15.042462,15.86065,11.517833,13.962305,14.643111,14.7686615,19.02596,21.802158,19.969988,19.101603,19.330978,21.847387,23.48057,22.972128,23.212456,25.194386,26.0757,25.074772,24.266296,24.461689,21.699087,25.408905,23.564255,27.631308
21,10.814651,9.90931,9.318893,6.2831745,9.036933,8.434678,12.385972,14.76788,16.379848,20.23856,23.880932,27.510025,26.793468,24.691236,21.34873,18.349058,14.921335,13.128381,8.931794,6.0803556,6.262395,0.0,5.622776,8.245955,10.333831,9.345508,13.251236,11.641205,14.348456,11.845142,17.41856,14.944027,22.59385,20.901587,24.418814,27.08633,27.164024,26.1264,21.83017,17.587393,21.801563,17.52487,20.408539,18.71348,15.794877,16.286667,16.2248,16.195324,18.543411,23.07756,23.932953,23.42474,24.119516,26.294786,23.4875,26.127098,26.08017,27.628714,32.80204,30.873638,27.309286,29.664303,27.087383,29.88256,27.590097,33.205597,32.352695,31.385275,32.148224,30.065866,27.701136,29.983551,26.794134,31.447948,29.737486,33.986267,35.04404,35.670727,38.9412,37.35686,31.702131,29.798561,26.02556,23.614763,23.15096,17.784782,16.146526,11.547227,11.982311,11.548733,10.117759,14.498799,17.028305,16.578035,16.818155,17.924587,18.996162,20.430077,21.161573,22.127008,23.047348,23.472538,23.338148,23.089828,24.293911,22.27575,26.51822,25.685633,29.920092
22,13.774683,14.041377,14.4313,11.733667,14.503681,13.505933,17.320034,18.994228,20.289333,24.078577,26.746923,30.940472,29.448965,26.800816,23.908165,20.664776,17.341354,15.65754,11.125245,9.151599,5.9930687,5.622776,0.0,4.738066,7.135728,8.924021,12.581643,10.979172,14.771429,10.923254,17.461248,14.642726,22.533598,21.544224,24.16368,27.246492,26.59288,25.05653,21.1972,17.108568,20.466457,16.00148,19.744709,18.132965,13.784508,15.421878,14.004607,15.795897,16.854225,21.292723,21.566214,22.117271,21.419123,24.549011,21.52288,24.019615,25.050852,26.807903,31.897385,30.788322,27.395323,29.90783,27.291029,30.45229,27.901567,34.094673,33.420586,33.326992,34.489185,32.160465,29.424551,32.18276,29.140797,33.73758,32.111748,36.149532,37.183556,37.23733,40.556553,38.41406,32.87121,31.713423,27.784895,25.605688,25.748293,19.888855,19.474943,14.525026,15.724287,14.8819475,13.892359,18.026709,21.755281,21.161379,20.709171,22.349499,23.957964,24.67935,24.837925,26.284801,27.857359,28.609446,28.433575,27.816496,28.912872,26.195234,30.324759,28.81619,32.93206
23,17.154068,16.419817,17.273453,13.420622,15.610041,15.289545,17.598186,19.775503,19.963144,24.724379,26.100527,30.782558,29.38181,26.516417,24.560106,20.58943,18.087173,15.46208,11.765006,9.20836,6.966107,8.245955,4.738066,0.0,4.93469,7.3834105,9.086904,6.8917804,10.969385,7.179092,13.765554,12.224209,20.074635,20.372599,22.307537,25.855473,25.509665,23.388433,19.993465,15.814529,17.742178,12.74713,16.29706,13.965157,9.18,10.963599,9.404443,11.880948,12.890244,17.192448,17.05866,17.503717,16.728096,19.878952,17.053152,19.80402,20.835796,22.950241,27.978096,26.913067,23.620235,25.786085,23.057743,26.291842,23.718863,30.07937,29.65724,30.078827,31.324324,28.800655,25.898304,28.964056,26.22206,30.775633,29.500303,33.362278,34.66242,34.45922,37.974655,35.89218,30.603334,29.74814,25.959805,23.4678,23.690058,17.785654,17.687502,12.730588,14.39326,13.549014,13.715421,17.42815,22.024012,20.585049,19.238997,21.399418,23.65085,23.573019,22.96023,24.872803,27.1983,28.471407,28.398834,27.21388,28.71846,25.069775,29.265598,27.433165,31.37874
24,16.315172,15.723417,17.993944,14.532239,17.256554,18.158855,20.110712,23.40881,23.474316,28.672644,30.298662,34.862293,33.86436,31.13758,29.100273,25.12206,22.580809,19.788603,16.125301,12.830408,11.435634,10.333831,7.135728,4.93469,0.0,4.6866136,7.2432494,8.09663,12.633376,10.789578,16.778698,16.682964,24.385817,25.119675,26.922323,30.589163,30.323662,28.032932,24.817926,20.65312,21.990522,16.780827,19.955008,16.407969,11.232419,12.03013,8.915504,10.703794,10.36381,14.710076,15.60489,17.091007,16.875742,20.941946,19.063244,22.27352,23.28365,25.97339,30.842384,29.622066,26.44474,27.60297,24.31301,27.030922,23.395208,29.886745,28.709143,29.264336,31.282455,29.437784,27.13326,30.546946,28.439472,33.114296,32.410442,36.256706,37.970406,37.86512,41.576897,39.80675,34.68532,33.726368,30.100115,27.223875,27.048048,21.404058,20.175581,15.202491,15.692661,13.651982,13.158812,16.203583,21.595055,21.027164,19.948671,23.23158,24.748785,23.746479,23.623926,26.545692,28.549017,29.782602,30.419107,29.320656,31.631662,27.99811,32.491463,31.029058,34.965946
25,14.244273,12.519277,15.280853,11.53467,14.114289,16.24287,17.297195,21.702812,21.521318,27.1979,29.19661,33.428043,33.1562,30.808683,28.674036,24.681828,22.280428,19.129053,15.909107,11.771642,12.289633,9.345508,8.924021,7.3834105,4.6866136,0.0,5.4068794,7.546031,11.379138,11.387667,16.57557,17.410172,25.038668,25.63026,27.947178,31.45854,31.804111,29.724813,26.244534,21.872772,23.55037,18.264526,20.673502,16.505861,12.535591,11.826675,9.984256,9.052709,10.129127,14.605096,16.499077,16.989647,18.524895,21.782284,20.394474,23.90454,23.902739,26.657022,31.579893,29.576529,26.276756,26.87474,23.350372,25.56048,21.693592,27.794556,26.155605,26.025692,28.07429,26.687433,24.915382,28.17701,26.278202,31.083471,30.63602,34.62484,36.59472,36.935673,40.737904,39.54147,34.422802,32.908417,29.483143,26.195541,25.409441,20.208088,17.611977,12.832808,12.2150345,9.543661,8.746759,11.534466,17.088202,16.786211,16.026564,19.808962,20.762243,19.442745,19.793846,23.07881,24.683092,25.842611,26.921185,25.938595,28.855698,25.450134,30.170992,29.282658,33.255646
26,19.387033,17.011703,19.457857,14.960253,16.546545,18.852009,18.424326,22.965836,21.668432,28.075167,28.689985,33.284466,33.147007,30.67801,29.513153,24.989725,23.459343,19.656448,17.44002,13.37984,14.45075,13.251236,12.581643,9.086904,7.2432494,5.4068794,0.0,4.932373,7.9306974,9.877826,13.480531,16.275005,23.099726,24.954588,26.559998,30.3556,31.091946,28.571156,25.66258,21.46296,21.669273,16.335905,17.918968,12.738141,9.32908,7.450161,5.882942,3.7240841,5.614801,10.002952,11.755942,11.667829,14.0682745,16.973047,16.325987,20.125092,19.745012,22.911512,27.573997,25.4608,22.378376,22.237516,18.488426,20.58826,16.529707,22.857481,21.507002,22.064545,24.21629,22.615631,20.743925,24.382486,23.001276,27.661146,27.728397,31.427792,33.725105,33.82309,37.798275,36.7875,32.087646,30.869663,27.753855,24.175636,23.404564,18.559706,16.252861,12.073688,11.930021,9.6335945,10.899666,12.559054,18.61319,17.043804,15.039689,19.286749,21.044641,18.770891,17.96291,21.771616,24.29553,26.07515,27.174532,25.535906,28.803589,24.451456,29.089464,27.904505,31.56234
27,20.214497,17.889414,19.065365,14.150486,15.1938095,16.35618,16.054283,19.542355,18.134075,24.320396,24.437748,29.282648,28.734476,26.080503,25.176558,20.524446,19.23888,15.376311,13.479517,9.973997,10.963392,11.641205,10.979172,6.8917804,8.09663,7.546031,4.932373,0.0,4.555533,4.984911,9.202249,11.343176,18.29432,20.066776,21.657404,25.438011,26.181091,23.717419,20.764164,16.581879,16.937042,11.631212,13.386658,8.971147,5.735755,4.8265514,5.582172,5.9531517,8.927532,12.913271,13.002599,11.815897,13.172953,15.143262,13.337658,16.804426,16.434044,19.121466,24.05417,22.113052,18.82935,19.872683,16.727726,19.633005,16.969725,23.222929,22.915031,23.43711,24.625525,22.084162,19.325468,22.660831,20.485657,25.092592,24.527311,28.277525,30.169329,30.091629,33.92954,32.549633,27.661646,26.609549,23.301619,20.000198,19.683407,14.3791485,13.411298,9.031696,10.57832,9.859353,11.888911,14.497907,19.616495,17.03059,14.591053,17.54829,20.305363,19.102411,17.591269,20.220919,23.26988,25.155361,25.449442,23.62646,26.051329,21.463362,25.84497,24.15303,27.84371
28,23.112234,20.12948,20.77288,15.573552,15.526571,16.867529,14.997134,18.511513,16.06882,22.752203,21.845984,26.726639,26.611685,24.13749,24.010435,19.115814,18.776752,14.451256,14.038294,10.919663,13.210808,14.348456,14.771429,10.969385,12.633376,11.379138,7.9306974,4.555533,0.0,5.8921547,6.0104103,10.46314,16.060127,18.506392,19.942886,23.630213,25.106699,22.659649,19.99164,16.074772,15.753695,10.993731,11.106523,6.09827,6.6017966,3.8184628,8.006288,6.754585,10.965369,13.981108,13.728983,10.673132,13.312304,13.355169,11.913079,15.305738,13.61858,16.20084,21.040064,18.407618,15.066385,15.855496,12.845162,15.767574,14.020833,19.804943,20.116558,20.499842,21.01725,18.00059,14.940586,18.17717,15.987964,20.562958,20.173437,23.86161,25.942102,25.959942,29.896505,28.908873,24.251831,23.050055,20.088892,16.425028,15.868418,11.165726,10.2372055,7.1636376,9.270315,9.759022,13.029889,14.950817,19.433771,15.719412,12.433384,14.98444,18.482374,17.139849,14.635602,16.981348,20.710405,23.002125,23.10947,20.817097,23.360912,18.17638,22.41762,20.666521,24.116941
29,22.026022,20.04696,20.034231,15.203603,15.753395,15.344842,15.546718,17.306553,15.999778,21.499207,21.022423,26.150331,24.91798,21.96274,21.351341,16.637392,15.607441,11.944052,10.42336,8.429448,8.586412,11.845142,10.923254,7.179092,10.789578,11.387667,9.877826,4.984911,5.8921547,0.0,6.6434803,6.49242,13.815814,15.380624,16.86548,20.65473,21.216873,18.799839,15.789345,11.643726,12.280748,7.0621796,9.516321,7.3172054,4.962293,6.5642214,8.50859,10.492592,13.212855,16.771938,15.659902,14.031462,13.884948,14.922012,11.739432,14.390431,14.378804,16.248457,21.378374,19.92177,16.5427,19.130108,16.912039,20.52295,19.284168,25.225512,25.828575,26.390963,26.762852,23.444014,19.911215,22.771679,19.794565,24.118694,22.769245,26.456987,27.761206,27.39355,30.98134,29.029408,23.92395,23.213518,19.628164,16.918598,17.373974,11.573162,12.844504,8.860115,12.065725,12.764476,14.900962,18.059717,22.222961,19.04276,16.498043,17.884441,21.450323,21.364733,19.382624,20.653002,24.049189,25.91976,25.338074,23.434673,24.723145,20.080845,23.964857,21.614563,25.274769
30,27.381601,24.656052,24.319798,19.229134,18.593534,18.511236,16.639431,18.138422,15.22805,21.17926,18.536932,23.861279,23.092451,20.299225,21.309084,16.264448,17.009491,12.894044,13.841165,12.570062,14.199022,17.41856,17.461248,13.765554,16.778698,16.57557,13.480531,9.202249,6.0104103,6.6434803,0.0,6.932575,10.386698,13.967751,14.5241995,18.31513,20.050714,17.428009,15.394069,12.17458,10.521946,6.9028196,5.3098364,2.865336,7.3377614,7.004244,11.457489,12.166829,15.611751,17.9222,16.199692,12.581964,13.539641,11.69458,8.976981,11.238911,9.140381,10.7883625,15.841547,13.572123,10.085874,12.872679,11.371673,15.275935,15.789245,20.853893,22.584263,23.35528,22.813995,18.722094,14.549663,17.170124,14.190103,18.113146,16.967638,20.320942,21.83946,21.267864,25.045366,23.471928,18.845686,18.326561,15.337363,12.189058,12.780651,8.133396,10.874099,9.511578,13.078674,14.822297,18.151615,20.343716,23.956131,19.545744,16.023996,16.706888,21.225208,20.82404,17.497522,18.208176,22.614876,25.065273,24.181192,21.552004,22.818306,17.172781,20.505568,17.707918,20.76944
31,25.706264,23.845215,22.498169,18.042948,17.663479,15.644066,15.83537,15.083125,13.68929,17.870176,16.150845,21.53516,19.487377,16.206491,16.40018,11.653955,11.678252,8.576658,9.009051,9.903975,9.87713,14.944027,14.642726,12.224209,16.682964,17.410172,16.275005,11.343176,10.46314,6.49242,6.932575,0.0,7.976841,8.98143,10.54321,14.191683,14.943108,12.826647,9.611237,5.6295147,7.2914205,4.3067493,6.325567,8.929946,9.725039,11.65141,14.469186,16.462376,19.41353,22.543015,20.711205,18.353365,17.513762,16.87242,12.773207,13.789174,13.586843,13.758686,18.777813,17.719727,14.426604,18.900146,18.10376,22.101166,22.633694,27.750511,29.325762,29.707626,29.019764,24.957455,20.792294,22.734549,18.875998,22.528034,20.130102,23.596792,24.021183,23.392838,26.522934,23.951048,18.575375,18.217018,14.359224,12.725969,14.302961,8.663424,13.046583,10.836445,14.99719,17.034021,19.354153,22.644444,25.562801,21.704306,19.129742,18.537657,22.88395,24.02076,21.539043,21.055506,24.73554,26.56565,24.90165,22.910347,22.655111,18.137716,21.027855,17.863749,21.285192
32,33.245895,31.130264,29.290749,24.947456,23.766302,21.483852,20.542828,18.341965,16.027384,18.80317,13.929942,19.351116,16.754463,13.39343,16.267382,12.138175,14.599792,12.56703,15.235164,17.063202,17.45737,22.59385,22.533598,20.074635,24.385817,25.038668,23.099726,18.29432,16.060127,13.815814,10.386698,7.976841,0.0,6.247798,4.4473095,8.15491,10.422875,8.220505,7.4667234,7.4200325,5.193861,8.372812,6.2150874,12.1243515,15.457125,16.964762,20.527689,22.370178,25.395374,27.64706,25.06375,21.837688,20.772266,17.99824,14.120839,13.150886,12.130752,9.923176,13.812686,13.371411,10.961579,17.022903,18.129198,22.138697,24.715803,28.557587,31.38214,32.012245,30.278292,25.495943,20.846924,21.77955,17.735476,19.870382,16.81194,19.2487,18.736887,17.278154,19.87496,16.527803,11.436433,12.498952,9.1849575,9.44194,12.613583,9.843451,16.300798,16.421556,20.59526,23.292204,26.176268,28.970518,31.251186,26.602575,23.590355,21.807678,26.810253,28.192556,24.80804,23.130907,27.403345,29.505718,27.092453,24.664576,23.286304,18.521849,19.708162,15.492255,17.642937
33,31.158245,29.4187,26.697773,23.107725,21.763515,18.35561,18.44882,14.4498415,13.452322,14.1540785,10.548255,15.5953865,12.048783,8.341493,10.390271,6.945534,9.530635,9.226935,12.2997265,15.522271,15.756881,20.901587,21.544224,20.372599,25.119675,25.63026,24.954588,20.066776,18.506392,15.380624,13.967751,8.98143,6.247798,0.0,5.0911374,6.3456473,8.24349,8.361441,5.0874066,5.477014,9.066128,11.424314,11.211246,16.299149,18.522646,20.17373,23.402534,25.00559,28.286673,31.245897,29.187511,26.282764,25.377382,23.449865,19.340288,18.791195,18.093523,16.158188,19.936817,19.230265,16.673548,22.474653,23.22356,27.036163,29.174644,33.105515,35.443035,35.33249,33.48827,28.98688,24.661901,25.165928,20.585155,22.911201,19.155195,22.004053,20.86817,20.199766,22.17253,18.871515,13.236205,13.123232,9.234992,10.617588,13.48131,10.564095,16.637077,16.620779,20.673077,23.643322,25.876818,29.126743,30.4691,26.246878,24.055252,21.282297,25.882761,28.472528,25.858002,23.294348,26.71947,28.225904,25.264835,23.501524,20.957415,17.612076,18.480114,14.606806,17.234003
34,35.02799,33.33268,31.040321,27.1413,26.02175,22.949286,22.817339,19.39608,17.895456,19.017366,14.240738,19.212929,15.529901,11.945056,15.058214,11.991823,14.499259,13.829142,16.39412,19.165802,18.833864,24.418814,24.16368,22.307537,26.922323,27.947178,26.559998,21.657404,19.942886,16.86548,14.5241995,10.54321,4.4473095,5.0911374,0.0,4.2675495,6.010926,4.496482,4.6851497,7.2605624,6.607487,11.058218,10.187919,16.234737,18.788998,20.807299,23.93057,26.196579,29.018475,31.43606,28.710281,25.877989,24.157116,21.737328,17.591936,16.062088,15.912321,13.270475,16.338217,16.79045,14.89515,21.128971,22.481255,26.48997,29.134716,32.954773,35.828716,36.398663,34.55759,29.757778,25.131664,25.779232,21.579767,23.337147,19.847904,21.96168,20.694633,19.079576,20.893524,16.78507,11.858722,13.501016,10.340634,12.176226,15.595642,13.211458,19.725664,19.718964,23.9221,26.67723,29.22024,32.323486,34.289055,29.845034,27.16557,24.895624,29.765186,31.722115,28.592686,26.435799,30.381826,32.2092,29.39376,27.269806,25.01413,21.033607,21.598917,17.291159,19.133886
35,37.396248,35.755756,32.976376,29.452887,28.039843,24.571949,24.470945,20.099869,18.917524,18.516615,13.352079,17.530243,13.239605,9.938147,13.860235,12.122899,15.163498,15.495518,18.530323,21.811655,21.639112,27.08633,27.246492,25.855473,30.589163,31.45854,30.3556,25.438011,23.630213,20.65473,18.31513,14.191683,8.15491,6.3456473,4.2675495,0.0,4.574951,6.0009227,6.759684,10.208739,10.8306055,15.223286,14.255516,20.213612,22.921156,24.797411,28.033836,30.061838,33.075493,35.571472,32.92941,29.950432,28.399942,25.77189,21.754591,20.061964,19.662111,16.64631,18.997974,19.41059,17.87053,24.126118,25.848217,29.653332,32.688625,36.080036,39.09422,39.366325,37.132965,32.302437,27.779604,27.85875,23.494993,24.708311,20.783266,22.538116,20.533173,19.0382,20.049387,15.676222,11.040317,12.785108,10.220659,13.357701,16.831749,15.543451,22.002312,22.533127,26.616035,29.634674,32.07238,35.18699,36.5345,32.067722,29.635376,26.650158,31.437872,33.95492,30.920732,28.04681,31.718613,33.337116,30.082024,28.162354,25.044106,21.826963,21.51552,17.236387,18.516653
36,37.45179,36.360874,33.62677,30.35172,29.430004,25.549004,26.483118,21.94724,21.529882,20.818663,16.910349,20.94668,16.149166,12.720301,15.337566,14.03255,15.987727,16.916399,18.936302,22.53136,21.294157,27.164024,26.59288,25.509665,30.323662,31.804111,31.091946,26.181091,25.106699,21.216873,20.050714,14.943108,10.422875,8.24349,6.010926,4.574951,0.0,3.9600754,5.5627975,9.964735,10.968004,15.482557,15.725578,21.707623,23.358053,25.886644,28.43891,31.179155,33.707603,36.331623,33.498028,31.193089,28.76925,26.909002,22.527668,20.645256,21.369421,18.618011,21.04719,22.270233,20.710203,26.993341,28.414227,32.464043,35.00428,38.95005,41.78179,42.3087,40.468395,35.696297,31.102083,31.60029,27.28546,28.82988,25.051374,26.91805,25.039158,23.377092,24.3609,19.70934,15.444162,17.348156,14.588439,17.312252,20.695356,18.424788,24.73472,24.418371,28.57025,31.270105,33.353138,36.80679,38.48936,34.40328,32.13148,29.514631,34.119205,36.63936,33.86827,31.367237,34.883137,36.361923,33.210865,31.49954,28.43362,25.410686,25.491314,21.344898,22.925987
