,0,1,2,3,4,5,6,7,8,9,10,11,12,13,14,15,16,17,18,19,20,21,22,23,24,25,26,27,28,29,30,31,32,33,34,35,36,37,38,39,40,41,42,43,44,45,46,47,48,49,50,51,52,53,54,55,56,57,58,59,60,61,62,63,64,65,66,67,68,69,70,71,72,73,74,75,76,77,78,79,80,81,82,83,84,85,86,87,88,89,90,91,92,93,94,95,96,97,98,99,100,101,102,103,104,105,106,107,108,109,110,111
0,0.0,4.2555647,6.892015,10.117612,12.677913,15.488226,18.206705,22.78612,25.633242,29.579388,32.289993,35.955845,38.57909,36.980373,39.90687,34.774483,36.803062,33.32857,34.836315,33.60028,34.08861,35.327675,31.690783,32.03977,29.442722,26.65827,30.402086,28.589746,29.088062,31.128689,30.496735,34.77083,34.414577,39.98298,38.670044,41.448505,39.962696,39.739162,35.04872,33.635616,32.064083,30.506872,31.134363,28.173735,31.168577,25.787184,28.938192,25.325478,26.453358,25.291857,27.64783,32.33885,31.714727,31.04591,35.262726,34.49183,33.26377,36.430927,36.893764,42.358658,38.45496,42.901134,43.75897,48.603127,48.328827,47.453358,48.120186,48.813904,45.758587,44.26452,39.712635,40.939682,37.087868,40.62827,37.567917,40.781822,39.41102,34.56544,37.69917,32.022285,32.517353,31.161379,28.67488,25.00894,25.207144,20.311607,22.803047,20.273384,21.167099,21.558168,22.681465,22.56515,26.463541,25.674873,29.390688,29.216005,31.269596,33.408684,27.791866,27.223255,22.67531,23.50315,19.142124,17.247576,16.971613,15.062504,16.386036,15.084456,20.262264,20.220003,24.4649,24.703186
1,4.2555647,0.0,5.3540297,6.4211164,9.202679,12.628282,14.723211,19.717892,22.067635,26.467323,28.767485,32.832542,35.02415,33.225315,36.02866,30.824398,32.712086,29.286325,30.69149,29.579441,30.043829,31.44412,27.84337,28.472212,26.001707,23.077606,26.680662,24.508541,24.940514,26.89261,26.335976,30.550283,30.395588,35.931644,34.808857,37.71008,36.41085,36.223377,31.49304,29.878029,28.633747,26.72709,27.742184,24.580084,28.039257,23.213879,26.254887,23.262545,24.561314,23.925354,25.964542,30.469475,30.562836,30.098675,33.859562,33.107735,31.530298,34.34962,34.384228,39.743237,35.351788,39.77709,40.37404,45.161427,44.782753,43.79265,44.221985,44.960567,41.777485,40.390793,35.756977,36.906124,33.28464,36.735302,33.851578,37.17689,35.973953,31.286753,34.772896,29.186314,30.100967,29.213503,26.44509,22.52106,22.131575,17.468916,19.160805,16.700815,17.182568,17.604233,18.513216,18.345224,22.210634,21.53933,25.285664,25.29731,27.404327,29.681448,24.057259,23.170437,18.682812,19.392101,14.910404,13.084509,13.063813,11.161525,12.26645,11.712974,16.477215,17.130442,21.15746,21.919151
2,6.892015,5.3540297,0.0,5.4712534,6.808329,9.298274,12.012064,16.132431,19.378096,22.902735,25.927988,29.237873,32.223568,30.860569,34.180958,29.309267,31.867874,28.757107,30.927467,30.198048,31.377449,33.18853,30.068392,31.213316,28.6137,25.64837,28.06003,25.854626,25.42267,27.37141,25.754032,30.33003,28.965488,34.645103,32.812943,35.442406,33.608658,33.277084,28.649403,27.556192,25.764584,24.864561,25.765154,23.421564,27.00307,22.361786,26.08381,23.23042,25.577366,24.057583,25.241522,30.825678,30.658913,29.297098,32.844475,31.553944,29.619923,32.441833,32.657017,38.096737,33.918762,37.97917,38.92319,43.712234,44.04878,43.393192,44.04764,45.25108,42.238277,41.527027,36.39294,36.96189,32.958202,35.876347,32.513214,35.396908,33.686707,28.86266,31.705343,26.036858,26.566507,25.233828,23.075346,19.380507,19.832333,15.351509,18.162271,16.966284,17.972809,19.468975,19.903315,18.459879,22.81964,20.873268,24.521505,24.141378,26.402523,29.182028,23.839226,23.505827,18.51718,20.726307,15.39724,15.170057,15.819967,12.777911,12.821266,11.152685,14.971847,14.106873,18.357395,18.12682
3,10.117612,6.4211164,5.4712534,0.0,3.800079,6.7262034,8.942759,13.5617075,15.744651,20.234562,22.42088,26.606276,28.669197,26.981728,29.78964,24.679644,26.887384,23.601032,25.561361,24.768057,25.910524,27.767923,24.744799,26.091478,23.571108,20.553646,22.74214,20.397182,19.999043,22.064081,20.707811,25.506165,24.752626,30.417366,29.03004,32.01306,30.492947,30.08587,25.30057,23.620157,22.218565,20.426971,21.600735,18.714094,22.71936,18.730093,22.083994,20.028645,22.322922,21.6788,22.651497,27.609426,28.382217,27.568832,30.55292,29.498568,27.29612,29.656517,29.293633,34.556396,29.790874,33.979683,34.54002,39.285965,39.264423,38.413216,38.85559,39.964737,36.85776,36.09981,30.988144,31.647854,27.845152,30.906466,27.826708,31.001345,29.679968,25.043736,28.587013,23.071678,24.288082,23.81568,20.943357,16.852863,16.14048,11.912842,13.324422,11.947262,12.539554,14.140486,14.5142565,13.206562,17.731325,16.301945,20.138365,20.383457,22.822227,25.915012,20.583538,19.337275,14.617341,16.225883,10.511959,10.190708,10.96884,7.637883,7.3525305,6.589762,10.217844,10.882765,14.773182,15.822876
4,12.677913,9.202679,6.808329,3.800079,0.0,5.947801,5.5548415,10.919005,13.19585,17.553116,19.872063,23.81986,26.152258,24.441574,27.827753,22.929598,25.467234,22.71506,24.933271,24.746105,26.08434,28.384659,25.582468,27.450201,25.243011,22.140577,23.730524,20.653225,19.643349,21.21259,19.25624,23.66753,22.16796,27.845222,26.138332,28.90325,27.32235,27.102835,22.421663,21.135769,20.035892,18.790302,20.796759,18.419199,23.154623,20.075027,23.600386,22.196373,24.966513,24.250637,24.591621,29.835714,30.85522,29.712273,32.284554,30.93751,28.319172,30.36106,29.752335,34.88358,29.799208,33.606377,34.08227,38.7043,39.068188,38.27355,38.43865,39.893894,36.652657,36.408516,31.003195,31.147839,27.63668,30.05203,26.947464,29.884663,28.35083,23.903137,27.265446,21.86283,23.223866,22.809685,20.399302,16.37056,15.711202,12.331928,13.304333,13.257717,13.282901,15.307323,14.779552,12.331664,16.660622,14.156688,17.77544,17.5227,19.934946,23.14502,18.00608,17.377575,12.346653,15.254486,9.502521,11.009449,12.731875,9.773413,8.100655,8.420413,9.228398,9.593362,13.131895,13.779559
5,15.488226,12.628282,9.298274,6.7262034,5.947801,0.0,6.958367,8.014292,11.291156,14.583469,17.521925,21.003605,23.7149,22.75049,25.709028,21.095356,24.138391,21.135439,24.233385,23.763536,26.044083,28.24394,26.194574,28.066101,25.352583,22.592443,22.721413,20.98915,19.383795,21.70225,18.8647,24.594717,22.419582,28.160337,25.958422,28.795967,26.49519,25.54248,20.804808,19.45845,16.881086,16.268234,16.697113,15.049178,18.908197,15.555033,19.628658,18.213377,21.861698,20.353321,19.890558,25.893063,26.661413,24.905478,27.184483,25.531143,22.74713,24.847185,24.53103,29.788967,25.29924,29.033714,30.04555,34.782642,35.614754,35.24658,36.167255,37.816746,35.15273,35.277874,29.65687,29.599976,25.106153,27.550114,23.787321,26.365408,24.464935,19.600813,22.470951,16.84317,17.776524,17.194098,14.619478,10.648564,10.821474,7.1978593,10.372553,11.334251,13.022798,16.107567,16.111471,13.353774,18.419357,15.675378,19.223885,19.535646,22.296589,26.349133,21.791677,20.597954,15.952533,18.802092,12.53993,13.975399,15.003592,10.817059,9.348621,6.4604855,7.349435,4.8382325,9.211761,9.398351
6,18.206705,14.723211,12.012064,8.942759,5.5548415,6.958367,0.0,6.6630197,8.186131,12.656174,14.701858,18.682201,20.928364,19.182903,23.048717,18.484648,21.442045,19.417511,22.095245,22.684479,24.503212,27.335386,25.170492,27.741129,25.888695,22.872044,23.14197,19.509153,17.503311,18.545937,15.564738,19.809464,17.23375,22.926756,20.81752,23.48127,21.773584,21.59301,16.966658,15.954802,15.28307,14.580743,17.680725,16.060572,21.628647,20.192705,23.655954,23.453135,26.78596,26.227072,25.610945,30.871414,32.500015,31.130863,32.849598,31.24113,28.051744,29.410143,28.272657,33.028107,27.466305,30.705633,30.972317,35.35602,36.173496,35.47131,35.334667,37.251797,33.972065,34.50824,28.749039,28.156506,24.98899,26.498295,23.41248,26.013845,24.326778,20.301039,23.595444,18.610085,20.446947,20.600061,18.564558,14.774275,13.702178,12.15546,11.8803,13.778894,13.235667,15.936029,14.395699,10.447051,14.432457,10.433824,13.61675,13.128966,15.72321,19.610556,15.210663,14.805998,9.994347,14.32906,8.900067,12.558104,14.950638,12.314757,9.397137,10.6125555,7.205094,7.6151986,9.604459,10.330794
7,22.78612,19.717892,16.132431,13.5617075,10.919005,8.014292,6.6630197,0.0,4.956338,6.7934284,10.24745,13.188842,16.399765,15.770756,19.693335,15.956679,19.86054,18.220325,22.06043,22.81687,25.73297,28.647053,27.480438,30.257362,28.14474,25.519014,24.000597,21.478226,18.5448,19.963146,15.61128,20.841702,16.784426,22.281061,19.20621,21.659533,18.85584,17.788437,13.225076,12.72156,10.1427145,11.4638605,13.525272,13.726572,18.697071,18.216732,21.998507,22.410576,26.642704,25.405098,23.597212,29.454247,31.008585,28.899956,29.852196,27.761154,24.13304,25.068003,23.960009,28.507774,23.402359,26.00838,26.7884,31.090607,32.838764,32.697388,33.177456,35.596317,32.93288,34.29839,28.228579,26.963127,23.046007,23.843464,20.011852,21.786453,19.387722,15.204344,17.560537,12.629042,14.252848,14.53067,13.123787,10.080378,9.944543,10.3797455,11.220883,14.904059,15.515008,19.08656,17.770742,13.440993,17.522455,13.049119,15.43502,15.317683,18.045704,22.740013,19.534836,18.926823,15.012286,19.291994,14.008182,17.577715,19.498123,16.152674,13.403953,12.691875,8.045801,5.1072817,5.088001,3.9351325
8,25.633242,22.067635,19.378096,15.744651,13.19585,11.291156,8.186131,4.956338,0.0,6.112491,6.7097745,11.62848,12.975489,11.55619,15.294913,11.286552,15.106137,13.920577,17.706734,19.005396,21.953472,25.141298,24.36473,27.542805,25.890003,23.402016,21.254124,18.208757,14.813621,15.750491,11.00961,16.150238,12.117427,17.62996,14.947058,17.85346,15.583813,14.5811615,9.73002,8.282168,7.2156334,7.3021755,11.36162,11.386328,17.295118,18.463577,21.463823,23.007505,26.934748,26.597525,24.644407,29.527441,31.967766,30.44755,30.77976,28.984001,25.192616,25.414305,23.502018,27.513195,21.541769,23.952866,24.026722,28.09999,29.557875,29.152456,29.064428,31.582033,28.688328,30.346806,24.234545,22.644178,19.42508,19.739498,16.414543,18.426704,16.550665,13.127362,16.512484,12.481126,15.262003,16.820448,14.933243,12.052903,10.058421,11.968486,10.02651,14.338528,13.928018,17.380718,15.4470005,10.819563,14.040855,9.482632,11.311576,11.862419,14.664162,19.684965,17.116215,15.869042,13.015265,16.911917,12.620921,16.70121,18.83258,16.298346,13.189737,14.001005,7.4583383,7.6341214,4.928123,7.0395064
9,29.579388,26.467323,22.902735,20.234562,17.553116,14.583469,12.656174,6.7934284,6.112491,0.0,5.181447,6.4286284,10.338548,10.815859,15.186582,13.11428,17.6241,17.377512,21.739683,23.27577,26.760365,29.93753,29.731005,32.94624,31.184473,28.914425,25.971487,23.617855,19.915356,20.766119,15.53791,20.160639,14.666191,19.254417,15.344142,17.298523,13.687404,11.900589,7.90005,8.63342,5.31064,9.732103,12.228967,14.467551,19.109003,20.813032,24.071148,25.715963,30.22602,29.109812,26.363953,31.857225,33.886044,31.565723,31.395878,29.072317,25.016077,24.896982,23.229881,26.83779,21.700636,23.024733,23.703897,27.419746,30.087727,30.307697,30.67831,33.723118,31.41128,33.85394,27.694395,25.431023,21.940386,21.165455,17.341476,17.937254,15.03306,12.032937,13.304426,10.087399,12.185106,13.574446,13.358028,12.073124,11.820651,14.750404,14.483462,19.164112,19.51375,23.163475,21.422987,16.87767,19.81073,15.06101,15.946873,15.894315,18.275566,23.275373,21.63363,21.142548,18.485268,22.831392,18.645147,22.684597,24.693548,21.74184,18.838358,18.50397,12.768491,10.622184,7.494234,6.228049
10,32.289993,28.767485,25.927988,22.42088,19.872063,17.521925,14.701858,10.24745,6.7097745,5.181447,0.0,6.3395686,6.30067,5.8292046,10.20397,8.427422,12.935774,13.598023,17.826176,19.951426,23.445704,26.797916,27.096722,30.617062,29.333221,27.296967,23.729832,21.098152,17.086641,17.37084,11.980939,16.076818,10.544645,14.696727,11.143174,13.638118,10.6350565,8.660136,4.1761656,3.5922449,3.016512,6.6235986,10.976293,13.1524515,18.263247,21.485552,23.906641,26.546524,30.681974,30.412077,27.61858,32.08428,34.931347,33.227966,32.504456,30.534761,26.424437,25.624935,23.163868,26.095366,20.132051,21.13167,20.957771,24.317112,26.690641,26.64815,26.392803,29.586224,27.112041,29.954037,23.86008,21.151749,18.541021,16.968641,13.818853,14.468776,12.237974,10.599891,13.058548,11.302192,14.469138,17.01262,16.08906,14.781263,12.979245,16.716436,14.435116,19.284828,18.848932,22.210552,20.070631,15.693489,17.510597,13.240284,13.177514,13.8451,16.037807,21.13732,20.312914,19.219833,17.786486,21.463968,18.376352,22.538858,24.60146,22.36847,19.344425,20.06586,13.469536,13.247843,9.205758,10.332077
11,35.955845,32.832542,29.237873,26.606276,23.81986,21.003605,18.682201,13.188842,11.62848,6.4286284,6.3395686,0.0,6.5311646,8.91643,13.365363,13.779675,18.179071,19.400175,23.724367,25.896696,29.57407,32.875504,33.371838,36.85922,35.455086,33.45984,29.688725,27.405067,23.37617,23.605513,18.228569,21.57784,15.260383,18.202301,13.663005,14.528944,10.13666,7.489401,6.175732,8.90554,7.047282,12.491399,14.961212,18.300755,22.294514,25.39449,28.145218,30.539845,35.101772,34.091644,30.819597,35.904728,38.217453,35.78093,34.80467,32.364044,28.157427,27.207146,25.17865,27.687532,22.850803,22.735106,23.213032,26.013145,29.556742,30.107914,30.239664,33.813255,31.861473,35.23462,29.249613,26.152004,23.450912,21.118593,17.800709,16.98708,13.8639555,13.009065,12.624626,12.239709,14.155065,16.117567,16.9905,16.98714,16.749823,20.539236,19.734299,24.6463,24.740978,28.262285,26.244244,21.754969,23.6812,19.037672,18.685371,18.510904,20.276566,25.052704,24.816996,24.618868,22.948746,27.253944,23.97246,28.245848,30.34028,27.708155,24.736204,24.694277,18.653439,16.916885,13.326586,12.237155
12,38.57909,35.02415,32.223568,28.669197,26.152258,23.7149,20.928364,16.399765,12.975489,10.338548,6.30067,6.5311646,0.0,3.9795063,7.15619,9.262836,13.023186,15.384065,19.312593,21.98127,25.621881,28.947956,30.105938,33.797813,32.898254,31.266764,26.797287,24.534597,20.384119,20.107302,15.031019,17.599926,11.969016,13.688857,10.035075,11.563767,8.443787,5.288267,5.112363,6.0358825,7.2139635,10.429543,13.797422,16.89899,20.959938,25.555256,27.33182,30.750607,34.834763,34.763233,31.490025,35.34079,38.55008,36.86915,35.304764,33.33678,29.152946,27.495981,24.602692,26.286171,20.610113,20.102892,19.48374,21.7415,24.870968,25.129099,24.566254,28.298948,26.30221,30.152311,24.425621,20.836435,19.238567,15.86871,13.5973,12.598803,10.570242,11.741968,12.86336,13.87046,16.879177,19.990944,19.721155,19.463074,17.741293,22.161325,19.571405,24.44353,23.885492,27.025349,24.786846,20.778275,21.5795,17.915504,16.722836,17.5019,19.005096,23.700916,24.226112,23.178482,22.800339,26.086329,23.893747,28.016272,30.012642,28.088037,25.136421,25.960701,19.379223,19.271263,15.012119,15.896418
13,36.980373,33.225315,30.860569,26.981728,24.441574,22.75049,19.182903,15.770756,11.55619,10.815859,5.8292046,8.91643,3.9795063,0.0,6.055171,6.8272004,10.344446,13.012912,16.477179,19.492338,22.72462,26.22802,27.153471,30.980024,30.371208,28.639725,24.570606,21.582989,17.483469,16.700712,11.769829,13.687527,8.038274,10.164728,6.9140034,9.517942,7.6417594,5.832944,4.1392903,3.372998,7.6702147,8.9101715,13.886837,15.895871,20.828243,25.294163,26.899729,30.334438,34.07637,34.47793,31.635864,35.154175,38.639496,37.386467,36.123196,34.410934,30.312365,28.866955,25.807144,27.768665,21.426767,21.607222,20.45656,22.90405,25.140089,24.86304,23.628086,27.12134,24.524557,28.082434,22.327045,18.86856,17.97856,14.893168,13.263925,13.38984,12.23596,12.961215,15.486809,15.534478,18.934183,22.001408,21.068626,20.025358,17.603966,21.630629,18.152063,22.77862,21.58363,24.415169,21.866669,17.918604,18.103003,14.601106,13.010151,14.013282,15.44112,20.116219,20.736557,19.495045,19.592226,22.623165,21.045155,25.264618,27.409552,25.964455,22.915728,24.523907,17.670918,18.56328,14.447503,16.140429
14,39.90687,36.02866,34.180958,29.78964,27.827753,25.709028,23.048717,19.693335,15.294913,15.186582,10.20397,13.365363,7.15619,6.055171,0.0,5.48807,7.106164,10.5748205,13.739379,16.681757,20.23078,23.39306,25.294628,29.025406,28.608002,27.475618,22.33814,20.458033,16.481876,15.942284,11.882829,14.034564,11.059572,11.667898,10.761713,13.438679,12.708164,10.728867,10.057726,7.788112,10.476946,9.667254,13.079675,15.112575,18.872698,24.61857,25.221197,29.527187,32.87892,33.86798,30.83065,33.18288,37.26945,36.536324,34.566437,33.24393,29.306957,27.18274,23.563166,24.571888,18.054499,17.744991,15.737144,17.653929,19.528206,19.174639,17.797297,21.486483,19.31647,23.43731,18.018333,14.072044,13.773185,9.532556,9.080866,8.831618,9.306393,11.888234,14.986171,16.330446,19.991255,23.768837,22.233868,21.553616,18.494112,23.027182,18.829424,23.164791,22.045177,24.590132,22.415098,19.414597,19.159475,17.27672,15.766689,17.890673,19.266602,23.66929,24.348433,22.039644,22.841808,24.547365,23.380972,26.85584,28.498623,27.345339,24.694736,26.212788,19.76937,21.253935,16.940443,19.509996
15,34.774483,30.824398,29.309267,24.679644,22.929598,21.095356,18.484648,15.956679,11.286552,13.11428,8.427422,13.779675,9.262836,6.8272004,5.48807,0.0,4.5848823,6.2320795,10.129083,12.789132,16.367174,19.700243,20.925821,24.639462,23.975502,22.537111,17.936861,15.5915985,11.479437,11.4202385,6.7866635,11.06404,8.915288,11.869411,11.275341,14.884076,14.187147,12.6566725,9.790301,5.893547,8.590698,5.143042,10.066931,10.706612,15.7019825,20.67303,21.489334,25.423864,28.620485,29.78217,27.240372,29.743837,33.77924,33.28564,31.961496,30.794058,26.967314,25.4765,22.048508,24.110233,17.05294,18.328415,16.616867,19.688757,20.57402,19.780443,18.642197,21.637144,18.813585,21.801632,15.836327,12.846968,11.503703,9.528211,8.117278,10.220612,10.53222,10.7008,15.309126,14.734106,18.648905,22.156395,19.831015,18.241453,14.580904,18.578516,13.787441,17.958368,16.6092,19.192577,17.020716,13.998207,14.179272,12.496691,11.787084,14.460442,16.371141,21.067904,20.654545,17.81222,18.20148,19.627777,18.103369,21.408237,23.016153,21.90767,19.278406,21.075527,14.661474,16.897316,12.894769,16.30679
16,36.803062,32.712086,31.867874,26.887384,25.467234,24.138391,21.442045,19.86054,15.106137,17.6241,12.935774,18.179071,13.023186,10.344446,7.106164,4.5848823,0.0,4.765345,6.7012825,10.060195,13.205027,16.506374,18.32364,22.136393,22.07756,21.046722,16.172075,13.816006,10.136406,9.372412,6.801538,9.418773,10.177766,11.693574,12.970859,16.61612,17.05602,15.979447,13.775447,10.045595,13.147276,8.957993,12.946936,12.510524,16.924395,22.305622,22.239264,26.616526,29.127172,31.071943,28.838482,30.215563,34.79309,34.967964,33.457233,32.731472,29.164173,27.449621,23.71089,25.233654,17.982359,19.31195,16.72468,19.278255,18.977915,17.531141,15.382687,18.105736,14.789463,17.853357,12.161602,8.918012,9.683655,7.5085945,8.580594,11.232426,12.981116,13.946328,18.793173,18.596533,22.538607,26.193913,23.490768,21.774948,17.676458,21.342604,15.773003,19.112843,17.164288,18.961845,16.780804,14.8449335,13.723604,13.758205,12.619564,15.884894,17.379042,21.451744,21.400427,17.896906,19.36987,19.52128,19.195381,21.935402,23.308592,22.999908,20.666626,23.090048,17.142818,20.26515,16.619524,20.452393
17,33.32857,29.286325,28.757107,23.601032,22.71506,21.135439,19.417511,18.220325,13.920577,17.377512,13.598023,19.400175,15.384065,13.012912,10.5748205,6.2320795,4.765345,0.0,4.8794026,6.6127586,10.557329,13.657382,15.1268,18.6882,18.045374,16.956617,11.888586,10.280611,6.5362597,7.7192364,5.614742,11.121453,12.563811,15.496339,16.3658,20.212723,20.120028,18.842405,15.648005,11.561946,13.134498,7.712754,10.5057335,8.624238,13.16067,18.066034,17.8584,22.1191,24.449411,26.567442,24.625172,25.859114,30.437582,30.862602,29.669014,29.154335,25.80309,24.470915,20.911415,23.07931,15.745579,18.28349,16.135088,19.57162,18.684658,17.16892,16.040281,18.044493,14.819333,16.627274,10.493501,8.835806,7.119505,8.122749,7.8462515,11.782725,13.351178,12.80833,18.325903,17.111084,20.973642,24.452541,21.093094,18.977,14.507821,17.714386,11.82873,14.716067,13.014682,14.914643,13.303011,11.949894,11.897683,12.719298,12.966166,16.524672,18.527021,22.756948,21.500765,17.456818,18.169815,17.738098,16.600632,18.600939,19.535707,19.055126,17.086382,19.207447,13.986479,17.500109,14.367352,18.730356
18,34.836315,30.69149,30.927467,25.561361,24.933271,24.233385,22.095245,22.06043,17.706734,21.739683,17.826176,23.724367,19.312593,16.477179,13.739379,10.129083,6.7012825,4.8794026,0.0,4.1064014,6.504755,9.880284,11.74173,15.537778,15.853264,15.137554,10.532454,8.148893,5.7980056,5.6052084,7.3248506,10.064989,14.101273,16.066057,18.278593,22.102486,22.941236,22.179232,19.316626,15.326035,17.753704,12.310373,15.190375,12.581971,16.528528,21.048014,20.131388,24.385866,25.818447,28.748451,27.399633,27.572283,32.52677,33.64631,32.557182,32.4686,29.442387,28.138288,24.51495,26.344437,19.13257,21.711264,18.994173,21.857044,19.764856,17.513506,15.217023,16.410526,12.307036,13.322498,7.707939,7.047279,8.53129,9.972485,11.649888,15.463982,17.676407,17.584818,23.076307,21.945719,25.776926,29.194675,25.656902,23.298529,18.695906,21.207024,14.936888,16.596725,14.010634,14.62763,12.91677,12.978995,11.214625,13.907456,13.741663,17.567175,19.092173,22.506104,21.501678,16.933304,18.769558,16.925457,17.373266,18.724794,19.474104,20.119017,18.487236,21.492756,16.905552,21.181099,18.548298,23.036919
19,33.60028,29.579441,30.198048,24.768057,24.746105,23.763536,22.684479,22.81687,19.005396,23.27577,19.951426,25.896696,21.98127,19.492338,16.681757,12.789132,10.060195,6.6127586,4.1064014,0.0,4.6651926,7.134707,9.273899,12.581947,12.385864,12.070897,6.6083884,6.521952,5.634648,7.6249766,9.792426,13.674847,17.591347,20.05652,21.95851,25.841995,26.311554,25.299473,22.070097,17.97954,19.383327,13.732853,15.098931,11.700855,14.56821,18.624979,17.11257,21.380442,22.304142,25.648338,24.61594,24.095806,29.20492,30.765745,29.776443,30.033138,27.365599,26.247892,22.778654,24.771252,17.875114,21.168709,18.698648,21.912422,19.180513,16.859692,15.481204,15.880986,12.224939,11.825093,6.3451624,7.901644,7.5180864,11.185803,12.333495,16.486462,18.7414,18.033783,23.651579,22.16514,25.779976,29.078938,25.112843,22.682756,18.016953,20.035835,13.913365,14.613187,12.45965,12.73449,12.043615,13.218107,12.415093,15.712951,16.435734,20.256546,22.03597,25.461733,23.729557,18.908205,20.155054,17.704058,17.56661,17.870972,17.930399,18.570566,17.572304,20.10064,16.688213,21.010456,18.892292,23.546053
20,34.08861,30.043829,31.377449,25.910524,26.08434,26.044083,24.503212,25.73297,21.953472,26.760365,23.445704,29.57407,25.621881,22.72462,20.23078,16.367174,13.205027,10.557329,6.504755,4.6651926,0.0,3.7905898,5.6117477,9.290793,10.450895,10.396798,7.2375264,5.5823975,7.2265844,7.8231044,12.077449,14.019352,19.354437,21.41268,24.045147,27.87763,28.953,28.392809,25.220158,21.219751,23.242544,17.53368,19.513449,15.756321,18.725405,21.923395,20.239471,23.98958,24.116648,27.99344,27.651402,26.55579,31.686577,33.73863,33.12396,33.64733,31.244394,30.374552,27.04647,29.04275,22.338669,25.668116,23.034895,25.927378,22.618122,19.917505,17.764172,17.369871,13.189786,11.3242445,7.8138614,10.388268,11.873775,15.143644,16.868965,20.925354,23.265913,22.576994,28.224352,26.510424,30.107906,33.22602,29.185953,26.432684,21.775122,23.076962,16.900333,16.606344,13.681438,12.588987,11.84997,14.242378,12.193774,16.762499,17.333273,21.102642,22.50288,25.122242,23.38877,18.324427,20.308006,16.645124,17.91825,17.559294,17.46792,19.241503,18.560984,21.906307,19.08369,23.927069,22.29241,26.962431
21,35.327675,31.44412,33.18853,27.767923,28.384659,28.24394,27.335386,28.647053,25.141298,29.93753,26.797916,32.875504,28.947956,26.22802,23.39306,19.700243,16.506374,13.657382,9.880284,7.134707,3.7905898,0.0,4.683422,6.9499297,8.566508,9.670666,6.9101777,7.9618235,10.452506,11.543596,15.709889,17.740482,23.136646,25.08982,27.778671,31.601835,32.63492,31.956484,28.767237,24.722816,26.358868,20.641186,21.779877,17.879547,19.7582,22.608814,20.269627,23.950386,23.31039,27.700027,27.714945,25.601126,30.900715,33.50662,32.863087,33.7819,31.782515,30.937786,27.715668,29.483374,23.274923,26.79057,24.158855,26.906553,22.92215,20.070993,18.246994,16.979982,13.273034,9.859205,8.239815,12.012511,13.313259,17.203281,19.069807,23.082527,25.6295,24.919075,30.51054,28.846495,32.286983,35.376213,31.12707,28.455713,23.861761,24.860668,19.013819,17.972435,15.48104,13.867225,14.004378,17.099272,15.425743,20.20391,21.007582,24.740881,26.144388,28.589153,26.67483,21.560404,23.407604,19.29786,20.510382,19.330986,18.634766,20.623566,20.523514,23.503876,21.607594,26.362392,25.003864,29.6959
22,31.690783,27.84337,30.068392,24.744799,25.582468,26.194574,25.170492,27.480438,24.36473,29.731005,27.096722,33.371838,30.105938,27.153471,25.294628,20.925821,18.32364,15.1268,11.74173,9.273899,5.6117477,4.683422,0.0,4.096791,6.068035,6.18673,7.243539,6.173077,10.013872,11.1484165,15.714189,17.715065,23.169106,25.758904,28.274223,32.1316,33.14809,32.735073,29.149172,25.21985,26.851389,21.135452,22.73596,18.305668,20.927597,22.463371,20.704683,23.433668,22.594955,26.921406,27.567554,26.023415,30.856873,33.43465,33.55895,34.410088,32.4857,32.240925,29.396343,31.89202,25.654444,29.584969,27.35155,30.540949,26.965693,24.292309,22.641634,21.611008,17.794851,14.506908,12.497131,15.775674,16.307405,20.346937,21.480497,25.703854,27.75062,26.303204,31.989252,29.540813,32.863873,35.53666,31.2268,28.080143,23.616957,23.718092,18.060976,16.195549,13.195458,10.646668,10.984809,14.931834,13.311006,18.550686,19.868227,23.340618,24.758087,26.88491,24.296377,19.197948,20.764938,16.046827,17.545376,15.674446,14.816525,17.496685,17.681255,21.178207,19.99261,25.043274,24.374355,28.978308
23,32.03977,28.472212,31.213316,26.091478,27.450201,28.066101,27.741129,30.257362,27.542805,32.94624,30.617062,36.85922,33.797813,30.980024,29.025406,24.639462,22.136393,18.6882,15.537778,12.581947,9.290793,6.9499297,4.096791,0.0,4.0326734,5.7714915,8.722001,9.7195635,13.660233,15.176204,19.554049,21.783995,27.173412,29.854876,32.314445,36.186653,37.097775,36.598232,32.89219,28.947672,30.175776,24.497255,25.40908,20.82997,22.576696,23.33766,21.163256,23.397333,21.663883,26.423445,27.65717,25.27635,30.009512,33.127647,33.49278,34.715183,33.256744,33.240875,30.671457,33.162525,27.47592,31.65983,29.594933,32.791615,28.829021,26.157173,24.939291,23.345137,20.015701,15.8460865,14.994464,18.813631,18.934912,23.452007,24.476204,28.696123,30.76926,29.108187,34.722477,32.128456,35.23304,37.738396,33.247833,30.106884,25.823692,25.409094,20.308966,17.612955,15.186357,12.1908865,13.503667,17.904415,16.824635,22.040976,23.655874,27.017757,28.47356,30.44522,27.54621,22.533052,23.7731,18.789558,20.041832,17.26352,15.697012,18.570663,19.458666,22.48606,22.460121,27.335943,27.09746,31.634974
24,29.442722,26.001707,28.6137,23.571108,25.243011,25.352583,25.888695,28.14474,25.890003,31.184473,29.333221,35.455086,32.898254,30.371208,28.608002,23.975502,22.07756,18.045374,15.853264,12.385864,10.450895,8.566508,6.068035,4.0326734,0.0,3.2672489,6.7982645,9.474516,13.111105,15.613249,19.159723,22.659832,27.256746,30.534369,32.417755,36.35845,36.76236,36.000233,32.022484,28.092503,28.59302,23.075363,23.22647,18.521122,19.760334,19.76944,17.626196,19.491003,17.679178,22.415493,23.802036,21.567953,26.124853,29.210812,29.802374,31.040394,29.728483,29.993324,27.720697,30.57394,25.212934,29.737375,28.134136,31.716827,28.072134,25.725777,25.33369,23.977802,21.053247,17.218367,15.534501,19.265305,17.962446,23.000525,23.272373,27.52135,29.279701,27.10406,32.59207,29.688564,32.544834,34.844166,30.248207,27.1251,23.043928,22.283674,17.705442,14.5244255,12.838261,10.122673,12.348978,16.691708,16.835123,21.520695,23.670744,26.978445,28.781944,31.251616,27.883726,22.96368,23.34293,18.891623,18.855635,15.741559,13.724164,15.935806,17.201809,19.471397,20.207127,24.749004,24.825485,29.255404
25,26.65827,23.077606,25.64837,20.553646,22.140577,22.592443,22.872044,25.519014,23.402016,28.914425,27.296967,33.45984,31.266764,28.639725,27.475618,22.537111,21.046722,16.956617,15.137554,12.070897,10.396798,9.670666,6.18673,5.7714915,3.2672489,0.0,6.967031,7.7093425,11.374875,13.923698,17.261824,20.919847,25.215647,28.860716,30.509441,34.431408,34.75438,34.1196,29.97659,26.16599,26.710976,21.289875,21.928661,17.078075,19.200764,18.8001,17.407396,18.89322,17.674185,21.917458,23.291454,22.130404,26.343752,28.962019,29.886662,30.80323,29.240969,29.744423,27.56853,30.85543,25.205881,29.784956,28.354168,32.18437,29.04616,26.828321,26.337933,25.46125,22.232056,18.99857,16.397697,19.605417,18.037642,22.862026,22.723244,27.035013,28.452538,25.944498,31.456116,28.171162,31.029114,33.140717,28.633274,25.245733,21.212217,20.14519,15.524369,12.213708,10.055936,6.981008,9.314674,13.816287,14.2466955,18.806261,21.209806,24.34212,26.209454,28.706291,25.048439,20.242954,20.301048,15.944869,15.678519,12.476123,10.5467,12.9521055,14.125342,16.81903,17.52653,22.226545,22.54017,26.893425
26,30.402086,26.680662,28.06003,22.74214,23.730524,22.721413,23.14197,24.000597,21.254124,25.971487,23.729832,29.688725,26.797287,24.570606,22.33814,17.936861,16.172075,11.888586,10.532454,6.6083884,7.2375264,6.9101777,7.243539,8.722001,6.7982645,6.967031,0.0,6.698871,8.526158,11.847558,14.245525,18.890444,22.658041,25.919289,27.424131,31.378143,31.442013,30.31876,26.518238,22.486156,22.752802,17.214966,17.022465,12.625272,13.964047,15.829034,13.691941,17.11898,16.902403,20.966127,20.945217,19.542196,24.569057,26.86828,26.575638,27.364037,25.408276,25.0417,22.241844,24.88635,18.93074,23.257565,21.557478,25.260677,22.102283,19.970045,19.875875,19.301445,16.475636,14.076268,10.474423,13.596311,11.287922,16.447151,16.493486,20.728539,22.554392,20.67813,26.201859,23.810951,26.903751,29.664642,25.186537,22.448671,18.045536,18.60858,13.333071,11.806497,10.457219,9.765319,11.07619,13.924698,14.520473,18.319138,20.197304,23.780794,25.82754,29.116034,26.265373,21.346651,21.636065,18.44045,17.478893,15.977433,14.8416,15.59921,15.833158,17.646461,16.646053,20.92345,20.032812,24.631046
27,28.589746,24.508541,25.854626,20.397182,20.653225,20.98915,19.509153,21.478226,18.208757,23.617855,21.098152,27.405067,24.534597,21.582989,20.458033,15.5915985,13.816006,10.280611,8.148893,6.521952,5.5823975,7.9618235,6.173077,9.7195635,9.474516,7.7093425,6.698871,0.0,4.152416,6.261877,9.967067,13.384072,17.812057,21.195993,23.02968,26.951176,27.55987,27.08386,23.2552,19.382555,20.9524,15.311584,17.617405,13.23252,17.277122,19.055332,18.346867,21.150013,21.665955,25.040638,25.031303,25.143442,29.65777,31.299747,31.455624,31.697687,29.215319,29.026138,26.168344,29.155035,22.438066,26.301056,24.39386,28.015,25.546055,23.305609,21.907314,22.032198,18.099838,16.586996,12.280946,14.113897,13.504558,17.10727,17.329674,21.592997,23.073566,21.238766,26.925568,24.178204,27.591698,30.209185,26.127958,22.862968,18.358759,18.804396,12.739509,11.966408,8.448178,7.27721,6.3004465,9.1838665,8.170342,12.811807,14.44202,17.971046,19.760986,22.657194,19.867395,14.839781,15.793158,12.224411,12.6047735,12.052201,12.118214,13.816471,13.056454,16.77447,14.302791,19.423239,18.484253,23.074856
28,29.088062,24.940514,25.42267,19.999043,19.643349,19.383795,17.503311,18.5448,14.813621,19.915356,17.086641,23.37617,20.384119,17.483469,16.481876,11.479437,10.136406,6.5362597,5.7980056,5.634648,7.2265844,10.452506,10.013872,13.660233,13.111105,11.374875,8.526158,4.152416,0.0,4.150146,6.05809,10.893858,14.322322,17.968756,19.370897,23.32712,23.672804,23.036266,19.23271,15.301061,16.978151,11.312998,14.260585,10.363124,15.311111,17.998947,17.818146,21.043148,22.500202,25.217855,24.46876,25.422895,29.854095,30.869589,30.685337,30.523777,27.61591,27.158274,24.117311,27.070738,20.038054,23.542843,21.688303,25.369583,23.632896,21.685858,20.352697,21.258839,17.416702,17.215496,11.850657,12.387005,11.296163,14.131115,13.940175,18.096373,19.350174,17.640684,23.298971,20.762838,24.351496,27.165249,23.348278,20.278158,15.701543,17.034872,10.66344,11.574051,8.403277,9.092165,7.25908,7.685692,7.1449633,10.372375,11.749458,15.432727,17.44159,21.008133,18.609211,13.860541,14.590054,12.525048,12.045652,13.020456,13.781063,14.385897,12.79868,16.185625,12.18224,17.047554,15.37508,19.986305
29,31.128689,26.89261,27.37141,22.064081,21.21259,21.70225,18.545937,19.963146,15.750491,20.766119,17.37084,23.605513,20.107302,16.700712,15.942284,11.4202385,9.372412,7.7192364,5.6052084,7.6249766,7.8231044,11.543596,11.1484165,15.176204,15.613249,13.923698,11.847558,6.261877,4.150146,0.0,5.3960023,7.181794,12.024148,14.978811,17.164095,21.026344,22.1182,21.999619,18.647907,14.9319725,17.92178,12.593808,16.870474,13.659461,18.955467,21.989986,21.91061,25.162457,26.603048,29.320854,28.542341,29.533003,34.003006,34.955997,34.697857,34.436485,31.37964,30.747044,27.543571,30.19293,22.966318,25.909369,23.672718,26.879787,25.20659,23.06971,20.756107,21.84671,17.50613,17.757442,12.74928,12.580313,13.425015,14.904646,15.554355,19.360796,20.747278,19.727795,25.223867,23.066515,26.805683,29.683018,26.229872,23.204237,18.75341,20.280516,13.986204,15.227339,11.60957,11.802674,9.045186,8.925406,5.7967043,9.421843,9.521319,13.317222,14.804466,17.910501,16.298897,11.506944,13.597608,11.423592,12.722264,14.472393,15.829037,17.038418,15.082737,19.187122,14.517378,19.405062,17.468668,21.83391
30,30.496735,26.335976,25.754032,20.707811,19.25624,18.8647,15.564738,15.61128,11.00961,15.53791,11.980939,18.228569,15.031019,11.769829,11.882829,6.7866635,6.801538,5.614742,7.3248506,9.792426,12.077449,15.709889,15.714189,19.554049,19.159723,17.261824,14.245525,9.967067,6.05809,5.3960023,0.0,7.2952585,8.488065,12.647491,13.4125805,17.369776,17.627779,17.144186,13.4838085,9.668218,12.593153,7.5447226,12.84855,10.689422,16.746758,20.155853,20.89802,24.16529,26.61174,28.4225,26.944818,29.094227,33.182808,33.329372,32.899975,32.127193,28.670862,27.953102,24.817156,27.649662,20.414171,22.98014,21.209675,24.655863,24.187967,22.670355,21.013123,22.986206,19.209784,20.621614,14.809103,13.380249,12.690511,13.159032,12.519363,15.921422,16.547846,15.30514,20.54189,18.385239,22.167751,25.074986,22.0408,19.268332,15.069581,17.414564,11.528527,14.438406,11.729111,13.558871,10.8246565,8.228607,7.453129,7.318728,7.4102283,11.031211,13.108729,17.396227,15.913499,12.085406,12.865826,13.118375,12.420389,15.464752,17.225042,17.054256,14.456606,17.702019,11.699899,15.780282,13.082922,17.227436
31,34.77083,30.550283,30.33003,25.506165,23.66753,24.594717,19.809464,20.841702,16.150238,20.160639,16.076818,21.57784,17.599926,13.687527,14.034564,11.06404,9.418773,11.121453,10.064989,13.674847,14.019352,17.740482,17.715065,21.783995,22.659832,20.919847,18.890444,13.384072,10.893858,7.181794,7.2952585,0.0,6.985353,8.414258,11.556364,15.045747,17.214586,17.960667,15.674138,12.885051,17.68189,13.84027,19.68467,17.939842,23.757063,27.365583,27.834902,31.156252,33.177578,35.37184,34.13051,35.841354,40.152447,40.53672,40.062305,39.36529,35.896458,34.97993,31.641983,33.946537,26.619888,28.503117,26.09244,28.639574,27.884537,25.958948,22.784298,24.698532,20.29929,21.97832,17.228605,15.387603,17.570753,16.66585,17.689829,20.438635,21.493586,21.437862,26.22077,24.74688,28.55065,31.44656,28.85598,26.153612,22.180656,24.322636,18.547268,20.895943,17.414082,18.07337,14.720961,12.852785,9.001836,9.57487,6.7334476,9.780768,10.181942,12.993463,13.594225,10.23722,13.636221,13.390978,15.670459,18.962774,21.146378,22.146357,19.510473,23.761507,17.873007,22.012096,19.463463,23.037945
32,34.414577,30.395588,28.965488,24.752626,22.16796,22.419582,17.23375,16.784426,12.117427,14.666191,10.544645,15.260383,11.969016,8.038274,11.059572,8.915288,10.177766,12.563811,14.101273,17.591347,19.354437,23.136646,23.169106,27.173412,27.256746,25.215647,22.658041,17.812057,14.322322,12.024148,8.488065,6.985353,0.0,5.7559958,5.5159225,9.285791,10.530814,11.395609,9.137599,7.434987,12.884537,11.172936,17.638264,17.38529,23.487597,27.065874,28.459293,31.523415,34.50288,35.675396,33.81484,36.82296,40.570267,40.028454,39.4993,38.202988,34.365746,33.464977,30.386444,32.871822,25.860754,27.14034,25.402367,28.055054,28.784735,27.601053,25.215994,27.967464,24.226875,26.799562,21.34987,18.654835,19.28062,17.373014,16.988821,18.753626,18.628746,18.47978,22.307714,20.96246,24.530096,27.187057,25.472237,23.196857,20.02847,22.717648,18.06825,21.657068,19.06323,20.936401,17.657656,14.024678,12.362605,9.270842,6.1250157,7.3523135,8.247492,12.662621,13.616976,12.237476,13.710971,16.238888,16.507875,20.913603,23.470419,23.220194,20.065294,23.385027,16.620451,19.330452,16.258556,18.81079
33,39.98298,35.931644,34.645103,30.417366,27.845222,28.160337,22.926756,22.281061,17.62996,19.254417,14.696727,18.202301,13.688857,10.164728,11.667898,11.869411,11.693574,15.496339,16.066057,20.05652,21.41268,25.08982,25.758904,29.854876,30.534369,28.860716,25.919289,21.195993,17.968756,14.978811,12.647491,8.414258,5.7559958,0.0,5.031968,7.4494133,10.793784,12.257898,12.241939,11.339453,16.985119,15.627031,21.67846,21.810263,27.397041,31.778252,32.70012,36.270657,39.07294,40.553066,38.518566,40.978252,45.08104,44.710613,43.72593,42.51483,38.64306,37.26651,33.86646,35.597164,28.621895,29.135239,26.843008,28.58502,29.2681,27.967394,24.712011,27.640766,23.934057,27.167686,22.41,19.137726,21.372814,18.287449,19.14735,20.235428,20.689404,21.867197,25.285229,25.039936,28.647821,31.605968,30.13777,28.261028,25.044737,28.130938,23.248938,26.767122,24.00012,25.488178,22.169428,19.140402,16.497988,14.5206995,10.878899,11.734333,11.283088,14.040288,16.883675,15.844427,18.483494,20.318964,21.692617,25.86452,28.342882,28.518627,25.475176,28.955778,22.230398,24.936197,21.601759,24.027328
34,38.670044,34.808857,32.812943,29.03004,26.138332,25.958422,20.81752,19.20621,14.947058,15.344142,11.143174,13.663005,10.035075,6.9140034,10.761713,11.275341,12.970859,16.3658,18.278593,21.95851,24.045147,27.778671,28.274223,32.314445,32.417755,30.509441,27.424131,23.02968,19.370897,17.164095,13.4125805,11.556364,5.5159225,5.031968,0.0,3.9631045,5.9266176,7.5767403,7.879662,8.384186,13.773878,14.0423355,20.013197,20.954222,26.57193,30.65345,32.18076,35.432842,38.78112,39.586525,37.249657,40.554127,44.198563,43.241676,42.33167,40.752182,36.720196,35.47706,32.37482,34.362736,27.729567,28.036926,26.378239,28.393684,29.997519,29.200985,26.766964,30.0352,26.733887,30.131962,24.838865,21.44228,22.300234,19.153137,18.817339,19.373604,18.872322,19.69847,22.368507,22.062473,25.376665,28.054049,27.171959,25.585392,23.007254,26.254026,22.251637,26.317856,24.138468,26.274015,23.084785,19.261045,17.876053,14.418506,11.334025,11.29244,11.402015,15.074528,17.335875,17.070951,18.384386,21.501137,21.588202,26.183289,28.784578,28.203136,24.968157,27.769058,20.83856,22.550797,19.087765,20.717476
35,41.448505,37.71008,35.442406,32.01306,28.90325,28.795967,23.48127,21.659533,17.85346,17.298523,13.638118,14.528944,11.563767,9.517942,13.438679,14.884076,16.61612,20.212723,22.102486,25.841995,27.87763,31.601835,32.1316,36.186653,36.35845,34.431408,31.378143,26.951176,23.32712,21.026344,17.369776,15.045747,9.285791,7.4494133,3.9631045,0.0,4.6799936,7.511983,9.720132,11.484726,16.337942,17.528976,23.229216,24.572994,30.036388,34.128296,35.80305,38.998394,42.50155,43.097507,40.62298,44.161377,47.67997,46.488182,45.510605,43.765274,39.658905,38.3473,35.323902,37.12693,30.765396,30.618639,29.061312,30.710741,32.73863,32.116478,29.604643,33.04286,29.904648,33.57482,28.443987,24.852419,25.886553,22.330385,22.030754,22.030317,21.28802,22.448513,24.376532,24.473778,27.507374,29.993767,29.651974,28.350092,26.176138,29.458523,25.853521,30.019493,27.925175,30.0921,26.8582,22.930904,21.535334,17.851368,14.707077,13.926887,13.502801,16.396147,19.417334,19.964844,21.250393,24.732517,24.9234,29.668455,32.383698,31.73741,28.441162,31.130396,24.217857,25.470911,22.064005,23.07519
