,0,1,2,3,4,5,6,7,8,9,10,11,12,13,14,15,16,17,18,19,20,21,22,23,24,25,26,27,28,29,30,31,32,33,34,35,36,37,38,39,40,41,42,43,44,45,46,47,48,49,50,51,52,53,54,55,56,57,58,59,60,61,62,63,64,65,66,67,68,69,70,71,72,73,74,75,76,77,78,79,80,81,82,83,84,85,86,87,88,89,90,91,92,93,94,95,96,97,98,99,100,101,102,103,104,105,106,107,108,109,110,111
0,0.0,4.1540027,6.171995,9.182199,12.061635,13.745588,17.373266,21.784887,24.235125,27.088669,31.239393,33.70683,35.704235,32.3755,27.151056,26.828392,23.134216,23.124329,18.080187,20.156633,18.306711,18.387545,18.21531,21.439861,23.47634,22.812222,24.1986,22.735533,26.355494,22.83961,30.194899,24.892464,31.374615,29.10516,31.268785,33.670452,31.191765,30.731659,27.036972,25.070152,29.116095,26.242554,30.435486,29.85791,25.882463,29.370768,25.716873,28.551516,27.399364,30.006964,32.098724,32.503708,37.313786,38.44227,40.087006,36.43521,36.38718,37.719646,42.48543,41.37383,37.57772,36.10425,40.45163,40.433384,43.61527,38.86555,36.348763,41.180878,36.17887,34.24563,34.293465,36.99295,33.367233,32.42562,36.116745,35.04576,38.982,39.83981,38.83156,42.26725,41.587353,41.719276,38.467274,33.937836,30.92789,30.193777,25.943413,26.887112,22.474327,23.42366,23.119295,22.469112,24.202118,20.61649,18.022533,15.114502,13.222765,16.377747,15.235817,17.70689,21.277412,23.344616,25.940857,28.236965,30.796354,33.194042,32.59506,36.60888,31.054575,33.722492,32.257233,34.874374
1,4.1540027,0.0,4.7281594,5.751405,8.460428,11.451563,13.830316,19.138079,21.110182,24.072496,28.33035,30.40493,32.249187,28.609478,23.43281,22.940756,19.156311,19.222542,14.07718,16.521349,14.8645115,15.396452,15.552427,18.252752,20.112389,19.214937,20.306581,18.655712,22.251053,18.698492,26.17085,20.972633,27.623497,25.717491,27.893438,30.599365,28.339066,27.601925,23.819956,21.585806,25.382677,22.268688,26.431196,25.73,21.760292,25.232101,21.702406,24.678282,23.772606,26.38235,28.467218,28.656982,33.444542,34.57907,36.095238,32.404987,32.362053,33.640446,38.452717,37.33774,33.5668,32.173798,36.6856,36.78517,40.063736,35.267326,32.841785,37.92003,33.14688,31.08944,31.484928,34.023182,30.405743,29.166964,32.643936,31.45752,35.19556,36.04294,34.97658,38.527325,37.770096,38.01553,34.925858,30.355928,27.351656,26.546917,22.461115,23.473175,19.095211,20.499628,20.3367,20.330336,22.242407,19.245369,16.567919,13.2861395,11.095777,13.755725,13.071278,14.775824,18.986723,20.955412,23.203194,25.652761,28.268564,30.416626,29.98349,33.828068,28.164997,31.175833,29.588305,32.626003
2,6.171995,4.7281594,0.0,4.972321,7.008708,8.010738,11.973497,15.682626,18.475275,21.048805,25.275286,27.838411,30.223059,27.132208,21.835663,21.775694,18.42127,18.972748,15.082074,17.274597,16.857433,16.877325,18.066439,20.694624,21.91058,21.377424,21.460379,19.683598,22.480637,19.077875,25.62746,20.341692,26.636103,23.968931,26.638332,28.68995,26.739977,26.62293,22.520714,20.464705,25.06462,22.483746,26.334543,26.035284,22.955593,26.03358,23.533411,26.25473,26.10886,28.111746,29.74897,29.450016,34.41231,34.94009,36.850235,33.366463,32.54977,33.555264,38.374474,36.776722,32.82905,31.570765,35.88406,36.19776,39.030975,33.889713,31.996119,36.87863,31.97306,30.339792,31.030264,33.97873,30.694456,29.109972,33.10594,31.164442,35.199535,35.478596,34.103775,37.168068,36.384865,36.224434,32.745575,28.285372,25.374376,25.006199,20.513054,22.269812,18.4683,19.813128,20.44197,20.182648,22.643866,19.727741,16.524803,14.105117,11.143721,12.815301,10.641541,12.462796,16.086184,17.355232,20.279789,22.207232,24.655512,27.202,26.769,31.067284,25.872189,28.807358,27.808474,30.735714
3,9.182199,5.751405,4.972321,0.0,3.7501006,6.4870825,8.42837,13.927876,15.45314,18.73648,22.75828,24.914104,26.596409,23.262339,18.081467,18.167929,14.648307,15.975745,11.894913,15.121793,14.878896,15.904473,17.172518,18.78937,19.884285,18.700426,18.388222,15.984511,18.643751,14.757639,21.348082,15.879265,22.254934,20.035229,22.378138,24.934553,22.903343,22.326782,18.322098,16.083334,20.32764,17.670734,21.676054,21.526243,18.439117,21.915682,19.545527,22.95259,23.055767,25.355211,27.12597,26.449108,31.242863,31.934214,33.360157,29.695663,29.067175,29.81499,34.850594,33.0924,29.12356,28.354053,33.16,33.799957,36.827736,31.511215,29.946283,35.320812,30.899189,29.042767,30.320652,32.898277,29.60982,27.573582,31.004951,28.935812,32.441135,32.696217,31.083273,34.35297,33.22288,33.132725,29.81829,25.283468,22.630892,22.39878,18.202879,20.486778,16.91414,19.15511,19.934814,20.70257,23.203691,21.078407,18.051395,15.14332,12.2209215,13.045303,11.718276,11.781967,16.456207,16.961376,19.524464,21.321947,23.576132,25.970285,26.020485,30.17794,24.98329,28.543282,27.420275,31.000406
4,12.061635,8.460428,7.008708,3.7501006,0.0,6.197911,5.5079775,11.49906,13.08887,15.839736,20.29157,22.014236,24.16299,20.473785,15.199832,14.8912325,11.447236,12.626308,9.502879,12.437902,13.224836,14.06381,16.132893,17.342148,17.827738,16.932716,15.825436,13.525779,15.723416,12.301879,18.662418,13.573776,20.171295,18.15705,21.001781,23.564472,22.236555,21.656416,17.32856,14.678708,18.904024,15.985899,19.589958,19.173464,16.58716,19.401632,17.753633,20.631596,21.331753,23.059208,24.487942,23.52849,28.407095,28.764986,30.46657,26.98616,25.937082,26.700863,31.639397,29.870241,25.90493,24.919838,29.58048,30.240963,33.16064,27.813593,26.325895,31.68432,27.32365,25.5533,27.089798,29.719543,26.61875,24.318972,27.888744,25.483648,29.09772,29.175741,27.553967,30.747824,29.752705,29.729538,26.498217,21.942352,19.080555,18.722109,14.493349,16.824184,13.528578,15.992221,17.2083,18.309568,21.064972,19.520826,16.436434,13.917693,10.824083,10.473379,9.275758,8.3636675,13.311577,13.888867,16.009947,18.081522,20.551674,22.577974,22.580969,26.557867,21.32024,25.004725,23.911488,27.675852
5,13.745588,11.451563,8.010738,6.4870825,6.197911,0.0,6.886663,8.593982,11.06702,14.138253,17.698069,20.795502,22.963549,20.837198,15.741566,16.99257,14.566208,17.13903,15.321704,18.177727,19.39704,20.013786,22.208132,23.52788,23.85876,22.972761,21.346361,18.718824,19.85761,16.292578,20.630114,15.186661,20.341942,16.780954,19.740326,21.13459,19.545557,20.026917,15.704104,14.050539,19.477503,18.119436,21.413881,22.173887,20.722698,23.622677,22.90154,26.082321,27.186817,28.773844,29.957376,28.488808,33.28073,33.148445,34.87326,31.52962,29.857185,29.979692,35.01751,32.381363,28.18958,28.021633,32.640343,33.79566,36.126232,30.236729,29.812918,34.96946,30.683907,29.453974,31.373121,34.32063,31.588423,28.970953,32.79757,29.627296,33.22144,32.551815,30.317966,32.768196,31.370739,30.534271,26.585276,22.323923,20.19863,20.991888,16.422777,20.329956,18.100012,20.440697,22.296045,22.994179,26.041866,24.26363,20.868511,18.9622,15.589705,14.954703,12.061297,11.216327,14.777141,12.959341,16.738428,17.089373,18.658733,21.903906,22.343237,27.260729,23.136532,26.785366,26.659628,30.237429
6,17.373266,13.830316,11.973497,8.42837,5.5079775,6.886663,0.0,7.6720986,7.8844795,10.925066,15.16663,16.643589,18.667973,15.16094,9.866909,10.349475,7.687889,10.874617,10.33349,13.369415,15.530152,16.702715,19.37335,19.485828,19.162146,18.099203,15.507638,12.652603,13.085173,9.813537,14.127485,9.062509,15.143805,12.938894,16.200962,18.614775,17.98189,17.532295,12.968159,10.143098,14.68365,12.431996,15.380917,15.614716,14.609808,16.945555,17.053389,20.026815,21.817677,23.031336,23.99917,22.083603,26.724667,26.536564,28.092682,24.794079,23.032932,23.121138,28.199327,25.703436,21.561539,21.368334,26.283865,27.584267,30.163609,24.317184,23.938986,29.513199,25.772024,24.280205,26.775492,29.273813,26.672586,23.601818,26.88408,23.564007,26.729078,26.09884,23.846184,26.66525,25.23145,24.845654,21.418392,16.904844,14.537995,14.9873495,10.899656,14.966906,13.2610655,16.467546,18.545902,20.386005,23.391064,22.782722,19.781506,17.803066,14.803424,12.92716,11.671869,8.615605,13.126444,11.61292,13.613577,14.738905,16.66665,18.736897,19.424393,23.528934,19.050589,23.308165,22.752743,27.02256
7,21.784887,19.138079,15.682626,13.927876,11.49906,8.593982,7.6720986,0.0,5.1337748,5.881601,9.852862,13.002827,16.513222,15.156369,10.724049,12.694723,12.371786,15.695773,17.215603,19.142672,22.129955,22.484262,25.715576,26.11099,25.272854,24.812586,21.528503,19.112328,18.121796,16.028082,16.988604,13.156934,16.478079,12.447379,16.618212,16.9142,17.36648,18.516226,14.0030985,12.450945,17.799892,17.360655,18.962051,20.108318,20.883492,22.207256,23.7676,26.007101,28.46901,28.846457,29.11409,26.657642,31.137903,29.91171,32.01884,29.354242,26.366354,25.83288,30.504286,27.100426,22.920057,23.219803,27.314215,29.058033,30.521942,24.211052,25.237988,30.044031,26.415571,25.908325,28.826561,31.828606,29.98313,26.59281,30.45207,26.039524,29.430483,27.666447,24.840635,26.281221,24.75112,23.281883,18.92587,15.086657,13.553333,15.496599,11.238518,16.832586,16.910683,19.44734,22.454613,23.693296,27.094812,26.5694,23.296684,22.44785,19.209286,16.57911,13.757844,10.801021,12.460666,7.370186,11.204631,9.648785,10.421849,13.963234,15.124034,20.354013,17.696404,21.640265,22.547224,26.395401
8,24.235125,21.110182,18.475275,15.45314,13.08887,11.06702,7.8844795,5.1337748,0.0,5.0214434,7.506982,9.974867,12.05843,10.782764,6.726739,10.068008,10.4878,15.118826,17.060669,19.583744,22.587673,23.677063,26.722786,26.299376,25.355711,24.34749,20.679995,17.759483,15.973994,13.747813,12.968908,9.314789,11.462303,7.3467555,11.610535,12.329714,13.138837,13.929372,9.499434,7.989799,13.059015,13.421245,14.529144,16.401653,18.046423,19.475557,21.743454,24.53022,27.306902,27.869932,28.192219,25.266968,29.321379,28.206556,29.635244,26.88806,24.00638,22.8934,27.79831,23.941969,19.704132,21.065327,25.765749,28.028433,29.63006,23.155941,24.829958,30.091957,27.232918,26.503641,29.970211,32.456882,30.676613,26.923439,29.972801,25.464207,28.006775,26.094166,22.832842,24.37483,22.185423,20.621132,16.389326,12.534558,11.9771385,14.511918,11.268241,17.410162,17.971119,21.17881,24.074348,26.070658,29.303642,29.249527,26.213428,24.916367,21.873838,19.194477,17.286219,13.632352,16.08893,11.343479,13.75231,12.092554,12.126411,15.03383,16.988148,21.598768,19.243948,23.695398,24.385944,28.745934
9,27.088669,24.072496,21.048805,18.73648,15.839736,14.138253,10.925066,5.881601,5.0214434,0.0,5.45716,7.3114886,11.845878,10.8614,7.88514,10.261065,11.88,15.513585,18.908419,20.375484,24.085825,24.582512,28.10982,27.683641,26.208773,25.808315,21.65473,19.413126,16.95408,16.070896,14.1874695,12.328041,13.688091,10.311614,14.832731,14.717602,16.789772,17.874,13.831939,12.398159,16.553095,16.70931,16.851393,18.191938,20.534222,20.734781,23.800768,25.49105,28.741331,28.453352,28.180212,25.047928,29.004864,27.161106,29.219692,27.059523,23.356068,22.225695,26.56856,22.613707,18.56313,19.503616,23.330462,25.633125,26.57608,20.047161,22.316952,26.985064,24.272255,24.114698,27.812286,30.486729,29.254393,25.35978,28.72991,23.65591,26.443838,23.956444,20.64286,21.40729,19.581247,17.700327,13.167677,9.671587,9.132937,12.198702,9.298083,15.646771,17.412497,20.156004,23.535088,25.38629,28.726288,29.122818,26.181742,25.641338,22.733675,19.363943,17.383425,13.539567,14.379393,8.822745,10.537378,7.7581997,7.344889,10.1002865,12.316304,17.03873,15.658552,19.909348,21.257433,25.426132
10,31.239393,28.33035,25.275286,22.75828,20.29157,17.698069,15.16663,9.852862,7.506982,5.45716,0.0,5.2959123,8.72342,10.847427,10.129253,13.639216,15.899654,20.137846,23.544039,25.356909,28.96914,29.754856,33.15969,32.477528,31.007103,30.318071,26.02823,23.507,20.540342,19.584337,15.751262,14.595999,13.201501,9.213209,13.127131,11.338937,14.397781,16.273201,13.230997,13.101334,16.716835,18.435064,17.80388,20.166853,23.414455,23.684881,27.320532,29.391552,32.828983,32.630497,32.302475,28.808935,32.27523,30.255669,31.83497,29.8655,26.01882,24.135553,28.297606,23.575808,19.753056,21.984903,25.71886,28.587667,29.039236,22.489779,25.871502,30.315683,28.332827,28.413898,32.450554,34.912178,33.9588,29.870813,32.782597,27.470182,29.553629,26.55869,22.742598,22.698883,20.184795,17.421759,12.607403,10.57363,12.097657,15.900535,14.105995,20.451662,22.608603,25.44827,28.835247,30.804497,34.12221,34.576077,31.624008,30.99175,28.032255,24.7794,22.683546,18.943598,19.656788,13.677859,15.457893,11.648966,9.363429,12.36588,15.3685465,19.81339,19.892645,23.947546,25.742483,29.817278
11,33.70683,30.40493,27.838411,24.914104,22.014236,20.795502,16.643589,13.002827,9.974867,7.3114886,5.2959123,0.0,6.206583,7.398356,8.763198,11.463365,14.783893,18.630198,23.08074,24.437334,28.387766,29.27991,32.773655,31.460407,29.565723,28.952517,24.234358,22.053305,18.250462,18.419567,12.911555,13.81233,11.508333,9.799101,13.400032,12.590009,16.453571,17.361553,14.719613,14.018928,15.978241,17.373903,15.61006,17.563303,21.709663,20.941633,25.500921,26.94379,30.832987,30.12293,29.424803,25.586271,28.533499,26.189331,27.655268,26.111202,21.90977,19.694729,23.500914,18.586401,14.989046,17.625837,21.164503,24.356602,24.646841,18.18964,22.223242,26.631567,25.461275,25.570776,30.0221,32.033855,31.446613,27.140247,29.446953,23.962147,25.413792,22.101887,18.072884,17.765528,15.005748,12.200645,7.5001297,5.90139,8.7596445,12.810625,12.641792,18.500189,21.513783,24.443048,27.821102,30.290512,33.40608,34.5594,31.968807,31.437153,28.834383,25.212946,23.96023,19.756496,20.421965,15.335933,15.379331,12.377186,10.601328,11.379179,14.595036,17.70621,18.13279,22.332264,23.920692,28.257526
12,35.704235,32.249187,30.223059,26.596409,24.16299,22.963549,18.667973,16.513222,12.05843,11.845878,8.72342,6.206583,0.0,6.320347,9.859623,13.323231,16.436253,21.042078,24.811077,26.924822,30.37929,31.955168,35.007675,33.226032,31.58711,30.317772,25.780296,23.083086,19.168657,18.82141,11.8975525,13.301213,7.9627028,7.502562,9.152979,8.309922,12.783772,13.242728,12.127092,12.388922,12.638409,15.57018,13.083687,16.233664,20.963684,20.760742,25.453321,27.779432,31.552938,31.420475,31.0647,27.065918,29.451384,27.629536,27.973974,26.20449,22.69201,19.812489,23.843021,18.511547,15.168716,19.338968,23.597424,27.136837,27.796852,21.651964,25.752487,30.57233,29.943163,29.632326,34.19372,35.722656,34.932568,30.573227,32.018623,26.94729,27.402021,24.338518,20.11399,20.168358,16.558374,13.903308,10.511719,9.711104,12.99911,16.6259,16.885418,22.546783,25.086988,28.474396,31.487257,34.349567,37.30148,38.419556,35.885403,34.7644,32.186726,28.952677,27.987644,23.719301,25.38493,20.516415,20.84667,18.270773,16.575083,17.560308,20.7343,23.487295,23.55268,27.955511,29.09005,33.68421
13,32.3755,28.609478,27.132208,23.262339,20.473785,20.837198,15.16094,15.156369,10.782764,10.8614,10.847427,7.398356,6.320347,0.0,5.3244824,7.563284,10.940128,15.214489,19.313976,21.190046,24.688334,26.365755,29.362778,27.276035,25.503628,24.25937,19.617987,17.10005,12.936677,13.190606,5.932683,8.630709,5.5609884,7.6473527,10.085899,12.0544,15.123101,14.238991,12.008904,10.520915,10.136833,11.100425,8.450257,10.537442,15.321404,14.604992,19.485516,21.488346,25.349478,25.101852,24.779224,20.83062,23.419107,21.871513,22.302868,20.246542,16.88604,14.42014,19.041653,14.3297205,10.367072,13.946528,18.964275,22.190748,23.654245,17.542961,20.682573,26.074045,25.243288,24.44256,28.898014,30.203274,29.161467,24.853128,26.095402,21.338856,21.869736,19.37002,15.428817,16.820892,13.592434,12.356191,9.714483,6.8865943,8.856262,11.618121,12.334361,17.327633,19.687122,23.24181,25.98488,29.171322,31.909168,33.302937,31.045788,29.804459,27.54545,24.285967,24.108002,19.670773,21.873667,18.316298,17.717558,16.701025,16.383003,16.447443,19.006142,21.204544,19.846203,24.516682,24.84266,29.722029
14,27.151056,23.43281,21.835663,18.081467,15.199832,15.741566,9.866909,10.724049,6.726739,7.88514,10.129253,8.763198,9.859623,5.3244824,0.0,4.4615045,6.697268,11.616563,15.042206,17.232151,20.622625,22.160408,25.203285,23.68284,22.218855,21.043148,16.696365,13.900247,10.718788,9.80503,6.4755936,5.305871,7.2989836,7.0002704,10.686402,13.08875,14.851568,14.109715,10.431265,7.884338,9.926037,9.396858,9.072149,10.411432,13.387339,13.688204,17.281542,19.641481,23.043646,23.193287,23.256058,19.838505,23.39223,22.259249,23.266636,20.639984,17.685003,16.294783,21.314447,17.51678,13.26096,15.029498,20.252504,22.777634,24.732374,18.45042,20.275955,25.956411,23.969263,22.91002,26.865276,28.65288,27.068789,23.006685,25.09348,20.606672,22.287449,20.43336,17.063961,19.18047,16.774248,15.9498,12.734012,8.515591,8.082702,10.263407,8.976299,14.503439,15.880922,19.535906,22.252384,25.149221,28.041712,28.933739,26.447338,25.060762,22.599916,19.52408,19.107077,14.768792,17.534306,14.275403,14.312788,13.935738,14.4674635,15.2798605,17.301226,20.370375,17.739006,22.54165,22.595774,27.453096
15,26.828392,22.940756,21.775694,18.167929,14.8912325,16.99257,10.349475,12.694723,10.068008,10.261065,13.639216,11.463365,13.323231,7.563284,4.4615045,0.0,4.0726852,7.7326417,12.333599,13.731028,17.497557,18.895641,22.07924,20.244183,18.404732,17.542131,12.848819,10.641137,6.9857297,7.6839485,5.9918766,6.4472375,10.267211,11.342286,14.589709,17.420296,19.057928,17.866625,14.263898,11.238235,12.306696,9.953711,9.648423,8.926149,11.418814,10.5489235,14.381829,15.780539,19.443953,19.093908,18.945446,15.550141,19.334667,18.209888,19.6148,17.013952,13.988808,13.316392,18.305075,15.395651,11.240866,11.575039,16.895123,18.993301,21.420683,15.460477,16.357796,22.279718,20.215733,18.842295,22.747297,24.35046,22.71309,18.64923,20.664572,16.337683,18.246988,16.837801,13.9925995,16.919407,15.215596,15.420585,13.133639,8.723388,6.5927286,6.967501,6.455338,10.692634,12.242293,15.949329,18.524792,21.749784,24.442274,25.80413,23.660803,22.420704,20.376602,17.06849,17.557148,13.136898,15.918743,14.244497,12.937863,14.080982,15.580051,15.228068,16.57225,18.725758,15.163239,19.959253,19.359364,24.35387
16,23.134216,19.156311,18.42127,14.648307,11.447236,14.566208,7.687889,12.371786,10.4878,11.88,15.899654,14.783893,16.436253,10.940128,6.697268,4.0726852,0.0,5.42555,8.500176,10.646305,13.961652,15.621271,18.575043,17.005322,15.628052,14.506102,10.361293,7.621516,5.804476,4.645596,8.052532,5.8406124,12.086991,12.716053,15.708833,19.017353,19.663544,18.223959,14.3239565,10.909553,12.552149,9.0244875,10.501902,9.238583,9.446002,9.938301,11.974292,14.061203,17.038914,17.407999,17.887785,15.210886,19.521841,19.188604,20.5307,17.377111,15.388065,15.499533,20.594063,18.460558,14.500184,14.064598,19.396433,20.863731,23.813215,18.253395,17.875229,23.914505,21.151371,19.327848,22.555746,24.274641,22.004019,18.38118,20.654072,17.174467,19.558271,19.032354,16.854267,20.303228,18.944038,19.423557,17.145718,12.657403,10.028811,9.465792,7.513335,10.675062,10.379408,14.306225,16.404675,19.549408,22.17778,23.079954,20.871304,19.150473,17.08621,14.2684965,15.041469,10.942681,14.824023,14.192423,13.439936,15.410439,17.469383,17.629236,18.472172,20.95103,16.365467,21.006697,19.860027,24.73413
17,23.124329,19.222542,18.972748,15.975745,12.626308,17.13903,10.874617,15.695773,15.118826,15.513585,20.137846,18.630198,21.042078,15.214489,11.616563,7.7326417,5.42555,0.0,6.3722796,6.1326833,10.315445,11.384468,14.699196,12.96499,10.969622,10.764845,6.3280807,5.655323,5.4111023,6.9241433,11.824665,11.023108,17.05807,18.070374,21.062643,24.36633,25.08003,23.55538,19.698324,16.249247,17.464529,13.242056,14.544086,11.797794,10.679798,9.707529,10.749982,10.735771,13.685082,13.21978,13.471364,11.470179,16.353945,16.191542,18.34348,15.394946,13.713398,15.169774,19.581762,18.865524,15.537832,13.063678,17.57949,18.021286,21.469292,16.828428,14.65599,20.574654,17.335747,15.024068,17.690113,19.34761,16.770979,13.443826,16.080385,13.304274,16.48948,16.892988,15.909347,19.918224,19.623972,20.962782,19.460415,15.242072,11.674178,9.146612,7.888735,7.153874,5.7735496,9.673437,11.367931,14.915146,17.254654,18.74471,17.054594,15.661244,14.337486,11.30489,13.520608,9.985539,13.452219,15.150198,13.077129,16.636621,19.519787,18.701405,18.62092,20.063251,14.402191,18.530546,16.416443,21.157625
18,18.080187,14.07718,15.082074,11.894913,9.502879,15.321704,10.33349,17.215603,17.060669,18.908419,23.544039,23.08074,24.811077,19.313976,15.042206,12.333599,8.500176,6.3722796,0.0,4.6137834,5.768241,8.157692,10.342716,9.311643,9.118039,7.814406,6.5025625,4.9412894,8.9154625,7.2285376,15.29874,12.490912,19.536932,20.122637,22.531212,26.265877,25.771677,23.970606,20.182274,16.77522,18.313923,13.603872,16.544569,14.060227,10.277674,11.9282055,9.35738,11.245446,12.012487,13.601406,15.275452,14.745163,19.5244,20.6191,22.04327,18.461676,18.409182,20.069557,24.634342,24.24008,20.945591,18.909649,23.565178,23.661842,27.43465,23.14021,20.400206,26.09753,22.407015,19.782019,21.264074,22.872875,19.478996,17.280554,19.700539,18.44469,21.470861,22.663656,21.965467,26.178988,25.693623,26.930098,25.137808,20.711239,17.395689,15.38022,13.11961,12.582177,8.709749,11.802242,11.951728,14.841979,16.781199,16.995728,15.234702,12.468154,11.219431,10.131888,12.673726,10.659909,15.439818,17.815332,17.116295,20.66128,23.61246,23.740398,23.53892,25.642418,19.616177,23.364765,20.959324,25.182531
19,20.156633,16.521349,17.274597,15.121793,12.437902,18.177727,13.369415,19.142672,19.583744,20.375484,25.356909,24.437334,26.924822,21.190046,17.232151,13.731028,10.646305,6.1326833,4.6137834,0.0,4.713293,5.302815,8.65144,7.6187525,6.1898637,6.873754,5.454896,6.7836127,10.008789,10.436658,17.388506,15.728702,22.41954,23.169958,25.954994,29.455765,29.480831,27.837656,23.934103,20.470848,21.909029,17.19456,19.392317,16.324,13.160445,13.070787,11.069312,10.3607645,11.314643,11.462605,12.566438,12.658377,17.65162,18.489481,20.741104,17.695736,17.395193,19.742182,23.620913,23.972553,21.080774,17.87338,21.608702,21.011417,24.83605,21.238865,17.509344,22.755913,18.765236,15.979672,16.911367,18.583647,15.067626,13.233662,16.168655,15.37339,19.039038,20.621683,20.667976,24.906885,25.153019,26.796265,25.428293,21.239468,17.461384,14.59531,12.8880005,10.1412525,5.6264777,7.9318256,7.5437865,10.889303,12.6492605,13.696459,12.471309,10.509373,10.136691,8.414253,12.128045,10.528813,14.1999655,17.921711,16.15728,20.509933,23.871943,23.217897,22.444563,23.735718,17.323208,20.504593,17.544415,21.50202
20,18.306711,14.8645115,16.857433,14.878896,13.224836,19.39704,15.530152,22.129955,22.587673,24.085825,28.96914,28.387766,30.37929,24.688334,20.622625,17.497557,13.961652,10.315445,5.768241,4.713293,0.0,3.7740307,4.740076,4.1774917,5.26467,5.0721326,7.3986173,8.519097,13.019218,12.459619,20.38627,18.146528,25.083124,25.887367,28.211176,32.025528,31.4153,29.506624,25.829279,22.458382,23.700487,18.77811,21.602917,18.536222,14.10931,15.1112,11.092612,11.162904,10.102951,11.796138,13.91623,15.081251,19.636263,21.372059,23.009342,19.675821,20.511507,23.004221,26.86415,27.571606,24.81237,21.822983,25.660545,24.856348,28.932896,25.69444,21.671675,26.737347,22.780596,19.810637,19.96539,21.27349,17.356518,16.469435,18.737236,19.113113,22.348167,24.4983,24.773708,29.232784,29.383905,31.116198,29.774902,25.510862,21.891216,19.1789,17.337774,14.822985,10.111042,11.544532,9.824753,12.310573,13.195958,13.33993,12.578147,9.511905,9.93741,10.28454,14.066517,13.5948925,17.618828,21.558214,20.385872,24.65102,27.988495,27.694345,26.910782,28.358543,21.871105,24.79802,21.6481,25.191021
21,18.387545,15.396452,16.877325,15.904473,14.06381,20.013786,16.702715,22.484262,23.677063,24.582512,29.754856,29.27991,31.955168,26.365755,22.160408,18.895641,15.621271,11.384468,8.157692,5.302815,3.7740307,0.0,4.1630216,5.8525023,6.1333933,7.8577747,9.535845,11.27754,15.152364,15.096049,22.573187,20.437328,27.364685,27.781376,30.523615,34.000854,33.611492,32.027107,28.077919,24.699408,26.442818,21.667889,24.290758,21.237303,17.343493,17.72582,14.430238,13.424653,12.649624,13.217497,14.711408,16.175266,20.842934,22.119059,24.465494,21.563845,21.877295,24.583223,28.08824,28.94551,26.24689,22.700829,25.860085,24.661818,28.502035,25.538033,21.089863,25.59086,21.128078,18.321274,17.794142,19.536615,15.584511,15.22822,18.335827,18.770714,22.681396,24.782972,25.35327,29.557299,30.13189,31.852453,30.452429,26.270666,22.359726,19.426466,17.41034,14.091206,9.097621,9.256832,6.914778,8.721292,9.573226,9.624059,9.049078,6.515748,7.709883,8.125922,12.384147,12.711115,15.893031,20.745775,19.324564,23.969984,27.569397,27.07831,25.844208,27.099958,20.458776,22.810257,19.512838,22.558393
22,18.21531,15.552427,18.066439,17.172518,16.132893,22.208132,19.37335,25.715576,26.722786,28.10982,33.15969,32.773655,35.007675,29.362778,25.203285,22.07924,18.575043,14.699196,10.342716,8.65144,4.740076,4.1630216,0.0,4.5800424,6.9471855,7.9236197,11.515726,13.169323,17.633186,17.171528,25.116041,22.798096,29.789778,30.414991,32.763054,36.52028,35.718693,33.874,30.174229,26.868633,28.275717,23.363771,26.29267,23.167068,18.534979,19.46945,15.019268,14.392753,12.225074,13.806306,15.9657,18.127716,22.343172,24.313686,26.123045,23.057564,24.24269,27.066288,30.515507,31.706293,29.161444,25.759657,29.033577,27.706184,31.782343,29.131594,24.494732,28.922901,24.686956,21.716045,20.768953,22.02226,17.897635,18.16452,20.49095,21.80902,25.239878,27.798735,28.556866,32.989384,33.4877,35.3524,34.07871,29.861425,26.080564,23.181372,21.27118,18.083282,13.172449,13.293324,10.486165,11.699285,11.533939,10.94378,11.109961,7.9788966,9.877393,11.651665,15.597116,16.358633,19.771301,24.539295,23.40224,27.945423,31.483738,31.151083,29.982656,31.237,24.5949,26.853088,23.420515,26.22911
23,21.439861,18.252752,20.694624,18.78937,17.342148,23.52788,19.485828,26.11099,26.299376,27.683641,32.477528,31.460407,33.226032,27.276035,23.68284,20.244183,17.005322,12.96499,9.311643,7.6187525,4.1774917,5.8525023,4.5800424,0.0,3.4877434,3.7298224,8.191935,10.394374,14.768886,14.978841,22.518383,21.025475,27.654697,29.06685,31.12255,35.17893,34.63722,32.434784,29.035856,25.65693,26.169672,21.074335,23.583588,20.04816,15.414881,15.831485,11.252536,10.072043,7.6610374,9.513119,12.067484,14.311204,18.237427,20.629137,21.968311,18.813608,20.536976,23.457905,26.785055,28.301144,26.054762,22.722097,26.165014,24.92724,29.283422,26.870045,22.27944,27.026741,23.495815,20.2569,19.885233,20.452875,16.400059,16.262575,17.543478,19.19811,21.911629,24.773132,25.6512,30.355003,30.771875,32.945,32.152206,28.10357,24.541193,21.474482,20.375208,17.021446,12.737173,13.60064,11.051585,13.617109,13.465386,14.260208,14.524082,11.803583,13.168989,13.73501,17.83129,17.458931,21.086073,25.309822,23.657244,28.110329,31.482716,30.76429,29.890156,30.702335,24.218025,26.827692,23.261665,26.559725
24,23.47634,20.112389,21.91058,19.884285,17.827738,23.85876,19.162146,25.272854,25.355711,26.208773,31.007103,29.565723,31.58711,25.503628,22.218855,18.404732,15.628052,10.969622,9.118039,6.1898637,5.26467,6.1333933,6.9471855,3.4877434,0.0,3.6221135,6.0928802,9.287406,12.89119,14.133868,20.890604,20.132591,26.475554,28.103964,30.383604,34.312546,34.25719,32.132095,28.660713,25.200783,25.572128,20.514227,22.460884,18.678885,14.805364,14.115944,10.732692,8.054716,7.0855365,7.164268,9.115229,11.242036,15.408189,17.444818,19.224909,16.351128,17.638344,20.742853,23.818893,25.504282,23.422625,19.69711,22.830107,21.474619,25.82486,23.603104,18.855297,23.579576,20.22177,16.926134,16.819092,17.283632,13.335939,12.87192,14.1826,15.727394,18.563206,21.43253,22.500778,27.178207,27.825506,30.159943,29.628153,25.767849,22.150883,18.812305,18.23756,14.277934,10.530597,11.386752,9.066745,12.37908,12.419296,14.242088,14.527405,12.5555,13.7380705,13.223128,17.469841,16.539745,19.718597,23.933064,21.687548,26.24987,29.63389,28.465393,27.545233,27.906818,21.521484,24.092344,20.433025,23.884037
25,22.812222,19.214937,21.377424,18.700426,16.932716,22.972761,18.099203,24.812586,24.34749,25.808315,30.318071,28.952517,30.317772,24.25937,21.043148,17.542131,14.506102,10.764845,7.814406,6.873754,5.0721326,7.8577747,7.9236197,3.7298224,3.6221135,0.0,5.1193333,7.2822485,11.522059,12.049295,19.229843,18.213753,24.53694,26.410074,28.266342,32.46748,32.11513,29.728186,26.531607,23.143204,23.108757,17.97346,20.199455,16.505596,11.971178,12.163884,7.6555552,6.7089133,5.046014,7.3716993,10.131741,11.617045,15.576644,18.054113,18.975023,15.539918,17.379913,20.11437,23.669434,25.021513,22.786768,19.808075,23.697945,22.85645,27.302269,24.64377,20.527287,25.73946,22.714153,19.441816,19.942505,20.27728,16.502144,15.510278,16.221323,17.39237,19.56263,22.285791,22.894243,27.719019,27.860779,30.074886,29.452045,25.482346,22.180407,19.221413,18.56529,15.673453,12.04148,13.815724,12.06733,15.388593,15.737297,17.006157,16.862572,14.233484,14.899545,14.620841,18.471508,17.183125,21.07027,24.545597,22.753513,26.910812,30.046593,29.235188,28.713167,29.475927,23.249844,26.319595,22.938251,26.743496
26,24.1986,20.306581,21.460379,18.388222,15.825436,21.346361,15.507638,21.528503,20.679995,21.65473,26.02823,24.234358,25.780296,19.617987,16.696365,12.848819,10.361293,6.3280807,6.5025625,5.454896,7.3986173,9.535845,11.515726,8.191935,6.0928802,5.1193333,0.0,3.907169,6.8271794,8.678801,14.824923,14.574222,20.55202,22.582476,24.7428,28.728313,28.983892,26.771929,23.458145,20.002357,19.92867,14.964775,16.49985,12.694855,9.508526,8.377966,6.584211,5.153219,7.3837857,7.524273,8.941404,8.45999,13.1383,14.666838,16.006872,12.596405,13.195586,15.669216,19.56678,20.372984,17.905577,14.95965,19.202192,18.857656,23.131905,19.901566,16.411366,22.10354,19.350174,16.271605,17.935064,18.50489,15.277582,12.977096,13.997922,13.637083,15.894857,17.943003,18.08949,22.834387,22.842426,24.971012,24.367306,20.477356,17.234293,14.263863,14.085309,11.530539,9.026112,11.752671,11.383071,15.328007,16.497644,18.335464,17.634134,15.625655,15.484391,13.778905,17.207384,14.805957,18.455862,21.17414,18.977829,22.8788,25.827963,24.743862,24.470953,25.13394,19.241655,22.747663,19.726612,24.060751
27,22.735533,18.655712,19.683598,15.984511,13.525779,18.718824,12.652603,19.112328,17.759483,19.413126,23.507,22.053305,23.083086,17.10005,13.900247,10.641137,7.621516,5.655323,4.9412894,6.7836127,8.519097,11.27754,13.169323,10.394374,9.287406,7.2822485,3.907169,0.0,4.942633,4.9417086,12.171165,11.05005,17.334482,19.234365,21.190899,25.308136,25.286657,23.006079,19.738144,16.30624,16.299744,11.285793,13.367141,10.044086,6.408629,7.060694,5.361177,7.4812355,9.549752,10.872746,12.424742,11.107533,15.494315,16.823843,17.592224,13.81622,14.135112,15.724677,20.35357,20.179453,17.184889,15.407815,20.460556,20.841131,24.857544,20.800694,18.36982,24.389883,21.678202,18.89082,21.054829,21.922092,18.86817,16.173815,17.347212,16.096432,18.069342,19.406584,18.688444,23.240137,22.57366,24.217308,23.121412,18.996172,16.107563,13.92222,13.153756,12.492462,10.177224,13.624854,13.909949,17.578817,19.211313,20.405045,19.113638,16.699389,15.833544,14.182552,16.836521,14.01456,18.316277,20.003092,18.55838,21.82708,24.449139,23.98053,24.158041,25.56702,19.976818,23.980404,21.502829,26.089893
28,26.355494,22.251053,22.480637,18.643751,15.723416,19.85761,13.085173,18.121796,15.973994,16.95408,20.540342,18.250462,19.168657,12.936677,10.718788,6.9857297,5.804476,5.4111023,8.9154625,10.008789,13.019218,15.152364,17.633186,14.768886,12.89119,11.522059,6.8271794,4.942633,0.0,4.8415375,8.035361,8.987325,14.030734,16.581688,18.67905,22.5765,23.410248,21.23586,18.140326,14.812876,14.19562,9.795205,10.268716,6.7341785,6.5499845,4.5740495,7.8310566,8.927565,12.610967,12.57994,13.01135,10.073324,14.052652,14.365704,15.13631,11.712191,10.605103,11.43143,16.416792,15.515341,12.301793,11.087705,16.639652,17.769958,21.454365,16.934832,15.681183,21.922771,19.988644,17.588343,20.796526,21.55426,19.272213,15.721999,16.574766,13.995575,15.358722,15.795056,14.383825,18.787014,17.789352,19.404978,18.563179,14.687427,12.231352,10.312462,10.771107,11.086777,10.964667,14.672889,15.930946,19.798174,21.72697,23.474903,22.056746,20.263777,19.095701,16.511602,18.608116,14.903184,18.490032,19.046835,17.111275,19.758947,21.940392,21.034998,21.657785,22.743103,17.970943,22.307037,20.340746,25.259197
29,22.83961,18.698492,19.077875,14.757639,12.301879,16.292578,9.813537,16.028082,13.747813,16.070896,19.584337,18.419567,18.82141,13.190606,9.80503,7.6839485,4.645596,6.9241433,7.2285376,10.436658,12.459619,15.096049,17.171528,14.978841,14.133868,12.049295,8.678801,4.9417086,4.8415375,0.0,8.512067,6.176756,12.722606,14.435586,16.281599,20.431913,20.361185,18.11601,14.835672,11.419987,11.582589,6.7771378,9.316039,7.2509637,5.118302,7.4349666,7.996327,11.612235,13.996782,15.42326,16.655458,14.411167,18.413973,19.13619,19.536911,15.790817,15.271489,15.636292,20.865875,19.357294,15.777724,15.547186,21.22508,22.483501,26.000648,21.038397,20.056692,26.264353,23.77495,21.450214,24.301296,25.466513,22.794003,19.556917,20.912792,18.528097,20.192022,20.508226,18.739197,22.780954,21.3144,22.249332,20.551874,16.306128,14.103701,13.159239,11.955208,13.733857,12.404177,16.290468,17.447256,20.849182,22.988695,23.802479,21.93274,19.51859,17.864775,15.940243,17.404926,13.944148,18.439848,18.469753,17.83083,20.025797,22.047039,22.229282,23.045723,25.204645,20.342588,24.829208,23.133162,27.962372
30,30.194899,26.17085,25.62746,21.348082,18.662418,20.630114,14.127485,16.988604,12.968908,14.1874695,15.751262,12.911555,11.8975525,5.932683,6.4755936,5.9918766,8.052532,11.824665,15.29874,17.388506,20.38627,22.573187,25.116041,22.518383,20.890604,19.229843,14.824923,12.171165,8.035361,8.512067,0.0,5.956426,6.545081,10.436414,11.931032,15.649968,17.337381,15.22845,12.960244,10.454083,8.492993,6.935184,4.277755,4.6625195,9.605732,8.907457,13.761273,16.141115,19.835697,20.01082,20.118338,16.389774,19.02073,18.42382,18.26798,15.492943,13.266397,11.442834,16.764978,13.333778,9.442129,12.09698,18.008575,20.666393,23.234768,17.765558,19.315462,25.29576,24.311216,22.73891,26.823421,27.677769,26.124193,22.068275,22.675201,18.876245,19.112494,17.811916,14.649762,17.68294,15.037746,15.384859,14.036546,10.704189,10.681408,11.462973,12.3485985,15.813438,17.20657,21.014282,23.075943,26.661943,29.015429,30.523008,28.609941,26.896582,25.045427,22.202053,22.96712,18.69163,21.862638,19.878899,18.818321,19.366266,20.1218,19.822504,21.673643,23.370989,20.497477,25.222824,24.508568,29.561275
31,24.892464,20.972633,20.341692,15.879265,13.573776,15.186661,9.062509,13.156934,9.314789,12.328041,14.595999,13.81233,13.301213,8.630709,5.305871,6.4472375,5.8406124,11.023108,12.490912,15.728702,18.146528,20.437328,22.798096,21.025475,20.132591,18.213753,14.574222,11.05005,8.987325,6.176756,5.956426,0.0,7.1957746,8.28944,10.295279,14.263748,14.518425,12.595571,9.163121,5.844615,6.7950635,4.478345,6.341202,7.615049,9.134308,11.200127,13.557336,17.23923,19.997509,21.1555,21.954884,18.985432,22.537802,22.454939,22.689337,19.354683,17.774778,16.780634,22.186237,19.114096,15.078665,16.700747,22.514406,24.680244,27.409498,21.623236,22.383808,28.467012,26.334908,24.638891,28.146555,29.601961,27.43272,23.715748,25.276884,21.786242,23.149237,22.264519,19.402216,22.448112,20.088984,19.946459,17.433378,13.34741,12.482314,13.413235,11.999166,16.243113,16.195705,20.123661,22.08937,25.190031,27.773466,28.378208,26.036816,23.8981,21.616945,19.33136,19.483624,15.56009,19.555521,17.42284,17.71026,18.243011,19.23568,20.203428,21.854437,24.774193,21.173706,25.957952,25.260748,30.178904
32,31.374615,27.623497,26.636103,22.254934,20.171295,20.341942,15.143805,16.478079,11.462303,13.688091,13.201501,11.508333,7.9627028,5.5609884,7.2989836,10.267211,12.086991,17.05807,19.536932,22.41954,25.083124,27.364685,29.789778,27.654697,26.475554,24.53694,20.55202,17.334482,14.030734,12.722606,6.545081,7.1957746,0.0,5.5342884,5.6232667,9.405314,11.272282,9.363732,8.068167,7.189049,4.9864664,7.945803,5.699899,9.686505,13.895857,14.873933,18.787638,22.18482,25.43681,26.202944,26.556599,22.917665,25.421316,24.771812,24.32034,21.634302,19.504522,17.093681,22.0746,17.698195,14.027402,17.859343,23.408737,26.470678,28.442682,22.578743,25.075403,30.806715,29.765497,28.543459,32.702793,33.87305,32.3382,28.245438,29.162134,25.092007,25.34661,23.519903,19.849789,21.790785,18.425943,17.416424,15.059442,12.399411,13.850092,16.117413,16.025938,20.933973,22.191053,26.031008,28.339115,31.56429,34.200317,35.143456,32.804768,30.921675,28.581772,25.980099,25.771677,21.607288,24.767683,21.272236,21.542768,20.629389,20.318415,21.25501,23.762913,26.438978,24.48383,29.265682,29.258041,34.210392
33,29.10516,25.717491,23.968931,20.035229,18.15705,16.780954,12.938894,12.447379,7.3467555,10.311614,9.213209,9.799101,7.502562,7.6473527,7.0002704,11.342286,12.716053,18.070374,20.122637,23.169958,25.887367,27.781376,30.414991,29.06685,28.103964,26.410074,22.582476,19.234365,16.581688,14.435586,10.436414,8.28944,5.5342884,0.0,4.533615,6.313735,8.009747,7.9817357,5.0156894,5.136547,7.773993,10.702679,10.43193,13.945849,17.013485,18.595795,21.727858,25.231197,28.237938,29.104288,29.516804,26.100182,29.268284,28.380238,28.644087,25.90412,23.394197,21.326174,26.30184,21.803602,17.835491,21.002619,26.233227,29.1571,30.80403,24.474152,27.012304,32.55246,30.79681,29.874289,33.850967,35.641037,34.01206,29.978413,31.836935,27.422672,28.605122,26.534876,22.795626,24.260223,21.11602,19.384838,15.794096,12.850651,14.10326,17.005661,15.558856,21.413164,22.422691,26.08269,28.704823,31.37857,34.341892,34.721996,31.973564,30.238964,27.469269,24.938768,23.792782,19.884977,22.764595,18.307503,19.755928,17.975574,17.228859,19.358883,21.966072,25.696333,23.980267,28.671497,29.187075,33.900867
34,31.268785,27.893438,26.638332,22.378138,21.001781,19.740326,16.200962,16.618212,11.610535,14.832731,13.127131,13.400032,9.152979,10.085899,10.686402,14.589709,15.708833,21.062643,22.531212,25.954994,28.211176,30.523615,32.763054,31.12255,30.383604,28.266342,24.7428,21.190899,18.67905,16.281599,11.931032,10.295279,5.6232667,4.533615,0.0,5.0298176,5.7265654,4.2901907,4.5175376,6.3971004,6.2176747,10.857161,10.307505,14.558384,17.671265,19.748455,22.700464,26.783768,29.56941,30.865103,31.51855,28.105608,30.821455,30.3157,29.842648,26.994465,25.079716,22.713749,27.657053,23.123693,19.510794,23.343466,28.788715,31.858528,33.659176,27.572104,30.177176,35.843758,34.438465,33.326447,37.33656,38.8161,37.102295,33.09787,34.394634,30.306028,30.872147,28.98502,25.231676,26.805231,23.333677,21.707499,18.689425,16.28421,17.908796,20.616081,19.597578,25.106462,25.900377,29.703259,32.050346,34.91331,37.717216,38.078953,35.42663,33.35477,30.686707,28.478928,27.559898,23.764193,27.011913,22.760387,24.18193,22.500805,21.63773,23.68321,26.375153,29.871532,28.173243,32.912148,33.244,38.055397
35,33.670452,30.599365,28.68995,24.934553,23.564472,21.13459,18.614775,16.9142,12.329714,14.717602,11.338937,12.590009,8.309922,12.0544,13.08875,17.420296,19.017353,24.36633,26.265877,29.455765,32.025528,34.000854,36.52028,35.17893,34.312546,32.46748,28.728313,25.308136,22.5765,20.431913,15.649968,14.263748,9.405314,6.313735,5.0298176,0.0,4.9130015,6.876589,7.444471,9.992405,11.225218,15.643917,14.831039,18.966257,22.368725,24.06221,27.31448,31.067747,34.046856,35.04001,35.439472,31.87053,34.634842,33.638454,33.514267,30.985287,28.474682,25.887127,30.515612,25.515793,21.985416,25.986288,30.932905,34.209064,35.41391,29.13901,32.42538,37.698917,36.33641,35.655598,39.809,41.560757,40.121254,35.997684,37.66064,33.089348,33.847145,31.411274,27.392593,28.129871,24.564722,22.171091,18.639158,16.981346,19.227013,22.567686,21.411963,27.435364,28.678537,32.279404,34.981827,37.570095,40.58823,40.854366,38.001717,36.256176,33.36776,30.956772,29.440742,25.718035,28.266619,23.118979,24.997576,22.3077,20.618877,23.173038,26.16488,30.00068,29.253998,33.790844,34.746143,39.338448
