,0,1,2,3,4,5,6,7,8,9,10,11,12,13,14,15,16,17,18,19,20,21,22,23,24,25,26,27,28,29,30,31,32,33,34,35,36,37,38,39,40,41,42,43,44,45,46,47,48,49,50,51,52,53,54,55,56,57,58,59,60,61,62,63,64,65,66,67,68,69,70,71,72,73,74,75,76,77,78,79,80,81,82,83,84,85,86,87,88,89,90,91,92,93,94,95,96,97,98,99,100,101,102,103,104,105,106,107,108,109,110
0,0.0,4.7558913,6.525185,9.298346,12.5745535,13.722215,17.70294,21.926329,23.666588,28.206997,32.04425,35.241283,36.51904,36.216175,34.437595,31.292393,30.628103,26.964073,26.734295,22.41418,25.85411,20.203676,24.167578,21.181171,23.195469,23.286215,18.94976,21.309414,20.208574,24.952452,24.78929,28.80072,33.865784,34.226547,37.499683,40.038506,42.482296,41.11516,37.646255,33.890755,35.21063,30.87521,30.266777,25.397533,26.354801,22.527308,24.124704,18.395157,21.59277,21.164694,24.806704,22.832142,28.355799,30.689571,30.17711,33.838097,30.96609,33.660637,37.480804,33.552998,30.659477,28.353651,24.407719,23.094774,18.030182,20.14374,16.441854,19.446323,21.880503,25.061459,25.368637,29.195347,29.034256,33.684868,34.06598,38.3337,40.35362,41.01393,43.33236,42.886017,38.99562,35.173744,33.32862,29.201662,27.321987,24.763338,18.6875,18.114117,14.155506,13.122524,9.807628,10.027825,12.331537,16.143717,17.511415,16.730965,19.298323,18.61672,23.716976,23.530231,28.132664,26.681915,30.821823,35.21757,31.669521,28.5816,28.062277,22.304916,22.037436,18.100359,16.917128
1,4.7558913,0.0,5.229623,6.4251423,9.266644,12.047955,14.614173,19.905315,21.042976,26.343924,29.709475,33.212646,34.680157,34.107834,32.861683,29.249582,28.762835,24.762066,24.450455,20.03631,23.308811,17.842896,21.1464,18.778654,20.17245,19.614305,14.804441,17.33702,16.262579,21.273302,21.134739,25.603388,30.81939,31.79199,34.671528,37.56065,39.81098,38.102356,34.820263,31.045053,31.749758,27.203136,26.671045,21.401182,22.126204,18.187237,19.633213,13.87258,16.94499,16.466452,20.054491,18.219719,23.65128,26.167418,25.824057,29.589685,26.96879,29.916723,33.787663,30.180214,27.302216,25.140333,21.013151,20.263958,14.881332,18.363747,14.731972,17.44364,18.790686,21.885685,21.493397,25.49115,25.18131,29.884132,30.333075,34.536423,36.774742,37.587208,40.168148,40.049,36.34583,32.743668,30.841263,26.774942,24.391644,22.582693,16.004345,15.619476,11.657453,10.559774,8.416232,8.058441,11.910765,15.650356,17.084024,16.035683,18.304739,17.631994,22.850157,22.498684,27.532837,25.64465,30.229723,34.512768,31.40243,28.335093,28.159298,22.397182,22.678984,18.936485,18.238928
2,6.525185,5.229623,0.0,5.021924,7.0447936,8.021969,11.78357,16.012487,17.994867,22.439974,26.838842,29.702623,31.587591,31.505136,30.415987,27.247993,27.382336,23.497784,24.18867,20.273928,24.322271,19.585295,23.56051,21.810198,23.680096,22.691515,17.741203,19.179699,16.882355,22.332075,20.726856,25.674892,29.679058,30.905212,33.609165,36.255596,39.0159,37.388405,34.40522,30.951984,31.27861,27.323467,25.931124,21.079018,23.208738,19.070057,21.590176,15.970874,19.411514,18.527126,21.38229,18.386349,24.59092,25.939713,25.703274,29.241024,25.831528,28.493698,31.918926,27.765757,25.094004,22.1837,18.246798,16.623247,11.696433,13.77483,10.469975,14.12907,16.54934,19.098038,19.720293,23.19727,22.98223,27.563963,27.919765,32.198982,34.135384,34.877365,37.11227,36.79917,33.149944,29.305138,27.831833,23.760233,21.8734,20.116577,13.974153,14.882586,10.994408,11.687568,9.963902,11.887432,14.327057,18.782932,18.791103,16.913881,18.627598,16.955788,22.137152,20.689697,25.429039,22.911945,27.199577,31.195776,27.651363,24.677397,23.70579,18.379084,18.130318,14.47324,13.446955
3,9.298346,6.4251423,5.021924,0.0,3.7586753,6.32086,8.771402,13.807929,14.749079,20.137484,23.302933,26.839909,28.267324,27.741388,26.665073,23.094217,23.000662,18.95761,19.380236,15.410866,19.428957,14.994115,18.966417,17.733053,19.754065,18.556406,13.913117,14.582032,12.100847,17.411922,15.960829,20.688591,25.04194,26.199827,28.934132,31.704674,34.26405,32.603306,29.529163,26.00528,26.484007,22.445293,21.284378,16.560637,18.646957,14.688948,17.604872,12.211703,16.360819,16.42335,18.752375,15.318347,21.163218,22.485786,21.610912,25.064238,21.854292,24.41049,28.221537,24.334877,21.384491,19.489004,15.66384,15.181011,11.128362,14.45036,12.562204,16.435823,17.578886,19.292551,18.90098,22.203178,21.004725,25.77197,25.509027,29.82448,31.612362,32.030346,34.443817,34.00999,30.111193,26.48874,24.476778,20.390574,18.163816,16.221134,9.699141,10.075689,6.1733375,7.1488485,6.80695,9.521316,11.658837,16.040579,15.453759,13.259879,14.59453,13.005665,18.165846,16.929089,22.032219,19.616714,24.334986,28.460482,25.599014,22.58915,22.813774,17.08131,18.060135,14.736008,15.142049
4,12.5745535,9.266644,7.0447936,3.7586753,0.0,5.1932173,5.351176,11.228528,11.964454,17.619648,20.973303,24.353935,26.282015,25.821362,25.427334,21.744244,22.271439,18.078308,19.09552,15.591065,19.692135,16.162945,19.602829,19.28689,20.870846,18.942503,14.094401,14.144309,10.865418,16.577377,14.034389,19.583475,23.155907,25.138319,27.300806,30.243446,32.91104,30.972122,28.319006,25.043375,24.588882,20.78284,19.079542,14.224743,17.112427,12.996291,16.434313,11.515639,15.423645,15.112232,16.721718,12.616294,18.848312,19.487364,18.924932,22.323925,18.809883,21.47217,25.012669,21.079014,18.300056,15.964195,12.001325,11.644731,7.7781,11.827852,10.667255,14.418092,14.947615,16.042692,15.541741,18.604542,17.279594,22.034304,21.794056,26.110336,27.951683,28.511251,30.98096,30.782667,27.139631,23.593674,21.850494,17.860634,15.386957,14.533382,7.9554243,9.876233,6.841202,8.991974,9.990751,12.528562,14.803664,18.973753,18.017,15.50931,16.206532,14.214512,19.026793,17.025372,22.091362,18.935246,23.725779,27.453955,24.77901,21.9466,21.94506,16.798344,17.864964,15.046638,15.58591
5,13.722215,12.047955,8.021969,6.32086,5.1932173,0.0,5.9664183,8.206802,10.471533,14.529926,19.043365,21.719818,23.658382,23.796677,22.998142,20.114693,20.994339,17.300861,19.253813,16.422972,21.142532,18.156416,22.54979,22.142914,24.545027,22.9781,18.643576,17.961395,14.245132,19.39935,15.978736,20.949558,23.290712,24.765255,27.160313,29.517776,32.737522,31.236048,28.659113,25.725685,25.687517,22.716375,20.377226,16.757696,20.654703,16.905428,20.911188,16.331312,20.461817,20.217781,21.485771,16.855698,23.077036,22.736952,21.857916,24.754423,20.556086,22.476109,25.604202,20.998264,18.363367,15.677033,12.5059,10.973978,9.154385,9.949368,10.256295,15.086415,17.015078,17.387444,18.120232,20.325588,18.897469,23.338943,22.649895,26.99211,28.190754,28.336918,30.23139,29.409212,25.488276,21.546103,20.04997,15.980982,14.640432,12.732137,7.673684,10.412459,7.999253,11.213967,11.541609,15.417637,16.159855,20.747269,18.684118,15.730619,16.044125,13.196387,17.688356,14.758322,19.226366,15.781999,20.070023,23.713037,20.42661,17.584257,16.994331,11.914195,12.678959,9.982964,10.921025
6,17.70294,14.614173,11.78357,8.771402,5.351176,5.9664183,0.0,6.8486314,6.990692,12.874037,16.266829,19.416643,21.80457,21.494776,21.87907,18.299776,19.729158,15.6601515,17.765162,15.376429,19.627144,17.71733,20.876318,21.686197,23.24157,20.763365,16.47139,15.070692,10.809602,16.071377,11.682998,17.690006,19.565542,22.357807,23.842857,26.744675,29.710623,27.635868,25.567896,22.826557,21.419468,18.460562,15.755018,11.755182,16.278305,12.61827,16.989132,13.456568,17.118347,16.893602,17.063995,11.857909,17.926695,16.927937,16.251125,19.120533,14.86437,17.139107,20.250189,15.982832,13.373063,10.730952,7.086287,7.2561426,6.5904965,9.960741,11.28466,14.979717,14.914579,14.261272,13.80721,15.703532,13.50854,18.090132,17.211119,21.565151,23.019854,23.360104,25.703238,25.436108,21.868137,18.362177,16.84512,12.991686,10.498948,10.924479,5.664424,9.742869,8.723079,12.0424595,14.05052,17.087637,18.608696,22.607283,20.683035,17.725582,17.450861,14.879528,18.79413,15.705179,20.344442,16.312088,20.974897,24.088827,21.821808,19.32611,19.390871,15.215486,16.74376,14.982326,16.24421
7,21.926329,19.905315,16.012487,13.807929,11.228528,8.206802,6.8486314,0.0,4.352334,6.5150986,12.066765,13.869308,16.717415,17.381216,17.877798,15.570616,18.0359,14.96704,18.569498,17.601168,22.198967,21.471071,25.276693,26.306498,28.55206,26.315495,22.671001,20.447,15.974611,20.095545,14.699668,19.541426,18.929365,21.433432,22.717459,24.77246,28.499146,26.93023,25.354843,23.418402,22.092701,20.710598,17.053404,15.398898,20.945566,18.064085,22.843746,19.923122,23.68016,23.56245,23.20853,17.710592,23.215805,20.794119,19.748268,21.57147,16.5732,17.420809,19.51207,14.37286,12.351022,9.369864,8.316353,7.082685,10.738668,9.686988,13.562508,17.691204,18.683537,16.744421,17.636156,17.931976,15.442972,19.041708,17.2572,21.356447,21.634184,21.225573,22.628654,21.425419,17.524492,13.461573,12.5511675,8.815985,8.597121,8.529825,8.00669,12.50066,12.710329,16.631475,18.305912,22.310532,22.514532,26.68565,23.584387,20.243597,19.250858,15.915841,18.631298,14.155357,17.408564,12.503869,16.183495,18.541195,15.945956,13.861851,13.315433,10.710074,12.347575,12.181602,14.290882
8,23.666588,21.042976,17.994867,14.749079,11.964454,10.471533,6.990692,4.352334,0.0,6.9917707,9.351211,12.553261,14.921426,14.782291,15.832396,12.713747,15.296695,12.001664,15.6109295,15.13879,19.313044,19.49236,22.647556,24.38962,26.36328,23.859985,20.785368,17.854273,13.367613,16.765629,10.945924,15.717005,14.816123,17.899815,18.811163,21.231476,24.720646,22.889357,21.440964,19.582958,17.792969,16.57148,12.749144,11.699019,17.524061,15.21779,20.140444,18.140806,21.789661,22.228678,21.255322,15.693229,20.378271,17.650589,16.031883,17.567636,12.635686,13.287606,15.847203,10.982817,8.436625,7.285807,6.862901,8.205311,12.090389,12.952098,16.441393,20.126114,19.981964,17.756395,17.448565,17.587364,14.112544,17.727245,15.249438,19.298449,19.516094,18.800735,20.618908,19.503775,15.376017,11.804249,9.9372225,6.015981,4.4397964,5.9215565,6.536177,10.8845215,12.223607,15.9756,18.506847,22.196047,22.404066,26.090502,22.90652,19.627735,18.21412,15.222062,17.384993,13.192871,16.650408,11.863483,16.025604,18.317022,16.956905,15.040216,16.068823,13.332849,15.897977,15.720119,18.210268
9,28.206997,26.343924,22.439974,20.137484,17.619648,14.529926,12.874037,6.5150986,6.9917707,0.0,7.9815645,7.7142453,11.404309,13.006023,14.509486,13.600206,17.202948,15.452064,19.946991,20.488653,24.691048,25.409897,28.975904,30.64017,33.004154,30.685484,27.733532,24.725273,20.283873,23.18434,17.278189,20.879734,17.672592,20.31684,20.761944,22.050514,26.22381,24.97096,24.26275,23.371359,21.587763,21.85157,17.606823,18.128622,24.11493,22.11965,27.038881,25.096468,28.675926,28.806438,27.68952,22.098455,26.661016,23.062609,21.70066,22.38797,17.291513,16.684816,17.52288,12.312507,11.367693,9.573611,11.380776,10.899123,16.377256,14.310013,19.111624,22.777193,23.519289,20.52769,21.526304,20.487955,17.464676,19.810978,17.002882,20.374521,19.37595,18.022991,18.482267,16.313517,12.162934,7.889611,7.8890076,5.7122607,8.338306,9.211942,12.726381,16.70405,18.048231,21.967302,23.935791,28.129747,27.707386,31.59871,27.814362,24.402805,22.723982,19.344683,20.50343,15.49144,16.94072,11.7060175,13.7496805,14.442969,12.767251,11.876375,11.688285,12.01437,14.022784,15.565595,18.214142
10,32.04425,29.709475,26.838842,23.302933,20.973303,19.043365,16.266829,12.066765,9.351211,7.9815645,0.0,5.637989,6.148636,5.788133,8.885426,7.4909973,11.780879,11.1529875,15.717946,17.896082,20.987295,23.60311,26.284166,28.90784,31.156654,28.848377,27.278503,23.214363,19.335491,20.162699,14.614114,16.00679,10.695788,13.4787,13.121517,14.235422,18.402678,17.25046,17.017736,16.968693,15.110562,16.880537,12.775488,15.9385,21.52633,20.96692,25.722914,25.24352,28.717598,29.887623,28.065498,22.772842,25.605127,21.756697,19.133547,18.698017,14.470539,12.313826,13.499112,9.643727,8.521664,11.570952,14.235441,16.113325,21.198244,21.08905,25.336908,28.891933,28.551826,25.484114,25.000465,23.890882,19.6939,21.734322,17.782286,20.528797,18.910904,16.361935,17.05511,14.233159,9.019539,6.7188864,2.633971,3.4510384,6.6829014,7.803738,13.891642,16.439827,19.304909,22.723389,25.553997,29.447973,28.487074,31.491365,27.304396,24.120632,21.678793,18.975552,18.46439,14.18596,14.8469,10.610449,12.556946,12.765768,14.152378,13.766649,16.802584,16.413652,19.815794,21.147089,24.514198
11,35.241283,33.212646,29.702623,26.839909,24.353935,21.719818,19.416643,13.869308,12.553261,7.7142453,5.637989,0.0,5.5097556,7.9607525,11.458388,12.19613,16.527214,16.460714,21.142147,23.246613,26.538816,28.903948,31.82242,34.271404,36.57671,34.204643,32.24711,28.429155,24.342197,25.642542,19.864443,21.624851,15.777782,18.410473,17.558104,17.844168,22.180582,21.326048,21.79867,22.272854,20.06336,22.24472,17.957796,20.847984,26.662035,25.83512,30.628813,29.909512,33.251396,33.912334,32.02657,26.617989,29.77902,25.371712,23.432667,22.77739,18.353346,16.06381,15.606649,11.702247,12.020115,13.18366,16.567234,17.393131,23.2893,21.72078,26.627277,29.958796,30.03687,26.46033,26.840845,24.982635,21.290833,22.46949,18.622309,20.80327,18.41889,15.648127,15.062688,11.40843,6.5732174,4.012931,4.559498,7.130173,10.900945,12.401346,18.104277,21.220066,23.613663,27.290655,29.755583,33.884384,32.956707,36.288357,32.010666,28.719099,26.391802,23.38666,22.90967,18.225044,17.939056,13.580919,13.788331,12.222934,13.389351,14.013889,15.607958,17.384491,19.980478,22.158997,25.250912
12,36.51904,34.680157,31.587591,28.267324,26.282015,23.658382,21.80457,16.717415,14.921426,11.404309,6.148636,5.5097556,0.0,3.7238069,6.7158866,9.042479,13.066689,14.3837385,18.866543,21.832191,24.622467,27.75663,30.707975,33.22124,35.886154,33.948277,32.788376,28.584785,24.915998,25.174082,20.15703,20.175676,13.963001,14.937246,14.515533,13.750656,18.303213,18.297836,18.582264,19.518154,18.679405,21.473156,17.836876,21.752153,27.03477,26.77647,31.471329,31.017574,34.651405,35.96121,34.180557,28.911575,31.566538,27.607317,24.832943,23.919659,20.127712,17.368917,17.678411,14.648808,14.301428,17.137796,20.079384,21.379438,26.688818,25.62307,30.162668,33.91546,34.056488,30.851643,30.796547,29.378584,25.338654,26.873384,22.788992,24.952106,22.547436,19.36885,18.90423,14.9157095,9.963598,8.95271,6.9530187,9.189462,12.811212,12.40868,19.075571,21.101902,24.081059,27.437613,29.967588,34.16671,32.475327,35.341908,30.629858,27.524994,24.822273,22.167772,20.489817,16.347954,14.845666,11.726926,10.955956,8.926561,12.134643,13.078901,16.727057,17.971598,21.332258,23.499304,27.149405
13,36.216175,34.107834,31.505136,27.741388,25.821362,23.796677,21.494776,17.381216,14.782291,13.006023,5.788133,7.9607525,3.7238069,0.0,5.390701,6.5334697,10.477717,12.043733,16.193365,19.57107,21.837067,25.529217,28.024046,30.852118,33.361923,31.435665,30.763535,26.313272,22.972334,22.514437,17.908085,17.100931,10.549921,11.443891,10.799983,10.202573,14.736741,14.642962,14.874258,15.975627,15.27762,18.376978,15.087701,19.630182,24.506763,24.723183,29.224607,29.250118,32.791317,34.473156,32.554764,27.516207,29.577446,25.839193,22.634975,21.522835,18.240423,15.276551,16.178854,13.81735,13.091033,17.15115,19.88855,21.888945,26.810186,26.655828,30.85425,34.57992,34.29059,31.249432,30.588198,29.419317,25.060352,26.787062,22.55608,24.72933,22.558449,19.336292,19.450472,15.862238,10.868772,10.394511,7.1396194,9.168636,11.943898,11.530805,18.2096,19.67385,23.036015,26.097256,28.941286,32.86791,31.167826,33.659637,29.019556,26.073002,23.219234,20.944967,18.943016,15.379543,14.258629,11.685585,11.883074,10.912803,14.41965,14.833169,19.190147,19.314558,23.077183,24.757689,28.514835
14,34.437595,32.861683,30.415987,26.665073,25.427334,22.998142,21.87907,17.877798,15.832396,14.509486,8.885426,11.458388,6.7158866,5.390701,0.0,5.00962,7.4462333,10.211351,14.100619,17.59507,19.999176,23.476114,26.701677,28.93584,32.089405,30.81,30.383734,26.061975,22.970047,22.400269,18.62265,16.985329,12.356534,10.493123,12.154605,10.888626,15.344441,16.195469,15.059094,15.547796,17.170267,19.484175,16.94964,20.9482,25.381756,25.415773,29.89627,29.338993,33.374493,35.350975,34.045284,29.03525,31.49923,28.582384,25.041924,24.491158,21.275751,18.868076,20.722225,17.98033,16.45746,20.113504,22.00245,23.6057,27.76665,27.486853,31.268553,35.504593,35.808037,33.349834,32.848484,32.30965,28.107275,30.481016,26.517113,29.16489,27.352427,24.371975,24.610231,21.002928,15.881082,14.535825,11.111922,11.410081,14.041926,11.037073,17.681105,18.215519,21.59628,24.405508,26.849283,31.005548,28.505198,30.839441,25.800396,22.980095,20.00897,17.861254,15.0281,11.8341875,9.435318,8.354671,7.7979918,7.983292,11.814561,11.984782,17.61311,17.028696,21.163511,22.749275,26.832397
15,31.292393,29.249582,27.247993,23.094217,21.744244,20.114693,18.299776,15.570616,12.713747,13.600206,7.4909973,12.19613,9.042479,6.5334697,5.00962,0.0,4.385415,5.694643,9.879809,13.276522,15.702536,19.242672,22.119955,24.63343,27.48356,25.976627,25.580318,21.159275,18.142027,17.437737,13.683487,12.15942,8.376713,7.342056,9.514402,10.0657625,14.092815,13.9681225,12.139707,11.700666,13.10381,14.704858,12.259635,16.096668,20.381569,20.498653,24.91481,24.564611,28.506907,30.643133,29.301023,24.454573,26.704897,24.137579,20.41417,20.149033,17.087631,15.10436,17.884756,15.221599,13.037041,17.232641,18.61257,20.82161,24.444132,25.213598,28.561848,32.641468,32.464527,30.248909,29.199808,29.036966,24.694626,27.447254,23.620302,26.543064,25.320553,22.73471,23.766754,20.90702,15.748944,14.149733,9.982228,9.219432,10.549948,7.5572486,13.8029175,14.088825,17.743942,20.402834,23.267168,27.089775,25.0488,27.287167,22.606,19.771997,16.831318,14.85401,12.682714,9.691831,9.7089,7.8744445,10.2506485,12.051066,14.459431,13.610591,18.848988,16.818943,21.103243,21.903461,25.819048
16,30.628103,28.762835,27.382336,23.000662,22.271439,20.994339,19.729158,18.0359,15.296695,17.202948,11.780879,16.527214,13.066689,10.477717,7.4462333,4.385415,0.0,4.4307756,6.8735757,10.895353,12.67771,16.63076,19.587831,21.892166,25.081215,24.148405,24.451605,20.038364,17.73722,16.201021,13.979886,10.847002,9.580546,5.680871,9.965897,10.38173,13.540243,13.967466,10.8806505,9.705315,13.472621,14.390783,13.279109,16.786901,20.003386,20.421549,24.437737,24.0943,28.19935,30.819324,29.838987,25.392324,27.339748,25.638603,21.54385,21.542109,19.157606,17.574884,21.006987,18.746569,16.201084,20.49039,21.193024,23.483269,26.206394,27.499958,30.243155,34.48867,34.369244,32.672977,31.339582,31.714994,27.41331,30.532024,26.890478,29.94467,29.034515,26.585466,27.861929,25.148853,20.052929,18.482832,14.275429,13.042284,13.605868,9.579925,14.504209,13.314132,17.142645,19.11368,21.892902,25.491467,22.872675,24.537191,19.695076,17.22044,14.075067,12.849144,9.613387,8.370326,8.42529,8.88033,11.45175,14.174059,16.47792,15.279457,21.046953,18.05798,22.522522,22.845913,26.842842
17,26.964073,24.762066,23.497784,18.95761,18.078308,17.300861,15.6601515,14.96704,12.001664,15.452064,11.1529875,16.460714,14.3837385,12.043733,10.211351,5.694643,4.4307756,0.0,4.777025,7.584964,10.456403,13.553626,16.686357,18.972431,21.947905,20.668747,20.402447,16.088573,13.447869,12.65984,9.982478,8.308903,9.054738,7.650204,11.289175,13.135741,15.997787,15.373272,12.168495,9.803366,12.458757,11.908144,10.557198,12.877855,16.34002,16.27125,20.478268,19.809156,23.987976,26.477161,25.639753,21.149073,23.479185,22.08885,18.166346,18.799053,16.13252,15.350893,19.33801,16.69927,13.682576,17.510033,17.566957,19.986547,22.177944,24.056189,26.449741,30.573463,30.279573,28.829445,27.332718,28.050442,23.88263,27.364265,24.068056,27.449871,27.083916,25.146744,26.88812,24.748129,19.747023,17.6809,13.51317,11.260011,10.728947,6.6133103,10.359938,9.180092,13.106032,15.222168,18.286919,21.788568,19.790245,21.811266,17.384699,14.651969,11.773049,10.251839,8.803606,7.0604854,9.804741,8.700799,12.9032955,16.200838,17.31329,15.509886,20.454975,16.636236,20.929758,20.683535,24.389656
18,26.734295,24.450455,24.18867,19.380236,19.09552,19.253813,17.765162,18.569498,15.6109295,19.946991,15.717946,21.142147,18.866543,16.193365,14.100619,9.879809,6.8735757,4.777025,0.0,4.7016873,5.9237137,10.099919,12.726049,15.15376,18.216156,17.458956,18.2669,13.925685,12.586019,10.284988,10.248379,6.4221582,10.7693405,8.156929,12.437979,14.554638,16.190296,15.627207,11.493368,8.003122,12.570412,10.899741,11.497311,13.229906,14.8659725,15.42415,18.827589,18.556444,22.634285,25.751486,25.187847,21.45592,23.015331,22.707617,18.472843,19.33578,17.761875,17.448002,21.948416,20.032299,16.888523,20.913187,20.375078,23.066088,24.220085,26.970219,28.61076,32.615448,32.055695,31.143719,29.114359,30.367065,26.264332,29.967953,26.914595,30.268702,30.284153,28.540365,30.62236,28.79145,23.969542,22.155272,17.951603,15.724268,14.4649515,10.821928,12.330941,9.378374,13.226217,14.093606,17.280554,20.034332,17.798067,18.876095,14.7251,12.664531,9.782981,9.836374,8.077548,9.200855,12.232183,12.631299,16.689085,20.273474,21.420006,19.452232,24.49519,19.995348,24.211891,23.39104,26.918915
19,22.41418,20.03631,20.273928,15.410866,15.591065,16.422972,15.376429,17.601168,15.13879,20.488653,17.896082,23.246613,21.832191,19.57107,17.59507,13.276522,10.895353,7.584964,4.7016873,0.0,4.9709377,5.969807,9.852399,11.444243,14.757547,14.131462,14.313177,10.5546665,9.428649,8.415204,9.35137,8.004958,14.077013,12.719555,16.564968,19.066484,20.647322,19.678425,15.642385,11.766654,15.270052,11.993043,12.763131,12.142682,13.1759815,12.811398,16.0406,14.80044,19.192112,22.26923,22.381498,18.90788,21.091377,21.715591,17.927713,19.727919,18.035427,18.74786,23.520607,21.21366,17.82139,20.75463,19.23871,21.632725,21.586348,24.881607,25.732195,29.677902,29.223885,28.96108,26.904749,28.805546,25.153715,29.309557,26.85889,30.546354,31.14304,29.954237,32.324276,30.910267,26.201145,23.888916,19.98028,17.002554,15.073266,11.434666,10.17007,6.0461493,9.350077,9.547765,12.833185,15.350301,13.45106,14.784201,11.141655,9.007241,6.7980027,7.291247,8.09232,9.623729,14.078968,14.022463,18.707417,22.810846,22.909565,20.46635,24.721304,19.39318,23.200357,21.650118,24.735397
20,25.85411,23.308811,24.322271,19.428957,19.692135,21.142532,19.627144,22.198967,19.313044,24.691048,20.987295,26.538816,24.622467,21.837067,19.999176,15.702536,12.67771,10.456403,5.9237137,4.9709377,0.0,6.2236404,7.1680665,9.980229,12.765027,12.590375,14.727046,10.787517,11.475277,7.7724853,11.272283,7.315443,14.61779,12.614517,16.29769,18.884075,19.338188,18.416811,14.064644,9.941201,14.521838,11.140009,13.596807,13.733009,12.847125,13.923622,15.950941,16.132246,19.807234,23.540804,23.396273,20.807875,21.496542,22.678324,18.514845,19.907082,19.489132,20.029919,24.927517,23.60508,20.375496,24.143095,22.829222,25.725115,25.570684,29.397055,30.07019,33.715363,32.73994,32.524624,29.886644,31.812412,27.985495,31.930128,29.382387,32.73384,33.36614,32.078476,34.624626,33.352634,28.82697,27.089266,22.997375,20.567198,18.468937,15.574418,14.746354,10.764647,13.701051,12.914264,16.133032,17.48331,15.662779,15.488817,12.613663,11.716517,9.795959,11.559536,11.065672,13.7292795,17.302458,18.012938,22.270632,26.092308,26.90386,24.68523,29.352276,24.193132,28.094185,26.570147,29.636559
21,20.203676,17.842896,19.585295,14.994115,16.162945,18.156416,17.71733,21.471071,19.49236,25.409897,23.60311,28.903948,27.75663,25.529217,23.476114,19.242672,16.63076,13.553626,10.099919,5.969807,6.2236404,0.0,5.9993567,5.6383815,9.604249,10.194211,11.072586,8.887095,10.0152445,9.135972,12.707781,11.92907,19.287481,17.986132,21.715277,24.37906,25.314165,24.240238,20.040453,15.899147,19.432455,15.126466,16.946028,14.749486,13.591909,13.029226,14.666554,12.941009,17.071997,20.53304,21.573582,19.328632,21.175863,23.371952,20.01997,22.440144,21.50058,22.976683,27.936424,25.889174,22.474335,24.784986,22.459019,24.653032,23.058243,27.139729,26.807013,30.426805,29.884602,30.550676,28.183403,30.866135,27.746819,32.171913,30.354427,34.10976,35.27563,34.542255,37.221222,36.210693,31.692568,29.291195,25.555014,22.36147,19.981798,16.772259,13.537057,8.995328,10.163933,7.908174,10.614867,11.378598,9.772004,9.79655,7.947771,7.462495,7.282347,9.605153,11.614497,14.354129,18.898422,19.28521,23.948423,28.328768,27.957045,25.27843,29.045208,23.128782,26.42243,24.128061,26.590874
22,24.167578,21.1464,23.56051,18.966417,19.602829,22.54979,20.876318,25.276693,22.647556,28.975904,26.284166,31.82242,30.707975,28.024046,26.701677,22.119955,19.587831,16.686357,12.726049,9.852399,7.1680665,5.9993567,0.0,4.9496555,5.721801,5.984285,9.747705,7.484173,10.822078,7.5837245,13.398689,11.787571,19.848158,19.2109,22.085705,25.219858,25.17971,23.634247,19.69654,15.607664,18.482603,13.690527,16.854128,14.703083,11.198777,12.182979,12.016411,12.509531,15.2536,19.437952,19.960094,18.975618,18.894312,21.91481,18.496782,20.723917,21.208475,22.879854,27.90482,26.929396,23.728601,26.666367,24.453255,27.354803,25.664202,30.619015,30.142773,33.109665,31.600168,32.23634,29.021856,31.72042,28.497564,32.6345,30.916164,34.266582,35.709534,35.142296,38.18008,37.66022,33.557198,31.730227,27.966858,25.220364,22.311258,20.411623,17.338362,13.440682,14.751284,12.4136,15.344874,14.557329,14.443932,13.1963,13.101635,13.344733,13.124727,15.381699,16.699934,19.34635,23.642496,23.864252,28.53216,32.545048,32.74337,30.242208,34.1084,28.454937,31.798512,29.562468,31.880922
23,21.181171,18.778654,21.810198,17.733053,19.28689,22.142914,21.686197,26.306498,24.38962,30.64017,28.90784,34.271404,33.22124,30.852118,28.93584,24.63343,21.892166,18.972431,15.15376,11.444243,9.980229,5.6383815,4.9496555,0.0,4.927109,7.619332,10.162088,9.914466,12.943988,11.615382,16.635431,15.806078,23.710651,22.549578,25.990744,28.824646,29.110859,27.894985,23.726286,19.57955,22.94077,18.186756,20.823063,18.026625,15.055038,14.878149,14.622409,13.382487,16.417301,20.229136,21.806913,20.980335,21.887934,25.312897,22.326656,24.951065,24.89154,26.777536,31.799078,30.239292,26.90512,29.085102,26.406874,28.663786,26.164562,30.892776,29.773832,32.88402,31.988625,33.261875,30.47175,33.615986,30.850864,35.279182,33.889885,37.516144,39.087902,38.66091,41.610092,40.96478,36.66997,34.405716,30.732527,27.582767,24.868116,22.207888,18.34421,14.095756,14.32654,11.038124,12.814799,11.240991,10.749144,8.595297,9.879541,11.10138,11.992514,14.750517,16.75802,19.904137,24.318375,24.909798,29.531908,33.93803,33.52952,30.802425,34.36166,28.276142,31.271399,28.624254,30.626345
24,23.195469,20.17245,23.680096,19.754065,20.870846,24.545027,23.24157,28.55206,26.36328,33.004154,31.156654,36.57671,35.886154,33.361923,32.089405,27.48356,25.081215,21.947905,18.216156,14.757547,12.765027,9.604249,5.721801,4.927109,0.0,4.2844834,8.534228,9.373834,13.52584,11.877154,17.533573,17.171036,25.186455,24.911825,27.640476,30.891008,30.750105,29.05124,25.262484,21.226768,23.529688,18.41112,21.494263,18.18521,13.837171,14.161479,12.288471,12.299787,13.918809,18.03072,19.494604,19.87547,19.605333,23.861109,21.288761,24.009174,24.776693,27.05162,32.000137,31.03235,27.88504,30.04437,27.241343,29.831783,26.980848,32.41264,30.99869,33.463005,31.827984,33.2513,29.889118,33.17984,30.603329,34.844585,33.794838,37.163586,39.108936,39.01687,42.26217,42.125664,38.22655,36.229076,32.707165,29.719212,26.547972,24.919434,20.69807,17.034199,17.104166,13.900598,15.903988,13.310866,14.524119,12.428102,14.65545,15.714227,16.570545,18.978138,21.136759,23.846888,28.423836,28.535168,33.34018,37.546803,37.254623,34.563904,37.878113,31.91769,34.78857,32.07425,33.79646
25,23.286215,19.614305,22.691515,18.556406,18.942503,22.9781,20.763365,26.315495,23.859985,30.685484,28.848377,34.204643,33.948277,31.435665,30.81,25.976627,24.148405,20.668747,17.458956,14.131462,12.590375,10.194211,5.984285,7.619332,4.2844834,0.0,5.6686425,6.0703564,10.565158,9.119053,14.575326,15.172403,22.891756,23.641964,25.756939,29.361355,29.337385,27.176455,23.801746,19.871899,20.948633,15.584959,18.492712,14.708992,9.936447,10.366798,8.051012,9.064952,10.317122,14.664665,15.548096,16.004032,15.335079,19.654705,17.26976,20.13713,21.067131,23.604391,28.44987,27.690285,24.68655,26.774971,24.00987,26.89284,24.237045,29.996199,28.807117,30.974426,28.824265,29.956936,26.29007,29.439548,26.808079,30.914656,29.952492,33.202473,35.294617,35.38879,38.766045,38.938503,35.326954,33.4727,30.145367,27.276516,23.809185,23.064898,18.73356,15.752894,15.986662,13.413348,16.130539,13.989358,16.031103,15.108177,16.631655,16.852968,17.342724,19.082191,21.490583,23.379112,28.1666,27.558924,32.53808,36.484905,36.24352,33.629658,36.683506,31.012905,33.860065,31.295721,32.97578
26,18.94976,14.804441,17.741203,13.913117,14.094401,18.643576,16.47139,22.671001,20.785368,27.733532,27.278503,32.24711,32.788376,30.763535,30.383734,25.580318,24.451605,20.402447,18.2669,14.313177,14.727046,11.072586,9.747705,10.162088,8.534228,5.6686425,0.0,4.953647,7.95132,9.989179,13.32674,16.316158,23.288563,24.825735,26.850912,30.547533,31.294262,28.94555,25.80343,21.893906,22.052576,16.618792,18.210707,13.008222,9.80486,7.8065796,6.394204,3.8748298,6.382411,10.091805,11.882102,11.883292,13.217022,17.495152,16.013363,19.586712,19.448067,22.542656,27.17425,25.681202,22.693277,23.515411,20.162745,22.536255,19.124697,25.066242,23.458088,25.430582,23.394228,24.880571,21.49052,25.017117,22.91944,27.299404,26.863935,30.413269,32.79446,33.299118,36.65848,37.02926,33.54446,31.255568,28.377977,25.133278,21.535376,21.148275,15.65568,13.605687,12.738148,10.474072,13.038162,10.9688,14.424237,15.066395,16.606983,16.135105,17.026617,17.890518,21.428679,22.329716,27.546297,26.11686,31.28707,35.259056,34.305935,31.560774,33.724525,28.084217,30.410385,27.636717,28.826033
27,21.309414,17.33702,19.179699,14.582032,14.144309,17.961395,15.070692,20.447,17.854273,24.725273,23.214363,28.429155,28.584785,26.313272,26.061975,21.159275,20.038364,16.088573,13.925685,10.5546665,10.787517,8.887095,7.484173,9.914466,9.373834,6.0703564,4.953647,0.0,4.527355,5.0708976,8.920855,11.385493,18.424412,20.002104,21.910465,25.63308,26.363663,24.011944,20.892113,17.03236,17.19906,11.799774,13.567522,9.0781555,6.0260563,5.006285,5.8490357,5.740695,9.032316,12.820438,13.013604,11.514319,12.408398,15.457211,12.837535,16.00195,15.8366785,18.467094,23.316412,22.002953,18.9133,20.780207,18.07273,21.057835,19.044207,24.599203,24.06515,26.523909,24.476973,25.010159,21.591751,24.402555,21.449095,25.69681,24.485271,27.975672,29.895618,29.927235,33.193287,33.272022,29.616129,27.582273,24.403337,21.421135,17.868307,17.501986,13.082001,10.835906,11.447089,10.124225,13.728283,13.271402,15.209615,16.025635,15.981258,14.949162,14.894036,15.570972,18.345898,19.0762,24.065052,22.644651,27.748756,31.49862,31.112598,28.559517,31.338972,25.989838,28.86017,26.57515,28.412386
28,20.208574,16.262579,16.882355,12.100847,10.865418,14.245132,10.809602,15.974611,13.367613,20.283873,19.335491,24.342197,24.915998,22.972334,22.970047,18.142027,17.73722,13.447869,12.586019,9.428649,11.475277,10.0152445,10.822078,12.943988,13.52584,10.565158,7.95132,4.527355,0.0,5.905364,5.7660832,10.461103,16.195763,18.372244,20.151627,23.802727,25.2557,22.888142,20.044643,16.433525,15.931016,11.050587,11.219243,6.123863,6.785495,3.9076555,8.036581,6.4631143,10.5933695,13.219543,13.029411,9.644366,12.401893,13.88881,11.320551,14.569381,13.01816,15.645616,20.37013,18.320549,15.12567,16.546085,13.817254,16.753315,15.365185,20.555477,20.622854,23.402601,21.644129,21.673761,18.70331,21.184963,18.022058,22.424805,21.012632,24.775654,26.500834,26.47297,29.569853,29.501947,25.758379,23.445627,20.444006,17.252361,13.678516,13.554901,8.884247,7.7603,8.632055,8.923596,12.811228,13.807314,15.458926,17.471819,16.38537,14.456786,14.026828,13.628441,16.714151,16.292307,21.3743,19.206131,24.367477,27.961395,27.329676,24.81327,27.25497,22.187023,25.007427,22.961334,24.895914
29,24.952452,21.273302,22.332075,17.411922,16.577377,19.39935,16.071377,20.095545,16.765629,23.18434,20.162699,25.642542,25.174082,22.514437,22.400269,17.437737,16.201021,12.65984,10.284988,8.415204,7.7724853,9.135972,7.5837245,11.615382,11.877154,9.119053,9.989179,5.0708976,5.905364,0.0,6.269035,6.4834013,13.844351,15.316421,17.039082,20.794445,21.324486,18.985603,15.848979,12.053073,12.4249735,7.127406,9.621707,7.3572607,5.112915,6.6953006,8.804106,10.355596,13.28216,16.939262,16.025692,13.7183075,13.731338,15.250333,11.394619,13.550337,13.641747,15.3711605,20.388098,19.521574,16.438736,19.736242,18.012836,21.529741,21.022308,25.95991,26.428936,29.219578,27.184961,26.858694,23.490583,25.489119,21.772308,25.644339,23.589874,26.833855,28.160452,27.592695,30.705969,30.42773,26.61605,25.02334,21.467194,18.996891,15.689179,15.324885,12.889903,10.580555,12.844845,12.473385,16.41962,17.025877,17.635143,18.308262,16.925945,15.569071,14.459676,15.028987,16.467607,17.144367,21.566917,20.362492,25.2074,28.615967,29.027357,26.77319,30.311129,25.41901,28.83948,27.137796,29.597075
30,24.78929,21.134739,20.726856,15.960829,14.034389,15.978736,11.682998,14.699668,10.945924,17.278189,14.614114,19.864443,20.15703,17.908085,18.62265,13.683487,13.979886,9.982478,10.248379,9.35137,11.272283,12.707781,13.398689,16.635431,17.533573,14.575326,13.32674,8.920855,5.7660832,6.269035,0.0,6.7674212,10.637605,13.833903,14.838232,18.619232,20.282558,17.73058,15.420456,12.406705,10.753435,6.8464756,5.6144886,3.0354307,7.2902794,6.9184117,11.397864,11.811925,15.079849,17.466164,15.933045,11.771824,13.5030775,12.687814,8.955483,10.987492,8.886162,10.530216,15.429729,13.642046,10.397626,13.618455,12.371297,16.098894,16.978205,21.227476,22.693659,25.623425,23.747694,22.547245,19.691914,20.954756,16.848032,20.664663,18.197289,21.685183,22.70641,22.041033,24.991945,24.621658,20.784191,18.960295,15.652964,13.088113,9.525401,10.410968,8.834111,8.833803,11.518434,13.080564,17.031904,18.960798,19.578657,21.582203,19.291985,16.938011,15.425017,14.4705305,16.105865,14.835264,19.157278,16.6134,21.452724,24.393879,24.624767,22.554876,25.575483,21.41238,24.741512,23.558283,26.107103
31,28.80072,25.603388,25.674892,20.688591,19.583475,20.949558,17.690006,19.541426,15.717005,20.879734,16.00679,21.624851,20.175676,17.100931,16.985329,12.15942,10.847002,8.308903,6.4221582,8.004958,7.315443,11.92907,11.787571,15.806078,17.171036,15.172403,16.316158,11.385493,10.461103,6.4834013,6.7674212,0.0,8.063011,8.924258,10.726194,14.335485,15.064784,13.02002,9.672988,5.9992127,7.530702,4.526897,6.5884523,9.034579,9.90049,11.796323,14.800628,16.284801,19.399363,22.675941,21.182644,17.929007,18.014408,17.545565,12.987698,13.482869,13.076633,13.0069065,17.82238,17.125175,14.192448,18.992697,18.617947,22.258497,23.495846,27.267673,28.889675,32.149536,30.48438,29.271038,26.38767,27.433018,23.079721,26.435024,23.396135,26.3533,26.707829,25.243977,27.872713,26.8503,22.697794,21.571669,17.564241,15.862513,13.457483,12.658871,13.405313,11.527778,15.12694,15.878228,19.73951,21.565092,20.84255,21.704554,18.789427,16.969341,14.722636,14.787733,14.320354,14.551437,17.8096,16.9088,21.130009,23.994463,25.406515,23.623074,28.033924,23.931013,27.896097,27.012423,30.156815
32,33.865784,30.81939,29.679058,25.04194,23.155907,23.290712,19.565542,18.929365,14.816123,17.672592,10.695788,15.777782,13.963001,10.549921,12.356534,8.376713,9.580546,9.054738,10.7693405,14.077013,14.61779,19.287481,19.848158,23.710651,25.186455,22.891756,23.288563,18.424412,16.195763,13.844351,10.637605,8.063011,0.0,6.3745747,4.553733,8.424666,10.514301,8.135177,7.3362656,7.407432,4.9097743,8.250864,6.261359,12.21356,15.51986,17.103527,20.773186,22.318087,25.198,27.695183,25.380203,21.31412,21.563725,18.768145,14.568303,13.255089,11.876969,9.367756,12.790317,12.509157,10.595242,16.651665,18.179249,21.820446,25.14959,27.593405,30.566887,33.7884,32.18211,29.77329,27.446098,27.133598,22.349203,24.641273,20.665855,22.952393,22.115194,19.70691,21.685898,20.04343,15.941789,15.816923,11.846956,11.985652,10.986586,11.803206,15.853519,15.970874,19.755733,21.760334,25.45125,28.14324,27.233934,28.780142,25.111727,22.722708,20.023706,18.956238,17.550087,15.914874,17.424747,15.61958,18.594429,19.89262,22.414318,21.520767,25.973845,23.638258,27.66243,27.888395,31.335825
33,34.226547,31.79199,30.905212,26.199827,25.138319,24.765255,22.357807,21.433432,17.899815,20.31684,13.4787,18.410473,14.937246,11.443891,10.493123,7.342056,5.680871,7.650204,8.156929,12.719555,12.614517,17.986132,19.2109,22.549578,24.911825,23.641964,24.825735,20.002104,18.372244,15.316421,13.833903,8.924258,6.3745747,0.0,5.126325,6.4270945,8.445222,8.516777,5.22506,5.2214313,9.224739,11.52319,11.327182,16.25577,18.615831,20.194845,23.646265,24.65313,28.101923,31.072659,29.445751,25.51322,26.05624,24.211143,19.7613,18.938486,17.765348,15.667948,19.068703,18.27795,16.088026,21.574055,22.650682,25.759472,28.603592,30.69099,33.42025,37.216507,36.272854,34.331844,32.284878,32.428185,27.795586,30.490227,26.613003,29.130188,28.169586,25.5633,27.10884,24.767279,20.18603,19.688423,15.439643,15.168312,15.022965,13.064721,17.492771,16.238216,20.261875,21.807287,25.1144,28.009018,25.92249,26.94354,22.664146,20.602812,17.540228,17.0319,14.0378,13.667872,14.026013,14.214458,16.539104,18.310484,21.345068,20.464521,26.007307,23.297102,27.690073,27.933134,31.773357
34,37.499683,34.671528,33.609165,28.934132,27.300806,27.160313,23.842857,22.717459,18.811163,20.761944,13.121517,17.558104,14.515533,10.799983,12.154605,9.514402,9.965897,11.289175,12.437979,16.564968,16.29769,21.715277,22.085705,25.990744,27.640476,25.756939,26.850912,21.910465,20.151627,17.039082,14.838232,10.726194,4.553733,5.126325,0.0,4.3049603,6.038678,4.50134,4.5813565,7.104733,6.838397,11.308584,10.530209,16.53742,19.119167,21.145172,24.467999,26.274017,29.130983,31.884022,29.557718,25.720562,25.514944,22.81209,18.533913,16.734726,16.054937,13.131145,15.696424,16.068695,14.667044,20.765621,22.581821,26.077312,29.576145,31.723515,34.83312,38.19561,36.707592,34.229996,31.956593,31.49352,26.675821,28.669144,24.515656,26.39514,25.0999,22.246357,23.755964,21.646538,17.68869,18.212242,14.346667,15.228601,15.045129,15.09604,19.769236,19.401247,23.34716,25.140816,28.713827,31.434563,29.977684,31.115973,27.160702,25.007305,22.068995,21.320822,18.860065,17.780437,18.111504,17.318161,19.321049,20.069407,23.505363,23.024395,28.075909,26.136198,30.345442,30.857275,34.55479
35,40.038506,37.56065,36.255596,31.704674,30.243446,29.517776,26.744675,24.77246,21.231476,22.050514,14.235422,17.844168,13.750656,10.202573,10.888626,10.0657625,10.38173,13.135741,14.554638,19.066484,18.884075,24.37906,25.219858,28.824646,30.891008,29.361355,30.547533,25.63308,23.802727,20.794445,18.619232,14.335485,8.424666,6.4270945,4.3049603,0.0,4.615027,6.047607,6.7102456,9.910627,11.10315,15.492323,14.634683,20.522131,23.2532,25.122608,28.555222,30.067984,33.158127,35.904446,33.712223,29.704279,29.774761,26.953243,22.757824,20.899294,19.95915,16.792376,18.689213,18.825373,17.711914,23.54845,25.65618,28.78536,32.62231,34.13418,37.518074,41.12356,40.01302,37.418415,35.505585,34.861523,30.07813,31.915283,27.613857,29.355577,27.592215,24.365572,25.260056,22.507782,18.497103,19.248854,15.577305,16.945333,17.683016,16.987936,22.43977,22.019028,26.000965,27.898746,31.219168,34.25278,32.24972,33.361137,28.989544,26.856468,23.74477,22.936132,19.701603,18.636688,17.68713,17.588764,18.44671,18.518335,22.690536,22.677675,28.112785,26.774298,31.04675,31.9643,35.88007
