,0,1,2,3,4,5,6,7,8,9,10,11,12,13,14,15,16,17,18,19,20,21,22,23,24,25,26,27,28,29,30,31,32,33,34,35,36,37,38,39,40,41,42,43,44,45,46,47,48,49,50,51,52,53,54,55,56,57,58,59,60,61,62,63,64,65,66,67,68,69,70,71,72,73,74,75,76,77,78,79,80,81,82,83,84,85,86,87,88,89,90,91,92,93,94,95,96,97,98,99,100,101,102,103,104,105,106,107,108,109,110
0,0.0,4.755177,6.7848005,9.203369,12.389377,13.799962,17.543404,21.513165,22.754974,27.557245,30.820616,34.820522,32.481384,30.666117,26.376993,24.46591,20.523565,19.861223,16.23224,14.253502,13.69825,11.890087,14.9152,11.801507,15.983545,18.868612,19.404406,18.684395,19.045351,19.232594,20.579582,20.253475,26.429417,23.072628,27.83092,29.258516,30.501694,30.662092,26.145187,22.512392,27.698622,24.401474,25.472122,24.19908,23.69959,22.544289,24.460743,21.524271,26.032413,27.699413,30.046736,26.884703,30.894659,32.610905,29.93138,32.898556,30.402351,32.00731,36.58531,33.53297,30.068062,30.483032,27.234833,27.384256,24.0371,25.484196,24.461176,27.503885,27.17719,28.8138,26.45342,30.953035,29.521042,34.27388,33.924572,38.02857,38.886658,42.36011,45.42168,44.841,40.005157,37.25871,33.520172,30.474216,28.722475,24.67283,22.906826,17.755253,18.170616,15.401931,15.564798,19.477262,19.42793,21.019995,24.967438,28.942924,26.444181,31.93773,30.521582,35.560406,34.855778,37.91525,39.81275,40.932743,41.549194,39.652863,40.56653,35.17168,37.06361,33.121105,34.65901
1,4.755177,0.0,5.2548227,6.188238,8.768813,11.764329,14.074239,19.090553,19.804651,25.108053,28.246582,32.20545,30.440474,28.840363,24.75197,22.470284,18.9924,17.492165,14.317748,11.301006,12.030272,8.80815,13.077331,9.893357,14.711186,16.86214,16.176207,15.629358,15.363144,16.727434,17.307255,18.323292,24.422865,22.046095,26.488054,28.337395,29.998579,29.669039,25.382473,21.58896,25.817608,22.202585,22.719048,20.758528,20.794422,19.011929,21.365564,17.839312,22.554083,23.901854,26.087519,22.675905,27.194427,28.760984,26.359343,29.49601,26.860863,28.825012,33.303223,30.30038,26.91798,26.985804,23.47393,23.857872,20.128649,22.488749,21.17276,23.715574,22.877892,24.449675,21.84584,26.377687,25.11854,29.856514,29.792322,33.897213,35.05277,38.55757,41.709023,41.376556,36.691463,33.743076,30.1895,26.863749,25.087635,20.895075,18.605152,13.512352,13.515166,10.715251,10.908177,14.95498,15.274371,17.392242,20.710121,24.747278,22.206131,27.442545,25.93445,30.931444,30.405016,33.273384,35.309067,36.53156,37.03492,35.04369,36.01182,30.511753,32.424694,28.519224,30.11424
2,6.7848005,5.2548227,0.0,5.0027423,6.9119377,7.876845,11.545925,15.282868,17.046518,21.353062,25.4833,29.083258,26.701044,25.364464,20.814188,19.352364,15.808001,15.263085,12.856348,11.192001,12.795747,11.824205,16.34838,14.250786,18.970165,20.588842,19.929998,18.407244,17.149101,18.299494,17.263971,18.096874,22.802748,19.729242,24.433193,25.635105,27.776184,27.943644,23.758844,20.456121,25.039833,22.399197,22.301134,21.43787,22.657299,21.028477,24.221754,21.048851,25.962418,27.4443,28.995186,24.849344,29.52131,30.15581,27.282904,29.946218,26.6056,27.982462,32.108707,28.449911,25.11279,24.687323,21.341475,20.964247,17.76879,18.722427,18.000153,21.454594,21.618649,23.12032,21.52347,26.06261,24.951757,29.840235,29.670755,33.980083,34.737705,38.176,40.99047,40.08541,35.08813,32.024,28.563519,25.365921,24.287685,19.41958,18.738657,13.8976755,14.445531,12.899107,13.229882,17.799223,18.223555,19.8712,22.468756,25.796886,22.067556,27.55089,25.58222,30.71804,29.273203,32.932465,34.529602,35.631485,36.799778,35.068233,36.814224,31.380413,33.960484,30.435087,32.487263
3,9.203369,6.188238,5.0027423,0.0,3.7145958,6.2039227,8.658647,13.311954,13.776651,19.23915,22.087938,26.095757,24.384089,22.712534,18.808233,16.309265,12.994808,11.368304,8.672618,6.2265463,8.508211,7.9584403,12.651192,11.6531105,16.13659,16.88743,16.156845,13.956061,12.390311,13.511066,12.3356905,13.498441,18.636692,16.443277,20.774073,22.61248,24.676697,24.2759,20.216785,16.652037,20.572239,17.6074,17.492605,16.470263,17.78949,16.254892,19.69531,16.963808,21.874472,23.756,24.855284,20.556347,24.874077,25.361132,22.35145,25.012924,21.859163,23.365623,27.706518,24.452547,21.035501,21.31959,18.169186,18.753891,16.212057,18.22349,18.14509,21.160368,20.367632,20.915382,18.740627,22.818775,21.028563,25.842306,25.292835,29.530142,30.18579,33.636623,36.5516,35.830902,30.96069,28.090574,24.442272,21.313112,19.799849,15.509613,14.51629,9.551821,11.049162,9.964081,11.581497,15.640164,17.383911,20.217634,21.84313,25.436605,21.714293,26.371756,23.697754,28.700176,26.98167,30.138775,31.426952,32.258698,33.13635,31.548424,32.842514,27.736233,30.338587,26.885323,29.279715
4,12.389377,8.768813,6.9119377,3.7145958,0.0,5.3425503,5.3132224,10.93183,11.277241,16.736086,20.031288,23.733208,22.348276,21.121027,17.27232,14.905296,12.354779,10.290191,9.145193,6.6236267,10.549407,9.766141,14.770145,14.041489,18.472326,18.595173,16.877405,14.695654,12.055932,14.334533,11.374772,14.055383,18.028088,16.645836,20.569702,22.427397,25.047874,24.453882,20.81409,17.535452,20.469458,17.790455,16.721075,15.511835,17.99328,15.925048,20.00195,16.954346,21.874453,23.368784,24.044483,19.278831,24.129747,24.020966,21.170527,23.734179,20.082554,21.679968,25.6621,22.102942,18.839405,18.323431,14.866549,15.277135,12.5102215,14.9346075,14.824959,17.679173,16.846964,17.283604,15.431183,19.579409,18.14225,23.027172,22.80261,27.13964,27.946716,31.38749,34.22525,33.49075,28.636042,25.455065,22.103285,18.687088,17.593351,12.628337,12.018874,7.5262527,8.782629,8.871094,10.449606,14.503901,16.462282,19.26682,19.94379,23.108412,18.860485,23.303474,20.346567,25.358192,23.385225,26.779482,28.03407,28.952288,30.063528,28.481398,30.263006,25.064157,27.997438,24.807394,27.400993
5,13.799962,11.764329,7.876845,6.2039227,5.3425503,0.0,6.0974674,7.7403474,9.686633,13.759537,17.767399,21.308664,18.882517,17.528605,13.093273,11.6013975,8.442122,8.344066,7.8739486,8.430745,11.465873,13.350163,17.561842,17.526112,21.664953,21.822037,21.10151,18.090715,15.5288,16.289007,12.871639,13.806338,16.212315,13.413194,17.791586,18.782402,21.63933,21.770945,18.134005,15.517748,19.365257,18.00563,16.87508,17.53836,20.389065,19.172907,23.367157,21.250889,26.054743,28.021511,28.297232,23.343275,27.551765,26.788391,23.289822,25.147684,21.156384,21.736204,25.445955,21.370277,18.100409,17.820194,15.185892,14.896007,13.881695,13.901303,15.316523,19.298338,19.571915,19.571367,18.79533,22.44776,20.746742,25.502455,24.71162,29.061611,29.105236,32.376675,34.782856,33.307213,28.09125,25.154812,21.678001,18.884035,18.436363,13.527937,15.180241,11.470762,13.594348,14.153627,15.751397,19.824148,21.686419,24.122065,24.797316,27.525673,22.62434,27.076355,23.703793,28.624956,25.606956,29.580517,30.112328,30.655067,32.351376,31.210144,33.38108,28.625185,31.99076,29.154713,32.075916
6,17.543404,14.074239,11.545925,8.658647,5.3132224,6.0974674,0.0,6.7796164,6.617316,11.963769,15.541879,18.850082,17.849,17.1045,13.618972,11.427312,10.2996235,8.037184,9.534577,8.526514,13.162023,13.637679,18.171196,18.384182,22.375706,21.63793,19.522373,16.797081,13.109769,15.65943,10.395681,14.093548,15.672697,15.305887,18.45301,20.166039,23.467354,22.7211,19.821737,17.255495,18.897532,17.227365,14.879,14.458308,18.554752,16.48814,21.257702,18.72825,23.332085,24.755407,24.480501,19.147787,23.93902,22.607998,19.611933,21.559822,17.165258,18.344473,21.692884,17.608004,14.575786,13.230982,9.816145,10.118472,8.716155,10.969545,12.149015,15.044527,14.36172,13.707576,12.876654,16.37624,14.957549,19.746437,19.455385,23.865513,24.382875,27.697792,30.221699,29.149128,24.19232,20.78248,17.732557,14.26491,14.048245,8.318568,10.007807,7.602122,9.405385,11.492723,13.274342,16.618042,19.098501,21.913174,21.126074,23.474358,18.375496,21.941671,18.05191,22.822502,19.687037,23.499277,24.080786,24.750982,26.40565,25.18591,27.648346,22.836441,26.44368,23.934944,27.068731
7,21.513165,19.090553,15.282868,13.311954,10.93183,7.7403474,6.7796164,0.0,4.75443,6.0769143,11.577966,14.180649,11.825884,11.456725,7.278635,7.076891,7.182098,7.761276,11.118203,12.869847,16.573008,19.095095,22.980375,23.824091,27.556818,26.720823,25.406572,21.959917,18.364357,19.502611,13.785581,15.6996975,14.155702,12.931507,15.735972,16.166658,20.156136,20.17783,17.930979,16.695807,18.450611,18.773363,16.013187,17.890453,22.49117,21.309425,26.150251,24.587427,28.962456,30.77726,29.95286,24.49345,28.481627,26.193165,22.621742,23.475498,18.666378,18.328693,20.785044,15.86634,13.208521,11.67038,10.070943,8.987145,11.192768,9.457715,13.256159,17.183489,17.941853,16.581778,17.41915,19.843773,18.30786,22.509527,21.572468,25.778337,25.255545,28.182228,29.955368,27.815838,22.468903,19.352827,16.49838,14.134839,15.279896,10.261012,14.910118,13.703354,16.004559,18.2426,19.993155,23.362595,25.737547,28.185034,27.223955,28.93739,23.191126,26.433725,22.109818,26.432348,21.884527,26.342667,25.80166,25.896517,28.42853,27.905172,30.976767,26.959991,31.07583,29.194666,32.681683
8,22.754974,19.804651,17.046518,13.776651,11.277241,9.686633,6.617316,4.75443,0.0,6.9953895,8.932601,12.482778,11.890777,10.964327,8.766181,5.945158,7.3694997,5.526878,9.819568,11.250641,15.131476,17.68508,21.07599,22.601908,25.824856,24.29879,22.799475,19.123041,15.253195,16.514977,10.086218,12.919384,10.968568,11.8171625,13.626576,15.15681,18.960388,18.060167,16.200115,14.811712,15.0235,15.1718235,11.827171,13.68414,18.777267,17.675707,22.611664,21.561092,25.565748,27.533335,26.217047,20.758802,24.290216,21.659138,18.039957,18.75914,13.913093,13.729059,16.468966,11.893761,8.912792,8.416389,7.144219,8.37428,11.292038,11.9174385,15.309538,18.119305,17.552631,15.137914,15.220328,16.861341,14.486634,18.523136,17.125788,21.298527,20.699091,23.71187,25.69494,23.87929,18.616348,15.566075,12.319436,9.769346,10.553528,6.0881414,11.362415,11.235019,14.09696,16.854248,19.193117,21.805883,24.945433,28.083126,26.532814,28.473635,23.138062,25.494865,20.685152,24.708075,20.110212,23.777075,22.938448,22.729532,24.838943,24.457365,27.001905,23.398539,27.49039,25.782263,29.516468
9,27.557245,25.108053,21.353062,19.23915,16.736086,13.759537,11.963769,6.0769143,6.9953895,0.0,7.973593,8.815595,6.4970484,7.707736,5.6106215,7.337265,10.245381,11.222513,15.559066,17.819326,21.35281,24.320894,27.789087,29.174284,32.555836,31.187786,29.778894,26.09717,22.239618,23.229212,16.90279,18.793272,14.534223,14.624831,15.673866,15.452112,19.93908,19.93176,19.039955,19.000387,19.165949,20.851732,17.352102,20.15355,25.433834,24.527105,29.462038,28.490116,32.411903,34.21168,32.65811,27.141514,30.577559,27.275667,23.750498,23.644999,18.641207,17.30741,18.311478,12.956333,11.420466,9.082455,9.713354,8.2927685,13.4030905,10.585084,15.581497,18.890835,19.867857,17.447968,19.367193,20.433167,18.970148,22.251822,21.034372,24.7804,23.580988,26.002638,27.04588,24.19811,18.882412,15.946526,13.950722,12.688296,15.205456,11.527704,17.577797,17.947453,20.27222,23.128473,24.97442,27.822092,30.478525,32.952404,31.126385,32.21608,26.236568,28.415302,23.5924,27.12906,21.501043,25.99772,24.373636,23.899115,27.067322,27.2111,30.78011,27.684883,32.18057,31.08958,34.89265
10,30.820616,28.246582,25.4833,22.087938,20.031288,17.767399,15.541879,11.577966,8.932601,7.973593,0.0,4.9494357,6.7909913,5.70869,8.793007,7.116348,11.440035,11.239015,15.725954,18.414251,21.13374,24.937881,27.131432,29.70921,32.07022,29.822905,28.919868,24.715977,21.127253,21.115252,15.097177,16.269167,9.592736,12.6322155,11.048561,11.843393,15.8931875,14.709781,15.30565,16.117184,13.706238,16.652086,12.836554,16.972664,22.237246,22.26673,26.80448,27.304502,30.38691,32.751373,30.380732,25.2684,27.05618,23.056604,19.23607,17.998774,13.574273,10.883649,11.380501,6.7014728,5.7475586,7.862169,11.017595,12.670463,18.160662,17.60902,22.09015,24.425217,23.91603,20.248434,21.086039,20.643568,17.704298,19.934856,17.274223,20.327225,17.979105,20.061691,20.86016,17.729551,12.278631,10.626157,7.8722415,8.885132,11.145137,11.211025,17.218897,18.748343,21.862648,24.922045,27.552977,29.510052,33.11929,36.504375,34.26719,35.795044,30.448132,31.549118,26.184465,29.086718,23.372074,26.381105,23.819359,22.386148,24.881884,25.689964,28.092949,26.361252,30.664932,30.011835,34.165817
11,34.820522,32.20545,29.083258,26.095757,23.733208,21.308664,18.850082,14.180649,12.482778,8.815595,4.9494357,0.0,5.504574,7.0647607,10.746388,11.108624,15.450891,15.767292,20.359726,22.932152,25.90686,29.460335,31.918434,34.306377,36.834198,34.58578,33.36271,29.341127,25.556023,25.948652,19.704742,21.21614,14.363402,17.00984,15.204503,15.076891,19.197554,18.411695,19.59246,20.830212,18.287285,21.47983,17.544739,21.351809,26.848442,26.651089,31.258741,31.556055,34.54833,36.596737,34.020153,28.876822,30.813063,26.38294,22.994638,21.412333,17.028511,14.227425,12.962538,8.392393,9.276479,8.936945,12.776481,13.384356,19.607407,18.10006,22.925478,25.016542,25.047821,21.236404,23.073448,22.123562,19.94546,21.524965,19.298582,21.87911,19.37502,20.86031,20.84368,17.05452,12.017782,10.456767,9.741792,11.302776,14.557064,14.450072,20.691126,22.676588,25.364475,28.667597,31.012287,32.93887,36.342365,39.397568,36.720387,37.648464,32.04434,32.705032,27.324263,29.701385,23.43896,26.70347,23.56003,21.905231,25.082832,26.28594,29.417368,28.1218,32.65143,32.526043,36.695435
12,32.481384,30.440474,26.701044,24.384089,22.348276,18.882517,17.849,11.825884,11.890777,6.4970484,6.7909913,5.504574,0.0,3.8765266,6.497306,9.074746,12.861163,14.657808,18.979753,22.160112,24.891148,28.895597,31.59882,33.66439,36.534374,34.856728,34.081577,29.93482,26.351147,26.31124,20.400297,20.97073,14.587596,15.029616,14.370373,13.024986,17.488194,17.824839,18.32588,19.691729,19.039328,22.282543,18.937317,23.075867,28.1903,28.079342,32.748436,32.750946,36.270966,38.49597,36.46485,31.15055,33.516228,29.667809,25.87994,24.786913,20.273176,17.66179,17.570457,12.795438,12.349346,11.89053,14.464051,13.889466,19.643059,16.642836,21.819729,24.936628,25.839252,22.855791,24.791779,24.926847,22.922693,25.36028,23.328701,26.40659,24.153378,25.942545,26.176115,22.432219,17.291365,15.643862,14.095826,14.78267,17.525599,15.953907,22.253292,23.053507,25.849066,28.727978,30.904358,33.538757,36.528767,39.25547,37.319202,38.40481,32.485294,34.16514,29.086803,32.10694,26.015678,30.027515,27.47562,26.270575,29.54488,30.358122,33.63775,31.572659,36.0984,35.43638,39.47212
13,30.666117,28.840363,25.364464,22.712534,21.121027,17.528605,17.1045,11.456725,10.964327,7.707736,5.70869,7.0647607,3.8765266,0.0,5.314381,6.555871,10.316733,12.322034,16.361927,19.988106,22.1706,26.730457,28.9721,31.358635,33.93704,32.234562,31.979141,27.584898,24.337704,23.586803,18.223192,17.871147,11.240286,11.437163,10.561005,9.210688,13.704026,14.034949,14.480013,16.05942,15.643966,19.179617,16.267757,20.958908,25.629545,25.967772,30.409103,30.85289,34.314873,36.90965,34.952175,29.79543,31.7012,28.122988,24.00382,22.909718,18.724829,15.930287,16.642876,12.336843,11.228025,12.593271,14.987569,15.259446,20.540403,18.252352,23.18673,26.46714,26.922262,23.93715,25.115442,25.416418,22.770458,25.405424,22.887037,26.021805,23.58673,25.539047,26.059635,22.494041,17.212074,16.007914,13.532987,14.398422,16.357117,15.349745,21.322834,21.731878,24.953917,27.571247,30.040464,32.67275,35.88143,38.92744,37.357452,38.93229,33.245102,35.154766,30.041836,33.318615,27.542747,31.200542,28.819208,27.556194,30.343843,31.0653,33.689873,31.620602,35.93772,34.992374,39.042995
14,26.376993,24.75197,20.814188,18.808233,17.27232,13.093273,13.618972,7.278635,8.766181,5.6106215,8.793007,10.746388,6.497306,5.314381,0.0,4.974878,7.1568027,10.132088,13.816163,17.320427,19.778318,23.988083,26.858694,28.575935,31.698034,30.585966,30.225595,26.085821,22.850662,22.466288,17.182198,17.02834,12.504213,10.679687,12.205474,10.9779215,15.397415,16.226732,15.10747,15.653589,17.141953,19.521189,16.936691,20.839117,25.310669,25.193375,29.783684,29.43647,33.42862,35.837883,34.495068,29.172848,31.952179,29.027386,24.933786,24.692917,20.190708,18.311333,19.966164,15.186522,13.184572,13.316521,14.141757,13.47772,17.700762,14.757494,19.505817,23.435389,24.419666,22.295317,23.46777,24.82626,22.6359,26.077072,24.164293,27.858213,26.152834,28.558954,29.586838,26.479956,21.04194,18.996485,16.217556,15.695073,17.325054,14.471263,20.075724,19.459707,22.428457,24.681528,26.819513,30.002043,32.714592,35.37404,34.36648,36.02486,30.209486,32.965122,28.260208,32.093487,26.742863,30.980833,29.37851,28.710316,31.526838,31.71395,34.6113,31.60863,35.878857,34.431206,38.236774
15,24.46591,22.470284,19.352364,16.309265,14.905296,11.6013975,11.427312,7.076891,5.945158,7.337265,7.116348,11.108624,9.074746,6.555871,4.974878,0.0,4.3763595,5.8367743,9.941646,13.471324,15.838715,20.219643,22.680826,24.85486,27.614237,26.142183,25.875788,21.55755,18.400394,17.763031,12.502143,12.336969,7.994796,7.373985,8.892177,9.449485,13.539124,13.325749,11.815766,11.706273,12.630708,14.616303,12.001002,16.035252,20.407906,20.491722,24.987415,25.01823,28.822481,31.45903,30.01608,24.84169,27.231627,24.474918,20.233892,20.144655,15.855082,14.226262,16.79957,12.53929,9.786544,11.584963,12.230293,13.132293,16.902376,15.919873,20.045622,23.448072,23.372131,20.886692,21.073545,22.28169,19.37307,22.888407,20.583275,24.325966,22.694117,25.34337,26.83119,24.253014,18.814207,16.872044,13.30053,12.566629,13.290438,11.150222,16.311142,15.771862,19.193966,21.447563,24.0256,26.814293,30.012068,33.228233,32.170486,34.29617,28.93613,31.429626,26.575737,30.448584,25.496607,29.045887,27.592318,26.855812,29.043964,29.123081,31.287546,28.366766,32.39148,30.776098,34.622345
16,20.523565,18.9924,15.808001,12.994808,12.354779,8.442122,10.2996235,7.182098,7.3694997,10.245381,11.440035,15.450891,12.861163,10.316733,7.1568027,4.3763595,0.0,4.4768205,6.841022,10.891757,12.719215,17.425808,19.943333,21.808382,24.75321,23.841253,24.05701,19.798557,17.1565,16.053694,11.9285965,10.71059,9.267039,5.952848,9.826345,10.436153,13.735419,13.988631,11.086018,9.969539,13.212822,14.174299,12.692062,16.162502,19.6036,19.744427,23.98346,23.751324,27.882275,30.659311,29.825357,24.81254,27.421167,25.511375,21.216702,21.776484,17.851788,16.867102,20.22089,16.322573,13.193934,14.946314,14.495758,15.162251,17.467628,16.629526,20.092371,23.900951,23.912537,22.18325,21.817154,23.857817,20.996023,25.00421,22.90029,26.846537,25.601532,28.482533,30.322853,28.087252,22.714308,20.713211,16.8943,15.607605,15.502298,12.702959,16.613403,14.703864,18.17028,19.696037,22.207087,25.419605,28.324947,31.451134,31.209898,33.7585,28.613008,31.853952,27.427944,31.740503,27.41663,31.030539,30.195465,29.796291,31.69481,31.39356,33.272392,29.803223,33.531864,31.378172,34.958454
17,19.861223,17.492165,15.263085,11.368304,10.290191,8.344066,8.037184,7.761276,5.526878,11.222513,11.239015,15.767292,14.657808,12.322034,10.132088,5.8367743,4.4768205,0.0,4.685712,7.6690383,10.382798,14.409039,16.999172,19.082441,21.905148,20.52385,20.19969,15.963314,12.951975,12.490072,7.5419087,7.9705687,8.0577,7.584102,10.540618,12.693783,15.627933,14.714445,11.860922,9.701774,11.506244,11.18008,9.224543,11.854932,15.657834,15.457172,19.905903,19.586966,23.63798,26.338871,25.380981,20.344759,23.057371,21.246202,17.083467,18.05601,14.136177,13.935328,17.855158,14.373739,10.909854,13.013518,12.037093,13.79973,15.541666,16.46697,19.298996,22.36579,21.461527,19.45339,18.357075,20.279257,17.093475,21.18968,19.122408,23.154926,22.319782,25.424068,27.680635,26.060097,20.878311,18.649427,14.625496,12.717226,11.852904,9.186782,12.371517,10.699213,14.430031,16.214897,19.047215,21.77387,25.10934,28.658472,28.049772,30.792768,26.027998,28.850336,24.345482,28.5854,24.661343,27.733456,27.134209,26.821789,28.257637,27.779184,29.26104,25.725302,29.286747,27.053307,30.645288
18,16.23224,14.317748,12.856348,8.672618,9.145193,7.8739486,9.534577,11.118203,9.819568,15.559066,15.725954,20.359726,18.979753,16.361927,13.816163,9.941646,6.841022,4.685712,0.0,4.7544312,5.9787216,10.9009695,13.104455,15.178396,17.932844,17.06135,17.58548,13.336563,11.393995,9.834639,7.616128,6.0056014,10.233914,8.294713,12.241419,14.584111,16.444004,15.666409,11.797818,8.391742,12.211865,10.442918,10.39282,12.070556,14.095679,14.231625,18.026524,17.723133,21.942871,24.953245,24.67,20.128014,22.651001,21.956709,17.86428,19.460613,16.423742,16.786737,21.291098,18.482641,14.96279,17.387217,15.890203,17.634794,18.05945,19.437353,21.451733,24.57629,23.47318,22.122343,20.23171,22.7208,19.471003,23.736958,21.740736,25.709541,25.175047,28.389572,30.959599,29.730042,24.756552,22.737835,18.56156,16.566065,14.836015,12.496955,13.63006,10.446725,14.174266,14.821467,17.73862,20.625326,23.796703,27.462345,27.776533,31.115698,26.917225,30.270815,26.27614,30.767437,27.637278,30.42098,30.365732,30.27149,31.224342,30.433397,31.292301,27.45349,30.486893,27.704777,30.94083
19,14.253502,11.301006,11.192001,6.2265463,6.6236267,8.430745,8.526514,12.869847,11.250641,17.819326,18.414251,22.932152,22.160112,19.988106,17.320427,13.471324,10.891757,7.6690383,4.7544312,0.0,4.859207,6.7568693,10.122786,11.519725,14.765388,13.947212,13.48756,9.832186,7.693502,8.015318,6.415226,7.8192897,13.559529,12.92752,16.374222,19.101744,20.914968,19.697088,15.987093,12.22198,14.89712,11.529141,11.459248,10.592363,12.17459,11.205756,15.060838,13.661902,18.234482,20.867266,21.066414,16.617363,19.94627,20.017252,16.578276,19.06153,16.261211,17.774792,22.450373,19.92035,16.444977,18.137587,15.711553,17.699648,16.642122,19.451246,20.348312,22.804493,21.045454,20.157118,17.456314,20.432415,17.484398,21.967949,20.608208,24.650095,24.942574,28.35548,31.339243,30.782831,26.106625,23.694458,19.743109,16.987764,14.759295,11.975071,10.912747,6.6699758,10.086896,10.229757,13.286828,15.991622,19.242973,23.139584,23.555504,27.208635,23.58757,26.976658,23.414528,27.990524,25.764849,28.16807,28.815044,29.130932,29.634102,28.39415,28.99252,24.629858,27.276707,24.103256,27.023119
20,13.69825,12.030272,12.795747,8.508211,10.549407,11.465873,13.162023,16.573008,15.131476,21.35281,21.13374,25.90686,24.891148,22.1706,19.778318,15.838715,12.719215,10.382798,5.9787216,4.859207,0.0,6.524696,7.393333,9.831582,12.105124,11.670406,13.275074,9.317783,9.379962,6.6405635,9.03261,6.853694,14.300394,12.841567,16.387932,19.178772,19.951128,18.834843,14.696066,10.540249,14.468006,10.746979,12.544311,12.289857,11.669139,12.088434,14.592524,14.371369,18.472893,21.78481,22.306877,18.706116,20.793509,21.593533,17.995981,20.372728,18.558205,19.778658,24.751348,22.850193,19.37858,22.093298,20.159233,22.277073,21.473413,23.913193,24.91722,27.552181,25.809587,24.949766,22.014517,24.771017,21.447477,25.617817,23.780111,27.496544,27.47418,30.77283,33.77291,33.24684,28.704456,26.862549,22.654858,20.49131,17.845245,16.222357,14.966703,10.952771,14.1280365,13.359625,16.344032,18.758377,21.886377,25.86923,27.01824,31.048042,27.895123,31.374352,27.998829,32.499523,30.452915,32.53298,33.098564,33.22867,33.425587,32.27409,32.190353,28.186945,30.40524,27.06843,29.781286
21,11.890087,8.80815,11.824205,7.9584403,9.766141,13.350163,13.637679,19.095095,17.68508,24.320894,24.937881,29.460335,28.895597,26.730457,23.988083,20.219643,17.425808,14.409039,10.9009695,6.7568693,6.524696,0.0,5.3576746,4.945967,8.789242,9.051237,8.641531,6.8968034,7.5500975,8.44639,10.972896,12.135907,19.397738,18.82319,22.194515,25.141432,26.272123,24.89399,20.994034,16.852549,19.569193,14.9506235,16.097433,13.282897,12.142069,10.726937,12.749649,10.260164,14.865012,17.299587,18.874432,15.731264,19.07697,20.991926,18.565708,21.871351,20.234661,22.57666,27.451912,25.631454,22.296484,23.887117,20.999321,23.045208,20.539467,24.285244,23.909294,25.68781,23.345352,23.311255,19.618397,22.985971,20.426939,24.687574,23.85847,27.565033,28.592142,32.045017,35.432755,35.616886,31.399397,29.03015,25.231974,22.272997,19.460518,17.192312,13.732902,9.140359,10.60011,8.355007,11.008114,13.038921,15.909189,20.051702,21.640606,26.0733,23.908709,27.495659,24.988136,29.492887,28.746756,30.4051,31.93018,32.640587,32.371246,30.631205,30.356838,25.653053,27.243645,23.385927,25.428144
22,14.9152,13.077331,16.34838,12.651192,14.770145,17.561842,18.171196,22.980375,21.07599,27.789087,27.131432,31.918434,31.59882,28.9721,26.858694,22.680826,19.943333,16.999172,13.104455,10.122786,7.393333,5.3576746,0.0,4.8214707,4.980719,4.676877,7.725332,5.688838,9.023005,7.1040177,12.727955,12.066053,20.038395,19.759752,22.57554,25.841497,26.078854,24.405067,20.62547,16.4721,18.961073,13.91779,16.42649,13.818253,10.349183,10.520366,10.552036,10.187413,13.558805,16.95467,18.537022,16.570488,18.051376,20.73842,18.344776,21.529436,21.086891,23.313253,28.411045,27.47106,24.228842,26.92904,24.622494,27.197044,25.326756,29.069412,29.051872,30.760635,28.125427,27.627426,23.649837,26.342232,23.163519,26.886454,25.456213,28.675488,29.42016,32.70727,36.15818,36.579845,32.695667,30.945232,26.965994,24.582058,21.234285,20.411615,16.868681,13.157836,15.002188,12.957696,15.65114,16.636557,19.741833,24.116322,25.774635,30.39789,28.73836,31.833702,29.232937,33.41201,32.71598,33.747498,35.01184,35.408497,34.661064,33.105972,31.88262,27.878334,28.95715,25.140833,27.060787
23,11.801507,9.893357,14.250786,11.6531105,14.041489,17.526112,18.384182,23.824091,22.601908,29.174284,29.70921,34.306377,33.66439,31.358635,28.575935,24.85486,21.808382,19.082441,15.178396,11.519725,9.831582,4.945967,4.8214707,0.0,4.9212327,7.3559427,8.384267,8.652617,11.1950865,11.263862,15.47121,15.764561,23.52768,22.666464,26.058348,29.003796,29.605291,28.281015,24.257109,20.059309,23.087885,18.19544,20.11289,17.060127,14.375208,13.402314,13.631409,11.291548,15.046836,17.383383,19.89509,18.019514,20.715424,23.68158,21.740314,25.208822,24.288498,26.764175,31.739674,30.29096,26.990831,28.773674,25.85894,27.876883,24.976656,28.788147,27.986326,29.600206,27.173674,27.540716,23.569763,26.974913,24.55332,28.56425,27.83074,31.257998,32.46645,35.863033,39.3834,39.851353,35.841633,33.639397,29.830193,26.966202,23.929932,22.03287,18.080097,13.74857,14.459888,11.382189,13.160036,14.515597,16.628967,20.530655,23.124546,27.908484,26.681452,30.373665,28.50754,32.88394,32.829906,34.11821,35.98383,36.809837,36.162014,34.25181,33.42059,28.761131,29.67509,25.548832,26.946293
24,15.983545,14.711186,18.970165,16.13659,18.472326,21.664953,22.375706,27.556818,25.824856,32.555836,32.07022,36.834198,36.534374,33.93704,31.698034,27.614237,24.75321,21.905148,17.932844,14.765388,12.105124,8.789242,4.980719,4.9212327,0.0,4.379379,8.147912,8.914349,12.862151,11.660126,17.445965,16.935844,24.930916,24.5555,27.380974,30.61869,30.586994,28.943798,25.167133,21.065332,23.55349,18.408545,21.112371,17.99182,13.750839,13.745289,12.197678,11.481924,13.806364,16.7373,19.306623,18.610325,19.777075,23.467947,21.811539,25.204546,25.28678,27.785286,32.848476,32.161877,28.99288,31.530828,29.006338,31.510967,29.034145,33.063896,32.487194,33.899,31.094587,31.047522,26.769531,29.59079,26.734547,30.248291,29.143019,32.106632,33.21,36.444653,40.041306,40.825043,37.18935,35.447914,31.584398,29.108078,25.655,24.866997,20.663134,17.031822,18.004934,15.235706,17.204477,17.54927,19.980867,24.112144,26.503046,31.390568,30.657969,33.786144,31.85343,35.89252,35.9826,36.64167,38.35346,38.958427,37.833427,36.037354,34.35438,30.296728,30.6856,26.62198,27.833057
25,18.868612,16.86214,20.588842,16.88743,18.595173,21.822037,21.63793,26.720823,24.29879,31.187786,29.822905,34.58578,34.856728,32.234562,30.585966,26.142183,23.841253,20.52385,17.06135,13.947212,11.670406,9.051237,4.676877,7.3559427,4.379379,0.0,5.8094482,5.7980895,10.242383,8.865341,14.998435,14.904811,22.600258,23.268173,25.410831,29.019054,28.998604,26.864145,23.530113,19.550165,20.81642,15.432254,18.108086,14.616395,9.782038,10.129078,7.9597974,8.569668,10.395105,14.064852,15.8994465,15.311275,15.67294,19.382248,17.828419,21.204426,21.767433,24.400173,29.404661,29.230606,26.253347,29.182993,26.992123,29.994183,28.052704,32.437443,32.19904,33.317886,30.10412,29.41901,24.991776,27.17226,23.915586,27.047173,25.661383,28.353899,29.397558,32.541565,36.17094,37.172527,33.826443,32.315918,28.540234,26.277632,22.578005,22.667265,18.308292,15.523107,16.876295,14.870376,17.427551,17.144371,20.474886,25.118454,26.48081,31.212318,30.347174,32.761456,30.374655,34.10727,33.97877,34.19729,35.5991,35.96989,34.602867,32.985336,30.900599,27.327145,27.683968,23.856201,25.394234
26,19.404406,16.176207,19.929998,16.156845,16.877405,21.10151,19.522373,25.406572,22.799475,29.778894,28.919868,33.36271,34.081577,31.979141,30.225595,25.875788,24.05701,20.19969,17.58548,13.48756,13.275074,8.641531,7.725332,8.384267,8.147912,5.8094482,0.0,4.925275,7.8127265,10.051308,13.890727,16.276684,23.239218,24.638107,26.717945,30.405947,31.17676,28.863483,25.743553,21.7769,22.164688,16.73294,18.028849,13.128794,9.907744,7.829314,6.790627,3.4538472,6.709706,9.329076,11.590563,10.67276,12.916862,16.709862,16.024315,19.917274,19.994766,23.310251,27.997255,27.61781,24.823687,26.777576,24.112202,27.112179,24.511812,29.692532,28.870531,29.24639,25.567156,25.055353,20.325014,22.564709,19.880533,22.983728,22.410053,25.180044,26.98397,30.237822,34.027527,35.380344,32.190277,30.167942,26.827642,24.000084,20.459106,20.080343,14.670711,12.455396,12.71916,10.821404,13.200917,11.91957,15.6861,20.625565,21.236624,25.88438,25.412683,27.376305,25.272314,28.807215,29.2954,29.214445,31.09474,31.814657,30.286522,28.338066,26.433409,22.354792,22.545176,18.499598,19.877945
27,18.684395,15.629358,18.407244,13.956061,14.695654,18.090715,16.797081,21.959917,19.123041,26.09717,24.715977,29.341127,29.93482,27.584898,26.085821,21.55755,19.798557,15.963314,13.336563,9.832186,9.317783,6.8968034,5.688838,8.652617,8.914349,5.7980895,4.925275,0.0,4.4812407,5.1443505,9.658135,11.392088,18.443995,19.895004,21.834625,25.561337,26.271255,23.94147,20.849829,16.932335,17.324146,11.919603,13.455071,9.287318,6.0717163,4.960332,5.906913,5.523125,9.163091,12.729003,13.425576,11.041074,12.680594,15.218833,13.225068,16.77811,16.54372,19.389,24.317331,23.832565,20.87924,23.505941,21.29771,24.474216,22.846338,27.432682,27.451817,28.43231,25.111185,23.983139,19.677975,21.68193,18.273846,21.624777,20.258732,23.294106,24.375225,27.669458,31.275206,32.127983,28.61368,26.811388,23.130362,20.629192,17.007217,16.968544,12.585765,10.221024,12.056081,11.087036,14.292333,14.186524,18.303661,23.20879,23.486486,27.852821,26.259281,28.364445,25.40658,29.159742,28.512215,28.929865,30.08882,30.406506,29.325365,27.79848,26.268568,22.518011,23.564482,19.943771,22.20092
28,19.045351,15.363144,17.149101,12.390311,12.055932,15.5288,13.109769,18.364357,15.253195,22.239618,21.127253,25.556023,26.351147,24.337704,22.850662,18.400394,17.1565,12.951975,11.393995,7.693502,9.379962,7.5500975,9.023005,11.1950865,12.862151,10.242383,7.8127265,4.4812407,0.0,5.85835,6.2109485,10.312983,16.157728,18.121246,19.964045,23.611475,25.03322,22.701136,19.847845,16.163107,15.959199,11.080126,11.052479,6.4021726,6.7758436,3.9209228,8.181394,6.6450877,10.860499,13.607891,13.430625,9.3477545,12.522903,13.573502,11.218682,14.74496,13.36723,16.361942,21.10666,20.104134,17.152872,19.229092,16.867361,20.10961,18.677673,23.414516,23.614155,24.494738,21.16558,19.709314,15.604855,17.59353,14.164712,17.900667,16.699743,20.174965,21.319319,24.751421,28.279852,28.918621,25.180372,22.98356,19.427742,16.56241,13.174203,12.59423,8.174615,6.2012696,8.605707,8.970944,12.508305,12.761257,17.21374,22.058744,21.477589,25.413866,23.122854,25.049421,21.615664,25.451942,24.305855,25.067558,26.056538,26.393269,25.698357,24.220942,23.435469,19.399763,21.183256,17.822918,20.646536
29,19.232594,16.727434,18.299494,13.511066,14.334533,16.289007,15.65943,19.502611,16.514977,23.229212,21.115252,25.948652,26.31124,23.586803,22.466288,17.763031,16.053694,12.490072,9.834639,8.015318,6.6405635,8.44639,7.1040177,11.263862,11.660126,8.865341,10.051308,5.1443505,5.85835,0.0,6.9813743,6.4632163,13.798453,15.19663,16.913631,20.684958,21.175907,18.841423,15.752214,11.905898,12.46334,7.1585164,9.4621725,7.472434,5.048273,6.5203185,8.645249,10.242038,13.350067,17.238613,16.961765,13.882402,14.583504,15.649683,12.274651,14.95431,14.41765,16.34305,21.476889,20.911205,17.812716,21.370693,19.881002,23.125914,22.723892,26.386667,27.373951,29.0222,26.216383,24.518345,20.88276,22.537724,18.540667,21.932547,19.69109,22.840628,22.969568,26.182024,29.467697,29.68519,25.835064,24.422121,20.35793,18.464529,14.914702,15.40938,12.888311,10.694269,13.898052,13.79563,17.274988,18.066257,22.180681,26.89508,27.000933,31.059011,28.538195,30.756895,27.10957,30.963503,29.202555,30.115,30.485722,30.344627,29.757511,28.72901,27.570305,24.331604,26.08108,22.966974,25.818188
30,20.579582,17.307255,17.263971,12.3356905,11.374772,12.871639,10.395681,13.785581,10.086218,16.90279,15.097177,19.704742,20.400297,18.223192,17.182198,12.502143,11.9285965,7.5419087,7.616128,6.415226,9.03261,10.972896,12.727955,15.47121,17.445965,14.998435,13.890727,9.658135,6.2109485,6.9813743,0.0,6.5244026,10.283342,12.799362,14.261872,17.827087,19.734169,17.4637,14.954149,11.841691,11.123088,7.7018857,5.986088,4.726604,8.753001,8.018857,12.68728,12.6921425,16.326077,19.177504,17.98425,13.208104,15.602064,14.449001,10.590536,12.753176,9.900624,11.724145,16.543642,14.857989,11.604291,14.458111,12.954578,16.34002,16.749506,20.295998,21.834782,23.451956,20.87173,18.555109,15.6933775,17.111696,13.116514,16.979359,14.844405,18.673296,18.688086,22.0701,25.120766,24.836498,20.487703,18.395597,14.409088,11.953757,8.932052,8.495012,7.671778,6.805422,10.769233,12.550354,16.010653,17.29244,21.514845,25.926704,24.879786,28.150799,24.581493,26.490473,22.140297,26.00645,23.258085,24.83252,24.749117,24.543545,24.726477,23.90504,24.028362,20.584745,23.4369,20.910694,24.425613
31,20.253475,18.323292,18.096874,13.498441,14.055383,13.806338,14.093548,15.6996975,12.919384,18.793272,16.269167,21.21614,20.97073,17.871147,17.02834,12.336969,10.71059,7.9705687,6.0056014,7.8192897,6.853694,12.135907,12.066053,15.764561,16.935844,14.904811,16.276684,11.392088,10.312983,6.4632163,6.5244026,0.0,8.053988,8.806336,10.642445,14.253479,14.96612,12.94996,9.61915,5.8753676,7.6496634,4.663478,6.5411787,9.046544,9.8850565,11.583978,14.631747,16.193401,19.442108,23.151115,22.276176,18.379942,19.143137,18.485806,14.095139,15.354083,13.644647,13.932975,18.889685,17.58871,14.320216,18.522121,17.895992,20.77626,21.841358,24.028124,26.168728,28.641623,26.70744,24.583368,22.068703,23.523962,19.384134,22.885223,20.05194,23.424835,22.493803,25.539484,28.229578,27.392946,22.935732,21.772738,17.391663,16.21562,13.475902,13.820325,14.184815,12.292936,16.290834,17.045656,20.456722,22.227774,26.1241,30.434174,30.336515,33.904587,30.27886,32.738964,28.478863,32.464935,29.430595,31.200123,30.753769,30.212774,30.49487,29.984566,29.741047,26.815914,29.444042,26.86654,30.230202
32,26.429417,24.422865,22.802748,18.636692,18.028088,16.212315,15.672697,14.155702,10.968568,14.534223,9.592736,14.363402,14.587596,11.240286,12.504213,7.994796,9.267039,8.0577,10.233914,13.559529,14.300394,19.397738,20.038395,23.52768,24.930916,22.600258,23.239218,18.443995,16.157728,13.798453,10.283342,8.053988,0.0,6.377766,4.4290543,8.35596,10.358959,7.9174137,7.1525016,7.2436595,4.70339,8.139683,6.3403935,12.11445,15.429812,16.918999,20.555737,22.331026,25.195541,28.578398,26.652498,22.246515,22.706284,20.036459,15.372816,14.667277,11.951445,9.826887,13.584247,11.871169,9.169318,14.445504,15.725016,18.501596,21.867594,22.742144,26.243298,28.844347,27.465353,24.35899,23.198715,23.50863,19.32746,22.072977,18.592173,21.638866,19.417416,21.942848,23.724684,21.735165,16.910563,16.384197,12.093135,12.5703745,11.355256,12.8776655,16.317528,16.344479,20.340462,22.328918,25.592403,27.41432,31.408173,35.479134,34.36839,37.116035,32.62779,34.3978,29.394627,32.871956,28.442785,30.555622,28.867819,27.636812,28.72153,29.031261,29.583832,27.641972,31.056599,29.479387,33.400665
33,23.072628,22.046095,19.729242,16.443277,16.645836,13.413194,15.305887,12.931507,11.8171625,14.624831,12.6322155,17.00984,15.029616,11.437163,10.679687,7.373985,5.952848,7.584102,8.294713,12.92752,12.841567,18.82319,19.759752,22.666464,24.5555,23.268173,24.638107,19.895004,18.121246,15.19663,12.799362,8.806336,6.377766,0.0,5.105117,6.4442573,8.404924,8.501389,5.158184,5.1600037,9.170489,11.45602,11.285518,16.110077,18.473906,19.873327,23.364365,24.513195,28.040398,31.483782,30.377851,25.906668,27.071152,25.233906,20.583588,20.56175,17.71108,16.044744,19.653194,17.020191,14.10691,17.916647,18.39866,19.979507,22.712507,22.365864,25.880774,29.4141,28.897093,26.681337,25.76478,27.16482,23.503471,26.97539,24.019192,27.458305,25.553858,28.177454,29.902758,27.62317,22.553263,21.638273,17.494066,17.33373,16.495735,15.886434,19.260891,17.650064,21.579273,22.847012,25.806013,28.530197,31.891285,35.50767,35.37827,38.2985,33.550484,36.410877,31.799103,35.864185,31.547842,34.46509,33.234055,32.380463,33.823997,33.826004,34.816216,32.090748,35.52139,33.437607,37.10901
34,27.83092,26.488054,24.433193,20.774073,20.569702,17.791586,18.45301,15.735972,13.626576,15.673866,11.048561,15.204503,14.370373,10.561005,12.205474,8.892177,9.826345,10.540618,12.241419,16.374222,16.387932,22.194515,22.57554,26.058348,27.380974,25.410831,26.717945,21.834625,19.964045,16.913631,14.261872,10.642445,4.4290543,5.105117,0.0,4.304497,6.021996,4.4778337,4.4819045,7.0123243,6.7181664,11.198115,10.55536,16.351902,18.997875,20.863918,24.175854,26.150047,29.049662,32.616413,30.835188,26.54988,26.775606,24.217157,19.531595,18.528173,16.153214,13.512184,16.490126,14.738797,12.518821,17.452423,19.053976,21.196032,24.894962,24.7496,28.645113,31.743519,30.898523,27.955675,27.160313,27.610985,23.583872,26.284235,22.750288,25.617363,23.011135,25.213337,26.5408,24.000418,19.230675,19.201939,15.225867,16.26536,15.579197,16.7135,20.517048,20.085112,24.101269,25.842306,29.011856,31.190483,34.97268,38.86876,38.10711,40.84976,36.13064,38.225986,33.24211,36.809563,32.11019,34.54301,32.65674,31.307299,32.66405,33.134594,33.832077,32.004482,35.47173,33.900623,37.804688
35,29.258516,28.337395,25.635105,22.61248,22.427397,18.782402,20.166039,16.166658,15.15681,15.452112,11.843393,15.076891,13.024986,9.210688,10.9779215,9.449485,10.436153,12.693783,14.584111,19.101744,19.178772,25.141432,25.841497,29.003796,30.61869,29.019054,30.405947,25.561337,23.611475,20.684958,17.827087,14.253479,8.35596,6.4442573,4.304497,0.0,4.5608497,6.017469,6.610524,9.862128,10.974218,15.393904,14.660862,20.352562,23.137032,24.844196,28.276466,29.965681,33.096615,36.582508,34.908268,30.447369,30.987036,28.311056,23.657982,22.547804,19.862194,16.952658,19.181522,16.849276,14.979577,19.078785,20.88981,22.255182,26.32794,25.060713,29.358732,32.89183,32.699623,29.932503,29.721796,30.334698,26.655174,29.425024,26.065042,28.968899,26.200989,28.210335,29.123764,26.030066,21.176676,21.175787,17.610128,18.827843,18.86537,19.263523,23.704573,23.058754,26.960333,28.690939,31.64859,34.225704,37.719616,41.298775,40.684948,43.21761,38.13206,40.507553,35.53718,39.17561,34.119484,37.053772,35.001614,33.6342,35.454758,36.035366,37.237114,35.331493,39.02618,37.521107,41.4498
