,0,1,2,3,4,5,6,7,8,9,10,11,12,13,14,15,16,17,18,19,20,21,22,23,24,25,26,27,28,29,30,31,32,33,34,35,36,37,38,39,40,41,42,43,44,45,46,47,48,49,50,51,52,53,54,55,56,57,58,59,60,61,62,63,64,65,66,67,68,69,70,71,72,73,74,75,76,77,78,79,80,81,82,83,84,85,86,87,88,89,90,91,92,93,94,95,96,97,98,99,100,101,102,103,104,105,106,107,108,109,110,111,112
0,0.0,4.2002225,6.5822983,9.613849,12.579253,15.018471,17.585636,20.861107,24.379606,26.654018,29.959625,32.803844,35.19016,35.492043,37.68659,34.41197,38.186573,35.496452,41.997177,39.088085,43.12816,44.86414,48.579372,46.04865,45.39349,46.0593,40.603275,38.84836,38.544918,42.464108,44.436512,37.88234,41.28922,45.042862,40.807343,38.829346,43.073875,44.215523,38.6366,35.817127,34.657963,30.860075,27.566385,24.579014,23.215569,18.706318,20.002363,23.899426,25.608171,20.849337,19.603346,26.762018,26.115303,21.138655,24.229786,20.86757,22.180822,22.390257,27.202879,28.011965,24.552385,27.24407,27.8859,26.629967,32.076084,31.47894,33.834663,37.235447,36.875404,40.324734,38.579914,35.689144,33.81165,32.84048,29.608994,30.80964,27.7813,24.306372,26.751148,22.969797,25.538443,26.383545,27.702217,27.504848,26.767843,29.375177,30.308949,33.495617,35.687866,37.672516,41.071484,41.659184,45.12657,46.24883,46.359226,46.61329,43.296177,41.930298,40.515816,37.788467,37.52273,33.069828,34.787643,30.293907,31.519026,31.793648,27.447626,27.146389,21.608097,22.902773,19.038694,18.225729,16.932556
1,4.2002225,0.0,5.148127,6.2815523,9.063864,12.299108,14.072312,18.042334,21.33354,23.783943,27.002504,29.873392,32.32256,32.29205,34.67234,31.13368,34.854008,32.146767,38.5701,35.766163,39.681194,41.58582,45.210255,42.491383,41.867313,42.36231,36.87887,35.169773,34.65108,38.5269,40.62917,34.044697,37.213577,41.081142,36.928238,34.833088,39.11651,40.377804,34.815685,32.072872,30.66643,26.972502,23.499071,20.598766,19.029272,14.549704,15.970359,20.085512,22.07665,17.838642,16.624817,23.51817,23.348766,18.943892,22.06441,18.872295,19.48376,20.350471,25.022089,26.270391,22.377651,25.765867,26.501303,25.042421,30.807814,29.571762,32.38921,35.51196,34.856586,38.720333,36.815426,34.152206,31.676538,30.830193,27.210596,28.365881,24.945581,21.203741,23.34573,19.28912,21.59387,22.267021,23.633478,23.662218,23.287195,25.796936,27.237036,30.465826,32.9521,35.12688,38.649143,39.472515,43.110283,43.737686,43.684624,43.79042,40.275467,38.946705,37.4256,34.92067,34.57171,30.207373,32.069534,27.541,29.07648,29.43952,25.257774,24.790367,19.649082,20.271353,16.938326,15.606052,15.127521
2,6.5822983,5.148127,0.0,5.247876,7.1389694,8.771571,11.88575,14.433799,18.274448,20.162872,23.650742,26.309336,28.810226,29.277506,31.699331,28.772402,32.78145,30.552778,37.082424,34.83904,39.077553,41.0304,44.895214,42.635757,42.451275,42.87651,37.60498,35.313866,35.039757,38.703266,40.15263,33.476128,37.05983,40.349743,35.78123,33.90808,37.851555,38.667606,33.052242,30.066687,29.48044,25.425297,22.754387,19.833416,19.411495,16.237534,18.312195,22.811247,25.158472,21.67143,19.594452,26.04684,26.941837,22.83869,25.011948,21.72753,21.407106,21.66458,26.040308,26.58613,21.645157,25.089907,24.978342,22.955202,28.458605,26.989212,29.202719,32.349495,32.311886,36.336746,34.8585,32.599762,30.018692,29.911173,26.228622,28.189543,24.886326,20.933554,23.849846,19.619776,22.264263,23.256065,23.55013,23.285488,22.204447,25.580534,26.01574,29.823286,31.84338,34.286995,37.435944,38.482563,41.628475,42.51456,42.889168,42.73267,39.445843,37.666405,35.917343,33.252796,32.364697,27.96414,29.149414,24.575262,25.418386,25.46753,21.186562,21.16572,15.63797,17.60672,14.2530155,14.242499,14.129492
3,9.613849,6.2815523,5.247876,0.0,3.7946234,6.616586,8.2719,12.368743,15.198486,18.236841,20.977404,24.37037,26.326963,26.259224,28.425455,24.909506,28.67463,26.095638,32.57771,30.053738,34.153072,36.12786,39.89824,37.491135,37.237087,37.672543,32.378998,30.160484,29.910223,33.650547,35.23196,28.601614,32.29691,35.700737,31.314533,29.497772,33.711666,34.78603,29.258533,26.539524,25.542404,21.850548,18.765535,15.309183,15.331372,11.935842,14.148639,18.377514,20.68215,17.788107,15.151123,21.165947,22.730072,19.213705,20.880651,17.820147,16.726591,17.463696,21.617153,22.618757,17.547146,21.61809,21.892456,19.94377,25.834188,23.909214,26.9309,29.79245,29.088032,33.345844,31.507431,29.287584,26.232168,25.945843,21.97483,23.668844,20.066563,15.99275,18.658073,14.394026,17.120989,18.390083,18.756306,18.304499,17.422886,20.484259,21.415703,25.032251,27.384567,29.8543,33.222195,34.35903,37.823765,38.23985,38.350857,38.206676,34.733646,33.153152,31.471891,28.976568,28.383562,24.032408,25.814323,21.28251,22.985838,23.534668,19.452505,18.734234,13.986618,14.1025095,11.238724,10.009428,10.711849
4,12.579253,9.063864,7.1389694,3.7946234,0.0,4.556863,5.0815444,9.4172,12.558996,15.006443,18.130632,21.030275,23.466581,23.283993,25.996376,22.602463,26.541006,24.369053,30.755095,28.841135,32.90203,35.15635,38.89222,36.447468,36.452545,36.566795,31.374563,28.979233,28.433187,31.931293,33.388638,26.654367,30.011147,33.30556,28.773926,26.793077,30.775278,31.725538,26.120443,23.25262,22.406595,18.483871,15.698492,12.735248,12.836822,10.850716,13.465199,18.089281,20.905416,19.025278,16.684006,21.835943,24.036942,21.31849,22.901663,20.156559,18.236668,19.424553,23.105726,24.219007,18.443027,23.059856,22.963047,20.548258,26.376352,23.644453,26.662128,29.163994,28.595325,33.358032,31.659039,29.959843,26.271723,26.57174,22.239813,24.2646,20.357714,15.950949,18.435913,13.732728,15.92838,16.819042,16.588238,16.577627,15.972767,19.436096,20.553537,24.544199,26.97825,29.807987,33.052456,34.56915,37.892906,37.891155,38.043594,37.562893,33.991978,32.200253,30.217266,27.977406,26.836866,22.654526,24.03244,19.43773,20.909662,21.188335,17.3705,16.942905,12.671993,13.009696,11.329685,10.514259,12.520803
5,15.018471,12.299108,8.771571,6.616586,4.556863,0.0,4.710037,5.999451,9.511242,11.986106,14.945552,18.211359,20.178143,20.577608,22.956642,20.195417,24.351265,22.58499,29.052635,27.552277,31.942327,34.09125,38.065742,36.218838,36.623276,36.816277,31.95494,28.991724,28.942986,32.21869,32.891514,26.250744,30.308132,32.853657,27.96822,26.455935,30.111643,30.590734,25.060663,22.07218,22.236204,18.184391,16.47817,13.242948,15.241222,14.432099,17.185064,21.492344,24.195768,22.668633,19.498291,24.181616,27.125364,24.45121,25.065168,22.271029,19.82604,20.155428,23.403511,23.711878,17.202026,21.624235,20.71791,17.824633,23.286697,20.380651,22.857365,25.381453,25.34304,30.162481,28.853361,27.518805,23.85179,24.830101,20.61953,23.401035,19.886396,15.619886,18.961279,14.673501,17.371473,18.879738,17.506184,16.762812,15.035557,19.304272,18.989002,23.428444,25.230484,28.203472,31.023817,32.66633,35.486824,35.84004,36.42962,35.779713,32.54043,30.344156,28.242481,25.759766,24.220259,19.976501,20.742762,16.1212,17.008316,17.178503,13.123421,12.924153,8.230238,9.917677,8.379074,9.324353,11.597767
6,17.585636,14.072312,11.88575,8.2719,5.0815444,4.710037,0.0,5.86998,7.912397,10.85329,13.429665,16.658112,18.782843,18.318333,21.140337,17.7026,21.705568,19.85452,26.136078,24.778952,28.85594,31.296494,35.04567,32.79685,33.184025,33.08494,28.177301,25.379078,24.8794,28.08237,29.086796,22.352146,25.900084,28.759417,24.030233,22.209839,26.030296,26.816069,21.232533,18.373379,17.905993,13.992188,11.835481,8.682725,10.794636,11.066542,13.90836,18.0947,21.0646,20.595444,17.80145,21.473043,24.908613,23.20745,23.855757,21.551702,18.409391,19.715015,22.51357,23.556925,17.062115,22.195356,21.698051,18.876026,24.494219,20.819044,24.056559,26.008728,25.335442,30.592777,28.975914,27.917698,23.504465,24.47832,19.842684,22.266628,18.224169,13.707278,16.175287,11.5006695,13.421656,14.552406,12.999996,12.81052,12.029508,16.036707,16.93333,21.274061,23.65801,26.835688,29.87108,31.79574,34.933304,34.457348,34.6802,33.853897,30.267145,28.246758,26.006903,24.019297,22.425735,18.469702,19.630405,15.101651,16.77701,17.168552,13.862683,13.228933,10.434811,9.785596,10.086731,9.5680485,13.010732
7,20.861107,18.042334,14.433799,12.368743,9.4172,5.999451,5.86998,0.0,4.9435844,6.005046,9.342887,12.228353,14.4572315,15.012369,17.99642,15.935845,20.344782,19.561369,25.656984,25.348682,29.705736,32.11521,36.06613,34.55747,35.521355,35.34337,30.971525,27.550072,27.442356,30.132988,30.105154,23.6401,27.589941,29.38068,24.19867,22.88177,25.88119,25.850115,20.413363,17.23894,18.468185,14.295307,14.195843,11.859501,15.275517,16.769545,19.610937,23.684734,26.648705,26.388494,23.22153,26.55045,30.442905,28.697231,28.764841,26.38688,22.995707,23.488094,25.826166,25.97459,18.835146,23.53376,21.948292,18.500328,23.276121,19.177315,21.343662,23.086767,23.424232,28.87542,27.957066,27.616543,23.183115,25.240047,20.860619,24.207123,20.736645,16.60272,19.748665,15.732927,17.737844,19.079739,16.299683,15.659206,13.770755,18.605629,17.725433,22.59733,24.086649,27.501057,29.833483,32.030033,34.356304,34.218254,35.047085,33.851597,30.732786,28.098179,25.562479,23.450296,20.901909,17.147472,16.825634,12.359169,12.439909,12.099089,8.735571,9.226878,6.827509,8.980336,10.272459,12.02757,15.333521
8,24.379606,21.33354,18.274448,15.198486,12.558996,9.511242,7.912397,4.9435844,0.0,5.941412,5.9184656,10.881245,11.268644,11.27203,13.559408,11.064944,15.444843,14.706243,20.762878,20.655436,25.039501,27.443317,31.413406,30.191496,31.41696,31.245945,27.227266,23.480862,23.745138,26.215902,25.674652,19.417915,23.989817,25.24794,20.009146,19.20949,22.228048,22.14897,16.957376,14.166251,15.754693,12.320323,12.843018,10.057345,15.285623,17.482534,20.15415,23.403944,26.084322,26.674438,23.034407,25.139065,29.867636,28.832632,27.987843,26.033615,21.892426,22.332912,23.784286,23.86552,16.63759,21.496132,19.8114,16.332071,20.780394,15.924954,18.658932,19.785849,19.610239,25.389647,24.364876,24.50517,19.508562,21.985594,17.541594,21.039022,17.736572,14.020886,17.040407,13.829215,15.734368,17.608046,13.960968,12.548383,10.045551,15.042417,13.540342,18.48322,19.821114,23.40312,25.565855,28.022316,30.284475,29.722324,30.545412,29.16835,26.080498,23.343042,20.712101,18.762674,16.0529,12.462163,12.304336,7.881206,9.091726,9.699966,7.342905,6.4392047,7.4674206,6.515911,10.0402355,11.446891,15.32419
9,26.654018,23.783943,20.162872,18.236841,15.006443,11.986106,10.85329,6.005046,5.941412,0.0,5.384522,6.233406,9.514862,10.320309,14.412972,13.633679,18.019255,18.59812,23.817234,24.954706,29.03859,31.684628,35.464508,34.292652,35.793644,35.19231,31.437569,27.731134,27.468557,29.408535,28.67092,22.6859,26.151436,27.048246,21.720135,20.62264,22.591606,21.87616,16.754274,13.427968,16.096548,12.133506,14.149959,13.395322,17.341194,20.536171,23.257624,27.023035,30.13547,30.845419,27.870924,30.123968,34.594242,33.579052,33.361393,31.325258,27.389322,28.058697,29.691414,29.768,22.501978,27.185377,25.163752,21.49806,25.369251,20.437641,22.092379,22.873985,23.61964,29.463602,28.978846,29.599386,24.659683,27.583418,23.284021,26.890095,23.604546,19.85629,22.51367,18.977158,20.132196,21.088919,17.318636,17.017492,15.3943815,20.146114,18.954163,23.843815,24.986572,28.6739,30.442743,33.12277,34.90015,34.222622,35.250496,33.50507,30.58687,27.59766,24.67489,23.145855,19.55577,16.773743,15.062819,11.494324,10.243536,8.899622,7.78275,9.295368,10.241266,12.097196,14.954619,16.877974,20.502262
10,29.959625,27.002504,23.650742,20.977404,18.130632,14.945552,13.429665,9.342887,5.9184656,5.384522,0.0,6.3692265,5.383773,6.026691,9.103182,8.724701,13.0395155,14.136585,19.017036,20.614998,24.721918,27.23294,31.053679,30.440739,32.2914,31.779047,28.56713,24.475744,24.805649,26.411297,24.849348,19.365559,23.664062,23.661516,18.272326,18.057486,19.82893,18.84079,14.258231,11.567273,15.006405,12.23727,14.863596,13.608238,19.006804,22.387426,24.945791,27.918518,30.642588,31.931364,28.39501,29.633638,34.8077,34.285343,33.11223,31.416187,26.93956,27.308558,28.073013,27.86168,20.736935,25.196205,22.950745,19.34201,22.498827,17.009422,18.842268,18.879238,19.340845,25.370348,24.964214,26.190067,20.935753,24.388624,20.343184,24.119888,21.325,18.295008,20.88569,18.394978,19.589022,21.155306,16.726894,15.525809,13.2236395,17.794363,15.55854,20.284855,20.92581,24.666553,26.016655,28.92586,30.395895,29.452253,30.633888,28.676392,26.011095,22.813812,19.809296,18.440737,14.47094,12.2223215,9.978374,7.146465,6.2389965,5.95222,6.8193235,7.058448,11.046308,10.937754,15.042043,16.897402,20.656876
11,32.803844,29.873392,26.309336,24.37037,21.030275,18.211359,16.658112,12.228353,10.881245,6.233406,6.3692265,0.0,6.2808437,7.223824,12.359107,13.36358,17.071732,19.120459,22.93436,25.565144,29.148079,31.938604,35.40789,34.62117,36.628033,35.61544,32.617275,28.773588,28.383572,29.458113,27.972416,22.858175,25.615908,25.42474,20.243322,19.527304,20.076149,18.485426,14.24454,11.202543,15.430628,12.490816,16.30399,16.904808,20.932997,25.198723,27.72852,31.089338,34.221207,35.73588,32.92511,34.23201,39.135944,38.758472,38.27278,36.55098,32.22139,33.025173,34.042595,34.079853,26.924114,31.479078,29.200428,25.523624,28.508999,23.096846,24.265984,24.043612,25.062933,31.018295,30.930744,32.41398,27.186792,30.735767,26.66616,30.323893,27.309238,24.040829,26.176598,23.210823,23.656376,24.277077,19.935743,19.911983,18.661137,22.915596,21.560263,26.124075,26.905323,30.682814,31.857613,34.92265,36.139378,34.894646,36.070118,33.81428,31.192476,27.9804,24.808012,24.004564,19.617464,18.160067,15.278018,13.343221,11.163746,9.153733,10.934535,12.642534,15.517314,16.838982,20.423601,22.321955,26.091206
12,35.19016,32.32256,28.810226,26.326963,23.466581,20.178143,18.782843,14.4572315,11.268644,9.514862,5.383773,6.2808437,0.0,3.9262211,6.5713806,9.326001,12.534861,15.235603,18.52657,21.540424,25.231098,27.660646,31.257328,31.310171,33.66324,32.944275,30.540138,26.267189,26.774837,27.61122,25.107668,20.689173,24.69902,23.440105,18.272095,18.784485,19.231455,17.313883,13.987736,11.97557,16.63441,14.878984,18.56547,18.086178,23.476475,27.369896,29.826656,32.52496,35.18351,36.90213,33.341434,33.977997,39.4585,39.266468,37.754547,36.24455,31.56227,31.781672,32.01576,31.522821,24.644268,28.65461,26.041191,22.496199,24.49054,18.855328,19.800549,18.82715,19.834208,25.720108,25.890678,27.991554,22.79646,26.88159,23.344456,27.217724,24.948574,22.520632,24.850895,22.970201,23.823431,25.27778,20.537964,19.36717,17.170582,21.19912,18.411472,22.657192,22.620642,26.283625,26.84623,30.0227,30.709846,29.520794,31.037834,28.636684,26.520071,23.032999,19.903334,19.09919,14.379553,13.681248,9.887907,9.514203,7.119605,6.1244917,9.756794,10.455737,15.380981,15.506108,19.740843,21.818352,25.435776
13,35.492043,32.29205,29.277506,26.259224,23.283993,20.577608,18.318333,15.012369,11.27203,10.320309,6.026691,7.223824,3.9262211,0.0,5.8791723,7.0918536,10.094217,12.8987465,15.898351,19.14202,22.491282,25.2104,28.587318,28.256386,30.59636,29.633396,27.278713,23.143633,23.330225,23.982466,21.647133,17.21632,20.842825,19.661547,14.466129,14.882739,15.376626,13.679418,10.141088,8.371965,13.047485,11.962373,15.887995,15.870952,21.264597,25.601686,27.861553,30.176647,32.792637,35.067207,31.775272,31.745543,37.37716,37.725334,36.234985,35.025917,30.132765,30.847315,30.850079,30.863014,24.217651,28.5974,26.46636,23.132553,25.542065,19.677141,21.550251,20.43837,20.514088,26.573847,26.268045,28.285633,22.658825,26.444647,22.659473,26.103062,23.55921,21.184174,22.82763,21.114326,21.370916,22.575369,17.705412,16.820976,15.321925,18.82051,16.940826,20.90399,21.394182,25.137983,25.993792,29.307491,30.446623,28.51239,29.587051,27.102806,24.598421,21.361668,18.119946,17.87746,13.281534,12.94658,10.172559,9.855701,9.397016,9.335713,12.15404,12.073022,16.909649,15.728706,20.29902,21.604591,25.531494
14,37.68659,34.67234,31.699331,28.425455,25.996376,22.956642,21.140337,17.99642,13.559408,14.412972,9.103182,12.359107,6.5713806,5.8791723,0.0,5.4494195,6.85382,10.318528,12.562845,16.008753,19.522991,21.679052,25.252993,25.94101,28.579243,28.068634,26.347523,21.847202,23.141317,23.643446,20.27695,16.820969,21.831247,19.675274,14.889613,16.641403,17.209728,15.492707,13.339012,12.778981,16.806921,16.521572,19.725372,18.593689,24.740053,28.383501,30.547457,32.295097,34.39458,36.632954,32.664787,32.15971,38.15491,38.53414,36.093052,35.057487,30.012772,30.03966,29.288643,28.689505,22.566774,26.16903,23.753746,20.723595,21.977667,16.139624,17.803333,15.885014,15.7287855,21.576626,21.512678,24.157898,18.719627,22.997822,19.964975,23.547045,21.958565,20.611547,22.484966,21.943657,22.741764,24.755754,19.917358,17.885635,15.396902,18.408283,14.866025,18.228477,17.654518,21.161224,21.285313,24.674044,25.222973,23.426556,24.924683,22.330168,20.468132,16.898897,13.778025,13.457872,8.515084,9.460977,5.8638277,8.236723,8.450929,9.837338,13.048556,11.992491,17.818357,15.733043,20.431765,21.870443,25.387112
15,34.41197,31.13368,28.772402,24.909506,22.602463,20.195417,17.7026,15.935845,11.064944,13.633679,8.724701,13.36358,9.326001,7.0918536,5.4494195,0.0,4.4693065,5.946137,10.3163185,12.3518,16.222162,18.732683,22.456882,22.259483,24.485106,24.038616,21.636229,17.196123,18.344378,19.447947,16.929705,12.32158,17.915821,16.894957,11.842744,13.149071,15.201822,14.6551285,11.438264,10.862739,13.470738,13.328939,15.577736,13.904973,20.247076,23.666262,25.66107,27.073269,29.04284,31.46789,27.59653,26.780184,32.81484,33.45267,31.065952,30.211369,25.05306,25.53264,24.79511,24.813517,18.789234,23.007,21.324427,18.519012,20.944511,15.054061,18.273247,17.099026,15.618611,21.676756,20.662424,22.495605,16.553806,20.061863,16.38292,19.514574,17.336075,15.812347,17.233736,16.780348,17.401775,19.56482,14.816027,12.520558,10.26105,13.040957,10.372863,13.929903,14.437689,18.19016,19.329437,22.633127,24.31986,22.08896,22.876932,20.635283,17.83376,14.718283,11.545667,11.14001,7.1401196,6.757447,6.4142637,6.760332,9.735511,11.781723,13.350096,11.377997,16.471367,12.772097,17.62129,18.096615,21.873745
16,38.186573,34.854008,32.78145,28.67463,26.541006,24.351265,21.705568,20.344782,15.444843,18.019255,13.0395155,17.071732,12.534861,10.094217,6.85382,4.4693065,0.0,4.602546,6.0910816,9.561965,12.78528,15.232522,18.723127,19.098188,21.749376,21.249449,19.776129,15.254981,16.921925,17.300198,13.761267,10.698436,16.542965,14.364295,10.067225,12.604445,14.10803,13.579961,12.018254,12.736356,14.950612,16.066353,18.284422,16.881712,23.055845,26.508366,28.206505,28.901365,30.484861,33.44596,29.57139,27.727465,34.038082,35.257584,32.34422,31.92816,26.609966,27.091944,25.566723,25.618155,20.494024,24.23147,22.776747,20.488611,22.13622,16.473366,19.766836,17.861374,15.678977,21.286325,20.180395,22.528305,16.632753,20.123693,17.085958,19.658688,18.129303,17.618286,18.277994,18.912811,19.11575,21.298971,16.720228,14.313384,12.54987,13.798232,11.195511,13.25252,13.342977,16.779682,17.40583,20.934637,22.41731,19.28846,19.906664,17.30254,14.687592,11.60979,8.342862,9.2894535,5.6082296,7.8703084,8.212027,10.335256,13.285451,15.467161,17.442698,15.326335,20.574093,16.383627,21.127024,21.232431,24.80137
17,35.496452,32.146767,30.552778,26.095638,24.369053,22.58499,19.85452,19.561369,14.706243,18.59812,14.136585,19.120459,15.235603,12.8987465,10.318528,5.946137,4.602546,0.0,6.5914154,6.499244,10.723008,13.123377,17.024212,16.797813,18.921494,18.8936,16.664923,12.046322,14.220082,15.542375,12.945953,8.840425,15.800986,14.938343,10.966027,12.939782,15.862639,16.310505,14.004936,14.4440775,15.294468,16.194178,17.125952,14.754749,20.97738,23.647875,25.178205,25.491293,26.746964,29.577148,25.496326,23.472015,29.823359,31.058483,27.886227,27.599064,22.25678,22.770218,21.081638,21.408503,16.64812,20.540468,19.676737,17.776955,20.07423,14.7554865,19.053347,17.812494,14.713597,20.1618,18.308369,19.875343,13.824586,16.552254,13.212008,15.362045,13.667057,13.488075,13.912886,15.156916,15.64227,18.351135,14.231986,11.07992,9.070181,9.585087,7.02114,8.844612,9.774581,13.35818,14.9351635,18.22323,20.667843,17.616241,17.730421,15.721471,12.342685,9.757856,6.862153,7.072471,5.71234,6.2290096,9.269736,10.147235,14.361126,16.974052,17.828499,15.109084,19.562769,14.294773,18.715624,18.09853,21.513906
18,41.997177,38.5701,37.082424,32.57771,30.755095,29.052635,26.136078,25.656984,20.762878,23.817234,19.017036,22.93436,18.52657,15.898351,12.562845,10.3163185,6.0910816,6.5914154,0.0,6.1268,7.435444,9.848406,12.871334,13.802679,16.885723,16.423868,16.243254,11.963613,14.414074,13.946075,9.300138,9.148751,14.957108,11.875019,9.744198,13.223146,14.582651,14.7920265,14.923358,16.718082,17.685972,19.939999,21.51699,20.180012,25.90453,29.076616,30.30241,29.951878,30.904554,34.493603,30.740889,27.528366,34.004986,36.028446,32.517628,32.751965,27.387926,28.025776,25.560314,25.930079,22.288157,25.470707,24.694517,23.233217,24.386024,19.409655,23.09663,20.865036,17.628567,22.224777,20.645184,23.076372,17.549282,20.28008,18.060686,19.42338,18.627228,19.355782,18.835419,20.82094,20.496006,22.67458,18.737288,16.281765,15.328867,14.50168,12.838541,12.514416,12.578016,15.143392,15.497338,18.997776,20.714275,16.145777,15.949895,13.1115885,10.374587,8.243852,5.7590485,8.979238,8.228597,11.505657,13.233584,15.667586,19.049948,21.430117,23.226463,20.800028,25.770317,20.790255,25.2239,24.596212,27.861876
19,39.088085,35.766163,34.83904,30.053738,28.841135,27.552277,24.778952,25.348682,20.655436,24.954706,20.614998,25.565144,21.540424,19.14202,16.008753,12.3518,9.561965,6.499244,6.1268,0.0,4.9111824,6.7902527,10.881369,11.129425,13.358592,13.990822,12.83338,8.415019,12.2055645,13.177936,10.232944,8.973196,15.873717,14.74782,12.942268,15.467321,18.36715,19.434273,18.420984,19.666782,19.500685,21.273218,21.460608,19.011179,24.58029,26.577188,27.556213,26.657076,27.033672,30.319939,26.246065,22.72961,29.188162,31.189808,27.147121,27.619034,22.366686,22.834782,19.906866,20.499203,17.892761,20.797594,20.817955,20.066807,21.65069,17.453135,22.040789,20.562103,16.357874,20.420488,17.929852,19.36249,14.035004,15.546241,13.503904,13.903697,13.482906,15.188563,14.259406,17.355288,17.495974,20.336214,17.261011,14.035244,12.882057,10.739072,9.276555,7.07899,7.935256,10.167062,11.779202,14.855044,17.910868,13.505464,12.48919,10.721232,6.580885,5.6891894,4.750854,6.836847,9.211749,10.819805,14.549956,15.992183,20.33121,23.14665,23.855097,20.875336,24.941755,19.08153,22.85268,21.481863,24.264013
20,43.12816,39.681194,39.077553,34.153072,32.90203,31.942327,28.85594,29.705736,25.039501,29.03859,24.721918,29.148079,25.231098,22.491282,19.522991,16.222162,12.78528,10.723008,7.435444,4.9111824,0.0,3.5951612,6.4507737,6.8270335,9.808612,10.166425,10.866372,7.442274,11.261999,10.955196,7.4217796,9.549904,14.890787,13.15353,13.2574215,16.074795,18.4057,19.806953,19.971859,21.908756,21.247482,23.848808,24.050001,22.25981,27.221346,29.429726,30.051891,28.476109,28.517174,32.46372,28.891703,24.31591,30.672543,33.45615,29.350899,30.342419,25.217474,26.095686,22.763525,23.794727,22.144863,24.769651,25.166874,24.736425,26.05199,22.148289,26.582794,24.81117,20.538399,23.987968,21.501997,23.042816,18.248392,19.243404,17.76294,17.28359,17.12934,19.147522,17.261564,20.70258,20.061672,22.367012,19.72988,17.151772,17.004267,13.991185,13.965887,11.033458,11.944207,13.063488,14.178818,16.918623,19.842638,14.329068,12.343343,10.482218,6.652056,7.797384,8.031885,11.09059,13.363092,15.597985,18.919209,20.642756,24.806995,27.489521,28.473692,25.602972,29.724178,23.842373,27.57601,25.913946,28.654905
21,44.86414,41.58582,41.0304,36.12786,35.15635,34.09125,31.296494,32.11521,27.443317,31.684628,27.23294,31.938604,27.660646,25.2104,21.679052,18.732683,15.232522,13.123377,9.848406,6.7902527,3.5951612,0.0,4.4433513,7.1640906,9.892036,11.205974,12.667537,9.933684,14.110002,13.884643,10.557072,13.074233,18.305574,16.444761,16.773146,19.665926,21.865002,23.10304,23.405819,25.275988,24.771759,27.213833,27.296833,25.153551,30.18696,31.949987,32.52271,30.755497,30.464224,34.151516,30.327602,25.66442,31.885542,34.583725,29.976166,31.10726,26.19401,26.589731,22.785172,23.441196,22.69525,24.535,25.040358,25.075884,25.738173,22.472431,26.739998,24.867567,20.34243,22.924353,20.364603,21.947247,17.871845,18.52632,17.974644,17.095716,17.88179,20.59424,18.89798,22.808407,22.565168,25.141321,22.752626,19.878786,19.290121,16.222965,15.442057,11.748632,11.76433,11.841148,12.373217,14.742216,17.544426,11.684157,9.207272,7.658789,4.408233,7.074883,8.712102,11.499929,14.678273,17.048815,20.47317,22.496746,26.641323,29.485317,30.416977,27.413279,31.50609,25.570436,29.035135,27.417545,29.74971
22,48.579372,45.210255,44.895214,39.89824,38.89222,38.065742,35.04567,36.06613,31.413406,35.464508,31.053679,35.40789,31.257328,28.587318,25.252993,22.456882,18.723127,17.024212,12.871334,10.881369,6.4507737,4.4433513,0.0,5.555104,8.472256,9.557474,12.930562,11.592802,15.143113,13.981442,10.894504,15.245902,18.9902,16.858627,18.516642,21.403782,23.131548,24.568947,25.638796,27.905682,27.064692,29.999979,30.073772,28.378296,32.95551,34.847675,35.16064,32.92653,32.38763,36.51365,33.12197,27.77894,33.778282,37.040596,32.471798,33.97172,29.224186,29.933708,25.962234,26.94745,26.759748,28.484577,29.235748,29.429672,30.007652,26.887419,31.067427,29.0521,24.568586,26.793257,24.29876,25.879608,22.155003,22.500978,22.163906,20.834726,21.63276,24.396343,22.14914,26.155804,25.408377,27.573715,25.520807,23.097496,23.104671,19.629925,19.665321,15.858349,16.102865,15.774775,16.053411,17.992126,20.532295,14.3498125,11.383945,10.168669,8.345029,11.227004,12.844245,15.867522,18.77175,21.360416,24.584017,26.695473,30.759882,33.508812,34.5997,31.66531,35.78444,29.818396,33.282772,31.466425,33.79882
23,46.04865,42.491383,42.635757,37.491135,36.447468,36.218838,32.79685,34.55747,30.191496,34.292652,30.440739,34.62117,31.310171,28.256386,25.94101,22.259483,19.098188,16.797813,13.802679,11.129425,6.8270335,7.1640906,5.555104,0.0,3.7133908,4.1741543,7.67179,7.651571,10.47584,9.482167,8.565977,12.502887,15.202039,14.596176,16.660774,18.744303,21.140032,23.312176,23.909788,26.14066,24.318802,27.427422,26.887274,25.496218,29.288946,31.126795,31.126923,28.48132,27.839039,32.426495,29.65487,23.770346,29.62661,33.41988,29.377562,31.111862,26.420076,27.970509,24.354755,26.282072,25.995293,28.45335,29.703375,29.77551,31.434675,28.04858,32.766052,31.249598,26.738749,29.651968,26.813473,27.710114,23.507383,23.326105,22.126041,20.358324,20.18786,22.510004,19.371983,23.250824,21.810745,23.498186,22.070835,20.22018,21.25281,17.088884,18.989197,15.350174,17.080414,17.280918,18.833967,20.728117,24.185873,18.435053,15.31093,14.498238,11.26988,13.875388,14.743689,17.476238,20.093128,21.88321,25.50962,26.770609,31.132765,33.75644,34.446095,31.541647,35.124424,28.96827,32.29253,29.911375,32.43406
24,45.39349,41.867313,42.451275,37.237087,36.452545,36.623276,33.184025,35.521355,31.41696,35.793644,32.2914,36.628033,33.66324,30.59636,28.579243,24.485106,21.749376,18.921494,16.885723,13.358592,9.808612,9.892036,8.472256,3.7133908,0.0,3.5755353,6.3101625,8.166109,10.511313,10.368344,11.29328,14.187086,16.39307,16.972137,19.00083,20.510593,23.392614,25.887897,26.045668,28.076508,25.704498,28.654392,27.479483,25.923515,29.14036,30.41088,30.108608,26.964462,25.882202,30.508368,28.034143,21.683723,27.183603,31.305042,27.26423,29.328835,24.974293,26.786745,23.130106,25.53466,25.984955,28.342455,30.106134,30.474298,32.48285,29.466488,34.42897,33.275608,28.614756,31.342266,28.223225,28.53295,24.63885,23.722748,22.575855,20.146933,19.925459,22.40579,18.77615,22.892307,21.333464,22.917831,22.272785,20.571274,21.95757,17.321318,20.009373,16.10023,18.329548,18.203655,20.296017,21.717775,25.688828,20.304642,16.86949,16.740862,13.425198,16.322903,17.355251,19.601152,22.556414,23.781675,27.786337,28.587387,33.15839,35.82009,36.105473,33.11629,36.189877,29.876303,32.798786,30.004679,32.277992
25,46.0593,42.36231,42.87651,37.672543,36.566795,36.816277,33.08494,35.34337,31.245945,35.19231,31.779047,35.61544,32.944275,29.633396,28.068634,24.038616,21.249449,18.8936,16.423868,13.990822,10.166425,11.205974,9.557474,4.1741543,3.5755353,0.0,5.660668,7.9140797,8.9299135,7.627896,9.138938,12.797613,13.64681,14.236733,16.953306,18.310837,20.860043,23.527748,24.074057,26.36088,23.794127,27.138412,26.21107,25.3063,28.251728,30.135374,29.814941,26.757118,26.000868,31.06993,29.010134,22.646828,28.164837,32.507103,29.009571,30.976198,26.472599,28.695107,25.416054,27.981354,27.69614,30.563135,32.10929,32.10265,34.346848,30.834148,35.755714,34.46848,30.028873,33.24268,30.295061,30.865957,26.50728,26.046415,24.401323,22.397858,21.593908,23.480988,19.719933,23.294853,21.17858,22.224693,21.419125,20.284258,22.191721,17.710382,20.922823,17.626242,20.075788,20.506123,22.524267,24.331476,28.082369,22.487623,19.30724,18.627342,15.189102,17.583727,18.068707,20.66601,22.931494,24.334091,27.996292,28.779682,33.188423,35.6493,36.16357,33.364704,36.598,30.44879,33.66009,30.927065,33.566826
26,40.603275,36.87887,37.60498,32.378998,31.374563,31.95494,28.177301,30.971525,27.227266,31.437569,28.56713,32.617275,30.540138,27.278713,26.347523,21.636229,19.776129,16.664923,16.243254,12.83338,10.866372,12.667537,12.930562,7.67179,6.3101625,5.660668,0.0,4.654241,4.861068,6.5976024,10.076236,10.31576,11.951718,14.463007,15.718293,16.181957,19.883562,22.80825,22.03637,23.72997,20.644636,23.436869,21.763235,20.505262,23.122942,24.605015,24.234053,21.186216,20.511349,25.522913,23.507578,17.27215,22.977795,27.187162,24.058504,25.875204,21.32263,23.989235,21.248686,24.299362,23.626743,27.032831,28.811031,28.66952,31.735548,28.187439,33.406,32.692036,28.350931,32.024162,28.88113,28.851625,24.239206,23.465963,21.110283,19.070297,17.412605,18.793343,14.642965,18.023888,15.752471,16.852474,16.533646,15.47903,17.84734,13.071371,17.479143,14.68362,18.088713,19.02091,21.935102,23.724117,28.046852,23.209019,20.319735,19.860376,15.6712055,17.507265,17.512222,19.312342,21.453123,21.840355,25.857124,25.786762,30.385897,32.797142,32.7442,29.941513,32.521397,26.346146,29.238546,26.175507,28.84271
27,38.84836,35.169773,35.313866,30.160484,28.979233,28.991724,25.379078,27.550072,23.480862,27.731134,24.475744,28.773588,26.267189,23.143633,21.847202,17.196123,15.254981,12.046322,11.963613,8.415019,7.442274,9.933684,11.592802,7.651571,8.166109,7.9140797,4.654241,0.0,4.5853686,6.699324,7.910526,6.7762375,11.108923,12.645456,12.667974,13.710162,17.528362,20.018261,18.952581,20.511171,18.178211,20.722795,19.61042,17.955673,21.730375,23.594269,23.76669,21.608583,21.516281,25.989859,23.179539,17.955645,24.201918,27.576118,24.218725,25.47621,20.449295,22.560867,19.86588,22.278357,20.652472,24.237007,25.478025,25.01385,27.899529,23.997889,29.1036,28.249134,24.035578,28.029642,25.07372,25.410698,20.389534,20.297455,17.68634,16.422148,14.716978,15.982151,12.592219,15.899506,14.243421,16.047113,14.509642,12.669069,14.278565,9.904204,13.40599,10.928134,14.19568,15.703139,18.48699,20.719,24.775734,20.084389,17.727833,16.8317,12.394744,13.532234,13.130993,14.89511,16.81055,17.300406,21.243158,21.382378,25.952824,28.433456,28.566643,25.734266,28.72809,22.585167,25.848299,23.229338,26.123241
28,38.544918,34.65108,35.039757,29.910223,28.433187,28.942986,24.8794,27.442356,23.745138,27.468557,24.805649,28.383572,26.774837,23.330225,23.141317,18.344378,16.921925,14.220082,14.414074,12.2055645,11.261999,14.110002,15.143113,10.47584,10.511313,8.9299135,4.861068,4.5853686,0.0,4.270649,8.432337,6.4822245,7.7292295,11.172503,11.66276,11.538301,15.589968,18.643066,17.460243,19.094967,15.814777,18.763,17.36471,16.710707,19.414122,21.838213,21.75529,19.441122,19.656227,24.789106,22.90942,17.538055,23.443537,27.271666,24.881643,26.16336,21.297304,24.226898,22.228123,25.16961,23.071718,27.228695,28.52263,27.743902,31.207226,26.99655,32.09799,31.391088,27.5013,31.924612,29.057615,29.288486,24.042154,24.011175,20.856108,19.755877,17.221312,17.488852,13.650349,15.885991,13.076581,13.708414,12.625008,12.183824,15.149524,11.004291,15.9515705,14.506269,18.134857,19.981113,22.884224,25.177649,29.228918,24.572716,22.276531,21.230309,16.833885,17.649271,16.748533,18.513681,19.575823,19.780233,23.333023,22.964264,27.321735,29.451565,29.534702,27.005688,29.679262,23.84446,27.104982,24.290298,27.49336
29,42.464108,38.5269,38.703266,33.650547,31.931293,32.21869,28.08237,30.132988,26.215902,29.408535,26.411297,29.458113,27.61122,23.982466,23.643446,19.447947,17.300198,15.542375,13.946075,13.177936,10.955196,13.884643,13.981442,9.482167,10.368344,7.627896,6.5976024,6.699324,4.270649,0.0,5.7152195,7.194454,6.0556746,8.178862,10.521529,11.037792,13.907777,16.98327,17.122375,19.441925,16.487583,20.166937,19.62353,19.713383,22.449667,25.503351,25.453426,23.216274,23.517227,28.861525,27.160887,21.6891,27.451084,31.469297,29.05725,30.40749,25.528286,28.308237,26.074116,28.760601,26.616705,30.615112,31.635866,30.761892,33.75831,29.314991,34.159386,32.982048,29.17075,33.555748,30.915646,31.68587,26.375946,26.782236,23.899084,22.997648,20.850418,21.262955,17.71234,19.8446,16.987331,17.252804,15.724161,15.570313,18.311907,14.61522,18.72393,17.180988,20.222591,21.987549,24.286085,26.792406,30.387001,25.158266,22.824823,21.367672,17.341915,18.222013,17.312721,19.80806,20.530836,21.580067,24.621485,24.878588,28.945654,30.965387,31.615898,29.23311,32.46843,26.820702,30.444073,27.946543,31.283234
30,44.436512,40.62917,40.15263,35.23196,33.388638,32.891514,29.086796,30.105154,25.674652,28.67092,24.849348,27.972416,25.107668,21.647133,20.27695,16.929705,13.761267,12.945953,9.300138,10.232944,7.4217796,10.557072,10.894504,8.565977,11.29328,9.138938,10.076236,7.910526,8.432337,5.7152195,0.0,6.765718,8.537184,6.2261515,8.516974,11.018893,12.6653185,14.795618,15.929197,18.603165,17.167902,20.834574,21.432795,21.238447,25.23338,28.593483,29.019785,27.414045,27.927242,32.783466,30.288542,25.37797,31.5359,34.98316,31.980894,33.036865,27.863705,29.83812,27.242506,29.072285,26.5547,30.179516,30.566288,29.54728,31.681816,27.03674,31.42885,29.6667,25.991499,30.27076,28.025658,29.575449,24.21959,25.452824,22.981995,22.73816,21.26969,22.02859,19.429228,21.745516,19.718998,20.7043,18.01881,16.997028,18.484467,15.573561,17.669333,16.137997,18.092772,19.932217,21.336142,24.223162,27.04088,21.52576,19.650732,17.539824,14.030709,14.432357,13.388859,16.550322,16.959797,19.058426,21.559849,22.804136,26.577494,28.68945,29.991652,27.614817,31.708178,26.225998,30.306225,28.489475,31.86855
31,37.88234,34.044697,33.476128,28.601614,26.654367,26.250744,22.352146,23.6401,19.417915,22.6859,19.365559,22.858175,20.689173,17.21632,16.820969,12.32158,10.698436,8.840425,9.148751,8.973196,9.549904,13.074233,15.245902,12.502887,14.187086,12.797613,10.31576,6.7762375,6.4822245,7.194454,6.765718,0.0,7.3171206,8.272248,6.2503424,7.313895,11.266369,13.583181,12.186927,13.912786,12.048311,14.979009,15.100187,14.495381,18.85091,22.25573,22.978857,22.079258,23.146553,27.553522,24.900911,21.019634,27.265274,30.060814,27.598648,28.13997,22.857294,25.032965,23.280863,25.251114,21.651728,26.037195,26.348436,24.900322,27.99019,23.059162,27.715992,26.631046,23.254215,28.269318,25.934532,26.928705,21.132856,22.4111,18.942606,19.271648,16.730633,16.423536,14.139639,15.541123,13.572557,14.762881,11.502454,10.386754,12.209405,9.8220005,12.821212,12.761794,15.622306,18.341959,20.618324,23.55688,26.834965,22.399809,21.031109,19.20245,15.024766,14.4514265,12.5429945,14.440951,14.212951,14.872086,17.669376,17.750244,21.757042,23.790216,24.481543,22.131857,25.672209,20.243006,24.258177,22.365158,26.009892
32,41.28922,37.213577,37.05983,32.29691,30.011147,30.308132,25.900084,27.589941,23.989817,26.151436,23.664062,25.615908,24.69902,20.842825,21.831247,17.915821,16.542965,15.800986,14.957108,15.873717,14.890787,18.305574,18.9902,15.202039,16.39307,13.64681,11.951718,11.108923,7.7292295,6.0556746,8.537184,7.3171206,0.0,5.962064,7.3955917,6.215834,8.971493,12.496451,12.396864,14.82362,11.462074,15.666872,15.831579,17.319002,19.579762,23.82771,24.03467,22.709553,23.940598,29.270262,28.015509,23.56,29.107542,32.75235,31.280542,32.136444,27.215906,30.27568,28.875654,31.5053,28.098038,32.746796,33.30221,31.774626,35.179756,30.145298,34.689785,33.565586,30.42921,35.518024,33.2334,34.198143,28.428102,29.490725,25.919088,25.877039,22.97684,22.206812,19.1961,19.824314,16.51987,15.827265,13.60256,14.704722,17.959312,15.560285,19.809784,19.772308,22.851845,25.353765,27.608555,30.468391,33.75976,28.872972,27.129902,25.247427,21.245314,21.138216,19.363455,21.63331,20.981247,21.769882,23.929356,23.779327,27.250528,28.732527,29.597504,27.739086,30.940844,26.037897,29.919626,27.784029,31.592468
33,45.042862,41.081142,40.349743,35.700737,33.30556,32.853657,28.759417,29.38068,25.24794,27.048246,23.661516,25.42474,23.440105,19.661547,19.675274,16.894957,14.364295,14.938343,11.875019,14.74782,13.15353,16.444761,16.858627,14.596176,16.972137,14.236733,14.463007,12.645456,11.172503,8.178862,6.2261515,8.272248,5.962064,0.0,5.392318,7.2835746,7.108725,9.621166,11.809549,15.023137,13.622699,17.928757,19.447222,20.684353,24.089405,28.533255,29.088013,28.093351,29.299902,34.35735,32.44958,28.112034,34.033054,37.4162,35.299946,36.05619,30.874332,33.259933,31.373932,33.31468,29.763945,34.0013,34.01729,32.39984,34.90438,29.68115,33.730278,31.935978,28.973818,33.89689,32.028484,33.78241,28.0278,29.814024,26.718527,27.127966,24.929983,24.638077,22.296486,23.346592,20.767876,20.79281,17.680166,17.860512,19.93399,18.057354,20.539057,20.347298,22.430464,24.880203,26.23895,29.393648,31.891825,26.653,25.263292,22.818378,19.483038,19.043703,17.18805,20.138536,19.054642,21.017374,22.465134,23.430462,26.493979,27.998728,29.687632,27.89072,32.040287,27.31854,31.66996,30.16324,33.991398
34,40.807343,36.928238,35.78123,31.314533,28.773926,27.96822,24.030233,24.19867,20.009146,21.720135,18.272326,20.243322,18.272095,14.466129,14.889613,11.842744,10.067225,10.966027,9.744198,12.942268,13.2574215,16.773146,18.516642,16.660774,19.00083,16.953306,15.718293,12.667974,11.66276,10.521529,8.516974,6.2503424,7.3955917,5.392318,0.0,3.9430213,5.455983,7.375626,7.4163985,10.263099,9.686215,13.45914,15.491319,16.44965,20.648584,25.25665,26.259033,26.10126,27.765577,32.206635,29.866282,26.573357,32.62434,35.25178,33.281345,33.533035,28.25477,30.364576,28.957973,30.560904,26.121237,30.633406,30.257908,28.245428,30.982357,25.489893,29.396753,27.828537,25.269226,30.660969,28.97177,30.686138,24.69642,26.915176,23.390999,24.532131,21.989185,21.078007,19.543047,19.89694,17.829163,18.22914,14.248415,14.145557,15.7025385,14.950868,16.801199,17.750408,19.779406,22.801704,24.301146,27.613472,30.037756,25.536499,24.734306,22.244934,18.743189,17.4061,14.885917,17.160975,15.234099,16.675953,17.781612,18.384733,21.305922,22.723715,24.353096,22.670414,26.8516,22.45026,26.939867,25.815592,29.800653
35,38.829346,34.833088,33.90808,29.497772,26.793077,26.455935,22.209839,22.88177,19.20949,20.62264,18.057486,19.527304,18.784485,14.882739,16.641403,13.149071,12.604445,12.939782,13.223146,15.467321,16.074795,19.665926,21.403782,18.744303,20.510593,18.310837,16.181957,13.710162,11.538301,11.037792,11.018893,7.313895,6.215834,7.2835746,3.9430213,0.0,5.1000657,7.993419,6.285547,8.695748,6.409996,10.671145,12.40654,14.250352,17.573418,22.56893,23.481083,23.503593,25.481438,30.027933,28.238216,25.20633,30.922182,33.58646,32.29232,32.4675,27.367825,29.965591,29.088566,31.099384,26.439394,31.357946,31.188368,29.052485,32.437588,26.945679,31.0009,29.863802,27.447813,33.04943,31.230606,32.51826,26.470612,28.384289,24.435074,25.48915,22.34749,20.796251,19.028576,18.611063,15.991115,15.63093,11.848726,12.855254,15.340644,14.743128,17.743807,19.147482,21.765041,24.910507,26.894358,30.072916,32.85962,28.606585,27.675438,25.432993,21.627583,20.40577,17.87334,19.6724,17.717648,18.29671,19.488914,19.193308,22.050215,23.17963,24.3696,22.90359,26.423758,22.2582,26.50747,25.130276,29.246826
