,0,1,2,3,4,5,6,7,8,9,10,11,12,13,14,15,16,17,18,19,20,21,22,23,24,25,26,27,28,29,30,31,32,33,34,35,36,37,38,39,40,41,42,43,44,45,46,47,48,49,50,51,52,53,54,55,56,57,58,59,60,61,62,63,64,65,66,67,68,69,70,71,72,73,74,75,76,77,78,79,80,81,82,83,84,85,86,87,88,89,90,91,92,93,94,95,96,97,98,99,100,101,102,103,104,105,106,107,108,109,110,111
0,0.0,3.907761,5.770657,9.2219925,11.896749,15.309148,17.203773,20.260408,25.312197,25.927406,32.579556,34.361095,37.319252,39.64452,38.75382,40.06013,35.818405,37.693516,34.03181,35.07918,33.207436,35.62121,33.88191,33.086758,32.327137,30.213978,27.32057,21.999027,24.000422,22.409937,27.474264,27.165043,32.288086,35.68899,39.800655,39.99188,44.002026,45.551353,42.29484,40.894257,37.997303,34.944317,30.72982,29.756754,23.854897,23.472477,20.302513,18.390198,14.60454,14.027396,9.548373,9.9432955,14.78703,13.335161,18.745827,20.284216,20.383919,23.901613,27.628914,31.506521,31.554024,29.135414,28.700222,24.788116,27.121723,22.631401,29.465538,28.31319,32.00527,34.350464,30.19394,32.133312,33.618286,30.005468,31.92277,28.253578,31.527601,28.579458,25.016562,25.754913,20.331589,20.260696,17.003077,16.876091,18.85091,18.805464,23.77636,24.735283,29.843767,31.305363,34.19117,35.433174,37.08539,39.461205,37.93659,39.725323,35.66465,37.975105,35.951653,34.147667,30.038544,28.808842,24.002638,20.968637,18.617296,16.021631,19.890905,21.738758,27.08384,27.103472,30.800123,33.038597
1,3.907761,0.0,4.574266,6.7511644,8.974304,12.429444,13.599474,17.27125,21.87156,22.707275,29.375868,31.030937,34.15251,36.199474,35.1492,36.418663,32.102013,33.901745,30.280954,31.266521,29.519388,31.866604,30.386374,29.526718,29.046787,27.004805,23.943737,18.662638,20.303549,18.572735,23.646471,23.287666,28.386925,31.845078,35.903828,36.13919,40.152157,41.693863,38.473904,37.008522,34.09871,31.11949,26.868542,25.89447,19.955637,19.704224,16.434158,14.794039,10.875779,10.215935,5.7412887,6.6499305,11.801622,11.875082,17.249622,18.513361,18.021778,21.612831,25.208467,29.464506,29.141975,26.446255,26.31609,22.51014,24.86165,20.97797,27.586487,26.46487,29.757088,31.885324,27.489882,28.96644,30.584345,26.807873,28.949968,25.282228,28.608278,25.70607,22.366528,23.170944,18.27841,17.81131,14.952,14.16697,15.805647,15.831291,20.494596,21.344017,26.423763,27.836956,30.89337,31.972584,33.47942,35.803402,34.403618,36.0907,32.1137,34.522358,32.410374,30.598574,26.386667,25.32358,20.313835,17.632113,15.488077,13.656665,17.200468,18.677927,24.382395,23.764671,27.664684,29.648375
2,5.770657,4.574266,0.0,5.2461495,6.613828,9.946317,12.700249,14.817759,20.375555,20.612354,27.241241,29.163347,31.885393,34.52742,33.93187,35.34323,31.373005,33.67712,30.194244,31.866968,30.486507,33.26215,32.118286,31.773418,31.618246,30.01931,26.857244,21.612425,22.480421,19.909786,25.319387,23.679655,29.370216,31.853018,36.20432,36.296883,40.137,42.09804,38.934822,37.718,35.04143,31.738737,27.985897,26.240734,20.660704,21.67766,18.061079,17.533024,13.3835945,11.067557,7.0443416,6.1591396,9.739749,8.119055,13.152611,15.108988,15.282383,18.348415,22.223066,26.106037,25.907679,23.564117,22.939236,19.039906,21.521873,17.174234,24.08261,23.483822,26.68406,29.365604,25.438452,27.495121,29.342588,25.980984,28.45465,25.234337,28.994373,26.597506,23.426802,25.05761,20.067995,20.618145,18.020103,17.390295,18.150942,17.180443,22.23691,21.759422,27.01837,27.902147,30.787392,31.65447,33.685207,35.67816,33.836044,35.30844,31.09326,33.00297,31.018179,29.263664,25.380482,23.900211,19.570135,16.040241,13.924019,11.375187,16.026684,17.66959,22.875158,23.060066,26.770649,28.905855
3,9.2219925,6.7511644,5.2461495,0.0,5.352746,7.1388197,9.881383,12.155394,16.94041,18.175014,24.124985,26.901897,29.252516,31.793938,31.127617,31.88108,27.761234,29.803154,26.047543,27.791803,26.116734,29.297926,27.808382,28.14653,27.8473,26.871939,23.988485,18.659632,19.296894,16.383326,22.16835,20.189806,26.183725,29.194756,32.972786,33.691616,37.383987,39.55759,36.68931,34.993073,32.04555,29.572351,25.569897,23.742212,17.976446,19.568512,15.309646,15.773719,11.084466,7.7418265,5.0270653,7.0140653,9.427755,10.265225,13.537005,16.33779,15.9170065,18.08842,22.00833,26.273643,24.988302,22.385983,21.172564,17.103308,18.793621,14.989571,21.222038,19.754156,23.25133,25.2663,20.988821,23.003286,24.519571,21.088844,23.304205,20.03419,23.80392,21.51912,18.429855,20.467924,15.7078,16.920643,14.841536,14.357333,14.162503,12.448859,17.782438,16.866207,22.152431,23.073975,25.782457,26.885715,29.045286,31.215752,29.29929,31.232908,27.020174,29.361118,27.815023,26.672476,22.235186,21.635952,17.02645,14.47896,13.566151,12.794773,17.16142,17.897453,23.539299,22.472965,26.615562,28.02049
4,11.896749,8.974304,6.613828,5.352746,0.0,3.8974378,6.488533,8.451027,13.878905,14.064842,20.782839,22.634398,25.424377,27.927727,27.34239,28.799631,24.950603,27.507984,24.266243,26.357069,25.577724,28.477938,28.147215,28.056084,28.670027,27.566448,24.19181,19.444239,18.907705,15.450174,20.863426,17.994247,24.023386,25.758234,30.2055,30.27134,33.96219,36.210308,33.18699,32.042274,29.5578,26.195297,22.86834,20.47642,15.338697,17.82286,13.977279,15.155907,11.307294,7.38666,6.075235,4.4016666,4.116668,6.5232954,9.874127,11.530128,10.657105,13.248872,16.974451,21.423946,20.431324,17.698294,17.426949,13.763728,16.408455,13.423397,19.75687,19.694532,21.781752,24.382202,20.338062,21.75874,24.1033,20.77099,23.982698,21.232395,25.300898,23.46966,21.04531,23.269295,19.55534,20.021679,18.506037,17.02207,16.460274,14.955167,19.194939,17.36689,22.492455,22.797707,25.861534,26.181078,28.286205,29.880424,27.97335,29.030125,24.813585,26.520771,24.421993,22.684175,18.848654,17.366688,13.217065,9.687938,8.374701,7.7400565,12.142162,12.839734,18.257938,17.622576,21.570856,23.217808
5,15.309148,12.429444,9.946317,7.1388197,3.8974378,0.0,5.3242173,5.07039,10.725354,11.194018,17.367971,19.996176,22.264256,25.045414,24.704565,25.821714,22.148214,24.887928,21.661905,24.270166,23.679125,27.001616,26.821047,27.400187,28.202644,27.721882,24.5246,20.034294,18.841167,14.810972,20.299498,16.344212,22.777475,24.089159,28.292791,28.658737,32.08827,34.72052,31.967812,30.695799,28.250328,25.278002,22.242945,19.3232,14.648804,18.269794,14.154769,16.51781,12.778237,8.119479,8.627305,8.053818,5.4261217,8.492427,9.148316,11.665747,10.677159,11.763003,15.512983,19.983465,18.125324,15.386581,14.399115,10.628167,12.824819,10.498985,16.257973,16.200386,17.998377,20.519587,16.539984,18.109524,20.548666,17.49711,20.941687,18.652096,22.933203,21.6395,19.643456,22.483377,19.301113,20.414795,19.45758,18.075497,16.598795,14.328856,18.34594,15.28826,20.281382,20.124557,22.971563,23.148392,25.631914,27.024082,24.807617,25.90606,21.560623,23.16494,21.418566,20.158579,16.221836,15.115749,11.489155,8.367931,8.622368,9.437217,13.469993,13.406879,18.435467,17.31337,21.299692,22.407146
6,17.203773,13.599474,12.700249,9.881383,6.488533,5.3242173,0.0,6.129389,8.536168,9.832918,16.28727,17.87331,21.062683,22.708958,21.64837,22.895712,18.782967,21.161196,18.029068,20.082104,19.764809,22.530495,22.960217,22.895168,24.224115,23.539984,20.111454,16.216581,14.264575,10.175295,15.278439,11.590592,17.751219,19.503708,23.742704,24.037283,27.698997,29.99777,27.140898,25.759722,23.241558,20.240217,16.965832,14.306078,9.3571415,13.179124,9.316851,12.378299,9.683781,5.6704183,8.438145,8.26861,5.8480315,11.658559,13.089912,13.6472845,11.254009,13.130672,15.863604,20.954311,18.855934,15.457499,16.067791,13.254177,15.416995,14.834663,19.412987,19.304522,20.158781,21.884274,17.381832,17.25682,19.931368,16.283566,20.05127,17.591696,21.539377,20.076273,18.576553,20.828985,18.897543,18.681025,18.387478,16.077818,14.408766,13.0258665,15.489593,12.905743,17.524067,17.510382,20.941612,20.748602,22.47043,23.873587,22.289621,23.0768,19.083923,21.125994,18.81508,17.16699,12.836986,12.126399,7.152175,5.7655067,6.793255,9.943335,11.779614,10.764811,16.472801,13.673503,18.08577,18.718084
7,20.260408,17.27125,14.817759,12.155394,8.451027,5.07039,6.129389,0.0,6.695192,6.316248,12.438101,15.138173,17.20207,20.165415,20.124496,21.404917,18.197515,21.461748,18.777672,22.054573,22.32448,25.690523,26.432337,27.289349,28.789543,28.763813,25.562765,21.85776,19.54899,15.08959,19.869478,14.506784,20.941046,20.826473,25.142399,25.34773,28.446047,31.47282,28.938044,27.932415,25.907463,22.82275,20.689808,16.974283,13.710205,18.660997,15.00563,18.481941,15.640678,11.161052,13.007334,12.0130625,7.5192676,11.239308,9.475583,11.214042,9.674332,8.989373,12.100859,16.681223,13.920303,10.982482,10.180666,7.162648,9.479179,9.621296,13.748292,14.817414,14.835729,17.508537,13.9434805,14.866117,18.001242,15.470052,19.68766,18.331516,22.688501,22.19231,21.073162,24.276394,22.210793,23.285868,23.007738,21.293749,19.14096,16.700417,19.540915,15.20746,19.490938,18.465944,21.234783,20.653515,23.33364,24.051476,21.626118,22.030888,17.666597,18.61164,16.794432,15.615306,12.186954,10.8313875,8.73334,5.9821677,8.175669,10.660281,13.413746,12.418844,16.43264,14.969297,18.669247,19.234991
8,25.312197,21.87156,20.375555,16.94041,13.878905,10.725354,8.536168,6.695192,0.0,4.720567,8.139811,11.24906,13.374307,15.134588,14.548855,15.113749,11.582629,14.796437,12.326225,15.996636,16.993256,20.334368,21.92204,23.170818,25.324284,25.99282,23.107346,20.589935,17.133736,12.651144,16.18371,9.622949,15.784262,15.332941,18.958101,19.75522,22.56282,25.838627,23.751404,22.344288,20.340528,18.233152,16.552073,12.505474,10.864956,16.777433,13.76557,18.422638,16.780325,13.168529,16.635098,16.608824,12.634596,17.580631,15.883536,16.657265,14.2824745,13.148931,14.525998,19.122732,15.159068,11.883624,12.012954,10.922281,11.528119,14.363878,15.635134,16.196386,14.736175,15.729876,11.812081,10.189806,13.800596,11.219455,16.041546,15.459394,19.37986,19.581045,19.668316,22.808065,22.592974,23.193546,23.98615,21.87722,18.904331,16.668064,17.44957,12.258162,15.162407,13.392074,16.297886,14.914749,17.31899,17.614721,15.394273,15.468064,11.225732,12.703603,10.891774,10.515396,6.055323,7.078447,5.895549,7.8811426,11.5701,15.719281,16.495958,14.280849,17.82267,14.161199,17.854881,16.896132
9,25.927406,22.707275,20.612354,18.175014,14.064842,11.194018,9.832918,6.316248,4.720567,0.0,7.4760275,8.829437,11.47642,14.027672,14.103791,16.057535,13.556173,17.466494,15.923417,19.654194,21.231258,24.127068,26.257235,26.98953,29.4231,29.68232,26.473322,23.938246,20.488657,16.104475,19.346893,12.936887,18.502563,16.21585,20.80073,20.503878,23.20609,26.562532,24.247353,23.752117,22.44717,19.04711,18.33812,13.852299,13.083796,18.947,16.40369,20.616377,19.076643,15.356865,18.074043,16.760223,11.790254,16.00965,13.518539,13.352627,11.0416155,9.119953,9.894388,14.464435,10.709767,7.2486835,8.698328,8.582356,10.501406,13.591531,15.166117,17.366257,14.972549,17.26479,14.446461,13.499768,17.426668,15.52038,20.39156,20.016747,24.024488,24.226704,24.087841,27.20478,26.453539,26.967106,27.347082,25.12622,22.605848,20.517838,21.74315,16.86674,19.855827,17.977516,20.7429,19.02383,21.393547,21.116514,18.865894,17.876492,13.896013,13.733379,11.193996,9.553281,7.477205,5.1975102,6.7623467,6.314181,9.850497,13.702077,14.180315,12.044924,14.327508,12.013086,15.046243,14.660841
10,32.579556,29.375868,27.241241,24.124985,20.782839,17.367971,16.28727,12.438101,8.139811,7.4760275,0.0,6.9003816,5.7954435,9.156907,10.484938,10.977621,10.300368,14.533564,14.096346,18.723248,21.009357,24.194662,26.752266,28.599684,31.265657,32.54046,29.936844,28.156279,24.240042,20.036257,22.301556,15.322729,19.836695,16.333246,19.36706,19.836235,21.286484,25.431152,24.144554,23.475294,22.62429,20.734379,21.074821,16.51928,17.55817,23.674185,21.400488,26.186932,24.884617,21.2531,24.457146,23.844364,19.06943,22.899302,19.293732,19.823639,18.014425,14.760163,14.436006,17.364424,12.205756,10.301985,10.023926,11.783959,11.115492,16.47363,14.493909,16.814419,12.326931,13.331523,12.116226,9.953752,14.015728,13.948787,18.681383,19.948185,23.42519,24.867647,25.786814,29.318125,29.654392,30.761992,31.789652,29.838661,26.611855,24.08921,24.392395,18.524347,19.878986,16.926931,18.575043,16.039463,18.890194,17.499401,14.670637,12.891741,9.296298,7.295074,6.52818,7.9649477,7.8473253,8.478168,12.21089,13.685232,17.30761,21.092339,21.391869,19.004913,20.103027,17.383781,19.490086,17.759403
11,34.361095,31.030937,29.163347,26.901897,22.634398,19.996176,17.87331,15.138173,11.24906,8.829437,6.9003816,0.0,5.504273,6.0260153,6.9234824,10.687198,10.817603,15.173156,16.04942,19.850502,23.081999,25.037127,28.810303,29.39814,32.808197,33.43577,30.446985,29.356329,25.020409,21.267113,22.341652,15.911184,18.965864,13.096765,17.406546,16.11247,17.573715,21.468714,19.826778,20.40742,20.59881,17.158785,19.014603,14.34234,17.193918,22.984562,21.917425,26.371353,26.075115,23.135809,26.271698,24.77777,19.816528,23.924261,21.002134,19.580336,17.213642,14.706222,12.647322,15.427788,11.371899,9.290371,12.680698,15.1883745,16.192766,20.90778,20.155075,23.176224,18.700066,20.183641,18.852438,16.095633,20.146318,19.436132,24.291584,25.078089,28.36259,29.358458,30.224041,33.14723,33.66424,33.716175,34.68961,32.118237,29.361265,27.636309,27.354937,22.38264,23.620928,20.9556,23.238012,20.243605,21.893236,20.044956,18.352997,14.994118,12.736323,10.005435,6.4118743,3.8795424,8.069313,6.196125,12.010915,13.564506,16.699892,20.724247,19.307312,16.577028,15.974048,13.301131,14.125646,11.940509
12,37.319252,34.15251,31.885393,29.252516,25.424377,22.264256,21.062683,17.20207,13.374307,11.47642,5.7954435,5.504273,0.0,5.6070642,8.696892,10.468526,12.127342,16.388777,17.43611,21.827068,24.928356,27.460531,30.868776,32.38929,35.544792,36.765823,34.10693,32.855045,28.619036,24.669367,26.080252,19.301931,22.588652,17.089388,20.103622,19.655312,20.229969,24.574453,23.646929,23.90932,24.074892,21.751951,23.489937,18.89272,21.384878,27.388638,25.811417,30.51036,29.699633,26.296434,29.402157,28.221622,23.129885,26.620678,22.655468,22.257774,20.54899,16.913408,15.130194,16.73015,11.82216,11.086895,12.206402,15.388821,15.089769,20.685875,18.069614,21.384119,15.919793,17.118471,17.187986,14.835827,18.62477,19.169388,23.708702,25.36103,28.541153,30.207056,31.370836,34.771606,35.35473,36.19604,37.27211,35.106018,31.983002,29.688244,29.62219,23.938892,24.774769,21.636633,23.051718,19.985506,22.328058,20.04763,17.664118,14.331949,12.2769375,8.099958,7.0709314,8.027609,11.247627,10.800151,16.07463,17.36388,20.671755,24.316458,23.791328,21.311953,20.699463,18.654472,19.4296,17.33649
13,39.64452,36.199474,34.52742,31.793938,27.927727,25.045414,22.708958,20.165415,15.134588,14.027672,9.156907,6.0260153,5.6070642,0.0,3.779051,6.659623,9.507494,13.252319,15.55392,19.29157,23.131159,24.797775,29.07797,30.16186,33.825157,35.077053,32.57556,32.246414,27.616661,24.245724,24.349447,18.158361,19.813295,13.250841,15.669938,14.91911,14.91034,19.327423,18.795008,19.29001,20.072195,18.16193,20.837814,16.659996,20.607998,26.209194,25.509117,30.221916,30.272154,27.580816,31.126335,30.147427,25.39586,29.71112,26.598833,25.537241,23.22068,20.523363,18.402494,20.45779,16.173813,14.832968,17.175385,19.939257,19.905558,25.278137,23.108202,25.735624,20.649397,20.915741,20.317997,16.585276,20.142933,20.33015,24.725252,26.34867,28.974874,30.621117,32.21758,35.111343,36.550144,36.660023,38.132263,35.612152,32.485676,30.743004,29.587736,24.452929,24.424492,21.325533,22.906155,19.357946,20.62517,17.82808,16.474201,11.968967,11.440403,7.408319,5.237534,6.1651893,10.765078,11.227472,16.489067,19.067629,22.397804,26.617966,25.071491,22.186722,21.46427,18.2098,18.615583,15.498407
14,38.75382,35.1492,33.93187,31.127617,27.34239,24.704565,21.64837,20.124496,14.548855,14.103791,10.484938,6.9234824,8.696892,3.779051,0.0,5.2895846,7.1958146,10.57706,13.209737,16.389742,20.490751,21.65423,26.309557,26.982628,30.864786,32.00245,29.537518,29.646748,24.875425,21.873413,21.30399,15.575859,16.405779,9.573843,12.030869,11.207376,11.54445,15.903462,15.237403,15.53762,16.336117,14.5833845,17.446,13.553277,18.119654,23.391758,23.156794,27.805225,28.338676,26.139217,29.912622,29.153542,24.782085,29.661201,27.290062,25.981216,23.262947,21.34913,19.433954,22.194387,18.19171,16.190258,19.011105,21.205214,21.442759,26.434208,24.960424,27.021053,22.539173,22.471788,21.038404,16.711378,20.162046,19.70373,24.04769,25.312325,27.700537,29.08578,30.765694,33.26793,35.085064,34.676598,36.323257,33.593655,30.548025,29.210785,27.48745,22.870388,22.566963,19.71431,21.66312,18.065693,18.619707,15.950953,15.315253,10.7073555,10.58414,7.9960055,4.6879716,4.8015366,9.139505,10.305631,14.93278,18.316927,21.617123,26.174288,24.17318,21.093103,20.875935,16.625937,17.300636,13.711897
15,40.06013,36.418663,35.34323,31.88108,28.799631,25.821714,22.895712,21.404917,15.113749,16.057535,10.977621,10.687198,10.468526,6.659623,5.2895846,0.0,4.9749675,7.3363156,10.429291,13.908143,17.904196,19.518032,23.821129,25.50261,29.114689,31.00793,29.109268,29.393764,24.702623,21.835726,21.197887,15.552402,16.236229,11.37064,11.313107,12.705329,12.410574,16.91481,17.094864,16.085247,16.211906,16.664536,18.662012,15.276738,19.253405,24.452188,23.848902,28.754072,29.07175,26.849728,30.915495,30.929464,26.875313,31.906498,29.409428,29.00228,26.39473,24.27186,23.024593,25.91612,21.31682,19.342396,20.792307,22.590292,21.866528,27.06663,24.740738,25.889257,21.597288,20.303036,18.989462,14.005266,16.77024,16.934847,20.690004,22.594704,24.433306,26.376461,28.603624,31.205711,33.66303,33.644554,35.676674,33.258987,29.80169,28.221964,26.036983,21.148531,19.865126,16.685055,17.89643,14.074525,14.6509695,11.463752,10.773615,5.7198057,7.0092354,5.038059,4.9706154,8.424051,10.196728,13.246061,16.761993,20.702938,24.313152,28.971636,27.615557,24.557638,25.275232,20.594688,21.968954,18.406282
16,35.818405,32.102013,31.373005,27.761234,24.950603,22.148214,18.782967,18.197515,11.582629,13.556173,10.300368,10.817603,12.127342,9.507494,7.1958146,4.9749675,0.0,4.4720426,6.0960026,9.908994,13.647959,15.591249,19.612211,21.143732,24.627033,26.3562,24.346586,24.438654,19.786598,16.89229,16.452692,10.661446,12.013579,8.979567,9.575815,11.685179,12.935598,16.88271,16.287018,14.434156,13.413265,13.950537,14.706384,11.351885,14.646498,19.819204,19.032206,23.971699,24.296062,22.289677,26.495626,26.867657,23.273457,28.693932,26.908184,26.664074,23.84212,22.422287,21.84691,25.565504,21.10661,18.447618,19.861355,20.770208,20.325178,24.84878,23.55871,24.029358,20.761387,19.50602,16.932293,11.757757,14.621038,13.586838,17.56687,18.741426,20.745401,22.19984,24.21659,26.626219,29.048117,28.768703,30.810568,28.326532,24.907452,23.51364,21.203386,16.563541,15.557466,12.676807,14.7021265,11.168403,11.597855,9.500068,8.932481,5.7191787,4.9036584,6.479794,5.096422,7.6146708,6.5958915,10.816065,12.852749,17.365307,20.96782,25.77254,24.57743,21.537382,23.365736,18.044697,20.318848,17.031185
17,37.693516,33.901745,33.67712,29.803154,27.507984,24.887928,21.161196,21.461748,14.796437,17.466494,14.533564,15.173156,16.388777,13.252319,10.57706,7.3363156,4.4720426,0.0,4.485763,6.679112,10.915305,12.244247,16.666164,18.434904,22.038673,24.229322,22.792408,23.711924,19.083088,17.043419,15.464561,11.178017,10.580594,9.599812,7.3474526,11.24527,12.128569,15.543757,15.571158,12.6570635,11.157221,13.94701,14.348461,12.324652,15.681394,19.905222,19.587967,24.34068,25.13285,23.777187,28.18684,29.126562,26.141617,31.844606,30.545727,30.414045,27.463966,26.458576,26.067183,29.945885,25.547516,22.79809,24.083467,24.661207,24.011982,28.268362,26.989222,26.710716,23.973389,21.954548,19.119776,13.590994,15.422068,14.254534,17.285112,18.470648,19.545483,21.079863,23.613802,25.502453,28.855555,28.20849,30.697132,28.227127,24.730957,23.73786,20.380451,16.527376,14.213618,11.640643,13.369901,9.829346,8.607583,6.292683,7.638396,5.3208756,6.848187,9.750563,9.435667,11.748279,10.225783,14.686049,15.606268,20.572758,24.026314,28.90945,27.584871,24.528711,26.782124,20.93123,23.318787,19.8265
18,34.03181,30.280954,30.194244,26.047543,24.266243,21.661905,18.029068,18.777672,12.326225,15.923417,14.096346,16.04942,17.43611,15.55392,13.209737,10.429291,6.0960026,4.485763,0.0,4.849557,7.7009864,10.540315,13.7176695,16.041595,19.074558,21.345915,19.88579,20.15198,15.792663,13.4691105,12.868288,8.312085,9.587846,11.334557,10.316751,14.080574,15.882998,18.884892,18.2834,15.018078,12.4134,14.921108,13.628082,11.677139,13.1930485,17.442226,16.372309,21.20458,21.535326,20.097837,24.540297,25.964039,23.411625,29.124477,28.165085,28.56754,25.710493,24.99258,25.32092,29.590294,25.19625,22.195274,22.866703,22.685284,21.955181,25.594553,24.866758,23.89179,22.099401,20.019192,16.367048,11.108053,12.680795,10.559061,13.601923,14.229897,15.548837,16.801884,19.175142,21.18562,24.390528,23.951101,26.42858,24.141497,20.496262,19.33788,16.110168,12.0538645,9.928693,7.4538603,9.933123,6.9971156,6.3854313,6.2823706,6.6880245,7.4296637,6.516974,10.9672165,10.756147,12.819719,9.301456,14.124928,13.558292,18.495878,21.899012,26.636831,25.937256,23.09456,26.297676,20.456518,23.587805,20.65339
19,35.07918,31.266521,31.866968,27.791803,26.357069,24.270166,20.082104,22.054573,15.996636,19.654194,18.723248,19.850502,21.827068,19.29157,16.389742,13.908143,9.908994,6.679112,4.849557,0.0,4.718624,5.8295255,10.13433,11.896949,15.376988,17.790827,16.819162,18.27656,13.961239,13.076091,10.628183,8.988561,7.2561283,11.773841,9.260342,13.689572,15.667128,17.614769,17.140762,13.042229,9.651528,13.975678,12.0462475,11.902992,13.485179,16.139597,16.02103,20.290049,21.479073,21.1111,25.595123,27.393608,25.606665,31.605865,31.455462,31.570768,28.49181,28.488974,28.845167,33.35573,29.28848,26.087029,27.194551,26.75756,26.310184,29.469694,29.303387,27.951988,26.688404,24.476303,20.53638,15.501903,16.413933,13.867577,15.861806,15.772259,16.09265,16.738146,19.29114,20.250872,24.33275,22.94246,25.800795,23.312551,19.931602,19.69023,15.194418,13.064595,9.999407,9.036758,11.535104,9.555843,6.5110054,7.6045423,9.951566,10.963981,11.233116,15.468657,14.89281,16.268198,12.891565,17.365826,15.89335,21.087774,24.090704,28.84045,27.701645,24.87864,28.403753,22.066051,25.219233,22.202337
20,33.207436,29.519388,30.486507,26.116734,25.577724,23.679125,19.764809,22.32448,16.993256,21.231258,21.009357,23.081999,24.928356,23.131159,20.490751,17.904196,13.647959,10.915305,7.7009864,4.718624,0.0,5.0240693,6.0185623,9.364846,11.708641,14.745616,14.364252,15.486367,11.98786,11.672758,10.028524,9.962929,9.55806,15.831842,13.822786,18.071781,20.289368,21.91587,21.244617,16.99598,13.137089,17.300295,14.028196,14.45508,14.023254,15.756245,15.001065,18.852736,19.669058,19.629564,23.989891,26.54328,25.538633,31.387026,31.688221,32.380013,29.469753,29.769274,30.76092,35.488647,31.458416,28.165718,28.638689,27.5235,26.895203,29.31957,29.568481,27.345106,27.157885,24.691319,20.267939,15.939843,15.99274,12.878831,13.744584,12.828656,12.500213,12.608817,15.266223,15.81066,20.405561,19.044876,22.178621,20.047472,16.535618,16.441675,11.371008,10.321662,6.504202,7.193948,9.71141,9.448098,6.602024,9.753047,11.534231,14.251204,13.778951,18.54601,18.335676,19.741623,15.466482,19.857069,17.195229,22.0256,24.773436,29.190933,28.684053,26.171982,30.493816,24.300522,27.944218,25.398046
21,35.62121,31.866604,33.26215,29.297926,28.477938,27.001616,22.530495,25.690523,20.334368,24.127068,24.194662,25.037127,27.460531,24.797775,21.65423,19.518032,15.591249,12.244247,10.540315,5.8295255,5.0240693,0.0,6.2314305,6.7233944,10.541141,13.151838,13.106823,15.97778,12.379959,13.474911,9.51403,11.776616,8.229978,15.244902,12.345603,16.49807,18.683432,19.309454,18.783224,14.211446,10.213587,15.574836,12.553172,14.425608,15.090683,15.468918,16.208866,19.385302,21.34413,22.199783,26.48653,28.809027,28.053873,34.143604,34.916782,34.9384,31.758993,32.519287,33.127388,37.9071,34.18726,30.790428,32.06314,31.178593,30.965858,33.43308,33.966095,32.091866,31.609377,29.328432,25.005123,20.422596,20.762783,17.771175,18.728756,17.721878,17.072266,16.76843,19.198086,18.781252,23.656858,21.19901,24.404963,21.861488,18.981417,19.832525,14.242421,14.684928,11.3461075,12.171805,14.481405,13.787702,10.050066,12.210634,15.012698,16.578262,16.98756,21.297432,20.52308,21.363293,17.792437,21.843016,19.298239,24.356539,26.819973,31.345304,30.036121,27.425875,31.471392,24.92384,28.208256,25.43602
22,33.88191,30.386374,32.118286,27.808382,28.147215,26.821047,22.960217,26.432337,21.92204,26.257235,26.752266,28.810303,30.868776,29.07797,26.309557,23.821129,19.612211,16.666164,13.7176695,10.13433,6.0185623,6.2314305,0.0,5.993564,6.476854,10.614251,11.826781,13.896782,11.978551,13.574204,11.441021,14.322535,13.0701475,20.616879,18.320356,22.454462,24.756525,25.535526,24.8671,20.369991,16.274504,20.903566,16.86963,18.596992,17.214382,16.900366,16.564186,19.092907,20.282936,21.36524,25.32204,28.535797,28.622204,34.34257,35.45327,36.27698,33.397964,34.29668,35.622993,40.5476,36.76849,33.358883,33.753864,32.171883,31.630545,33.307312,34.12588,31.260075,31.96628,29.366644,24.720177,21.041782,20.430403,17.17853,16.7246,14.9193735,13.301605,12.244921,14.692189,13.484569,19.12249,16.86888,20.441217,18.614002,15.648692,16.629213,10.623528,12.735325,9.1362,11.568185,13.295155,14.337255,11.362206,14.874716,16.911613,20.029043,19.71511,24.537828,24.307573,25.443811,21.005634,25.080772,21.59091,26.096312,28.331352,32.382442,31.98219,29.76163,34.60149,28.381388,32.18171,29.91091
23,33.086758,29.526718,31.773418,28.14653,28.056084,27.400187,22.895168,27.289349,23.170818,26.98953,28.599684,29.39814,32.38929,30.16186,26.982628,25.50261,21.143732,18.434904,16.041595,11.896949,9.364846,6.7233944,5.993564,0.0,4.838788,6.538828,7.443416,11.534577,9.570862,12.753278,8.731038,14.17056,11.311749,19.51732,17.855404,21.067585,23.884079,23.748672,22.562744,18.309763,14.2068405,18.287102,13.857052,16.919382,15.70066,13.577163,14.7798395,16.300474,18.817287,20.99249,24.741093,27.565681,28.097105,34.009285,35.916443,35.924408,32.78845,34.468563,35.566875,40.653294,37.459805,33.851673,35.175434,33.622803,33.837536,35.2388,36.92347,34.629574,35.166153,33.255424,28.403103,24.65872,24.844257,21.171865,21.65565,19.372187,18.562939,16.785936,18.220236,16.314974,21.11911,17.335583,20.559402,17.93865,16.005463,18.170462,12.285709,15.6126375,13.519777,15.793386,18.368837,18.768843,15.654634,18.497864,20.80545,22.82065,22.48635,26.918665,25.728079,25.869007,21.749516,25.13452,21.266886,25.715958,27.411709,31.397285,30.213295,28.065979,32.85888,26.510962,30.119024,28.049744
24,32.327137,29.046787,31.618246,27.8473,28.670027,28.202644,24.224115,28.789543,25.324284,29.4231,31.265657,32.808197,35.544792,33.825157,30.864786,29.114689,24.627033,22.038673,19.074558,15.376988,11.708641,10.541141,6.476854,4.838788,0.0,4.7938485,7.6937704,10.840956,10.89508,14.293642,11.936399,17.167719,15.643276,23.903063,22.376883,25.74091,28.550707,28.5572,27.375854,23.124947,18.994282,22.816504,18.028994,20.803505,18.431866,15.930952,16.292652,17.053051,18.92599,21.359953,24.682938,28.151493,29.377176,34.919964,37.117416,37.673477,34.781185,36.56902,38.14441,43.29704,40.09124,36.497684,37.241837,35.229275,35.240517,36.046925,37.962273,35.016144,36.374554,34.28894,29.292788,26.19504,25.79894,22.063646,21.651564,18.865538,17.482363,15.054099,16.12111,13.230963,18.426302,14.502834,17.973562,16.013126,14.3612385,16.851091,11.027714,15.784412,13.910517,16.939922,19.05596,20.389496,17.714127,21.137728,23.076065,25.908789,25.239119,29.946287,29.107113,29.469164,24.887018,28.279947,23.906847,27.897963,29.382874,32.945854,32.415276,30.585852,35.861713,29.810131,33.705715,31.962975
25,30.213978,27.004805,30.01931,26.871939,27.566448,27.721882,23.539984,28.763813,25.99282,29.68232,32.54046,33.43577,36.765823,35.077053,32.00245,31.00793,26.3562,24.229322,21.345915,17.790827,14.745616,13.151838,10.614251,6.538828,4.7938485,0.0,4.1437917,8.414699,9.491658,13.795022,11.284859,17.612803,16.038551,24.265425,23.654963,26.208227,29.454628,29.05717,27.34717,23.539627,19.55837,22.248116,17.12887,20.423239,17.586508,13.654236,14.776285,14.254921,16.904718,20.218433,23.101624,26.336514,28.131311,33.573868,36.47976,36.5727,33.630672,36.06021,37.649525,42.89282,40.21037,36.51561,37.74471,35.59527,36.171837,36.524437,39.241802,36.64263,38.09704,36.611767,31.435083,28.568325,28.687916,24.612928,24.820683,21.614716,20.96387,18.057747,18.215412,15.110905,19.040487,14.032192,16.911076,14.391652,13.881409,17.229757,12.183352,17.551008,16.918112,19.885916,22.564732,23.65702,21.204655,24.388987,26.19652,28.51845,27.527035,31.977314,30.525333,30.17683,25.682611,28.40961,23.614996,27.187996,28.104755,31.350456,30.503914,28.931347,34.311634,28.485306,32.32509,31.013474
26,27.32057,23.943737,26.857244,23.988485,24.19181,24.5246,20.111454,25.562765,23.107346,26.473322,29.936844,30.446985,34.10693,32.57556,29.537518,29.109268,24.346586,22.792408,19.88579,16.819162,14.364252,13.106823,11.826781,7.443416,7.6937704,4.1437917,0.0,5.616664,6.063499,10.627201,8.266302,14.806794,13.771201,21.689842,22.043427,24.016659,27.61424,27.368034,25.210161,21.798325,17.908958,19.434809,14.048799,17.231869,13.98931,9.597772,11.032319,10.374859,13.516069,16.97745,19.9076,22.757055,24.46435,29.98814,33.039944,32.810337,29.808718,32.46052,33.994617,39.252117,36.831,33.105225,34.64635,32.52321,33.46799,33.73725,36.828312,34.685837,35.940174,34.955578,29.73413,26.963427,27.627472,23.352808,24.32983,21.020414,21.231407,18.317034,18.085964,15.693543,18.60073,13.535804,15.908263,12.693397,12.30064,15.683107,11.253733,16.105885,16.420155,19.075035,22.28565,23.009983,20.950937,23.86141,25.356216,27.226835,25.84772,30.018496,28.138323,27.325289,22.88289,25.147112,20.174658,23.53973,24.260212,27.492033,26.44533,24.910717,30.309875,24.612555,28.485725,27.424927
27,21.999027,18.662638,21.612425,18.659632,19.444239,20.034294,16.216581,21.85776,20.589935,23.938246,28.156279,29.356329,32.855045,32.246414,29.646748,29.393764,24.438654,23.711924,20.15198,18.27656,15.486367,15.97778,13.896782,11.534577,10.840956,8.414699,5.616664,0.0,4.94301,8.187476,9.419067,14.126017,15.628766,22.896692,24.247604,26.053286,29.86146,30.300276,27.853722,24.744648,20.86955,21.262,15.663386,17.578608,12.612748,8.988494,8.108128,6.917021,8.56434,12.150571,14.714807,18.069174,20.331663,25.437677,28.736742,29.03288,26.366005,29.122646,31.228842,36.49248,34.217697,30.559465,31.541542,28.912601,29.941639,29.454388,33.1447,30.831749,32.752605,32.20013,26.853798,25.026468,25.74534,21.268068,22.35678,18.512936,19.522917,16.145782,14.821125,12.895994,14.122257,9.133708,10.900093,7.3481784,7.2611375,10.949785,8.26579,13.368054,15.360766,18.124954,21.451515,22.594477,21.615763,24.702581,25.322027,27.553041,25.310757,29.412483,27.595554,26.721512,21.79715,23.641869,18.07199,20.529236,20.943224,23.638721,23.54271,22.429659,28.377625,23.360415,27.63564,27.172764
28,24.000422,20.303549,22.480421,19.296894,18.907705,18.841167,14.264575,19.54899,17.133736,20.488657,24.240042,25.020409,28.619036,27.616661,24.875425,24.702623,19.786598,19.083088,15.792663,13.961239,11.98786,12.379959,11.978551,9.570862,10.89508,9.491658,6.063499,4.94301,0.0,4.582147,4.6090016,9.497806,10.780309,17.983345,19.412117,21.18327,24.98386,25.615522,23.199442,20.09475,16.253893,16.616163,11.06494,12.838063,8.467872,5.8449316,5.4758506,7.215749,9.451557,11.838327,15.460305,18.04899,18.99423,24.757727,27.315336,27.224695,24.234106,26.576872,28.200775,33.455288,30.904423,27.197554,28.590405,26.47641,27.485622,27.893658,30.980412,29.192488,30.210093,29.602081,24.394249,21.821104,22.982454,18.584332,20.410503,17.166206,18.489325,15.905984,15.505809,14.65303,16.591524,12.726771,14.722431,11.205773,9.635745,11.97201,8.403617,11.494872,13.015912,15.12768,18.816164,19.22743,18.064001,20.724,21.483679,23.170443,21.109512,25.069456,23.063555,22.159998,17.415684,19.52753,14.334246,17.697227,18.734917,22.261707,21.540922,19.84294,25.39465,19.781563,23.978428,23.01984
29,22.409937,18.572735,19.909786,16.383326,15.450174,14.810972,10.175295,15.08959,12.651144,16.104475,20.036257,21.267113,24.669367,24.245724,21.873413,21.835726,16.89229,17.043419,13.4691105,13.076091,11.672758,13.474911,13.574204,12.753278,14.293642,13.795022,10.627201,8.187476,4.582147,0.0,5.9488335,6.440788,10.525109,16.319218,18.543833,20.16985,23.944681,25.339172,22.869476,20.096172,16.51972,16.029594,10.99701,10.937462,5.5726576,6.7272587,3.5452182,8.024889,8.408537,8.871689,13.126315,15.397084,15.412558,21.320179,23.24709,23.423922,20.503815,22.398977,24.15008,29.374012,26.618029,22.953299,24.063438,21.937502,22.91733,23.49476,26.485523,24.973186,25.791039,25.486397,20.323872,18.008253,19.594334,15.184184,17.76067,14.731303,17.02053,14.933592,14.4560795,15.01078,16.078411,13.663111,15.226527,12.012448,9.584686,10.339088,8.294575,8.702224,11.420596,12.79589,16.704485,16.855083,16.647663,18.992298,18.994562,20.560661,17.857037,21.584362,19.584518,18.725296,13.660879,15.680262,10.318943,13.670837,15.171897,18.96886,18.727436,16.892431,22.481901,17.0964,21.520388,20.643383
30,27.474264,23.646471,25.319387,22.16835,20.863426,20.299498,15.278439,19.869478,16.18371,19.346893,22.301556,22.341652,26.080252,24.349447,21.30399,21.197887,16.452692,15.464561,12.868288,10.628183,10.028524,9.51403,11.441021,8.731038,11.936399,11.284859,8.266302,9.419067,4.6090016,5.9488335,0.0,6.98208,6.2385945,13.757912,14.92987,16.684135,20.44381,21.02221,18.705463,15.4991045,11.672537,12.401106,7.0031915,9.249422,7.0860233,5.9917216,7.3351374,10.323435,12.952702,14.494292,18.50237,20.32315,20.167212,26.294832,28.190098,27.599081,24.326086,26.25727,27.225914,32.370914,29.605927,25.905222,27.854134,26.400024,27.367262,28.704353,31.083439,29.827723,29.87767,29.120523,24.21061,20.752512,22.273207,18.199049,20.5451,18.116695,19.36431,17.631968,18.128792,17.778517,20.387478,17.017895,19.191198,15.753216,13.780939,15.369736,11.331289,12.619152,13.002892,14.270202,18.049726,17.581186,15.871653,17.910513,19.130728,20.042282,18.539919,22.282715,20.0499,19.10723,14.898572,17.34839,13.059609,17.378336,18.956795,23.13282,21.605894,19.357304,24.167707,17.933037,21.773668,20.134504
31,27.165043,23.287666,23.679655,20.189806,17.994247,16.344212,11.590592,14.506784,9.622949,12.936887,15.322729,15.911184,19.301931,18.158361,15.575859,15.552402,10.661446,11.178017,8.312085,8.988561,9.962929,11.776616,14.322535,14.17056,17.167719,17.612803,14.806794,14.126017,9.497806,6.440788,6.98208,0.0,6.6751676,10.49318,12.929968,14.570885,18.102497,20.141977,17.946304,15.344175,12.260948,11.717774,8.251,6.2688684,4.91376,9.65698,8.491783,13.392367,14.114801,13.248803,17.647743,18.754452,16.858404,23.001833,23.505672,23.19849,20.01653,20.83907,21.640873,26.61902,23.29309,19.696024,21.360754,20.320757,21.050982,23.227163,24.863867,24.227476,23.452751,22.959137,18.375002,14.745797,17.083445,13.3467455,16.960543,15.432706,17.809689,17.16804,17.91249,19.316841,21.135239,19.555573,21.356085,18.36559,15.50787,15.224623,12.788977,10.309357,11.393679,10.9597,14.889825,13.56568,13.294729,14.465617,14.528157,14.898682,12.499406,15.866368,13.574135,12.888253,8.098932,11.117747,7.547368,12.596271,15.268449,19.966105,18.90939,16.265314,20.580196,14.533426,18.485933,16.574497
32,32.288086,28.386925,29.370216,26.183725,24.023386,22.777475,17.751219,20.941046,15.784262,18.502563,19.836695,18.965864,22.588652,19.813295,16.405779,16.236229,12.013579,10.580594,9.587846,7.2561283,9.55806,8.229978,13.0701475,11.311749,15.643276,16.038551,13.771201,15.628766,10.780309,10.525109,6.2385945,6.6751676,0.0,8.306853,8.712734,10.741494,14.284563,15.161935,13.222256,9.749292,6.022977,7.96053,4.8475137,6.405876,8.961621,10.566576,12.138489,15.845271,18.240805,18.746647,22.991783,24.06589,22.58638,28.832405,29.666918,28.661371,25.228354,26.32163,26.410162,31.196701,28.057661,24.543547,26.99732,26.495523,27.23452,29.792658,31.038431,30.46521,29.2312,28.238592,23.970852,19.501377,21.423168,18.135338,21.019878,19.838324,21.001488,20.445627,21.855515,22.206585,25.306665,22.662779,24.9782,21.703222,19.262774,20.008587,15.934976,15.173503,14.279568,14.133376,17.593613,15.850811,13.636111,14.368841,16.133131,15.702337,15.189982,18.392883,16.013132,15.278626,12.26598,15.25124,13.011163,18.132792,20.429596,25.170652,22.972563,20.14764,23.650644,16.989214,20.065386,17.348509
33,35.68899,31.845078,31.853018,29.194756,25.758234,24.089159,19.503708,20.826473,15.332941,16.21585,16.333246,13.096765,17.089388,13.250841,9.573843,11.37064,8.979567,9.599812,11.334557,11.773841,15.831842,15.244902,20.616879,19.51732,23.903063,24.265425,21.689842,22.896692,17.983345,16.319218,13.757912,10.49318,8.306853,0.0,6.212206,4.5723906,8.317012,10.670522,8.463546,7.665296,7.790009,5.3038344,8.508133,6.198117,12.3062935,15.920819,17.244972,21.260237,23.191628,22.555817,26.556934,26.2801,23.265076,29.129162,28.78992,26.922712,23.497246,23.688555,22.491026,26.54369,23.486382,20.411438,23.935461,24.738796,25.751467,29.382412,29.823032,30.750593,27.902365,27.588625,24.424587,19.755596,22.702475,20.493254,24.414057,24.296337,26.16434,26.440893,27.912498,29.190233,31.579256,29.663387,31.533972,28.25652,25.764923,25.717781,22.807093,20.22013,19.756266,18.185219,21.208122,18.249268,16.998848,15.713608,16.809282,13.800981,13.76086,14.660196,11.191746,9.405075,9.705214,11.475078,12.681996,17.351545,19.984425,24.882875,21.897106,18.686245,20.00505,13.766579,15.354554,11.563037
34,39.800655,35.903828,36.20432,32.972786,30.2055,28.292791,23.742704,25.142399,18.958101,20.80073,19.36706,17.406546,20.103622,15.669938,12.030869,11.313107,9.575815,7.3474526,10.316751,9.260342,13.822786,12.345603,18.320356,17.855404,22.376883,23.654963,22.043427,24.247604,19.412117,18.543833,14.92987,12.929968,8.712734,6.212206,0.0,5.156746,6.491017,8.624367,8.659022,5.4077644,5.3980336,8.979498,11.26538,10.83918,16.06953,18.871311,20.291098,24.30334,26.400318,26.087389,30.389215,30.881123,28.233715,34.23936,33.77794,32.49424,29.144213,29.038841,28.039991,31.974506,28.401197,25.485117,28.235456,28.998764,29.250887,33.19603,32.815792,33.026775,30.23567,28.840832,25.817738,20.494406,22.57345,20.808292,23.833387,24.230469,25.08991,25.836197,28.082302,29.045887,32.5842,30.668781,33.140003,30.081429,27.250383,27.290693,23.303604,21.031532,18.974194,17.386126,19.687864,16.59582,14.137844,12.4371195,14.824162,12.004563,13.751474,15.404709,13.449845,13.622821,13.466987,16.60816,17.445528,22.529451,25.394146,30.355927,27.738323,24.56308,26.202951,19.908037,21.522964,17.62812
35,39.99188,36.13919,36.296883,33.691616,30.27134,28.658737,24.037283,25.34773,19.75522,20.503878,19.836235,16.11247,19.655312,14.91911,11.207376,12.705329,11.685179,11.24527,14.080574,13.689572,18.071781,16.49807,22.454462,21.067585,25.74091,26.208227,24.016659,26.053286,21.18327,20.16985,16.684135,14.570885,10.741494,4.5723906,5.156746,0.0,4.3087444,6.127167,4.6053743,4.7116127,7.2372694,6.470837,11.058433,10.258055,16.428892,19.176956,21.12369,24.805231,27.183187,26.897083,30.90076,30.627598,27.703466,33.530254,33.16489,31.057838,27.629341,27.761637,26.173182,29.85005,26.911217,24.103935,27.822863,28.958376,29.852404,33.74862,33.803787,34.800934,31.629288,31.027979,28.178167,23.195505,25.889654,24.033407,27.629211,27.798641,29.191748,29.655355,31.455915,32.453312,35.358948,33.17998,35.265045,31.930254,29.498205,29.688122,26.24487,24.010632,22.844725,21.269075,23.920052,20.765919,18.855412,17.07612,18.867556,15.325963,16.49728,16.989065,13.971098,12.639606,13.939192,15.623181,17.231888,21.786783,24.28336,29.11152,25.744804,22.555117,23.195318,17.214712,17.921898,13.842416
