,0,1,2,3,4,5,6,7,8,9,10,11,12,13,14,15,16,17,18,19,20,21,22,23,24,25,26,27,28,29,30,31,32,33,34,35,36,37,38,39,40,41,42,43,44,45,46,47,48,49,50,51,52,53,54,55,56,57,58,59,60,61,62,63,64,65,66,67,68,69,70,71,72,73,74,75,76,77,78,79,80,81,82,83,84,85,86,87,88,89,90,91,92,93,94,95,96,97,98,99,100,101,102,103,104,105,106,107,108,109
0,0.0,4.6329727,7.0876913,9.010955,12.193303,14.113226,17.048168,19.94484,22.27131,26.206871,27.283371,30.413454,29.591763,27.97304,23.534319,21.910742,16.697964,16.25163,11.11408,11.338775,8.505009,7.068205,9.94955,9.631444,13.434746,15.928262,17.229692,16.51832,19.20025,18.973509,24.35111,27.501719,30.378424,33.122704,36.05091,38.12057,41.2752,42.03208,37.857468,34.35281,34.56981,29.869013,28.431486,26.059652,24.610424,23.753094,20.803177,24.93633,25.060547,27.289927,29.12939,30.125097,31.206873,34.24676,30.314785,27.766392,25.84099,22.792385,24.904411,23.510834,21.842566,26.548916,29.190994,29.334867,34.593987,32.94111,37.475483,36.980953,39.87749,36.251575,33.00417,36.225185,33.379185,36.373905,34.237095,35.605034,36.713707,34.138786,33.545277,35.916092,32.77472,28.889875,29.401392,25.306942,24.329182,20.388441,21.574207,16.196854,18.275824,16.613512,18.99828,19.201971,19.490438,24.029568,25.074732,25.19863,22.785503,27.622894,25.38757,28.669514,28.19216,32.126106,36.784595,35.089184,31.686062,34.954327,29.357374,31.160112,30.117338,30.093948
1,4.6329727,0.0,5.2368197,6.639071,9.216642,12.173055,15.052885,18.178455,21.06082,24.834743,26.626211,29.91402,28.998173,28.045689,22.830448,21.769794,16.569857,15.804359,11.87758,10.867052,9.820844,6.574515,11.550528,9.665064,14.926748,16.908487,17.536354,15.732329,18.734503,17.144867,23.046005,24.858036,27.776957,30.436628,33.242935,35.49554,38.67009,39.743916,35.724358,32.47511,32.587467,28.430828,26.62443,25.109062,22.824886,22.97684,20.1752,24.511032,24.49284,26.152494,27.694899,28.05794,29.02323,31.730682,27.494192,24.646719,23.451172,20.4624,22.859316,22.24371,20.373322,25.618872,27.886024,28.543943,33.396935,32.101307,36.66483,35.936024,39.187206,35.961746,32.61123,35.67035,32.36229,35.39588,32.754227,34.24496,34.961437,32.067944,31.010748,33.068592,29.645914,25.8591,26.51667,22.587711,22.363552,18.029322,20.542349,15.741428,18.5567,17.832144,20.15979,21.158972,21.362638,25.795742,26.94563,26.344364,23.841974,28.425236,25.884315,29.58259,28.371809,32.696014,37.283978,35.33243,31.817883,34.54856,28.644377,30.202091,28.525434,28.466635
2,7.0876913,5.2368197,0.0,4.765514,6.9844775,8.134396,11.804721,13.901132,17.403889,20.668522,22.600306,25.676865,24.405819,23.525822,17.913061,17.767595,12.326289,12.715107,8.53338,9.756213,9.929966,9.185231,14.2752,13.861132,18.80753,19.857256,19.450289,17.195427,19.071594,17.849213,22.523972,24.582722,26.397806,30.055943,32.123108,34.91628,37.55556,38.751003,34.549152,31.110825,32.248775,27.787106,26.822344,25.892857,23.879904,24.76483,22.821001,27.21225,27.785006,29.525059,30.68907,30.982386,31.27067,33.694756,28.986107,25.699453,25.175999,22.724247,25.903795,24.985483,22.506477,27.332914,29.030325,29.250782,34.02272,31.909039,36.270924,35.01501,38.2751,35.25976,31.536613,33.912266,30.509523,32.943184,30.195791,31.129744,31.741177,28.90533,28.04694,30.510792,27.172733,23.33152,24.885534,20.998705,20.505182,16.769543,19.036533,14.92328,18.45035,18.194687,21.309282,22.511978,23.571142,27.759113,28.262873,27.428688,24.453896,28.614773,25.385769,28.93657,26.975382,31.05965,35.730366,33.11549,29.622414,31.749249,26.19458,27.057081,25.572475,24.872557
3,9.010955,6.639071,4.765514,0.0,3.2914355,6.0379353,8.446447,11.963057,14.492905,18.392132,20.247465,23.644012,22.94124,22.318565,17.291283,15.758147,10.9828615,9.686004,7.6920147,5.939102,7.8232245,6.9654856,12.390268,12.236304,17.29115,17.167559,15.856824,13.009452,14.717546,13.175475,17.857447,19.94593,22.015419,25.463572,27.75604,30.348595,33.122578,34.200832,30.015495,26.605627,27.519335,23.11469,22.058088,21.308014,19.22354,20.482512,19.011204,23.391022,24.266817,25.911194,26.772137,27.05236,26.98271,29.35196,24.597948,21.348642,20.750174,18.547834,22.110415,21.022388,18.253319,22.94545,24.405933,24.67639,29.325443,27.301996,31.685213,30.469303,33.816883,30.902727,27.23582,29.778536,26.281683,29.037384,26.278843,27.63695,28.348696,25.515938,24.656376,26.958797,23.776451,19.887861,20.735685,16.719358,16.153261,12.199387,14.672257,10.71905,14.5260105,14.980091,17.987007,19.826622,21.015882,24.902716,25.326513,23.909702,20.892866,24.792963,21.478212,25.28433,23.077925,27.455309,32.015182,29.573685,26.027773,28.25371,22.369995,23.655783,21.930191,21.844172
4,12.193303,9.216642,6.9844775,3.2914355,0.0,4.62935,6.328711,9.985438,12.852124,16.462088,18.887178,22.324572,21.601814,21.582283,16.203548,15.128498,10.926433,9.453244,9.407588,7.258415,10.437753,9.521295,14.942818,14.512218,19.723536,19.077534,17.116623,13.600818,14.915933,12.5257845,16.799683,17.853136,19.503864,23.223448,25.160759,28.037273,30.636848,31.951832,27.841726,24.58932,25.757019,21.731789,20.737865,20.89739,18.394289,20.643042,19.712877,24.026241,25.02442,26.30341,26.783573,26.648672,26.182947,28.168638,23.109615,19.542963,19.760893,17.979666,21.954193,21.2446,18.209482,22.859095,23.771595,24.234303,28.444979,26.436676,30.693264,29.160833,32.72708,30.219015,26.442947,28.627455,24.801662,27.40626,24.262823,25.604832,25.999794,22.960125,21.811352,23.980427,20.655186,16.798971,17.95257,14.087204,14.079734,10.109755,13.673576,10.947478,15.200032,16.461052,19.412191,21.707096,23.011932,26.61942,26.916958,25.004742,21.922476,25.350266,21.742586,25.678638,22.7787,27.274937,31.691935,28.956873,25.410633,27.028717,21.08674,22.006134,19.808084,19.620968
5,14.113226,12.173055,8.134396,6.0379353,4.62935,0.0,4.139412,6.0140295,9.59749,12.747094,15.127821,18.359066,17.314623,17.22639,11.613044,11.238932,6.9107375,7.002185,7.5055866,8.164583,11.550763,12.594346,17.369106,18.01901,22.714851,21.760675,19.412298,16.179005,16.304913,15.05581,17.546638,19.44342,19.79852,24.48827,25.663395,28.936321,30.932823,32.20712,27.909609,24.403858,26.664946,22.202114,22.267317,22.604523,20.813316,23.143047,22.80145,26.976564,28.406748,29.936584,30.27739,30.341137,29.45202,31.306181,26.145588,22.49974,22.92824,21.578716,25.807516,24.616041,21.345755,25.292059,25.84985,25.694588,29.886574,26.99446,30.956902,29.008068,32.39642,29.985464,25.924192,27.411797,23.70393,25.603302,22.566423,23.219963,23.67312,20.85233,20.18919,22.967794,19.965736,16.092957,18.175554,14.473973,13.697412,11.073113,13.327312,11.469266,15.859295,17.207516,20.71836,22.862392,24.81796,28.19143,27.924688,26.081505,22.698374,25.713774,21.628214,25.182959,21.78796,25.831116,30.30563,26.978354,23.517967,24.634306,19.22852,19.41399,17.7151,16.768188
6,17.048168,15.052885,11.804721,8.446447,6.328711,4.139412,0.0,4.9956484,6.588043,10.377593,12.745535,16.249918,15.864111,16.230356,11.678618,9.8363085,7.497422,5.6865425,9.5207205,8.324971,12.674966,13.940297,18.19027,19.125095,23.513916,21.616274,18.427612,14.840034,14.132728,12.814182,14.093181,15.949457,15.862606,20.783024,21.804304,25.07242,26.952412,28.147917,23.81829,20.290766,22.800423,18.394024,18.822678,19.742521,18.083664,21.04216,21.50254,25.411701,27.20167,28.582588,28.52033,28.528803,27.10626,28.722078,23.52737,19.914017,20.58144,19.82589,24.38658,23.048187,19.529337,22.903011,22.912672,22.649557,26.492887,23.423944,27.230658,25.09172,28.571112,26.43563,22.335062,23.638681,19.752867,21.733366,18.576777,19.51272,20.019953,17.20668,16.642723,19.414715,16.708672,12.80035,14.419798,10.691672,9.614551,7.6004834,9.872829,9.606077,14.064763,16.298653,19.61456,22.254374,24.411516,27.283638,26.78311,24.38259,20.988302,23.366112,19.068523,22.694485,18.713371,22.893736,27.171192,23.787659,20.329285,21.180826,15.554187,15.864621,13.845445,13.425259
7,19.94484,18.178455,13.901132,11.963057,9.985438,6.0140295,4.9956484,0.0,5.6383777,7.0284557,10.297425,13.257316,12.002224,12.960216,7.258533,8.296046,6.9138284,8.022829,11.281189,12.495503,16.35333,18.157005,22.426056,23.549603,27.935797,26.234446,23.093502,19.708145,18.575306,17.649971,17.850195,19.417376,17.912819,23.60385,23.564596,27.366467,28.475458,29.871199,25.596462,22.14134,25.710453,21.453205,22.645784,24.01204,22.60697,25.761696,26.42723,30.27015,32.15894,33.54612,33.39622,33.298046,31.663513,33.001232,27.693531,23.930937,25.16712,24.64677,29.274998,27.988798,24.430428,27.513456,27.196918,26.66354,30.199322,26.598145,29.963854,27.329489,30.662474,28.899824,24.62356,24.918728,21.108343,21.984201,18.716951,18.556042,18.691273,15.987287,15.681872,18.968784,16.47159,12.915622,16.129381,13.229768,12.229824,11.721802,13.254169,13.865401,18.089643,20.184826,23.77065,26.178343,28.646591,31.432875,30.601727,28.33107,24.814663,26.799019,22.230007,25.381306,20.90893,24.433334,28.575596,24.452286,21.247005,20.976173,16.370735,15.192488,13.536219,11.545385
8,22.27131,21.06082,17.403889,14.492905,12.852124,9.59749,6.588043,5.6383777,0.0,5.0144377,6.2774377,9.887473,10.23827,10.9031515,8.875578,5.3877783,7.5996404,6.7252297,12.398737,12.556858,16.594627,19.26642,22.409962,24.392044,27.95206,25.255291,21.404114,18.333918,15.949106,16.203156,14.269875,17.330105,15.293605,21.077982,21.019054,24.437273,25.349926,26.212236,21.760998,17.98286,22.057274,17.307775,19.493694,20.772827,20.352499,23.373894,24.914421,28.276922,30.695072,32.258377,31.836931,32.128685,30.006334,31.344152,26.367802,23.052156,23.788704,23.819818,28.525656,26.56562,22.911522,24.853237,24.134493,22.963982,26.347174,22.081951,25.133688,22.403587,25.47693,23.729475,19.408234,19.437235,15.87602,16.701654,13.950425,13.980133,14.930297,12.883516,13.679804,17.25658,15.834235,12.518895,14.365902,11.601487,8.949398,10.369314,9.4324665,11.7713375,15.270557,17.905567,21.310526,23.914017,26.784864,28.867456,27.556921,24.965342,21.465584,22.603815,17.866005,20.679707,15.755309,19.049152,23.048151,18.845642,15.66758,15.462396,10.817525,9.959065,9.025595,8.013683
9,26.206871,24.834743,20.668522,18.392132,16.462088,12.747094,10.377593,7.0284557,5.0144377,0.0,4.7311444,7.0969334,6.626052,9.125947,7.280444,7.453417,10.60191,11.377144,16.21649,17.30399,21.238081,23.828732,27.255196,29.076338,32.838943,30.25999,26.401571,23.24495,20.809343,20.76558,18.338413,20.293573,16.953867,23.217844,21.992281,25.913795,25.957941,27.112349,22.935947,19.546148,24.509228,20.42805,23.052994,25.060308,24.540287,28.021326,29.752165,33.046196,35.48028,36.86548,36.25817,36.27149,33.89599,34.82823,29.742336,26.272696,27.757915,28.070318,32.874756,31.189808,27.501259,29.306498,28.164549,26.997866,29.786417,25.334915,27.808659,24.567368,27.522665,26.459883,22.172184,21.010834,17.527374,16.98285,13.983782,12.628567,12.820978,10.945538,12.034476,15.975418,14.98978,12.43165,15.667861,14.017293,12.195771,14.32025,13.925852,16.780796,20.178827,22.808926,26.225672,28.769688,31.73596,33.715256,32.235634,29.61277,26.141304,26.828419,22.04815,24.43298,19.104452,21.652718,25.16791,20.316097,17.659224,15.71947,12.717003,9.771326,9.0067625,5.661413
10,27.283371,26.626211,22.600306,20.247465,18.887178,15.127821,12.745535,10.297425,6.2774377,4.7311444,0.0,3.6852505,5.337818,6.319189,8.711124,5.825061,10.953295,11.549461,16.516233,17.906305,21.380886,24.820307,27.341316,29.94157,32.976154,30.029203,26.054695,23.525745,20.413824,21.645065,18.177998,21.805002,18.58479,24.56381,23.573732,26.977053,26.924906,27.475904,23.198643,19.524158,24.695658,20.007893,23.348343,24.645203,25.10691,27.879377,29.913357,32.89996,35.64906,37.385395,36.82259,37.336212,34.87271,36.038544,31.30729,28.234856,28.973335,29.360546,34.03467,31.70287,28.084562,29.124369,28.041368,26.208569,29.163517,24.072798,26.239319,23.121176,25.505663,24.175402,19.950699,18.50494,15.856295,14.900806,13.167627,11.492569,12.893658,12.282373,14.522863,18.497992,18.308285,15.939606,18.040415,16.298294,13.312959,16.065002,13.63217,16.639818,19.21114,21.637135,25.020842,27.295452,30.60978,32.151974,30.237072,27.804836,24.37579,24.57609,19.85116,21.550175,16.377777,18.118298,21.573008,16.542778,14.123266,12.383571,10.439802,7.566444,9.104501,6.874404
11,30.413454,29.91402,25.676865,23.644012,22.324572,18.359066,16.249918,13.257316,9.887473,7.0969334,3.6852505,0.0,3.659878,5.2784986,9.930951,8.640171,13.800214,14.994357,19.486122,21.405783,24.674534,28.306614,30.712954,33.46278,36.379837,33.43063,29.471539,27.098387,23.839094,25.26002,21.424948,24.967716,21.263083,27.277012,25.784529,29.22608,28.654745,29.14219,25.080276,21.626219,27.204659,22.746893,26.434574,27.824326,28.510937,31.252985,33.422775,36.29261,39.129982,40.900017,40.2794,40.817345,38.22539,39.270473,34.603863,31.57478,32.438667,32.949276,37.62466,35.232597,31.628838,32.404533,31.167194,29.145414,31.83785,26.509605,28.209444,24.924927,26.943226,25.933878,21.882433,19.67232,17.566566,15.610334,14.430049,11.766736,13.072966,13.262812,15.9492855,19.92641,20.243254,18.379484,20.759443,19.476751,16.628109,19.649939,17.077044,20.171814,22.495745,24.783482,28.147934,30.253181,33.701523,35.061714,32.928997,30.612059,27.250807,27.092928,22.479622,23.656292,18.559395,19.444939,22.428337,17.101534,15.326685,12.605226,12.507356,8.823112,11.150974,8.434748
12,29.591763,28.998173,24.405819,22.94124,21.601814,17.314623,15.864111,12.002224,10.23827,6.626052,5.337818,3.659878,0.0,4.3286977,7.2368965,8.791222,12.974411,15.1831045,18.871939,21.54922,24.739788,28.197355,31.079523,33.557674,36.843918,34.369713,30.703716,28.161179,25.362038,26.353626,23.392666,26.427605,22.845984,29.060825,27.52511,31.286407,30.799553,31.619087,27.557343,24.15841,29.60179,25.20575,28.475317,29.90631,30.136812,32.97541,34.73999,37.914158,40.539566,42.28358,41.81245,42.188206,39.810547,40.883846,35.970318,32.661655,33.767815,34.011124,38.725304,36.586666,32.95462,34.317646,33.290394,31.536665,34.4347,29.339602,31.320866,28.046846,30.289806,29.191027,25.043444,23.110085,20.688444,18.95496,17.240896,14.5975,15.240649,14.818401,16.888792,20.900787,20.672392,18.666983,21.872395,20.431976,18.067575,20.446646,18.740412,21.190157,24.000433,26.063427,29.669338,31.673578,35.01823,36.78577,34.84874,32.715187,29.2368,29.607616,24.926004,26.391302,21.447498,22.6658,25.884026,20.632666,18.682076,16.219385,15.526465,11.914529,13.3344965,9.824463
13,27.97304,28.045689,23.525822,22.318565,21.582283,17.22639,16.230356,12.960216,10.9031515,9.125947,6.319189,5.2784986,4.3286977,0.0,7.560545,7.265245,11.519203,14.098253,17.001997,20.378359,22.936144,26.982761,29.284101,32.266125,35.07019,32.709442,29.319662,27.317907,24.4588,26.257362,23.474016,27.721447,24.8246,30.786034,29.876167,33.287907,33.182457,33.664375,29.412182,25.701595,30.787695,25.76691,29.038704,29.581444,30.294321,32.349327,33.894184,37.0397,39.709724,41.806496,41.59941,42.38821,40.257046,41.71816,36.973614,33.838345,34.23275,34.18695,38.716972,36.15208,32.638588,33.882538,33.29038,31.214108,34.63412,29.340393,31.48866,28.601515,30.535042,28.83133,24.746525,23.309574,21.410192,20.081974,19.086004,16.857065,18.233383,18.005596,20.227114,24.259449,23.908934,21.498041,24.12611,22.11722,19.141188,21.166193,18.542051,20.168724,22.556673,24.071478,27.777376,29.355299,32.843803,34.589577,32.505226,30.828892,27.355883,27.93412,23.418447,24.549196,20.296598,21.181925,24.68114,19.71044,17.740839,16.49147,15.796705,13.206257,15.377582,12.713445
14,23.534319,22.830448,17.913061,17.291283,16.203548,11.613044,11.678618,7.258533,8.875578,7.280444,8.711124,9.930951,7.2368965,7.560545,0.0,7.3700223,8.027135,11.685719,13.614904,17.26847,20.161722,23.167738,26.74103,28.694578,32.50899,30.933268,27.956968,25.266298,23.520962,23.875841,22.985626,25.71663,23.375278,29.43643,28.758074,32.635113,33.03642,34.18835,29.905344,26.325098,30.805754,26.1507,28.300135,29.248522,28.718937,31.303108,32.112736,35.817936,37.96134,39.738594,39.696613,39.966095,38.237938,39.655727,34.47814,30.856983,31.823368,31.345295,35.91736,34.12052,30.581469,33.08914,32.775017,31.551739,35.171238,30.722729,33.592804,30.73801,33.478363,31.718811,27.407999,26.793917,23.76334,23.38626,20.955204,19.42661,19.820988,18.130022,18.93361,22.75045,21.129654,18.232645,21.85772,19.470768,17.656416,18.263672,17.912687,18.59596,22.153538,23.684406,27.584751,29.405336,32.371906,34.950424,33.574577,31.806236,28.195961,29.815132,25.169724,27.415407,23.060352,25.369822,29.359682,24.658041,21.96777,21.057487,18.296368,15.987421,16.061993,12.876543
15,21.910742,21.769794,17.767595,15.758147,15.128498,11.238932,9.8363085,8.296046,5.3877783,7.453417,5.825061,8.640171,8.791222,7.265245,7.3700223,0.0,5.592754,6.8839517,10.91261,13.245713,16.170223,20.029736,22.413435,25.245623,28.175941,25.733936,22.309584,20.128542,17.552832,19.215302,17.286543,21.92509,20.217783,25.771023,25.905567,29.030508,29.870478,30.347591,25.834034,21.846931,25.955124,20.564365,23.098284,23.22282,23.640236,25.529385,26.792343,30.115168,32.638744,34.721237,34.64676,35.47704,33.622406,35.358974,30.629368,27.544336,27.497742,27.17771,31.625,29.076056,25.58701,27.251019,27.034443,25.266651,29.189997,24.405006,27.341759,24.893164,27.342592,25.04819,20.806198,20.813906,18.2324,18.616117,17.032503,16.418837,18.013176,16.81221,18.318863,22.109058,21.015913,17.83601,19.597857,16.72605,13.496725,14.653313,12.068904,13.00608,15.791854,17.478144,21.24405,23.133648,26.388016,28.451523,26.774061,24.895517,21.313166,22.606705,17.983292,20.060669,15.927348,18.30968,22.551334,18.292707,15.331842,15.861327,12.445353,11.725431,12.721356,11.404517
16,16.697964,16.569857,12.326289,10.9828615,10.926433,6.9107375,7.497422,6.9138284,7.5996404,10.60191,10.953295,13.800214,12.974411,11.519203,8.027135,5.592754,0.0,4.7783003,5.9460187,9.7061825,12.223306,15.750721,18.814589,21.187403,24.616924,23.08737,20.439766,18.191185,16.851751,17.855412,18.166948,22.320639,21.789143,26.96335,27.776068,30.905373,32.387085,33.12665,28.59631,24.660341,27.838247,22.491596,23.892603,23.527422,23.219324,24.749298,25.018538,28.81626,30.84667,32.96551,33.31117,34.065083,32.845757,34.887566,30.02405,26.749683,26.49738,25.467882,29.696264,27.463465,24.134829,26.872246,27.354908,26.133497,30.579086,26.535172,30.092846,28.051237,30.80919,28.11941,23.956255,24.92437,22.011639,23.211674,21.153547,21.097528,22.307528,20.39837,21.009432,24.49862,22.484158,18.832386,20.766691,17.25344,14.770525,14.022556,12.99896,11.65915,15.138236,16.107452,20.089787,21.734066,24.53986,27.3988,26.319439,24.858679,21.268562,23.760895,19.438791,22.129854,18.83962,21.938484,26.49815,22.845675,19.617771,20.940493,16.569942,16.541836,16.497164,15.261976
17,16.25163,15.804359,12.715107,9.686004,9.453244,7.002185,5.6865425,8.022829,6.7252297,11.377144,11.549461,14.994357,15.1831045,14.098253,11.685719,6.8839517,4.7783003,0.0,6.434197,6.4342194,9.977324,13.32892,16.043549,18.497551,21.74768,19.483152,16.276875,13.801421,12.165678,13.31921,13.550615,18.23102,18.390589,23.037634,24.44986,27.147242,29.04816,29.580708,25.035873,21.060966,23.627441,18.168188,19.30939,18.757793,18.532509,20.06309,20.627157,24.309616,26.489677,28.556456,28.762732,29.609583,28.277676,30.396843,25.70507,22.67569,22.028704,21.138601,25.399342,22.981192,19.589884,22.12456,22.587463,21.418852,25.937742,22.136385,25.926071,24.157375,27.050705,24.214283,20.143206,21.785479,18.743528,20.789265,18.767527,19.618977,21.078133,19.097599,19.601036,22.745146,20.813923,17.068989,17.783802,13.974837,11.100227,10.088874,8.514033,7.028334,10.747259,12.382514,16.158234,18.335068,21.06577,23.71782,22.746286,20.814125,17.242249,19.716043,15.397819,18.576273,15.287696,19.06946,23.660038,20.543268,17.077475,19.12399,13.82062,14.989524,14.537658,14.581525
18,11.11408,11.87758,8.53338,7.6920147,9.407588,7.5055866,9.5207205,11.281189,12.398737,16.21649,16.516233,19.486122,18.871939,17.001997,13.614904,10.91261,5.9460187,6.434197,0.0,6.4056067,7.025281,10.844533,13.625928,16.107042,19.353947,18.628567,17.006123,15.411952,15.270167,16.465528,18.682833,23.238605,24.21157,28.45646,30.27629,32.891743,35.107677,35.700233,31.1937,27.265469,29.25126,23.786383,24.203444,22.676687,22.265753,22.645758,21.886118,25.873617,27.483137,29.876444,30.760567,31.835533,31.353815,33.915257,29.374107,26.390882,25.20541,23.428648,27.073118,24.73058,21.83059,25.144613,26.545702,25.583498,30.63664,27.282467,31.318819,29.989826,32.709377,29.409351,25.579483,27.672245,24.946644,27.04048,25.182055,25.835278,27.223772,25.153564,25.419773,28.528687,26.135052,22.258951,23.363367,19.367323,17.105324,14.912473,14.187786,10.319928,13.367178,13.087318,16.990524,18.093018,20.415781,23.888945,23.363668,22.551855,19.178354,22.77481,19.160954,22.103548,20.189579,23.653294,28.404848,25.695227,22.350046,24.934233,19.983824,21.113615,20.861677,20.40267
19,11.338775,10.867052,9.756213,5.939102,7.258415,8.164583,8.324971,12.495503,12.556858,17.30399,17.906305,21.405783,21.54922,20.378359,17.26847,13.245713,9.7061825,6.4342194,6.4056067,0.0,4.6451464,7.003293,10.043077,12.066206,15.623811,13.924502,11.570572,9.197972,9.679967,10.21581,13.642565,17.988445,20.143547,23.42643,26.044012,28.122808,30.927332,31.42075,27.068151,23.344225,24.240128,19.08238,18.614859,16.938469,16.091208,16.566132,15.835964,19.922567,21.531998,23.708221,24.440645,25.45272,24.96999,27.617868,23.242334,20.520508,18.889647,17.071594,20.760502,18.442942,15.460537,19.068197,20.58156,20.096304,25.141855,22.567947,26.931135,25.992466,28.988682,25.688334,22.123878,25.036613,22.048588,25.107637,23.082766,24.747784,26.132965,23.844378,23.711573,26.21119,23.760921,19.901981,19.649788,15.46858,13.48957,10.332308,10.266559,5.260411,8.789846,9.388382,12.735617,14.814218,16.660633,20.075497,20.022844,18.445913,15.234846,19.017452,15.680061,19.395723,17.589108,21.911652,26.498827,24.484304,20.972088,24.026289,18.16441,20.344694,19.322657,20.06102
20,8.505009,9.820844,9.929966,7.8232245,10.437753,11.550763,12.674966,16.35333,16.594627,21.238081,21.380886,24.674534,24.739788,22.936144,20.161722,16.170223,12.223306,9.977324,7.025281,4.6451464,0.0,5.3939567,6.6433744,9.76572,12.434349,11.728586,10.933939,10.259644,11.545829,13.045969,16.952099,21.861128,24.494865,27.317646,30.30064,32.04702,35.05961,35.337814,31.023275,27.278563,27.726357,22.43429,21.728544,18.931875,18.570902,17.550339,15.865715,19.85039,21.130442,23.77945,25.089888,26.612751,26.77319,29.849792,25.9663,23.66122,21.200056,18.848179,21.720938,19.060015,16.73298,20.301683,22.60877,21.988874,27.437288,25.088448,29.503075,29.056957,31.705149,27.940493,24.70382,28.042374,25.554886,28.717966,27.137447,28.775248,30.39729,28.28688,28.305756,30.838879,28.398357,24.535751,24.157053,19.977211,17.892715,14.75131,14.037322,8.345489,9.989852,8.5610695,11.692013,12.650579,14.167031,18.116352,18.377197,17.82908,14.948315,19.48501,16.945936,20.243734,19.746368,23.685713,28.311636,26.83851,23.470694,27.21454,21.664309,24.13236,23.571545,24.297523
21,7.068205,6.574515,9.185231,6.9654856,9.521295,12.594346,13.940297,18.157005,19.26642,23.828732,24.820307,28.306614,28.197355,26.982761,23.167738,20.029736,15.750721,13.32892,10.844533,7.003293,5.3939567,0.0,5.879331,5.540155,10.331236,10.812464,10.979688,9.588394,12.764485,12.1254425,17.990444,21.125017,24.636208,26.713717,30.103792,31.72199,35.155483,35.727005,31.685953,28.338604,27.927538,23.460176,21.60922,19.192253,17.58556,16.855297,14.166851,18.468607,18.916052,21.04645,22.563099,23.592031,24.355251,27.430267,23.592783,21.295637,18.941084,15.999622,18.433748,16.767128,14.837159,19.606134,22.169395,22.535831,27.674387,26.42376,31.0373,30.75233,33.758945,30.247864,27.207441,30.819454,27.902742,31.431017,29.328281,31.338137,32.54502,30.000383,29.350746,31.357136,28.45295,24.66446,24.068344,19.98118,19.013985,14.860206,16.13212,10.729997,12.638881,11.765516,13.708762,14.996809,15.238546,19.504595,20.646814,19.839718,17.463293,22.129347,19.990047,23.715166,23.110527,27.503208,31.953772,30.65594,27.209784,30.681967,24.670485,27.136467,25.75955,26.614973
22,9.94955,11.550528,14.2752,12.390268,14.942818,17.369106,18.19027,22.426056,22.409962,27.255196,27.341316,30.712954,31.079523,29.284101,26.74103,22.413435,18.814589,16.043549,13.625928,10.043077,6.6433744,5.879331,0.0,5.2520013,5.8223042,6.1356287,8.093958,9.408645,12.378865,13.755596,18.843966,23.45822,27.365597,28.788858,32.660362,33.59026,37.215935,37.235924,33.253178,29.845148,28.880623,24.121084,22.341375,18.421703,18.098108,15.335551,12.192419,15.848037,16.380718,19.327694,21.303673,23.346785,24.439926,28.007212,25.070726,23.632927,19.963337,17.010384,18.476719,15.655898,14.523503,18.180767,21.49921,21.362581,26.891714,25.764835,30.30229,30.721405,33.172287,29.129086,26.641209,30.859903,28.705477,32.530727,31.21231,33.46085,35.181187,33.08057,32.896103,34.936188,32.484615,28.778025,27.403605,23.369312,21.674667,18.139421,17.657845,11.949378,11.664032,9.221839,10.027266,10.218765,9.847396,14.374753,15.860768,15.961652,14.208353,19.318447,18.288822,21.48032,22.39906,26.365097,30.631298,30.249828,27.056808,31.484713,25.8128,29.022741,28.286644,29.677074
23,9.631444,9.665064,13.861132,12.236304,14.512218,18.01901,19.125095,23.549603,24.392044,29.076338,29.94157,33.46278,33.557674,32.266125,28.694578,25.245623,21.187403,18.497551,16.107042,12.066206,9.76572,5.540155,5.2520013,0.0,5.9418616,8.2456875,10.613175,10.641545,14.789138,14.078008,20.545397,23.35015,27.769587,28.71917,32.756226,33.720646,37.60527,37.986866,34.246544,31.19412,29.7075,25.738403,23.090355,19.921606,18.294044,16.270916,12.33112,16.212198,15.734476,17.90588,20.053493,21.396757,23.100155,26.537834,23.582277,22.074167,18.796171,15.335817,16.284353,14.830878,14.128948,18.970373,22.276371,23.09442,28.156225,27.909199,32.554745,32.91787,35.753857,32.07259,29.603783,33.81035,31.16609,35.131847,33.24786,35.662903,36.951786,34.443184,33.671574,35.30503,32.423916,28.808811,27.492357,23.60655,22.899931,18.648674,19.882572,14.558049,15.146891,13.664199,14.083878,14.802117,13.603328,17.980059,20.024996,19.6993,18.218605,23.118439,22.054735,25.627098,26.008478,30.360828,34.548546,34.01398,30.702002,34.663662,28.61724,31.58699,30.15282,31.452705
24,13.434746,14.926748,18.80753,17.29115,19.723536,22.714851,23.513916,27.935797,27.95206,32.838943,32.976154,36.379837,36.843918,35.07019,32.50899,28.175941,24.616924,21.74768,19.353947,15.623811,12.434349,10.331236,5.8223042,5.9418616,0.0,5.4838724,10.128238,12.483545,16.075594,16.985563,22.519308,26.505472,31.14948,31.563992,35.957676,36.314495,40.32771,40.21148,36.56221,33.490395,31.541018,27.401335,24.879805,20.476404,20.064484,16.226183,11.99593,14.73727,14.133506,17.106472,19.756088,22.12856,24.176384,28.008354,26.015297,25.32194,20.986605,17.705582,17.584053,15.095497,15.366556,18.82991,22.76726,23.128578,28.383642,28.323925,32.79609,33.82059,36.098175,31.990562,30.102562,34.779556,32.84574,37.011467,35.817642,38.39971,40.11786,37.994343,37.62653,39.311584,36.818287,33.260944,31.366875,27.537891,26.22448,22.524227,22.37042,17.002718,15.981166,13.451636,12.564888,12.007353,9.639335,13.94291,16.54194,17.275385,16.691849,21.708523,21.804594,24.733114,26.49328,30.349293,34.26813,34.585503,31.557974,36.281815,30.609201,34.14455,33.263214,34.963562
25,15.928262,16.908487,19.857256,17.167559,19.077534,21.760675,21.616274,26.234446,25.255291,30.25999,30.029203,33.43063,34.369713,32.709442,30.933268,25.733936,23.08737,19.483152,18.628567,13.924502,11.728586,10.812464,6.1356287,8.2456875,5.4838724,0.0,5.0376406,8.507773,11.487022,13.341444,17.943533,22.679407,27.294247,27.463585,31.9432,31.981852,35.946804,35.536022,31.92219,28.862656,26.778936,22.532152,20.217783,15.343012,15.698786,11.266724,7.6963773,10.398738,10.975032,14.407436,16.554218,19.357939,20.671453,24.538227,22.650799,22.235926,17.463556,14.73257,15.123277,11.448417,11.378631,13.902055,17.82882,17.821741,23.196682,22.997503,27.409578,28.596228,30.735477,26.602062,24.905378,29.758865,28.064426,32.39631,31.520445,34.341293,36.25445,34.40149,34.285934,35.897045,33.83563,30.440277,27.936281,24.267937,22.562456,19.435368,18.41317,13.614367,11.635297,9.512617,7.6814027,8.066013,5.952713,9.900092,12.279973,12.158344,11.630333,16.472742,16.797762,19.78029,21.678432,25.556541,29.263845,29.89071,26.979038,31.87313,26.314116,30.234129,29.498753,31.689587
26,17.229692,17.536354,19.450289,15.856824,17.116623,19.412298,18.427612,23.093502,21.404114,26.401571,26.054695,29.471539,30.703716,29.319662,27.956968,22.309584,20.439766,16.276875,17.006123,11.570572,10.933939,10.979688,8.093958,10.613175,10.128238,5.0376406,0.0,4.532162,6.559733,9.276274,12.972843,18.338158,22.676943,23.033133,27.36119,27.4443,31.24226,30.761847,27.044,23.895138,22.078009,17.56146,15.594084,10.760985,11.557964,7.6504397,6.0041113,9.205463,11.207479,14.315748,15.519815,18.097197,18.328104,21.939173,19.590105,18.9834,14.399484,12.383955,14.064464,9.834567,8.433714,10.4432745,13.824877,13.447738,19.00854,18.274124,22.775316,23.706436,26.005436,22.005976,20.080078,24.86595,23.05596,27.443747,26.588364,29.527653,31.482111,29.755405,29.783213,31.38139,29.613634,26.338535,23.541058,19.980303,17.978527,15.350963,13.748935,9.652528,7.2478228,6.5550466,4.858587,7.5963693,7.5660634,10.245259,11.481023,9.6591835,8.268228,12.7703905,12.421417,15.895152,17.085299,21.271624,24.97742,25.399334,22.433226,27.15602,21.527266,25.579319,24.815239,27.291445
27,16.51832,15.732329,17.195427,13.009452,13.600818,16.179005,14.840034,19.708145,18.333918,23.24495,23.525745,27.098387,28.161179,27.317907,25.266298,20.128542,18.191185,13.801421,15.411952,9.197972,10.259644,9.588394,9.408645,10.641545,12.483545,8.507773,4.532162,0.0,4.665121,4.9539356,10.1888275,14.501167,18.862352,19.589159,23.739588,24.293331,28.056036,27.995823,24.184439,21.05982,19.548004,15.22057,12.958605,9.6644,8.823196,7.630508,6.863277,10.8590145,12.709293,14.869037,15.478434,17.056236,16.76317,19.961021,16.671638,15.337605,11.604246,9.669918,12.712543,9.477721,6.6738086,10.306602,12.72567,12.9952135,18.16734,17.353056,22.01344,22.28206,25.18754,21.732208,19.265162,23.593658,21.017963,25.342667,23.805609,26.761824,28.340849,26.270552,25.936256,27.411396,25.394718,22.09615,19.432762,15.789472,14.285805,11.127076,10.865755,7.160995,6.805912,8.127874,8.2684555,11.528995,12.033161,14.63526,15.47546,12.911151,10.847419,14.569115,12.935496,17.03458,16.589828,21.314156,25.150272,24.788567,21.570389,25.499418,19.412592,23.065004,21.668663,24.028746
28,19.20025,18.734503,19.071594,14.717546,14.915933,16.304913,14.132728,18.575306,15.949106,20.809343,20.413824,23.839094,25.362038,24.4588,23.520962,17.552832,16.851751,12.165678,15.270167,9.679967,11.545829,12.764485,12.378865,14.789138,16.075594,11.487022,6.559733,4.665121,0.0,5.817084,6.773522,13.432382,16.816422,18.097122,21.82598,22.381172,25.720331,25.324678,21.285437,17.821024,17.069408,11.836568,10.990687,7.563964,8.651948,8.096805,9.715582,12.600448,15.369827,17.592844,17.618347,19.360247,18.099194,20.933783,17.626137,16.316957,13.020787,12.347012,15.801439,12.113466,9.028936,10.213369,11.583815,10.546773,15.928043,13.797445,18.368526,18.41282,21.151516,17.570002,14.840655,19.117529,16.806606,21.108627,20.044964,23.004147,24.944065,23.314621,23.549374,25.27839,23.86699,20.708595,17.832876,14.359528,11.749161,10.110725,7.3776793,5.247618,3.5282369,6.832283,7.506921,11.244012,12.986151,14.568873,14.317517,11.049787,8.333028,11.080433,8.606609,12.873237,11.934659,16.710243,20.55927,20.138388,16.960093,21.084055,15.196292,19.214954,18.335804,21.052534
29,18.973509,17.144867,17.849213,13.175475,12.5257845,15.05581,12.814182,17.649971,16.203156,20.76558,21.645065,25.26002,26.353626,26.257362,23.875841,19.215302,17.855412,13.31921,16.465528,10.21581,13.045969,12.1254425,13.755596,14.078008,16.985563,13.341444,9.276274,4.9539356,5.817084,0.0,7.3367944,9.723258,14.196939,15.051143,19.048382,19.936888,23.654259,23.958382,20.171993,17.245958,15.900124,12.155536,9.560138,8.769669,6.0790157,8.7348175,9.649863,13.139445,15.030588,16.138988,15.830849,16.330984,15.063435,17.513287,13.312578,11.249612,8.904253,8.049232,12.469632,10.493482,6.835026,10.526714,11.307041,12.224983,16.44521,15.6910305,20.25877,19.881634,23.349554,20.678032,17.913536,21.661413,18.378801,22.650984,20.468433,23.601097,24.756277,22.425957,21.705254,22.840492,20.775316,17.666761,14.66751,11.20122,10.470268,7.1354914,8.755962,7.575294,8.889849,11.74578,12.392671,15.982106,16.801716,18.90136,19.376505,16.083796,13.873531,16.344038,13.91555,18.23524,16.240065,21.248636,24.861004,23.91591,20.654112,23.581553,17.257896,20.51174,18.351692,20.863466
30,24.35111,23.046005,22.523972,17.857447,16.799683,17.546638,14.093181,17.850195,14.269875,18.338413,18.177998,21.424948,23.392666,23.474016,22.985626,17.286543,18.166948,13.550615,18.682833,13.642565,16.952099,17.990444,18.843966,20.545397,22.519308,17.943533,12.972843,10.1888275,6.773522,7.3367944,0.0,8.41024,10.6901865,12.2185335,15.442939,16.110048,19.099653,18.740826,14.574067,11.075779,10.987834,5.5278926,6.1338816,6.8111515,7.4798346,10.711396,14.099966,16.10931,19.060072,20.255901,19.159554,19.96409,17.289371,18.975506,15.236273,13.708915,12.215395,13.372522,17.551731,14.8596945,11.47263,11.294842,9.937305,8.93555,12.544341,9.656909,13.935035,12.949441,16.432993,14.045259,10.894188,14.35635,11.182514,15.705424,14.211315,17.711096,19.40862,17.902481,18.141727,19.45334,18.710983,16.182,12.366319,9.82918,7.147845,7.9581146,5.288977,8.852093,8.986423,12.988741,13.708597,17.44926,19.340534,20.061827,19.315529,15.263731,12.911484,13.0462,9.819747,13.724866,10.3046875,15.19942,18.340494,17.296434,14.283241,16.995958,11.021349,14.946555,13.378329,16.895103
31,27.501719,24.858036,24.582722,19.94593,17.853136,19.44342,15.949457,19.417376,17.330105,20.293573,21.805002,24.967716,26.427605,27.721447,25.71663,21.92509,22.320639,18.23102,23.238605,17.988445,21.861128,21.125017,23.45822,23.35015,26.505472,22.679407,18.338158,14.501167,13.432382,9.723258,8.41024,0.0,6.039175,5.621536,9.518473,10.680716,14.354282,15.308273,12.0074,10.339372,8.898765,8.634373,6.270397,11.478554,8.251483,14.368375,17.180687,19.122324,21.108671,20.77252,18.933815,17.856197,14.581448,14.717434,9.839038,7.2732067,9.553797,11.922611,16.320707,16.0665,13.004116,14.180801,11.67672,13.3097515,14.117815,13.91238,17.239897,15.713714,19.908066,19.328941,16.817148,18.972534,14.894729,18.729065,15.661676,19.29849,19.516039,17.122988,15.699239,15.3971615,14.077839,12.456468,7.321806,6.72824,8.58932,8.536049,11.529,14.818053,16.367035,20.134317,20.680222,24.495674,25.587366,26.670855,26.63127,22.508297,20.618307,20.85689,18.150064,21.899942,18.07097,22.624794,25.076672,23.615675,20.902664,21.649042,16.06851,18.339142,14.909331,18.061272
32,30.378424,27.776957,26.397806,22.015419,19.503864,19.79852,15.862606,17.912819,15.293605,16.953867,18.58479,21.263083,22.845984,24.8246,23.375278,20.217783,21.789143,18.390589,24.21157,20.143547,24.494865,24.636208,27.365597,27.769587,31.14948,27.294247,22.676943,18.862352,16.816422,14.196939,10.6901865,6.039175,0.0,6.3812675,6.072498,9.456643,11.188119,12.706907,8.961146,7.1706495,9.526888,9.442259,10.2459755,15.622456,13.689038,19.42812,22.534645,24.520868,26.809267,26.691212,24.807186,23.774242,20.249395,19.856228,15.272941,12.665529,15.584297,17.86989,22.351177,21.850359,18.614166,19.237156,16.295904,16.865898,17.038372,15.273775,17.575474,14.732,18.959389,19.333008,16.378292,16.730177,12.17546,14.770242,10.909266,14.218218,13.870766,11.471112,10.058492,9.697657,9.334551,8.563257,3.130591,5.4761143,7.3822813,10.013312,12.179865,16.975208,18.988169,22.985172,24.193485,27.941202,29.670692,30.626825,29.990732,25.848019,23.585741,23.128178,19.72049,22.96333,17.941357,21.870132,24.002954,21.544815,19.119759,18.186579,13.453305,14.380641,10.44262,13.534996
33,33.122704,30.436628,30.055943,25.463572,23.223448,24.48827,20.783024,23.60385,21.077982,23.217844,24.56381,27.277012,29.060825,30.786034,29.43643,25.771023,26.96335,23.037634,28.45646,23.42643,27.317646,26.713717,28.788858,28.71917,31.563992,27.463585,23.033133,19.589159,18.097122,15.051143,12.2185335,5.621536,6.3812675,0.0,5.3996587,5.132529,9.2393465,10.312516,8.106035,8.50241,6.064157,9.621481,8.254516,14.347187,12.031728,17.886179,21.309574,22.372355,24.415022,23.575048,21.132002,19.675514,15.655984,14.470638,10.793848,9.673129,12.682576,15.892858,19.55142,19.632338,17.123213,16.876253,13.285671,14.942286,13.469058,14.011784,15.986162,14.220274,18.336937,19.115065,17.376585,18.670942,14.941329,18.305956,15.472601,19.297993,19.14076,17.27976,15.8457985,14.371264,14.291755,14.192701,8.566139,10.446248,12.362074,13.724906,15.802738,19.89924,20.963053,24.838112,25.035242,28.855717,29.947128,30.404646,30.179598,25.799603,24.308308,23.50637,21.198622,24.360907,20.361134,24.259462,25.757536,24.545288,22.44757,22.298904,17.84105,19.740427,16.311525,19.779222
34,36.05091,33.242935,32.123108,27.75604,25.160759,25.663395,21.804304,23.564596,21.019054,21.992281,23.573732,25.784529,27.52511,29.876167,28.758074,25.905567,27.776068,24.44986,30.27629,26.044012,30.30064,30.103792,32.660362,32.756226,35.957676,31.9432,27.36119,23.739588,21.82598,19.048382,15.442939,9.518473,6.072498,5.3996587,0.0,4.838544,5.741794,8.285579,6.549975,8.045791,9.068094,12.415447,12.860431,18.887323,16.978056,22.823538,26.269321,27.545666,29.692366,28.943953,26.52848,24.960775,20.954721,19.427168,15.805134,14.192625,17.874628,20.872227,24.742975,24.848597,22.123665,21.949015,18.284828,19.312916,17.585344,17.034224,18.09284,15.303003,19.26895,20.964445,18.98216,18.709404,14.81252,16.81181,13.45321,16.700953,15.743483,14.025101,12.375238,10.051927,11.090806,12.332055,7.669547,11.235692,13.396132,15.854946,17.88218,22.71881,24.264137,28.280937,28.98894,32.786926,34.2731,34.77407,34.20126,29.832998,28.04131,26.906618,24.089622,26.927515,22.121126,25.493114,26.682749,24.688442,22.902542,21.271917,17.795496,18.416145,14.736095,17.765993
35,38.12057,35.49554,34.91628,30.348595,28.037273,28.936321,25.07242,27.366467,24.437273,25.913795,26.977053,29.22608,31.286407,33.287907,32.635113,29.030508,30.905373,27.147242,32.891743,28.122808,32.04702,31.72199,33.59026,33.720646,36.314495,31.981852,27.4443,24.293331,22.381172,19.936888,16.110048,10.680716,9.456643,5.132529,4.838544,0.0,4.7975698,5.7907176,5.822382,8.705105,6.6928453,12.107764,11.981708,17.867706,16.427296,21.825539,25.634079,26.1407,28.300001,27.286263,24.54386,23.056435,18.738865,16.823105,14.439379,14.1768265,17.078241,20.536892,23.75532,23.813326,21.597193,20.390848,16.324688,17.579145,14.583819,15.270738,15.738967,13.743837,17.392864,19.449858,18.423306,18.729025,15.635823,18.225761,15.913391,19.599236,19.201197,18.062733,16.92705,14.722448,15.918943,16.913725,11.740019,14.567523,16.150286,18.368614,19.683907,24.312958,25.06054,28.990059,29.034649,32.806065,34.010193,33.97951,33.504223,29.012354,27.767033,26.146235,24.105085,26.670527,22.584421,25.746323,26.37128,25.344706,23.873762,22.923765,19.706177,21.20012,18.087002,21.6373
36,41.2752,38.67009,37.55556,33.122578,30.636848,30.932823,26.952412,28.475458,25.349926,25.957941,26.924906,28.654745,30.799553,33.182457,33.03642,29.870478,32.387085,29.04816,35.107677,30.927332,35.05961,35.155483,37.215935,37.60527,40.32771,35.946804,31.24226,28.056036,25.720331,23.654259,19.099653,14.354282,11.188119,9.2393465,5.741794,4.7975698,0.0,3.6559923,5.5523195,9.3777685,10.067581,14.767021,15.916079,21.680952,20.676977,26.011066,29.943163,30.537,32.86241,31.996796,29.27702,27.853464,23.525917,21.52788,19.160475,18.57168,21.704426,25.061049,28.464964,28.366941,25.974302,24.654068,20.533653,21.200262,18.101692,17.804674,17.367414,14.634928,17.843275,20.758688,19.71877,18.664476,15.832923,17.142319,14.927265,18.02212,17.162123,16.609497,15.754379,13.140854,15.498222,17.365705,13.143011,16.620592,18.008493,21.018616,21.955818,27.122272,28.051338,32.070995,32.431038,36.16158,37.701283,37.582573,36.771988,32.29181,30.875555,28.858809,26.53099,28.696402,24.118164,26.661173,26.832544,25.341024,24.305513,22.19655,20.13513,20.728954,17.820942,21.05866
