,0,1,2,3,4,5,6,7,8,9,10,11,12,13,14,15,16,17,18,19,20,21,22,23,24,25,26,27,28,29,30,31,32,33,34,35,36,37,38,39,40,41,42,43,44,45,46,47,48,49,50,51,52,53,54,55,56,57,58,59,60,61,62,63,64,65,66,67,68,69,70,71,72,73,74,75,76,77,78,79,80,81,82,83,84,85,86,87,88,89,90,91,92,93,94,95,96,97,98,99,100,101,102,103,104,105,106,107
0,0.0,3.6784074,6.950113,10.387674,13.289195,15.742732,19.133547,21.753399,25.691889,26.823381,33.092197,31.434937,35.03939,38.509445,33.80944,31.065702,28.211079,26.136282,21.94703,20.14111,16.24742,15.342132,11.753485,14.636045,14.219759,18.800371,19.87242,21.188759,20.835686,26.611446,24.640041,32.439198,30.233868,36.153286,35.493935,38.873894,39.724033,38.041985,38.576733,35.520664,36.300556,29.614553,30.427454,25.209461,27.742128,23.225277,24.698431,24.02986,27.323711,30.148802,32.326878,32.502666,37.63405,39.991886,37.51618,34.563686,37.417336,38.80263,44.57556,42.99785,39.53644,40.011337,36.718376,38.300083,35.206734,39.170795,37.196198,32.965794,30.437925,32.819744,29.913486,34.64489,33.59926,38.255157,37.07933,42.456577,43.3802,46.173244,46.797333,49.55522,48.637276,47.58552,42.3734,41.69243,36.27639,38.667866,32.26404,32.336254,28.405102,27.263355,24.31846,25.572046,24.963863,27.092398,27.655228,32.493404,32.37667,38.605858,38.891705,44.088432,43.996258,42.94584,39.857124,38.11398,33.25198,31.82325,28.0284,26.320238
1,3.6784074,0.0,3.9042585,7.350912,9.747655,12.835475,15.571987,18.525751,22.290398,23.682941,29.815329,28.265095,31.788881,35.127434,30.425697,27.510073,24.762384,22.494722,18.44825,16.576609,12.646451,12.1112385,8.463141,11.347121,11.827032,16.17451,17.63185,18.54784,17.681917,23.531483,21.438286,29.149714,26.923664,32.7737,32.03499,35.471836,36.220398,34.459213,34.98266,31.89087,32.75887,25.995949,26.924866,21.640812,24.432207,20.172075,21.759289,21.573061,24.589859,27.818405,29.44709,30.034952,35.064987,37.06464,34.605865,31.560589,34.211666,35.47838,41.273243,39.575466,36.083576,36.674633,33.492332,35.129936,32.35781,36.17355,34.43309,30.511093,27.770437,29.783592,26.62856,31.301504,30.100754,34.76021,33.48647,38.900204,39.760765,42.599567,43.176414,45.90642,44.962498,43.93932,38.710087,38.081738,32.652237,35.165443,28.74805,28.994991,25.167995,24.217667,21.546394,22.794079,21.98295,23.945158,24.276627,29.052822,28.801533,35.065258,35.26739,40.46776,40.400852,39.42512,36.318867,34.733055,29.725483,28.485277,24.632011,23.151806
2,6.950113,3.9042585,0.0,4.8080387,7.0136933,9.549699,12.8012495,14.888816,18.842966,19.908985,26.15841,24.55133,28.11274,31.6169,27.023943,24.289988,21.480188,19.733475,15.454624,14.578305,10.420746,11.263062,8.477573,10.909965,13.0774975,16.971949,18.543348,18.55467,16.599642,22.484629,19.461266,26.983381,24.086067,30.111216,28.964342,32.42426,33.07188,31.414743,32.26748,29.181562,30.531446,23.763681,25.28297,19.845634,23.549122,19.981798,21.90053,22.37582,24.761444,28.54011,29.279848,30.218643,35.10162,36.597725,33.88348,30.645815,33.138466,33.99235,39.79088,38.074345,34.51059,35.627758,32.76166,34.59054,32.455124,35.984756,34.650967,31.2709,28.17137,29.48562,25.936361,30.400627,28.723322,33.355453,31.623245,37.16014,37.570034,40.445892,40.76162,43.441555,42.48545,41.825638,36.469635,36.194527,30.726612,33.682064,27.311314,27.942299,24.481428,23.745554,21.6057,22.496061,21.05516,22.51081,22.761805,27.076319,26.570686,32.850975,32.7128,38.041904,37.72799,36.851566,33.626057,32.4177,27.171827,26.072659,22.444899,20.849674
3,10.387674,7.350912,4.8080387,0.0,4.2012258,5.6958146,9.498241,12.128335,15.896815,17.990473,23.594627,22.977133,26.20776,29.751873,25.60658,22.18218,20.136961,17.910303,14.606675,13.966186,10.020396,12.326693,9.214232,8.818909,11.960967,15.706851,16.238209,15.270194,12.805144,18.570446,15.054803,22.684353,19.924963,25.989965,25.303425,28.586529,29.654114,28.240911,28.811216,25.96326,26.884283,20.563715,22.04079,16.79355,20.772593,17.627043,20.608871,20.5641,22.12028,26.130323,26.370031,26.93783,31.778372,33.23837,30.056778,26.751472,29.559267,30.227247,35.975468,34.678474,31.137047,32.758877,30.085325,32.406624,30.49236,34.515347,33.716324,30.523182,27.810581,28.716627,24.18788,28.486559,26.228155,30.796885,28.715492,34.19491,34.375317,36.98545,37.41406,40.281506,39.70641,39.269573,33.96746,33.93093,28.465967,31.955051,25.519447,26.942936,23.642025,23.728777,22.141048,23.411417,21.932428,23.029667,22.399073,26.485521,25.333654,31.684328,31.004015,36.313477,36.123573,35.706585,32.38228,31.968088,26.162758,25.90024,22.223438,21.414938
4,13.289195,9.747655,7.0136933,4.2012258,0.0,5.6600065,5.862423,9.709605,12.873771,15.430193,20.781506,20.119978,23.220257,26.39418,22.100126,18.447613,16.479786,13.805453,10.787517,9.973188,6.289019,9.580352,7.647329,6.8955073,11.458992,13.997429,15.474412,14.105176,10.731011,16.386656,12.925964,20.172325,17.443617,23.268013,22.302086,25.783669,26.485422,24.775564,25.357742,22.32849,23.528671,16.856691,18.575008,13.153567,17.583797,15.045775,17.773348,18.796572,20.008537,24.461058,23.910233,25.363771,29.90038,30.733015,27.860954,24.483042,26.7211,27.264734,33.041164,31.349436,27.764194,29.35341,26.82601,29.026512,27.613352,31.137096,30.551872,27.877127,24.8202,25.201014,20.634277,24.782936,22.464539,27.026493,24.9284,30.475018,30.685408,33.483974,33.825043,36.580715,35.814903,35.283325,29.949883,29.881056,24.406984,27.89921,21.517872,23.019197,19.95889,20.20898,19.084974,20.19309,18.481707,19.29825,18.406715,22.361828,21.139387,27.492744,26.865881,32.15742,32.027504,31.594484,28.30265,27.904177,22.053501,21.960024,18.228355,17.798592
5,15.742732,12.835475,9.549699,5.6958146,5.6600065,0.0,7.214029,7.3435225,11.294428,13.42832,18.62717,18.652271,21.648735,25.488087,21.942495,18.545305,17.01908,15.635074,12.966284,14.221272,10.999021,14.97898,13.216875,11.649968,15.985846,18.77907,18.999155,16.70204,12.801531,17.776604,12.557257,19.418747,15.477853,21.828028,20.707623,23.856247,25.039686,24.024231,24.998623,22.39467,23.85293,18.110958,20.471361,15.527574,20.703203,18.976957,22.504702,22.998075,23.385319,27.888678,26.82928,27.618008,32.05185,32.80004,29.122288,25.639479,28.29249,28.21494,33.787903,32.735752,29.197157,31.802538,29.752264,32.46953,31.516314,35.252586,35.16908,32.759254,29.893309,29.811249,24.629261,28.351639,25.25242,29.558231,26.676935,32.14699,31.499561,33.963036,34.035683,36.893368,36.52126,36.77002,31.41315,32.04052,26.697756,30.972137,24.849733,27.08363,24.507595,25.157202,24.445528,25.365654,23.264425,23.53062,22.478289,25.563452,23.777765,29.921288,28.46204,33.824272,33.31808,33.29471,29.823177,30.383093,24.178976,24.56483,21.435843,20.889431
6,19.133547,15.571987,12.8012495,9.498241,5.862423,7.214029,0.0,6.7816806,8.10417,12.246856,16.225851,16.574978,19.04771,21.827452,18.016088,13.559679,12.71136,9.385205,8.540717,8.753208,7.3189864,11.804134,11.475202,8.892991,14.164992,14.990184,16.311886,13.635101,8.767982,13.159435,8.850689,15.046695,12.1038265,17.671558,16.589876,20.129578,20.756039,19.006977,19.50252,16.516922,17.918587,11.390761,13.813672,8.623456,14.307433,13.646969,16.839987,18.633907,18.431498,23.406237,21.281878,23.401468,27.32886,27.230465,24.224037,20.722576,22.4538,22.423138,28.09814,26.37536,22.773558,25.073738,23.127697,25.665756,25.311266,28.480337,28.729645,27.018063,23.969372,23.198883,17.825577,21.296772,18.160912,22.491974,19.7919,25.351492,25.112225,27.874243,28.077662,30.852074,30.228897,29.999865,24.659117,24.986322,19.589977,23.772667,17.661972,20.14969,17.907803,19.107357,19.181978,20.162663,18.12705,18.06349,16.164515,19.193317,17.16418,23.356276,22.087887,27.321913,27.241762,27.274073,23.933548,24.495955,18.176182,19.173525,15.760232,16.451668
7,21.753399,18.525751,14.888816,12.128335,9.709605,7.3435225,6.7816806,0.0,4.569416,6.3635488,11.494694,11.477485,14.333809,18.161634,14.837897,11.785102,10.511378,10.695912,8.932377,12.657219,11.215063,16.097857,16.479895,15.180455,20.370544,21.661314,22.864202,19.976751,14.976741,18.626932,12.8403635,17.351221,11.990305,17.962893,15.293617,18.70388,19.04588,17.932657,19.819231,17.12839,20.118538,14.633932,18.338633,13.939707,20.228056,20.321764,23.277094,25.410265,24.960896,29.98534,27.342794,29.411121,33.065536,32.474106,29.08256,25.539335,27.054012,26.152025,31.427265,29.889603,26.388802,29.627226,28.35808,30.94478,31.389536,33.90003,34.448994,33.279022,29.818079,28.443865,23.385834,26.2288,22.631483,26.482616,22.956564,28.386255,26.933714,29.632349,29.045933,31.562532,30.890991,31.716427,26.272158,27.525866,22.46813,27.215069,21.833738,24.477785,23.03002,23.926977,24.310923,24.455141,21.593832,20.764603,19.548857,21.136147,18.936295,24.574715,22.54573,27.933422,26.971214,27.100134,23.556667,24.87794,18.59719,19.483686,17.269087,17.004747
8,25.691889,22.290398,18.842966,15.896815,12.873771,11.294428,8.10417,4.569416,0.0,5.7667413,8.152675,9.527834,11.422879,14.658691,11.901543,8.005315,8.344461,8.483249,9.214191,13.073563,13.055546,17.879513,18.870905,16.963331,22.24377,22.578175,23.857195,20.558582,15.308912,17.657833,12.1258545,14.641823,9.087705,14.305495,11.051462,14.628536,14.612524,13.369405,15.42717,12.787821,16.338081,11.512859,15.762898,12.330309,18.744778,20.086351,22.944208,25.582531,24.383076,29.52522,25.930756,28.537245,31.602324,30.261675,27.027544,23.566517,24.437006,23.06134,28.053974,26.390133,22.995316,26.666084,25.933998,28.581062,29.83312,31.869665,32.968662,32.52461,29.117794,26.993813,21.752323,23.882427,19.882746,23.294857,19.377144,24.622461,22.74857,25.447393,24.652006,27.093042,26.456167,27.5472,22.169468,23.787428,19.018404,24.143787,19.343964,22.53561,21.82304,23.2596,24.395924,24.448256,21.545565,20.162777,18.321686,18.9684,16.207243,21.382307,18.806637,24.045658,23.10737,23.637785,20.118559,22.27965,15.850788,17.694328,15.967716,16.661835
9,26.823381,23.682941,19.908985,17.990473,15.430193,13.42832,12.246856,6.3635488,5.7667413,0.0,6.94202,5.290071,8.520032,12.832035,9.905727,9.062854,7.5914774,11.175325,10.01564,15.363574,15.082384,19.697624,21.293688,20.735977,26.007269,26.738811,28.544601,25.623137,20.464148,23.320435,17.713438,20.14937,14.162904,18.907305,14.6241255,17.842377,17.04167,16.050482,19.199097,16.700861,21.230284,16.611885,21.053326,17.48563,23.893385,24.944372,27.203167,30.330435,29.618912,34.777245,31.354637,34.156387,37.276436,35.817787,32.741337,29.299162,29.937614,28.417225,33.189552,31.280422,27.978188,31.565392,30.94983,33.228985,34.668827,36.041527,36.918518,36.638424,32.69298,30.483982,26.059076,28.111464,24.440964,27.680586,23.801403,28.89909,26.64871,29.491703,28.127201,30.103474,29.028646,30.55008,25.199728,27.086697,22.620892,27.433767,23.096281,25.662027,25.207382,25.929726,26.95116,26.283602,22.845182,21.141937,20.352747,20.27927,18.096373,22.710566,20.24363,25.47591,23.75208,23.847992,20.333374,22.261217,16.539484,17.428522,16.685446,16.09364
10,33.092197,29.815329,26.15841,23.594627,20.781506,18.62717,16.225851,11.494694,8.152675,6.94202,0.0,5.658581,4.6809006,8.314638,8.53618,7.8782964,9.732942,13.116586,14.698695,19.512194,20.240654,24.836147,26.554897,25.018814,30.30462,30.269337,31.674377,28.169485,22.924425,24.139885,18.819054,18.382769,12.533157,15.214821,10.000484,12.502261,11.070269,10.830286,14.710328,13.165187,18.28476,15.990822,20.613514,18.751255,24.79862,27.22049,29.65164,32.87937,31.150778,36.27391,31.77016,34.777054,37.073833,34.744373,31.649828,28.465206,28.454613,26.113768,30.056767,28.418556,25.529505,29.963366,30.26848,32.74945,35.229378,36.169952,37.881702,38.471954,34.84937,31.782133,27.066103,28.02988,23.815535,26.093246,21.623034,25.94478,22.640348,25.080416,23.176628,24.917429,24.181707,26.658176,21.770153,24.536028,21.008078,26.303411,23.186182,26.524054,27.035648,28.511675,30.350128,29.727592,26.410099,24.153603,22.572779,21.115065,18.19459,21.430876,17.806538,22.349386,20.428999,21.481443,18.193956,21.918833,16.507435,18.868439,19.062788,19.699625
11,31.434937,28.265095,24.55133,22.977133,20.119978,18.652271,16.574978,11.477485,9.527834,5.290071,5.658581,0.0,3.966632,8.213518,5.9468465,8.065265,7.157555,12.495317,12.41758,17.919643,18.599989,22.821281,25.19619,24.918419,30.1912,30.333015,32.583794,29.66058,24.472765,26.676039,21.54012,22.51812,16.801,20.137531,15.015651,17.874197,15.937869,14.891695,18.806175,16.573854,22.014635,18.258402,22.911629,20.155762,26.310774,28.106384,29.779762,33.63953,32.689236,37.877026,33.85172,37.284145,39.90543,37.73345,35.078445,31.799969,31.648243,29.748493,34.017834,31.734858,28.6895,32.350002,32.265984,34.20998,36.451115,36.84564,38.015854,38.519802,34.30979,31.424295,27.608776,28.922241,25.352388,27.961876,24.01552,28.637896,25.908432,28.849037,26.90593,28.324646,26.837637,28.80926,23.7243,26.025394,22.272482,26.896002,23.63991,26.071499,26.480284,27.152374,28.742418,27.538155,23.86295,21.508297,20.915419,19.391205,17.30331,20.65908,17.9163,22.74984,20.435505,20.518078,17.186775,19.701332,14.848786,15.8912525,16.533152,16.066034
12,35.03939,31.788881,28.11274,26.20776,23.220257,21.648735,19.04771,14.333809,11.422879,8.520032,4.6809006,3.966632,0.0,4.8938193,5.6416073,8.299457,9.269289,14.132083,15.360929,20.514698,21.65444,25.869461,28.291164,27.541473,32.824844,32.579685,34.654835,31.463585,26.25073,27.660177,22.733925,22.32334,16.870478,19.007715,13.55842,15.86808,13.387821,12.694246,16.996424,15.336177,21.056532,18.561768,23.225285,21.359802,27.259804,29.740582,31.455866,35.39117,33.942276,39.09418,34.51881,38.09017,40.258602,37.603447,35.011673,31.90008,31.349508,29.03673,32.791134,30.599129,27.827244,31.86311,32.29295,34.281425,37.104008,37.18367,38.797405,39.80322,35.756535,32.403435,28.523521,29.21673,25.432707,27.458542,23.271866,27.373291,24.078505,26.805481,24.50156,25.659973,24.261312,26.801208,22.06087,24.856369,21.747288,26.52214,24.054705,26.833315,27.794493,28.841822,30.86392,29.67273,26.090471,23.457314,22.461445,20.13492,17.708578,20.07873,16.697798,21.003185,18.472342,19.103554,15.986096,19.599728,15.159731,17.021545,18.231236,18.457012
13,38.509445,35.127434,31.6169,29.751873,26.39418,25.488087,21.827452,18.161634,14.658691,12.832035,8.314638,8.213518,4.8938193,0.0,5.479084,8.910251,10.889486,15.168256,17.525751,22.085531,24.015215,27.839968,30.705505,29.900562,35.06402,34.14712,36.520443,33.374107,28.311031,29.024618,24.911165,23.369905,18.883995,19.582928,14.180445,16.068823,12.57441,11.48327,15.841303,14.520508,20.500973,18.928118,23.357742,22.405998,27.687456,30.833345,32.034073,36.47221,34.747498,39.789055,34.714527,38.847057,40.463573,37.17588,35.1522,32.303707,30.960394,28.459871,31.661943,29.070267,26.63981,30.511868,31.425388,33.05935,36.573265,35.8099,37.754208,39.49085,35.444454,31.523333,28.177057,28.09507,24.53518,25.836414,21.830399,25.262474,21.774288,24.567732,21.886,22.472162,20.634943,23.391407,19.093443,22.142742,19.931034,24.327608,23.039362,25.733929,27.466228,28.668674,31.223137,29.823833,26.360214,23.35478,22.170612,18.743504,16.342834,17.205301,13.545428,17.104881,14.248971,15.171316,12.443296,16.940962,13.558132,16.009792,18.076143,19.00518
14,33.80944,30.425697,27.023943,25.60658,22.100126,21.942495,18.016088,14.837897,11.901543,9.905727,8.53618,5.9468465,5.6416073,5.479084,0.0,5.7033896,5.83528,10.842919,12.46279,17.12835,19.09409,22.689863,25.827272,25.620953,30.722267,29.90824,32.775803,30.049854,25.066963,26.596586,22.624386,22.633358,18.126253,20.131086,15.031516,17.923553,14.9518585,12.941734,16.74993,14.335845,20.179493,16.701477,21.157568,19.220531,24.685148,27.187294,28.02305,32.71416,31.602615,36.699852,32.192383,36.476353,38.56498,35.740917,33.894398,30.8583,29.758566,27.873495,31.821915,28.827686,25.991821,29.156097,29.390224,30.800905,33.705223,33.06745,34.44821,35.739395,31.38001,27.858809,24.797157,25.387756,22.220808,24.28846,20.709768,24.950054,22.45134,25.747849,23.643015,24.606735,22.463549,24.098124,19.15259,21.353893,18.149998,22.266314,20.010466,22.171322,23.423523,24.166965,26.419268,24.890028,21.28145,18.386898,17.600454,14.79023,12.778391,15.089024,12.439236,17.128252,14.704111,14.580033,11.272051,14.115822,9.802682,11.459723,13.133503,13.655681
15,31.065702,27.510073,24.289988,22.18218,18.447613,18.545305,13.559679,11.785102,8.005315,9.062854,7.8782964,8.065265,8.299457,8.910251,5.7033896,0.0,4.5660686,6.4542193,9.921351,13.74654,15.848384,19.750677,22.341236,21.182043,26.270432,25.244293,27.691101,24.732286,19.761919,20.937672,17.212072,17.22787,13.225415,15.460637,11.001264,14.469906,12.223575,9.693625,12.657185,9.675325,15.109175,11.080349,15.6286,13.751724,19.327736,22.037184,23.407644,27.669786,26.222322,31.336645,26.755442,30.847174,32.98994,30.364975,28.318867,25.220833,24.369005,22.637028,26.971478,24.169783,21.089167,24.405533,24.425915,26.267199,28.891222,29.063704,30.586937,31.540363,27.623188,24.273188,20.225775,21.069485,17.422707,19.906906,16.09111,20.859123,18.727646,22.032515,20.545723,22.201359,20.586594,21.71157,16.341246,18.273294,14.248742,19.07925,15.885241,18.836374,19.670067,21.099821,23.353193,22.56889,19.382978,16.913021,14.990311,13.329048,10.339688,14.231727,11.323081,16.57302,15.265225,15.7125225,12.1944065,15.073934,9.006007,11.877056,11.772247,13.503493
16,28.211079,24.762384,21.480188,20.136961,16.479786,17.01908,12.71136,10.511378,8.344461,7.5914774,9.732942,7.157555,9.269289,10.889486,5.83528,4.5660686,0.0,5.9735317,6.665037,11.519142,13.264759,17.007565,20.000149,19.948881,25.033766,24.469866,27.469204,25.021008,20.132368,22.47451,18.572876,20.286585,15.942049,19.300734,15.027888,18.613966,16.621124,14.244914,17.09415,13.925493,18.92662,13.633404,17.94093,14.833814,20.580809,22.278654,23.21747,27.702513,27.085073,32.21612,28.381048,32.440865,35.082047,32.953583,31.00347,27.778067,27.263126,26.01614,30.70828,27.726597,24.492085,27.157494,26.611666,28.128729,30.125546,30.266626,31.12875,31.618525,27.247227,24.417831,21.005625,22.563528,19.54786,22.563564,19.316767,24.354277,22.799006,26.259129,24.910206,26.48611,24.575586,25.272173,19.856071,21.212296,16.852152,20.95964,17.17078,19.165943,19.434011,20.003252,21.728323,20.550465,16.987785,14.639238,13.775763,12.821066,10.893993,15.462916,13.731517,19.13121,17.635311,17.150492,13.637162,14.835137,9.041525,10.010566,9.646652,9.9988
17,26.136282,22.494722,19.733475,17.910303,13.805453,15.635074,9.385205,10.695912,8.483249,11.175325,13.116586,12.495317,14.132083,15.168256,10.842919,6.4542193,5.9735317,0.0,5.6029944,7.5179405,10.179576,13.690482,16.37541,15.455537,20.336973,19.11795,22.153606,19.787174,15.183084,17.27063,14.531378,16.718813,13.950932,17.210888,14.387953,18.167416,16.852842,14.016876,15.32115,11.744967,15.358216,8.82905,12.586333,9.179383,14.67265,16.459278,17.450766,21.92256,21.191713,26.296566,22.52393,26.748074,29.425905,27.512335,25.813574,22.62633,22.145426,21.46191,26.543007,23.440172,20.020185,22.124754,21.110495,22.730175,24.31343,25.024105,25.845404,26.042833,22.004587,19.374052,15.281772,17.27092,14.274718,17.873236,15.070363,20.514084,19.98596,23.507383,22.958717,24.97922,23.333483,23.050508,17.52879,18.045141,12.932393,17.03906,12.133289,14.527372,14.24688,15.4687805,17.282461,16.90749,14.013211,12.252689,9.982196,10.740703,8.31745,14.296793,13.138402,18.539501,18.222887,17.94907,14.627268,15.285399,8.832032,10.592722,8.088502,10.267373
18,21.94703,18.44825,15.454624,14.606675,10.787517,12.966284,8.540717,8.932377,9.214191,10.01564,14.698695,12.41758,15.360929,17.525751,12.46279,9.921351,6.665037,5.6029944,0.0,5.716844,6.6835012,10.513958,13.423529,14.126697,19.036734,18.961338,22.337692,20.575954,16.142107,19.826698,16.423006,20.501646,16.879774,21.400566,18.410809,22.242353,21.189249,18.738619,20.482935,16.996202,20.497705,13.630658,17.000696,12.376874,17.875193,17.99938,18.832264,22.983624,23.344389,28.350313,25.718939,29.39941,32.754936,31.620344,29.707664,26.382906,26.609203,26.283869,31.617424,28.694555,25.19492,26.954538,25.398836,26.842682,27.497856,28.52668,28.543331,27.895483,23.516043,21.883396,18.471527,21.329576,18.962776,22.912691,20.471724,25.974365,25.577826,29.053837,28.481308,30.483877,28.755085,28.49518,22.994349,23.32933,18.203367,21.662712,16.404669,17.669785,16.426208,16.416931,17.074526,16.373608,13.072536,11.961342,11.467709,13.392894,12.3196745,18.2674,17.753954,23.188496,22.462355,21.574451,18.260569,17.734169,12.046203,11.6441965,8.78733,8.332944
19,20.14111,16.576609,14.578305,13.966186,9.973188,14.221272,8.753208,12.657219,13.073563,15.363574,19.512194,17.919643,20.514698,22.085531,17.12835,13.74654,11.519142,7.5179405,5.716844,0.0,4.181726,6.22898,9.527347,10.42166,14.681006,13.869418,18.030827,17.060616,13.578238,17.435638,15.842667,20.590977,18.648607,22.801693,20.979254,24.767178,24.029888,21.277979,21.931086,18.379934,20.504877,13.171914,15.083316,10.228332,14.246843,13.452811,13.506473,17.962517,18.975502,23.724884,21.798542,25.681799,29.178125,28.485262,27.169327,24.04225,24.27754,24.787724,30.302595,27.160072,23.674845,24.290815,22.038877,23.130816,22.935091,24.300123,23.768309,22.551327,18.234392,17.345974,14.206788,17.824356,16.377157,20.717834,19.340412,24.788013,25.565859,29.055107,29.142954,31.291945,29.59025,28.341581,23.072443,22.421143,17.121895,19.61674,13.66629,14.180448,11.835083,11.643257,11.782958,11.8408575,9.407971,9.568156,8.527532,12.698234,12.239502,18.494968,18.958284,24.021738,24.13562,23.104954,20.161636,18.67953,13.506283,12.987591,8.760238,9.422963
20,16.24742,12.646451,10.420746,10.020396,6.289019,10.999021,7.3189864,11.215063,13.055546,15.082384,20.240654,18.599989,21.65444,24.015215,19.09409,15.848384,13.264759,10.179576,6.6835012,4.181726,0.0,4.914722,6.7500362,8.340336,12.806895,13.483896,17.057093,16.229492,12.838177,17.743963,15.40514,21.388376,18.943335,23.949131,22.286861,26.05466,25.805262,23.427406,24.200768,20.765469,22.678173,15.366425,17.26389,11.871012,16.13215,14.232864,15.159177,18.33704,19.806051,24.436848,23.30435,26.270103,30.298548,30.305042,28.431484,25.173485,26.224924,26.818104,32.512287,29.868183,26.304459,27.200087,24.726501,26.160318,25.294683,27.49607,26.715454,24.718498,20.766243,20.67462,17.213606,21.217493,19.56853,24.07403,22.466139,28.016104,28.596859,31.881273,32.028328,34.389797,32.968353,31.988188,26.648932,26.198835,20.79787,23.57938,17.423313,18.084345,15.257544,14.875842,14.056202,14.473008,12.332201,13.053609,12.605436,16.771011,16.21843,22.507635,22.649817,27.858862,27.778172,26.835886,23.742767,22.450441,17.147444,16.417627,12.447964,12.001603
21,15.342132,12.1112385,11.263062,12.326693,9.580352,14.97898,11.804134,16.097857,17.879513,19.697624,24.836147,22.821281,25.869461,27.839968,22.689863,19.750677,17.007565,13.690482,10.513958,6.22898,4.914722,0.0,4.8761396,9.009455,11.665891,12.001419,16.681814,17.153397,15.088954,19.928469,18.957447,25.00065,23.347313,27.993822,26.613176,30.370077,29.976444,27.353592,27.823769,24.337542,25.835308,18.52035,19.550224,14.532265,17.158974,14.301202,13.730097,17.194729,19.768433,23.823225,23.659958,26.806816,30.87707,31.221315,30.052303,27.066313,27.92757,29.095219,34.737232,31.770565,28.336927,28.193943,25.272142,26.043089,24.461813,26.406345,24.824894,22.313332,18.184872,19.062632,16.971748,21.291536,20.779564,25.251965,24.56015,29.858212,31.18255,34.566753,34.955624,37.1913,35.5243,33.90227,28.812614,27.703596,22.507212,24.17371,18.160877,17.578075,14.133315,12.695093,10.725234,11.301809,10.042071,12.000141,12.371541,17.430244,17.814428,23.78904,24.840096,29.710142,29.933678,28.57182,25.820637,23.453718,19.104189,17.622898,13.43465,12.766706
22,11.753485,8.463141,8.477573,9.214232,7.647329,13.216875,11.475202,16.479895,18.870905,21.293688,26.554897,25.19619,28.291164,30.705505,25.827272,22.341236,20.000149,16.37541,13.423529,9.527347,6.7500362,4.8761396,0.0,5.7756524,7.6180944,9.717466,13.362952,14.224476,12.979684,18.392033,17.573954,24.523657,23.2245,28.2355,27.56707,31.169607,31.432823,29.12529,29.227684,25.949142,26.653276,19.595095,20.10469,14.98427,17.179762,13.196263,13.866299,15.349682,18.286873,22.021973,22.81595,24.83121,29.397238,30.608576,28.95771,25.985693,27.718563,29.162199,34.917934,32.56403,29.12164,29.107363,25.892872,27.141048,24.729088,27.942127,26.307713,22.90292,19.719028,21.36551,18.413805,23.081253,22.317638,26.941763,26.182915,31.474012,32.86519,35.924572,36.63471,39.194897,37.988117,36.42696,31.373816,30.30327,24.988358,26.986153,20.634449,20.605782,16.708801,15.9096155,13.526171,15.102665,14.566762,16.656666,16.406813,21.58274,21.467834,27.632956,28.27712,33.193134,33.56231,32.545837,29.67249,27.827204,23.008045,22.052217,17.793686,17.359747
23,14.636045,11.347121,10.909965,8.818909,6.8955073,11.649968,8.892991,15.180455,16.963331,20.735977,25.018814,24.918419,27.541473,29.900562,25.620953,21.182043,19.948881,15.455537,14.126697,10.42166,8.340336,9.009455,5.7756524,0.0,5.311409,7.18463,9.043595,8.731338,7.350226,12.8775215,12.492897,19.626148,19.187906,23.9562,24.189901,27.524515,28.368866,26.315123,25.79263,22.841507,22.578686,16.101767,16.034563,11.197183,13.14748,9.117822,11.929175,12.02209,13.908674,17.994648,18.398575,19.805216,24.496374,25.90723,23.705635,20.67277,22.95835,24.430431,30.201797,28.419373,25.002134,25.44005,22.280016,24.27323,21.847292,26.119665,25.195154,21.838356,19.552462,20.800482,16.228218,20.814651,19.332073,23.950214,22.919695,28.104221,29.44301,32.117676,33.15014,36.01021,35.352623,33.91933,29.002037,28.094639,22.779842,25.401133,18.877865,20.02285,16.241524,16.87905,15.372229,17.643291,17.25375,18.818954,17.206417,22.084782,21.073889,27.28514,27.26803,32.07419,32.732872,32.341354,29.392624,28.56878,23.081758,23.296535,19.007137,19.688059
24,14.219759,11.827032,13.0774975,11.960967,11.458992,15.985846,14.164992,20.370544,22.24377,26.007269,30.30462,30.1912,32.824844,35.06402,30.722267,26.270432,25.033766,20.336973,19.036734,14.681006,12.806895,11.665891,7.6180944,5.311409,0.0,5.072529,6.3067107,8.691752,10.361641,14.973201,16.27779,23.22044,23.727392,28.112795,28.928827,32.10159,33.1203,31.040993,30.090181,27.277704,26.269228,20.26645,19.207222,15.185434,15.1011305,9.804547,11.857985,9.869442,13.24691,16.037058,18.385551,18.920002,23.867273,26.274979,24.553358,21.999264,24.575708,26.74233,32.31452,30.693033,27.52428,27.059969,23.415716,25.070978,21.418467,26.349636,24.772024,20.368956,19.009373,21.542023,17.750603,22.500444,21.905848,26.346554,26.113348,30.879635,32.883854,35.381775,36.811344,39.706993,39.13081,37.204308,32.62077,31.213198,26.161173,28.003822,21.681784,22.181639,17.932804,18.279997,15.963459,18.879261,19.514326,21.742493,20.325727,25.653856,25.034653,31.011538,31.442154,35.94885,36.935894,36.436768,33.6978,32.410496,27.373005,27.361795,22.94031,23.620365
25,18.800371,16.17451,16.971949,15.706851,13.997429,18.77907,14.990184,21.661314,22.578175,26.738811,30.269337,30.333015,32.579685,34.14712,29.90824,25.244293,24.469866,19.11795,18.961338,13.869418,13.483896,12.001419,9.717466,7.18463,5.072529,0.0,5.8720074,8.326679,10.249751,13.416809,16.281004,22.038588,23.47747,26.945559,27.962572,31.08019,31.800734,29.426891,28.047812,25.270365,23.862673,18.13763,16.303799,13.146348,11.409522,5.944984,6.939636,5.6734915,9.460715,12.4558325,14.426712,16.198782,20.653528,22.56,21.708702,19.410381,21.19659,23.690613,29.093756,27.02753,24.01785,22.79327,18.973513,20.258646,16.494617,21.30927,19.751343,15.490979,14.305079,16.844322,13.212807,17.930777,17.964643,22.218914,22.664656,27.091166,29.672905,32.220654,33.85381,36.608948,35.91231,33.49701,29.237734,27.385927,22.640219,23.848257,17.812437,18.074924,13.794921,14.625075,12.755493,16.135927,17.35173,19.537525,17.550972,22.876013,22.353445,27.912054,28.683529,32.75513,34.144753,33.673336,31.22789,29.81986,25.183086,25.48157,21.074286,22.569862
26,19.87242,17.63185,18.543348,16.238209,15.474412,18.999155,16.311886,22.864202,23.857195,28.544601,31.674377,32.583794,34.654835,36.520443,32.775803,27.691101,27.469204,22.153606,22.337692,18.030827,17.057093,16.681814,13.362952,9.043595,6.3067107,5.8720074,0.0,4.567872,9.080518,11.407883,14.9141,20.753407,22.93356,26.286299,28.253922,30.951511,32.429558,30.544783,28.732433,26.43707,24.070038,19.426804,17.135994,14.688867,12.654903,7.6420636,11.183395,6.2227693,8.427946,10.582422,13.550986,12.873273,17.971817,21.061031,19.27527,17.148035,20.220736,22.84491,28.072823,27.072346,24.242567,23.596771,19.902895,22.05158,17.955225,24.109552,23.137808,18.737385,18.880377,21.227242,16.554464,20.803307,20.096525,24.081837,24.163181,28.28334,30.647213,32.610203,34.56691,37.644726,37.60337,35.49497,31.43056,29.894178,25.29158,27.12496,21.217606,22.437696,18.522755,20.044533,18.539188,21.922005,22.922749,24.821583,22.439184,27.378847,26.237963,31.79977,31.911865,35.939487,37.38947,37.40393,34.832256,34.22253,29.076075,29.95988,25.641193,27.256971
27,21.188759,18.54784,18.55467,15.270194,14.105176,16.70204,13.635101,19.976751,20.558582,25.623137,28.169485,29.66058,31.463585,33.374107,30.049854,24.732286,25.021008,19.787174,20.575954,17.060616,16.229492,17.153397,14.224476,8.731338,8.691752,8.326679,4.567872,0.0,5.260605,7.2252254,10.562386,16.349213,18.644613,21.94253,24.15015,26.690588,28.42578,26.785337,24.9084,22.819931,20.300236,16.067837,13.988155,11.719942,10.598698,7.026778,12.156974,8.540078,8.113143,11.606715,12.403374,11.738636,16.768187,19.247889,16.502163,13.889931,17.37663,19.49786,24.88237,24.230453,21.264898,21.648424,18.428965,21.29845,18.240248,24.321228,24.181067,20.681189,20.473492,21.716516,15.927785,19.81291,18.06031,22.032001,21.363094,25.620714,27.423906,29.225811,31.085564,34.301163,34.535088,32.8967,28.73059,27.679234,23.012901,25.678461,19.74708,21.914785,18.519274,20.650915,19.899036,22.958769,23.32354,24.63882,21.818808,26.187037,24.464045,30.04072,29.530499,33.637283,34.958847,35.331398,32.622734,32.766056,27.175575,28.615606,24.509853,26.382578
28,20.835686,17.681917,16.599642,12.805144,10.731011,12.801531,8.767982,14.976741,15.308912,20.464148,22.924425,24.472765,26.25073,28.311031,25.066963,19.761919,20.132368,15.183084,16.142107,13.578238,12.838177,15.088954,12.979684,7.350226,10.361641,10.249751,9.080518,5.260605,0.0,5.896879,6.1495733,12.911547,13.962044,17.953703,19.461529,22.277023,23.83281,22.201666,20.843513,18.52764,16.941973,11.933,11.166181,7.717878,9.530939,7.735652,12.879865,11.926474,10.897647,15.504514,14.192218,15.001239,19.39811,20.497692,17.317125,14.052644,16.984264,18.13659,23.849722,22.887604,19.555088,21.030052,18.39433,21.467314,19.78435,24.826199,25.139158,22.571917,21.23629,21.39412,15.114391,18.82997,16.106747,20.33379,18.678759,23.538374,24.529814,26.621347,27.96947,31.151848,31.233824,30.155285,25.541815,25.061377,20.050161,23.57282,17.429907,20.179205,17.272085,19.47673,19.295473,21.71236,21.207626,21.930302,19.051476,22.886118,20.792454,26.584784,25.613285,30.076584,31.00863,31.45414,28.5234,29.102003,23.114107,24.749622,20.872755,22.687174
29,26.611446,23.531483,22.484629,18.570446,16.386656,17.776604,13.159435,18.626932,17.657833,23.320435,24.139885,26.676039,27.660177,29.024618,26.596586,20.937672,22.47451,17.27063,19.826698,17.435638,17.743963,19.928469,18.392033,12.8775215,14.973201,13.416809,11.407883,7.2252254,5.896879,0.0,6.6748185,9.583027,13.380882,15.309315,18.228138,20.352314,22.256895,20.824572,18.377138,16.8234,13.469946,10.874442,8.434794,8.381655,7.7482667,8.73268,13.90752,12.523432,9.091665,13.415658,10.339248,10.997799,14.586014,15.187801,11.533515,8.186773,11.532535,12.807475,18.338503,17.979742,14.94578,16.76805,14.576292,18.340988,17.246948,22.695421,23.926464,22.096527,21.705166,21.19717,14.347307,16.91788,13.755581,17.179028,15.624541,19.667051,20.880913,22.375937,24.258265,27.600992,28.252996,27.066,23.099564,22.608757,18.322433,21.893633,16.649021,20.181595,18.067205,21.206161,21.837135,24.400057,24.186592,24.534771,20.92837,23.993084,21.446964,26.407537,25.081224,28.830315,30.236412,31.246008,28.620249,29.935295,24.163383,26.678757,23.184782,25.856169
30,24.640041,21.438286,19.461266,15.054803,12.925964,12.557257,8.850689,12.8403635,12.1258545,17.713438,18.819054,21.54012,22.733925,24.911165,22.624386,17.212072,18.572876,14.531378,16.423006,15.842667,15.40514,18.957447,17.573954,12.492897,16.27779,16.281004,14.9141,10.562386,6.1495733,6.6748185,0.0,7.877818,8.188336,12.502405,14.295175,16.778135,18.900078,17.909729,16.67215,14.900955,13.48284,9.944006,10.555935,8.325658,12.031455,12.780536,17.726593,17.446125,15.145999,19.746548,16.797821,17.49562,21.026503,21.13021,16.957209,13.443537,16.345205,16.146622,21.614197,21.310654,18.008118,21.216639,19.674994,23.317917,23.02159,27.538937,28.730305,27.134314,25.642029,24.693054,17.948627,20.60761,16.648869,20.289719,17.333487,22.084772,21.800539,23.527735,24.509998,27.831682,28.386116,28.28039,23.655317,24.152224,19.417423,24.064194,18.561922,22.32869,20.454576,23.06244,23.664364,25.52463,24.309124,24.202171,21.074635,23.62155,20.759703,26.150858,24.114975,28.551867,29.145418,30.176558,27.107738,28.937675,22.563034,24.98028,21.809958,23.778934
31,32.439198,29.149714,26.983381,22.684353,20.172325,19.418747,15.046695,17.351221,14.641823,20.14937,18.382769,22.51812,22.32334,23.369905,22.633358,17.22787,20.286585,16.718813,20.501646,20.590977,21.388376,25.00065,24.523657,19.626148,23.22044,22.038588,20.753407,16.349213,12.911547,9.583027,7.877818,0.0,6.6130767,5.933067,10.103547,11.254894,13.942433,13.564832,11.003628,10.81599,7.5916553,9.191255,9.547872,11.270999,13.71709,17.058783,21.387938,21.715033,17.917606,22.094028,17.155045,18.405476,20.077894,18.418951,14.046296,10.991218,12.602656,10.673324,15.304158,15.785801,12.978114,17.873367,17.883451,21.932905,23.338123,27.094786,29.491625,29.275665,28.189735,26.017828,19.18926,20.03225,15.293478,17.364838,13.593333,17.155777,15.853733,16.744846,17.822517,21.324251,22.703964,23.23098,19.37558,20.613918,17.125229,22.260847,18.459179,23.135176,22.651909,26.025309,27.69139,29.299658,28.030676,27.18768,23.442854,24.434336,20.938532,24.88333,21.971209,25.425644,26.277416,28.194513,25.51944,28.703943,22.74165,26.316467,24.05986,26.901577
32,30.233868,26.923664,24.086067,19.924963,17.443617,15.477853,12.1038265,11.990305,9.087705,14.162904,12.533157,16.801,16.870478,18.883995,18.126253,13.225415,15.942049,13.950932,16.879774,18.648607,18.943335,23.347313,23.2245,19.187906,23.727392,23.47747,22.93356,18.644613,13.962044,13.380882,8.188336,6.6130767,0.0,6.4329343,6.76393,9.113246,11.512673,11.454899,11.2563505,10.28086,10.887694,9.841373,12.756343,12.01105,16.920546,19.450655,23.551483,24.686268,21.895008,26.604774,22.213236,23.771435,26.128906,24.646751,20.490524,17.241756,18.671827,16.664503,21.18713,20.979248,17.944939,22.792603,22.668028,26.27514,27.748638,30.85483,32.836525,32.529495,30.443348,28.183962,21.722822,23.084747,18.289558,20.91165,16.558784,20.918919,18.674221,20.216557,20.13018,23.25132,24.019188,25.365093,20.767506,22.65044,18.612543,24.229446,20.011522,24.392418,23.885492,26.577513,28.069523,29.051552,26.991482,25.826933,22.746155,23.376854,19.880756,24.267977,20.982637,25.233309,25.149927,26.800432,23.686598,27.016731,20.669275,23.856712,21.966814,23.98992
33,36.153286,32.7737,30.111216,25.989965,23.268013,21.828028,17.671558,17.962893,14.305495,18.907305,15.214821,20.137531,19.007715,19.582928,20.131086,15.460637,19.300734,17.210888,21.400566,22.801693,23.949131,27.993822,28.2355,23.9562,28.112795,26.945559,26.286299,21.94253,17.953703,15.309315,12.502405,5.933067,6.4329343,0.0,5.5159287,5.434413,8.566339,9.21067,7.209521,8.37899,7.336759,10.943544,12.895498,14.741836,18.077023,21.96168,25.70475,26.985758,23.271387,27.55468,22.091223,23.962175,25.02416,22.401863,18.535063,15.9412155,16.205479,13.117911,16.41501,16.754997,14.401897,20.14996,21.144083,24.858286,27.39197,29.97459,32.771034,33.374992,31.779316,28.821764,22.46963,22.522161,17.529604,18.758621,14.154559,17.127794,14.046097,14.733074,14.696116,17.965242,19.542269,21.3476,17.662365,20.030334,17.306587,22.902746,20.186005,25.01435,25.409266,28.667046,30.819235,31.814665,30.004448,28.510195,24.935709,24.616613,20.842384,23.842415,20.08388,23.197771,23.529198,25.918783,23.329594,27.548569,21.86667,25.85649,24.542587,27.336662
34,35.493935,32.03499,28.964342,25.303425,22.302086,20.707623,16.589876,15.293617,11.051462,14.6241255,10.000484,15.015651,13.55842,14.180445,15.031516,11.001264,15.027888,14.387953,18.410809,20.979254,22.286861,26.613176,27.56707,24.189901,28.928827,27.962572,28.253922,24.15015,19.461529,18.228138,14.295175,10.103547,6.76393,5.5159287,0.0,3.8414724,4.7653394,5.270326,6.4320574,6.554639,9.614129,10.925776,14.493126,15.1071,19.742138,23.435959,26.589447,28.91055,25.841616,30.560371,25.190046,27.83773,29.249016,26.450697,23.108809,20.29139,20.060644,17.127268,20.5656,19.78961,17.215696,22.586718,23.522926,26.702242,29.559687,31.22837,33.78485,34.650085,32.208908,28.92221,23.143713,23.293072,18.402014,19.888819,15.005604,18.578808,14.966802,16.578972,15.410904,18.055424,18.684912,21.040709,16.729542,19.602524,16.638231,22.438377,19.796124,24.307985,25.025753,27.787718,30.066076,30.426666,28.039516,26.11082,23.019072,21.965359,18.217836,21.106224,17.01074,20.630196,20.18077,22.38641,19.551212,24.03671,18.364447,22.230516,21.544989,23.943773
35,38.873894,35.471836,32.42426,28.586529,25.783669,23.856247,20.129578,18.70388,14.628536,17.842377,12.502261,17.874197,15.86808,16.068823,17.923553,14.469906,18.613966,18.167416,22.242353,24.767178,26.05466,30.370077,31.169607,27.524515,32.10159,31.08019,30.951511,26.690588,22.277023,20.352314,16.778135,11.254894,9.113246,5.434413,3.8414724,0.0,4.2580266,6.7432575,7.0879455,8.905351,10.724416,13.985243,16.92602,18.308252,22.34978,26.305622,29.613226,31.603449,28.14558,32.603367,26.992422,29.284883,30.217596,27.17426,23.679726,21.213009,20.885704,17.496885,19.991796,19.945007,17.912722,23.722038,25.149223,28.470192,31.611658,33.300827,36.195427,37.282803,35.16432,31.740456,25.915167,25.625376,20.6949,21.526373,16.648518,19.247677,15.020232,15.757785,14.417527,17.017536,18.387697,21.373383,17.826982,21.039642,18.882698,24.568384,22.583927,27.24149,28.185772,31.146395,33.545105,33.98187,31.687311,29.704323,26.504482,25.16701,21.37912,23.580055,19.238905,22.113718,21.71445,24.347895,21.827463,26.785568,21.508944,25.563375,25.124058,27.621101
36,39.724033,36.220398,33.07188,29.654114,26.485422,25.039686,20.756039,19.04588,14.612524,17.04167,11.070269,15.937869,13.387821,12.57441,14.9518585,12.223575,16.621124,16.852842,21.189249,24.029888,25.805262,29.976444,31.432823,28.368866,33.1203,31.800734,32.429558,28.42578,23.83281,22.256895,18.900078,13.942433,11.512673,8.566339,4.7653394,4.2580266,0.0,3.5114713,6.002872,7.534498,11.306896,13.977299,17.374716,18.694141,22.877182,27.067495,29.692778,32.533875,29.31546,33.920467,28.103659,31.211912,32.028336,28.52451,25.721539,23.275011,22.16101,18.813604,21.215506,20.202452,18.19857,23.6469,25.27324,28.098568,31.751982,32.51229,35.42534,37.01467,34.465202,30.618282,25.422926,24.773664,20.077097,20.637455,15.780484,18.3202,13.790588,15.186134,13.066025,15.066043,15.658062,18.969307,15.291551,18.861832,17.067036,22.604177,21.268827,25.670017,27.142921,29.89681,32.597015,32.603912,30.105495,27.767122,24.762806,22.625809,18.923164,20.395407,15.839679,18.54969,17.805693,20.504467,18.100683,23.395601,18.60935,22.76928,22.955444,25.508139
