,0,1,2,3,4,5,6,7,8,9,10,11,12,13,14,15,16,17,18,19,20,21,22,23,24,25,26,27,28,29,30,31,32,33,34,35,36,37,38,39,40,41,42,43,44,45,46,47,48,49,50,51,52,53,54,55,56,57,58,59,60,61,62,63,64,65,66,67,68,69,70,71,72,73,74,75,76,77,78,79,80,81,82,83,84,85,86,87,88,89,90,91,92,93,94,95,96,97,98,99,100,101,102,103,104,105,106,107,108,109
0,0.0,4.1163826,6.344992,8.648848,12.256473,14.785782,17.428053,21.107712,24.380138,28.337349,31.004133,33.99245,35.76168,34.976776,35.607075,31.955841,32.131485,30.19628,31.812136,30.436338,28.089481,30.047113,28.016718,31.893585,32.905468,31.642792,36.425606,32.99626,37.057297,37.194122,32.666573,32.803604,39.989906,38.91839,36.349995,38.833298,40.699886,44.272648,39.709747,38.74603,37.728214,33.167896,33.077976,28.121235,29.54121,23.750603,25.819778,22.276321,18.004292,23.840233,23.936876,16.792545,20.250843,25.779648,23.574493,25.889147,22.17082,24.34544,20.685696,25.928967,24.167265,22.684528,24.11005,26.048727,24.10837,25.75361,28.384943,28.809242,25.82305,22.597828,19.365498,15.7898,19.430582,17.857706,21.253073,20.275066,24.664757,25.503,29.98407,29.72407,33.804497,37.50795,34.541313,30.465284,27.983995,24.683905,22.855713,18.044931,16.817774,13.936371,13.270745,15.646412,15.251016,18.035315,19.810616,19.603657,22.907663,24.488304,23.818151,23.971828,27.061174,28.63251,29.797817,30.588814,29.589647,31.860456,29.445927,34.087444,33.526974,37.89516
1,4.1163826,0.0,5.275675,6.150604,9.312025,12.753181,14.681016,18.910583,22.009087,25.95873,28.647951,31.219843,33.550106,32.93719,33.101887,29.713703,29.590729,28.093767,29.21536,28.463074,26.10889,28.14734,26.783646,30.467302,32.01536,30.957014,35.444717,31.691082,35.690582,36.200485,31.9519,31.314543,38.634556,38.00301,35.03348,37.183678,39.25361,42.694824,37.90324,36.79813,35.323677,30.986324,30.325579,25.407501,26.60406,20.50448,23.18041,19.32591,15.604314,21.817081,22.26943,15.623137,19.193392,24.60662,23.29493,25.307068,21.575712,24.455757,21.493477,26.741468,24.55633,23.839693,24.996563,26.529797,25.093842,25.801504,28.9272,29.092386,25.612736,22.873617,19.271536,15.80964,18.525011,17.744514,20.395084,19.847738,23.908459,24.73902,29.203753,28.80518,32.898003,36.38303,33.025425,29.014145,26.46276,23.239397,21.201138,16.727345,15.088974,12.891295,11.559912,13.038367,12.20579,14.401439,16.547085,16.888721,19.852146,21.067757,20.995132,21.616997,24.261253,25.40304,26.304724,27.03128,26.303675,28.449842,26.58638,31.172089,30.97548,35.382416
2,6.344992,5.275675,0.0,5.20293,7.525393,9.364315,12.6517935,15.473076,19.316574,22.572672,25.68809,28.282911,30.219023,29.82528,30.73118,27.598553,28.234444,26.87679,29.015644,28.403866,26.89085,29.415764,28.251484,32.58041,33.597492,32.108036,36.162876,32.180687,35.803917,35.916004,31.251534,30.576635,37.832405,36.551414,33.32711,35.66923,37.21011,40.407772,35.52852,34.146538,33.202816,28.325663,27.849628,23.0922,23.817621,18.097528,19.688084,16.27175,11.818725,17.599604,17.65595,10.655403,14.34424,19.68711,18.048336,20.180468,16.67537,19.636126,16.924618,22.435328,20.92727,20.733248,22.52173,24.368448,23.9648,24.83776,28.519573,29.349672,26.033806,24.17894,20.599466,16.579891,18.392426,16.559834,18.765926,17.192188,21.069136,21.079641,25.74911,24.749739,29.029472,32.6639,29.429066,25.543398,23.620747,19.706087,18.96051,14.170274,13.89454,12.185575,12.393464,13.952365,14.286426,15.6802435,19.485998,18.617125,20.208754,22.541386,23.161638,22.893763,24.71732,26.537666,27.678198,27.588306,26.630585,27.85872,25.598629,30.000137,29.17679,33.617188
3,8.648848,6.150604,5.20293,0.0,3.8918679,6.999484,8.810263,13.1229,15.966934,20.239368,22.656675,25.65553,27.609035,26.841358,27.100317,23.651594,23.790703,22.330538,24.036833,23.445621,21.796673,24.329956,23.483295,27.756939,28.996815,27.640259,31.503628,27.382711,31.032408,31.435768,27.08735,26.00019,33.33689,32.562225,29.280033,31.397068,33.323425,36.65688,31.803608,30.656906,29.306217,24.87248,24.509651,19.530663,21.272717,15.896853,18.26716,15.748338,12.540551,18.608356,17.870651,11.752052,16.76874,21.19323,19.812052,21.13542,16.889793,19.976963,17.704983,22.52271,19.738821,19.919922,20.816284,21.972282,21.588852,21.427052,25.341219,25.76876,22.042465,20.630499,16.81821,13.064424,14.058037,13.286639,14.990539,14.456273,18.16412,18.994682,23.372177,23.069118,27.059967,30.419445,26.987936,22.961811,20.354336,17.240887,15.14502,10.780705,9.391395,8.048955,7.6163573,8.763177,9.407041,11.054583,15.026118,13.501344,15.155745,17.651943,18.127977,17.717623,19.586563,21.501364,22.846838,22.903387,21.744846,23.489388,21.024149,25.585182,25.051453,29.465946
4,12.256473,9.312025,7.525393,3.8918679,0.0,4.5985894,5.5118937,9.957031,12.856731,16.804956,19.414694,21.979525,24.362415,23.88592,23.966658,20.976778,21.182339,20.35892,22.054161,22.284538,21.176504,23.985086,23.958961,28.22072,29.664078,28.332012,31.596334,27.13988,30.442993,31.017279,26.85363,24.939768,32.247795,31.621565,27.833742,29.65091,31.508827,34.550156,29.439833,28.005125,26.410719,21.976414,21.04304,16.172161,17.483295,12.019232,14.621233,12.322572,9.929854,15.880533,15.147188,10.167009,15.205794,19.005445,18.515076,19.382446,15.353631,19.10161,17.853443,22.444315,19.6169,20.788267,21.632542,22.46453,23.0236,22.064198,26.526556,26.999718,23.054913,22.540607,18.68116,15.150097,14.635218,14.284906,14.685459,14.202392,17.13059,17.520058,21.811209,21.092892,25.08385,28.206364,24.423271,20.586926,18.250061,14.988645,13.369857,9.679742,8.728734,9.095565,8.927038,8.565048,9.527458,9.443055,14.823286,13.15953,13.207565,16.009989,17.615385,17.17017,17.880905,19.70313,20.89655,20.337757,19.33454,20.338943,18.269444,22.63538,22.171125,26.63454
5,14.785782,12.753181,9.364315,6.999484,4.5985894,0.0,4.6483655,6.3310437,10.00966,13.59508,16.36229,19.482704,21.003899,20.496166,21.450785,18.504921,19.624437,18.724228,21.678648,21.76069,21.585136,24.73815,24.727964,29.517467,30.282793,28.53807,31.337217,26.832294,29.691624,29.791933,25.275675,23.48813,30.571827,29.261087,25.341335,27.408579,28.717619,31.585749,26.492697,24.902071,24.00276,18.994999,18.72556,13.991756,15.420461,11.290262,12.187118,11.674486,9.207373,13.954181,11.731061,7.1512227,13.143056,15.943495,14.843062,15.29386,10.96615,14.723387,14.071861,18.365076,15.758192,17.661594,18.806694,19.726866,21.344759,20.401821,25.275333,26.341,22.708553,23.069595,19.47487,15.75922,14.321556,12.976617,12.631553,11.133102,13.630298,13.2883625,17.740883,16.65715,20.779438,24.059822,20.448599,16.610964,14.780533,10.859784,10.626185,6.7643166,7.9732676,9.121976,10.722974,10.800855,12.883559,12.642927,18.409006,15.492638,14.339783,18.310287,20.02556,18.489246,18.526678,21.237389,22.823875,21.570282,20.12839,20.3295,17.413288,21.503983,20.184216,24.597124
6,17.428053,14.681016,12.6517935,8.810263,5.5118937,4.6483655,0.0,5.9747424,7.521515,12.14608,14.139109,17.132246,19.278263,18.633827,18.467478,15.552471,15.908957,15.49212,17.618109,18.444164,18.31593,21.4994,22.323156,26.75498,28.020739,26.574747,28.931015,24.185999,26.923067,27.545254,23.630342,20.868267,27.994926,27.478418,23.24283,24.775759,26.56954,29.397522,24.159492,22.638449,20.909468,16.557312,15.7107115,10.742022,13.007941,9.16203,11.494596,11.672364,11.185875,15.72666,13.674877,11.099324,16.525608,18.600525,18.45538,18.25906,14.098478,17.88821,17.853575,21.370752,17.914421,20.19756,20.498837,20.627089,22.322613,20.17215,25.202324,25.746836,21.704842,22.616392,18.961039,15.937335,13.305354,13.582938,12.090442,12.118572,13.718154,14.119824,17.87956,17.336342,20.95833,23.672798,19.644142,15.931789,13.49128,10.821196,9.004191,7.111591,6.799776,9.453142,10.066622,8.531046,10.66392,9.307045,15.488249,12.389766,10.051356,14.140869,16.489517,15.105536,14.336347,16.823898,18.369465,16.942009,15.52514,15.821333,13.201885,17.415613,16.709637,21.178995
7,21.107712,18.910583,15.473076,13.1229,9.957031,6.3310437,5.9747424,0.0,4.989538,7.284245,10.3452,13.40082,14.765357,14.652342,15.925881,13.908122,15.830512,15.977786,19.580992,20.69461,21.820564,25.259867,26.251722,31.031666,31.666172,29.84042,31.503576,26.761642,28.75686,28.842613,24.678968,21.859331,28.380592,26.995705,22.398775,24.037333,24.877548,27.118326,21.753159,19.644695,18.854795,13.565444,12.967688,8.791606,9.852199,8.354075,7.4361563,10.3878565,10.418755,12.578949,8.874687,9.040129,13.981389,14.23417,14.297814,13.2617655,9.664504,13.789634,15.33619,18.23107,15.67942,19.185799,20.051426,20.319828,23.478594,21.457474,26.853811,28.114265,24.553566,26.312489,22.99875,19.817,16.62351,15.739435,13.349639,11.941853,12.135851,10.63795,14.367495,12.481239,16.352606,19.112486,15.005653,11.651564,10.853528,6.705688,8.848428,8.049135,10.4686575,13.26703,15.131158,14.182119,16.607439,15.002189,21.324352,17.88132,14.458088,19.013334,21.746813,19.677673,17.89028,20.86008,22.452414,20.06718,18.559324,17.125082,14.229199,17.432741,15.550762,19.806395
8,24.380138,22.009087,19.316574,15.966934,12.856731,10.00966,7.521515,4.989538,0.0,6.209055,6.7660103,11.11994,11.980811,11.1164,11.441561,9.046018,10.884141,11.425613,15.159561,16.746204,18.584642,22.07434,23.753994,28.347279,28.96138,27.226776,28.132246,23.299286,24.822533,25.130968,21.520447,17.852123,24.106987,23.211973,18.301493,19.499773,20.61188,22.829731,17.368605,15.421122,14.122253,9.214542,9.123645,4.4749236,8.616596,9.77681,9.54078,13.755885,14.940631,16.783062,12.95673,13.983211,18.871391,18.435799,18.545181,16.891085,13.3330765,16.555403,18.382694,20.095625,16.545385,20.352379,20.263496,19.642187,23.142609,19.952623,25.44871,26.42167,22.791752,25.468191,22.425812,19.99172,15.575845,15.796108,12.133889,12.084984,10.879345,10.40874,12.795083,12.088151,14.931466,16.943932,12.58499,9.343584,7.6702003,6.1295476,6.5071263,8.717807,10.430916,14.081255,15.716686,14.120413,16.814405,14.934249,20.834469,16.691885,12.105668,17.080727,19.87996,17.27455,14.483917,17.85537,19.746885,16.994696,15.059496,13.4221525,9.700698,12.678546,10.60268,14.910536
9,28.337349,25.95873,22.572672,20.239368,16.804956,13.59508,12.14608,7.284245,6.209055,0.0,4.877162,6.57696,8.076914,9.2860985,10.869315,11.299829,14.054622,15.893914,19.584145,21.981808,24.326626,27.779957,29.786577,34.25898,34.860962,33.09167,33.521324,28.74246,29.68776,29.850033,26.424791,22.54099,27.90523,26.648487,21.47231,22.27554,22.461494,23.586237,18.055695,15.13266,14.376648,9.315203,7.402419,6.174256,5.095986,9.467851,6.288658,12.648607,14.993365,14.341891,10.433593,14.705146,17.792992,15.525294,17.113487,14.735266,13.091978,16.625368,19.900522,21.274826,19.140526,23.64762,24.194075,23.832659,28.087376,25.195206,30.738289,32.053368,28.672602,31.510534,28.50621,25.863548,21.63696,21.283318,17.682585,16.699398,14.818294,12.494424,14.216779,11.502718,14.10976,15.522172,10.826743,9.34707,10.669498,8.366086,12.092168,13.911244,16.313108,19.697279,21.458603,19.856531,22.211756,19.660398,25.927412,22.47092,17.48234,21.840172,25.413107,23.178596,19.715347,22.45777,23.805138,20.335482,19.053818,15.551256,13.526876,14.743097,12.369763,15.844358
10,31.004133,28.647951,25.68809,22.656675,19.414694,16.36229,14.139109,10.3452,6.7660103,4.877162,0.0,6.341294,5.4112806,5.179216,6.192754,6.974884,10.228646,12.463059,16.441387,18.988955,22.063633,25.437147,27.843866,32.152725,32.512,30.761122,30.440722,25.776674,26.126934,26.315578,23.432749,19.053478,23.759867,22.76615,17.428528,17.801624,17.981552,18.958326,13.3617525,10.473495,9.557598,4.5471053,4.2880874,4.768671,7.4340506,12.926979,10.95722,17.0477,19.40883,19.211298,15.0765,18.69733,22.409561,20.11889,21.011776,18.38246,16.273895,18.872854,22.077503,22.454184,19.508959,24.116524,23.889479,22.824615,27.352087,23.663635,29.11556,30.276411,27.055685,30.657312,28.019787,25.98679,21.006603,21.2713,16.93388,16.812334,13.910336,12.479438,12.708608,11.412503,12.64066,13.1131525,8.353741,7.467573,8.442633,8.904447,11.306849,14.759073,16.811033,20.506899,22.261017,20.491173,23.094591,20.711008,26.404491,22.30681,16.866356,21.438686,24.692898,21.9025,17.878,21.02335,22.707478,19.087088,17.344978,13.816713,10.912286,11.193518,8.049545,11.158044
11,33.99245,31.219843,28.282911,25.65553,21.979525,19.482704,17.132246,13.40082,11.11994,6.57696,6.341294,0.0,6.5748787,9.291942,8.81295,12.146634,14.155027,17.584244,20.019457,23.746159,26.53722,29.749378,32.71109,36.538998,37.541843,36.10261,35.67903,30.924753,31.196249,31.830168,29.393354,24.512354,28.878046,28.447458,23.028664,22.707108,22.874083,22.985325,17.607746,14.308857,12.437522,9.761946,4.809827,8.070373,4.99188,12.112697,10.017082,15.980817,19.73283,18.311972,15.657726,20.775164,22.978065,20.090796,22.821928,20.212477,19.413477,22.747528,26.351988,27.260414,25.056269,29.714575,29.867653,29.026266,33.42237,29.810453,35.275703,36.25385,32.79379,36.088516,33.18344,31.02555,26.312992,26.775816,22.717218,22.486845,20.020586,18.108908,18.597775,16.273378,17.487886,17.364292,12.822002,13.175103,14.7612295,14.256205,16.957176,19.712471,21.442423,25.124002,26.361439,24.081196,26.058033,22.723045,28.611279,25.664349,19.847504,23.340622,27.62446,25.798977,21.191874,23.069756,23.876535,19.743925,19.075432,14.004136,14.003691,13.143531,11.651771,13.836116
12,35.76168,33.550106,30.219023,27.609035,24.362415,21.003899,19.278263,14.765357,11.980811,8.076914,5.4112806,6.5748787,0.0,3.9157043,7.1229916,10.2547,13.849287,16.356123,20.430706,23.061111,26.637396,29.913235,32.434116,36.690636,36.742504,34.889492,33.975307,29.570103,29.243574,29.130882,26.544355,22.290783,25.74488,24.318356,19.137014,19.159111,18.233904,17.96519,12.921912,9.384126,10.004322,6.607699,6.826588,9.962295,10.286857,16.854021,13.727123,20.32451,22.95305,21.350117,17.118382,22.087992,24.88489,21.342487,22.574398,19.408634,18.540583,20.520634,24.563581,24.074871,21.975939,26.957598,26.897282,25.807108,30.949547,27.361975,32.688076,34.140915,31.311691,35.28985,32.880333,30.877773,25.840742,25.749376,21.339334,20.789534,17.299505,15.085571,14.117964,12.11394,11.967198,11.052419,6.922818,8.876774,11.799849,12.472666,16.018616,19.455957,21.928461,25.506329,27.508177,25.876282,28.499367,26.025846,31.735579,27.663353,22.124659,26.522272,29.87671,26.983883,22.718634,25.738153,27.28087,23.383753,21.835533,17.621496,15.412175,14.3124,10.983461,12.249407
13,34.976776,32.93719,29.82528,26.841358,23.88592,20.496166,18.633827,14.652342,11.1164,9.2860985,5.179216,9.291942,3.9157043,0.0,5.6131563,7.294719,11.403817,13.248276,17.952312,19.969341,23.813063,27.05199,29.406963,33.750546,33.454037,31.499956,30.407288,26.139975,25.660177,25.35585,22.79057,18.678902,21.992636,20.410053,15.244712,15.459586,14.536328,14.747582,9.492408,6.1918406,7.666895,3.5974507,7.363436,9.470257,12.139645,18.057892,15.519463,21.897842,24.000803,23.251484,18.560476,22.457216,26.113394,23.112831,23.377754,20.316656,18.575243,20.001373,23.619036,22.682236,19.887552,24.733805,24.193075,22.74765,27.920652,24.051487,29.259398,30.696482,28.05153,32.347538,30.203922,28.499681,23.222998,23.27858,18.64265,18.481348,14.585028,13.093074,11.410343,10.780456,10.045298,9.0699835,4.9675817,6.5601215,8.881689,11.035166,13.703458,17.734774,20.099524,23.656713,25.79132,24.350151,27.22031,25.233536,30.564243,25.934698,20.62008,25.353212,28.10012,24.714554,20.683847,24.246494,26.207249,22.603868,20.546383,17.165812,13.706389,12.829834,8.7673645,9.994011
14,35.607075,33.101887,30.73118,27.100317,23.966658,21.450785,18.467478,15.925881,11.441561,10.869315,6.192754,8.81295,7.1229916,5.6131563,0.0,5.367057,7.565206,11.065825,14.036668,17.36095,21.17452,24.176779,27.38985,31.05542,31.43758,29.961645,28.522776,24.1059,23.529818,24.098198,22.475863,17.17742,20.483507,20.494287,15.10438,14.144267,14.590145,14.908189,9.480322,6.8552885,3.7181427,3.9247615,4.809946,8.014048,11.5470085,17.448986,16.497301,22.270645,25.060131,25.083641,21.231638,24.655296,28.535074,26.219036,27.109995,24.37019,22.181292,24.26483,27.319723,27.001663,23.46047,27.898195,26.869488,25.055136,29.522297,24.925037,30.015202,30.741453,27.671183,31.984877,29.76401,28.55287,22.986948,24.216745,19.4307,20.41869,16.949875,16.659653,15.443076,15.631519,15.25845,14.220951,10.457688,10.9055395,11.061179,13.871294,14.373154,18.859838,20.109661,23.949131,25.311476,23.158354,25.647984,23.176678,27.981054,23.744112,17.915213,21.967752,25.067413,22.12412,17.278103,20.19749,21.909918,18.111176,16.252851,12.495936,9.907894,7.689498,4.420457,5.3968277
15,31.955841,29.713703,27.598553,23.651594,20.976778,18.504921,15.552471,13.908122,9.046018,11.299829,6.974884,12.146634,10.2547,7.294719,5.367057,0.0,4.503129,6.1520295,10.776572,12.829321,16.651327,19.831526,22.522793,26.600897,26.642916,24.969845,23.956863,19.433811,19.338064,19.704552,17.527039,12.479943,16.968386,16.749853,11.337624,11.316988,12.559011,14.478897,9.0332985,7.8307548,5.9443126,3.7476406,7.7131386,7.185356,13.058836,17.261219,16.88289,22.058449,23.907217,25.049683,20.805725,22.686882,27.506544,26.06716,25.885338,23.503283,20.294544,22.022848,24.269548,23.991785,19.682392,23.672728,22.24681,20.250565,24.383436,19.645412,24.739004,25.422052,22.32978,26.689537,24.588917,23.531754,17.850763,19.223625,14.358284,15.872181,12.518478,13.386722,12.420635,13.934301,14.008792,14.0044775,10.496581,9.091932,7.106664,11.038974,9.79651,14.70312,15.698014,19.422384,20.932415,19.135351,21.954828,20.291758,24.755123,19.793036,14.548273,19.290213,21.460276,17.861767,13.747169,17.6823,20.063202,16.983845,14.329601,12.513826,7.3951254,7.5340037,3.3215828,6.5871387
16,32.131485,29.590729,28.234444,23.790703,21.182339,19.624437,15.908957,15.830512,10.884141,14.054622,10.228646,14.155027,13.849287,11.403817,7.565206,4.503129,0.0,4.7293925,6.6136327,10.093417,13.712657,16.643946,20.111477,23.539469,24.242283,23.051235,21.892044,17.235092,17.288797,18.566883,17.282404,11.35697,16.072006,17.399899,12.339434,11.464398,14.076545,16.239666,11.404963,10.998676,7.2768793,7.879099,9.3699,8.461717,14.471476,17.821625,18.76697,23.101458,25.200142,27.079208,23.48506,24.743149,29.720875,28.919106,29.026518,26.945715,23.450195,25.534256,27.245333,27.443314,22.71744,26.170712,24.390648,22.195032,25.447882,20.269197,25.036457,25.005598,21.556871,25.772327,23.659208,23.146402,17.422985,19.909916,15.280552,17.778757,15.168846,16.870693,16.339518,18.14253,18.426846,18.401894,14.985003,13.421147,10.659785,14.305134,11.333531,16.050554,15.834029,19.555279,20.260704,17.908342,20.320131,18.474325,22.148174,17.469625,12.026699,16.098202,18.273178,15.011103,10.202253,13.772821,16.169472,13.258732,10.439003,9.473104,4.1943674,4.270393,3.1530778,6.2366858
17,30.19628,28.093767,26.87679,22.330538,20.35892,18.724228,15.49212,15.977786,11.425613,15.893914,12.463059,17.584244,16.356123,13.248276,11.065825,6.1520295,4.7293925,0.0,6.497767,6.7424674,10.720126,13.852997,16.477486,20.53293,20.50888,18.947367,18.112156,13.421475,13.890877,14.695557,12.754453,7.2329526,13.217356,14.068655,9.4553385,9.784635,12.776949,16.060745,11.8636,12.388472,10.398607,9.8179245,12.9994755,10.824705,17.36338,19.710072,20.574717,24.56107,25.72192,28.195887,24.17933,24.287565,29.87887,29.56023,28.649384,26.806347,22.70745,24.151226,25.17651,25.113071,19.880943,22.779827,20.54232,18.096582,21.031622,15.666948,20.325762,20.326815,17.020979,21.538242,19.739395,19.503918,13.627196,16.198977,11.577518,14.664235,12.232076,15.042492,14.484968,17.378927,17.703377,18.256958,15.50212,13.145193,9.232256,13.461444,9.072767,13.849587,13.44056,16.781096,17.80155,16.130072,18.952034,18.249443,21.405848,15.846989,11.65072,16.33901,17.092926,12.829017,9.556574,14.317348,17.363895,15.467284,12.110129,13.08532,6.8262653,8.832664,7.164536,9.66649
18,31.812136,29.21536,29.015644,24.036833,22.054161,21.678648,17.618109,19.580992,15.159561,19.584145,16.441387,20.019457,20.430706,17.952312,14.036668,10.776572,6.6136327,6.497767,0.0,5.8488016,8.465926,10.76522,15.120066,17.598654,19.06641,18.564064,17.474955,12.833363,13.533845,16.02513,15.881242,9.89276,14.871149,17.934916,14.167512,13.087138,17.021292,19.867573,16.20828,16.819994,13.126949,14.39458,15.385316,13.557161,19.439075,21.051615,23.309492,26.346785,28.06836,31.113998,28.03908,27.912922,33.320736,33.538853,33.356415,31.759298,27.677368,29.748371,30.47455,31.062227,25.748672,28.191908,25.838379,23.40616,25.187132,19.68415,23.606512,22.537682,18.820295,22.701252,20.859552,21.377575,15.993235,19.859694,16.025387,19.69679,18.16439,21.043781,20.919035,23.444126,23.949846,24.227903,21.159815,19.067043,15.351628,18.84686,13.968908,17.93144,16.14849,19.28747,18.963848,16.381416,18.2219,17.019241,18.750639,14.205917,9.986929,12.735323,13.595121,10.461874,5.805421,9.261301,12.210649,10.890871,7.5561824,10.400207,6.448135,7.9011893,9.644064,11.302952
19,30.436338,28.463074,28.403866,23.445621,22.284538,21.76069,18.444164,20.69461,16.746204,21.981808,18.988955,23.746159,23.061111,19.969341,17.36095,12.829321,10.093417,6.7424674,5.8488016,0.0,4.839235,7.3837748,10.468329,13.956456,14.155233,13.11943,12.345544,7.4451947,9.029192,11.107961,10.559955,5.6071806,11.7448225,14.442084,11.924272,12.057101,16.103636,19.88265,17.034132,18.40083,16.1744,16.53782,19.126308,16.55426,22.9555,23.993893,25.881895,28.776272,29.505827,32.992966,29.406322,28.2146,34.174316,34.77232,33.491863,32.110462,27.528748,28.803421,28.794392,28.98205,23.283936,24.927837,22.014166,19.300032,20.39221,14.7086935,18.076801,16.81196,13.337239,17.758995,16.558973,17.729916,12.387031,16.437304,13.065357,17.27939,16.12811,19.958546,19.706429,23.199253,23.609682,24.333208,22.019342,19.425886,15.087742,18.894808,13.16159,16.740358,14.784785,17.172207,17.207212,15.677014,17.966162,18.315083,19.327368,13.731182,11.6673355,15.018955,13.721988,9.096127,7.8640265,12.400589,15.836523,15.639823,12.175141,15.784208,10.665744,12.966004,13.109763,14.763643
20,28.089481,26.10889,26.89085,21.796673,21.176504,21.585136,18.31593,21.820564,18.584642,24.326626,22.063633,26.53722,26.637396,23.813063,21.17452,16.651327,13.712657,10.720126,8.465926,4.839235,0.0,3.5303695,6.7424455,10.094812,11.469549,11.070775,12.07099,7.490486,10.92925,13.375374,12.731217,9.693681,15.567363,18.314222,16.406034,16.82371,20.838255,24.70166,21.771408,22.919317,20.436178,20.317835,22.158016,18.897312,24.943457,24.642418,27.29301,29.1197,29.459597,33.725792,30.68918,28.500664,34.536587,35.964226,34.631477,33.72093,28.884094,30.407728,29.685535,30.586277,24.858738,25.747026,22.908718,20.564062,20.291489,15.194198,17.914509,15.903396,11.897099,15.0232525,13.64556,15.375225,11.044184,15.863169,13.755544,18.18495,18.253239,22.274107,22.845764,26.124765,27.134521,28.325432,25.778425,22.741753,18.187298,21.103806,14.846623,17.18771,14.189529,15.827523,14.91327,13.405233,15.089404,16.190403,15.802359,10.473309,10.500966,12.73431,9.89474,5.342522,7.092395,10.786899,14.1985235,15.299544,12.180746,17.132092,12.927422,16.018343,16.836716,18.981909
21,30.047113,28.14734,29.415764,24.329956,23.985086,24.73815,21.4994,25.259867,22.07434,27.779957,25.437147,29.749378,29.913235,27.05199,24.176779,19.831526,16.643946,13.852997,10.76522,7.3837748,3.5303695,0.0,5.378838,6.907375,9.0924,9.642959,10.564287,6.9895988,10.5745945,13.569528,14.040528,11.70633,16.359068,19.783043,18.608393,18.74632,22.936174,26.773037,24.33342,25.749971,23.165659,23.545206,25.31339,22.23747,28.20014,27.766565,30.651917,32.238663,32.561935,37.0159,34.128056,31.735579,37.771458,39.3829,38.01451,37.1831,32.29818,33.7385,32.800896,33.663303,27.88664,28.412611,25.377062,22.955992,22.03671,17.107918,18.883188,16.235004,12.643658,15.308576,14.546363,17.038687,13.52716,18.424755,16.829464,21.296646,21.505013,25.650213,26.090498,29.540888,30.407549,31.477612,29.088196,26.150848,21.604584,24.6123,18.333344,20.471497,17.276365,18.484278,17.188921,15.812507,16.970776,18.343416,16.73323,12.220869,13.188287,14.235556,10.500593,7.179066,9.581727,11.994872,15.089879,16.912685,14.140075,19.49293,15.915255,18.600843,19.78953,21.513386
22,28.016718,26.783646,28.251484,23.483295,23.958961,24.727964,22.323156,26.251722,23.753994,29.786577,27.843866,32.71109,32.434116,29.406963,27.38985,22.522793,20.111477,16.477486,15.120066,10.468329,6.7424455,5.378838,0.0,5.760439,5.827553,5.7181497,9.551031,7.2573223,11.827118,13.581469,13.02401,13.213356,17.93156,20.248442,19.970934,21.047468,24.819328,29.031286,26.826246,28.352386,26.541882,26.074432,28.443752,24.845642,30.853943,29.82651,32.455418,33.703857,33.183697,37.97334,34.921722,31.590916,37.8397,39.897785,37.74861,37.249096,32.11218,33.02811,31.3397,32.183273,26.438179,26.014221,22.8184,20.610218,18.435558,14.305816,14.973884,11.8609495,8.461005,10.3367405,10.39661,13.749189,11.57167,16.127954,15.822237,20.13928,21.130253,25.585365,26.30345,30.026028,31.091295,32.648636,30.647612,27.34511,22.677816,25.283463,18.93509,20.113821,16.886166,17.003586,15.897203,15.755883,17.05094,19.703863,17.771484,13.01744,15.700895,17.208668,12.534818,9.064095,13.347252,16.181824,19.246386,21.24376,18.44141,23.699501,19.480305,22.707697,23.16557,25.212782
23,31.893585,30.467302,32.58041,27.756939,28.22072,29.517467,26.75498,31.031666,28.347279,34.25898,32.152725,36.538998,36.690636,33.750546,31.05542,26.600897,23.539469,20.53293,17.598654,13.956456,10.094812,6.907375,5.760439,0.0,5.501515,8.13502,10.602032,10.09528,13.713437,16.363958,17.469404,17.178522,20.539446,23.974249,24.029236,24.39073,28.483656,32.454983,30.604328,32.290367,29.944706,30.291643,32.167957,28.892645,34.73598,33.62765,36.761353,37.70776,37.51526,42.47529,39.795918,36.54462,42.65016,44.85627,43.065556,42.583965,37.49818,38.646526,36.982407,37.93785,32.19046,31.729166,28.502632,26.249657,23.812086,19.857498,19.804777,16.228464,13.686186,14.563791,15.033254,18.654526,17.088018,21.734983,21.459099,25.80758,26.697536,31.093416,31.676037,35.372314,36.29753,37.5611,35.4678,32.373096,27.73909,30.499727,24.114546,25.421816,21.925838,22.06029,20.315578,19.700819,20.166176,22.525703,19.169104,15.926505,18.836632,18.778082,13.727305,12.065185,15.92964,17.224335,19.718662,22.49194,20.210688,25.915915,22.730198,25.444433,26.67989,28.268398
24,32.905468,32.01536,33.597492,28.996815,29.664078,30.282793,28.020739,31.666172,28.96138,34.860962,32.512,37.541843,36.742504,33.454037,31.43758,26.642916,24.242283,20.50888,19.06641,14.155233,11.469549,9.0924,5.827553,5.501515,0.0,3.3392732,6.6450386,7.945578,11.361179,12.899209,14.0337105,15.570617,18.07057,20.803833,21.919504,22.805641,26.503605,30.67249,29.472246,31.539644,30.050875,30.212343,33.08088,29.871681,36.08665,35.48628,37.933372,39.449493,38.897552,43.590443,40.29585,37.002792,43.324,45.246605,42.77978,42.191437,37.04356,37.472298,35.679077,35.923004,30.17247,29.35287,25.751743,23.262945,20.607323,16.787598,15.6774645,11.921957,10.625877,12.522747,14.197517,18.124947,16.533745,20.532234,20.38425,24.585436,25.256,29.86479,29.97979,34.17471,34.716965,35.980495,34.538425,31.516972,26.948763,30.051186,23.86031,25.280722,22.357336,22.259384,21.38083,21.526945,22.716417,25.446299,23.002375,18.722244,21.301548,22.48524,17.664705,14.663289,18.386486,20.89619,23.814713,25.96339,23.202778,28.43665,24.222038,26.85302,27.251013,28.607653
25,31.642792,30.957014,32.108036,27.640259,28.332012,28.53807,26.574747,29.84042,27.226776,33.09167,30.761122,36.10261,34.889492,31.499956,29.961645,24.969845,23.051235,18.947367,18.564064,13.11943,11.070775,9.642959,5.7181497,8.13502,3.3392732,0.0,5.915909,6.7338185,10.346802,10.962572,11.189845,13.656519,16.476837,18.4088,19.684269,21.044933,24.449665,28.755688,27.571089,29.651812,28.628098,28.402124,31.702015,28.427578,34.7333,34.315563,36.360535,38.143337,37.392868,41.898354,38.312794,35.030293,41.414703,43.17306,40.407192,39.774586,34.628445,34.758614,32.95161,32.92791,27.200708,26.317604,22.617813,20.05838,17.500568,13.612033,12.434187,8.794776,7.7049203,10.6473255,12.537269,16.286526,14.452959,18.049803,17.897453,21.96197,22.566963,27.217022,27.234703,31.559628,32.04253,33.42162,32.206135,29.146782,24.63625,27.751368,21.734777,23.139301,20.576921,20.43179,20.09358,20.598375,22.246199,25.081852,23.407976,18.483631,20.781656,22.768751,18.245283,14.507454,18.127855,21.366953,24.526085,26.236082,23.224863,28.099882,23.312809,26.070618,25.939405,27.406347
26,36.425606,35.444717,36.162876,31.503628,31.596334,31.337217,28.931015,31.503576,28.132246,33.521324,30.440722,35.67903,33.975307,30.407288,28.522776,23.956863,21.892044,18.112156,17.474955,12.345544,12.07099,10.564287,9.551031,10.602032,6.6450386,5.915909,0.0,4.9897795,5.74618,6.901434,10.073103,11.733967,12.070191,15.212212,17.14598,17.732672,21.236248,25.240042,24.92626,27.48594,26.530403,27.390867,31.02621,28.58302,35.08802,35.797306,37.54264,40.14494,40.00922,43.94954,40.03755,37.73822,44.070534,45.103363,42.615665,41.503654,36.592373,36.624817,35.55124,34.83446,29.051552,28.92938,25.026419,21.92713,20.739515,15.967766,15.250072,12.373004,11.902289,16.187212,17.77145,21.064108,17.959553,21.530005,20.138752,24.260468,23.724771,28.24083,27.324055,31.913712,31.631853,32.287666,31.415703,28.98194,24.740843,28.737486,23.035667,25.561617,23.460499,24.140678,24.111359,24.022268,25.89433,27.916092,26.728376,21.639198,22.473724,24.594189,20.837702,16.862965,18.829044,22.106525,25.280684,26.481874,23.37362,27.744328,22.998432,24.749144,24.621145,25.13431
27,32.99626,31.691082,32.180687,27.382711,27.13988,26.832294,24.185999,26.761642,23.299286,28.74246,25.776674,30.924753,29.570103,26.139975,24.1059,19.433811,17.235092,13.421475,12.833363,7.4451947,7.490486,6.9895988,7.2573223,10.09528,7.945578,6.7338185,4.9897795,0.0,4.6342354,6.750451,8.168945,7.819958,10.81924,13.894304,14.266117,14.903566,18.732622,22.85246,21.576822,23.749973,22.424746,22.97055,26.306705,23.695414,30.168861,30.83551,32.651974,35.261177,35.316437,39.190456,35.395123,33.318703,39.57942,40.555046,38.412403,37.259567,32.38798,32.83867,32.03001,31.69528,25.839436,26.259409,22.63054,19.611414,19.132486,13.742054,14.751809,12.382419,10.249725,14.98302,15.488287,18.173206,14.190414,18.129164,16.150766,20.460424,19.850708,24.283455,23.681437,27.96811,28.008005,28.800045,27.41598,24.812294,20.434906,24.323423,18.47125,21.219364,19.06477,20.206652,20.185223,19.716698,21.765512,23.411953,22.8708,17.450903,17.674406,20.19798,16.970558,12.560104,14.068481,17.776955,21.10657,21.97899,18.740828,23.002995,18.10863,20.162653,20.072903,21.047436
28,37.057297,35.690582,35.803917,31.032408,30.442993,29.691624,26.923067,28.75686,24.822533,29.68776,26.126934,31.196249,29.243574,25.660177,23.529818,19.338064,17.288797,13.890877,13.533845,9.029192,10.92925,10.5745945,11.827118,13.713437,11.361179,10.346802,5.74618,4.6342354,0.0,4.1383276,8.41187,7.423309,6.9654813,11.305022,12.419934,12.302958,16.092794,19.915272,19.596695,22.256536,21.228273,22.705614,26.46185,24.663675,31.177298,32.824253,34.2225,37.519054,37.95594,41.28864,37.18853,35.881,42.03243,42.393997,40.358425,38.83894,34.229603,34.446983,34.176952,33.18715,27.439074,28.330725,24.59283,21.258245,21.688957,16.094957,17.04577,15.195075,13.947748,19.158411,19.836739,22.292128,17.87846,21.38217,18.73434,22.784254,21.280346,25.457806,24.003767,28.486303,27.80479,27.957834,27.032766,25.057377,21.099756,25.636465,20.36907,23.839651,22.243393,23.807247,24.133049,23.465912,25.671026,26.80405,26.696667,21.288832,20.49027,23.153748,20.607553,16.257776,16.427528,20.072998,23.29906,23.629776,20.390507,23.918549,19.073462,20.095007,19.797245,19.788141
29,37.194122,36.200485,35.916004,31.435768,31.017279,29.791933,27.545254,28.842613,25.130968,29.850033,26.315578,31.830168,29.130882,25.35585,24.098198,19.704552,18.566883,14.695557,16.02513,11.107961,13.375374,13.569528,13.581469,16.363958,12.899209,10.962572,6.901434,6.750451,4.1383276,0.0,5.6764846,7.4805737,5.978297,8.336316,10.878093,11.768048,14.719135,18.769989,18.979351,21.837336,21.805614,22.739304,27.24144,25.421873,31.973919,33.815636,34.6441,38.2294,38.314384,41.41227,36.916855,35.558086,41.75256,41.9189,39.361965,37.797127,33.22705,32.854324,32.52362,30.962034,25.348343,26.053135,22.149181,18.670341,19.374115,14.003674,14.552349,13.363791,13.095383,18.760954,19.82286,22.07875,17.799517,20.482006,17.94855,21.587988,19.878824,24.059212,22.226332,27.039173,26.06748,26.297049,25.993044,24.078283,20.339844,24.939268,20.127028,23.483753,22.454473,23.79187,24.721497,24.60012,27.16209,28.587542,28.974926,23.168285,22.44159,25.765299,23.22919,18.474957,18.899933,23.090298,26.451078,26.504282,23.108948,26.208096,20.764286,21.897223,20.764124,20.774767
30,32.666573,31.9519,31.251534,27.08735,26.85363,25.275675,23.630342,24.678968,21.520447,26.424791,23.432749,29.393354,26.544355,22.79057,22.475863,17.527039,17.282404,12.754453,15.881242,10.559955,12.731217,14.040528,13.02401,17.469404,14.0337105,11.189845,10.073103,8.168945,8.41187,5.6764846,0.0,6.4187512,9.1279,8.079336,9.503997,12.097647,14.373628,18.833796,18.009167,20.34441,20.874077,20.31723,25.112978,22.66068,29.124767,30.533031,30.999306,34.46085,34.028027,37.1319,32.476105,30.714933,36.95761,37.266693,34.275345,32.881786,28.196737,27.579693,26.985743,25.480932,19.826895,20.384438,16.504654,13.051094,14.123094,8.575417,10.263267,10.1888685,9.6009655,15.556917,16.250906,17.79487,13.476282,15.333227,12.922664,16.255188,14.807664,19.157312,17.739548,22.606262,22.106134,23.061607,22.707294,20.250317,16.374584,20.499342,15.833173,18.711525,18.13435,19.231913,20.774826,21.212778,24.157286,25.891083,27.043179,20.842247,20.296352,24.423082,22.063665,16.929253,17.81609,22.650534,26.14942,25.967379,22.447262,25.284328,19.216236,21.204233,19.347229,20.336578
31,32.803604,31.314543,30.576635,26.00019,24.939768,23.48813,20.868267,21.859331,17.852123,22.54099,19.053478,24.512354,22.290783,18.678902,17.17742,12.479943,11.35697,7.2329526,9.89276,5.6071806,9.693681,11.70633,13.213356,17.178522,15.570617,13.656519,11.733967,7.819958,7.423309,7.4805737,6.4187512,0.0,7.3727016,8.87482,6.942827,8.008571,11.631431,15.851077,13.961068,16.06982,15.403423,15.743685,19.933207,17.945967,24.50119,26.504927,27.310162,31.064186,31.536951,34.394962,30.043404,29.23989,35.25198,35.220062,33.295185,31.60239,27.153845,27.51849,27.765068,26.835201,21.179123,22.961527,19.684181,16.486187,18.513998,12.5957155,15.834227,15.3810835,13.108144,18.640394,18.170588,19.241777,13.781173,16.611433,12.848936,16.562004,14.409377,18.31793,16.926191,21.18858,20.742374,21.169975,19.863466,17.67393,13.683588,18.331566,13.467631,17.503521,16.709896,18.949278,20.022799,19.27872,22.09291,22.711306,24.337261,18.348482,16.223356,20.282198,19.031801,14.080336,13.070845,17.82835,21.219997,20.48561,16.981052,19.394484,13.56084,15.030839,13.637286,14.476343
32,39.989906,38.634556,37.832405,33.33689,32.247795,30.571827,27.994926,28.380592,24.106987,27.90523,23.759867,28.878046,25.74488,21.992636,20.483507,16.968386,16.072006,13.217356,14.871149,11.7448225,15.567363,16.359068,17.93156,20.539446,18.07057,16.476837,12.070191,10.81924,6.9654813,5.978297,9.1279,7.3727016,0.0,6.0171504,7.6084013,6.859583,9.862599,13.415922,14.299238,17.500408,17.626926,19.658028,24.298061,23.550756,29.878063,32.89828,33.280006,37.637424,38.399597,40.731224,36.084602,35.93653,41.795948,41.154495,39.15655,37.11551,33.031616,32.818417,33.435665,31.505354,26.169336,27.945652,24.376095,20.85107,23.067781,17.46501,19.206644,18.712616,17.963251,23.785627,24.209871,25.818624,20.729502,23.205336,19.620754,22.890244,20.100025,23.587809,20.962992,25.517836,23.851145,23.20853,23.06356,22.009668,18.959852,24.112597,20.199003,24.452702,24.009344,26.13746,27.28594,26.5888,29.282244,29.786867,31.018648,25.274403,23.052448,26.588003,25.240568,20.590803,19.269745,23.365065,26.530657,25.714382,22.420414,24.328897,19.166483,19.0637,17.678596,16.607544
33,38.91839,38.00301,36.551414,32.562225,31.621565,29.261087,27.478418,26.995705,23.211973,26.648487,22.76615,28.447458,24.318356,20.410053,20.494287,16.749853,17.399899,14.068655,17.934916,14.442084,18.314222,19.783043,20.248442,23.974249,20.803833,18.4088,15.212212,13.894304,11.305022,8.336316,8.079336,8.87482,6.0171504,0.0,5.445615,7.4974804,7.9541087,11.954906,13.121251,16.25522,18.052687,18.717215,24.287966,23.40317,29.550608,32.7139,32.233356,36.921238,37.185913,39.093575,33.954468,33.833374,39.610016,38.650803,35.99731,33.887085,29.97528,28.982138,29.677454,26.981722,22.009827,23.82839,20.330605,16.80677,19.976534,15.002583,16.936634,17.695236,17.637901,23.576517,24.06829,25.060678,20.164917,21.350433,17.842093,20.213253,17.027828,20.210566,17.021498,21.90767,19.85221,19.418657,20.194618,19.219208,16.704685,21.71109,18.800783,22.779583,23.25871,25.157946,27.115843,27.05953,30.179674,30.957153,32.991447,26.835953,24.66348,29.043142,27.834816,22.78822,21.806164,26.536446,29.844677,28.68296,25.251295,26.57334,20.723473,21.044405,18.452557,17.850754
34,36.349995,35.03348,33.32711,29.280033,27.833742,25.341335,23.24283,22.398775,18.301493,21.47231,17.428528,23.028664,19.137014,15.244712,15.10438,11.337624,12.339434,9.4553385,14.167512,11.924272,16.406034,18.608393,19.970934,24.029236,21.919504,19.684269,17.14598,14.266117,12.419934,10.878093,9.503997,6.942827,7.6084013,5.445615,0.0,4.010267,5.2034454,9.665387,8.643458,11.401704,12.8698015,13.329774,18.84272,18.129263,24.202187,27.691578,27.15985,32.056744,32.733994,34.392017,29.385693,29.852577,35.433384,34.25897,32.222546,29.955957,26.188337,25.86102,27.10729,24.962914,19.971241,22.700077,19.736265,16.497093,20.407757,15.115171,18.60093,19.412014,18.102972,23.834766,23.421717,23.75351,18.251747,19.552977,15.2369,17.524725,13.844722,16.634613,13.59025,18.029913,16.254269,15.783361,15.640319,14.625766,12.08368,17.34748,14.72028,19.266197,19.970253,22.506746,24.454195,23.899673,27.057234,27.178226,29.94259,23.91686,20.790558,25.423191,25.133806,20.24952,18.25974,23.020283,26.188631,24.474731,21.127317,21.729914,15.880682,16.058622,13.121554,12.824304
35,38.833298,37.183678,35.66923,31.397068,29.65091,27.408579,24.775759,24.037333,19.499773,22.27554,17.801624,22.707108,19.159111,15.459586,14.144267,11.316988,11.464398,9.784635,13.087138,12.057101,16.82371,18.74632,21.047468,24.39073,22.805641,21.044933,17.732672,14.903566,12.302958,11.768048,12.097647,8.008571,6.859583,7.4974804,4.010267,0.0,4.4733124,8.075889,7.5096626,10.658451,11.18875,13.425367,18.331253,18.402166,24.325531,28.314234,28.052807,33.07972,34.332283,35.847237,31.102865,32.094604,37.493336,36.128937,34.70461,32.291847,28.739084,28.85036,30.401773,28.471312,23.565342,26.498789,23.614447,20.405684,24.085903,18.56375,21.897818,22.21272,20.65722,26.364634,25.863976,26.41555,20.72806,22.62974,18.152834,20.706167,17.030214,19.532938,16.52855,20.446081,18.508352,17.358728,16.892452,16.468035,14.212291,19.54555,16.903063,21.762781,22.138254,24.983864,26.51659,25.430164,28.338755,27.966537,30.542873,24.851486,21.194853,25.333612,25.414272,20.875717,18.07766,22.321218,25.272537,23.368631,20.205826,20.496166,15.338565,14.461204,12.122429,10.646043
36,40.699886,39.25361,37.21011,33.323425,31.508827,28.717619,26.56954,24.877548,20.61188,22.461494,17.981552,22.874083,18.233904,14.536328,14.590145,12.559011,14.076545,12.776949,17.021292,16.103636,20.838255,22.936174,24.819328,28.483656,26.503605,24.449665,21.236248,18.732622,16.092794,14.719135,14.373628,11.631431,9.862599,7.9541087,5.2034454,4.4733124,0.0,4.4929366,5.701983,9.191764,11.755603,13.507088,19.028296,19.674202,25.07249,29.664295,28.566544,34.103508,35.28523,36.12371,31.018013,32.585556,37.687008,35.7127,34.092846,31.415543,28.325356,27.90864,29.935726,27.289839,22.962519,26.249805,23.625198,20.549774,25.023993,20.035616,23.387173,24.362076,23.276691,29.032532,28.59252,28.771412,23.200392,24.261303,19.761929,21.490866,17.294504,19.03603,15.215149,19.020353,16.242022,14.462216,15.075056,15.510906,14.3957405,19.608671,18.306501,23.07255,24.207344,27.020445,29.04321,28.229849,31.343767,30.922375,34.050346,28.2538,24.426542,28.920906,29.265074,24.63549,21.826452,26.188938,29.076801,26.824472,23.750364,23.269436,18.14413,17.006199,13.852974,12.073577
