,0,1,2,3,4,5,6,7,8,9,10,11,12,13,14,15,16,17,18,19,20,21,22,23,24,25,26,27,28,29,30,31,32,33,34,35,36,37,38,39,40,41,42,43,44,45,46,47,48,49,50,51,52,53,54,55,56,57,58,59,60,61,62,63,64,65,66,67,68,69,70,71,72,73,74,75,76,77,78,79,80,81,82,83,84,85,86,87,88,89,90,91,92,93,94,95,96,97,98,99,100,101,102,103,104,105,106,107,108,109,110,111,112
0,0.0,4.337071,6.7374682,9.686737,12.612724,14.75029,17.956926,22.39639,25.46114,27.392223,32.103146,33.93665,36.98113,33.80157,28.59423,28.049366,25.354048,24.663052,21.752472,22.620115,22.63418,21.283691,22.633396,26.188826,27.145004,27.696705,27.698578,26.796597,29.326021,26.84683,32.897408,28.218122,34.309826,31.14846,34.442112,35.634464,34.100464,34.683315,30.393883,28.45296,33.51105,30.97587,34.402985,33.873344,31.069,33.279896,31.043869,32.899654,32.631756,32.962086,35.51741,35.424847,40.45454,40.534176,43.032146,39.832436,38.60405,39.72573,43.99966,42.52452,38.674088,36.718143,40.30702,40.008778,42.52196,37.790302,35.249725,39.153545,33.949085,32.328342,32.93785,34.810707,31.491531,30.992413,33.82827,34.72926,38.021423,40.717266,41.973244,46.14497,42.363678,47.4335,44.82917,40.674618,36.887066,33.416,32.558292,27.525715,26.09599,22.535454,22.628778,18.894955,18.603764,19.098797,15.276916,12.581269,13.685855,13.124235,15.889846,13.315958,16.984362,17.685114,20.075201,23.089981,26.305277,29.541512,29.667036,26.352482,29.69895,24.236116,24.67902,23.623547,23.13788
1,4.337071,0.0,4.703814,6.153356,8.69431,12.01191,14.043006,19.246798,21.91016,23.91217,28.701529,30.147335,33.252655,29.78195,24.57755,23.812988,21.13144,20.370522,17.7745,18.623575,19.097107,17.8411,19.680115,22.857126,23.522633,24.05954,23.667185,22.743015,25.093782,22.793756,28.771444,24.298525,30.51198,27.640842,31.065582,32.48885,31.250109,31.628057,27.201609,24.99882,29.891176,27.175184,30.449343,29.776836,27.146898,29.12646,27.191126,28.930084,28.956373,29.076986,31.495796,31.231682,36.263924,36.248493,38.78395,35.638794,34.298996,35.438587,39.67274,38.25902,34.451595,32.39559,36.016327,35.75725,38.333626,33.600315,31.046179,35.13818,30.067665,28.392056,29.35181,31.246773,28.062073,27.237076,30.354803,30.843039,34.33043,36.812702,37.895554,42.046154,38.14608,43.208378,40.58281,36.390846,32.604546,29.186592,28.269825,23.36388,22.053015,18.621819,19.116482,15.582577,15.949508,16.894926,13.461206,10.555272,11.378978,9.923389,12.325627,9.127386,12.714965,13.418397,15.928767,18.947119,22.356936,25.632177,25.82403,22.478214,26.0173,20.342073,21.263285,20.173872,20.319487
2,6.7374682,4.703814,0.0,5.0383787,7.03394,8.732027,12.1045265,15.783753,19.193363,20.808138,25.517136,27.592293,30.86366,28.087671,23.034655,22.95893,20.859802,21.039705,19.354572,20.626259,21.883915,20.911171,23.226135,25.88478,26.17507,26.53626,25.336441,23.982374,25.528418,23.141127,27.969046,23.4452,28.94689,25.439922,29.052246,29.83095,28.809652,29.72001,25.278088,23.44071,28.794758,26.786745,29.760935,29.668703,27.839005,29.764988,28.671358,30.64406,31.316633,31.140556,33.186596,32.324352,37.295143,36.800766,39.41395,36.401993,34.46747,35.16071,39.401386,37.399918,33.4693,31.866707,35.208553,35.14219,37.210667,32.189926,30.247341,34.02903,28.922277,27.759768,28.833742,31.270172,28.49481,27.924013,31.682291,31.860819,35.88408,38.064552,38.88654,42.737694,38.485683,43.250626,40.173862,36.04946,32.591454,29.403343,28.80082,24.234705,23.749872,20.553572,21.817629,18.679035,19.477259,20.92191,17.71148,14.967715,15.4886055,13.446622,14.699733,11.101023,13.031357,13.358536,14.604704,17.876734,20.392721,23.485224,23.992352,20.864775,24.96245,19.941738,21.10374,21.007456,21.344086
3,9.686737,6.153356,5.0383787,0.0,3.8787088,6.3685684,8.637939,13.759447,16.048487,18.577793,23.11967,24.696903,27.387712,24.227499,19.011757,18.909925,16.421545,17.009094,14.868283,16.877035,18.116581,17.817274,20.132782,22.248955,22.57765,22.477812,21.15682,19.419775,21.07054,18.325876,23.545675,18.793997,24.663994,21.551508,24.976988,26.337471,25.166897,25.61186,21.141321,19.028767,24.156294,21.912182,25.0806,24.955708,22.937195,25.162508,23.958263,26.369398,27.208729,27.36016,29.31771,28.298365,33.190277,32.93445,35.1795,31.98831,30.303246,30.919878,35.406734,33.397594,29.407824,28.04657,31.923603,32.202885,34.475143,29.170258,27.547491,32.002636,27.345469,26.049383,27.959547,30.279926,27.702608,26.331142,30.297083,29.652918,33.73221,35.508858,35.927433,39.89567,35.421947,40.270077,37.238213,32.915554,29.409164,26.45911,25.236279,21.343958,20.515505,17.900558,19.470978,16.670265,18.333832,19.648676,17.026117,13.770369,13.169172,10.5701885,10.507218,8.102415,8.745904,10.659925,11.020692,15.442334,18.22467,21.298794,22.38525,19.288685,23.978104,18.506224,20.723694,20.27308,21.628435
4,12.612724,8.69431,7.03394,3.8787088,0.0,6.149676,5.3872223,11.208346,13.393289,15.423093,20.200468,21.459839,24.674038,21.343782,16.245249,15.927965,13.94185,14.546018,13.82076,15.410643,17.63121,17.23537,20.196615,21.77757,21.511782,21.611885,19.508879,17.877846,18.798439,16.65145,21.050602,16.864788,22.515339,19.581535,23.398016,24.678602,24.202246,24.661964,20.031015,17.702719,22.693077,20.467129,23.106482,22.889471,21.567247,23.129963,22.78828,24.729181,26.085571,25.62811,27.273642,25.926157,30.79464,30.126892,32.662113,29.725866,27.56351,28.147242,32.412632,30.383556,26.468246,24.889511,28.439224,28.629036,30.775072,25.554327,23.878248,28.193813,23.535984,22.366644,24.42366,26.919212,24.609476,23.246546,27.583622,26.695044,31.084045,32.670296,32.99213,36.760372,32.185207,36.886868,33.7101,29.46427,26.081644,23.174675,22.307821,18.459013,18.352276,15.906368,18.119917,15.873919,17.944578,19.857897,17.731102,15.066106,14.73873,11.64577,11.075364,7.3832197,6.7033825,7.469319,7.6264963,11.677315,14.383244,17.503864,18.50704,15.427247,20.281023,15.011683,17.574945,17.571592,19.373238
5,14.75029,12.01191,8.732027,6.3685684,6.149676,0.0,7.031719,8.544683,11.487163,14.093298,18.133934,20.670942,23.05227,21.105894,16.272406,17.609879,16.09628,18.480032,17.532843,20.24964,22.200998,22.482162,25.072575,26.377096,26.330524,25.797691,23.537643,21.104141,21.513363,18.529963,21.692312,16.831993,21.2924,17.181335,20.696295,21.172754,20.180294,21.363914,16.975252,15.5827055,21.319859,20.395687,23.083002,24.024094,23.249895,25.55088,25.524433,28.444414,30.136127,30.121939,31.48666,29.615564,34.191765,33.4132,35.4554,32.426773,30.080856,29.893381,34.458485,31.502384,27.345285,27.030754,30.70666,31.52543,33.050682,27.195637,26.896425,31.1286,26.85711,26.325695,28.759485,31.673752,29.811462,28.468508,33.165005,31.798565,36.44808,37.61007,37.46847,40.999184,36.01392,40.365055,36.75096,32.519707,29.60328,27.261847,26.186264,23.375788,23.480366,21.575823,23.943645,21.763529,23.889122,25.508516,23.172724,20.001455,19.049568,16.243359,14.838054,13.051415,11.029414,12.846761,10.223461,15.386279,16.436277,18.927786,20.987734,18.50779,24.13763,19.764013,22.62588,23.260052,25.090818
6,17.956926,14.043006,12.1045265,8.637939,5.3872223,7.031719,0.0,7.5437207,8.369883,10.724058,15.31933,16.205326,19.340445,16.028957,11.029084,11.233613,10.055043,12.149154,13.028915,15.083523,18.144094,18.423689,21.686794,22.15896,21.362385,21.077927,17.934473,15.80738,15.450026,13.512807,16.27878,12.46407,17.51178,14.698925,18.770151,20.067871,20.240202,20.625824,15.961778,13.521102,18.339525,16.561357,18.581121,18.761446,18.56378,19.778267,20.67384,22.755747,24.986074,24.245308,25.264963,23.150408,27.721699,26.647614,29.035624,26.274426,23.585915,23.683994,27.98385,25.477028,21.484056,20.414604,23.99872,24.646986,26.469084,20.827208,20.047089,24.61597,20.563784,19.81915,22.801313,25.558298,23.992012,22.16564,27.101131,25.16996,29.982405,30.842113,30.545065,33.994007,28.984392,33.359882,29.839201,25.572906,22.580431,20.257557,19.300425,16.744501,17.45164,16.105,19.15075,17.908243,20.69439,22.835648,21.451818,18.996393,18.150537,14.820134,12.768827,10.235899,6.3207684,7.2452335,3.2155938,8.723967,10.372391,13.143779,15.100953,12.527927,18.288143,13.753498,17.473162,18.083471,20.86189
7,22.39639,19.246798,15.783753,13.759447,11.208346,8.544683,7.5437207,0.0,5.125472,5.824511,9.854657,12.951451,16.191862,15.358315,11.7949705,14.185291,14.798956,18.252623,19.950756,22.230436,25.47006,25.906288,29.183184,29.402142,28.432512,27.945341,24.316826,21.842205,20.269875,18.41952,18.036585,14.801068,16.879862,12.483043,16.725895,16.110495,17.067034,18.792109,14.603955,13.61141,18.831465,19.105938,20.148087,21.730263,23.091515,24.20392,26.26657,28.621468,31.446558,30.506077,30.95679,28.126387,32.155663,30.377651,32.62194,30.275785,26.777296,25.86494,29.892807,26.19223,22.212803,22.522596,25.224209,26.366848,26.906065,20.891848,21.905964,25.451248,21.871958,22.333998,25.32164,28.770039,28.013632,26.766254,32.17481,29.986546,35.214752,35.58643,34.876003,37.622288,32.27829,35.814655,31.605928,27.765644,25.752293,24.20839,23.872126,22.333473,24.01305,23.011297,26.323305,25.248451,27.887484,30.190989,28.582932,26.086596,25.306353,22.067583,19.946161,17.577553,13.804313,13.9694395,9.254196,12.725215,11.077587,12.426204,15.443422,14.13385,20.296865,17.89073,21.382563,23.296896,25.846342
8,25.46114,21.91016,19.193363,16.048487,13.393289,11.487163,8.369883,5.125472,0.0,4.988838,7.6914597,9.452369,11.737234,10.472641,7.0620813,10.360053,11.5446615,15.970634,18.1204,20.761509,24.08456,25.112104,28.287773,27.73467,26.607262,25.7058,21.734537,18.944038,16.694899,14.925422,13.224496,10.389556,11.795569,7.8232965,12.291491,12.464651,13.921103,14.969481,10.806568,9.50567,14.105208,14.671487,15.22037,17.12871,19.174587,20.19664,22.867544,25.452845,28.68667,27.873583,27.941128,24.731567,28.378635,26.65036,28.434824,26.097185,22.607586,21.318787,25.54234,21.580032,17.500872,18.488886,21.693172,23.411871,24.008532,17.608168,19.484722,23.694433,21.030752,21.460188,25.318155,28.505274,28.113487,26.139935,31.590187,28.528486,33.71293,33.508457,32.25801,34.920975,29.353983,32.758507,28.556652,24.60747,22.820955,21.879234,20.975391,20.768223,22.416939,22.326519,25.8401,25.357403,28.473236,30.651133,29.611147,27.110384,25.810654,22.538052,19.569208,18.33546,13.482812,14.423654,8.654329,12.336169,10.430043,11.12118,15.036079,14.211706,20.499073,18.150013,22.409754,23.977793,27.241732
9,27.392223,23.91217,20.808138,18.577793,15.423093,14.093298,10.724058,5.824511,4.988838,0.0,5.1339273,7.5309844,12.034113,11.619797,9.761087,12.282389,14.473609,18.07531,21.363861,23.13287,26.984015,27.51234,31.066246,30.55179,29.009872,28.594715,24.265404,22.01175,19.21573,18.500828,15.675478,14.360727,14.663688,11.259768,15.630819,14.778863,17.323061,18.800707,15.127063,14.138788,18.016136,18.706675,18.398132,20.041111,22.764364,22.81102,26.194715,27.919306,31.374077,29.817808,29.623259,26.2691,29.763966,27.342949,29.709852,27.95078,23.761114,22.45747,25.899086,21.909103,18.261112,18.819355,20.672834,22.027033,21.91569,15.92147,17.923267,21.002611,18.273716,19.383234,22.872683,26.430943,26.507168,25.161463,30.80998,27.982658,33.398243,33.15668,32.026928,34.191628,28.719091,31.63948,27.136932,23.640333,22.343517,21.500513,21.665142,21.240885,23.834742,23.588058,27.304619,27.041096,29.954605,32.55042,31.534832,29.501198,28.776564,25.412676,22.982779,20.5601,16.238638,15.565554,10.695939,11.956003,8.34271,8.141448,11.995652,11.940041,17.932287,17.061996,20.907232,23.33737,26.406202
10,32.103146,28.701529,25.517136,23.11967,20.200468,18.133934,15.31933,9.854657,7.6914597,5.1339273,0.0,5.2881365,8.529438,10.700311,11.035278,14.431015,17.21126,21.420233,24.836088,26.903667,30.694948,31.597425,35.02286,34.06443,32.462387,31.72173,27.214176,24.724554,21.346458,20.7092,15.954987,15.575762,13.354524,10.137914,13.729311,11.791325,15.42318,17.199959,14.574398,14.513405,17.390985,19.34381,18.154139,20.608692,24.26361,24.244032,28.261715,30.224405,34.028725,32.566143,31.936338,28.174248,31.016916,28.383661,30.240719,28.785378,24.406307,22.330105,25.490711,20.736807,17.392853,19.322529,20.76512,22.77727,21.843756,15.833608,19.516085,22.176104,20.649734,22.257835,26.065931,29.59509,30.220942,28.722742,34.39344,31.021688,36.420326,35.606144,33.95587,35.642147,30.03168,32.26338,27.536709,24.422764,23.933754,23.932056,23.981192,24.746292,27.464405,27.770657,31.567015,31.576677,34.65951,37.181816,36.32668,34.19154,33.17952,29.844568,27.001045,25.238897,20.542452,20.320524,15.1292095,16.328669,12.251509,10.789308,14.989958,15.854862,21.373705,21.349932,25.294123,27.832184,31.090862
11,33.93665,30.147335,27.592293,24.696903,21.459839,20.670942,16.205326,12.951451,9.452369,7.5309844,5.2881365,0.0,6.309478,6.8812776,8.995947,11.564234,15.144555,19.02983,23.321344,24.93174,28.955254,29.974222,33.442436,31.901493,29.947493,29.246517,24.431744,22.255625,18.204748,18.57626,12.513548,13.972111,11.32462,10.443663,13.778448,13.27842,17.248213,17.910395,15.452577,14.663429,16.036663,17.443054,15.321844,17.249802,21.620129,20.674158,25.458471,26.813562,30.930151,29.118078,28.06382,24.075014,26.488483,23.589247,25.463036,24.385149,19.712948,17.541801,20.338009,15.668228,12.56188,14.441707,15.62361,17.919931,16.993944,10.822099,15.216894,18.195862,17.617422,19.189447,23.572649,26.748407,27.77088,25.817137,31.37724,27.41568,32.698666,31.419537,29.427797,30.883778,25.231277,27.251186,22.541632,19.47728,19.349241,19.924543,19.991014,21.775616,24.785114,25.77413,29.66866,30.314278,33.610874,36.17768,35.892784,34.105995,33.0484,29.721786,26.67791,25.141253,20.23177,19.778429,14.948626,14.980167,10.91889,8.6832485,12.992287,14.398551,19.35857,19.710218,23.981243,26.277876,30.011007
12,36.98113,33.252655,30.86366,27.387712,24.674038,23.05227,19.340445,16.191862,11.737234,12.034113,8.529438,6.309478,0.0,6.183421,9.958828,13.490377,16.587603,21.320593,24.718962,27.155037,30.60656,32.311733,35.301666,33.33813,31.698614,30.311087,25.761385,23.031773,18.992582,18.676579,11.450854,13.13145,7.50477,7.8531013,9.236666,8.912164,13.305821,13.462641,12.467467,12.616792,12.337203,15.303732,12.575361,15.777124,20.60372,20.396145,25.145905,27.419985,31.60821,30.568853,29.323923,25.15993,26.915152,24.561504,25.18584,23.9214,19.902582,16.852766,20.077948,14.602265,11.550172,15.673014,17.837461,21.026396,20.158232,14.138474,19.376831,22.905891,23.126831,24.414001,29.158175,32.013622,32.995003,30.48763,35.839325,31.332884,36.311016,34.59305,32.05352,33.50657,27.778982,29.560017,25.115324,22.087694,22.237715,23.425198,22.433868,25.33696,27.615534,29.136152,32.86736,33.543953,37.074432,39.24256,39.06123,36.87232,35.18829,32.023144,28.353603,28.170633,22.825289,23.65604,18.264318,19.69851,16.439615,14.630752,18.97016,20.105385,25.15343,24.861624,29.441574,31.218582,35.17414
13,33.80157,29.78195,28.087671,24.227499,21.343782,21.105894,16.028957,15.358315,10.472641,11.619797,10.700311,6.8812776,6.183421,0.0,5.291678,7.686082,11.033003,15.438952,19.25739,21.34399,24.89827,26.59913,29.608036,27.444357,25.652538,24.374832,19.701315,17.190666,12.928298,13.24392,5.878441,8.732189,5.862482,8.143527,10.58233,12.6044445,15.660172,14.74712,12.490854,10.928981,10.428925,11.291814,8.567872,10.5618725,15.355907,14.587855,19.513512,21.384869,25.597836,24.40563,23.234056,19.14202,21.309732,19.158834,20.121592,18.524616,14.501162,12.057692,16.015875,11.378049,7.3716707,10.375249,13.86687,16.863503,17.249788,10.871468,14.931475,19.659525,19.557451,20.122406,25.15028,27.604136,28.277786,25.302298,30.463932,25.818,30.659252,29.068113,26.643768,28.612745,22.844893,25.420568,21.2995,17.610897,16.987986,17.903769,16.440504,19.522955,21.60183,23.413965,27.092987,28.055063,31.682835,33.799187,33.972755,32.041523,30.38426,27.269775,23.600163,23.536251,18.21857,19.041492,14.173575,15.250962,13.063543,11.887267,15.895406,16.511602,21.417393,20.306112,25.126219,26.315142,30.521711
14,28.59423,24.57755,23.034655,19.011757,16.245249,16.272406,11.029084,11.7949705,7.0620813,9.761087,11.035278,8.995947,9.958828,5.291678,0.0,4.5341763,6.825042,11.820428,14.932255,17.4204,20.867191,22.460827,25.49606,23.88524,22.408943,21.187662,16.775175,13.964377,10.646252,9.795627,6.2592235,5.3367248,7.390082,7.3676014,11.001046,13.418999,15.187522,14.418594,10.783249,8.208847,10.063165,9.471943,9.034059,10.33733,13.326671,13.584764,17.231115,19.579218,23.306417,22.444572,22.019094,18.457767,21.698868,20.14345,21.510616,19.156733,15.7683735,14.432077,18.98361,15.364593,11.148354,12.193909,16.460592,18.661398,19.924015,13.515999,15.585382,20.873783,19.345655,19.299818,24.02524,26.53472,26.435894,23.493635,28.671303,24.622192,29.511616,28.672268,26.864313,29.574287,23.915077,27.407505,23.548927,19.357769,17.558111,17.271654,15.472232,17.04409,18.53487,19.723244,23.311768,23.762506,27.336308,29.357807,29.223679,27.066404,25.3912,22.232819,18.616957,18.520096,13.119852,14.472942,9.269496,11.801618,10.791657,11.033284,14.860063,14.357765,19.936506,17.428892,22.300947,23.124859,27.15131
15,28.049366,23.812988,22.95893,18.909925,15.927965,17.609879,11.233613,14.185291,10.360053,12.282389,14.431015,11.564234,13.490377,7.686082,4.5341763,0.0,4.0973406,7.8523216,12.239861,13.803226,17.651873,19.040512,22.262316,20.4011,18.545479,17.68608,12.943331,10.760322,7.0449166,7.8553658,6.2112846,6.789765,10.668834,11.810452,15.07495,17.87861,19.480463,18.30909,14.691863,11.640136,12.699554,10.295219,9.968686,9.171031,11.590656,10.643086,14.500028,15.839824,19.634726,18.25768,17.842695,14.409937,18.069834,16.552101,18.495007,16.136833,12.757747,12.467917,16.862432,14.505751,10.6494665,9.548965,14.1895,15.819323,17.987202,12.21042,12.627257,18.49521,16.847137,16.157047,20.976578,23.043959,22.798573,19.488062,24.462357,20.295563,25.070475,24.32516,22.686148,25.700409,20.183493,24.177435,20.705492,16.255695,13.792263,13.107255,11.070385,12.668613,14.246356,15.810889,19.451725,20.385283,24.037617,26.14914,26.472996,24.7942,23.35235,20.251598,16.886608,16.50943,11.479058,12.199462,8.485222,9.458954,9.85051,10.614693,13.39331,12.552356,17.394865,14.420809,19.371695,19.697687,23.974367
16,25.354048,21.13144,20.859802,16.421545,13.94185,16.09628,10.055043,14.798956,11.5446615,14.473609,17.21126,15.144555,16.587603,11.033003,6.825042,4.0973406,0.0,5.4797087,8.32686,10.696009,14.079622,15.770404,18.733885,17.090033,15.689497,14.550074,10.307357,7.5781665,5.6082916,4.6628327,8.046412,6.1219716,12.3476925,13.0983515,16.079342,19.370092,19.98024,18.532944,14.660375,11.227078,12.790441,9.1892605,10.602151,9.236641,9.390852,9.767946,11.860558,13.964804,17.167284,16.541336,16.83415,14.113413,18.305504,17.742577,19.38076,16.362602,14.201553,14.547698,19.270544,17.524485,13.74905,12.433939,17.519632,18.835527,21.52582,16.098928,15.605505,21.62794,19.43855,18.167454,22.603434,24.377495,23.45334,19.9707,24.534542,20.777573,25.169128,24.910734,23.628885,27.211506,22.01268,26.522655,23.544447,18.966927,15.880162,14.524581,11.711127,12.268213,12.447136,13.755768,17.039783,17.607763,21.325848,23.080076,23.346966,21.398895,19.631058,16.642698,13.011653,13.536978,8.487362,10.594614,7.513405,10.122113,12.089778,13.700801,16.013145,14.384755,19.159086,14.894878,19.668566,19.20781,23.319042
17,24.663052,20.370522,21.039705,17.009094,14.546018,18.480032,12.149154,18.252623,15.970634,18.07531,21.420233,19.02983,21.320593,15.438952,11.820428,7.8523216,5.4797087,0.0,6.3520427,6.066306,10.338824,11.359053,14.742359,13.051985,11.068926,10.9045515,6.467848,5.848574,5.6832285,7.2526054,12.146045,11.4217,17.490505,18.525236,21.525187,24.8007,25.425184,23.919086,20.05512,16.585165,17.841862,13.580337,14.900571,12.133021,10.94689,9.9171505,10.943475,11.022901,13.709686,12.267548,13.119605,11.384347,16.27715,16.046505,18.481047,15.621957,14.04368,15.795613,19.744041,19.518639,16.470009,13.246495,17.772516,18.03927,21.57081,17.369162,14.797779,20.738924,18.168268,16.013512,19.939344,21.01133,19.576683,15.778403,19.774279,16.374544,20.404245,20.705208,20.071249,24.155573,19.558746,24.666285,22.402365,17.873526,13.979556,11.593908,8.727317,7.5761843,6.97901,8.586674,11.8724785,13.084695,16.856066,18.74529,19.632061,18.480268,17.253283,14.492277,11.7906,11.558375,8.275676,8.981666,9.343267,9.593074,13.224619,15.306278,16.130592,14.039618,17.367393,12.336647,16.650354,15.209689,19.4104
18,21.752472,17.7745,19.354572,14.868283,13.82076,17.532843,13.028915,19.950756,18.1204,21.363861,24.836088,23.321344,24.718962,19.25739,14.932255,12.239861,8.32686,6.3520427,0.0,4.929603,6.211416,8.533465,10.76048,9.803127,9.610903,8.3443,6.8045816,5.1203723,8.94221,7.229247,15.2717705,12.484964,19.561218,20.080805,22.515518,26.168865,25.577724,23.82618,20.02951,16.617205,18.282917,13.573086,16.551378,14.12596,10.355701,12.002243,9.51773,11.699558,12.645417,13.453943,15.415571,14.874736,19.575521,20.593758,22.019945,18.452318,18.40406,20.033913,24.489614,24.17206,20.916033,18.657951,23.72928,24.240791,27.794455,23.314188,21.144327,27.07084,24.219868,21.96526,25.392303,26.307745,24.210457,20.611717,23.808786,21.194174,24.388794,25.189577,24.83356,29.27661,25.08076,30.327562,28.413141,23.88983,19.977505,17.608397,14.281373,12.662668,9.705395,10.179296,11.847425,11.762856,15.388003,16.18802,16.74598,14.70824,12.42117,10.097071,6.541354,9.52667,7.3336325,10.802318,11.442479,14.145891,18.054558,20.493862,21.629726,19.11372,22.768509,16.951431,20.655088,18.479956,21.933722
19,22.620115,18.623575,20.626259,16.877035,15.410643,20.24964,15.083523,22.230436,20.761509,23.13287,26.903667,24.93174,27.155037,21.34399,17.4204,13.803226,10.696009,6.066306,4.929603,0.0,4.770423,5.342023,8.751509,7.7351384,6.311811,7.0297046,5.4992847,6.865329,10.094879,10.652804,17.564928,16.042978,22.736223,23.546373,26.311686,29.792717,29.725414,28.079554,24.203566,20.72461,22.15776,17.392656,19.586952,16.474827,13.280931,13.08562,11.120635,10.638521,11.146329,10.561605,12.929774,13.234275,18.184597,19.085638,21.312265,18.243181,18.140377,20.552292,24.232576,24.834854,22.071907,18.58551,22.922306,22.65425,26.60231,23.06436,19.625813,25.181969,22.191349,19.450043,22.346514,22.695606,20.321394,16.63779,19.24943,17.082094,19.920776,21.210499,21.45474,26.08431,22.456781,27.933916,26.496374,22.193073,17.960974,15.005202,12.215021,9.195542,5.2931857,5.7154317,7.2437196,8.243294,12.010446,13.255473,14.650157,13.863419,12.68886,10.650104,9.036919,9.660334,9.25755,10.373861,13.054376,13.589898,18.090916,20.609325,20.733871,18.141392,20.517221,14.640595,17.740341,14.884078,18.359173
20,22.63418,19.097107,21.883915,18.116581,17.63121,22.200998,18.144094,25.47006,24.08456,26.984015,30.694948,28.955254,30.60656,24.89827,20.867191,17.651873,14.079622,10.338824,6.211416,4.770423,0.0,3.7512975,4.764536,4.185855,5.2443438,5.1575313,7.372872,8.587099,13.102768,12.684332,20.57905,18.488802,25.41692,26.26367,28.566004,32.344807,31.64163,29.730713,26.093185,22.715078,23.956732,18.982128,21.803114,18.686115,14.226426,15.107982,11.0861435,11.3590765,10.050108,11.3718,14.396283,15.654377,20.170431,21.978704,23.481005,20.103987,21.117634,23.58278,27.397821,28.214294,25.506693,22.412085,27.070868,26.940065,31.003803,27.475985,24.220266,29.824358,26.921124,24.102339,26.763435,26.828299,24.180895,20.58213,22.34915,20.615622,22.55524,24.04253,24.410542,29.214088,26.018444,31.528807,30.496483,26.256834,22.058702,19.302504,16.139229,13.613241,9.052804,9.16517,8.602699,8.780151,11.888863,11.757666,13.419391,12.390814,10.469141,9.590265,8.336152,11.19637,11.888673,14.065679,16.646788,18.079416,22.587029,25.163029,25.440014,22.75991,25.12446,19.099838,21.766409,18.47302,21.339779
21,21.283691,17.8411,20.911171,17.817274,17.23537,22.482162,18.423689,25.906288,25.112104,27.51234,31.597425,29.974222,32.311733,26.59913,22.460827,19.040512,15.770404,11.359053,8.533465,5.342023,3.7512975,0.0,4.1871715,5.834801,6.0963335,7.9065914,9.51176,11.339392,15.242287,15.336061,22.781506,20.817907,27.73929,28.245945,30.952097,34.420094,33.93477,32.330547,28.429987,25.034382,26.73831,21.895805,24.505615,21.383928,17.446465,17.703396,14.411453,13.637207,12.262899,12.42007,15.563747,17.106226,21.77024,23.18621,25.333788,22.312717,22.878407,25.554192,29.013079,30.003988,27.360641,23.732565,27.826544,27.191633,31.285831,28.126013,24.188416,29.340105,25.992287,22.98854,24.984821,24.874397,21.83819,18.646765,20.025755,19.210962,20.998484,23.139347,24.139595,28.950893,26.099897,31.6738,30.728827,26.647812,22.32323,19.080355,16.708403,12.814067,8.383409,7.0549617,5.398828,5.220722,8.217959,8.425898,10.415031,10.301577,9.589839,8.841097,9.294803,10.122319,12.239194,13.188309,16.997696,17.57145,22.394049,25.16735,24.829048,21.958529,23.669903,17.541729,19.483644,15.8131075,18.225445
22,22.633396,19.680115,23.226135,20.132782,20.196615,25.072575,21.686794,29.183184,28.287773,31.066246,35.02286,33.442436,35.301666,29.608036,25.49606,22.262316,18.733885,14.742359,10.76048,8.751509,4.764536,4.1871715,0.0,4.6019416,6.96309,8.021548,11.541586,13.261683,17.753075,17.411892,25.335331,23.16308,30.146458,30.823185,33.13749,36.86537,35.958748,34.104576,30.456379,27.145653,28.542116,23.575014,26.505026,23.3295,18.660927,19.489092,15.033262,14.646159,12.046674,13.557243,16.968834,19.114746,23.356031,25.446068,27.008064,23.816227,25.212109,27.940012,31.45675,32.66688,30.117537,26.748695,31.111624,30.6182,34.825386,31.69674,27.93322,33.195942,30.057047,27.014822,28.984503,28.638506,25.549828,22.333323,23.089947,22.388783,23.450413,25.578156,26.56413,31.458311,28.940496,34.50262,33.899162,29.868793,25.592638,22.589993,19.831245,16.606394,11.883853,11.116848,8.770625,8.324402,10.062372,8.640467,10.951785,10.769394,9.442554,10.044737,10.692914,13.098074,15.381004,17.049862,20.49327,21.612417,26.371962,29.11219,28.946117,26.09639,27.829298,21.7251,23.523102,19.690805,21.73467
23,26.188826,22.857126,25.88478,22.248955,21.77757,26.377096,22.15896,29.402142,27.73467,30.55179,34.06443,31.901493,33.33813,27.444357,23.88524,20.4011,17.090033,13.051985,9.803127,7.7351384,4.185855,5.834801,4.6019416,0.0,3.4744656,3.7899766,8.206139,10.464174,14.8684025,15.182888,22.698326,21.329391,27.941456,29.397072,31.409279,35.442173,34.793404,32.57633,29.230457,25.853046,26.352928,21.214136,23.732906,20.15776,15.509255,15.824805,11.266031,10.296353,7.4493165,9.501151,12.865762,15.180588,19.11848,21.59116,22.764355,19.5616,21.459076,24.325546,27.6928,29.268332,27.0391,23.688042,28.201784,27.918177,32.24169,29.334166,25.825827,31.32949,28.897318,25.890203,28.440723,27.937405,25.358826,21.544376,22.397896,20.643618,21.608145,23.030254,23.471865,28.353027,25.794418,31.271938,30.887896,26.904001,22.772219,20.259413,16.929983,15.08069,10.194842,11.169852,9.697957,10.841705,13.339139,12.625466,15.206494,14.960728,13.28272,13.158748,12.321797,15.165645,15.967689,17.768898,20.449377,21.300207,25.761387,28.13922,28.199085,25.715847,27.434992,21.738941,24.127035,20.484365,23.268238
24,27.145004,23.522633,26.17507,22.57765,21.511782,26.330524,21.362385,28.432512,26.607262,29.009872,32.462387,29.947493,31.698614,25.652538,22.408943,18.545479,15.689497,11.068926,9.610903,6.311811,5.2443438,6.0963335,6.96309,3.4744656,0.0,3.6290998,6.130947,9.356937,13.007464,14.344337,21.079802,20.439186,26.768675,28.466135,30.690866,34.619923,34.4528,32.300964,28.882076,25.41813,25.754686,20.649374,22.607307,18.780613,14.890634,14.105932,10.76266,8.3251915,6.4576473,6.661012,10.024639,12.335938,16.492363,18.624754,20.285954,17.379679,18.875309,21.97221,25.00879,26.841257,24.816076,21.004,25.188848,24.692959,29.087473,26.53229,22.73067,28.11576,25.8784,22.822569,25.446465,24.821047,22.46364,18.445848,19.396412,17.271421,18.40856,19.684727,20.101036,24.982393,22.40397,27.90947,27.562925,23.654953,19.497847,16.95133,13.770508,12.004819,7.1758666,9.013475,8.1476555,10.400165,13.269496,13.419583,16.16967,16.31027,15.126688,14.378538,13.391157,15.118731,15.453555,16.480074,19.263035,19.248127,23.620358,25.834217,25.652693,23.356718,24.681822,19.325113,21.789772,18.242039,21.393219
25,27.696705,24.05954,26.53626,22.477812,21.611885,25.797691,21.077927,27.945341,25.7058,28.594715,31.72173,29.246517,30.311087,24.374832,21.187662,17.68608,14.550074,10.9045515,8.3443,7.0297046,5.1575313,7.9065914,8.021548,3.7899766,3.6290998,0.0,5.103903,7.33489,11.587613,12.228255,19.368965,18.478529,24.774153,26.693432,28.502941,32.684834,32.235138,29.828922,26.685534,23.300394,23.241764,18.067848,20.298538,16.563337,12.028379,12.104958,7.632288,6.8234053,4.9656796,7.409206,10.319782,12.048907,15.973413,18.510584,19.369148,15.980221,17.974758,20.7293,24.23986,25.736818,23.57097,20.463108,25.248075,25.31848,29.57575,26.526594,23.516548,29.287462,27.329025,24.518232,27.662987,27.345825,25.245644,21.078728,22.520578,19.795134,21.218771,21.91752,21.700964,26.469217,23.47679,28.844248,28.294386,24.219269,20.252369,18.20168,14.340436,13.7940855,9.276003,11.445605,11.215221,12.836525,15.913304,15.785601,18.096052,17.454222,15.466125,14.671777,12.704955,15.770201,15.246193,17.30335,19.069477,19.995857,24.064932,26.147747,26.580395,24.390028,26.447649,21.07721,24.092117,20.890923,24.250593
26,27.698578,23.667185,25.336441,21.15682,19.508879,23.537643,17.934473,24.316826,21.734537,24.265404,27.214176,24.431744,25.761385,19.701315,16.775175,12.943331,10.307357,6.467848,6.8045816,5.4992847,7.372872,9.51176,11.541586,8.206139,6.130947,5.103903,0.0,3.8981843,6.901351,8.809615,14.967574,14.790668,20.778925,22.85034,24.971804,28.952978,29.102335,26.873526,23.590624,20.126785,20.045155,15.034671,16.60193,12.767097,9.545641,8.351391,6.5862184,5.3428335,7.257812,6.931317,8.618457,8.595136,13.264455,14.830088,16.301714,13.000239,13.763152,16.40086,20.05054,21.183624,18.881197,15.556896,20.374376,20.590342,24.707827,21.439516,18.638315,24.578344,22.802893,20.225647,23.892012,23.964575,22.356667,18.02739,20.493002,16.936308,19.447784,19.616575,18.918524,23.475044,19.72486,25.048641,23.935257,19.660019,15.708585,13.790149,9.72126,9.988002,6.5971203,9.749415,11.274483,13.29206,16.903585,17.813951,19.717314,18.946827,17.248222,15.473514,12.888352,14.745034,12.867622,14.391295,15.462467,15.856154,19.537073,21.368546,21.960144,20.046774,22.359314,17.416096,21.037846,18.515234,22.468143
27,26.796597,22.743015,23.982374,19.419775,17.877846,21.104141,15.80738,21.842205,18.944038,22.01175,24.724554,22.255625,23.031773,17.190666,13.964377,10.760322,7.5781665,5.848574,5.1203723,6.865329,8.587099,11.339392,13.261683,10.464174,9.356937,7.33489,3.8981843,0.0,4.954484,5.068942,12.281709,11.254203,17.54402,19.45571,21.39731,25.483463,25.37583,23.094625,19.84683,16.407461,16.419777,11.365501,13.468664,10.121165,6.445562,7.0138154,5.3133197,7.51114,9.862551,10.527269,11.652713,10.49399,14.858017,16.152164,17.070032,13.386687,13.770045,15.55493,19.970737,20.104906,17.26368,15.002337,20.41114,21.269476,24.965887,20.819,19.065567,25.261776,23.454716,21.290098,25.337051,25.97542,24.527302,20.369225,23.509693,19.794874,22.842896,22.764467,21.682108,25.967615,21.65537,26.720493,25.032751,20.560919,16.90708,15.361028,11.183823,11.979218,9.444515,11.876658,13.856886,15.066424,18.806042,19.683367,20.94621,19.406868,17.186934,15.10402,11.586897,14.22556,11.208526,13.8392315,13.540018,15.264809,18.501167,20.274794,21.627089,19.750767,23.083939,18.110863,22.218834,20.229221,24.22786
28,29.326021,25.093782,25.528418,21.07054,18.798439,21.513363,15.450026,20.269875,16.694899,19.21573,21.346458,18.204748,18.992582,12.928298,10.646252,7.0449166,5.6082916,5.6832285,8.94221,10.094879,13.102768,15.242287,17.753075,14.8684025,13.007464,11.587613,6.901351,4.954484,0.0,4.8502603,8.104072,9.083937,14.175413,16.757408,18.835768,22.733555,23.48329,21.298141,18.208456,14.862443,14.244272,9.797732,10.310003,6.760717,6.5317984,4.5479393,7.8481917,8.939247,12.818886,12.063585,11.808853,8.890034,12.918236,13.051368,14.257049,10.9994755,9.785666,11.100582,15.668731,15.338472,12.425257,10.183086,15.778035,17.076294,20.47208,16.118774,15.122757,21.421349,20.283663,18.589516,23.224981,24.168848,23.480017,19.30184,23.117624,18.610191,22.30998,21.4804,19.7509,23.494831,18.567608,23.232267,21.022537,16.493433,13.287195,12.537811,8.404699,11.1814995,10.707894,13.605405,16.464334,18.08047,21.88429,23.349743,24.529251,23.142004,21.271954,18.76932,15.2356205,16.59955,12.553217,14.215554,12.703835,13.548644,15.726671,16.840618,18.551813,17.331692,20.803297,16.899315,21.470444,20.330536,24.717642
29,26.84683,22.793756,23.141127,18.325876,16.65145,18.529963,13.512807,18.41952,14.925422,18.500828,20.7092,18.57626,18.676579,13.24392,9.795627,7.8553658,4.6628327,7.2526054,7.229247,10.652804,12.684332,15.336061,17.411892,15.182888,14.344337,12.228255,8.809615,5.068942,4.8502603,0.0,8.516148,6.257207,12.81666,14.515525,16.362549,20.467276,20.327026,18.090788,14.81958,11.393723,11.593677,6.7559824,9.324618,7.2797537,5.08351,7.4192452,7.97427,11.648792,14.554258,15.193792,15.648831,13.328566,17.165438,17.7138,18.268467,14.632193,13.980896,14.453022,19.52924,18.231289,14.728756,13.998168,19.7279,21.332436,24.31819,19.189104,18.901346,25.140635,23.448124,21.935486,26.398157,27.722527,26.655928,22.777527,26.720037,22.749899,26.474174,26.036459,24.5173,28.336025,23.390793,27.981937,25.535826,20.984663,17.900126,16.907057,13.069403,14.506979,13.296418,15.203597,17.784218,18.433378,22.1956,23.291826,23.870228,21.705652,19.260891,16.761189,12.5819645,15.157314,10.65242,13.959873,11.50279,14.557397,16.7413,18.20124,20.528124,18.936571,23.35925,18.83606,23.431244,22.312376,26.37725
30,32.897408,28.771444,27.969046,23.545675,21.050602,21.692312,16.27878,18.036585,13.224496,15.675478,15.954987,12.513548,11.450854,5.878441,6.2592235,6.2112846,8.046412,12.146045,15.2717705,17.564928,20.57905,22.781506,25.335331,22.698326,21.079802,19.368965,14.967574,12.281709,8.104072,8.516148,0.0,5.900721,6.600812,10.5082,12.025141,15.748263,17.405064,15.296764,13.00253,10.47306,8.503917,6.9467525,4.306644,4.743678,9.63932,9.006559,13.83404,16.113766,20.265528,19.670126,18.603107,14.700971,16.980715,15.880674,16.170897,13.7516165,10.869155,9.070717,14.1816225,10.956491,6.931291,8.915917,14.321989,17.149761,18.900764,13.252501,15.63603,21.392248,21.20996,20.826988,25.967941,27.750853,27.944475,24.273968,28.879908,23.98755,28.279974,26.699171,24.201948,26.822607,21.247807,24.567888,21.272396,17.127985,15.649962,16.389048,13.498626,17.231037,18.209684,20.623259,23.929354,25.135342,28.917032,30.607798,31.203518,29.289278,27.2463,24.423662,20.446085,21.56945,16.378515,18.114393,14.033674,15.634972,15.291386,15.095749,18.373083,18.230516,22.752228,20.386084,25.321947,25.488379,29.887316
31,28.218122,24.298525,23.4452,18.793997,16.864788,16.831993,12.46407,14.801068,10.389556,14.360727,15.575762,13.972111,13.13145,8.732189,5.3367248,6.789765,6.1219716,11.4217,12.484964,16.042978,18.488802,20.817907,23.16308,21.329391,20.439186,18.478529,14.790668,11.254203,9.083937,6.257207,5.900721,0.0,7.208913,8.281818,10.325382,14.230162,14.470187,12.572912,9.140078,5.8167725,6.7921624,4.5383162,6.3392725,7.6890354,9.177921,11.272051,13.613985,17.30242,20.631191,20.904661,20.808966,17.655695,20.862398,20.436722,20.850069,17.738474,15.789238,14.693435,19.914377,16.836573,12.728503,14.07498,19.417034,21.746271,23.643282,17.584518,19.169443,24.99366,23.543833,22.923107,27.64483,29.699726,29.156649,25.735012,30.410128,26.278505,30.635563,29.848305,27.96593,31.146204,25.686502,29.558199,26.279716,21.904816,19.692461,19.332554,16.327566,18.171389,18.272331,19.755121,22.83331,23.140396,26.82008,28.24292,28.233828,25.706469,23.354746,20.531841,16.320457,18.049438,12.681144,15.71762,11.032936,14.900783,15.285005,16.062792,19.50742,18.498804,23.86855,20.321423,25.175938,25.126524,29.152533
32,34.309826,30.51198,28.94689,24.663994,22.515339,21.2924,17.51178,16.879862,11.795569,14.663688,13.354524,11.32462,7.50477,5.862482,7.390082,10.668834,12.3476925,17.490505,19.561218,22.736223,25.41692,27.73929,30.146458,27.941456,26.768675,24.774153,20.778925,17.54402,14.175413,12.81666,6.600812,7.208913,0.0,5.5526648,5.6934195,9.437752,11.363455,9.473413,8.172816,7.3052506,5.0469937,8.058113,5.7781076,9.805726,13.972991,15.009539,18.878595,22.189642,26.061491,26.002804,25.08902,21.247135,23.208096,22.051214,21.834757,19.583366,16.880564,14.172695,18.811907,14.148947,10.350844,14.410291,18.786608,22.011763,22.651123,16.510569,20.368635,25.40716,25.18066,25.448467,30.46313,32.79395,33.084896,29.839468,34.784912,30.110952,34.642986,33.085796,30.533937,32.819305,27.145792,29.8743,26.13454,22.379107,21.521004,22.359379,19.928457,23.089838,24.111301,25.96752,29.30816,29.922785,33.6197,35.243866,35.26597,32.79619,30.51924,27.643806,23.479948,24.798462,19.322016,21.56637,16.279911,19.14708,17.684227,17.08467,21.216795,21.32869,26.631832,24.624014,29.532824,30.248219,34.395916
33,31.14846,27.640842,25.439922,21.551508,19.581535,17.181335,14.698925,12.483043,7.8232965,11.259768,10.137914,10.443663,7.8531013,8.143527,7.3676014,11.810452,13.0983515,18.525236,20.080805,23.546373,26.26367,28.245945,30.823185,29.397072,28.466135,26.693432,22.85034,19.45571,16.757408,14.515525,10.5082,8.281818,5.5526648,0.0,4.5303,6.286601,7.982262,7.964021,5.035282,5.194818,7.7516575,10.751557,10.48095,14.065259,17.03734,18.730309,21.77112,25.3229,28.858086,28.805859,28.385492,24.781145,27.464235,26.163794,26.586576,24.169733,21.244404,18.940874,23.512836,18.798893,14.809601,18.0197,21.964188,24.75768,25.153852,18.628826,22.138985,26.81981,25.62234,26.087168,30.677603,33.483986,33.476276,30.759768,36.00386,31.970781,36.83763,35.834946,33.76031,36.214375,30.47897,33.431004,29.370306,25.526798,24.352213,24.492937,22.559471,24.344048,25.452848,26.445013,29.828691,29.785522,33.261745,34.984642,34.38261,31.607111,29.496851,26.497509,22.61022,23.350637,17.977583,20.240908,14.408462,18.221771,16.420158,16.171831,20.532715,20.335722,26.272821,24.090063,28.780716,29.874884,33.614887
34,34.442112,31.065582,29.052246,24.976988,23.398016,20.696295,18.770151,16.725895,12.291491,15.630819,13.729311,13.778448,9.236666,10.58233,11.001046,15.07495,16.079342,21.525187,22.515518,26.311686,28.566004,30.952097,33.13749,31.409279,30.690866,28.502941,24.971804,21.39731,18.835768,16.362549,12.025141,10.325382,5.6934195,4.5303,0.0,4.964469,5.7698874,4.343079,4.6190195,6.5141454,6.2424116,10.934607,10.379971,14.676145,17.697716,19.870304,22.72222,26.781004,30.270336,30.723997,30.144083,26.518366,28.636452,27.69453,27.30339,24.862225,22.506174,19.78645,24.358698,19.471788,15.8769865,20.035265,24.169271,27.351498,27.65429,21.35474,25.362461,30.112936,29.459368,29.910744,34.685608,37.325886,37.412174,34.438934,39.524456,35.175777,39.816154,38.50777,36.104145,38.458572,32.763535,35.4628,31.580793,27.886139,26.992496,27.553268,25.18563,27.665855,28.417337,29.76693,32.984955,33.03209,36.58569,38.038586,37.559612,34.62141,32.150063,29.363998,25.198221,26.800634,21.438313,24.208185,18.492708,22.434214,20.765781,20.332306,24.711891,24.652388,30.447397,28.255003,33.029976,33.911957,37.7595
35,35.634464,32.48885,29.83095,26.337471,24.678602,21.172754,20.067871,16.110495,12.464651,14.778863,11.791325,13.27842,8.912164,12.6044445,13.418999,17.87861,19.370092,24.8007,26.168865,29.792717,32.344807,34.420094,36.86537,35.442173,34.619923,32.684834,28.952978,25.483463,22.733555,20.467276,15.748263,14.230162,9.437752,6.286601,4.964469,0.0,4.9145236,6.8447247,7.43588,10.011749,11.186319,15.658469,14.884287,19.07565,22.349445,24.185785,27.301163,31.089582,34.667473,34.777683,34.16617,30.408463,32.59074,31.163523,31.150503,29.018822,26.097525,23.214712,27.338827,22.036556,18.623995,22.829313,26.123236,29.230942,28.85249,22.567043,27.028246,31.055916,30.317833,31.253792,35.771103,38.78407,39.064228,36.55224,41.902054,37.778744,42.703716,41.453716,39.13645,41.19618,35.43393,37.784317,33.53813,30.118801,29.557331,30.110971,28.364613,30.461348,31.715229,32.707607,36.096134,35.951416,39.36712,41.05094,40.25798,37.296097,35.099445,32.18121,28.311403,29.158157,23.916214,26.142946,20.23177,23.918055,21.430061,20.645266,25.139576,25.390589,31.276278,29.73404,34.285988,35.73475,39.351078
