,0,1,2,3,4,5,6,7,8,9,10,11,12,13,14,15,16,17,18,19,20,21,22,23,24,25,26,27,28,29,30,31,32,33,34,35,36,37,38,39,40,41,42,43,44,45,46,47,48,49,50,51,52,53,54,55,56,57,58,59,60,61,62,63,64,65,66,67,68,69,70,71,72,73,74,75,76,77,78,79,80,81,82,83,84,85,86,87,88,89,90,91,92,93,94,95,96,97,98,99,100,101,102,103,104,105,106,107,108,109,110
0,0.0,4.423546,7.727433,10.048128,10.006493,14.707294,14.308045,19.995564,21.44051,24.973185,28.656878,32.92803,31.053497,30.194565,26.02381,24.280924,20.809015,20.230808,16.809824,14.531525,14.049327,10.707351,11.767533,13.814731,13.342354,17.30245,15.706992,19.390162,18.518587,18.73189,23.43432,21.089811,29.322758,25.882322,30.616503,30.012619,33.968353,37.4252,34.930233,34.85691,29.89344,32.333904,26.631474,28.570942,25.879889,27.485895,28.894379,29.815239,28.589762,32.349155,31.202362,27.914082,32.380257,34.921368,30.629639,30.221542,35.439217,34.272022,31.876175,34.313427,39.032146,35.3717,35.214386,39.135036,41.27305,37.149097,37.74453,35.867653,33.165394,33.413292,30.688303,29.600698,31.58689,29.614054,34.78987,32.34206,37.783546,37.451305,38.894108,43.75234,40.737522,36.651123,33.56117,32.140858,27.994398,27.152054,22.79859,22.047033,18.345982,16.897926,17.526855,16.43265,13.651206,17.41796,12.475282,18.092358,19.629982,17.319845,20.301891,18.293753,19.745323,21.422285,22.913921,25.284697,26.15097,25.09357,25.578901,24.124529,26.517065,25.488424,29.92742
1,4.423546,0.0,4.929471,6.1075954,6.1459274,10.30073,10.7196,16.08876,17.851423,21.354944,24.970148,29.416792,27.138943,26.137623,21.87538,20.215998,16.553501,16.394184,12.704209,11.227125,11.175267,8.789452,11.260095,13.674767,14.636524,17.932549,16.238365,19.13847,17.190397,17.033613,21.192457,18.113321,25.993805,22.017984,26.8138,25.90096,29.931328,33.368168,31.166647,31.344398,26.36972,29.173807,23.676235,25.933376,23.632803,25.545143,27.565126,28.791279,28.037973,31.208456,29.603882,26.477688,31.236595,33.124252,28.571321,28.908293,33.68104,31.963718,29.868164,32.67957,36.911495,32.943615,33.463543,37.42045,39.389282,35.38141,36.577934,35.259132,32.298035,32.09159,29.21205,27.663975,29.230421,26.866188,31.94026,29.055763,34.55368,33.68939,35.322563,40.018486,37.037468,32.800484,29.616802,28.526932,24.367672,24.048128,19.329552,19.334566,16.014233,15.237994,16.826412,15.988689,12.891154,17.31973,13.484038,18.48963,18.97666,16.039688,19.272715,16.572075,19.034027,19.8082,22.255033,25.382103,25.62507,24.05478,24.511225,22.036758,24.45081,22.806955,27.27225
2,7.727433,4.929471,0.0,4.953172,8.160399,10.166306,13.06512,17.636732,19.769573,23.26499,26.406546,31.232714,28.29091,26.842302,22.501917,20.889929,16.684378,17.253735,11.616081,12.1587925,10.493839,8.960463,12.768003,13.8217325,14.644989,18.070305,17.830473,19.36775,18.179602,16.54153,21.491446,17.133282,25.013992,20.72309,25.403795,24.669079,28.24375,31.277557,28.846453,28.790598,23.693968,27.04163,21.53508,24.527185,21.741646,24.850267,26.247295,28.31297,28.44909,31.239305,29.117186,26.913221,31.99614,33.24376,29.107027,30.298233,34.64854,32.73014,31.372606,34.356243,38.04983,34.4269,35.59215,39.521435,41.675087,38.10492,39.6768,38.438725,35.784737,35.34703,32.661774,30.45499,31.896854,28.904623,33.988033,30.421522,35.77766,34.30584,35.62806,40.10005,36.644726,32.48987,29.48947,28.691013,24.601961,25.058443,19.727316,21.24487,17.80749,18.123224,19.940588,19.776749,17.260324,21.962809,18.356384,23.365664,23.55539,20.372408,23.53004,20.17667,22.88905,22.695902,25.327688,28.650665,29.173037,27.384483,28.393923,25.213894,27.892181,25.807447,30.267073
3,10.048128,6.1075954,4.953172,0.0,4.47407,6.6571083,9.111623,14.021671,15.453486,19.289568,21.870623,26.89508,24.307884,22.574284,18.686523,16.429646,12.369494,12.445082,7.037567,7.4050694,6.4778705,6.34062,10.646562,12.432199,14.959367,17.135838,16.132013,17.258371,14.706729,13.344617,17.241276,12.8855,20.516453,16.257153,21.020252,20.299671,24.09199,27.42901,25.09846,25.278614,20.292517,23.339586,17.998922,20.70233,18.63441,21.217735,23.571856,25.385826,25.5475,27.87492,25.61665,23.18603,28.313643,29.232487,24.79238,26.31981,30.367945,28.147099,26.861935,30.029171,33.463577,29.67003,31.153334,35.064503,37.12687,33.707016,35.622906,34.745647,32.05498,31.323784,28.719976,26.105225,27.402061,24.16431,29.232468,25.532248,30.84989,29.487213,30.717503,35.259235,31.875563,27.724752,24.73541,23.784718,19.678265,20.142805,14.784889,16.572926,13.418438,14.332844,16.746737,16.960949,14.878387,19.910229,17.562006,22.120619,21.347925,17.800833,20.641552,16.599667,19.759254,18.699865,21.887934,25.706257,25.800776,23.683064,24.94592,21.118345,24.011724,21.767267,26.240711
4,10.006493,6.1459274,8.160399,4.47407,0.0,6.1940904,5.1796765,11.233699,12.162432,16.10807,19.10254,23.815243,21.852552,20.523636,16.782055,14.41886,11.040803,10.280733,7.8472404,5.686534,7.702524,7.286165,10.128536,13.323123,16.282007,18.008194,15.534308,17.68511,13.878814,14.13756,16.605587,13.623793,20.744347,16.734154,21.510895,20.46199,24.724491,28.436209,26.523323,27.054546,22.332085,24.861223,19.798399,21.732374,20.432201,21.751802,24.962427,25.968454,25.373564,27.81047,25.960484,22.634888,27.444305,28.759054,23.794403,24.696527,28.957361,26.722916,24.756918,27.890684,31.671476,27.368006,28.452444,32.397488,34.17969,30.351616,32.147816,31.449427,28.33211,27.624352,24.758497,22.604748,23.839394,21.095903,26.117434,22.977571,28.473047,27.57433,29.219954,33.92472,31.098064,26.82524,23.615002,22.475723,18.323141,18.105284,13.388624,13.676778,10.975561,11.007272,13.730675,13.395409,10.763904,15.739949,14.05447,18.081581,16.962244,13.357992,16.243378,12.421684,15.870263,15.3058815,18.798069,22.74835,22.225687,20.083853,20.77678,17.142885,19.812336,17.746002,22.2681
5,14.707294,10.30073,10.166306,6.6571083,6.1940904,0.0,6.570639,8.145883,10.919955,13.81365,16.914839,21.659739,18.211948,16.772896,12.346706,11.106135,6.8826227,8.89908,5.642263,8.426044,10.39232,11.884441,15.613086,18.144499,21.314283,22.904043,21.057951,22.148521,18.000544,17.281199,18.838503,14.383592,19.840954,14.313709,19.017033,16.889511,21.20639,24.600283,23.566803,24.656706,20.012287,23.655714,19.370285,22.16066,21.43548,23.666988,27.235037,28.911676,29.16975,30.707716,28.179068,25.575243,30.557226,30.737669,25.734167,27.852892,31.157722,28.071106,26.820652,30.396946,33.15264,28.460009,30.706623,34.525173,35.895977,32.32679,34.95813,35.096577,31.641668,30.339474,27.257763,24.730627,24.96755,21.75647,26.12061,22.167574,27.59332,25.161526,27.457321,31.560083,28.883951,24.239117,20.770681,20.850212,16.912226,18.313421,13.07843,15.438367,14.220397,15.32972,18.74252,18.537477,15.610319,20.160902,19.159048,22.10574,20.308699,16.604866,19.68586,15.954294,20.304348,18.867764,23.24979,27.65797,26.401896,23.821896,24.045853,19.306353,21.393425,18.185091,22.235107
6,14.308045,10.7196,13.06512,9.111623,5.1796765,6.570639,0.0,6.9762897,7.171077,11.104003,14.35326,18.790243,17.222513,16.215416,12.825168,10.4393215,8.226037,6.947521,8.666127,6.344406,10.652433,11.348059,13.236473,16.945496,20.521135,21.452515,18.09415,20.266586,15.07158,16.334278,16.545633,14.473728,19.885017,15.818301,20.330204,18.64401,23.284721,27.232843,26.090603,27.185818,22.92033,25.199272,20.91401,22.334183,22.18966,22.590725,26.87138,27.377083,26.534143,28.431784,26.656185,22.8694,27.318724,28.34487,22.875107,23.823614,27.627438,24.919598,22.64122,25.965073,29.465837,24.434399,25.75806,29.630024,30.876993,26.818771,29.03186,29.091413,25.37449,24.262758,21.045816,19.047941,19.62741,17.139563,21.774918,18.879751,24.496056,23.543123,25.839165,30.453506,28.32264,23.862597,20.398127,19.483952,15.49429,15.176758,11.265024,10.712831,9.883708,9.75141,13.297865,12.63553,9.712014,14.086951,14.314697,16.674007,14.299302,10.479828,13.215623,9.43395,13.939294,13.025798,17.49848,21.89571,20.14976,17.63733,17.517529,13.166971,15.356875,12.798484,17.233723
7,19.995564,16.08876,17.636732,14.021671,11.233699,8.145883,6.9762897,0.0,5.168946,6.0008335,10.604783,14.3386135,11.124082,10.863471,6.532486,6.7067485,6.0005,7.7275,11.253532,11.987382,16.08477,17.686497,20.06375,23.520987,27.212082,28.087824,24.89978,26.563623,20.985826,21.853607,20.836914,18.222372,21.25085,16.182014,20.094864,16.958448,21.729437,25.398134,25.693157,27.590017,23.821913,26.772484,23.611855,25.383017,26.097708,26.78269,31.603943,32.371742,31.987251,33.06684,30.9004,27.4969,31.77555,31.853243,26.257114,28.028131,30.79008,27.24607,25.386673,29.010027,31.454271,25.73464,28.058674,31.638899,32.07372,28.09594,31.145777,32.352432,28.017918,26.25658,22.663492,20.838913,19.901276,17.548128,20.825037,17.612204,23.05512,20.465693,24.136559,27.946302,26.699272,21.81523,17.928823,18.566294,15.229177,16.354706,13.090223,13.751903,15.032128,15.441759,19.238245,18.420298,15.181253,18.324871,19.473211,20.094584,16.962193,13.624271,16.281023,13.665205,18.654665,17.365355,22.48215,27.092327,24.25553,21.453194,20.18127,15.090612,15.781269,11.800724,15.118672
8,21.44051,17.851423,19.769573,15.453486,12.162432,10.919955,7.171077,5.168946,0.0,4.7713623,7.29163,11.657503,10.807991,9.925304,8.196636,5.462443,6.995743,5.3994503,11.870949,10.809984,15.497103,17.329872,18.797846,22.393515,26.610395,26.608353,22.939734,24.425531,18.24553,19.927725,17.48483,16.351204,18.567492,14.811372,18.32004,15.857047,20.608229,24.646385,24.649914,26.47258,23.133497,24.985834,22.12857,22.934448,24.303164,23.832724,29.197458,29.329903,28.611801,29.434166,27.576595,23.78624,27.645632,27.79542,22.052683,23.583132,26.152628,22.645294,20.508064,24.088388,26.558249,20.713753,22.938595,26.485935,26.917412,23.009285,26.198956,27.581886,23.392242,21.436049,18.083048,15.803817,14.905388,12.40929,15.981499,13.021348,18.602259,17.186455,20.413067,24.684177,23.553263,18.961205,15.28779,14.964656,11.710942,11.825358,9.848323,9.211278,11.669233,12.266269,16.113922,15.723859,13.748774,16.659842,19.073263,19.459425,15.577638,12.257497,13.742876,10.447481,15.344052,13.147732,18.482655,23.232138,20.09024,17.091923,16.290642,10.540845,11.752058,7.86586,11.603115
9,24.973185,21.354944,23.26499,19.289568,16.10807,13.81365,11.104003,6.0008335,4.7713623,0.0,5.938772,8.489024,6.859648,7.5600376,6.268116,6.5209665,9.353367,9.517248,15.582854,15.442818,20.009209,21.863485,23.457956,27.103392,31.212467,31.357664,27.612526,29.190315,22.964375,24.609901,21.839298,20.617386,21.689741,17.671242,20.599867,17.348768,21.952583,25.69275,26.668608,28.935736,25.968357,28.100262,25.854017,26.77103,28.479052,28.068216,33.598377,33.74829,33.07662,33.618896,31.72001,28.025965,31.620777,31.452423,25.736591,27.37242,29.417934,25.6249,23.563469,27.091095,29.014582,22.800402,25.297678,28.522697,28.257654,24.294918,27.797737,29.902742,25.243025,23.012857,19.38761,17.810116,15.811629,14.1249895,16.16623,13.681981,18.77548,16.40283,20.82606,24.365183,24.21594,19.523088,15.720307,16.5038,14.108569,14.834226,13.730353,13.2723255,16.310648,16.641106,20.332222,19.570236,17.131142,19.141077,21.937624,21.190279,17.07593,14.376893,15.81117,13.886136,18.643606,16.935368,22.209688,26.80576,23.011028,20.091719,18.20118,12.849887,12.444131,7.97493,10.0461035
10,28.656878,24.970148,26.406546,21.870623,19.10254,16.914839,14.35326,10.604783,7.29163,5.938772,0.0,5.5685773,6.6421795,5.308058,8.286146,6.3983164,10.797127,9.838342,16.747545,16.64513,20.916243,23.453688,24.79425,28.029623,32.659832,31.930048,28.384556,29.027609,22.586308,24.175001,19.929005,19.480669,18.301943,15.508745,17.265604,14.378233,18.51367,22.28969,23.508486,25.943546,23.83964,25.101109,23.909555,24.137285,26.787504,25.731075,31.705778,31.649939,31.302204,30.96457,28.982637,25.671999,28.828547,27.864857,22.385597,24.707956,25.646584,21.422758,20.004704,23.621632,24.491108,18.29556,21.781652,24.672777,24.251877,21.130754,25.404287,28.081354,23.983934,21.218187,18.370262,15.61384,13.012765,10.456654,11.657655,8.286282,13.090748,10.573918,14.977652,18.536448,18.65612,14.209517,10.685127,11.417853,10.094504,11.16662,11.818507,12.047545,16.141558,17.481318,21.077065,21.176199,20.158697,22.259281,25.669949,25.161972,20.68051,18.034842,18.408989,15.67167,19.91333,16.67824,21.918722,26.617638,22.788145,19.647696,18.858053,12.838348,13.020449,9.10778,10.1363325
11,32.92803,29.416792,31.232714,26.89508,23.815243,21.659739,18.790243,14.3386135,11.657503,8.489024,5.5685773,0.0,6.572834,7.8083324,11.50063,11.518825,15.852674,15.235142,22.133905,21.827364,26.285086,28.579231,29.623274,33.092842,37.63919,36.901592,32.9768,33.979843,27.429148,29.449244,24.84234,24.952301,23.193079,20.806328,22.01107,18.974808,22.64156,26.041025,27.959385,30.620354,28.94316,30.027388,29.266535,29.230618,32.143726,30.672215,36.798035,36.395157,35.728256,35.2722,33.586876,30.071821,32.652626,31.742342,26.379656,28.21568,28.745901,24.626888,22.924747,26.143435,26.650959,20.258705,23.408854,25.752995,24.386711,21.184734,25.556826,29.04385,24.513363,21.554794,18.613533,17.026138,13.371618,12.65023,11.477399,10.338482,13.507007,11.182258,16.571335,19.092146,20.810179,16.944403,13.993292,15.190875,14.944745,15.518071,17.202503,16.435356,20.848839,21.552525,24.840294,24.530342,23.359507,24.416313,28.485909,26.800497,22.095995,20.230675,20.152617,18.769953,22.595709,20.059242,24.963024,29.295506,24.754307,21.873205,19.96766,14.940847,13.488151,10.141811,8.52314
12,31.053497,27.138943,28.29091,24.307884,21.852552,18.211948,17.222513,11.124082,10.807991,6.859648,6.6421795,6.572834,0.0,3.9056835,6.228873,8.810108,12.49938,13.88573,19.407293,20.732222,24.821419,27.314722,29.340609,32.60637,36.93315,36.859245,33.526608,34.36144,28.129873,29.179657,25.764868,24.110859,22.991457,18.92926,20.603758,16.591722,20.466269,23.54235,25.887321,28.73687,26.640656,28.977558,27.99469,29.064941,31.440588,31.324125,37.03865,37.504814,37.455647,37.15317,34.866726,31.886559,35.29459,34.07983,28.718971,31.290628,32.15131,27.769802,26.616531,30.230436,30.780598,24.626389,28.23583,30.947447,30.112282,26.95078,31.2066,34.139572,29.62998,26.907051,23.676672,21.759785,18.772984,16.94135,17.143822,14.241518,18.009626,13.502854,19.01973,21.182297,22.012726,17.410013,13.827984,16.359457,15.37343,17.517115,17.076162,18.143393,21.691647,22.769161,26.512814,26.105309,23.964933,25.868595,28.775976,27.772549,23.563328,21.127438,22.27742,20.400543,24.991087,22.589783,27.896938,32.553574,28.54407,25.52333,23.774534,18.289206,17.443356,13.177805,13.191413
13,30.194565,26.137623,26.842302,22.574284,20.523636,16.772896,16.215416,10.863471,9.925304,7.5600376,5.308058,7.8083324,3.9056835,0.0,5.4635663,6.320087,10.306389,11.560468,16.941006,18.639862,22.395319,25.274996,27.450129,30.380877,34.89696,34.550827,31.58436,31.84758,25.727972,26.384388,22.820717,20.930523,19.255177,15.250927,16.712358,12.740022,16.646667,19.878775,22.040863,24.872667,22.896656,25.125294,24.375477,25.453856,27.984137,28.013142,33.69843,34.35859,34.675728,34.091286,31.581663,28.989885,32.531246,30.938114,25.747576,28.861025,29.469976,24.931425,24.291029,28.058884,28.31131,22.45156,26.55778,29.339514,28.901655,26.174768,30.612793,33.33015,29.291704,26.511522,23.648355,20.86687,18.225922,15.435541,16.195488,12.193207,16.122816,11.201181,16.183022,18.66512,18.756866,13.957733,10.213542,12.914019,11.918652,14.739522,14.054958,16.178272,19.628563,21.371845,25.193419,25.280209,23.650127,26.153774,28.858635,28.603336,24.41379,21.580597,22.661592,19.87335,24.460297,21.297913,26.643482,31.452873,27.867828,24.70372,23.87858,17.867838,17.94578,13.720957,14.506455
14,26.02381,21.87538,22.501917,18.686523,16.782055,12.346706,12.825168,6.532486,8.196636,6.268116,8.286146,11.50063,6.228873,5.4635663,0.0,5.0851374,7.0099993,9.920383,13.900532,16.210638,19.867723,22.386421,25.056435,28.072338,32.163784,32.556507,29.752739,30.475872,24.701605,25.037895,22.913422,20.000633,20.44924,15.185359,17.934708,13.8280735,18.232626,21.481375,23.05035,25.58825,22.662127,25.800346,23.990217,25.84183,27.435778,28.288303,33.474407,34.515865,34.786045,34.897915,32.30669,29.591528,33.69111,32.65149,27.296192,30.110106,31.66022,27.427683,26.438875,30.266563,31.401762,25.60769,29.119091,32.312798,32.291,29.00508,32.90597,34.96161,30.725288,28.366537,25.069023,22.667978,20.717031,17.95518,19.924498,16.000687,20.703157,16.367453,20.77853,23.656942,22.95259,17.955112,14.029084,16.20303,13.931322,16.574608,14.091,16.342415,18.724512,20.09969,24.038485,23.733982,21.18688,24.088242,25.84185,26.027676,22.402819,19.31339,21.311554,18.576693,23.515265,21.139324,26.52139,31.339409,28.128988,25.065578,23.982477,18.216528,18.495548,14.047249,15.953698
15,24.280924,20.215998,20.889929,16.429646,14.41886,11.106135,10.4393215,6.7067485,5.462443,6.5209665,6.3983164,11.518825,8.810108,6.320087,5.0851374,0.0,4.5029435,5.4170227,10.907182,12.377051,16.152626,18.961643,21.28389,24.177786,28.61758,28.456825,25.645136,26.006933,20.072666,20.5625,17.907003,15.489717,15.972384,11.311295,14.350341,11.062684,15.800705,19.638409,20.26845,22.489061,19.496876,21.895718,19.886847,21.242207,23.038372,23.387367,28.764172,29.574833,29.808203,29.835676,27.318157,24.528551,28.617905,27.625088,22.240625,25.131014,26.727667,22.584019,21.65136,25.52754,26.814514,21.24434,24.769323,28.093988,28.516195,25.448732,29.313278,31.05259,27.290943,24.961777,22.062767,18.910965,17.523308,14.030753,16.91735,12.496093,17.624653,14.382971,17.730587,21.471996,20.025614,15.116077,11.230726,12.198953,9.284023,11.695204,9.05514,11.682821,14.159122,16.100126,20.043144,20.290165,18.67304,21.99746,23.977247,24.79102,21.022776,17.64877,19.151878,15.440119,20.183271,16.985228,22.342707,27.25275,24.403484,21.239977,21.14805,14.970558,16.293398,12.20924,14.929763
16,20.809015,16.553501,16.684378,12.369494,11.040803,6.8826227,8.226037,6.0005,6.995743,9.353367,10.797127,15.852674,12.49938,10.306389,7.0099993,4.5029435,0.0,4.700304,6.949728,9.767429,12.945428,15.718958,18.738302,21.375761,25.510372,25.88536,23.595713,23.940016,18.607738,18.35373,17.289204,13.547801,16.003723,10.374807,14.446218,11.5003605,16.222628,19.922987,19.814552,21.626669,17.842327,20.995506,18.083858,20.239569,21.104023,22.443811,27.169136,28.505556,28.975817,29.461124,26.749374,24.221142,28.830116,28.097849,22.88416,25.778393,27.98057,24.159163,23.322088,27.176628,28.93956,23.834213,27.032938,30.59133,31.5069,28.360067,31.807983,32.877,29.33093,27.37393,24.456207,21.319778,20.680803,17.043592,20.703337,16.229986,21.44432,18.385103,21.050234,24.91494,22.677347,17.846415,14.17615,14.816421,11.261277,13.626063,9.147847,12.5752945,13.46374,15.492448,19.408869,19.662075,17.641094,21.66549,22.513468,24.27889,21.19113,17.51644,19.690746,15.628887,20.378874,17.56256,22.675488,27.520828,25.39101,22.36835,22.630814,16.790085,18.645405,14.82163,18.249771
17,20.230808,16.394184,17.253735,12.445082,10.280733,8.89908,6.947521,7.7275,5.3994503,9.517248,9.838342,15.235142,13.88573,11.560468,9.920383,5.4170227,4.700304,0.0,7.3936934,7.126693,11.164969,13.869143,15.941091,18.840736,23.36582,23.07637,20.251757,20.679817,14.7943125,15.448451,13.400885,11.153875,13.952381,9.930064,13.958031,12.217418,16.87952,21.00089,20.17417,21.646059,18.040426,19.9332,16.782526,17.908907,19.083933,19.236784,24.389183,25.058117,25.036491,25.626032,23.297241,20.176933,24.579475,24.27103,18.812061,21.256586,23.728365,20.16275,18.892385,22.676136,24.88797,19.819445,22.600414,26.261234,27.4187,24.241688,27.493776,28.34014,25.050196,23.176365,20.537106,17.074976,16.978529,13.183376,17.551361,13.409423,18.83566,17.311832,19.23358,23.777655,21.42603,16.949287,13.567239,12.717442,8.734998,9.6654625,5.4064937,7.9003263,9.09465,11.386654,15.304928,15.936242,14.90383,18.915596,20.412962,22.264843,18.918797,15.246617,16.70251,12.021681,16.48203,13.068636,18.182444,23.07611,21.023724,17.961298,18.86389,12.929015,15.521365,12.328647,16.17957
18,16.809824,12.704209,11.616081,7.037567,7.8472404,5.642263,8.666127,11.253532,11.870949,15.582854,16.747545,22.133905,19.407293,16.941006,13.900532,10.907182,6.949728,7.3936934,0.0,6.1048183,6.8071904,9.972283,13.835967,15.554928,19.48897,20.090117,18.893045,18.613783,14.535148,12.913216,14.276681,8.9999075,14.653733,9.52373,14.339613,13.278165,17.229168,20.746977,18.87151,19.605326,14.917161,18.15458,13.751514,16.575834,15.976813,18.449228,22.073175,24.02248,24.890701,25.908518,23.043749,21.061987,26.208548,25.85184,21.219141,24.085318,26.959251,23.853504,23.334017,26.953655,29.267643,25.245583,27.936949,31.676062,33.468735,30.59984,33.43698,33.442932,30.733889,29.300398,26.874962,23.367233,23.953434,19.971687,24.618885,20.129004,25.195728,23.126709,24.2834,28.570215,25.138964,20.894484,17.940475,17.387379,13.434722,15.08928,9.307412,13.333391,11.718705,14.268123,17.602682,18.47775,17.129953,22.02804,21.505754,24.947992,22.803772,18.97078,21.23468,16.441216,20.363955,17.538801,21.73971,26.259653,25.553556,22.840282,24.377296,19.168612,22.106375,19.173374,23.27188
19,14.531525,11.227125,12.1587925,7.4050694,5.686534,8.426044,6.344406,11.987382,10.809984,15.442818,16.64513,21.827364,20.732222,18.639862,16.210638,12.377051,9.767429,7.126693,6.1048183,0.0,4.9095607,6.814771,9.03767,11.920774,16.269089,16.373318,13.850225,14.67679,9.698596,10.079306,11.117423,8.604436,15.476987,12.487281,17.009773,16.7509,20.818401,24.755537,22.469501,22.904587,18.554321,20.165667,15.354678,16.594906,16.020184,16.593922,20.568254,21.344196,21.00922,22.817524,20.801662,17.517069,22.398026,23.26459,18.251513,19.735863,23.57845,21.186628,19.614044,22.897657,26.30962,22.312174,23.82961,27.727543,29.751549,26.496735,28.665274,28.125786,25.549261,24.530653,22.245033,19.045336,20.472347,17.03018,22.290325,18.816628,24.042067,23.684477,24.501036,29.4167,26.26358,22.346003,19.530008,17.686039,13.563538,13.049324,8.285871,9.274125,6.3211684,8.33843,11.513412,12.521312,11.995866,16.95652,16.81402,20.483095,18.40754,14.700972,16.414835,11.31007,14.625183,12.068062,15.87619,20.272133,19.831423,17.337112,19.285814,14.803068,18.280972,16.356812,20.831573
20,14.049327,11.175267,10.493839,6.4778705,7.702524,10.39232,10.652433,16.08477,15.497103,20.009209,20.916243,26.285086,24.821419,22.395319,19.867723,16.152626,12.945428,11.164969,6.8071904,4.9095607,0.0,4.071313,7.69852,8.786254,13.025502,13.284299,12.476505,12.058916,9.093187,7.0933867,11.077909,7.0765224,15.477817,12.94264,17.309528,17.908442,21.269562,24.817488,21.675081,21.425018,16.77214,18.45746,12.90419,14.761862,12.838073,14.770742,17.470823,19.073416,19.471483,21.46484,19.144585,16.86929,22.099947,22.859814,18.702438,20.549091,24.404654,22.436384,21.578678,24.632627,27.902214,24.846859,26.403526,30.214296,32.715176,29.948019,31.912863,30.845795,28.974709,28.174124,26.321201,22.840406,24.632309,20.910711,26.238274,22.465338,27.330711,26.893364,26.964396,31.790817,27.926483,24.376955,21.996876,20.056883,16.1204,16.001808,10.980815,13.145959,9.325838,11.656994,13.809617,15.348151,15.368312,20.46359,19.286242,23.86773,22.451904,18.876238,20.607048,15.568619,18.071121,15.524638,18.328028,22.22309,22.87629,20.6794,23.358938,19.264595,22.976488,21.228176,25.67893
21,10.707351,8.789452,8.960463,6.34062,7.286165,11.884441,11.348059,17.686497,17.329872,21.863485,23.453688,28.579231,27.314722,25.274996,22.386421,18.961643,15.718958,13.869143,9.972283,6.814771,4.071313,0.0,4.717376,6.2896028,9.801213,11.055176,9.985149,11.03998,9.259976,8.265807,13.296818,10.710092,19.237871,16.983212,21.347439,21.8816,25.333218,28.879251,25.67797,25.277092,20.60497,22.11145,16.391485,17.903158,15.430469,16.921759,18.863182,20.046362,19.693254,22.608547,20.899231,18.15479,23.119158,24.816479,20.784718,21.536798,26.12135,24.755468,23.30184,25.98525,29.971588,27.013706,27.72529,31.588923,34.193897,31.078684,32.42099,30.804188,28.968685,28.631054,26.71548,23.863518,26.06517,22.902874,28.379274,25.173157,30.156895,30.173136,30.380644,35.350697,31.650513,28.115137,25.647524,23.544752,19.562962,18.77721,14.2439,14.895039,10.4733305,11.406511,12.709957,13.843044,13.739433,18.758636,16.661903,21.873587,21.2342,17.947824,19.796057,15.304355,17.110296,15.7758465,17.762962,21.093864,22.279749,20.528505,23.04521,19.924149,23.561087,22.310436,26.89841
22,11.767533,11.260095,12.768003,10.646562,10.128536,15.613086,13.236473,20.06375,18.797846,23.457956,24.79425,29.623274,29.340609,27.450129,25.056435,21.28389,18.738302,15.941091,13.835967,9.03767,7.69852,4.717376,0.0,4.456059,8.165465,8.407923,5.5346737,8.389187,7.0102506,8.273815,12.754703,12.638408,20.772827,19.742094,23.770016,24.706375,28.134321,31.86499,28.491684,27.954817,23.656717,24.138775,18.593992,18.930176,16.682344,16.551857,18.416891,18.4699,16.973434,20.651209,19.8236,16.252745,20.666578,23.414755,19.522783,18.964397,24.210133,23.635515,21.565033,23.70486,28.410015,25.834362,25.542942,29.346338,32.17257,28.997477,29.660591,27.436258,26.039925,26.160944,24.62751,22.12005,24.963343,22.3496,27.923605,25.508383,30.2702,31.371023,31.233797,36.45686,32.933983,29.740261,27.483269,24.727554,20.937878,19.021935,15.66543,14.555352,9.741201,9.607764,9.463975,10.940358,12.282989,16.781097,14.945902,20.301594,19.930271,17.13051,18.21132,14.028755,14.463759,13.690982,14.384837,17.068058,19.01312,17.762833,20.810556,18.76126,22.596394,22.25565,26.772467
23,13.814731,13.674767,13.8217325,12.432199,13.323123,18.144499,16.945496,23.520987,22.393515,27.103392,28.029623,33.092842,32.60637,30.380877,28.072338,24.177786,21.375761,18.840736,15.554928,11.920774,8.786254,6.2896028,4.456059,0.0,5.133395,4.766097,5.6431947,5.832826,8.024428,7.0708847,13.353783,12.817375,21.059797,20.616173,24.30332,25.868279,28.728148,32.141018,28.188625,27.123678,22.920017,23.11397,17.427704,17.836515,14.645698,15.239116,15.613884,16.242027,15.436122,19.241581,18.292208,15.808362,20.278282,22.864838,19.913937,19.740694,24.726662,24.523174,23.167883,25.085922,29.469166,27.737047,27.619974,31.256544,34.44492,31.817877,32.44642,29.926525,29.21815,29.384161,28.272642,25.366978,28.338589,25.37719,30.946321,28.216108,32.665253,33.721497,32.97165,38.106274,34.07142,31.231266,29.33922,26.483713,22.882421,21.28775,17.790817,17.70643,12.852857,13.562638,13.120003,15.041913,16.714722,21.101404,18.943714,24.53317,24.356237,21.585625,22.59548,18.305183,18.502634,17.238056,17.400154,19.594322,22.294447,21.190111,24.806032,22.677778,26.690395,26.288612,30.772062
24,13.342354,14.636524,14.644989,14.959367,16.282007,21.314283,20.521135,27.212082,26.610395,31.212467,32.659832,37.63919,36.93315,34.89696,32.163784,28.61758,25.510372,23.36582,19.48897,16.269089,13.025502,9.801213,8.165465,5.133395,0.0,5.039969,7.854087,9.04589,12.873484,11.912541,18.38095,17.652662,25.955696,25.296782,29.04488,30.538567,33.33128,36.567432,32.48823,31.209715,26.915075,27.339863,21.59471,22.26698,18.50289,19.550293,18.633577,19.362837,18.386341,22.706545,22.143826,20.036644,24.04059,27.05716,24.59838,23.900002,29.08896,29.31029,27.838316,29.433765,34.074654,32.582756,32.01942,35.584755,38.855656,36.102787,36.246044,33.248634,32.706886,33.257504,32.12789,29.72116,32.845757,30.184044,35.763596,33.209755,37.722164,38.765427,38.102528,43.22538,39.13781,36.280724,34.330513,31.586481,27.93676,26.365013,22.781313,22.48956,17.61641,17.618225,16.613756,17.955849,19.22458,23.200064,19.93738,25.968746,26.7088,24.30601,25.519451,21.91749,21.637476,21.40017,20.903872,22.259434,25.509119,24.86727,28.182255,26.785091,30.590754,30.376453,34.903286
25,17.30245,17.932549,18.070305,17.135838,18.008194,22.904043,21.452515,28.087824,26.608353,31.357664,31.930048,36.901592,36.859245,34.550827,32.556507,28.456825,25.88536,23.07637,20.090117,16.373318,13.284299,11.055176,8.407923,4.766097,5.039969,0.0,5.7589154,4.575793,10.106132,9.490801,15.313929,16.015587,23.566376,24.165451,27.37186,29.486427,31.954674,35.22814,30.88497,29.423428,25.64118,25.001244,19.63831,19.292429,15.864986,15.708396,14.632954,14.6478405,13.413648,17.87198,17.696926,15.652236,19.333843,22.563787,20.63876,19.729803,24.79036,25.488836,24.255947,25.514875,30.057507,29.263819,28.547865,31.910421,35.452965,33.227173,33.31699,30.176361,30.326128,30.853052,30.316593,27.476004,30.862461,28.112627,33.609703,31.235874,35.268574,36.96283,35.628708,40.79447,36.602432,34.248714,32.73194,29.487196,26.197239,24.189655,21.392155,20.919838,16.165836,16.681522,15.2802515,17.474876,20.009096,23.835575,21.71761,27.326517,27.4461,25.04778,25.560871,21.560766,20.812244,19.69461,18.62988,19.78506,23.485388,22.89501,27.07405,25.641756,29.762522,29.864939,34.2193
26,15.706992,16.238365,17.830473,16.132013,15.534308,21.057951,18.09415,24.89978,22.939734,27.612526,28.384556,32.9768,33.526608,31.58436,29.752739,25.645136,23.595713,20.251757,18.893045,13.850225,12.476505,9.985149,5.5346737,5.6431947,7.854087,5.7589154,0.0,5.886447,7.4013963,9.786462,13.66873,15.632241,23.006304,23.401058,26.862087,28.467901,31.530659,35.232754,31.458553,30.557957,26.74071,26.11698,20.886917,20.115345,17.854729,16.331371,17.330952,16.22578,13.590524,18.185408,18.443293,14.637101,18.10651,21.967377,18.938948,17.024141,22.71975,23.306932,21.044632,22.31506,27.526825,25.970963,24.660341,28.18383,31.439398,28.638414,28.494097,25.399872,25.0677,25.735678,25.002474,22.670418,26.186522,24.009977,29.493004,27.75561,31.971838,34.126575,33.28315,38.627316,35.051723,32.45159,30.64722,27.26882,23.888771,21.163649,18.996063,16.983738,12.359594,11.814091,9.798223,11.894018,14.977755,18.435297,16.994423,22.199883,22.140722,19.989435,20.117794,16.441309,15.185275,14.674041,13.309157,14.565591,18.002192,17.529444,21.489237,20.611534,24.603302,25.144833,29.410494
27,19.390162,19.13847,19.36775,17.258371,17.68511,22.148521,20.266586,26.563623,24.425531,29.190315,29.027609,33.979843,34.36144,31.84758,30.475872,26.006933,23.940016,20.679817,18.613783,14.67679,12.058916,11.03998,8.389187,5.832826,9.04589,4.575793,5.886447,0.0,6.6061254,6.4396286,11.124268,12.98823,19.778547,21.197742,24.012491,26.44254,28.7622,32.13136,27.809252,26.431253,23.023184,21.703611,16.712494,15.570491,12.893145,11.513602,11.513516,10.932756,9.672503,13.78339,13.501915,11.113417,15.079404,18.098171,16.07475,15.479276,20.323221,20.954422,19.957176,21.285078,25.577625,24.96877,24.520908,27.831015,31.439047,29.566109,29.993052,27.167305,27.506105,27.734695,27.489025,24.120354,27.482445,24.50757,29.89788,27.506372,31.226606,33.221603,31.517876,36.686203,32.500595,30.415335,29.162989,25.63222,22.61358,20.390846,18.170279,17.758352,13.313849,14.5720005,13.415459,16.280264,19.461184,23.33493,22.334991,27.391098,26.722677,24.16221,24.257496,19.778526,19.157364,16.93527,16.07286,17.722746,21.137327,20.249441,24.950012,23.032557,27.350042,27.462872,31.638916
28,18.518587,17.190397,18.179602,14.706729,13.878814,18.000544,15.07158,20.985826,18.24553,22.964375,22.586308,27.429148,28.129873,25.727972,24.701605,20.072666,18.607738,14.7943125,14.535148,9.698596,9.093187,9.259976,7.0102506,8.024428,12.873484,10.106132,7.4013963,6.6061254,0.0,5.271169,6.3681927,9.371983,15.848674,16.835527,19.919127,21.759905,24.690096,28.499525,24.92428,24.315262,20.863447,19.84503,15.126058,13.8599415,12.9509735,10.633285,13.98632,13.09997,11.594859,14.403579,13.60282,9.449124,14.054883,16.509226,12.549338,12.387858,17.301464,16.826626,15.171521,17.30822,21.665005,19.733974,19.751488,23.412348,26.561567,24.21827,25.298046,23.347612,22.740389,22.454239,21.782364,18.135672,21.194187,18.091768,23.571882,21.17568,25.224672,27.184586,26.025948,31.32972,27.654022,25.150814,23.563583,20.019556,16.81661,14.210667,12.267476,11.152772,6.8166165,8.748666,8.689427,11.8487215,15.02738,19.046574,19.300798,23.503502,21.893362,19.070755,19.006336,14.029471,14.191546,10.924201,11.528923,14.731053,16.63562,15.011654,19.502386,16.753672,21.122242,21.034609,25.153059
29,18.73189,17.033613,16.54153,13.344617,14.13756,17.281199,16.334278,21.853607,19.927725,24.609901,24.175001,29.449244,29.179657,26.384388,25.037895,20.5625,18.35373,15.448451,12.913216,10.079306,7.0933867,8.265807,8.273815,7.0708847,11.912541,9.490801,9.786462,6.4396286,5.271169,0.0,7.208581,6.629019,14.20053,14.858842,17.912565,20.160627,22.559376,25.968468,21.859034,20.799267,17.057049,16.45994,11.1019945,10.906703,8.560826,8.810395,10.971189,12.053628,12.65876,14.73545,12.694849,10.82429,16.038157,17.152184,14.081829,15.721756,19.592726,18.679731,18.361158,20.756454,24.06987,22.559124,23.623955,27.143078,30.345486,28.462524,30.009909,28.292658,27.767359,27.22178,26.457481,22.423784,25.005005,21.23232,26.587894,23.246082,27.22401,28.167461,26.75047,31.758093,27.411207,24.931992,23.508728,20.427343,17.205664,16.005178,12.7292385,14.17956,10.068337,12.885019,13.573677,16.36895,18.545742,23.110386,22.54182,27.21904,25.760805,22.580633,23.183788,17.976782,18.961401,15.561846,16.772743,19.944702,21.850286,20.04906,24.278564,20.805334,25.089619,24.252926,28.453606
30,23.43432,21.192457,21.491446,17.241276,16.605587,18.838503,16.545633,20.836914,17.48483,21.839298,19.929005,24.84234,25.764868,22.820717,22.913422,17.907003,17.289204,13.400885,14.276681,11.117423,11.077909,13.296818,12.754703,13.353783,18.38095,15.313929,13.66873,11.124268,6.3681927,7.208581,0.0,6.755345,10.043289,12.719868,14.721625,17.249302,19.602774,23.367523,19.863129,19.42379,16.80664,14.839473,11.38797,9.00658,10.338857,6.8422694,12.506508,11.915899,12.044917,12.271777,10.2795105,6.9722395,11.960166,12.169049,7.6291804,10.452481,13.407638,11.712661,11.55713,14.420694,17.200483,15.434794,17.14382,20.574438,23.636288,22.233812,24.432718,23.546303,23.10355,21.98124,21.693377,16.889828,19.252087,15.20756,20.241983,17.111805,20.507856,22.361664,20.393986,25.577705,21.590675,19.535734,18.549253,14.664464,12.10941,9.8956585,8.922217,9.833169,7.839331,11.602423,12.792507,15.960407,18.883642,22.780441,24.070303,27.429916,24.857788,21.816568,21.501553,16.147688,17.20451,12.162772,14.002327,17.78043,18.575275,16.31824,20.965631,16.881208,21.204632,20.580294,24.178593
31,21.089811,18.113321,17.133282,12.8855,13.623793,14.383592,14.473728,18.222372,16.351204,20.617386,19.480669,24.952301,24.110859,20.930523,20.000633,15.489717,13.547801,11.153875,8.9999075,8.604436,7.0765224,10.710092,12.638408,12.817375,17.652662,16.015587,15.632241,12.98823,9.371983,6.629019,6.755345,0.0,8.655349,8.233726,11.500631,13.542508,16.05717,19.622553,15.986719,15.593781,11.715674,11.985845,7.060801,8.125501,7.995138,9.48212,13.62453,15.414866,16.994139,17.242838,14.101538,12.924805,18.180227,17.360254,13.5352125,17.201508,19.585255,17.052423,17.568117,20.834785,22.803946,20.415733,23.108149,26.586159,29.21501,27.513723,30.177584,29.656876,28.433378,27.099037,25.972416,21.381802,22.905916,18.40086,23.321653,18.979801,22.987486,22.713175,21.577478,26.295292,21.87019,18.983793,17.439531,14.955807,11.692926,12.118352,7.815409,12.090357,9.776478,13.793298,16.050594,18.504555,19.743862,24.443676,24.662292,28.495092,26.153008,22.591238,23.459423,17.937164,20.346563,15.954093,18.92368,23.05853,23.495775,20.971418,24.54368,19.637314,23.599062,21.787987,25.692787
32,29.322758,25.993805,25.013992,20.516453,20.744347,19.840954,19.885017,21.25085,18.567492,21.689741,18.301943,23.193079,22.991457,19.255177,20.44924,15.972384,16.003723,13.952381,14.653733,15.476987,15.477817,19.237871,20.772827,21.059797,25.955696,23.566376,23.006304,19.778547,15.848674,14.20053,10.043289,8.655349,0.0,6.635045,5.414685,9.431558,10.145492,13.606452,10.362245,10.680166,9.545679,7.4669695,7.8480244,6.859025,10.996235,10.850848,16.084892,17.506977,19.939047,17.772408,14.13014,14.45594,18.399195,14.987558,11.915683,17.684464,17.213415,13.329036,15.91884,19.350916,18.762001,16.865189,21.454046,24.174904,26.366005,26.014948,29.739727,30.398516,29.505295,27.40511,26.894737,21.548069,22.052734,17.069086,20.499163,15.565706,17.898975,17.243042,14.626005,18.794104,13.761765,11.879586,11.858874,9.214747,8.304432,10.395814,9.1711645,14.428109,14.886259,19.148016,21.59966,24.189402,25.775446,29.863935,31.380398,34.15115,30.887772,27.477758,27.698303,22.350643,24.909393,19.441385,22.73186,26.957354,26.51373,23.70546,27.312572,21.726988,25.226791,23.1865,25.974823
33,25.882322,22.017984,20.72309,16.257153,16.734154,14.313709,15.818301,16.182014,14.811372,17.671242,15.508745,20.806328,18.92926,15.250927,15.185359,11.311295,10.374807,9.930064,9.52373,12.487281,12.94264,16.983212,19.742094,20.616173,25.296782,24.165451,23.401058,21.197742,16.835527,14.858842,12.719868,8.233726,6.635045,0.0,4.8271604,5.35469,8.447548,12.358317,10.382248,11.726992,8.52739,10.741663,9.229602,11.349421,13.403039,15.284839,19.92609,21.975555,24.023926,22.991495,19.415363,18.888618,23.489632,21.043789,17.111067,21.985653,22.666765,18.647701,19.983406,23.783108,24.025883,20.707083,25.088692,28.230242,29.935217,28.515232,32.32158,33.156517,31.192448,29.063698,27.54754,22.79075,22.758997,17.861336,21.489017,16.045218,19.702614,17.13212,16.783012,20.630285,16.380844,12.710057,10.871056,10.353673,7.7951393,11.530087,7.4681096,14.012761,14.375072,18.33656,21.56525,23.422005,23.602373,28.010345,28.97239,31.6994,28.564947,24.884933,26.000908,20.806372,24.396437,19.674994,23.90993,28.573807,27.595022,24.573046,27.047016,21.016724,24.06873,21.119513,24.214699
34,30.616503,26.8138,25.403795,21.020252,21.510895,19.017033,20.330204,20.094864,18.32004,20.599867,17.265604,22.01107,20.603758,16.712358,17.934708,14.350341,14.446218,13.958031,14.339613,17.009773,17.309528,21.347439,23.770016,24.30332,29.04488,27.37186,26.862087,24.012491,19.919127,17.912565,14.721625,11.500631,5.414685,4.8271604,0.0,4.7510667,4.9040465,8.740539,6.8203745,8.738386,7.8038993,8.594013,10.001262,11.209998,14.498118,15.9228525,20.566532,22.603464,25.19921,23.13458,19.36035,19.792175,23.78328,20.21031,17.115763,22.765755,22.137094,17.824064,20.25425,23.897036,22.844091,20.209784,25.33783,27.994339,29.590374,29.034847,33.208748,34.421726,32.879974,30.497953,29.46162,24.358198,24.01748,19.0266,21.77879,16.23806,18.606604,15.793322,14.282894,17.476665,12.615041,9.813787,9.426927,9.18337,8.6764145,12.787929,10.713566,16.887552,17.876797,21.984926,25.008595,27.128057,27.76826,31.942793,33.335423,35.817455,32.409115,28.85388,29.578539,24.435123,27.773294,22.590584,26.597105,31.130795,30.09433,27.06885,29.825796,23.74068,26.667927,23.843586,26.344488
35,30.012619,25.90096,24.669079,20.299671,20.46199,16.889511,18.64401,16.958448,15.857047,17.348768,14.378233,18.974808,16.591722,12.740022,13.8280735,11.062684,11.5003605,12.217418,13.278165,16.7509,17.908442,21.8816,24.706375,25.868279,30.538567,29.486427,28.467901,26.44254,21.759905,20.160627,17.249302,13.542508,9.431558,5.35469,4.7510667,0.0,4.8115196,8.84549,9.432774,12.1474285,10.596689,13.057444,13.575482,15.415121,18.144293,19.744724,24.552832,26.500229,28.61282,27.031406,23.454208,23.095976,27.209728,24.118134,20.31907,25.45474,25.233307,20.665909,22.320787,26.181553,25.42557,21.736925,26.863243,29.652248,30.715754,29.56071,33.936115,35.556847,33.26151,30.726213,29.098795,24.443092,23.466063,18.713663,21.107468,15.397414,18.339016,14.075813,14.450251,17.2633,13.550154,9.426121,7.5265365,9.320188,8.423457,13.316485,10.769227,16.865608,18.42152,22.123106,25.598055,27.171663,26.967676,31.004305,32.46434,34.4621,30.91733,27.354856,28.441843,23.674295,27.621235,22.881445,27.50001,32.286903,30.59485,27.422232,29.261053,22.920961,25.260195,21.85777,24.14497
