,0,1,2,3,4,5,6,7,8,9,10,11,12,13,14,15,16,17,18,19,20,21,22,23,24,25,26,27,28,29,30,31,32,33,34,35,36,37,38,39,40,41,42,43,44,45,46,47,48,49,50,51,52,53,54,55,56,57,58,59,60,61,62,63,64,65,66,67,68,69,70,71,72,73,74,75,76,77,78,79,80,81,82,83,84,85,86,87,88,89,90,91,92,93,94,95,96,97,98,99,100,101,102,103,104,105,106,107,108,109,110,111,112,113,114
0,0.0,4.7163134,7.3011045,9.579681,12.573397,15.349528,18.188244,20.843208,24.53531,27.016647,31.027515,34.391598,31.046034,29.26066,24.399271,23.226694,18.226645,18.612679,15.844002,15.42172,15.779546,13.045791,15.178173,18.990652,19.04356,21.443253,20.012234,20.695108,23.447065,22.641909,28.540882,29.989262,34.40588,35.698174,39.19917,40.96342,43.666218,46.233974,42.360996,38.46288,41.052906,35.52894,36.27763,32.7639,34.00009,31.25754,29.357565,32.146194,34.782906,34.277733,36.459274,35.41468,39.18258,41.36927,41.052002,39.28488,38.596077,39.62328,43.61104,41.24205,39.446983,39.023415,40.777378,38.40564,42.273357,38.22363,40.858223,38.476814,35.13537,32.664635,32.680916,34.378586,34.653698,32.212074,33.030067,33.239784,33.193085,36.834976,32.54102,35.905945,38.55646,33.890057,35.35014,33.53059,30.945673,30.78286,26.9057,27.440067,24.177647,24.21369,23.770962,23.868536,26.998129,26.283007,21.407572,18.849012,15.767745,15.989677,15.531129,18.814302,17.515034,21.92703,22.075727,26.87884,26.515902,30.19061,32.643513,34.486343,37.422405,35.306946,40.5445,35.32355,39.568607,38.71967,41.5294
1,4.7163134,0.0,4.772484,5.940771,8.326342,11.865585,14.131221,17.52,20.81857,23.469088,27.533993,31.030434,28.195305,26.591902,21.74032,20.168821,15.784213,15.270885,13.896059,12.708442,14.657899,11.970957,15.246576,18.176779,17.697237,19.874798,17.3299,18.136091,20.274506,20.241322,25.229383,27.455612,31.20911,33.134895,36.3746,37.949135,40.562508,42.993805,39.10618,35.22744,37.513172,32.163265,32.555466,29.330133,30.190054,28.027842,25.862076,29.13502,32.01319,31.851963,34.005592,33.169823,37.353134,39.12274,39.438023,37.68614,36.608776,37.714348,41.429653,38.863895,37.06877,36.024467,37.71068,35.180717,38.94074,34.93768,37.145943,34.777836,31.557026,29.104961,29.218702,31.299992,31.747559,29.198778,30.564636,30.612,31.296251,34.76174,30.953663,34.687412,36.921677,32.67453,33.65684,31.306284,28.714493,28.169548,24.737537,24.473328,21.565556,21.167795,21.139078,20.926247,24.882326,23.542547,18.533562,16.327915,13.073641,12.7573595,11.449626,14.429581,12.846533,17.287384,17.454983,22.261936,22.001165,25.735617,28.2525,30.244753,33.11761,30.929922,36.284016,31.108948,35.277523,34.645287,37.327812
2,7.3011045,4.772484,0.0,5.17887,6.8472877,8.681456,11.878144,13.884517,17.991413,20.051006,24.461159,27.445948,24.436316,23.038935,17.874651,17.158642,12.82976,13.421702,12.093482,12.928354,15.467317,13.795271,16.991457,19.988358,20.04934,21.600847,18.65692,18.439356,20.01919,19.340971,23.699905,25.125818,28.978165,30.446648,34.01566,35.261772,38.2509,40.959705,37.45807,33.76452,36.537605,31.318707,32.404293,29.551874,30.788717,29.181297,27.749743,31.300367,34.557228,34.162113,35.889427,34.8131,39.07364,40.37541,40.781116,38.57409,37.282837,37.897064,41.406258,38.57228,37.531776,35.956303,38.301342,36.06019,40.06786,36.762753,38.517216,36.547398,33.514847,30.88718,30.508717,32.86421,32.902786,29.700348,31.16721,30.504036,31.347734,33.81564,30.168251,33.701157,35.336678,30.828066,31.355188,29.120749,27.0651,27.015385,23.78283,24.203007,22.23975,22.321167,23.063042,23.408821,27.813574,26.685879,21.720911,19.953575,16.337767,16.335802,13.444802,16.077566,13.483819,17.937399,16.926857,22.077091,20.367025,24.690878,26.421587,27.986752,31.30417,29.525425,35.09586,30.48614,34.898445,34.689728,37.6515
3,9.579681,5.940771,5.17887,0.0,3.71629,6.697525,8.86388,12.46209,15.26631,18.257118,21.893244,25.732073,22.803713,21.03413,16.52167,14.388298,10.225909,9.338294,8.688396,7.9535847,11.389922,9.930984,13.731658,15.848568,15.66779,16.933798,13.572608,13.439292,15.023521,14.847724,19.398466,21.614775,25.274065,27.274343,30.451088,32.024525,34.624596,37.088673,33.2735,29.439928,31.959251,26.626793,27.526928,24.488943,25.836452,24.029558,22.897955,26.36495,29.7504,29.210909,30.810917,29.736284,34.09599,35.270184,35.875217,33.736916,32.3294,33.095943,36.5632,33.76781,32.496807,30.95583,33.1582,30.90773,34.952366,31.782871,33.63596,31.826033,28.782976,26.035007,25.443642,27.746582,27.725397,24.55904,26.092005,25.567368,26.616806,29.440542,25.967722,29.814354,31.580662,27.56219,28.170874,25.577932,23.09244,22.56979,19.404726,19.249733,17.14246,17.152802,18.050926,18.656971,23.231874,22.395294,17.584484,16.252642,12.332041,13.394295,9.2692175,12.464554,10.389375,14.727997,13.458867,18.414534,17.538551,20.945486,23.314955,25.118792,27.946548,25.895128,31.10796,26.120308,30.545351,29.997713,33.078224
4,12.573397,8.326342,6.8472877,3.71629,0.0,4.7688007,5.8353224,10.1840315,12.691537,15.600856,19.526398,23.228228,20.959637,19.592972,15.0491,12.882184,10.045429,8.25323,9.968661,9.1283245,13.78695,12.695799,16.732962,18.136913,17.593393,18.528578,14.254903,14.040882,14.518786,15.1571245,18.06065,20.912325,23.709354,26.263716,29.231031,30.427572,33.05828,35.451893,31.782442,28.071098,30.34518,25.330173,25.949352,23.435133,24.33626,23.432936,22.085852,26.064653,29.634842,29.477762,30.989363,30.130684,34.793686,35.506042,36.69502,34.552418,32.78615,33.52207,36.63019,33.62452,32.532295,30.24426,32.471104,30.121576,34.013565,31.010757,32.263588,30.517262,27.700344,25.035925,24.536205,27.28687,27.413218,24.087791,26.210476,25.371899,27.180645,29.51548,26.640957,30.657446,31.8431,28.209696,28.207836,25.180029,22.94801,22.177525,19.696487,18.814108,17.488274,17.072592,18.528778,18.782785,24.011602,22.530422,17.853342,16.985485,13.367803,13.585641,8.675512,10.743577,7.8165092,11.99348,10.274241,15.411068,14.056041,17.940714,20.078695,21.952274,24.915764,22.90999,28.41835,23.69865,28.06409,27.953508,30.884453
5,15.349528,11.865585,8.681456,6.697525,4.7688007,0.0,4.1608663,5.7762933,9.329821,11.724074,15.830535,19.201153,16.480856,15.159106,10.3518095,8.900459,6.4192104,6.3180423,8.369896,10.268814,14.767312,14.817352,18.343002,19.761896,19.896347,20.140692,15.999931,14.499276,14.339771,13.9157,16.010485,17.67383,20.709658,22.632019,25.981272,26.910355,29.936268,32.65494,29.409315,25.924038,28.86583,24.005522,25.648275,23.530798,25.10062,24.622566,24.42224,28.340961,32.182373,31.591492,32.554657,31.36029,35.910164,36.158577,37.29439,34.664196,32.750885,32.892937,35.76532,32.53234,32.337864,29.63404,32.64174,30.76322,34.93455,32.86224,33.75592,32.57554,29.996826,27.164944,25.979668,28.797028,28.336426,24.340466,26.353086,24.715496,26.533413,27.690525,25.022146,28.7295,29.260893,25.420422,24.923107,22.045427,20.44645,20.324787,18.121489,18.280281,18.146042,18.508768,20.656591,21.702341,26.913204,26.015463,21.614813,21.07246,17.278471,18.143967,12.6868305,14.471931,11.30962,14.747166,11.532411,16.508438,13.340684,17.452961,18.566479,19.779606,23.170427,21.719393,27.219208,23.224918,27.85897,28.089493,31.42099
6,18.188244,14.131221,11.878144,8.86388,5.8353224,4.1608663,0.0,6.010744,6.974419,10.19055,13.852963,17.73894,16.003967,14.917404,11.017418,8.331638,8.1993885,5.4779925,10.227469,10.394186,15.734241,15.878524,19.688192,20.149971,19.764946,19.722424,14.850747,13.595143,12.355264,13.325187,13.671443,16.811266,18.6225,21.615566,24.350372,25.152792,27.84975,30.260399,26.888418,23.415575,25.801435,21.20361,22.264414,20.544533,21.627459,21.877361,21.537817,25.763186,29.710598,29.446522,30.334892,29.40919,34.21959,34.083065,35.829544,33.36974,31.135553,31.453867,33.990036,30.667692,30.33185,27.05186,29.831734,27.800488,31.761702,29.806763,30.249458,29.162096,26.797283,24.051657,22.927624,26.064419,25.799133,21.853962,24.444334,22.762732,25.380684,26.50887,24.519255,28.54091,28.762255,25.696629,24.812626,21.323664,19.617222,18.805866,17.382362,16.235958,16.653921,16.458189,19.018156,19.764654,25.391426,24.077183,20.040426,20.058397,16.637737,17.27352,11.344488,12.182427,9.093764,11.619072,7.722652,12.488561,9.413925,13.337192,14.764189,16.33511,19.470743,17.79135,23.383432,19.319233,23.863966,24.27583,27.467884
7,20.843208,17.52,13.884517,12.46209,10.1840315,5.7762933,6.010744,0.0,5.487942,6.2776427,10.936023,13.579251,11.128098,10.517604,5.695207,5.911607,7.265306,8.091995,11.389901,14.360492,18.8396,19.678503,22.89312,23.837494,24.182117,23.769262,19.464514,17.188118,15.766018,15.131678,14.570048,15.349733,17.473158,19.163301,22.583086,22.78241,26.208395,29.149097,26.58525,23.592627,26.894505,22.710388,25.055946,23.867815,25.623423,26.21678,26.839231,30.88366,34.953526,34.28248,34.705307,33.422707,37.974873,37.47785,38.984814,36.006573,33.74395,33.3368,35.614,32.093517,32.870956,29.276922,32.922207,31.461624,35.635815,34.574005,34.692013,34.103497,31.972742,29.1604,27.50192,30.573034,29.734087,25.226925,27.490078,24.97937,27.328434,26.943256,25.131495,28.529358,27.899422,24.41205,22.84642,19.831512,19.269392,19.577244,18.46763,18.951513,20.41918,21.064985,23.931625,25.284853,30.685856,29.861288,25.882355,25.827362,22.190336,23.049417,17.219952,18.143995,14.8325615,17.11425,12.821343,16.944345,11.82061,16.05971,15.609063,15.948085,19.83919,19.17132,24.656712,21.88414,26.51602,27.435535,30.917057
8,24.53531,20.81857,17.991413,15.26631,12.691537,9.329821,6.974419,5.487942,0.0,4.383966,6.8796787,11.131388,9.906163,9.294765,7.4027014,4.8247457,9.326543,7.891659,13.012071,14.662044,19.478922,20.753313,23.967934,23.807346,23.867334,22.875084,18.229761,15.818585,13.108283,13.545457,10.257987,12.516389,12.944382,15.999797,18.587505,18.733852,21.735641,24.363983,21.666227,18.733953,21.678625,17.869387,20.137053,19.571823,21.263397,22.665485,23.896236,27.920286,32.101864,31.467678,31.504667,30.347971,34.995647,33.90076,35.99847,33.07059,30.441792,30.014069,31.790632,28.150135,29.09905,24.811401,28.507914,27.18902,31.233482,30.839613,30.442339,30.322395,28.555908,25.79202,23.789705,27.020834,26.056234,21.431313,24.136578,21.30238,24.490047,23.672827,22.826447,26.45484,25.31284,22.91797,20.827688,17.05082,16.498026,16.12287,16.206785,15.604911,18.199823,18.667458,22.073608,23.54566,29.02964,28.275496,24.968817,25.596573,22.319643,23.505285,17.331486,17.623009,14.967416,15.962085,11.075146,13.864984,8.756615,11.490013,10.921457,11.23945,14.717021,14.040484,19.261139,16.726824,21.363838,22.434175,26.030582
9,27.016647,23.469088,20.051006,18.257118,15.600856,11.724074,10.19055,6.2776427,4.383966,0.0,5.6469054,7.6670766,7.2681584,8.169126,6.572226,7.19256,11.843658,11.804687,16.146883,18.664562,23.282127,24.57505,27.697687,27.858849,28.085278,27.108133,22.572117,20.033188,17.358433,17.313076,13.492348,14.291362,14.1359625,16.37211,19.146664,18.395247,21.9071,24.783539,22.928349,20.600521,23.768614,20.676268,23.2683,23.273079,24.867487,26.7478,28.010767,32.113503,36.298748,35.724598,35.639927,34.45873,39.032913,37.70217,39.837017,36.74073,34.057487,33.301304,34.781868,31.050457,32.58321,27.967756,31.942877,30.839396,34.769814,34.729107,33.92704,33.96424,32.408997,29.757011,27.765661,31.072105,30.028112,25.312033,27.989006,24.819696,27.984358,26.270895,25.734148,28.938866,27.124588,24.677547,21.978884,18.54969,18.930696,19.139254,19.562405,19.537577,22.453403,23.023888,26.456152,27.870361,33.403984,32.504246,29.139418,29.675905,26.381853,27.197935,21.169384,21.208622,18.182865,19.077627,14.292279,16.803396,10.597721,13.915006,11.677146,10.910292,15.086479,15.334256,20.520409,19.249992,23.577368,25.251911,28.687143
10,31.027515,27.533993,24.461159,21.893244,19.526398,15.830535,13.852963,10.936023,6.8796787,5.6469054,0.0,5.671334,6.0903864,6.7720385,9.13929,8.459785,14.120876,13.693864,18.0275,20.30999,24.487965,26.412323,29.120838,28.53824,28.914583,27.298243,23.107065,20.144405,16.814375,16.739473,10.828662,11.126955,9.138023,11.795355,13.888336,12.873722,16.29504,19.183058,17.637558,15.74903,19.214333,16.81233,20.233196,20.891808,23.02278,25.295816,27.745054,31.390219,35.601414,34.660095,33.955082,32.630043,36.93656,34.989964,37.32719,34.054817,31.16714,30.000385,30.895733,27.093985,29.364874,24.309181,28.749172,28.230541,32.15502,33.23888,32.12028,32.885937,31.702278,29.051435,26.419767,29.5172,27.969425,23.062782,25.629221,21.905338,25.370436,22.539108,23.012539,25.941933,23.323679,21.899017,18.526821,14.802362,15.841371,16.058128,17.707592,17.743366,21.79472,22.728888,26.497292,28.426588,33.592117,33.29892,30.581621,31.583498,28.447264,29.961637,23.75126,23.795097,21.43908,21.676252,16.771189,18.026566,12.740139,13.54094,10.9255295,9.231126,12.3894615,13.275995,17.140766,16.819162,20.993217,22.648043,26.404285
11,34.391598,31.030434,27.445948,25.732073,23.228228,19.201153,17.73894,13.579251,11.131388,7.6670766,5.671334,0.0,5.7368937,8.700039,11.103123,12.74142,17.987804,18.451696,22.339119,25.27565,29.428024,31.25313,33.97225,33.779526,34.259434,32.763847,28.562702,25.596483,22.426157,22.040728,16.416342,15.534179,13.369315,14.527936,16.597902,14.28162,18.142986,21.158178,20.895277,19.894503,23.293604,21.778906,25.18327,26.303991,28.157001,30.8319,33.069477,36.86754,41.06587,40.264435,39.531895,38.230103,42.478886,40.36333,42.72319,39.339474,36.44605,35.011227,35.609154,31.804655,34.55856,29.301147,33.84552,33.469986,37.19304,38.486774,36.96754,37.79555,36.799046,34.285496,31.80267,34.996136,33.482613,28.604088,31.147127,27.270103,30.61444,27.076372,27.759636,30.188139,26.957514,25.46712,21.599121,18.5863,20.474121,21.225985,22.91176,23.382067,27.42263,28.337902,32.074818,33.84266,39.14336,38.59066,35.721176,36.587746,33.40655,34.47629,28.37402,28.180387,25.413862,25.644688,20.853241,22.08534,16.000568,17.612215,13.734205,11.115555,14.650391,16.495394,20.122675,21.151974,24.792637,27.07308,30.483725
12,31.046034,28.195305,24.436316,22.803713,20.959637,16.480856,16.003967,11.128098,9.906163,7.2681584,6.0903864,5.7368937,0.0,3.431309,6.707208,9.235197,13.849751,15.549886,18.203634,22.143803,25.614523,27.723793,30.016129,30.227224,31.20276,29.692036,26.06975,22.673811,20.20542,18.580584,14.727579,11.996143,12.461595,11.905054,15.435296,14.258328,18.508959,22.02035,21.18992,19.602057,23.958025,21.34533,25.574402,25.72421,28.441586,29.948763,32.5841,36.065445,40.284286,38.9449,38.22225,36.526825,40.52261,38.866425,40.478394,36.840313,34.293674,32.665096,33.824417,30.10458,32.913662,28.51332,33.387886,33.14158,37.356644,38.427525,37.73919,38.430874,37.003323,34.18951,31.438223,34.273067,32.427784,27.329292,29.207432,25.344776,27.790812,24.375784,24.181177,26.369,23.57046,21.084133,17.617233,15.167717,17.068844,18.64215,19.455935,21.314825,24.961739,26.518734,30.072218,32.36977,37.323143,37.431637,34.275196,34.83937,31.284157,32.988705,26.785976,27.471651,24.68689,25.803886,20.909897,23.138443,17.390766,19.291187,16.662552,14.801005,18.227695,19.330517,23.03223,22.792526,27.02619,28.492735,32.391003
13,29.26066,26.591902,23.038935,21.03413,19.592972,15.159106,14.917404,10.517604,9.294765,8.169126,6.7720385,8.700039,3.431309,0.0,5.586208,7.1061673,11.42924,13.395719,15.495765,19.637188,22.703691,25.050182,27.084896,27.249372,28.428581,26.805584,23.532993,19.92067,17.742342,15.560828,12.570527,9.043429,11.047468,10.044959,14.113626,13.89609,17.972528,21.534336,20.142738,18.1314,22.82232,19.609604,24.175436,23.811905,26.988516,27.870073,30.824701,34.032974,38.22603,36.58835,35.82129,33.947056,37.796486,36.34221,37.635807,33.926178,31.530748,29.876532,31.319092,27.66678,30.38491,26.44917,31.40837,31.234472,35.663307,36.675625,36.42589,37.106743,35.50082,32.556675,29.622452,32.210865,30.182135,25.032661,26.56602,22.756588,24.806948,21.61224,21.011068,23.234327,20.806442,17.967669,14.850186,12.409785,14.0443,15.882118,16.312332,18.764267,22.267637,24.158657,27.624405,30.240534,34.91365,35.451714,32.32214,32.848843,29.197407,31.382383,25.153498,26.280432,23.737501,25.129185,20.268438,22.73133,17.613222,19.135788,17.365524,15.969256,19.041983,19.678898,23.215723,22.236622,26.706545,27.643848,31.785627
14,24.399271,21.74032,17.874651,16.52167,15.0491,10.3518095,11.017418,5.695207,7.4027014,6.572226,9.13929,11.103123,6.707208,5.586208,0.0,5.126471,7.8656797,10.593376,12.46269,16.920467,20.38756,22.10307,24.552788,25.43924,26.449043,25.465,21.87929,18.714445,17.205177,15.187453,14.153027,12.292287,15.118516,15.116699,19.147352,19.20835,23.083324,26.450075,24.4903,21.918875,26.128868,22.226582,25.89349,24.92504,27.594799,28.082369,29.953978,33.53558,37.687782,36.392857,36.239532,34.53576,38.675983,37.84529,39.003746,35.552612,33.33889,32.22729,34.263264,30.6903,32.4877,28.927387,33.348198,32.561398,36.993774,36.914276,37.008003,37.016403,35.048496,32.094124,29.73799,32.50525,30.981627,26.053234,27.766792,24.589136,26.480772,24.72955,23.138676,25.83902,24.48857,20.814886,18.720783,16.31447,16.787533,18.16876,17.394434,19.442556,21.787573,23.300428,26.415375,28.566444,33.527676,33.55381,29.853981,29.939383,26.134521,27.804966,21.790386,23.088127,20.100471,22.181932,17.584396,21.077806,15.762869,18.832447,17.610748,16.968666,20.694702,20.730196,25.375286,23.436848,28.11429,28.998516,32.903908
15,23.226694,20.168821,17.158642,14.388298,12.882184,8.900459,8.331638,5.911607,4.8247457,7.19256,8.459785,12.74142,9.235197,7.1061673,5.126471,0.0,5.683585,6.3534384,9.66462,12.927638,16.77814,18.65178,21.261347,21.429659,22.180775,20.978027,17.174097,13.991864,12.1225815,10.648286,9.546777,9.477203,12.370257,13.818617,17.274778,18.130093,21.343971,24.333626,21.542122,18.4326,22.301731,17.888021,21.260807,19.953156,22.718245,22.965559,25.014181,28.47023,32.630157,31.299295,31.138184,29.503172,33.760277,32.951225,34.30097,31.035093,28.728779,27.947046,30.103823,26.560371,27.835943,24.351795,28.517277,27.582615,32.05024,31.862358,32.154774,32.170753,30.149025,27.13918,24.67811,27.38793,25.894535,21.020674,22.876982,19.901846,22.110348,21.13076,19.555368,22.879814,22.043499,18.878775,17.215775,13.9904585,13.400557,13.9530325,13.166917,14.438426,16.83201,18.271448,21.5158,23.784035,28.69951,28.887217,25.46857,25.847841,22.173977,24.293074,18.08063,19.459024,17.037075,18.845888,14.214377,17.449707,13.270408,15.300932,15.246658,15.300773,18.358013,17.734177,22.196747,19.37386,24.197016,24.59816,28.618832
16,18.226645,15.784213,12.82976,10.225909,10.045429,6.4192104,8.1993885,7.265306,9.326543,11.843658,14.120876,17.987804,13.849751,11.42924,7.8656797,5.683585,0.0,5.086539,4.6366935,9.576954,12.646286,14.29429,16.72233,17.873209,19.000168,18.349485,15.232885,12.25155,12.282213,9.683408,12.87357,12.463658,17.028008,17.696291,21.476831,22.947931,26.019566,28.992985,25.822485,22.376173,26.222986,21.13596,24.206388,21.8586,24.762663,23.674076,25.216366,28.393385,32.345104,30.80317,31.081366,29.289783,33.352642,33.40801,33.98473,30.829273,29.058186,28.56836,31.484114,28.268545,28.852922,26.564253,30.3523,29.185673,33.80455,32.756786,33.94108,33.443756,30.934696,27.826426,25.666334,27.977821,26.626717,22.113514,23.3192,21.11791,22.191977,22.564096,19.619606,22.91744,23.3729,19.161514,18.86057,16.473873,15.027233,15.799174,13.227253,15.367832,15.96916,17.673864,20.149267,22.509314,27.00683,27.51984,23.600786,23.351625,19.320024,21.800505,16.03324,18.497112,16.15974,19.117733,15.306957,19.503216,16.359135,18.913633,19.831886,20.42243,23.41933,22.30896,26.884794,23.14158,28.009975,27.801746,31.768599
17,18.612679,15.270885,13.421702,9.338294,8.25323,6.3180423,5.4779925,8.091995,7.891659,11.804687,13.693864,18.451696,15.549886,13.395719,10.593376,6.3534384,5.086539,0.0,6.0737123,6.888738,11.652501,12.905179,16.090166,16.168568,16.432121,15.74667,11.535601,9.111796,8.30172,7.9642725,10.280136,12.774961,15.940408,18.345736,21.217373,22.81729,25.293499,27.766605,24.06966,20.343267,23.313532,18.12277,20.16352,17.74904,20.095196,19.261597,20.352459,23.82198,27.836365,26.702135,27.167198,25.745058,30.220814,30.167068,31.386435,28.6345,26.580488,26.655344,29.457792,26.233335,26.079845,23.44769,26.653008,25.060452,29.479015,28.074715,29.132423,28.479147,25.987078,22.92803,20.991064,23.574377,22.625158,18.339039,20.223215,18.407516,20.388,21.641052,19.215483,23.217098,23.845394,20.64931,20.296305,17.010525,14.804179,14.193877,12.125132,12.03021,12.495555,13.4149475,16.15277,18.122616,23.0845,23.118586,19.407764,19.587946,15.839238,18.22705,12.086683,14.158632,12.277152,14.710556,10.941141,14.856391,12.872526,14.754773,16.66753,17.950754,20.433603,18.741879,23.3682,18.948242,23.746626,23.375162,27.156754
18,15.844002,13.896059,12.093482,8.688396,9.968661,8.369896,10.227469,11.389901,13.012071,16.146883,18.0275,22.339119,18.203634,15.495765,12.46269,9.66462,4.6366935,6.0737123,0.0,6.2753158,8.140227,9.948058,12.097655,13.51031,14.910994,14.488301,12.198614,9.467714,11.116905,8.088573,14.111403,14.246739,19.338337,20.077297,23.579235,25.693615,28.297077,31.019566,27.35531,23.615496,27.19339,21.661472,24.373137,21.224707,24.299751,22.071417,23.519297,26.192682,29.911245,28.091583,28.598543,26.70003,30.545708,31.222267,31.281773,28.332344,26.957268,26.83233,30.269592,27.397821,27.252844,25.972677,29.311298,28.020605,32.68979,31.136314,33.066124,32.324825,29.518093,26.36345,24.305927,26.13632,24.839186,20.764654,21.407522,19.968557,20.248877,21.98746,18.231829,21.685299,23.291616,18.94129,19.771246,17.68969,15.305394,15.734509,12.082841,14.357438,13.489785,15.442262,17.243515,19.863924,23.74625,24.824306,20.890205,20.391066,16.261332,19.540369,14.303667,17.609842,16.028254,19.317884,16.326138,20.508009,18.806597,20.756474,22.641325,23.675869,26.185123,24.617426,28.863213,24.349781,29.13255,28.246328,32.186966
19,15.42172,12.708442,12.928354,7.9535847,9.1283245,10.268814,10.394186,14.360492,14.662044,18.664562,20.30999,25.27565,22.143803,19.637188,16.920467,12.927638,9.576954,6.888738,6.2753158,0.0,5.6669765,6.2717404,9.763141,9.769822,9.847413,9.885906,6.485919,5.54593,8.137507,8.022646,14.105657,16.906904,20.736776,22.992317,25.544796,27.908968,29.786272,31.89247,27.596125,23.562925,25.977846,20.311508,21.49861,17.818718,20.144096,17.336123,17.831478,20.511206,24.095558,22.677149,23.727245,22.27801,26.5097,27.552103,28.051003,25.808144,24.386206,25.213047,28.784378,26.160202,24.66801,23.676937,25.918905,23.992842,28.359035,25.86612,28.191969,26.984596,23.950903,20.874777,19.35441,21.136332,20.50814,17.223026,18.27877,17.970333,18.782108,22.286587,18.818045,22.98132,25.217371,21.938025,23.032238,20.273643,16.981771,15.868044,12.442358,12.01906,9.373394,10.237533,11.50637,13.6872635,17.788513,18.556177,14.659088,14.364328,10.367796,14.21561,9.169625,12.831808,12.484277,15.438024,13.58398,17.255358,17.689072,18.755505,21.941946,23.769772,25.571611,23.291418,27.341,21.880657,26.328306,24.907648,28.458097
20,15.779546,14.657899,15.467317,11.389922,13.78695,14.767312,15.734241,18.8396,19.478922,23.282127,24.487965,29.428024,25.614523,22.703691,20.38756,16.77814,12.646286,11.652501,8.140227,5.6669765,0.0,3.791402,4.6826463,5.494822,7.437175,7.5324364,7.9655156,7.0963454,11.295451,9.406033,17.36261,18.7887,23.634865,24.883131,27.538822,30.44502,32.12779,34.234676,29.864983,25.857529,28.561138,22.745634,24.4236,20.185667,23.209124,19.09407,20.309374,21.760492,24.859877,22.577322,23.519058,21.579939,24.96557,26.776146,26.071493,23.797142,23.143024,23.937124,28.076801,25.96817,24.261225,24.78354,26.952648,25.425701,29.904842,27.489893,30.675024,29.574018,26.39371,23.334984,21.576418,22.363945,21.31366,18.515438,18.166967,18.475857,17.55067,21.905706,17.440718,21.092882,24.45295,20.785772,23.041868,21.214046,17.644484,17.055819,12.684538,13.926427,10.206975,12.176193,12.206149,15.233289,17.479286,19.816273,16.383236,15.690422,11.966362,16.857061,13.362656,17.446136,17.617424,20.645803,19.186384,22.604801,23.282063,23.940516,27.160677,28.807072,30.392345,28.179726,31.635773,26.126823,30.44365,28.447945,32.122677
21,13.045791,11.970957,13.795271,9.930984,12.695799,14.817352,15.878524,19.678503,20.753313,24.57505,26.412323,31.25313,27.723793,25.050182,22.10307,18.65178,14.29429,12.905179,9.948058,6.2717404,3.791402,0.0,4.3470364,6.267401,6.8074694,8.533028,8.461762,9.23332,13.221318,12.466952,19.799458,21.912767,26.374533,28.049309,30.682892,33.39677,35.126034,37.163597,32.717865,28.652864,30.95528,25.194185,26.107166,21.869368,24.126938,20.053156,19.981379,21.66265,24.511992,22.811054,24.376375,22.86383,26.417662,28.576052,28.052576,26.250647,25.648453,26.874622,31.01469,28.979807,26.742521,27.21556,28.821035,26.845743,31.016953,27.755764,31.060368,29.426615,26.069977,23.19856,22.165447,23.074644,22.67603,20.405788,20.453485,21.215002,20.648205,25.381159,21.078352,24.810244,28.180809,24.552652,26.677843,24.657421,21.11032,20.229769,16.10859,16.349844,12.113743,12.980264,12.289724,14.2566805,16.608429,18.195913,14.278256,12.984633,9.203496,13.849817,11.3422575,15.649595,16.05371,19.359371,18.711123,22.323898,23.479698,24.580849,28.054173,29.998768,31.696245,29.270014,33.08844,27.32156,31.495838,29.563578,32.871643
22,15.178173,15.246576,16.991457,13.731658,16.732962,18.343002,19.688192,22.89312,23.967934,27.697687,29.120838,33.97225,30.016129,27.084896,24.552788,21.261347,16.72233,16.090166,12.097655,9.763141,4.6826463,4.3470364,0.0,4.816975,7.147011,8.520644,10.897864,11.211647,15.588916,13.880922,21.93728,23.160345,28.181282,29.180737,31.837048,34.890144,36.47323,38.50707,34.06705,30.072548,32.606125,26.814651,28.173635,23.689962,26.493443,21.747581,22.429739,23.24463,25.748075,23.368893,24.688488,22.798447,25.595942,28.207996,26.780336,24.937645,24.909891,26.015036,30.453045,28.799873,26.56019,28.016228,29.660477,28.071587,32.314716,29.351212,33.125732,31.713408,28.361761,25.507048,24.16748,24.415064,23.616945,21.60443,20.708307,21.748484,20.030495,25.099787,20.283562,23.49415,27.537918,23.76552,26.60656,25.23819,21.62539,21.119694,16.632368,17.91558,13.515854,15.124751,13.978292,16.569027,17.499842,20.28791,17.011484,15.722436,12.514462,17.460657,15.555569,19.826921,20.389261,23.590601,22.843521,26.268637,27.398458,28.153336,31.581154,33.351383,34.897045,32.562737,35.950188,30.238031,34.3633,32.094143,35.54946
23,18.990652,18.176779,19.988358,15.848568,18.136913,19.761896,20.149971,23.837494,23.807346,27.858849,28.53824,33.779526,30.227224,27.249372,25.43924,21.429659,17.873209,16.168568,13.51031,9.769822,5.494822,6.267401,4.816975,0.0,3.6261926,3.9040186,7.967779,8.855363,13.190778,12.412637,19.990952,22.062998,26.425253,28.001757,30.003931,33.28432,34.32835,35.965797,31.276375,27.27331,29.279505,23.605343,24.54488,19.870358,22.739647,17.521624,18.763695,19.007275,21.489141,18.766573,19.911573,17.983728,20.869478,23.467873,22.264406,20.643648,20.529709,22.037764,26.449284,24.970434,22.175838,23.959175,25.184132,23.60456,27.777647,24.97278,28.95609,27.766726,24.498146,21.641901,20.060738,19.923265,19.036165,17.440773,16.334616,17.954552,16.33116,22.210943,17.820911,21.397982,25.577948,22.75971,25.567303,23.837383,19.84586,18.620193,14.541792,14.797384,9.862481,11.491976,9.98696,13.244534,13.612909,17.244797,14.829515,14.361254,11.71649,17.276924,15.210539,19.090221,20.324741,22.753262,22.080332,24.684982,26.628326,26.344727,30.16615,32.061977,33.00051,30.507113,33.256577,27.387943,31.218975,28.542425,31.94842
24,19.04356,17.697237,20.04934,15.66779,17.593393,19.896347,19.764946,24.182117,23.867334,28.085278,28.914583,34.259434,31.20276,28.428581,26.449043,22.180775,19.000168,16.432121,14.910994,9.847413,7.437175,6.8074694,7.147011,3.6261926,0.0,3.4688153,6.435168,9.019219,12.916625,13.604184,20.2737,23.446465,27.076204,29.406647,31.102995,34.23151,35.112484,36.518604,31.674234,27.618977,28.995018,23.458296,23.446886,18.783482,20.869238,15.655036,15.850344,16.219524,18.608244,16.460705,18.189024,16.817076,20.201641,22.854437,22.33325,21.262543,20.891186,22.939411,27.13671,25.650713,22.235569,23.702435,24.245037,22.158346,26.000454,22.458332,26.515112,24.938211,21.5524,18.833263,17.829527,17.8124,17.616138,16.606533,16.160873,18.251038,17.508505,23.700552,19.876507,23.796047,27.707245,25.33371,27.762194,25.535791,21.458467,19.62322,16.068514,14.79321,9.407985,9.724742,7.3849826,9.9206085,10.457061,13.669447,11.291711,10.974824,8.810489,14.442941,13.0245905,16.633265,18.436163,20.510113,20.483944,22.731495,25.4702,24.998726,29.202528,31.40755,32.14755,29.401829,32.19385,26.05143,29.62198,26.881008,29.925724
25,21.443253,19.874798,21.600847,16.933798,18.528578,20.140692,19.722424,23.769262,22.875084,27.108133,27.298243,32.763847,29.692036,26.805584,25.465,20.978027,18.349485,15.74667,14.488301,9.885906,7.5324364,8.533028,8.520644,3.9040186,3.4688153,0.0,5.6089053,7.1744647,10.937139,11.429912,17.978287,21.006039,24.556608,26.802284,28.256376,31.55992,32.224876,33.542553,28.682049,24.675575,26.15103,20.616589,21.039232,16.292444,19.063725,13.661271,15.309996,15.385141,18.088772,15.297992,16.309221,14.486394,17.8926,20.159292,19.651806,18.203926,17.676205,19.550085,23.74615,22.225443,19.003359,20.58063,21.465128,19.742697,23.884153,21.182705,25.128342,24.10836,20.933517,18.03209,16.244196,16.044518,15.177879,13.7921295,12.947283,14.9523325,14.042025,20.31317,16.625132,20.624746,24.510838,22.526142,24.961685,22.740337,18.570017,16.618425,13.206151,12.040459,6.7290673,8.070823,6.483314,10.394092,10.938769,14.824299,13.08041,13.4597435,11.288298,16.874826,14.4828615,17.820045,19.47363,21.200739,20.556578,22.451704,24.996296,23.935286,28.027203,30.039068,30.521717,27.903204,30.233095,24.263273,27.85699,24.96227,28.304497
26,20.012234,17.3299,18.65692,13.572608,14.254903,15.999931,14.850747,19.464514,18.229761,22.572117,23.107065,28.562702,26.06975,23.532993,21.87929,17.174097,15.232885,11.535601,12.198614,6.485919,7.9655156,8.461762,10.897864,7.967779,6.435168,5.6089053,0.0,4.217533,6.930694,9.369853,14.482542,18.784588,21.517689,24.64807,26.115702,28.908298,29.839499,31.233345,26.430353,22.33134,23.614937,18.07145,18.00075,13.664914,15.746049,11.687325,12.406221,14.29868,17.801254,16.191294,17.37108,16.165455,20.62193,21.862803,22.741188,21.152645,19.703978,21.392502,24.97188,22.769833,20.013546,19.697653,20.839403,18.594736,22.751356,19.875887,22.8473,21.637539,18.497324,15.404549,13.8336115,15.053336,14.710305,12.43366,13.472702,14.5039425,15.593141,20.671692,17.777908,22.279194,25.029036,23.07747,24.475542,21.433945,17.505545,15.128693,12.399148,9.557536,4.8530636,4.5245786,5.0672154,8.155553,11.819247,13.44534,10.783142,11.586953,8.830889,13.709793,9.906218,12.85865,14.325103,15.82348,14.971509,16.92724,19.493502,18.655733,22.831593,25.04131,25.71424,22.983717,25.948223,19.872625,23.710682,21.372097,24.684107
27,20.695108,18.136091,18.439356,13.439292,14.040882,14.499276,13.595143,17.188118,15.818585,20.033188,20.144405,25.596483,22.673811,19.92067,18.714445,13.991864,12.25155,9.111796,9.467714,5.54593,7.0963454,9.23332,11.211647,8.855363,9.019219,7.1744647,4.217533,0.0,4.4339542,5.1675305,11.372812,14.784192,18.174158,20.744587,22.525713,25.407206,26.58518,28.292933,23.674662,19.580732,21.741602,15.968511,17.347742,13.242098,16.469404,12.996755,15.288675,17.177004,20.899694,18.773457,19.145542,17.380323,21.572226,22.248623,22.894283,20.529833,18.913992,19.788546,23.31532,20.77922,19.12508,18.42362,20.729952,19.14652,23.754932,22.08033,24.58338,24.015253,21.187096,17.959572,15.529441,16.8518,15.567237,12.05809,12.768901,12.569477,13.483809,17.540556,14.4520855,18.938873,21.350243,19.097527,20.364279,17.409595,13.547102,11.631051,8.468534,7.127599,4.091982,6.433055,8.497927,12.112627,15.542051,17.52339,14.908912,15.6033325,12.4147415,17.024467,12.233227,15.158716,15.675171,17.38807,15.3222685,17.59265,18.821898,18.079287,21.604511,23.34268,24.24931,21.91715,24.837847,19.271711,23.527933,21.469622,25.32041
28,23.447065,20.274506,20.01919,15.023521,14.518786,14.339771,12.355264,15.766018,13.108283,17.358433,16.814375,22.426157,20.20542,17.742342,17.205177,12.1225815,12.282213,8.30172,11.116905,8.137507,11.295451,13.221318,15.588916,13.190778,12.916625,10.937139,6.930694,4.4339542,0.0,5.3818474,7.555614,12.59889,14.618908,18.17449,19.47237,22.063284,23.112768,24.683678,20.072445,15.978887,17.919323,12.254636,13.639202,10.158638,13.40814,11.457919,14.295064,16.8331,20.911411,19.207546,19.159521,17.67069,22.243977,21.929983,23.56808,21.106485,18.806597,19.443386,22.237526,19.26191,18.158873,15.941293,18.64048,17.079494,21.691904,20.748869,22.309628,22.171839,19.761393,16.52922,13.7045145,15.780515,14.408447,10.118967,12.117906,10.892805,13.565176,16.345058,14.573879,19.217829,20.509132,19.038523,19.288559,15.576903,12.035135,9.389742,8.027516,4.3373704,5.1452627,6.4450336,10.001774,13.049806,17.280619,18.479519,16.260263,17.540308,14.702842,18.447992,13.012927,14.82091,15.091094,15.913329,13.13969,14.64404,15.678717,14.152147,17.59777,19.290741,19.91916,17.62193,20.438591,15.029183,19.443005,17.721148,21.767733
29,22.641909,20.241322,19.340971,14.847724,15.1571245,13.9157,13.325187,15.131678,13.545457,17.313076,16.739473,22.040728,18.580584,15.560828,15.187453,10.648286,9.683408,7.9642725,8.088573,8.022646,9.406033,12.466952,13.880922,12.412637,13.604184,11.429912,9.369853,5.1675305,5.3818474,0.0,8.405552,9.888434,14.311637,15.954075,18.245476,21.158,22.73721,24.899294,20.682695,16.746853,20.093407,14.366694,17.563665,14.210799,18.322876,15.863977,19.275927,21.217857,25.085539,22.650679,22.280376,20.118683,23.91998,23.865467,24.357452,21.205606,19.39466,19.15527,22.346191,19.39911,19.360432,18.000494,21.630527,20.837503,25.71593,25.321371,27.1897,27.27353,24.82732,21.571749,18.504662,19.957668,17.895773,13.3867655,13.809805,11.9124975,12.703919,14.594148,11.53655,15.781046,17.353638,14.659684,15.476785,12.575633,9.004486,8.179556,4.594757,6.801237,7.5502095,10.615842,13.329239,17.042198,20.430552,22.510586,19.920366,20.579348,17.154074,21.371359,15.925706,18.568665,18.167065,19.925838,16.713942,19.127495,18.69765,18.117817,20.586279,21.614859,22.816479,21.1131,23.904379,19.270748,23.8417,22.272408,26.57967
30,28.540882,25.229383,23.699905,19.398466,18.06065,16.010485,13.671443,14.570048,10.257987,13.492348,10.828662,16.416342,14.727579,12.570527,14.153027,9.546777,12.87357,10.280136,14.111403,14.105657,17.36261,19.799458,21.93728,19.990952,20.2737,17.978287,14.482542,11.372812,7.555614,8.405552,0.0,7.211969,7.121805,11.526745,12.497014,14.636439,15.984397,17.937454,13.879106,10.075056,13.360732,8.412285,12.345691,11.268693,14.957836,15.528155,19.420008,22.07553,26.229311,24.535805,23.550257,21.951075,26.152906,24.471518,26.618006,23.508871,20.654333,20.002579,21.546734,17.906122,19.100752,14.90679,19.232851,18.728374,23.246876,24.302708,24.394081,25.317377,23.77112,20.786255,17.369795,19.773636,17.708351,12.60343,14.846268,11.359971,15.063503,14.097089,14.257207,18.23445,17.27796,16.637182,15.021125,10.499937,8.575017,6.5002584,8.52016,7.046285,11.794247,13.278231,17.115883,19.939959,24.205456,25.16544,23.240442,24.688112,21.849476,24.879116,18.925556,19.817898,19.098207,19.279905,15.166426,15.894067,14.610282,12.461132,13.946879,14.451604,15.012077,13.800661,16.073725,12.632933,17.275303,16.70357,21.211163
31,29.989262,27.455612,25.125818,21.614775,20.912325,17.67383,16.811266,15.349733,12.516389,14.291362,11.126955,15.534179,11.996143,9.043429,12.292287,9.477203,12.463658,12.774961,14.246739,16.906904,18.7887,21.912767,23.160345,22.062998,23.446465,21.006039,18.784588,14.784192,12.59889,9.888434,7.211969,0.0,6.8079133,6.1423187,9.409654,11.951805,14.401517,17.435999,14.59705,11.756833,16.949062,12.866706,18.439985,17.360706,21.764471,21.562195,26.011616,28.157139,32.1826,29.763386,28.408718,26.165943,29.523563,27.938877,28.937046,25.08177,22.731504,20.869915,22.447792,18.891123,21.736908,18.53537,23.799305,24.19037,28.904484,30.593517,31.006994,32.180767,30.579575,27.517008,23.840382,25.63773,22.913797,17.737074,18.426846,14.377061,16.02201,12.652563,12.295212,14.9015255,12.897388,11.061893,8.587376,4.5912986,5.0809636,7.258911,8.458036,11.860054,16.006233,18.68683,22.115602,25.60317,29.265553,31.038382,28.769339,29.745947,26.38748,29.84889,23.801184,25.433947,24.135284,25.186415,20.754332,22.392937,19.666588,18.766731,18.8822,18.296804,19.556808,19.367546,21.272583,19.209715,23.62199,23.22028,27.830383
32,34.40588,31.20911,28.978165,25.274065,23.709354,20.709658,18.6225,17.473158,12.944382,14.1359625,9.138023,13.369315,12.461595,11.047468,15.118516,12.370257,17.028008,15.940408,19.338337,20.736776,23.634865,26.374533,28.181282,26.425253,27.076204,24.556608,21.517689,18.174158,14.618908,14.311637,7.121805,6.8079133,0.0,6.3335385,6.155543,7.5332217,9.369218,12.0283985,9.376714,7.1568184,11.952807,9.659163,15.040369,15.797457,19.388954,21.073284,25.541296,27.954115,31.994413,30.166399,28.528156,26.81643,30.446753,27.880903,30.134272,26.641794,23.643848,21.930416,22.250494,18.449156,21.62746,16.615606,21.820936,22.340603,26.481016,29.05726,28.260857,29.983461,29.069298,26.350634,22.677061,24.92252,22.423048,17.42875,19.238045,14.88316,18.375486,14.281499,16.229792,18.877722,15.712783,16.234604,12.764371,8.37715,9.522267,9.330598,12.8983555,13.200879,18.418804,20.116734,23.945042,26.822456,30.865614,31.936543,30.254063,31.77822,28.938349,31.766964,25.700537,26.250214,25.10735,24.983608,20.496613,20.66697,17.99502,15.700764,14.984574,13.881935,14.099518,14.528529,15.340836,14.828028,18.693537,19.055422,23.48017
33,35.698174,33.134895,30.446648,27.274343,26.263716,22.632019,21.615566,19.163301,15.999797,16.37211,11.795355,14.527936,11.905054,10.044959,15.116699,13.818617,17.696291,18.345736,20.077297,22.992317,24.883131,28.049309,29.180737,28.001757,29.406647,26.802284,24.64807,20.744587,18.17449,15.954075,11.526745,6.1423187,6.3335385,0.0,4.856942,6.7227163,9.794271,13.416088,12.280414,11.155811,16.732948,14.587637,20.650785,20.788094,25.03456,25.75609,30.616098,32.653137,36.624702,34.197613,32.36372,30.145985,33.13683,30.812794,32.05041,28.044458,25.548206,23.005365,23.471651,19.927313,24.116905,20.282467,25.959524,27.01307,31.387342,34.17519,33.88747,35.65389,34.540474,31.67189,27.797976,29.572119,26.617823,21.560913,22.231424,17.73722,19.554785,14.026871,15.474176,16.73585,12.62746,12.445137,7.9674025,5.268081,8.943923,11.261317,13.828148,16.774027,21.507793,24.035196,27.59678,31.01869,34.619415,36.36636,34.39038,35.561066,32.325325,35.583305,29.45143,30.662413,29.209211,29.820454,25.17702,26.183046,22.842485,21.543932,20.451424,18.922674,19.785807,20.584707,21.38876,21.141645,24.95549,25.117744,29.616207
34,39.19917,36.3746,34.01566,30.451088,29.231031,25.981272,24.350372,22.583086,18.587505,19.146664,13.888336,16.597902,15.435296,14.113626,19.147352,17.274778,21.476831,21.217373,23.579235,25.544796,27.538822,30.682892,31.837048,30.003931,31.102995,28.256376,26.115702,22.525713,19.47237,18.245476,12.497014,9.409654,6.155543,4.856942,0.0,4.2553477,5.2893615,8.658282,7.832759,7.894739,13.199963,12.541244,18.594255,19.578045,23.663746,24.99756,30.292986,32.01851,35.842346,33.470013,31.23636,29.195154,32.00064,29.020222,30.811834,26.986084,24.201359,21.562689,21.10011,17.56847,22.243614,17.792477,23.481628,24.978542,28.974918,32.62858,31.86776,34.154408,33.484966,30.846376,26.79944,28.427177,25.361588,20.622345,21.438416,16.833086,19.317333,13.149828,16.252392,17.423992,12.74797,14.724582,10.469456,7.702102,10.661513,11.7380085,15.553383,17.22838,22.444752,24.674467,28.30076,31.624107,34.99414,36.772636,35.400627,36.95444,34.099606,37.35749,31.355873,32.1675,31.115885,31.082575,26.631598,26.704708,24.058039,21.58713,20.541441,18.95816,18.691788,19.66905,19.03943,19.622684,22.75721,22.894018,27.262407
