,0,1,2,3,4,5,6,7,8,9,10,11,12,13,14,15,16,17,18,19,20,21,22,23,24,25,26,27,28,29,30,31,32,33,34,35,36,37,38,39,40,41,42,43,44,45,46,47,48,49,50,51,52,53,54,55,56,57,58,59,60,61,62,63,64,65,66,67,68,69,70,71,72,73,74,75,76,77,78,79,80,81,82,83,84,85,86,87,88,89,90,91,92,93,94,95,96,97,98,99,100,101,102,103,104,105,106,107,108,109,110
0,0.0,4.139663,6.64792,10.022921,12.724476,15.29668,18.028942,21.688797,24.381594,27.204214,30.384499,32.75711,35.541306,34.116753,37.46324,32.22136,33.654068,31.140703,33.616844,33.831646,34.659798,38.005024,38.154358,38.585148,40.709126,40.373837,38.269493,39.23077,36.121006,40.480526,34.235992,40.384727,36.833202,37.895744,35.009354,31.801664,29.972656,31.780998,29.669876,27.033054,26.026443,28.111923,26.070095,21.784187,23.59148,25.387468,22.130054,18.143103,20.78873,21.64216,26.318151,23.536247,26.739017,28.885881,30.390528,33.02234,30.649893,34.918427,36.417152,32.364227,33.315655,38.68822,39.609604,38.410625,36.6897,38.114456,43.54719,44.40817,40.521206,45.5567,43.791046,43.766262,37.84283,39.534107,34.74072,36.70655,33.46731,28.97163,28.582674,23.70668,22.080471,18.595274,19.410534,23.162254,25.351343,28.07647,31.238596,35.504894,39.061306,42.753242,44.37463,45.573475,43.795444,46.818455,44.922195,41.710854,40.962193,40.354454,36.36538,34.547955,28.331902,29.013079,24.835611,21.85046,24.515675,27.08383,29.32811,30.665462,34.670494,36.08271,40.425327
1,4.139663,0.0,5.0567217,6.515583,9.52349,13.174932,14.750169,19.041992,21.489239,24.332485,27.620005,29.763763,32.481873,30.792513,34.00998,28.86766,30.048864,27.71577,29.865112,30.467722,31.324888,34.616703,35.100925,35.58774,37.643505,37.179058,35.327473,36.140583,33.162758,37.523174,31.506212,37.803635,34.20653,35.730564,32.732693,29.211725,27.745955,29.976067,27.48329,24.570059,24.284075,26.45706,23.854847,19.783833,22.37288,23.855162,19.999395,16.858076,20.127083,21.206972,25.4431,22.440344,26.403553,28.394005,29.409954,31.548435,28.863317,33.01343,35.0722,31.23389,31.451492,36.975594,38.220833,37.265434,35.163628,36.15175,41.65266,42.18649,38.261543,43.36391,41.272152,41.331646,35.536617,37.182262,32.47793,34.41491,31.037003,26.656721,26.109632,21.24416,19.246809,15.722756,15.982432,19.823195,22.226042,24.737179,28.11016,32.312817,35.772434,39.571083,40.98944,42.011127,40.201828,43.08774,41.063644,37.88285,37.029034,36.549187,32.478245,30.560427,24.309277,25.064945,20.773806,17.762278,20.534382,23.110165,25.62362,26.973839,31.005274,32.612885,36.86001
2,6.64792,5.0567217,0.0,5.4453497,6.7016897,8.950125,12.006542,15.151302,18.211653,20.705002,24.01276,26.310163,29.269804,27.989347,31.899271,26.856386,28.709959,26.704086,29.72559,30.451456,32.05716,35.467197,36.426613,36.009567,37.685066,36.79643,34.399437,34.79653,31.378603,35.442486,28.965551,34.807697,30.718245,32.050846,29.55435,26.147131,24.146324,26.563196,24.730782,21.782167,20.88335,24.080761,21.862787,17.263393,19.714859,22.617743,19.062681,15.06548,18.896303,18.997068,23.528873,22.035877,25.437881,26.761448,28.408886,30.677797,27.564598,31.785494,33.77236,29.239826,29.34898,35.043003,35.973286,34.641018,32.24137,33.48344,39.066303,39.681206,36.20556,41.491592,39.830063,40.39378,34.520626,36.875217,32.148193,34.774364,31.63324,27.014025,27.42156,22.14988,20.749502,17.871342,17.038363,20.302635,21.821215,25.209007,27.513107,32.34455,35.4193,39.290455,40.484715,41.608772,39.30723,42.263504,40.441097,37.4349,37.06889,37.01314,33.05292,30.508167,25.019655,24.75807,20.83494,17.768188,19.509827,22.245132,23.552263,25.502707,29.126314,30.690079,34.953312
3,10.022921,6.515583,5.4453497,0.0,3.7296498,8.068928,8.369153,13.157475,15.121195,18.187792,21.347994,23.48533,26.049072,24.336042,27.554691,22.441168,23.837633,21.735838,24.38572,25.246378,26.775976,30.140371,31.299974,30.987087,32.668392,31.783293,29.744246,30.184746,27.066702,31.289656,25.270885,31.539719,27.889746,29.71572,26.70223,22.958147,21.750555,24.398043,21.711836,18.52976,18.886599,21.478615,18.43651,14.474997,17.954338,19.723646,15.418273,13.065258,17.311268,18.12312,21.7243,19.480412,23.909355,25.241877,25.985855,27.567951,24.27526,28.281748,30.92024,27.004196,26.28209,32.012413,33.456066,32.626144,29.980387,30.573769,36.14536,36.382915,32.64266,37.886017,35.72847,36.18299,30.489721,32.577724,27.9813,30.415567,27.130991,22.720814,22.89007,17.75101,16.02869,13.35804,11.833356,15.089212,16.890068,19.966585,22.613188,27.245424,30.335934,34.258865,35.38879,36.40408,34.257874,37.172108,35.283894,32.2007,31.734215,31.585632,27.628704,25.22086,19.689672,19.497547,15.619833,12.6750555,14.840188,17.312315,19.417122,20.706467,24.650524,26.200512,30.464289
4,12.724476,9.52349,6.7016897,3.7296498,0.0,5.431096,5.4540253,9.712446,12.2750845,14.8307495,18.248362,20.254251,23.09769,21.522686,25.426895,20.572445,22.365835,20.842299,23.868525,25.223469,27.311739,30.638727,32.35347,31.480387,32.80299,31.498098,29.247345,29.192114,25.819126,29.718992,23.498137,29.389824,25.144205,27.208456,24.664948,20.77112,19.329306,22.54375,20.270176,16.850874,17.216885,20.82686,17.825912,13.703682,17.475689,20.201628,15.996831,13.653935,18.348276,18.462511,21.929232,20.815857,24.986893,25.73178,26.713411,28.113039,24.39377,28.290133,31.134703,26.857492,25.616306,31.492682,32.840824,31.837397,28.732355,29.25618,34.893806,34.976234,31.648067,37.044933,35.04672,35.96424,30.373621,32.94678,28.477718,31.340252,28.212324,23.839281,24.547745,19.38618,17.928675,15.825585,13.311017,15.905537,17.037794,20.518555,22.380955,27.368355,30.014023,34.032333,34.7965,35.717865,33.140423,35.94492,34.086,31.217863,31.024086,31.367231,27.454567,24.435057,19.612247,18.646486,15.032438,12.087007,13.106751,15.820655,16.861345,18.990377,22.479187,24.263737,28.409252
5,15.29668,13.174932,8.950125,8.068928,5.431096,0.0,6.0972133,6.843044,9.885265,12.43944,15.340544,18.012806,20.883493,20.142342,24.498466,19.672888,22.455261,20.9762,25.297255,26.096321,28.874315,32.301003,34.098366,32.191273,33.147182,31.57536,28.520315,28.222517,24.331572,27.883839,21.057606,26.344603,21.905807,23.235697,21.139296,17.733524,15.414226,18.387995,17.081717,13.969221,13.021215,17.679056,15.60623,10.903306,13.951323,18.359928,15.144169,11.667611,16.404984,15.345269,18.986526,19.726372,22.84538,22.863342,24.637709,26.350191,22.435804,26.379013,28.775404,23.749517,22.790247,28.663584,29.500795,28.022903,24.840311,25.888203,31.526072,31.937832,29.084097,34.555836,33.273594,34.616802,28.933922,32.24847,27.790703,31.353088,28.67729,24.107712,25.95244,20.596132,20.17742,18.859398,16.184088,17.828817,17.63625,22.103228,22.449951,27.995258,30.277678,34.144367,34.923584,36.18664,33.246586,36.30508,34.9356,32.23293,32.750538,33.2475,29.74774,26.470478,22.781437,20.697666,18.125628,15.6706295,15.54991,17.836767,17.294493,19.375412,22.350964,23.531803,27.778498
6,18.028942,14.750169,12.006542,8.369153,5.4540253,6.0972133,0.0,5.903732,7.207793,10.018255,13.248838,15.146887,17.768635,16.107483,20.063374,15.366096,17.44661,16.441433,19.954657,21.668629,24.43081,27.66168,30.035494,28.402416,29.26443,27.507008,25.148724,24.593918,21.134684,24.757088,18.6775,24.435074,20.103037,22.671078,20.170578,15.965834,15.019334,18.847328,16.395365,12.68814,14.176627,18.140379,14.756531,11.409488,15.922249,18.644716,14.439966,13.606938,18.478916,18.351387,20.71816,20.436293,24.731237,24.81364,25.390882,26.082182,21.904627,25.391508,28.799421,24.697474,22.343807,28.234814,29.804218,29.010357,25.348726,25.311895,30.906507,30.592884,27.546719,32.996273,30.911034,32.252937,26.9695,29.913107,25.769232,28.992783,26.10052,22.02757,23.356176,18.490152,17.464163,16.501755,12.736913,13.986595,14.106714,17.898085,18.685383,23.92212,26.004562,30.066866,30.45165,31.31529,28.378923,31.149086,29.451447,26.763565,27.016651,27.75674,24.11271,20.598242,17.06584,14.860066,12.277098,10.015638,9.474122,11.777232,11.852371,14.018951,17.230621,18.989374,23.091913
7,21.688797,19.041992,15.151302,13.157475,9.712446,6.843044,5.903732,0.0,4.8449006,5.6696415,9.103224,11.320357,14.543338,13.932179,19.265957,15.317924,18.518122,18.343744,22.793571,24.522562,28.009235,31.142328,33.890785,31.284828,31.59082,29.339123,26.324934,25.084833,21.111267,23.892231,17.33809,21.821281,16.388855,18.7742,17.494694,13.617432,11.576727,16.071991,15.16392,11.717953,12.138741,17.825386,15.4824,12.096896,15.769277,20.227133,17.110487,15.5610695,20.265936,18.910595,21.159824,22.900133,26.106047,25.292423,26.616434,27.395582,22.936903,26.198448,29.323967,24.507841,21.961884,27.755438,28.790503,27.472801,23.34059,23.61143,29.126875,28.878384,26.768158,32.296642,30.956419,33.028748,27.941988,31.722382,27.825994,31.71859,29.31227,25.283524,27.541386,22.716553,22.40363,21.928934,18.09501,18.573872,17.509277,21.854204,21.027582,26.6298,27.982553,31.88863,31.906466,32.86241,29.310074,32.02415,30.71867,28.484013,29.439245,30.732742,27.510534,23.454384,21.409737,18.167768,16.670189,14.931565,12.830213,14.755949,12.086038,15.307814,17.137638,18.692837,22.48925
8,24.381594,21.489239,18.211653,15.121195,12.2750845,9.885265,7.207793,4.8449006,0.0,4.7914796,6.390935,9.100455,11.256265,10.501578,14.911184,10.657714,14.177336,13.975234,18.99144,20.412819,24.255291,27.303452,30.240456,27.113314,27.161528,24.754364,21.638792,20.264399,16.287022,19.104467,12.673198,17.61533,12.915483,15.629061,13.5881605,9.308218,8.415563,13.070515,11.331136,7.723547,9.931317,14.8133335,12.04709,10.042685,14.131719,17.630703,14.6743555,14.782674,19.149075,18.13876,19.151102,20.94812,24.38536,23.312502,23.946648,24.055618,19.45235,22.2942,25.871422,21.612606,18.176105,23.865097,25.26962,24.403444,20.050144,19.659826,25.121506,24.569736,22.334404,27.833971,26.278097,28.448503,23.594769,27.457138,23.844673,27.84732,25.673357,21.992887,24.637724,20.262737,20.395998,20.790234,16.6181,16.028652,14.112915,18.528023,16.782167,22.41164,23.46115,27.2844,27.263786,28.35365,24.779356,27.685577,26.674839,24.426348,25.787058,26.998234,24.182629,20.253855,19.237139,15.26391,15.011313,14.142015,11.729594,12.548803,9.761155,11.418632,13.329252,14.212794,18.261784
9,27.204214,24.332485,20.705002,18.187792,14.8307495,12.43944,10.018255,5.6696415,4.7914796,0.0,4.311957,5.6653237,9.155696,8.846649,15.031863,12.35253,15.844924,16.92688,21.360125,23.643723,27.62956,30.40713,33.82435,30.602364,30.31368,27.540903,24.611809,22.564764,18.705,20.568066,14.707488,18.09723,11.953539,15.476464,15.009016,11.0304,9.853571,15.1677265,14.617678,11.490881,13.1674,18.720778,16.417656,14.56685,18.176556,22.198269,19.449228,19.27305,23.646587,22.22858,23.328377,25.660395,28.80075,27.430084,28.308016,28.311758,23.66015,26.17179,29.763735,25.386444,21.664211,27.05889,28.25758,27.192415,22.471235,21.96021,27.109911,26.248688,24.867815,30.240276,28.88973,31.539534,27.153618,31.206402,27.93541,31.982029,29.92542,26.496967,29.06986,24.872152,24.77823,25.018208,20.679949,20.164248,18.379377,22.350182,20.416386,25.76697,26.21641,29.983646,29.354876,30.07624,26.048626,28.44299,27.33908,25.603848,27.065393,28.977024,26.22693,21.727077,21.462797,17.316591,17.181227,16.377039,12.956423,13.972128,9.235263,12.955637,13.274221,14.93218,18.119339
10,30.384499,27.620005,24.01276,21.347994,18.248362,15.340544,13.248838,9.103224,6.390935,4.311957,0.0,3.8903587,5.9705963,7.0987673,12.748668,10.709672,14.8037195,16.077879,21.154491,22.892365,27.26401,29.901352,33.40289,29.435255,28.736528,25.743574,22.418365,20.027384,16.039158,17.234829,11.507733,13.963728,7.649257,11.36997,11.29897,7.7397037,7.0232263,12.332667,12.340723,10.004358,11.94543,17.122198,15.383261,14.613897,17.629223,21.508354,19.542025,19.971365,23.819487,22.199068,22.400633,25.53279,28.202295,26.322025,27.071598,26.70822,22.06779,24.05948,27.627232,23.443935,19.223124,24.19879,25.309837,24.322464,19.360508,18.54087,23.413734,22.407885,21.557165,26.791063,25.801346,28.839186,24.835072,29.256575,26.38629,30.712112,29.114521,26.002886,29.166481,25.340916,25.837221,26.707172,22.379234,21.113428,18.505608,22.576511,19.432161,24.712053,24.625814,28.087538,27.356056,28.302591,24.094193,26.633135,26.090776,24.589222,26.693054,28.611465,26.454245,22.127438,22.998045,18.310282,19.254572,19.021683,15.567132,15.718803,10.730374,12.862978,12.390799,12.922911,15.93568
11,32.75711,29.763763,26.310163,23.48533,20.254251,18.012806,15.146887,11.320357,9.100455,5.6653237,3.8903587,0.0,4.135031,4.9967613,11.757247,11.253569,14.698192,17.025402,21.195919,23.795359,28.127296,30.459768,34.407787,30.597996,29.690552,26.464943,23.69291,20.851849,17.359251,17.941553,13.46509,15.055804,8.503287,13.293269,13.875266,10.495814,10.649763,15.780483,15.6514635,13.354327,15.796374,20.656551,18.616621,18.130362,21.407215,24.870678,22.611042,23.447306,27.408558,25.978407,26.092564,28.870705,31.833752,30.0108,30.473423,29.775988,25.148193,26.822489,30.705587,26.907656,22.27159,26.972534,28.28183,27.518509,22.446268,21.13423,25.616577,24.106506,23.618853,28.604435,27.322384,30.522007,27.022762,31.234785,28.701048,32.790833,31.165186,28.405209,31.23469,27.718233,27.8769,28.725744,24.17552,22.851847,20.50493,23.941492,20.975943,25.787922,25.255632,28.70089,27.407576,27.894281,23.443674,25.429768,24.680952,23.595104,25.651356,28.120457,26.035269,21.358389,22.946423,18.210907,19.42589,19.479937,15.44236,15.42467,9.538629,12.708884,10.978626,12.379434,14.45274
12,35.541306,32.481873,29.269804,26.049072,23.09769,20.883493,17.768635,14.543338,11.256265,9.155696,5.9705963,4.135031,0.0,3.6863196,8.670979,9.515092,12.928928,15.6351795,19.897612,22.166546,26.704718,28.773634,32.86698,28.552835,27.253828,23.829195,21.049046,17.825918,14.622409,14.415134,11.073059,11.710375,6.022727,11.465072,11.961418,9.177192,10.728794,15.122665,14.823551,13.255676,16.359089,20.173529,18.289936,18.92117,21.942804,24.645828,22.830908,24.541487,28.057041,26.798937,26.056053,28.955704,31.813442,29.763363,29.75949,28.515278,24.02443,25.059116,29.125551,25.95487,20.728477,24.85446,26.35944,25.989832,20.8664,18.873402,22.869852,20.924591,20.795666,25.47188,24.16348,27.616152,24.714634,28.963114,26.959452,31.042633,29.791496,27.537176,30.624418,27.66406,28.177153,29.587141,25.051247,23.062742,20.208658,23.331205,19.513704,23.906607,22.780167,25.90962,24.384285,24.936993,20.358671,22.365746,22.103586,21.284126,23.88842,26.374979,24.903648,20.49961,23.226055,18.164211,20.394363,21.040836,17.108429,16.254665,10.800246,12.048559,9.446742,9.681231,11.247983
13,34.116753,30.792513,27.989347,24.336042,21.522686,20.142342,16.107483,13.932179,10.501578,8.846649,7.0987673,4.9967613,3.6863196,0.0,7.050497,7.61007,10.30359,13.439682,16.963345,19.927092,24.250616,26.271229,30.532848,26.749214,25.657806,22.303114,20.136446,17.06829,14.225161,14.739642,11.70832,13.894999,9.228817,14.541164,13.942851,10.339927,12.350087,16.925322,15.541447,13.371917,17.245346,20.695953,18.02221,18.640028,22.315886,24.348911,21.877386,24.04932,27.788855,27.027212,26.428183,28.368572,31.887249,30.266787,29.85499,28.466284,23.965757,25.132025,29.586765,26.751358,21.419355,25.808662,27.735395,27.666899,22.684937,20.474558,24.68031,22.594383,21.731241,26.468946,24.437855,27.497358,24.504496,28.263376,26.164019,29.870932,28.297886,26.141474,28.693232,25.86902,25.963892,27.281525,22.625763,20.68926,18.269852,20.890398,17.772413,21.959257,21.028582,24.445786,22.83748,23.083887,18.609316,20.486212,19.687943,18.653202,20.859524,23.45124,21.685461,17.087988,19.788551,14.789223,17.08394,17.946747,13.903759,12.825677,7.418242,8.897486,6.179273,7.7410765,9.648019
14,37.46324,34.00998,31.899271,27.554691,25.426895,24.498466,20.063374,19.265957,14.911184,15.031863,12.748668,11.757247,8.670979,7.050497,0.0,5.647675,6.2604847,10.098717,12.971869,15.358913,19.77796,21.226765,25.727678,21.416147,19.776428,16.167707,14.640542,11.107094,9.684624,9.523766,9.956684,12.148161,11.505924,16.014156,14.095656,11.476045,15.224103,18.229038,15.755738,14.6084795,19.470325,20.645193,17.82929,20.200554,23.63662,23.729887,21.702858,25.512335,28.465128,28.399406,26.556913,27.818909,31.53141,29.967873,28.428726,26.024797,22.011957,22.089975,27.032814,25.73221,19.678373,23.046963,25.66125,26.56446,21.996126,18.642736,21.983332,19.180183,18.00506,22.026285,19.156916,22.108528,20.206371,23.397373,22.263638,25.495632,24.408092,23.36709,25.903116,24.338644,24.835934,27.068638,22.683807,19.68447,16.791441,18.221619,14.112777,16.982948,15.047825,18.052555,16.041296,16.309404,11.73878,13.9454775,13.853454,12.921629,16.042324,18.387476,17.774265,14.118869,18.733677,13.672333,17.681738,19.577997,16.363993,13.903371,11.128032,7.9696035,4.8222322,2.020444,3.50039
15,32.22136,28.86766,26.856386,22.441168,20.572445,19.672888,15.366096,15.317924,10.657714,12.35253,10.709672,11.253569,9.515092,7.61007,5.647675,0.0,4.5389986,6.127286,11.18216,12.719288,17.263845,19.54521,23.420004,19.368628,18.501867,15.413839,13.072627,10.7292795,7.8803997,10.383543,7.499273,12.757598,11.615889,15.393936,12.135061,8.456342,12.036732,15.068655,11.615627,9.804105,15.046076,16.095951,12.7004595,14.842746,18.623909,18.629755,16.205948,19.982622,23.06172,23.200754,21.695175,22.54199,26.542719,25.30659,23.89467,21.95247,17.683968,18.612383,23.526806,21.724344,16.116531,20.46652,23.104347,23.798967,19.417618,16.692602,21.062748,19.076525,16.655958,21.464376,18.586525,20.939499,17.617119,20.944143,18.781712,22.29524,20.731573,18.86613,21.535357,19.274782,19.850159,21.960505,17.610987,14.729543,11.640639,14.082599,10.203936,14.577436,14.12199,17.770554,17.013039,17.9583,14.180723,17.26225,16.79261,14.698483,17.065022,18.41413,16.901834,13.424279,15.995642,10.887036,14.215131,15.688942,13.116786,10.973224,9.326778,4.951278,5.9697123,4.1405816,8.806616
16,33.654068,30.048864,28.709959,23.837633,22.365835,22.455261,17.44661,18.518122,14.177336,15.844924,14.8037195,14.698192,12.928928,10.30359,6.2604847,4.5389986,0.0,4.691659,7.106781,9.923871,14.137997,15.978769,20.364645,16.908703,16.058176,12.990894,12.253151,10.139832,9.182402,11.634543,11.124263,16.015219,15.700083,19.603365,16.23778,12.889094,16.533527,19.29476,15.386381,13.664941,19.055656,19.258766,15.440218,17.883173,21.888195,20.682678,17.851366,22.430082,25.351389,26.135427,24.464174,24.104328,28.694271,27.90054,25.772846,23.348152,19.510498,20.026447,25.292236,24.44658,18.806173,22.660994,25.752533,26.95944,22.93381,19.82019,23.69203,21.351116,18.577534,22.788086,19.009167,20.793396,18.147627,20.405788,18.735432,21.35152,19.622276,18.565073,20.328472,18.98756,19.08779,21.41342,17.162708,13.966715,11.603004,12.192421,9.253017,12.118899,11.393262,15.232217,14.081101,14.458929,10.98798,13.853441,12.868328,10.418955,12.550513,13.957418,12.570983,9.290217,13.12631,8.218848,12.66818,14.958542,12.823226,9.815229,10.10683,3.974188,5.4853654,4.363251,7.857424
17,31.140703,27.71577,26.704086,21.735838,20.842299,20.9762,16.441433,18.343744,13.975234,16.92688,16.077879,17.025402,15.6351795,13.439682,10.098717,6.127286,4.691659,0.0,6.722163,6.833151,11.275152,13.873958,17.434061,13.880197,13.6830015,11.292693,9.918354,9.350464,8.088195,12.13084,10.634865,16.811626,17.236526,20.141134,15.817782,12.671326,16.114445,18.010971,13.334893,11.823023,17.152943,16.163094,12.052887,14.960261,18.815483,16.585703,13.742819,18.94045,21.435493,22.689589,20.805506,19.732836,24.546097,24.089743,21.624285,19.232944,15.556019,16.36467,21.627344,21.047531,15.865265,19.912775,23.162138,24.519476,21.041634,18.248163,22.385553,20.61602,16.847557,21.210684,17.32629,18.383827,14.870143,16.90039,14.605384,17.271496,15.292318,13.901625,15.894417,14.488257,15.030166,17.760544,13.89037,10.2181015,7.2667756,8.2838,4.7968125,8.9573555,9.742019,13.817807,14.039273,15.267537,12.883381,16.439953,15.767516,12.719726,14.393899,14.349323,12.788745,10.854755,12.690654,8.522033,12.287108,14.296393,13.433518,10.775919,12.546972,6.3076773,9.7754345,8.0817,12.046156
18,33.616844,29.865112,29.72559,24.38572,23.868525,25.297255,19.954657,22.793571,18.99144,21.360125,21.154491,21.195919,19.897612,16.963345,12.971869,11.18216,7.106781,6.722163,0.0,6.084209,8.407436,9.916381,14.546077,13.031519,13.141869,11.296546,12.98429,12.709113,13.49274,16.558685,16.914375,22.310429,22.681007,26.215008,22.23904,19.019123,22.452732,24.698698,20.051405,18.335796,23.625969,22.593838,18.312817,20.826035,24.948889,22.004076,18.648035,24.044905,26.542706,28.37465,26.70209,24.28941,29.693628,29.80034,26.783445,24.08393,21.07677,21.48428,26.821218,27.104261,22.106651,25.56538,29.09844,30.820078,27.556473,24.483845,28.074282,25.882608,22.197308,25.740036,21.068907,21.409678,19.105843,19.456404,18.02018,18.969645,16.690004,16.61828,16.565193,16.63749,15.955802,18.501469,15.000355,11.675205,11.055363,8.351537,8.83642,8.782136,9.35061,13.245464,12.75148,12.604778,11.374321,13.822734,11.977334,8.428455,8.470121,8.137764,6.0804605,5.340885,8.940979,6.49986,11.128601,14.135764,13.900463,10.6330185,14.342777,8.613967,11.421183,11.225377,13.360391
19,33.831646,30.467722,30.451456,25.246378,25.223469,26.096321,21.668629,24.522562,20.412819,23.643723,22.892365,23.795359,22.166546,19.927092,15.358913,12.719288,9.923871,6.833151,6.084209,0.0,4.775636,7.314109,10.706955,7.595609,8.188218,7.2572746,8.660351,10.2347975,11.553556,15.255092,15.9156275,21.589315,23.442846,25.839333,21.133348,18.772388,22.285336,23.21569,18.243921,17.458263,22.414211,19.680403,15.854355,19.346169,22.639519,18.310846,15.897053,22.034542,23.500288,25.717861,23.21108,20.413609,25.538504,25.748625,22.075537,18.930399,16.622637,16.511753,21.744528,23.01699,18.42787,21.192564,24.930393,27.087057,24.610176,21.58106,24.787022,23.010357,18.590374,21.705378,16.888866,16.352278,13.892317,13.560925,12.2331915,12.910869,10.89558,11.556957,12.162471,13.254728,13.861507,17.384588,14.828558,10.757809,9.107489,6.1440225,4.9711685,2.9016364,5.645328,9.440637,10.894475,12.318991,12.255261,15.7539835,15.266133,11.827696,12.741286,10.615015,10.198204,11.353844,13.175893,11.262504,14.993713,17.441868,17.931925,15.077204,18.474506,12.18413,15.320778,13.46243,16.145689
20,34.659798,31.324888,32.05716,26.775976,27.311739,28.874315,24.43081,28.009235,24.255291,27.62956,27.26401,28.127296,26.704718,24.250616,19.77796,17.263845,14.137997,11.275152,8.407436,4.775636,0.0,3.612227,6.372453,6.4251614,8.494175,9.414404,12.211869,14.413335,16.186686,19.744184,20.611748,26.29074,28.1882,30.547276,25.74181,23.375078,26.707335,27.519157,22.432665,21.588942,26.305891,23.179928,19.364384,22.567533,25.777258,20.692184,18.161097,24.331902,25.437843,28.223906,25.856745,21.81997,27.229906,28.05442,23.966003,20.849596,19.34558,19.19565,24.046106,25.96806,22.057217,24.445885,28.24176,30.592367,28.598635,25.728725,28.690327,27.053812,22.424545,24.986595,19.992357,18.508512,16.557467,14.674546,13.735461,12.597314,10.237336,12.034331,10.627434,13.332795,13.359605,16.866762,15.344381,11.774425,11.675543,6.913302,9.055119,4.948256,8.228137,10.713967,12.681633,13.650339,14.995389,17.859808,17.050476,13.62374,13.291347,9.80884,9.620616,12.681314,13.438033,13.356612,16.385925,18.86225,20.24528,17.54068,21.92521,15.987456,19.286858,17.915735,20.228537
21,38.005024,34.616703,35.467197,30.140371,30.638727,32.301003,27.66168,31.142328,27.303452,30.40713,29.901352,30.459768,28.773634,26.271229,21.226765,19.54521,15.978769,13.873958,9.916381,7.314109,3.612227,0.0,5.318472,6.6091137,8.168476,9.51603,13.589453,15.611944,18.1592,21.101963,22.987556,28.130129,30.395153,32.890865,28.234308,26.037622,29.598053,30.402575,25.414669,24.711468,29.552195,26.350086,22.675047,26.048927,29.202196,24.029013,21.715609,27.923054,28.924194,31.714327,29.138891,25.157084,30.405033,31.174828,26.882406,23.472324,22.272205,21.610292,26.413433,28.840603,24.760332,26.610765,30.501429,33.09458,31.163103,27.999205,30.479591,28.56022,24.184662,26.15026,20.921255,19.240652,18.38976,15.8890915,15.95946,14.127249,12.437347,15.0958,13.429022,16.73705,16.656908,20.035717,18.667301,15.253642,15.214782,10.441119,12.047462,6.924067,8.610501,10.006917,11.628904,12.061347,14.430519,16.711206,15.990745,12.900619,12.270408,8.126425,9.381606,13.434933,15.23412,15.4723,18.802048,21.51713,22.732164,19.831327,24.142826,18.193798,20.915512,19.520609,21.09898
22,38.154358,35.100925,36.426613,31.299974,32.35347,34.098366,30.035494,33.890785,30.240456,33.82435,33.40289,34.407787,32.86698,30.532848,25.727678,23.420004,20.364645,17.434061,14.546077,10.706955,6.372453,5.318472,0.0,6.723623,9.638589,12.449391,15.877003,18.8338,21.209051,24.458424,25.956305,31.32926,33.95882,35.870876,30.883211,28.99038,32.280067,32.45706,27.38878,26.984545,31.323713,27.288141,23.971413,27.331158,29.942215,23.909313,22.081015,28.240429,28.467781,31.728228,29.029303,24.144913,29.211546,30.495245,25.821693,22.52258,22.298447,21.591425,25.716673,28.83154,25.718454,27.098614,30.913227,33.66188,32.487488,29.706388,31.981043,30.567532,25.783524,27.324484,22.338642,19.676565,18.77474,15.096151,15.258544,11.943997,10.366875,13.924413,11.250377,15.897532,16.160824,19.637573,19.516394,16.481161,16.83667,12.15096,14.429423,9.453774,12.132807,12.578115,15.358298,16.388535,19.15578,21.609602,21.191196,18.183598,17.482151,13.178163,14.0893,18.22768,18.556896,19.421572,21.963041,24.269045,26.185184,23.632622,28.263557,22.358662,25.539103,23.930967,25.90507
23,38.585148,35.58774,36.009567,30.987087,31.480387,32.191273,28.402416,31.284828,27.113314,30.602364,29.435255,30.597996,28.552835,26.749214,21.416147,19.368628,16.908703,13.880197,13.031519,7.595609,6.4251614,6.6091137,6.723623,0.0,3.4639447,6.5802617,9.48933,12.805453,15.498612,18.422836,20.571903,25.38235,28.837868,30.30319,25.356178,24.100584,27.655714,27.32499,22.511354,22.754963,27.115864,22.736067,19.922104,24.072023,26.259932,20.459139,19.499641,25.893148,25.990442,28.680952,25.235039,21.82252,26.22787,26.687225,22.022343,18.117153,17.657177,16.162275,20.6494,23.972998,20.232698,21.099184,25.010586,27.94076,26.691132,23.589108,25.47984,23.95285,19.287409,20.665857,15.624068,13.192101,12.616384,9.3830385,10.3117075,8.271887,7.9452896,11.670693,11.878333,15.48415,17.005728,20.991468,19.919886,16.061432,14.605475,11.428832,10.353404,4.9429913,6.872419,6.948811,10.635857,12.892398,15.078333,18.364943,18.91845,16.059149,16.999521,13.540359,14.973538,17.833616,19.614836,18.64926,22.06031,24.389894,25.375216,22.602636,26.007858,19.631313,22.316523,19.71845,21.726318
24,40.709126,37.643505,37.685066,32.668392,32.80299,33.147182,29.26443,31.59082,27.161528,30.31368,28.736528,29.690552,27.253828,25.657806,19.776428,18.501867,16.058176,13.6830015,13.141869,8.188218,8.494175,8.168476,9.638589,3.4639447,0.0,3.7938097,7.584101,10.518453,13.92361,16.107012,19.327072,23.401579,27.357409,28.831429,24.132679,23.205305,27.035765,26.658234,22.120129,22.628164,27.135025,22.91079,20.342813,24.7929,26.905386,21.563917,20.901266,27.25285,27.47547,29.772533,26.041048,23.558647,27.585001,27.540972,23.01803,18.835226,18.13977,16.083765,20.739317,24.122541,19.792921,20.215523,24.167955,27.228449,25.766111,22.258535,23.690979,21.775576,17.538883,18.53417,13.269621,11.275163,11.83559,9.220494,11.108783,10.058654,10.526112,13.89299,14.949998,17.990084,19.64037,23.61341,22.031647,17.974215,15.9083395,13.310666,10.728963,5.559269,4.8642273,3.570909,7.5837455,10.303766,12.537816,15.901715,17.04615,14.581926,16.280237,13.347466,15.44163,17.884285,20.834007,19.184406,23.135315,25.61969,26.010744,23.037918,25.758371,19.279068,21.28497,18.269426,19.768919
25,40.373837,37.179058,36.79643,31.783293,31.498098,31.57536,27.507008,29.339123,24.754364,27.540903,25.743574,26.464943,23.829195,22.303114,16.167707,15.413839,12.990894,11.292693,11.296546,7.2572746,9.414404,9.51603,12.449391,6.5802617,3.7938097,0.0,5.319314,7.1535034,10.912212,12.744466,16.437634,20.219355,24.066021,25.851294,21.417452,20.40966,24.443346,24.426252,20.071232,20.48891,25.254786,21.688091,19.024029,23.478683,25.83952,21.32226,20.46596,26.653172,27.370695,29.226297,25.604105,23.977324,27.970387,27.498953,23.424168,19.341537,17.83605,15.904821,20.948841,23.593807,18.540297,19.369284,23.278755,26.127054,24.046196,20.25093,21.87473,19.554066,15.714894,17.226387,11.896429,11.267748,11.594012,10.745434,12.0929575,12.535987,12.69588,15.021014,16.706982,18.74699,20.277054,24.09875,21.805967,17.635824,15.076973,13.157896,9.350369,5.478141,1.9461795,2.5751128,5.1048284,8.136287,9.238615,13.013166,14.348497,12.004527,14.463126,12.475904,14.466146,15.968103,19.780205,17.330805,21.688015,24.24793,24.016031,20.928556,22.973019,16.521809,18.005173,14.76849,16.065226
26,38.269493,35.327473,34.399437,29.744246,29.247345,28.520315,25.148724,26.324934,21.638792,24.611809,22.418365,23.69291,21.049046,20.136446,14.640542,13.072627,12.253151,9.918354,12.98429,8.660351,12.211869,13.589453,15.877003,9.48933,7.584101,5.319314,0.0,4.1232753,6.725803,9.217092,12.05862,16.021017,20.258604,21.321014,16.645172,16.177801,20.079779,19.458057,15.295145,16.303886,20.698956,16.868233,14.778694,19.558859,21.39262,17.33689,17.21884,23.068037,23.623678,25.009617,21.109842,20.644463,24.01877,23.033571,19.349459,15.368455,13.385733,11.360023,16.554138,18.682535,13.350388,14.353255,18.206305,20.901873,18.729094,14.996774,16.972029,14.988783,10.708065,13.151767,8.271624,8.698016,7.3394265,8.939703,9.338128,11.891704,12.290552,13.324076,16.611576,17.446163,19.689014,23.468052,20.983397,16.834545,13.252372,13.336379,7.5487933,7.27661,5.837113,7.194667,9.162853,12.357099,11.673638,15.918037,17.410912,15.10908,17.996641,16.681328,17.691904,17.969568,21.06934,17.790728,21.798075,23.8759,23.350801,20.621588,21.753578,15.545179,17.123896,13.253682,15.478318
27,39.23077,36.140583,34.79653,30.184746,29.192114,28.222517,24.593918,25.084833,20.264399,22.564764,20.027384,20.851849,17.825918,17.06829,11.107094,10.7292795,10.139832,9.350464,12.709113,10.2347975,14.413335,15.611944,18.8338,12.805453,10.518453,7.1535034,4.1232753,0.0,4.510943,5.673554,9.958512,13.072466,17.249233,18.867512,14.767684,14.228045,18.445036,18.444086,14.780299,15.59658,20.258335,17.597794,15.489955,19.981642,22.122303,19.29649,18.8667,24.270111,25.425753,26.275913,22.670652,23.1051,26.37488,24.977661,21.920454,18.258802,15.595313,13.887012,19.013641,20.223461,14.236906,15.60835,19.149105,21.47953,18.49631,14.387236,16.42447,13.750765,10.613886,13.460385,9.089373,11.1971855,10.359565,12.872783,13.125212,15.998113,16.152653,16.641064,19.881939,20.064392,21.930504,25.414894,22.298882,18.25203,14.541458,15.078013,9.061187,9.817997,7.1835594,8.905288,8.909937,11.54314,9.387595,13.590802,15.277124,13.465758,16.968618,16.701214,17.691856,17.025677,21.074629,17.109503,21.463894,23.62117,22.319357,19.499588,19.633776,13.735287,14.269223,10.028115,11.753858
28,36.121006,33.162758,31.378603,27.066702,25.819126,24.331572,21.134684,21.111267,16.287022,18.705,16.039158,17.359251,14.622409,14.225161,9.684624,7.8803997,9.182402,8.088195,13.49274,11.553556,16.186686,18.1592,21.209051,15.498612,13.92361,10.912212,6.725803,4.510943,0.0,4.8602934,5.5701866,10.16649,13.561188,15.039741,10.608026,9.797787,13.960215,14.115502,10.452841,11.255354,15.871428,13.885154,11.835668,16.09811,18.251123,16.49907,16.050701,20.827177,22.331156,22.701283,19.443104,20.748343,23.824385,22.154573,19.850937,16.868845,13.35357,12.608915,17.62908,17.44238,11.234663,13.945595,17.101435,18.772621,15.178767,11.425667,14.757042,12.601818,9.396636,13.805986,10.732004,13.327674,10.628207,14.489862,13.364974,17.261301,16.957403,16.119854,19.934046,18.88978,20.842348,23.975906,20.578901,16.848694,12.717762,14.823292,8.511338,11.787292,10.545961,13.012467,13.229987,15.557083,12.70011,16.738466,17.866146,15.878701,19.12294,19.238567,19.241272,17.620398,20.721918,16.286081,20.064695,21.734695,20.175808,17.807884,17.19637,11.9176,12.744326,8.545647,11.608045
29,40.480526,37.523174,35.442486,31.289656,29.718992,27.883839,24.757088,23.892231,19.104467,20.568066,17.234829,17.941553,14.415134,14.739642,9.523766,10.383543,11.634543,12.13084,16.558685,15.255092,19.744184,21.101963,24.458424,18.422836,16.107012,12.744466,9.217092,5.673554,4.8602934,0.0,7.246998,7.7074327,12.734327,14.09623,10.965769,11.398044,15.568759,15.566492,13.2946005,14.546548,18.64652,17.174307,15.96156,20.041538,21.77243,20.655752,20.671656,25.057854,26.479599,26.410822,22.945076,25.093214,27.544724,25.396923,23.323574,20.184883,17.033398,15.535511,20.035889,20.076199,13.796866,15.161629,17.93588,19.657131,15.9045105,11.59838,13.499532,10.334734,9.214103,12.571168,10.192,13.935496,13.069074,16.969347,16.934124,20.638348,20.92186,20.618088,24.449003,23.70603,25.65236,28.783615,25.268032,21.556726,17.517612,19.301914,13.079949,15.260088,12.758541,14.219336,13.436909,15.540992,12.202619,15.737606,17.652107,16.599438,20.468208,21.165596,21.843267,20.060537,24.269562,19.614748,23.734333,25.542988,23.40227,20.936394,19.31075,14.658654,13.858775,9.3276205,10.56911
30,34.235992,31.506212,28.965551,25.270885,23.498137,21.057606,18.6775,17.33809,12.673198,14.707488,11.507733,13.46509,11.073059,11.70832,9.956684,7.499273,11.124263,10.634865,16.914375,15.9156275,20.611748,22.987556,25.956305,20.571903,19.327072,16.437634,12.05862,9.958512,5.5701866,7.246998,0.0,7.0546727,8.782156,9.947301,5.4480147,4.457199,8.610389,9.21634,6.6242576,7.5294933,11.553343,11.491993,10.194701,13.447656,15.350169,15.885658,15.601869,18.864523,20.8696,20.248554,17.651148,20.576778,22.988234,20.784243,19.826313,17.927574,13.738836,14.111966,18.29444,16.151035,10.210838,14.110966,16.243332,16.764418,12.208958,9.306711,13.869457,12.402819,10.4113245,15.649689,14.323967,17.42959,13.924852,18.653906,16.68812,21.233555,20.677761,18.68314,22.86438,20.548155,22.447807,24.960453,21.287693,18.250498,14.08472,17.671583,11.997036,16.602133,15.937138,18.58042,18.62045,20.65995,17.192425,20.838085,21.647264,19.857592,22.945383,23.631361,22.912088,20.300581,22.594181,17.782198,20.70614,21.689463,19.573465,17.953815,15.830236,12.348966,12.777239,9.354877,12.870832
31,40.384727,37.803635,34.807697,31.539719,29.389824,26.344603,24.435074,21.821281,17.61533,18.09723,13.963728,15.055804,11.710375,13.894999,12.148161,12.757598,16.015219,16.811626,22.310429,21.589315,26.29074,28.130129,31.32926,25.38235,23.401579,20.219355,16.021017,13.072466,10.16649,7.7074327,7.0546727,0.0,7.218375,6.9030275,6.1854606,8.668136,11.508512,11.265256,11.757357,13.460215,15.832357,16.309383,16.494562,19.424248,20.321236,21.662622,22.233326,24.862045,26.517122,25.208702,22.317362,26.509415,27.816328,24.885775,24.38521,22.373798,18.799192,18.148104,21.42897,19.503553,13.931807,15.735442,16.95537,17.247551,12.575589,9.344733,11.69273,9.444047,10.934703,14.801476,15.118982,19.314116,17.55126,22.510448,21.663214,26.177324,26.359297,24.944172,29.350693,27.397451,29.44916,32.014732,28.304106,25.24598,21.082811,24.311382,18.303171,21.930374,20.121403,21.818125,21.120562,23.017553,19.208168,22.22248,23.827007,23.023699,26.740993,27.978668,27.959017,25.201008,28.622755,23.581465,26.840517,27.919771,25.173767,23.531197,20.154678,17.615253,16.218493,12.677668,14.085956
32,36.833202,34.20653,30.718245,27.889746,25.144205,21.905807,20.103037,16.388855,12.915483,11.953539,7.649257,8.503287,6.022727,9.228817,11.505924,11.615889,15.700083,17.236526,22.681007,23.442846,28.1882,30.395153,33.95882,28.837868,27.357409,24.066021,20.258604,17.249233,13.561188,12.734327,8.782156,7.218375,0.0,5.4966316,7.2037125,6.730305,7.9202847,10.786112,11.988977,11.905947,13.855213,17.239016,16.728521,17.870716,19.608042,22.722937,22.17097,23.56834,26.344152,24.570522,23.203377,27.394297,29.172832,26.510387,26.900345,25.7867,21.515976,22.234667,25.599966,22.18574,17.21148,20.756231,21.66179,20.981274,15.816309,14.128764,17.856916,16.370516,17.039865,21.616678,21.461805,25.266443,22.402077,27.289843,25.434647,30.014467,29.337172,27.027597,30.966124,28.00162,29.330338,31.090822,26.942318,24.681444,21.105408,24.873901,19.995972,24.596306,23.422894,26.05465,25.06745,26.35376,22.007454,24.602076,25.177572,24.271347,27.388784,29.276875,28.258978,24.461483,27.057241,21.935251,24.284588,24.802011,21.438257,20.56104,15.858143,15.677227,13.942604,12.295387,14.17299
33,37.895744,35.730564,32.050846,29.71572,27.208456,23.235697,22.671078,18.7742,15.629061,15.476464,11.36997,13.293269,11.465072,14.541164,16.014156,15.393936,19.603365,20.141134,26.215008,25.839333,30.547276,32.890865,35.870876,30.30319,28.831429,25.851294,21.321014,18.867512,15.039741,14.09623,9.947301,6.9030275,5.4966316,0.0,5.3875065,8.12154,7.9872212,8.010132,11.199,12.572303,12.767002,15.557356,16.591974,17.881037,18.160456,21.745121,22.402452,23.211357,25.199175,22.902802,21.116657,26.5103,27.106833,23.90032,24.864994,24.110785,20.236948,20.784784,23.14084,19.34193,15.190613,18.020208,18.03975,16.796387,11.7808275,11.04116,14.390576,13.88562,15.300178,19.599354,20.748646,24.617893,21.700438,27.01244,25.20189,30.111,29.895378,27.467003,32.01173,28.992542,30.93732,32.838215,29.14304,26.8677,22.950672,27.177568,21.84329,26.519325,25.535744,27.732632,27.336031,29.179325,25.20886,28.185467,29.235485,28.193571,31.495428,32.876556,32.073193,28.72927,30.943478,25.9425,28.14003,28.449417,25.569744,24.821085,20.640062,19.895191,18.858444,16.53052,18.629879
34,35.009354,32.732693,29.55435,26.70223,24.664948,21.139296,20.170578,17.494694,13.5881605,15.009016,11.29897,13.875266,11.961418,13.942851,14.095656,12.135061,16.23778,15.817782,22.23904,21.133348,25.74181,28.234308,30.883211,25.356178,24.132679,21.417452,16.645172,14.767684,10.608026,10.965769,5.4480147,6.1854606,7.2037125,5.3875065,0.0,4.635422,6.254725,5.190925,6.3324184,8.396929,9.73938,10.959638,11.657895,13.886037,14.397534,16.848675,17.561876,19.23697,20.982634,19.302954,16.929953,21.68783,22.770517,19.847227,20.139751,19.088907,15.064277,15.707195,18.564493,15.119279,10.262529,13.854978,14.6513815,14.046916,8.918549,7.4089584,12.170826,11.7470255,11.3307295,16.384703,16.82277,20.252422,16.709625,21.98057,19.89981,24.826302,24.544737,22.106003,26.726254,23.877964,26.043734,28.2245,24.748327,22.20778,18.093987,22.341696,16.875132,21.662853,21.11174,23.423883,23.580395,25.73899,22.190245,25.670286,26.66345,25.11304,28.267729,29.074125,28.257921,25.412628,27.264631,22.4577,24.774323,25.23378,22.95364,21.93481,18.91435,16.840672,16.876581,13.985577,17.00454
35,31.801664,29.211725,26.147131,22.958147,20.77112,17.733524,15.965834,13.617432,9.308218,11.0304,7.7397037,10.495814,9.177192,10.339927,11.476045,8.456342,12.889094,12.671326,19.019123,18.772388,23.375078,26.037622,28.99038,24.100584,23.205305,20.40966,16.177801,14.228045,9.797787,11.398044,4.457199,8.668136,6.730305,8.12154,4.635422,0.0,4.342706,6.952747,5.7086124,5.381272,8.595178,11.117546,10.019193,11.59172,13.663109,16.130241,15.470213,17.309965,19.968737,18.68411,17.159489,20.746418,22.965513,20.700191,20.777561,19.826292,15.331448,16.722626,20.3212,16.788769,11.831565,16.540506,17.934828,17.49681,12.586289,11.119942,16.217535,15.398854,13.94619,19.310606,18.55176,21.566027,17.519949,22.320997,19.719006,24.389387,23.426096,20.664356,24.717445,21.506529,23.091734,24.969282,21.127954,18.812534,15.030826,19.345844,14.605521,19.859987,19.698925,22.678274,22.654203,24.43091,20.71575,24.09485,24.43616,22.627825,25.355497,26.3566,24.991316,21.75718,23.174736,18.355513,20.389969,20.764738,18.35034,17.467234,14.448851,12.752185,13.218208,11.105018,14.809255
