,0,1,2,3,4,5,6,7,8,9,10,11,12,13,14,15,16,17,18,19,20,21,22,23,24,25,26,27,28,29,30,31,32,33,34,35,36,37,38,39,40,41,42,43,44,45,46,47,48,49,50,51,52,53,54,55,56,57,58,59,60,61,62,63,64,65,66,67,68,69,70,71,72,73,74,75,76,77,78,79,80,81,82,83,84,85,86,87,88,89,90,91,92,93,94,95,96,97,98,99,100,101,102,103,104,105,106,107,108
0,0.0,4.7628765,6.844392,9.205128,12.345308,13.763104,17.632902,21.38404,23.13275,27.09304,31.05849,34.564087,32.907898,30.691479,26.68435,24.276735,20.383158,19.336567,15.397962,13.336168,12.102761,10.627143,12.96816,9.8664875,14.206733,17.188412,18.700478,17.98171,18.881899,18.489298,21.245937,20.084642,26.629427,23.279736,28.053484,29.422289,30.697193,30.81616,26.261866,22.552244,27.548536,23.97199,25.456982,24.02939,23.194818,22.204031,23.412327,21.643782,24.903002,29.193634,30.388031,30.59675,32.60733,35.650314,32.402416,34.669567,32.379337,33.30468,37.984493,35.39324,31.964247,35.891346,34.049683,37.32491,37.322662,40.384193,41.272053,43.50959,41.189583,40.570004,37.202427,39.124992,35.36499,38.80254,36.787815,39.52644,40.962578,40.351265,42.91343,41.43068,36.424313,34.372803,30.546373,28.07699,27.894768,22.557028,22.072138,17.197237,18.105051,17.359217,20.252846,23.279123,23.2045,21.771038,26.39523,29.239662,27.973991,27.829262,32.551517,33.035667,32.284866,32.217052,31.327166,30.999428,28.390171,27.372185,30.581396,28.466034,32.421024
1,4.7628765,0.0,5.254695,6.2112217,8.710248,11.691359,14.119573,18.930664,20.13374,24.664583,28.530655,31.93215,30.954153,28.978964,25.212765,22.531065,19.16021,17.38662,14.071399,10.9780035,11.435443,8.094043,12.295735,9.141949,14.035476,16.246881,16.296988,15.925994,16.026245,17.030394,18.684921,19.003387,25.273108,22.794767,27.299818,28.976652,30.766775,30.489637,26.198378,22.42733,26.487398,22.729597,23.489584,21.404116,21.32085,19.546408,21.301537,18.674202,22.40481,26.49021,27.964716,27.56209,30.385933,33.01733,30.142916,32.504715,29.695505,30.782784,35.28325,32.34991,28.8311,32.221893,30.055782,33.17939,32.857014,35.921318,36.642834,38.92599,36.75955,36.33608,33.09652,35.292908,31.704226,35.441986,33.624744,36.68188,38.234234,38.00179,40.67446,39.31027,34.306904,31.903978,28.146294,25.25345,24.72122,19.432764,18.179771,13.293023,13.632602,12.723771,15.8370495,18.828594,18.480938,17.174107,22.039597,24.65306,23.274439,23.389547,28.163597,28.432547,27.588186,27.513067,26.56706,26.255308,23.720802,22.86036,26.167229,24.357294,28.455564
2,6.844392,5.254695,0.0,5.0782533,6.9149766,7.9026227,11.689791,15.077254,17.28504,20.693846,25.39256,28.400259,27.07868,25.28354,21.012186,19.054379,15.499743,14.704286,11.94162,10.366949,11.451137,10.563765,15.014975,13.165743,17.91709,19.632189,19.80271,18.340433,17.57367,18.104988,18.489893,18.27587,23.273125,20.045301,24.777851,25.808702,27.989042,28.219063,24.027565,20.730047,25.282074,22.50103,22.807106,21.95405,22.886734,21.379473,24.06629,21.70012,25.824326,29.77998,30.728943,29.672928,32.462666,34.40737,31.069365,32.882507,29.817307,30.170612,34.414356,31.111486,27.64788,31.167643,29.379982,32.268852,32.80382,35.131477,36.583637,39.264324,37.547646,36.629242,33.86899,35.679134,31.713743,35.387978,32.98181,36.01661,36.99217,36.49039,38.772964,36.86331,31.635525,29.234978,25.499777,23.095425,23.39994,17.464949,17.8764,13.377119,13.563067,14.151304,17.264711,19.21094,19.105589,19.468588,23.36857,25.189838,24.939713,25.649448,29.604565,29.388012,29.098858,29.207369,27.477196,26.93887,23.5456,22.273193,24.96182,22.470114,26.206123
3,9.205128,6.2112217,5.0782533,0.0,3.6631253,6.080685,8.706254,13.233983,14.1661825,19.005442,22.38906,25.998644,24.948334,22.900398,19.431686,16.435028,13.330277,11.239601,8.434772,5.5854874,7.9107027,6.589865,11.683648,10.94207,15.377805,16.121172,15.750935,13.847679,12.606454,13.579972,13.55875,14.144805,19.496925,17.337843,21.655045,23.380764,25.57282,25.165426,21.158247,17.619991,21.24953,18.09141,18.17707,16.916605,18.117882,16.454672,19.538149,17.230791,21.537056,25.34619,26.038692,24.739891,27.585135,29.353973,26.076591,27.952433,24.835407,25.40082,29.742271,26.636215,23.148777,26.854696,25.124977,28.366905,28.940174,31.837095,33.213223,35.507095,33.354828,32.2414,29.254215,30.910013,26.929369,30.516594,28.254976,31.269554,32.50004,32.152103,34.679375,33.16473,28.118366,25.718044,21.950716,19.169342,18.969742,13.451387,13.312595,8.6819515,10.062232,10.675985,13.118807,15.210804,16.121548,16.270803,19.067553,21.439707,21.827423,21.870481,25.366604,25.594536,25.852766,26.403967,24.961935,23.926096,21.318548,19.132048,22.334179,19.837751,23.747084
4,12.345308,8.710248,6.9149766,3.6631253,0.0,5.276895,5.4168267,10.86196,11.558766,16.478685,20.187265,23.420218,22.978813,21.339045,17.953545,15.144611,12.776806,10.465117,9.251506,6.6321936,10.520856,8.908352,14.413957,13.860287,18.182648,18.41204,17.034784,15.2628145,12.98828,15.060946,13.2747345,15.172396,19.310116,17.763277,21.724329,23.365767,26.109333,25.608551,22.016031,18.81697,21.64784,18.897135,18.050303,16.735535,19.05683,16.854849,20.594955,17.736553,22.350395,25.789127,26.55154,24.496216,28.008718,29.11055,26.084711,27.783085,24.108782,24.491354,28.456032,24.825304,21.294636,24.402042,22.478058,25.404844,26.03341,28.542143,30.087822,32.642403,30.897816,29.790901,27.197498,28.974104,25.038147,28.900074,26.594212,29.911724,30.981457,30.90016,33.330765,31.68568,26.58044,23.817366,20.18734,17.196014,17.035479,11.249926,11.09582,6.950116,7.1798377,8.841468,11.383918,12.627909,13.330548,14.669577,17.126846,18.712524,19.550463,20.220394,23.32851,23.041946,23.435314,24.030756,22.147476,21.044409,18.052603,15.82389,18.802422,16.278172,20.206282
5,13.763104,11.691359,7.9026227,6.080685,5.276895,0.0,6.213216,7.70194,9.914375,13.436338,17.56492,20.816444,19.34914,17.48017,13.547683,11.23467,8.138845,7.3545275,6.566487,7.1796756,10.175811,11.736118,16.115355,16.513735,20.527124,20.67731,20.331966,17.465706,15.236528,15.65422,13.540091,13.65,16.50451,13.75905,18.076088,19.04202,21.92618,22.005377,18.411608,15.742427,19.440794,17.85537,17.061771,17.615692,20.217642,18.965002,22.989258,21.113344,25.59329,29.039068,29.070051,26.961971,29.693562,30.447376,26.73022,27.797363,24.387604,23.920835,27.76771,24.223196,20.913721,24.756344,23.671827,26.592363,28.383308,30.376854,32.69251,35.330418,33.691383,31.889803,29.579468,30.616573,26.240236,29.605381,26.608326,29.52554,29.974186,29.310509,31.317492,29.145657,23.85004,21.441309,17.734228,15.670207,16.70938,10.542423,13.206328,10.118824,11.341955,13.735785,15.622654,16.093386,17.5478,19.58334,20.759438,22.07443,24.03634,24.623756,26.827934,26.543018,27.636606,28.498505,26.259842,24.841429,21.53255,18.568766,20.881092,17.447126,20.699654
6,17.632902,14.119573,11.689791,8.706254,5.4168267,6.213216,0.0,6.802759,6.574437,11.819888,15.373417,18.297483,18.505472,17.319221,14.4568615,11.788206,10.912355,8.481715,9.931147,8.808664,13.487305,12.975998,18.083817,18.462059,22.307257,21.697596,19.692099,17.443811,14.020755,16.546013,12.3602705,15.364091,17.201664,16.622286,19.794516,21.284866,24.693338,24.05401,21.228607,18.741419,20.36436,18.635044,16.516815,15.956743,19.84245,17.536304,22.17064,19.372076,24.119223,26.952034,27.277336,24.203352,28.069635,28.033684,25.073864,26.199608,21.958921,21.725107,25.055717,20.825657,17.38266,20.017395,18.327942,20.931988,22.392002,24.28178,26.509766,29.277822,27.978432,26.375242,24.442602,25.858494,21.771832,25.66694,23.011467,26.5118,27.136454,27.220592,29.39383,27.51115,22.385265,19.274628,15.882441,12.859887,13.145239,7.1054463,8.524075,6.830623,6.540848,10.035325,11.413513,10.650542,12.147251,15.44528,15.809276,16.224173,18.804699,19.92049,21.561626,20.761438,22.075628,23.103903,20.586346,18.947449,15.70816,12.380339,14.761328,11.541811,15.1844225
7,21.38404,18.930664,15.077254,13.233983,10.86196,7.70194,6.802759,0.0,4.7607727,5.7839546,11.026812,13.34969,12.521578,11.617133,7.9791408,6.9997187,7.1722603,7.5254393,10.859555,12.613625,16.318449,18.102285,22.386168,23.44862,27.100906,26.415382,25.22964,22.095097,18.721878,19.76248,15.016415,16.327616,15.284052,13.859229,16.69397,16.977425,20.997477,21.101442,18.895626,17.629768,19.523073,19.673368,17.217403,18.95755,23.304531,21.928312,26.825565,24.912235,29.50101,32.213787,31.799982,28.503462,31.629858,30.895517,27.33346,27.524925,23.490952,21.986149,24.676182,20.318893,17.415586,20.455713,19.997988,22.141636,25.229313,25.975409,29.31049,32.27581,31.438553,28.999382,27.77762,28.236435,23.78984,26.993046,23.446589,26.453705,26.006014,25.450024,26.8265,24.022005,18.631523,15.761196,12.583279,11.263659,13.639088,8.01155,13.094237,12.790207,13.175589,16.802818,17.74474,16.177961,18.06614,22.044582,21.20342,20.919199,24.685673,25.925362,26.401628,25.37914,27.448742,28.699854,25.683113,23.802387,20.15349,16.362146,17.28439,13.018997,15.051194
8,23.13275,20.13374,17.28504,14.1661825,11.558766,9.914375,6.574437,4.7607727,0.0,7.1418667,8.80598,12.144191,12.460792,11.423655,9.962239,7.15711,8.874465,7.025799,11.142034,12.129473,16.337702,17.59216,21.66811,23.229004,26.39837,25.017057,23.179928,20.071,16.167,17.929876,12.019152,14.904653,13.416619,14.041356,15.874758,17.127539,21.07843,20.301641,18.580671,17.230957,17.44898,17.421972,14.176653,15.508656,20.554684,18.92665,24.110315,22.199877,26.693813,28.955542,28.368185,24.609484,27.994438,26.7611,23.517965,23.669813,19.29669,17.914925,20.470478,15.927918,12.878019,15.842561,15.397623,17.881021,21.11195,22.408539,25.667444,28.252235,27.093311,24.438435,23.18139,23.48957,19.037281,22.300005,18.877972,22.105646,21.937523,21.800838,23.532711,21.271246,16.096848,12.859663,9.645296,7.189459,9.046249,3.8773234,9.399651,10.65377,11.535814,15.173478,15.108401,12.956554,15.823517,19.83678,17.544716,17.322863,21.924118,22.715557,22.382439,21.619783,24.30254,25.958782,23.217407,20.8661,18.157314,13.38395,14.717756,10.544498,12.749422
9,27.09304,24.664583,20.693846,19.005442,16.478685,13.436338,11.819888,5.7839546,7.1418667,0.0,7.874302,8.201547,8.008362,8.725874,6.345678,7.9613457,10.460587,11.648434,15.78822,17.969793,21.580725,23.630016,27.705904,29.07146,32.530106,31.508997,30.096823,26.831846,23.140057,24.204235,18.62506,20.10439,16.684698,16.081326,17.548326,17.054094,21.560474,21.835133,20.782097,20.592522,21.408522,22.785456,19.636929,22.171312,27.164503,25.91542,31.068079,29.30555,33.802864,36.075665,35.34096,31.484442,34.61377,32.95772,29.535233,29.048859,24.893438,22.60785,24.179926,19.500818,17.316551,19.489574,19.78347,21.061071,25.213848,24.781965,28.919659,32.042805,31.868359,28.954855,28.645329,28.542696,24.233652,27.021877,23.132366,25.931446,24.623343,24.046312,24.67874,21.264854,16.088993,13.126066,11.0685005,11.188783,14.506761,10.837398,16.394335,17.45646,17.513605,21.35375,21.79334,19.281994,21.255297,26.033382,24.079458,22.793407,27.530216,29.093485,28.417105,26.95773,29.622356,31.0779,27.65933,25.57023,21.897348,17.903925,17.518978,13.067056,13.330866
10,31.05849,28.530655,25.39256,22.38906,20.187265,17.56492,15.373417,11.026812,8.80598,7.874302,0.0,5.463466,5.8296847,5.7834945,8.884034,8.043161,12.399466,12.355886,17.064362,19.40263,22.704243,25.239979,28.2854,30.732874,33.247776,31.276274,29.761774,26.077534,22.209724,22.962437,16.60543,18.466957,12.691612,14.876709,14.03972,14.409479,18.722397,17.926989,18.307898,18.889174,17.194098,19.651981,15.719809,19.1909,24.668188,23.973314,29.200222,28.306307,32.285614,33.875305,32.31922,28.10861,30.594126,27.963474,24.606966,23.325987,19.410511,16.345863,17.02945,12.672357,11.391756,14.165932,15.992833,17.691101,22.957632,23.204407,27.528131,29.691956,28.848906,25.025158,24.844114,23.563982,19.184422,20.926758,16.631441,18.834497,17.021122,16.323383,16.838148,13.615451,8.537078,5.2616677,4.1394153,6.255402,10.182733,10.301481,15.91514,18.5509,19.87279,23.385279,22.492811,19.67846,23.106924,27.381607,23.183254,22.383324,28.34819,28.82806,26.599333,25.931635,29.755472,31.896631,29.076223,26.26525,24.222298,18.957836,18.958536,14.921694,14.566594
11,34.564087,31.93215,28.400259,25.998644,23.420218,20.816444,18.297483,13.34969,12.144191,8.201547,5.463466,0.0,5.5278645,8.346931,10.804181,12.163036,16.24538,16.884867,21.567902,23.80707,27.361885,29.567724,33.09442,35.150043,38.009228,36.232418,34.44315,31.025011,27.013596,28.16201,21.721289,23.755402,17.983536,19.520487,18.768467,18.265635,22.719011,22.444864,23.081167,23.927172,22.533815,25.10814,21.152077,24.303078,29.919779,28.916254,34.213463,32.895714,37.01324,38.493675,37.172638,32.672947,35.575397,32.61516,29.620409,28.230322,24.16729,21.05871,20.855902,16.253069,15.507154,16.40873,18.124956,18.48804,24.041117,22.767422,27.64204,30.296331,30.477985,26.768686,27.508076,26.342747,22.453709,24.249916,20.167742,22.395893,20.03352,19.63934,19.34106,15.610536,11.518646,8.699147,9.375167,11.258852,14.725513,14.571034,19.747896,22.451551,22.819437,26.56008,25.948332,22.631948,25.299784,30.328304,26.3995,24.498644,30.522606,31.785156,29.317162,27.87776,31.58916,33.556625,30.21862,27.621197,25.019863,20.39745,19.149723,15.304593,13.533372
12,32.907898,30.954153,27.07868,24.948334,22.978813,19.34914,18.505472,12.521578,12.460792,8.008362,5.8296847,5.5278645,0.0,3.712681,6.863087,9.2807455,13.179075,14.989007,19.391935,22.571157,25.355326,28.644886,31.634079,33.958904,36.70629,35.138832,34.226295,30.307838,26.756243,26.755743,21.089483,21.520405,15.258874,15.649123,14.911857,13.521786,18.015186,18.399696,19.064054,20.449835,19.965742,23.179312,19.885794,24.067057,29.111794,28.793877,33.902916,33.193974,37.24173,39.122604,37.490047,33.566555,35.642803,33.20822,29.49169,27.964783,24.552341,21.168503,21.657267,17.88491,17.00807,19.69229,21.6287,22.852768,28.252083,27.720339,32.357925,34.838295,34.405113,30.582838,30.628504,29.252111,24.928513,26.358755,21.931952,23.578194,21.143492,19.76027,19.311611,15.124731,10.481645,8.948772,8.746303,11.730296,15.828701,14.843871,20.948202,22.82338,23.960327,27.631615,27.294867,24.67222,27.620495,32.091785,28.608555,27.641357,33.31934,34.145905,32.25422,31.337198,34.905815,36.835545,33.687958,31.12502,28.354935,23.603703,23.08598,18.850407,17.998636
13,30.691479,28.978964,25.28354,22.900398,21.339045,17.48017,17.319221,11.617133,11.423655,8.725874,5.7834945,8.346931,3.712681,0.0,5.4354653,6.547027,10.465442,12.328595,16.54747,20.056023,22.417263,26.183025,28.724264,31.326872,33.833622,32.224728,31.706726,27.54903,24.260202,23.69159,18.435076,18.176657,11.779109,12.026672,11.24569,10.047181,14.590203,14.874453,15.359326,16.788218,16.499018,19.845547,16.874199,21.480726,26.18378,26.235483,31.188562,30.87365,34.788185,36.81395,34.999,31.423914,33.045654,30.96292,26.909233,25.434881,22.35478,19.011639,20.152603,16.866001,15.751158,19.56276,21.518333,23.45454,28.613785,28.911499,33.22321,35.426712,34.392643,30.544113,30.0072,28.564596,23.999994,25.297573,20.805803,22.253742,20.152197,18.40114,18.37073,14.491233,9.396449,8.332316,7.0297623,10.181719,14.31865,13.198412,19.512527,21.058647,22.854643,26.321127,25.91598,23.76433,27.086412,30.991596,27.53447,27.316954,32.814175,33.148464,31.530607,31.10463,34.657166,36.64785,33.822468,31.186352,28.690964,23.680786,23.874006,19.565636,19.46687
14,26.68435,25.212765,21.012186,19.431686,17.953545,13.547683,14.4568615,7.9791408,9.962239,6.345678,8.884034,10.804181,6.863087,5.4354653,0.0,5.0513873,7.2466545,10.366032,14.067581,17.681917,20.045847,23.721241,26.773085,28.744358,31.804665,30.842901,30.545872,26.586407,23.515131,22.979013,18.38973,17.725882,13.463386,11.419456,12.910009,11.432122,15.882103,16.874678,15.882494,16.46486,18.202278,20.522419,18.171852,22.10844,26.392714,26.153748,31.007793,30.237005,34.452194,36.992966,35.687046,32.451042,34.41897,33.123165,28.962606,28.13381,24.861788,22.149029,24.12289,20.484827,18.580723,22.359905,23.400318,25.401,29.847933,30.120047,34.185177,36.853024,35.97159,32.6627,31.813967,31.117502,26.462553,28.50091,24.236248,26.210434,24.66701,23.130945,23.518173,19.843801,14.607523,12.981764,10.625899,12.156388,15.992942,12.589272,18.924492,19.33483,20.702223,24.218063,24.609663,22.882965,25.506805,29.394516,27.340216,27.163744,31.824991,32.593185,32.053493,31.353987,34.196457,35.793,32.779686,30.551117,27.269466,22.910152,23.241663,18.764202,19.33691
15,24.276735,22.531065,19.054379,16.435028,15.144611,11.23467,11.788206,6.9997187,7.15711,7.9613457,8.043161,12.163036,9.2807455,6.547027,5.0513873,0.0,4.425713,5.9065146,10.1250305,13.613469,16.086575,19.750883,22.50424,24.871231,27.590132,26.27407,25.897036,21.816313,18.714436,18.156448,13.390715,13.016748,9.245744,8.236459,9.971847,10.246933,14.412382,14.375657,12.894652,12.721259,13.922106,15.697093,13.242817,17.089767,21.36987,21.195498,26.047342,25.4836,29.581362,32.07677,30.669039,27.552624,29.406355,28.315458,24.103899,23.524656,20.25847,17.898155,20.54727,17.150969,14.847977,19.436426,20.337744,23.065351,27.142696,28.429436,32.035652,34.27421,32.72912,29.450304,28.032187,27.36608,22.59077,24.673767,20.573347,22.644459,21.748743,20.36068,21.50466,18.608383,13.227964,11.408939,8.005211,8.498459,11.90244,8.50533,14.842149,15.329128,17.519417,20.75771,20.724062,19.33795,22.587732,25.844255,23.378067,23.965317,28.610508,28.741108,28.23809,28.096138,31.058794,32.83285,30.299175,27.871244,25.302397,20.472813,21.672878,17.368462,18.729755
16,20.383158,19.16021,15.499743,13.330277,12.776806,8.138845,10.912355,7.1722603,8.874465,10.460587,12.399466,16.24538,13.179075,10.465442,7.2466545,4.425713,0.0,4.4853315,6.9585524,11.056992,12.851785,17.032387,19.691366,21.778568,24.71254,23.946299,24.206564,20.133047,17.650997,16.465988,13.191486,11.521472,10.441177,7.0185103,10.837049,11.109466,14.52437,14.945633,12.144996,11.05551,14.374796,15.186336,13.91627,17.263842,20.571636,20.548456,24.988777,24.462595,28.575075,31.56144,30.405201,27.948532,29.589705,29.394964,24.983778,24.915157,21.98962,20.221832,23.580515,20.525078,17.894037,22.737658,23.119505,26.11955,29.520914,31.194082,34.39747,36.699333,34.923233,32.032898,30.112602,29.868254,25.088604,27.40396,23.580345,25.677431,25.245611,23.780699,25.19242,22.53693,17.26931,15.687834,12.124813,11.866125,14.460058,9.826352,15.368504,14.416519,16.829842,19.70842,20.27889,19.764738,22.627636,25.224838,23.958647,25.141827,28.87697,28.916166,29.410116,29.445135,31.823233,33.322582,30.966303,28.842308,26.03092,21.706516,23.40009,19.228468,21.278667
17,19.336567,17.38662,14.704286,11.239601,10.465117,7.3545275,8.481715,7.5254393,7.025799,11.648434,12.355886,16.884867,14.989007,12.328595,10.366032,5.9065146,4.4853315,0.0,4.729233,7.7389693,10.515229,13.87504,16.725695,19.02269,21.775566,20.564499,20.235203,16.246681,13.37599,12.930661,8.913938,8.816803,9.327548,8.233084,11.480307,13.2616,16.32532,15.6468,12.782818,10.696483,12.746061,12.331814,10.654966,13.067506,16.696644,16.269932,20.916206,20.181158,24.35166,27.220324,26.17782,23.588295,25.588509,25.469765,21.30672,21.649445,18.413881,17.249578,21.021465,17.941725,14.929744,19.853561,19.844301,23.244242,26.138477,28.50715,31.273062,33.286617,31.130665,28.41834,26.13836,26.129677,21.40996,23.997221,20.539364,22.957903,23.171152,22.185133,24.204432,22.244848,17.118467,15.1386795,11.302599,9.626619,11.140547,6.3250184,11.209031,10.389764,13.428674,16.083054,16.200113,15.868019,19.182364,21.369984,19.723457,21.38215,25.081585,24.72003,25.228277,25.584879,28.008608,29.635008,27.63879,25.379946,23.199131,18.609545,20.934933,17.118475,19.716146
18,15.397962,14.071399,11.94162,8.434772,9.251506,6.566487,9.931147,10.859555,11.142034,15.78822,17.064362,21.567902,19.391935,16.54747,14.067581,10.1250305,6.9585524,4.729233,0.0,4.757487,6.0195827,10.423769,12.741051,14.9958315,17.765146,17.078926,17.680567,13.657462,11.911432,10.361189,9.18698,7.2157536,11.436078,9.031774,13.267792,15.237939,17.284058,16.738811,12.854527,9.603176,13.443401,11.620053,11.711602,13.20114,15.15379,15.084221,18.951027,18.504358,22.480385,25.876312,25.050823,23.423351,24.947,25.935614,21.655859,22.588867,19.995096,19.560783,23.931082,21.473036,18.386932,23.495985,23.116705,26.791603,28.950172,31.86722,34.1043,35.966984,33.411945,31.103941,28.236052,28.564943,23.996883,26.594286,23.555542,25.809715,26.521502,25.448105,27.72972,26.114565,21.201612,19.558619,15.731065,13.913009,14.612783,9.949916,12.830572,10.298167,13.83681,15.57875,16.179703,17.11466,20.063091,21.028246,20.61059,23.162903,25.754555,24.977743,26.523357,27.301235,29.120358,30.496916,28.94518,26.988085,24.943394,20.923077,23.806156,20.365465,23.473951
19,13.336168,10.9780035,10.366949,5.5854874,6.6321936,7.1796756,8.808664,12.613625,12.129473,17.969793,19.40263,23.80707,22.571157,20.056023,17.681917,13.613469,11.056992,7.7389693,4.757487,0.0,4.9229074,6.13933,9.796839,11.42064,14.562911,13.9055605,13.643026,10.332469,8.507881,8.750924,8.239363,8.8461685,14.579691,13.496043,17.23489,19.669651,21.6356,20.612831,16.841076,13.176376,15.916385,12.590877,12.660132,11.7718115,13.310759,12.193035,15.895951,14.556317,18.789028,22.351753,22.207813,20.713821,22.994272,24.478212,20.834675,22.520498,19.631386,20.149704,24.698328,22.114998,18.74773,23.215626,22.044676,25.80278,26.943132,30.381659,31.949661,33.705387,30.971453,29.269226,26.04326,27.062847,22.851517,25.965067,23.59518,26.280903,27.63164,27.149359,29.846968,28.708145,23.936794,21.869345,18.091671,15.29718,14.808066,10.216054,10.492834,6.7160625,10.4850645,11.400129,12.164811,13.976093,16.61069,16.707293,17.168108,20.227463,21.910652,20.953453,23.313057,24.23817,25.5112,26.70915,25.558088,23.818867,22.17027,18.638605,22.111113,19.34924,23.03563
20,12.102761,11.435443,11.451137,7.9107027,10.520856,10.175811,13.487305,16.318449,16.337702,21.580725,22.704243,27.361885,25.355326,22.417263,20.045847,16.086575,12.851785,10.515229,6.0195827,4.9229074,0.0,6.424237,7.047748,9.557276,11.956054,11.811473,13.618308,9.903845,10.154381,7.5363827,10.5209675,8.035275,15.339916,13.308827,17.318703,19.760164,20.73608,19.88757,15.590396,11.509558,15.59002,11.903564,13.725773,13.403695,12.919186,13.159544,15.582054,15.550589,18.988836,22.896076,22.429708,22.08695,23.082516,25.436302,21.404957,23.170074,21.322233,21.945232,26.814405,25.062147,21.947897,27.02134,26.193918,30.175758,31.35319,35.072903,36.534904,38.018585,34.8885,33.12594,29.557226,30.301926,26.114862,28.692932,26.367758,28.484299,29.927254,29.008558,31.71245,30.731344,26.184275,24.723537,20.957298,18.720377,18.377005,14.433234,14.958384,11.291637,15.113782,15.353036,16.101852,18.481495,21.083813,20.260916,21.000946,24.656853,25.92509,24.39849,27.013527,28.438164,29.59466,30.740667,29.965368,28.31057,26.89309,23.478216,27.02451,24.235363,27.834146
21,10.627143,8.094043,10.563765,6.589865,8.908352,11.736118,12.975998,18.102285,17.59216,23.630016,25.239979,29.567724,28.644886,26.183025,23.721241,19.750883,17.032387,13.87504,10.423769,6.13933,6.424237,0.0,5.840472,5.6893215,9.375513,9.643272,9.469088,7.9439106,8.298981,9.283627,11.823305,12.695281,19.845974,18.914045,22.604004,25.273178,26.681631,25.489305,21.504063,17.442146,20.13832,15.613623,16.646217,13.856253,13.236868,11.645841,13.570092,11.666271,15.495182,19.579325,20.374838,20.063917,22.406212,25.139368,22.193716,24.728348,22.302656,23.833788,28.597229,26.425179,23.053751,27.031296,25.231283,29.030113,28.924896,32.995853,33.640152,35.110332,32.01232,31.130617,27.352085,29.060438,25.448547,28.723555,27.175146,29.897036,31.895844,31.722971,34.755287,34.101448,29.578342,27.503065,23.816895,20.67727,19.359217,15.449103,13.400974,8.883355,11.780717,10.585557,11.803538,15.2426405,16.91768,14.85533,17.296011,21.232843,21.039894,19.531487,23.371056,24.741177,24.977814,25.74338,25.438145,24.23143,23.200487,20.75371,24.739998,22.86535,26.959318
22,12.96816,12.295735,15.014975,11.683648,14.413957,16.115355,18.083817,22.386168,21.66811,27.705904,28.2854,33.09442,31.634079,28.724264,26.773085,22.50424,19.691366,16.725695,12.741051,9.796839,7.047748,5.840472,0.0,4.8413734,5.121724,5.1202836,8.378545,6.2581162,9.3837,7.4479427,13.184527,12.198882,20.334784,19.536354,22.83403,25.845055,26.257347,24.812346,20.775057,16.572617,19.280594,14.217263,16.753838,14.167725,11.1190195,11.232095,11.233177,11.588387,13.928429,18.208656,18.384691,19.534721,20.187912,23.939512,20.772001,23.493551,22.3037,24.154287,29.211143,28.113989,25.076471,29.708925,28.378944,32.54956,32.556236,37.165794,37.664524,38.561333,34.8016,33.731884,29.50277,30.737833,27.244564,29.779644,28.455803,30.499132,32.782345,32.299324,35.4763,35.290337,31.212677,29.75876,26.16579,23.395395,21.928722,19.080282,17.302498,13.571036,17.171389,15.75535,16.103668,19.682137,21.95678,19.104221,20.628334,25.333954,25.228802,22.694424,26.202442,28.398365,28.903229,29.87225,30.143795,28.759758,28.438671,25.62497,29.758022,27.839714,31.784721
23,9.8664875,9.141949,13.165743,10.94207,13.860287,16.513735,18.462059,23.44862,23.229004,29.07146,30.732874,35.150043,33.958904,31.326872,28.744358,24.871231,21.778568,19.02269,14.9958315,11.42064,9.557276,5.6893215,4.8413734,0.0,4.909454,7.557345,9.475556,9.570835,12.107817,11.887199,16.515968,16.27875,24.16087,22.84234,26.60519,29.28149,30.025908,28.910805,24.695747,20.497524,23.66251,18.746685,20.795122,17.7742,15.286651,14.390261,14.187928,13.050554,15.504096,19.891037,21.086205,22.221695,23.722063,27.548481,24.85789,27.754246,26.1172,28.05737,32.99857,31.374573,28.127443,32.190453,30.332212,34.20249,33.61142,38.006084,38.191376,39.39887,35.99467,35.488228,31.363478,33.215313,29.928005,32.96128,31.7799,34.217716,36.500877,36.235973,39.384262,38.974327,34.62259,32.80165,29.11816,26.107136,24.66174,21.07511,18.760662,14.372873,16.821703,14.820477,16.117048,20.085001,21.233294,17.911428,21.30827,25.686237,24.397594,22.431938,26.993845,28.75725,28.387352,28.8379,29.14614,28.311031,27.622702,25.778862,29.880129,28.305033,32.477413
24,14.206733,14.035476,17.91709,15.377805,18.182648,20.527124,22.307257,27.100906,26.39837,32.530106,33.247776,38.009228,36.70629,33.833622,31.804665,27.590132,24.71254,21.775566,17.765146,14.562911,11.956054,9.375513,5.121724,4.909454,0.0,4.308947,8.490037,9.045372,12.956405,11.78657,17.741537,17.08587,25.263615,24.527893,27.752804,30.798967,30.937819,29.452723,25.442327,21.27525,23.814077,18.544823,21.290194,18.011936,14.002499,13.974977,12.070189,12.454948,13.430765,17.754086,18.669842,20.974455,21.364727,25.955555,23.480406,26.610384,25.827185,28.179518,33.210293,32.37197,29.389479,33.67772,32.042183,36.1631,35.457294,40.37891,40.303226,40.96327,37.001972,36.473213,31.98923,33.589985,30.575779,33.100494,32.30339,34.30159,36.924423,36.621857,39.94714,40.03908,36.119026,34.655285,31.116245,28.19345,26.403324,23.776222,21.199402,17.429691,20.419115,18.197569,18.653793,22.727598,24.39685,20.435932,22.936289,27.9265,26.694332,23.831766,28.077862,30.531033,30.372618,31.030828,31.904661,30.889864,30.985466,28.831045,33.128128,31.682623,35.786102
25,17.188412,16.246881,19.632189,16.121172,18.41204,20.67731,21.697596,26.415382,25.017057,31.508997,31.276274,36.232418,35.138832,32.224728,30.842901,26.27407,23.946299,20.564499,17.078926,13.9055605,11.811473,9.643272,5.1202836,7.557345,4.308947,0.0,5.754746,5.695437,10.09931,8.983917,15.03318,15.000355,22.94687,23.218403,25.812527,29.25476,29.379229,27.41072,23.806967,19.74392,21.106703,15.595977,18.253561,14.542213,10.01429,10.24204,7.8832083,9.286902,9.995215,14.237119,14.611564,16.950869,17.075842,21.678308,19.297798,22.544441,21.952848,24.563503,29.551414,29.078701,26.280052,30.59187,29.14668,33.41923,32.819687,38.03962,37.95418,38.25574,33.977146,33.229008,28.617811,29.945024,27.036663,29.282742,28.700195,30.528357,33.354477,33.17876,36.637547,37.090576,33.496445,32.151268,28.803417,25.829882,23.681639,21.963388,19.109266,16.099771,19.621798,17.537539,17.095844,20.950146,23.343935,19.460535,20.535305,25.842802,25.286924,21.850605,25.345045,28.214024,28.620144,29.67264,30.7047,29.307634,29.98937,27.26726,31.650898,30.259125,34.215664
26,18.700478,16.296988,19.80271,15.750935,17.034784,20.331966,19.692099,25.22964,23.179928,30.096823,29.761774,34.44315,34.226295,31.706726,30.545872,25.897036,24.206564,20.235203,17.680567,13.643026,13.618308,9.469088,8.378545,9.475556,8.490037,5.754746,0.0,4.9445877,7.6135635,10.103696,13.72081,16.222382,23.3342,24.536812,26.856688,30.449715,31.294191,29.048624,25.815182,21.866978,22.091198,16.599564,17.862312,12.714362,9.747399,7.557355,6.0098286,4.0136547,6.217269,10.522722,12.05957,13.270276,15.482196,19.420137,17.996231,21.526974,19.967142,23.003517,27.660719,26.675276,23.774052,27.139715,25.129854,29.198956,27.893593,33.302467,32.781376,32.99211,28.765434,28.471449,23.853703,25.781654,23.287071,26.07372,25.981588,28.356335,31.4289,31.88883,35.49076,36.0905,32.527206,30.69721,27.524035,24.009201,21.246315,19.959312,15.688342,13.247511,16.1775,13.587914,12.508665,16.508745,18.74697,14.382845,15.339766,20.78318,19.866255,16.168896,19.912966,22.818926,23.039083,24.132498,25.45371,24.071959,25.356785,22.89694,27.406048,26.631144,30.642206
27,17.98171,15.925994,18.340433,13.847679,15.2628145,17.465706,17.443811,22.095097,20.071,26.831846,26.077534,31.025011,30.307838,27.54903,26.586407,21.816313,20.133047,16.246681,13.657462,10.332469,9.903845,7.9439106,6.2581162,9.570835,9.045372,5.695437,4.9445877,0.0,4.49236,5.1638365,9.653036,11.32896,18.612307,19.791655,22.01213,25.641457,26.367338,24.122046,20.884903,16.970655,17.280642,11.795009,13.405335,9.112519,6.0553727,5.079944,5.873086,6.344566,9.162945,13.021784,12.853949,13.328858,14.632686,18.031822,15.366744,18.449387,16.983414,19.480154,24.403805,23.548693,20.664871,24.921274,23.551437,27.871456,27.657179,32.779144,33.02659,33.410675,29.252039,28.113049,23.681143,24.837524,21.634272,24.089426,23.289736,25.404446,28.137846,28.155846,31.629858,32.030716,28.399975,26.847746,23.587942,20.41655,18.056969,16.751852,13.754082,11.4381075,15.461445,13.969919,12.798417,16.119205,19.27553,16.319101,15.882903,21.0766,21.66009,18.32916,20.926384,23.676718,24.799389,26.251022,26.881243,25.052996,25.781708,22.402285,26.72387,25.209547,29.008013
28,18.881899,16.026245,17.57367,12.606454,12.98828,15.236528,14.020755,18.721878,16.167,23.140057,22.209724,27.013596,26.756243,24.260202,23.515131,18.714436,17.650997,13.37599,11.911432,8.507881,10.154381,8.298981,9.3837,12.107817,12.956405,10.09931,7.6135635,4.49236,0.0,5.9446726,6.2126417,10.316735,16.330132,18.148624,20.140766,23.734566,25.147617,22.841013,19.951202,16.334045,15.897219,10.995455,10.987787,6.179004,6.7717986,3.8888896,8.193291,6.893453,10.997965,14.089102,13.843833,12.376045,15.088731,17.02463,14.340911,17.0494,14.422519,16.633656,21.35353,19.80214,16.71186,20.723478,19.251987,23.532614,23.605906,28.51044,29.063402,29.678244,25.817812,24.423021,20.292358,21.464643,17.961203,20.860989,19.792282,22.37619,24.919872,25.186497,28.605236,28.813805,25.02766,23.119581,19.91131,16.436962,13.882205,12.692914,9.333689,7.765635,12.040791,11.242434,9.495506,12.132671,15.863516,14.008876,12.391704,17.224495,18.778666,15.887124,17.76883,20.145933,21.781137,23.480228,23.642117,21.5179,22.1201,18.27017,22.504742,20.91051,24.617197
29,18.489298,17.030394,18.104988,13.579972,15.060946,15.65422,16.546013,19.76248,17.929876,24.204235,22.962437,28.16201,26.755743,23.69159,22.979013,18.156448,16.465988,12.930661,10.361189,8.750924,7.5363827,9.283627,7.4479427,11.887199,11.78657,8.983917,10.103696,5.1638365,5.9446726,0.0,7.0697355,6.351757,13.991194,15.007118,17.098455,20.750519,21.247845,19.036287,15.746553,11.870291,12.483279,7.1073008,9.528276,7.6017556,5.4390244,6.950413,9.280038,10.956468,13.608809,16.936491,15.55395,15.43434,15.630506,18.19903,14.246688,16.474598,15.29962,16.867071,21.971834,21.336151,18.59945,23.818197,23.25638,27.68879,28.639772,33.314247,34.34137,34.89818,30.90955,28.967268,24.885584,25.192524,21.355103,23.29521,21.659586,23.345407,25.557419,24.964838,28.202824,28.321072,24.635056,23.51022,20.18731,17.638971,16.014433,14.710011,13.740874,11.849953,16.516514,16.205206,15.143356,17.516912,21.279285,19.659208,18.198032,22.82392,24.678328,21.790672,23.35812,25.844893,27.705503,29.406471,29.413841,27.254675,27.40305,23.275877,27.220238,24.947756,28.38565
30,21.245937,18.684921,18.489893,13.55875,13.2747345,13.540091,12.3602705,15.016415,12.019152,18.62506,16.60543,21.721289,21.089483,18.435076,18.38973,13.390715,13.191486,8.913938,9.18698,8.239363,10.5209675,11.823305,13.184527,16.515968,17.741537,15.03318,13.72081,9.653036,6.2126417,7.0697355,0.0,6.728848,10.42321,13.154621,14.477323,18.11081,19.920576,17.526617,15.181469,12.25247,10.863945,7.4585533,5.577487,4.2268715,8.570865,7.854083,12.84217,12.711294,16.399632,18.77631,17.377073,14.800305,16.795286,17.023378,13.212162,14.563207,11.40043,12.139938,16.866636,15.03893,11.958145,17.109451,16.716105,21.067097,22.793531,26.97779,28.609,29.454762,25.98695,23.499334,20.084282,20.132029,15.769073,18.203606,15.934854,18.331259,20.13503,19.930079,23.081686,22.889875,18.93307,17.20883,13.950749,10.872087,8.986278,8.363887,8.113867,8.433533,12.99373,14.030288,12.2928295,12.918137,17.457355,17.720509,14.373366,17.924826,21.44448,19.309013,19.43095,21.266146,24.01234,26.08335,25.381792,22.767193,22.736647,17.792223,21.33111,18.806261,21.86807
31,20.084642,19.003387,18.27587,14.144805,15.172396,13.65,15.364091,16.327616,14.904653,20.10439,18.466957,23.755402,21.520405,18.176657,17.725882,13.016748,11.521472,8.816803,7.2157536,8.8461685,8.035275,12.695281,12.198882,16.27875,17.08587,15.000355,16.222382,11.32896,10.316735,6.351757,6.728848,0.0,8.230066,8.756578,10.869875,14.404362,15.106956,13.140547,9.72503,6.0330873,7.6147327,4.552633,6.5583997,9.185169,10.070154,11.801196,15.193624,16.636578,19.616684,22.534748,20.591892,19.47065,19.424574,20.526539,15.715896,16.488129,15.130819,14.989671,19.841728,18.984423,16.461834,22.447145,22.77838,27.025711,29.324743,33.146675,35.130688,36.068954,32.597164,29.86632,26.494396,26.01813,21.561779,23.096973,20.336784,21.689543,22.905775,21.577518,24.28507,23.697342,19.722305,19.004414,15.608857,14.074507,13.856919,12.288338,14.219171,13.094898,17.69482,18.737267,17.935455,19.061632,23.121155,23.129665,20.903769,24.47442,27.600786,25.490917,26.08399,27.953861,30.474361,32.349243,31.542107,29.120707,28.45469,23.710766,26.965746,23.854206,26.704077
32,26.629427,25.273108,23.273125,19.496925,19.310116,16.50451,17.201664,15.284052,13.416619,16.684698,12.691612,17.983536,15.258874,11.779109,13.463386,9.245744,10.441177,9.327548,11.436078,14.579691,15.339916,19.845974,20.334784,24.16087,25.263615,22.94687,23.3342,18.612307,16.330132,13.991194,10.42321,8.230066,0.0,6.3203974,4.403263,8.385779,10.259061,7.7925634,7.1683235,7.447016,4.847093,8.482501,6.645227,12.597839,15.898707,17.343262,21.514181,22.756247,25.809656,27.875782,25.345238,22.912174,22.925724,21.903433,17.028866,15.913325,14.229571,11.758085,15.30938,14.3859625,12.816319,19.103481,20.838966,24.57853,28.49105,31.304657,34.300415,35.314194,32.416843,28.715904,26.42253,24.799164,20.076502,20.730045,16.851814,17.563662,17.349648,15.252379,17.19257,15.908837,11.928512,12.048389,9.272065,9.851529,11.411509,11.738547,16.144484,17.070555,20.95588,23.139168,21.936169,21.378902,25.829508,27.484129,23.58701,25.802334,30.588348,29.05178,27.90508,29.228653,32.76308,35.01559,33.54575,30.69061,29.798512,24.317312,26.507221,22.866138,24.482359
33,23.279736,22.794767,20.045301,17.337843,17.763277,13.75905,16.622286,13.859229,14.041356,16.081326,14.876709,19.520487,15.649123,12.026672,11.419456,8.236459,7.0185103,8.233084,9.031774,13.496043,13.308827,18.914045,19.536354,22.84234,24.527893,23.218403,24.536812,19.791655,18.148624,15.007118,13.154621,8.756578,6.3203974,0.0,5.080212,6.454975,8.352328,8.3942,5.128866,5.17478,9.08244,11.392025,11.385482,16.372393,18.639778,20.081074,23.904285,24.896774,28.228636,31.031073,28.971233,27.170595,27.219303,27.169977,22.165918,21.57967,20.023512,17.96853,21.580719,20.138647,18.170082,24.119114,25.332348,28.863962,32.560993,34.95804,38.050453,39.625233,37.063816,33.716072,31.373362,30.313772,25.51173,26.71509,22.848616,23.837772,23.434277,21.188805,22.621725,20.520147,16.065622,15.986688,12.851546,13.551432,15.775487,13.479247,18.463215,17.876575,21.483591,23.748878,23.56822,23.514448,27.229431,28.887987,26.615719,28.762081,32.78247,31.751335,31.725664,32.66829,35.539146,37.38427,35.611256,33.156662,31.297373,26.409813,28.511635,24.513617,26.393593
34,28.053484,27.299818,24.777851,21.655045,21.724329,18.076088,19.794516,16.69397,15.874758,17.548326,14.03972,18.768467,14.911857,11.24569,12.910009,9.971847,10.837049,11.480307,13.267792,17.23489,17.318703,22.604004,22.83403,26.60519,27.752804,25.812527,26.856688,22.01213,20.140766,17.098455,14.477323,10.869875,4.403263,5.080212,0.0,4.326519,5.9807043,4.458802,4.697538,7.296769,7.014762,11.558366,10.836993,16.814613,19.488424,21.303259,25.167158,26.654509,29.629498,31.862549,29.222021,27.11114,26.631891,25.738674,20.718628,19.273,18.212288,15.397064,18.337944,17.703165,16.556221,22.644918,24.659409,28.120188,32.39126,34.7547,38.061462,39.24679,36.56423,32.731564,30.660347,28.85144,24.15507,24.50149,20.440475,20.667149,19.800573,17.077581,18.206703,16.276863,12.529655,13.505109,11.236635,13.004274,15.329696,15.0416565,20.066982,20.589672,24.30642,26.648685,25.81552,25.27681,29.489119,31.326635,27.8163,29.831173,34.591755,33.262596,32.2307,33.38423,36.86685,39.036507,37.3494,34.57272,33.243633,27.881044,29.7481,25.823322,27.132557
35,29.422289,28.976652,25.808702,23.380764,23.365767,19.04202,21.284866,16.977425,17.127539,17.054094,14.409479,18.265635,13.521786,10.047181,11.432122,10.246933,11.109466,13.2616,15.237939,19.669651,19.760164,25.273178,25.845055,29.28149,30.798967,29.25476,30.449715,25.641457,23.734566,20.750519,18.11081,14.404362,8.385779,6.454975,4.326519,0.0,4.6013365,6.1025248,6.83088,10.053967,11.293073,15.704286,14.978717,20.821743,23.58274,25.239237,29.176308,30.422745,33.594288,35.97276,33.46205,31.277533,30.953463,29.977406,25.00476,23.425953,22.24262,19.14818,21.516487,20.503117,19.50558,25.1746,27.2936,30.350817,34.96876,36.683475,40.361942,41.887604,39.641582,35.74291,34.042645,32.234863,27.514301,27.925226,23.642967,23.866253,22.392672,19.473547,19.83169,17.051823,13.275965,14.477319,12.620454,15.151354,18.199032,17.231895,22.903212,23.251026,26.536676,29.188652,28.741123,27.97984,31.854528,34.170643,31.031448,32.561256,37.379158,36.5111,35.55088,36.30136,39.713425,41.766956,39.711098,37.04093,35.14111,29.962502,31.363724,27.175983,28.110893
36,30.697193,30.766775,27.989042,25.57282,26.109333,21.92618,24.693338,20.997477,21.07843,21.560474,18.722397,22.719011,18.015186,14.590203,15.882103,14.412382,14.52437,16.32532,17.284058,21.6356,20.73608,26.681631,26.257347,30.025908,30.937819,29.379229,31.294191,26.367338,25.147617,21.247845,19.920576,15.106956,10.259061,8.352328,5.9807043,4.6013365,0.0,4.0153475,5.5734577,9.703814,11.220589,15.801352,16.229769,22.157587,23.895557,26.261564,29.56482,31.544916,34.23257,36.61988,33.776325,32.240437,30.964722,30.410826,25.241665,23.574682,23.402922,20.539106,23.10131,23.086878,22.309996,28.308712,30.530285,33.86144,38.309532,40.466835,43.929073,45.1437,42.47314,38.549072,36.503277,34.494713,29.88183,29.82243,25.780277,25.41362,24.182476,20.941704,21.350988,19.213665,16.352913,18.128996,16.45177,18.757162,21.286987,20.68324,25.824982,25.87701,29.58429,31.864775,31.320711,31.017887,35.059547,36.7664,33.644936,35.744884,40.33876,38.990253,38.15104,39.347385,42.74575,44.843628,43.107082,40.41181,38.82413,33.60349,35.33091,31.252308,32.38607
