,0,1,2,3,4,5,6,7,8,9,10,11,12,13,14,15,16,17,18,19,20,21,22,23,24,25,26,27,28,29,30,31,32,33,34,35,36,37,38,39,40,41,42,43,44,45,46,47,48,49,50,51,52,53,54,55,56,57,58,59,60,61,62,63,64,65,66,67,68,69,70,71,72,73,74,75,76,77,78,79,80,81,82,83,84,85,86,87,88,89,90,91,92,93,94,95,96,97,98,99,100,101,102,103,104,105,106,107,108,109,110,111
0,0.0,3.9204555,7.8923116,9.906077,13.291257,16.099688,18.552776,22.689062,25.251245,28.916956,31.73999,34.89967,33.68866,31.312094,26.953922,27.022102,22.571796,23.44577,17.203123,19.959326,16.59788,15.406052,19.146149,21.00011,21.148289,20.153036,24.753506,25.336773,28.195671,29.766905,32.818016,36.653023,38.631363,41.616917,40.637047,36.649834,40.57178,42.04013,37.47071,36.79146,42.044403,39.3589,35.798008,39.306213,42.676598,37.86302,35.617462,41.728886,43.076576,45.593098,43.04689,39.80741,44.93979,45.392097,41.384224,37.50613,36.750397,35.10779,39.77348,43.12073,39.063377,39.242313,42.95845,45.809242,42.66939,39.307297,41.088943,38.331787,34.814774,37.28416,35.284466,31.168291,31.468443,31.623512,32.39201,32.86294,29.490973,29.781075,31.035233,31.080555,30.585732,33.729282,30.149076,28.220413,30.072647,24.938854,26.90387,26.889194,26.247604,29.657568,28.501808,32.41198,33.392773,32.349945,34.314625,32.31242,33.83536,34.447933,35.032692,36.59671,38.37628,34.148266,30.304848,33.78174,35.51474,31.792307,29.755184,28.886206,25.49882,22.90036,22.466053,18.174557
1,3.9204555,0.0,5.173757,6.13778,9.473456,12.841767,14.728303,19.141544,21.556036,25.31019,28.268824,31.33685,30.108284,27.91634,23.25368,23.726078,19.256655,20.538155,14.181536,17.657524,15.009253,14.138677,18.750221,19.361343,19.062857,17.522839,22.064365,22.188091,25.053812,26.339788,29.50722,33.148003,34.986668,38.172592,37.37075,33.5304,37.569286,38.900238,34.479942,34.005314,39.25919,36.560257,33.179733,36.904064,40.141617,35.509823,33.513336,39.669544,41.007927,43.29704,40.539097,37.855152,42.763374,42.9125,39.006973,35.06924,34.056145,32.328533,37.144825,40.309948,35.978348,36.17426,39.863987,42.62786,39.31494,35.899433,37.723385,34.863213,31.473772,34.252792,32.12097,27.885828,28.520374,29.088722,29.914148,30.7685,27.589634,27.829487,29.748589,29.538582,29.530842,32.893524,29.422037,27.057507,28.752903,23.445042,24.817291,24.489195,23.895042,27.021374,25.806208,29.570045,30.584633,29.854872,31.919233,30.476725,31.81644,32.882748,33.481453,35.56018,37.003708,32.695633,29.227283,33.09879,35.05011,31.351812,29.016085,28.165157,24.140219,21.735212,20.587008,16.49973
2,7.8923116,5.173757,0.0,5.571195,7.1132975,9.200862,12.155687,15.541577,18.800508,21.979383,25.182703,28.06255,27.233034,25.118267,21.096684,22.00766,17.777168,20.16532,13.888811,18.680334,16.878492,17.035736,22.007883,21.917988,21.477627,19.330793,23.122482,22.661835,24.907173,26.08318,28.210548,32.221165,33.171078,36.75215,35.66184,31.800058,35.903053,37.68218,33.58834,32.968998,38.33969,36.38121,32.97036,36.548374,40.003773,36.152206,34.002758,39.920673,41.718025,43.5831,40.991947,39.069542,43.893967,43.701317,40.214054,36.44805,34.771736,33.345078,38.47839,40.936626,36.189304,36.926903,40.57953,42.984158,39.187866,35.87374,38.10996,35.0984,31.909515,35.39628,33.225903,28.791834,29.94615,31.356533,32.005325,33.53595,30.558905,30.436678,33.04203,32.171623,32.492523,35.812614,32.153847,29.290792,30.353516,25.150637,25.628475,24.247086,22.957952,25.620527,23.538725,27.111013,27.527016,26.688976,29.134335,27.797539,29.923183,30.877583,32.416878,34.529514,36.317875,32.436226,28.980196,32.730484,34.504517,30.504877,28.239222,26.466877,22.677292,19.721128,18.104216,13.870182
3,9.906077,6.13778,5.571195,0.0,3.834639,7.760965,8.789369,13.45042,15.473029,19.379906,22.308529,25.360975,24.039892,21.967936,17.117693,17.88022,13.447152,15.411368,9.106088,13.879541,12.758805,12.932066,18.39844,17.109982,16.29614,13.889925,17.745955,17.200796,19.733927,20.841612,23.691801,27.340345,28.908232,32.243164,31.511898,27.813383,31.961193,33.223408,29.018467,28.730383,33.97784,31.468025,28.277979,32.1778,35.303123,31.152586,29.394201,35.4694,36.930054,38.818714,35.92599,34.125988,38.738964,38.460342,34.871925,31.016335,29.438303,27.845383,32.945023,35.547127,30.850077,31.42206,35.091946,37.578545,33.936436,30.595999,32.807602,29.931257,26.525843,29.889809,27.925512,23.517365,24.425081,25.996826,26.496853,28.2349,25.343363,25.12868,28.10796,27.127478,27.815805,31.308537,27.931404,24.867634,26.056458,20.732883,20.978298,19.95752,19.33289,21.958946,20.67582,24.19651,25.315443,25.052935,27.158188,26.573393,27.528204,29.26059,29.846779,32.648415,33.583946,29.282898,26.44713,30.794394,33.023727,29.464527,26.736624,25.999739,21.092606,19.196636,16.971577,13.623667
4,13.291257,9.473456,7.1132975,3.834639,0.0,5.525242,5.3030386,10.06971,12.3325205,16.065966,19.375484,22.167501,21.04708,19.318933,14.338985,16.05019,11.905042,14.974643,9.293666,14.957084,14.950409,15.634572,21.228527,19.013414,17.814497,14.865163,18.038866,16.675983,18.833658,19.423862,21.91829,25.397436,26.348202,30.12861,29.50471,26.021427,30.285078,31.571627,27.7426,27.63168,32.843376,30.659447,27.722122,31.699482,34.722622,31.124573,29.595846,35.4865,37.07816,38.57463,35.57965,34.604908,38.895004,38.214157,34.923325,31.142017,29.114964,27.559423,32.796375,34.938007,29.85673,30.600548,34.157257,36.399914,32.42237,29.07838,31.415714,28.365234,25.317549,29.233032,27.069561,22.569054,24.116335,26.309273,26.87212,29.077578,26.551178,26.255493,29.854755,28.5714,29.707106,33.24573,29.999952,26.602623,27.428263,22.250525,21.639824,19.921824,19.06871,21.04114,19.30387,22.449375,23.277685,23.328564,25.687193,25.71918,26.850546,28.885784,29.886927,33.028996,33.838387,29.754625,27.2974,31.737993,33.98191,30.401773,27.59444,26.49901,21.436588,19.557867,16.62385,13.746638
5,16.099688,12.841767,9.200862,7.760965,5.525242,0.0,6.079294,6.9763665,10.432308,13.223957,16.090363,19.118816,18.316572,16.033289,13.056492,13.827417,10.270267,14.031678,9.314335,15.256799,15.684517,17.483097,22.682554,20.689466,20.009644,17.182766,18.980011,17.80535,18.689634,20.007853,20.269196,24.898302,24.98686,28.602375,27.12571,23.29832,27.416117,29.549702,25.887156,25.202244,30.550024,29.470892,26.192482,29.604313,33.110264,30.443525,28.337816,33.77249,36.03133,37.202034,34.816444,34.204327,38.660366,37.935707,35.20567,31.897657,29.220406,28.458445,33.90352,35.09619,30.003414,31.801458,35.350468,37.09153,32.76837,29.893986,33.063286,30.279377,26.974936,31.287745,29.833899,25.393188,26.581724,29.55231,29.327267,32.176823,29.581257,28.516634,32.304077,30.103102,31.154703,34.32607,30.708578,27.00182,26.996918,22.285341,21.004433,18.152857,16.282011,17.941406,15.226707,18.395063,18.658733,18.303043,20.886732,20.70864,22.585253,24.306368,26.185019,29.134884,30.409178,26.900785,24.330088,28.433674,30.43169,26.671116,24.010843,22.190355,17.469702,15.266705,11.953222,9.439266
6,18.552776,14.728303,12.155687,8.789369,5.3030386,6.079294,0.0,5.9695816,7.2743,11.153313,14.656725,17.202595,16.055286,14.802789,9.396267,12.319482,8.949484,13.116274,9.338307,15.140114,16.69261,17.984686,23.503498,19.993616,18.394222,14.990628,16.831484,14.503344,15.939641,15.908318,17.8651,21.046778,21.40412,25.545475,25.135006,22.027752,26.370653,27.49528,24.154232,24.3756,29.39548,27.51008,25.01088,29.084036,31.827402,28.940027,27.829603,33.392475,35.03895,36.022243,32.894302,33.01478,36.791397,35.60636,32.75902,29.179705,26.586678,25.183903,30.507206,31.955414,26.509014,27.593552,30.97881,32.84219,28.5076,25.286951,27.950703,24.8826,22.117579,26.658533,24.6226,20.164513,22.180807,25.325323,25.650492,28.588287,26.556654,25.949026,30.333773,28.511093,30.25328,33.765594,30.800234,27.005913,27.337296,22.542685,20.779997,18.358427,17.536135,18.503191,16.66766,19.12848,19.942133,20.70597,23.086643,24.253614,24.959986,27.66145,28.680971,32.4422,32.70935,28.832632,27.177006,31.828545,34.22281,30.915117,27.912395,26.92382,21.433588,20.20642,16.444792,14.90167
7,22.689062,19.141544,15.541577,13.45042,10.06971,6.9763665,5.9695816,0.0,4.820309,6.4879413,10.137961,12.584778,12.126295,10.761522,8.206721,10.967019,9.31355,14.27015,12.230896,17.8348,19.880718,21.977577,27.140356,23.704786,22.46356,19.192696,19.613693,17.261093,17.156662,17.45445,16.644243,20.695198,19.504072,23.794783,22.609745,19.462198,23.645922,25.615196,22.881823,22.692904,27.65263,27.14068,24.603674,28.06447,31.103819,29.530872,28.086042,32.956413,35.25047,35.661896,33.093918,34.045044,37.698742,36.25237,34.15559,31.135166,27.786594,27.177505,32.582836,32.85504,27.30972,29.449991,32.64881,33.836853,29.057747,26.404045,29.838642,27.022484,24.390085,29.412487,27.96267,23.734638,25.661148,29.58056,29.289522,32.844013,30.933313,29.714378,34.359177,31.74133,33.53786,36.71112,33.543724,29.465364,28.95766,24.773607,22.163149,18.516743,16.726389,16.699396,13.624921,15.413891,15.271485,16.092281,18.862778,20.524157,21.972433,24.58215,26.648748,30.377766,30.937832,27.83991,26.413986,30.669567,32.79356,29.437422,26.625631,24.865812,19.877464,18.583832,14.366634,13.931559
8,25.251245,21.556036,18.800508,15.473029,12.3325205,10.432308,7.2743,4.820309,0.0,4.619641,7.61214,10.150475,8.784049,7.925535,3.4326427,7.660876,7.232146,11.998937,11.888322,16.56473,19.601355,21.733871,26.674881,22.256313,20.69512,17.36559,16.845362,13.949249,13.371698,13.128458,12.405903,15.915518,14.942586,19.283567,18.625355,15.901086,20.196144,21.497736,18.950018,19.329718,24.008709,23.120464,21.097698,24.859186,27.39604,25.948603,25.107718,29.849693,31.82701,32.019234,29.132711,30.71516,33.88511,32.140533,30.201984,27.274937,23.756193,23.128424,28.43534,28.448326,22.782745,24.986546,28.068773,29.113405,24.278423,21.69951,25.319843,22.677206,20.046793,25.227297,24.1009,20.10283,21.98226,26.388199,25.85649,29.78952,28.257786,26.879494,31.932302,29.11762,31.36246,34.52844,31.794638,27.608015,27.005398,23.151918,19.932001,16.397411,15.36721,14.633626,12.630651,13.7517805,14.515326,16.319351,18.493196,21.216059,21.264303,24.716017,25.808962,30.190271,29.822485,26.53293,25.973886,30.587421,33.03735,30.210627,27.12476,26.306398,20.678377,20.466719,16.108177,16.614342
9,28.916956,25.31019,21.979383,19.379906,16.065966,13.223957,11.153313,6.4879413,4.619641,0.0,4.5476427,6.1860833,5.9918623,6.1050878,6.321586,9.744078,10.860058,15.413558,15.984703,20.46936,23.577227,25.971384,30.747211,26.431753,25.013271,21.780777,20.698904,17.82722,16.430344,16.09434,13.401606,16.905968,14.214753,18.812086,17.721142,15.419528,19.373697,21.214787,19.574343,19.785275,24.0875,24.354794,22.592903,25.783566,28.322998,28.012781,27.119305,31.162638,33.51267,33.172142,30.673033,33.039696,35.905113,33.879032,32.567177,30.082554,26.139801,25.9848,31.133034,30.281305,24.632013,27.39015,30.157042,30.636106,25.547375,23.461407,27.373245,24.900017,22.757954,28.148863,27.228172,23.528198,25.567013,30.291702,29.584127,33.76854,32.42417,30.846174,36.014755,32.873898,35.17578,38.136497,35.37522,31.09783,30.029444,26.632727,23.000853,18.879679,17.313492,15.680818,12.875836,12.836642,12.524934,14.683105,17.087318,20.473997,21.05731,24.423819,26.320944,30.635183,30.418339,27.831617,27.545397,31.765488,33.971554,31.181095,28.312717,26.930178,21.899315,21.637602,17.219297,18.361769
10,31.73999,28.268824,25.182703,22.308529,19.375484,16.090363,14.656725,10.137961,7.61214,4.5476427,0.0,3.8907769,2.9724603,2.3016078,7.6623697,8.632773,11.44785,15.090249,17.26493,20.737465,24.268372,27.027494,31.2696,26.843653,25.693588,22.790335,20.622633,18.1106,15.631225,15.879912,10.902955,15.152618,11.894699,15.697228,13.800426,11.491142,15.172313,17.50154,16.281876,16.252024,20.267576,21.426565,19.77452,22.42681,24.980007,25.595217,24.62597,28.003948,30.636532,29.915836,27.8639,30.75188,33.413826,31.302315,30.568724,28.633518,24.311867,24.86982,29.851866,28.145662,22.801802,26.418852,29.03406,29.02988,23.926619,22.514557,27.067093,25.170954,22.734476,27.98925,27.95909,24.636723,25.978426,31.079111,29.681808,34.238472,32.96395,30.852894,36.061684,32.34366,34.68618,37.29686,34.613274,30.271399,28.654362,25.975355,21.822227,17.32807,15.687375,13.110149,10.575749,9.300989,9.159739,12.099636,13.914161,18.211454,18.02374,21.777912,23.453167,28.002775,27.3648,25.219107,25.590107,29.63152,31.838915,29.49284,26.650356,25.660887,20.722479,21.275408,16.995283,19.24382
11,34.89967,31.33685,28.06255,25.360975,22.167501,19.118816,17.202595,12.584778,10.150475,6.1860833,3.8907769,0.0,3.0101228,5.800252,10.096024,12.130401,15.018948,18.644283,20.839155,24.355839,27.978573,30.622591,34.94159,30.27855,28.925592,25.9275,23.719854,20.86345,18.382717,17.86163,13.049371,15.889293,11.337041,15.629927,14.267771,13.171394,16.301632,18.264204,18.08568,18.456903,21.749731,23.246279,22.241117,24.727901,26.807243,28.005642,27.462576,30.401197,32.91789,31.795074,29.685667,33.30482,35.43434,32.963142,32.57959,30.8123,26.405468,26.901007,31.604204,29.510614,24.124346,27.618065,29.858242,29.501947,24.296144,23.095991,27.457619,25.559502,23.869919,29.264631,29.046106,25.997803,27.827948,33.05359,31.866135,36.48414,35.54493,33.589275,38.978348,35.34695,37.905678,40.531998,38.06072,33.724503,32.089523,29.552364,25.26711,20.882565,19.41112,16.536945,14.159321,12.208655,11.475007,14.592141,16.336239,21.016842,20.955538,24.671364,26.54552,31.093681,30.322151,28.4936,29.15505,33.048138,35.169613,32.922478,30.182865,29.013498,24.369392,24.843172,20.598803,22.783377
12,33.68866,30.108284,27.233034,24.039892,21.04708,18.316572,16.055286,12.126295,8.784049,5.9918623,2.9724603,3.0101228,0.0,3.973609,7.8993983,9.570207,12.799348,16.077168,18.786661,21.8916,25.729183,28.344412,32.53075,27.655748,26.273293,23.35698,20.895014,18.05472,15.431606,14.98123,10.106932,13.173433,9.2386055,13.476298,12.275293,10.929369,14.459106,16.06072,15.469676,16.058542,19.53427,20.51806,19.5155,22.29914,24.294462,25.157398,24.756113,27.904507,30.239359,29.2615,26.948196,30.45774,32.610176,30.1845,29.649311,27.816679,23.435799,23.910221,28.65553,26.694483,21.2716,24.806013,27.16731,26.946373,21.770454,20.498941,25.018856,23.226414,21.190113,26.514013,26.53231,23.50949,25.04495,30.322216,28.969471,33.642025,32.708805,30.670145,36.07719,32.41195,35.03526,37.663708,35.30924,30.984844,29.410534,26.915737,22.560709,18.354109,17.261326,14.375438,12.676891,10.921307,11.218474,14.508082,15.919366,20.618519,19.793213,23.862047,25.031227,29.83802,28.694675,26.512045,27.355228,31.511599,33.842773,31.754261,28.83472,28.21681,23.119068,23.966063,19.706106,21.963688
13,31.312094,27.91634,25.118267,21.967936,19.318933,16.033289,14.802789,10.761522,7.925535,6.1050878,2.3016078,5.800252,3.973609,0.0,7.407225,6.8394647,10.178895,13.33485,16.115255,19.099049,22.76623,25.638098,29.642933,25.214928,24.209215,21.482012,18.963211,16.732372,13.936691,14.705885,9.0828705,14.100703,11.486688,14.664894,12.408481,9.577241,13.435098,15.901516,14.292242,14.08825,18.313414,19.439539,17.58269,20.21474,22.90366,23.463564,22.364553,25.764566,28.449163,27.811958,25.856268,28.581133,31.37075,29.38684,28.65057,26.803587,22.445915,23.223938,28.230886,26.473877,21.281712,25.158737,27.872845,27.895624,22.896172,21.602926,26.377775,24.693913,21.851803,26.929026,27.276155,24.005325,24.880219,30.008244,28.308296,32.932823,31.569162,29.241886,34.380745,30.475916,32.767,35.26872,32.580166,28.234612,26.494446,23.994434,19.735632,15.181633,13.614418,10.874829,8.734205,7.4505033,8.162095,11.220997,12.646727,17.00764,16.210772,20.206272,21.443563,26.14398,25.283905,23.027855,23.559837,27.689556,30.00047,27.819891,24.892273,24.30496,19.147135,20.108692,15.911457,18.470455
14,26.953922,23.25368,21.096684,17.117693,14.338985,13.056492,9.396267,8.206721,3.4326427,6.321586,7.6623697,10.096024,7.8993983,7.407225,0.0,6.010445,6.7776375,10.671188,12.1060095,15.747063,19.393497,21.502405,26.147211,21.119402,19.387693,16.151798,14.842075,11.634908,10.615883,9.975978,9.475488,12.526459,12.114862,16.286156,16.093073,13.703591,18.021534,18.69388,16.177603,17.034447,21.463709,20.142233,18.513683,22.517746,24.647264,23.18905,22.817963,27.475979,29.167877,29.256216,26.121487,28.081253,30.914408,28.997368,27.1364,24.280577,20.671507,20.04171,25.266317,25.128065,19.409658,21.685696,24.719358,25.695002,20.86244,18.344849,22.169807,19.743809,16.956385,22.180824,21.438644,17.672903,19.318577,24.064398,23.265173,27.466908,26.194565,24.659952,29.946486,26.984436,29.5222,32.645138,30.247326,26.038502,25.388182,21.842014,18.254396,14.979988,14.659014,13.517555,12.616517,13.305035,14.849367,17.157892,18.782696,22.02653,21.03336,24.986635,25.264547,30.031519,28.992498,25.542841,25.593647,30.41356,33.080795,30.658688,27.417313,27.313618,21.340977,21.84724,17.570206,18.561409
15,27.022102,23.726078,22.00766,17.88022,16.05019,13.827417,12.319482,10.967019,7.660876,9.744078,8.632773,12.130401,9.570207,6.8394647,6.010445,0.0,4.496171,6.563888,10.364339,12.445365,16.44018,19.223894,23.069794,18.402,17.450657,14.914924,12.252927,10.513461,7.94914,10.088328,6.571145,12.492131,13.101711,15.321596,13.705104,10.002756,14.27468,15.764441,12.209387,12.125582,17.16507,16.277193,13.665185,17.317762,20.166056,18.824068,17.605906,22.234884,24.422842,24.701664,22.236668,23.598967,27.041615,25.60354,23.929852,21.526457,17.649773,18.072645,23.415493,22.811953,17.747705,21.198662,24.460955,25.278727,20.766912,18.950089,23.570557,21.954735,18.022966,22.566063,23.183846,19.702614,19.64943,24.440685,22.487495,26.934376,25.206553,22.766443,27.72801,23.909088,26.09961,28.769833,26.068771,21.7397,20.43666,17.470312,13.417859,9.401528,8.910411,7.5855103,7.7657447,9.014381,11.788574,13.840556,14.664387,17.704603,15.666267,19.858934,19.4256,24.33531,23.045292,19.544275,19.84456,24.691628,27.465633,25.398384,22.073345,22.70434,16.504826,17.997051,14.063516,16.136349
16,22.571796,19.256655,17.777168,13.447152,11.905042,10.270267,8.949484,9.31355,7.232146,10.860058,11.44785,15.018948,12.799348,10.178895,6.7776375,4.496171,0.0,4.9915614,6.0911956,9.616505,13.038629,15.609442,20.036318,15.751507,14.761877,11.95026,10.863066,9.381766,8.757373,10.931881,10.501404,15.524982,16.79185,19.361364,18.122274,14.389632,18.5785,19.913544,15.939848,15.75694,20.948195,19.272495,16.299915,20.190556,23.196253,20.651333,19.170681,24.531641,26.47251,27.379152,24.712547,24.898869,28.861292,27.839947,25.430288,22.445307,19.268522,18.987013,24.476694,25.007574,20.004984,22.541622,26.07678,27.512745,23.272558,20.859835,24.825668,22.793806,18.72352,23.017632,22.960135,19.011473,19.087973,23.19968,21.762932,25.659557,23.504381,21.4863,26.126965,22.880394,24.742157,27.738136,24.747158,20.545357,19.936844,15.988098,12.973193,9.74967,9.265017,9.947996,9.648761,12.251953,14.56006,15.750281,17.028967,18.823736,17.601728,21.130716,20.842455,25.258934,24.578482,20.584766,19.86984,24.85071,27.607702,25.080837,21.739964,22.166103,15.822849,16.54997,12.719989,13.564998
17,23.44577,20.538155,20.16532,15.411368,14.974643,14.031678,13.116274,14.27015,11.998937,15.413558,15.090249,18.644283,16.077168,13.33485,10.671188,6.563888,4.9915614,0.0,6.397085,5.9940624,10.34298,13.096994,16.588783,11.946955,11.415894,9.477814,6.9261317,7.2217107,6.273799,10.216323,10.2837305,15.293144,18.02261,19.240025,17.988253,14.183894,17.879662,18.755037,14.040806,13.743692,18.810762,16.266634,12.880975,16.927233,19.9154,16.453121,14.787812,20.57947,22.237368,23.639055,21.011206,20.2903,24.63221,24.076582,21.372936,18.438704,15.593007,15.632102,21.028233,21.860537,17.567648,20.264256,23.946531,25.563951,21.929375,19.812424,23.878927,22.459465,17.643307,21.045275,21.957712,18.435822,17.067429,20.966343,18.69676,22.637869,20.24231,17.60906,22.024712,18.30387,20.075783,22.897346,19.964546,15.704093,15.044606,11.276083,8.027942,5.7046175,7.0597577,8.709147,10.704803,13.396023,16.614363,17.679815,18.06264,19.535412,16.897087,20.600279,18.750862,23.321367,21.914255,17.337816,17.053375,22.332115,25.406565,23.476807,19.970974,21.763565,15.145966,16.97933,13.9988,15.245835
18,17.203123,14.181536,13.888811,9.106088,9.293666,9.314335,9.338307,12.230896,11.888322,15.984703,17.26493,20.839155,18.786661,16.115255,12.1060095,10.364339,6.0911956,6.397085,0.0,6.08166,7.811021,10.034451,14.989427,11.74583,11.170887,8.690357,10.076541,10.140538,11.557836,14.070074,15.743185,20.22159,22.433334,24.699879,23.604273,19.721788,23.658262,24.83995,20.315369,19.898779,25.103052,22.608406,19.215189,23.085613,26.242743,22.326786,20.446344,26.440495,28.03909,29.784424,27.110357,25.59272,30.228935,29.927668,26.715096,23.278666,21.160273,20.353062,25.675045,27.482502,23.039871,24.68868,28.455397,30.550724,26.922136,24.168234,27.413162,25.285553,20.923393,24.322916,23.930971,19.81815,19.359577,22.199661,21.117304,24.070517,21.214687,19.59109,23.34541,20.8175,21.963768,25.175407,21.812288,18.01599,18.35833,13.421069,12.374804,10.955241,10.912773,13.549544,13.614027,17.096176,19.317364,19.601704,20.857065,21.126509,20.285093,22.961203,22.287449,25.95477,25.799746,21.251186,19.427874,24.39285,27.128891,24.332346,21.07296,21.776276,15.593286,15.710158,12.907451,12.06291
19,19.959326,17.657524,18.680334,13.879541,14.957084,15.256799,15.140114,17.8348,16.56473,20.46936,20.737465,24.355839,21.8916,19.099049,15.747063,12.445365,9.616505,5.9940624,6.08166,0.0,4.713112,7.30857,10.651251,6.666833,7.1362863,6.5003157,6.4572678,9.049149,10.343169,13.984794,15.953573,20.170914,23.64142,24.592901,23.539167,19.761745,23.09851,23.755102,18.755049,18.284094,23.050398,19.717728,16.147835,19.91015,22.862122,17.947063,15.944142,22.2221,23.36004,25.698772,23.1383,20.413754,25.430971,25.738852,22.199596,18.883425,17.43331,16.936968,21.882536,24.085114,20.640688,22.331776,26.145197,28.395756,25.528175,23.178993,26.456604,25.071627,20.04114,22.302929,23.068691,19.605026,17.452057,19.888306,17.773727,20.652588,17.462633,15.03335,18.329348,15.226655,16.124208,19.166452,15.807919,11.94761,12.550876,7.4424396,7.25996,8.242476,10.021289,13.243412,15.26545,18.556936,21.621597,21.974327,22.30436,22.462643,20.06865,22.913586,20.475069,24.217897,23.172796,18.059013,16.778728,21.969534,25.0566,23.099833,19.716036,22.111374,15.828082,17.351376,15.528621,15.567455
20,16.59788,15.009253,16.878492,12.758805,14.950409,15.684517,16.69261,19.880718,19.601355,23.577227,24.268372,27.978573,25.729183,22.76623,19.393497,16.44018,13.038629,10.34298,7.811021,4.713112,0.0,3.658775,7.351099,6.6092362,8.210981,8.5377865,10.542615,13.215066,15.019792,18.39738,20.535202,24.832634,28.181694,29.274046,28.040737,24.06916,27.336348,28.29503,23.244976,22.455395,27.241703,24.059278,20.30166,23.629995,26.803904,21.641888,19.220098,25.390247,26.53972,29.256975,27.011269,23.322565,28.694277,29.47632,25.703836,22.374495,21.527943,20.88857,25.496664,28.197302,25.085163,26.388762,30.19988,32.67668,30.02932,27.559021,30.463606,28.942762,24.030767,25.907053,26.308565,22.790108,20.680511,22.119686,20.448637,22.39403,18.74292,16.817162,18.852798,16.565556,16.412086,19.342894,15.487669,12.429499,13.7509165,8.467628,10.549872,11.952192,12.956464,16.768417,18.176857,21.886145,24.574139,24.310886,24.807247,23.917757,22.289759,24.268646,22.133244,24.978859,24.72968,19.679766,17.293442,22.00806,24.827776,22.55799,19.484682,21.703539,16.117315,16.907026,16.015078,14.989296
21,15.406052,14.138677,17.035736,12.932066,15.634572,17.483097,17.984686,21.977577,21.733871,25.971384,27.027494,30.622591,28.344412,25.638098,21.502405,19.223894,15.609442,13.096994,10.034451,7.30857,3.658775,0.0,5.669948,5.8402557,7.278643,8.26844,11.707446,14.318059,16.947296,19.7498,23.08099,26.66721,30.376255,31.59413,30.809538,27.064518,30.38057,30.918882,25.89815,25.43876,30.041365,26.283045,22.855724,26.390112,29.186153,23.47703,21.533386,27.780642,28.413584,31.363943,28.792967,24.730536,29.924654,30.834743,26.659767,23.036413,22.863066,21.642971,25.908695,29.370802,26.427544,26.938906,30.708523,33.536556,31.220827,28.504887,30.797873,29.190722,24.458256,25.830645,25.85011,22.446854,20.322256,20.841291,19.717812,20.857721,17.035133,15.821398,17.2045,16.018688,15.628714,18.852142,15.374915,13.0472355,15.341218,10.114816,12.999232,15.149321,16.500427,20.1874,21.649895,25.302767,27.991543,27.811674,28.405676,27.51917,25.935947,27.87963,25.607244,28.318369,27.992168,22.857473,20.512285,25.064781,27.835808,25.636063,22.7031,24.942516,19.609089,20.104887,19.320568,17.76338
22,19.146149,18.750221,22.007883,18.39844,21.228527,22.682554,23.503498,27.140356,26.674881,30.747211,31.2696,34.94159,32.53075,29.642933,26.147211,23.069794,20.036318,16.588783,14.989427,10.651251,7.351099,5.669948,0.0,6.682437,9.569132,12.13754,14.258232,17.793806,19.94013,23.191427,26.128778,29.681154,33.860268,34.245987,33.293884,29.599358,32.3733,32.79782,27.674051,26.980423,31.085102,27.166153,23.709211,26.610258,29.267305,23.162912,20.982075,26.832783,27.12876,30.597878,28.526987,23.167892,28.629616,30.291634,26.042448,22.878899,23.47981,22.68978,26.182049,29.832012,27.955723,28.513237,32.130917,34.96432,33.307587,31.018091,33.274685,32.231846,27.258364,27.697517,28.544594,25.752752,22.603916,22.482018,20.670362,21.225784,17.200098,15.531985,15.173812,14.02285,12.270941,14.808676,11.075472,10.051748,13.003134,9.029847,13.547365,16.92568,18.692684,22.5222,24.695581,28.243599,31.203468,30.849821,30.907997,29.621313,27.390985,28.998777,25.750647,27.919106,27.306845,22.17789,19.942001,23.985535,26.724327,25.235182,22.582586,25.873428,21.16161,22.321775,22.402925,21.32387
23,21.00011,19.361343,21.917988,17.109982,19.013414,20.689466,19.993616,23.704786,22.256313,26.431753,26.843653,30.27855,27.655748,25.214928,21.119402,18.402,15.751507,11.946955,11.74583,6.666833,6.6092362,5.8402557,6.682437,0.0,3.2901692,6.2957444,7.8966956,11.446197,13.926454,16.799171,20.654354,23.422602,27.944834,28.392622,28.064041,24.817492,27.775017,27.513306,22.537016,22.543058,26.53648,21.960917,19.03956,22.771744,24.871222,18.581636,17.391623,23.658684,23.595139,26.676935,23.7589,19.55977,24.462433,25.427057,21.045929,17.387756,17.720028,16.442327,20.345707,24.068825,21.701515,22.041512,25.727188,28.59615,26.805103,24.379639,26.633749,25.604284,20.583712,21.224665,22.167076,19.39057,16.13645,16.778183,14.710832,16.246174,12.489126,10.384337,12.323275,10.389583,10.735882,14.305474,11.562728,8.856497,11.630514,6.776919,9.627883,13.268922,15.924374,19.047195,21.709747,24.790096,28.080029,28.494635,28.5711,28.550192,25.654688,28.340208,24.90823,28.289253,26.743647,21.370094,20.34923,25.228167,28.368841,26.977554,23.80635,27.037258,21.228151,22.855087,21.700867,21.262247
24,21.148289,19.062857,21.477627,16.29614,17.814497,20.009644,18.394222,22.46356,20.69512,25.013271,25.693588,28.925592,26.273293,24.209215,19.387693,17.450657,14.761877,11.415894,11.170887,7.1362863,8.210981,7.278643,9.569132,3.2901692,0.0,3.6175847,6.4038086,9.186306,12.441639,14.540469,19.495703,21.549795,26.178774,26.997982,27.181976,24.237867,27.424397,26.767515,21.995329,22.492426,26.453575,21.543617,19.086723,23.302841,25.036829,18.789816,18.309595,24.627613,24.338497,27.132204,23.666744,20.313408,24.663685,25.148212,20.667126,16.6124,16.877241,14.917601,19.006695,23.012903,20.169662,19.956718,23.6653,26.704817,24.805353,22.05459,23.983719,22.718058,17.875494,18.681265,19.146805,16.227226,13.300239,14.043392,12.492602,14.222454,10.713428,9.209159,12.294718,10.943282,12.284062,16.16572,14.116682,11.351603,13.929052,9.228145,10.74172,13.890164,16.652655,19.325544,21.857819,24.726278,27.992086,28.749458,29.034807,29.536005,26.703562,29.752005,26.581978,30.344099,28.64138,23.296614,22.573956,27.645454,30.831753,29.301426,26.015663,28.893438,22.792347,24.233505,22.527893,22.006931
25,20.153036,17.522839,19.330793,13.889925,14.865163,17.182766,14.990628,19.192696,17.36559,21.780777,22.790335,25.9275,23.35698,21.482012,16.151798,14.914924,11.95026,9.477814,8.690357,6.5003157,8.5377865,8.26844,12.13754,6.2957444,3.6175847,0.0,5.5467863,6.7970867,10.58087,12.179336,17.457676,19.52568,23.73474,25.196608,25.485096,22.54838,26.089314,25.550072,20.945652,21.602879,25.857038,21.257633,18.8672,23.381454,25.228767,19.572117,19.173159,25.509005,25.560991,27.905716,24.258602,21.949968,26.046919,25.98911,21.792692,17.652273,17.12819,15.006735,19.651815,23.209875,19.526619,19.435715,23.210136,26.124454,23.638628,20.589638,22.663607,20.93065,16.280546,18.072115,17.868639,14.351671,12.510871,14.151435,13.200968,15.52353,12.558928,11.465885,15.383315,13.937117,15.70101,19.532797,17.391254,14.202549,16.114761,11.212721,11.412309,13.2940445,15.658324,18.008533,20.02004,22.825092,25.87898,26.808556,27.420094,28.256214,25.836737,29.068325,26.556046,30.567728,29.07678,23.8789,23.107744,28.322712,31.465239,29.582209,26.211935,28.455692,22.14522,23.238918,20.983145,20.367548
26,24.753506,22.064365,23.122482,17.745955,18.038866,18.980011,16.831484,19.613693,16.845362,20.698904,20.622633,23.719854,20.895014,18.963211,14.842075,12.252927,10.863066,6.9261317,10.076541,6.4572678,10.542615,11.707446,14.258232,7.8966956,6.4038086,5.5467863,0.0,4.236056,6.172031,9.1187,13.233786,15.532318,20.142662,20.670847,20.799507,18.036827,21.214655,20.424366,15.725032,16.511395,20.47258,15.737368,13.412116,18.036846,19.699068,14.247173,14.093429,20.308012,20.420599,22.50822,18.891361,17.20809,21.197765,20.929876,17.129494,13.355355,12.017748,10.727544,15.804787,18.39484,14.809009,15.920438,19.740911,22.170446,19.604984,17.184874,20.26385,19.23908,14.0002,15.941315,17.27933,14.336753,11.476995,14.685539,12.05559,15.818969,13.428253,10.746473,15.516027,12.274526,14.725447,18.05523,16.142021,12.312615,13.09925,9.306184,7.446058,9.451525,12.682663,14.300745,17.344683,19.552229,23.086262,24.409708,24.455345,25.968681,22.507557,26.283484,23.081,27.61892,25.309103,20.21399,20.536266,25.867796,29.189201,27.88014,24.384949,27.22035,20.71622,22.801945,20.388828,21.03536
27,25.336773,22.188091,22.661835,17.200796,16.675983,17.80535,14.503344,17.261093,13.949249,17.82722,18.1106,20.86345,18.05472,16.732372,11.634908,10.513461,9.381766,7.2217107,10.140538,9.049149,13.215066,14.318059,17.793806,11.446197,9.186306,6.7970867,4.236056,0.0,4.4953823,5.490478,11.326141,12.730748,17.102505,18.512144,19.256866,16.9196,20.494751,19.413881,15.259135,16.653702,20.611023,16.06459,14.434658,19.376047,20.716997,16.133856,16.605728,22.443909,22.6134,24.070953,20.049637,19.85672,23.058819,22.03269,18.585846,14.744124,12.773836,10.894781,16.2191,18.44924,13.804331,14.60069,18.37248,20.720335,17.527935,14.602033,17.657299,16.081213,11.1668825,14.327946,14.820233,11.388647,9.965318,14.135107,12.413399,16.528553,14.872505,13.02934,18.356512,15.694177,18.540268,21.96482,20.322472,16.530752,17.107143,13.416002,10.895403,11.303277,13.92836,14.684768,17.08704,18.86808,22.144434,23.909178,24.325888,26.501295,23.440126,27.507826,25.015278,29.831581,27.614567,22.819616,23.259302,28.619183,31.866234,30.2859,26.759308,28.91782,22.303425,23.9937,20.933632,21.517736
28,28.195671,25.053812,24.907173,19.733927,18.833658,18.689634,15.939641,17.156662,13.371698,16.430344,15.631225,18.382717,15.431606,13.936691,10.615883,7.94914,8.757373,6.273799,11.557836,10.343169,15.019792,16.947296,19.94013,13.926454,12.441639,10.58087,6.172031,4.4953823,0.0,4.834363,7.215407,9.870516,14.059552,14.77245,14.983763,12.563236,16.01952,15.108073,10.832974,12.2398405,16.24898,12.270804,10.52732,15.448837,16.945503,13.437075,13.768032,19.143595,19.832378,20.762291,17.088015,17.92592,21.002254,19.6683,17.059454,14.01934,10.749526,10.346115,15.807609,16.412573,11.581559,14.208119,17.80705,19.354702,15.715254,13.602637,17.865364,16.85344,11.911632,15.453244,17.005138,14.130315,12.522751,17.366194,14.782596,19.465826,18.059946,15.42346,20.73742,17.035988,19.898249,22.768465,21.028778,16.937662,16.406076,13.711651,9.761225,8.898632,11.536856,11.258356,14.221522,15.364449,18.921228,20.991507,21.011677,23.768019,20.129772,24.56578,21.943933,27.094019,24.494207,20.06999,21.224413,26.489283,29.732563,28.453209,24.928503,27.202854,20.647278,22.912703,19.737755,21.287447
29,29.766905,26.339788,26.08318,20.841612,19.423862,20.007853,15.908318,17.45445,13.128458,16.09434,15.879912,17.86163,14.98123,14.705885,9.975978,10.088328,10.931881,10.216323,14.070074,13.984794,18.39738,19.7498,23.191427,16.799171,14.540469,12.179336,9.1187,5.490478,4.834363,0.0,8.397459,7.581913,12.126828,13.870702,15.599533,14.372061,17.863613,15.992862,12.91564,15.264055,18.525732,14.271796,13.947817,18.8926,19.466322,16.334024,17.747393,22.650661,22.782255,23.302149,18.973377,20.878286,22.892124,20.89837,18.344013,15.05745,12.103988,10.431028,15.497843,16.379435,10.764942,12.036499,15.423709,17.128101,13.131853,10.1661415,13.97473,12.416648,7.993568,12.617277,13.278856,10.374257,10.236152,15.599956,14.010028,18.714617,18.139782,16.419151,22.131962,19.304369,22.631632,25.76835,24.594725,20.76411,20.701834,17.895275,14.368476,13.674914,15.959376,15.207371,17.459871,18.067163,21.209187,23.710833,24.077831,27.352686,24.084373,28.64191,26.423164,31.662884,29.023046,24.774529,26.00569,31.253012,34.460335,33.057323,29.542349,31.42464,24.875984,26.719463,23.17727,24.36105
30,32.818016,29.50722,28.210548,23.691801,21.91829,20.269196,17.8651,16.644243,12.405903,13.401606,10.902955,13.049371,10.106932,9.0828705,9.475488,6.571145,10.501404,10.2837305,15.743185,15.953573,20.535202,23.08099,26.128778,20.654354,19.495703,17.457676,13.233786,11.326141,7.215407,8.397459,0.0,7.0236874,8.5086975,9.111609,8.256765,6.030703,9.901281,9.704736,6.7429137,8.365295,12.192082,10.996348,9.9827385,13.7964,15.368372,15.15097,15.323502,18.928534,20.615108,20.122566,17.296797,20.45936,22.683577,20.53808,19.68647,17.996704,13.495963,14.58756,19.351171,17.445408,12.391258,16.799255,19.582985,19.685717,15.10568,14.198447,19.497448,18.765926,15.004039,19.339853,21.095465,18.644384,18.07459,23.473248,20.888657,25.876223,24.936205,22.161198,27.471973,23.280607,26.092474,28.419968,26.596275,22.394508,20.729452,19.06649,14.284302,11.190385,12.191977,9.413131,11.666906,10.821942,14.158372,17.09976,16.893827,21.088692,17.40963,22.302135,20.603725,26.068693,23.372232,20.182096,22.099232,26.847357,29.80131,28.655502,25.335478,26.907774,20.874716,23.306055,19.715288,22.35761
31,36.653023,33.148003,32.221165,27.340345,25.397436,24.898302,21.046778,20.695198,15.915518,16.905968,15.152618,15.889293,13.173433,14.100703,12.526459,12.492131,15.524982,15.293144,20.22159,20.170914,24.832634,26.66721,29.681154,23.422602,21.549795,19.52568,15.532318,12.730748,9.870516,7.581913,7.0236874,0.0,6.1255474,6.6867757,10.016619,11.093974,13.552225,10.412789,9.779234,13.136834,14.680657,11.798248,13.350277,17.342222,16.847906,16.488401,18.649168,21.699007,22.006792,21.109253,17.087952,21.64813,22.178652,19.122295,18.421598,16.70382,12.671085,12.654951,16.405315,14.379288,8.679919,12.024163,14.087157,13.890555,8.830946,7.861748,13.213149,12.877341,10.278847,14.751763,16.573645,15.221396,15.309327,20.944416,18.854717,23.885843,24.061403,21.930855,27.598713,24.135054,27.64769,30.137552,29.33417,25.49867,24.461624,22.98057,18.564915,16.942879,18.766598,16.321436,18.608763,17.46928,20.390917,23.64533,23.516151,28.017641,24.204166,29.175636,27.044727,32.599182,29.315006,26.05248,28.4136,33.240852,36.316616,35.419155,32.055054,33.880386,27.741222,30.074278,26.381878,28.564257
32,38.631363,34.986668,33.171078,28.908232,26.348202,24.98686,21.40412,19.504072,14.942586,14.214753,11.894699,11.337041,9.2386055,11.486688,12.114862,13.101711,16.79185,18.02261,22.433334,23.64142,28.181694,30.376255,33.860268,27.944834,26.178774,23.73474,20.142662,17.102505,14.059552,12.126828,8.5086975,6.1255474,0.0,5.743441,8.356384,10.293757,12.630501,10.842602,11.912621,14.51013,15.966285,15.610713,16.778473,19.864286,19.904383,21.150951,22.565008,24.956173,26.102999,24.572992,21.429684,26.513494,27.073673,23.872625,23.91721,22.603193,18.28843,18.72306,22.397068,19.609234,14.372341,17.84769,19.389523,18.464357,13.291039,12.90349,17.673132,16.890478,15.542712,20.397083,21.413572,19.75581,20.866508,26.473177,24.77574,29.729473,29.778667,27.719337,33.392284,29.790884,33.102276,35.54454,34.305553,30.254004,28.804039,27.207636,22.535908,19.692673,20.372065,17.176577,18.1017,15.990578,17.898317,21.512484,21.694666,26.82818,23.870691,28.70518,27.832481,33.262074,30.499771,28.012112,30.225628,34.6949,37.46011,36.297337,33.132404,34.033714,28.379185,30.316769,26.334793,28.786522
33,41.616917,38.172592,36.75215,32.243164,30.12861,28.602375,25.545475,23.794783,19.283567,18.812086,15.697228,15.629927,13.476298,14.664894,16.286156,15.321596,19.361364,19.240025,24.699879,24.592901,29.274046,31.59413,34.245987,28.392622,26.997982,25.196608,20.670847,18.512144,14.77245,13.870702,9.111609,6.6867757,5.743441,0.0,5.248081,8.995549,9.527492,5.900055,8.68605,11.749397,11.449834,11.564015,13.823834,16.089443,15.224747,17.733545,19.616028,20.83098,21.803638,19.708084,16.94514,22.958359,22.817736,19.420927,20.42756,20.126644,15.635851,17.171965,20.049786,15.884479,11.775803,16.501669,17.610231,15.879682,11.301287,12.597053,17.912718,18.371284,16.485703,20.25884,22.729546,21.809574,21.591986,27.169682,24.56558,29.689548,29.869917,27.237724,32.645847,28.531458,31.832136,33.72501,32.862656,29.020472,27.120329,26.611982,21.75952,19.377525,20.550373,17.07238,19.182467,16.708738,19.22449,22.767073,22.04797,27.261162,23.128044,28.131166,26.225836,31.746723,28.1521,26.003254,29.108503,33.322407,36.140297,35.69159,32.601604,34.320663,28.837805,31.553427,28.01287,31.018152
34,40.637047,37.37075,35.66184,31.511898,29.50471,27.12571,25.135006,22.609745,18.625355,17.721142,13.800426,14.267771,12.275293,12.408481,16.093073,13.705104,18.122274,17.988253,23.604273,23.539167,28.040737,30.809538,33.293884,28.064041,27.181976,25.485096,20.799507,19.256866,14.983763,15.599533,8.256765,10.016619,8.356384,5.248081,0.0,4.7699213,4.546335,4.1721635,6.704796,8.243684,8.535787,11.228796,12.10154,13.36269,13.834484,17.287195,17.873695,18.718508,20.823298,18.685183,17.147364,22.518822,23.303757,20.500982,21.690943,21.642614,16.847757,19.182894,22.55976,18.283457,14.635753,20.0841,21.673325,20.160126,15.854124,16.938704,22.487156,22.72597,20.052717,23.874037,26.442904,24.947456,24.315409,29.854832,26.864468,32.025852,31.59655,28.512415,33.65407,29.008825,31.843266,33.466007,32.026012,28.046412,25.567915,25.323526,20.310814,17.108389,17.546795,13.604546,15.515346,12.514346,15.0100975,18.436476,17.308884,22.62438,18.399685,23.324312,21.759735,27.162518,23.801733,22.22054,25.354715,29.193172,31.807957,31.418089,28.511189,30.053236,25.024408,27.924427,24.628311,28.140604
35,36.649834,33.5304,31.800058,27.813383,26.021427,23.29832,22.027752,19.462198,15.901086,15.419528,11.491142,13.171394,10.929369,9.577241,13.703591,10.002756,14.389632,14.183894,19.721788,19.761745,24.06916,27.064518,29.599358,24.817492,24.237867,22.54838,18.036827,16.9196,12.563236,14.372061,6.030703,11.093974,10.293757,8.995549,4.7699213,0.0,4.3621225,7.069609,5.776831,5.5490294,8.778182,11.222035,10.134591,11.738566,13.851561,16.20871,15.604103,17.448235,20.176287,18.824415,17.519016,21.402615,23.44021,21.328978,21.746906,21.205055,16.425024,18.757017,22.88844,19.523306,15.615552,21.017237,23.30071,22.522139,18.1889,18.469908,24.056583,23.841269,20.382725,24.349115,26.672062,24.531631,23.66212,29.03492,25.983383,31.034641,30.020895,26.790096,31.743826,26.960941,29.4221,31.120972,29.1148,24.978407,22.404985,21.806091,16.829445,12.991154,12.937686,8.898074,10.872653,8.211756,11.369719,14.518678,13.412823,18.380926,14.184606,19.177916,17.797123,23.229572,20.356503,18.437727,21.058403,25.05157,27.690264,26.989159,24.007322,25.450417,20.282198,23.183205,19.95699,23.55698
