,0,1,2,3,4,5,6,7,8,9,10,11,12,13,14,15,16,17,18,19,20,21,22,23,24,25,26,27,28,29,30,31,32,33,34,35,36,37,38,39,40,41,42,43,44,45,46,47,48,49,50,51,52,53,54,55,56,57,58,59,60,61,62,63,64,65,66,67,68,69,70,71,72,73,74,75,76,77,78,79,80,81,82,83,84,85,86,87,88,89,90,91,92,93,94,95,96,97,98,99,100,101,102,103,104,105,106,107,108,109,110
0,0.0,4.3867755,7.075499,10.2125435,12.976338,14.885552,18.442783,19.813936,24.024946,26.054129,29.84334,33.42528,30.606627,29.318913,24.014235,24.233555,19.004913,21.81301,16.951847,20.660229,16.09538,18.78812,16.39807,19.591341,20.355,22.848154,23.529613,26.336346,25.765474,30.816778,32.400333,37.298653,36.33611,40.866646,41.504173,42.98256,43.974354,44.453796,39.7418,36.985607,33.495472,34.463417,29.30089,32.05762,27.015865,32.00783,29.062506,30.018515,30.27981,33.271454,33.427948,35.58929,39.279152,38.346188,42.18058,40.35509,39.0228,40.963493,44.58565,41.818985,46.9773,40.59789,44.032917,43.015503,46.417088,44.122032,46.44196,45.51521,42.409622,41.387627,39.80483,42.52966,42.600616,38.970284,42.56148,39.459877,44.707443,39.68698,45.088104,43.540565,43.735706,39.209564,36.71624,34.87477,32.133575,33.09336,28.416252,31.350962,27.4033,28.527306,29.220629,26.274307,23.480608,23.426264,24.68524,28.342001,25.174622,31.19686,29.179184,34.035713,35.533695,36.522,39.80087,42.199245,43.791885,40.93674,44.49035,38.22937,40.205944,37.061577,38.67799
1,4.3867755,0.0,4.0038652,6.949294,9.118588,11.816056,14.907708,17.144342,21.04143,23.348305,27.330225,30.87322,28.663412,27.655972,22.285275,22.222818,17.39363,19.42535,15.45316,18.307693,14.028379,16.570381,14.764545,17.07726,17.170872,19.815601,19.871391,22.859835,22.414217,27.339296,29.229597,34.28602,33.50698,38.095642,38.91084,40.61421,41.78297,42.61522,37.818626,35.241222,31.389814,32.422714,26.966188,29.498167,24.452904,29.079481,26.243595,26.684896,26.822254,29.596794,29.619192,31.931314,35.394707,34.553436,38.427532,36.8136,35.617863,37.789597,41.46485,38.92156,44.20968,37.967052,41.8014,41.013264,44.66839,42.652023,45.253273,44.5443,41.37287,40.36551,38.435562,41.326027,41.08639,37.12963,40.52504,37.21288,42.235085,37.027668,42.205627,40.459656,40.939137,36.104263,33.960125,32.085682,29.636055,30.788965,26.187994,29.555532,25.658195,27.30185,28.10233,25.5701,22.457724,23.222244,23.627644,27.905306,25.217293,30.678562,28.022371,32.842636,33.700394,34.74903,37.72581,39.914883,41.706516,39.041363,42.805725,36.57426,38.97733,35.87646,37.971542
2,7.075499,4.0038652,0.0,5.0718517,6.510604,8.106482,11.5531845,13.221557,17.381927,19.456068,23.57873,26.962677,24.773533,23.92039,18.470076,18.73871,14.20045,16.527025,13.155876,16.551756,13.273459,16.316494,15.596038,17.617968,17.32026,19.634233,18.787088,21.26003,20.159756,25.266153,26.234844,31.585545,30.249287,35.215904,35.71367,37.61008,38.57762,39.322914,34.73225,32.366455,28.300072,29.869284,24.433847,27.385626,22.545393,27.477991,25.55907,25.813267,26.421173,28.629656,28.172781,30.307579,33.615036,32.275726,36.537746,35.115658,33.662025,36.0271,39.4835,37.052525,42.036785,35.711514,39.527588,38.5511,42.31014,39.896,42.824974,41.954006,38.688972,37.908234,36.06497,39.227486,39.05239,35.131332,38.636414,35.521717,40.59788,35.75981,40.73898,39.20647,40.249546,35.26246,33.588905,31.209747,28.747759,29.514456,25.06532,27.914846,23.719618,25.259783,25.643297,23.45494,20.40143,21.764408,22.490675,26.99434,25.132406,30.206915,27.631124,32.210197,33.350365,33.869724,36.98267,39.086155,40.605,37.963867,41.37483,35.109077,37.430626,34.061512,36.318035
3,10.2125435,6.949294,5.0718517,0.0,3.8194137,6.686872,9.221806,12.274482,15.091175,18.079119,21.388624,25.488539,23.44654,22.27425,17.295872,16.187508,11.708584,12.703079,9.589834,11.731006,8.497212,11.470322,11.511288,13.147203,12.855165,14.849659,14.180801,16.511251,15.633201,20.721272,22.422812,27.35648,26.769943,31.169376,32.124958,33.78547,35.11126,36.194866,31.242512,28.715792,24.756693,25.690157,20.12706,22.675642,17.715645,22.52525,20.529587,20.968548,21.835224,24.082355,23.763752,25.752108,29.386826,28.19391,32.178074,30.483242,29.028889,31.210072,34.747982,32.214233,37.358498,31.090042,35.0026,34.27187,38.056324,36.241013,39.00813,38.505474,35.321598,34.298664,32.09816,35.12668,34.69385,30.58403,33.93082,30.657251,35.670074,30.723177,35.769054,34.24995,35.22449,30.315588,28.615782,26.1591,23.677097,24.508526,20.058077,23.225142,19.261173,21.248512,22.119808,20.07347,16.726065,18.48147,18.166386,23.009872,21.444998,25.976843,23.007776,27.530193,28.399754,28.940285,31.950619,34.0233,35.601078,33.01188,36.595856,30.377686,32.96878,29.80831,32.32179
4,12.976338,9.118588,6.510604,3.8194137,0.0,4.759067,6.160283,10.216107,12.777868,15.768057,19.537746,23.237362,21.963646,21.32364,16.340647,15.439557,12.037182,12.275462,11.0895405,12.330386,10.500143,13.021077,13.923383,14.361531,13.05717,15.005602,12.921535,15.19717,14.098387,19.02666,20.476616,25.837309,25.020847,29.784473,30.67408,32.72952,34.05283,35.37472,30.588812,28.44051,24.030533,25.431898,19.712769,22.205505,17.53304,21.884775,20.505545,20.133327,20.950796,22.60723,21.851393,23.987204,27.145899,25.807001,30.090364,28.827892,27.444605,30.028658,33.491085,31.316236,36.398994,30.299397,34.581043,33.966206,38.001263,36.17393,39.353176,38.903522,35.64875,34.814026,32.44298,35.7202,35.079414,30.769814,33.9336,30.602879,35.330833,30.41039,35.044758,33.388424,34.8956,29.624315,28.539438,25.935013,23.864964,24.72902,20.590063,23.835867,19.913015,22.217459,22.861197,21.437092,18.082458,20.624895,19.910757,25.06435,24.143675,28.036224,24.719967,28.976639,29.33751,29.746384,32.44411,34.23553,35.89069,33.538727,37.10902,31.013111,33.87646,30.678614,33.57926
5,14.885552,11.816056,8.106482,6.686872,4.759067,0.0,4.174782,5.685072,9.278762,11.65379,15.6736,19.18454,17.509815,16.976278,11.7737055,11.69981,8.783206,10.170677,9.82031,12.589251,12.300258,15.405149,16.990883,17.80418,16.6834,18.009844,15.370972,16.476093,14.139441,19.274462,18.692905,24.444134,22.452856,27.871536,28.065859,30.311068,31.163288,32.103176,27.715162,25.81805,21.25335,23.594555,18.185524,21.57123,17.396408,22.407248,22.39734,22.157875,23.675808,24.634222,23.28334,24.954782,27.9339,25.739347,30.549288,29.470398,27.603315,30.286663,33.31362,31.188707,35.64136,29.360521,33.30121,32.220673,36.24333,33.57876,37.112354,36.26142,32.894814,32.42608,30.429672,34.028824,33.69914,29.697145,33.145992,30.30839,35.22425,31.064354,35.4845,34.30839,36.41236,31.231007,30.58397,27.356869,25.11248,25.230146,21.384024,23.405893,19.029564,20.749454,20.585827,19.524834,16.55124,19.514921,19.862782,24.827188,24.781824,28.43261,25.709158,29.575289,30.760464,30.370882,33.432056,35.21839,36.321827,33.90352,36.767178,30.657627,33.08057,29.459888,32.28087
6,18.442783,14.907708,11.5531845,9.221806,6.160283,4.174782,0.0,5.7665877,6.9153156,10.044495,13.888771,17.340704,16.80072,16.704735,12.226736,11.362533,10.206776,9.461369,11.424425,12.161728,13.135168,15.510668,17.898102,17.60694,15.780218,16.760284,13.020457,13.722682,11.238984,15.990109,15.503558,21.445574,19.717215,25.128038,25.567434,28.074272,29.166632,30.586617,26.180403,24.60697,19.71944,22.075552,16.561735,19.50105,15.73074,19.979797,20.570564,19.64742,21.237617,21.562744,19.832441,21.510708,24.129356,21.849775,26.797367,26.024828,24.247906,27.220432,30.196213,28.40289,32.86955,26.862537,31.219635,30.443176,34.691723,32.457127,36.233627,35.688423,32.3557,31.90738,29.539232,33.222862,32.524914,28.255972,31.361877,28.38908,32.91074,28.73881,32.73755,31.43114,33.972336,28.560259,28.49437,25.167212,23.376472,23.578629,20.159674,22.416626,18.41177,20.671371,20.640213,20.276516,17.26639,20.913113,20.252777,25.484055,26.004112,28.80229,25.602541,29.136969,29.639439,29.19729,31.833303,33.311047,34.536022,32.40906,35.363747,29.48975,32.312645,28.873081,32.151684
7,19.813936,17.144342,13.221557,12.274482,10.216107,5.685072,5.7665877,0.0,5.4471726,6.2585664,10.882011,13.743242,12.218364,12.357409,7.300456,8.697017,8.498976,10.052848,11.990585,14.85956,16.36556,19.38729,21.728394,22.283068,20.97061,21.709827,18.257715,18.167183,14.79848,19.4645,16.449295,22.557894,19.12453,25.32867,24.67971,27.337833,27.64568,28.3201,24.60249,23.33626,18.48829,22.091532,17.327242,21.342709,18.213797,23.201641,24.806381,24.323622,26.402277,26.39028,24.32033,25.485172,27.91925,24.815542,30.147213,29.510813,27.240837,30.134418,32.56111,30.756298,34.37734,28.201727,31.879837,30.419147,34.4871,31.020172,35.12463,33.934425,30.487726,30.539911,28.860275,32.843803,32.69118,29.002678,32.504887,30.22795,35.00914,31.760036,35.60432,34.87932,37.80606,32.673016,32.77836,28.992401,26.895472,26.317083,23.14158,23.929958,19.470602,20.693499,19.572721,19.446531,17.13122,20.739838,21.68592,26.378918,27.495295,30.383774,28.073784,31.28513,32.895676,31.6963,34.829327,36.40495,36.982494,34.703857,36.789646,30.928177,33.01697,29.088053,32.001278
8,24.024946,21.04143,17.381927,15.091175,12.777868,9.278762,6.9153156,5.4471726,0.0,4.2964034,7.0022616,10.800274,10.533213,10.833108,7.921138,6.928317,9.516633,8.20859,12.843671,13.612117,16.796282,19.099329,22.385845,22.088036,20.47048,20.472887,16.402758,15.162594,11.264485,15.2043915,11.123374,17.34559,13.909509,20.141071,19.669617,22.51456,23.092014,24.320148,20.475868,19.56144,14.389719,18.099468,13.536382,17.277748,15.057932,19.363707,22.174334,21.37475,23.918987,23.089882,20.587446,21.276432,23.482685,19.938038,25.37456,24.890789,22.4329,25.424791,27.565151,26.017132,29.359818,23.40932,27.301243,26.051945,30.31422,27.29225,31.637093,30.82175,27.449488,27.50916,25.429022,29.49916,28.989536,25.14746,28.327887,26.136948,30.554007,27.707117,31.052155,30.510984,33.981945,28.906013,29.666584,25.568962,23.83038,22.961164,20.51012,20.93632,16.967194,18.583183,17.530745,18.398552,16.248703,20.616007,20.519567,25.2658,27.301058,28.990126,26.433187,29.020708,30.246881,28.664137,31.47282,32.737843,33.163307,31.174385,33.058426,27.54277,29.890928,26.142624,29.529818
9,26.054129,23.348305,19.456068,18.079119,15.768057,11.65379,10.044495,6.2585664,4.2964034,0.0,5.715197,7.5657673,7.5989842,9.12344,6.7146697,8.277789,11.628177,11.712597,15.846745,17.567461,20.609715,23.167517,26.273031,26.240515,24.650135,24.752684,20.615324,19.336378,15.380654,18.88421,13.472625,19.56152,14.776428,21.587662,20.168884,23.342016,23.224419,23.944897,20.999838,20.660694,15.600294,20.283398,16.527514,20.576616,18.891613,23.158895,26.373528,25.516735,28.065693,26.978428,24.239777,24.781631,26.488304,22.539885,28.187304,28.082033,25.50906,28.570194,30.278769,28.979372,31.655602,25.911844,29.401508,27.780293,31.909853,28.044125,32.73858,31.478533,28.076809,28.616404,27.03851,31.296646,31.087507,27.669325,30.91529,29.186375,33.500275,31.232304,34.233334,33.93637,37.73047,32.731976,33.7359,29.523718,27.816298,26.66269,24.438366,24.204502,20.180077,21.183424,19.415134,20.539865,18.91083,23.122103,23.872858,28.275236,30.553556,32.292736,30.148577,32.541378,34.15357,32.247196,35.157402,36.363747,36.4863,34.53418,35.894184,30.55962,32.496555,28.536621,31.707403
10,29.84334,27.330225,23.57873,21.388624,19.537746,15.6736,13.888771,10.882011,7.0022616,5.715197,0.0,5.6435595,5.3508162,6.3003945,7.78341,7.249254,12.564281,11.526921,16.695187,17.591635,21.805712,23.990393,27.658857,27.514408,26.201685,25.587242,21.727217,19.357777,15.099551,17.709484,10.520326,15.677155,9.959103,16.780268,14.807918,17.904215,17.551733,18.256628,15.467092,15.565247,10.635971,15.947258,13.471943,17.617002,17.25017,21.225086,25.659416,25.1762,28.338512,26.76618,23.892813,23.627241,25.396828,20.93372,26.342949,26.071114,23.059904,25.73537,26.82308,25.537256,27.357914,21.749819,24.660355,22.75809,26.778275,22.668013,27.577824,26.347265,23.023273,23.773111,22.283075,26.630808,26.479427,23.46027,26.63879,25.535292,29.701506,28.458918,31.05646,31.39584,35.542084,31.076044,32.431263,27.842615,26.153845,24.28506,22.885294,21.377914,17.844536,18.403805,16.207066,18.329716,17.439724,21.889706,22.509945,26.346783,29.647858,30.311523,28.60927,30.190172,32.222248,29.58673,32.539024,33.609234,33.138363,31.309727,31.899248,27.000515,28.578493,24.629377,27.852198
11,33.42528,30.87322,26.962677,25.488539,23.237362,19.18454,17.340704,13.743242,10.800274,7.5657673,5.6435595,0.0,5.818414,9.044981,10.997827,12.441032,17.39723,16.963705,21.846249,23.024569,26.982355,29.234978,32.783276,32.50612,30.88643,30.465582,26.137285,23.92006,19.813978,21.8632,14.305175,19.147505,12.702626,19.580109,16.745016,20.3758,19.304266,19.688185,18.44767,19.50996,15.063284,20.692165,18.833847,22.634941,22.630508,26.036936,30.678259,29.7028,32.649902,30.64885,27.441242,27.205166,28.073595,23.350779,28.938688,29.385927,26.522919,29.469372,30.11048,29.416471,30.575232,25.653732,28.40339,26.449804,30.318684,25.744467,31.003296,29.499987,26.325066,27.59082,26.484922,30.866789,30.791004,28.096697,30.981821,30.179783,33.845757,33.01127,34.96758,35.328053,39.924885,35.364014,37.18526,32.645493,31.285412,29.461922,28.302446,26.774372,23.424791,23.83904,21.35539,23.605728,22.928621,27.242605,28.143143,31.8848,35.222767,35.89047,34.220833,35.678326,37.539017,34.83739,37.55559,38.38928,37.844196,36.254047,36.530827,32.019855,33.4608,29.559256,32.690178
12,30.606627,28.663412,24.773533,23.44654,21.963646,17.509815,16.80072,12.218364,10.533213,7.5989842,5.3508162,5.818414,0.0,3.6576898,6.7056923,9.038707,13.728572,14.67968,18.52748,20.984312,24.659664,27.349792,30.614733,31.158335,30.160603,29.778196,26.254814,24.1883,19.91207,22.91053,15.7331085,20.380407,14.168905,20.688637,17.828144,20.633345,19.331415,18.801207,17.14966,17.426132,13.401056,19.108646,17.33487,21.940958,21.439281,25.999142,30.218016,30.09194,33.242474,31.943235,29.163954,28.934261,30.738237,26.221857,31.615034,31.319279,28.222105,30.704931,31.57746,30.179483,31.500166,25.91259,28.030157,25.547178,29.102793,23.786219,28.706474,26.709148,23.374104,24.62425,24.063305,28.43138,28.922394,26.595219,30.087181,29.48577,33.873062,33.054207,35.759052,36.358418,40.38633,36.107937,37.20778,32.57802,30.57292,28.468021,26.883371,24.760893,20.925564,20.554054,17.592379,19.45332,19.168972,23.02594,25.034437,28.331795,31.6067,32.740547,31.746304,33.348858,36.19711,33.32685,36.68141,37.944324,37.13329,35.107048,35.158825,30.271029,31.122093,26.870401,29.453972
13,29.318913,27.655972,23.92039,22.27425,21.32364,16.976278,16.704735,12.357409,10.833108,9.12344,6.3003945,9.044981,3.6576898,0.0,5.631456,6.9072137,11.495338,12.760558,16.151781,18.909256,22.630262,25.365988,28.593445,29.477568,28.878563,28.347578,25.400225,23.25528,19.002552,22.278902,15.528832,19.733866,14.07651,20.01961,17.438677,19.626333,18.470404,17.706612,15.440375,15.073992,11.403926,16.825548,15.222914,20.112736,19.500223,24.52941,28.590355,29.003626,32.32295,31.361795,28.873436,28.531015,30.884981,26.544893,31.668234,30.890738,27.677332,29.795954,30.777779,28.971674,30.400646,24.49907,26.266607,23.592325,26.98122,21.570713,26.181684,24.108067,20.699076,21.765701,21.338398,25.638874,26.35103,24.181719,27.949177,27.444382,32.17532,31.40393,34.486576,35.251743,38.925755,34.92027,35.64093,30.980211,28.656857,26.354248,24.676575,22.136616,18.189995,17.3875,14.238794,16.001,16.00002,19.665554,22.057772,25.0437,28.43017,29.568853,28.936943,30.490622,33.835415,30.841105,34.490345,35.960186,34.988922,32.756935,32.69993,27.662537,28.236002,23.868008,26.218412
14,24.014235,22.285275,18.470076,17.295872,16.340647,11.7737055,12.226736,7.300456,7.921138,6.7146697,7.78341,10.997827,6.7056923,5.631456,0.0,5.2159767,7.7116275,10.395051,12.704471,16.44144,19.128319,22.266384,24.995872,26.125542,25.468601,25.502565,22.60337,21.35149,17.326897,21.561497,16.351337,21.587076,16.86534,23.046946,21.350096,23.646044,23.144947,22.881765,19.811972,18.73577,14.520536,19.083,15.822343,20.711338,18.705273,24.226292,27.095295,27.390413,30.252798,29.89636,27.669083,27.986336,30.59817,26.767242,32.036503,31.165728,28.28146,30.677195,32.38511,30.393095,32.8937,26.638062,29.171133,26.920166,30.56022,25.874392,30.110859,28.300379,24.832617,25.372131,24.510086,28.659388,29.148365,26.338697,30.206053,28.90914,33.92132,31.993828,35.662746,35.814762,39.021244,34.553352,34.787384,30.454874,27.995842,26.366371,23.799458,22.574806,18.056736,17.90606,15.525659,16.051878,15.005076,18.53926,20.915115,24.605679,26.89352,29.152576,28.00614,30.441122,33.385834,31.145565,34.809982,36.481174,36.14107,33.72603,34.612194,29.005064,30.105167,25.77931,28.20506
15,24.233555,22.222818,18.73871,16.187508,15.439557,11.69981,11.362533,8.697017,6.928317,8.277789,7.249254,12.441032,9.038707,6.9072137,5.2159767,0.0,5.62604,5.917653,9.802928,12.127458,15.823648,18.501879,21.794106,22.57212,22.048618,21.572424,18.958502,17.161005,13.097216,17.2374,12.552418,17.325054,13.680901,19.141268,18.241095,20.121954,20.315626,20.674797,16.571695,14.924082,10.525286,14.323119,10.655586,15.568662,13.636363,19.242413,22.361767,22.953432,26.11769,25.752754,23.705482,23.750874,26.808708,23.158815,28.0594,26.771606,23.810896,25.92444,27.760042,25.51803,28.300638,21.868544,24.559547,22.566515,26.352606,22.5131,26.50518,25.252893,21.8108,21.861288,20.37925,24.44258,24.602703,21.44997,25.285223,23.785849,28.887058,26.863466,30.694265,30.911535,33.97482,29.70084,29.87709,25.453703,22.937794,21.174147,18.765064,17.441854,13.011639,13.280805,11.399992,12.270624,10.907677,15.125487,16.453838,20.363293,23.070667,24.661087,23.265472,25.501726,28.301208,25.9798,29.603659,31.275518,30.95035,28.537998,29.614311,23.941315,25.347395,21.168041,23.969387
16,19.004913,17.39363,14.20045,11.708584,12.037182,8.783206,10.206776,8.498976,9.516633,11.628177,12.564281,17.39723,13.728572,11.495338,7.7116275,5.62604,0.0,5.523542,5.0059648,9.863854,11.804282,15.147078,17.62603,19.308275,19.347082,19.391916,17.806322,17.115545,13.820711,18.834377,16.454004,21.09697,18.677319,23.498522,23.242092,24.688631,25.200953,25.476767,20.998617,18.617313,14.8932295,17.20829,12.805445,17.309313,13.8854265,20.13586,21.528105,22.65715,25.382547,26.069605,24.693935,25.263588,28.897686,26.003477,30.575384,28.85181,26.22152,28.124765,30.570772,27.908604,31.49014,24.845356,27.60144,25.816345,29.386734,26.02192,29.27028,28.083557,24.72905,24.286663,22.821518,26.425674,26.690037,23.410454,27.41326,25.431414,30.903149,27.991665,32.59282,32.431515,34.595943,30.307068,29.549324,25.59432,22.64422,21.455612,18.040874,17.758799,12.930153,13.295446,12.353943,11.3078375,9.024395,12.307275,14.235437,18.379904,19.759047,22.751938,21.346464,24.475016,27.441069,25.840332,29.726074,31.789959,31.878847,29.135708,30.892504,24.775314,26.230343,22.172531,24.528507
17,21.81301,19.42535,16.527025,12.703079,12.275462,10.170677,9.461369,10.052848,8.20859,11.712597,11.526921,16.963705,14.67968,12.760558,10.395051,5.917653,5.523542,0.0,6.2908683,6.317754,10.480901,12.750949,16.366344,16.776667,16.346268,15.72263,13.625932,12.090973,8.5632305,13.392614,11.783728,16.188988,14.977411,19.192787,19.790121,21.222252,22.459812,23.635334,18.562534,16.188845,12.064327,13.514696,8.216706,12.256129,8.8156,14.787517,16.826403,17.675266,20.724121,20.967031,19.48854,19.83836,23.584654,20.80339,25.159605,23.337194,20.726652,22.671307,25.247658,22.65885,26.591562,20.021074,23.419903,22.2017,26.133108,23.899893,27.20558,26.75265,23.50479,22.745947,20.397598,23.97197,23.54534,19.619827,23.235676,20.823114,26.041359,22.871717,27.31425,27.026157,29.441975,25.020754,24.667606,20.532404,17.883099,16.756983,13.662722,13.913573,9.460615,11.285039,11.320617,11.308458,8.529883,12.954384,12.323951,17.1519,19.165752,20.869482,18.549212,21.358276,23.3924,21.797466,25.24348,27.047272,27.360052,24.875374,27.028776,21.01369,23.258932,19.575089,22.741583
18,16.951847,15.45316,13.155876,9.589834,11.0895405,9.82031,11.424425,11.990585,12.843671,15.846745,16.695187,21.846249,18.52748,16.151781,12.704471,9.802928,5.0059648,6.2908683,0.0,6.594201,7.2263,10.688003,12.887039,15.052288,15.758088,15.801643,15.518992,15.389595,13.1129265,18.196598,18.000519,21.937641,21.059172,24.837214,25.461498,26.400026,27.503092,28.126474,23.068213,20.122286,16.971476,17.61644,12.854333,16.423508,12.094339,18.38241,18.388605,20.158453,22.649368,24.142895,23.47283,24.220776,28.421165,26.290401,30.22376,27.982033,25.65574,27.160217,30.064863,27.047329,31.302046,24.662634,27.528435,26.184277,29.60783,27.296679,29.821146,29.12845,25.9866,24.928787,23.066027,26.12036,26.14997,22.61362,26.495293,24.026976,29.615719,25.995598,31.14976,30.723677,32.06639,27.975351,26.46347,22.941492,19.710344,19.015589,14.9861145,15.750939,11.159678,12.135807,12.672626,10.5289545,7.3018007,9.764408,10.6603,15.193499,15.557084,19.162706,17.407959,21.13543,23.923758,22.96335,26.878021,29.187042,29.658497,26.753761,29.20298,22.898396,24.665339,21.041046,23.300995
19,20.660229,18.307693,16.551756,11.731006,12.330386,12.589251,12.161728,14.85956,13.612117,17.567461,17.591635,23.024569,20.984312,18.909256,16.44144,12.127458,9.863854,6.317754,6.594201,0.0,5.6163464,6.7533474,10.830228,11.051106,11.376511,10.372176,10.283067,9.510743,8.176572,12.673835,14.843892,17.851658,18.946451,21.48137,23.286045,24.006952,25.993902,27.587578,21.980633,19.025936,15.924354,14.965185,9.621788,11.449999,6.40386,12.144065,11.875467,13.726108,16.512268,17.942408,17.591732,18.210897,22.772285,21.256828,24.520046,21.94429,19.88787,21.21257,24.491224,21.44587,26.395662,20.027266,23.622372,23.151651,26.831615,26.150305,28.468584,28.713446,25.811462,24.294977,21.418743,24.15588,23.30115,18.988274,22.2372,19.018742,24.263409,19.91454,25.147041,24.390049,25.625055,21.40319,19.980808,16.444252,13.403409,13.221433,9.043104,11.587668,8.022055,11.099001,13.14999,12.033524,8.572156,11.773053,8.582888,14.050465,14.875688,16.785158,13.480243,17.098728,18.416227,17.866035,21.189882,23.287403,24.279387,21.643005,24.938597,18.75706,21.642334,18.754541,21.874052
20,16.09538,14.028379,13.273459,8.497212,10.500143,12.300258,13.135168,16.36556,16.796282,20.609715,21.805712,26.982355,24.659664,22.630262,19.128319,15.823648,11.804282,10.480901,7.2263,5.6163464,0.0,3.882741,5.9712358,7.9240336,9.280159,9.632946,11.251852,12.547481,12.424109,16.945234,20.023088,23.305431,24.354704,27.073137,28.861996,29.594477,31.501219,32.880062,27.3369,24.23926,21.27206,20.347342,15.194825,16.723534,11.583289,16.400936,13.812939,15.80276,17.440392,20.099047,20.454988,21.749329,26.318064,25.490149,28.509716,25.9011,24.34702,25.613136,29.228779,26.14758,31.467089,25.27299,28.794577,28.3985,31.846094,31.187054,33.13646,33.2621,30.409128,28.77412,26.161812,28.563711,27.885511,23.758837,26.93675,23.532528,28.679884,23.69501,29.233362,28.022015,28.326036,24.151138,21.794651,19.273247,16.23581,16.999748,12.326059,15.874643,12.67482,15.129454,17.274813,15.044829,11.532439,12.959614,10.515604,15.509457,14.065817,17.847326,14.530514,19.119478,20.176092,20.761198,23.969723,26.297356,27.786009,25.037088,28.85471,22.68726,25.427572,22.800097,25.318748
21,18.78812,16.570381,16.316494,11.470322,13.021077,15.405149,15.510668,19.38729,19.099329,23.167517,23.990393,29.234978,27.349792,25.365988,22.266384,18.501879,15.147078,12.750949,10.688003,6.7533474,3.882741,0.0,4.59794,4.8013067,6.8221946,6.4749527,9.720069,11.197981,12.319214,15.918886,20.488491,23.0009,25.140432,27.01171,29.40816,29.89811,32.222805,33.994747,28.261475,25.137112,22.458868,20.645006,15.709399,16.009058,11.032253,14.552524,10.676015,13.034291,14.413941,17.563828,18.523287,19.824787,24.597832,24.432041,26.75386,23.86838,22.686356,23.634306,27.487467,24.37901,30.08476,24.277466,27.984491,28.104307,31.48566,31.774715,33.39653,34.009754,31.365772,29.45226,26.448727,28.467327,27.382187,23.043999,25.736593,21.954248,26.739311,21.227594,26.863571,25.367622,25.140188,21.100595,18.33998,16.313705,13.438789,14.927423,10.281829,15.085833,12.982009,16.007616,18.796892,16.845526,13.48041,14.769702,10.661601,15.488468,13.829566,16.762608,12.567717,17.217749,17.172518,18.478481,21.199095,23.469767,25.411324,22.825901,27.245634,21.344732,24.575726,22.565203,25.268448
22,16.39807,14.764545,15.596038,11.511288,13.923383,16.990883,17.898102,21.728394,22.385845,26.273031,27.658857,32.783276,30.614733,28.593445,24.995872,21.794106,17.62603,16.366344,12.887039,10.830228,5.9712358,4.59794,0.0,4.8880253,8.06123,9.016402,12.967063,15.310243,16.63763,20.281654,24.91989,27.597584,29.565533,31.58302,33.88842,34.34298,36.56781,38.133713,32.440517,29.190794,26.632027,24.894093,20.077257,20.51401,15.578459,18.915672,14.199674,16.520288,17.017155,20.827208,22.181995,23.78666,28.456987,28.632265,30.79953,27.921307,26.994776,27.845886,31.790419,28.65291,34.43328,28.717361,32.233013,32.305553,35.482918,35.69119,37.039112,37.530178,34.9306,32.95222,30.195423,31.988672,31.10219,27.00504,29.70948,25.968567,30.692545,25.021997,30.752033,29.07953,28.176872,24.415773,21.055996,19.83375,17.064047,18.848282,14.275529,18.951445,16.890446,19.405403,22.139065,19.58513,16.349142,16.553568,13.35672,17.390373,14.140666,18.331472,14.616718,19.598427,19.599594,21.55062,24.195309,26.602652,28.73692,26.087677,30.653545,24.857193,27.803658,25.937916,28.138681
23,19.591341,17.07726,17.617968,13.147203,14.361531,17.80418,17.60694,22.283068,22.088036,26.240515,27.514408,32.50612,31.158335,29.477568,26.125542,22.57212,19.308275,16.776667,15.052288,11.051106,7.9240336,4.8013067,4.8880253,0.0,3.758032,4.601444,9.311985,12.118595,14.509164,17.286795,23.19559,25.590664,28.32548,29.95717,32.73645,33.343838,35.922585,38.019955,32.261684,29.287245,26.482222,24.496601,19.544832,19.044495,14.372853,16.234333,10.769509,12.348565,12.292936,16.342142,18.02649,19.876455,24.404669,25.161106,26.911642,24.130402,23.650896,24.633955,28.794306,25.972706,32.11233,26.839897,30.936357,31.536196,34.95182,35.855583,37.394215,38.288902,35.73519,33.732845,30.49739,32.30958,30.896673,26.379751,28.533636,24.37788,28.511202,22.299809,27.721313,25.562357,24.720293,20.537403,17.41947,16.577265,14.523617,17.08007,12.895999,18.655996,17.247396,20.529095,23.451525,21.612568,18.27067,19.40998,14.999771,19.432991,17.093863,19.81064,15.099216,19.654087,17.979807,20.417852,22.211483,24.214699,26.896296,24.671515,29.74545,24.268974,27.919403,26.415836,29.205448
24,20.355,17.170872,17.32026,12.855165,13.05717,16.6834,15.780218,20.97061,20.47048,24.650135,26.201685,30.88643,30.160603,28.878563,25.468601,22.048618,19.347082,16.346268,15.758088,11.376511,9.280159,6.8221946,8.06123,3.758032,0.0,3.2934785,6.2883487,9.928928,12.68867,15.222646,21.48346,24.252058,26.950182,28.87921,31.683228,32.681957,35.299633,37.64858,32.001415,29.359833,26.076086,24.52979,19.288204,18.692348,14.1670475,15.432845,10.4655905,10.557679,10.08515,13.842391,15.283177,17.553082,21.708622,22.581682,24.537937,22.168077,21.890045,23.382063,27.601456,25.176622,31.404718,26.28643,30.882837,31.627363,35.344685,36.214813,38.19503,39.111744,36.45238,34.641663,31.238901,33.35205,31.732435,26.955597,28.929672,24.641504,28.45545,22.110918,27.090733,24.624517,24.405155,19.570803,17.24747,16.269028,14.852088,17.552658,13.695692,19.604908,18.080166,21.687433,24.33707,22.978167,19.521687,21.431,17.024971,21.880087,20.236164,22.50047,17.564655,21.762877,19.489166,21.741705,23.117891,24.744305,27.590263,25.658808,30.74909,25.368113,29.325575,27.710993,30.905407
25,22.848154,19.815601,19.634233,14.849659,15.005602,18.009844,16.760284,21.709827,20.472887,24.752684,25.587242,30.465582,29.778196,28.347578,25.502565,21.572424,19.391916,15.72263,15.801643,10.372176,9.632946,6.4749527,9.016402,4.601444,3.2934785,0.0,5.6506743,8.101065,11.291502,13.163361,19.88884,21.94376,25.241577,26.51998,29.609617,30.33764,33.149242,35.652267,29.929792,27.2653,24.300556,22.20032,17.284122,16.061407,11.868735,12.466693,7.1803145,7.8443136,8.150142,11.83437,13.46257,15.294197,19.821943,20.7355,22.324629,19.611925,19.268291,20.444712,24.671852,22.120354,28.3908,23.402744,27.948103,28.883934,32.524822,33.839268,35.644882,36.808044,34.285538,32.354607,28.777607,30.714613,28.914942,24.098276,25.86279,21.504833,25.222477,18.84722,23.917751,21.56206,21.327364,16.603846,14.242707,13.020616,11.575776,14.403811,10.79267,16.95565,16.017843,19.820068,22.724195,21.662512,18.378878,20.433271,15.335294,20.072708,19.016094,20.377468,15.201803,19.05147,16.45545,18.637152,19.886288,21.478827,24.317003,22.447525,27.60903,22.380178,26.51204,25.147728,28.48098
26,23.529613,19.871391,18.787088,14.180801,12.921535,15.370972,13.020457,18.257715,16.402758,20.615324,21.727217,26.137285,26.254814,25.400225,22.60337,18.958502,17.806322,13.625932,15.518992,10.283067,11.251852,9.720069,12.967063,9.311985,6.2883487,5.6506743,0.0,4.3826094,7.4426947,9.458263,15.897407,18.91799,21.610106,23.73272,26.535656,27.953373,30.606806,33.296936,27.870775,25.762943,22.013103,20.98632,15.6712,14.921845,11.090806,11.628689,9.256097,7.4076395,8.312493,9.902006,10.039712,12.335719,16.248917,16.549017,19.162428,17.262426,16.735735,18.953821,22.995293,21.036432,27.052982,22.018257,27.134398,27.957125,32.049377,32.81121,35.414,36.37317,33.634724,32.134445,28.530838,31.080894,29.217678,24.207493,25.998955,21.790693,25.310915,19.378283,23.663933,21.288488,22.577621,17.021786,16.39399,14.235314,13.436914,15.572551,12.538066,17.835941,16.287504,20.22055,22.406336,22.069279,18.756428,21.895056,17.441277,22.666513,22.663998,23.779255,18.849417,22.189224,19.838589,21.038155,22.187447,23.320833,25.862057,24.26996,28.901491,23.686937,27.89132,26.048311,29.838205
27,26.336346,22.859835,21.26003,16.511251,15.19717,16.476093,13.722682,18.167183,15.162594,19.336378,19.357777,23.92006,24.1883,23.25528,21.35149,17.161005,17.115545,12.090973,15.389595,9.510743,12.547481,11.197981,15.310243,12.118595,9.928928,8.101065,4.3826094,0.0,4.2950253,5.3273077,12.183195,14.607664,17.793772,19.422968,22.420439,23.715137,26.508461,29.388004,23.971489,22.026047,18.424665,17.14661,12.156878,10.907373,7.900878,7.7975073,8.005305,6.232335,9.079878,8.9556675,8.160749,9.424002,13.776748,13.336786,16.145735,14.022611,12.906584,15.169913,19.02629,17.019909,22.846497,17.718678,22.92603,23.801264,27.975271,28.903124,31.613684,32.71955,30.059225,28.609493,24.860361,27.479351,25.468962,20.411129,22.093716,18.015163,21.52688,16.08856,20.178728,18.249844,20.354738,14.859228,15.069234,11.847876,11.102191,12.4979515,10.257453,14.787479,13.633094,17.671877,19.767664,20.11442,17.152035,20.776707,16.107086,21.165005,22.294752,22.374655,17.658976,20.236647,18.169878,18.485565,19.6849,20.646048,22.747171,21.261961,25.474026,20.412386,24.671299,22.830988,26.89532
28,25.765474,22.414217,20.159756,15.633201,14.098387,14.139441,11.238984,14.79848,11.264485,15.380654,15.099551,19.813978,19.91207,19.002552,17.326897,13.097216,13.820711,8.5632305,13.1129265,8.176572,12.424109,12.319214,16.63763,14.509164,12.68867,11.291502,7.4426947,4.2950253,0.0,5.3724422,8.808405,12.506879,14.320765,17.0527,19.358244,20.984333,23.37643,25.97798,20.69601,18.894014,14.791025,14.556715,9.174008,9.533719,6.605588,8.883107,11.223213,10.271731,13.363864,12.672878,10.930314,11.531974,15.349689,13.409052,17.347454,15.617827,13.638498,16.175968,19.426083,17.401602,22.464443,16.733507,21.694618,21.932957,26.27061,26.193012,29.39058,30.064667,27.191694,26.07539,22.61088,25.729668,24.077452,19.211565,21.471094,17.967081,21.996586,17.612576,21.516848,20.3016,23.093603,17.888203,18.440506,14.535921,13.232407,13.357717,11.128591,13.948272,11.802323,15.468199,16.851147,17.576754,14.770439,18.959694,15.302903,20.430792,22.253883,22.511755,18.503769,20.920137,20.213348,19.516262,21.430614,22.517439,23.851345,22.145262,25.487696,20.152359,23.898338,21.397514,25.460642
29,30.816778,27.339296,25.266153,20.721272,19.02666,19.274462,15.990109,19.4645,15.2043915,18.88421,17.709484,21.8632,22.91053,22.278902,21.561497,17.2374,18.834377,13.392614,18.196598,12.673835,16.945234,15.918886,20.281654,17.286795,15.222646,13.163361,9.458263,5.3273077,5.3724422,0.0,8.432551,9.84977,13.835907,14.803352,18.093876,19.55951,22.538795,25.867886,20.779171,19.499384,15.965764,14.830075,10.900844,8.898128,8.611519,6.5366564,10.642728,8.496819,11.875493,9.440633,7.0206084,6.5350657,10.403033,8.708813,12.053333,10.297865,8.429852,11.36725,14.702162,13.264269,18.565815,13.801223,19.389343,20.483772,24.847654,26.00801,29.092255,30.396961,27.86655,26.6712,22.772943,25.545275,23.259254,18.255325,19.447472,15.753456,18.597391,14.239475,17.16524,15.721815,19.310305,13.972087,15.849176,11.911255,11.993526,12.28502,11.875559,14.640641,14.1673765,17.948229,19.555878,20.950493,18.604366,22.722898,18.256502,22.83992,25.16505,24.104813,19.834238,21.26332,19.27838,18.547314,19.344044,19.717487,21.260859,20.269436,23.718906,19.323612,23.579746,21.838688,26.252344
30,32.400333,29.229597,26.234844,22.422812,20.476616,18.692905,15.503558,16.449295,11.123374,13.472625,10.520326,14.305175,15.7331085,15.528832,16.351337,12.552418,16.454004,11.783728,18.000519,14.843892,20.023088,20.488491,24.91989,23.19559,21.48346,19.88884,15.897407,12.183195,8.808405,8.432551,0.0,6.4186783,5.8563366,9.964976,11.311221,13.9392605,15.94262,18.920229,14.5525465,14.304718,9.811452,11.6318865,8.869123,9.993342,11.220989,12.307485,17.89491,16.761316,20.222988,17.70492,14.692031,13.647135,15.5695,11.209001,16.142206,15.588206,12.543654,15.406693,16.812178,15.779812,18.590824,13.304784,17.878466,17.600597,22.174536,21.211014,25.469711,25.929836,23.103952,22.820429,19.649323,23.35741,21.79234,17.623766,19.6107,17.564137,20.830053,19.039429,21.101967,21.117918,25.647411,21.140911,23.312807,18.764301,18.06379,16.542656,16.39031,15.981292,14.351037,16.728989,16.552805,19.062355,17.594843,22.317802,19.883465,24.018707,27.534796,26.553713,23.646868,24.569254,24.721115,22.410643,24.20447,24.678728,24.757162,23.569052,25.064407,20.732763,23.733694,20.95476,25.207218
31,37.298653,34.28602,31.585545,27.35648,25.837309,24.444134,21.445574,22.557894,17.34559,19.56152,15.677155,19.147505,20.380407,19.733866,21.587076,17.325054,21.09697,16.188988,21.937641,17.851658,23.305431,23.0009,27.597584,25.590664,24.252058,21.94376,18.91799,14.607664,12.506879,9.84977,6.4186783,0.0,6.9558997,4.966079,8.776955,10.02798,13.236923,17.101175,12.73014,12.81182,10.45514,9.734951,9.906554,8.449301,12.338944,11.028625,17.824783,17.152868,20.939468,17.911976,15.298893,12.910903,14.741132,10.725353,13.786514,12.708384,9.172511,10.898776,11.200242,10.330355,12.212766,7.4244933,12.215788,12.780581,17.289713,18.077435,21.82834,23.182676,20.95776,20.377333,16.71406,19.794619,17.582706,13.5897,14.478103,12.949302,15.216637,14.924105,15.907497,16.837646,21.867043,18.428267,21.257137,16.634228,16.524178,14.335514,16.0255,14.538411,14.869717,17.049562,17.37502,20.43255,19.63961,23.934404,20.700014,23.870485,28.116755,25.570368,22.937939,22.558277,22.395735,19.441505,20.595291,20.555122,20.04402,19.43061,20.266163,17.12454,20.212023,18.328989,22.77288
32,36.33611,33.50698,30.249287,26.769943,25.020847,22.452856,19.717215,19.12453,13.909509,14.776428,9.959103,12.702626,14.168905,14.07651,16.86534,13.680901,18.677319,14.977411,21.059172,18.946451,24.354704,25.140432,29.565533,28.32548,26.950182,25.241577,21.610106,17.793772,14.320765,13.835907,5.8563366,6.9558997,0.0,7.0245094,6.038041,9.448063,10.610674,13.537,10.151856,11.289436,7.482526,10.870398,10.872688,12.59241,15.12016,16.385952,22.635273,22.001654,25.668839,22.958649,19.939505,18.324799,19.658476,14.848465,19.286594,19.005331,15.652344,17.824717,17.864847,17.15249,17.883411,13.167014,16.255238,15.133133,19.448103,17.34909,22.231268,22.328943,19.612368,20.006083,17.452587,21.40636,20.26109,17.150526,19.137386,18.480618,21.431986,21.521006,22.781166,23.780308,28.701605,24.998556,27.429592,22.682804,21.876518,19.481426,20.054052,17.791128,16.437893,17.587769,16.371405,19.724749,19.281445,23.849394,22.404848,25.657017,30.024092,28.481886,26.524286,26.661243,27.788324,24.564722,26.587553,26.944988,26.057728,24.991407,25.039,21.41821,23.445187,20.480516,24.424921
33,40.866646,38.095642,35.215904,31.169376,29.784473,27.871536,25.128038,25.32867,20.141071,21.587662,16.780268,19.580109,20.688637,20.01961,23.046946,19.141268,23.498522,19.192787,24.837214,21.48137,27.073137,27.01171,31.58302,29.95717,28.87921,26.51998,23.73272,19.422968,17.0527,14.803352,9.964976,4.966079,7.0245094,0.0,4.880612,5.418416,8.82259,13.054719,9.638539,10.938915,10.126358,9.8484,12.394033,11.617987,16.046154,15.195723,22.094883,21.848352,25.703558,22.652033,20.099728,17.492718,18.80262,14.667209,17.15572,16.36369,12.935254,13.736262,12.495893,12.037158,11.1652155,7.5986514,10.163323,10.035375,14.250189,14.614435,18.708445,20.0302,18.126314,18.017517,14.823366,17.879515,15.935183,13.173852,13.797766,13.919444,15.611258,17.393728,17.486647,19.410606,24.562069,22.038864,24.949024,20.34185,20.110128,17.273176,19.46755,16.490036,17.117218,18.273705,17.901253,21.526686,21.537073,25.602726,23.107113,25.454258,30.356342,27.278135,25.504612,24.394533,25.081928,21.377256,22.670992,22.503609,21.023466,20.596985,19.913403,17.733438,19.818382,17.98645,22.08161
34,41.504173,38.91084,35.71367,32.124958,30.67408,28.065859,25.567434,24.67971,19.669617,20.168884,14.807918,16.745016,17.828144,17.438677,21.350096,18.241095,23.242092,19.790121,25.461498,23.286045,28.861996,29.40816,33.88842,32.73645,31.683228,29.609617,26.535656,22.420439,19.358244,18.093876,11.311221,8.776955,6.038041,4.880612,0.0,4.225999,5.2695065,9.2171755,7.273302,10.002954,9.163085,11.277766,14.043577,14.883993,18.692535,19.152454,25.892227,25.70282,29.55953,26.631939,23.83314,21.553091,22.617664,18.005806,21.23273,20.864899,17.454836,18.575863,17.267017,16.883438,15.383561,12.070193,13.232005,11.737867,15.447437,13.438857,18.41863,18.798384,16.693752,17.44621,15.259599,18.812126,17.72856,15.8649645,17.169357,17.935888,20.010489,22.054495,22.30498,24.28963,29.391642,26.759441,29.474487,24.749998,24.121464,21.109064,22.743458,19.184305,18.934944,19.303593,17.898558,21.778326,22.201174,26.296469,24.971182,27.173985,32.25868,29.658789,28.429514,27.507658,29.05811,25.119526,26.941671,27.00554,25.225218,24.536469,23.19744,20.871063,22.097643,19.627308,23.245361
35,42.98256,40.61421,37.61008,33.78547,32.72952,30.311068,28.074272,27.337833,22.51456,23.342016,17.904215,20.3758,20.633345,19.626333,23.646044,20.121954,24.688631,21.222252,26.400026,24.006952,29.594477,29.89811,34.34298,33.343838,32.681957,30.33764,27.953373,23.715137,20.984333,19.55951,13.9392605,10.02798,9.448063,5.418416,4.225999,0.0,3.9827228,8.157203,5.895924,8.473203,9.877777,10.107545,14.401854,14.627956,19.003315,19.198345,25.928076,26.342445,30.348207,27.651085,25.268156,22.692617,24.204443,20.068321,22.435816,21.476673,18.052105,18.234085,16.524485,15.741666,13.3237095,10.394325,9.8496895,7.93616,11.303881,9.999514,14.594446,15.505929,13.856883,14.364841,12.115545,15.216568,14.096635,13.021925,14.043681,15.713307,17.620066,20.704826,20.860954,23.458757,28.206774,26.372551,28.85263,24.188688,23.444864,20.029934,22.230274,17.856283,18.429144,18.36588,17.209497,21.188612,22.078354,25.705585,24.25545,25.686043,31.12691,27.815022,27.101187,25.510414,27.479948,23.121262,24.985758,25.054047,22.684517,22.050325,19.897928,18.251532,18.940191,16.880877,20.276255
