,0,1,2,3,4,5,6,7,8,9,10,11,12,13,14,15,16,17,18,19,20,21,22,23,24,25,26,27,28,29,30,31,32,33,34,35,36,37,38,39,40,41,42,43,44,45,46,47,48,49,50,51,52,53,54,55,56,57,58,59,60,61,62,63,64,65,66,67,68,69,70,71,72,73,74,75,76,77,78,79,80,81,82,83,84,85,86,87,88,89,90,91,92,93,94,95,96,97,98,99,100,101,102,103,104,105,106,107
0,0.0,4.5769825,6.6938133,10.1442,13.363508,15.591819,19.027376,23.146824,25.660355,29.912054,33.670246,37.473328,36.859512,34.035698,32.408115,28.45765,25.659588,23.317802,19.29965,17.020578,14.772636,13.281251,7.4957294,9.740674,9.057459,11.565724,16.051062,18.500404,19.949814,23.280714,26.133747,28.92163,35.33431,36.78993,39.23687,42.52793,43.894703,41.976246,38.45771,34.435303,35.38563,30.232319,31.405605,26.369833,23.985893,21.32273,20.410303,16.055765,16.784424,13.391492,16.414862,19.179447,18.889318,18.115574,22.854017,25.51128,23.471764,27.633808,29.8244,29.131819,27.778442,25.556973,22.146494,23.782848,18.534996,25.066168,24.499298,28.321342,31.865118,32.90691,30.209677,34.382385,32.54047,36.22087,36.187725,38.031414,40.39501,38.963863,43.002876,40.31713,38.901512,39.101612,37.038628,32.733368,30.329086,26.637548,24.201107,19.550966,18.548561,14.922995,17.535337,23.760706,19.884777,18.43398,24.033106,24.425364,20.642366,20.951275,25.7686,27.392544,28.89338,31.295862,30.019644,34.8942,31.279373,35.956554,35.847145,39.081615
1,4.5769825,0.0,5.349453,6.3948026,10.120274,13.075936,15.602459,20.565779,22.445702,27.51276,30.724792,34.680317,34.501965,31.825033,30.674883,26.309309,23.990871,20.971668,17.538883,14.700382,13.659809,12.984784,7.3341784,7.3144455,7.445313,8.385381,13.307195,15.234014,16.879723,19.572752,22.921576,25.03565,31.78493,32.862213,35.465298,38.696575,39.872604,38.079617,34.40168,30.332813,31.751698,26.592379,28.078167,23.492218,20.925587,18.615969,17.959394,13.853982,15.680354,13.192215,16.14661,17.66968,18.270432,16.56396,21.03048,23.493448,20.798717,24.90384,27.433014,26.082926,24.446543,22.106651,18.37145,19.925673,14.529702,21.130915,20.397285,24.097967,27.511555,28.419313,25.821968,30.007957,28.252705,32.066357,32.153805,34.205383,36.653458,35.487995,39.626778,37.064552,35.585804,35.437542,33.38589,29.098602,26.360836,23.134556,20.127998,15.6794405,14.483714,10.914324,13.607287,20.034887,15.911733,14.106639,19.718977,20.25027,16.31052,16.380407,21.251333,22.997831,24.673126,27.041525,25.621185,30.610287,26.93423,31.564548,31.603397,34.756657
2,6.6938133,5.349453,0.0,5.315953,7.7252736,8.9321575,13.045108,16.580132,19.230694,23.308302,27.020046,30.8308,30.178522,27.389486,25.885904,21.802616,19.17993,16.68958,12.848953,10.829861,8.538015,8.631121,3.7452118,5.5309753,8.667125,8.360846,13.990684,14.713084,14.916285,18.871214,20.514374,23.785217,29.722015,31.094107,33.733616,36.835255,38.593464,36.860428,33.31243,29.347826,30.38835,25.530294,26.15649,21.390858,20.174314,17.03419,17.622194,12.383944,14.636701,11.488534,12.963184,14.198873,13.610735,11.697559,16.52192,18.966702,16.793709,20.959423,23.278229,22.749746,21.370682,19.767368,16.693033,19.18168,14.942633,21.851152,22.353168,26.023539,28.860994,29.272032,25.972496,29.800703,27.365774,30.912895,30.427828,32.1408,34.260857,32.610443,36.567677,33.754757,32.398373,32.8383,30.908768,26.582632,24.61956,20.442904,18.922747,14.092114,14.350997,11.751007,15.244806,21.798882,18.542309,16.037197,20.647911,22.40808,19.084732,17.933786,22.200048,24.881779,26.905039,28.543148,26.748127,31.10965,26.77227,31.308268,30.592823,33.849575
3,10.1442,6.3948026,5.315953,0.0,3.966169,7.603174,9.215794,14.54078,16.111387,21.536629,24.677908,28.49595,28.694765,26.279694,25.290823,20.693846,18.723623,15.165265,12.370301,9.070836,9.757205,10.3091,7.0303774,4.076681,7.8285837,4.8765755,10.58594,10.506491,11.175319,14.140189,16.773111,19.086258,25.590895,26.682184,29.339058,32.500084,33.916584,32.198677,28.529003,24.496569,25.922443,20.958967,22.12135,17.869638,16.155497,13.636316,14.375933,9.88391,13.389514,11.870643,13.510603,13.085282,14.383596,11.733914,15.589286,17.869236,14.918097,19.050508,22.168594,20.65537,18.612207,17.223892,13.564403,16.142996,11.879645,18.741291,18.813562,22.10564,24.655834,24.703098,21.66394,25.465927,23.030058,26.96108,26.52262,28.728397,30.874453,29.64003,33.741714,30.930937,29.281107,29.14887,27.036476,22.744774,20.188042,16.750412,14.117851,9.453516,9.198437,6.803764,10.449759,17.02763,13.855538,10.977151,15.354622,17.348486,14.318146,12.917946,16.93062,19.673445,21.791391,23.287968,21.434902,25.849283,21.612247,26.213007,25.796017,29.103243
4,13.363508,10.120274,7.7252736,3.966169,0.0,5.3544154,5.7275457,11.0337105,12.728454,18.026772,21.6599,25.076374,25.551708,23.417574,22.161137,17.61366,15.601785,11.855124,9.3355875,5.460105,8.05362,8.873624,8.133674,4.5679975,9.187157,5.071938,9.771091,8.174193,7.6016293,11.420262,13.025565,16.098661,22.105606,23.65278,26.077736,29.294113,30.978153,29.15207,25.698658,21.789936,22.680613,17.883537,18.561188,14.212368,13.3591,10.429457,12.286138,7.546384,11.829308,11.005187,11.511224,9.756644,11.695602,9.05158,12.102203,14.494229,11.947252,16.190296,19.89128,18.664957,16.278027,16.227703,13.012372,16.439306,13.422471,19.968712,20.495087,23.373558,25.26686,24.62639,21.379011,24.716805,21.64307,25.633108,24.578953,26.902468,28.627533,27.213991,31.190397,27.964178,26.043602,26.089125,23.775421,19.517754,17.344973,13.432925,11.57362,6.686591,7.5035286,6.6661844,10.351262,16.353302,14.406948,11.366726,14.298839,17.243885,15.380673,13.396938,16.213587,19.422577,21.603746,22.34921,20.39154,24.068998,19.634882,24.221087,23.38323,26.941751
5,15.591819,13.075936,8.9321575,7.603174,5.3544154,0.0,6.2239714,7.856287,10.606303,14.584029,18.157253,21.913311,21.474533,18.920132,17.76656,13.252802,11.2990055,7.9897566,5.4597073,4.4327965,4.869198,8.83758,9.783552,8.554028,13.692105,10.258163,14.876047,12.57532,10.212896,14.5668125,13.593059,17.518713,22.31582,23.519804,26.394896,29.13832,31.480524,30.067835,26.582172,22.870037,24.010006,19.939428,19.572863,15.773109,16.827862,13.46344,16.52887,11.47481,15.496254,13.956537,12.807987,10.377749,9.907741,4.989658,8.912719,10.642116,7.8972425,12.160754,15.180295,14.807384,13.117449,13.396476,11.363726,15.375676,13.868784,20.070734,21.95713,24.90545,26.385567,25.660141,21.681282,24.624964,21.189865,24.46336,23.087202,24.675867,26.253506,24.287756,28.092165,24.964922,23.587357,24.367725,22.620787,18.332977,17.263666,12.266423,12.890634,8.519522,11.525015,11.763294,15.378614,21.090948,19.283026,15.860537,17.936666,21.583004,19.537277,16.509598,19.05554,23.069239,25.629025,25.957363,23.534784,26.718208,21.491299,25.554455,23.84162,27.09092
6,19.027376,15.602459,13.045108,9.215794,5.7275457,6.2239714,0.0,7.0056715,7.284238,13.554321,16.632065,19.879658,21.023565,19.367292,18.650501,13.876851,12.924604,8.387142,8.384245,5.3666754,10.175165,12.285562,13.456196,10.120835,14.343848,9.790252,12.378544,8.493659,5.636763,8.709665,8.267625,11.371574,16.838306,18.160505,20.78238,23.805286,25.771536,24.16933,20.684927,16.908623,18.058638,13.849521,13.974486,10.861386,11.821174,9.378275,13.066487,9.77034,14.545428,14.92402,14.096175,10.005255,12.530602,8.994602,9.695846,11.175491,8.123562,11.866988,16.362211,14.734844,11.739869,13.361014,10.923835,15.014658,14.07691,19.4811,20.700964,22.85442,23.690443,22.163168,18.669758,21.239046,17.470818,21.402233,19.70926,22.201529,23.51815,22.122356,26.017527,22.580324,20.44853,20.40333,18.057775,13.796719,11.9283,7.7145944,7.039564,2.975043,6.8968315,9.139658,11.89002,16.404022,15.735908,12.381626,12.702275,17.020866,16.334969,13.151979,14.152469,18.244493,20.741507,20.425228,18.026701,20.691603,15.633157,19.858248,18.370525,21.994259
7,23.146824,20.565779,16.580132,14.54078,11.0337105,7.856287,7.0056715,0.0,4.658022,7.007105,11.694674,14.45481,14.73005,13.054765,11.676882,7.131883,6.2809334,1.7852871,5.3512053,6.7703466,9.929256,13.255851,16.56554,14.791007,19.501747,15.57864,18.157639,14.2343235,10.007465,13.818879,9.047494,14.088358,16.404509,18.12865,20.650991,23.075369,26.14022,24.85543,21.931595,18.899927,19.222885,16.50811,14.579059,12.195697,15.943675,12.94783,17.623606,14.029486,18.04116,17.902311,15.177506,10.352938,10.571226,6.726557,4.3882737,4.279521,3.260663,6.6481614,11.3158655,11.79219,9.546011,13.553364,13.321717,17.868399,18.658272,23.444668,25.877863,27.930029,28.143559,26.257303,22.18885,23.833311,19.409613,22.264051,19.563704,21.123642,21.575556,19.184258,22.506382,18.50068,16.651552,18.076069,16.22915,12.322929,13.063925,7.11665,11.528085,9.577757,13.754282,15.967767,18.746868,22.750313,22.669865,19.361572,18.903755,23.61947,23.210072,19.590065,19.941319,24.419588,26.990168,25.992298,23.429245,24.862547,19.468462,22.764458,19.987633,23.322966
8,25.660355,22.445702,19.230694,16.111387,12.728454,10.606303,7.284238,4.658022,0.0,7.577431,9.589482,12.681403,14.291486,13.264806,13.440259,8.815051,9.99237,5.9423943,9.809568,9.928664,13.902546,17.106405,19.654896,17.042652,21.464987,17.022434,18.960394,14.440752,10.511522,12.289947,7.4762907,10.675833,12.997825,13.756256,16.811743,19.039253,21.956526,20.996948,17.756298,14.741725,16.07114,13.857773,12.20701,11.699814,15.434168,13.552393,18.279827,15.817467,20.218948,20.830519,18.675762,13.501335,14.9468355,11.068421,8.804788,7.808257,5.0757065,6.247326,11.485231,10.192292,6.95361,11.868119,11.84834,16.135717,17.855318,21.605953,24.02124,25.474516,25.060446,22.692049,18.789454,19.922735,15.286623,18.226871,15.311452,17.329777,17.731028,15.820515,19.364609,15.489116,13.360841,14.003401,12.117953,7.959075,8.567154,2.7152321,8.499802,8.602887,12.939602,16.10546,18.271215,21.3966,21.669062,18.328934,16.611774,21.682621,21.757593,17.727518,17.050823,21.763031,24.462029,23.021725,20.233215,21.209572,15.5618515,18.427,15.432711,18.678143
9,29.912054,27.51276,23.308302,21.536629,18.026772,14.584029,13.554321,7.007105,7.577431,0.0,7.402709,8.209227,8.407293,7.9932423,6.482185,4.084865,6.2889223,6.6310344,10.952832,13.471269,15.834511,19.08239,23.143316,21.680439,26.284388,22.434479,24.386341,20.140558,15.670405,18.562157,11.955171,16.576145,15.539008,17.242409,19.36958,20.885317,24.80834,24.000393,21.844208,19.886097,19.624754,18.778915,15.484202,15.094178,20.334175,17.881937,22.894363,20.100307,23.644556,23.82178,20.335932,15.333873,14.887397,12.308012,8.030813,4.9185123,7.5070705,6.0458755,9.716562,11.881782,10.577331,16.39748,17.780624,22.051233,24.273153,27.965807,31.00376,32.55399,31.931635,29.476849,25.379087,25.86973,21.104977,22.875423,19.23449,20.046062,19.24749,16.201662,18.48468,13.803972,12.081001,14.942143,13.780271,11.262744,14.413994,9.538941,15.904208,15.644654,19.844275,22.582706,24.990778,28.06462,28.726326,25.513462,23.891075,28.94472,29.17545,25.242174,24.542753,29.169096,31.7308,29.95536,27.327717,27.414602,22.135933,24.270227,20.554441,23.372961
10,33.670246,30.724792,27.020046,24.677908,21.6599,18.157253,16.632065,11.694674,9.589482,7.402709,0.0,5.659872,6.4144597,6.550857,10.087743,7.9864454,12.230903,11.500708,16.27637,18.359964,20.659191,24.734137,27.74408,25.908121,30.651117,26.321198,28.544386,23.99661,19.963562,21.276482,15.578578,17.52422,16.112324,15.084995,18.48919,18.714622,22.634264,23.028273,20.394796,18.856642,20.708689,20.75691,18.095085,19.606936,24.32014,22.674368,27.58767,25.137976,29.286718,29.561808,26.671673,21.586317,21.395277,17.445547,14.45965,11.201255,10.3293915,6.218821,7.6693807,8.003817,7.705239,13.701645,16.466368,19.842665,23.76378,25.65492,29.363926,30.285345,28.814657,26.149021,22.016924,21.497189,16.961714,17.379131,13.555971,13.410253,12.258093,8.90998,11.25907,7.2590513,7.215949,10.196731,11.04617,9.449586,13.158904,10.565512,16.672323,17.8351,22.229668,25.458061,27.59077,30.305235,30.638718,27.18068,24.839108,30.01681,30.016117,25.408705,24.206505,29.160913,32.040417,30.068289,27.010424,26.833326,21.162903,22.032265,17.837404,19.423555
11,37.473328,34.680317,30.8308,28.49595,25.076374,21.913311,19.879658,14.45481,12.681403,8.209227,5.659872,0.0,5.4993725,8.406667,10.282107,10.461722,14.085544,14.361651,19.004654,21.123863,23.809732,27.20527,30.99194,29.113579,33.61601,29.415977,30.845736,26.185575,21.95392,23.170242,16.568966,18.880215,15.098639,15.219145,17.248013,17.098284,21.54205,21.81049,20.304033,19.70421,20.008566,21.197598,17.660637,19.893658,25.36362,23.955847,28.975832,27.16077,30.842999,31.567135,28.219294,22.953924,23.043907,20.338438,16.20599,13.077576,14.179839,10.696288,12.359703,13.655896,13.029643,19.249342,21.68778,25.197266,28.844826,30.90152,34.29025,34.999146,33.297165,30.219769,26.485699,25.543139,20.89249,21.30475,16.999788,17.08606,14.758118,11.688628,12.36692,7.125163,5.7539725,10.017059,10.554558,10.701145,15.367808,13.316274,19.661446,21.177898,25.273808,28.677996,30.53204,32.507446,33.695324,30.5591,27.614218,32.838005,33.656754,29.363615,27.464453,32.105713,34.680016,32.163475,29.431606,28.196474,23.248753,23.714205,19.326824,21.004097
12,36.859512,34.501965,30.178522,28.694765,25.551708,21.474533,21.023565,14.73005,14.291486,8.407293,6.4144597,5.4993725,0.0,3.836789,6.7759805,8.512834,12.360418,13.979477,18.255455,21.341633,22.720583,26.625807,30.475222,29.364962,34.19621,30.26216,32.548534,28.191608,23.819706,26.031904,19.512896,22.68585,20.027004,20.091755,22.531483,22.492458,26.85975,27.142727,25.307056,24.23854,24.820887,25.267523,21.831415,22.88551,28.255928,26.143463,31.177761,28.41753,32.02316,31.968094,28.356827,23.61187,22.323074,19.359896,15.832558,12.284434,13.783834,9.972335,9.442559,12.685206,13.383559,18.905592,21.86002,25.368792,29.058802,31.349632,35.26729,36.431637,35.093895,32.526863,28.324451,27.766914,23.321177,23.346804,19.509893,18.671318,16.87029,13.140045,13.66312,9.760506,10.395833,14.609708,15.556294,14.822925,19.006311,15.780362,22.261307,22.78913,27.214228,30.14267,32.528976,35.431072,35.945415,32.532585,30.48511,35.67017,35.705666,31.24727,30.2613,35.150597,37.927162,35.873455,32.968994,32.489277,27.087772,27.938717,23.627316,25.17348
13,34.035698,31.825033,27.389486,26.279694,23.417574,18.920132,19.367292,13.054765,13.264806,7.9932423,6.550857,8.406667,3.836789,0.0,5.5277576,6.2740583,10.259677,11.994809,15.981494,19.384075,20.064932,24.36983,27.913425,27.13441,32.122643,28.307665,31.183577,27.062298,22.7746,25.445374,19.38528,22.83615,21.472492,21.389946,24.320768,24.646145,28.794743,28.966106,26.623093,24.998013,26.047533,25.726616,22.659958,22.924042,27.895056,25.426786,30.354149,27.012539,30.716797,30.194487,26.718853,22.306904,20.429686,16.902557,14.186352,10.582195,11.5289345,7.7994466,6.03658,10.308954,11.593654,16.445581,19.473293,22.991909,26.516918,29.05921,33.156406,34.651436,33.6824,31.518997,27.053001,26.980602,22.683128,22.837315,19.458366,18.4831,17.480982,13.678158,14.979787,11.767285,12.646348,16.38222,17.19778,15.557279,19.100431,15.189274,21.4199,21.300655,25.851114,28.444485,31.127686,34.657326,34.611744,31.033474,29.646616,34.725296,34.177315,29.664055,29.352743,34.35622,37.263912,35.63083,32.613094,32.84846,27.111206,28.402546,24.29851,25.952633
14,32.408115,30.674883,25.885904,25.290823,22.161137,17.76656,18.650501,11.676882,13.440259,6.482185,10.087743,10.282107,6.7759805,5.5277576,0.0,5.140627,6.942291,10.420108,13.538918,17.338114,17.751617,21.335901,25.710665,25.32628,30.127584,26.759514,29.37139,25.552872,21.101442,24.6758,18.214724,23.042437,21.609356,23.052076,25.168003,26.155197,30.366566,29.84632,27.902876,26.162594,25.873972,25.207983,21.747236,20.957888,26.184334,23.265179,28.123169,24.632309,27.731176,27.09352,23.120623,19.03531,16.640652,14.481845,11.079125,7.8727875,11.307857,9.278438,9.411077,13.958,14.338502,19.320707,21.466234,25.516514,27.976841,31.621584,35.25159,37.089005,36.58145,34.449287,30.037743,30.466663,25.924694,26.894232,23.399248,23.12657,22.140545,18.494495,19.90032,15.863266,15.523773,19.293001,19.060328,17.12207,20.536972,15.692126,21.933167,21.064407,25.36989,27.60963,30.411455,34.05371,34.300537,30.943441,29.937403,34.906464,34.594807,30.550703,30.439722,35.197243,37.867435,36.288364,33.571266,33.820625,28.398561,30.3314,26.427284,28.790892
15,28.45765,26.309309,21.802616,20.693846,17.61366,13.252802,13.876851,7.131883,8.815051,4.084865,7.9864454,10.461722,8.512834,6.2740583,5.140627,0.0,4.4458375,5.8861446,9.821282,13.23196,14.208507,18.248924,21.993078,21.147984,26.064705,22.388071,25.24775,21.340584,17.023182,20.433832,14.5918255,19.112183,19.118437,20.13874,22.842009,24.221775,28.046648,27.454184,24.892525,22.607237,23.089031,21.731586,18.894575,17.860376,22.534035,19.66846,24.492197,20.873014,24.497229,23.92498,20.49925,16.103443,14.378447,10.865419,7.9684024,4.394397,6.2251387,4.541506,6.62392,10.050049,9.8036,14.704954,16.472965,20.656317,22.94142,26.724064,30.189566,32.07968,31.74545,29.749657,25.315237,26.120539,21.624144,23.080011,19.900064,20.115192,19.828733,16.520153,18.9564,15.050687,14.362469,17.28901,16.72633,13.871856,16.50811,11.290493,17.227,16.199198,20.625746,22.912992,25.74476,29.607914,29.520275,26.049768,25.219688,30.147438,29.585964,25.470158,25.585783,30.400146,33.162167,31.835913,29.021872,29.80396,24.146688,26.427017,22.803026,25.349913
16,25.659588,23.990871,19.17993,18.723623,15.601785,11.2990055,12.924604,6.2809334,9.99237,6.2889223,12.230903,14.085544,12.360418,10.259677,6.942291,4.4458375,0.0,4.7321005,6.6355057,10.635214,10.951098,14.483493,18.816673,18.475643,23.25839,20.087296,23.00851,19.606693,15.348841,19.770344,14.271838,19.837433,20.53297,22.525318,24.75082,26.704952,30.355373,29.235085,26.797585,24.244728,23.93232,21.898962,19.143063,16.72144,21.111778,17.685097,22.25241,18.167065,21.301859,20.356125,16.623,12.743074,10.176348,7.5941997,4.623405,2.3972306,6.714125,7.8130007,10.157489,13.387432,12.729865,16.814524,17.656467,22.055992,23.195105,27.932615,30.954754,33.22882,33.445164,31.69861,27.343904,28.719019,24.278429,26.323399,23.358942,23.971737,23.929066,20.781464,23.349747,19.2756,18.118177,20.808477,19.592005,16.411814,18.404984,12.608143,17.762274,15.6905,19.729311,21.41357,24.455032,28.693525,28.54773,25.263878,25.1612,29.799204,29.151968,25.538939,26.170044,30.689016,33.256165,32.22656,29.674458,30.821413,25.43688,28.3544,25.120298,28.134161
17,23.317802,20.971668,16.68958,15.165265,11.855124,7.9897566,8.387142,1.7852871,5.9423943,6.6310344,11.500708,14.361651,13.979477,11.994809,10.420108,5.8861446,4.7321005,0.0,4.827967,7.415744,9.51056,13.242462,16.71598,15.4143305,20.260447,16.530752,19.435963,15.717025,11.544794,15.56011,10.757816,15.815038,17.82641,19.435911,22.029415,24.282276,27.497879,26.324528,23.434044,20.479242,20.834747,18.257294,16.183311,13.780894,17.587349,14.428041,19.029573,15.12955,18.973822,18.46775,15.521395,11.018757,10.260042,6.1315575,3.9235487,3.0927188,2.860084,6.0976787,10.23335,11.421653,9.708834,13.604175,13.735525,18.261446,19.187012,23.977457,26.668802,28.840225,29.09809,27.334091,23.11477,24.743038,20.360182,22.940348,20.249893,21.469803,21.899086,19.274542,22.478868,18.557652,17.019655,18.791586,17.225395,13.441209,14.494459,8.566593,13.147146,11.041737,15.241983,17.222132,20.163332,24.386585,24.11459,20.744743,20.53245,25.2017,24.549711,20.864948,21.455587,25.994486,28.615362,27.695007,25.083881,26.56978,21.089819,24.276459,21.375069,24.555288
18,19.29965,17.538883,12.848953,12.370301,9.3355875,5.4597073,8.384245,5.3512053,9.809568,10.952832,16.27637,19.004654,18.255455,15.981494,13.538918,9.821282,6.6355057,4.827967,0.0,4.4916196,4.9604607,8.546383,12.3689,11.857499,16.687021,13.671536,17.142658,14.398715,10.800724,15.95954,12.608149,18.095144,21.124575,23.259546,25.557093,28.223389,31.15128,29.595089,26.714924,23.471695,23.393908,20.003542,18.425795,14.499593,17.230316,13.406821,17.296614,12.434112,15.789515,14.440514,11.501966,8.175688,6.193406,1.5065923,3.8844852,6.26963,6.629775,10.5672655,13.803988,15.112324,13.601492,15.960952,15.127254,19.514492,18.995975,24.766563,26.974047,29.649046,30.633907,29.369965,25.27415,27.5701,23.52597,26.4846,24.25113,25.605793,26.394442,23.876814,27.187353,23.37753,21.800388,23.406162,21.555325,17.62258,17.874668,12.066358,14.893631,11.342825,14.719737,15.556397,18.875532,23.833937,23.094254,19.92899,21.002478,25.081514,23.96598,20.945923,22.490152,26.592487,29.010212,28.670633,26.346571,28.516167,23.375038,27.156021,24.801796,28.219814
19,17.020578,14.700382,10.829861,9.070836,5.460105,4.4327965,5.3666754,6.7703466,9.928664,13.471269,18.359964,21.123863,21.341633,19.384075,17.338114,13.23196,10.635214,7.415744,4.4916196,0.0,5.680558,7.3445654,10.172489,8.2655115,12.912186,9.480648,12.710145,10.029992,6.9336767,12.268806,10.677285,15.681898,20.000175,22.29492,24.401583,27.494596,29.871824,28.010197,25.00923,21.487404,21.399405,17.290543,16.579206,12.0384245,13.486916,9.705974,13.202982,8.297845,12.238519,11.473855,9.626956,6.1139274,7.304032,4.7419763,6.7433395,9.54602,8.587335,12.897318,16.86829,16.887938,14.615426,16.40818,14.445125,18.656548,17.161983,23.277323,24.652126,27.281897,28.527334,27.305368,23.64335,26.295095,22.471495,26.07306,24.150248,26.162956,27.22211,25.23403,28.848827,25.053978,23.022894,23.8482,21.508184,17.399866,16.549938,11.38319,12.264644,8.0894375,10.657286,11.255312,14.49822,19.519196,18.795202,15.833898,17.222012,20.99093,20.058208,17.549406,19.18826,22.874939,25.091301,24.985374,22.911528,25.457949,20.73489,24.970675,23.257374,26.951982
20,14.772636,13.659809,8.538015,9.757205,8.05362,4.869198,10.175165,9.929256,13.902546,15.834511,20.659191,23.809732,22.720583,20.064932,17.751617,14.208507,10.951098,9.51056,4.9604607,5.680558,0.0,5.3606777,8.053763,8.972052,13.732274,11.700942,16.209747,14.784214,12.438287,17.729399,16.17329,21.157112,25.249025,27.220236,29.637583,32.479,35.084286,33.427917,30.322983,26.780252,26.977537,22.962948,22.095575,17.505465,18.802668,14.85101,17.56452,11.935287,14.7402,12.139006,10.175509,9.312264,6.5186534,3.5436,8.639776,11.089568,10.531744,14.61153,17.0581,18.054537,16.846338,17.518387,15.93566,19.81814,17.989082,24.40562,26.23632,29.407896,31.118586,30.509676,26.526745,29.446869,25.921623,29.039389,27.426188,28.763227,30.05818,27.70662,31.218657,27.792042,26.418016,27.772308,25.941965,21.822523,21.333843,15.895959,17.18218,12.734772,15.1447935,14.639065,18.280819,24.05411,22.415592,19.402456,21.901707,25.237114,23.27268,20.82778,23.503,27.203142,29.515314,29.90426,27.743296,30.756374,25.801445,29.943209,28.101845,31.494394
21,13.281251,12.984784,8.631121,10.3091,8.873624,8.83758,12.285562,13.255851,17.106405,19.08239,24.734137,27.20527,26.625807,24.36983,21.335901,18.248924,14.483493,13.242462,8.546383,7.3445654,5.3606777,0.0,5.8859205,7.4273496,10.763024,10.214175,13.744344,13.5819,12.180124,17.734505,17.113813,22.36071,26.606014,29.45585,31.15694,34.431137,36.770584,34.602913,31.87597,28.375566,27.570004,23.210089,22.58662,17.067024,17.422915,13.347769,14.904836,9.27148,10.528242,7.2286615,5.4218087,7.3537216,5.7103143,7.61429,11.128957,14.424212,14.804133,19.002384,22.002047,22.936916,21.279522,22.209803,20.058964,23.806135,21.044651,27.803999,28.755133,31.932833,33.947395,33.329464,29.793888,32.889748,29.395897,32.974728,31.299126,33.08745,34.251495,32.04444,35.53924,31.72363,29.832497,31.004904,28.632963,24.629143,23.82308,18.698586,19.088192,14.504947,15.54881,14.200084,17.467024,22.948732,21.706789,19.449587,22.379845,25.05782,23.5756,22.197739,24.824396,27.761913,29.567648,30.121386,28.513145,31.504576,27.333937,31.830185,30.428297,34.188717
22,7.4957294,7.3341784,3.7452118,7.0303774,8.133674,9.783552,13.456196,16.56554,19.654896,23.143316,27.74408,30.99194,30.475222,27.913425,25.710665,21.993078,18.816673,16.71598,12.3689,10.172489,8.053763,5.8859205,0.0,4.657728,7.19744,7.887575,12.713226,13.861378,14.0396385,18.57134,19.930325,23.885338,29.42485,31.53075,33.667957,36.97986,38.82602,36.780727,33.59034,29.757025,29.917377,25.048962,25.421635,20.115582,18.92214,15.49499,15.795591,10.396317,11.751348,8.070666,9.636855,11.933391,11.468312,11.254694,15.683963,18.62244,17.434034,21.756569,24.468634,24.442257,22.83627,22.170145,19.240767,22.162987,18.150938,25.098713,25.421377,28.920782,31.605324,31.682701,28.459553,32.119865,29.338442,33.06365,32.16804,34.0521,35.83737,34.032726,37.86478,34.598927,32.917606,33.539253,31.294077,27.063896,25.344124,20.906471,19.694124,14.815117,14.82453,12.182177,15.493047,21.68791,19.158588,17.066183,21.38629,23.148798,20.587868,19.829695,23.563402,26.023607,27.773012,29.171572,27.64985,31.61744,27.604383,32.280365,31.505596,35.060017
23,9.740674,7.3144455,5.5309753,4.076681,4.5679975,8.554028,10.120835,14.791007,17.042652,21.680439,25.908121,29.113579,29.364962,27.13441,25.32628,21.147984,18.475643,15.4143305,11.857499,8.2655115,8.972052,7.4273496,4.657728,0.0,5.14984,3.3723972,8.686945,9.460659,10.237664,14.163736,16.481716,19.758734,25.793404,27.799353,29.85588,33.278694,34.813526,32.712048,29.470135,25.590681,25.908464,20.87087,21.72659,16.662327,14.846793,11.838149,12.092614,7.010608,9.728215,7.7982297,9.8058405,10.447636,12.082916,11.190368,14.798549,17.696156,15.915951,20.270655,23.707535,22.89381,20.71436,20.310734,16.957813,19.941368,15.932959,22.759357,22.66382,25.822128,28.276428,28.04318,25.105,28.709373,25.920963,29.978392,29.090273,31.411726,33.18902,31.732239,35.680668,32.371742,30.388466,30.521355,28.05528,23.861074,21.645174,17.801937,15.660536,10.912435,10.276122,7.616621,10.977591,17.168879,14.8641815,12.689858,16.787817,18.648788,16.528173,15.814538,19.181679,21.54355,23.265726,24.538742,23.070011,27.027916,23.224987,27.990753,27.501186,31.146921
24,9.057459,7.445313,8.667125,7.8285837,9.187157,13.692105,14.343848,19.501747,21.464987,26.284388,30.651117,33.61601,34.19621,32.122643,30.127584,26.064705,23.25839,20.260447,16.687021,12.912186,13.732274,10.763024,7.19744,5.14984,0.0,4.7666106,7.22994,10.540748,12.996274,15.891328,19.60754,22.271809,28.62374,30.923382,32.52531,36.20189,37.272488,34.864693,31.83771,28.013578,27.919863,22.645138,24.114439,18.85387,15.564864,13.361255,11.521963,8.157545,8.70021,7.244364,11.323473,13.394081,15.767008,16.057123,19.306765,22.416632,20.873037,25.207449,28.812788,27.798143,25.439386,24.84912,21.151114,23.624414,18.871458,25.475904,24.341854,27.407038,30.253105,30.252214,27.963142,31.747402,29.33191,33.661236,32.999702,35.6326,37.473373,36.270172,40.261475,36.89606,34.658947,34.475887,31.73003,27.68558,25.038963,21.863037,18.755304,14.491842,12.286811,8.58621,10.586405,16.142778,13.749225,12.917955,17.71417,18.210604,16.31795,17.192356,20.630783,21.808636,22.862093,24.660265,23.869846,28.063755,25.24704,30.164154,30.319971,34.05834
25,11.565724,8.385381,8.360846,4.8765755,5.071938,10.258163,9.790252,15.57864,17.022434,22.434479,26.321198,29.415977,30.26216,28.307665,26.759514,22.388071,20.087296,16.530752,13.671536,9.480648,11.700942,10.214175,7.887575,3.3723972,4.7666106,0.0,5.828689,6.958414,9.022861,11.823519,15.470072,17.874155,24.39342,26.345957,28.227385,31.779713,32.932503,30.724855,27.489513,23.59243,23.975367,18.747229,20.20851,15.396648,12.582569,10.325379,9.88989,6.0262775,9.174555,8.816492,11.352965,11.283211,14.244568,13.3082485,16.151932,18.951012,16.868355,21.087914,24.947565,23.547945,20.979841,20.657888,16.979765,19.741152,15.602014,22.110893,21.404156,24.2513,26.636099,26.253103,23.746748,27.34575,24.708683,29.052582,28.271128,30.970652,32.76619,31.650475,35.664604,32.365387,30.136078,29.81286,27.1428,23.06048,20.333595,17.263908,14.043943,9.731897,7.8110228,4.6116805,7.676743,13.827081,11.631582,9.732726,13.902663,15.445691,13.7451515,13.548136,16.632795,18.561886,20.09108,21.434196,20.188032,24.25201,20.899952,25.77077,25.710634,29.420605
26,16.051062,13.307195,13.990684,10.58594,9.771091,14.876047,12.378544,18.157639,18.960394,24.386341,28.544386,30.845736,32.548534,31.183577,29.37139,25.24775,23.00851,19.435963,17.142658,12.710145,16.209747,13.744344,12.713226,8.686945,7.22994,5.828689,0.0,4.8880935,8.915785,10.018744,15.021262,16.762318,23.101696,25.804438,26.731777,30.628967,31.290375,28.583094,25.92113,22.340591,21.612154,16.299627,18.34789,13.526521,8.919114,8.133111,5.163546,5.478789,7.1219716,9.570818,12.467232,12.200872,16.830061,17.14418,18.607403,21.531946,20.098532,24.063116,28.5618,27.017902,23.960886,24.533234,20.889225,23.617422,19.79986,25.647182,24.196083,26.378862,28.415165,27.526178,25.750544,28.991909,26.305002,30.982174,29.942057,33.17348,34.60822,33.78484,37.658142,34.001904,31.189592,30.469738,27.27087,23.642792,20.680725,18.584204,14.695674,11.735952,8.350772,6.1684484,6.2411165,10.032497,9.905947,9.727249,12.590861,13.374539,13.785295,14.840701,16.409473,17.160454,17.84113,18.843916,18.455708,21.879358,19.884134,24.80929,25.296217,29.291359
27,18.500404,15.234014,14.713084,10.506491,8.174193,12.57532,8.493659,14.2343235,14.440752,20.140558,23.99661,26.185575,28.191608,27.062298,25.552872,21.340584,19.606693,15.717025,14.398715,10.029992,14.784214,13.5819,13.861378,9.460659,10.540748,6.958414,4.8880935,0.0,4.5305476,5.5528083,10.262254,12.137694,18.434856,21.078638,22.176872,25.995567,26.934202,24.372503,21.580822,17.961422,17.391865,12.104875,13.884544,9.393485,5.750505,4.702664,5.2162037,5.1521816,9.053088,11.569829,12.7142315,10.255138,15.280996,14.765411,15.311023,17.84221,16.27077,19.931957,24.711401,23.033573,19.767235,21.101364,17.840055,20.996233,18.289934,23.79064,23.04951,24.92843,26.282482,24.816208,22.703037,25.520115,22.364239,26.982145,25.560793,28.82806,30.023699,29.178291,32.971794,29.230072,26.341394,25.606192,22.394392,18.772831,15.954362,13.852408,10.25442,7.7428513,5.1428285,5.769072,6.491686,9.905328,10.673833,9.225909,10.097763,12.726096,13.720913,13.254276,13.778757,15.651111,16.92501,16.988909,15.980642,18.802673,16.040474,20.90731,20.900402,24.992994
28,19.949814,16.879723,14.916285,11.175319,7.6016293,10.212896,5.636763,10.007465,10.511522,15.670405,19.963562,21.95392,23.819706,22.7746,21.101442,17.023182,15.348841,11.544794,10.800724,6.9336767,12.438287,12.180124,14.0396385,10.237664,12.996274,9.022861,8.915785,4.5305476,0.0,5.8285866,6.6199303,10.591914,15.835566,18.769968,20.047882,23.68997,25.341331,22.959345,20.221766,16.726099,15.903365,11.160421,11.502639,6.6966286,6.690102,3.7438264,7.8855042,6.0086904,10.41063,12.288772,11.677595,7.489153,12.336427,11.491982,11.095473,13.476216,12.390506,15.941965,20.872408,19.719755,16.48972,18.84395,16.304625,20.11609,18.495089,23.948309,24.21684,26.106699,26.985125,25.170368,22.410975,24.8055,21.0258,25.311264,23.310488,26.283133,27.127462,25.872404,29.503986,25.482046,22.60992,22.404451,19.265833,15.52303,13.612181,10.306482,8.817932,6.187351,6.708756,8.672698,10.400163,13.697871,14.567807,12.332288,12.158158,15.972949,16.788559,15.025449,15.118397,18.086477,19.825235,19.202478,17.629868,19.649189,15.927133,20.47034,19.491627,23.630438
29,23.280714,19.572752,18.871214,14.140189,11.420262,14.5668125,8.709665,13.818879,12.289947,18.562157,21.276482,23.170242,26.031904,25.445374,24.6758,20.433832,19.770344,15.56011,15.95954,12.268806,17.729399,17.734505,18.57134,14.163736,15.891328,11.823519,10.018744,5.5528083,5.8285866,0.0,7.27585,6.7526293,13.574262,15.832241,16.919449,20.708078,21.440596,18.993963,16.046041,12.430862,12.350311,7.0567575,9.598698,7.462278,5.1614094,6.574424,8.850486,10.176631,14.031216,16.801453,17.055006,13.150814,18.140879,16.73705,15.988608,17.612585,15.678324,18.420685,23.488043,21.17296,17.554441,19.673038,16.893833,19.955294,18.639036,22.924202,22.441412,23.517523,23.914713,21.65461,19.781374,21.869526,18.472021,23.122677,21.423248,25.045258,25.953781,25.514603,29.181381,25.513796,22.38877,21.058975,17.710522,14.463707,11.2414255,10.75987,6.522288,7.0805836,5.663506,9.079561,8.78891,9.600379,11.754865,10.071299,7.396365,11.558685,13.910467,12.447693,10.746548,13.20285,14.753602,13.560594,12.146982,13.9389715,10.930165,15.649866,15.590051,19.786484
30,26.133747,22.921576,20.514374,16.773111,13.025565,13.593059,8.267625,9.047494,7.4762907,11.955171,15.578578,16.568966,19.512896,19.38528,18.214724,14.5918255,14.271838,10.757816,12.608149,10.677285,16.17329,17.113813,19.930325,16.481716,19.60754,15.470072,15.021262,10.262254,6.6199303,7.27585,0.0,6.7384963,9.573425,13.0731325,14.071106,17.551992,19.776033,17.56288,15.161483,12.264597,10.854609,7.696296,6.0048366,4.4558487,8.857691,7.948689,12.70399,12.341568,16.123575,18.272446,16.520922,11.157215,15.221516,13.868252,11.054582,11.939072,11.4678335,13.415862,18.73299,17.574041,14.103285,18.330763,17.025074,20.98226,21.235561,25.439852,26.414356,27.57269,27.324984,24.61504,21.797386,23.023184,18.604567,22.443712,19.538061,22.56658,22.587366,21.340853,24.549736,20.130148,16.780748,16.561481,13.128322,9.881528,9.208991,6.4280066,7.9630685,8.714844,10.871242,14.260323,15.335025,16.81757,18.782837,16.463581,13.815801,18.570417,20.364569,17.68327,15.8940115,19.442814,21.346663,19.405945,17.502924,17.64558,13.583081,17.152683,15.148174,19.334969
31,28.92163,25.03565,23.785217,19.086258,16.098661,17.518713,11.371574,14.088358,10.675833,16.576145,17.52422,18.880215,22.68585,22.83615,23.042437,19.112183,19.837433,15.815038,18.095144,15.681898,21.157112,22.36071,23.885338,19.758734,22.271809,17.874155,16.762318,12.137694,10.591914,6.7526293,6.7384963,0.0,7.811716,9.098176,10.592422,14.124944,15.082272,13.114231,9.745792,6.1384535,7.545324,4.459548,6.3316913,8.993575,10.274505,11.7787,15.069516,16.189232,20.1317,22.742144,22.04547,17.136375,21.430021,19.219685,17.148952,17.460924,15.448134,16.607658,21.620453,18.860521,15.141245,18.492306,16.912745,19.838621,20.542896,23.278957,23.626698,23.85307,22.931578,19.692389,17.825632,18.550385,14.609915,18.829762,16.42881,20.26928,20.560186,20.502,23.837732,20.25436,16.912338,14.921095,11.480863,8.967387,5.7379694,8.167079,5.973211,9.942695,10.855745,14.942754,14.744156,14.364683,16.80899,14.839592,10.048528,14.922615,17.663187,14.958772,11.286967,14.600453,16.509361,13.836477,11.72359,11.157716,7.0542965,10.606155,9.457892,13.823392
32,35.33431,31.78493,29.722015,25.590895,22.105606,22.31582,16.838306,16.404509,12.997825,15.539008,16.112324,15.098639,20.027004,21.472492,21.609356,19.118437,20.53297,17.82641,21.124575,20.000175,25.249025,26.606014,29.42485,25.793404,28.62374,24.39342,23.101696,18.434856,15.835566,13.574262,9.573425,7.811716,0.0,6.2130346,4.763179,8.321454,10.8766575,8.835534,7.7695394,7.5522676,4.948093,7.9618,5.388243,11.256137,15.138233,16.327322,20.18944,21.446093,24.806013,27.539764,25.7288,20.33232,24.076845,22.527739,18.81539,18.235146,17.918148,17.589184,22.302565,20.56889,17.313469,22.398886,22.172394,25.349749,27.188107,29.445238,30.517477,30.43419,28.750614,24.981491,23.061258,22.465563,18.133821,21.055193,17.424458,20.71486,19.452404,19.136356,21.306055,17.0015,12.924896,11.317642,7.311325,7.7481546,8.741285,10.959709,12.910036,16.439556,18.201262,22.17329,22.19592,21.291315,24.419239,22.60432,17.719841,22.330732,25.44508,22.600721,18.628387,21.702032,23.280584,19.812178,18.112154,15.156457,12.481874,13.329609,10.564495,14.207821
33,36.78993,32.862213,31.094107,26.682184,23.65278,23.519804,18.160505,18.12865,13.756256,17.242409,15.084995,15.219145,20.091755,21.389946,23.052076,20.13874,22.525318,19.435911,23.259546,22.29492,27.220236,29.45585,31.53075,27.799353,30.923382,26.345957,25.804438,21.078638,18.769968,15.832241,13.0731325,9.098176,6.2130346,0.0,5.141429,6.2144074,8.383834,8.635928,5.382364,5.462424,8.920957,11.344116,10.666543,15.947885,18.917246,20.151722,23.904776,24.69175,28.660984,31.014069,29.538458,24.12384,27.384315,24.57571,21.5096,20.301289,18.600626,17.469086,21.461233,18.563206,15.57226,19.9783,20.23543,22.603094,25.469883,26.314173,27.714886,27.05099,24.636215,20.583138,18.87327,17.386227,13.324306,15.6367235,12.112064,15.635123,14.493387,15.158905,17.457203,14.3575945,11.024931,7.5722756,4.750935,6.3296227,6.710178,11.416186,12.815131,17.2409,19.298069,23.473528,23.47054,22.717108,25.051659,22.908642,17.683678,22.320547,24.899338,21.420828,17.082438,20.5435,22.549961,19.095148,16.77002,13.865291,10.322199,9.357811,5.4266176,8.287426
34,39.23687,35.465298,33.733616,29.339058,26.077736,26.394896,20.78238,20.650991,16.811743,19.36958,18.48919,17.248013,22.531483,24.320768,25.168003,22.842009,24.75082,22.029415,25.557093,24.401583,29.637583,31.15694,33.667957,29.85588,32.52531,28.227385,26.731777,22.176872,20.047882,16.919449,14.071106,10.592422,4.763179,5.141429,0.0,4.1866627,6.161305,4.6888833,4.7413735,7.091427,6.1872964,10.735325,9.578494,15.6643505,18.7452,20.517155,23.956032,25.659006,29.034132,31.929592,30.352966,25.004131,28.778582,26.944048,23.349493,22.492054,21.77808,20.939135,25.226864,22.981537,19.917805,24.681395,24.670929,27.274506,29.587915,30.878202,31.816038,31.114758,28.823057,24.71015,23.464043,22.072166,18.250633,20.64443,17.16617,20.544771,18.955072,19.453436,21.138058,17.551916,13.730043,10.995713,7.782302,10.032417,10.724152,14.572696,15.800675,19.981852,21.4457,25.521393,25.118969,23.37342,26.693832,25.120745,19.602797,23.849606,27.331978,24.541018,19.857773,22.495207,23.87889,19.953592,18.423199,14.2607975,12.710024,11.785572,9.254788,11.949312
35,42.52793,38.696575,36.835255,32.500084,29.294113,29.13832,23.805286,23.075369,19.039253,20.885317,18.714622,17.098284,22.492458,24.646145,26.155197,24.221775,26.704952,24.282276,28.223389,27.494596,32.479,34.431137,36.97986,33.278694,36.20189,31.779713,30.628967,25.995567,23.68997,20.708078,17.551992,14.124944,8.321454,6.2144074,4.1866627,0.0,4.629133,5.9734564,6.6710787,9.78511,10.34377,14.823944,13.537636,19.543093,22.837706,24.433725,28.02664,29.450272,32.97339,35.684845,33.93331,28.470652,31.818903,29.628407,25.929277,24.574251,23.789667,22.231852,25.913494,23.61753,20.982626,25.777157,26.353628,28.65682,31.670654,32.247635,33.556404,32.556137,29.774658,25.51218,24.358488,22.231201,18.666237,20.113777,16.515985,19.434944,17.268908,18.145704,19.1293,16.129852,12.753028,9.643086,7.827939,11.409222,12.863701,16.947618,18.737347,23.058764,24.867002,29.010443,28.721205,27.086418,30.151232,28.418407,22.852474,27.095278,30.3409,27.234713,22.4942,25.265778,26.77145,22.80512,21.11298,16.761961,15.189625,13.050053,10.1167555,11.304708
36,43.894703,39.872604,38.593464,33.916584,30.978153,31.480524,25.771536,26.14022,21.956526,24.80834,22.634264,21.54205,26.85975,28.794743,30.366566,28.046648,30.355373,27.497879,31.15128,29.871824,35.084286,36.770584,38.82602,34.813526,37.272488,32.932503,31.290375,26.934202,25.341331,21.440596,19.776033,15.082272,10.8766575,8.383834,6.161305,4.629133,0.0,3.9742975,5.560803,9.621439,10.886066,15.34841,15.335607,21.371567,23.58468,25.85471,28.818943,30.901306,34.332405,37.35195,36.116425,30.847017,34.690685,32.494682,29.163408,28.12598,26.881975,25.702295,29.51454,26.658594,23.848732,27.939203,28.052769,29.884306,32.60165,32.714317,33.393883,31.93883,28.977795,24.61817,24.354128,22.09449,19.27532,20.9345,18.088455,21.409756,19.72694,21.276157,22.438574,20.076052,16.964787,13.324049,11.634554,14.564216,14.632128,19.572466,19.907764,24.546246,25.633436,29.708687,28.856073,26.303757,29.636248,28.365627,22.407957,26.026306,29.752926,27.124998,21.877363,23.846783,24.951921,20.74946,19.500898,14.376617,14.3911495,11.380347,9.994682,10.613351
