,0,1,2,3,4,5,6,7,8,9,10,11,12,13,14,15,16,17,18,19,20,21,22,23,24,25,26,27,28,29,30,31,32,33,34,35,36,37,38,39,40,41,42,43,44,45,46,47,48,49,50,51,52,53,54,55,56,57,58,59,60,61,62,63,64,65,66,67,68,69,70,71,72,73,74,75,76,77,78,79,80,81,82,83,84,85,86,87,88,89,90,91,92,93,94,95,96,97,98,99,100,101,102,103,104,105,106
0,0.0,4.3051496,6.5035267,9.216659,12.175104,14.560002,17.414984,20.94365,24.063875,28.289034,30.089773,35.873043,32.66285,30.578392,26.153303,24.379038,20.304682,19.581059,14.65276,14.422369,12.078171,9.750007,9.463533,14.881406,17.70138,19.154633,22.39454,20.49313,24.91904,24.947346,21.874866,24.470032,29.384222,27.424063,28.278603,31.052807,33.26589,34.17746,35.230835,36.638668,40.21485,36.429775,42.012985,39.062225,44.608112,42.769283,45.892944,45.660854,49.34756,46.092728,41.749443,47.261623,49.46842,44.947464,44.474194,41.14246,39.079395,38.84711,42.05015,36.558456,36.0053,41.478798,40.067303,36.939007,39.19677,33.202503,35.600407,33.462364,29.306412,29.19388,28.16805,25.052406,27.459316,24.194199,27.482906,25.892675,29.19881,29.667013,32.926792,32.079353,34.740974,36.14023,31.616983,28.831602,26.55533,25.315035,23.313004,19.469585,21.723318,21.585796,24.947323,28.895391,32.395454,35.353344,38.189396,35.729454,34.65552,37.238766,41.069065,43.59564,43.749336,41.014523,42.977444,36.938515,40.0959,36.674587,39.34596
1,4.3051496,0.0,5.285846,6.363259,8.7372055,12.088204,14.125128,18.417007,21.115276,25.649063,27.34729,33.05546,30.448439,28.447618,24.222057,22.065722,18.388197,16.943314,13.157422,11.462054,10.12014,7.4070735,9.000111,13.882349,16.440754,18.265717,20.547352,18.029604,22.55711,23.20281,20.099014,21.86618,27.35126,25.951809,26.189163,28.647297,31.37772,32.46989,32.912926,34.094646,37.48848,33.37945,38.753662,35.55664,40.99713,38.813522,42.06001,41.567173,45.289845,42.11468,37.633476,43.041878,45.342907,40.917023,40.28621,36.99938,34.839268,34.567776,37.745743,32.27447,31.726442,37.216095,35.87915,32.775333,35.226826,29.21453,31.878502,29.994118,25.69008,25.946417,24.936714,21.69762,23.591827,20.442965,23.502491,22.112251,25.249392,25.962633,29.02414,28.4902,30.988153,32.40682,27.965221,24.96782,22.780577,21.206057,19.405937,15.383428,17.762363,17.786682,21.295403,25.363644,28.817791,31.666409,34.507156,32.409203,31.59238,33.89987,37.582153,39.9852,40.082607,37.47512,39.3642,33.484215,36.831657,33.5361,36.482533
2,6.5035267,5.285846,0.0,5.017035,7.042552,8.426229,11.630389,14.670762,18.203062,22.006351,24.19036,29.759354,26.692965,24.923124,20.136032,18.8855,14.879002,14.621388,10.14878,10.720917,10.516298,9.473212,11.609683,15.760581,18.925032,19.951874,22.037952,18.942146,23.378296,23.575811,19.179579,21.462706,27.237024,24.949224,24.731127,27.57125,29.961245,30.480383,31.03686,32.043163,35.994328,31.836233,37.445034,34.761322,39.906197,38.43595,41.008522,41.341274,44.58951,40.90705,36.931973,42.94061,44.566444,39.75435,39.875355,36.393467,34.755844,34.98974,38.624092,33.39933,33.05313,38.77163,37.96296,35.00119,38.088203,32.10638,35.330772,33.87796,29.403114,30.011055,28.797642,25.30102,26.304857,22.737604,25.020288,22.905699,25.532,25.347425,28.316908,26.913158,29.429628,30.524668,25.996445,23.576166,21.645088,20.745499,19.505396,16.293716,19.657988,20.589931,24.198408,27.63739,31.34568,33.28539,36.758205,35.141766,33.69032,35.505936,39.483925,41.905342,41.446194,38.762936,39.87984,33.971096,36.939533,33.255634,35.970757
3,9.216659,6.363259,5.017035,0.0,3.7163568,6.4215775,8.705707,12.656119,15.066082,19.817219,21.17299,27.046444,24.242693,22.131538,18.175474,15.715767,12.140794,10.630081,7.3029766,5.799448,6.3753095,5.950973,9.553357,12.381719,15.323289,16.372038,17.627752,14.151151,18.580967,19.121273,14.912021,16.649567,22.624014,20.870148,20.440441,23.018627,25.751173,26.613113,26.867115,27.93676,31.572515,27.453312,33.00647,30.17295,35.56529,34.1124,36.926624,37.220974,40.731243,37.43999,33.43275,39.23781,41.242596,36.789345,36.95557,33.592705,31.437075,31.943361,35.284115,30.378265,29.352697,35.162548,34.506607,31.777868,34.69747,28.868639,32.387592,31.072372,26.425287,26.744991,25.157366,21.472471,22.18998,18.23654,20.473585,18.087074,20.958029,20.81611,24.127134,22.936522,25.757914,27.376524,22.737951,20.13947,17.598038,17.164547,14.9400625,11.94201,15.230715,16.478838,19.976704,22.96044,26.792679,28.473,32.133057,30.562908,28.843756,30.56294,34.635326,37.11406,36.578114,33.829376,34.984913,29.012306,31.99751,28.376007,31.163
4,12.175104,8.7372055,7.042552,3.7163568,0.0,4.687953,5.4212656,10.239746,12.49404,17.187246,18.818775,24.408978,22.308926,20.55504,16.539865,14.23339,11.304063,9.403731,8.28404,5.837856,8.785386,8.650332,12.814748,14.986668,17.547186,18.6948,18.9663,14.84672,19.078358,20.155457,15.668544,16.403408,23.006731,21.613028,20.240171,22.502981,25.67277,26.461653,25.988733,26.630869,30.273148,25.674974,31.005186,28.056734,33.099804,31.404535,34.071674,34.308563,37.61877,34.118793,30.09715,36.058746,37.833767,33.245785,33.453033,30.03765,28.103403,28.672173,32.235085,27.382378,26.662306,32.509552,32.10393,29.420998,32.829914,27.054262,30.930326,30.05318,25.376871,26.344143,24.896353,21.205116,20.94096,17.258865,18.705795,16.425323,18.63979,18.457365,21.294867,20.151419,22.637043,23.999773,19.444607,16.778326,14.677673,13.875265,12.642915,9.868431,13.861064,15.668669,19.239904,22.15084,25.863903,27.105877,30.880733,29.960238,28.492594,29.677702,33.561504,35.83547,35.070942,32.516186,33.27877,27.58996,30.671648,27.102999,30.144245
5,14.560002,12.088204,8.426229,6.4215775,4.687953,0.0,4.45608,6.413886,9.842479,13.739352,15.781989,21.35898,18.54164,16.935198,12.313702,10.963339,7.6189985,7.550374,6.2164726,7.3507323,10.635858,11.765569,15.456572,17.099154,20.027344,20.414623,20.65877,16.418308,20.241825,20.70292,15.134411,16.497383,22.979454,20.656967,18.877918,21.538998,24.193121,24.35374,24.082973,24.586325,28.805056,24.330517,29.909998,27.637976,32.377327,31.628729,33.542572,34.752697,37.57553,33.668385,30.314825,36.77388,37.898045,33.041332,34.118538,30.589338,29.133318,30.29146,34.135433,29.719952,29.037169,34.949917,35.03199,32.577637,36.32697,30.737038,34.91799,34.295555,29.595144,30.587975,28.94945,25.177797,24.45178,20.491798,21.27908,18.294867,19.959394,18.663658,21.454193,19.219994,21.835428,22.948875,18.313507,16.538208,14.640504,15.08456,14.245278,12.872649,17.14168,19.470194,22.847004,24.989891,28.834846,29.216934,33.505188,32.887474,30.744997,31.534592,35.682842,37.99067,36.722572,34.08306,34.104992,28.44561,30.990892,27.062368,29.710905
6,17.414984,14.125128,11.630389,8.705707,5.4212656,4.45608,0.0,5.790711,7.4789786,12.029102,13.828733,19.137308,17.635216,16.313591,12.481934,10.4710045,8.85717,7.072813,9.26261,7.6805973,12.229575,13.16962,17.451977,18.454897,20.78599,21.49406,20.650114,15.966258,19.487087,20.753712,15.638881,15.453017,22.428461,21.06024,18.409487,20.388601,23.753637,24.183735,22.9178,22.989576,26.842545,21.838432,27.015259,24.365961,28.875494,27.605392,29.655228,30.526138,33.36709,29.506561,25.951189,32.36488,33.57131,28.795637,29.724566,26.228148,24.67829,25.902473,29.761084,25.504929,24.85194,30.750185,31.045887,28.72628,32.754436,27.352531,31.829227,31.620924,26.960175,28.401031,26.847225,23.15426,21.508955,17.90372,17.902872,15.160054,16.170584,15.065027,17.393106,15.566484,17.871778,18.993118,14.391815,12.239118,10.604071,10.683013,10.699324,9.863821,14.404779,17.176186,20.416674,22.378174,26.008839,26.02845,30.310616,30.292547,28.513712,28.816074,32.676895,34.761906,33.374386,30.96283,30.778685,25.458952,28.227869,24.535097,27.572138
7,20.94365,18.417007,14.670762,12.656119,10.239746,6.413886,5.790711,0.0,4.967459,7.349267,10.028218,15.154986,12.690036,11.818623,7.0396457,7.1600556,6.2340393,7.487347,9.922774,11.434495,15.613525,17.395971,21.213202,21.794928,24.425095,24.388718,23.556185,18.980785,21.882807,22.425924,16.43032,16.868076,23.299507,20.929047,17.741062,20.055513,22.654129,22.20753,21.085207,20.848612,25.412868,20.66731,26.002607,24.380833,28.297325,28.368742,29.30743,31.50465,33.612747,29.266884,26.75717,33.66757,33.969265,28.938162,31.04921,27.510307,26.645016,28.593666,32.675034,29.086905,28.483547,34.28751,35.145733,33.13789,37.44671,32.336742,37.045174,37.07572,32.437706,33.839687,32.101555,28.37121,26.404226,22.60613,22.005177,18.653473,18.961895,16.487625,18.537153,15.212383,17.539011,18.210955,13.763504,13.272683,12.197958,13.982459,14.394898,14.960829,19.339476,22.39959,25.382128,26.51913,30.202196,29.262726,34.030052,34.334877,31.827082,31.66707,35.754253,37.8402,35.867195,33.408035,32.28889,27.177933,29.172312,25.136843,27.574955
8,24.063875,21.115276,18.203062,15.066082,12.49404,9.842479,7.4789786,4.967459,0.0,5.99291,6.376253,12.047594,10.640691,9.506034,7.4218373,5.1932216,7.2834525,6.646308,11.940024,11.926742,16.530813,18.637396,22.620398,22.09172,24.156273,24.02416,22.103989,17.41955,19.536877,20.507816,15.029806,14.0920925,20.457,18.890568,14.799203,16.407305,19.496964,19.290815,17.216808,16.640125,20.90603,15.874126,21.086798,19.437284,23.386799,23.716513,24.64243,27.102957,29.316313,25.324518,23.017609,29.789812,30.323706,25.72819,28.132069,24.795843,23.483217,25.96077,29.70318,26.797325,25.535496,31.255772,32.493477,30.902054,35.11766,30.461285,35.422073,35.764374,31.196665,32.48009,30.522795,26.881182,24.228558,20.466997,19.079992,15.455698,15.142948,12.025991,14.114291,10.433099,13.214686,14.599374,9.998047,9.88753,8.271366,11.627042,11.602808,13.68058,17.575058,21.009132,23.481657,23.703388,27.239426,25.49759,30.516375,31.263079,28.506876,27.815495,31.851744,33.852257,31.565355,29.164268,27.626537,22.744322,24.547066,20.574968,23.083504
9,28.289034,25.649063,22.006351,19.817219,17.187246,13.739352,12.029102,7.349267,5.99291,0.0,4.92163,8.070207,7.1790085,8.256003,6.01852,8.202897,10.74577,12.098078,16.278732,17.544872,21.963318,24.068737,27.938189,27.682505,29.938189,29.594746,27.798855,23.22902,25.054611,25.713146,19.999237,19.367283,25.094578,23.029564,18.630241,20.13977,22.510002,21.442728,19.158329,17.836449,22.454561,17.643332,22.174875,21.547405,24.07562,25.292494,24.843021,28.327461,29.424467,24.67588,23.502333,30.666676,29.923098,24.913176,28.36456,25.02643,24.88807,27.756874,31.851276,29.4724,28.88761,34.279617,35.993782,34.588326,39.294964,34.896576,39.991814,40.677677,36.233234,37.94458,36.13989,32.580044,29.520004,26.100113,24.186703,20.796928,19.595814,16.048475,16.80286,12.351488,13.881481,13.838089,10.38271,12.169607,12.448188,15.49696,17.007105,19.232428,23.190346,26.67244,29.104147,29.169622,32.48998,30.166245,35.238483,36.525303,33.739468,32.543507,36.37976,38.137886,35.421555,33.27724,30.846224,26.698965,27.91486,24.036482,26.080309
10,30.089773,27.34729,24.19036,21.17299,18.818775,15.781989,13.828733,10.028218,6.376253,4.92163,0.0,6.3072352,5.3897915,5.441654,7.2540693,6.9263377,11.036122,11.588878,16.862774,17.641476,21.922224,24.43245,28.159504,26.925455,28.794071,28.153692,25.705246,21.38234,22.388388,23.02411,17.834208,16.564253,21.586311,19.91801,15.025983,16.02346,18.366735,17.35129,14.49051,12.962036,17.54473,12.898185,17.621801,17.41534,20.22182,22.329815,21.831291,25.899206,27.239193,23.16422,22.358564,29.14837,28.85547,24.5639,28.272606,25.244493,24.395021,27.72653,31.26979,29.519249,28.020712,33.31621,35.246067,34.216923,38.52223,34.5002,39.667725,40.39763,35.988297,37.227535,35.10223,31.601757,28.395857,24.794722,22.603113,18.839504,17.526165,13.312464,14.51355,9.530362,11.982273,13.167171,9.810835,11.973287,11.233569,15.681061,15.902451,19.069452,22.39832,25.98961,27.93715,27.08052,30.3444,27.362648,32.689346,34.040386,30.707165,29.223682,33.183292,35.0045,32.01905,29.773897,27.010218,22.934145,23.652851,19.716421,21.441149
11,35.873043,33.05546,29.759354,27.046444,24.408978,21.35898,19.137308,15.154986,12.047594,8.070207,6.3072352,0.0,6.688087,9.280443,11.820629,13.114182,17.07967,17.845152,23.00784,23.751139,28.162209,30.547808,34.383377,33.172672,34.917953,34.297623,31.544449,27.27883,27.895025,28.680645,23.848467,22.155266,26.591064,25.248013,20.11727,20.425861,22.42564,21.021711,17.451843,14.936002,18.84209,14.586898,17.474417,18.287237,18.961292,21.903257,19.790604,24.902584,24.9355,20.375637,21.074017,27.825912,26.262814,22.026054,26.851566,24.136053,24.292595,28.10037,31.658384,30.84784,29.813673,34.513325,37.04108,36.41223,41.087296,37.622223,42.92391,44.15492,39.99178,41.681984,39.72466,36.433655,32.5579,29.53102,26.590092,23.319973,20.961203,16.765808,16.27249,11.471251,11.969522,11.721907,10.657843,14.274647,15.144054,19.104769,20.626781,24.108055,27.264175,30.920656,32.62284,31.44059,34.263306,30.554611,35.758236,37.909164,34.7889,32.58001,36.040146,37.43884,33.999367,32.23013,28.471918,25.638191,25.793941,22.42059,23.79539
12,32.66285,30.448439,26.692965,24.242693,22.308926,18.54164,17.635216,12.690036,10.640691,7.1790085,5.3897915,6.688087,0.0,3.652137,6.8546886,9.17737,12.754098,14.893508,18.91118,21.173082,24.950964,27.73745,31.073671,29.857979,32.014664,30.913893,28.924023,24.951221,25.773314,25.648848,20.159107,19.941359,23.999334,21.338858,16.861694,18.28389,19.28016,17.267422,15.334985,13.846809,18.891685,15.561711,20.01435,21.00511,23.169943,26.457928,25.097195,30.047413,30.791805,26.600878,26.668524,33.426506,32.50434,28.22696,32.550724,29.597662,29.217205,32.694744,36.292637,34.72514,33.330833,38.52948,40.57232,39.584766,43.902393,39.87492,45.025524,45.67612,41.216263,42.29716,40.07037,36.495667,33.570602,29.748896,27.790014,23.830988,22.739206,18.369907,19.58038,14.482472,16.588518,17.23228,14.635502,17.194778,16.60443,20.960987,21.022362,23.964256,27.379095,30.903326,32.908016,31.923468,35.28213,32.143887,37.582497,38.779545,34.98299,33.539394,37.66194,39.554127,36.37496,34.055946,30.947348,27.031754,27.078686,23.059618,23.93531
13,30.578392,28.447618,24.923124,22.131538,20.55504,16.935198,16.313591,11.818623,9.506034,8.256003,5.441654,9.280443,3.652137,0.0,6.058143,6.536504,10.302487,12.322861,16.332264,18.660301,22.129055,25.12088,28.247053,26.692389,28.802042,27.530785,25.587814,21.804846,22.52087,22.156466,16.667852,16.751598,20.599974,17.71969,13.3915,15.151069,16.031624,14.133006,12.709323,11.875429,17.161617,14.07341,19.258858,19.997604,23.108416,26.30463,25.612886,30.24391,31.602112,27.862112,27.438187,34.004295,33.76392,29.712934,33.607346,30.64452,29.645239,32.995834,36.37672,34.590473,32.732723,38.099457,39.901978,38.850204,42.809425,38.668976,43.711903,44.107433,39.577488,40.24417,37.842236,34.217438,31.686453,27.557272,25.996325,21.76492,21.273985,16.917227,19.0007,14.051302,16.989414,18.427359,15.209296,17.115515,15.571994,20.24797,19.241932,22.129076,25.346664,28.77205,30.72028,29.616938,33.138905,30.212072,35.70945,36.47352,32.383865,31.266088,35.64351,37.75557,34.748547,32.182648,29.496416,25.076138,25.161266,20.923056,21.721146
14,26.153303,24.222057,20.136032,18.175474,16.539865,12.313702,12.481934,7.0396457,7.4218373,6.01852,7.2540693,11.820629,6.8546886,6.058143,0.0,5.5220695,6.9804716,10.337031,12.893373,16.072298,19.612932,22.218151,25.455795,25.069845,27.704073,26.807228,25.770222,21.645779,23.531242,23.233,16.986982,17.941002,23.005123,19.71637,16.173443,18.652344,19.997513,18.490826,17.770561,17.356623,22.535366,18.751173,24.129297,23.923748,27.313568,29.233194,29.060026,32.794403,34.30162,29.984217,28.766497,35.7338,35.433582,30.671686,33.98544,30.655922,30.011065,32.756935,36.646763,33.951668,32.847404,38.485558,39.867214,38.302494,42.531612,37.824436,42.721313,42.88826,38.2497,39.252747,37.147526,33.392258,31.269382,27.149347,26.15286,22.177908,22.130035,18.459393,20.546001,15.996245,18.604908,19.365288,15.533824,16.667389,15.487607,18.965021,18.688465,20.434132,24.350582,27.610645,30.166906,30.201147,33.919712,31.96197,37.206158,37.65868,34.17228,33.599937,37.96487,40.12324,37.563187,34.984318,32.975197,28.12208,29.040958,24.754513,26.212143
15,24.379038,22.065722,18.8855,15.715767,14.23339,10.963339,10.4710045,7.1600556,5.1932216,8.202897,6.9263377,13.114182,9.17737,6.536504,5.5220695,0.0,4.5121083,5.8395333,10.302915,12.150721,15.796541,18.653763,21.966282,20.779047,23.039272,22.161339,20.572332,16.411175,18.08155,18.036081,12.034919,12.438547,17.796118,15.088379,11.314062,13.74796,15.793789,15.099901,14.1707115,14.282411,19.101862,15.190654,21.033516,20.21726,24.602566,26.150959,26.863398,30.057701,32.34247,28.74582,26.950249,33.48717,34.143482,29.900524,32.659515,29.468416,27.882889,30.569069,33.992687,31.303242,29.43417,35.154545,36.349453,34.868977,38.61022,33.98455,38.812504,38.83306,34.18302,34.728855,32.396313,28.65203,26.678534,22.316149,21.51227,17.266565,17.757627,14.172687,17.211023,13.119983,16.629528,18.524456,14.193163,14.49852,11.986329,16.074575,14.28364,16.376934,19.832499,23.085962,25.385115,25.055738,28.849283,26.969685,32.246548,32.41803,28.74374,28.35777,32.86689,35.180283,32.802223,30.04625,28.50931,23.239218,24.376102,20.028576,21.727112
16,20.304682,18.388197,14.879002,12.140794,11.304063,7.6189985,8.85717,6.2340393,7.2834525,10.74577,11.036122,17.07967,12.754098,10.302487,6.9804716,4.5121083,0.0,4.6744823,6.1590004,9.643667,12.705268,15.4991865,18.56464,18.133476,20.89652,20.095438,19.576353,15.55219,18.104563,17.69464,11.273563,13.167408,18.709948,15.413981,13.034846,16.107058,17.892965,17.394487,17.541529,18.209154,22.912733,19.22212,25.176254,23.982855,28.720888,29.688515,30.854607,33.47891,36.031483,32.363518,30.0531,36.592796,37.467968,32.99629,35.232677,31.886822,30.268835,32.441452,35.99219,32.625713,31.007917,36.88934,37.61541,35.75577,39.34747,34.289337,38.83328,38.44414,33.70479,34.098415,31.85888,28.014868,26.855646,22.310604,22.42449,18.347477,19.6985,16.877064,20.213678,16.703344,20.111269,21.819025,17.236856,16.772417,14.1457405,17.161243,15.091413,15.882808,19.588713,22.456085,25.16081,25.639568,29.632868,28.680079,33.69107,33.24491,29.784742,30.090696,34.6963,37.168957,35.235653,32.351936,31.526798,25.854738,27.388168,23.052402,24.862019
17,19.581059,16.943314,14.621388,10.630081,9.403731,7.550374,7.072813,7.487347,6.646308,12.098078,11.588878,17.845152,14.893508,12.322861,10.337031,5.8395333,4.6744823,0.0,6.5280075,6.353556,10.334909,12.998879,16.577831,15.632056,17.891808,17.554022,16.24326,11.762241,14.496206,14.958835,9.192382,9.664241,16.141842,14.165348,11.548254,14.018653,16.904926,17.345043,16.75051,17.479315,21.483393,17.379215,23.211115,21.219234,26.449675,26.612267,28.533667,30.393305,33.47644,30.27316,27.393667,33.54734,35.09363,30.966288,32.611835,29.38886,27.163086,29.146301,32.379486,28.962042,26.94989,32.844032,33.40815,31.579048,34.919117,29.923422,34.45041,34.066334,29.342768,29.63923,27.344978,23.522442,22.234705,17.663662,17.824944,13.764409,15.491971,13.207887,16.963669,14.3137245,17.936113,20.208937,15.48468,14.17693,10.790252,13.707351,10.654318,11.564505,15.026149,17.97217,20.556326,20.998966,24.982986,24.235138,29.133535,28.661867,25.461903,25.838226,30.353191,32.82222,31.114449,28.244125,27.875536,22.050941,24.085566,19.947025,22.306553
18,14.65276,13.157422,10.14878,7.3029766,8.28404,6.2164726,9.26261,9.922774,11.940024,16.278732,16.862774,23.00784,18.91118,16.332264,12.893373,10.302915,6.1590004,6.5280075,0.0,6.2777405,7.466293,10.130292,12.716305,13.15296,16.38988,15.879498,16.72741,13.214235,16.76598,16.154558,10.346164,13.461388,18.841974,15.668,15.133419,18.385195,20.20273,20.422203,21.373259,22.670633,26.852123,23.403069,29.391169,27.54049,32.916386,33.02793,35.058083,36.73746,39.892815,36.54471,33.47293,39.648094,41.204456,36.817368,38.164314,34.80466,32.7429,34.226612,37.58187,33.515102,31.854698,37.790047,37.82297,35.585674,38.629246,33.192562,37.20553,36.19939,31.451963,31.363422,29.188507,25.339836,25.448309,20.771162,22.227438,18.568785,21.129988,19.469494,23.277014,20.790796,24.249943,26.166988,21.408472,19.900217,16.850033,18.618843,15.637386,14.746339,18.107319,20.193424,23.174097,24.554007,28.672073,29.005362,33.508682,32.14369,29.031633,30.303558,34.93284,37.605515,36.368473,33.33986,33.626953,27.510923,29.589258,25.456503,27.483059
19,14.422369,11.462054,10.720917,5.799448,5.837856,7.3507323,7.6805973,11.434495,11.926742,17.544872,17.641476,23.751139,21.173082,18.660301,16.072298,12.150721,9.643667,6.353556,6.2777405,0.0,4.950049,6.8205442,10.847677,10.844526,13.217072,13.832015,13.518173,9.279891,13.4319,14.327746,10.074799,10.938872,17.265165,16.075695,15.148362,17.412098,20.507866,21.695755,21.57029,22.712605,26.029957,22.055723,27.603823,24.786585,30.458578,29.382526,32.28298,32.860188,36.56176,33.720085,29.938993,35.55993,37.85678,33.8607,34.369514,31.184698,28.505182,29.581827,32.561104,28.328588,26.378588,32.25731,31.998417,29.718481,32.488285,27.05459,31.009739,30.00993,25.259752,25.202639,23.064196,19.20705,19.219156,14.634345,16.411322,13.234908,16.310343,15.803554,19.673307,18.473106,21.788513,24.092304,19.40299,16.915253,13.480558,14.340563,10.530068,8.836298,11.90504,13.925567,16.970488,18.765324,22.805931,23.69612,27.842196,26.47994,24.06696,25.464159,29.790436,32.36693,31.52197,28.635094,29.57132,23.484007,26.29402,22.615883,25.371851
20,12.078171,10.12014,10.516298,6.3753095,8.785386,10.635858,12.229575,15.613525,16.530813,21.963318,21.922224,28.162209,24.950964,22.129055,19.612932,15.796541,12.705268,10.334909,7.466293,4.950049,0.0,3.6088219,6.27765,6.4724426,9.538615,10.105803,11.580154,8.838772,13.19643,13.27008,10.16404,12.514513,17.391012,15.924808,16.664524,19.18466,21.609465,23.005157,23.873463,25.572502,28.681099,25.421425,31.04031,28.304537,34.314587,33.334846,36.50118,36.92553,40.89648,38.360466,34.490917,39.796577,42.435776,38.623856,38.893185,35.78813,32.862095,33.690758,36.3708,31.9817,29.786287,35.516247,34.838993,32.461494,34.53975,29.066906,32.44504,30.849648,26.22286,25.30521,23.048134,19.320782,20.79707,16.148056,19.063498,16.185575,19.98171,19.822292,24.001078,22.989117,26.480478,28.959848,24.28535,21.763216,18.157082,18.886112,14.509901,12.253505,14.126896,15.0911665,17.919453,19.941874,23.980673,25.675117,29.428682,27.116034,24.550531,26.791573,31.222118,34.02428,33.624783,30.556227,32.175926,25.867094,28.591736,25.038122,27.44394
21,9.750007,7.4070735,9.473212,5.950973,8.650332,11.765569,13.16962,17.395971,18.637396,24.068737,24.43245,30.547808,27.73745,25.12088,22.218151,18.653763,15.4991865,12.998879,10.130292,6.8205442,3.6088219,0.0,4.5397196,7.0950484,9.697911,11.330623,13.173353,10.828544,15.302875,15.889387,13.572428,15.2897625,20.209846,19.27577,19.99345,22.253426,24.947798,26.488224,27.11355,28.6849,31.619427,28.097961,33.506252,30.394257,36.343616,34.68221,38.16306,37.96523,42.068314,39.550594,35.28811,40.390717,43.21587,39.377647,39.099915,36.012676,33.074184,33.40727,36.04445,31.255356,29.386168,34.99197,33.923008,31.291605,33.211517,27.550402,30.560915,28.709034,24.169458,23.34777,21.429634,17.841694,19.890009,15.742923,19.155394,17.058702,20.924635,21.464985,25.331873,24.85115,28.019888,30.311745,25.72867,22.81004,19.52701,19.254799,15.370273,12.101419,13.673765,13.938682,17.000175,19.972162,23.781452,26.259844,29.485884,26.997234,25.234434,27.739159,31.828377,34.517563,34.509846,31.605732,33.65936,27.493908,30.601145,27.322481,30.018414
22,9.463533,9.000111,11.609683,9.553357,12.814748,15.456572,17.451977,21.213202,22.620398,27.938189,28.159504,34.383377,31.073671,28.247053,25.455795,21.966282,18.56464,16.577831,12.716305,10.847677,6.27765,4.5397196,0.0,5.5670385,8.3202715,9.791882,13.377131,12.634078,16.656294,16.491533,15.161108,17.723698,21.379568,20.206018,22.031897,24.439154,26.53314,28.138084,29.4925,31.435642,34.247696,31.28527,36.755386,33.798336,39.955612,38.503613,42.08785,41.909077,46.16053,43.84195,39.603745,44.522503,47.539852,43.825623,43.48881,40.45644,37.378143,37.627632,40.048897,35.25359,33.190426,38.639965,37.325268,34.692627,36.057343,30.507132,33.008606,30.710337,26.419024,24.85205,22.88766,19.616121,22.697006,18.665344,22.592308,20.594898,24.768366,25.333221,29.426563,28.918566,32.2644,34.6937,30.085735,27.247059,23.802069,23.716866,19.491344,16.330992,17.221092,16.856682,19.48218,22.338932,26.019386,28.93247,31.85757,28.673998,26.746538,29.822392,33.95219,36.79103,37.077805,34.053192,36.518597,30.25708,33.183388,29.991196,32.341305
23,14.881406,13.882349,15.760581,12.381719,14.986668,17.099154,18.454897,21.794928,22.09172,27.682505,26.925455,33.172672,29.857979,26.692389,25.069845,20.779047,18.133476,15.632056,13.15296,10.844526,6.4724426,7.0950484,5.5670385,0.0,3.732926,4.385386,8.052806,8.440401,11.772168,11.278417,11.43682,13.87666,16.362457,15.749601,18.183352,20.274538,22.184227,24.193218,25.717587,27.966383,30.274593,27.957628,33.2852,30.503754,36.90934,35.935978,39.598763,39.673775,44.110714,42.321964,38.36123,42.952282,46.273262,43.047157,42.98708,40.157555,36.635452,37.320927,39.31662,35.149456,32.231518,37.601254,36.551517,34.34948,35.3345,30.239632,32.94674,30.80615,26.522114,24.272377,21.678186,18.374857,21.316998,16.806915,20.667284,18.22159,22.680464,23.042,27.551865,27.097498,30.798925,33.767307,29.25117,26.627153,22.625883,23.493176,18.148932,16.042002,16.135918,15.997302,17.879528,19.427824,23.219347,25.641645,28.816816,25.385897,22.551292,25.750406,30.16342,33.197315,33.368355,30.143696,32.684376,26.340042,28.930376,25.84484,27.85842
24,17.70138,16.440754,18.925032,15.323289,17.547186,20.027344,20.78599,24.425095,24.156273,29.938189,28.794071,34.917953,32.014664,28.802042,27.704073,23.039272,20.89652,17.891808,16.38988,13.217072,9.538615,9.697911,8.3202715,3.732926,0.0,3.5611851,6.314773,8.301868,10.724274,10.816407,12.908353,14.28291,15.858076,16.476986,19.068855,20.537685,22.632046,25.091919,26.376616,28.68325,30.359718,28.30161,33.232468,30.218996,36.724903,35.457222,39.497177,39.140053,43.856644,42.567604,38.47797,42.527267,46.29633,43.49482,43.122795,40.51614,36.620167,37.183834,38.715816,34.763992,31.429296,36.508945,35.285187,33.250443,33.640545,28.877485,31.27827,28.995628,24.943521,22.067425,19.276411,16.270649,19.748444,15.517968,19.716187,17.74365,22.403374,23.266226,27.759922,27.87164,31.524467,34.742924,30.427319,27.648912,23.539068,24.301786,18.590055,16.636515,15.673052,14.983014,16.17143,17.382359,20.905655,23.741236,26.483107,22.588036,19.86373,23.490646,27.719036,30.787205,31.31661,28.121147,31.218765,25.035143,27.724445,25.09153,27.125158
25,19.154633,18.265717,19.951874,16.372038,18.6948,20.414623,21.49406,24.388718,24.02416,29.594746,28.153692,34.297623,30.913893,27.530785,26.807228,22.161339,20.095438,17.554022,15.879498,13.832015,10.105803,11.330623,9.791882,4.385386,3.5611851,0.0,5.5179157,8.295807,9.944715,8.694145,11.084558,13.383484,13.898072,13.855911,17.186436,18.911348,20.331179,22.674278,24.565798,27.137903,28.907503,27.38459,32.4818,29.945543,36.49135,35.95701,39.66586,39.92007,44.492104,43.182774,39.47222,43.699905,47.273422,44.470882,44.573593,41.935013,38.107944,39.04943,40.65257,36.972824,33.462097,38.626892,37.698196,35.83228,36.354507,31.716724,34.346096,32.219078,28.129507,25.250668,22.299234,19.269047,22.278088,17.744953,21.481209,18.8954,23.426758,23.648855,28.372305,27.978172,31.885984,35.213985,30.84863,28.447002,24.16181,25.653242,19.73316,18.430151,17.843857,17.680374,18.778166,19.182257,22.819544,24.919836,28.081152,24.285051,20.694996,24.136837,28.686466,31.875074,32.06612,28.699287,31.416658,25.128109,27.298708,24.434694,25.968273
26,22.39454,20.547352,22.037952,17.627752,18.9663,20.65877,20.650114,23.556185,22.103989,27.798855,25.705246,31.544449,28.924023,25.587814,25.770222,20.572332,19.576353,16.24326,16.72741,13.518173,11.580154,13.173353,13.377131,8.052806,6.314773,5.5179157,0.0,4.882716,4.773931,5.2375927,9.514833,9.569937,9.819503,11.776271,14.187551,14.965904,17.17001,20.048956,21.019789,23.429878,24.555653,23.051,27.730776,24.9974,31.582102,30.988855,34.86115,35.00978,39.69747,38.8238,35.2309,39.074417,42.876225,40.51712,40.66086,38.256023,34.14017,35.34038,36.598225,33.48725,29.45721,34.47233,33.855698,32.372902,32.856808,28.655598,31.642805,29.979069,25.90148,23.103477,19.836342,16.779854,18.81414,14.17772,17.341146,14.633069,19.083822,19.412529,24.134167,24.159279,28.041094,31.679401,27.621586,25.290028,20.86126,22.76,16.414385,16.121496,14.867441,15.127116,15.563064,14.690164,18.367023,19.769403,23.240475,19.803045,15.640375,18.776754,23.48323,26.697477,26.669115,23.258549,25.93125,19.684168,21.896374,19.25635,20.986744
27,20.49313,18.029604,18.942146,14.151151,14.84672,16.418308,15.966258,18.980785,17.41955,23.22902,21.38234,27.27883,24.951221,21.804846,21.645779,16.411175,15.55219,11.762241,13.214235,9.279891,8.838772,10.828544,12.634078,8.440401,8.301868,8.295807,4.882716,0.0,4.539451,6.450399,7.1571326,6.232336,10.020285,11.343147,12.010884,13.063495,16.187796,18.723972,18.899218,20.856295,22.596043,20.082243,25.091602,22.15653,28.626516,27.849455,31.515099,31.807892,36.26931,34.88854,31.244116,35.60616,39.028667,36.2853,36.595333,34.006184,30.170233,31.489086,33.202442,29.923292,26.274725,31.649193,31.303713,29.683386,30.997591,26.450575,30.016376,28.764608,24.351074,22.55591,19.50775,15.963305,16.802395,11.731404,14.290293,10.961513,15.298965,15.361778,20.082422,19.880136,23.717804,27.174433,22.98052,20.59853,16.200972,18.144064,11.897721,11.807535,11.440202,12.653241,13.871931,13.477952,17.577173,18.432503,22.505083,20.078497,16.364508,18.568548,23.317736,26.33406,25.833826,22.536556,24.482838,18.073149,20.648075,17.509342,19.857868
28,24.91904,22.55711,23.378296,18.580967,19.078358,20.241825,19.487087,21.882807,19.536877,25.054611,22.388388,27.895025,25.773314,22.52087,23.531242,18.08155,18.104563,14.496206,16.76598,13.4319,13.19643,15.302875,16.656294,11.772168,10.724274,9.944715,4.773931,4.539451,0.0,4.2059503,8.16206,5.858326,6.394193,9.762284,10.748511,10.740614,13.698696,16.803951,16.917719,19.133455,19.984705,18.423296,22.969322,20.303787,26.892159,26.66795,30.349964,30.874302,35.44127,34.69438,31.442785,35.279125,38.95336,36.79664,37.327675,35.032322,30.899578,32.563393,33.773884,31.23074,26.93067,31.95252,31.872095,30.736128,31.61253,27.73083,31.26966,30.203226,26.072046,23.825405,20.492622,17.366302,17.85236,13.115379,14.997769,11.653758,15.630241,15.455787,20.22522,20.18306,24.125975,27.96747,24.15243,22.160748,17.661049,20.31564,13.870689,14.930108,13.807656,14.996318,15.174374,13.0289545,16.793133,16.750214,20.989492,18.507326,13.6479,15.744948,20.7643,23.936398,23.254887,19.769045,21.743046,15.38397,17.40752,14.53831,16.40292
29,24.947346,23.20281,23.575811,19.121273,20.155457,20.70292,20.753712,22.425924,20.507816,25.713146,23.02411,28.680645,25.648848,22.156466,23.233,18.036081,17.69464,14.958835,16.154558,14.327746,13.27008,15.889387,16.491533,11.278417,10.816407,8.694145,5.2375927,6.450399,4.2059503,0.0,6.5187006,7.097701,5.2213287,6.7172036,9.694182,10.644311,12.100712,14.960781,16.443642,19.165926,20.44587,19.657642,24.569336,22.650423,29.155127,29.779543,32.97876,34.180874,38.498642,37.540413,34.64197,38.784092,42.137005,39.789497,40.73909,38.319424,34.425686,36.268707,37.690186,35.1024,30.951813,36.05721,36.03487,34.841274,35.776306,31.782015,35.253017,34.01089,29.84352,27.434462,24.108381,20.975452,21.90079,17.064953,19.049713,15.43099,19.211493,18.336456,23.221455,22.406385,26.579353,30.330572,26.347229,24.722778,20.197063,23.263062,16.980686,17.896227,17.408672,18.582903,19.063301,17.188004,20.894928,20.741758,24.992767,22.3026,17.099833,19.262684,24.352365,27.580341,26.75281,23.193619,24.80205,18.523655,19.792334,16.61991,17.58853
30,21.874866,20.099014,19.179579,14.912021,15.668544,15.134411,15.638881,16.43032,15.029806,19.999237,17.834208,23.848467,20.159107,16.667852,16.986982,12.034919,11.273563,9.192382,10.346164,10.074799,10.16404,13.572428,15.161108,11.43682,12.908353,11.084558,9.514833,7.1571326,8.16206,6.5187006,0.0,5.511092,8.596837,6.027556,6.964416,9.876661,11.503869,13.084984,14.547376,16.892847,19.795368,17.92025,23.697058,22.093203,28.256542,29.207752,31.686762,33.579453,37.331245,35.37491,32.67241,37.814774,40.314556,37.175705,38.658424,35.857094,32.666267,34.713108,36.95677,34.01764,30.666891,36.23979,36.510952,35.025154,37.011326,32.467667,36.44911,35.479134,30.94644,29.571314,26.580921,22.974766,23.114779,18.003077,19.370438,15.086362,18.277687,16.416374,21.22257,19.281584,23.52799,26.79491,22.444584,21.15489,16.846863,20.24737,14.775359,15.750338,16.984566,19.00628,20.554226,19.6576,23.724161,23.175299,27.967133,26.163485,21.545258,22.89502,27.970274,30.969303,29.605228,26.202595,26.739067,20.395605,21.741545,17.732216,19.020802
31,24.470032,21.86618,21.462706,16.649567,16.403408,16.497383,15.453017,16.868076,14.0920925,19.367283,16.564253,22.155266,19.941359,16.751598,17.941002,12.438547,13.167408,9.664241,13.461388,10.938872,12.514513,15.2897625,17.723698,13.87666,14.28291,13.383484,9.569937,6.232336,5.858326,7.097701,5.511092,0.0,7.1232686,8.263734,6.481842,7.2261553,11.020578,13.401953,12.804368,14.629838,16.644941,14.136933,19.487118,17.211622,23.587673,24.03553,26.93416,28.399132,32.402264,30.906797,28.072855,32.778713,35.65237,32.972725,34.243927,31.695091,28.123344,30.29577,32.16807,29.706373,25.919512,31.31988,31.820631,30.658236,32.61374,28.494864,32.70673,32.159256,27.74964,26.600586,23.55936,20.08956,19.195068,14.304013,14.784399,10.357047,13.324019,11.653128,16.561539,15.397404,19.586657,23.259405,19.256681,17.790674,13.2890415,16.938704,11.035038,13.187937,13.713423,16.125727,17.114595,15.309718,19.233366,17.962584,22.999575,21.833548,17.271847,17.955717,22.961203,25.838032,24.282,20.95574,21.391932,15.029428,16.761478,12.875758,14.949233
32,29.384222,27.35126,27.237024,22.624014,23.006731,22.979454,22.428461,23.299507,20.457,25.094578,21.586311,26.591064,23.999334,20.599974,23.005123,17.796118,18.709948,16.141842,18.841974,17.265165,17.391012,20.209846,21.379568,16.362457,15.858076,13.898072,9.819503,10.020285,6.394193,5.2213287,8.596837,7.1232686,0.0,5.8312387,7.2825174,6.6383142,7.9806557,11.415889,12.309866,15.122121,15.672686,15.797597,20.298151,18.986664,25.314468,26.855415,29.636648,31.489729,35.581406,34.98752,32.73021,36.63195,39.84003,37.92217,39.392967,37.20532,33.31014,35.68879,36.88555,35.103935,30.616783,35.47707,36.010956,35.29292,36.36237,32.92161,36.719753,35.977535,31.933285,29.778772,26.39151,23.436914,23.246572,18.701797,19.445518,15.594272,18.427753,16.837088,21.506865,20.492561,24.665262,28.63453,25.117798,24.111307,19.702812,23.605938,17.579838,19.751736,19.249413,20.954412,20.985826,17.88456,21.237566,19.552729,24.25927,22.403133,16.501102,17.521694,22.690067,25.813334,24.294636,20.728582,21.429663,15.483098,15.768839,12.5041065,12.725798
33,27.424063,25.951809,24.949224,20.870148,21.613028,20.656967,21.06024,20.929047,18.890568,23.029564,19.91801,25.248013,21.338858,17.71969,19.71637,15.088379,15.413981,14.165348,15.668,16.075695,15.924808,19.27577,20.206018,15.749601,16.476986,13.855911,11.776271,11.343147,9.762284,6.7172036,6.027556,8.263734,5.8312387,0.0,5.4264245,7.776264,6.927988,8.875103,11.828124,14.928545,17.143267,17.161806,22.511932,21.917099,27.918894,30.105862,32.16529,34.793545,38.403023,36.996258,35.00423,39.74101,42.243465,39.646893,41.629974,39.09227,35.767178,38.261787,40.108765,37.905216,34.013004,39.265244,39.850163,38.806904,40.43821,36.453655,40.41211,39.547657,35.218403,33.38293,30.134964,26.827335,26.854683,21.921705,22.850266,18.536112,21.276663,18.914892,23.629416,21.464897,25.808651,29.358727,25.462132,24.827007,20.547832,24.6981,19.146963,20.943998,21.59288,23.553146,24.40275,22.275864,25.99474,24.554232,29.449625,27.634687,22.035463,23.089205,28.275206,31.347317,29.64876,26.13664,26.251421,20.29365,20.411808,16.548168,16.444012
34,28.278603,26.189163,24.731127,20.440441,20.240171,18.877918,18.409487,17.741062,14.799203,18.630241,15.025983,20.11727,16.861694,13.3915,16.173443,11.314062,13.034846,11.548254,15.133419,15.148362,16.664524,19.99345,22.031897,18.183352,19.068855,17.186436,14.187551,12.010884,10.748511,9.694182,6.964416,6.481842,7.2825174,5.4264245,0.0,3.9047515,5.442212,7.020729,7.6080246,10.197551,13.104794,12.1109705,17.827267,17.318562,23.097816,25.521805,27.175533,30.21265,33.499935,31.835743,30.130941,35.130184,37.24607,34.570972,36.922535,34.395107,31.32661,34.159634,36.195557,34.330807,30.627653,35.900837,36.93407,36.05032,38.27523,34.41692,38.820683,38.476982,34.094887,33.008457,29.920763,26.52355,25.361177,20.622791,20.436264,15.872849,17.64173,14.5173235,18.962065,16.35456,20.67812,24.198624,20.49248,20.287931,16.239222,20.9563,16.047043,18.787369,19.916138,22.53977,23.48965,21.16359,24.82227,22.466671,27.796364,27.02528,21.737137,21.747929,26.797377,29.593222,27.331654,24.02587,23.170704,17.41631,17.50858,13.181742,13.565822
35,31.052807,28.647297,27.57125,23.018627,22.502981,21.538998,20.388601,20.055513,16.407305,20.13977,16.02346,20.425861,18.28389,15.151069,18.652344,13.74796,16.107058,14.018653,18.385195,17.412098,19.18466,22.253426,24.439154,20.274538,20.537685,18.911348,14.965904,13.063495,10.740614,10.644311,9.876661,7.2261553,6.6383142,7.776264,3.9047515,0.0,5.0028887,7.6623955,6.19452,8.633317,10.12615,9.634535,14.793919,14.250133,20.16541,22.754536,24.563675,27.542345,30.966505,29.899734,28.362783,32.812424,35.223415,33.111732,35.422092,33.193184,29.831617,32.831623,34.42839,33.13365,29.009007,33.956177,35.19778,34.672962,36.671883,33.315712,37.74063,37.64278,33.469505,32.32746,29.181276,26.041979,24.394613,20.027733,19.263546,14.940601,16.23848,13.188582,17.42255,15.390728,19.57086,23.421803,20.212513,20.092787,16.113005,20.960495,16.00997,19.353527,19.838175,22.46346,22.85274,19.69707,22.986969,19.899511,25.281973,24.90014,19.41408,18.839848,23.784071,26.489578,23.984785,20.72144,19.579775,14.072229,13.72474,9.459228,9.681188
36,33.26589,31.37772,29.961245,25.751173,25.67277,24.193121,23.753637,22.654129,19.496964,22.510002,18.366735,22.42564,19.28016,16.031624,19.997513,15.793789,17.892965,16.904926,20.20273,20.507866,21.609465,24.947798,26.53314,22.184227,22.632046,20.331179,17.17001,16.187796,13.698696,12.100712,11.503869,11.020578,7.9806557,6.927988,5.442212,5.0028887,0.0,3.6839197,5.9263277,9.313463,10.899643,12.539354,17.232687,17.91979,23.212742,26.819223,28.009037,31.66893,34.748653,33.693275,32.689346,37.154236,39.25897,37.177105,39.9057,37.677853,34.527435,37.672195,39.298225,38.10022,33.98999,38.87239,40.150726,39.65699,41.532276,38.19249,42.513798,42.25251,38.07708,36.623657,33.372566,30.25329,29.077793,24.583038,24.161852,19.831533,21.231644,18.013142,22.054329,19.507273,23.622435,27.257433,24.137625,24.434916,20.607553,25.581598,20.726109,23.78537,24.416298,26.876356,27.300272,24.129345,27.381268,24.350702,29.58627,28.859423,22.94546,22.61887,27.557093,30.319965,27.771643,24.491589,23.177347,18.160072,16.905422,13.065519,11.66704
37,34.17746,32.46989,30.480383,26.613113,26.461653,24.35374,24.183735,22.20753,19.290815,21.442728,17.35129,21.021711,17.267422,14.133006,18.490826,15.099901,17.394487,17.345043,20.422203,21.695755,23.005157,26.488224,28.138084,24.193218,25.091919,22.674278,20.048956,18.723972,16.803951,14.960781,13.084984,13.401953,11.415889,8.875103,7.020729,7.6623955,3.6839197,0.0,5.573012,8.657607,11.399385,13.165251,17.92991,19.345987,24.021122,28.252245,28.74597,33.06482,35.659817,34.18315,33.618618,38.467163,40.002346,37.65143,40.86193,38.52833,35.810852,39.14806,41.08475,39.901577,36.119244,41.092896,42.554714,42.011463,44.253464,40.781494,45.264233,45.0905,40.810856,39.63025,36.456673,33.20759,31.871462,27.316515,26.713867,22.244951,23.292616,19.603357,23.341404,20.098696,24.094564,27.37972,24.333136,25.119686,21.62792,26.798674,22.50958,25.602365,26.773733,29.439318,30.158,27.259924,30.593882,27.426928,32.784637,32.29513,26.495062,25.980192,30.850592,33.507637,30.73407,27.571404,25.725132,20.992527,19.542845,15.618203,14.050293
