,0,1,2,3,4,5,6,7,8,9,10,11,12,13,14,15,16,17,18,19,20,21,22,23,24,25,26,27,28,29,30,31,32,33,34,35,36,37,38,39,40,41,42,43,44,45,46,47,48,49,50,51,52,53,54,55,56,57,58,59,60,61,62,63,64,65,66,67,68,69,70,71,72,73,74,75,76,77,78,79,80,81,82,83,84,85,86,87,88,89,90,91,92,93,94,95,96,97,98,99,100,101,102,103,104,105,106,107,108,109,110,111
0,0.0,4.7810464,6.8119254,9.410191,12.635609,14.209022,17.687628,21.973194,23.857824,27.945942,32.27726,35.42037,34.646313,32.385593,28.48212,26.185524,22.058119,21.49031,17.130594,15.560036,12.887618,12.273865,12.705784,10.31113,12.997546,16.443596,19.016401,17.942343,19.434229,18.099411,21.243778,19.599567,26.515722,23.100645,27.72551,29.25516,29.875086,29.932037,25.312935,21.544401,26.959362,23.36772,25.555773,24.340857,22.541307,22.46447,23.414593,22.188013,25.652315,29.834103,30.43967,29.914438,30.964808,33.93755,31.191797,34.266567,33.52591,36.062042,41.25547,40.030807,36.773594,40.375984,37.89162,40.901844,37.455883,43.359898,42.042397,42.18868,40.00908,40.449318,36.680054,39.222248,36.29385,40.08586,38.570866,41.61355,42.951416,41.929607,44.994244,43.835426,39.31855,38.783627,35.024937,32.24027,32.666573,27.728802,26.644789,21.63615,22.218794,20.094906,17.728638,21.025345,23.055132,25.27896,26.192034,29.903864,31.443134,31.742056,30.291182,28.55631,25.038584,27.363567,23.846655,25.334827,26.727455,29.996881,29.557531,31.990005,32.6201,36.122993,35.575268,40.13857
1,4.7810464,0.0,5.2228312,6.4258385,9.012021,12.092992,14.168246,19.435385,20.633036,25.467827,29.330965,32.451763,32.258656,30.14082,26.57161,23.820251,20.027576,18.676409,14.613106,12.042538,10.465936,8.2396345,10.314421,7.2781343,11.378729,14.235936,15.5697565,14.6522,15.554592,15.388317,17.767683,17.429472,24.321922,21.749884,26.198227,28.091612,29.250824,28.884933,24.442558,20.410389,25.054869,21.1631,22.754566,20.873543,19.67745,18.89128,20.378994,18.408943,22.298693,26.30318,27.143951,26.125288,27.91589,30.524504,28.02798,31.212791,29.943762,32.53761,37.62097,36.085438,32.76185,36.029804,33.387928,36.275925,32.72168,38.602695,37.262493,37.455486,35.381775,35.87212,32.241306,34.901203,32.033356,36.015453,34.59677,37.856262,39.28735,38.56116,41.733147,40.76927,36.18626,35.309826,31.612753,28.556614,28.624083,23.793503,22.195507,17.096418,17.566324,15.418611,13.312505,16.96274,19.123964,21.90231,22.334969,26.238539,27.987144,27.918535,26.259682,24.30646,20.553963,22.71713,19.088326,20.619686,22.237112,25.380154,24.87953,27.574423,28.111294,31.743364,31.38175,35.915886
2,6.8119254,5.2228312,0.0,5.0669303,7.06344,8.422921,11.618078,15.690796,17.861671,21.594912,26.40716,29.096102,28.648626,26.746197,22.626959,20.588604,16.596546,16.162228,12.395197,11.272998,10.338131,10.607808,13.392189,11.676766,15.736096,17.8825,19.095177,17.10784,16.971752,16.478935,17.368532,16.537403,22.2885,18.771404,23.5807,24.8211,26.339596,26.530472,22.07285,18.550001,23.773699,20.852163,21.96063,21.307045,21.237396,20.646317,23.039534,21.3655,25.588648,29.36037,29.701878,27.971025,29.650635,31.438215,28.397972,31.102707,29.74264,31.720589,36.82704,35.128586,31.792614,35.55621,33.347652,36.278423,33.36287,38.90961,38.129845,38.93946,37.299763,37.45762,34.141045,36.429707,33.069004,36.997593,34.993073,38.25741,39.144043,38.176258,40.97428,39.439514,34.505703,33.624245,29.746847,27.239569,27.804482,22.47833,22.027319,17.228178,17.412575,15.660023,13.180774,16.0581,17.288683,19.142977,19.866026,23.38929,24.757381,25.259552,24.016829,22.633236,19.613997,22.410055,19.622784,21.35202,23.128391,25.5585,24.82665,26.439867,27.112728,30.271328,29.563118,34.135544
3,9.410191,6.4258385,5.0669303,0.0,3.778752,6.0927973,8.638089,13.435972,14.60981,19.488266,23.100851,26.454042,25.990417,23.758076,20.377665,17.430475,13.678587,12.321895,8.233436,6.451498,5.529473,6.746498,9.748073,9.477256,13.325559,14.353529,15.377136,12.622201,12.235737,11.555475,12.464527,11.842636,18.099133,15.576656,19.988674,21.916456,23.417858,22.97866,18.675106,14.754353,19.30345,16.01484,17.112583,16.289736,16.320429,15.837463,18.51111,17.272562,21.493256,25.122913,25.077236,23.240896,24.70657,26.416077,23.348206,26.115349,24.886423,27.058533,32.221592,30.838259,27.582306,31.524258,29.419533,32.676414,29.997997,35.88303,35.31951,35.96026,33.940758,33.631184,30.129227,32.07348,28.559053,32.29647,30.245783,33.381805,34.329,33.320553,36.22324,34.898006,30.169695,29.444859,25.661297,22.935146,23.538523,18.441069,18.118423,13.512512,14.703952,13.900216,12.653701,16.218752,17.132662,19.67452,18.924078,22.534378,23.751802,23.390972,22.474527,20.026169,17.737005,19.5639,17.132496,19.536531,22.260345,24.092562,22.820698,24.929535,24.429585,27.878407,26.786793,31.335295
4,12.635609,9.012021,7.06344,3.778752,0.0,5.280788,5.1793966,10.932563,11.658791,16.877512,20.461094,23.493944,23.61457,21.719759,18.466232,15.445403,12.177906,10.2897415,7.28473,5.0446467,7.118646,7.5290413,11.868515,11.53717,15.725217,16.13665,15.897529,13.151979,11.452371,12.184203,10.961088,11.961562,17.086021,15.160164,19.357512,21.247498,23.436546,22.887987,18.940895,15.276881,19.01121,16.074064,16.10716,15.182652,16.55649,15.376615,18.891634,17.050163,21.608267,24.826244,24.853367,22.236462,24.428083,25.333216,22.351646,24.943943,23.057297,24.938782,29.955553,28.099075,24.746399,28.535046,26.458666,29.561785,27.067066,32.706482,32.3636,33.354656,31.708885,31.357018,28.213808,30.126099,26.495306,30.403921,28.201591,31.571882,32.354504,31.569498,34.386944,32.994568,28.024569,26.88136,23.071835,20.32619,20.747509,15.457397,15.160684,10.671129,11.477596,11.033264,10.095252,13.382692,13.816017,16.45537,15.24502,18.867422,20.140535,19.663816,18.703726,16.320183,14.183684,16.20646,14.2138605,16.727167,19.682878,20.967846,19.533007,21.310692,20.829386,24.169882,23.137672,27.70108
5,14.209022,12.092992,8.422921,6.0927973,5.280788,0.0,6.028991,7.897337,10.354482,13.864597,18.32417,21.373737,20.455727,18.363886,14.498534,12.192299,8.187907,8.211211,5.172646,7.0700464,7.865824,11.660491,14.580122,15.341765,18.83957,19.062168,19.812347,16.161844,14.527216,13.517394,11.925467,10.708088,14.4906225,10.966014,15.68111,16.883192,19.057333,19.149502,15.078039,12.076275,16.84745,15.237889,15.376755,16.504982,18.16324,18.002155,21.579084,20.872818,25.14101,28.275806,27.547016,24.903164,26.083635,26.579716,22.900494,24.863464,23.601095,24.857742,29.946821,28.512947,25.368887,30.01121,28.627447,31.99189,30.343868,35.77041,36.016415,37.320236,35.728283,34.85195,31.78073,33.069405,28.990625,32.445675,29.65375,32.646862,32.841545,31.499174,33.857265,31.823803,26.738426,26.100588,22.156763,20.28247,21.6746,16.184021,17.788116,14.269444,15.379496,15.612148,14.637314,17.12516,16.593214,18.023256,16.800295,19.65356,20.109962,20.091692,20.087074,17.991825,17.408754,19.45176,18.502275,21.194666,24.26638,24.938717,23.216549,24.03083,23.123447,25.910267,24.120523,28.593233
6,17.687628,14.168246,11.618078,8.638089,5.1793966,6.028991,0.0,6.8153524,6.7398314,12.293202,15.65085,18.424707,18.993332,17.448877,14.543891,11.453683,9.16695,6.8214536,6.4534917,5.9130483,9.9366865,11.273909,15.597403,16.013645,19.927773,19.453938,18.414705,15.233852,12.1634445,13.559403,9.481529,11.749966,14.452827,13.313269,16.938152,18.6549,21.653702,21.026642,17.74866,14.796417,17.383621,15.521985,14.126272,14.0676,17.262636,15.85351,20.267042,18.534225,23.102692,25.648762,25.271866,21.719608,24.189547,23.808784,20.668127,22.669924,20.238983,21.411749,26.228008,24.011381,20.662228,24.731249,23.12788,26.243563,24.594492,29.823326,30.180592,31.739853,30.51653,29.683167,27.050014,28.44177,24.425243,28.206161,25.502113,28.923508,29.198603,28.443453,30.934061,29.223022,23.955345,22.493235,18.624361,16.232666,16.904058,11.299902,12.334651,9.1444845,9.867861,10.935168,11.015643,13.217696,12.199665,14.373301,11.8254385,14.960524,15.78581,14.983059,14.667702,12.0946455,11.690494,13.529364,13.192117,16.043737,19.532549,19.45089,17.458578,18.2959,17.116344,20.055387,18.524939,23.06626
7,21.973194,19.435385,15.690796,13.435972,10.932563,7.897337,6.8153524,0.0,4.7842617,6.0572624,11.310496,13.601316,13.086003,11.741481,7.936779,6.3087397,4.689917,5.755823,8.068386,11.01692,13.898035,17.355408,20.764223,21.945032,25.428532,24.717632,24.327051,20.446798,17.36364,17.40092,12.621752,13.039974,12.117725,9.844917,13.171063,13.59736,17.351717,17.51566,14.908874,13.616385,16.182459,16.564268,14.589277,17.08297,20.937754,20.417576,24.941902,24.207575,28.453663,30.69799,29.537153,25.745708,27.287992,25.951105,22.163656,23.057306,21.110443,21.025692,25.581451,23.659353,20.719355,25.72882,25.233545,28.444681,28.148693,32.704136,33.96576,36.07646,35.1663,33.69346,31.443441,31.995533,27.513784,30.64443,27.163181,30.097986,29.41681,28.083368,29.757093,27.080233,21.539719,20.48354,16.53546,15.782219,17.767115,12.37641,16.110514,14.692748,15.436355,17.073442,17.051067,18.144398,15.909282,16.241264,13.580579,15.034634,14.390828,14.259455,15.617294,13.89384,15.953675,17.691181,18.834703,21.631956,25.07287,24.055096,21.785334,21.043316,19.359201,21.127953,18.526907,22.681686
8,23.857824,20.633036,17.861671,14.60981,11.658791,10.354482,6.7398314,4.7842617,0.0,7.26342,8.915112,12.089556,12.704876,11.3157215,9.729598,6.1692743,6.7399077,4.4597516,8.411167,10.164472,14.029419,16.66307,20.18323,21.67779,24.944468,23.53237,22.311066,18.53803,14.813131,15.825253,9.709916,12.133671,10.663472,11.167032,13.185482,14.714988,18.50358,17.654385,15.664368,14.075601,14.700791,14.769119,11.766628,13.692703,18.466026,17.486284,22.342918,21.50063,25.590904,27.335556,26.10977,21.878036,23.854248,21.92219,18.44822,19.324903,16.769459,16.717855,21.241945,19.112768,16.062653,21.040527,20.558527,23.93093,23.86866,28.546543,29.984842,32.02596,31.016617,29.247015,27.128632,27.435928,22.903744,26.0001,22.507679,25.57062,24.97872,23.942942,25.823465,23.538828,18.000734,16.53176,12.578209,11.233233,12.99379,7.6087036,11.886982,11.574951,12.841497,15.436654,16.513697,17.814365,15.584692,16.817694,12.7413845,14.3045635,13.851727,12.21062,13.697554,10.581495,13.687714,14.231264,16.121222,19.21775,23.20446,21.573725,18.895514,18.627573,15.722352,17.806957,14.940258,19.117132
9,27.945942,25.467827,21.594912,19.488266,16.877512,13.864597,12.293202,6.0572624,7.26342,0.0,7.6669383,8.279134,7.709825,7.753868,4.6384716,6.0061774,8.003178,9.724167,13.393531,16.502556,19.527557,23.051607,26.379013,27.808907,31.163248,30.07336,29.368435,25.407297,21.937513,22.140106,16.521069,17.198553,13.303813,12.09021,13.572275,12.8868065,17.404907,17.843939,16.679638,16.849957,17.932978,19.80117,16.927252,20.319683,24.983908,24.508995,29.247229,28.721083,32.756527,34.4574,32.953598,28.695807,30.1429,27.673124,23.920055,23.839071,21.755613,20.434467,24.201017,22.135515,19.698221,24.888805,25.325928,28.293344,29.20544,32.8707,34.942127,37.591084,37.162163,35.23965,33.616627,33.53324,28.899094,31.530388,27.59467,30.217438,28.737051,27.30767,28.190416,24.871708,19.227865,18.053381,14.480038,15.296003,17.820139,13.458692,18.45335,18.565332,19.07428,21.283823,21.65401,21.908825,18.866508,18.205217,15.041275,14.824557,12.915332,12.898228,15.645958,14.665261,18.56651,19.896795,22.303558,24.957558,28.400223,26.357323,23.864954,21.911238,19.72447,20.307592,16.994865,20.423965
10,32.27726,29.330965,26.40716,23.100851,20.461094,18.32417,15.65085,11.310496,8.915112,7.6669383,0.0,5.5009604,5.78828,5.448679,8.557201,7.110488,11.340667,11.056909,15.67127,18.25276,21.524843,24.855843,27.635937,29.87876,32.55825,30.449062,29.213667,25.183119,21.401295,21.869408,15.544438,17.199755,11.122676,13.676603,12.5158205,13.130886,17.393059,16.408695,16.834242,17.40135,15.420989,18.045591,14.049778,17.815607,23.244337,22.867495,27.596596,27.698732,31.05505,31.899237,29.809675,25.261883,26.357294,22.688845,19.242554,18.218956,16.070103,13.751901,16.945154,15.376988,13.574352,19.342628,20.732552,24.041903,26.120039,29.6536,32.36701,34.85967,34.152214,31.360317,30.01079,28.933115,24.174896,25.954561,21.662926,23.768421,21.744608,20.237751,20.751614,17.37202,11.696185,10.538545,7.2438583,9.479653,12.748401,10.519521,16.598742,18.627777,20.040995,23.28861,24.857412,25.532173,22.63809,22.958988,18.35805,18.006865,16.11576,13.970487,17.277998,14.630418,20.064846,19.461617,22.878424,25.867783,29.986736,27.109735,24.071184,22.700918,18.40163,18.896044,14.648454,17.247963
11,35.42037,32.451763,29.096102,26.454042,23.493944,21.373737,18.424707,13.601316,12.089556,8.279134,5.5009604,0.0,5.503901,8.1830015,10.283472,11.092452,14.919234,15.252443,19.753563,22.185514,25.765526,28.68088,32.02075,33.739876,36.861256,35.04979,33.489124,29.74384,25.751791,26.75089,20.221918,22.195377,16.425123,17.921011,17.178528,16.748951,21.258945,20.954435,21.437897,22.233702,20.82617,23.42136,19.441936,22.733185,28.322838,27.540543,32.435783,31.951872,35.53993,36.2864,34.5311,29.690016,31.387386,27.423063,24.33005,23.198872,20.562815,17.814123,19.978846,17.509108,15.994559,20.782871,22.455597,24.9644,27.512308,29.955126,33.04721,36.154285,36.236233,33.685295,32.99629,32.0436,27.51314,29.394344,25.188505,27.41044,25.093433,24.002884,23.993793,20.4243,15.044411,13.134156,10.845593,13.443423,15.921922,14.006852,19.515959,21.682941,22.166061,25.206728,26.529028,26.28382,22.835703,22.167498,17.901262,16.307602,13.6831665,12.281499,16.193045,15.213297,20.985336,20.996723,24.850348,27.347548,30.968384,27.604265,24.779383,22.098103,18.611141,17.840265,13.711082,15.565145
12,34.646313,32.258656,28.648626,25.990417,23.61457,20.455727,18.993332,13.086003,12.704876,7.709825,5.78828,5.503901,0.0,3.7431622,6.875199,8.955496,12.86738,14.457827,18.671888,22.092611,24.821331,28.87092,31.517464,33.727905,36.48539,34.70817,34.040554,29.784452,26.28024,26.033714,20.262697,20.575478,13.930525,14.641915,13.338449,12.026698,16.458582,16.666712,17.590628,19.281961,18.23483,21.756763,18.382963,22.895176,27.891354,27.935587,32.530098,32.86183,36.295837,37.366158,35.134274,30.803404,31.402792,27.883774,24.17259,22.799225,21.367748,18.734722,21.388315,20.215946,18.885971,24.471,26.173023,29.20737,31.53159,34.606895,37.507027,40.26095,39.794315,37.04513,35.79168,34.65557,29.899286,31.463179,27.071213,28.807062,26.362436,24.479021,24.261007,20.17362,15.044286,14.682092,12.230721,15.146902,18.47506,16.132698,22.107517,23.63894,24.724709,27.589586,28.579273,28.88147,25.696472,25.042795,21.256943,20.220562,17.684359,16.832039,20.470444,19.05581,24.292772,24.449743,27.725739,30.547737,34.345676,31.546713,28.703306,26.556452,23.058634,22.881771,18.723007,20.845722
13,32.385593,30.14082,26.746197,23.758076,21.719759,18.363886,17.448877,11.741481,11.3157215,7.753868,5.448679,8.1830015,3.7431622,0.0,5.497803,6.341035,10.336167,12.003924,16.03356,19.739643,22.041456,26.52913,28.713623,31.266304,33.71043,31.828566,31.549356,27.081173,23.864511,23.028461,17.70784,17.32194,10.387023,11.292866,9.6118,8.701518,13.120091,13.044318,13.943255,15.726683,14.620544,18.35887,15.283525,20.267015,24.902424,25.348764,29.731798,30.510408,33.79044,35.017883,32.57254,28.571526,28.638397,25.516613,21.510294,20.25385,19.402494,17.204355,20.48833,19.959938,18.488186,24.499184,25.957983,29.413134,31.360641,35.081352,37.69774,40.067802,39.11702,36.28953,34.586285,33.43843,28.59266,30.098349,25.726614,27.340149,25.135237,22.928623,23.037882,19.080767,13.974194,14.303902,11.461488,13.936321,17.58584,14.977464,21.023066,22.230497,23.841066,26.697481,27.713476,28.58136,25.764385,25.639597,21.797588,21.472828,19.341955,18.192507,21.473263,19.28179,24.128418,24.071579,26.937943,30.016874,34.0435,31.636164,28.726593,27.31649,23.529692,24.043129,19.889809,22.443933
14,28.48212,26.57161,22.626959,20.377665,18.466232,14.498534,14.543891,7.936779,9.729598,4.6384716,8.557201,10.283472,6.875199,5.497803,0.0,5.014746,7.107547,10.275967,13.546499,17.597225,19.665817,24.281986,26.784039,28.80468,31.667065,30.472803,30.541924,26.142794,23.150583,22.170029,17.340755,16.382086,11.458412,9.370513,10.278168,8.624469,13.166223,14.13076,13.37148,14.569329,15.876211,18.718159,16.398542,20.915438,25.048132,25.370955,29.763838,30.08746,33.824886,35.645332,33.643944,29.820728,30.242884,27.988514,23.822315,23.394476,22.33214,20.927896,24.799747,23.713024,21.623795,27.374468,28.113533,31.444921,32.53582,36.502415,38.627857,41.02378,40.17456,37.93281,35.981598,35.547928,30.76209,32.943768,28.829727,30.94434,29.251118,27.236061,27.849321,24.181946,18.890059,18.759827,15.353319,16.699104,19.878263,15.85521,21.255108,21.247402,22.397207,24.591396,24.873255,25.628613,22.892635,22.360636,19.450733,19.43932,17.509678,17.428854,20.208643,18.745644,22.54458,23.561113,25.712595,28.615768,32.248646,30.465086,27.890831,26.349916,23.744308,24.504824,20.904297,24.121775
15,26.185524,23.820251,20.588604,17.430475,15.445403,12.192299,11.453683,6.3087397,6.1692743,6.0061774,7.110488,11.092452,8.955496,6.341035,5.014746,0.0,4.37859,5.84106,9.774354,13.546597,15.894264,20.339796,22.703768,25.033312,27.669554,26.091173,25.942972,21.503134,18.420874,17.572662,12.45469,12.023878,7.335772,7.0586853,8.028775,8.737298,12.886917,12.507501,11.27731,11.3885765,11.939968,14.161238,11.541617,15.903402,20.17193,20.442318,24.865917,25.304552,28.919306,30.668633,28.629662,24.845284,25.297709,23.206541,19.050652,18.9983,17.850979,17.038977,21.450449,20.528175,18.180387,24.047935,24.451773,28.1119,28.85428,33.390846,35.259987,37.26618,36.001186,33.68116,31.43713,31.02509,26.23856,28.497862,24.528568,26.768522,25.496351,23.585436,24.780653,21.6755,16.322174,16.152721,12.391842,12.775728,15.903786,11.70795,17.062012,17.111013,18.881233,21.383162,22.165716,23.558308,21.246952,21.771933,18.168608,18.975737,17.669323,16.531054,18.889364,16.183434,19.832401,20.162678,22.148289,25.337431,29.35244,27.697126,24.950377,24.358873,21.06869,22.584167,19.013485,22.5709
16,22.058119,20.027576,16.596546,13.678587,12.177906,8.187907,9.16695,4.689917,6.7399077,8.003178,11.340667,14.919234,12.86738,10.336167,7.107547,4.37859,0.0,4.494787,6.5145845,10.910514,12.56449,17.470634,19.723858,21.842308,24.586437,23.53074,23.96882,19.517565,16.976372,15.544633,11.628132,10.006782,8.384724,5.162296,8.812244,9.600441,12.932105,12.998532,10.219969,9.276779,12.218255,13.323853,11.961494,15.741789,19.0323,19.467213,23.604824,23.956072,27.769793,30.080763,28.315948,25.015076,25.403887,24.349657,20.118809,20.799013,19.904829,19.931866,24.73091,23.815496,21.17464,26.784985,26.578152,30.252403,30.168821,35.131855,36.457043,38.202072,36.729984,34.835068,32.18502,32.304512,27.665163,30.29934,26.672928,29.104332,28.339186,26.466383,28.07355,25.287569,20.106876,19.988857,16.125639,15.634663,18.282536,13.377253,17.648178,16.380835,18.118317,19.94778,20.138952,21.92503,20.109613,20.812054,18.019928,19.538849,18.746147,18.150928,19.770205,17.235643,19.524027,20.484848,21.482077,24.618608,28.399052,27.545809,25.093084,24.959154,22.449528,24.456,21.421001,25.389053
17,21.49031,18.676409,16.162228,12.321895,10.2897415,8.211211,6.8214536,5.755823,4.4597516,9.724167,11.056909,15.252443,14.457827,12.003924,10.275967,5.84106,4.494787,0.0,4.6468787,7.7391877,10.569139,14.536213,17.131987,19.31635,22.065203,20.566324,20.273855,15.9536705,12.913392,12.418752,7.398103,7.888392,7.7254877,7.7157197,10.354406,12.58087,15.619765,14.563843,11.930068,9.76233,11.219565,10.97674,8.942842,11.658779,15.511651,15.402057,19.849854,19.88312,23.742043,25.872108,24.276567,20.734333,21.69157,20.608492,16.669472,17.845896,16.374352,16.984486,21.99297,20.857466,17.969234,23.29827,22.71047,26.487694,26.08671,31.36903,32.496742,34.00629,32.345375,30.462845,27.719685,27.959517,23.394075,26.253036,22.855457,25.572916,25.233854,23.742847,25.847187,23.680449,18.533978,17.990364,14.079264,12.507704,14.634184,9.5732565,13.386525,12.233642,14.458158,16.701921,17.5658,19.749355,18.233732,19.862597,16.350397,18.401077,18.125494,16.628315,17.818829,14.326816,16.468386,16.739183,17.712896,21.05217,25.159164,24.236551,21.638693,22.244751,19.217323,21.77103,18.938238,23.059109
18,17.130594,14.613106,12.395197,8.233436,7.28473,5.172646,6.4534917,8.068386,8.411167,13.393531,15.67127,19.753563,18.671888,16.03356,13.546499,9.774354,6.5145845,4.6468787,0.0,4.833641,6.2178316,11.105257,13.261453,15.438232,18.128008,17.147552,17.730335,13.364229,11.354622,9.776088,7.4335885,5.939908,10.010611,8.308725,12.166559,14.490571,16.524986,15.661547,11.93041,8.48394,12.054758,10.283545,10.222654,11.869283,13.962866,14.223651,18.038507,18.172676,22.089624,24.876328,23.546614,20.821777,21.467777,21.719423,17.857258,19.75454,18.831305,20.263025,25.471136,24.594492,21.626436,26.612108,25.481178,29.256874,28.018198,33.74307,34.25811,35.327477,33.301636,31.836107,28.594433,29.33718,25.063095,28.13112,25.206842,27.933146,28.127401,26.625853,29.080193,27.257263,22.45348,22.162664,18.34802,16.286802,17.941956,12.908974,15.121695,12.464146,14.81046,16.146866,16.407774,19.29697,18.626606,20.6485,18.044909,20.77324,21.004862,19.91313,20.375475,17.041279,17.567663,18.256256,17.923609,21.159958,24.99186,25.072329,22.843452,24.173725,21.85209,24.872578,22.572922,26.884214
19,15.560036,12.042538,11.272998,6.451498,5.0446467,7.0700464,5.9130483,11.01692,10.164472,16.502556,18.25276,22.185514,22.092611,19.739643,17.597225,13.546597,10.910514,7.7391877,4.833641,0.0,4.8580575,6.801688,10.12234,11.675262,14.80915,13.838164,13.496843,9.711593,7.4713273,7.8094883,6.1116633,7.7239647,13.367479,13.016051,16.38038,19.103657,21.053314,19.745907,16.155558,12.22199,14.753028,11.359703,11.348436,10.270158,11.924713,11.060706,14.93907,14.013536,18.298197,21.25811,20.647436,17.97412,19.655243,20.482025,17.370827,20.041567,18.479738,20.666939,25.809967,24.528896,21.337946,25.467085,23.606142,27.188047,25.084532,31.119171,31.053469,31.763237,29.5819,28.582462,25.160143,26.526205,22.666546,26.22541,23.925217,27.04937,27.901552,26.974333,29.927198,28.791656,24.156988,23.356411,19.70709,16.6991,17.286161,12.457586,12.576179,8.829972,11.367472,12.356309,12.959269,16.484875,16.61022,19.602558,17.014908,20.402052,21.350857,19.884596,19.476112,15.803757,14.962959,15.409938,14.114561,17.30974,21.140799,21.741793,19.724735,22.03823,20.007256,23.605219,22.018663,26.429033
20,12.887618,10.465936,10.338131,5.529473,7.118646,7.865824,9.9366865,13.898035,14.029419,19.527557,21.524843,25.765526,24.821331,22.041456,19.665817,15.894264,12.56449,10.569139,6.2178316,4.8580575,0.0,6.5809765,7.291407,9.8418045,12.04969,11.539225,13.263802,9.19349,9.252994,6.512687,8.970864,6.9934573,14.406535,13.038906,16.685537,19.414854,20.351152,19.20118,15.090719,10.7365265,14.637005,10.792978,12.67956,12.147346,11.492837,12.046344,14.535027,14.800683,18.480087,21.983908,21.121677,19.638054,20.02344,22.00161,18.708906,21.510841,21.052805,23.519545,28.783815,28.208845,25.222115,29.572752,27.770636,31.511574,29.26752,35.52453,35.238174,35.55536,32.933872,31.949053,28.102692,29.424866,25.72686,28.940393,26.810251,29.50998,30.505507,29.200035,32.181503,31.072708,26.820747,26.66663,23.097254,20.31674,21.245321,16.762655,17.004145,13.214224,15.805134,16.169044,16.16653,19.988546,20.566166,23.38299,21.431345,24.831593,25.691721,24.522545,24.180286,20.652681,19.549683,20.060667,18.245457,21.247683,24.764383,25.996674,24.195389,26.735489,24.830446,28.460028,26.784048,31.15759
21,12.273865,8.2396345,10.607808,6.746498,7.5290413,11.660491,11.273909,17.355408,16.66307,23.051607,24.855843,28.68088,28.87092,26.52913,24.281986,20.339796,17.470634,14.536213,11.105257,6.801688,6.5809765,0.0,5.4837875,5.14269,8.908608,9.024316,8.725087,6.933229,7.38147,8.533606,10.878108,12.318818,19.425472,19.030561,22.444357,25.331654,26.662624,25.244982,21.403517,17.042326,19.734362,15.105191,16.27257,13.132019,12.131499,10.7245655,12.817079,10.782486,15.02125,18.754122,19.287666,17.912336,20.001858,22.445284,20.308966,23.741526,22.317448,25.331238,30.304749,29.044914,25.855255,28.972187,26.314411,29.543663,26.184217,32.53594,31.433502,31.330378,28.702818,28.570644,24.688452,26.986586,24.042711,27.883247,26.610067,29.815193,31.502012,30.983635,34.40186,33.97088,29.786379,28.908207,25.53145,21.976133,21.690786,17.611841,15.480207,10.760532,12.754732,12.117248,12.288174,16.649473,18.326523,22.071634,20.442215,24.385723,26.029257,24.643015,23.284819,19.841988,16.992155,17.428959,14.23366,16.715843,19.803757,21.919088,20.64781,24.229885,23.08095,27.15248,26.467964,30.826195
22,12.705784,10.314421,13.392189,9.748073,11.868515,14.580122,15.597403,20.764223,20.18323,26.379013,27.635937,32.02075,31.517464,28.713623,26.784039,22.703768,19.723858,17.131987,13.261453,10.12234,7.291407,5.4837875,0.0,4.8994994,5.003688,4.6906633,7.9388456,5.8428993,9.116571,7.2651772,12.815339,12.255213,20.1752,19.877115,22.904097,26.077164,26.46635,24.821766,20.985952,16.528576,19.238768,14.15331,16.746572,13.869708,10.45379,10.730336,10.791153,10.905146,13.771271,17.916346,17.922382,18.042467,18.489159,22.179714,20.063765,23.633244,23.360418,26.743492,31.759695,31.388464,28.49638,31.876833,29.405905,32.942055,29.710852,36.335003,35.180553,34.555264,31.267786,30.834776,26.475994,28.415356,25.648073,28.893175,27.843542,30.474667,32.379864,31.51967,35.027634,34.838036,31.238838,31.036345,27.863356,24.411852,24.453491,20.93546,19.252722,15.193007,17.811388,17.459291,17.703339,22.086935,23.786922,27.417057,25.702328,29.535448,30.952179,29.414751,28.381273,24.568289,22.243418,22.122015,19.112917,21.640135,24.741703,26.943075,25.592127,29.424604,27.70108,31.840012,30.82143,35.061638
23,10.31113,7.2781343,11.676766,9.477256,11.53717,15.341765,16.013645,21.945032,21.67779,27.808907,29.87876,33.739876,33.727905,31.266304,28.80468,25.033312,21.842308,19.31635,15.438232,11.675262,9.8418045,5.14269,4.8994994,0.0,4.931573,7.4145126,8.775569,8.938926,11.342882,11.501639,15.6012335,16.028683,23.699959,22.871397,26.413347,29.254889,30.050184,28.740797,24.694984,20.257809,23.408518,18.49362,20.486635,17.174608,14.584665,13.695751,13.978294,12.155406,15.455414,19.638393,20.69064,20.55455,22.182932,25.663021,23.881472,27.52588,26.549425,29.856646,34.78646,33.7582,30.643635,33.47898,30.591011,33.6668,29.811127,36.20895,34.57368,33.96825,31.06265,31.39843,27.276558,29.934196,27.532713,31.270933,30.486742,33.520393,35.547146,35.044125,38.605648,38.41235,34.491863,33.79587,30.498924,26.893423,26.500208,22.675814,20.142565,15.419435,17.017586,15.589161,15.149467,19.511047,21.872257,25.616419,24.719723,28.785208,30.617687,29.464062,27.824188,24.654099,21.14591,21.730976,17.886219,19.751081,22.057364,25.076963,24.297138,28.243729,27.602018,31.753271,31.36456,35.69168
24,12.997546,11.378729,15.736096,13.325559,15.725217,18.83957,19.927773,25.428532,24.944468,31.163248,32.55825,36.861256,36.48539,33.71043,31.667065,27.669554,24.586437,22.065203,18.128008,14.80915,12.04969,8.908608,5.003688,4.931573,0.0,4.4710736,8.425405,9.104368,12.972238,11.850031,17.551273,17.153254,25.103971,24.697918,27.757822,30.895844,31.035109,29.429811,25.5704,21.16098,23.885017,18.687489,21.469656,18.072687,13.91453,13.979643,12.509883,12.201937,14.056167,18.404385,19.212969,20.375614,20.882832,25.333485,23.837782,27.594864,27.392561,31.035896,35.887203,35.517433,32.656776,35.516277,32.70837,35.98174,32.17351,38.79531,37.072388,35.952892,32.458576,32.572155,28.086935,30.488058,28.37634,31.626719,31.174568,33.755554,36.05583,35.41294,39.089016,39.23942,35.870872,35.619755,32.564796,28.939198,28.63074,25.388174,22.954048,18.76163,20.940996,19.92916,19.894314,24.29499,26.618137,30.429892,29.219751,33.23008,34.933384,33.4853,32.055134,28.441284,25.352531,25.289633,21.62508,23.595549,26.04927,28.994156,28.0938,32.384014,31.14915,35.419495,34.823357,39.018715
25,16.443596,14.235936,17.8825,14.353529,16.13665,19.062168,19.453938,24.717632,23.53237,30.07336,30.449062,35.04979,34.70817,31.828566,30.472803,26.091173,23.53074,20.566324,17.147552,13.838164,11.539225,9.024316,4.6906633,7.4145126,4.4710736,0.0,5.80261,5.8063087,10.242165,8.976618,15.025719,15.044961,22.702936,23.35736,25.74119,29.275784,29.389248,27.289856,23.87264,19.519747,21.082605,15.660202,18.399586,14.601762,9.863076,10.224346,8.145397,9.027898,10.425319,14.703597,14.96553,16.341993,16.434708,21.066814,19.780737,23.607494,23.629883,27.45748,32.17396,32.15934,29.502487,32.366623,29.72579,33.21237,29.73895,36.50255,35.044685,33.80217,29.982811,29.570679,24.930693,26.893297,24.719435,27.658184,27.262238,29.624672,32.02488,31.387072,35.135593,35.55862,32.54516,32.452023,29.661213,25.966145,25.623323,22.992521,20.663149,17.178717,20.025917,19.841722,20.628143,25.06048,26.991829,30.965906,28.942545,32.80128,34.325752,32.362556,31.231447,27.0449,24.702751,23.821798,20.72032,23.093199,26.183691,28.444992,27.139336,31.58933,29.47863,33.79705,32.925224,36.928204
26,19.016401,15.5697565,19.095177,15.377136,15.897529,19.812347,18.414705,24.327051,22.311066,29.368435,29.213667,33.489124,34.040554,31.549356,30.541924,25.942972,23.96882,20.273855,17.730335,13.496843,13.263802,8.725087,7.9388456,8.775569,8.425405,5.80261,0.0,4.997675,7.8130875,10.143303,13.890723,16.379248,23.207289,24.76583,26.926704,30.58842,31.455154,29.114649,26.019068,21.71034,22.242495,16.84447,18.21133,12.9991865,9.893386,7.789469,6.765084,3.861464,6.7584743,10.867434,12.36373,12.739304,15.069642,18.937187,18.480677,22.478577,21.364557,25.302668,29.678558,29.022827,26.287739,28.270569,25.199171,28.33696,24.427534,31.150063,29.43574,28.066278,24.303307,24.197475,19.667168,22.167032,20.370607,23.814095,23.854591,26.703312,29.394606,29.423897,33.351894,34.13599,31.045141,30.301384,27.714306,23.610071,22.448725,20.344004,16.758629,13.593344,16.240036,16.240183,17.835361,22.099854,24.12492,28.510244,26.096458,29.964235,31.76516,29.40561,27.919542,23.618776,20.96049,19.48441,16.242922,18.424824,21.618788,23.673666,22.424314,27.364542,25.22354,29.664635,29.27555,33.078644
27,17.942343,14.6522,17.10784,12.622201,13.151979,16.161844,15.233852,20.446798,18.53803,25.407297,25.183119,29.74384,29.784452,27.081173,26.142794,21.503134,19.517565,15.9536705,13.364229,9.711593,9.19349,6.933229,5.8428993,8.938926,9.104368,5.8063087,4.997675,0.0,4.5129023,5.159079,9.641032,11.4130535,18.37917,19.923107,21.987286,25.67772,26.464693,24.127947,21.035389,16.757132,17.365221,11.981704,13.618233,9.168043,6.0151305,4.9959617,5.9545097,6.053306,9.2895565,12.956813,12.712192,12.228045,13.391703,16.772408,15.213575,19.037857,18.354998,22.065485,26.830223,26.505548,23.760723,26.761448,24.261877,27.90227,24.860098,31.614614,30.649145,29.874016,26.324383,25.436281,21.00658,22.6612,19.8894,23.079847,22.222982,24.911007,27.066046,26.546003,30.26202,30.557383,27.26913,26.881117,24.082779,20.269695,19.83984,17.2634,15.054524,12.007871,15.371301,16.084372,17.617565,21.868898,23.204914,27.197454,24.425503,28.083801,29.455256,27.13543,26.245049,21.72063,20.100918,18.748344,16.371498,19.247345,23.031195,24.390451,22.629059,26.849552,24.135227,28.396826,27.308681,31.251972
28,19.434229,15.554592,16.971752,12.235737,11.452371,14.527216,12.1634445,17.36364,14.813131,21.937513,21.401295,25.751791,26.28024,23.864511,23.150583,18.420874,16.976372,12.913392,11.354622,7.4713273,9.252994,7.38147,9.116571,11.342882,12.972238,10.242165,7.8130875,4.5129023,0.0,5.9448833,6.2080183,10.372974,16.10117,18.204811,20.110567,23.72979,25.231068,22.88261,20.072538,16.056334,16.029676,11.234311,11.285123,6.3782196,6.9102345,4.0607433,8.30115,6.985953,11.111767,13.802966,13.448281,11.016092,13.521867,15.205794,13.421656,17.014719,15.326191,18.736208,23.521664,22.638294,19.700115,22.771788,20.334988,24.015455,21.305126,27.945408,27.389002,27.146324,24.056522,22.919783,18.899942,20.400095,17.104036,20.66703,19.336452,22.455555,24.292639,23.960783,27.570372,27.652472,23.954529,23.113155,20.221972,16.273233,15.665335,12.883769,10.63419,7.8799973,11.631372,13.167835,15.289669,19.190992,19.987793,23.936268,20.609596,24.091381,25.383856,22.821316,22.056427,17.338581,16.273968,14.633088,12.967521,16.221128,20.473516,21.053238,18.945581,22.85751,19.78837,23.987818,22.800276,26.754436
29,18.099411,15.388317,16.478935,11.555475,12.184203,13.517394,13.559403,17.40092,15.825253,22.140106,21.869408,26.75089,26.033714,23.028461,22.170029,17.572662,15.544633,12.418752,9.776088,7.8094883,6.512687,8.533606,7.2651772,11.501639,11.850031,8.976618,10.143303,5.159079,5.9448833,0.0,6.9955735,6.455517,13.762834,15.164741,17.073967,20.79585,21.352034,19.033886,15.910287,11.671197,12.536448,7.2273736,9.635599,7.4126487,4.9977274,6.627275,8.737549,10.687249,13.45586,16.565237,14.996246,13.990804,13.579795,16.176065,13.298699,16.604576,16.69035,19.918812,25.013159,25.173101,22.540047,26.62152,24.847126,28.87879,26.78461,33.377926,33.119164,32.86025,29.540836,28.003983,23.796223,24.61483,21.077682,23.787434,22.029163,24.356394,25.8258,24.617188,27.972942,27.653315,24.216526,24.370499,21.376202,18.136793,18.725616,15.712488,15.456162,12.916789,16.587934,17.871334,19.155203,23.157442,23.760145,27.158127,24.152393,27.452003,28.284857,26.113426,25.938564,21.378508,20.958569,19.85831,18.454067,21.735016,25.82485,26.57184,24.42604,27.774166,24.59381,28.504515,26.667467,30.658396
30,21.243778,17.767683,17.368532,12.464527,10.961088,11.925467,9.481529,12.621752,9.709916,16.521069,15.544438,20.221918,20.262697,17.70784,17.340755,12.45469,11.628132,7.398103,7.4335885,6.1116633,8.970864,10.878108,12.815339,15.6012335,17.551273,15.025719,13.890723,9.641032,6.2080183,6.9955735,0.0,6.5421963,10.206167,12.8813925,14.363546,17.922997,19.879833,17.578268,15.143267,11.73353,11.147756,7.816001,6.190213,4.7355366,8.806249,8.067216,12.733043,12.915441,16.487148,18.49287,16.956743,13.60618,14.9403,14.742092,11.466111,14.032189,12.428798,14.848702,20.02904,19.309233,16.386616,20.866804,19.463072,23.52925,22.25699,28.411034,28.899105,29.491444,26.95551,25.036203,21.62388,22.057495,17.80321,20.838846,18.223618,21.106924,21.889359,20.907839,23.977053,23.175797,18.929104,18.35059,15.067707,11.722781,12.457138,8.792357,9.8607435,8.625481,12.389192,14.905512,16.845146,20.038431,19.624065,22.708364,18.788143,21.608809,22.146278,19.587679,19.868969,15.062505,16.078579,14.688388,14.835872,18.443869,22.98971,22.470297,19.830988,22.325169,18.5246,22.110493,19.892586,23.872663
31,19.599567,17.429472,16.537403,11.842636,11.961562,10.708088,11.749966,13.039974,12.133671,17.198553,17.199755,22.195377,20.575478,17.32194,16.382086,12.023878,10.006782,7.888392,5.939908,7.7239647,6.9934573,12.318818,12.255213,16.028683,17.153254,15.044961,16.379248,11.4130535,10.372974,6.455517,6.5421963,0.0,8.0262165,8.783953,10.786536,14.359643,15.131014,13.102795,9.788266,5.6926007,7.6640363,4.581062,6.543905,8.967045,9.787462,11.626939,14.659008,16.57264,19.50891,22.103426,19.903467,17.962198,16.996428,17.842274,13.722152,15.736715,16.186436,18.204239,23.479357,23.806026,21.288013,26.479729,25.577715,29.781258,28.772045,34.889484,35.4395,35.93844,33.17146,31.149733,27.464006,27.602518,23.35664,25.701542,22.893612,24.962275,25.373905,23.483519,26.134148,24.761494,20.82491,21.41719,18.09473,15.9230385,17.800985,14.121146,16.335224,14.535023,17.924194,19.706379,20.652744,24.012135,23.636889,26.104433,22.942799,25.60975,25.732927,23.918867,24.623604,20.412106,21.415031,20.847326,20.60476,24.08978,28.315895,28.315449,25.852892,27.926441,24.519003,27.782661,25.164297,29.13666
32,26.515722,24.321922,22.2885,18.099133,17.086021,14.4906225,14.452827,12.117725,10.663472,13.303813,11.122676,16.425123,13.930525,10.387023,11.458412,7.335772,8.384724,7.7254877,10.010611,13.367479,14.406535,19.425472,20.1752,23.699959,25.103971,22.702936,23.207289,18.37917,16.10117,13.762834,10.206167,8.0262165,0.0,6.4728656,4.6135015,8.60346,10.562341,8.049639,7.374672,7.262245,4.664574,8.080231,6.06444,12.004699,15.33993,16.839947,20.4921,22.440073,25.152935,26.744272,23.896336,20.934889,19.742989,18.161173,13.571818,13.446668,14.090853,14.158305,19.005344,19.77899,17.881691,23.998724,24.413128,28.667799,29.297863,34.579155,36.225716,37.421165,35.189587,32.364445,29.472382,28.520205,23.764626,25.28101,21.457218,22.954142,22.02434,19.51626,21.123293,18.627827,14.372934,15.638959,12.486486,12.200667,15.529311,12.73066,17.52302,17.778027,20.827194,23.540613,24.862484,27.269463,25.73579,27.296677,23.355095,24.823385,23.961782,21.944473,23.92267,19.909193,23.151638,22.242476,23.754726,27.311567,31.787966,30.472961,27.55538,28.338766,24.021385,26.284155,22.676468,26.0154
33,23.100645,21.749884,18.771404,15.576656,15.160164,10.966014,13.313269,9.844917,11.167032,12.09021,13.676603,17.921011,14.641915,11.292866,9.370513,7.0586853,5.162296,7.7157197,8.308725,13.016051,13.038906,19.030561,19.877115,22.871397,24.697918,23.35736,24.76583,19.923107,18.204811,15.164741,12.8813925,8.783953,6.4728656,0.0,5.0631957,6.429604,8.389229,8.399791,5.1014776,5.316272,9.0611315,11.305431,11.177902,16.117716,18.378542,19.938314,23.379574,24.922716,28.139002,30.49532,28.117441,25.521336,24.537872,23.922838,19.350307,19.736826,20.200377,20.362274,25.197046,25.391823,23.163284,29.14336,29.20514,33.22043,33.30955,38.575302,39.92625,41.30869,39.317524,37.06252,34.05102,33.751373,29.076782,31.123556,27.458454,29.255917,28.422783,25.975367,27.442852,24.603746,20.105968,21.058216,17.560848,17.391947,20.480785,16.359081,20.73741,19.59805,22.011,23.876898,24.16595,26.439583,24.957897,25.873669,23.081606,24.640833,23.752705,22.92168,24.685936,21.6877,24.0299,24.444122,25.25021,28.578556,32.55379,31.890425,29.343039,29.675415,26.620768,28.776196,25.471035,29.209839
34,27.72551,26.198227,23.5807,19.988674,19.357512,15.68111,16.938152,13.171063,13.185482,13.572275,12.5158205,17.178528,13.338449,9.6118,10.278168,8.028775,8.812244,10.354406,12.166559,16.38038,16.685537,22.444357,22.904097,26.413347,27.757822,25.74119,26.926704,21.987286,20.110567,17.073967,14.363546,10.786536,4.6135015,5.0631957,0.0,4.3325214,6.078992,4.5166655,4.6609273,7.2662187,6.8427615,11.295676,10.475057,16.441,19.103111,21.007547,24.340918,26.530727,29.220566,31.009878,28.045166,25.39484,23.695215,22.298868,17.656076,17.07696,18.286888,17.82331,22.24097,23.264896,21.628967,27.898067,28.611145,32.77569,33.634644,38.696484,40.49706,41.866894,39.755405,36.925083,34.08282,33.05491,28.28364,29.593672,25.650238,26.817549,25.49611,22.626219,23.614477,20.50378,16.525187,18.30465,15.37457,16.049047,19.644922,16.722517,21.787594,21.756132,24.51472,26.95839,27.810598,30.021284,28.297901,29.259785,25.79252,26.924047,25.689785,24.299437,26.584986,23.189102,26.50622,26.133224,27.615154,31.090473,35.38326,34.149075,31.313034,31.587143,27.637,29.524357,25.750612,28.969713
35,29.25516,28.091612,24.8211,21.916456,21.247498,16.883192,18.6549,13.59736,14.714988,12.8868065,13.130886,16.748951,12.026698,8.701518,8.624469,8.737298,9.600441,12.58087,14.490571,19.103657,19.414854,25.331654,26.077164,29.254889,30.895844,29.275784,30.58842,25.67772,23.72979,20.79585,17.922997,14.359643,8.60346,6.429604,4.3325214,0.0,4.6434484,6.0937247,6.7206216,10.183667,11.126847,15.474024,14.625513,20.464312,23.224934,24.986458,28.430283,30.360605,33.27455,35.16692,32.31459,29.529907,28.019314,26.452066,21.848083,21.027203,22.006557,21.011452,25.063637,25.818344,24.266191,30.562872,31.502192,35.465496,36.562313,41.26259,43.26024,44.96171,43.18282,40.430546,37.8081,36.819405,31.993141,33.350616,29.252886,30.424135,28.74992,25.8423,26.336819,22.701698,18.636028,20.333593,17.472979,18.84158,22.55837,19.387783,24.75148,24.62505,26.93043,29.196041,29.668877,31.459913,29.417725,29.693907,26.65184,27.321634,25.71178,24.95901,27.53475,24.874277,28.36732,28.542797,30.178804,33.506443,37.57178,36.248764,33.499195,33.096073,29.591003,31.009094,27.150888,30.242428
