,0,1,2,3,4,5,6,7,8,9,10,11,12,13,14,15,16,17,18,19,20,21,22,23,24,25,26,27,28,29,30,31,32,33,34,35,36,37,38,39,40,41,42,43,44,45,46,47,48,49,50,51,52,53,54,55,56,57,58,59,60,61,62,63,64,65,66,67,68,69,70,71,72,73,74,75,76,77,78,79,80,81,82,83,84,85,86,87,88,89,90,91,92,93,94,95,96,97,98,99,100,101,102,103,104,105,106,107,108,109
0,0.0,4.3411264,7.34429,10.496317,13.078494,16.521847,18.677652,23.52451,26.283548,30.393433,32.34132,37.905888,34.532913,32.816135,28.375284,26.046717,22.10177,20.6418,16.266169,14.876466,11.95038,9.796079,12.152824,14.723832,18.600277,19.719576,20.973576,17.655682,17.77165,15.201459,17.331894,12.893653,18.370747,14.931504,19.247253,21.773348,18.906418,15.416708,17.299051,19.21952,16.028778,20.791096,18.273085,23.09895,21.088379,28.216248,26.132582,31.170313,35.91483,34.12376,30.365349,35.593605,37.911255,34.226032,33.090816,29.861835,31.445057,29.78372,27.315563,24.231262,28.377531,26.96666,25.991808,28.417463,23.199043,28.504864,27.029953,25.799013,29.975533,31.529354,33.459316,35.492718,29.853653,34.34707,33.588165,31.595205,34.64685,32.030483,37.272785,34.700985,38.59254,40.493546,35.86543,33.75142,30.11519,30.98423,26.884594,24.842865,24.161156,21.179428,23.366034,25.436674,29.29793,28.807135,32.14283,31.42031,28.788324,30.33701,30.597048,35.116653,32.586708,36.86545,39.194374,39.377563,36.412575,37.658215,31.613245,31.928024,27.994259,28.557936
1,4.3411264,0.0,5.5154743,6.7181706,9.379375,13.438316,15.007,20.265469,22.546501,27.036835,28.64345,34.220123,31.28909,29.479507,25.402714,22.563133,18.89063,16.872284,12.6166725,10.702044,7.95612,5.867188,9.09893,12.196557,15.638881,16.500631,17.121979,13.6350355,13.472369,11.1130705,13.295122,9.760696,15.900649,13.419613,18.002842,20.735712,18.43465,14.7005825,15.326999,16.471788,12.777221,17.083693,14.045993,18.874084,16.77407,23.961422,21.951677,27.072977,31.747366,30.203588,26.433178,31.443491,33.99415,30.589554,29.284985,26.037523,27.31819,25.551054,23.031233,20.106438,24.209352,23.03054,22.208847,25.050385,20.202564,25.560823,24.815624,23.84065,28.20261,30.149641,31.458366,33.079815,27.162447,31.347647,30.29634,28.031195,30.865376,27.993784,33.207058,30.457445,34.333427,36.181404,31.544676,29.422655,25.833893,26.73023,22.761543,20.830921,20.511251,17.811794,20.400269,22.674961,26.148947,25.320251,28.657654,28.13663,25.259985,26.391594,26.667982,30.903896,28.42787,32.60885,34.90222,35.187862,32.26317,33.713215,27.625017,28.317116,24.395124,25.381208
2,7.34429,5.5154743,0.0,5.3614626,6.961146,9.589597,12.228056,16.372345,19.563692,23.257183,25.520206,31.033531,27.347595,25.832706,21.147041,19.199461,15.209444,14.277214,10.443051,10.122857,9.407459,9.471617,13.03557,16.74648,19.706234,19.851603,20.049034,15.40355,14.017758,10.766171,11.534703,6.2547154,11.029204,8.245997,12.631948,15.562059,13.792889,10.115192,11.147257,12.459383,10.394659,14.609715,13.689867,18.159052,17.798342,25.073168,23.647387,28.998863,33.308712,32.629124,28.792055,32.77631,36.128403,33.31467,31.265364,28.199535,28.515522,26.809368,24.045393,21.473263,23.930405,23.004871,21.35155,24.32466,18.464699,23.25193,22.16544,20.300413,24.888212,25.987072,27.989437,29.694067,23.658197,28.335234,27.159441,25.52773,28.508556,26.26395,31.580925,29.348032,33.441845,35.755787,31.140388,28.99456,24.947811,26.45823,21.508104,20.326853,19.264511,16.790398,19.521791,22.537916,26.005014,25.618076,28.36272,27.117378,23.83113,25.626966,24.937227,29.980856,26.858797,31.435104,33.922485,33.577568,30.461866,31.32933,25.335356,25.130293,21.388794,21.518732
3,10.496317,6.7181706,5.3614626,0.0,4.0108914,7.128027,9.363511,14.12511,16.189106,20.763885,22.09377,27.665634,24.775501,22.81955,19.029087,15.887485,12.31347,10.203941,5.987691,4.8903465,4.7837105,6.5019894,9.907581,13.834533,15.973954,15.584909,15.506859,10.3274,8.783807,5.417989,7.260336,3.6997645,10.600347,10.571245,14.675588,17.836535,17.084126,13.497381,12.527738,12.062125,9.276894,11.837919,9.484808,13.897232,12.852489,20.308271,18.628273,24.15272,28.314054,27.76364,23.791742,27.498655,30.965107,28.34079,26.056398,23.05246,23.18693,21.64611,19.167418,17.27353,19.915653,19.649899,18.504244,22.322191,17.482449,22.250465,22.501455,21.153027,25.872005,27.521336,28.549711,29.543793,23.103813,27.132164,25.316824,23.135174,25.543077,22.612926,27.871716,24.990124,29.082636,31.144886,26.456715,24.067986,20.109241,21.255812,16.585993,15.13189,14.52784,12.30176,15.460069,18.506205,21.48578,20.68873,23.52804,22.667791,19.280024,20.559895,20.262827,24.987902,22.221775,26.714247,29.229828,29.304506,26.199549,27.802094,21.579918,22.332323,18.749311,19.717247
4,13.078494,9.379375,6.961146,4.0108914,0.0,6.0888457,5.6894765,11.103726,13.292333,17.757092,19.5248,25.078808,22.316166,20.83114,16.854353,13.912427,10.833567,8.483979,6.1790376,4.9700103,7.6930623,9.19327,12.945193,16.555641,18.20086,17.827156,16.243652,11.763967,8.750547,6.398757,4.757859,4.215636,8.431202,8.710892,12.685266,15.468696,14.996506,11.655504,9.413462,8.379442,5.4985414,8.06246,7.181537,11.306959,12.1048565,18.990103,18.267267,23.492964,27.45726,27.572525,23.994099,27.165901,31.11478,29.142998,26.792418,23.828293,23.139948,21.053461,17.96155,15.750824,17.21591,16.754938,15.100328,18.84089,13.724871,18.301498,18.73193,17.475733,22.186716,24.077429,24.725628,25.589956,19.145887,23.131527,21.433395,19.31336,21.960064,19.389559,24.699982,22.398945,26.488705,28.87085,24.293427,22.3044,18.256329,20.296139,15.392622,15.146068,14.96676,13.667159,17.24944,20.684782,23.058449,21.983858,24.463564,23.56493,19.606354,20.375164,19.26605,23.659117,20.330853,24.718647,27.099335,26.711899,23.676708,24.645613,18.604544,18.958101,15.134548,16.180147
5,16.521847,13.438316,9.589597,7.128027,6.0888457,0.0,6.8986864,8.196144,11.180466,14.694834,16.454985,21.898224,18.151264,16.313055,12.062371,9.728977,5.6250687,5.7865796,4.2146173,7.3958416,10.366636,13.308426,16.115965,20.059454,21.420282,20.171824,19.668076,13.828688,11.05508,7.7828636,6.5559454,3.7005923,4.9512563,8.866047,10.944467,14.313178,15.599416,12.957552,11.100564,9.037125,9.793839,9.602724,10.844255,13.398568,14.903103,21.520664,20.65553,26.10517,29.412685,30.113503,26.208363,28.087137,32.554085,30.907993,27.617037,25.122501,23.806168,22.648247,20.276793,19.53762,19.564976,20.191957,18.229963,22.463223,17.282148,20.626066,21.299913,19.012802,23.846395,24.418499,25.809849,26.351934,19.673723,23.838408,21.29972,19.938244,21.986063,19.77098,24.918852,22.53129,26.824484,29.384815,24.880915,22.368176,17.921432,19.744131,13.816306,13.764588,12.015835,10.85477,14.03335,17.990185,20.383821,20.16817,21.851809,20.01967,16.035667,18.183735,16.352993,22.225878,18.699312,23.699945,26.509611,25.816261,22.449724,23.581722,17.536642,17.326572,14.504861,14.373804
6,18.677652,15.007,12.228056,9.363511,5.6894765,6.8986864,0.0,6.5480456,8.127187,12.607811,14.536924,19.975258,17.67239,16.679396,13.091508,10.143863,8.617331,6.084865,7.748886,7.5520854,12.012358,14.020143,17.389877,20.696009,21.448719,20.665606,17.808817,13.919848,9.781921,8.948631,3.8229601,8.0756645,7.6488285,10.234531,12.639767,14.7922945,15.616045,13.221862,9.134264,5.779624,5.2313943,2.8012774,6.3200464,8.033359,11.827745,17.222813,17.73585,22.443876,25.71279,26.973698,23.859865,25.676825,30.377626,29.4578,26.708681,24.068064,22.0698,19.702057,16.28394,14.692474,13.627054,13.727995,11.409311,15.602142,10.9350605,14.324371,15.94138,14.808267,19.384937,21.402838,21.205896,21.349564,14.698778,18.211014,16.012238,13.927796,16.423542,14.207693,19.513582,17.808144,21.92901,24.72305,20.36467,18.744446,14.586101,17.718744,12.572313,14.131956,14.402467,14.552856,18.34502,22.106926,23.48298,22.166262,23.927238,22.961338,18.430277,18.534876,16.277575,20.23251,16.219679,20.490627,22.78006,21.780888,18.7785,19.142832,13.286526,13.318407,9.451176,10.895672
7,23.52451,20.265469,16.372345,14.12511,11.103726,8.196144,6.5480456,0.0,5.0133505,6.8858995,9.9826975,15.158644,11.57356,11.082801,6.8189416,5.8368073,5.793595,6.8201804,10.516148,12.531998,16.954445,19.66408,22.67072,26.21033,26.77235,25.418798,23.087492,18.531965,14.615313,13.354535,9.08708,11.375128,6.772029,11.8647995,11.728297,13.556158,16.371319,15.146187,11.328088,7.3239827,10.807934,7.005118,12.193075,11.937191,16.643486,21.013481,21.859486,26.341555,28.725803,30.869171,27.778963,28.032745,33.35133,33.094696,29.564955,27.453602,24.542229,22.861223,20.022345,19.71037,16.608454,17.678343,14.921893,18.925726,14.474759,15.648179,17.451168,15.21019,19.524035,20.021645,20.386404,19.98656,13.389787,16.913492,13.742388,13.126202,14.917438,13.977122,18.727297,17.76755,21.877485,25.090012,21.173727,19.464653,15.154493,18.607758,12.760099,15.4443865,14.627006,15.587793,18.817083,22.896448,23.82989,23.184172,23.847973,22.025928,17.365452,18.337086,14.605665,19.55042,14.919595,19.52616,22.068697,20.15982,16.94457,16.5655,11.321212,9.512952,7.273756,6.3303194
8,26.283548,22.546501,19.563692,16.189106,13.292333,11.180466,8.127187,5.0133505,0.0,5.9120264,6.4304433,11.875856,10.507542,9.620329,8.340088,5.0242467,7.7695575,6.8938694,11.785609,13.112296,17.81234,20.664137,23.16395,26.268133,26.041733,24.433867,21.451635,17.66047,13.716578,13.761729,9.600273,14.118045,11.398288,16.32555,16.685926,18.383774,20.957464,19.540724,15.269859,11.046579,12.975105,7.50842,11.559746,9.443261,14.624957,17.575743,18.89423,22.851284,24.647049,27.360096,24.59709,23.947948,29.528095,29.922543,26.27535,24.466131,20.86016,19.198162,16.635115,17.328682,13.214668,15.30105,13.180308,17.760017,15.201663,15.904787,19.162601,17.962175,21.832392,23.143614,22.209862,20.972355,14.687185,16.646364,12.726769,11.205979,11.742728,9.88149,14.477888,12.955521,17.09639,20.234446,16.388603,14.6909075,10.527775,14.370892,9.122101,12.942163,13.181759,15.231738,18.482422,22.256813,22.20565,21.004412,21.379625,20.135439,15.356915,15.008985,11.0020895,14.875546,10.089178,14.5311165,17.057669,15.299222,12.027104,12.437126,6.630959,6.80199,5.443775,7.1526175
9,30.393433,27.036835,23.257183,20.763885,17.757092,14.694834,12.607811,6.8858995,5.9120264,0.0,5.2125015,8.985952,5.8803535,7.2091513,6.0565586,7.2243724,10.442377,11.818601,16.438023,18.435253,23.033634,25.917086,28.601675,31.900023,31.851028,30.182878,27.363308,23.396887,19.513735,19.078773,14.8903475,18.07692,13.181945,18.223701,16.992128,17.89949,21.50965,21.082441,17.087704,13.131981,16.806995,11.89452,17.136322,15.007153,20.51942,22.903875,24.582783,28.170404,29.444681,32.66677,30.130457,28.708181,34.50744,35.33128,31.447018,29.91808,25.937965,24.506426,22.083153,22.812214,17.711494,19.622137,16.975103,20.617231,17.84147,16.885574,19.773996,17.869658,21.123184,21.20733,20.646217,19.022888,13.527259,15.271334,11.014726,11.574254,11.712166,12.233585,15.538944,15.740935,19.278805,22.77184,19.762827,18.577717,14.98842,18.884409,13.989697,17.980383,17.47006,19.589735,22.333004,26.198795,26.028593,25.371649,25.002716,23.131788,18.599089,18.94423,14.121335,17.994509,13.124996,16.912453,19.196308,16.254162,13.347355,11.776537,8.549683,4.919758,6.666068,4.844088
10,32.34132,28.64345,25.520206,22.09377,19.5248,16.454985,14.536924,9.9826975,6.4304433,5.2125015,0.0,5.5769835,6.0793295,5.6030645,8.476515,7.175935,11.572145,12.080029,16.997038,18.849758,23.348934,26.502922,28.553204,31.531996,30.850885,28.821594,26.06095,22.410183,18.932764,19.16975,15.71736,19.761932,16.405052,21.839127,21.237263,22.611889,25.974854,25.06592,20.964684,16.786833,19.342201,13.814624,17.522472,14.537817,19.384357,20.767296,22.358776,25.571987,26.181904,29.757698,27.33057,24.901009,30.82714,32.1227,27.953308,26.870075,22.416693,21.543095,19.91218,21.864683,16.632698,19.549843,17.784998,22.010006,20.54017,19.870848,23.595154,22.317467,25.547583,26.181952,25.001175,22.961357,17.672617,18.359634,13.723151,13.251746,11.817951,11.043573,13.627545,12.636127,16.065178,19.190184,16.333544,14.762306,11.583559,15.010109,10.989474,15.391254,15.360432,18.279436,20.703356,24.159887,23.102657,22.21837,21.36513,19.868006,15.533334,15.071285,10.046968,13.265352,8.660462,12.371948,14.895804,12.372333,9.229489,9.606127,6.337898,6.283608,8.931711,9.468499
11,37.905888,34.220123,31.033531,27.665634,25.078808,21.898224,19.975258,15.158644,11.875856,8.985952,5.5769835,0.0,6.6843266,7.7310605,12.30799,12.395092,16.789396,17.60651,22.482248,24.35387,28.812403,31.989784,33.898586,36.742348,35.784916,33.62712,30.739288,27.476257,24.160536,24.619137,21.24545,25.281792,21.523026,26.932049,25.815191,26.785934,30.495306,29.979633,25.872108,21.771208,24.5999,19.007292,22.77389,19.319263,24.17804,24.36018,26.34139,28.7848,28.50875,32.718197,30.772837,27.18621,33.18402,35.237526,30.951569,30.361692,25.418936,24.857056,23.675802,26.117468,20.146866,23.290632,21.702717,25.39812,24.770367,23.091084,27.088861,25.950432,28.520008,28.824833,27.24808,24.600725,20.459,20.001137,15.345297,15.685098,13.065467,13.51904,14.01907,14.143682,16.38428,19.357962,17.745317,16.798859,14.86407,17.918697,15.315523,19.74989,19.796467,23.010757,24.972395,28.109632,26.40835,25.639597,24.044113,22.589977,18.877054,18.09902,13.180027,14.675795,11.095993,12.89943,14.7706585,11.483632,9.456634,8.875172,9.465837,9.007429,13.014783,13.10771
12,34.532913,31.28909,27.347595,24.775501,22.316166,18.151264,17.67239,11.57356,10.507542,5.8803535,6.0793295,6.6843266,0.0,3.933214,6.650453,9.342614,12.929184,15.320848,19.753445,22.442642,26.75227,30.034595,32.280865,35.632927,35.400646,33.315903,31.201765,26.797283,23.389961,22.728304,19.372732,21.795958,16.936491,22.46704,20.608116,21.616966,25.78419,25.5618,22.116356,18.343887,22.193167,17.370033,21.982637,19.74546,24.587801,26.700884,28.044584,31.54757,32.208298,35.700855,33.057842,30.632019,36.530922,37.649178,33.242897,32.212986,27.96201,27.397839,25.79154,27.421986,22.30013,24.785477,22.474794,26.220901,23.721556,22.524076,25.330204,23.110184,26.118761,25.316866,25.233837,23.381256,18.641335,19.911749,15.547461,16.632797,15.688172,16.341692,18.498959,18.465448,21.558966,24.75078,22.26037,20.73515,17.568281,20.594013,16.090467,19.854742,18.64531,21.09272,22.998617,26.600428,25.951443,25.904747,24.611324,22.218176,18.30937,19.372753,14.278023,18.539816,14.38073,17.873493,20.27576,17.317484,14.615136,13.6707945,11.97759,9.361691,12.350737,10.368024
13,32.816135,29.479507,25.832706,22.81955,20.83114,16.313055,16.679396,11.082801,9.620329,7.2091513,5.6030645,7.7310605,3.933214,0.0,6.0095,7.0173454,10.749927,13.110465,17.357275,20.271597,24.330193,27.834255,29.701777,33.01087,32.660965,30.368269,28.788622,24.074265,21.040968,20.301336,17.656996,19.926552,16.102087,21.994999,20.685352,22.332438,26.241203,25.504908,22.205996,18.343119,21.603128,16.79441,20.474615,18.463335,22.487078,24.991175,25.76485,29.560251,30.301313,33.49316,30.537878,28.156157,33.94051,34.795345,30.198753,29.250616,25.199457,25.099545,23.933685,25.986656,21.615566,24.404882,22.473715,26.778936,24.237942,23.893389,26.782885,24.627613,28.112122,27.62773,27.680145,26.056551,20.701298,22.285416,17.825565,18.071985,17.106441,16.570652,19.16709,17.902517,21.28823,24.135942,21.2515,19.08029,15.694925,18.01348,13.302183,16.627928,15.10141,17.65982,19.319283,22.807093,22.071892,22.176228,20.807291,18.303802,14.455619,15.937441,10.975712,16.218006,12.423439,16.530054,19.328896,17.181728,14.11509,14.797504,11.862747,10.840179,13.089714,11.930716
14,28.375284,25.402714,21.147041,19.029087,16.854353,12.062371,13.091508,6.8189416,8.340088,6.0565586,8.476515,12.30799,6.650453,6.0095,0.0,5.497178,7.168258,10.69779,14.342146,17.52034,21.526499,24.78403,27.234106,30.891665,31.265219,29.364883,27.9109,22.728138,19.39187,17.812105,14.758211,15.750389,10.669993,16.423136,14.736609,16.43208,20.418076,19.83477,16.945673,13.466066,17.474468,13.676837,18.202412,17.366945,21.60091,25.485786,26.086287,30.48891,32.140102,34.726234,31.489529,30.49061,36.073948,36.18178,31.946106,30.399405,27.042078,26.342075,24.390888,25.23757,21.552237,23.430227,20.887817,24.908386,20.931692,21.098822,22.929598,20.124472,23.968832,23.058498,24.0779,23.2491,17.427162,20.389565,16.57382,17.078611,17.613457,17.337078,21.04359,20.150286,23.989717,27.140541,23.704622,21.636883,17.5675,20.364172,14.555711,17.305307,15.342327,16.800657,18.975136,22.95583,23.451698,23.664158,23.20354,20.510313,16.321497,18.47965,13.997047,19.912676,15.571047,20.22287,23.014143,20.784096,17.538437,17.305092,13.288122,10.8890085,11.435684,8.97994
15,26.046717,22.563133,19.199461,15.887485,13.912427,9.728977,10.143863,5.8368073,5.0242467,7.2243724,7.175935,12.395092,9.342614,7.0173454,5.497178,0.0,4.473255,6.138581,10.522047,13.312439,17.471498,20.879765,22.967121,26.374443,26.341202,24.325514,22.734377,17.729448,14.470258,13.449991,10.734553,13.193731,10.521846,16.354702,16.26563,18.56029,21.600864,20.116604,16.743319,12.856337,15.24071,10.832539,13.922876,12.878772,16.48538,20.423395,20.718513,25.237597,27.009174,29.369638,26.027874,25.225754,30.705206,30.694069,26.520348,24.91408,21.635557,20.979906,19.2381,20.498037,17.457638,19.737019,17.835548,22.535334,19.278822,20.376461,22.934685,20.960697,25.121914,25.474857,25.628605,24.694555,18.357658,20.913439,16.929964,16.027489,16.312742,14.496311,18.676003,16.503162,20.617918,23.418251,19.535969,17.031895,12.7321205,15.212631,9.176138,11.9323,10.542888,12.457175,15.1231365,19.041824,19.252666,18.885296,18.853172,16.783655,12.167546,13.584245,9.473304,15.524668,11.361576,16.440165,19.422045,18.068722,14.588885,15.888976,10.511691,10.467403,10.105726,10.010903
16,22.10177,18.89063,15.209444,12.31347,10.833567,5.6250687,8.617331,5.793595,7.7695575,10.442377,11.572145,16.789396,12.929184,10.749927,7.168258,4.473255,0.0,4.6157923,7.2353153,10.784672,14.467907,17.876493,20.142456,23.863434,24.446474,22.62132,21.790083,16.06473,13.061902,10.87443,8.861704,9.223442,7.096181,12.904092,13.257578,16.143969,18.779184,16.931448,14.300514,11.028863,13.213427,10.378927,12.912621,13.493634,16.131763,21.50296,21.122313,26.224108,28.686583,30.280924,26.54286,26.881926,31.942444,31.127588,27.180223,25.212336,22.83308,22.142895,20.226912,20.729944,19.069859,20.68677,18.682,23.277246,18.95478,21.017466,22.65027,20.285412,24.842335,25.000816,25.981411,25.754618,19.148514,22.641754,19.242376,18.276684,19.417099,17.460142,22.142443,19.813332,24.06794,26.758224,22.54709,19.89007,15.404369,17.40669,11.096259,12.296818,10.129487,10.603534,13.4289,17.577204,18.907982,18.881456,19.530626,17.258377,12.907557,15.2757225,12.278553,18.732681,14.941012,20.124878,23.11655,22.087036,18.606237,19.863283,14.13466,13.816698,12.280711,11.78585
17,20.6418,16.872284,14.277214,10.203941,8.483979,5.7865796,6.084865,6.8201804,6.8938694,11.818601,12.080029,17.60651,15.320848,13.110465,10.69779,6.138581,4.6157923,0.0,4.994521,7.177251,11.479818,14.784543,17.00385,20.429832,20.65536,18.957205,17.399584,12.161038,8.726918,7.4256215,4.9856715,8.258451,8.849393,13.559095,15.245948,18.058834,19.779099,17.381794,14.139963,10.7076645,10.990975,7.755656,8.639749,9.290817,11.53051,17.0831,16.66286,21.808603,24.556835,25.934097,22.267134,23.130209,28.043793,27.153728,23.553623,21.339916,19.09251,17.954832,15.801324,16.190327,15.2070055,16.835045,15.349717,20.274544,16.690222,19.424377,21.619703,20.14091,24.695145,25.972332,26.054132,25.714287,19.010477,22.028492,18.782198,16.822552,17.978739,15.070156,20.027729,17.082493,21.380928,23.82175,19.341015,16.692213,12.212094,14.228894,8.201107,9.2787285,8.618882,9.305366,12.93471,16.823189,17.878836,16.94535,18.283875,16.980711,12.439446,13.322038,11.148748,16.51719,12.967941,17.940084,20.775835,20.3222,16.95226,18.817316,12.560059,13.666304,11.316299,12.534552
18,16.266169,12.6166725,10.443051,5.987691,6.1790376,4.2146173,7.748886,10.516148,11.785609,16.438023,16.997038,22.482248,19.753445,17.357275,14.342146,10.522047,7.2353153,4.994521,0.0,4.2761807,7.2389545,10.7726345,12.921395,16.704166,17.64159,16.146093,15.931821,9.776181,7.439847,3.98685,5.1842084,4.519088,9.0683565,12.308109,15.017059,18.329021,19.15647,16.151735,14.074782,11.864624,10.872597,10.2594185,8.989601,11.752201,11.647223,18.605925,17.101282,22.740488,26.153961,26.481468,22.37185,24.552635,28.74193,26.846405,23.604443,21.061869,20.121132,19.205444,17.262247,16.981308,18.047289,19.024088,17.838535,22.497202,18.294472,22.06118,23.392633,21.79643,26.570969,27.817795,28.539604,28.809856,22.080896,25.663107,22.924381,20.868773,22.479792,19.391214,24.473475,21.227165,25.462698,27.581194,22.92791,20.099747,15.849674,16.8827,11.481382,10.372955,9.12698,7.6761003,11.26997,14.961079,17.23356,16.600803,18.765697,17.524345,13.7178955,15.352683,14.568274,20.024921,17.19307,22.045761,24.853594,24.883162,21.58006,23.684704,17.372915,18.460278,15.661076,16.619951
19,14.876466,10.702044,10.122857,4.8903465,4.9700103,7.3958416,7.5520854,12.531998,13.112296,18.435253,18.849758,24.35387,22.442642,20.271597,17.52034,13.312439,10.784672,7.177251,4.2761807,0.0,4.786612,7.671531,10.219684,13.681621,14.530858,13.568506,12.354247,7.059458,4.2215095,1.7355714,3.9809573,6.067532,11.534353,13.347096,16.91177,19.910704,19.876644,16.566689,14.174002,12.307993,9.365929,9.591708,5.860738,9.723387,8.425126,15.821214,14.252156,19.831675,23.73607,23.612516,19.684078,22.843609,26.644548,24.525995,21.974201,19.062496,18.598116,16.986408,14.59066,13.466927,15.830584,16.279312,15.605343,20.108082,16.482666,20.897429,22.375933,21.569332,26.186459,28.324076,28.398205,28.720045,22.160019,25.412033,23.09866,20.437984,22.256683,18.754263,23.871307,20.505835,24.55905,26.44927,21.734804,19.235767,15.371278,16.437397,12.087236,10.827058,11.20052,9.946534,13.65233,16.74233,18.771435,17.338968,20.105028,19.719053,16.018677,16.33587,16.199041,20.304546,17.757065,22.06123,24.534496,24.910837,21.881466,24.042738,17.756336,19.444141,16.09305,17.950142
20,11.95038,7.95612,9.407459,4.7837105,7.6930623,10.366636,12.012358,16.954445,17.81234,23.033634,23.348934,28.812403,26.75227,24.330193,21.526499,17.471498,14.467907,11.479818,7.2389545,4.786612,0.0,3.9214103,5.8035746,9.692952,11.421996,10.821985,11.61648,6.17931,6.5350595,4.197655,8.707814,7.690777,14.673619,15.334009,19.33986,22.526827,21.812548,18.195278,16.930584,15.999971,12.548856,14.119979,9.656665,13.843339,10.563599,18.107168,15.493495,21.111454,25.389164,24.214737,19.994019,24.239065,27.155334,24.077484,22.012743,18.945984,19.854824,18.690947,16.90476,15.581398,19.537231,19.676853,19.452148,23.597828,19.98019,24.866308,25.823837,25.035583,29.649551,31.75956,32.20663,32.86637,26.40277,29.844006,27.759796,25.048935,26.930132,23.265867,28.28659,24.599749,28.502485,30.019268,25.30256,22.644348,19.136784,19.276737,15.655659,13.090135,13.174702,10.762468,13.691771,15.974981,18.791042,17.57021,20.935667,20.793875,17.941874,18.64143,19.51882,23.577333,21.693201,25.84778,28.290989,29.120144,26.156246,28.676453,22.391903,24.222054,20.85607,22.56933
21,9.796079,5.867188,9.471617,6.5019894,9.19327,13.308426,14.020143,19.66408,20.664137,25.917086,26.502922,31.989784,30.034595,27.834255,24.78403,20.879765,17.876493,14.784543,10.7726345,7.671531,3.9214103,0.0,4.2765374,7.6597857,10.316557,10.929639,11.416723,8.113506,8.868197,7.6870384,11.135162,10.1346035,17.005451,16.36997,20.818943,23.739822,22.212484,18.474344,17.60691,17.415174,13.11775,15.848955,10.970512,15.521548,11.86633,19.029566,16.466948,21.657854,26.319418,24.565136,20.654165,25.82146,28.170464,24.729925,23.483944,20.20443,21.734161,20.11285,18.042185,15.723075,20.650791,20.060114,20.05463,23.57944,20.082703,25.392933,25.92743,25.535954,29.943533,32.465782,32.811775,33.763367,27.591421,31.034367,29.463087,26.603521,28.811642,25.200129,30.19339,26.722494,30.437445,31.849743,27.209229,24.909494,21.704569,21.963934,18.877634,16.448507,16.970732,14.601117,17.347393,19.24425,22.110003,20.674788,24.283934,24.445604,21.719458,22.018702,23.04368,26.507298,24.683233,28.51416,30.7132,31.606916,28.825493,31.096739,24.948387,26.726913,23.020674,24.891499
22,12.152824,9.09893,13.03557,9.907581,12.945193,16.115965,17.389877,22.67072,23.16395,28.601675,28.553204,33.898586,32.280865,29.701777,27.234106,22.967121,20.142456,17.00385,12.921395,10.219684,5.8035746,4.2765374,0.0,4.1119766,6.9972563,7.5693393,10.3462715,7.474874,10.203513,9.580658,14.051695,13.200248,20.328104,20.230055,24.51611,27.616869,26.26964,22.527122,21.740671,21.288755,17.14479,19.193308,13.755335,17.776764,12.819501,19.535934,16.080715,21.155962,25.744707,23.319796,19.149754,24.694262,26.353018,22.30552,21.282253,18.09945,20.579277,19.646307,18.506647,17.00634,22.605213,22.462093,22.998062,26.741955,23.888817,29.112904,29.992928,29.683464,34.102093,36.62778,36.875793,37.647526,31.397682,34.60073,32.754234,29.712505,31.507235,27.495975,32.258873,28.207071,31.760809,32.727604,28.142546,25.55368,22.72674,22.033375,19.741499,16.43399,17.06744,14.482636,16.537125,17.530596,20.407784,18.935099,22.861622,23.469366,21.47816,21.694403,23.631645,26.809446,25.741655,29.36388,31.559877,33.006813,30.29776,33.254242,27.101954,29.451204,26.032387,28.10599
23,14.723832,12.196557,16.74648,13.834533,16.555641,20.059454,20.696009,26.21033,26.268133,31.900023,31.531996,36.742348,35.632927,33.01087,30.891665,26.374443,23.863434,20.429832,16.704166,13.681621,9.692952,7.6597857,4.1119766,0.0,4.1684184,6.328431,9.619943,9.425003,12.724107,13.096945,17.326849,17.213541,24.252642,24.007395,28.402374,31.388405,29.802086,26.050663,25.174458,24.756931,20.219725,22.199451,16.24064,19.890343,14.184133,19.83066,16.059893,20.416233,25.0887,21.865942,17.98183,24.304098,25.046211,20.508219,20.414236,17.231836,20.615032,19.706017,18.98898,17.468712,23.92648,23.661861,24.771374,28.2422,26.193136,31.481398,32.544907,32.68491,36.912476,39.84907,39.71206,40.41278,34.347416,37.2028,35.481472,32.161045,33.805996,29.556227,34.037926,29.791664,33.012535,33.566692,29.171743,26.755293,24.502367,23.380682,22.10397,18.645075,19.86436,17.554943,19.314932,19.64011,22.106575,20.26214,24.392414,25.605276,24.000221,23.581264,26.075396,28.381693,27.851234,30.966114,32.90119,34.76451,32.310707,35.53213,29.57489,32.35544,28.940449,31.39161
24,18.600277,15.638881,19.706234,15.973954,18.20086,21.420282,21.448719,26.77235,26.041733,31.851028,30.850885,35.784916,35.400646,32.660965,31.265219,26.341202,24.446474,20.65536,17.64159,14.530858,11.421996,10.316557,6.9972563,4.1684184,0.0,3.4084592,6.9089904,8.618495,12.369007,13.832281,17.891232,19.087069,25.82449,26.32078,30.557594,33.535194,32.319775,28.626734,27.120203,26.132786,21.618258,22.639175,16.307192,19.121922,12.767594,17.301424,13.122266,17.063282,21.554678,18.040604,14.127568,20.637291,20.989563,16.356894,16.549894,13.387858,17.21682,16.544615,16.515163,15.821104,22.481857,22.683155,24.32897,28.011164,26.906067,31.902166,33.648018,34.090595,38.238068,41.436737,40.758625,41.0568,35.01785,37.339676,35.372665,31.799234,32.966087,28.395267,32.49021,27.880417,30.800358,30.947443,26.73906,24.319775,22.624252,20.954512,20.735815,17.187927,19.118624,17.423065,19.095182,19.040009,20.658003,18.257122,22.418684,24.251543,22.863016,21.632473,24.643724,26.044754,26.129614,28.742313,30.48797,32.79221,30.572163,34.260426,28.549814,31.940403,28.815458,31.701838
25,19.719576,16.500631,19.851603,15.584909,17.827156,20.171824,20.665606,25.418798,24.433867,30.182878,28.821594,33.62712,33.315903,30.368269,29.364883,24.325514,22.62132,18.957205,16.146093,13.568506,10.821985,10.929639,7.5693393,6.328431,3.4084592,0.0,6.927006,6.9035664,11.134898,12.561966,16.924923,18.252707,24.83008,26.065668,30.013094,33.14443,32.4211,28.785027,27.087374,25.679415,21.64658,21.950785,15.822611,18.23583,11.845212,16.527027,12.001208,16.415915,20.525965,17.452696,13.019225,18.75795,19.52399,15.043429,14.287516,11.253627,14.949765,14.986771,15.533118,15.877639,21.875265,22.696133,24.246302,28.39544,27.223946,31.949957,33.996822,34.17855,38.47035,41.387157,40.778824,40.860775,34.62857,36.908264,34.552654,31.064243,31.911581,27.239765,31.272371,26.371365,29.381456,29.498781,25.243689,22.453543,20.686123,18.562454,18.385859,14.45888,16.305964,14.736259,16.155573,15.901556,17.28906,14.869681,19.044802,20.939877,19.776337,18.642931,21.938715,23.558105,23.890196,26.62884,28.552807,30.964844,28.648718,32.686203,26.939142,30.495453,27.697899,30.514149
26,20.973576,17.121979,20.049034,15.506859,16.243652,19.668076,17.808817,23.087492,21.451635,27.363308,26.06095,30.739288,31.201765,28.788622,27.9109,22.734377,21.790083,17.399584,15.931821,12.354247,11.61648,11.416723,10.3462715,9.619943,6.9089904,6.927006,0.0,6.8525705,8.818848,12.097562,14.521192,18.139849,23.713985,24.90881,28.867584,31.516243,30.750767,27.316235,24.680986,22.971691,18.499517,18.285099,11.829528,13.442621,6.9694796,10.440799,6.659323,10.92986,15.695571,13.208177,9.5071745,15.716243,17.250446,14.128912,13.906721,10.450471,12.573191,10.517935,9.736876,9.215255,15.869609,16.370775,18.459627,22.314304,22.325523,26.802675,29.399088,30.336647,34.22173,37.85863,36.321106,36.114925,30.30403,31.89713,29.85978,26.019108,26.860601,22.152405,25.952806,21.425152,24.15303,24.327543,20.161196,18.143724,16.80087,15.724011,16.199762,13.831354,16.969788,16.55316,19.117216,19.928904,20.428017,17.253302,20.946037,22.972713,20.682331,18.139511,20.61132,20.830341,20.761482,22.846777,24.298866,26.559477,24.607094,28.177923,22.849777,26.660122,23.68187,27.165106
27,17.655682,13.6350355,15.40355,10.3274,11.763967,13.828688,13.919848,18.531965,17.66047,23.396887,22.410183,27.476257,26.797283,24.074265,22.728138,17.729448,16.06473,12.161038,9.776181,7.059458,6.17931,8.113506,7.474874,9.425003,8.618495,6.9035664,6.8525705,0.0,4.3772464,6.105897,10.134835,12.431128,18.387047,20.239716,23.902685,26.961487,26.729763,23.27467,21.025448,19.15189,15.594289,15.271484,9.549946,12.126795,6.685484,13.441146,9.965652,15.6532345,19.732069,18.44223,14.013918,18.22603,20.999557,18.06856,15.902406,12.806332,13.863585,13.006273,12.151132,12.309062,16.86913,17.894512,18.718113,23.307299,21.465849,25.924706,28.08031,27.9514,32.351547,35.006565,34.46718,34.451065,28.064882,30.51884,28.004053,24.739914,25.760426,21.347326,25.818748,21.296564,24.838718,25.72154,21.112118,18.249636,15.486876,14.560524,12.680352,9.461455,11.29748,10.0955715,12.9002285,14.408726,15.839415,13.520857,17.17637,18.162806,15.604211,14.721168,16.749886,19.3554,18.531105,21.99187,24.229996,25.883749,23.228027,26.74075,20.71317,23.851664,20.981508,23.636265
28,17.77165,13.472369,14.017758,8.783807,8.750547,11.05508,9.781921,14.615313,13.716578,19.513735,18.932764,24.160536,23.389961,21.040968,19.39187,14.470258,13.061902,8.726918,7.439847,4.2215095,6.5350595,8.868197,10.203513,12.724107,12.369007,11.134898,8.818848,4.3772464,0.0,4.1464353,6.10371,10.252439,15.147689,17.30774,20.762545,23.587767,23.61629,20.374004,17.503075,15.237358,11.891243,10.936524,5.4268103,8.123351,4.556669,12.040374,10.06223,15.716775,19.636833,19.421719,15.4922695,18.775875,22.471832,20.494717,18.06954,15.100266,14.624358,12.869318,10.745476,10.351296,13.559537,14.536957,14.825718,19.596376,17.484968,21.719872,24.035883,23.895885,28.261759,30.949379,30.230196,30.115688,23.721708,26.168196,23.670734,20.470629,21.701984,17.523909,22.282677,18.259817,22.06081,23.487404,18.774553,16.20204,12.86801,13.323983,10.330829,8.717108,10.666284,10.2446165,13.847365,16.347374,17.50961,15.278792,18.27492,18.742891,15.228615,14.2052765,14.917695,17.735092,15.924348,19.657276,21.927734,22.95141,20.181795,23.077595,16.957684,19.769958,16.696863,19.427404
29,15.201459,11.1130705,10.766171,5.417989,6.398757,7.7828636,8.948631,13.354535,13.761729,19.078773,19.16975,24.619137,22.728304,20.301336,17.812105,13.449991,10.87443,7.4256215,3.98685,1.7355714,4.197655,7.6870384,9.580658,13.096945,13.832281,12.561966,12.097562,6.105897,4.1464353,0.0,5.304152,6.5203686,12.324985,14.432159,17.870747,21.019785,21.11852,17.79503,15.626284,13.728279,11.05985,11.025268,7.221093,10.693598,8.676594,16.116142,14.100554,19.819105,23.64856,23.37893,19.235493,22.344492,26.046484,23.762829,21.043179,18.200706,17.937622,16.742033,14.802292,14.192575,16.752825,17.49596,17.012716,21.63646,18.179068,22.506699,24.062355,23.165602,27.813028,29.80291,29.973341,30.234951,23.62923,26.837406,24.34431,21.695936,23.284828,19.634398,24.655695,20.989368,25.035013,26.771578,22.041416,19.289753,15.467486,16.030092,11.761647,9.866564,10.015058,8.454175,12.07474,15.057288,17.194448,15.85823,18.71894,18.34849,14.866405,15.413774,15.658648,19.972712,17.730116,22.095873,24.66346,25.25495,22.186283,24.707638,18.383915,20.284945,17.175465,18.97957
30,17.331894,13.295122,11.534703,7.260336,4.757859,6.5559454,3.8229601,9.08708,9.600273,14.8903475,15.71736,21.24545,19.372732,17.656996,14.758211,10.734553,8.861704,4.9856715,5.1842084,3.9809573,8.707814,11.135162,14.051695,17.326849,17.891232,16.924923,14.521192,10.134835,6.10371,5.304152,0.0,6.8683205,9.539263,12.111196,15.110534,17.745049,18.236952,15.351065,11.986514,9.271931,7.142739,5.7317066,4.3596597,7.259383,8.921043,15.318975,14.942521,20.110703,23.628489,24.371944,20.880898,23.154465,27.559696,26.216476,23.470644,20.737846,19.23931,17.18162,14.193873,13.015747,13.51403,14.034477,12.696632,17.326767,13.533104,17.42121,19.254519,18.422403,22.982294,25.144953,24.90554,24.989138,18.386889,21.543034,19.134657,16.594542,18.541172,15.411638,20.65583,17.899141,22.049444,24.374979,19.766594,17.63157,13.51415,15.719041,10.827599,11.266518,11.805778,11.618924,15.503104,19.006132,20.471071,18.981728,21.155466,20.531715,16.257591,16.25059,14.966031,18.950108,15.632785,19.97847,22.396484,22.1676,19.11764,20.613897,14.402861,15.65265,12.152242,14.092242
31,12.893653,9.760696,6.2547154,3.6997645,4.215636,3.7005923,8.0756645,11.375128,14.118045,18.07692,19.761932,25.281792,21.795958,19.926552,15.750389,13.193731,9.223442,8.258451,4.519088,6.067532,7.690777,10.1346035,13.200248,17.213541,19.087069,18.252707,18.139849,12.431128,10.252439,6.5203686,6.8683205,0.0,7.253668,8.5318,11.911359,15.310143,15.438955,12.201993,11.116439,10.17003,9.204016,10.849826,10.44909,14.119947,14.404051,21.595488,20.287937,25.849724,29.627176,29.670717,25.677975,28.517225,32.485424,30.279446,27.459585,24.694117,24.154621,22.83533,20.387634,19.005468,20.34168,20.446415,18.782427,22.758781,17.458792,21.596294,21.822716,19.841265,24.682829,25.656042,27.1018,28.009033,21.440557,25.718132,23.623749,21.930447,24.272053,21.768673,27.03089,24.441809,28.673838,31.024633,26.398327,23.924469,19.657248,21.140545,15.725417,14.856541,13.490972,11.530618,14.661217,18.221176,21.123814,20.75117,23.038181,21.583626,17.948746,19.865477,18.818226,24.26766,21.087296,25.901583,28.595144,28.245975,24.97906,26.280058,20.121298,20.260685,16.988506,17.26747
32,18.370747,15.900649,11.029204,10.600347,8.431202,4.9512563,7.6488285,6.772029,11.398288,13.181945,16.405052,21.523026,16.936491,16.102087,10.669993,10.521846,7.096181,8.849393,9.0683565,11.534353,14.673619,17.005451,20.328104,24.252642,25.82449,24.83008,23.713985,18.387047,15.147689,12.324985,9.539263,7.253668,0.0,6.027474,6.462667,9.603478,11.734703,9.957132,8.056795,6.238222,9.6067505,9.727364,13.401888,15.432395,18.445364,24.459126,24.35792,29.48054,32.64308,33.78997,30.208712,31.77897,36.53465,35.251987,31.994474,29.519924,27.75961,26.219995,23.36844,22.153841,21.026548,21.220528,18.488462,22.007278,16.001043,18.553217,18.451183,15.385448,20.148844,19.951244,22.024202,22.86142,16.42899,21.179781,19.047647,18.571363,21.123781,20.043058,25.069727,23.795624,27.999372,31.005104,26.772507,24.75891,20.303585,22.972347,16.891077,17.88031,16.169306,15.477259,18.453522,22.517103,24.768818,24.676735,25.96395,23.8161,19.65347,21.799965,19.040873,24.803823,20.638548,25.511972,28.175323,26.68505,23.410378,23.289165,17.868715,16.13117,13.357015,11.8831005
33,14.931504,13.419613,8.245997,10.571245,8.710892,8.866047,10.234531,11.8647995,16.32555,18.223701,21.839127,26.932049,22.46704,21.994999,16.423136,16.354702,12.904092,13.559095,12.308109,13.347096,15.334009,16.36997,20.230055,24.007395,26.32078,26.065668,24.90881,20.239716,17.30774,14.432159,12.111196,8.5318,6.027474,0.0,4.7589245,7.4451365,6.9368267,4.172718,4.8315873,6.818511,8.7635145,12.075671,14.979053,18.074028,20.544363,26.871988,26.73526,31.770767,35.493584,36.054424,32.603428,35.265114,39.56643,37.789257,35.18514,32.353035,31.278944,29.241856,25.934294,23.503525,23.399221,22.49231,19.669136,22.142212,15.273577,18.608229,16.874937,13.758065,18.410975,18.402008,21.18025,23.024357,17.217773,22.485666,21.553764,21.059017,24.400513,23.53727,28.663288,27.757536,31.83532,34.825443,30.55657,28.889761,24.600904,27.345442,21.64566,22.186052,20.86032,19.497175,22.494717,26.282928,29.095972,28.851612,30.706333,28.830519,24.841436,26.746191,24.465107,29.745346,25.638973,30.257504,32.688015,31.234575,28.14654,27.584614,22.324667,20.431593,16.980042,15.693048
34,19.247253,18.002842,12.631948,14.675588,12.685266,10.944467,12.639767,11.728297,16.685926,16.992128,21.237263,25.815191,20.608116,20.685352,14.736609,16.26563,13.257578,15.245948,15.017059,16.91177,19.33986,20.818943,24.51611,28.402374,30.557594,30.013094,28.867584,23.902685,20.762545,17.870747,15.110534,11.911359,6.462667,4.7589245,0.0,3.7233825,6.3266077,6.2925043,7.0110507,8.212432,12.266849,14.125262,18.34105,20.619944,23.926868,29.84684,30.023676,34.98407,38.328335,39.39769,35.98151,37.90452,42.58533,41.181793,38.187374,35.569458,33.97542,32.12318,28.895136,26.901705,25.677973,25.085814,21.886904,24.203213,17.319662,19.367094,17.420515,13.385886,17.711712,16.202255,19.94794,21.777615,16.36628,21.843674,20.836742,21.275797,24.482155,24.424536,29.247341,28.914377,32.94292,36.19617,32.16385,30.562742,26.205559,29.225775,23.217205,24.315136,22.539553,21.554636,24.272602,28.242895,30.865639,30.974733,32.27818,29.927498,25.910177,28.238426,25.274828,30.908577,26.500519,31.170115,33.649315,31.666681,28.574528,27.398014,22.707947,19.820105,17.087732,14.557718
35,21.773348,20.735712,15.562059,17.836535,15.468696,14.313178,14.7922945,13.556158,18.383774,17.89949,22.611889,26.785934,21.616966,22.332438,16.43208,18.56029,16.143969,18.058834,18.329021,19.910704,22.526827,23.739822,27.616869,31.388405,33.535194,33.14443,31.516243,26.961487,23.587767,21.019785,17.745049,15.310143,9.603478,7.4451365,3.7233825,0.0,4.9520464,7.005431,7.729159,9.4750395,13.867726,15.716779,20.549505,22.48021,26.374382,31.821934,32.44451,37.121536,40.378273,41.679405,38.525658,40.336514,45.12629,43.95733,41.069153,38.436512,36.61735,34.482906,30.991129,28.719975,26.955036,26.048744,22.575747,24.174742,17.23472,18.498793,15.811794,11.366259,15.146359,12.884526,17.318834,19.52667,14.924083,20.515528,20.154875,21.154774,24.611826,25.255426,29.8056,30.18003,34.013714,37.44469,33.652042,32.428886,28.210546,31.63074,25.748909,27.289629,25.742249,25.00706,27.813091,31.827534,34.285885,34.28015,35.483356,33.151302,29.000374,31.0669,27.79038,33.061626,28.435986,32.841385,35.124165,32.760357,29.86408,27.945175,23.86808,20.349579,17.757727,14.822803
36,18.906418,18.43465,13.792889,17.084126,14.996506,15.599416,15.616045,16.371319,20.957464,21.50965,25.974854,30.495306,25.78419,26.241203,20.418076,21.600864,18.779184,19.779099,19.15647,19.876644,21.812548,22.212484,26.26964,29.802086,32.319775,32.4211,30.750767,26.729763,23.61629,21.11852,18.236952,15.438955,11.734703,6.9368267,6.3266077,4.9520464,0.0,3.7648342,6.8181295,10.419405,13.047148,16.585316,20.425333,23.084358,26.33523,32.01994,32.492977,37.112553,40.798977,41.572727,38.498318,41.164967,45.544662,43.972336,41.59601,38.705917,37.445724,34.99808,31.277447,28.258366,27.498198,25.918047,22.639004,23.682684,16.495317,18.724474,15.130508,11.3420725,14.95775,13.83902,18.031483,20.863533,16.605627,22.161043,22.476578,22.90302,26.754698,27.033537,31.773176,31.994616,35.79209,39.0693,35.142063,34.038757,29.92086,33.232315,27.630335,28.724375,27.529083,26.366995,29.325335,33.1509,35.933514,35.68702,37.40592,35.41495,31.313297,33.09112,30.338646,35.28174,30.823973,35.122585,37.284927,35.231056,32.409004,30.669016,26.318623,23.3471,20.086447,18.01788
