,0,1,2,3,4,5,6,7,8,9,10,11,12,13,14,15,16,17,18,19,20,21,22,23,24,25,26,27,28,29,30,31,32,33,34,35,36,37,38,39,40,41,42,43,44,45,46,47,48,49,50,51,52,53,54,55,56,57,58,59,60,61,62,63,64,65,66,67,68,69,70,71,72,73,74,75,76,77,78,79,80,81,82,83,84,85,86,87,88,89,90,91,92,93,94,95,96,97,98,99,100,101,102,103,104,105,106,107,108,109,110,111
0,0.0,4.064378,6.323053,9.0546255,11.892655,13.663734,16.788471,21.52912,23.804455,26.662441,30.807,32.811325,34.51506,31.129513,25.918224,25.56824,21.960234,21.999445,17.077282,19.185017,17.434565,17.658396,17.638426,20.744581,22.684582,22.075882,23.242598,21.730133,25.245255,21.784277,29.032448,23.785814,30.242588,27.870464,30.225868,32.38094,30.065907,29.748974,25.966253,23.969395,28.130798,25.250519,29.356722,28.833157,24.918213,28.364649,24.769037,27.630342,26.56109,29.132607,31.203249,31.608084,36.346287,37.56166,39.07059,35.33431,35.516808,36.777084,41.609856,40.641262,36.602234,35.818317,41.122124,41.816628,45.287247,39.96397,38.536316,44.383915,40.494694,38.354225,40.23852,40.879936,37.205723,34.87917,37.171486,35.301086,39.085117,39.215313,37.658516,41.71419,38.00243,40.790462,38.253494,33.589764,30.546915,29.741419,25.451374,26.542448,22.178425,23.346724,22.900105,21.488216,22.627632,20.258863,16.061752,12.822103,12.501996,13.104648,16.008972,17.063776,21.42282,23.863438,25.988594,29.02181,31.746517,33.901485,31.282963,36.617924,30.976091,34.30774,32.862263,35.08979
1,4.064378,0.0,4.7307277,5.591626,8.290795,11.280849,13.158369,18.701376,20.495993,23.439238,27.663895,29.315533,30.876287,27.257326,22.074091,21.633308,17.965218,18.203817,13.321225,15.844248,14.472573,15.151895,15.610146,18.099434,19.755188,18.918531,19.632383,17.869831,21.252083,17.732265,24.995426,19.815195,26.405725,24.32053,26.722898,29.136957,27.057919,26.520073,22.617104,20.368923,24.367277,21.313745,25.367764,24.78672,20.98619,24.400555,21.064058,24.083448,23.37507,25.89238,27.871628,27.974384,32.724796,33.843,35.292614,31.544636,31.604963,32.76736,37.653183,36.604034,32.56348,31.888157,37.286705,38.13148,41.587303,36.226044,34.979645,40.94024,37.297237,35.133347,37.321804,37.883644,34.35389,31.727345,33.903282,31.772469,35.40565,35.417263,33.771168,37.840656,34.099304,37.001465,34.648117,29.914648,26.948694,26.128872,21.980736,23.206713,18.968697,20.62845,20.479761,19.64653,21.09519,19.38074,15.471966,11.931377,11.142377,10.570948,13.95894,14.132258,18.871986,20.887049,23.035976,26.015453,28.625269,30.924568,28.434496,33.825344,28.23934,31.89191,30.444984,33.075005
2,6.323053,4.7307277,0.0,5.021182,6.7877927,8.017441,11.541201,15.419897,18.181822,20.63514,24.917929,27.035793,29.288734,26.134562,20.869286,20.754974,17.596304,18.145706,14.657637,16.694017,16.562887,16.602612,18.049875,20.580067,21.58985,21.213423,20.981186,19.224361,21.803837,18.57963,24.873903,19.738531,25.947285,23.1535,26.115318,27.838238,26.189255,26.288227,22.05011,19.9481,24.68349,22.118843,25.781305,25.526224,22.630268,25.533989,23.223732,25.837015,25.853073,27.71772,29.228752,28.965302,33.91908,34.43105,36.391064,32.883118,32.171494,33.178658,38.00008,36.582756,32.34122,31.63958,36.716755,37.546555,40.642548,34.983604,34.017555,39.715042,35.78463,33.964725,36.18604,37.271515,33.85045,31.226498,34.105545,31.462723,35.517365,35.07806,33.18551,36.886982,33.01561,35.39687,32.51689,27.990828,24.954659,24.528202,19.977566,21.908941,18.160238,19.523561,19.997211,18.57901,20.790861,18.518429,14.683389,11.932315,10.050611,9.52609,11.517002,11.664084,16.170755,17.789995,20.375834,23.021461,25.696424,28.018066,25.549236,31.185167,25.93839,29.55822,28.67824,31.244162
3,9.0546255,5.591626,5.021182,0.0,3.7374818,6.4871426,7.8951983,13.526043,14.969893,18.196499,22.186546,23.996073,25.463186,22.21951,17.03262,17.248095,13.95466,15.51666,11.980677,15.119338,15.23113,16.304134,17.831644,19.292437,20.143164,19.076141,18.36349,15.894465,18.206625,14.42362,20.601532,15.186274,21.408215,18.913965,21.559929,23.731602,21.949863,21.659779,17.49552,15.268229,19.795485,17.292532,21.105127,21.12449,18.336506,21.677023,19.603577,22.97716,23.307297,25.46404,27.018732,26.25295,31.052422,31.610579,33.11994,29.457129,28.791483,29.439201,34.50547,32.799736,28.52433,28.426092,33.85954,35.12867,38.206097,32.415337,31.98694,37.946915,34.594566,32.715343,35.50018,36.32735,33.16869,30.029293,32.44685,29.422432,32.96472,32.314823,30.151423,33.86684,29.765678,32.371532,29.848526,25.16158,22.508781,22.297144,18.067732,20.542582,17.150932,19.47464,20.305115,19.9122,22.232733,20.943954,17.534565,14.41327,12.528502,10.431177,13.096419,11.4029255,16.539225,16.754406,19.722113,21.958212,24.265324,27.084942,24.988506,30.778067,25.759306,29.912064,29.017284,32.17027
4,11.892655,8.290795,6.7877927,3.7374818,0.0,6.24081,5.132205,11.133346,12.644112,15.274721,19.726593,21.091196,23.08776,19.492357,14.223005,14.060212,10.939262,12.403275,10.06321,12.790604,13.980664,14.822759,17.131344,18.207195,18.425161,17.67082,16.143305,13.813168,15.563478,12.331431,18.117695,13.145629,19.509342,17.229742,20.39808,22.556423,21.532772,21.260706,16.785702,14.16098,18.634869,15.914558,19.260256,19.032202,16.8313,19.448814,18.173882,20.97125,21.920273,23.48144,24.660269,23.636835,28.535133,28.72181,30.581501,27.133787,26.00081,26.698982,31.627281,29.922504,25.623894,25.248072,30.495079,31.69459,34.68002,28.862528,28.425081,34.31626,30.934921,29.139126,32.026493,32.991547,29.957,26.717922,29.386456,26.093832,29.813301,29.003775,26.826475,30.476387,26.462704,29.013592,26.453003,21.765858,18.933,18.633175,14.347466,16.95202,13.8779545,16.358002,17.63649,17.492437,20.212503,19.304235,16.421368,13.707957,11.3713665,8.4410515,10.631254,8.015408,13.203642,13.2517805,16.067217,18.375084,20.719734,23.445564,21.352798,27.11539,22.172945,26.451895,25.682573,29.02715
5,13.663734,11.280849,8.017441,6.4871426,6.24081,0.0,6.9730744,8.375309,11.088984,14.034268,17.540022,20.430243,22.515417,20.53253,15.56996,16.931543,14.879452,17.49928,16.162664,18.797005,20.205578,20.82228,23.144075,24.439497,24.608122,23.856573,21.999266,19.40796,20.266695,16.901653,20.738901,15.527089,20.333406,16.497826,19.761412,20.618778,19.378542,20.225693,15.838989,14.29611,19.859093,18.691143,21.715332,22.616995,21.42614,24.166262,23.640774,26.73858,27.97119,29.46023,30.428862,28.99286,33.824043,33.554657,35.47925,32.158237,30.450205,30.578598,35.57607,33.085552,28.559828,28.917562,33.904922,35.418167,37.811237,31.51479,31.974886,37.518017,34.09942,32.810265,35.881107,37.36699,34.56371,31.276173,34.421436,30.536753,34.32392,32.851597,30.141085,33.105415,28.658333,30.347107,27.068033,22.806023,20.490576,21.32789,16.782934,20.851,18.699825,20.84712,22.614214,21.81956,24.978731,23.314169,20.264338,18.076984,15.37422,13.269119,13.871142,11.297037,15.704589,13.743239,17.96194,18.945965,20.973022,24.244925,22.566893,28.80428,24.743195,28.994476,29.075615,32.291588
6,16.788471,13.158369,11.541201,7.8951983,5.132205,6.9730744,0.0,7.7698374,7.796894,10.842242,15.008276,16.196466,17.959705,14.622276,9.386687,10.18184,7.973607,11.374926,11.267794,14.144802,16.403923,17.626453,20.35325,20.42622,19.975742,18.973255,16.208477,13.35123,13.4668045,10.354654,14.030669,9.11918,14.808793,12.322185,15.843412,17.86918,17.487507,17.332104,12.68105,9.954925,14.6756115,12.693153,15.3963175,15.861767,15.146177,17.394632,17.693571,20.670639,22.568016,23.747883,24.47241,22.560316,27.245354,26.877867,28.654127,25.393929,23.5468,23.612736,28.646996,26.250004,21.771515,22.142847,27.38321,29.093601,31.651056,25.468147,26.022457,31.854273,29.003574,27.511509,31.031866,32.128788,29.603775,25.882341,28.541286,24.414919,27.784481,26.278996,23.549194,26.77131,22.383776,24.674006,22.086494,17.426935,15.125012,15.621129,11.646674,15.71855,14.082347,17.170563,19.255861,19.758535,22.877918,22.566935,20.311543,17.997856,15.463131,12.0122,13.228697,8.973197,13.49823,10.8993,14.493324,15.652746,17.409517,20.76582,19.30771,25.261457,21.166586,25.873657,25.62233,29.445662
7,21.52912,18.701376,15.419897,13.526043,11.133346,8.375309,7.7698374,0.0,5.1868467,6.032272,9.78072,12.803807,16.174114,15.020803,10.976137,13.104998,13.181969,16.537985,18.280487,20.117073,23.13813,23.58731,26.832735,27.205704,26.28334,25.845905,22.461338,20.033808,18.86741,16.878067,17.356443,13.816039,16.62127,12.497399,16.772024,16.588015,17.397535,18.8274,14.395468,13.015588,18.251144,18.024244,19.386051,20.703985,21.665663,22.947853,24.602667,26.874926,29.396772,29.803226,29.879951,27.533009,32.088234,30.741058,33.124832,30.471165,27.475155,27.055159,31.63077,28.463366,23.927393,24.588524,28.79135,30.581459,32.13652,25.519222,27.080845,32.041576,28.999516,28.383253,31.985931,33.976204,31.90272,28.313923,31.92265,27.052496,30.772198,28.355875,25.146547,27.164902,22.599102,23.334446,19.50754,15.79223,14.024646,16.076706,12.015569,17.710972,17.707453,19.960178,22.842554,22.60008,26.421669,25.509418,23.640623,22.341013,19.253805,16.454895,15.466295,11.380672,13.848738,8.209321,13.397784,12.394749,13.649131,17.534075,16.738884,23.0888,20.526114,25.030603,26.10079,29.729757
8,23.804455,20.495993,18.181822,14.969893,12.644112,11.088984,7.796894,5.1868467,0.0,4.992268,7.398785,9.667171,11.576051,10.559087,6.9654126,10.412858,11.19383,15.748371,17.910402,20.303848,23.356256,24.505537,27.587234,27.132357,26.08166,25.112722,21.353163,18.462635,16.511246,14.439439,13.194199,9.955756,11.539644,7.3808856,11.783998,12.0302,13.295387,14.341567,10.027717,8.697495,13.512869,14.043322,14.869529,16.85644,18.680302,20.020561,22.37926,25.146374,27.992975,28.550655,28.594326,25.71968,29.884325,28.528452,30.341846,27.665775,24.625875,23.620905,28.395247,24.746311,20.17723,21.831066,26.359102,28.736126,30.19587,23.502235,25.855562,31.012403,28.822943,28.137508,32.27826,33.87369,32.14331,28.119923,31.05966,25.884775,28.828747,26.121988,22.543018,24.434381,19.518831,20.49726,17.282078,13.385733,12.598283,15.092991,12.095818,18.019907,18.518974,21.499115,24.406841,25.025467,28.625685,28.44021,26.70541,24.995512,22.154556,18.802677,18.653399,13.960991,16.678082,10.567026,15.197653,13.744097,14.145686,18.477943,18.29054,24.309649,22.10477,26.92634,27.79145,31.850325
9,26.662441,23.439238,20.63514,18.196499,15.274721,14.034268,10.842242,6.032272,4.992268,0.0,5.485545,6.9749284,11.480658,10.600005,8.182599,10.597355,12.530438,16.123785,19.678421,21.061935,24.804245,25.391005,28.936665,28.473322,26.9056,26.512821,22.288956,20.055605,17.472784,16.699158,14.439326,12.924159,13.841591,10.664018,15.152243,14.769088,17.189604,18.402773,14.456183,13.094625,16.98548,17.241941,17.158783,18.587107,21.074549,21.216373,24.357231,26.052599,29.361996,29.106829,28.602411,25.605057,29.689795,27.6723,30.142542,28.024065,24.257393,23.36524,27.535427,23.928072,19.539476,20.561638,24.189163,26.313078,27.289316,20.544823,23.095755,27.682877,25.329302,25.105526,29.21494,31.265741,29.850082,25.983187,29.483747,24.01943,27.298006,24.232647,20.6708,21.977743,17.346697,17.534197,13.600113,10.191455,9.32607,12.455507,9.830219,16.115396,17.749548,20.216597,23.558315,24.100727,27.96665,27.913576,26.816936,25.789642,22.806618,19.597805,18.405128,13.834998,14.954115,7.7615085,12.157456,9.490901,9.431667,13.895629,14.139455,20.042904,18.726643,23.380848,24.848831,28.85541
10,30.807,27.663895,24.917929,22.186546,19.726593,17.540022,15.008276,9.78072,7.398785,5.485545,0.0,5.388286,8.676314,10.975018,10.734143,14.202118,16.63266,20.811787,24.32106,26.065365,29.68961,30.566048,33.981174,33.26826,31.718838,31.025259,26.690964,24.170614,21.126379,20.231575,16.14705,15.271713,13.543403,9.869808,13.632389,11.635517,15.017733,16.956327,14.03399,13.9260845,17.257246,19.038921,18.231022,20.6516,23.991152,24.239342,27.900867,29.997398,33.475872,33.32925,32.74613,29.358887,32.9915,30.746086,32.8004,30.87617,26.88571,25.249268,29.252354,24.867039,20.70456,22.91036,26.129522,28.780012,29.04935,22.33755,26.081028,30.145138,28.538546,28.707949,33.08772,35.17098,34.193882,30.205788,33.439503,27.684025,30.311256,26.716337,22.753305,23.092974,18.291262,17.455784,13.535116,11.531638,12.513361,16.323067,14.762133,20.971127,22.990847,25.549187,28.9298,29.56842,33.431553,33.38315,32.21448,31.090227,28.095764,24.890572,23.798512,19.252888,20.34914,13.024314,17.152657,13.600724,12.394906,16.92248,18.063276,23.407757,23.2189,27.692034,29.531378,33.54465
11,32.811325,29.315533,27.035793,23.996073,21.091196,20.430243,16.196466,12.803807,9.667171,6.9749284,5.388286,0.0,6.25635,7.365195,9.06198,11.700974,15.1015,18.881319,23.40045,24.692812,28.661621,29.620405,33.135033,31.805107,29.830294,29.214622,24.474276,22.306116,18.476677,18.690649,13.109459,14.18643,11.801445,10.427486,13.920213,13.165366,17.144161,18.05042,15.389992,14.616232,16.37731,17.708033,15.858323,17.78436,21.953012,21.167562,25.71771,27.16331,31.08523,30.429087,29.458502,25.751999,28.942835,26.33434,28.411627,26.918343,22.525238,20.700792,24.30863,19.857265,15.90777,18.173368,21.011871,23.861643,23.939089,17.29209,21.549814,25.495304,24.53851,24.760052,29.430536,31.282772,30.730762,26.597023,29.475988,23.546347,25.700676,21.833496,17.765574,17.780764,12.998227,12.1519,8.642704,6.671836,8.864284,12.852814,12.852752,18.496641,21.352749,24.047157,27.492401,28.809275,32.48043,33.182957,32.55239,31.525085,28.735985,25.26063,24.310009,19.61376,20.135082,13.203149,15.9825325,12.3947525,10.495259,14.725343,16.325544,20.87308,21.111563,25.603155,27.281666,31.543133
12,34.51506,30.876287,29.288734,25.463186,23.08776,22.515417,17.959705,16.174114,11.576051,11.480658,8.676314,6.25635,0.0,6.2475295,9.869091,13.33169,16.434326,21.001333,24.797915,26.875145,30.323925,31.976439,35.03663,33.215702,31.503222,30.211514,25.66414,22.96397,19.022512,18.683298,11.6954975,13.240466,7.9132657,7.786772,9.42816,8.872187,13.32949,13.715881,12.470808,12.578395,12.6795025,15.50797,12.965232,16.076979,20.818941,20.62778,25.291702,27.647146,31.448086,31.37394,30.691584,26.712877,29.356188,27.160578,28.14106,26.45243,22.559124,19.917562,23.828732,18.73017,15.003602,19.01333,22.399696,25.926311,26.062038,19.835299,24.583574,28.74618,28.688484,28.619207,33.540157,34.79982,34.364468,29.961782,31.888565,26.095348,27.170376,23.329817,19.071325,19.039318,14.090368,13.880881,12.346652,10.708309,13.436968,16.833767,17.20396,22.44049,24.824495,28.066206,31.211088,32.942547,36.328667,37.265213,36.306896,34.71841,32.12669,28.41635,28.330368,23.420233,24.887497,18.304205,21.220057,18.262463,16.559944,20.642906,22.149847,26.47964,26.394503,31.027954,32.245586,36.688126
13,31.129513,27.257326,26.134562,22.21951,19.492357,20.53253,14.622276,15.020803,10.559087,10.600005,10.975018,7.365195,6.2475295,0.0,5.2762685,7.5585713,10.927092,15.154853,19.31822,21.129612,24.662388,26.365011,29.407331,27.316465,25.450981,24.224957,19.557112,17.065222,12.879932,13.176765,6.008371,8.750368,5.959002,8.045973,10.56502,12.537319,15.664573,14.86622,12.477512,10.878347,10.5370655,11.31603,8.710476,10.660526,15.395635,14.6543865,19.500185,21.471233,25.372751,25.142704,24.464272,20.542122,23.433311,21.462923,22.618511,20.685019,16.888706,14.738267,19.171375,14.746153,10.370156,13.689306,18.049177,21.355516,22.425972,16.138195,19.894361,24.869423,24.548098,23.90748,28.791508,29.664736,28.95886,24.463324,26.126308,20.526546,21.758211,18.375702,14.302727,15.656163,10.552617,12.380534,11.516953,7.953406,9.597416,11.985008,12.69417,17.164814,19.378223,22.840149,25.774778,27.936123,31.035435,32.423466,31.68248,30.037163,27.708374,23.85758,24.168062,19.304186,20.853539,15.382018,17.437193,15.674713,14.646437,18.320364,19.179115,23.439882,22.32447,27.105104,27.65425,32.222485
14,25.918224,22.074091,20.869286,17.03262,14.223005,15.56996,9.386687,10.976137,6.9654126,8.182599,10.734143,9.06198,9.869091,5.2762685,0.0,4.446378,6.702824,11.568932,15.037735,17.175936,20.57032,22.171688,25.233227,23.692564,22.151392,20.983778,16.61612,13.832548,10.632912,9.763631,6.4820266,5.4663787,7.5124836,7.3522005,11.060179,13.39534,15.267493,14.607048,10.869176,8.274833,10.219677,9.547676,9.189594,10.457308,13.378958,13.677122,17.20964,19.572886,22.991539,23.186123,22.962955,19.622776,23.403358,22.01076,23.53062,20.965324,17.812271,16.675636,21.559574,18.079453,13.4837265,15.280372,20.292196,22.932886,24.749449,18.334927,20.681564,26.23153,24.818653,23.777008,28.276766,29.243689,27.818829,23.456877,25.572163,20.339579,22.569088,19.921919,16.344425,18.76807,13.91333,16.152304,14.365329,9.792326,9.242902,10.959975,9.732574,14.6258,15.759943,19.334858,22.139954,23.925285,27.092155,28.069416,26.954363,25.14077,22.75069,18.912863,19.43785,14.533591,16.85973,11.84918,14.525885,13.760697,13.829538,17.625805,17.579832,22.700367,20.347937,25.314941,25.557783,30.011475
15,25.56824,21.633308,20.754974,17.248095,14.060212,16.931543,10.18184,13.104998,10.412858,10.597355,14.202118,11.700974,13.33169,7.5585713,4.446378,0.0,4.0644627,7.681673,12.330604,13.671331,17.467964,18.895578,22.12097,20.295649,18.372522,17.538454,12.83085,10.661281,7.049616,7.8048873,6.304733,6.750681,10.577258,11.670169,14.972128,17.738504,19.448713,18.36093,14.670717,11.61162,12.690181,10.251766,9.959533,9.199389,11.582067,10.708522,14.449569,15.813976,19.488235,19.173553,18.744091,15.490173,19.525646,18.155842,20.114578,17.599901,14.433113,14.098158,18.852404,16.315287,11.883841,12.157607,17.416862,19.594961,22.00312,15.933525,17.193295,23.110018,21.49579,20.066586,24.440826,25.152655,23.590586,19.215782,21.241049,16.197466,18.72782,16.559624,13.496823,16.785973,12.5628605,15.70305,14.498188,9.673476,7.921285,7.913814,7.279308,10.7942505,12.042275,15.7359085,18.432772,20.703154,23.626638,25.149517,24.490133,22.856487,20.734415,16.85262,17.495714,12.879043,14.712953,11.317919,12.44349,12.872733,13.411091,16.329391,15.820676,20.41428,17.423239,22.328505,22.05436,26.571262
16,21.960234,17.965218,17.596304,13.95466,10.939262,14.879452,7.973607,13.181969,11.19383,12.530438,16.63266,15.1015,16.434326,10.927092,6.702824,4.0644627,0.0,5.3700233,8.49597,10.588679,13.91272,15.631458,18.60868,17.010328,15.545153,14.44869,10.271987,7.5712566,5.7488947,4.7488256,8.182442,6.1025286,12.283913,12.942159,16.001919,19.223967,19.955763,18.614412,14.655123,11.223466,12.842332,9.251343,10.673496,9.378049,9.516016,9.968458,11.931421,13.986307,16.975668,17.372427,17.60114,15.037879,19.514269,19.016506,20.727507,17.627928,15.579898,15.879044,20.846195,18.994081,14.767937,14.572282,20.16826,21.946857,24.905472,19.224651,19.47091,25.646656,23.589403,21.730888,25.647116,26.090816,23.961678,19.804398,21.624523,17.377062,20.13216,18.819515,16.35548,20.19374,16.303015,19.696775,18.473398,13.616958,11.34717,10.555469,8.670424,11.120799,10.541129,14.483385,16.634584,18.809729,21.462343,22.8253,21.745445,19.68016,17.764534,13.825442,15.33326,10.980989,13.935711,12.058743,13.28206,14.8676405,16.124168,18.828325,17.653473,22.45969,18.439363,23.255909,22.412903,26.73469
17,21.999445,18.203817,18.145706,15.51666,12.403275,17.49928,11.374926,16.537985,15.748371,16.123785,20.811787,18.881319,21.001333,15.154853,11.568932,7.681673,5.3700233,0.0,6.3773084,6.1245556,10.336426,11.437407,14.792549,13.069974,10.994365,10.83177,6.404692,5.792987,5.5961156,7.158617,12.029958,11.227443,17.240059,18.26165,21.307968,24.539457,25.307625,23.880527,19.958546,16.490036,17.719025,13.456751,14.741215,12.023807,10.875509,9.895014,10.879553,10.824669,13.760848,13.33405,13.411943,11.6723795,16.641695,16.425606,18.848213,15.94958,14.368809,15.983725,20.235361,19.779049,16.214027,14.051881,19.192654,19.992018,23.59436,18.760025,17.236235,23.487907,20.90106,18.531828,21.832823,21.978565,19.40279,15.547084,17.415276,14.043042,17.485632,17.220814,15.896184,20.340345,17.53937,21.280098,20.394903,15.809845,12.741644,10.203318,8.788351,7.8162723,6.0773215,10.078748,11.777981,14.591951,16.802673,18.876936,18.4656,16.77747,15.358875,11.681616,13.285938,10.116951,12.084317,13.038041,12.257222,15.34792,17.138163,18.625532,16.801928,20.73682,15.7925205,20.17674,18.511906,22.676727
18,17.077282,13.321225,14.657637,11.980677,10.06321,16.162664,11.267794,18.280487,17.910402,19.678421,24.32106,23.40045,24.797915,19.31822,15.037735,12.330604,8.49597,6.3773084,0.0,4.572378,5.6988773,8.151993,10.3656845,9.289473,9.006715,7.7925014,6.450543,4.9970145,8.952512,7.4134197,15.426684,12.649682,19.684088,20.22729,22.725567,26.340893,25.903452,24.212091,20.364004,16.945215,18.535725,13.797231,16.696367,14.226327,10.43072,12.015777,9.391085,11.200704,11.938546,13.522587,15.077501,14.684548,19.463089,20.56733,22.05742,18.470625,18.567616,20.26505,24.79012,24.590645,21.110474,19.54325,24.994358,25.739845,29.617786,25.026442,23.257029,29.501997,26.765223,24.159817,26.855492,26.631315,23.535717,20.26648,21.470121,19.354845,22.380991,22.820538,21.736624,26.337301,23.395386,27.242332,26.25756,21.493275,18.546299,16.437794,14.115428,13.370742,9.550006,12.782409,12.979585,15.108577,16.480217,17.943098,16.438122,13.631776,12.902215,9.559458,13.1212225,11.139182,14.76171,16.775011,16.888645,20.321709,22.462048,24.199657,22.031525,26.298885,20.75905,24.800806,22.663841,26.265526
19,19.185017,15.844248,16.694017,15.119338,12.790604,18.797005,14.144802,20.117073,20.303848,21.061935,26.065365,24.692812,26.875145,21.129612,17.175936,13.671331,10.588679,6.1245556,4.572378,0.0,4.751151,5.3564034,8.757081,7.7561398,6.2556915,7.034731,5.5984735,6.9439087,10.141541,10.637884,17.553875,15.8824215,22.562265,23.289726,26.14245,29.543797,29.613144,28.075346,24.112967,20.637648,22.117098,17.373156,19.553883,16.52187,13.354493,13.239412,11.232296,10.481191,11.407421,11.567933,12.646954,12.98987,17.923534,18.847858,21.122505,18.064945,17.991688,20.38863,24.20866,24.749792,21.646646,18.878443,23.646152,23.668991,27.745436,23.727634,20.917221,26.917109,23.776438,20.984934,23.119059,22.839869,19.475874,16.622715,18.116207,16.666243,20.266539,21.23148,20.837439,25.533596,23.293077,27.11874,26.22574,21.734816,18.381224,15.483875,13.599523,10.929629,6.519913,9.089026,8.733354,11.48729,12.539401,14.798066,14.254782,12.262262,11.878883,9.020723,11.875305,10.92706,13.09913,16.710278,15.440916,19.560799,21.90234,22.782188,20.30929,23.803755,17.905663,21.456049,18.838596,22.234827
20,17.434565,14.472573,16.562887,15.23113,13.980664,20.205578,16.403923,23.13813,23.356256,24.804245,29.68961,28.661621,30.323925,24.662388,20.57032,17.467964,13.91272,10.336426,5.6988773,4.751151,0.0,3.7649121,4.808642,4.277897,5.300334,5.2637243,7.5017443,8.634596,13.116576,12.607197,20.523008,18.243862,25.190897,25.92434,28.328205,32.02316,31.436064,29.640173,25.904116,22.529408,23.855602,18.913704,21.736977,18.715065,14.280693,15.263609,11.241363,11.274734,10.1758375,11.848808,13.987166,15.287608,19.741894,21.587057,23.12822,19.756605,20.841534,23.312902,27.170906,28.017925,25.095352,22.616854,27.557676,27.555738,31.837072,28.11203,25.158115,31.121933,28.09967,25.148315,26.893402,26.201008,22.660158,20.268772,20.990242,20.467548,23.533604,25.00286,24.823715,29.663353,27.443516,31.462921,30.71049,26.124252,22.907553,20.14798,18.132023,15.648338,11.063809,12.9193945,11.460063,13.612004,13.516305,15.46678,14.302877,11.565984,12.228806,10.284803,14.1549425,14.096278,16.870743,20.763166,19.892254,24.047426,26.459951,27.45103,24.893183,28.383307,22.327787,25.561693,22.62812,25.557053
21,17.658396,15.151895,16.602612,16.304134,14.822759,20.82228,17.626453,23.58731,24.505537,25.391005,30.566048,29.620405,31.976439,26.365011,22.171688,18.895578,15.631458,11.437407,8.151993,5.3564034,3.7649121,0.0,4.1842794,5.917477,6.1919446,8.01551,9.668432,11.428727,15.304976,15.308816,22.770702,20.62331,27.541874,27.931654,30.737265,34.103127,33.7457,32.263012,28.26946,24.885477,26.667215,21.860552,24.4717,21.449087,17.532148,17.89418,14.573672,13.530336,12.690804,13.272772,14.898758,16.591087,21.12005,22.605303,24.802492,21.836756,22.499083,25.221558,28.718163,29.754593,26.863249,23.807707,28.2294,27.757328,31.9905,28.43629,24.949984,30.594625,27.03156,24.123137,25.30128,24.86251,21.042845,19.202568,20.556885,20.385168,24.062777,25.645655,25.72266,30.447508,28.484686,32.248264,31.217257,26.795195,23.25254,20.272701,18.079906,14.927061,10.033712,10.741258,8.57967,10.295928,9.825023,11.846401,11.127182,9.0172615,10.049972,8.922243,12.224563,13.30468,15.251963,20.313768,18.855526,23.414223,26.075243,26.561825,23.7128,26.878698,20.575148,23.321974,20.210625,22.71154
22,17.638426,15.610146,18.049875,17.831644,17.131344,23.144075,20.35325,26.832735,27.587234,28.936665,33.981174,33.135033,35.03663,29.407331,25.233227,22.12097,18.60868,14.792549,10.3656845,8.757081,4.808642,4.1842794,0.0,4.650683,7.039546,8.127916,11.671126,13.335679,17.797712,17.380795,25.322014,22.967562,29.965376,30.524904,32.944008,36.57782,35.788895,34.05243,30.307673,27.004725,28.485556,23.552763,26.483131,23.397154,18.744318,19.66365,15.197557,14.537415,12.3027525,13.866692,16.170595,18.470377,22.518282,24.69526,26.283644,23.152124,24.684885,27.472555,30.938803,32.268547,29.57744,26.703367,31.260273,30.790346,35.200436,31.930609,28.350197,33.98665,30.655445,27.608267,28.566668,27.712038,23.87998,22.324953,22.920595,23.427225,26.577911,28.560646,28.828745,33.69183,31.797493,35.78049,34.974373,30.481838,27.080801,24.130047,22.033987,18.953306,14.148711,14.81651,12.288073,13.707102,12.295438,14.0676985,13.002752,10.507566,12.392097,11.960622,15.67419,16.985802,19.284075,24.233826,23.008995,27.513514,30.143677,30.724232,27.895334,30.982016,24.675049,27.229567,23.905584,26.09693
23,20.744581,18.099434,20.580067,19.292437,18.207195,24.439497,20.42622,27.205704,27.132357,28.473322,33.26826,31.805107,33.215702,27.316465,23.692564,20.295649,17.010328,13.069974,9.289473,7.7561398,4.277897,5.917477,4.650683,0.0,3.53065,3.860993,8.303548,10.502886,14.89335,15.125943,22.691017,21.136278,27.78902,29.145256,31.248707,35.223606,34.672104,32.5579,29.115032,25.734678,26.311281,21.187332,23.7197,20.220081,15.552233,15.968938,11.367766,10.164314,7.664803,9.507603,12.158273,14.50187,18.264751,20.809542,21.95814,18.763872,20.778603,23.649364,26.980576,28.609076,26.263052,23.415363,28.060793,27.743013,32.287342,29.347128,25.854208,31.613705,28.938042,25.745895,27.089005,25.758821,22.259481,20.29465,20.005648,20.621788,23.082106,25.28906,25.73745,30.718317,29.068436,33.366806,33.149178,28.733938,25.653858,22.544924,21.239857,17.903734,13.723037,15.145036,13.047415,15.6852045,14.565521,17.287035,16.75875,14.40472,15.6755085,14.230902,17.853525,18.066292,20.290844,24.430893,23.023865,27.258453,29.544199,30.194937,27.689096,30.49972,24.508915,27.320488,23.9226,26.593369
24,22.684582,19.755188,21.58985,20.143164,18.425161,24.608122,19.975742,26.28334,26.08166,26.9056,31.718838,29.830294,31.503222,25.450981,22.151392,18.372522,15.545153,10.994365,9.006715,6.2556915,5.300334,6.1919446,7.039546,3.53065,0.0,3.6177757,6.123192,9.308436,12.947496,14.210006,21.001955,20.184992,26.54924,28.158644,30.469158,34.34552,34.285213,32.236217,28.720394,25.250362,25.654108,20.554775,22.524546,18.769756,14.857872,14.170395,10.769373,8.077674,7.044832,7.149707,9.20791,11.496048,15.51723,17.696562,19.344719,16.442575,17.99427,21.078651,24.140915,25.9397,23.73022,20.427843,24.799416,24.313377,28.86826,26.109316,22.400211,28.104181,25.495037,22.274065,23.701479,22.348186,18.942648,16.81191,16.576084,17.127071,19.743559,21.992613,22.631918,27.595325,26.230293,30.514875,30.454052,26.220707,23.136805,19.775112,18.969488,15.064316,11.365253,12.828047,11.00107,14.346159,13.54763,16.894236,17.02296,15.204147,16.02652,14.178673,17.18895,17.045135,18.620651,22.681984,20.762785,24.96754,27.123663,27.508831,25.10366,27.536993,21.718624,24.506935,21.084028,23.978958
25,22.075882,18.918531,21.213423,19.076141,17.67082,23.856573,18.973255,25.845905,25.112722,26.512821,31.025259,29.214622,30.211514,24.224957,20.983778,17.538454,14.44869,10.83177,7.7925014,7.034731,5.2637243,8.01551,8.127916,3.860993,3.6177757,0.0,5.113929,7.296712,11.534595,12.1092,19.300104,18.240646,24.58244,26.421036,28.314997,32.459152,32.10533,29.794022,26.553703,23.157799,23.165112,17.99599,20.234669,16.562872,12.006758,12.172061,7.6615047,6.649101,4.931074,7.2395415,9.960207,11.50691,15.363157,17.907003,18.72874,15.280828,17.323273,20.01692,23.560335,25.022326,22.711592,20.17839,25.118147,25.191011,29.692513,26.637604,23.623753,29.592562,27.423973,24.27017,26.229265,24.81896,21.699484,19.095112,18.462257,18.452438,20.44616,22.418207,22.660122,27.664305,25.927711,30.38342,30.476551,26.078787,23.316307,20.315786,19.47079,16.490322,12.964915,15.225932,13.93409,17.114737,16.708279,19.609226,19.115055,16.69644,17.324453,15.064141,18.566868,17.746054,20.110867,23.236654,22.007391,25.83119,27.807417,28.725756,26.54767,29.442606,23.823315,27.056398,23.915396,27.10131
26,23.242598,19.632383,20.981186,18.36349,16.143305,21.999266,16.208477,22.461338,21.353163,22.288956,26.690964,24.474276,25.66414,19.557112,16.61612,12.83085,10.271987,6.404692,6.450543,5.5984735,7.5017443,9.668432,11.671126,8.303548,6.123192,5.113929,0.0,3.90188,6.8522162,8.732691,14.909231,14.60536,20.605556,22.628742,24.817064,28.768612,29.029669,26.889246,23.522377,20.049051,19.997814,14.986711,16.540895,12.758419,9.536692,8.403956,6.5895925,5.1385765,7.372318,7.5428557,8.765948,8.417099,13.118049,14.60393,16.05561,12.685602,13.35682,15.855342,19.694515,20.633507,18.021086,15.445057,20.589964,20.992907,25.287352,21.76134,19.245705,25.432194,23.42502,20.4653,23.14017,22.115362,19.363188,15.982981,15.932678,14.522352,16.79748,18.05586,17.862574,22.814922,20.886757,25.287956,25.386063,21.038754,18.382967,15.4045315,14.99865,12.315582,9.782846,12.86059,12.796861,16.350119,17.025812,19.978668,19.75181,17.689877,17.42077,14.374567,17.120716,15.223341,17.236784,19.36662,18.079466,21.492973,23.197512,24.23903,22.360441,25.34573,20.163937,23.847008,21.191708,24.94385
27,21.730133,17.869831,19.224361,15.894465,13.813168,19.40796,13.35123,20.033808,18.462635,20.055605,24.170614,22.306116,22.96397,17.065222,13.832548,10.661281,7.5712566,5.792987,4.9970145,6.9439087,8.634596,11.428727,13.335679,10.502886,9.308436,7.296712,3.90188,0.0,4.9264526,4.9924335,12.22451,11.066807,17.372536,19.24153,21.246428,25.308905,25.307001,23.108313,19.780447,16.331059,16.36687,11.31369,13.400854,10.106022,6.441579,7.083662,5.3342247,7.454716,9.535018,10.871091,12.166788,10.860832,15.327971,16.536476,17.470705,13.7304735,14.028922,15.632739,20.236174,20.191656,17.032686,15.67655,21.402164,22.498869,26.447475,22.189468,20.751354,27.098045,25.252796,22.579176,25.75812,25.072844,22.513395,18.793158,19.056067,16.710062,18.77227,19.21972,18.17879,22.920523,20.217659,24.514383,24.370792,19.77404,17.41227,15.17496,14.258419,13.287823,10.949342,14.608507,15.133439,18.1714,19.407768,21.69036,20.805986,18.306686,17.609676,14.153261,17.12327,14.428476,17.339813,18.240362,18.013798,20.880959,22.442358,24.20342,22.548857,26.293806,21.369722,25.533102,23.392778,27.359213
28,25.245255,21.252083,21.803837,18.206625,15.563478,20.266695,13.4668045,18.86741,16.511246,17.472784,21.126379,18.476677,19.022512,12.879932,10.632912,7.049616,5.7488947,5.5961156,8.952512,10.141541,13.116576,15.304976,17.797712,14.89335,12.947496,11.534595,6.8522162,4.9264526,0.0,4.8215647,8.094428,8.977456,14.055925,16.621656,18.734556,22.62955,23.475393,21.36423,18.205145,14.849648,14.234497,9.770285,10.272711,6.7587767,6.5130186,4.5929513,7.7963696,8.944838,12.642773,12.671706,12.7773,9.838787,14.026455,14.069047,15.2522545,11.945667,10.610585,11.5502825,16.436876,15.68411,12.237731,11.2788,17.23329,18.897884,22.46002,17.84286,17.351114,23.690979,22.431292,20.096592,23.974192,23.522457,21.626122,17.37904,17.809687,14.195331,15.9102955,15.409505,13.735723,18.288563,15.368371,19.724293,19.90364,15.472186,13.633623,11.680738,11.887516,11.7338915,11.3962965,15.275841,16.756117,19.967562,21.783361,24.202898,23.719368,21.674189,20.459969,16.719923,18.70835,15.138386,17.311966,16.661919,16.412546,18.385258,19.347775,21.277536,20.218086,23.788296,19.781134,24.206575,22.641703,26.992306
29,21.784277,17.732265,18.57963,14.42362,12.331431,16.901653,10.354654,16.878067,14.439439,16.699158,20.231575,18.690649,18.683298,13.176765,9.763631,7.8048873,4.7488256,7.158617,7.4134197,10.637884,12.607197,15.308816,17.380795,15.125943,14.210006,12.1092,8.732691,4.9924335,4.8215647,0.0,8.492538,6.1419363,12.70187,14.381898,16.282604,20.372223,20.338806,18.176723,14.835206,11.399661,11.59594,6.752221,9.283849,7.260475,5.0843935,7.447396,7.9446836,11.619614,14.013137,15.473034,16.409204,14.118274,18.233183,18.743544,19.393324,15.696536,15.03032,15.387288,20.618786,19.216484,15.409565,15.644761,21.688505,23.577494,26.926058,21.840818,21.828884,28.155132,26.582489,24.365618,28.146498,27.923313,25.720419,21.62317,22.33369,18.865526,20.724627,20.073193,17.995348,22.197033,18.591423,22.536247,22.077637,17.356628,15.580009,14.501037,13.256655,14.506201,13.083676,17.066833,18.400969,20.939856,22.885748,24.543488,23.216341,20.589281,19.257467,15.461831,18.059324,14.317319,17.778826,16.696394,17.747173,19.589178,20.768534,23.373055,22.17886,26.63393,22.364563,26.992447,25.595198,29.820202
30,29.032448,24.995426,24.873903,20.601532,18.117695,20.738901,14.030669,17.356443,13.194199,14.439326,16.14705,13.109459,11.6954975,6.008371,6.4820266,6.304733,8.182442,12.029958,15.426684,17.553875,20.523008,22.770702,25.322014,22.691017,21.001955,19.300104,14.909231,12.22451,8.094428,8.492538,0.0,5.890793,6.501163,10.433453,11.927805,15.69317,17.404358,15.351272,12.9997,10.455477,8.475204,6.8765407,4.2320623,4.6836867,9.599659,8.994716,13.780403,16.22902,19.938135,20.176151,19.917915,16.118,18.997086,17.962147,18.393427,15.764416,13.032834,11.284491,16.54826,13.158761,8.834554,11.735142,17.390432,20.48587,22.664473,17.136452,19.484575,25.198626,24.932,23.506203,28.179996,28.266895,27.207949,22.660961,23.353678,18.491293,19.235897,16.886187,13.515625,16.435123,12.098599,15.69629,15.964842,11.942441,12.19552,12.682828,13.408203,16.227861,17.431837,21.284441,23.579798,26.286522,28.786995,30.647749,29.842619,27.777277,25.944101,22.005386,23.326702,18.757664,20.982391,17.277018,18.594194,18.406864,18.190353,21.271746,21.37613,25.39351,23.04685,27.8162,27.398224,31.989252
31,23.785814,19.815195,19.738531,15.186274,13.145629,15.527089,9.11918,13.816039,9.955756,12.924159,15.271713,14.18643,13.240466,8.750368,5.4663787,6.750681,6.1025286,11.227443,12.649682,15.8824215,18.243862,20.62331,22.967562,21.136278,20.184992,18.240646,14.60536,11.066807,8.977456,6.1419363,5.890793,0.0,7.180115,8.269976,10.336827,14.243531,14.571064,12.730003,9.240141,5.9005356,6.822328,4.446674,6.2797055,7.592852,9.065886,11.200839,13.474844,17.228506,19.986511,21.201532,21.695831,18.688618,22.387589,22.033716,22.618734,19.346636,17.53238,16.55516,21.948706,18.9875,14.6532545,16.693796,22.4886,25.127325,27.588196,21.723783,23.377903,29.358103,28.114408,26.528835,30.837362,31.169497,29.417286,25.067167,26.30504,21.816315,23.501358,21.649967,18.527485,21.69388,17.165945,20.260218,19.305893,14.763484,14.033447,14.656211,13.301617,16.859327,16.63925,20.56785,22.660076,24.70313,27.318293,28.422258,26.868813,24.386826,22.440746,18.568716,20.336845,15.779734,19.217745,15.693347,18.146906,18.449883,18.964216,22.480997,21.985865,27.001951,23.786995,28.713993,28.223326,32.62212
32,30.242588,26.405725,25.947285,21.408215,19.509342,20.333406,14.808793,16.62127,11.539644,13.841591,13.543403,11.801445,7.9132657,5.959002,7.5124836,10.577258,12.283913,17.240059,19.684088,22.562265,25.190897,27.541874,29.965376,27.78902,26.54924,24.58244,20.605556,17.372536,14.055925,12.70187,6.501163,7.180115,0.0,5.5274973,5.6692266,9.479121,11.417398,9.582564,8.16667,7.229322,5.025359,7.950732,5.7038703,9.701915,13.88488,14.927693,18.77082,22.227482,25.490738,26.30947,26.301926,22.58109,25.292555,24.225174,24.29403,21.724968,19.133892,16.719824,21.673504,17.285055,13.264598,17.419878,22.42845,25.897306,27.318205,21.441288,24.880014,30.141973,29.959757,28.975304,33.7744,34.240814,33.258987,28.71749,29.739868,24.636345,25.343164,22.496172,18.678703,20.402998,15.551864,17.69245,17.258705,13.899257,15.16474,17.097107,17.009533,21.30067,22.404749,26.208096,28.711882,30.859554,33.69967,34.9099,33.573162,31.312895,29.16909,25.296879,26.463137,21.626965,24.325924,19.190313,21.911995,20.654087,20.014933,23.910145,24.446829,29.073452,27.325363,32.22329,32.385628,36.941616
33,27.870464,24.32053,23.1535,18.913965,17.229742,16.497826,12.322185,12.497399,7.3808856,10.664018,9.869808,10.427486,7.786772,8.045973,7.3522005,11.670169,12.942159,18.26165,20.22729,23.289726,25.92434,27.931654,30.524904,29.145256,28.158644,26.421036,22.628742,19.24153,16.621656,14.381898,10.433453,8.269976,5.5274973,0.0,4.541129,6.286764,8.062336,8.07405,5.0367556,5.103224,7.6943274,10.629814,10.389467,13.950063,16.929462,18.642653,21.634377,25.256107,28.228872,29.204807,29.346228,25.940235,29.295225,28.146744,28.822474,26.11192,23.378284,21.39718,26.349398,22.008867,17.712471,21.140104,25.971624,29.144257,30.425438,24.028028,27.354454,32.55309,31.589764,30.812265,35.436115,36.43695,35.141247,30.74341,32.597248,27.344591,28.96096,26.03003,22.12671,23.69939,18.585733,19.872433,18.029778,14.593029,15.404674,17.966972,16.585442,21.900146,22.674969,26.234537,28.92294,30.342997,33.551434,34.01394,32.288357,30.096945,27.622396,23.967676,24.723242,19.892616,22.852875,17.024652,20.840296,19.199478,18.776075,23.128326,23.537987,28.90274,27.123083,32.061398,32.63525,37.010784
34,30.225868,26.722898,26.115318,21.559929,20.39808,19.761412,15.843412,16.772024,11.783998,15.152243,13.632389,13.920213,9.42816,10.56502,11.060179,14.972128,16.001919,21.307968,22.725567,26.14245,28.328205,30.737265,32.944008,31.248707,30.469158,28.314997,24.817064,21.246428,18.734556,16.282604,11.927805,10.336827,5.6692266,4.541129,0.0,5.0232067,5.8490014,4.454716,4.591824,6.430433,6.1760716,10.8518715,10.295685,14.57156,17.63257,19.799982,22.64458,26.816452,29.586311,30.955061,31.28018,27.793095,30.662884,29.810741,29.739668,26.97124,24.71242,22.30182,27.236128,22.707111,18.836546,23.06073,27.960527,31.436548,32.66695,26.609364,30.214058,35.382607,34.946804,34.08895,38.826015,39.51269,38.348812,33.860416,35.137962,30.046095,30.977804,28.110483,24.225197,25.64852,20.684729,22.091923,20.98893,17.958841,19.232397,21.635117,20.691162,25.623718,26.263367,29.995462,32.47859,34.129154,37.115025,37.734047,35.878254,33.40956,31.13126,27.461037,28.658405,23.898018,27.106367,21.513792,25.170755,23.589973,23.002512,27.29863,27.838469,32.984577,31.264366,36.210926,36.61352,41.059483
35,32.38094,29.136957,27.838238,23.731602,22.556423,20.618778,17.86918,16.588015,12.0302,14.769088,11.635517,13.165366,8.872187,12.537319,13.39534,17.738504,19.223967,24.539457,26.340893,29.543797,32.02316,34.103127,36.57782,35.223606,34.34552,32.459152,28.768612,25.308905,22.62955,20.372223,15.69317,14.243531,9.479121,6.286764,5.0232067,0.0,4.9148726,6.8940806,7.353524,9.904098,11.175012,15.60001,14.859029,19.016382,22.305609,24.14528,27.231762,31.10903,34.04195,35.15143,35.269943,31.695755,34.669395,33.3795,33.700413,31.19857,28.409748,25.887749,30.513672,25.61824,21.780052,25.99899,30.316137,33.808533,34.483143,28.207518,32.332672,37.0478,36.509747,36.070984,40.82803,41.95777,40.934544,36.509754,38.30863,32.884018,34.103897,30.810417,26.702314,27.416988,22.379467,22.720182,20.930052,18.638142,20.303682,23.389336,22.268482,27.841448,28.864157,32.331097,35.111748,36.373016,39.685986,39.933884,38.059307,35.855515,33.297016,29.788015,30.371567,25.616074,28.447956,22.067728,26.18934,23.807285,22.874453,27.36245,28.258093,33.499798,32.46171,37.303146,38.262966,42.605186
