,0,1,2,3,4,5,6,7,8,9,10,11,12,13,14,15,16,17,18,19,20,21,22,23,24,25,26,27,28,29,30,31,32,33,34,35,36,37,38,39,40,41,42,43,44,45,46,47,48,49,50,51,52,53,54,55,56,57,58,59,60,61,62,63,64,65,66,67,68,69,70,71,72,73,74,75,76,77,78,79,80,81,82,83,84,85,86,87,88,89,90,91,92,93,94,95,96,97,98,99,100,101,102,103,104,105,106,107,108
0,0.0,4.1168365,7.240419,9.685199,12.635722,15.417325,17.846058,22.593615,25.689554,27.60093,31.740713,33.27357,36.069317,35.20443,33.884777,30.422607,27.68851,25.73057,22.922548,22.179096,18.432356,19.47146,14.111397,18.914927,22.588638,23.4405,28.274462,30.659708,32.80506,36.456757,36.29534,42.916138,43.013443,45.6037,40.756187,37.50283,38.865253,40.36179,35.669132,33.480976,36.211266,34.426865,30.6718,30.21243,33.303455,29.296915,25.261686,27.563852,28.353096,32.537453,33.03715,25.946003,31.818287,35.137287,32.964237,32.865532,32.615025,34.956333,37.648727,37.919353,37.940876,42.629013,45.55972,47.5668,44.453716,43.351765,47.70123,47.80121,42.503765,43.84657,46.798164,45.152897,40.784954,43.23116,40.166317,42.845158,39.60123,36.064133,35.7079,32.105984,29.42566,25.902681,26.351772,28.05101,31.456825,29.82693,34.675537,35.633156,38.15627,40.356358,42.027885,42.21256,41.889755,43.20263,40.445084,36.537212,39.282337,40.848743,37.003323,32.7568,35.327282,36.78126,33.9867,32.18047,31.854218,29.435244,26.338596,25.661411,21.75125
1,4.1168365,0.0,5.3493686,6.020115,9.119026,12.748703,14.433858,19.448137,22.328487,24.139233,28.208134,29.637787,32.264446,31.294619,29.81275,26.446012,23.60709,21.763945,18.808327,18.291208,14.615338,15.969045,11.04719,15.277476,18.97046,19.549381,24.469782,26.68644,28.90387,32.45052,32.49197,39.028343,39.18183,41.91468,37.126736,33.834293,35.41498,37.029285,32.23636,30.019514,33.093285,31.334784,27.381958,27.204084,30.566631,26.508196,22.259111,25.110138,26.26782,30.393742,30.524317,23.756233,29.901222,32.937725,30.556297,30.175543,29.571754,31.856379,34.934113,35.15171,34.65858,39.530933,42.29763,44.456852,41.22931,39.88856,44.188015,44.11893,38.827133,40.38449,43.14098,41.33367,37.084694,39.677048,36.732082,39.567192,36.32898,32.79879,32.828495,29.165157,26.605688,23.388075,23.257526,24.747398,27.95345,26.032259,30.881237,31.609142,34.135216,36.304897,38.05498,38.341007,38.01745,39.491337,36.793358,32.853104,35.79399,37.49742,33.64149,29.31865,32.009586,33.503506,30.516026,28.641996,28.041674,25.555805,22.355274,21.634565,17.653984
2,7.240419,5.3493686,0.0,5.517655,6.5154963,9.047879,11.1965475,15.716039,19.26653,20.841042,25.127844,26.636837,29.751793,29.137217,28.625122,25.104305,22.818745,21.39286,18.925463,19.378382,16.655993,18.878496,14.75866,17.174139,20.790295,20.789648,25.30797,27.107101,28.727032,32.304222,31.625605,38.22365,37.45844,40.335693,35.814995,32.13984,33.253242,35.396843,30.904493,28.228748,31.018272,30.327902,26.249727,25.180437,28.867142,25.986376,21.271238,23.06948,24.960598,28.748669,29.691502,23.495117,29.732698,32.617565,30.954407,31.107918,29.829844,32.676807,35.784813,35.031727,34.68857,39.80806,42.64502,44.50791,40.79261,39.539616,44.222633,44.02008,38.875584,41.088654,43.76095,41.68831,37.780098,41.03881,37.89422,41.283173,38.329884,34.55834,35.378544,31.166288,29.12577,26.122154,25.518356,26.19696,29.019907,27.12153,31.188602,31.474703,33.456776,35.313152,36.56303,36.39321,35.666576,36.832047,34.20145,30.140915,32.484585,34.224277,30.66738,26.223131,28.403978,29.738146,27.112732,25.432724,25.578749,23.566822,20.699871,20.790516,17.425432
3,9.685199,6.020115,5.517655,0.0,3.9181874,7.6244435,8.988364,13.91116,16.412434,18.515364,22.417707,24.093037,26.664724,25.953087,24.668776,20.840578,18.43693,16.424252,14.368838,13.995182,11.490329,13.989478,10.323074,11.729999,15.318106,15.45039,19.89949,21.933222,23.65254,27.351135,26.859627,33.47959,33.33907,36.042233,31.321781,27.917849,29.423578,31.197052,26.455088,24.088356,27.248014,25.859009,21.730028,21.44601,25.104332,21.49796,16.867002,19.84483,21.611856,25.509047,25.593023,19.488323,25.879026,28.527351,26.361462,26.08948,24.789673,27.408688,30.750805,30.337875,29.5985,34.717484,37.445713,39.500874,35.945724,34.54883,39.05955,38.89323,33.68087,35.710308,38.399063,36.437,32.39777,35.548946,32.41996,35.772324,32.821365,29.053604,29.994453,25.776022,23.808636,21.03201,20.106142,20.720966,23.544075,21.704557,25.906408,26.547075,28.781572,30.92835,32.421906,32.54408,32.537987,33.656246,30.854912,27.028397,30.106236,31.591227,27.655981,23.413662,26.373522,28.101315,25.222101,23.062077,22.842247,19.838743,17.016273,16.225504,12.758195
4,12.635722,9.119026,6.5154963,3.9181874,0.0,5.5415144,5.319054,10.456067,13.465647,15.031001,19.15845,20.66125,23.506496,22.873709,22.231781,18.592491,16.431845,15.172894,13.099135,14.134556,12.5165205,15.522482,13.128739,13.009303,16.235355,15.565739,19.729053,21.1259,22.543932,26.0139,25.349281,31.84288,31.042639,34.08734,29.67951,25.913267,27.30844,29.667318,25.085697,22.311966,25.628061,25.14092,20.767342,20.067137,24.222569,21.547293,16.508286,19.08642,21.69519,25.186857,25.554632,20.31063,26.730915,29.016462,27.198221,27.024883,25.031944,27.87543,31.506311,30.466562,29.347755,34.728416,37.305065,39.306087,35.3642,33.78674,38.446575,37.99683,32.9309,35.58444,37.9614,35.646854,32.016315,35.648594,32.620407,36.354095,33.580624,29.802828,31.436228,27.056993,25.489605,23.17346,21.578756,21.546045,23.815983,21.628012,25.264498,25.186779,27.010897,28.816217,30.054575,29.95571,29.419884,30.635025,28.01731,23.955502,26.700907,28.52023,24.88083,20.348372,22.89251,24.435959,21.552103,19.579124,19.521194,17.099415,14.283643,14.370301,11.359467
5,15.417325,12.748703,9.047879,7.6244435,5.5415144,0.0,5.4854856,7.965521,10.951977,13.566303,17.418375,19.74893,22.90646,23.113314,23.29822,18.763882,17.889578,16.08782,16.116692,16.45504,16.07486,19.32476,16.822838,15.610618,18.463331,18.025217,20.998455,22.518284,22.850487,26.718903,24.58197,31.2719,29.814941,32.343456,27.97066,24.186365,24.736263,27.051586,22.944185,20.00126,22.362755,22.605766,18.565403,16.662352,20.625784,19.122341,14.0752735,14.935436,17.868288,21.063473,22.440401,17.649807,23.79082,26.071772,25.204124,25.929985,23.685387,27.188688,30.2509,28.247648,28.054983,33.31015,36.199818,37.624916,33.43251,32.399937,37.48661,37.308975,32.45321,35.29453,38.00957,35.89651,32.373917,36.450863,32.893093,36.999866,34.68236,30.589333,32.64903,27.653639,26.677279,24.309282,22.971992,22.214025,24.333792,23.129911,25.605726,26.039303,27.303484,29.104816,29.63985,28.960627,29.059792,29.10128,26.14622,22.508425,24.867762,25.79042,22.04368,17.991976,20.674051,22.576342,20.598341,18.305176,19.922838,16.849,15.395614,15.463734,13.946721
6,17.846058,14.433858,11.1965475,8.988364,5.319054,5.4854856,0.0,5.3699155,8.641297,9.756254,13.985402,15.549071,18.649925,18.374157,18.627935,14.901353,13.598877,13.100885,12.139103,14.325852,14.369701,17.803453,16.856316,14.679494,17.112127,15.664911,18.806753,19.435444,20.099178,23.340092,22.09283,28.382326,26.753973,30.037218,26.030962,21.911337,23.084068,26.072199,21.81063,18.603607,22.01352,22.672276,18.164997,16.971748,21.62488,20.258715,15.013568,17.032673,20.623579,23.420681,24.001617,20.198341,26.37934,28.062637,26.738146,26.73546,23.87945,26.995178,30.844788,28.95338,27.440025,33.024055,35.409542,37.246254,32.860928,31.150024,35.98906,35.26616,30.48167,33.875233,35.927235,33.290462,30.214554,34.47645,31.48071,35.70772,33.317833,29.517097,32.08709,27.458109,26.571714,24.896303,22.583113,21.583826,23.0485,20.808714,23.30112,22.555616,23.710846,25.140127,25.89963,25.443825,24.66821,25.646336,23.129665,18.956064,21.439209,23.389187,20.007645,15.271136,17.580198,19.143332,16.394238,14.357603,14.948973,12.76197,10.573326,11.669048,10.199965
7,22.593615,19.448137,15.716039,13.91116,10.456067,7.965521,5.3699155,0.0,4.696487,5.8157997,9.851254,12.058871,15.58946,16.23459,17.826284,13.79901,14.118448,13.982697,14.855053,17.11208,18.382965,21.931746,21.498726,18.240873,20.015114,18.3551,20.146643,20.270555,19.788937,22.891806,20.434052,26.455433,23.739683,26.919401,23.382421,19.009947,19.432003,22.982227,19.404184,15.787067,18.636578,20.779972,16.54307,14.281433,19.11342,19.550507,14.533874,15.044511,19.44216,21.35048,22.572784,20.304333,25.894611,27.0555,26.576017,27.09246,23.597857,27.104948,30.746803,27.814695,26.471277,32.017887,34.358765,35.7607,30.96751,29.44924,34.556606,33.759533,29.398912,33.383198,35.311977,32.57523,30.04339,34.874374,31.721947,36.377388,34.497738,30.628956,33.92735,28.987892,28.790617,27.504623,24.966227,23.125612,23.930962,22.209099,23.227753,22.250324,22.51437,23.562344,23.48071,22.360123,21.703762,21.740099,19.16083,15.1768465,17.036785,18.58734,15.464097,10.7966585,12.829353,14.645282,12.74658,10.482679,13.03676,10.926345,10.595856,12.365673,12.901062
8,25.689554,22.328487,19.26653,16.412434,13.465647,10.951977,8.641297,4.696487,0.0,4.7434974,6.878577,10.05062,12.799435,13.961674,15.311285,10.503709,12.066801,11.54449,14.313745,15.924965,18.366657,21.87708,22.276506,17.764536,18.739151,17.01724,17.531237,17.446394,16.141844,19.315592,16.081276,22.102732,19.41035,22.316675,18.714209,14.372627,14.814521,18.345655,14.825672,11.1415415,14.25141,16.643644,12.484065,10.422464,15.421313,16.391073,11.819277,12.593892,17.22286,18.583632,19.24912,18.293034,23.38239,23.947615,23.553312,24.009216,20.06984,23.582172,27.259394,23.990873,22.340801,27.865639,30.078234,31.396906,26.493,24.94322,30.094206,29.304861,25.106304,29.296534,31.184675,28.509825,26.184895,31.263233,28.035809,32.891663,31.366991,27.52561,31.33957,26.333612,26.693336,25.941319,23.083736,20.599003,20.820753,19.571882,19.549969,18.810478,18.73084,19.922052,19.575306,18.373152,18.922863,18.207424,15.205614,11.719944,14.475858,15.197385,11.444773,7.1388464,10.784834,13.417111,11.822977,8.622877,11.775481,7.8511114,9.29023,10.265701,12.382853
9,27.60093,24.139233,20.841042,18.515364,15.031001,13.566303,9.756254,5.8157997,4.7434974,0.0,4.5428324,6.248607,9.875899,10.802825,13.4748335,10.382894,11.765403,13.170817,14.585746,17.859509,20.11812,23.552391,24.51575,20.189106,21.071995,18.709906,19.493404,18.476206,17.49766,19.67279,17.411009,22.543917,19.088541,22.922808,20.164986,15.523967,16.255808,20.625029,17.49245,13.738137,17.22768,20.2815,16.177027,14.5296,19.489534,20.728508,16.28346,17.224285,21.919779,23.038004,23.592957,22.940048,27.999838,28.357353,27.830402,27.91926,23.780779,26.923922,30.990128,27.807835,25.358526,30.944033,32.704433,34.236095,29.218655,27.185492,32.02546,30.693161,26.783686,31.482395,32.67924,29.486944,27.78414,32.962757,30.315348,35.1724,33.600674,30.08429,34.11658,29.495626,29.779337,29.315697,26.035507,23.632008,23.434277,21.30354,21.25472,19.0791,18.562405,18.943075,18.506702,17.230017,15.931416,16.316368,14.192198,9.759106,11.683282,14.171613,11.709942,6.476846,8.0189085,9.83105,7.410327,4.7427855,7.933055,6.95255,8.058459,11.006545,13.1708
10,31.740713,28.208134,25.127844,22.417707,19.15845,17.418375,13.985402,9.851254,6.878577,4.5428324,0.0,3.93219,6.628474,8.8155575,12.254737,9.440031,12.350004,13.934557,16.630327,19.535294,22.591093,25.894686,27.478254,22.3989,22.602139,20.165438,19.708815,18.174936,16.271141,17.917791,14.930337,19.291359,15.041623,18.922207,16.80393,12.14144,12.630453,17.486217,15.099427,11.440602,14.787167,18.716536,15.179237,13.711598,18.312586,20.541855,16.910599,17.561506,22.284983,22.616972,22.881338,23.712126,28.033535,27.733143,27.502914,27.593481,23.058111,26.065203,30.062468,26.423073,23.606745,28.982416,30.420979,31.765224,26.588032,24.476643,29.220137,27.698263,24.306097,29.444973,30.30699,27.029655,25.96927,31.440567,28.925196,33.958992,32.852097,29.522152,34.102158,29.568123,30.408955,30.481329,26.950588,24.002855,23.081032,21.339691,19.953516,17.513554,16.125435,16.102753,14.906479,13.140004,12.509052,11.90469,9.680775,5.402631,7.8169484,9.969002,7.772398,2.7670093,5.062736,7.7124605,6.322787,2.8121426,7.687212,6.3908663,9.644263,12.068633,15.452132
11,33.27357,29.637787,26.636837,24.093037,20.66125,19.74893,15.549071,12.058871,10.05062,6.248607,3.93219,0.0,4.286582,5.966139,10.716845,10.018428,12.385858,15.258542,16.853659,20.759542,23.64196,26.786457,28.85864,23.920742,24.016338,21.1785,20.963667,18.779972,17.358997,18.073383,16.36118,19.785355,15.350028,20.007769,18.578314,14.049644,15.100558,20.112352,17.84707,14.463579,18.151018,21.904148,18.338701,17.43725,21.999043,23.8877,20.229223,21.39027,26.056051,26.467672,26.438692,27.17049,31.616064,31.251902,30.708918,30.395523,25.84285,28.454687,32.7871,29.478888,25.992928,31.363514,32.40579,34.03531,28.94163,26.391668,30.704767,28.739481,25.566856,30.931696,31.196342,27.529211,26.940796,32.320095,30.36584,35.27412,34.07585,31.071596,35.713684,31.577955,32.29578,32.597466,28.764242,25.97625,24.80519,22.353418,21.14894,17.589993,15.992986,15.229771,14.204865,12.701758,9.878157,11.1333685,10.212154,5.34519,6.8473887,11.143687,10.400364,6.326984,5.6016626,6.5253835,3.4719744,1.9121495,4.7678776,7.1540456,9.582747,12.96066,16.152706
12,36.069317,32.264446,29.751793,26.664724,23.506496,22.90646,18.649925,15.58946,12.799435,9.875899,6.628474,4.286582,0.0,3.508521,8.356056,9.019329,12.008032,15.201838,17.348125,21.015175,24.423166,27.29105,30.11663,24.646685,24.096169,21.138027,20.038788,17.257145,15.497336,15.272857,14.037735,16.30678,11.845488,16.96886,16.15048,12.030449,13.771549,18.629673,16.694899,13.922463,17.904943,21.364851,18.209478,18.240353,22.386078,24.162186,21.163631,22.892933,27.278269,27.410223,26.632774,28.138525,32.14319,31.315853,30.540342,29.82495,25.141062,27.250694,31.736605,28.61887,24.37645,29.523678,30.073565,31.875141,26.912985,23.974838,27.825006,25.51566,22.741909,28.354574,28.078115,24.210535,24.23804,29.633884,28.119473,32.970978,32.037956,29.404812,34.378403,30.633085,31.671457,32.53622,28.40278,25.376661,23.566298,21.101389,19.088118,14.91336,12.68527,11.356893,10.131052,8.876464,6.1739187,8.247965,7.929085,3.800124,6.9154587,10.882762,10.488261,8.087897,8.218259,9.119774,6.92807,6.000712,5.8066726,7.504158,10.58259,13.209534,17.030605
13,35.20443,31.294619,29.137217,25.953087,22.873709,23.113314,18.374157,16.23459,13.961674,10.802825,8.8155575,5.966139,3.508521,0.0,5.8106933,8.436651,10.293951,14.350966,15.415628,19.720367,22.879631,25.539621,28.760075,23.488361,22.885117,19.671213,19.0299,15.915687,15.022297,14.314606,14.70235,16.882141,13.556041,18.91246,17.849514,13.940572,16.404634,20.875534,18.38465,15.7964115,20.335268,22.946396,19.481148,20.112368,24.41275,25.268572,22.065552,24.597605,28.829891,29.390495,28.219072,29.099968,33.445515,32.795727,31.48203,30.313272,25.821,27.570398,32.39872,29.916729,25.210114,30.45579,30.845982,33.06871,28.351074,25.070177,28.581137,26.09034,23.082954,28.50803,27.976727,23.905396,23.842842,28.936441,27.828146,32.439003,31.200033,28.785286,33.55626,30.17657,30.922337,31.873734,27.560976,24.863194,23.089828,19.907639,18.65239,13.776779,12.099234,10.696157,10.701087,10.580481,6.881447,11.041527,11.05961,7.183359,10.118734,14.390157,13.728346,10.777557,11.067105,11.507146,8.196231,7.752873,4.188555,7.4320154,9.172384,12.117191,15.51898
14,33.884777,29.81275,28.625122,24.668776,22.231781,23.29822,18.627935,17.826284,15.311285,13.4748335,12.254737,10.716845,8.356056,5.8106933,0.0,6.071632,6.6388874,10.935904,11.90326,15.751711,19.183073,21.378502,25.411999,19.852743,18.63424,15.326789,14.365189,10.783749,10.809432,9.555001,12.165239,14.555059,13.78138,18.742146,16.825268,13.636197,17.259356,20.59681,17.297398,15.483264,20.700191,21.54646,18.032417,20.067932,24.094168,23.436584,20.60641,24.515787,28.11204,29.113306,26.911545,27.38164,31.737417,31.105232,28.941557,27.02426,22.87733,23.909615,29.104156,27.662743,22.251762,27.46792,27.649286,30.463306,26.259129,22.570366,25.60063,23.109552,19.60131,24.53643,23.919214,19.833237,19.328995,24.0109,23.273367,27.565792,26.047968,23.913174,28.523045,25.669254,26.290731,27.636023,23.082567,20.610844,18.62783,14.865104,14.208009,8.805237,8.360472,8.017139,10.201812,11.770049,10.761061,14.623546,13.963545,10.999513,15.25589,18.375704,16.567844,13.872417,15.861599,16.929422,13.432929,12.087358,7.8646197,7.4943385,8.076539,9.224466,12.5782995
15,30.422607,26.446012,25.104305,20.840578,18.592491,18.763882,14.901353,13.79901,10.503709,10.382894,9.440031,10.018428,9.019329,8.436651,6.071632,0.0,4.4879003,6.3909664,10.103358,12.358664,16.320398,19.033857,22.203215,16.19156,15.222987,12.417404,11.110633,8.84936,7.707268,9.353671,8.949312,14.015632,13.287136,17.226078,13.8691,10.148238,13.526212,16.54104,12.49531,10.279009,15.665885,16.186275,12.271586,14.206617,18.367178,17.611063,14.593662,18.496595,22.049955,23.17807,21.148258,21.454918,25.898226,25.461346,23.538988,22.124752,17.847,19.651703,24.58071,22.689852,18.135015,23.71863,24.697811,27.141474,22.673758,19.592733,23.607103,21.91098,17.697126,22.363745,23.00886,19.606752,17.923792,22.987701,20.9882,25.704119,24.203447,21.228344,25.80782,21.999857,22.754652,23.615936,19.408403,16.545809,15.067489,12.379773,11.5973625,8.713917,8.889611,10.368819,11.609198,12.24576,13.648325,14.966018,12.704367,9.766956,14.818303,16.464865,13.224634,10.398849,14.134714,16.267815,13.308675,10.551537,8.977488,3.477543,5.8205433,5.1088915,9.678312
16,27.68851,23.60709,22.818745,18.43693,16.431845,17.889578,13.598877,14.118448,12.066801,11.765403,12.350004,12.385858,12.008032,10.293951,6.6388874,4.4879003,0.0,5.0060067,5.8868175,9.486995,12.84921,15.417535,18.961693,13.402094,12.675723,9.394031,9.860107,7.7366433,9.028344,10.551611,12.282666,17.186565,17.36944,21.34448,17.820932,14.446602,17.889885,20.538467,16.07876,14.054699,19.438318,19.021324,14.804965,16.991735,21.24545,19.202871,15.731317,20.442032,23.687819,25.524574,23.33761,22.273422,27.306213,27.376896,24.80489,22.930534,19.255262,20.679361,25.86327,24.909246,20.322645,25.906206,26.912777,29.756445,25.699059,22.514511,26.166058,24.50562,19.953962,23.94408,24.590715,21.2213,19.008522,23.379953,21.715256,25.951405,23.815685,20.970036,24.875437,21.457232,21.481102,22.121582,17.833889,15.806019,14.962106,11.032061,12.577265,9.604287,11.22406,12.821386,15.019977,16.18627,16.43624,18.9049,16.992172,13.577248,18.211645,20.547188,17.372898,13.843232,17.124256,18.846579,15.170232,12.865647,9.766429,6.0315213,4.252672,2.9309456,6.1041474
17,25.73057,21.763945,21.39286,16.424252,15.172894,16.08782,13.100885,13.982697,11.54449,13.170817,13.934557,15.258542,15.201838,14.350966,10.935904,6.3909664,5.0060067,0.0,6.4960127,6.164316,10.441382,13.174314,16.175512,9.893609,8.976247,6.5111694,6.4314156,6.5246797,7.446198,11.000512,11.239889,17.35303,18.391232,21.253775,16.774601,13.891666,17.09037,18.691507,13.700858,12.136968,17.216381,15.472123,11.188991,13.975922,17.816778,14.688642,11.386883,16.86021,19.489105,21.667868,19.115292,17.549326,22.609865,22.895935,20.07145,18.249435,14.83529,16.532341,21.536034,20.833517,16.896414,22.52189,24.083742,26.799736,22.952993,20.265284,24.27093,23.31974,18.29247,21.526356,23.161734,20.532299,17.292622,21.517008,18.973495,23.259321,21.062935,17.633434,21.3021,17.257038,17.316814,17.668768,13.6189375,11.364349,11.169153,8.318977,10.4359255,10.264397,12.5179615,15.128496,17.095924,18.086786,19.998745,21.114676,18.41066,15.666965,20.582676,21.670525,17.63329,14.661049,18.986078,21.326508,18.220865,15.271348,13.786435,8.142426,7.4488006,2.8933609,5.557969
18,22.922548,18.808327,18.925463,14.368838,13.099135,16.116692,12.139103,14.855053,14.313745,14.585746,16.630327,16.853659,17.348125,15.415628,11.90326,10.103358,5.8868175,6.4960127,0.0,6.2383122,7.7333584,10.29478,13.746822,9.278481,9.545101,6.3251514,10.098249,9.715545,12.678167,14.741964,17.004435,22.264658,23.114866,26.757034,22.7514,19.606228,22.844835,24.99539,20.105597,18.20817,23.310791,21.876724,17.485556,19.632862,23.801188,20.359701,16.479479,21.760248,24.437176,27.143368,24.999876,22.107164,27.762384,28.598066,25.4543,23.362764,20.644562,21.898083,26.966335,26.96253,22.996706,28.463987,29.811798,32.845802,29.240732,26.31811,29.847275,28.573465,23.632025,26.589434,27.710997,24.786446,21.717524,25.153368,23.445026,27.0343,24.188942,21.290272,23.961245,20.792068,19.757109,19.663288,15.799951,15.13131,15.644092,11.274502,15.395601,13.745961,16.3447,18.247791,20.795279,22.066822,21.940315,24.643372,22.6211,18.950226,23.241701,25.679829,22.221743,18.22676,21.42848,23.007376,19.078465,16.977213,13.820769,10.901373,7.2827888,5.5683475,2.3645935
19,22.179096,18.291208,19.378382,13.995182,14.134556,16.45504,14.325852,17.11208,15.924965,17.859509,19.535294,20.759542,21.015175,19.720367,15.751711,12.358664,9.486995,6.164316,6.2383122,0.0,4.7989182,7.1484237,10.574664,4.265972,3.4999845,1.64925,6.364217,8.662928,11.521922,14.8319025,16.286125,22.102413,24.160038,26.658348,21.905224,19.613056,22.7474,23.590479,18.442266,17.420462,22.003336,18.875084,14.965327,17.954332,21.219435,16.27366,13.233852,19.376974,20.92576,23.982166,21.114853,17.610386,23.008286,24.039106,20.304226,17.905832,15.996374,16.989258,21.785677,22.624067,19.261726,24.398232,26.150776,29.17193,26.134207,23.686136,27.183023,26.6449,21.36354,23.171309,25.221914,23.184818,19.086843,21.961164,19.540125,22.848179,19.845644,16.495838,18.588062,15.034847,13.775464,13.465529,9.720353,9.425306,11.011287,7.8450184,13.027021,14.068869,17.289412,20.128828,22.66547,24.01694,25.695295,27.23855,24.571835,21.737564,26.51126,27.707302,23.531172,20.37783,24.582266,26.781063,23.399527,20.661499,18.675098,13.8907795,11.758272,7.869155,5.8303766
20,18.432356,14.615338,16.655993,11.490329,12.5165205,16.07486,14.369701,18.382965,18.366657,20.11812,22.591093,23.64196,24.423166,22.879631,19.183073,16.320398,12.84921,10.441382,7.7333584,4.7989182,0.0,3.5612447,6.342812,3.164605,5.4104004,5.439931,10.856482,13.054645,16.273,19.292034,21.052828,26.826342,28.718624,31.388948,26.639015,24.16942,27.11996,28.100872,22.93467,21.683996,26.066397,22.971695,19.03167,21.443394,24.758179,19.520145,16.16685,21.947521,23.241432,26.790173,24.374783,19.60696,25.352364,26.994732,23.17959,20.927073,19.769602,20.72298,25.125454,26.38153,23.603933,28.531626,30.423489,33.442253,30.608095,28.325571,31.7306,31.277575,25.988167,27.387888,29.499048,27.576553,23.373058,25.646873,23.425537,26.161295,22.790825,19.677443,20.575642,17.524343,15.296345,14.018729,11.388827,12.623166,15.0111685,11.946864,17.658665,18.46386,21.751236,24.382013,27.019842,28.334986,29.265787,31.224676,28.661036,25.402311,29.83855,31.429573,27.323034,23.685339,27.509516,29.45752,25.86021,23.410742,21.19522,17.292461,14.271851,11.379465,7.5557914
21,19.47146,15.969045,18.878496,13.989478,15.522482,19.32476,17.803453,21.931746,21.87708,23.552391,25.894686,26.786457,27.29105,25.539621,21.378502,19.033857,15.417535,13.174314,10.29478,7.1484237,3.5612447,0.0,5.9967785,5.245725,6.2330656,7.1039586,12.069053,14.37543,18.031296,20.672007,23.13214,28.497145,31.023329,33.562435,28.828041,26.72875,29.884146,30.521975,25.374681,24.489748,28.863806,25.233854,21.605238,24.417583,27.4032,21.674763,18.887426,24.858778,25.699722,29.31397,26.49806,21.616287,27.013573,28.671991,24.435505,21.7316,21.192812,21.48704,25.785654,27.84582,24.931873,29.479033,31.187216,34.43625,32.070213,29.724346,32.652176,32.263435,27.024408,27.80731,29.839169,28.157492,23.816216,25.311926,23.48682,25.56088,21.90603,19.23824,19.288157,17.115,14.350307,13.19763,10.919266,13.147401,15.657596,12.597174,18.827257,19.873636,23.475555,26.187885,29.144192,30.764484,31.802223,33.999577,31.528679,28.414799,32.97358,34.59052,30.48975,26.996902,30.842806,32.747574,29.045902,26.673002,24.084017,20.34477,17.296286,14.310957,10.667717
22,14.111397,11.04719,14.75866,10.323074,13.128739,16.822838,16.856316,21.498726,22.276506,24.51575,27.478254,28.85864,30.11663,28.760075,25.411999,22.203215,18.961693,16.175512,13.746822,10.574664,6.342812,5.9967785,0.0,6.6920695,9.685246,11.353102,16.1638,19.007498,21.960567,25.301455,26.523453,32.5556,34.489212,36.784492,31.76567,29.420036,31.950449,32.551655,27.432302,26.267012,29.993998,26.465431,22.870304,24.762707,27.585295,21.812843,18.721111,23.884314,24.30898,28.387465,26.419737,20.213268,25.904354,28.327944,24.521204,22.690948,22.673712,23.703957,27.210373,28.958693,27.412079,31.883015,34.198444,36.972366,34.526108,32.800602,36.248577,36.271225,30.931698,31.560581,34.229176,32.838234,28.232605,29.889484,27.367558,29.512476,25.99818,22.878511,22.34674,19.496264,16.488121,13.789299,13.298863,15.743329,19.103033,17.189085,22.928267,24.537184,27.853205,30.605284,33.11159,34.24668,35.256577,36.908634,34.1226,30.845661,35.050797,36.373665,32.07086,28.418722,32.233944,34.22059,30.8124,28.362753,26.68619,22.817812,19.810131,17.190878,13.241403
23,18.914927,15.277476,17.174139,11.729999,13.009303,15.610618,14.679494,18.240873,17.764536,20.189106,22.3989,23.920742,24.646685,23.488361,19.852743,16.19156,13.402094,9.893609,9.278481,4.265972,3.164605,5.245725,6.6920695,0.0,3.707586,5.32405,9.692414,12.696467,15.323769,18.896421,19.851099,25.902754,27.96832,30.145592,25.14692,22.942211,25.690887,26.212757,21.058842,20.07978,24.114462,20.543968,16.847038,19.397821,22.322815,16.70274,13.689178,19.625225,20.511875,24.113478,21.534065,16.632233,22.266253,23.960268,20.101362,17.967997,17.02185,18.142908,22.294727,23.568703,21.262205,26.075233,28.22821,31.063457,28.324915,26.358177,29.920757,29.799118,24.454285,25.573538,28.137861,26.563662,22.0755,24.404816,21.675808,24.519474,21.314175,17.841223,18.755573,15.138185,13.062626,11.504883,9.078016,10.170426,13.039193,11.02965,16.393341,18.188726,21.4228,24.33708,26.751242,27.9311,29.624979,30.927525,28.065212,25.170616,29.752625,30.743423,26.369267,23.135963,27.367838,29.61577,26.34168,23.578423,22.016861,17.291368,14.969066,11.469626,8.5384865
24,22.588638,18.97046,20.790295,15.318106,16.235355,18.463331,17.112127,20.015114,18.739151,21.071995,22.602139,24.016338,24.096169,22.885117,18.63424,15.222987,12.675723,8.976247,9.545101,3.4999845,5.4104004,6.2330656,9.685246,3.707586,0.0,3.5449197,6.605403,9.965628,12.807712,16.180841,17.665068,23.297812,26.094248,28.052994,23.107218,21.404058,24.511702,24.63487,19.53364,19.09794,23.303835,19.229721,15.877933,19.285328,21.879105,16.061895,13.890989,20.257202,20.989927,24.212978,20.863607,16.986347,21.997152,23.149776,18.90699,16.09775,15.083308,15.510448,20.043688,21.779024,18.72801,23.398952,25.238453,28.347284,25.864208,23.645761,26.820591,26.656788,21.336735,22.22485,24.654829,23.176079,18.60437,20.734688,18.187284,20.96284,17.73799,14.376276,15.668948,12.300308,10.544132,10.151935,6.4948835,7.2991066,9.771071,7.609481,13.310813,15.5515785,19.04592,22.170269,24.820124,26.328373,28.60227,29.882355,27.083157,24.623026,29.530283,30.325773,25.971537,23.211718,27.658295,29.99923,26.7488,23.902966,22.066841,17.022406,15.200771,11.118664,9.294573
25,23.4405,19.549381,20.789648,15.45039,15.565739,18.025217,15.664911,18.3551,17.01724,18.709906,20.165438,21.1785,21.138027,19.671213,15.326789,12.417404,9.394031,6.5111694,6.3251514,1.64925,5.439931,7.1039586,11.353102,5.32405,3.5449197,0.0,5.606141,7.675895,11.01911,13.968206,16.071789,21.546808,23.9439,26.48834,21.849297,19.739578,23.097807,23.868574,18.76808,17.939377,22.654102,19.411524,15.644654,18.933413,22.107435,17.139246,14.4106245,20.63779,22.141228,25.073011,21.94195,18.76457,23.934622,24.78373,20.88221,18.176903,16.294687,16.885164,21.848122,22.95409,19.176876,24.220387,25.741936,28.946428,26.047281,23.400206,26.623316,25.966858,20.72441,22.461147,24.290085,22.195032,18.1463,20.84278,18.721878,21.892876,18.809324,15.689448,17.83793,14.675224,13.4397,13.577455,9.516355,9.285708,10.493452,6.7317395,12.321181,13.191044,16.618534,19.474419,22.241304,23.821608,25.522318,27.28945,24.757908,22.021004,26.888273,28.18017,24.104416,21.057056,25.213432,27.35134,23.88331,21.223879,18.881418,14.266675,12.142164,8.232004,6.492574
26,28.274462,24.469782,25.30797,19.89949,19.729053,20.998455,18.806753,20.146643,17.531237,19.493404,19.708815,20.963667,20.038788,19.0299,14.365189,11.110633,9.860107,6.4314156,10.098249,6.364217,10.856482,12.069053,16.1638,9.692414,6.605403,5.606141,0.0,4.1756186,6.4652863,9.822278,11.595326,16.764622,20.090166,21.949232,17.2622,16.023748,19.640276,19.64827,14.776592,14.887824,19.488098,15.660888,12.637424,16.962006,19.426949,14.695025,13.359777,19.617443,20.887886,23.082212,19.109016,17.781189,21.880161,21.860035,17.922606,14.809066,12.333537,12.3583555,17.710567,18.763756,14.075065,19.066217,20.299892,23.625814,20.823692,17.97116,21.021395,20.429327,15.156832,16.96905,18.86392,16.933464,12.7345085,15.961008,13.536332,17.28567,14.767146,11.473723,15.091548,11.69707,11.95133,13.477928,8.840135,6.499131,5.627185,2.2318325,6.839454,9.342974,12.819181,16.182983,18.853952,20.63389,23.811646,24.803074,22.141718,20.41666,25.652542,26.127138,22.004059,20.067348,24.655838,27.103056,24.122576,21.194149,19.34118,13.866038,13.450298,9.020465,10.120961
27,30.659708,26.68644,27.107101,21.933222,21.1259,22.518284,19.435444,20.270555,17.446394,18.476206,18.174936,18.779972,17.257145,15.915687,10.783749,8.84936,7.7366433,6.5246797,9.715545,8.662928,13.054645,14.37543,19.007498,12.696467,9.965628,7.675895,4.1756186,0.0,4.5541396,6.33367,9.975078,14.267569,17.465698,20.051542,16.023731,14.570212,18.638113,19.336884,14.804293,14.676706,19.74783,17.015009,13.92626,18.055511,20.915648,17.352125,15.772603,21.5691,23.501204,25.245388,21.471624,21.04043,25.033522,24.614618,21.08322,18.085615,14.985281,14.910614,20.402313,20.890808,15.3264065,20.364506,20.948612,24.406292,21.300663,17.828129,20.581373,19.228985,14.299391,17.202034,17.999987,15.184516,12.043967,15.850905,14.37935,18.31461,16.13439,13.592077,17.820633,15.118306,15.668657,17.5399,12.821862,10.470603,8.433338,4.1087666,6.109838,5.6176476,9.321313,12.447989,15.512321,17.655972,20.401976,22.041632,19.862608,18.109852,23.342663,24.349798,20.742886,18.796268,22.937819,25.10431,21.970163,19.351397,16.796225,12.05866,11.863898,8.147036,10.2968445
28,32.80506,28.90387,28.727032,23.65254,22.543932,22.850487,20.099178,19.788937,16.141844,17.49766,16.271141,17.358997,15.497336,15.022297,10.809432,7.707268,9.028344,7.446198,12.678167,11.521922,16.273,18.031296,21.960567,15.323769,12.807712,11.01911,6.4652863,4.5541396,0.0,4.796583,5.4820604,10.598935,13.66609,15.74461,11.492633,10.310437,14.396705,14.859558,10.554916,10.853036,15.752486,13.385116,10.767076,15.0500965,17.558506,15.079519,14.144069,19.257994,21.340368,22.393414,18.602993,19.652029,22.990898,22.003975,19.125637,16.651781,12.716583,13.14987,18.424189,17.824322,12.048382,17.320889,17.96146,21.030935,17.401817,13.935741,17.30899,16.00763,11.105185,14.992409,16.01664,13.207844,10.486576,15.469784,13.290709,18.017117,16.740963,13.910701,18.97714,15.625537,17.116282,19.05569,14.652254,11.237046,8.406494,6.9530306,3.8907254,4.6733313,6.9199777,10.44114,12.64521,14.41629,18.54301,18.96194,16.443352,15.538187,20.87422,21.006313,17.314611,16.31393,20.764124,23.242085,20.772718,17.885368,16.478374,10.9944515,12.504286,9.062634,12.611888
29,36.456757,32.45052,32.304222,27.351135,26.0139,26.718903,23.340092,22.891806,19.315592,19.67279,17.917791,18.073383,15.272857,14.314606,9.555001,9.353671,10.551611,11.000512,14.741964,14.8319025,19.292034,20.672007,25.301455,18.896421,16.180841,13.968206,9.822278,6.33367,4.796583,0.0,6.98626,8.532719,12.441553,15.1408,12.310953,11.69399,16.082447,16.866707,13.567158,14.016904,18.805103,17.171377,15.059065,19.091782,21.529024,19.650503,18.865814,23.688671,25.93601,26.668203,22.831055,24.396711,27.433298,26.113281,23.26973,20.508888,16.746445,16.387207,21.595877,21.234055,14.74243,19.28276,18.897007,22.265684,18.944538,14.82425,16.990541,14.726952,10.723382,15.169267,14.577682,10.798045,9.784592,14.628278,14.004359,18.298397,17.323011,15.604385,20.834429,18.594229,20.147152,22.63321,18.037514,14.996911,11.645599,9.368392,5.9180093,1.0747641,3.6379728,6.99771,10.215067,12.955924,16.774767,18.120163,16.507301,15.97483,21.093523,21.788927,18.967886,18.23475,21.927877,23.958036,21.383642,19.054903,16.701263,12.754687,14.217688,11.803609,15.306104
30,36.29534,32.49197,31.625605,26.859627,25.349281,24.58197,22.09283,20.434052,16.081276,17.411009,14.930337,16.36118,14.037735,14.70235,12.165239,8.949312,12.282666,11.239889,17.004435,16.286125,21.052828,23.13214,26.523453,19.851099,17.665068,16.071789,11.595326,9.975078,5.4820604,6.98626,0.0,6.9472227,9.046537,10.437112,6.0976157,5.405603,9.55453,9.994043,6.7572527,7.7045693,11.963692,11.085673,9.606797,13.276911,15.221002,14.949948,14.768004,18.350521,20.733967,20.69687,17.263752,20.296719,22.687977,20.957134,19.24661,17.680769,13.0650425,14.119662,18.568329,16.339558,10.751013,15.774481,16.273207,18.56295,14.134901,10.744409,14.844766,13.42851,9.417369,14.62411,15.490467,12.729656,11.468505,17.163826,14.710323,19.831085,19.605623,16.885601,22.40735,18.771246,20.975119,22.884123,18.919985,15.012327,11.982224,12.203304,7.0124607,7.472869,6.454317,9.273597,9.677348,10.653029,16.498096,15.230469,12.441139,13.008405,18.1147,17.103056,13.653749,14.225275,18.62569,21.308937,19.811647,16.885378,16.857483,11.503836,14.668943,12.264828,16.569197
31,42.916138,39.028343,38.22365,33.47959,31.84288,31.2719,28.382326,26.455433,22.102732,22.543917,19.291359,19.785355,16.30678,16.882141,14.555059,14.015632,17.186565,17.35303,22.264658,22.102413,26.826342,28.497145,32.5556,25.902754,23.297812,21.546808,16.764622,14.267569,10.598935,8.532719,6.9472227,0.0,6.8742647,7.4774814,7.029141,9.025584,12.401026,12.369325,11.860249,13.458437,16.421211,16.229864,16.048203,19.397335,20.574997,21.039875,21.557533,24.665833,26.86289,26.16782,22.548553,26.622705,28.101927,25.70073,24.18549,22.319742,18.126665,17.980919,21.921305,19.986912,13.800822,17.031464,15.85466,18.186998,14.468319,10.366965,12.246269,9.342677,7.9748,13.919722,12.607451,9.179066,11.090869,16.402086,15.58463,20.097502,20.821325,19.415115,25.20454,22.780804,25.388596,28.050089,23.986582,20.231108,16.47069,16.586601,10.640298,9.475817,6.6525254,7.6597505,7.450315,9.389942,16.116526,14.870774,13.507248,15.6135645,19.953964,18.894644,16.982517,18.631546,21.942865,24.10471,22.99562,20.776106,20.20394,16.547531,19.749933,18.03895,22.322535
32,43.013443,39.18183,37.45844,33.33907,31.042639,29.814941,26.753973,23.739683,19.41035,19.088541,15.041623,15.350028,11.845488,13.556041,13.78138,13.287136,17.36944,18.391232,23.114866,24.160038,28.718624,31.023329,34.489212,27.96832,26.094248,23.9439,20.090166,17.465698,13.66609,12.441553,9.046537,6.8742647,0.0,5.5866933,7.3009706,6.844686,8.857135,11.4211445,11.938915,12.006058,14.468049,17.123201,16.459679,18.07296,19.903727,22.285133,21.903498,23.620241,26.77024,25.636032,23.420837,27.685732,29.55083,27.31446,26.830791,25.939808,21.220976,22.364126,26.063251,22.693377,17.787407,21.49966,21.052742,22.413162,17.770641,14.694532,17.70941,15.216451,14.215547,20.187117,19.346407,16.035267,17.61916,23.132471,21.799826,26.603437,27.087112,25.098133,30.823715,27.59739,29.946167,31.928701,27.911793,24.052595,20.89584,20.532175,15.326113,12.9786825,9.202089,8.285573,4.747431,3.5583107,11.234777,8.225441,7.1472864,10.40161,13.813747,12.527356,11.775692,14.155386,16.455101,18.399776,18.169909,16.343508,16.99334,14.494784,18.514444,18.203875,22.845987
33,45.6037,41.91468,40.335693,36.042233,34.08734,32.343456,30.037218,26.919401,22.316675,22.922808,18.922207,20.007769,16.96886,18.91246,18.742146,17.226078,21.34448,21.253775,26.757034,26.658348,31.388948,33.562435,36.784492,30.145592,28.052994,26.48834,21.949232,20.051542,15.74461,15.1408,10.437112,7.4774814,5.5866933,0.0,5.468068,8.200701,8.687661,8.666643,11.217206,12.738911,13.382443,15.601841,16.519094,18.244707,18.617762,21.560038,22.44779,23.57446,25.986568,24.157839,21.661678,27.185154,27.816542,24.974068,25.037312,24.50883,20.046406,21.002764,23.738295,19.917837,15.670672,18.21907,17.600828,18.158743,13.628151,11.288814,14.187051,12.3502655,12.560144,18.031038,17.604807,15.399863,17.170494,22.425926,20.692093,25.361782,26.586363,24.687777,30.437178,27.220102,30.107546,32.257805,28.686132,24.604275,21.319195,22.321531,16.30759,15.920343,12.68932,12.752445,9.924559,9.030349,16.633724,12.423889,10.817042,14.83392,17.895195,14.89765,13.824751,17.405281,20.19906,22.499588,22.833511,20.685965,22.0653,18.610878,22.750713,21.682623,26.2834
34,40.756187,37.126736,35.814995,31.321781,29.67951,27.97066,26.030962,23.382421,18.714209,20.164986,16.80393,18.578314,16.15048,17.849514,16.825268,13.8691,17.820932,16.774601,22.7514,21.905224,26.639015,28.828041,31.76567,25.14692,23.107218,21.849297,17.2622,16.023731,11.492633,12.310953,6.0976157,7.029141,7.3009706,5.468068,0.0,4.6760693,6.4323754,5.37073,6.0376897,8.229827,9.698534,10.556064,11.252467,13.705057,14.201769,16.265587,17.223011,18.967,21.167294,19.837385,16.858496,21.925179,22.911814,20.355043,19.991741,19.398409,14.777046,16.111164,19.177801,15.449882,11.0363455,14.723418,15.03615,16.042955,11.011789,8.493126,13.013212,11.960254,9.96613,15.287428,16.148188,14.169121,14.208453,19.751856,17.11478,22.143887,22.917938,20.409367,26.031075,22.32159,25.105675,27.011082,23.575188,19.4458,16.436844,17.866987,12.053441,13.01175,10.782589,12.2988205,10.689381,10.317996,17.651432,14.163085,11.286183,13.975773,18.11082,15.321719,12.503788,15.25548,19.234875,22.026999,21.761055,18.979172,20.347256,15.533347,19.46608,17.640993,22.07246
35,37.50283,33.834293,32.13984,27.917849,25.913267,24.186365,21.911337,19.009947,14.372627,15.523967,12.14144,14.049644,12.030449,13.940572,13.636197,10.148238,14.446602,13.891666,19.606228,19.613056,24.16942,26.72875,29.420036,22.942211,21.404058,19.739578,16.023748,14.570212,10.310437,11.69399,5.405603,9.025584,6.844686,8.200701,4.6760693,0.0,4.396789,7.069155,5.585087,5.207777,8.502485,10.853731,9.725629,11.345565,13.416641,15.659646,15.182161,16.879723,19.985949,19.144747,17.008816,20.936321,23.091478,21.218483,20.825092,20.416182,15.532493,17.628763,21.241196,17.445894,13.44415,18.10753,18.942612,20.155075,15.010377,12.625091,17.319386,16.048723,13.229961,18.611076,19.523602,16.924606,16.413868,22.138874,19.44819,24.627964,24.693125,21.780735,27.212532,23.08513,25.307596,26.696203,23.07797,19.106129,16.631153,17.035633,12.327181,12.053955,9.82043,11.0941725,9.401585,8.40075,14.653258,11.5094795,8.055813,9.710016,14.200568,12.083424,8.712706,10.695075,14.854832,17.724321,17.259201,14.355758,16.03477,11.217439,15.413502,14.206048,18.772161
36,38.865253,35.41498,33.253242,29.423578,27.30844,24.736263,23.084068,19.432003,14.814521,16.255808,12.630453,15.100558,13.771549,16.404634,17.259356,13.526212,17.889885,17.09037,22.844835,22.7474,27.11996,29.884146,31.950449,25.690887,24.511702,23.097807,19.640276,18.638113,14.396705,16.082447,9.55453,12.401026,8.857135,8.687661,6.4323754,4.396789,0.0,5.387798,6.455859,5.7978306,5.928156,10.805972,10.6219225,10.460921,11.829099,16.042263,15.8604,15.796542,19.033026,17.375908,16.296522,21.070179,22.623602,20.58156,21.301657,21.821117,17.023006,19.708029,22.454372,17.603987,15.160373,19.257092,20.463789,20.752798,15.374883,14.137033,19.118366,18.336395,16.188292,21.23868,22.511866,20.380852,19.977308,25.610147,22.547636,27.713858,28.052351,24.960844,30.259386,25.783361,28.1233,29.168413,25.986095,21.974068,19.871418,20.846336,16.226475,16.444609,14.122506,14.979214,12.496585,10.41089,16.395113,11.650062,7.876079,10.519762,13.768287,9.945422,6.607479,10.420273,14.2175665,17.25872,17.867386,15.0384655,18.12988,13.698837,18.098879,17.296478,21.70594
