,0,1,2,3,4,5,6,7,8,9,10,11,12,13,14,15,16,17,18,19,20,21,22,23,24,25,26,27,28,29,30,31,32,33,34,35,36,37,38,39,40,41,42,43,44,45,46,47,48,49,50,51,52,53,54,55,56,57,58,59,60,61,62,63,64,65,66,67,68,69,70,71,72,73,74,75,76,77,78,79,80,81,82,83,84,85,86,87,88,89,90,91,92,93,94,95,96,97,98,99,100,101,102,103,104,105,106,107,108
0,0.0,4.3356795,6.7774353,9.669514,12.32979,14.65294,18.051422,21.100422,24.747587,26.890898,31.08191,33.250793,31.743946,30.332832,25.477589,24.49372,19.96066,19.517014,16.455479,14.022326,14.196031,9.725427,13.496447,16.274277,15.389597,14.587355,20.10159,21.320604,17.82506,22.094751,20.089025,26.300327,25.574745,31.014605,31.778013,34.71811,36.144722,34.18356,33.643353,30.367664,31.029448,25.489426,26.17634,20.820177,24.473577,19.90616,23.02001,22.600637,26.045305,28.822704,30.004646,34.368256,36.306156,39.16371,36.123993,37.13698,32.33675,32.03606,32.53021,32.79455,29.856314,35.468197,34.136013,35.739136,40.204792,38.54541,42.148903,41.590702,46.106777,42.925163,38.834652,38.636627,34.294693,37.822353,32.56495,32.92783,31.89138,29.563091,28.549921,28.881859,25.826683,24.712515,20.287016,22.075169,25.079842,25.725082,27.814096,32.32758,32.233852,36.315147,36.281063,39.14238,39.69109,43.863064,40.230156,39.199768,36.064278,35.018784,30.616531,30.812004,25.70363,25.200806,20.90072,18.936913,22.803946,25.066626,28.751999,31.56837,34.91616
1,4.3356795,0.0,5.305656,6.891132,8.817478,12.302842,14.552228,18.52601,21.65526,24.067247,28.206276,30.504671,29.432999,27.94422,23.24273,21.735653,17.624935,16.390295,14.139659,10.712584,11.300653,7.6401906,11.393491,13.222016,12.525835,10.996486,16.433233,17.545837,13.79072,18.328814,16.445795,22.951023,22.71939,28.005857,28.828468,31.879591,33.079712,30.959423,30.10501,26.75338,27.240881,21.5384,22.019432,16.545773,20.192719,15.65247,18.869875,18.757614,22.15485,24.891443,25.89139,30.320349,32.225117,35.00884,31.872272,32.99441,28.186846,28.067228,28.759441,28.945326,25.90986,31.446352,29.936522,31.628298,35.958755,34.43793,38.08482,37.53664,41.95873,38.864525,34.75574,34.40007,30.024641,33.53687,28.258884,28.732916,27.769669,25.489084,24.689808,25.156258,22.325407,20.935352,16.354586,17.943954,20.792168,21.583158,23.521263,28.177315,28.17947,32.30158,32.465935,35.432972,36.0868,40.208157,36.631935,35.410988,32.447495,31.146343,26.837387,26.98905,21.84901,21.691391,17.243809,15.644469,19.805243,21.52404,25.34405,28.19553,31.387945
2,6.7774353,5.305656,0.0,5.293409,6.917426,8.537944,12.169102,14.524106,18.487097,20.262087,24.783611,26.676216,25.319826,24.207464,19.233265,18.768078,14.349411,14.157915,12.340489,10.20601,12.384115,9.3848915,14.548334,16.429432,16.95046,15.033129,20.032282,20.539177,15.133811,19.581724,16.375118,23.307291,21.308138,27.306612,27.086382,30.404688,31.255863,28.93166,28.945135,25.391891,27.02828,20.850328,22.390446,17.014774,21.542797,17.60065,20.718035,21.475021,24.709307,27.025581,27.364204,31.911207,33.057514,36.31593,33.218464,34.91844,30.317377,30.682854,31.930935,31.931587,28.676088,33.730206,31.540459,33.038616,36.912937,35.067265,38.8796,37.750435,42.043503,38.453125,34.405594,34.108036,30.091837,33.216156,28.471899,28.128942,27.560572,25.790537,24.842447,25.936571,22.73106,20.840279,17.272144,18.119299,21.225653,20.833136,23.53032,27.224432,27.22594,31.093142,31.022835,34.031006,34.115005,38.20876,34.287113,33.325447,30.029192,29.13693,24.728848,24.881542,19.955502,19.427448,15.222345,12.634443,16.299639,18.832903,22.320684,25.13928,28.552494
3,9.669514,6.891132,5.293409,0.0,3.8708487,5.9763727,8.995443,12.562556,15.457172,18.230461,21.780653,24.373951,23.033464,21.260616,16.714363,14.978496,10.781169,9.848796,7.5428762,5.0336957,7.430174,5.800541,10.973471,12.570769,14.577598,13.422982,17.387135,16.988934,10.9040985,14.8157015,11.397613,18.10125,16.348799,22.151073,22.35028,25.517595,26.627375,24.541964,24.243881,20.903362,22.22444,16.561808,18.225248,13.530736,18.115921,15.378556,19.09265,20.362858,23.367569,25.78966,25.825275,30.446466,31.737051,34.461388,30.809174,32.607468,27.710815,28.536053,29.561504,28.848913,25.455849,30.017107,27.82966,28.86033,33.027527,30.681768,34.4058,33.26518,37.79759,34.167324,30.151663,30.42626,26.424664,30.232643,25.958378,25.984339,26.112356,24.669508,24.436197,25.827595,23.263391,20.751638,16.929665,16.930563,19.07258,18.894287,20.295052,23.962973,23.387907,27.335402,26.932121,29.697773,30.133825,34.345264,30.797903,30.037287,26.780336,26.334286,21.626768,22.841074,18.187922,19.033333,14.518615,11.95419,15.984864,16.431665,20.555998,22.736864,26.419893
4,12.32979,8.817478,6.917426,3.8708487,0.0,5.2744384,5.758525,10.372697,12.892244,15.578901,19.523983,21.93097,21.214582,19.706156,15.260809,13.450985,10.062206,8.155192,8.403754,4.992942,8.773839,8.808634,13.0445795,13.3329,15.223752,13.049864,16.541292,16.087992,9.4576435,13.713718,10.055387,17.343906,15.696219,21.444328,21.218878,24.67073,25.21031,22.716875,22.330381,18.699785,20.295923,13.942068,15.702409,10.673907,15.600509,12.989161,16.420225,18.24551,21.038074,23.132833,22.791662,27.419584,28.356443,31.287378,27.758543,29.828215,25.181992,26.222994,27.726402,27.144936,23.700287,28.082031,25.456512,26.715681,30.397526,28.353598,32.21045,30.915768,35.175716,31.536634,27.493906,27.32844,23.389378,26.788769,22.508919,22.27219,22.424742,21.153687,20.958746,22.624557,20.132627,17.318356,13.962084,13.479869,15.69156,15.13677,17.039665,20.568872,20.359827,24.280588,24.238855,27.293282,27.572678,31.670143,27.938728,26.880945,23.746416,22.856005,18.31979,19.10482,14.350802,15.260931,10.71997,8.385894,12.620457,12.979676,17.06616,19.536251,22.970018
5,14.65294,12.302842,8.537944,5.9763727,5.2744384,0.0,6.108657,6.858143,10.525928,12.756409,16.50807,18.788818,17.227022,15.766333,10.953905,10.325461,5.9762764,6.662924,6.6042,7.0587997,10.919782,11.069565,15.942801,16.987995,19.747194,18.154581,21.361898,20.361057,13.212742,16.360575,11.635291,18.182158,14.144529,20.5935,19.290316,22.813358,23.294283,20.899084,21.70438,18.1844,21.027758,15.079242,18.09717,14.207888,19.35009,17.769684,21.098526,23.289516,25.91186,27.77738,27.001644,31.583784,31.993444,35.050415,31.440105,33.882465,29.362686,30.78876,32.39874,31.439474,27.922237,31.668835,28.714897,29.44179,32.886986,30.188602,34.013947,32.165104,36.427185,32.25621,28.419968,28.813232,25.42013,28.719688,25.392849,24.500092,25.32815,24.669245,24.511738,26.628284,24.015621,20.904686,18.450264,17.37169,19.32435,17.732597,19.642603,21.80791,21.143913,24.626526,23.899876,26.660858,26.397808,30.529575,26.642635,26.23652,22.62217,22.823122,18.034838,19.578869,15.605952,16.562582,12.703413,9.114715,12.106458,12.484942,16.245678,18.056566,22.061243
6,18.051422,14.552228,12.169102,8.995443,5.758525,6.108657,0.0,6.607093,7.4719787,10.557695,14.193256,16.693775,16.578756,15.116669,11.296159,9.062414,7.5963764,4.682998,8.820782,7.1765766,11.361122,13.308682,16.727962,16.052773,18.813599,16.536095,18.511003,17.205381,10.010635,12.969468,8.495985,15.336483,12.668816,18.33275,17.103676,20.852812,20.648514,17.753382,17.745346,13.876982,16.53965,9.789376,12.767768,9.085574,14.254931,13.642904,16.591602,19.502392,21.611855,23.086056,21.797117,26.280111,26.449932,29.370295,25.70586,28.400368,24.136364,25.93883,27.942986,26.919796,23.41232,26.716297,23.338451,24.250381,27.204638,24.87921,28.814178,26.945017,30.940626,26.933897,23.014668,22.925009,19.499186,22.625475,19.381218,18.52096,19.659874,19.327557,19.661097,22.091633,20.10104,16.519697,14.603076,12.535293,13.775504,11.960704,13.65241,15.824477,15.480758,19.119585,18.979366,22.148434,22.080288,26.11011,22.236135,21.246696,18.01488,17.420414,12.730311,14.161013,10.117488,12.282595,8.435822,6.0976243,9.410855,7.523107,11.904461,13.923008,17.506762
7,21.100422,18.52601,14.524106,12.562556,10.372697,6.858143,6.607093,0.0,5.275523,5.988478,10.589914,12.164175,11.142964,10.541811,5.8833575,7.2827063,6.115199,7.370664,10.974617,12.098487,16.211899,17.525839,21.80276,21.942347,24.947947,22.788126,25.098606,23.713253,16.418737,18.721321,13.752193,19.42024,14.104551,20.238003,17.23292,21.089079,20.36326,17.382278,19.26352,15.620605,19.997513,14.044401,18.03221,15.37922,20.383284,20.044516,22.611406,25.643152,27.673115,28.807095,27.150867,31.452,30.836838,34.157143,30.77927,33.86008,30.005644,32.011566,34.27971,33.20587,29.71635,32.506126,28.772938,29.325161,31.648645,28.934822,32.78468,30.237103,33.898403,29.327139,25.811146,25.99979,23.470306,25.80388,23.682932,21.740372,23.333889,23.648977,23.669125,26.492657,24.13725,20.534435,19.81793,17.623638,19.077227,16.019827,18.448496,18.63742,18.176332,20.866606,20.100668,22.96762,21.802624,25.63017,21.28861,21.057486,17.222794,17.88199,13.41489,15.019618,12.408498,13.607157,11.344644,7.826522,8.240252,7.8999505,10.609687,11.947299,16.09825
8,24.747587,21.65526,18.487097,15.457172,12.892244,10.525928,7.4719787,5.275523,0.0,4.552145,6.7339764,9.469862,9.656409,8.328512,6.1203237,4.805964,7.4720073,6.955587,12.164927,13.236465,16.945482,19.526133,22.77567,22.076958,25.600504,23.648998,24.739405,22.740454,15.806013,16.873316,12.258515,16.574224,11.424918,16.642317,13.205657,17.1481,15.826515,12.536627,14.396559,10.777872,15.713168,10.459063,14.921411,14.001986,18.366741,19.626268,21.987137,25.496637,26.99413,27.850878,25.706343,29.756912,28.939827,31.765877,28.12136,31.435635,27.788649,30.306757,32.62422,31.064028,27.650898,29.5023,25.498457,25.616962,27.534784,24.522516,28.274843,25.44419,28.982485,24.26755,20.906452,21.451014,19.38449,21.87069,20.794014,18.902554,21.416502,22.362623,23.102121,26.193758,24.613747,20.665312,20.344915,17.34156,17.550552,14.359712,15.437585,14.493103,13.521228,15.900977,14.8745,17.712954,16.575226,20.472427,16.290009,16.167946,12.31993,13.589858,8.86712,12.097386,10.831866,13.766606,12.154086,10.021632,10.030882,5.40628,8.394834,8.212488,12.645782
9,26.890898,24.067247,20.262087,18.230461,15.578901,12.756409,10.557695,5.988478,4.552145,0.0,6.253805,6.6353226,7.4016643,8.069422,6.2071557,8.356926,10.445918,11.063841,15.803695,16.940395,20.913528,22.944464,26.678553,26.148537,29.301039,26.906063,28.37089,26.68887,19.777603,21.23674,16.670357,21.072563,15.623612,20.654572,16.524174,20.344017,18.439047,15.03894,17.684484,14.308484,19.606632,14.4233265,18.699585,17.478178,21.81521,22.626646,24.507647,28.063007,29.49898,30.017122,27.672428,31.541122,30.102163,33.410194,30.264957,33.794174,30.614096,33.085907,35.776257,34.556755,31.210276,33.038937,28.792948,29.126478,30.370914,27.725716,31.444405,28.357367,31.340439,26.549238,23.489937,23.504353,21.96533,23.323877,22.589571,19.858816,22.24417,23.491041,23.834215,27.119932,25.274288,21.437923,22.062431,19.098526,19.778515,15.851483,18.171288,16.3468,16.069515,17.6951,16.956284,19.794893,17.773058,21.132557,16.442728,16.373974,12.479989,13.713672,10.064196,11.857203,11.469174,13.170579,12.820806,10.653712,8.739952,6.488987,6.7922034,6.7192693,10.937354
10,31.08191,28.206276,24.783611,21.780653,19.523983,16.50807,14.193256,10.589914,6.7339764,6.253805,0.0,4.3685427,5.269905,4.47709,7.2291045,7.815006,12.092779,12.775494,17.298098,19.394382,22.68911,25.54603,28.571228,27.868277,31.806093,30.112755,30.670258,28.280273,21.72784,21.732468,17.512016,19.719576,13.650172,17.336422,12.228219,15.643265,13.148195,9.980653,13.875491,11.542674,17.443794,14.493344,19.0587,19.737513,23.385021,25.63785,27.68034,31.432888,32.542168,33.03046,30.4212,34.042854,32.609524,35.18453,31.636372,35.257027,32.12552,35.066624,37.488625,35.538643,32.286556,33.026657,28.779634,28.230818,29.268015,25.783316,29.11526,25.590927,28.529274,23.403915,20.907267,22.128323,21.453386,23.282291,24.066202,21.673845,25.02044,26.763844,27.779617,31.14813,29.918798,25.90716,26.37272,23.01902,22.603876,19.036709,19.426207,16.3484,14.881726,15.534842,13.547378,15.446232,13.069414,16.452635,12.307923,13.586483,9.536928,13.248281,9.961224,14.112717,15.232217,18.189743,17.876863,16.110159,14.730015,10.167518,10.438661,7.3181214,11.417103
11,33.250793,30.504671,26.676216,24.373951,21.93097,18.788818,16.693775,12.164175,9.469862,6.6353226,4.3685427,0.0,4.5567436,6.8003793,9.190367,11.581704,15.123373,16.151522,20.70175,22.595348,26.208195,28.685034,32.089657,31.432457,35.030247,32.90623,33.752327,31.646406,25.04557,25.505089,21.249563,23.931183,17.96723,21.646519,16.428871,19.646103,16.800959,13.703094,17.655024,15.383814,21.246635,17.929276,22.315243,22.581678,26.270506,28.129047,29.773306,33.574127,34.615086,34.806095,32.030136,35.471416,33.504158,36.477592,33.39911,37.189808,34.481613,37.368717,40.1308,38.512463,35.3151,36.096737,31.64214,31.371532,31.805037,28.78742,32.096344,28.434448,30.794775,25.734198,23.511818,24.080904,23.806488,24.583422,25.59767,22.539719,25.728327,27.712984,28.421452,31.920504,30.534931,26.650265,27.86717,24.539068,24.472723,20.388393,21.777662,18.168581,17.449408,17.542337,16.110834,18.067045,14.980174,17.55499,13.014341,14.173644,10.440678,13.7272005,11.640337,14.306769,16.103859,18.151405,18.777458,17.140955,14.656345,11.608861,10.134412,7.064009,10.236753
12,31.743946,29.432999,25.319826,23.033464,21.214582,17.227022,16.578756,11.142964,9.656409,7.4016643,5.269905,4.5567436,0.0,3.8308265,6.4702024,10.183857,13.051384,15.275391,18.83238,21.610523,25.063158,27.203993,30.927734,30.90354,34.756943,33.036453,34.319298,32.161964,25.1961,25.722414,21.054722,23.789366,16.821157,21.12942,15.838052,18.953917,16.869871,14.329203,18.716755,16.54048,22.38996,19.113695,23.74966,23.619797,27.748896,29.247463,31.411573,34.99224,36.396645,36.9744,34.51381,38.259434,36.70149,39.66819,36.3227,39.941547,36.756897,39.504704,41.9666,40.21305,36.876617,38.00785,33.81195,33.370193,34.509415,31.033089,34.348656,30.799217,33.672497,28.51254,26.143951,27.284805,26.587942,28.128967,28.634104,25.923702,28.89338,30.481718,31.040058,34.39349,32.65798,28.802694,29.329252,26.315472,26.591387,22.795694,24.070581,21.263248,20.072947,20.683132,18.702967,20.308504,17.610703,20.537027,16.461565,18.032879,14.123138,17.655163,14.6994095,17.789974,18.54106,20.405273,20.199844,17.733175,15.818626,13.425847,13.133422,10.805952,14.553056
13,30.332832,27.94422,24.207464,21.260616,19.706156,15.766333,15.116669,10.541811,8.328512,8.069422,4.47709,6.8003793,3.8308265,0.0,5.1641912,7.260413,10.710849,12.873035,16.143543,19.294024,22.377865,24.854435,28.222105,28.219244,32.416348,31.14316,32.15802,29.735147,22.863117,22.925747,18.316036,20.466934,13.2246065,17.517168,12.302101,15.445875,13.824278,11.533136,15.900802,13.89614,19.589453,16.854563,21.55149,21.810005,25.845434,27.692642,30.194054,33.709324,35.15708,35.980225,33.66177,37.517303,36.38773,38.987495,35.270325,38.731514,35.221954,38.014774,40.15843,38.09517,34.737236,35.77767,31.804802,31.07724,32.704998,28.820957,32.080833,28.65852,31.964415,26.794146,24.30163,26.026245,25.081787,27.433971,27.840174,25.677021,28.785387,30.202272,31.026293,34.264343,32.689293,28.747192,28.656288,25.640911,25.604216,22.280119,22.685684,20.306816,18.521849,19.476686,17.04015,18.416788,16.314566,19.728167,16.098482,17.826382,13.8430195,17.683926,14.065056,18.142876,18.47076,21.031391,20.11499,17.573,16.577753,13.062943,13.9573965,11.51409,15.7043705
14,25.477589,23.24273,19.233265,16.714363,15.260809,10.953905,11.296159,5.8833575,6.1203237,6.2071557,7.2291045,9.190367,6.4702024,5.1641912,0.0,5.518106,6.727721,9.636827,12.608002,15.534909,19.011806,20.836597,24.8014,25.161264,28.958075,27.462046,29.223907,27.235975,19.996317,21.061172,16.03491,19.86747,12.876278,18.574791,14.398084,17.958866,17.081299,14.542556,17.816998,14.944436,20.146282,15.85397,20.418,19.28629,23.9145,24.695549,27.39042,30.62077,32.443287,33.515026,31.57325,35.717678,34.89707,37.857113,34.225605,37.489166,33.68516,36.087364,38.205936,36.550415,33.076435,35.0322,31.2205,31.029377,33.183167,29.69311,33.262634,30.25273,33.879944,28.918116,25.872551,27.015755,25.232756,27.751425,26.90724,24.860416,27.26919,28.12394,28.53441,31.563665,29.52734,25.754507,25.231586,22.670877,23.38313,20.199604,21.491535,20.389957,19.088234,20.989119,19.203144,21.281174,19.670189,23.395329,19.3817,20.244534,16.156836,18.62908,14.349228,17.47206,16.385237,18.288698,16.694017,13.543099,13.096646,11.021958,12.814745,12.06486,16.557753
15,24.49372,21.735653,18.768078,14.978496,13.450985,10.325461,9.062414,7.2827063,4.805964,8.356926,7.815006,11.581704,10.183857,7.260413,5.518106,0.0,5.010957,5.800969,9.562968,12.269484,15.253226,18.094486,21.12662,20.961744,25.204334,24.171093,25.148344,22.720278,15.769582,16.017487,11.188165,14.369295,7.6435814,13.458621,10.058132,13.847188,13.4835615,11.0090885,13.227563,10.27079,14.97113,11.167846,15.726729,15.423323,19.673832,21.28177,24.252125,27.50637,29.176264,30.43429,28.567234,32.713375,32.394444,34.75408,30.68461,33.757454,29.670324,32.208984,33.985992,31.922392,28.468367,30.162476,26.571836,26.090773,28.726725,24.925314,28.45651,25.697508,29.757324,24.952974,21.699324,23.342289,21.228884,24.700863,23.812021,22.566328,25.224564,25.966784,26.902378,29.781754,28.254139,24.36655,23.19341,20.454033,20.400831,17.970455,17.790073,17.264656,15.301139,17.721321,15.728818,17.767437,17.12742,21.28576,17.840908,18.500517,14.666416,17.027996,12.191916,16.450207,15.097294,18.239212,15.952391,13.412133,14.260775,9.924375,13.129032,12.169773,16.666065
16,19.96066,17.624935,14.349411,10.781169,10.062206,5.9762764,7.5963764,6.115199,7.4720073,10.445918,12.092779,15.123373,13.051384,10.710849,6.727721,5.010957,0.0,4.5596323,5.901225,9.230869,12.431728,14.245397,18.144903,18.855677,22.788391,21.85224,23.845522,21.89974,14.639944,16.024723,10.876196,15.625215,9.548795,16.138252,13.95402,17.445955,17.90153,15.7774935,17.39197,14.304353,18.00318,13.325196,17.306324,15.387282,20.189352,20.43688,23.791458,26.535233,28.715853,30.371088,29.051256,33.47402,33.58227,36.209637,32.22226,34.97807,30.53198,32.57847,34.140938,32.432487,28.896832,31.550867,28.346254,28.273088,31.524271,28.005533,31.642023,29.321095,33.63352,29.073853,25.55138,26.857634,24.095505,27.726051,25.715618,24.697258,26.58108,26.660688,27.125492,29.665386,27.605284,24.023664,22.106083,20.112146,20.941843,18.935114,19.543652,20.370739,18.831238,21.813164,20.222998,22.438702,22.038282,26.223427,22.667097,23.002121,19.187078,20.75014,15.780579,18.963476,16.311018,18.531197,15.395497,12.103633,13.908115,11.704123,15.361695,15.647939,20.107876
17,19.517014,16.390295,14.157915,9.848796,8.155192,6.662924,4.682998,7.370664,6.955587,11.063841,12.775494,16.151522,15.275391,12.873035,9.636827,5.800969,4.5596323,0.0,5.737012,6.641238,10.060902,12.893223,15.939238,15.66305,19.572947,18.441326,19.821974,17.737923,10.485216,11.874977,6.718964,12.385032,8.270586,14.41022,13.219931,16.827099,17.186245,14.796432,15.0932665,11.6509695,14.527752,9.180636,12.863385,10.94113,15.64494,16.280344,19.650072,22.519613,24.525301,26.182245,24.856953,29.259151,29.611862,31.981125,27.865486,30.525497,26.011917,28.105183,29.655634,27.916714,24.383242,27.06852,23.878172,23.986368,27.364443,24.11634,27.851545,25.818237,30.203867,25.94076,22.18034,23.21914,20.072077,24.014957,21.65101,21.11187,22.95034,22.910915,23.679451,26.124563,24.459589,20.814865,18.641628,16.447699,16.818272,15.316004,15.296119,16.858217,15.392422,18.858986,17.75193,20.312136,20.487364,24.743307,21.344864,21.090303,17.6597,18.398602,13.355304,16.51669,13.496613,16.42805,12.953451,10.53617,13.1289,9.667855,14.056289,14.694653,18.796614
18,16.455479,14.139659,12.340489,7.5428762,8.403754,6.6042,8.820782,10.974617,12.164927,15.803695,17.298098,20.70175,18.83238,16.143543,12.608002,9.562968,5.901225,5.737012,0.0,5.1924686,7.0123334,8.9669485,12.480652,13.761845,17.966734,17.976637,20.053118,18.123959,11.417187,12.857124,8.363948,13.274672,9.484367,15.600854,15.569571,18.490318,20.023878,18.495808,18.709991,15.940149,17.794329,13.637428,16.45667,14.117667,18.536613,18.339586,22.25083,24.347317,26.791788,28.996815,28.324257,32.83791,33.818733,35.987904,31.736694,33.92206,28.965233,30.629656,31.519228,29.699282,26.209717,29.41148,26.968431,26.911394,31.123714,27.616955,31.129004,29.509277,34.296825,30.224617,26.501076,28.009497,24.595737,29.07838,26.274582,26.240356,27.668993,27.102312,27.662249,29.652027,27.721815,24.483646,21.316412,20.001846,20.75663,20.056961,19.787428,22.151846,20.436663,23.998503,22.564226,24.647306,25.172209,29.499765,26.46272,26.517464,23.074177,24.091053,19.042639,22.152407,18.712732,21.069935,17.063509,14.244166,17.386318,15.223683,19.543339,20.234642,24.452433
19,14.022326,10.712584,10.20601,5.0336957,4.992942,7.0587997,7.1765766,12.098487,13.236465,16.940395,19.394382,22.595348,21.610523,19.294024,15.534909,12.269484,9.230869,6.641238,5.1924686,0.0,4.3305964,6.5794115,9.780367,10.095396,13.576777,12.9387045,15.286788,13.856471,7.058658,10.134841,6.4227,13.105157,12.102,17.465378,18.169102,21.224066,22.423542,20.485277,19.632467,16.485622,17.327106,12.18137,13.849483,10.160112,14.579186,13.437317,17.433653,19.269669,21.848938,24.2031,23.865274,28.425814,29.77024,31.957747,27.85932,29.772238,24.740183,26.059292,26.975433,25.602625,22.119505,26.04671,23.77525,24.385515,28.705093,25.981264,29.634842,28.491177,33.175053,29.574091,25.59205,26.310932,22.353075,26.735788,22.980427,23.388466,24.170424,23.100483,23.570564,25.21137,23.35885,20.3806,16.642527,15.761843,16.751022,16.822704,16.787802,20.393684,19.31286,23.316168,22.72576,25.309425,26.150162,30.404646,27.26528,26.57091,23.514105,23.31845,18.512295,20.64838,16.464508,18.622837,14.190146,12.190869,16.166153,14.425551,18.966879,20.512856,24.212067
20,14.196031,11.300653,12.384115,7.430174,8.773839,10.919782,11.361122,16.211899,16.945482,20.913528,22.68911,26.208195,25.063158,22.377865,19.011806,15.253226,12.431728,10.060902,7.0123334,4.3305964,0.0,4.788641,5.8978276,6.8399906,11.166334,12.147435,13.994171,12.326497,7.2779384,9.245229,7.3833942,12.233419,12.945588,17.290964,19.247719,21.706715,23.597717,22.236227,20.778578,18.217264,17.867447,14.11672,14.886782,11.9787,15.285185,14.3982115,18.613316,19.85525,22.429272,25.141996,25.237297,29.661772,31.604126,33.224655,28.898325,30.347767,25.023989,26.12931,26.329748,24.628153,21.297213,25.295053,23.765512,24.098057,29.08549,26.182825,29.54782,28.879345,33.850876,30.59371,26.688498,27.851732,23.751396,28.73275,24.932829,26.018972,26.751848,25.452894,26.142159,27.404797,25.86594,23.173677,18.83934,18.348686,18.878119,19.80745,18.727829,22.816648,21.380423,25.430391,24.668928,26.874186,28.256989,32.52559,29.887913,29.298117,26.461187,26.407103,21.673172,24.16973,20.106365,22.505056,18.028933,16.382505,20.442022,18.306496,22.919806,24.188707,27.841082
21,9.725427,7.6401906,9.3848915,5.800541,8.808634,11.069565,13.308682,17.525839,19.526133,22.944464,25.54603,28.685034,27.203993,24.854435,20.836597,18.094486,14.245397,12.893223,8.9669485,6.5794115,4.788641,0.0,5.631191,8.707481,11.128751,12.019494,15.534033,14.991705,10.685259,13.676946,11.801758,17.003592,16.975357,21.775755,23.359798,25.90254,27.801733,26.341297,25.301937,22.541002,22.564602,18.24508,19.01539,15.075442,18.586704,16.186378,20.254816,20.832825,23.83805,26.726402,27.2807,31.765097,33.819496,35.81893,31.84142,33.086975,27.80753,28.38152,28.531525,27.44532,24.239153,28.908283,27.580042,28.30569,33.25796,30.7,34.1057,33.51636,38.407375,35.16598,31.202393,32.008564,27.788475,32.38971,28.04305,28.930962,29.076921,27.37352,27.504044,28.449827,26.367937,24.139986,19.513254,19.860683,21.31055,22.19947,22.202997,26.516045,25.471018,29.561268,28.949068,31.31506,32.423626,36.707104,33.748276,33.096226,30.07491,29.805622,25.060566,26.884062,22.348227,23.80508,19.171515,17.18816,21.383604,20.772112,25.206425,26.983448,30.677986
22,13.496447,11.393491,14.548334,10.973471,13.0445795,15.942801,16.727962,21.80276,22.77567,26.678553,28.571228,32.089657,30.927734,28.222105,24.8014,21.12662,18.144903,15.939238,12.480652,9.780367,5.8978276,5.631191,0.0,4.6389246,7.681492,10.76213,12.739203,11.932994,10.377486,12.042255,12.36996,15.697934,18.093277,21.390984,24.279749,26.261452,28.558117,27.516188,25.504107,23.295103,21.869595,18.891567,18.49856,15.545395,17.598015,15.879595,19.933338,20.003757,22.711203,25.856411,26.77619,30.965452,33.675484,34.874725,30.665028,31.36633,25.897064,26.287703,25.637667,24.16387,21.243942,25.8486,25.379131,25.903383,31.409641,28.924969,31.964373,32.0145,37.05273,34.384792,30.534107,31.601803,27.245049,32.39465,28.04123,29.781904,29.93633,28.079988,28.662714,29.23418,27.837805,25.819025,20.774096,21.216484,21.815178,23.705503,22.381594,27.24942,25.966274,30.097055,29.562006,31.637508,33.419968,37.619873,35.25452,34.48845,31.90711,31.487532,26.96988,29.094551,24.775589,26.8364,22.255466,21.031614,25.344767,23.710997,28.291885,29.808079,33.251976
23,16.274277,13.222016,16.429432,12.570769,13.3329,16.987995,16.052773,21.942347,22.076958,26.148537,27.868277,31.432457,30.90354,28.219244,25.161264,20.961744,18.855677,15.66305,13.761845,10.095396,6.8399906,8.707481,4.6389246,0.0,5.5024633,8.43828,8.657549,7.328895,7.413265,8.675847,10.580791,13.551518,17.588127,20.11683,23.33422,25.332003,27.291182,26.09243,23.36865,21.2185,19.009127,16.292168,14.964891,12.453995,13.526972,12.410161,16.354275,16.549847,18.906696,22.005867,22.86923,26.90357,29.78897,30.626472,26.322224,26.909084,21.412657,21.90771,21.220972,19.579473,16.619438,21.257208,20.886044,21.591057,27.111443,24.995354,28.011896,28.341093,33.25047,30.939243,27.085247,27.883026,23.417038,28.627213,24.209562,26.397413,26.550467,24.707317,25.651579,26.150526,25.312878,23.266685,18.266617,18.473879,18.405382,20.876598,18.84412,24.090078,22.957876,27.112793,26.975683,29.15045,31.222004,35.264484,33.103653,31.999588,29.832443,28.939085,24.779451,26.754202,22.636816,25.108139,20.74287,20.297373,24.578007,22.25118,26.771378,28.281384,31.312199
24,15.389597,12.525835,16.95046,14.577598,15.223752,19.747194,18.813599,24.947947,25.600504,29.301039,31.806093,35.030247,34.756943,32.416348,28.958075,25.204334,22.788391,19.572947,17.966734,13.576777,11.166334,11.128751,7.681492,5.5024633,0.0,5.0219455,6.546684,7.999095,10.446319,12.882794,14.973159,18.579014,22.70226,25.364155,28.404982,30.576447,32.267624,30.780853,27.925945,25.531164,23.225378,19.89956,17.917345,14.422186,14.813177,11.788228,15.043228,13.899332,16.53469,19.914034,21.643152,25.44909,28.835018,29.748602,26.017216,25.99734,20.709736,20.227762,19.2867,18.783262,16.267792,21.961723,22.112011,23.666273,28.929827,27.838879,30.809381,31.555405,36.120815,34.264748,30.370811,30.342058,25.660666,30.266762,24.97934,27.40525,26.614965,24.116272,24.634663,24.390875,23.524961,22.322609,16.893171,18.23519,18.75893,21.867855,20.664408,26.544186,26.120306,30.332714,30.798264,33.289467,35.29807,39.213795,36.845848,35.29594,33.319542,31.632305,27.826519,28.760725,24.24442,25.924654,21.645678,21.757078,26.158432,24.894926,29.162262,31.309282,33.95654
25,14.587355,10.996486,15.033129,13.422982,13.049864,18.154581,16.536095,22.788126,23.648998,26.906063,30.112755,32.90623,33.036453,31.14316,27.462046,24.171093,21.85224,18.441326,17.976637,12.9387045,12.147435,12.019494,10.76213,8.43828,5.0219455,0.0,5.830609,8.412147,9.474107,13.310571,14.645786,19.630783,23.046417,26.317762,28.552452,31.204369,32.26959,30.246778,27.613426,24.728865,23.052631,18.521774,16.595764,11.9400625,12.743219,8.022844,10.998792,9.8452215,12.943376,16.215076,17.919237,21.945578,25.022509,26.594595,23.273125,23.544506,18.533823,17.946083,18.000614,18.351881,15.647826,21.723434,21.122913,23.354782,27.896719,27.401712,30.693447,31.15711,35.344795,33.381718,29.369709,28.537382,23.806541,27.643389,21.83905,23.914583,22.610592,19.873592,20.02544,19.72572,18.59746,17.557987,12.05429,13.860501,15.064543,18.124058,18.074297,24.077213,24.329071,28.545107,29.507868,32.44529,34.06921,37.87454,35.081318,33.170994,31.242662,28.932375,25.404882,25.429258,20.670427,21.781233,17.6823,18.304619,22.608294,22.078672,26.015821,28.671171,30.977766
26,20.10159,16.433233,20.032282,17.387135,16.541292,21.361898,18.511003,25.098606,24.739405,28.37089,30.670258,33.752327,34.319298,32.15802,29.223907,25.148344,23.845522,19.821974,20.053118,15.286788,13.994171,15.534033,12.739203,8.657549,6.546684,5.830609,0.0,3.981976,9.41175,11.249679,14.477793,17.59658,22.783422,24.643595,27.602816,29.835323,30.880508,29.118418,25.626589,23.297726,20.375803,17.285376,14.116687,11.359719,9.7848215,7.509766,9.920507,9.016109,10.869706,14.128918,15.7350855,19.306372,22.894922,23.373396,19.597166,19.464655,14.170189,13.800794,13.170067,12.778991,10.109562,16.183954,16.234047,18.426203,23.244328,23.030426,25.988825,27.009354,31.124762,29.776203,25.967163,25.252758,20.54468,24.825827,19.388664,22.392666,21.49059,19.032305,20.100784,19.769287,19.872145,18.64951,13.704304,14.581401,14.025213,17.957275,16.026299,22.23253,22.278133,26.322638,27.464676,30.12281,32.309807,35.876595,33.720463,31.683638,30.331293,27.918016,24.842857,25.310993,21.280716,23.374422,19.728073,20.958614,24.985481,22.972317,26.856907,28.987375,30.923113
27,21.320604,17.545837,20.539177,16.988934,16.087992,20.361057,17.205381,23.713253,22.740454,26.68887,28.280273,31.646406,32.161964,29.735147,27.235975,22.720278,21.89974,17.737923,18.123959,13.856471,12.326497,14.991705,11.932994,7.328895,7.999095,8.412147,3.981976,0.0,7.3774896,7.682871,11.690875,13.802964,19.56481,20.884274,24.142431,26.16307,27.338448,25.80939,22.116705,20.082817,16.777258,14.492428,11.254235,9.812733,8.036577,8.311863,11.286592,11.683321,13.062059,15.929221,16.71409,20.342285,23.56817,23.761652,19.404139,19.712952,14.203196,14.831578,14.234265,12.489739,9.369723,14.452245,14.222952,15.691818,20.955084,19.96978,22.937038,23.815344,28.240013,26.695778,22.910746,22.854593,18.234818,23.202991,18.528717,21.562849,21.510527,19.649912,21.194963,21.45443,21.704195,19.818188,15.292479,15.149694,13.796381,17.391174,14.303976,20.173582,19.63105,23.647923,24.428778,26.824512,29.225657,32.840572,30.974728,29.200623,27.852188,25.953045,22.71515,24.033903,20.425274,23.282906,19.635153,20.594133,24.501755,21.468819,25.52597,27.114202,29.235289
28,17.82506,13.79072,15.133811,10.9040985,9.4576435,13.212742,10.010635,16.418737,15.806013,19.777603,21.72784,25.04557,25.1961,22.863117,19.996317,15.769582,14.639944,10.485216,11.417187,7.058658,7.2779384,10.685259,10.377486,7.413265,10.446319,9.474107,9.41175,7.3774896,0.0,5.0946603,5.3571396,10.948543,13.960896,17.213942,19.141651,21.87798,22.797361,20.82399,18.28818,15.418091,14.1773815,9.59862,8.754586,5.2687263,8.051445,7.9615335,12.038497,13.985093,16.03977,18.455618,18.215773,22.574179,24.518103,25.968653,21.628254,23.192822,17.973494,19.359732,20.109716,18.56541,15.068618,19.161242,17.158161,18.178837,22.75116,20.733568,24.327957,23.886652,28.47285,25.658865,21.593452,21.818417,17.379385,22.15694,17.910347,19.49185,20.088282,18.788937,19.947384,21.229002,20.431389,17.6046,13.509119,12.439692,12.047459,13.808185,12.038378,17.05169,16.263174,20.516376,20.754992,23.476875,25.105667,29.09297,26.489798,25.093569,22.929924,21.666233,17.576382,19.345192,15.371088,18.323294,14.234918,14.222232,18.185162,15.179626,19.599176,21.196226,24.000631
29,22.094751,18.328814,19.581724,14.8157015,13.713718,16.360575,12.969468,18.721321,16.873316,21.23674,21.732468,25.505089,25.722414,22.925747,21.061172,16.017487,16.024723,11.874977,12.857124,10.134841,9.245229,13.676946,12.042255,8.675847,12.882794,13.310571,11.249679,7.682871,5.0946603,0.0,5.1720595,6.5527153,12.012552,13.444908,16.493547,18.593079,19.864758,18.490345,15.127503,13.149209,10.418221,8.552617,7.095943,7.796747,8.443516,11.363063,14.88909,17.006563,18.321632,20.51054,19.92546,23.843718,25.840582,26.413591,21.582922,23.115154,17.894869,19.877401,20.128736,17.433588,14.060232,16.724304,14.950199,14.885908,20.006363,17.124777,20.443806,20.138348,25.091026,22.402653,18.534912,19.792683,15.648781,21.334494,18.265402,20.332949,21.783594,21.05261,22.872215,24.291018,24.164446,21.172226,17.601105,15.934554,14.209196,16.0368,12.182829,16.490562,14.7438,18.743935,18.495413,20.60093,22.885775,26.805975,24.991179,23.919977,22.10694,21.510761,17.606457,20.559422,17.639923,21.48493,17.890478,17.924751,21.395931,16.90973,21.230858,21.859344,24.610672
30,20.089025,16.445795,16.375118,11.397613,10.055387,11.635291,8.495985,13.752193,12.258515,16.670357,17.512016,21.249563,21.054722,18.316036,16.03491,11.188165,10.876196,6.718964,8.363948,6.4227,7.3833942,11.801758,12.36996,10.580791,14.973159,14.645786,14.477793,11.690875,5.3571396,5.1720595,0.0,7.3992653,8.627209,12.46177,13.92586,16.776264,17.797873,15.980248,13.99144,11.16924,10.986125,6.833585,8.35639,7.4631777,10.82076,12.589469,16.306177,18.8759,20.617725,22.621042,21.673147,25.932314,27.194605,28.633087,24.058165,26.172287,21.20978,23.27216,24.176022,21.955603,18.462856,21.170727,18.621172,18.615181,22.941778,19.753836,23.349627,22.15574,26.965034,23.442574,19.508162,20.764088,16.954847,22.037582,19.208958,20.124523,21.810186,21.363806,22.749054,24.67082,23.819683,20.439966,17.299255,15.312514,14.515596,14.883285,12.582708,15.855324,14.070076,18.073061,17.369553,19.741673,21.210346,25.404066,22.899052,22.17153,19.617956,19.596607,15.0087595,18.245483,15.123914,18.791956,15.039684,14.149694,17.483938,13.168925,17.722519,18.351234,21.713886
31,26.300327,22.951023,23.307291,18.10125,17.343906,18.182158,15.336483,19.42024,16.574224,21.072563,19.719576,23.931183,23.789366,20.466934,19.86747,14.369295,15.625215,12.385032,13.274672,13.105157,12.233419,17.003592,15.697934,13.551518,18.579014,19.630783,17.59658,13.802964,10.948543,6.5527153,7.3992653,0.0,7.9828863,7.113422,11.28173,12.572962,14.522818,14.120778,10.747795,10.149822,7.3006983,9.274025,9.762335,12.814455,13.633694,17.588223,20.864006,23.345041,24.368002,26.211258,25.07753,28.711653,30.16681,30.421566,25.392923,27.27862,22.483616,25.038307,25.209291,21.75401,18.70727,19.43031,17.497114,15.848128,20.661137,16.176046,19.046143,18.04974,23.343801,20.095577,16.735186,19.716143,16.680492,22.698404,21.482878,23.083632,25.598013,25.667147,27.757513,29.64215,29.592138,26.212135,23.335752,21.05498,18.954527,19.745665,15.251404,17.385155,14.346901,17.539795,15.940257,16.96824,19.54869,23.504038,22.44745,22.3318,20.460579,21.46971,17.526815,22.046295,20.322208,24.745356,21.599123,21.013447,23.777504,18.152483,22.206522,21.526937,24.59405
32,25.574745,22.71939,21.308138,16.348799,15.696219,14.144529,12.668816,14.104551,11.424918,15.623612,13.650172,17.96723,16.821157,13.2246065,12.876278,7.6435814,9.548795,8.270586,9.484367,12.102,12.945588,16.975357,18.093277,17.588127,22.70226,23.046417,22.783422,19.56481,13.960896,12.012552,8.627209,7.9828863,0.0,6.6216784,6.405084,9.180241,10.910072,10.130542,10.144515,8.713251,10.841992,10.269977,13.728984,15.198731,18.175371,20.992842,24.405357,27.314264,28.794197,30.451178,28.924232,32.918194,33.47493,34.754784,30.061207,32.617958,28.076193,30.70176,31.598642,28.689499,25.39437,26.477354,23.680368,22.326015,26.023758,21.387968,24.481306,22.277973,27.096912,22.725191,19.55454,22.503986,20.15081,25.136112,24.419239,24.536173,27.37839,27.864222,29.426378,31.892006,31.017899,27.262323,25.056206,22.490665,21.405361,20.474854,17.893116,18.341637,15.277782,17.962976,15.402557,16.454655,17.511976,21.788265,19.853863,20.660517,17.664099,20.110485,15.492268,20.597525,19.175161,23.186325,20.277782,18.451862,20.425854,15.114312,18.906134,17.640625,21.601831
33,31.014605,28.005857,27.306612,22.151073,21.444328,20.5935,18.33275,20.238003,16.642317,20.654572,17.336422,21.646519,21.12942,17.517168,18.574791,13.458621,16.138252,14.41022,15.600854,17.465378,17.290964,21.775755,21.390984,20.11683,25.364155,26.317762,24.643595,20.884274,17.213942,13.444908,12.46177,7.113422,6.6216784,0.0,5.778155,5.619689,8.500542,9.599816,7.6845884,9.051208,8.646121,12.488553,14.648548,18.265182,19.587019,23.83101,26.90278,29.800737,30.695124,32.180157,30.507864,33.974155,34.69509,35.01459,30.069418,32.425182,28.153564,31.116453,31.573973,27.90882,25.033617,24.601412,22.24156,19.800976,23.459352,18.051947,20.374723,18.291025,23.272457,19.269922,16.795403,21.008755,19.38728,24.871445,25.32062,26.09719,29.433868,30.236544,32.38668,34.758194,34.62199,30.90157,28.806637,26.020458,23.895866,23.5576,19.330095,19.204952,15.45612,17.30958,14.250767,13.906635,16.180758,19.9958,19.63191,20.744764,18.74858,21.555372,17.877432,23.484968,22.992779,27.598543,25.078785,23.963694,25.779673,19.584589,22.930288,20.942398,24.185444
34,31.778013,28.828468,27.086382,22.35028,21.218878,19.290316,17.103676,17.23292,13.205657,16.524174,12.228219,16.428871,15.838052,12.302101,14.398084,10.058132,13.95402,13.219931,15.569571,18.169102,19.247719,23.359798,24.279749,23.33422,28.404982,28.552452,27.602816,24.142431,19.141651,16.493547,13.92586,11.28173,6.405084,5.778155,0.0,3.9527266,4.550168,4.906086,6.6216784,7.363249,10.591206,12.5728,16.126795,19.180103,21.413364,25.306879,28.161264,31.483236,32.442398,33.59941,31.496325,35.045834,34.998627,35.967224,31.34099,34.237625,30.325949,33.449093,34.582405,31.331427,28.285818,27.997608,24.842499,22.797024,25.400194,20.255611,22.872032,19.904512,24.220078,19.459236,17.13878,20.954569,19.94205,24.432514,25.442984,25.184883,28.83298,30.087091,32.00326,34.801243,34.35158,30.399761,29.100023,25.964766,24.220772,22.749483,19.6263,18.078396,14.489971,15.696939,12.112315,11.907156,12.758561,16.73982,15.6894,17.438087,14.852654,18.673359,15.008355,20.89759,21.0988,25.499975,23.578026,22.124002,23.048874,16.863111,19.519802,16.872534,20.333939
35,34.71811,31.879591,30.404688,25.517595,24.67073,22.813358,20.852812,21.089079,17.1481,20.344017,15.643265,19.646103,18.953917,15.445875,17.958866,13.847188,17.445955,16.827099,18.490318,21.224066,21.706715,25.90254,26.261452,25.332003,30.576447,31.204369,29.835323,26.16307,21.87798,18.593079,16.776264,12.572962,9.180241,5.619689,3.9527266,0.0,4.309017,7.149433,8.070149,10.298343,12.070603,15.684837,18.643734,22.267931,23.957577,28.227932,31.092962,34.301655,35.12275,36.31369,34.25268,37.61094,37.71323,38.241722,33.497932,36.22854,32.373013,35.566597,36.379658,32.765522,29.92714,29.027939,26.250135,23.65811,26.296234,20.759472,22.78559,19.925512,24.222164,19.725952,18.019632,22.532024,21.920439,26.607933,28.095406,28.146925,31.933672,33.24155,35.345303,38.061756,37.82706,33.91396,32.48274,29.377985,27.344673,26.181324,22.478298,20.850653,17.043892,17.76345,13.929255,12.617561,13.996087,17.445465,17.487938,19.59889,17.542376,21.60548,18.395834,24.365377,24.799492,29.317743,27.39783,26.016441,26.99763,20.737206,23.271618,20.391153,23.5705
36,36.144722,33.079712,31.255863,26.627375,25.21031,23.294283,20.648514,20.36326,15.826515,18.439047,13.148195,16.800959,16.869871,13.824278,17.081299,13.4835615,17.90153,17.186245,20.023878,22.423542,23.597717,27.801733,28.558117,27.291182,32.267624,32.26959,30.880508,27.338448,22.797361,19.864758,17.797873,14.522818,10.910072,8.500542,4.550168,4.309017,0.0,3.8015053,6.415473,8.791799,11.8762455,15.106951,18.357492,22.184818,23.863531,28.321453,30.768442,34.28992,34.884655,35.695797,33.256596,36.42875,35.99454,36.69611,32.205357,35.265194,31.866198,35.258945,36.536438,33.130116,30.313437,29.134903,25.821795,23.408842,25.100895,19.84452,21.987719,18.554203,22.255827,17.375761,15.914647,20.179523,20.214603,24.15447,26.345675,25.900297,29.980087,31.704449,33.844807,36.790676,36.67136,32.671528,31.938675,28.517143,26.363518,24.674095,21.25994,18.51919,14.85343,14.793659,10.735935,9.233252,9.916443,13.3318815,13.331199,15.741388,13.843302,18.354574,15.739513,21.736418,22.978918,27.519188,26.24061,25.136532,25.4874,18.99112,20.813011,17.445038,20.216015
