,0,1,2,3,4,5,6,7,8,9,10,11,12,13,14,15,16,17,18,19,20,21,22,23,24,25,26,27,28,29,30,31,32,33,34,35,36,37,38,39,40,41,42,43,44,45,46,47,48,49,50,51,52,53,54,55,56,57,58,59,60,61,62,63,64,65,66,67,68,69,70,71,72,73,74,75,76,77,78,79,80,81,82,83,84,85,86,87,88,89,90,91,92,93,94,95,96,97,98,99,100,101,102,103,104,105,106,107,108
0,0.0,4.2706647,6.4402795,9.552096,12.10441,14.558733,17.656796,21.72459,24.746729,27.318262,31.6445,29.197927,26.940939,25.95279,21.070488,21.38215,16.530922,16.622187,15.460537,14.524322,17.35729,14.333654,19.913694,22.319225,22.726469,24.570522,24.32684,25.733189,22.35999,24.889122,24.069958,26.84308,32.56775,32.13884,36.610172,37.201687,40.49273,40.4461,36.755127,33.17492,36.094574,32.169514,31.053312,30.229942,28.713982,28.912683,25.7418,27.677711,27.390245,27.500887,25.989016,24.621767,22.504868,22.93892,21.452604,25.113214,25.081593,28.315872,31.5225,32.54544,28.992516,34.677048,33.025383,34.4292,37.176186,35.295902,38.3203,35.53581,40.495857,37.956814,33.190235,33.64459,30.46616,33.244705,31.108261,28.247866,30.804447,30.158667,31.113241,33.684097,30.93501,27.804125,26.535944,24.284807,23.524813,22.171688,20.388138,19.49101,16.513252,17.781767,16.19469,17.873892,14.498223,16.063618,14.042271,14.309197,14.395165,18.488987,20.367144,20.246706,19.783243,18.179066,21.073627,21.405876,25.397305,25.325512,29.352552,30.563053,34.6493
1,4.2706647,0.0,5.2608657,6.5528975,8.708101,12.23536,14.246955,19.161076,21.590609,24.453054,28.547686,26.532162,24.707144,23.49276,18.810541,18.37292,13.785099,13.018869,12.283141,10.593014,13.735836,11.307589,16.864868,18.713047,19.423399,20.787731,20.519289,21.642694,18.125317,20.628777,19.915302,22.767654,28.672852,28.480585,32.84137,33.654842,36.821484,36.575993,32.912327,29.274494,32.01803,27.967613,26.860504,25.96289,24.525835,24.767218,21.739046,23.853075,23.808485,24.1305,22.862926,21.979332,20.296656,20.86271,18.974953,22.504143,21.799492,25.070312,28.322245,29.000673,25.309212,30.783504,28.994669,30.272028,32.99043,31.036856,34.049942,31.297432,36.259296,33.750214,29.00799,29.603195,26.360804,29.457314,27.23832,24.623865,27.364058,26.747486,27.992065,30.564604,28.137184,24.81942,23.402657,20.946707,19.755976,18.525257,16.283218,15.36964,12.334852,13.88394,12.821497,14.419286,11.358722,12.418157,11.136945,10.752444,11.986699,15.5317955,16.77438,16.837143,17.19145,16.596914,18.890965,18.6637,22.86295,21.947987,26.177954,27.117714,31.23514
2,6.4402795,5.2608657,0.0,5.1893034,6.7787747,8.579095,11.976616,15.4308,18.818491,21.045809,25.635729,23.298485,20.930351,20.335718,15.3566675,16.106203,11.962315,12.194082,12.97394,12.690281,16.55592,15.246291,20.796455,22.18392,23.630245,24.235994,23.69849,24.228237,19.31499,21.603872,19.790815,22.654345,27.35047,26.940428,31.268028,31.600138,35.173378,35.353622,31.913088,28.66115,31.426012,28.303091,26.81461,27.114147,24.97869,26.444338,23.707014,26.294891,26.838507,26.86954,25.409418,24.990238,23.072783,22.664948,19.885948,23.06058,22.246386,25.881567,28.344475,29.7138,26.184769,31.722929,29.419165,31.191414,33.103176,32.02118,34.916042,32.30532,37.501835,35.561066,30.996307,31.837496,28.123137,31.495123,28.214174,26.071558,28.14737,26.836891,27.742422,29.839176,27.079597,24.262936,21.949198,20.334871,19.401278,19.269712,16.70762,17.612368,14.93807,17.203995,16.960073,17.75299,14.351829,14.351457,11.552803,10.361878,10.17458,14.949992,16.664928,15.20826,14.778204,13.309879,15.262502,15.677068,19.14745,19.477726,23.335594,24.647385,28.72737
3,9.552096,6.5528975,5.1893034,0.0,3.808327,6.1555204,8.731752,13.225993,15.489005,18.603138,22.38225,20.067713,18.344051,16.952032,12.357365,11.914625,7.4115725,7.3123164,7.931696,8.2863035,12.254834,12.01351,17.229092,18.326756,20.82528,20.850025,21.187521,20.864792,16.131084,17.552841,16.203756,18.141918,23.593197,22.673117,27.298813,27.76214,31.027416,31.170036,27.446754,24.020102,27.28249,23.96265,23.026741,23.370853,21.842802,23.501278,21.339334,24.188951,25.013102,25.695568,24.83625,25.002554,23.839289,23.934698,20.918972,23.82974,21.885948,25.47728,27.991657,28.620363,24.83266,29.711626,26.981197,28.252853,29.793198,28.386614,30.95081,27.959951,33.19009,31.548512,26.940924,27.403101,23.54799,26.623669,23.164682,20.983374,22.960455,21.67997,22.667696,24.880953,22.29414,19.27353,17.243366,15.290997,14.466508,14.115841,12.124434,13.445334,11.709783,14.754272,15.367247,16.614092,14.312098,13.575533,12.489214,9.779822,11.73726,15.430919,15.726062,14.109656,15.409234,15.475779,15.9127655,15.458384,18.445473,17.345907,21.575727,21.99368,26.3805
4,12.10441,8.708101,6.7787747,3.808327,0.0,5.2898645,5.5768175,10.855875,12.973463,15.827702,19.929094,18.34132,16.852362,15.847823,11.461395,10.702623,7.7997866,6.233489,9.375278,8.7705145,13.047618,13.739604,18.405394,18.551908,20.953556,20.303144,19.900204,19.376371,13.666455,15.396979,13.25492,15.995595,20.657076,20.452137,24.668945,25.251299,28.693176,28.679823,25.288393,22.048712,24.647285,21.68087,20.187496,20.992912,18.859598,21.086622,19.034685,22.12187,23.366232,23.803028,22.89604,23.541086,22.481928,22.12523,18.585535,21.127108,18.82703,22.516846,24.670345,25.472956,21.785233,26.653275,23.76902,25.363087,26.7212,25.810795,28.507776,25.917751,31.189598,29.649035,25.265156,26.321583,22.326555,26.198666,22.320276,20.891941,22.897793,21.364996,22.65108,24.541208,22.325127,19.402182,16.48631,14.847961,13.168108,13.958874,10.414172,12.713146,10.807905,13.953651,15.222801,15.542412,13.302217,11.667138,10.387136,6.879535,9.150931,12.411317,12.454192,10.361748,12.01075,12.832789,12.681758,11.854587,15.113883,13.719283,17.9868,18.622227,22.889605
5,14.558733,12.23536,8.579095,6.1555204,5.2898645,0.0,5.96876,7.4977837,10.808719,13.270167,17.414673,14.732029,12.515374,11.822227,6.9063325,8.139677,5.768574,7.258079,10.512024,12.308845,16.259346,17.305065,21.935505,22.29405,25.480366,24.57699,24.687443,23.560225,17.597181,18.359236,15.744208,17.22779,20.7628,19.41941,23.934109,23.7578,27.459984,28.157639,24.781532,21.99322,25.249626,23.32787,22.055204,24.015749,21.840378,25.011625,23.48662,26.780144,28.291834,28.789036,27.923126,28.724348,27.579226,26.880232,23.046238,25.308163,22.909771,26.69224,28.190659,29.317928,25.80405,30.30653,26.896307,28.57476,28.885464,28.584557,30.812061,28.04902,33.403584,32.612038,28.41858,29.146063,24.862501,28.183935,23.448238,22.163172,23.143503,20.946735,21.519743,22.921585,20.13141,17.947727,14.495644,14.011252,13.539673,15.025577,12.821549,16.438572,15.475683,18.916037,20.329588,20.797995,18.550335,16.817226,14.990132,11.48096,12.441511,16.269627,16.437943,12.959404,14.068829,14.06555,12.760966,12.660188,13.846343,13.840416,17.498009,17.967731,22.342535
6,17.656796,14.246955,11.976616,8.731752,5.5768175,5.96876,0.0,6.7630467,7.6286783,10.680493,14.527768,13.651682,12.863664,11.991875,8.69762,7.0980015,7.544898,5.3740015,10.858701,10.981338,14.775225,17.009958,20.633856,19.742151,22.916739,21.109056,20.717152,19.094658,12.504796,13.186231,9.947726,12.21474,15.488728,15.332829,19.33775,19.795254,23.401363,23.517355,20.395393,17.562237,19.934578,17.984613,16.25619,18.48881,16.001719,19.671684,18.58947,22.087713,24.08139,24.642324,24.096054,25.61745,25.054132,24.344004,20.202888,21.887466,18.572662,22.199017,23.485647,24.174652,20.683498,24.703802,21.07349,22.75244,22.94074,22.84845,25.171494,22.782717,28.11277,27.351816,23.429037,24.765484,20.448925,24.709282,19.807058,19.46776,20.82887,18.692118,20.034727,21.283346,19.48012,17.016144,12.93315,12.191718,10.029831,12.729559,8.548708,13.131416,12.50385,15.948977,18.270832,17.979845,16.582289,13.869514,13.197867,8.93973,11.354184,13.250856,12.080165,8.510795,11.498966,13.626724,11.239288,9.660836,11.423218,8.936531,13.214207,13.265531,17.694254
7,21.72459,19.161076,15.4308,13.225993,10.855875,7.4977837,6.7630467,0.0,5.237076,5.929054,10.767991,8.937455,7.007298,7.9723306,5.4697866,7.270377,10.009928,10.599579,15.500265,17.154507,20.766975,23.035448,26.757545,26.000843,29.566935,27.56768,27.23929,25.286205,18.506618,18.528477,14.717904,15.780325,16.094603,14.961105,18.651175,17.890493,22.075912,23.173302,20.61599,18.877249,21.35475,21.322542,19.514086,23.261625,20.420176,25.129488,24.511374,28.098316,30.375002,30.711107,30.02138,31.67852,30.86166,29.514685,25.01113,26.258287,23.141226,26.778202,27.022097,28.40466,25.402258,29.012041,24.951033,26.987738,25.812546,26.922863,28.713247,26.564072,31.77505,31.92797,28.493967,29.762201,25.290834,29.149126,23.349207,23.526773,23.673567,20.72122,21.224625,21.484035,19.27259,18.113495,13.017296,14.304075,13.484737,17.059101,14.22187,19.480059,19.245638,22.705973,24.979902,24.557247,22.814543,20.095835,18.390842,14.529975,15.137428,17.62093,17.070759,12.261885,13.743069,14.786148,10.88588,10.487779,8.501085,9.116766,11.539552,11.819476,15.95157
8,24.746729,21.590609,18.818491,15.489005,12.973463,10.808719,7.6286783,5.237076,0.0,4.6490965,6.9607415,6.7251678,7.539279,7.05442,7.415972,5.9790354,10.793312,10.30059,15.331726,16.85839,19.771437,22.975945,25.702208,24.254124,28.321661,25.63063,25.7267,22.98108,16.62019,15.492636,11.929254,11.597586,11.309259,9.738111,13.606002,13.088467,17.08501,18.052877,15.379971,13.760984,16.376093,16.811369,15.411855,19.752714,17.432735,22.563581,22.782984,26.42932,29.011332,29.780807,29.627363,31.796932,31.611399,30.630962,26.165455,27.048243,23.092047,26.395079,26.544264,27.127632,24.142435,26.731226,22.283712,23.804604,21.890476,23.042904,24.349957,22.126823,27.220745,27.904469,24.81935,26.001028,21.53203,25.360434,19.198936,20.149937,19.9749,16.884573,17.672653,17.602362,16.18911,15.1323595,9.647704,11.31621,10.108707,14.559808,12.007465,17.83766,18.608768,22.106573,24.980503,24.555677,23.740347,20.636082,20.211823,16.016376,17.85873,19.060665,17.27291,12.966274,15.99594,18.35166,14.093113,12.598973,10.543514,7.9830065,10.422218,8.732908,13.221689
9,27.318262,24.453054,21.045809,18.603138,15.827702,13.270167,10.680493,5.929054,4.6490965,0.0,5.9214745,6.926871,7.191717,8.940524,9.749155,10.184219,14.658439,14.465073,19.649435,20.983492,24.142826,27.137466,30.074997,28.52959,32.262768,29.517267,28.982391,26.439661,19.668085,19.010561,14.847416,15.30045,12.496272,11.903205,14.285823,13.1164055,17.588335,18.87809,17.25849,16.61343,18.0626,19.71003,17.628096,22.589224,19.54172,25.137304,25.34803,28.971914,31.733171,32.060966,31.6482,33.926975,33.51353,31.93944,27.214832,27.677958,23.989134,27.245426,26.599499,27.854574,25.348663,27.888466,23.433632,25.52411,23.086126,25.280703,26.583055,25.035265,29.893232,30.813328,28.136564,29.76973,25.391172,29.526518,23.271086,24.606983,24.250967,21.021227,21.615917,21.021132,19.691505,19.23578,13.629388,15.818252,14.647588,19.192799,16.200068,21.950302,22.289192,25.58009,28.382147,27.468752,26.308605,23.08605,21.91659,18.067995,18.860651,20.005327,18.700783,13.863264,15.874611,17.91136,12.957823,11.978801,7.872552,7.612421,7.971285,7.25453,10.90534
10,31.6445,28.547686,25.635729,22.38225,19.929094,17.414673,14.527768,10.767991,6.9607415,5.9214745,0.0,5.390061,8.595974,9.109569,12.417446,11.626375,16.993284,16.848621,21.418514,23.21011,25.593452,29.246613,31.324224,29.430191,33.798477,30.548706,30.75202,27.433514,21.533255,19.580729,16.234875,14.561517,10.337215,7.9686546,9.933161,7.851238,12.218564,14.203895,12.814196,13.210139,15.090419,18.030348,16.920088,22.459127,20.353678,26.134882,27.22887,30.805397,33.750645,34.569687,34.67208,37.29338,37.383354,36.190067,31.581657,31.842468,27.582022,30.48608,29.745886,30.231869,27.825,29.17227,24.395342,25.754072,22.162582,24.47984,24.84991,23.162897,27.610989,29.49183,27.367706,28.551723,24.324759,27.769167,21.160126,23.22789,21.97163,18.508482,18.840368,17.404982,16.869083,17.280243,11.929821,14.977407,14.420481,19.169792,17.481953,23.362267,24.714996,28.06259,31.232605,30.584448,30.132153,26.792679,26.532804,22.4609,24.04383,24.655222,22.567402,18.293348,21.141502,23.647247,18.70367,17.335379,13.4212675,11.4714775,11.22795,8.148989,10.993956
11,29.197927,26.532162,23.298485,20.067713,18.34132,14.732029,13.651682,8.937455,6.7251678,6.926871,5.390061,0.0,4.0633616,4.207353,8.46388,8.998136,13.990614,15.248351,19.120272,21.955517,24.469282,27.710964,30.323296,29.211267,33.871468,31.161472,31.919615,28.816742,22.969631,21.126633,18.11945,16.16662,14.560666,10.740486,14.362171,12.24333,16.037968,18.354795,15.993017,15.569456,19.042484,20.822622,20.25037,25.080559,23.298634,28.59123,29.19335,32.823032,35.434002,36.38243,36.32422,38.48642,38.266174,37.24815,32.739395,33.586758,29.69032,32.94528,32.751465,33.398556,30.592361,32.676567,28.022503,29.287348,26.379566,27.879408,28.39872,25.9875,30.723688,32.30675,29.580172,30.12683,25.725212,28.412943,21.82969,22.880194,21.335203,17.707014,17.314892,16.138702,14.360964,15.038225,9.8060465,13.286573,14.036324,18.10644,17.52448,23.305508,24.59522,28.251875,31.05938,31.004879,30.139212,27.195486,26.539755,22.379854,23.78612,25.511627,23.956852,19.460642,21.874653,23.47697,18.994696,18.208326,14.509304,13.780379,14.5557575,12.405876,15.853224
12,26.940939,24.707144,20.930351,18.344051,16.852362,12.515374,12.863664,7.007298,7.539279,7.191717,8.595974,4.0633616,0.0,3.9445949,6.2415676,8.963288,12.913496,14.913792,18.725142,21.734838,24.707468,27.36854,30.66135,30.025581,34.410267,32.15267,32.674526,30.052298,23.83745,22.678862,19.399899,18.385033,17.518902,14.32458,18.04066,16.072697,20.027645,22.212942,19.793976,18.974318,22.371754,23.5853,22.65443,27.130728,24.965845,30.056479,30.106075,33.743553,36.16211,36.862175,36.469776,38.29399,37.674744,36.462242,31.95152,33.05691,29.658592,33.147842,33.06557,34.196983,31.315226,34.115616,29.658018,31.270687,28.929295,30.328396,31.268467,28.834616,33.781395,34.911297,31.838432,32.45962,27.972267,30.777807,24.41063,24.851393,23.656303,20.15672,19.6649,18.951036,16.476274,16.832857,11.812793,14.790751,15.615797,19.260252,18.387337,23.968498,24.67079,28.35817,30.801409,30.797802,29.372105,26.679129,25.309023,21.346111,22.092436,24.57178,23.704355,18.936808,20.53861,21.318651,17.15555,17.001724,13.296491,14.131278,15.117453,14.109032,17.668375
13,25.95279,23.49276,20.335718,16.952032,15.847823,11.822227,11.991875,7.9723306,7.05442,8.940524,9.109569,4.207353,3.9445949,0.0,5.071202,6.245589,10.48185,12.658975,15.858448,19.292337,21.843466,24.73127,27.682442,27.133644,31.874834,29.618414,30.758417,27.897736,22.271616,20.597,18.008497,16.072659,16.655447,12.568914,17.138783,15.525957,19.007284,21.04902,17.946545,16.62716,20.920225,21.500626,21.244377,25.295921,23.813576,28.53754,28.737696,32.332,34.62917,35.710167,35.584732,37.38259,37.014587,36.275238,31.976198,33.29423,29.63563,33.070675,33.45741,34.04028,30.89732,33.511387,29.045073,30.168547,28.008297,28.72858,29.495062,26.584137,31.551447,32.67522,29.441797,29.591778,25.132673,27.41696,21.124292,21.289,19.931725,16.456684,15.859974,15.401745,12.731694,12.918677,8.088844,11.143037,12.606945,15.905467,16.014294,21.455292,22.66263,26.451492,28.959017,29.373068,28.324688,25.736403,25.03463,20.874556,22.416512,24.768356,23.474083,19.168081,21.502592,22.662342,18.837326,18.227268,15.507548,14.835029,16.653742,14.91293,18.909796
14,21.070488,18.810541,15.3566675,12.357365,11.461395,6.9063325,8.69762,5.4697866,7.415972,9.749155,12.417446,8.46388,6.2415676,5.071202,0.0,4.8971896,6.9211907,9.659584,12.99295,16.222324,19.387184,21.563353,25.297035,25.21365,29.43868,27.751516,28.535196,26.34607,20.433512,19.712622,16.977888,16.44492,18.420465,15.495581,20.191647,19.182167,22.867483,24.353529,21.065544,19.00805,22.977224,22.450542,21.729408,25.005156,23.167002,27.36767,26.839895,30.371935,32.364067,33.206184,32.752056,34.13122,33.40307,32.637585,28.47756,30.18795,27.044449,30.689552,31.493965,32.386417,29.058771,32.534996,28.434626,29.848463,28.699827,29.015562,30.43113,27.512194,32.744205,33.05855,29.340103,29.694405,25.209604,27.908344,22.157534,21.57637,21.177198,18.173634,18.01186,18.488424,15.510322,14.536041,10.210046,11.651699,12.484536,15.113196,14.3997755,19.35884,19.761745,23.514265,25.589886,26.074448,24.500357,22.240332,21.010061,17.05124,18.262037,21.306267,20.633444,16.411316,18.20206,18.772028,15.726053,15.446884,13.943739,13.885831,16.563913,15.888336,20.216885
15,21.38215,18.37292,16.106203,11.914625,10.702623,8.139677,7.0980015,7.270377,5.9790354,10.184219,11.626375,8.998136,8.963288,6.245589,4.8971896,0.0,5.454015,6.484349,10.207965,13.117322,15.79416,18.756914,21.729311,21.136925,25.695166,23.604992,24.786036,22.146313,16.725176,15.322611,13.192547,11.810795,15.125053,12.103245,17.212337,16.893383,20.13482,21.11573,17.391544,14.77865,19.07788,17.915178,17.672234,20.63908,19.411777,23.40988,23.270103,26.785095,28.846426,30.08166,30.039219,31.689548,31.46808,31.162252,27.15799,28.776867,25.070267,28.490238,29.5947,29.758707,26.279692,29.251146,25.098616,26.007998,24.94695,24.729198,26.012268,22.839104,28.07345,28.370438,24.633762,24.839016,20.354048,23.088528,17.328714,16.921722,16.770899,13.904662,14.339611,15.193507,12.8399515,11.052295,6.5615864,7.214267,7.5929666,10.590953,10.0918045,15.326689,16.46396,20.276205,22.777636,23.369965,22.56399,20.086327,20.032913,15.782833,18.24611,20.318825,18.721292,15.172242,18.232035,19.93445,16.871494,15.655262,15.038109,12.689312,16.018087,14.428399,19.010796
16,16.530922,13.785099,11.962315,7.4115725,7.7997866,5.768574,7.544898,10.009928,10.793312,14.658439,16.993284,13.990614,12.913496,10.48185,6.9211907,5.454015,0.0,4.5744047,6.1496606,9.851077,12.859614,14.753186,18.621977,19.081825,23.304243,22.173979,23.62204,21.74693,16.923756,16.355692,14.996905,14.523064,19.605877,17.055223,22.226006,22.211603,25.262028,25.964777,21.973799,18.809858,23.191204,20.766216,20.644592,22.255756,21.296143,24.147036,23.225552,26.488195,27.953856,29.212791,28.96466,29.950144,29.427097,29.50307,25.97371,28.24612,25.16946,28.700245,30.557182,30.75012,26.993967,30.722368,27.104595,27.941856,28.017422,26.951738,28.65927,25.20726,30.481316,29.97932,25.689796,25.557072,21.290394,23.615856,18.920137,17.1626,17.826817,15.7678795,16.200706,18.006514,15.162326,12.583533,10.202126,8.988638,9.613434,10.177177,10.261064,13.857347,14.335193,18.108559,19.878405,21.164543,19.949568,18.249714,18.04268,14.203226,16.703022,19.608553,18.658936,15.864812,18.369513,19.29417,17.625517,16.779438,17.623703,15.830151,19.727093,18.874775,23.50651
17,16.622187,13.018869,12.194082,7.3123164,6.233489,7.258079,5.3740015,10.599579,10.30059,14.465073,16.848621,15.248351,14.913792,12.658975,9.659584,6.484349,4.5744047,0.0,5.661817,6.851754,10.195581,12.789291,16.197393,15.817406,19.787312,18.253155,19.29665,17.367596,12.353113,12.034439,10.805625,11.177407,17.045263,15.679611,20.463747,21.145998,24.064901,24.108955,20.22261,16.729256,20.366138,17.270248,16.86687,17.980408,16.986658,19.597958,18.668966,21.95858,23.538937,24.841547,24.750427,26.00608,25.803972,26.025942,22.52492,24.63661,21.22191,24.600286,26.647694,26.48099,22.659819,26.302996,22.825052,23.583307,24.128836,22.80623,24.820168,21.574665,26.88447,25.98855,21.646296,21.992418,17.737484,20.97841,16.554953,15.202013,16.78846,15.13265,16.495302,18.477373,16.546885,13.404195,10.843932,8.693821,7.215125,8.115197,5.991995,9.85618,10.298728,14.128268,16.378366,17.28761,16.573862,14.479263,15.142915,11.106216,14.599181,16.456682,14.847808,12.741303,16.09958,18.027437,16.411907,14.851143,16.699879,13.5288515,17.866467,16.96046,21.531488
18,15.460537,12.283141,12.97394,7.931696,9.375278,10.512024,10.858701,15.500265,15.331726,19.649435,21.418514,19.120272,18.725142,15.858448,12.99295,10.207965,6.1496606,5.661817,0.0,5.294937,7.157515,9.061531,12.611011,13.639799,18.02619,17.423841,19.853886,18.189533,15.2284355,14.565802,15.021304,14.313397,21.496914,19.348467,24.465708,25.192274,27.549463,27.603302,23.263136,19.451576,23.901823,19.975645,20.586037,20.494045,20.66956,22.011086,20.941355,23.760714,24.673813,26.477427,26.609703,27.299625,27.195824,28.206835,25.440321,28.02083,24.954933,28.124956,30.825447,30.204819,26.217934,29.778337,26.692923,26.812057,27.875412,25.535343,27.323435,23.466919,28.506044,27.31693,22.657541,21.906895,18.10719,19.79835,16.563732,13.656576,15.504132,14.729989,15.785801,18.572884,16.352596,12.753924,12.591236,9.428926,9.607145,7.20794,8.824511,9.780363,10.79745,14.297103,15.788014,18.03311,17.645874,16.59401,17.854832,14.54153,18.141747,20.303972,18.90305,17.731476,20.802227,22.189465,21.395687,20.083887,22.17685,19.172075,23.511879,22.378952,26.954052
19,14.524322,10.593014,12.690281,8.2863035,8.7705145,12.308845,10.981338,17.154507,16.85839,20.983492,23.21011,21.955517,21.734838,19.292337,16.222324,13.117322,9.851077,6.851754,5.294937,0.0,4.2865252,6.2189927,9.837643,10.158499,13.560632,13.092474,14.841995,13.837917,11.291873,11.773807,12.754345,13.685666,21.244951,20.58655,25.067505,26.417934,28.735277,28.113726,24.075905,20.08124,23.36317,18.627253,18.728168,17.468864,17.572908,17.902023,16.295588,18.883844,19.560799,21.31882,21.469276,22.104282,22.2033,23.532677,21.122698,23.753405,20.788574,23.718088,26.889097,25.984224,21.945019,25.759327,23.239243,23.349895,25.45387,22.686394,25.055176,21.623516,26.55727,24.516035,19.690742,19.62236,16.146868,18.994736,16.729263,14.1895,17.293451,17.111767,18.985888,21.805176,20.328781,16.49976,15.912366,12.470239,10.762989,8.545832,7.2470603,5.7305493,5.6305385,9.016235,10.634139,12.806045,12.885161,11.945709,14.244627,11.444782,15.7461,16.925213,15.276991,15.4506035,18.748537,20.701122,20.538044,18.836243,22.146048,18.489681,23.053822,22.296585,26.611961
20,17.35729,13.735836,16.55592,12.254834,13.047618,16.259346,14.775225,20.766975,19.771437,24.142826,25.593452,24.469282,24.707468,21.843466,19.387184,15.79416,12.859614,10.195581,7.157515,4.2865252,0.0,4.7600183,6.0159693,6.610216,11.025265,10.714719,14.086716,12.757876,12.573291,12.14089,14.590902,14.379659,22.699795,21.786833,26.204927,27.821678,29.538317,28.679073,24.457336,20.2958,23.82362,18.463781,19.463823,17.248571,18.581465,17.947647,16.791237,18.908764,19.237928,21.649456,22.351414,22.965906,23.618696,25.61314,23.7351,26.279678,23.154968,25.64737,29.097214,27.489468,23.470863,26.577925,24.297226,23.649061,25.963007,22.355263,24.384745,20.57091,25.109766,22.89458,17.99742,17.064196,14.136907,15.94764,14.959614,11.710988,15.380817,16.10936,18.176952,21.363733,20.356344,16.329374,17.047823,13.12266,11.78164,8.059961,8.936508,5.207941,7.02969,9.361509,10.877005,13.811493,15.003036,14.456488,17.667313,15.227878,19.722445,20.349403,18.264927,19.023083,22.648394,24.84913,24.632288,22.741474,25.93799,21.722132,26.21906,24.962961,29.176239
21,14.333654,11.307589,15.246291,12.01351,13.739604,17.305065,17.009958,23.035448,22.975945,27.137466,29.246613,27.710964,27.36854,24.73127,21.563353,18.756914,14.753186,12.789291,9.061531,6.2189927,4.7600183,0.0,5.7150273,8.694503,10.93218,12.528542,15.337181,15.43449,15.500705,16.159365,18.201323,18.858793,26.933834,26.144617,30.63504,32.129047,34.07657,33.29453,29.103828,24.964783,28.368275,22.988348,23.621601,21.089584,22.042734,20.804152,18.846115,20.505516,20.124601,22.215204,22.513718,22.261957,22.457018,24.752804,23.492674,26.523375,24.264086,26.759579,30.609268,29.317446,25.32314,29.102505,27.334686,26.947878,29.865803,26.21356,28.545982,24.949007,29.334171,26.656485,21.735744,20.881496,18.43295,19.943913,19.606236,16.04941,19.614836,20.419771,22.160126,25.443487,23.99782,20.05062,20.834267,17.064981,16.058004,12.446204,12.899364,8.931819,8.584462,9.837105,9.557502,13.335207,13.882716,14.531404,17.27637,15.757064,19.695932,20.875427,19.650888,20.794647,23.612356,25.081823,25.815582,24.322096,28.05474,24.574242,29.152983,28.447245,32.69421
22,19.913694,16.864868,20.796455,17.229092,18.405394,21.935505,20.633856,26.757545,25.702208,30.074997,31.324224,30.323296,30.66135,27.682442,25.297035,21.729311,18.621977,16.197393,12.611011,9.837643,6.0159693,5.7150273,0.0,4.700019,7.6805634,9.3002,13.909679,13.518532,16.150042,15.900964,19.279661,19.029648,27.5334,26.852997,30.975975,32.886772,34.128178,32.926704,28.750734,24.56897,27.79665,21.858702,23.309225,19.744106,21.979855,19.716543,18.479383,19.555899,18.920929,21.793472,22.885159,22.950457,24.039234,26.94571,26.104778,28.750051,26.04902,27.951231,31.952755,29.751469,25.8849,28.60012,27.126364,25.858019,28.986467,24.477324,26.412043,22.647045,26.36379,23.445377,18.689486,17.030167,15.57183,16.072577,17.515356,13.829298,17.951332,19.729828,21.840418,25.274273,24.660912,20.650497,22.346058,18.28964,17.161669,12.963318,14.374815,9.223323,10.541001,10.751142,10.976811,14.745896,16.817492,17.276407,21.145784,19.637564,24.052874,24.22532,22.203676,23.938393,27.413513,29.571445,29.918745,28.000063,31.6223,27.228985,31.704947,30.424269,34.44256
23,22.319225,18.713047,22.18392,18.326756,18.551908,22.29405,19.742151,26.000843,24.254124,28.52959,29.430191,29.211267,30.025581,27.133644,25.21365,21.136925,19.081825,15.817406,13.639799,10.158499,6.610216,8.694503,4.700019,0.0,6.024612,5.2099094,10.503435,9.180735,12.884307,12.232973,16.229467,15.997247,24.333622,24.326868,27.90423,30.173573,31.181395,29.585306,25.683989,21.570528,24.093126,17.916958,19.419643,15.347153,18.050825,15.469724,14.803643,15.895181,15.687132,18.88638,20.42865,21.236559,22.879507,25.669205,24.600613,26.74712,23.47999,25.083744,28.906925,26.243807,22.47647,24.527157,23.05315,21.450922,24.649067,19.914928,21.864958,18.282858,21.901394,18.80763,14.032096,12.764185,11.400454,13.034336,14.655018,11.944316,16.498514,18.316235,20.96175,24.12915,24.164497,20.179417,21.389,17.404062,15.426694,11.912796,12.33613,6.8063364,9.080334,9.026957,10.607652,13.387126,16.311142,15.994083,20.528547,18.794899,23.56545,22.807306,20.084095,22.134407,26.134289,29.008741,28.880016,26.571928,30.13788,25.067081,29.366743,27.851677,31.56692
24,22.726469,19.423399,23.630245,20.82528,20.953556,25.480366,22.916739,29.566935,28.321661,32.262768,33.798477,33.871468,34.410267,31.874834,29.43868,25.695166,23.304243,19.787312,18.02619,13.560632,11.025265,10.93218,7.6805634,6.024612,0.0,4.743743,7.9525375,9.495898,14.40753,15.399779,19.047382,20.358145,28.088112,29.062838,32.182056,34.67102,35.828316,33.903862,30.39366,26.39863,27.898386,21.63221,22.349024,17.383667,19.623362,15.502827,13.846591,13.67937,12.197978,15.316294,16.884897,17.00337,18.953564,22.452412,22.481083,24.691729,22.257317,23.255375,27.658916,24.829042,21.340036,23.713137,23.417171,21.947355,26.415363,21.527191,24.082079,21.417156,24.454058,20.333427,15.9616995,15.751451,15.433308,17.728752,20.052946,17.821842,22.427395,24.22688,26.940527,30.042967,30.047737,26.044903,26.802084,22.907047,20.47733,17.490267,16.441814,10.572013,10.576832,8.192558,8.173208,10.823963,14.429419,15.101902,20.01339,19.535305,23.94426,22.549204,20.250072,23.477411,26.923239,29.697086,30.432384,28.18444,32.58499,27.731237,31.98362,31.075886,34.484848
25,24.570522,20.787731,24.235994,20.850025,20.303144,24.57699,21.109056,27.56768,25.63063,29.517267,30.548706,31.161472,32.15267,29.618414,27.751516,23.604992,22.173979,18.253155,17.423841,13.092474,10.714719,12.528542,9.3002,5.2099094,4.743743,0.0,6.0133276,5.266743,11.257762,11.457686,15.601502,16.547544,24.028835,25.304415,28.032217,30.715006,31.644608,29.517288,26.19674,22.32585,23.421726,17.110327,17.997732,12.825471,15.615747,11.602416,10.9379015,11.273049,10.903792,14.411809,16.436575,17.68435,19.978182,22.925814,22.21889,23.887247,20.572042,21.518515,25.47418,22.27382,18.776978,20.35892,19.624683,17.79113,21.935318,16.91625,19.362597,16.70095,19.830225,15.837073,11.312833,11.546379,11.055773,14.385899,16.37122,15.031464,19.63168,21.314943,24.310331,27.129087,27.602161,23.731298,24.17976,20.46317,17.599169,15.241218,13.777041,8.408491,9.630673,7.987632,9.957019,11.373848,15.274063,14.753251,19.926199,18.75539,23.489687,21.564344,18.495668,21.504595,25.555674,28.943424,28.917221,26.348526,30.325489,24.895506,28.942598,27.649189,30.852262
26,24.32684,20.519289,23.69849,21.187521,19.900204,24.687443,20.717152,27.23929,25.7267,28.982391,30.75202,31.919615,32.674526,30.758417,28.535196,24.786036,23.62204,19.29665,19.853886,14.841995,14.086716,15.337181,13.909679,10.503435,7.9525375,6.0133276,0.0,4.8292146,9.391831,11.758355,14.6493845,17.684628,23.795675,26.366423,28.457998,31.246983,32.626118,30.288511,27.580772,24.018272,23.792652,17.997156,17.36822,12.197439,13.374302,8.466333,6.1945114,5.7966027,5.2901106,8.489473,10.504694,12.244893,14.839113,17.591423,17.097992,18.409615,15.366138,15.870155,20.102764,16.938124,13.57156,15.887035,16.018099,14.973881,20.180124,15.913193,19.310799,17.961252,21.077566,16.657005,12.757767,15.072736,14.333875,19.21961,20.146656,19.648891,24.03478,25.078371,28.146461,30.624487,30.975767,27.208794,26.493464,23.179962,19.608538,18.495766,14.908284,10.528473,9.632639,6.7174544,8.683132,7.6887546,12.037726,11.300919,16.670649,16.366604,20.659597,17.686064,14.712639,18.746426,22.360865,25.97732,26.361921,23.752895,28.344837,23.152712,26.939898,26.390911,29.132097
27,25.733189,21.642694,24.228237,20.864792,19.376371,23.560225,19.094658,25.286205,22.98108,26.439661,27.433514,28.816742,30.052298,27.897736,26.34607,22.146313,21.74693,17.367596,18.189533,13.837917,12.757876,15.43449,13.518532,9.180735,9.495898,5.266743,4.8292146,0.0,7.4051876,7.8850775,11.7643,13.621414,20.0066,22.306534,24.337732,27.22574,28.274101,25.889723,23.082838,19.51923,19.46997,13.432999,13.481606,8.089574,10.545575,6.419922,6.5291944,7.7148795,8.97434,12.147712,14.279471,16.633825,19.054462,21.218716,19.818548,20.819305,16.796051,17.626999,21.093124,17.71782,14.252456,15.429487,14.379851,12.658946,16.929762,12.264333,15.272326,13.347514,16.830257,12.903071,8.503212,10.86147,9.635778,15.066703,15.593887,15.692741,19.90706,20.935316,24.131617,26.432396,27.170721,23.551641,22.948896,19.735132,16.10222,15.260363,12.07638,8.416935,9.443124,8.315634,11.484952,11.057507,14.864593,13.185343,18.331972,16.878706,21.566671,18.813784,15.120831,18.201748,22.568981,26.554869,25.994211,23.149057,26.959204,21.161959,24.8718,23.60582,26.40581
28,22.35999,18.125317,19.31499,16.131084,13.666455,17.597181,12.504796,18.506618,16.62019,19.668085,21.533255,22.969631,23.83745,22.271616,20.433512,16.725176,16.923756,12.353113,15.2284355,11.291873,12.573291,15.500705,16.150042,12.884307,14.40753,11.257762,9.391831,7.4051876,0.0,4.811364,5.404683,9.973008,15.305383,18.000374,20.27589,22.71196,24.789124,22.945055,20.249008,16.865343,16.808443,12.06851,10.221043,8.202952,6.8337054,7.47893,6.5593033,10.079809,12.470486,13.840597,14.564892,17.140614,18.371439,19.04907,16.099928,17.084042,12.511354,14.6896515,17.356615,15.510441,11.585978,14.578343,11.998324,12.382131,15.291995,13.010904,16.36853,14.706765,19.40039,16.905474,12.910503,15.66173,12.50422,18.559408,16.210674,16.704199,20.064734,19.746197,22.626913,24.464413,24.555817,21.212759,18.995317,16.493402,12.335101,13.372894,7.6570644,7.5359516,7.230573,8.346899,12.025899,10.553194,12.433829,9.280968,13.24496,10.820556,15.399119,12.843767,8.82244,10.955225,15.622041,19.819082,18.729025,15.820173,19.575766,13.969383,17.87965,17.145004,20.258844
29,24.889122,20.628777,21.603872,17.552841,15.396979,18.359236,13.186231,18.528477,15.492636,19.010561,19.580729,21.126633,22.678862,20.597,19.712622,15.322611,16.355692,12.034439,14.565802,11.773807,12.14089,16.159365,15.900964,12.232973,15.399779,11.457686,11.758355,7.8850775,4.811364,0.0,4.906107,5.978402,12.703155,14.612133,17.077198,19.677616,21.193546,19.303284,16.21635,12.592521,13.261992,7.881645,7.5739408,6.02047,6.9717026,8.677058,9.827201,12.986656,15.446653,17.522917,18.78187,21.46364,22.96645,23.836393,20.88003,21.70377,16.876663,18.827509,20.96477,18.69517,15.094436,16.45946,13.14097,12.431283,13.872891,11.093003,13.529915,10.861658,15.951191,14.330136,10.261584,12.319849,8.4988365,14.558069,11.573618,12.744393,15.808977,15.549612,18.611122,20.336561,20.953783,17.728989,15.970676,13.444261,9.290949,10.525491,6.147613,7.253217,9.448905,11.269666,15.084077,14.579963,16.692617,13.764338,17.48686,14.4253,19.054283,17.101135,13.054484,13.889211,18.915243,23.08699,21.171967,18.219437,20.781942,14.616543,18.318707,16.413324,19.661715
30,24.069958,19.915302,19.790815,16.203756,13.25492,15.744208,9.947726,14.717904,11.929254,14.847416,16.234875,18.11945,19.399899,18.008497,16.977888,13.192547,14.996905,10.805625,15.021304,12.754345,14.590902,18.201323,19.279661,16.229467,19.047382,15.601502,14.6493845,11.7643,5.404683,4.906107,0.0,6.2449656,10.24778,12.971503,15.261294,17.472591,19.891535,18.399466,15.781512,12.734049,12.81151,9.525261,7.0705194,8.7505045,6.3515687,10.660456,11.150689,14.751627,17.551008,18.684164,19.230669,21.997719,22.887531,22.815521,19.084005,19.661652,14.760496,17.291111,18.63358,17.450804,13.981151,16.190968,12.242597,13.085433,13.606695,12.927806,15.546681,13.788961,18.918825,17.888735,14.47516,16.984838,13.063753,18.948143,14.808586,16.193537,18.464638,17.245264,19.889503,21.087786,21.230831,18.431973,15.2215,13.643869,9.348632,12.30131,6.467293,10.06594,10.822407,13.128036,16.741224,15.509349,16.492083,12.990943,15.423635,11.954216,15.974627,14.114093,10.172151,9.713482,14.838333,19.185627,16.703669,13.668521,15.980175,9.754869,13.528536,12.08514,15.501532
31,26.84308,22.767654,22.654345,18.141918,15.995595,17.22779,12.21474,15.780325,11.597586,15.30045,14.561517,16.16662,18.385033,16.072659,16.44492,11.810795,14.523064,11.177407,14.313397,13.685666,14.379659,18.858793,19.029648,15.997247,20.358145,16.547544,17.684628,13.621414,9.973008,5.978402,6.2449656,0.0,8.625139,8.816799,12.093449,14.323934,15.893487,14.630909,10.968615,7.194652,9.743616,6.2649536,7.0941353,9.583386,10.08606,13.892032,15.517621,18.778067,21.39265,23.323397,24.396498,27.096222,28.27232,28.668848,25.147772,25.857588,20.918829,23.210737,24.451979,22.75712,19.473583,20.34198,16.13517,15.657022,14.559436,13.280268,14.315764,11.112616,16.418615,16.712635,13.475341,14.488319,10.102421,14.7723465,9.3537035,11.53498,12.87933,11.451833,14.224968,15.256853,16.055786,13.464178,11.002804,9.479358,5.612311,9.042324,6.5980334,10.853514,13.608871,16.353886,20.016201,19.865376,21.244741,18.149504,20.765036,16.938967,21.073639,20.046555,16.3121,15.205079,20.194696,24.109869,21.096928,18.329933,19.165424,13.080119,16.306036,13.303542,16.876461
32,32.56775,28.672852,27.35047,23.593197,20.657076,20.7628,15.488728,16.094603,11.309259,12.496272,10.337215,14.560666,17.518902,16.655447,18.420465,15.125053,19.605877,17.045263,21.496914,21.244951,22.699795,26.933834,27.5334,24.333622,28.088112,24.028835,23.795675,20.0066,15.305383,12.703155,10.24778,8.625139,0.0,6.2673297,5.3496113,7.9545865,10.282583,8.963455,7.924315,7.7151756,5.738482,8.998581,7.279492,13.354608,11.746268,17.54679,19.725657,22.964212,26.212748,27.331095,28.130152,31.394234,32.41604,31.771168,27.635033,27.312262,22.232658,24.255186,23.71137,22.741404,20.545446,20.317898,15.463916,16.037622,12.010635,14.380499,14.699772,13.808765,18.034449,19.802977,18.39977,20.519777,16.849598,21.584074,15.877507,19.256157,19.29124,17.005402,18.999643,18.355288,19.566189,18.553255,14.500002,15.344182,12.522303,17.06635,14.067246,18.882397,20.703718,23.198202,26.886936,25.696243,26.587723,22.9663,24.49051,20.77817,23.681448,22.148142,18.60561,16.34091,20.720768,24.893717,20.617235,17.915102,16.708305,10.958543,11.664413,7.551923,9.544328
33,32.13884,28.480585,26.940428,22.673117,20.452137,19.41941,15.332829,14.961105,9.738111,11.903205,7.9686546,10.740486,14.32458,12.568914,15.495581,12.103245,17.055223,15.679611,19.348467,20.58655,21.786833,26.144617,26.852997,24.326868,29.062838,25.304415,26.366423,22.306534,18.000374,14.612133,12.971503,8.816799,6.2673297,0.0,5.546459,6.1230617,8.386026,9.028843,5.704519,5.256253,8.723176,11.149773,11.684539,16.784092,16.334923,21.498209,23.440022,26.78427,29.701815,31.257952,32.08203,34.955997,35.80361,35.470016,31.348192,31.646,26.742674,29.17552,29.143246,28.241898,25.59414,25.863525,21.085403,21.17016,17.491344,18.607855,18.297148,15.944988,20.283524,22.528578,20.620657,21.310854,17.324415,20.40768,13.850672,16.788906,15.540127,12.524368,13.768278,12.595885,13.6896925,13.395155,9.415469,11.308615,10.17343,14.652613,13.925496,19.184273,21.662638,24.756931,28.293543,27.99303,28.674412,25.358814,26.705086,22.556437,25.578785,25.24177,22.05096,19.189285,23.427841,26.87646,22.551949,20.303408,18.398762,13.647097,14.864691,10.629054,13.560714
34,36.610172,32.84137,31.268028,27.298813,24.668945,23.934109,19.33775,18.651175,13.606002,14.285823,9.933161,14.362171,18.04066,17.138783,20.191647,17.212337,22.226006,20.463747,24.465708,25.067505,26.204927,30.63504,30.975975,27.90423,32.182056,28.032217,28.457998,24.337732,20.27589,17.077198,15.261294,12.093449,5.3496113,5.546459,0.0,3.6158273,4.9642553,4.625076,4.907411,7.4867787,6.4627,11.783409,11.662119,17.443958,16.708206,22.201448,24.718845,27.842087,31.063166,32.396435,33.34885,36.63735,37.72233,37.11674,32.952034,32.601105,27.539803,29.478445,28.68106,27.662033,25.687925,24.84768,20.059826,20.170622,15.177121,17.715961,16.83637,15.843007,19.25456,22.212122,21.44162,22.833925,19.43067,22.960497,16.955997,20.740953,19.606749,17.011791,18.392246,16.775356,18.563179,18.613302,14.930389,16.7289,15.095938,19.509747,17.996428,22.910913,25.22383,27.893993,31.594532,30.71709,31.64773,28.09388,29.52338,25.648836,28.426855,27.282608,23.876768,21.274117,25.399801,29.250416,24.629423,22.238354,19.939566,15.15849,14.980123,10.547044,11.5215
35,37.201687,33.654842,31.600138,27.76214,25.251299,23.7578,19.795254,17.890493,13.088467,13.1164055,7.851238,12.24333,16.072697,15.525957,19.182167,16.893383,22.211603,21.145998,25.192274,26.417934,27.821678,32.129047,32.886772,30.173573,34.67102,30.715006,31.246983,27.22574,22.71196,19.677616,17.472591,14.323934,7.9545865,6.1230617,3.6158273,0.0,4.556841,6.702896,6.996054,9.684855,10.057034,15.038803,14.8691,20.698954,19.678665,25.33197,27.567354,30.82642,34.009228,35.239265,35.98901,39.13934,39.961823,39.155243,34.805546,34.566143,29.690668,31.882784,30.928679,30.366251,28.363657,27.945559,23.111942,23.536528,18.601679,21.264091,20.44295,19.262396,22.70984,25.723835,24.761171,25.889587,22.306036,25.416975,19.092892,22.511513,20.857864,17.835474,18.59783,16.515547,17.890535,18.593391,14.572181,17.154108,16.2349,20.773214,19.64576,24.9522,27.15566,30.094627,33.686104,32.93258,33.4825,29.959429,30.876747,26.877516,29.274202,28.68365,25.647648,22.437025,26.154678,29.57331,24.70185,22.67059,19.524553,15.747619,15.112772,10.819219,11.770778
36,40.49273,36.821484,35.173378,31.027416,28.693176,27.459984,23.401363,22.075912,17.08501,17.588335,12.218564,16.037968,20.027645,19.007284,22.867483,20.13482,25.262028,24.064901,27.549463,28.735277,29.538317,34.07657,34.128178,31.181395,35.828316,31.644608,32.626118,28.274101,24.789124,21.193546,19.891535,15.893487,10.282583,8.386026,4.9642553,4.556841,0.0,3.8750093,5.6637077,9.657136,9.727306,15.168779,16.013477,21.380402,21.298677,26.474758,29.224731,32.240494,35.403748,36.95175,38.058678,41.352642,42.52593,42.03036,37.89098,37.562393,32.48568,34.356647,33.493282,32.343613,30.466896,29.207605,24.520647,24.232498,18.866035,21.217537,19.52447,18.404009,21.00421,24.766756,24.462934,25.196442,22.137371,24.523296,18.628317,22.546757,20.495403,17.868248,18.632858,16.221804,18.55329,19.533688,16.610064,18.913591,18.224262,22.24652,21.880552,26.683523,29.371843,32.128006,35.823303,35.225193,36.24894,32.772926,34.239048,30.261564,33.042618,32.147263,28.778389,26.066628,30.093136,33.72903,28.976538,26.779018,23.957258,19.74823,19.258577,14.891424,15.375196
