,0,1,2,3,4,5,6,7,8,9,10,11,12,13,14,15,16,17,18,19,20,21,22,23,24,25,26,27,28,29,30,31,32,33,34,35,36,37,38,39,40,41,42,43,44,45,46,47,48,49,50,51,52,53,54,55,56,57,58,59,60,61,62,63,64,65,66,67,68,69,70,71,72,73,74,75,76,77,78,79,80,81,82,83,84,85,86,87,88,89,90,91,92,93,94,95,96,97,98,99,100,101,102,103,104,105,106,107,108,109
0,0.0,4.320134,6.1536784,8.77781,11.817416,12.4657135,16.23444,18.61941,21.92273,25.186106,28.25341,31.307623,34.57238,33.667618,32.886906,28.171583,26.46832,23.750341,21.58462,20.48178,17.789745,20.410202,15.683677,17.904448,21.879297,21.423082,19.783457,24.314047,21.1475,23.845108,23.427116,26.148346,30.01221,26.823986,31.60497,28.968924,31.934896,30.052397,27.818398,26.150734,21.645681,18.927942,20.414345,18.463346,14.171847,18.441092,17.911356,22.184427,22.254274,25.828693,27.626934,31.344925,29.932772,33.72116,31.78967,35.0735,34.902195,36.565907,41.577305,40.427742,36.838642,39.92998,35.554375,35.79576,34.7787,33.102413,35.45583,33.715755,30.687393,30.408688,28.901888,31.044846,29.90818,33.544765,32.162563,38.16474,35.907017,40.56084,41.90814,39.210598,40.758904,38.9997,35.455795,32.38564,30.501554,30.408325,28.310167,27.873629,25.482157,26.977217,24.651716,28.163757,28.822475,28.398441,29.362852,28.620186,28.868315,31.31889,30.64257,35.793884,34.562183,39.110554,42.264977,40.944782,37.534367,40.010403,33.7341,34.97846,32.465126,34.550503
1,4.320134,0.0,5.294735,6.156503,8.917258,11.493894,14.302161,16.879124,20.51899,23.538961,26.961315,29.651423,32.989056,32.087837,30.888079,26.34098,24.18383,21.382545,18.734926,17.285364,14.210578,16.369421,11.650534,13.928123,18.153282,18.184315,16.702124,21.682749,19.107313,22.35412,22.155926,26.07358,29.851917,27.466331,32.070206,29.82598,32.63232,30.915327,28.054438,25.838213,22.32651,18.70239,20.84671,18.39301,13.598018,17.336613,15.756933,20.123854,19.820107,23.044436,25.409454,29.153402,28.25174,31.608559,30.113153,33.610523,33.021347,34.991947,39.894283,38.4829,34.98145,37.44188,32.880306,32.795624,31.537987,29.683527,31.75528,29.769613,26.681824,26.695608,25.674976,27.984877,27.358992,31.07869,30.228226,36.219414,34.50057,39.072075,40.724903,38.091385,40.10854,38.380947,34.43838,31.311474,28.993258,28.926468,26.17088,25.234064,22.479021,23.6002,20.9442,24.31535,24.72011,24.410898,25.590767,25.166418,25.68758,28.475578,28.294529,33.292587,32.77114,37.408222,40.70886,39.77658,36.35418,39.32857,32.87092,34.672768,32.161613,34.64882
2,6.1536784,5.294735,0.0,5.198328,6.7804537,6.8080826,11.247695,12.775291,16.703308,19.582897,22.841022,25.571207,29.033295,28.423548,27.455147,23.143263,21.084429,18.946356,16.413631,16.155195,13.096072,17.167656,13.419678,16.793198,20.811106,20.636017,17.853008,22.573153,18.396896,22.368448,20.464138,24.638296,27.514425,25.081594,29.253942,26.59079,29.016432,26.97284,24.366556,22.45759,19.269136,16.0698,18.863268,17.764868,13.487948,18.073875,18.069138,22.186203,22.641994,25.979244,28.225319,31.767197,30.453808,33.16787,31.207499,34.435738,33.383545,34.881336,39.87879,38.01779,34.409855,37.272076,33.11354,32.92069,32.6668,30.08367,32.35721,30.649632,27.051353,26.196676,24.99494,26.490776,25.707172,28.888798,27.89261,33.59945,31.737255,36.395283,38.079258,35.773556,37.689495,36.36696,32.47283,29.724384,27.387096,28.170244,25.107174,25.424202,22.667082,24.464548,22.0147,25.721283,26.043697,24.674162,25.185986,24.111963,24.605978,26.521986,26.131092,31.142298,30.080154,34.86675,38.04323,36.815132,33.3205,35.712536,29.247734,30.606565,27.79471,29.963684
3,8.77781,6.156503,5.198328,0.0,3.682324,7.124018,8.248269,11.525965,14.653989,17.781431,21.203,23.976458,27.135664,26.068289,24.881447,20.221632,18.192402,15.272513,12.940703,11.735311,9.446775,12.856277,9.075574,12.687437,16.203753,15.721833,12.665063,17.414478,13.683298,17.779625,16.551111,21.489319,24.686352,23.056269,27.252325,25.32728,27.870695,26.355509,22.94346,20.3357,17.886696,13.59527,16.580463,14.550453,9.920676,13.806004,13.418892,17.396809,17.953056,21.20202,23.519602,26.96024,25.785337,28.16778,26.395874,29.73011,28.506058,30.227068,35.14766,33.293175,29.747854,32.32356,28.03606,27.873955,27.50197,25.08548,27.504341,26.018208,22.740631,21.910862,20.320541,22.289774,21.420881,25.025946,24.125055,30.075912,28.436886,32.996143,34.761803,32.26091,34.497353,32.965553,28.810818,25.845194,23.289944,23.740574,20.519266,20.340618,17.568392,19.350554,17.08323,20.906313,21.642168,20.402029,20.935087,19.917412,20.160131,22.596573,22.215824,27.257872,26.630905,31.307173,34.616814,33.756706,30.326765,33.479134,26.973589,29.112097,26.735865,29.619267
4,11.817416,8.917258,6.7804537,3.682324,0.0,5.9764752,6.291582,8.703385,12.516719,15.098902,18.79803,21.115583,24.462301,23.659176,22.160385,17.951702,15.391955,12.997213,9.977838,9.487258,6.4737153,11.232826,8.783159,12.943419,16.360073,16.34978,12.782759,17.56644,13.511355,18.494276,16.327171,22.342184,24.768888,23.806604,27.462284,25.613085,27.70655,26.13025,22.477179,19.66778,18.46124,13.965884,17.737144,16.296516,12.100323,15.599251,15.234184,18.853313,19.44242,22.26327,24.934038,28.189064,27.265915,28.879051,27.272942,30.553177,28.710464,30.38325,35.18482,32.825844,29.346317,31.524052,27.374474,26.780499,26.837069,23.734156,25.924662,24.337255,20.599394,19.454098,18.398766,19.875746,19.553745,22.78662,22.418285,28.080225,26.932798,31.428102,33.50755,31.331024,33.90286,32.694218,28.277605,25.58127,22.638443,23.7094,19.65188,19.857536,16.731504,18.51824,16.049507,19.833025,20.136845,18.212898,18.475065,17.335001,17.948582,20.071686,20.163055,25.00107,24.77805,29.630917,32.975742,32.293953,28.831055,32.00413,25.391165,27.710775,25.138466,28.099148
5,12.4657135,11.493894,6.8080826,7.124018,5.9764752,0.0,6.173311,6.4476776,10.191683,12.9891405,16.090252,18.945057,22.355568,21.85061,21.095917,16.970507,15.170024,13.742452,11.819988,13.037882,11.106606,16.755169,14.675987,18.813183,22.004635,21.451483,17.29009,21.217426,15.495469,20.262396,16.370218,21.365519,22.930738,21.23583,24.57883,21.952072,23.773777,21.68707,18.76986,16.781559,15.10178,11.90701,15.822796,16.211388,13.061285,17.589096,19.149605,22.553314,23.870426,27.084467,29.159908,32.271317,30.630999,32.215412,29.883602,32.724594,30.94708,31.916912,36.849125,34.39564,30.78496,33.89918,30.334776,30.010607,31.030752,27.694212,30.24678,29.131815,25.251966,23.242332,21.557613,22.069244,21.009926,23.531078,22.41586,27.73563,25.875977,30.526352,32.323986,30.4107,32.428745,31.586378,27.616,25.364645,22.887451,24.698767,21.171192,22.955679,20.374102,22.937586,21.05604,24.998692,25.47467,22.895882,22.451992,20.51052,20.744286,21.57364,20.864628,25.773825,24.223877,29.092419,32.147865,30.784452,27.259764,29.350027,22.854784,24.170195,21.218208,23.53623
6,16.23444,14.302161,11.247695,8.248269,6.291582,6.173311,0.0,5.1514425,6.5832577,9.807387,13.146575,16.05198,18.977146,17.82056,16.764181,12.070472,10.333895,7.8550177,6.6769834,7.705451,8.015092,13.278471,12.490994,16.611206,18.678,17.734179,12.864103,16.074314,10.065114,15.478387,11.294796,17.866156,19.248363,19.003479,21.993954,20.437634,22.167236,20.845747,16.757763,13.678525,13.888367,9.273947,13.802045,13.690368,11.113986,14.300097,16.11248,18.730852,20.441385,23.300983,25.316584,28.04204,26.497679,27.184965,24.978458,27.741745,25.43356,26.454273,31.247894,28.528816,24.988415,27.816973,24.352055,23.969717,25.43478,21.94052,24.752827,24.157782,20.578804,18.063593,15.639926,16.235239,14.912366,17.76745,16.758614,22.371243,20.854643,25.425621,27.429838,25.40372,27.941359,27.013296,22.61263,20.27908,17.357292,19.292397,15.17967,17.174267,14.683544,17.60642,16.30882,20.322906,21.274773,18.337023,17.438105,15.108985,14.864713,15.842334,14.995082,20.030853,18.909697,23.768808,27.013052,26.116692,22.630104,25.721415,19.117939,21.600006,19.272655,22.62526
7,18.61941,16.879124,12.775291,11.525965,8.703385,6.4476776,5.1514425,0.0,5.509587,7.0026937,10.640245,12.849422,16.425152,16.191973,15.016153,11.640949,9.259874,9.253366,7.4344854,10.536727,9.752623,15.917356,15.900008,20.159447,22.54988,22.1769,17.406727,20.606976,14.609515,20.15005,14.9681635,21.45142,21.609306,21.506653,23.672943,21.658659,22.59735,20.788727,17.189054,14.679556,15.944157,12.504425,17.231318,18.228582,15.981207,19.395779,21.146866,23.768776,25.33855,27.96477,30.228476,32.887695,31.478615,31.759142,29.607468,32.190575,29.481106,30.23099,34.839508,31.63642,28.22658,30.816624,27.753763,26.932213,28.926483,24.740751,27.13576,26.353828,22.202097,19.304766,17.87276,17.252613,16.691854,18.329243,17.911766,22.582853,21.510084,25.94789,28.219648,26.867868,29.450188,29.151548,24.83043,23.141209,20.155678,22.969755,18.410677,21.096386,18.467346,21.212751,19.66966,23.391108,23.642656,20.006166,18.727566,16.211945,16.57592,16.340853,16.04319,20.481747,19.357338,24.378405,27.428102,26.401415,22.899147,25.167185,18.595524,20.501366,17.47263,20.293314
8,21.92273,20.51899,16.703308,14.653989,12.516719,10.191683,6.5832577,5.509587,0.0,4.1115637,6.6541405,10.158445,12.803247,11.771675,11.385762,7.051638,6.6632605,6.7419386,8.09264,11.195655,12.786979,18.076565,18.512487,22.536072,23.972013,22.834007,17.610277,19.365318,12.620237,17.64242,11.251596,17.580162,16.73265,17.480131,18.917505,17.450335,18.074062,16.768219,12.572435,9.681566,12.780187,9.762161,14.422354,16.344141,15.592543,18.272728,21.342724,23.125103,25.415848,28.041092,29.664612,31.859224,29.9747,29.631805,27.045628,29.11214,26.2124,26.376862,30.874495,27.554665,24.170355,27.39083,25.000061,24.5516,27.527903,23.4528,26.394098,26.526182,22.930538,19.257818,16.43018,15.252781,13.412663,14.648957,13.252715,17.898813,16.228289,20.753656,22.839878,21.519049,24.008787,23.884966,19.676653,18.360302,15.597604,19.031557,14.908681,18.9694,17.207455,20.64243,20.15945,23.895618,24.857523,20.974892,19.016617,15.766358,15.088174,13.850538,12.235807,16.77982,14.460787,19.364725,22.301579,21.034924,17.514664,19.871464,13.24974,15.552718,13.044064,16.607777
9,25.186106,23.538961,19.582897,17.781431,15.098902,12.9891405,9.807387,7.0026937,4.1115637,0.0,4.0508223,6.281033,9.481594,9.271821,8.379164,6.0687814,4.9791403,7.787063,8.810434,12.75142,14.168382,19.447136,20.745184,24.735434,26.06655,25.329226,20.186932,21.8167,15.598126,20.74499,14.287927,20.823301,19.10093,20.556536,21.135637,19.866795,19.718576,18.42013,14.487077,11.941469,16.250725,13.715437,18.24769,20.294678,19.563734,21.954178,24.639797,26.247599,28.384993,30.637918,32.510197,34.535385,32.93496,31.98796,29.667444,31.601173,28.210974,28.279684,32.43113,28.626667,25.509794,28.129114,26.12417,25.205519,28.639496,24.010597,26.556221,26.691153,22.853806,18.822964,16.778456,14.547894,13.598627,13.574372,13.180243,16.64299,15.931637,20.048788,22.55488,21.92713,24.739725,25.163061,20.923185,20.196648,17.239372,21.218056,16.547626,20.811563,18.943817,22.111708,21.585691,24.96432,25.482704,21.072771,18.71346,15.337254,15.066412,12.738987,11.877873,15.48204,13.710846,18.613226,21.398373,20.39469,17.011013,19.064985,12.708833,15.073402,12.312098,15.750727
10,28.25341,26.961315,22.841022,21.203,18.79803,16.090252,13.146575,10.640245,6.6541405,4.0508223,0.0,4.5543933,6.5630245,6.399543,7.05462,6.019168,7.349783,10.378156,12.482887,16.19665,18.10243,23.151724,24.477781,28.40206,29.451427,28.405262,23.167816,24.084394,17.674326,22.165182,15.200921,20.73236,17.85122,19.724514,19.29707,18.19775,17.305277,16.182674,12.574939,10.689452,16.13985,14.758609,18.778616,21.65561,21.77184,23.973948,27.372389,28.618223,31.09925,33.382923,34.8764,36.63811,34.72407,33.45068,30.834599,32.31446,28.870876,28.38045,32.30512,28.405115,25.444603,28.49724,27.188368,26.49142,30.58638,26.046215,28.765255,29.384567,25.8351,21.484589,18.963081,16.20918,14.632754,13.623628,12.571008,14.937793,13.802059,17.685175,19.994621,19.851446,22.351706,23.277733,19.495268,19.470287,17.018951,21.492376,17.492384,22.585638,21.311468,24.721352,24.692377,27.984808,28.738066,24.232729,21.570936,17.968246,17.240065,14.009024,12.340563,15.224626,12.184852,16.647188,18.993948,17.545742,14.286528,15.459177,9.417564,11.364782,8.642517,12.253652
11,31.307623,29.651423,25.571207,23.976458,21.115583,18.945057,16.05198,12.849422,10.158445,6.281033,4.5543933,0.0,4.1464863,6.110181,5.4337015,8.008264,8.090752,12.349071,13.74565,17.763023,19.380476,24.204435,26.273474,30.099758,31.071688,30.487726,25.431124,26.422142,20.674484,25.430525,18.791756,24.830294,21.75213,24.108742,23.322786,22.473074,21.19961,20.153421,16.835749,15.042355,20.69082,19.057566,23.193974,25.743742,25.54179,27.525785,30.314371,31.491854,33.703247,35.59069,37.427982,39.08223,37.576797,35.804207,33.598133,35.08734,31.207745,30.834795,34.3871,30.072884,27.434528,29.589527,28.51301,27.27208,31.554146,26.54162,28.717049,29.22204,25.494633,21.030485,19.546614,16.030636,15.686726,13.608577,14.047759,14.97943,15.378053,18.482792,21.283754,21.811956,24.725433,26.028925,22.172548,22.47935,19.747494,24.359446,19.755327,24.548794,23.042656,26.02599,25.842537,28.714743,28.96628,24.109606,21.219666,17.769253,17.5864,13.687632,13.248333,14.810591,13.168571,17.311481,19.458248,18.638096,15.77929,16.84863,11.792319,13.807893,11.294528,14.238785
12,34.57238,32.989056,29.033295,27.135664,24.462301,22.355568,18.977146,16.425152,12.803247,9.481594,6.5630245,4.1464863,0.0,3.4933908,4.575769,8.666957,10.280241,14.204777,16.52877,20.189796,22.521025,26.855312,29.13002,32.782734,33.27128,32.399517,27.3359,27.52754,21.988054,26.11758,19.458662,24.8604,20.97156,24.086601,22.440393,22.2274,20.445305,19.957212,16.753414,15.220127,21.697382,20.552128,24.211782,27.02999,27.498034,28.975874,32.17658,32.858223,35.331562,37.080025,38.580967,39.878536,38.22378,35.934143,33.6353,34.68446,30.646914,29.838194,32.98809,28.533869,26.20047,28.431,28.091436,26.999857,31.905334,27.041243,29.34007,30.416578,27.156324,22.438423,20.444696,16.563463,15.737194,12.717877,12.887471,12.255391,12.900529,15.316847,18.110819,19.228445,22.111372,23.866447,20.375443,21.347832,18.98664,23.866514,19.78329,25.081427,24.162865,27.260983,27.646973,30.328682,30.881437,26.018162,22.85045,19.258745,18.560984,14.016032,12.97582,13.429426,11.106322,14.439563,16.109493,15.305787,12.847983,13.590429,9.61872,11.880905,10.4193325,13.542434
13,33.667618,32.087837,28.423548,26.068289,23.659176,21.85061,17.82056,16.191973,11.771675,9.271821,6.399543,6.110181,3.4933908,0.0,3.707776,6.3765,9.230151,12.386787,15.523697,18.732124,21.712166,25.663498,27.84286,31.349438,31.500086,30.29663,25.221468,24.907927,19.43669,23.15772,16.592632,21.851477,17.927975,21.495926,19.847578,20.131311,18.608232,18.567574,14.826068,12.865168,19.690693,18.42294,21.815845,24.511307,25.353989,26.414526,29.871922,30.245188,32.90672,34.659,35.883293,37.026386,35.224697,32.834293,30.421164,31.332586,27.334032,26.407026,29.580889,25.2091,22.819546,25.378159,25.140547,24.338743,29.39663,24.83024,27.475485,28.889904,25.992733,21.215063,18.403528,14.764374,13.094334,10.230842,9.59712,9.428707,9.543843,12.4,15.201058,15.962114,19.023314,20.579624,16.928389,17.889608,15.580652,20.500751,16.71198,22.288637,21.750267,25.047413,25.825523,28.563202,29.541803,24.879225,21.688711,17.949057,16.688335,12.221696,10.258685,11.061336,7.7691517,11.401393,13.404728,12.5795965,9.807602,11.691361,7.0580726,10.611131,9.943882,13.921996
14,32.886906,30.888079,27.455147,24.881447,22.160385,21.095917,16.764181,15.016153,11.385762,8.379164,7.05462,5.4337015,4.575769,3.707776,0.0,5.7007656,6.93142,10.700152,13.246919,16.546774,19.388298,23.084919,25.738829,29.147404,29.2802,28.46597,23.552795,23.579914,18.641678,22.91488,16.808222,23.16151,20.007202,23.5276,22.520412,22.74396,21.652674,21.44236,17.3686,14.828452,21.240892,19.076199,22.897831,24.895144,25.114773,26.06292,28.766224,29.240402,31.563232,33.038345,34.67072,35.891674,34.53255,32.027767,30.058807,31.307697,27.060583,26.643867,29.81438,25.25711,22.892994,24.583279,23.929945,22.632898,27.426306,22.485998,24.770844,25.908478,22.804539,18.030659,15.934663,11.989829,11.447383,8.483077,9.562105,9.938215,11.4412155,14.210541,17.450758,17.969433,21.549974,22.771496,18.604382,19.076668,16.118082,20.786442,16.050741,20.968157,19.959913,22.895191,23.396244,25.923405,26.565176,21.745024,18.502804,14.864243,14.047427,9.440282,8.787107,9.456653,8.525678,12.637274,15.092393,15.123987,12.41562,15.19296,10.423081,14.194434,13.095765,16.97497
15,28.171583,26.34098,23.143263,20.221632,17.951702,16.970507,12.070472,11.640949,7.051638,6.0687814,6.019168,8.008264,8.666957,6.3765,5.7007656,0.0,4.3605866,6.122068,9.811423,12.62311,15.96311,19.777012,21.662712,25.143074,25.354456,24.073135,18.931297,19.018936,13.330149,17.668869,11.287159,18.001045,15.715556,18.783583,18.73224,18.834751,18.635391,18.43247,13.714181,10.390486,16.264904,13.5619335,17.431667,19.20403,19.49492,20.500805,23.597609,24.195377,26.729757,28.624876,30.018232,31.46549,29.77112,27.934893,25.604721,27.099571,23.316074,23.077435,26.90768,22.875042,19.934738,22.59112,21.19726,20.497103,24.764576,20.351337,23.313503,24.388187,21.397888,16.897007,13.491691,10.892503,8.64691,8.188934,7.134788,10.98158,10.390598,14.512493,17.196043,16.431038,19.78144,20.168486,15.634044,15.183881,12.040454,16.449337,11.82699,16.961119,15.99439,19.45561,20.021133,23.120306,24.335064,19.989592,17.151644,13.373955,11.917831,8.787796,6.4027514,10.114592,7.8226247,12.844926,15.89358,15.368215,12.020382,15.60731,9.428305,13.571017,12.416167,16.851027
16,26.46832,24.18383,21.084429,18.192402,15.391955,15.170024,10.333895,9.259874,6.6632605,4.9791403,7.349783,8.090752,10.280241,9.230151,6.93142,4.3605866,0.0,4.5909495,6.370955,9.926668,12.552059,16.650293,18.928764,22.50914,23.109318,22.47247,17.494164,18.623695,13.451759,18.701479,13.076466,20.663017,19.323908,21.790249,22.439705,22.0929,22.191025,21.543892,16.958046,13.599266,18.361609,14.844884,19.247326,20.261583,19.459986,20.77183,22.782192,23.867214,25.853128,27.570326,29.602018,31.354319,30.186552,28.58672,26.758364,28.76388,24.925755,25.336823,29.231018,25.174358,22.242002,23.990383,21.892899,20.616077,24.154003,19.292833,21.73488,22.088943,18.489517,14.184327,12.073384,9.578259,9.241304,9.421473,10.22738,14.032435,14.450555,18.303223,21.240345,20.454762,23.995728,24.182737,19.433702,18.510183,14.946299,18.748644,13.2204,17.057804,15.122552,18.055433,17.827976,20.875572,21.481071,16.913158,14.232257,10.656163,10.248779,7.853988,7.8065453,11.434111,11.381234,16.376646,19.539995,19.454731,16.216911,19.742361,13.592822,17.31449,15.470563,19.489885
17,23.750341,21.382545,18.946356,15.272513,12.997213,13.742452,7.8550177,9.253366,6.7419386,7.787063,10.378156,12.349071,14.204777,12.386787,10.700152,6.122068,4.5909495,0.0,4.6319413,6.5480103,10.35091,13.806376,15.595601,19.02146,19.370556,18.297014,13.1760845,14.250089,8.9168625,14.367135,9.42889,17.527697,17.39737,19.613567,21.137999,21.014444,21.911165,21.501606,16.574003,12.713542,16.39761,12.014644,16.235744,16.360008,15.425163,16.314934,18.280012,19.297947,21.382729,23.275063,25.157036,27.014639,25.751844,24.541769,22.655363,24.92719,21.413109,22.178633,26.41263,22.820261,19.610704,21.682472,18.939013,18.087387,21.034296,16.741793,19.698225,20.105482,16.915394,13.064614,9.69281,8.986425,7.470657,9.947226,9.767963,15.147694,14.792291,18.952627,21.527874,19.896412,23.350931,22.821062,17.887804,16.136324,12.423209,15.411583,9.849669,13.161404,11.164232,14.459373,14.417695,17.862509,19.102518,15.169841,12.96431,9.571786,8.42822,8.196648,7.294,12.204012,12.058034,16.94195,20.36006,20.287018,16.99504,21.223997,14.934899,18.895569,17.44454,21.692244
18,21.58462,18.734926,16.413631,12.940703,9.977838,11.819988,6.6769834,7.4344854,8.09264,8.810434,12.482887,13.74565,16.52877,15.523697,13.246919,9.811423,6.370955,4.6319413,0.0,4.293009,6.235012,10.683268,12.657517,16.363028,17.52751,17.339737,12.616014,15.3131075,10.922791,16.831646,12.943453,20.976297,21.503345,22.965046,25.001379,24.320068,25.374731,24.489134,19.875668,16.272594,18.854422,14.161989,18.656265,18.181479,15.970083,17.470385,18.080805,19.876198,21.209143,22.999674,25.599543,27.88034,27.153227,26.464865,25.066378,27.803112,24.47047,25.766516,30.016417,26.539185,23.393034,24.747524,21.409885,20.092327,21.97999,17.473278,19.721546,19.093685,15.137296,12.008703,10.641771,10.520317,10.940196,13.3404455,14.173912,19.138725,19.279226,23.327314,26.050188,24.514545,27.972752,27.393637,22.460747,20.509863,16.778648,19.199455,13.494303,15.167262,12.130084,14.505766,13.170223,16.616457,17.014565,13.059363,11.488976,8.902197,9.388305,10.324281,11.174968,15.466617,16.334711,21.240076,24.6519,24.69675,21.403011,25.316843,18.907125,22.433474,20.367092,24.187134
19,20.48178,17.285364,16.155195,11.735311,9.487258,13.037882,7.705451,10.536727,11.195655,12.75142,16.19665,17.763023,20.189796,18.732124,16.546774,12.62311,9.926668,6.5480103,4.293009,0.0,5.0813003,7.335675,9.322863,12.638811,13.3686285,13.060801,8.460614,11.61725,8.639526,14.335439,12.32178,20.274387,21.882856,23.265528,25.887325,25.548368,27.130405,26.524206,21.749266,17.923557,19.642204,14.421688,18.36509,16.648874,14.0267515,14.693358,14.311554,16.03504,17.08083,18.744307,21.503527,23.885832,23.441814,23.024244,21.977032,25.048023,21.9885,23.8246,28.11668,25.069174,21.923141,22.966948,18.99279,17.835867,18.75652,14.82711,17.231579,16.45584,12.991064,10.752435,8.932502,10.707176,10.971119,14.559392,15.233835,20.721846,20.762705,24.721281,27.264313,25.228462,28.712156,27.60552,22.617361,20.110506,16.38444,17.715952,12.207288,12.212318,8.734164,10.795211,9.234106,12.998016,13.909814,10.816988,10.0493,8.3141775,8.509232,11.424029,12.222659,16.622572,17.956066,22.53453,26.061451,26.3608,23.185848,27.687952,21.407305,25.217901,23.534903,27.539236
20,17.789745,14.210578,13.096072,9.446775,6.4737153,11.106606,8.015092,9.752623,12.786979,14.168382,18.10243,19.380476,22.521025,21.712166,19.388298,15.96311,12.552059,10.35091,6.235012,5.0813003,0.0,6.3285294,7.3357687,11.25526,13.657352,14.430135,10.83962,15.389867,12.7078905,18.279863,16.350948,23.840742,25.69183,26.219193,29.189724,28.153368,29.79741,28.659124,24.318289,20.868385,21.656902,16.616522,20.733795,19.005257,15.3648615,17.139229,15.804172,18.530134,18.81762,20.588442,23.865211,26.709728,26.558685,26.915148,26.053263,29.366385,26.661654,28.652496,33.01792,30.10494,26.948292,27.857851,23.683949,22.34291,22.46735,18.63805,20.292856,18.489494,14.388712,13.240051,13.31752,14.80021,15.805362,18.902277,19.813324,25.057991,25.115507,29.193523,31.786577,29.888456,33.2085,32.18151,27.292633,24.781212,21.191023,22.482115,17.226366,16.821995,13.111618,14.245227,11.424791,14.848539,14.624716,11.999918,12.194945,11.45675,12.785246,15.423329,16.745031,20.941927,22.275095,27.0578,30.538036,30.635393,27.338322,31.293484,24.793415,28.038898,25.747902,29.255281
21,20.410202,16.369421,17.167656,12.856277,11.232826,16.755169,13.278471,15.917356,18.076565,19.447136,23.151724,24.204435,26.855312,25.663498,23.084919,19.777012,16.650293,13.806376,10.683268,7.335675,6.3285294,0.0,5.2025785,6.903367,8.136291,10.024644,8.399062,12.973613,13.619254,18.115414,18.49092,25.802727,28.382767,29.380203,32.54795,32.17024,34.087955,33.397015,28.751478,24.987833,25.727375,20.365675,23.7885,20.808186,17.133755,17.233921,13.845462,15.973586,15.231023,15.945439,19.86651,22.597128,23.444931,23.64061,23.814178,27.419233,24.817102,27.540426,31.500143,28.935661,26.141373,25.86081,21.142712,19.576754,18.157053,15.048159,16.08735,13.660448,10.322769,11.143708,12.072752,15.084272,16.704502,20.375938,21.792265,26.999418,27.581568,31.23747,33.848938,31.672213,35.273155,33.843437,28.868456,26.03977,22.40344,22.601406,17.539858,14.878949,10.962581,10.254513,6.457218,9.244982,8.930895,8.107718,9.926891,10.985456,12.431006,16.65029,18.516287,22.132174,24.630678,28.905869,32.455185,33.174606,30.150719,34.910187,28.70786,32.54546,30.7519,34.612778
22,15.683677,11.650534,13.419678,9.075574,8.783159,14.675987,12.490994,15.900008,18.512487,20.745184,24.477781,26.273474,29.13002,27.84286,25.738829,21.662712,18.928764,15.595601,12.657517,9.322863,7.3357687,5.2025785,0.0,4.2892933,7.8693004,9.066072,7.8668756,13.386174,13.464842,17.433699,18.360035,24.671257,28.06233,28.027796,31.872643,31.07394,33.458714,32.57229,28.281109,24.809467,24.073992,18.863037,21.819645,18.391886,14.022419,14.813781,10.988459,14.264625,13.336637,15.101874,18.728252,22.039928,22.415155,24.002935,23.715788,27.485464,25.755898,28.434568,32.780563,30.819946,27.747679,28.441046,23.559109,22.727095,20.934456,18.784737,20.345741,18.14635,15.362336,16.099497,15.853204,19.003927,19.532967,23.571505,24.024147,29.77374,29.45933,33.47598,35.708893,33.179592,36.27692,34.54857,29.85751,26.700178,23.502098,23.21927,19.112844,16.521269,13.032659,12.942771,9.634872,12.762264,13.145182,13.232985,14.949323,15.45595,16.29013,20.290724,21.241346,25.524693,26.957127,31.335623,34.86754,35.07847,31.906372,36.323,29.952541,33.31314,31.392273,35.007576
23,17.904448,13.928123,16.793198,12.687437,12.943419,18.813183,16.611206,20.159447,22.536072,24.735434,28.40206,30.099758,32.782734,31.349438,29.147404,25.143074,22.50914,19.02146,16.363028,12.638811,11.25526,6.903367,4.2892933,0.0,4.8055625,7.2443514,8.7755165,13.714314,15.8282,18.780422,21.075066,26.950718,30.787659,30.872118,34.85479,34.35633,36.90932,36.225414,31.861902,28.3085,27.425955,22.212421,24.671497,20.601553,16.376324,16.135185,10.815065,13.640638,11.581295,12.536705,16.623606,19.967615,21.105509,22.965271,23.398258,27.321396,25.928936,29.034698,33.08343,31.515747,28.702875,28.770285,23.641836,22.840061,19.878098,18.660952,19.770575,17.270147,15.415751,17.26978,17.38808,21.112259,21.849943,26.071177,26.701036,32.384277,32.270733,36.060474,38.246716,35.555386,38.713818,36.73752,32.10364,28.785355,25.696552,24.721415,21.028395,17.23219,14.026285,12.79501,9.452141,11.510338,11.9514475,13.6963,16.132658,17.419006,18.234465,22.764557,23.904108,27.863583,29.774149,33.857216,37.387566,37.876472,34.856167,39.613754,33.404774,36.989273,35.282234,39.0257
24,21.879297,18.153282,20.811106,16.203753,16.360073,22.004635,18.678,22.54988,23.972013,26.06655,29.451427,31.071688,33.27128,31.500086,29.2802,25.354456,23.109318,19.370556,17.52751,13.3686285,13.657352,8.136291,7.8693004,4.8055625,0.0,4.10487,7.6678395,11.063375,15.272006,17.293056,20.696451,26.445047,30.319275,31.09779,34.837204,34.980923,37.508575,37.2615,32.62002,28.847837,28.538532,23.257,25.363539,20.97285,17.529116,15.8234,10.159457,11.446605,9.027677,8.684759,13.130021,16.062033,17.829762,19.038324,20.144775,24.055578,22.580076,26.003672,29.653759,28.278152,25.788097,25.186565,19.964952,19.224848,15.529669,15.161403,16.255424,14.171104,13.5993395,15.825278,15.542206,19.815834,20.50433,24.874273,25.628965,31.113773,31.273876,34.678173,36.809444,34.014656,37.329586,35.18674,30.586384,27.243498,24.214388,22.675385,19.287344,14.418091,11.689064,9.471316,6.8606906,8.023956,9.655635,12.3957615,14.897166,16.501478,16.858753,21.802326,22.929941,26.438215,28.819872,32.4235,35.898228,36.775406,34.020073,39.264336,33.415478,37.431244,36.190132,40.256554
25,21.423082,18.184315,20.636017,15.721833,16.34978,21.451483,17.734179,22.1769,22.834007,25.329226,28.405262,30.487726,32.399517,30.29663,28.46597,24.073135,22.47247,18.297014,17.339737,13.060801,14.430135,10.024644,9.066072,7.2443514,4.10487,0.0,5.30518,7.768815,12.558049,13.61801,17.869293,22.928963,27.13647,27.872646,31.707445,32.08842,34.791023,34.780296,30.169714,26.45294,25.876972,20.751877,22.321898,17.661352,14.740242,12.225702,6.6583815,7.3626766,5.430857,6.20144,9.974859,13.081344,14.145198,15.737347,16.37893,20.329271,19.22367,22.576689,26.427607,25.414686,22.787552,22.926691,17.729723,17.716986,14.405018,14.668078,16.74716,15.709421,15.496535,16.774254,14.939811,19.363321,19.045609,23.696781,23.736593,29.458567,29.084846,32.51174,34.32587,31.26947,34.31618,31.945637,27.562437,24.056946,21.364357,19.328661,16.751616,11.787067,9.787771,8.470439,7.4232473,9.462616,12.300184,14.268836,16.041567,16.878513,16.41121,21.20345,21.52293,25.297878,27.014446,30.398138,33.80098,34.493565,31.807922,37.07204,31.414967,35.393776,34.459503,38.59936
26,19.783457,16.702124,17.853008,12.665063,12.782759,17.29009,12.864103,17.406727,17.610277,20.186932,23.167816,25.431124,27.3359,25.221468,23.552795,18.931297,17.494164,13.1760845,12.616014,8.460614,10.83962,8.399062,7.8668756,8.7755165,7.6678395,5.30518,0.0,5.555684,7.6278844,10.342543,13.045426,19.042141,22.69538,23.587755,27.18834,27.421957,29.914991,29.820145,25.121572,21.34242,21.249062,15.9725065,18.115131,14.131013,11.3477545,9.568605,6.66279,7.9901705,8.6253605,10.615688,13.226471,15.9902725,15.7584,16.599722,16.02426,19.716738,17.906185,20.6442,24.977037,23.307755,20.25254,21.314426,16.434332,16.387083,15.047376,13.755541,16.618973,16.090511,14.763726,14.510286,11.633273,15.593014,14.714616,19.387882,19.098516,25.04969,24.41135,28.12476,30.00799,27.083717,30.15087,28.053228,23.47452,20.089693,17.122557,15.948974,12.600186,9.143097,6.487636,7.4460497,6.686036,10.430956,13.14558,13.092006,13.843755,13.571784,12.740842,17.05025,16.935425,21.199799,22.33277,26.051924,29.505556,29.917685,27.053198,32.101566,26.277433,30.179087,29.16593,33.30724
27,24.314047,21.682749,22.573153,17.414478,17.56644,21.217426,16.074314,20.606976,19.365318,21.8167,24.084394,26.422142,27.52754,24.907927,23.579914,19.018936,18.623695,14.250089,15.3131075,11.61725,15.389867,12.973613,13.386174,13.714314,11.063375,7.768815,5.555684,0.0,7.3115125,7.260948,11.850043,16.963623,20.546564,22.396118,25.522648,26.684725,29.107819,29.66313,24.815304,20.980673,21.592443,16.762903,18.048567,14.100454,13.199723,9.500826,8.470437,6.652978,8.744912,9.987514,11.099794,12.777027,12.092456,11.587812,10.90988,14.469496,12.392213,15.330698,19.505304,18.117634,15.217218,16.364658,11.541552,12.38209,11.545862,11.43257,15.135624,16.063625,16.064672,15.284694,10.879133,14.997543,13.119845,17.880735,17.11983,22.802885,22.086985,25.289606,26.864536,23.687767,26.753454,24.371052,19.984621,16.532955,13.918986,11.680718,9.498434,4.612098,4.6838565,6.368496,8.63382,11.309531,15.044486,15.005787,15.072324,14.43811,12.460619,16.520535,15.649385,19.374655,20.420818,23.304417,26.581009,27.287582,24.83349,30.345505,25.22753,29.488762,29.229158,33.642357
28,21.1475,19.107313,18.396896,13.683298,13.511355,15.495469,10.065114,14.609515,12.620237,15.598126,17.674326,20.674484,21.988054,19.43669,18.641678,13.330149,13.451759,8.9168625,10.922791,8.639526,12.7078905,13.619254,13.464842,15.8282,15.272006,12.558049,7.6278844,7.3115125,0.0,5.941405,5.4255033,12.344138,15.20997,16.607988,19.740442,20.229567,22.53167,22.728552,17.884243,14.047533,14.8004675,9.777155,12.022815,9.567544,9.068534,7.8482943,10.621465,10.9971,13.843391,16.41872,17.329184,19.319338,17.395432,17.380781,15.001718,17.750845,15.505008,16.884844,21.729778,19.63647,16.068453,19.184223,15.499967,16.180298,17.596003,15.606231,19.445894,20.215843,18.569439,16.2463,11.298674,13.701998,10.591764,15.052819,13.143339,19.44822,17.707943,21.75532,23.296299,20.292889,23.043365,21.117414,16.571392,13.28799,10.428023,10.336717,7.253009,8.184785,7.4336934,11.248715,12.216447,15.988947,18.76054,16.920267,16.00721,13.868632,11.754119,14.149676,12.107288,17.0299,16.256908,19.98792,23.313591,23.11312,20.151697,24.91486,19.230621,23.017015,22.413881,26.6672
29,23.845108,22.35412,22.368448,17.779625,18.494276,20.262396,15.478387,20.15005,17.64242,20.74499,22.165182,25.430525,26.11758,23.15772,22.91488,17.668869,18.701479,14.367135,16.831646,14.335439,18.279863,18.115414,17.433699,18.780422,17.293056,13.61801,10.342543,7.260948,5.941405,0.0,7.243572,9.843897,14.161545,15.582048,18.950846,20.328966,23.08397,23.963825,19.46557,16.094223,15.921236,12.072304,11.950684,8.4732485,10.094201,6.1697826,10.346507,8.809694,12.609382,15.2512,14.522067,15.894818,12.915258,13.278882,9.93804,12.467774,11.4251,12.725993,17.753057,16.927229,13.428734,17.563902,14.209446,16.231611,17.289433,17.12556,21.292711,22.76399,22.290466,20.39502,14.932109,17.70466,13.912115,18.251245,15.511747,21.427137,19.020115,22.528381,23.269484,19.642979,21.735613,19.015488,15.250545,11.4491205,10.117136,7.339249,8.447088,8.324961,9.955784,13.19463,15.275056,18.399912,21.917973,21.007383,20.313343,18.50194,15.894773,18.290598,15.58828,19.855028,18.52385,21.101376,24.054302,23.81574,21.368832,26.250772,21.514812,25.165724,25.359991,29.578161
30,23.427116,22.155926,20.464138,16.551111,16.327171,16.370218,11.294796,14.9681635,11.251596,14.287927,15.200921,18.791756,19.458662,16.592632,16.808222,11.287159,13.076466,9.42889,12.943453,12.32178,16.350948,18.49092,18.360035,21.075066,20.696451,17.869293,13.045426,11.850043,5.4255033,7.243572,0.0,8.291762,9.925615,11.8937845,14.442577,15.232731,17.34994,17.893745,12.991561,9.225763,10.949397,7.0693517,8.879503,8.871457,10.666966,10.258639,15.068055,15.085645,18.466797,21.183788,21.329073,22.866713,20.140455,19.741184,16.42985,18.167887,15.952974,15.996857,20.900139,18.683125,14.9831085,19.613617,17.186079,18.322449,21.107645,19.009127,23.066135,24.421928,22.723213,19.587942,14.179827,15.154993,10.794877,14.210027,10.70487,16.828644,13.828401,18.109282,19.163826,16.106253,18.339188,16.599556,12.309661,9.328283,7.154428,8.552318,7.1803803,11.34755,11.785159,15.87875,17.280426,20.896503,23.618038,21.168985,19.579817,16.699677,14.162752,14.74677,11.231236,16.108082,13.317218,16.787857,19.8158,18.902157,15.908608,20.198961,14.799692,18.303158,18.19079,22.44781
31,26.148346,26.07358,24.638296,21.489319,22.342184,21.365519,17.866156,21.45142,17.580162,20.823301,20.73236,24.830294,24.8604,21.851477,23.16151,18.001045,20.663017,17.527697,20.976297,20.274387,23.840742,25.802727,24.671257,26.950718,26.445047,22.928963,19.042141,16.963623,12.344138,9.843897,8.291762,0.0,6.199513,6.242993,9.785084,11.508048,14.627975,16.084335,12.672312,10.952422,9.703221,9.605623,6.6698103,8.14352,12.821413,11.977487,18.344915,17.730057,21.601503,24.732853,23.369823,24.45951,20.476099,21.03663,16.608624,17.106815,16.881369,15.658129,20.395704,19.835335,16.448568,22.769762,21.294073,23.586918,26.19822,25.463799,29.755703,31.528488,30.443335,27.551641,21.846981,22.914629,18.11064,20.900333,16.384537,21.364725,16.872425,20.448677,19.91228,16.289284,16.357254,13.740837,11.845213,9.094615,10.592039,10.016527,13.400002,16.931406,18.57032,22.37952,24.220749,27.655832,30.839392,28.989473,27.588175,24.833412,22.07501,22.401789,18.299927,22.410088,18.170572,20.07149,22.159786,20.322126,18.074558,21.108225,17.442316,19.512213,20.407253,23.933132
32,30.01221,29.851917,27.514425,24.686352,24.768888,22.930738,19.248363,21.609306,16.73265,19.10093,17.85122,21.75213,20.97156,17.927975,20.007202,15.715556,19.323908,17.39737,21.503345,21.882856,25.69183,28.382767,28.06233,30.787659,30.319275,27.13647,22.69538,20.546564,15.20997,14.161545,9.925615,6.199513,0.0,6.0046287,5.350894,8.54153,10.209322,12.435478,8.981397,7.980721,10.176474,11.447407,10.054071,13.423091,17.517538,17.311739,23.392097,22.781216,26.610989,29.409307,28.378122,29.18533,25.474358,24.811611,20.577606,20.471848,19.164892,17.05549,21.162321,19.656853,16.576706,23.020975,22.636179,24.570042,28.449999,26.903757,31.108599,33.21642,31.859797,28.226511,22.573696,22.392202,17.430456,18.833513,13.854197,17.560446,12.379754,15.732149,14.821939,11.708009,11.288039,9.68501,8.262694,7.5196958,9.623627,11.4711685,14.0966215,19.296389,20.920843,24.960094,26.926828,30.274794,33.176373,30.512098,28.462969,25.197983,22.359198,21.265932,16.718197,20.064854,14.59193,15.89561,17.448215,14.93377,12.860559,15.127014,12.349765,14.10689,15.8125515,19.32662
33,26.823986,27.466331,25.081594,23.056269,23.806604,21.23583,19.003479,21.506653,17.480131,20.556536,19.724514,24.108742,24.086601,21.495926,23.5276,18.783583,21.790249,19.613567,22.965046,23.265528,26.219193,29.380203,28.027796,30.872118,31.09779,27.872646,23.587755,22.396118,16.607988,15.582048,11.8937845,6.242993,6.0046287,0.0,5.444156,5.5989523,9.274447,10.584258,8.658322,9.066625,6.512407,9.881627,6.7430053,11.348585,15.6014385,16.586407,23.034151,23.187408,26.903484,30.307055,29.19822,30.53098,26.518192,27.27775,22.842915,23.155148,22.834757,21.18985,25.61261,24.745888,21.49912,27.94367,26.837225,28.822218,31.865288,30.499504,34.69542,36.271236,34.58066,31.30662,25.920944,26.180115,21.479198,23.407637,18.669115,22.915958,17.805384,21.449928,20.55751,17.646696,16.654478,15.013786,14.206938,12.86798,14.506395,15.481731,17.93534,22.325136,23.441895,27.432442,28.82336,32.51676,35.320816,32.94682,31.310804,28.209038,25.719183,25.148296,20.90924,24.94062,19.627716,21.57715,23.189102,20.377525,18.114838,19.253454,16.048576,16.419348,17.237286,19.876917
34,31.60497,32.070206,29.253942,27.252325,27.462284,24.57883,21.993954,23.672943,18.917505,21.135637,19.29707,23.322786,22.440393,19.847578,22.520412,18.73224,22.439705,21.137999,25.001379,25.887325,29.189724,32.54795,31.872643,34.85479,34.837204,31.707445,27.18834,25.522648,19.740442,18.950846,14.442577,9.785084,5.350894,5.444156,0.0,4.6633615,5.983734,8.82918,7.706243,9.28121,10.187965,13.671226,11.750025,16.328915,20.456858,21.142506,27.473108,27.25911,31.064722,34.13998,33.028637,33.97029,30.034277,29.819551,25.434109,25.13397,24.259203,21.902786,25.705027,24.437626,21.592772,28.121788,27.960337,29.856161,33.784405,32.10583,36.26202,38.23779,36.58244,32.826916,27.40093,26.858759,22.06687,22.937899,18.006311,20.879183,15.431726,18.396141,16.926773,14.624271,12.745606,12.034743,12.373207,12.592154,14.80825,16.775301,19.267927,24.534735,25.925138,30.00889,31.706738,35.21711,37.955986,35.116066,33.0196,29.622871,26.988863,25.460447,20.960749,24.12215,18.072397,19.10823,20.009281,16.670874,14.9530115,14.963616,13.351849,13.026886,14.936477,17.33834
35,28.968924,29.82598,26.59079,25.32728,25.613085,21.952072,20.437634,21.658659,17.450335,19.866795,18.19775,22.473074,22.2274,20.131311,22.74396,18.834751,22.0929,21.014444,24.320068,25.548368,28.153368,32.17024,31.07394,34.35633,34.980923,32.08842,27.421957,26.684725,20.229567,20.328966,15.232731,11.508048,8.54153,5.5989523,4.6633615,0.0,4.0799947,5.251867,5.640551,8.536319,7.519263,12.236879,10.656373,15.976706,19.510738,21.3361,27.57657,28.093475,31.700975,35.092083,34.339996,35.75332,31.893644,32.307896,27.97218,28.195477,27.36204,25.45697,29.608198,28.180021,25.079573,31.367172,30.640179,32.249058,35.848694,33.81286,37.857964,39.360664,37.20322,33.521732,28.497458,27.918316,23.468609,24.453491,19.820627,23.0966,17.877884,21.356394,20.390902,18.413652,16.986666,16.542652,16.203588,15.992534,17.393503,19.577448,21.121683,26.243198,27.00856,31.108728,32.248272,36.02109,38.456272,35.514023,33.561256,30.168749,27.912397,26.437368,22.247234,25.896805,19.960552,21.857807,23.022219,19.573025,17.392193,16.718508,14.156132,12.824617,13.604971,15.31202
36,31.934896,32.63232,29.016432,27.870695,27.70655,23.773777,22.167236,22.59735,18.074062,19.718576,17.305277,21.19961,20.445305,18.608232,21.652674,18.635391,22.191025,21.911165,25.374731,27.130405,29.79741,34.087955,33.458714,36.90932,37.508575,34.791023,29.914991,29.107819,22.53167,23.08397,17.34994,14.627975,10.209322,9.274447,5.983734,4.0799947,0.0,3.4902966,5.5363865,9.260047,10.662843,14.944604,14.242754,19.531044,22.837658,24.648851,30.739769,31.18475,34.788364,37.99598,37.41141,38.69363,34.971596,34.82052,30.591822,30.62259,29.31478,27.14917,30.96841,29.108702,26.231098,32.3253,32.065937,33.445267,37.5767,35.151985,39.08042,40.713383,38.423607,34.417927,29.575315,28.363338,24.075085,24.253279,19.758053,22.012356,16.87057,19.927883,18.87021,17.66243,16.036863,16.513577,16.501774,17.164991,18.496492,21.409742,22.52904,28.154453,28.890608,33.02335,34.208042,37.88827,40.146194,36.812862,34.556637,30.97672,28.774036,26.594374,22.431719,25.491314,19.223282,20.748737,21.464767,17.68034,15.773164,13.796053,12.250936,9.7607765,11.077035,12.256663
