,0,1,2,3,4,5,6,7,8,9,10,11,12,13,14,15,16,17,18,19,20,21,22,23,24,25,26,27,28,29,30,31,32,33,34,35,36,37,38,39,40,41,42,43,44,45,46,47,48,49,50,51,52,53,54,55,56,57,58,59,60,61,62,63,64,65,66,67,68,69,70,71,72,73,74,75,76,77,78,79,80,81,82,83,84,85,86,87,88,89,90,91,92,93,94,95,96,97,98,99,100,101,102,103,104,105,106,107,108,109,110,111,112,113,114,115,116,117,118,119,120,121,122,123,124,125,126,127,128,129,130,131,132,133,134,135,136,137,138,139,140,141,142,143,144,145,146,147,148,149,150,151,152,153,154,155,156,157,158,159,160,161,162,163,164,165,166,167,168,169,170,171,172,173,174,175,176,177,178,179,180,181,182,183,184,185,186,187,188,189,190,191,192,193,194,195,196,197,198,199,200,201,202,203,204,205,206,207,208,209,210
0,0.0,3.3787584,7.2286186,10.635415,12.620775,14.625124,18.089003,20.33965,24.32043,26.269876,29.148123,33.82319,29.87511,28.625002,22.985754,23.860264,19.996803,21.093815,18.986502,19.109594,19.584246,18.929384,23.722044,24.475668,25.299494,25.385324,21.042595,20.283234,20.490088,19.475023,21.27242,18.753878,14.811104,18.035467,18.363132,19.896759,23.927391,24.668022,25.0456,23.441452,28.781935,25.499678,31.359829,30.274597,35.024273,38.00272,38.647755,42.446545,42.792923,46.701218,44.730534,42.00387,46.867542,49.63413,47.058372,47.365696,42.312386,44.23934,40.72806,39.38493,36.494152,36.988342,34.35164,32.903557,30.467722,26.452076,26.393478,22.275103,24.368258,20.029005,24.729652,24.11065,25.059282,28.74538,29.223972,32.918106,33.85977,33.382275,37.94705,35.23042,38.76487,40.97146,38.09827,35.253555,31.405806,33.984116,28.048973,30.676554,27.954714,30.141325,29.507252,32.748188,35.35945,34.255722,34.084198,29.77723,30.267435,33.954285,28.33375,33.2896,32.004955,34.025135,35.72441,33.533512,37.21242,35.40926,40.075085,41.517548,43.215546,46.6092,46.596046,52.017174,46.691334,43.73244,40.108246,38.541172,34.706795,34.602146,30.572361,31.460005,28.577158,30.56882,30.425627,32.54849,35.979195,36.722126,43.031242,42.69185,45.2985,45.06401,49.46004,47.676323,52.042038,48.66772,52.626595,52.644943,51.05964,51.17902,46.43736,43.117954,46.695415,41.059944,44.394993,39.68676,42.97318,37.01332,40.820236,38.591484,40.571278,40.951706,41.25652,45.406914,47.165062,46.554024,48.651485,46.593273,45.44463,42.172165,40.666885,39.014534,37.919285,37.320366,39.91718,43.08858,44.856087,43.99209,49.29663,50.559845,51.31106,53.877163,50.353756,50.536884,44.3674,45.220306,40.35465,38.90943,35.47205,34.12208,30.350636,30.280134,28.038654,26.42125,30.100216,31.261143,34.153866,35.362823,37.914215,41.40545,43.2775,47.250084,48.925644,53.219833,54.01221,51.23028,49.15568,46.716423,45.398144,40.464302,38.318295,35.22817,31.061789,31.698284,27.681803,25.874743,25.189667,27.282824,28.726576,32.36607,33.28895,37.53522,38.534687
1,3.3787584,0.0,3.9378963,7.8107333,9.414948,11.52722,14.7882805,17.028673,20.997232,23.03411,25.926178,30.658865,26.924524,25.725542,20.066406,20.797626,17.102085,18.134775,16.509584,16.753166,17.848928,17.692228,22.561556,23.890558,24.73823,24.518091,20.924915,19.235323,18.829018,18.028372,19.595163,17.293335,13.2330885,15.6724415,16.748486,18.05552,21.85804,22.632675,22.503832,20.787771,26.037619,22.514591,28.44638,27.133295,32.05703,34.83057,35.651566,39.388386,39.891754,43.702442,41.69857,39.251377,44.08091,46.72704,44.29392,44.477352,39.51309,41.248077,37.711754,36.51477,33.340847,33.990345,31.282997,29.784748,27.70724,23.427162,23.600174,19.686306,21.572573,17.402857,21.672325,20.947908,21.730555,25.433842,25.846325,29.554684,30.509476,30.057415,34.65393,32.036827,35.61776,37.938053,35.005775,32.238792,28.316008,31.076336,25.129944,27.922026,25.421537,27.729723,27.460022,30.916899,33.25447,32.33471,31.727636,27.702686,28.04357,31.402224,25.671167,30.549416,29.059193,31.24506,32.77021,30.836248,34.547115,32.778156,37.60214,39.125538,41.061672,44.42395,44.693142,50.120308,44.99589,42.17841,38.23621,36.803024,32.80242,32.76641,28.532837,29.392553,26.340424,28.191929,28.37308,30.3849,34.022663,34.96891,41.08755,41.049404,43.588223,43.561584,47.822487,46.317226,50.539745,47.19508,51.304943,51.26528,49.943367,50.19176,45.44698,42.02757,45.763264,40.084583,43.46047,38.86401,41.999382,36.285843,39.79923,37.839027,39.528545,40.34951,40.777752,44.41971,46.435314,46.202976,48.20599,46.361588,44.941296,42.026367,40.49289,39.290703,37.90764,37.683395,40.39794,43.43949,45.067337,43.865986,49.131355,50.116722,50.935608,53.15404,49.910492,49.93864,43.903675,44.6691,39.799488,38.444656,35.071533,33.54312,30.230125,29.76951,27.874565,26.376698,29.683771,30.40386,33.150375,34.01507,36.54926,39.803135,41.554436,45.44299,46.969,51.325005,51.8905,48.992306,46.899563,44.390602,43.32563,38.46059,36.454796,33.527103,29.629137,30.470366,26.730392,25.272327,24.68738,26.436514,28.295855,31.43568,32.401825,36.5466,37.423492
2,7.2286186,3.9378963,0.0,5.247717,6.371345,7.74193,11.387962,13.113939,17.150587,19.123613,21.999157,26.738361,23.105446,21.974634,16.298733,17.064577,13.599471,14.872313,13.903837,14.629208,16.41566,17.069395,21.903187,23.916748,24.984428,24.539064,21.955732,19.40359,18.235723,17.936394,19.279402,17.46264,13.555554,14.633672,16.800352,17.668272,21.049131,21.885834,20.933477,19.024721,24.00742,19.990723,25.940363,24.133772,29.294626,31.527592,32.670998,36.17651,36.778553,40.535725,38.61927,36.516907,41.240196,43.808117,41.680244,41.726463,36.93526,38.419716,34.91018,34.07359,30.370672,31.389982,28.57008,26.963554,25.648687,20.887693,21.46164,17.995136,19.308039,15.311552,18.789745,17.601091,18.311354,21.782944,22.110107,25.762022,26.64319,26.323406,30.81901,28.378727,31.958054,34.41134,31.541832,28.966198,25.039352,28.139688,22.345398,25.51583,23.484337,26.060623,26.348982,30.0864,31.917635,31.192398,29.871672,26.265858,26.158964,28.94073,23.05479,27.608267,25.770227,28.036196,29.231068,27.509346,31.215664,29.329458,34.397446,35.86166,38.06854,41.309124,41.885933,47.25969,42.33351,39.688053,35.418327,34.210407,30.049845,30.192247,25.783026,26.733486,23.62926,25.433666,26.134926,28.1505,32.013454,33.1411,39.006466,39.162636,41.513412,41.65053,45.68347,44.348362,48.365967,44.973007,49.22276,49.061234,48.010006,48.447998,43.735703,40.265156,44.230007,38.579422,42.11106,37.693443,40.78855,35.505257,38.708843,37.20342,38.655907,39.980488,40.407505,43.445065,45.84718,46.012417,47.769726,46.154125,44.352745,41.831646,40.172432,39.466057,37.59347,37.797306,40.683987,43.484337,45.102104,43.44604,48.670128,49.373848,50.15946,51.96321,48.97146,48.74758,42.91567,43.467697,38.650204,37.32455,34.08616,32.489277,29.732237,28.96902,27.555143,26.363075,29.171644,29.378345,31.802519,32.38935,34.700188,37.719917,39.230965,43.020565,44.32078,48.748444,49.024128,46.088173,44.04236,41.438812,40.7674,35.894665,34.19539,31.312052,27.930214,28.83866,25.564241,24.583248,23.937035,25.224789,27.35802,29.948658,30.830107,34.84334,35.500237
3,10.635415,7.8107333,5.247717,0.0,3.9525669,5.803322,8.967852,11.93413,14.840047,18.152153,19.873182,25.31377,21.413454,19.571028,14.492445,13.843034,9.916664,10.46434,8.814756,9.457767,11.308464,12.419295,17.125004,19.601702,20.952127,20.521566,18.985294,16.14544,14.616827,15.316716,17.266941,16.616838,14.317558,15.383039,18.2897,19.623257,22.082123,22.161942,20.443048,17.701155,22.360806,17.655064,23.035788,21.2158,25.765514,27.960697,28.72492,32.15532,32.320675,36.344227,34.69329,31.999332,36.716354,39.6195,37.495014,37.83059,32.99135,34.947834,31.744194,31.34108,27.964186,29.39921,27.014875,26.021675,25.174156,20.110195,22.088251,19.304499,20.810667,18.020164,19.839464,18.489098,17.575134,21.37197,20.5428,24.383339,24.656301,23.512962,28.00549,24.824593,28.292126,30.37156,27.536697,24.7264,21.047947,23.817104,18.292835,21.654089,19.854263,22.914734,23.30682,27.191523,28.411037,27.413797,25.707384,22.015759,21.326042,24.128328,18.2619,22.834501,21.379158,23.459497,25.226084,23.296865,27.050503,25.879742,30.315554,32.44957,34.3787,38.11867,38.551777,44.204216,39.602943,36.943504,32.73758,30.967094,26.873327,26.409088,21.950562,22.350512,18.94005,20.518867,20.962835,22.93634,26.769419,27.907515,33.772842,34.02271,36.474033,36.757526,40.86289,39.965332,44.016266,40.992958,45.302937,45.39213,44.564556,44.824104,40.092064,36.431484,40.17343,34.419586,37.602962,33.248825,35.972317,30.779997,33.73225,32.357452,33.637913,35.22772,35.730484,38.417496,40.954716,41.380543,43.07053,41.644604,39.698944,37.517567,35.974865,35.74169,33.957268,34.524044,37.344868,40.12251,41.267643,39.465847,44.53789,44.958298,45.987034,47.578465,44.982834,44.88916,39.14905,40.03712,35.18668,34.330307,31.060867,28.875359,26.620779,25.10457,23.921148,22.629763,25.009687,24.845428,27.367277,27.523548,30.18823,32.97841,34.707542,38.444927,39.91759,44.2731,44.733135,41.58322,39.383965,36.879112,35.871643,31.226128,29.235344,26.742905,23.103876,24.454313,21.20634,20.458323,20.38952,21.421545,24.52722,26.350107,27.841953,31.576763,32.607903
4,12.620775,9.414948,6.371345,3.9525669,0.0,5.8485804,5.622914,9.808412,12.563944,16.218534,18.243092,23.700912,20.721611,19.21404,14.232882,13.050737,10.025964,9.575718,9.74769,9.776447,12.920315,14.168078,18.507257,21.33002,22.0931,21.037542,20.045414,16.06406,13.84408,14.205846,15.276897,14.600599,12.190368,12.073276,15.583429,16.608006,18.666754,18.810154,16.745565,14.113907,18.716013,14.114668,19.814587,18.000713,22.962242,25.417124,26.355343,30.026197,30.777887,34.39939,32.35093,30.281422,35.04205,37.50314,35.322086,35.360786,30.568043,32.117958,28.688078,28.048576,24.510378,25.754257,23.23484,22.151848,21.269457,16.174484,18.211956,15.649445,17.187593,15.0611515,16.314558,15.464941,14.027376,18.336819,17.559011,21.558117,22.183533,21.044983,25.916962,22.998432,26.69642,29.074802,25.841585,23.043674,18.97702,21.90249,15.993388,19.194548,17.421124,20.244291,21.00759,24.981407,26.233356,25.680918,23.814915,20.622866,20.435722,22.920364,17.079985,21.874907,20.164762,22.863808,24.377829,23.266665,27.047668,26.121717,30.747961,33.09252,35.424713,39.0602,39.957,45.536,41.268707,38.85027,34.254707,32.758877,28.51616,28.14979,23.507555,23.724194,19.997465,20.992918,21.771936,23.13689,27.191587,28.719202,34.161007,35.144905,37.63367,38.307953,42.2568,41.921474,45.76817,42.91042,47.356373,47.409645,46.908066,47.280914,42.601997,38.867596,42.64996,36.91067,39.911877,35.72692,38.001446,32.982872,35.467026,34.129333,34.846428,36.83275,37.730736,39.885105,42.42033,43.25027,45.097225,43.91145,41.92404,40.119328,38.75917,38.858635,37.17013,37.943348,40.707718,43.473278,44.308067,42.421932,47.34994,47.487648,48.71208,49.99519,47.776978,47.631405,42.068226,42.957745,38.16608,37.44067,34.272068,31.920143,30.061504,28.185455,27.219568,25.845268,27.925186,27.379333,29.848392,29.417397,32.253407,34.592815,36.24546,39.78231,41.075676,45.4482,45.59819,42.197598,39.91141,37.352154,36.62722,32.339638,30.408125,28.468964,25.084036,26.861212,23.926838,23.4638,23.703165,24.436182,27.874968,29.188894,30.726688,34.267296,35.150234
5,14.625124,11.52722,7.74193,5.803322,5.8485804,0.0,7.2999673,6.908667,10.394497,12.6942835,14.685567,19.775059,15.83603,14.387586,8.954875,9.393195,6.2410436,8.645377,9.104472,11.3404665,14.009212,16.350412,20.566967,23.706478,25.39372,24.809511,24.241371,20.818747,18.548164,19.588085,20.874079,20.434834,17.784979,16.965326,20.695011,21.077768,23.227304,23.788843,21.19016,18.680382,22.602533,17.418251,22.690756,19.757423,24.894163,25.62904,27.31543,30.07488,30.478151,34.34939,32.935562,31.172562,35.557583,38.236507,36.845238,36.82055,32.457592,33.704338,30.534046,30.795471,26.186562,28.278921,25.537,24.052046,24.68353,19.059305,21.075798,19.055164,19.157179,16.330698,17.067678,14.539065,14.343831,16.910633,16.354355,19.79336,19.991083,19.648062,23.664766,21.259306,24.66163,27.156214,24.667526,22.524906,18.946226,22.654776,17.755949,21.838768,21.084711,24.355516,25.673075,29.791533,30.315697,29.749268,26.912289,24.172604,22.692436,24.119183,18.12074,21.535955,19.070545,21.148779,21.774025,20.176498,23.829546,21.808418,27.128357,28.583351,31.133942,34.28848,35.306763,40.643345,36.17842,33.843353,29.090117,28.10632,23.748945,24.070122,19.431702,20.484423,17.430843,19.220047,20.99602,23.171646,27.298159,28.632082,33.936695,34.2307,36.12664,36.497097,40.047863,39.000225,42.612316,39.2108,43.665535,43.344143,42.81829,43.542313,38.9493,35.412548,39.694466,34.198555,37.943832,33.971867,36.975357,32.711494,35.287823,34.790314,35.8983,38.103657,38.371212,40.230385,43.39655,44.246647,45.39735,44.22057,41.68555,39.94825,38.046448,38.31509,35.539066,36.58059,39.710648,41.976448,43.530357,41.022373,46.06398,46.229385,46.923565,47.924324,45.455933,44.785885,39.44153,39.64551,35.021034,33.88283,30.979725,29.202215,27.692225,26.302124,25.921597,25.41914,27.079016,26.268993,27.923904,28.003086,29.75828,32.292534,33.32897,36.901558,37.812603,42.320496,42.14966,39.189667,37.256004,34.518147,34.527634,29.640177,28.584099,25.772352,23.566065,24.516981,22.3618,22.416883,21.706379,21.96421,24.667742,25.93544,26.757029,30.333593,30.675125
6,18.089003,14.7882805,11.387962,8.967852,5.622914,7.2999673,0.0,6.56686,7.765904,12.359982,13.95889,19.53571,17.679697,16.406889,12.35881,9.997151,8.864353,7.2327514,10.18763,10.347737,14.59183,16.657307,20.137901,23.657118,24.274696,22.720814,23.199234,18.230907,15.059253,15.890626,16.046028,16.211178,14.616803,12.3252125,16.853271,17.173046,18.002926,18.06704,14.672355,11.938759,15.393973,10.1429405,15.612182,12.984856,18.43752,20.26447,21.717854,25.219707,26.503115,29.735308,27.542065,26.352047,30.938782,32.98947,31.17773,30.86223,26.390127,27.352316,23.88465,23.690392,19.382727,21.126081,18.521454,17.452028,17.88931,12.265895,15.389422,14.217602,14.892161,14.363886,13.1806555,12.247081,9.173026,13.681452,12.20641,16.326172,16.943312,15.640769,20.74083,18.091366,21.936947,24.628304,21.147032,18.606232,14.302137,17.747175,12.049919,15.623678,14.85873,17.78434,19.60689,23.754515,24.18093,24.190353,21.254185,19.245329,18.718618,19.96033,14.274149,18.507452,16.219309,19.494354,20.456047,20.390999,24.062944,23.485336,28.208975,30.792389,33.605465,37.076164,38.59227,44.020702,40.361694,38.34316,33.283817,32.128223,27.796587,27.545116,22.808985,22.807222,18.92515,19.211922,20.80255,21.57812,25.874832,27.848114,32.492306,34.235413,36.504555,37.652752,41.178932,41.522972,44.951202,42.29847,46.909718,46.871353,46.915466,47.50298,42.97908,39.19467,43.08971,37.50895,40.390354,36.618225,38.418144,34.112835,35.850216,35.063366,35.11307,37.853683,38.987335,40.074604,42.96293,44.467327,46.127304,45.367287,43.010246,41.9123,40.601807,41.41534,39.412388,40.71312,43.517395,46.0087,46.559612,44.2291,48.907574,48.551834,49.892662,50.52349,48.899574,48.51234,43.379005,44.11702,39.51992,39.012512,36.115868,33.57191,32.599194,30.19752,29.865046,28.75677,30.05817,28.7574,30.783663,29.601292,32.293026,33.93753,35.28435,38.470745,39.40469,43.772552,43.4239,39.787766,37.48456,34.84805,34.718708,30.87135,29.319227,28.019194,25.477842,27.618484,25.518658,25.743721,26.194622,26.247856,30.1292,30.427073,31.97754,35.07809,35.706535
7,20.33965,17.028673,13.113939,11.93413,9.808412,6.908667,6.56686,0.0,4.8977203,6.4160995,9.326848,14.1055,12.048542,11.697262,7.279484,7.4585977,8.020731,9.41673,12.804061,14.725056,18.449558,21.203255,24.7538,28.426302,29.720291,28.531288,28.962027,24.449694,21.39375,22.372574,22.55401,22.383945,19.870901,16.933786,21.386839,20.80641,21.998245,22.867865,19.330679,17.343674,20.01592,14.965832,19.823692,15.997608,21.785303,21.416655,24.077751,26.444565,27.751913,30.901293,29.242477,29.01475,33.059315,34.98757,34.146755,33.505836,29.711386,29.881342,26.597948,27.225576,21.467169,23.955578,20.874594,18.912533,21.103611,15.290615,17.457676,16.805317,15.484494,14.006272,12.271217,9.0099945,8.607879,10.10426,9.786041,13.024117,13.653398,14.191458,18.223614,17.018454,20.575247,23.763361,21.106266,19.669926,15.936515,20.411,16.095179,20.24979,20.487242,23.467297,25.76067,29.911318,29.876001,30.057281,26.35295,24.94467,23.474194,23.497644,17.92443,20.400993,16.987286,19.737925,19.065882,19.046003,22.432154,20.338608,26.230127,27.534336,30.950516,33.530087,35.530334,40.46341,36.7019,34.96655,29.527657,29.37796,24.905077,25.72338,21.068005,22.096748,19.080057,20.063812,22.878504,24.336252,28.681358,30.519596,34.82464,36.01082,37.586075,38.486774,41.44914,41.08462,44.11356,40.818245,45.442944,44.87215,44.97721,46.069847,41.713863,38.217873,42.71094,37.48463,41.17946,37.693962,40.21946,36.7144,38.506405,38.52384,38.89901,41.842567,42.41657,43.19407,46.66987,48.203552,49.224266,48.47358,45.60371,44.560974,42.72279,43.63496,40.56091,42.06737,45.23302,47.225994,48.560772,45.628185,50.4148,50.090878,50.855644,51.14115,49.26672,48.256,43.42847,43.322044,38.980495,37.946644,35.413883,33.611763,32.96771,31.18711,31.391466,31.093208,32.089493,30.579659,31.7378,31.054794,32.51731,34.251183,34.78394,37.895187,38.224358,42.74166,41.78665,38.65616,36.811733,33.928867,34.93327,30.540583,30.128925,27.985643,26.895702,28.152384,26.922064,27.607674,27.077347,26.683092,29.596178,29.887093,30.489006,33.56799,33.397236
8,24.32043,20.997232,17.150587,14.840047,12.563944,10.394497,7.765904,4.8977203,0.0,6.117432,6.300198,12.002868,11.018279,10.27253,8.321645,5.703636,8.430046,8.268265,12.831218,14.487533,18.457922,21.554968,24.30574,28.348944,29.573616,28.15921,29.708876,24.805166,21.353394,22.865248,22.895145,23.565815,22.120255,18.842196,23.599781,23.133179,23.37053,23.724522,19.478418,17.191357,18.713934,13.40521,17.008272,12.62698,17.991158,16.739655,19.655125,21.67289,23.08398,26.100775,24.573578,24.67163,28.496546,30.335138,29.820898,29.119568,25.624992,25.651657,22.653112,23.979809,17.993408,21.165945,18.498219,17.11579,20.412704,14.680256,18.125704,18.549858,17.228153,17.311483,13.802897,11.047245,8.117345,9.269253,6.6916504,10.038124,9.820124,9.4516535,13.718798,12.190905,15.847122,19.106552,16.298206,15.0685215,11.509857,16.241016,12.888902,17.205498,18.390062,21.501122,24.335451,28.450167,27.594633,27.951344,23.490015,22.90576,20.931498,19.947145,14.889399,16.489973,12.759127,15.810878,14.887258,15.786276,19.022362,17.815071,23.219812,25.190987,28.728298,31.505232,33.81719,38.777008,35.699047,34.244423,28.673353,28.371843,24.03357,24.490744,19.947683,20.387054,17.238537,17.419888,20.631847,21.54533,25.87319,27.975824,31.591888,33.3544,34.817635,36.12507,38.80758,39.1977,41.93828,39.077198,43.781185,43.3339,43.91735,44.997314,40.7886,37.206234,41.524635,36.431347,39.73382,36.608242,38.536247,35.57441,36.716694,37.106422,36.956264,40.41341,41.184246,41.129875,44.80007,46.837772,47.736847,47.344063,44.267,43.82773,42.15159,43.66783,40.615025,42.535046,45.59649,47.437237,48.298218,45.138855,49.615364,48.85612,49.845135,49.641075,48.38253,47.353107,42.894646,42.936012,38.766537,38.169838,35.81875,33.606476,33.712864,31.292362,31.917007,31.663443,32.015926,29.944494,30.871958,29.46145,31.018526,32.08451,32.540985,35.315945,35.505733,39.920204,38.7524,35.320732,33.370987,30.523012,31.74401,27.917734,27.612915,26.2628,25.641722,27.358257,26.699068,27.845304,27.796974,26.935839,30.513767,29.8052,30.774353,33.33014,33.26084
9,26.269876,23.03411,19.123613,18.152153,16.218534,12.6942835,12.359982,6.4160995,6.117432,0.0,5.175843,7.9755588,7.8480906,9.24698,7.6468673,8.97287,11.8928795,13.60995,17.536818,19.838064,23.460905,26.626022,29.710152,33.645817,35.133614,33.904198,34.945004,30.276314,26.985102,28.181517,28.06227,28.125864,25.71767,22.01095,26.548923,25.38024,26.051668,27.154438,23.166641,21.627214,23.060696,18.396408,22.078459,17.518225,23.047356,20.656565,24.348158,25.563402,27.185226,29.812305,28.54756,29.607529,32.94902,34.432304,34.555637,33.494404,30.56418,29.809793,26.855703,28.32748,21.532972,24.7065,21.570917,19.262146,23.286728,17.81598,19.817478,20.35055,17.654112,16.942204,13.507493,9.242414,9.854141,7.29645,7.596461,8.806836,9.247902,11.818094,14.316771,15.046867,18.041334,21.677673,19.748217,19.568943,16.659624,21.569836,18.840862,23.006008,24.273539,27.128448,30.035032,34.106827,33.39217,33.931873,29.429062,29.006605,26.976759,25.643213,20.800924,21.565786,17.419811,19.82766,17.455076,18.406202,21.095617,18.251356,24.698887,25.11866,29.23915,30.894093,33.703167,37.9997,34.78178,33.63778,27.788513,28.652498,24.309498,25.894623,21.64779,23.084131,20.84282,21.662642,25.416477,26.789923,31.024704,32.95764,36.38009,37.670433,38.622772,39.65675,41.885727,41.559174,43.94971,40.480293,45.10707,44.135643,44.682983,46.2247,42.20146,38.960773,43.755432,39.010983,42.985207,40.033222,42.593628,40.05463,41.385124,42.153004,42.31192,45.724545,46.12703,46.093754,50.03478,51.954315,52.49989,52.020798,48.701138,48.130272,46.078747,47.447212,43.69307,45.59132,48.90618,50.433407,51.99057,48.512836,53.113182,52.500385,52.996685,52.647015,51.05595,49.53817,45.290646,44.593693,40.660683,39.504784,37.451714,36.005646,36.107674,34.40159,35.225426,35.460625,35.857716,33.876038,34.263233,33.425068,34.020203,35.26413,35.047276,37.736042,37.381985,41.858513,40.132824,37.27118,35.800426,32.79833,34.981056,30.753956,31.355093,29.251694,29.595776,30.519691,30.305391,31.554338,30.704,29.721949,32.24517,31.867605,31.902208,34.510506,33.669483
10,29.148123,25.926178,21.999157,19.873182,18.243092,14.685567,13.95889,9.326848,6.300198,5.175843,0.0,6.206234,6.022559,6.410776,8.083804,7.306806,11.506627,12.683098,16.80171,19.208723,22.59377,26.11072,28.486546,32.657017,34.36451,33.19832,35.13467,30.510733,27.083284,28.909113,29.064919,29.860489,28.323505,24.882244,29.619854,28.84046,29.026598,29.578882,25.174461,23.126808,23.934753,18.924294,21.396357,16.589174,21.103348,17.49513,21.273773,21.713898,22.857176,25.685379,25.037138,25.961046,28.932405,30.692163,31.303043,30.42986,27.844473,27.29188,24.911133,27.26619,20.626291,24.512047,22.002876,20.485498,25.11636,19.7121,22.849953,23.808874,21.556496,21.538961,17.522676,13.845013,12.44801,10.299447,8.123356,8.708417,6.99592,8.641083,10.17816,10.551902,13.192154,16.710558,15.269518,15.58733,13.568068,18.445787,17.127073,21.45806,23.488531,26.63587,29.777142,33.80779,32.306633,32.723686,27.586773,27.634167,24.790049,22.576305,18.334076,17.788404,13.437016,15.394041,12.444367,13.854375,16.2613,13.92055,20.009157,20.902153,25.062696,26.961864,29.937279,34.328552,31.690477,30.755932,24.875328,25.501608,21.347786,22.616573,18.612528,19.657202,17.660027,18.052666,22.24224,23.470621,27.518633,29.479916,32.317276,33.715057,34.39948,35.630398,37.53802,37.65477,39.77478,36.619087,41.28412,40.41372,41.35368,42.879456,39.014137,35.74473,40.398785,35.860085,39.58841,37.02135,39.228916,37.355145,38.191494,39.46727,39.38234,43.159473,43.503277,42.78049,47.000614,49.259182,49.501217,49.302143,45.716557,45.6492,43.631058,45.535873,41.635967,43.933662,47.181034,48.46335,49.72099,45.959732,50.271328,49.312115,49.884464,49.088768,47.979008,46.38715,42.527905,41.892406,38.173794,37.40422,35.574287,33.83782,34.693375,32.511585,33.806057,34.24938,33.987736,31.5213,31.517536,30.224648,30.620375,31.342606,30.93837,33.34836,32.84472,37.242416,35.37446,32.37349,30.899532,27.908789,30.370419,26.468433,27.379457,25.734715,26.765406,27.845562,28.306467,30.025656,29.451086,27.984257,30.96648,29.633743,29.940298,32.009716,31.26236
11,33.82319,30.658865,26.738361,25.31377,23.700912,19.775059,19.53571,14.1055,12.002868,7.9755588,6.206234,0.0,6.5258765,9.30786,12.1680975,13.190843,17.203043,18.859182,22.808111,25.378393,28.647968,32.20902,34.59085,38.756752,40.55325,39.399036,41.2855,36.63566,33.184402,34.854404,34.755566,35.326202,33.39355,29.473377,34.113564,32.816376,32.961067,33.91872,29.529797,28.021536,28.348276,23.929094,26.025167,21.140642,25.460285,20.726006,25.1235,24.610916,26.072638,28.168758,27.834034,29.95477,32.21817,33.413445,34.807426,33.5239,31.738447,30.309732,28.181074,30.853096,23.667738,27.626373,24.99472,23.01429,28.48709,23.550497,25.89949,27.317125,24.133781,24.155796,19.806568,15.821874,16.00159,11.607698,11.120411,9.150861,7.7096825,11.731368,10.636793,13.761301,15.194218,18.810556,18.379759,19.826097,18.55133,23.266,22.712175,26.74287,29.059603,31.926529,35.293037,39.22585,37.588654,38.281204,32.94505,33.46375,30.59739,27.829235,24.131111,22.773678,18.364712,19.776722,15.590281,17.537006,18.915895,15.596475,21.900698,21.308783,26.049458,26.58615,30.324263,33.763348,31.569736,31.252903,25.212482,27.075758,23.275742,25.443058,22.1014,23.693403,22.551216,23.064243,27.575066,28.834003,32.660835,34.56275,36.79112,38.06567,38.197414,39.36936,40.609615,40.453884,41.96944,38.519077,43.033127,41.682487,42.875343,44.86087,41.368793,38.489243,43.40876,39.396626,43.46813,41.29839,43.729202,42.497005,43.17999,44.898327,44.81431,48.735596,48.88243,47.801655,52.277782,54.65476,54.551373,54.45015,50.606377,50.70408,48.467056,50.480965,46.04119,48.46332,51.84693,52.772545,54.418835,50.317287,54.534782,53.50249,53.722168,52.531307,51.451897,49.393436,46.009556,44.739395,41.426525,40.35365,38.94541,37.77101,38.920025,37.138042,38.721546,39.545254,39.1046,36.54862,36.00424,34.90846,34.483192,34.987648,33.88135,35.900444,34.724026,38.982944,36.367928,33.90039,32.948254,29.936071,33.483337,29.707718,31.510923,29.66833,31.699968,32.282707,33.312817,35.223164,34.20832,32.52189,34.778194,33.352543,32.943485,34.719723,33.259075
12,29.87511,26.924524,23.105446,21.413454,20.721611,15.83603,17.679697,12.048542,11.018279,7.8480906,6.022559,6.5258765,0.0,3.689243,7.043546,9.498795,12.811932,15.716962,18.673052,21.89107,24.496645,28.149708,30.74389,34.715923,37.02318,36.358753,37.84387,33.909733,30.820621,32.741642,33.383163,33.885384,31.814173,28.875397,33.402676,32.61473,33.47474,34.305252,30.221859,28.154102,29.526316,24.347878,27.201283,22.464785,26.832191,22.915144,26.58955,26.476498,26.864325,30.038929,30.058655,30.56879,33.25711,35.414986,36.378696,35.71385,33.258064,32.916004,30.760439,33.252068,26.638218,30.513166,27.900576,26.124847,30.553534,25.016567,27.552137,27.960093,25.468294,24.24253,21.340376,16.917082,17.339703,14.535035,13.712246,13.640116,12.03272,14.287683,14.212,14.992274,16.639671,19.604519,19.391445,20.061665,18.679352,23.368477,22.23563,26.797018,28.621407,32.005886,34.882782,38.995285,37.596565,37.693336,32.628246,32.199745,28.876814,26.836515,22.459057,21.454498,17.284475,17.9919,14.60896,14.5083275,16.397095,11.914063,18.943134,18.010979,22.333166,23.367748,26.334028,30.326092,27.17599,26.300055,20.333733,21.84761,17.74606,20.113987,16.588423,18.801287,18.01751,19.488379,23.909908,26.039228,29.842896,31.330122,34.37033,34.65314,34.805054,35.43422,37.030804,35.97984,37.933056,34.04579,38.558277,37.23167,37.91245,39.793243,36.070942,33.175484,38.2636,34.101486,38.590553,36.16464,39.249615,37.82321,39.06341,40.775566,41.344997,44.855587,44.555695,44.115425,48.635075,50.53915,50.25988,49.865467,46.02353,45.692764,43.200542,44.908028,40.211388,42.493725,45.98104,46.855576,48.906433,44.81543,49.253704,48.564857,48.5237,47.73265,46.107265,44.05716,40.373856,39.012222,35.549866,34.24378,32.741905,31.813559,32.73543,31.334372,32.90713,33.99399,33.664043,31.360434,30.71371,30.301186,29.555508,30.748299,29.728203,32.248524,31.4109,35.88389,33.854374,31.653606,30.708786,27.62848,30.636581,25.960398,27.714542,24.894363,26.86324,26.884838,27.852488,29.703064,28.252728,26.602852,28.437057,27.366528,26.740602,28.823551,27.405436
13,28.625002,25.725542,21.974634,19.571028,19.21404,14.387586,16.406889,11.697262,10.27253,9.24698,6.410776,9.30786,3.689243,0.0,5.865065,7.018924,10.235605,13.123395,15.713928,19.04778,21.356356,25.10515,27.471285,31.450014,33.91085,33.38849,35.095844,31.390247,28.394852,30.611595,31.594198,32.386612,30.73351,28.284636,32.82609,32.447548,33.29241,33.78173,29.693083,27.222666,28.77008,23.279427,25.99314,21.431715,25.391823,21.79021,24.979664,25.002651,24.84066,28.50206,28.709265,28.389805,31.232248,33.85059,34.60317,34.28338,31.57734,31.829561,29.816336,32.376205,26.26632,30.197811,27.863272,26.52345,30.562853,24.897303,27.977777,28.16619,26.277605,25.07426,22.381573,18.250765,17.724655,16.06307,14.33896,15.045661,13.031311,13.952929,14.342326,13.698222,15.417584,17.948181,17.711294,17.966263,16.74282,21.196762,20.16786,24.849821,26.635818,30.252691,32.956238,37.068867,35.54206,35.363255,30.31448,29.643633,25.994595,24.097708,19.678,18.615074,14.687897,15.051367,12.305568,11.353803,13.6467905,9.508611,16.370745,16.249865,20.160316,22.043848,24.537254,29.092897,25.839653,24.652885,18.836575,19.503155,15.250131,17.05361,13.241107,15.234508,14.332025,15.927968,20.315876,22.631311,26.387146,27.775303,31.021929,31.134203,31.40947,32.005157,33.8366,32.879314,35.083733,31.369915,35.96047,34.90215,35.52716,37.16499,33.289974,30.197367,35.143913,30.790966,35.126747,32.619713,35.624336,34.140476,35.388622,37.106407,37.740597,41.21819,40.874744,40.472195,44.98982,46.86179,46.57503,46.181114,42.35105,42.04663,39.605167,41.404778,36.833744,39.188377,42.61167,43.541412,45.388424,41.33832,45.75464,45.03589,45.123882,44.414936,42.85221,40.983734,37.17604,36.112705,32.515457,31.464169,29.832142,28.56995,29.613842,27.921236,29.551674,30.613764,30.13047,27.736979,27.141243,26.639694,26.081663,27.331907,26.561407,29.253168,28.725935,33.258705,31.623419,29.21137,28.059181,24.99891,27.522608,22.708624,24.200697,21.378706,23.185835,23.330545,24.309965,26.251041,25.001257,23.258657,25.533377,24.182215,23.974028,26.036285,25.024977
14,22.985754,20.066406,16.298733,14.492445,14.232882,8.954875,12.35881,7.279484,8.321645,7.6468673,8.083804,12.1680975,7.043546,5.865065,0.0,5.542655,6.7682457,10.702813,12.900599,16.260109,18.790127,22.182138,25.397055,29.11412,31.378328,30.857254,31.599335,27.98587,25.210903,26.948118,27.966196,28.17166,25.895283,23.782127,28.074558,27.750965,29.185625,29.912968,26.32653,23.960667,26.429201,20.946133,24.904764,20.69526,25.540665,23.559984,26.385569,27.56783,27.78178,31.52587,30.988157,30.259912,33.7934,36.382847,36.30724,36.006306,32.608303,33.10013,30.48012,32.113846,26.220749,29.487207,26.75683,25.070744,28.021652,22.18624,24.649914,24.046505,22.492346,20.4165,18.952843,14.845624,15.128569,14.614488,13.788151,15.689478,14.879197,15.749788,17.914017,16.761393,19.416142,22.143618,20.859833,20.119873,17.66769,22.189732,19.408453,24.092096,24.948753,28.47741,30.758486,34.956314,34.26674,34.001522,29.713255,28.245464,25.3895,24.754276,19.415707,20.218487,16.599531,17.844378,16.44219,15.115037,18.153767,14.621493,21.086409,21.318611,24.705101,26.924925,28.791666,33.58604,29.569525,27.846977,22.385006,22.59262,18.114487,19.62408,15.24412,17.245878,15.440906,17.440157,20.993946,23.453964,27.507696,28.877268,33.089108,33.160755,34.051872,34.460804,37.00186,35.736156,38.543995,34.72299,39.269806,38.382477,38.41646,39.7881,35.575344,32.339455,37.21658,32.369804,36.739594,33.570515,36.840523,34.224937,36.14093,37.02976,37.966255,40.93391,40.737812,41.325874,45.383316,46.79475,47.020573,46.25222,42.872925,41.892036,39.530075,40.635475,36.53691,38.343117,41.77174,43.181797,45.16472,41.64239,46.429016,46.154243,46.3484,46.37458,44.256016,42.754177,38.25312,37.4993,33.442226,32.115673,29.963438,28.725212,28.645493,27.311,28.189842,28.802202,29.218292,27.482014,27.695246,27.64443,27.83934,29.809437,29.692741,32.84785,32.864613,37.455265,36.37415,33.85233,32.44051,29.456821,31.038925,25.955439,26.50231,23.34349,23.619978,23.86847,23.622242,24.859205,23.498392,22.51311,24.650423,24.59984,24.508663,27.407246,26.746977
15,23.860264,20.797626,17.064577,13.843034,13.050737,9.393195,9.997151,7.4585977,5.703636,8.97287,7.306806,13.190843,9.498795,7.018924,5.542655,0.0,4.4424314,6.2265577,9.627608,12.48572,15.493984,19.07479,21.661928,25.710272,27.709208,26.900581,28.569143,24.52479,21.438782,23.614197,24.620775,25.56814,24.361597,22.268402,26.811117,26.890944,27.609686,27.703775,23.728966,20.892672,22.893118,17.156002,20.383099,16.284674,20.53126,18.835518,21.211775,22.658134,22.749977,26.657621,26.037666,24.853378,28.561161,31.301983,30.98917,30.88011,27.330723,28.223938,25.775063,27.601557,22.250187,25.692865,23.468287,22.531757,25.467684,19.707893,23.310278,23.129763,22.259993,21.390512,18.987104,15.7946005,13.694217,14.495857,11.944468,14.522551,13.156646,12.252662,15.221733,12.607448,15.619384,18.11204,16.23721,14.943926,12.393487,16.74184,14.193319,18.945719,20.139778,23.831654,26.259987,30.415833,29.273867,28.978678,24.405525,23.212734,20.117504,19.227818,13.975554,14.833789,11.330542,13.070334,12.591874,11.70352,15.20035,13.592843,18.966227,20.89156,23.985281,27.143114,28.933035,34.183163,30.804657,29.096098,23.76793,23.006363,18.658146,18.939966,14.324866,14.986008,12.138297,13.1536875,16.655088,18.52352,22.716654,24.39725,28.408148,29.21939,30.463444,31.368738,34.1094,33.920933,36.81657,33.750103,38.42578,38.010925,38.407555,39.42524,35.162743,31.5887,35.98525,30.910254,34.49833,31.379147,33.77125,31.084782,32.477448,33.263466,33.64185,36.962826,37.202633,37.2976,41.26598,43.076485,43.546864,43.0521,39.742188,39.211983,37.25446,38.825954,35.339306,37.394367,40.558525,42.168804,43.29996,39.90877,44.435364,43.77816,44.51811,44.359367,42.88625,41.76176,37.304146,37.24355,33.09368,32.49785,30.205246,28.053421,28.40167,26.048668,26.977304,27.151812,27.196278,25.034576,25.601719,24.5868,25.682434,27.080032,27.460064,30.476475,30.807545,35.30848,34.46269,31.28488,29.430866,26.555527,27.578316,23.132856,23.01484,20.971657,20.699743,21.970425,21.653961,23.071701,22.729517,21.591751,25.102736,24.162819,25.12448,27.634338,27.667664
16,19.996803,17.102085,13.599471,9.916664,10.025964,6.2410436,8.864353,8.020731,8.430046,11.8928795,11.506627,17.203043,12.811932,10.235605,6.7682457,4.4424314,0.0,4.761763,6.1624084,9.531792,12.121406,15.53602,18.700771,22.466322,24.629423,24.118345,25.100784,21.583817,18.91553,21.036013,22.58282,23.287952,21.943666,20.830645,25.020393,25.543787,26.807497,26.819221,23.398546,20.35239,23.259703,17.486729,21.420204,17.990562,22.220175,21.803053,23.473963,25.529007,25.289186,29.509539,28.752167,26.654821,30.726622,33.798824,32.910698,33.118057,29.072695,30.575094,27.97627,29.229828,24.572012,27.50418,25.281384,24.407682,26.205175,20.444996,23.772211,22.754318,22.604885,20.97983,19.895103,17.021973,15.286187,17.175554,15.118184,18.217653,17.287283,16.146006,19.539715,16.42877,19.467255,21.55805,19.525284,17.561848,14.738984,18.46647,14.919377,19.518934,19.821201,23.605991,25.401468,29.565105,28.982721,28.282848,24.44401,22.278334,19.466057,19.848583,14.100764,16.257643,13.66691,15.185906,15.910469,13.971119,17.657257,16.16316,21.051086,23.06861,25.530264,29.066692,30.158339,35.682384,31.74222,29.576517,24.714771,23.363184,19.03478,18.924444,14.176664,14.822881,11.659498,13.34027,15.833859,18.178083,22.32003,23.703043,28.57602,28.88188,30.498817,31.05967,34.337116,33.707355,37.094074,33.957516,38.532642,38.310642,38.220264,38.957565,34.46741,30.81147,35.06412,29.680513,33.284393,29.69977,32.40361,28.955622,30.960445,31.217659,32.064278,34.858433,34.997314,35.947517,39.615086,40.948383,41.648357,40.83119,37.82216,36.74891,34.792656,35.869087,32.6879,34.38026,37.523384,39.42273,40.657867,37.630466,42.396076,42.103477,42.86243,43.282978,41.36251,40.53542,35.60123,35.826504,31.382133,30.699217,28.052553,25.842802,25.465467,23.311977,23.742056,23.661856,24.268066,22.624012,23.727737,23.230993,24.754858,26.806158,27.672009,31.071684,31.882889,36.379448,36.120937,33.022617,31.059404,28.311604,28.487854,23.710085,22.923044,20.407269,18.985632,20.172657,18.965189,19.879072,19.495121,18.880657,22.40888,22.262886,23.457916,26.447378,26.889465
17,21.093815,18.134775,14.872313,10.46434,9.575718,8.645377,7.2327514,9.41673,8.268265,13.60995,12.683098,18.859182,15.716962,13.123395,10.702813,6.2265577,4.761763,0.0,4.9142566,6.5276575,10.25572,13.5421295,16.151306,20.208258,21.79007,20.785769,22.575016,18.365633,15.277521,17.68018,19.044355,20.403917,20.083302,18.91294,23.221378,24.055643,24.629635,24.08731,20.429522,17.031322,19.582836,13.752822,17.192915,14.204306,17.964605,18.508345,19.554264,22.232042,22.170269,26.30363,25.165045,22.722277,27.099367,30.111078,28.759811,29.071758,24.75212,26.592072,23.98753,25.07583,21.121223,23.901093,22.10855,21.874159,23.335377,17.843744,21.976053,21.302195,21.802565,21.272812,19.519653,17.621885,14.191488,17.248884,14.298354,17.854477,16.920063,14.543261,18.721392,14.732664,18.061153,19.953453,17.145412,14.45868,11.19594,14.414286,10.345444,14.854015,15.159086,19.030663,20.907507,25.051624,24.257315,23.599903,19.698673,17.656546,15.042453,15.636647,9.713385,12.956644,10.953195,13.312677,15.107451,13.998213,17.773266,17.894451,21.751787,24.949396,27.232264,31.27387,32.40374,38.113495,34.70303,32.627308,27.866056,26.02539,21.916922,20.997046,16.367496,15.809873,11.760595,12.048359,13.902069,15.2418585,19.557354,21.348385,26.056807,27.31344,29.398611,30.478466,33.95856,34.376114,37.801327,35.36542,39.977448,40.13056,40.327126,40.778187,36.304825,32.436497,36.18715,30.666325,33.438362,29.884087,31.632282,27.912186,29.417763,29.303743,29.493052,32.560722,33.303482,33.90052,37.293243,38.984646,40.11215,39.528023,36.74632,36.031975,34.570904,35.95209,33.561058,35.3405,38.168316,40.335968,40.741302,38.00128,42.506756,41.90613,43.217102,43.546646,42.196537,41.759155,36.868233,37.71419,33.23649,33.129498,30.383997,27.47357,27.297132,24.338013,24.612434,23.920193,24.372162,22.49447,24.12911,22.682646,25.240555,26.72187,28.099815,31.29226,32.370277,36.700493,36.61304,32.964104,30.617453,28.04185,27.643183,23.69032,22.125309,20.889006,18.662853,20.936384,19.440367,20.2934,20.98442,20.436209,24.963663,24.267103,26.24906,28.911715,29.839306
18,18.986502,16.509584,13.903837,8.814756,9.74769,9.104472,10.18763,12.804061,12.831218,17.536818,16.80171,22.808111,18.673052,15.713928,12.900599,9.627608,6.1624084,4.9142566,0.0,3.9735084,5.998578,9.496681,12.561147,16.332026,18.51371,18.17733,19.438717,16.362598,14.07685,16.760502,19.122025,20.418901,20.255407,20.494188,24.21896,25.6144,26.727724,26.016598,23.02791,19.462814,22.683622,17.099575,20.607052,18.347399,21.454853,22.582056,22.949526,25.671682,24.850327,29.411736,28.580921,25.04095,29.473808,33.024456,31.368902,32.155216,27.59597,30.153616,27.743761,28.60127,25.426517,27.901339,26.291769,26.198322,26.828405,21.534208,25.35606,23.967152,25.042538,23.758911,23.166418,21.29778,18.486692,21.721228,19.109688,22.650255,21.654865,19.289186,23.131212,18.82836,21.774815,23.076616,20.686354,17.782145,15.100733,17.394073,13.472969,17.453127,16.996193,20.917578,21.94859,25.926157,25.485056,24.171158,21.061007,17.936705,15.167899,17.012276,11.31429,14.895433,13.977462,15.308818,17.942085,15.5368805,19.246302,19.374287,22.576738,25.789555,27.307066,31.741167,32.08501,38.041412,34.195045,31.705954,27.57355,25.043447,21.174994,19.728401,15.303952,14.607682,10.639428,11.766838,12.32792,14.516816,18.456451,19.677805,25.279802,25.631535,27.967722,28.567923,32.529408,32.403046,36.28575,33.82812,38.272446,38.65415,38.39114,38.521187,33.888943,29.980476,33.490326,27.7512,30.4946,26.542173,28.655506,24.30649,26.480516,25.993046,26.861012,29.33553,29.76584,31.231928,34.433247,35.58298,36.75423,35.8436,33.271683,32.04132,30.52178,31.504923,29.348526,30.861433,33.64926,36.014378,36.50292,34.047012,38.737705,38.482605,39.76336,40.62725,38.862812,38.71556,33.445026,34.609886,29.926617,29.86823,26.849792,23.791176,23.085192,20.177681,20.054083,19.171137,20.001015,18.592691,20.703274,19.848242,22.732342,24.876305,26.704166,30.246067,31.807981,36.071655,36.630527,33.18361,30.814655,28.415522,27.16924,22.85043,20.704369,18.914064,15.562234,17.697062,15.360275,15.768801,16.595543,16.48941,21.201708,21.018381,23.370623,26.293901,27.716055
