,0,1,2,3,4,5,6,7,8,9,10,11,12,13,14,15,16,17,18,19,20,21,22,23,24,25,26,27,28,29,30,31,32,33,34,35,36,37,38,39,40,41,42,43,44,45,46,47,48,49,50,51,52,53,54,55,56,57,58,59,60,61,62,63,64,65,66,67,68,69,70,71,72,73,74,75,76,77,78,79,80,81,82,83,84,85,86,87,88,89,90,91,92,93,94,95,96,97,98,99,100,101,102,103,104,105,106,107
0,0.0,3.1873913,7.422471,10.086113,11.660605,15.432295,16.369688,22.077446,24.094769,28.297272,32.368626,34.042343,34.004063,33.107777,27.697926,26.629807,23.146809,21.426538,17.64386,15.587846,14.538707,9.661259,11.644562,14.851255,12.575902,12.574936,17.599745,18.51653,18.172493,18.843039,20.784481,25.615984,26.096376,30.891949,32.35238,34.85289,37.015564,35.409718,36.161385,33.276024,34.16459,28.223787,29.065662,26.059322,26.360262,23.768974,22.495531,25.399244,28.124895,32.509315,32.72863,34.581722,39.170765,39.657993,38.32093,36.12577,37.06275,38.236607,43.93626,40.860043,37.435474,37.341362,34.564583,35.19213,33.462654,35.384354,33.3757,30.548944,25.362095,26.747534,25.27457,29.058289,28.848322,33.00054,32.59275,38.239754,39.072594,42.939194,43.032463,45.24433,43.53828,39.01477,35.429165,33.078125,29.040762,27.638247,23.938606,20.383938,19.420916,16.727571,14.096653,18.06485,19.702776,22.075743,23.756205,28.034124,29.244194,34.50107,34.855907,40.311142,39.89592,38.7269,35.68624,33.62008,28.87509,26.980017,23.043182,21.126535
1,3.1873913,0.0,4.5368967,6.9972844,8.6101,12.313971,13.451166,18.950565,21.119919,25.194351,29.388084,30.979856,30.878347,30.054506,24.569855,23.70324,20.166018,18.728643,15.165108,13.25101,12.850324,8.080134,11.3504,14.841705,13.546182,13.3339815,17.85314,17.987751,17.270905,17.123707,19.205898,23.292807,23.791079,28.644266,29.759523,32.387486,34.445255,32.865757,33.88842,31.011322,32.334103,26.51058,27.498484,24.83132,25.264362,23.317787,22.1124,25.583542,27.872158,32.499302,32.073948,34.178688,38.586395,38.670532,37.210968,34.83735,35.61916,36.512417,42.18175,39.03625,35.584965,35.82666,33.31485,34.048893,32.835445,34.542927,32.896915,30.499361,25.159954,25.930317,24.179573,27.654037,27.148378,31.187712,30.532873,36.132156,36.75471,40.674915,40.583263,42.70072,40.836117,36.253124,32.835663,30.510586,26.591072,25.123419,21.835974,18.226194,17.835627,15.583185,13.166575,17.112925,18.318846,20.324451,22.24914,26.092754,27.335018,32.408012,32.593224,38.071854,37.46598,36.365604,33.232048,31.484636,26.489183,24.754465,20.879171,18.993877
2,7.422471,4.5368967,0.0,4.8746967,6.595471,9.43144,11.334876,15.9004965,18.774668,22.10508,26.957407,28.07416,27.817963,27.362358,21.535488,21.601435,17.854513,17.488749,14.537221,13.238929,14.045233,10.075247,14.343263,18.016468,17.514816,16.981392,21.03657,20.35465,19.365875,17.962862,20.253933,22.823532,23.209051,28.159973,28.49447,31.346418,33.18607,31.707335,33.32345,30.500896,32.64144,27.123402,28.271336,26.23951,26.715956,25.652102,24.3047,28.486567,30.354147,35.166515,33.974995,36.480003,40.582905,40.090145,38.560497,35.967697,36.42681,36.87301,42.408108,39.08158,35.64985,36.31178,34.24358,34.952442,34.513542,35.613346,34.348843,32.57601,27.142275,27.106434,25.440432,28.294857,27.526566,31.219437,30.279018,35.62817,35.924942,39.92151,39.463326,41.301144,39.058468,34.36147,31.409754,29.031977,25.598042,23.706762,21.55788,17.723463,18.239798,16.649002,14.286175,17.77688,18.162498,19.473808,22.010181,25.073053,26.642067,31.158054,31.31668,36.70591,35.677925,34.49657,31.27474,29.82468,24.745893,22.925508,19.476156,17.176891
3,10.086113,6.9972844,4.8746967,0.0,4.0931153,5.356356,8.730708,12.770189,15.24857,19.083199,23.184135,24.846384,24.260921,23.342064,17.755693,17.28842,13.415491,13.108668,9.741632,9.210402,10.217592,7.7190437,12.180143,15.906071,16.879482,16.904581,19.876749,18.488987,16.506422,14.758591,16.211945,18.35402,18.372417,23.40849,23.819262,26.56115,28.55617,27.241285,28.818876,26.149828,28.28211,23.08607,24.71624,22.685543,23.917828,23.459757,22.97421,27.06126,28.167446,33.175797,31.447655,33.672962,37.707474,37.036495,35.04591,32.260296,32.965874,33.130398,38.701515,35.68173,32.177433,33.4721,31.625067,32.85046,32.709038,34.311245,33.604923,32.062878,26.66225,26.166348,23.340519,26.067171,24.542116,28.308712,26.776415,32.296425,32.188602,36.16645,35.580307,37.57466,35.36915,30.677254,27.719229,25.779892,21.990988,20.922201,18.632488,15.543142,16.845146,16.02384,14.795436,18.283535,18.50232,19.445059,21.630268,24.133535,25.14724,29.697203,29.156212,34.64873,33.59981,32.89912,29.524288,28.9486,23.200598,22.30949,18.711468,17.386375
4,11.660605,8.6101,6.595471,4.0931153,0.0,5.7417006,5.0314636,10.478689,12.573286,16.65576,20.90752,22.38485,22.502401,21.886885,16.524023,15.71544,12.64621,11.294136,9.880623,7.7557945,10.449252,7.85235,13.398267,16.154266,17.010153,16.042198,18.585865,16.607624,15.353013,12.501276,15.503059,16.801075,18.144468,22.587322,22.635574,25.735731,27.20205,25.461452,27.159569,24.220104,26.81628,21.382776,22.430079,21.11715,21.503424,21.535234,20.450413,25.237461,26.279057,31.267637,29.102362,32.009468,35.673862,34.610504,33.070644,30.362747,30.49094,30.674038,36.103397,32.722397,29.30347,30.297382,28.569302,29.510681,29.749123,30.806145,30.23074,29.095247,23.705187,22.735268,20.337273,22.692232,21.473415,25.006693,23.83477,29.128458,29.339005,33.3401,32.88385,34.74056,32.595215,27.937529,24.844166,22.514969,19.007751,17.318226,15.277988,11.760089,13.233896,12.770286,11.80427,14.874043,14.7502365,15.464878,17.67868,20.043076,21.133823,25.66337,25.295376,30.774837,29.80021,28.991032,25.663631,24.908484,19.220007,18.29688,14.628699,13.525322
5,15.432295,12.313971,9.43144,5.356356,5.7417006,0.0,7.1618147,8.285555,11.140417,14.418004,18.501358,20.09119,19.098352,18.211958,12.480192,12.681482,8.556547,9.939311,7.971553,9.0006075,11.426364,11.095152,15.479898,18.779675,20.809511,20.753586,22.727045,20.409986,17.908506,14.889619,15.955422,15.713303,15.483266,20.36991,19.851686,22.765411,24.519424,23.41462,25.601059,23.149876,26.146595,21.696062,23.682821,22.46911,24.074661,24.83158,24.699848,29.169687,29.45249,34.564644,31.862526,34.27346,37.85024,36.517193,34.25858,31.22308,31.70111,31.230982,36.560066,33.60656,30.162458,32.250095,31.033543,32.52203,33.28809,34.6037,34.604767,33.78116,28.508455,27.077816,23.760853,25.670254,23.461542,26.757204,24.582766,29.789225,29.073067,33.042946,32.00968,33.8008,31.27084,26.525093,24.105637,22.49734,19.114023,18.295864,17.301764,14.876991,17.464308,17.777992,17.369562,20.180378,19.642776,19.67302,21.959454,23.202894,24.046885,27.913004,26.825933,32.16632,30.725294,30.340399,26.850014,27.267887,21.15075,20.998074,17.945877,17.163164
6,16.369688,13.451166,11.334876,8.730708,5.0314636,7.1618147,0.0,6.8081355,8.141523,12.385853,16.586302,17.893198,18.641714,18.331686,13.477256,12.414611,10.5791025,8.646075,10.265148,7.7944965,12.145252,11.025611,16.55144,18.372107,19.787569,18.25596,19.662617,16.701546,15.73036,11.277883,15.25211,14.356122,16.913315,20.502024,19.75559,23.223448,24.010736,21.948353,24.03629,20.97476,24.444431,19.308308,19.980011,19.870073,19.725407,20.994286,19.732958,25.17485,25.58222,30.532948,27.409752,30.957994,33.991615,32.199818,30.904406,28.149261,27.618784,27.444946,32.577972,28.917273,25.623047,26.823885,25.616596,26.488071,27.656979,28.085169,28.134726,27.840975,22.671448,20.6398,18.25586,19.646194,18.248186,21.224295,20.005703,24.885406,25.063408,29.077173,28.518145,30.148987,27.918701,23.277014,20.293425,17.734032,14.743883,12.511279,11.647397,8.248228,11.051832,11.983491,12.133663,14.038532,13.026198,12.731076,14.894132,16.11084,17.066782,21.176374,20.553516,25.98679,24.876143,24.20485,20.816738,20.594872,14.576278,14.302989,10.903668,10.779465
7,22.077446,18.950565,15.9004965,12.770189,10.478689,8.285555,6.8081355,0.0,4.4190483,6.316799,11.480833,12.201608,12.236161,12.4080105,7.140933,8.27567,6.997857,8.590473,11.843156,11.901647,16.181856,16.618027,21.530588,23.589632,25.86059,24.778444,25.643906,22.23881,20.47799,15.584214,18.078337,14.227657,15.957615,19.09491,16.737259,20.347952,20.68567,19.105534,22.267843,19.744837,24.410788,20.71477,22.006893,22.768917,23.386826,25.808725,25.175207,30.557987,30.118473,35.050972,31.021793,34.470997,36.988754,34.483513,32.74151,29.702185,29.004393,27.873014,32.509384,29.072823,25.973083,28.392454,28.134733,29.35179,31.597519,31.678648,32.552555,33.0211,28.17106,25.315355,22.488535,22.773706,20.463923,22.524498,20.295391,24.408691,23.482946,27.406778,26.00791,27.188301,24.267138,19.498932,17.7674,15.850699,14.046034,12.239408,14.164211,12.409612,16.316381,18.138542,18.688698,19.961004,18.250172,16.840439,19.112898,18.31685,19.120626,21.664968,20.243998,25.184374,23.26436,23.044243,19.532803,21.007416,14.849226,15.668515,13.862548,14.125323
8,24.094769,21.119919,18.774668,15.24857,12.573286,11.140417,8.141523,4.4190483,0.0,5.833252,8.446358,10.297217,11.113538,10.714722,7.4675207,5.8122797,7.076708,6.4922886,11.754833,11.394531,15.889637,17.197147,21.752432,23.001753,25.731096,24.580427,24.477083,20.611807,18.865934,13.563414,16.140062,11.007858,13.971695,16.06189,13.570792,17.363615,17.248354,15.243582,18.328426,15.667453,20.638926,17.224625,18.31562,19.769157,20.28982,23.44052,23.167568,28.456558,27.437885,32.23687,27.703846,31.259657,33.394104,30.578865,28.86357,25.837875,24.903263,23.59804,28.12523,24.722172,21.650293,24.35701,24.376663,25.840637,28.45615,28.701473,30.061113,30.854359,26.340542,23.077822,19.688494,19.47716,16.72707,18.520533,16.010567,20.080658,19.095583,23.038939,21.763252,23.121958,20.464573,15.707626,13.507801,11.734179,9.6976595,8.655812,10.909239,10.527932,14.814243,17.348738,18.832792,19.6934,18.016676,16.442703,17.90645,16.576733,16.57502,19.140575,17.016884,22.026747,20.38374,20.704935,17.199434,19.401167,12.922175,14.981757,13.168766,14.807491
9,28.297272,25.194351,22.10508,19.083199,16.65576,14.418004,12.385853,6.316799,5.833252,0.0,7.0031085,6.0645194,7.0969453,8.755541,6.1580524,8.444097,10.052594,11.958419,16.711178,16.983252,21.376429,22.42675,27.148462,28.707817,31.28133,29.973766,30.135975,26.277502,24.698122,19.350119,21.773909,15.858787,18.075401,19.648392,15.849471,19.519049,18.661695,17.095087,21.046652,18.941544,24.645866,22.199556,23.207352,25.222795,25.562294,29.029049,28.436155,33.972786,32.89617,37.56,32.67785,36.480343,38.17715,34.863407,33.30029,30.29569,28.914228,27.086412,30.883932,27.408133,24.773005,27.762272,28.43845,29.606691,32.94635,32.300877,33.944355,35.320286,30.986053,27.288792,24.65915,23.691914,21.162321,21.963238,19.476524,22.215073,20.70791,24.333326,22.377117,22.87515,19.459179,14.851106,14.487555,12.922548,13.213362,11.368013,15.779057,15.273287,19.524755,22.1141,23.22043,23.602741,21.349024,19.08541,21.016436,18.448935,18.95386,19.801601,17.788017,21.898266,19.385078,19.630144,16.279387,19.328268,13.74177,15.754131,15.498073,16.61283
10,32.368626,29.388084,26.957407,23.184135,20.90752,18.501358,16.586302,11.480833,8.446358,7.0031085,0.0,4.712683,5.591695,5.199396,8.173813,7.1616936,11.362576,12.284573,17.801546,18.56159,22.50153,24.899704,28.7358,29.553518,32.97283,32.05475,31.01971,26.80003,24.746862,19.621925,20.8482,13.297424,15.722363,15.3483925,10.716927,14.169401,12.349955,10.810551,15.142357,13.673978,19.830717,19.020887,20.291004,23.041548,24.014309,28.364931,28.801737,33.678032,31.582966,35.952335,30.426506,33.778233,34.879055,31.162376,29.16201,26.119743,24.776886,22.247427,25.525692,22.734993,20.341047,24.503965,25.858852,27.739113,31.534595,31.541912,33.9804,35.66212,31.899643,27.919577,24.153975,22.592642,19.08569,19.229328,15.715528,17.812363,15.188211,18.536194,16.149456,16.867487,13.5191965,8.900995,9.1464815,9.598568,10.293438,11.310433,15.530443,17.144335,21.418268,24.552193,26.610874,26.874285,24.919952,22.752144,23.62418,20.603857,19.806442,20.343962,16.912764,20.502651,18.359453,19.928162,16.912857,21.412657,15.951009,19.463411,19.11702,21.479172
11,34.042343,30.979856,28.07416,24.846384,22.38485,20.09119,17.893198,12.201608,10.297217,6.0645194,4.712683,0.0,4.724015,7.396487,9.413409,10.802283,14.092167,15.658378,21.03838,21.50632,25.771936,27.48063,31.84406,32.910366,35.875786,34.563538,33.979015,29.811354,28.231497,22.831453,24.835829,17.649826,20.076744,20.043991,15.3355055,18.650534,16.603666,15.188619,19.566494,18.110182,24.359804,23.318998,24.147608,27.100061,27.417505,31.693956,31.433043,36.781227,35.025955,39.352936,33.801907,37.645004,38.568966,34.6227,33.111084,30.207676,28.369326,25.882532,28.723766,25.518469,23.443207,27.088007,28.633295,29.937948,34.096764,33.15925,35.543186,37.589855,33.829857,29.600664,26.83295,24.918007,22.083708,21.746677,18.942675,20.179928,17.928295,21.007862,18.476185,18.301767,14.464678,10.306899,11.800001,11.337598,13.536062,12.698586,18.13047,18.924778,23.171877,26.255955,27.922186,27.8007,25.409191,22.798084,24.109753,20.431576,20.27753,19.711172,16.865696,19.821095,16.992039,18.141693,15.284792,19.950148,15.302542,18.43409,19.057894,20.971743
12,34.004063,30.878347,27.817963,24.260921,22.502401,19.098352,18.641714,12.236161,11.113538,7.0969453,5.591695,4.724015,0.0,3.9477377,6.860236,9.62411,12.31942,15.475507,19.984932,21.535038,25.339922,27.473335,31.444532,32.963543,36.29349,35.54604,35.14696,31.126225,28.818918,23.809464,24.671139,17.520353,18.446663,18.870432,13.949809,16.892921,15.4901085,15.028835,19.555042,18.593246,24.536974,23.924917,25.589436,27.874529,29.176437,33.198948,33.50317,38.506866,36.665806,41.18675,35.84003,39.032818,40.33232,36.705242,34.511738,31.389246,30.286182,27.65739,30.754082,28.143105,25.864523,30.055367,31.406034,33.15956,36.91603,36.69036,38.94333,40.56058,36.541298,32.663006,29.200779,27.851128,24.506283,24.741997,21.3063,23.17514,20.328352,23.35461,20.538902,20.698238,16.851604,12.842642,14.407243,14.793128,15.747053,15.937689,20.36246,21.12466,25.47192,28.295582,29.773375,30.253193,28.10939,25.819538,27.346428,24.270645,24.126028,24.16487,21.22654,24.383905,21.65696,22.857023,19.942144,24.35693,19.288872,22.084452,22.147375,23.632975
13,33.107777,30.054506,27.362358,23.342064,21.886885,18.211958,18.331686,12.4080105,10.714722,8.755541,5.199396,7.396487,3.9477377,0.0,6.2264247,7.2345204,10.344598,13.473984,17.707312,19.777164,23.149412,25.915146,29.342081,30.74898,34.495438,34.166866,33.45108,29.456263,26.659618,22.031693,21.970186,14.681497,14.968983,15.225167,10.292721,13.099981,12.141899,12.075502,16.484024,15.77624,21.399008,21.172808,23.35118,25.297434,27.299494,31.28702,32.21994,36.757397,34.64352,39.182697,33.925617,36.582684,38.05362,34.67493,31.996754,28.764124,28.200428,25.525858,28.89242,26.76043,24.292671,28.898727,30.092981,32.309704,35.727657,36.277782,38.55639,39.856907,35.84074,32.21422,27.974268,26.968647,23.126694,23.75636,19.804157,22.250729,19.079523,22.152784,19.411243,20.196053,16.743227,12.678369,13.568073,14.667277,14.49622,16.00104,19.361132,20.66554,24.969252,27.756851,29.48106,30.31027,28.51969,26.581755,27.810507,25.232695,24.658836,25.420628,22.102161,25.612846,23.31714,24.816702,21.80477,26.161007,20.58417,23.613298,23.012669,24.763144
14,27.697926,24.569855,21.535488,17.755693,16.524023,12.480192,13.477256,7.140933,7.4675207,6.1580524,8.173813,9.413409,6.860236,6.2264247,0.0,5.8007436,6.0428314,10.635252,13.935711,15.997336,19.525793,21.475685,25.388622,27.461714,30.697517,30.321125,30.514658,26.875748,24.167395,19.569525,20.07765,14.322978,14.377849,16.745895,13.0846815,16.281258,16.501852,15.955117,19.818241,18.281303,23.387674,21.505192,23.674929,24.736933,26.544199,29.680895,30.094376,34.927795,33.60897,38.467827,33.876213,36.678967,38.863766,36.02319,33.520382,30.25119,29.905693,27.922827,32.075626,29.421122,26.528435,30.288765,30.728447,32.609844,35.368176,35.887135,37.448498,38.21245,33.665474,30.510448,26.696318,26.489948,23.156637,24.672773,21.286215,24.8026,22.53984,26.111622,23.912558,24.93671,21.611153,17.059242,16.689981,16.381912,15.162715,15.321737,17.980705,17.89576,22.10025,24.329975,25.373207,26.64812,24.95038,23.311792,25.166847,23.469055,23.611502,25.233786,22.764933,27.054855,24.772196,25.421705,22.06356,25.168304,19.175867,21.127953,19.989397,20.840834
15,26.629807,23.70324,21.601435,17.28842,15.71544,12.681482,12.414611,8.27567,5.8122797,8.444097,7.1616936,10.802283,9.62411,7.2345204,5.8007436,0.0,4.7277937,6.2556906,10.867548,12.594105,16.02518,18.862461,22.261715,23.559843,27.267563,27.033768,26.36815,22.50589,19.57247,15.055628,15.123747,8.6068325,9.717502,11.563292,8.514868,12.113129,12.568432,11.441217,14.735636,12.856634,17.728746,15.733913,18.063745,19.170568,21.302948,24.708721,25.734129,30.142609,28.386177,33.16673,28.475626,31.032728,33.197006,30.47655,27.785849,24.493986,24.389645,22.529804,27.016937,24.591442,21.49699,25.42566,25.706825,28.009941,30.529982,31.786201,33.51826,34.12889,29.809765,26.747017,22.07403,22.009453,18.178932,20.031584,16.289274,20.471874,18.316069,22.024107,20.301023,22.032557,19.409103,14.835789,13.116672,13.206437,10.55223,12.391327,13.694123,14.781623,18.889505,21.383831,23.174221,24.48311,23.203619,21.911991,22.963718,21.652693,20.981941,23.403032,20.418507,25.06624,23.478863,24.562649,21.206776,24.333534,17.93728,20.574097,18.733706,20.542036
16,23.146809,20.166018,17.854513,13.415491,12.64621,8.556547,10.5791025,6.997857,7.076708,10.052594,11.362576,14.092167,12.31942,10.344598,6.0428314,4.7277937,0.0,6.0100327,7.9396405,10.675723,13.675242,16.134584,19.55812,21.699387,25.200941,25.325058,25.490786,22.125025,18.874538,14.94411,14.617626,10.395229,9.80181,13.644537,11.837423,14.888438,16.335947,15.61609,18.40039,16.497793,20.421844,17.63758,20.2694,20.220531,22.679646,25.1313,26.063465,30.363634,29.202194,34.201916,30.229172,32.46487,35.27887,33.153793,30.327385,27.022844,27.43171,26.017496,30.895012,28.476606,25.194746,28.66726,28.379225,30.569702,32.39352,33.910812,35.05938,35.076702,30.343227,27.888607,23.356236,24.145859,20.661703,23.215315,19.827723,24.5499,22.741947,26.515572,24.950335,26.7487,24.108244,19.496063,17.65793,17.2633,14.124651,15.1485615,15.434052,15.324718,19.10588,20.888363,21.997547,23.969824,22.961637,22.1174,23.659317,23.246899,23.100517,26.100136,23.699617,28.651705,27.03515,27.636824,24.156523,26.452744,19.947948,21.64726,19.310326,20.214663
17,21.426538,18.728643,17.488749,13.108668,11.294136,9.939311,8.646075,8.590473,6.4922886,11.958419,12.284573,15.658378,15.475507,13.473984,10.635252,6.2556906,6.0100327,0.0,6.220223,6.4881697,10.226304,12.9749,16.452768,17.51145,21.056984,20.819601,20.227205,16.533445,13.582981,9.157414,9.90334,6.1481895,8.693168,11.870068,11.516563,14.763449,15.992871,14.247107,16.01805,13.30718,16.682262,12.613507,14.731454,14.7218075,16.708149,19.258282,20.250053,24.544584,23.304802,28.290167,24.330297,26.843565,29.684729,27.701443,25.219517,22.054558,22.325697,21.469383,26.727005,24.06937,20.606934,23.477186,22.767036,24.985746,26.47276,28.36037,29.450008,29.327055,24.72939,22.368765,17.429333,18.508417,15.065947,18.15591,15.169149,20.568626,19.608183,23.514511,22.738022,24.977406,23.06722,18.578749,15.358694,14.496467,10.084936,11.638079,9.98334,10.525781,14.041103,16.058786,17.915497,19.738226,19.112915,18.642204,19.412043,19.59223,18.887772,22.786728,20.397076,25.69654,24.796516,25.438856,22.045877,23.815573,17.220493,19.185677,16.171305,17.930368
18,17.64386,15.165108,14.537221,9.741632,9.880623,7.971553,10.265148,11.843156,11.754833,16.711178,17.801546,21.03838,19.984932,17.707312,13.935711,10.867548,7.9396405,6.220223,0.0,4.9917135,5.932505,9.393297,11.767725,14.01171,17.810266,18.738218,18.969614,16.312908,12.344993,10.270448,8.588715,9.597002,8.714451,13.808976,15.0022,17.311138,19.754162,18.743954,19.791712,17.515415,19.20141,14.894695,17.713022,15.687672,18.781818,19.720858,21.277592,24.623865,23.961788,29.05243,26.302504,27.7323,31.479412,30.53081,27.553675,24.439737,25.803602,25.438726,31.024193,28.870655,25.299343,27.890562,26.501995,28.861876,29.18051,31.952942,32.362873,31.254879,26.378483,25.166382,20.03912,22.368397,19.215185,23.02358,20.226068,26.028936,25.122793,28.898405,28.244225,30.725662,28.926313,24.513798,21.345713,20.666924,15.9651,17.46151,14.525132,14.141175,16.530264,17.28491,18.338163,21.242739,21.36259,21.744207,22.741697,24.143679,23.740414,28.222757,26.217518,31.641705,30.840658,31.249208,27.832455,28.940454,22.431467,23.55191,19.998278,20.80841
19,15.587846,13.25101,13.238929,9.210402,7.7557945,9.0006075,7.7944965,11.901647,11.394531,16.983252,18.56159,21.50632,21.535038,19.777164,15.997336,12.594105,10.675723,6.4881697,4.9917135,0.0,4.809442,6.5674677,10.437468,11.778709,14.795813,14.743118,14.9725685,12.06726,9.144094,6.2015405,7.84192,10.087729,11.915223,15.915203,17.162024,19.868746,21.657284,19.872356,20.657284,17.768812,19.436687,13.932801,15.569048,13.753324,15.399761,16.016485,16.731232,20.689255,20.550762,25.67672,23.09149,25.305191,29.022066,28.096275,25.914248,23.079536,23.850763,24.057398,29.726057,27.000402,23.432165,25.023418,23.233896,25.116922,25.179586,27.653389,27.735569,26.539444,21.540905,20.448322,15.818056,18.472956,16.097647,20.158373,18.29852,24.188915,24.18733,28.04519,27.897367,30.34589,28.823374,24.448832,20.692936,19.218983,14.444834,15.045047,11.069566,9.971061,11.742556,12.315274,13.594213,16.42792,16.785757,17.510326,18.226536,20.28546,19.931664,24.945267,23.44949,29.019049,28.582481,28.670696,25.370834,25.6754,19.426907,20.192066,16.236856,17.232027
20,14.538707,12.850324,14.045233,10.217592,10.449252,11.426364,12.145252,16.181856,15.889637,21.376429,22.50153,25.771936,25.339922,23.149412,19.525793,16.02518,13.675242,10.226304,5.932505,4.809442,0.0,5.275113,6.3002186,8.116751,11.993637,13.420178,13.660555,11.827611,7.7348533,8.182367,6.630051,12.143796,12.358389,16.725183,19.15756,21.151045,23.635532,22.255352,22.308052,19.7744,20.021473,14.655804,16.830664,13.479018,16.265907,15.630695,17.37977,19.93619,19.952038,24.98149,23.379366,24.428814,28.78064,28.730696,26.072721,23.350836,25.076237,25.63454,31.464312,29.334497,25.746096,27.29405,25.078907,27.282063,26.402468,29.89042,29.646492,27.694538,22.841343,22.70588,17.610071,21.044428,18.639774,23.065262,21.144129,27.260698,27.208317,30.875664,30.90657,33.65905,32.411762,28.206867,24.346249,23.30772,18.180815,19.507683,14.793965,14.121152,14.933584,14.697355,15.704158,19.071869,20.10265,21.39088,21.8391,24.50172,23.96622,29.263803,27.71704,33.25564,33.040134,33.2378,29.996603,30.180897,24.051302,24.707558,20.583694,21.365097
21,9.661259,8.080134,10.075247,7.7190437,7.85235,11.095152,11.025611,16.618027,17.197147,22.42675,24.899704,27.48063,27.473335,25.915146,21.475685,18.862461,16.134584,12.9749,9.393297,6.5674677,5.275113,0.0,5.805811,8.434368,9.725809,10.207039,12.468935,11.531686,9.525499,9.796768,11.223981,16.234388,17.190788,21.560392,23.423147,25.81301,27.952595,26.2732,26.66056,23.815605,24.506102,18.635197,19.862568,16.856426,18.024643,16.48774,16.644396,19.811735,21.087334,25.996052,25.034494,26.774296,31.174746,31.240118,29.366034,26.915285,28.060356,28.973,34.748886,32.035458,28.512823,29.155018,26.635279,28.071968,26.86878,29.628695,28.665934,26.400038,21.202976,21.595491,18.003336,21.706953,20.422276,24.7957,23.738503,29.667425,30.187391,33.975742,34.12551,36.625572,35.22815,30.87407,26.995848,25.196007,20.523731,20.425106,15.888506,13.641099,13.5329075,12.161377,11.952449,15.820639,17.173252,18.989328,19.843784,23.341377,23.488794,28.974659,28.265404,33.859493,33.636078,33.241516,30.063496,29.233177,23.564184,23.200403,18.91177,18.813786
22,11.644562,11.3504,14.343263,12.180143,13.398267,15.479898,16.55144,21.530588,21.752432,27.148462,28.7358,31.84406,31.444532,29.342081,25.388622,22.261715,19.55812,16.452768,11.767725,10.437468,6.3002186,5.805811,0.0,4.755508,7.34777,10.454705,11.97589,12.360872,9.358658,12.450268,11.158992,18.128159,17.973232,22.235668,25.196783,26.862787,29.57597,28.253513,27.851728,25.391083,24.667482,19.194857,20.903801,16.632557,18.973692,16.39336,17.997314,19.213707,20.396912,24.996891,25.06446,25.379276,30.340555,31.335245,28.928051,26.65642,28.790781,30.006926,35.85933,33.867565,30.362556,31.099558,28.256401,30.161308,28.07297,32.039486,30.955996,28.009918,23.27232,24.499865,20.145317,24.384922,22.8296,27.470026,26.206526,32.32998,32.732166,36.281673,36.635498,39.490597,38.453056,34.321407,30.279198,29.035095,23.909548,24.852667,19.598963,18.340508,17.824615,16.303455,16.426346,20.281033,22.11925,24.204033,24.543005,28.248148,27.934305,33.626972,32.602276,38.144287,38.19226,38.097256,34.973885,34.348522,28.660858,28.625275,24.272064,24.458298
23,14.851255,14.841705,18.016468,15.906071,16.154266,18.779675,18.372107,23.589632,23.001753,28.707817,29.553518,32.910366,32.963543,30.74898,27.461714,23.559843,21.699387,17.51145,14.01171,11.778709,8.116751,8.434368,4.755508,0.0,5.437383,8.680833,8.199247,9.059959,6.447699,11.259477,10.185326,17.922407,18.74534,22.02552,25.482336,26.997772,29.472828,27.868921,26.826452,24.307737,22.80248,17.148943,18.264692,13.630533,15.630454,12.293864,14.589029,14.814597,15.9530325,20.386576,20.94341,20.982029,26.064844,27.479916,25.325602,23.397276,25.636988,27.340223,33.110794,31.286707,27.917976,28.141924,24.97835,26.944609,24.269588,28.87119,27.759037,24.5465,20.245735,21.88548,17.214312,21.773018,20.49864,25.202757,24.378153,30.405651,31.244669,34.56188,35.372673,38.394527,37.84709,34.03753,29.632036,28.447725,23.21437,24.538132,18.54102,17.998472,16.805178,15.353732,16.292383,19.687325,21.854939,24.108812,23.682884,27.571861,26.766047,32.668476,31.5879,36.97116,37.47738,37.546867,34.638565,33.92799,28.53014,28.811035,24.412313,25.251698
24,12.575902,13.546182,17.514816,16.879482,17.010153,20.809511,19.787569,25.86059,25.731096,31.28133,32.97283,35.875786,36.29349,34.495438,30.697517,27.267563,25.200941,21.056984,17.810266,14.795813,11.993637,9.725809,7.34777,5.437383,0.0,4.7308917,7.05406,9.92934,10.091664,14.174902,15.070035,22.311176,23.65572,27.033949,30.127697,31.950636,34.18161,32.319927,31.47872,28.70903,27.525223,21.533,21.824713,17.68602,18.065493,13.76634,14.286686,14.496698,17.264044,21.180208,22.750635,23.366741,28.380753,30.051746,28.755718,27.194332,28.890451,30.97436,36.619038,34.346214,31.101614,30.386839,26.892546,28.079115,24.829136,28.864676,26.896233,23.100615,18.767895,21.377703,18.370056,23.14854,22.99907,27.574934,27.574951,33.373642,34.76461,38.126167,39.117363,41.96455,41.38796,37.513287,33.035065,31.280731,26.395874,26.719309,20.814476,19.292238,17.10788,14.598401,14.549478,18.014225,20.69904,23.515882,23.139544,27.828398,27.490372,33.534546,33.19865,38.528187,39.157654,38.751328,35.993797,34.351288,29.562078,29.040085,24.61507,24.85933
25,12.574936,13.3339815,16.981392,16.904581,16.042198,20.753586,18.25596,24.778444,24.580427,29.973766,32.05475,34.563538,35.54604,34.166866,30.321125,27.033768,25.325058,20.819601,18.738218,14.743118,13.420178,10.207039,10.454705,8.680833,4.7308917,0.0,5.610891,8.288993,10.597252,13.305313,16.28859,22.529863,24.940762,28.030598,30.571129,32.81843,34.534184,32.281857,31.71904,28.641003,28.129456,21.782455,21.23445,18.042555,16.845592,12.731079,11.3647585,13.040431,16.480398,20.362495,21.596006,23.477262,27.99974,29.183767,28.693367,27.266285,28.098774,30.296947,35.77104,32.92305,29.800446,28.4168,24.889908,25.416267,22.327919,25.471638,23.176285,19.495071,14.85894,17.584747,15.857023,20.489923,21.194654,25.508318,26.199402,31.668385,33.53844,36.935314,38.059032,40.6697,40.087143,36.244423,31.72332,29.467613,25.033674,24.52204,18.825872,16.739946,13.838959,10.832107,10.570446,13.714438,16.630877,19.678274,19.144703,24.193087,24.090387,30.13251,30.305084,35.512962,36.254414,35.54717,32.965603,30.749638,26.485043,25.584509,21.245415,21.448082
26,17.599745,17.85314,21.03657,19.876749,18.585865,22.727045,19.662617,25.643906,24.477083,30.135975,31.01971,33.979015,35.14696,33.45108,30.514658,26.36815,25.490786,20.227205,18.969614,14.9725685,13.660555,12.468935,11.97589,8.199247,7.05406,5.610891,0.0,4.4642034,7.7767787,11.471129,14.066882,20.424175,23.39818,25.5096,28.509676,30.462257,32.00545,29.640207,28.4318,25.463139,24.191307,18.02677,17.017069,13.710974,12.216517,7.394603,7.5060053,7.9025073,10.914918,14.943878,16.22369,17.877953,22.418837,23.84379,23.40383,22.241076,23.2374,25.76741,31.124483,28.64055,25.650076,24.107826,20.375837,21.331964,17.795898,22.086552,20.28201,16.589487,12.54938,15.232147,12.138658,17.044344,17.598303,21.946915,22.762676,28.126486,30.177511,33.274075,34.76064,37.587975,37.511982,34.066307,29.293978,27.427256,22.819036,23.229807,16.884283,16.233683,13.313598,11.383219,12.975197,15.189518,17.917862,20.595932,19.143324,23.71138,22.73288,28.831074,28.481615,33.493214,34.645145,34.414555,31.995466,30.323587,26.044222,26.04147,21.794008,23.10067
27,18.51653,17.987751,20.35465,18.488987,16.607624,20.409986,16.701546,22.23881,20.611807,26.277502,26.80003,29.811354,31.126225,29.456263,26.875748,22.50589,22.125025,16.533445,16.312908,12.06726,11.827611,11.531686,12.360872,9.059959,9.92934,8.288993,4.4642034,0.0,5.2229657,7.451195,11.170147,16.510181,20.171806,21.932438,24.591618,26.737038,27.986973,25.466597,24.444794,21.339298,20.63584,14.277921,13.086878,10.466205,8.581348,5.405679,5.8146253,8.761166,10.041031,14.840945,14.212929,16.78972,20.87973,21.360918,20.778687,19.253078,19.831032,22.029919,27.485186,24.768478,21.648357,20.521933,17.094975,18.351046,15.857485,19.858252,18.864445,16.196428,11.803656,12.947971,8.515872,13.319198,13.366868,17.829845,18.425928,23.893654,25.836115,29.034369,30.415281,33.195072,33.05735,29.61022,24.833128,22.990875,18.37004,18.961746,12.510563,12.404299,9.963663,9.114634,11.806497,13.663215,15.81343,17.959797,16.40472,20.345026,19.06981,25.113115,24.398571,29.49201,30.55119,30.525265,28.030615,26.85824,22.258425,22.780504,18.597712,20.484056
28,18.172493,17.270905,19.365875,16.506422,15.353013,17.908506,15.73036,20.47799,18.865934,24.698122,24.746862,28.231497,28.818918,26.659618,24.167395,19.57247,18.874538,13.582981,12.344993,9.144094,7.7348533,9.525499,9.358658,6.447699,10.091664,10.597252,7.7767787,5.2229657,0.0,5.71241,6.302251,13.053104,15.654742,17.878164,21.033928,22.853909,24.692102,22.631746,21.540398,18.727116,17.682764,11.496193,12.042113,8.082021,9.635109,7.952185,10.732817,12.459796,12.234696,17.26877,16.057144,17.293228,21.73995,22.186026,20.235992,18.102123,19.700089,21.279995,27.05831,24.951546,21.559004,21.900177,18.978426,21.177807,19.338602,23.767889,23.435263,21.132248,16.884182,17.31493,11.568552,15.782778,14.089014,18.795622,17.983294,23.973274,24.979433,28.281273,29.238247,32.236603,31.885519,28.269382,23.673002,22.506376,17.28872,18.992048,12.680813,13.226649,12.416932,12.2350445,14.61716,17.13474,18.797668,20.490276,19.540922,22.713413,21.3551,27.133446,25.680809,30.9562,31.620049,31.975409,29.17018,28.929646,23.505531,24.522459,20.318241,22.139774
29,18.843039,17.123707,17.962862,14.758591,12.501276,14.889619,11.277883,15.584214,13.563414,19.350119,19.621925,22.831453,23.809464,22.031693,19.569525,15.055628,14.94411,9.157414,10.270448,6.2015405,8.182367,9.796768,12.450268,11.259477,14.174902,13.305313,11.471129,7.451195,5.71241,0.0,6.806045,9.681763,13.794959,15.872677,17.74186,20.307922,21.487959,19.049303,18.885933,15.650301,16.546455,10.210435,10.417486,9.0046015,9.272775,10.41821,11.381778,15.46296,14.844204,19.926968,17.000242,19.801079,23.24838,22.289867,20.697613,18.191988,18.563528,19.421091,25.112566,22.252783,18.74978,19.521353,17.318268,19.263657,19.050373,22.024752,22.30237,21.182232,16.599121,15.393656,9.850423,12.883171,10.746791,15.222666,14.177404,20.15336,21.045076,24.680632,25.30067,27.978144,27.227524,23.359987,18.864323,17.273462,12.232012,13.390661,7.3806567,7.9928284,8.559601,9.803401,12.6861515,14.60079,15.34522,16.26679,15.617598,17.919659,16.652199,22.168951,20.586946,26.021029,26.353352,26.671144,23.725487,23.827545,18.078575,19.417463,15.399613,17.629808
30,20.784481,19.205898,20.253933,16.211945,15.503059,15.955422,15.25211,18.078337,16.140062,21.773909,20.8482,24.835829,24.671139,21.970186,20.07765,15.123747,14.617626,9.90334,8.588715,7.84192,6.630051,11.223981,11.158992,10.185326,15.070035,16.28859,14.066882,11.170147,6.302251,6.806045,0.0,8.069863,9.47929,11.984429,15.457492,16.97302,19.300425,17.772753,16.826435,14.432806,13.632218,8.345856,11.165017,7.564347,11.9615755,12.731487,16.081055,17.92834,16.314182,21.229311,18.703072,19.30715,23.297506,23.016891,19.820608,16.952246,19.116745,19.584164,25.417143,23.882332,20.341223,22.460052,20.486164,23.45878,22.86108,27.142637,27.717934,26.223263,22.109226,21.423237,14.913279,17.882118,14.5066805,18.860765,16.423725,22.563179,22.36496,25.712513,26.058458,29.165087,28.536621,24.84956,20.672882,20.414354,14.928855,17.96433,12.711047,14.301162,15.362651,16.25737,18.652184,21.121082,21.995249,22.878311,22.39746,24.29368,22.7577,27.864285,25.531422,30.765606,30.95766,31.826628,28.796144,29.804977,23.721895,25.518963,21.680801,23.702097
31,25.615984,23.292807,22.823532,18.35402,16.801075,15.713303,14.356122,14.227657,11.007858,15.858787,13.297424,17.649826,17.520353,14.681497,14.322978,8.6068325,10.395229,6.1481895,9.597002,10.087729,12.143796,16.234388,18.128159,17.922407,22.311176,22.529863,20.424175,16.510181,13.053104,9.681763,8.069863,0.0,6.189972,6.7564383,8.126405,10.676769,12.05404,10.19014,10.60181,7.971842,10.558982,7.338537,10.467617,10.817311,14.103986,17.529493,19.937004,23.155071,20.728777,25.397678,20.935936,22.70954,25.207775,23.150372,19.972815,16.64522,17.51127,16.38275,21.729397,19.929567,16.454199,20.193811,19.72423,22.81101,24.30739,27.225916,28.92457,28.901423,25.010738,22.619781,16.407526,17.204416,12.702805,15.7019005,11.805779,17.41599,16.05102,19.621874,19.180773,22.039148,20.942398,17.123737,13.413662,13.910548,8.799807,13.078799,10.428652,13.319067,16.252167,18.620876,21.353449,22.868483,22.573296,22.198154,21.967627,21.886604,20.125753,23.94405,20.73465,25.637035,25.298553,26.706308,23.630621,26.091179,19.800606,22.69354,19.833193,22.488024
32,26.096376,23.791079,23.209051,18.372417,18.144468,15.483266,16.913315,15.957615,13.971695,18.075401,15.722363,20.076744,18.446663,14.968983,14.377849,9.717502,9.80181,8.693168,8.714451,11.915223,12.358389,17.190788,17.973232,18.74534,23.65572,24.940762,23.39818,20.171806,15.654742,13.794959,9.47929,6.189972,0.0,5.6413155,8.029705,9.134066,12.370936,12.284128,12.710095,11.621099,12.862885,11.435048,15.569031,14.385108,19.06536,21.5295,24.551947,27.008867,24.691748,29.349209,25.583101,26.098145,29.088297,27.66005,23.621996,20.229527,22.226023,20.904358,26.027449,25.09014,21.761873,25.938877,25.411512,28.727303,29.74723,33.17902,34.655056,34.158985,30.078749,28.220982,21.868484,23.203619,18.727709,21.772846,17.631666,22.905556,20.78357,24.019526,23.061632,25.89267,24.504452,20.770052,18.034552,19.140703,14.546255,18.521803,16.266655,18.31077,21.192516,22.968346,25.099588,27.30105,27.173798,26.993113,27.249327,27.417774,26.002703,29.708736,26.490767,31.300251,30.61249,32.04169,28.843235,31.482445,25.001066,27.558867,24.631477,26.59597
33,30.891949,28.644266,28.159973,23.40849,22.587322,20.36991,20.502024,19.09491,16.06189,19.648392,15.3483925,20.043991,18.870432,15.225167,16.745895,11.563292,13.644537,11.870068,13.808976,15.915203,16.725183,21.560392,22.235668,22.02552,27.033949,28.030598,25.5096,21.932438,17.878164,15.872677,11.984429,6.7564383,5.6413155,0.0,5.3136106,5.149481,8.078621,8.117595,7.4066877,7.2956266,8.348702,9.622626,13.719295,13.866981,18.51256,22.00629,25.434336,27.55965,24.343393,28.511251,23.986523,24.360779,26.475868,24.488934,20.165121,16.753035,18.694893,16.728378,21.35386,21.11846,18.10812,23.081425,23.200676,26.913095,28.494152,32.039684,34.188198,34.227966,30.801569,28.488985,21.844807,22.325577,17.399609,19.62082,14.977249,19.511816,16.84897,19.583796,18.686476,21.779224,20.98422,17.999338,15.366799,17.512875,13.408995,18.552053,16.732235,20.019073,22.901373,25.232504,27.983004,29.583176,29.31289,28.833023,28.51332,27.98616,25.934109,29.08928,25.287294,29.516912,29.11254,31.12857,28.250147,31.58244,25.47983,28.798883,26.295084,28.98974
34,32.35238,29.759523,28.49447,23.819262,22.635574,19.851686,19.75559,16.737259,13.570792,15.849471,10.716927,15.3355055,13.949809,10.292721,13.0846815,8.514868,11.837423,11.516563,15.0022,17.162024,19.15756,23.423147,25.196783,25.482336,30.127697,30.571129,28.509676,24.591618,21.033928,17.74186,15.457492,8.126405,8.029705,5.3136106,0.0,3.8587062,4.798561,5.046573,7.564944,7.528098,11.728545,12.947784,16.164204,17.562817,21.071543,25.126783,27.678688,30.759981,27.744638,31.99018,26.893963,28.241327,29.833818,27.0401,23.335773,19.975983,20.710793,18.104406,22.09319,21.257463,18.476902,23.775297,24.57634,27.874659,30.416237,32.84958,35.28321,35.964756,32.422333,29.424074,23.484564,23.119747,18.306852,19.67892,14.856998,18.498125,15.152932,18.047455,16.27022,18.779036,17.1768,13.886989,12.295294,14.759806,11.912674,16.596216,16.76367,19.817404,23.38733,26.11609,28.715178,29.937439,29.078129,27.996994,28.058907,26.595913,24.805962,27.0466,23.081589,27.00476,26.043941,28.153101,25.26493,29.245384,23.254446,26.813189,24.978455,27.637163
35,34.85289,32.387486,31.346418,26.56115,25.735731,22.765411,23.223448,20.347952,17.363615,19.519049,14.169401,18.650534,16.892921,13.099981,16.281258,12.113129,14.888438,14.763449,17.311138,19.868746,21.151045,25.81301,26.862787,26.997772,31.950636,32.81843,30.462257,26.737038,22.853909,20.307922,16.97302,10.676769,9.134066,5.149481,3.8587062,0.0,4.2546215,6.47012,7.308732,8.803797,11.287696,14.095867,17.689833,18.69852,22.88313,26.81005,29.960215,32.385307,29.02228,33.01835,28.063883,28.609982,30.112347,27.557322,23.298874,20.003267,21.414656,18.655518,22.274935,22.364494,19.82886,25.451988,26.312384,29.943207,32.258606,35.23067,37.773983,38.315918,34.991856,32.20565,25.898033,25.661394,20.696568,22.016487,17.089529,20.398441,16.75254,19.031164,17.279152,19.957611,18.80466,16.260933,15.030559,17.985844,15.205294,20.21986,19.95287,23.235643,26.580837,29.198036,31.875647,33.237072,32.562202,31.623293,31.522173,30.174902,28.189196,30.424784,26.304089,29.95878,29.151304,31.484781,28.732574,32.850925,26.960714,30.594664,28.693895,31.38886
36,37.015564,34.445255,33.18607,28.55617,27.20205,24.519424,24.010736,20.68567,17.248354,18.661695,12.349955,16.603666,15.4901085,12.141899,16.501852,12.568432,16.335947,15.992871,19.754162,21.657284,23.635532,27.952595,29.57597,29.472828,34.18161,34.534184,32.00545,27.986973,24.692102,21.487959,19.300425,12.05404,12.370936,8.078621,4.798561,4.2546215,0.0,3.574536,5.9669323,7.8196607,11.868607,15.063899,17.802448,19.99382,23.25905,27.801607,30.515055,33.342037,29.828104,33.62154,28.103704,29.31618,30.122475,26.864231,23.135544,20.000862,20.446058,17.1847,20.08409,19.985432,17.827646,23.720903,25.20861,28.644075,31.689821,34.00209,36.94148,38.067085,35.02306,31.725967,25.848885,24.804855,19.949305,20.372763,15.449408,17.666813,13.545492,15.58232,13.412321,15.870811,14.693027,12.571513,11.994343,15.508319,13.879688,18.845232,19.633371,23.217499,26.7173,29.706743,32.57256,33.424828,32.43816,31.123207,30.880302,28.828985,26.692722,28.19126,23.835133,26.952276,26.094845,28.71387,26.209278,30.817616,25.36447,29.376495,28.006863,31.015661
