,0,1,2,3,4,5,6,7,8,9,10,11,12,13,14,15,16,17,18,19,20,21,22,23,24,25,26,27,28,29,30,31,32,33,34,35,36,37,38,39,40,41,42,43,44,45,46,47,48,49,50,51,52,53,54,55,56,57,58,59,60,61,62,63,64,65,66,67,68,69,70,71,72,73,74,75,76,77,78,79,80,81,82,83,84,85,86,87,88,89,90,91,92,93,94,95,96,97,98,99,100,101,102,103,104,105,106,107,108,109
0,0.0,4.3420053,6.6815424,9.288622,12.263052,14.634322,17.476788,20.660776,23.99655,27.721777,29.758923,35.167385,32.267033,30.213753,25.782078,23.830189,19.748104,19.016712,13.937428,14.1742325,11.912576,9.7020235,13.515239,9.378928,14.54683,16.726383,18.495405,17.72983,21.945665,22.16337,19.735413,22.206726,26.505243,25.007559,25.992117,28.878326,30.26299,30.38105,29.047207,29.558914,33.701263,29.287033,35.120327,33.21407,38.52137,39.361835,42.373543,43.556416,47.778244,47.44446,45.43336,48.071083,51.79715,50.262474,51.40259,49.337444,45.106236,46.53158,46.23053,45.275124,39.288727,42.012245,40.42884,38.70391,38.755432,34.436207,37.74971,35.535225,31.070549,32.439007,30.072428,29.562847,27.942509,29.359077,28.615385,28.513098,30.123867,28.905111,33.590816,31.81578,35.86125,38.61662,34.26687,31.178223,29.812405,26.201958,25.451426,21.384888,20.813116,18.133701,19.457222,23.950716,21.809155,24.019655,25.4512,27.050377,30.097569,31.312449,30.878098,31.373703,34.075386,35.742176,36.98008,37.433857,36.34288,37.768562,34.735138,39.018257,37.44468,41.618954
1,4.3420053,0.0,5.226559,6.467939,8.772108,12.052786,14.062523,17.992743,20.938292,24.972734,26.991064,32.32901,30.048534,28.218334,23.875336,21.739346,18.056242,16.775557,12.952918,11.772054,10.742188,8.369681,13.397469,10.107966,14.435355,16.192318,16.677097,15.437392,19.722094,20.709738,18.508375,20.147627,24.796335,24.2542,24.88469,27.360733,29.405016,30.061949,28.448305,28.84546,32.58827,27.91273,33.64055,31.15298,36.827446,37.041344,40.5341,41.216618,45.733242,45.28111,42.838547,45.541996,49.45757,47.747963,48.521828,46.36689,42.08827,43.24548,43.019783,41.720055,35.843433,38.628994,36.834698,34.913372,35.08456,30.52241,33.78802,31.598589,27.222973,29.01524,26.793955,26.514956,24.360939,26.145107,25.053673,25.379316,26.78675,25.877085,30.461527,29.06085,32.926395,35.583088,31.223713,27.955412,26.274433,23.102575,21.766829,18.053072,17.021338,14.442988,15.357822,19.784317,17.483368,19.850069,21.16758,22.719988,25.91077,27.083723,26.543716,27.063713,29.84546,31.473452,32.75843,33.32714,32.197365,33.89485,30.879358,35.24877,33.89916,38.11825
2,6.6815424,5.226559,0.0,5.0453944,6.963525,8.366054,11.704047,14.185246,17.90187,21.182098,23.552124,28.712803,26.006407,24.242851,19.481226,18.064383,14.049407,13.922886,9.555052,10.533989,10.538088,9.825614,14.882335,13.163871,17.825802,18.983797,20.102932,17.905373,22.342018,23.411299,19.873886,21.406744,26.99138,26.239046,25.894506,28.539171,30.828356,31.406385,28.932642,28.751158,32.72869,27.49221,33.164158,30.640997,35.885365,35.741623,39.044514,40.431152,44.58639,43.516098,41.33329,44.76282,48.086403,45.929688,47.23682,44.880814,40.933674,42.48195,42.81592,41.49046,35.71204,39.150826,37.67816,35.654003,36.6924,31.883286,35.64313,33.88698,29.549961,32.010635,29.64533,29.004084,26.199392,27.477476,25.721289,25.596771,26.282993,24.549955,28.96803,26.829279,30.670261,33.04495,28.563417,25.788216,24.930933,21.30312,21.304996,17.806112,17.703068,16.112936,17.074375,20.633434,17.930134,19.17096,21.204348,23.223576,25.408993,26.482958,27.046371,27.89558,29.761646,31.089237,32.051666,32.11006,31.311995,32.154583,29.682936,33.8186,32.42557,36.687653
3,9.288622,6.467939,5.0453944,0.0,3.7909954,6.4003925,8.559005,12.392011,14.991289,19.399641,20.897272,26.540195,23.967533,21.98314,18.07561,15.405132,11.961237,10.315584,7.467196,5.818121,6.844101,6.5746436,11.955938,11.810496,15.385177,15.806996,16.4254,13.574061,17.957783,19.374277,15.677856,16.666023,22.547945,22.329424,21.589062,23.96296,26.660305,27.618387,24.937147,24.719612,28.358404,23.073122,28.6705,25.894394,31.399563,31.172443,34.69653,35.681797,40.03596,39.203228,36.83426,39.9856,43.559536,41.603874,42.65716,40.413826,36.307335,37.777645,37.919487,36.74812,30.875269,34.202904,32.83142,30.958557,32.018238,27.405203,31.430307,29.927515,25.437634,27.907507,25.329853,24.394026,21.548397,22.52773,20.844313,20.582886,21.469925,19.95536,24.516827,22.752443,26.68096,29.376177,25.036013,21.892744,20.657513,17.004847,16.710411,12.883942,13.025702,11.569106,13.131991,16.599287,15.185867,16.135494,18.871113,20.097115,21.95414,23.85218,24.356833,24.435766,26.102102,28.073023,29.44542,29.257778,28.018684,28.92983,25.759644,29.924631,28.257782,32.4482
4,12.263052,8.772108,6.963525,3.7909954,0.0,4.575004,5.29351,9.814077,12.225101,16.593163,18.401121,23.735518,21.918968,20.380411,16.348639,14.047882,11.252462,9.589065,8.981605,6.7160068,9.716382,9.762911,15.080143,15.235567,18.283617,18.455027,18.068415,14.877326,19.004253,21.098211,17.639507,17.68053,23.814611,24.41578,23.23695,25.163422,28.421879,29.770662,26.780739,26.326626,29.552286,24.005741,29.30636,25.940865,31.587194,30.490992,34.46004,35.125877,39.639606,38.42808,35.659,39.163,42.706856,40.36039,41.174118,38.731464,34.727123,35.983974,36.452908,34.78506,29.147491,32.78164,31.222355,29.02549,30.523159,25.507093,29.521736,28.154873,23.929852,27.09761,24.7892,24.134754,20.466003,21.807178,19.389885,19.621445,19.83648,18.421959,22.67794,21.10928,24.708832,27.06525,22.629414,19.496876,18.202793,15.100467,14.523865,11.623059,11.405221,10.811482,11.459825,14.168242,12.051214,12.628372,15.454878,16.982224,18.644285,20.259245,21.108162,21.540174,22.975006,24.61239,25.828697,25.664242,24.601889,25.564177,22.796429,27.01101,25.724161,30.0191
5,14.634322,12.052786,8.366054,6.4003925,4.575004,0.0,4.671559,6.1102667,9.605108,13.196073,15.207326,20.543081,18.024555,16.434063,12.011176,10.296184,7.1504436,7.0577497,6.8464684,7.3847136,10.8991,12.210908,16.86328,17.911873,21.236588,21.07696,21.471306,17.868305,21.889996,23.762808,19.298132,19.407635,26.026726,26.24375,24.294687,26.375189,29.662035,30.843771,27.17964,26.202751,29.602571,23.686323,28.802116,25.562597,30.604404,29.265556,32.916534,34.360027,38.41635,36.636883,34.235023,38.401592,41.302822,38.58307,40.00077,37.41116,33.780125,35.502773,36.48719,34.95704,29.475904,33.65918,32.541527,30.395521,32.64579,27.671062,32.08091,31.163422,27.043762,30.505531,28.059135,27.003555,23.117983,23.750097,20.941284,20.512096,20.02257,17.623888,21.60917,19.133566,22.729912,24.835287,20.309504,17.810589,17.634754,13.903208,15.259314,12.717347,13.797961,14.141619,15.018369,16.690786,14.721192,13.879328,17.442478,19.17381,19.531471,21.17828,23.145306,23.709757,24.08272,25.50818,26.42736,25.601904,24.837618,24.71253,22.456778,26.276112,24.816877,29.059418
6,17.476788,14.062523,11.704047,8.559005,5.29351,4.671559,0.0,5.9201818,7.1055284,11.877921,13.414252,18.67567,17.44238,16.27882,12.774084,10.470406,9.210555,7.4215198,10.326743,8.067493,12.611699,13.666204,18.276552,19.671757,22.047138,21.543903,20.71737,16.891605,20.44813,23.021456,19.218227,18.224792,24.771008,26.046658,23.884491,25.317455,29.192944,30.917427,27.244148,26.27587,28.983652,23.103237,27.834518,23.913486,29.36512,27.235376,31.530476,32.12318,36.583015,34.808735,31.77969,35.856922,39.09766,36.273796,37.074722,34.417725,30.669037,31.96021,32.974075,31.004217,25.679152,29.90195,28.534681,26.163404,28.620836,23.435575,27.82696,27.089594,23.200102,27.138731,24.919481,24.092087,19.592033,20.549923,17.207329,17.398842,16.489305,14.689089,18.442684,16.795197,20.034845,22.063366,17.573824,14.597878,13.723175,10.914035,11.191967,9.706231,10.302825,11.5713,11.789514,12.481962,10.8595495,9.405914,13.451829,14.8006525,14.886674,16.833492,18.854445,19.204758,19.41346,20.985855,22.104956,21.30808,20.33197,20.621077,18.145157,22.174128,20.995749,25.32597
7,20.660776,17.992743,14.185246,12.392011,9.814077,6.1102667,5.9201818,0.0,4.9486814,7.0899124,9.66583,14.52993,12.536776,11.7252,7.2196674,7.07897,6.478391,7.782906,10.9417305,11.678756,15.950159,17.77299,21.9361,23.739021,26.621601,26.008574,25.99151,21.985079,25.499481,27.764431,23.101702,22.351017,29.187143,29.970074,27.148289,28.755795,32.544334,34.01943,29.70543,28.173056,31.043797,24.875902,29.22644,25.53451,30.049913,27.481216,31.318611,32.91374,36.697872,34.049446,31.494793,36.52354,38.81493,35.371307,36.959988,34.06145,30.96029,32.79695,34.580402,32.670746,27.782133,32.63817,31.767786,29.428713,32.733192,27.635256,32.246647,31.945602,28.32293,32.523228,30.273241,29.162949,24.54619,24.861008,21.193548,20.731115,18.902628,15.936798,18.895672,15.987821,18.885351,20.212456,15.631401,13.989414,15.000545,11.836033,14.6499605,13.895803,15.536682,17.259401,17.566145,17.454123,15.565687,12.919025,17.045322,18.860312,17.489454,18.94978,22.309216,23.120867,22.088848,23.005272,23.502203,21.923655,21.612783,20.326963,19.105469,22.376877,21.221628,25.372465
8,23.99655,20.938292,17.90187,14.991289,12.225101,9.605108,7.1055284,4.9486814,0.0,6.0465612,6.3431783,11.841176,10.904294,10.317256,8.379464,6.6060243,8.6532,8.089026,13.591666,12.666584,17.41012,19.39931,23.042337,25.619343,27.603018,26.474667,25.831833,21.5794,24.448961,27.074663,22.675064,21.01081,27.712858,29.234667,25.91221,26.916107,31.161722,33.057274,28.538872,26.837523,28.987932,22.903866,26.627907,22.430702,26.965914,23.589458,27.885315,28.922293,32.880444,30.132048,27.140911,32.240604,34.629837,31.069262,32.30656,29.355812,26.251434,27.958464,29.917372,27.87588,23.197584,28.267214,27.556633,25.24307,29.053473,24.141869,28.963503,29.174515,25.810566,30.259047,28.067526,26.807636,21.902842,21.843933,17.787378,17.31265,14.764424,11.814555,14.234405,11.735251,14.298989,15.664981,11.065016,9.105689,10.30768,7.747759,11.13937,11.700436,13.752815,16.431602,16.67794,15.309229,14.853922,11.164546,15.97072,16.851562,14.201543,16.552141,20.301355,20.407644,18.468328,19.873909,20.679737,18.526024,17.837893,16.144896,14.453496,17.583284,16.277082,20.426592
9,27.721777,24.972734,21.182098,19.399641,16.593163,13.196073,11.877921,7.0899124,6.0465612,0.0,4.979278,7.646388,7.535081,8.808825,6.413948,8.8413515,11.21444,12.819829,17.276299,17.927818,22.412617,24.4821,28.257223,30.581898,33.078735,32.112465,31.730783,27.517677,30.483248,33.033024,28.38138,26.92014,33.661995,34.969475,31.458553,32.539913,36.70087,38.43939,33.649403,31.65699,33.85189,27.738651,31.04701,27.040396,30.73842,26.799706,30.709038,32.359287,35.696503,32.050053,29.351435,35.28442,36.76147,32.467358,34.19338,30.964983,28.691736,30.57954,33.320885,30.987196,27.098724,32.527306,31.980436,29.525213,33.890163,28.905918,33.518394,33.911312,30.970041,35.747143,33.771553,32.65237,27.543503,27.528023,23.246511,22.809635,19.688805,16.49769,17.664066,14.606981,15.992485,15.880294,11.670519,11.853912,14.452367,12.82972,16.635891,17.728567,19.603106,22.259827,22.102287,20.42273,18.90732,14.9357,18.970545,20.598618,17.341175,18.414309,23.13065,24.11529,21.458426,21.65763,21.56174,18.986744,19.351995,16.349752,16.88118,19.006165,18.420706,22.136457
10,29.758923,26.991064,23.552124,20.897272,18.401121,15.207326,13.414252,9.66583,6.3431783,4.979278,0.0,6.3654523,5.500917,6.2922535,7.6680417,7.7848663,11.723655,12.358626,17.986513,18.035816,22.519001,24.956717,27.968208,31.160196,33.002182,31.547613,31.196024,26.80622,29.25318,31.741749,26.987257,25.12328,31.681189,33.16325,29.136133,29.883139,34.161373,36.041725,30.998676,28.76451,30.470963,24.531137,27.201052,23.158405,26.416227,22.1043,26.00012,27.687132,30.855965,27.095486,24.434752,30.50907,31.803293,27.508257,29.393515,26.211182,24.02834,26.238184,29.103603,27.192757,23.412973,28.974903,28.9486,26.86011,31.571619,27.147165,32.083454,32.964996,30.044054,34.638916,32.482967,30.922916,26.04204,25.223232,21.05559,20.010239,16.54234,12.948445,13.436905,10.027041,11.181157,11.298501,7.0712657,7.9110537,11.583457,9.971846,14.957856,16.403534,19.020931,22.092426,22.42698,20.261354,20.340887,16.043867,20.65201,21.268013,17.147093,19.409378,24.06338,24.043728,20.679184,21.764446,22.173607,18.96405,18.700966,14.982455,14.556167,16.111046,14.728525,18.178665
11,35.167385,32.32901,28.712803,26.540195,23.735518,20.543081,18.67567,14.52993,11.841176,7.646388,6.3654523,0.0,6.7223406,9.90256,11.637008,13.748842,17.432066,18.62225,23.897152,24.196238,28.738823,31.052975,34.27809,37.258305,39.203686,37.8098,37.165825,32.819233,35.133095,37.822315,33.264767,31.181454,37.57791,39.34778,35.218372,35.71718,40.116222,42.099377,36.97178,34.607094,35.964203,30.230276,32.267178,28.166922,30.785818,25.603392,29.373491,30.938606,33.63813,29.078836,26.33268,32.977722,33.496964,28.434761,30.264435,26.813778,25.634432,27.587137,31.261988,28.768984,26.18932,31.916044,31.915178,29.632149,34.902058,30.48336,35.03157,36.219578,33.949398,38.956005,37.17762,35.906918,30.700085,30.114954,25.648838,25.049797,21.037308,17.982723,17.035435,14.371956,13.588047,11.5285635,9.035562,11.744907,15.551681,15.57913,19.811184,22.143278,24.290754,27.5612,27.314194,24.503132,24.009655,19.424498,23.25387,24.152231,19.361073,20.531788,25.911829,26.494936,22.31986,22.256428,21.855017,18.178757,18.901709,13.936592,16.033802,16.234068,16.086313,18.713718
12,32.267033,30.048534,26.006407,23.967533,21.918968,18.024555,17.44238,12.536776,10.904294,7.535081,5.500917,6.7223406,0.0,3.6262105,6.962879,9.291428,13.004613,15.092777,19.69694,21.24069,25.233534,28.00183,30.660355,34.017326,36.241512,34.79403,35.209316,30.80081,33.38765,35.46043,30.126507,28.780916,35.398506,36.209984,31.941706,32.9963,36.896183,38.39302,33.057064,30.506603,32.47308,26.617954,28.984684,25.655283,27.788822,23.814928,26.680729,29.593397,31.815037,27.454933,25.796268,32.369938,32.607075,28.042442,30.966625,27.82655,26.389502,29.205544,32.401756,30.991205,27.542547,33.151405,33.57876,31.748175,36.593956,32.42361,37.437813,38.40301,35.4151,39.8578,37.539356,35.720398,31.123894,29.89841,26.006948,24.409653,21.094625,17.025066,17.172348,12.920553,13.71037,13.210445,10.246209,12.458877,16.644636,14.481173,20.114494,20.970104,23.958715,26.779085,27.4264,25.613268,25.433245,21.27826,25.756027,26.662806,22.56897,24.507137,29.352713,29.518518,26.012182,26.833858,26.93015,23.53261,23.631533,19.2451,19.492376,20.279121,18.753998,21.52063
13,30.213753,28.218334,24.242851,21.98314,20.380411,16.434063,16.27882,11.7252,10.317256,8.808825,6.2922535,9.90256,3.6262105,0.0,5.9781823,6.6927357,10.525828,12.56083,17.037323,18.81588,22.501194,25.473095,27.723997,31.370913,33.51894,31.975607,32.805866,28.404549,31.004887,32.788666,27.195702,26.129478,32.748207,33.187492,28.878452,30.136702,33.82071,35.145973,29.773874,27.194574,29.39979,23.513336,26.10396,23.093367,25.20738,21.951721,24.535347,27.835346,30.048807,26.096863,24.78589,31.033352,31.462734,27.37616,30.536283,27.621742,25.820368,28.903542,31.673729,30.784513,26.836,32.258488,32.84112,31.262474,35.78557,31.81863,37.019756,37.882713,34.563145,38.641056,36.06938,33.978325,29.7712,28.21342,24.703316,22.636152,19.796795,15.396702,16.234507,11.483576,13.2915,13.8867,10.722997,12.154395,16.130726,12.950943,19.030952,19.134138,22.517681,25.10302,26.240683,24.892332,25.162216,21.307604,26.077198,26.759674,23.042154,25.516115,29.93017,29.703232,26.57843,27.986212,28.46185,25.226582,24.876322,20.949585,20.103935,21.268478,19.0992,21.983679
14,25.782078,23.875336,19.481226,18.07561,16.348639,12.011176,12.774084,7.2196674,8.379464,6.413948,7.6680417,11.637008,6.962879,5.9781823,0.0,5.5647187,7.1793857,10.616861,13.734248,16.321466,20.010109,22.611998,25.743559,28.423216,31.328022,30.34813,31.207106,26.991695,30.238852,32.066456,26.571537,26.013832,32.907097,33.12505,29.51451,31.21223,34.774418,35.94928,30.973787,28.806711,31.670935,25.51831,29.134748,26.022793,29.104637,26.394842,29.312735,32.22369,34.97705,31.493248,29.84687,35.69897,36.76462,32.882217,35.57938,32.623455,30.34317,32.974365,35.405,34.04059,29.634499,34.909874,34.838764,32.86092,36.878384,32.275627,37.235588,37.49397,33.977417,38.135242,35.66424,34.00081,29.608606,28.910677,25.309023,23.869085,21.489868,17.4721,19.418224,15.172884,17.5907,18.324537,14.320287,14.542729,17.473246,13.974093,18.984936,18.47852,21.198488,23.25423,24.07703,23.46834,22.375862,19.064587,23.431213,24.95085,22.289959,23.978722,28.144686,28.693888,26.490574,27.37629,27.610607,25.087938,25.047926,22.051287,21.50544,23.609444,22.020378,25.554047
15,23.830189,21.739346,18.064383,15.405132,14.047882,10.296184,10.470406,7.07897,6.6060243,8.8413515,7.7848663,13.748842,9.291428,6.6927357,5.5647187,0.0,4.5136423,5.9395146,10.768605,12.163598,15.956964,18.823221,21.396471,24.786589,27.037252,25.688948,26.540535,22.21423,25.198114,26.944113,21.404022,20.665754,27.514074,27.816912,24.052116,25.661232,29.292177,30.598814,25.625778,23.517426,26.281046,20.094555,23.910112,20.737318,24.262972,22.031221,25.14588,27.742329,30.86971,28.078829,26.314398,31.54814,33.224,29.956966,32.390465,29.697313,26.843985,29.505434,31.362165,30.466612,25.550877,30.537056,30.602661,28.939936,32.61713,28.387167,33.562668,33.870647,30.079445,33.824448,31.103128,29.104742,25.110815,23.947765,20.7409,18.829998,16.937994,12.784408,15.536471,11.352733,14.782451,16.740726,12.635275,11.658807,14.00198,9.496693,14.899205,13.744765,17.062685,19.128908,20.580997,20.1539,20.377386,17.283575,22.150059,22.843052,20.34636,23.109602,26.630238,26.271885,24.328417,26.220514,27.139154,24.674084,23.83834,21.419464,19.278324,21.750917,19.416868,23.05004
16,19.748104,18.056242,14.049407,11.961237,11.252462,7.1504436,9.210555,6.478391,8.6532,11.21444,11.723655,17.432066,13.004613,10.525828,7.1793857,4.5136423,0.0,4.6734715,6.7136793,9.706998,12.922766,15.691175,18.608793,21.408346,24.312832,23.39221,24.773743,20.708359,24.2283,25.646322,19.99308,20.102646,26.982275,26.66561,23.538624,25.69232,28.886988,29.843616,25.258078,23.507341,26.942469,20.802006,25.374584,22.62028,26.491884,25.207901,28.090887,30.748392,33.988407,31.680723,30.085974,34.85291,36.83152,33.937435,36.324314,33.763653,30.63876,33.180027,34.613888,33.78441,28.500547,33.13537,32.91335,31.21489,34.25667,29.862207,34.8671,34.67683,30.579353,33.998375,31.193676,29.328249,25.663807,24.904287,22.107817,20.373022,19.315075,15.579274,19.08397,15.273601,19.007391,21.15634,16.946592,15.454085,16.923084,12.170014,16.390581,14.081042,16.96949,18.17457,19.82399,20.492662,20.005754,17.805576,22.29971,23.418419,22.043144,24.459555,27.409582,27.34845,26.324305,28.1272,29.047117,27.14592,26.337914,24.655142,22.387642,25.359028,23.158152,26.983736
17,19.016712,16.775557,13.922886,10.315584,9.589065,7.0577497,7.4215198,7.782906,8.089026,12.819829,12.358626,18.62225,15.092777,12.56083,10.616861,5.9395146,4.6734715,0.0,6.6361194,6.2585692,10.250281,13.017357,15.767949,19.079191,21.1695,19.914978,20.754246,16.514914,19.808508,21.470148,16.08876,15.680597,22.598942,22.804949,19.671885,21.554155,25.066973,26.385025,21.964725,20.450272,23.568138,17.435738,22.211334,19.070126,23.712269,22.539986,25.919088,27.753223,31.543499,29.852398,27.815254,31.945631,34.627422,32.169624,33.960888,31.574383,27.969137,30.21506,31.157972,30.41921,24.82615,29.136326,28.801289,27.226131,29.926182,25.716808,30.767918,30.579342,26.35239,29.555168,26.656235,24.682562,21.161583,20.295074,17.71872,15.951047,15.385698,12.092934,16.24382,13.253053,17.352236,20.148851,16.009737,13.498559,13.919569,8.940904,12.455106,9.560879,12.750231,14.035987,16.076689,16.796347,17.423176,15.475869,20.17102,20.564741,19.43611,22.549301,24.897673,24.158724,23.442945,25.915073,27.324793,25.59579,24.234035,23.228184,19.919458,23.228851,20.773325,24.670698
18,13.937428,12.952918,9.555052,7.467196,8.981605,6.8464684,10.326743,10.9417305,13.591666,17.276299,17.986513,23.897152,19.69694,17.037323,13.734248,10.768605,6.7136793,6.6361194,0.0,6.2068644,7.197033,9.87011,12.7478895,15.034131,18.455969,17.989407,20.249441,16.753874,20.730974,21.473228,15.900838,17.294695,23.760859,22.560167,20.50587,23.297747,25.754837,26.266161,22.503086,21.476362,25.586716,19.909006,25.334173,23.23399,27.626534,27.794092,30.429403,32.80429,36.319664,35.04649,33.58696,37.310696,39.96866,37.903957,40.005928,37.793633,34.13726,36.471603,37.043617,36.58599,30.773397,34.62741,34.147934,32.673527,34.59005,30.419802,35.15323,34.365906,29.832747,32.366695,29.3617,27.509005,24.805376,24.302513,22.541744,20.858631,21.249582,18.325298,22.697178,19.6335,23.82323,26.599081,22.457214,20.120262,20.331093,15.461203,17.93437,14.022142,16.299759,16.0246,18.356495,20.64239,20.237045,19.547531,23.463741,24.457771,24.587616,27.09523,28.822098,28.528055,28.790428,31.002665,32.278896,31.074444,29.895487,29.322035,26.218477,29.729818,27.374027,31.281565
19,14.1742325,11.772054,10.533989,5.818121,6.7160068,7.3847136,8.067493,11.678756,12.666584,17.927818,18.035816,24.196238,21.24069,18.81588,16.321466,12.163598,9.706998,6.2585692,6.2068644,0.0,4.878144,6.9610963,10.493366,13.169126,15.231156,14.365464,15.153771,11.264479,15.190998,16.677612,11.921888,12.285836,18.862446,18.872255,17.036327,19.241236,22.35771,23.592386,20.226652,19.644712,23.042156,17.505903,22.988747,20.14242,25.594557,25.457756,28.914223,29.955673,34.24028,33.545986,31.31345,34.341877,37.87479,36.13372,37.304554,35.21365,31.075445,32.815517,32.88305,32.21812,26.22664,29.636292,28.784452,27.291471,28.732224,24.609919,29.223894,28.344849,23.731728,26.162619,23.171253,21.438818,18.687143,18.511337,16.93138,15.743922,16.743338,14.8922415,19.628883,17.841587,22.000158,25.140173,21.100893,17.830118,16.70549,12.455574,13.041978,8.562804,10.411606,9.927861,12.643514,15.156372,15.87379,15.680056,19.546297,19.746181,20.387247,23.429379,24.369509,23.427656,24.213097,26.9876,28.739004,27.870325,26.17985,26.538778,22.586096,26.472626,24.172161,28.14085
20,11.912576,10.742188,10.538088,6.844101,9.716382,10.8991,12.611699,15.950159,17.41012,22.412617,22.519001,28.738823,25.233534,22.501194,20.010109,15.956964,12.922766,10.250281,7.197033,4.878144,0.0,3.5356162,6.0267625,8.959672,11.422376,10.852898,13.318407,10.284092,14.3677845,14.691419,9.763857,11.9345665,17.661587,16.344244,15.46789,18.361933,20.470718,21.077097,18.408995,18.36876,22.351116,17.496147,23.30722,21.429983,26.609388,27.72264,30.543255,31.849463,35.920635,35.826904,34.079548,36.49046,40.118507,38.94586,40.28454,38.4809,34.241123,36.09651,35.6819,35.55283,29.407825,32.248566,31.511213,30.385485,31.094835,27.48338,31.865042,30.698606,25.885096,27.370136,24.181332,22.269123,20.729328,20.350636,19.848349,18.358152,20.242891,18.61274,23.44429,21.656757,25.97428,29.361713,25.502771,22.286356,21.102049,16.763304,17.139502,12.224201,13.697432,12.028977,15.242373,18.659008,19.50212,20.044006,23.45582,23.579504,24.810856,27.836277,28.225126,27.119144,28.430437,31.380173,33.241066,32.56915,30.767588,31.322165,27.114998,30.972658,28.451138,32.24999
21,9.7020235,8.369681,9.825614,6.5746436,9.762911,12.210908,13.666204,17.77299,19.39931,24.4821,24.956717,31.052975,28.00183,25.473095,22.611998,18.823221,15.691175,13.017357,9.87011,6.9610963,3.5356162,0.0,5.6333756,6.2428403,9.104081,9.400008,11.366291,9.168151,13.491319,13.842694,10.360997,12.623326,17.55379,16.44987,16.642076,19.374191,21.283281,21.925478,20.07985,20.537025,24.317299,19.907051,25.687878,23.72371,29.219698,30.33384,33.379448,34.17708,38.515938,38.66632,36.648777,38.738308,42.721615,41.664215,42.618374,40.843765,36.437206,37.944523,37.277508,36.923862,30.77192,33.254086,32.1307,30.901531,31.03808,27.361357,31.314642,29.73297,24.915579,26.078554,23.068533,21.605947,20.34633,20.677176,20.456438,19.612055,21.81218,20.7993,25.644373,24.320335,28.523497,31.861063,27.937344,24.484787,22.786907,18.957932,18.223743,13.421326,13.788406,11.247512,14.205048,18.346025,18.833126,20.212456,22.962793,23.142187,25.22284,27.944231,27.68127,26.705484,28.740215,31.585054,33.48346,33.278816,31.461641,32.63945,28.431246,32.523396,30.27811,34.153233
22,13.515239,13.397469,14.882335,11.955938,15.080143,16.86328,18.276552,21.9361,23.042337,28.257223,27.968208,34.27809,30.660355,27.723997,25.743559,21.396471,18.608793,15.767949,12.7478895,10.493366,6.0267625,5.6333756,0.0,6.003046,6.571492,5.7760363,10.490111,9.122039,12.356036,11.056021,7.066645,11.020374,14.715831,12.004352,12.799365,16.077818,16.89735,16.941021,15.688244,16.651228,20.688871,17.239462,22.950815,22.065348,27.03738,29.444553,31.74522,32.761627,36.7625,37.633648,36.196426,37.5224,41.52841,41.20205,42.35085,40.98535,36.54091,38.292404,37.120564,37.62465,31.406008,33.325832,32.701164,32.110844,31.823437,29.080925,33.100933,31.737152,26.836226,27.030834,23.66617,21.504889,21.615725,20.910866,21.801023,20.123102,23.059254,22.096224,26.890785,25.630713,29.94721,33.67899,30.184544,26.804073,25.195297,21.142427,20.82592,15.759782,16.818888,14.348937,17.948996,21.842886,23.523172,24.671715,27.69764,27.28042,28.994038,32.300396,31.936007,30.264418,32.094875,35.49656,37.66882,37.19626,35.05905,36.018597,31.231457,35.036125,32.265015,35.76448
23,9.378928,10.107966,13.163871,11.810496,15.235567,17.911873,19.671757,23.739021,25.619343,30.581898,31.160196,37.258305,34.017326,31.370913,28.423216,24.786589,21.408346,19.079191,15.034131,13.169126,8.959672,6.2428403,6.003046,0.0,5.489017,7.7688026,11.233073,11.433451,14.92484,13.89536,12.212929,15.605793,18.471292,16.18814,18.169079,21.136232,21.723665,21.653395,21.29682,22.535326,26.438997,23.153732,28.837252,27.685648,32.921715,34.987335,37.58701,38.324112,42.54907,43.319336,41.5782,42.97769,47.175873,46.65765,47.547462,46.03539,41.50573,42.92416,41.7494,41.731903,35.55002,37.354084,36.164177,35.22008,34.45468,31.307203,34.720016,32.72339,27.940117,27.976921,25.064865,23.793081,23.842865,24.315487,25.041842,24.27854,27.102713,26.460619,31.30604,30.165035,34.406967,37.889336,34.071102,30.571524,28.674152,24.978613,23.830717,19.024956,18.890314,15.672835,18.448406,23.124262,23.56153,25.662334,27.764223,27.888292,30.65796,33.206875,32.249416,31.218214,33.910793,36.805927,38.78499,38.929222,37.033283,38.600056,34.22727,38.362377,36.07899,39.836582
24,14.54683,14.435355,17.825802,15.385177,18.283617,21.236588,22.047138,26.621601,27.603018,33.078735,33.002182,39.203686,36.241512,33.51894,31.328022,27.037252,24.312832,21.1695,18.455969,15.231156,11.422376,9.104081,6.571492,5.489017,0.0,3.410587,7.181461,8.929013,11.098996,9.241896,9.729129,13.003587,14.060104,11.919508,15.044086,17.563383,17.773142,17.944426,18.616302,20.480883,23.711063,21.407696,26.690277,25.757881,31.09919,33.60084,36.196587,36.197723,40.60152,42.084152,40.23954,40.74357,45.408836,45.482975,45.898605,44.718685,39.99932,41.139084,39.361965,39.711544,33.592693,34.624413,33.481087,32.965233,31.47788,29.12342,32.273613,30.326231,25.578705,24.661278,21.62157,20.125849,21.388462,21.57012,23.29907,22.529205,26.054815,26.143917,30.842022,30.428051,34.531887,38.280693,34.84774,31.099077,28.6938,25.46484,23.598846,18.905321,18.580048,15.207322,18.308453,22.817942,24.570229,26.771961,28.833183,28.129707,30.93015,33.987755,32.508846,30.691807,33.55547,36.9999,39.35448,39.530945,37.226604,39.136967,34.14735,38.174347,35.7203,39.17037
25,16.726383,16.192318,18.983797,15.806996,18.455027,21.07696,21.543903,26.008574,26.474667,32.112465,31.547613,37.8098,34.79403,31.975607,30.34813,25.688948,23.39221,19.914978,17.989407,14.365464,10.852898,9.400008,5.7760363,7.7688026,3.410587,0.0,6.1715617,7.1542444,8.794694,6.4672256,6.5615644,9.994217,11.011746,8.749774,11.653926,14.170948,14.539207,14.968747,15.412233,17.309353,20.357231,18.19635,23.366842,22.533522,27.822514,30.498772,33.005955,32.931713,37.300163,38.948883,37.18371,37.49201,42.172718,42.424152,42.841976,41.782352,37.068558,38.293713,36.416042,37.059498,30.939104,31.89384,31.029732,30.754995,29.407724,27.37737,30.811846,29.220888,24.42362,23.496078,20.176624,18.125011,19.611496,19.121925,21.129913,19.935505,23.652533,23.78024,28.386404,28.103825,32.170837,36.05543,32.858807,29.129156,26.750336,23.515272,21.85214,17.1345,17.301775,14.313985,17.831776,21.875427,24.418793,26.164818,28.648611,27.567087,29.841955,33.32766,32.07556,29.834932,32.281242,36.044384,38.541157,38.426636,35.95015,37.631134,32.363083,36.204605,33.513187,36.778442
26,18.495405,16.677097,20.102932,16.4254,18.068415,21.471306,20.71737,25.99151,25.831833,31.730783,31.196024,37.165825,35.209316,32.805866,31.207106,26.540535,24.773743,20.754246,20.249441,15.153771,13.318407,11.366291,10.490111,11.233073,7.181461,6.1715617,0.0,4.456976,4.889466,5.3397875,8.935964,9.445977,9.718141,11.012087,13.606813,14.632593,16.31672,17.957745,18.418625,20.22162,22.143415,19.922003,24.632547,22.712503,28.753532,30.369505,33.772617,32.458813,37.482048,39.145195,36.530746,36.598198,41.862926,41.977585,41.50611,40.385056,35.474045,35.97086,33.886974,33.905792,27.977589,28.50569,26.980917,26.475338,24.51228,22.407215,25.302036,23.41377,18.712748,17.55739,14.444763,13.084577,14.686141,15.325802,17.526775,17.539806,21.387993,22.61018,26.949009,27.64137,31.296469,35.01189,31.904612,27.83409,24.641209,22.52018,19.233936,15.316275,14.136538,10.837922,13.777263,17.776136,20.848793,23.118889,24.945324,23.343117,26.211414,29.606556,27.59034,25.057442,28.12105,31.944616,34.620388,34.953796,32.314365,34.81071,29.44888,33.44122,31.21298,34.461834
27,17.72983,15.437392,17.905373,13.574061,14.877326,17.868305,16.891605,21.985079,21.5794,27.517677,26.80622,32.819233,30.80081,28.404549,26.991695,22.21423,20.708359,16.514914,16.753874,11.264479,10.284092,9.168151,9.122039,11.433451,8.929013,7.1542444,4.456976,0.0,4.4449954,6.454248,6.660502,6.270715,9.63517,11.236498,11.969945,13.163514,15.895544,17.814596,16.874651,18.025137,20.141441,16.912258,21.888252,19.462923,25.684994,26.790958,30.393885,29.40613,34.42449,35.598373,32.93953,33.633514,38.62598,38.34276,38.14049,36.81192,31.98316,32.743473,31.108337,31.007078,24.917778,26.178625,24.865297,24.154325,23.177309,20.52664,24.190823,22.757303,17.871256,17.959393,14.599308,12.716364,12.843332,12.973974,14.377267,13.981437,17.540045,18.368631,22.846899,23.291052,27.025621,30.72708,27.54371,23.5216,20.537428,18.129452,15.273925,11.032077,10.488157,7.6326528,11.289804,14.902848,18.225965,19.811651,22.325546,20.779299,22.947565,26.612019,25.305082,22.793106,25.178972,29.049643,31.663464,31.601908,29.008099,31.033043,25.695808,29.661503,27.296162,30.670296
28,21.945665,19.722094,22.342018,17.957783,19.004253,21.889996,20.44813,25.499481,24.448961,30.483248,29.25318,35.133095,33.38765,31.004887,30.238852,25.198114,24.2283,19.808508,20.730974,15.190998,14.3677845,13.491319,12.356036,14.92484,11.098996,8.794694,4.889466,4.4449954,0.0,4.1810427,7.773846,6.032857,6.0595284,9.572831,10.831983,10.858753,13.632296,16.116922,15.98378,17.556938,18.646883,16.576653,20.7633,18.512848,24.68885,26.093958,29.666763,27.854393,33.02351,34.863422,32.1034,31.87053,37.29834,37.582706,36.877026,35.896984,30.950747,31.382776,29.122316,29.408873,23.503977,23.846788,22.60961,22.433287,20.657099,19.063404,22.41189,21.176096,16.478148,15.459927,11.8652115,9.389255,11.356207,10.888976,13.72342,13.361405,17.565329,19.215958,23.237011,24.434387,27.846413,31.674744,28.98858,24.923048,21.601446,19.870125,16.527517,13.047229,12.428574,10.191277,13.414128,16.223415,20.618328,22.123856,24.466816,22.2112,24.206627,28.219997,26.516197,23.283354,25.666704,29.973742,32.868546,32.806488,29.89416,32.155422,26.386755,30.078579,27.604893,30.542606
29,22.16337,20.709738,23.411299,19.374277,21.098211,23.762808,23.021456,27.764431,27.074663,33.033024,31.741749,37.822315,35.46043,32.788666,32.066456,26.944113,25.646322,21.470148,21.473228,16.677612,14.691419,13.842694,11.056021,13.89536,9.241896,6.4672256,5.3397875,6.454248,4.1810427,0.0,6.5767183,7.106948,4.9449835,6.035246,9.036639,9.812369,11.041045,12.906588,13.779296,15.940355,17.403902,16.192104,20.434517,19.26909,24.845804,27.355427,30.199123,28.907324,33.654106,35.899654,33.734966,33.14474,38.39871,39.11576,38.793766,38.040394,33.171417,33.937405,31.479517,32.375565,26.476097,26.596272,25.790888,25.989407,24.065435,22.989763,26.251776,25.033262,20.441307,18.801672,15.271168,12.6189,15.387016,14.277808,17.415398,16.324697,20.639551,21.800274,25.905996,26.677458,30.30251,34.300396,31.669054,27.772041,24.838764,22.53594,20.018402,16.081606,16.0726,13.680859,17.127636,20.223328,24.289118,25.78375,28.264887,26.228968,28.150316,32.17427,30.590734,27.450752,29.736973,34.05121,36.907078,36.72265,33.839542,35.80538,29.99927,33.562576,30.802853,33.61683
30,19.735413,18.508375,19.873886,15.677856,17.639507,19.298132,19.218227,23.101702,22.675064,28.38138,26.987257,33.264767,30.126507,27.195702,26.571537,21.404022,19.99308,16.08876,15.900838,11.921888,9.763857,10.360997,7.066645,12.212929,9.729129,6.5615644,8.935964,6.660502,7.773846,6.5767183,0.0,4.65472,8.4071865,6.952018,6.4278007,9.180719,11.049259,12.31607,10.665275,11.845504,14.793068,11.820832,17.141254,16.071701,21.415512,23.986137,26.490627,26.604519,30.903723,32.398926,30.740997,31.26176,35.732086,35.92731,36.575806,35.537735,30.927334,32.497078,30.832722,31.833048,25.681265,27.05432,26.794601,26.746326,26.320929,24.463737,28.680296,27.898949,23.102983,22.940048,19.262913,16.260248,17.101305,15.196174,17.000254,14.731038,18.38533,18.16331,22.626417,22.294594,26.329458,30.371475,27.522282,23.963139,21.91897,18.481544,17.734241,13.059762,14.61619,12.929525,16.930351,19.76591,23.32318,23.925415,27.313063,25.834078,26.830212,30.960611,30.519272,27.815557,29.154291,33.277515,35.860523,35.07764,32.456898,33.42368,27.8981,31.350708,28.235466,31.258577
31,22.206726,20.147627,21.406744,16.666023,17.68053,19.407635,18.224792,22.351017,21.01081,26.92014,25.12328,31.181454,28.780916,26.129478,26.013832,20.665754,20.102646,15.680597,17.294695,12.285836,11.9345665,12.623326,11.020374,15.605793,13.003587,9.994217,9.445977,6.270715,6.032857,7.106948,4.65472,0.0,6.9231935,8.860287,6.964861,7.7323184,11.530438,13.997644,11.869809,12.592405,14.173204,10.920924,15.646091,13.380544,19.48511,21.09105,24.366232,23.506924,28.337004,29.802925,27.509989,27.915228,32.782425,32.871925,32.942707,31.876268,27.109964,28.321259,26.568665,27.34646,21.203339,22.508965,22.152485,22.110533,21.831161,20.068287,24.45478,24.015642,19.336718,19.519814,15.801199,12.519535,12.972707,10.604223,12.5591135,10.326662,14.312603,14.875087,19.092066,19.596577,23.292969,27.329868,24.742903,20.977821,18.43461,15.7804575,14.234877,10.205805,11.717939,10.822545,14.655703,16.592417,21.103006,21.384354,24.830456,22.788153,23.4056,27.865566,27.38055,24.208315,25.281868,29.687866,32.45014,31.597134,28.760757,29.908228,24.095737,27.459984,24.396975,27.288979
32,26.505243,24.796335,26.99138,22.547945,23.814611,26.026726,24.771008,29.187143,27.712858,33.661995,31.681189,37.57791,35.398506,32.748207,32.907097,27.514074,26.982275,22.598942,23.760859,18.862446,17.661587,17.55379,14.715831,18.471292,14.060104,11.011746,9.718141,9.63517,6.0595284,4.9449835,8.4071865,6.9231935,0.0,6.017954,7.255211,6.043718,8.190491,11.206081,11.89517,13.986959,14.068236,13.861023,17.040985,15.985273,21.34881,24.029099,26.781393,24.859549,29.638243,32.37133,30.215769,28.92427,34.39406,35.566475,34.965916,34.527325,29.675797,30.36879,27.522125,28.986925,23.31377,22.890982,22.59552,23.395449,21.477207,21.389341,24.809881,24.270899,19.998999,18.169596,14.517187,10.950144,14.462891,11.966751,15.898904,14.259084,18.81838,20.392818,23.926594,25.242704,28.50461,32.594746,30.545132,26.78221,23.845308,22.014448,19.66307,16.426813,16.95861,15.554343,18.909513,20.901604,25.929478,26.800638,29.593752,27.005453,28.124681,32.625046,31.259264,27.512362,29.141802,33.854355,36.8935,36.35833,33.233105,34.949955,28.810816,31.913937,28.895834,31.202982
33,25.007559,24.2542,26.239046,22.329424,24.41578,26.24375,26.046658,29.970074,29.234667,34.969475,33.16325,39.34778,36.209984,33.187492,33.12505,27.816912,26.66561,22.804949,22.560167,18.872255,16.344244,16.44987,12.004352,16.18814,11.919508,8.749774,11.012087,11.236498,9.572831,6.035246,6.952018,8.860287,6.017954,0.0,5.398121,7.1599636,5.9096503,6.9469485,8.685891,11.487166,13.150049,13.346353,17.162443,17.596054,21.98622,25.94425,27.654078,27.173527,31.16448,33.898106,32.66253,31.656712,36.462723,37.77151,38.088837,37.683525,33.061382,34.43357,31.866282,33.7527,27.954828,28.017176,28.11719,28.890976,27.393795,26.989033,30.621605,29.927984,25.458933,23.765116,20.136158,16.809338,19.795223,17.309702,20.606535,18.275778,22.53104,23.005066,26.902773,27.18539,30.893282,35.096584,32.830936,29.338636,27.090841,24.200262,23.082108,18.9805,20.171581,18.378117,22.154465,24.827377,29.064062,29.916584,33.003063,30.998665,32.112164,36.476894,35.496178,32.208164,33.74035,38.246857,41.09332,40.383087,37.468246,38.669247,32.735023,35.860035,32.559326,35.004402
34,25.992117,24.88469,25.894506,21.589062,23.23695,24.294687,23.884491,27.148289,25.91221,31.458553,29.136133,35.218372,31.941706,28.878452,29.51451,24.052116,23.538624,19.671885,20.50587,17.036327,15.46789,16.642076,12.799365,18.169079,15.044086,11.653926,13.606813,11.969945,10.831983,9.036639,6.4278007,6.964861,7.255211,5.398121,0.0,3.9320517,5.415235,7.4111705,5.183948,6.9837127,8.775836,7.964112,12.10457,12.456814,16.846933,20.76857,22.420382,22.390692,26.275904,28.688631,27.61611,27.07025,31.549582,32.647873,33.34688,32.867558,28.394012,30.194447,28.015528,30.131378,24.318506,25.012337,25.656017,26.478687,26.036,25.490746,29.780365,29.683002,25.250347,24.52115,20.763008,16.973282,18.873894,15.415111,18.134758,14.888142,18.776632,18.73501,22.41668,22.47076,26.127308,30.37867,28.36914,25.156033,23.383753,20.296608,20.183683,16.329628,18.532516,17.720549,21.603554,23.430672,27.975275,27.972282,31.671192,29.614681,29.74392,34.411198,34.181545,30.806728,31.423573,36.00944,38.79421,37.558903,34.667477,35.183083,29.263487,32.04178,28.439396,30.71855
35,28.878326,27.360733,28.539171,23.96296,25.163422,26.375189,25.317455,28.755795,26.916107,32.539913,29.883139,35.71718,32.9963,30.136702,31.21223,25.661232,25.69232,21.554155,23.297747,19.241236,18.361933,19.374191,16.077818,21.136232,17.563383,14.170948,14.632593,13.163514,10.858753,9.812369,9.180719,7.7323184,6.043718,7.1599636,3.9320517,0.0,5.139176,8.598487,7.196014,8.709925,8.072702,8.561135,11.144786,11.076666,15.675773,19.320198,21.300861,20.12148,24.370638,27.2626,25.824142,24.524273,29.503765,30.953773,31.03709,30.794579,26.214651,27.647459,25.015446,27.366919,21.785532,21.832392,22.632662,23.84453,23.123856,23.30347,27.424694,27.64357,23.520802,22.502165,18.828016,14.787507,17.238264,13.249019,16.611525,13.450626,17.587723,18.339119,21.482363,22.365564,25.57676,29.814198,28.230818,24.963507,22.839033,20.550373,19.840263,16.749065,18.691978,18.263294,21.862972,23.078894,28.286192,28.18324,31.752954,29.215708,29.135923,34.013702,33.582603,29.76243,30.23933,35.075745,38.03383,36.78985,33.690178,34.399467,28.2347,30.76769,27.18406,29.092588
36,30.26299,29.405016,30.828356,26.660305,28.421879,29.662035,29.192944,32.544334,31.161722,36.70087,34.161373,40.116222,36.896183,33.82071,34.774418,29.292177,28.886988,25.066973,25.754837,22.35771,20.470718,21.283281,16.89735,21.723665,17.773142,14.539207,16.31672,15.895544,13.632296,11.041045,11.049259,11.530438,8.190491,5.9096503,5.415235,5.139176,0.0,3.7965517,5.8167753,8.758884,8.507176,11.200259,13.200184,14.9177475,18.04612,22.96177,23.857824,23.2915,26.76,30.198555,29.51211,27.663067,32.320454,34.35126,34.760696,34.820263,30.448212,32.049767,29.186762,31.997263,26.632488,26.265944,27.216711,28.660685,27.455761,28.007307,31.798609,31.796078,27.68805,25.948963,22.349747,18.491125,21.722383,18.060646,21.642088,18.5788,22.679531,23.141409,26.311153,26.814392,30.131128,34.398182,32.835205,29.715126,27.813335,25.17206,24.735903,21.260874,23.110655,22.147379,25.881004,27.650293,32.55716,32.750435,36.21986,33.841133,34.075596,38.852627,38.25418,34.518707,35.268223,40.07083,43.018322,41.84694,38.776016,39.462696,33.337097,35.84522,32.184284,33.98884
