,0,1,2,3,4,5,6,7,8,9,10,11,12,13,14,15,16,17,18,19,20,21,22,23,24,25,26,27,28,29,30,31,32,33,34,35,36,37,38,39,40,41,42,43,44,45,46,47,48,49,50,51,52,53,54,55,56,57,58,59,60,61,62,63,64,65,66,67,68,69,70,71,72,73,74,75,76,77,78,79,80,81,82,83,84,85,86,87,88,89,90,91,92,93,94,95,96,97,98,99,100,101,102,103,104,105,106,107,108
0,0.0,4.6743827,6.845605,8.808608,12.281351,13.835627,17.251677,21.914932,23.245708,27.619677,31.857025,34.79364,36.748943,35.875885,35.42112,31.375614,30.98966,26.791838,26.321703,21.838423,24.690453,19.038525,21.80731,20.359407,20.043509,15.010057,15.415983,18.414242,17.903803,23.019693,23.015966,27.943104,33.039772,34.696163,37.074543,40.23251,42.358154,40.27482,37.266354,33.503273,33.57171,28.899206,28.475561,22.854774,22.827314,18.994577,19.823792,14.214068,16.651606,16.087423,20.098503,19.038448,24.584108,26.257595,26.95445,30.832872,28.877645,31.696377,36.111237,32.46072,29.612074,27.246351,23.511354,22.372099,18.071987,20.412024,16.501196,15.36195,20.602457,22.71553,25.623587,27.540577,28.415585,32.635315,34.16949,38.002625,40.690796,41.459606,44.2772,38.935715,36.812195,34.192207,32.081375,28.127058,26.940016,21.96512,18.93629,17.726679,13.379888,11.294663,11.193148,15.255594,18.137772,14.942957,16.16153,21.680536,20.31673,17.972734,20.592024,24.526789,24.405022,24.797482,26.796167,26.726648,30.04482,27.940247,32.67559,32.582626,36.596222
1,4.6743827,0.0,5.2102184,6.2707405,9.13743,12.24015,14.264024,19.878479,20.731361,25.58133,29.633322,32.62996,34.891365,33.897755,34.091305,29.773003,29.71024,25.3316,24.942734,20.634756,23.260721,18.212122,20.03726,19.407202,18.079641,13.517233,12.426441,15.606284,15.204675,20.305573,20.64765,25.58462,30.577496,32.893425,34.76072,38.20559,40.123814,37.708378,34.996372,31.335705,30.664759,25.903685,25.547802,19.622036,19.307148,15.463205,15.956721,10.573077,12.475018,11.51573,15.462637,14.647947,20.10709,21.970547,22.945469,26.891087,25.24395,28.332254,32.705982,29.407396,26.644266,24.188322,20.17162,19.471392,14.583739,18.17118,14.227183,14.581829,19.947868,21.699858,24.554996,27.147964,27.813696,32.216984,33.652187,37.356964,40.033127,40.36068,43.063927,37.553955,35.331192,33.19142,30.838259,27.048836,25.64935,21.359041,17.379766,16.836395,12.769837,11.386081,12.156147,15.730386,19.674383,17.025412,17.587145,22.716066,22.353313,20.291428,22.076937,25.766348,26.3607,27.03159,28.423042,28.046843,30.771881,28.134695,32.833843,32.130604,36.193398
2,6.845605,5.2102184,0.0,5.127015,7.095136,8.451667,11.909478,16.429707,18.277763,22.082613,27.180843,29.501432,32.159077,31.671114,31.941357,28.010141,28.52485,24.157707,24.74438,20.801641,24.309425,19.733688,22.431835,22.395926,21.458946,17.051483,15.50736,17.471561,15.68643,21.400816,19.989918,25.772087,29.59232,32.241463,33.892986,37.13766,39.55215,37.17643,34.779945,31.421465,30.272629,26.060877,24.771986,19.081999,20.328487,16.156664,17.919315,12.664948,15.227913,13.91719,16.870441,14.539799,20.909588,21.29355,22.593266,26.341927,23.781204,26.776646,30.749443,26.911108,24.44602,21.231495,17.507832,15.869121,11.52501,13.645292,9.873467,9.493676,14.804398,16.604927,19.573292,22.114595,23.130388,27.369333,29.118782,32.694416,35.586494,36.05491,39.01546,33.619164,31.788664,29.53156,27.628237,23.683947,22.937572,18.2287,15.345687,15.92285,11.9496765,11.948041,11.147233,14.193054,19.38639,15.545685,15.076825,20.664043,20.893898,17.836893,18.74626,23.017418,24.379879,25.626257,27.193823,26.255932,29.537064,26.089735,30.787912,29.913616,33.728504
3,8.808608,6.2707405,5.127015,0.0,3.748336,6.562559,8.506409,13.810878,14.624762,19.506214,23.454151,26.470867,28.639174,27.723282,27.964891,23.73195,23.993471,19.574017,19.846191,15.90403,19.291704,15.06387,17.666195,18.13974,17.251257,13.241472,11.413299,12.607431,10.595467,16.33731,15.115758,20.708527,24.931767,27.41665,29.170965,32.490993,34.71983,32.376205,29.826355,26.381685,25.503994,21.15896,20.1389,14.479994,15.642087,11.480863,13.775461,8.451815,12.110406,12.206907,14.673253,11.734846,17.78459,18.367981,18.774899,22.508986,20.176035,22.932684,27.31367,23.694904,20.832401,18.678999,14.982166,14.469261,11.135037,14.148435,12.239506,12.650116,17.355385,17.726057,20.004189,22.620789,22.544556,27.175714,28.149336,31.936277,34.362347,34.53224,37.052345,31.504875,29.13764,27.07102,24.606632,20.880758,19.422682,15.393117,11.225163,11.460517,7.7691016,8.2341385,8.6243,11.072289,16.487127,13.989868,13.540447,18.057835,18.932457,17.151114,17.870173,21.081123,22.53265,23.687445,24.489807,23.592054,26.034573,22.704765,27.337706,26.261131,30.26482
4,12.281351,9.13743,7.095136,3.748336,0.0,5.2626295,5.156842,11.129468,11.818076,16.707407,20.876724,23.64258,26.23706,25.446106,26.310738,22.081358,22.931309,18.479225,19.352018,16.001902,19.466312,16.298983,18.402906,19.755896,18.408218,15.181854,12.248211,12.570286,9.840811,15.547497,13.56425,19.491947,22.866488,26.08397,27.25374,30.688087,32.969067,30.388262,28.27958,25.140108,23.363276,19.328747,17.817932,12.104771,14.09853,9.921614,12.797464,8.51803,11.786533,11.6120615,12.94638,8.980207,15.383558,15.097271,15.811105,19.457695,16.842625,19.772411,23.944057,20.35402,17.688322,15.144312,11.306566,10.973511,7.87202,11.453057,10.514616,12.050963,16.182053,15.900609,17.929674,21.043285,20.77696,25.429256,26.34236,29.926378,32.356808,32.186714,34.663643,29.050024,26.747803,25.101551,22.621296,19.07518,17.721886,14.424441,10.002847,11.6867,9.060971,10.757624,11.057373,12.410905,18.556677,16.203495,14.973493,18.937769,20.740355,18.927393,18.672544,21.681786,23.905294,25.416962,25.824362,24.510363,26.620567,22.616196,27.064932,25.405603,29.259708
5,13.835627,12.24015,8.451667,6.562559,5.2626295,0.0,6.0248423,8.210579,10.651079,13.869912,19.130604,21.273972,23.843468,23.61026,23.943647,20.34198,21.492033,17.281511,19.106382,16.153557,20.523407,17.539738,20.978537,22.221155,21.878117,18.466648,16.447964,15.914942,12.257732,17.972883,14.055819,20.502796,22.725956,25.572474,26.985464,29.9182,32.819332,30.624165,28.565931,25.6898,24.242823,20.976572,18.584904,13.930634,17.43417,13.483692,17.252382,13.0956,16.890896,16.858053,17.929058,13.340783,19.655548,18.119175,18.539835,21.673248,18.034506,20.318724,24.090881,19.689196,17.209084,14.380368,11.588366,9.955811,9.434281,9.471242,10.259398,9.907471,13.069218,12.060765,13.814385,16.33691,16.008255,20.667154,21.652187,25.385601,27.895054,28.135881,30.84584,25.378605,23.371962,21.179102,19.20442,15.301369,14.727957,10.347583,8.14364,10.661472,8.413564,11.149653,9.616152,9.99601,16.82772,13.483315,11.252085,15.408209,17.649931,15.134897,14.01384,17.394186,20.20257,22.18266,22.829304,21.061422,23.88762,19.327583,23.791613,22.31642,25.92797
6,17.251677,14.264024,11.909478,8.506409,5.156842,6.0248423,0.0,6.9162846,6.8717775,12.058085,15.961827,18.665733,21.43098,20.715345,22.140089,18.007105,19.53641,15.232206,17.003277,14.72078,18.3597,16.797485,18.750662,21.111319,19.855906,17.665121,14.321782,12.882238,9.054568,14.106749,10.396349,16.648941,18.619034,22.46951,23.073456,26.473179,28.939789,26.269463,24.628662,21.954306,19.39678,16.099644,13.695437,8.635458,12.540838,8.972264,13.061152,10.634532,13.818928,14.239,13.909328,8.621151,14.31429,12.3466835,12.531391,15.683317,12.306281,14.964036,19.008787,15.236984,12.579238,10.2725725,6.8073926,7.47438,7.601327,10.315871,12.109107,14.046412,16.757235,14.930432,15.993141,19.289495,18.13117,22.82982,23.17912,26.61662,28.734318,28.136019,30.329945,24.660229,22.204187,21.048061,18.385666,15.232574,13.804236,11.93077,7.423152,10.870513,10.183525,13.151279,13.336088,13.053404,19.57984,17.849512,15.8370285,18.426615,21.449436,20.11884,18.710358,20.860355,23.933472,25.806885,25.512432,23.720375,25.174599,20.476892,24.524704,22.178957,25.806168
7,21.914932,19.878479,16.429707,13.810878,11.129468,8.210579,6.9162846,0.0,4.618814,5.7267504,11.5882015,13.104461,16.15399,16.381334,17.669502,14.629974,17.16943,13.610856,17.083858,16.13196,20.455267,19.9175,22.887766,25.418211,25.083551,23.061024,20.419624,18.040535,13.601498,17.76313,11.6466875,17.845636,17.209246,20.929321,21.3352,23.970854,27.282127,25.078558,23.922537,22.018457,19.439081,17.828564,14.031388,11.678876,17.205751,14.500929,19.123533,17.112247,20.59113,21.11371,20.383446,14.860766,19.735695,16.133867,15.823793,17.700525,12.985044,14.21013,17.214794,12.286665,10.226566,7.8334613,7.5046883,6.838429,11.499658,9.956171,14.526,15.168853,15.759194,12.094962,11.617577,14.26648,11.9850855,16.653446,16.469448,19.918697,21.851385,21.307013,23.573757,17.936367,15.71461,14.358787,12.201762,8.961382,8.820263,7.6933036,7.206338,11.9904995,12.784924,16.571533,15.46469,13.596032,20.19087,18.176123,15.063612,16.354115,20.5077,19.014122,15.991195,17.50795,21.72505,24.229704,23.665567,21.113817,22.72583,16.98643,20.505983,17.753975,20.768158
8,23.245708,20.731361,18.277763,14.624762,11.818076,10.651079,6.8717775,4.618814,0.0,6.8420978,9.095919,12.210175,14.603123,13.900581,15.756667,11.93017,14.413004,10.7507715,13.974974,13.612713,17.302242,17.847794,19.965714,23.111332,22.522743,21.37537,18.444635,15.290539,10.971879,14.060494,7.8424277,13.668149,13.06095,17.273571,17.380577,20.430765,23.358034,20.90283,19.755707,17.852453,14.907736,13.289721,9.428137,7.6378818,13.522344,11.618956,16.330282,15.4962015,18.77616,20.036964,18.728174,13.337048,17.004393,13.581458,12.168826,13.808591,9.408919,10.353747,14.182231,9.873725,6.847707,7.0684943,6.834374,8.816477,12.894923,13.401024,17.417479,18.820932,19.997705,16.542418,16.031616,18.70821,15.960092,20.470453,19.581938,22.899475,24.223997,23.1575,24.708843,19.053871,16.070549,15.48053,12.341448,10.088979,8.252374,9.492347,6.556507,11.044308,12.849191,16.537485,16.517996,14.435745,20.440823,19.751173,17.168581,17.47333,21.785048,21.40742,18.86709,19.385094,23.229612,25.394152,24.133615,21.851488,22.260006,16.950129,20.165104,16.99078,20.221466
9,27.619677,25.58133,22.082613,19.506214,16.707407,13.869912,12.058085,5.7267504,6.8420978,0.0,7.972221,7.673038,11.4909115,12.628745,14.758849,12.957261,16.56739,14.1977005,18.533398,18.974945,22.966433,23.722826,26.452824,29.45145,29.234924,27.834923,25.114876,22.08353,17.688492,20.624172,13.933481,19.000095,15.850659,19.902489,19.423368,21.474672,25.152176,23.136442,22.851698,21.926634,18.705687,18.726938,14.227614,14.215206,20.185513,18.40302,23.029846,21.986593,25.188478,25.850527,24.392881,18.86234,22.614147,18.006384,17.325026,17.956491,12.878094,12.723392,14.299473,9.04085,8.25335,7.003733,9.658804,9.605416,15.756685,13.323347,18.91529,19.637022,18.909594,14.303654,12.351149,14.401379,10.908307,14.756099,13.513103,16.386236,17.709652,16.473997,18.348206,12.67261,10.465276,10.161297,8.372426,6.7611427,7.8442106,9.95867,11.323557,15.930568,17.726795,21.624659,20.501226,17.955633,23.952118,22.436502,19.070518,18.91681,23.731102,22.64269,18.80219,19.216005,24.012455,26.751528,25.61677,22.673307,23.578577,17.43071,19.823154,16.30872,18.372265
10,31.857025,29.633322,27.180843,23.454151,20.876724,19.130604,15.961827,11.5882015,9.095919,7.972221,0.0,5.5174813,5.8920913,5.1884174,8.883165,7.09168,11.308151,10.532864,14.838712,17.137548,19.926249,22.739347,24.614794,28.26828,28.289768,28.202326,25.726751,21.599201,17.772861,18.38027,12.037807,14.492049,8.908836,13.07081,11.786674,13.632235,17.312675,15.491513,15.655488,15.654789,12.49878,14.351949,9.923669,13.331934,18.840055,18.655056,23.05866,23.473804,26.549767,28.322054,26.32992,21.274261,23.077366,18.965141,16.439177,15.795068,11.883846,9.441695,11.103049,7.6214356,6.3214087,10.831816,13.710876,15.81474,21.263336,20.56753,25.638899,26.714363,26.651207,22.200062,20.270197,21.84428,17.678558,21.010153,18.367445,20.925207,20.694386,18.764551,18.816149,13.784099,9.899953,11.159912,7.6538763,9.0769825,7.5810423,13.253427,13.304649,16.70579,19.974628,23.665009,23.554531,20.378635,24.985003,25.424261,22.660313,20.53445,25.665028,26.343922,22.962387,21.484596,25.751627,28.028135,25.65938,23.024261,21.803608,16.502077,17.59714,13.289629,15.062754
11,34.79364,32.62996,29.501432,26.470867,23.64258,21.273972,18.665733,13.104461,12.210175,7.673038,5.5174813,0.0,5.4515166,7.8018017,11.563441,11.753368,16.077578,15.62557,20.152658,22.226181,25.33183,27.74647,29.874273,33.417892,33.333313,32.89381,30.193893,26.39322,22.359241,23.553923,17.093632,19.976664,13.971479,17.970182,16.156416,17.208126,21.046013,19.42767,20.39861,20.920954,17.274204,19.476528,14.930085,17.745506,23.471079,22.944305,27.347372,27.517988,30.429482,31.585812,29.422222,24.183413,26.307005,21.34126,19.767662,18.819426,14.461279,12.20751,11.679386,7.9366565,8.955521,11.208905,15.122228,16.259212,22.523947,20.508595,26.266182,27.23283,26.074667,21.210728,18.59851,19.875607,15.6952915,18.03429,15.255881,16.91849,16.554844,14.031255,14.12443,9.138261,6.1219196,8.990533,7.4730344,9.758025,10.512897,15.453376,16.977953,20.923595,23.732656,27.591475,26.872004,23.762064,28.78033,28.362806,25.13632,23.353977,28.579622,28.476667,24.413517,23.321878,28.13085,30.778507,28.74851,25.737858,25.177973,19.419287,20.090635,15.827055,16.455545
12,36.748943,34.891365,32.159077,28.639174,26.23706,23.843468,21.43098,16.15399,14.603123,11.4909115,5.8920913,5.4515166,0.0,3.7340798,6.9040575,8.818821,12.86632,13.896739,18.25877,21.233839,23.88213,27.084185,29.320688,32.83965,33.35764,33.33131,31.250362,26.99508,23.21121,23.501516,17.239777,18.737282,12.059611,14.4620495,13.007494,12.975551,17.22452,16.494234,17.320312,18.361805,16.138144,19.102182,15.085801,19.111242,24.439413,24.408096,28.813902,29.14504,32.375603,34.18181,32.20909,27.124521,28.841463,24.541615,22.039854,20.89131,17.254185,14.281515,14.302779,11.694062,11.735185,15.630154,19.0511,20.5663,26.476278,24.803654,30.28855,30.856659,30.05549,25.247112,22.678137,23.30998,18.677008,20.927662,17.34871,19.232069,17.863611,15.684092,14.609587,10.650369,6.6163816,9.077762,6.8667636,10.503291,10.354463,16.262974,18.015734,21.02392,24.527073,28.215866,27.703266,24.122873,28.030115,28.615675,25.705208,22.608122,27.89757,28.818007,24.970366,22.626925,27.045376,29.42967,26.751507,23.902212,22.266312,17.201204,16.783012,12.385269,12.372503
13,35.875885,33.897755,31.671114,27.723282,25.446106,23.61026,20.715345,16.381334,13.900581,12.628745,5.1884174,7.8018017,3.7340798,0.0,5.4534283,6.21134,10.086501,11.44177,15.388287,18.768162,20.885418,24.630932,26.445972,30.120823,30.63967,31.038033,29.059732,24.574476,21.119423,20.681326,14.910763,15.46617,8.5398,10.863584,9.334636,9.668973,13.8660145,13.035649,13.601258,14.679425,12.785539,15.978481,12.361419,17.056501,21.941687,22.362318,26.577555,27.30738,30.469099,32.669956,30.67679,25.858875,27.058924,23.29903,20.209883,19.004148,15.973046,12.7627125,13.642681,11.674687,10.910626,15.913404,18.839523,20.987154,26.386133,25.601965,30.685087,31.475025,31.303865,26.734217,24.542673,25.492474,20.939726,23.721231,20.321657,22.580683,21.37638,19.361263,18.306234,14.316947,10.170766,11.891948,8.709606,11.64334,10.13587,16.32891,16.969387,19.47328,23.27038,26.769049,26.763271,23.202988,26.722578,27.989895,25.440624,22.116962,27.28861,28.778122,25.422634,22.837914,26.817856,28.896133,25.910728,23.387161,21.060677,16.540354,16.23193,11.803238,12.533938
14,35.42112,34.091305,31.941357,27.964891,26.310738,23.943647,22.140089,17.669502,15.756667,14.758849,8.883165,11.563441,6.9040575,5.4534283,0.0,5.007398,7.366724,10.055964,13.83342,17.38867,19.711617,23.252094,25.955173,29.081379,30.481285,30.615143,29.533115,25.062569,21.64367,21.362467,15.576532,15.979765,10.814704,10.037107,10.979294,10.205266,14.727435,15.088346,14.303324,14.85124,15.483457,17.926792,14.930517,19.04682,23.675783,23.78604,28.15218,28.158773,31.898443,34.396515,33.05637,28.215073,30.02283,26.875694,23.617245,23.018354,19.982586,17.222538,18.86726,16.36041,14.918238,19.400745,21.779821,23.435154,28.522997,27.372608,32.168224,32.15703,32.140846,27.720959,25.600859,25.785776,21.060934,23.815186,20.103731,22.828514,21.322573,20.194073,19.145424,15.578482,11.432569,11.425906,8.332358,11.080799,9.408439,15.092134,16.751844,18.252132,22.304724,25.574675,25.309948,21.382439,23.778599,25.570055,23.272127,18.882309,23.926805,26.10554,22.956284,19.386688,22.946066,24.841446,21.526281,19.089457,16.266243,12.313392,11.116707,6.854213,7.476378
15,31.375614,29.773003,28.010141,23.73195,22.081358,20.34198,18.007105,14.629974,11.93017,12.957261,7.09168,11.753368,8.818821,6.21134,5.007398,0.0,4.3332663,5.4914823,9.556134,12.946816,15.346128,18.857086,21.268564,24.579485,25.66967,25.872732,24.600185,20.091017,16.731653,16.408167,10.605351,11.332951,7.3451357,7.695838,9.199435,10.384046,14.284571,13.644672,12.031612,11.448979,11.898731,13.367464,10.436643,14.24385,18.72896,18.853706,23.174507,23.287333,26.969625,29.609484,28.335844,23.660606,25.408743,22.735292,19.29113,19.135227,16.300308,14.015305,16.85658,14.223835,11.854746,16.579613,18.238934,20.336409,24.786442,24.547955,28.85025,29.204388,29.884506,25.820143,24.242134,25.11812,20.756975,24.314468,21.275341,24.453758,23.750244,22.626602,22.288105,17.821724,13.547823,13.243246,9.23129,10.361894,7.1684155,12.727382,12.701361,14.117582,18.243572,21.466118,21.696138,18.026072,20.873194,22.80933,20.74215,17.042156,21.967289,24.126743,21.493456,18.59877,21.93348,23.667807,20.549614,18.383595,15.8113365,11.696485,12.275105,8.305025,10.9927635
16,30.98966,29.71024,28.52485,23.993471,22.931309,21.492033,19.53641,17.16943,14.413004,16.56739,11.308151,16.077578,12.86632,10.086501,7.366724,4.3332663,0.0,4.472787,6.701276,10.735328,12.497963,16.435543,18.997444,22.001204,23.724503,24.181007,23.689293,19.126137,16.36105,15.365447,10.773375,10.089929,8.716376,5.9549313,9.760232,10.679212,13.9387455,13.936592,11.022925,9.6559725,12.656969,13.402974,11.841854,15.258018,18.709337,19.049269,23.050783,23.05052,26.912958,30.021338,29.1762,24.91177,26.510479,24.761879,20.971458,21.142414,18.975763,16.979343,20.353296,18.052437,15.307967,19.977552,20.967432,23.121368,26.820671,27.06123,30.761236,30.859287,32.07913,28.385939,27.139776,27.847113,23.63155,27.337204,24.359297,27.79333,27.046907,26.290047,25.907362,21.662012,17.435692,16.56647,12.723313,13.273324,9.773543,14.010642,13.41246,13.278735,17.641842,20.316881,20.943058,17.260128,18.742088,21.757454,20.351189,16.003654,20.415535,23.522158,21.654884,18.185635,20.571281,21.765024,18.222061,16.654383,13.068559,10.532419,10.989033,8.208329,11.435845
17,26.791838,25.3316,24.157707,19.574017,18.479225,17.281511,15.232206,13.610856,10.7507715,14.1977005,10.532864,15.62557,13.896739,11.44177,10.055964,5.4914823,4.472787,0.0,4.78576,7.4767213,10.452946,13.38861,16.21978,19.261547,20.58992,20.565306,19.744665,15.337193,12.153834,12.145629,6.701638,8.25426,8.922794,8.7210655,11.719662,13.867436,16.800447,15.821278,12.891579,10.478406,12.217497,11.388141,9.519621,11.464032,15.216851,14.974123,19.221972,18.804392,22.804419,25.756187,25.102821,20.75551,22.894297,21.321497,17.827032,18.68435,16.248085,15.085756,19.157692,16.327913,13.083856,17.029905,17.344877,19.450562,22.648054,23.272938,26.603954,26.84963,28.451523,25.067791,24.236883,25.385672,21.59034,25.764372,23.41133,27.102743,27.040855,26.376312,26.673515,21.812128,17.73226,16.547125,12.5278225,11.789386,7.8294854,11.0491905,9.146043,9.2307825,13.533592,16.410315,17.154732,13.722131,16.297638,18.746056,17.28009,14.041706,18.413897,20.925205,19.257372,16.801731,19.344198,20.675495,17.787811,16.173162,13.93795,10.515231,12.74145,10.13913,14.0373955
18,26.321703,24.942734,24.74438,19.846191,19.352018,19.106382,17.003277,17.083858,13.974974,18.533398,14.838712,20.152658,18.25877,15.388287,13.83342,9.556134,6.701276,4.78576,0.0,4.6644807,5.9360123,10.026763,12.339832,15.336597,17.090723,17.726759,17.63606,13.143621,11.216923,9.748162,7.357928,6.2683454,10.624075,8.914703,12.820838,15.163429,17.015629,16.18161,12.269443,8.761045,12.560464,10.602851,10.794427,12.151169,13.991995,14.333117,17.798717,17.678776,21.546724,25.09659,24.78878,21.239485,22.748613,22.432709,18.574097,19.70823,18.36595,17.53374,22.040895,19.88261,16.440672,20.441437,20.028877,22.434278,24.551113,26.142218,28.638273,28.982885,31.295763,28.425638,28.030169,29.317545,25.814062,30.135252,27.95796,31.75554,31.731218,31.146208,31.37099,26.581158,22.470364,21.259148,17.280558,16.379827,12.446157,14.473792,11.28277,9.4238615,13.5262785,15.422601,17.13982,14.243005,15.32159,19.01252,18.501154,15.353913,18.710499,22.027187,21.4185,18.921745,20.297031,20.901146,17.848585,17.14611,14.20938,12.782226,14.979806,13.421149,17.33379
19,21.838423,20.634756,20.801641,15.90403,16.001902,16.153557,14.72078,16.13196,13.612713,18.974945,17.137548,22.226181,21.233839,18.768162,17.38867,12.946816,10.735328,7.4767213,4.6644807,0.0,5.0337467,5.912369,9.61265,11.966155,13.849536,13.565802,13.891626,9.962387,8.122595,8.37025,7.0159354,8.454373,14.174305,13.513973,17.03529,19.684967,21.473919,20.282427,16.464811,12.635148,15.508755,12.109553,12.471444,11.3912,12.586273,11.911413,15.275442,14.051481,18.305798,21.803736,22.214436,18.910244,21.224941,21.585867,18.300787,20.32426,18.889223,19.032528,23.914032,21.307837,17.666372,20.45941,19.130478,21.128603,22.17453,24.167618,25.808357,25.981436,28.888344,26.653965,26.835121,28.290993,25.396902,29.985264,28.440517,32.467144,32.997192,32.723637,33.518623,28.432962,24.58453,22.886648,19.105736,17.204096,13.52549,13.552458,9.29849,6.006498,9.4934435,10.904482,13.07229,10.818305,12.097003,15.593534,15.570857,13.691721,16.252321,19.235065,19.385777,17.853807,18.749191,19.179886,16.9281,16.540085,14.980651,13.585512,16.894634,15.926859,20.15538
20,24.690453,23.260721,24.309425,19.291704,19.466312,20.523407,18.3597,20.455267,17.302242,22.966433,19.926249,25.33183,23.88213,20.885418,19.711617,15.346128,12.497963,10.452946,5.9360123,5.0337467,0.0,6.250921,6.8349648,9.863294,11.820048,13.335268,14.061863,9.974513,10.2025175,7.3774056,9.652903,7.4348865,14.678671,13.192333,16.764513,19.488113,20.216297,19.124584,14.893774,10.737651,14.880501,11.303038,13.429704,13.16994,12.376774,13.151143,15.224854,15.37881,18.798832,22.88638,23.099503,20.729109,21.610798,22.903124,19.086847,20.782494,20.560246,20.48737,25.402407,23.74434,20.155779,23.670385,22.303492,24.889015,25.53898,28.32383,29.680925,30.287533,33.45564,31.316261,31.530756,33.17279,30.194185,34.754913,33.023335,36.93973,37.22926,36.696198,37.114456,32.161934,28.113392,26.864656,22.901667,21.542826,17.665733,18.47821,13.966601,10.866744,13.729567,14.214322,17.141613,15.446309,15.451154,19.768074,20.257898,18.17549,20.197857,23.702068,24.234426,22.393295,22.741362,22.673187,20.062881,20.232227,17.587948,17.419384,19.964523,19.062016,23.024609
21,19.038525,18.212122,19.733688,15.06387,16.298983,17.539738,16.797485,19.9175,17.847794,23.722826,22.739347,27.74647,27.084185,24.630932,23.252094,18.857086,16.435543,13.38861,10.026763,5.912369,6.250921,0.0,6.1311817,6.5460386,9.395217,8.608516,10.787187,8.4362955,8.958168,9.428128,11.481708,12.432843,19.423101,18.644758,22.184067,24.960793,26.166054,24.913086,20.8732,16.742743,19.84293,15.515219,16.936966,14.412444,13.437151,12.486316,14.327941,12.350522,16.365181,20.127563,21.54676,19.446264,21.72444,23.540493,20.69479,23.323166,22.574154,23.419731,28.52576,26.09869,22.416304,24.45794,22.255676,24.025314,23.488886,26.33405,26.619616,26.712797,30.473213,29.157578,30.00126,31.594404,29.355457,34.057007,33.02164,37.173668,38.04085,37.994587,39.06484,33.88901,30.18749,28.258678,24.642689,22.301796,18.895021,17.587496,12.901726,8.673637,9.695787,8.800118,12.248493,11.733577,11.369317,15.287901,16.55557,16.0164,16.769238,19.791616,21.333462,20.583563,20.240654,19.9246,18.439629,18.972616,18.064539,17.909489,21.465137,21.242785,25.4935
22,21.80731,20.03726,22.431835,17.666195,18.402906,20.978537,18.750662,22.887766,19.965714,26.452824,24.614794,29.874273,29.320688,26.445972,25.955173,21.268564,18.997444,16.21978,12.339832,9.61265,6.8349648,6.1311817,0.0,4.6697564,5.0285797,7.851392,9.063678,6.636293,9.754122,7.286299,12.862836,11.761971,19.628042,19.384981,22.163586,25.399418,25.60612,23.920296,20.06267,15.928499,18.594618,13.76589,16.667624,14.302208,10.932062,11.600855,11.561469,11.856115,14.3036175,18.689896,19.58639,18.741707,19.169352,22.166222,19.015749,21.477505,22.116184,23.10391,28.245882,26.855917,23.27358,25.76004,23.35331,25.912258,24.828459,28.877117,28.890467,29.958544,33.955242,32.70274,33.620155,35.788044,33.54513,38.322662,37.25943,41.222084,42.043816,41.515034,42.345955,37.087975,33.235283,31.985275,28.091911,26.153685,22.485418,22.170109,16.598932,13.436537,14.352682,13.447318,17.353579,17.284193,17.458927,21.116272,22.2436,21.92189,22.896513,25.69126,27.055641,26.422268,26.332209,25.998997,24.287415,24.807934,23.182302,22.983477,26.126577,25.319223,29.436674
23,20.359407,19.407202,22.395926,18.13974,19.755896,22.221155,21.111319,25.418211,23.111332,29.45145,28.26828,33.417892,32.83965,30.120823,29.081379,24.579485,22.001204,19.261547,15.336597,11.966155,9.863294,6.5460386,4.6697564,0.0,4.9909062,6.2728963,10.04319,9.630037,12.669905,11.6970005,16.47187,16.036217,23.809635,23.019539,26.268953,29.240917,29.574818,28.189363,24.118883,19.952534,23.121794,18.35647,20.972544,18.14948,14.972927,14.82625,14.458038,13.385558,15.871573,19.970684,21.81777,21.374853,22.464125,25.779583,23.071787,25.811058,26.193787,27.373783,32.5523,30.803457,27.170277,29.1604,26.486435,28.531391,26.858227,30.756603,30.090036,30.628662,34.961193,34.221405,35.439247,37.35354,35.43151,40.199078,39.363625,43.485954,44.452106,44.28209,45.31912,40.07965,36.329548,34.6294,30.919447,28.645073,25.174229,23.917688,18.77743,14.899925,14.911062,12.829276,16.814001,17.444178,16.283615,20.146473,22.040056,22.125927,21.993608,24.934559,27.140785,26.730137,25.781296,24.960752,23.741032,24.81596,23.690142,24.279766,27.606995,27.48657,31.664963
24,20.043509,18.079641,21.458946,17.251257,18.408218,21.878117,19.855906,25.083551,22.522743,29.234924,28.289768,33.333313,33.35764,30.63967,30.481285,25.66967,23.724503,20.58992,17.090723,13.849536,11.820048,9.395217,5.0285797,4.9909062,0.0,5.1602936,6.777129,7.391991,11.596839,10.392441,16.306322,16.05883,23.786444,24.178114,26.587278,30.043652,30.120779,28.137201,24.551193,20.509623,22.31053,17.131744,20.03178,16.548037,12.169137,12.366417,10.596639,10.644374,11.868638,16.144886,17.760612,18.217648,18.498943,22.56845,20.199944,23.11482,24.12124,25.776644,30.907494,29.591225,26.112167,27.761795,24.737967,27.084414,24.773077,29.533201,28.52911,29.862837,34.359478,33.79142,35.18906,37.65199,35.966236,40.809208,40.226467,44.186,45.376953,44.89212,46.02842,40.607594,36.940613,35.648968,31.872288,29.577917,26.139063,25.111776,19.24569,16.315878,15.947245,14.218163,18.358698,19.372768,19.76804,22.663044,24.111698,24.938168,25.282959,27.43524,29.271368,29.457918,29.157566,28.72474,27.641768,28.293652,27.3597,27.038277,30.523308,29.76925,33.97002
25,15.010057,13.517233,17.051483,13.241472,15.181854,18.466648,17.665121,23.061024,21.37537,27.834923,28.202326,32.89381,33.33131,31.038033,30.615143,25.872732,24.181007,20.565306,17.726759,13.565802,13.335268,8.608516,7.851392,6.2728963,5.1602936,0.0,5.247305,7.6902165,10.714542,12.159701,16.305914,17.924238,25.217981,25.822968,28.47013,31.852982,32.617588,30.660349,27.071012,22.951885,24.474203,19.249088,21.13673,16.707487,13.595877,12.096827,11.263779,8.558443,10.945447,14.493856,17.148659,17.101097,19.171373,22.73675,21.086063,24.474129,24.530573,26.546242,31.697306,29.59425,26.093039,26.791553,23.455473,25.036646,22.232761,26.598722,25.040106,25.840229,30.562096,30.4666,32.18547,34.490196,33.268063,38.08827,37.92672,41.982365,43.50967,43.384647,44.942673,39.456596,36.066414,34.307915,30.837208,28.005426,24.967533,22.772562,17.2396,14.1586485,12.569893,10.109431,14.178533,15.997691,16.701881,18.673494,20.342287,22.17318,21.974152,23.465069,25.680637,26.594917,26.147211,25.783428,25.42486,26.035437,26.19512,25.560726,29.540115,29.079561,33.388412
26,15.415983,12.426441,15.50736,11.413299,12.248211,16.447964,14.321782,20.419624,18.444635,25.114876,25.726751,30.193893,31.250362,29.059732,29.533115,24.600185,23.689293,19.744665,17.63606,13.891626,14.061863,10.787187,9.063678,10.04319,6.777129,5.247305,0.0,4.893179,8.08391,10.021989,14.189992,16.416826,23.108347,24.961103,26.745214,30.505194,31.269659,28.778,25.773392,21.909143,21.917267,16.563148,18.210775,13.117358,9.60655,7.8339076,6.2824764,4.057106,5.997053,9.983831,12.041475,12.136787,13.980297,17.720678,16.448277,20.03465,20.309647,22.75461,27.78,25.946243,22.645933,22.983929,19.419506,21.354925,18.294884,23.394995,21.987814,23.728563,28.311958,28.049826,29.750076,32.59943,31.450222,36.287197,36.264126,40.08624,41.75987,41.268986,42.877205,37.27036,33.998047,32.711716,29.219505,26.471235,23.525723,21.826662,15.704535,14.01375,12.564552,11.432809,15.155124,16.725649,19.321087,20.40882,21.179365,23.332832,24.106922,24.874443,26.228367,27.506168,28.041542,28.259527,27.764585,27.748404,27.920639,26.175465,30.18871,28.972597,33.213127
27,18.414242,15.606284,17.471561,12.607431,12.570286,15.914942,12.882238,18.040535,15.290539,22.08353,21.599201,26.39322,26.99508,24.574476,25.062569,20.091017,19.126137,15.337193,13.143621,9.962387,9.974513,8.4362955,6.636293,9.630037,7.391991,7.6902165,4.893179,0.0,4.519414,5.2105436,9.79193,11.527998,18.32777,20.101948,21.879507,25.62047,26.408401,23.978725,20.925043,17.075428,17.251377,11.942387,13.7250805,9.356837,6.123534,5.2307253,5.9030337,5.865105,8.830958,12.954671,13.53242,12.142605,13.464792,16.20164,13.791738,16.963934,17.138823,18.995092,24.151648,22.438082,18.976198,20.371904,17.429623,19.953909,18.397741,22.939209,22.845675,24.541435,28.525507,27.389582,28.516386,31.220282,29.397665,34.231556,33.667233,37.463,38.75013,38.060406,39.312122,33.79099,30.267437,29.209194,25.484047,23.151909,19.857635,19.173851,12.886791,11.299849,11.410073,11.453109,15.045082,15.358015,18.104973,19.928614,20.22954,21.206717,22.840813,24.222956,24.932556,25.379625,26.327583,26.727297,25.549303,25.290615,24.72509,22.817299,26.500523,24.974594,29.140512
28,17.903803,15.204675,15.68643,10.595467,9.840811,12.257732,9.054568,13.601498,10.971879,17.688492,17.772861,22.359241,23.21121,21.119423,21.64367,16.731653,16.36105,12.153834,11.216923,8.122595,10.2025175,8.958168,9.754122,12.669905,11.596839,10.714542,8.08391,4.519414,0.0,5.8848658,6.299182,10.419452,15.957459,18.228342,19.918736,23.550514,25.050537,22.643497,19.835106,16.224506,15.81198,11.021131,11.244212,6.3897076,6.6892543,4.107363,8.050035,6.6989193,10.776274,13.954476,14.144775,10.9597845,13.766806,14.755304,12.437996,15.586178,14.47641,16.246653,21.366238,18.935575,15.400596,16.555553,13.844563,16.164274,15.590296,19.309708,20.047571,21.502573,25.01612,23.423365,24.299767,26.910341,24.929707,29.753862,29.15527,32.944447,34.26818,33.630524,35.00562,29.452421,26.032368,24.86298,21.244043,18.751377,15.614564,14.867998,8.4944725,7.8847876,8.528984,10.044153,12.76215,12.35973,16.401543,17.532843,17.098183,18.028109,20.386093,21.351892,21.369158,21.886318,23.514114,24.39084,23.229876,22.44249,22.274754,19.460262,23.290909,21.490755,25.623411
29,23.019693,20.305573,21.400816,16.33731,15.547497,17.972883,14.106749,17.76313,14.060494,20.624172,18.38027,23.553923,23.501516,20.681326,21.362467,16.408167,15.365447,12.145629,9.748162,8.37025,7.3774056,9.428128,7.286299,11.6970005,10.392441,12.159701,10.021989,5.2105436,5.8848658,0.0,7.064352,6.5306444,13.643935,15.354825,16.908962,20.700294,21.252882,18.822294,15.763265,11.991405,12.3338,7.1056905,9.6672325,7.5082526,5.0096445,6.760429,8.572291,10.476588,12.9652405,16.962564,16.313019,14.202423,14.27156,15.956104,12.264585,14.468308,14.945687,15.842456,20.98308,19.805204,16.319555,19.218182,17.235353,20.43378,20.418074,24.387003,25.505568,27.274809,30.589151,28.62309,29.107107,31.665977,29.132118,33.83804,32.63649,36.284874,37.066097,36.04673,36.775818,31.44236,27.626036,27.036465,23.045773,21.465157,17.790018,18.720444,12.766872,11.654264,13.543534,14.564598,17.71279,16.802048,19.358644,21.916574,21.759033,21.342104,23.845156,25.861473,25.875595,25.339008,26.701187,27.24396,25.2653,24.774622,23.138926,21.181578,24.205704,22.223644,26.163494
30,23.015966,20.64765,19.989918,15.115758,13.56425,14.055819,10.396349,11.6466875,7.8424277,13.933481,12.037807,17.093632,17.239777,14.910763,15.576532,10.605351,10.773375,6.701638,7.357928,7.0159354,9.652903,11.481708,12.862836,16.47187,16.306322,16.305914,14.189992,9.79193,6.299182,7.064352,0.0,6.5493345,10.05773,12.658839,14.129183,17.60201,19.606188,17.362968,14.813707,11.738827,11.070133,7.764414,6.3257837,5.070855,8.887559,8.37494,12.749567,12.814352,16.410091,19.320694,18.44116,14.313376,16.331213,15.375303,12.020706,13.830971,11.898702,12.212278,17.194145,14.670486,10.989525,14.021831,12.97126,15.768986,17.676113,19.947561,22.463102,23.709206,26.082066,23.314783,23.217388,25.45097,22.48886,27.090803,25.658,29.288538,30.006182,29.061283,29.907248,24.530222,20.77143,20.013365,16.079977,14.432227,10.808178,12.393059,7.1376047,8.021702,11.132452,13.886188,15.5345745,13.397503,17.42764,19.02811,17.758629,16.845222,20.53161,22.01975,20.866913,20.155191,22.61137,23.88625,21.866413,20.50655,19.385653,15.888061,18.998173,16.439848,20.3164
31,27.943104,25.58462,25.772087,20.708527,19.491947,20.502796,16.648941,17.845636,13.668149,19.000095,14.492049,19.976664,18.737282,15.46617,15.979765,11.332951,10.089929,8.25426,6.2683454,8.454373,7.4348865,12.432843,11.761971,16.036217,16.05883,17.924238,16.416826,11.527998,10.419452,6.5306444,6.5493345,0.0,7.916346,8.896783,10.608234,14.2260475,14.954489,12.874374,9.531881,5.8336763,7.512989,4.5812783,6.692819,9.14965,9.88082,11.846125,14.591051,16.429167,19.172325,22.850248,21.592854,18.581184,18.420164,18.380512,13.952225,14.598263,14.576086,13.749271,18.432287,17.544546,14.226209,18.850471,18.341652,21.720036,23.558865,26.288431,28.739279,30.186066,32.620373,29.744804,29.420506,31.49981,28.133808,32.51099,30.490475,33.939903,34.0205,32.762547,32.826805,27.891321,23.772367,23.601961,19.44808,18.936594,15.015533,17.888504,13.37349,12.849051,16.296173,18.183962,20.531675,18.327988,20.506083,23.611763,22.91837,20.81182,24.2426,26.882208,26.067625,24.300337,26.126633,26.878088,24.043465,23.2074,20.389297,18.377802,20.355673,17.889685,21.389315
32,33.039772,30.577496,29.59232,24.931767,22.866488,22.725956,18.619034,17.209246,13.06095,15.850659,8.908836,13.971479,12.059611,8.5398,10.814704,7.3451357,8.716376,8.922794,10.624075,14.174305,14.678671,19.423101,19.628042,23.809635,23.786444,25.217981,23.108347,18.32777,15.957459,13.643935,10.05773,7.916346,0.0,6.3515973,4.4886446,8.342005,10.38684,7.9796224,7.1461773,7.211079,4.688817,7.975913,5.989235,11.899407,15.161663,16.790138,20.207962,22.107819,24.728477,27.646872,25.53426,21.627695,21.44008,19.18801,14.977038,13.893174,12.797627,9.968711,13.158063,12.73142,10.4104,16.406225,17.77437,21.156424,24.930029,26.321045,30.228203,31.752268,32.94658,29.130896,27.886168,29.734257,25.746473,29.475206,26.804712,29.611694,29.083511,27.213194,26.61517,22.140896,18.006264,19.004377,15.04634,16.101917,12.8168,17.938828,15.460087,16.864647,20.70341,23.565004,24.867773,21.916502,24.976234,27.286009,25.594948,22.807877,27.317774,29.470142,27.324816,25.103888,28.09557,29.512625,26.39115,24.700865,21.696747,18.418007,19.19067,15.485554,17.837767
33,34.696163,32.893425,32.241463,27.41665,26.08397,25.572474,22.46951,20.929321,17.273571,19.902489,13.07081,17.970182,14.4620495,10.863584,10.037107,7.695838,5.9549313,8.7210655,8.914703,13.513973,13.192333,18.644758,19.384981,23.019539,24.178114,25.822968,24.961103,20.101948,18.228342,15.354825,12.658839,8.896783,6.3515973,0.0,5.114913,6.402519,8.397963,8.49766,5.2025843,5.2318587,9.18855,11.479025,11.191987,16.132929,18.499514,20.105299,23.357958,24.74343,27.855257,31.284435,29.831068,26.15027,26.228552,24.802061,20.428333,19.759613,18.884771,16.291725,19.338331,18.612516,16.186537,21.863562,22.993774,25.960546,29.499994,30.606318,34.268982,35.082077,36.46317,32.72757,31.465582,32.62872,28.384638,32.0087,28.916656,31.967466,30.958279,29.587141,28.621216,24.67136,20.37989,20.637445,16.77629,18.011044,14.533429,19.30933,17.553957,17.45874,21.722183,24.106945,25.462746,22.161942,23.468948,26.936165,25.770823,21.727684,25.864962,29.135578,27.45375,24.121553,26.280521,27.202074,23.465448,22.270397,18.006414,16.390638,16.200815,13.387938,15.592602
34,37.074543,34.76072,33.892986,29.170965,27.25374,26.985464,23.073456,21.3352,17.380577,19.423368,11.786674,16.156416,13.007494,9.334636,10.979294,9.199435,9.760232,11.719662,12.820838,17.03529,16.764513,22.184067,22.163586,26.268953,26.587278,28.47013,26.745214,21.879507,19.918736,16.908962,14.129183,10.608234,4.4886446,5.114913,0.0,4.2754755,5.9798164,4.44749,4.4962134,7.045586,6.6948953,11.114668,10.270247,16.231983,18.851109,20.877144,23.963898,26.122915,28.655317,31.779276,29.612474,25.949734,25.261417,23.175146,18.843876,17.241693,16.723284,13.469699,15.598305,15.982013,14.283858,20.418375,22.115292,25.450764,29.400185,30.60754,34.659992,36.05671,37.08945,33.10855,31.623102,33.154713,28.897917,32.293873,29.187767,31.757038,30.671715,28.684052,27.430788,23.629847,19.498652,20.822403,17.125145,18.937632,15.86719,21.337572,19.454622,20.401789,24.461761,27.153877,28.492302,25.332592,27.605145,30.46001,28.89926,25.382198,29.856346,32.52212,30.365303,27.479115,30.246572,31.489037,27.940525,26.399311,22.556408,20.059652,19.819633,16.280264,17.860794
35,40.23251,38.20559,37.13766,32.490993,30.688087,29.9182,26.473179,23.970854,20.430765,21.474672,13.632235,17.208126,12.975551,9.668973,10.205266,10.384046,10.679212,13.867436,15.163429,19.684967,19.488113,24.960793,25.399418,29.240917,30.043652,31.852982,30.505194,25.62047,23.550514,20.700294,17.60201,14.2260475,8.342005,6.402519,4.2754755,0.0,4.5869317,6.0365047,6.7077003,9.915306,10.934814,15.298358,14.313927,20.174604,22.981852,24.84244,28.06497,29.945772,32.70584,35.846275,33.78684,29.96906,29.503403,27.215345,22.997862,21.280762,20.475874,16.996819,18.367632,18.654356,17.36708,23.398148,25.493044,28.520607,32.882843,33.49658,37.846146,38.8947,39.58899,35.38103,33.586323,34.641438,30.116287,33.101665,29.570457,31.91521,30.290802,28.349726,26.554213,23.46453,19.441273,20.860847,17.582401,20.05224,17.384918,23.104975,22.2094,23.007843,27.245926,29.96614,31.014032,27.548943,29.288786,32.33428,30.722574,26.523624,31.055115,34.005287,31.652912,28.161242,30.875944,32.094543,28.266212,26.696293,22.379972,20.336191,19.085648,15.735262,16.37241
36,42.358154,40.123814,39.55215,34.71983,32.969067,32.819332,28.939789,27.282127,23.358034,25.152176,17.312675,21.046013,17.22452,13.8660145,14.727435,14.284571,13.9387455,16.800447,17.015629,21.473919,20.216297,26.166054,25.60612,29.574818,30.120779,32.617588,31.269659,26.408401,25.050537,21.252882,19.606188,14.954489,10.38684,8.397963,5.9798164,4.5869317,0.0,4.0250673,5.581987,9.702728,11.090415,15.58805,15.817416,21.726742,23.476448,25.994305,28.55765,31.134277,33.423428,36.805965,34.5658,31.33278,29.93844,28.258768,23.78698,21.78381,22.05703,18.66983,20.035004,21.276606,19.989855,26.175581,27.964315,31.381374,35.269276,36.57799,40.611664,41.998623,43.0289,38.990284,37.385277,38.717125,34.30362,37.428043,34.00649,36.332333,34.754066,32.670864,30.785889,27.758087,23.786932,25.35167,21.981457,24.23772,21.317627,26.81727,25.123753,25.553204,29.703915,32.098755,33.634052,30.424887,31.82894,35.30429,34.002678,29.935457,34.17962,37.393936,35.399597,31.965782,34.32455,35.26774,31.341658,30.119469,25.457558,24.05679,22.920418,19.886108,20.67943
