,0,1,2,3,4,5,6,7,8,9,10,11,12,13,14,15,16,17,18,19,20,21,22,23,24,25,26,27,28,29,30,31,32,33,34,35,36,37,38,39,40,41,42,43,44,45,46,47,48,49,50,51,52,53,54,55,56,57,58,59,60,61,62,63,64,65,66,67,68,69,70,71,72,73,74,75,76,77,78,79,80,81,82,83,84,85,86,87,88,89,90,91,92,93,94,95,96,97,98,99,100,101,102,103,104,105,106,107,108,109
0,0.0,4.3458066,6.6172476,9.458205,12.3716545,14.453858,18.002869,21.519896,25.25419,28.061329,32.532925,33.361546,32.92046,34.561226,30.7042,32.880028,31.179247,31.528553,34.83024,32.132107,35.398987,37.839,37.273033,33.69905,33.015324,29.906013,28.934673,27.058577,30.862032,28.948446,33.149174,30.061071,38.080482,35.194458,39.490128,41.322777,40.707916,40.32413,35.681232,31.908623,36.56739,32.42849,36.392193,35.75331,31.180376,33.63304,32.976646,34.880947,32.944393,32.94759,33.50349,34.628555,37.226532,38.521095,37.42031,40.495953,37.176243,40.703136,42.30287,38.862648,35.8387,34.048622,29.681757,26.10972,22.65763,18.761965,15.489064,13.060201,11.660647,14.730364,17.589825,17.629026,20.392784,23.784552,25.90478,29.495811,31.944984,35.106,38.49443,40.46902,42.49218,40.228294,37.24241,35.445213,30.890165,32.97876,26.464659,26.987204,23.854612,23.4413,22.017635,18.693584,21.660583,17.30656,21.175638,16.264969,14.870446,19.934969,18.205173,21.901169,22.77671,27.254509,31.457087,30.503883,27.3605,31.656994,25.87845,28.56517,27.933533,26.662304
1,4.3458066,0.0,5.2830276,6.354967,9.14073,12.491081,14.954235,19.449322,22.54885,25.825558,30.28718,30.638872,30.098755,31.487503,27.58858,29.342327,27.675545,27.657969,31.088793,28.234516,31.434637,34.095016,33.438305,29.936138,29.65139,26.703033,25.870403,23.913074,27.226704,25.559118,29.576073,26.883335,34.90992,32.17661,36.608555,38.478783,38.267147,37.905533,33.15246,29.170565,33.94527,29.602367,33.295746,32.581516,28.303644,30.479029,30.20381,31.993706,30.341648,30.479645,30.860043,32.393177,34.804283,35.795746,34.21511,36.98685,33.487442,36.946976,38.354218,34.888397,31.96589,29.917734,25.522654,21.939398,18.350887,14.592678,11.267583,8.72287,7.7363234,10.593089,13.571561,13.457724,16.58083,19.614595,22.253181,25.579159,28.266844,31.492332,34.831646,36.996586,38.946686,36.52256,33.809784,31.76199,27.165863,29.03724,22.545826,22.858685,19.847134,19.431437,18.373367,14.967247,18.492344,14.643531,19.235815,14.678156,12.150079,16.832676,14.433177,18.076836,18.642479,23.198494,27.323973,26.38949,23.232924,27.615978,21.863676,24.84748,24.405302,23.404665
2,6.6172476,5.2830276,0.0,5.302494,6.648064,8.628216,11.796021,15.332609,19.169397,21.853338,26.614061,27.128374,27.135689,29.033329,25.594828,27.988894,27.147142,27.64104,31.757702,29.527094,33.110153,36.094387,35.970753,32.83914,32.929626,29.918907,28.617517,26.073273,28.41381,26.023241,29.728981,26.102798,33.559242,30.027807,34.625305,36.047855,35.56009,35.6145,30.85225,27.305956,32.513638,29.01049,32.78238,32.95657,29.324545,31.90633,31.9832,34.317142,32.95223,32.605526,32.41195,33.660297,35.50763,36.145973,34.554348,37.301826,33.382183,36.58955,37.830654,33.998226,30.977852,29.170639,25.275581,21.40556,19.303185,14.324475,11.741368,10.154433,11.620827,13.441693,14.913723,13.434671,15.75074,19.104334,20.184624,24.062895,26.00229,29.129349,32.551666,34.31099,36.555103,34.565865,31.63076,30.142809,25.707085,28.347347,22.05485,23.815706,21.332699,21.79792,21.435566,18.662985,22.703827,19.225294,24.024025,19.38801,16.434988,20.604576,17.362803,21.200222,20.280386,25.271898,29.410097,27.634634,24.211357,27.533241,21.414541,23.512354,22.309643,20.552622
3,9.458205,6.354967,5.302494,0.0,3.893876,6.8516183,9.364188,13.656365,16.414583,19.852335,24.084566,24.572868,23.80752,25.235983,21.376146,23.481285,22.156528,22.679987,26.568455,24.43391,28.15029,31.029243,31.242966,28.311962,28.351757,25.253376,23.697859,20.95682,23.16304,20.751574,24.553995,21.159943,28.927668,25.925236,30.389921,32.16964,31.933796,31.665228,26.879154,22.983442,27.981129,24.060625,27.766472,27.714886,24.095917,26.628845,26.83045,29.231775,28.040234,27.62346,27.276695,28.69313,30.45644,31.011543,29.317844,32.093544,28.334188,31.681562,33.19615,29.671078,26.555689,25.221952,20.952663,17.565683,15.129259,10.485377,7.668975,7.1841598,9.242132,9.764218,10.015331,9.340072,11.151457,15.342622,16.733385,20.49432,23.108744,26.063257,29.437231,31.479357,33.234165,30.905054,27.810509,26.022022,21.49197,23.814283,17.365896,19.00661,16.392366,17.234848,16.955828,15.241274,19.27168,16.201132,21.163296,16.789059,13.13526,16.543697,12.954484,17.01546,15.594608,20.608295,24.955172,22.808912,19.399326,22.815546,16.878187,19.171892,18.55353,17.60204
4,12.3716545,9.14073,6.648064,3.893876,0.0,5.4193583,5.8231015,11.04296,13.590548,17.070194,21.652334,21.569931,21.324564,22.918962,19.493755,21.54465,21.05298,21.40402,25.953875,24.023949,27.762154,31.07868,31.34712,28.694267,29.393993,26.579044,25.090578,22.13199,23.114975,20.630493,23.853165,20.337011,27.519733,24.011017,28.79727,30.200594,30.21945,30.357788,25.475891,21.761332,27.204853,23.778389,27.145807,27.633596,24.842657,27.22759,28.005531,30.47316,29.696526,29.218552,28.452795,30.05873,31.3081,31.344984,29.143488,31.482847,27.213669,30.233692,31.282827,27.371124,24.36445,22.66002,18.868948,15.080095,13.869918,8.377403,6.6861863,7.067974,10.97611,10.755374,10.2180805,7.650289,9.333122,12.864992,13.629052,17.51037,19.698944,22.76495,26.169735,28.110334,30.150433,28.007715,25.187975,23.54123,19.089508,21.783142,15.620144,18.093298,16.200775,17.477192,18.081255,16.412806,20.959936,18.627995,23.872875,19.929941,15.822972,18.536806,14.2032795,17.851555,15.293007,20.459654,24.489874,22.0216,18.492476,21.157745,14.963227,16.91775,15.766749,14.342264
5,14.453858,12.491081,8.628216,6.8516183,5.4193583,0.0,5.9923677,7.2018104,11.098545,13.666366,18.105083,19.132612,18.875126,21.03702,17.885235,21.100685,20.999296,22.506977,27.09389,26.106005,30.251514,33.350056,34.438362,32.150864,32.53633,29.421803,27.236603,23.8528,24.606627,21.163013,24.322687,19.522112,26.144611,22.051294,26.60076,27.777103,27.069324,27.334797,22.607317,19.464731,24.952868,22.475994,26.210472,27.519218,25.013887,28.070068,28.72081,31.828823,31.071299,29.955135,28.791302,29.695177,30.544975,30.571384,29.011562,31.757845,27.613243,30.53456,31.959614,28.138985,24.878109,24.399614,20.99776,17.73766,17.699198,12.259028,11.260167,12.304437,15.743593,15.39893,13.66252,11.667778,11.151682,15.866104,14.243089,18.799706,20.30054,22.807224,26.223305,27.634342,29.557722,27.858416,24.214018,23.38405,19.298056,22.731129,17.009207,20.804493,19.120775,21.150454,21.642593,20.974596,25.151848,22.524824,27.40676,23.06672,19.3566,21.99921,17.975721,21.886951,18.763035,23.843327,28.032118,24.706583,21.190462,22.72596,16.780945,17.265202,15.555244,13.625516
6,18.002869,14.954235,11.796021,9.364188,5.8231015,5.9923677,0.0,6.726739,8.219944,11.811559,16.537971,15.896181,16.13722,17.999727,15.29589,17.602495,18.412905,19.068287,24.350191,23.265245,27.172195,30.831806,31.694424,29.714436,31.025766,28.45104,26.677002,23.304798,22.528246,19.597132,21.878237,17.832802,23.806175,19.557463,24.609337,25.486626,25.71749,26.37105,21.492483,18.237833,24.12125,21.725742,24.629545,26.12718,24.657469,27.047018,28.526518,31.317417,31.13316,30.295721,28.809666,30.385008,30.756897,30.073412,27.465723,29.345919,24.560974,27.062191,27.717075,23.453444,20.48044,19.111147,16.237024,12.56404,13.93758,8.344996,9.101025,11.061666,15.802875,14.504981,12.171826,8.442264,7.7648735,10.82516,8.884533,13.289049,14.661749,17.510885,20.951542,22.606367,24.797007,23.002504,20.149979,19.002731,14.89344,18.379902,13.106784,17.36757,16.65271,18.921347,20.488886,19.839066,24.497343,22.990992,28.245007,24.715828,20.30061,21.94718,17.15338,20.289618,16.077505,21.041775,24.648073,21.245369,17.742678,18.603327,12.535948,13.054682,10.944724,8.75955
7,21.519896,19.449322,15.332609,13.656365,11.04296,7.2018104,6.726739,0.0,5.3461466,6.5683465,11.473716,12.437559,13.076808,15.957988,14.174226,18.026787,19.620779,21.65719,26.840054,26.92039,31.154737,34.531788,36.278267,34.72808,35.729736,32.89563,30.448248,26.708946,25.594603,21.699324,23.646955,18.17777,22.768608,17.56828,22.246939,22.546633,21.802773,22.887405,18.326256,16.239918,22.126324,21.369741,24.482891,27.137018,26.26042,29.308104,30.693422,34.138203,34.02714,32.504555,30.543562,31.305925,31.067333,30.245174,28.37927,30.591684,26.004532,28.184551,29.175142,25.091646,21.966343,22.211397,20.133505,17.372221,19.762774,14.644164,15.373419,17.378977,21.689024,20.514198,17.536789,14.692607,12.421055,16.19855,11.565038,16.225409,16.2837,18.071966,21.33492,22.05665,24.123562,23.144135,19.290657,19.519167,16.318426,20.63891,16.482391,21.937162,21.466883,24.33648,25.718328,25.86016,30.191723,28.345232,33.289692,29.36717,25.321878,27.007221,22.565248,25.948935,21.426275,26.149208,29.811703,25.607754,22.278297,21.719276,16.460812,14.949563,12.081061,9.136477
8,25.25419,22.54885,19.169397,16.414583,13.590548,11.098545,8.219944,5.3461466,0.0,4.679723,8.461343,8.198844,8.266545,10.879767,9.521073,13.137196,15.610742,17.648653,23.039251,23.678993,27.826832,31.317133,33.426613,32.427654,33.856987,31.347391,28.882393,25.072544,22.605474,18.794987,19.824297,14.603179,18.15664,12.791125,17.772581,17.968094,17.987894,19.225048,14.578317,12.511403,18.557796,18.219759,20.598536,23.6996,23.933895,26.61008,28.603481,31.997347,32.415874,30.85187,28.458483,29.495684,28.646816,27.195053,24.75713,26.413416,21.569504,23.360865,24.124815,20.043127,16.978123,17.822645,16.37004,14.444563,18.071104,14.012361,15.768804,18.53007,23.095387,21.077164,17.15996,14.389729,10.936908,13.930877,7.860178,12.126943,12.073293,13.313514,16.481785,17.343397,19.018862,17.90717,13.951477,14.285697,11.477909,16.03292,13.0277,19.169905,19.553394,22.905403,24.887562,25.868908,30.073614,29.051815,33.92542,30.630192,26.288025,26.937698,22.353962,25.143639,19.802368,23.969181,27.17818,22.48733,19.458387,17.6278,13.212496,10.521517,7.35526,4.8440924
9,28.061329,25.825558,21.853338,19.852335,17.070194,13.666366,11.811559,6.5683465,4.679723,0.0,5.526237,6.459933,8.192288,11.730262,11.945879,16.015785,19.08888,21.543457,26.799091,27.907948,32.045822,35.457138,37.819584,36.980717,38.38061,35.824093,33.187607,29.306753,26.727932,22.68461,23.396471,17.802118,19.834486,13.858988,18.283989,17.600798,16.919243,18.858772,14.812041,14.182185,19.837467,20.845577,23.090261,26.850225,27.482359,30.370872,32.315434,35.93283,36.377594,34.548977,31.977142,32.59563,31.399946,29.832241,27.78865,29.423508,24.725157,26.08057,26.719261,22.713364,19.890923,21.189743,20.478167,18.713186,22.686222,18.48979,20.137522,22.667122,27.233189,25.479052,21.727468,18.87741,15.601202,18.331573,11.884357,15.64881,14.3391285,14.833278,17.599241,17.496592,19.36527,19.196043,15.118233,16.629234,14.859835,19.550396,17.416153,23.698736,24.187387,27.578804,29.502506,30.422016,34.64863,33.417892,38.266323,34.734722,30.534746,31.419827,26.907463,29.798065,24.478699,28.58535,31.69455,26.879087,23.971218,21.579428,17.671423,14.41845,11.070486,8.225481
10,32.532925,30.28718,26.614061,24.084566,21.652334,18.105083,16.537971,11.473716,8.461343,5.526237,0.0,5.3731236,5.46388,8.988517,10.665432,14.9686,18.418604,21.595537,26.268354,28.347301,32.451366,35.50204,38.578312,38.29172,39.58197,37.082767,34.10848,30.16428,26.92573,22.656643,22.640158,16.897655,16.772978,10.712897,14.15194,12.912214,11.718679,14.100404,10.800406,11.804021,16.54437,19.138512,20.83185,25.37347,26.969818,29.894363,31.9868,35.82578,36.586933,34.383583,31.39138,31.619461,29.705864,27.74947,26.071514,27.592741,23.353968,24.23352,25.185825,21.864796,19.183006,22.067287,21.8975,21.28069,25.546911,22.196112,23.999678,26.858791,31.220758,29.095407,24.728691,22.571405,18.561409,21.370178,14.659386,17.543755,16.158699,15.376327,17.410507,16.80834,17.608091,17.86957,13.075809,15.635981,15.168204,19.588772,18.86379,25.297743,26.142988,29.887197,31.845613,33.652847,37.490627,36.528004,41.0467,37.747707,33.667118,33.965397,29.748724,32.423336,26.857359,30.37759,33.267426,27.978792,25.508926,22.07261,19.517977,15.297477,12.640601,11.304876
11,33.361546,30.638872,27.128374,24.572868,21.569931,19.132612,15.896181,12.437559,8.198844,6.459933,5.3731236,0.0,4.9631915,7.938471,10.607663,13.451621,17.918587,20.045238,25.25256,27.039104,30.78737,34.297314,36.951866,36.79935,38.77091,36.702938,34.202843,30.416437,26.353615,22.752806,22.08602,17.419687,16.879717,10.827161,15.036017,13.402292,14.016772,16.64809,13.271018,13.592782,18.594109,20.588667,21.510908,25.841082,27.943491,30.22386,32.841473,36.257156,37.306946,35.50563,32.52207,33.42002,31.486229,29.130571,26.432766,27.076725,22.203041,22.593786,22.515934,18.57684,16.356781,18.295307,19.067862,18.401056,23.582237,20.621334,23.069906,25.999187,30.74283,28.391617,24.15942,21.320972,17.627758,18.831377,11.89096,13.87699,11.501118,10.433173,12.421284,11.731719,13.243644,13.706933,10.011309,12.585654,12.567688,17.011097,17.160091,23.569403,25.058073,28.687056,31.211073,32.714817,36.808872,36.40754,41.17837,38.278362,33.847317,33.829403,29.25765,31.426306,25.536951,28.833525,31.161205,26.091196,23.758238,19.792982,17.532824,13.225834,10.095121,8.555703
12,32.92046,30.098755,27.135689,23.80752,21.324564,18.875126,16.13722,13.076808,8.266545,8.192288,5.46388,4.9631915,0.0,3.7044353,6.202285,9.735484,13.804236,16.693493,21.387106,23.674809,27.58286,30.699608,33.85325,33.90072,35.504883,33.33362,30.538399,26.711016,22.569748,18.69563,17.950378,12.960657,12.26377,6.104519,10.60158,9.9061985,10.592344,12.4901085,8.626071,8.728085,13.669341,15.776642,16.694323,21.195791,23.504883,25.892363,28.466354,32.028122,33.162247,31.161327,28.021593,28.763172,26.637306,24.235767,21.772478,22.735289,18.218853,18.916998,19.740198,16.473988,13.778929,17.215843,17.317965,17.53799,22.146986,19.84506,22.110928,25.318607,29.658005,27.00361,22.241013,20.359274,15.995503,18.086603,11.590803,13.507128,12.725699,11.517556,13.432306,13.574435,13.6350355,13.111277,7.9180055,10.25727,10.231525,14.40901,14.7156925,21.08259,22.478388,26.351843,28.668894,30.975845,34.6163,34.318653,38.730354,36.023525,31.763346,31.291777,27.092672,29.216944,23.352669,26.30183,28.790653,23.372541,21.2424,17.10808,15.51234,10.80032,8.79461,9.141284
13,34.561226,31.487503,29.033329,25.235983,22.918962,21.03702,17.999727,15.957988,10.879767,11.730262,8.988517,7.938471,3.7044353,0.0,4.8621173,6.929533,11.400416,14.255046,18.559465,21.3131,25.018064,27.99005,31.415995,31.851551,33.5682,31.638163,28.882954,25.188469,20.341364,16.786762,15.256615,11.079581,8.963955,3.1766918,7.9756184,7.839477,9.900667,11.244523,7.6779833,7.570036,11.703182,13.842535,13.88413,18.513247,21.598402,23.577961,26.469204,29.866377,31.32078,29.36108,26.049232,26.994173,24.54848,21.763521,18.904325,19.417768,14.946414,15.34678,16.29475,13.487539,10.861748,15.362041,15.740281,16.943697,21.556362,20.235016,22.672577,26.054836,30.191942,27.201134,22.176474,20.781363,16.24403,17.877636,12.079849,12.90565,12.7723255,11.05371,12.439031,13.06018,12.046273,10.901997,5.2171984,7.514762,8.519987,11.948378,13.548355,19.557047,21.354462,25.308712,27.777328,30.625475,33.948273,34.113213,38.287605,36.02748,31.78269,30.695995,26.71061,28.398678,22.452435,24.75994,26.892822,21.3349,19.655201,14.83779,14.551586,9.598412,8.838826,10.68386
14,30.7042,27.58858,25.594828,21.376146,19.493755,17.885235,15.29589,14.174226,9.521073,11.945879,10.665432,10.607663,6.202285,4.8621173,0.0,5.113537,7.767644,11.234036,15.610763,17.91603,22.018085,24.878222,28.216156,28.265614,29.57125,27.353336,24.461514,20.66356,16.484602,12.506763,11.996977,6.8405643,8.733499,4.653301,9.513808,11.184742,12.436608,12.469397,7.888869,4.828773,10.252994,10.298538,11.487342,15.362844,17.434568,19.724281,22.344162,25.83628,27.014833,25.102638,21.993036,23.06506,21.177053,18.884125,16.11263,17.495316,13.050426,14.739081,16.599117,13.913718,10.536097,14.721941,13.468176,14.534533,18.081491,16.819277,18.87201,22.29027,26.069656,23.045229,17.868961,17.134962,12.367151,15.131255,10.28244,11.901238,13.414811,12.920368,15.008929,16.475592,15.784265,13.679913,8.499517,8.384518,6.9690022,10.322792,10.0271015,15.9786215,17.214827,21.218334,23.369507,26.414513,29.562532,29.548607,33.607437,31.3075,27.167486,26.08665,22.270006,24.174313,18.447155,20.996727,23.688892,18.102083,16.11412,12.3722925,11.260087,6.858159,7.144829,9.782271
15,32.880028,29.342327,27.988894,23.481285,21.54465,21.100685,17.602495,18.026787,13.137196,16.015785,14.9686,13.451621,9.735484,6.929533,5.113537,0.0,5.410974,7.3673673,11.906931,14.456538,18.090948,21.179039,24.492483,25.043055,26.944965,25.321486,22.89063,19.467987,13.856526,11.132875,8.971957,7.0157504,7.6438136,6.619374,10.430548,12.331404,15.07399,14.876159,11.237517,8.426962,11.853342,10.907665,10.306049,13.512038,16.670233,17.82099,21.15506,24.021664,25.723082,24.246939,21.101242,22.936764,20.89236,18.067432,13.982182,14.072723,8.890681,10.228199,11.678747,9.087343,5.631256,10.789968,10.126571,12.664959,16.513578,16.852179,19.361853,22.860043,26.496538,23.055243,17.886784,17.371805,12.9862795,13.9503565,10.58049,10.078637,12.382891,11.598369,13.065586,15.303341,13.923974,10.847474,7.063405,4.7843766,4.3243246,5.736779,8.226011,13.304566,15.5361805,19.450958,22.130848,25.541225,28.426313,29.289871,33.180954,31.654358,27.406916,25.467913,21.764894,22.756605,16.856726,18.363222,20.236134,14.601032,13.3339205,8.219132,9.506382,5.3315063,7.6396723,11.52473
16,31.179247,27.675545,27.147142,22.156528,21.05298,20.999296,18.412905,19.620779,15.610742,19.08888,18.418604,17.918587,13.804236,11.400416,7.767644,5.410974,0.0,4.876481,7.971085,10.594609,14.705926,17.189892,20.868235,21.26696,22.451012,20.54793,17.790924,14.345268,8.9963875,5.817851,4.3154936,3.535399,8.648409,10.028197,12.598864,15.684075,17.729004,16.387743,12.850597,8.892204,11.103797,7.352891,7.3988996,8.904774,11.334142,12.54413,15.766173,18.719114,20.338873,18.845213,15.770052,17.857313,16.263372,13.880096,9.774187,11.061368,6.7706175,10.07137,13.149062,11.977367,8.756849,13.174799,10.56637,13.412671,15.116791,16.30873,18.097748,21.496202,24.264774,20.7163,15.413959,16.448427,12.223711,14.320946,13.0377,13.013965,16.516672,16.470234,18.101007,20.594751,19.155075,15.827878,12.409216,9.796698,8.001208,7.3710275,7.5335402,10.788777,12.276564,16.193825,18.310492,22.565533,24.748775,25.651926,29.018421,27.775242,23.885645,21.45999,18.465967,19.380972,14.10444,15.119239,17.52652,11.831966,10.788941,7.5652475,9.16621,7.4579983,10.798309,14.692647
17,31.528553,27.657969,27.64104,22.679987,21.40402,22.506977,19.068287,21.65719,17.648653,21.543457,21.595537,20.045238,16.693493,14.255046,11.234036,7.3673673,4.876481,0.0,5.9838476,7.165829,10.891851,14.270126,17.193703,17.694328,19.798492,18.573418,16.736582,13.890442,7.447248,7.149112,4.9232187,8.243102,12.191377,13.6098385,16.42637,19.07696,21.763918,20.756193,17.301743,13.504886,15.772959,11.836503,11.09468,10.923798,13.085239,12.815734,16.499546,18.393314,20.26684,19.633638,17.06479,20.06165,18.971262,16.64664,11.584583,11.317073,6.409978,9.4566,11.30313,9.877431,7.3204317,9.917577,6.9461455,10.807615,12.320032,15.01689,17.172245,20.439997,23.123682,19.336569,14.481764,15.36937,12.10033,12.145016,12.82519,11.403005,15.574047,15.943547,17.370598,20.432533,19.191889,15.383555,13.658196,9.914972,7.932338,4.8678045,6.119296,7.2099223,9.935237,13.479622,16.315792,20.389528,22.560305,24.299078,27.724186,27.15696,23.076508,20.096558,16.996881,16.935116,11.545444,11.606024,13.217803,7.5012174,7.0907016,3.1860847,7.2837076,7.567618,11.425208,15.491539
18,34.83024,31.088793,31.757702,26.568455,25.953875,27.09389,24.350191,26.840054,23.039251,26.799091,26.268354,25.25256,21.387106,18.559465,15.610763,11.906931,7.971085,5.9838476,0.0,5.0563607,7.7990665,9.545917,13.896,15.368019,16.818237,16.00579,14.102167,12.103855,4.9126215,7.231957,4.004908,10.633265,13.538751,17.097538,18.35356,21.611645,24.257092,22.453392,19.893719,16.391611,16.57641,12.0390005,10.197046,7.502601,10.474035,8.509859,12.68393,13.911793,16.467447,15.979487,13.3708,16.768156,15.566503,13.200295,7.765455,6.9240766,5.1671224,8.677489,11.95325,13.043233,11.529565,14.69989,12.153287,16.19336,16.182024,19.757158,21.310553,24.297573,25.992378,22.216215,17.698605,19.859385,16.982513,17.409231,18.760777,17.277971,21.372484,21.401962,22.348042,25.324635,23.364645,19.563192,18.023617,14.612289,13.647304,10.116707,11.682778,10.146856,12.096685,14.820829,16.882088,22.032824,22.884943,25.135473,27.48729,27.752522,24.365587,20.453142,18.750998,17.961203,14.092015,12.209065,13.058897,8.351573,9.882946,8.242644,12.791058,13.416911,17.256952,21.33147
19,32.132107,28.234516,29.527094,24.43391,24.023949,26.106005,23.265245,26.92039,23.678993,27.907948,28.347301,27.039104,23.674809,21.3131,17.91603,14.456538,10.594609,7.165829,5.0563607,0.0,4.555882,7.730686,10.328039,10.888918,12.885033,12.294597,11.362755,9.938131,3.9253666,8.288194,7.7031274,13.171049,17.837568,20.35628,22.478563,25.565538,28.093533,26.50726,23.364944,19.342728,20.548895,15.297231,14.598767,11.413726,11.7956505,9.484822,13.006085,13.268605,15.335071,15.845305,14.292774,18.278286,18.316195,16.867115,12.066315,11.740643,9.778563,12.964983,15.0210085,15.10831,13.663744,14.52915,10.934995,14.357419,12.754251,17.262362,18.53268,21.142942,22.3527,18.578684,14.775098,17.297033,15.547915,15.288395,18.473913,16.975786,21.580072,22.413595,23.709953,26.998241,25.719706,21.768337,20.704464,16.845644,14.830108,11.312912,11.03423,6.7925277,8.486638,10.358097,12.6274395,17.618582,18.321949,21.070753,23.47134,24.17518,20.740278,16.511883,14.9445915,13.425035,10.2351055,7.3379736,8.268808,4.192286,6.4662523,8.224826,11.6228285,14.086505,17.8497,21.629726
20,35.398987,31.434637,33.110153,28.15029,27.762154,30.251514,27.172195,31.154737,27.826832,32.045822,32.451366,30.78737,27.58286,25.018064,22.018085,18.090948,14.705926,10.891851,7.7990665,4.555882,0.0,4.7159047,6.491633,8.436304,11.452864,12.346734,12.723831,12.667075,7.888907,12.656443,11.432143,17.47405,21.111132,24.105072,25.8942,28.87935,31.748817,30.156712,27.330309,23.534552,24.296381,19.291775,17.943216,14.338951,15.091127,11.741295,15.073083,13.98389,16.404219,17.63993,16.582441,20.792088,20.891651,19.417343,14.598831,13.126323,12.225367,14.490854,15.830745,16.709349,16.177122,16.32775,13.579124,17.159557,15.352185,20.546688,21.837555,24.131163,24.940786,21.269526,18.222374,20.667017,19.515888,18.269707,22.056614,19.895649,24.368496,25.108646,25.995747,29.389301,27.933167,23.936373,23.746866,19.774422,18.31589,14.226719,14.937674,9.947001,11.782545,12.392462,14.564626,19.262596,19.239697,22.815922,24.621181,26.224752,23.131933,18.427404,17.549658,15.005321,13.046183,8.689846,7.0747437,6.1795793,9.567973,11.205914,15.27504,17.881504,21.603828,25.385738
21,37.839,34.095016,36.094387,31.029243,31.07868,33.350056,30.831806,34.531788,31.317133,35.457138,35.50204,34.297314,30.699608,27.99005,24.878222,21.179039,17.189892,14.270126,9.545917,7.730686,4.7159047,0.0,5.716754,8.713753,10.050842,11.387496,11.785993,12.742051,9.405697,14.274348,13.264771,19.514896,22.841312,26.638857,27.699863,31.007448,33.67592,31.630857,29.260838,25.613953,25.393442,20.266304,18.735273,14.187106,14.653096,10.473716,13.258763,11.119334,13.950895,15.485283,14.831445,19.029305,19.326704,18.251385,14.238543,12.9872675,14.082603,16.318356,18.426184,20.246754,19.736017,20.756102,18.033566,21.604507,19.367838,24.400555,25.283897,27.435991,27.629799,24.135445,21.23427,24.338129,23.075148,22.57909,26.135748,24.254362,28.709452,29.244886,30.037664,33.31798,31.498178,27.556658,27.042324,23.299358,22.081646,18.067621,18.7557,13.963816,14.98376,15.268612,16.422527,21.631208,20.571138,24.15155,24.966883,27.069937,24.67859,19.63272,19.874496,17.30973,16.454483,11.992989,10.708597,10.543278,13.617913,15.2603035,19.296572,21.6195,25.434118,29.297527
22,37.273033,33.438305,35.970753,31.242966,31.34712,34.438362,31.694424,36.278267,33.426613,37.819584,38.578312,36.951866,33.85325,31.415995,28.216156,24.492483,20.868235,17.193703,13.896,10.328039,6.491633,5.716754,0.0,4.338475,7.7458797,10.650687,12.987418,14.764398,12.877327,17.859167,17.490664,23.343285,27.40217,30.497187,32.215202,35.30671,38.074085,36.309525,33.508312,29.576689,30.158724,24.775204,23.700619,19.354048,18.873394,15.048207,17.182268,14.432324,16.424105,18.82593,19.016607,23.347315,24.331465,23.620358,19.607182,18.379747,18.508018,20.606207,21.727665,22.808598,22.527132,21.83669,19.00217,21.888985,18.733448,24.3076,25.007723,26.607609,26.297573,23.062704,21.320719,24.27278,24.122755,22.681362,27.479652,25.395931,29.947445,31.005924,31.906448,35.38656,34.087902,30.090822,30.17198,26.142633,24.470634,20.48931,20.482391,14.564017,15.330774,14.206557,15.346446,19.53618,18.048208,22.410135,23.027843,25.89341,23.652327,18.513512,19.091066,15.558496,16.090117,10.9595,8.233728,11.15783,14.235845,17.324684,20.575615,23.847075,27.445435,30.997063
23,33.69905,29.936138,32.83914,28.311962,28.694267,32.150864,29.714436,34.72808,32.427654,36.980717,38.29172,36.79935,33.90072,31.851551,28.265614,25.043055,21.26696,17.694328,15.368019,10.888918,8.436304,8.713753,4.338475,0.0,5.2503543,8.026217,11.203733,13.221713,13.053784,17.694061,18.398518,23.449501,28.67923,31.111916,33.345337,36.44924,38.91429,37.222054,33.9959,29.749651,30.95159,25.166203,24.888096,20.57945,18.867985,15.658903,17.182577,14.598165,15.730784,18.42601,19.134394,23.44817,25.095413,24.883638,21.168936,20.774342,20.266912,22.873804,24.071959,24.341236,23.606367,22.282759,18.731,20.771187,16.550444,22.025293,22.261343,23.453238,22.625038,19.6394,18.635557,21.841524,22.374788,21.143396,26.567371,24.980883,29.694798,31.235468,32.54534,36.068798,35.244423,31.248556,31.015581,26.941261,24.57354,21.110394,19.776617,13.441238,13.291139,11.223857,11.8585825,15.619372,13.823327,18.354439,18.994396,22.002464,19.864588,14.775234,15.710662,11.87788,13.673827,8.724121,6.9235215,10.884869,13.194221,17.728727,19.673096,23.57436,26.949259,30.163376
24,33.015324,29.65139,32.929626,28.351757,29.393993,32.53633,31.025766,35.729736,33.856987,38.38061,39.58197,38.77091,35.504883,33.5682,29.57125,26.944965,22.451012,19.798492,16.818237,12.885033,11.452864,10.050842,7.7458797,5.2503543,0.0,4.0723567,7.97017,11.229924,13.589582,17.817692,19.420656,23.99052,29.801905,32.478798,34.38871,37.8302,39.809975,37.722485,34.62108,30.310812,31.04149,24.91024,25.152718,20.277485,17.292429,14.256809,14.499674,11.306234,11.674373,14.893513,16.507887,20.581501,22.996754,23.624386,21.003412,21.614363,21.975058,25.048353,27.12592,27.641638,26.454613,25.991177,21.929033,23.762629,18.995117,23.825754,23.39015,24.37942,22.742613,20.118677,19.265888,23.338425,23.735136,23.817875,28.9049,28.01925,32.851696,34.393143,35.932777,39.35441,38.417564,34.4402,33.450474,29.576832,26.98025,23.892817,21.838745,15.912675,14.647193,12.577721,11.538733,15.945989,12.889398,16.832499,16.226597,19.58806,18.411406,13.153495,15.609735,12.416392,15.344143,11.237789,11.3566065,13.990424,15.728849,20.55482,21.961332,25.719347,29.112907,32.275284
25,29.906013,26.703033,29.918907,25.253376,26.579044,29.421803,28.45104,32.89563,31.347391,35.824093,37.082767,36.702938,33.33362,31.638163,27.353336,25.321486,20.54793,18.573418,16.00579,12.294597,12.346734,11.387496,10.650687,8.026217,4.0723567,0.0,4.331349,7.7610683,11.938979,15.399297,17.877676,21.593082,28.106642,30.471596,32.475098,36.00871,37.59325,35.42814,32.191624,27.784592,28.659916,22.342667,23.240282,18.472029,14.489386,12.252228,11.872216,9.480779,9.042709,12.035533,13.833948,17.724386,20.540136,21.57236,19.456953,20.961662,21.115154,24.61794,27.160671,27.338879,25.656544,25.618254,21.095682,22.58515,17.61117,21.781794,20.990946,22.020744,20.27575,17.70974,16.607021,21.110775,21.318575,22.376883,27.09173,26.831486,31.686916,33.311626,35.132862,38.439167,37.62154,33.72234,32.10818,28.426626,25.490923,22.945433,20.080214,14.717757,12.654367,10.926456,9.046405,14.125249,11.238177,14.27878,13.899434,16.550142,15.365326,10.154627,12.923399,10.624032,13.5646305,10.5315895,12.322934,13.64931,14.6098175,19.708078,20.317986,23.983849,27.244282,30.249155
26,28.934673,25.870403,28.617517,23.697859,25.090578,27.236603,26.677002,30.448248,28.882393,33.187607,34.10848,34.202843,30.538399,28.882954,24.461514,22.89063,17.790924,16.736582,14.102167,11.362755,12.723831,11.785993,12.987418,11.203733,7.97017,4.331349,0.0,3.9955914,9.660111,12.222166,15.248866,18.333136,25.046034,27.469769,29.23179,32.90553,34.16435,31.819836,28.69404,24.355412,24.952944,18.584036,19.8612,15.132991,10.433492,8.889254,7.9940524,6.8672156,6.162885,8.32215,9.861161,13.655221,16.564371,17.840466,16.282995,18.615946,18.937683,22.72634,25.869413,26.082106,24.019514,24.931274,20.284922,21.896196,17.459911,20.92067,20.119265,21.556679,20.254805,17.54505,15.44146,20.16203,19.562216,21.662971,25.459566,25.65144,30.422964,31.83449,33.750267,36.874588,35.906185,32.118275,29.874912,26.486656,23.564487,21.409267,18.366735,14.053195,11.768594,11.330775,9.456182,15.221886,13.223754,15.041442,15.175541,16.581202,15.167706,10.443691,12.632329,11.67232,13.22591,11.2302,14.001345,13.5069,13.983721,18.460491,18.900501,21.988382,25.23799,28.287764
27,27.058577,23.913074,26.073273,20.95682,22.13199,23.8528,23.304798,26.708946,25.072544,29.306753,30.16428,30.416437,26.711016,25.188469,20.66356,19.467987,14.345268,13.890442,12.103855,9.938131,12.667075,12.742051,14.764398,13.221713,11.229924,7.7610683,3.9955914,0.0,7.3159037,8.650997,12.356128,14.589157,21.769016,23.795517,25.756966,29.37924,30.48184,28.239683,24.926336,20.515446,21.473574,15.061188,16.804441,12.661798,7.6718907,7.4637594,7.2771206,8.411862,8.109393,8.552134,8.749923,12.35408,14.796006,15.772068,14.052177,16.875444,16.496475,20.498693,23.795248,23.607086,21.191174,22.503864,17.745438,19.247044,15.365721,18.199453,17.5625,19.425413,18.867035,15.90226,12.827417,17.437727,16.216423,18.972277,22.09439,22.644987,27.308598,28.663774,30.718046,33.70968,32.821445,29.14896,26.507782,23.310394,20.236916,18.559834,15.128322,11.835543,9.432979,10.249676,8.985447,14.865293,14.179607,15.262989,16.576275,16.755024,14.529264,10.488036,11.224878,11.341235,11.245627,10.476057,14.077004,12.0794735,11.827002,15.875939,15.821115,18.560314,21.70479,24.711449
28,30.862032,27.226704,28.41381,23.16304,23.114975,24.606627,22.528246,25.594603,22.605474,26.727932,26.92573,26.353615,22.569748,20.341364,16.484602,13.856526,8.9963875,7.447248,4.9126215,3.9253666,7.888907,9.405697,12.877327,13.053784,13.589582,11.938979,9.660111,7.3159037,0.0,5.0091457,5.969623,10.737499,16.327435,18.986328,20.835093,24.263786,26.262695,24.32416,21.214056,17.07143,17.923466,12.1578455,12.1567,8.528101,7.9280324,6.335961,9.764125,11.088118,12.92113,12.745166,10.836353,14.626522,14.78818,13.703091,9.56871,10.851826,9.520665,13.387588,16.495863,16.647173,14.563344,16.5836,12.636903,15.62765,13.869111,17.420444,18.256203,20.957397,22.00029,18.354311,14.097867,17.2098,14.8883095,16.22571,18.581247,17.97509,22.513884,23.263227,24.809568,27.867752,26.50877,22.712076,20.657862,17.204865,14.959826,12.273412,11.043121,8.238618,8.612251,11.077875,12.4458475,17.943214,18.508604,20.478115,22.716648,22.91001,19.698877,15.727435,14.445849,13.882417,10.810822,9.204633,11.508109,7.3268547,8.060503,9.678788,12.008708,13.922368,17.624926,21.341
29,28.948446,25.559118,26.023241,20.751574,20.630493,21.163013,19.597132,21.699324,18.794987,22.68461,22.656643,22.752806,18.69563,16.786762,12.506763,11.132875,5.817851,7.149112,7.231957,8.288194,12.656443,14.274348,17.859167,17.694061,17.817692,15.399297,12.222166,8.650997,5.0091457,0.0,4.8752427,6.2319293,13.315149,15.24929,17.29689,20.804537,22.216188,20.249393,16.845478,12.509421,13.83196,7.8281875,9.258413,7.311143,6.4435863,7.8731217,10.540364,13.540118,14.757365,13.433965,10.828292,13.487496,13.201886,12.096194,8.813293,11.591589,9.4669285,13.557102,17.119417,16.603436,13.731323,16.770334,12.799143,15.159272,14.313627,16.20383,16.981699,19.984966,21.590601,18.116077,13.1268015,15.900889,12.543631,15.500571,16.238897,16.676401,20.857014,21.48632,23.359615,26.061016,24.83604,21.362452,18.18517,15.3559675,12.802792,11.591071,9.406068,9.659614,9.527356,12.973427,14.101313,19.151394,20.462997,21.307863,24.048914,23.118193,19.721924,16.820322,14.840792,15.711028,11.756526,12.288423,15.468329,10.527229,9.659571,10.022557,10.779732,11.495859,14.839525,18.355486
30,33.149174,29.576073,29.728981,24.553995,23.853165,24.322687,21.878237,23.646955,19.824297,23.396471,22.640158,22.08602,17.950378,15.256615,11.996977,8.971957,4.3154936,4.9232187,4.004908,7.7031274,11.432143,13.264771,17.490664,18.398518,19.420656,17.877676,15.248866,12.356128,5.969623,4.8752427,0.0,6.677216,10.419765,13.593044,15.044571,18.444132,20.71486,18.88995,16.069986,12.427565,12.933715,8.3615885,7.0973234,6.0057335,9.230481,9.106538,12.879997,15.296011,17.396215,16.172665,13.101326,15.7916565,14.234847,11.744792,6.7241287,7.6349044,4.594683,8.700748,12.495834,12.779418,10.374227,14.554375,11.849973,15.423874,16.042496,18.493483,20.036331,23.237093,25.327955,21.649097,16.639208,18.54471,14.948766,16.458208,16.575907,15.860502,19.713995,19.638401,20.883505,23.592932,21.736519,18.158749,15.571275,12.60255,11.387447,9.0222645,9.947946,10.570156,12.116428,15.5522995,17.468718,22.434471,23.808468,25.310482,28.041971,27.54043,24.000175,20.746487,18.567657,18.711544,14.205468,13.762496,15.620003,10.249354,10.435615,8.035664,11.391546,11.003489,14.668436,18.671473
31,30.061071,26.883335,26.102798,21.159943,20.337011,19.522112,17.832802,18.17777,14.603179,17.802118,16.897655,17.419687,12.960657,11.079581,6.8405643,7.0157504,3.535399,8.243102,10.633265,13.171049,17.47405,19.514896,23.343285,23.449501,23.99052,21.593082,18.333136,14.589157,10.737499,6.2319293,6.677216,0.0,8.5674715,9.290688,11.676358,15.008499,16.144772,14.490992,10.722056,6.3509164,8.837116,4.7646747,6.8511543,9.117951,10.614121,13.024987,15.52385,19.114882,20.324589,18.327705,15.167418,16.493704,14.9054785,12.946875,10.231028,12.8036375,9.548867,12.757555,16.195358,15.028372,11.672552,16.141245,13.344725,15.385166,16.746128,16.977295,18.309364,21.645922,24.30808,21.031729,15.657834,16.904352,12.387597,15.872836,13.841668,14.906838,18.054264,18.038393,19.923073,22.03974,20.74437,17.82895,13.5089855,11.797049,9.828839,10.493813,9.328929,13.086532,13.679185,17.61921,19.158964,23.37479,25.542517,25.790607,29.095507,27.342972,23.662348,21.744425,18.899572,20.493156,15.528813,17.18045,20.165535,14.614418,13.157528,10.8540745,10.966498,8.93012,11.467739,14.820011
32,38.080482,34.90992,33.559242,28.927668,27.519733,26.144611,23.806175,22.768608,18.15664,19.834486,16.772978,16.879717,12.26377,8.963955,8.733499,7.6438136,8.648409,12.191377,13.538751,17.837568,21.111132,22.841312,27.40217,28.67923,29.801905,28.106642,25.046034,21.769016,16.327435,13.315149,10.419765,8.5674715,0.0,6.1831336,4.878017,8.39393,11.02484,9.497028,8.141692,7.68406,6.4902864,8.825733,6.2863398,11.514963,16.377756,17.761145,20.832401,24.116926,26.122076,23.893457,20.173346,20.950829,17.600834,14.085454,11.355085,11.74643,9.190978,9.576195,12.881102,13.088967,10.890078,17.445543,17.166235,20.175093,23.2851,23.788889,25.815756,29.283707,32.418373,29.023682,23.657421,24.069374,19.436989,21.38493,17.84168,17.625427,19.231802,17.503119,18.050453,19.357817,16.611198,14.449104,10.192297,10.306529,11.916675,12.178764,15.090914,19.103485,20.91833,24.814278,26.86868,31.188492,33.314293,34.06438,37.24033,35.807545,32.108105,29.846684,26.993526,28.016228,22.70247,23.451244,25.178677,19.53657,19.061415,14.164767,16.597836,12.807874,14.649308,17.948189
33,35.194458,32.17661,30.027807,25.925236,24.011017,22.051294,19.557463,17.56828,12.791125,13.858988,10.712897,10.827161,6.104519,3.1766918,4.653301,6.619374,10.028197,13.6098385,17.097538,20.35628,24.105072,26.638857,30.497187,31.111916,32.478798,30.471596,27.469769,23.795517,18.986328,15.24929,13.593044,9.290688,6.1831336,0.0,5.286226,6.5709496,8.531956,8.892858,5.381252,5.3958855,8.60478,11.256728,11.102243,16.055586,19.440079,21.52092,24.32268,27.858227,29.37993,27.20869,23.748434,24.452585,21.746279,18.878578,16.37855,17.211205,13.332395,13.939602,15.795177,13.903447,11.170842,16.589428,16.490616,18.22822,22.207985,21.307898,23.48889,26.91954,30.693213,27.608194,22.380274,21.697376,16.965105,19.158478,14.019481,14.798111,15.39995,13.757679,14.936937,15.736759,14.079363,12.619518,7.0034685,8.612182,9.628258,12.230007,13.918868,19.499332,21.131052,25.155272,27.372416,30.752705,33.687424,33.873974,37.719765,35.583458,31.556934,30.198849,26.597624,28.250757,22.508545,24.478443,26.691236,20.995268,19.56807,14.8298025,15.185784,10.480235,10.696962,13.060861
34,39.490128,36.608555,34.625305,30.389921,28.79727,26.60076,24.609337,22.246939,17.772581,18.283989,14.15194,15.036017,10.60158,7.9756184,9.513808,10.430548,12.598864,16.42637,18.35356,22.478563,25.8942,27.699863,32.215202,33.345337,34.38871,32.475098,29.23179,25.756966,20.835093,17.29689,15.044571,11.676358,4.878017,5.286226,0.0,4.110315,6.222684,5.3002234,5.27201,7.7504473,6.60345,11.602605,10.256017,15.776845,20.122437,22.07625,24.77208,28.371418,30.144499,27.632833,23.898718,24.03524,20.541994,17.292437,15.671105,16.384045,14.023387,13.954147,16.50418,16.175245,14.096366,20.374277,20.52923,22.905062,26.539186,26.133556,28.148571,31.585426,35.02857,31.871164,26.527231,26.433268,21.650068,23.964125,19.224031,19.610249,20.192162,18.071194,18.531492,18.954617,16.323708,15.273297,10.374487,12.254121,14.193976,15.677243,18.18372,23.035723,24.673378,28.670527,30.656158,34.632763,37.07379,37.382164,40.76509,38.849293,35.13263,33.406727,30.318867,31.787666,26.32252,27.65364,29.608612,23.90443,23.043966,18.108822,19.598782,15.176322,15.8930435,18.336075
35,41.322777,38.478783,36.047855,32.16964,30.200594,27.777103,25.486626,22.546633,17.968094,17.600798,12.912214,13.402292,9.9061985,7.839477,11.184742,12.331404,15.684075,19.07696,21.611645,25.565538,28.87935,31.007448,35.30671,36.44924,37.8302,36.00871,32.90553,29.37924,24.263786,20.804537,18.444132,15.008499,8.39393,6.5709496,4.110315,0.0,4.6728296,6.374103,7.088352,10.464178,10.441321,15.516177,14.259314,19.732475,24.077808,25.974463,28.773521,32.316235,34.103313,31.659807,27.950779,28.118038,24.6366,21.37076,19.587807,19.808441,17.035791,16.32844,17.852276,17.027916,15.367337,21.214775,22.158154,24.21779,28.559269,27.753923,30.011879,33.42753,37.249855,34.178734,28.940622,28.198805,23.498398,25.343111,19.885044,20.18014,19.763287,17.168297,17.248142,16.918442,14.315882,14.274269,9.690158,12.784231,15.364845,17.374405,20.24147,25.544687,27.41692,31.42559,33.65608,37.243484,40.031933,40.303547,43.973225,41.893116,37.98883,36.505108,33.07325,34.59344,28.869823,30.434225,32.22118,26.552471,25.567469,20.245071,21.476845,16.679651,16.606598,18.429848
36,40.707916,38.267147,35.56009,31.933796,30.21945,27.069324,25.71749,21.802773,17.987894,16.919243,11.718679,14.016772,10.592344,9.900667,12.436608,15.07399,17.729004,21.763918,24.257092,28.093533,31.748817,33.67592,38.074085,38.91429,39.809975,37.59325,34.16435,30.48184,26.262695,22.216188,20.71486,16.144772,11.02484,8.531956,6.222684,4.6728296,0.0,3.8712819,5.8118935,10.407287,10.173262,15.945042,15.7880535,21.285307,24.846638,27.401554,29.652681,33.572617,35.00045,32.242508,28.60669,28.135738,24.777119,22.032553,21.332235,22.507317,20.125402,20.061628,22.120539,21.156895,19.066334,24.706448,25.009796,26.557854,30.49591,29.025251,30.88866,34.177475,37.87266,35.085163,29.906965,29.301004,24.541985,27.33785,21.584497,22.797932,22.377073,20.175524,20.739786,20.183134,18.208555,18.366634,13.314968,16.347937,18.03514,20.594938,22.295408,27.834879,29.153236,33.18959,35.019913,38.5255,41.311783,41.03603,44.643963,42.12733,38.450558,37.42903,34.122288,36.13288,30.627129,32.647453,34.956154,29.226048,27.90356,23.228119,23.571194,18.875154,18.411661,19.627092
