,0,1,2,3,4,5,6,7,8,9,10,11,12,13,14,15,16,17,18,19,20,21,22,23,24,25,26,27,28,29,30,31,32,33,34,35,36,37,38,39,40,41,42,43,44,45,46,47,48,49,50,51,52,53,54,55,56,57,58,59,60,61,62,63,64,65,66,67,68,69,70,71,72,73,74,75,76,77,78,79,80,81,82,83,84,85,86,87,88,89,90,91,92,93,94,95,96,97,98,99,100,101,102,103,104,105,106,107
0,0.0,4.189454,6.6171856,9.373362,11.781121,14.485976,17.019785,21.450253,24.042904,26.668314,30.635212,30.867813,28.177528,27.416513,22.463905,22.235193,17.606117,18.131563,15.179978,14.561663,15.027506,10.944018,16.242973,13.332202,18.06576,21.274855,23.401104,23.23245,21.47797,23.114227,26.367184,25.730516,33.68757,32.1919,36.6399,38.5714,40.37065,40.04962,35.595123,31.378239,35.77451,30.180866,31.489006,28.73794,30.081812,28.591942,26.503796,28.046803,25.619562,28.661085,26.320616,30.652515,31.321144,32.44252,27.682785,30.887936,27.980013,31.764568,32.51016,32.46026,29.294231,35.03581,32.869534,34.580025,37.668446,35.6314,32.242718,33.305626,36.742363,32.585453,28.761364,29.715614,27.338446,30.099224,29.806904,26.794762,30.133133,30.550215,33.338165,36.559715,36.100727,32.581635,35.48826,31.657866,29.596611,26.761906,25.863007,19.440073,19.871355,17.070675,18.349754,18.078672,17.137115,17.711731,15.0521345,18.937017,17.58265,21.810411,22.50333,27.013287,31.12511,31.952902,33.7698,33.72352,28.112812,27.166592,25.02845,22.158756
1,4.189454,0.0,5.2210226,6.556861,8.326071,12.120736,13.529952,18.672297,20.719582,23.418146,27.205202,27.898916,25.557495,24.696354,19.90245,19.148071,14.793263,14.576993,12.218862,10.758096,11.774636,7.906133,13.75072,11.663562,16.155144,18.829144,20.317875,19.992472,17.546446,19.42008,22.426336,22.108912,29.853739,28.649137,32.97874,34.981674,36.97393,36.605057,32.27082,28.05524,32.20092,26.638847,27.642452,25.074284,26.097996,24.865372,22.688232,24.542429,22.15922,25.352379,23.368616,27.54654,28.70638,29.58984,24.681921,27.67182,24.369156,28.05866,28.67123,28.467701,25.283274,31.017502,28.836466,30.727448,33.858387,32.06208,28.808092,29.861092,33.591095,29.727957,25.900812,27.12107,24.467728,27.717228,26.840796,24.116594,27.271473,27.363554,30.100666,33.159084,32.64014,29.001211,31.630335,27.7714,25.551931,22.853289,21.705078,15.2760515,15.72691,13.083139,14.756114,14.849469,14.430368,14.714093,11.710362,15.494042,13.689295,17.831865,18.545176,22.926746,27.14507,27.822367,29.606024,29.676195,24.023594,23.286158,21.341059,18.647516
2,6.6171856,5.2210226,0.0,5.1603093,6.5146127,8.399071,11.320988,15.015638,18.11341,20.407925,24.70573,24.6741,21.837025,21.457586,16.442451,17.012043,12.731861,13.729611,12.438551,12.332743,14.573709,11.882826,17.94334,16.606977,21.087725,23.503458,24.435957,23.77163,20.003153,21.674282,24.207556,23.150545,30.341427,28.314884,33.061176,34.47718,36.733253,36.917118,32.506405,28.510555,33.20678,28.269802,29.103493,27.552832,27.98835,27.780212,25.546352,27.98717,25.56411,28.79554,27.040123,30.703562,32.238293,32.39726,27.2722,29.791506,26.395163,29.934566,29.732292,29.93883,27.103739,32.982983,30.845936,33.30148,36.135635,35.13436,32.057804,32.693493,36.80037,33.362778,29.35862,30.153542,26.98144,29.700914,27.9345,24.717833,27.146673,26.896423,29.14597,32.268482,31.215246,27.685436,30.555105,26.706688,25.259968,21.796322,21.887587,15.676212,16.80657,15.044286,16.83888,18.120884,17.02679,16.273424,12.817386,16.0462,13.535739,18.252298,17.633043,22.403936,25.99334,27.512634,29.67667,29.137623,24.205053,22.524961,20.892246,17.310684
3,9.373362,6.556861,5.1603093,0.0,3.82042,6.1928835,8.499465,13.141753,15.024725,18.22983,21.609083,21.881681,19.541603,18.355162,13.599888,12.866809,8.339515,9.103428,7.2960863,7.9857783,10.46563,9.197013,14.919899,14.969333,19.289034,21.458828,22.015652,20.577805,16.435974,17.3359,20.02383,18.25823,25.655224,23.470272,28.22457,29.73928,31.785013,31.897243,27.43461,23.416094,28.264435,23.441362,24.565994,23.317871,24.029995,24.292088,22.63025,25.497229,23.700556,27.23323,26.194477,29.940138,32.01133,32.360394,27.262102,29.571224,25.433064,28.684269,28.443478,27.90464,24.797894,30.183413,27.474167,29.858204,32.03209,31.464392,28.321583,28.459791,32.62425,29.452318,25.296291,25.711662,22.2875,24.83494,22.805925,19.588724,22.042377,21.899704,24.347853,27.53931,26.84089,23.37636,26.590563,22.859232,21.33831,18.124268,18.466494,12.547384,14.553107,13.567516,16.405373,17.682602,17.970896,17.219841,13.511818,16.33964,12.509361,16.847902,15.523461,19.608566,23.142647,24.287395,26.79405,26.89012,22.06925,21.073523,20.295973,17.015226
4,11.781121,8.326071,6.5146127,3.82042,0.0,5.390926,5.256289,10.668826,12.4136,15.186067,18.92444,19.654957,17.546247,16.763296,12.175015,11.5503025,8.011976,7.673198,8.422853,7.687509,11.3003435,10.557532,16.098518,16.504166,20.226303,21.720573,21.529009,20.27815,15.106386,16.646358,18.561361,17.489803,24.108332,22.255394,26.903782,28.30956,30.8345,31.049934,26.824764,22.941135,27.392828,22.819853,23.233068,22.44836,22.31709,23.033154,20.99063,24.136843,22.1489,25.586964,24.737114,27.979239,30.393179,30.192625,25.01802,26.954834,22.751688,25.873976,25.231127,24.971617,22.147497,27.717869,25.346012,28.15021,30.628063,30.371157,27.57122,27.858246,32.38123,29.620222,25.647003,26.511356,22.865452,25.962801,23.098328,20.300539,22.176065,21.346514,23.427366,26.311394,25.166624,21.486826,24.119509,20.250528,18.755909,15.326852,15.60133,9.68432,11.689716,11.243604,14.065552,16.158686,16.278011,14.907662,11.094901,13.323161,9.064522,13.504527,11.88093,16.260145,19.80589,21.190414,23.596224,23.356325,18.672235,17.353777,16.64763,13.265401
5,14.485976,12.120736,8.399071,6.1928835,5.390926,0.0,5.9169025,7.519125,10.6019745,13.378736,17.153915,16.552925,13.728031,13.07902,8.052903,9.367565,5.9145093,8.481984,9.631905,11.478078,14.929655,14.8851385,20.218681,20.92089,24.94023,26.627274,26.430014,24.723665,19.236864,19.90232,21.620968,19.167297,25.1687,22.049917,27.146532,27.823486,30.289755,31.132826,26.789232,23.27629,28.501373,24.779825,25.461535,25.668203,25.468025,27.068323,25.414545,28.888811,27.16184,30.634237,30.003721,33.05291,35.63791,35.17608,29.979668,31.615406,27.339783,30.206493,28.97372,28.787859,26.216705,31.475246,28.886547,31.916948,33.648792,34.158863,31.40308,31.055452,35.62733,33.17824,29.02711,29.095284,25.158577,27.17345,23.804533,20.3421,21.44523,20.57789,22.146166,25.233488,23.74345,20.475643,23.86129,20.276411,19.92294,15.830179,17.998035,13.228316,15.963016,16.280924,19.100565,21.487778,21.36358,19.66298,15.862649,17.6144,13.082892,17.352331,14.147777,18.174395,20.59026,22.770292,25.740904,25.174345,21.595198,19.633867,19.652493,15.672249
6,17.019785,13.529952,11.320988,8.499465,5.256289,5.9169025,0.0,6.6219897,7.3424563,10.092423,13.733985,14.820473,13.212159,12.578597,8.702109,8.027799,6.7961345,5.7427583,9.8083935,9.400337,13.598026,14.361473,19.021946,20.418962,23.504324,24.264225,23.121094,21.51945,15.091301,16.385056,17.155914,15.879219,21.014818,18.90969,23.574818,24.514832,27.51348,28.122793,24.179377,20.723173,25.033731,21.39015,21.167212,21.717464,20.620838,22.65285,20.755806,24.514761,22.85236,26.21319,26.077648,28.581078,31.659582,30.809076,25.712332,26.883184,22.317791,24.869057,23.377394,23.09594,20.715473,25.912762,23.581806,26.942213,28.991676,29.75715,27.420792,27.286974,32.193436,30.249933,26.424181,27.18731,23.13599,26.163256,22.022367,19.531889,20.270418,18.588966,19.986263,22.534807,20.818743,17.087244,19.442694,15.586666,14.743002,10.738364,12.319177,7.913134,10.833998,12.181719,15.177747,18.144123,18.569515,16.489172,12.91981,13.65393,8.457653,12.027295,8.335406,12.308549,15.119194,17.086718,19.88769,19.38801,15.722112,14.02641,14.508665,11.041789
7,21.450253,18.672297,15.015638,13.141753,10.668826,7.519125,6.6219897,0.0,5.300836,6.297476,10.81732,9.984078,7.2986197,8.125458,4.715076,8.109925,8.987277,10.338076,14.475145,15.619581,19.650507,20.577908,25.305634,26.72561,30.034157,30.859394,29.596132,27.82441,21.128082,21.906136,22.128038,19.949356,23.484367,20.19148,25.05836,24.882183,28.11965,29.595675,25.85565,23.132214,27.849146,25.464731,25.121983,26.872938,25.311668,28.283625,26.565336,30.545895,28.96351,32.176422,32.176945,34.202435,37.44854,36.02808,30.978914,31.650707,27.302967,29.467781,27.116875,27.289185,25.547092,30.369324,28.209547,31.928474,33.384403,35.039078,32.973087,32.351402,37.353313,35.88543,32.039516,32.24941,27.966377,30.0825,25.22162,22.36482,21.856682,19.73464,20.003525,22.374516,19.737818,16.62131,19.243887,15.943932,16.91427,12.240488,16.097586,13.652387,16.550514,18.353983,20.92974,24.314821,24.143276,21.596157,18.209654,18.337976,13.650689,16.715687,11.742174,14.895901,15.671728,18.982964,22.18121,20.81777,19.051859,16.230474,17.48616,13.523389
8,24.042904,20.719582,18.11341,15.024725,12.4136,10.6019745,7.3424563,5.300836,0.0,4.6478276,6.6402335,7.744997,7.435918,6.6522284,5.9150224,5.656628,8.987547,8.665284,13.900589,14.725767,18.60351,20.6312,24.354984,26.672697,29.340616,29.606222,27.754011,25.586624,18.593267,18.849985,18.374077,16.066328,18.462078,15.303161,19.961931,19.779114,23.230959,24.679398,21.214909,18.775509,23.073336,21.300173,20.629234,23.176006,21.272104,25.013674,23.778578,28.047853,27.055231,30.262312,30.969677,32.746502,36.441925,35.0672,30.2598,30.583868,25.765142,27.426785,24.968552,24.444506,22.729532,26.793755,24.338013,28.111135,28.982067,31.275507,29.494877,28.497047,33.57849,32.710556,29.081867,29.245611,24.867502,27.085966,21.548115,19.350647,18.221912,15.510346,15.500792,17.53538,14.866532,11.502095,14.037837,10.733129,12.004287,7.3895993,12.274133,11.682977,15.014693,17.748463,20.717392,24.031973,24.821093,22.384445,19.226183,18.826847,13.740494,15.557448,9.993671,11.391903,11.603379,14.594312,18.181746,17.513268,16.31896,14.464031,16.83564,13.9151125
9,26.668314,23.418146,20.407925,18.22983,15.186067,13.378736,10.092423,6.297476,4.6478276,0.0,5.8459477,6.944706,6.93187,8.423048,8.709999,10.213098,13.239057,12.91865,18.219667,18.467812,22.537048,24.154593,28.11107,30.124641,32.665348,32.69887,30.570704,28.804922,21.587193,22.460747,21.396633,19.965117,21.153225,18.477793,22.610157,21.992405,25.880106,27.568928,24.596699,22.570265,26.25737,24.915005,23.586073,26.40371,23.746649,27.656914,26.00637,30.21867,28.928505,31.821276,32.475315,33.637215,37.411438,35.387096,30.687145,30.539978,26.137411,27.533855,24.43142,24.647047,23.634876,27.74464,26.004234,30.120455,31.36721,33.84995,32.449173,31.71254,36.917522,36.292583,32.875854,33.38472,29.04626,31.50977,25.765232,23.834883,22.364552,19.311102,18.646965,20.040827,16.630367,13.611809,14.731037,11.802289,13.717043,9.307256,13.942257,14.083431,16.698797,19.562777,21.89785,25.693714,25.88104,23.00551,20.214104,19.107365,14.736162,16.070312,10.394536,11.674115,10.684937,14.736178,17.934547,16.12445,16.1543,13.225709,15.824486,12.903057
10,30.635212,27.205202,24.70573,21.609083,18.92444,17.153915,13.733985,10.81732,6.6402335,5.8459477,0.0,5.018964,8.153333,7.9750934,10.888503,10.561263,15.009348,14.307174,19.621277,20.274841,23.885323,26.47418,29.477621,32.301273,34.417572,34.109436,31.602459,29.302763,22.18854,22.103325,20.438475,18.348085,17.534166,14.481263,18.139748,16.869694,20.903818,22.96445,20.52327,19.337826,22.626133,22.62014,21.174742,25.145758,22.359192,27.197233,26.343306,30.768377,30.235209,33.113266,34.476917,35.47406,39.61836,37.745773,33.353012,32.90631,28.12049,28.923742,25.753222,25.125547,24.204763,27.094471,24.923088,28.939148,29.045536,32.501343,31.418276,29.992418,35.09545,35.222748,32.03425,32.101894,27.742237,29.692274,23.317686,21.971855,19.4593,15.893147,14.313858,15.019354,11.195661,8.706343,9.784589,7.8868804,11.330479,8.018205,13.790658,16.0118,18.951065,22.385626,25.091702,28.606018,29.640097,26.995966,24.319103,23.06864,18.477144,18.87112,13.218879,12.141608,9.496071,13.030202,16.728312,15.882194,17.207481,15.588308,19.142584,17.239363
11,30.867813,27.898916,24.6741,21.881681,19.654957,16.552925,14.820473,9.984078,7.744997,6.944706,5.018964,0.0,4.155879,4.8795657,9.007167,10.730799,14.901009,15.735038,20.426065,22.13149,25.752043,28.071026,31.588774,34.142506,36.836456,37.04001,34.995647,32.57953,25.60367,25.255442,24.253944,21.229534,21.263006,17.086796,21.224977,19.477274,22.98411,25.48983,22.735403,21.616798,25.808748,25.824432,25.06128,28.842224,26.621437,31.231297,30.401207,34.805107,34.11111,37.159756,38.190388,39.51971,43.454037,41.671326,37.05358,36.871033,32.186768,33.308178,30.187649,29.792246,28.700909,31.905834,29.566437,33.46248,33.38348,36.733364,35.340588,33.729088,38.7144,38.548817,35.062767,34.620857,30.185593,31.365185,25.22095,23.091002,20.441942,17.352947,15.617448,16.847187,13.093573,11.522329,13.9811945,12.519951,15.90857,12.234015,18.102835,19.119495,22.310192,25.313398,28.094246,31.593409,32.222363,29.550724,26.546768,25.760225,21.027039,22.33885,16.564678,16.59859,14.367398,18.01106,21.70279,20.593668,21.637339,19.45486,22.51649,19.81166
12,28.177528,25.557495,21.837025,19.541603,17.546247,13.728031,13.212159,7.2986197,7.435918,6.93187,8.153333,4.155879,0.0,3.9655986,6.3270245,10.047632,13.177563,14.9539,19.1621,21.218502,24.947767,26.71383,30.82906,32.895416,36.04422,36.670876,35.06608,32.804226,25.944859,25.837658,25.457735,22.312344,23.795847,19.462822,24.079502,22.693884,25.927504,28.262756,25.023851,23.374014,28.138662,27.373959,26.994528,30.09346,28.263968,32.313454,31.200089,35.48204,34.43335,37.59904,38.165905,39.828297,43.46204,41.797703,36.95144,37.121307,32.596874,34.16097,31.247156,31.156267,29.820824,33.684235,31.344028,35.18331,35.539047,38.325096,36.591656,35.217724,40.1866,39.4777,35.738605,35.280666,30.845877,31.980406,26.337927,23.596087,21.592321,19.03,17.94354,19.806274,16.480759,14.580875,17.516115,15.450417,18.16073,13.90949,19.388596,19.011982,22.207623,24.69429,27.412207,30.879503,31.056124,28.40212,25.180527,24.833452,20.122883,22.269897,16.638,17.935263,16.641006,20.385044,23.989664,22.627968,22.780584,20.1186,22.496248,19.107872
13,27.416513,24.696354,21.457586,18.355162,16.763296,13.07902,12.578597,8.125458,6.6522284,8.423048,7.9750934,4.8795657,3.9655986,0.0,5.0731015,7.1611195,10.906149,12.765424,16.662798,19.237366,22.627676,24.89441,28.542555,31.005365,34.07953,34.74474,33.21771,30.599976,24.006115,23.271275,23.125666,19.260057,21.019592,16.206646,21.060383,19.802956,22.688732,24.960587,21.495956,19.81202,24.925589,24.243807,24.30624,27.472912,26.116385,30.227327,29.563679,33.888157,33.205563,36.52686,37.3029,39.26761,42.944218,41.699074,36.8753,37.233627,32.37998,33.95024,31.386015,30.696915,28.99514,32.54371,29.710365,33.282513,33.13789,36.00733,34.12687,32.42543,37.243107,36.57104,32.781513,31.96293,27.530607,28.290571,22.65027,19.827215,17.706318,15.308495,14.41322,16.662268,13.849819,11.973237,15.932064,13.920523,16.474314,12.522833,18.152481,17.885057,21.441416,23.979965,27.1008,30.217909,30.966515,28.61679,25.258476,25.204065,20.098791,22.200401,16.637444,17.510181,16.557781,19.632547,23.497417,22.932468,22.656284,20.775515,23.299091,20.150429
14,22.463905,19.90245,16.442451,13.599888,12.175015,8.052903,8.702109,4.715076,5.9150224,8.709999,10.888503,9.007167,6.3270245,5.0731015,0.0,5.4626718,7.06219,9.791257,13.184879,15.797267,19.341433,20.927732,25.209934,27.108986,30.567032,31.619526,30.558702,28.217554,21.845606,21.586987,22.168291,18.64176,22.309458,18.016933,23.182396,22.75107,25.480875,27.187195,23.230701,20.685156,26.068624,24.110752,24.45614,26.541424,25.60944,28.859236,27.803799,31.901007,30.812254,34.23727,34.49838,36.871017,40.17995,39.185013,34.163704,34.983147,30.286657,32.372204,30.235165,29.767532,27.710426,32.015957,29.229864,32.67169,33.25968,35.255272,32.999577,31.776978,36.573982,35.201115,31.197575,30.657818,26.308374,27.503246,22.624126,19.346874,18.50401,16.731636,16.98674,19.754522,17.520636,14.885993,18.739563,15.870827,17.234015,12.85861,17.453169,15.410653,18.879387,20.754858,23.835562,26.788668,27.205961,25.00995,21.4429,21.961739,16.87695,19.84959,14.787165,17.06128,17.503872,20.39306,24.022116,23.378126,21.773636,19.696201,21.355148,17.69637
15,22.235193,19.148071,17.012043,12.866809,11.5503025,9.367565,8.027799,8.109925,5.656628,10.213098,10.561263,10.730799,10.047632,7.1611195,5.4626718,0.0,4.8932543,5.87045,9.784467,12.312804,15.512207,18.088991,21.418064,24.090668,27.0521,27.792421,26.50293,23.762178,17.532843,16.614159,17.226711,13.226675,17.342047,13.231456,18.469461,18.660742,21.195332,22.44311,18.318958,15.444976,20.821394,18.668655,19.241968,21.372803,20.778782,24.154902,23.61594,27.791729,27.22995,30.753613,31.461725,33.98754,37.47046,36.892773,32.051674,32.92285,27.82259,29.738695,28.018408,26.757349,24.338444,28.132208,24.854372,28.013601,28.185904,30.255386,27.956812,26.480555,31.22248,30.016315,26.071419,25.46169,21.063866,22.466166,17.362095,14.431584,13.769488,11.949661,12.924569,15.910848,14.485983,11.422154,15.679857,12.681105,13.297054,9.60192,13.844826,12.342818,16.17628,18.375889,21.921236,24.45061,25.840012,24.025036,20.55649,21.0891,15.685055,18.006687,13.270548,14.5772705,15.578492,17.384018,21.13113,21.52668,19.440233,18.599218,20.584433,17.732191
16,17.606117,14.793263,12.731861,8.339515,8.011976,5.9145093,6.7961345,8.987277,8.987547,13.239057,15.009348,14.901009,13.177563,10.906149,7.06219,4.8932543,0.0,4.6288342,6.1429567,9.546344,12.599003,14.392849,18.423573,20.46907,24.016062,25.383877,24.842161,22.318419,16.797361,16.18027,17.924088,14.195595,20.246103,16.66683,21.852585,22.62553,24.723442,25.50598,21.05002,17.563515,23.121588,19.77904,20.928463,21.708195,21.916447,24.145523,23.355047,27.147057,26.244877,29.89727,30.022146,33.134167,36.132233,35.998013,31.001328,32.459404,27.568098,30.027128,28.890293,27.771708,24.944378,29.345543,26.061293,28.868881,29.607986,30.700161,27.930601,26.877876,31.381605,29.35338,25.155241,24.62076,20.457417,21.982649,18.148764,14.645844,15.531201,14.802573,16.675667,19.96293,19.086245,15.982919,20.079266,16.795815,16.45432,12.91679,15.626516,12.057267,15.619912,16.769293,20.3162,22.378443,23.527735,22.096762,18.399633,19.817299,14.611064,17.888586,14.181584,16.739191,18.869267,20.37898,23.763578,24.149496,20.880426,20.004503,21.003428,17.799015
17,18.131563,14.576993,13.729611,9.103428,7.673198,8.481984,5.7427583,10.338076,8.665284,12.91865,14.307174,15.735038,14.9539,12.765424,9.791257,5.87045,4.6288342,0.0,5.669314,6.515943,10.066768,12.533752,15.934782,18.498682,21.325289,22.06286,20.950493,18.451666,12.411925,12.147564,13.535269,10.770695,16.993387,14.624327,19.393341,20.773844,23.166164,23.455048,19.23092,15.491643,20.217896,16.399754,17.01181,17.609692,17.472738,19.71333,18.839182,22.75296,21.980722,25.609276,26.055141,28.989628,32.214825,32.076088,27.220572,28.54003,23.449322,25.756422,24.791567,23.362785,20.429165,24.747995,21.476412,24.329622,25.399101,26.383171,23.768585,22.978777,27.705133,25.850365,21.850363,22.001432,17.80771,20.485971,16.352581,13.8465395,14.963691,13.758496,15.903662,18.780455,18.064764,14.471505,17.717192,14.150061,12.830159,9.846217,11.364067,7.828889,11.545521,13.157357,16.912506,18.970362,20.739326,19.3736,15.9475975,16.970825,11.685505,14.213661,10.953374,13.047427,15.874648,16.674507,19.824024,20.649902,16.90844,16.782883,17.904655,15.452226
18,15.179978,12.218862,12.438551,7.2960863,8.422853,9.631905,9.8083935,14.475145,13.900589,18.219667,19.621277,20.426065,19.1621,16.662798,13.184879,9.784467,6.1429567,5.669314,0.0,5.358834,6.906225,9.239317,12.550581,14.932319,18.415096,20.066952,20.098677,17.401571,13.290735,12.250938,15.289061,11.897336,19.784782,17.379047,22.009834,23.803274,25.28676,25.158304,20.586853,16.487324,21.619675,16.980259,18.869268,18.099226,19.555,20.524017,20.08625,23.385857,22.76419,26.529276,26.567415,30.323711,32.97285,33.691227,28.89866,30.889729,25.978617,28.650541,28.4916,26.787333,23.369684,27.60966,23.983727,26.017088,26.908533,27.015871,23.782652,22.981613,27.062714,24.358278,20.031315,19.61524,15.81692,17.897167,15.547054,12.334032,15.086942,15.397657,18.38729,21.688267,21.87232,18.698826,22.487589,19.194857,17.5195,15.236395,15.864986,11.505441,14.508978,14.766318,18.50678,19.432604,21.423094,20.880669,17.422758,19.50917,14.829646,17.8213,15.827276,18.160246,21.356468,21.64056,24.553387,25.784113,21.387272,21.648233,22.082767,19.629873
19,14.561663,10.758096,12.332743,7.9857783,7.687509,11.478078,9.400337,15.619581,14.725767,18.467812,20.274841,22.13149,21.218502,19.237366,15.797267,12.312804,9.546344,6.515943,5.358834,0.0,4.255987,6.3433247,9.754498,12.086985,14.867616,15.896412,15.469035,13.325774,8.782114,9.393564,12.291573,11.394275,19.175646,18.404966,22.391478,24.720127,26.65186,26.041126,21.892942,17.680252,21.492231,16.109749,17.082983,15.351614,16.346386,16.503157,15.378262,18.535501,17.55925,21.302454,21.256989,24.978321,27.638718,28.356705,23.615726,25.688295,20.837147,23.643574,23.883503,22.218145,18.671333,23.32153,20.104317,22.155207,24.144697,23.544361,20.429003,20.53454,24.846828,21.992165,17.970816,18.963058,15.452187,19.286167,17.022923,15.112003,17.925182,17.631369,20.561123,23.32322,23.33271,19.714514,22.279568,18.692406,16.0181,14.304172,12.958706,7.7254615,9.872913,9.695897,13.479349,14.2303295,16.661821,16.320564,13.214925,15.203084,11.054093,13.540705,13.010022,15.477484,19.574245,19.284975,21.53338,22.851393,17.620209,18.402279,18.312347,16.588924
20,15.027506,11.774636,14.573709,10.46563,11.3003435,14.929655,13.598026,19.650507,18.60351,22.537048,23.885323,25.752043,24.947767,22.627676,19.341433,15.512207,12.599003,10.066768,6.906225,4.255987,0.0,4.740389,5.9185,9.14998,11.754682,13.197777,13.557705,11.0317545,8.955044,8.549674,12.568318,11.642184,20.04739,19.699982,23.234867,25.99857,27.307955,26.209587,22.078653,17.762915,21.266815,15.328333,17.110893,14.2085085,16.54788,15.621938,15.196922,17.716198,17.262533,20.996252,20.965889,25.209564,27.51038,29.015875,24.618025,27.038923,22.313023,25.095325,26.025785,23.871199,20.02718,24.101866,20.559679,21.764584,23.474573,22.166006,18.627478,18.751719,22.471207,19.023876,14.869807,15.753563,12.784033,16.739452,15.938469,14.348514,18.093443,18.59985,22.00576,24.798529,25.505798,22.150593,24.845068,21.546303,18.55788,17.612492,15.745483,11.21791,12.706221,11.910245,15.3919935,14.94022,18.022127,18.463263,15.78846,18.09269,14.645642,16.65875,16.86887,18.80343,22.958342,22.045574,24.06749,25.9475,20.526527,21.951483,21.726381,20.429028
21,10.944018,7.906133,11.882826,9.197013,10.557532,14.8851385,14.361473,20.577908,20.6312,24.154593,26.47418,28.071026,26.71383,24.89441,20.927732,18.088991,14.392849,12.533752,9.239317,6.3433247,4.740389,0.0,6.0769796,6.1975074,10.168061,12.574229,13.977375,12.763971,11.552337,12.605851,16.317081,16.230013,24.439537,24.100235,27.772623,30.430517,31.927546,30.9128,26.769423,22.453558,25.919182,19.897514,21.349062,17.990892,20.014063,18.24515,16.971045,18.79438,17.453629,20.990093,19.964645,24.552685,26.181276,27.844599,23.324795,26.247313,22.149132,25.429482,26.6516,25.160213,21.413368,26.20027,23.290998,24.483109,27.074213,25.024227,21.500673,22.380623,25.840534,21.884686,18.010044,19.372595,16.984982,20.84928,20.60069,18.730536,22.509113,22.983702,26.253668,29.122763,29.475683,25.953726,28.48482,24.924753,21.959652,20.51906,18.396719,12.804371,13.416225,11.251811,14.001871,13.03875,15.312452,16.205645,13.629274,16.715233,14.219242,16.908588,17.974031,20.898724,25.376535,24.830626,26.538677,27.858776,21.97574,22.852411,21.720926,20.17979
22,16.242973,13.75072,17.94334,14.919899,16.098518,20.218681,19.021946,25.305634,24.354984,28.11107,29.477621,31.588774,30.82906,28.542555,25.209934,21.418064,18.423573,15.934782,12.550581,9.754498,5.9185,6.0769796,0.0,4.9928904,6.2898135,8.43959,10.432804,8.594305,10.769962,10.750262,14.926261,15.440651,23.503073,24.16012,26.933495,30.173885,31.080069,29.375816,25.604265,21.409645,23.837708,17.463203,19.39325,14.820186,18.12858,15.207155,15.0398855,16.086975,15.880745,19.262018,18.87547,23.720003,25.251406,27.789255,23.98185,26.91814,22.771307,25.611639,27.562502,25.18334,21.18582,24.811596,21.51206,21.62026,23.791922,20.976715,17.149426,18.141693,20.826668,16.3887,12.700867,14.478815,13.125943,17.573503,18.715128,17.970137,22.269674,23.226376,26.83629,29.413742,30.546751,27.294466,29.563469,26.422316,22.947838,22.703041,19.773975,15.566528,15.82576,14.030242,16.591969,14.5383835,18.144741,19.64647,17.837175,20.398687,18.27466,19.702646,21.300137,23.03373,27.511667,25.97227,27.343124,29.566969,23.69424,25.704802,24.910826,24.269663
23,13.332202,11.663562,16.606977,14.969333,16.504166,20.92089,20.418962,26.72561,26.672697,30.124641,32.301273,34.142506,32.895416,31.005365,27.108986,24.090668,20.46907,18.498682,14.932319,12.086985,9.14998,6.1975074,4.9928904,0.0,5.0821548,8.881202,12.169487,11.966893,14.196076,15.265082,19.14474,20.007866,28.08266,28.566355,31.60465,34.708088,35.80638,34.245415,30.379734,26.130478,28.74503,22.37086,24.019176,19.367235,22.207115,18.81839,17.821396,18.191067,17.063503,20.097866,18.602655,23.759153,24.45392,27.225628,23.405928,26.845144,23.435606,26.714142,28.920431,27.206224,23.366598,27.632826,24.955448,25.13382,28.061167,24.704151,21.024183,22.620184,25.0576,20.32697,17.075361,19.043442,18.034771,22.126865,23.49759,22.30999,26.621893,27.537245,31.059788,33.774986,34.578693,31.155659,33.387066,29.987926,26.580261,25.828074,22.830536,17.758932,17.435991,14.617653,16.332666,13.700176,16.377941,18.422567,16.905361,20.065437,18.873804,20.83089,23.045353,25.606709,30.322357,29.160242,30.31869,32.013668,25.795906,27.274906,25.707542,24.85357
24,18.06576,16.155144,21.087725,19.289034,20.226303,24.94023,23.504324,30.034157,29.340616,32.665348,34.417572,36.836456,36.04422,34.07953,30.567032,27.0521,24.016062,21.325289,18.415096,14.867616,11.754682,10.168061,6.2898135,5.0821548,0.0,4.2928395,8.551021,9.274162,13.8479,15.113041,18.55523,20.677694,28.029394,29.5647,31.841537,35.321342,36.32154,34.296795,30.912539,26.857718,28.327698,21.896357,23.205587,17.774624,20.81937,16.33222,15.613747,14.912481,14.307136,16.896948,15.683951,20.917805,21.393082,24.82205,21.71633,25.140533,21.996372,24.928314,27.797697,25.668392,21.84819,25.36855,22.926416,22.34691,25.610052,21.385384,17.84769,20.152197,22.024225,17.142668,14.728719,17.763544,17.619219,22.453001,24.198717,23.992472,28.264935,29.07995,32.614197,34.93799,35.999435,32.622948,34.227474,31.048512,27.2037,27.27277,23.386158,19.24823,18.272264,15.594408,16.804483,13.377727,16.970623,19.431051,18.733503,21.301989,20.751055,21.619074,24.602459,26.421793,31.226112,29.371523,29.98094,32.131435,25.86902,28.120087,26.579699,26.595507
25,21.274855,18.829144,23.503458,21.458828,21.720573,26.627274,24.264225,30.859394,29.606222,32.69887,34.109436,37.04001,36.670876,34.74474,31.619526,27.792421,25.383877,22.06286,20.066952,15.896412,13.197777,12.574229,8.43959,8.881202,4.2928395,0.0,4.6789927,6.6366425,12.337354,14.051459,16.721354,20.059156,26.494663,28.891758,30.584345,34.25123,35.39411,33.135105,30.192257,26.352528,26.876673,20.583948,21.247803,15.53016,18.228966,13.085163,12.368989,10.95814,10.807076,13.150114,12.562053,17.592972,18.381124,21.930662,19.273024,22.422491,19.282383,21.827698,25.0369,22.582752,18.849308,21.815042,19.649607,18.705896,22.448122,17.779236,14.550909,17.530033,19.415384,14.895791,13.212553,17.257511,17.293766,22.847252,24.124891,24.660063,28.58418,29.03152,32.401012,34.32582,35.39647,32.025154,32.967472,29.966887,25.839487,26.531965,21.972967,18.758675,17.28871,15.005403,15.916367,12.353299,16.680117,19.088541,18.919369,20.78352,20.582796,20.474125,23.93702,25.084698,29.866142,27.519897,27.664806,30.103003,23.94506,26.77803,25.38865,26.12477
26,23.401104,20.317875,24.435957,22.015652,21.529009,26.430014,23.121094,29.596132,27.754011,30.570704,31.602459,34.995647,35.06608,33.21771,30.558702,26.50293,24.842161,20.950493,20.098677,15.469035,13.557705,13.977375,10.432804,12.169487,8.551021,4.6789927,0.0,4.238837,9.506536,11.831481,13.421175,17.949732,23.332214,26.423706,27.679338,31.387377,32.835533,30.53543,27.971563,24.361311,24.150581,18.144163,17.937046,12.382362,14.246438,8.854892,7.8467517,6.402855,6.8987083,9.574643,10.305216,14.691657,16.53948,19.489307,16.894573,19.44621,15.822243,17.924164,21.098795,18.24861,14.52555,17.14557,15.091855,14.250679,18.549404,14.040385,11.223848,14.650574,17.243795,13.669771,12.341947,16.985485,16.562803,22.694208,22.895456,23.979975,27.32519,27.231422,30.309032,31.834688,32.75919,29.38374,29.671633,26.833162,22.526834,23.752579,18.678463,16.536537,14.764025,13.269424,14.210769,11.254488,16.159487,18.041306,18.079527,19.09735,18.860527,17.78589,21.400393,21.810534,26.47011,23.7407,23.548466,26.228014,20.291334,23.64342,22.627916,23.96414
27,23.23245,19.992472,23.77163,20.577805,20.27815,24.723665,21.51945,27.82441,25.586624,28.804922,29.302763,32.57953,32.804226,30.599976,28.217554,23.762178,22.318419,18.451666,17.401571,13.325774,11.0317545,12.763971,8.594305,11.966893,9.274162,6.6366425,4.238837,0.0,7.3175244,8.155183,10.40642,14.192448,19.986649,22.824087,24.118313,27.876778,29.04739,26.724424,24.017275,20.369429,20.395645,14.21294,14.626864,8.919945,11.864232,7.2149653,7.7855396,8.2582445,9.700606,12.800027,14.127029,18.143284,20.49554,23.007153,20.073784,22.279053,17.946917,19.843164,22.346682,19.046051,15.104508,17.323538,14.154551,13.43855,16.428806,12.789532,9.27984,11.6418085,14.693161,11.114448,8.844372,13.1642065,12.372703,18.557905,18.689457,19.910685,23.299076,23.410995,26.627077,28.232702,29.47355,26.276321,27.013308,24.33009,20.1332,21.499186,16.952812,15.162597,14.356715,13.631217,15.63255,13.497558,18.383574,19.765799,19.035862,20.122162,18.714027,17.936123,20.494146,20.541029,24.941916,22.163961,22.55493,25.594889,19.99405,23.410944,23.073317,23.993917
28,21.47797,17.546446,20.003153,16.435974,15.106386,19.236864,15.091301,21.128082,18.593267,21.587193,22.18854,25.60367,25.944859,24.006115,21.845606,17.532843,16.797361,12.411925,13.290735,8.782114,8.955044,11.552337,10.769962,14.196076,13.8479,12.337354,9.506536,7.3175244,0.0,4.815766,5.8290896,9.944958,15.666619,17.877245,19.994902,23.221043,25.296513,23.749186,20.726585,16.964304,17.954803,12.254495,11.5784025,8.523677,8.751748,7.93618,6.805175,10.467731,10.557583,14.207302,15.622104,18.700228,22.072172,22.93432,19.00916,20.52425,15.279733,17.268604,18.303974,15.395529,11.469888,15.147473,11.805559,13.500054,16.42901,15.299946,12.688283,13.742129,18.414366,16.32678,13.380183,16.300823,13.494568,19.273308,16.873043,17.416466,19.792395,18.898447,21.628387,23.250107,23.672403,20.110277,20.735268,17.641335,13.535433,14.371463,9.886204,8.133141,8.016114,8.90436,11.991444,12.033429,16.296543,16.363169,14.881463,15.318085,12.695577,11.857287,13.412676,13.444033,17.912184,15.661305,16.661606,19.262875,13.733293,16.76785,17.046904,17.617651
29,23.114227,19.42008,21.674282,17.3359,16.646358,19.90232,16.385056,21.906136,18.849985,22.460747,22.103325,25.255442,25.837658,23.271275,21.586987,16.614159,16.18027,12.147564,12.250938,9.393564,8.549674,12.605851,10.750262,15.265082,15.113041,14.051459,11.831481,8.155183,4.815766,0.0,4.5403123,6.1358767,12.9755945,14.846978,16.862566,20.319366,21.729166,19.967316,16.733765,12.848441,14.158257,8.025514,8.860613,6.0015645,8.362371,8.742994,9.895733,13.313995,14.4959545,17.990599,19.75593,22.916578,26.237135,27.413029,23.706951,25.130884,19.833012,21.43664,22.259758,18.879395,15.111141,17.409704,13.092374,14.16458,15.069719,14.788656,11.763143,11.242464,15.878727,14.030227,10.521651,12.333039,8.994017,14.60655,12.18191,13.151914,15.758253,15.401449,18.530462,20.284945,21.475323,18.335844,19.75649,17.13512,13.356584,14.615493,11.481844,10.762826,12.011923,13.231685,16.620043,16.544561,20.767834,20.853056,18.96228,19.645569,16.261518,15.889734,16.088758,15.475778,19.174759,16.78145,18.433355,21.567694,16.934101,19.963762,20.932606,21.078203
30,26.367184,22.426336,24.207556,20.02383,18.561361,21.620968,17.155914,22.128038,18.374077,21.396633,20.438475,24.253944,25.457735,23.125666,22.168291,17.226711,17.924088,13.535269,15.289061,12.291573,12.568318,16.317081,14.926261,19.14474,18.55523,16.721354,13.421175,10.40642,5.8290896,4.5403123,0.0,6.6257596,10.138477,13.458233,14.618304,18.113722,20.105564,18.344894,15.863787,12.651272,12.480805,7.5471163,5.807366,5.13022,4.280841,7.3726106,8.579218,12.652073,14.141668,17.24695,19.74643,21.922976,25.82742,26.349665,22.91485,23.599882,18.14258,19.029863,19.381641,15.637495,12.254771,13.758402,9.266258,11.176275,12.105671,13.087144,11.159965,10.586336,15.817109,15.353906,12.81939,14.996471,11.839995,17.255981,13.584738,15.309032,16.66071,15.328021,17.742044,18.735224,19.616753,16.491514,16.711752,14.382778,10.219701,12.655938,8.781073,10.61382,11.554445,13.852051,16.901396,17.476238,21.65274,21.291925,19.762096,19.517992,16.310371,14.762816,14.823219,12.841313,16.138002,13.053655,14.404276,18.003954,14.050302,17.69825,19.308409,20.151413
31,25.730516,22.108912,23.150545,18.25823,17.489803,19.167297,15.879219,19.949356,16.066328,19.965117,18.348085,21.229534,22.312344,19.260057,18.64176,13.226675,14.195595,10.770695,11.897336,11.394275,11.642184,16.230013,15.440651,20.007866,20.677694,20.059156,17.949732,14.192448,9.944958,6.1358767,6.6257596,0.0,8.654138,8.921709,11.642968,14.746088,16.092342,14.878971,11.1408205,7.120744,10.12229,5.656483,7.3500357,8.887952,10.108675,13.340023,14.872703,18.740576,20.016874,23.400023,25.402777,28.085373,31.758259,32.373585,28.51915,29.449083,23.9282,25.136625,24.94343,21.6192,18.413479,20.064087,15.473427,17.167772,16.109968,18.033718,15.638819,13.42631,18.060583,17.462902,14.006592,13.797321,9.5355,13.016785,7.9966607,8.946111,10.157571,9.321511,12.438559,14.316397,15.824313,13.073976,15.4580555,13.359497,10.639454,11.920606,11.270406,12.185775,14.804163,17.041222,20.742128,21.578718,25.272022,24.70498,22.297022,22.674484,18.297623,18.213284,16.40564,14.998733,17.341068,15.41636,18.101856,21.236217,18.09519,20.603962,22.618109,22.20876
32,33.68757,29.853739,30.341427,25.655224,24.108332,25.1687,21.014818,23.484367,18.462078,21.153225,17.534166,21.263006,23.795847,21.019592,22.309458,17.342047,20.246103,16.993387,19.784782,19.175646,20.04739,24.439537,23.503073,28.08266,28.029394,26.494663,23.332214,19.986649,15.666619,12.9755945,10.138477,8.654138,0.0,6.240335,4.726086,8.317135,10.581883,9.330352,8.160013,7.6196303,5.826785,7.872031,5.9067674,11.881619,10.315865,15.927387,17.923908,21.835068,23.728897,26.386812,29.358757,30.69844,35.01284,34.85535,31.634533,31.456768,26.023344,25.956661,24.910673,21.217308,19.227335,18.63385,14.39731,16.461584,13.444223,18.175179,17.575954,14.627592,19.106045,20.861364,18.868336,18.794336,15.40727,17.93581,11.83477,14.467,12.692987,10.096091,10.769087,10.073055,11.786194,10.288258,10.259965,10.387708,8.7484865,12.407638,12.502058,16.9845,19.16026,22.428698,25.613895,27.044348,30.714058,29.658659,27.728449,26.956314,22.894238,21.400114,19.032026,15.319334,15.459521,12.656708,15.129161,18.961447,18.38752,21.391005,24.606865,25.085154
33,32.1919,28.649137,28.314884,23.470272,22.255394,22.049917,18.90969,20.19148,15.303161,18.477793,14.481263,17.086796,19.462822,16.206646,18.016933,13.231456,16.66683,14.624327,17.379047,18.404966,19.699982,24.100235,24.16012,28.566355,29.5647,28.891758,26.423706,22.824087,17.877245,14.846978,13.458233,8.921709,6.240335,0.0,5.349024,6.4504914,8.700417,9.426027,6.192196,5.5136075,8.920685,10.660106,10.915264,15.882575,15.213746,20.351557,21.897776,26.05325,27.388964,30.466314,32.855183,34.688744,38.841053,38.619938,34.823215,34.950066,29.418152,29.918917,28.485123,25.424828,23.270535,23.909607,19.746922,22.084576,19.403475,23.59409,22.296593,19.203985,23.504375,24.471066,21.653257,20.458117,16.483322,17.379723,10.503655,11.389394,8.118814,4.5005097,4.6718755,5.442857,7.4506726,6.275167,9.65728,9.618152,9.970466,11.435873,14.124804,17.316505,20.434805,23.601385,27.174742,28.951456,32.09472,30.78419,28.212673,27.86884,23.05443,22.736334,19.100824,16.39999,16.03174,14.950313,18.418085,21.21206,20.737762,22.525543,25.79219,25.15829
34,36.6399,32.97874,33.061176,28.22457,26.903782,27.146532,23.574818,25.05836,19.961931,22.610157,18.139748,21.224977,24.079502,21.060383,23.182396,18.469461,21.852585,19.393341,22.009834,22.391478,23.234867,27.772623,26.933495,31.60465,31.841537,30.584345,27.679338,24.118313,19.994902,16.862566,14.618304,11.642968,4.726086,5.349024,0.0,4.1890864,5.9034243,5.462325,5.3163505,7.296437,6.036936,10.715735,10.136835,15.914306,14.950776,20.401678,22.597132,26.445591,28.41163,31.090532,34.051014,35.42069,39.73675,39.550167,36.292538,36.059113,30.63246,30.50561,29.195606,25.639505,23.850601,23.015213,18.907524,20.726591,16.794996,21.971163,21.435963,17.91702,21.750591,23.86642,21.903822,20.848429,17.568281,18.509687,12.119508,14.666229,11.538769,8.923153,8.416891,6.624618,9.523385,9.718308,10.533545,11.93315,11.948366,14.917617,16.450268,20.752516,23.310703,26.606293,29.928877,31.468128,35.00709,33.83767,31.672274,30.983799,26.60883,25.467402,22.434504,18.794039,18.00236,15.900694,18.650558,22.138107,22.380825,24.914274,28.398014,28.512215
35,38.5714,34.981674,34.47718,29.73928,28.30956,27.823486,24.514832,24.882183,19.779114,21.992405,16.869694,19.477274,22.693884,19.802956,22.75107,18.660742,22.62553,20.773844,23.803274,24.720127,25.99857,30.430517,30.173885,34.708088,35.321342,34.25123,31.387377,27.876778,23.221043,20.319366,18.113722,14.746088,8.317135,6.4504914,4.1890864,0.0,4.6343994,6.865031,7.296397,9.963955,10.043551,14.690863,14.093897,19.919184,18.590477,24.23795,26.107351,30.11699,31.824533,34.522,37.38028,38.589615,42.9985,42.466003,39.069374,38.652275,33.26553,33.092865,31.27705,28.106531,26.642967,26.006289,22.245338,24.43056,20.648619,26.00626,25.559732,22.103241,25.897255,28.015049,25.928707,24.62677,21.204926,21.50284,14.938289,16.673592,12.603876,9.557842,7.266882,3.9139588,6.633462,8.448151,9.486701,11.839912,13.332358,15.603126,18.379225,22.768517,25.574846,29.05403,32.378292,34.305435,37.497047,36.02484,33.700245,32.873013,28.303278,27.362488,23.64004,20.012264,18.259892,16.999388,20.03139,22.925293,24.058296,25.974981,29.756136,29.568377
36,40.37065,36.97393,36.733253,31.785013,30.8345,30.289755,27.51348,28.11965,23.230959,25.880106,20.903818,22.98411,25.927504,22.688732,25.480875,21.195332,24.723442,23.166164,25.28676,26.65186,27.307955,31.927546,31.080069,35.80638,36.32154,35.39411,32.835533,29.04739,25.296513,21.729166,20.105564,16.092342,10.581883,8.700417,5.9034243,4.6343994,0.0,3.9073482,5.7047567,9.774198,9.577018,15.030215,15.548769,20.922504,20.645292,25.820408,28.25723,32.006348,34.076508,36.816162,39.734898,41.25877,45.519165,45.43287,42.123444,41.941517,36.50006,36.39876,34.982265,31.498335,29.752407,28.772861,24.665306,26.160555,21.526117,26.812855,26.221441,22.237106,25.294386,27.609299,25.68858,23.61023,20.636974,19.763258,13.865759,16.04871,11.913677,10.21203,8.629067,6.1468334,10.188004,12.307757,14.103568,16.19302,17.223759,19.470392,21.93283,25.82216,28.689632,31.893826,35.368805,36.895977,40.359825,39.16683,36.76085,36.26798,31.61828,30.889412,27.393135,24.01667,22.686611,21.191755,24.091139,27.270819,27.959839,30.103178,33.699234,33.42724
